         time tilt_low_s... 
------------- ------------- 
 7.953913e-05 -1.754934e-02 
 4.772348e-04 -1.672297e-02 
 8.749304e-04 -1.585402e-02 
 1.272626e-03 -1.495565e-02 
 1.670322e-03 -1.403095e-02 
 2.068017e-03 -1.308721e-02 
 2.465713e-03 -1.212307e-02 
 2.863409e-03 -1.114166e-02 
 3.261104e-03 -1.014194e-02 
 3.658800e-03 -9.110343e-03 
 4.056495e-03 -8.071596e-03 
 4.454191e-03 -7.012959e-03 
 4.851887e-03 -5.937067e-03 
 5.249582e-03 -4.833579e-03 
 5.647278e-03 -3.703601e-03 
 6.044974e-03 -2.550757e-03 
 6.442669e-03 -1.379363e-03 
 6.840365e-03 -2.045798e-04 
 7.238060e-03  9.733727e-04 
 7.635756e-03  2.164125e-03 
 8.033452e-03  3.353738e-03 
 8.431147e-03  4.561566e-03 
 8.828843e-03  5.775767e-03 
 9.226539e-03  6.995359e-03 
 9.624234e-03  8.233008e-03 
 1.002193e-02  9.467602e-03 
 1.041963e-02  1.071664e-02 
 1.081732e-02  1.197730e-02 
 1.121502e-02  1.324237e-02 
 1.161271e-02  1.450015e-02 
 1.201041e-02  1.574990e-02 
 1.240810e-02  1.700300e-02 
 1.280580e-02  1.824725e-02 
 1.320349e-02  1.947976e-02 
 1.360119e-02  2.072428e-02 
 1.399889e-02  2.194772e-02 
 1.439658e-02  2.317014e-02 
 1.479428e-02  2.439865e-02 
 1.519197e-02  2.562871e-02 
 1.558967e-02  2.686434e-02 
 1.598736e-02  2.809476e-02 
 1.638506e-02  2.932629e-02 
 1.678276e-02  3.053510e-02 
 1.718045e-02  3.171628e-02 
 1.757815e-02  3.289343e-02 
 1.797584e-02  3.405654e-02 
 1.837354e-02  3.521137e-02 
 1.877123e-02  3.636191e-02 
 1.916893e-02  3.748980e-02 
 1.956662e-02  3.860850e-02 
 1.996432e-02  3.970527e-02 
 2.036202e-02  4.081144e-02 
 2.075971e-02  4.189936e-02 
 2.115741e-02  4.295689e-02 
 2.155510e-02  4.400067e-02 
 2.195280e-02  4.501480e-02 
 2.235049e-02  4.600503e-02 
 2.274819e-02  4.698713e-02 
 2.314589e-02  4.795887e-02 
 2.354358e-02  4.890507e-02 
 2.394128e-02  4.983208e-02 
 2.433897e-02  5.075021e-02 
 2.473667e-02  5.165701e-02 
 2.513436e-02  5.255351e-02 
 2.553206e-02  5.343811e-02 
 2.592975e-02  5.429200e-02 
 2.632745e-02  5.511233e-02 
 2.672515e-02  5.590508e-02 
 2.712284e-02  5.666873e-02 
 2.752054e-02  5.741780e-02 
 2.791823e-02  5.814765e-02 
 2.831593e-02  5.886013e-02 
 2.871362e-02  5.953803e-02 
 2.911132e-02  6.019578e-02 
 2.950902e-02  6.082529e-02 
 2.990671e-02  6.144865e-02 
 3.030441e-02  6.203186e-02 
 3.070210e-02  6.259755e-02 
 3.109980e-02  6.313473e-02 
 3.149749e-02  6.362850e-02 
 3.189519e-02  6.411757e-02 
 3.229288e-02  6.456439e-02 
 3.269058e-02  6.498594e-02 
 3.308828e-02  6.536381e-02 
 3.348597e-02  6.572851e-02 
 3.388367e-02  6.606490e-02 
 3.428136e-02  6.636872e-02 
 3.467906e-02  6.665373e-02 
 3.507675e-02  6.691462e-02 
 3.547445e-02  6.714696e-02 
 3.587215e-02  6.735495e-02 
 3.626984e-02  6.752329e-02 
 3.666754e-02  6.765438e-02 
 3.706523e-02  6.775020e-02 
 3.746293e-02  6.782782e-02 
 3.786062e-02  6.786029e-02 
 3.825832e-02  6.785887e-02 
 3.865602e-02  6.782414e-02 
 3.905371e-02  6.775538e-02 
 3.945141e-02  6.764818e-02 
 3.984910e-02  6.751885e-02 
 4.024680e-02  6.737002e-02 
 4.064449e-02  6.717018e-02 
 4.104219e-02  6.693016e-02 
 4.143988e-02  6.666451e-02 
 4.183758e-02  6.636175e-02 
 4.223528e-02  6.601442e-02 
 4.263297e-02  6.564400e-02 
 4.303067e-02  6.524030e-02 
 4.342836e-02  6.479087e-02 
 4.382606e-02  6.432042e-02 
 4.422375e-02  6.384092e-02 
 4.462145e-02  6.332421e-02 
 4.501915e-02  6.277596e-02 
 4.541684e-02  6.220126e-02 
 4.581454e-02  6.159152e-02 
 4.621223e-02  6.094222e-02 
 4.660993e-02  6.027296e-02 
 4.700762e-02  5.957567e-02 
 4.740532e-02  5.883024e-02 
 4.780301e-02  5.805714e-02 
 4.820071e-02  5.725213e-02 
 4.859841e-02  5.641827e-02 
 4.899610e-02  5.556734e-02 
 4.939380e-02  5.469441e-02 
 4.979149e-02  5.380259e-02 
 5.018919e-02  5.286826e-02 
 5.058688e-02  5.193368e-02 
 5.098458e-02  5.098642e-02 
 5.138228e-02  5.001467e-02 
 5.177997e-02  4.901850e-02 
 5.217767e-02  4.800543e-02 
 5.257536e-02  4.696981e-02 
 5.297306e-02  4.591832e-02 
 5.337075e-02  4.485095e-02 
 5.376845e-02  4.377863e-02 
 5.416614e-02  4.268938e-02 
 5.456384e-02  4.160010e-02 
 5.496154e-02  4.049784e-02 
 5.535923e-02  3.938697e-02 
 5.575693e-02  3.827632e-02 
 5.615462e-02  3.715579e-02 
 5.655232e-02  3.602580e-02 
 5.695001e-02  3.487105e-02 
 5.734771e-02  3.371250e-02 
 5.774541e-02  3.254445e-02 
 5.814310e-02  3.137030e-02 
 5.854080e-02  3.019176e-02 
 5.893849e-02  2.901522e-02 
 5.933619e-02  2.783849e-02 
 5.973388e-02  2.665814e-02 
 6.013158e-02  2.548291e-02 
 6.052927e-02  2.430978e-02 
 6.092697e-02  2.312931e-02 
 6.132467e-02  2.194743e-02 
 6.172236e-02  2.074346e-02 
 6.212006e-02  1.954135e-02 
 6.251775e-02  1.834487e-02 
 6.291545e-02  1.714118e-02 
 6.331314e-02  1.594783e-02 
 6.371084e-02  1.476124e-02 
 6.410854e-02  1.358556e-02 
 6.450623e-02  1.240828e-02 
 6.490393e-02  1.123869e-02 
 6.530162e-02  1.007022e-02 
 6.569932e-02  8.887886e-03 
 6.609701e-02  7.717116e-03 
 6.649471e-02  6.532367e-03 
 6.689240e-02  5.341329e-03 
 6.729010e-02  4.145413e-03 
 6.768780e-02  2.966979e-03 
 6.808549e-02  1.794116e-03 
 6.848319e-02  6.380854e-04 
 6.888088e-02 -5.181252e-04 
 6.927858e-02 -1.657771e-03 
 6.967627e-02 -2.785298e-03 
 7.007397e-02 -3.894180e-03 
 7.047167e-02 -4.993159e-03 
 7.086936e-02 -6.086689e-03 
 7.126706e-02 -7.170470e-03 
 7.166475e-02 -8.254542e-03 
 7.206245e-02 -9.320994e-03 
 7.246014e-02 -1.038010e-02 
 7.285784e-02 -1.139783e-02 
 7.325553e-02 -1.240488e-02 
 7.365323e-02 -1.338697e-02 
 7.405093e-02 -1.435058e-02 
 7.444862e-02 -1.528427e-02 
 7.484632e-02 -1.618408e-02 
 7.524401e-02 -1.706612e-02 
 7.564171e-02 -1.792359e-02 
 7.603940e-02 -1.876348e-02 
 7.643710e-02 -1.959063e-02 
 7.683480e-02 -2.039700e-02 
 7.723249e-02 -2.117414e-02 
 7.763019e-02 -2.191450e-02 
 7.802788e-02 -2.262615e-02 
 7.842558e-02 -2.329916e-02 
 7.882327e-02 -2.394069e-02 
 7.922097e-02 -2.454279e-02 
 7.961866e-02 -2.510087e-02 
 8.001636e-02 -2.562001e-02 
 8.041406e-02 -2.613246e-02 
 8.081175e-02 -2.661008e-02 
 8.120945e-02 -2.707750e-02 
 8.160714e-02 -2.751114e-02 
 8.200484e-02 -2.792230e-02 
 8.240253e-02 -2.828979e-02 
 8.280023e-02 -2.862202e-02 
 8.319793e-02 -2.891152e-02 
 8.359562e-02 -2.915440e-02 
 8.399332e-02 -2.936484e-02 
 8.439101e-02 -2.954458e-02 
 8.478871e-02 -2.967988e-02 
 8.518640e-02 -2.977627e-02 
 8.558410e-02 -2.986881e-02 
 8.598179e-02 -2.992411e-02 
 8.637949e-02 -2.996902e-02 
 8.677719e-02 -2.998139e-02 
 8.717488e-02 -2.995728e-02 
 8.757258e-02 -2.988396e-02 
 8.797027e-02 -2.979004e-02 
 8.836797e-02 -2.965357e-02 
 8.876566e-02 -2.947596e-02 
 8.916336e-02 -2.927730e-02 
 8.956106e-02 -2.903954e-02 
 8.995875e-02 -2.876120e-02 
 9.035645e-02 -2.846538e-02 
 9.075414e-02 -2.815903e-02 
 9.115184e-02 -2.782240e-02 
 9.154953e-02 -2.746502e-02 
 9.194723e-02 -2.706556e-02 
 9.234492e-02 -2.663229e-02 
 9.274262e-02 -2.616939e-02 
 9.314032e-02 -2.568236e-02 
 9.353801e-02 -2.516325e-02 
 9.393571e-02 -2.460751e-02 
 9.433340e-02 -2.403308e-02 
 9.473110e-02 -2.342700e-02 
 9.512879e-02 -2.279799e-02 
 9.552649e-02 -2.217497e-02 
 9.592419e-02 -2.153320e-02 
 9.632188e-02 -2.087060e-02 
 9.671958e-02 -2.017549e-02 
 9.711727e-02 -1.945595e-02 
 9.751497e-02 -1.871991e-02 
 9.791266e-02 -1.795606e-02 
 9.831036e-02 -1.717188e-02 
 9.870805e-02 -1.634843e-02 
 9.910575e-02 -1.550368e-02 
 9.950345e-02 -1.464313e-02 
 9.990114e-02 -1.376483e-02 
 1.002988e-01 -1.287865e-02 
 1.006965e-01 -1.199126e-02 
 1.010942e-01 -1.107871e-02 
 1.014919e-01 -1.015429e-02 
 1.018896e-01 -9.203733e-03 
 1.022873e-01 -8.239451e-03 
 1.026850e-01 -7.244864e-03 
 1.030827e-01 -6.232397e-03 
 1.034804e-01 -5.191733e-03 
 1.038781e-01 -4.118114e-03 
 1.042758e-01 -3.023983e-03 
 1.046735e-01 -1.927742e-03 
 1.050712e-01 -8.257932e-04 
 1.054689e-01  2.820209e-04 
 1.058666e-01  1.415714e-03 
 1.062643e-01  2.559656e-03 
 1.066620e-01  3.711493e-03 
 1.070597e-01  4.889969e-03 
 1.074574e-01  6.082383e-03 
 1.078551e-01  7.286571e-03 
 1.082527e-01  8.517030e-03 
 1.086504e-01  9.772616e-03 
 1.090481e-01  1.103015e-02 
 1.094458e-01  1.229241e-02 
 1.098435e-01  1.354960e-02 
 1.102412e-01  1.480686e-02 
 1.106389e-01  1.607032e-02 
 1.110366e-01  1.733778e-02 
 1.114343e-01  1.860555e-02 
 1.118320e-01  1.988220e-02 
 1.122297e-01  2.117475e-02 
 1.126274e-01  2.246659e-02 
 1.130251e-01  2.376112e-02 
 1.134228e-01  2.506127e-02 
 1.138205e-01  2.636585e-02 
 1.142182e-01  2.765297e-02 
 1.146159e-01  2.891580e-02 
 1.150136e-01  3.016061e-02 
 1.154113e-01  3.139288e-02 
 1.158090e-01  3.260612e-02 
 1.162067e-01  3.381169e-02 
 1.166044e-01  3.500667e-02 
 1.170021e-01  3.618586e-02 
 1.173997e-01  3.734859e-02 
 1.177974e-01  3.851057e-02 
 1.181951e-01  3.965995e-02 
 1.185928e-01  4.079437e-02 
 1.189905e-01  4.191948e-02 
 1.193882e-01  4.302352e-02 
 1.197859e-01  4.409024e-02 
 1.201836e-01  4.513299e-02 
 1.205813e-01  4.616269e-02 
 1.209790e-01  4.716532e-02 
 1.213767e-01  4.815114e-02 
 1.217744e-01  4.911537e-02 
 1.221721e-01  5.006351e-02 
 1.225698e-01  5.098667e-02 
 1.229675e-01  5.190666e-02 
 1.233652e-01  5.279714e-02 
 1.237629e-01  5.367155e-02 
 1.241606e-01  5.451567e-02 
 1.245583e-01  5.531813e-02 
 1.249560e-01  5.609508e-02 
 1.253537e-01  5.685035e-02 
 1.257514e-01  5.758285e-02 
 1.261491e-01  5.827799e-02 
 1.265467e-01  5.896407e-02 
 1.269444e-01  5.961398e-02 
 1.273421e-01  6.024196e-02 
 1.277398e-01  6.085662e-02 
 1.281375e-01  6.145307e-02 
 1.285352e-01  6.201187e-02 
 1.289329e-01  6.254696e-02 
 1.293306e-01  6.306340e-02 
 1.297283e-01  6.352925e-02 
 1.301260e-01  6.396590e-02 
 1.305237e-01  6.439006e-02 
 1.309214e-01  6.478540e-02 
 1.313191e-01  6.514765e-02 
 1.317168e-01  6.549911e-02 
 1.321145e-01  6.582427e-02 
 1.325122e-01  6.611410e-02 
 1.329099e-01  6.639015e-02 
 1.333076e-01  6.664147e-02 
 1.337053e-01  6.683091e-02 
 1.341030e-01  6.699913e-02 
 1.345007e-01  6.713161e-02 
 1.348984e-01  6.722918e-02 
 1.352961e-01  6.730500e-02 
 1.356937e-01  6.735220e-02 
 1.360914e-01  6.737103e-02 
 1.364891e-01  6.734999e-02 
 1.368868e-01  6.731272e-02 
 1.372845e-01  6.724712e-02 
 1.376822e-01  6.716479e-02 
 1.380799e-01  6.706008e-02 
 1.384776e-01  6.691251e-02 
 1.388753e-01  6.674411e-02 
 1.392730e-01  6.653324e-02 
 1.396707e-01  6.630267e-02 
 1.400684e-01  6.604250e-02 
 1.404661e-01  6.576394e-02 
 1.408638e-01  6.542875e-02 
 1.412615e-01  6.508167e-02 
 1.416592e-01  6.470585e-02 
 1.420569e-01  6.430168e-02 
 1.424546e-01  6.386230e-02 
 1.428523e-01  6.339836e-02 
 1.432500e-01  6.289800e-02 
 1.436477e-01  6.234949e-02 
 1.440454e-01  6.178213e-02 
 1.444431e-01  6.119520e-02 
 1.448407e-01  6.056300e-02 
 1.452384e-01  5.990518e-02 
 1.456361e-01  5.920872e-02 
 1.460338e-01  5.847809e-02 
 1.464315e-01  5.772462e-02 
 1.468292e-01  5.694882e-02 
 1.472269e-01  5.615482e-02 
 1.476246e-01  5.532484e-02 
 1.480223e-01  5.449081e-02 
 1.484200e-01  5.361481e-02 
 1.488177e-01  5.271264e-02 
 1.492154e-01  5.178724e-02 
 1.496131e-01  5.083364e-02 
 1.500108e-01  4.984246e-02 
 1.504085e-01  4.883393e-02 
 1.508062e-01  4.780043e-02 
 1.512039e-01  4.675208e-02 
 1.516016e-01  4.569453e-02 
 1.519993e-01  4.462465e-02 
 1.523970e-01  4.352934e-02 
 1.527947e-01  4.242413e-02 
 1.531924e-01  4.130085e-02 
 1.535901e-01  4.015778e-02 
 1.539877e-01  3.899971e-02 
 1.543854e-01  3.782803e-02 
 1.547831e-01  3.662842e-02 
 1.551808e-01  3.541103e-02 
 1.555785e-01  3.419846e-02 
 1.559762e-01  3.297148e-02 
 1.563739e-01  3.173747e-02 
 1.567716e-01  3.051964e-02 
 1.571693e-01  2.929734e-02 
 1.575670e-01  2.807140e-02 
 1.579647e-01  2.683964e-02 
 1.583624e-01  2.561709e-02 
 1.587601e-01  2.437702e-02 
 1.591578e-01  2.313336e-02 
 1.595555e-01  2.189734e-02 
 1.599532e-01  2.065952e-02 
 1.603509e-01  1.941416e-02 
 1.607486e-01  1.817593e-02 
 1.611463e-01  1.695541e-02 
 1.615440e-01  1.572331e-02 
 1.619417e-01  1.451047e-02 
 1.623394e-01  1.330139e-02 
 1.627371e-01  1.210101e-02 
 1.631347e-01  1.089307e-02 
 1.635324e-01  9.707391e-03 
 1.639301e-01  8.527516e-03 
 1.643278e-01  7.349425e-03 
 1.647255e-01  6.172120e-03 
 1.651232e-01  5.005044e-03 
 1.655209e-01  3.847848e-03 
 1.659186e-01  2.701114e-03 
 1.663163e-01  1.586766e-03 
 1.667140e-01  4.804655e-04 
 1.671117e-01 -5.998378e-04 
 1.675094e-01 -1.679529e-03 
 1.679071e-01 -2.726594e-03 
 1.683048e-01 -3.769645e-03 
 1.687025e-01 -4.807614e-03 
 1.691002e-01 -5.839188e-03 
 1.694979e-01 -6.866284e-03 
 1.698956e-01 -7.891380e-03 
 1.702933e-01 -8.895942e-03 
 1.706910e-01 -9.873622e-03 
 1.710887e-01 -1.083742e-02 
 1.714864e-01 -1.178046e-02 
 1.718841e-01 -1.271225e-02 
 1.722817e-01 -1.360601e-02 
 1.726794e-01 -1.450793e-02 
 1.730771e-01 -1.536864e-02 
 1.734748e-01 -1.622435e-02 
 1.738725e-01 -1.707592e-02 
 1.742702e-01 -1.792363e-02 
 1.746679e-01 -1.874366e-02 
 1.750656e-01 -1.954491e-02 
 1.754633e-01 -2.032250e-02 
 1.758610e-01 -2.106164e-02 
 1.762587e-01 -2.177565e-02 
 1.766564e-01 -2.247232e-02 
 1.770541e-01 -2.313172e-02 
 1.774518e-01 -2.376946e-02 
 1.778495e-01 -2.438227e-02 
 1.782472e-01 -2.498294e-02 
 1.786449e-01 -2.555954e-02 
 1.790426e-01 -2.612578e-02 
 1.794403e-01 -2.665414e-02 
 1.798380e-01 -2.713727e-02 
 1.802357e-01 -2.759345e-02 
 1.806334e-01 -2.799698e-02 
 1.810310e-01 -2.837368e-02 
 1.814287e-01 -2.870961e-02 
 1.818264e-01 -2.902399e-02 
 1.822241e-01 -2.929857e-02 
 1.826218e-01 -2.953641e-02 
 1.830195e-01 -2.974835e-02 
 1.834172e-01 -2.992326e-02 
 1.838149e-01 -3.008232e-02 
 1.842126e-01 -3.021718e-02 
 1.846103e-01 -3.030528e-02 
 1.850080e-01 -3.035711e-02 
 1.854057e-01 -3.036209e-02 
 1.858034e-01 -3.032275e-02 
 1.862011e-01 -3.023737e-02 
 1.865988e-01 -3.012602e-02 
 1.869965e-01 -2.997381e-02 
 1.873942e-01 -2.977854e-02 
 1.877919e-01 -2.956516e-02 
 1.881896e-01 -2.931275e-02 
 1.885873e-01 -2.905612e-02 
 1.889850e-01 -2.876054e-02 
 1.893827e-01 -2.843128e-02 
 1.897804e-01 -2.806149e-02 
 1.901780e-01 -2.765704e-02 
 1.905757e-01 -2.721373e-02 
 1.909734e-01 -2.674523e-02 
 1.913711e-01 -2.624335e-02 
 1.917688e-01 -2.570991e-02 
 1.921665e-01 -2.513011e-02 
 1.925642e-01 -2.453738e-02 
 1.929619e-01 -2.391848e-02 
 1.933596e-01 -2.328881e-02 
 1.937573e-01 -2.264329e-02 
 1.941550e-01 -2.198108e-02 
 1.945527e-01 -2.126913e-02 
 1.949504e-01 -2.052775e-02 
 1.953481e-01 -1.976134e-02 
 1.957458e-01 -1.896138e-02 
 1.961435e-01 -1.813167e-02 
 1.965412e-01 -1.729201e-02 
 1.969389e-01 -1.642567e-02 
 1.973366e-01 -1.553760e-02 
 1.977343e-01 -1.465872e-02 
 1.981320e-01 -1.375881e-02 
 1.985297e-01 -1.284402e-02 
 1.989274e-01 -1.190597e-02 
 1.993250e-01 -1.094327e-02 
 1.997227e-01 -9.946770e-03 
 2.001204e-01 -8.933361e-03 
 2.005181e-01 -7.915759e-03 
 2.009158e-01 -6.885469e-03 
 2.013135e-01 -5.831830e-03 
 2.017112e-01 -4.770518e-03 
 2.021089e-01 -3.701649e-03 
 2.025066e-01 -2.621615e-03 
 2.029043e-01 -1.552870e-03 
 2.033020e-01 -4.790166e-04 
 2.036997e-01  6.100052e-04 
 2.040974e-01  1.711721e-03 
 2.044951e-01  2.836496e-03 
 2.048928e-01  3.975854e-03 
 2.052905e-01  5.126653e-03 
 2.056882e-01  6.286625e-03 
 2.060859e-01  7.446208e-03 
 2.064836e-01  8.615814e-03 
 2.068813e-01  9.787533e-03 
 2.072790e-01  1.097204e-02 
 2.076767e-01  1.215052e-02 
 2.080744e-01  1.333239e-02 
 2.084720e-01  1.452155e-02 
 2.088697e-01  1.571608e-02 
 2.092674e-01  1.692588e-02 
 2.096651e-01  1.814127e-02 
 2.100628e-01  1.935442e-02 
 2.104605e-01  2.058030e-02 
 2.108582e-01  2.178942e-02 
 2.112559e-01  2.301166e-02 
 2.116536e-01  2.424440e-02 
 2.120513e-01  2.547347e-02 
 2.124490e-01  2.669029e-02 
 2.128467e-01  2.789295e-02 
 2.132444e-01  2.909589e-02 
 2.136421e-01  3.029822e-02 
 2.140398e-01  3.151927e-02 
 2.144375e-01  3.273995e-02 
 2.148352e-01  3.395872e-02 
 2.152329e-01  3.517287e-02 
 2.156306e-01  3.638555e-02 
 2.160283e-01  3.758474e-02 
 2.164260e-01  3.877878e-02 
 2.168237e-01  3.994671e-02 
 2.172214e-01  4.110609e-02 
 2.176190e-01  4.222949e-02 
 2.180167e-01  4.334751e-02 
 2.184144e-01  4.445172e-02 
 2.188121e-01  4.555081e-02 
 2.192098e-01  4.663536e-02 
 2.196075e-01  4.769083e-02 
 2.200052e-01  4.874104e-02 
 2.204029e-01  4.975761e-02 
 2.208006e-01  5.076867e-02 
 2.211983e-01  5.175509e-02 
 2.215960e-01  5.269073e-02 
 2.219937e-01  5.358964e-02 
 2.223914e-01  5.446229e-02 
 2.227891e-01  5.530627e-02 
 2.231868e-01  5.611643e-02 
 2.235845e-01  5.691253e-02 
 2.239822e-01  5.768903e-02 
 2.243799e-01  5.843279e-02 
 2.247776e-01  5.915746e-02 
 2.251753e-01  5.986554e-02 
 2.255730e-01  6.054153e-02 
 2.259707e-01  6.118832e-02 
 2.263684e-01  6.178785e-02 
 2.267660e-01  6.236267e-02 
 2.271637e-01  6.289378e-02 
 2.275614e-01  6.340430e-02 
 2.279591e-01  6.388276e-02 
 2.283568e-01  6.432560e-02 
 2.287545e-01  6.474250e-02 
 2.291522e-01  6.513821e-02 
 2.295499e-01  6.549951e-02 
 2.299476e-01  6.582901e-02 
 2.303453e-01  6.613208e-02 
 2.307430e-01  6.640556e-02 
 2.311407e-01  6.664016e-02 
 2.315384e-01  6.684310e-02 
 2.319361e-01  6.699887e-02 
 2.323338e-01  6.713298e-02 
 2.327315e-01  6.722846e-02 
 2.331292e-01  6.730047e-02 
 2.335269e-01  6.735522e-02 
 2.339246e-01  6.738580e-02 
 2.343223e-01  6.739376e-02 
 2.347200e-01  6.737063e-02 
 2.351177e-01  6.732811e-02 
 2.355154e-01  6.725181e-02 
 2.359130e-01  6.714307e-02 
 2.363107e-01  6.701022e-02 
 2.367084e-01  6.682353e-02 
 2.371061e-01  6.660417e-02 
 2.375038e-01  6.636443e-02 
 2.379015e-01  6.609698e-02 
 2.382992e-01  6.578887e-02 
 2.386969e-01  6.546251e-02 
 2.390946e-01  6.510681e-02 
 2.394923e-01  6.472071e-02 
 2.398900e-01  6.431888e-02 
 2.402877e-01  6.390060e-02 
 2.406854e-01  6.344693e-02 
 2.410831e-01  6.295729e-02 
 2.414808e-01  6.245171e-02 
 2.418785e-01  6.189519e-02 
 2.422762e-01  6.132535e-02 
 2.426739e-01  6.073527e-02 
 2.430716e-01  6.013175e-02 
 2.434693e-01  5.949865e-02 
 2.438670e-01  5.884265e-02 
 2.442647e-01  5.817919e-02 
 2.446624e-01  5.748846e-02 
 2.450600e-01  5.678284e-02 
 2.454577e-01  5.604488e-02 
 2.458554e-01  5.528319e-02 
 2.462531e-01  5.448251e-02 
 2.466508e-01  5.366459e-02 
 2.470485e-01  5.280904e-02 
 2.474462e-01  5.194959e-02 
 2.478439e-01  5.105967e-02 
 2.482416e-01  5.014311e-02 
 2.486393e-01  4.920129e-02 
 2.490370e-01  4.824716e-02 
 2.494347e-01  4.727934e-02 
 2.498324e-01  4.628328e-02 
 2.502301e-01  4.527163e-02 
 2.506278e-01  4.422852e-02 
 2.510255e-01  4.315796e-02 
 2.514232e-01  4.206021e-02 
 2.518209e-01  4.093883e-02 
 2.522186e-01  3.979808e-02 
 2.526163e-01  3.864355e-02 
 2.530140e-01  3.747710e-02 
 2.534117e-01  3.629665e-02 
 2.538093e-01  3.510846e-02 
 2.542070e-01  3.391148e-02 
 2.546047e-01  3.270468e-02 
 2.550024e-01  3.148531e-02 
 2.554001e-01  3.025991e-02 
 2.557978e-01  2.902040e-02 
 2.561955e-01  2.775028e-02 
 2.565932e-01  2.648604e-02 
 2.569909e-01  2.520836e-02 
 2.573886e-01  2.391704e-02 
 2.577863e-01  2.262095e-02 
 2.581840e-01  2.132490e-02 
 2.585817e-01  2.003611e-02 
 2.589794e-01  1.875290e-02 
 2.593771e-01  1.747461e-02 
 2.597748e-01  1.621624e-02 
 2.601725e-01  1.496227e-02 
 2.605702e-01  1.369979e-02 
 2.609679e-01  1.243758e-02 
 2.613656e-01  1.119477e-02 
 2.617633e-01  9.952654e-03 
 2.621610e-01  8.705324e-03 
 2.625587e-01  7.477025e-03 
 2.629563e-01  6.263494e-03 
 2.633540e-01  5.060264e-03 
 2.637517e-01  3.892276e-03 
 2.641494e-01  2.736583e-03 
 2.645471e-01  1.594055e-03 
 2.649448e-01  4.644609e-04 
 2.653425e-01 -6.522022e-04 
 2.657402e-01 -1.760784e-03 
 2.661379e-01 -2.857741e-03 
 2.665356e-01 -3.933087e-03 
 2.669333e-01 -5.013217e-03 
 2.673310e-01 -6.089249e-03 
 2.677287e-01 -7.133373e-03 
 2.681264e-01 -8.151831e-03 
 2.685241e-01 -9.142580e-03 
 2.689218e-01 -1.010513e-02 
 2.693195e-01 -1.104008e-02 
 2.697172e-01 -1.196432e-02 
 2.701149e-01 -1.288921e-02 
 2.705126e-01 -1.377064e-02 
 2.709103e-01 -1.465591e-02 
 2.713080e-01 -1.552067e-02 
 2.717057e-01 -1.637315e-02 
 2.721033e-01 -1.720506e-02 
 2.725010e-01 -1.800910e-02 
 2.728987e-01 -1.879022e-02 
 2.732964e-01 -1.952080e-02 
 2.736941e-01 -2.023890e-02 
 2.740918e-01 -2.091733e-02 
 2.744895e-01 -2.158435e-02 
 2.748872e-01 -2.222199e-02 
 2.752849e-01 -2.284151e-02 
 2.756826e-01 -2.342562e-02 
 2.760803e-01 -2.400653e-02 
 2.764780e-01 -2.456448e-02 
 2.768757e-01 -2.509662e-02 
 2.772734e-01 -2.561267e-02 
 2.776711e-01 -2.609409e-02 
 2.780688e-01 -2.653818e-02 
 2.784665e-01 -2.695033e-02 
 2.788642e-01 -2.733456e-02 
 2.792619e-01 -2.768163e-02 
 2.796596e-01 -2.801307e-02 
 2.800573e-01 -2.831849e-02 
 2.804550e-01 -2.860034e-02 
 2.808527e-01 -2.884842e-02 
 2.812503e-01 -2.908046e-02 
 2.816480e-01 -2.929132e-02 
 2.820457e-01 -2.947230e-02 
 2.824434e-01 -2.961728e-02 
 2.828411e-01 -2.973536e-02 
 2.832388e-01 -2.980574e-02 
 2.836365e-01 -2.983870e-02 
 2.840342e-01 -2.984889e-02 
 2.844319e-01 -2.983022e-02 
 2.848296e-01 -2.977689e-02 
 2.852273e-01 -2.969660e-02 
 2.856250e-01 -2.959831e-02 
 2.860227e-01 -2.946915e-02 
 2.864204e-01 -2.932099e-02 
 2.868181e-01 -2.914614e-02 
 2.872158e-01 -2.892868e-02 
 2.876135e-01 -2.865147e-02 
 2.880112e-01 -2.833777e-02 
 2.884089e-01 -2.798555e-02 
 2.888066e-01 -2.758943e-02 
 2.892043e-01 -2.716677e-02 
 2.896020e-01 -2.672063e-02 
 2.899997e-01 -2.624717e-02 
 2.903973e-01 -2.573272e-02 
 2.907950e-01 -2.521250e-02 
 2.911927e-01 -2.466344e-02 
 2.915904e-01 -2.406973e-02 
 2.919881e-01 -2.345258e-02 
 2.923858e-01 -2.278625e-02 
 2.927835e-01 -2.207143e-02 
 2.931812e-01 -2.130854e-02 
 2.935789e-01 -2.052896e-02 
 2.939766e-01 -1.972690e-02 
 2.943743e-01 -1.888923e-02 
 2.947720e-01 -1.803550e-02 
 2.951697e-01 -1.716160e-02 
 2.955674e-01 -1.626981e-02 
 2.959651e-01 -1.536045e-02 
 2.963628e-01 -1.443869e-02 
 2.967605e-01 -1.348473e-02 
 2.971582e-01 -1.250676e-02 
 2.975559e-01 -1.148880e-02 
 2.979536e-01 -1.045393e-02 
 2.983513e-01 -9.401910e-03 
 2.987490e-01 -8.346176e-03 
 2.991467e-01 -7.279205e-03 
 2.995443e-01 -6.189492e-03 
 2.999420e-01 -5.100216e-03 
 3.003397e-01 -4.003611e-03 
 3.007374e-01 -2.896181e-03 
 3.011351e-01 -1.796710e-03 
 3.015328e-01 -6.788918e-04 
 3.019305e-01  4.667681e-04 
 3.023282e-01  1.627982e-03 
 3.027259e-01  2.804633e-03 
 3.031236e-01  3.992111e-03 
 3.035213e-01  5.187886e-03 
 3.039190e-01  6.369144e-03 
 3.043167e-01  7.563449e-03 
 3.047144e-01  8.765801e-03 
 3.051121e-01  9.950509e-03 
 3.055098e-01  1.113506e-02 
 3.059075e-01  1.231259e-02 
 3.063052e-01  1.348578e-02 
 3.067029e-01  1.466933e-02 
 3.071006e-01  1.587381e-02 
 3.074983e-01  1.708112e-02 
 3.078960e-01  1.829099e-02 
 3.082937e-01  1.950040e-02 
 3.086913e-01  2.072038e-02 
 3.090890e-01  2.191450e-02 
 3.094867e-01  2.312521e-02 
 3.098844e-01  2.433247e-02 
 3.102821e-01  2.551280e-02 
 3.106798e-01  2.668156e-02 
 3.110775e-01  2.784844e-02 
 3.114752e-01  2.903634e-02 
 3.118729e-01  3.021606e-02 
 3.122706e-01  3.140526e-02 
 3.126683e-01  3.258894e-02 
 3.130660e-01  3.375952e-02 
 3.134637e-01  3.491084e-02 
 3.138614e-01  3.605970e-02 
 3.142591e-01  3.719923e-02 
 3.146568e-01  3.831875e-02 
 3.150545e-01  3.941978e-02 
 3.154522e-01  4.051198e-02 
 3.158499e-01  4.158414e-02 
 3.162476e-01  4.265608e-02 
 3.166453e-01  4.372791e-02 
 3.170430e-01  4.479045e-02 
 3.174407e-01  4.583831e-02 
 3.178383e-01  4.686479e-02 
 3.182360e-01  4.788281e-02 
 3.186337e-01  4.888251e-02 
 3.190314e-01  4.986093e-02 
 3.194291e-01  5.082265e-02 
 3.198268e-01  5.175906e-02 
 3.202245e-01  5.267419e-02 
 3.206222e-01  5.356756e-02 
 3.210199e-01  5.446423e-02 
 3.214176e-01  5.533161e-02 
 3.218153e-01  5.618745e-02 
 3.222130e-01  5.702504e-02 
 3.226107e-01  5.782524e-02 
 3.230084e-01  5.861489e-02 
 3.234061e-01  5.937100e-02 
 3.238038e-01  6.010104e-02 
 3.242015e-01  6.080095e-02 
 3.245992e-01  6.146032e-02 
 3.249969e-01  6.208503e-02 
 3.253946e-01  6.267387e-02 
 3.257923e-01  6.323798e-02 
 3.261900e-01  6.376101e-02 
 3.265876e-01  6.426240e-02 
 3.269853e-01  6.474158e-02 
 3.273830e-01  6.517907e-02 
 3.277807e-01  6.559635e-02 
 3.281784e-01  6.598070e-02 
 3.285761e-01  6.633200e-02 
 3.289738e-01  6.665274e-02 
 3.293715e-01  6.693132e-02 
 3.297692e-01  6.717009e-02 
 3.301669e-01  6.736130e-02 
 3.305646e-01  6.754541e-02 
 3.309623e-01  6.768869e-02 
 3.313600e-01  6.779705e-02 
 3.317577e-01  6.788607e-02 
 3.321554e-01  6.793685e-02 
 3.325531e-01  6.795176e-02 
 3.329508e-01  6.793243e-02 
 3.333485e-01  6.788362e-02 
 3.337462e-01  6.779241e-02 
 3.341439e-01  6.765986e-02 
 3.345416e-01  6.748915e-02 
 3.349393e-01  6.727786e-02 
 3.353370e-01  6.704406e-02 
 3.357346e-01  6.678648e-02 
 3.361323e-01  6.650101e-02 
 3.365300e-01  6.619273e-02 
 3.369277e-01  6.584875e-02 
 3.373254e-01  6.548659e-02 
 3.377231e-01  6.509470e-02 
 3.381208e-01  6.466902e-02 
 3.385185e-01  6.422387e-02 
 3.389162e-01  6.374304e-02 
 3.393139e-01  6.322689e-02 
 3.397116e-01  6.268213e-02 
 3.401093e-01  6.211113e-02 
 3.405070e-01  6.152831e-02 
 3.409047e-01  6.090974e-02 
 3.413024e-01  6.027886e-02 
 3.417001e-01  5.961493e-02 
 3.420978e-01  5.892247e-02 
 3.424955e-01  5.821769e-02 
 3.428932e-01  5.748368e-02 
 3.432909e-01  5.672309e-02 
 3.436886e-01  5.594300e-02 
 3.440863e-01  5.512664e-02 
 3.444840e-01  5.429473e-02 
 3.448816e-01  5.343386e-02 
 3.452793e-01  5.255508e-02 
 3.456770e-01  5.165485e-02 
 3.460747e-01  5.073418e-02 
 3.464724e-01  4.980318e-02 
 3.468701e-01  4.884700e-02 
 3.472678e-01  4.788381e-02 
 3.476655e-01  4.691917e-02 
 3.480632e-01  4.593861e-02 
 3.484609e-01  4.492761e-02 
 3.488586e-01  4.390969e-02 
 3.492563e-01  4.288512e-02 
 3.496540e-01  4.183024e-02 
 3.500517e-01  4.077109e-02 
 3.504494e-01  3.969129e-02 
 3.508471e-01  3.861746e-02 
 3.512448e-01  3.750302e-02 
 3.516425e-01  3.639866e-02 
 3.520402e-01  3.528126e-02 
 3.524379e-01  3.413109e-02 
 3.528356e-01  3.299837e-02 
 3.532333e-01  3.183820e-02 
 3.536310e-01  3.066273e-02 
 3.540286e-01  2.947046e-02 
 3.544263e-01  2.828050e-02 
 3.548240e-01  2.707884e-02 
 3.552217e-01  2.585791e-02 
 3.556194e-01  2.464624e-02 
 3.560171e-01  2.342019e-02 
 3.564148e-01  2.218903e-02 
 3.568125e-01  2.096850e-02 
 3.572102e-01  1.974308e-02 
 3.576079e-01  1.851156e-02 
 3.580056e-01  1.727168e-02 
 3.584033e-01  1.601592e-02 
 3.588010e-01  1.474915e-02 
 3.591987e-01  1.348565e-02 
 3.595964e-01  1.223843e-02 
 3.599941e-01  1.098220e-02 
 3.603918e-01  9.718773e-03 
 3.607895e-01  8.462314e-03 
 3.611872e-01  7.220428e-03 
 3.615849e-01  5.980734e-03 
 3.619826e-01  4.753851e-03 
 3.623803e-01  3.536629e-03 
 3.627780e-01  2.320064e-03 
 3.631756e-01  1.105049e-03 
 3.635733e-01 -9.790568e-05 
 3.639710e-01 -1.280481e-03 
 3.643687e-01 -2.453412e-03 
 3.647664e-01 -3.616026e-03 
 3.651641e-01 -4.762258e-03 
 3.655618e-01 -5.897769e-03 
 3.659595e-01 -6.999808e-03 
 3.663572e-01 -8.068652e-03 
 3.667549e-01 -9.106994e-03 
 3.671526e-01 -1.014137e-02 
 3.675503e-01 -1.114973e-02 
 3.679480e-01 -1.214297e-02 
 3.683457e-01 -1.311457e-02 
 3.687434e-01 -1.405238e-02 
 3.691411e-01 -1.496756e-02 
 3.695388e-01 -1.586505e-02 
 3.699365e-01 -1.672812e-02 
 3.703342e-01 -1.756320e-02 
 3.707319e-01 -1.836801e-02 
 3.711296e-01 -1.914183e-02 
 3.715273e-01 -1.987169e-02 
 3.719250e-01 -2.057944e-02 
 3.723226e-01 -2.127195e-02 
 3.727203e-01 -2.193222e-02 
 3.731180e-01 -2.256329e-02 
 3.735157e-01 -2.318459e-02 
 3.739134e-01 -2.378045e-02 
 3.743111e-01 -2.435005e-02 
 3.747088e-01 -2.489648e-02 
 3.751065e-01 -2.541174e-02 
 3.755042e-01 -2.587797e-02 
 3.759019e-01 -2.631681e-02 
 3.762996e-01 -2.671831e-02 
 3.766973e-01 -2.708376e-02 
 3.770950e-01 -2.742631e-02 
 3.774927e-01 -2.776073e-02 
 3.778904e-01 -2.806800e-02 
 3.782881e-01 -2.833694e-02 
 3.786858e-01 -2.859826e-02 
 3.790835e-01 -2.882469e-02 
 3.794812e-01 -2.902122e-02 
 3.798789e-01 -2.918695e-02 
 3.802766e-01 -2.933195e-02 
 3.806743e-01 -2.943072e-02 
 3.810720e-01 -2.948980e-02 
 3.814696e-01 -2.953553e-02 
 3.818673e-01 -2.953675e-02 
 3.822650e-01 -2.952255e-02 
 3.826627e-01 -2.949362e-02 
 3.830604e-01 -2.942656e-02 
 3.834581e-01 -2.933294e-02 
 3.838558e-01 -2.921712e-02 
 3.842535e-01 -2.908105e-02 
 3.846512e-01 -2.890413e-02 
 3.850489e-01 -2.868891e-02 
 3.854466e-01 -2.843574e-02 
 3.858443e-01 -2.814409e-02 
 3.862420e-01 -2.782493e-02 
 3.866397e-01 -2.748977e-02 
 3.870374e-01 -2.712762e-02 
 3.874351e-01 -2.674836e-02 
 3.878328e-01 -2.633876e-02 
 3.882305e-01 -2.590225e-02 
 3.886282e-01 -2.542872e-02 
 3.890259e-01 -2.493142e-02 
 3.894236e-01 -2.441433e-02 
 3.898213e-01 -2.386161e-02 
 3.902190e-01 -2.326620e-02 
 3.906166e-01 -2.263788e-02 
 3.910143e-01 -2.197605e-02 
 3.914120e-01 -2.130247e-02 
 3.918097e-01 -2.060700e-02 
 3.922074e-01 -1.987734e-02 
 3.926051e-01 -1.913309e-02 
 3.930028e-01 -1.836738e-02 
 3.934005e-01 -1.758121e-02 
 3.937982e-01 -1.676665e-02 
 3.941959e-01 -1.594987e-02 
 3.945936e-01 -1.508160e-02 
 3.949913e-01 -1.417711e-02 
 3.953890e-01 -1.323560e-02 
 3.957867e-01 -1.227845e-02 
 3.961844e-01 -1.130037e-02 
 3.965821e-01 -1.030320e-02 
 3.969798e-01 -9.289614e-03 
 3.973775e-01 -8.249011e-03 
 3.977752e-01 -7.192202e-03 
 3.981729e-01 -6.117137e-03 
 3.985706e-01 -5.017912e-03 
 3.989683e-01 -3.906700e-03 
 3.993659e-01 -2.770027e-03 
 3.997636e-01 -1.612086e-03 
 4.001613e-01 -4.269573e-04 
 4.005590e-01  7.830517e-04 
 4.009567e-01  1.996410e-03 
 4.013544e-01  3.209651e-03 
 4.017521e-01  4.433793e-03 
 4.021498e-01  5.662674e-03 
 4.025475e-01  6.885697e-03 
 4.029452e-01  8.120457e-03 
 4.033429e-01  9.361328e-03 
 4.037406e-01  1.060190e-02 
 4.041383e-01  1.185588e-02 
 4.045360e-01  1.314048e-02 
 4.049337e-01  1.442664e-02 
 4.053314e-01  1.571480e-02 
 4.057291e-01  1.700447e-02 
 4.061268e-01  1.827957e-02 
 4.065245e-01  1.953046e-02 
 4.069222e-01  2.077637e-02 
 4.073199e-01  2.202893e-02 
 4.077176e-01  2.327349e-02 
 4.081153e-01  2.450072e-02 
 4.085129e-01  2.572111e-02 
 4.089106e-01  2.693797e-02 
 4.093083e-01  2.814453e-02 
 4.097060e-01  2.936665e-02 
 4.101037e-01  3.057332e-02 
 4.105014e-01  3.175533e-02 
 4.108991e-01  3.292354e-02 
 4.112968e-01  3.407374e-02 
 4.116945e-01  3.520390e-02 
 4.120922e-01  3.632090e-02 
 4.124899e-01  3.742871e-02 
 4.128876e-01  3.850952e-02 
 4.132853e-01  3.956947e-02 
 4.136830e-01  4.063482e-02 
 4.140807e-01  4.168903e-02 
 4.144784e-01  4.273367e-02 
 4.148761e-01  4.377986e-02 
 4.152738e-01  4.479329e-02 
 4.156715e-01  4.579523e-02 
 4.160692e-01  4.678089e-02 
 4.164669e-01  4.774879e-02 
 4.168646e-01  4.870102e-02 
 4.172623e-01  4.964744e-02 
 4.176599e-01  5.057220e-02 
 4.180576e-01  5.146473e-02 
 4.184553e-01  5.234244e-02 
 4.188530e-01  5.321618e-02 
 4.192507e-01  5.406112e-02 
 4.196484e-01  5.490164e-02 
 4.200461e-01  5.571734e-02 
 4.204438e-01  5.650013e-02 
 4.208415e-01  5.726192e-02 
 4.212392e-01  5.800815e-02 
 4.216369e-01  5.871418e-02 
 4.220346e-01  5.940665e-02 
 4.224323e-01  6.006765e-02 
 4.228300e-01  6.071207e-02 
 4.232277e-01  6.132788e-02 
 4.236254e-01  6.192971e-02 
 4.240231e-01  6.253148e-02 
 4.244208e-01  6.309088e-02 
 4.248185e-01  6.363958e-02 
 4.252162e-01  6.416090e-02 
 4.256139e-01  6.463207e-02 
 4.260116e-01  6.506942e-02 
 4.264093e-01  6.548620e-02 
 4.268069e-01  6.587422e-02 
 4.272046e-01  6.622860e-02 
 4.276023e-01  6.653322e-02 
 4.280000e-01  6.682498e-02 
 4.283977e-01  6.707564e-02 
 4.287954e-01  6.730254e-02 
 4.291931e-01  6.750352e-02 
 4.295908e-01  6.766915e-02 
 4.299885e-01  6.779388e-02 
 4.303862e-01  6.788265e-02 
 4.307839e-01  6.793186e-02 
 4.311816e-01  6.795240e-02 
 4.315793e-01  6.793837e-02 
 4.319770e-01  6.787669e-02 
 4.323747e-01  6.779254e-02 
 4.327724e-01  6.766936e-02 
 4.331701e-01  6.752556e-02 
 4.335678e-01  6.735032e-02 
 4.339655e-01  6.714989e-02 
 4.343632e-01  6.691335e-02 
 4.347609e-01  6.664737e-02 
 4.351586e-01  6.633183e-02 
 4.355563e-01  6.598569e-02 
 4.359539e-01  6.561608e-02 
 4.363516e-01  6.521187e-02 
 4.367493e-01  6.477060e-02 
 4.371470e-01  6.429557e-02 
 4.375447e-01  6.378871e-02 
 4.379424e-01  6.324551e-02 
 4.383401e-01  6.268602e-02 
 4.387378e-01  6.209538e-02 
 4.391355e-01  6.147175e-02 
 4.395332e-01  6.082050e-02 
 4.399309e-01  6.014872e-02 
 4.403286e-01  5.944930e-02 
 4.407263e-01  5.872169e-02 
 4.411240e-01  5.795168e-02 
 4.415217e-01  5.714939e-02 
 4.419194e-01  5.632689e-02 
 4.423171e-01  5.548182e-02 
 4.427148e-01  5.462454e-02 
 4.431125e-01  5.374655e-02 
 4.435102e-01  5.286092e-02 
 4.439079e-01  5.195438e-02 
 4.443056e-01  5.103213e-02 
 4.447033e-01  5.009589e-02 
 4.451009e-01  4.914300e-02 
 4.454986e-01  4.816398e-02 
 4.458963e-01  4.716768e-02 
 4.462940e-01  4.614975e-02 
 4.466917e-01  4.510485e-02 
 4.470894e-01  4.404114e-02 
 4.474871e-01  4.296627e-02 
 4.478848e-01  4.188278e-02 
 4.482825e-01  4.077780e-02 
 4.486802e-01  3.967131e-02 
 4.490779e-01  3.856297e-02 
 4.494756e-01  3.744153e-02 
 4.498733e-01  3.630232e-02 
 4.502710e-01  3.516107e-02 
 4.506687e-01  3.399940e-02 
 4.510664e-01  3.281853e-02 
 4.514641e-01  3.163758e-02 
 4.518618e-01  3.045098e-02 
 4.522595e-01  2.925685e-02 
 4.526572e-01  2.806777e-02 
 4.530549e-01  2.688605e-02 
 4.534526e-01  2.568876e-02 
 4.538503e-01  2.448795e-02 
 4.542479e-01  2.328850e-02 
 4.546456e-01  2.207849e-02 
 4.550433e-01  2.088030e-02 
 4.554410e-01  1.968440e-02 
 4.558387e-01  1.847494e-02 
 4.562364e-01  1.725580e-02 
 4.566341e-01  1.603331e-02 
 4.570318e-01  1.481345e-02 
 4.574295e-01  1.359591e-02 
 4.578272e-01  1.238880e-02 
 4.582249e-01  1.118887e-02 
 4.586226e-01  9.975310e-03 
 4.590203e-01  8.793753e-03 
 4.594180e-01  7.615892e-03 
 4.598157e-01  6.444022e-03 
 4.602134e-01  5.274989e-03 
 4.606111e-01  4.108202e-03 
 4.610088e-01  2.939562e-03 
 4.614065e-01  1.778065e-03 
 4.618042e-01  6.242290e-04 
 4.622019e-01 -5.225009e-04 
 4.625996e-01 -1.657652e-03 
 4.629972e-01 -2.769939e-03 
 4.633949e-01 -3.888620e-03 
 4.637926e-01 -4.991167e-03 
 4.641903e-01 -6.059838e-03 
 4.645880e-01 -7.111265e-03 
 4.649857e-01 -8.157613e-03 
 4.653834e-01 -9.187276e-03 
 4.657811e-01 -1.021719e-02 
 4.661788e-01 -1.123607e-02 
 4.665765e-01 -1.224240e-02 
 4.669742e-01 -1.322980e-02 
 4.673719e-01 -1.418659e-02 
 4.677696e-01 -1.513966e-02 
 4.681673e-01 -1.605628e-02 
 4.685650e-01 -1.695413e-02 
 4.689627e-01 -1.781851e-02 
 4.693604e-01 -1.866314e-02 
 4.697581e-01 -1.947469e-02 
 4.701558e-01 -2.027718e-02 
 4.705535e-01 -2.105263e-02 
 4.709512e-01 -2.181314e-02 
 4.713489e-01 -2.253035e-02 
 4.717466e-01 -2.322658e-02 
 4.721442e-01 -2.388153e-02 
 4.725419e-01 -2.450056e-02 
 4.729396e-01 -2.509547e-02 
 4.733373e-01 -2.564398e-02 
 4.737350e-01 -2.616179e-02 
 4.741327e-01 -2.662554e-02 
 4.745304e-01 -2.706760e-02 
 4.749281e-01 -2.747824e-02 
 4.753258e-01 -2.786234e-02 
 4.757235e-01 -2.823003e-02 
 4.761212e-01 -2.856044e-02 
 4.765189e-01 -2.884004e-02 
 4.769166e-01 -2.909346e-02 
 4.773143e-01 -2.933211e-02 
 4.777120e-01 -2.951205e-02 
 4.781097e-01 -2.965261e-02 
 4.785074e-01 -2.976055e-02 
 4.789051e-01 -2.982419e-02 
 4.793028e-01 -2.985571e-02 
 4.797005e-01 -2.987317e-02 
 4.800982e-01 -2.985923e-02 
 4.804959e-01 -2.981654e-02 
 4.808936e-01 -2.975658e-02 
 4.812912e-01 -2.966875e-02 
 4.816889e-01 -2.953361e-02 
 4.820866e-01 -2.938736e-02 
 4.824843e-01 -2.921871e-02 
 4.828820e-01 -2.899668e-02 
 4.832797e-01 -2.873465e-02 
 4.836774e-01 -2.845444e-02 
 4.840751e-01 -2.812303e-02 
 4.844728e-01 -2.778212e-02 
 4.848705e-01 -2.742494e-02 
 4.852682e-01 -2.703558e-02 
 4.856659e-01 -2.662069e-02 
 4.860636e-01 -2.619321e-02 
 4.864613e-01 -2.573535e-02 
 4.868590e-01 -2.525534e-02 
 4.872567e-01 -2.475180e-02 
 4.876544e-01 -2.422099e-02 
 4.880521e-01 -2.364021e-02 
 4.884498e-01 -2.302465e-02 
 4.888475e-01 -2.239970e-02 
 4.892452e-01 -2.175044e-02 
 4.896429e-01 -2.108367e-02 
 4.900406e-01 -2.039014e-02 
 4.904382e-01 -1.968605e-02 
 4.908359e-01 -1.894387e-02 
 4.912336e-01 -1.818356e-02 
 4.916313e-01 -1.740416e-02 
 4.920290e-01 -1.659637e-02 
 4.924267e-01 -1.575030e-02 
 4.928244e-01 -1.488138e-02 
 4.932221e-01 -1.397736e-02 
 4.936198e-01 -1.304707e-02 
 4.940175e-01 -1.210638e-02 
 4.944152e-01 -1.115979e-02 
 4.948129e-01 -1.020096e-02 
 4.952106e-01 -9.213100e-03 
 4.956083e-01 -8.225791e-03 
 4.960060e-01 -7.216635e-03 
 4.964037e-01 -6.190315e-03 
 4.968014e-01 -5.151203e-03 
 4.971991e-01 -4.086460e-03 
 4.975968e-01 -2.998881e-03 
 4.979945e-01 -1.893563e-03 
 4.983922e-01 -7.652193e-04 
 4.987899e-01  3.700776e-04 
 4.991876e-01  1.511289e-03 
 4.995852e-01  2.645595e-03 
 4.999829e-01  3.801363e-03 
 5.003806e-01  4.974161e-03 
 5.007783e-01  6.161142e-03 
 5.011760e-01  7.349250e-03 
 5.015737e-01  8.555525e-03 
 5.019714e-01  9.767272e-03 
 5.023691e-01  1.099372e-02 
 5.027668e-01  1.224120e-02 
 5.031645e-01  1.350128e-02 
 5.035622e-01  1.475942e-02 
 5.039599e-01  1.601183e-02 
 5.043576e-01  1.727118e-02 
 5.047553e-01  1.851797e-02 
 5.051530e-01  1.978025e-02 
 5.055507e-01  2.105059e-02 
 5.059484e-01  2.230935e-02 
 5.063461e-01  2.356856e-02 
 5.067438e-01  2.482983e-02 
 5.071415e-01  2.609832e-02 
 5.075392e-01  2.736214e-02 
 5.079369e-01  2.863339e-02 
 5.083346e-01  2.988446e-02 
 5.087322e-01  3.111971e-02 
 5.091299e-01  3.234706e-02 
 5.095276e-01  3.355773e-02 
 5.099253e-01  3.476101e-02 
 5.103230e-01  3.595793e-02 
 5.107207e-01  3.715010e-02 
 5.111184e-01  3.831303e-02 
 5.115161e-01  3.946607e-02 
 5.119138e-01  4.062006e-02 
 5.123115e-01  4.176586e-02 
 5.127092e-01  4.289005e-02 
 5.131069e-01  4.399673e-02 
 5.135046e-01  4.506561e-02 
 5.139023e-01  4.610201e-02 
 5.143000e-01  4.712142e-02 
 5.146977e-01  4.811621e-02 
 5.150954e-01  4.907385e-02 
 5.154931e-01  5.000890e-02 
 5.158908e-01  5.092890e-02 
 5.162885e-01  5.180604e-02 
 5.166862e-01  5.267023e-02 
 5.170839e-01  5.353374e-02 
 5.174816e-01  5.436373e-02 
 5.178792e-01  5.515564e-02 
 5.182769e-01  5.593226e-02 
 5.186746e-01  5.667200e-02 
 5.190723e-01  5.738376e-02 
 5.194700e-01  5.808837e-02 
 5.198677e-01  5.876100e-02 
 5.202654e-01  5.941394e-02 
 5.206631e-01  6.003840e-02 
 5.210608e-01  6.065681e-02 
 5.214585e-01  6.123878e-02 
 5.218562e-01  6.181397e-02 
 5.222539e-01  6.236706e-02 
 5.226516e-01  6.288147e-02 
 5.230493e-01  6.336331e-02 
 5.234470e-01  6.382306e-02 
 5.238447e-01  6.424369e-02 
 5.242424e-01  6.464695e-02 
 5.246401e-01  6.503112e-02 
 5.250378e-01  6.537979e-02 
 5.254355e-01  6.569878e-02 
 5.258332e-01  6.599538e-02 
 5.262309e-01  6.627113e-02 
 5.266286e-01  6.651112e-02 
 5.270262e-01  6.674268e-02 
 5.274239e-01  6.693176e-02 
 5.278216e-01  6.709910e-02 
 5.282193e-01  6.723518e-02 
 5.286170e-01  6.734220e-02 
 5.290147e-01  6.742270e-02 
 5.294124e-01  6.748654e-02 
 5.298101e-01  6.750726e-02 
 5.302078e-01  6.749113e-02 
 5.306055e-01  6.744451e-02 
 5.310032e-01  6.736256e-02 
 5.314009e-01  6.725253e-02 
 5.317986e-01  6.712102e-02 
 5.321963e-01  6.694718e-02 
 5.325940e-01  6.674681e-02 
 5.329917e-01  6.650732e-02 
 5.333894e-01  6.624749e-02 
 5.337871e-01  6.594163e-02 
 5.341848e-01  6.561614e-02 
 5.345825e-01  6.525016e-02 
 5.349802e-01  6.484229e-02 
 5.353779e-01  6.439460e-02 
 5.357755e-01  6.392342e-02 
 5.361732e-01  6.342746e-02 
 5.365709e-01  6.289894e-02 
 5.369686e-01  6.234789e-02 
 5.373663e-01  6.175984e-02 
 5.377640e-01  6.114371e-02 
 5.381617e-01  6.051970e-02 
 5.385594e-01  5.985836e-02 
 5.389571e-01  5.915720e-02 
 5.393548e-01  5.844835e-02 
 5.397525e-01  5.770132e-02 
 5.401502e-01  5.692464e-02 
 5.405479e-01  5.613148e-02 
 5.409456e-01  5.532004e-02 
 5.413433e-01  5.447292e-02 
 5.417410e-01  5.359873e-02 
 5.421387e-01  5.270636e-02 
 5.425364e-01  5.177992e-02 
 5.429341e-01  5.082431e-02 
 5.433318e-01  4.985821e-02 
 5.437295e-01  4.886359e-02 
 5.441272e-01  4.783384e-02 
 5.445249e-01  4.679412e-02 
 5.449225e-01  4.572963e-02 
 5.453202e-01  4.465167e-02 
 5.457179e-01  4.355129e-02 
 5.461156e-01  4.243797e-02 
 5.465133e-01  4.131280e-02 
 5.469110e-01  4.017846e-02 
 5.473087e-01  3.902566e-02 
 5.477064e-01  3.786938e-02 
 5.481041e-01  3.669810e-02 
 5.485018e-01  3.552932e-02 
 5.488995e-01  3.433599e-02 
 5.492972e-01  3.313021e-02 
 5.496949e-01  3.192467e-02 
 5.500926e-01  3.070713e-02 
 5.504903e-01  2.948565e-02 
 5.508880e-01  2.825621e-02 
 5.512857e-01  2.703492e-02 
 5.516834e-01  2.579518e-02 
 5.520811e-01  2.456488e-02 
 5.524788e-01  2.333847e-02 
 5.528765e-01  2.213110e-02 
 5.532742e-01  2.090602e-02 
 5.536719e-01  1.968529e-02 
 5.540695e-01  1.845773e-02 
 5.544672e-01  1.722133e-02 
 5.548649e-01  1.599420e-02 
 5.552626e-01  1.477628e-02 
 5.556603e-01  1.356348e-02 
 5.560580e-01  1.235815e-02 
 5.564557e-01  1.115923e-02 
 5.568534e-01  9.973263e-03 
 5.572511e-01  8.799948e-03 
 5.576488e-01  7.638910e-03 
 5.580465e-01  6.473531e-03 
 5.584442e-01  5.314423e-03 
 5.588419e-01  4.163362e-03 
 5.592396e-01  3.018016e-03 
 5.596373e-01  1.874719e-03 
 5.600350e-01  7.562695e-04 
 5.604327e-01 -3.451849e-04 
 5.608304e-01 -1.449840e-03 
 5.612281e-01 -2.543942e-03 
 5.616258e-01 -3.616774e-03 
 5.620235e-01 -4.674847e-03 
 5.624212e-01 -5.723222e-03 
 5.628189e-01 -6.760870e-03 
 5.632165e-01 -7.789803e-03 
 5.636142e-01 -8.826860e-03 
 5.640119e-01 -9.838658e-03 
 5.644096e-01 -1.083014e-02 
 5.648073e-01 -1.181505e-02 
 5.652050e-01 -1.276651e-02 
 5.656027e-01 -1.370101e-02 
 5.660004e-01 -1.461669e-02 
 5.663981e-01 -1.551115e-02 
 5.667958e-01 -1.638534e-02 
 5.671935e-01 -1.722941e-02 
 5.675912e-01 -1.805960e-02 
 5.679889e-01 -1.887703e-02 
 5.683866e-01 -1.966043e-02 
 5.687843e-01 -2.042212e-02 
 5.691820e-01 -2.116803e-02 
 5.695797e-01 -2.188148e-02 
 5.699774e-01 -2.257351e-02 
 5.703751e-01 -2.323819e-02 
 5.707728e-01 -2.388878e-02 
 5.711705e-01 -2.449983e-02 
 5.715682e-01 -2.507705e-02 
 5.719659e-01 -2.562207e-02 
 5.723635e-01 -2.612865e-02 
 5.727612e-01 -2.661918e-02 
 5.731589e-01 -2.709083e-02 
 5.735566e-01 -2.752012e-02 
 5.739543e-01 -2.793393e-02 
 5.743520e-01 -2.830674e-02 
 5.747497e-01 -2.864325e-02 
 5.751474e-01 -2.894883e-02 
 5.755451e-01 -2.923331e-02 
 5.759428e-01 -2.947765e-02 
 5.763405e-01 -2.967511e-02 
 5.767382e-01 -2.984443e-02 
 5.771359e-01 -2.998608e-02 
 5.775336e-01 -3.008395e-02 
 5.779313e-01 -3.016307e-02 
 5.783290e-01 -3.021876e-02 
 5.787267e-01 -3.022835e-02 
 5.791244e-01 -3.019800e-02 
 5.795221e-01 -3.012840e-02 
 5.799198e-01 -3.002534e-02 
 5.803175e-01 -2.989773e-02 
 5.807152e-01 -2.972771e-02 
 5.811129e-01 -2.950976e-02 
 5.815105e-01 -2.924970e-02 
 5.819082e-01 -2.897108e-02 
 5.823059e-01 -2.867252e-02 
 5.827036e-01 -2.833568e-02 
 5.831013e-01 -2.799702e-02 
 5.834990e-01 -2.761969e-02 
 5.838967e-01 -2.718066e-02 
 5.842944e-01 -2.672370e-02 
 5.846921e-01 -2.623966e-02 
 5.850898e-01 -2.571931e-02 
 5.854875e-01 -2.516700e-02 
 5.858852e-01 -2.458728e-02 
 5.862829e-01 -2.397621e-02 
 5.866806e-01 -2.332394e-02 
 5.870783e-01 -2.267379e-02 
 5.874760e-01 -2.199424e-02 
 5.878737e-01 -2.128904e-02 
 5.882714e-01 -2.056019e-02 
 5.886691e-01 -1.979627e-02 
 5.890668e-01 -1.901186e-02 
 5.894645e-01 -1.820254e-02 
 5.898622e-01 -1.738415e-02 
 5.902599e-01 -1.654041e-02 
 5.906575e-01 -1.566474e-02 
 5.910552e-01 -1.478051e-02 
 5.914529e-01 -1.387004e-02 
 5.918506e-01 -1.295076e-02 
 5.922483e-01 -1.202650e-02 
 5.926460e-01 -1.109796e-02 
 5.930437e-01 -1.014388e-02 
 5.934414e-01 -9.165340e-03 
 5.938391e-01 -8.186455e-03 
 5.942368e-01 -7.183979e-03 
 5.946345e-01 -6.152472e-03 
 5.950322e-01 -5.112838e-03 
 5.954299e-01 -4.056564e-03 
 5.958276e-01 -2.976150e-03 
 5.962253e-01 -1.877478e-03 
 5.966230e-01 -7.786796e-04 
 5.970207e-01  3.310968e-04 
 5.974184e-01  1.441216e-03 
 5.978161e-01  2.561473e-03 
 5.982138e-01  3.705047e-03 
 5.986115e-01  4.853157e-03 
 5.990092e-01  6.009061e-03 
 5.994069e-01  7.171291e-03 
 5.998045e-01  8.349632e-03 
 6.002022e-01  9.548959e-03 
 6.005999e-01  1.075733e-02 
 6.009976e-01  1.197805e-02 
 6.013953e-01  1.320281e-02 
 6.017930e-01  1.441318e-02 
 6.021907e-01  1.562662e-02 
 6.025884e-01  1.684155e-02 
 6.029861e-01  1.805519e-02 
 6.033838e-01  1.928195e-02 
 6.037815e-01  2.051008e-02 
 6.041792e-01  2.174009e-02 
 6.045769e-01  2.297452e-02 
 6.049746e-01  2.422257e-02 
 6.053723e-01  2.547196e-02 
 6.057700e-01  2.671076e-02 
 6.061677e-01  2.795318e-02 
 6.065654e-01  2.917948e-02 
 6.069631e-01  3.040129e-02 
 6.073608e-01  3.161005e-02 
 6.077585e-01  3.283298e-02 
 6.081562e-01  3.403378e-02 
 6.085538e-01  3.523004e-02 
 6.089515e-01  3.642655e-02 
 6.093492e-01  3.759638e-02 
 6.097469e-01  3.876456e-02 
 6.101446e-01  3.993545e-02 
 6.105423e-01  4.109181e-02 
 6.109400e-01  4.221160e-02 
 6.113377e-01  4.331119e-02 
 6.117354e-01  4.439546e-02 
 6.121331e-01  4.545094e-02 
 6.125308e-01  4.649368e-02 
 6.129285e-01  4.753091e-02 
 6.133262e-01  4.854625e-02 
 6.137239e-01  4.955157e-02 
 6.141216e-01  5.053447e-02 
 6.145193e-01  5.150268e-02 
 6.149170e-01  5.244360e-02 
 6.153147e-01  5.337250e-02 
 6.157124e-01  5.428275e-02 
 6.161101e-01  5.513889e-02 
 6.165078e-01  5.596966e-02 
 6.169055e-01  5.679381e-02 
 6.173032e-01  5.757945e-02 
 6.177008e-01  5.832756e-02 
 6.180985e-01  5.905218e-02 
 6.184962e-01  5.975420e-02 
 6.188939e-01  6.039963e-02 
 6.192916e-01  6.103174e-02 
 6.196893e-01  6.164526e-02 
 6.200870e-01  6.222646e-02 
 6.204847e-01  6.277284e-02 
 6.208824e-01  6.327798e-02 
 6.212801e-01  6.374832e-02 
 6.216778e-01  6.417415e-02 
 6.220755e-01  6.458226e-02 
 6.224732e-01  6.497145e-02 
 6.228709e-01  6.532638e-02 
 6.232686e-01  6.564697e-02 
 6.236663e-01  6.594710e-02 
 6.240640e-01  6.621469e-02 
 6.244617e-01  6.645943e-02 
 6.248594e-01  6.668584e-02 
 6.252571e-01  6.687688e-02 
 6.256548e-01  6.703306e-02 
 6.260525e-01  6.715944e-02 
 6.264502e-01  6.726211e-02 
 6.268478e-01  6.732500e-02 
 6.272455e-01  6.737932e-02 
 6.276432e-01  6.739568e-02 
 6.280409e-01  6.737879e-02 
 6.284386e-01  6.732362e-02 
 6.288363e-01  6.726284e-02 
 6.292340e-01  6.717617e-02 
 6.296317e-01  6.705642e-02 
 6.300294e-01  6.690957e-02 
 6.304271e-01  6.671810e-02 
 6.308248e-01  6.649908e-02 
 6.312225e-01  6.624019e-02 
 6.316202e-01  6.596706e-02 
 6.320179e-01  6.565435e-02 
 6.324156e-01  6.533898e-02 
 6.328133e-01  6.497819e-02 
 6.332110e-01  6.459141e-02 
 6.336087e-01  6.418086e-02 
 6.340064e-01  6.375181e-02 
 6.344041e-01  6.329799e-02 
 6.348018e-01  6.280257e-02 
 6.351995e-01  6.228402e-02 
 6.355972e-01  6.173876e-02 
 6.359948e-01  6.116592e-02 
 6.363925e-01  6.056185e-02 
 6.367902e-01  5.992716e-02 
 6.371879e-01  5.925016e-02 
 6.375856e-01  5.854789e-02 
 6.379833e-01  5.781188e-02 
 6.383810e-01  5.705147e-02 
 6.387787e-01  5.626882e-02 
 6.391764e-01  5.546384e-02 
 6.395741e-01  5.462847e-02 
 6.399718e-01  5.377037e-02 
 6.403695e-01  5.288734e-02 
 6.407672e-01  5.198991e-02 
 6.411649e-01  5.106687e-02 
 6.415626e-01  5.012564e-02 
 6.419603e-01  4.916892e-02 
 6.423580e-01  4.817947e-02 
 6.427557e-01  4.717816e-02 
 6.431534e-01  4.614989e-02 
 6.435511e-01  4.510629e-02 
 6.439488e-01  4.404997e-02 
 6.443465e-01  4.297539e-02 
 6.447442e-01  4.189338e-02 
 6.451418e-01  4.079146e-02 
 6.455395e-01  3.967025e-02 
 6.459372e-01  3.855137e-02 
 6.463349e-01  3.740911e-02 
 6.467326e-01  3.624111e-02 
 6.471303e-01  3.505389e-02 
 6.475280e-01  3.385625e-02 
 6.479257e-01  3.264228e-02 
 6.483234e-01  3.143751e-02 
 6.487211e-01  3.021537e-02 
 6.491188e-01  2.898874e-02 
 6.495165e-01  2.775603e-02 
 6.499142e-01  2.651974e-02 
 6.503119e-01  2.526589e-02 
 6.507096e-01  2.401182e-02 
 6.511073e-01  2.276163e-02 
 6.515050e-01  2.149039e-02 
 6.519027e-01  2.021951e-02 
 6.523004e-01  1.894394e-02 
 6.526981e-01  1.767366e-02 
 6.530958e-01  1.640903e-02 
 6.534935e-01  1.515239e-02 
 6.538912e-01  1.389512e-02 
 6.542888e-01  1.264844e-02 
 6.546865e-01  1.141776e-02 
 6.550842e-01  1.019436e-02 
 6.554819e-01  8.969622e-03 
 6.558796e-01  7.759698e-03 
 6.562773e-01  6.543407e-03 
 6.566750e-01  5.335113e-03 
 6.570727e-01  4.134085e-03 
 6.574704e-01  2.954887e-03 
 6.578681e-01  1.788666e-03 
 6.582658e-01  6.375871e-04 
 6.586635e-01 -5.023722e-04 
 6.590612e-01 -1.614143e-03 
 6.594589e-01 -2.728864e-03 
 6.598566e-01 -3.807827e-03 
 6.602543e-01 -4.871873e-03 
 6.606520e-01 -5.923100e-03 
 6.610497e-01 -6.970331e-03 
 6.614474e-01 -7.987979e-03 
 6.618451e-01 -8.991879e-03 
 6.622428e-01 -9.985310e-03 
 6.626405e-01 -1.093945e-02 
 6.630382e-01 -1.188449e-02 
 6.634358e-01 -1.280057e-02 
 6.638335e-01 -1.369446e-02 
 6.642312e-01 -1.456392e-02 
 6.646289e-01 -1.540268e-02 
 6.650266e-01 -1.621881e-02 
 6.654243e-01 -1.701764e-02 
 6.658220e-01 -1.782869e-02 
 6.662197e-01 -1.862227e-02 
 6.666174e-01 -1.939070e-02 
 6.670151e-01 -2.013466e-02 
 6.674128e-01 -2.086603e-02 
 6.678105e-01 -2.155572e-02 
 6.682082e-01 -2.221026e-02 
 6.686059e-01 -2.285583e-02 
 6.690036e-01 -2.346537e-02 
 6.694013e-01 -2.403952e-02 
 6.697990e-01 -2.459313e-02 
 6.701967e-01 -2.512846e-02 
 6.705944e-01 -2.564230e-02 
 6.709921e-01 -2.615058e-02 
 6.713898e-01 -2.663820e-02 
 6.717875e-01 -2.709115e-02 
 6.721852e-01 -2.750838e-02 
 6.725828e-01 -2.789463e-02 
 6.729805e-01 -2.824350e-02 
 6.733782e-01 -2.856103e-02 
 6.737759e-01 -2.884885e-02 
 6.741736e-01 -2.908912e-02 
 6.745713e-01 -2.929427e-02 
 6.749690e-01 -2.947856e-02 
 6.753667e-01 -2.964552e-02 
 6.757644e-01 -2.977906e-02 
 6.761621e-01 -2.989941e-02 
 6.765598e-01 -2.998447e-02 
 6.769575e-01 -3.001854e-02 
 6.773552e-01 -3.001378e-02 
 6.777529e-01 -2.998091e-02 
 6.781506e-01 -2.991577e-02 
 6.785483e-01 -2.981122e-02 
 6.789460e-01 -2.967200e-02 
 6.793437e-01 -2.950551e-02 
 6.797414e-01 -2.929685e-02 
 6.801391e-01 -2.906477e-02 
 6.805368e-01 -2.881146e-02 
 6.809345e-01 -2.854023e-02 
 6.813321e-01 -2.822073e-02 
 6.817298e-01 -2.786437e-02 
 6.821275e-01 -2.747853e-02 
 6.825252e-01 -2.704570e-02 
 6.829229e-01 -2.658879e-02 
 6.833206e-01 -2.610386e-02 
 6.837183e-01 -2.556860e-02 
 6.841160e-01 -2.498736e-02 
 6.845137e-01 -2.440142e-02 
 6.849114e-01 -2.378325e-02 
 6.853091e-01 -2.315581e-02 
 6.857068e-01 -2.249369e-02 
 6.861045e-01 -2.182966e-02 
 6.865022e-01 -2.111214e-02 
 6.868999e-01 -2.036652e-02 
 6.872976e-01 -1.961066e-02 
 6.876953e-01 -1.881441e-02 
 6.880930e-01 -1.798975e-02 
 6.884907e-01 -1.714636e-02 
 6.888884e-01 -1.626677e-02 
 6.892861e-01 -1.535286e-02 
 6.896838e-01 -1.443675e-02 
 6.900815e-01 -1.350965e-02 
 6.904791e-01 -1.256118e-02 
 6.908768e-01 -1.159129e-02 
 6.912745e-01 -1.060920e-02 
 6.916722e-01 -9.593240e-03 
 6.920699e-01 -8.560286e-03 
 6.924676e-01 -7.519641e-03 
 6.928653e-01 -6.448289e-03 
 6.932630e-01 -5.356678e-03 
 6.936607e-01 -4.238898e-03 
 6.940584e-01 -3.119208e-03 
 6.944561e-01 -1.984920e-03 
 6.948538e-01 -8.662815e-04 
 6.952515e-01  2.732648e-04 
 6.956492e-01  1.411115e-03 
 6.960469e-01  2.566909e-03 
 6.964446e-01  3.738608e-03 
 6.968423e-01  4.916168e-03 
 6.972400e-01  6.091712e-03 
 6.976377e-01  7.277475e-03 
 6.980354e-01  8.481070e-03 
 6.984331e-01  9.678216e-03 
 6.988308e-01  1.088162e-02 
 6.992285e-01  1.208780e-02 
 6.996261e-01  1.328129e-02 
 7.000238e-01  1.447941e-02 
 7.004215e-01  1.567444e-02 
 7.008192e-01  1.688390e-02 
 7.012169e-01  1.809029e-02 
 7.016146e-01  1.929859e-02 
 7.020123e-01  2.051027e-02 
 7.024100e-01  2.172367e-02 
 7.028077e-01  2.294642e-02 
 7.032054e-01  2.416982e-02 
 7.036031e-01  2.538553e-02 
 7.040008e-01  2.659402e-02 
 7.043985e-01  2.778394e-02 
 7.047962e-01  2.897422e-02 
 7.051939e-01  3.014842e-02 
 7.055916e-01  3.131354e-02 
 7.059893e-01  3.248093e-02 
 7.063870e-01  3.363550e-02 
 7.067847e-01  3.477819e-02 
 7.071824e-01  3.591592e-02 
 7.075801e-01  3.705350e-02 
 7.079778e-01  3.818837e-02 
 7.083755e-01  3.932300e-02 
 7.087731e-01  4.044680e-02 
 7.091708e-01  4.155919e-02 
 7.095685e-01  4.263739e-02 
 7.099662e-01  4.372390e-02 
 7.103639e-01  4.479592e-02 
 7.107616e-01  4.584132e-02 
 7.111593e-01  4.688013e-02 
 7.115570e-01  4.789800e-02 
 7.119547e-01  4.890687e-02 
 7.123524e-01  4.989999e-02 
 7.127501e-01  5.088517e-02 
 7.131478e-01  5.185596e-02 
 7.135455e-01  5.279233e-02 
 7.139432e-01  5.370092e-02 
 7.143409e-01  5.458337e-02 
 7.147386e-01  5.544104e-02 
 7.151363e-01  5.627474e-02 
 7.155340e-01  5.708775e-02 
 7.159317e-01  5.787376e-02 
 7.163294e-01  5.862614e-02 
 7.167271e-01  5.936220e-02 
 7.171248e-01  6.006285e-02 
 7.175225e-01  6.075388e-02 
 7.179201e-01  6.141527e-02 
 7.183178e-01  6.204551e-02 
 7.187155e-01  6.265141e-02 
 7.191132e-01  6.319964e-02 
 7.195109e-01  6.373427e-02 
 7.199086e-01  6.422979e-02 
 7.203063e-01  6.470010e-02 
 7.207040e-01  6.514277e-02 
 7.211017e-01  6.554251e-02 
 7.214994e-01  6.591435e-02 
 7.218971e-01  6.624987e-02 
 7.222948e-01  6.656186e-02 
 7.226925e-01  6.683492e-02 
 7.230902e-01  6.707829e-02 
 7.234879e-01  6.728947e-02 
 7.238856e-01  6.744817e-02 
 7.242833e-01  6.757550e-02 
 7.246810e-01  6.766776e-02 
 7.250787e-01  6.772983e-02 
 7.254764e-01  6.775796e-02 
 7.258741e-01  6.775547e-02 
 7.262718e-01  6.770314e-02 
 7.266695e-01  6.762489e-02 
 7.270671e-01  6.753054e-02 
 7.274648e-01  6.740954e-02 
 7.278625e-01  6.724634e-02 
 7.282602e-01  6.706609e-02 
 7.286579e-01  6.685123e-02 
 7.290556e-01  6.660535e-02 
 7.294533e-01  6.632952e-02 
 7.298510e-01  6.605601e-02 
 7.302487e-01  6.572273e-02 
 7.306464e-01  6.537313e-02 
 7.310441e-01  6.499922e-02 
 7.314418e-01  6.458720e-02 
 7.318395e-01  6.415901e-02 
 7.322372e-01  6.371107e-02 
 7.326349e-01  6.323504e-02 
 7.330326e-01  6.271522e-02 
 7.334303e-01  6.217771e-02 
 7.338280e-01  6.161487e-02 
 7.342257e-01  6.102058e-02 
 7.346234e-01  6.039559e-02 
 7.350211e-01  5.975071e-02 
 7.354188e-01  5.906770e-02 
 7.358165e-01  5.837589e-02 
 7.362141e-01  5.765080e-02 
 7.366118e-01  5.692051e-02 
 7.370095e-01  5.616633e-02 
 7.374072e-01  5.539329e-02 
 7.378049e-01  5.460206e-02 
 7.382026e-01  5.377469e-02 
 7.386003e-01  5.293362e-02 
 7.389980e-01  5.206971e-02 
 7.393957e-01  5.118311e-02 
 7.397934e-01  5.026290e-02 
 7.401911e-01  4.931450e-02 
 7.405888e-01  4.834792e-02 
 7.409865e-01  4.737125e-02 
 7.413842e-01  4.636196e-02 
 7.417819e-01  4.534979e-02 
 7.421796e-01  4.432290e-02 
 7.425773e-01  4.326913e-02 
 7.429750e-01  4.218509e-02 
 7.433727e-01  4.109834e-02 
 7.437704e-01  3.998776e-02 
 7.441681e-01  3.885547e-02 
 7.445658e-01  3.770770e-02 
 7.449635e-01  3.654352e-02 
 7.453611e-01  3.536022e-02 
 7.457588e-01  3.417339e-02 
 7.461565e-01  3.298900e-02 
 7.465542e-01  3.178405e-02 
 7.469519e-01  3.057917e-02 
 7.473496e-01  2.936122e-02 
 7.477473e-01  2.814199e-02 
 7.481450e-01  2.692061e-02 
 7.485427e-01  2.568731e-02 
 7.489404e-01  2.444994e-02 
 7.493381e-01  2.320578e-02 
 7.497358e-01  2.195622e-02 
 7.501335e-01  2.070255e-02 
 7.505312e-01  1.944442e-02 
 7.509289e-01  1.820244e-02 
 7.513266e-01  1.695994e-02 
 7.517243e-01  1.571609e-02 
 7.521220e-01  1.448361e-02 
 7.525197e-01  1.325092e-02 
 7.529174e-01  1.202570e-02 
 7.533151e-01  1.080520e-02 
 7.537128e-01  9.573403e-03 
 7.541104e-01  8.348713e-03 
 7.545081e-01  7.121028e-03 
 7.549058e-01  5.904379e-03 
 7.553035e-01  4.681333e-03 
 7.557012e-01  3.490503e-03 
 7.560989e-01  2.309853e-03 
 7.564966e-01  1.144879e-03 
 7.568943e-01 -1.022585e-05 
 7.572920e-01 -1.137130e-03 
 7.576897e-01 -2.260988e-03 
 7.580874e-01 -3.360392e-03 
 7.584851e-01 -4.452690e-03 
 7.588828e-01 -5.545055e-03 
 7.592805e-01 -6.627546e-03 
 7.596782e-01 -7.690298e-03 
 7.600759e-01 -8.742693e-03 
 7.604736e-01 -9.771521e-03 
 7.608713e-01 -1.077657e-02 
 7.612690e-01 -1.174616e-02 
 7.616667e-01 -1.270779e-02 
 7.620644e-01 -1.363855e-02 
 7.624621e-01 -1.454257e-02 
 7.628598e-01 -1.542932e-02 
 7.632574e-01 -1.629184e-02 
 7.636551e-01 -1.714031e-02 
 7.640528e-01 -1.797994e-02 
 7.644505e-01 -1.878248e-02 
 7.648482e-01 -1.956077e-02 
 7.652459e-01 -2.030181e-02 
 7.656436e-01 -2.102034e-02 
 7.660413e-01 -2.169231e-02 
 7.664390e-01 -2.234472e-02 
 7.668367e-01 -2.297320e-02 
 7.672344e-01 -2.356748e-02 
 7.676321e-01 -2.413592e-02 
 7.680298e-01 -2.467227e-02 
 7.684275e-01 -2.519285e-02 
 7.688252e-01 -2.568109e-02 
 7.692229e-01 -2.615430e-02 
 7.696206e-01 -2.659750e-02 
 7.700183e-01 -2.698456e-02 
 7.704160e-01 -2.734790e-02 
 7.708137e-01 -2.769048e-02 
 7.712114e-01 -2.799593e-02 
 7.716091e-01 -2.827102e-02 
 7.720068e-01 -2.851794e-02 
 7.724044e-01 -2.874871e-02 
 7.728021e-01 -2.894378e-02 
 7.731998e-01 -2.912758e-02 
 7.735975e-01 -2.930036e-02 
 7.739952e-01 -2.944906e-02 
 7.743929e-01 -2.955535e-02 
 7.747906e-01 -2.962598e-02 
 7.751883e-01 -2.966825e-02 
 7.755860e-01 -2.967874e-02 
 7.759837e-01 -2.965590e-02 
 7.763814e-01 -2.961447e-02 
 7.767791e-01 -2.951888e-02 
 7.771768e-01 -2.939211e-02 
 7.775745e-01 -2.924712e-02 
 7.779722e-01 -2.907416e-02 
 7.783699e-01 -2.887685e-02 
 7.787676e-01 -2.866302e-02 
 7.791653e-01 -2.841614e-02 
 7.795630e-01 -2.812697e-02 
 7.799607e-01 -2.779419e-02 
 7.803584e-01 -2.744446e-02 
 7.807561e-01 -2.704189e-02 
 7.811538e-01 -2.661180e-02 
 7.815514e-01 -2.614615e-02 
 7.819491e-01 -2.564494e-02 
 7.823468e-01 -2.511858e-02 
 7.827445e-01 -2.458608e-02 
 7.831422e-01 -2.402362e-02 
 7.835399e-01 -2.343297e-02 
 7.839376e-01 -2.280375e-02 
 7.843353e-01 -2.215240e-02 
 7.847330e-01 -2.144460e-02 
 7.851307e-01 -2.070579e-02 
 7.855284e-01 -1.994101e-02 
 7.859261e-01 -1.915304e-02 
 7.863238e-01 -1.833308e-02 
 7.867215e-01 -1.749022e-02 
 7.871192e-01 -1.662675e-02 
 7.875169e-01 -1.574118e-02 
 7.879146e-01 -1.484771e-02 
 7.883123e-01 -1.394528e-02 
 7.887100e-01 -1.300703e-02 
 7.891077e-01 -1.203997e-02 
 7.895054e-01 -1.105362e-02 
 7.899031e-01 -1.003356e-02 
 7.903008e-01 -8.993434e-03 
 7.906984e-01 -7.951538e-03 
 7.910961e-01 -6.889663e-03 
 7.914938e-01 -5.810396e-03 
 7.918915e-01 -4.722268e-03 
 7.922892e-01 -3.628170e-03 
 7.926869e-01 -2.530194e-03 
 7.930846e-01 -1.428687e-03 
 7.934823e-01 -3.045620e-04 
 7.938800e-01  8.456307e-04 
 7.942777e-01  2.008824e-03 
 7.946754e-01  3.166625e-03 
 7.950731e-01  4.350398e-03 
 7.954708e-01  5.539930e-03 
 7.958685e-01  6.728746e-03 
 7.962662e-01  7.948328e-03 
 7.966639e-01  9.170108e-03 
 7.970616e-01  1.040037e-02 
 7.974593e-01  1.162193e-02 
 7.978570e-01  1.284777e-02 
 7.982547e-01  1.408020e-02 
 7.986524e-01  1.531198e-02 
 7.990501e-01  1.656799e-02 
 7.994478e-01  1.781103e-02 
 7.998454e-01  1.905581e-02 
 8.002431e-01  2.030154e-02 
 8.006408e-01  2.154752e-02 
 8.010385e-01  2.279740e-02 
 8.014362e-01  2.403264e-02 
 8.018339e-01  2.525520e-02 
 8.022316e-01  2.646639e-02 
 8.026293e-01  2.766070e-02 
 8.030270e-01  2.884881e-02 
 8.034247e-01  3.004260e-02 
 8.038224e-01  3.123457e-02 
 8.042201e-01  3.243099e-02 
 8.046178e-01  3.360386e-02 
 8.050155e-01  3.477663e-02 
 8.054132e-01  3.593508e-02 
 8.058109e-01  3.709250e-02 
 8.062086e-01  3.824145e-02 
 8.066063e-01  3.936201e-02 
 8.070040e-01  4.045703e-02 
 8.074017e-01  4.152905e-02 
 8.077994e-01  4.258949e-02 
 8.081971e-01  4.362988e-02 
 8.085948e-01  4.466789e-02 
 8.089924e-01  4.568907e-02 
 8.093901e-01  4.670098e-02 
 8.097878e-01  4.768513e-02 
 8.101855e-01  4.865696e-02 
 8.105832e-01  4.961069e-02 
 8.109809e-01  5.054179e-02 
 8.113786e-01  5.144427e-02 
 8.117763e-01  5.231876e-02 
 8.121740e-01  5.317581e-02 
 8.125717e-01  5.401286e-02 
 8.129694e-01  5.484486e-02 
 8.133671e-01  5.565283e-02 
 8.137648e-01  5.645856e-02 
 8.141625e-01  5.723983e-02 
 8.145602e-01  5.799545e-02 
 8.149579e-01  5.872994e-02 
 8.153556e-01  5.945991e-02 
 8.157533e-01  6.014526e-02 
 8.161510e-01  6.082375e-02 
 8.165487e-01  6.147202e-02 
 8.169464e-01  6.207530e-02 
 8.173441e-01  6.264895e-02 
 8.177418e-01  6.321388e-02 
 8.181394e-01  6.374050e-02 
 8.185371e-01  6.423967e-02 
 8.189348e-01  6.471652e-02 
 8.193325e-01  6.516862e-02 
 8.197302e-01  6.558563e-02 
 8.201279e-01  6.598119e-02 
 8.205256e-01  6.633869e-02 
 8.209233e-01  6.665109e-02 
 8.213210e-01  6.693393e-02 
 8.217187e-01  6.717850e-02 
 8.221164e-01  6.738165e-02 
 8.225141e-01  6.755194e-02 
 8.229118e-01  6.770228e-02 
 8.233095e-01  6.780477e-02 
 8.237072e-01  6.787610e-02 
 8.241049e-01  6.792028e-02 
 8.245026e-01  6.794669e-02 
 8.249003e-01  6.793676e-02 
 8.252980e-01  6.789965e-02 
 8.256957e-01  6.783215e-02 
 8.260934e-01  6.771825e-02 
 8.264911e-01  6.755736e-02 
 8.268887e-01  6.735355e-02 
 8.272864e-01  6.712428e-02 
 8.276841e-01  6.684592e-02 
 8.280818e-01  6.653799e-02 
 8.284795e-01  6.620406e-02 
 8.288772e-01  6.584249e-02 
 8.292749e-01  6.545306e-02 
 8.296726e-01  6.503126e-02 
 8.300703e-01  6.459012e-02 
 8.304680e-01  6.410649e-02 
 8.308657e-01  6.358841e-02 
 8.312634e-01  6.304127e-02 
 8.316611e-01  6.247646e-02 
 8.320588e-01  6.188131e-02 
 8.324565e-01  6.125601e-02 
 8.328542e-01  6.061626e-02 
 8.332519e-01  5.995852e-02 
 8.336496e-01  5.925643e-02 
 8.340473e-01  5.855007e-02 
 8.344450e-01  5.782159e-02 
 8.348427e-01  5.707294e-02 
 8.352404e-01  5.630843e-02 
 8.356381e-01  5.551721e-02 
 8.360357e-01  5.468458e-02 
 8.364334e-01  5.383426e-02 
 8.368311e-01  5.296821e-02 
 8.372288e-01  5.207765e-02 
 8.376265e-01  5.116307e-02 
 8.380242e-01  5.023578e-02 
 8.384219e-01  4.928119e-02 
 8.388196e-01  4.831945e-02 
 8.392173e-01  4.733552e-02 
 8.396150e-01  4.634808e-02 
 8.400127e-01  4.533956e-02 
 8.404104e-01  4.430664e-02 
 8.408081e-01  4.326211e-02 
 8.412058e-01  4.219617e-02 
 8.416035e-01  4.111478e-02 
 8.420012e-01  4.002694e-02 
 8.423989e-01  3.891810e-02 
 8.427966e-01  3.778694e-02 
 8.431943e-01  3.664655e-02 
 8.435920e-01  3.551175e-02 
 8.439897e-01  3.437069e-02 
 8.443874e-01  3.322733e-02 
 8.447851e-01  3.209200e-02 
 8.451827e-01  3.093364e-02 
 8.455804e-01  2.976126e-02 
 8.459781e-01  2.857277e-02 
 8.463758e-01  2.737023e-02 
 8.467735e-01  2.616067e-02 
 8.471712e-01  2.493175e-02 
 8.475689e-01  2.370101e-02 
 8.479666e-01  2.245976e-02 
 8.483643e-01  2.123215e-02 
 8.487620e-01  1.999559e-02 
 8.491597e-01  1.877199e-02 
 8.495574e-01  1.754654e-02 
 8.499551e-01  1.630441e-02 
 8.503528e-01  1.507099e-02 
 8.507505e-01  1.382827e-02 
 8.511482e-01  1.259261e-02 
 8.515459e-01  1.134903e-02 
 8.519436e-01  1.010786e-02 
 8.523413e-01  8.876293e-03 
 8.527390e-01  7.635253e-03 
 8.531367e-01  6.422060e-03 
 8.535344e-01  5.220864e-03 
 8.539321e-01  4.037698e-03 
 8.543297e-01  2.872779e-03 
 8.547274e-01  1.696475e-03 
 8.551251e-01  5.322918e-04 
 8.555228e-01 -6.181658e-04 
 8.559205e-01 -1.765193e-03 
 8.563182e-01 -2.913900e-03 
 8.567159e-01 -4.054240e-03 
 8.571136e-01 -5.176450e-03 
 8.575113e-01 -6.281051e-03 
 8.579090e-01 -7.355870e-03 
 8.583067e-01 -8.403705e-03 
 8.587044e-01 -9.430776e-03 
 8.591021e-01 -1.044082e-02 
 8.594998e-01 -1.142680e-02 
 8.598975e-01 -1.239760e-02 
 8.602952e-01 -1.335292e-02 
 8.606929e-01 -1.426897e-02 
 8.610906e-01 -1.519097e-02 
 8.614883e-01 -1.609803e-02 
 8.618860e-01 -1.697509e-02 
 8.622837e-01 -1.783220e-02 
 8.626814e-01 -1.866263e-02 
 8.630791e-01 -1.945410e-02 
 8.634767e-01 -2.019547e-02 
 8.638744e-01 -2.092410e-02 
 8.642721e-01 -2.161608e-02 
 8.646698e-01 -2.227757e-02 
 8.650675e-01 -2.291990e-02 
 8.654652e-01 -2.353863e-02 
 8.658629e-01 -2.413095e-02 
 8.662606e-01 -2.470389e-02 
 8.666583e-01 -2.526031e-02 
 8.670560e-01 -2.578198e-02 
 8.674537e-01 -2.626279e-02 
 8.678514e-01 -2.670767e-02 
 8.682491e-01 -2.711699e-02 
 8.686468e-01 -2.749710e-02 
 8.690445e-01 -2.785532e-02 
 8.694422e-01 -2.816183e-02 
 8.698399e-01 -2.845301e-02 
 8.702376e-01 -2.871680e-02 
 8.706353e-01 -2.895717e-02 
 8.710330e-01 -2.916725e-02 
 8.714307e-01 -2.935589e-02 
 8.718284e-01 -2.952469e-02 
 8.722261e-01 -2.964604e-02 
 8.726237e-01 -2.972061e-02 
 8.730214e-01 -2.975159e-02 
 8.734191e-01 -2.974894e-02 
 8.738168e-01 -2.971073e-02 
 8.742145e-01 -2.964452e-02 
 8.746122e-01 -2.955880e-02 
 8.750099e-01 -2.944537e-02 
 8.754076e-01 -2.931745e-02 
 8.758053e-01 -2.916101e-02 
 8.762030e-01 -2.898910e-02 
 8.766007e-01 -2.878144e-02 
 8.769984e-01 -2.854436e-02 
 8.773961e-01 -2.826328e-02 
 8.777938e-01 -2.795023e-02 
 8.781915e-01 -2.760421e-02 
 8.785892e-01 -2.723177e-02 
 8.789869e-01 -2.683232e-02 
 8.793846e-01 -2.641252e-02 
 8.797823e-01 -2.595487e-02 
 8.801800e-01 -2.548848e-02 
 8.805777e-01 -2.499550e-02 
 8.809754e-01 -2.448864e-02 
 8.813731e-01 -2.395503e-02 
 8.817707e-01 -2.338150e-02 
 8.821684e-01 -2.277267e-02 
 8.825661e-01 -2.212610e-02 
 8.829638e-01 -2.144012e-02 
 8.833615e-01 -2.073585e-02 
 8.837592e-01 -2.001367e-02 
 8.841569e-01 -1.926783e-02 
 8.845546e-01 -1.849868e-02 
 8.849523e-01 -1.770507e-02 
 8.853500e-01 -1.689898e-02 
 8.857477e-01 -1.608075e-02 
 8.861454e-01 -1.523971e-02 
 8.865431e-01 -1.436526e-02 
 8.869408e-01 -1.344967e-02 
 8.873385e-01 -1.250701e-02 
 8.877362e-01 -1.154423e-02 
 8.881339e-01 -1.055522e-02 
 8.885316e-01 -9.546706e-03 
 8.889293e-01 -8.525344e-03 
 8.893270e-01 -7.477535e-03 
 8.897247e-01 -6.414984e-03 
 8.901224e-01 -5.344565e-03 
 8.905200e-01 -4.268919e-03 
 8.909177e-01 -3.187747e-03 
 8.913154e-01 -2.072241e-03 
 8.917131e-01 -9.229393e-04 
 8.921108e-01  2.398955e-04 
 8.925085e-01  1.437721e-03 
 8.929062e-01  2.642397e-03 
 8.933039e-01  3.856608e-03 
 8.937016e-01  5.078987e-03 
 8.940993e-01  6.315355e-03 
 8.944970e-01  7.544027e-03 
 8.948947e-01  8.770762e-03 
 8.952924e-01  1.000380e-02 
 8.956901e-01  1.121690e-02 
 8.960878e-01  1.244235e-02 
 8.964855e-01  1.368472e-02 
 8.968832e-01  1.492886e-02 
 8.972809e-01  1.618793e-02 
 8.976786e-01  1.744802e-02 
 8.980763e-01  1.870081e-02 
 8.984740e-01  1.995633e-02 
 8.988717e-01  2.120913e-02 
 8.992694e-01  2.246048e-02 
 8.996670e-01  2.370412e-02 
 9.000647e-01  2.493194e-02 
 9.004624e-01  2.614549e-02 
 9.008601e-01  2.736314e-02 
 9.012578e-01  2.856971e-02 
 9.016555e-01  2.979579e-02 
 9.020532e-01  3.101739e-02 
 9.024509e-01  3.223242e-02 
 9.028486e-01  3.342193e-02 
 9.032463e-01  3.460554e-02 
 9.036440e-01  3.577814e-02 
 9.040417e-01  3.693869e-02 
 9.044394e-01  3.806933e-02 
 9.048371e-01  3.918891e-02 
 9.052348e-01  4.028444e-02 
 9.056325e-01  4.137114e-02 
 9.060302e-01  4.244886e-02 
 9.064279e-01  4.351070e-02 
 9.068256e-01  4.457254e-02 
 9.072233e-01  4.560189e-02 
 9.076210e-01  4.662626e-02 
 9.080187e-01  4.762057e-02 
 9.084164e-01  4.860235e-02 
 9.088140e-01  4.957160e-02 
 9.092117e-01  5.051977e-02 
 9.096094e-01  5.143062e-02 
 9.100071e-01  5.231873e-02 
 9.104048e-01  5.318888e-02 
 9.108025e-01  5.403285e-02 
 9.112002e-01  5.485974e-02 
 9.115979e-01  5.567868e-02 
 9.119956e-01  5.646542e-02 
 9.123933e-01  5.722840e-02 
 9.127910e-01  5.797611e-02 
 9.131887e-01  5.868661e-02 
 9.135864e-01  5.938308e-02 
 9.139841e-01  6.005265e-02 
 9.143818e-01  6.067405e-02 
 9.147795e-01  6.126707e-02 
 9.151772e-01  6.183454e-02 
 9.155749e-01  6.237243e-02 
 9.159726e-01  6.288201e-02 
 9.163703e-01  6.337733e-02 
 9.167680e-01  6.383955e-02 
 9.171657e-01  6.428360e-02 
 9.175634e-01  6.471554e-02 
 9.179610e-01  6.512013e-02 
 9.183587e-01  6.549452e-02 
 9.187564e-01  6.584933e-02 
 9.191541e-01  6.616888e-02 
 9.195518e-01  6.645257e-02 
 9.199495e-01  6.670989e-02 
 9.203472e-01  6.693627e-02 
 9.207449e-01  6.715375e-02 
 9.211426e-01  6.733542e-02 
 9.215403e-01  6.749863e-02 
 9.219380e-01  6.762294e-02 
 9.223357e-01  6.772952e-02 
 9.227334e-01  6.778881e-02 
 9.231311e-01  6.781914e-02 
 9.235288e-01  6.781061e-02 
 9.239265e-01  6.774981e-02 
 9.243242e-01  6.766278e-02 
 9.247219e-01  6.753769e-02 
 9.251196e-01  6.738152e-02 
 9.255173e-01  6.718692e-02 
 9.259150e-01  6.698074e-02 
 9.263127e-01  6.672690e-02 
 9.267104e-01  6.644349e-02 
 9.271080e-01  6.613678e-02 
 9.275057e-01  6.579844e-02 
 9.279034e-01  6.542402e-02 
 9.283011e-01  6.501619e-02 
 9.286988e-01  6.456640e-02 
 9.290965e-01  6.408405e-02 
 9.294942e-01  6.355783e-02 
 9.298919e-01  6.301198e-02 
 9.302896e-01  6.242729e-02 
 9.306873e-01  6.181615e-02 
 9.310850e-01  6.118189e-02 
 9.314827e-01  6.050973e-02 
 9.318804e-01  5.981308e-02 
 9.322781e-01  5.909528e-02 
 9.326758e-01  5.835639e-02 
 9.330735e-01  5.758582e-02 
 9.334712e-01  5.679200e-02 
 9.338689e-01  5.595795e-02 
 9.342666e-01  5.510166e-02 
 9.346643e-01  5.422444e-02 
 9.350620e-01  5.332363e-02 
 9.354597e-01  5.240671e-02 
 9.358574e-01  5.146405e-02 
 9.362550e-01  5.051330e-02 
 9.366527e-01  4.954836e-02 
 9.370504e-01  4.856776e-02 
 9.374481e-01  4.757977e-02 
 9.378458e-01  4.657765e-02 
 9.382435e-01  4.555639e-02 
 9.386412e-01  4.450830e-02 
 9.390389e-01  4.344376e-02 
 9.394366e-01  4.236536e-02 
 9.398343e-01  4.127732e-02 
 9.402320e-01  4.017674e-02 
 9.406297e-01  3.906079e-02 
 9.410274e-01  3.794122e-02 
 9.414251e-01  3.681045e-02 
 9.418228e-01  3.567842e-02 
 9.422205e-01  3.453266e-02 
 9.426182e-01  3.337621e-02 
 9.430159e-01  3.220888e-02 
 9.434136e-01  3.101731e-02 
 9.438113e-01  2.980935e-02 
 9.442090e-01  2.859970e-02 
 9.446067e-01  2.738213e-02 
 9.450044e-01  2.615725e-02 
 9.454020e-01  2.493281e-02 
 9.457997e-01  2.371027e-02 
 9.461974e-01  2.248599e-02 
 9.465951e-01  2.126436e-02 
 9.469928e-01  2.005428e-02 
 9.473905e-01  1.884234e-02 
 9.477882e-01  1.761920e-02 
 9.481859e-01  1.640045e-02 
 9.485836e-01  1.518808e-02 
 9.489813e-01  1.396373e-02 
 9.493790e-01  1.275073e-02 
 9.497767e-01  1.155139e-02 
 9.501744e-01  1.034097e-02 
 9.505721e-01  9.138255e-03 
 9.509698e-01  7.954975e-03 
 9.513675e-01  6.774659e-03 
 9.517652e-01  5.607886e-03 
 9.521629e-01  4.446994e-03 
 9.525606e-01  3.287476e-03 
 9.529583e-01  2.125313e-03 
 9.533560e-01  9.784776e-04 
 9.537537e-01 -1.603080e-04 
 9.541514e-01 -1.289479e-03 
 9.545490e-01 -2.411074e-03 
 9.549467e-01 -3.521165e-03 
 9.553444e-01 -4.615583e-03 
 9.557421e-01 -5.688252e-03 
 9.561398e-01 -6.743539e-03 
 9.565375e-01 -7.783685e-03 
 9.569352e-01 -8.797674e-03 
 9.573329e-01 -9.808914e-03 
 9.577306e-01 -1.081473e-02 
 9.581283e-01 -1.180213e-02 
 9.585260e-01 -1.277980e-02 
 9.589237e-01 -1.374127e-02 
 9.593214e-01 -1.468325e-02 
 9.597191e-01 -1.561297e-02 
 9.601168e-01 -1.651357e-02 
 9.605145e-01 -1.738908e-02 
 9.609122e-01 -1.821258e-02 
 9.613099e-01 -1.902271e-02 
 9.617076e-01 -1.979860e-02 
 9.621053e-01 -2.056332e-02 
 9.625030e-01 -2.131308e-02 
 9.629007e-01 -2.204221e-02 
 9.632983e-01 -2.274762e-02 
 9.636960e-01 -2.342368e-02 
 9.640937e-01 -2.408102e-02 
 9.644914e-01 -2.470910e-02 
 9.648891e-01 -2.530499e-02 
 9.652868e-01 -2.584365e-02 
 9.656845e-01 -2.635060e-02 
 9.660822e-01 -2.681304e-02 
 9.664799e-01 -2.724624e-02 
 9.668776e-01 -2.764892e-02 
 9.672753e-01 -2.803410e-02 
 9.676730e-01 -2.837258e-02 
 9.680707e-01 -2.868657e-02 
 9.684684e-01 -2.896887e-02 
 9.688661e-01 -2.922183e-02 
 9.692638e-01 -2.944393e-02 
 9.696615e-01 -2.962449e-02 
 9.700592e-01 -2.977020e-02 
 9.704569e-01 -2.985977e-02 
 9.708546e-01 -2.991025e-02 
 9.712523e-01 -2.994530e-02 
 9.716500e-01 -2.994872e-02 
 9.720477e-01 -2.992455e-02 
 9.724453e-01 -2.987670e-02 
 9.728430e-01 -2.979737e-02 
 9.732407e-01 -2.969899e-02 
 9.736384e-01 -2.956214e-02 
 9.740361e-01 -2.941485e-02 
 9.744338e-01 -2.922216e-02 
 9.748315e-01 -2.898181e-02 
 9.752292e-01 -2.872178e-02 
 9.756269e-01 -2.841437e-02 
 9.760246e-01 -2.807652e-02 
 9.764223e-01 -2.771242e-02 
 9.768200e-01 -2.733495e-02 
 9.772177e-01 -2.691824e-02 
 9.776154e-01 -2.649050e-02 
 9.780131e-01 -2.603486e-02 
 9.784108e-01 -2.556053e-02 
 9.788085e-01 -2.505786e-02 
 9.792062e-01 -2.453285e-02 
 9.796039e-01 -2.396737e-02 
 9.800016e-01 -2.336616e-02 
 9.803993e-01 -2.272449e-02 
 9.807970e-01 -2.205850e-02 
 9.811947e-01 -2.136494e-02 
 9.815923e-01 -2.066332e-02 
 9.819900e-01 -1.994049e-02 
 9.823877e-01 -1.920650e-02 
 9.827854e-01 -1.844282e-02 
 9.831831e-01 -1.765989e-02 
 9.835808e-01 -1.687082e-02 
 9.839785e-01 -1.605431e-02 
 9.843762e-01 -1.520377e-02 
 9.847739e-01 -1.432090e-02 
 9.851716e-01 -1.341372e-02 
 9.855693e-01 -1.247571e-02 
 9.859670e-01 -1.151513e-02 
 9.863647e-01 -1.055037e-02 
 9.867624e-01 -9.569164e-03 
 9.871601e-01 -8.566724e-03 
 9.875578e-01 -7.551410e-03 
 9.879555e-01 -6.520586e-03 
 9.883532e-01 -5.485940e-03 
 9.887509e-01 -4.428317e-03 
 9.891486e-01 -3.352020e-03 
 9.895463e-01 -2.241889e-03 
 9.899440e-01 -1.102235e-03 
 9.903417e-01  3.528129e-05 
 9.907393e-01  1.179822e-03 
 9.911370e-01  2.331720e-03 
 9.915347e-01  3.480523e-03 
 9.919324e-01  4.630914e-03 
 9.923301e-01  5.797323e-03 
 9.927278e-01  6.970977e-03 
 9.931255e-01  8.147001e-03 
 9.935232e-01  9.339079e-03 
 9.939209e-01  1.055273e-02 
 9.943186e-01  1.178034e-02 
 9.947163e-01  1.302607e-02 
 9.951140e-01  1.429607e-02 
 9.955117e-01  1.554977e-02 
 9.959094e-01  1.680405e-02 
 9.963071e-01  1.805137e-02 
 9.967048e-01  1.931176e-02 
 9.971025e-01  2.055933e-02 
 9.975002e-01  2.181083e-02 
 9.978979e-01  2.305089e-02 
 9.982956e-01  2.429270e-02 
 9.986933e-01  2.553997e-02 
 9.990910e-01  2.679815e-02 
 9.994887e-01  2.806002e-02 
 9.998863e-01  2.931831e-02 
 1.000284e+00  3.056482e-02 
 1.000682e+00  3.178732e-02 
 1.001079e+00  3.299265e-02 
 1.001477e+00  3.419766e-02 
 1.001875e+00  3.539180e-02 
 1.002273e+00  3.656009e-02 
 1.002670e+00  3.772460e-02 
 1.003068e+00  3.886596e-02 
 1.003466e+00  4.000789e-02 
 1.003863e+00  4.113051e-02 
 1.004261e+00  4.225099e-02 
 1.004659e+00  4.337109e-02 
 1.005056e+00  4.445280e-02 
 1.005454e+00  4.552676e-02 
 1.005852e+00  4.656700e-02 
 1.006249e+00  4.758644e-02 
 1.006647e+00  4.859275e-02 
 1.007045e+00  4.956706e-02 
 1.007443e+00  5.051129e-02 
 1.007840e+00  5.142566e-02 
 1.008238e+00  5.232626e-02 
 1.008636e+00  5.322649e-02 
 1.009033e+00  5.408996e-02 
 1.009431e+00  5.494793e-02 
 1.009829e+00  5.576855e-02 
 1.010226e+00  5.656063e-02 
 1.010624e+00  5.731281e-02 
 1.011022e+00  5.804363e-02 
 1.011420e+00  5.873959e-02 
 1.011817e+00  5.940898e-02 
 1.012215e+00  6.004253e-02 
 1.012613e+00  6.066504e-02 
 1.013010e+00  6.124248e-02 
 1.013408e+00  6.180865e-02 
 1.013806e+00  6.237132e-02 
 1.014203e+00  6.289232e-02 
 1.014601e+00  6.338933e-02 
 1.014999e+00  6.385921e-02 
 1.015396e+00  6.430699e-02 
 1.015794e+00  6.471504e-02 
 1.016192e+00  6.509923e-02 
 1.016590e+00  6.545075e-02 
 1.016987e+00  6.576394e-02 
 1.017385e+00  6.604231e-02 
 1.017783e+00  6.630322e-02 
 1.018180e+00  6.653564e-02 
 1.018578e+00  6.673589e-02 
 1.018976e+00  6.693155e-02 
 1.019373e+00  6.707433e-02 
 1.019771e+00  6.718903e-02 
 1.020169e+00  6.727281e-02 
 1.020567e+00  6.732683e-02 
 1.020964e+00  6.735007e-02 
 1.021362e+00  6.734408e-02 
 1.021760e+00  6.731748e-02 
 1.022157e+00  6.726315e-02 
 1.022555e+00  6.717070e-02 
 1.022953e+00  6.706411e-02 
 1.023350e+00  6.692704e-02 
 1.023748e+00  6.677535e-02 
 1.024146e+00  6.660083e-02 
 1.024543e+00  6.638370e-02 
 1.024941e+00  6.614876e-02 
 1.025339e+00  6.588329e-02 
 1.025737e+00  6.558972e-02 
 1.026134e+00  6.525742e-02 
 1.026532e+00  6.488235e-02 
 1.026930e+00  6.447777e-02 
 1.027327e+00  6.403145e-02 
 1.027725e+00  6.356870e-02 
 1.028123e+00  6.308299e-02 
 1.028520e+00  6.256299e-02 
 1.028918e+00  6.202809e-02 
 1.029316e+00  6.145593e-02 
 1.029714e+00  6.085361e-02 
 1.030111e+00  6.020797e-02 
 1.030509e+00  5.955048e-02 
 1.030907e+00  5.884827e-02 
 1.031304e+00  5.811851e-02 
 1.031702e+00  5.734330e-02 
 1.032100e+00  5.654169e-02 
 1.032497e+00  5.570737e-02 
 1.032895e+00  5.486577e-02 
 1.033293e+00  5.398784e-02 
 1.033690e+00  5.309948e-02 
 1.034088e+00  5.219298e-02 
 1.034486e+00  5.126258e-02 
 1.034884e+00  5.031405e-02 
 1.035281e+00  4.932752e-02 
 1.035679e+00  4.831423e-02 
 1.036077e+00  4.726914e-02 
 1.036474e+00  4.619716e-02 
 1.036872e+00  4.510112e-02 
 1.037270e+00  4.399966e-02 
 1.037667e+00  4.289268e-02 
 1.038065e+00  4.175656e-02 
 1.038463e+00  4.061908e-02 
 1.038861e+00  3.947870e-02 
 1.039258e+00  3.831684e-02 
 1.039656e+00  3.713798e-02 
 1.040054e+00  3.595525e-02 
 1.040451e+00  3.475820e-02 
 1.040849e+00  3.354671e-02 
 1.041247e+00  3.233999e-02 
 1.041644e+00  3.111687e-02 
 1.042042e+00  2.987780e-02 
 1.042440e+00  2.866172e-02 
 1.042837e+00  2.744572e-02 
 1.043235e+00  2.621874e-02 
 1.043633e+00  2.500749e-02 
 1.044031e+00  2.380521e-02 
 1.044428e+00  2.260332e-02 
 1.044826e+00  2.139778e-02 
 1.045224e+00  2.019285e-02 
 1.045621e+00  1.897058e-02 
 1.046019e+00  1.774416e-02 
 1.046417e+00  1.652642e-02 
 1.046814e+00  1.530344e-02 
 1.047212e+00  1.408513e-02 
 1.047610e+00  1.287687e-02 
 1.048008e+00  1.168097e-02 
 1.048405e+00  1.048271e-02 
 1.048803e+00  9.302772e-03 
 1.049201e+00  8.138135e-03 
 1.049598e+00  6.985485e-03 
 1.049996e+00  5.831142e-03 
 1.050394e+00  4.678279e-03 
 1.050791e+00  3.521059e-03 
 1.051189e+00  2.358451e-03 
 1.051587e+00  1.208809e-03 
 1.051984e+00  6.778610e-05 
 1.052382e+00 -1.067108e-03 
 1.052780e+00 -2.179626e-03 
 1.053178e+00 -3.265916e-03 
 1.053575e+00 -4.344354e-03 
 1.053973e+00 -5.391602e-03 
 1.054371e+00 -6.420714e-03 
 1.054768e+00 -7.441372e-03 
 1.055166e+00 -8.471480e-03 
 1.055564e+00 -9.487412e-03 
 1.055961e+00 -1.048602e-02 
 1.056359e+00 -1.147557e-02 
 1.056757e+00 -1.243991e-02 
 1.057155e+00 -1.336881e-02 
 1.057552e+00 -1.430085e-02 
 1.057950e+00 -1.519192e-02 
 1.058348e+00 -1.606483e-02 
 1.058745e+00 -1.690842e-02 
 1.059143e+00 -1.774118e-02 
 1.059541e+00 -1.853710e-02 
 1.059938e+00 -1.932046e-02 
 1.060336e+00 -2.010439e-02 
 1.060734e+00 -2.085961e-02 
 1.061131e+00 -2.158423e-02 
 1.061529e+00 -2.228275e-02 
 1.061927e+00 -2.294819e-02 
 1.062325e+00 -2.358925e-02 
 1.062722e+00 -2.420055e-02 
 1.063120e+00 -2.477313e-02 
 1.063518e+00 -2.530221e-02 
 1.063915e+00 -2.581267e-02 
 1.064313e+00 -2.630147e-02 
 1.064711e+00 -2.676825e-02 
 1.065108e+00 -2.721036e-02 
 1.065506e+00 -2.764014e-02 
 1.065904e+00 -2.804034e-02 
 1.066302e+00 -2.840051e-02 
 1.066699e+00 -2.873757e-02 
 1.067097e+00 -2.903811e-02 
 1.067495e+00 -2.930726e-02 
 1.067892e+00 -2.953653e-02 
 1.068290e+00 -2.973075e-02 
 1.068688e+00 -2.988160e-02 
 1.069085e+00 -3.000040e-02 
 1.069483e+00 -3.009115e-02 
 1.069881e+00 -3.015866e-02 
 1.070278e+00 -3.020155e-02 
 1.070676e+00 -3.020387e-02 
 1.071074e+00 -3.018132e-02 
 1.071472e+00 -3.012572e-02 
 1.071869e+00 -3.002350e-02 
 1.072267e+00 -2.988413e-02 
 1.072665e+00 -2.970245e-02 
 1.073062e+00 -2.947219e-02 
 1.073460e+00 -2.919798e-02 
 1.073858e+00 -2.889234e-02 
 1.074255e+00 -2.857054e-02 
 1.074653e+00 -2.821428e-02 
 1.075051e+00 -2.784129e-02 
 1.075449e+00 -2.743174e-02 
 1.075846e+00 -2.698437e-02 
 1.076244e+00 -2.651195e-02 
 1.076642e+00 -2.600402e-02 
 1.077039e+00 -2.545047e-02 
 1.077437e+00 -2.487992e-02 
 1.077835e+00 -2.426774e-02 
 1.078232e+00 -2.360897e-02 
 1.078630e+00 -2.293906e-02 
 1.079028e+00 -2.225183e-02 
 1.079425e+00 -2.154592e-02 
 1.079823e+00 -2.082697e-02 
 1.080221e+00 -2.009575e-02 
 1.080619e+00 -1.932351e-02 
 1.081016e+00 -1.854297e-02 
 1.081414e+00 -1.775249e-02 
 1.081812e+00 -1.691888e-02 
 1.082209e+00 -1.604713e-02 
 1.082607e+00 -1.516293e-02 
 1.083005e+00 -1.424685e-02 
 1.083402e+00 -1.331014e-02 
 1.083800e+00 -1.238717e-02 
 1.084198e+00 -1.144320e-02 
 1.084596e+00 -1.048696e-02 
 1.084993e+00 -9.519651e-03 
 1.085391e+00 -8.541037e-03 
 1.085789e+00 -7.543290e-03 
 1.086186e+00 -6.535509e-03 
 1.086584e+00 -5.526311e-03 
 1.086982e+00 -4.481031e-03 
 1.087379e+00 -3.427390e-03 
 1.087777e+00 -2.347808e-03 
 1.088175e+00 -1.253850e-03 
 1.088572e+00 -1.513250e-04 
 1.088970e+00  9.639745e-04 
 1.089368e+00  2.079344e-03 
 1.089766e+00  3.207090e-03 
 1.090163e+00  4.351814e-03 
 1.090561e+00  5.496914e-03 
 1.090959e+00  6.664401e-03 
 1.091356e+00  7.835395e-03 
 1.091754e+00  9.028271e-03 
 1.092152e+00  1.024510e-02 
 1.092549e+00  1.147613e-02 
 1.092947e+00  1.271305e-02 
 1.093345e+00  1.395558e-02 
 1.093743e+00  1.517861e-02 
 1.094140e+00  1.640947e-02 
 1.094538e+00  1.763306e-02 
 1.094936e+00  1.886647e-02 
 1.095333e+00  2.009057e-02 
 1.095731e+00  2.132307e-02 
 1.096129e+00  2.255945e-02 
 1.096526e+00  2.378239e-02 
 1.096924e+00  2.502458e-02 
 1.097322e+00  2.628196e-02 
 1.097719e+00  2.752841e-02 
 1.098117e+00  2.877176e-02 
 1.098515e+00  2.999512e-02 
 1.098913e+00  3.120540e-02 
 1.099310e+00  3.239883e-02 
 1.099708e+00  3.358740e-02 
 1.100106e+00  3.476802e-02 
 1.100503e+00  3.594412e-02 
 1.100901e+00  3.710335e-02 
 1.101299e+00  3.826795e-02 
 1.101696e+00  3.942941e-02 
 1.102094e+00  4.058165e-02 
 1.102492e+00  4.172044e-02 
 1.102890e+00  4.284489e-02 
 1.103287e+00  4.393337e-02 
 1.103685e+00  4.498950e-02 
 1.104083e+00  4.603760e-02 
 1.104480e+00  4.707889e-02 
 1.104878e+00  4.808343e-02 
 1.105276e+00  4.907950e-02 
 1.105673e+00  5.006208e-02 
 1.106071e+00  5.100543e-02 
 1.106469e+00  5.194498e-02 
 1.106866e+00  5.288299e-02 
 1.107264e+00  5.379418e-02 
 1.107662e+00  5.466228e-02 
 1.108060e+00  5.551634e-02 
 1.108457e+00  5.633693e-02 
 1.108855e+00  5.712610e-02 
 1.109253e+00  5.789127e-02 
 1.109650e+00  5.864567e-02 
 1.110048e+00  5.936037e-02 
 1.110446e+00  6.004564e-02 
 1.110843e+00  6.071473e-02 
 1.111241e+00  6.137453e-02 
 1.111639e+00  6.199918e-02 
 1.112037e+00  6.259295e-02 
 1.112434e+00  6.315627e-02 
 1.112832e+00  6.366692e-02 
 1.113230e+00  6.414775e-02 
 1.113627e+00  6.458783e-02 
 1.114025e+00  6.500230e-02 
 1.114423e+00  6.537127e-02 
 1.114820e+00  6.572381e-02 
 1.115218e+00  6.602788e-02 
 1.115616e+00  6.629869e-02 
 1.116013e+00  6.655202e-02 
 1.116411e+00  6.678396e-02 
 1.116809e+00  6.698425e-02 
 1.117207e+00  6.715268e-02 
 1.117604e+00  6.729378e-02 
 1.118002e+00  6.738968e-02 
 1.118400e+00  6.745352e-02 
 1.118797e+00  6.749646e-02 
 1.119195e+00  6.750401e-02 
 1.119593e+00  6.747056e-02 
 1.119990e+00  6.741857e-02 
 1.120388e+00  6.732728e-02 
 1.120786e+00  6.721254e-02 
 1.121184e+00  6.707803e-02 
 1.121581e+00  6.691995e-02 
 1.121979e+00  6.672867e-02 
 1.122377e+00  6.651109e-02 
 1.122774e+00  6.625564e-02 
 1.123172e+00  6.597190e-02 
 1.123570e+00  6.566296e-02 
 1.123967e+00  6.533635e-02 
 1.124365e+00  6.496389e-02 
 1.124763e+00  6.456448e-02 
 1.125160e+00  6.415126e-02 
 1.125558e+00  6.369503e-02 
 1.125956e+00  6.322264e-02 
 1.126354e+00  6.274556e-02 
 1.126751e+00  6.222548e-02 
 1.127149e+00  6.168920e-02 
 1.127547e+00  6.111657e-02 
 1.127944e+00  6.053537e-02 
 1.128342e+00  5.990569e-02 
 1.128740e+00  5.926925e-02 
 1.129137e+00  5.861249e-02 
 1.129535e+00  5.790798e-02 
 1.129933e+00  5.719242e-02 
 1.130331e+00  5.646352e-02 
 1.130728e+00  5.570498e-02 
 1.131126e+00  5.492393e-02 
 1.131524e+00  5.410543e-02 
 1.131921e+00  5.328189e-02 
 1.132319e+00  5.241754e-02 
 1.132717e+00  5.153009e-02 
 1.133114e+00  5.061956e-02 
 1.133512e+00  4.968374e-02 
 1.133910e+00  4.872269e-02 
 1.134307e+00  4.772735e-02 
 1.134705e+00  4.672236e-02 
 1.135103e+00  4.568725e-02 
 1.135501e+00  4.464484e-02 
 1.135898e+00  4.357891e-02 
 1.136296e+00  4.250076e-02 
 1.136694e+00  4.140216e-02 
 1.137091e+00  4.029232e-02 
 1.137489e+00  3.916881e-02 
 1.137887e+00  3.802536e-02 
 1.138284e+00  3.686936e-02 
 1.138682e+00  3.569318e-02 
 1.139080e+00  3.449456e-02 
 1.139478e+00  3.328525e-02 
 1.139875e+00  3.206297e-02 
 1.140273e+00  3.083516e-02 
 1.140671e+00  2.959512e-02 
 1.141068e+00  2.834397e-02 
 1.141466e+00  2.709690e-02 
 1.141864e+00  2.582710e-02 
 1.142261e+00  2.456476e-02 
 1.142659e+00  2.330321e-02 
 1.143057e+00  2.202090e-02 
 1.143454e+00  2.073169e-02 
 1.143852e+00  1.943989e-02 
 1.144250e+00  1.815608e-02 
 1.144648e+00  1.686836e-02 
 1.145045e+00  1.559575e-02 
 1.145443e+00  1.432642e-02 
 1.145841e+00  1.306758e-02 
 1.146238e+00  1.181915e-02 
 1.146636e+00  1.058275e-02 
 1.147034e+00  9.344022e-03 
 1.147431e+00  8.131665e-03 
 1.147829e+00  6.914868e-03 
 1.148227e+00  5.702660e-03 
 1.148625e+00  4.494174e-03 
 1.149022e+00  3.307215e-03 
 1.149420e+00  2.134065e-03 
 1.149818e+00  9.774924e-04 
 1.150215e+00 -1.460821e-04 
 1.150613e+00 -1.260757e-03 
 1.151011e+00 -2.354507e-03 
 1.151408e+00 -3.427714e-03 
 1.151806e+00 -4.484676e-03 
 1.152204e+00 -5.531811e-03 
 1.152601e+00 -6.556413e-03 
 1.152999e+00 -7.574423e-03 
 1.153397e+00 -8.586369e-03 
 1.153795e+00 -9.586403e-03 
 1.154192e+00 -1.055244e-02 
 1.154590e+00 -1.149998e-02 
 1.154988e+00 -1.242800e-02 
 1.155385e+00 -1.332989e-02 
 1.155783e+00 -1.421498e-02 
 1.156181e+00 -1.508082e-02 
 1.156578e+00 -1.591759e-02 
 1.156976e+00 -1.672487e-02 
 1.157374e+00 -1.752608e-02 
 1.157772e+00 -1.831184e-02 
 1.158169e+00 -1.907895e-02 
 1.158567e+00 -1.983021e-02 
 1.158965e+00 -2.055679e-02 
 1.159362e+00 -2.124284e-02 
 1.159760e+00 -2.191117e-02 
 1.160158e+00 -2.255446e-02 
 1.160555e+00 -2.318085e-02 
 1.160953e+00 -2.376691e-02 
 1.161351e+00 -2.433600e-02 
 1.161748e+00 -2.486873e-02 
 1.162146e+00 -2.539527e-02 
 1.162544e+00 -2.589255e-02 
 1.162942e+00 -2.637400e-02 
 1.163339e+00 -2.683151e-02 
 1.163737e+00 -2.727154e-02 
 1.164135e+00 -2.766790e-02 
 1.164532e+00 -2.803033e-02 
 1.164930e+00 -2.836038e-02 
 1.165328e+00 -2.865866e-02 
 1.165725e+00 -2.891945e-02 
 1.166123e+00 -2.914198e-02 
 1.166521e+00 -2.933820e-02 
 1.166919e+00 -2.950716e-02 
 1.167316e+00 -2.965737e-02 
 1.167714e+00 -2.978378e-02 
 1.168112e+00 -2.989419e-02 
 1.168509e+00 -2.995240e-02 
 1.168907e+00 -2.998645e-02 
 1.169305e+00 -2.997992e-02 
 1.169702e+00 -2.992520e-02 
 1.170100e+00 -2.984450e-02 
 1.170498e+00 -2.973127e-02 
 1.170895e+00 -2.958054e-02 
 1.171293e+00 -2.938793e-02 
 1.171691e+00 -2.918882e-02 
 1.172089e+00 -2.895654e-02 
 1.172486e+00 -2.870287e-02 
 1.172884e+00 -2.843046e-02 
 1.173282e+00 -2.810772e-02 
 1.173679e+00 -2.774973e-02 
 1.174077e+00 -2.735002e-02 
 1.174475e+00 -2.691528e-02 
 1.174872e+00 -2.645223e-02 
 1.175270e+00 -2.595155e-02 
 1.175668e+00 -2.542092e-02 
 1.176066e+00 -2.485980e-02 
 1.176463e+00 -2.426245e-02 
 1.176861e+00 -2.364886e-02 
 1.177259e+00 -2.302434e-02 
 1.177656e+00 -2.235642e-02 
 1.178054e+00 -2.164834e-02 
 1.178452e+00 -2.090685e-02 
 1.178849e+00 -2.012930e-02 
 1.179247e+00 -1.932241e-02 
 1.179645e+00 -1.849526e-02 
 1.180042e+00 -1.764229e-02 
 1.180440e+00 -1.674093e-02 
 1.180838e+00 -1.582621e-02 
 1.181236e+00 -1.489796e-02 
 1.181633e+00 -1.396067e-02 
 1.182031e+00 -1.299623e-02 
 1.182429e+00 -1.203712e-02 
 1.182826e+00 -1.104268e-02 
 1.183224e+00 -1.001673e-02 
 1.183622e+00 -8.975007e-03 
 1.184019e+00 -7.920523e-03 
 1.184417e+00 -6.840347e-03 
 1.184815e+00 -5.743183e-03 
 1.185213e+00 -4.625570e-03 
 1.185610e+00 -3.485195e-03 
 1.186008e+00 -2.336694e-03 
 1.186406e+00 -1.198156e-03 
 1.186803e+00 -5.353260e-05 
 1.187201e+00  1.093456e-03 
 1.187599e+00  2.238134e-03 
 1.187996e+00  3.399870e-03 
 1.188394e+00  4.570685e-03 
 1.188792e+00  5.742169e-03 
 1.189189e+00  6.924442e-03 
 1.189587e+00  8.123766e-03 
 1.189985e+00  9.329087e-03 
 1.190383e+00  1.052892e-02 
 1.190780e+00  1.174394e-02 
 1.191178e+00  1.292901e-02 
 1.191576e+00  1.411383e-02 
 1.191973e+00  1.529847e-02 
 1.192371e+00  1.648450e-02 
 1.192769e+00  1.765966e-02 
 1.193166e+00  1.885315e-02 
 1.193564e+00  2.005496e-02 
 1.193962e+00  2.124126e-02 
 1.194360e+00  2.244346e-02 
 1.194757e+00  2.364051e-02 
 1.195155e+00  2.484765e-02 
 1.195553e+00  2.604400e-02 
 1.195950e+00  2.724664e-02 
 1.196348e+00  2.842299e-02 
 1.196746e+00  2.959298e-02 
 1.197143e+00  3.075688e-02 
 1.197541e+00  3.193166e-02 
 1.197939e+00  3.309474e-02 
 1.198336e+00  3.426457e-02 
 1.198734e+00  3.542949e-02 
 1.199132e+00  3.659000e-02 
 1.199530e+00  3.773946e-02 
 1.199927e+00  3.888015e-02 
 1.200325e+00  4.001726e-02 
 1.200723e+00  4.112541e-02 
 1.201120e+00  4.221562e-02 
 1.201518e+00  4.329115e-02 
 1.201916e+00  4.434728e-02 
 1.202313e+00  4.539983e-02 
 1.202711e+00  4.644792e-02 
 1.203109e+00  4.747099e-02 
 1.203507e+00  4.847862e-02 
 1.203904e+00  4.946307e-02 
 1.204302e+00  5.045012e-02 
 1.204700e+00  5.142394e-02 
 1.205097e+00  5.238007e-02 
 1.205495e+00  5.330716e-02 
 1.205893e+00  5.420715e-02 
 1.206290e+00  5.506893e-02 
 1.206688e+00  5.590917e-02 
 1.207086e+00  5.672491e-02 
 1.207483e+00  5.752051e-02 
 1.207881e+00  5.828692e-02 
 1.208279e+00  5.902691e-02 
 1.208677e+00  5.973941e-02 
 1.209074e+00  6.043269e-02 
 1.209472e+00  6.109866e-02 
 1.209870e+00  6.173191e-02 
 1.210267e+00  6.233786e-02 
 1.210665e+00  6.290914e-02 
 1.211063e+00  6.344282e-02 
 1.211460e+00  6.394668e-02 
 1.211858e+00  6.442884e-02 
 1.212256e+00  6.487459e-02 
 1.212654e+00  6.530694e-02 
 1.213051e+00  6.570596e-02 
 1.213449e+00  6.606655e-02 
 1.213847e+00  6.640748e-02 
 1.214244e+00  6.673318e-02 
 1.214642e+00  6.702474e-02 
 1.215040e+00  6.726894e-02 
 1.215437e+00  6.747606e-02 
 1.215835e+00  6.763615e-02 
 1.216233e+00  6.775308e-02 
 1.216630e+00  6.784450e-02 
 1.217028e+00  6.791281e-02 
 1.217426e+00  6.794529e-02 
 1.217824e+00  6.794333e-02 
 1.218221e+00  6.791040e-02 
 1.218619e+00  6.784899e-02 
 1.219017e+00  6.774628e-02 
 1.219414e+00  6.761610e-02 
 1.219812e+00  6.744751e-02 
 1.220210e+00  6.723173e-02 
 1.220607e+00  6.697741e-02 
 1.221005e+00  6.669524e-02 
 1.221403e+00  6.638934e-02 
 1.221801e+00  6.604626e-02 
 1.222198e+00  6.568084e-02 
 1.222596e+00  6.528169e-02 
 1.222994e+00  6.484068e-02 
 1.223391e+00  6.438791e-02 
 1.223789e+00  6.392342e-02 
 1.224187e+00  6.342428e-02 
 1.224584e+00  6.289049e-02 
 1.224982e+00  6.233799e-02 
 1.225380e+00  6.175315e-02 
 1.225777e+00  6.112884e-02 
 1.226175e+00  6.050423e-02 
 1.226573e+00  5.984939e-02 
 1.226971e+00  5.916427e-02 
 1.227368e+00  5.845029e-02 
 1.227766e+00  5.773418e-02 
 1.228164e+00  5.698600e-02 
 1.228561e+00  5.622576e-02 
 1.228959e+00  5.544318e-02 
 1.229357e+00  5.464961e-02 
 1.229754e+00  5.381362e-02 
 1.230152e+00  5.297752e-02 
 1.230550e+00  5.211814e-02 
 1.230948e+00  5.122855e-02 
 1.231345e+00  5.033537e-02 
 1.231743e+00  4.940847e-02 
 1.232141e+00  4.846802e-02 
 1.232538e+00  4.750605e-02 
 1.232936e+00  4.654499e-02 
 1.233334e+00  4.556410e-02 
 1.233731e+00  4.457689e-02 
 1.234129e+00  4.357229e-02 
 1.234527e+00  4.254649e-02 
 1.234924e+00  4.149426e-02 
 1.235322e+00  4.043576e-02 
 1.235720e+00  3.934297e-02 
 1.236118e+00  3.823182e-02 
 1.236515e+00  3.710254e-02 
 1.236913e+00  3.596556e-02 
 1.237311e+00  3.480612e-02 
 1.237708e+00  3.363693e-02 
 1.238106e+00  3.246234e-02 
 1.238504e+00  3.127395e-02 
 1.238901e+00  3.007863e-02 
 1.239299e+00  2.886485e-02 
 1.239697e+00  2.765185e-02 
 1.240095e+00  2.642344e-02 
 1.240492e+00  2.519001e-02 
 1.240890e+00  2.395080e-02 
 1.241288e+00  2.269069e-02 
 1.241685e+00  2.144093e-02 
 1.242083e+00  2.017398e-02 
 1.242481e+00  1.891738e-02 
 1.242878e+00  1.765964e-02 
 1.243276e+00  1.640675e-02 
 1.243674e+00  1.516917e-02 
 1.244071e+00  1.390925e-02 
 1.244469e+00  1.266457e-02 
 1.244867e+00  1.141774e-02 
 1.245265e+00  1.016672e-02 
 1.245662e+00  8.923839e-03 
 1.246060e+00  7.692222e-03 
 1.246458e+00  6.461963e-03 
 1.246855e+00  5.224735e-03 
 1.247253e+00  4.021014e-03 
 1.247651e+00  2.826446e-03 
 1.248048e+00  1.620436e-03 
 1.248446e+00  4.458921e-04 
 1.248844e+00 -7.054047e-04 
 1.249242e+00 -1.875070e-03 
 1.249639e+00 -3.018756e-03 
 1.250037e+00 -4.133588e-03 
 1.250435e+00 -5.242499e-03 
 1.250832e+00 -6.352370e-03 
 1.251230e+00 -7.441335e-03 
 1.251628e+00 -8.514689e-03 
 1.252025e+00 -9.570576e-03 
 1.252423e+00 -1.058766e-02 
 1.252821e+00 -1.157229e-02 
 1.253218e+00 -1.254481e-02 
 1.253616e+00 -1.348489e-02 
 1.254014e+00 -1.440156e-02 
 1.254412e+00 -1.529506e-02 
 1.254809e+00 -1.617115e-02 
 1.255207e+00 -1.702341e-02 
 1.255605e+00 -1.785920e-02 
 1.256002e+00 -1.868040e-02 
 1.256400e+00 -1.946795e-02 
 1.256798e+00 -2.022521e-02 
 1.257195e+00 -2.095409e-02 
 1.257593e+00 -2.164500e-02 
 1.257991e+00 -2.229585e-02 
 1.258389e+00 -2.293127e-02 
 1.258786e+00 -2.352120e-02 
 1.259184e+00 -2.407887e-02 
 1.259582e+00 -2.460431e-02 
 1.259979e+00 -2.511964e-02 
 1.260377e+00 -2.561533e-02 
 1.260775e+00 -2.608470e-02 
 1.261172e+00 -2.652670e-02 
 1.261570e+00 -2.694205e-02 
 1.261968e+00 -2.730507e-02 
 1.262365e+00 -2.763933e-02 
 1.262763e+00 -2.793638e-02 
 1.263161e+00 -2.820654e-02 
 1.263559e+00 -2.845619e-02 
 1.263956e+00 -2.866625e-02 
 1.264354e+00 -2.885591e-02 
 1.264752e+00 -2.901873e-02 
 1.265149e+00 -2.917633e-02 
 1.265547e+00 -2.929797e-02 
 1.265945e+00 -2.939923e-02 
 1.266342e+00 -2.946462e-02 
 1.266740e+00 -2.949975e-02 
 1.267138e+00 -2.949951e-02 
 1.267536e+00 -2.948184e-02 
 1.267933e+00 -2.943242e-02 
 1.268331e+00 -2.935630e-02 
 1.268729e+00 -2.924257e-02 
 1.269126e+00 -2.910396e-02 
 1.269524e+00 -2.893209e-02 
 1.269922e+00 -2.876206e-02 
 1.270319e+00 -2.856921e-02 
 1.270717e+00 -2.835108e-02 
 1.271115e+00 -2.809240e-02 
 1.271512e+00 -2.779479e-02 
 1.271910e+00 -2.746299e-02 
 1.272308e+00 -2.708931e-02 
 1.272706e+00 -2.669142e-02 
 1.273103e+00 -2.625618e-02 
 1.273501e+00 -2.578999e-02 
 1.273899e+00 -2.528599e-02 
 1.274296e+00 -2.475969e-02 
 1.274694e+00 -2.420779e-02 
 1.275092e+00 -2.364179e-02 
 1.275489e+00 -2.305085e-02 
 1.275887e+00 -2.243247e-02 
 1.276285e+00 -2.176893e-02 
 1.276683e+00 -2.107674e-02 
 1.277080e+00 -2.035916e-02 
 1.277478e+00 -1.961856e-02 
 1.277876e+00 -1.883898e-02 
 1.278273e+00 -1.802113e-02 
 1.278671e+00 -1.717775e-02 
 1.279069e+00 -1.630924e-02 
 1.279466e+00 -1.542728e-02 
 1.279864e+00 -1.453081e-02 
 1.280262e+00 -1.361498e-02 
 1.280659e+00 -1.267803e-02 
 1.281057e+00 -1.169690e-02 
 1.281455e+00 -1.068669e-02 
 1.281853e+00 -9.650662e-03 
 1.282250e+00 -8.606697e-03 
 1.282648e+00 -7.538057e-03 
 1.283046e+00 -6.452994e-03 
 1.283443e+00 -5.351225e-03 
 1.283841e+00 -4.236769e-03 
 1.284239e+00 -3.114490e-03 
 1.284636e+00 -1.984161e-03 
 1.285034e+00 -8.402248e-04 
 1.285432e+00  3.171852e-04 
 1.285830e+00  1.496528e-03 
 1.286227e+00  2.686556e-03 
 1.286625e+00  3.903493e-03 
 1.287023e+00  5.108985e-03 
 1.287420e+00  6.330446e-03 
 1.287818e+00  7.566281e-03 
 1.288216e+00  8.815919e-03 
 1.288613e+00  1.005295e-02 
 1.289011e+00  1.129502e-02 
 1.289409e+00  1.253037e-02 
 1.289806e+00  1.377124e-02 
 1.290204e+00  1.500342e-02 
 1.290602e+00  1.626925e-02 
 1.291000e+00  1.752243e-02 
 1.291397e+00  1.878522e-02 
 1.291795e+00  2.005114e-02 
 1.292193e+00  2.129520e-02 
 1.292590e+00  2.253791e-02 
 1.292988e+00  2.378418e-02 
 1.293386e+00  2.502550e-02 
 1.293783e+00  2.624857e-02 
 1.294181e+00  2.746084e-02 
 1.294579e+00  2.866763e-02 
 1.294977e+00  2.985553e-02 
 1.295374e+00  3.104183e-02 
 1.295772e+00  3.222325e-02 
 1.296170e+00  3.337710e-02 
 1.296567e+00  3.452686e-02 
 1.296965e+00  3.566304e-02 
 1.297363e+00  3.679754e-02 
 1.297760e+00  3.791288e-02 
 1.298158e+00  3.902275e-02 
 1.298556e+00  4.011420e-02 
 1.298953e+00  4.117328e-02 
 1.299351e+00  4.221407e-02 
 1.299749e+00  4.324983e-02 
 1.300147e+00  4.426950e-02 
 1.300544e+00  4.529908e-02 
 1.300942e+00  4.629024e-02 
 1.301340e+00  4.727767e-02 
 1.301737e+00  4.824916e-02 
 1.302135e+00  4.920948e-02 
 1.302533e+00  5.014964e-02 
 1.302930e+00  5.107564e-02 
 1.303328e+00  5.196759e-02 
 1.303726e+00  5.284198e-02 
 1.304124e+00  5.368158e-02 
 1.304521e+00  5.450496e-02 
 1.304919e+00  5.531885e-02 
 1.305317e+00  5.610899e-02 
 1.305714e+00  5.687681e-02 
 1.306112e+00  5.762416e-02 
 1.306510e+00  5.835996e-02 
 1.306907e+00  5.907296e-02 
 1.307305e+00  5.977023e-02 
 1.307703e+00  6.043814e-02 
 1.308100e+00  6.108040e-02 
 1.308498e+00  6.168285e-02 
 1.308896e+00  6.227514e-02 
 1.309294e+00  6.283217e-02 
 1.309691e+00  6.336801e-02 
 1.310089e+00  6.388681e-02 
 1.310487e+00  6.437971e-02 
 1.310884e+00  6.484120e-02 
 1.311282e+00  6.525708e-02 
 1.311680e+00  6.565166e-02 
 1.312077e+00  6.602382e-02 
 1.312475e+00  6.635448e-02 
 1.312873e+00  6.666334e-02 
 1.313271e+00  6.692682e-02 
 1.313668e+00  6.715614e-02 
 1.314066e+00  6.736214e-02 
 1.314464e+00  6.754412e-02 
 1.314861e+00  6.767870e-02 
 1.315259e+00  6.779238e-02 
 1.315657e+00  6.787622e-02 
 1.316054e+00  6.790923e-02 
 1.316452e+00  6.791161e-02 
 1.316850e+00  6.790238e-02 
 1.317247e+00  6.785425e-02 
 1.317645e+00  6.776874e-02 
 1.318043e+00  6.764907e-02 
 1.318441e+00  6.749676e-02 
 1.318838e+00  6.729887e-02 
 1.319236e+00  6.707858e-02 
 1.319634e+00  6.684134e-02 
 1.320031e+00  6.655643e-02 
 1.320429e+00  6.623918e-02 
 1.320827e+00  6.588716e-02 
 1.321224e+00  6.550708e-02 
 1.321622e+00  6.508711e-02 
 1.322020e+00  6.464527e-02 
 1.322418e+00  6.416749e-02 
 1.322815e+00  6.365051e-02 
 1.323213e+00  6.308149e-02 
 1.323611e+00  6.250101e-02 
 1.324008e+00  6.187656e-02 
 1.324406e+00  6.123508e-02 
 1.324804e+00  6.055169e-02 
 1.325201e+00  5.984209e-02 
 1.325599e+00  5.909766e-02 
 1.325997e+00  5.834263e-02 
 1.326394e+00  5.756572e-02 
 1.326792e+00  5.675401e-02 
 1.327190e+00  5.593524e-02 
 1.327588e+00  5.508440e-02 
 1.327985e+00  5.419915e-02 
 1.328383e+00  5.329546e-02 
 1.328781e+00  5.238615e-02 
 1.329178e+00  5.144232e-02 
 1.329576e+00  5.049302e-02 
 1.329974e+00  4.952179e-02 
 1.330371e+00  4.852236e-02 
 1.330769e+00  4.751532e-02 
 1.331167e+00  4.649877e-02 
 1.331565e+00  4.547035e-02 
 1.331962e+00  4.441284e-02 
 1.332360e+00  4.335486e-02 
 1.332758e+00  4.227927e-02 
 1.333155e+00  4.119483e-02 
 1.333553e+00  4.010504e-02 
 1.333951e+00  3.900383e-02 
 1.334348e+00  3.788681e-02 
 1.334746e+00  3.676229e-02 
 1.335144e+00  3.563175e-02 
 1.335541e+00  3.450130e-02 
 1.335939e+00  3.335787e-02 
 1.336337e+00  3.222728e-02 
 1.336735e+00  3.108416e-02 
 1.337132e+00  2.991972e-02 
 1.337530e+00  2.876143e-02 
 1.337928e+00  2.760032e-02 
 1.338325e+00  2.641938e-02 
 1.338723e+00  2.524259e-02 
 1.339121e+00  2.406426e-02 
 1.339518e+00  2.287166e-02 
 1.339916e+00  2.167177e-02 
 1.340314e+00  2.047491e-02 
 1.340712e+00  1.928390e-02 
 1.341109e+00  1.808296e-02 
 1.341507e+00  1.689067e-02 
 1.341905e+00  1.569583e-02 
 1.342302e+00  1.449087e-02 
 1.342700e+00  1.329041e-02 
 1.343098e+00  1.208659e-02 
 1.343495e+00  1.086554e-02 
 1.343893e+00  9.649719e-03 
 1.344291e+00  8.421948e-03 
 1.344688e+00  7.203163e-03 
 1.345086e+00  5.990815e-03 
 1.345484e+00  4.785763e-03 
 1.345882e+00  3.604048e-03 
 1.346279e+00  2.422505e-03 
 1.346677e+00  1.248791e-03 
 1.347075e+00  8.370812e-05 
 1.347472e+00 -1.071400e-03 
 1.347870e+00 -2.215448e-03 
 1.348268e+00 -3.347610e-03 
 1.348665e+00 -4.470490e-03 
 1.349063e+00 -5.590570e-03 
 1.349461e+00 -6.698074e-03 
 1.349859e+00 -7.772284e-03 
 1.350256e+00 -8.839239e-03 
 1.350654e+00 -9.884338e-03 
 1.351052e+00 -1.090565e-02 
 1.351449e+00 -1.191965e-02 
 1.351847e+00 -1.290576e-02 
 1.352245e+00 -1.386704e-02 
 1.352642e+00 -1.480426e-02 
 1.353040e+00 -1.574296e-02 
 1.353438e+00 -1.664954e-02 
 1.353835e+00 -1.752862e-02 
 1.354233e+00 -1.838922e-02 
 1.354631e+00 -1.921546e-02 
 1.355029e+00 -2.000231e-02 
 1.355426e+00 -2.076429e-02 
 1.355824e+00 -2.150860e-02 
 1.356222e+00 -2.221153e-02 
 1.356619e+00 -2.288596e-02 
 1.357017e+00 -2.353680e-02 
 1.357415e+00 -2.415484e-02 
 1.357812e+00 -2.473595e-02 
 1.358210e+00 -2.530783e-02 
 1.358608e+00 -2.584458e-02 
 1.359005e+00 -2.634665e-02 
 1.359403e+00 -2.681895e-02 
 1.359801e+00 -2.725601e-02 
 1.360199e+00 -2.764391e-02 
 1.360596e+00 -2.800837e-02 
 1.360994e+00 -2.834576e-02 
 1.361392e+00 -2.863522e-02 
 1.361789e+00 -2.889549e-02 
 1.362187e+00 -2.913561e-02 
 1.362585e+00 -2.933276e-02 
 1.362982e+00 -2.950950e-02 
 1.363380e+00 -2.965707e-02 
 1.363778e+00 -2.978141e-02 
 1.364176e+00 -2.984614e-02 
 1.364573e+00 -2.989546e-02 
 1.364971e+00 -2.989600e-02 
 1.365369e+00 -2.986342e-02 
 1.365766e+00 -2.979880e-02 
 1.366164e+00 -2.971467e-02 
 1.366562e+00 -2.959592e-02 
 1.366959e+00 -2.943421e-02 
 1.367357e+00 -2.925408e-02 
 1.367755e+00 -2.904465e-02 
 1.368152e+00 -2.881633e-02 
 1.368550e+00 -2.855938e-02 
 1.368948e+00 -2.826593e-02 
 1.369346e+00 -2.792934e-02 
 1.369743e+00 -2.756317e-02 
 1.370141e+00 -2.716393e-02 
 1.370539e+00 -2.674839e-02 
 1.370936e+00 -2.631103e-02 
 1.371334e+00 -2.584343e-02 
 1.371732e+00 -2.535638e-02 
 1.372129e+00 -2.485089e-02 
 1.372527e+00 -2.432308e-02 
 1.372925e+00 -2.378953e-02 
 1.373323e+00 -2.323865e-02 
 1.373720e+00 -2.264595e-02 
 1.374118e+00 -2.202063e-02 
 1.374516e+00 -2.136341e-02 
 1.374913e+00 -2.067968e-02 
 1.375311e+00 -1.998090e-02 
 1.375709e+00 -1.926421e-02 
 1.376106e+00 -1.851525e-02 
 1.376504e+00 -1.774639e-02 
 1.376902e+00 -1.696124e-02 
 1.377299e+00 -1.615961e-02 
 1.377697e+00 -1.534989e-02 
 1.378095e+00 -1.451483e-02 
 1.378493e+00 -1.365291e-02 
 1.378890e+00 -1.275007e-02 
 1.379288e+00 -1.182533e-02 
 1.379686e+00 -1.088382e-02 
 1.380083e+00 -9.917652e-03 
 1.380481e+00 -8.949779e-03 
 1.380879e+00 -7.948585e-03 
 1.381276e+00 -6.924178e-03 
 1.381674e+00 -5.892837e-03 
 1.382072e+00 -4.844070e-03 
 1.382470e+00 -3.776161e-03 
 1.382867e+00 -2.688288e-03 
 1.383265e+00 -1.586538e-03 
 1.383663e+00 -4.539549e-04 
 1.384060e+00  7.098852e-04 
 1.384458e+00  1.874872e-03 
 1.384856e+00  3.064012e-03 
 1.385253e+00  4.259611e-03 
 1.385651e+00  5.469828e-03 
 1.386049e+00  6.697395e-03 
 1.386446e+00  7.932055e-03 
 1.386844e+00  9.173128e-03 
 1.387242e+00  1.041453e-02 
 1.387640e+00  1.166242e-02 
 1.388037e+00  1.293333e-02 
 1.388435e+00  1.419434e-02 
 1.388833e+00  1.548074e-02 
 1.389230e+00  1.676776e-02 
 1.389628e+00  1.805682e-02 
 1.390026e+00  1.933174e-02 
 1.390423e+00  2.061821e-02 
 1.390821e+00  2.190082e-02 
 1.391219e+00  2.316584e-02 
 1.391617e+00  2.444023e-02 
 1.392014e+00  2.569623e-02 
 1.392412e+00  2.693358e-02 
 1.392810e+00  2.816239e-02 
 1.393207e+00  2.940526e-02 
 1.393605e+00  3.064350e-02 
 1.394003e+00  3.186924e-02 
 1.394400e+00  3.308538e-02 
 1.394798e+00  3.429288e-02 
 1.395196e+00  3.548646e-02 
 1.395593e+00  3.667150e-02 
 1.395991e+00  3.784050e-02 
 1.396389e+00  3.898833e-02 
 1.396787e+00  4.010532e-02 
 1.397184e+00  4.120149e-02 
 1.397582e+00  4.229097e-02 
 1.397980e+00  4.337177e-02 
 1.398377e+00  4.444119e-02 
 1.398775e+00  4.548505e-02 
 1.399173e+00  4.649623e-02 
 1.399570e+00  4.749286e-02 
 1.399968e+00  4.846904e-02 
 1.400366e+00  4.942542e-02 
 1.400764e+00  5.035653e-02 
 1.401161e+00  5.126617e-02 
 1.401559e+00  5.214207e-02 
 1.401957e+00  5.300032e-02 
 1.402354e+00  5.384205e-02 
 1.402752e+00  5.465534e-02 
 1.403150e+00  5.546552e-02 
 1.403547e+00  5.625536e-02 
 1.403945e+00  5.699997e-02 
 1.404343e+00  5.773630e-02 
 1.404740e+00  5.844724e-02 
 1.405138e+00  5.913227e-02 
 1.405536e+00  5.978513e-02 
 1.405934e+00  6.042453e-02 
 1.406331e+00  6.101396e-02 
 1.406729e+00  6.157979e-02 
 1.407127e+00  6.213284e-02 
 1.407524e+00  6.265117e-02 
 1.407922e+00  6.314826e-02 
 1.408320e+00  6.363095e-02 
 1.408717e+00  6.407858e-02 
 1.409115e+00  6.449844e-02 
 1.409513e+00  6.488911e-02 
 1.409911e+00  6.526714e-02 
 1.410308e+00  6.561142e-02 
 1.410706e+00  6.592763e-02 
 1.411104e+00  6.621496e-02 
 1.411501e+00  6.645770e-02 
 1.411899e+00  6.667026e-02 
 1.412297e+00  6.686112e-02 
 1.412694e+00  6.702460e-02 
 1.413092e+00  6.716642e-02 
 1.413490e+00  6.727539e-02 
 1.413887e+00  6.737205e-02 
 1.414285e+00  6.743682e-02 
 1.414683e+00  6.747386e-02 
 1.415081e+00  6.749126e-02 
 1.415478e+00  6.747636e-02 
 1.415876e+00  6.741590e-02 
 1.416274e+00  6.731493e-02 
 1.416671e+00  6.719516e-02 
 1.417069e+00  6.703788e-02 
 1.417467e+00  6.684490e-02 
 1.417864e+00  6.663014e-02 
 1.418262e+00  6.637925e-02 
 1.418660e+00  6.609642e-02 
 1.419058e+00  6.578090e-02 
 1.419455e+00  6.544281e-02 
 1.419853e+00  6.507226e-02 
 1.420251e+00  6.466945e-02 
 1.420648e+00  6.423371e-02 
 1.421046e+00  6.375441e-02 
 1.421444e+00  6.324571e-02 
 1.421841e+00  6.272250e-02 
 1.422239e+00  6.216698e-02 
 1.422637e+00  6.157962e-02 
 1.423034e+00  6.096890e-02 
 1.423432e+00  6.032583e-02 
 1.423830e+00  5.965253e-02 
 1.424228e+00  5.895852e-02 
 1.424625e+00  5.824217e-02 
 1.425023e+00  5.747927e-02 
 1.425421e+00  5.669474e-02 
 1.425818e+00  5.588101e-02 
 1.426216e+00  5.503397e-02 
 1.426614e+00  5.416234e-02 
 1.427011e+00  5.327090e-02 
 1.427409e+00  5.234984e-02 
 1.427807e+00  5.138768e-02 
 1.428205e+00  5.041270e-02 
 1.428602e+00  4.940907e-02 
 1.429000e+00  4.838845e-02 
 1.429398e+00  4.736325e-02 
 1.429795e+00  4.631765e-02 
 1.430193e+00  4.524341e-02 
 1.430591e+00  4.415514e-02 
 1.430988e+00  4.305164e-02 
 1.431386e+00  4.193001e-02 
 1.431784e+00  4.077617e-02 
 1.432181e+00  3.962297e-02 
 1.432579e+00  3.844515e-02 
 1.432977e+00  3.725217e-02 
 1.433375e+00  3.605825e-02 
 1.433772e+00  3.486549e-02 
 1.434170e+00  3.367401e-02 
 1.434568e+00  3.246150e-02 
 1.434965e+00  3.124741e-02 
 1.435363e+00  3.002007e-02 
 1.435761e+00  2.878529e-02 
 1.436158e+00  2.755435e-02 
 1.436556e+00  2.630889e-02 
 1.436954e+00  2.506512e-02 
 1.437352e+00  2.381965e-02 
 1.437749e+00  2.258358e-02 
 1.438147e+00  2.133873e-02 
 1.438545e+00  2.010983e-02 
 1.438942e+00  1.890008e-02 
 1.439340e+00  1.768363e-02 
 1.439738e+00  1.646644e-02 
 1.440135e+00  1.525606e-02 
 1.440533e+00  1.404816e-02 
 1.440931e+00  1.284109e-02 
 1.441328e+00  1.164648e-02 
 1.441726e+00  1.046352e-02 
 1.442124e+00  9.272900e-03 
 1.442522e+00  8.103083e-03 
 1.442919e+00  6.959750e-03 
 1.443317e+00  5.825813e-03 
 1.443715e+00  4.701199e-03 
 1.444112e+00  3.589373e-03 
 1.444510e+00  2.475192e-03 
 1.444908e+00  1.363806e-03 
 1.445305e+00  2.725724e-04 
 1.445703e+00 -8.134742e-04 
 1.446101e+00 -1.889355e-03 
 1.446499e+00 -2.962917e-03 
 1.446896e+00 -4.031848e-03 
 1.447294e+00 -5.099894e-03 
 1.447692e+00 -6.141936e-03 
 1.448089e+00 -7.172104e-03 
 1.448487e+00 -8.180934e-03 
 1.448885e+00 -9.188728e-03 
 1.449282e+00 -1.016007e-02 
 1.449680e+00 -1.114118e-02 
 1.450078e+00 -1.208794e-02 
 1.450475e+00 -1.304741e-02 
 1.450873e+00 -1.398163e-02 
 1.451271e+00 -1.490695e-02 
 1.451669e+00 -1.582420e-02 
 1.452066e+00 -1.671400e-02 
 1.452464e+00 -1.757828e-02 
 1.452862e+00 -1.840862e-02 
 1.453259e+00 -1.922069e-02 
 1.453657e+00 -2.000593e-02 
 1.454055e+00 -2.077600e-02 
 1.454452e+00 -2.151841e-02 
 1.454850e+00 -2.222850e-02 
 1.455248e+00 -2.291644e-02 
 1.455646e+00 -2.360016e-02 
 1.456043e+00 -2.423917e-02 
 1.456441e+00 -2.486512e-02 
 1.456839e+00 -2.547075e-02 
 1.457236e+00 -2.603367e-02 
 1.457634e+00 -2.654611e-02 
 1.458032e+00 -2.702680e-02 
 1.458429e+00 -2.746759e-02 
 1.458827e+00 -2.787761e-02 
 1.459225e+00 -2.825979e-02 
 1.459622e+00 -2.860977e-02 
 1.460020e+00 -2.893505e-02 
 1.460418e+00 -2.922478e-02 
 1.460816e+00 -2.950541e-02 
 1.461213e+00 -2.974048e-02 
 1.461611e+00 -2.993634e-02 
 1.462009e+00 -3.009472e-02 
 1.462406e+00 -3.019688e-02 
 1.462804e+00 -3.026654e-02 
 1.463202e+00 -3.030217e-02 
 1.463599e+00 -3.030891e-02 
 1.463997e+00 -3.027491e-02 
 1.464395e+00 -3.021094e-02 
 1.464793e+00 -3.011206e-02 
 1.465190e+00 -2.998401e-02 
 1.465588e+00 -2.982757e-02 
 1.465986e+00 -2.965752e-02 
 1.466383e+00 -2.944622e-02 
 1.466781e+00 -2.920230e-02 
 1.467179e+00 -2.892152e-02 
 1.467576e+00 -2.858769e-02 
 1.467974e+00 -2.822808e-02 
 1.468372e+00 -2.783281e-02 
 1.468769e+00 -2.741135e-02 
 1.469167e+00 -2.696643e-02 
 1.469565e+00 -2.648706e-02 
 1.469963e+00 -2.597992e-02 
 1.470360e+00 -2.543729e-02 
 1.470758e+00 -2.489362e-02 
 1.471156e+00 -2.430361e-02 
 1.471553e+00 -2.367540e-02 
 1.471951e+00 -2.302674e-02 
 1.472349e+00 -2.233513e-02 
 1.472746e+00 -2.161667e-02 
 1.473144e+00 -2.088713e-02 
 1.473542e+00 -2.013015e-02 
 1.473940e+00 -1.934089e-02 
 1.474337e+00 -1.853688e-02 
 1.474735e+00 -1.771864e-02 
 1.475133e+00 -1.688154e-02 
 1.475530e+00 -1.603371e-02 
 1.475928e+00 -1.517468e-02 
 1.476326e+00 -1.428997e-02 
 1.476723e+00 -1.337336e-02 
 1.477121e+00 -1.242434e-02 
 1.477519e+00 -1.146431e-02 
 1.477916e+00 -1.048641e-02 
 1.478314e+00 -9.498562e-03 
 1.478712e+00 -8.499718e-03 
 1.479110e+00 -7.497223e-03 
 1.479507e+00 -6.477883e-03 
 1.479905e+00 -5.471095e-03 
 1.480303e+00 -4.448538e-03 
 1.480700e+00 -3.420758e-03 
 1.481098e+00 -2.355900e-03 
 1.481496e+00 -1.288235e-03 
 1.481893e+00 -1.833692e-04 
 1.482291e+00  9.222931e-04 
 1.482689e+00  2.034266e-03 
 1.483087e+00  3.161094e-03 
 1.483484e+00  4.294620e-03 
 1.483882e+00  5.440968e-03 
 1.484280e+00  6.589598e-03 
 1.484677e+00  7.739822e-03 
 1.485075e+00  8.884570e-03 
 1.485473e+00  1.004746e-02 
 1.485870e+00  1.121344e-02 
 1.486268e+00  1.240146e-02 
 1.486666e+00  1.360272e-02 
 1.487063e+00  1.482326e-02 
 1.487461e+00  1.603698e-02 
 1.487859e+00  1.724986e-02 
 1.488257e+00  1.847718e-02 
 1.488654e+00  1.970422e-02 
 1.489052e+00  2.095108e-02 
 1.489450e+00  2.218702e-02 
 1.489847e+00  2.342034e-02 
 1.490245e+00  2.465495e-02 
 1.490643e+00  2.590148e-02 
 1.491040e+00  2.715702e-02 
 1.491438e+00  2.842258e-02 
 1.491836e+00  2.967708e-02 
 1.492234e+00  3.092657e-02 
 1.492631e+00  3.216001e-02 
 1.493029e+00  3.338994e-02 
 1.493427e+00  3.462063e-02 
 1.493824e+00  3.584095e-02 
 1.494222e+00  3.705584e-02 
 1.494620e+00  3.823174e-02 
 1.495017e+00  3.939823e-02 
 1.495415e+00  4.055250e-02 
 1.495813e+00  4.169342e-02 
 1.496210e+00  4.282797e-02 
 1.496608e+00  4.395502e-02 
 1.497006e+00  4.504865e-02 
 1.497404e+00  4.613052e-02 
 1.497801e+00  4.719326e-02 
 1.498199e+00  4.824055e-02 
 1.498597e+00  4.926088e-02 
 1.498994e+00  5.025417e-02 
 1.499392e+00  5.123366e-02 
 1.499790e+00  5.216427e-02 
 1.500187e+00  5.307703e-02 
 1.500585e+00  5.397431e-02 
 1.500983e+00  5.483340e-02 
 1.501381e+00  5.567518e-02 
 1.501778e+00  5.647757e-02 
 1.502176e+00  5.726261e-02 
 1.502574e+00  5.800528e-02 
 1.502971e+00  5.873884e-02 
 1.503369e+00  5.944675e-02 
 1.503767e+00  6.011413e-02 
 1.504164e+00  6.075252e-02 
 1.504562e+00  6.136506e-02 
 1.504960e+00  6.192652e-02 
 1.505357e+00  6.246461e-02 
 1.505755e+00  6.298891e-02 
 1.506153e+00  6.348208e-02 
 1.506551e+00  6.394819e-02 
 1.506948e+00  6.437772e-02 
 1.507346e+00  6.478835e-02 
 1.507744e+00  6.516108e-02 
 1.508141e+00  6.551735e-02 
 1.508539e+00  6.583182e-02 
 1.508937e+00  6.611635e-02 
 1.509334e+00  6.637354e-02 
 1.509732e+00  6.659720e-02 
 1.510130e+00  6.679818e-02 
 1.510528e+00  6.697398e-02 
 1.510925e+00  6.711772e-02 
 1.511323e+00  6.722410e-02 
 1.511721e+00  6.731475e-02 
 1.512118e+00  6.736888e-02 
 1.512516e+00  6.738582e-02 
 1.512914e+00  6.739051e-02 
 1.513311e+00  6.736248e-02 
 1.513709e+00  6.728979e-02 
 1.514107e+00  6.718710e-02 
 1.514504e+00  6.705569e-02 
 1.514902e+00  6.688711e-02 
 1.515300e+00  6.670791e-02 
 1.515698e+00  6.649408e-02 
 1.516095e+00  6.625713e-02 
 1.516493e+00  6.598618e-02 
 1.516891e+00  6.569427e-02 
 1.517288e+00  6.538014e-02 
 1.517686e+00  6.503559e-02 
 1.518084e+00  6.467325e-02 
 1.518481e+00  6.427373e-02 
 1.518879e+00  6.385006e-02 
 1.519277e+00  6.339425e-02 
 1.519675e+00  6.291997e-02 
 1.520072e+00  6.241859e-02 
 1.520470e+00  6.188092e-02 
 1.520868e+00  6.131117e-02 
 1.521265e+00  6.072208e-02 
 1.521663e+00  6.011129e-02 
 1.522061e+00  5.948081e-02 
 1.522458e+00  5.882303e-02 
 1.522856e+00  5.813968e-02 
 1.523254e+00  5.741541e-02 
 1.523651e+00  5.667315e-02 
 1.524049e+00  5.589082e-02 
 1.524447e+00  5.509196e-02 
 1.524845e+00  5.425314e-02 
 1.525242e+00  5.341257e-02 
 1.525640e+00  5.253699e-02 
 1.526038e+00  5.164191e-02 
 1.526435e+00  5.073181e-02 
 1.526833e+00  4.981376e-02 
 1.527231e+00  4.885067e-02 
 1.527628e+00  4.787322e-02 
 1.528026e+00  4.686882e-02 
 1.528424e+00  4.583813e-02 
 1.528822e+00  4.478351e-02 
 1.529219e+00  4.370784e-02 
 1.529617e+00  4.261871e-02 
 1.530015e+00  4.148954e-02 
 1.530412e+00  4.036502e-02 
 1.530810e+00  3.922174e-02 
 1.531208e+00  3.806019e-02 
 1.531605e+00  3.689347e-02 
 1.532003e+00  3.572203e-02 
 1.532401e+00  3.453596e-02 
 1.532798e+00  3.331756e-02 
 1.533196e+00  3.209012e-02 
 1.533594e+00  3.084851e-02 
 1.533992e+00  2.958886e-02 
 1.534389e+00  2.832807e-02 
 1.534787e+00  2.706452e-02 
 1.535185e+00  2.580034e-02 
 1.535582e+00  2.453123e-02 
 1.535980e+00  2.325850e-02 
 1.536378e+00  2.198830e-02 
 1.536775e+00  2.072912e-02 
 1.537173e+00  1.947798e-02 
 1.537571e+00  1.821540e-02 
 1.537969e+00  1.694981e-02 
 1.538366e+00  1.569084e-02 
 1.538764e+00  1.443461e-02 
 1.539162e+00  1.319031e-02 
 1.539559e+00  1.193772e-02 
 1.539957e+00  1.069839e-02 
 1.540355e+00  9.456434e-03 
 1.540752e+00  8.232179e-03 
 1.541150e+00  7.022849e-03 
 1.541548e+00  5.836432e-03 
 1.541945e+00  4.656382e-03 
 1.542343e+00  3.479485e-03 
 1.542741e+00  2.307731e-03 
 1.543139e+00  1.145087e-03 
 1.543536e+00 -3.478020e-06 
 1.543934e+00 -1.132116e-03 
 1.544332e+00 -2.250677e-03 
 1.544729e+00 -3.346332e-03 
 1.545127e+00 -4.433540e-03 
 1.545525e+00 -5.487158e-03 
 1.545922e+00 -6.514200e-03 
 1.546320e+00 -7.520908e-03 
 1.546718e+00 -8.511952e-03 
 1.547116e+00 -9.492059e-03 
 1.547513e+00 -1.045437e-02 
 1.547911e+00 -1.140261e-02 
 1.548309e+00 -1.233440e-02 
 1.548706e+00 -1.324824e-02 
 1.549104e+00 -1.414297e-02 
 1.549502e+00 -1.502247e-02 
 1.549899e+00 -1.587156e-02 
 1.550297e+00 -1.668841e-02 
 1.550695e+00 -1.746581e-02 
 1.551092e+00 -1.821945e-02 
 1.551490e+00 -1.895969e-02 
 1.551888e+00 -1.968934e-02 
 1.552286e+00 -2.039219e-02 
 1.552683e+00 -2.108807e-02 
 1.553081e+00 -2.176399e-02 
 1.553479e+00 -2.241193e-02 
 1.553876e+00 -2.304720e-02 
 1.554274e+00 -2.365008e-02 
 1.554672e+00 -2.422887e-02 
 1.555069e+00 -2.477642e-02 
 1.555467e+00 -2.529132e-02 
 1.555865e+00 -2.577451e-02 
 1.556263e+00 -2.623704e-02 
 1.556660e+00 -2.669477e-02 
 1.557058e+00 -2.711497e-02 
 1.557456e+00 -2.750939e-02 
 1.557853e+00 -2.788128e-02 
 1.558251e+00 -2.822397e-02 
 1.558649e+00 -2.854847e-02 
 1.559046e+00 -2.883832e-02 
 1.559444e+00 -2.910125e-02 
 1.559842e+00 -2.931750e-02 
 1.560239e+00 -2.950511e-02 
 1.560637e+00 -2.966433e-02 
 1.561035e+00 -2.978738e-02 
 1.561433e+00 -2.988140e-02 
 1.561830e+00 -2.996176e-02 
 1.562228e+00 -3.000355e-02 
 1.562626e+00 -3.001787e-02 
 1.563023e+00 -2.999767e-02 
 1.563421e+00 -2.995250e-02 
 1.563819e+00 -2.987404e-02 
 1.564216e+00 -2.975820e-02 
 1.564614e+00 -2.960123e-02 
 1.565012e+00 -2.939589e-02 
 1.565410e+00 -2.914810e-02 
 1.565807e+00 -2.885738e-02 
 1.566205e+00 -2.854104e-02 
 1.566603e+00 -2.818667e-02 
 1.567000e+00 -2.781647e-02 
 1.567398e+00 -2.739408e-02 
 1.567796e+00 -2.695424e-02 
 1.568193e+00 -2.649170e-02 
 1.568591e+00 -2.600222e-02 
 1.568989e+00 -2.547934e-02 
 1.569386e+00 -2.490845e-02 
 1.569784e+00 -2.429962e-02 
 1.570182e+00 -2.365018e-02 
 1.570580e+00 -2.297157e-02 
 1.570977e+00 -2.227217e-02 
 1.571375e+00 -2.154214e-02 
 1.571773e+00 -2.078492e-02 
 1.572170e+00 -2.001761e-02 
 1.572568e+00 -1.921953e-02 
 1.572966e+00 -1.840865e-02 
 1.573363e+00 -1.757485e-02 
 1.573761e+00 -1.671597e-02 
 1.574159e+00 -1.583484e-02 
 1.574557e+00 -1.490231e-02 
 1.574954e+00 -1.394703e-02 
 1.575352e+00 -1.298325e-02 
 1.575750e+00 -1.200072e-02 
 1.576147e+00 -1.100272e-02 
 1.576545e+00 -9.987460e-03 
 1.576943e+00 -8.971162e-03 
 1.577340e+00 -7.923806e-03 
 1.577738e+00 -6.873874e-03 
 1.578136e+00 -5.821674e-03 
 1.578533e+00 -4.738413e-03 
 1.578931e+00 -3.634695e-03 
 1.579329e+00 -2.526195e-03 
 1.579727e+00 -1.382999e-03 
 1.580124e+00 -2.255722e-04 
 1.580522e+00  9.213594e-04 
 1.580920e+00  2.083234e-03 
 1.581317e+00  3.241184e-03 
 1.581715e+00  4.405222e-03 
 1.582113e+00  5.571835e-03 
 1.582510e+00  6.745969e-03 
 1.582908e+00  7.923168e-03 
 1.583306e+00  9.093268e-03 
 1.583704e+00  1.028470e-02 
 1.584101e+00  1.148829e-02 
 1.584499e+00  1.269757e-02 
 1.584897e+00  1.392360e-02 
 1.585294e+00  1.514318e-02 
 1.585692e+00  1.634416e-02 
 1.586090e+00  1.753868e-02 
 1.586487e+00  1.875506e-02 
 1.586885e+00  1.996219e-02 
 1.587283e+00  2.115537e-02 
 1.587680e+00  2.234534e-02 
 1.588078e+00  2.353461e-02 
 1.588476e+00  2.471110e-02 
 1.588874e+00  2.590707e-02 
 1.589271e+00  2.710577e-02 
 1.589669e+00  2.830376e-02 
 1.590067e+00  2.948612e-02 
 1.590464e+00  3.064925e-02 
 1.590862e+00  3.180653e-02 
 1.591260e+00  3.295688e-02 
 1.591657e+00  3.410275e-02 
 1.592055e+00  3.524037e-02 
 1.592453e+00  3.636252e-02 
 1.592851e+00  3.747327e-02 
 1.593248e+00  3.858756e-02 
 1.593646e+00  3.971408e-02 
 1.594044e+00  4.083877e-02 
 1.594441e+00  4.195063e-02 
 1.594839e+00  4.305182e-02 
 1.595237e+00  4.413129e-02 
 1.595634e+00  4.519164e-02 
 1.596032e+00  4.624872e-02 
 1.596430e+00  4.728906e-02 
 1.596827e+00  4.829575e-02 
 1.597225e+00  4.929186e-02 
 1.597623e+00  5.026942e-02 
 1.598021e+00  5.123057e-02 
 1.598418e+00  5.218725e-02 
 1.598816e+00  5.313813e-02 
 1.599214e+00  5.406607e-02 
 1.599611e+00  5.496150e-02 
 1.600009e+00  5.583112e-02 
 1.600407e+00  5.667845e-02 
 1.600804e+00  5.748829e-02 
 1.601202e+00  5.828345e-02 
 1.601600e+00  5.903936e-02 
 1.601998e+00  5.976606e-02 
 1.602395e+00  6.045617e-02 
 1.602793e+00  6.112608e-02 
 1.603191e+00  6.177002e-02 
 1.603588e+00  6.239511e-02 
 1.603986e+00  6.298444e-02 
 1.604384e+00  6.354471e-02 
 1.604781e+00  6.406414e-02 
 1.605179e+00  6.455566e-02 
 1.605577e+00  6.502107e-02 
 1.605974e+00  6.544241e-02 
 1.606372e+00  6.582023e-02 
 1.606770e+00  6.617620e-02 
 1.607168e+00  6.648222e-02 
 1.607565e+00  6.676092e-02 
 1.607963e+00  6.700912e-02 
 1.608361e+00  6.721829e-02 
 1.608758e+00  6.740400e-02 
 1.609156e+00  6.755594e-02 
 1.609554e+00  6.766991e-02 
 1.609951e+00  6.774941e-02 
 1.610349e+00  6.780218e-02 
 1.610747e+00  6.782423e-02 
 1.611145e+00  6.781054e-02 
 1.611542e+00  6.776377e-02 
 1.611940e+00  6.768118e-02 
 1.612338e+00  6.755785e-02 
 1.612735e+00  6.742544e-02 
 1.613133e+00  6.725828e-02 
 1.613531e+00  6.707149e-02 
 1.613928e+00  6.685096e-02 
 1.614326e+00  6.660976e-02 
 1.614724e+00  6.633145e-02 
 1.615121e+00  6.601871e-02 
 1.615519e+00  6.568380e-02 
 1.615917e+00  6.530845e-02 
 1.616315e+00  6.489149e-02 
 1.616712e+00  6.444799e-02 
 1.617110e+00  6.397109e-02 
 1.617508e+00  6.347336e-02 
 1.617905e+00  6.294583e-02 
 1.618303e+00  6.240074e-02 
 1.618701e+00  6.182933e-02 
 1.619098e+00  6.123394e-02 
 1.619496e+00  6.062342e-02 
 1.619894e+00  5.997955e-02 
 1.620292e+00  5.931854e-02 
 1.620689e+00  5.862895e-02 
 1.621087e+00  5.790495e-02 
 1.621485e+00  5.714695e-02 
 1.621882e+00  5.637145e-02 
 1.622280e+00  5.557862e-02 
 1.622678e+00  5.476930e-02 
 1.623075e+00  5.395035e-02 
 1.623473e+00  5.310774e-02 
 1.623871e+00  5.224758e-02 
 1.624268e+00  5.137861e-02 
 1.624666e+00  5.048799e-02 
 1.625064e+00  4.957221e-02 
 1.625462e+00  4.864403e-02 
 1.625859e+00  4.769949e-02 
 1.626257e+00  4.671563e-02 
 1.626655e+00  4.571859e-02 
 1.627052e+00  4.471712e-02 
 1.627450e+00  4.368756e-02 
 1.627848e+00  4.265023e-02 
 1.628245e+00  4.159987e-02 
 1.628643e+00  4.053433e-02 
 1.629041e+00  3.945661e-02 
 1.629439e+00  3.836171e-02 
 1.629836e+00  3.726246e-02 
 1.630234e+00  3.613964e-02 
 1.630632e+00  3.498893e-02 
 1.631029e+00  3.382234e-02 
 1.631427e+00  3.263921e-02 
 1.631825e+00  3.145175e-02 
 1.632222e+00  3.025056e-02 
 1.632620e+00  2.905079e-02 
 1.633018e+00  2.783521e-02 
 1.633415e+00  2.662367e-02 
 1.633813e+00  2.539203e-02 
 1.634211e+00  2.417356e-02 
 1.634609e+00  2.294102e-02 
 1.635006e+00  2.170147e-02 
 1.635404e+00  2.044488e-02 
 1.635802e+00  1.917708e-02 
 1.636199e+00  1.788895e-02 
 1.636597e+00  1.660562e-02 
 1.636995e+00  1.531356e-02 
 1.637392e+00  1.401791e-02 
 1.637790e+00  1.273804e-02 
 1.638188e+00  1.147167e-02 
 1.638586e+00  1.021049e-02 
 1.638983e+00  8.976243e-03 
 1.639381e+00  7.749564e-03 
 1.639779e+00  6.524924e-03 
 1.640176e+00  5.286838e-03 
 1.640574e+00  4.064146e-03 
 1.640972e+00  2.841845e-03 
 1.641369e+00  1.626187e-03 
 1.641767e+00  4.346376e-04 
 1.642165e+00 -7.462997e-04 
 1.642562e+00 -1.907105e-03 
 1.642960e+00 -3.039088e-03 
 1.643358e+00 -4.147779e-03 
 1.643756e+00 -5.229723e-03 
 1.644153e+00 -6.290712e-03 
 1.644551e+00 -7.349116e-03 
 1.644949e+00 -8.385096e-03 
 1.645346e+00 -9.419869e-03 
 1.645744e+00 -1.043199e-02 
 1.646142e+00 -1.143193e-02 
 1.646539e+00 -1.240368e-02 
 1.646937e+00 -1.335650e-02 
 1.647335e+00 -1.427979e-02 
 1.647733e+00 -1.517049e-02 
 1.648130e+00 -1.603055e-02 
 1.648528e+00 -1.685360e-02 
 1.648926e+00 -1.765378e-02 
 1.649323e+00 -1.843500e-02 
 1.649721e+00 -1.920743e-02 
 1.650119e+00 -1.996515e-02 
 1.650516e+00 -2.069610e-02 
 1.650914e+00 -2.139143e-02 
 1.651312e+00 -2.206707e-02 
 1.651709e+00 -2.271472e-02 
 1.652107e+00 -2.332953e-02 
 1.652505e+00 -2.390960e-02 
 1.652903e+00 -2.446027e-02 
 1.653300e+00 -2.497152e-02 
 1.653698e+00 -2.544741e-02 
 1.654096e+00 -2.590087e-02 
 1.654493e+00 -2.633966e-02 
 1.654891e+00 -2.674857e-02 
 1.655289e+00 -2.713514e-02 
 1.655686e+00 -2.750098e-02 
 1.656084e+00 -2.783580e-02 
 1.656482e+00 -2.814711e-02 
 1.656880e+00 -2.842745e-02 
 1.657277e+00 -2.867155e-02 
 1.657675e+00 -2.887968e-02 
 1.658073e+00 -2.905149e-02 
 1.658470e+00 -2.918489e-02 
 1.658868e+00 -2.929781e-02 
 1.659266e+00 -2.939317e-02 
 1.659663e+00 -2.947101e-02 
 1.660061e+00 -2.952334e-02 
 1.660459e+00 -2.955031e-02 
 1.660856e+00 -2.954810e-02 
 1.661254e+00 -2.950375e-02 
 1.661652e+00 -2.943617e-02 
 1.662050e+00 -2.933887e-02 
 1.662447e+00 -2.919649e-02 
 1.662845e+00 -2.902476e-02 
 1.663243e+00 -2.881103e-02 
 1.663640e+00 -2.859156e-02 
 1.664038e+00 -2.833039e-02 
 1.664436e+00 -2.806921e-02 
 1.664833e+00 -2.778119e-02 
 1.665231e+00 -2.746204e-02 
 1.665629e+00 -2.712218e-02 
 1.666027e+00 -2.674488e-02 
 1.666424e+00 -2.633501e-02 
 1.666822e+00 -2.589661e-02 
 1.667220e+00 -2.541679e-02 
 1.667617e+00 -2.488331e-02 
 1.668015e+00 -2.432741e-02 
 1.668413e+00 -2.375491e-02 
 1.668810e+00 -2.315554e-02 
 1.669208e+00 -2.253922e-02 
 1.669606e+00 -2.190221e-02 
 1.670003e+00 -2.122763e-02 
 1.670401e+00 -2.052359e-02 
 1.670799e+00 -1.978399e-02 
 1.671197e+00 -1.902713e-02 
 1.671594e+00 -1.822649e-02 
 1.671992e+00 -1.739493e-02 
 1.672390e+00 -1.652919e-02 
 1.672787e+00 -1.563001e-02 
 1.673185e+00 -1.471050e-02 
 1.673583e+00 -1.376665e-02 
 1.673980e+00 -1.281139e-02 
 1.674378e+00 -1.182714e-02 
 1.674776e+00 -1.082245e-02 
 1.675174e+00 -9.800218e-03 
 1.675571e+00 -8.767757e-03 
 1.675969e+00 -7.713190e-03 
 1.676367e+00 -6.637571e-03 
 1.676764e+00 -5.535826e-03 
 1.677162e+00 -4.407243e-03 
 1.677560e+00 -3.257303e-03 
 1.677957e+00 -2.095286e-03 
 1.678355e+00 -9.229376e-04 
 1.678753e+00  2.534812e-04 
 1.679150e+00  1.429468e-03 
 1.679548e+00  2.632511e-03 
 1.679946e+00  3.832296e-03 
 1.680344e+00  5.035971e-03 
 1.680741e+00  6.250241e-03 
 1.681139e+00  7.473934e-03 
 1.681537e+00  8.704970e-03 
 1.681934e+00  9.949103e-03 
 1.682332e+00  1.120698e-02 
 1.682730e+00  1.247559e-02 
 1.683127e+00  1.373278e-02 
 1.683525e+00  1.497880e-02 
 1.683923e+00  1.622093e-02 
 1.684321e+00  1.744584e-02 
 1.684718e+00  1.867303e-02 
 1.685116e+00  1.989469e-02 
 1.685514e+00  2.110566e-02 
 1.685911e+00  2.231012e-02 
 1.686309e+00  2.353837e-02 
 1.686707e+00  2.476565e-02 
 1.687104e+00  2.600001e-02 
 1.687502e+00  2.722138e-02 
 1.687900e+00  2.844180e-02 
 1.688297e+00  2.962346e-02 
 1.688695e+00  3.080174e-02 
 1.689093e+00  3.196694e-02 
 1.689491e+00  3.311582e-02 
 1.689888e+00  3.427105e-02 
 1.690286e+00  3.540631e-02 
 1.690684e+00  3.652540e-02 
 1.691081e+00  3.764108e-02 
 1.691479e+00  3.875529e-02 
 1.691877e+00  3.986306e-02 
 1.692274e+00  4.094989e-02 
 1.692672e+00  4.202063e-02 
 1.693070e+00  4.308012e-02 
 1.693468e+00  4.410307e-02 
 1.693865e+00  4.512090e-02 
 1.694263e+00  4.612537e-02 
 1.694661e+00  4.710702e-02 
 1.695058e+00  4.807387e-02 
 1.695456e+00  4.902040e-02 
 1.695854e+00  4.995783e-02 
 1.696251e+00  5.088143e-02 
 1.696649e+00  5.179956e-02 
 1.697047e+00  5.269550e-02 
 1.697444e+00  5.356063e-02 
 1.697842e+00  5.440391e-02 
 1.698240e+00  5.522811e-02 
 1.698638e+00  5.602708e-02 
 1.699035e+00  5.681233e-02 
 1.699433e+00  5.757702e-02 
 1.699831e+00  5.831615e-02 
 1.700228e+00  5.903499e-02 
 1.700626e+00  5.973595e-02 
 1.701024e+00  6.041626e-02 
 1.701421e+00  6.107570e-02 
 1.701819e+00  6.172375e-02 
 1.702217e+00  6.234813e-02 
 1.702615e+00  6.292444e-02 
 1.703012e+00  6.347723e-02 
 1.703410e+00  6.400317e-02 
 1.703808e+00  6.448863e-02 
 1.704205e+00  6.493287e-02 
 1.704603e+00  6.535010e-02 
 1.705001e+00  6.573720e-02 
 1.705398e+00  6.609579e-02 
 1.705796e+00  6.643184e-02 
 1.706194e+00  6.675422e-02 
 1.706591e+00  6.704056e-02 
 1.706989e+00  6.729854e-02 
 1.707387e+00  6.751521e-02 
 1.707785e+00  6.768761e-02 
 1.708182e+00  6.782358e-02 
 1.708580e+00  6.794231e-02 
 1.708978e+00  6.801924e-02 
 1.709375e+00  6.804916e-02 
 1.709773e+00  6.804550e-02 
 1.710171e+00  6.800506e-02 
 1.710568e+00  6.793260e-02 
 1.710966e+00  6.783533e-02 
 1.711364e+00  6.771330e-02 
 1.711762e+00  6.755244e-02 
 1.712159e+00  6.734233e-02 
 1.712557e+00  6.710419e-02 
 1.712955e+00  6.682893e-02 
 1.713352e+00  6.652084e-02 
 1.713750e+00  6.617517e-02 
 1.714148e+00  6.579408e-02 
 1.714545e+00  6.537334e-02 
 1.714943e+00  6.492976e-02 
 1.715341e+00  6.446397e-02 
 1.715738e+00  6.398554e-02 
 1.716136e+00  6.347120e-02 
 1.716534e+00  6.292538e-02 
 1.716932e+00  6.235353e-02 
 1.717329e+00  6.175269e-02 
 1.717727e+00  6.113070e-02 
 1.718125e+00  6.047628e-02 
 1.718522e+00  5.980361e-02 
 1.718920e+00  5.909813e-02 
 1.719318e+00  5.835788e-02 
 1.719715e+00  5.758810e-02 
 1.720113e+00  5.679950e-02 
 1.720511e+00  5.599823e-02 
 1.720909e+00  5.517492e-02 
 1.721306e+00  5.433187e-02 
 1.721704e+00  5.347343e-02 
 1.722102e+00  5.259044e-02 
 1.722499e+00  5.168742e-02 
 1.722897e+00  5.075385e-02 
 1.723295e+00  4.980148e-02 
 1.723692e+00  4.881115e-02 
 1.724090e+00  4.781477e-02 
 1.724488e+00  4.679496e-02 
 1.724885e+00  4.575721e-02 
 1.725283e+00  4.470951e-02 
 1.725681e+00  4.365090e-02 
 1.726079e+00  4.258489e-02 
 1.726476e+00  4.150460e-02 
 1.726874e+00  4.041055e-02 
 1.727272e+00  3.930819e-02 
 1.727669e+00  3.818490e-02 
 1.728067e+00  3.705854e-02 
 1.728465e+00  3.591377e-02 
 1.728862e+00  3.475305e-02 
 1.729260e+00  3.358927e-02 
 1.729658e+00  3.241820e-02 
 1.730056e+00  3.123585e-02 
 1.730453e+00  3.005895e-02 
 1.730851e+00  2.888851e-02 
 1.731249e+00  2.770634e-02 
 1.731646e+00  2.650875e-02 
 1.732044e+00  2.532524e-02 
 1.732442e+00  2.411744e-02 
 1.732839e+00  2.290657e-02 
 1.733237e+00  2.169068e-02 
 1.733635e+00  2.046757e-02 
 1.734032e+00  1.924872e-02 
 1.734430e+00  1.803921e-02 
 1.734828e+00  1.683582e-02 
 1.735226e+00  1.562722e-02 
 1.735623e+00  1.443036e-02 
 1.736021e+00  1.323997e-02 
 1.736419e+00  1.204190e-02 
 1.736816e+00  1.085308e-02 
 1.737214e+00  9.674636e-03 
 1.737612e+00  8.481513e-03 
 1.738009e+00  7.288938e-03 
 1.738407e+00  6.098286e-03 
 1.738805e+00  4.905369e-03 
 1.739203e+00  3.719016e-03 
 1.739600e+00  2.550120e-03 
 1.739998e+00  1.385507e-03 
 1.740396e+00  2.216256e-04 
 1.740793e+00 -9.186608e-04 
 1.741191e+00 -2.048737e-03 
 1.741589e+00 -3.170352e-03 
 1.741986e+00 -4.285418e-03 
 1.742384e+00 -5.393706e-03 
 1.742782e+00 -6.506653e-03 
 1.743179e+00 -7.608100e-03 
 1.743577e+00 -8.701690e-03 
 1.743975e+00 -9.767054e-03 
 1.744373e+00 -1.081560e-02 
 1.744770e+00 -1.183772e-02 
 1.745168e+00 -1.284006e-02 
 1.745566e+00 -1.381805e-02 
 1.745963e+00 -1.477024e-02 
 1.746361e+00 -1.569205e-02 
 1.746759e+00 -1.658195e-02 
 1.747156e+00 -1.746590e-02 
 1.747554e+00 -1.832773e-02 
 1.747952e+00 -1.917031e-02 
 1.748350e+00 -1.998305e-02 
 1.748747e+00 -2.077092e-02 
 1.749145e+00 -2.151679e-02 
 1.749543e+00 -2.222225e-02 
 1.749940e+00 -2.290426e-02 
 1.750338e+00 -2.354026e-02 
 1.750736e+00 -2.413430e-02 
 1.751133e+00 -2.470053e-02 
 1.751531e+00 -2.523866e-02 
 1.751929e+00 -2.574822e-02 
 1.752326e+00 -2.624716e-02 
 1.752724e+00 -2.672797e-02 
 1.753122e+00 -2.716478e-02 
 1.753520e+00 -2.757329e-02 
 1.753917e+00 -2.794637e-02 
 1.754315e+00 -2.826756e-02 
 1.754713e+00 -2.855251e-02 
 1.755110e+00 -2.880895e-02 
 1.755508e+00 -2.901971e-02 
 1.755906e+00 -2.920408e-02 
 1.756303e+00 -2.935139e-02 
 1.756701e+00 -2.947673e-02 
 1.757099e+00 -2.957679e-02 
 1.757497e+00 -2.967776e-02 
 1.757894e+00 -2.975320e-02 
 1.758292e+00 -2.977829e-02 
 1.758690e+00 -2.978861e-02 
 1.759087e+00 -2.975508e-02 
 1.759485e+00 -2.967682e-02 
 1.759883e+00 -2.957623e-02 
 1.760280e+00 -2.944369e-02 
 1.760678e+00 -2.926965e-02 
 1.761076e+00 -2.906378e-02 
 1.761473e+00 -2.885117e-02 
 1.761871e+00 -2.861720e-02 
 1.762269e+00 -2.835654e-02 
 1.762667e+00 -2.808908e-02 
 1.763064e+00 -2.776712e-02 
 1.763462e+00 -2.741450e-02 
 1.763860e+00 -2.701971e-02 
 1.764257e+00 -2.661045e-02 
 1.764655e+00 -2.616249e-02 
 1.765053e+00 -2.567664e-02 
 1.765450e+00 -2.517153e-02 
 1.765848e+00 -2.462772e-02 
 1.766246e+00 -2.406255e-02 
 1.766644e+00 -2.348994e-02 
 1.767041e+00 -2.290007e-02 
 1.767439e+00 -2.227833e-02 
 1.767837e+00 -2.162710e-02 
 1.768234e+00 -2.094759e-02 
 1.768632e+00 -2.023613e-02 
 1.769030e+00 -1.949159e-02 
 1.769427e+00 -1.872547e-02 
 1.769825e+00 -1.793304e-02 
 1.770223e+00 -1.709968e-02 
 1.770620e+00 -1.625848e-02 
 1.771018e+00 -1.540892e-02 
 1.771416e+00 -1.454545e-02 
 1.771814e+00 -1.366977e-02 
 1.772211e+00 -1.278885e-02 
 1.772609e+00 -1.187751e-02 
 1.773007e+00 -1.093550e-02 
 1.773404e+00 -9.986829e-03 
 1.773802e+00 -9.006600e-03 
 1.774200e+00 -8.004665e-03 
 1.774597e+00 -6.971263e-03 
 1.774995e+00 -5.922139e-03 
 1.775393e+00 -4.843350e-03 
 1.775791e+00 -3.753563e-03 
 1.776188e+00 -2.669697e-03 
 1.776586e+00 -1.571641e-03 
 1.776984e+00 -4.684607e-04 
 1.777381e+00  6.567397e-04 
 1.777779e+00  1.795673e-03 
 1.778177e+00  2.954240e-03 
 1.778574e+00  4.130215e-03 
 1.778972e+00  5.328708e-03 
 1.779370e+00  6.542496e-03 
 1.779767e+00  7.775626e-03 
 1.780165e+00  9.014412e-03 
 1.780563e+00  1.027083e-02 
 1.780961e+00  1.150522e-02 
 1.781358e+00  1.275787e-02 
 1.781756e+00  1.399540e-02 
 1.782154e+00  1.525600e-02 
 1.782551e+00  1.651801e-02 
 1.782949e+00  1.779364e-02 
 1.783347e+00  1.907990e-02 
 1.783744e+00  2.035831e-02 
 1.784142e+00  2.165517e-02 
 1.784540e+00  2.295637e-02 
 1.784938e+00  2.425766e-02 
 1.785335e+00  2.554078e-02 
 1.785733e+00  2.681592e-02 
 1.786131e+00  2.807780e-02 
 1.786528e+00  2.931371e-02 
 1.786926e+00  3.053949e-02 
 1.787324e+00  3.177617e-02 
 1.787721e+00  3.297925e-02 
 1.788119e+00  3.418366e-02 
 1.788517e+00  3.538008e-02 
 1.788914e+00  3.656409e-02 
 1.789312e+00  3.773187e-02 
 1.789710e+00  3.889476e-02 
 1.790108e+00  4.004624e-02 
 1.790505e+00  4.115045e-02 
 1.790903e+00  4.224055e-02 
 1.791301e+00  4.331351e-02 
 1.791698e+00  4.434450e-02 
 1.792096e+00  4.536692e-02 
 1.792494e+00  4.638385e-02 
 1.792891e+00  4.736393e-02 
 1.793289e+00  4.831987e-02 
 1.793687e+00  4.927226e-02 
 1.794085e+00  5.021380e-02 
 1.794482e+00  5.112240e-02 
 1.794880e+00  5.202783e-02 
 1.795278e+00  5.290442e-02 
 1.795675e+00  5.373394e-02 
 1.796073e+00  5.454131e-02 
 1.796471e+00  5.533839e-02 
 1.796868e+00  5.609741e-02 
 1.797266e+00  5.683447e-02 
 1.797664e+00  5.756161e-02 
 1.798061e+00  5.826254e-02 
 1.798459e+00  5.894058e-02 
 1.798857e+00  5.960213e-02 
 1.799255e+00  6.026179e-02 
 1.799652e+00  6.086926e-02 
 1.800050e+00  6.147279e-02 
 1.800448e+00  6.202796e-02 
 1.800845e+00  6.254763e-02 
 1.801243e+00  6.304308e-02 
 1.801641e+00  6.352985e-02 
 1.802038e+00  6.398263e-02 
 1.802436e+00  6.442088e-02 
 1.802834e+00  6.483307e-02 
 1.803232e+00  6.522073e-02 
 1.803629e+00  6.559290e-02 
 1.804027e+00  6.593979e-02 
 1.804425e+00  6.626394e-02 
 1.804822e+00  6.655345e-02 
 1.805220e+00  6.680278e-02 
 1.805618e+00  6.700894e-02 
 1.806015e+00  6.718374e-02 
 1.806413e+00  6.734154e-02 
 1.806811e+00  6.746908e-02 
 1.807208e+00  6.756834e-02 
 1.807606e+00  6.762803e-02 
 1.808004e+00  6.765587e-02 
 1.808402e+00  6.766790e-02 
 1.808799e+00  6.764222e-02 
 1.809197e+00  6.758899e-02 
 1.809595e+00  6.750560e-02 
 1.809992e+00  6.737467e-02 
 1.810390e+00  6.720825e-02 
 1.810788e+00  6.700810e-02 
 1.811185e+00  6.679039e-02 
 1.811583e+00  6.653359e-02 
 1.811981e+00  6.624026e-02 
 1.812379e+00  6.591364e-02 
 1.812776e+00  6.555396e-02 
 1.813174e+00  6.517373e-02 
 1.813572e+00  6.476785e-02 
 1.813969e+00  6.432621e-02 
 1.814367e+00  6.385106e-02 
 1.814765e+00  6.334549e-02 
 1.815162e+00  6.280573e-02 
 1.815560e+00  6.221987e-02 
 1.815958e+00  6.162092e-02 
 1.816355e+00  6.097887e-02 
 1.816753e+00  6.030245e-02 
 1.817151e+00  5.959431e-02 
 1.817549e+00  5.887111e-02 
 1.817946e+00  5.811519e-02 
 1.818344e+00  5.733973e-02 
 1.818742e+00  5.655496e-02 
 1.819139e+00  5.573790e-02 
 1.819537e+00  5.488363e-02 
 1.819935e+00  5.400620e-02 
 1.820332e+00  5.310363e-02 
 1.820730e+00  5.217367e-02 
 1.821128e+00  5.120731e-02 
 1.821526e+00  5.023105e-02 
 1.821923e+00  4.922892e-02 
 1.822321e+00  4.822420e-02 
 1.822719e+00  4.720700e-02 
 1.823116e+00  4.617946e-02 
 1.823514e+00  4.514451e-02 
 1.823912e+00  4.409109e-02 
 1.824309e+00  4.302340e-02 
 1.824707e+00  4.192326e-02 
 1.825105e+00  4.081920e-02 
 1.825502e+00  3.969574e-02 
 1.825900e+00  3.854055e-02 
 1.826298e+00  3.737463e-02 
 1.826696e+00  3.620799e-02 
 1.827093e+00  3.502831e-02 
 1.827491e+00  3.383609e-02 
 1.827889e+00  3.265362e-02 
 1.828286e+00  3.147680e-02 
 1.828684e+00  3.027622e-02 
 1.829082e+00  2.909113e-02 
 1.829479e+00  2.788970e-02 
 1.829877e+00  2.667351e-02 
 1.830275e+00  2.546359e-02 
 1.830673e+00  2.424251e-02 
 1.831070e+00  2.301094e-02 
 1.831468e+00  2.178290e-02 
 1.831866e+00  2.056017e-02 
 1.832263e+00  1.933727e-02 
 1.832661e+00  1.811275e-02 
 1.833059e+00  1.690426e-02 
 1.833456e+00  1.569198e-02 
 1.833854e+00  1.447865e-02 
 1.834252e+00  1.328433e-02 
 1.834649e+00  1.207843e-02 
 1.835047e+00  1.087146e-02 
 1.835445e+00  9.669688e-03 
 1.835843e+00  8.474322e-03 
 1.836240e+00  7.275618e-03 
 1.836638e+00  6.074853e-03 
 1.837036e+00  4.901015e-03 
 1.837433e+00  3.741788e-03 
 1.837831e+00  2.591851e-03 
 1.838229e+00  1.468532e-03 
 1.838626e+00  3.445800e-04 
 1.839024e+00 -7.694900e-04 
 1.839422e+00 -1.867147e-03 
 1.839820e+00 -2.968131e-03 
 1.840217e+00 -4.058174e-03 
 1.840615e+00 -5.138682e-03 
 1.841013e+00 -6.215932e-03 
 1.841410e+00 -7.274318e-03 
 1.841808e+00 -8.306526e-03 
 1.842206e+00 -9.318557e-03 
 1.842603e+00 -1.029690e-02 
 1.843001e+00 -1.126306e-02 
 1.843399e+00 -1.221387e-02 
 1.843796e+00 -1.314066e-02 
 1.844194e+00 -1.404708e-02 
 1.844592e+00 -1.494182e-02 
 1.844990e+00 -1.583721e-02 
 1.845387e+00 -1.670988e-02 
 1.845785e+00 -1.757550e-02 
 1.846183e+00 -1.842660e-02 
 1.846580e+00 -1.923824e-02 
 1.846978e+00 -2.002227e-02 
 1.847376e+00 -2.077689e-02 
 1.847773e+00 -2.150262e-02 
 1.848171e+00 -2.220279e-02 
 1.848569e+00 -2.288311e-02 
 1.848967e+00 -2.353500e-02 
 1.849364e+00 -2.416248e-02 
 1.849762e+00 -2.477355e-02 
 1.850160e+00 -2.536460e-02 
 1.850557e+00 -2.591890e-02 
 1.850955e+00 -2.645241e-02 
 1.851353e+00 -2.694401e-02 
 1.851750e+00 -2.738979e-02 
 1.852148e+00 -2.780714e-02 
 1.852546e+00 -2.818348e-02 
 1.852943e+00 -2.852465e-02 
 1.853341e+00 -2.883751e-02 
 1.853739e+00 -2.912111e-02 
 1.854137e+00 -2.936608e-02 
 1.854534e+00 -2.957933e-02 
 1.854932e+00 -2.978349e-02 
 1.855330e+00 -2.994909e-02 
 1.855727e+00 -3.008453e-02 
 1.856125e+00 -3.019087e-02 
 1.856523e+00 -3.023116e-02 
 1.856920e+00 -3.023311e-02 
 1.857318e+00 -3.020856e-02 
 1.857716e+00 -3.014006e-02 
 1.858114e+00 -3.001816e-02 
 1.858511e+00 -2.988400e-02 
 1.858909e+00 -2.971410e-02 
 1.859307e+00 -2.951019e-02 
 1.859704e+00 -2.928893e-02 
 1.860102e+00 -2.905941e-02 
 1.860500e+00 -2.878172e-02 
 1.860897e+00 -2.846992e-02 
 1.861295e+00 -2.811817e-02 
 1.861693e+00 -2.773274e-02 
 1.862090e+00 -2.731324e-02 
 1.862488e+00 -2.686914e-02 
 1.862886e+00 -2.638608e-02 
 1.863284e+00 -2.586597e-02 
 1.863681e+00 -2.533074e-02 
 1.864079e+00 -2.478046e-02 
 1.864477e+00 -2.420357e-02 
 1.864874e+00 -2.362314e-02 
 1.865272e+00 -2.302916e-02 
 1.865670e+00 -2.238864e-02 
 1.866067e+00 -2.171352e-02 
 1.866465e+00 -2.102038e-02 
 1.866863e+00 -2.028929e-02 
 1.867261e+00 -1.953919e-02 
 1.867658e+00 -1.876312e-02 
 1.868056e+00 -1.796736e-02 
 1.868454e+00 -1.714674e-02 
 1.868851e+00 -1.632484e-02 
 1.869249e+00 -1.548805e-02 
 1.869647e+00 -1.463723e-02 
 1.870044e+00 -1.376188e-02 
 1.870442e+00 -1.286453e-02 
 1.870840e+00 -1.192155e-02 
 1.871237e+00 -1.096978e-02 
 1.871635e+00 -9.995517e-03 
 1.872033e+00 -8.998920e-03 
 1.872431e+00 -7.986395e-03 
 1.872828e+00 -6.953308e-03 
 1.873226e+00 -5.907753e-03 
 1.873624e+00 -4.837137e-03 
 1.874021e+00 -3.781926e-03 
 1.874419e+00 -2.713153e-03 
 1.874817e+00 -1.628619e-03 
 1.875214e+00 -5.218638e-04 
 1.875612e+00  5.965472e-04 
 1.876010e+00  1.740948e-03 
 1.876408e+00  2.906970e-03 
 1.876805e+00  4.078219e-03 
 1.877203e+00  5.249353e-03 
 1.877601e+00  6.435653e-03 
 1.877998e+00  7.634272e-03 
 1.878396e+00  8.826989e-03 
 1.878794e+00  1.003476e-02 
 1.879191e+00  1.124002e-02 
 1.879589e+00  1.244208e-02 
 1.879987e+00  1.366188e-02 
 1.880384e+00  1.489557e-02 
 1.880782e+00  1.613220e-02 
 1.881180e+00  1.736713e-02 
 1.881578e+00  1.861103e-02 
 1.881975e+00  1.984821e-02 
 1.882373e+00  2.108771e-02 
 1.882771e+00  2.233196e-02 
 1.883168e+00  2.358305e-02 
 1.883566e+00  2.482184e-02 
 1.883964e+00  2.603194e-02 
 1.884361e+00  2.725088e-02 
 1.884759e+00  2.846932e-02 
 1.885157e+00  2.967994e-02 
 1.885555e+00  3.091287e-02 
 1.885952e+00  3.213311e-02 
 1.886350e+00  3.334687e-02 
 1.886748e+00  3.454363e-02 
 1.887145e+00  3.575523e-02 
 1.887543e+00  3.693728e-02 
 1.887941e+00  3.811300e-02 
 1.888338e+00  3.927951e-02 
 1.888736e+00  4.041473e-02 
 1.889134e+00  4.152363e-02 
 1.889531e+00  4.264626e-02 
 1.889929e+00  4.375225e-02 
 1.890327e+00  4.484442e-02 
 1.890725e+00  4.592045e-02 
 1.891122e+00  4.698906e-02 
 1.891520e+00  4.803595e-02 
 1.891918e+00  4.906692e-02 
 1.892315e+00  5.008659e-02 
 1.892713e+00  5.106788e-02 
 1.893111e+00  5.200899e-02 
 1.893508e+00  5.291798e-02 
 1.893906e+00  5.379890e-02 
 1.894304e+00  5.464729e-02 
 1.894702e+00  5.548523e-02 
 1.895099e+00  5.629341e-02 
 1.895497e+00  5.708266e-02 
 1.895895e+00  5.784893e-02 
 1.896292e+00  5.858773e-02 
 1.896690e+00  5.928911e-02 
 1.897088e+00  5.996477e-02 
 1.897485e+00  6.061740e-02 
 1.897883e+00  6.122390e-02 
 1.898281e+00  6.179385e-02 
 1.898678e+00  6.234489e-02 
 1.899076e+00  6.286210e-02 
 1.899474e+00  6.334591e-02 
 1.899872e+00  6.381471e-02 
 1.900269e+00  6.425067e-02 
 1.900667e+00  6.465391e-02 
 1.901065e+00  6.502308e-02 
 1.901462e+00  6.537953e-02 
 1.901860e+00  6.570137e-02 
 1.902258e+00  6.599145e-02 
 1.902655e+00  6.625932e-02 
 1.903053e+00  6.648028e-02 
 1.903451e+00  6.667410e-02 
 1.903849e+00  6.684240e-02 
 1.904246e+00  6.698594e-02 
 1.904644e+00  6.711196e-02 
 1.905042e+00  6.721811e-02 
 1.905439e+00  6.728843e-02 
 1.905837e+00  6.733352e-02 
 1.906235e+00  6.735146e-02 
 1.906632e+00  6.735616e-02 
 1.907030e+00  6.732846e-02 
 1.907428e+00  6.726409e-02 
 1.907825e+00  6.716502e-02 
 1.908223e+00  6.703718e-02 
 1.908621e+00  6.687773e-02 
 1.909019e+00  6.668554e-02 
 1.909416e+00  6.647773e-02 
 1.909814e+00  6.623789e-02 
 1.910212e+00  6.595173e-02 
 1.910609e+00  6.565755e-02 
 1.911007e+00  6.533720e-02 
 1.911405e+00  6.498610e-02 
 1.911802e+00  6.460788e-02 
 1.912200e+00  6.420261e-02 
 1.912598e+00  6.374077e-02 
 1.912996e+00  6.325042e-02 
 1.913393e+00  6.272279e-02 
 1.913791e+00  6.216949e-02 
 1.914189e+00  6.158878e-02 
 1.914586e+00  6.098747e-02 
 1.914984e+00  6.036123e-02 
 1.915382e+00  5.970076e-02 
 1.915779e+00  5.901015e-02 
 1.916177e+00  5.830842e-02 
 1.916575e+00  5.757629e-02 
 1.916972e+00  5.681378e-02 
 1.917370e+00  5.602334e-02 
 1.917768e+00  5.519726e-02 
 1.918166e+00  5.436404e-02 
 1.918563e+00  5.350250e-02 
 1.918961e+00  5.262140e-02 
 1.919359e+00  5.171362e-02 
 1.919756e+00  5.078668e-02 
 1.920154e+00  4.983599e-02 
 1.920552e+00  4.886430e-02 
 1.920949e+00  4.787981e-02 
 1.921347e+00  4.687326e-02 
 1.921745e+00  4.583894e-02 
 1.922143e+00  4.478170e-02 
 1.922540e+00  4.369961e-02 
 1.922938e+00  4.259255e-02 
 1.923336e+00  4.147009e-02 
 1.923733e+00  4.034601e-02 
 1.924131e+00  3.920170e-02 
 1.924529e+00  3.803638e-02 
 1.924926e+00  3.686930e-02 
 1.925324e+00  3.568638e-02 
 1.925722e+00  3.449973e-02 
 1.926119e+00  3.330069e-02 
 1.926517e+00  3.210115e-02 
 1.926915e+00  3.087552e-02 
 1.927313e+00  2.965006e-02 
 1.927710e+00  2.841600e-02 
 1.928108e+00  2.716870e-02 
 1.928506e+00  2.591672e-02 
 1.928903e+00  2.465354e-02 
 1.929301e+00  2.337651e-02 
 1.929699e+00  2.210413e-02 
 1.930096e+00  2.085212e-02 
 1.930494e+00  1.960840e-02 
 1.930892e+00  1.835804e-02 
 1.931290e+00  1.711923e-02 
 1.931687e+00  1.588006e-02 
 1.932085e+00  1.463542e-02 
 1.932483e+00  1.338219e-02 
 1.932880e+00  1.215100e-02 
 1.933278e+00  1.092071e-02 
 1.933676e+00  9.694134e-03 
 1.934073e+00  8.476361e-03 
 1.934471e+00  7.278252e-03 
 1.934869e+00  6.090672e-03 
 1.935266e+00  4.925188e-03 
 1.935664e+00  3.788770e-03 
 1.936062e+00  2.640951e-03 
 1.936460e+00  1.506363e-03 
 1.936857e+00  3.854929e-04 
 1.937255e+00 -7.169814e-04 
 1.937653e+00 -1.823386e-03 
 1.938050e+00 -2.906682e-03 
 1.938448e+00 -3.995031e-03 
 1.938846e+00 -5.054459e-03 
 1.939243e+00 -6.101335e-03 
 1.939641e+00 -7.118223e-03 
 1.940039e+00 -8.124197e-03 
 1.940437e+00 -9.105598e-03 
 1.940834e+00 -1.007355e-02 
 1.941232e+00 -1.103690e-02 
 1.941630e+00 -1.198225e-02 
 1.942027e+00 -1.291421e-02 
 1.942425e+00 -1.383604e-02 
 1.942823e+00 -1.473921e-02 
 1.943220e+00 -1.562033e-02 
 1.943618e+00 -1.648331e-02 
 1.944016e+00 -1.732908e-02 
 1.944413e+00 -1.814478e-02 
 1.944811e+00 -1.893415e-02 
 1.945209e+00 -1.970823e-02 
 1.945607e+00 -2.044607e-02 
 1.946004e+00 -2.115224e-02 
 1.946402e+00 -2.185010e-02 
 1.946800e+00 -2.251512e-02 
 1.947197e+00 -2.315417e-02 
 1.947595e+00 -2.378008e-02 
 1.947993e+00 -2.438957e-02 
 1.948390e+00 -2.497159e-02 
 1.948788e+00 -2.551373e-02 
 1.949186e+00 -2.603600e-02 
 1.949584e+00 -2.652004e-02 
 1.949981e+00 -2.696720e-02 
 1.950379e+00 -2.738373e-02 
 1.950777e+00 -2.777522e-02 
 1.951174e+00 -2.813038e-02 
 1.951572e+00 -2.846832e-02 
 1.951970e+00 -2.878362e-02 
 1.952367e+00 -2.905510e-02 
 1.952765e+00 -2.931125e-02 
 1.953163e+00 -2.953628e-02 
 1.953560e+00 -2.973485e-02 
 1.953958e+00 -2.987631e-02 
 1.954356e+00 -2.997959e-02 
 1.954754e+00 -3.005852e-02 
 1.955151e+00 -3.009053e-02 
 1.955549e+00 -3.010332e-02 
 1.955947e+00 -3.008158e-02 
 1.956344e+00 -3.003280e-02 
 1.956742e+00 -2.994641e-02 
 1.957140e+00 -2.984822e-02 
 1.957537e+00 -2.972298e-02 
 1.957935e+00 -2.955836e-02 
 1.958333e+00 -2.936200e-02 
 1.958731e+00 -2.911967e-02 
 1.959128e+00 -2.882368e-02 
 1.959526e+00 -2.849121e-02 
 1.959924e+00 -2.812825e-02 
 1.960321e+00 -2.774401e-02 
 1.960719e+00 -2.733116e-02 
 1.961117e+00 -2.688526e-02 
 1.961514e+00 -2.642561e-02 
 1.961912e+00 -2.592277e-02 
 1.962310e+00 -2.540486e-02 
 1.962707e+00 -2.485901e-02 
 1.963105e+00 -2.428234e-02 
 1.963503e+00 -2.365600e-02 
 1.963901e+00 -2.299499e-02 
 1.964298e+00 -2.228956e-02 
 1.964696e+00 -2.155562e-02 
 1.965094e+00 -2.081483e-02 
 1.965491e+00 -2.003898e-02 
 1.965889e+00 -1.923593e-02 
 1.966287e+00 -1.841100e-02 
 1.966684e+00 -1.756965e-02 
 1.967082e+00 -1.671674e-02 
 1.967480e+00 -1.585665e-02 
 1.967878e+00 -1.495636e-02 
 1.968275e+00 -1.403374e-02 
 1.968673e+00 -1.307857e-02 
 1.969071e+00 -1.210238e-02 
 1.969468e+00 -1.109846e-02 
 1.969866e+00 -1.009236e-02 
 1.970264e+00 -9.077816e-03 
 1.970661e+00 -8.049809e-03 
 1.971059e+00 -7.007791e-03 
 1.971457e+00 -5.949776e-03 
 1.971854e+00 -4.896038e-03 
 1.972252e+00 -3.827536e-03 
 1.972650e+00 -2.753149e-03 
 1.973048e+00 -1.647199e-03 
 1.973445e+00 -5.256728e-04 
 1.973843e+00  6.183591e-04 
 1.974241e+00  1.766750e-03 
 1.974638e+00  2.920702e-03 
 1.975036e+00  4.083337e-03 
 1.975434e+00  5.249376e-03 
 1.975831e+00  6.409631e-03 
 1.976229e+00  7.587388e-03 
 1.976627e+00  8.750822e-03 
 1.977025e+00  9.916425e-03 
 1.977422e+00  1.107917e-02 
 1.977820e+00  1.227405e-02 
 1.978218e+00  1.347911e-02 
 1.978615e+00  1.469860e-02 
 1.979013e+00  1.592891e-02 
 1.979411e+00  1.715157e-02 
 1.979808e+00  1.837111e-02 
 1.980206e+00  1.959632e-02 
 1.980604e+00  2.081497e-02 
 1.981001e+00  2.203173e-02 
 1.981399e+00  2.325150e-02 
 1.981797e+00  2.445613e-02 
 1.982195e+00  2.565399e-02 
 1.982592e+00  2.685975e-02 
 1.982990e+00  2.807923e-02 
 1.983388e+00  2.929535e-02 
 1.983785e+00  3.050842e-02 
 1.984183e+00  3.171455e-02 
 1.984581e+00  3.290372e-02 
 1.984978e+00  3.409700e-02 
 1.985376e+00  3.528204e-02 
 1.985774e+00  3.644866e-02 
 1.986172e+00  3.759864e-02 
 1.986569e+00  3.873905e-02 
 1.986967e+00  3.987602e-02 
 1.987365e+00  4.098734e-02 
 1.987762e+00  4.210455e-02 
 1.988160e+00  4.321876e-02 
 1.988558e+00  4.430561e-02 
 1.988955e+00  4.537878e-02 
 1.989353e+00  4.643032e-02 
 1.989751e+00  4.746154e-02 
 1.990148e+00  4.847533e-02 
 1.990546e+00  4.947105e-02 
 1.990944e+00  5.044290e-02 
 1.991342e+00  5.137900e-02 
 1.991739e+00  5.231819e-02 
 1.992137e+00  5.322954e-02 
 1.992535e+00  5.411842e-02 
 1.992932e+00  5.500029e-02 
 1.993330e+00  5.586082e-02 
 1.993728e+00  5.669762e-02 
 1.994125e+00  5.749927e-02 
 1.994523e+00  5.828860e-02 
 1.994921e+00  5.904385e-02 
 1.995319e+00  5.976520e-02 
 1.995716e+00  6.045563e-02 
 1.996114e+00  6.111350e-02 
 1.996512e+00  6.173372e-02 
 1.996909e+00  6.232422e-02 
 1.997307e+00  6.289393e-02 
 1.997705e+00  6.344066e-02 
 1.998102e+00  6.394265e-02 
 1.998500e+00  6.443430e-02 
 1.998898e+00  6.487958e-02 
 1.999295e+00  6.528378e-02 
 1.999693e+00  6.566488e-02 
 2.000091e+00  6.602180e-02 
 2.000489e+00  6.633478e-02 
 2.000886e+00  6.660195e-02 
 2.001284e+00  6.683946e-02 
 2.001682e+00  6.704380e-02 
 2.002079e+00  6.721699e-02 
 2.002477e+00  6.737584e-02 
 2.002875e+00  6.749593e-02 
 2.003272e+00  6.757581e-02 
 2.003670e+00  6.763310e-02 
 2.004068e+00  6.766521e-02 
 2.004466e+00  6.765559e-02 
 2.004863e+00  6.762271e-02 
 2.005261e+00  6.755592e-02 
 2.005659e+00  6.744603e-02 
 2.006056e+00  6.729794e-02 
 2.006454e+00  6.712519e-02 
 2.006852e+00  6.693016e-02 
 2.007249e+00  6.671088e-02 
 2.007647e+00  6.647336e-02 
 2.008045e+00  6.619964e-02 
 2.008442e+00  6.589574e-02 
 2.008840e+00  6.557367e-02 
 2.009238e+00  6.522652e-02 
 2.009636e+00  6.484606e-02 
 2.010033e+00  6.444799e-02 
 2.010431e+00  6.400720e-02 
 2.010829e+00  6.354179e-02 
 2.011226e+00  6.304435e-02 
 2.011624e+00  6.253701e-02 
 2.012022e+00  6.200024e-02 
 2.012419e+00  6.144319e-02 
 2.012817e+00  6.085623e-02 
 2.013215e+00  6.025140e-02 
 2.013613e+00  5.961155e-02 
 2.014010e+00  5.897274e-02 
 2.014408e+00  5.829267e-02 
 2.014806e+00  5.758484e-02 
 2.015203e+00  5.684428e-02 
 2.015601e+00  5.608555e-02 
 2.015999e+00  5.529524e-02 
 2.016396e+00  5.446797e-02 
 2.016794e+00  5.363143e-02 
 2.017192e+00  5.276452e-02 
 2.017589e+00  5.186022e-02 
 2.017987e+00  5.094220e-02 
 2.018385e+00  5.000308e-02 
 2.018783e+00  4.905151e-02 
 2.019180e+00  4.807381e-02 
 2.019578e+00  4.707904e-02 
 2.019976e+00  4.607077e-02 
 2.020373e+00  4.501726e-02 
 2.020771e+00  4.396278e-02 
 2.021169e+00  4.288959e-02 
 2.021566e+00  4.179212e-02 
 2.021964e+00  4.067950e-02 
 2.022362e+00  3.956037e-02 
 2.022760e+00  3.842392e-02 
 2.023157e+00  3.726922e-02 
 2.023555e+00  3.612181e-02 
 2.023953e+00  3.495754e-02 
 2.024350e+00  3.377917e-02 
 2.024748e+00  3.258814e-02 
 2.025146e+00  3.138336e-02 
 2.025543e+00  3.015161e-02 
 2.025941e+00  2.892175e-02 
 2.026339e+00  2.769572e-02 
 2.026736e+00  2.645829e-02 
 2.027134e+00  2.520602e-02 
 2.027532e+00  2.396891e-02 
 2.027930e+00  2.272126e-02 
 2.028327e+00  2.148407e-02 
 2.028725e+00  2.024084e-02 
 2.029123e+00  1.900250e-02 
 2.029520e+00  1.775168e-02 
 2.029918e+00  1.648719e-02 
 2.030316e+00  1.522419e-02 
 2.030713e+00  1.397022e-02 
 2.031111e+00  1.272717e-02 
 2.031509e+00  1.148542e-02 
 2.031907e+00  1.025123e-02 
 2.032304e+00  9.024226e-03 
 2.032702e+00  7.809567e-03 
 2.033100e+00  6.601315e-03 
 2.033497e+00  5.412362e-03 
 2.033895e+00  4.221991e-03 
 2.034293e+00  3.030073e-03 
 2.034690e+00  1.857094e-03 
 2.035088e+00  6.831004e-04 
 2.035486e+00 -4.812704e-04 
 2.035883e+00 -1.624218e-03 
 2.036281e+00 -2.762168e-03 
 2.036679e+00 -3.888195e-03 
 2.037077e+00 -5.000335e-03 
 2.037474e+00 -6.076584e-03 
 2.037872e+00 -7.137425e-03 
 2.038270e+00 -8.181206e-03 
 2.038667e+00 -9.207992e-03 
 2.039065e+00 -1.021953e-02 
 2.039463e+00 -1.121073e-02 
 2.039860e+00 -1.217790e-02 
 2.040258e+00 -1.311779e-02 
 2.040656e+00 -1.403532e-02 
 2.041054e+00 -1.494083e-02 
 2.041451e+00 -1.581697e-02 
 2.041849e+00 -1.665789e-02 
 2.042247e+00 -1.747316e-02 
 2.042644e+00 -1.826538e-02 
 2.043042e+00 -1.901786e-02 
 2.043440e+00 -1.976027e-02 
 2.043837e+00 -2.047191e-02 
 2.044235e+00 -2.116549e-02 
 2.044633e+00 -2.183463e-02 
 2.045030e+00 -2.248798e-02 
 2.045428e+00 -2.311287e-02 
 2.045826e+00 -2.371955e-02 
 2.046224e+00 -2.430286e-02 
 2.046621e+00 -2.484345e-02 
 2.047019e+00 -2.534897e-02 
 2.047417e+00 -2.582324e-02 
 2.047814e+00 -2.626419e-02 
 2.048212e+00 -2.667984e-02 
 2.048610e+00 -2.708213e-02 
 2.049007e+00 -2.745252e-02 
 2.049405e+00 -2.781487e-02 
 2.049803e+00 -2.813472e-02 
 2.050201e+00 -2.843764e-02 
 2.050598e+00 -2.872357e-02 
 2.050996e+00 -2.897465e-02 
 2.051394e+00 -2.919937e-02 
 2.051791e+00 -2.938640e-02 
 2.052189e+00 -2.953698e-02 
 2.052587e+00 -2.965186e-02 
 2.052984e+00 -2.973581e-02 
 2.053382e+00 -2.979811e-02 
 2.053780e+00 -2.983291e-02 
 2.054177e+00 -2.983772e-02 
 2.054575e+00 -2.981733e-02 
 2.054973e+00 -2.976104e-02 
 2.055371e+00 -2.968197e-02 
 2.055768e+00 -2.957265e-02 
 2.056166e+00 -2.942606e-02 
 2.056564e+00 -2.924766e-02 
 2.056961e+00 -2.902410e-02 
 2.057359e+00 -2.876548e-02 
 2.057757e+00 -2.847608e-02 
 2.058154e+00 -2.816384e-02 
 2.058552e+00 -2.782002e-02 
 2.058950e+00 -2.743546e-02 
 2.059348e+00 -2.701599e-02 
 2.059745e+00 -2.657423e-02 
 2.060143e+00 -2.609153e-02 
 2.060541e+00 -2.559269e-02 
 2.060938e+00 -2.505973e-02 
 2.061336e+00 -2.448615e-02 
 2.061734e+00 -2.387321e-02 
 2.062131e+00 -2.322108e-02 
 2.062529e+00 -2.254955e-02 
 2.062927e+00 -2.184356e-02 
 2.063324e+00 -2.112432e-02 
 2.063722e+00 -2.038172e-02 
 2.064120e+00 -1.959544e-02 
 2.064518e+00 -1.880618e-02 
 2.064915e+00 -1.800943e-02 
 2.065313e+00 -1.717969e-02 
 2.065711e+00 -1.632262e-02 
 2.066108e+00 -1.544708e-02 
 2.066506e+00 -1.452413e-02 
 2.066904e+00 -1.357099e-02 
 2.067301e+00 -1.261042e-02 
 2.067699e+00 -1.163182e-02 
 2.068097e+00 -1.062735e-02 
 2.068494e+00 -9.619593e-03 
 2.068892e+00 -8.601878e-03 
 2.069290e+00 -7.548587e-03 
 2.069688e+00 -6.498099e-03 
 2.070085e+00 -5.442929e-03 
 2.070483e+00 -4.354399e-03 
 2.070881e+00 -3.243387e-03 
 2.071278e+00 -2.123096e-03 
 2.071676e+00 -9.704505e-04 
 2.072074e+00  2.000237e-04 
 2.072471e+00  1.360967e-03 
 2.072869e+00  2.530806e-03 
 2.073267e+00  3.706355e-03 
 2.073665e+00  4.890781e-03 
 2.074062e+00  6.075574e-03 
 2.074460e+00  7.280371e-03 
 2.074858e+00  8.479508e-03 
 2.075255e+00  9.685275e-03 
 2.075653e+00  1.091202e-02 
 2.076051e+00  1.215935e-02 
 2.076448e+00  1.340538e-02 
 2.076846e+00  1.465487e-02 
 2.077244e+00  1.589487e-02 
 2.077641e+00  1.712874e-02 
 2.078039e+00  1.835036e-02 
 2.078437e+00  1.959346e-02 
 2.078835e+00  2.081840e-02 
 2.079232e+00  2.204818e-02 
 2.079630e+00  2.326818e-02 
 2.080028e+00  2.448305e-02 
 2.080425e+00  2.568599e-02 
 2.080823e+00  2.690946e-02 
 2.081221e+00  2.812865e-02 
 2.081618e+00  2.932926e-02 
 2.082016e+00  3.052254e-02 
 2.082414e+00  3.169892e-02 
 2.082812e+00  3.287043e-02 
 2.083209e+00  3.403795e-02 
 2.083607e+00  3.518777e-02 
 2.084005e+00  3.631822e-02 
 2.084402e+00  3.743478e-02 
 2.084800e+00  3.853220e-02 
 2.085198e+00  3.964302e-02 
 2.085595e+00  4.072565e-02 
 2.085993e+00  4.182517e-02 
 2.086391e+00  4.288754e-02 
 2.086788e+00  4.393938e-02 
 2.087186e+00  4.496442e-02 
 2.087584e+00  4.598769e-02 
 2.087982e+00  4.700351e-02 
 2.088379e+00  4.799939e-02 
 2.088777e+00  4.896938e-02 
 2.089175e+00  4.992767e-02 
 2.089572e+00  5.086230e-02 
 2.089970e+00  5.177739e-02 
 2.090368e+00  5.268816e-02 
 2.090765e+00  5.357942e-02 
 2.091163e+00  5.445140e-02 
 2.091561e+00  5.530052e-02 
 2.091959e+00  5.613052e-02 
 2.092356e+00  5.692461e-02 
 2.092754e+00  5.769845e-02 
 2.093152e+00  5.846144e-02 
 2.093549e+00  5.918202e-02 
 2.093947e+00  5.987844e-02 
 2.094345e+00  6.055413e-02 
 2.094742e+00  6.120900e-02 
 2.095140e+00  6.183987e-02 
 2.095538e+00  6.246308e-02 
 2.095935e+00  6.304878e-02 
 2.096333e+00  6.358861e-02 
 2.096731e+00  6.410975e-02 
 2.097129e+00  6.458618e-02 
 2.097526e+00  6.504242e-02 
 2.097924e+00  6.546613e-02 
 2.098322e+00  6.587464e-02 
 2.098719e+00  6.623657e-02 
 2.099117e+00  6.655076e-02 
 2.099515e+00  6.685144e-02 
 2.099912e+00  6.711941e-02 
 2.100310e+00  6.735529e-02 
 2.100708e+00  6.755811e-02 
 2.101106e+00  6.772454e-02 
 2.101503e+00  6.784945e-02 
 2.101901e+00  6.793948e-02 
 2.102299e+00  6.799542e-02 
 2.102696e+00  6.801403e-02 
 2.103094e+00  6.799166e-02 
 2.103492e+00  6.795451e-02 
 2.103889e+00  6.785785e-02 
 2.104287e+00  6.774035e-02 
 2.104685e+00  6.759018e-02 
 2.105082e+00  6.741635e-02 
 2.105480e+00  6.719249e-02 
 2.105878e+00  6.693974e-02 
 2.106276e+00  6.665151e-02 
 2.106673e+00  6.632512e-02 
 2.107071e+00  6.598124e-02 
 2.107469e+00  6.561508e-02 
 2.107866e+00  6.521229e-02 
 2.108264e+00  6.477832e-02 
 2.108662e+00  6.432316e-02 
 2.109059e+00  6.382884e-02 
 2.109457e+00  6.330685e-02 
 2.109855e+00  6.276720e-02 
 2.110253e+00  6.220887e-02 
 2.110650e+00  6.160856e-02 
 2.111048e+00  6.098859e-02 
 2.111446e+00  6.034398e-02 
 2.111843e+00  5.966894e-02 
 2.112241e+00  5.897543e-02 
 2.112639e+00  5.824447e-02 
 2.113036e+00  5.749600e-02 
 2.113434e+00  5.672383e-02 
 2.113832e+00  5.593327e-02 
 2.114229e+00  5.513366e-02 
 2.114627e+00  5.430549e-02 
 2.115025e+00  5.346894e-02 
 2.115423e+00  5.261140e-02 
 2.115820e+00  5.173397e-02 
 2.116218e+00  5.084128e-02 
 2.116616e+00  4.992850e-02 
 2.117013e+00  4.901076e-02 
 2.117411e+00  4.806459e-02 
 2.117809e+00  4.709550e-02 
 2.118206e+00  4.610787e-02 
 2.118604e+00  4.509486e-02 
 2.119002e+00  4.407389e-02 
 2.119400e+00  4.302364e-02 
 2.119797e+00  4.197161e-02 
 2.120195e+00  4.090558e-02 
 2.120593e+00  3.981394e-02 
 2.120990e+00  3.872285e-02 
 2.121388e+00  3.760835e-02 
 2.121786e+00  3.648226e-02 
 2.122183e+00  3.534353e-02 
 2.122581e+00  3.418892e-02 
 2.122979e+00  3.300833e-02 
 2.123376e+00  3.181840e-02 
 2.123774e+00  3.062776e-02 
 2.124172e+00  2.942209e-02 
 2.124570e+00  2.820181e-02 
 2.124967e+00  2.696859e-02 
 2.125365e+00  2.573297e-02 
 2.125763e+00  2.448973e-02 
 2.126160e+00  2.325840e-02 
 2.126558e+00  2.202317e-02 
 2.126956e+00  2.078176e-02 
 2.127353e+00  1.953813e-02 
 2.127751e+00  1.827993e-02 
 2.128149e+00  1.701636e-02 
 2.128547e+00  1.576052e-02 
 2.128944e+00  1.450368e-02 
 2.129342e+00  1.324912e-02 
 2.129740e+00  1.200367e-02 
 2.130137e+00  1.075681e-02 
 2.130535e+00  9.527548e-03 
 2.130933e+00  8.303732e-03 
 2.131330e+00  7.101716e-03 
 2.131728e+00  5.876531e-03 
 2.132126e+00  4.673512e-03 
 2.132523e+00  3.470714e-03 
 2.132921e+00  2.268859e-03 
 2.133319e+00  1.080792e-03 
 2.133717e+00 -8.404280e-05 
 2.134114e+00 -1.241829e-03 
 2.134512e+00 -2.395039e-03 
 2.134910e+00 -3.514081e-03 
 2.135307e+00 -4.610580e-03 
 2.135705e+00 -5.691920e-03 
 2.136103e+00 -6.740912e-03 
 2.136500e+00 -7.769273e-03 
 2.136898e+00 -8.812474e-03 
 2.137296e+00 -9.832171e-03 
 2.137694e+00 -1.083279e-02 
 2.138091e+00 -1.182844e-02 
 2.138489e+00 -1.280284e-02 
 2.138887e+00 -1.374425e-02 
 2.139284e+00 -1.466704e-02 
 2.139682e+00 -1.555927e-02 
 2.140080e+00 -1.643640e-02 
 2.140477e+00 -1.727159e-02 
 2.140875e+00 -1.809549e-02 
 2.141273e+00 -1.889487e-02 
 2.141670e+00 -1.968148e-02 
 2.142068e+00 -2.044458e-02 
 2.142466e+00 -2.118690e-02 
 2.142864e+00 -2.189105e-02 
 2.143261e+00 -2.256469e-02 
 2.143659e+00 -2.320691e-02 
 2.144057e+00 -2.382967e-02 
 2.144454e+00 -2.440894e-02 
 2.144852e+00 -2.495490e-02 
 2.145250e+00 -2.546436e-02 
 2.145647e+00 -2.594543e-02 
 2.146045e+00 -2.640229e-02 
 2.146443e+00 -2.682616e-02 
 2.146841e+00 -2.723972e-02 
 2.147238e+00 -2.761732e-02 
 2.147636e+00 -2.795513e-02 
 2.148034e+00 -2.826363e-02 
 2.148431e+00 -2.854555e-02 
 2.148829e+00 -2.879492e-02 
 2.149227e+00 -2.900851e-02 
 2.149624e+00 -2.918744e-02 
 2.150022e+00 -2.932532e-02 
 2.150420e+00 -2.944501e-02 
 2.150817e+00 -2.952824e-02 
 2.151215e+00 -2.960165e-02 
 2.151613e+00 -2.963347e-02 
 2.152011e+00 -2.965089e-02 
 2.152408e+00 -2.963310e-02 
 2.152806e+00 -2.958428e-02 
 2.153204e+00 -2.951284e-02 
 2.153601e+00 -2.942342e-02 
 2.153999e+00 -2.930008e-02 
 2.154397e+00 -2.913299e-02 
 2.154794e+00 -2.893755e-02 
 2.155192e+00 -2.870082e-02 
 2.155590e+00 -2.844186e-02 
 2.155988e+00 -2.815271e-02 
 2.156385e+00 -2.785895e-02 
 2.156783e+00 -2.752523e-02 
 2.157181e+00 -2.716250e-02 
 2.157578e+00 -2.679336e-02 
 2.157976e+00 -2.638752e-02 
 2.158374e+00 -2.594618e-02 
 2.158771e+00 -2.548255e-02 
 2.159169e+00 -2.498514e-02 
 2.159567e+00 -2.443855e-02 
 2.159964e+00 -2.386436e-02 
 2.160362e+00 -2.326710e-02 
 2.160760e+00 -2.265807e-02 
 2.161158e+00 -2.201260e-02 
 2.161555e+00 -2.134455e-02 
 2.161953e+00 -2.064345e-02 
 2.162351e+00 -1.992115e-02 
 2.162748e+00 -1.917267e-02 
 2.163146e+00 -1.839642e-02 
 2.163544e+00 -1.758615e-02 
 2.163941e+00 -1.674238e-02 
 2.164339e+00 -1.586542e-02 
 2.164737e+00 -1.495963e-02 
 2.165135e+00 -1.403147e-02 
 2.165532e+00 -1.307594e-02 
 2.165930e+00 -1.212047e-02 
 2.166328e+00 -1.112946e-02 
 2.166725e+00 -1.012945e-02 
 2.167123e+00 -9.117720e-03 
 2.167521e+00 -8.071229e-03 
 2.167918e+00 -7.010999e-03 
 2.168316e+00 -5.926428e-03 
 2.168714e+00 -4.832264e-03 
 2.169111e+00 -3.700093e-03 
 2.169509e+00 -2.558499e-03 
 2.169907e+00 -1.412783e-03 
 2.170305e+00 -2.474545e-04 
 2.170702e+00  9.235814e-04 
 2.171100e+00  2.084035e-03 
 2.171498e+00  3.283409e-03 
 2.171895e+00  4.480519e-03 
 2.172293e+00  5.679839e-03 
 2.172691e+00  6.887285e-03 
 2.173088e+00  8.092306e-03 
 2.173486e+00  9.305461e-03 
 2.173884e+00  1.053313e-02 
 2.174282e+00  1.178746e-02 
 2.174679e+00  1.303265e-02 
 2.175077e+00  1.426991e-02 
 2.175475e+00  1.551783e-02 
 2.175872e+00  1.675182e-02 
 2.176270e+00  1.798677e-02 
 2.176668e+00  1.922911e-02 
 2.177065e+00  2.047278e-02 
 2.177463e+00  2.170004e-02 
 2.177861e+00  2.292710e-02 
 2.178258e+00  2.415909e-02 
 2.178656e+00  2.539582e-02 
 2.179054e+00  2.663626e-02 
 2.179452e+00  2.786450e-02 
 2.179849e+00  2.907245e-02 
 2.180247e+00  3.025768e-02 
 2.180645e+00  3.145289e-02 
 2.181042e+00  3.263713e-02 
 2.181440e+00  3.381173e-02 
 2.181838e+00  3.497720e-02 
 2.182235e+00  3.612142e-02 
 2.182633e+00  3.725345e-02 
 2.183031e+00  3.838899e-02 
 2.183429e+00  3.952593e-02 
 2.183826e+00  4.066171e-02 
 2.184224e+00  4.176950e-02 
 2.184622e+00  4.286257e-02 
 2.185019e+00  4.391429e-02 
 2.185417e+00  4.496085e-02 
 2.185815e+00  4.597387e-02 
 2.186212e+00  4.698326e-02 
 2.186610e+00  4.796732e-02 
 2.187008e+00  4.892452e-02 
 2.187405e+00  4.986225e-02 
 2.187803e+00  5.079660e-02 
 2.188201e+00  5.170816e-02 
 2.188599e+00  5.260270e-02 
 2.188996e+00  5.347990e-02 
 2.189394e+00  5.431950e-02 
 2.189792e+00  5.513116e-02 
 2.190189e+00  5.592374e-02 
 2.190587e+00  5.670231e-02 
 2.190985e+00  5.745489e-02 
 2.191382e+00  5.818454e-02 
 2.191780e+00  5.888070e-02 
 2.192178e+00  5.954572e-02 
 2.192576e+00  6.019102e-02 
 2.192973e+00  6.082809e-02 
 2.193371e+00  6.143294e-02 
 2.193769e+00  6.202247e-02 
 2.194166e+00  6.258141e-02 
 2.194564e+00  6.310834e-02 
 2.194962e+00  6.361474e-02 
 2.195359e+00  6.409410e-02 
 2.195757e+00  6.455266e-02 
 2.196155e+00  6.497750e-02 
 2.196552e+00  6.538755e-02 
 2.196950e+00  6.574328e-02 
 2.197348e+00  6.607230e-02 
 2.197746e+00  6.639046e-02 
 2.198143e+00  6.668278e-02 
 2.198541e+00  6.694043e-02 
 2.198939e+00  6.717283e-02 
 2.199336e+00  6.737952e-02 
 2.199734e+00  6.754291e-02 
 2.200132e+00  6.767829e-02 
 2.200529e+00  6.778900e-02 
 2.200927e+00  6.785184e-02 
 2.201325e+00  6.788455e-02 
 2.201723e+00  6.787374e-02 
 2.202120e+00  6.783600e-02 
 2.202518e+00  6.776595e-02 
 2.202916e+00  6.767713e-02 
 2.203313e+00  6.756303e-02 
 2.203711e+00  6.740650e-02 
 2.204109e+00  6.721407e-02 
 2.204506e+00  6.699459e-02 
 2.204904e+00  6.673198e-02 
 2.205302e+00  6.643236e-02 
 2.205699e+00  6.610666e-02 
 2.206097e+00  6.572539e-02 
 2.206495e+00  6.531318e-02 
 2.206893e+00  6.486037e-02 
 2.207290e+00  6.439231e-02 
 2.207688e+00  6.388411e-02 
 2.208086e+00  6.334406e-02 
 2.208483e+00  6.277944e-02 
 2.208881e+00  6.218043e-02 
 2.209279e+00  6.154665e-02 
 2.209676e+00  6.089741e-02 
 2.210074e+00  6.022333e-02 
 2.210472e+00  5.950836e-02 
 2.210870e+00  5.876717e-02 
 2.211267e+00  5.800732e-02 
 2.211665e+00  5.722917e-02 
 2.212063e+00  5.641296e-02 
 2.212460e+00  5.558986e-02 
 2.212858e+00  5.473535e-02 
 2.213256e+00  5.386325e-02 
 2.213653e+00  5.297657e-02 
 2.214051e+00  5.206744e-02 
 2.214449e+00  5.113182e-02 
 2.214846e+00  5.018428e-02 
 2.215244e+00  4.922250e-02 
 2.215642e+00  4.823078e-02 
 2.216040e+00  4.721609e-02 
 2.216437e+00  4.618539e-02 
 2.216835e+00  4.514094e-02 
 2.217233e+00  4.408793e-02 
 2.217630e+00  4.300790e-02 
 2.218028e+00  4.192985e-02 
 2.218426e+00  4.083067e-02 
 2.218823e+00  3.972329e-02 
 2.219221e+00  3.860628e-02 
 2.219619e+00  3.749088e-02 
 2.220017e+00  3.635930e-02 
 2.220414e+00  3.521544e-02 
 2.220812e+00  3.405373e-02 
 2.221210e+00  3.287869e-02 
 2.221607e+00  3.169728e-02 
 2.222005e+00  3.052239e-02 
 2.222403e+00  2.933708e-02 
 2.222800e+00  2.814515e-02 
 2.223198e+00  2.695169e-02 
 2.223596e+00  2.576126e-02 
 2.223993e+00  2.457478e-02 
 2.224391e+00  2.338242e-02 
 2.224789e+00  2.218832e-02 
 2.225187e+00  2.098334e-02 
 2.225584e+00  1.976465e-02 
 2.225982e+00  1.854147e-02 
 2.226380e+00  1.731693e-02 
 2.226777e+00  1.609793e-02 
 2.227175e+00  1.488086e-02 
 2.227573e+00  1.366728e-02 
 2.227970e+00  1.243927e-02 
 2.228368e+00  1.123996e-02 
 2.228766e+00  1.004971e-02 
 2.229164e+00  8.866728e-03 
 2.229561e+00  7.677977e-03 
 2.229959e+00  6.483171e-03 
 2.230357e+00  5.293397e-03 
 2.230754e+00  4.105232e-03 
 2.231152e+00  2.930076e-03 
 2.231550e+00  1.751557e-03 
 2.231947e+00  5.944171e-04 
 2.232345e+00 -5.542144e-04 
 2.232743e+00 -1.693362e-03 
 2.233140e+00 -2.818309e-03 
 2.233538e+00 -3.912072e-03 
 2.233936e+00 -5.001845e-03 
 2.234334e+00 -6.087191e-03 
 2.234731e+00 -7.166105e-03 
 2.235129e+00 -8.249475e-03 
 2.235527e+00 -9.302280e-03 
 2.235924e+00 -1.034642e-02 
 2.236322e+00 -1.137597e-02 
 2.236720e+00 -1.239194e-02 
 2.237117e+00 -1.337336e-02 
 2.237515e+00 -1.433799e-02 
 2.237913e+00 -1.526765e-02 
 2.238311e+00 -1.616178e-02 
 2.238708e+00 -1.703515e-02 
 2.239106e+00 -1.788553e-02 
 2.239504e+00 -1.871734e-02 
 2.239901e+00 -1.953952e-02 
 2.240299e+00 -2.032886e-02 
 2.240697e+00 -2.108523e-02 
 2.241094e+00 -2.182282e-02 
 2.241492e+00 -2.253379e-02 
 2.241890e+00 -2.320355e-02 
 2.242287e+00 -2.384494e-02 
 2.242685e+00 -2.443913e-02 
 2.243083e+00 -2.500805e-02 
 2.243481e+00 -2.552804e-02 
 2.243878e+00 -2.603297e-02 
 2.244276e+00 -2.650949e-02 
 2.244674e+00 -2.696231e-02 
 2.245071e+00 -2.738480e-02 
 2.245469e+00 -2.778855e-02 
 2.245867e+00 -2.814038e-02 
 2.246264e+00 -2.847159e-02 
 2.246662e+00 -2.877134e-02 
 2.247060e+00 -2.903225e-02 
 2.247458e+00 -2.925684e-02 
 2.247855e+00 -2.943948e-02 
 2.248253e+00 -2.959545e-02 
 2.248651e+00 -2.972205e-02 
 2.249048e+00 -2.981637e-02 
 2.249446e+00 -2.989725e-02 
 2.249844e+00 -2.993529e-02 
 2.250241e+00 -2.995675e-02 
 2.250639e+00 -2.992465e-02 
 2.251037e+00 -2.986792e-02 
 2.251434e+00 -2.977239e-02 
 2.251832e+00 -2.965486e-02 
 2.252230e+00 -2.949634e-02 
 2.252628e+00 -2.929645e-02 
 2.253025e+00 -2.906367e-02 
 2.253423e+00 -2.881327e-02 
 2.253821e+00 -2.854910e-02 
 2.254218e+00 -2.825459e-02 
 2.254616e+00 -2.793950e-02 
 2.255014e+00 -2.759030e-02 
 2.255411e+00 -2.721318e-02 
 2.255809e+00 -2.679738e-02 
 2.256207e+00 -2.635789e-02 
 2.256605e+00 -2.589166e-02 
 2.257002e+00 -2.538392e-02 
 2.257400e+00 -2.483999e-02 
 2.257798e+00 -2.427268e-02 
 2.258195e+00 -2.368060e-02 
 2.258593e+00 -2.308008e-02 
 2.258991e+00 -2.245621e-02 
 2.259388e+00 -2.179811e-02 
 2.259786e+00 -2.112073e-02 
 2.260184e+00 -2.041914e-02 
 2.260581e+00 -1.970044e-02 
 2.260979e+00 -1.895629e-02 
 2.261377e+00 -1.818741e-02 
 2.261775e+00 -1.739247e-02 
 2.262172e+00 -1.656686e-02 
 2.262570e+00 -1.572602e-02 
 2.262968e+00 -1.485534e-02 
 2.263365e+00 -1.398783e-02 
 2.263763e+00 -1.309021e-02 
 2.264161e+00 -1.218728e-02 
 2.264558e+00 -1.125105e-02 
 2.264956e+00 -1.029400e-02 
 2.265354e+00 -9.323538e-03 
 2.265752e+00 -8.342101e-03 
 2.266149e+00 -7.330821e-03 
 2.266547e+00 -6.300941e-03 
 2.266945e+00 -5.245325e-03 
 2.267342e+00 -4.172096e-03 
 2.267740e+00 -3.077935e-03 
 2.268138e+00 -1.976804e-03 
 2.268535e+00 -8.633194e-04 
 2.268933e+00  2.557656e-04 
 2.269331e+00  1.395883e-03 
 2.269728e+00  2.560263e-03 
 2.270126e+00  3.721357e-03 
 2.270524e+00  4.889862e-03 
 2.270922e+00  6.085410e-03 
 2.271319e+00  7.299380e-03 
 2.271717e+00  8.542807e-03 
 2.272115e+00  9.789938e-03 
 2.272512e+00  1.106382e-02 
 2.272910e+00  1.231289e-02 
 2.273308e+00  1.357486e-02 
 2.273705e+00  1.482686e-02 
 2.274103e+00  1.608799e-02 
 2.274501e+00  1.734670e-02 
 2.274899e+00  1.861220e-02 
 2.275296e+00  1.987672e-02 
 2.275694e+00  2.113532e-02 
 2.276092e+00  2.240368e-02 
 2.276489e+00  2.368179e-02 
 2.276887e+00  2.496708e-02 
 2.277285e+00  2.622621e-02 
 2.277682e+00  2.748753e-02 
 2.278080e+00  2.872238e-02 
 2.278478e+00  2.995780e-02 
 2.278875e+00  3.118447e-02 
 2.279273e+00  3.239653e-02 
 2.279671e+00  3.360012e-02 
 2.280069e+00  3.479024e-02 
 2.280466e+00  3.596646e-02 
 2.280864e+00  3.713052e-02 
 2.281262e+00  3.829030e-02 
 2.281659e+00  3.944585e-02 
 2.282057e+00  4.057092e-02 
 2.282455e+00  4.167261e-02 
 2.282852e+00  4.275268e-02 
 2.283250e+00  4.381221e-02 
 2.283648e+00  4.485738e-02 
 2.284046e+00  4.589139e-02 
 2.284443e+00  4.690601e-02 
 2.284841e+00  4.790010e-02 
 2.285239e+00  4.887605e-02 
 2.285636e+00  4.982915e-02 
 2.286034e+00  5.075893e-02 
 2.286432e+00  5.167883e-02 
 2.286829e+00  5.258130e-02 
 2.287227e+00  5.345466e-02 
 2.287625e+00  5.429903e-02 
 2.288022e+00  5.512473e-02 
 2.288420e+00  5.592866e-02 
 2.288818e+00  5.671416e-02 
 2.289216e+00  5.746674e-02 
 2.289613e+00  5.818645e-02 
 2.290011e+00  5.888279e-02 
 2.290409e+00  5.955049e-02 
 2.290806e+00  6.020273e-02 
 2.291204e+00  6.083654e-02 
 2.291602e+00  6.144130e-02 
 2.291999e+00  6.201808e-02 
 2.292397e+00  6.255780e-02 
 2.292795e+00  6.305868e-02 
 2.293193e+00  6.354211e-02 
 2.293590e+00  6.399201e-02 
 2.293988e+00  6.442461e-02 
 2.294386e+00  6.481547e-02 
 2.294783e+00  6.517547e-02 
 2.295181e+00  6.550950e-02 
 2.295579e+00  6.581539e-02 
 2.295976e+00  6.610681e-02 
 2.296374e+00  6.636773e-02 
 2.296772e+00  6.660720e-02 
 2.297169e+00  6.680718e-02 
 2.297567e+00  6.697816e-02 
 2.297965e+00  6.713260e-02 
 2.298363e+00  6.725062e-02 
 2.298760e+00  6.733692e-02 
 2.299158e+00  6.740102e-02 
 2.299556e+00  6.742234e-02 
 2.299953e+00  6.742602e-02 
 2.300351e+00  6.740974e-02 
 2.300749e+00  6.738190e-02 
 2.301146e+00  6.730707e-02 
 2.301544e+00  6.720459e-02 
 2.301942e+00  6.706359e-02 
 2.302340e+00  6.689376e-02 
 2.302737e+00  6.669175e-02 
 2.303135e+00  6.646978e-02 
 2.303533e+00  6.621063e-02 
 2.303930e+00  6.591547e-02 
 2.304328e+00  6.558777e-02 
 2.304726e+00  6.523055e-02 
 2.305123e+00  6.484560e-02 
 2.305521e+00  6.443102e-02 
 2.305919e+00  6.399389e-02 
 2.306316e+00  6.352514e-02 
 2.306714e+00  6.301473e-02 
 2.307112e+00  6.248965e-02 
 2.307510e+00  6.193475e-02 
 2.307907e+00  6.134266e-02 
 2.308305e+00  6.070446e-02 
 2.308703e+00  6.003735e-02 
 2.309100e+00  5.933351e-02 
 2.309498e+00  5.858990e-02 
 2.309896e+00  5.783202e-02 
 2.310293e+00  5.704465e-02 
 2.310691e+00  5.623129e-02 
 2.311089e+00  5.539094e-02 
 2.311487e+00  5.452484e-02 
 2.311884e+00  5.363702e-02 
 2.312282e+00  5.271228e-02 
 2.312680e+00  5.178124e-02 
 2.313077e+00  5.081366e-02 
 2.313475e+00  4.981908e-02 
 2.313873e+00  4.879258e-02 
 2.314270e+00  4.774917e-02 
 2.314668e+00  4.668318e-02 
 2.315066e+00  4.561498e-02 
 2.315463e+00  4.454097e-02 
 2.315861e+00  4.344851e-02 
 2.316259e+00  4.234450e-02 
 2.316657e+00  4.123286e-02 
 2.317054e+00  4.010776e-02 
 2.317452e+00  3.896273e-02 
 2.317850e+00  3.781346e-02 
 2.318247e+00  3.664145e-02 
 2.318645e+00  3.545935e-02 
 2.319043e+00  3.426639e-02 
 2.319440e+00  3.309090e-02 
 2.319838e+00  3.189097e-02 
 2.320236e+00  3.070254e-02 
 2.320634e+00  2.949883e-02 
 2.321031e+00  2.829863e-02 
 2.321429e+00  2.707900e-02 
 2.321827e+00  2.585791e-02 
 2.322224e+00  2.462794e-02 
 2.322622e+00  2.340136e-02 
 2.323020e+00  2.216683e-02 
 2.323417e+00  2.093202e-02 
 2.323815e+00  1.969622e-02 
 2.324213e+00  1.845857e-02 
 2.324610e+00  1.723600e-02 
 2.325008e+00  1.602040e-02 
 2.325406e+00  1.479847e-02 
 2.325804e+00  1.359987e-02 
 2.326201e+00  1.239973e-02 
 2.326599e+00  1.120850e-02 
 2.326997e+00  1.002946e-02 
 2.327394e+00  8.842858e-03 
 2.327792e+00  7.661313e-03 
 2.328190e+00  6.477048e-03 
 2.328587e+00  5.312197e-03 
 2.328985e+00  4.141267e-03 
 2.329383e+00  2.982543e-03 
 2.329781e+00  1.841986e-03 
 2.330178e+00  7.084986e-04 
 2.330576e+00 -4.140049e-04 
 2.330974e+00 -1.514038e-03 
 2.331371e+00 -2.601295e-03 
 2.331769e+00 -3.686500e-03 
 2.332167e+00 -4.750470e-03 
 2.332564e+00 -5.803775e-03 
 2.332962e+00 -6.862120e-03 
 2.333360e+00 -7.905566e-03 
 2.333757e+00 -8.917192e-03 
 2.334155e+00 -9.923857e-03 
 2.334553e+00 -1.090931e-02 
 2.334951e+00 -1.186321e-02 
 2.335348e+00 -1.279557e-02 
 2.335746e+00 -1.371366e-02 
 2.336144e+00 -1.459737e-02 
 2.336541e+00 -1.547395e-02 
 2.336939e+00 -1.633953e-02 
 2.337337e+00 -1.720387e-02 
 2.337734e+00 -1.805388e-02 
 2.338132e+00 -1.888258e-02 
 2.338530e+00 -1.968144e-02 
 2.338928e+00 -2.044207e-02 
 2.339325e+00 -2.118507e-02 
 2.339723e+00 -2.189704e-02 
 2.340121e+00 -2.257236e-02 
 2.340518e+00 -2.323183e-02 
 2.340916e+00 -2.385754e-02 
 2.341314e+00 -2.446525e-02 
 2.341711e+00 -2.505305e-02 
 2.342109e+00 -2.561883e-02 
 2.342507e+00 -2.617200e-02 
 2.342904e+00 -2.669968e-02 
 2.343302e+00 -2.719078e-02 
 2.343700e+00 -2.763728e-02 
 2.344098e+00 -2.805694e-02 
 2.344495e+00 -2.843304e-02 
 2.344893e+00 -2.876766e-02 
 2.345291e+00 -2.906451e-02 
 2.345688e+00 -2.931828e-02 
 2.346086e+00 -2.953370e-02 
 2.346484e+00 -2.973877e-02 
 2.346881e+00 -2.991821e-02 
 2.347279e+00 -3.007385e-02 
 2.347677e+00 -3.018813e-02 
 2.348075e+00 -3.026894e-02 
 2.348472e+00 -3.030357e-02 
 2.348870e+00 -3.029166e-02 
 2.349268e+00 -3.025298e-02 
 2.349665e+00 -3.018318e-02 
 2.350063e+00 -3.006675e-02 
 2.350461e+00 -2.991911e-02 
 2.350858e+00 -2.972272e-02 
 2.351256e+00 -2.950396e-02 
 2.351654e+00 -2.926850e-02 
 2.352051e+00 -2.901016e-02 
 2.352449e+00 -2.870895e-02 
 2.352847e+00 -2.837964e-02 
 2.353245e+00 -2.801653e-02 
 2.353642e+00 -2.760901e-02 
 2.354040e+00 -2.717675e-02 
 2.354438e+00 -2.670783e-02 
 2.354835e+00 -2.619746e-02 
 2.355233e+00 -2.564731e-02 
 2.355631e+00 -2.507717e-02 
 2.356028e+00 -2.448829e-02 
 2.356426e+00 -2.389296e-02 
 2.356824e+00 -2.328736e-02 
 2.357222e+00 -2.264296e-02 
 2.357619e+00 -2.196730e-02 
 2.358017e+00 -2.128370e-02 
 2.358415e+00 -2.055604e-02 
 2.358812e+00 -1.980513e-02 
 2.359210e+00 -1.903699e-02 
 2.359608e+00 -1.823997e-02 
 2.360005e+00 -1.741373e-02 
 2.360403e+00 -1.656583e-02 
 2.360801e+00 -1.571241e-02 
 2.361198e+00 -1.482509e-02 
 2.361596e+00 -1.394979e-02 
 2.361994e+00 -1.306184e-02 
 2.362392e+00 -1.214200e-02 
 2.362789e+00 -1.120260e-02 
 2.363187e+00 -1.024281e-02 
 2.363585e+00 -9.273231e-03 
 2.363982e+00 -8.266531e-03 
 2.364380e+00 -7.244203e-03 
 2.364778e+00 -6.202345e-03 
 2.365175e+00 -5.140826e-03 
 2.365573e+00 -4.081868e-03 
 2.365971e+00 -3.014562e-03 
 2.366369e+00 -1.939259e-03 
 2.366766e+00 -8.495800e-04 
 2.367164e+00  2.471927e-04 
 2.367562e+00  1.371364e-03 
 2.367959e+00  2.508287e-03 
 2.368357e+00  3.660822e-03 
 2.368755e+00  4.805786e-03 
 2.369152e+00  5.983724e-03 
 2.369550e+00  7.161912e-03 
 2.369948e+00  8.364565e-03 
 2.370345e+00  9.560952e-03 
 2.370743e+00  1.076532e-02 
 2.371141e+00  1.196479e-02 
 2.371539e+00  1.315613e-02 
 2.371936e+00  1.437009e-02 
 2.372334e+00  1.557963e-02 
 2.372732e+00  1.680078e-02 
 2.373129e+00  1.802660e-02 
 2.373527e+00  1.925594e-02 
 2.373925e+00  2.049277e-02 
 2.374322e+00  2.175274e-02 
 2.374720e+00  2.300743e-02 
 2.375118e+00  2.426304e-02 
 2.375516e+00  2.549255e-02 
 2.375913e+00  2.672394e-02 
 2.376311e+00  2.794146e-02 
 2.376709e+00  2.916600e-02 
 2.377106e+00  3.037656e-02 
 2.377504e+00  3.159055e-02 
 2.377902e+00  3.279452e-02 
 2.378299e+00  3.398965e-02 
 2.378697e+00  3.518480e-02 
 2.379095e+00  3.638089e-02 
 2.379492e+00  3.757615e-02 
 2.379890e+00  3.876001e-02 
 2.380288e+00  3.992082e-02 
 2.380686e+00  4.105998e-02 
 2.381083e+00  4.217368e-02 
 2.381481e+00  4.328557e-02 
 2.381879e+00  4.437467e-02 
 2.382276e+00  4.544059e-02 
 2.382674e+00  4.649311e-02 
 2.383072e+00  4.753087e-02 
 2.383469e+00  4.855636e-02 
 2.383867e+00  4.957325e-02 
 2.384265e+00  5.056260e-02 
 2.384663e+00  5.153695e-02 
 2.385060e+00  5.247468e-02 
 2.385458e+00  5.338797e-02 
 2.385856e+00  5.426161e-02 
 2.386253e+00  5.511603e-02 
 2.386651e+00  5.594586e-02 
 2.387049e+00  5.675278e-02 
 2.387446e+00  5.752770e-02 
 2.387844e+00  5.827676e-02 
 2.388242e+00  5.900147e-02 
 2.388639e+00  5.970105e-02 
 2.389037e+00  6.038061e-02 
 2.389435e+00  6.102807e-02 
 2.389833e+00  6.163963e-02 
 2.390230e+00  6.222140e-02 
 2.390628e+00  6.275470e-02 
 2.391026e+00  6.326007e-02 
 2.391423e+00  6.374583e-02 
 2.391821e+00  6.419401e-02 
 2.392219e+00  6.462278e-02 
 2.392616e+00  6.500519e-02 
 2.393014e+00  6.538277e-02 
 2.393412e+00  6.572718e-02 
 2.393810e+00  6.604967e-02 
 2.394207e+00  6.634368e-02 
 2.394605e+00  6.659638e-02 
 2.395003e+00  6.681340e-02 
 2.395400e+00  6.699512e-02 
 2.395798e+00  6.714589e-02 
 2.396196e+00  6.726784e-02 
 2.396593e+00  6.736442e-02 
 2.396991e+00  6.742712e-02 
 2.397389e+00  6.743863e-02 
 2.397786e+00  6.742396e-02 
 2.398184e+00  6.739555e-02 
 2.398582e+00  6.733906e-02 
 2.398980e+00  6.725958e-02 
 2.399377e+00  6.714933e-02 
 2.399775e+00  6.699295e-02 
 2.400173e+00  6.681368e-02 
 2.400570e+00  6.662824e-02 
 2.400968e+00  6.639517e-02 
 2.401366e+00  6.613818e-02 
 2.401763e+00  6.584898e-02 
 2.402161e+00  6.553582e-02 
 2.402559e+00  6.518158e-02 
 2.402957e+00  6.483082e-02 
 2.403354e+00  6.445005e-02 
 2.403752e+00  6.404514e-02 
 2.404150e+00  6.361458e-02 
 2.404547e+00  6.314708e-02 
 2.404945e+00  6.264894e-02 
 2.405343e+00  6.212940e-02 
 2.405740e+00  6.158741e-02 
 2.406138e+00  6.100609e-02 
 2.406536e+00  6.039725e-02 
 2.406933e+00  5.976554e-02 
 2.407331e+00  5.911344e-02 
 2.407729e+00  5.843240e-02 
 2.408127e+00  5.774829e-02 
 2.408524e+00  5.704037e-02 
 2.408922e+00  5.630831e-02 
 2.409320e+00  5.553995e-02 
 2.409717e+00  5.474561e-02 
 2.410115e+00  5.391649e-02 
 2.410513e+00  5.306641e-02 
 2.410910e+00  5.218590e-02 
 2.411308e+00  5.127905e-02 
 2.411706e+00  5.033851e-02 
 2.412104e+00  4.939315e-02 
 2.412501e+00  4.842699e-02 
 2.412899e+00  4.744501e-02 
 2.413297e+00  4.644455e-02 
 2.413694e+00  4.542719e-02 
 2.414092e+00  4.437731e-02 
 2.414490e+00  4.330233e-02 
 2.414887e+00  4.220261e-02 
 2.415285e+00  4.107766e-02 
 2.415683e+00  3.993483e-02 
 2.416080e+00  3.876515e-02 
 2.416478e+00  3.757001e-02 
 2.416876e+00  3.635956e-02 
 2.417274e+00  3.514263e-02 
 2.417671e+00  3.391544e-02 
 2.418069e+00  3.268376e-02 
 2.418467e+00  3.143876e-02 
 2.418864e+00  3.019186e-02 
 2.419262e+00  2.893299e-02 
 2.419660e+00  2.767224e-02 
 2.420057e+00  2.639517e-02 
 2.420455e+00  2.511150e-02 
 2.420853e+00  2.382588e-02 
 2.421251e+00  2.252929e-02 
 2.421648e+00  2.124993e-02 
 2.422046e+00  1.996861e-02 
 2.422444e+00  1.870392e-02 
 2.422841e+00  1.744731e-02 
 2.423239e+00  1.620397e-02 
 2.423637e+00  1.495623e-02 
 2.424034e+00  1.372228e-02 
 2.424432e+00  1.250048e-02 
 2.424830e+00  1.127329e-02 
 2.425227e+00  1.004197e-02 
 2.425625e+00  8.822820e-03 
 2.426023e+00  7.604289e-03 
 2.426421e+00  6.392744e-03 
 2.426818e+00  5.201621e-03 
 2.427216e+00  4.034071e-03 
 2.427614e+00  2.877710e-03 
 2.428011e+00  1.751100e-03 
 2.428409e+00  6.395651e-04 
 2.428807e+00 -4.550947e-04 
 2.429204e+00 -1.541454e-03 
 2.429602e+00 -2.617919e-03 
 2.430000e+00 -3.689947e-03 
 2.430398e+00 -4.759535e-03 
 2.430795e+00 -5.813636e-03 
 2.431193e+00 -6.839730e-03 
 2.431591e+00 -7.860053e-03 
 2.431988e+00 -8.850717e-03 
 2.432386e+00 -9.818798e-03 
 2.432784e+00 -1.076947e-02 
 2.433181e+00 -1.170074e-02 
 2.433579e+00 -1.261484e-02 
 2.433977e+00 -1.350937e-02 
 2.434374e+00 -1.439803e-02 
 2.434772e+00 -1.527036e-02 
 2.435170e+00 -1.613362e-02 
 2.435568e+00 -1.698544e-02 
 2.435965e+00 -1.781271e-02 
 2.436363e+00 -1.861310e-02 
 2.436761e+00 -1.938564e-02 
 2.437158e+00 -2.012546e-02 
 2.437556e+00 -2.084199e-02 
 2.437954e+00 -2.152890e-02 
 2.438351e+00 -2.219061e-02 
 2.438749e+00 -2.282538e-02 
 2.439147e+00 -2.344662e-02 
 2.439545e+00 -2.403733e-02 
 2.439942e+00 -2.460866e-02 
 2.440340e+00 -2.516412e-02 
 2.440738e+00 -2.568889e-02 
 2.441135e+00 -2.617395e-02 
 2.441533e+00 -2.662845e-02 
 2.441931e+00 -2.705373e-02 
 2.442328e+00 -2.743645e-02 
 2.442726e+00 -2.780058e-02 
 2.443124e+00 -2.813471e-02 
 2.443521e+00 -2.843046e-02 
 2.443919e+00 -2.870029e-02 
 2.444317e+00 -2.895634e-02 
 2.444715e+00 -2.919957e-02 
 2.445112e+00 -2.941343e-02 
 2.445510e+00 -2.961617e-02 
 2.445908e+00 -2.977234e-02 
 2.446305e+00 -2.988534e-02 
 2.446703e+00 -2.995996e-02 
 2.447101e+00 -3.000670e-02 
 2.447498e+00 -3.001728e-02 
 2.447896e+00 -2.998644e-02 
 2.448294e+00 -2.992693e-02 
 2.448692e+00 -2.983754e-02 
 2.449089e+00 -2.971763e-02 
 2.449487e+00 -2.958892e-02 
 2.449885e+00 -2.943819e-02 
 2.450282e+00 -2.925106e-02 
 2.450680e+00 -2.901183e-02 
 2.451078e+00 -2.873881e-02 
 2.451475e+00 -2.842925e-02 
 2.451873e+00 -2.806591e-02 
 2.452271e+00 -2.767446e-02 
 2.452668e+00 -2.725141e-02 
 2.453066e+00 -2.678197e-02 
 2.453464e+00 -2.628602e-02 
 2.453862e+00 -2.577822e-02 
 2.454259e+00 -2.524247e-02 
 2.454657e+00 -2.467706e-02 
 2.455055e+00 -2.407952e-02 
 2.455452e+00 -2.343872e-02 
 2.455850e+00 -2.275174e-02 
 2.456248e+00 -2.203172e-02 
 2.456645e+00 -2.127963e-02 
 2.457043e+00 -2.050225e-02 
 2.457441e+00 -1.968108e-02 
 2.457839e+00 -1.885764e-02 
 2.458236e+00 -1.799680e-02 
 2.458634e+00 -1.711374e-02 
 2.459032e+00 -1.622888e-02 
 2.459429e+00 -1.532527e-02 
 2.459827e+00 -1.439766e-02 
 2.460225e+00 -1.344287e-02 
 2.460622e+00 -1.245890e-02 
 2.461020e+00 -1.145614e-02 
 2.461418e+00 -1.042564e-02 
 2.461815e+00 -9.394739e-03 
 2.462213e+00 -8.334789e-03 
 2.462611e+00 -7.257399e-03 
 2.463009e+00 -6.191889e-03 
 2.463406e+00 -5.099382e-03 
 2.463804e+00 -4.025334e-03 
 2.464202e+00 -2.938368e-03 
 2.464599e+00 -1.849229e-03 
 2.464997e+00 -7.394693e-04 
 2.465395e+00  3.774456e-04 
 2.465792e+00  1.507583e-03 
 2.466190e+00  2.646794e-03 
 2.466588e+00  3.784617e-03 
 2.466986e+00  4.930772e-03 
 2.467383e+00  6.106435e-03 
 2.467781e+00  7.277222e-03 
 2.468179e+00  8.449978e-03 
 2.468576e+00  9.621212e-03 
 2.468974e+00  1.079268e-02 
 2.469372e+00  1.196097e-02 
 2.469769e+00  1.314152e-02 
 2.470167e+00  1.433442e-02 
 2.470565e+00  1.553499e-02 
 2.470962e+00  1.674289e-02 
 2.471360e+00  1.794637e-02 
 2.471758e+00  1.915602e-02 
 2.472156e+00  2.036224e-02 
 2.472553e+00  2.157904e-02 
 2.472951e+00  2.278709e-02 
 2.473349e+00  2.397895e-02 
 2.473746e+00  2.517189e-02 
 2.474144e+00  2.636641e-02 
 2.474542e+00  2.755934e-02 
 2.474939e+00  2.876004e-02 
 2.475337e+00  2.996090e-02 
 2.475735e+00  3.116128e-02 
 2.476133e+00  3.235335e-02 
 2.476530e+00  3.354206e-02 
 2.476928e+00  3.472938e-02 
 2.477326e+00  3.590318e-02 
 2.477723e+00  3.707430e-02 
 2.478121e+00  3.821208e-02 
 2.478519e+00  3.933509e-02 
 2.478916e+00  4.044410e-02 
 2.479314e+00  4.154571e-02 
 2.479712e+00  4.264628e-02 
 2.480109e+00  4.373621e-02 
 2.480507e+00  4.481178e-02 
 2.480905e+00  4.588248e-02 
 2.481303e+00  4.693664e-02 
 2.481700e+00  4.796740e-02 
 2.482098e+00  4.898037e-02 
 2.482496e+00  4.997860e-02 
 2.482893e+00  5.094355e-02 
 2.483291e+00  5.188111e-02 
 2.483689e+00  5.279650e-02 
 2.484086e+00  5.368950e-02 
 2.484484e+00  5.456823e-02 
 2.484882e+00  5.543063e-02 
 2.485280e+00  5.626309e-02 
 2.485677e+00  5.707184e-02 
 2.486075e+00  5.786181e-02 
 2.486473e+00  5.863042e-02 
 2.486870e+00  5.937006e-02 
 2.487268e+00  6.009397e-02 
 2.487666e+00  6.077145e-02 
 2.488063e+00  6.142034e-02 
 2.488461e+00  6.204686e-02 
 2.488859e+00  6.262677e-02 
 2.489256e+00  6.319380e-02 
 2.489654e+00  6.374451e-02 
 2.490052e+00  6.425153e-02 
 2.490450e+00  6.473041e-02 
 2.490847e+00  6.517855e-02 
 2.491245e+00  6.560502e-02 
 2.491643e+00  6.599979e-02 
 2.492040e+00  6.635493e-02 
 2.492438e+00  6.667900e-02 
 2.492836e+00  6.694388e-02 
 2.493233e+00  6.717912e-02 
 2.493631e+00  6.738034e-02 
 2.494029e+00  6.754552e-02 
 2.494427e+00  6.768423e-02 
 2.494824e+00  6.778824e-02 
 2.495222e+00  6.785653e-02 
 2.495620e+00  6.789328e-02 
 2.496017e+00  6.790852e-02 
 2.496415e+00  6.791154e-02 
 2.496813e+00  6.786644e-02 
 2.497210e+00  6.778226e-02 
 2.497608e+00  6.766295e-02 
 2.498006e+00  6.749933e-02 
 2.498403e+00  6.729753e-02 
 2.498801e+00  6.708037e-02 
 2.499199e+00  6.682458e-02 
 2.499597e+00  6.653146e-02 
 2.499994e+00  6.622271e-02 
 2.500392e+00  6.588849e-02 
 2.500790e+00  6.551768e-02 
 2.501187e+00  6.512487e-02 
 2.501585e+00  6.471684e-02 
 2.501983e+00  6.426121e-02 
 2.502380e+00  6.376830e-02 
 2.502778e+00  6.325229e-02 
 2.503176e+00  6.270394e-02 
 2.503574e+00  6.212985e-02 
 2.503971e+00  6.153722e-02 
 2.504369e+00  6.091799e-02 
 2.504767e+00  6.027397e-02 
 2.505164e+00  5.960618e-02 
 2.505562e+00  5.893706e-02 
 2.505960e+00  5.823489e-02 
 2.506357e+00  5.752635e-02 
 2.506755e+00  5.679554e-02 
 2.507153e+00  5.603343e-02 
 2.507550e+00  5.524044e-02 
 2.507948e+00  5.442299e-02 
 2.508346e+00  5.359848e-02 
 2.508744e+00  5.274597e-02 
 2.509141e+00  5.187903e-02 
 2.509539e+00  5.098937e-02 
 2.509937e+00  5.008534e-02 
 2.510334e+00  4.916517e-02 
 2.510732e+00  4.823660e-02 
 2.511130e+00  4.727850e-02 
 2.511527e+00  4.630338e-02 
 2.511925e+00  4.530931e-02 
 2.512323e+00  4.428244e-02 
 2.512721e+00  4.324203e-02 
 2.513118e+00  4.217765e-02 
 2.513516e+00  4.111278e-02 
 2.513914e+00  4.001230e-02 
 2.514311e+00  3.890165e-02 
 2.514709e+00  3.777834e-02 
 2.515107e+00  3.666570e-02 
 2.515504e+00  3.553585e-02 
 2.515902e+00  3.440073e-02 
 2.516300e+00  3.325958e-02 
 2.516697e+00  3.209432e-02 
 2.517095e+00  3.090821e-02 
 2.517493e+00  2.971693e-02 
 2.517891e+00  2.850178e-02 
 2.518288e+00  2.726914e-02 
 2.518686e+00  2.604676e-02 
 2.519084e+00  2.480461e-02 
 2.519481e+00  2.355913e-02 
 2.519879e+00  2.231300e-02 
 2.520277e+00  2.108147e-02 
 2.520674e+00  1.982992e-02 
 2.521072e+00  1.857422e-02 
 2.521470e+00  1.731464e-02 
 2.521868e+00  1.603980e-02 
 2.522265e+00  1.475904e-02 
 2.522663e+00  1.348860e-02 
 2.523061e+00  1.220837e-02 
 2.523458e+00  1.091585e-02 
 2.523856e+00  9.640531e-03 
 2.524254e+00  8.389286e-03 
 2.524651e+00  7.139618e-03 
 2.525049e+00  5.909219e-03 
 2.525447e+00  4.708765e-03 
 2.525844e+00  3.497294e-03 
 2.526242e+00  2.279877e-03 
 2.526640e+00  1.091179e-03 
 2.527038e+00 -1.073849e-04 
 2.527435e+00 -1.290408e-03 
 2.527833e+00 -2.451186e-03 
 2.528231e+00 -3.610212e-03 
 2.528628e+00 -4.741278e-03 
 2.529026e+00 -5.845481e-03 
 2.529424e+00 -6.912673e-03 
 2.529821e+00 -7.980683e-03 
 2.530219e+00 -9.013211e-03 
 2.530617e+00 -1.001867e-02 
 2.531015e+00 -1.102111e-02 
 2.531412e+00 -1.200107e-02 
 2.531810e+00 -1.294985e-02 
 2.532208e+00 -1.387896e-02 
 2.532605e+00 -1.479208e-02 
 2.533003e+00 -1.569280e-02 
 2.533401e+00 -1.656288e-02 
 2.533798e+00 -1.740463e-02 
 2.534196e+00 -1.820079e-02 
 2.534594e+00 -1.896976e-02 
 2.534991e+00 -1.970271e-02 
 2.535389e+00 -2.039792e-02 
 2.535787e+00 -2.107352e-02 
 2.536185e+00 -2.171412e-02 
 2.536582e+00 -2.234969e-02 
 2.536980e+00 -2.294620e-02 
 2.537378e+00 -2.353109e-02 
 2.537775e+00 -2.409277e-02 
 2.538173e+00 -2.462760e-02 
 2.538571e+00 -2.513721e-02 
 2.538968e+00 -2.562093e-02 
 2.539366e+00 -2.606973e-02 
 2.539764e+00 -2.646804e-02 
 2.540162e+00 -2.686112e-02 
 2.540559e+00 -2.722839e-02 
 2.540957e+00 -2.755404e-02 
 2.541355e+00 -2.787211e-02 
 2.541752e+00 -2.816431e-02 
 2.542150e+00 -2.843991e-02 
 2.542548e+00 -2.869099e-02 
 2.542945e+00 -2.892126e-02 
 2.543343e+00 -2.911461e-02 
 2.543741e+00 -2.926938e-02 
 2.544138e+00 -2.937757e-02 
 2.544536e+00 -2.944477e-02 
 2.544934e+00 -2.948954e-02 
 2.545332e+00 -2.951301e-02 
 2.545729e+00 -2.951231e-02 
 2.546127e+00 -2.948860e-02 
 2.546525e+00 -2.944965e-02 
 2.546922e+00 -2.939083e-02 
 2.547320e+00 -2.930336e-02 
 2.547718e+00 -2.917576e-02 
 2.548115e+00 -2.902079e-02 
 2.548513e+00 -2.882846e-02 
 2.548911e+00 -2.858722e-02 
 2.549309e+00 -2.831483e-02 
 2.549706e+00 -2.801199e-02 
 2.550104e+00 -2.768785e-02 
 2.550502e+00 -2.732250e-02 
 2.550899e+00 -2.694314e-02 
 2.551297e+00 -2.652669e-02 
 2.551695e+00 -2.609540e-02 
 2.552092e+00 -2.564634e-02 
 2.552490e+00 -2.517350e-02 
 2.552888e+00 -2.465763e-02 
 2.553285e+00 -2.410004e-02 
 2.553683e+00 -2.350098e-02 
 2.554081e+00 -2.287303e-02 
 2.554479e+00 -2.220615e-02 
 2.554876e+00 -2.152350e-02 
 2.555274e+00 -2.081493e-02 
 2.555672e+00 -2.007804e-02 
 2.556069e+00 -1.932414e-02 
 2.556467e+00 -1.853957e-02 
 2.556865e+00 -1.774445e-02 
 2.557262e+00 -1.692365e-02 
 2.557660e+00 -1.607478e-02 
 2.558058e+00 -1.518842e-02 
 2.558456e+00 -1.426265e-02 
 2.558853e+00 -1.331230e-02 
 2.559251e+00 -1.234445e-02 
 2.559649e+00 -1.134321e-02 
 2.560046e+00 -1.033625e-02 
 2.560444e+00 -9.296885e-03 
 2.560842e+00 -8.235166e-03 
 2.561239e+00 -7.179054e-03 
 2.561637e+00 -6.115776e-03 
 2.562035e+00 -5.032936e-03 
 2.562432e+00 -3.932315e-03 
 2.562830e+00 -2.809977e-03 
 2.563228e+00 -1.632939e-03 
 2.563626e+00 -4.328107e-04 
 2.564023e+00  7.608905e-04 
 2.564421e+00  1.985748e-03 
 2.564819e+00  3.221709e-03 
 2.565216e+00  4.442195e-03 
 2.565614e+00  5.676300e-03 
 2.566012e+00  6.920954e-03 
 2.566409e+00  8.146130e-03 
 2.566807e+00  9.370753e-03 
 2.567205e+00  1.060346e-02 
 2.567603e+00  1.184948e-02 
 2.568000e+00  1.310936e-02 
 2.568398e+00  1.438279e-02 
 2.568796e+00  1.566167e-02 
 2.569193e+00  1.691081e-02 
 2.569591e+00  1.817656e-02 
 2.569989e+00  1.942851e-02 
 2.570386e+00  2.067532e-02 
 2.570784e+00  2.190791e-02 
 2.571182e+00  2.311762e-02 
 2.571579e+00  2.431499e-02 
 2.571977e+00  2.550372e-02 
 2.572375e+00  2.670056e-02 
 2.572773e+00  2.790522e-02 
 2.573170e+00  2.909587e-02 
 2.573568e+00  3.028195e-02 
 2.573966e+00  3.145378e-02 
 2.574363e+00  3.261576e-02 
 2.574761e+00  3.376203e-02 
 2.575159e+00  3.489085e-02 
 2.575556e+00  3.601465e-02 
 2.575954e+00  3.712099e-02 
 2.576352e+00  3.819768e-02 
 2.576750e+00  3.927628e-02 
 2.577147e+00  4.034365e-02 
 2.577545e+00  4.140413e-02 
 2.577943e+00  4.245972e-02 
 2.578340e+00  4.349750e-02 
 2.578738e+00  4.453002e-02 
 2.579136e+00  4.554471e-02 
 2.579533e+00  4.654508e-02 
 2.579931e+00  4.753756e-02 
 2.580329e+00  4.851239e-02 
 2.580726e+00  4.945533e-02 
 2.581124e+00  5.037799e-02 
 2.581522e+00  5.128411e-02 
 2.581920e+00  5.217658e-02 
 2.582317e+00  5.305337e-02 
 2.582715e+00  5.392756e-02 
 2.583113e+00  5.479282e-02 
 2.583510e+00  5.563002e-02 
 2.583908e+00  5.645562e-02 
 2.584306e+00  5.725144e-02 
 2.584703e+00  5.802195e-02 
 2.585101e+00  5.876855e-02 
 2.585499e+00  5.948759e-02 
 2.585897e+00  6.017704e-02 
 2.586294e+00  6.081873e-02 
 2.586692e+00  6.145319e-02 
 2.587090e+00  6.206432e-02 
 2.587487e+00  6.265438e-02 
 2.587885e+00  6.321508e-02 
 2.588283e+00  6.375098e-02 
 2.588680e+00  6.424793e-02 
 2.589078e+00  6.471742e-02 
 2.589476e+00  6.516831e-02 
 2.589873e+00  6.557905e-02 
 2.590271e+00  6.594972e-02 
 2.590669e+00  6.627959e-02 
 2.591067e+00  6.658805e-02 
 2.591464e+00  6.686366e-02 
 2.591862e+00  6.711678e-02 
 2.592260e+00  6.734856e-02 
 2.592657e+00  6.755435e-02 
 2.593055e+00  6.772114e-02 
 2.593453e+00  6.785085e-02 
 2.593850e+00  6.795615e-02 
 2.594248e+00  6.802135e-02 
 2.594646e+00  6.804832e-02 
 2.595044e+00  6.805009e-02 
 2.595441e+00  6.800403e-02 
 2.595839e+00  6.791748e-02 
 2.596237e+00  6.781616e-02 
 2.596634e+00  6.767262e-02 
 2.597032e+00  6.749772e-02 
 2.597430e+00  6.727826e-02 
 2.597827e+00  6.704346e-02 
 2.598225e+00  6.676087e-02 
 2.598623e+00  6.645598e-02 
 2.599020e+00  6.611843e-02 
 2.599418e+00  6.574908e-02 
 2.599816e+00  6.533626e-02 
 2.600214e+00  6.487975e-02 
 2.600611e+00  6.439248e-02 
 2.601009e+00  6.386519e-02 
 2.601407e+00  6.331223e-02 
 2.601804e+00  6.274176e-02 
 2.602202e+00  6.212826e-02 
 2.602600e+00  6.150530e-02 
 2.602997e+00  6.084522e-02 
 2.603395e+00  6.015862e-02 
 2.603793e+00  5.945911e-02 
 2.604191e+00  5.873104e-02 
 2.604588e+00  5.797555e-02 
 2.604986e+00  5.719360e-02 
 2.605384e+00  5.638067e-02 
 2.605781e+00  5.552703e-02 
 2.606179e+00  5.466081e-02 
 2.606577e+00  5.377831e-02 
 2.606974e+00  5.285913e-02 
 2.607372e+00  5.192200e-02 
 2.607770e+00  5.098977e-02 
 2.608167e+00  5.003295e-02 
 2.608565e+00  4.907754e-02 
 2.608963e+00  4.810141e-02 
 2.609361e+00  4.711191e-02 
 2.609758e+00  4.609436e-02 
 2.610156e+00  4.506453e-02 
 2.610554e+00  4.402261e-02 
 2.610951e+00  4.296635e-02 
 2.611349e+00  4.190181e-02 
 2.611747e+00  4.084658e-02 
 2.612144e+00  3.976533e-02 
 2.612542e+00  3.867843e-02 
 2.612940e+00  3.759507e-02 
 2.613338e+00  3.650001e-02 
 2.613735e+00  3.539701e-02 
 2.614133e+00  3.427868e-02 
 2.614531e+00  3.314580e-02 
 2.614928e+00  3.198423e-02 
 2.615326e+00  3.081632e-02 
 2.615724e+00  2.963912e-02 
 2.616121e+00  2.845270e-02 
 2.616519e+00  2.724761e-02 
 2.616917e+00  2.605764e-02 
 2.617314e+00  2.485965e-02 
 2.617712e+00  2.365750e-02 
 2.618110e+00  2.246906e-02 
 2.618508e+00  2.127711e-02 
 2.618905e+00  2.006551e-02 
 2.619303e+00  1.884434e-02 
 2.619701e+00  1.761387e-02 
 2.620098e+00  1.639352e-02 
 2.620496e+00  1.516016e-02 
 2.620894e+00  1.393698e-02 
 2.621291e+00  1.271347e-02 
 2.621689e+00  1.148852e-02 
 2.622087e+00  1.027887e-02 
 2.622485e+00  9.071585e-03 
 2.622882e+00  7.878142e-03 
 2.623280e+00  6.686478e-03 
 2.623678e+00  5.502163e-03 
 2.624075e+00  4.319249e-03 
 2.624473e+00  3.120225e-03 
 2.624871e+00  1.940137e-03 
 2.625268e+00  7.629328e-04 
 2.625666e+00 -4.116259e-04 
 2.626064e+00 -1.567207e-03 
 2.626461e+00 -2.713650e-03 
 2.626859e+00 -3.845460e-03 
 2.627257e+00 -4.951481e-03 
 2.627655e+00 -6.036302e-03 
 2.628052e+00 -7.117918e-03 
 2.628450e+00 -8.184149e-03 
 2.628848e+00 -9.230242e-03 
 2.629245e+00 -1.027777e-02 
 2.629643e+00 -1.131725e-02 
 2.630041e+00 -1.232562e-02 
 2.630438e+00 -1.330917e-02 
 2.630836e+00 -1.427528e-02 
 2.631234e+00 -1.521856e-02 
 2.631632e+00 -1.611776e-02 
 2.632029e+00 -1.700756e-02 
 2.632427e+00 -1.785159e-02 
 2.632825e+00 -1.867355e-02 
 2.633222e+00 -1.947693e-02 
 2.633620e+00 -2.026341e-02 
 2.634018e+00 -2.102972e-02 
 2.634415e+00 -2.176747e-02 
 2.634813e+00 -2.249156e-02 
 2.635211e+00 -2.318255e-02 
 2.635608e+00 -2.383708e-02 
 2.636006e+00 -2.446394e-02 
 2.636404e+00 -2.505639e-02 
 2.636802e+00 -2.559323e-02 
 2.637199e+00 -2.609368e-02 
 2.637597e+00 -2.656350e-02 
 2.637995e+00 -2.700219e-02 
 2.638392e+00 -2.740654e-02 
 2.638790e+00 -2.779591e-02 
 2.639188e+00 -2.814173e-02 
 2.639585e+00 -2.845238e-02 
 2.639983e+00 -2.874888e-02 
 2.640381e+00 -2.900372e-02 
 2.640779e+00 -2.921738e-02 
 2.641176e+00 -2.938877e-02 
 2.641574e+00 -2.953417e-02 
 2.641972e+00 -2.962106e-02 
 2.642369e+00 -2.968050e-02 
 2.642767e+00 -2.972586e-02 
 2.643165e+00 -2.973784e-02 
 2.643562e+00 -2.972311e-02 
 2.643960e+00 -2.968373e-02 
 2.644358e+00 -2.962051e-02 
 2.644755e+00 -2.952967e-02 
 2.645153e+00 -2.942085e-02 
 2.645551e+00 -2.928100e-02 
 2.645949e+00 -2.910122e-02 
 2.646346e+00 -2.888134e-02 
 2.646744e+00 -2.864003e-02 
 2.647142e+00 -2.835544e-02 
 2.647539e+00 -2.805771e-02 
 2.647937e+00 -2.772810e-02 
 2.648335e+00 -2.738990e-02 
 2.648732e+00 -2.701768e-02 
 2.649130e+00 -2.662592e-02 
 2.649528e+00 -2.621272e-02 
 2.649926e+00 -2.577505e-02 
 2.650323e+00 -2.531771e-02 
 2.650721e+00 -2.482420e-02 
 2.651119e+00 -2.429684e-02 
 2.651516e+00 -2.373351e-02 
 2.651914e+00 -2.314755e-02 
 2.652312e+00 -2.253532e-02 
 2.652709e+00 -2.189799e-02 
 2.653107e+00 -2.124391e-02 
 2.653505e+00 -2.057636e-02 
 2.653902e+00 -1.987275e-02 
 2.654300e+00 -1.916303e-02 
 2.654698e+00 -1.842781e-02 
 2.655096e+00 -1.767394e-02 
 2.655493e+00 -1.688578e-02 
 2.655891e+00 -1.606741e-02 
 2.656289e+00 -1.520648e-02 
 2.656686e+00 -1.431806e-02 
 2.657084e+00 -1.341645e-02 
 2.657482e+00 -1.249827e-02 
 2.657879e+00 -1.155819e-02 
 2.658277e+00 -1.059316e-02 
 2.658675e+00 -9.635623e-03 
 2.659073e+00 -8.635534e-03 
 2.659470e+00 -7.620179e-03 
 2.659868e+00 -6.588684e-03 
 2.660266e+00 -5.538966e-03 
 2.660663e+00 -4.453045e-03 
 2.661061e+00 -3.336842e-03 
 2.661459e+00 -2.198952e-03 
 2.661856e+00 -1.064108e-03 
 2.662254e+00  9.071238e-05 
 2.662652e+00  1.240584e-03 
 2.663049e+00  2.402118e-03 
 2.663447e+00  3.585198e-03 
 2.663845e+00  4.768009e-03 
 2.664243e+00  5.975037e-03 
 2.664640e+00  7.187140e-03 
 2.665038e+00  8.407607e-03 
 2.665436e+00  9.644178e-03 
 2.665833e+00  1.091764e-02 
 2.666231e+00  1.218747e-02 
 2.666629e+00  1.346084e-02 
 2.667026e+00  1.472634e-02 
 2.667424e+00  1.599158e-02 
 2.667822e+00  1.724855e-02 
 2.668220e+00  1.852463e-02 
 2.668617e+00  1.980030e-02 
 2.669015e+00  2.106544e-02 
 2.669413e+00  2.231740e-02 
 2.669810e+00  2.358250e-02 
 2.670208e+00  2.485109e-02 
 2.670606e+00  2.612553e-02 
 2.671003e+00  2.739517e-02 
 2.671401e+00  2.866048e-02 
 2.671799e+00  2.991358e-02 
 2.672196e+00  3.114357e-02 
 2.672594e+00  3.236738e-02 
 2.672992e+00  3.358130e-02 
 2.673390e+00  3.478139e-02 
 2.673787e+00  3.596765e-02 
 2.674185e+00  3.711494e-02 
 2.674583e+00  3.825753e-02 
 2.674980e+00  3.939870e-02 
 2.675378e+00  4.051922e-02 
 2.675776e+00  4.162868e-02 
 2.676173e+00  4.272869e-02 
 2.676571e+00  4.379815e-02 
 2.676969e+00  4.483511e-02 
 2.677367e+00  4.586810e-02 
 2.677764e+00  4.687454e-02 
 2.678162e+00  4.784778e-02 
 2.678560e+00  4.880803e-02 
 2.678957e+00  4.973859e-02 
 2.679355e+00  5.064540e-02 
 2.679753e+00  5.153831e-02 
 2.680150e+00  5.243752e-02 
 2.680548e+00  5.330264e-02 
 2.680946e+00  5.414010e-02 
 2.681343e+00  5.496133e-02 
 2.681741e+00  5.574159e-02 
 2.682139e+00  5.650093e-02 
 2.682537e+00  5.722903e-02 
 2.682934e+00  5.793388e-02 
 2.683332e+00  5.860741e-02 
 2.683730e+00  5.925737e-02 
 2.684127e+00  5.988140e-02 
 2.684525e+00  6.048973e-02 
 2.684923e+00  6.109009e-02 
 2.685320e+00  6.167871e-02 
 2.685718e+00  6.222746e-02 
 2.686116e+00  6.276045e-02 
 2.686514e+00  6.325812e-02 
 2.686911e+00  6.373414e-02 
 2.687309e+00  6.418096e-02 
 2.687707e+00  6.459940e-02 
 2.688104e+00  6.499361e-02 
 2.688502e+00  6.534833e-02 
 2.688900e+00  6.568580e-02 
 2.689297e+00  6.600068e-02 
 2.689695e+00  6.629326e-02 
 2.690093e+00  6.656241e-02 
 2.690490e+00  6.680469e-02 
 2.690888e+00  6.701159e-02 
 2.691286e+00  6.718226e-02 
 2.691684e+00  6.731477e-02 
 2.692081e+00  6.743070e-02 
 2.692479e+00  6.750615e-02 
 2.692877e+00  6.755567e-02 
 2.693274e+00  6.756451e-02 
 2.693672e+00  6.754742e-02 
 2.694070e+00  6.749712e-02 
 2.694467e+00  6.742610e-02 
 2.694865e+00  6.732188e-02 
 2.695263e+00  6.718987e-02 
 2.695661e+00  6.702770e-02 
 2.696058e+00  6.683022e-02 
 2.696456e+00  6.658750e-02 
 2.696854e+00  6.632477e-02 
 2.697251e+00  6.603718e-02 
 2.697649e+00  6.570144e-02 
 2.698047e+00  6.533439e-02 
 2.698444e+00  6.494286e-02 
 2.698842e+00  6.452498e-02 
 2.699240e+00  6.406657e-02 
 2.699637e+00  6.360666e-02 
 2.700035e+00  6.311125e-02 
 2.700433e+00  6.257432e-02 
 2.700831e+00  6.200663e-02 
 2.701228e+00  6.140839e-02 
 2.701626e+00  6.076880e-02 
 2.702024e+00  6.009620e-02 
 2.702421e+00  5.940115e-02 
 2.702819e+00  5.866125e-02 
 2.703217e+00  5.788892e-02 
 2.703614e+00  5.709475e-02 
 2.704012e+00  5.628945e-02 
 2.704410e+00  5.545068e-02 
 2.704808e+00  5.459595e-02 
 2.705205e+00  5.371471e-02 
 2.705603e+00  5.280786e-02 
 2.706001e+00  5.187435e-02 
 2.706398e+00  5.092450e-02 
 2.706796e+00  4.994628e-02 
 2.707194e+00  4.892941e-02 
 2.707591e+00  4.790768e-02 
 2.707989e+00  4.685402e-02 
 2.708387e+00  4.578389e-02 
 2.708784e+00  4.469663e-02 
 2.709182e+00  4.360720e-02 
 2.709580e+00  4.249461e-02 
 2.709978e+00  4.136001e-02 
 2.710375e+00  4.021349e-02 
 2.710773e+00  3.905057e-02 
 2.711171e+00  3.788002e-02 
 2.711568e+00  3.670009e-02 
 2.711966e+00  3.551032e-02 
 2.712364e+00  3.430605e-02 
 2.712761e+00  3.308752e-02 
 2.713159e+00  3.185965e-02 
 2.713557e+00  3.062972e-02 
 2.713955e+00  2.940766e-02 
 2.714352e+00  2.818583e-02 
 2.714750e+00  2.696065e-02 
 2.715148e+00  2.574501e-02 
 2.715545e+00  2.453956e-02 
 2.715943e+00  2.334352e-02 
 2.716341e+00  2.214080e-02 
 2.716738e+00  2.094052e-02 
 2.717136e+00  1.973300e-02 
 2.717534e+00  1.851771e-02 
 2.717931e+00  1.731307e-02 
 2.718329e+00  1.611498e-02 
 2.718727e+00  1.491641e-02 
 2.719125e+00  1.373463e-02 
 2.719522e+00  1.255469e-02 
 2.719920e+00  1.138386e-02 
 2.720318e+00  1.022730e-02 
 2.720715e+00  9.074942e-03 
 2.721113e+00  7.936320e-03 
 2.721511e+00  6.790203e-03 
 2.721908e+00  5.641488e-03 
 2.722306e+00  4.490334e-03 
 2.722704e+00  3.327672e-03 
 2.723102e+00  2.195366e-03 
 2.723499e+00  1.063573e-03 
 2.723897e+00 -5.959230e-05 
 2.724295e+00 -1.160448e-03 
 2.724692e+00 -2.242443e-03 
 2.725090e+00 -3.307909e-03 
 2.725488e+00 -4.368130e-03 
 2.725885e+00 -5.410521e-03 
 2.726283e+00 -6.461543e-03 
 2.726681e+00 -7.505430e-03 
 2.727078e+00 -8.547611e-03 
 2.727476e+00 -9.574896e-03 
 2.727874e+00 -1.058212e-02 
 2.728272e+00 -1.157453e-02 
 2.728669e+00 -1.255375e-02 
 2.729067e+00 -1.350543e-02 
 2.729465e+00 -1.445378e-02 
 2.729862e+00 -1.536686e-02 
 2.730260e+00 -1.625540e-02 
 2.730658e+00 -1.712975e-02 
 2.731055e+00 -1.799529e-02 
 2.731453e+00 -1.883759e-02 
 2.731851e+00 -1.966325e-02 
 2.732249e+00 -2.047811e-02 
 2.732646e+00 -2.124463e-02 
 2.733044e+00 -2.199718e-02 
 2.733442e+00 -2.270224e-02 
 2.733839e+00 -2.338375e-02 
 2.734237e+00 -2.401998e-02 
 2.734635e+00 -2.462845e-02 
 2.735032e+00 -2.519987e-02 
 2.735430e+00 -2.574435e-02 
 2.735828e+00 -2.627494e-02 
 2.736225e+00 -2.677439e-02 
 2.736623e+00 -2.724415e-02 
 2.737021e+00 -2.768599e-02 
 2.737419e+00 -2.809857e-02 
 2.737816e+00 -2.846874e-02 
 2.738214e+00 -2.880773e-02 
 2.738612e+00 -2.911840e-02 
 2.739009e+00 -2.938070e-02 
 2.739407e+00 -2.961095e-02 
 2.739805e+00 -2.980427e-02 
 2.740202e+00 -2.996174e-02 
 2.740600e+00 -3.007889e-02 
 2.740998e+00 -3.019046e-02 
 2.741396e+00 -3.026552e-02 
 2.741793e+00 -3.030212e-02 
 2.742191e+00 -3.032039e-02 
 2.742589e+00 -3.029616e-02 
 2.742986e+00 -3.024003e-02 
 2.743384e+00 -3.014136e-02 
 2.743782e+00 -3.000760e-02 
 2.744179e+00 -2.981466e-02 
 2.744577e+00 -2.959263e-02 
 2.744975e+00 -2.934982e-02 
 2.745372e+00 -2.905930e-02 
 2.745770e+00 -2.874923e-02 
 2.746168e+00 -2.842706e-02 
 2.746566e+00 -2.806391e-02 
 2.746963e+00 -2.765871e-02 
 2.747361e+00 -2.723312e-02 
 2.747759e+00 -2.677239e-02 
 2.748156e+00 -2.627919e-02 
 2.748554e+00 -2.574800e-02 
 2.748952e+00 -2.518559e-02 
 2.749349e+00 -2.458332e-02 
 2.749747e+00 -2.395356e-02 
 2.750145e+00 -2.330936e-02 
 2.750543e+00 -2.265483e-02 
 2.750940e+00 -2.197666e-02 
 2.751338e+00 -2.127996e-02 
 2.751736e+00 -2.056926e-02 
 2.752133e+00 -1.981854e-02 
 2.752531e+00 -1.904990e-02 
 2.752929e+00 -1.826411e-02 
 2.753326e+00 -1.744510e-02 
 2.753724e+00 -1.658937e-02 
 2.754122e+00 -1.570909e-02 
 2.754519e+00 -1.482439e-02 
 2.754917e+00 -1.391674e-02 
 2.755315e+00 -1.300945e-02 
 2.755713e+00 -1.209964e-02 
 2.756110e+00 -1.116979e-02 
 2.756508e+00 -1.022817e-02 
 2.756906e+00 -9.268725e-03 
 2.757303e+00 -8.302990e-03 
 2.757701e+00 -7.313616e-03 
 2.758099e+00 -6.315135e-03 
 2.758496e+00 -5.305029e-03 
 2.758894e+00 -4.260196e-03 
 2.759292e+00 -3.198250e-03 
 2.759690e+00 -2.130822e-03 
 2.760087e+00 -1.051817e-03 
 2.760485e+00  2.989421e-05 
 2.760883e+00  1.118861e-03 
 2.761280e+00  2.220721e-03 
 2.761678e+00  3.340650e-03 
 2.762076e+00  4.466345e-03 
 2.762473e+00  5.607569e-03 
 2.762871e+00  6.771335e-03 
 2.763269e+00  7.951739e-03 
 2.763666e+00  9.142499e-03 
 2.764064e+00  1.035951e-02 
 2.764462e+00  1.157727e-02 
 2.764860e+00  1.278184e-02 
 2.765257e+00  1.400276e-02 
 2.765655e+00  1.522668e-02 
 2.766053e+00  1.645994e-02 
 2.766450e+00  1.770524e-02 
 2.766848e+00  1.894997e-02 
 2.767246e+00  2.020383e-02 
 2.767643e+00  2.145947e-02 
 2.768041e+00  2.273494e-02 
 2.768439e+00  2.400945e-02 
 2.768837e+00  2.528464e-02 
 2.769234e+00  2.656126e-02 
 2.769632e+00  2.782933e-02 
 2.770030e+00  2.906851e-02 
 2.770427e+00  3.031032e-02 
 2.770825e+00  3.153660e-02 
 2.771223e+00  3.276297e-02 
 2.771620e+00  3.397473e-02 
 2.772018e+00  3.518298e-02 
 2.772416e+00  3.639137e-02 
 2.772813e+00  3.758754e-02 
 2.773211e+00  3.878949e-02 
 2.773609e+00  3.997604e-02 
 2.774007e+00  4.112959e-02 
 2.774404e+00  4.227194e-02 
 2.774802e+00  4.338368e-02 
 2.775200e+00  4.447197e-02 
 2.775597e+00  4.555552e-02 
 2.775995e+00  4.661681e-02 
 2.776393e+00  4.766265e-02 
 2.776790e+00  4.867487e-02 
 2.777188e+00  4.966611e-02 
 2.777586e+00  5.063540e-02 
 2.777983e+00  5.159260e-02 
 2.778381e+00  5.253638e-02 
 2.778779e+00  5.343507e-02 
 2.779177e+00  5.430711e-02 
 2.779574e+00  5.514694e-02 
 2.779972e+00  5.595327e-02 
 2.780370e+00  5.673989e-02 
 2.780767e+00  5.750511e-02 
 2.781165e+00  5.824297e-02 
 2.781563e+00  5.894111e-02 
 2.781960e+00  5.961877e-02 
 2.782358e+00  6.026919e-02 
 2.782756e+00  6.089988e-02 
 2.783154e+00  6.151440e-02 
 2.783551e+00  6.209440e-02 
 2.783949e+00  6.262494e-02 
 2.784347e+00  6.313591e-02 
 2.784744e+00  6.361928e-02 
 2.785142e+00  6.407860e-02 
 2.785540e+00  6.450553e-02 
 2.785937e+00  6.489872e-02 
 2.786335e+00  6.525081e-02 
 2.786733e+00  6.556648e-02 
 2.787130e+00  6.586313e-02 
 2.787528e+00  6.613593e-02 
 2.787926e+00  6.639009e-02 
 2.788324e+00  6.662125e-02 
 2.788721e+00  6.682224e-02 
 2.789119e+00  6.697974e-02 
 2.789517e+00  6.711265e-02 
 2.789914e+00  6.721783e-02 
 2.790312e+00  6.728823e-02 
 2.790710e+00  6.732034e-02 
 2.791107e+00  6.732995e-02 
 2.791505e+00  6.730409e-02 
 2.791903e+00  6.726597e-02 
 2.792301e+00  6.720485e-02 
 2.792698e+00  6.711768e-02 
 2.793096e+00  6.701437e-02 
 2.793494e+00  6.688286e-02 
 2.793891e+00  6.670334e-02 
 2.794289e+00  6.650531e-02 
 2.794687e+00  6.627917e-02 
 2.795084e+00  6.601414e-02 
 2.795482e+00  6.572995e-02 
 2.795880e+00  6.540208e-02 
 2.796277e+00  6.504314e-02 
 2.796675e+00  6.465377e-02 
 2.797073e+00  6.424650e-02 
 2.797471e+00  6.381074e-02 
 2.797868e+00  6.334993e-02 
 2.798266e+00  6.286104e-02 
 2.798664e+00  6.233793e-02 
 2.799061e+00  6.177965e-02 
 2.799459e+00  6.119402e-02 
 2.799857e+00  6.058900e-02 
 2.800254e+00  5.995553e-02 
 2.800652e+00  5.930009e-02 
 2.801050e+00  5.861337e-02 
 2.801448e+00  5.790207e-02 
 2.801845e+00  5.716825e-02 
 2.802243e+00  5.641854e-02 
 2.802641e+00  5.563689e-02 
 2.803038e+00  5.482014e-02 
 2.803436e+00  5.399580e-02 
 2.803834e+00  5.313703e-02 
 2.804231e+00  5.225242e-02 
 2.804629e+00  5.135811e-02 
 2.805027e+00  5.042560e-02 
 2.805424e+00  4.947365e-02 
 2.805822e+00  4.848665e-02 
 2.806220e+00  4.747531e-02 
 2.806618e+00  4.643922e-02 
 2.807015e+00  4.539506e-02 
 2.807413e+00  4.433944e-02 
 2.807811e+00  4.325519e-02 
 2.808208e+00  4.215515e-02 
 2.808606e+00  4.104614e-02 
 2.809004e+00  3.991215e-02 
 2.809401e+00  3.876755e-02 
 2.809799e+00  3.760572e-02 
 2.810197e+00  3.642845e-02 
 2.810595e+00  3.522350e-02 
 2.810992e+00  3.402292e-02 
 2.811390e+00  3.281057e-02 
 2.811788e+00  3.158169e-02 
 2.812185e+00  3.034910e-02 
 2.812583e+00  2.911759e-02 
 2.812981e+00  2.786007e-02 
 2.813378e+00  2.660726e-02 
 2.813776e+00  2.536474e-02 
 2.814174e+00  2.410650e-02 
 2.814571e+00  2.283394e-02 
 2.814969e+00  2.155840e-02 
 2.815367e+00  2.028227e-02 
 2.815765e+00  1.899521e-02 
 2.816162e+00  1.771213e-02 
 2.816560e+00  1.644457e-02 
 2.816958e+00  1.517848e-02 
 2.817355e+00  1.390840e-02 
 2.817753e+00  1.265943e-02 
 2.818151e+00  1.140925e-02 
 2.818548e+00  1.016535e-02 
 2.818946e+00  8.936064e-03 
 2.819344e+00  7.720057e-03 
 2.819742e+00  6.502718e-03 
 2.820139e+00  5.299150e-03 
 2.820537e+00  4.120099e-03 
 2.820935e+00  2.947875e-03 
 2.821332e+00  1.806703e-03 
 2.821730e+00  6.738224e-04 
 2.822128e+00 -4.402722e-04 
 2.822525e+00 -1.539788e-03 
 2.822923e+00 -2.617574e-03 
 2.823321e+00 -3.670970e-03 
 2.823718e+00 -4.712761e-03 
 2.824116e+00 -5.740640e-03 
 2.824514e+00 -6.765607e-03 
 2.824912e+00 -7.780908e-03 
 2.825309e+00 -8.787643e-03 
 2.825707e+00 -9.770054e-03 
 2.826105e+00 -1.072935e-02 
 2.826502e+00 -1.166370e-02 
 2.826900e+00 -1.259246e-02 
 2.827298e+00 -1.348667e-02 
 2.827695e+00 -1.435705e-02 
 2.828093e+00 -1.519957e-02 
 2.828491e+00 -1.602448e-02 
 2.828889e+00 -1.683855e-02 
 2.829286e+00 -1.763325e-02 
 2.829684e+00 -1.841775e-02 
 2.830082e+00 -1.918578e-02 
 2.830479e+00 -1.992572e-02 
 2.830877e+00 -2.063931e-02 
 2.831275e+00 -2.133601e-02 
 2.831672e+00 -2.201246e-02 
 2.832070e+00 -2.266063e-02 
 2.832468e+00 -2.327058e-02 
 2.832865e+00 -2.386455e-02 
 2.833263e+00 -2.443335e-02 
 2.833661e+00 -2.498807e-02 
 2.834059e+00 -2.552956e-02 
 2.834456e+00 -2.605037e-02 
 2.834854e+00 -2.655230e-02 
 2.835252e+00 -2.700571e-02 
 2.835649e+00 -2.744013e-02 
 2.836047e+00 -2.783856e-02 
 2.836445e+00 -2.819864e-02 
 2.836842e+00 -2.853621e-02 
 2.837240e+00 -2.883874e-02 
 2.837638e+00 -2.909307e-02 
 2.838036e+00 -2.934175e-02 
 2.838433e+00 -2.956152e-02 
 2.838831e+00 -2.974517e-02 
 2.839229e+00 -2.991226e-02 
 2.839626e+00 -3.003693e-02 
 2.840024e+00 -3.012668e-02 
 2.840422e+00 -3.015321e-02 
 2.840819e+00 -3.017539e-02 
 2.841217e+00 -3.015096e-02 
 2.841615e+00 -3.008161e-02 
 2.842012e+00 -2.999360e-02 
 2.842410e+00 -2.986266e-02 
 2.842808e+00 -2.968866e-02 
 2.843206e+00 -2.949300e-02 
 2.843603e+00 -2.927766e-02 
 2.844001e+00 -2.902847e-02 
 2.844399e+00 -2.874541e-02 
 2.844796e+00 -2.842415e-02 
 2.845194e+00 -2.806723e-02 
 2.845592e+00 -2.766285e-02 
 2.845989e+00 -2.724944e-02 
 2.846387e+00 -2.679310e-02 
 2.846785e+00 -2.629904e-02 
 2.847183e+00 -2.576772e-02 
 2.847580e+00 -2.521361e-02 
 2.847978e+00 -2.462745e-02 
 2.848376e+00 -2.402225e-02 
 2.848773e+00 -2.338171e-02 
 2.849171e+00 -2.272294e-02 
 2.849569e+00 -2.202001e-02 
 2.849966e+00 -2.128565e-02 
 2.850364e+00 -2.052900e-02 
 2.850762e+00 -1.974304e-02 
 2.851159e+00 -1.893953e-02 
 2.851557e+00 -1.808737e-02 
 2.851955e+00 -1.722005e-02 
 2.852353e+00 -1.633056e-02 
 2.852750e+00 -1.542570e-02 
 2.853148e+00 -1.449182e-02 
 2.853546e+00 -1.356771e-02 
 2.853943e+00 -1.261057e-02 
 2.854341e+00 -1.163180e-02 
 2.854739e+00 -1.063216e-02 
 2.855136e+00 -9.617653e-03 
 2.855534e+00 -8.573296e-03 
 2.855932e+00 -7.516021e-03 
 2.856330e+00 -6.441675e-03 
 2.856727e+00 -5.348793e-03 
 2.857125e+00 -4.243252e-03 
 2.857523e+00 -3.128857e-03 
 2.857920e+00 -2.014853e-03 
 2.858318e+00 -8.965308e-04 
 2.858716e+00  2.324336e-04 
 2.859113e+00  1.376267e-03 
 2.859511e+00  2.530260e-03 
 2.859909e+00  3.683782e-03 
 2.860306e+00  4.850353e-03 
 2.860704e+00  6.027644e-03 
 2.861102e+00  7.216992e-03 
 2.861500e+00  8.413977e-03 
 2.861897e+00  9.616095e-03 
 2.862295e+00  1.081643e-02 
 2.862693e+00  1.200532e-02 
 2.863090e+00  1.318416e-02 
 2.863488e+00  1.436360e-02 
 2.863886e+00  1.556055e-02 
 2.864283e+00  1.674929e-02 
 2.864681e+00  1.793348e-02 
 2.865079e+00  1.912766e-02 
 2.865477e+00  2.032222e-02 
 2.865874e+00  2.151321e-02 
 2.866272e+00  2.271552e-02 
 2.866670e+00  2.391837e-02 
 2.867067e+00  2.511073e-02 
 2.867465e+00  2.628629e-02 
 2.867863e+00  2.746286e-02 
 2.868260e+00  2.863764e-02 
 2.868658e+00  2.980927e-02 
 2.869056e+00  3.098645e-02 
 2.869453e+00  3.216532e-02 
 2.869851e+00  3.333277e-02 
 2.870249e+00  3.448785e-02 
 2.870647e+00  3.566047e-02 
 2.871044e+00  3.682125e-02 
 2.871442e+00  3.797973e-02 
 2.871840e+00  3.912731e-02 
 2.872237e+00  4.024835e-02 
 2.872635e+00  4.135423e-02 
 2.873033e+00  4.245294e-02 
 2.873430e+00  4.354671e-02 
 2.873828e+00  4.462995e-02 
 2.874226e+00  4.570764e-02 
 2.874624e+00  4.676262e-02 
 2.875021e+00  4.779658e-02 
 2.875419e+00  4.881730e-02 
 2.875817e+00  4.983819e-02 
 2.876214e+00  5.083574e-02 
 2.876612e+00  5.181738e-02 
 2.877010e+00  5.275971e-02 
 2.877407e+00  5.368390e-02 
 2.877805e+00  5.458688e-02 
 2.878203e+00  5.546470e-02 
 2.878600e+00  5.632366e-02 
 2.878998e+00  5.715719e-02 
 2.879396e+00  5.795764e-02 
 2.879794e+00  5.873749e-02 
 2.880191e+00  5.947082e-02 
 2.880589e+00  6.019988e-02 
 2.880987e+00  6.089192e-02 
 2.881384e+00  6.155194e-02 
 2.881782e+00  6.217296e-02 
 2.882180e+00  6.275614e-02 
 2.882577e+00  6.330460e-02 
 2.882975e+00  6.382726e-02 
 2.883373e+00  6.432190e-02 
 2.883771e+00  6.478251e-02 
 2.884168e+00  6.520402e-02 
 2.884566e+00  6.559200e-02 
 2.884964e+00  6.595081e-02 
 2.885361e+00  6.627255e-02 
 2.885759e+00  6.657496e-02 
 2.886157e+00  6.683994e-02 
 2.886554e+00  6.706448e-02 
 2.886952e+00  6.724863e-02 
 2.887350e+00  6.739922e-02 
 2.887747e+00  6.753251e-02 
 2.888145e+00  6.762679e-02 
 2.888543e+00  6.770810e-02 
 2.888941e+00  6.775143e-02 
 2.889338e+00  6.775518e-02 
 2.889736e+00  6.773813e-02 
 2.890134e+00  6.769189e-02 
 2.890531e+00  6.761883e-02 
 2.890929e+00  6.750983e-02 
 2.891327e+00  6.736517e-02 
 2.891724e+00  6.718373e-02 
 2.892122e+00  6.696166e-02 
 2.892520e+00  6.671657e-02 
 2.892918e+00  6.645003e-02 
 2.893315e+00  6.614350e-02 
 2.893713e+00  6.580984e-02 
 2.894111e+00  6.543602e-02 
 2.894508e+00  6.504304e-02 
 2.894906e+00  6.463614e-02 
 2.895304e+00  6.420354e-02 
 2.895701e+00  6.374828e-02 
 2.896099e+00  6.325244e-02 
 2.896497e+00  6.273954e-02 
 2.896894e+00  6.220535e-02 
 2.897292e+00  6.164207e-02 
 2.897690e+00  6.105453e-02 
 2.898088e+00  6.044712e-02 
 2.898485e+00  5.981103e-02 
 2.898883e+00  5.913961e-02 
 2.899281e+00  5.844689e-02 
 2.899678e+00  5.773511e-02 
 2.900076e+00  5.700624e-02 
 2.900474e+00  5.624699e-02 
 2.900871e+00  5.547220e-02 
 2.901269e+00  5.466481e-02 
 2.901667e+00  5.384342e-02 
 2.902065e+00  5.299860e-02 
 2.902462e+00  5.212317e-02 
 2.902860e+00  5.123219e-02 
 2.903258e+00  5.031867e-02 
 2.903655e+00  4.937648e-02 
 2.904053e+00  4.842202e-02 
 2.904451e+00  4.746046e-02 
 2.904848e+00  4.648039e-02 
 2.905246e+00  4.548959e-02 
 2.905644e+00  4.447672e-02 
 2.906041e+00  4.344593e-02 
 2.906439e+00  4.239471e-02 
 2.906837e+00  4.133091e-02 
 2.907235e+00  4.024177e-02 
 2.907632e+00  3.913358e-02 
 2.908030e+00  3.800841e-02 
 2.908428e+00  3.687199e-02 
 2.908825e+00  3.572065e-02 
 2.909223e+00  3.455960e-02 
 2.909621e+00  3.339057e-02 
 2.910018e+00  3.220483e-02 
 2.910416e+00  3.101281e-02 
 2.910814e+00  2.980027e-02 
 2.911212e+00  2.857193e-02 
 2.911609e+00  2.733700e-02 
 2.912007e+00  2.609550e-02 
 2.912405e+00  2.483999e-02 
 2.912802e+00  2.357127e-02 
 2.913200e+00  2.230361e-02 
 2.913598e+00  2.103608e-02 
 2.913995e+00  1.976599e-02 
 2.914393e+00  1.849605e-02 
 2.914791e+00  1.723286e-02 
 2.915188e+00  1.597087e-02 
 2.915586e+00  1.471684e-02 
 2.915984e+00  1.345729e-02 
 2.916382e+00  1.220482e-02 
 2.916779e+00  1.096281e-02 
 2.917177e+00  9.732049e-03 
 2.917575e+00  8.500300e-03 
 2.917972e+00  7.267921e-03 
 2.918370e+00  6.042472e-03 
 2.918768e+00  4.825017e-03 
 2.919165e+00  3.620252e-03 
 2.919563e+00  2.427841e-03 
 2.919961e+00  1.244093e-03 
 2.920359e+00  7.367246e-05 
 2.920756e+00 -1.081574e-03 
 2.921154e+00 -2.220906e-03 
 2.921552e+00 -3.342020e-03 
 2.921949e+00 -4.456245e-03 
 2.922347e+00 -5.565496e-03 
 2.922745e+00 -6.660427e-03 
 2.923142e+00 -7.740948e-03 
 2.923540e+00 -8.794452e-03 
 2.923938e+00 -9.806951e-03 
 2.924335e+00 -1.080366e-02 
 2.924733e+00 -1.177997e-02 
 2.925131e+00 -1.272122e-02 
 2.925529e+00 -1.363475e-02 
 2.925926e+00 -1.453861e-02 
 2.926324e+00 -1.541886e-02 
 2.926722e+00 -1.627749e-02 
 2.927119e+00 -1.712693e-02 
 2.927517e+00 -1.795228e-02 
 2.927915e+00 -1.874799e-02 
 2.928312e+00 -1.951614e-02 
 2.928710e+00 -2.025388e-02 
 2.929108e+00 -2.095087e-02 
 2.929506e+00 -2.161900e-02 
 2.929903e+00 -2.226970e-02 
 2.930301e+00 -2.288532e-02 
 2.930699e+00 -2.345973e-02 
 2.931096e+00 -2.402463e-02 
 2.931494e+00 -2.457888e-02 
 2.931892e+00 -2.510804e-02 
 2.932289e+00 -2.561691e-02 
 2.932687e+00 -2.608706e-02 
 2.933085e+00 -2.652448e-02 
 2.933482e+00 -2.691910e-02 
 2.933880e+00 -2.729001e-02 
 2.934278e+00 -2.762166e-02 
 2.934676e+00 -2.792594e-02 
 2.935073e+00 -2.820468e-02 
 2.935471e+00 -2.845517e-02 
 2.935869e+00 -2.867897e-02 
 2.936266e+00 -2.888068e-02 
 2.936664e+00 -2.906821e-02 
 2.937062e+00 -2.923521e-02 
 2.937459e+00 -2.936646e-02 
 2.937857e+00 -2.946819e-02 
 2.938255e+00 -2.954867e-02 
 2.938653e+00 -2.958900e-02 
 2.939050e+00 -2.959985e-02 
 2.939448e+00 -2.959029e-02 
 2.939846e+00 -2.954738e-02 
 2.940243e+00 -2.945683e-02 
 2.940641e+00 -2.935390e-02 
 2.941039e+00 -2.922690e-02 
 2.941436e+00 -2.909014e-02 
 2.941834e+00 -2.892274e-02 
 2.942232e+00 -2.873185e-02 
 2.942629e+00 -2.849213e-02 
 2.943027e+00 -2.821024e-02 
 2.943425e+00 -2.790718e-02 
 2.943823e+00 -2.755938e-02 
 2.944220e+00 -2.717488e-02 
 2.944618e+00 -2.675742e-02 
 2.945016e+00 -2.629909e-02 
 2.945413e+00 -2.581841e-02 
 2.945811e+00 -2.530676e-02 
 2.946209e+00 -2.477328e-02 
 2.946606e+00 -2.421971e-02 
 2.947004e+00 -2.364193e-02 
 2.947402e+00 -2.302103e-02 
 2.947800e+00 -2.236679e-02 
 2.948197e+00 -2.167957e-02 
 2.948595e+00 -2.096363e-02 
 2.948993e+00 -2.021203e-02 
 2.949390e+00 -1.942519e-02 
 2.949788e+00 -1.860886e-02 
 2.950186e+00 -1.776322e-02 
 2.950583e+00 -1.691039e-02 
 2.950981e+00 -1.604140e-02 
 2.951379e+00 -1.515323e-02 
 2.951776e+00 -1.423336e-02 
 2.952174e+00 -1.329550e-02 
 2.952572e+00 -1.232062e-02 
 2.952970e+00 -1.131613e-02 
 2.953367e+00 -1.030157e-02 
 2.953765e+00 -9.270438e-03 
 2.954163e+00 -8.216133e-03 
 2.954560e+00 -7.141665e-03 
 2.954958e+00 -6.053841e-03 
 2.955356e+00 -4.954181e-03 
 2.955753e+00 -3.845924e-03 
 2.956151e+00 -2.730507e-03 
 2.956549e+00 -1.592700e-03 
 2.956947e+00 -4.384675e-04 
 2.957344e+00  7.343895e-04 
 2.957742e+00  1.918446e-03 
 2.958140e+00  3.106369e-03 
 2.958537e+00  4.305149e-03 
 2.958935e+00  5.512828e-03 
 2.959333e+00  6.737537e-03 
 2.959730e+00  7.961139e-03 
 2.960128e+00  9.192420e-03 
 2.960526e+00  1.040595e-02 
 2.960923e+00  1.162568e-02 
 2.961321e+00  1.285610e-02 
 2.961719e+00  1.409133e-02 
 2.962117e+00  1.531945e-02 
 2.962514e+00  1.656458e-02 
 2.962912e+00  1.780737e-02 
 2.963310e+00  1.904069e-02 
 2.963707e+00  2.028695e-02 
 2.964105e+00  2.152859e-02 
 2.964503e+00  2.277520e-02 
 2.964900e+00  2.401347e-02 
 2.965298e+00  2.525418e-02 
 2.965696e+00  2.645879e-02 
 2.966094e+00  2.766552e-02 
 2.966491e+00  2.886141e-02 
 2.966889e+00  3.005257e-02 
 2.967287e+00  3.123435e-02 
 2.967684e+00  3.239412e-02 
 2.968082e+00  3.354938e-02 
 2.968480e+00  3.469760e-02 
 2.968877e+00  3.584158e-02 
 2.969275e+00  3.697883e-02 
 2.969673e+00  3.809561e-02 
 2.970070e+00  3.918426e-02 
 2.970468e+00  4.025054e-02 
 2.970866e+00  4.130883e-02 
 2.971264e+00  4.235750e-02 
 2.971661e+00  4.339585e-02 
 2.972059e+00  4.442927e-02 
 2.972457e+00  4.544342e-02 
 2.972854e+00  4.643586e-02 
 2.973252e+00  4.742581e-02 
 2.973650e+00  4.839766e-02 
 2.974047e+00  4.935770e-02 
 2.974445e+00  5.030488e-02 
 2.974843e+00  5.122096e-02 
 2.975241e+00  5.211764e-02 
 2.975638e+00  5.299349e-02 
 2.976036e+00  5.385819e-02 
 2.976434e+00  5.470471e-02 
 2.976831e+00  5.553701e-02 
 2.977229e+00  5.634325e-02 
 2.977627e+00  5.712411e-02 
 2.978024e+00  5.789592e-02 
 2.978422e+00  5.864700e-02 
 2.978820e+00  5.938689e-02 
 2.979217e+00  6.009661e-02 
 2.979615e+00  6.076472e-02 
 2.980013e+00  6.140966e-02 
 2.980411e+00  6.202938e-02 
 2.980808e+00  6.262331e-02 
 2.981206e+00  6.319547e-02 
 2.981604e+00  6.373434e-02 
 2.982001e+00  6.425036e-02 
 2.982399e+00  6.472186e-02 
 2.982797e+00  6.517260e-02 
 2.983194e+00  6.558401e-02 
 2.983592e+00  6.598807e-02 
 2.983990e+00  6.635970e-02 
 2.984388e+00  6.669106e-02 
 2.984785e+00  6.698675e-02 
 2.985183e+00  6.725162e-02 
 2.985581e+00  6.747740e-02 
 2.985978e+00  6.766427e-02 
 2.986376e+00  6.781622e-02 
 2.986774e+00  6.793100e-02 
 2.987171e+00  6.799009e-02 
 2.987569e+00  6.803319e-02 
 2.987967e+00  6.804355e-02 
 2.988364e+00  6.802142e-02 
 2.988762e+00  6.796175e-02 
 2.989160e+00  6.787270e-02 
 2.989558e+00  6.774340e-02 
 2.989955e+00  6.756932e-02 
 2.990353e+00  6.737554e-02 
 2.990751e+00  6.715326e-02 
 2.991148e+00  6.689656e-02 
 2.991546e+00  6.660187e-02 
 2.991944e+00  6.628353e-02 
 2.992341e+00  6.592419e-02 
 2.992739e+00  6.554208e-02 
 2.993137e+00  6.515018e-02 
 2.993535e+00  6.472666e-02 
 2.993932e+00  6.426135e-02 
 2.994330e+00  6.377586e-02 
 2.994728e+00  6.325382e-02 
 2.995125e+00  6.269506e-02 
 2.995523e+00  6.210549e-02 
 2.995921e+00  6.150432e-02 
 2.996318e+00  6.085119e-02 
 2.996716e+00  6.016736e-02 
 2.997114e+00  5.946985e-02 
 2.997511e+00  5.876103e-02 
 2.997909e+00  5.802451e-02 
 2.998307e+00  5.726670e-02 
 2.998705e+00  5.647705e-02 
 2.999102e+00  5.565962e-02 
 2.999500e+00  5.481584e-02 
 2.999898e+00  5.395467e-02 
 3.000295e+00  5.308113e-02 
 3.000693e+00  5.218099e-02 
 3.001091e+00  5.125939e-02 
 3.001488e+00  5.031572e-02 
 3.001886e+00  4.935366e-02 
 3.002284e+00  4.837982e-02 
 3.002682e+00  4.740419e-02 
 3.003079e+00  4.641388e-02 
 3.003477e+00  4.540050e-02 
 3.003875e+00  4.436520e-02 
 3.004272e+00  4.331975e-02 
 3.004670e+00  4.226448e-02 
 3.005068e+00  4.118822e-02 
 3.005465e+00  4.009086e-02 
 3.005863e+00  3.897723e-02 
 3.006261e+00  3.784686e-02 
 3.006658e+00  3.670368e-02 
 3.007056e+00  3.557117e-02 
 3.007454e+00  3.442931e-02 
 3.007852e+00  3.327351e-02 
 3.008249e+00  3.211586e-02 
 3.008647e+00  3.094780e-02 
 3.009045e+00  2.977156e-02 
 3.009442e+00  2.858526e-02 
 3.009840e+00  2.740437e-02 
 3.010238e+00  2.620865e-02 
 3.010635e+00  2.500608e-02 
 3.011033e+00  2.379522e-02 
 3.011431e+00  2.258553e-02 
 3.011829e+00  2.136711e-02 
 3.012226e+00  2.016293e-02 
 3.012624e+00  1.895916e-02 
 3.013022e+00  1.776156e-02 
 3.013419e+00  1.655097e-02 
 3.013817e+00  1.534371e-02 
 3.014215e+00  1.412530e-02 
 3.014612e+00  1.289826e-02 
 3.015010e+00  1.167403e-02 
 3.015408e+00  1.043372e-02 
 3.015805e+00  9.188727e-03 
 3.016203e+00  7.950431e-03 
 3.016601e+00  6.732301e-03 
 3.016999e+00  5.519379e-03 
 3.017396e+00  4.315874e-03 
 3.017794e+00  3.118769e-03 
 3.018192e+00  1.936561e-03 
 3.018589e+00  7.631870e-04 
 3.018987e+00 -4.114949e-04 
 3.019385e+00 -1.559656e-03 
 3.019782e+00 -2.706714e-03 
 3.020180e+00 -3.848239e-03 
 3.020578e+00 -4.978902e-03 
 3.020976e+00 -6.086895e-03 
 3.021373e+00 -7.183911e-03 
 3.021771e+00 -8.268137e-03 
 3.022169e+00 -9.310803e-03 
 3.022566e+00 -1.034419e-02 
 3.022964e+00 -1.136033e-02 
 3.023362e+00 -1.233988e-02 
 3.023759e+00 -1.330546e-02 
 3.024157e+00 -1.426267e-02 
 3.024555e+00 -1.519915e-02 
 3.024952e+00 -1.611185e-02 
 3.025350e+00 -1.700756e-02 
 3.025748e+00 -1.787053e-02 
 3.026146e+00 -1.870063e-02 
 3.026543e+00 -1.950861e-02 
 3.026941e+00 -2.028567e-02 
 3.027339e+00 -2.102823e-02 
 3.027736e+00 -2.174649e-02 
 3.028134e+00 -2.243079e-02 
 3.028532e+00 -2.307820e-02 
 3.028929e+00 -2.370012e-02 
 3.029327e+00 -2.429995e-02 
 3.029725e+00 -2.487143e-02 
 3.030123e+00 -2.541067e-02 
 3.030520e+00 -2.592886e-02 
 3.030918e+00 -2.640553e-02 
 3.031316e+00 -2.685327e-02 
 3.031713e+00 -2.725406e-02 
 3.032111e+00 -2.762942e-02 
 3.032509e+00 -2.796049e-02 
 3.032906e+00 -2.826755e-02 
 3.033304e+00 -2.854559e-02 
 3.033702e+00 -2.878852e-02 
 3.034099e+00 -2.901280e-02 
 3.034497e+00 -2.922322e-02 
 3.034895e+00 -2.940601e-02 
 3.035293e+00 -2.955587e-02 
 3.035690e+00 -2.967344e-02 
 3.036088e+00 -2.975129e-02 
 3.036486e+00 -2.979405e-02 
 3.036883e+00 -2.981038e-02 
 3.037281e+00 -2.979333e-02 
 3.037679e+00 -2.974154e-02 
 3.038076e+00 -2.965830e-02 
 3.038474e+00 -2.954148e-02 
 3.038872e+00 -2.939545e-02 
 3.039270e+00 -2.924238e-02 
 3.039667e+00 -2.906058e-02 
 3.040065e+00 -2.885016e-02 
 3.040463e+00 -2.859366e-02 
 3.040860e+00 -2.830425e-02 
 3.041258e+00 -2.797338e-02 
 3.041656e+00 -2.762796e-02 
 3.042053e+00 -2.725115e-02 
 3.042451e+00 -2.684951e-02 
 3.042849e+00 -2.641623e-02 
 3.043246e+00 -2.596421e-02 
 3.043644e+00 -2.549195e-02 
 3.044042e+00 -2.500405e-02 
 3.044440e+00 -2.449880e-02 
 3.044837e+00 -2.395373e-02 
 3.045235e+00 -2.337268e-02 
 3.045633e+00 -2.275726e-02 
 3.046030e+00 -2.210872e-02 
 3.046428e+00 -2.144733e-02 
 3.046826e+00 -2.076292e-02 
 3.047223e+00 -2.004385e-02 
 3.047621e+00 -1.930790e-02 
 3.048019e+00 -1.853065e-02 
 3.048417e+00 -1.776263e-02 
 3.048814e+00 -1.696406e-02 
 3.049212e+00 -1.615041e-02 
 3.049610e+00 -1.530622e-02 
 3.050007e+00 -1.444315e-02 
 3.050405e+00 -1.353832e-02 
 3.050803e+00 -1.261455e-02 
 3.051200e+00 -1.167081e-02 
 3.051598e+00 -1.071025e-02 
 3.051996e+00 -9.711419e-03 
 3.052393e+00 -8.697518e-03 
 3.052791e+00 -7.660293e-03 
 3.053189e+00 -6.611794e-03 
 3.053587e+00 -5.562155e-03 
 3.053984e+00 -4.495959e-03 
 3.054382e+00 -3.404660e-03 
 3.054780e+00 -2.294124e-03 
 3.055177e+00 -1.162774e-03 
 3.055575e+00 -1.624485e-05 
 3.055973e+00  1.149224e-03 
 3.056370e+00  2.330378e-03 
 3.056768e+00  3.517970e-03 
 3.057166e+00  4.732379e-03 
 3.057564e+00  5.963136e-03 
 3.057961e+00  7.183209e-03 
 3.058359e+00  8.411387e-03 
 3.058757e+00  9.647691e-03 
 3.059154e+00  1.088735e-02 
 3.059552e+00  1.214057e-02 
 3.059950e+00  1.340750e-02 
 3.060347e+00  1.469109e-02 
 3.060745e+00  1.596294e-02 
 3.061143e+00  1.724704e-02 
 3.061540e+00  1.853483e-02 
 3.061938e+00  1.980972e-02 
 3.062336e+00  2.108872e-02 
 3.062734e+00  2.236113e-02 
 3.063131e+00  2.360958e-02 
 3.063529e+00  2.484897e-02 
 3.063927e+00  2.608406e-02 
 3.064324e+00  2.732560e-02 
 3.064722e+00  2.856257e-02 
 3.065120e+00  2.979905e-02 
 3.065517e+00  3.102715e-02 
 3.065915e+00  3.221719e-02 
 3.066313e+00  3.342326e-02 
 3.066711e+00  3.460819e-02 
 3.067108e+00  3.578054e-02 
 3.067506e+00  3.692769e-02 
 3.067904e+00  3.807528e-02 
 3.068301e+00  3.918758e-02 
 3.068699e+00  4.028806e-02 
 3.069097e+00  4.138844e-02 
 3.069494e+00  4.247254e-02 
 3.069892e+00  4.353625e-02 
 3.070290e+00  4.459519e-02 
 3.070687e+00  4.562986e-02 
 3.071085e+00  4.663182e-02 
 3.071483e+00  4.763136e-02 
 3.071881e+00  4.860767e-02 
 3.072278e+00  4.954714e-02 
 3.072676e+00  5.046799e-02 
 3.073074e+00  5.137446e-02 
 3.073471e+00  5.224365e-02 
 3.073869e+00  5.309530e-02 
 3.074267e+00  5.394307e-02 
 3.074664e+00  5.475627e-02 
 3.075062e+00  5.555010e-02 
 3.075460e+00  5.631816e-02 
 3.075858e+00  5.706609e-02 
 3.076255e+00  5.778335e-02 
 3.076653e+00  5.849637e-02 
 3.077051e+00  5.918209e-02 
 3.077448e+00  5.983004e-02 
 3.077846e+00  6.045878e-02 
 3.078244e+00  6.106833e-02 
 3.078641e+00  6.164440e-02 
 3.079039e+00  6.219979e-02 
 3.079437e+00  6.274639e-02 
 3.079834e+00  6.326622e-02 
 3.080232e+00  6.375157e-02 
 3.080630e+00  6.422066e-02 
 3.081028e+00  6.466782e-02 
 3.081425e+00  6.508624e-02 
 3.081823e+00  6.547353e-02 
 3.082221e+00  6.583110e-02 
 3.082618e+00  6.615110e-02 
 3.083016e+00  6.642693e-02 
 3.083414e+00  6.669204e-02 
 3.083811e+00  6.692809e-02 
 3.084209e+00  6.713526e-02 
 3.084607e+00  6.729926e-02 
 3.085005e+00  6.745123e-02 
 3.085402e+00  6.756834e-02 
 3.085800e+00  6.765980e-02 
 3.086198e+00  6.773241e-02 
 3.086595e+00  6.778030e-02 
 3.086993e+00  6.777256e-02 
 3.087391e+00  6.773668e-02 
 3.087788e+00  6.765637e-02 
 3.088186e+00  6.755923e-02 
 3.088584e+00  6.741524e-02 
 3.088981e+00  6.725267e-02 
 3.089379e+00  6.704351e-02 
 3.089777e+00  6.679072e-02 
 3.090175e+00  6.651168e-02 
 3.090572e+00  6.620864e-02 
 3.090970e+00  6.586457e-02 
 3.091368e+00  6.549959e-02 
 3.091765e+00  6.509286e-02 
 3.092163e+00  6.463673e-02 
 3.092561e+00  6.414889e-02 
 3.092958e+00  6.363567e-02 
 3.093356e+00  6.309128e-02 
 3.093754e+00  6.250914e-02 
 3.094152e+00  6.189528e-02 
 3.094549e+00  6.125410e-02 
 3.094947e+00  6.058088e-02 
 3.095345e+00  5.989933e-02 
 3.095742e+00  5.919986e-02 
 3.096140e+00  5.847540e-02 
 3.096538e+00  5.772087e-02 
 3.096935e+00  5.693280e-02 
 3.097333e+00  5.613059e-02 
 3.097731e+00  5.528554e-02 
 3.098128e+00  5.443819e-02 
 3.098526e+00  5.355124e-02 
 3.098924e+00  5.264724e-02 
 3.099322e+00  5.172223e-02 
 3.099719e+00  5.077574e-02 
 3.100117e+00  4.981624e-02 
 3.100515e+00  4.885790e-02 
 3.100912e+00  4.788202e-02 
 3.101310e+00  4.687069e-02 
 3.101708e+00  4.584147e-02 
 3.102105e+00  4.479409e-02 
 3.102503e+00  4.371290e-02 
 3.102901e+00  4.261789e-02 
 3.103299e+00  4.150997e-02 
 3.103696e+00  4.038079e-02 
 3.104094e+00  3.924015e-02 
 3.104492e+00  3.810019e-02 
 3.104889e+00  3.695500e-02 
 3.105287e+00  3.580023e-02 
 3.105685e+00  3.464357e-02 
 3.106082e+00  3.348163e-02 
 3.106480e+00  3.229803e-02 
 3.106878e+00  3.110251e-02 
 3.107275e+00  2.991033e-02 
 3.107673e+00  2.869163e-02 
 3.108071e+00  2.747382e-02 
 3.108469e+00  2.625549e-02 
 3.108866e+00  2.502814e-02 
 3.109264e+00  2.379056e-02 
 3.109662e+00  2.256242e-02 
 3.110059e+00  2.134324e-02 
 3.110457e+00  2.011734e-02 
 3.110855e+00  1.888654e-02 
 3.111252e+00  1.765998e-02 
 3.111650e+00  1.642111e-02 
 3.112048e+00  1.517469e-02 
 3.112446e+00  1.394766e-02 
 3.112843e+00  1.271475e-02 
 3.113241e+00  1.150040e-02 
 3.113639e+00  1.027890e-02 
 3.114036e+00  9.090320e-03 
 3.114434e+00  7.912917e-03 
 3.114832e+00  6.754664e-03 
 3.115229e+00  5.600515e-03 
 3.115627e+00  4.459077e-03 
 3.116025e+00  3.322984e-03 
 3.116422e+00  2.184374e-03 
 3.116820e+00  1.056592e-03 
 3.117218e+00 -5.807028e-05 
 3.117616e+00 -1.175264e-03 
 3.118013e+00 -2.287080e-03 
 3.118411e+00 -3.375438e-03 
 3.118809e+00 -4.465526e-03 
 3.119206e+00 -5.522833e-03 
 3.119604e+00 -6.560853e-03 
 3.120002e+00 -7.587192e-03 
 3.120399e+00 -8.602312e-03 
 3.120797e+00 -9.609903e-03 
 3.121195e+00 -1.060478e-02 
 3.121593e+00 -1.159062e-02 
 3.121990e+00 -1.256517e-02 
 3.122388e+00 -1.353384e-02 
 3.122786e+00 -1.449067e-02 
 3.123183e+00 -1.542063e-02 
 3.123581e+00 -1.632346e-02 
 3.123979e+00 -1.720859e-02 
 3.124376e+00 -1.804823e-02 
 3.124774e+00 -1.886687e-02 
 3.125172e+00 -1.967437e-02 
 3.125569e+00 -2.043695e-02 
 3.125967e+00 -2.119577e-02 
 3.126365e+00 -2.191981e-02 
 3.126763e+00 -2.262349e-02 
 3.127160e+00 -2.331205e-02 
 3.127558e+00 -2.397468e-02 
 3.127956e+00 -2.461440e-02 
 3.128353e+00 -2.520548e-02 
 3.128751e+00 -2.577510e-02 
 3.129149e+00 -2.628765e-02 
 3.129546e+00 -2.676145e-02 
 3.129944e+00 -2.720861e-02 
 3.130342e+00 -2.763331e-02 
 3.130740e+00 -2.801530e-02 
 3.131137e+00 -2.837872e-02 
 3.131535e+00 -2.871152e-02 
 3.131933e+00 -2.902145e-02 
 3.132330e+00 -2.928633e-02 
 3.132728e+00 -2.953221e-02 
 3.133126e+00 -2.972997e-02 
 3.133523e+00 -2.987222e-02 
 3.133921e+00 -2.997297e-02 
 3.134319e+00 -3.004618e-02 
 3.134716e+00 -3.007354e-02 
 3.135114e+00 -3.007410e-02 
 3.135512e+00 -3.005403e-02 
 3.135910e+00 -2.999948e-02 
 3.136307e+00 -2.991950e-02 
 3.136705e+00 -2.980574e-02 
 3.137103e+00 -2.968376e-02 
 3.137500e+00 -2.952446e-02 
 3.137898e+00 -2.933665e-02 
 3.138296e+00 -2.910547e-02 
 3.138693e+00 -2.882817e-02 
 3.139091e+00 -2.852448e-02 
 3.139489e+00 -2.819310e-02 
 3.139887e+00 -2.783458e-02 
 3.140284e+00 -2.745791e-02 
 3.140682e+00 -2.704943e-02 
 3.141080e+00 -2.661759e-02 
 3.141477e+00 -2.616545e-02 
 3.141875e+00 -2.569425e-02 
 3.142273e+00 -2.518923e-02 
 3.142670e+00 -2.465477e-02 
 3.143068e+00 -2.408871e-02 
 3.143466e+00 -2.348027e-02 
 3.143863e+00 -2.283925e-02 
 3.144261e+00 -2.218259e-02 
 3.144659e+00 -2.149945e-02 
 3.145057e+00 -2.078732e-02 
 3.145454e+00 -2.004694e-02 
 3.145852e+00 -1.928947e-02 
 3.146250e+00 -1.851061e-02 
 3.146647e+00 -1.772453e-02 
 3.147045e+00 -1.691883e-02 
 3.147443e+00 -1.608693e-02 
 3.147840e+00 -1.521445e-02 
 3.148238e+00 -1.432147e-02 
 3.148636e+00 -1.340118e-02 
 3.149034e+00 -1.245048e-02 
 3.149431e+00 -1.149750e-02 
 3.149829e+00 -1.053146e-02 
 3.150227e+00 -9.526228e-03 
 3.150624e+00 -8.529333e-03 
 3.151022e+00 -7.523879e-03 
 3.151420e+00 -6.514532e-03 
 3.151817e+00 -5.484461e-03 
 3.152215e+00 -4.443061e-03 
 3.152613e+00 -3.373695e-03 
 3.153010e+00 -2.275063e-03 
 3.153408e+00 -1.165650e-03 
 3.153806e+00 -4.147868e-05 
 3.154204e+00  1.105213e-03 
 3.154601e+00  2.247380e-03 
 3.154999e+00  3.408127e-03 
 3.155397e+00  4.578716e-03 
 3.155794e+00  5.749478e-03 
 3.156192e+00  6.906974e-03 
 3.156590e+00  8.073363e-03 
 3.156987e+00  9.247864e-03 
 3.157385e+00  1.043724e-02 
 3.157783e+00  1.165318e-02 
 3.158181e+00  1.287952e-02 
 3.158578e+00  1.411367e-02 
 3.158976e+00  1.534255e-02 
 3.159374e+00  1.658003e-02 
 3.159771e+00  1.782014e-02 
 3.160169e+00  1.906100e-02 
 3.160567e+00  2.030130e-02 
 3.160964e+00  2.153372e-02 
 3.161362e+00  2.276329e-02 
 3.161760e+00  2.398771e-02 
 3.162157e+00  2.522575e-02 
 3.162555e+00  2.648871e-02 
 3.162953e+00  2.773104e-02 
 3.163351e+00  2.898006e-02 
 3.163748e+00  3.022218e-02 
 3.164146e+00  3.145324e-02 
 3.164544e+00  3.269181e-02 
 3.164941e+00  3.392652e-02 
 3.165339e+00  3.514156e-02 
 3.165737e+00  3.633347e-02 
 3.166134e+00  3.750661e-02 
 3.166532e+00  3.867169e-02 
 3.166930e+00  3.980897e-02 
 3.167328e+00  4.096549e-02 
 3.167725e+00  4.210384e-02 
 3.168123e+00  4.321671e-02 
 3.168521e+00  4.431731e-02 
 3.168918e+00  4.541086e-02 
 3.169316e+00  4.647941e-02 
 3.169714e+00  4.752460e-02 
 3.170111e+00  4.854249e-02 
 3.170509e+00  4.952876e-02 
 3.170907e+00  5.047494e-02 
 3.171304e+00  5.140602e-02 
 3.171702e+00  5.231547e-02 
 3.172100e+00  5.319411e-02 
 3.172498e+00  5.406702e-02 
 3.172895e+00  5.491621e-02 
 3.173293e+00  5.573336e-02 
 3.173691e+00  5.652550e-02 
 3.174088e+00  5.731101e-02 
 3.174486e+00  5.806581e-02 
 3.174884e+00  5.878598e-02 
 3.175281e+00  5.946116e-02 
 3.175679e+00  6.010996e-02 
 3.176077e+00  6.072002e-02 
 3.176475e+00  6.130344e-02 
 3.176872e+00  6.187868e-02 
 3.177270e+00  6.241224e-02 
 3.177668e+00  6.293498e-02 
 3.178065e+00  6.342467e-02 
 3.178463e+00  6.387142e-02 
 3.178861e+00  6.430132e-02 
 3.179258e+00  6.468953e-02 
 3.179656e+00  6.505534e-02 
 3.180054e+00  6.539090e-02 
 3.180451e+00  6.569022e-02 
 3.180849e+00  6.597423e-02 
 3.181247e+00  6.622975e-02 
 3.181645e+00  6.647607e-02 
 3.182042e+00  6.669171e-02 
 3.182440e+00  6.687932e-02 
 3.182838e+00  6.704042e-02 
 3.183235e+00  6.716814e-02 
 3.183633e+00  6.727686e-02 
 3.184031e+00  6.735821e-02 
 3.184428e+00  6.741794e-02 
 3.184826e+00  6.744555e-02 
 3.185224e+00  6.742312e-02 
 3.185622e+00  6.737107e-02 
 3.186019e+00  6.729380e-02 
 3.186417e+00  6.719033e-02 
 3.186815e+00  6.705482e-02 
 3.187212e+00  6.689599e-02 
 3.187610e+00  6.670002e-02 
 3.188008e+00  6.646964e-02 
 3.188405e+00  6.622620e-02 
 3.188803e+00  6.594686e-02 
 3.189201e+00  6.563919e-02 
 3.189598e+00  6.530858e-02 
 3.189996e+00  6.493867e-02 
 3.190394e+00  6.453527e-02 
 3.190792e+00  6.408945e-02 
 3.191189e+00  6.363269e-02 
 3.191587e+00  6.313608e-02 
 3.191985e+00  6.260042e-02 
 3.192382e+00  6.204549e-02 
 3.192780e+00  6.146394e-02 
 3.193178e+00  6.086313e-02 
 3.193575e+00  6.025541e-02 
 3.193973e+00  5.960331e-02 
 3.194371e+00  5.891641e-02 
 3.194769e+00  5.818317e-02 
 3.195166e+00  5.742979e-02 
 3.195564e+00  5.663247e-02 
 3.195962e+00  5.580927e-02 
 3.196359e+00  5.497024e-02 
 3.196757e+00  5.409799e-02 
 3.197155e+00  5.320264e-02 
 3.197552e+00  5.228613e-02 
 3.197950e+00  5.136515e-02 
 3.198348e+00  5.040396e-02 
 3.198745e+00  4.943374e-02 
 3.199143e+00  4.843190e-02 
 3.199541e+00  4.740845e-02 
 3.199939e+00  4.635142e-02 
 3.200336e+00  4.529195e-02 
 3.200734e+00  4.420580e-02 
 3.201132e+00  4.309933e-02 
 3.201529e+00  4.198002e-02 
 3.201927e+00  4.087019e-02 
 3.202325e+00  3.973056e-02 
 3.202722e+00  3.859314e-02 
 3.203120e+00  3.745240e-02 
 3.203518e+00  3.630239e-02 
 3.203916e+00  3.512352e-02 
 3.204313e+00  3.393287e-02 
 3.204711e+00  3.272581e-02 
 3.205109e+00  3.149642e-02 
 3.205506e+00  3.026719e-02 
 3.205904e+00  2.903513e-02 
 3.206302e+00  2.778617e-02 
 3.206699e+00  2.655395e-02 
 3.207097e+00  2.530885e-02 
 3.207495e+00  2.406209e-02 
 3.207892e+00  2.282989e-02 
 3.208290e+00  2.160736e-02 
 3.208688e+00  2.038417e-02 
 3.209086e+00  1.914926e-02 
 3.209483e+00  1.791506e-02 
 3.209881e+00  1.668872e-02 
 3.210279e+00  1.544979e-02 
 3.210676e+00  1.423287e-02 
 3.211074e+00  1.300125e-02 
 3.211472e+00  1.178534e-02 
 3.211869e+00  1.057333e-02 
 3.212267e+00  9.389704e-03 
 3.212665e+00  8.223359e-03 
 3.213063e+00  7.055737e-03 
 3.213460e+00  5.891481e-03 
 3.213858e+00  4.727733e-03 
 3.214256e+00  3.562852e-03 
 3.214653e+00  2.404568e-03 
 3.215051e+00  1.247024e-03 
 3.215449e+00  1.008810e-04 
 3.215846e+00 -1.030926e-03 
 3.216244e+00 -2.156626e-03 
 3.216642e+00 -3.260023e-03 
 3.217039e+00 -4.332333e-03 
 3.217437e+00 -5.388156e-03 
 3.217835e+00 -6.435231e-03 
 3.218233e+00 -7.466679e-03 
 3.218630e+00 -8.493457e-03 
 3.219028e+00 -9.502999e-03 
 3.219426e+00 -1.049987e-02 
 3.219823e+00 -1.147586e-02 
 3.220221e+00 -1.243357e-02 
 3.220619e+00 -1.338302e-02 
 3.221016e+00 -1.429193e-02 
 3.221414e+00 -1.518269e-02 
 3.221812e+00 -1.603396e-02 
 3.222210e+00 -1.685708e-02 
 3.222607e+00 -1.766251e-02 
 3.223005e+00 -1.844910e-02 
 3.223403e+00 -1.923752e-02 
 3.223800e+00 -1.999369e-02 
 3.224198e+00 -2.073542e-02 
 3.224596e+00 -2.145444e-02 
 3.224993e+00 -2.216427e-02 
 3.225391e+00 -2.282692e-02 
 3.225789e+00 -2.347331e-02 
 3.226186e+00 -2.409044e-02 
 3.226584e+00 -2.466930e-02 
 3.226982e+00 -2.521229e-02 
 3.227380e+00 -2.573380e-02 
 3.227777e+00 -2.622304e-02 
 3.228175e+00 -2.668883e-02 
 3.228573e+00 -2.713497e-02 
 3.228970e+00 -2.754852e-02 
 3.229368e+00 -2.793341e-02 
 3.229766e+00 -2.829638e-02 
 3.230163e+00 -2.863606e-02 
 3.230561e+00 -2.893383e-02 
 3.230959e+00 -2.920256e-02 
 3.231357e+00 -2.942769e-02 
 3.231754e+00 -2.961128e-02 
 3.232152e+00 -2.976044e-02 
 3.232550e+00 -2.988403e-02 
 3.232947e+00 -2.998114e-02 
 3.233345e+00 -3.004969e-02 
 3.233743e+00 -3.010618e-02 
 3.234140e+00 -3.012805e-02 
 3.234538e+00 -3.010837e-02 
 3.234936e+00 -3.007240e-02 
 3.235333e+00 -2.999337e-02 
 3.235731e+00 -2.986822e-02 
 3.236129e+00 -2.969579e-02 
 3.236527e+00 -2.948961e-02 
 3.236924e+00 -2.923201e-02 
 3.237322e+00 -2.895099e-02 
 3.237720e+00 -2.863830e-02 
 3.238117e+00 -2.829609e-02 
 3.238515e+00 -2.791896e-02 
 3.238913e+00 -2.752562e-02 
 3.239310e+00 -2.710147e-02 
 3.239708e+00 -2.664692e-02 
 3.240106e+00 -2.616955e-02 
 3.240504e+00 -2.564554e-02 
 3.240901e+00 -2.506153e-02 
 3.241299e+00 -2.445437e-02 
 3.241697e+00 -2.381299e-02 
 3.242094e+00 -2.314430e-02 
 3.242492e+00 -2.246061e-02 
 3.242890e+00 -2.175644e-02 
 3.243287e+00 -2.102989e-02 
 3.243685e+00 -2.028296e-02 
 3.244083e+00 -1.952676e-02 
 3.244480e+00 -1.874384e-02 
 3.244878e+00 -1.793476e-02 
 3.245276e+00 -1.710359e-02 
 3.245674e+00 -1.624630e-02 
 3.246071e+00 -1.535733e-02 
 3.246469e+00 -1.445644e-02 
 3.246867e+00 -1.353935e-02 
 3.247264e+00 -1.261839e-02 
 3.247662e+00 -1.166877e-02 
 3.248060e+00 -1.070970e-02 
 3.248457e+00 -9.739062e-03 
 3.248855e+00 -8.753766e-03 
 3.249253e+00 -7.753015e-03 
 3.249651e+00 -6.740335e-03 
 3.250048e+00 -5.692088e-03 
 3.250446e+00 -4.628746e-03 
 3.250844e+00 -3.542090e-03 
 3.251241e+00 -2.440701e-03 
 3.251639e+00 -1.328348e-03 
 3.252037e+00 -2.155687e-04 
 3.252434e+00  8.979795e-04 
 3.252832e+00  2.019247e-03 
 3.253230e+00  3.161886e-03 
 3.253627e+00  4.309278e-03 
 3.254025e+00  5.471712e-03 
 3.254423e+00  6.629489e-03 
 3.254821e+00  7.809266e-03 
 3.255218e+00  9.000761e-03 
 3.255616e+00  1.021198e-02 
 3.256014e+00  1.143054e-02 
 3.256411e+00  1.265791e-02 
 3.256809e+00  1.387685e-02 
 3.257207e+00  1.509892e-02 
 3.257604e+00  1.632868e-02 
 3.258002e+00  1.757028e-02 
 3.258400e+00  1.880942e-02 
 3.258798e+00  2.003223e-02 
 3.259195e+00  2.125268e-02 
 3.259593e+00  2.248056e-02 
 3.259991e+00  2.371836e-02 
 3.260388e+00  2.496122e-02 
 3.260786e+00  2.620944e-02 
 3.261184e+00  2.744414e-02 
 3.261581e+00  2.866144e-02 
 3.261979e+00  2.986937e-02 
 3.262377e+00  3.107258e-02 
 3.262774e+00  3.227185e-02 
 3.263172e+00  3.345811e-02 
 3.263570e+00  3.462674e-02 
 3.263968e+00  3.577565e-02 
 3.264365e+00  3.692035e-02 
 3.264763e+00  3.807076e-02 
 3.265161e+00  3.920764e-02 
 3.265558e+00  4.034446e-02 
 3.265956e+00  4.146445e-02 
 3.266354e+00  4.256299e-02 
 3.266751e+00  4.363743e-02 
 3.267149e+00  4.471306e-02 
 3.267547e+00  4.577284e-02 
 3.267945e+00  4.680375e-02 
 3.268342e+00  4.781182e-02 
 3.268740e+00  4.881493e-02 
 3.269138e+00  4.978977e-02 
 3.269535e+00  5.075865e-02 
 3.269933e+00  5.173452e-02 
 3.270331e+00  5.269400e-02 
 3.270728e+00  5.361689e-02 
 3.271126e+00  5.452226e-02 
 3.271524e+00  5.539884e-02 
 3.271921e+00  5.622895e-02 
 3.272319e+00  5.705813e-02 
 3.272717e+00  5.784704e-02 
 3.273115e+00  5.859658e-02 
 3.273512e+00  5.930693e-02 
 3.273910e+00  6.001416e-02 
 3.274308e+00  6.067762e-02 
 3.274705e+00  6.132283e-02 
 3.275103e+00  6.195463e-02 
 3.275501e+00  6.254658e-02 
 3.275898e+00  6.310049e-02 
 3.276296e+00  6.363319e-02 
 3.276694e+00  6.413022e-02 
 3.277092e+00  6.458981e-02 
 3.277489e+00  6.500861e-02 
 3.277887e+00  6.540214e-02 
 3.278285e+00  6.574688e-02 
 3.278682e+00  6.606101e-02 
 3.279080e+00  6.636038e-02 
 3.279478e+00  6.661780e-02 
 3.279875e+00  6.685900e-02 
 3.280273e+00  6.706606e-02 
 3.280671e+00  6.723630e-02 
 3.281068e+00  6.736598e-02 
 3.281466e+00  6.746721e-02 
 3.281864e+00  6.754461e-02 
 3.282262e+00  6.757280e-02 
 3.282659e+00  6.756990e-02 
 3.283057e+00  6.754179e-02 
 3.283455e+00  6.746663e-02 
 3.283852e+00  6.737607e-02 
 3.284250e+00  6.726425e-02 
 3.284648e+00  6.713424e-02 
 3.285045e+00  6.697510e-02 
 3.285443e+00  6.679142e-02 
 3.285841e+00  6.658048e-02 
 3.286239e+00  6.634345e-02 
 3.286636e+00  6.608077e-02 
 3.287034e+00  6.577919e-02 
 3.287432e+00  6.545872e-02 
 3.287829e+00  6.510216e-02 
 3.288227e+00  6.471598e-02 
 3.288625e+00  6.430863e-02 
 3.289022e+00  6.388516e-02 
 3.289420e+00  6.343995e-02 
 3.289818e+00  6.297635e-02 
 3.290215e+00  6.247074e-02 
 3.290613e+00  6.193352e-02 
 3.291011e+00  6.137884e-02 
 3.291409e+00  6.078505e-02 
 3.291806e+00  6.015566e-02 
 3.292204e+00  5.950184e-02 
 3.292602e+00  5.880972e-02 
 3.292999e+00  5.808284e-02 
 3.293397e+00  5.733575e-02 
 3.293795e+00  5.657769e-02 
 3.294192e+00  5.579061e-02 
 3.294590e+00  5.498238e-02 
 3.294988e+00  5.416506e-02 
 3.295386e+00  5.331490e-02 
 3.295783e+00  5.243488e-02 
 3.296181e+00  5.154233e-02 
 3.296579e+00  5.062909e-02 
 3.296976e+00  4.968283e-02 
 3.297374e+00  4.872201e-02 
 3.297772e+00  4.773309e-02 
 3.298169e+00  4.672254e-02 
 3.298567e+00  4.569277e-02 
 3.298965e+00  4.465736e-02 
 3.299362e+00  4.359651e-02 
 3.299760e+00  4.252115e-02 
 3.300158e+00  4.142847e-02 
 3.300556e+00  4.032485e-02 
 3.300953e+00  3.919457e-02 
 3.301351e+00  3.806367e-02 
 3.301749e+00  3.690009e-02 
 3.302146e+00  3.571680e-02 
 3.302544e+00  3.450649e-02 
 3.302942e+00  3.329851e-02 
 3.303339e+00  3.207971e-02 
 3.303737e+00  3.085282e-02 
 3.304135e+00  2.963448e-02 
 3.304533e+00  2.840165e-02 
 3.304930e+00  2.717784e-02 
 3.305328e+00  2.595004e-02 
 3.305726e+00  2.472940e-02 
 3.306123e+00  2.348876e-02 
 3.306521e+00  2.225162e-02 
 3.306919e+00  2.098406e-02 
 3.307316e+00  1.969935e-02 
 3.307714e+00  1.842326e-02 
 3.308112e+00  1.715119e-02 
 3.308509e+00  1.588053e-02 
 3.308907e+00  1.461898e-02 
 3.309305e+00  1.335620e-02 
 3.309703e+00  1.212302e-02 
 3.310100e+00  1.089113e-02 
 3.310498e+00  9.678721e-03 
 3.310896e+00  8.463865e-03 
 3.311293e+00  7.233709e-03 
 3.311691e+00  6.007764e-03 
 3.312089e+00  4.787052e-03 
 3.312486e+00  3.564803e-03 
 3.312884e+00  2.381599e-03 
 3.313282e+00  1.205352e-03 
 3.313680e+00  4.738980e-05 
 3.314077e+00 -1.095773e-03 
 3.314475e+00 -2.193454e-03 
 3.314873e+00 -3.287578e-03 
 3.315270e+00 -4.357686e-03 
 3.315668e+00 -5.401920e-03 
 3.316066e+00 -6.440162e-03 
 3.316463e+00 -7.489143e-03 
 3.316861e+00 -8.509915e-03 
 3.317259e+00 -9.505407e-03 
 3.317656e+00 -1.049617e-02 
 3.318054e+00 -1.145634e-02 
 3.318452e+00 -1.238519e-02 
 3.318850e+00 -1.329529e-02 
 3.319247e+00 -1.419069e-02 
 3.319645e+00 -1.504718e-02 
 3.320043e+00 -1.588586e-02 
 3.320440e+00 -1.671374e-02 
 3.320838e+00 -1.753000e-02 
 3.321236e+00 -1.832989e-02 
 3.321633e+00 -1.912359e-02 
 3.322031e+00 -1.987040e-02 
 3.322429e+00 -2.061726e-02 
 3.322827e+00 -2.133179e-02 
 3.323224e+00 -2.201249e-02 
 3.323622e+00 -2.265975e-02 
 3.324020e+00 -2.326990e-02 
 3.324417e+00 -2.385292e-02 
 3.324815e+00 -2.440843e-02 
 3.325213e+00 -2.492898e-02 
 3.325610e+00 -2.543859e-02 
 3.326008e+00 -2.592343e-02 
 3.326406e+00 -2.639359e-02 
 3.326803e+00 -2.684136e-02 
 3.327201e+00 -2.726636e-02 
 3.327599e+00 -2.766125e-02 
 3.327997e+00 -2.801871e-02 
 3.328394e+00 -2.835273e-02 
 3.328792e+00 -2.864652e-02 
 3.329190e+00 -2.890311e-02 
 3.329587e+00 -2.912839e-02 
 3.329985e+00 -2.932434e-02 
 3.330383e+00 -2.949399e-02 
 3.330780e+00 -2.964301e-02 
 3.331178e+00 -2.977108e-02 
 3.331576e+00 -2.987370e-02 
 3.331974e+00 -2.993866e-02 
 3.332371e+00 -2.996882e-02 
 3.332769e+00 -2.997003e-02 
 3.333167e+00 -2.992062e-02 
 3.333564e+00 -2.984560e-02 
 3.333962e+00 -2.971793e-02 
 3.334360e+00 -2.955769e-02 
 3.334757e+00 -2.936363e-02 
 3.335155e+00 -2.915603e-02 
 3.335553e+00 -2.891878e-02 
 3.335950e+00 -2.865896e-02 
 3.336348e+00 -2.837188e-02 
 3.336746e+00 -2.804501e-02 
 3.337144e+00 -2.768556e-02 
 3.337541e+00 -2.729550e-02 
 3.337939e+00 -2.687509e-02 
 3.338337e+00 -2.640043e-02 
 3.338734e+00 -2.589563e-02 
 3.339132e+00 -2.534566e-02 
 3.339530e+00 -2.477087e-02 
 3.339927e+00 -2.418897e-02 
 3.340325e+00 -2.358636e-02 
 3.340723e+00 -2.295187e-02 
 3.341121e+00 -2.229776e-02 
 3.341518e+00 -2.162024e-02 
 3.341916e+00 -2.090474e-02 
 3.342314e+00 -2.016691e-02 
 3.342711e+00 -1.939537e-02 
 3.343109e+00 -1.858409e-02 
 3.343507e+00 -1.773320e-02 
 3.343904e+00 -1.685771e-02 
 3.344302e+00 -1.595602e-02 
 3.344700e+00 -1.503370e-02 
 3.345097e+00 -1.409904e-02 
 3.345495e+00 -1.315653e-02 
 3.345893e+00 -1.218265e-02 
 3.346291e+00 -1.119935e-02 
 3.346688e+00 -1.021055e-02 
 3.347086e+00 -9.190986e-03 
 3.347484e+00 -8.154659e-03 
 3.347881e+00 -7.099964e-03 
 3.348279e+00 -6.009033e-03 
 3.348677e+00 -4.893022e-03 
 3.349074e+00 -3.768031e-03 
 3.349472e+00 -2.646042e-03 
 3.349870e+00 -1.507026e-03 
 3.350268e+00 -3.827292e-04 
 3.350665e+00  7.520170e-04 
 3.351063e+00  1.898989e-03 
 3.351461e+00  3.062262e-03 
 3.351858e+00  4.220763e-03 
 3.352256e+00  5.395284e-03 
 3.352654e+00  6.587850e-03 
 3.353051e+00  7.784839e-03 
 3.353449e+00  9.002604e-03 
 3.353847e+00  1.023505e-02 
 3.354244e+00  1.145679e-02 
 3.354642e+00  1.267688e-02 
 3.355040e+00  1.388401e-02 
 3.355438e+00  1.509361e-02 
 3.355835e+00  1.629717e-02 
 3.356233e+00  1.751221e-02 
 3.356631e+00  1.871872e-02 
 3.357028e+00  1.992495e-02 
 3.357426e+00  2.113138e-02 
 3.357824e+00  2.236339e-02 
 3.358221e+00  2.359650e-02 
 3.358619e+00  2.481948e-02 
 3.359017e+00  2.603286e-02 
 3.359415e+00  2.722878e-02 
 3.359812e+00  2.840678e-02 
 3.360210e+00  2.958363e-02 
 3.360608e+00  3.075960e-02 
 3.361005e+00  3.192403e-02 
 3.361403e+00  3.308759e-02 
 3.361801e+00  3.423857e-02 
 3.362198e+00  3.538866e-02 
 3.362596e+00  3.653326e-02 
 3.362994e+00  3.768506e-02 
 3.363391e+00  3.882622e-02 
 3.363789e+00  3.995372e-02 
 3.364187e+00  4.106936e-02 
 3.364585e+00  4.216397e-02 
 3.364982e+00  4.324314e-02 
 3.365380e+00  4.430893e-02 
 3.365778e+00  4.536263e-02 
 3.366175e+00  4.639062e-02 
 3.366573e+00  4.740317e-02 
 3.366971e+00  4.840365e-02 
 3.367368e+00  4.939928e-02 
 3.367766e+00  5.037055e-02 
 3.368164e+00  5.133106e-02 
 3.368562e+00  5.225830e-02 
 3.368959e+00  5.315815e-02 
 3.369357e+00  5.403037e-02 
 3.369755e+00  5.489017e-02 
 3.370152e+00  5.572774e-02 
 3.370550e+00  5.653428e-02 
 3.370948e+00  5.732584e-02 
 3.371345e+00  5.807844e-02 
 3.371743e+00  5.882171e-02 
 3.372141e+00  5.953885e-02 
 3.372538e+00  6.024438e-02 
 3.372936e+00  6.092056e-02 
 3.373334e+00  6.158977e-02 
 3.373732e+00  6.222225e-02 
 3.374129e+00  6.281307e-02 
 3.374527e+00  6.337386e-02 
 3.374925e+00  6.391107e-02 
 3.375322e+00  6.440145e-02 
 3.375720e+00  6.486103e-02 
 3.376118e+00  6.528347e-02 
 3.376515e+00  6.567787e-02 
 3.376913e+00  6.603460e-02 
 3.377311e+00  6.639360e-02 
 3.377709e+00  6.670798e-02 
 3.378106e+00  6.699173e-02 
 3.378504e+00  6.724006e-02 
 3.378902e+00  6.744977e-02 
 3.379299e+00  6.760600e-02 
 3.379697e+00  6.774785e-02 
 3.380095e+00  6.785361e-02 
 3.380492e+00  6.790997e-02 
 3.380890e+00  6.792477e-02 
 3.381288e+00  6.791186e-02 
 3.381685e+00  6.786981e-02 
 3.382083e+00  6.779419e-02 
 3.382481e+00  6.771842e-02 
 3.382879e+00  6.759982e-02 
 3.383276e+00  6.743781e-02 
 3.383674e+00  6.723349e-02 
 3.384072e+00  6.701762e-02 
 3.384469e+00  6.674699e-02 
 3.384867e+00  6.644391e-02 
 3.385265e+00  6.612016e-02 
 3.385662e+00  6.574691e-02 
 3.386060e+00  6.533970e-02 
 3.386458e+00  6.492156e-02 
 3.386856e+00  6.448681e-02 
 3.387253e+00  6.401649e-02 
 3.387651e+00  6.351417e-02 
 3.388049e+00  6.298961e-02 
 3.388446e+00  6.242928e-02 
 3.388844e+00  6.184020e-02 
 3.389242e+00  6.124908e-02 
 3.389639e+00  6.061671e-02 
 3.390037e+00  5.996152e-02 
 3.390435e+00  5.928361e-02 
 3.390832e+00  5.859248e-02 
 3.391230e+00  5.787253e-02 
 3.391628e+00  5.713608e-02 
 3.392026e+00  5.639967e-02 
 3.392423e+00  5.563735e-02 
 3.392821e+00  5.485944e-02 
 3.393219e+00  5.406330e-02 
 3.393616e+00  5.324911e-02 
 3.394014e+00  5.240015e-02 
 3.394412e+00  5.153927e-02 
 3.394809e+00  5.064126e-02 
 3.395207e+00  4.972144e-02 
 3.395605e+00  4.877254e-02 
 3.396003e+00  4.781113e-02 
 3.396400e+00  4.682362e-02 
 3.396798e+00  4.581734e-02 
 3.397196e+00  4.480069e-02 
 3.397593e+00  4.376459e-02 
 3.397991e+00  4.271474e-02 
 3.398389e+00  4.164211e-02 
 3.398786e+00  4.056167e-02 
 3.399184e+00  3.945769e-02 
 3.399582e+00  3.834349e-02 
 3.399979e+00  3.721124e-02 
 3.400377e+00  3.605343e-02 
 3.400775e+00  3.487989e-02 
 3.401173e+00  3.370301e-02 
 3.401570e+00  3.252041e-02 
 3.401968e+00  3.132933e-02 
 3.402366e+00  3.013066e-02 
 3.402763e+00  2.892594e-02 
 3.403161e+00  2.770035e-02 
 3.403559e+00  2.646965e-02 
 3.403956e+00  2.522825e-02 
 3.404354e+00  2.397843e-02 
 3.404752e+00  2.271612e-02 
 3.405150e+00  2.144921e-02 
 3.405547e+00  2.018032e-02 
 3.405945e+00  1.891180e-02 
 3.406343e+00  1.766878e-02 
 3.406740e+00  1.640837e-02 
 3.407138e+00  1.514878e-02 
 3.407536e+00  1.390306e-02 
 3.407933e+00  1.266387e-02 
 3.408331e+00  1.141999e-02 
 3.408729e+00  1.018269e-02 
 3.409126e+00  8.966734e-03 
 3.409524e+00  7.739157e-03 
 3.409922e+00  6.506605e-03 
 3.410320e+00  5.304395e-03 
 3.410717e+00  4.112412e-03 
 3.411115e+00  2.923073e-03 
 3.411513e+00  1.765038e-03 
 3.411910e+00  6.237137e-04 
 3.412308e+00 -5.196039e-04 
 3.412706e+00 -1.640464e-03 
 3.413103e+00 -2.746174e-03 
 3.413501e+00 -3.840408e-03 
 3.413899e+00 -4.946587e-03 
 3.414297e+00 -6.032941e-03 
 3.414694e+00 -7.116937e-03 
 3.415092e+00 -8.185242e-03 
 3.415490e+00 -9.227604e-03 
 3.415887e+00 -1.024817e-02 
 3.416285e+00 -1.125723e-02 
 3.416683e+00 -1.223843e-02 
 3.417080e+00 -1.318917e-02 
 3.417478e+00 -1.411915e-02 
 3.417876e+00 -1.502341e-02 
 3.418273e+00 -1.589580e-02 
 3.418671e+00 -1.676299e-02 
 3.419069e+00 -1.761715e-02 
 3.419467e+00 -1.844837e-02 
 3.419864e+00 -1.924814e-02 
 3.420262e+00 -2.001906e-02 
 3.420660e+00 -2.076694e-02 
 3.421057e+00 -2.145949e-02 
 3.421455e+00 -2.212270e-02 
 3.421853e+00 -2.275127e-02 
 3.422250e+00 -2.335041e-02 
 3.422648e+00 -2.392391e-02 
 3.423046e+00 -2.447620e-02 
 3.423444e+00 -2.501070e-02 
 3.423841e+00 -2.552924e-02 
 3.424239e+00 -2.602745e-02 
 3.424637e+00 -2.648385e-02 
 3.425034e+00 -2.689735e-02 
 3.425432e+00 -2.728192e-02 
 3.425830e+00 -2.762678e-02 
 3.426227e+00 -2.794263e-02 
 3.426625e+00 -2.822826e-02 
 3.427023e+00 -2.847661e-02 
 3.427420e+00 -2.870403e-02 
 3.427818e+00 -2.890039e-02 
 3.428216e+00 -2.908005e-02 
 3.428614e+00 -2.924097e-02 
 3.429011e+00 -2.938602e-02 
 3.429409e+00 -2.949228e-02 
 3.429807e+00 -2.956072e-02 
 3.430204e+00 -2.959778e-02 
 3.430602e+00 -2.960408e-02 
 3.431000e+00 -2.957677e-02 
 3.431397e+00 -2.952056e-02 
 3.431795e+00 -2.943539e-02 
 3.432193e+00 -2.932178e-02 
 3.432591e+00 -2.918490e-02 
 3.432988e+00 -2.903407e-02 
 3.433386e+00 -2.887124e-02 
 3.433784e+00 -2.866841e-02 
 3.434181e+00 -2.843121e-02 
 3.434579e+00 -2.816557e-02 
 3.434977e+00 -2.786455e-02 
 3.435374e+00 -2.753379e-02 
 3.435772e+00 -2.717876e-02 
 3.436170e+00 -2.679239e-02 
 3.436567e+00 -2.636492e-02 
 3.436965e+00 -2.589702e-02 
 3.437363e+00 -2.540612e-02 
 3.437761e+00 -2.489000e-02 
 3.438158e+00 -2.435063e-02 
 3.438556e+00 -2.378034e-02 
 3.438954e+00 -2.318659e-02 
 3.439351e+00 -2.254213e-02 
 3.439749e+00 -2.188336e-02 
 3.440147e+00 -2.117626e-02 
 3.440544e+00 -2.042616e-02 
 3.440942e+00 -1.965288e-02 
 3.441340e+00 -1.885197e-02 
 3.441738e+00 -1.801349e-02 
 3.442135e+00 -1.716233e-02 
 3.442533e+00 -1.629638e-02 
 3.442931e+00 -1.542444e-02 
 3.443328e+00 -1.452327e-02 
 3.443726e+00 -1.360117e-02 
 3.444124e+00 -1.265804e-02 
 3.444521e+00 -1.167701e-02 
 3.444919e+00 -1.068341e-02 
 3.445317e+00 -9.663155e-03 
 3.445714e+00 -8.620827e-03 
 3.446112e+00 -7.552342e-03 
 3.446510e+00 -6.479072e-03 
 3.446908e+00 -5.372714e-03 
 3.447305e+00 -4.268060e-03 
 3.447703e+00 -3.163295e-03 
 3.448101e+00 -2.058001e-03 
 3.448498e+00 -9.307230e-04 
 3.448896e+00  1.985272e-04 
 3.449294e+00  1.364664e-03 
 3.449691e+00  2.547248e-03 
 3.450089e+00  3.735195e-03 
 3.450487e+00  4.933820e-03 
 3.450885e+00  6.153165e-03 
 3.451282e+00  7.374710e-03 
 3.451680e+00  8.588129e-03 
 3.452078e+00  9.818010e-03 
 3.452475e+00  1.103088e-02 
 3.452873e+00  1.224430e-02 
 3.453271e+00  1.346963e-02 
 3.453668e+00  1.470675e-02 
 3.454066e+00  1.594916e-02 
 3.454464e+00  1.719019e-02 
 3.454861e+00  1.843434e-02 
 3.455259e+00  1.967007e-02 
 3.455657e+00  2.091976e-02 
 3.456055e+00  2.217628e-02 
 3.456452e+00  2.341551e-02 
 3.456850e+00  2.464672e-02 
 3.457248e+00  2.586700e-02 
 3.457645e+00  2.707795e-02 
 3.458043e+00  2.827634e-02 
 3.458441e+00  2.947443e-02 
 3.458838e+00  3.067309e-02 
 3.459236e+00  3.187118e-02 
 3.459634e+00  3.305778e-02 
 3.460032e+00  3.423578e-02 
 3.460429e+00  3.541204e-02 
 3.460827e+00  3.658221e-02 
 3.461225e+00  3.773297e-02 
 3.461622e+00  3.887233e-02 
 3.462020e+00  3.997644e-02 
 3.462418e+00  4.106036e-02 
 3.462815e+00  4.213117e-02 
 3.463213e+00  4.318988e-02 
 3.463611e+00  4.422666e-02 
 3.464008e+00  4.524340e-02 
 3.464406e+00  4.624720e-02 
 3.464804e+00  4.723261e-02 
 3.465202e+00  4.820845e-02 
 3.465599e+00  4.917599e-02 
 3.465997e+00  5.012693e-02 
 3.466395e+00  5.104887e-02 
 3.466792e+00  5.194643e-02 
 3.467190e+00  5.281457e-02 
 3.467588e+00  5.366647e-02 
 3.467985e+00  5.450031e-02 
 3.468383e+00  5.532636e-02 
 3.468781e+00  5.612050e-02 
 3.469179e+00  5.689926e-02 
 3.469576e+00  5.766238e-02 
 3.469974e+00  5.839436e-02 
 3.470372e+00  5.911611e-02 
 3.470769e+00  5.981080e-02 
 3.471167e+00  6.047769e-02 
 3.471565e+00  6.109613e-02 
 3.471962e+00  6.169772e-02 
 3.472360e+00  6.226612e-02 
 3.472758e+00  6.281655e-02 
 3.473155e+00  6.335224e-02 
 3.473553e+00  6.386462e-02 
 3.473951e+00  6.432829e-02 
 3.474349e+00  6.477441e-02 
 3.474746e+00  6.520772e-02 
 3.475144e+00  6.560206e-02 
 3.475542e+00  6.597700e-02 
 3.475939e+00  6.632280e-02 
 3.476337e+00  6.662916e-02 
 3.476735e+00  6.689162e-02 
 3.477132e+00  6.713137e-02 
 3.477530e+00  6.734489e-02 
 3.477928e+00  6.753212e-02 
 3.478326e+00  6.768664e-02 
 3.478723e+00  6.781039e-02 
 3.479121e+00  6.788853e-02 
 3.479519e+00  6.794800e-02 
 3.479916e+00  6.798431e-02 
 3.480314e+00  6.798941e-02 
 3.480712e+00  6.794630e-02 
 3.481109e+00  6.786296e-02 
 3.481507e+00  6.774335e-02 
 3.481905e+00  6.757364e-02 
 3.482302e+00  6.738224e-02 
 3.482700e+00  6.715719e-02 
 3.483098e+00  6.688544e-02 
 3.483496e+00  6.658073e-02 
 3.483893e+00  6.624151e-02 
 3.484291e+00  6.587509e-02 
 3.484689e+00  6.548380e-02 
 3.485086e+00  6.506917e-02 
 3.485484e+00  6.462578e-02 
 3.485882e+00  6.413090e-02 
 3.486279e+00  6.361464e-02 
 3.486677e+00  6.305981e-02 
 3.487075e+00  6.246639e-02 
 3.487472e+00  6.185297e-02 
 3.487870e+00  6.121173e-02 
 3.488268e+00  6.053613e-02 
 3.488666e+00  5.984141e-02 
 3.489063e+00  5.912172e-02 
 3.489461e+00  5.838470e-02 
 3.489859e+00  5.762449e-02 
 3.490256e+00  5.683917e-02 
 3.490654e+00  5.602244e-02 
 3.491052e+00  5.516900e-02 
 3.491449e+00  5.430046e-02 
 3.491847e+00  5.340101e-02 
 3.492245e+00  5.248135e-02 
 3.492643e+00  5.154719e-02 
 3.493040e+00  5.059047e-02 
 3.493438e+00  4.961863e-02 
 3.493836e+00  4.864795e-02 
 3.494233e+00  4.766075e-02 
 3.494631e+00  4.666545e-02 
 3.495029e+00  4.566801e-02 
 3.495426e+00  4.465504e-02 
 3.495824e+00  4.361841e-02 
 3.496222e+00  4.255413e-02 
 3.496619e+00  4.148584e-02 
 3.497017e+00  4.040893e-02 
 3.497415e+00  3.931318e-02 
 3.497813e+00  3.820802e-02 
 3.498210e+00  3.709458e-02 
 3.498608e+00  3.598036e-02 
 3.499006e+00  3.485668e-02 
 3.499403e+00  3.372276e-02 
 3.499801e+00  3.259579e-02 
 3.500199e+00  3.143791e-02 
 3.500596e+00  3.027461e-02 
 3.500994e+00  2.910079e-02 
 3.501392e+00  2.792016e-02 
 3.501790e+00  2.671983e-02 
 3.502187e+00  2.552261e-02 
 3.502585e+00  2.430941e-02 
 3.502983e+00  2.308308e-02 
 3.503380e+00  2.186787e-02 
 3.503778e+00  2.066223e-02 
 3.504176e+00  1.944339e-02 
 3.504573e+00  1.823086e-02 
 3.504971e+00  1.703110e-02 
 3.505369e+00  1.580778e-02 
 3.505766e+00  1.458920e-02 
 3.506164e+00  1.337222e-02 
 3.506562e+00  1.215307e-02 
 3.506960e+00  1.092774e-02 
 3.507357e+00  9.706264e-03 
 3.507755e+00  8.487064e-03 
 3.508153e+00  7.260628e-03 
 3.508550e+00  6.055421e-03 
 3.508948e+00  4.861992e-03 
 3.509346e+00  3.667247e-03 
 3.509743e+00  2.477276e-03 
 3.510141e+00  1.303188e-03 
 3.510539e+00  1.345599e-04 
 3.510937e+00 -1.032357e-03 
 3.511334e+00 -2.187994e-03 
 3.511732e+00 -3.338413e-03 
 3.512130e+00 -4.491886e-03 
 3.512527e+00 -5.614295e-03 
 3.512925e+00 -6.718254e-03 
 3.513323e+00 -7.804521e-03 
 3.513720e+00 -8.850922e-03 
 3.514118e+00 -9.883585e-03 
 3.514516e+00 -1.088572e-02 
 3.514913e+00 -1.187621e-02 
 3.515311e+00 -1.283237e-02 
 3.515709e+00 -1.378649e-02 
 3.516107e+00 -1.472148e-02 
 3.516504e+00 -1.563126e-02 
 3.516902e+00 -1.653750e-02 
 3.517300e+00 -1.741057e-02 
 3.517697e+00 -1.825872e-02 
 3.518095e+00 -1.907320e-02 
 3.518493e+00 -1.986563e-02 
 3.518890e+00 -2.061635e-02 
 3.519288e+00 -2.134053e-02 
 3.519686e+00 -2.203719e-02 
 3.520084e+00 -2.271367e-02 
 3.520481e+00 -2.335496e-02 
 3.520879e+00 -2.398286e-02 
 3.521277e+00 -2.458440e-02 
 3.521674e+00 -2.515448e-02 
 3.522072e+00 -2.570197e-02 
 3.522470e+00 -2.621142e-02 
 3.522867e+00 -2.668339e-02 
 3.523265e+00 -2.710788e-02 
 3.523663e+00 -2.749866e-02 
 3.524060e+00 -2.786503e-02 
 3.524458e+00 -2.819041e-02 
 3.524856e+00 -2.849000e-02 
 3.525254e+00 -2.876108e-02 
 3.525651e+00 -2.899385e-02 
 3.526049e+00 -2.920919e-02 
 3.526447e+00 -2.940658e-02 
 3.526844e+00 -2.957706e-02 
 3.527242e+00 -2.970002e-02 
 3.527640e+00 -2.979248e-02 
 3.528037e+00 -2.983392e-02 
 3.528435e+00 -2.984327e-02 
 3.528833e+00 -2.982501e-02 
 3.529231e+00 -2.977772e-02 
 3.529628e+00 -2.969105e-02 
 3.530026e+00 -2.956639e-02 
 3.530424e+00 -2.943442e-02 
 3.530821e+00 -2.927430e-02 
 3.531219e+00 -2.910972e-02 
 3.531617e+00 -2.890984e-02 
 3.532014e+00 -2.867794e-02 
 3.532412e+00 -2.841604e-02 
 3.532810e+00 -2.810055e-02 
 3.533207e+00 -2.776297e-02 
 3.533605e+00 -2.739616e-02 
 3.534003e+00 -2.699520e-02 
 3.534401e+00 -2.654955e-02 
 3.534798e+00 -2.608593e-02 
 3.535196e+00 -2.560090e-02 
 3.535594e+00 -2.509751e-02 
 3.535991e+00 -2.458934e-02 
 3.536389e+00 -2.406746e-02 
 3.536787e+00 -2.349502e-02 
 3.537184e+00 -2.291202e-02 
 3.537582e+00 -2.228745e-02 
 3.537980e+00 -2.163721e-02 
 3.538378e+00 -2.096005e-02 
 3.538775e+00 -2.026017e-02 
 3.539173e+00 -1.952793e-02 
 3.539571e+00 -1.878020e-02 
 3.539968e+00 -1.802275e-02 
 3.540366e+00 -1.725060e-02 
 3.540764e+00 -1.644779e-02 
 3.541161e+00 -1.564155e-02 
 3.541559e+00 -1.479797e-02 
 3.541957e+00 -1.392711e-02 
 3.542354e+00 -1.302337e-02 
 3.542752e+00 -1.209007e-02 
 3.543150e+00 -1.114002e-02 
 3.543548e+00 -1.015806e-02 
 3.543945e+00 -9.162144e-03 
 3.544343e+00 -8.143783e-03 
 3.544741e+00 -7.113095e-03 
 3.545138e+00 -6.060910e-03 
 3.545536e+00 -4.997389e-03 
 3.545934e+00 -3.925403e-03 
 3.546331e+00 -2.833312e-03 
 3.546729e+00 -1.702280e-03 
 3.547127e+00 -5.512508e-04 
 3.547525e+00  6.122556e-04 
 3.547922e+00  1.798572e-03 
 3.548320e+00  2.996872e-03 
 3.548718e+00  4.201078e-03 
 3.549115e+00  5.422199e-03 
 3.549513e+00  6.656388e-03 
 3.549911e+00  7.884038e-03 
 3.550308e+00  9.121031e-03 
 3.550706e+00  1.036467e-02 
 3.551104e+00  1.160693e-02 
 3.551501e+00  1.285810e-02 
 3.551899e+00  1.413602e-02 
 3.552297e+00  1.540349e-02 
 3.552695e+00  1.666811e-02 
 3.553092e+00  1.794940e-02 
 3.553490e+00  1.922765e-02 
 3.553888e+00  2.050499e-02 
 3.554285e+00  2.179269e-02 
 3.554683e+00  2.306424e-02 
 3.555081e+00  2.430367e-02 
 3.555478e+00  2.555585e-02 
 3.555876e+00  2.678794e-02 
 3.556274e+00  2.802013e-02 
 3.556672e+00  2.925837e-02 
 3.557069e+00  3.049029e-02 
 3.557467e+00  3.169763e-02 
 3.557865e+00  3.290424e-02 
 3.558262e+00  3.410028e-02 
 3.558660e+00  3.527681e-02 
 3.559058e+00  3.644321e-02 
 3.559455e+00  3.758355e-02 
 3.559853e+00  3.870486e-02 
 3.560251e+00  3.979840e-02 
 3.560648e+00  4.089247e-02 
 3.561046e+00  4.197911e-02 
 3.561444e+00  4.305079e-02 
 3.561842e+00  4.411296e-02 
 3.562239e+00  4.515424e-02 
 3.562637e+00  4.618596e-02 
 3.563035e+00  4.720105e-02 
 3.563432e+00  4.819962e-02 
 3.563830e+00  4.918284e-02 
 3.564228e+00  5.012521e-02 
 3.564625e+00  5.104800e-02 
 3.565023e+00  5.194684e-02 
 3.565421e+00  5.281649e-02 
 3.565819e+00  5.368671e-02 
 3.566216e+00  5.453386e-02 
 3.566614e+00  5.535765e-02 
 3.567012e+00  5.614911e-02 
 3.567409e+00  5.692665e-02 
 3.567807e+00  5.767707e-02 
 3.568205e+00  5.838874e-02 
 3.568602e+00  5.907745e-02 
 3.569000e+00  5.975761e-02 
 3.569398e+00  6.039566e-02 
 3.569795e+00  6.099513e-02 
 3.570193e+00  6.156824e-02 
 3.570591e+00  6.213169e-02 
 3.570989e+00  6.266405e-02 
 3.571386e+00  6.316588e-02 
 3.571784e+00  6.364180e-02 
 3.572182e+00  6.408484e-02 
 3.572579e+00  6.450107e-02 
 3.572977e+00  6.490688e-02 
 3.573375e+00  6.529077e-02 
 3.573772e+00  6.564374e-02 
 3.574170e+00  6.596601e-02 
 3.574568e+00  6.624988e-02 
 3.574966e+00  6.650031e-02 
 3.575363e+00  6.673153e-02 
 3.575761e+00  6.694816e-02 
 3.576159e+00  6.711889e-02 
 3.576556e+00  6.725714e-02 
 3.576954e+00  6.737216e-02 
 3.577352e+00  6.744959e-02 
 3.577749e+00  6.750492e-02 
 3.578147e+00  6.754808e-02 
 3.578545e+00  6.756124e-02 
 3.578942e+00  6.752413e-02 
 3.579340e+00  6.746232e-02 
 3.579738e+00  6.737131e-02 
 3.580136e+00  6.725254e-02 
 3.580533e+00  6.709062e-02 
 3.580931e+00  6.692201e-02 
 3.581329e+00  6.671448e-02 
 3.581726e+00  6.646518e-02 
 3.582124e+00  6.620038e-02 
 3.582522e+00  6.590816e-02 
 3.582919e+00  6.559656e-02 
 3.583317e+00  6.524423e-02 
 3.583715e+00  6.485038e-02 
 3.584113e+00  6.441925e-02 
 3.584510e+00  6.395005e-02 
 3.584908e+00  6.345580e-02 
 3.585306e+00  6.291241e-02 
 3.585703e+00  6.235002e-02 
 3.586101e+00  6.174846e-02 
 3.586499e+00  6.111298e-02 
 3.586896e+00  6.044401e-02 
 3.587294e+00  5.974772e-02 
 3.587692e+00  5.902669e-02 
 3.588089e+00  5.827537e-02 
 3.588487e+00  5.749498e-02 
 3.588885e+00  5.668750e-02 
 3.589283e+00  5.584849e-02 
 3.589680e+00  5.498749e-02 
 3.590078e+00  5.411488e-02 
 3.590476e+00  5.320452e-02 
 3.590873e+00  5.227064e-02 
 3.591271e+00  5.131801e-02 
 3.591669e+00  5.034383e-02 
 3.592066e+00  4.934986e-02 
 3.592464e+00  4.835220e-02 
 3.592862e+00  4.733100e-02 
 3.593260e+00  4.628357e-02 
 3.593657e+00  4.522355e-02 
 3.594055e+00  4.413483e-02 
 3.594453e+00  4.303559e-02 
 3.594850e+00  4.192187e-02 
 3.595248e+00  4.079765e-02 
 3.595646e+00  3.964946e-02 
 3.596043e+00  3.848787e-02 
 3.596441e+00  3.732050e-02 
 3.596839e+00  3.615160e-02 
 3.597236e+00  3.497701e-02 
 3.597634e+00  3.379771e-02 
 3.598032e+00  3.261114e-02 
 3.598430e+00  3.141120e-02 
 3.598827e+00  3.020836e-02 
 3.599225e+00  2.899715e-02 
 3.599623e+00  2.778171e-02 
 3.600020e+00  2.656366e-02 
 3.600418e+00  2.532930e-02 
 3.600816e+00  2.409896e-02 
 3.601213e+00  2.287188e-02 
 3.601611e+00  2.166341e-02 
 3.602009e+00  2.046785e-02 
 3.602407e+00  1.927021e-02 
 3.602804e+00  1.807007e-02 
 3.603202e+00  1.686108e-02 
 3.603600e+00  1.566144e-02 
 3.603997e+00  1.445523e-02 
 3.604395e+00  1.324694e-02 
 3.604793e+00  1.205313e-02 
 3.605190e+00  1.085616e-02 
 3.605588e+00  9.656020e-03 
 3.605986e+00  8.471636e-03 
 3.606383e+00  7.290146e-03 
 3.606781e+00  6.136441e-03 
 3.607179e+00  4.976356e-03 
 3.607577e+00  3.833893e-03 
 3.607974e+00  2.698659e-03 
 3.608372e+00  1.569720e-03 
 3.608770e+00  4.559619e-04 
 3.609167e+00 -6.481048e-04 
 3.609565e+00 -1.756299e-03 
 3.609963e+00 -2.850559e-03 
 3.610360e+00 -3.929638e-03 
 3.610758e+00 -4.992194e-03 
 3.611156e+00 -6.034197e-03 
 3.611554e+00 -7.068716e-03 
 3.611951e+00 -8.079066e-03 
 3.612349e+00 -9.094574e-03 
 3.612747e+00 -1.009001e-02 
 3.613144e+00 -1.107931e-02 
 3.613542e+00 -1.206218e-02 
 3.613940e+00 -1.301763e-02 
 3.614337e+00 -1.397520e-02 
 3.614735e+00 -1.490790e-02 
 3.615133e+00 -1.581762e-02 
 3.615530e+00 -1.671712e-02 
 3.615928e+00 -1.759169e-02 
 3.616326e+00 -1.844591e-02 
 3.616724e+00 -1.926453e-02 
 3.617121e+00 -2.006206e-02 
 3.617519e+00 -2.082261e-02 
 3.617917e+00 -2.157064e-02 
 3.618314e+00 -2.229385e-02 
 3.618712e+00 -2.298931e-02 
 3.619110e+00 -2.365197e-02 
 3.619507e+00 -2.430708e-02 
 3.619905e+00 -2.492121e-02 
 3.620303e+00 -2.550646e-02 
 3.620701e+00 -2.604759e-02 
 3.621098e+00 -2.655207e-02 
 3.621496e+00 -2.702744e-02 
 3.621894e+00 -2.747243e-02 
 3.622291e+00 -2.788141e-02 
 3.622689e+00 -2.826811e-02 
 3.623087e+00 -2.861960e-02 
 3.623484e+00 -2.892715e-02 
 3.623882e+00 -2.921285e-02 
 3.624280e+00 -2.946411e-02 
 3.624677e+00 -2.969097e-02 
 3.625075e+00 -2.987488e-02 
 3.625473e+00 -3.002693e-02 
 3.625871e+00 -3.013043e-02 
 3.626268e+00 -3.020164e-02 
 3.626666e+00 -3.024298e-02 
 3.627064e+00 -3.025071e-02 
 3.627461e+00 -3.021852e-02 
 3.627859e+00 -3.015677e-02 
 3.628257e+00 -3.007129e-02 
 3.628654e+00 -2.994688e-02 
 3.629052e+00 -2.980240e-02 
 3.629450e+00 -2.961594e-02 
 3.629848e+00 -2.939451e-02 
 3.630245e+00 -2.912489e-02 
 3.630643e+00 -2.881518e-02 
 3.631041e+00 -2.848460e-02 
 3.631438e+00 -2.812364e-02 
 3.631836e+00 -2.774463e-02 
 3.632234e+00 -2.733596e-02 
 3.632631e+00 -2.689870e-02 
 3.633029e+00 -2.642418e-02 
 3.633427e+00 -2.593850e-02 
 3.633824e+00 -2.542522e-02 
 3.634222e+00 -2.487464e-02 
 3.634620e+00 -2.430191e-02 
 3.635018e+00 -2.369139e-02 
 3.635415e+00 -2.305023e-02 
 3.635813e+00 -2.238078e-02 
 3.636211e+00 -2.169603e-02 
 3.636608e+00 -2.098104e-02 
 3.637006e+00 -2.025442e-02 
 3.637404e+00 -1.948661e-02 
 3.637801e+00 -1.870876e-02 
 3.638199e+00 -1.791303e-02 
 3.638597e+00 -1.710466e-02 
 3.638995e+00 -1.627819e-02 
 3.639392e+00 -1.542592e-02 
 3.639790e+00 -1.453730e-02 
 3.640188e+00 -1.362484e-02 
 3.640585e+00 -1.270363e-02 
 3.640983e+00 -1.175675e-02 
 3.641381e+00 -1.080972e-02 
 3.641778e+00 -9.837571e-03 
 3.642176e+00 -8.848844e-03 
 3.642574e+00 -7.844378e-03 
 3.642971e+00 -6.832590e-03 
 3.643369e+00 -5.814586e-03 
 3.643767e+00 -4.793049e-03 
 3.644165e+00 -3.752799e-03 
 3.644562e+00 -2.687095e-03 
 3.644960e+00 -1.603165e-03 
 3.645358e+00 -5.089173e-04 
 3.645755e+00  5.937709e-04 
 3.646153e+00  1.713243e-03 
 3.646551e+00  2.845010e-03 
 3.646948e+00  3.990970e-03 
 3.647346e+00  5.148489e-03 
 3.647744e+00  6.294615e-03 
 3.648142e+00  7.451831e-03 
 3.648539e+00  8.617151e-03 
 3.648937e+00  9.794273e-03 
 3.649335e+00  1.099571e-02 
 3.649732e+00  1.223006e-02 
 3.650130e+00  1.346547e-02 
 3.650528e+00  1.470173e-02 
 3.650925e+00  1.594352e-02 
 3.651323e+00  1.719661e-02 
 3.651721e+00  1.844836e-02 
 3.652118e+00  1.970272e-02 
 3.652516e+00  2.094924e-02 
 3.652914e+00  2.219347e-02 
 3.653312e+00  2.343479e-02 
 3.653709e+00  2.468135e-02 
 3.654107e+00  2.593591e-02 
 3.654505e+00  2.719439e-02 
 3.654902e+00  2.844776e-02 
 3.655300e+00  2.970199e-02 
 3.655698e+00  3.094059e-02 
 3.656095e+00  3.217942e-02 
 3.656493e+00  3.340926e-02 
 3.656891e+00  3.463096e-02 
 3.657289e+00  3.583117e-02 
 3.657686e+00  3.701261e-02 
 3.658084e+00  3.819039e-02 
 3.658482e+00  3.935663e-02 
 3.658879e+00  4.052296e-02 
 3.659277e+00  4.167754e-02 
 3.659675e+00  4.281333e-02 
 3.660072e+00  4.392650e-02 
 3.660470e+00  4.501265e-02 
 3.660868e+00  4.608509e-02 
 3.661265e+00  4.711972e-02 
 3.661663e+00  4.814244e-02 
 3.662061e+00  4.914378e-02 
 3.662459e+00  5.011973e-02 
 3.662856e+00  5.106369e-02 
 3.663254e+00  5.198911e-02 
 3.663652e+00  5.289597e-02 
 3.664049e+00  5.377764e-02 
 3.664447e+00  5.464023e-02 
 3.664845e+00  5.547646e-02 
 3.665242e+00  5.628824e-02 
 3.665640e+00  5.706684e-02 
 3.666038e+00  5.781735e-02 
 3.666436e+00  5.854927e-02 
 3.666833e+00  5.925007e-02 
 3.667231e+00  5.992091e-02 
 3.667629e+00  6.055258e-02 
 3.668026e+00  6.115724e-02 
 3.668424e+00  6.174474e-02 
 3.668822e+00  6.231454e-02 
 3.669219e+00  6.286203e-02 
 3.669617e+00  6.337479e-02 
 3.670015e+00  6.385123e-02 
 3.670412e+00  6.429871e-02 
 3.670810e+00  6.471917e-02 
 3.671208e+00  6.511520e-02 
 3.671606e+00  6.547335e-02 
 3.672003e+00  6.580206e-02 
 3.672401e+00  6.608239e-02 
 3.672799e+00  6.633495e-02 
 3.673196e+00  6.655324e-02 
 3.673594e+00  6.676157e-02 
 3.673992e+00  6.692809e-02 
 3.674389e+00  6.707360e-02 
 3.674787e+00  6.718260e-02 
 3.675185e+00  6.726507e-02 
 3.675583e+00  6.731639e-02 
 3.675980e+00  6.735245e-02 
 3.676378e+00  6.734833e-02 
 3.676776e+00  6.730783e-02 
 3.677173e+00  6.724462e-02 
 3.677571e+00  6.715457e-02 
 3.677969e+00  6.704547e-02 
 3.678366e+00  6.690478e-02 
 3.678764e+00  6.675419e-02 
 3.679162e+00  6.656331e-02 
 3.679559e+00  6.632920e-02 
 3.679957e+00  6.607225e-02 
 3.680355e+00  6.579875e-02 
 3.680753e+00  6.549382e-02 
 3.681150e+00  6.516325e-02 
 3.681548e+00  6.479559e-02 
 3.681946e+00  6.440158e-02 
 3.682343e+00  6.397509e-02 
 3.682741e+00  6.352937e-02 
 3.683139e+00  6.306117e-02 
 3.683536e+00  6.254904e-02 
 3.683934e+00  6.201937e-02 
 3.684332e+00  6.146808e-02 
 3.684730e+00  6.089058e-02 
 3.685127e+00  6.029966e-02 
 3.685525e+00  5.968762e-02 
 3.685923e+00  5.904893e-02 
 3.686320e+00  5.837667e-02 
 3.686718e+00  5.766434e-02 
 3.687116e+00  5.693165e-02 
 3.687513e+00  5.617310e-02 
 3.687911e+00  5.538668e-02 
 3.688309e+00  5.456437e-02 
 3.688706e+00  5.371618e-02 
 3.689104e+00  5.283641e-02 
 3.689502e+00  5.193472e-02 
 3.689900e+00  5.101523e-02 
 3.690297e+00  5.007855e-02 
 3.690695e+00  4.911240e-02 
 3.691093e+00  4.811645e-02 
 3.691490e+00  4.709326e-02 
 3.691888e+00  4.603395e-02 
 3.692286e+00  4.495201e-02 
 3.692683e+00  4.386531e-02 
 3.693081e+00  4.273360e-02 
 3.693479e+00  4.160641e-02 
 3.693877e+00  4.044888e-02 
 3.694274e+00  3.928875e-02 
 3.694672e+00  3.811824e-02 
 3.695070e+00  3.693757e-02 
 3.695467e+00  3.575063e-02 
 3.695865e+00  3.453646e-02 
 3.696263e+00  3.331646e-02 
 3.696660e+00  3.208368e-02 
 3.697058e+00  3.084045e-02 
 3.697456e+00  2.959801e-02 
 3.697853e+00  2.835801e-02 
 3.698251e+00  2.710511e-02 
 3.698649e+00  2.584377e-02 
 3.699047e+00  2.456900e-02 
 3.699444e+00  2.331468e-02 
 3.699842e+00  2.206075e-02 
 3.700240e+00  2.080387e-02 
 3.700637e+00  1.954147e-02 
 3.701035e+00  1.828689e-02 
 3.701433e+00  1.702522e-02 
 3.701830e+00  1.576828e-02 
 3.702228e+00  1.451600e-02 
 3.702626e+00  1.327591e-02 
 3.703024e+00  1.204502e-02 
 3.703421e+00  1.082165e-02 
 3.703819e+00  9.607438e-03 
 3.704217e+00  8.417506e-03 
 3.704614e+00  7.241843e-03 
 3.705012e+00  6.073555e-03 
 3.705410e+00  4.917291e-03 
 3.705807e+00  3.760348e-03 
 3.706205e+00  2.627539e-03 
 3.706603e+00  1.488978e-03 
 3.707000e+00  3.698982e-04 
 3.707398e+00 -7.458449e-04 
 3.707796e+00 -1.856269e-03 
 3.708194e+00 -2.944292e-03 
 3.708591e+00 -4.021308e-03 
 3.708989e+00 -5.069408e-03 
 3.709387e+00 -6.109215e-03 
 3.709784e+00 -7.117930e-03 
 3.710182e+00 -8.116115e-03 
 3.710580e+00 -9.106933e-03 
 3.710977e+00 -1.008169e-02 
 3.711375e+00 -1.104907e-02 
 3.711773e+00 -1.200563e-02 
 3.712171e+00 -1.294362e-02 
 3.712568e+00 -1.386219e-02 
 3.712966e+00 -1.474860e-02 
 3.713364e+00 -1.562166e-02 
 3.713761e+00 -1.645068e-02 
 3.714159e+00 -1.726124e-02 
 3.714557e+00 -1.805027e-02 
 3.714954e+00 -1.880274e-02 
 3.715352e+00 -1.954719e-02 
 3.715750e+00 -2.028478e-02 
 3.716147e+00 -2.099900e-02 
 3.716545e+00 -2.168764e-02 
 3.716943e+00 -2.235828e-02 
 3.717341e+00 -2.300890e-02 
 3.717738e+00 -2.363468e-02 
 3.718136e+00 -2.422783e-02 
 3.718534e+00 -2.478394e-02 
 3.718931e+00 -2.530164e-02 
 3.719329e+00 -2.580174e-02 
 3.719727e+00 -2.627618e-02 
 3.720124e+00 -2.673249e-02 
 3.720522e+00 -2.716979e-02 
 3.720920e+00 -2.758179e-02 
 3.721318e+00 -2.797648e-02 
 3.721715e+00 -2.833962e-02 
 3.722113e+00 -2.866945e-02 
 3.722511e+00 -2.898075e-02 
 3.722908e+00 -2.925536e-02 
 3.723306e+00 -2.947070e-02 
 3.723704e+00 -2.966277e-02 
 3.724101e+00 -2.981332e-02 
 3.724499e+00 -2.993578e-02 
 3.724897e+00 -3.003404e-02 
 3.725294e+00 -3.009926e-02 
 3.725692e+00 -3.013309e-02 
 3.726090e+00 -3.013675e-02 
 3.726488e+00 -3.011362e-02 
 3.726885e+00 -3.007262e-02 
 3.727283e+00 -2.997694e-02 
 3.727681e+00 -2.985998e-02 
 3.728078e+00 -2.968853e-02 
 3.728476e+00 -2.946974e-02 
 3.728874e+00 -2.922686e-02 
 3.729271e+00 -2.895119e-02 
 3.729669e+00 -2.864474e-02 
 3.730067e+00 -2.829562e-02 
 3.730465e+00 -2.791926e-02 
 3.730862e+00 -2.750698e-02 
 3.731260e+00 -2.707370e-02 
 3.731658e+00 -2.660202e-02 
 3.732055e+00 -2.610485e-02 
 3.732453e+00 -2.555125e-02 
 3.732851e+00 -2.496405e-02 
 3.733248e+00 -2.434399e-02 
 3.733646e+00 -2.368026e-02 
 3.734044e+00 -2.299035e-02 
 3.734441e+00 -2.228653e-02 
 3.734839e+00 -2.155400e-02 
 3.735237e+00 -2.078852e-02 
 3.735635e+00 -2.000559e-02 
 3.736032e+00 -1.920971e-02 
 3.736430e+00 -1.838455e-02 
 3.736828e+00 -1.754084e-02 
 3.737225e+00 -1.667555e-02 
 3.737623e+00 -1.576071e-02 
 3.738021e+00 -1.484072e-02 
 3.738418e+00 -1.389722e-02 
 3.738816e+00 -1.293267e-02 
 3.739214e+00 -1.195150e-02 
 3.739612e+00 -1.096889e-02 
 3.740009e+00 -9.969983e-03 
 3.740407e+00 -8.945017e-03 
 3.740805e+00 -7.922139e-03 
 3.741202e+00 -6.897104e-03 
 3.741600e+00 -5.855419e-03 
 3.741998e+00 -4.800530e-03 
 3.742395e+00 -3.730891e-03 
 3.742793e+00 -2.637132e-03 
 3.743191e+00 -1.523378e-03 
 3.743588e+00 -4.115276e-04 
 3.743986e+00  7.107975e-04 
 3.744384e+00  1.842808e-03 
 3.744782e+00  2.984511e-03 
 3.745179e+00  4.138453e-03 
 3.745577e+00  5.298767e-03 
 3.745975e+00  6.460169e-03 
 3.746372e+00  7.610445e-03 
 3.746770e+00  8.782794e-03 
 3.747168e+00  9.966912e-03 
 3.747565e+00  1.116509e-02 
 3.747963e+00  1.236776e-02 
 3.748361e+00  1.356998e-02 
 3.748759e+00  1.476218e-02 
 3.749156e+00  1.596969e-02 
 3.749554e+00  1.717468e-02 
 3.749952e+00  1.838485e-02 
 3.750349e+00  1.958564e-02 
 3.750747e+00  2.078305e-02 
 3.751145e+00  2.197432e-02 
 3.751542e+00  2.316369e-02 
 3.751940e+00  2.437242e-02 
 3.752338e+00  2.558396e-02 
 3.752735e+00  2.680162e-02 
 3.753133e+00  2.801111e-02 
 3.753531e+00  2.920573e-02 
 3.753929e+00  3.041049e-02 
 3.754326e+00  3.161599e-02 
 3.754724e+00  3.281082e-02 
 3.755122e+00  3.398999e-02 
 3.755519e+00  3.515696e-02 
 3.755917e+00  3.629985e-02 
 3.756315e+00  3.744237e-02 
 3.756712e+00  3.858561e-02 
 3.757110e+00  3.971888e-02 
 3.757508e+00  4.084367e-02 
 3.757906e+00  4.195941e-02 
 3.758303e+00  4.306989e-02 
 3.758701e+00  4.414901e-02 
 3.759099e+00  4.522976e-02 
 3.759496e+00  4.629630e-02 
 3.759894e+00  4.734714e-02 
 3.760292e+00  4.835876e-02 
 3.760689e+00  4.935768e-02 
 3.761087e+00  5.032799e-02 
 3.761485e+00  5.129323e-02 
 3.761882e+00  5.223410e-02 
 3.762280e+00  5.316782e-02 
 3.762678e+00  5.408723e-02 
 3.763076e+00  5.496753e-02 
 3.763473e+00  5.582893e-02 
 3.763871e+00  5.667030e-02 
 3.764269e+00  5.749377e-02 
 3.764666e+00  5.827967e-02 
 3.765064e+00  5.903400e-02 
 3.765462e+00  5.975923e-02 
 3.765859e+00  6.044673e-02 
 3.766257e+00  6.111311e-02 
 3.766655e+00  6.176178e-02 
 3.767053e+00  6.237677e-02 
 3.767450e+00  6.295049e-02 
 3.767848e+00  6.349158e-02 
 3.768246e+00  6.399707e-02 
 3.768643e+00  6.447397e-02 
 3.769041e+00  6.491855e-02 
 3.769439e+00  6.534136e-02 
 3.769836e+00  6.571556e-02 
 3.770234e+00  6.605919e-02 
 3.770632e+00  6.637859e-02 
 3.771029e+00  6.665390e-02 
 3.771427e+00  6.691371e-02 
 3.771825e+00  6.714008e-02 
 3.772223e+00  6.733785e-02 
 3.772620e+00  6.748003e-02 
 3.773018e+00  6.760956e-02 
 3.773416e+00  6.771170e-02 
 3.773813e+00  6.777339e-02 
 3.774211e+00  6.780713e-02 
 3.774609e+00  6.780536e-02 
 3.775006e+00  6.776933e-02 
 3.775404e+00  6.768903e-02 
 3.775802e+00  6.759453e-02 
 3.776200e+00  6.745301e-02 
 3.776597e+00  6.728661e-02 
 3.776995e+00  6.708150e-02 
 3.777393e+00  6.684059e-02 
 3.777790e+00  6.656879e-02 
 3.778188e+00  6.628306e-02 
 3.778586e+00  6.597575e-02 
 3.778983e+00  6.563430e-02 
 3.779381e+00  6.526424e-02 
 3.779779e+00  6.485912e-02 
 3.780176e+00  6.441856e-02 
 3.780574e+00  6.395636e-02 
 3.780972e+00  6.346961e-02 
 3.781370e+00  6.295022e-02 
 3.781767e+00  6.241326e-02 
 3.782165e+00  6.185397e-02 
 3.782563e+00  6.126395e-02 
 3.782960e+00  6.065798e-02 
 3.783358e+00  6.004088e-02 
 3.783756e+00  5.939500e-02 
 3.784153e+00  5.871607e-02 
 3.784551e+00  5.801189e-02 
 3.784949e+00  5.728368e-02 
 3.785347e+00  5.652209e-02 
 3.785744e+00  5.575261e-02 
 3.786142e+00  5.496340e-02 
 3.786540e+00  5.414561e-02 
 3.786937e+00  5.330923e-02 
 3.787335e+00  5.245865e-02 
 3.787733e+00  5.159696e-02 
 3.788130e+00  5.072126e-02 
 3.788528e+00  4.982841e-02 
 3.788926e+00  4.891131e-02 
 3.789323e+00  4.796384e-02 
 3.789721e+00  4.699333e-02 
 3.790119e+00  4.600219e-02 
 3.790517e+00  4.501044e-02 
 3.790914e+00  4.400104e-02 
 3.791312e+00  4.296989e-02 
 3.791710e+00  4.193829e-02 
 3.792107e+00  4.087121e-02 
 3.792505e+00  3.980900e-02 
 3.792903e+00  3.872076e-02 
 3.793300e+00  3.762817e-02 
 3.793698e+00  3.650290e-02 
 3.794096e+00  3.535339e-02 
 3.794494e+00  3.419273e-02 
 3.794891e+00  3.299774e-02 
 3.795289e+00  3.180520e-02 
 3.795687e+00  3.058673e-02 
 3.796084e+00  2.935625e-02 
 3.796482e+00  2.810311e-02 
 3.796880e+00  2.684309e-02 
 3.797277e+00  2.559401e-02 
 3.797675e+00  2.434260e-02 
 3.798073e+00  2.307860e-02 
 3.798470e+00  2.181850e-02 
 3.798868e+00  2.052882e-02 
 3.799266e+00  1.924656e-02 
 3.799664e+00  1.795410e-02 
 3.800061e+00  1.666006e-02 
 3.800459e+00  1.537400e-02 
 3.800857e+00  1.408234e-02 
 3.801254e+00  1.279580e-02 
 3.801652e+00  1.151791e-02 
 3.802050e+00  1.026120e-02 
 3.802447e+00  9.006635e-03 
 3.802845e+00  7.763721e-03 
 3.803243e+00  6.530708e-03 
 3.803641e+00  5.287833e-03 
 3.804038e+00  4.050663e-03 
 3.804436e+00  2.838950e-03 
 3.804834e+00  1.632906e-03 
 3.805231e+00  4.230277e-04 
 3.805629e+00 -7.510268e-04 
 3.806027e+00 -1.910724e-03 
 3.806424e+00 -3.047404e-03 
 3.806822e+00 -4.154889e-03 
 3.807220e+00 -5.228518e-03 
 3.807617e+00 -6.286858e-03 
 3.808015e+00 -7.339232e-03 
 3.808413e+00 -8.359412e-03 
 3.808811e+00 -9.376695e-03 
 3.809208e+00 -1.037937e-02 
 3.809606e+00 -1.135052e-02 
 3.810004e+00 -1.230010e-02 
 3.810401e+00 -1.323274e-02 
 3.810799e+00 -1.413429e-02 
 3.811197e+00 -1.500273e-02 
 3.811594e+00 -1.585399e-02 
 3.811992e+00 -1.668889e-02 
 3.812390e+00 -1.748173e-02 
 3.812788e+00 -1.825992e-02 
 3.813185e+00 -1.903410e-02 
 3.813583e+00 -1.976829e-02 
 3.813981e+00 -2.047223e-02 
 3.814378e+00 -2.117284e-02 
 3.814776e+00 -2.183595e-02 
 3.815174e+00 -2.247682e-02 
 3.815571e+00 -2.311115e-02 
 3.815969e+00 -2.370770e-02 
 3.816367e+00 -2.426258e-02 
 3.816764e+00 -2.478113e-02 
 3.817162e+00 -2.529451e-02 
 3.817560e+00 -2.576425e-02 
 3.817958e+00 -2.621595e-02 
 3.818355e+00 -2.664151e-02 
 3.818753e+00 -2.704309e-02 
 3.819151e+00 -2.741642e-02 
 3.819548e+00 -2.776461e-02 
 3.819946e+00 -2.807954e-02 
 3.820344e+00 -2.836923e-02 
 3.820741e+00 -2.862843e-02 
 3.821139e+00 -2.884348e-02 
 3.821537e+00 -2.902041e-02 
 3.821935e+00 -2.917651e-02 
 3.822332e+00 -2.931119e-02 
 3.822730e+00 -2.941132e-02 
 3.823128e+00 -2.950615e-02 
 3.823525e+00 -2.956051e-02 
 3.823923e+00 -2.959849e-02 
 3.824321e+00 -2.961070e-02 
 3.824718e+00 -2.961002e-02 
 3.825116e+00 -2.957119e-02 
 3.825514e+00 -2.949106e-02 
 3.825911e+00 -2.937500e-02 
 3.826309e+00 -2.921170e-02 
 3.826707e+00 -2.901605e-02 
 3.827105e+00 -2.880260e-02 
 3.827502e+00 -2.856694e-02 
 3.827900e+00 -2.830827e-02 
 3.828298e+00 -2.802141e-02 
 3.828695e+00 -2.770933e-02 
 3.829093e+00 -2.737235e-02 
 3.829491e+00 -2.699810e-02 
 3.829888e+00 -2.659567e-02 
 3.830286e+00 -2.614624e-02 
 3.830684e+00 -2.566298e-02 
 3.831082e+00 -2.514446e-02 
 3.831479e+00 -2.459274e-02 
 3.831877e+00 -2.402011e-02 
 3.832275e+00 -2.341620e-02 
 3.832672e+00 -2.279149e-02 
 3.833070e+00 -2.214452e-02 
 3.833468e+00 -2.144722e-02 
 3.833865e+00 -2.073196e-02 
 3.834263e+00 -2.000408e-02 
 3.834661e+00 -1.922576e-02 
 3.835058e+00 -1.841267e-02 
 3.835456e+00 -1.757531e-02 
 3.835854e+00 -1.669514e-02 
 3.836252e+00 -1.579174e-02 
 3.836649e+00 -1.487350e-02 
 3.837047e+00 -1.392903e-02 
 3.837445e+00 -1.295705e-02 
 3.837842e+00 -1.197605e-02 
 3.838240e+00 -1.097279e-02 
 3.838638e+00 -9.924729e-03 
 3.839035e+00 -8.863998e-03 
 3.839433e+00 -7.792522e-03 
 3.839831e+00 -6.689294e-03 
 3.840229e+00 -5.559260e-03 
 3.840626e+00 -4.417866e-03 
 3.841024e+00 -3.262223e-03 
 3.841422e+00 -2.092232e-03 
 3.841819e+00 -9.190353e-04 
 3.842217e+00  2.557695e-04 
 3.842615e+00  1.465507e-03 
 3.843012e+00  2.668034e-03 
 3.843410e+00  3.868772e-03 
 3.843808e+00  5.084793e-03 
 3.844205e+00  6.285690e-03 
 3.844603e+00  7.496972e-03 
 3.845001e+00  8.723395e-03 
 3.845399e+00  9.963209e-03 
 3.845796e+00  1.120411e-02 
 3.846194e+00  1.243675e-02 
 3.846592e+00  1.366893e-02 
 3.846989e+00  1.489052e-02 
 3.847387e+00  1.611830e-02 
 3.847785e+00  1.734571e-02 
 3.848182e+00  1.856362e-02 
 3.848580e+00  1.977045e-02 
 3.848978e+00  2.098505e-02 
 3.849376e+00  2.218908e-02 
 3.849773e+00  2.339594e-02 
 3.850171e+00  2.461107e-02 
 3.850569e+00  2.582134e-02 
 3.850966e+00  2.701425e-02 
 3.851364e+00  2.818652e-02 
 3.851762e+00  2.935557e-02 
 3.852159e+00  3.052852e-02 
 3.852557e+00  3.169143e-02 
 3.852955e+00  3.283796e-02 
 3.853352e+00  3.396556e-02 
 3.853750e+00  3.508307e-02 
 3.854148e+00  3.620033e-02 
 3.854546e+00  3.732146e-02 
 3.854943e+00  3.843570e-02 
 3.855341e+00  3.953217e-02 
 3.855739e+00  4.062745e-02 
 3.856136e+00  4.169852e-02 
 3.856534e+00  4.273796e-02 
 3.856932e+00  4.377898e-02 
 3.857329e+00  4.481321e-02 
 3.857727e+00  4.582814e-02 
 3.858125e+00  4.682424e-02 
 3.858523e+00  4.780903e-02 
 3.858920e+00  4.878639e-02 
 3.859318e+00  4.974684e-02 
 3.859716e+00  5.070800e-02 
 3.860113e+00  5.164942e-02 
 3.860511e+00  5.256704e-02 
 3.860909e+00  5.345825e-02 
 3.861306e+00  5.432828e-02 
 3.861704e+00  5.518734e-02 
 3.862102e+00  5.601999e-02 
 3.862499e+00  5.682730e-02 
 3.862897e+00  5.759976e-02 
 3.863295e+00  5.833289e-02 
 3.863693e+00  5.905341e-02 
 3.864090e+00  5.975334e-02 
 3.864488e+00  6.044425e-02 
 3.864886e+00  6.111084e-02 
 3.865283e+00  6.175110e-02 
 3.865681e+00  6.235743e-02 
 3.866079e+00  6.292990e-02 
 3.866476e+00  6.348971e-02 
 3.866874e+00  6.400779e-02 
 3.867272e+00  6.449473e-02 
 3.867670e+00  6.496158e-02 
 3.868067e+00  6.538780e-02 
 3.868465e+00  6.577869e-02 
 3.868863e+00  6.614630e-02 
 3.869260e+00  6.649733e-02 
 3.869658e+00  6.681972e-02 
 3.870056e+00  6.709564e-02 
 3.870453e+00  6.734692e-02 
 3.870851e+00  6.755423e-02 
 3.871249e+00  6.773815e-02 
 3.871646e+00  6.788096e-02 
 3.872044e+00  6.798279e-02 
 3.872442e+00  6.803720e-02 
 3.872840e+00  6.806163e-02 
 3.873237e+00  6.804749e-02 
 3.873635e+00  6.800320e-02 
 3.874033e+00  6.794444e-02 
 3.874430e+00  6.785566e-02 
 3.874828e+00  6.773556e-02 
 3.875226e+00  6.757106e-02 
 3.875623e+00  6.738001e-02 
 3.876021e+00  6.714289e-02 
 3.876419e+00  6.688070e-02 
 3.876817e+00  6.659388e-02 
 3.877214e+00  6.625183e-02 
 3.877612e+00  6.587765e-02 
 3.878010e+00  6.547982e-02 
 3.878407e+00  6.504457e-02 
 3.878805e+00  6.457473e-02 
 3.879203e+00  6.408852e-02 
 3.879600e+00  6.357057e-02 
 3.879998e+00  6.301326e-02 
 3.880396e+00  6.243007e-02 
 3.880793e+00  6.183228e-02 
 3.881191e+00  6.119343e-02 
 3.881589e+00  6.052796e-02 
 3.881987e+00  5.983982e-02 
 3.882384e+00  5.910528e-02 
 3.882782e+00  5.835221e-02 
 3.883180e+00  5.758576e-02 
 3.883577e+00  5.678177e-02 
 3.883975e+00  5.597928e-02 
 3.884373e+00  5.514438e-02 
 3.884770e+00  5.429204e-02 
 3.885168e+00  5.341728e-02 
 3.885566e+00  5.252928e-02 
 3.885964e+00  5.162261e-02 
 3.886361e+00  5.069992e-02 
 3.886759e+00  4.977304e-02 
 3.887157e+00  4.881317e-02 
 3.887554e+00  4.782312e-02 
 3.887952e+00  4.682127e-02 
 3.888350e+00  4.581359e-02 
 3.888747e+00  4.479010e-02 
 3.889145e+00  4.375241e-02 
 3.889543e+00  4.269759e-02 
 3.889940e+00  4.164675e-02 
 3.890338e+00  4.057290e-02 
 3.890736e+00  3.949842e-02 
 3.891134e+00  3.839914e-02 
 3.891531e+00  3.729116e-02 
 3.891929e+00  3.615651e-02 
 3.892327e+00  3.499707e-02 
 3.892724e+00  3.383107e-02 
 3.893122e+00  3.266147e-02 
 3.893520e+00  3.150219e-02 
 3.893917e+00  3.033618e-02 
 3.894315e+00  2.916834e-02 
 3.894713e+00  2.799870e-02 
 3.895111e+00  2.683229e-02 
 3.895508e+00  2.566330e-02 
 3.895906e+00  2.448264e-02 
 3.896304e+00  2.329283e-02 
 3.896701e+00  2.208155e-02 
 3.897099e+00  2.085727e-02 
 3.897497e+00  1.963195e-02 
 3.897894e+00  1.841387e-02 
 3.898292e+00  1.718358e-02 
 3.898690e+00  1.595917e-02 
 3.899087e+00  1.474737e-02 
 3.899485e+00  1.353511e-02 
 3.899883e+00  1.232179e-02 
 3.900281e+00  1.113836e-02 
 3.900678e+00  9.927899e-03 
 3.901076e+00  8.702478e-03 
 3.901474e+00  7.478033e-03 
 3.901871e+00  6.259656e-03 
 3.902269e+00  5.035407e-03 
 3.902667e+00  3.827509e-03 
 3.903064e+00  2.635766e-03 
 3.903462e+00  1.440067e-03 
 3.903860e+00  2.731092e-04 
 3.904258e+00 -8.810265e-04 
 3.904655e+00 -2.028445e-03 
 3.905053e+00 -3.159996e-03 
 3.905451e+00 -4.276757e-03 
 3.905848e+00 -5.394779e-03 
 3.906246e+00 -6.519558e-03 
 3.906644e+00 -7.625313e-03 
 3.907041e+00 -8.709698e-03 
 3.907439e+00 -9.782728e-03 
 3.907837e+00 -1.083511e-02 
 3.908234e+00 -1.187288e-02 
 3.908632e+00 -1.287661e-02 
 3.909030e+00 -1.385685e-02 
 3.909428e+00 -1.480274e-02 
 3.909825e+00 -1.571658e-02 
 3.910223e+00 -1.661509e-02 
 3.910621e+00 -1.749936e-02 
 3.911018e+00 -1.836564e-02 
 3.911416e+00 -1.921299e-02 
 3.911814e+00 -2.003253e-02 
 3.912211e+00 -2.081215e-02 
 3.912609e+00 -2.155866e-02 
 3.913007e+00 -2.226935e-02 
 3.913405e+00 -2.294953e-02 
 3.913802e+00 -2.358057e-02 
 3.914200e+00 -2.418068e-02 
 3.914598e+00 -2.472492e-02 
 3.914995e+00 -2.525145e-02 
 3.915393e+00 -2.574966e-02 
 3.915791e+00 -2.622387e-02 
 3.916188e+00 -2.667471e-02 
 3.916586e+00 -2.709674e-02 
 3.916984e+00 -2.748894e-02 
 3.917381e+00 -2.784646e-02 
 3.917779e+00 -2.817218e-02 
 3.918177e+00 -2.846400e-02 
 3.918575e+00 -2.871368e-02 
 3.918972e+00 -2.891657e-02 
 3.919370e+00 -2.909974e-02 
 3.919768e+00 -2.924670e-02 
 3.920165e+00 -2.937066e-02 
 3.920563e+00 -2.948695e-02 
 3.920961e+00 -2.957929e-02 
 3.921358e+00 -2.962948e-02 
 3.921756e+00 -2.966767e-02 
 3.922154e+00 -2.966854e-02 
 3.922552e+00 -2.962687e-02 
 3.922949e+00 -2.955920e-02 
 3.923347e+00 -2.946896e-02 
 3.923745e+00 -2.933059e-02 
 3.924142e+00 -2.916063e-02 
 3.924540e+00 -2.897419e-02 
 3.924938e+00 -2.876469e-02 
 3.925335e+00 -2.853711e-02 
 3.925733e+00 -2.828989e-02 
 3.926131e+00 -2.800922e-02 
 3.926528e+00 -2.770353e-02 
 3.926926e+00 -2.737100e-02 
 3.927324e+00 -2.701410e-02 
 3.927722e+00 -2.660667e-02 
 3.928119e+00 -2.616593e-02 
 3.928517e+00 -2.570610e-02 
 3.928915e+00 -2.519999e-02 
 3.929312e+00 -2.468001e-02 
 3.929710e+00 -2.413672e-02 
 3.930108e+00 -2.358199e-02 
 3.930505e+00 -2.299577e-02 
 3.930903e+00 -2.239090e-02 
 3.931301e+00 -2.176182e-02 
 3.931699e+00 -2.111138e-02 
 3.932096e+00 -2.041916e-02 
 3.932494e+00 -1.971070e-02 
 3.932892e+00 -1.897281e-02 
 3.933289e+00 -1.819244e-02 
 3.933687e+00 -1.737827e-02 
 3.934085e+00 -1.654980e-02 
 3.934482e+00 -1.569741e-02 
 3.934880e+00 -1.482559e-02 
 3.935278e+00 -1.395300e-02 
 3.935675e+00 -1.305430e-02 
 3.936073e+00 -1.213986e-02 
 3.936471e+00 -1.119595e-02 
 3.936869e+00 -1.024349e-02 
 3.937266e+00 -9.264666e-03 
 3.937664e+00 -8.256630e-03 
 3.938062e+00 -7.216561e-03 
 3.938459e+00 -6.150594e-03 
 3.938857e+00 -5.073518e-03 
 3.939255e+00 -3.984282e-03 
 3.939652e+00 -2.890663e-03 
 3.940050e+00 -1.790410e-03 
 3.940448e+00 -6.746793e-04 
 3.940846e+00  4.586454e-04 
 3.941243e+00  1.613922e-03 
 3.941641e+00  2.769054e-03 
 3.942039e+00  3.955982e-03 
 3.942436e+00  5.159543e-03 
 3.942834e+00  6.391885e-03 
 3.943232e+00  7.649560e-03 
 3.943629e+00  8.923171e-03 
 3.944027e+00  1.018056e-02 
 3.944425e+00  1.143620e-02 
 3.944822e+00  1.270570e-02 
 3.945220e+00  1.398411e-02 
 3.945618e+00  1.525367e-02 
 3.946016e+00  1.653928e-02 
 3.946413e+00  1.781495e-02 
 3.946811e+00  1.909138e-02 
 3.947209e+00  2.037892e-02 
 3.947606e+00  2.167698e-02 
 3.948004e+00  2.297777e-02 
 3.948402e+00  2.425995e-02 
 3.948799e+00  2.555346e-02 
 3.949197e+00  2.681340e-02 
 3.949595e+00  2.806046e-02 
 3.949993e+00  2.931524e-02 
 3.950390e+00  3.055029e-02 
 3.950788e+00  3.176704e-02 
 3.951186e+00  3.296738e-02 
 3.951583e+00  3.415386e-02 
 3.951981e+00  3.532464e-02 
 3.952379e+00  3.648429e-02 
 3.952776e+00  3.764172e-02 
 3.953174e+00  3.878168e-02 
 3.953572e+00  3.989983e-02 
 3.953969e+00  4.099359e-02 
 3.954367e+00  4.207668e-02 
 3.954765e+00  4.312707e-02 
 3.955163e+00  4.416621e-02 
 3.955560e+00  4.519427e-02 
 3.955958e+00  4.618519e-02 
 3.956356e+00  4.714873e-02 
 3.956753e+00  4.809721e-02 
 3.957151e+00  4.904420e-02 
 3.957549e+00  4.995815e-02 
 3.957946e+00  5.086744e-02 
 3.958344e+00  5.176206e-02 
 3.958742e+00  5.261403e-02 
 3.959140e+00  5.344788e-02 
 3.959537e+00  5.426237e-02 
 3.959935e+00  5.505330e-02 
 3.960333e+00  5.582424e-02 
 3.960730e+00  5.657140e-02 
 3.961128e+00  5.728598e-02 
 3.961526e+00  5.797894e-02 
 3.961923e+00  5.867291e-02 
 3.962321e+00  5.935630e-02 
 3.962719e+00  6.002039e-02 
 3.963116e+00  6.066109e-02 
 3.963514e+00  6.127774e-02 
 3.963912e+00  6.186572e-02 
 3.964310e+00  6.242854e-02 
 3.964707e+00  6.297169e-02 
 3.965105e+00  6.347351e-02 
 3.965503e+00  6.394095e-02 
 3.965900e+00  6.438423e-02 
 3.966298e+00  6.479720e-02 
 3.966696e+00  6.518140e-02 
 3.967093e+00  6.555687e-02 
 3.967491e+00  6.591306e-02 
 3.967889e+00  6.622947e-02 
 3.968287e+00  6.651082e-02 
 3.968684e+00  6.676725e-02 
 3.969082e+00  6.699023e-02 
 3.969480e+00  6.718224e-02 
 3.969877e+00  6.734805e-02 
 3.970275e+00  6.747173e-02 
 3.970673e+00  6.755475e-02 
 3.971070e+00  6.761318e-02 
 3.971468e+00  6.766065e-02 
 3.971866e+00  6.766416e-02 
 3.972263e+00  6.766496e-02 
 3.972661e+00  6.762091e-02 
 3.973059e+00  6.754238e-02 
 3.973457e+00  6.741745e-02 
 3.973854e+00  6.727633e-02 
 3.974252e+00  6.710534e-02 
 3.974650e+00  6.688485e-02 
 3.975047e+00  6.663476e-02 
 3.975445e+00  6.634317e-02 
 3.975843e+00  6.601952e-02 
 3.976240e+00  6.567068e-02 
 3.976638e+00  6.529201e-02 
 3.977036e+00  6.488779e-02 
 3.977434e+00  6.445680e-02 
 3.977831e+00  6.399070e-02 
 3.978229e+00  6.349012e-02 
 3.978627e+00  6.295488e-02 
 3.979024e+00  6.239636e-02 
 3.979422e+00  6.179788e-02 
 3.979820e+00  6.116312e-02 
 3.980217e+00  6.048850e-02 
 3.980615e+00  5.979164e-02 
 3.981013e+00  5.906394e-02 
 3.981410e+00  5.831666e-02 
 3.981808e+00  5.755373e-02 
 3.982206e+00  5.676117e-02 
 3.982604e+00  5.594436e-02 
 3.983001e+00  5.509962e-02 
 3.983399e+00  5.422553e-02 
 3.983797e+00  5.332313e-02 
 3.984194e+00  5.239292e-02 
 3.984592e+00  5.143965e-02 
 3.984990e+00  5.044845e-02 
 3.985387e+00  4.943392e-02 
 3.985785e+00  4.839469e-02 
 3.986183e+00  4.734757e-02 
 3.986581e+00  4.628489e-02 
 3.986978e+00  4.521614e-02 
 3.987376e+00  4.412505e-02 
 3.987774e+00  4.302860e-02 
 3.988171e+00  4.192465e-02 
 3.988569e+00  4.079934e-02 
 3.988967e+00  3.966595e-02 
 3.989364e+00  3.851851e-02 
 3.989762e+00  3.736126e-02 
 3.990160e+00  3.618758e-02 
 3.990557e+00  3.501121e-02 
 3.990955e+00  3.384053e-02 
 3.991353e+00  3.266616e-02 
 3.991751e+00  3.148051e-02 
 3.992148e+00  3.029427e-02 
 3.992546e+00  2.910598e-02 
 3.992944e+00  2.791282e-02 
 3.993341e+00  2.672328e-02 
 3.993739e+00  2.552076e-02 
 3.994137e+00  2.431807e-02 
 3.994534e+00  2.310392e-02 
 3.994932e+00  2.188924e-02 
 3.995330e+00  2.067132e-02 
 3.995728e+00  1.945815e-02 
 3.996125e+00  1.825368e-02 
 3.996523e+00  1.705334e-02 
 3.996921e+00  1.585355e-02 
 3.997318e+00  1.466833e-02 
 3.997716e+00  1.347635e-02 
 3.998114e+00  1.229768e-02 
 3.998511e+00  1.111764e-02 
 3.998909e+00  9.933093e-03 
 3.999307e+00  8.746774e-03 
 3.999704e+00  7.561528e-03 
 4.000102e+00  6.395209e-03 
 4.000500e+00  5.228653e-03 
 4.000898e+00  4.076635e-03 
 4.001295e+00  2.940658e-03 
 4.001693e+00  1.802432e-03 
 4.002091e+00  6.859757e-04 
 4.002488e+00 -4.286442e-04 
 4.002886e+00 -1.529882e-03 
 4.003284e+00 -2.615944e-03 
 4.003681e+00 -3.709529e-03 
 4.004079e+00 -4.797115e-03 
 4.004477e+00 -5.884236e-03 
 4.004875e+00 -6.950624e-03 
 4.005272e+00 -8.011820e-03 
 4.005670e+00 -9.039784e-03 
 4.006068e+00 -1.006456e-02 
 4.006465e+00 -1.105489e-02 
 4.006863e+00 -1.202825e-02 
 4.007261e+00 -1.297812e-02 
 4.007658e+00 -1.391819e-02 
 4.008056e+00 -1.483544e-02 
 4.008454e+00 -1.574727e-02 
 4.008851e+00 -1.664960e-02 
 4.009249e+00 -1.753402e-02 
 4.009647e+00 -1.839351e-02 
 4.010045e+00 -1.921651e-02 
 4.010442e+00 -2.000907e-02 
 4.010840e+00 -2.077388e-02 
 4.011238e+00 -2.151254e-02 
 4.011635e+00 -2.221465e-02 
 4.012033e+00 -2.288972e-02 
 4.012431e+00 -2.354384e-02 
 4.012828e+00 -2.418116e-02 
 4.013226e+00 -2.478842e-02 
 4.013624e+00 -2.538954e-02 
 4.014022e+00 -2.596617e-02 
 4.014419e+00 -2.650443e-02 
 4.014817e+00 -2.700855e-02 
 4.015215e+00 -2.747562e-02 
 4.015612e+00 -2.788973e-02 
 4.016010e+00 -2.827658e-02 
 4.016408e+00 -2.862255e-02 
 4.016805e+00 -2.892609e-02 
 4.017203e+00 -2.919564e-02 
 4.017601e+00 -2.943787e-02 
 4.017998e+00 -2.966142e-02 
 4.018396e+00 -2.985533e-02 
 4.018794e+00 -3.002236e-02 
 4.019192e+00 -3.014481e-02 
 4.019589e+00 -3.021449e-02 
 4.019987e+00 -3.025683e-02 
 4.020385e+00 -3.026052e-02 
 4.020782e+00 -3.022887e-02 
 4.021180e+00 -3.015677e-02 
 4.021578e+00 -3.005393e-02 
 4.021975e+00 -2.990685e-02 
 4.022373e+00 -2.972327e-02 
 4.022771e+00 -2.953002e-02 
 4.023169e+00 -2.931205e-02 
 4.023566e+00 -2.905567e-02 
 4.023964e+00 -2.876550e-02 
 4.024362e+00 -2.844834e-02 
 4.024759e+00 -2.810257e-02 
 4.025157e+00 -2.771218e-02 
 4.025555e+00 -2.729799e-02 
 4.025952e+00 -2.683583e-02 
 4.026350e+00 -2.634209e-02 
 4.026748e+00 -2.582866e-02 
 4.027145e+00 -2.529050e-02 
 4.027543e+00 -2.474192e-02 
 4.027941e+00 -2.417526e-02 
 4.028339e+00 -2.359014e-02 
 4.028736e+00 -2.297420e-02 
 4.029134e+00 -2.232568e-02 
 4.029532e+00 -2.166313e-02 
 4.029929e+00 -2.096004e-02 
 4.030327e+00 -2.023544e-02 
 4.030725e+00 -1.948283e-02 
 4.031122e+00 -1.869679e-02 
 4.031520e+00 -1.789840e-02 
 4.031918e+00 -1.707882e-02 
 4.032316e+00 -1.625546e-02 
 4.032713e+00 -1.541792e-02 
 4.033111e+00 -1.457519e-02 
 4.033509e+00 -1.371578e-02 
 4.033906e+00 -1.283251e-02 
 4.034304e+00 -1.192885e-02 
 4.034702e+00 -1.100061e-02 
 4.035099e+00 -1.005008e-02 
 4.035497e+00 -9.071774e-03 
 4.035895e+00 -8.078703e-03 
 4.036292e+00 -7.069088e-03 
 4.036690e+00 -6.043246e-03 
 4.037088e+00 -5.023407e-03 
 4.037486e+00 -3.992669e-03 
 4.037883e+00 -2.947630e-03 
 4.038281e+00 -1.878258e-03 
 4.038679e+00 -7.929006e-04 
 4.039076e+00  3.164732e-04 
 4.039474e+00  1.452067e-03 
 4.039872e+00  2.587510e-03 
 4.040269e+00  3.739887e-03 
 4.040667e+00  4.912913e-03 
 4.041065e+00  6.101064e-03 
 4.041463e+00  7.295890e-03 
 4.041860e+00  8.487119e-03 
 4.042258e+00  9.678893e-03 
 4.042656e+00  1.087929e-02 
 4.043053e+00  1.208185e-02 
 4.043451e+00  1.330431e-02 
 4.043849e+00  1.454017e-02 
 4.044246e+00  1.577936e-02 
 4.044644e+00  1.702609e-02 
 4.045042e+00  1.829010e-02 
 4.045439e+00  1.954199e-02 
 4.045837e+00  2.081130e-02 
 4.046235e+00  2.208243e-02 
 4.046633e+00  2.333647e-02 
 4.047030e+00  2.457285e-02 
 4.047428e+00  2.582295e-02 
 4.047826e+00  2.705851e-02 
 4.048223e+00  2.829822e-02 
 4.048621e+00  2.955190e-02 
 4.049019e+00  3.079107e-02 
 4.049416e+00  3.201687e-02 
 4.049814e+00  3.324084e-02 
 4.050212e+00  3.448551e-02 
 4.050610e+00  3.569972e-02 
 4.051007e+00  3.691956e-02 
 4.051405e+00  3.812240e-02 
 4.051803e+00  3.929094e-02 
 4.052200e+00  4.043683e-02 
 4.052598e+00  4.156934e-02 
 4.052996e+00  4.268208e-02 
 4.053393e+00  4.378287e-02 
 4.053791e+00  4.486381e-02 
 4.054189e+00  4.592852e-02 
 4.054586e+00  4.697610e-02 
 4.054984e+00  4.801741e-02 
 4.055382e+00  4.903896e-02 
 4.055780e+00  5.002966e-02 
 4.056177e+00  5.100246e-02 
 4.056575e+00  5.192824e-02 
 4.056973e+00  5.282539e-02 
 4.057370e+00  5.370410e-02 
 4.057768e+00  5.456480e-02 
 4.058166e+00  5.539510e-02 
 4.058563e+00  5.620588e-02 
 4.058961e+00  5.698210e-02 
 4.059359e+00  5.773504e-02 
 4.059757e+00  5.845831e-02 
 4.060154e+00  5.917214e-02 
 4.060552e+00  5.984354e-02 
 4.060950e+00  6.047510e-02 
 4.061347e+00  6.108100e-02 
 4.061745e+00  6.165172e-02 
 4.062143e+00  6.218399e-02 
 4.062540e+00  6.269955e-02 
 4.062938e+00  6.319220e-02 
 4.063336e+00  6.364436e-02 
 4.063733e+00  6.407985e-02 
 4.064131e+00  6.448494e-02 
 4.064529e+00  6.486875e-02 
 4.064927e+00  6.521996e-02 
 4.065324e+00  6.556634e-02 
 4.065722e+00  6.586707e-02 
 4.066120e+00  6.613192e-02 
 4.066517e+00  6.636629e-02 
 4.066915e+00  6.658724e-02 
 4.067313e+00  6.677550e-02 
 4.067710e+00  6.695155e-02 
 4.068108e+00  6.707614e-02 
 4.068506e+00  6.718199e-02 
 4.068904e+00  6.724679e-02 
 4.069301e+00  6.729778e-02 
 4.069699e+00  6.733317e-02 
 4.070097e+00  6.734666e-02 
 4.070494e+00  6.731970e-02 
 4.070892e+00  6.727034e-02 
 4.071290e+00  6.718273e-02 
 4.071687e+00  6.705337e-02 
 4.072085e+00  6.689893e-02 
 4.072483e+00  6.671505e-02 
 4.072880e+00  6.648568e-02 
 4.073278e+00  6.622976e-02 
 4.073676e+00  6.595471e-02 
 4.074074e+00  6.566071e-02 
 4.074471e+00  6.533732e-02 
 4.074869e+00  6.499537e-02 
 4.075267e+00  6.462088e-02 
 4.075664e+00  6.420829e-02 
 4.076062e+00  6.375343e-02 
 4.076460e+00  6.327547e-02 
 4.076857e+00  6.276821e-02 
 4.077255e+00  6.223161e-02 
 4.077653e+00  6.167283e-02 
 4.078051e+00  6.106910e-02 
 4.078448e+00  6.044498e-02 
 4.078846e+00  5.980208e-02 
 4.079244e+00  5.914942e-02 
 4.079641e+00  5.846514e-02 
 4.080039e+00  5.775618e-02 
 4.080437e+00  5.701694e-02 
 4.080834e+00  5.623816e-02 
 4.081232e+00  5.541934e-02 
 4.081630e+00  5.458174e-02 
 4.082027e+00  5.370944e-02 
 4.082425e+00  5.282111e-02 
 4.082823e+00  5.190773e-02 
 4.083221e+00  5.097400e-02 
 4.083618e+00  5.002444e-02 
 4.084016e+00  4.907169e-02 
 4.084414e+00  4.810418e-02 
 4.084811e+00  4.710544e-02 
 4.085209e+00  4.609001e-02 
 4.085607e+00  4.504412e-02 
 4.086004e+00  4.397395e-02 
 4.086402e+00  4.289172e-02 
 4.086800e+00  4.179075e-02 
 4.087198e+00  4.064632e-02 
 4.087595e+00  3.949058e-02 
 4.087993e+00  3.831938e-02 
 4.088391e+00  3.713226e-02 
 4.088788e+00  3.593079e-02 
 4.089186e+00  3.474681e-02 
 4.089584e+00  3.354400e-02 
 4.089981e+00  3.232031e-02 
 4.090379e+00  3.108210e-02 
 4.090777e+00  2.983917e-02 
 4.091174e+00  2.856715e-02 
 4.091572e+00  2.729215e-02 
 4.091970e+00  2.600986e-02 
 4.092368e+00  2.471810e-02 
 4.092765e+00  2.342774e-02 
 4.093163e+00  2.215257e-02 
 4.093561e+00  2.087808e-02 
 4.093958e+00  1.961156e-02 
 4.094356e+00  1.837273e-02 
 4.094754e+00  1.711928e-02 
 4.095151e+00  1.586469e-02 
 4.095549e+00  1.462833e-02 
 4.095947e+00  1.338517e-02 
 4.096345e+00  1.214479e-02 
 4.096742e+00  1.090484e-02 
 4.097140e+00  9.667010e-03 
 4.097538e+00  8.444570e-03 
 4.097935e+00  7.241085e-03 
 4.098333e+00  6.063619e-03 
 4.098731e+00  4.910596e-03 
 4.099128e+00  3.768295e-03 
 4.099526e+00  2.648834e-03 
 4.099924e+00  1.539969e-03 
 4.100321e+00  4.326832e-04 
 4.100719e+00 -6.713594e-04 
 4.101117e+00 -1.769832e-03 
 4.101515e+00 -2.849815e-03 
 4.101912e+00 -3.920606e-03 
 4.102310e+00 -4.981201e-03 
 4.102708e+00 -6.016057e-03 
 4.103105e+00 -7.018358e-03 
 4.103503e+00 -8.002197e-03 
 4.103901e+00 -8.973396e-03 
 4.104298e+00 -9.924176e-03 
 4.104696e+00 -1.085617e-02 
 4.105094e+00 -1.177729e-02 
 4.105492e+00 -1.268680e-02 
 4.105889e+00 -1.358915e-02 
 4.106287e+00 -1.447097e-02 
 4.106685e+00 -1.535600e-02 
 4.107082e+00 -1.621634e-02 
 4.107480e+00 -1.706176e-02 
 4.107878e+00 -1.786980e-02 
 4.108275e+00 -1.866178e-02 
 4.108673e+00 -1.942967e-02 
 4.109071e+00 -2.017366e-02 
 4.109468e+00 -2.089269e-02 
 4.109866e+00 -2.160523e-02 
 4.110264e+00 -2.228711e-02 
 4.110662e+00 -2.295030e-02 
 4.111059e+00 -2.360477e-02 
 4.111457e+00 -2.422819e-02 
 4.111855e+00 -2.482098e-02 
 4.112252e+00 -2.539988e-02 
 4.112650e+00 -2.593101e-02 
 4.113048e+00 -2.641589e-02 
 4.113445e+00 -2.687987e-02 
 4.113843e+00 -2.731281e-02 
 4.114241e+00 -2.770681e-02 
 4.114639e+00 -2.807301e-02 
 4.115036e+00 -2.841845e-02 
 4.115434e+00 -2.871684e-02 
 4.115832e+00 -2.901771e-02 
 4.116229e+00 -2.930312e-02 
 4.116627e+00 -2.954055e-02 
 4.117025e+00 -2.973817e-02 
 4.117422e+00 -2.990744e-02 
 4.117820e+00 -3.002592e-02 
 4.118218e+00 -3.010755e-02 
 4.118615e+00 -3.014459e-02 
 4.119013e+00 -3.016541e-02 
 4.119411e+00 -3.013577e-02 
 4.119809e+00 -3.008365e-02 
 4.120206e+00 -3.001604e-02 
 4.120604e+00 -2.992123e-02 
 4.121002e+00 -2.980689e-02 
 4.121399e+00 -2.965585e-02 
 4.121797e+00 -2.946824e-02 
 4.122195e+00 -2.922843e-02 
 4.122592e+00 -2.895626e-02 
 4.122990e+00 -2.865293e-02 
 4.123388e+00 -2.829647e-02 
 4.123786e+00 -2.790881e-02 
 4.124183e+00 -2.748702e-02 
 4.124581e+00 -2.702861e-02 
 4.124979e+00 -2.655225e-02 
 4.125376e+00 -2.604947e-02 
 4.125774e+00 -2.553107e-02 
 4.126172e+00 -2.498346e-02 
 4.126569e+00 -2.440132e-02 
 4.126967e+00 -2.377210e-02 
 4.127365e+00 -2.310084e-02 
 4.127762e+00 -2.241790e-02 
 4.128160e+00 -2.168376e-02 
 4.128558e+00 -2.092652e-02 
 4.128956e+00 -2.014153e-02 
 4.129353e+00 -1.933509e-02 
 4.129751e+00 -1.849895e-02 
 4.130149e+00 -1.766226e-02 
 4.130546e+00 -1.680903e-02 
 4.130944e+00 -1.593185e-02 
 4.131342e+00 -1.503341e-02 
 4.131739e+00 -1.409957e-02 
 4.132137e+00 -1.312978e-02 
 4.132535e+00 -1.215451e-02 
 4.132933e+00 -1.115157e-02 
 4.133330e+00 -1.013875e-02 
 4.133728e+00 -9.096998e-03 
 4.134126e+00 -8.034637e-03 
 4.134523e+00 -6.982365e-03 
 4.134921e+00 -5.912805e-03 
 4.135319e+00 -4.852780e-03 
 4.135716e+00 -3.787306e-03 
 4.136114e+00 -2.707605e-03 
 4.136512e+00 -1.602455e-03 
 4.136909e+00 -4.861422e-04 
 4.137307e+00  6.361059e-04 
 4.137705e+00  1.777027e-03 
 4.138103e+00  2.925586e-03 
 4.138500e+00  4.064273e-03 
 4.138898e+00  5.235303e-03 
 4.139296e+00  6.397899e-03 
 4.139693e+00  7.552489e-03 
 4.140091e+00  8.691901e-03 
 4.140489e+00  9.851857e-03 
 4.140886e+00  1.101418e-02 
 4.141284e+00  1.217122e-02 
 4.141682e+00  1.335156e-02 
 4.142080e+00  1.454122e-02 
 4.142477e+00  1.572638e-02 
 4.142875e+00  1.692779e-02 
 4.143273e+00  1.813590e-02 
 4.143670e+00  1.934520e-02 
 4.144068e+00  2.054788e-02 
 4.144466e+00  2.175986e-02 
 4.144863e+00  2.294697e-02 
 4.145261e+00  2.413840e-02 
 4.145659e+00  2.533543e-02 
 4.146056e+00  2.654386e-02 
 4.146454e+00  2.774295e-02 
 4.146852e+00  2.895069e-02 
 4.147250e+00  3.017320e-02 
 4.147647e+00  3.137925e-02 
 4.148045e+00  3.257417e-02 
 4.148443e+00  3.378106e-02 
 4.148840e+00  3.495795e-02 
 4.149238e+00  3.611712e-02 
 4.149636e+00  3.727780e-02 
 4.150033e+00  3.841951e-02 
 4.150431e+00  3.954299e-02 
 4.150829e+00  4.067738e-02 
 4.151227e+00  4.181369e-02 
 4.151624e+00  4.292835e-02 
 4.152022e+00  4.402955e-02 
 4.152420e+00  4.513446e-02 
 4.152817e+00  4.621747e-02 
 4.153215e+00  4.728299e-02 
 4.153613e+00  4.833701e-02 
 4.154010e+00  4.935328e-02 
 4.154408e+00  5.035556e-02 
 4.154806e+00  5.132550e-02 
 4.155203e+00  5.227644e-02 
 4.155601e+00  5.320685e-02 
 4.155999e+00  5.412121e-02 
 4.156397e+00  5.501686e-02 
 4.156794e+00  5.586898e-02 
 4.157192e+00  5.670006e-02 
 4.157590e+00  5.752001e-02 
 4.157987e+00  5.830400e-02 
 4.158385e+00  5.905643e-02 
 4.158783e+00  5.978155e-02 
 4.159180e+00  6.046951e-02 
 4.159578e+00  6.111629e-02 
 4.159976e+00  6.173499e-02 
 4.160374e+00  6.233437e-02 
 4.160771e+00  6.289936e-02 
 4.161169e+00  6.343697e-02 
 4.161567e+00  6.393929e-02 
 4.161964e+00  6.441389e-02 
 4.162362e+00  6.485322e-02 
 4.162760e+00  6.527897e-02 
 4.163157e+00  6.567333e-02 
 4.163555e+00  6.602589e-02 
 4.163953e+00  6.633023e-02 
 4.164350e+00  6.659108e-02 
 4.164748e+00  6.683480e-02 
 4.165146e+00  6.702768e-02 
 4.165544e+00  6.721453e-02 
 4.165941e+00  6.735872e-02 
 4.166339e+00  6.746572e-02 
 4.166737e+00  6.755100e-02 
 4.167134e+00  6.761167e-02 
 4.167532e+00  6.764800e-02 
 4.167930e+00  6.765426e-02 
 4.168327e+00  6.762829e-02 
 4.168725e+00  6.755992e-02 
 4.169123e+00  6.744601e-02 
 4.169521e+00  6.731282e-02 
 4.169918e+00  6.715792e-02 
 4.170316e+00  6.696020e-02 
 4.170714e+00  6.674354e-02 
 4.171111e+00  6.650189e-02 
 4.171509e+00  6.622773e-02 
 4.171907e+00  6.593244e-02 
 4.172304e+00  6.562551e-02 
 4.172702e+00  6.528611e-02 
 4.173100e+00  6.492149e-02 
 4.173497e+00  6.451686e-02 
 4.173895e+00  6.408801e-02 
 4.174293e+00  6.361418e-02 
 4.174691e+00  6.313069e-02 
 4.175088e+00  6.262280e-02 
 4.175486e+00  6.207448e-02 
 4.175884e+00  6.150660e-02 
 4.176281e+00  6.089806e-02 
 4.176679e+00  6.027663e-02 
 4.177077e+00  5.963045e-02 
 4.177474e+00  5.896606e-02 
 4.177872e+00  5.827291e-02 
 4.178270e+00  5.755409e-02 
 4.178668e+00  5.681336e-02 
 4.179065e+00  5.603820e-02 
 4.179463e+00  5.524371e-02 
 4.179861e+00  5.444426e-02 
 4.180258e+00  5.360027e-02 
 4.180656e+00  5.274193e-02 
 4.181054e+00  5.186467e-02 
 4.181451e+00  5.096328e-02 
 4.181849e+00  5.004261e-02 
 4.182247e+00  4.911629e-02 
 4.182644e+00  4.815916e-02 
 4.183042e+00  4.718299e-02 
 4.183440e+00  4.618257e-02 
 4.183838e+00  4.516313e-02 
 4.184235e+00  4.411430e-02 
 4.184633e+00  4.305590e-02 
 4.185031e+00  4.196923e-02 
 4.185428e+00  4.087210e-02 
 4.185826e+00  3.974227e-02 
 4.186224e+00  3.862350e-02 
 4.186621e+00  3.748275e-02 
 4.187019e+00  3.635105e-02 
 4.187417e+00  3.520229e-02 
 4.187815e+00  3.403909e-02 
 4.188212e+00  3.285677e-02 
 4.188610e+00  3.165355e-02 
 4.189008e+00  3.044274e-02 
 4.189405e+00  2.922086e-02 
 4.189803e+00  2.798341e-02 
 4.190201e+00  2.674659e-02 
 4.190598e+00  2.550313e-02 
 4.190996e+00  2.425766e-02 
 4.191394e+00  2.302058e-02 
 4.191791e+00  2.178217e-02 
 4.192189e+00  2.054042e-02 
 4.192587e+00  1.929018e-02 
 4.192985e+00  1.803334e-02 
 4.193382e+00  1.676605e-02 
 4.193780e+00  1.550943e-02 
 4.194178e+00  1.423883e-02 
 4.194575e+00  1.296856e-02 
 4.194973e+00  1.170184e-02 
 4.195371e+00  1.043546e-02 
 4.195768e+00  9.185205e-03 
 4.196166e+00  7.950703e-03 
 4.196564e+00  6.732471e-03 
 4.196962e+00  5.513906e-03 
 4.197359e+00  4.304551e-03 
 4.197757e+00  3.106493e-03 
 4.198155e+00  1.906498e-03 
 4.198552e+00  7.239346e-04 
 4.198950e+00 -4.509770e-04 
 4.199348e+00 -1.601695e-03 
 4.199745e+00 -2.746673e-03 
 4.200143e+00 -3.877618e-03 
 4.200541e+00 -4.971751e-03 
 4.200938e+00 -6.046212e-03 
 4.201336e+00 -7.111742e-03 
 4.201734e+00 -8.142227e-03 
 4.202132e+00 -9.154661e-03 
 4.202529e+00 -1.016140e-02 
 4.202927e+00 -1.113825e-02 
 4.203325e+00 -1.210650e-02 
 4.203722e+00 -1.305607e-02 
 4.204120e+00 -1.399269e-02 
 4.204518e+00 -1.489934e-02 
 4.204915e+00 -1.577530e-02 
 4.205313e+00 -1.663383e-02 
 4.205711e+00 -1.743964e-02 
 4.206108e+00 -1.822023e-02 
 4.206506e+00 -1.896970e-02 
 4.206904e+00 -1.969333e-02 
 4.207302e+00 -2.039637e-02 
 4.207699e+00 -2.107910e-02 
 4.208097e+00 -2.174876e-02 
 4.208495e+00 -2.239041e-02 
 4.208892e+00 -2.300624e-02 
 4.209290e+00 -2.359865e-02 
 4.209688e+00 -2.415838e-02 
 4.210085e+00 -2.469534e-02 
 4.210483e+00 -2.519102e-02 
 4.210881e+00 -2.566118e-02 
 4.211279e+00 -2.609596e-02 
 4.211676e+00 -2.650676e-02 
 4.212074e+00 -2.690957e-02 
 4.212472e+00 -2.728535e-02 
 4.212869e+00 -2.762856e-02 
 4.213267e+00 -2.796025e-02 
 4.213665e+00 -2.827290e-02 
 4.214062e+00 -2.854534e-02 
 4.214460e+00 -2.880363e-02 
 4.214858e+00 -2.902001e-02 
 4.215255e+00 -2.919052e-02 
 4.215653e+00 -2.933401e-02 
 4.216051e+00 -2.945914e-02 
 4.216449e+00 -2.956038e-02 
 4.216846e+00 -2.962957e-02 
 4.217244e+00 -2.968484e-02 
 4.217642e+00 -2.971272e-02 
 4.218039e+00 -2.969761e-02 
 4.218437e+00 -2.966793e-02 
 4.218835e+00 -2.960689e-02 
 4.219232e+00 -2.950556e-02 
 4.219630e+00 -2.936251e-02 
 4.220028e+00 -2.917785e-02 
 4.220426e+00 -2.895616e-02 
 4.220823e+00 -2.870976e-02 
 4.221221e+00 -2.843422e-02 
 4.221619e+00 -2.812094e-02 
 4.222016e+00 -2.778950e-02 
 4.222414e+00 -2.742746e-02 
 4.222812e+00 -2.702418e-02 
 4.223209e+00 -2.660079e-02 
 4.223607e+00 -2.615981e-02 
 4.224005e+00 -2.567038e-02 
 4.224402e+00 -2.515042e-02 
 4.224800e+00 -2.458432e-02 
 4.225198e+00 -2.398670e-02 
 4.225596e+00 -2.335106e-02 
 4.225993e+00 -2.270725e-02 
 4.226391e+00 -2.202892e-02 
 4.226789e+00 -2.131916e-02 
 4.227186e+00 -2.058699e-02 
 4.227584e+00 -1.983389e-02 
 4.227982e+00 -1.905418e-02 
 4.228379e+00 -1.824448e-02 
 4.228777e+00 -1.742378e-02 
 4.229175e+00 -1.656300e-02 
 4.229573e+00 -1.566799e-02 
 4.229970e+00 -1.474382e-02 
 4.230368e+00 -1.379638e-02 
 4.230766e+00 -1.283878e-02 
 4.231163e+00 -1.185531e-02 
 4.231561e+00 -1.085903e-02 
 4.231959e+00 -9.841779e-03 
 4.232356e+00 -8.813323e-03 
 4.232754e+00 -7.774545e-03 
 4.233152e+00 -6.732170e-03 
 4.233549e+00 -5.674213e-03 
 4.233947e+00 -4.574935e-03 
 4.234345e+00 -3.465611e-03 
 4.234743e+00 -2.321816e-03 
 4.235140e+00 -1.153629e-03 
 4.235538e+00  1.392397e-05 
 4.235936e+00  1.186004e-03 
 4.236333e+00  2.377493e-03 
 4.236731e+00  3.568040e-03 
 4.237129e+00  4.755951e-03 
 4.237526e+00  5.952749e-03 
 4.237924e+00  7.156810e-03 
 4.238322e+00  8.345974e-03 
 4.238720e+00  9.571887e-03 
 4.239117e+00  1.081937e-02 
 4.239515e+00  1.206087e-02 
 4.239913e+00  1.331364e-02 
 4.240310e+00  1.457158e-02 
 4.240708e+00  1.583102e-02 
 4.241106e+00  1.706953e-02 
 4.241503e+00  1.832647e-02 
 4.241901e+00  1.957277e-02 
 4.242299e+00  2.079536e-02 
 4.242696e+00  2.200475e-02 
 4.243094e+00  2.321036e-02 
 4.243492e+00  2.442164e-02 
 4.243890e+00  2.563942e-02 
 4.244287e+00  2.685003e-02 
 4.244685e+00  2.805221e-02 
 4.245083e+00  2.924668e-02 
 4.245480e+00  3.041912e-02 
 4.245878e+00  3.159071e-02 
 4.246276e+00  3.273502e-02 
 4.246673e+00  3.388570e-02 
 4.247071e+00  3.500230e-02 
 4.247469e+00  3.612360e-02 
 4.247867e+00  3.721990e-02 
 4.248264e+00  3.831727e-02 
 4.248662e+00  3.941762e-02 
 4.249060e+00  4.050351e-02 
 4.249457e+00  4.158064e-02 
 4.249855e+00  4.263836e-02 
 4.250253e+00  4.368477e-02 
 4.250650e+00  4.471984e-02 
 4.251048e+00  4.574263e-02 
 4.251446e+00  4.674109e-02 
 4.251843e+00  4.772375e-02 
 4.252241e+00  4.868045e-02 
 4.252639e+00  4.962247e-02 
 4.253037e+00  5.055202e-02 
 4.253434e+00  5.148143e-02 
 4.253832e+00  5.239500e-02 
 4.254230e+00  5.329974e-02 
 4.254627e+00  5.418631e-02 
 4.255025e+00  5.504621e-02 
 4.255423e+00  5.588317e-02 
 4.255820e+00  5.670153e-02 
 4.256218e+00  5.750187e-02 
 4.256616e+00  5.827428e-02 
 4.257014e+00  5.901772e-02 
 4.257411e+00  5.973958e-02 
 4.257809e+00  6.043024e-02 
 4.258207e+00  6.110119e-02 
 4.258604e+00  6.175421e-02 
 4.259002e+00  6.238691e-02 
 4.259400e+00  6.298401e-02 
 4.259797e+00  6.354689e-02 
 4.260195e+00  6.408426e-02 
 4.260593e+00  6.459253e-02 
 4.260990e+00  6.506924e-02 
 4.261388e+00  6.550613e-02 
 4.261786e+00  6.588755e-02 
 4.262184e+00  6.624077e-02 
 4.262581e+00  6.655895e-02 
 4.262979e+00  6.685294e-02 
 4.263377e+00  6.711793e-02 
 4.263774e+00  6.735855e-02 
 4.264172e+00  6.755646e-02 
 4.264570e+00  6.771386e-02 
 4.264967e+00  6.784027e-02 
 4.265365e+00  6.792727e-02 
 4.265763e+00  6.798310e-02 
 4.266161e+00  6.800786e-02 
 4.266558e+00  6.799104e-02 
 4.266956e+00  6.793912e-02 
 4.267354e+00  6.785136e-02 
 4.267751e+00  6.774196e-02 
 4.268149e+00  6.760364e-02 
 4.268547e+00  6.743573e-02 
 4.268944e+00  6.722931e-02 
 4.269342e+00  6.698772e-02 
 4.269740e+00  6.672665e-02 
 4.270137e+00  6.643039e-02 
 4.270535e+00  6.609848e-02 
 4.270933e+00  6.573712e-02 
 4.271331e+00  6.533868e-02 
 4.271728e+00  6.489588e-02 
 4.272126e+00  6.442202e-02 
 4.272524e+00  6.393245e-02 
 4.272921e+00  6.342625e-02 
 4.273319e+00  6.288616e-02 
 4.273717e+00  6.232346e-02 
 4.274114e+00  6.173066e-02 
 4.274512e+00  6.111666e-02 
 4.274910e+00  6.048624e-02 
 4.275308e+00  5.983164e-02 
 4.275705e+00  5.914872e-02 
 4.276103e+00  5.844407e-02 
 4.276501e+00  5.769033e-02 
 4.276898e+00  5.691677e-02 
 4.277296e+00  5.612558e-02 
 4.277694e+00  5.529805e-02 
 4.278091e+00  5.446659e-02 
 4.278489e+00  5.360035e-02 
 4.278887e+00  5.272585e-02 
 4.279284e+00  5.183801e-02 
 4.279682e+00  5.094109e-02 
 4.280080e+00  5.002687e-02 
 4.280478e+00  4.907679e-02 
 4.280875e+00  4.810292e-02 
 4.281273e+00  4.710888e-02 
 4.281671e+00  4.609005e-02 
 4.282068e+00  4.506729e-02 
 4.282466e+00  4.402601e-02 
 4.282864e+00  4.298180e-02 
 4.283261e+00  4.192856e-02 
 4.283659e+00  4.085301e-02 
 4.284057e+00  3.977284e-02 
 4.284455e+00  3.868258e-02 
 4.284852e+00  3.757719e-02 
 4.285250e+00  3.646340e-02 
 4.285648e+00  3.532541e-02 
 4.286045e+00  3.417475e-02 
 4.286443e+00  3.300554e-02 
 4.286841e+00  3.183728e-02 
 4.287238e+00  3.066006e-02 
 4.287636e+00  2.946505e-02 
 4.288034e+00  2.827089e-02 
 4.288431e+00  2.707245e-02 
 4.288829e+00  2.586554e-02 
 4.289227e+00  2.466307e-02 
 4.289625e+00  2.344733e-02 
 4.290022e+00  2.222053e-02 
 4.290420e+00  2.098902e-02 
 4.290818e+00  1.974297e-02 
 4.291215e+00  1.849621e-02 
 4.291613e+00  1.724817e-02 
 4.292011e+00  1.600602e-02 
 4.292408e+00  1.476674e-02 
 4.292806e+00  1.351231e-02 
 4.293204e+00  1.227146e-02 
 4.293602e+00  1.104183e-02 
 4.293999e+00  9.811950e-03 
 4.294397e+00  8.596217e-03 
 4.294795e+00  7.392627e-03 
 4.295192e+00  6.193015e-03 
 4.295590e+00  4.990504e-03 
 4.295988e+00  3.790574e-03 
 4.296385e+00  2.603379e-03 
 4.296783e+00  1.414506e-03 
 4.297181e+00  2.383764e-04 
 4.297578e+00 -9.259138e-04 
 4.297976e+00 -2.079791e-03 
 4.298374e+00 -3.205360e-03 
 4.298772e+00 -4.316024e-03 
 4.299169e+00 -5.402390e-03 
 4.299567e+00 -6.486196e-03 
 4.299965e+00 -7.551897e-03 
 4.300362e+00 -8.605807e-03 
 4.300760e+00 -9.652901e-03 
 4.301158e+00 -1.068969e-02 
 4.301555e+00 -1.169926e-02 
 4.301953e+00 -1.268495e-02 
 4.302351e+00 -1.365301e-02 
 4.302749e+00 -1.458362e-02 
 4.303146e+00 -1.549612e-02 
 4.303544e+00 -1.636626e-02 
 4.303942e+00 -1.721157e-02 
 4.304339e+00 -1.802553e-02 
 4.304737e+00 -1.882470e-02 
 4.305135e+00 -1.961574e-02 
 4.305532e+00 -2.038339e-02 
 4.305930e+00 -2.113090e-02 
 4.306328e+00 -2.185876e-02 
 4.306725e+00 -2.254872e-02 
 4.307123e+00 -2.320916e-02 
 4.307521e+00 -2.383857e-02 
 4.307919e+00 -2.441467e-02 
 4.308316e+00 -2.496180e-02 
 4.308714e+00 -2.547125e-02 
 4.309112e+00 -2.594654e-02 
 4.309509e+00 -2.639818e-02 
 4.309907e+00 -2.684019e-02 
 4.310305e+00 -2.724575e-02 
 4.310702e+00 -2.762468e-02 
 4.311100e+00 -2.797230e-02 
 4.311498e+00 -2.829923e-02 
 4.311896e+00 -2.857925e-02 
 4.312293e+00 -2.883780e-02 
 4.312691e+00 -2.904474e-02 
 4.313089e+00 -2.922088e-02 
 4.313486e+00 -2.936265e-02 
 4.313884e+00 -2.947154e-02 
 4.314282e+00 -2.955364e-02 
 4.314679e+00 -2.961337e-02 
 4.315077e+00 -2.964288e-02 
 4.315475e+00 -2.964874e-02 
 4.315872e+00 -2.963292e-02 
 4.316270e+00 -2.958786e-02 
 4.316668e+00 -2.952467e-02 
 4.317066e+00 -2.941829e-02 
 4.317463e+00 -2.927883e-02 
 4.317861e+00 -2.909900e-02 
 4.318259e+00 -2.889569e-02 
 4.318656e+00 -2.865741e-02 
 4.319054e+00 -2.839614e-02 
 4.319452e+00 -2.812053e-02 
 4.319849e+00 -2.782382e-02 
 4.320247e+00 -2.749155e-02 
 4.320645e+00 -2.715340e-02 
 4.321043e+00 -2.677513e-02 
 4.321440e+00 -2.637471e-02 
 4.321838e+00 -2.594053e-02 
 4.322236e+00 -2.547593e-02 
 4.322633e+00 -2.496762e-02 
 4.323031e+00 -2.441587e-02 
 4.323429e+00 -2.384616e-02 
 4.323826e+00 -2.326176e-02 
 4.324224e+00 -2.263204e-02 
 4.324622e+00 -2.199277e-02 
 4.325019e+00 -2.133556e-02 
 4.325417e+00 -2.064341e-02 
 4.325815e+00 -1.993900e-02 
 4.326213e+00 -1.920680e-02 
 4.326610e+00 -1.844257e-02 
 4.327008e+00 -1.763333e-02 
 4.327406e+00 -1.680071e-02 
 4.327803e+00 -1.593321e-02 
 4.328201e+00 -1.503836e-02 
 4.328599e+00 -1.413993e-02 
 4.328996e+00 -1.322347e-02 
 4.329394e+00 -1.227383e-02 
 4.329792e+00 -1.131435e-02 
 4.330190e+00 -1.033175e-02 
 4.330587e+00 -9.321815e-03 
 4.330985e+00 -8.302697e-03 
 4.331383e+00 -7.262527e-03 
 4.331780e+00 -6.200804e-03 
 4.332178e+00 -5.116942e-03 
 4.332576e+00 -4.012944e-03 
 4.332973e+00 -2.888326e-03 
 4.333371e+00 -1.757432e-03 
 4.333769e+00 -6.124475e-04 
 4.334166e+00  5.460855e-04 
 4.334564e+00  1.728170e-03 
 4.334962e+00  2.905278e-03 
 4.335360e+00  4.102978e-03 
 4.335757e+00  5.298935e-03 
 4.336155e+00  6.503442e-03 
 4.336553e+00  7.725496e-03 
 4.336950e+00  8.968460e-03 
 4.337348e+00  1.021474e-02 
 4.337746e+00  1.146686e-02 
 4.338143e+00  1.271521e-02 
 4.338541e+00  1.396508e-02 
 4.338939e+00  1.521245e-02 
 4.339337e+00  1.646798e-02 
 4.339734e+00  1.772571e-02 
 4.340132e+00  1.897811e-02 
 4.340530e+00  2.021705e-02 
 4.340927e+00  2.146032e-02 
 4.341325e+00  2.269527e-02 
 4.341723e+00  2.394823e-02 
 4.342120e+00  2.521441e-02 
 4.342518e+00  2.646359e-02 
 4.342916e+00  2.770332e-02 
 4.343313e+00  2.894778e-02 
 4.343711e+00  3.017661e-02 
 4.344109e+00  3.138949e-02 
 4.344507e+00  3.259279e-02 
 4.344904e+00  3.377777e-02 
 4.345302e+00  3.494483e-02 
 4.345700e+00  3.609735e-02 
 4.346097e+00  3.723859e-02 
 4.346495e+00  3.838824e-02 
 4.346893e+00  3.952399e-02 
 4.347290e+00  4.064393e-02 
 4.347688e+00  4.173640e-02 
 4.348086e+00  4.281262e-02 
 4.348484e+00  4.387035e-02 
 4.348881e+00  4.490846e-02 
 4.349279e+00  4.593416e-02 
 4.349677e+00  4.692857e-02 
 4.350074e+00  4.790089e-02 
 4.350472e+00  4.884909e-02 
 4.350870e+00  4.977641e-02 
 4.351267e+00  5.069799e-02 
 4.351665e+00  5.160367e-02 
 4.352063e+00  5.249678e-02 
 4.352460e+00  5.335471e-02 
 4.352858e+00  5.418627e-02 
 4.353256e+00  5.499041e-02 
 4.353654e+00  5.578611e-02 
 4.354051e+00  5.654816e-02 
 4.354449e+00  5.729482e-02 
 4.354847e+00  5.801472e-02 
 4.355244e+00  5.870848e-02 
 4.355642e+00  5.938150e-02 
 4.356040e+00  6.004820e-02 
 4.356437e+00  6.068462e-02 
 4.356835e+00  6.130230e-02 
 4.357233e+00  6.189451e-02 
 4.357631e+00  6.245300e-02 
 4.358028e+00  6.297981e-02 
 4.358426e+00  6.349301e-02 
 4.358824e+00  6.398388e-02 
 4.359221e+00  6.444656e-02 
 4.359619e+00  6.487608e-02 
 4.360017e+00  6.527316e-02 
 4.360414e+00  6.565413e-02 
 4.360812e+00  6.600219e-02 
 4.361210e+00  6.633570e-02 
 4.361607e+00  6.663125e-02 
 4.362005e+00  6.690185e-02 
 4.362403e+00  6.713883e-02 
 4.362801e+00  6.733726e-02 
 4.363198e+00  6.751255e-02 
 4.363596e+00  6.765562e-02 
 4.363994e+00  6.777417e-02 
 4.364391e+00  6.785374e-02 
 4.364789e+00  6.789645e-02 
 4.365187e+00  6.789241e-02 
 4.365584e+00  6.786773e-02 
 4.365982e+00  6.780511e-02 
 4.366380e+00  6.770316e-02 
 4.366778e+00  6.757524e-02 
 4.367175e+00  6.739937e-02 
 4.367573e+00  6.719566e-02 
 4.367971e+00  6.694934e-02 
 4.368368e+00  6.668488e-02 
 4.368766e+00  6.638367e-02 
 4.369164e+00  6.604392e-02 
 4.369561e+00  6.567349e-02 
 4.369959e+00  6.526690e-02 
 4.370357e+00  6.483342e-02 
 4.370754e+00  6.437808e-02 
 4.371152e+00  6.389113e-02 
 4.371550e+00  6.336806e-02 
 4.371948e+00  6.280851e-02 
 4.372345e+00  6.223107e-02 
 4.372743e+00  6.162604e-02 
 4.373141e+00  6.098586e-02 
 4.373538e+00  6.032660e-02 
 4.373936e+00  5.962496e-02 
 4.374334e+00  5.890485e-02 
 4.374731e+00  5.815216e-02 
 4.375129e+00  5.737281e-02 
 4.375527e+00  5.657126e-02 
 4.375925e+00  5.575898e-02 
 4.376322e+00  5.492691e-02 
 4.376720e+00  5.404831e-02 
 4.377118e+00  5.317641e-02 
 4.377515e+00  5.228023e-02 
 4.377913e+00  5.136058e-02 
 4.378311e+00  5.042450e-02 
 4.378708e+00  4.946641e-02 
 4.379106e+00  4.847587e-02 
 4.379504e+00  4.746573e-02 
 4.379901e+00  4.644137e-02 
 4.380299e+00  4.540605e-02 
 4.380697e+00  4.434579e-02 
 4.381095e+00  4.328214e-02 
 4.381492e+00  4.219840e-02 
 4.381890e+00  4.108352e-02 
 4.382288e+00  3.998465e-02 
 4.382685e+00  3.886931e-02 
 4.383083e+00  3.774079e-02 
 4.383481e+00  3.658417e-02 
 4.383878e+00  3.541858e-02 
 4.384276e+00  3.423485e-02 
 4.384674e+00  3.304305e-02 
 4.385072e+00  3.185521e-02 
 4.385469e+00  3.066251e-02 
 4.385867e+00  2.945241e-02 
 4.386265e+00  2.824373e-02 
 4.386662e+00  2.703485e-02 
 4.387060e+00  2.582272e-02 
 4.387458e+00  2.461278e-02 
 4.387855e+00  2.340947e-02 
 4.388253e+00  2.219031e-02 
 4.388651e+00  2.095508e-02 
 4.389048e+00  1.972938e-02 
 4.389446e+00  1.850583e-02 
 4.389844e+00  1.729268e-02 
 4.390242e+00  1.608073e-02 
 4.390639e+00  1.486390e-02 
 4.391037e+00  1.366130e-02 
 4.391435e+00  1.246332e-02 
 4.391832e+00  1.127556e-02 
 4.392230e+00  1.010208e-02 
 4.392628e+00  8.922601e-03 
 4.393025e+00  7.739165e-03 
 4.393423e+00  6.558843e-03 
 4.393821e+00  5.378907e-03 
 4.394219e+00  4.192485e-03 
 4.394616e+00  3.036638e-03 
 4.395014e+00  1.880763e-03 
 4.395412e+00  7.280547e-04 
 4.395809e+00 -4.048778e-04 
 4.396207e+00 -1.519976e-03 
 4.396605e+00 -2.620190e-03 
 4.397002e+00 -3.719892e-03 
 4.397400e+00 -4.793433e-03 
 4.397798e+00 -5.867169e-03 
 4.398195e+00 -6.938979e-03 
 4.398593e+00 -7.989487e-03 
 4.398991e+00 -9.040443e-03 
 4.399389e+00 -1.006896e-02 
 4.399786e+00 -1.107058e-02 
 4.400184e+00 -1.206755e-02 
 4.400582e+00 -1.304178e-02 
 4.400979e+00 -1.400067e-02 
 4.401377e+00 -1.492678e-02 
 4.401775e+00 -1.583964e-02 
 4.402172e+00 -1.673228e-02 
 4.402570e+00 -1.759231e-02 
 4.402968e+00 -1.845087e-02 
 4.403366e+00 -1.926850e-02 
 4.403763e+00 -2.007553e-02 
 4.404161e+00 -2.084635e-02 
 4.404559e+00 -2.159334e-02 
 4.404956e+00 -2.230731e-02 
 4.405354e+00 -2.298975e-02 
 4.405752e+00 -2.365115e-02 
 4.406149e+00 -2.427222e-02 
 4.406547e+00 -2.485756e-02 
 4.406945e+00 -2.541660e-02 
 4.407342e+00 -2.594771e-02 
 4.407740e+00 -2.644584e-02 
 4.408138e+00 -2.692013e-02 
 4.408536e+00 -2.735562e-02 
 4.408933e+00 -2.775528e-02 
 4.409331e+00 -2.812593e-02 
 4.409729e+00 -2.846848e-02 
 4.410126e+00 -2.876407e-02 
 4.410524e+00 -2.902379e-02 
 4.410922e+00 -2.925022e-02 
 4.411319e+00 -2.944063e-02 
 4.411717e+00 -2.959169e-02 
 4.412115e+00 -2.972496e-02 
 4.412513e+00 -2.983735e-02 
 4.412910e+00 -2.991802e-02 
 4.413308e+00 -2.997057e-02 
 4.413706e+00 -2.999740e-02 
 4.414103e+00 -2.999027e-02 
 4.414501e+00 -2.995213e-02 
 4.414899e+00 -2.987374e-02 
 4.415296e+00 -2.975667e-02 
 4.415694e+00 -2.960140e-02 
 4.416092e+00 -2.941359e-02 
 4.416489e+00 -2.920015e-02 
 4.416887e+00 -2.895633e-02 
 4.417285e+00 -2.870513e-02 
 4.417683e+00 -2.842393e-02 
 4.418080e+00 -2.809772e-02 
 4.418478e+00 -2.775872e-02 
 4.418876e+00 -2.737139e-02 
 4.419273e+00 -2.696611e-02 
 4.419671e+00 -2.652389e-02 
 4.420069e+00 -2.604820e-02 
 4.420466e+00 -2.553299e-02 
 4.420864e+00 -2.498606e-02 
 4.421262e+00 -2.442758e-02 
 4.421660e+00 -2.384488e-02 
 4.422057e+00 -2.324302e-02 
 4.422455e+00 -2.261922e-02 
 4.422853e+00 -2.196868e-02 
 4.423250e+00 -2.128777e-02 
 4.423648e+00 -2.058341e-02 
 4.424046e+00 -1.984551e-02 
 4.424443e+00 -1.907780e-02 
 4.424841e+00 -1.829220e-02 
 4.425239e+00 -1.747662e-02 
 4.425636e+00 -1.663549e-02 
 4.426034e+00 -1.578015e-02 
 4.426432e+00 -1.491350e-02 
 4.426830e+00 -1.404122e-02 
 4.427227e+00 -1.314081e-02 
 4.427625e+00 -1.222366e-02 
 4.428023e+00 -1.128166e-02 
 4.428420e+00 -1.032111e-02 
 4.428818e+00 -9.337121e-03 
 4.429216e+00 -8.345611e-03 
 4.429613e+00 -7.329850e-03 
 4.430011e+00 -6.295824e-03 
 4.430409e+00 -5.223949e-03 
 4.430807e+00 -4.161082e-03 
 4.431204e+00 -3.075716e-03 
 4.431602e+00 -1.987990e-03 
 4.432000e+00 -8.870040e-04 
 4.432397e+00  2.377864e-04 
 4.432795e+00  1.364287e-03 
 4.433193e+00  2.508863e-03 
 4.433590e+00  3.651841e-03 
 4.433988e+00  4.823024e-03 
 4.434386e+00  6.005800e-03 
 4.434783e+00  7.194502e-03 
 4.435181e+00  8.407833e-03 
 4.435579e+00  9.629340e-03 
 4.435977e+00  1.083328e-02 
 4.436374e+00  1.205173e-02 
 4.436772e+00  1.328834e-02 
 4.437170e+00  1.452332e-02 
 4.437567e+00  1.577783e-02 
 4.437965e+00  1.703219e-02 
 4.438363e+00  1.828967e-02 
 4.438760e+00  1.953885e-02 
 4.439158e+00  2.080925e-02 
 4.439556e+00  2.208667e-02 
 4.439954e+00  2.336687e-02 
 4.440351e+00  2.463964e-02 
 4.440749e+00  2.590319e-02 
 4.441147e+00  2.714742e-02 
 4.441544e+00  2.839947e-02 
 4.441942e+00  2.963051e-02 
 4.442340e+00  3.084886e-02 
 4.442737e+00  3.207886e-02 
 4.443135e+00  3.328831e-02 
 4.443533e+00  3.448623e-02 
 4.443930e+00  3.568129e-02 
 4.444328e+00  3.687824e-02 
 4.444726e+00  3.805427e-02 
 4.445124e+00  3.921805e-02 
 4.445521e+00  4.035865e-02 
 4.445919e+00  4.147171e-02 
 4.446317e+00  4.256744e-02 
 4.446714e+00  4.366434e-02 
 4.447112e+00  4.473261e-02 
 4.447510e+00  4.579488e-02 
 4.447907e+00  4.682780e-02 
 4.448305e+00  4.783361e-02 
 4.448703e+00  4.880718e-02 
 4.449101e+00  4.979334e-02 
 4.449498e+00  5.074809e-02 
 4.449896e+00  5.168415e-02 
 4.450294e+00  5.259426e-02 
 4.450691e+00  5.347246e-02 
 4.451089e+00  5.432587e-02 
 4.451487e+00  5.514530e-02 
 4.451884e+00  5.595493e-02 
 4.452282e+00  5.672645e-02 
 4.452680e+00  5.747339e-02 
 4.453077e+00  5.819170e-02 
 4.453475e+00  5.888246e-02 
 4.453873e+00  5.955244e-02 
 4.454271e+00  6.020937e-02 
 4.454668e+00  6.083229e-02 
 4.455066e+00  6.142825e-02 
 4.455464e+00  6.198709e-02 
 4.455861e+00  6.251838e-02 
 4.456259e+00  6.302969e-02 
 4.456657e+00  6.351036e-02 
 4.457054e+00  6.396363e-02 
 4.457452e+00  6.437224e-02 
 4.457850e+00  6.475492e-02 
 4.458248e+00  6.511883e-02 
 4.458645e+00  6.546455e-02 
 4.459043e+00  6.580220e-02 
 4.459441e+00  6.610325e-02 
 4.459838e+00  6.638024e-02 
 4.460236e+00  6.662209e-02 
 4.460634e+00  6.683489e-02 
 4.461031e+00  6.700356e-02 
 4.461429e+00  6.714921e-02 
 4.461827e+00  6.726989e-02 
 4.462224e+00  6.735011e-02 
 4.462622e+00  6.740462e-02 
 4.463020e+00  6.743547e-02 
 4.463418e+00  6.745006e-02 
 4.463815e+00  6.744015e-02 
 4.464213e+00  6.740582e-02 
 4.464611e+00  6.733200e-02 
 4.465008e+00  6.723835e-02 
 4.465406e+00  6.709650e-02 
 4.465804e+00  6.694058e-02 
 4.466201e+00  6.675462e-02 
 4.466599e+00  6.654143e-02 
 4.466997e+00  6.627199e-02 
 4.467395e+00  6.597654e-02 
 4.467792e+00  6.564994e-02 
 4.468190e+00  6.529626e-02 
 4.468588e+00  6.491559e-02 
 4.468985e+00  6.449915e-02 
 4.469383e+00  6.405863e-02 
 4.469781e+00  6.356821e-02 
 4.470178e+00  6.305039e-02 
 4.470576e+00  6.251118e-02 
 4.470974e+00  6.192738e-02 
 4.471371e+00  6.131922e-02 
 4.471769e+00  6.068515e-02 
 4.472167e+00  6.001515e-02 
 4.472565e+00  5.930104e-02 
 4.472962e+00  5.857455e-02 
 4.473360e+00  5.781502e-02 
 4.473758e+00  5.702687e-02 
 4.474155e+00  5.621840e-02 
 4.474553e+00  5.538536e-02 
 4.474951e+00  5.451403e-02 
 4.475348e+00  5.363596e-02 
 4.475746e+00  5.274276e-02 
 4.476144e+00  5.181752e-02 
 4.476542e+00  5.086680e-02 
 4.476939e+00  4.988644e-02 
 4.477337e+00  4.889746e-02 
 4.477735e+00  4.787291e-02 
 4.478132e+00  4.684193e-02 
 4.478530e+00  4.580488e-02 
 4.478928e+00  4.474954e-02 
 4.479325e+00  4.367842e-02 
 4.479723e+00  4.259305e-02 
 4.480121e+00  4.149544e-02 
 4.480518e+00  4.037874e-02 
 4.480916e+00  3.926213e-02 
 4.481314e+00  3.811687e-02 
 4.481712e+00  3.695070e-02 
 4.482109e+00  3.578172e-02 
 4.482507e+00  3.459776e-02 
 4.482905e+00  3.341094e-02 
 4.483302e+00  3.222395e-02 
 4.483700e+00  3.103683e-02 
 4.484098e+00  2.983387e-02 
 4.484495e+00  2.863222e-02 
 4.484893e+00  2.743386e-02 
 4.485291e+00  2.622592e-02 
 4.485689e+00  2.501852e-02 
 4.486086e+00  2.379600e-02 
 4.486484e+00  2.255326e-02 
 4.486882e+00  2.130775e-02 
 4.487279e+00  2.006717e-02 
 4.487677e+00  1.882295e-02 
 4.488075e+00  1.758562e-02 
 4.488472e+00  1.635628e-02 
 4.488870e+00  1.512880e-02 
 4.489268e+00  1.389071e-02 
 4.489665e+00  1.267491e-02 
 4.490063e+00  1.145693e-02 
 4.490461e+00  1.023608e-02 
 4.490859e+00  9.024570e-03 
 4.491256e+00  7.816246e-03 
 4.491654e+00  6.610882e-03 
 4.492052e+00  5.409241e-03 
 4.492449e+00  4.230875e-03 
 4.492847e+00  3.073448e-03 
 4.493245e+00  1.916347e-03 
 4.493642e+00  7.681803e-04 
 4.494040e+00 -3.521950e-04 
 4.494438e+00 -1.456963e-03 
 4.494836e+00 -2.540771e-03 
 4.495233e+00 -3.624121e-03 
 4.495631e+00 -4.690526e-03 
 4.496029e+00 -5.761949e-03 
 4.496426e+00 -6.819201e-03 
 4.496824e+00 -7.856204e-03 
 4.497222e+00 -8.881953e-03 
 4.497619e+00 -9.879403e-03 
 4.498017e+00 -1.085582e-02 
 4.498415e+00 -1.180080e-02 
 4.498812e+00 -1.274430e-02 
 4.499210e+00 -1.364652e-02 
 4.499608e+00 -1.452843e-02 
 4.500006e+00 -1.540969e-02 
 4.500403e+00 -1.627539e-02 
 4.500801e+00 -1.711578e-02 
 4.501199e+00 -1.795215e-02 
 4.501596e+00 -1.876895e-02 
 4.501994e+00 -1.955170e-02 
 4.502392e+00 -2.031708e-02 
 4.502789e+00 -2.106266e-02 
 4.503187e+00 -2.178195e-02 
 4.503585e+00 -2.245586e-02 
 4.503983e+00 -2.310341e-02 
 4.504380e+00 -2.371777e-02 
 4.504778e+00 -2.431108e-02 
 4.505176e+00 -2.489543e-02 
 4.505573e+00 -2.546174e-02 
 4.505971e+00 -2.600117e-02 
 4.506369e+00 -2.651026e-02 
 4.506766e+00 -2.698743e-02 
 4.507164e+00 -2.742950e-02 
 4.507562e+00 -2.784114e-02 
 4.507959e+00 -2.822123e-02 
 4.508357e+00 -2.855540e-02 
 4.508755e+00 -2.886298e-02 
 4.509153e+00 -2.913724e-02 
 4.509550e+00 -2.938380e-02 
 4.509948e+00 -2.959551e-02 
 4.510346e+00 -2.979242e-02 
 4.510743e+00 -2.995482e-02 
 4.511141e+00 -3.007405e-02 
 4.511539e+00 -3.016239e-02 
 4.511936e+00 -3.020858e-02 
 4.512334e+00 -3.022353e-02 
 4.512732e+00 -3.020446e-02 
 4.513130e+00 -3.013464e-02 
 4.513527e+00 -3.001908e-02 
 4.513925e+00 -2.987071e-02 
 4.514323e+00 -2.969224e-02 
 4.514720e+00 -2.948957e-02 
 4.515118e+00 -2.926322e-02 
 4.515516e+00 -2.901189e-02 
 4.515913e+00 -2.872405e-02 
 4.516311e+00 -2.840228e-02 
 4.516709e+00 -2.804982e-02 
 4.517106e+00 -2.765824e-02 
 4.517504e+00 -2.723981e-02 
 4.517902e+00 -2.678689e-02 
 4.518300e+00 -2.630530e-02 
 4.518697e+00 -2.578485e-02 
 4.519095e+00 -2.524491e-02 
 4.519493e+00 -2.468643e-02 
 4.519890e+00 -2.409596e-02 
 4.520288e+00 -2.348427e-02 
 4.520686e+00 -2.285347e-02 
 4.521083e+00 -2.219963e-02 
 4.521481e+00 -2.151734e-02 
 4.521879e+00 -2.080522e-02 
 4.522277e+00 -2.007837e-02 
 4.522674e+00 -1.931120e-02 
 4.523072e+00 -1.851182e-02 
 4.523470e+00 -1.769374e-02 
 4.523867e+00 -1.685132e-02 
 4.524265e+00 -1.599518e-02 
 4.524663e+00 -1.513026e-02 
 4.525060e+00 -1.425022e-02 
 4.525458e+00 -1.335079e-02 
 4.525856e+00 -1.242502e-02 
 4.526253e+00 -1.148855e-02 
 4.526651e+00 -1.050993e-02 
 4.527049e+00 -9.519970e-03 
 4.527447e+00 -8.511137e-03 
 4.527844e+00 -7.471973e-03 
 4.528242e+00 -6.418524e-03 
 4.528640e+00 -5.349479e-03 
 4.529037e+00 -4.279774e-03 
 4.529435e+00 -3.195430e-03 
 4.529833e+00 -2.120625e-03 
 4.530230e+00 -1.022325e-03 
 4.530628e+00  9.777857e-05 
 4.531026e+00  1.226103e-03 
 4.531424e+00  2.360670e-03 
 4.531821e+00  3.518367e-03 
 4.532219e+00  4.699967e-03 
 4.532617e+00  5.893199e-03 
 4.533014e+00  7.099057e-03 
 4.533412e+00  8.318702e-03 
 4.533810e+00  9.526652e-03 
 4.534207e+00  1.072984e-02 
 4.534605e+00  1.193650e-02 
 4.535003e+00  1.315181e-02 
 4.535400e+00  1.437213e-02 
 4.535798e+00  1.560316e-02 
 4.536196e+00  1.683152e-02 
 4.536594e+00  1.805841e-02 
 4.536991e+00  1.928440e-02 
 4.537389e+00  2.052097e-02 
 4.537787e+00  2.175473e-02 
 4.538184e+00  2.299145e-02 
 4.538582e+00  2.421109e-02 
 4.538980e+00  2.543634e-02 
 4.539377e+00  2.664854e-02 
 4.539775e+00  2.786178e-02 
 4.540173e+00  2.908322e-02 
 4.540571e+00  3.029025e-02 
 4.540968e+00  3.148350e-02 
 4.541366e+00  3.266459e-02 
 4.541764e+00  3.384852e-02 
 4.542161e+00  3.501946e-02 
 4.542559e+00  3.620526e-02 
 4.542957e+00  3.737845e-02 
 4.543354e+00  3.852360e-02 
 4.543752e+00  3.966278e-02 
 4.544150e+00  4.079602e-02 
 4.544547e+00  4.191496e-02 
 4.544945e+00  4.302157e-02 
 4.545343e+00  4.411904e-02 
 4.545741e+00  4.518984e-02 
 4.546138e+00  4.623639e-02 
 4.546536e+00  4.727455e-02 
 4.546934e+00  4.829689e-02 
 4.547331e+00  4.930363e-02 
 4.547729e+00  5.030627e-02 
 4.548127e+00  5.127665e-02 
 4.548524e+00  5.220836e-02 
 4.548922e+00  5.312862e-02 
 4.549320e+00  5.403950e-02 
 4.549718e+00  5.490921e-02 
 4.550115e+00  5.575297e-02 
 4.550513e+00  5.656892e-02 
 4.550911e+00  5.735257e-02 
 4.551308e+00  5.810891e-02 
 4.551706e+00  5.885160e-02 
 4.552104e+00  5.957832e-02 
 4.552501e+00  6.026918e-02 
 4.552899e+00  6.093476e-02 
 4.553297e+00  6.155791e-02 
 4.553694e+00  6.214808e-02 
 4.554092e+00  6.272142e-02 
 4.554490e+00  6.325804e-02 
 4.554888e+00  6.376002e-02 
 4.555285e+00  6.422273e-02 
 4.555683e+00  6.465063e-02 
 4.556081e+00  6.504284e-02 
 4.556478e+00  6.539597e-02 
 4.556876e+00  6.574995e-02 
 4.557274e+00  6.605065e-02 
 4.557671e+00  6.632283e-02 
 4.558069e+00  6.656821e-02 
 4.558467e+00  6.677977e-02 
 4.558865e+00  6.696141e-02 
 4.559262e+00  6.712038e-02 
 4.559660e+00  6.725859e-02 
 4.560058e+00  6.735177e-02 
 4.560455e+00  6.740328e-02 
 4.560853e+00  6.743579e-02 
 4.561251e+00  6.744354e-02 
 4.561648e+00  6.742449e-02 
 4.562046e+00  6.738256e-02 
 4.562444e+00  6.731131e-02 
 4.562841e+00  6.720661e-02 
 4.563239e+00  6.707655e-02 
 4.563637e+00  6.691349e-02 
 4.564035e+00  6.674208e-02 
 4.564432e+00  6.652183e-02 
 4.564830e+00  6.627938e-02 
 4.565228e+00  6.599581e-02 
 4.565625e+00  6.567771e-02 
 4.566023e+00  6.534272e-02 
 4.566421e+00  6.499811e-02 
 4.566818e+00  6.461898e-02 
 4.567216e+00  6.421242e-02 
 4.567614e+00  6.378919e-02 
 4.568012e+00  6.332969e-02 
 4.568409e+00  6.284082e-02 
 4.568807e+00  6.233683e-02 
 4.569205e+00  6.179163e-02 
 4.569602e+00  6.120410e-02 
 4.570000e+00  6.059410e-02 
 4.570398e+00  5.995861e-02 
 4.570795e+00  5.928264e-02 
 4.571193e+00  5.860415e-02 
 4.571591e+00  5.790738e-02 
 4.571988e+00  5.718525e-02 
 4.572386e+00  5.642579e-02 
 4.572784e+00  5.564882e-02 
 4.573182e+00  5.483733e-02 
 4.573579e+00  5.400634e-02 
 4.573977e+00  5.314403e-02 
 4.574375e+00  5.225606e-02 
 4.574772e+00  5.133400e-02 
 4.575170e+00  5.038827e-02 
 4.575568e+00  4.942111e-02 
 4.575965e+00  4.843815e-02 
 4.576363e+00  4.745086e-02 
 4.576761e+00  4.642945e-02 
 4.577159e+00  4.538929e-02 
 4.577556e+00  4.432602e-02 
 4.577954e+00  4.324622e-02 
 4.578352e+00  4.215055e-02 
 4.578749e+00  4.103526e-02 
 4.579147e+00  3.990647e-02 
 4.579545e+00  3.874727e-02 
 4.579942e+00  3.757627e-02 
 4.580340e+00  3.639439e-02 
 4.580738e+00  3.521058e-02 
 4.581135e+00  3.401001e-02 
 4.581533e+00  3.280775e-02 
 4.581931e+00  3.159787e-02 
 4.582329e+00  3.036477e-02 
 4.582726e+00  2.912936e-02 
 4.583124e+00  2.789748e-02 
 4.583522e+00  2.665467e-02 
 4.583919e+00  2.539259e-02 
 4.584317e+00  2.412947e-02 
 4.584715e+00  2.286084e-02 
 4.585112e+00  2.158919e-02 
 4.585510e+00  2.030724e-02 
 4.585908e+00  1.905513e-02 
 4.586306e+00  1.779184e-02 
 4.586703e+00  1.653840e-02 
 4.587101e+00  1.530090e-02 
 4.587499e+00  1.407400e-02 
 4.587896e+00  1.284153e-02 
 4.588294e+00  1.162019e-02 
 4.588692e+00  1.040933e-02 
 4.589089e+00  9.188288e-03 
 4.589487e+00  7.973402e-03 
 4.589885e+00  6.785520e-03 
 4.590282e+00  5.589933e-03 
 4.590680e+00  4.421991e-03 
 4.591078e+00  3.272537e-03 
 4.591476e+00  2.123646e-03 
 4.591873e+00  9.848085e-04 
 4.592271e+00 -1.271075e-04 
 4.592669e+00 -1.228370e-03 
 4.593066e+00 -2.331858e-03 
 4.593464e+00 -3.429948e-03 
 4.593862e+00 -4.496684e-03 
 4.594259e+00 -5.575660e-03 
 4.594657e+00 -6.630297e-03 
 4.595055e+00 -7.654216e-03 
 4.595453e+00 -8.668399e-03 
 4.595850e+00 -9.656510e-03 
 4.596248e+00 -1.063552e-02 
 4.596646e+00 -1.158360e-02 
 4.597043e+00 -1.252459e-02 
 4.597441e+00 -1.344065e-02 
 4.597839e+00 -1.434577e-02 
 4.598236e+00 -1.524423e-02 
 4.598634e+00 -1.612565e-02 
 4.599032e+00 -1.697882e-02 
 4.599429e+00 -1.781515e-02 
 4.599827e+00 -1.861822e-02 
 4.600225e+00 -1.938101e-02 
 4.600623e+00 -2.013387e-02 
 4.601020e+00 -2.085648e-02 
 4.601418e+00 -2.155269e-02 
 4.601816e+00 -2.221445e-02 
 4.602213e+00 -2.285227e-02 
 4.602611e+00 -2.347182e-02 
 4.603009e+00 -2.407399e-02 
 4.603406e+00 -2.466041e-02 
 4.603804e+00 -2.522538e-02 
 4.604202e+00 -2.574572e-02 
 4.604600e+00 -2.624411e-02 
 4.604997e+00 -2.669726e-02 
 4.605395e+00 -2.713352e-02 
 4.605793e+00 -2.752903e-02 
 4.606190e+00 -2.788749e-02 
 4.606588e+00 -2.823017e-02 
 4.606986e+00 -2.852214e-02 
 4.607383e+00 -2.879238e-02 
 4.607781e+00 -2.905716e-02 
 4.608179e+00 -2.927965e-02 
 4.608576e+00 -2.947922e-02 
 4.608974e+00 -2.965524e-02 
 4.609372e+00 -2.978720e-02 
 4.609770e+00 -2.987846e-02 
 4.610167e+00 -2.994985e-02 
 4.610565e+00 -3.000096e-02 
 4.610963e+00 -2.998733e-02 
 4.611360e+00 -2.994795e-02 
 4.611758e+00 -2.988745e-02 
 4.612156e+00 -2.978846e-02 
 4.612553e+00 -2.967829e-02 
 4.612951e+00 -2.954195e-02 
 4.613349e+00 -2.937881e-02 
 4.613747e+00 -2.917290e-02 
 4.614144e+00 -2.893858e-02 
 4.614542e+00 -2.865922e-02 
 4.614940e+00 -2.835005e-02 
 4.615337e+00 -2.799872e-02 
 4.615735e+00 -2.761641e-02 
 4.616133e+00 -2.719101e-02 
 4.616530e+00 -2.673528e-02 
 4.616928e+00 -2.625465e-02 
 4.617326e+00 -2.574779e-02 
 4.617723e+00 -2.521088e-02 
 4.618121e+00 -2.464466e-02 
 4.618519e+00 -2.405691e-02 
 4.618917e+00 -2.342784e-02 
 4.619314e+00 -2.275839e-02 
 4.619712e+00 -2.206007e-02 
 4.620110e+00 -2.132241e-02 
 4.620507e+00 -2.055261e-02 
 4.620905e+00 -1.975534e-02 
 4.621303e+00 -1.892030e-02 
 4.621700e+00 -1.807690e-02 
 4.622098e+00 -1.721762e-02 
 4.622496e+00 -1.634485e-02 
 4.622894e+00 -1.545402e-02 
 4.623291e+00 -1.454404e-02 
 4.623689e+00 -1.359998e-02 
 4.624087e+00 -1.264539e-02 
 4.624484e+00 -1.166803e-02 
 4.624882e+00 -1.067045e-02 
 4.625280e+00 -9.656391e-03 
 4.625677e+00 -8.632161e-03 
 4.626075e+00 -7.581620e-03 
 4.626473e+00 -6.516864e-03 
 4.626870e+00 -5.452291e-03 
 4.627268e+00 -4.387466e-03 
 4.627666e+00 -3.302489e-03 
 4.628064e+00 -2.202118e-03 
 4.628461e+00 -1.095943e-03 
 4.628859e+00  2.836073e-05 
 4.629257e+00  1.162540e-03 
 4.629654e+00  2.302361e-03 
 4.630052e+00  3.454765e-03 
 4.630450e+00  4.634863e-03 
 4.630847e+00  5.803132e-03 
 4.631245e+00  6.975554e-03 
 4.631643e+00  8.148930e-03 
 4.632041e+00  9.326609e-03 
 4.632438e+00  1.049364e-02 
 4.632836e+00  1.168308e-02 
 4.633234e+00  1.288877e-02 
 4.633631e+00  1.408953e-02 
 4.634029e+00  1.529818e-02 
 4.634427e+00  1.651401e-02 
 4.634824e+00  1.773942e-02 
 4.635222e+00  1.895996e-02 
 4.635620e+00  2.020484e-02 
 4.636017e+00  2.143455e-02 
 4.636415e+00  2.266171e-02 
 4.636813e+00  2.388066e-02 
 4.637211e+00  2.509601e-02 
 4.637608e+00  2.630084e-02 
 4.638006e+00  2.751909e-02 
 4.638404e+00  2.873321e-02 
 4.638801e+00  2.993970e-02 
 4.639199e+00  3.114209e-02 
 4.639597e+00  3.234168e-02 
 4.639994e+00  3.354950e-02 
 4.640392e+00  3.474348e-02 
 4.640790e+00  3.592825e-02 
 4.641188e+00  3.709083e-02 
 4.641585e+00  3.823045e-02 
 4.641983e+00  3.935304e-02 
 4.642381e+00  4.046155e-02 
 4.642778e+00  4.157269e-02 
 4.643176e+00  4.266113e-02 
 4.643574e+00  4.373592e-02 
 4.643971e+00  4.479910e-02 
 4.644369e+00  4.583665e-02 
 4.644767e+00  4.686708e-02 
 4.645164e+00  4.789100e-02 
 4.645562e+00  4.889460e-02 
 4.645960e+00  4.986179e-02 
 4.646358e+00  5.080950e-02 
 4.646755e+00  5.172266e-02 
 4.647153e+00  5.263257e-02 
 4.647551e+00  5.352132e-02 
 4.647948e+00  5.439777e-02 
 4.648346e+00  5.523820e-02 
 4.648744e+00  5.607727e-02 
 4.649141e+00  5.688843e-02 
 4.649539e+00  5.767598e-02 
 4.649937e+00  5.845300e-02 
 4.650335e+00  5.920492e-02 
 4.650732e+00  5.991675e-02 
 4.651130e+00  6.058491e-02 
 4.651528e+00  6.124293e-02 
 4.651925e+00  6.186050e-02 
 4.652323e+00  6.245931e-02 
 4.652721e+00  6.303862e-02 
 4.653118e+00  6.358226e-02 
 4.653516e+00  6.407798e-02 
 4.653914e+00  6.456221e-02 
 4.654311e+00  6.501312e-02 
 4.654709e+00  6.542805e-02 
 4.655107e+00  6.583147e-02 
 4.655505e+00  6.619763e-02 
 4.655902e+00  6.651863e-02 
 4.656300e+00  6.680131e-02 
 4.656698e+00  6.706674e-02 
 4.657095e+00  6.728856e-02 
 4.657493e+00  6.747847e-02 
 4.657891e+00  6.761754e-02 
 4.658288e+00  6.773134e-02 
 4.658686e+00  6.779410e-02 
 4.659084e+00  6.784427e-02 
 4.659482e+00  6.786938e-02 
 4.659879e+00  6.784586e-02 
 4.660277e+00  6.780409e-02 
 4.660675e+00  6.771196e-02 
 4.661072e+00  6.758290e-02 
 4.661470e+00  6.742212e-02 
 4.661868e+00  6.724162e-02 
 4.662265e+00  6.702639e-02 
 4.662663e+00  6.676421e-02 
 4.663061e+00  6.648367e-02 
 4.663458e+00  6.616754e-02 
 4.663856e+00  6.582931e-02 
 4.664254e+00  6.547766e-02 
 4.664652e+00  6.510935e-02 
 4.665049e+00  6.470167e-02 
 4.665447e+00  6.425868e-02 
 4.665845e+00  6.379945e-02 
 4.666242e+00  6.330714e-02 
 4.666640e+00  6.277947e-02 
 4.667038e+00  6.222726e-02 
 4.667435e+00  6.166080e-02 
 4.667833e+00  6.106097e-02 
 4.668231e+00  6.043682e-02 
 4.668629e+00  5.980618e-02 
 4.669026e+00  5.915295e-02 
 4.669424e+00  5.848954e-02 
 4.669822e+00  5.779767e-02 
 4.670219e+00  5.706950e-02 
 4.670617e+00  5.630876e-02 
 4.671015e+00  5.553690e-02 
 4.671412e+00  5.473600e-02 
 4.671810e+00  5.391030e-02 
 4.672208e+00  5.305862e-02 
 4.672605e+00  5.218804e-02 
 4.673003e+00  5.128149e-02 
 4.673401e+00  5.035770e-02 
 4.673799e+00  4.943436e-02 
 4.674196e+00  4.849910e-02 
 4.674594e+00  4.753510e-02 
 4.674992e+00  4.655230e-02 
 4.675389e+00  4.555762e-02 
 4.675787e+00  4.452495e-02 
 4.676185e+00  4.347595e-02 
 4.676582e+00  4.241425e-02 
 4.676980e+00  4.131551e-02 
 4.677378e+00  4.019652e-02 
 4.677776e+00  3.906727e-02 
 4.678173e+00  3.793254e-02 
 4.678571e+00  3.678223e-02 
 4.678969e+00  3.563190e-02 
 4.679366e+00  3.448277e-02 
 4.679764e+00  3.330435e-02 
 4.680162e+00  3.210945e-02 
 4.680559e+00  3.091240e-02 
 4.680957e+00  2.969728e-02 
 4.681355e+00  2.847075e-02 
 4.681752e+00  2.722943e-02 
 4.682150e+00  2.597748e-02 
 4.682548e+00  2.471348e-02 
 4.682946e+00  2.345134e-02 
 4.683343e+00  2.221986e-02 
 4.683741e+00  2.097662e-02 
 4.684139e+00  1.974469e-02 
 4.684536e+00  1.851484e-02 
 4.684934e+00  1.727594e-02 
 4.685332e+00  1.601883e-02 
 4.685729e+00  1.477626e-02 
 4.686127e+00  1.350972e-02 
 4.686525e+00  1.223776e-02 
 4.686923e+00  1.097427e-02 
 4.687320e+00  9.716565e-03 
 4.687718e+00  8.468927e-03 
 4.688116e+00  7.253240e-03 
 4.688513e+00  6.056874e-03 
 4.688911e+00  4.853021e-03 
 4.689309e+00  3.664195e-03 
 4.689706e+00  2.485085e-03 
 4.690104e+00  1.307974e-03 
 4.690502e+00  1.405893e-04 
 4.690899e+00 -1.021488e-03 
 4.691297e+00 -2.179176e-03 
 4.691695e+00 -3.326224e-03 
 4.692093e+00 -4.459869e-03 
 4.692490e+00 -5.565779e-03 
 4.692888e+00 -6.649957e-03 
 4.693286e+00 -7.702320e-03 
 4.693683e+00 -8.732092e-03 
 4.694081e+00 -9.741527e-03 
 4.694479e+00 -1.072480e-02 
 4.694876e+00 -1.169350e-02 
 4.695274e+00 -1.264142e-02 
 4.695672e+00 -1.358611e-02 
 4.696070e+00 -1.449865e-02 
 4.696467e+00 -1.539726e-02 
 4.696865e+00 -1.627290e-02 
 4.697263e+00 -1.711541e-02 
 4.697660e+00 -1.792986e-02 
 4.698058e+00 -1.871749e-02 
 4.698456e+00 -1.947316e-02 
 4.698853e+00 -2.019755e-02 
 4.699251e+00 -2.090788e-02 
 4.699649e+00 -2.159003e-02 
 4.700046e+00 -2.223356e-02 
 4.700444e+00 -2.286320e-02 
 4.700842e+00 -2.347064e-02 
 4.701240e+00 -2.406318e-02 
 4.701637e+00 -2.462099e-02 
 4.702035e+00 -2.516270e-02 
 4.702433e+00 -2.565910e-02 
 4.702830e+00 -2.611770e-02 
 4.703228e+00 -2.653588e-02 
 4.703626e+00 -2.692823e-02 
 4.704023e+00 -2.728893e-02 
 4.704421e+00 -2.762602e-02 
 4.704819e+00 -2.794474e-02 
 4.705217e+00 -2.824463e-02 
 4.705614e+00 -2.852159e-02 
 4.706012e+00 -2.878447e-02 
 4.706410e+00 -2.902738e-02 
 4.706807e+00 -2.921947e-02 
 4.707205e+00 -2.937642e-02 
 4.707603e+00 -2.950952e-02 
 4.708000e+00 -2.959702e-02 
 4.708398e+00 -2.966090e-02 
 4.708796e+00 -2.970505e-02 
 4.709193e+00 -2.970871e-02 
 4.709591e+00 -2.968357e-02 
 4.709989e+00 -2.963865e-02 
 4.710387e+00 -2.957603e-02 
 4.710784e+00 -2.949252e-02 
 4.711182e+00 -2.937553e-02 
 4.711580e+00 -2.922991e-02 
 4.711977e+00 -2.903114e-02 
 4.712375e+00 -2.879602e-02 
 4.712773e+00 -2.853293e-02 
 4.713170e+00 -2.822394e-02 
 4.713568e+00 -2.788834e-02 
 4.713966e+00 -2.752291e-02 
 4.714364e+00 -2.712845e-02 
 4.714761e+00 -2.670762e-02 
 4.715159e+00 -2.627375e-02 
 4.715557e+00 -2.580335e-02 
 4.715954e+00 -2.530237e-02 
 4.716352e+00 -2.476369e-02 
 4.716750e+00 -2.418785e-02 
 4.717147e+00 -2.357426e-02 
 4.717545e+00 -2.293125e-02 
 4.717943e+00 -2.227177e-02 
 4.718340e+00 -2.157227e-02 
 4.718738e+00 -2.083738e-02 
 4.719136e+00 -2.008452e-02 
 4.719534e+00 -1.930211e-02 
 4.719931e+00 -1.851110e-02 
 4.720329e+00 -1.771191e-02 
 4.720727e+00 -1.688751e-02 
 4.721124e+00 -1.602813e-02 
 4.721522e+00 -1.513231e-02 
 4.721920e+00 -1.422766e-02 
 4.722317e+00 -1.327041e-02 
 4.722715e+00 -1.230054e-02 
 4.723113e+00 -1.131263e-02 
 4.723511e+00 -1.028011e-02 
 4.723908e+00 -9.233380e-03 
 4.724306e+00 -8.187340e-03 
 4.724704e+00 -7.132609e-03 
 4.725101e+00 -6.061150e-03 
 4.725499e+00 -4.987816e-03 
 4.725897e+00 -3.888290e-03 
 4.726294e+00 -2.759569e-03 
 4.726692e+00 -1.624935e-03 
 4.727090e+00 -4.816293e-04 
 4.727487e+00  6.862967e-04 
 4.727885e+00  1.864990e-03 
 4.728283e+00  3.055843e-03 
 4.728681e+00  4.262160e-03 
 4.729078e+00  5.474229e-03 
 4.729476e+00  6.676735e-03 
 4.729874e+00  7.877108e-03 
 4.730271e+00  9.080255e-03 
 4.730669e+00  1.030023e-02 
 4.731067e+00  1.152848e-02 
 4.731464e+00  1.276666e-02 
 4.731862e+00  1.401429e-02 
 4.732260e+00  1.526409e-02 
 4.732658e+00  1.651177e-02 
 4.733055e+00  1.776185e-02 
 4.733453e+00  1.902291e-02 
 4.733851e+00  2.026097e-02 
 4.734248e+00  2.149147e-02 
 4.734646e+00  2.270988e-02 
 4.735044e+00  2.392285e-02 
 4.735441e+00  2.513042e-02 
 4.735839e+00  2.634450e-02 
 4.736237e+00  2.755877e-02 
 4.736634e+00  2.875513e-02 
 4.737032e+00  2.995156e-02 
 4.737430e+00  3.113267e-02 
 4.737828e+00  3.230953e-02 
 4.738225e+00  3.347998e-02 
 4.738623e+00  3.464378e-02 
 4.739021e+00  3.578032e-02 
 4.739418e+00  3.689859e-02 
 4.739816e+00  3.800727e-02 
 4.740214e+00  3.910498e-02 
 4.740611e+00  4.018641e-02 
 4.741009e+00  4.126726e-02 
 4.741407e+00  4.233239e-02 
 4.741805e+00  4.339369e-02 
 4.742202e+00  4.443555e-02 
 4.742600e+00  4.546572e-02 
 4.742998e+00  4.649234e-02 
 4.743395e+00  4.750074e-02 
 4.743793e+00  4.848222e-02 
 4.744191e+00  4.944383e-02 
 4.744588e+00  5.038501e-02 
 4.744986e+00  5.131024e-02 
 4.745384e+00  5.221276e-02 
 4.745781e+00  5.310048e-02 
 4.746179e+00  5.396877e-02 
 4.746577e+00  5.481230e-02 
 4.746975e+00  5.563015e-02 
 4.747372e+00  5.644475e-02 
 4.747770e+00  5.722979e-02 
 4.748168e+00  5.799789e-02 
 4.748565e+00  5.873901e-02 
 4.748963e+00  5.944965e-02 
 4.749361e+00  6.011445e-02 
 4.749758e+00  6.076275e-02 
 4.750156e+00  6.139342e-02 
 4.750554e+00  6.199184e-02 
 4.750952e+00  6.257238e-02 
 4.751349e+00  6.313075e-02 
 4.751747e+00  6.365967e-02 
 4.752145e+00  6.416711e-02 
 4.752542e+00  6.465848e-02 
 4.752940e+00  6.510820e-02 
 4.753338e+00  6.552631e-02 
 4.753735e+00  6.589868e-02 
 4.754133e+00  6.623968e-02 
 4.754531e+00  6.654651e-02 
 4.754928e+00  6.682528e-02 
 4.755326e+00  6.708758e-02 
 4.755724e+00  6.730833e-02 
 4.756122e+00  6.748869e-02 
 4.756519e+00  6.765316e-02 
 4.756917e+00  6.778617e-02 
 4.757315e+00  6.790213e-02 
 4.757712e+00  6.798328e-02 
 4.758110e+00  6.802346e-02 
 4.758508e+00  6.802047e-02 
 4.758905e+00  6.796564e-02 
 4.759303e+00  6.788799e-02 
 4.759701e+00  6.777283e-02 
 4.760099e+00  6.762585e-02 
 4.760496e+00  6.745004e-02 
 4.760894e+00  6.722569e-02 
 4.761292e+00  6.698376e-02 
 4.761689e+00  6.670853e-02 
 4.762087e+00  6.640705e-02 
 4.762485e+00  6.607586e-02 
 4.762882e+00  6.571091e-02 
 4.763280e+00  6.528893e-02 
 4.763678e+00  6.484518e-02 
 4.764075e+00  6.436689e-02 
 4.764473e+00  6.386661e-02 
 4.764871e+00  6.331054e-02 
 4.765269e+00  6.274176e-02 
 4.765666e+00  6.212821e-02 
 4.766064e+00  6.147683e-02 
 4.766462e+00  6.080969e-02 
 4.766859e+00  6.014557e-02 
 4.767257e+00  5.943904e-02 
 4.767655e+00  5.871080e-02 
 4.768052e+00  5.796339e-02 
 4.768450e+00  5.717085e-02 
 4.768848e+00  5.636281e-02 
 4.769246e+00  5.554635e-02 
 4.769643e+00  5.470309e-02 
 4.770041e+00  5.383901e-02 
 4.770439e+00  5.294370e-02 
 4.770836e+00  5.205160e-02 
 4.771234e+00  5.113894e-02 
 4.771632e+00  5.021537e-02 
 4.772029e+00  4.929304e-02 
 4.772427e+00  4.833764e-02 
 4.772825e+00  4.737521e-02 
 4.773222e+00  4.638287e-02 
 4.773620e+00  4.538612e-02 
 4.774018e+00  4.436763e-02 
 4.774416e+00  4.332572e-02 
 4.774813e+00  4.227423e-02 
 4.775211e+00  4.119676e-02 
 4.775609e+00  4.011809e-02 
 4.776006e+00  3.903676e-02 
 4.776404e+00  3.795194e-02 
 4.776802e+00  3.685568e-02 
 4.777199e+00  3.574902e-02 
 4.777597e+00  3.464086e-02 
 4.777995e+00  3.349938e-02 
 4.778393e+00  3.233346e-02 
 4.778790e+00  3.117879e-02 
 4.779188e+00  3.000159e-02 
 4.779586e+00  2.880326e-02 
 4.779983e+00  2.760623e-02 
 4.780381e+00  2.640307e-02 
 4.780779e+00  2.518276e-02 
 4.781176e+00  2.397099e-02 
 4.781574e+00  2.276571e-02 
 4.781972e+00  2.154070e-02 
 4.782369e+00  2.030264e-02 
 4.782767e+00  1.907446e-02 
 4.783165e+00  1.782578e-02 
 4.783563e+00  1.657037e-02 
 4.783960e+00  1.531781e-02 
 4.784358e+00  1.406391e-02 
 4.784756e+00  1.280412e-02 
 4.785153e+00  1.154966e-02 
 4.785551e+00  1.031614e-02 
 4.785949e+00  9.076384e-03 
 4.786346e+00  7.862333e-03 
 4.786744e+00  6.653551e-03 
 4.787142e+00  5.442543e-03 
 4.787540e+00  4.234465e-03 
 4.787937e+00  3.041731e-03 
 4.788335e+00  1.848107e-03 
 4.788733e+00  6.553729e-04 
 4.789130e+00 -5.136630e-04 
 4.789528e+00 -1.664617e-03 
 4.789926e+00 -2.826268e-03 
 4.790323e+00 -3.942215e-03 
 4.790721e+00 -5.036158e-03 
 4.791119e+00 -6.111375e-03 
 4.791516e+00 -7.164150e-03 
 4.791914e+00 -8.201780e-03 
 4.792312e+00 -9.227373e-03 
 4.792710e+00 -1.025907e-02 
 4.793107e+00 -1.125365e-02 
 4.793505e+00 -1.224713e-02 
 4.793903e+00 -1.323132e-02 
 4.794300e+00 -1.419423e-02 
 4.794698e+00 -1.512325e-02 
 4.795096e+00 -1.603554e-02 
 4.795493e+00 -1.691356e-02 
 4.795891e+00 -1.774429e-02 
 4.796289e+00 -1.855684e-02 
 4.796687e+00 -1.934529e-02 
 4.797084e+00 -2.012594e-02 
 4.797482e+00 -2.087169e-02 
 4.797880e+00 -2.161045e-02 
 4.798277e+00 -2.230734e-02 
 4.798675e+00 -2.298923e-02 
 4.799073e+00 -2.364128e-02 
 4.799470e+00 -2.425891e-02 
 4.799868e+00 -2.482259e-02 
 4.800266e+00 -2.535825e-02 
 4.800663e+00 -2.585595e-02 
 4.801061e+00 -2.631637e-02 
 4.801459e+00 -2.675586e-02 
 4.801857e+00 -2.717587e-02 
 4.802254e+00 -2.756277e-02 
 4.802652e+00 -2.792630e-02 
 4.803050e+00 -2.826299e-02 
 4.803447e+00 -2.857185e-02 
 4.803845e+00 -2.883754e-02 
 4.804243e+00 -2.908124e-02 
 4.804640e+00 -2.926664e-02 
 4.805038e+00 -2.941771e-02 
 4.805436e+00 -2.953186e-02 
 4.805834e+00 -2.961811e-02 
 4.806231e+00 -2.967394e-02 
 4.806629e+00 -2.970318e-02 
 4.807027e+00 -2.970533e-02 
 4.807424e+00 -2.968214e-02 
 4.807822e+00 -2.963320e-02 
 4.808220e+00 -2.956095e-02 
 4.808617e+00 -2.945840e-02 
 4.809015e+00 -2.932658e-02 
 4.809413e+00 -2.915398e-02 
 4.809810e+00 -2.894412e-02 
 4.810208e+00 -2.871090e-02 
 4.810606e+00 -2.844752e-02 
 4.811004e+00 -2.816308e-02 
 4.811401e+00 -2.785416e-02 
 4.811799e+00 -2.751149e-02 
 4.812197e+00 -2.715395e-02 
 4.812594e+00 -2.678278e-02 
 4.812992e+00 -2.638240e-02 
 4.813390e+00 -2.596568e-02 
 4.813787e+00 -2.551581e-02 
 4.814185e+00 -2.504555e-02 
 4.814583e+00 -2.452199e-02 
 4.814981e+00 -2.398119e-02 
 4.815378e+00 -2.340856e-02 
 4.815776e+00 -2.280722e-02 
 4.816174e+00 -2.219097e-02 
 4.816571e+00 -2.154837e-02 
 4.816969e+00 -2.086449e-02 
 4.817367e+00 -2.016907e-02 
 4.817764e+00 -1.945727e-02 
 4.818162e+00 -1.872868e-02 
 4.818560e+00 -1.795514e-02 
 4.818957e+00 -1.715486e-02 
 4.819355e+00 -1.631152e-02 
 4.819753e+00 -1.542631e-02 
 4.820151e+00 -1.453262e-02 
 4.820548e+00 -1.361534e-02 
 4.820946e+00 -1.266792e-02 
 4.821344e+00 -1.171033e-02 
 4.821741e+00 -1.073920e-02 
 4.822139e+00 -9.746639e-03 
 4.822537e+00 -8.741332e-03 
 4.822934e+00 -7.737612e-03 
 4.823332e+00 -6.690441e-03 
 4.823730e+00 -5.619851e-03 
 4.824128e+00 -4.517434e-03 
 4.824525e+00 -3.388372e-03 
 4.824923e+00 -2.239463e-03 
 4.825321e+00 -1.081414e-03 
 4.825718e+00  8.699797e-05 
 4.826116e+00  1.265574e-03 
 4.826514e+00  2.450564e-03 
 4.826911e+00  3.645385e-03 
 4.827309e+00  4.848803e-03 
 4.827707e+00  6.036754e-03 
 4.828104e+00  7.240047e-03 
 4.828502e+00  8.477032e-03 
 4.828900e+00  9.713632e-03 
 4.829298e+00  1.097439e-02 
 4.829695e+00  1.224389e-02 
 4.830093e+00  1.350670e-02 
 4.830491e+00  1.476824e-02 
 4.830888e+00  1.603565e-02 
 4.831286e+00  1.730125e-02 
 4.831684e+00  1.854829e-02 
 4.832081e+00  1.980300e-02 
 4.832479e+00  2.104022e-02 
 4.832877e+00  2.227223e-02 
 4.833275e+00  2.350520e-02 
 4.833672e+00  2.475263e-02 
 4.834070e+00  2.599912e-02 
 4.834468e+00  2.723266e-02 
 4.834865e+00  2.846406e-02 
 4.835263e+00  2.968349e-02 
 4.835661e+00  3.089695e-02 
 4.836058e+00  3.210210e-02 
 4.836456e+00  3.330050e-02 
 4.836854e+00  3.446866e-02 
 4.837251e+00  3.562188e-02 
 4.837649e+00  3.676383e-02 
 4.838047e+00  3.790535e-02 
 4.838445e+00  3.902783e-02 
 4.838842e+00  4.016956e-02 
 4.839240e+00  4.127899e-02 
 4.839638e+00  4.237458e-02 
 4.840035e+00  4.345062e-02 
 4.840433e+00  4.451566e-02 
 4.840831e+00  4.555420e-02 
 4.841228e+00  4.655801e-02 
 4.841626e+00  4.755194e-02 
 4.842024e+00  4.851316e-02 
 4.842422e+00  4.944126e-02 
 4.842819e+00  5.036610e-02 
 4.843217e+00  5.128479e-02 
 4.843615e+00  5.217208e-02 
 4.844012e+00  5.305152e-02 
 4.844410e+00  5.391075e-02 
 4.844808e+00  5.474703e-02 
 4.845205e+00  5.554699e-02 
 4.845603e+00  5.634260e-02 
 4.846001e+00  5.711387e-02 
 4.846398e+00  5.784258e-02 
 4.846796e+00  5.853512e-02 
 4.847194e+00  5.921722e-02 
 4.847592e+00  5.986915e-02 
 4.847989e+00  6.050564e-02 
 4.848387e+00  6.111572e-02 
 4.848785e+00  6.170896e-02 
 4.849182e+00  6.226910e-02 
 4.849580e+00  6.280105e-02 
 4.849978e+00  6.331179e-02 
 4.850375e+00  6.378723e-02 
 4.850773e+00  6.424338e-02 
 4.851171e+00  6.466498e-02 
 4.851569e+00  6.505749e-02 
 4.851966e+00  6.541313e-02 
 4.852364e+00  6.574903e-02 
 4.852762e+00  6.606131e-02 
 4.853159e+00  6.635392e-02 
 4.853557e+00  6.661986e-02 
 4.853955e+00  6.685090e-02 
 4.854352e+00  6.705014e-02 
 4.854750e+00  6.722680e-02 
 4.855148e+00  6.738607e-02 
 4.855545e+00  6.751053e-02 
 4.855943e+00  6.759756e-02 
 4.856341e+00  6.764573e-02 
 4.856739e+00  6.766175e-02 
 4.857136e+00  6.764352e-02 
 4.857534e+00  6.760414e-02 
 4.857932e+00  6.754369e-02 
 4.858329e+00  6.744753e-02 
 4.858727e+00  6.732370e-02 
 4.859125e+00  6.716401e-02 
 4.859522e+00  6.698095e-02 
 4.859920e+00  6.676564e-02 
 4.860318e+00  6.652474e-02 
 4.860716e+00  6.623068e-02 
 4.861113e+00  6.590756e-02 
 4.861511e+00  6.553823e-02 
 4.861909e+00  6.513008e-02 
 4.862306e+00  6.469241e-02 
 4.862704e+00  6.424012e-02 
 4.863102e+00  6.374665e-02 
 4.863499e+00  6.321934e-02 
 4.863897e+00  6.266699e-02 
 4.864295e+00  6.209507e-02 
 4.864692e+00  6.149327e-02 
 4.865090e+00  6.086692e-02 
 4.865488e+00  6.021179e-02 
 4.865886e+00  5.948863e-02 
 4.866283e+00  5.873580e-02 
 4.866681e+00  5.797031e-02 
 4.867079e+00  5.716575e-02 
 4.867476e+00  5.633488e-02 
 4.867874e+00  5.549807e-02 
 4.868272e+00  5.463048e-02 
 4.868669e+00  5.373545e-02 
 4.869067e+00  5.283031e-02 
 4.869465e+00  5.189560e-02 
 4.869863e+00  5.093740e-02 
 4.870260e+00  4.995387e-02 
 4.870658e+00  4.894914e-02 
 4.871056e+00  4.790237e-02 
 4.871453e+00  4.683798e-02 
 4.871851e+00  4.576834e-02 
 4.872249e+00  4.468111e-02 
 4.872646e+00  4.358557e-02 
 4.873044e+00  4.247778e-02 
 4.873442e+00  4.136747e-02 
 4.873839e+00  4.024793e-02 
 4.874237e+00  3.912845e-02 
 4.874635e+00  3.799383e-02 
 4.875033e+00  3.685807e-02 
 4.875430e+00  3.568323e-02 
 4.875828e+00  3.450472e-02 
 4.876226e+00  3.330571e-02 
 4.876623e+00  3.211396e-02 
 4.877021e+00  3.092114e-02 
 4.877419e+00  2.972221e-02 
 4.877816e+00  2.852015e-02 
 4.878214e+00  2.732143e-02 
 4.878612e+00  2.611623e-02 
 4.879010e+00  2.493348e-02 
 4.879407e+00  2.373118e-02 
 4.879805e+00  2.255098e-02 
 4.880203e+00  2.134166e-02 
 4.880600e+00  2.013923e-02 
 4.880998e+00  1.893355e-02 
 4.881396e+00  1.772090e-02 
 4.881793e+00  1.651966e-02 
 4.882191e+00  1.531444e-02 
 4.882589e+00  1.410699e-02 
 4.882986e+00  1.291487e-02 
 4.883384e+00  1.173183e-02 
 4.883782e+00  1.057554e-02 
 4.884180e+00  9.424552e-03 
 4.884577e+00  8.257801e-03 
 4.884975e+00  7.103932e-03 
 4.885373e+00  5.942119e-03 
 4.885770e+00  4.779665e-03 
 4.886168e+00  3.625189e-03 
 4.886566e+00  2.475661e-03 
 4.886963e+00  1.325182e-03 
 4.887361e+00  1.886278e-04 
 4.887759e+00 -9.310102e-04 
 4.888157e+00 -2.036517e-03 
 4.888554e+00 -3.140680e-03 
 4.888952e+00 -4.213049e-03 
 4.889350e+00 -5.289287e-03 
 4.889747e+00 -6.364128e-03 
 4.890145e+00 -7.429408e-03 
 4.890543e+00 -8.491251e-03 
 4.890940e+00 -9.548951e-03 
 4.891338e+00 -1.059127e-02 
 4.891736e+00 -1.161143e-02 
 4.892133e+00 -1.261625e-02 
 4.892531e+00 -1.358721e-02 
 4.892929e+00 -1.452018e-02 
 4.893327e+00 -1.542613e-02 
 4.893724e+00 -1.631618e-02 
 4.894122e+00 -1.717464e-02 
 4.894520e+00 -1.802431e-02 
 4.894917e+00 -1.887159e-02 
 4.895315e+00 -1.969041e-02 
 4.895713e+00 -2.049285e-02 
 4.896110e+00 -2.127006e-02 
 4.896508e+00 -2.201734e-02 
 4.896906e+00 -2.272962e-02 
 4.897304e+00 -2.339835e-02 
 4.897701e+00 -2.404097e-02 
 4.898099e+00 -2.464215e-02 
 4.898497e+00 -2.520947e-02 
 4.898894e+00 -2.574497e-02 
 4.899292e+00 -2.626059e-02 
 4.899690e+00 -2.674670e-02 
 4.900087e+00 -2.721585e-02 
 4.900485e+00 -2.765243e-02 
 4.900883e+00 -2.805529e-02 
 4.901280e+00 -2.843155e-02 
 4.901678e+00 -2.877352e-02 
 4.902076e+00 -2.906830e-02 
 4.902474e+00 -2.932592e-02 
 4.902871e+00 -2.952958e-02 
 4.903269e+00 -2.969596e-02 
 4.903667e+00 -2.983507e-02 
 4.904064e+00 -2.995108e-02 
 4.904462e+00 -3.003742e-02 
 4.904860e+00 -3.009135e-02 
 4.905257e+00 -3.012697e-02 
 4.905655e+00 -3.013332e-02 
 4.906053e+00 -3.009370e-02 
 4.906451e+00 -3.003222e-02 
 4.906848e+00 -2.993052e-02 
 4.907246e+00 -2.978932e-02 
 4.907644e+00 -2.959701e-02 
 4.908041e+00 -2.938190e-02 
 4.908439e+00 -2.913224e-02 
 4.908837e+00 -2.885278e-02 
 4.909234e+00 -2.855729e-02 
 4.909632e+00 -2.823896e-02 
 4.910030e+00 -2.788795e-02 
 4.910427e+00 -2.751706e-02 
 4.910825e+00 -2.712416e-02 
 4.911223e+00 -2.668934e-02 
 4.911621e+00 -2.622577e-02 
 4.912018e+00 -2.570951e-02 
 4.912416e+00 -2.515580e-02 
 4.912814e+00 -2.455369e-02 
 4.913211e+00 -2.394255e-02 
 4.913609e+00 -2.331168e-02 
 4.914007e+00 -2.266340e-02 
 4.914404e+00 -2.199711e-02 
 4.914802e+00 -2.131367e-02 
 4.915200e+00 -2.059981e-02 
 4.915597e+00 -1.988129e-02 
 4.915995e+00 -1.913203e-02 
 4.916393e+00 -1.835937e-02 
 4.916791e+00 -1.755667e-02 
 4.917188e+00 -1.672970e-02 
 4.917586e+00 -1.589733e-02 
 4.917984e+00 -1.502911e-02 
 4.918381e+00 -1.415743e-02 
 4.918779e+00 -1.327751e-02 
 4.919177e+00 -1.237716e-02 
 4.919574e+00 -1.145297e-02 
 4.919972e+00 -1.052296e-02 
 4.920370e+00 -9.585545e-03 
 4.920768e+00 -8.621568e-03 
 4.921165e+00 -7.645945e-03 
 4.921563e+00 -6.643223e-03 
 4.921961e+00 -5.607616e-03 
 4.922358e+00 -4.566082e-03 
 4.922756e+00 -3.513399e-03 
 4.923154e+00 -2.446065e-03 
 4.923551e+00 -1.368245e-03 
 4.923949e+00 -2.767932e-04 
 4.924347e+00  8.244211e-04 
 4.924744e+00  1.955389e-03 
 4.925142e+00  3.086355e-03 
 4.925540e+00  4.228770e-03 
 4.925938e+00  5.382497e-03 
 4.926335e+00  6.553790e-03 
 4.926733e+00  7.746919e-03 
 4.927131e+00  8.955432e-03 
 4.927528e+00  1.017566e-02 
 4.927926e+00  1.139929e-02 
 4.928324e+00  1.263903e-02 
 4.928721e+00  1.389030e-02 
 4.929119e+00  1.513712e-02 
 4.929517e+00  1.639412e-02 
 4.929915e+00  1.764320e-02 
 4.930312e+00  1.889034e-02 
 4.930710e+00  2.014022e-02 
 4.931108e+00  2.141238e-02 
 4.931505e+00  2.269443e-02 
 4.931903e+00  2.398643e-02 
 4.932301e+00  2.527880e-02 
 4.932698e+00  2.655108e-02 
 4.933096e+00  2.782429e-02 
 4.933494e+00  2.909387e-02 
 4.933891e+00  3.034725e-02 
 4.934289e+00  3.159064e-02 
 4.934687e+00  3.281994e-02 
 4.935085e+00  3.403191e-02 
 4.935482e+00  3.522732e-02 
 4.935880e+00  3.642074e-02 
 4.936278e+00  3.761645e-02 
 4.936675e+00  3.878806e-02 
 4.937073e+00  3.995754e-02 
 4.937471e+00  4.109608e-02 
 4.937868e+00  4.221128e-02 
 4.938266e+00  4.330819e-02 
 4.938664e+00  4.438293e-02 
 4.939062e+00  4.543365e-02 
 4.939459e+00  4.645737e-02 
 4.939857e+00  4.745929e-02 
 4.940255e+00  4.843884e-02 
 4.940652e+00  4.941650e-02 
 4.941050e+00  5.039405e-02 
 4.941448e+00  5.133355e-02 
 4.941845e+00  5.226379e-02 
 4.942243e+00  5.316545e-02 
 4.942641e+00  5.402594e-02 
 4.943038e+00  5.486785e-02 
 4.943436e+00  5.568440e-02 
 4.943834e+00  5.648382e-02 
 4.944232e+00  5.723915e-02 
 4.944629e+00  5.797122e-02 
 4.945027e+00  5.867661e-02 
 4.945425e+00  5.935463e-02 
 4.945822e+00  6.002186e-02 
 4.946220e+00  6.065740e-02 
 4.946618e+00  6.127039e-02 
 4.947015e+00  6.185384e-02 
 4.947413e+00  6.240590e-02 
 4.947811e+00  6.293512e-02 
 4.948209e+00  6.343105e-02 
 4.948606e+00  6.390442e-02 
 4.949004e+00  6.433779e-02 
 4.949402e+00  6.473681e-02 
 4.949799e+00  6.509829e-02 
 4.950197e+00  6.544382e-02 
 4.950595e+00  6.575892e-02 
 4.950992e+00  6.606218e-02 
 4.951390e+00  6.632441e-02 
 4.951788e+00  6.656296e-02 
 4.952185e+00  6.676337e-02 
 4.952583e+00  6.693759e-02 
 4.952981e+00  6.708007e-02 
 4.953379e+00  6.720400e-02 
 4.953776e+00  6.728421e-02 
 4.954174e+00  6.733928e-02 
 4.954572e+00  6.735544e-02 
 4.954969e+00  6.734004e-02 
 4.955367e+00  6.730312e-02 
 4.955765e+00  6.725357e-02 
 4.956162e+00  6.717472e-02 
 4.956560e+00  6.705527e-02 
 4.956958e+00  6.692100e-02 
 4.957356e+00  6.675051e-02 
 4.957753e+00  6.653969e-02 
 4.958151e+00  6.631669e-02 
 4.958549e+00  6.606781e-02 
 4.958946e+00  6.576768e-02 
 4.959344e+00  6.545015e-02 
 4.959742e+00  6.510213e-02 
 4.960139e+00  6.474783e-02 
 4.960537e+00  6.435774e-02 
 4.960935e+00  6.395882e-02 
 4.961332e+00  6.352199e-02 
 4.961730e+00  6.304390e-02 
 4.962128e+00  6.254205e-02 
 4.962526e+00  6.201333e-02 
 4.962923e+00  6.145459e-02 
 4.963321e+00  6.087173e-02 
 4.963719e+00  6.024856e-02 
 4.964116e+00  5.959359e-02 
 4.964514e+00  5.890564e-02 
 4.964912e+00  5.819494e-02 
 4.965309e+00  5.745262e-02 
 4.965707e+00  5.668494e-02 
 4.966105e+00  5.589896e-02 
 4.966503e+00  5.508564e-02 
 4.966900e+00  5.423874e-02 
 4.967298e+00  5.337301e-02 
 4.967696e+00  5.248681e-02 
 4.968093e+00  5.156184e-02 
 4.968491e+00  5.060551e-02 
 4.968889e+00  4.962979e-02 
 4.969286e+00  4.862406e-02 
 4.969684e+00  4.759604e-02 
 4.970082e+00  4.655346e-02 
 4.970479e+00  4.549761e-02 
 4.970877e+00  4.441864e-02 
 4.971275e+00  4.331894e-02 
 4.971673e+00  4.220885e-02 
 4.972070e+00  4.108317e-02 
 4.972468e+00  3.994277e-02 
 4.972866e+00  3.879014e-02 
 4.973263e+00  3.760656e-02 
 4.973661e+00  3.640852e-02 
 4.974059e+00  3.519225e-02 
 4.974456e+00  3.396933e-02 
 4.974854e+00  3.274354e-02 
 4.975252e+00  3.151346e-02 
 4.975650e+00  3.028110e-02 
 4.976047e+00  2.903764e-02 
 4.976445e+00  2.779906e-02 
 4.976843e+00  2.656494e-02 
 4.977240e+00  2.531500e-02 
 4.977638e+00  2.405984e-02 
 4.978036e+00  2.278645e-02 
 4.978433e+00  2.151871e-02 
 4.978831e+00  2.024061e-02 
 4.979229e+00  1.898069e-02 
 4.979626e+00  1.773566e-02 
 4.980024e+00  1.649079e-02 
 4.980422e+00  1.525786e-02 
 4.980820e+00  1.402404e-02 
 4.981217e+00  1.281518e-02 
 4.981615e+00  1.160785e-02 
 4.982013e+00  1.041118e-02 
 4.982410e+00  9.217487e-03 
 4.982808e+00  8.020520e-03 
 4.983206e+00  6.818881e-03 
 4.983603e+00  5.629578e-03 
 4.984001e+00  4.454437e-03 
 4.984399e+00  3.290226e-03 
 4.984797e+00  2.139639e-03 
 4.985194e+00  1.017962e-03 
 4.985592e+00 -1.060472e-04 
 4.985990e+00 -1.200763e-03 
 4.986387e+00 -2.274411e-03 
 4.986785e+00 -3.335934e-03 
 4.987183e+00 -4.385581e-03 
 4.987580e+00 -5.426155e-03 
 4.987978e+00 -6.454307e-03 
 4.988376e+00 -7.474224e-03 
 4.988773e+00 -8.467951e-03 
 4.989171e+00 -9.441591e-03 
 4.989569e+00 -1.040428e-02 
 4.989967e+00 -1.134697e-02 
 4.990364e+00 -1.226394e-02 
 4.990762e+00 -1.317062e-02 
 4.991160e+00 -1.405051e-02 
 4.991557e+00 -1.491363e-02 
 4.991955e+00 -1.576048e-02 
 4.992353e+00 -1.659913e-02 
 4.992750e+00 -1.741979e-02 
 4.993148e+00 -1.823324e-02 
 4.993546e+00 -1.902906e-02 
 4.993944e+00 -1.979101e-02 
 4.994341e+00 -2.053973e-02 
 4.994739e+00 -2.126662e-02 
 4.995137e+00 -2.195521e-02 
 4.995534e+00 -2.261920e-02 
 4.995932e+00 -2.325979e-02 
 4.996330e+00 -2.386816e-02 
 4.996727e+00 -2.446038e-02 
 4.997125e+00 -2.502799e-02 
 4.997523e+00 -2.558243e-02 
 4.997920e+00 -2.610771e-02 
 4.998318e+00 -2.661256e-02 
 4.998716e+00 -2.708091e-02 
 4.999114e+00 -2.751841e-02 
 4.999511e+00 -2.791856e-02 
 4.999909e+00 -2.829366e-02 
 5.000307e+00 -2.861942e-02 
 5.000704e+00 -2.891259e-02 
 5.001102e+00 -2.918165e-02 
 5.001500e+00 -2.941206e-02 
 5.001897e+00 -2.962618e-02 
 5.002295e+00 -2.981245e-02 
 5.002693e+00 -2.997219e-02 
 5.003091e+00 -3.010786e-02 
 5.003488e+00 -3.019663e-02 
 5.003886e+00 -3.025608e-02 
 5.004284e+00 -3.026324e-02 
 5.004681e+00 -3.024471e-02 
 5.005079e+00 -3.017718e-02 
 5.005477e+00 -3.007211e-02 
 5.005874e+00 -2.992952e-02 
 5.006272e+00 -2.976518e-02 
 5.006670e+00 -2.956529e-02 
 5.007067e+00 -2.935045e-02 
 5.007465e+00 -2.909446e-02 
 5.007863e+00 -2.880700e-02 
 5.008261e+00 -2.847425e-02 
 5.008658e+00 -2.810130e-02 
 5.009056e+00 -2.769574e-02 
 5.009454e+00 -2.724673e-02 
 5.009851e+00 -2.675737e-02 
 5.010249e+00 -2.623124e-02 
 5.010647e+00 -2.568227e-02 
 5.011044e+00 -2.510510e-02 
 5.011442e+00 -2.451380e-02 
 5.011840e+00 -2.390798e-02 
 5.012238e+00 -2.327601e-02 
 5.012635e+00 -2.261717e-02 
 5.013033e+00 -2.192626e-02 
 5.013431e+00 -2.120681e-02 
 5.013828e+00 -2.045865e-02 
 5.014226e+00 -1.967562e-02 
 5.014624e+00 -1.885555e-02 
 5.015021e+00 -1.800638e-02 
 5.015419e+00 -1.714633e-02 
 5.015817e+00 -1.626113e-02 
 5.016214e+00 -1.536692e-02 
 5.016612e+00 -1.446128e-02 
 5.017010e+00 -1.353837e-02 
 5.017408e+00 -1.259142e-02 
 5.017805e+00 -1.162947e-02 
 5.018203e+00 -1.064054e-02 
 5.018601e+00 -9.641018e-03 
 5.018998e+00 -8.615320e-03 
 5.019396e+00 -7.572227e-03 
 5.019794e+00 -6.508393e-03 
 5.020191e+00 -5.433421e-03 
 5.020589e+00 -4.353451e-03 
 5.020987e+00 -3.270165e-03 
 5.021385e+00 -2.190780e-03 
 5.021782e+00 -1.107753e-03 
 5.022180e+00 -1.789521e-06 
 5.022578e+00  1.103008e-03 
 5.022975e+00  2.228906e-03 
 5.023373e+00  3.359223e-03 
 5.023771e+00  4.499606e-03 
 5.024168e+00  5.654690e-03 
 5.024566e+00  6.827236e-03 
 5.024964e+00  8.005966e-03 
 5.025361e+00  9.185854e-03 
 5.025759e+00  1.035086e-02 
 5.026157e+00  1.152696e-02 
 5.026555e+00  1.269627e-02 
 5.026952e+00  1.388701e-02 
 5.027350e+00  1.506862e-02 
 5.027748e+00  1.626569e-02 
 5.028145e+00  1.746115e-02 
 5.028543e+00  1.867136e-02 
 5.028941e+00  1.988708e-02 
 5.029338e+00  2.111119e-02 
 5.029736e+00  2.234069e-02 
 5.030134e+00  2.356002e-02 
 5.030532e+00  2.476219e-02 
 5.030929e+00  2.596268e-02 
 5.031327e+00  2.715503e-02 
 5.031725e+00  2.835253e-02 
 5.032122e+00  2.954531e-02 
 5.032520e+00  3.073983e-02 
 5.032918e+00  3.192199e-02 
 5.033315e+00  3.310685e-02 
 5.033713e+00  3.430033e-02 
 5.034111e+00  3.547838e-02 
 5.034508e+00  3.667003e-02 
 5.034906e+00  3.783786e-02 
 5.035304e+00  3.899723e-02 
 5.035702e+00  4.013459e-02 
 5.036099e+00  4.126726e-02 
 5.036497e+00  4.239851e-02 
 5.036895e+00  4.351274e-02 
 5.037292e+00  4.460721e-02 
 5.037690e+00  4.568219e-02 
 5.038088e+00  4.674451e-02 
 5.038485e+00  4.779606e-02 
 5.038883e+00  4.883397e-02 
 5.039281e+00  4.985096e-02 
 5.039679e+00  5.085396e-02 
 5.040076e+00  5.180959e-02 
 5.040474e+00  5.275725e-02 
 5.040872e+00  5.367283e-02 
 5.041269e+00  5.456035e-02 
 5.041667e+00  5.543325e-02 
 5.042065e+00  5.627874e-02 
 5.042462e+00  5.708289e-02 
 5.042860e+00  5.785001e-02 
 5.043258e+00  5.861645e-02 
 5.043655e+00  5.934922e-02 
 5.044053e+00  6.006429e-02 
 5.044451e+00  6.075187e-02 
 5.044849e+00  6.140868e-02 
 5.045246e+00  6.201504e-02 
 5.045644e+00  6.259520e-02 
 5.046042e+00  6.314122e-02 
 5.046439e+00  6.365366e-02 
 5.046837e+00  6.413633e-02 
 5.047235e+00  6.459144e-02 
 5.047632e+00  6.500206e-02 
 5.048030e+00  6.538834e-02 
 5.048428e+00  6.576462e-02 
 5.048826e+00  6.611713e-02 
 5.049223e+00  6.643534e-02 
 5.049621e+00  6.671316e-02 
 5.050019e+00  6.695618e-02 
 5.050416e+00  6.715274e-02 
 5.050814e+00  6.731758e-02 
 5.051212e+00  6.744713e-02 
 5.051609e+00  6.755227e-02 
 5.052007e+00  6.760841e-02 
 5.052405e+00  6.763027e-02 
 5.052802e+00  6.763281e-02 
 5.053200e+00  6.760229e-02 
 5.053598e+00  6.756930e-02 
 5.053996e+00  6.749534e-02 
 5.054393e+00  6.739386e-02 
 5.054791e+00  6.724514e-02 
 5.055189e+00  6.707400e-02 
 5.055586e+00  6.686943e-02 
 5.055984e+00  6.664340e-02 
 5.056382e+00  6.637720e-02 
 5.056779e+00  6.607170e-02 
 5.057177e+00  6.575181e-02 
 5.057575e+00  6.539945e-02 
 5.057973e+00  6.501583e-02 
 5.058370e+00  6.462228e-02 
 5.058768e+00  6.419511e-02 
 5.059166e+00  6.373814e-02 
 5.059563e+00  6.325203e-02 
 5.059961e+00  6.273937e-02 
 5.060359e+00  6.221055e-02 
 5.060756e+00  6.164640e-02 
 5.061154e+00  6.106127e-02 
 5.061552e+00  6.044307e-02 
 5.061949e+00  5.979284e-02 
 5.062347e+00  5.913902e-02 
 5.062745e+00  5.845959e-02 
 5.063143e+00  5.775856e-02 
 5.063540e+00  5.704104e-02 
 5.063938e+00  5.631606e-02 
 5.064336e+00  5.555576e-02 
 5.064733e+00  5.478619e-02 
 5.065131e+00  5.398613e-02 
 5.065529e+00  5.316882e-02 
 5.065926e+00  5.232104e-02 
 5.066324e+00  5.145157e-02 
 5.066722e+00  5.055063e-02 
 5.067120e+00  4.963427e-02 
 5.067517e+00  4.869684e-02 
 5.067915e+00  4.774956e-02 
 5.068313e+00  4.678502e-02 
 5.068710e+00  4.580442e-02 
 5.069108e+00  4.479591e-02 
 5.069506e+00  4.376944e-02 
 5.069903e+00  4.272487e-02 
 5.070301e+00  4.164972e-02 
 5.070699e+00  4.057022e-02 
 5.071096e+00  3.945296e-02 
 5.071494e+00  3.831041e-02 
 5.071892e+00  3.714792e-02 
 5.072290e+00  3.597749e-02 
 5.072687e+00  3.480617e-02 
 5.073085e+00  3.361738e-02 
 5.073483e+00  3.241625e-02 
 5.073880e+00  3.120133e-02 
 5.074278e+00  2.997486e-02 
 5.074676e+00  2.873897e-02 
 5.075073e+00  2.748874e-02 
 5.075471e+00  2.622747e-02 
 5.075869e+00  2.494906e-02 
 5.076267e+00  2.367738e-02 
 5.076664e+00  2.238937e-02 
 5.077062e+00  2.110125e-02 
 5.077460e+00  1.982856e-02 
 5.077857e+00  1.855517e-02 
 5.078255e+00  1.727372e-02 
 5.078653e+00  1.599468e-02 
 5.079050e+00  1.471556e-02 
 5.079448e+00  1.344626e-02 
 5.079846e+00  1.217745e-02 
 5.080243e+00  1.091642e-02 
 5.080641e+00  9.657453e-03 
 5.081039e+00  8.388046e-03 
 5.081437e+00  7.143564e-03 
 5.081834e+00  5.902911e-03 
 5.082232e+00  4.683998e-03 
 5.082630e+00  3.495728e-03 
 5.083027e+00  2.312992e-03 
 5.083425e+00  1.156489e-03 
 5.083823e+00  1.203478e-05 
 5.084220e+00 -1.107726e-03 
 5.084618e+00 -2.222765e-03 
 5.085016e+00 -3.321098e-03 
 5.085414e+00 -4.414629e-03 
 5.085811e+00 -5.493551e-03 
 5.086209e+00 -6.560656e-03 
 5.086607e+00 -7.598952e-03 
 5.087004e+00 -8.623297e-03 
 5.087402e+00 -9.613392e-03 
 5.087800e+00 -1.059180e-02 
 5.088197e+00 -1.154126e-02 
 5.088595e+00 -1.248200e-02 
 5.088993e+00 -1.338190e-02 
 5.089390e+00 -1.427482e-02 
 5.089788e+00 -1.514129e-02 
 5.090186e+00 -1.600688e-02 
 5.090584e+00 -1.685160e-02 
 5.090981e+00 -1.768266e-02 
 5.091379e+00 -1.847880e-02 
 5.091777e+00 -1.923652e-02 
 5.092174e+00 -1.996760e-02 
 5.092572e+00 -2.067263e-02 
 5.092970e+00 -2.133610e-02 
 5.093367e+00 -2.198078e-02 
 5.093765e+00 -2.259532e-02 
 5.094163e+00 -2.319504e-02 
 5.094561e+00 -2.376789e-02 
 5.094958e+00 -2.432202e-02 
 5.095356e+00 -2.485985e-02 
 5.095754e+00 -2.536055e-02 
 5.096151e+00 -2.584932e-02 
 5.096549e+00 -2.627917e-02 
 5.096947e+00 -2.669130e-02 
 5.097344e+00 -2.708736e-02 
 5.097742e+00 -2.744761e-02 
 5.098140e+00 -2.777067e-02 
 5.098537e+00 -2.806959e-02 
 5.098935e+00 -2.834362e-02 
 5.099333e+00 -2.859364e-02 
 5.099731e+00 -2.882551e-02 
 5.100128e+00 -2.904783e-02 
 5.100526e+00 -2.923278e-02 
 5.100924e+00 -2.939093e-02 
 5.101321e+00 -2.951318e-02 
 5.101719e+00 -2.960205e-02 
 5.102117e+00 -2.966279e-02 
 5.102514e+00 -2.969169e-02 
 5.102912e+00 -2.967063e-02 
 5.103310e+00 -2.963181e-02 
 5.103708e+00 -2.955726e-02 
 5.104105e+00 -2.946658e-02 
 5.104503e+00 -2.934659e-02 
 5.104901e+00 -2.920493e-02 
 5.105298e+00 -2.903725e-02 
 5.105696e+00 -2.882567e-02 
 5.106094e+00 -2.860106e-02 
 5.106491e+00 -2.833624e-02 
 5.106889e+00 -2.804641e-02 
 5.107287e+00 -2.771694e-02 
 5.107684e+00 -2.734591e-02 
 5.108082e+00 -2.694826e-02 
 5.108480e+00 -2.650261e-02 
 5.108878e+00 -2.603612e-02 
 5.109275e+00 -2.554190e-02 
 5.109673e+00 -2.503296e-02 
 5.110071e+00 -2.447792e-02 
 5.110468e+00 -2.388616e-02 
 5.110866e+00 -2.327514e-02 
 5.111264e+00 -2.262094e-02 
 5.111661e+00 -2.192094e-02 
 5.112059e+00 -2.118849e-02 
 5.112457e+00 -2.041759e-02 
 5.112855e+00 -1.961790e-02 
 5.113252e+00 -1.879406e-02 
 5.113650e+00 -1.794571e-02 
 5.114048e+00 -1.707099e-02 
 5.114445e+00 -1.618062e-02 
 5.114843e+00 -1.527868e-02 
 5.115241e+00 -1.434146e-02 
 5.115638e+00 -1.337688e-02 
 5.116036e+00 -1.239222e-02 
 5.116434e+00 -1.138271e-02 
 5.116831e+00 -1.034347e-02 
 5.117229e+00 -9.288059e-03 
 5.117627e+00 -8.213428e-03 
 5.118025e+00 -7.112183e-03 
 5.118422e+00 -6.012992e-03 
 5.118820e+00 -4.912841e-03 
 5.119218e+00 -3.799740e-03 
 5.119615e+00 -2.690479e-03 
 5.120013e+00 -1.567379e-03 
 5.120411e+00 -4.158404e-04 
 5.120808e+00  7.454461e-04 
 5.121206e+00  1.916416e-03 
 5.121604e+00  3.107241e-03 
 5.122002e+00  4.312039e-03 
 5.122399e+00  5.519336e-03 
 5.122797e+00  6.733772e-03 
 5.123195e+00  7.951909e-03 
 5.123592e+00  9.161160e-03 
 5.123990e+00  1.036323e-02 
 5.124388e+00  1.157818e-02 
 5.124785e+00  1.278570e-02 
 5.125183e+00  1.400496e-02 
 5.125581e+00  1.522450e-02 
 5.125978e+00  1.644692e-02 
 5.126376e+00  1.764895e-02 
 5.126774e+00  1.887074e-02 
 5.127172e+00  2.008261e-02 
 5.127569e+00  2.130933e-02 
 5.127967e+00  2.251775e-02 
 5.128365e+00  2.371974e-02 
 5.128762e+00  2.490709e-02 
 5.129160e+00  2.608137e-02 
 5.129558e+00  2.726788e-02 
 5.129955e+00  2.845565e-02 
 5.130353e+00  2.962836e-02 
 5.130751e+00  3.080081e-02 
 5.131149e+00  3.197939e-02 
 5.131546e+00  3.312887e-02 
 5.131944e+00  3.428640e-02 
 5.132342e+00  3.544237e-02 
 5.132739e+00  3.658447e-02 
 5.133137e+00  3.769571e-02 
 5.133535e+00  3.879625e-02 
 5.133932e+00  3.989214e-02 
 5.134330e+00  4.097142e-02 
 5.134728e+00  4.204870e-02 
 5.135125e+00  4.310912e-02 
 5.135523e+00  4.414692e-02 
 5.135921e+00  4.516867e-02 
 5.136319e+00  4.618451e-02 
 5.136716e+00  4.719758e-02 
 5.137114e+00  4.819785e-02 
 5.137512e+00  4.917970e-02 
 5.137909e+00  5.013801e-02 
 5.138307e+00  5.107378e-02 
 5.138705e+00  5.198912e-02 
 5.139102e+00  5.289421e-02 
 5.139500e+00  5.378387e-02 
 5.139898e+00  5.464997e-02 
 5.140296e+00  5.550068e-02 
 5.140693e+00  5.633275e-02 
 5.141091e+00  5.712841e-02 
 5.141489e+00  5.791900e-02 
 5.141886e+00  5.868588e-02 
 5.142284e+00  5.942298e-02 
 5.142682e+00  6.012395e-02 
 5.143079e+00  6.080452e-02 
 5.143477e+00  6.146720e-02 
 5.143875e+00  6.209349e-02 
 5.144272e+00  6.269751e-02 
 5.144670e+00  6.328785e-02 
 5.145068e+00  6.382551e-02 
 5.145466e+00  6.432770e-02 
 5.145863e+00  6.480380e-02 
 5.146261e+00  6.525496e-02 
 5.146659e+00  6.567595e-02 
 5.147056e+00  6.606255e-02 
 5.147454e+00  6.640851e-02 
 5.147852e+00  6.671239e-02 
 5.148249e+00  6.699142e-02 
 5.148647e+00  6.724300e-02 
 5.149045e+00  6.745304e-02 
 5.149443e+00  6.764786e-02 
 5.149840e+00  6.779964e-02 
 5.150238e+00  6.790596e-02 
 5.150636e+00  6.798227e-02 
 5.151033e+00  6.803502e-02 
 5.151431e+00  6.805102e-02 
 5.151829e+00  6.803298e-02 
 5.152226e+00  6.798468e-02 
 5.152624e+00  6.789469e-02 
 5.153022e+00  6.777108e-02 
 5.153419e+00  6.763166e-02 
 5.153817e+00  6.745361e-02 
 5.154215e+00  6.723374e-02 
 5.154613e+00  6.697277e-02 
 5.155010e+00  6.667927e-02 
 5.155408e+00  6.634091e-02 
 5.155806e+00  6.599141e-02 
 5.156203e+00  6.561456e-02 
 5.156601e+00  6.520204e-02 
 5.156999e+00  6.476486e-02 
 5.157396e+00  6.429778e-02 
 5.157794e+00  6.378928e-02 
 5.158192e+00  6.325412e-02 
 5.158590e+00  6.269704e-02 
 5.158987e+00  6.210751e-02 
 5.159385e+00  6.148291e-02 
 5.159783e+00  6.083526e-02 
 5.160180e+00  6.016675e-02 
 5.160578e+00  5.947002e-02 
 5.160976e+00  5.875764e-02 
 5.161373e+00  5.801854e-02 
 5.161771e+00  5.726220e-02 
 5.162169e+00  5.647252e-02 
 5.162566e+00  5.565784e-02 
 5.162964e+00  5.482110e-02 
 5.163362e+00  5.396203e-02 
 5.163760e+00  5.308629e-02 
 5.164157e+00  5.218328e-02 
 5.164555e+00  5.126082e-02 
 5.164953e+00  5.032079e-02 
 5.165350e+00  4.936483e-02 
 5.165748e+00  4.841705e-02 
 5.166146e+00  4.743989e-02 
 5.166543e+00  4.645266e-02 
 5.166941e+00  4.545113e-02 
 5.167339e+00  4.441865e-02 
 5.167737e+00  4.336775e-02 
 5.168134e+00  4.232249e-02 
 5.168532e+00  4.126488e-02 
 5.168930e+00  4.019535e-02 
 5.169327e+00  3.910945e-02 
 5.169725e+00  3.800640e-02 
 5.170123e+00  3.690342e-02 
 5.170520e+00  3.579706e-02 
 5.170918e+00  3.468777e-02 
 5.171316e+00  3.355782e-02 
 5.171713e+00  3.242622e-02 
 5.172111e+00  3.128566e-02 
 5.172509e+00  3.013012e-02 
 5.172907e+00  2.897441e-02 
 5.173304e+00  2.781149e-02 
 5.173702e+00  2.661690e-02 
 5.174100e+00  2.541631e-02 
 5.174497e+00  2.419780e-02 
 5.174895e+00  2.297454e-02 
 5.175293e+00  2.175802e-02 
 5.175690e+00  2.054987e-02 
 5.176088e+00  1.933208e-02 
 5.176486e+00  1.810123e-02 
 5.176884e+00  1.687254e-02 
 5.177281e+00  1.563988e-02 
 5.177679e+00  1.440721e-02 
 5.178077e+00  1.317514e-02 
 5.178474e+00  1.193671e-02 
 5.178872e+00  1.068508e-02 
 5.179270e+00  9.441414e-03 
 5.179667e+00  8.206969e-03 
 5.180065e+00  6.971993e-03 
 5.180463e+00  5.753061e-03 
 5.180860e+00  4.537122e-03 
 5.181258e+00  3.335841e-03 
 5.181656e+00  2.125982e-03 
 5.182054e+00  9.311913e-04 
 5.182451e+00 -2.480341e-04 
 5.182849e+00 -1.441284e-03 
 5.183247e+00 -2.624788e-03 
 5.183644e+00 -3.787693e-03 
 5.184042e+00 -4.940770e-03 
 5.184440e+00 -6.064004e-03 
 5.184837e+00 -7.169689e-03 
 5.185235e+00 -8.243761e-03 
 5.185633e+00 -9.304770e-03 
 5.186031e+00 -1.034277e-02 
 5.186428e+00 -1.136201e-02 
 5.186826e+00 -1.236577e-02 
 5.187224e+00 -1.334690e-02 
 5.187621e+00 -1.430778e-02 
 5.188019e+00 -1.523743e-02 
 5.188417e+00 -1.615138e-02 
 5.188814e+00 -1.703023e-02 
 5.189212e+00 -1.787052e-02 
 5.189610e+00 -1.868959e-02 
 5.190007e+00 -1.946956e-02 
 5.190405e+00 -2.022243e-02 
 5.190803e+00 -2.094155e-02 
 5.191201e+00 -2.163186e-02 
 5.191598e+00 -2.229841e-02 
 5.191996e+00 -2.293495e-02 
 5.192394e+00 -2.356022e-02 
 5.192791e+00 -2.414477e-02 
 5.193189e+00 -2.471671e-02 
 5.193587e+00 -2.525503e-02 
 5.193984e+00 -2.576234e-02 
 5.194382e+00 -2.622959e-02 
 5.194780e+00 -2.666175e-02 
 5.195178e+00 -2.707049e-02 
 5.195575e+00 -2.744715e-02 
 5.195973e+00 -2.779745e-02 
 5.196371e+00 -2.810339e-02 
 5.196768e+00 -2.837763e-02 
 5.197166e+00 -2.863660e-02 
 5.197564e+00 -2.886300e-02 
 5.197961e+00 -2.905945e-02 
 5.198359e+00 -2.924334e-02 
 5.198757e+00 -2.937362e-02 
 5.199154e+00 -2.946384e-02 
 5.199552e+00 -2.953678e-02 
 5.199950e+00 -2.957023e-02 
 5.200348e+00 -2.957492e-02 
 5.200745e+00 -2.954827e-02 
 5.201143e+00 -2.950369e-02 
 5.201541e+00 -2.941902e-02 
 5.201938e+00 -2.932431e-02 
 5.202336e+00 -2.922796e-02 
 5.202734e+00 -2.909023e-02 
 5.203131e+00 -2.893250e-02 
 5.203529e+00 -2.873298e-02 
 5.203927e+00 -2.850269e-02 
 5.204325e+00 -2.823320e-02 
 5.204722e+00 -2.793393e-02 
 5.205120e+00 -2.760297e-02 
 5.205518e+00 -2.725391e-02 
 5.205915e+00 -2.685778e-02 
 5.206313e+00 -2.644290e-02 
 5.206711e+00 -2.600932e-02 
 5.207108e+00 -2.556123e-02 
 5.207506e+00 -2.508444e-02 
 5.207904e+00 -2.458002e-02 
 5.208301e+00 -2.404286e-02 
 5.208699e+00 -2.346468e-02 
 5.209097e+00 -2.286717e-02 
 5.209495e+00 -2.225012e-02 
 5.209892e+00 -2.159105e-02 
 5.210290e+00 -2.091399e-02 
 5.210688e+00 -2.022556e-02 
 5.211085e+00 -1.949373e-02 
 5.211483e+00 -1.875471e-02 
 5.211881e+00 -1.799365e-02 
 5.212278e+00 -1.721362e-02 
 5.212676e+00 -1.640268e-02 
 5.213074e+00 -1.557410e-02 
 5.213472e+00 -1.471316e-02 
 5.213869e+00 -1.381689e-02 
 5.214267e+00 -1.290280e-02 
 5.214665e+00 -1.197666e-02 
 5.215062e+00 -1.101262e-02 
 5.215460e+00 -1.002767e-02 
 5.215858e+00 -9.026781e-03 
 5.216255e+00 -7.991555e-03 
 5.216653e+00 -6.944514e-03 
 5.217051e+00 -5.885974e-03 
 5.217448e+00 -4.800694e-03 
 5.217846e+00 -3.688983e-03 
 5.218244e+00 -2.563451e-03 
 5.218642e+00 -1.412117e-03 
 5.219039e+00 -2.380398e-04 
 5.219437e+00  9.418447e-04 
 5.219835e+00  2.139238e-03 
 5.220232e+00  3.369794e-03 
 5.220630e+00  4.596047e-03 
 5.221028e+00  5.829943e-03 
 5.221425e+00  7.079163e-03 
 5.221823e+00  8.321434e-03 
 5.222221e+00  9.561588e-03 
 5.222619e+00  1.081910e-02 
 5.223016e+00  1.209472e-02 
 5.223414e+00  1.336119e-02 
 5.223812e+00  1.465074e-02 
 5.224209e+00  1.593803e-02 
 5.224607e+00  1.721353e-02 
 5.225005e+00  1.850327e-02 
 5.225402e+00  1.979783e-02 
 5.225800e+00  2.108005e-02 
 5.226198e+00  2.233691e-02 
 5.226595e+00  2.360030e-02 
 5.226993e+00  2.485157e-02 
 5.227391e+00  2.610349e-02 
 5.227789e+00  2.734558e-02 
 5.228186e+00  2.858789e-02 
 5.228584e+00  2.980819e-02 
 5.228982e+00  3.102212e-02 
 5.229379e+00  3.222386e-02 
 5.229777e+00  3.341537e-02 
 5.230175e+00  3.459113e-02 
 5.230572e+00  3.574412e-02 
 5.230970e+00  3.687127e-02 
 5.231368e+00  3.797306e-02 
 5.231766e+00  3.906576e-02 
 5.232163e+00  4.014866e-02 
 5.232561e+00  4.122337e-02 
 5.232959e+00  4.228108e-02 
 5.233356e+00  4.332378e-02 
 5.233754e+00  4.435202e-02 
 5.234152e+00  4.535828e-02 
 5.234549e+00  4.635860e-02 
 5.234947e+00  4.734326e-02 
 5.235345e+00  4.830091e-02 
 5.235742e+00  4.922974e-02 
 5.236140e+00  5.014449e-02 
 5.236538e+00  5.103580e-02 
 5.236936e+00  5.190845e-02 
 5.237333e+00  5.277876e-02 
 5.237731e+00  5.362556e-02 
 5.238129e+00  5.445246e-02 
 5.238526e+00  5.525498e-02 
 5.238924e+00  5.605175e-02 
 5.239322e+00  5.681893e-02 
 5.239719e+00  5.757229e-02 
 5.240117e+00  5.830434e-02 
 5.240515e+00  5.900080e-02 
 5.240913e+00  5.967166e-02 
 5.241310e+00  6.031340e-02 
 5.241708e+00  6.092873e-02 
 5.242106e+00  6.152877e-02 
 5.242503e+00  6.211531e-02 
 5.242901e+00  6.266624e-02 
 5.243299e+00  6.317924e-02 
 5.243696e+00  6.367307e-02 
 5.244094e+00  6.415678e-02 
 5.244492e+00  6.461254e-02 
 5.244889e+00  6.504037e-02 
 5.245287e+00  6.544679e-02 
 5.245685e+00  6.580666e-02 
 5.246083e+00  6.613593e-02 
 5.246480e+00  6.644327e-02 
 5.246878e+00  6.673152e-02 
 5.247276e+00  6.697136e-02 
 5.247673e+00  6.719034e-02 
 5.248071e+00  6.737784e-02 
 5.248469e+00  6.752256e-02 
 5.248866e+00  6.764104e-02 
 5.249264e+00  6.775421e-02 
 5.249662e+00  6.781120e-02 
 5.250060e+00  6.783615e-02 
 5.250457e+00  6.782637e-02 
 5.250855e+00  6.777996e-02 
 5.251253e+00  6.769830e-02 
 5.251650e+00  6.759832e-02 
 5.252048e+00  6.746131e-02 
 5.252446e+00  6.727850e-02 
 5.252843e+00  6.706589e-02 
 5.253241e+00  6.683022e-02 
 5.253639e+00  6.656176e-02 
 5.254036e+00  6.626522e-02 
 5.254434e+00  6.594567e-02 
 5.254832e+00  6.557877e-02 
 5.255230e+00  6.516718e-02 
 5.255627e+00  6.473572e-02 
 5.256025e+00  6.426695e-02 
 5.256423e+00  6.376743e-02 
 5.256820e+00  6.323302e-02 
 5.257218e+00  6.267517e-02 
 5.257616e+00  6.207034e-02 
 5.258013e+00  6.144157e-02 
 5.258411e+00  6.079515e-02 
 5.258809e+00  6.011635e-02 
 5.259207e+00  5.941082e-02 
 5.259604e+00  5.868592e-02 
 5.260002e+00  5.792489e-02 
 5.260400e+00  5.712867e-02 
 5.260797e+00  5.630856e-02 
 5.261195e+00  5.546869e-02 
 5.261593e+00  5.459251e-02 
 5.261990e+00  5.370209e-02 
 5.262388e+00  5.277031e-02 
 5.262786e+00  5.181183e-02 
 5.263183e+00  5.085679e-02 
 5.263581e+00  4.988457e-02 
 5.263979e+00  4.890202e-02 
 5.264377e+00  4.789892e-02 
 5.264774e+00  4.688103e-02 
 5.265172e+00  4.583467e-02 
 5.265570e+00  4.477812e-02 
 5.265967e+00  4.371088e-02 
 5.266365e+00  4.263085e-02 
 5.266763e+00  4.152979e-02 
 5.267160e+00  4.041204e-02 
 5.267558e+00  3.927658e-02 
 5.267956e+00  3.813797e-02 
 5.268354e+00  3.699095e-02 
 5.268751e+00  3.585639e-02 
 5.269149e+00  3.469966e-02 
 5.269547e+00  3.353287e-02 
 5.269944e+00  3.235087e-02 
 5.270342e+00  3.116188e-02 
 5.270740e+00  2.996265e-02 
 5.271137e+00  2.875154e-02 
 5.271535e+00  2.753526e-02 
 5.271933e+00  2.631488e-02 
 5.272330e+00  2.508901e-02 
 5.272728e+00  2.387056e-02 
 5.273126e+00  2.267392e-02 
 5.273524e+00  2.148121e-02 
 5.273921e+00  2.028643e-02 
 5.274319e+00  1.909711e-02 
 5.274717e+00  1.789459e-02 
 5.275114e+00  1.669276e-02 
 5.275512e+00  1.549343e-02 
 5.275910e+00  1.428741e-02 
 5.276307e+00  1.308251e-02 
 5.276705e+00  1.187593e-02 
 5.277103e+00  1.068364e-02 
 5.277501e+00  9.491124e-03 
 5.277898e+00  8.318694e-03 
 5.278296e+00  7.154212e-03 
 5.278694e+00  6.005471e-03 
 5.279091e+00  4.856409e-03 
 5.279489e+00  3.713069e-03 
 5.279887e+00  2.573423e-03 
 5.280284e+00  1.437821e-03 
 5.280682e+00  3.007546e-04 
 5.281080e+00 -8.266931e-04 
 5.281477e+00 -1.947289e-03 
 5.281875e+00 -3.059784e-03 
 5.282273e+00 -4.138434e-03 
 5.282671e+00 -5.214923e-03 
 5.283068e+00 -6.267410e-03 
 5.283466e+00 -7.310176e-03 
 5.283864e+00 -8.337707e-03 
 5.284261e+00 -9.349887e-03 
 5.284659e+00 -1.035975e-02 
 5.285057e+00 -1.135717e-02 
 5.285454e+00 -1.232952e-02 
 5.285852e+00 -1.329699e-02 
 5.286250e+00 -1.425415e-02 
 5.286648e+00 -1.520336e-02 
 5.287045e+00 -1.611901e-02 
 5.287443e+00 -1.701632e-02 
 5.287841e+00 -1.789563e-02 
 5.288238e+00 -1.873315e-02 
 5.288636e+00 -1.955024e-02 
 5.289034e+00 -2.035602e-02 
 5.289431e+00 -2.112702e-02 
 5.289829e+00 -2.187406e-02 
 5.290227e+00 -2.260363e-02 
 5.290624e+00 -2.331215e-02 
 5.291022e+00 -2.399077e-02 
 5.291420e+00 -2.464230e-02 
 5.291818e+00 -2.526062e-02 
 5.292215e+00 -2.582166e-02 
 5.292613e+00 -2.634204e-02 
 5.293011e+00 -2.682856e-02 
 5.293408e+00 -2.728980e-02 
 5.293806e+00 -2.769790e-02 
 5.294204e+00 -2.807932e-02 
 5.294601e+00 -2.842727e-02 
 5.294999e+00 -2.874150e-02 
 5.295397e+00 -2.902911e-02 
 5.295795e+00 -2.929486e-02 
 5.296192e+00 -2.952374e-02 
 5.296590e+00 -2.970550e-02 
 5.296988e+00 -2.986470e-02 
 5.297385e+00 -2.996722e-02 
 5.297783e+00 -3.003489e-02 
 5.298181e+00 -3.007986e-02 
 5.298578e+00 -3.010104e-02 
 5.298976e+00 -3.007043e-02 
 5.299374e+00 -3.002314e-02 
 5.299771e+00 -2.994979e-02 
 5.300169e+00 -2.984950e-02 
 5.300567e+00 -2.971673e-02 
 5.300965e+00 -2.954731e-02 
 5.301362e+00 -2.933891e-02 
 5.301760e+00 -2.909127e-02 
 5.302158e+00 -2.881019e-02 
 5.302555e+00 -2.850417e-02 
 5.302953e+00 -2.816613e-02 
 5.303351e+00 -2.780378e-02 
 5.303748e+00 -2.742183e-02 
 5.304146e+00 -2.699745e-02 
 5.304544e+00 -2.656071e-02 
 5.304942e+00 -2.610209e-02 
 5.305339e+00 -2.562022e-02 
 5.305737e+00 -2.511708e-02 
 5.306135e+00 -2.457788e-02 
 5.306532e+00 -2.400744e-02 
 5.306930e+00 -2.341660e-02 
 5.307328e+00 -2.279032e-02 
 5.307725e+00 -2.214842e-02 
 5.308123e+00 -2.146364e-02 
 5.308521e+00 -2.077831e-02 
 5.308918e+00 -2.006201e-02 
 5.309316e+00 -1.931486e-02 
 5.309714e+00 -1.856223e-02 
 5.310112e+00 -1.779817e-02 
 5.310509e+00 -1.700056e-02 
 5.310907e+00 -1.617955e-02 
 5.311305e+00 -1.532209e-02 
 5.311702e+00 -1.444361e-02 
 5.312100e+00 -1.353708e-02 
 5.312498e+00 -1.261768e-02 
 5.312895e+00 -1.168174e-02 
 5.313293e+00 -1.070363e-02 
 5.313691e+00 -9.726595e-03 
 5.314089e+00 -8.735607e-03 
 5.314486e+00 -7.732816e-03 
 5.314884e+00 -6.726934e-03 
 5.315282e+00 -5.704242e-03 
 5.315679e+00 -4.675240e-03 
 5.316077e+00 -3.610691e-03 
 5.316475e+00 -2.535022e-03 
 5.316872e+00 -1.449407e-03 
 5.317270e+00 -3.497025e-04 
 5.317668e+00  7.660144e-04 
 5.318065e+00  1.895925e-03 
 5.318463e+00  3.037074e-03 
 5.318861e+00  4.185641e-03 
 5.319259e+00  5.325070e-03 
 5.319656e+00  6.480767e-03 
 5.320054e+00  7.654666e-03 
 5.320452e+00  8.843838e-03 
 5.320849e+00  1.004183e-02 
 5.321247e+00  1.127937e-02 
 5.321645e+00  1.251360e-02 
 5.322042e+00  1.374163e-02 
 5.322440e+00  1.498362e-02 
 5.322838e+00  1.624129e-02 
 5.323236e+00  1.750289e-02 
 5.323633e+00  1.875523e-02 
 5.324031e+00  2.001500e-02 
 5.324429e+00  2.126472e-02 
 5.324826e+00  2.251748e-02 
 5.325224e+00  2.378519e-02 
 5.325622e+00  2.505694e-02 
 5.326019e+00  2.631263e-02 
 5.326417e+00  2.758209e-02 
 5.326815e+00  2.884019e-02 
 5.327212e+00  3.009110e-02 
 5.327610e+00  3.134988e-02 
 5.328008e+00  3.259894e-02 
 5.328406e+00  3.384061e-02 
 5.328803e+00  3.505543e-02 
 5.329201e+00  3.626308e-02 
 5.329599e+00  3.745367e-02 
 5.329996e+00  3.863701e-02 
 5.330394e+00  3.981614e-02 
 5.330792e+00  4.097438e-02 
 5.331189e+00  4.209488e-02 
 5.331587e+00  4.322093e-02 
 5.331985e+00  4.431049e-02 
 5.332383e+00  4.538994e-02 
 5.332780e+00  4.645178e-02 
 5.333178e+00  4.749433e-02 
 5.333576e+00  4.851752e-02 
 5.333973e+00  4.950498e-02 
 5.334371e+00  5.046811e-02 
 5.334769e+00  5.139269e-02 
 5.335166e+00  5.229262e-02 
 5.335564e+00  5.317619e-02 
 5.335962e+00  5.402657e-02 
 5.336359e+00  5.484908e-02 
 5.336757e+00  5.564774e-02 
 5.337155e+00  5.643241e-02 
 5.337553e+00  5.717414e-02 
 5.337950e+00  5.789666e-02 
 5.338348e+00  5.859547e-02 
 5.338746e+00  5.925359e-02 
 5.339143e+00  5.987649e-02 
 5.339541e+00  6.048284e-02 
 5.339939e+00  6.107578e-02 
 5.340336e+00  6.164528e-02 
 5.340734e+00  6.219632e-02 
 5.341132e+00  6.270727e-02 
 5.341530e+00  6.318786e-02 
 5.341927e+00  6.365774e-02 
 5.342325e+00  6.411029e-02 
 5.342723e+00  6.452762e-02 
 5.343120e+00  6.492283e-02 
 5.343518e+00  6.527771e-02 
 5.343916e+00  6.559806e-02 
 5.344313e+00  6.588716e-02 
 5.344711e+00  6.615665e-02 
 5.345109e+00  6.640835e-02 
 5.345506e+00  6.662341e-02 
 5.345904e+00  6.680735e-02 
 5.346302e+00  6.697049e-02 
 5.346700e+00  6.710427e-02 
 5.347097e+00  6.722099e-02 
 5.347495e+00  6.731447e-02 
 5.347893e+00  6.736175e-02 
 5.348290e+00  6.737036e-02 
 5.348688e+00  6.735619e-02 
 5.349086e+00  6.732210e-02 
 5.349483e+00  6.726006e-02 
 5.349881e+00  6.716961e-02 
 5.350279e+00  6.703495e-02 
 5.350677e+00  6.686900e-02 
 5.351074e+00  6.666647e-02 
 5.351472e+00  6.645595e-02 
 5.351870e+00  6.621498e-02 
 5.352267e+00  6.595961e-02 
 5.352665e+00  6.565858e-02 
 5.353063e+00  6.532723e-02 
 5.353460e+00  6.495190e-02 
 5.353858e+00  6.455372e-02 
 5.354256e+00  6.412836e-02 
 5.354653e+00  6.366878e-02 
 5.355051e+00  6.316602e-02 
 5.355449e+00  6.264651e-02 
 5.355847e+00  6.210123e-02 
 5.356244e+00  6.152151e-02 
 5.356642e+00  6.093034e-02 
 5.357040e+00  6.030692e-02 
 5.357437e+00  5.966222e-02 
 5.357835e+00  5.897092e-02 
 5.358233e+00  5.825708e-02 
 5.358630e+00  5.751523e-02 
 5.359028e+00  5.674758e-02 
 5.359426e+00  5.595770e-02 
 5.359824e+00  5.513314e-02 
 5.360221e+00  5.426584e-02 
 5.360619e+00  5.339496e-02 
 5.361017e+00  5.250474e-02 
 5.361414e+00  5.158960e-02 
 5.361812e+00  5.065820e-02 
 5.362210e+00  4.971823e-02 
 5.362607e+00  4.873511e-02 
 5.363005e+00  4.771406e-02 
 5.363403e+00  4.668831e-02 
 5.363800e+00  4.562638e-02 
 5.364198e+00  4.453234e-02 
 5.364596e+00  4.343656e-02 
 5.364994e+00  4.230963e-02 
 5.365391e+00  4.116297e-02 
 5.365789e+00  4.000241e-02 
 5.366187e+00  3.884373e-02 
 5.366584e+00  3.767359e-02 
 5.366982e+00  3.647981e-02 
 5.367380e+00  3.528107e-02 
 5.367777e+00  3.406717e-02 
 5.368175e+00  3.284418e-02 
 5.368573e+00  3.162217e-02 
 5.368971e+00  3.038603e-02 
 5.369368e+00  2.914295e-02 
 5.369766e+00  2.790016e-02 
 5.370164e+00  2.664687e-02 
 5.370561e+00  2.538898e-02 
 5.370959e+00  2.416103e-02 
 5.371357e+00  2.292756e-02 
 5.371754e+00  2.169201e-02 
 5.372152e+00  2.044411e-02 
 5.372550e+00  1.920589e-02 
 5.372947e+00  1.796899e-02 
 5.373345e+00  1.672801e-02 
 5.373743e+00  1.548919e-02 
 5.374141e+00  1.426029e-02 
 5.374538e+00  1.302577e-02 
 5.374936e+00  1.180300e-02 
 5.375334e+00  1.059627e-02 
 5.375731e+00  9.407857e-03 
 5.376129e+00  8.230538e-03 
 5.376527e+00  7.061182e-03 
 5.376924e+00  5.895261e-03 
 5.377322e+00  4.741472e-03 
 5.377720e+00  3.599100e-03 
 5.378118e+00  2.460976e-03 
 5.378515e+00  1.329319e-03 
 5.378913e+00  2.075145e-04 
 5.379311e+00 -9.062373e-04 
 5.379708e+00 -1.999542e-03 
 5.380106e+00 -3.071764e-03 
 5.380504e+00 -4.125953e-03 
 5.380901e+00 -5.161184e-03 
 5.381299e+00 -6.178680e-03 
 5.381697e+00 -7.178569e-03 
 5.382094e+00 -8.184594e-03 
 5.382492e+00 -9.187974e-03 
 5.382890e+00 -1.018009e-02 
 5.383288e+00 -1.115745e-02 
 5.383685e+00 -1.212182e-02 
 5.384083e+00 -1.307208e-02 
 5.384481e+00 -1.399491e-02 
 5.384878e+00 -1.489571e-02 
 5.385276e+00 -1.577651e-02 
 5.385674e+00 -1.661179e-02 
 5.386071e+00 -1.743558e-02 
 5.386469e+00 -1.824860e-02 
 5.386867e+00 -1.904587e-02 
 5.387265e+00 -1.981697e-02 
 5.387662e+00 -2.057373e-02 
 5.388060e+00 -2.130288e-02 
 5.388458e+00 -2.199719e-02 
 5.388855e+00 -2.267784e-02 
 5.389253e+00 -2.332992e-02 
 5.389651e+00 -2.394247e-02 
 5.390048e+00 -2.452304e-02 
 5.390446e+00 -2.506323e-02 
 5.390844e+00 -2.559178e-02 
 5.391241e+00 -2.609399e-02 
 5.391639e+00 -2.658331e-02 
 5.392037e+00 -2.705244e-02 
 5.392435e+00 -2.749397e-02 
 5.392832e+00 -2.790689e-02 
 5.393230e+00 -2.830027e-02 
 5.393628e+00 -2.865031e-02 
 5.394025e+00 -2.897445e-02 
 5.394423e+00 -2.925787e-02 
 5.394821e+00 -2.949188e-02 
 5.395218e+00 -2.969253e-02 
 5.395616e+00 -2.986290e-02 
 5.396014e+00 -3.001118e-02 
 5.396412e+00 -3.012022e-02 
 5.396809e+00 -3.019988e-02 
 5.397207e+00 -3.024219e-02 
 5.397605e+00 -3.025128e-02 
 5.398002e+00 -3.024525e-02 
 5.398400e+00 -3.019781e-02 
 5.398798e+00 -3.011425e-02 
 5.399195e+00 -2.999120e-02 
 5.399593e+00 -2.982596e-02 
 5.399991e+00 -2.961627e-02 
 5.400388e+00 -2.937772e-02 
 5.400786e+00 -2.910605e-02 
 5.401184e+00 -2.879898e-02 
 5.401582e+00 -2.846051e-02 
 5.401979e+00 -2.810433e-02 
 5.402377e+00 -2.770273e-02 
 5.402775e+00 -2.727983e-02 
 5.403172e+00 -2.683934e-02 
 5.403570e+00 -2.634626e-02 
 5.403968e+00 -2.581607e-02 
 5.404365e+00 -2.525610e-02 
 5.404763e+00 -2.466461e-02 
 5.405161e+00 -2.403037e-02 
 5.405559e+00 -2.337880e-02 
 5.405956e+00 -2.269894e-02 
 5.406354e+00 -2.198179e-02 
 5.406752e+00 -2.123658e-02 
 5.407149e+00 -2.049174e-02 
 5.407547e+00 -1.971004e-02 
 5.407945e+00 -1.891038e-02 
 5.408342e+00 -1.808175e-02 
 5.408740e+00 -1.723672e-02 
 5.409138e+00 -1.634065e-02 
 5.409535e+00 -1.543277e-02 
 5.409933e+00 -1.451486e-02 
 5.410331e+00 -1.356938e-02 
 5.410729e+00 -1.261920e-02 
 5.411126e+00 -1.165908e-02 
 5.411524e+00 -1.069434e-02 
 5.411922e+00 -9.711919e-03 
 5.412319e+00 -8.735868e-03 
 5.412717e+00 -7.739371e-03 
 5.413115e+00 -6.727345e-03 
 5.413512e+00 -5.693045e-03 
 5.413910e+00 -4.632565e-03 
 5.414308e+00 -3.561011e-03 
 5.414706e+00 -2.473168e-03 
 5.415103e+00 -1.380352e-03 
 5.415501e+00 -2.826768e-04 
 5.415899e+00  8.432802e-04 
 5.416296e+00  1.972868e-03 
 5.416694e+00  3.108544e-03 
 5.417092e+00  4.242715e-03 
 5.417489e+00  5.384916e-03 
 5.417887e+00  6.540597e-03 
 5.418285e+00  7.698126e-03 
 5.418682e+00  8.887319e-03 
 5.419080e+00  1.008041e-02 
 5.419478e+00  1.128310e-02 
 5.419876e+00  1.248168e-02 
 5.420273e+00  1.368605e-02 
 5.420671e+00  1.489094e-02 
 5.421069e+00  1.611244e-02 
 5.421466e+00  1.733224e-02 
 5.421864e+00  1.853408e-02 
 5.422262e+00  1.973633e-02 
 5.422659e+00  2.094606e-02 
 5.423057e+00  2.215557e-02 
 5.423455e+00  2.338565e-02 
 5.423853e+00  2.462116e-02 
 5.424250e+00  2.584808e-02 
 5.424648e+00  2.706773e-02 
 5.425046e+00  2.829584e-02 
 5.425443e+00  2.952775e-02 
 5.425841e+00  3.073922e-02 
 5.426239e+00  3.195500e-02 
 5.426636e+00  3.314834e-02 
 5.427034e+00  3.431426e-02 
 5.427432e+00  3.548479e-02 
 5.427829e+00  3.665247e-02 
 5.428227e+00  3.781264e-02 
 5.428625e+00  3.897736e-02 
 5.429023e+00  4.013759e-02 
 5.429420e+00  4.127971e-02 
 5.429818e+00  4.240094e-02 
 5.430216e+00  4.351884e-02 
 5.430613e+00  4.461501e-02 
 5.431011e+00  4.567906e-02 
 5.431409e+00  4.674116e-02 
 5.431806e+00  4.777801e-02 
 5.432204e+00  4.876828e-02 
 5.432602e+00  4.976310e-02 
 5.433000e+00  5.075840e-02 
 5.433397e+00  5.172076e-02 
 5.433795e+00  5.266729e-02 
 5.434193e+00  5.358796e-02 
 5.434590e+00  5.449102e-02 
 5.434988e+00  5.535672e-02 
 5.435386e+00  5.621560e-02 
 5.435783e+00  5.704298e-02 
 5.436181e+00  5.783584e-02 
 5.436579e+00  5.859518e-02 
 5.436976e+00  5.933140e-02 
 5.437374e+00  6.002846e-02 
 5.437772e+00  6.070611e-02 
 5.438170e+00  6.136344e-02 
 5.438567e+00  6.198737e-02 
 5.438965e+00  6.256560e-02 
 5.439363e+00  6.310779e-02 
 5.439760e+00  6.363202e-02 
 5.440158e+00  6.411784e-02 
 5.440556e+00  6.457570e-02 
 5.440953e+00  6.499516e-02 
 5.441351e+00  6.537298e-02 
 5.441749e+00  6.571085e-02 
 5.442147e+00  6.602406e-02 
 5.442544e+00  6.630787e-02 
 5.442942e+00  6.655793e-02 
 5.443340e+00  6.677714e-02 
 5.443737e+00  6.696945e-02 
 5.444135e+00  6.713667e-02 
 5.444533e+00  6.726850e-02 
 5.444930e+00  6.738775e-02 
 5.445328e+00  6.747215e-02 
 5.445726e+00  6.752225e-02 
 5.446123e+00  6.753111e-02 
 5.446521e+00  6.751061e-02 
 5.446919e+00  6.746188e-02 
 5.447317e+00  6.738742e-02 
 5.447714e+00  6.728903e-02 
 5.448112e+00  6.715943e-02 
 5.448510e+00  6.700758e-02 
 5.448907e+00  6.683354e-02 
 5.449305e+00  6.662440e-02 
 5.449703e+00  6.639953e-02 
 5.450100e+00  6.615679e-02 
 5.450498e+00  6.586807e-02 
 5.450896e+00  6.553460e-02 
 5.451294e+00  6.517457e-02 
 5.451691e+00  6.478540e-02 
 5.452089e+00  6.436934e-02 
 5.452487e+00  6.392777e-02 
 5.452884e+00  6.346944e-02 
 5.453282e+00  6.297126e-02 
 5.453680e+00  6.245794e-02 
 5.454077e+00  6.193354e-02 
 5.454475e+00  6.136333e-02 
 5.454873e+00  6.077221e-02 
 5.455270e+00  6.016101e-02 
 5.455668e+00  5.950763e-02 
 5.456066e+00  5.881366e-02 
 5.456464e+00  5.810174e-02 
 5.456861e+00  5.737708e-02 
 5.457259e+00  5.661790e-02 
 5.457657e+00  5.585253e-02 
 5.458054e+00  5.504652e-02 
 5.458452e+00  5.422097e-02 
 5.458850e+00  5.336816e-02 
 5.459247e+00  5.251808e-02 
 5.459645e+00  5.163133e-02 
 5.460043e+00  5.071354e-02 
 5.460441e+00  4.977432e-02 
 5.460838e+00  4.879580e-02 
 5.461236e+00  4.779577e-02 
 5.461634e+00  4.679182e-02 
 5.462031e+00  4.577577e-02 
 5.462429e+00  4.474091e-02 
 5.462827e+00  4.368719e-02 
 5.463224e+00  4.262729e-02 
 5.463622e+00  4.155490e-02 
 5.464020e+00  4.047257e-02 
 5.464417e+00  3.939595e-02 
 5.464815e+00  3.828262e-02 
 5.465213e+00  3.714868e-02 
 5.465611e+00  3.599788e-02 
 5.466008e+00  3.482478e-02 
 5.466406e+00  3.363682e-02 
 5.466804e+00  3.244113e-02 
 5.467201e+00  3.123381e-02 
 5.467599e+00  3.000853e-02 
 5.467997e+00  2.877590e-02 
 5.468394e+00  2.754707e-02 
 5.468792e+00  2.632561e-02 
 5.469190e+00  2.509965e-02 
 5.469588e+00  2.386091e-02 
 5.469985e+00  2.259002e-02 
 5.470383e+00  2.131516e-02 
 5.470781e+00  2.003616e-02 
 5.471178e+00  1.875540e-02 
 5.471576e+00  1.746015e-02 
 5.471974e+00  1.617064e-02 
 5.472371e+00  1.488291e-02 
 5.472769e+00  1.361153e-02 
 5.473167e+00  1.234271e-02 
 5.473564e+00  1.109798e-02 
 5.473962e+00  9.853506e-03 
 5.474360e+00  8.620143e-03 
 5.474758e+00  7.388759e-03 
 5.475155e+00  6.158266e-03 
 5.475553e+00  4.933136e-03 
 5.475951e+00  3.721506e-03 
 5.476348e+00  2.517362e-03 
 5.476746e+00  1.325647e-03 
 5.477144e+00  1.568003e-04 
 5.477541e+00 -9.973261e-04 
 5.477939e+00 -2.120883e-03 
 5.478337e+00 -3.228386e-03 
 5.478735e+00 -4.312471e-03 
 5.479132e+00 -5.379488e-03 
 5.479530e+00 -6.434619e-03 
 5.479928e+00 -7.485284e-03 
 5.480325e+00 -8.521496e-03 
 5.480723e+00 -9.532987e-03 
 5.481121e+00 -1.052812e-02 
 5.481518e+00 -1.150376e-02 
 5.481916e+00 -1.244107e-02 
 5.482314e+00 -1.336673e-02 
 5.482711e+00 -1.424706e-02 
 5.483109e+00 -1.509186e-02 
 5.483507e+00 -1.591415e-02 
 5.483905e+00 -1.671057e-02 
 5.484302e+00 -1.748941e-02 
 5.484700e+00 -1.825611e-02 
 5.485098e+00 -1.901806e-02 
 5.485495e+00 -1.975363e-02 
 5.485893e+00 -2.047072e-02 
 5.486291e+00 -2.116889e-02 
 5.486688e+00 -2.184507e-02 
 5.487086e+00 -2.249507e-02 
 5.487484e+00 -2.311976e-02 
 5.487882e+00 -2.369761e-02 
 5.488279e+00 -2.424679e-02 
 5.488677e+00 -2.478625e-02 
 5.489075e+00 -2.530583e-02 
 5.489472e+00 -2.579539e-02 
 5.489870e+00 -2.627901e-02 
 5.490268e+00 -2.674096e-02 
 5.490665e+00 -2.717078e-02 
 5.491063e+00 -2.756931e-02 
 5.491461e+00 -2.794301e-02 
 5.491858e+00 -2.827518e-02 
 5.492256e+00 -2.856124e-02 
 5.492654e+00 -2.881846e-02 
 5.493052e+00 -2.903134e-02 
 5.493449e+00 -2.921824e-02 
 5.493847e+00 -2.939085e-02 
 5.494245e+00 -2.953762e-02 
 5.494642e+00 -2.965741e-02 
 5.495040e+00 -2.976169e-02 
 5.495438e+00 -2.983467e-02 
 5.495835e+00 -2.987121e-02 
 5.496233e+00 -2.988866e-02 
 5.496631e+00 -2.986417e-02 
 5.497029e+00 -2.978623e-02 
 5.497426e+00 -2.967478e-02 
 5.497824e+00 -2.953332e-02 
 5.498222e+00 -2.934763e-02 
 5.498619e+00 -2.914716e-02 
 5.499017e+00 -2.892760e-02 
 5.499415e+00 -2.868092e-02 
 5.499812e+00 -2.839923e-02 
 5.500210e+00 -2.810036e-02 
 5.500608e+00 -2.776654e-02 
 5.501005e+00 -2.738643e-02 
 5.501403e+00 -2.697711e-02 
 5.501801e+00 -2.650830e-02 
 5.502199e+00 -2.601532e-02 
 5.502596e+00 -2.548133e-02 
 5.502994e+00 -2.492617e-02 
 5.503392e+00 -2.434078e-02 
 5.503789e+00 -2.373537e-02 
 5.504187e+00 -2.310582e-02 
 5.504585e+00 -2.244777e-02 
 5.504982e+00 -2.176325e-02 
 5.505380e+00 -2.105515e-02 
 5.505778e+00 -2.032251e-02 
 5.506176e+00 -1.956528e-02 
 5.506573e+00 -1.876224e-02 
 5.506971e+00 -1.792718e-02 
 5.507369e+00 -1.707079e-02 
 5.507766e+00 -1.618757e-02 
 5.508164e+00 -1.529159e-02 
 5.508562e+00 -1.438020e-02 
 5.508959e+00 -1.343891e-02 
 5.509357e+00 -1.247932e-02 
 5.509755e+00 -1.149004e-02 
 5.510152e+00 -1.049153e-02 
 5.510550e+00 -9.463038e-03 
 5.510948e+00 -8.419749e-03 
 5.511346e+00 -7.344023e-03 
 5.511743e+00 -6.251298e-03 
 5.512141e+00 -5.127270e-03 
 5.512539e+00 -4.001941e-03 
 5.512936e+00 -2.864223e-03 
 5.513334e+00 -1.714047e-03 
 5.513732e+00 -5.522586e-04 
 5.514129e+00  6.302487e-04 
 5.514527e+00  1.810574e-03 
 5.514925e+00  2.988417e-03 
 5.515323e+00  4.163572e-03 
 5.515720e+00  5.349386e-03 
 5.516118e+00  6.542422e-03 
 5.516516e+00  7.760593e-03 
 5.516913e+00  8.988681e-03 
 5.517311e+00  1.021401e-02 
 5.517709e+00  1.142726e-02 
 5.518106e+00  1.264990e-02 
 5.518504e+00  1.386499e-02 
 5.518902e+00  1.509069e-02 
 5.519299e+00  1.631508e-02 
 5.519697e+00  1.752223e-02 
 5.520095e+00  1.872314e-02 
 5.520493e+00  1.992743e-02 
 5.520890e+00  2.114826e-02 
 5.521288e+00  2.235542e-02 
 5.521686e+00  2.357005e-02 
 5.522083e+00  2.477629e-02 
 5.522481e+00  2.597283e-02 
 5.522879e+00  2.716604e-02 
 5.523276e+00  2.835533e-02 
 5.523674e+00  2.954124e-02 
 5.524072e+00  3.070607e-02 
 5.524470e+00  3.185748e-02 
 5.524867e+00  3.300203e-02 
 5.525265e+00  3.413178e-02 
 5.525663e+00  3.526800e-02 
 5.526060e+00  3.640687e-02 
 5.526458e+00  3.754045e-02 
 5.526856e+00  3.864690e-02 
 5.527253e+00  3.975283e-02 
 5.527651e+00  4.084789e-02 
 5.528049e+00  4.190308e-02 
 5.528446e+00  4.297033e-02 
 5.528844e+00  4.401959e-02 
 5.529242e+00  4.504934e-02 
 5.529640e+00  4.606401e-02 
 5.530037e+00  4.708423e-02 
 5.530435e+00  4.808005e-02 
 5.530833e+00  4.907028e-02 
 5.531230e+00  5.005649e-02 
 5.531628e+00  5.103028e-02 
 5.532026e+00  5.196127e-02 
 5.532423e+00  5.289294e-02 
 5.532821e+00  5.380520e-02 
 5.533219e+00  5.468446e-02 
 5.533617e+00  5.554690e-02 
 5.534014e+00  5.637590e-02 
 5.534412e+00  5.717754e-02 
 5.534810e+00  5.794064e-02 
 5.535207e+00  5.870376e-02 
 5.535605e+00  5.942972e-02 
 5.536003e+00  6.014881e-02 
 5.536400e+00  6.085390e-02 
 5.536798e+00  6.150411e-02 
 5.537196e+00  6.212732e-02 
 5.537593e+00  6.273329e-02 
 5.537991e+00  6.331694e-02 
 5.538389e+00  6.384933e-02 
 5.538787e+00  6.435795e-02 
 5.539184e+00  6.482883e-02 
 5.539582e+00  6.524978e-02 
 5.539980e+00  6.564815e-02 
 5.540377e+00  6.602433e-02 
 5.540775e+00  6.636812e-02 
 5.541173e+00  6.668407e-02 
 5.541570e+00  6.696192e-02 
 5.541968e+00  6.720782e-02 
 5.542366e+00  6.741836e-02 
 5.542764e+00  6.760599e-02 
 5.543161e+00  6.775661e-02 
 5.543559e+00  6.785157e-02 
 5.543957e+00  6.791038e-02 
 5.544354e+00  6.791731e-02 
 5.544752e+00  6.791742e-02 
 5.545150e+00  6.788508e-02 
 5.545547e+00  6.782900e-02 
 5.545945e+00  6.773893e-02 
 5.546343e+00  6.761074e-02 
 5.546740e+00  6.744721e-02 
 5.547138e+00  6.725239e-02 
 5.547536e+00  6.702643e-02 
 5.547934e+00  6.676681e-02 
 5.548331e+00  6.647165e-02 
 5.548729e+00  6.614476e-02 
 5.549127e+00  6.577835e-02 
 5.549524e+00  6.539016e-02 
 5.549922e+00  6.499336e-02 
 5.550320e+00  6.456110e-02 
 5.550717e+00  6.409450e-02 
 5.551115e+00  6.362447e-02 
 5.551513e+00  6.312210e-02 
 5.551911e+00  6.258516e-02 
 5.552308e+00  6.203897e-02 
 5.552706e+00  6.146112e-02 
 5.553104e+00  6.085202e-02 
 5.553501e+00  6.020281e-02 
 5.553899e+00  5.953956e-02 
 5.554297e+00  5.882498e-02 
 5.554694e+00  5.810320e-02 
 5.555092e+00  5.736976e-02 
 5.555490e+00  5.660395e-02 
 5.555887e+00  5.581846e-02 
 5.556285e+00  5.501019e-02 
 5.556683e+00  5.418577e-02 
 5.557081e+00  5.334441e-02 
 5.557478e+00  5.248556e-02 
 5.557876e+00  5.160422e-02 
 5.558274e+00  5.070220e-02 
 5.558671e+00  4.976262e-02 
 5.559069e+00  4.880620e-02 
 5.559467e+00  4.782663e-02 
 5.559864e+00  4.684273e-02 
 5.560262e+00  4.584881e-02 
 5.560660e+00  4.483931e-02 
 5.561058e+00  4.380965e-02 
 5.561455e+00  4.277529e-02 
 5.561853e+00  4.172164e-02 
 5.562251e+00  4.065290e-02 
 5.562648e+00  3.956276e-02 
 5.563046e+00  3.842720e-02 
 5.563444e+00  3.728054e-02 
 5.563841e+00  3.611434e-02 
 5.564239e+00  3.494647e-02 
 5.564637e+00  3.377311e-02 
 5.565034e+00  3.259913e-02 
 5.565432e+00  3.141815e-02 
 5.565830e+00  3.021495e-02 
 5.566228e+00  2.902445e-02 
 5.566625e+00  2.781536e-02 
 5.567023e+00  2.661149e-02 
 5.567421e+00  2.538081e-02 
 5.567818e+00  2.413408e-02 
 5.568216e+00  2.288463e-02 
 5.568614e+00  2.163344e-02 
 5.569011e+00  2.038703e-02 
 5.569409e+00  1.914788e-02 
 5.569807e+00  1.789935e-02 
 5.570205e+00  1.667016e-02 
 5.570602e+00  1.544188e-02 
 5.571000e+00  1.422515e-02 
 5.571398e+00  1.300278e-02 
 5.571795e+00  1.178108e-02 
 5.572193e+00  1.056328e-02 
 5.572591e+00  9.324368e-03 
 5.572988e+00  8.091164e-03 
 5.573386e+00  6.869382e-03 
 5.573784e+00  5.650146e-03 
 5.574181e+00  4.447466e-03 
 5.574579e+00  3.254977e-03 
 5.574977e+00  2.070252e-03 
 5.575375e+00  8.981124e-04 
 5.575772e+00 -2.543682e-04 
 5.576170e+00 -1.397695e-03 
 5.576568e+00 -2.533847e-03 
 5.576965e+00 -3.646725e-03 
 5.577363e+00 -4.758460e-03 
 5.577761e+00 -5.859078e-03 
 5.578158e+00 -6.948405e-03 
 5.578556e+00 -8.017672e-03 
 5.578954e+00 -9.064969e-03 
 5.579352e+00 -1.009523e-02 
 5.579749e+00 -1.110147e-02 
 5.580147e+00 -1.208732e-02 
 5.580545e+00 -1.304291e-02 
 5.580942e+00 -1.397168e-02 
 5.581340e+00 -1.487840e-02 
 5.581738e+00 -1.577303e-02 
 5.582135e+00 -1.665382e-02 
 5.582533e+00 -1.752588e-02 
 5.582931e+00 -1.837243e-02 
 5.583328e+00 -1.919854e-02 
 5.583726e+00 -1.999228e-02 
 5.584124e+00 -2.074799e-02 
 5.584522e+00 -2.147803e-02 
 5.584919e+00 -2.216770e-02 
 5.585317e+00 -2.283384e-02 
 5.585715e+00 -2.344579e-02 
 5.586112e+00 -2.402377e-02 
 5.586510e+00 -2.457950e-02 
 5.586908e+00 -2.511496e-02 
 5.587305e+00 -2.562040e-02 
 5.587703e+00 -2.609356e-02 
 5.588101e+00 -2.654632e-02 
 5.588499e+00 -2.696615e-02 
 5.588896e+00 -2.734911e-02 
 5.589294e+00 -2.769527e-02 
 5.589692e+00 -2.800626e-02 
 5.590089e+00 -2.827959e-02 
 5.590487e+00 -2.851696e-02 
 5.590885e+00 -2.872630e-02 
 5.591282e+00 -2.892180e-02 
 5.591680e+00 -2.910479e-02 
 5.592078e+00 -2.926294e-02 
 5.592475e+00 -2.939649e-02 
 5.592873e+00 -2.950492e-02 
 5.593271e+00 -2.957000e-02 
 5.593669e+00 -2.962436e-02 
 5.594066e+00 -2.963028e-02 
 5.594464e+00 -2.960714e-02 
 5.594862e+00 -2.955685e-02 
 5.595259e+00 -2.946962e-02 
 5.595657e+00 -2.935740e-02 
 5.596055e+00 -2.922051e-02 
 5.596452e+00 -2.906010e-02 
 5.596850e+00 -2.887698e-02 
 5.597248e+00 -2.866509e-02 
 5.597646e+00 -2.843410e-02 
 5.598043e+00 -2.816379e-02 
 5.598441e+00 -2.786171e-02 
 5.598839e+00 -2.753388e-02 
 5.599236e+00 -2.715061e-02 
 5.599634e+00 -2.673878e-02 
 5.600032e+00 -2.628813e-02 
 5.600429e+00 -2.581911e-02 
 5.600827e+00 -2.532252e-02 
 5.601225e+00 -2.481225e-02 
 5.601622e+00 -2.428278e-02 
 5.602020e+00 -2.373600e-02 
 5.602418e+00 -2.315384e-02 
 5.602816e+00 -2.254375e-02 
 5.603213e+00 -2.188614e-02 
 5.603611e+00 -2.121029e-02 
 5.604009e+00 -2.049222e-02 
 5.604406e+00 -1.973741e-02 
 5.604804e+00 -1.893978e-02 
 5.605202e+00 -1.811515e-02 
 5.605599e+00 -1.726851e-02 
 5.605997e+00 -1.640707e-02 
 5.606395e+00 -1.552876e-02 
 5.606793e+00 -1.463491e-02 
 5.607190e+00 -1.372678e-02 
 5.607588e+00 -1.278845e-02 
 5.607986e+00 -1.182891e-02 
 5.608383e+00 -1.083695e-02 
 5.608781e+00 -9.827464e-03 
 5.609179e+00 -8.788907e-03 
 5.609576e+00 -7.727214e-03 
 5.609974e+00 -6.642686e-03 
 5.610372e+00 -5.564619e-03 
 5.610769e+00 -4.487671e-03 
 5.611167e+00 -3.400721e-03 
 5.611565e+00 -2.302599e-03 
 5.611963e+00 -1.198416e-03 
 5.612360e+00 -6.267910e-05 
 5.612758e+00  1.085910e-03 
 5.613156e+00  2.241514e-03 
 5.613553e+00  3.415388e-03 
 5.613951e+00  4.614760e-03 
 5.614349e+00  5.830045e-03 
 5.614746e+00  7.050855e-03 
 5.615144e+00  8.287812e-03 
 5.615542e+00  9.499940e-03 
 5.615940e+00  1.071876e-02 
 5.616337e+00  1.194841e-02 
 5.616735e+00  1.318253e-02 
 5.617133e+00  1.441634e-02 
 5.617530e+00  1.566111e-02 
 5.617928e+00  1.690562e-02 
 5.618326e+00  1.816731e-02 
 5.618723e+00  1.944004e-02 
 5.619121e+00  2.071983e-02 
 5.619519e+00  2.198940e-02 
 5.619916e+00  2.325014e-02 
 5.620314e+00  2.451135e-02 
 5.620712e+00  2.574499e-02 
 5.621110e+00  2.697481e-02 
 5.621507e+00  2.820240e-02 
 5.621905e+00  2.942258e-02 
 5.622303e+00  3.062423e-02 
 5.622700e+00  3.181096e-02 
 5.623098e+00  3.300277e-02 
 5.623496e+00  3.418019e-02 
 5.623893e+00  3.535453e-02 
 5.624291e+00  3.652666e-02 
 5.624689e+00  3.766770e-02 
 5.625086e+00  3.880376e-02 
 5.625484e+00  3.991530e-02 
 5.625882e+00  4.100888e-02 
 5.626280e+00  4.208835e-02 
 5.626677e+00  4.315106e-02 
 5.627075e+00  4.419729e-02 
 5.627473e+00  4.520543e-02 
 5.627870e+00  4.620933e-02 
 5.628268e+00  4.719554e-02 
 5.628666e+00  4.817037e-02 
 5.629063e+00  4.913140e-02 
 5.629461e+00  5.006474e-02 
 5.629859e+00  5.097515e-02 
 5.630257e+00  5.185628e-02 
 5.630654e+00  5.271893e-02 
 5.631052e+00  5.355575e-02 
 5.631450e+00  5.438206e-02 
 5.631847e+00  5.517073e-02 
 5.632245e+00  5.594125e-02 
 5.632643e+00  5.669165e-02 
 5.633040e+00  5.742761e-02 
 5.633438e+00  5.816428e-02 
 5.633836e+00  5.888775e-02 
 5.634233e+00  5.957680e-02 
 5.634631e+00  6.024747e-02 
 5.635029e+00  6.088471e-02 
 5.635427e+00  6.150517e-02 
 5.635824e+00  6.209120e-02 
 5.636222e+00  6.266545e-02 
 5.636620e+00  6.319888e-02 
 5.637017e+00  6.370196e-02 
 5.637415e+00  6.418151e-02 
 5.637813e+00  6.464725e-02 
 5.638210e+00  6.509444e-02 
 5.638608e+00  6.551813e-02 
 5.639006e+00  6.591598e-02 
 5.639404e+00  6.627700e-02 
 5.639801e+00  6.658190e-02 
 5.640199e+00  6.686865e-02 
 5.640597e+00  6.712298e-02 
 5.640994e+00  6.734793e-02 
 5.641392e+00  6.752790e-02 
 5.641790e+00  6.766424e-02 
 5.642187e+00  6.777517e-02 
 5.642585e+00  6.785299e-02 
 5.642983e+00  6.790994e-02 
 5.643380e+00  6.793521e-02 
 5.643778e+00  6.793221e-02 
 5.644176e+00  6.788480e-02 
 5.644574e+00  6.779951e-02 
 5.644971e+00  6.768094e-02 
 5.645369e+00  6.753245e-02 
 5.645767e+00  6.734684e-02 
 5.646164e+00  6.712233e-02 
 5.646562e+00  6.685822e-02 
 5.646960e+00  6.656077e-02 
 5.647357e+00  6.622899e-02 
 5.647755e+00  6.587693e-02 
 5.648153e+00  6.550336e-02 
 5.648551e+00  6.509310e-02 
 5.648948e+00  6.465871e-02 
 5.649346e+00  6.418324e-02 
 5.649744e+00  6.366939e-02 
 5.650141e+00  6.313213e-02 
 5.650539e+00  6.256573e-02 
 5.650937e+00  6.195529e-02 
 5.651334e+00  6.131836e-02 
 5.651732e+00  6.064434e-02 
 5.652130e+00  5.994255e-02 
 5.652527e+00  5.922361e-02 
 5.652925e+00  5.849959e-02 
 5.653323e+00  5.775226e-02 
 5.653721e+00  5.698315e-02 
 5.654118e+00  5.619406e-02 
 5.654516e+00  5.538345e-02 
 5.654914e+00  5.454067e-02 
 5.655311e+00  5.368104e-02 
 5.655709e+00  5.279410e-02 
 5.656107e+00  5.187829e-02 
 5.656504e+00  5.093149e-02 
 5.656902e+00  4.996953e-02 
 5.657300e+00  4.899237e-02 
 5.657698e+00  4.800915e-02 
 5.658095e+00  4.701186e-02 
 5.658493e+00  4.600258e-02 
 5.658891e+00  4.496311e-02 
 5.659288e+00  4.391631e-02 
 5.659686e+00  4.284906e-02 
 5.660084e+00  4.177167e-02 
 5.660481e+00  4.067393e-02 
 5.660879e+00  3.954421e-02 
 5.661277e+00  3.840916e-02 
 5.661674e+00  3.726027e-02 
 5.662072e+00  3.610761e-02 
 5.662470e+00  3.496412e-02 
 5.662868e+00  3.381191e-02 
 5.663265e+00  3.264902e-02 
 5.663663e+00  3.148538e-02 
 5.664061e+00  3.031326e-02 
 5.664458e+00  2.913936e-02 
 5.664856e+00  2.795151e-02 
 5.665254e+00  2.675820e-02 
 5.665651e+00  2.554467e-02 
 5.666049e+00  2.433255e-02 
 5.666447e+00  2.311661e-02 
 5.666845e+00  2.190335e-02 
 5.667242e+00  2.069066e-02 
 5.667640e+00  1.948209e-02 
 5.668038e+00  1.826758e-02 
 5.668435e+00  1.705495e-02 
 5.668833e+00  1.584453e-02 
 5.669231e+00  1.462935e-02 
 5.669628e+00  1.340881e-02 
 5.670026e+00  1.218224e-02 
 5.670424e+00  1.095079e-02 
 5.670821e+00  9.718245e-03 
 5.671219e+00  8.485727e-03 
 5.671617e+00  7.268136e-03 
 5.672015e+00  6.068258e-03 
 5.672412e+00  4.878802e-03 
 5.672810e+00  3.712061e-03 
 5.673208e+00  2.550417e-03 
 5.673605e+00  1.406278e-03 
 5.674003e+00  2.665593e-04 
 5.674401e+00 -8.604377e-04 
 5.674798e+00 -1.994596e-03 
 5.675196e+00 -3.119375e-03 
 5.675594e+00 -4.242570e-03 
 5.675992e+00 -5.364888e-03 
 5.676389e+00 -6.455623e-03 
 5.676787e+00 -7.524216e-03 
 5.677185e+00 -8.574719e-03 
 5.677582e+00 -9.602860e-03 
 5.677980e+00 -1.061911e-02 
 5.678378e+00 -1.160633e-02 
 5.678775e+00 -1.258920e-02 
 5.679173e+00 -1.354734e-02 
 5.679571e+00 -1.449596e-02 
 5.679968e+00 -1.544095e-02 
 5.680366e+00 -1.636391e-02 
 5.680764e+00 -1.725119e-02 
 5.681162e+00 -1.810900e-02 
 5.681559e+00 -1.892569e-02 
 5.681957e+00 -1.970392e-02 
 5.682355e+00 -2.046155e-02 
 5.682752e+00 -2.118497e-02 
 5.683150e+00 -2.188723e-02 
 5.683548e+00 -2.255963e-02 
 5.683945e+00 -2.320551e-02 
 5.684343e+00 -2.383411e-02 
 5.684741e+00 -2.444540e-02 
 5.685139e+00 -2.503623e-02 
 5.685536e+00 -2.559054e-02 
 5.685934e+00 -2.610369e-02 
 5.686332e+00 -2.658021e-02 
 5.686729e+00 -2.702443e-02 
 5.687127e+00 -2.743650e-02 
 5.687525e+00 -2.780957e-02 
 5.687922e+00 -2.815749e-02 
 5.688320e+00 -2.846732e-02 
 5.688718e+00 -2.874889e-02 
 5.689115e+00 -2.900624e-02 
 5.689513e+00 -2.924446e-02 
 5.689911e+00 -2.945801e-02 
 5.690309e+00 -2.963738e-02 
 5.690706e+00 -2.976892e-02 
 5.691104e+00 -2.986554e-02 
 5.691502e+00 -2.993897e-02 
 5.691899e+00 -2.996348e-02 
 5.692297e+00 -2.994564e-02 
 5.692695e+00 -2.990188e-02 
 5.693092e+00 -2.981295e-02 
 5.693490e+00 -2.969076e-02 
 5.693888e+00 -2.955534e-02 
 5.694286e+00 -2.939370e-02 
 5.694683e+00 -2.920699e-02 
 5.695081e+00 -2.899712e-02 
 5.695479e+00 -2.875684e-02 
 5.695876e+00 -2.848748e-02 
 5.696274e+00 -2.819042e-02 
 5.696672e+00 -2.786081e-02 
 5.697069e+00 -2.749304e-02 
 5.697467e+00 -2.708944e-02 
 5.697865e+00 -2.666114e-02 
 5.698262e+00 -2.621321e-02 
 5.698660e+00 -2.574393e-02 
 5.699058e+00 -2.525638e-02 
 5.699456e+00 -2.474427e-02 
 5.699853e+00 -2.420731e-02 
 5.700251e+00 -2.363631e-02 
 5.700649e+00 -2.303701e-02 
 5.701046e+00 -2.240654e-02 
 5.701444e+00 -2.173523e-02 
 5.701842e+00 -2.104048e-02 
 5.702239e+00 -2.032226e-02 
 5.702637e+00 -1.957098e-02 
 5.703035e+00 -1.878794e-02 
 5.703433e+00 -1.801132e-02 
 5.703830e+00 -1.721307e-02 
 5.704228e+00 -1.639893e-02 
 5.704626e+00 -1.556120e-02 
 5.705023e+00 -1.472238e-02 
 5.705421e+00 -1.384240e-02 
 5.705819e+00 -1.293703e-02 
 5.706216e+00 -1.201113e-02 
 5.706614e+00 -1.105736e-02 
 5.707012e+00 -1.008282e-02 
 5.707409e+00 -9.083476e-03 
 5.707807e+00 -8.072556e-03 
 5.708205e+00 -7.041084e-03 
 5.708603e+00 -6.008190e-03 
 5.709000e+00 -4.967908e-03 
 5.709398e+00 -3.898087e-03 
 5.709796e+00 -2.804516e-03 
 5.710193e+00 -1.701625e-03 
 5.710591e+00 -5.648401e-04 
 5.710989e+00  5.858585e-04 
 5.711386e+00  1.745217e-03 
 5.711784e+00  2.920858e-03 
 5.712182e+00  4.131552e-03 
 5.712580e+00  5.336079e-03 
 5.712977e+00  6.549058e-03 
 5.713375e+00  7.771477e-03 
 5.713773e+00  8.981070e-03 
 5.714170e+00  1.019838e-02 
 5.714568e+00  1.143539e-02 
 5.714966e+00  1.267386e-02 
 5.715363e+00  1.391477e-02 
 5.715761e+00  1.517254e-02 
 5.716159e+00  1.643173e-02 
 5.716556e+00  1.770601e-02 
 5.716954e+00  1.897320e-02 
 5.717352e+00  2.024562e-02 
 5.717750e+00  2.149966e-02 
 5.718147e+00  2.274800e-02 
 5.718545e+00  2.399593e-02 
 5.718943e+00  2.522382e-02 
 5.719340e+00  2.646016e-02 
 5.719738e+00  2.769602e-02 
 5.720136e+00  2.893036e-02 
 5.720533e+00  3.015119e-02 
 5.720931e+00  3.136917e-02 
 5.721329e+00  3.258907e-02 
 5.721727e+00  3.381059e-02 
 5.722124e+00  3.501946e-02 
 5.722522e+00  3.620522e-02 
 5.722920e+00  3.737067e-02 
 5.723317e+00  3.851554e-02 
 5.723715e+00  3.964181e-02 
 5.724113e+00  4.075201e-02 
 5.724510e+00  4.185727e-02 
 5.724908e+00  4.294616e-02 
 5.725306e+00  4.401358e-02 
 5.725703e+00  4.506738e-02 
 5.726101e+00  4.610482e-02 
 5.726499e+00  4.713764e-02 
 5.726897e+00  4.814498e-02 
 5.727294e+00  4.912335e-02 
 5.727692e+00  5.006722e-02 
 5.728090e+00  5.099210e-02 
 5.728487e+00  5.189709e-02 
 5.728885e+00  5.278405e-02 
 5.729283e+00  5.365257e-02 
 5.729680e+00  5.450709e-02 
 5.730078e+00  5.532000e-02 
 5.730476e+00  5.610691e-02 
 5.730874e+00  5.687832e-02 
 5.731271e+00  5.763304e-02 
 5.731669e+00  5.835845e-02 
 5.732067e+00  5.906689e-02 
 5.732464e+00  5.973206e-02 
 5.732862e+00  6.035889e-02 
 5.733260e+00  6.095965e-02 
 5.733657e+00  6.155511e-02 
 5.734055e+00  6.211044e-02 
 5.734453e+00  6.264067e-02 
 5.734850e+00  6.314491e-02 
 5.735248e+00  6.361558e-02 
 5.735646e+00  6.406124e-02 
 5.736044e+00  6.449472e-02 
 5.736441e+00  6.489592e-02 
 5.736839e+00  6.526984e-02 
 5.737237e+00  6.560909e-02 
 5.737634e+00  6.591322e-02 
 5.738032e+00  6.618620e-02 
 5.738430e+00  6.644722e-02 
 5.738827e+00  6.668868e-02 
 5.739225e+00  6.689151e-02 
 5.739623e+00  6.705182e-02 
 5.740021e+00  6.720519e-02 
 5.740418e+00  6.733247e-02 
 5.740816e+00  6.743365e-02 
 5.741214e+00  6.752359e-02 
 5.741611e+00  6.756946e-02 
 5.742009e+00  6.759136e-02 
 5.742407e+00  6.757673e-02 
 5.742804e+00  6.753020e-02 
 5.743202e+00  6.744947e-02 
 5.743600e+00  6.733813e-02 
 5.743997e+00  6.718870e-02 
 5.744395e+00  6.700121e-02 
 5.744793e+00  6.678902e-02 
 5.745191e+00  6.654376e-02 
 5.745588e+00  6.627133e-02 
 5.745986e+00  6.596471e-02 
 5.746384e+00  6.562624e-02 
 5.746781e+00  6.524676e-02 
 5.747179e+00  6.483918e-02 
 5.747577e+00  6.439229e-02 
 5.747974e+00  6.390514e-02 
 5.748372e+00  6.340118e-02 
 5.748770e+00  6.286566e-02 
 5.749168e+00  6.228890e-02 
 5.749565e+00  6.168661e-02 
 5.749963e+00  6.105880e-02 
 5.750361e+00  6.040046e-02 
 5.750758e+00  5.972604e-02 
 5.751156e+00  5.902412e-02 
 5.751554e+00  5.829306e-02 
 5.751951e+00  5.751437e-02 
 5.752349e+00  5.671174e-02 
 5.752747e+00  5.587819e-02 
 5.753144e+00  5.501335e-02 
 5.753542e+00  5.413383e-02 
 5.753940e+00  5.323259e-02 
 5.754338e+00  5.230825e-02 
 5.754735e+00  5.136111e-02 
 5.755133e+00  5.040861e-02 
 5.755531e+00  4.944002e-02 
 5.755928e+00  4.845631e-02 
 5.756326e+00  4.745285e-02 
 5.756724e+00  4.640981e-02 
 5.757121e+00  4.534712e-02 
 5.757519e+00  4.429054e-02 
 5.757917e+00  4.321152e-02 
 5.758315e+00  4.210878e-02 
 5.758712e+00  4.099867e-02 
 5.759110e+00  3.986824e-02 
 5.759508e+00  3.872384e-02 
 5.759905e+00  3.758471e-02 
 5.760303e+00  3.644588e-02 
 5.760701e+00  3.530087e-02 
 5.761098e+00  3.414281e-02 
 5.761496e+00  3.297256e-02 
 5.761894e+00  3.178896e-02 
 5.762291e+00  3.059127e-02 
 5.762689e+00  2.939035e-02 
 5.763087e+00  2.816356e-02 
 5.763485e+00  2.693922e-02 
 5.763882e+00  2.569783e-02 
 5.764280e+00  2.445528e-02 
 5.764678e+00  2.321888e-02 
 5.765075e+00  2.198837e-02 
 5.765473e+00  2.074512e-02 
 5.765871e+00  1.951657e-02 
 5.766268e+00  1.828147e-02 
 5.766666e+00  1.705232e-02 
 5.767064e+00  1.581861e-02 
 5.767462e+00  1.459825e-02 
 5.767859e+00  1.337105e-02 
 5.768257e+00  1.214224e-02 
 5.768655e+00  1.091718e-02 
 5.769052e+00  9.703529e-03 
 5.769450e+00  8.509738e-03 
 5.769848e+00  7.341910e-03 
 5.770245e+00  6.186202e-03 
 5.770643e+00  5.032768e-03 
 5.771041e+00  3.899973e-03 
 5.771438e+00  2.745600e-03 
 5.771836e+00  1.614956e-03 
 5.772234e+00  4.645201e-04 
 5.772632e+00 -6.573688e-04 
 5.773029e+00 -1.773284e-03 
 5.773427e+00 -2.894210e-03 
 5.773825e+00 -3.988472e-03 
 5.774222e+00 -5.062290e-03 
 5.774620e+00 -6.113985e-03 
 5.775018e+00 -7.146124e-03 
 5.775415e+00 -8.162050e-03 
 5.775813e+00 -9.169509e-03 
 5.776211e+00 -1.015931e-02 
 5.776609e+00 -1.113027e-02 
 5.777006e+00 -1.208479e-02 
 5.777404e+00 -1.303600e-02 
 5.777802e+00 -1.396657e-02 
 5.778199e+00 -1.488681e-02 
 5.778597e+00 -1.578087e-02 
 5.778995e+00 -1.665263e-02 
 5.779392e+00 -1.749440e-02 
 5.779790e+00 -1.830140e-02 
 5.780188e+00 -1.909055e-02 
 5.780585e+00 -1.986828e-02 
 5.780983e+00 -2.063159e-02 
 5.781381e+00 -2.136048e-02 
 5.781779e+00 -2.208801e-02 
 5.782176e+00 -2.278844e-02 
 5.782574e+00 -2.345797e-02 
 5.782972e+00 -2.411374e-02 
 5.783369e+00 -2.473764e-02 
 5.783767e+00 -2.531973e-02 
 5.784165e+00 -2.586246e-02 
 5.784562e+00 -2.638336e-02 
 5.784960e+00 -2.686606e-02 
 5.785358e+00 -2.730508e-02 
 5.785756e+00 -2.772390e-02 
 5.786153e+00 -2.810073e-02 
 5.786551e+00 -2.844601e-02 
 5.786949e+00 -2.877295e-02 
 5.787346e+00 -2.907917e-02 
 5.787744e+00 -2.934246e-02 
 5.788142e+00 -2.956451e-02 
 5.788539e+00 -2.974881e-02 
 5.788937e+00 -2.988832e-02 
 5.789335e+00 -2.997925e-02 
 5.789732e+00 -3.005049e-02 
 5.790130e+00 -3.007693e-02 
 5.790528e+00 -3.006342e-02 
 5.790926e+00 -3.004264e-02 
 5.791323e+00 -3.000012e-02 
 5.791721e+00 -2.992241e-02 
 5.792119e+00 -2.982723e-02 
 5.792516e+00 -2.970861e-02 
 5.792914e+00 -2.954378e-02 
 5.793312e+00 -2.933636e-02 
 5.793709e+00 -2.909634e-02 
 5.794107e+00 -2.881622e-02 
 5.794505e+00 -2.850330e-02 
 5.794903e+00 -2.815750e-02 
 5.795300e+00 -2.778184e-02 
 5.795698e+00 -2.737147e-02 
 5.796096e+00 -2.694625e-02 
 5.796493e+00 -2.649679e-02 
 5.796891e+00 -2.602061e-02 
 5.797289e+00 -2.552512e-02 
 5.797686e+00 -2.499822e-02 
 5.798084e+00 -2.442123e-02 
 5.798482e+00 -2.382449e-02 
 5.798879e+00 -2.318162e-02 
 5.799277e+00 -2.251943e-02 
 5.799675e+00 -2.183683e-02 
 5.800073e+00 -2.114017e-02 
 5.800470e+00 -2.042095e-02 
 5.800868e+00 -1.966862e-02 
 5.801266e+00 -1.891956e-02 
 5.801663e+00 -1.813694e-02 
 5.802061e+00 -1.734136e-02 
 5.802459e+00 -1.652291e-02 
 5.802856e+00 -1.566447e-02 
 5.803254e+00 -1.478367e-02 
 5.803652e+00 -1.387709e-02 
 5.804050e+00 -1.295781e-02 
 5.804447e+00 -1.201831e-02 
 5.804845e+00 -1.105036e-02 
 5.805243e+00 -1.007144e-02 
 5.805640e+00 -9.059053e-03 
 5.806038e+00 -8.048899e-03 
 5.806436e+00 -7.024221e-03 
 5.806833e+00 -6.002653e-03 
 5.807231e+00 -4.950034e-03 
 5.807629e+00 -3.883809e-03 
 5.808026e+00 -2.797328e-03 
 5.808424e+00 -1.696092e-03 
 5.808822e+00 -5.745194e-04 
 5.809220e+00  5.622881e-04 
 5.809617e+00  1.701135e-03 
 5.810015e+00  2.859698e-03 
 5.810413e+00  4.021443e-03 
 5.810810e+00  5.181629e-03 
 5.811208e+00  6.340269e-03 
 5.811606e+00  7.506337e-03 
 5.812003e+00  8.674015e-03 
 5.812401e+00  9.858939e-03 
 5.812799e+00  1.106199e-02 
 5.813197e+00  1.227028e-02 
 5.813594e+00  1.347489e-02 
 5.813992e+00  1.470336e-02 
 5.814390e+00  1.594405e-02 
 5.814787e+00  1.717788e-02 
 5.815185e+00  1.842041e-02 
 5.815583e+00  1.965783e-02 
 5.815980e+00  2.089186e-02 
 5.816378e+00  2.210775e-02 
 5.816776e+00  2.335206e-02 
 5.817173e+00  2.458673e-02 
 5.817571e+00  2.583346e-02 
 5.817969e+00  2.708519e-02 
 5.818367e+00  2.834159e-02 
 5.818764e+00  2.956946e-02 
 5.819162e+00  3.080080e-02 
 5.819560e+00  3.202743e-02 
 5.819957e+00  3.322854e-02 
 5.820355e+00  3.441957e-02 
 5.820753e+00  3.559902e-02 
 5.821150e+00  3.676014e-02 
 5.821548e+00  3.791321e-02 
 5.821946e+00  3.907186e-02 
 5.822344e+00  4.021615e-02 
 5.822741e+00  4.135217e-02 
 5.823139e+00  4.247248e-02 
 5.823537e+00  4.357715e-02 
 5.823934e+00  4.466349e-02 
 5.824332e+00  4.574651e-02 
 5.824730e+00  4.680144e-02 
 5.825127e+00  4.783162e-02 
 5.825525e+00  4.883518e-02 
 5.825923e+00  4.981223e-02 
 5.826320e+00  5.076838e-02 
 5.826718e+00  5.170280e-02 
 5.827116e+00  5.262438e-02 
 5.827514e+00  5.352535e-02 
 5.827911e+00  5.441159e-02 
 5.828309e+00  5.526212e-02 
 5.828707e+00  5.608623e-02 
 5.829104e+00  5.689592e-02 
 5.829502e+00  5.767907e-02 
 5.829900e+00  5.843845e-02 
 5.830297e+00  5.914758e-02 
 5.830695e+00  5.982976e-02 
 5.831093e+00  6.047546e-02 
 5.831491e+00  6.109302e-02 
 5.831888e+00  6.169952e-02 
 5.832286e+00  6.225787e-02 
 5.832684e+00  6.279632e-02 
 5.833081e+00  6.329244e-02 
 5.833479e+00  6.377825e-02 
 5.833877e+00  6.423729e-02 
 5.834274e+00  6.466062e-02 
 5.834672e+00  6.506088e-02 
 5.835070e+00  6.541678e-02 
 5.835467e+00  6.573301e-02 
 5.835865e+00  6.601700e-02 
 5.836263e+00  6.628034e-02 
 5.836661e+00  6.652543e-02 
 5.837058e+00  6.673849e-02 
 5.837456e+00  6.692130e-02 
 5.837854e+00  6.707279e-02 
 5.838251e+00  6.719945e-02 
 5.838649e+00  6.730587e-02 
 5.839047e+00  6.737977e-02 
 5.839444e+00  6.741792e-02 
 5.839842e+00  6.741696e-02 
 5.840240e+00  6.738317e-02 
 5.840638e+00  6.731660e-02 
 5.841035e+00  6.722938e-02 
 5.841433e+00  6.711159e-02 
 5.841831e+00  6.697934e-02 
 5.842228e+00  6.680010e-02 
 5.842626e+00  6.659728e-02 
 5.843024e+00  6.638497e-02 
 5.843421e+00  6.614633e-02 
 5.843819e+00  6.588156e-02 
 5.844217e+00  6.559826e-02 
 5.844614e+00  6.527508e-02 
 5.845012e+00  6.492140e-02 
 5.845410e+00  6.454327e-02 
 5.845808e+00  6.414091e-02 
 5.846205e+00  6.370240e-02 
 5.846603e+00  6.324423e-02 
 5.847001e+00  6.275804e-02 
 5.847398e+00  6.222764e-02 
 5.847796e+00  6.166957e-02 
 5.848194e+00  6.109713e-02 
 5.848591e+00  6.049574e-02 
 5.848989e+00  5.986708e-02 
 5.849387e+00  5.920863e-02 
 5.849785e+00  5.850779e-02 
 5.850182e+00  5.778194e-02 
 5.850580e+00  5.703777e-02 
 5.850978e+00  5.624897e-02 
 5.851375e+00  5.543065e-02 
 5.851773e+00  5.458518e-02 
 5.852171e+00  5.371278e-02 
 5.852568e+00  5.281029e-02 
 5.852966e+00  5.189943e-02 
 5.853364e+00  5.097561e-02 
 5.853761e+00  5.002606e-02 
 5.854159e+00  4.905061e-02 
 5.854557e+00  4.804791e-02 
 5.854955e+00  4.701581e-02 
 5.855352e+00  4.596624e-02 
 5.855750e+00  4.489907e-02 
 5.856148e+00  4.381178e-02 
 5.856545e+00  4.269922e-02 
 5.856943e+00  4.157297e-02 
 5.857341e+00  4.043725e-02 
 5.857738e+00  3.928993e-02 
 5.858136e+00  3.813164e-02 
 5.858534e+00  3.697832e-02 
 5.858932e+00  3.579586e-02 
 5.859329e+00  3.459186e-02 
 5.859727e+00  3.337958e-02 
 5.860125e+00  3.215848e-02 
 5.860522e+00  3.092458e-02 
 5.860920e+00  2.968629e-02 
 5.861318e+00  2.843939e-02 
 5.861715e+00  2.718832e-02 
 5.862113e+00  2.594041e-02 
 5.862511e+00  2.471064e-02 
 5.862908e+00  2.347804e-02 
 5.863306e+00  2.224523e-02 
 5.863704e+00  2.102849e-02 
 5.864102e+00  1.979827e-02 
 5.864499e+00  1.856046e-02 
 5.864897e+00  1.732028e-02 
 5.865295e+00  1.610198e-02 
 5.865692e+00  1.487079e-02 
 5.866090e+00  1.364692e-02 
 5.866488e+00  1.242425e-02 
 5.866885e+00  1.120602e-02 
 5.867283e+00  9.992546e-03 
 5.867681e+00  8.802246e-03 
 5.868079e+00  7.625661e-03 
 5.868476e+00  6.438619e-03 
 5.868874e+00  5.263939e-03 
 5.869272e+00  4.098611e-03 
 5.869669e+00  2.920839e-03 
 5.870067e+00  1.765075e-03 
 5.870465e+00  6.123465e-04 
 5.870862e+00 -5.187717e-04 
 5.871260e+00 -1.650353e-03 
 5.871658e+00 -2.754832e-03 
 5.872055e+00 -3.840248e-03 
 5.872453e+00 -4.906608e-03 
 5.872851e+00 -5.948980e-03 
 5.873249e+00 -6.967079e-03 
 5.873646e+00 -7.990224e-03 
 5.874044e+00 -8.987732e-03 
 5.874442e+00 -9.981781e-03 
 5.874839e+00 -1.095618e-02 
 5.875237e+00 -1.192276e-02 
 5.875635e+00 -1.286256e-02 
 5.876032e+00 -1.378217e-02 
 5.876430e+00 -1.469863e-02 
 5.876828e+00 -1.557722e-02 
 5.877226e+00 -1.642182e-02 
 5.877623e+00 -1.724699e-02 
 5.878021e+00 -1.804725e-02 
 5.878419e+00 -1.883096e-02 
 5.878816e+00 -1.959576e-02 
 5.879214e+00 -2.034092e-02 
 5.879612e+00 -2.106119e-02 
 5.880009e+00 -2.176673e-02 
 5.880407e+00 -2.244947e-02 
 5.880805e+00 -2.310663e-02 
 5.881202e+00 -2.372189e-02 
 5.881600e+00 -2.431595e-02 
 5.881998e+00 -2.487233e-02 
 5.882396e+00 -2.538805e-02 
 5.882793e+00 -2.588567e-02 
 5.883191e+00 -2.635648e-02 
 5.883589e+00 -2.679467e-02 
 5.883986e+00 -2.721239e-02 
 5.884384e+00 -2.760714e-02 
 5.884782e+00 -2.797541e-02 
 5.885179e+00 -2.832027e-02 
 5.885577e+00 -2.865025e-02 
 5.885975e+00 -2.893003e-02 
 5.886373e+00 -2.917529e-02 
 5.886770e+00 -2.939483e-02 
 5.887168e+00 -2.958738e-02 
 5.887566e+00 -2.974155e-02 
 5.887963e+00 -2.988676e-02 
 5.888361e+00 -2.998555e-02 
 5.888759e+00 -3.006380e-02 
 5.889156e+00 -3.010483e-02 
 5.889554e+00 -3.012015e-02 
 5.889952e+00 -3.009778e-02 
 5.890349e+00 -3.003129e-02 
 5.890747e+00 -2.993822e-02 
 5.891145e+00 -2.978542e-02 
 5.891543e+00 -2.960055e-02 
 5.891940e+00 -2.937963e-02 
 5.892338e+00 -2.912691e-02 
 5.892736e+00 -2.883780e-02 
 5.893133e+00 -2.852202e-02 
 5.893531e+00 -2.817392e-02 
 5.893929e+00 -2.779773e-02 
 5.894326e+00 -2.738583e-02 
 5.894724e+00 -2.695052e-02 
 5.895122e+00 -2.648621e-02 
 5.895520e+00 -2.598585e-02 
 5.895917e+00 -2.544682e-02 
 5.896315e+00 -2.486801e-02 
 5.896713e+00 -2.425828e-02 
 5.897110e+00 -2.361843e-02 
 5.897508e+00 -2.296866e-02 
 5.897906e+00 -2.227012e-02 
 5.898303e+00 -2.155522e-02 
 5.898701e+00 -2.081160e-02 
 5.899099e+00 -2.005747e-02 
 5.899496e+00 -1.927021e-02 
 5.899894e+00 -1.846890e-02 
 5.900292e+00 -1.764679e-02 
 5.900690e+00 -1.678481e-02 
 5.901087e+00 -1.590351e-02 
 5.901485e+00 -1.499364e-02 
 5.901883e+00 -1.406817e-02 
 5.902280e+00 -1.312064e-02 
 5.902678e+00 -1.217393e-02 
 5.903076e+00 -1.119137e-02 
 5.903473e+00 -1.020971e-02 
 5.903871e+00 -9.207431e-03 
 5.904269e+00 -8.218573e-03 
 5.904667e+00 -7.194201e-03 
 5.905064e+00 -6.165681e-03 
 5.905462e+00 -5.119530e-03 
 5.905860e+00 -4.033346e-03 
 5.906257e+00 -2.945451e-03 
 5.906655e+00 -1.850535e-03 
 5.907053e+00 -7.428852e-04 
 5.907450e+00  3.747133e-04 
 5.907848e+00  1.494204e-03 
 5.908246e+00  2.620785e-03 
 5.908643e+00  3.763831e-03 
 5.909041e+00  4.896392e-03 
 5.909439e+00  6.047830e-03 
 5.909837e+00  7.215799e-03 
 5.910234e+00  8.405132e-03 
 5.910632e+00  9.602700e-03 
 5.911030e+00  1.081927e-02 
 5.911427e+00  1.203644e-02 
 5.911825e+00  1.326152e-02 
 5.912223e+00  1.448652e-02 
 5.912620e+00  1.571926e-02 
 5.913018e+00  1.695209e-02 
 5.913416e+00  1.818317e-02 
 5.913814e+00  1.940212e-02 
 5.914211e+00  2.063302e-02 
 5.914609e+00  2.184761e-02 
 5.915007e+00  2.307611e-02 
 5.915404e+00  2.431394e-02 
 5.915802e+00  2.553998e-02 
 5.916200e+00  2.676782e-02 
 5.916597e+00  2.797503e-02 
 5.916995e+00  2.918731e-02 
 5.917393e+00  3.039227e-02 
 5.917790e+00  3.158623e-02 
 5.918188e+00  3.278079e-02 
 5.918586e+00  3.395693e-02 
 5.918984e+00  3.512313e-02 
 5.919381e+00  3.628767e-02 
 5.919779e+00  3.743370e-02 
 5.920177e+00  3.858291e-02 
 5.920574e+00  3.971221e-02 
 5.920972e+00  4.083186e-02 
 5.921370e+00  4.193565e-02 
 5.921767e+00  4.302596e-02 
 5.922165e+00  4.410956e-02 
 5.922563e+00  4.517541e-02 
 5.922961e+00  4.622732e-02 
 5.923358e+00  4.725602e-02 
 5.923756e+00  4.825607e-02 
 5.924154e+00  4.923855e-02 
 5.924551e+00  5.021450e-02 
 5.924949e+00  5.116502e-02 
 5.925347e+00  5.211370e-02 
 5.925744e+00  5.303252e-02 
 5.926142e+00  5.392386e-02 
 5.926540e+00  5.479387e-02 
 5.926937e+00  5.565197e-02 
 5.927335e+00  5.647342e-02 
 5.927733e+00  5.727962e-02 
 5.928131e+00  5.806141e-02 
 5.928528e+00  5.879639e-02 
 5.928926e+00  5.950850e-02 
 5.929324e+00  6.020997e-02 
 5.929721e+00  6.089092e-02 
 5.930119e+00  6.152802e-02 
 5.930517e+00  6.215455e-02 
 5.930914e+00  6.274614e-02 
 5.931312e+00  6.330750e-02 
 5.931710e+00  6.383318e-02 
 5.932108e+00  6.434314e-02 
 5.932505e+00  6.480830e-02 
 5.932903e+00  6.523786e-02 
 5.933301e+00  6.561816e-02 
 5.933698e+00  6.598323e-02 
 5.934096e+00  6.631503e-02 
 5.934494e+00  6.661618e-02 
 5.934891e+00  6.688735e-02 
 5.935289e+00  6.711701e-02 
 5.935687e+00  6.730445e-02 
 5.936084e+00  6.745569e-02 
 5.936482e+00  6.757570e-02 
 5.936880e+00  6.766546e-02 
 5.937278e+00  6.771943e-02 
 5.937675e+00  6.774080e-02 
 5.938073e+00  6.773073e-02 
 5.938471e+00  6.768334e-02 
 5.938868e+00  6.761706e-02 
 5.939266e+00  6.750880e-02 
 5.939664e+00  6.738316e-02 
 5.940061e+00  6.722360e-02 
 5.940459e+00  6.703236e-02 
 5.940857e+00  6.680738e-02 
 5.941255e+00  6.656707e-02 
 5.941652e+00  6.629895e-02 
 5.942050e+00  6.600339e-02 
 5.942448e+00  6.566667e-02 
 5.942845e+00  6.530712e-02 
 5.943243e+00  6.490744e-02 
 5.943641e+00  6.448293e-02 
 5.944038e+00  6.404125e-02 
 5.944436e+00  6.357783e-02 
 5.944834e+00  6.308243e-02 
 5.945231e+00  6.255506e-02 
 5.945629e+00  6.200120e-02 
 5.946027e+00  6.142825e-02 
 5.946425e+00  6.085220e-02 
 5.946822e+00  6.023810e-02 
 5.947220e+00  5.959668e-02 
 5.947618e+00  5.892541e-02 
 5.948015e+00  5.822658e-02 
 5.948413e+00  5.749934e-02 
 5.948811e+00  5.676157e-02 
 5.949208e+00  5.601098e-02 
 5.949606e+00  5.522105e-02 
 5.950004e+00  5.441340e-02 
 5.950402e+00  5.359451e-02 
 5.950799e+00  5.275276e-02 
 5.951197e+00  5.189494e-02 
 5.951595e+00  5.102869e-02 
 5.951992e+00  5.011892e-02 
 5.952390e+00  4.918629e-02 
 5.952788e+00  4.821975e-02 
 5.953185e+00  4.724947e-02 
 5.953583e+00  4.626271e-02 
 5.953981e+00  4.525259e-02 
 5.954378e+00  4.421652e-02 
 5.954776e+00  4.315487e-02 
 5.955174e+00  4.206976e-02 
 5.955572e+00  4.097433e-02 
 5.955969e+00  3.986960e-02 
 5.956367e+00  3.875126e-02 
 5.956765e+00  3.760667e-02 
 5.957162e+00  3.645308e-02 
 5.957560e+00  3.528865e-02 
 5.957958e+00  3.410147e-02 
 5.958355e+00  3.291747e-02 
 5.958753e+00  3.171548e-02 
 5.959151e+00  3.049983e-02 
 5.959549e+00  2.926739e-02 
 5.959946e+00  2.804688e-02 
 5.960344e+00  2.680529e-02 
 5.960742e+00  2.556287e-02 
 5.961139e+00  2.431687e-02 
 5.961537e+00  2.305902e-02 
 5.961935e+00  2.178763e-02 
 5.962332e+00  2.051945e-02 
 5.962730e+00  1.923002e-02 
 5.963128e+00  1.794586e-02 
 5.963525e+00  1.666767e-02 
 5.963923e+00  1.538227e-02 
 5.964321e+00  1.409580e-02 
 5.964719e+00  1.281285e-02 
 5.965116e+00  1.154728e-02 
 5.965514e+00  1.029506e-02 
 5.965912e+00  9.060058e-03 
 5.966309e+00  7.826836e-03 
 5.966707e+00  6.612007e-03 
 5.967105e+00  5.399737e-03 
 5.967502e+00  4.198572e-03 
 5.967900e+00  2.992102e-03 
 5.968298e+00  1.804877e-03 
 5.968696e+00  6.372987e-04 
 5.969093e+00 -5.098531e-04 
 5.969491e+00 -1.649447e-03 
 5.969889e+00 -2.751689e-03 
 5.970286e+00 -3.835512e-03 
 5.970684e+00 -4.903095e-03 
 5.971082e+00 -5.951772e-03 
 5.971479e+00 -6.992032e-03 
 5.971877e+00 -8.028449e-03 
 5.972275e+00 -9.050128e-03 
 5.972672e+00 -1.004142e-02 
 5.973070e+00 -1.102217e-02 
 5.973468e+00 -1.198182e-02 
 5.973866e+00 -1.291340e-02 
 5.974263e+00 -1.382828e-02 
 5.974661e+00 -1.471704e-02 
 5.975059e+00 -1.557446e-02 
 5.975456e+00 -1.639657e-02 
 5.975854e+00 -1.721296e-02 
 5.976252e+00 -1.800960e-02 
 5.976649e+00 -1.878919e-02 
 5.977047e+00 -1.955647e-02 
 5.977445e+00 -2.029294e-02 
 5.977843e+00 -2.100791e-02 
 5.978240e+00 -2.168705e-02 
 5.978638e+00 -2.235416e-02 
 5.979036e+00 -2.296629e-02 
 5.979433e+00 -2.355032e-02 
 5.979831e+00 -2.410636e-02 
 5.980229e+00 -2.464242e-02 
 5.980626e+00 -2.515042e-02 
 5.981024e+00 -2.564180e-02 
 5.981422e+00 -2.612646e-02 
 5.981819e+00 -2.658630e-02 
 5.982217e+00 -2.699924e-02 
 5.982615e+00 -2.740440e-02 
 5.983013e+00 -2.778038e-02 
 5.983410e+00 -2.812267e-02 
 5.983808e+00 -2.843801e-02 
 5.984206e+00 -2.870949e-02 
 5.984603e+00 -2.893810e-02 
 5.985001e+00 -2.914467e-02 
 5.985399e+00 -2.931579e-02 
 5.985796e+00 -2.945371e-02 
 5.986194e+00 -2.956794e-02 
 5.986592e+00 -2.966361e-02 
 5.986990e+00 -2.973293e-02 
 5.987387e+00 -2.976303e-02 
 5.987785e+00 -2.977405e-02 
 5.988183e+00 -2.974675e-02 
 5.988580e+00 -2.968528e-02 
 5.988978e+00 -2.958997e-02 
 5.989376e+00 -2.945734e-02 
 5.989773e+00 -2.928981e-02 
 5.990171e+00 -2.909744e-02 
 5.990569e+00 -2.889891e-02 
 5.990966e+00 -2.866582e-02 
 5.991364e+00 -2.839862e-02 
 5.991762e+00 -2.811212e-02 
 5.992160e+00 -2.779927e-02 
 5.992557e+00 -2.743959e-02 
 5.992955e+00 -2.706698e-02 
 5.993353e+00 -2.666303e-02 
 5.993750e+00 -2.620504e-02 
 5.994148e+00 -2.571171e-02 
 5.994546e+00 -2.518558e-02 
 5.994943e+00 -2.463069e-02 
 5.995341e+00 -2.404159e-02 
 5.995739e+00 -2.343673e-02 
 5.996137e+00 -2.279636e-02 
 5.996534e+00 -2.211949e-02 
 5.996932e+00 -2.143440e-02 
 5.997330e+00 -2.071288e-02 
 5.997727e+00 -1.995214e-02 
 5.998125e+00 -1.916158e-02 
 5.998523e+00 -1.834666e-02 
 5.998920e+00 -1.748642e-02 
 5.999318e+00 -1.659659e-02 
 5.999716e+00 -1.570180e-02 
 6.000113e+00 -1.478296e-02 
 6.000511e+00 -1.383353e-02 
 6.000909e+00 -1.287484e-02 
 6.001307e+00 -1.188952e-02 
 6.001704e+00 -1.086965e-02 
 6.002102e+00 -9.853471e-03 
 6.002500e+00 -8.822109e-03 
 6.002897e+00 -7.755519e-03 
 6.003295e+00 -6.662184e-03 
 6.003693e+00 -5.567687e-03 
 6.004090e+00 -4.449501e-03 
 6.004488e+00 -3.312665e-03 
 6.004886e+00 -2.169314e-03 
 6.005284e+00 -1.020666e-03 
 6.005681e+00  1.492021e-04 
 6.006079e+00  1.317679e-03 
 6.006477e+00  2.495933e-03 
 6.006874e+00  3.680221e-03 
 6.007272e+00  4.863030e-03 
 6.007670e+00  6.064452e-03 
 6.008067e+00  7.278919e-03 
 6.008465e+00  8.497443e-03 
 6.008863e+00  9.712917e-03 
 6.009260e+00  1.093026e-02 
 6.009658e+00  1.213950e-02 
 6.010056e+00  1.335140e-02 
 6.010454e+00  1.457025e-02 
 6.010851e+00  1.578134e-02 
 6.011249e+00  1.699734e-02 
 6.011647e+00  1.820370e-02 
 6.012044e+00  1.939466e-02 
 6.012442e+00  2.059490e-02 
 6.012840e+00  2.179771e-02 
 6.013237e+00  2.301214e-02 
 6.013635e+00  2.421719e-02 
 6.014033e+00  2.542720e-02 
 6.014431e+00  2.662197e-02 
 6.014828e+00  2.782607e-02 
 6.015226e+00  2.901800e-02 
 6.015624e+00  3.020922e-02 
 6.016021e+00  3.137266e-02 
 6.016419e+00  3.253842e-02 
 6.016817e+00  3.368877e-02 
 6.017214e+00  3.483636e-02 
 6.017612e+00  3.598163e-02 
 6.018010e+00  3.712830e-02 
 6.018407e+00  3.827538e-02 
 6.018805e+00  3.939475e-02 
 6.019203e+00  4.050213e-02 
 6.019601e+00  4.159755e-02 
 6.019998e+00  4.268354e-02 
 6.020396e+00  4.376308e-02 
 6.020794e+00  4.481001e-02 
 6.021191e+00  4.584714e-02 
 6.021589e+00  4.685968e-02 
 6.021987e+00  4.785516e-02 
 6.022384e+00  4.883054e-02 
 6.022782e+00  4.979957e-02 
 6.023180e+00  5.075994e-02 
 6.023578e+00  5.168500e-02 
 6.023975e+00  5.259830e-02 
 6.024373e+00  5.348412e-02 
 6.024771e+00  5.433769e-02 
 6.025168e+00  5.518659e-02 
 6.025566e+00  5.602130e-02 
 6.025964e+00  5.681356e-02 
 6.026361e+00  5.758938e-02 
 6.026759e+00  5.834349e-02 
 6.027157e+00  5.907991e-02 
 6.027554e+00  5.978696e-02 
 6.027952e+00  6.047714e-02 
 6.028350e+00  6.114013e-02 
 6.028748e+00  6.175115e-02 
 6.029145e+00  6.235073e-02 
 6.029543e+00  6.292479e-02 
 6.029941e+00  6.347343e-02 
 6.030338e+00  6.399885e-02 
 6.030736e+00  6.449398e-02 
 6.031134e+00  6.493265e-02 
 6.031531e+00  6.534942e-02 
 6.031929e+00  6.574052e-02 
 6.032327e+00  6.609731e-02 
 6.032725e+00  6.643389e-02 
 6.033122e+00  6.673204e-02 
 6.033520e+00  6.701786e-02 
 6.033918e+00  6.725365e-02 
 6.034315e+00  6.746934e-02 
 6.034713e+00  6.766371e-02 
 6.035111e+00  6.781762e-02 
 6.035508e+00  6.793447e-02 
 6.035906e+00  6.801818e-02 
 6.036304e+00  6.804180e-02 
 6.036701e+00  6.805099e-02 
 6.037099e+00  6.801332e-02 
 6.037497e+00  6.795590e-02 
 6.037895e+00  6.785171e-02 
 6.038292e+00  6.771516e-02 
 6.038690e+00  6.754463e-02 
 6.039088e+00  6.733954e-02 
 6.039485e+00  6.712260e-02 
 6.039883e+00  6.685357e-02 
 6.040281e+00  6.654583e-02 
 6.040678e+00  6.620135e-02 
 6.041076e+00  6.581893e-02 
 6.041474e+00  6.539143e-02 
 6.041872e+00  6.495036e-02 
 6.042269e+00  6.448812e-02 
 6.042667e+00  6.398394e-02 
 6.043065e+00  6.346035e-02 
 6.043462e+00  6.290317e-02 
 6.043860e+00  6.232108e-02 
 6.044258e+00  6.171813e-02 
 6.044655e+00  6.108842e-02 
 6.045053e+00  6.043162e-02 
 6.045451e+00  5.973399e-02 
 6.045848e+00  5.902869e-02 
 6.046246e+00  5.829653e-02 
 6.046644e+00  5.754822e-02 
 6.047042e+00  5.678389e-02 
 6.047439e+00  5.600510e-02 
 6.047837e+00  5.519737e-02 
 6.048235e+00  5.436403e-02 
 6.048632e+00  5.352481e-02 
 6.049030e+00  5.266720e-02 
 6.049428e+00  5.178515e-02 
 6.049825e+00  5.088344e-02 
 6.050223e+00  4.995412e-02 
 6.050621e+00  4.899557e-02 
 6.051019e+00  4.802893e-02 
 6.051416e+00  4.703919e-02 
 6.051814e+00  4.605020e-02 
 6.052212e+00  4.503727e-02 
 6.052609e+00  4.401352e-02 
 6.053007e+00  4.297759e-02 
 6.053405e+00  4.193338e-02 
 6.053802e+00  4.088025e-02 
 6.054200e+00  3.982363e-02 
 6.054598e+00  3.874225e-02 
 6.054995e+00  3.763218e-02 
 6.055393e+00  3.651046e-02 
 6.055791e+00  3.537993e-02 
 6.056189e+00  3.422977e-02 
 6.056586e+00  3.307461e-02 
 6.056984e+00  3.190906e-02 
 6.057382e+00  3.071679e-02 
 6.057779e+00  2.952118e-02 
 6.058177e+00  2.833610e-02 
 6.058575e+00  2.713376e-02 
 6.058972e+00  2.593187e-02 
 6.059370e+00  2.471697e-02 
 6.059768e+00  2.348903e-02 
 6.060166e+00  2.223373e-02 
 6.060563e+00  2.099081e-02 
 6.060961e+00  1.973708e-02 
 6.061359e+00  1.849032e-02 
 6.061756e+00  1.724491e-02 
 6.062154e+00  1.600636e-02 
 6.062552e+00  1.476362e-02 
 6.062949e+00  1.353411e-02 
 6.063347e+00  1.232600e-02 
 6.063745e+00  1.110085e-02 
 6.064142e+00  9.877287e-03 
 6.064540e+00  8.666838e-03 
 6.064938e+00  7.442788e-03 
 6.065336e+00  6.220870e-03 
 6.065733e+00  5.016238e-03 
 6.066131e+00  3.820539e-03 
 6.066529e+00  2.618012e-03 
 6.066926e+00  1.425624e-03 
 6.067324e+00  2.562944e-04 
 6.067722e+00 -9.093922e-04 
 6.068119e+00 -2.063897e-03 
 6.068517e+00 -3.181903e-03 
 6.068915e+00 -4.300131e-03 
 6.069313e+00 -5.416246e-03 
 6.069710e+00 -6.510785e-03 
 6.070108e+00 -7.595184e-03 
 6.070506e+00 -8.673945e-03 
 6.070903e+00 -9.723406e-03 
 6.071301e+00 -1.075101e-02 
 6.071699e+00 -1.177000e-02 
 6.072096e+00 -1.276445e-02 
 6.072494e+00 -1.372185e-02 
 6.072892e+00 -1.465290e-02 
 6.073289e+00 -1.555739e-02 
 6.073687e+00 -1.642485e-02 
 6.074085e+00 -1.728585e-02 
 6.074483e+00 -1.812048e-02 
 6.074880e+00 -1.892972e-02 
 6.075278e+00 -1.971541e-02 
 6.075676e+00 -2.048265e-02 
 6.076073e+00 -2.122653e-02 
 6.076471e+00 -2.194017e-02 
 6.076869e+00 -2.262040e-02 
 6.077266e+00 -2.326547e-02 
 6.077664e+00 -2.385980e-02 
 6.078062e+00 -2.443402e-02 
 6.078460e+00 -2.496912e-02 
 6.078857e+00 -2.548314e-02 
 6.079255e+00 -2.597461e-02 
 6.079653e+00 -2.644200e-02 
 6.080050e+00 -2.687576e-02 
 6.080448e+00 -2.727353e-02 
 6.080846e+00 -2.764529e-02 
 6.081243e+00 -2.797610e-02 
 6.081641e+00 -2.826359e-02 
 6.082039e+00 -2.852205e-02 
 6.082436e+00 -2.874124e-02 
 6.082834e+00 -2.891712e-02 
 6.083232e+00 -2.907684e-02 
 6.083630e+00 -2.921142e-02 
 6.084027e+00 -2.932623e-02 
 6.084425e+00 -2.942725e-02 
 6.084823e+00 -2.950086e-02 
 6.085220e+00 -2.954735e-02 
 6.085618e+00 -2.955667e-02 
 6.086016e+00 -2.954743e-02 
 6.086413e+00 -2.950783e-02 
 6.086811e+00 -2.942252e-02 
 6.087209e+00 -2.931591e-02 
 6.087607e+00 -2.917377e-02 
 6.088004e+00 -2.900480e-02 
 6.088402e+00 -2.882286e-02 
 6.088800e+00 -2.862141e-02 
 6.089197e+00 -2.839904e-02 
 6.089595e+00 -2.813434e-02 
 6.089993e+00 -2.784873e-02 
 6.090390e+00 -2.752911e-02 
 6.090788e+00 -2.717343e-02 
 6.091186e+00 -2.679057e-02 
 6.091583e+00 -2.638356e-02 
 6.091981e+00 -2.592853e-02 
 6.092379e+00 -2.544114e-02 
 6.092777e+00 -2.493441e-02 
 6.093174e+00 -2.441493e-02 
 6.093572e+00 -2.385440e-02 
 6.093970e+00 -2.327540e-02 
 6.094367e+00 -2.267351e-02 
 6.094765e+00 -2.203236e-02 
 6.095163e+00 -2.137247e-02 
 6.095560e+00 -2.068102e-02 
 6.095958e+00 -1.996434e-02 
 6.096356e+00 -1.920221e-02 
 6.096754e+00 -1.842846e-02 
 6.097151e+00 -1.761692e-02 
 6.097549e+00 -1.678933e-02 
 6.097947e+00 -1.593923e-02 
 6.098344e+00 -1.508294e-02 
 6.098742e+00 -1.418194e-02 
 6.099140e+00 -1.326768e-02 
 6.099537e+00 -1.232822e-02 
 6.099935e+00 -1.136852e-02 
 6.100333e+00 -1.039685e-02 
 6.100730e+00 -9.384949e-03 
 6.101128e+00 -8.349113e-03 
 6.101526e+00 -7.288872e-03 
 6.101924e+00 -6.206583e-03 
 6.102321e+00 -5.111128e-03 
 6.102719e+00 -4.005028e-03 
 6.103117e+00 -2.889680e-03 
 6.103514e+00 -1.753433e-03 
 6.103912e+00 -5.997324e-04 
 6.104310e+00  5.524847e-04 
 6.104707e+00  1.713451e-03 
 6.105105e+00  2.888260e-03 
 6.105503e+00  4.076669e-03 
 6.105901e+00  5.282211e-03 
 6.106298e+00  6.504288e-03 
 6.106696e+00  7.737443e-03 
 6.107094e+00  8.969125e-03 
 6.107491e+00  1.020146e-02 
 6.107889e+00  1.145042e-02 
 6.108287e+00  1.270529e-02 
 6.108684e+00  1.396798e-02 
 6.109082e+00  1.523011e-02 
 6.109480e+00  1.649488e-02 
 6.109877e+00  1.775472e-02 
 6.110275e+00  1.902118e-02 
 6.110673e+00  2.028755e-02 
 6.111071e+00  2.156907e-02 
 6.111468e+00  2.283481e-02 
 6.111866e+00  2.409997e-02 
 6.112264e+00  2.533910e-02 
 6.112661e+00  2.657854e-02 
 6.113059e+00  2.782497e-02 
 6.113457e+00  2.905066e-02 
 6.113854e+00  3.026765e-02 
 6.114252e+00  3.147534e-02 
 6.114650e+00  3.267503e-02 
 6.115048e+00  3.385075e-02 
 6.115445e+00  3.501757e-02 
 6.115843e+00  3.619222e-02 
 6.116241e+00  3.734250e-02 
 6.116638e+00  3.846525e-02 
 6.117036e+00  3.957727e-02 
 6.117434e+00  4.066667e-02 
 6.117831e+00  4.173083e-02 
 6.118229e+00  4.279265e-02 
 6.118627e+00  4.383829e-02 
 6.119024e+00  4.485643e-02 
 6.119422e+00  4.584605e-02 
 6.119820e+00  4.683183e-02 
 6.120218e+00  4.780222e-02 
 6.120615e+00  4.875122e-02 
 6.121013e+00  4.970794e-02 
 6.121411e+00  5.063266e-02 
 6.121808e+00  5.153615e-02 
 6.122206e+00  5.240599e-02 
 6.122604e+00  5.328024e-02 
 6.123001e+00  5.411926e-02 
 6.123399e+00  5.494585e-02 
 6.123797e+00  5.574544e-02 
 6.124195e+00  5.650743e-02 
 6.124592e+00  5.725752e-02 
 6.124990e+00  5.798183e-02 
 6.125388e+00  5.870131e-02 
 6.125785e+00  5.938491e-02 
 6.126183e+00  6.004982e-02 
 6.126581e+00  6.068299e-02 
 6.126978e+00  6.128875e-02 
 6.127376e+00  6.186966e-02 
 6.127774e+00  6.243636e-02 
 6.128171e+00  6.296926e-02 
 6.128569e+00  6.347486e-02 
 6.128967e+00  6.394709e-02 
 6.129365e+00  6.439346e-02 
 6.129762e+00  6.481219e-02 
 6.130160e+00  6.522373e-02 
 6.130558e+00  6.560373e-02 
 6.130955e+00  6.595528e-02 
 6.131353e+00  6.627423e-02 
 6.131751e+00  6.657346e-02 
 6.132148e+00  6.682903e-02 
 6.132546e+00  6.705781e-02 
 6.132944e+00  6.726551e-02 
 6.133342e+00  6.743106e-02 
 6.133739e+00  6.755891e-02 
 6.134137e+00  6.765322e-02 
 6.134535e+00  6.771561e-02 
 6.134932e+00  6.775617e-02 
 6.135330e+00  6.777459e-02 
 6.135728e+00  6.775347e-02 
 6.136125e+00  6.768888e-02 
 6.136523e+00  6.760782e-02 
 6.136921e+00  6.749568e-02 
 6.137318e+00  6.734666e-02 
 6.137716e+00  6.717666e-02 
 6.138114e+00  6.696816e-02 
 6.138512e+00  6.671061e-02 
 6.138909e+00  6.641785e-02 
 6.139307e+00  6.609829e-02 
 6.139705e+00  6.575608e-02 
 6.140102e+00  6.537531e-02 
 6.140500e+00  6.497690e-02 
 6.140898e+00  6.453339e-02 
 6.141295e+00  6.405905e-02 
 6.141693e+00  6.356078e-02 
 6.142091e+00  6.303950e-02 
 6.142489e+00  6.247829e-02 
 6.142886e+00  6.188104e-02 
 6.143284e+00  6.124677e-02 
 6.143682e+00  6.056792e-02 
 6.144079e+00  5.985231e-02 
 6.144477e+00  5.911568e-02 
 6.144875e+00  5.834680e-02 
 6.145272e+00  5.755209e-02 
 6.145670e+00  5.672880e-02 
 6.146068e+00  5.587934e-02 
 6.146465e+00  5.501286e-02 
 6.146863e+00  5.413257e-02 
 6.147261e+00  5.323047e-02 
 6.147659e+00  5.229269e-02 
 6.148056e+00  5.132600e-02 
 6.148454e+00  5.032260e-02 
 6.148852e+00  4.931375e-02 
 6.149249e+00  4.829249e-02 
 6.149647e+00  4.725916e-02 
 6.150045e+00  4.621835e-02 
 6.150442e+00  4.516883e-02 
 6.150840e+00  4.410846e-02 
 6.151238e+00  4.303665e-02 
 6.151636e+00  4.195224e-02 
 6.152033e+00  4.087146e-02 
 6.152431e+00  3.974936e-02 
 6.152829e+00  3.862009e-02 
 6.153226e+00  3.746791e-02 
 6.153624e+00  3.631164e-02 
 6.154022e+00  3.516021e-02 
 6.154419e+00  3.399659e-02 
 6.154817e+00  3.283802e-02 
 6.155215e+00  3.167585e-02 
 6.155612e+00  3.051772e-02 
 6.156010e+00  2.935193e-02 
 6.156408e+00  2.819151e-02 
 6.156806e+00  2.702604e-02 
 6.157203e+00  2.584030e-02 
 6.157601e+00  2.465082e-02 
 6.157999e+00  2.345498e-02 
 6.158396e+00  2.225023e-02 
 6.158794e+00  2.105525e-02 
 6.159192e+00  1.987762e-02 
 6.159589e+00  1.868460e-02 
 6.159987e+00  1.750289e-02 
 6.160385e+00  1.631430e-02 
 6.160783e+00  1.513234e-02 
 6.161180e+00  1.393779e-02 
 6.161578e+00  1.275064e-02 
 6.161976e+00  1.155478e-02 
 6.162373e+00  1.035023e-02 
 6.162771e+00  9.149901e-03 
 6.163169e+00  7.950118e-03 
 6.163566e+00  6.745291e-03 
 6.163964e+00  5.564703e-03 
 6.164362e+00  4.384792e-03 
 6.164759e+00  3.203713e-03 
 6.165157e+00  2.030951e-03 
 6.165555e+00  8.867193e-04 
 6.165953e+00 -2.661641e-04 
 6.166350e+00 -1.391271e-03 
 6.166748e+00 -2.517826e-03 
 6.167146e+00 -3.641215e-03 
 6.167543e+00 -4.766792e-03 
 6.167941e+00 -5.871643e-03 
 6.168339e+00 -6.946746e-03 
 6.168736e+00 -8.013226e-03 
 6.169134e+00 -9.056192e-03 
 6.169532e+00 -1.006956e-02 
 6.169930e+00 -1.107554e-02 
 6.170327e+00 -1.206050e-02 
 6.170725e+00 -1.301441e-02 
 6.171123e+00 -1.395141e-02 
 6.171520e+00 -1.487596e-02 
 6.171918e+00 -1.580750e-02 
 6.172316e+00 -1.670027e-02 
 6.172713e+00 -1.759580e-02 
 6.173111e+00 -1.844943e-02 
 6.173509e+00 -1.928417e-02 
 6.173906e+00 -2.009497e-02 
 6.174304e+00 -2.087535e-02 
 6.174702e+00 -2.161847e-02 
 6.175100e+00 -2.232129e-02 
 6.175497e+00 -2.299741e-02 
 6.175895e+00 -2.363047e-02 
 6.176293e+00 -2.424578e-02 
 6.176690e+00 -2.485216e-02 
 6.177088e+00 -2.542356e-02 
 6.177486e+00 -2.596994e-02 
 6.177883e+00 -2.648549e-02 
 6.178281e+00 -2.696112e-02 
 6.178679e+00 -2.739992e-02 
 6.179077e+00 -2.780177e-02 
 6.179474e+00 -2.818125e-02 
 6.179872e+00 -2.852078e-02 
 6.180270e+00 -2.882279e-02 
 6.180667e+00 -2.909904e-02 
 6.181065e+00 -2.934605e-02 
 6.181463e+00 -2.956024e-02 
 6.181860e+00 -2.974158e-02 
 6.182258e+00 -2.990585e-02 
 6.182656e+00 -3.002225e-02 
 6.183053e+00 -3.009252e-02 
 6.183451e+00 -3.015435e-02 
 6.183849e+00 -3.016028e-02 
 6.184247e+00 -3.012550e-02 
 6.184644e+00 -3.005251e-02 
 6.185042e+00 -2.994573e-02 
 6.185440e+00 -2.979198e-02 
 6.185837e+00 -2.962579e-02 
 6.186235e+00 -2.943374e-02 
 6.186633e+00 -2.920876e-02 
 6.187030e+00 -2.895733e-02 
 6.187428e+00 -2.867775e-02 
 6.187826e+00 -2.836160e-02 
 6.188224e+00 -2.801539e-02 
 6.188621e+00 -2.763434e-02 
 6.189019e+00 -2.722270e-02 
 6.189417e+00 -2.677861e-02 
 6.189814e+00 -2.629455e-02 
 6.190212e+00 -2.580210e-02 
 6.190610e+00 -2.527518e-02 
 6.191007e+00 -2.473051e-02 
 6.191405e+00 -2.417851e-02 
 6.191803e+00 -2.360176e-02 
 6.192200e+00 -2.300519e-02 
 6.192598e+00 -2.239778e-02 
 6.192996e+00 -2.176586e-02 
 6.193394e+00 -2.109883e-02 
 6.193791e+00 -2.039484e-02 
 6.194189e+00 -1.967550e-02 
 6.194587e+00 -1.891431e-02 
 6.194984e+00 -1.813218e-02 
 6.195382e+00 -1.734888e-02 
 6.195780e+00 -1.655311e-02 
 6.196177e+00 -1.573586e-02 
 6.196575e+00 -1.491662e-02 
 6.196973e+00 -1.406471e-02 
 6.197371e+00 -1.318482e-02 
 6.197768e+00 -1.228830e-02 
 6.198166e+00 -1.136632e-02 
 6.198564e+00 -1.041513e-02 
 6.198961e+00 -9.445305e-03 
 6.199359e+00 -8.454527e-03 
 6.199757e+00 -7.440439e-03 
 6.200154e+00 -6.417004e-03 
 6.200552e+00 -5.393011e-03 
 6.200950e+00 -4.360734e-03 
 6.201347e+00 -3.301482e-03 
 6.201745e+00 -2.239660e-03 
 6.202143e+00 -1.141796e-03 
 6.202541e+00 -3.349943e-05 
 6.202938e+00  1.098870e-03 
 6.203336e+00  2.248865e-03 
 6.203734e+00  3.421931e-03 
 6.204131e+00  4.627545e-03 
 6.204529e+00  5.826100e-03 
 6.204927e+00  7.052489e-03 
 6.205324e+00  8.267704e-03 
 6.205722e+00  9.482754e-03 
 6.206120e+00  1.071543e-02 
 6.206518e+00  1.196523e-02 
 6.206915e+00  1.321530e-02 
 6.207313e+00  1.447325e-02 
 6.207711e+00  1.574574e-02 
 6.208108e+00  1.700247e-02 
 6.208506e+00  1.827581e-02 
 6.208904e+00  1.956465e-02 
 6.209301e+00  2.085667e-02 
 6.209699e+00  2.213250e-02 
 6.210097e+00  2.341005e-02 
 6.210494e+00  2.467889e-02 
 6.210892e+00  2.593878e-02 
 6.211290e+00  2.719988e-02 
 6.211688e+00  2.844513e-02 
 6.212085e+00  2.967773e-02 
 6.212483e+00  3.089515e-02 
 6.212881e+00  3.211298e-02 
 6.213278e+00  3.332726e-02 
 6.213676e+00  3.453751e-02 
 6.214074e+00  3.574531e-02 
 6.214471e+00  3.693802e-02 
 6.214869e+00  3.810676e-02 
 6.215267e+00  3.925643e-02 
 6.215665e+00  4.039440e-02 
 6.216062e+00  4.151825e-02 
 6.216460e+00  4.262463e-02 
 6.216858e+00  4.369930e-02 
 6.217255e+00  4.476763e-02 
 6.217653e+00  4.580575e-02 
 6.218051e+00  4.684074e-02 
 6.218448e+00  4.785813e-02 
 6.218846e+00  4.886972e-02 
 6.219244e+00  4.984651e-02 
 6.219641e+00  5.079912e-02 
 6.220039e+00  5.172576e-02 
 6.220437e+00  5.262366e-02 
 6.220835e+00  5.350489e-02 
 6.221232e+00  5.435152e-02 
 6.221630e+00  5.516044e-02 
 6.222028e+00  5.594307e-02 
 6.222425e+00  5.670636e-02 
 6.222823e+00  5.745137e-02 
 6.223221e+00  5.818564e-02 
 6.223618e+00  5.889208e-02 
 6.224016e+00  5.957642e-02 
 6.224414e+00  6.021916e-02 
 6.224812e+00  6.084501e-02 
 6.225209e+00  6.143162e-02 
 6.225607e+00  6.199479e-02 
 6.226005e+00  6.253895e-02 
 6.226402e+00  6.304653e-02 
 6.226800e+00  6.352372e-02 
 6.227198e+00  6.396991e-02 
 6.227595e+00  6.438927e-02 
 6.227993e+00  6.479037e-02 
 6.228391e+00  6.516690e-02 
 6.228788e+00  6.551804e-02 
 6.229186e+00  6.581869e-02 
 6.229584e+00  6.611012e-02 
 6.229982e+00  6.636670e-02 
 6.230379e+00  6.659920e-02 
 6.230777e+00  6.679470e-02 
 6.231175e+00  6.695571e-02 
 6.231572e+00  6.708684e-02 
 6.231970e+00  6.717518e-02 
 6.232368e+00  6.725070e-02 
 6.232765e+00  6.731192e-02 
 6.233163e+00  6.734696e-02 
 6.233561e+00  6.734499e-02 
 6.233959e+00  6.732010e-02 
 6.234356e+00  6.725924e-02 
 6.234754e+00  6.717106e-02 
 6.235152e+00  6.706868e-02 
 6.235549e+00  6.692839e-02 
 6.235947e+00  6.675997e-02 
 6.236345e+00  6.655166e-02 
 6.236742e+00  6.632513e-02 
 6.237140e+00  6.605843e-02 
 6.237538e+00  6.577236e-02 
 6.237935e+00  6.547209e-02 
 6.238333e+00  6.514254e-02 
 6.238731e+00  6.477416e-02 
 6.239129e+00  6.438242e-02 
 6.239526e+00  6.395554e-02 
 6.239924e+00  6.349449e-02 
 6.240322e+00  6.300187e-02 
 6.240719e+00  6.246722e-02 
 6.241117e+00  6.189023e-02 
 6.241515e+00  6.128431e-02 
 6.241912e+00  6.065686e-02 
 6.242310e+00  6.000659e-02 
 6.242708e+00  5.934014e-02 
 6.243106e+00  5.865884e-02 
 6.243503e+00  5.794043e-02 
 6.243901e+00  5.719069e-02 
 6.244299e+00  5.641632e-02 
 6.244696e+00  5.561556e-02 
 6.245094e+00  5.480162e-02 
 6.245492e+00  5.395090e-02 
 6.245889e+00  5.306804e-02 
 6.246287e+00  5.213452e-02 
 6.246685e+00  5.118593e-02 
 6.247082e+00  5.022362e-02 
 6.247480e+00  4.923776e-02 
 6.247878e+00  4.823127e-02 
 6.248276e+00  4.721759e-02 
 6.248673e+00  4.616563e-02 
 6.249071e+00  4.509377e-02 
 6.249469e+00  4.400911e-02 
 6.249866e+00  4.290733e-02 
 6.250264e+00  4.177201e-02 
 6.250662e+00  4.061909e-02 
 6.251059e+00  3.944362e-02 
 6.251457e+00  3.825011e-02 
 6.251855e+00  3.705745e-02 
 6.252253e+00  3.586501e-02 
 6.252650e+00  3.466070e-02 
 6.253048e+00  3.344747e-02 
 6.253446e+00  3.222755e-02 
 6.253843e+00  3.100086e-02 
 6.254241e+00  2.976692e-02 
 6.254639e+00  2.853165e-02 
 6.255036e+00  2.728721e-02 
 6.255434e+00  2.602924e-02 
 6.255832e+00  2.475191e-02 
 6.256229e+00  2.347398e-02 
 6.256627e+00  2.220734e-02 
 6.257025e+00  2.095319e-02 
 6.257423e+00  1.969771e-02 
 6.257820e+00  1.845900e-02 
 6.258218e+00  1.722896e-02 
 6.258616e+00  1.599642e-02 
 6.259013e+00  1.478414e-02 
 6.259411e+00  1.356478e-02 
 6.259809e+00  1.234116e-02 
 6.260206e+00  1.111716e-02 
 6.260604e+00  9.907519e-03 
 6.261002e+00  8.687390e-03 
 6.261400e+00  7.502899e-03 
 6.261797e+00  6.337836e-03 
 6.262195e+00  5.185370e-03 
 6.262593e+00  4.056773e-03 
 6.262990e+00  2.942936e-03 
 6.263388e+00  1.836485e-03 
 6.263786e+00  7.518797e-04 
 6.264183e+00 -3.194672e-04 
 6.264581e+00 -1.396401e-03 
 6.264979e+00 -2.468719e-03 
 6.265376e+00 -3.539876e-03 
 6.265774e+00 -4.592593e-03 
 6.266172e+00 -5.628375e-03 
 6.266570e+00 -6.642800e-03 
 6.266967e+00 -7.640006e-03 
 6.267365e+00 -8.612343e-03 
 6.267763e+00 -9.587503e-03 
 6.268160e+00 -1.054106e-02 
 6.268558e+00 -1.148173e-02 
 6.268956e+00 -1.242160e-02 
 6.269353e+00 -1.334620e-02 
 6.269751e+00 -1.428316e-02 
 6.270149e+00 -1.519387e-02 
 6.270547e+00 -1.607461e-02 
 6.270944e+00 -1.693144e-02 
 6.271342e+00 -1.777057e-02 
 6.271740e+00 -1.857381e-02 
 6.272137e+00 -1.934902e-02 
 6.272535e+00 -2.011809e-02 
 6.272933e+00 -2.085204e-02 
 6.273330e+00 -2.156418e-02 
 6.273728e+00 -2.226704e-02 
 6.274126e+00 -2.294530e-02 
 6.274523e+00 -2.360634e-02 
 6.274921e+00 -2.425354e-02 
 6.275319e+00 -2.487197e-02 
 6.275717e+00 -2.545078e-02 
 6.276114e+00 -2.599650e-02 
 6.276512e+00 -2.651644e-02 
 6.276910e+00 -2.699880e-02 
 6.277307e+00 -2.744282e-02 
 6.277705e+00 -2.785996e-02 
 6.278103e+00 -2.824145e-02 
 6.278500e+00 -2.858775e-02 
 6.278898e+00 -2.891565e-02 
 6.279296e+00 -2.921803e-02 
 6.279694e+00 -2.948762e-02 
 6.280091e+00 -2.972246e-02 
 6.280489e+00 -2.992366e-02 
 6.280887e+00 -3.008029e-02 
 6.281284e+00 -3.019138e-02 
 6.281682e+00 -3.028192e-02 
 6.282080e+00 -3.032338e-02 
 6.282477e+00 -3.031770e-02 
 6.282875e+00 -3.028050e-02 
 6.283273e+00 -3.021848e-02 
 6.283670e+00 -3.011394e-02 
 6.284068e+00 -3.000350e-02 
 6.284466e+00 -2.986984e-02 
 6.284864e+00 -2.969620e-02 
 6.285261e+00 -2.948380e-02 
 6.285659e+00 -2.925019e-02 
 6.286057e+00 -2.896352e-02 
 6.286454e+00 -2.863664e-02 
 6.286852e+00 -2.828667e-02 
 6.287250e+00 -2.789558e-02 
 6.287647e+00 -2.745918e-02 
 6.288045e+00 -2.699822e-02 
 6.288443e+00 -2.652253e-02 
 6.288841e+00 -2.602288e-02 
 6.289238e+00 -2.549596e-02 
 6.289636e+00 -2.494044e-02 
 6.290034e+00 -2.434634e-02 
 6.290431e+00 -2.372194e-02 
 6.290829e+00 -2.305709e-02 
 6.291227e+00 -2.235884e-02 
 6.291624e+00 -2.162949e-02 
 6.292022e+00 -2.087188e-02 
 6.292420e+00 -2.008413e-02 
 6.292817e+00 -1.926416e-02 
 6.293215e+00 -1.843663e-02 
 6.293613e+00 -1.759673e-02 
 6.294011e+00 -1.674177e-02 
 6.294408e+00 -1.586058e-02 
 6.294806e+00 -1.496065e-02 
 6.295204e+00 -1.403909e-02 
 6.295601e+00 -1.309635e-02 
 6.295999e+00 -1.213296e-02 
 6.296397e+00 -1.115413e-02 
 6.296794e+00 -1.015964e-02 
 6.297192e+00 -9.136465e-03 
 6.297590e+00 -8.111837e-03 
 6.297988e+00 -7.082480e-03 
 6.298385e+00 -6.038589e-03 
 6.298783e+00 -4.992622e-03 
 6.299181e+00 -3.941858e-03 
 6.299578e+00 -2.863600e-03 
 6.299976e+00 -1.781457e-03 
 6.300374e+00 -6.887011e-04 
 6.300771e+00  4.054848e-04 
 6.301169e+00  1.530454e-03 
 6.301567e+00  2.646280e-03 
 6.301964e+00  3.783571e-03 
 6.302362e+00  4.931184e-03 
 6.302760e+00  6.070283e-03 
 6.303158e+00  7.211646e-03 
 6.303555e+00  8.362256e-03 
 6.303953e+00  9.507620e-03 
 6.304351e+00  1.066074e-02 
 6.304748e+00  1.183668e-02 
 6.305146e+00  1.301558e-02 
 6.305544e+00  1.419504e-02 
 6.305941e+00  1.538318e-02 
 6.306339e+00  1.659869e-02 
 6.306737e+00  1.780696e-02 
 6.307135e+00  1.903165e-02 
 6.307532e+00  2.024270e-02 
 6.307930e+00  2.145012e-02 
 6.308328e+00  2.264660e-02 
 6.308725e+00  2.385553e-02 
 6.309123e+00  2.506492e-02 
 6.309521e+00  2.627988e-02 
 6.309918e+00  2.750259e-02 
 6.310316e+00  2.873164e-02 
 6.310714e+00  2.995227e-02 
 6.311111e+00  3.118668e-02 
 6.311509e+00  3.242350e-02 
 6.311907e+00  3.365430e-02 
 6.312305e+00  3.487240e-02 
 6.312702e+00  3.607530e-02 
 6.313100e+00  3.725917e-02 
 6.313498e+00  3.843792e-02 
 6.313895e+00  3.960679e-02 
 6.314293e+00  4.076507e-02 
 6.314691e+00  4.191497e-02 
 6.315088e+00  4.304341e-02 
 6.315486e+00  4.415385e-02 
 6.315884e+00  4.524974e-02 
 6.316282e+00  4.633981e-02 
 6.316679e+00  4.740891e-02 
 6.317077e+00  4.843062e-02 
 6.317475e+00  4.944783e-02 
 6.317872e+00  5.042175e-02 
 6.318270e+00  5.138960e-02 
 6.318668e+00  5.233497e-02 
 6.319065e+00  5.325722e-02 
 6.319463e+00  5.415743e-02 
 6.319861e+00  5.501537e-02 
 6.320258e+00  5.586534e-02 
 6.320656e+00  5.668359e-02 
 6.321054e+00  5.748913e-02 
 6.321452e+00  5.825557e-02 
 6.321849e+00  5.900234e-02 
 6.322247e+00  5.971225e-02 
 6.322645e+00  6.038726e-02 
 6.323042e+00  6.102331e-02 
 6.323440e+00  6.164859e-02 
 6.323838e+00  6.223894e-02 
 6.324235e+00  6.278941e-02 
 6.324633e+00  6.330476e-02 
 6.325031e+00  6.379341e-02 
 6.325429e+00  6.425995e-02 
 6.325826e+00  6.470850e-02 
 6.326224e+00  6.512314e-02 
 6.326622e+00  6.551025e-02 
 6.327019e+00  6.585290e-02 
 6.327417e+00  6.615732e-02 
 6.327815e+00  6.643535e-02 
 6.328212e+00  6.667884e-02 
 6.328610e+00  6.689940e-02 
 6.329008e+00  6.706979e-02 
 6.329405e+00  6.720700e-02 
 6.329803e+00  6.731377e-02 
 6.330201e+00  6.740722e-02 
 6.330599e+00  6.748640e-02 
 6.330996e+00  6.752732e-02 
 6.331394e+00  6.754887e-02 
 6.331792e+00  6.752909e-02 
 6.332189e+00  6.746184e-02 
 6.332587e+00  6.736862e-02 
 6.332985e+00  6.725795e-02 
 6.333382e+00  6.710569e-02 
 6.333780e+00  6.692735e-02 
 6.334178e+00  6.670657e-02 
 6.334575e+00  6.646308e-02 
 6.334973e+00  6.618657e-02 
 6.335371e+00  6.589751e-02 
 6.335769e+00  6.558512e-02 
 6.336166e+00  6.523869e-02 
 6.336564e+00  6.486011e-02 
 6.336962e+00  6.444717e-02 
 6.337359e+00  6.401042e-02 
 6.337757e+00  6.355341e-02 
 6.338155e+00  6.306150e-02 
 6.338552e+00  6.255042e-02 
 6.338950e+00  6.201416e-02 
 6.339348e+00  6.145637e-02 
 6.339746e+00  6.087439e-02 
 6.340143e+00  6.028706e-02 
 6.340541e+00  5.967946e-02 
 6.340939e+00  5.904612e-02 
 6.341336e+00  5.839441e-02 
 6.341734e+00  5.769266e-02 
 6.342132e+00  5.697045e-02 
 6.342529e+00  5.622821e-02 
 6.342927e+00  5.546096e-02 
 6.343325e+00  5.466638e-02 
 6.343722e+00  5.383898e-02 
 6.344120e+00  5.298801e-02 
 6.344518e+00  5.211557e-02 
 6.344916e+00  5.122595e-02 
 6.345313e+00  5.032876e-02 
 6.345711e+00  4.940701e-02 
 6.346109e+00  4.846646e-02 
 6.346506e+00  4.749543e-02 
 6.346904e+00  4.649884e-02 
 6.347302e+00  4.547862e-02 
 6.347699e+00  4.442830e-02 
 6.348097e+00  4.336737e-02 
 6.348495e+00  4.227153e-02 
 6.348893e+00  4.116304e-02 
 6.349290e+00  4.004970e-02 
 6.349688e+00  3.891823e-02 
 6.350086e+00  3.778343e-02 
 6.350483e+00  3.664883e-02 
 6.350881e+00  3.548086e-02 
 6.351279e+00  3.429644e-02 
 6.351676e+00  3.309256e-02 
 6.352074e+00  3.187832e-02 
 6.352472e+00  3.064015e-02 
 6.352869e+00  2.940215e-02 
 6.353267e+00  2.812885e-02 
 6.353665e+00  2.685558e-02 
 6.354063e+00  2.557487e-02 
 6.354460e+00  2.430822e-02 
 6.354858e+00  2.304167e-02 
 6.355256e+00  2.178404e-02 
 6.355653e+00  2.053229e-02 
 6.356051e+00  1.925567e-02 
 6.356449e+00  1.798754e-02 
 6.356846e+00  1.671792e-02 
 6.357244e+00  1.543447e-02 
 6.357642e+00  1.415557e-02 
 6.358040e+00  1.287665e-02 
 6.358437e+00  1.161223e-02 
 6.358835e+00  1.035050e-02 
 6.359233e+00  9.109780e-03 
 6.359630e+00  7.899710e-03 
 6.360028e+00  6.690009e-03 
 6.360426e+00  5.501415e-03 
 6.360823e+00  4.301909e-03 
 6.361221e+00  3.123126e-03 
 6.361619e+00  1.949177e-03 
 6.362016e+00  7.840515e-04 
 6.362414e+00 -3.731745e-04 
 6.362812e+00 -1.530876e-03 
 6.363210e+00 -2.683367e-03 
 6.363607e+00 -3.797816e-03 
 6.364005e+00 -4.895190e-03 
 6.364403e+00 -5.965102e-03 
 6.364800e+00 -6.997955e-03 
 6.365198e+00 -8.013277e-03 
 6.365596e+00 -9.019516e-03 
 6.365993e+00 -9.998626e-03 
 6.366391e+00 -1.095753e-02 
 6.366789e+00 -1.190839e-02 
 6.367187e+00 -1.284417e-02 
 6.367584e+00 -1.375445e-02 
 6.367982e+00 -1.464593e-02 
 6.368380e+00 -1.552003e-02 
 6.368777e+00 -1.634923e-02 
 6.369175e+00 -1.715239e-02 
 6.369573e+00 -1.792622e-02 
 6.369970e+00 -1.867862e-02 
 6.370368e+00 -1.940644e-02 
 6.370766e+00 -2.011436e-02 
 6.371163e+00 -2.080651e-02 
 6.371561e+00 -2.147259e-02 
 6.371959e+00 -2.212277e-02 
 6.372357e+00 -2.276053e-02 
 6.372754e+00 -2.337627e-02 
 6.373152e+00 -2.396439e-02 
 6.373550e+00 -2.451215e-02 
 6.373947e+00 -2.502622e-02 
 6.374345e+00 -2.550603e-02 
 6.374743e+00 -2.595992e-02 
 6.375140e+00 -2.638821e-02 
 6.375538e+00 -2.679361e-02 
 6.375936e+00 -2.718035e-02 
 6.376334e+00 -2.754770e-02 
 6.376731e+00 -2.789363e-02 
 6.377129e+00 -2.821906e-02 
 6.377527e+00 -2.852942e-02 
 6.377924e+00 -2.879130e-02 
 6.378322e+00 -2.903235e-02 
 6.378720e+00 -2.921795e-02 
 6.379117e+00 -2.938198e-02 
 6.379515e+00 -2.951102e-02 
 6.379913e+00 -2.961868e-02 
 6.380310e+00 -2.969486e-02 
 6.380708e+00 -2.974367e-02 
 6.381106e+00 -2.977142e-02 
 6.381504e+00 -2.978406e-02 
 6.381901e+00 -2.977003e-02 
 6.382299e+00 -2.973611e-02 
 6.382697e+00 -2.965392e-02 
 6.383094e+00 -2.953458e-02 
 6.383492e+00 -2.937621e-02 
 6.383890e+00 -2.917757e-02 
 6.384287e+00 -2.894342e-02 
 6.384685e+00 -2.866195e-02 
 6.385083e+00 -2.836802e-02 
 6.385481e+00 -2.802705e-02 
 6.385878e+00 -2.766379e-02 
 6.386276e+00 -2.727577e-02 
 6.386674e+00 -2.686040e-02 
 6.387071e+00 -2.640723e-02 
 6.387469e+00 -2.590577e-02 
 6.387867e+00 -2.537752e-02 
 6.388264e+00 -2.479867e-02 
 6.388662e+00 -2.418568e-02 
 6.389060e+00 -2.354537e-02 
 6.389457e+00 -2.288281e-02 
 6.389855e+00 -2.218230e-02 
 6.390253e+00 -2.145846e-02 
 6.390651e+00 -2.070751e-02 
 6.391048e+00 -1.993983e-02 
 6.391446e+00 -1.915389e-02 
 6.391844e+00 -1.834841e-02 
 6.392241e+00 -1.751381e-02 
 6.392639e+00 -1.663776e-02 
 6.393037e+00 -1.573583e-02 
 6.393434e+00 -1.480236e-02 
 6.393832e+00 -1.384778e-02 
 6.394230e+00 -1.286143e-02 
 6.394628e+00 -1.185150e-02 
 6.395025e+00 -1.083559e-02 
 6.395423e+00 -9.798503e-03 
 6.395821e+00 -8.750956e-03 
 6.396218e+00 -7.701642e-03 
 6.396616e+00 -6.642635e-03 
 6.397014e+00 -5.563946e-03 
 6.397411e+00 -4.470506e-03 
 6.397809e+00 -3.348601e-03 
 6.398207e+00 -2.214602e-03 
 6.398604e+00 -1.066325e-03 
 6.399002e+00  8.970875e-05 
 6.399400e+00  1.268635e-03 
 6.399798e+00  2.456383e-03 
 6.400195e+00  3.647580e-03 
 6.400593e+00  4.836703e-03 
 6.400991e+00  6.027523e-03 
 6.401388e+00  7.199879e-03 
 6.401786e+00  8.387959e-03 
 6.402184e+00  9.582992e-03 
 6.402581e+00  1.079074e-02 
 6.402979e+00  1.200606e-02 
 6.403377e+00  1.322666e-02 
 6.403775e+00  1.445732e-02 
 6.404172e+00  1.567846e-02 
 6.404570e+00  1.690511e-02 
 6.404968e+00  1.812665e-02 
 6.405365e+00  1.933138e-02 
 6.405763e+00  2.053198e-02 
 6.406161e+00  2.172425e-02 
 6.406558e+00  2.292235e-02 
 6.406956e+00  2.412630e-02 
 6.407354e+00  2.532125e-02 
 6.407751e+00  2.652510e-02 
 6.408149e+00  2.772115e-02 
 6.408547e+00  2.890390e-02 
 6.408945e+00  3.008522e-02 
 6.409342e+00  3.125811e-02 
 6.409740e+00  3.243501e-02 
 6.410138e+00  3.357526e-02 
 6.410535e+00  3.470153e-02 
 6.410933e+00  3.581626e-02 
 6.411331e+00  3.692005e-02 
 6.411728e+00  3.802339e-02 
 6.412126e+00  3.911536e-02 
 6.412524e+00  4.020557e-02 
 6.412922e+00  4.128019e-02 
 6.413319e+00  4.235618e-02 
 6.413717e+00  4.342508e-02 
 6.414115e+00  4.446773e-02 
 6.414512e+00  4.551638e-02 
 6.414910e+00  4.653863e-02 
 6.415308e+00  4.754105e-02 
 6.415705e+00  4.852631e-02 
 6.416103e+00  4.949571e-02 
 6.416501e+00  5.046331e-02 
 6.416898e+00  5.140926e-02 
 6.417296e+00  5.234766e-02 
 6.417694e+00  5.325717e-02 
 6.418092e+00  5.415068e-02 
 6.418489e+00  5.503657e-02 
 6.418887e+00  5.590262e-02 
 6.419285e+00  5.675217e-02 
 6.419682e+00  5.757365e-02 
 6.420080e+00  5.835327e-02 
 6.420478e+00  5.909361e-02 
 6.420875e+00  5.980497e-02 
 6.421273e+00  6.049273e-02 
 6.421671e+00  6.116375e-02 
 6.422069e+00  6.180496e-02 
 6.422466e+00  6.242660e-02 
 6.422864e+00  6.300683e-02 
 6.423262e+00  6.357109e-02 
 6.423659e+00  6.411470e-02 
 6.424057e+00  6.461817e-02 
 6.424455e+00  6.508462e-02 
 6.424852e+00  6.551019e-02 
 6.425250e+00  6.588924e-02 
 6.425648e+00  6.623460e-02 
 6.426045e+00  6.655994e-02 
 6.426443e+00  6.685879e-02 
 6.426841e+00  6.712070e-02 
 6.427239e+00  6.734824e-02 
 6.427636e+00  6.753474e-02 
 6.428034e+00  6.770381e-02 
 6.428432e+00  6.784664e-02 
 6.428829e+00  6.796072e-02 
 6.429227e+00  6.802293e-02 
 6.429625e+00  6.804330e-02 
 6.430022e+00  6.802317e-02 
 6.430420e+00  6.795916e-02 
 6.430818e+00  6.787191e-02 
 6.431216e+00  6.775279e-02 
 6.431613e+00  6.760158e-02 
 6.432011e+00  6.741894e-02 
 6.432409e+00  6.720388e-02 
 6.432806e+00  6.696632e-02 
 6.433204e+00  6.669497e-02 
 6.433602e+00  6.640096e-02 
 6.433999e+00  6.608394e-02 
 6.434397e+00  6.571819e-02 
 6.434795e+00  6.533272e-02 
 6.435192e+00  6.490753e-02 
 6.435590e+00  6.446280e-02 
 6.435988e+00  6.398808e-02 
 6.436386e+00  6.347258e-02 
 6.436783e+00  6.293100e-02 
 6.437181e+00  6.234451e-02 
 6.437579e+00  6.175033e-02 
 6.437976e+00  6.113767e-02 
 6.438374e+00  6.049981e-02 
 6.438772e+00  5.984796e-02 
 6.439169e+00  5.915648e-02 
 6.439567e+00  5.842854e-02 
 6.439965e+00  5.767986e-02 
 6.440363e+00  5.689991e-02 
 6.440760e+00  5.610423e-02 
 6.441158e+00  5.527918e-02 
 6.441556e+00  5.443026e-02 
 6.441953e+00  5.357155e-02 
 6.442351e+00  5.269833e-02 
 6.442749e+00  5.181179e-02 
 6.443146e+00  5.091982e-02 
 6.443544e+00  5.001701e-02 
 6.443942e+00  4.908332e-02 
 6.444339e+00  4.813205e-02 
 6.444737e+00  4.716653e-02 
 6.445135e+00  4.618116e-02 
 6.445533e+00  4.517475e-02 
 6.445930e+00  4.415934e-02 
 6.446328e+00  4.312373e-02 
 6.446726e+00  4.205888e-02 
 6.447123e+00  4.101615e-02 
 6.447521e+00  3.996722e-02 
 6.447919e+00  3.889678e-02 
 6.448316e+00  3.782094e-02 
 6.448714e+00  3.673150e-02 
 6.449112e+00  3.561492e-02 
 6.449510e+00  3.447135e-02 
 6.449907e+00  3.332601e-02 
 6.450305e+00  3.217282e-02 
 6.450703e+00  3.098834e-02 
 6.451100e+00  2.980560e-02 
 6.451498e+00  2.861475e-02 
 6.451896e+00  2.740763e-02 
 6.452293e+00  2.620120e-02 
 6.452691e+00  2.499794e-02 
 6.453089e+00  2.379801e-02 
 6.453486e+00  2.256744e-02 
 6.453884e+00  2.134493e-02 
 6.454282e+00  2.011119e-02 
 6.454680e+00  1.886167e-02 
 6.455077e+00  1.761509e-02 
 6.455475e+00  1.636375e-02 
 6.455873e+00  1.509416e-02 
 6.456270e+00  1.382169e-02 
 6.456668e+00  1.256626e-02 
 6.457066e+00  1.130501e-02 
 6.457463e+00  1.006280e-02 
 6.457861e+00  8.824511e-03 
 6.458259e+00  7.586774e-03 
 6.458657e+00  6.340117e-03 
 6.459054e+00  5.098276e-03 
 6.459452e+00  3.856920e-03 
 6.459850e+00  2.632785e-03 
 6.460247e+00  1.409221e-03 
 6.460645e+00  2.048366e-04 
 6.461043e+00 -9.910684e-04 
 6.461440e+00 -2.162761e-03 
 6.461838e+00 -3.305927e-03 
 6.462236e+00 -4.422768e-03 
 6.462633e+00 -5.506871e-03 
 6.463031e+00 -6.581254e-03 
 6.463429e+00 -7.648344e-03 
 6.463827e+00 -8.703373e-03 
 6.464224e+00 -9.744261e-03 
 6.464622e+00 -1.077220e-02 
 6.465020e+00 -1.178023e-02 
 6.465417e+00 -1.277047e-02 
 6.465815e+00 -1.373908e-02 
 6.466213e+00 -1.468031e-02 
 6.466610e+00 -1.556948e-02 
 6.467008e+00 -1.643885e-02 
 6.467406e+00 -1.727552e-02 
 6.467804e+00 -1.808127e-02 
 6.468201e+00 -1.887101e-02 
 6.468599e+00 -1.965395e-02 
 6.468997e+00 -2.041242e-02 
 6.469394e+00 -2.113469e-02 
 6.469792e+00 -2.183773e-02 
 6.470190e+00 -2.251600e-02 
 6.470587e+00 -2.315646e-02 
 6.470985e+00 -2.376608e-02 
 6.471383e+00 -2.433607e-02 
 6.471780e+00 -2.486171e-02 
 6.472178e+00 -2.535829e-02 
 6.472576e+00 -2.583493e-02 
 6.472974e+00 -2.628617e-02 
 6.473371e+00 -2.671149e-02 
 6.473769e+00 -2.710813e-02 
 6.474167e+00 -2.747479e-02 
 6.474564e+00 -2.782414e-02 
 6.474962e+00 -2.814051e-02 
 6.475360e+00 -2.842565e-02 
 6.475757e+00 -2.867209e-02 
 6.476155e+00 -2.888562e-02 
 6.476553e+00 -2.905675e-02 
 6.476951e+00 -2.919799e-02 
 6.477348e+00 -2.932794e-02 
 6.477746e+00 -2.941408e-02 
 6.478144e+00 -2.948510e-02 
 6.478541e+00 -2.953735e-02 
 6.478939e+00 -2.955569e-02 
 6.479337e+00 -2.954928e-02 
 6.479734e+00 -2.952577e-02 
 6.480132e+00 -2.945786e-02 
 6.480530e+00 -2.936122e-02 
 6.480927e+00 -2.922009e-02 
 6.481325e+00 -2.905941e-02 
 6.481723e+00 -2.885438e-02 
 6.482121e+00 -2.862902e-02 
 6.482518e+00 -2.838734e-02 
 6.482916e+00 -2.810821e-02 
 6.483314e+00 -2.780375e-02 
 6.483711e+00 -2.748723e-02 
 6.484109e+00 -2.714475e-02 
 6.484507e+00 -2.678651e-02 
 6.484904e+00 -2.640313e-02 
 6.485302e+00 -2.597742e-02 
 6.485700e+00 -2.551771e-02 
 6.486098e+00 -2.502563e-02 
 6.486495e+00 -2.450320e-02 
 6.486893e+00 -2.395413e-02 
 6.487291e+00 -2.338083e-02 
 6.487688e+00 -2.279144e-02 
 6.488086e+00 -2.216803e-02 
 6.488484e+00 -2.153079e-02 
 6.488881e+00 -2.087006e-02 
 6.489279e+00 -2.017480e-02 
 6.489677e+00 -1.945878e-02 
 6.490074e+00 -1.869965e-02 
 6.490472e+00 -1.789586e-02 
 6.490870e+00 -1.707144e-02 
 6.491268e+00 -1.621440e-02 
 6.491665e+00 -1.533110e-02 
 6.492063e+00 -1.443185e-02 
 6.492461e+00 -1.349816e-02 
 6.492858e+00 -1.255011e-02 
 6.493256e+00 -1.158681e-02 
 6.493654e+00 -1.060946e-02 
 6.494051e+00 -9.606030e-03 
 6.494449e+00 -8.579893e-03 
 6.494847e+00 -7.534867e-03 
 6.495245e+00 -6.445604e-03 
 6.495642e+00 -5.334683e-03 
 6.496040e+00 -4.197492e-03 
 6.496438e+00 -3.060639e-03 
 6.496835e+00 -1.898136e-03 
 6.497233e+00 -7.396192e-04 
 6.497631e+00  4.373072e-04 
 6.498028e+00  1.620696e-03 
 6.498426e+00  2.818157e-03 
 6.498824e+00  4.019545e-03 
 6.499221e+00  5.225275e-03 
 6.499619e+00  6.454050e-03 
 6.500017e+00  7.693187e-03 
 6.500415e+00  8.955026e-03 
 6.500812e+00  1.022275e-02 
 6.501210e+00  1.148819e-02 
 6.501608e+00  1.275251e-02 
 6.502005e+00  1.402622e-02 
 6.502403e+00  1.529896e-02 
 6.502801e+00  1.656739e-02 
 6.503198e+00  1.783057e-02 
 6.503596e+00  1.908059e-02 
 6.503994e+00  2.032102e-02 
 6.504392e+00  2.156673e-02 
 6.504789e+00  2.282538e-02 
 6.505187e+00  2.407075e-02 
 6.505585e+00  2.531769e-02 
 6.505982e+00  2.655647e-02 
 6.506380e+00  2.776849e-02 
 6.506778e+00  2.897836e-02 
 6.507175e+00  3.018253e-02 
 6.507573e+00  3.137854e-02 
 6.507971e+00  3.254946e-02 
 6.508368e+00  3.371050e-02 
 6.508766e+00  3.485222e-02 
 6.509164e+00  3.598397e-02 
 6.509562e+00  3.710751e-02 
 6.509959e+00  3.823907e-02 
 6.510357e+00  3.933871e-02 
 6.510755e+00  4.043236e-02 
 6.511152e+00  4.151306e-02 
 6.511550e+00  4.258474e-02 
 6.511948e+00  4.362429e-02 
 6.512345e+00  4.465972e-02 
 6.512743e+00  4.566744e-02 
 6.513141e+00  4.665198e-02 
 6.513539e+00  4.760676e-02 
 6.513936e+00  4.855968e-02 
 6.514334e+00  4.948697e-02 
 6.514732e+00  5.041274e-02 
 6.515129e+00  5.131517e-02 
 6.515527e+00  5.219857e-02 
 6.515925e+00  5.306422e-02 
 6.516322e+00  5.390877e-02 
 6.516720e+00  5.473400e-02 
 6.517118e+00  5.553563e-02 
 6.517515e+00  5.632230e-02 
 6.517913e+00  5.707312e-02 
 6.518311e+00  5.779639e-02 
 6.518709e+00  5.850126e-02 
 6.519106e+00  5.918732e-02 
 6.519504e+00  5.986847e-02 
 6.519902e+00  6.052339e-02 
 6.520299e+00  6.115305e-02 
 6.520697e+00  6.176140e-02 
 6.521095e+00  6.234861e-02 
 6.521492e+00  6.290944e-02 
 6.521890e+00  6.345056e-02 
 6.522288e+00  6.396228e-02 
 6.522686e+00  6.443732e-02 
 6.523083e+00  6.488019e-02 
 6.523481e+00  6.530821e-02 
 6.523879e+00  6.569549e-02 
 6.524276e+00  6.606333e-02 
 6.524674e+00  6.640451e-02 
 6.525072e+00  6.670718e-02 
 6.525469e+00  6.696535e-02 
 6.525867e+00  6.720143e-02 
 6.526265e+00  6.741250e-02 
 6.526662e+00  6.758327e-02 
 6.527060e+00  6.772124e-02 
 6.527458e+00  6.781886e-02 
 6.527856e+00  6.787198e-02 
 6.528253e+00  6.790333e-02 
 6.528651e+00  6.790324e-02 
 6.529049e+00  6.787446e-02 
 6.529446e+00  6.781613e-02 
 6.529844e+00  6.774035e-02 
 6.530242e+00  6.761510e-02 
 6.530639e+00  6.745947e-02 
 6.531037e+00  6.728509e-02 
 6.531435e+00  6.707051e-02 
 6.531833e+00  6.681239e-02 
 6.532230e+00  6.652192e-02 
 6.532628e+00  6.617815e-02 
 6.533026e+00  6.579628e-02 
 6.533423e+00  6.539555e-02 
 6.533821e+00  6.496669e-02 
 6.534219e+00  6.449822e-02 
 6.534616e+00  6.400512e-02 
 6.535014e+00  6.350071e-02 
 6.535412e+00  6.294441e-02 
 6.535809e+00  6.237382e-02 
 6.536207e+00  6.177980e-02 
 6.536605e+00  6.114753e-02 
 6.537003e+00  6.046933e-02 
 6.537400e+00  5.976385e-02 
 6.537798e+00  5.903163e-02 
 6.538196e+00  5.826845e-02 
 6.538593e+00  5.749572e-02 
 6.538991e+00  5.671052e-02 
 6.539389e+00  5.588507e-02 
 6.539786e+00  5.504755e-02 
 6.540184e+00  5.418887e-02 
 6.540582e+00  5.330896e-02 
 6.540980e+00  5.240085e-02 
 6.541377e+00  5.146779e-02 
 6.541775e+00  5.051683e-02 
 6.542173e+00  4.953017e-02 
 6.542570e+00  4.851413e-02 
 6.542968e+00  4.750169e-02 
 6.543366e+00  4.647148e-02 
 6.543763e+00  4.542440e-02 
 6.544161e+00  4.436218e-02 
 6.544559e+00  4.328083e-02 
 6.544956e+00  4.217930e-02 
 6.545354e+00  4.108519e-02 
 6.545752e+00  3.997318e-02 
 6.546150e+00  3.884251e-02 
 6.546547e+00  3.769812e-02 
 6.546945e+00  3.654218e-02 
 6.547343e+00  3.536524e-02 
 6.547740e+00  3.418959e-02 
 6.548138e+00  3.301812e-02 
 6.548536e+00  3.184978e-02 
 6.548933e+00  3.065926e-02 
 6.549331e+00  2.946883e-02 
 6.549729e+00  2.827863e-02 
 6.550127e+00  2.709427e-02 
 6.550524e+00  2.591500e-02 
 6.550922e+00  2.473208e-02 
 6.551320e+00  2.354378e-02 
 6.551717e+00  2.233203e-02 
 6.552115e+00  2.113148e-02 
 6.552513e+00  1.992493e-02 
 6.552910e+00  1.871363e-02 
 6.553308e+00  1.750300e-02 
 6.553706e+00  1.629434e-02 
 6.554103e+00  1.508280e-02 
 6.554501e+00  1.388700e-02 
 6.554899e+00  1.269728e-02 
 6.555297e+00  1.152515e-02 
 6.555694e+00  1.035693e-02 
 6.556092e+00  9.183658e-03 
 6.556490e+00  8.004504e-03 
 6.556887e+00  6.825916e-03 
 6.557285e+00  5.651383e-03 
 6.557683e+00  4.481143e-03 
 6.558080e+00  3.314057e-03 
 6.558478e+00  2.166663e-03 
 6.558876e+00  1.025942e-03 
 6.559274e+00 -1.084447e-04 
 6.559671e+00 -1.225255e-03 
 6.560069e+00 -2.328460e-03 
 6.560467e+00 -3.424683e-03 
 6.560864e+00 -4.520544e-03 
 6.561262e+00 -5.615010e-03 
 6.561660e+00 -6.708689e-03 
 6.562057e+00 -7.796318e-03 
 6.562455e+00 -8.871678e-03 
 6.562853e+00 -9.924779e-03 
 6.563250e+00 -1.096634e-02 
 6.563648e+00 -1.198236e-02 
 6.564046e+00 -1.296394e-02 
 6.564444e+00 -1.392979e-02 
 6.564841e+00 -1.487744e-02 
 6.565239e+00 -1.579293e-02 
 6.565637e+00 -1.669533e-02 
 6.566034e+00 -1.758240e-02 
 6.566432e+00 -1.845772e-02 
 6.566830e+00 -1.930373e-02 
 6.567227e+00 -2.013177e-02 
 6.567625e+00 -2.091511e-02 
 6.568023e+00 -2.166817e-02 
 6.568421e+00 -2.239813e-02 
 6.568818e+00 -2.308052e-02 
 6.569216e+00 -2.372703e-02 
 6.569614e+00 -2.434115e-02 
 6.570011e+00 -2.492402e-02 
 6.570409e+00 -2.546900e-02 
 6.570807e+00 -2.600215e-02 
 6.571204e+00 -2.650386e-02 
 6.571602e+00 -2.697885e-02 
 6.572000e+00 -2.742286e-02 
 6.572397e+00 -2.784323e-02 
 6.572795e+00 -2.821682e-02 
 6.573193e+00 -2.855675e-02 
 6.573591e+00 -2.885442e-02 
 6.573988e+00 -2.910973e-02 
 6.574386e+00 -2.931515e-02 
 6.574784e+00 -2.949759e-02 
 6.575181e+00 -2.964148e-02 
 6.575579e+00 -2.976739e-02 
 6.575977e+00 -2.986429e-02 
 6.576374e+00 -2.994471e-02 
 6.576772e+00 -2.999199e-02 
 6.577170e+00 -2.999842e-02 
 6.577568e+00 -2.998194e-02 
 6.577965e+00 -2.992009e-02 
 6.578363e+00 -2.982432e-02 
 6.578761e+00 -2.969450e-02 
 6.579158e+00 -2.951655e-02 
 6.579556e+00 -2.931383e-02 
 6.579954e+00 -2.908897e-02 
 6.580351e+00 -2.885116e-02 
 6.580749e+00 -2.858949e-02 
 6.581147e+00 -2.829756e-02 
 6.581544e+00 -2.798889e-02 
 6.581942e+00 -2.765384e-02 
 6.582340e+00 -2.728273e-02 
 6.582738e+00 -2.688126e-02 
 6.583135e+00 -2.644358e-02 
 6.583533e+00 -2.595838e-02 
 6.583931e+00 -2.544308e-02 
 6.584328e+00 -2.489979e-02 
 6.584726e+00 -2.433696e-02 
 6.585124e+00 -2.375722e-02 
 6.585521e+00 -2.315787e-02 
 6.585919e+00 -2.254007e-02 
 6.586317e+00 -2.188565e-02 
 6.586715e+00 -2.120953e-02 
 6.587112e+00 -2.052402e-02 
 6.587510e+00 -1.979733e-02 
 6.587908e+00 -1.905183e-02 
 6.588305e+00 -1.826779e-02 
 6.588703e+00 -1.746735e-02 
 6.589101e+00 -1.663543e-02 
 6.589498e+00 -1.579446e-02 
 6.589896e+00 -1.494418e-02 
 6.590294e+00 -1.405680e-02 
 6.590691e+00 -1.316799e-02 
 6.591089e+00 -1.225957e-02 
 6.591487e+00 -1.132889e-02 
 6.591885e+00 -1.039664e-02 
 6.592282e+00 -9.446283e-03 
 6.592680e+00 -8.470692e-03 
 6.593078e+00 -7.466840e-03 
 6.593475e+00 -6.438200e-03 
 6.593873e+00 -5.406969e-03 
 6.594271e+00 -4.350598e-03 
 6.594668e+00 -3.302598e-03 
 6.595066e+00 -2.229553e-03 
 6.595464e+00 -1.144812e-03 
 6.595862e+00 -4.207896e-05 
 6.596259e+00  1.078100e-03 
 6.596657e+00  2.207527e-03 
 6.597055e+00  3.351325e-03 
 6.597452e+00  4.513476e-03 
 6.597850e+00  5.702273e-03 
 6.598248e+00  6.909316e-03 
 6.598645e+00  8.127619e-03 
 6.599043e+00  9.344256e-03 
 6.599441e+00  1.058185e-02 
 6.599838e+00  1.181113e-02 
 6.600236e+00  1.306411e-02 
 6.600634e+00  1.430777e-02 
 6.601032e+00  1.554263e-02 
 6.601429e+00  1.678434e-02 
 6.601827e+00  1.804248e-02 
 6.602225e+00  1.930817e-02 
 6.602622e+00  2.059047e-02 
 6.603020e+00  2.188462e-02 
 6.603418e+00  2.317771e-02 
 6.603815e+00  2.446130e-02 
 6.604213e+00  2.573962e-02 
 6.604611e+00  2.701701e-02 
 6.605009e+00  2.827698e-02 
 6.605406e+00  2.953466e-02 
 6.605804e+00  3.079385e-02 
 6.606202e+00  3.202525e-02 
 6.606599e+00  3.325991e-02 
 6.606997e+00  3.447943e-02 
 6.607395e+00  3.570103e-02 
 6.607792e+00  3.690630e-02 
 6.608190e+00  3.809542e-02 
 6.608588e+00  3.926375e-02 
 6.608985e+00  4.041768e-02 
 6.609383e+00  4.153816e-02 
 6.609781e+00  4.265361e-02 
 6.610179e+00  4.373291e-02 
 6.610576e+00  4.478899e-02 
 6.610974e+00  4.582662e-02 
 6.611372e+00  4.684186e-02 
 6.611769e+00  4.783750e-02 
 6.612167e+00  4.882161e-02 
 6.612565e+00  4.979266e-02 
 6.612962e+00  5.072987e-02 
 6.613360e+00  5.163389e-02 
 6.613758e+00  5.251092e-02 
 6.614156e+00  5.336336e-02 
 6.614553e+00  5.418208e-02 
 6.614951e+00  5.499839e-02 
 6.615349e+00  5.579128e-02 
 6.615746e+00  5.654715e-02 
 6.616144e+00  5.727921e-02 
 6.616542e+00  5.798686e-02 
 6.616939e+00  5.867095e-02 
 6.617337e+00  5.934854e-02 
 6.617735e+00  5.999692e-02 
 6.618132e+00  6.061849e-02 
 6.618530e+00  6.120858e-02 
 6.618928e+00  6.177878e-02 
 6.619326e+00  6.232439e-02 
 6.619723e+00  6.283848e-02 
 6.620121e+00  6.333539e-02 
 6.620519e+00  6.378556e-02 
 6.620916e+00  6.420683e-02 
 6.621314e+00  6.460613e-02 
 6.621712e+00  6.497641e-02 
 6.622109e+00  6.533202e-02 
 6.622507e+00  6.565753e-02 
 6.622905e+00  6.596130e-02 
 6.623303e+00  6.622782e-02 
 6.623700e+00  6.646668e-02 
 6.624098e+00  6.669900e-02 
 6.624496e+00  6.690056e-02 
 6.624893e+00  6.707297e-02 
 6.625291e+00  6.721672e-02 
 6.625689e+00  6.732593e-02 
 6.626086e+00  6.739143e-02 
 6.626484e+00  6.744021e-02 
 6.626882e+00  6.746080e-02 
 6.627279e+00  6.745717e-02 
 6.627677e+00  6.741715e-02 
 6.628075e+00  6.735275e-02 
 6.628473e+00  6.726510e-02 
 6.628870e+00  6.712608e-02 
 6.629268e+00  6.697421e-02 
 6.629666e+00  6.678931e-02 
 6.630063e+00  6.655349e-02 
 6.630461e+00  6.628283e-02 
 6.630859e+00  6.598342e-02 
 6.631256e+00  6.565740e-02 
 6.631654e+00  6.529917e-02 
 6.632052e+00  6.491837e-02 
 6.632450e+00  6.451595e-02 
 6.632847e+00  6.405498e-02 
 6.633245e+00  6.359154e-02 
 6.633643e+00  6.308942e-02 
 6.634040e+00  6.256255e-02 
 6.634438e+00  6.200348e-02 
 6.634836e+00  6.141664e-02 
 6.635233e+00  6.077675e-02 
 6.635631e+00  6.010968e-02 
 6.636029e+00  5.942310e-02 
 6.636426e+00  5.871998e-02 
 6.636824e+00  5.797289e-02 
 6.637222e+00  5.721341e-02 
 6.637620e+00  5.642537e-02 
 6.638017e+00  5.560313e-02 
 6.638415e+00  5.476168e-02 
 6.638813e+00  5.390253e-02 
 6.639210e+00  5.300230e-02 
 6.639608e+00  5.207417e-02 
 6.640006e+00  5.111502e-02 
 6.640403e+00  5.012820e-02 
 6.640801e+00  4.912234e-02 
 6.641199e+00  4.811050e-02 
 6.641597e+00  4.708094e-02 
 6.641994e+00  4.603285e-02 
 6.642392e+00  4.495661e-02 
 6.642790e+00  4.387487e-02 
 6.643187e+00  4.277569e-02 
 6.643585e+00  4.168270e-02 
 6.643983e+00  4.056145e-02 
 6.644380e+00  3.942127e-02 
 6.644778e+00  3.826309e-02 
 6.645176e+00  3.708604e-02 
 6.645573e+00  3.590154e-02 
 6.645971e+00  3.470907e-02 
 6.646369e+00  3.352313e-02 
 6.646767e+00  3.231780e-02 
 6.647164e+00  3.110807e-02 
 6.647562e+00  2.990154e-02 
 6.647960e+00  2.868944e-02 
 6.648357e+00  2.747239e-02 
 6.648755e+00  2.624345e-02 
 6.649153e+00  2.500001e-02 
 6.649550e+00  2.375379e-02 
 6.649948e+00  2.248961e-02 
 6.650346e+00  2.124323e-02 
 6.650744e+00  2.000262e-02 
 6.651141e+00  1.876329e-02 
 6.651539e+00  1.753297e-02 
 6.651937e+00  1.630935e-02 
 6.652334e+00  1.509121e-02 
 6.652732e+00  1.387151e-02 
 6.653130e+00  1.267052e-02 
 6.653527e+00  1.146874e-02 
 6.653925e+00  1.026637e-02 
 6.654323e+00  9.066034e-03 
 6.654720e+00  7.873283e-03 
 6.655118e+00  6.672778e-03 
 6.655516e+00  5.496606e-03 
 6.655914e+00  4.336274e-03 
 6.656311e+00  3.172629e-03 
 6.656709e+00  2.031874e-03 
 6.657107e+00  9.119366e-04 
 6.657504e+00 -1.992044e-04 
 6.657902e+00 -1.311187e-03 
 6.658300e+00 -2.387909e-03 
 6.658697e+00 -3.463827e-03 
 6.659095e+00 -4.530642e-03 
 6.659493e+00 -5.587618e-03 
 6.659891e+00 -6.619249e-03 
 6.660288e+00 -7.643472e-03 
 6.660686e+00 -8.644179e-03 
 6.661084e+00 -9.637101e-03 
 6.661481e+00 -1.061516e-02 
 6.661879e+00 -1.157400e-02 
 6.662277e+00 -1.251057e-02 
 6.662674e+00 -1.342199e-02 
 6.663072e+00 -1.431553e-02 
 6.663470e+00 -1.518906e-02 
 6.663867e+00 -1.604131e-02 
 6.664265e+00 -1.689077e-02 
 6.664663e+00 -1.772983e-02 
 6.665061e+00 -1.853870e-02 
 6.665458e+00 -1.932665e-02 
 6.665856e+00 -2.009598e-02 
 6.666254e+00 -2.084231e-02 
 6.666651e+00 -2.155594e-02 
 6.667049e+00 -2.225220e-02 
 6.667447e+00 -2.291019e-02 
 6.667844e+00 -2.354970e-02 
 6.668242e+00 -2.417510e-02 
 6.668640e+00 -2.478144e-02 
 6.669038e+00 -2.535535e-02 
 6.669435e+00 -2.591868e-02 
 6.669833e+00 -2.644290e-02 
 6.670231e+00 -2.693630e-02 
 6.670628e+00 -2.739353e-02 
 6.671026e+00 -2.782494e-02 
 6.671424e+00 -2.821113e-02 
 6.671821e+00 -2.855887e-02 
 6.672219e+00 -2.887220e-02 
 6.672617e+00 -2.913858e-02 
 6.673014e+00 -2.939085e-02 
 6.673412e+00 -2.961458e-02 
 6.673810e+00 -2.981707e-02 
 6.674208e+00 -2.997623e-02 
 6.674605e+00 -3.011861e-02 
 6.675003e+00 -3.020405e-02 
 6.675401e+00 -3.025910e-02 
 6.675798e+00 -3.027001e-02 
 6.676196e+00 -3.025295e-02 
 6.676594e+00 -3.018334e-02 
 6.676991e+00 -3.009065e-02 
 6.677389e+00 -2.995910e-02 
 6.677787e+00 -2.980263e-02 
 6.678185e+00 -2.961735e-02 
 6.678582e+00 -2.940984e-02 
 6.678980e+00 -2.915244e-02 
 6.679378e+00 -2.885044e-02 
 6.679775e+00 -2.852469e-02 
 6.680173e+00 -2.816363e-02 
 6.680571e+00 -2.775750e-02 
 6.680968e+00 -2.732953e-02 
 6.681366e+00 -2.687127e-02 
 6.681764e+00 -2.637009e-02 
 6.682161e+00 -2.585492e-02 
 6.682559e+00 -2.531242e-02 
 6.682957e+00 -2.474841e-02 
 6.683355e+00 -2.415783e-02 
 6.683752e+00 -2.355595e-02 
 6.684150e+00 -2.291297e-02 
 6.684548e+00 -2.223543e-02 
 6.684945e+00 -2.154314e-02 
 6.685343e+00 -2.081754e-02 
 6.685741e+00 -2.006197e-02 
 6.686138e+00 -1.928283e-02 
 6.686536e+00 -1.848411e-02 
 6.686934e+00 -1.766604e-02 
 6.687332e+00 -1.682756e-02 
 6.687729e+00 -1.597366e-02 
 6.688127e+00 -1.511278e-02 
 6.688525e+00 -1.422606e-02 
 6.688922e+00 -1.331669e-02 
 6.689320e+00 -1.239602e-02 
 6.689718e+00 -1.144691e-02 
 6.690115e+00 -1.048233e-02 
 6.690513e+00 -9.499225e-03 
 6.690911e+00 -8.494915e-03 
 6.691308e+00 -7.459479e-03 
 6.691706e+00 -6.404558e-03 
 6.692104e+00 -5.357218e-03 
 6.692502e+00 -4.281800e-03 
 6.692899e+00 -3.208465e-03 
 6.693297e+00 -2.132742e-03 
 6.693695e+00 -1.028406e-03 
 6.694092e+00  8.334529e-05 
 6.694490e+00  1.202184e-03 
 6.694888e+00  2.338980e-03 
 6.695285e+00  3.489983e-03 
 6.695683e+00  4.647959e-03 
 6.696081e+00  5.824093e-03 
 6.696479e+00  7.010677e-03 
 6.696876e+00  8.176437e-03 
 6.697274e+00  9.340611e-03 
 6.697672e+00  1.053339e-02 
 6.698069e+00  1.171921e-02 
 6.698467e+00  1.291614e-02 
 6.698865e+00  1.411424e-02 
 6.699262e+00  1.532592e-02 
 6.699660e+00  1.653056e-02 
 6.700058e+00  1.775050e-02 
 6.700455e+00  1.898022e-02 
 6.700853e+00  2.021674e-02 
 6.701251e+00  2.143756e-02 
 6.701649e+00  2.266826e-02 
 6.702046e+00  2.388126e-02 
 6.702444e+00  2.509953e-02 
 6.702842e+00  2.632209e-02 
 6.703239e+00  2.754065e-02 
 6.703637e+00  2.875801e-02 
 6.704035e+00  2.996426e-02 
 6.704432e+00  3.117174e-02 
 6.704830e+00  3.237457e-02 
 6.705228e+00  3.358000e-02 
 6.705626e+00  3.478543e-02 
 6.706023e+00  3.596872e-02 
 6.706421e+00  3.713648e-02 
 6.706819e+00  3.830620e-02 
 6.707216e+00  3.945826e-02 
 6.707614e+00  4.059409e-02 
 6.708012e+00  4.172987e-02 
 6.708409e+00  4.284693e-02 
 6.708807e+00  4.394661e-02 
 6.709205e+00  4.502216e-02 
 6.709602e+00  4.610216e-02 
 6.710000e+00  4.716853e-02 
 6.710398e+00  4.821099e-02 
 6.710796e+00  4.925275e-02 
 6.711193e+00  5.025924e-02 
 6.711591e+00  5.124492e-02 
 6.711989e+00  5.219827e-02 
 6.712386e+00  5.312833e-02 
 6.712784e+00  5.403599e-02 
 6.713182e+00  5.492205e-02 
 6.713579e+00  5.577898e-02 
 6.713977e+00  5.660019e-02 
 6.714375e+00  5.739311e-02 
 6.714773e+00  5.817097e-02 
 6.715170e+00  5.892550e-02 
 6.715568e+00  5.964074e-02 
 6.715966e+00  6.032571e-02 
 6.716363e+00  6.095959e-02 
 6.716761e+00  6.156338e-02 
 6.717159e+00  6.213557e-02 
 6.717556e+00  6.268408e-02 
 6.717954e+00  6.319031e-02 
 6.718352e+00  6.367809e-02 
 6.718749e+00  6.413194e-02 
 6.719147e+00  6.454923e-02 
 6.719545e+00  6.495005e-02 
 6.719943e+00  6.533162e-02 
 6.720340e+00  6.568547e-02 
 6.720738e+00  6.599812e-02 
 6.721136e+00  6.627197e-02 
 6.721533e+00  6.651729e-02 
 6.721931e+00  6.672995e-02 
 6.722329e+00  6.691830e-02 
 6.722726e+00  6.708624e-02 
 6.723124e+00  6.721517e-02 
 6.723522e+00  6.730851e-02 
 6.723920e+00  6.737006e-02 
 6.724317e+00  6.741619e-02 
 6.724715e+00  6.743160e-02 
 6.725113e+00  6.742509e-02 
 6.725510e+00  6.738360e-02 
 6.725908e+00  6.730749e-02 
 6.726306e+00  6.720211e-02 
 6.726703e+00  6.707444e-02 
 6.727101e+00  6.693137e-02 
 6.727499e+00  6.674873e-02 
 6.727896e+00  6.654139e-02 
 6.728294e+00  6.629727e-02 
 6.728692e+00  6.601653e-02 
 6.729090e+00  6.571853e-02 
 6.729487e+00  6.539596e-02 
 6.729885e+00  6.504415e-02 
 6.730283e+00  6.465948e-02 
 6.730680e+00  6.425854e-02 
 6.731078e+00  6.382283e-02 
 6.731476e+00  6.335569e-02 
 6.731873e+00  6.288030e-02 
 6.732271e+00  6.237378e-02 
 6.732669e+00  6.182187e-02 
 6.733067e+00  6.124000e-02 
 6.733464e+00  6.062972e-02 
 6.733862e+00  5.998558e-02 
 6.734260e+00  5.932293e-02 
 6.734657e+00  5.864941e-02 
 6.735055e+00  5.792728e-02 
 6.735453e+00  5.719207e-02 
 6.735850e+00  5.643822e-02 
 6.736248e+00  5.564884e-02 
 6.736646e+00  5.483861e-02 
 6.737043e+00  5.401422e-02 
 6.737441e+00  5.315241e-02 
 6.737839e+00  5.225904e-02 
 6.738237e+00  5.134214e-02 
 6.738634e+00  5.040778e-02 
 6.739032e+00  4.945070e-02 
 6.739430e+00  4.850302e-02 
 6.739827e+00  4.752907e-02 
 6.740225e+00  4.652748e-02 
 6.740623e+00  4.550807e-02 
 6.741020e+00  4.448473e-02 
 6.741418e+00  4.342725e-02 
 6.741816e+00  4.235466e-02 
 6.742214e+00  4.125912e-02 
 6.742611e+00  4.013474e-02 
 6.743009e+00  3.897523e-02 
 6.743407e+00  3.782234e-02 
 6.743804e+00  3.665592e-02 
 6.744202e+00  3.546307e-02 
 6.744600e+00  3.427129e-02 
 6.744997e+00  3.307116e-02 
 6.745395e+00  3.184619e-02 
 6.745793e+00  3.062042e-02 
 6.746190e+00  2.939893e-02 
 6.746588e+00  2.815932e-02 
 6.746986e+00  2.689333e-02 
 6.747384e+00  2.563697e-02 
 6.747781e+00  2.437141e-02 
 6.748179e+00  2.309138e-02 
 6.748577e+00  2.182449e-02 
 6.748974e+00  2.056021e-02 
 6.749372e+00  1.930113e-02 
 6.749770e+00  1.803126e-02 
 6.750167e+00  1.677380e-02 
 6.750565e+00  1.550686e-02 
 6.750963e+00  1.425366e-02 
 6.751361e+00  1.300053e-02 
 6.751758e+00  1.175361e-02 
 6.752156e+00  1.049425e-02 
 6.752554e+00  9.252500e-03 
 6.752951e+00  8.022694e-03 
 6.753349e+00  6.809670e-03 
 6.753747e+00  5.605781e-03 
 6.754144e+00  4.427217e-03 
 6.754542e+00  3.261090e-03 
 6.754940e+00  2.105698e-03 
 6.755337e+00  9.612596e-04 
 6.755735e+00 -1.525883e-04 
 6.756133e+00 -1.273273e-03 
 6.756531e+00 -2.387280e-03 
 6.756928e+00 -3.476934e-03 
 6.757326e+00 -4.562773e-03 
 6.757724e+00 -5.639646e-03 
 6.758121e+00 -6.674928e-03 
 6.758519e+00 -7.687781e-03 
 6.758917e+00 -8.684488e-03 
 6.759314e+00 -9.671585e-03 
 6.759712e+00 -1.062898e-02 
 6.760110e+00 -1.156802e-02 
 6.760508e+00 -1.248451e-02 
 6.760905e+00 -1.338879e-02 
 6.761303e+00 -1.427576e-02 
 6.761701e+00 -1.515968e-02 
 6.762098e+00 -1.603117e-02 
 6.762496e+00 -1.687599e-02 
 6.762894e+00 -1.769270e-02 
 6.763291e+00 -1.848533e-02 
 6.763689e+00 -1.924910e-02 
 6.764087e+00 -1.999173e-02 
 6.764484e+00 -2.071550e-02 
 6.764882e+00 -2.139245e-02 
 6.765280e+00 -2.205543e-02 
 6.765678e+00 -2.270353e-02 
 6.766075e+00 -2.332833e-02 
 6.766473e+00 -2.392688e-02 
 6.766871e+00 -2.450945e-02 
 6.767268e+00 -2.506657e-02 
 6.767666e+00 -2.558054e-02 
 6.768064e+00 -2.606729e-02 
 6.768461e+00 -2.652374e-02 
 6.768859e+00 -2.695130e-02 
 6.769257e+00 -2.735824e-02 
 6.769655e+00 -2.772285e-02 
 6.770052e+00 -2.805396e-02 
 6.770450e+00 -2.836366e-02 
 6.770848e+00 -2.865816e-02 
 6.771245e+00 -2.891513e-02 
 6.771643e+00 -2.916915e-02 
 6.772041e+00 -2.937929e-02 
 6.772438e+00 -2.955751e-02 
 6.772836e+00 -2.969814e-02 
 6.773234e+00 -2.981362e-02 
 6.773631e+00 -2.988754e-02 
 6.774029e+00 -2.992631e-02 
 6.774427e+00 -2.993696e-02 
 6.774825e+00 -2.991207e-02 
 6.775222e+00 -2.985677e-02 
 6.775620e+00 -2.977010e-02 
 6.776018e+00 -2.967146e-02 
 6.776415e+00 -2.953007e-02 
 6.776813e+00 -2.936895e-02 
 6.777211e+00 -2.916443e-02 
 6.777608e+00 -2.893579e-02 
 6.778006e+00 -2.866604e-02 
 6.778404e+00 -2.836835e-02 
 6.778802e+00 -2.803012e-02 
 6.779199e+00 -2.764282e-02 
 6.779597e+00 -2.723093e-02 
 6.779995e+00 -2.678811e-02 
 6.780392e+00 -2.631209e-02 
 6.780790e+00 -2.581638e-02 
 6.781188e+00 -2.530171e-02 
 6.781585e+00 -2.475571e-02 
 6.781983e+00 -2.417434e-02 
 6.782381e+00 -2.356056e-02 
 6.782778e+00 -2.290704e-02 
 6.783176e+00 -2.221896e-02 
 6.783574e+00 -2.149977e-02 
 6.783972e+00 -2.073588e-02 
 6.784369e+00 -1.996143e-02 
 6.784767e+00 -1.916107e-02 
 6.785165e+00 -1.833434e-02 
 6.785562e+00 -1.748138e-02 
 6.785960e+00 -1.661708e-02 
 6.786358e+00 -1.573521e-02 
 6.786755e+00 -1.481455e-02 
 6.787153e+00 -1.386973e-02 
 6.787551e+00 -1.289995e-02 
 6.787949e+00 -1.190538e-02 
 6.788346e+00 -1.089940e-02 
 6.788744e+00 -9.856227e-03 
 6.789142e+00 -8.804880e-03 
 6.789539e+00 -7.738678e-03 
 6.789937e+00 -6.677463e-03 
 6.790335e+00 -5.606687e-03 
 6.790732e+00 -4.522085e-03 
 6.791130e+00 -3.434379e-03 
 6.791528e+00 -2.326807e-03 
 6.791925e+00 -1.205345e-03 
 6.792323e+00 -7.448890e-05 
 6.792721e+00  1.074778e-03 
 6.793119e+00  2.224251e-03 
 6.793516e+00  3.391436e-03 
 6.793914e+00  4.567500e-03 
 6.794312e+00  5.742507e-03 
 6.794709e+00  6.923761e-03 
 6.795107e+00  8.107110e-03 
 6.795505e+00  9.286615e-03 
 6.795902e+00  1.048831e-02 
 6.796300e+00  1.168597e-02 
 6.796698e+00  1.289170e-02 
 6.797096e+00  1.408597e-02 
 6.797493e+00  1.529506e-02 
 6.797891e+00  1.650353e-02 
 6.798289e+00  1.771282e-02 
 6.798686e+00  1.893568e-02 
 6.799084e+00  2.016465e-02 
 6.799482e+00  2.138378e-02 
 6.799879e+00  2.258948e-02 
 6.800277e+00  2.379705e-02 
 6.800675e+00  2.500562e-02 
 6.801072e+00  2.620572e-02 
 6.801470e+00  2.741217e-02 
 6.801868e+00  2.860006e-02 
 6.802266e+00  2.978407e-02 
 6.802663e+00  3.096413e-02 
 6.803061e+00  3.215552e-02 
 6.803459e+00  3.331902e-02 
 6.803856e+00  3.449931e-02 
 6.804254e+00  3.566416e-02 
 6.804652e+00  3.680364e-02 
 6.805049e+00  3.793196e-02 
 6.805447e+00  3.906303e-02 
 6.805845e+00  4.017562e-02 
 6.806243e+00  4.128079e-02 
 6.806640e+00  4.237001e-02 
 6.807038e+00  4.343576e-02 
 6.807436e+00  4.448584e-02 
 6.807833e+00  4.555011e-02 
 6.808231e+00  4.660349e-02 
 6.808629e+00  4.763024e-02 
 6.809026e+00  4.864933e-02 
 6.809424e+00  4.964153e-02 
 6.809822e+00  5.059555e-02 
 6.810219e+00  5.153870e-02 
 6.810617e+00  5.247364e-02 
 6.811015e+00  5.336793e-02 
 6.811413e+00  5.425112e-02 
 6.811810e+00  5.510497e-02 
 6.812208e+00  5.594038e-02 
 6.812606e+00  5.674095e-02 
 6.813003e+00  5.755346e-02 
 6.813401e+00  5.832786e-02 
 6.813799e+00  5.906700e-02 
 6.814196e+00  5.979016e-02 
 6.814594e+00  6.049192e-02 
 6.814992e+00  6.117211e-02 
 6.815390e+00  6.182345e-02 
 6.815787e+00  6.245546e-02 
 6.816185e+00  6.303726e-02 
 6.816583e+00  6.358922e-02 
 6.816980e+00  6.410486e-02 
 6.817378e+00  6.459176e-02 
 6.817776e+00  6.504971e-02 
 6.818173e+00  6.548762e-02 
 6.818571e+00  6.587248e-02 
 6.818969e+00  6.622385e-02 
 6.819366e+00  6.653921e-02 
 6.819764e+00  6.683139e-02 
 6.820162e+00  6.708386e-02 
 6.820560e+00  6.729691e-02 
 6.820957e+00  6.747721e-02 
 6.821355e+00  6.762501e-02 
 6.821753e+00  6.771876e-02 
 6.822150e+00  6.779088e-02 
 6.822548e+00  6.783952e-02 
 6.822946e+00  6.785006e-02 
 6.823343e+00  6.782300e-02 
 6.823741e+00  6.777793e-02 
 6.824139e+00  6.768956e-02 
 6.824537e+00  6.757642e-02 
 6.824934e+00  6.743647e-02 
 6.825332e+00  6.725855e-02 
 6.825730e+00  6.704141e-02 
 6.826127e+00  6.678698e-02 
 6.826525e+00  6.651438e-02 
 6.826923e+00  6.621486e-02 
 6.827320e+00  6.589267e-02 
 6.827718e+00  6.555390e-02 
 6.828116e+00  6.518080e-02 
 6.828513e+00  6.478185e-02 
 6.828911e+00  6.435276e-02 
 6.829309e+00  6.389583e-02 
 6.829707e+00  6.340148e-02 
 6.830104e+00  6.289271e-02 
 6.830502e+00  6.235959e-02 
 6.830900e+00  6.178985e-02 
 6.831297e+00  6.119077e-02 
 6.831695e+00  6.056905e-02 
 6.832093e+00  5.993097e-02 
 6.832490e+00  5.926656e-02 
 6.832888e+00  5.858581e-02 
 6.833286e+00  5.788093e-02 
 6.833684e+00  5.714336e-02 
 6.834081e+00  5.639276e-02 
 6.834479e+00  5.561480e-02 
 6.834877e+00  5.481920e-02 
 6.835274e+00  5.400427e-02 
 6.835672e+00  5.314624e-02 
 6.836070e+00  5.225810e-02 
 6.836467e+00  5.135116e-02 
 6.836865e+00  5.044249e-02 
 6.837263e+00  4.950344e-02 
 6.837660e+00  4.855313e-02 
 6.838058e+00  4.757097e-02 
 6.838456e+00  4.657061e-02 
 6.838854e+00  4.554595e-02 
 6.839251e+00  4.451668e-02 
 6.839649e+00  4.346443e-02 
 6.840047e+00  4.239529e-02 
 6.840444e+00  4.130012e-02 
 6.840842e+00  4.017727e-02 
 6.841240e+00  3.904593e-02 
 6.841637e+00  3.790717e-02 
 6.842035e+00  3.676959e-02 
 6.842433e+00  3.562155e-02 
 6.842831e+00  3.446603e-02 
 6.843228e+00  3.329822e-02 
 6.843626e+00  3.213213e-02 
 6.844024e+00  3.095146e-02 
 6.844421e+00  2.976437e-02 
 6.844819e+00  2.856478e-02 
 6.845217e+00  2.733263e-02 
 6.845614e+00  2.609935e-02 
 6.846012e+00  2.486130e-02 
 6.846410e+00  2.362653e-02 
 6.846807e+00  2.239286e-02 
 6.847205e+00  2.117894e-02 
 6.847603e+00  1.994576e-02 
 6.848001e+00  1.870810e-02 
 6.848398e+00  1.747290e-02 
 6.848796e+00  1.624291e-02 
 6.849194e+00  1.500471e-02 
 6.849591e+00  1.376016e-02 
 6.849989e+00  1.251804e-02 
 6.850387e+00  1.126153e-02 
 6.850784e+00  1.001156e-02 
 6.851182e+00  8.784860e-03 
 6.851580e+00  7.553768e-03 
 6.851978e+00  6.337009e-03 
 6.852375e+00  5.136565e-03 
 6.852773e+00  3.940249e-03 
 6.853171e+00  2.752769e-03 
 6.853568e+00  1.576008e-03 
 6.853966e+00  4.058245e-04 
 6.854364e+00 -7.623966e-04 
 6.854761e+00 -1.931098e-03 
 6.855159e+00 -3.084328e-03 
 6.855557e+00 -4.215510e-03 
 6.855954e+00 -5.327456e-03 
 6.856352e+00 -6.414365e-03 
 6.856750e+00 -7.482124e-03 
 6.857148e+00 -8.530082e-03 
 6.857545e+00 -9.570349e-03 
 6.857943e+00 -1.057999e-02 
 6.858341e+00 -1.158040e-02 
 6.858738e+00 -1.255547e-02 
 6.859136e+00 -1.351044e-02 
 6.859534e+00 -1.444197e-02 
 6.859931e+00 -1.535457e-02 
 6.860329e+00 -1.624157e-02 
 6.860727e+00 -1.709064e-02 
 6.861125e+00 -1.791608e-02 
 6.861522e+00 -1.870581e-02 
 6.861920e+00 -1.946353e-02 
 6.862318e+00 -2.020060e-02 
 6.862715e+00 -2.090287e-02 
 6.863113e+00 -2.156888e-02 
 6.863511e+00 -2.221783e-02 
 6.863908e+00 -2.285281e-02 
 6.864306e+00 -2.346043e-02 
 6.864704e+00 -2.403735e-02 
 6.865101e+00 -2.460266e-02 
 6.865499e+00 -2.512376e-02 
 6.865897e+00 -2.560524e-02 
 6.866295e+00 -2.606404e-02 
 6.866692e+00 -2.649766e-02 
 6.867090e+00 -2.690363e-02 
 6.867488e+00 -2.727752e-02 
 6.867885e+00 -2.762907e-02 
 6.868283e+00 -2.794348e-02 
 6.868681e+00 -2.823645e-02 
 6.869078e+00 -2.851826e-02 
 6.869476e+00 -2.876115e-02 
 6.869874e+00 -2.898344e-02 
 6.870272e+00 -2.918016e-02 
 6.870669e+00 -2.933804e-02 
 6.871067e+00 -2.945498e-02 
 6.871465e+00 -2.955397e-02 
 6.871862e+00 -2.962474e-02 
 6.872260e+00 -2.964569e-02 
 6.872658e+00 -2.964996e-02 
 6.873055e+00 -2.963645e-02 
 6.873453e+00 -2.959219e-02 
 6.873851e+00 -2.953354e-02 
 6.874248e+00 -2.944338e-02 
 6.874646e+00 -2.932365e-02 
 6.875044e+00 -2.915655e-02 
 6.875442e+00 -2.895893e-02 
 6.875839e+00 -2.872927e-02 
 6.876237e+00 -2.846451e-02 
 6.876635e+00 -2.816127e-02 
 6.877032e+00 -2.783399e-02 
 6.877430e+00 -2.746763e-02 
 6.877828e+00 -2.709027e-02 
 6.878225e+00 -2.666597e-02 
 6.878623e+00 -2.623058e-02 
 6.879021e+00 -2.576064e-02 
 6.879419e+00 -2.526947e-02 
 6.879816e+00 -2.474277e-02 
 6.880214e+00 -2.417825e-02 
 6.880612e+00 -2.358378e-02 
 6.881009e+00 -2.295682e-02 
 6.881407e+00 -2.229392e-02 
 6.881805e+00 -2.159987e-02 
 6.882202e+00 -2.088143e-02 
 6.882600e+00 -2.012935e-02 
 6.882998e+00 -1.936145e-02 
 6.883395e+00 -1.857005e-02 
 6.883793e+00 -1.776829e-02 
 6.884191e+00 -1.692869e-02 
 6.884589e+00 -1.607392e-02 
 6.884986e+00 -1.518558e-02 
 6.885384e+00 -1.427107e-02 
 6.885782e+00 -1.335459e-02 
 6.886179e+00 -1.241311e-02 
 6.886577e+00 -1.143980e-02 
 6.886975e+00 -1.045177e-02 
 6.887372e+00 -9.447161e-03 
 6.887770e+00 -8.418377e-03 
 6.888168e+00 -7.376344e-03 
 6.888566e+00 -6.331480e-03 
 6.888963e+00 -5.257354e-03 
 6.889361e+00 -4.161996e-03 
 6.889759e+00 -3.044502e-03 
 6.890156e+00 -1.928475e-03 
 6.890554e+00 -7.754576e-04 
 6.890952e+00  3.822003e-04 
 6.891349e+00  1.552430e-03 
 6.891747e+00  2.747753e-03 
 6.892145e+00  3.955679e-03 
 6.892542e+00  5.159587e-03 
 6.892940e+00  6.366348e-03 
 6.893338e+00  7.573224e-03 
 6.893736e+00  8.799220e-03 
 6.894133e+00  1.003327e-02 
 6.894531e+00  1.127559e-02 
 6.894929e+00  1.252275e-02 
 6.895326e+00  1.376998e-02 
 6.895724e+00  1.502995e-02 
 6.896122e+00  1.628482e-02 
 6.896519e+00  1.755214e-02 
 6.896917e+00  1.881192e-02 
 6.897315e+00  2.006766e-02 
 6.897713e+00  2.131064e-02 
 6.898110e+00  2.254092e-02 
 6.898508e+00  2.377559e-02 
 6.898906e+00  2.500786e-02 
 6.899303e+00  2.623447e-02 
 6.899701e+00  2.745184e-02 
 6.900099e+00  2.866567e-02 
 6.900496e+00  2.987094e-02 
 6.900894e+00  3.107164e-02 
 6.901292e+00  3.227448e-02 
 6.901689e+00  3.344516e-02 
 6.902087e+00  3.461468e-02 
 6.902485e+00  3.574844e-02 
 6.902883e+00  3.687718e-02 
 6.903280e+00  3.799607e-02 
 6.903678e+00  3.910447e-02 
 6.904076e+00  4.020653e-02 
 6.904473e+00  4.129036e-02 
 6.904871e+00  4.235915e-02 
 6.905269e+00  4.340696e-02 
 6.905666e+00  4.443553e-02 
 6.906064e+00  4.544975e-02 
 6.906462e+00  4.645376e-02 
 6.906860e+00  4.742513e-02 
 6.907257e+00  4.838449e-02 
 6.907655e+00  4.932348e-02 
 6.908053e+00  5.024576e-02 
 6.908450e+00  5.115058e-02 
 6.908848e+00  5.204799e-02 
 6.909246e+00  5.293348e-02 
 6.909643e+00  5.377818e-02 
 6.910041e+00  5.462380e-02 
 6.910439e+00  5.544344e-02 
 6.910836e+00  5.624967e-02 
 6.911234e+00  5.705348e-02 
 6.911632e+00  5.782109e-02 
 6.912030e+00  5.855115e-02 
 6.912427e+00  5.926095e-02 
 6.912825e+00  5.996096e-02 
 6.913223e+00  6.062436e-02 
 6.913620e+00  6.126295e-02 
 6.914018e+00  6.188061e-02 
 6.914416e+00  6.246958e-02 
 6.914813e+00  6.301303e-02 
 6.915211e+00  6.355441e-02 
 6.915609e+00  6.406764e-02 
 6.916007e+00  6.455711e-02 
 6.916404e+00  6.502575e-02 
 6.916802e+00  6.543855e-02 
 6.917200e+00  6.582506e-02 
 6.917597e+00  6.618300e-02 
 6.917995e+00  6.651378e-02 
 6.918393e+00  6.680148e-02 
 6.918790e+00  6.705905e-02 
 6.919188e+00  6.728465e-02 
 6.919586e+00  6.747585e-02 
 6.919983e+00  6.764784e-02 
 6.920381e+00  6.779510e-02 
 6.920779e+00  6.791025e-02 
 6.921177e+00  6.798241e-02 
 6.921574e+00  6.800773e-02 
 6.921972e+00  6.799808e-02 
 6.922370e+00  6.796382e-02 
 6.922767e+00  6.789181e-02 
 6.923165e+00  6.778955e-02 
 6.923563e+00  6.764231e-02 
 6.923960e+00  6.745067e-02 
 6.924358e+00  6.723601e-02 
 6.924756e+00  6.698577e-02 
 6.925154e+00  6.671185e-02 
 6.925551e+00  6.639873e-02 
 6.925949e+00  6.606285e-02 
 6.926347e+00  6.567538e-02 
 6.926744e+00  6.526313e-02 
 6.927142e+00  6.481556e-02 
 6.927540e+00  6.434250e-02 
 6.927937e+00  6.383773e-02 
 6.928335e+00  6.330962e-02 
 6.928733e+00  6.274433e-02 
 6.929130e+00  6.213768e-02 
 6.929528e+00  6.152174e-02 
 6.929926e+00  6.089180e-02 
 6.930324e+00  6.024410e-02 
 6.930721e+00  5.955200e-02 
 6.931119e+00  5.884768e-02 
 6.931517e+00  5.811247e-02 
 6.931914e+00  5.735235e-02 
 6.932312e+00  5.656512e-02 
 6.932710e+00  5.577177e-02 
 6.933107e+00  5.493400e-02 
 6.933505e+00  5.406768e-02 
 6.933903e+00  5.318267e-02 
 6.934301e+00  5.227127e-02 
 6.934698e+00  5.136111e-02 
 6.935096e+00  5.044473e-02 
 6.935494e+00  4.951576e-02 
 6.935891e+00  4.855034e-02 
 6.936289e+00  4.757944e-02 
 6.936687e+00  4.659852e-02 
 6.937084e+00  4.557840e-02 
 6.937482e+00  4.455561e-02 
 6.937880e+00  4.351646e-02 
 6.938277e+00  4.245376e-02 
 6.938675e+00  4.136398e-02 
 6.939073e+00  4.028306e-02 
 6.939471e+00  3.919627e-02 
 6.939868e+00  3.810189e-02 
 6.940266e+00  3.700166e-02 
 6.940664e+00  3.588872e-02 
 6.941061e+00  3.475322e-02 
 6.941459e+00  3.359242e-02 
 6.941857e+00  3.243303e-02 
 6.942254e+00  3.125637e-02 
 6.942652e+00  3.005180e-02 
 6.943050e+00  2.884863e-02 
 6.943448e+00  2.763795e-02 
 6.943845e+00  2.641522e-02 
 6.944243e+00  2.520747e-02 
 6.944641e+00  2.399984e-02 
 6.945038e+00  2.279555e-02 
 6.945436e+00  2.157946e-02 
 6.945834e+00  2.035320e-02 
 6.946231e+00  1.911644e-02 
 6.946629e+00  1.786477e-02 
 6.947027e+00  1.662468e-02 
 6.947424e+00  1.538318e-02 
 6.947822e+00  1.411351e-02 
 6.948220e+00  1.286071e-02 
 6.948618e+00  1.162707e-02 
 6.949015e+00  1.038812e-02 
 6.949413e+00  9.177768e-03 
 6.949811e+00  7.975899e-03 
 6.950208e+00  6.783390e-03 
 6.950606e+00  5.587736e-03 
 6.951004e+00  4.402285e-03 
 6.951401e+00  3.221478e-03 
 6.951799e+00  2.047054e-03 
 6.952197e+00  8.803761e-04 
 6.952595e+00 -2.830042e-04 
 6.952992e+00 -1.451079e-03 
 6.953390e+00 -2.588355e-03 
 6.953788e+00 -3.714765e-03 
 6.954185e+00 -4.809088e-03 
 6.954583e+00 -5.885641e-03 
 6.954981e+00 -6.941817e-03 
 6.955378e+00 -7.983629e-03 
 6.955776e+00 -9.015508e-03 
 6.956174e+00 -1.002765e-02 
 6.956571e+00 -1.102604e-02 
 6.956969e+00 -1.201085e-02 
 6.957367e+00 -1.298816e-02 
 6.957765e+00 -1.394052e-02 
 6.958162e+00 -1.488290e-02 
 6.958560e+00 -1.578151e-02 
 6.958958e+00 -1.663956e-02 
 6.959355e+00 -1.748338e-02 
 6.959753e+00 -1.830255e-02 
 6.960151e+00 -1.909836e-02 
 6.960548e+00 -1.987049e-02 
 6.960946e+00 -2.062639e-02 
 6.961344e+00 -2.137070e-02 
 6.961742e+00 -2.208657e-02 
 6.962139e+00 -2.279024e-02 
 6.962537e+00 -2.346200e-02 
 6.962935e+00 -2.409526e-02 
 6.963332e+00 -2.469512e-02 
 6.963730e+00 -2.524842e-02 
 6.964128e+00 -2.575754e-02 
 6.964525e+00 -2.624435e-02 
 6.964923e+00 -2.669831e-02 
 6.965321e+00 -2.712787e-02 
 6.965718e+00 -2.751658e-02 
 6.966116e+00 -2.788454e-02 
 6.966514e+00 -2.822843e-02 
 6.966912e+00 -2.854828e-02 
 6.967309e+00 -2.882638e-02 
 6.967707e+00 -2.907522e-02 
 6.968105e+00 -2.927839e-02 
 6.968502e+00 -2.943807e-02 
 6.968900e+00 -2.957321e-02 
 6.969298e+00 -2.966628e-02 
 6.969695e+00 -2.973154e-02 
 6.970093e+00 -2.976890e-02 
 6.970491e+00 -2.977251e-02 
 6.970889e+00 -2.974901e-02 
 6.971286e+00 -2.970957e-02 
 6.971684e+00 -2.964620e-02 
 6.972082e+00 -2.955319e-02 
 6.972479e+00 -2.941158e-02 
 6.972877e+00 -2.925401e-02 
 6.973275e+00 -2.905429e-02 
 6.973672e+00 -2.882347e-02 
 6.974070e+00 -2.856858e-02 
 6.974468e+00 -2.828107e-02 
 6.974865e+00 -2.798038e-02 
 6.975263e+00 -2.764147e-02 
 6.975661e+00 -2.728679e-02 
 6.976059e+00 -2.690851e-02 
 6.976456e+00 -2.650873e-02 
 6.976854e+00 -2.608613e-02 
 6.977252e+00 -2.562738e-02 
 6.977649e+00 -2.514014e-02 
 6.978047e+00 -2.461484e-02 
 6.978445e+00 -2.405660e-02 
 6.978842e+00 -2.348076e-02 
 6.979240e+00 -2.287058e-02 
 6.979638e+00 -2.223210e-02 
 6.980036e+00 -2.157151e-02 
 6.980433e+00 -2.090136e-02 
 6.980831e+00 -2.020924e-02 
 6.981229e+00 -1.948949e-02 
 6.981626e+00 -1.875412e-02 
 6.982024e+00 -1.799246e-02 
 6.982422e+00 -1.718586e-02 
 6.982819e+00 -1.635198e-02 
 6.983217e+00 -1.548958e-02 
 6.983615e+00 -1.460014e-02 
 6.984012e+00 -1.368914e-02 
 6.984410e+00 -1.274657e-02 
 6.984808e+00 -1.178542e-02 
 6.985206e+00 -1.079680e-02 
 6.985603e+00 -9.807540e-03 
 6.986001e+00 -8.792904e-03 
 6.986399e+00 -7.768172e-03 
 6.986796e+00 -6.720845e-03 
 6.987194e+00 -5.654306e-03 
 6.987592e+00 -4.551648e-03 
 6.987989e+00 -3.433480e-03 
 6.988387e+00 -2.308856e-03 
 6.988785e+00 -1.152400e-03 
 6.989183e+00  5.539245e-06 
 6.989580e+00  1.184057e-03 
 6.989978e+00  2.361680e-03 
 6.990376e+00  3.549874e-03 
 6.990773e+00  4.729475e-03 
 6.991171e+00  5.913828e-03 
 6.991569e+00  7.119786e-03 
 6.991966e+00  8.329246e-03 
 6.992364e+00  9.549814e-03 
 6.992762e+00  1.078848e-02 
 6.993159e+00  1.202053e-02 
 6.993557e+00  1.325910e-02 
 6.993955e+00  1.450190e-02 
 6.994353e+00  1.574881e-02 
 6.994750e+00  1.700719e-02 
 6.995148e+00  1.826030e-02 
 6.995546e+00  1.950551e-02 
 6.995943e+00  2.073521e-02 
 6.996341e+00  2.197415e-02 
 6.996739e+00  2.322626e-02 
 6.997136e+00  2.445899e-02 
 6.997534e+00  2.570487e-02 
 6.997932e+00  2.694033e-02 
 6.998330e+00  2.817809e-02 
 6.998727e+00  2.941557e-02 
 6.999125e+00  3.064243e-02 
 6.999523e+00  3.186266e-02 
 6.999920e+00  3.306987e-02 
 7.000318e+00  3.426192e-02 
 7.000716e+00  3.543043e-02 
 7.001113e+00  3.659016e-02 
 7.001511e+00  3.773658e-02 
 7.001909e+00  3.887200e-02 
 7.002306e+00  3.999532e-02 
 7.002704e+00  4.110443e-02 
 7.003102e+00  4.219974e-02 
 7.003500e+00  4.328667e-02 
 7.003897e+00  4.436232e-02 
 7.004295e+00  4.542592e-02 
 7.004693e+00  4.646675e-02 
 7.005090e+00  4.748539e-02 
 7.005488e+00  4.846955e-02 
 7.005886e+00  4.943146e-02 
 7.006283e+00  5.038261e-02 
 7.006681e+00  5.129705e-02 
 7.007079e+00  5.220126e-02 
 7.007477e+00  5.307525e-02 
 7.007874e+00  5.394105e-02 
 7.008272e+00  5.476916e-02 
 7.008670e+00  5.558576e-02 
 7.009067e+00  5.638879e-02 
 7.009465e+00  5.713764e-02 
 7.009863e+00  5.785326e-02 
 7.010260e+00  5.855016e-02 
 7.010658e+00  5.921890e-02 
 7.011056e+00  5.985222e-02 
 7.011453e+00  6.047663e-02 
 7.011851e+00  6.107711e-02 
 7.012249e+00  6.164899e-02 
 7.012647e+00  6.218861e-02 
 7.013044e+00  6.272237e-02 
 7.013442e+00  6.323360e-02 
 7.013840e+00  6.373423e-02 
 7.014237e+00  6.419076e-02 
 7.014635e+00  6.461263e-02 
 7.015033e+00  6.499329e-02 
 7.015430e+00  6.536516e-02 
 7.015828e+00  6.569798e-02 
 7.016226e+00  6.601952e-02 
 7.016624e+00  6.631084e-02 
 7.017021e+00  6.656910e-02 
 7.017419e+00  6.680978e-02 
 7.017817e+00  6.703451e-02 
 7.018214e+00  6.723115e-02 
 7.018612e+00  6.740277e-02 
 7.019010e+00  6.753772e-02 
 7.019407e+00  6.762910e-02 
 7.019805e+00  6.767957e-02 
 7.020203e+00  6.770759e-02 
 7.020600e+00  6.770986e-02 
 7.020998e+00  6.766492e-02 
 7.021396e+00  6.760173e-02 
 7.021794e+00  6.749316e-02 
 7.022191e+00  6.733742e-02 
 7.022589e+00  6.717150e-02 
 7.022987e+00  6.698109e-02 
 7.023384e+00  6.676513e-02 
 7.023782e+00  6.650769e-02 
 7.024180e+00  6.622399e-02 
 7.024577e+00  6.589740e-02 
 7.024975e+00  6.552140e-02 
 7.025373e+00  6.513311e-02 
 7.025771e+00  6.470487e-02 
 7.026168e+00  6.424134e-02 
 7.026566e+00  6.374047e-02 
 7.026964e+00  6.321199e-02 
 7.027361e+00  6.265164e-02 
 7.027759e+00  6.206969e-02 
 7.028157e+00  6.146661e-02 
 7.028554e+00  6.083103e-02 
 7.028952e+00  6.014441e-02 
 7.029350e+00  5.943946e-02 
 7.029747e+00  5.870662e-02 
 7.030145e+00  5.792554e-02 
 7.030543e+00  5.713496e-02 
 7.030941e+00  5.631409e-02 
 7.031338e+00  5.546427e-02 
 7.031736e+00  5.458154e-02 
 7.032134e+00  5.368993e-02 
 7.032531e+00  5.279935e-02 
 7.032929e+00  5.190385e-02 
 7.033327e+00  5.096635e-02 
 7.033724e+00  5.002109e-02 
 7.034122e+00  4.904331e-02 
 7.034520e+00  4.803368e-02 
 7.034918e+00  4.700981e-02 
 7.035315e+00  4.596850e-02 
 7.035713e+00  4.490722e-02 
 7.036111e+00  4.382317e-02 
 7.036508e+00  4.273359e-02 
 7.036906e+00  4.162664e-02 
 7.037304e+00  4.051542e-02 
 7.037701e+00  3.940095e-02 
 7.038099e+00  3.827579e-02 
 7.038497e+00  3.712807e-02 
 7.038894e+00  3.597603e-02 
 7.039292e+00  3.480305e-02 
 7.039690e+00  3.363090e-02 
 7.040088e+00  3.245158e-02 
 7.040485e+00  3.125286e-02 
 7.040883e+00  3.004551e-02 
 7.041281e+00  2.882466e-02 
 7.041678e+00  2.761088e-02 
 7.042076e+00  2.639646e-02 
 7.042474e+00  2.518985e-02 
 7.042871e+00  2.399093e-02 
 7.043269e+00  2.278245e-02 
 7.043667e+00  2.156948e-02 
 7.044065e+00  2.035074e-02 
 7.044462e+00  1.913245e-02 
 7.044860e+00  1.792402e-02 
 7.045258e+00  1.670302e-02 
 7.045655e+00  1.547995e-02 
 7.046053e+00  1.426633e-02 
 7.046451e+00  1.305845e-02 
 7.046848e+00  1.186595e-02 
 7.047246e+00  1.067699e-02 
 7.047644e+00  9.499322e-03 
 7.048041e+00  8.330321e-03 
 7.048439e+00  7.160204e-03 
 7.048837e+00  5.976408e-03 
 7.049235e+00  4.813135e-03 
 7.049632e+00  3.650341e-03 
 7.050030e+00  2.481134e-03 
 7.050428e+00  1.321326e-03 
 7.050825e+00  1.766174e-04 
 7.051223e+00 -9.638830e-04 
 7.051621e+00 -2.071070e-03 
 7.052018e+00 -3.151807e-03 
 7.052416e+00 -4.224297e-03 
 7.052814e+00 -5.286086e-03 
 7.053211e+00 -6.345669e-03 
 7.053609e+00 -7.398488e-03 
 7.054007e+00 -8.453411e-03 
 7.054405e+00 -9.489223e-03 
 7.054802e+00 -1.051038e-02 
 7.055200e+00 -1.152039e-02 
 7.055598e+00 -1.251099e-02 
 7.055995e+00 -1.347418e-02 
 7.056393e+00 -1.440830e-02 
 7.056791e+00 -1.532155e-02 
 7.057188e+00 -1.619345e-02 
 7.057586e+00 -1.706937e-02 
 7.057984e+00 -1.792916e-02 
 7.058382e+00 -1.876720e-02 
 7.058779e+00 -1.957682e-02 
 7.059177e+00 -2.037034e-02 
 7.059575e+00 -2.113364e-02 
 7.059972e+00 -2.187744e-02 
 7.060370e+00 -2.259022e-02 
 7.060768e+00 -2.327088e-02 
 7.061165e+00 -2.391511e-02 
 7.061563e+00 -2.450781e-02 
 7.061961e+00 -2.506897e-02 
 7.062358e+00 -2.560697e-02 
 7.062756e+00 -2.613588e-02 
 7.063154e+00 -2.662157e-02 
 7.063552e+00 -2.708597e-02 
 7.063949e+00 -2.751709e-02 
 7.064347e+00 -2.792256e-02 
 7.064745e+00 -2.828968e-02 
 7.065142e+00 -2.863530e-02 
 7.065540e+00 -2.893031e-02 
 7.065938e+00 -2.918098e-02 
 7.066335e+00 -2.940661e-02 
 7.066733e+00 -2.958882e-02 
 7.067131e+00 -2.974055e-02 
 7.067529e+00 -2.986816e-02 
 7.067926e+00 -2.996709e-02 
 7.068324e+00 -3.002724e-02 
 7.068722e+00 -3.005629e-02 
 7.069119e+00 -3.007133e-02 
 7.069517e+00 -3.005797e-02 
 7.069915e+00 -3.001104e-02 
 7.070312e+00 -2.992955e-02 
 7.070710e+00 -2.979661e-02 
 7.071108e+00 -2.962927e-02 
 7.071505e+00 -2.942842e-02 
 7.071903e+00 -2.917836e-02 
 7.072301e+00 -2.891111e-02 
 7.072699e+00 -2.861673e-02 
 7.073096e+00 -2.829700e-02 
 7.073494e+00 -2.795436e-02 
 7.073892e+00 -2.758899e-02 
 7.074289e+00 -2.719624e-02 
 7.074687e+00 -2.676748e-02 
 7.075085e+00 -2.630979e-02 
 7.075482e+00 -2.581681e-02 
 7.075880e+00 -2.527220e-02 
 7.076278e+00 -2.472058e-02 
 7.076676e+00 -2.414001e-02 
 7.077073e+00 -2.353314e-02 
 7.077471e+00 -2.289928e-02 
 7.077869e+00 -2.224885e-02 
 7.078266e+00 -2.157473e-02 
 7.078664e+00 -2.088831e-02 
 7.079062e+00 -2.017596e-02 
 7.079459e+00 -1.944482e-02 
 7.079857e+00 -1.866628e-02 
 7.080255e+00 -1.786760e-02 
 7.080652e+00 -1.702897e-02 
 7.081050e+00 -1.616405e-02 
 7.081448e+00 -1.529183e-02 
 7.081846e+00 -1.441017e-02 
 7.082243e+00 -1.350584e-02 
 7.082641e+00 -1.259391e-02 
 7.083039e+00 -1.166650e-02 
 7.083436e+00 -1.072871e-02 
 7.083834e+00 -9.775759e-03 
 7.084232e+00 -8.791730e-03 
 7.084629e+00 -7.794942e-03 
 7.085027e+00 -6.775481e-03 
 7.085425e+00 -5.727601e-03 
 7.085823e+00 -4.666386e-03 
 7.086220e+00 -3.604638e-03 
 7.086618e+00 -2.525380e-03 
 7.087016e+00 -1.424329e-03 
 7.087413e+00 -3.215797e-04 
 7.087811e+00  8.012420e-04 
 7.088209e+00  1.932469e-03 
 7.088606e+00  3.053339e-03 
 7.089004e+00  4.194950e-03 
 7.089402e+00  5.361825e-03 
 7.089799e+00  6.544297e-03 
 7.090197e+00  7.737039e-03 
 7.090595e+00  8.957149e-03 
 7.090993e+00  1.018039e-02 
 7.091390e+00  1.140450e-02 
 7.091788e+00  1.263014e-02 
 7.092186e+00  1.388366e-02 
 7.092583e+00  1.512502e-02 
 7.092981e+00  1.637261e-02 
 7.093379e+00  1.761651e-02 
 7.093776e+00  1.887343e-02 
 7.094174e+00  2.012720e-02 
 7.094572e+00  2.139503e-02 
 7.094970e+00  2.267426e-02 
 7.095367e+00  2.393316e-02 
 7.095765e+00  2.519479e-02 
 7.096163e+00  2.645644e-02 
 7.096560e+00  2.770945e-02 
 7.096958e+00  2.894643e-02 
 7.097356e+00  3.018380e-02 
 7.097753e+00  3.140350e-02 
 7.098151e+00  3.260412e-02 
 7.098549e+00  3.379585e-02 
 7.098946e+00  3.499370e-02 
 7.099344e+00  3.617633e-02 
 7.099742e+00  3.736224e-02 
 7.100140e+00  3.854307e-02 
 7.100537e+00  3.969785e-02 
 7.100935e+00  4.084175e-02 
 7.101333e+00  4.196504e-02 
 7.101730e+00  4.307654e-02 
 7.102128e+00  4.416479e-02 
 7.102526e+00  4.523638e-02 
 7.102923e+00  4.627866e-02 
 7.103321e+00  4.729006e-02 
 7.103719e+00  4.828721e-02 
 7.104117e+00  4.927209e-02 
 7.104514e+00  5.023395e-02 
 7.104912e+00  5.117791e-02 
 7.105310e+00  5.209463e-02 
 7.105707e+00  5.298093e-02 
 7.106105e+00  5.385118e-02 
 7.106503e+00  5.471326e-02 
 7.106900e+00  5.555569e-02 
 7.107298e+00  5.635319e-02 
 7.107696e+00  5.712670e-02 
 7.108093e+00  5.787127e-02 
 7.108491e+00  5.858015e-02 
 7.108889e+00  5.927553e-02 
 7.109287e+00  5.994984e-02 
 7.109684e+00  6.060036e-02 
 7.110082e+00  6.121348e-02 
 7.110480e+00  6.179772e-02 
 7.110877e+00  6.235648e-02 
 7.111275e+00  6.289787e-02 
 7.111673e+00  6.341101e-02 
 7.112070e+00  6.389030e-02 
 7.112468e+00  6.432471e-02 
 7.112866e+00  6.473012e-02 
 7.113264e+00  6.510042e-02 
 7.113661e+00  6.545333e-02 
 7.114059e+00  6.577459e-02 
 7.114457e+00  6.605636e-02 
 7.114854e+00  6.631843e-02 
 7.115252e+00  6.654531e-02 
 7.115650e+00  6.674856e-02 
 7.116047e+00  6.693904e-02 
 7.116445e+00  6.708785e-02 
 7.116843e+00  6.720660e-02 
 7.117240e+00  6.728330e-02 
 7.117638e+00  6.733214e-02 
 7.118036e+00  6.733891e-02 
 7.118434e+00  6.733253e-02 
 7.118831e+00  6.730867e-02 
 7.119229e+00  6.725365e-02 
 7.119627e+00  6.718007e-02 
 7.120024e+00  6.708758e-02 
 7.120422e+00  6.696947e-02 
 7.120820e+00  6.682061e-02 
 7.121217e+00  6.664329e-02 
 7.121615e+00  6.644848e-02 
 7.122013e+00  6.619570e-02 
 7.122411e+00  6.591326e-02 
 7.122808e+00  6.560065e-02 
 7.123206e+00  6.526222e-02 
 7.123604e+00  6.490229e-02 
 7.124001e+00  6.451366e-02 
 7.124399e+00  6.409923e-02 
 7.124797e+00  6.365265e-02 
 7.125194e+00  6.318835e-02 
 7.125592e+00  6.268835e-02 
 7.125990e+00  6.217041e-02 
 7.126387e+00  6.160682e-02 
 7.126785e+00  6.100317e-02 
 7.127183e+00  6.035835e-02 
 7.127581e+00  5.969290e-02 
 7.127978e+00  5.898638e-02 
 7.128376e+00  5.827487e-02 
 7.128774e+00  5.753702e-02 
 7.129171e+00  5.677672e-02 
 7.129569e+00  5.596703e-02 
 7.129967e+00  5.515086e-02 
 7.130364e+00  5.430832e-02 
 7.130762e+00  5.343075e-02 
 7.131160e+00  5.253045e-02 
 7.131558e+00  5.159364e-02 
 7.131955e+00  5.062027e-02 
 7.132353e+00  4.961935e-02 
 7.132751e+00  4.861066e-02 
 7.133148e+00  4.758372e-02 
 7.133546e+00  4.652333e-02 
 7.133944e+00  4.546683e-02 
 7.134341e+00  4.437769e-02 
 7.134739e+00  4.328363e-02 
 7.135137e+00  4.218555e-02 
 7.135534e+00  4.106909e-02 
 7.135932e+00  3.994374e-02 
 7.136330e+00  3.878551e-02 
 7.136728e+00  3.761219e-02 
 7.137125e+00  3.641381e-02 
 7.137523e+00  3.521357e-02 
 7.137921e+00  3.402104e-02 
 7.138318e+00  3.280973e-02 
 7.138716e+00  3.159406e-02 
 7.139114e+00  3.038144e-02 
 7.139511e+00  2.916916e-02 
 7.139909e+00  2.795822e-02 
 7.140307e+00  2.675364e-02 
 7.140705e+00  2.554473e-02 
 7.141102e+00  2.431543e-02 
 7.141500e+00  2.307349e-02 
 7.141898e+00  2.183477e-02 
 7.142295e+00  2.058696e-02 
 7.142693e+00  1.934477e-02 
 7.143091e+00  1.809456e-02 
 7.143488e+00  1.684554e-02 
 7.143886e+00  1.560985e-02 
 7.144284e+00  1.439057e-02 
 7.144681e+00  1.317700e-02 
 7.145079e+00  1.197945e-02 
 7.145477e+00  1.078279e-02 
 7.145875e+00  9.579202e-03 
 7.146272e+00  8.373440e-03 
 7.146670e+00  7.171213e-03 
 7.147068e+00  5.977335e-03 
 7.147465e+00  4.785285e-03 
 7.147863e+00  3.616253e-03 
 7.148261e+00  2.458777e-03 
 7.148658e+00  1.310752e-03 
 7.149056e+00  1.864153e-04 
 7.149454e+00 -9.154688e-04 
 7.149852e+00 -1.997223e-03 
 7.150249e+00 -3.070632e-03 
 7.150647e+00 -4.148819e-03 
 7.151045e+00 -5.217250e-03 
 7.151442e+00 -6.274482e-03 
 7.151840e+00 -7.330676e-03 
 7.152238e+00 -8.360110e-03 
 7.152635e+00 -9.367816e-03 
 7.153033e+00 -1.036648e-02 
 7.153431e+00 -1.132796e-02 
 7.153828e+00 -1.226752e-02 
 7.154226e+00 -1.318518e-02 
 7.154624e+00 -1.406976e-02 
 7.155022e+00 -1.493248e-02 
 7.155419e+00 -1.578428e-02 
 7.155817e+00 -1.664138e-02 
 7.156215e+00 -1.747374e-02 
 7.156612e+00 -1.828405e-02 
 7.157010e+00 -1.908443e-02 
 7.157408e+00 -1.985678e-02 
 7.157805e+00 -2.059624e-02 
 7.158203e+00 -2.131895e-02 
 7.158601e+00 -2.201541e-02 
 7.158999e+00 -2.267369e-02 
 7.159396e+00 -2.329984e-02 
 7.159794e+00 -2.390259e-02 
 7.160192e+00 -2.448597e-02 
 7.160589e+00 -2.504297e-02 
 7.160987e+00 -2.560277e-02 
 7.161385e+00 -2.612201e-02 
 7.161782e+00 -2.662192e-02 
 7.162180e+00 -2.709578e-02 
 7.162578e+00 -2.754105e-02 
 7.162975e+00 -2.794125e-02 
 7.163373e+00 -2.831013e-02 
 7.163771e+00 -2.864456e-02 
 7.164169e+00 -2.893401e-02 
 7.164566e+00 -2.919026e-02 
 7.164964e+00 -2.942932e-02 
 7.165362e+00 -2.963933e-02 
 7.165759e+00 -2.983034e-02 
 7.166157e+00 -2.999479e-02 
 7.166555e+00 -3.012324e-02 
 7.166952e+00 -3.021067e-02 
 7.167350e+00 -3.026673e-02 
 7.167748e+00 -3.027435e-02 
 7.168146e+00 -3.023893e-02 
 7.168543e+00 -3.015647e-02 
 7.168941e+00 -3.003314e-02 
 7.169339e+00 -2.987384e-02 
 7.169736e+00 -2.969553e-02 
 7.170134e+00 -2.948266e-02 
 7.170532e+00 -2.925551e-02 
 7.170929e+00 -2.899819e-02 
 7.171327e+00 -2.871488e-02 
 7.171725e+00 -2.839524e-02 
 7.172122e+00 -2.803568e-02 
 7.172520e+00 -2.764689e-02 
 7.172918e+00 -2.721339e-02 
 7.173316e+00 -2.673248e-02 
 7.173713e+00 -2.622263e-02 
 7.174111e+00 -2.567647e-02 
 7.174509e+00 -2.511683e-02 
 7.174906e+00 -2.451881e-02 
 7.175304e+00 -2.391134e-02 
 7.175702e+00 -2.326319e-02 
 7.176099e+00 -2.259609e-02 
 7.176497e+00 -2.191361e-02 
 7.176895e+00 -2.119910e-02 
 7.177293e+00 -2.046165e-02 
 7.177690e+00 -1.969975e-02 
 7.178088e+00 -1.890542e-02 
 7.178486e+00 -1.807870e-02 
 7.178883e+00 -1.722559e-02 
 7.179281e+00 -1.636691e-02 
 7.179679e+00 -1.549108e-02 
 7.180076e+00 -1.458706e-02 
 7.180474e+00 -1.368268e-02 
 7.180872e+00 -1.275658e-02 
 7.181269e+00 -1.181382e-02 
 7.181667e+00 -1.086187e-02 
 7.182065e+00 -9.892982e-03 
 7.182463e+00 -8.902735e-03 
 7.182860e+00 -7.876767e-03 
 7.183258e+00 -6.843139e-03 
 7.183656e+00 -5.780047e-03 
 7.184053e+00 -4.709359e-03 
 7.184451e+00 -3.630961e-03 
 7.184849e+00 -2.547464e-03 
 7.185246e+00 -1.447519e-03 
 7.185644e+00 -3.290307e-04 
 7.186042e+00  7.833990e-04 
 7.186440e+00  1.891119e-03 
 7.186837e+00  3.019976e-03 
 7.187235e+00  4.174002e-03 
 7.187633e+00  5.351335e-03 
 7.188030e+00  6.545742e-03 
 7.188428e+00  7.746240e-03 
 7.188826e+00  8.944942e-03 
 7.189223e+00  1.014784e-02 
 7.189621e+00  1.134938e-02 
 7.190019e+00  1.254889e-02 
 7.190416e+00  1.376034e-02 
 7.190814e+00  1.495596e-02 
 7.191212e+00  1.615468e-02 
 7.191610e+00  1.734916e-02 
 7.192007e+00  1.857677e-02 
 7.192405e+00  1.980656e-02 
 7.192803e+00  2.103809e-02 
 7.193200e+00  2.227339e-02 
 7.193598e+00  2.350137e-02 
 7.193996e+00  2.471881e-02 
 7.194393e+00  2.595147e-02 
 7.194791e+00  2.716572e-02 
 7.195189e+00  2.837544e-02 
 7.195587e+00  2.957397e-02 
 7.195984e+00  3.077748e-02 
 7.196382e+00  3.196639e-02 
 7.196780e+00  3.316560e-02 
 7.197177e+00  3.437105e-02 
 7.197575e+00  3.556203e-02 
 7.197973e+00  3.674173e-02 
 7.198370e+00  3.791596e-02 
 7.198768e+00  3.904973e-02 
 7.199166e+00  4.018498e-02 
 7.199563e+00  4.130962e-02 
 7.199961e+00  4.241147e-02 
 7.200359e+00  4.349432e-02 
 7.200757e+00  4.456883e-02 
 7.201154e+00  4.563663e-02 
 7.201552e+00  4.666691e-02 
 7.201950e+00  4.770258e-02 
 7.202347e+00  4.872189e-02 
 7.202745e+00  4.972808e-02 
 7.203143e+00  5.069746e-02 
 7.203540e+00  5.166365e-02 
 7.203938e+00  5.258625e-02 
 7.204336e+00  5.350605e-02 
 7.204734e+00  5.440156e-02 
 7.205131e+00  5.526335e-02 
 7.205529e+00  5.608919e-02 
 7.205927e+00  5.690048e-02 
 7.206324e+00  5.768152e-02 
 7.206722e+00  5.844298e-02 
 7.207120e+00  5.918667e-02 
 7.207517e+00  5.990333e-02 
 7.207915e+00  6.060033e-02 
 7.208313e+00  6.124741e-02 
 7.208710e+00  6.186985e-02 
 7.209108e+00  6.246395e-02 
 7.209506e+00  6.303917e-02 
 7.209904e+00  6.356410e-02 
 7.210301e+00  6.404954e-02 
 7.210699e+00  6.449949e-02 
 7.211097e+00  6.491594e-02 
 7.211494e+00  6.530482e-02 
 7.211892e+00  6.567965e-02 
 7.212290e+00  6.601567e-02 
 7.212687e+00  6.632756e-02 
 7.213085e+00  6.659883e-02 
 7.213483e+00  6.683945e-02 
 7.213881e+00  6.705142e-02 
 7.214278e+00  6.723866e-02 
 7.214676e+00  6.738748e-02 
 7.215074e+00  6.749079e-02 
 7.215471e+00  6.756224e-02 
 7.215869e+00  6.759682e-02 
 7.216267e+00  6.760823e-02 
 7.216664e+00  6.760080e-02 
 7.217062e+00  6.756119e-02 
 7.217460e+00  6.748189e-02 
 7.217857e+00  6.737277e-02 
 7.218255e+00  6.723600e-02 
 7.218653e+00  6.706830e-02 
 7.219051e+00  6.687192e-02 
 7.219448e+00  6.664937e-02 
 7.219846e+00  6.638606e-02 
 7.220244e+00  6.608665e-02 
 7.220641e+00  6.575450e-02 
 7.221039e+00  6.540126e-02 
 7.221437e+00  6.503005e-02 
 7.221834e+00  6.464247e-02 
 7.222232e+00  6.422171e-02 
 7.222630e+00  6.377575e-02 
 7.223028e+00  6.332124e-02 
 7.223425e+00  6.284842e-02 
 7.223823e+00  6.234283e-02 
 7.224221e+00  6.181273e-02 
 7.224618e+00  6.124747e-02 
 7.225016e+00  6.065070e-02 
 7.225414e+00  6.001557e-02 
 7.225811e+00  5.936902e-02 
 7.226209e+00  5.870456e-02 
 7.226607e+00  5.802066e-02 
 7.227004e+00  5.731611e-02 
 7.227402e+00  5.658391e-02 
 7.227800e+00  5.583210e-02 
 7.228198e+00  5.506906e-02 
 7.228595e+00  5.427927e-02 
 7.228993e+00  5.346027e-02 
 7.229391e+00  5.261299e-02 
 7.229788e+00  5.172512e-02 
 7.230186e+00  5.082486e-02 
 7.230584e+00  4.989429e-02 
 7.230981e+00  4.895015e-02 
 7.231379e+00  4.799449e-02 
 7.231777e+00  4.699988e-02 
 7.232175e+00  4.600484e-02 
 7.232572e+00  4.498065e-02 
 7.232970e+00  4.394625e-02 
 7.233368e+00  4.289296e-02 
 7.233765e+00  4.180901e-02 
 7.234163e+00  4.069589e-02 
 7.234561e+00  3.954357e-02 
 7.234958e+00  3.838325e-02 
 7.235356e+00  3.722487e-02 
 7.235754e+00  3.605090e-02 
 7.236151e+00  3.486742e-02 
 7.236549e+00  3.366768e-02 
 7.236947e+00  3.246044e-02 
 7.237345e+00  3.123530e-02 
 7.237742e+00  3.000819e-02 
 7.238140e+00  2.876942e-02 
 7.238538e+00  2.751332e-02 
 7.238935e+00  2.624707e-02 
 7.239333e+00  2.495589e-02 
 7.239731e+00  2.365577e-02 
 7.240128e+00  2.237767e-02 
 7.240526e+00  2.108527e-02 
 7.240924e+00  1.979688e-02 
 7.241322e+00  1.851381e-02 
 7.241719e+00  1.725119e-02 
 7.242117e+00  1.598469e-02 
 7.242515e+00  1.473235e-02 
 7.242912e+00  1.349255e-02 
 7.243310e+00  1.224200e-02 
 7.243708e+00  1.099863e-02 
 7.244105e+00  9.754223e-03 
 7.244503e+00  8.512873e-03 
 7.244901e+00  7.279388e-03 
 7.245298e+00  6.078336e-03 
 7.245696e+00  4.884785e-03 
 7.246094e+00  3.699625e-03 
 7.246492e+00  2.527601e-03 
 7.246889e+00  1.374899e-03 
 7.247287e+00  2.264991e-04 
 7.247685e+00 -8.859997e-04 
 7.248082e+00 -1.990393e-03 
 7.248480e+00 -3.083988e-03 
 7.248878e+00 -4.163780e-03 
 7.249275e+00 -5.243545e-03 
 7.249673e+00 -6.303501e-03 
 7.250071e+00 -7.347073e-03 
 7.250469e+00 -8.359261e-03 
 7.250866e+00 -9.361104e-03 
 7.251264e+00 -1.033415e-02 
 7.251662e+00 -1.128927e-02 
 7.252059e+00 -1.221521e-02 
 7.252457e+00 -1.311652e-02 
 7.252855e+00 -1.400817e-02 
 7.253252e+00 -1.488666e-02 
 7.253650e+00 -1.575593e-02 
 7.254048e+00 -1.661514e-02 
 7.254445e+00 -1.744291e-02 
 7.254843e+00 -1.824584e-02 
 7.255241e+00 -1.902921e-02 
 7.255639e+00 -1.977566e-02 
 7.256036e+00 -2.049885e-02 
 7.256434e+00 -2.119268e-02 
 7.256832e+00 -2.186724e-02 
 7.257229e+00 -2.249661e-02 
 7.257627e+00 -2.310402e-02 
 7.258025e+00 -2.370296e-02 
 7.258422e+00 -2.428184e-02 
 7.258820e+00 -2.483810e-02 
 7.259218e+00 -2.537789e-02 
 7.259616e+00 -2.587734e-02 
 7.260013e+00 -2.635403e-02 
 7.260411e+00 -2.678918e-02 
 7.260809e+00 -2.719320e-02 
 7.261206e+00 -2.755030e-02 
 7.261604e+00 -2.789123e-02 
 7.262002e+00 -2.819333e-02 
 7.262399e+00 -2.847370e-02 
 7.262797e+00 -2.873520e-02 
 7.263195e+00 -2.898399e-02 
 7.263592e+00 -2.920172e-02 
 7.263990e+00 -2.937659e-02 
 7.264388e+00 -2.953661e-02 
 7.264786e+00 -2.965763e-02 
 7.265183e+00 -2.973862e-02 
 7.265581e+00 -2.979473e-02 
 7.265979e+00 -2.982761e-02 
 7.266376e+00 -2.981668e-02 
 7.266774e+00 -2.977229e-02 
 7.267172e+00 -2.972041e-02 
 7.267569e+00 -2.963792e-02 
 7.267967e+00 -2.952351e-02 
 7.268365e+00 -2.938916e-02 
 7.268763e+00 -2.922630e-02 
 7.269160e+00 -2.901987e-02 
 7.269558e+00 -2.877706e-02 
 7.269956e+00 -2.850078e-02 
 7.270353e+00 -2.818351e-02 
 7.270751e+00 -2.782331e-02 
 7.271149e+00 -2.743854e-02 
 7.271546e+00 -2.701257e-02 
 7.271944e+00 -2.656453e-02 
 7.272342e+00 -2.609091e-02 
 7.272739e+00 -2.560206e-02 
 7.273137e+00 -2.507017e-02 
 7.273535e+00 -2.450283e-02 
 7.273933e+00 -2.390896e-02 
 7.274330e+00 -2.327235e-02 
 7.274728e+00 -2.259309e-02 
 7.275126e+00 -2.189506e-02 
 7.275523e+00 -2.116551e-02 
 7.275921e+00 -2.038872e-02 
 7.276319e+00 -1.958093e-02 
 7.276716e+00 -1.876578e-02 
 7.277114e+00 -1.790407e-02 
 7.277512e+00 -1.704369e-02 
 7.277910e+00 -1.616260e-02 
 7.278307e+00 -1.525394e-02 
 7.278705e+00 -1.431442e-02 
 7.279103e+00 -1.336163e-02 
 7.279500e+00 -1.237326e-02 
 7.279898e+00 -1.136471e-02 
 7.280296e+00 -1.033349e-02 
 7.280693e+00 -9.272962e-03 
 7.281091e+00 -8.187408e-03 
 7.281489e+00 -7.104055e-03 
 7.281886e+00 -6.010575e-03 
 7.282284e+00 -4.912469e-03 
 7.282682e+00 -3.817760e-03 
 7.283080e+00 -2.704015e-03 
 7.283477e+00 -1.569056e-03 
 7.283875e+00 -4.305326e-04 
 7.284273e+00  7.104840e-04 
 7.284670e+00  1.868292e-03 
 7.285068e+00  3.039209e-03 
 7.285466e+00  4.218790e-03 
 7.285863e+00  5.406949e-03 
 7.286261e+00  6.594534e-03 
 7.286659e+00  7.769176e-03 
 7.287057e+00  8.949174e-03 
 7.287454e+00  1.012921e-02 
 7.287852e+00  1.130863e-02 
 7.288250e+00  1.248881e-02 
 7.288647e+00  1.368475e-02 
 7.289045e+00  1.487695e-02 
 7.289443e+00  1.608138e-02 
 7.289840e+00  1.730049e-02 
 7.290238e+00  1.852805e-02 
 7.290636e+00  1.975545e-02 
 7.291033e+00  2.096810e-02 
 7.291431e+00  2.218644e-02 
 7.291829e+00  2.339164e-02 
 7.292227e+00  2.459120e-02 
 7.292624e+00  2.579782e-02 
 7.293022e+00  2.699580e-02 
 7.293420e+00  2.818566e-02 
 7.293817e+00  2.936683e-02 
 7.294215e+00  3.054963e-02 
 7.294613e+00  3.172051e-02 
 7.295010e+00  3.289411e-02 
 7.295408e+00  3.406988e-02 
 7.295806e+00  3.523140e-02 
 7.296204e+00  3.638198e-02 
 7.296601e+00  3.752365e-02 
 7.296999e+00  3.864771e-02 
 7.297397e+00  3.976416e-02 
 7.297794e+00  4.086360e-02 
 7.298192e+00  4.195368e-02 
 7.298590e+00  4.302585e-02 
 7.298987e+00  4.408169e-02 
 7.299385e+00  4.513810e-02 
 7.299783e+00  4.618580e-02 
 7.300180e+00  4.721960e-02 
 7.300578e+00  4.824348e-02 
 7.300976e+00  4.923359e-02 
 7.301374e+00  5.019514e-02 
 7.301771e+00  5.112944e-02 
 7.302169e+00  5.205820e-02 
 7.302567e+00  5.296510e-02 
 7.302964e+00  5.383843e-02 
 7.303362e+00  5.470074e-02 
 7.303760e+00  5.553164e-02 
 7.304157e+00  5.634973e-02 
 7.304555e+00  5.716372e-02 
 7.304953e+00  5.794438e-02 
 7.305351e+00  5.870665e-02 
 7.305748e+00  5.943597e-02 
 7.306146e+00  6.013302e-02 
 7.306544e+00  6.078525e-02 
 7.306941e+00  6.142330e-02 
 7.307339e+00  6.203362e-02 
 7.307737e+00  6.261632e-02 
 7.308134e+00  6.316545e-02 
 7.308532e+00  6.369575e-02 
 7.308930e+00  6.420455e-02 
 7.309327e+00  6.468807e-02 
 7.309725e+00  6.516214e-02 
 7.310123e+00  6.559503e-02 
 7.310521e+00  6.597797e-02 
 7.310918e+00  6.633503e-02 
 7.311316e+00  6.665983e-02 
 7.311714e+00  6.694567e-02 
 7.312111e+00  6.720814e-02 
 7.312509e+00  6.743669e-02 
 7.312907e+00  6.762069e-02 
 7.313304e+00  6.776245e-02 
 7.313702e+00  6.787822e-02 
 7.314100e+00  6.796000e-02 
 7.314498e+00  6.800898e-02 
 7.314895e+00  6.802311e-02 
 7.315293e+00  6.800151e-02 
 7.315691e+00  6.794929e-02 
 7.316088e+00  6.785028e-02 
 7.316486e+00  6.773595e-02 
 7.316884e+00  6.757199e-02 
 7.317281e+00  6.737798e-02 
 7.317679e+00  6.715509e-02 
 7.318077e+00  6.689045e-02 
 7.318474e+00  6.658677e-02 
 7.318872e+00  6.626751e-02 
 7.319270e+00  6.592989e-02 
 7.319668e+00  6.555673e-02 
 7.320065e+00  6.514877e-02 
 7.320463e+00  6.470852e-02 
 7.320861e+00  6.423757e-02 
 7.321258e+00  6.373776e-02 
 7.321656e+00  6.322051e-02 
 7.322054e+00  6.265777e-02 
 7.322451e+00  6.206540e-02 
 7.322849e+00  6.143785e-02 
 7.323247e+00  6.078926e-02 
 7.323645e+00  6.011059e-02 
 7.324042e+00  5.942633e-02 
 7.324440e+00  5.873402e-02 
 7.324838e+00  5.801963e-02 
 7.325235e+00  5.728075e-02 
 7.325633e+00  5.651064e-02 
 7.326031e+00  5.571814e-02 
 7.326428e+00  5.491557e-02 
 7.326826e+00  5.407498e-02 
 7.327224e+00  5.321410e-02 
 7.327621e+00  5.232581e-02 
 7.328019e+00  5.141496e-02 
 7.328417e+00  5.050209e-02 
 7.328815e+00  4.958614e-02 
 7.329212e+00  4.865638e-02 
 7.329610e+00  4.770855e-02 
 7.330008e+00  4.674093e-02 
 7.330405e+00  4.574443e-02 
 7.330803e+00  4.474687e-02 
 7.331201e+00  4.373508e-02 
 7.331598e+00  4.270353e-02 
 7.331996e+00  4.164224e-02 
 7.332394e+00  4.056328e-02 
 7.332792e+00  3.945963e-02 
 7.333189e+00  3.836118e-02 
 7.333587e+00  3.725379e-02 
 7.333985e+00  3.613421e-02 
 7.334382e+00  3.501390e-02 
 7.334780e+00  3.386848e-02 
 7.335178e+00  3.271960e-02 
 7.335575e+00  3.155114e-02 
 7.335973e+00  3.038054e-02 
 7.336371e+00  2.919153e-02 
 7.336768e+00  2.799398e-02 
 7.337166e+00  2.677347e-02 
 7.337564e+00  2.555448e-02 
 7.337962e+00  2.433001e-02 
 7.338359e+00  2.311181e-02 
 7.338757e+00  2.188964e-02 
 7.339155e+00  2.065974e-02 
 7.339552e+00  1.941965e-02 
 7.339950e+00  1.818947e-02 
 7.340348e+00  1.695526e-02 
 7.340745e+00  1.570843e-02 
 7.341143e+00  1.445548e-02 
 7.341541e+00  1.319841e-02 
 7.341939e+00  1.192530e-02 
 7.342336e+00  1.065683e-02 
 7.342734e+00  9.398478e-03 
 7.343132e+00  8.144991e-03 
 7.343529e+00  6.912685e-03 
 7.343927e+00  5.697629e-03 
 7.344325e+00  4.481323e-03 
 7.344722e+00  3.270433e-03 
 7.345120e+00  2.071736e-03 
 7.345518e+00  8.795783e-04 
 7.345915e+00 -3.173370e-04 
 7.346313e+00 -1.496501e-03 
 7.346711e+00 -2.672085e-03 
 7.347109e+00 -3.842112e-03 
 7.347506e+00 -4.972918e-03 
 7.347904e+00 -6.084393e-03 
 7.348302e+00 -7.173046e-03 
 7.348699e+00 -8.233890e-03 
 7.349097e+00 -9.276659e-03 
 7.349495e+00 -1.030025e-02 
 7.349892e+00 -1.129556e-02 
 7.350290e+00 -1.228046e-02 
 7.350688e+00 -1.324127e-02 
 7.351086e+00 -1.419680e-02 
 7.351483e+00 -1.512592e-02 
 7.351881e+00 -1.602709e-02 
 7.352279e+00 -1.690882e-02 
 7.352676e+00 -1.774383e-02 
 7.353074e+00 -1.855089e-02 
 7.353472e+00 -1.931936e-02 
 7.353869e+00 -2.006073e-02 
 7.354267e+00 -2.078627e-02 
 7.354665e+00 -2.147588e-02 
 7.355062e+00 -2.214182e-02 
 7.355460e+00 -2.277122e-02 
 7.355858e+00 -2.338763e-02 
 7.356256e+00 -2.399455e-02 
 7.356653e+00 -2.456057e-02 
 7.357051e+00 -2.509227e-02 
 7.357449e+00 -2.559148e-02 
 7.357846e+00 -2.604914e-02 
 7.358244e+00 -2.648040e-02 
 7.358642e+00 -2.687712e-02 
 7.359039e+00 -2.724689e-02 
 7.359437e+00 -2.757187e-02 
 7.359835e+00 -2.787956e-02 
 7.360233e+00 -2.816888e-02 
 7.360630e+00 -2.843863e-02 
 7.361028e+00 -2.868570e-02 
 7.361426e+00 -2.892010e-02 
 7.361823e+00 -2.911328e-02 
 7.362221e+00 -2.927765e-02 
 7.362619e+00 -2.939943e-02 
 7.363016e+00 -2.949485e-02 
 7.363414e+00 -2.956388e-02 
 7.363812e+00 -2.958453e-02 
 7.364209e+00 -2.957685e-02 
 7.364607e+00 -2.954338e-02 
 7.365005e+00 -2.947533e-02 
 7.365403e+00 -2.940172e-02 
 7.365800e+00 -2.929978e-02 
 7.366198e+00 -2.917722e-02 
 7.366596e+00 -2.902185e-02 
 7.366993e+00 -2.883212e-02 
 7.367391e+00 -2.860503e-02 
 7.367789e+00 -2.835265e-02 
 7.368186e+00 -2.807335e-02 
 7.368584e+00 -2.774753e-02 
 7.368982e+00 -2.738529e-02 
 7.369380e+00 -2.701934e-02 
 7.369777e+00 -2.661784e-02 
 7.370175e+00 -2.619257e-02 
 7.370573e+00 -2.575805e-02 
 7.370970e+00 -2.529559e-02 
 7.371368e+00 -2.480189e-02 
 7.371766e+00 -2.427694e-02 
 7.372163e+00 -2.371950e-02 
 7.372561e+00 -2.312363e-02 
 7.372959e+00 -2.248900e-02 
 7.373356e+00 -2.183953e-02 
 7.373754e+00 -2.115644e-02 
 7.374152e+00 -2.044225e-02 
 7.374550e+00 -1.970762e-02 
 7.374947e+00 -1.895969e-02 
 7.375345e+00 -1.819184e-02 
 7.375743e+00 -1.740245e-02 
 7.376140e+00 -1.658918e-02 
 7.376538e+00 -1.572902e-02 
 7.376936e+00 -1.485268e-02 
 7.377333e+00 -1.394061e-02 
 7.377731e+00 -1.300185e-02 
 7.378129e+00 -1.203449e-02 
 7.378527e+00 -1.105103e-02 
 7.378924e+00 -1.004493e-02 
 7.379322e+00 -9.000368e-03 
 7.379720e+00 -7.965527e-03 
 7.380117e+00 -6.916462e-03 
 7.380515e+00 -5.841796e-03 
 7.380913e+00 -4.755634e-03 
 7.381310e+00 -3.647053e-03 
 7.381708e+00 -2.515487e-03 
 7.382106e+00 -1.359785e-03 
 7.382503e+00 -2.022125e-04 
 7.382901e+00  9.778876e-04 
 7.383299e+00  2.186727e-03 
 7.383697e+00  3.399898e-03 
 7.384094e+00  4.623380e-03 
 7.384492e+00  5.855910e-03 
 7.384890e+00  7.091767e-03 
 7.385287e+00  8.330063e-03 
 7.385685e+00  9.588797e-03 
 7.386083e+00  1.085709e-02 
 7.386480e+00  1.211402e-02 
 7.386878e+00  1.338735e-02 
 7.387276e+00  1.465942e-02 
 7.387674e+00  1.593171e-02 
 7.388071e+00  1.721464e-02 
 7.388469e+00  1.849445e-02 
 7.388867e+00  1.975729e-02 
 7.389264e+00  2.100670e-02 
 7.389662e+00  2.225507e-02 
 7.390060e+00  2.348917e-02 
 7.390457e+00  2.470355e-02 
 7.390855e+00  2.593095e-02 
 7.391253e+00  2.713726e-02 
 7.391650e+00  2.834568e-02 
 7.392048e+00  2.953957e-02 
 7.392446e+00  3.073191e-02 
 7.392844e+00  3.192328e-02 
 7.393241e+00  3.310417e-02 
 7.393639e+00  3.426794e-02 
 7.394037e+00  3.542149e-02 
 7.394434e+00  3.653836e-02 
 7.394832e+00  3.765505e-02 
 7.395230e+00  3.875493e-02 
 7.395627e+00  3.984708e-02 
 7.396025e+00  4.091711e-02 
 7.396423e+00  4.196899e-02 
 7.396821e+00  4.302351e-02 
 7.397218e+00  4.404745e-02 
 7.397616e+00  4.507777e-02 
 7.398014e+00  4.609015e-02 
 7.398411e+00  4.708304e-02 
 7.398809e+00  4.805479e-02 
 7.399207e+00  4.899560e-02 
 7.399604e+00  4.992319e-02 
 7.400002e+00  5.083274e-02 
 7.400400e+00  5.172963e-02 
 7.400797e+00  5.261478e-02 
 7.401195e+00  5.346103e-02 
 7.401593e+00  5.429522e-02 
 7.401991e+00  5.511424e-02 
 7.402388e+00  5.590534e-02 
 7.402786e+00  5.669631e-02 
 7.403184e+00  5.746442e-02 
 7.403581e+00  5.820046e-02 
 7.403979e+00  5.889856e-02 
 7.404377e+00  5.959315e-02 
 7.404774e+00  6.026147e-02 
 7.405172e+00  6.090688e-02 
 7.405570e+00  6.153292e-02 
 7.405968e+00  6.212702e-02 
 7.406365e+00  6.267733e-02 
 7.406763e+00  6.321079e-02 
 7.407161e+00  6.373660e-02 
 7.407558e+00  6.421526e-02 
 7.407956e+00  6.467227e-02 
 7.408354e+00  6.509724e-02 
 7.408751e+00  6.547962e-02 
 7.409149e+00  6.583630e-02 
 7.409547e+00  6.618128e-02 
 7.409944e+00  6.648865e-02 
 7.410342e+00  6.675855e-02 
 7.410740e+00  6.700774e-02 
 7.411138e+00  6.721542e-02 
 7.411535e+00  6.737577e-02 
 7.411933e+00  6.754385e-02 
 7.412331e+00  6.767425e-02 
 7.412728e+00  6.777306e-02 
 7.413126e+00  6.783951e-02 
 7.413524e+00  6.787451e-02 
 7.413921e+00  6.787272e-02 
 7.414319e+00  6.784665e-02 
 7.414717e+00  6.778324e-02 
 7.415115e+00  6.768533e-02 
 7.415512e+00  6.754932e-02 
 7.415910e+00  6.738109e-02 
 7.416308e+00  6.717684e-02 
 7.416705e+00  6.694539e-02 
 7.417103e+00  6.668545e-02 
 7.417501e+00  6.639123e-02 
 7.417898e+00  6.605403e-02 
 7.418296e+00  6.568237e-02 
 7.418694e+00  6.527640e-02 
 7.419091e+00  6.483451e-02 
 7.419489e+00  6.435955e-02 
 7.419887e+00  6.386335e-02 
 7.420285e+00  6.331892e-02 
 7.420682e+00  6.274186e-02 
 7.421080e+00  6.213430e-02 
 7.421478e+00  6.149731e-02 
 7.421875e+00  6.083329e-02 
 7.422273e+00  6.014883e-02 
 7.422671e+00  5.943166e-02 
 7.423068e+00  5.868557e-02 
 7.423466e+00  5.789623e-02 
 7.423864e+00  5.709516e-02 
 7.424262e+00  5.626690e-02 
 7.424659e+00  5.541914e-02 
 7.425057e+00  5.455059e-02 
 7.425455e+00  5.364510e-02 
 7.425852e+00  5.272474e-02 
 7.426250e+00  5.178444e-02 
 7.426648e+00  5.083427e-02 
 7.427045e+00  4.986659e-02 
 7.427443e+00  4.887533e-02 
 7.427841e+00  4.787815e-02 
 7.428238e+00  4.685107e-02 
 7.428636e+00  4.581367e-02 
 7.429034e+00  4.476899e-02 
 7.429432e+00  4.371724e-02 
 7.429829e+00  4.263394e-02 
 7.430227e+00  4.152134e-02 
 7.430625e+00  4.041663e-02 
 7.431022e+00  3.929880e-02 
 7.431420e+00  3.818079e-02 
 7.431818e+00  3.706871e-02 
 7.432215e+00  3.595343e-02 
 7.432613e+00  3.481934e-02 
 7.433011e+00  3.368673e-02 
 7.433409e+00  3.254605e-02 
 7.433806e+00  3.138432e-02 
 7.434204e+00  3.021680e-02 
 7.434602e+00  2.904645e-02 
 7.434999e+00  2.785522e-02 
 7.435397e+00  2.665099e-02 
 7.435795e+00  2.545781e-02 
 7.436192e+00  2.426797e-02 
 7.436590e+00  2.306917e-02 
 7.436988e+00  2.188074e-02 
 7.437385e+00  2.067893e-02 
 7.437783e+00  1.947838e-02 
 7.438181e+00  1.826857e-02 
 7.438579e+00  1.706349e-02 
 7.438976e+00  1.585164e-02 
 7.439374e+00  1.463547e-02 
 7.439772e+00  1.341588e-02 
 7.440169e+00  1.219406e-02 
 7.440567e+00  1.097778e-02 
 7.440965e+00  9.782997e-03 
 7.441362e+00  8.605657e-03 
 7.441760e+00  7.430948e-03 
 7.442158e+00  6.249778e-03 
 7.442556e+00  5.072176e-03 
 7.442953e+00  3.897753e-03 
 7.443351e+00  2.727476e-03 
 7.443749e+00  1.566153e-03 
 7.444146e+00  4.057114e-04 
 7.444544e+00 -7.454076e-04 
 7.444942e+00 -1.882403e-03 
 7.445339e+00 -3.008515e-03 
 7.445737e+00 -4.117203e-03 
 7.446135e+00 -5.205008e-03 
 7.446532e+00 -6.279335e-03 
 7.446930e+00 -7.346458e-03 
 7.447328e+00 -8.390335e-03 
 7.447726e+00 -9.430571e-03 
 7.448123e+00 -1.044648e-02 
 7.448521e+00 -1.144879e-02 
 7.448919e+00 -1.244488e-02 
 7.449316e+00 -1.343645e-02 
 7.449714e+00 -1.440281e-02 
 7.450112e+00 -1.533673e-02 
 7.450509e+00 -1.625197e-02 
 7.450907e+00 -1.714534e-02 
 7.451305e+00 -1.799417e-02 
 7.451703e+00 -1.883306e-02 
 7.452100e+00 -1.965215e-02 
 7.452498e+00 -2.043766e-02 
 7.452896e+00 -2.119472e-02 
 7.453293e+00 -2.193046e-02 
 7.453691e+00 -2.264423e-02 
 7.454089e+00 -2.332512e-02 
 7.454486e+00 -2.398557e-02 
 7.454884e+00 -2.460179e-02 
 7.455282e+00 -2.518263e-02 
 7.455679e+00 -2.573637e-02 
 7.456077e+00 -2.625663e-02 
 7.456475e+00 -2.674715e-02 
 7.456873e+00 -2.719050e-02 
 7.457270e+00 -2.761149e-02 
 7.457668e+00 -2.799888e-02 
 7.458066e+00 -2.835964e-02 
 7.458463e+00 -2.869390e-02 
 7.458861e+00 -2.899546e-02 
 7.459259e+00 -2.925664e-02 
 7.459656e+00 -2.947695e-02 
 7.460054e+00 -2.964786e-02 
 7.460452e+00 -2.977241e-02 
 7.460850e+00 -2.986414e-02 
 7.461247e+00 -2.993101e-02 
 7.461645e+00 -2.996341e-02 
 7.462043e+00 -2.995443e-02 
 7.462440e+00 -2.993277e-02 
 7.462838e+00 -2.988244e-02 
 7.463236e+00 -2.980387e-02 
 7.463633e+00 -2.969227e-02 
 7.464031e+00 -2.955169e-02 
 7.464429e+00 -2.938652e-02 
 7.464826e+00 -2.917091e-02 
 7.465224e+00 -2.892447e-02 
 7.465622e+00 -2.865588e-02 
 7.466020e+00 -2.835138e-02 
 7.466417e+00 -2.802989e-02 
 7.466815e+00 -2.768264e-02 
 7.467213e+00 -2.731006e-02 
 7.467610e+00 -2.691123e-02 
 7.468008e+00 -2.649379e-02 
 7.468406e+00 -2.605866e-02 
 7.468803e+00 -2.557833e-02 
 7.469201e+00 -2.509076e-02 
 7.469599e+00 -2.456866e-02 
 7.469997e+00 -2.400171e-02 
 7.470394e+00 -2.341701e-02 
 7.470792e+00 -2.281284e-02 
 7.471190e+00 -2.218269e-02 
 7.471587e+00 -2.153388e-02 
 7.471985e+00 -2.086664e-02 
 7.472383e+00 -2.016353e-02 
 7.472780e+00 -1.943850e-02 
 7.473178e+00 -1.870812e-02 
 7.473576e+00 -1.794738e-02 
 7.473973e+00 -1.715670e-02 
 7.474371e+00 -1.634877e-02 
 7.474769e+00 -1.551818e-02 
 7.475167e+00 -1.465458e-02 
 7.475564e+00 -1.377966e-02 
 7.475962e+00 -1.289128e-02 
 7.476360e+00 -1.196422e-02 
 7.476757e+00 -1.103347e-02 
 7.477155e+00 -1.007333e-02 
 7.477553e+00 -9.105293e-03 
 7.477950e+00 -8.118878e-03 
 7.478348e+00 -7.121254e-03 
 7.478746e+00 -6.097776e-03 
 7.479144e+00 -5.034877e-03 
 7.479541e+00 -3.961358e-03 
 7.479939e+00 -2.877173e-03 
 7.480337e+00 -1.761410e-03 
 7.480734e+00 -6.339451e-04 
 7.481132e+00  5.079236e-04 
 7.481530e+00  1.660779e-03 
 7.481927e+00  2.824626e-03 
 7.482325e+00  3.988726e-03 
 7.482723e+00  5.168976e-03 
 7.483120e+00  6.363865e-03 
 7.483518e+00  7.563172e-03 
 7.483916e+00  8.782397e-03 
 7.484314e+00  1.001791e-02 
 7.484711e+00  1.124089e-02 
 7.485109e+00  1.247629e-02 
 7.485507e+00  1.372939e-02 
 7.485904e+00  1.498572e-02 
 7.486302e+00  1.624455e-02 
 7.486700e+00  1.750371e-02 
 7.487097e+00  1.876613e-02 
 7.487495e+00  2.002610e-02 
 7.487893e+00  2.127793e-02 
 7.488291e+00  2.254831e-02 
 7.488688e+00  2.381914e-02 
 7.489086e+00  2.509480e-02 
 7.489484e+00  2.637422e-02 
 7.489881e+00  2.764369e-02 
 7.490279e+00  2.889796e-02 
 7.490677e+00  3.015258e-02 
 7.491074e+00  3.140537e-02 
 7.491472e+00  3.263572e-02 
 7.491870e+00  3.385077e-02 
 7.492267e+00  3.505651e-02 
 7.492665e+00  3.624944e-02 
 7.493063e+00  3.743513e-02 
 7.493461e+00  3.860270e-02 
 7.493858e+00  3.976528e-02 
 7.494256e+00  4.089462e-02 
 7.494654e+00  4.201649e-02 
 7.495051e+00  4.311355e-02 
 7.495449e+00  4.419059e-02 
 7.495847e+00  4.525627e-02 
 7.496244e+00  4.630131e-02 
 7.496642e+00  4.730956e-02 
 7.497040e+00  4.828390e-02 
 7.497438e+00  4.923944e-02 
 7.497835e+00  5.017741e-02 
 7.498233e+00  5.109568e-02 
 7.498631e+00  5.200040e-02 
 7.499028e+00  5.289081e-02 
 7.499426e+00  5.374205e-02 
 7.499824e+00  5.457756e-02 
 7.500221e+00  5.538545e-02 
 7.500619e+00  5.617700e-02 
 7.501017e+00  5.694456e-02 
 7.501414e+00  5.767909e-02 
 7.501812e+00  5.838537e-02 
 7.502210e+00  5.904559e-02 
 7.502608e+00  5.970497e-02 
 7.503005e+00  6.033218e-02 
 7.503403e+00  6.092886e-02 
 7.503801e+00  6.149933e-02 
 7.504198e+00  6.204194e-02 
 7.504596e+00  6.256290e-02 
 7.504994e+00  6.306512e-02 
 7.505391e+00  6.355702e-02 
 7.505789e+00  6.400744e-02 
 7.506187e+00  6.442602e-02 
 7.506585e+00  6.480803e-02 
 7.506982e+00  6.516366e-02 
 7.507380e+00  6.549023e-02 
 7.507778e+00  6.580381e-02 
 7.508175e+00  6.610420e-02 
 7.508573e+00  6.636391e-02 
 7.508971e+00  6.659642e-02 
 7.509368e+00  6.680720e-02 
 7.509766e+00  6.698916e-02 
 7.510164e+00  6.714839e-02 
 7.510561e+00  6.727168e-02 
 7.510959e+00  6.736084e-02 
 7.511357e+00  6.740996e-02 
 7.511755e+00  6.743659e-02 
 7.512152e+00  6.743366e-02 
 7.512550e+00  6.738591e-02 
 7.512948e+00  6.732484e-02 
 7.513345e+00  6.723374e-02 
 7.513743e+00  6.709794e-02 
 7.514141e+00  6.694551e-02 
 7.514538e+00  6.677157e-02 
 7.514936e+00  6.657096e-02 
 7.515334e+00  6.633540e-02 
 7.515732e+00  6.606795e-02 
 7.516129e+00  6.576783e-02 
 7.516527e+00  6.543110e-02 
 7.516925e+00  6.506743e-02 
 7.517322e+00  6.468680e-02 
 7.517720e+00  6.426378e-02 
 7.518118e+00  6.381825e-02 
 7.518515e+00  6.333548e-02 
 7.518913e+00  6.282050e-02 
 7.519311e+00  6.227607e-02 
 7.519708e+00  6.172008e-02 
 7.520106e+00  6.113582e-02 
 7.520504e+00  6.052336e-02 
 7.520902e+00  5.987388e-02 
 7.521299e+00  5.920142e-02 
 7.521697e+00  5.849226e-02 
 7.522095e+00  5.775903e-02 
 7.522492e+00  5.699595e-02 
 7.522890e+00  5.619466e-02 
 7.523288e+00  5.535551e-02 
 7.523685e+00  5.449171e-02 
 7.524083e+00  5.360515e-02 
 7.524481e+00  5.270548e-02 
 7.524879e+00  5.178139e-02 
 7.525276e+00  5.082580e-02 
 7.525674e+00  4.984125e-02 
 7.526072e+00  4.882419e-02 
 7.526469e+00  4.778818e-02 
 7.526867e+00  4.673586e-02 
 7.527265e+00  4.566454e-02 
 7.527662e+00  4.455950e-02 
 7.528060e+00  4.344463e-02 
 7.528458e+00  4.230199e-02 
 7.528855e+00  4.115484e-02 
 7.529253e+00  4.000870e-02 
 7.529651e+00  3.884985e-02 
 7.530049e+00  3.766893e-02 
 7.530446e+00  3.648024e-02 
 7.530844e+00  3.527478e-02 
 7.531242e+00  3.404668e-02 
 7.531639e+00  3.281203e-02 
 7.532037e+00  3.158225e-02 
 7.532435e+00  3.032947e-02 
 7.532832e+00  2.907573e-02 
 7.533230e+00  2.782584e-02 
 7.533628e+00  2.658044e-02 
 7.534026e+00  2.534431e-02 
 7.534423e+00  2.411591e-02 
 7.534821e+00  2.289692e-02 
 7.535219e+00  2.166508e-02 
 7.535616e+00  2.043434e-02 
 7.536014e+00  1.920578e-02 
 7.536412e+00  1.797783e-02 
 7.536809e+00  1.676724e-02 
 7.537207e+00  1.555450e-02 
 7.537605e+00  1.434223e-02 
 7.538002e+00  1.314095e-02 
 7.538400e+00  1.194899e-02 
 7.538798e+00  1.076643e-02 
 7.539196e+00  9.610061e-03 
 7.539593e+00  8.454480e-03 
 7.539991e+00  7.310702e-03 
 7.540389e+00  6.166069e-03 
 7.540786e+00  5.033739e-03 
 7.541184e+00  3.899104e-03 
 7.541582e+00  2.779552e-03 
 7.541979e+00  1.659488e-03 
 7.542377e+00  5.416081e-04 
 7.542775e+00 -5.648415e-04 
 7.543173e+00 -1.660270e-03 
 7.543570e+00 -2.738107e-03 
 7.543968e+00 -3.794912e-03 
 7.544366e+00 -4.837844e-03 
 7.544763e+00 -5.868798e-03 
 7.545161e+00 -6.903608e-03 
 7.545559e+00 -7.919343e-03 
 7.545956e+00 -8.929685e-03 
 7.546354e+00 -9.922498e-03 
 7.546752e+00 -1.091143e-02 
 7.547149e+00 -1.188546e-02 
 7.547547e+00 -1.285317e-02 
 7.547945e+00 -1.379858e-02 
 7.548343e+00 -1.470424e-02 
 7.548740e+00 -1.558726e-02 
 7.549138e+00 -1.644350e-02 
 7.549536e+00 -1.728045e-02 
 7.549933e+00 -1.811064e-02 
 7.550331e+00 -1.891720e-02 
 7.550729e+00 -1.971130e-02 
 7.551126e+00 -2.047920e-02 
 7.551524e+00 -2.123478e-02 
 7.551922e+00 -2.197837e-02 
 7.552320e+00 -2.269142e-02 
 7.552717e+00 -2.336532e-02 
 7.553115e+00 -2.399947e-02 
 7.553513e+00 -2.459521e-02 
 7.553910e+00 -2.516636e-02 
 7.554308e+00 -2.570602e-02 
 7.554706e+00 -2.623292e-02 
 7.555103e+00 -2.671984e-02 
 7.555501e+00 -2.717983e-02 
 7.555899e+00 -2.761685e-02 
 7.556296e+00 -2.802441e-02 
 7.556694e+00 -2.839987e-02 
 7.557092e+00 -2.875238e-02 
 7.557490e+00 -2.905871e-02 
 7.557887e+00 -2.932279e-02 
 7.558285e+00 -2.956303e-02 
 7.558683e+00 -2.975954e-02 
 7.559080e+00 -2.992455e-02 
 7.559478e+00 -3.006204e-02 
 7.559876e+00 -3.016899e-02 
 7.560273e+00 -3.023294e-02 
 7.560671e+00 -3.028506e-02 
 7.561069e+00 -3.030351e-02 
 7.561467e+00 -3.028800e-02 
 7.561864e+00 -3.022470e-02 
 7.562262e+00 -3.014191e-02 
 7.562660e+00 -3.000846e-02 
 7.563057e+00 -2.982931e-02 
 7.563455e+00 -2.962814e-02 
 7.563853e+00 -2.938546e-02 
 7.564250e+00 -2.910575e-02 
 7.564648e+00 -2.879437e-02 
 7.565046e+00 -2.845747e-02 
 7.565443e+00 -2.808151e-02 
 7.565841e+00 -2.768099e-02 
 7.566239e+00 -2.725757e-02 
 7.566637e+00 -2.678337e-02 
 7.567034e+00 -2.627286e-02 
 7.567432e+00 -2.574415e-02 
 7.567830e+00 -2.516421e-02 
 7.568227e+00 -2.454358e-02 
 7.568625e+00 -2.390274e-02 
 7.569023e+00 -2.323906e-02 
 7.569420e+00 -2.254437e-02 
 7.569818e+00 -2.182611e-02 
 7.570216e+00 -2.110394e-02 
 7.570614e+00 -2.035930e-02 
 7.571011e+00 -1.959113e-02 
 7.571409e+00 -1.880850e-02 
 7.571807e+00 -1.799640e-02 
 7.572204e+00 -1.714740e-02 
 7.572602e+00 -1.627404e-02 
 7.573000e+00 -1.538844e-02 
 7.573397e+00 -1.448500e-02 
 7.573795e+00 -1.356059e-02 
 7.574193e+00 -1.263074e-02 
 7.574590e+00 -1.168433e-02 
 7.574988e+00 -1.071877e-02 
 7.575386e+00 -9.751735e-03 
 7.575784e+00 -8.780096e-03 
 7.576181e+00 -7.779329e-03 
 7.576579e+00 -6.762733e-03 
 7.576977e+00 -5.737278e-03 
 7.577374e+00 -4.683548e-03 
 7.577772e+00 -3.622887e-03 
 7.578170e+00 -2.568531e-03 
 7.578567e+00 -1.497903e-03 
 7.578965e+00 -4.130906e-04 
 7.579363e+00  6.716782e-04 
 7.579761e+00  1.753215e-03 
 7.580158e+00  2.856568e-03 
 7.580556e+00  3.964888e-03 
 7.580954e+00  5.073028e-03 
 7.581351e+00  6.213082e-03 
 7.581749e+00  7.362845e-03 
 7.582147e+00  8.527004e-03 
 7.582544e+00  9.710677e-03 
 7.582942e+00  1.087789e-02 
 7.583340e+00  1.207565e-02 
 7.583737e+00  1.327102e-02 
 7.584135e+00  1.449618e-02 
 7.584533e+00  1.571006e-02 
 7.584931e+00  1.694015e-02 
 7.585328e+00  1.816888e-02 
 7.585726e+00  1.939936e-02 
 7.586124e+00  2.062790e-02 
 7.586521e+00  2.187113e-02 
 7.586919e+00  2.310846e-02 
 7.587317e+00  2.435503e-02 
 7.587714e+00  2.559538e-02 
 7.588112e+00  2.684026e-02 
 7.588510e+00  2.808467e-02 
 7.588908e+00  2.933066e-02 
 7.589305e+00  3.057957e-02 
 7.589703e+00  3.181214e-02 
 7.590101e+00  3.303172e-02 
 7.590498e+00  3.424115e-02 
 7.590896e+00  3.544159e-02 
 7.591294e+00  3.662641e-02 
 7.591691e+00  3.781016e-02 
 7.592089e+00  3.897478e-02 
 7.592487e+00  4.013050e-02 
 7.592884e+00  4.127028e-02 
 7.593282e+00  4.240279e-02 
 7.593680e+00  4.352868e-02 
 7.594078e+00  4.464012e-02 
 7.594475e+00  4.573516e-02 
 7.594873e+00  4.680245e-02 
 7.595271e+00  4.783388e-02 
 7.595668e+00  4.885443e-02 
 7.596066e+00  4.986130e-02 
 7.596464e+00  5.084576e-02 
 7.596861e+00  5.180355e-02 
 7.597259e+00  5.273786e-02 
 7.597657e+00  5.365050e-02 
 7.598055e+00  5.452488e-02 
 7.598452e+00  5.539033e-02 
 7.598850e+00  5.623316e-02 
 7.599248e+00  5.702698e-02 
 7.599645e+00  5.780084e-02 
 7.600043e+00  5.853463e-02 
 7.600441e+00  5.923786e-02 
 7.600838e+00  5.993184e-02 
 7.601236e+00  6.058706e-02 
 7.601634e+00  6.121361e-02 
 7.602031e+00  6.179747e-02 
 7.602429e+00  6.237527e-02 
 7.602827e+00  6.292400e-02 
 7.603225e+00  6.344711e-02 
 7.603622e+00  6.394765e-02 
 7.604020e+00  6.439934e-02 
 7.604418e+00  6.482600e-02 
 7.604815e+00  6.521840e-02 
 7.605213e+00  6.557579e-02 
 7.605611e+00  6.590452e-02 
 7.606008e+00  6.620504e-02 
 7.606406e+00  6.646022e-02 
 7.606804e+00  6.668689e-02 
 7.607202e+00  6.688576e-02 
 7.607599e+00  6.705415e-02 
 7.607997e+00  6.720289e-02 
 7.608395e+00  6.731686e-02 
 7.608792e+00  6.740013e-02 
 7.609190e+00  6.745509e-02 
 7.609588e+00  6.747276e-02 
 7.609985e+00  6.745889e-02 
 7.610383e+00  6.741840e-02 
 7.610781e+00  6.734606e-02 
 7.611178e+00  6.723921e-02 
 7.611576e+00  6.711022e-02 
 7.611974e+00  6.695103e-02 
 7.612372e+00  6.677453e-02 
 7.612769e+00  6.657038e-02 
 7.613167e+00  6.635327e-02 
 7.613565e+00  6.609468e-02 
 7.613962e+00  6.580232e-02 
 7.614360e+00  6.548015e-02 
 7.614758e+00  6.514077e-02 
 7.615155e+00  6.476358e-02 
 7.615553e+00  6.436481e-02 
 7.615951e+00  6.394126e-02 
 7.616349e+00  6.348553e-02 
 7.616746e+00  6.299218e-02 
 7.617144e+00  6.248786e-02 
 7.617542e+00  6.195683e-02 
 7.617939e+00  6.141278e-02 
 7.618337e+00  6.084647e-02 
 7.618735e+00  6.022848e-02 
 7.619132e+00  5.957775e-02 
 7.619530e+00  5.891585e-02 
 7.619928e+00  5.821923e-02 
 7.620325e+00  5.750091e-02 
 7.620723e+00  5.675359e-02 
 7.621121e+00  5.597860e-02 
 7.621519e+00  5.518474e-02 
 7.621916e+00  5.436851e-02 
 7.622314e+00  5.355141e-02 
 7.622712e+00  5.270360e-02 
 7.623109e+00  5.183686e-02 
 7.623507e+00  5.094010e-02 
 7.623905e+00  5.000867e-02 
 7.624302e+00  4.906171e-02 
 7.624700e+00  4.809943e-02 
 7.625098e+00  4.711146e-02 
 7.625496e+00  4.609503e-02 
 7.625893e+00  4.505530e-02 
 7.626291e+00  4.398865e-02 
 7.626689e+00  4.291489e-02 
 7.627086e+00  4.182989e-02 
 7.627484e+00  4.073378e-02 
 7.627882e+00  3.961837e-02 
 7.628279e+00  3.849070e-02 
 7.628677e+00  3.733637e-02 
 7.629075e+00  3.615951e-02 
 7.629472e+00  3.498113e-02 
 7.629870e+00  3.378516e-02 
 7.630268e+00  3.257276e-02 
 7.630666e+00  3.134297e-02 
 7.631063e+00  3.009919e-02 
 7.631461e+00  2.886091e-02 
 7.631859e+00  2.761010e-02 
 7.632256e+00  2.636277e-02 
 7.632654e+00  2.511650e-02 
 7.633052e+00  2.384603e-02 
 7.633449e+00  2.257830e-02 
 7.633847e+00  2.130424e-02 
 7.634245e+00  2.002285e-02 
 7.634643e+00  1.873920e-02 
 7.635040e+00  1.745520e-02 
 7.635438e+00  1.617909e-02 
 7.635836e+00  1.488186e-02 
 7.636233e+00  1.360425e-02 
 7.636631e+00  1.234446e-02 
 7.637029e+00  1.109725e-02 
 7.637426e+00  9.852444e-03 
 7.637824e+00  8.616410e-03 
 7.638222e+00  7.380887e-03 
 7.638619e+00  6.146038e-03 
 7.639017e+00  4.929406e-03 
 7.639415e+00  3.714225e-03 
 7.639813e+00  2.522253e-03 
 7.640210e+00  1.337647e-03 
 7.640608e+00  1.813584e-04 
 7.641006e+00 -9.657580e-04 
 7.641403e+00 -2.089051e-03 
 7.641801e+00 -3.163914e-03 
 7.642199e+00 -4.234777e-03 
 7.642596e+00 -5.297287e-03 
 7.642994e+00 -6.334061e-03 
 7.643392e+00 -7.363914e-03 
 7.643790e+00 -8.374058e-03 
 7.644187e+00 -9.357221e-03 
 7.644585e+00 -1.031106e-02 
 7.644983e+00 -1.126214e-02 
 7.645380e+00 -1.218328e-02 
 7.645778e+00 -1.308228e-02 
 7.646176e+00 -1.395494e-02 
 7.646573e+00 -1.480555e-02 
 7.646971e+00 -1.562901e-02 
 7.647369e+00 -1.644609e-02 
 7.647766e+00 -1.724510e-02 
 7.648164e+00 -1.803315e-02 
 7.648562e+00 -1.879159e-02 
 7.648960e+00 -1.952972e-02 
 7.649357e+00 -2.024342e-02 
 7.649755e+00 -2.094111e-02 
 7.650153e+00 -2.160900e-02 
 7.650550e+00 -2.224641e-02 
 7.650948e+00 -2.285838e-02 
 7.651346e+00 -2.343777e-02 
 7.651743e+00 -2.400494e-02 
 7.652141e+00 -2.454630e-02 
 7.652539e+00 -2.507029e-02 
 7.652937e+00 -2.558016e-02 
 7.653334e+00 -2.606262e-02 
 7.653732e+00 -2.651514e-02 
 7.654130e+00 -2.695224e-02 
 7.654527e+00 -2.736285e-02 
 7.654925e+00 -2.775287e-02 
 7.655323e+00 -2.810983e-02 
 7.655720e+00 -2.843378e-02 
 7.656118e+00 -2.871616e-02 
 7.656516e+00 -2.896966e-02 
 7.656913e+00 -2.919624e-02 
 7.657311e+00 -2.938861e-02 
 7.657709e+00 -2.955563e-02 
 7.658107e+00 -2.970302e-02 
 7.658504e+00 -2.981247e-02 
 7.658902e+00 -2.989894e-02 
 7.659300e+00 -2.995648e-02 
 7.659697e+00 -2.997932e-02 
 7.660095e+00 -2.995897e-02 
 7.660493e+00 -2.991084e-02 
 7.660890e+00 -2.980644e-02 
 7.661288e+00 -2.966869e-02 
 7.661686e+00 -2.950620e-02 
 7.662084e+00 -2.931702e-02 
 7.662481e+00 -2.908239e-02 
 7.662879e+00 -2.882429e-02 
 7.663277e+00 -2.854341e-02 
 7.663674e+00 -2.821811e-02 
 7.664072e+00 -2.787054e-02 
 7.664470e+00 -2.750153e-02 
 7.664867e+00 -2.708501e-02 
 7.665265e+00 -2.662748e-02 
 7.665663e+00 -2.613600e-02 
 7.666060e+00 -2.561006e-02 
 7.666458e+00 -2.505103e-02 
 7.666856e+00 -2.447403e-02 
 7.667254e+00 -2.387822e-02 
 7.667651e+00 -2.324744e-02 
 7.668049e+00 -2.258970e-02 
 7.668447e+00 -2.192180e-02 
 7.668844e+00 -2.120023e-02 
 7.669242e+00 -2.046566e-02 
 7.669640e+00 -1.968040e-02 
 7.670037e+00 -1.886178e-02 
 7.670435e+00 -1.800558e-02 
 7.670833e+00 -1.713558e-02 
 7.671231e+00 -1.624443e-02 
 7.671628e+00 -1.532496e-02 
 7.672026e+00 -1.439350e-02 
 7.672424e+00 -1.343126e-02 
 7.672821e+00 -1.244893e-02 
 7.673219e+00 -1.145748e-02 
 7.673617e+00 -1.044889e-02 
 7.674014e+00 -9.426777e-03 
 7.674412e+00 -8.375424e-03 
 7.674810e+00 -7.298253e-03 
 7.675207e+00 -6.213468e-03 
 7.675605e+00 -5.107575e-03 
 7.676003e+00 -3.991216e-03 
 7.676401e+00 -2.862564e-03 
 7.676798e+00 -1.727200e-03 
 7.677196e+00 -5.758926e-04 
 7.677594e+00  5.854502e-04 
 7.677991e+00  1.743211e-03 
 7.678389e+00  2.913422e-03 
 7.678787e+00  4.100510e-03 
 7.679184e+00  5.287448e-03 
 7.679582e+00  6.497289e-03 
 7.679980e+00  7.715009e-03 
 7.680378e+00  8.923545e-03 
 7.680775e+00  1.012433e-02 
 7.681173e+00  1.133845e-02 
 7.681571e+00  1.254476e-02 
 7.681968e+00  1.375292e-02 
 7.682366e+00  1.496570e-02 
 7.682764e+00  1.616324e-02 
 7.683161e+00  1.734347e-02 
 7.683559e+00  1.853853e-02 
 7.683957e+00  1.973496e-02 
 7.684354e+00  2.091807e-02 
 7.684752e+00  2.211753e-02 
 7.685150e+00  2.331813e-02 
 7.685548e+00  2.449801e-02 
 7.685945e+00  2.567168e-02 
 7.686343e+00  2.684410e-02 
 7.686741e+00  2.801152e-02 
 7.687138e+00  2.915262e-02 
 7.687536e+00  3.031149e-02 
 7.687934e+00  3.145978e-02 
 7.688331e+00  3.259676e-02 
 7.688729e+00  3.374462e-02 
 7.689127e+00  3.489537e-02 
 7.689525e+00  3.604052e-02 
 7.689922e+00  3.717742e-02 
 7.690320e+00  3.830989e-02 
 7.690718e+00  3.942279e-02 
 7.691115e+00  4.052372e-02 
 7.691513e+00  4.162635e-02 
 7.691911e+00  4.272278e-02 
 7.692308e+00  4.380353e-02 
 7.692706e+00  4.485764e-02 
 7.693104e+00  4.590391e-02 
 7.693501e+00  4.693212e-02 
 7.693899e+00  4.795025e-02 
 7.694297e+00  4.895801e-02 
 7.694695e+00  4.995177e-02 
 7.695092e+00  5.091887e-02 
 7.695490e+00  5.187101e-02 
 7.695888e+00  5.280406e-02 
 7.696285e+00  5.371961e-02 
 7.696683e+00  5.462365e-02 
 7.697081e+00  5.550043e-02 
 7.697478e+00  5.634754e-02 
 7.697876e+00  5.717047e-02 
 7.698274e+00  5.796304e-02 
 7.698672e+00  5.874235e-02 
 7.699069e+00  5.949884e-02 
 7.699467e+00  6.021358e-02 
 7.699865e+00  6.089381e-02 
 7.700262e+00  6.155235e-02 
 7.700660e+00  6.219185e-02 
 7.701058e+00  6.279842e-02 
 7.701455e+00  6.337928e-02 
 7.701853e+00  6.392021e-02 
 7.702251e+00  6.441603e-02 
 7.702648e+00  6.487215e-02 
 7.703046e+00  6.529293e-02 
 7.703444e+00  6.568725e-02 
 7.703842e+00  6.605211e-02 
 7.704239e+00  6.638216e-02 
 7.704637e+00  6.668529e-02 
 7.705035e+00  6.695333e-02 
 7.705432e+00  6.719414e-02 
 7.705830e+00  6.740602e-02 
 7.706228e+00  6.758552e-02 
 7.706625e+00  6.772128e-02 
 7.707023e+00  6.781524e-02 
 7.707421e+00  6.787239e-02 
 7.707819e+00  6.790195e-02 
 7.708216e+00  6.790025e-02 
 7.708614e+00  6.787157e-02 
 7.709012e+00  6.781794e-02 
 7.709409e+00  6.771683e-02 
 7.709807e+00  6.759447e-02 
 7.710205e+00  6.744906e-02 
 7.710602e+00  6.726771e-02 
 7.711000e+00  6.706620e-02 
 7.711398e+00  6.682212e-02 
 7.711795e+00  6.653137e-02 
 7.712193e+00  6.619935e-02 
 7.712591e+00  6.584270e-02 
 7.712989e+00  6.546772e-02 
 7.713386e+00  6.505115e-02 
 7.713784e+00  6.461863e-02 
 7.714182e+00  6.416226e-02 
 7.714579e+00  6.366508e-02 
 7.714977e+00  6.313658e-02 
 7.715375e+00  6.259453e-02 
 7.715772e+00  6.203500e-02 
 7.716170e+00  6.143408e-02 
 7.716568e+00  6.080085e-02 
 7.716966e+00  6.014768e-02 
 7.717363e+00  5.945813e-02 
 7.717761e+00  5.876896e-02 
 7.718159e+00  5.805733e-02 
 7.718556e+00  5.732460e-02 
 7.718954e+00  5.655681e-02 
 7.719352e+00  5.577803e-02 
 7.719749e+00  5.499014e-02 
 7.720147e+00  5.417471e-02 
 7.720545e+00  5.336042e-02 
 7.720942e+00  5.250347e-02 
 7.721340e+00  5.162628e-02 
 7.721738e+00  5.071030e-02 
 7.722136e+00  4.977930e-02 
 7.722533e+00  4.883039e-02 
 7.722931e+00  4.787645e-02 
 7.723329e+00  4.689951e-02 
 7.723726e+00  4.590563e-02 
 7.724124e+00  4.491166e-02 
 7.724522e+00  4.389437e-02 
 7.724919e+00  4.287577e-02 
 7.725317e+00  4.184873e-02 
 7.725715e+00  4.079988e-02 
 7.726113e+00  3.971494e-02 
 7.726510e+00  3.861804e-02 
 7.726908e+00  3.750310e-02 
 7.727306e+00  3.636318e-02 
 7.727703e+00  3.522049e-02 
 7.728101e+00  3.406923e-02 
 7.728499e+00  3.289809e-02 
 7.728896e+00  3.171542e-02 
 7.729294e+00  3.053863e-02 
 7.729692e+00  2.936671e-02 
 7.730089e+00  2.816801e-02 
 7.730487e+00  2.697287e-02 
 7.730885e+00  2.575197e-02 
 7.731283e+00  2.450960e-02 
 7.731680e+00  2.325906e-02 
 7.732078e+00  2.200608e-02 
 7.732476e+00  2.073313e-02 
 7.732873e+00  1.947301e-02 
 7.733271e+00  1.821958e-02 
 7.733669e+00  1.696227e-02 
 7.734066e+00  1.569970e-02 
 7.734464e+00  1.445993e-02 
 7.734862e+00  1.322721e-02 
 7.735260e+00  1.197476e-02 
 7.735657e+00  1.072876e-02 
 7.736055e+00  9.477498e-03 
 7.736453e+00  8.224484e-03 
 7.736850e+00  6.977527e-03 
 7.737248e+00  5.741670e-03 
 7.737646e+00  4.512419e-03 
 7.738043e+00  3.301776e-03 
 7.738441e+00  2.102723e-03 
 7.738839e+00  9.261048e-04 
 7.739236e+00 -2.291880e-04 
 7.739634e+00 -1.361128e-03 
 7.740032e+00 -2.480753e-03 
 7.740430e+00 -3.607130e-03 
 7.740827e+00 -4.720633e-03 
 7.741225e+00 -5.840031e-03 
 7.741623e+00 -6.941236e-03 
 7.742020e+00 -8.018857e-03 
 7.742418e+00 -9.081801e-03 
 7.742816e+00 -1.012861e-02 
 7.743213e+00 -1.113487e-02 
 7.743611e+00 -1.212718e-02 
 7.744009e+00 -1.308409e-02 
 7.744407e+00 -1.400372e-02 
 7.744804e+00 -1.490499e-02 
 7.745202e+00 -1.579152e-02 
 7.745600e+00 -1.666800e-02 
 7.745997e+00 -1.751684e-02 
 7.746395e+00 -1.833829e-02 
 7.746793e+00 -1.913042e-02 
 7.747190e+00 -1.990412e-02 
 7.747588e+00 -2.065124e-02 
 7.747986e+00 -2.136449e-02 
 7.748383e+00 -2.203498e-02 
 7.748781e+00 -2.267216e-02 
 7.749179e+00 -2.326776e-02 
 7.749577e+00 -2.384328e-02 
 7.749974e+00 -2.439659e-02 
 7.750372e+00 -2.492832e-02 
 7.750770e+00 -2.543936e-02 
 7.751167e+00 -2.593221e-02 
 7.751565e+00 -2.638763e-02 
 7.751963e+00 -2.680032e-02 
 7.752360e+00 -2.719179e-02 
 7.752758e+00 -2.755024e-02 
 7.753156e+00 -2.786239e-02 
 7.753554e+00 -2.814877e-02 
 7.753951e+00 -2.839681e-02 
 7.754349e+00 -2.861829e-02 
 7.754747e+00 -2.881535e-02 
 7.755144e+00 -2.899616e-02 
 7.755542e+00 -2.914956e-02 
 7.755940e+00 -2.927837e-02 
 7.756337e+00 -2.938933e-02 
 7.756735e+00 -2.945783e-02 
 7.757133e+00 -2.950439e-02 
 7.757530e+00 -2.951255e-02 
 7.757928e+00 -2.950008e-02 
 7.758326e+00 -2.943600e-02 
 7.758724e+00 -2.934631e-02 
 7.759121e+00 -2.923570e-02 
 7.759519e+00 -2.910277e-02 
 7.759917e+00 -2.894889e-02 
 7.760314e+00 -2.878605e-02 
 7.760712e+00 -2.859900e-02 
 7.761110e+00 -2.837920e-02 
 7.761507e+00 -2.813279e-02 
 7.761905e+00 -2.785164e-02 
 7.762303e+00 -2.754058e-02 
 7.762700e+00 -2.720256e-02 
 7.763098e+00 -2.682836e-02 
 7.763496e+00 -2.641059e-02 
 7.763894e+00 -2.596393e-02 
 7.764291e+00 -2.548806e-02 
 7.764689e+00 -2.498941e-02 
 7.765087e+00 -2.446713e-02 
 7.765484e+00 -2.390246e-02 
 7.765882e+00 -2.331686e-02 
 7.766280e+00 -2.270395e-02 
 7.766677e+00 -2.207157e-02 
 7.767075e+00 -2.140113e-02 
 7.767473e+00 -2.069862e-02 
 7.767871e+00 -1.995200e-02 
 7.768268e+00 -1.917724e-02 
 7.768666e+00 -1.837477e-02 
 7.769064e+00 -1.754535e-02 
 7.769461e+00 -1.670059e-02 
 7.769859e+00 -1.583825e-02 
 7.770257e+00 -1.494583e-02 
 7.770654e+00 -1.403268e-02 
 7.771052e+00 -1.309759e-02 
 7.771450e+00 -1.215211e-02 
 7.771847e+00 -1.118015e-02 
 7.772245e+00 -1.017590e-02 
 7.772643e+00 -9.138631e-03 
 7.773041e+00 -8.073045e-03 
 7.773438e+00 -6.997824e-03 
 7.773836e+00 -5.888088e-03 
 7.774234e+00 -4.776070e-03 
 7.774631e+00 -3.654900e-03 
 7.775029e+00 -2.512828e-03 
 7.775427e+00 -1.356184e-03 
 7.775824e+00 -2.108537e-04 
 7.776222e+00  9.510122e-04 
 7.776620e+00  2.125220e-03 
 7.777018e+00  3.326735e-03 
 7.777415e+00  4.542847e-03 
 7.777813e+00  5.771014e-03 
 7.778211e+00  7.007200e-03 
 7.778608e+00  8.244348e-03 
 7.779006e+00  9.486815e-03 
 7.779404e+00  1.072670e-02 
 7.779801e+00  1.197316e-02 
 7.780199e+00  1.320785e-02 
 7.780597e+00  1.444660e-02 
 7.780994e+00  1.568467e-02 
 7.781392e+00  1.692979e-02 
 7.781790e+00  1.817170e-02 
 7.782188e+00  1.943567e-02 
 7.782585e+00  2.069082e-02 
 7.782983e+00  2.194439e-02 
 7.783381e+00  2.319473e-02 
 7.783778e+00  2.443318e-02 
 7.784176e+00  2.567526e-02 
 7.784574e+00  2.690180e-02 
 7.784971e+00  2.813098e-02 
 7.785369e+00  2.933683e-02 
 7.785767e+00  3.053841e-02 
 7.786165e+00  3.173518e-02 
 7.786562e+00  3.292276e-02 
 7.786960e+00  3.409733e-02 
 7.787358e+00  3.525967e-02 
 7.787755e+00  3.641660e-02 
 7.788153e+00  3.754157e-02 
 7.788551e+00  3.864687e-02 
 7.788948e+00  3.974364e-02 
 7.789346e+00  4.081880e-02 
 7.789744e+00  4.187844e-02 
 7.790141e+00  4.292616e-02 
 7.790539e+00  4.393884e-02 
 7.790937e+00  4.494106e-02 
 7.791335e+00  4.592901e-02 
 7.791732e+00  4.690622e-02 
 7.792130e+00  4.787677e-02 
 7.792528e+00  4.883020e-02 
 7.792925e+00  4.976500e-02 
 7.793323e+00  5.067261e-02 
 7.793721e+00  5.157698e-02 
 7.794118e+00  5.246662e-02 
 7.794516e+00  5.333948e-02 
 7.794914e+00  5.418384e-02 
 7.795312e+00  5.499063e-02 
 7.795709e+00  5.577667e-02 
 7.796107e+00  5.655617e-02 
 7.796505e+00  5.732007e-02 
 7.796902e+00  5.804978e-02 
 7.797300e+00  5.878274e-02 
 7.797698e+00  5.947859e-02 
 7.798095e+00  6.015657e-02 
 7.798493e+00  6.080211e-02 
 7.798891e+00  6.144480e-02 
 7.799288e+00  6.205514e-02 
 7.799686e+00  6.262383e-02 
 7.800084e+00  6.317801e-02 
 7.800482e+00  6.368810e-02 
 7.800879e+00  6.417736e-02 
 7.801277e+00  6.464905e-02 
 7.801675e+00  6.509912e-02 
 7.802072e+00  6.552068e-02 
 7.802470e+00  6.591248e-02 
 7.802868e+00  6.627135e-02 
 7.803265e+00  6.659816e-02 
 7.803663e+00  6.689868e-02 
 7.804061e+00  6.716911e-02 
 7.804459e+00  6.739379e-02 
 7.804856e+00  6.758096e-02 
 7.805254e+00  6.773198e-02 
 7.805652e+00  6.783919e-02 
 7.806049e+00  6.792702e-02 
 7.806447e+00  6.798894e-02 
 7.806845e+00  6.800601e-02 
 7.807242e+00  6.800154e-02 
 7.807640e+00  6.795310e-02 
 7.808038e+00  6.786572e-02 
 7.808435e+00  6.775837e-02 
 7.808833e+00  6.761827e-02 
 7.809231e+00  6.743858e-02 
 7.809629e+00  6.720890e-02 
 7.810026e+00  6.693964e-02 
 7.810424e+00  6.662975e-02 
 7.810822e+00  6.628679e-02 
 7.811219e+00  6.593173e-02 
 7.811617e+00  6.555028e-02 
 7.812015e+00  6.513555e-02 
 7.812412e+00  6.468793e-02 
 7.812810e+00  6.422672e-02 
 7.813208e+00  6.374265e-02 
 7.813606e+00  6.322695e-02 
 7.814003e+00  6.268647e-02 
 7.814401e+00  6.209454e-02 
 7.814799e+00  6.146476e-02 
 7.815196e+00  6.080176e-02 
 7.815594e+00  6.011157e-02 
 7.815992e+00  5.941370e-02 
 7.816389e+00  5.867803e-02 
 7.816787e+00  5.792160e-02 
 7.817185e+00  5.714611e-02 
 7.817582e+00  5.634254e-02 
 7.817980e+00  5.552387e-02 
 7.818378e+00  5.468195e-02 
 7.818776e+00  5.381806e-02 
 7.819173e+00  5.290318e-02 
 7.819571e+00  5.196808e-02 
 7.819969e+00  5.100492e-02 
 7.820366e+00  5.003225e-02 
 7.820764e+00  4.904866e-02 
 7.821162e+00  4.804926e-02 
 7.821559e+00  4.703847e-02 
 7.821957e+00  4.601099e-02 
 7.822355e+00  4.496723e-02 
 7.822753e+00  4.392115e-02 
 7.823150e+00  4.284949e-02 
 7.823548e+00  4.176528e-02 
 7.823946e+00  4.065849e-02 
 7.824343e+00  3.953313e-02 
 7.824741e+00  3.839971e-02 
 7.825139e+00  3.726362e-02 
 7.825536e+00  3.612758e-02 
 7.825934e+00  3.497415e-02 
 7.826332e+00  3.382433e-02 
 7.826729e+00  3.266953e-02 
 7.827127e+00  3.150328e-02 
 7.827525e+00  3.034636e-02 
 7.827923e+00  2.917823e-02 
 7.828320e+00  2.800366e-02 
 7.828718e+00  2.680882e-02 
 7.829116e+00  2.560676e-02 
 7.829513e+00  2.440530e-02 
 7.829911e+00  2.320781e-02 
 7.830309e+00  2.200417e-02 
 7.830706e+00  2.079999e-02 
 7.831104e+00  1.961091e-02 
 7.831502e+00  1.840692e-02 
 7.831900e+00  1.721005e-02 
 7.832297e+00  1.602610e-02 
 7.832695e+00  1.484922e-02 
 7.833093e+00  1.365582e-02 
 7.833490e+00  1.246290e-02 
 7.833888e+00  1.126212e-02 
 7.834286e+00  1.006618e-02 
 7.834683e+00  8.854598e-03 
 7.835081e+00  7.667696e-03 
 7.835479e+00  6.474188e-03 
 7.835876e+00  5.281887e-03 
 7.836274e+00  4.102759e-03 
 7.836672e+00  2.927619e-03 
 7.837070e+00  1.772227e-03 
 7.837467e+00  6.166278e-04 
 7.837865e+00 -5.253426e-04 
 7.838263e+00 -1.667601e-03 
 7.838660e+00 -2.833547e-03 
 7.839058e+00 -3.979110e-03 
 7.839456e+00 -5.103624e-03 
 7.839853e+00 -6.222103e-03 
 7.840251e+00 -7.310904e-03 
 7.840649e+00 -8.379509e-03 
 7.841047e+00 -9.433973e-03 
 7.841444e+00 -1.047493e-02 
 7.841842e+00 -1.146768e-02 
 7.842240e+00 -1.245210e-02 
 7.842637e+00 -1.342574e-02 
 7.843035e+00 -1.438259e-02 
 7.843433e+00 -1.532564e-02 
 7.843830e+00 -1.626270e-02 
 7.844228e+00 -1.716650e-02 
 7.844626e+00 -1.803572e-02 
 7.845023e+00 -1.887437e-02 
 7.845421e+00 -1.969016e-02 
 7.845819e+00 -2.046755e-02 
 7.846217e+00 -2.120846e-02 
 7.846614e+00 -2.192411e-02 
 7.847012e+00 -2.260153e-02 
 7.847410e+00 -2.326079e-02 
 7.847807e+00 -2.389202e-02 
 7.848205e+00 -2.451370e-02 
 7.848603e+00 -2.509970e-02 
 7.849000e+00 -2.565800e-02 
 7.849398e+00 -2.617715e-02 
 7.849796e+00 -2.665746e-02 
 7.850194e+00 -2.709053e-02 
 7.850591e+00 -2.750615e-02 
 7.850989e+00 -2.788352e-02 
 7.851387e+00 -2.821714e-02 
 7.851784e+00 -2.851778e-02 
 7.852182e+00 -2.879251e-02 
 7.852580e+00 -2.903752e-02 
 7.852977e+00 -2.926084e-02 
 7.853375e+00 -2.945443e-02 
 7.853773e+00 -2.961318e-02 
 7.854170e+00 -2.973899e-02 
 7.854568e+00 -2.983123e-02 
 7.854966e+00 -2.988942e-02 
 7.855364e+00 -2.991679e-02 
 7.855761e+00 -2.990665e-02 
 7.856159e+00 -2.986280e-02 
 7.856557e+00 -2.978705e-02 
 7.856954e+00 -2.968487e-02 
 7.857352e+00 -2.956077e-02 
 7.857750e+00 -2.942204e-02 
 7.858147e+00 -2.925335e-02 
 7.858545e+00 -2.904678e-02 
 7.858943e+00 -2.881136e-02 
 7.859341e+00 -2.853082e-02 
 7.859738e+00 -2.822496e-02 
 7.860136e+00 -2.787865e-02 
 7.860534e+00 -2.749390e-02 
 7.860931e+00 -2.709023e-02 
 7.861329e+00 -2.665296e-02 
 7.861727e+00 -2.617932e-02 
 7.862124e+00 -2.569718e-02 
 7.862522e+00 -2.520355e-02 
 7.862920e+00 -2.467299e-02 
 7.863317e+00 -2.412850e-02 
 7.863715e+00 -2.355955e-02 
 7.864113e+00 -2.296532e-02 
 7.864511e+00 -2.233492e-02 
 7.864908e+00 -2.169447e-02 
 7.865306e+00 -2.100667e-02 
 7.865704e+00 -2.029917e-02 
 7.866101e+00 -1.956900e-02 
 7.866499e+00 -1.882736e-02 
 7.866897e+00 -1.805770e-02 
 7.867294e+00 -1.728431e-02 
 7.867692e+00 -1.649535e-02 
 7.868090e+00 -1.568193e-02 
 7.868488e+00 -1.482471e-02 
 7.868885e+00 -1.395670e-02 
 7.869283e+00 -1.305834e-02 
 7.869681e+00 -1.213701e-02 
 7.870078e+00 -1.119528e-02 
 7.870476e+00 -1.022356e-02 
 7.870874e+00 -9.238125e-03 
 7.871271e+00 -8.234667e-03 
 7.871669e+00 -7.225350e-03 
 7.872067e+00 -6.203521e-03 
 7.872464e+00 -5.165990e-03 
 7.872862e+00 -4.113594e-03 
 7.873260e+00 -3.042446e-03 
 7.873658e+00 -1.953792e-03 
 7.874055e+00 -8.477031e-04 
 7.874453e+00  2.801281e-04 
 7.874851e+00  1.431989e-03 
 7.875248e+00  2.614658e-03 
 7.875646e+00  3.803499e-03 
 7.876044e+00  5.002126e-03 
 7.876441e+00  6.200918e-03 
 7.876839e+00  7.405214e-03 
 7.877237e+00  8.617063e-03 
 7.877635e+00  9.839539e-03 
 7.878032e+00  1.108570e-02 
 7.878430e+00  1.232840e-02 
 7.878828e+00  1.358465e-02 
 7.879225e+00  1.485380e-02 
 7.879623e+00  1.612975e-02 
 7.880021e+00  1.742294e-02 
 7.880418e+00  1.871951e-02 
 7.880816e+00  2.002164e-02 
 7.881214e+00  2.131889e-02 
 7.881611e+00  2.260117e-02 
 7.882009e+00  2.387270e-02 
 7.882407e+00  2.515457e-02 
 7.882805e+00  2.641527e-02 
 7.883202e+00  2.765964e-02 
 7.883600e+00  2.889643e-02 
 7.883998e+00  3.014092e-02 
 7.884395e+00  3.136459e-02 
 7.884793e+00  3.259352e-02 
 7.885191e+00  3.381539e-02 
 7.885588e+00  3.502902e-02 
 7.885986e+00  3.621144e-02 
 7.886384e+00  3.737509e-02 
 7.886782e+00  3.852297e-02 
 7.887179e+00  3.965270e-02 
 7.887577e+00  4.078013e-02 
 7.887975e+00  4.188616e-02 
 7.888372e+00  4.296375e-02 
 7.888770e+00  4.402706e-02 
 7.889168e+00  4.508529e-02 
 7.889565e+00  4.613826e-02 
 7.889963e+00  4.715785e-02 
 7.890361e+00  4.816568e-02 
 7.890758e+00  4.914336e-02 
 7.891156e+00  5.008173e-02 
 7.891554e+00  5.100131e-02 
 7.891952e+00  5.189994e-02 
 7.892349e+00  5.276706e-02 
 7.892747e+00  5.360380e-02 
 7.893145e+00  5.441946e-02 
 7.893542e+00  5.520827e-02 
 7.893940e+00  5.598748e-02 
 7.894338e+00  5.675518e-02 
 7.894735e+00  5.749690e-02 
 7.895133e+00  5.820921e-02 
 7.895531e+00  5.889007e-02 
 7.895929e+00  5.953755e-02 
 7.896326e+00  6.017175e-02 
 7.896724e+00  6.077059e-02 
 7.897122e+00  6.135588e-02 
 7.897519e+00  6.191343e-02 
 7.897917e+00  6.244390e-02 
 7.898315e+00  6.294688e-02 
 7.898712e+00  6.342884e-02 
 7.899110e+00  6.389771e-02 
 7.899508e+00  6.434095e-02 
 7.899905e+00  6.475848e-02 
 7.900303e+00  6.514304e-02 
 7.900701e+00  6.550312e-02 
 7.901099e+00  6.583317e-02 
 7.901496e+00  6.614683e-02 
 7.901894e+00  6.641849e-02 
 7.902292e+00  6.666798e-02 
 7.902689e+00  6.687410e-02 
 7.903087e+00  6.705436e-02 
 7.903485e+00  6.720533e-02 
 7.903882e+00  6.733044e-02 
 7.904280e+00  6.743249e-02 
 7.904678e+00  6.751666e-02 
 7.905076e+00  6.756445e-02 
 7.905473e+00  6.756274e-02 
 7.905871e+00  6.754009e-02 
 7.906269e+00  6.750165e-02 
 7.906666e+00  6.741789e-02 
 7.907064e+00  6.730496e-02 
 7.907462e+00  6.716403e-02 
 7.907859e+00  6.697569e-02 
 7.908257e+00  6.675197e-02 
 7.908655e+00  6.651598e-02 
 7.909052e+00  6.624939e-02 
 7.909450e+00  6.595630e-02 
 7.909848e+00  6.563360e-02 
 7.910246e+00  6.528324e-02 
 7.910643e+00  6.487990e-02 
 7.911041e+00  6.444638e-02 
 7.911439e+00  6.399083e-02 
 7.911836e+00  6.348054e-02 
 7.912234e+00  6.293021e-02 
 7.912632e+00  6.234963e-02 
 7.913029e+00  6.173835e-02 
 7.913427e+00  6.110823e-02 
 7.913825e+00  6.046201e-02 
 7.914223e+00  5.980759e-02 
 7.914620e+00  5.910843e-02 
 7.915018e+00  5.837640e-02 
 7.915416e+00  5.762419e-02 
 7.915813e+00  5.683469e-02 
 7.916211e+00  5.603088e-02 
 7.916609e+00  5.519230e-02 
 7.917006e+00  5.432387e-02 
 7.917404e+00  5.341225e-02 
 7.917802e+00  5.249404e-02 
 7.918199e+00  5.155449e-02 
 7.918597e+00  5.061214e-02 
 7.918995e+00  4.964943e-02 
 7.919393e+00  4.866853e-02 
 7.919790e+00  4.766914e-02 
 7.920188e+00  4.665184e-02 
 7.920586e+00  4.561562e-02 
 7.920983e+00  4.455290e-02 
 7.921381e+00  4.347190e-02 
 7.921779e+00  4.236599e-02 
 7.922176e+00  4.123221e-02 
 7.922574e+00  4.008753e-02 
 7.922972e+00  3.894703e-02 
 7.923370e+00  3.779118e-02 
 7.923767e+00  3.664404e-02 
 7.924165e+00  3.545966e-02 
 7.924563e+00  3.427920e-02 
 7.924960e+00  3.308912e-02 
 7.925358e+00  3.188665e-02 
 7.925756e+00  3.068726e-02 
 7.926153e+00  2.946850e-02 
 7.926551e+00  2.823558e-02 
 7.926949e+00  2.698689e-02 
 7.927346e+00  2.573376e-02 
 7.927744e+00  2.449008e-02 
 7.928142e+00  2.324371e-02 
 7.928540e+00  2.202547e-02 
 7.928937e+00  2.080057e-02 
 7.929335e+00  1.958058e-02 
 7.929733e+00  1.837127e-02 
 7.930130e+00  1.715386e-02 
 7.930528e+00  1.592976e-02 
 7.930926e+00  1.470888e-02 
 7.931323e+00  1.348050e-02 
 7.931721e+00  1.223558e-02 
 7.932119e+00  1.099747e-02 
 7.932517e+00  9.793862e-03 
 7.932914e+00  8.592663e-03 
 7.933312e+00  7.417376e-03 
 7.933710e+00  6.257994e-03 
 7.934107e+00  5.098902e-03 
 7.934505e+00  3.951626e-03 
 7.934903e+00  2.817185e-03 
 7.935300e+00  1.703730e-03 
 7.935698e+00  5.865440e-04 
 7.936096e+00 -5.321981e-04 
 7.936493e+00 -1.643032e-03 
 7.936891e+00 -2.746016e-03 
 7.937289e+00 -3.813126e-03 
 7.937687e+00 -4.870691e-03 
 7.938084e+00 -5.890965e-03 
 7.938482e+00 -6.916464e-03 
 7.938880e+00 -7.904558e-03 
 7.939277e+00 -8.889753e-03 
 7.939675e+00 -9.875395e-03 
 7.940073e+00 -1.084229e-02 
 7.940470e+00 -1.180160e-02 
 7.940868e+00 -1.276297e-02 
 7.941266e+00 -1.371201e-02 
 7.941664e+00 -1.464136e-02 
 7.942061e+00 -1.553724e-02 
 7.942459e+00 -1.641161e-02 
 7.942857e+00 -1.726321e-02 
 7.943254e+00 -1.808653e-02 
 7.943652e+00 -1.889368e-02 
 7.944050e+00 -1.967580e-02 
 7.944447e+00 -2.043796e-02 
 7.944845e+00 -2.118002e-02 
 7.945243e+00 -2.190499e-02 
 7.945640e+00 -2.261219e-02 
 7.946038e+00 -2.330351e-02 
 7.946436e+00 -2.397492e-02 
 7.946834e+00 -2.460365e-02 
 7.947231e+00 -2.520700e-02 
 7.947629e+00 -2.577159e-02 
 7.948027e+00 -2.628788e-02 
 7.948424e+00 -2.676746e-02 
 7.948822e+00 -2.722480e-02 
 7.949220e+00 -2.763581e-02 
 7.949617e+00 -2.802378e-02 
 7.950015e+00 -2.839412e-02 
 7.950413e+00 -2.873442e-02 
 7.950811e+00 -2.904925e-02 
 7.951208e+00 -2.935025e-02 
 7.951606e+00 -2.960156e-02 
 7.952004e+00 -2.980732e-02 
 7.952401e+00 -2.997676e-02 
 7.952799e+00 -3.010572e-02 
 7.953197e+00 -3.019113e-02 
 7.953594e+00 -3.023415e-02 
 7.953992e+00 -3.025172e-02 
 7.954390e+00 -3.022403e-02 
 7.954787e+00 -3.016382e-02 
 7.955185e+00 -3.009452e-02 
 7.955583e+00 -2.998795e-02 
 7.955981e+00 -2.985251e-02 
 7.956378e+00 -2.968741e-02 
 7.956776e+00 -2.948043e-02 
 7.957174e+00 -2.923162e-02 
 7.957571e+00 -2.893357e-02 
 7.957969e+00 -2.861957e-02 
 7.958367e+00 -2.825546e-02 
 7.958764e+00 -2.787765e-02 
 7.959162e+00 -2.746806e-02 
 7.959560e+00 -2.704085e-02 
 7.959958e+00 -2.658664e-02 
 7.960355e+00 -2.613338e-02 
 7.960753e+00 -2.564551e-02 
 7.961151e+00 -2.512274e-02 
 7.961548e+00 -2.455674e-02 
 7.961946e+00 -2.396614e-02 
 7.962344e+00 -2.334336e-02 
 7.962741e+00 -2.269225e-02 
 7.963139e+00 -2.201423e-02 
 7.963537e+00 -2.130461e-02 
 7.963934e+00 -2.056221e-02 
 7.964332e+00 -1.979955e-02 
 7.964730e+00 -1.902805e-02 
 7.965128e+00 -1.823949e-02 
 7.965525e+00 -1.742273e-02 
 7.965923e+00 -1.658972e-02 
 7.966321e+00 -1.572823e-02 
 7.966718e+00 -1.484120e-02 
 7.967116e+00 -1.393260e-02 
 7.967514e+00 -1.301093e-02 
 7.967911e+00 -1.205534e-02 
 7.968309e+00 -1.108100e-02 
 7.968707e+00 -1.009363e-02 
 7.969105e+00 -9.082999e-03 
 7.969502e+00 -8.076491e-03 
 7.969900e+00 -7.065780e-03 
 7.970298e+00 -6.033237e-03 
 7.970695e+00 -4.980435e-03 
 7.971093e+00 -3.926140e-03 
 7.971491e+00 -2.849644e-03 
 7.971888e+00 -1.762045e-03 
 7.972286e+00 -6.660032e-04 
 7.972684e+00  4.402352e-04 
 7.973081e+00  1.590953e-03 
 7.973479e+00  2.735473e-03 
 7.973877e+00  3.889892e-03 
 7.974275e+00  5.050490e-03 
 7.974672e+00  6.218157e-03 
 7.975070e+00  7.381442e-03 
 7.975468e+00  8.551282e-03 
 7.975865e+00  9.742643e-03 
 7.976263e+00  1.092267e-02 
 7.976661e+00  1.212707e-02 
 7.977058e+00  1.333420e-02 
 7.977456e+00  1.455765e-02 
 7.977854e+00  1.576860e-02 
 7.978252e+00  1.700035e-02 
 7.978649e+00  1.822820e-02 
 7.979047e+00  1.943925e-02 
 7.979445e+00  2.064613e-02 
 7.979842e+00  2.186165e-02 
 7.980240e+00  2.307032e-02 
 7.980638e+00  2.428872e-02 
 7.981035e+00  2.551266e-02 
 7.981433e+00  2.673690e-02 
 7.981831e+00  2.795968e-02 
 7.982228e+00  2.919113e-02 
 7.982626e+00  3.043424e-02 
 7.983024e+00  3.166304e-02 
 7.983422e+00  3.289645e-02 
 7.983819e+00  3.411766e-02 
 7.984217e+00  3.531752e-02 
 7.984615e+00  3.650661e-02 
 7.985012e+00  3.768850e-02 
 7.985410e+00  3.886190e-02 
 7.985808e+00  4.002664e-02 
 7.986205e+00  4.117097e-02 
 7.986603e+00  4.230521e-02 
 7.987001e+00  4.342974e-02 
 7.987399e+00  4.454439e-02 
 7.987796e+00  4.564004e-02 
 7.988194e+00  4.671151e-02 
 7.988592e+00  4.776111e-02 
 7.988989e+00  4.877666e-02 
 7.989387e+00  4.976939e-02 
 7.989785e+00  5.074974e-02 
 7.990182e+00  5.170599e-02 
 7.990580e+00  5.263001e-02 
 7.990978e+00  5.353017e-02 
 7.991375e+00  5.440233e-02 
 7.991773e+00  5.525472e-02 
 7.992171e+00  5.609012e-02 
 7.992569e+00  5.690850e-02 
 7.992966e+00  5.768473e-02 
 7.993364e+00  5.842490e-02 
 7.993762e+00  5.914835e-02 
 7.994159e+00  5.982135e-02 
 7.994557e+00  6.047226e-02 
 7.994955e+00  6.109915e-02 
 7.995352e+00  6.169640e-02 
 7.995750e+00  6.225007e-02 
 7.996148e+00  6.277536e-02 
 7.996546e+00  6.328441e-02 
 7.996943e+00  6.375632e-02 
 7.997341e+00  6.421471e-02 
 7.997739e+00  6.464334e-02 
 7.998136e+00  6.502213e-02 
 7.998534e+00  6.536670e-02 
 7.998932e+00  6.568292e-02 
 7.999329e+00  6.597776e-02 
 7.999727e+00  6.623852e-02 
 8.000125e+00  6.646921e-02 
 8.000522e+00  6.666152e-02 
 8.000920e+00  6.682889e-02 
 8.001318e+00  6.697319e-02 
 8.001716e+00  6.709876e-02 
 8.002113e+00  6.720749e-02 
 8.002511e+00  6.729496e-02 
 8.002909e+00  6.733775e-02 
 8.003306e+00  6.735685e-02 
 8.003704e+00  6.734611e-02 
 8.004102e+00  6.730856e-02 
 8.004499e+00  6.723786e-02 
 8.004897e+00  6.715619e-02 
 8.005295e+00  6.701787e-02 
 8.005693e+00  6.685749e-02 
 8.006090e+00  6.667692e-02 
 8.006488e+00  6.646470e-02 
 8.006886e+00  6.622809e-02 
 8.007283e+00  6.596762e-02 
 8.007681e+00  6.567270e-02 
 8.008079e+00  6.532842e-02 
 8.008476e+00  6.496441e-02 
 8.008874e+00  6.458331e-02 
 8.009272e+00  6.416384e-02 
 8.009669e+00  6.372479e-02 
 8.010067e+00  6.325035e-02 
 8.010465e+00  6.273478e-02 
 8.010863e+00  6.220526e-02 
 8.011260e+00  6.166511e-02 
 8.011658e+00  6.108661e-02 
 8.012056e+00  6.048465e-02 
 8.012453e+00  5.986211e-02 
 8.012851e+00  5.919346e-02 
 8.013249e+00  5.849582e-02 
 8.013646e+00  5.778236e-02 
 8.014044e+00  5.703487e-02 
 8.014442e+00  5.626282e-02 
 8.014840e+00  5.546027e-02 
 8.015237e+00  5.462185e-02 
 8.015635e+00  5.376200e-02 
 8.016033e+00  5.288794e-02 
 8.016430e+00  5.200491e-02 
 8.016828e+00  5.108428e-02 
 8.017226e+00  5.014499e-02 
 8.017623e+00  4.919023e-02 
 8.018021e+00  4.819509e-02 
 8.018419e+00  4.718205e-02 
 8.018816e+00  4.616502e-02 
 8.019214e+00  4.510052e-02 
 8.019612e+00  4.401774e-02 
 8.020010e+00  4.291239e-02 
 8.020407e+00  4.179551e-02 
 8.020805e+00  4.065322e-02 
 8.021203e+00  3.952568e-02 
 8.021600e+00  3.839540e-02 
 8.021998e+00  3.723118e-02 
 8.022396e+00  3.605818e-02 
 8.022793e+00  3.487759e-02 
 8.023191e+00  3.368000e-02 
 8.023589e+00  3.247231e-02 
 8.023987e+00  3.125204e-02 
 8.024384e+00  3.002811e-02 
 8.024782e+00  2.878097e-02 
 8.025180e+00  2.752618e-02 
 8.025577e+00  2.628245e-02 
 8.025975e+00  2.504552e-02 
 8.026373e+00  2.380513e-02 
 8.026770e+00  2.257296e-02 
 8.027168e+00  2.132523e-02 
 8.027566e+00  2.006443e-02 
 8.027963e+00  1.881150e-02 
 8.028361e+00  1.755889e-02 
 8.028759e+00  1.629938e-02 
 8.029157e+00  1.503915e-02 
 8.029554e+00  1.378583e-02 
 8.029952e+00  1.254057e-02 
 8.030350e+00  1.129292e-02 
 8.030747e+00  1.009058e-02 
 8.031145e+00  8.896070e-03 
 8.031543e+00  7.700732e-03 
 8.031940e+00  6.515953e-03 
 8.032338e+00  5.339927e-03 
 8.032736e+00  4.165167e-03 
 8.033134e+00  2.997820e-03 
 8.033531e+00  1.850719e-03 
 8.033929e+00  6.988754e-04 
 8.034327e+00 -4.515275e-04 
 8.034724e+00 -1.586583e-03 
 8.035122e+00 -2.689745e-03 
 8.035520e+00 -3.782136e-03 
 8.035917e+00 -4.848436e-03 
 8.036315e+00 -5.905132e-03 
 8.036713e+00 -6.927949e-03 
 8.037110e+00 -7.959802e-03 
 8.037508e+00 -8.963005e-03 
 8.037906e+00 -9.954609e-03 
 8.038304e+00 -1.093032e-02 
 8.038701e+00 -1.189805e-02 
 8.039099e+00 -1.284400e-02 
 8.039497e+00 -1.377689e-02 
 8.039894e+00 -1.468027e-02 
 8.040292e+00 -1.554748e-02 
 8.040690e+00 -1.639558e-02 
 8.041087e+00 -1.721467e-02 
 8.041485e+00 -1.800682e-02 
 8.041883e+00 -1.877609e-02 
 8.042281e+00 -1.952712e-02 
 8.042678e+00 -2.025402e-02 
 8.043076e+00 -2.095665e-02 
 8.043474e+00 -2.165454e-02 
 8.043871e+00 -2.232567e-02 
 8.044269e+00 -2.297665e-02 
 8.044667e+00 -2.359859e-02 
 8.045064e+00 -2.417577e-02 
 8.045462e+00 -2.472425e-02 
 8.045860e+00 -2.525150e-02 
 8.046257e+00 -2.575444e-02 
 8.046655e+00 -2.622704e-02 
 8.047053e+00 -2.668596e-02 
 8.047451e+00 -2.712102e-02 
 8.047848e+00 -2.753263e-02 
 8.048246e+00 -2.793228e-02 
 8.048644e+00 -2.830033e-02 
 8.049041e+00 -2.862847e-02 
 8.049439e+00 -2.891583e-02 
 8.049837e+00 -2.916327e-02 
 8.050234e+00 -2.937404e-02 
 8.050632e+00 -2.954621e-02 
 8.051030e+00 -2.970182e-02 
 8.051428e+00 -2.982341e-02 
 8.051825e+00 -2.990877e-02 
 8.052223e+00 -2.998227e-02 
 8.052621e+00 -3.002879e-02 
 8.053018e+00 -3.005261e-02 
 8.053416e+00 -3.003828e-02 
 8.053814e+00 -2.999922e-02 
 8.054211e+00 -2.990143e-02 
 8.054609e+00 -2.976900e-02 
 8.055007e+00 -2.960472e-02 
 8.055404e+00 -2.940091e-02 
 8.055802e+00 -2.916368e-02 
 8.056200e+00 -2.890641e-02 
 8.056598e+00 -2.861005e-02 
 8.056995e+00 -2.828608e-02 
 8.057393e+00 -2.792933e-02 
 8.057791e+00 -2.754661e-02 
 8.058188e+00 -2.712898e-02 
 8.058586e+00 -2.667282e-02 
 8.058984e+00 -2.616908e-02 
 8.059381e+00 -2.562506e-02 
 8.059779e+00 -2.504866e-02 
 8.060177e+00 -2.444829e-02 
 8.060575e+00 -2.381038e-02 
 8.060972e+00 -2.314649e-02 
 8.061370e+00 -2.246399e-02 
 8.061768e+00 -2.174734e-02 
 8.062165e+00 -2.101371e-02 
 8.062563e+00 -2.025694e-02 
 8.062961e+00 -1.948587e-02 
 8.063358e+00 -1.868767e-02 
 8.063756e+00 -1.785852e-02 
 8.064154e+00 -1.700179e-02 
 8.064551e+00 -1.611740e-02 
 8.064949e+00 -1.520955e-02 
 8.065347e+00 -1.428003e-02 
 8.065745e+00 -1.334160e-02 
 8.066142e+00 -1.237986e-02 
 8.066540e+00 -1.141470e-02 
 8.066938e+00 -1.042970e-02 
 8.067335e+00 -9.440096e-03 
 8.067733e+00 -8.432278e-03 
 8.068131e+00 -7.412574e-03 
 8.068528e+00 -6.370050e-03 
 8.068926e+00 -5.294151e-03 
 8.069324e+00 -4.200490e-03 
 8.069722e+00 -3.099200e-03 
 8.070119e+00 -1.979403e-03 
 8.070517e+00 -8.480723e-04 
 8.070915e+00  2.924182e-04 
 8.071312e+00  1.435069e-03 
 8.071710e+00  2.593641e-03 
 8.072108e+00  3.750904e-03 
 8.072505e+00  4.904378e-03 
 8.072903e+00  6.080072e-03 
 8.073301e+00  7.247601e-03 
 8.073698e+00  8.438817e-03 
 8.074096e+00  9.636583e-03 
 8.074494e+00  1.084806e-02 
 8.074892e+00  1.205393e-02 
 8.075289e+00  1.326620e-02 
 8.075687e+00  1.447599e-02 
 8.076085e+00  1.568529e-02 
 8.076482e+00  1.689609e-02 
 8.076880e+00  1.810880e-02 
 8.077278e+00  1.932221e-02 
 8.077675e+00  2.053819e-02 
 8.078073e+00  2.176978e-02 
 8.078471e+00  2.299869e-02 
 8.078869e+00  2.423080e-02 
 8.079266e+00  2.546173e-02 
 8.079664e+00  2.667843e-02 
 8.080062e+00  2.789482e-02 
 8.080459e+00  2.910586e-02 
 8.080857e+00  3.031673e-02 
 8.081255e+00  3.150677e-02 
 8.081652e+00  3.268490e-02 
 8.082050e+00  3.384343e-02 
 8.082448e+00  3.499295e-02 
 8.082845e+00  3.612836e-02 
 8.083243e+00  3.727547e-02 
 8.083641e+00  3.840093e-02 
 8.084039e+00  3.951827e-02 
 8.084436e+00  4.062700e-02 
 8.084834e+00  4.172405e-02 
 8.085232e+00  4.281472e-02 
 8.085629e+00  4.389208e-02 
 8.086027e+00  4.495606e-02 
 8.086425e+00  4.598827e-02 
 8.086822e+00  4.700466e-02 
 8.087220e+00  4.801983e-02 
 8.087618e+00  4.900548e-02 
 8.088016e+00  4.998945e-02 
 8.088413e+00  5.095782e-02 
 8.088811e+00  5.190503e-02 
 8.089209e+00  5.282329e-02 
 8.089606e+00  5.374490e-02 
 8.090004e+00  5.464951e-02 
 8.090402e+00  5.552966e-02 
 8.090799e+00  5.637871e-02 
 8.091197e+00  5.719888e-02 
 8.091595e+00  5.797600e-02 
 8.091992e+00  5.872934e-02 
 8.092390e+00  5.945745e-02 
 8.092788e+00  6.016776e-02 
 8.093186e+00  6.085548e-02 
 8.093583e+00  6.150566e-02 
 8.093981e+00  6.213931e-02 
 8.094379e+00  6.273151e-02 
 8.094776e+00  6.330163e-02 
 8.095174e+00  6.383571e-02 
 8.095572e+00  6.434137e-02 
 8.095969e+00  6.479107e-02 
 8.096367e+00  6.520614e-02 
 8.096765e+00  6.559278e-02 
 8.097163e+00  6.595118e-02 
 8.097560e+00  6.628200e-02 
 8.097958e+00  6.658095e-02 
 8.098356e+00  6.684400e-02 
 8.098753e+00  6.707347e-02 
 8.099151e+00  6.728085e-02 
 8.099549e+00  6.745462e-02 
 8.099946e+00  6.760474e-02 
 8.100344e+00  6.770471e-02 
 8.100742e+00  6.777591e-02 
 8.101139e+00  6.779613e-02 
 8.101537e+00  6.777792e-02 
 8.101935e+00  6.773031e-02 
 8.102333e+00  6.765735e-02 
 8.102730e+00  6.755217e-02 
 8.103128e+00  6.742031e-02 
 8.103526e+00  6.724886e-02 
 8.103923e+00  6.705908e-02 
 8.104321e+00  6.684688e-02 
 8.104719e+00  6.660931e-02 
 8.105116e+00  6.635211e-02 
 8.105514e+00  6.606117e-02 
 8.105912e+00  6.573547e-02 
 8.106310e+00  6.537433e-02 
 8.106707e+00  6.499404e-02 
 8.107105e+00  6.458946e-02 
 8.107503e+00  6.415167e-02 
 8.107900e+00  6.368434e-02 
 8.108298e+00  6.318668e-02 
 8.108696e+00  6.267032e-02 
 8.109093e+00  6.214466e-02 
 8.109491e+00  6.160825e-02 
 8.109889e+00  6.102726e-02 
 8.110286e+00  6.042940e-02 
 8.110684e+00  5.979017e-02 
 8.111082e+00  5.912484e-02 
 8.111480e+00  5.841618e-02 
 8.111877e+00  5.770392e-02 
 8.112275e+00  5.695844e-02 
 8.112673e+00  5.617783e-02 
 8.113070e+00  5.537890e-02 
 8.113468e+00  5.456792e-02 
 8.113866e+00  5.372466e-02 
 8.114263e+00  5.287793e-02 
 8.114661e+00  5.200754e-02 
 8.115059e+00  5.110663e-02 
 8.115457e+00  5.017244e-02 
 8.115854e+00  4.922079e-02 
 8.116252e+00  4.825845e-02 
 8.116650e+00  4.725980e-02 
 8.117047e+00  4.625177e-02 
 8.117445e+00  4.522555e-02 
 8.117843e+00  4.418044e-02 
 8.118240e+00  4.311893e-02 
 8.118638e+00  4.206344e-02 
 8.119036e+00  4.099666e-02 
 8.119433e+00  3.990892e-02 
 8.119831e+00  3.880958e-02 
 8.120229e+00  3.768800e-02 
 8.120627e+00  3.652937e-02 
 8.121024e+00  3.536701e-02 
 8.121422e+00  3.418981e-02 
 8.121820e+00  3.299379e-02 
 8.122217e+00  3.179604e-02 
 8.122615e+00  3.058901e-02 
 8.123013e+00  2.936861e-02 
 8.123410e+00  2.814031e-02 
 8.123808e+00  2.692101e-02 
 8.124206e+00  2.569843e-02 
 8.124604e+00  2.446367e-02 
 8.125001e+00  2.322067e-02 
 8.125399e+00  2.196399e-02 
 8.125797e+00  2.070202e-02 
 8.126194e+00  1.944390e-02 
 8.126592e+00  1.819025e-02 
 8.126990e+00  1.691823e-02 
 8.127387e+00  1.565323e-02 
 8.127785e+00  1.438410e-02 
 8.128183e+00  1.313523e-02 
 8.128580e+00  1.188921e-02 
 8.128978e+00  1.066514e-02 
 8.129376e+00  9.437730e-03 
 8.129774e+00  8.200075e-03 
 8.130171e+00  6.970867e-03 
 8.130569e+00  5.734641e-03 
 8.130967e+00  4.513027e-03 
 8.131364e+00  3.307197e-03 
 8.131762e+00  2.112211e-03 
 8.132160e+00  9.216623e-04 
 8.132557e+00 -2.589822e-04 
 8.132955e+00 -1.408103e-03 
 8.133353e+00 -2.533585e-03 
 8.133751e+00 -3.645456e-03 
 8.134148e+00 -4.737170e-03 
 8.134546e+00 -5.814600e-03 
 8.134944e+00 -6.877691e-03 
 8.135341e+00 -7.931071e-03 
 8.135739e+00 -8.961213e-03 
 8.136137e+00 -9.973970e-03 
 8.136534e+00 -1.098036e-02 
 8.136932e+00 -1.195689e-02 
 8.137330e+00 -1.290557e-02 
 8.137727e+00 -1.383112e-02 
 8.138125e+00 -1.470896e-02 
 8.138523e+00 -1.555519e-02 
 8.138921e+00 -1.638593e-02 
 8.139318e+00 -1.721480e-02 
 8.139716e+00 -1.799845e-02 
 8.140114e+00 -1.878222e-02 
 8.140511e+00 -1.955546e-02 
 8.140909e+00 -2.028812e-02 
 8.141307e+00 -2.099825e-02 
 8.141704e+00 -2.170532e-02 
 8.142102e+00 -2.237261e-02 
 8.142500e+00 -2.300305e-02 
 8.142898e+00 -2.361055e-02 
 8.143295e+00 -2.417713e-02 
 8.143693e+00 -2.471337e-02 
 8.144091e+00 -2.523883e-02 
 8.144488e+00 -2.573758e-02 
 8.144886e+00 -2.618993e-02 
 8.145284e+00 -2.662424e-02 
 8.145681e+00 -2.704870e-02 
 8.146079e+00 -2.743676e-02 
 8.146477e+00 -2.779374e-02 
 8.146874e+00 -2.813671e-02 
 8.147272e+00 -2.842592e-02 
 8.147670e+00 -2.867601e-02 
 8.148068e+00 -2.889784e-02 
 8.148465e+00 -2.909783e-02 
 8.148863e+00 -2.926453e-02 
 8.149261e+00 -2.941108e-02 
 8.149658e+00 -2.954158e-02 
 8.150056e+00 -2.964218e-02 
 8.150454e+00 -2.970644e-02 
 8.150851e+00 -2.976305e-02 
 8.151249e+00 -2.978317e-02 
 8.151647e+00 -2.976963e-02 
 8.152045e+00 -2.972242e-02 
 8.152442e+00 -2.963054e-02 
 8.152840e+00 -2.950043e-02 
 8.153238e+00 -2.934196e-02 
 8.153635e+00 -2.914693e-02 
 8.154033e+00 -2.891825e-02 
 8.154431e+00 -2.866414e-02 
 8.154828e+00 -2.839112e-02 
 8.155226e+00 -2.808400e-02 
 8.155624e+00 -2.774756e-02 
 8.156021e+00 -2.741015e-02 
 8.156419e+00 -2.702179e-02 
 8.156817e+00 -2.658847e-02 
 8.157215e+00 -2.611863e-02 
 8.157612e+00 -2.562100e-02 
 8.158010e+00 -2.509141e-02 
 8.158408e+00 -2.452277e-02 
 8.158805e+00 -2.394367e-02 
 8.159203e+00 -2.334575e-02 
 8.159601e+00 -2.270973e-02 
 8.159998e+00 -2.206738e-02 
 8.160396e+00 -2.139020e-02 
 8.160794e+00 -2.068365e-02 
 8.161192e+00 -1.994433e-02 
 8.161589e+00 -1.918422e-02 
 8.161987e+00 -1.836459e-02 
 8.162385e+00 -1.753109e-02 
 8.162782e+00 -1.667212e-02 
 8.163180e+00 -1.578733e-02 
 8.163578e+00 -1.487117e-02 
 8.163975e+00 -1.394327e-02 
 8.164373e+00 -1.299679e-02 
 8.164771e+00 -1.203032e-02 
 8.165168e+00 -1.104908e-02 
 8.165566e+00 -1.004553e-02 
 8.165964e+00 -9.009229e-03 
 8.166362e+00 -7.944959e-03 
 8.166759e+00 -6.864866e-03 
 8.167157e+00 -5.751696e-03 
 8.167555e+00 -4.631263e-03 
 8.167952e+00 -3.507094e-03 
 8.168350e+00 -2.381618e-03 
 8.168748e+00 -1.237325e-03 
 8.169145e+00 -8.671549e-05 
 8.169543e+00  1.059163e-03 
 8.169941e+00  2.226639e-03 
 8.170339e+00  3.399229e-03 
 8.170736e+00  4.582589e-03 
 8.171134e+00  5.777042e-03 
 8.171532e+00  6.988586e-03 
 8.171929e+00  8.200520e-03 
 8.172327e+00  9.428978e-03 
 8.172725e+00  1.065664e-02 
 8.173122e+00  1.189180e-02 
 8.173520e+00  1.312133e-02 
 8.173918e+00  1.437148e-02 
 8.174315e+00  1.561569e-02 
 8.174713e+00  1.684486e-02 
 8.175111e+00  1.806859e-02 
 8.175509e+00  1.929961e-02 
 8.175906e+00  2.052888e-02 
 8.176304e+00  2.175029e-02 
 8.176702e+00  2.298456e-02 
 8.177099e+00  2.420081e-02 
 8.177497e+00  2.541188e-02 
 8.177895e+00  2.661488e-02 
 8.178292e+00  2.781706e-02 
 8.178690e+00  2.901239e-02 
 8.179088e+00  3.020723e-02 
 8.179486e+00  3.138382e-02 
 8.179883e+00  3.253794e-02 
 8.180281e+00  3.369028e-02 
 8.180679e+00  3.484111e-02 
 8.181076e+00  3.597486e-02 
 8.181474e+00  3.711227e-02 
 8.181872e+00  3.823410e-02 
 8.182269e+00  3.934627e-02 
 8.182667e+00  4.044800e-02 
 8.183065e+00  4.154937e-02 
 8.183462e+00  4.263379e-02 
 8.183860e+00  4.368757e-02 
 8.184258e+00  4.474507e-02 
 8.184656e+00  4.576344e-02 
 8.185053e+00  4.676210e-02 
 8.185451e+00  4.776669e-02 
 8.185849e+00  4.874613e-02 
 8.186246e+00  4.972245e-02 
 8.186644e+00  5.066249e-02 
 8.187042e+00  5.158244e-02 
 8.187439e+00  5.247789e-02 
 8.187837e+00  5.335549e-02 
 8.188235e+00  5.422700e-02 
 8.188633e+00  5.505606e-02 
 8.189030e+00  5.587026e-02 
 8.189428e+00  5.666423e-02 
 8.189826e+00  5.741914e-02 
 8.190223e+00  5.816107e-02 
 8.190621e+00  5.888969e-02 
 8.191019e+00  5.959669e-02 
 8.191416e+00  6.027090e-02 
 8.191814e+00  6.091803e-02 
 8.192212e+00  6.154887e-02 
 8.192609e+00  6.215696e-02 
 8.193007e+00  6.275535e-02 
 8.193405e+00  6.332133e-02 
 8.193803e+00  6.384894e-02 
 8.194200e+00  6.435453e-02 
 8.194598e+00  6.482398e-02 
 8.194996e+00  6.527253e-02 
 8.195393e+00  6.568095e-02 
 8.195791e+00  6.606793e-02 
 8.196189e+00  6.641082e-02 
 8.196586e+00  6.671835e-02 
 8.196984e+00  6.698816e-02 
 8.197382e+00  6.724152e-02 
 8.197780e+00  6.745838e-02 
 8.198177e+00  6.763870e-02 
 8.198575e+00  6.778574e-02 
 8.198973e+00  6.789352e-02 
 8.199370e+00  6.796602e-02 
 8.199768e+00  6.800072e-02 
 8.200166e+00  6.800836e-02 
 8.200563e+00  6.797448e-02 
 8.200961e+00  6.791185e-02 
 8.201359e+00  6.780843e-02 
 8.201756e+00  6.767701e-02 
 8.202154e+00  6.750817e-02 
 8.202552e+00  6.732016e-02 
 8.202950e+00  6.709134e-02 
 8.203347e+00  6.681824e-02 
 8.203745e+00  6.651383e-02 
 8.204143e+00  6.617112e-02 
 8.204540e+00  6.579706e-02 
 8.204938e+00  6.539940e-02 
 8.205336e+00  6.497695e-02 
 8.205733e+00  6.451700e-02 
 8.206131e+00  6.401616e-02 
 8.206529e+00  6.351142e-02 
 8.206927e+00  6.297308e-02 
 8.207324e+00  6.240081e-02 
 8.207722e+00  6.181011e-02 
 8.208120e+00  6.119615e-02 
 8.208517e+00  6.054015e-02 
 8.208915e+00  5.986609e-02 
 8.209313e+00  5.916780e-02 
 8.209710e+00  5.845625e-02 
 8.210108e+00  5.770653e-02 
 8.210506e+00  5.695077e-02 
 8.210903e+00  5.616324e-02 
 8.211301e+00  5.535417e-02 
 8.211699e+00  5.453709e-02 
 8.212097e+00  5.371289e-02 
 8.212494e+00  5.286602e-02 
 8.212892e+00  5.198667e-02 
 8.213290e+00  5.110408e-02 
 8.213687e+00  5.018262e-02 
 8.214085e+00  4.925070e-02 
 8.214483e+00  4.830068e-02 
 8.214880e+00  4.734100e-02 
 8.215278e+00  4.635414e-02 
 8.215676e+00  4.533653e-02 
 8.216074e+00  4.431073e-02 
 8.216471e+00  4.326260e-02 
 8.216869e+00  4.220514e-02 
 8.217267e+00  4.114539e-02 
 8.217664e+00  4.005069e-02 
 8.218062e+00  3.894273e-02 
 8.218460e+00  3.781524e-02 
 8.218857e+00  3.666547e-02 
 8.219255e+00  3.550392e-02 
 8.219653e+00  3.433632e-02 
 8.220050e+00  3.315649e-02 
 8.220448e+00  3.195642e-02 
 8.220846e+00  3.075477e-02 
 8.221244e+00  2.955868e-02 
 8.221641e+00  2.836624e-02 
 8.222039e+00  2.716341e-02 
 8.222437e+00  2.596464e-02 
 8.222834e+00  2.473561e-02 
 8.223232e+00  2.349386e-02 
 8.223630e+00  2.225643e-02 
 8.224027e+00  2.102122e-02 
 8.224425e+00  1.977206e-02 
 8.224823e+00  1.852412e-02 
 8.225221e+00  1.727923e-02 
 8.225618e+00  1.603443e-02 
 8.226016e+00  1.479401e-02 
 8.226414e+00  1.357925e-02 
 8.226811e+00  1.235145e-02 
 8.227209e+00  1.113483e-02 
 8.227607e+00  9.915574e-03 
 8.228004e+00  8.689897e-03 
 8.228402e+00  7.464885e-03 
 8.228800e+00  6.260498e-03 
 8.229197e+00  5.061837e-03 
 8.229595e+00  3.865536e-03 
 8.229993e+00  2.685654e-03 
 8.230391e+00  1.526880e-03 
 8.230788e+00  3.728057e-04 
 8.231186e+00 -7.648356e-04 
 8.231584e+00 -1.883734e-03 
 8.231981e+00 -3.005544e-03 
 8.232379e+00 -4.121166e-03 
 8.232777e+00 -5.221004e-03 
 8.233174e+00 -6.308927e-03 
 8.233572e+00 -7.387265e-03 
 8.233970e+00 -8.431964e-03 
 8.234368e+00 -9.468717e-03 
 8.234765e+00 -1.048375e-02 
 8.235163e+00 -1.148562e-02 
 8.235561e+00 -1.246479e-02 
 8.235958e+00 -1.341984e-02 
 8.236356e+00 -1.435185e-02 
 8.236754e+00 -1.527440e-02 
 8.237151e+00 -1.617425e-02 
 8.237549e+00 -1.706364e-02 
 8.237947e+00 -1.793410e-02 
 8.238344e+00 -1.877361e-02 
 8.238742e+00 -1.958002e-02 
 8.239140e+00 -2.035478e-02 
 8.239538e+00 -2.109923e-02 
 8.239935e+00 -2.181858e-02 
 8.240333e+00 -2.249833e-02 
 8.240731e+00 -2.313613e-02 
 8.241128e+00 -2.374660e-02 
 8.241526e+00 -2.432375e-02 
 8.241924e+00 -2.487867e-02 
 8.242321e+00 -2.540314e-02 
 8.242719e+00 -2.590329e-02 
 8.243117e+00 -2.636859e-02 
 8.243515e+00 -2.680626e-02 
 8.243912e+00 -2.721687e-02 
 8.244310e+00 -2.758956e-02 
 8.244708e+00 -2.793063e-02 
 8.245105e+00 -2.824099e-02 
 8.245503e+00 -2.852131e-02 
 8.245901e+00 -2.875072e-02 
 8.246298e+00 -2.896067e-02 
 8.246696e+00 -2.914888e-02 
 8.247094e+00 -2.930935e-02 
 8.247491e+00 -2.944217e-02 
 8.247889e+00 -2.955716e-02 
 8.248287e+00 -2.962996e-02 
 8.248685e+00 -2.966946e-02 
 8.249082e+00 -2.968302e-02 
 8.249480e+00 -2.968006e-02 
 8.249878e+00 -2.961719e-02 
 8.250275e+00 -2.953901e-02 
 8.250673e+00 -2.942260e-02 
 8.251071e+00 -2.928205e-02 
 8.251468e+00 -2.910289e-02 
 8.251866e+00 -2.892603e-02 
 8.252264e+00 -2.871307e-02 
 8.252662e+00 -2.847010e-02 
 8.253059e+00 -2.821397e-02 
 8.253457e+00 -2.792961e-02 
 8.253855e+00 -2.760737e-02 
 8.254252e+00 -2.725629e-02 
 8.254650e+00 -2.688048e-02 
 8.255048e+00 -2.645639e-02 
 8.255445e+00 -2.599687e-02 
 8.255843e+00 -2.553673e-02 
 8.256241e+00 -2.503113e-02 
 8.256638e+00 -2.450601e-02 
 8.257036e+00 -2.396728e-02 
 8.257434e+00 -2.338990e-02 
 8.257832e+00 -2.278528e-02 
 8.258229e+00 -2.213961e-02 
 8.258627e+00 -2.148821e-02 
 8.259025e+00 -2.078111e-02 
 8.259422e+00 -2.004749e-02 
 8.259820e+00 -1.927995e-02 
 8.260218e+00 -1.847561e-02 
 8.260615e+00 -1.765234e-02 
 8.261013e+00 -1.680952e-02 
 8.261411e+00 -1.594323e-02 
 8.261809e+00 -1.505165e-02 
 8.262206e+00 -1.414435e-02 
 8.262604e+00 -1.322014e-02 
 8.263002e+00 -1.227729e-02 
 8.263399e+00 -1.130807e-02 
 8.263797e+00 -1.032871e-02 
 8.264195e+00 -9.319432e-03 
 8.264592e+00 -8.288983e-03 
 8.264990e+00 -7.239376e-03 
 8.265388e+00 -6.184988e-03 
 8.265785e+00 -5.110041e-03 
 8.266183e+00 -4.030512e-03 
 8.266581e+00 -2.927869e-03 
 8.266979e+00 -1.804762e-03 
 8.267376e+00 -6.790203e-04 
 8.267774e+00  4.675549e-04 
 8.268172e+00  1.619756e-03 
 8.268569e+00  2.795158e-03 
 8.268967e+00  3.983208e-03 
 8.269365e+00  5.193934e-03 
 8.269762e+00  6.411671e-03 
 8.270160e+00  7.624794e-03 
 8.270558e+00  8.847980e-03 
 8.270956e+00  1.008118e-02 
 8.271353e+00  1.130294e-02 
 8.271751e+00  1.253710e-02 
 8.272149e+00  1.377133e-02 
 8.272546e+00  1.500217e-02 
 8.272944e+00  1.623384e-02 
 8.273342e+00  1.747547e-02 
 8.273739e+00  1.873830e-02 
 8.274137e+00  1.999945e-02 
 8.274535e+00  2.125436e-02 
 8.274932e+00  2.250621e-02 
 8.275330e+00  2.375892e-02 
 8.275728e+00  2.499223e-02 
 8.276126e+00  2.622571e-02 
 8.276523e+00  2.746024e-02 
 8.276921e+00  2.869122e-02 
 8.277319e+00  2.990210e-02 
 8.277716e+00  3.111564e-02 
 8.278114e+00  3.232448e-02 
 8.278512e+00  3.352431e-02 
 8.278909e+00  3.472434e-02 
 8.279307e+00  3.591289e-02 
 8.279705e+00  3.707836e-02 
 8.280103e+00  3.822285e-02 
 8.280500e+00  3.936095e-02 
 8.280898e+00  4.047356e-02 
 8.281296e+00  4.157090e-02 
 8.281693e+00  4.265426e-02 
 8.282091e+00  4.371960e-02 
 8.282489e+00  4.476123e-02 
 8.282886e+00  4.578635e-02 
 8.283284e+00  4.678921e-02 
 8.283682e+00  4.777913e-02 
 8.284079e+00  4.875011e-02 
 8.284477e+00  4.970696e-02 
 8.284875e+00  5.061392e-02 
 8.285273e+00  5.150701e-02 
 8.285670e+00  5.238405e-02 
 8.286068e+00  5.324542e-02 
 8.286466e+00  5.408795e-02 
 8.286863e+00  5.489950e-02 
 8.287261e+00  5.569651e-02 
 8.287659e+00  5.646277e-02 
 8.288056e+00  5.720161e-02 
 8.288454e+00  5.793543e-02 
 8.288852e+00  5.864277e-02 
 8.289250e+00  5.933833e-02 
 8.289647e+00  5.999920e-02 
 8.290045e+00  6.063509e-02 
 8.290443e+00  6.125613e-02 
 8.290840e+00  6.185092e-02 
 8.291238e+00  6.240898e-02 
 8.291636e+00  6.294270e-02 
 8.292033e+00  6.344585e-02 
 8.292431e+00  6.390741e-02 
 8.292829e+00  6.435063e-02 
 8.293226e+00  6.476976e-02 
 8.293624e+00  6.516590e-02 
 8.294022e+00  6.553878e-02 
 8.294420e+00  6.589121e-02 
 8.294817e+00  6.620813e-02 
 8.295215e+00  6.649293e-02 
 8.295613e+00  6.676745e-02 
 8.296010e+00  6.701659e-02 
 8.296408e+00  6.721860e-02 
 8.296806e+00  6.738620e-02 
 8.297203e+00  6.752351e-02 
 8.297601e+00  6.762681e-02 
 8.297999e+00  6.771022e-02 
 8.298397e+00  6.777276e-02 
 8.298794e+00  6.779327e-02 
 8.299192e+00  6.778379e-02 
 8.299590e+00  6.774648e-02 
 8.299987e+00  6.766829e-02 
 8.300385e+00  6.755912e-02 
 8.300783e+00  6.742189e-02 
 8.301180e+00  6.723460e-02 
 8.301578e+00  6.700970e-02 
 8.301976e+00  6.674907e-02 
 8.302373e+00  6.646095e-02 
 8.302771e+00  6.615775e-02 
 8.303169e+00  6.580642e-02 
 8.303567e+00  6.543064e-02 
 8.303964e+00  6.500385e-02 
 8.304362e+00  6.454530e-02 
 8.304760e+00  6.406590e-02 
 8.305157e+00  6.355733e-02 
 8.305555e+00  6.301101e-02 
 8.305953e+00  6.243298e-02 
 8.306350e+00  6.181558e-02 
 8.306748e+00  6.116901e-02 
 8.307146e+00  6.048702e-02 
 8.307544e+00  5.979187e-02 
 8.307941e+00  5.907583e-02 
 8.308339e+00  5.831903e-02 
 8.308737e+00  5.754182e-02 
 8.309134e+00  5.673730e-02 
 8.309532e+00  5.592750e-02 
 8.309930e+00  5.508353e-02 
 8.310327e+00  5.422776e-02 
 8.310725e+00  5.332576e-02 
 8.311123e+00  5.240694e-02 
 8.311520e+00  5.145755e-02 
 8.311918e+00  5.048129e-02 
 8.312316e+00  4.949136e-02 
 8.312714e+00  4.849501e-02 
 8.313111e+00  4.747383e-02 
 8.313509e+00  4.643167e-02 
 8.313907e+00  4.537674e-02 
 8.314304e+00  4.432412e-02 
 8.314702e+00  4.326463e-02 
 8.315100e+00  4.219184e-02 
 8.315497e+00  4.110567e-02 
 8.315895e+00  3.999526e-02 
 8.316293e+00  3.886269e-02 
 8.316691e+00  3.772841e-02 
 8.317088e+00  3.658842e-02 
 8.317486e+00  3.543846e-02 
 8.317884e+00  3.428774e-02 
 8.318281e+00  3.314121e-02 
 8.318679e+00  3.198110e-02 
 8.319077e+00  3.081517e-02 
 8.319474e+00  2.966610e-02 
 8.319872e+00  2.849086e-02 
 8.320270e+00  2.731231e-02 
 8.320667e+00  2.611281e-02 
 8.321065e+00  2.490851e-02 
 8.321463e+00  2.368989e-02 
 8.321861e+00  2.248578e-02 
 8.322258e+00  2.127912e-02 
 8.322656e+00  2.006937e-02 
 8.323054e+00  1.885155e-02 
 8.323451e+00  1.764209e-02 
 8.323849e+00  1.643120e-02 
 8.324247e+00  1.522678e-02 
 8.324644e+00  1.403459e-02 
 8.325042e+00  1.282961e-02 
 8.325440e+00  1.161626e-02 
 8.325838e+00  1.040436e-02 
 8.326235e+00  9.183917e-03 
 8.326633e+00  7.968587e-03 
 8.327031e+00  6.760455e-03 
 8.327428e+00  5.568265e-03 
 8.327826e+00  4.376759e-03 
 8.328224e+00  3.201779e-03 
 8.328621e+00  2.049920e-03 
 8.329019e+00  9.029936e-04 
 8.329417e+00 -2.420522e-04 
 8.329814e+00 -1.358936e-03 
 8.330212e+00 -2.488488e-03 
 8.330610e+00 -3.616203e-03 
 8.331008e+00 -4.739996e-03 
 8.331405e+00 -5.839304e-03 
 8.331803e+00 -6.935149e-03 
 8.332201e+00 -8.008633e-03 
 8.332598e+00 -9.061402e-03 
 8.332996e+00 -1.010838e-02 
 8.333394e+00 -1.112263e-02 
 8.333791e+00 -1.209713e-02 
 8.334189e+00 -1.304995e-02 
 8.334587e+00 -1.399133e-02 
 8.334985e+00 -1.490226e-02 
 8.335382e+00 -1.581031e-02 
 8.335780e+00 -1.670329e-02 
 8.336178e+00 -1.757121e-02 
 8.336575e+00 -1.840951e-02 
 8.336973e+00 -1.921956e-02 
 8.337371e+00 -1.999980e-02 
 8.337768e+00 -2.074680e-02 
 8.338166e+00 -2.147431e-02 
 8.338564e+00 -2.215890e-02 
 8.338961e+00 -2.282227e-02 
 8.339359e+00 -2.346231e-02 
 8.339757e+00 -2.408791e-02 
 8.340155e+00 -2.469238e-02 
 8.340552e+00 -2.526787e-02 
 8.340950e+00 -2.581435e-02 
 8.341348e+00 -2.632807e-02 
 8.341745e+00 -2.680703e-02 
 8.342143e+00 -2.725887e-02 
 8.342541e+00 -2.768128e-02 
 8.342938e+00 -2.805928e-02 
 8.343336e+00 -2.839920e-02 
 8.343734e+00 -2.869490e-02 
 8.344132e+00 -2.897093e-02 
 8.344529e+00 -2.921491e-02 
 8.344927e+00 -2.943930e-02 
 8.345325e+00 -2.963567e-02 
 8.345722e+00 -2.979043e-02 
 8.346120e+00 -2.990545e-02 
 8.346518e+00 -2.999202e-02 
 8.346915e+00 -3.004047e-02 
 8.347313e+00 -3.005243e-02 
 8.347711e+00 -3.002590e-02 
 8.348108e+00 -2.997479e-02 
 8.348506e+00 -2.987852e-02 
 8.348904e+00 -2.975519e-02 
 8.349302e+00 -2.961202e-02 
 8.349699e+00 -2.943618e-02 
 8.350097e+00 -2.922297e-02 
 8.350495e+00 -2.898610e-02 
 8.350892e+00 -2.871456e-02 
 8.351290e+00 -2.841046e-02 
 8.351688e+00 -2.809196e-02 
 8.352085e+00 -2.773625e-02 
 8.352483e+00 -2.734187e-02 
 8.352881e+00 -2.691283e-02 
 8.353279e+00 -2.645936e-02 
 8.353676e+00 -2.596999e-02 
 8.354074e+00 -2.546365e-02 
 8.354472e+00 -2.492952e-02 
 8.354869e+00 -2.437739e-02 
 8.355267e+00 -2.380237e-02 
 8.355665e+00 -2.320832e-02 
 8.356062e+00 -2.257967e-02 
 8.356460e+00 -2.192745e-02 
 8.356858e+00 -2.125014e-02 
 8.357255e+00 -2.055190e-02 
 8.357653e+00 -1.982472e-02 
 8.358051e+00 -1.907352e-02 
 8.358449e+00 -1.830358e-02 
 8.358846e+00 -1.752006e-02 
 8.359244e+00 -1.672282e-02 
 8.359642e+00 -1.590533e-02 
 8.360039e+00 -1.507627e-02 
 8.360437e+00 -1.422779e-02 
 8.360835e+00 -1.336269e-02 
 8.361232e+00 -1.247353e-02 
 8.361630e+00 -1.156760e-02 
 8.362028e+00 -1.062149e-02 
 8.362426e+00 -9.651630e-03 
 8.362823e+00 -8.649591e-03 
 8.363221e+00 -7.632889e-03 
 8.363619e+00 -6.600192e-03 
 8.364016e+00 -5.551061e-03 
 8.364414e+00 -4.483499e-03 
 8.364812e+00 -3.401652e-03 
 8.365209e+00 -2.301607e-03 
 8.365607e+00 -1.191470e-03 
 8.366005e+00 -5.854338e-05 
 8.366402e+00  1.079277e-03 
 8.366800e+00  2.252675e-03 
 8.367198e+00  3.434428e-03 
 8.367596e+00  4.622850e-03 
 8.367993e+00  5.833850e-03 
 8.368391e+00  7.041323e-03 
 8.368789e+00  8.248039e-03 
 8.369186e+00  9.471368e-03 
 8.369584e+00  1.071450e-02 
 8.369982e+00  1.195826e-02 
 8.370379e+00  1.319413e-02 
 8.370777e+00  1.444435e-02 
 8.371175e+00  1.569701e-02 
 8.371573e+00  1.696145e-02 
 8.371970e+00  1.823284e-02 
 8.372368e+00  1.951133e-02 
 8.372766e+00  2.078111e-02 
 8.373163e+00  2.204341e-02 
 8.373561e+00  2.330825e-02 
 8.373959e+00  2.456770e-02 
 8.374356e+00  2.581702e-02 
 8.374754e+00  2.706048e-02 
 8.375152e+00  2.830052e-02 
 8.375549e+00  2.953136e-02 
 8.375947e+00  3.075140e-02 
 8.376345e+00  3.196781e-02 
 8.376743e+00  3.317535e-02 
 8.377140e+00  3.437583e-02 
 8.377538e+00  3.555337e-02 
 8.377936e+00  3.672172e-02 
 8.378333e+00  3.786863e-02 
 8.378731e+00  3.901121e-02 
 8.379129e+00  4.014106e-02 
 8.379526e+00  4.125381e-02 
 8.379924e+00  4.234533e-02 
 8.380322e+00  4.342398e-02 
 8.380720e+00  4.448329e-02 
 8.381117e+00  4.551516e-02 
 8.381515e+00  4.655173e-02 
 8.381913e+00  4.757061e-02 
 8.382310e+00  4.856757e-02 
 8.382708e+00  4.954214e-02 
 8.383106e+00  5.050453e-02 
 8.383503e+00  5.145475e-02 
 8.383901e+00  5.237475e-02 
 8.384299e+00  5.326710e-02 
 8.384696e+00  5.414486e-02 
 8.385094e+00  5.499431e-02 
 8.385492e+00  5.581041e-02 
 8.385890e+00  5.660279e-02 
 8.386287e+00  5.737772e-02 
 8.386685e+00  5.812019e-02 
 8.387083e+00  5.882788e-02 
 8.387480e+00  5.950892e-02 
 8.387878e+00  6.016149e-02 
 8.388276e+00  6.078705e-02 
 8.388673e+00  6.139145e-02 
 8.389071e+00  6.197698e-02 
 8.389469e+00  6.250874e-02 
 8.389867e+00  6.301284e-02 
 8.390264e+00  6.349004e-02 
 8.390662e+00  6.394125e-02 
 8.391060e+00  6.436724e-02 
 8.391457e+00  6.476958e-02 
 8.391855e+00  6.514952e-02 
 8.392253e+00  6.548994e-02 
 8.392650e+00  6.580175e-02 
 8.393048e+00  6.609798e-02 
 8.393446e+00  6.635100e-02 
 8.393843e+00  6.659126e-02 
 8.394241e+00  6.679729e-02 
 8.394639e+00  6.696825e-02 
 8.395037e+00  6.710126e-02 
 8.395434e+00  6.721498e-02 
 8.395832e+00  6.731308e-02 
 8.396230e+00  6.736622e-02 
 8.396627e+00  6.740250e-02 
 8.397025e+00  6.741397e-02 
 8.397423e+00  6.737828e-02 
 8.397820e+00  6.734430e-02 
 8.398218e+00  6.728147e-02 
 8.398616e+00  6.718694e-02 
 8.399014e+00  6.706029e-02 
 8.399411e+00  6.689320e-02 
 8.399809e+00  6.667446e-02 
 8.400207e+00  6.643815e-02 
 8.400604e+00  6.617806e-02 
 8.401002e+00  6.589200e-02 
 8.401400e+00  6.557976e-02 
 8.401797e+00  6.524419e-02 
 8.402195e+00  6.487511e-02 
 8.402593e+00  6.448898e-02 
 8.402990e+00  6.407272e-02 
 8.403388e+00  6.362014e-02 
 8.403786e+00  6.314123e-02 
 8.404184e+00  6.262665e-02 
 8.404581e+00  6.205823e-02 
 8.404979e+00  6.145681e-02 
 8.405377e+00  6.083161e-02 
 8.405774e+00  6.018395e-02 
 8.406172e+00  5.950167e-02 
 8.406570e+00  5.878749e-02 
 8.406967e+00  5.804744e-02 
 8.407365e+00  5.728224e-02 
 8.407763e+00  5.649445e-02 
 8.408161e+00  5.568300e-02 
 8.408558e+00  5.482943e-02 
 8.408956e+00  5.394619e-02 
 8.409354e+00  5.302255e-02 
 8.409751e+00  5.207693e-02 
 8.410149e+00  5.112162e-02 
 8.410547e+00  5.014708e-02 
 8.410944e+00  4.916033e-02 
 8.411342e+00  4.815156e-02 
 8.411740e+00  4.712282e-02 
 8.412137e+00  4.607186e-02 
 8.412535e+00  4.501426e-02 
 8.412933e+00  4.394473e-02 
 8.413331e+00  4.285204e-02 
 8.413728e+00  4.172797e-02 
 8.414126e+00  4.059113e-02 
 8.414524e+00  3.944159e-02 
 8.414921e+00  3.828120e-02 
 8.415319e+00  3.710345e-02 
 8.415717e+00  3.592637e-02 
 8.416114e+00  3.473611e-02 
 8.416512e+00  3.353092e-02 
 8.416910e+00  3.232292e-02 
 8.417308e+00  3.111664e-02 
 8.417705e+00  2.990763e-02 
 8.418103e+00  2.869179e-02 
 8.418501e+00  2.744719e-02 
 8.418898e+00  2.619918e-02 
 8.419296e+00  2.496002e-02 
 8.419694e+00  2.371200e-02 
 8.420091e+00  2.246217e-02 
 8.420489e+00  2.122418e-02 
 8.420887e+00  1.997897e-02 
 8.421284e+00  1.874143e-02 
 8.421682e+00  1.751056e-02 
 8.422080e+00  1.629072e-02 
 8.422478e+00  1.506765e-02 
 8.422875e+00  1.386219e-02 
 8.423273e+00  1.265205e-02 
 8.423671e+00  1.143837e-02 
 8.424068e+00  1.023353e-02 
 8.424466e+00  9.040645e-03 
 8.424864e+00  7.852560e-03 
 8.425261e+00  6.679297e-03 
 8.425659e+00  5.514739e-03 
 8.426057e+00  4.360962e-03 
 8.426455e+00  3.227696e-03 
 8.426852e+00  2.106587e-03 
 8.427250e+00  9.900746e-04 
 8.427648e+00 -1.220051e-04 
 8.428045e+00 -1.229266e-03 
 8.428443e+00 -2.332824e-03 
 8.428841e+00 -3.432408e-03 
 8.429238e+00 -4.506948e-03 
 8.429636e+00 -5.561812e-03 
 8.430034e+00 -6.591440e-03 
 8.430431e+00 -7.610771e-03 
 8.430829e+00 -8.606067e-03 
 8.431227e+00 -9.582379e-03 
 8.431625e+00 -1.054364e-02 
 8.432022e+00 -1.147943e-02 
 8.432420e+00 -1.241605e-02 
 8.432818e+00 -1.334584e-02 
 8.433215e+00 -1.426181e-02 
 8.433613e+00 -1.516304e-02 
 8.434011e+00 -1.605147e-02 
 8.434408e+00 -1.690754e-02 
 8.434806e+00 -1.773979e-02 
 8.435204e+00 -1.855299e-02 
 8.435602e+00 -1.935292e-02 
 8.435999e+00 -2.012538e-02 
 8.436397e+00 -2.086943e-02 
 8.436795e+00 -2.159462e-02 
 8.437192e+00 -2.230210e-02 
 8.437590e+00 -2.299514e-02 
 8.437988e+00 -2.365979e-02 
 8.438385e+00 -2.430138e-02 
 8.438783e+00 -2.490041e-02 
 8.439181e+00 -2.547362e-02 
 8.439578e+00 -2.600172e-02 
 8.439976e+00 -2.651123e-02 
 8.440374e+00 -2.698003e-02 
 8.440772e+00 -2.742744e-02 
 8.441169e+00 -2.783441e-02 
 8.441567e+00 -2.820719e-02 
 8.441965e+00 -2.854454e-02 
 8.442362e+00 -2.886365e-02 
 8.442760e+00 -2.916421e-02 
 8.443158e+00 -2.941685e-02 
 8.443555e+00 -2.964715e-02 
 8.443953e+00 -2.983736e-02 
 8.444351e+00 -2.998385e-02 
 8.444749e+00 -3.010190e-02 
 8.445146e+00 -3.018233e-02 
 8.445544e+00 -3.022651e-02 
 8.445942e+00 -3.022664e-02 
 8.446339e+00 -3.020472e-02 
 8.446737e+00 -3.013998e-02 
 8.447135e+00 -3.005060e-02 
 8.447532e+00 -2.994007e-02 
 8.447930e+00 -2.979799e-02 
 8.448328e+00 -2.961637e-02 
 8.448725e+00 -2.939709e-02 
 8.449123e+00 -2.914218e-02 
 8.449521e+00 -2.885782e-02 
 8.449919e+00 -2.852307e-02 
 8.450316e+00 -2.816093e-02 
 8.450714e+00 -2.776287e-02 
 8.451112e+00 -2.732774e-02 
 8.451509e+00 -2.687532e-02 
 8.451907e+00 -2.638933e-02 
 8.452305e+00 -2.588620e-02 
 8.452702e+00 -2.535749e-02 
 8.453100e+00 -2.480454e-02 
 8.453498e+00 -2.421535e-02 
 8.453896e+00 -2.358766e-02 
 8.454293e+00 -2.294275e-02 
 8.454691e+00 -2.227322e-02 
 8.455089e+00 -2.157574e-02 
 8.455486e+00 -2.084962e-02 
 8.455884e+00 -2.009638e-02 
 8.456282e+00 -1.932813e-02 
 8.456679e+00 -1.853752e-02 
 8.457077e+00 -1.772699e-02 
 8.457475e+00 -1.689391e-02 
 8.457872e+00 -1.604246e-02 
 8.458270e+00 -1.514820e-02 
 8.458668e+00 -1.424001e-02 
 8.459066e+00 -1.330556e-02 
 8.459463e+00 -1.236553e-02 
 8.459861e+00 -1.138967e-02 
 8.460259e+00 -1.040240e-02 
 8.460656e+00 -9.395560e-03 
 8.461054e+00 -8.379358e-03 
 8.461452e+00 -7.356207e-03 
 8.461849e+00 -6.336074e-03 
 8.462247e+00 -5.291595e-03 
 8.462645e+00 -4.232868e-03 
 8.463043e+00 -3.174171e-03 
 8.463440e+00 -2.095098e-03 
 8.463838e+00 -1.004879e-03 
 8.464236e+00  9.528946e-05 
 8.464633e+00  1.203546e-03 
 8.465031e+00  2.340976e-03 
 8.465429e+00  3.477818e-03 
 8.465826e+00  4.631436e-03 
 8.466224e+00  5.786218e-03 
 8.466622e+00  6.936138e-03 
 8.467019e+00  8.094305e-03 
 8.467417e+00  9.271987e-03 
 8.467815e+00  1.044912e-02 
 8.468213e+00  1.162380e-02 
 8.468610e+00  1.281348e-02 
 8.469008e+00  1.402075e-02 
 8.469406e+00  1.523899e-02 
 8.469803e+00  1.645632e-02 
 8.470201e+00  1.770130e-02 
 8.470599e+00  1.893260e-02 
 8.470996e+00  2.016453e-02 
 8.471394e+00  2.140061e-02 
 8.471792e+00  2.262417e-02 
 8.472189e+00  2.385617e-02 
 8.472587e+00  2.507775e-02 
 8.472985e+00  2.630106e-02 
 8.473383e+00  2.752112e-02 
 8.473780e+00  2.873743e-02 
 8.474178e+00  2.996446e-02 
 8.474576e+00  3.118960e-02 
 8.474973e+00  3.241759e-02 
 8.475371e+00  3.362949e-02 
 8.475769e+00  3.482990e-02 
 8.476166e+00  3.602121e-02 
 8.476564e+00  3.719937e-02 
 8.476962e+00  3.836421e-02 
 8.477360e+00  3.952670e-02 
 8.477757e+00  4.067756e-02 
 8.478155e+00  4.180439e-02 
 8.478553e+00  4.292792e-02 
 8.478950e+00  4.404368e-02 
 8.479348e+00  4.514905e-02 
 8.479746e+00  4.623124e-02 
 8.480143e+00  4.729801e-02 
 8.480541e+00  4.832966e-02 
 8.480939e+00  4.932966e-02 
 8.481336e+00  5.032487e-02 
 8.481734e+00  5.127772e-02 
 8.482132e+00  5.221225e-02 
 8.482530e+00  5.312031e-02 
 8.482927e+00  5.400299e-02 
 8.483325e+00  5.485437e-02 
 8.483723e+00  5.568516e-02 
 8.484120e+00  5.650430e-02 
 8.484518e+00  5.729647e-02 
 8.484916e+00  5.806158e-02 
 8.485313e+00  5.879235e-02 
 8.485711e+00  5.949856e-02 
 8.486109e+00  6.017515e-02 
 8.486507e+00  6.084527e-02 
 8.486904e+00  6.147085e-02 
 8.487302e+00  6.206819e-02 
 8.487700e+00  6.262382e-02 
 8.488097e+00  6.315650e-02 
 8.488495e+00  6.366311e-02 
 8.488893e+00  6.413373e-02 
 8.489290e+00  6.459414e-02 
 8.489688e+00  6.502124e-02 
 8.490086e+00  6.540564e-02 
 8.490483e+00  6.575711e-02 
 8.490881e+00  6.608631e-02 
 8.491279e+00  6.637435e-02 
 8.491677e+00  6.663616e-02 
 8.492074e+00  6.686141e-02 
 8.492472e+00  6.704682e-02 
 8.492870e+00  6.719435e-02 
 8.493267e+00  6.731629e-02 
 8.493665e+00  6.742037e-02 
 8.494063e+00  6.748509e-02 
 8.494460e+00  6.752666e-02 
 8.494858e+00  6.752362e-02 
 8.495256e+00  6.749510e-02 
 8.495654e+00  6.743516e-02 
 8.496051e+00  6.735376e-02 
 8.496449e+00  6.723769e-02 
 8.496847e+00  6.708337e-02 
 8.497244e+00  6.689310e-02 
 8.497642e+00  6.667737e-02 
 8.498040e+00  6.643935e-02 
 8.498437e+00  6.617988e-02 
 8.498835e+00  6.591099e-02 
 8.499233e+00  6.561425e-02 
 8.499630e+00  6.527937e-02 
 8.500028e+00  6.492824e-02 
 8.500426e+00  6.454118e-02 
 8.500824e+00  6.412673e-02 
 8.501221e+00  6.368352e-02 
 8.501619e+00  6.322259e-02 
 8.502017e+00  6.272829e-02 
 8.502414e+00  6.219179e-02 
 8.502812e+00  6.163647e-02 
 8.503210e+00  6.106844e-02 
 8.503607e+00  6.046876e-02 
 8.504005e+00  5.986556e-02 
 8.504403e+00  5.923357e-02 
 8.504801e+00  5.856842e-02 
 8.505198e+00  5.788213e-02 
 8.505596e+00  5.717980e-02 
 8.505994e+00  5.644931e-02 
 8.506391e+00  5.568348e-02 
 8.506789e+00  5.489417e-02 
 8.507187e+00  5.407278e-02 
 8.507584e+00  5.322290e-02 
 8.507982e+00  5.235672e-02 
 8.508380e+00  5.149357e-02 
 8.508777e+00  5.059162e-02 
 8.509175e+00  4.967156e-02 
 8.509573e+00  4.871856e-02 
 8.509971e+00  4.773183e-02 
 8.510368e+00  4.672451e-02 
 8.510766e+00  4.570211e-02 
 8.511164e+00  4.465358e-02 
 8.511561e+00  4.356441e-02 
 8.511959e+00  4.244945e-02 
 8.512357e+00  4.131487e-02 
 8.512754e+00  4.015922e-02 
 8.513152e+00  3.901247e-02 
 8.513550e+00  3.784491e-02 
 8.513948e+00  3.666620e-02 
 8.514345e+00  3.548283e-02 
 8.514743e+00  3.427265e-02 
 8.515141e+00  3.306658e-02 
 8.515538e+00  3.184879e-02 
 8.515936e+00  3.059996e-02 
 8.516334e+00  2.933564e-02 
 8.516731e+00  2.805656e-02 
 8.517129e+00  2.678187e-02 
 8.517527e+00  2.550225e-02 
 8.517924e+00  2.424162e-02 
 8.518322e+00  2.298930e-02 
 8.518720e+00  2.172764e-02 
 8.519118e+00  2.047705e-02 
 8.519515e+00  1.923335e-02 
 8.519913e+00  1.798207e-02 
 8.520311e+00  1.673852e-02 
 8.520708e+00  1.548866e-02 
 8.521106e+00  1.423317e-02 
 8.521504e+00  1.295965e-02 
 8.521901e+00  1.170989e-02 
 8.522299e+00  1.046263e-02 
 8.522697e+00  9.237241e-03 
 8.523095e+00  8.024658e-03 
 8.523492e+00  6.827918e-03 
 8.523890e+00  5.642430e-03 
 8.524288e+00  4.476778e-03 
 8.524685e+00  3.320916e-03 
 8.525083e+00  2.162932e-03 
 8.525481e+00  1.020988e-03 
 8.525878e+00 -1.328123e-04 
 8.526276e+00 -1.262204e-03 
 8.526674e+00 -2.372644e-03 
 8.527071e+00 -3.471182e-03 
 8.527469e+00 -4.543192e-03 
 8.527867e+00 -5.578313e-03 
 8.528265e+00 -6.615743e-03 
 8.528662e+00 -7.633459e-03 
 8.529060e+00 -8.627953e-03 
 8.529458e+00 -9.614318e-03 
 8.529855e+00 -1.057816e-02 
 8.530253e+00 -1.153914e-02 
 8.530651e+00 -1.248243e-02 
 8.531048e+00 -1.342433e-02 
 8.531446e+00 -1.433545e-02 
 8.531844e+00 -1.522647e-02 
 8.532242e+00 -1.608689e-02 
 8.532639e+00 -1.692195e-02 
 8.533037e+00 -1.771584e-02 
 8.533435e+00 -1.848810e-02 
 8.533832e+00 -1.924361e-02 
 8.534230e+00 -1.995873e-02 
 8.534628e+00 -2.065860e-02 
 8.535025e+00 -2.133767e-02 
 8.535423e+00 -2.201170e-02 
 8.535821e+00 -2.266656e-02 
 8.536218e+00 -2.328920e-02 
 8.536616e+00 -2.389030e-02 
 8.537014e+00 -2.445113e-02 
 8.537412e+00 -2.497437e-02 
 8.537809e+00 -2.546461e-02 
 8.538207e+00 -2.593274e-02 
 8.538605e+00 -2.637545e-02 
 8.539002e+00 -2.679102e-02 
 8.539400e+00 -2.716899e-02 
 8.539798e+00 -2.754648e-02 
 8.540195e+00 -2.790030e-02 
 8.540593e+00 -2.824513e-02 
 8.540991e+00 -2.856496e-02 
 8.541389e+00 -2.885015e-02 
 8.541786e+00 -2.909935e-02 
 8.542184e+00 -2.930985e-02 
 8.542582e+00 -2.949280e-02 
 8.542979e+00 -2.963485e-02 
 8.543377e+00 -2.974217e-02 
 8.543775e+00 -2.982253e-02 
 8.544172e+00 -2.988068e-02 
 8.544570e+00 -2.990850e-02 
 8.544968e+00 -2.992083e-02 
 8.545365e+00 -2.989954e-02 
 8.545763e+00 -2.985306e-02 
 8.546161e+00 -2.976571e-02 
 8.546559e+00 -2.963661e-02 
 8.546956e+00 -2.946014e-02 
 8.547354e+00 -2.924538e-02 
 8.547752e+00 -2.900755e-02 
 8.548149e+00 -2.872888e-02 
 8.548547e+00 -2.841809e-02 
 8.548945e+00 -2.808591e-02 
 8.549342e+00 -2.772162e-02 
 8.549740e+00 -2.733100e-02 
 8.550138e+00 -2.689710e-02 
 8.550536e+00 -2.645753e-02 
 8.550933e+00 -2.597043e-02 
 8.551331e+00 -2.544428e-02 
 8.551729e+00 -2.487038e-02 
 8.552126e+00 -2.426961e-02 
 8.552524e+00 -2.362418e-02 
 8.552922e+00 -2.294958e-02 
 8.553319e+00 -2.224233e-02 
 8.553717e+00 -2.149436e-02 
 8.554115e+00 -2.072847e-02 
 8.554512e+00 -1.994276e-02 
 8.554910e+00 -1.912961e-02 
 8.555308e+00 -1.829705e-02 
 8.555706e+00 -1.744027e-02 
 8.556103e+00 -1.655202e-02 
 8.556501e+00 -1.564139e-02 
 8.556899e+00 -1.471524e-02 
 8.557296e+00 -1.377324e-02 
 8.557694e+00 -1.280763e-02 
 8.558092e+00 -1.182157e-02 
 8.558489e+00 -1.081158e-02 
 8.558887e+00 -9.774800e-03 
 8.559285e+00 -8.754108e-03 
 8.559683e+00 -7.711468e-03 
 8.560080e+00 -6.656052e-03 
 8.560478e+00 -5.590754e-03 
 8.560876e+00 -4.517077e-03 
 8.561273e+00 -3.426618e-03 
 8.561671e+00 -2.320847e-03 
 8.562069e+00 -1.211675e-03 
 8.562466e+00 -7.120070e-05 
 8.562864e+00  1.083386e-03 
 8.563262e+00  2.242169e-03 
 8.563659e+00  3.412078e-03 
 8.564057e+00  4.575718e-03 
 8.564455e+00  5.741968e-03 
 8.564853e+00  6.901921e-03 
 8.565250e+00  8.094763e-03 
 8.565648e+00  9.277724e-03 
 8.566046e+00  1.047728e-02 
 8.566443e+00  1.166819e-02 
 8.566841e+00  1.287695e-02 
 8.567239e+00  1.408432e-02 
 8.567636e+00  1.530096e-02 
 8.568034e+00  1.651730e-02 
 8.568432e+00  1.773719e-02 
 8.568830e+00  1.893907e-02 
 8.569227e+00  2.014730e-02 
 8.569625e+00  2.135418e-02 
 8.570023e+00  2.254321e-02 
 8.570420e+00  2.375074e-02 
 8.570818e+00  2.494853e-02 
 8.571216e+00  2.614876e-02 
 8.571613e+00  2.733377e-02 
 8.572011e+00  2.853969e-02 
 8.572409e+00  2.974014e-02 
 8.572806e+00  3.092735e-02 
 8.573204e+00  3.211123e-02 
 8.573602e+00  3.329352e-02 
 8.574000e+00  3.444895e-02 
 8.574397e+00  3.560904e-02 
 8.574795e+00  3.676160e-02 
 8.575193e+00  3.790789e-02 
 8.575590e+00  3.903590e-02 
 8.575988e+00  4.015084e-02 
 8.576386e+00  4.125648e-02 
 8.576783e+00  4.233532e-02 
 8.577181e+00  4.341635e-02 
 8.577579e+00  4.448767e-02 
 8.577977e+00  4.553887e-02 
 8.578374e+00  4.656820e-02 
 8.578772e+00  4.758922e-02 
 8.579170e+00  4.858362e-02 
 8.579567e+00  4.955723e-02 
 8.579965e+00  5.051937e-02 
 8.580363e+00  5.145291e-02 
 8.580760e+00  5.236736e-02 
 8.581158e+00  5.327496e-02 
 8.581556e+00  5.416395e-02 
 8.581953e+00  5.504130e-02 
 8.582351e+00  5.591060e-02 
 8.582749e+00  5.674560e-02 
 8.583147e+00  5.755516e-02 
 8.583544e+00  5.832429e-02 
 8.583942e+00  5.907393e-02 
 8.584340e+00  5.979547e-02 
 8.584737e+00  6.049408e-02 
 8.585135e+00  6.115797e-02 
 8.585533e+00  6.178745e-02 
 8.585930e+00  6.238905e-02 
 8.586328e+00  6.296819e-02 
 8.586726e+00  6.352711e-02 
 8.587124e+00  6.405603e-02 
 8.587521e+00  6.456689e-02 
 8.587919e+00  6.503551e-02 
 8.588317e+00  6.545948e-02 
 8.588714e+00  6.584976e-02 
 8.589112e+00  6.621308e-02 
 8.589510e+00  6.653810e-02 
 8.589907e+00  6.682203e-02 
 8.590305e+00  6.707326e-02 
 8.590703e+00  6.728675e-02 
 8.591100e+00  6.748037e-02 
 8.591498e+00  6.764795e-02 
 8.591896e+00  6.779434e-02 
 8.592294e+00  6.788725e-02 
 8.592691e+00  6.796260e-02 
 8.593089e+00  6.798492e-02 
 8.593487e+00  6.797701e-02 
 8.593884e+00  6.793885e-02 
 8.594282e+00  6.787696e-02 
 8.594680e+00  6.777606e-02 
 8.595077e+00  6.762012e-02 
 8.595475e+00  6.744234e-02 
 8.595873e+00  6.722873e-02 
 8.596271e+00  6.698588e-02 
 8.596668e+00  6.672099e-02 
 8.597066e+00  6.642732e-02 
 8.597464e+00  6.609772e-02 
 8.597861e+00  6.572955e-02 
 8.598259e+00  6.532610e-02 
 8.598657e+00  6.489628e-02 
 8.599054e+00  6.443103e-02 
 8.599452e+00  6.393723e-02 
 8.599850e+00  6.342205e-02 
 8.600247e+00  6.285797e-02 
 8.600645e+00  6.228846e-02 
 8.601043e+00  6.169374e-02 
 8.601441e+00  6.109744e-02 
 8.601838e+00  6.046503e-02 
 8.602236e+00  5.981782e-02 
 8.602634e+00  5.912620e-02 
 8.603031e+00  5.842100e-02 
 8.603429e+00  5.769946e-02 
 8.603827e+00  5.695766e-02 
 8.604224e+00  5.618310e-02 
 8.604622e+00  5.537139e-02 
 8.605020e+00  5.455501e-02 
 8.605418e+00  5.370791e-02 
 8.605815e+00  5.285527e-02 
 8.606213e+00  5.199911e-02 
 8.606611e+00  5.113390e-02 
 8.607008e+00  5.023601e-02 
 8.607406e+00  4.932063e-02 
 8.607804e+00  4.838360e-02 
 8.608201e+00  4.742835e-02 
 8.608599e+00  4.645325e-02 
 8.608997e+00  4.545639e-02 
 8.609394e+00  4.443546e-02 
 8.609792e+00  4.339904e-02 
 8.610190e+00  4.235851e-02 
 8.610588e+00  4.131093e-02 
 8.610985e+00  4.024896e-02 
 8.611383e+00  3.919034e-02 
 8.611781e+00  3.810307e-02 
 8.612178e+00  3.699901e-02 
 8.612576e+00  3.587624e-02 
 8.612974e+00  3.475550e-02 
 8.613371e+00  3.360640e-02 
 8.613769e+00  3.244435e-02 
 8.614167e+00  3.127003e-02 
 8.614565e+00  3.007589e-02 
 8.614962e+00  2.886451e-02 
 8.615360e+00  2.766871e-02 
 8.615758e+00  2.646412e-02 
 8.616155e+00  2.523923e-02 
 8.616553e+00  2.401832e-02 
 8.616951e+00  2.277582e-02 
 8.617348e+00  2.151627e-02 
 8.617746e+00  2.024901e-02 
 8.618144e+00  1.897824e-02 
 8.618541e+00  1.770257e-02 
 8.618939e+00  1.641718e-02 
 8.619337e+00  1.512705e-02 
 8.619735e+00  1.383554e-02 
 8.620132e+00  1.255642e-02 
 8.620530e+00  1.129960e-02 
 8.620928e+00  1.005127e-02 
 8.621325e+00  8.800415e-03 
 8.621723e+00  7.561782e-03 
 8.622121e+00  6.321911e-03 
 8.622518e+00  5.091790e-03 
 8.622916e+00  3.873143e-03 
 8.623314e+00  2.656849e-03 
 8.623712e+00  1.448308e-03 
 8.624109e+00  2.406755e-04 
 8.624507e+00 -9.548342e-04 
 8.624905e+00 -2.126336e-03 
 8.625302e+00 -3.274739e-03 
 8.625700e+00 -4.383988e-03 
 8.626098e+00 -5.482184e-03 
 8.626495e+00 -6.570725e-03 
 8.626893e+00 -7.633481e-03 
 8.627291e+00 -8.685708e-03 
 8.627688e+00 -9.708060e-03 
 8.628086e+00 -1.071956e-02 
 8.628484e+00 -1.171216e-02 
 8.628882e+00 -1.269049e-02 
 8.629279e+00 -1.365092e-02 
 8.629677e+00 -1.456547e-02 
 8.630075e+00 -1.545477e-02 
 8.630472e+00 -1.629908e-02 
 8.630870e+00 -1.711692e-02 
 8.631268e+00 -1.792386e-02 
 8.631665e+00 -1.870353e-02 
 8.632063e+00 -1.945640e-02 
 8.632461e+00 -2.017940e-02 
 8.632859e+00 -2.088718e-02 
 8.633256e+00 -2.158555e-02 
 8.633654e+00 -2.224860e-02 
 8.634052e+00 -2.289802e-02 
 8.634449e+00 -2.350651e-02 
 8.634847e+00 -2.407614e-02 
 8.635245e+00 -2.460581e-02 
 8.635642e+00 -2.511553e-02 
 8.636040e+00 -2.559535e-02 
 8.636438e+00 -2.604683e-02 
 8.636835e+00 -2.648073e-02 
 8.637233e+00 -2.689087e-02 
 8.637631e+00 -2.727676e-02 
 8.638029e+00 -2.764173e-02 
 8.638426e+00 -2.799256e-02 
 8.638824e+00 -2.829964e-02 
 8.639222e+00 -2.855217e-02 
 8.639619e+00 -2.878196e-02 
 8.640017e+00 -2.897928e-02 
 8.640415e+00 -2.913549e-02 
 8.640812e+00 -2.927242e-02 
 8.641210e+00 -2.937232e-02 
 8.641608e+00 -2.945323e-02 
 8.642006e+00 -2.950813e-02 
 8.642403e+00 -2.954036e-02 
 8.642801e+00 -2.955450e-02 
 8.643199e+00 -2.953151e-02 
 8.643596e+00 -2.948932e-02 
 8.643994e+00 -2.939886e-02 
 8.644392e+00 -2.928382e-02 
 8.644789e+00 -2.914250e-02 
 8.645187e+00 -2.895809e-02 
 8.645585e+00 -2.875777e-02 
 8.645982e+00 -2.852998e-02 
 8.646380e+00 -2.828195e-02 
 8.646778e+00 -2.801140e-02 
 8.647176e+00 -2.771077e-02 
 8.647573e+00 -2.739416e-02 
 8.647971e+00 -2.703829e-02 
 8.648369e+00 -2.665082e-02 
 8.648766e+00 -2.623014e-02 
 8.649164e+00 -2.576428e-02 
 8.649562e+00 -2.526715e-02 
 8.649959e+00 -2.474316e-02 
 8.650357e+00 -2.419306e-02 
 8.650755e+00 -2.361155e-02 
 8.651153e+00 -2.301042e-02 
 8.651550e+00 -2.237265e-02 
 8.651948e+00 -2.172250e-02 
 8.652346e+00 -2.106197e-02 
 8.652743e+00 -2.037382e-02 
 8.653141e+00 -1.964688e-02 
 8.653539e+00 -1.889229e-02 
 8.653936e+00 -1.810974e-02 
 8.654334e+00 -1.727497e-02 
 8.654732e+00 -1.641059e-02 
 8.655129e+00 -1.553304e-02 
 8.655527e+00 -1.462847e-02 
 8.655925e+00 -1.368688e-02 
 8.656323e+00 -1.273344e-02 
 8.656720e+00 -1.176223e-02 
 8.657118e+00 -1.077547e-02 
 8.657516e+00 -9.757109e-03 
 8.657913e+00 -8.730875e-03 
 8.658311e+00 -7.660289e-03 
 8.658709e+00 -6.550450e-03 
 8.659106e+00 -5.438989e-03 
 8.659504e+00 -4.294865e-03 
 8.659902e+00 -3.126146e-03 
 8.660300e+00 -1.958926e-03 
 8.660697e+00 -7.761074e-04 
 8.661095e+00  4.270682e-04 
 8.661493e+00  1.628755e-03 
 8.661890e+00  2.831656e-03 
 8.662288e+00  4.035693e-03 
 8.662686e+00  5.264532e-03 
 8.663083e+00  6.484583e-03 
 8.663481e+00  7.735951e-03 
 8.663879e+00  8.993318e-03 
 8.664276e+00  1.024822e-02 
 8.664674e+00  1.149969e-02 
 8.665072e+00  1.275740e-02 
 8.665470e+00  1.400920e-02 
 8.665867e+00  1.525890e-02 
 8.666265e+00  1.650064e-02 
 8.666663e+00  1.774950e-02 
 8.667060e+00  1.897923e-02 
 8.667458e+00  2.021102e-02 
 8.667856e+00  2.144068e-02 
 8.668253e+00  2.267482e-02 
 8.668651e+00  2.391103e-02 
 8.669049e+00  2.512798e-02 
 8.669447e+00  2.635156e-02 
 8.669844e+00  2.756652e-02 
 8.670242e+00  2.877418e-02 
 8.670640e+00  2.996594e-02 
 8.671037e+00  3.114946e-02 
 8.671435e+00  3.230540e-02 
 8.671833e+00  3.346001e-02 
 8.672230e+00  3.458671e-02 
 8.672628e+00  3.570490e-02 
 8.673026e+00  3.682178e-02 
 8.673423e+00  3.792991e-02 
 8.673821e+00  3.902525e-02 
 8.674219e+00  4.011122e-02 
 8.674617e+00  4.117734e-02 
 8.675014e+00  4.225251e-02 
 8.675412e+00  4.330364e-02 
 8.675810e+00  4.435374e-02 
 8.676207e+00  4.536253e-02 
 8.676605e+00  4.635576e-02 
 8.677003e+00  4.733527e-02 
 8.677400e+00  4.830370e-02 
 8.677798e+00  4.925309e-02 
 8.678196e+00  5.019598e-02 
 8.678594e+00  5.112055e-02 
 8.678991e+00  5.203068e-02 
 8.679389e+00  5.291780e-02 
 8.679787e+00  5.380445e-02 
 8.680184e+00  5.465579e-02 
 8.680582e+00  5.548841e-02 
 8.680980e+00  5.629392e-02 
 8.681377e+00  5.705412e-02 
 8.681775e+00  5.779235e-02 
 8.682173e+00  5.852954e-02 
 8.682570e+00  5.924657e-02 
 8.682968e+00  5.992136e-02 
 8.683366e+00  6.058814e-02 
 8.683764e+00  6.122464e-02 
 8.684161e+00  6.182963e-02 
 8.684559e+00  6.241599e-02 
 8.684957e+00  6.299409e-02 
 8.685354e+00  6.351950e-02 
 8.685752e+00  6.400659e-02 
 8.686150e+00  6.447166e-02 
 8.686547e+00  6.490186e-02 
 8.686945e+00  6.530893e-02 
 8.687343e+00  6.570542e-02 
 8.687741e+00  6.606622e-02 
 8.688138e+00  6.638848e-02 
 8.688536e+00  6.668978e-02 
 8.688934e+00  6.697574e-02 
 8.689331e+00  6.723243e-02 
 8.689729e+00  6.744993e-02 
 8.690127e+00  6.764141e-02 
 8.690524e+00  6.778573e-02 
 8.690922e+00  6.789988e-02 
 8.691320e+00  6.796765e-02 
 8.691717e+00  6.801702e-02 
 8.692115e+00  6.801331e-02 
 8.692513e+00  6.798303e-02 
 8.692911e+00  6.791205e-02 
 8.693308e+00  6.780321e-02 
 8.693706e+00  6.767411e-02 
 8.694104e+00  6.752451e-02 
 8.694501e+00  6.734294e-02 
 8.694899e+00  6.712631e-02 
 8.695297e+00  6.687715e-02 
 8.695694e+00  6.658054e-02 
 8.696092e+00  6.625279e-02 
 8.696490e+00  6.587791e-02 
 8.696888e+00  6.547690e-02 
 8.697285e+00  6.503145e-02 
 8.697683e+00  6.456013e-02 
 8.698081e+00  6.406611e-02 
 8.698478e+00  6.353895e-02 
 8.698876e+00  6.299546e-02 
 8.699274e+00  6.243296e-02 
 8.699671e+00  6.183752e-02 
 8.700069e+00  6.119765e-02 
 8.700467e+00  6.051752e-02 
 8.700864e+00  5.981216e-02 
 8.701262e+00  5.906624e-02 
 8.701660e+00  5.830206e-02 
 8.702058e+00  5.750816e-02 
 8.702455e+00  5.668211e-02 
 8.702853e+00  5.584067e-02 
 8.703251e+00  5.498203e-02 
 8.703648e+00  5.410990e-02 
 8.704046e+00  5.322932e-02 
 8.704444e+00  5.233495e-02 
 8.704841e+00  5.141006e-02 
 8.705239e+00  5.044246e-02 
 8.705637e+00  4.946427e-02 
 8.706035e+00  4.846826e-02 
 8.706432e+00  4.744778e-02 
 8.706830e+00  4.642069e-02 
 8.707228e+00  4.537799e-02 
 8.707625e+00  4.432523e-02 
 8.708023e+00  4.325939e-02 
 8.708421e+00  4.219535e-02 
 8.708818e+00  4.113091e-02 
 8.709216e+00  4.005806e-02 
 8.709614e+00  3.896600e-02 
 8.710011e+00  3.786119e-02 
 8.710409e+00  3.672605e-02 
 8.710807e+00  3.558686e-02 
 8.711205e+00  3.445100e-02 
 8.711602e+00  3.329931e-02 
 8.712000e+00  3.212051e-02 
 8.712398e+00  3.093374e-02 
 8.712795e+00  2.976599e-02 
 8.713193e+00  2.857453e-02 
 8.713591e+00  2.741079e-02 
 8.713988e+00  2.624008e-02 
 8.714386e+00  2.505761e-02 
 8.714784e+00  2.385920e-02 
 8.715182e+00  2.266507e-02 
 8.715579e+00  2.145226e-02 
 8.715977e+00  2.024369e-02 
 8.716375e+00  1.903504e-02 
 8.716772e+00  1.783297e-02 
 8.717170e+00  1.661675e-02 
 8.717568e+00  1.542145e-02 
 8.717965e+00  1.423546e-02 
 8.718363e+00  1.305228e-02 
 8.718761e+00  1.187861e-02 
 8.719158e+00  1.070341e-02 
 8.719556e+00  9.511383e-03 
 8.719954e+00  8.315602e-03 
 8.720352e+00  7.124556e-03 
 8.720749e+00  5.921619e-03 
 8.721147e+00  4.726601e-03 
 8.721545e+00  3.539612e-03 
 8.721942e+00  2.353802e-03 
 8.722340e+00  1.170407e-03 
 8.722738e+00  1.327192e-05 
 8.723135e+00 -1.111741e-03 
 8.723533e+00 -2.240962e-03 
 8.723931e+00 -3.354422e-03 
 8.724329e+00 -4.468268e-03 
 8.724726e+00 -5.582459e-03 
 8.725124e+00 -6.693576e-03 
 8.725522e+00 -7.778600e-03 
 8.725919e+00 -8.859888e-03 
 8.726317e+00 -9.921423e-03 
 8.726715e+00 -1.096056e-02 
 8.727112e+00 -1.197945e-02 
 8.727510e+00 -1.298850e-02 
 8.727908e+00 -1.394171e-02 
 8.728305e+00 -1.487381e-02 
 8.728703e+00 -1.579597e-02 
 8.729101e+00 -1.670166e-02 
 8.729499e+00 -1.759177e-02 
 8.729896e+00 -1.845809e-02 
 8.730294e+00 -1.930052e-02 
 8.730692e+00 -2.010891e-02 
 8.731089e+00 -2.090408e-02 
 8.731487e+00 -2.167368e-02 
 8.731885e+00 -2.239827e-02 
 8.732282e+00 -2.309475e-02 
 8.732680e+00 -2.373580e-02 
 8.733078e+00 -2.434462e-02 
 8.733476e+00 -2.492798e-02 
 8.733873e+00 -2.547188e-02 
 8.734271e+00 -2.600163e-02 
 8.734669e+00 -2.649643e-02 
 8.735066e+00 -2.695472e-02 
 8.735464e+00 -2.738553e-02 
 8.735862e+00 -2.778960e-02 
 8.736259e+00 -2.815414e-02 
 8.736657e+00 -2.847887e-02 
 8.737055e+00 -2.876175e-02 
 8.737452e+00 -2.900122e-02 
 8.737850e+00 -2.920360e-02 
 8.738248e+00 -2.937672e-02 
 8.738646e+00 -2.952261e-02 
 8.739043e+00 -2.963207e-02 
 8.739441e+00 -2.972371e-02 
 8.739839e+00 -2.979736e-02 
 8.740236e+00 -2.983699e-02 
 8.740634e+00 -2.986569e-02 
 8.741032e+00 -2.985939e-02 
 8.741429e+00 -2.981906e-02 
 8.741827e+00 -2.973652e-02 
 8.742225e+00 -2.960805e-02 
 8.742623e+00 -2.945114e-02 
 8.743020e+00 -2.925278e-02 
 8.743418e+00 -2.903047e-02 
 8.743816e+00 -2.878612e-02 
 8.744213e+00 -2.851460e-02 
 8.744611e+00 -2.823260e-02 
 8.745009e+00 -2.792006e-02 
 8.745406e+00 -2.758560e-02 
 8.745804e+00 -2.722203e-02 
 8.746202e+00 -2.682929e-02 
 8.746599e+00 -2.639701e-02 
 8.746997e+00 -2.592966e-02 
 8.747395e+00 -2.543189e-02 
 8.747793e+00 -2.491195e-02 
 8.748190e+00 -2.437120e-02 
 8.748588e+00 -2.381949e-02 
 8.748986e+00 -2.322882e-02 
 8.749383e+00 -2.262162e-02 
 8.749781e+00 -2.199881e-02 
 8.750179e+00 -2.136032e-02 
 8.750576e+00 -2.069231e-02 
 8.750974e+00 -2.000051e-02 
 8.751372e+00 -1.927676e-02 
 8.751770e+00 -1.851002e-02 
 8.752167e+00 -1.771910e-02 
 8.752565e+00 -1.691552e-02 
 8.752963e+00 -1.608526e-02 
 8.753360e+00 -1.524045e-02 
 8.753758e+00 -1.438728e-02 
 8.754156e+00 -1.350930e-02 
 8.754553e+00 -1.260846e-02 
 8.754951e+00 -1.169080e-02 
 8.755349e+00 -1.076391e-02 
 8.755746e+00 -9.797530e-03 
 8.756144e+00 -8.806910e-03 
 8.756542e+00 -7.797309e-03 
 8.756940e+00 -6.765195e-03 
 8.757337e+00 -5.718355e-03 
 8.757735e+00 -4.659912e-03 
 8.758133e+00 -3.588979e-03 
 8.758530e+00 -2.492991e-03 
 8.758928e+00 -1.395686e-03 
 8.759326e+00 -2.818398e-04 
 8.759723e+00  8.479162e-04 
 8.760121e+00  1.968329e-03 
 8.760519e+00  3.119748e-03 
 8.760917e+00  4.297905e-03 
 8.761314e+00  5.492211e-03 
 8.761712e+00  6.705406e-03 
 8.762110e+00  7.933251e-03 
 8.762507e+00  9.178454e-03 
 8.762905e+00  1.042124e-02 
 8.763303e+00  1.168073e-02 
 8.763700e+00  1.294629e-02 
 8.764098e+00  1.421370e-02 
 8.764496e+00  1.548787e-02 
 8.764893e+00  1.676857e-02 
 8.765291e+00  1.804938e-02 
 8.765689e+00  1.933309e-02 
 8.766087e+00  2.062743e-02 
 8.766484e+00  2.191637e-02 
 8.766882e+00  2.320245e-02 
 8.767280e+00  2.449571e-02 
 8.767677e+00  2.577255e-02 
 8.768075e+00  2.704875e-02 
 8.768473e+00  2.831791e-02 
 8.768870e+00  2.958079e-02 
 8.769268e+00  3.081319e-02 
 8.769666e+00  3.202810e-02 
 8.770064e+00  3.324524e-02 
 8.770461e+00  3.444350e-02 
 8.770859e+00  3.563719e-02 
 8.771257e+00  3.684204e-02 
 8.771654e+00  3.801182e-02 
 8.772052e+00  3.916865e-02 
 8.772450e+00  4.030471e-02 
 8.772847e+00  4.142622e-02 
 8.773245e+00  4.252843e-02 
 8.773643e+00  4.360093e-02 
 8.774040e+00  4.466177e-02 
 8.774438e+00  4.568138e-02 
 8.774836e+00  4.668363e-02 
 8.775234e+00  4.767103e-02 
 8.775631e+00  4.864344e-02 
 8.776029e+00  4.959298e-02 
 8.776427e+00  5.050710e-02 
 8.776824e+00  5.141693e-02 
 8.777222e+00  5.229174e-02 
 8.777620e+00  5.314506e-02 
 8.778017e+00  5.399156e-02 
 8.778415e+00  5.481260e-02 
 8.778813e+00  5.558708e-02 
 8.779211e+00  5.633283e-02 
 8.779608e+00  5.706752e-02 
 8.780006e+00  5.777657e-02 
 8.780404e+00  5.846826e-02 
 8.780801e+00  5.914553e-02 
 8.781199e+00  5.978398e-02 
 8.781597e+00  6.039475e-02 
 8.781994e+00  6.099865e-02 
 8.782392e+00  6.157573e-02 
 8.782790e+00  6.213466e-02 
 8.783187e+00  6.266474e-02 
 8.783585e+00  6.317610e-02 
 8.783983e+00  6.363960e-02 
 8.784381e+00  6.409073e-02 
 8.784778e+00  6.451635e-02 
 8.785176e+00  6.492231e-02 
 8.785574e+00  6.528403e-02 
 8.785971e+00  6.562927e-02 
 8.786369e+00  6.593736e-02 
 8.786767e+00  6.622367e-02 
 8.787164e+00  6.649249e-02 
 8.787562e+00  6.673382e-02 
 8.787960e+00  6.692831e-02 
 8.788358e+00  6.709609e-02 
 8.788755e+00  6.722552e-02 
 8.789153e+00  6.731396e-02 
 8.789551e+00  6.738520e-02 
 8.789948e+00  6.743454e-02 
 8.790346e+00  6.745977e-02 
 8.790744e+00  6.744108e-02 
 8.791141e+00  6.741623e-02 
 8.791539e+00  6.734936e-02 
 8.791937e+00  6.725113e-02 
 8.792334e+00  6.714439e-02 
 8.792732e+00  6.699681e-02 
 8.793130e+00  6.680697e-02 
 8.793528e+00  6.658813e-02 
 8.793925e+00  6.633693e-02 
 8.794323e+00  6.606064e-02 
 8.794721e+00  6.574965e-02 
 8.795118e+00  6.542022e-02 
 8.795516e+00  6.505014e-02 
 8.795914e+00  6.464543e-02 
 8.796311e+00  6.421510e-02 
 8.796709e+00  6.374814e-02 
 8.797107e+00  6.326765e-02 
 8.797505e+00  6.275191e-02 
 8.797902e+00  6.219211e-02 
 8.798300e+00  6.158935e-02 
 8.798698e+00  6.095782e-02 
 8.799095e+00  6.031341e-02 
 8.799493e+00  5.962818e-02 
 8.799891e+00  5.891889e-02 
 8.800288e+00  5.818256e-02 
 8.800686e+00  5.741685e-02 
 8.801084e+00  5.661130e-02 
 8.801481e+00  5.579524e-02 
 8.801879e+00  5.494735e-02 
 8.802277e+00  5.408351e-02 
 8.802675e+00  5.317233e-02 
 8.803072e+00  5.224584e-02 
 8.803470e+00  5.128766e-02 
 8.803868e+00  5.030336e-02 
 8.804265e+00  4.930146e-02 
 8.804663e+00  4.828102e-02 
 8.805061e+00  4.723262e-02 
 8.805458e+00  4.615836e-02 
 8.805856e+00  4.508412e-02 
 8.806254e+00  4.399151e-02 
 8.806652e+00  4.289332e-02 
 8.807049e+00  4.177461e-02 
 8.807447e+00  4.063173e-02 
 8.807845e+00  3.946708e-02 
 8.808242e+00  3.827496e-02 
 8.808640e+00  3.707813e-02 
 8.809038e+00  3.587756e-02 
 8.809435e+00  3.467724e-02 
 8.809833e+00  3.345612e-02 
 8.810231e+00  3.224421e-02 
 8.810628e+00  3.103225e-02 
 8.811026e+00  2.983211e-02 
 8.811424e+00  2.863370e-02 
 8.811822e+00  2.742896e-02 
 8.812219e+00  2.622277e-02 
 8.812617e+00  2.500691e-02 
 8.813015e+00  2.377679e-02 
 8.813412e+00  2.255367e-02 
 8.813810e+00  2.132332e-02 
 8.814208e+00  2.010016e-02 
 8.814605e+00  1.888366e-02 
 8.815003e+00  1.767211e-02 
 8.815401e+00  1.645785e-02 
 8.815799e+00  1.526901e-02 
 8.816196e+00  1.409317e-02 
 8.816594e+00  1.290861e-02 
 8.816992e+00  1.172432e-02 
 8.817389e+00  1.053385e-02 
 8.817787e+00  9.335319e-03 
 8.818185e+00  8.145997e-03 
 8.818582e+00  6.977790e-03 
 8.818980e+00  5.815687e-03 
 8.819378e+00  4.662317e-03 
 8.819775e+00  3.526248e-03 
 8.820173e+00  2.401120e-03 
 8.820571e+00  1.275039e-03 
 8.820969e+00  1.709101e-04 
 8.821366e+00 -9.115402e-04 
 8.821764e+00 -2.002551e-03 
 8.822162e+00 -3.089951e-03 
 8.822559e+00 -4.162513e-03 
 8.822957e+00 -5.231302e-03 
 8.823355e+00 -6.280369e-03 
 8.823752e+00 -7.316777e-03 
 8.824150e+00 -8.329912e-03 
 8.824548e+00 -9.333718e-03 
 8.824946e+00 -1.033027e-02 
 8.825343e+00 -1.128811e-02 
 8.825741e+00 -1.223978e-02 
 8.826139e+00 -1.316715e-02 
 8.826536e+00 -1.408848e-02 
 8.826934e+00 -1.499860e-02 
 8.827332e+00 -1.591168e-02 
 8.827729e+00 -1.679911e-02 
 8.828127e+00 -1.764824e-02 
 8.828525e+00 -1.849375e-02 
 8.828922e+00 -1.930867e-02 
 8.829320e+00 -2.010321e-02 
 8.829718e+00 -2.085907e-02 
 8.830116e+00 -2.159288e-02 
 8.830513e+00 -2.228448e-02 
 8.830911e+00 -2.295658e-02 
 8.831309e+00 -2.360243e-02 
 8.831706e+00 -2.422935e-02 
 8.832104e+00 -2.483192e-02 
 8.832502e+00 -2.542025e-02 
 8.832899e+00 -2.597220e-02 
 8.833297e+00 -2.649978e-02 
 8.833695e+00 -2.699727e-02 
 8.834093e+00 -2.746444e-02 
 8.834490e+00 -2.789308e-02 
 8.834888e+00 -2.827815e-02 
 8.835286e+00 -2.862272e-02 
 8.835683e+00 -2.894893e-02 
 8.836081e+00 -2.923981e-02 
 8.836479e+00 -2.951331e-02 
 8.836876e+00 -2.975121e-02 
 8.837274e+00 -2.996259e-02 
 8.837672e+00 -3.013557e-02 
 8.838069e+00 -3.026752e-02 
 8.838467e+00 -3.035508e-02 
 8.838865e+00 -3.040815e-02 
 8.839263e+00 -3.041857e-02 
 8.839660e+00 -3.037771e-02 
 8.840058e+00 -3.030751e-02 
 8.840456e+00 -3.019794e-02 
 8.840853e+00 -3.004985e-02 
 8.841251e+00 -2.988033e-02 
 8.841649e+00 -2.968144e-02 
 8.842046e+00 -2.946111e-02 
 8.842444e+00 -2.919801e-02 
 8.842842e+00 -2.891045e-02 
 8.843240e+00 -2.858015e-02 
 8.843637e+00 -2.821884e-02 
 8.844035e+00 -2.782102e-02 
 8.844433e+00 -2.739354e-02 
 8.844830e+00 -2.691378e-02 
 8.845228e+00 -2.640581e-02 
 8.845626e+00 -2.587048e-02 
 8.846023e+00 -2.532934e-02 
 8.846421e+00 -2.475511e-02 
 8.846819e+00 -2.416204e-02 
 8.847216e+00 -2.353876e-02 
 8.847614e+00 -2.289409e-02 
 8.848012e+00 -2.222047e-02 
 8.848410e+00 -2.152428e-02 
 8.848807e+00 -2.079629e-02 
 8.849205e+00 -2.004148e-02 
 8.849603e+00 -1.926710e-02 
 8.850000e+00 -1.846044e-02 
 8.850398e+00 -1.762481e-02 
 8.850796e+00 -1.679193e-02 
 8.851193e+00 -1.594587e-02 
 8.851591e+00 -1.507588e-02 
 8.851989e+00 -1.419629e-02 
 8.852387e+00 -1.330658e-02 
 8.852784e+00 -1.239208e-02 
 8.853182e+00 -1.146224e-02 
 8.853580e+00 -1.052214e-02 
 8.853977e+00 -9.545142e-03 
 8.854375e+00 -8.542648e-03 
 8.854773e+00 -7.539666e-03 
 8.855170e+00 -6.524941e-03 
 8.855568e+00 -5.495803e-03 
 8.855966e+00 -4.470915e-03 
 8.856363e+00 -3.424006e-03 
 8.856761e+00 -2.363737e-03 
 8.857159e+00 -1.299099e-03 
 8.857557e+00 -2.174496e-04 
 8.857954e+00  8.835441e-04 
 8.858352e+00  1.996004e-03 
 8.858750e+00  3.142425e-03 
 8.859147e+00  4.306395e-03 
 8.859545e+00  5.472279e-03 
 8.859943e+00  6.634394e-03 
 8.860340e+00  7.824369e-03 
 8.860738e+00  9.008496e-03 
 8.861136e+00  1.019019e-02 
 8.861534e+00  1.138233e-02 
 8.861931e+00  1.258029e-02 
 8.862329e+00  1.377628e-02 
 8.862727e+00  1.498933e-02 
 8.863124e+00  1.620905e-02 
 8.863522e+00  1.744733e-02 
 8.863920e+00  1.868711e-02 
 8.864317e+00  1.992931e-02 
 8.864715e+00  2.116511e-02 
 8.865113e+00  2.239056e-02 
 8.865510e+00  2.362894e-02 
 8.865908e+00  2.486239e-02 
 8.866306e+00  2.610344e-02 
 8.866704e+00  2.732856e-02 
 8.867101e+00  2.856099e-02 
 8.867499e+00  2.980092e-02 
 8.867897e+00  3.103266e-02 
 8.868294e+00  3.227161e-02 
 8.868692e+00  3.350523e-02 
 8.869090e+00  3.472939e-02 
 8.869487e+00  3.593879e-02 
 8.869885e+00  3.713863e-02 
 8.870283e+00  3.831643e-02 
 8.870681e+00  3.948414e-02 
 8.871078e+00  4.064083e-02 
 8.871476e+00  4.179121e-02 
 8.871874e+00  4.291166e-02 
 8.872271e+00  4.402164e-02 
 8.872669e+00  4.511616e-02 
 8.873067e+00  4.619616e-02 
 8.873464e+00  4.726010e-02 
 8.873862e+00  4.831187e-02 
 8.874260e+00  4.933388e-02 
 8.874657e+00  5.032003e-02 
 8.875055e+00  5.129023e-02 
 8.875453e+00  5.223411e-02 
 8.875851e+00  5.315351e-02 
 8.876248e+00  5.404709e-02 
 8.876646e+00  5.490944e-02 
 8.877044e+00  5.573476e-02 
 8.877441e+00  5.652622e-02 
 8.877839e+00  5.732570e-02 
 8.878237e+00  5.808428e-02 
 8.878634e+00  5.882146e-02 
 8.879032e+00  5.953848e-02 
 8.879430e+00  6.021251e-02 
 8.879828e+00  6.085683e-02 
 8.880225e+00  6.146906e-02 
 8.880623e+00  6.205980e-02 
 8.881021e+00  6.260692e-02 
 8.881418e+00  6.312381e-02 
 8.881816e+00  6.359797e-02 
 8.882214e+00  6.403343e-02 
 8.882611e+00  6.445195e-02 
 8.883009e+00  6.485525e-02 
 8.883407e+00  6.522303e-02 
 8.883804e+00  6.555900e-02 
 8.884202e+00  6.587169e-02 
 8.884600e+00  6.615708e-02 
 8.884998e+00  6.640106e-02 
 8.885395e+00  6.663210e-02 
 8.885793e+00  6.682890e-02 
 8.886191e+00  6.698379e-02 
 8.886588e+00  6.711644e-02 
 8.886986e+00  6.721373e-02 
 8.887384e+00  6.729026e-02 
 8.887781e+00  6.733618e-02 
 8.888179e+00  6.737658e-02 
 8.888577e+00  6.738215e-02 
 8.888975e+00  6.734968e-02 
 8.889372e+00  6.728708e-02 
 8.889770e+00  6.720753e-02 
 8.890168e+00  6.708332e-02 
 8.890565e+00  6.694329e-02 
 8.890963e+00  6.676160e-02 
 8.891361e+00  6.655040e-02 
 8.891758e+00  6.628999e-02 
 8.892156e+00  6.602345e-02 
 8.892554e+00  6.573375e-02 
 8.892951e+00  6.540592e-02 
 8.893349e+00  6.506165e-02 
 8.893747e+00  6.468622e-02 
 8.894145e+00  6.427039e-02 
 8.894542e+00  6.383804e-02 
 8.894940e+00  6.339000e-02 
 8.895338e+00  6.289920e-02 
 8.895735e+00  6.237575e-02 
 8.896133e+00  6.182235e-02 
 8.896531e+00  6.124623e-02 
 8.896928e+00  6.063173e-02 
 8.897326e+00  6.001629e-02 
 8.897724e+00  5.937032e-02 
 8.898122e+00  5.870304e-02 
 8.898519e+00  5.801382e-02 
 8.898917e+00  5.730421e-02 
 8.899315e+00  5.656945e-02 
 8.899712e+00  5.582398e-02 
 8.900110e+00  5.505231e-02 
 8.900508e+00  5.424028e-02 
 8.900905e+00  5.339505e-02 
 8.901303e+00  5.251544e-02 
 8.901701e+00  5.161625e-02 
 8.902098e+00  5.070651e-02 
 8.902496e+00  4.976589e-02 
 8.902894e+00  4.880667e-02 
 8.903292e+00  4.781981e-02 
 8.903689e+00  4.682007e-02 
 8.904087e+00  4.580832e-02 
 8.904485e+00  4.477877e-02 
 8.904882e+00  4.372334e-02 
 8.905280e+00  4.263541e-02 
 8.905678e+00  4.152276e-02 
 8.906075e+00  4.037797e-02 
 8.906473e+00  3.923121e-02 
 8.906871e+00  3.807821e-02 
 8.907269e+00  3.690269e-02 
 8.907666e+00  3.572877e-02 
 8.908064e+00  3.452412e-02 
 8.908462e+00  3.332380e-02 
 8.908859e+00  3.210242e-02 
 8.909257e+00  3.088138e-02 
 8.909655e+00  2.963389e-02 
 8.910052e+00  2.836442e-02 
 8.910450e+00  2.708473e-02 
 8.910848e+00  2.579650e-02 
 8.911245e+00  2.449372e-02 
 8.911643e+00  2.319676e-02 
 8.912041e+00  2.190824e-02 
 8.912439e+00  2.061956e-02 
 8.912836e+00  1.931962e-02 
 8.913234e+00  1.804296e-02 
 8.913632e+00  1.677760e-02 
 8.914029e+00  1.550064e-02 
 8.914427e+00  1.424392e-02 
 8.914825e+00  1.298401e-02 
 8.915222e+00  1.172090e-02 
 8.915620e+00  1.045768e-02 
 8.916018e+00  9.222133e-03 
 8.916416e+00  7.981030e-03 
 8.916813e+00  6.766220e-03 
 8.917211e+00  5.578095e-03 
 8.917609e+00  4.404927e-03 
 8.918006e+00  3.226681e-03 
 8.918404e+00  2.090521e-03 
 8.918802e+00  9.696340e-04 
 8.919199e+00 -1.382682e-04 
 8.919597e+00 -1.230721e-03 
 8.919995e+00 -2.316444e-03 
 8.920392e+00 -3.406368e-03 
 8.920790e+00 -4.479682e-03 
 8.921188e+00 -5.531454e-03 
 8.921586e+00 -6.562755e-03 
 8.921983e+00 -7.578403e-03 
 8.922381e+00 -8.571044e-03 
 8.922779e+00 -9.537003e-03 
 8.923176e+00 -1.048462e-02 
 8.923574e+00 -1.141096e-02 
 8.923972e+00 -1.231265e-02 
 8.924369e+00 -1.320484e-02 
 8.924767e+00 -1.410217e-02 
 8.925165e+00 -1.498615e-02 
 8.925563e+00 -1.584877e-02 
 8.925960e+00 -1.668136e-02 
 8.926358e+00 -1.748533e-02 
 8.926756e+00 -1.826541e-02 
 8.927153e+00 -1.903292e-02 
 8.927551e+00 -1.976192e-02 
 8.927949e+00 -2.047375e-02 
 8.928346e+00 -2.115515e-02 
 8.928744e+00 -2.181587e-02 
 8.929142e+00 -2.246069e-02 
 8.929539e+00 -2.309664e-02 
 8.929937e+00 -2.372201e-02 
 8.930335e+00 -2.431922e-02 
 8.930733e+00 -2.489189e-02 
 8.931130e+00 -2.542955e-02 
 8.931528e+00 -2.593851e-02 
 8.931926e+00 -2.642194e-02 
 8.932323e+00 -2.687544e-02 
 8.932721e+00 -2.728672e-02 
 8.933119e+00 -2.767103e-02 
 8.933516e+00 -2.804062e-02 
 8.933914e+00 -2.837204e-02 
 8.934312e+00 -2.867621e-02 
 8.934710e+00 -2.896426e-02 
 8.935107e+00 -2.921476e-02 
 8.935505e+00 -2.942688e-02 
 8.935903e+00 -2.960468e-02 
 8.936300e+00 -2.974782e-02 
 8.936698e+00 -2.986396e-02 
 8.937096e+00 -2.995436e-02 
 8.937493e+00 -3.001484e-02 
 8.937891e+00 -3.003577e-02 
 8.938289e+00 -3.002181e-02 
 8.938686e+00 -2.998281e-02 
 8.939084e+00 -2.991716e-02 
 8.939482e+00 -2.982461e-02 
 8.939880e+00 -2.970216e-02 
 8.940277e+00 -2.954011e-02 
 8.940675e+00 -2.934834e-02 
 8.941073e+00 -2.911951e-02 
 8.941470e+00 -2.885436e-02 
 8.941868e+00 -2.855288e-02 
 8.942266e+00 -2.822228e-02 
 8.942663e+00 -2.784520e-02 
 8.943061e+00 -2.743630e-02 
 8.943459e+00 -2.699755e-02 
 8.943857e+00 -2.653084e-02 
 8.944254e+00 -2.604146e-02 
 8.944652e+00 -2.551135e-02 
 8.945050e+00 -2.495168e-02 
 8.945447e+00 -2.435555e-02 
 8.945845e+00 -2.372910e-02 
 8.946243e+00 -2.307078e-02 
 8.946640e+00 -2.237333e-02 
 8.947038e+00 -2.164374e-02 
 8.947436e+00 -2.088536e-02 
 8.947833e+00 -2.007863e-02 
 8.948231e+00 -1.926578e-02 
 8.948629e+00 -1.842126e-02 
 8.949027e+00 -1.757736e-02 
 8.949424e+00 -1.669890e-02 
 8.949822e+00 -1.580009e-02 
 8.950220e+00 -1.488248e-02 
 8.950617e+00 -1.393501e-02 
 8.951015e+00 -1.296726e-02 
 8.951413e+00 -1.197110e-02 
 8.951810e+00 -1.094663e-02 
 8.952208e+00 -9.901245e-03 
 8.952606e+00 -8.835586e-03 
 8.953004e+00 -7.774955e-03 
 8.953401e+00 -6.696197e-03 
 8.953799e+00 -5.605998e-03 
 8.954197e+00 -4.507201e-03 
 8.954594e+00 -3.397186e-03 
 8.954992e+00 -2.266584e-03 
 8.955390e+00 -1.132608e-03 
 8.955787e+00  1.645213e-06 
 8.956185e+00  1.152906e-03 
 8.956583e+00  2.320506e-03 
 8.956980e+00  3.483841e-03 
 8.957378e+00  4.648722e-03 
 8.957776e+00  5.818866e-03 
 8.958174e+00  6.983126e-03 
 8.958571e+00  8.149714e-03 
 8.958969e+00  9.326853e-03 
 8.959367e+00  1.050004e-02 
 8.959764e+00  1.166280e-02 
 8.960162e+00  1.284108e-02 
 8.960560e+00  1.402714e-02 
 8.960957e+00  1.520672e-02 
 8.961355e+00  1.640011e-02 
 8.961753e+00  1.760352e-02 
 8.962151e+00  1.880333e-02 
 8.962548e+00  1.999214e-02 
 8.962946e+00  2.118528e-02 
 8.963344e+00  2.237717e-02 
 8.963741e+00  2.356352e-02 
 8.964139e+00  2.475644e-02 
 8.964537e+00  2.594171e-02 
 8.964934e+00  2.713210e-02 
 8.965332e+00  2.830445e-02 
 8.965730e+00  2.948744e-02 
 8.966127e+00  3.066357e-02 
 8.966525e+00  3.184406e-02 
 8.966923e+00  3.303306e-02 
 8.967321e+00  3.420417e-02 
 8.967718e+00  3.536062e-02 
 8.968116e+00  3.651247e-02 
 8.968514e+00  3.766008e-02 
 8.968911e+00  3.879331e-02 
 8.969309e+00  3.990574e-02 
 8.969707e+00  4.102532e-02 
 8.970104e+00  4.211612e-02 
 8.970502e+00  4.319564e-02 
 8.970900e+00  4.428800e-02 
 8.971298e+00  4.536415e-02 
 8.971695e+00  4.642055e-02 
 8.972093e+00  4.746217e-02 
 8.972491e+00  4.848416e-02 
 8.972888e+00  4.947659e-02 
 8.973286e+00  5.046590e-02 
 8.973684e+00  5.144804e-02 
 8.974081e+00  5.240401e-02 
 8.974479e+00  5.334259e-02 
 8.974877e+00  5.424618e-02 
 8.975274e+00  5.512883e-02 
 8.975672e+00  5.599290e-02 
 8.976070e+00  5.684263e-02 
 8.976468e+00  5.765032e-02 
 8.976865e+00  5.843086e-02 
 8.977263e+00  5.918245e-02 
 8.977661e+00  5.990638e-02 
 8.978058e+00  6.058916e-02 
 8.978456e+00  6.125606e-02 
 8.978854e+00  6.188856e-02 
 8.979251e+00  6.248882e-02 
 8.979649e+00  6.305515e-02 
 8.980047e+00  6.359639e-02 
 8.980445e+00  6.411637e-02 
 8.980842e+00  6.459395e-02 
 8.981240e+00  6.505046e-02 
 8.981638e+00  6.546270e-02 
 8.982035e+00  6.584530e-02 
 8.982433e+00  6.618785e-02 
 8.982831e+00  6.651387e-02 
 8.983228e+00  6.679893e-02 
 8.983626e+00  6.706442e-02 
 8.984024e+00  6.727991e-02 
 8.984421e+00  6.746354e-02 
 8.984819e+00  6.760287e-02 
 8.985217e+00  6.771657e-02 
 8.985615e+00  6.779754e-02 
 8.986012e+00  6.784686e-02 
 8.986410e+00  6.787164e-02 
 8.986808e+00  6.784714e-02 
 8.987205e+00  6.780136e-02 
 8.987603e+00  6.772001e-02 
 8.988001e+00  6.761255e-02 
 8.988398e+00  6.746941e-02 
 8.988796e+00  6.729215e-02 
 8.989194e+00  6.706772e-02 
 8.989592e+00  6.683637e-02 
 8.989989e+00  6.655608e-02 
 8.990387e+00  6.625311e-02 
 8.990785e+00  6.594006e-02 
 8.991182e+00  6.558827e-02 
 8.991580e+00  6.519792e-02 
 8.991978e+00  6.479346e-02 
 8.992375e+00  6.436243e-02 
 8.992773e+00  6.390822e-02 
 8.993171e+00  6.343139e-02 
 8.993568e+00  6.292286e-02 
 8.993966e+00  6.237266e-02 
 8.994364e+00  6.179852e-02 
 8.994762e+00  6.120776e-02 
 8.995159e+00  6.058789e-02 
 8.995557e+00  5.995368e-02 
 8.995955e+00  5.930530e-02 
 8.996352e+00  5.861819e-02 
 8.996750e+00  5.790541e-02 
 8.997148e+00  5.717948e-02 
 8.997545e+00  5.641367e-02 
 8.997943e+00  5.564095e-02 
 8.998341e+00  5.483449e-02 
 8.998739e+00  5.399521e-02 
 8.999136e+00  5.312863e-02 
 8.999534e+00  5.225141e-02 
 8.999932e+00  5.136315e-02 
 9.000329e+00  5.045008e-02 
 9.000727e+00  4.952272e-02 
 9.001125e+00  4.857329e-02 
 9.001522e+00  4.759722e-02 
 9.001920e+00  4.662101e-02 
 9.002318e+00  4.563709e-02 
 9.002715e+00  4.463782e-02 
 9.003113e+00  4.360672e-02 
 9.003511e+00  4.255707e-02 
 9.003909e+00  4.149047e-02 
 9.004306e+00  4.039558e-02 
 9.004704e+00  3.930137e-02 
 9.005102e+00  3.820083e-02 
 9.005499e+00  3.706722e-02 
 9.005897e+00  3.592658e-02 
 9.006295e+00  3.477609e-02 
 9.006692e+00  3.361633e-02 
 9.007090e+00  3.244064e-02 
 9.007488e+00  3.126482e-02 
 9.007886e+00  3.006645e-02 
 9.008283e+00  2.885156e-02 
 9.008681e+00  2.763313e-02 
 9.009079e+00  2.640721e-02 
 9.009476e+00  2.517241e-02 
 9.009874e+00  2.394841e-02 
 9.010272e+00  2.270748e-02 
 9.010669e+00  2.146681e-02 
 9.011067e+00  2.021419e-02 
 9.011465e+00  1.897737e-02 
 9.011862e+00  1.774067e-02 
 9.012260e+00  1.649785e-02 
 9.012658e+00  1.525041e-02 
 9.013056e+00  1.399285e-02 
 9.013453e+00  1.272788e-02 
 9.013851e+00  1.146947e-02 
 9.014249e+00  1.021544e-02 
 9.014646e+00  8.975600e-03 
 9.015044e+00  7.741565e-03 
 9.015442e+00  6.516808e-03 
 9.015839e+00  5.294331e-03 
 9.016237e+00  4.080701e-03 
 9.016635e+00  2.872984e-03 
 9.017033e+00  1.671156e-03 
 9.017430e+00  4.709916e-04 
 9.017828e+00 -7.235112e-04 
 9.018226e+00 -1.911630e-03 
 9.018623e+00 -3.078141e-03 
 9.019021e+00 -4.226947e-03 
 9.019419e+00 -5.346551e-03 
 9.019816e+00 -6.448353e-03 
 9.020214e+00 -7.527521e-03 
 9.020612e+00 -8.586711e-03 
 9.021009e+00 -9.618543e-03 
 9.021407e+00 -1.062415e-02 
 9.021805e+00 -1.161619e-02 
 9.022203e+00 -1.258568e-02 
 9.022600e+00 -1.354193e-02 
 9.022998e+00 -1.447417e-02 
 9.023396e+00 -1.538852e-02 
 9.023793e+00 -1.625643e-02 
 9.024191e+00 -1.710029e-02 
 9.024589e+00 -1.790304e-02 
 9.024986e+00 -1.868307e-02 
 9.025384e+00 -1.943717e-02 
 9.025782e+00 -2.016721e-02 
 9.026180e+00 -2.086433e-02 
 9.026577e+00 -2.155261e-02 
 9.026975e+00 -2.220850e-02 
 9.027373e+00 -2.284404e-02 
 9.027770e+00 -2.344654e-02 
 9.028168e+00 -2.402502e-02 
 9.028566e+00 -2.456204e-02 
 9.028963e+00 -2.505822e-02 
 9.029361e+00 -2.553696e-02 
 9.029759e+00 -2.597899e-02 
 9.030156e+00 -2.639856e-02 
 9.030554e+00 -2.678215e-02 
 9.030952e+00 -2.714415e-02 
 9.031350e+00 -2.748136e-02 
 9.031747e+00 -2.779796e-02 
 9.032145e+00 -2.809704e-02 
 9.032543e+00 -2.837855e-02 
 9.032940e+00 -2.862803e-02 
 9.033338e+00 -2.885601e-02 
 9.033736e+00 -2.903782e-02 
 9.034133e+00 -2.918873e-02 
 9.034531e+00 -2.931744e-02 
 9.034929e+00 -2.940928e-02 
 9.035327e+00 -2.948467e-02 
 9.035724e+00 -2.952175e-02 
 9.036122e+00 -2.954421e-02 
 9.036520e+00 -2.953076e-02 
 9.036917e+00 -2.951210e-02 
 9.037315e+00 -2.946026e-02 
 9.037713e+00 -2.938405e-02 
 9.038110e+00 -2.926669e-02 
 9.038508e+00 -2.912465e-02 
 9.038906e+00 -2.893286e-02 
 9.039303e+00 -2.871377e-02 
 9.039701e+00 -2.846041e-02 
 9.040099e+00 -2.817651e-02 
 9.040497e+00 -2.785663e-02 
 9.040894e+00 -2.750938e-02 
 9.041292e+00 -2.712782e-02 
 9.041690e+00 -2.672702e-02 
 9.042087e+00 -2.630532e-02 
 9.042485e+00 -2.584905e-02 
 9.042883e+00 -2.535551e-02 
 9.043280e+00 -2.482674e-02 
 9.043678e+00 -2.426124e-02 
 9.044076e+00 -2.366721e-02 
 9.044474e+00 -2.304620e-02 
 9.044871e+00 -2.240549e-02 
 9.045269e+00 -2.173745e-02 
 9.045667e+00 -2.103626e-02 
 9.046064e+00 -2.032070e-02 
 9.046462e+00 -1.958108e-02 
 9.046860e+00 -1.881474e-02 
 9.047257e+00 -1.802085e-02 
 9.047655e+00 -1.719343e-02 
 9.048053e+00 -1.632405e-02 
 9.048450e+00 -1.543912e-02 
 9.048848e+00 -1.453875e-02 
 9.049246e+00 -1.360525e-02 
 9.049644e+00 -1.264733e-02 
 9.050041e+00 -1.166442e-02 
 9.050439e+00 -1.066918e-02 
 9.050837e+00 -9.650197e-03 
 9.051234e+00 -8.622476e-03 
 9.051632e+00 -7.577282e-03 
 9.052030e+00 -6.513338e-03 
 9.052427e+00 -5.427904e-03 
 9.052825e+00 -4.322611e-03 
 9.053223e+00 -3.203278e-03 
 9.053621e+00 -2.074867e-03 
 9.054018e+00 -9.186495e-04 
 9.054416e+00  2.461372e-04 
 9.054814e+00  1.434964e-03 
 9.055211e+00  2.629091e-03 
 9.055609e+00  3.834821e-03 
 9.056007e+00  5.040791e-03 
 9.056404e+00  6.264803e-03 
 9.056802e+00  7.500891e-03 
 9.057200e+00  8.737685e-03 
 9.057597e+00  9.985523e-03 
 9.057995e+00  1.123665e-02 
 9.058393e+00  1.249449e-02 
 9.058791e+00  1.375602e-02 
 9.059188e+00  1.502490e-02 
 9.059586e+00  1.629509e-02 
 9.059984e+00  1.757087e-02 
 9.060381e+00  1.883944e-02 
 9.060779e+00  2.009112e-02 
 9.061177e+00  2.133447e-02 
 9.061574e+00  2.257319e-02 
 9.061972e+00  2.380251e-02 
 9.062370e+00  2.502920e-02 
 9.062768e+00  2.624828e-02 
 9.063165e+00  2.746269e-02 
 9.063563e+00  2.866278e-02 
 9.063961e+00  2.986414e-02 
 9.064358e+00  3.104312e-02 
 9.064756e+00  3.221693e-02 
 9.065154e+00  3.338173e-02 
 9.065551e+00  3.451464e-02 
 9.065949e+00  3.563045e-02 
 9.066347e+00  3.674457e-02 
 9.066744e+00  3.784448e-02 
 9.067142e+00  3.892478e-02 
 9.067540e+00  3.999159e-02 
 9.067938e+00  4.105818e-02 
 9.068335e+00  4.209842e-02 
 9.068733e+00  4.313237e-02 
 9.069131e+00  4.417221e-02 
 9.069528e+00  4.518589e-02 
 9.069926e+00  4.617439e-02 
 9.070324e+00  4.716465e-02 
 9.070721e+00  4.812494e-02 
 9.071119e+00  4.906406e-02 
 9.071517e+00  4.999819e-02 
 9.071915e+00  5.092729e-02 
 9.072312e+00  5.182046e-02 
 9.072710e+00  5.268610e-02 
 9.073108e+00  5.355251e-02 
 9.073505e+00  5.439559e-02 
 9.073903e+00  5.521713e-02 
 9.074301e+00  5.603354e-02 
 9.074698e+00  5.681888e-02 
 9.075096e+00  5.758457e-02 
 9.075494e+00  5.833356e-02 
 9.075891e+00  5.907056e-02 
 9.076289e+00  5.977296e-02 
 9.076687e+00  6.045416e-02 
 9.077085e+00  6.111724e-02 
 9.077482e+00  6.173851e-02 
 9.077880e+00  6.233921e-02 
 9.078278e+00  6.292091e-02 
 9.078675e+00  6.348790e-02 
 9.079073e+00  6.401825e-02 
 9.079471e+00  6.452278e-02 
 9.079868e+00  6.498566e-02 
 9.080266e+00  6.542582e-02 
 9.080664e+00  6.582788e-02 
 9.081062e+00  6.619843e-02 
 9.081459e+00  6.653410e-02 
 9.081857e+00  6.683055e-02 
 9.082255e+00  6.708930e-02 
 9.082652e+00  6.731517e-02 
 9.083050e+00  6.751217e-02 
 9.083448e+00  6.767652e-02 
 9.083845e+00  6.782425e-02 
 9.084243e+00  6.792154e-02 
 9.084641e+00  6.798872e-02 
 9.085038e+00  6.801246e-02 
 9.085436e+00  6.801265e-02 
 9.085834e+00  6.796562e-02 
 9.086232e+00  6.789443e-02 
 9.086629e+00  6.778052e-02 
 9.087027e+00  6.763122e-02 
 9.087425e+00  6.745843e-02 
 9.087822e+00  6.724438e-02 
 9.088220e+00  6.701966e-02 
 9.088618e+00  6.675291e-02 
 9.089015e+00  6.646863e-02 
 9.089413e+00  6.613396e-02 
 9.089811e+00  6.576860e-02 
 9.090209e+00  6.536714e-02 
 9.090606e+00  6.495395e-02 
 9.091004e+00  6.449805e-02 
 9.091402e+00  6.401159e-02 
 9.091799e+00  6.347974e-02 
 9.092197e+00  6.292070e-02 
 9.092595e+00  6.232968e-02 
 9.092992e+00  6.172540e-02 
 9.093390e+00  6.108895e-02 
 9.093788e+00  6.042801e-02 
 9.094185e+00  5.973598e-02 
 9.094583e+00  5.901141e-02 
 9.094981e+00  5.826054e-02 
 9.095379e+00  5.749259e-02 
 9.095776e+00  5.671528e-02 
 9.096174e+00  5.589530e-02 
 9.096572e+00  5.504970e-02 
 9.096969e+00  5.417995e-02 
 9.097367e+00  5.329846e-02 
 9.097765e+00  5.240344e-02 
 9.098162e+00  5.150122e-02 
 9.098560e+00  5.057578e-02 
 9.098958e+00  4.962653e-02 
 9.099356e+00  4.865649e-02 
 9.099753e+00  4.767080e-02 
 9.100151e+00  4.666885e-02 
 9.100549e+00  4.565059e-02 
 9.100946e+00  4.461395e-02 
 9.101344e+00  4.354647e-02 
 9.101742e+00  4.246204e-02 
 9.102139e+00  4.137629e-02 
 9.102537e+00  4.028513e-02 
 9.102935e+00  3.919410e-02 
 9.103332e+00  3.809324e-02 
 9.103730e+00  3.697590e-02 
 9.104128e+00  3.585822e-02 
 9.104526e+00  3.471655e-02 
 9.104923e+00  3.357380e-02 
 9.105321e+00  3.241599e-02 
 9.105719e+00  3.124701e-02 
 9.106116e+00  3.006801e-02 
 9.106514e+00  2.886928e-02 
 9.106912e+00  2.766980e-02 
 9.107309e+00  2.647011e-02 
 9.107707e+00  2.527649e-02 
 9.108105e+00  2.409334e-02 
 9.108503e+00  2.289797e-02 
 9.108900e+00  2.169637e-02 
 9.109298e+00  2.049364e-02 
 9.109696e+00  1.929114e-02 
 9.110093e+00  1.807333e-02 
 9.110491e+00  1.685766e-02 
 9.110889e+00  1.562458e-02 
 9.111286e+00  1.439041e-02 
 9.111684e+00  1.315158e-02 
 9.112082e+00  1.192042e-02 
 9.112479e+00  1.069891e-02 
 9.112877e+00  9.479176e-03 
 9.113275e+00  8.285031e-03 
 9.113673e+00  7.063842e-03 
 9.114070e+00  5.866155e-03 
 9.114468e+00  4.674029e-03 
 9.114866e+00  3.492662e-03 
 9.115263e+00  2.300206e-03 
 9.115661e+00  1.126890e-03 
 9.116059e+00 -4.798161e-05 
 9.116456e+00 -1.209724e-03 
 9.116854e+00 -2.353429e-03 
 9.117252e+00 -3.466836e-03 
 9.117650e+00 -4.576427e-03 
 9.118047e+00 -5.665330e-03 
 9.118445e+00 -6.734412e-03 
 9.118843e+00 -7.795199e-03 
 9.119240e+00 -8.837791e-03 
 9.119638e+00 -9.855927e-03 
 9.120036e+00 -1.087664e-02 
 9.120433e+00 -1.189200e-02 
 9.120831e+00 -1.289128e-02 
 9.121229e+00 -1.386962e-02 
 9.121626e+00 -1.481782e-02 
 9.122024e+00 -1.573989e-02 
 9.122422e+00 -1.663439e-02 
 9.122820e+00 -1.750687e-02 
 9.123217e+00 -1.834321e-02 
 9.123615e+00 -1.915301e-02 
 9.124013e+00 -1.993802e-02 
 9.124410e+00 -2.069470e-02 
 9.124808e+00 -2.143905e-02 
 9.125206e+00 -2.215311e-02 
 9.125603e+00 -2.284776e-02 
 9.126001e+00 -2.351582e-02 
 9.126399e+00 -2.414202e-02 
 9.126797e+00 -2.472799e-02 
 9.127194e+00 -2.528530e-02 
 9.127592e+00 -2.581138e-02 
 9.127990e+00 -2.629822e-02 
 9.128387e+00 -2.674408e-02 
 9.128785e+00 -2.716891e-02 
 9.129183e+00 -2.756077e-02 
 9.129580e+00 -2.793271e-02 
 9.129978e+00 -2.827661e-02 
 9.130376e+00 -2.860169e-02 
 9.130773e+00 -2.887649e-02 
 9.131171e+00 -2.912451e-02 
 9.131569e+00 -2.933092e-02 
 9.131967e+00 -2.948619e-02 
 9.132364e+00 -2.961193e-02 
 9.132762e+00 -2.971604e-02 
 9.133160e+00 -2.977226e-02 
 9.133557e+00 -2.980651e-02 
 9.133955e+00 -2.982137e-02 
 9.134353e+00 -2.980196e-02 
 9.134750e+00 -2.975600e-02 
 9.135148e+00 -2.968217e-02 
 9.135546e+00 -2.958441e-02 
 9.135944e+00 -2.944436e-02 
 9.136341e+00 -2.927133e-02 
 9.136739e+00 -2.906467e-02 
 9.137137e+00 -2.882030e-02 
 9.137534e+00 -2.855458e-02 
 9.137932e+00 -2.826598e-02 
 9.138330e+00 -2.794145e-02 
 9.138727e+00 -2.759497e-02 
 9.139125e+00 -2.723105e-02 
 9.139523e+00 -2.684808e-02 
 9.139920e+00 -2.644153e-02 
 9.140318e+00 -2.601244e-02 
 9.140716e+00 -2.555900e-02 
 9.141114e+00 -2.506218e-02 
 9.141511e+00 -2.453727e-02 
 9.141909e+00 -2.399706e-02 
 9.142307e+00 -2.341950e-02 
 9.142704e+00 -2.282729e-02 
 9.143102e+00 -2.220841e-02 
 9.143500e+00 -2.155493e-02 
 9.143897e+00 -2.087525e-02 
 9.144295e+00 -2.018002e-02 
 9.144693e+00 -1.946210e-02 
 9.145091e+00 -1.872100e-02 
 9.145488e+00 -1.794775e-02 
 9.145886e+00 -1.715184e-02 
 9.146284e+00 -1.632044e-02 
 9.146681e+00 -1.548521e-02 
 9.147079e+00 -1.461328e-02 
 9.147477e+00 -1.371836e-02 
 9.147874e+00 -1.279289e-02 
 9.148272e+00 -1.185698e-02 
 9.148670e+00 -1.089454e-02 
 9.149067e+00 -9.924714e-03 
 9.149465e+00 -8.937699e-03 
 9.149863e+00 -7.937327e-03 
 9.150261e+00 -6.900879e-03 
 9.150658e+00 -5.853103e-03 
 9.151056e+00 -4.777819e-03 
 9.151454e+00 -3.687403e-03 
 9.151851e+00 -2.577626e-03 
 9.152249e+00 -1.447732e-03 
 9.152647e+00 -3.000797e-04 
 9.153044e+00  8.554970e-04 
 9.153442e+00  2.030591e-03 
 9.153840e+00  3.211142e-03 
 9.154238e+00  4.401276e-03 
 9.154635e+00  5.603583e-03 
 9.155033e+00  6.812380e-03 
 9.155431e+00  8.036942e-03 
 9.155828e+00  9.267418e-03 
 9.156226e+00  1.050659e-02 
 9.156624e+00  1.175219e-02 
 9.157021e+00  1.300322e-02 
 9.157419e+00  1.426539e-02 
 9.157817e+00  1.552587e-02 
 9.158214e+00  1.678990e-02 
 9.158612e+00  1.804123e-02 
 9.159010e+00  1.929917e-02 
 9.159408e+00  2.055674e-02 
 9.159805e+00  2.181990e-02 
 9.160203e+00  2.307983e-02 
 9.160601e+00  2.434027e-02 
 9.160998e+00  2.559015e-02 
 9.161396e+00  2.683735e-02 
 9.161794e+00  2.807188e-02 
 9.162191e+00  2.930244e-02 
 9.162589e+00  3.053609e-02 
 9.162987e+00  3.175249e-02 
 9.163385e+00  3.296896e-02 
 9.163782e+00  3.417254e-02 
 9.164180e+00  3.537102e-02 
 9.164578e+00  3.655822e-02 
 9.164975e+00  3.773751e-02 
 9.165373e+00  3.888395e-02 
 9.165771e+00  4.001953e-02 
 9.166168e+00  4.113823e-02 
 9.166566e+00  4.223928e-02 
 9.166964e+00  4.332327e-02 
 9.167361e+00  4.439617e-02 
 9.167759e+00  4.544356e-02 
 9.168157e+00  4.645992e-02 
 9.168555e+00  4.745922e-02 
 9.168952e+00  4.843079e-02 
 9.169350e+00  4.938659e-02 
 9.169748e+00  5.032249e-02 
 9.170145e+00  5.122884e-02 
 9.170543e+00  5.210757e-02 
 9.170941e+00  5.296957e-02 
 9.171338e+00  5.381572e-02 
 9.171736e+00  5.463502e-02 
 9.172134e+00  5.543596e-02 
 9.172532e+00  5.622244e-02 
 9.172929e+00  5.696905e-02 
 9.173327e+00  5.769098e-02 
 9.173725e+00  5.839629e-02 
 9.174122e+00  5.906791e-02 
 9.174520e+00  5.971346e-02 
 9.174918e+00  6.032923e-02 
 9.175315e+00  6.093373e-02 
 9.175713e+00  6.149799e-02 
 9.176111e+00  6.205454e-02 
 9.176508e+00  6.260434e-02 
 9.176906e+00  6.311915e-02 
 9.177304e+00  6.360486e-02 
 9.177702e+00  6.406406e-02 
 9.178099e+00  6.449160e-02 
 9.178497e+00  6.489363e-02 
 9.178895e+00  6.527552e-02 
 9.179292e+00  6.563601e-02 
 9.179690e+00  6.595332e-02 
 9.180088e+00  6.625244e-02 
 9.180485e+00  6.652084e-02 
 9.180883e+00  6.675504e-02 
 9.181281e+00  6.696917e-02 
 9.181678e+00  6.717306e-02 
 9.182076e+00  6.733526e-02 
 9.182474e+00  6.746191e-02 
 9.182872e+00  6.756998e-02 
 9.183269e+00  6.764772e-02 
 9.183667e+00  6.769507e-02 
 9.184065e+00  6.770045e-02 
 9.184462e+00  6.767880e-02 
 9.184860e+00  6.761170e-02 
 9.185258e+00  6.750850e-02 
 9.185655e+00  6.738264e-02 
 9.186053e+00  6.722767e-02 
 9.186451e+00  6.704110e-02 
 9.186849e+00  6.682162e-02 
 9.187246e+00  6.656543e-02 
 9.187644e+00  6.626110e-02 
 9.188042e+00  6.592826e-02 
 9.188439e+00  6.556669e-02 
 9.188837e+00  6.516999e-02 
 9.189235e+00  6.472862e-02 
 9.189632e+00  6.425381e-02 
 9.190030e+00  6.373877e-02 
 9.190428e+00  6.320150e-02 
 9.190825e+00  6.264645e-02 
 9.191223e+00  6.206605e-02 
 9.191621e+00  6.148719e-02 
 9.192019e+00  6.085175e-02 
 9.192416e+00  6.020024e-02 
 9.192814e+00  5.951682e-02 
 9.193212e+00  5.880484e-02 
 9.193609e+00  5.805798e-02 
 9.194007e+00  5.729087e-02 
 9.194405e+00  5.648701e-02 
 9.194802e+00  5.564703e-02 
 9.195200e+00  5.479778e-02 
 9.195598e+00  5.393930e-02 
 9.195996e+00  5.306333e-02 
 9.196393e+00  5.216041e-02 
 9.196791e+00  5.123436e-02 
 9.197189e+00  5.026940e-02 
 9.197586e+00  4.929115e-02 
 9.197984e+00  4.828810e-02 
 9.198382e+00  4.726439e-02 
 9.198779e+00  4.622335e-02 
 9.199177e+00  4.516266e-02 
 9.199575e+00  4.407260e-02 
 9.199972e+00  4.297182e-02 
 9.200370e+00  4.187281e-02 
 9.200768e+00  4.075595e-02 
 9.201166e+00  3.963448e-02 
 9.201563e+00  3.848391e-02 
 9.201961e+00  3.733157e-02 
 9.202359e+00  3.615899e-02 
 9.202756e+00  3.497117e-02 
 9.203154e+00  3.377602e-02 
 9.203552e+00  3.257315e-02 
 9.203949e+00  3.136368e-02 
 9.204347e+00  3.013600e-02 
 9.204745e+00  2.891360e-02 
 9.205143e+00  2.768658e-02 
 9.205540e+00  2.647588e-02 
 9.205938e+00  2.525306e-02 
 9.206336e+00  2.402659e-02 
 9.206733e+00  2.279354e-02 
 9.207131e+00  2.155980e-02 
 9.207529e+00  2.032847e-02 
 9.207926e+00  1.910181e-02 
 9.208324e+00  1.787731e-02 
 9.208722e+00  1.664049e-02 
 9.209119e+00  1.541388e-02 
 9.209517e+00  1.418948e-02 
 9.209915e+00  1.297563e-02 
 9.210313e+00  1.178266e-02 
 9.210710e+00  1.059876e-02 
 9.211108e+00  9.425281e-03 
 9.211506e+00  8.265060e-03 
 9.211903e+00  7.103985e-03 
 9.212301e+00  5.954590e-03 
 9.212699e+00  4.808842e-03 
 9.213096e+00  3.668753e-03 
 9.213494e+00  2.529588e-03 
 9.213892e+00  1.388012e-03 
 9.214290e+00  2.715572e-04 
 9.214687e+00 -8.374945e-04 
 9.215085e+00 -1.918962e-03 
 9.215483e+00 -2.985077e-03 
 9.215880e+00 -4.054362e-03 
 9.216278e+00 -5.111684e-03 
 9.216676e+00 -6.175873e-03 
 9.217073e+00 -7.223702e-03 
 9.217471e+00 -8.251913e-03 
 9.217869e+00 -9.276747e-03 
 9.218266e+00 -1.029873e-02 
 9.218664e+00 -1.130474e-02 
 9.219062e+00 -1.229306e-02 
 9.219460e+00 -1.325248e-02 
 9.219857e+00 -1.418715e-02 
 9.220255e+00 -1.509323e-02 
 9.220653e+00 -1.598066e-02 
 9.221050e+00 -1.684910e-02 
 9.221448e+00 -1.770357e-02 
 9.221846e+00 -1.854144e-02 
 9.222243e+00 -1.935112e-02 
 9.222641e+00 -2.014432e-02 
 9.223039e+00 -2.092502e-02 
 9.223437e+00 -2.167783e-02 
 9.223834e+00 -2.239854e-02 
 9.224232e+00 -2.309267e-02 
 9.224630e+00 -2.372663e-02 
 9.225027e+00 -2.434373e-02 
 9.225425e+00 -2.493394e-02 
 9.225823e+00 -2.550398e-02 
 9.226220e+00 -2.603421e-02 
 9.226618e+00 -2.654008e-02 
 9.227016e+00 -2.700790e-02 
 9.227413e+00 -2.745073e-02 
 9.227811e+00 -2.785777e-02 
 9.228209e+00 -2.825494e-02 
 9.228607e+00 -2.859168e-02 
 9.229004e+00 -2.891193e-02 
 9.229402e+00 -2.918635e-02 
 9.229800e+00 -2.941636e-02 
 9.230197e+00 -2.961174e-02 
 9.230595e+00 -2.977325e-02 
 9.230993e+00 -2.990712e-02 
 9.231390e+00 -2.999685e-02 
 9.231788e+00 -3.007258e-02 
 9.232186e+00 -3.011589e-02 
 9.232584e+00 -3.012629e-02 
 9.232981e+00 -3.010308e-02 
 9.233379e+00 -3.005871e-02 
 9.233777e+00 -2.995734e-02 
 9.234174e+00 -2.982904e-02 
 9.234572e+00 -2.966503e-02 
 9.234970e+00 -2.947252e-02 
 9.235367e+00 -2.924930e-02 
 9.235765e+00 -2.900724e-02 
 9.236163e+00 -2.873007e-02 
 9.236560e+00 -2.841976e-02 
 9.236958e+00 -2.808029e-02 
 9.237356e+00 -2.772576e-02 
 9.237754e+00 -2.733302e-02 
 9.238151e+00 -2.690518e-02 
 9.238549e+00 -2.644495e-02 
 9.238947e+00 -2.594729e-02 
 9.239344e+00 -2.540928e-02 
 9.239742e+00 -2.483660e-02 
 9.240140e+00 -2.424388e-02 
 9.240537e+00 -2.362265e-02 
 9.240935e+00 -2.298740e-02 
 9.241333e+00 -2.232107e-02 
 9.241731e+00 -2.164442e-02 
 9.242128e+00 -2.093888e-02 
 9.242526e+00 -2.022649e-02 
 9.242924e+00 -1.947223e-02 
 9.243321e+00 -1.868533e-02 
 9.243719e+00 -1.786721e-02 
 9.244117e+00 -1.704224e-02 
 9.244514e+00 -1.617909e-02 
 9.244912e+00 -1.531134e-02 
 9.245310e+00 -1.441805e-02 
 9.245707e+00 -1.351147e-02 
 9.246105e+00 -1.257613e-02 
 9.246503e+00 -1.164715e-02 
 9.246901e+00 -1.070376e-02 
 9.247298e+00 -9.726366e-03 
 9.247696e+00 -8.750930e-03 
 9.248094e+00 -7.745006e-03 
 9.248491e+00 -6.725217e-03 
 9.248889e+00 -5.681634e-03 
 9.249287e+00 -4.625527e-03 
 9.249684e+00 -3.555385e-03 
 9.250082e+00 -2.474290e-03 
 9.250480e+00 -1.381283e-03 
 9.250878e+00 -2.936724e-04 
 9.251275e+00  8.203803e-04 
 9.251673e+00  1.935164e-03 
 9.252071e+00  3.062089e-03 
 9.252468e+00  4.198528e-03 
 9.252866e+00  5.352898e-03 
 9.253264e+00  6.518239e-03 
 9.253661e+00  7.700122e-03 
 9.254059e+00  8.892443e-03 
 9.254457e+00  1.007786e-02 
 9.254854e+00  1.127696e-02 
 9.255252e+00  1.249243e-02 
 9.255650e+00  1.371214e-02 
 9.256048e+00  1.492609e-02 
 9.256445e+00  1.614730e-02 
 9.256843e+00  1.737529e-02 
 9.257241e+00  1.859463e-02 
 9.257638e+00  1.982609e-02 
 9.258036e+00  2.107460e-02 
 9.258434e+00  2.232362e-02 
 9.258831e+00  2.358690e-02 
 9.259229e+00  2.484005e-02 
 9.259627e+00  2.610675e-02 
 9.260025e+00  2.735899e-02 
 9.260422e+00  2.862263e-02 
 9.260820e+00  2.987282e-02 
 9.261218e+00  3.110957e-02 
 9.261615e+00  3.232976e-02 
 9.262013e+00  3.353421e-02 
 9.262411e+00  3.473806e-02 
 9.262808e+00  3.594222e-02 
 9.263206e+00  3.712980e-02 
 9.263604e+00  3.829715e-02 
 9.264001e+00  3.945891e-02 
 9.264399e+00  4.061070e-02 
 9.264797e+00  4.174783e-02 
 9.265195e+00  4.287457e-02 
 9.265592e+00  4.398942e-02 
 9.265990e+00  4.506638e-02 
 9.266388e+00  4.611713e-02 
 9.266785e+00  4.716250e-02 
 9.267183e+00  4.817562e-02 
 9.267581e+00  4.918503e-02 
 9.267978e+00  5.016638e-02 
 9.268376e+00  5.112776e-02 
 9.268774e+00  5.206475e-02 
 9.269172e+00  5.298528e-02 
 9.269569e+00  5.388230e-02 
 9.269967e+00  5.474831e-02 
 9.270365e+00  5.559621e-02 
 9.270762e+00  5.639481e-02 
 9.271160e+00  5.715786e-02 
 9.271558e+00  5.790752e-02 
 9.271955e+00  5.863122e-02 
 9.272353e+00  5.932374e-02 
 9.272751e+00  5.998792e-02 
 9.273148e+00  6.061558e-02 
 9.273546e+00  6.121934e-02 
 9.273944e+00  6.179384e-02 
 9.274342e+00  6.235697e-02 
 9.274739e+00  6.288390e-02 
 9.275137e+00  6.337622e-02 
 9.275535e+00  6.383540e-02 
 9.275932e+00  6.426772e-02 
 9.276330e+00  6.466984e-02 
 9.276728e+00  6.504197e-02 
 9.277125e+00  6.538594e-02 
 9.277523e+00  6.569982e-02 
 9.277921e+00  6.598941e-02 
 9.278319e+00  6.624455e-02 
 9.278716e+00  6.648711e-02 
 9.279114e+00  6.670498e-02 
 9.279512e+00  6.689612e-02 
 9.279909e+00  6.706376e-02 
 9.280307e+00  6.719446e-02 
 9.280705e+00  6.728830e-02 
 9.281102e+00  6.735720e-02 
 9.281500e+00  6.739703e-02 
 9.281898e+00  6.741125e-02 
 9.282295e+00  6.737937e-02 
 9.282693e+00  6.732709e-02 
 9.283091e+00  6.724229e-02 
 9.283489e+00  6.713550e-02 
 9.283886e+00  6.700811e-02 
 9.284284e+00  6.686462e-02 
 9.284682e+00  6.668672e-02 
 9.285079e+00  6.647391e-02 
 9.285477e+00  6.623075e-02 
 9.285875e+00  6.594154e-02 
 9.286272e+00  6.562634e-02 
 9.286670e+00  6.528651e-02 
 9.287068e+00  6.491700e-02 
 9.287466e+00  6.451502e-02 
 9.287863e+00  6.409659e-02 
 9.288261e+00  6.364686e-02 
 9.288659e+00  6.317727e-02 
 9.289056e+00  6.269908e-02 
 9.289454e+00  6.217398e-02 
 9.289852e+00  6.161681e-02 
 9.290249e+00  6.101102e-02 
 9.290647e+00  6.037384e-02 
 9.291045e+00  5.970620e-02 
 9.291442e+00  5.900944e-02 
 9.291840e+00  5.828021e-02 
 9.292238e+00  5.751750e-02 
 9.292636e+00  5.672944e-02 
 9.293033e+00  5.592435e-02 
 9.293431e+00  5.511233e-02 
 9.293829e+00  5.426972e-02 
 9.294226e+00  5.340199e-02 
 9.294624e+00  5.251063e-02 
 9.295022e+00  5.158904e-02 
 9.295419e+00  5.063531e-02 
 9.295817e+00  4.966632e-02 
 9.296215e+00  4.866627e-02 
 9.296613e+00  4.765093e-02 
 9.297010e+00  4.661353e-02 
 9.297408e+00  4.555903e-02 
 9.297806e+00  4.449259e-02 
 9.298203e+00  4.341560e-02 
 9.298601e+00  4.234593e-02 
 9.298999e+00  4.124436e-02 
 9.299396e+00  4.013490e-02 
 9.299794e+00  3.900623e-02 
 9.300192e+00  3.785338e-02 
 9.300589e+00  3.669374e-02 
 9.300987e+00  3.551829e-02 
 9.301385e+00  3.432601e-02 
 9.301783e+00  3.311169e-02 
 9.302180e+00  3.189927e-02 
 9.302578e+00  3.067031e-02 
 9.302976e+00  2.945181e-02 
 9.303373e+00  2.823984e-02 
 9.303771e+00  2.702346e-02 
 9.304169e+00  2.579289e-02 
 9.304566e+00  2.455619e-02 
 9.304964e+00  2.331020e-02 
 9.305362e+00  2.205730e-02 
 9.305760e+00  2.080549e-02 
 9.306157e+00  1.955708e-02 
 9.306555e+00  1.829661e-02 
 9.306953e+00  1.704337e-02 
 9.307350e+00  1.580280e-02 
 9.307748e+00  1.457287e-02 
 9.308146e+00  1.336116e-02 
 9.308543e+00  1.215582e-02 
 9.308941e+00  1.095294e-02 
 9.309339e+00  9.728852e-03 
 9.309736e+00  8.514725e-03 
 9.310134e+00  7.299773e-03 
 9.310532e+00  6.090045e-03 
 9.310930e+00  4.894514e-03 
 9.311327e+00  3.697179e-03 
 9.311725e+00  2.513543e-03 
 9.312123e+00  1.341593e-03 
 9.312520e+00  2.111559e-04 
 9.312918e+00 -9.136834e-04 
 9.313316e+00 -2.014939e-03 
 9.313713e+00 -3.095590e-03 
 9.314111e+00 -4.179195e-03 
 9.314509e+00 -5.258290e-03 
 9.314907e+00 -6.323162e-03 
 9.315304e+00 -7.355767e-03 
 9.315702e+00 -8.369513e-03 
 9.316100e+00 -9.379695e-03 
 9.316497e+00 -1.036576e-02 
 9.316895e+00 -1.133045e-02 
 9.317293e+00 -1.226253e-02 
 9.317690e+00 -1.316804e-02 
 9.318088e+00 -1.404659e-02 
 9.318486e+00 -1.491373e-02 
 9.318883e+00 -1.576919e-02 
 9.319281e+00 -1.660615e-02 
 9.319679e+00 -1.742181e-02 
 9.320077e+00 -1.821688e-02 
 9.320474e+00 -1.899280e-02 
 9.320872e+00 -1.974925e-02 
 9.321270e+00 -2.049491e-02 
 9.321667e+00 -2.120488e-02 
 9.322065e+00 -2.188311e-02 
 9.322463e+00 -2.253182e-02 
 9.322860e+00 -2.316063e-02 
 9.323258e+00 -2.374874e-02 
 9.323656e+00 -2.433672e-02 
 9.324054e+00 -2.490152e-02 
 9.324451e+00 -2.543625e-02 
 9.324849e+00 -2.594970e-02 
 9.325247e+00 -2.645221e-02 
 9.325644e+00 -2.691743e-02 
 9.326042e+00 -2.734967e-02 
 9.326440e+00 -2.776959e-02 
 9.326837e+00 -2.813475e-02 
 9.327235e+00 -2.846140e-02 
 9.327633e+00 -2.874831e-02 
 9.328030e+00 -2.900724e-02 
 9.328428e+00 -2.923553e-02 
 9.328826e+00 -2.944345e-02 
 9.329224e+00 -2.963359e-02 
 9.329621e+00 -2.978628e-02 
 9.330019e+00 -2.992848e-02 
 9.330417e+00 -3.004278e-02 
 9.330814e+00 -3.010713e-02 
 9.331212e+00 -3.013892e-02 
 9.331610e+00 -3.013793e-02 
 9.332007e+00 -3.007913e-02 
 9.332405e+00 -2.997974e-02 
 9.332803e+00 -2.984093e-02 
 9.333201e+00 -2.968139e-02 
 9.333598e+00 -2.948799e-02 
 9.333996e+00 -2.926408e-02 
 9.334394e+00 -2.901255e-02 
 9.334791e+00 -2.871770e-02 
 9.335189e+00 -2.840445e-02 
 9.335587e+00 -2.805106e-02 
 9.335984e+00 -2.766572e-02 
 9.336382e+00 -2.723784e-02 
 9.336780e+00 -2.676835e-02 
 9.337177e+00 -2.627287e-02 
 9.337575e+00 -2.573244e-02 
 9.337973e+00 -2.518242e-02 
 9.338371e+00 -2.460363e-02 
 9.338768e+00 -2.400568e-02 
 9.339166e+00 -2.337796e-02 
 9.339564e+00 -2.273421e-02 
 9.339961e+00 -2.206899e-02 
 9.340359e+00 -2.136779e-02 
 9.340757e+00 -2.064334e-02 
 9.341154e+00 -1.988721e-02 
 9.341552e+00 -1.909548e-02 
 9.341950e+00 -1.828312e-02 
 9.342348e+00 -1.745814e-02 
 9.342745e+00 -1.660671e-02 
 9.343143e+00 -1.572834e-02 
 9.343541e+00 -1.483342e-02 
 9.343938e+00 -1.392290e-02 
 9.344336e+00 -1.298632e-02 
 9.344734e+00 -1.204893e-02 
 9.345131e+00 -1.109188e-02 
 9.345529e+00 -1.011242e-02 
 9.345927e+00 -9.110309e-03 
 9.346324e+00 -8.082120e-03 
 9.346722e+00 -7.040028e-03 
 9.347120e+00 -5.971880e-03 
 9.347518e+00 -4.899313e-03 
 9.347915e+00 -3.817603e-03 
 9.348313e+00 -2.703288e-03 
 9.348711e+00 -1.595202e-03 
 9.349108e+00 -4.800097e-04 
 9.349506e+00  6.479994e-04 
 9.349904e+00  1.789949e-03 
 9.350301e+00  2.935888e-03 
 9.350699e+00  4.101402e-03 
 9.351097e+00  5.282987e-03 
 9.351495e+00  6.471258e-03 
 9.351892e+00  7.666613e-03 
 9.352290e+00  8.864969e-03 
 9.352688e+00  1.006591e-02 
 9.353085e+00  1.128586e-02 
 9.353483e+00  1.250768e-02 
 9.353881e+00  1.372041e-02 
 9.354278e+00  1.493061e-02 
 9.354676e+00  1.614814e-02 
 9.355074e+00  1.736685e-02 
 9.355471e+00  1.858559e-02 
 9.355869e+00  1.981875e-02 
 9.356267e+00  2.105184e-02 
 9.356665e+00  2.227993e-02 
 9.357062e+00  2.350153e-02 
 9.357460e+00  2.471897e-02 
 9.357858e+00  2.592508e-02 
 9.358255e+00  2.712049e-02 
 9.358653e+00  2.832405e-02 
 9.359051e+00  2.950469e-02 
 9.359448e+00  3.067815e-02 
 9.359846e+00  3.185110e-02 
 9.360244e+00  3.301878e-02 
 9.360642e+00  3.417644e-02 
 9.361039e+00  3.534260e-02 
 9.361437e+00  3.649344e-02 
 9.361835e+00  3.763759e-02 
 9.362232e+00  3.877024e-02 
 9.362630e+00  3.990340e-02 
 9.363028e+00  4.102261e-02 
 9.363425e+00  4.212869e-02 
 9.363823e+00  4.323140e-02 
 9.364221e+00  4.430091e-02 
 9.364618e+00  4.534653e-02 
 9.365016e+00  4.640139e-02 
 9.365414e+00  4.744120e-02 
 9.365812e+00  4.846241e-02 
 9.366209e+00  4.945699e-02 
 9.366607e+00  5.045493e-02 
 9.367005e+00  5.140941e-02 
 9.367402e+00  5.235808e-02 
 9.367800e+00  5.329684e-02 
 9.368198e+00  5.419767e-02 
 9.368595e+00  5.508057e-02 
 9.368993e+00  5.593012e-02 
 9.369391e+00  5.674951e-02 
 9.369789e+00  5.754346e-02 
 9.370186e+00  5.832007e-02 
 9.370584e+00  5.907135e-02 
 9.370982e+00  5.978641e-02 
 9.371379e+00  6.046787e-02 
 9.371777e+00  6.113641e-02 
 9.372175e+00  6.178042e-02 
 9.372572e+00  6.239816e-02 
 9.372970e+00  6.296621e-02 
 9.373368e+00  6.351944e-02 
 9.373765e+00  6.401766e-02 
 9.374163e+00  6.448156e-02 
 9.374561e+00  6.491800e-02 
 9.374959e+00  6.532921e-02 
 9.375356e+00  6.570843e-02 
 9.375754e+00  6.604483e-02 
 9.376152e+00  6.635834e-02 
 9.376549e+00  6.662962e-02 
 9.376947e+00  6.687822e-02 
 9.377345e+00  6.710182e-02 
 9.377742e+00  6.727026e-02 
 9.378140e+00  6.740950e-02 
 9.378538e+00  6.750210e-02 
 9.378936e+00  6.756655e-02 
 9.379333e+00  6.760134e-02 
 9.379731e+00  6.760910e-02 
 9.380129e+00  6.759481e-02 
 9.380526e+00  6.753289e-02 
 9.380924e+00  6.746050e-02 
 9.381322e+00  6.736049e-02 
 9.381719e+00  6.723172e-02 
 9.382117e+00  6.709029e-02 
 9.382515e+00  6.691952e-02 
 9.382912e+00  6.670650e-02 
 9.383310e+00  6.645448e-02 
 9.383708e+00  6.617808e-02 
 9.384106e+00  6.588216e-02 
 9.384503e+00  6.554898e-02 
 9.384901e+00  6.519882e-02 
 9.385299e+00  6.481492e-02 
 9.385696e+00  6.440197e-02 
 9.386094e+00  6.396628e-02 
 9.386492e+00  6.351522e-02 
 9.386889e+00  6.302667e-02 
 9.387287e+00  6.251962e-02 
 9.387685e+00  6.198076e-02 
 9.388083e+00  6.139739e-02 
 9.388480e+00  6.079044e-02 
 9.388878e+00  6.018078e-02 
 9.389276e+00  5.952826e-02 
 9.389673e+00  5.884864e-02 
 9.390071e+00  5.815099e-02 
 9.390469e+00  5.742296e-02 
 9.390866e+00  5.666923e-02 
 9.391264e+00  5.591611e-02 
 9.391662e+00  5.514258e-02 
 9.392059e+00  5.432988e-02 
 9.392457e+00  5.349813e-02 
 9.392855e+00  5.263692e-02 
 9.393253e+00  5.173326e-02 
 9.393650e+00  5.081186e-02 
 9.394048e+00  4.988928e-02 
 9.394446e+00  4.892982e-02 
 9.394843e+00  4.795996e-02 
 9.395241e+00  4.697756e-02 
 9.395639e+00  4.596885e-02 
 9.396036e+00  4.495569e-02 
 9.396434e+00  4.392433e-02 
 9.396832e+00  4.286797e-02 
 9.397230e+00  4.177640e-02 
 9.397627e+00  4.066861e-02 
 9.398025e+00  3.952940e-02 
 9.398423e+00  3.837206e-02 
 9.398820e+00  3.720703e-02 
 9.399218e+00  3.603038e-02 
 9.399616e+00  3.483052e-02 
 9.400013e+00  3.363191e-02 
 9.400411e+00  3.243727e-02 
 9.400809e+00  3.123565e-02 
 9.401206e+00  3.004205e-02 
 9.401604e+00  2.883754e-02 
 9.402002e+00  2.761041e-02 
 9.402400e+00  2.635955e-02 
 9.402797e+00  2.509666e-02 
 9.403195e+00  2.384008e-02 
 9.403593e+00  2.256608e-02 
 9.403990e+00  2.130447e-02 
 9.404388e+00  2.005400e-02 
 9.404786e+00  1.879409e-02 
 9.405183e+00  1.754201e-02 
 9.405581e+00  1.629589e-02 
 9.405979e+00  1.505507e-02 
 9.406377e+00  1.381150e-02 
 9.406774e+00  1.256764e-02 
 9.407172e+00  1.131561e-02 
 9.407570e+00  1.006090e-02 
 9.407967e+00  8.820151e-03 
 9.408365e+00  7.591086e-03 
 9.408763e+00  6.369533e-03 
 9.409160e+00  5.169989e-03 
 9.409558e+00  3.974999e-03 
 9.409956e+00  2.799106e-03 
 9.410353e+00  1.641950e-03 
 9.410751e+00  5.137869e-04 
 9.411149e+00 -6.018076e-04 
 9.411547e+00 -1.706431e-03 
 9.411944e+00 -2.827293e-03 
 9.412342e+00 -3.935042e-03 
 9.412740e+00 -5.024035e-03 
 9.413137e+00 -6.095774e-03 
 9.413535e+00 -7.143191e-03 
 9.413933e+00 -8.168680e-03 
 9.414330e+00 -9.191990e-03 
 9.414728e+00 -1.018966e-02 
 9.415126e+00 -1.115220e-02 
 9.415524e+00 -1.209884e-02 
 9.415921e+00 -1.302315e-02 
 9.416319e+00 -1.392846e-02 
 9.416717e+00 -1.482233e-02 
 9.417114e+00 -1.571527e-02 
 9.417512e+00 -1.657167e-02 
 9.417910e+00 -1.740768e-02 
 9.418307e+00 -1.822988e-02 
 9.418705e+00 -1.902300e-02 
 9.419103e+00 -1.978693e-02 
 9.419500e+00 -2.052347e-02 
 9.419898e+00 -2.122917e-02 
 9.420296e+00 -2.188054e-02 
 9.420694e+00 -2.251453e-02 
 9.421091e+00 -2.313977e-02 
 9.421489e+00 -2.373273e-02 
 9.421887e+00 -2.431373e-02 
 9.422284e+00 -2.487661e-02 
 9.422682e+00 -2.540302e-02 
 9.423080e+00 -2.588693e-02 
 9.423477e+00 -2.635181e-02 
 9.423875e+00 -2.679118e-02 
 9.424273e+00 -2.717071e-02 
 9.424671e+00 -2.754403e-02 
 9.425068e+00 -2.787951e-02 
 9.425466e+00 -2.818123e-02 
 9.425864e+00 -2.846648e-02 
 9.426261e+00 -2.873856e-02 
 9.426659e+00 -2.897639e-02 
 9.427057e+00 -2.918801e-02 
 9.427454e+00 -2.938773e-02 
 9.427852e+00 -2.954423e-02 
 9.428250e+00 -2.966025e-02 
 9.428647e+00 -2.976116e-02 
 9.429045e+00 -2.981685e-02 
 9.429443e+00 -2.982288e-02 
 9.429841e+00 -2.980668e-02 
 9.430238e+00 -2.975835e-02 
 9.430636e+00 -2.967568e-02 
 9.431034e+00 -2.957579e-02 
 9.431431e+00 -2.946836e-02 
 9.431829e+00 -2.931436e-02 
 9.432227e+00 -2.913020e-02 
 9.432624e+00 -2.891597e-02 
 9.433022e+00 -2.867458e-02 
 9.433420e+00 -2.840071e-02 
 9.433818e+00 -2.808177e-02 
 9.434215e+00 -2.774308e-02 
 9.434613e+00 -2.735771e-02 
 9.435011e+00 -2.693626e-02 
 9.435408e+00 -2.649134e-02 
 9.435806e+00 -2.602254e-02 
 9.436204e+00 -2.551457e-02 
 9.436601e+00 -2.499246e-02 
 9.436999e+00 -2.442781e-02 
 9.437397e+00 -2.384176e-02 
 9.437794e+00 -2.322667e-02 
 9.438192e+00 -2.258419e-02 
 9.438590e+00 -2.189798e-02 
 9.438988e+00 -2.117002e-02 
 9.439385e+00 -2.040980e-02 
 9.439783e+00 -1.960913e-02 
 9.440181e+00 -1.879667e-02 
 9.440578e+00 -1.795957e-02 
 9.440976e+00 -1.711095e-02 
 9.441374e+00 -1.623191e-02 
 9.441771e+00 -1.533877e-02 
 9.442169e+00 -1.442371e-02 
 9.442567e+00 -1.348569e-02 
 9.442965e+00 -1.252434e-02 
 9.443362e+00 -1.153753e-02 
 9.443760e+00 -1.052600e-02 
 9.444158e+00 -9.486241e-03 
 9.444555e+00 -8.430181e-03 
 9.444953e+00 -7.369520e-03 
 9.445351e+00 -6.289538e-03 
 9.445748e+00 -5.209427e-03 
 9.446146e+00 -4.121671e-03 
 9.446544e+00 -3.024590e-03 
 9.446941e+00 -1.920065e-03 
 9.447339e+00 -8.020209e-04 
 9.447737e+00  3.320422e-04 
 9.448135e+00  1.482585e-03 
 9.448532e+00  2.655910e-03 
 9.448930e+00  3.840562e-03 
 9.449328e+00  5.050049e-03 
 9.449725e+00  6.243687e-03 
 9.450123e+00  7.444693e-03 
 9.450521e+00  8.646108e-03 
 9.450918e+00  9.851661e-03 
 9.451316e+00  1.105011e-02 
 9.451714e+00  1.226007e-02 
 9.452112e+00  1.347834e-02 
 9.452509e+00  1.468458e-02 
 9.452907e+00  1.590554e-02 
 9.453305e+00  1.713796e-02 
 9.453702e+00  1.835674e-02 
 9.454100e+00  1.958213e-02 
 9.454498e+00  2.081166e-02 
 9.454895e+00  2.203571e-02 
 9.455293e+00  2.324742e-02 
 9.455691e+00  2.446682e-02 
 9.456088e+00  2.568652e-02 
 9.456486e+00  2.688561e-02 
 9.456884e+00  2.809745e-02 
 9.457282e+00  2.929872e-02 
 9.457679e+00  3.048259e-02 
 9.458077e+00  3.168007e-02 
 9.458475e+00  3.288140e-02 
 9.458872e+00  3.406480e-02 
 9.459270e+00  3.523050e-02 
 9.459668e+00  3.639775e-02 
 9.460065e+00  3.753250e-02 
 9.460463e+00  3.866254e-02 
 9.460861e+00  3.978421e-02 
 9.461259e+00  4.088432e-02 
 9.461656e+00  4.196213e-02 
 9.462054e+00  4.302418e-02 
 9.462452e+00  4.408291e-02 
 9.462849e+00  4.512526e-02 
 9.463247e+00  4.616655e-02 
 9.463645e+00  4.718023e-02 
 9.464042e+00  4.817977e-02 
 9.464440e+00  4.915446e-02 
 9.464838e+00  5.011017e-02 
 9.465235e+00  5.105261e-02 
 9.465633e+00  5.196259e-02 
 9.466031e+00  5.284554e-02 
 9.466429e+00  5.370816e-02 
 9.466826e+00  5.454006e-02 
 9.467224e+00  5.536463e-02 
 9.467622e+00  5.617876e-02 
 9.468019e+00  5.698024e-02 
 9.468417e+00  5.776796e-02 
 9.468815e+00  5.852962e-02 
 9.469212e+00  5.925761e-02 
 9.469610e+00  5.996568e-02 
 9.470008e+00  6.065410e-02 
 9.470406e+00  6.130808e-02 
 9.470803e+00  6.193040e-02 
 9.471201e+00  6.252698e-02 
 9.471599e+00  6.308605e-02 
 9.471996e+00  6.362371e-02 
 9.472394e+00  6.413463e-02 
 9.472792e+00  6.462138e-02 
 9.473189e+00  6.507662e-02 
 9.473587e+00  6.549908e-02 
 9.473985e+00  6.588888e-02 
 9.474382e+00  6.625106e-02 
 9.474780e+00  6.657766e-02 
 9.475178e+00  6.687246e-02 
 9.475576e+00  6.713709e-02 
 9.475973e+00  6.735263e-02 
 9.476371e+00  6.753076e-02 
 9.476769e+00  6.767139e-02 
 9.477166e+00  6.779440e-02 
 9.477564e+00  6.788254e-02 
 9.477962e+00  6.795082e-02 
 9.478359e+00  6.798685e-02 
 9.478757e+00  6.797142e-02 
 9.479155e+00  6.792838e-02 
 9.479553e+00  6.784980e-02 
 9.479950e+00  6.773546e-02 
 9.480348e+00  6.758833e-02 
 9.480746e+00  6.740864e-02 
 9.481143e+00  6.716302e-02 
 9.481541e+00  6.688771e-02 
 9.481939e+00  6.659138e-02 
 9.482336e+00  6.626337e-02 
 9.482734e+00  6.590445e-02 
 9.483132e+00  6.552043e-02 
 9.483529e+00  6.512123e-02 
 9.483927e+00  6.468347e-02 
 9.484325e+00  6.422659e-02 
 9.484723e+00  6.374726e-02 
 9.485120e+00  6.323824e-02 
 9.485518e+00  6.269115e-02 
 9.485916e+00  6.209895e-02 
 9.486313e+00  6.149540e-02 
 9.486711e+00  6.085793e-02 
 9.487109e+00  6.021700e-02 
 9.487506e+00  5.956160e-02 
 9.487904e+00  5.887365e-02 
 9.488302e+00  5.816938e-02 
 9.488700e+00  5.744555e-02 
 9.489097e+00  5.670667e-02 
 9.489495e+00  5.594334e-02 
 9.489893e+00  5.515945e-02 
 9.490290e+00  5.434607e-02 
 9.490688e+00  5.349486e-02 
 9.491086e+00  5.261517e-02 
 9.491483e+00  5.172689e-02 
 9.491881e+00  5.080889e-02 
 9.492279e+00  4.988425e-02 
 9.492676e+00  4.893796e-02 
 9.493074e+00  4.797071e-02 
 9.493472e+00  4.699600e-02 
 9.493870e+00  4.600338e-02 
 9.494267e+00  4.499490e-02 
 9.494665e+00  4.396063e-02 
 9.495063e+00  4.290502e-02 
 9.495460e+00  4.181277e-02 
 9.495858e+00  4.070889e-02 
 9.496256e+00  3.959756e-02 
 9.496653e+00  3.848238e-02 
 9.497051e+00  3.735582e-02 
 9.497449e+00  3.621611e-02 
 9.497847e+00  3.506998e-02 
 9.498244e+00  3.391284e-02 
 9.498642e+00  3.275882e-02 
 9.499040e+00  3.159449e-02 
 9.499437e+00  3.042600e-02 
 9.499835e+00  2.921912e-02 
 9.500233e+00  2.800245e-02 
 9.500630e+00  2.677312e-02 
 9.501028e+00  2.553574e-02 
 9.501426e+00  2.429546e-02 
 9.501823e+00  2.305189e-02 
 9.502221e+00  2.181336e-02 
 9.502619e+00  2.057740e-02 
 9.503017e+00  1.934457e-02 
 9.503414e+00  1.810541e-02 
 9.503812e+00  1.687820e-02 
 9.504210e+00  1.565565e-02 
 9.504607e+00  1.441524e-02 
 9.505005e+00  1.316297e-02 
 9.505403e+00  1.191548e-02 
 9.505800e+00  1.067159e-02 
 9.506198e+00  9.429088e-03 
 9.506596e+00  8.210866e-03 
 9.506994e+00  6.997982e-03 
 9.507391e+00  5.797328e-03 
 9.507789e+00  4.599407e-03 
 9.508187e+00  3.427916e-03 
 9.508584e+00  2.259943e-03 
 9.508982e+00  1.106039e-03 
 9.509380e+00 -6.037661e-05 
 9.509777e+00 -1.218897e-03 
 9.510175e+00 -2.387591e-03 
 9.510573e+00 -3.534622e-03 
 9.510970e+00 -4.669087e-03 
 9.511368e+00 -5.770317e-03 
 9.511766e+00 -6.855752e-03 
 9.512164e+00 -7.918203e-03 
 9.512561e+00 -8.958261e-03 
 9.512959e+00 -9.976433e-03 
 9.513357e+00 -1.097696e-02 
 9.513754e+00 -1.195326e-02 
 9.514152e+00 -1.292880e-02 
 9.514550e+00 -1.388743e-02 
 9.514947e+00 -1.483041e-02 
 9.515345e+00 -1.575191e-02 
 9.515743e+00 -1.664219e-02 
 9.516141e+00 -1.748876e-02 
 9.516538e+00 -1.830788e-02 
 9.516936e+00 -1.909893e-02 
 9.517334e+00 -1.984813e-02 
 9.517731e+00 -2.056973e-02 
 9.518129e+00 -2.125874e-02 
 9.518527e+00 -2.192065e-02 
 9.518924e+00 -2.257472e-02 
 9.519322e+00 -2.321439e-02 
 9.519720e+00 -2.382424e-02 
 9.520117e+00 -2.440773e-02 
 9.520515e+00 -2.496049e-02 
 9.520913e+00 -2.548336e-02 
 9.521311e+00 -2.595701e-02 
 9.521708e+00 -2.641123e-02 
 9.522106e+00 -2.684129e-02 
 9.522504e+00 -2.722315e-02 
 9.522901e+00 -2.757717e-02 
 9.523299e+00 -2.790555e-02 
 9.523697e+00 -2.820727e-02 
 9.524094e+00 -2.848974e-02 
 9.524492e+00 -2.874860e-02 
 9.524890e+00 -2.897716e-02 
 9.525288e+00 -2.916546e-02 
 9.525685e+00 -2.932170e-02 
 9.526083e+00 -2.945176e-02 
 9.526481e+00 -2.954249e-02 
 9.526878e+00 -2.961274e-02 
 9.527276e+00 -2.965462e-02 
 9.527674e+00 -2.965651e-02 
 9.528071e+00 -2.963189e-02 
 9.528469e+00 -2.958588e-02 
 9.528867e+00 -2.952702e-02 
 9.529264e+00 -2.943309e-02 
 9.529662e+00 -2.932029e-02 
 9.530060e+00 -2.917222e-02 
 9.530458e+00 -2.897849e-02 
 9.530855e+00 -2.875807e-02 
 9.531253e+00 -2.851204e-02 
 9.531651e+00 -2.823503e-02 
 9.532048e+00 -2.791326e-02 
 9.532446e+00 -2.756581e-02 
 9.532844e+00 -2.718702e-02 
 9.533241e+00 -2.677314e-02 
 9.533639e+00 -2.635598e-02 
 9.534037e+00 -2.591114e-02 
 9.534435e+00 -2.543730e-02 
 9.534832e+00 -2.493162e-02 
 9.535230e+00 -2.438809e-02 
 9.535628e+00 -2.381180e-02 
 9.536025e+00 -2.320589e-02 
 9.536423e+00 -2.256982e-02 
 9.536821e+00 -2.189948e-02 
 9.537218e+00 -2.118680e-02 
 9.537616e+00 -2.046343e-02 
 9.538014e+00 -1.971862e-02 
 9.538411e+00 -1.894805e-02 
 9.538809e+00 -1.816637e-02 
 9.539207e+00 -1.736778e-02 
 9.539605e+00 -1.653661e-02 
 9.540002e+00 -1.567543e-02 
 9.540400e+00 -1.478700e-02 
 9.540798e+00 -1.388622e-02 
 9.541195e+00 -1.294854e-02 
 9.541593e+00 -1.199024e-02 
 9.541991e+00 -1.101080e-02 
 9.542388e+00 -1.000020e-02 
 9.542786e+00 -8.993159e-03 
 9.543184e+00 -7.969409e-03 
 9.543582e+00 -6.917391e-03 
 9.543979e+00 -5.855219e-03 
 9.544377e+00 -4.775335e-03 
 9.544775e+00 -3.662813e-03 
 9.545172e+00 -2.534804e-03 
 9.545570e+00 -1.404678e-03 
 9.545968e+00 -2.466208e-04 
 9.546365e+00  9.378603e-04 
 9.546763e+00  2.124950e-03 
 9.547161e+00  3.315331e-03 
 9.547558e+00  4.523759e-03 
 9.547956e+00  5.729500e-03 
 9.548354e+00  6.934710e-03 
 9.548752e+00  8.152534e-03 
 9.549149e+00  9.379907e-03 
 9.549547e+00  1.060267e-02 
 9.549945e+00  1.183507e-02 
 9.550342e+00  1.307432e-02 
 9.550740e+00  1.432443e-02 
 9.551138e+00  1.557411e-02 
 9.551535e+00  1.683958e-02 
 9.551933e+00  1.810152e-02 
 9.552331e+00  1.936529e-02 
 9.552729e+00  2.062414e-02 
 9.553126e+00  2.187705e-02 
 9.553524e+00  2.311892e-02 
 9.553922e+00  2.435595e-02 
 9.554319e+00  2.559101e-02 
 9.554717e+00  2.680939e-02 
 9.555115e+00  2.801918e-02 
 9.555512e+00  2.923458e-02 
 9.555910e+00  3.044750e-02 
 9.556308e+00  3.164536e-02 
 9.556705e+00  3.284823e-02 
 9.557103e+00  3.402673e-02 
 9.557501e+00  3.518888e-02 
 9.557899e+00  3.633395e-02 
 9.558296e+00  3.746271e-02 
 9.558694e+00  3.858380e-02 
 9.559092e+00  3.968842e-02 
 9.559489e+00  4.076975e-02 
 9.559887e+00  4.184336e-02 
 9.560285e+00  4.290019e-02 
 9.560682e+00  4.395929e-02 
 9.561080e+00  4.500328e-02 
 9.561478e+00  4.602996e-02 
 9.561876e+00  4.702914e-02 
 9.562273e+00  4.801275e-02 
 9.562671e+00  4.897686e-02 
 9.563069e+00  4.992116e-02 
 9.563466e+00  5.084856e-02 
 9.563864e+00  5.175824e-02 
 9.564262e+00  5.263755e-02 
 9.564659e+00  5.349356e-02 
 9.565057e+00  5.434501e-02 
 9.565455e+00  5.516892e-02 
 9.565852e+00  5.598823e-02 
 9.566250e+00  5.677368e-02 
 9.566648e+00  5.752698e-02 
 9.567046e+00  5.825271e-02 
 9.567443e+00  5.895662e-02 
 9.567841e+00  5.962849e-02 
 9.568239e+00  6.029038e-02 
 9.568636e+00  6.092538e-02 
 9.569034e+00  6.151859e-02 
 9.569432e+00  6.208328e-02 
 9.569829e+00  6.263199e-02 
 9.570227e+00  6.315623e-02 
 9.570625e+00  6.365324e-02 
 9.571023e+00  6.413309e-02 
 9.571420e+00  6.459170e-02 
 9.571818e+00  6.500961e-02 
 9.572216e+00  6.540256e-02 
 9.572613e+00  6.578590e-02 
 9.573011e+00  6.612732e-02 
 9.573409e+00  6.644790e-02 
 9.573806e+00  6.672698e-02 
 9.574204e+00  6.697853e-02 
 9.574602e+00  6.718790e-02 
 9.574999e+00  6.738916e-02 
 9.575397e+00  6.755446e-02 
 9.575795e+00  6.769550e-02 
 9.576193e+00  6.780425e-02 
 9.576590e+00  6.787205e-02 
 9.576988e+00  6.790119e-02 
 9.577386e+00  6.789263e-02 
 9.577783e+00  6.786297e-02 
 9.578181e+00  6.779720e-02 
 9.578579e+00  6.768148e-02 
 9.578976e+00  6.753462e-02 
 9.579374e+00  6.735470e-02 
 9.579772e+00  6.714069e-02 
 9.580170e+00  6.691064e-02 
 9.580567e+00  6.664710e-02 
 9.580965e+00  6.635452e-02 
 9.581363e+00  6.601245e-02 
 9.581760e+00  6.564882e-02 
 9.582158e+00  6.523141e-02 
 9.582556e+00  6.479124e-02 
 9.582953e+00  6.431165e-02 
 9.583351e+00  6.379546e-02 
 9.583749e+00  6.324457e-02 
 9.584146e+00  6.266310e-02 
 9.584544e+00  6.205895e-02 
 9.584942e+00  6.143949e-02 
 9.585340e+00  6.079333e-02 
 9.585737e+00  6.012005e-02 
 9.586135e+00  5.939276e-02 
 9.586533e+00  5.864900e-02 
 9.586930e+00  5.787764e-02 
 9.587328e+00  5.708326e-02 
 9.587726e+00  5.626897e-02 
 9.588123e+00  5.541622e-02 
 9.588521e+00  5.454964e-02 
 9.588919e+00  5.364751e-02 
 9.589317e+00  5.273330e-02 
 9.589714e+00  5.181870e-02 
 9.590112e+00  5.087697e-02 
 9.590510e+00  4.993901e-02 
 9.590907e+00  4.896487e-02 
 9.591305e+00  4.798672e-02 
 9.591703e+00  4.699631e-02 
 9.592100e+00  4.599821e-02 
 9.592498e+00  4.499010e-02 
 9.592896e+00  4.394216e-02 
 9.593293e+00  4.288919e-02 
 9.593691e+00  4.181865e-02 
 9.594089e+00  4.073780e-02 
 9.594487e+00  3.965675e-02 
 9.594884e+00  3.856505e-02 
 9.595282e+00  3.745755e-02 
 9.595680e+00  3.632848e-02 
 9.596077e+00  3.519508e-02 
 9.596475e+00  3.405417e-02 
 9.596873e+00  3.290186e-02 
 9.597270e+00  3.174824e-02 
 9.597668e+00  3.056579e-02 
 9.598066e+00  2.937119e-02 
 9.598464e+00  2.816290e-02 
 9.598861e+00  2.696061e-02 
 9.599259e+00  2.575173e-02 
 9.599657e+00  2.454189e-02 
 9.600054e+00  2.334171e-02 
 9.600452e+00  2.213594e-02 
 9.600850e+00  2.092438e-02 
 9.601247e+00  1.970920e-02 
 9.601645e+00  1.848926e-02 
 9.602043e+00  1.726380e-02 
 9.602440e+00  1.602786e-02 
 9.602838e+00  1.478883e-02 
 9.603236e+00  1.354201e-02 
 9.603634e+00  1.230501e-02 
 9.604031e+00  1.109882e-02 
 9.604429e+00  9.883420e-03 
 9.604827e+00  8.677567e-03 
 9.605224e+00  7.475779e-03 
 9.605622e+00  6.276313e-03 
 9.606020e+00  5.092135e-03 
 9.606417e+00  3.913861e-03 
 9.606815e+00  2.742509e-03 
 9.607213e+00  1.564737e-03 
 9.607611e+00  3.922197e-04 
 9.608008e+00 -7.714073e-04 
 9.608406e+00 -1.932143e-03 
 9.608804e+00 -3.050677e-03 
 9.609201e+00 -4.149967e-03 
 9.609599e+00 -5.246732e-03 
 9.609997e+00 -6.321229e-03 
 9.610394e+00 -7.369324e-03 
 9.610792e+00 -8.405658e-03 
 9.611190e+00 -9.434454e-03 
 9.611587e+00 -1.044285e-02 
 9.611985e+00 -1.144105e-02 
 9.612383e+00 -1.243374e-02 
 9.612781e+00 -1.340013e-02 
 9.613178e+00 -1.434343e-02 
 9.613576e+00 -1.525415e-02 
 9.613974e+00 -1.613909e-02 
 9.614371e+00 -1.700271e-02 
 9.614769e+00 -1.784667e-02 
 9.615167e+00 -1.867319e-02 
 9.615564e+00 -1.946555e-02 
 9.615962e+00 -2.023763e-02 
 9.616360e+00 -2.099549e-02 
 9.616758e+00 -2.173482e-02 
 9.617155e+00 -2.245641e-02 
 9.617553e+00 -2.314721e-02 
 9.617951e+00 -2.381921e-02 
 9.618348e+00 -2.444110e-02 
 9.618746e+00 -2.502344e-02 
 9.619144e+00 -2.556859e-02 
 9.619541e+00 -2.607634e-02 
 9.619939e+00 -2.653863e-02 
 9.620337e+00 -2.698852e-02 
 9.620734e+00 -2.740533e-02 
 9.621132e+00 -2.778129e-02 
 9.621530e+00 -2.814098e-02 
 9.621928e+00 -2.848362e-02 
 9.622325e+00 -2.879501e-02 
 9.622723e+00 -2.905435e-02 
 9.623121e+00 -2.929658e-02 
 9.623518e+00 -2.948458e-02 
 9.623916e+00 -2.962657e-02 
 9.624314e+00 -2.973519e-02 
 9.624711e+00 -2.982191e-02 
 9.625109e+00 -2.986319e-02 
 9.625507e+00 -2.988337e-02 
 9.625905e+00 -2.987009e-02 
 9.626302e+00 -2.983928e-02 
 9.626700e+00 -2.977823e-02 
 9.627098e+00 -2.970820e-02 
 9.627495e+00 -2.959304e-02 
 9.627893e+00 -2.944005e-02 
 9.628291e+00 -2.924717e-02 
 9.628688e+00 -2.901705e-02 
 9.629086e+00 -2.874915e-02 
 9.629484e+00 -2.845920e-02 
 9.629881e+00 -2.814471e-02 
 9.630279e+00 -2.779946e-02 
 9.630677e+00 -2.743866e-02 
 9.631075e+00 -2.705203e-02 
 9.631472e+00 -2.665241e-02 
 9.631870e+00 -2.623407e-02 
 9.632268e+00 -2.578866e-02 
 9.632665e+00 -2.529260e-02 
 9.633063e+00 -2.476911e-02 
 9.633461e+00 -2.422272e-02 
 9.633858e+00 -2.365066e-02 
 9.634256e+00 -2.305314e-02 
 9.634654e+00 -2.243660e-02 
 9.635052e+00 -2.178623e-02 
 9.635449e+00 -2.111280e-02 
 9.635847e+00 -2.043376e-02 
 9.636245e+00 -1.972649e-02 
 9.636642e+00 -1.900067e-02 
 9.637040e+00 -1.825435e-02 
 9.637438e+00 -1.747952e-02 
 9.637835e+00 -1.666086e-02 
 9.638233e+00 -1.581731e-02 
 9.638631e+00 -1.496542e-02 
 9.639028e+00 -1.407090e-02 
 9.639426e+00 -1.315512e-02 
 9.639824e+00 -1.221726e-02 
 9.640222e+00 -1.126152e-02 
 9.640619e+00 -1.028389e-02 
 9.641017e+00 -9.298921e-03 
 9.641415e+00 -8.299928e-03 
 9.641812e+00 -7.263479e-03 
 9.642210e+00 -6.207756e-03 
 9.642608e+00 -5.138779e-03 
 9.643005e+00 -4.052662e-03 
 9.643403e+00 -2.943572e-03 
 9.643801e+00 -1.822268e-03 
 9.644199e+00 -6.946341e-04 
 9.644596e+00  4.670960e-04 
 9.644994e+00  1.636627e-03 
 9.645392e+00  2.796370e-03 
 9.645789e+00  3.980206e-03 
 9.646187e+00  5.168651e-03 
 9.646585e+00  6.368955e-03 
 9.646982e+00  7.569233e-03 
 9.647380e+00  8.794640e-03 
 9.647778e+00  1.002352e-02 
 9.648175e+00  1.126992e-02 
 9.648573e+00  1.253272e-02 
 9.648971e+00  1.378513e-02 
 9.649369e+00  1.505423e-02 
 9.649766e+00  1.630935e-02 
 9.650164e+00  1.756846e-02 
 9.650562e+00  1.880796e-02 
 9.650959e+00  2.005488e-02 
 9.651357e+00  2.130239e-02 
 9.651755e+00  2.255918e-02 
 9.652152e+00  2.380648e-02 
 9.652550e+00  2.505489e-02 
 9.652948e+00  2.629757e-02 
 9.653346e+00  2.753078e-02 
 9.653743e+00  2.877293e-02 
 9.654141e+00  3.001022e-02 
 9.654539e+00  3.123866e-02 
 9.654936e+00  3.243752e-02 
 9.655334e+00  3.363098e-02 
 9.655732e+00  3.481970e-02 
 9.656129e+00  3.597643e-02 
 9.656527e+00  3.713772e-02 
 9.656925e+00  3.829912e-02 
 9.657322e+00  3.942977e-02 
 9.657720e+00  4.055719e-02 
 9.658118e+00  4.167985e-02 
 9.658516e+00  4.278397e-02 
 9.658913e+00  4.387527e-02 
 9.659311e+00  4.494326e-02 
 9.659709e+00  4.598955e-02 
 9.660106e+00  4.700420e-02 
 9.660504e+00  4.801959e-02 
 9.660902e+00  4.900663e-02 
 9.661299e+00  4.996428e-02 
 9.661697e+00  5.091951e-02 
 9.662095e+00  5.183716e-02 
 9.662493e+00  5.271205e-02 
 9.662890e+00  5.357450e-02 
 9.663288e+00  5.442495e-02 
 9.663686e+00  5.524353e-02 
 9.664083e+00  5.603787e-02 
 9.664481e+00  5.682142e-02 
 9.664879e+00  5.756394e-02 
 9.665276e+00  5.827383e-02 
 9.665674e+00  5.896554e-02 
 9.666072e+00  5.963557e-02 
 9.666469e+00  6.026161e-02 
 9.666867e+00  6.088188e-02 
 9.667265e+00  6.147613e-02 
 9.667663e+00  6.202597e-02 
 9.668060e+00  6.257254e-02 
 9.668458e+00  6.309140e-02 
 9.668856e+00  6.358312e-02 
 9.669253e+00  6.404578e-02 
 9.669651e+00  6.447372e-02 
 9.670049e+00  6.487255e-02 
 9.670446e+00  6.522960e-02 
 9.670844e+00  6.557873e-02 
 9.671242e+00  6.588496e-02 
 9.671640e+00  6.615655e-02 
 9.672037e+00  6.640275e-02 
 9.672435e+00  6.662394e-02 
 9.672833e+00  6.681986e-02 
 9.673230e+00  6.700851e-02 
 9.673628e+00  6.716228e-02 
 9.674026e+00  6.728931e-02 
 9.674423e+00  6.738301e-02 
 9.674821e+00  6.744119e-02 
 9.675219e+00  6.746540e-02 
 9.675616e+00  6.747437e-02 
 9.676014e+00  6.744652e-02 
 9.676412e+00  6.738898e-02 
 9.676810e+00  6.729945e-02 
 9.677207e+00  6.719169e-02 
 9.677605e+00  6.704188e-02 
 9.678003e+00  6.688621e-02 
 9.678400e+00  6.669342e-02 
 9.678798e+00  6.646466e-02 
 9.679196e+00  6.620626e-02 
 9.679593e+00  6.591421e-02 
 9.679991e+00  6.559022e-02 
 9.680389e+00  6.524229e-02 
 9.680787e+00  6.486659e-02 
 9.681184e+00  6.444208e-02 
 9.681582e+00  6.397821e-02 
 9.681980e+00  6.348547e-02 
 9.682377e+00  6.297171e-02 
 9.682775e+00  6.242900e-02 
 9.683173e+00  6.185932e-02 
 9.683570e+00  6.125625e-02 
 9.683968e+00  6.062265e-02 
 9.684366e+00  5.994113e-02 
 9.684763e+00  5.924553e-02 
 9.685161e+00  5.851855e-02 
 9.685559e+00  5.776092e-02 
 9.685957e+00  5.696767e-02 
 9.686354e+00  5.615067e-02 
 9.686752e+00  5.530110e-02 
 9.687150e+00  5.443905e-02 
 9.687547e+00  5.356009e-02 
 9.687945e+00  5.267097e-02 
 9.688343e+00  5.174057e-02 
 9.688740e+00  5.079089e-02 
 9.689138e+00  4.980355e-02 
 9.689536e+00  4.880859e-02 
 9.689934e+00  4.778351e-02 
 9.690331e+00  4.673000e-02 
 9.690729e+00  4.565409e-02 
 9.691127e+00  4.454560e-02 
 9.691524e+00  4.342147e-02 
 9.691922e+00  4.229816e-02 
 9.692320e+00  4.116937e-02 
 9.692717e+00  4.003385e-02 
 9.693115e+00  3.888579e-02 
 9.693513e+00  3.772348e-02 
 9.693910e+00  3.654182e-02 
 9.694308e+00  3.534830e-02 
 9.694706e+00  3.415604e-02 
 9.695104e+00  3.294700e-02 
 9.695501e+00  3.172992e-02 
 9.695899e+00  3.050915e-02 
 9.696297e+00  2.928565e-02 
 9.696694e+00  2.806267e-02 
 9.697092e+00  2.684889e-02 
 9.697490e+00  2.564812e-02 
 9.697887e+00  2.444515e-02 
 9.698285e+00  2.322934e-02 
 9.698683e+00  2.201837e-02 
 9.699081e+00  2.079733e-02 
 9.699478e+00  1.958447e-02 
 9.699876e+00  1.837630e-02 
 9.700274e+00  1.716174e-02 
 9.700671e+00  1.593961e-02 
 9.701069e+00  1.472856e-02 
 9.701467e+00  1.351818e-02 
 9.701864e+00  1.232501e-02 
 9.702262e+00  1.115514e-02 
 9.702660e+00  9.986523e-03 
 9.703057e+00  8.815029e-03 
 9.703455e+00  7.651995e-03 
 9.703853e+00  6.496702e-03 
 9.704251e+00  5.339518e-03 
 9.704648e+00  4.191129e-03 
 9.705046e+00  3.060392e-03 
 9.705444e+00  1.916711e-03 
 9.705841e+00  7.730134e-04 
 9.706239e+00 -3.406022e-04 
 9.706637e+00 -1.458685e-03 
 9.707034e+00 -2.543260e-03 
 9.707432e+00 -3.618672e-03 
 9.707830e+00 -4.684007e-03 
 9.708228e+00 -5.742745e-03 
 9.708625e+00 -6.785083e-03 
 9.709023e+00 -7.805686e-03 
 9.709421e+00 -8.841031e-03 
 9.709818e+00 -9.852907e-03 
 9.710216e+00 -1.085678e-02 
 9.710614e+00 -1.186263e-02 
 9.711011e+00 -1.284725e-02 
 9.711409e+00 -1.379926e-02 
 9.711807e+00 -1.472095e-02 
 9.712204e+00 -1.563167e-02 
 9.712602e+00 -1.651743e-02 
 9.713000e+00 -1.737323e-02 
 9.713398e+00 -1.821841e-02 
 9.713795e+00 -1.903626e-02 
 9.714193e+00 -1.982761e-02 
 9.714591e+00 -2.060401e-02 
 9.714988e+00 -2.136226e-02 
 9.715386e+00 -2.209418e-02 
 9.715784e+00 -2.278317e-02 
 9.716181e+00 -2.344653e-02 
 9.716579e+00 -2.406690e-02 
 9.716977e+00 -2.466377e-02 
 9.717375e+00 -2.522643e-02 
 9.717772e+00 -2.576463e-02 
 9.718170e+00 -2.627818e-02 
 9.718568e+00 -2.675537e-02 
 9.718965e+00 -2.720837e-02 
 9.719363e+00 -2.764632e-02 
 9.719761e+00 -2.805152e-02 
 9.720158e+00 -2.842569e-02 
 9.720556e+00 -2.876643e-02 
 9.720954e+00 -2.906047e-02 
 9.721351e+00 -2.931716e-02 
 9.721749e+00 -2.954524e-02 
 9.722147e+00 -2.973900e-02 
 9.722545e+00 -2.989577e-02 
 9.722942e+00 -3.003266e-02 
 9.723340e+00 -3.012852e-02 
 9.723738e+00 -3.019624e-02 
 9.724135e+00 -3.023362e-02 
 9.724533e+00 -3.024261e-02 
 9.724931e+00 -3.021922e-02 
 9.725328e+00 -3.015970e-02 
 9.725726e+00 -3.005898e-02 
 9.726124e+00 -2.990609e-02 
 9.726522e+00 -2.973763e-02 
 9.726919e+00 -2.952505e-02 
 9.727317e+00 -2.927336e-02 
 9.727715e+00 -2.900416e-02 
 9.728112e+00 -2.869622e-02 
 9.728510e+00 -2.835526e-02 
 9.728908e+00 -2.797978e-02 
 9.729305e+00 -2.759888e-02 
 9.729703e+00 -2.717164e-02 
 9.730101e+00 -2.671187e-02 
 9.730498e+00 -2.622603e-02 
 9.730896e+00 -2.569433e-02 
 9.731294e+00 -2.512553e-02 
 9.731692e+00 -2.453905e-02 
 9.732089e+00 -2.393150e-02 
 9.732487e+00 -2.328298e-02 
 9.732885e+00 -2.261425e-02 
 9.733282e+00 -2.192724e-02 
 9.733680e+00 -2.121528e-02 
 9.734078e+00 -2.047440e-02 
 9.734475e+00 -1.972610e-02 
 9.734873e+00 -1.894252e-02 
 9.735271e+00 -1.812276e-02 
 9.735669e+00 -1.729018e-02 
 9.736066e+00 -1.643866e-02 
 9.736464e+00 -1.556062e-02 
 9.736862e+00 -1.466894e-02 
 9.737259e+00 -1.377486e-02 
 9.737657e+00 -1.285214e-02 
 9.738055e+00 -1.191561e-02 
 9.738452e+00 -1.098915e-02 
 9.738850e+00 -1.004587e-02 
 9.739248e+00 -9.079204e-03 
 9.739645e+00 -8.101498e-03 
 9.740043e+00 -7.106921e-03 
 9.740441e+00 -6.093921e-03 
 9.740839e+00 -5.055874e-03 
 9.741236e+00 -4.008096e-03 
 9.741634e+00 -2.950072e-03 
 9.742032e+00 -1.874373e-03 
 9.742429e+00 -7.846868e-04 
 9.742827e+00  3.079466e-04 
 9.743225e+00  1.421252e-03 
 9.743622e+00  2.538044e-03 
 9.744020e+00  3.666086e-03 
 9.744418e+00  4.809962e-03 
 9.744816e+00  5.967273e-03 
 9.745213e+00  7.141259e-03 
 9.745611e+00  8.328386e-03 
 9.746009e+00  9.523139e-03 
 9.746406e+00  1.072126e-02 
 9.746804e+00  1.193484e-02 
 9.747202e+00  1.315419e-02 
 9.747599e+00  1.437866e-02 
 9.747997e+00  1.561768e-02 
 9.748395e+00  1.685323e-02 
 9.748792e+00  1.808892e-02 
 9.749190e+00  1.933529e-02 
 9.749588e+00  2.059670e-02 
 9.749986e+00  2.186101e-02 
 9.750383e+00  2.312129e-02 
 9.750781e+00  2.437868e-02 
 9.751179e+00  2.562384e-02 
 9.751576e+00  2.687569e-02 
 9.751974e+00  2.812333e-02 
 9.752372e+00  2.937283e-02 
 9.752769e+00  3.060852e-02 
 9.753167e+00  3.183755e-02 
 9.753565e+00  3.306227e-02 
 9.753963e+00  3.426659e-02 
 9.754360e+00  3.547700e-02 
 9.754758e+00  3.668376e-02 
 9.755156e+00  3.786807e-02 
 9.755553e+00  3.903156e-02 
 9.755951e+00  4.018079e-02 
 9.756349e+00  4.132686e-02 
 9.756746e+00  4.244761e-02 
 9.757144e+00  4.354642e-02 
 9.757542e+00  4.462904e-02 
 9.757939e+00  4.568783e-02 
 9.758337e+00  4.671220e-02 
 9.758735e+00  4.773773e-02 
 9.759133e+00  4.874104e-02 
 9.759530e+00  4.971617e-02 
 9.759928e+00  5.067606e-02 
 9.760326e+00  5.160992e-02 
 9.760723e+00  5.252560e-02 
 9.761121e+00  5.341643e-02 
 9.761519e+00  5.430357e-02 
 9.761916e+00  5.516185e-02 
 9.762314e+00  5.598709e-02 
 9.762712e+00  5.677878e-02 
 9.763110e+00  5.755499e-02 
 9.763507e+00  5.830224e-02 
 9.763905e+00  5.903053e-02 
 9.764303e+00  5.972946e-02 
 9.764700e+00  6.039689e-02 
 9.765098e+00  6.103924e-02 
 9.765496e+00  6.165593e-02 
 9.765893e+00  6.224205e-02 
 9.766291e+00  6.279278e-02 
 9.766689e+00  6.331759e-02 
 9.767086e+00  6.380177e-02 
 9.767484e+00  6.425011e-02 
 9.767882e+00  6.467005e-02 
 9.768280e+00  6.507256e-02 
 9.768677e+00  6.543215e-02 
 9.769075e+00  6.576841e-02 
 9.769473e+00  6.606333e-02 
 9.769870e+00  6.632958e-02 
 9.770268e+00  6.657223e-02 
 9.770666e+00  6.678804e-02 
 9.771063e+00  6.697544e-02 
 9.771461e+00  6.713168e-02 
 9.771859e+00  6.725208e-02 
 9.772257e+00  6.734701e-02 
 9.772654e+00  6.739928e-02 
 9.773052e+00  6.742858e-02 
 9.773450e+00  6.742958e-02 
 9.773847e+00  6.740088e-02 
 9.774245e+00  6.734680e-02 
 9.774643e+00  6.724749e-02 
 9.775040e+00  6.712377e-02 
 9.775438e+00  6.698066e-02 
 9.775836e+00  6.681595e-02 
 9.776233e+00  6.661307e-02 
 9.776631e+00  6.639180e-02 
 9.777029e+00  6.614041e-02 
 9.777427e+00  6.586113e-02 
 9.777824e+00  6.554807e-02 
 9.778222e+00  6.521488e-02 
 9.778620e+00  6.485545e-02 
 9.779017e+00  6.445415e-02 
 9.779415e+00  6.402693e-02 
 9.779813e+00  6.357087e-02 
 9.780210e+00  6.310466e-02 
 9.780608e+00  6.261801e-02 
 9.781006e+00  6.212138e-02 
 9.781404e+00  6.158828e-02 
 9.781801e+00  6.102307e-02 
 9.782199e+00  6.042879e-02 
 9.782597e+00  5.981197e-02 
 9.782994e+00  5.916508e-02 
 9.783392e+00  5.849763e-02 
 9.783790e+00  5.778763e-02 
 9.784187e+00  5.705789e-02 
 9.784585e+00  5.629162e-02 
 9.784983e+00  5.550019e-02 
 9.785380e+00  5.470624e-02 
 9.785778e+00  5.387524e-02 
 9.786176e+00  5.302698e-02 
 9.786574e+00  5.212751e-02 
 9.786971e+00  5.121353e-02 
 9.787369e+00  5.026270e-02 
 9.787767e+00  4.930153e-02 
 9.788164e+00  4.830670e-02 
 9.788562e+00  4.728613e-02 
 9.788960e+00  4.624217e-02 
 9.789357e+00  4.519170e-02 
 9.789755e+00  4.411170e-02 
 9.790153e+00  4.302648e-02 
 9.790551e+00  4.193819e-02 
 9.790948e+00  4.082468e-02 
 9.791346e+00  3.967924e-02 
 9.791744e+00  3.852549e-02 
 9.792141e+00  3.734752e-02 
 9.792539e+00  3.616275e-02 
 9.792937e+00  3.497217e-02 
 9.793334e+00  3.376715e-02 
 9.793732e+00  3.254159e-02 
 9.794130e+00  3.131052e-02 
 9.794527e+00  3.006927e-02 
 9.794925e+00  2.882490e-02 
 9.795323e+00  2.758054e-02 
 9.795721e+00  2.633578e-02 
 9.796118e+00  2.507524e-02 
 9.796516e+00  2.381321e-02 
 9.796914e+00  2.254200e-02 
 9.797311e+00  2.127539e-02 
 9.797709e+00  2.001028e-02 
 9.798107e+00  1.874309e-02 
 9.798504e+00  1.746604e-02 
 9.798902e+00  1.618943e-02 
 9.799300e+00  1.492707e-02 
 9.799698e+00  1.367543e-02 
 9.800095e+00  1.244208e-02 
 9.800493e+00  1.121489e-02 
 9.800891e+00  9.999270e-03 
 9.801288e+00  8.775307e-03 
 9.801686e+00  7.563899e-03 
 9.802084e+00  6.364620e-03 
 9.802481e+00  5.175051e-03 
 9.802879e+00  3.993181e-03 
 9.803277e+00  2.829654e-03 
 9.803674e+00  1.662407e-03 
 9.804072e+00  5.187729e-04 
 9.804470e+00 -5.931404e-04 
 9.804868e+00 -1.690252e-03 
 9.805265e+00 -2.775047e-03 
 9.805663e+00 -3.850990e-03 
 9.806061e+00 -4.913669e-03 
 9.806458e+00 -5.965633e-03 
 9.806856e+00 -7.008323e-03 
 9.807254e+00 -8.029482e-03 
 9.807651e+00 -9.036289e-03 
 9.808049e+00 -1.002592e-02 
 9.808447e+00 -1.098862e-02 
 9.808845e+00 -1.193754e-02 
 9.809242e+00 -1.283459e-02 
 9.809640e+00 -1.371532e-02 
 9.810038e+00 -1.457190e-02 
 9.810435e+00 -1.541381e-02 
 9.810833e+00 -1.625172e-02 
 9.811231e+00 -1.706504e-02 
 9.811628e+00 -1.786107e-02 
 9.812026e+00 -1.863389e-02 
 9.812424e+00 -1.938983e-02 
 9.812821e+00 -2.013003e-02 
 9.813219e+00 -2.083990e-02 
 9.813617e+00 -2.152998e-02 
 9.814015e+00 -2.219060e-02 
 9.814412e+00 -2.282481e-02 
 9.814810e+00 -2.343830e-02 
 9.815208e+00 -2.402064e-02 
 9.815605e+00 -2.459631e-02 
 9.816003e+00 -2.513187e-02 
 9.816401e+00 -2.564589e-02 
 9.816798e+00 -2.614422e-02 
 9.817196e+00 -2.662159e-02 
 9.817594e+00 -2.706401e-02 
 9.817992e+00 -2.749031e-02 
 9.818389e+00 -2.788056e-02 
 9.818787e+00 -2.823929e-02 
 9.819185e+00 -2.855528e-02 
 9.819582e+00 -2.884723e-02 
 9.819980e+00 -2.910946e-02 
 9.820378e+00 -2.934124e-02 
 9.820775e+00 -2.955019e-02 
 9.821173e+00 -2.973134e-02 
 9.821571e+00 -2.986922e-02 
 9.821968e+00 -2.998102e-02 
 9.822366e+00 -3.006788e-02 
 9.822764e+00 -3.011809e-02 
 9.823162e+00 -3.013424e-02 
 9.823559e+00 -3.010776e-02 
 9.823957e+00 -3.004722e-02 
 9.824355e+00 -2.994163e-02 
 9.824752e+00 -2.980976e-02 
 9.825150e+00 -2.964563e-02 
 9.825548e+00 -2.943843e-02 
 9.825945e+00 -2.921811e-02 
 9.826343e+00 -2.896728e-02 
 9.826741e+00 -2.867638e-02 
 9.827139e+00 -2.836099e-02 
 9.827536e+00 -2.801622e-02 
 9.827934e+00 -2.762640e-02 
 9.828332e+00 -2.718481e-02 
 9.828729e+00 -2.670375e-02 
 9.829127e+00 -2.619429e-02 
 9.829525e+00 -2.564715e-02 
 9.829922e+00 -2.508025e-02 
 9.830320e+00 -2.448919e-02 
 9.830718e+00 -2.386757e-02 
 9.831115e+00 -2.321345e-02 
 9.831513e+00 -2.253691e-02 
 9.831911e+00 -2.183972e-02 
 9.832309e+00 -2.110564e-02 
 9.832706e+00 -2.034077e-02 
 9.833104e+00 -1.954995e-02 
 9.833502e+00 -1.872969e-02 
 9.833899e+00 -1.788385e-02 
 9.834297e+00 -1.701718e-02 
 9.834695e+00 -1.613777e-02 
 9.835092e+00 -1.523390e-02 
 9.835490e+00 -1.431116e-02 
 9.835888e+00 -1.337014e-02 
 9.836286e+00 -1.242097e-02 
 9.836683e+00 -1.144076e-02 
 9.837081e+00 -1.044850e-02 
 9.837479e+00 -9.420780e-03 
 9.837876e+00 -8.386134e-03 
 9.838274e+00 -7.316216e-03 
 9.838672e+00 -6.237536e-03 
 9.839069e+00 -5.143957e-03 
 9.839467e+00 -4.052276e-03 
 9.839865e+00 -2.949473e-03 
 9.840262e+00 -1.827760e-03 
 9.840660e+00 -7.008281e-04 
 9.841058e+00  4.369987e-04 
 9.841456e+00  1.579374e-03 
 9.841853e+00  2.728082e-03 
 9.842251e+00  3.878688e-03 
 9.842649e+00  5.051268e-03 
 9.843046e+00  6.218367e-03 
 9.843444e+00  7.400377e-03 
 9.843842e+00  8.588170e-03 
 9.844239e+00  9.778514e-03 
 9.844637e+00  1.097866e-02 
 9.845035e+00  1.217159e-02 
 9.845433e+00  1.337363e-02 
 9.845830e+00  1.456449e-02 
 9.846228e+00  1.576179e-02 
 9.846626e+00  1.694610e-02 
 9.847023e+00  1.813354e-02 
 9.847421e+00  1.933536e-02 
 9.847819e+00  2.054532e-02 
 9.848216e+00  2.175299e-02 
 9.848614e+00  2.295951e-02 
 9.849012e+00  2.415247e-02 
 9.849409e+00  2.535381e-02 
 9.849807e+00  2.655480e-02 
 9.850205e+00  2.774783e-02 
 9.850603e+00  2.893267e-02 
 9.851000e+00  3.011293e-02 
 9.851398e+00  3.129023e-02 
 9.851796e+00  3.245046e-02 
 9.852193e+00  3.361843e-02 
 9.852591e+00  3.477868e-02 
 9.852989e+00  3.593046e-02 
 9.853386e+00  3.707698e-02 
 9.853784e+00  3.821406e-02 
 9.854182e+00  3.935109e-02 
 9.854580e+00  4.046939e-02 
 9.854977e+00  4.158490e-02 
 9.855375e+00  4.268271e-02 
 9.855773e+00  4.376304e-02 
 9.856170e+00  4.483692e-02 
 9.856568e+00  4.589226e-02 
 9.856966e+00  4.694344e-02 
 9.857363e+00  4.797500e-02 
 9.857761e+00  4.900831e-02 
 9.858159e+00  5.000119e-02 
 9.858556e+00  5.097018e-02 
 9.858954e+00  5.193060e-02 
 9.859352e+00  5.287699e-02 
 9.859750e+00  5.380258e-02 
 9.860147e+00  5.469620e-02 
 9.860545e+00  5.556942e-02 
 9.860943e+00  5.640401e-02 
 9.861340e+00  5.721676e-02 
 9.861738e+00  5.800445e-02 
 9.862136e+00  5.875635e-02 
 9.862533e+00  5.947275e-02 
 9.862931e+00  6.017101e-02 
 9.863329e+00  6.084100e-02 
 9.863727e+00  6.148407e-02 
 9.864124e+00  6.210226e-02 
 9.864522e+00  6.270367e-02 
 9.864920e+00  6.326296e-02 
 9.865317e+00  6.378792e-02 
 9.865715e+00  6.427862e-02 
 9.866113e+00  6.474269e-02 
 9.866510e+00  6.517664e-02 
 9.866908e+00  6.558251e-02 
 9.867306e+00  6.595141e-02 
 9.867703e+00  6.627736e-02 
 9.868101e+00  6.657735e-02 
 9.868499e+00  6.685119e-02 
 9.868897e+00  6.709911e-02 
 9.869294e+00  6.731929e-02 
 9.869692e+00  6.750741e-02 
 9.870090e+00  6.764726e-02 
 9.870487e+00  6.776290e-02 
 9.870885e+00  6.783517e-02 
 9.871283e+00  6.787169e-02 
 9.871680e+00  6.788304e-02 
 9.872078e+00  6.784828e-02 
 9.872476e+00  6.777155e-02 
 9.872874e+00  6.767937e-02 
 9.873271e+00  6.755452e-02 
 9.873669e+00  6.740699e-02 
 9.874067e+00  6.721586e-02 
 9.874464e+00  6.700092e-02 
 9.874862e+00  6.674569e-02 
 9.875260e+00  6.645194e-02 
 9.875657e+00  6.612424e-02 
 9.876055e+00  6.578389e-02 
 9.876453e+00  6.541514e-02 
 9.876850e+00  6.500764e-02 
 9.877248e+00  6.457316e-02 
 9.877646e+00  6.411396e-02 
 9.878044e+00  6.362944e-02 
 9.878441e+00  6.313731e-02 
 9.878839e+00  6.261364e-02 
 9.879237e+00  6.205745e-02 
 9.879634e+00  6.147251e-02 
 9.880032e+00  6.085311e-02 
 9.880430e+00  6.021486e-02 
 9.880827e+00  5.954175e-02 
 9.881225e+00  5.884896e-02 
 9.881623e+00  5.813475e-02 
 9.882021e+00  5.739966e-02 
 9.882418e+00  5.664153e-02 
 9.882816e+00  5.587064e-02 
 9.883214e+00  5.509642e-02 
 9.883611e+00  5.430303e-02 
 9.884009e+00  5.349296e-02 
 9.884407e+00  5.266504e-02 
 9.884804e+00  5.179484e-02 
 9.885202e+00  5.092199e-02 
 9.885600e+00  5.003477e-02 
 9.885997e+00  4.911945e-02 
 9.886395e+00  4.818012e-02 
 9.886793e+00  4.723085e-02 
 9.887191e+00  4.626016e-02 
 9.887588e+00  4.525589e-02 
 9.887986e+00  4.426754e-02 
 9.888384e+00  4.325935e-02 
 9.888781e+00  4.223346e-02 
 9.889179e+00  4.117453e-02 
 9.889577e+00  4.010924e-02 
 9.889974e+00  3.900844e-02 
 9.890372e+00  3.788491e-02 
 9.890770e+00  3.675034e-02 
 9.891168e+00  3.559335e-02 
 9.891565e+00  3.441848e-02 
 9.891963e+00  3.323297e-02 
 9.892361e+00  3.203770e-02 
 9.892758e+00  3.083498e-02 
 9.893156e+00  2.962867e-02 
 9.893554e+00  2.841629e-02 
 9.893951e+00  2.718107e-02 
 9.894349e+00  2.592029e-02 
 9.894747e+00  2.465572e-02 
 9.895144e+00  2.338121e-02 
 9.895542e+00  2.210918e-02 
 9.895940e+00  2.083256e-02 
 9.896338e+00  1.954296e-02 
 9.896735e+00  1.825588e-02 
 9.897133e+00  1.697658e-02 
 9.897531e+00  1.571339e-02 
 9.897928e+00  1.445531e-02 
 9.898326e+00  1.319236e-02 
 9.898724e+00  1.194273e-02 
 9.899121e+00  1.068048e-02 
 9.899519e+00  9.421789e-03 
 9.899917e+00  8.168040e-03 
 9.900314e+00  6.918946e-03 
 9.900712e+00  5.681381e-03 
 9.901110e+00  4.455906e-03 
 9.901508e+00  3.237924e-03 
 9.901905e+00  2.036349e-03 
 9.902303e+00  8.601032e-04 
 9.902701e+00 -2.885138e-04 
 9.903098e+00 -1.439142e-03 
 9.903496e+00 -2.572742e-03 
 9.903894e+00 -3.697003e-03 
 9.904291e+00 -4.806246e-03 
 9.904689e+00 -5.888336e-03 
 9.905087e+00 -6.955651e-03 
 9.905485e+00 -7.993142e-03 
 9.905882e+00 -9.023329e-03 
 9.906280e+00 -1.004031e-02 
 9.906678e+00 -1.102814e-02 
 9.907075e+00 -1.198541e-02 
 9.907473e+00 -1.292042e-02 
 9.907871e+00 -1.382544e-02 
 9.908268e+00 -1.472656e-02 
 9.908666e+00 -1.560671e-02 
 9.909064e+00 -1.646892e-02 
 9.909461e+00 -1.729687e-02 
 9.909859e+00 -1.811538e-02 
 9.910257e+00 -1.890895e-02 
 9.910655e+00 -1.966960e-02 
 9.911052e+00 -2.041034e-02 
 9.911450e+00 -2.112332e-02 
 9.911848e+00 -2.179649e-02 
 9.912245e+00 -2.243644e-02 
 9.912643e+00 -2.304836e-02 
 9.913041e+00 -2.363967e-02 
 9.913438e+00 -2.420118e-02 
 9.913836e+00 -2.474408e-02 
 9.914234e+00 -2.524825e-02 
 9.914632e+00 -2.573138e-02 
 9.915029e+00 -2.618062e-02 
 9.915427e+00 -2.661964e-02 
 9.915825e+00 -2.702021e-02 
 9.916222e+00 -2.738756e-02 
 9.916620e+00 -2.772150e-02 
 9.917018e+00 -2.802076e-02 
 9.917415e+00 -2.827533e-02 
 9.917813e+00 -2.851186e-02 
 9.918211e+00 -2.872439e-02 
 9.918608e+00 -2.892039e-02 
 9.919006e+00 -2.909682e-02 
 9.919404e+00 -2.924450e-02 
 9.919802e+00 -2.935963e-02 
 9.920199e+00 -2.945338e-02 
 9.920597e+00 -2.952405e-02 
 9.920995e+00 -2.955959e-02 
 9.921392e+00 -2.955719e-02 
 9.921790e+00 -2.952708e-02 
 9.922188e+00 -2.946011e-02 
 9.922585e+00 -2.936585e-02 
 9.922983e+00 -2.926743e-02 
 9.923381e+00 -2.913226e-02 
 9.923779e+00 -2.896983e-02 
 9.924176e+00 -2.878743e-02 
 9.924574e+00 -2.856729e-02 
 9.924972e+00 -2.831601e-02 
 9.925369e+00 -2.805081e-02 
 9.925767e+00 -2.774253e-02 
 9.926165e+00 -2.739576e-02 
 9.926562e+00 -2.701135e-02 
 9.926960e+00 -2.660624e-02 
 9.927358e+00 -2.615974e-02 
 9.927755e+00 -2.569733e-02 
 9.928153e+00 -2.520522e-02 
 9.928551e+00 -2.468062e-02 
 9.928949e+00 -2.412457e-02 
 9.929346e+00 -2.355233e-02 
 9.929744e+00 -2.293585e-02 
 9.930142e+00 -2.228963e-02 
 9.930539e+00 -2.162616e-02 
 9.930937e+00 -2.091480e-02 
 9.931335e+00 -2.017161e-02 
 9.931732e+00 -1.939340e-02 
 9.932130e+00 -1.859736e-02 
 9.932528e+00 -1.775938e-02 
 9.932926e+00 -1.688852e-02 
 9.933323e+00 -1.599823e-02 
 9.933721e+00 -1.507949e-02 
 9.934119e+00 -1.414669e-02 
 9.934516e+00 -1.318932e-02 
 9.934914e+00 -1.220847e-02 
 9.935312e+00 -1.119833e-02 
 9.935709e+00 -1.017635e-02 
 9.936107e+00 -9.123888e-03 
 9.936505e+00 -8.049722e-03 
 9.936902e+00 -6.962141e-03 
 9.937300e+00 -5.857231e-03 
 9.937698e+00 -4.727508e-03 
 9.938096e+00 -3.593760e-03 
 9.938493e+00 -2.451600e-03 
 9.938891e+00 -1.293045e-03 
 9.939289e+00 -1.336924e-04 
 9.939686e+00  1.039269e-03 
 9.940084e+00  2.224740e-03 
 9.940482e+00  3.426562e-03 
 9.940879e+00  4.630207e-03 
 9.941277e+00  5.845783e-03 
 9.941675e+00  7.069397e-03 
 9.942073e+00  8.286378e-03 
 9.942470e+00  9.510807e-03 
 9.942868e+00  1.073963e-02 
 9.943266e+00  1.196331e-02 
 9.943663e+00  1.320174e-02 
 9.944061e+00  1.443161e-02 
 9.944459e+00  1.565550e-02 
 9.944856e+00  1.689496e-02 
 9.945254e+00  1.813558e-02 
 9.945652e+00  1.937887e-02 
 9.946049e+00  2.060845e-02 
 9.946447e+00  2.184068e-02 
 9.946845e+00  2.305392e-02 
 9.947243e+00  2.426853e-02 
 9.947640e+00  2.547589e-02 
 9.948038e+00  2.667090e-02 
 9.948436e+00  2.786501e-02 
 9.948833e+00  2.905134e-02 
 9.949231e+00  3.021604e-02 
 9.949629e+00  3.138324e-02 
 9.950026e+00  3.254656e-02 
 9.950424e+00  3.370708e-02 
 9.950822e+00  3.484692e-02 
 9.951220e+00  3.598783e-02 
 9.951617e+00  3.710905e-02 
 9.952015e+00  3.821861e-02 
 9.952413e+00  3.932682e-02 
 9.952810e+00  4.042665e-02 
 9.953208e+00  4.150756e-02 
 9.953606e+00  4.257376e-02 
 9.954003e+00  4.362845e-02 
 9.954401e+00  4.465382e-02 
 9.954799e+00  4.567461e-02 
 9.955196e+00  4.668125e-02 
 9.955594e+00  4.766774e-02 
 9.955992e+00  4.863281e-02 
 9.956390e+00  4.958150e-02 
 9.956787e+00  5.050701e-02 
 9.957185e+00  5.143265e-02 
 9.957583e+00  5.233090e-02 
 9.957980e+00  5.321278e-02 
 9.958378e+00  5.406711e-02 
 9.958776e+00  5.490010e-02 
 9.959173e+00  5.572106e-02 
 9.959571e+00  5.651145e-02 
 9.959969e+00  5.729264e-02 
 9.960367e+00  5.804539e-02 
 9.960764e+00  5.878061e-02 
 9.961162e+00  5.949218e-02 
 9.961560e+00  6.017917e-02 
 9.961957e+00  6.085365e-02 
 9.962355e+00  6.149296e-02 
 9.962753e+00  6.211074e-02 
 9.963150e+00  6.269489e-02 
 9.963548e+00  6.323258e-02 
 9.963946e+00  6.376801e-02 
 9.964343e+00  6.426030e-02 
 9.964741e+00  6.473657e-02 
 9.965139e+00  6.518206e-02 
 9.965537e+00  6.559902e-02 
 9.965934e+00  6.597635e-02 
 9.966332e+00  6.632547e-02 
 9.966730e+00  6.665295e-02 
 9.967127e+00  6.694345e-02 
 9.967525e+00  6.720188e-02 
 9.967923e+00  6.742670e-02 
 9.968320e+00  6.760306e-02 
 9.968718e+00  6.774490e-02 
 9.969116e+00  6.786727e-02 
 9.969514e+00  6.795174e-02 
 9.969911e+00  6.800641e-02 
 9.970309e+00  6.802131e-02 
 9.970707e+00  6.800465e-02 
 9.971104e+00  6.795566e-02 
 9.971502e+00  6.788428e-02 
 9.971900e+00  6.778457e-02 
 9.972297e+00  6.765198e-02 
 9.972695e+00  6.747426e-02 
 9.973093e+00  6.725616e-02 
 9.973490e+00  6.701472e-02 
 9.973888e+00  6.672893e-02 
 9.974286e+00  6.641680e-02 
 9.974684e+00  6.607201e-02 
 9.975081e+00  6.568089e-02 
 9.975479e+00  6.524903e-02 
 9.975877e+00  6.479929e-02 
 9.976274e+00  6.432418e-02 
 9.976672e+00  6.382390e-02 
 9.977070e+00  6.328796e-02 
 9.977467e+00  6.271396e-02 
 9.977865e+00  6.210082e-02 
 9.978263e+00  6.146681e-02 
 9.978661e+00  6.079966e-02 
 9.979058e+00  6.009995e-02 
 9.979456e+00  5.938529e-02 
 9.979854e+00  5.864112e-02 
 9.980251e+00  5.787782e-02 
 9.980649e+00  5.709540e-02 
 9.981047e+00  5.630115e-02 
 9.981444e+00  5.548662e-02 
 9.981842e+00  5.464359e-02 
 9.982240e+00  5.376793e-02 
 9.982637e+00  5.286693e-02 
 9.983035e+00  5.194654e-02 
 9.983433e+00  5.100707e-02 
 9.983831e+00  5.004316e-02 
 9.984228e+00  4.906855e-02 
 9.984626e+00  4.807334e-02 
 9.985024e+00  4.706304e-02 
 9.985421e+00  4.605003e-02 
 9.985819e+00  4.502777e-02 
 9.986217e+00  4.399401e-02 
 9.986614e+00  4.294513e-02 
 9.987012e+00  4.187712e-02 
 9.987410e+00  4.077366e-02 
 9.987808e+00  3.967798e-02 
 9.988205e+00  3.855944e-02 
 9.988603e+00  3.743292e-02 
 9.989001e+00  3.630894e-02 
 9.989398e+00  3.517912e-02 
 9.989796e+00  3.403798e-02 
 9.990194e+00  3.290738e-02 
 9.990591e+00  3.177617e-02 
 9.990989e+00  3.063317e-02 
 9.991387e+00  2.947964e-02 
 9.991784e+00  2.832427e-02 
 9.992182e+00  2.714048e-02 
 9.992580e+00  2.594448e-02 
 9.992978e+00  2.476220e-02 
 9.993375e+00  2.356758e-02 
 9.993773e+00  2.236464e-02 
 9.994171e+00  2.116893e-02 
 9.994568e+00  1.997195e-02 
 9.994966e+00  1.876662e-02 
 9.995364e+00  1.757292e-02 
 9.995761e+00  1.639505e-02 
 9.996159e+00  1.518466e-02 
 9.996557e+00  1.396746e-02 
 9.996955e+00  1.275953e-02 
 9.997352e+00  1.152426e-02 
 9.997750e+00  1.028272e-02 
 9.998148e+00  9.060643e-03 
 9.998545e+00  7.848320e-03 
 9.998943e+00  6.629475e-03 
 9.999341e+00  5.426653e-03 
 9.999738e+00  4.229761e-03 
 1.000014e+01  3.045883e-03 
 1.000053e+01  1.867969e-03 
 1.000093e+01  7.173398e-04 
 1.000133e+01 -4.562782e-04 
 1.000173e+01 -1.626411e-03 
 1.000212e+01 -2.788652e-03 
 1.000252e+01 -3.943376e-03 
 1.000292e+01 -5.086441e-03 
 1.000332e+01 -6.206047e-03 
 1.000372e+01 -7.312789e-03 
 1.000411e+01 -8.411627e-03 
 1.000451e+01 -9.490304e-03 
 1.000491e+01 -1.052694e-02 
 1.000531e+01 -1.154019e-02 
 1.000570e+01 -1.252890e-02 
 1.000610e+01 -1.351271e-02 
 1.000650e+01 -1.448345e-02 
 1.000690e+01 -1.543146e-02 
 1.000729e+01 -1.636275e-02 
 1.000769e+01 -1.725756e-02 
 1.000809e+01 -1.811785e-02 
 1.000849e+01 -1.896213e-02 
 1.000889e+01 -1.976396e-02 
 1.000928e+01 -2.053303e-02 
 1.000968e+01 -2.127079e-02 
 1.001008e+01 -2.196761e-02 
 1.001048e+01 -2.262947e-02 
 1.001087e+01 -2.327460e-02 
 1.001127e+01 -2.390553e-02 
 1.001167e+01 -2.450367e-02 
 1.001207e+01 -2.507134e-02 
 1.001246e+01 -2.559699e-02 
 1.001286e+01 -2.608840e-02 
 1.001326e+01 -2.655100e-02 
 1.001366e+01 -2.698820e-02 
 1.001406e+01 -2.737923e-02 
 1.001445e+01 -2.773993e-02 
 1.001485e+01 -2.806504e-02 
 1.001525e+01 -2.835525e-02 
 1.001565e+01 -2.862703e-02 
 1.001604e+01 -2.887443e-02 
 1.001644e+01 -2.910855e-02 
 1.001684e+01 -2.930352e-02 
 1.001724e+01 -2.946637e-02 
 1.001763e+01 -2.959030e-02 
 1.001803e+01 -2.967517e-02 
 1.001843e+01 -2.974519e-02 
 1.001883e+01 -2.976759e-02 
 1.001923e+01 -2.975719e-02 
 1.001962e+01 -2.971212e-02 
 1.002002e+01 -2.964546e-02 
 1.002042e+01 -2.954409e-02 
 1.002082e+01 -2.942184e-02 
 1.002121e+01 -2.927372e-02 
 1.002161e+01 -2.909216e-02 
 1.002201e+01 -2.888404e-02 
 1.002241e+01 -2.865060e-02 
 1.002280e+01 -2.838957e-02 
 1.002320e+01 -2.809860e-02 
 1.002360e+01 -2.778729e-02 
 1.002400e+01 -2.743158e-02 
 1.002440e+01 -2.704338e-02 
 1.002479e+01 -2.663216e-02 
 1.002519e+01 -2.619464e-02 
 1.002559e+01 -2.573691e-02 
 1.002599e+01 -2.525216e-02 
 1.002638e+01 -2.474370e-02 
 1.002678e+01 -2.422119e-02 
 1.002718e+01 -2.366389e-02 
 1.002758e+01 -2.307723e-02 
 1.002797e+01 -2.246157e-02 
 1.002837e+01 -2.182097e-02 
 1.002877e+01 -2.115223e-02 
 1.002917e+01 -2.045705e-02 
 1.002957e+01 -1.974095e-02 
 1.002996e+01 -1.899667e-02 
 1.003036e+01 -1.825037e-02 
 1.003076e+01 -1.747765e-02 
 1.003116e+01 -1.667804e-02 
 1.003155e+01 -1.586868e-02 
 1.003195e+01 -1.503985e-02 
 1.003235e+01 -1.419306e-02 
 1.003275e+01 -1.331321e-02 
 1.003314e+01 -1.241358e-02 
 1.003354e+01 -1.147814e-02 
 1.003394e+01 -1.052012e-02 
 1.003434e+01 -9.537157e-03 
 1.003474e+01 -8.537388e-03 
 1.003513e+01 -7.518859e-03 
 1.003553e+01 -6.505739e-03 
 1.003593e+01 -5.461794e-03 
 1.003633e+01 -4.397822e-03 
 1.003672e+01 -3.320225e-03 
 1.003712e+01 -2.223750e-03 
 1.003752e+01 -1.100532e-03 
 1.003792e+01  4.808516e-05 
 1.003831e+01  1.206408e-03 
 1.003871e+01  2.398906e-03 
 1.003911e+01  3.602926e-03 
 1.003951e+01  4.818127e-03 
 1.003991e+01  6.038343e-03 
 1.004030e+01  7.284126e-03 
 1.004070e+01  8.527266e-03 
 1.004110e+01  9.787849e-03 
 1.004150e+01  1.105675e-02 
 1.004189e+01  1.232691e-02 
 1.004229e+01  1.358681e-02 
 1.004269e+01  1.487478e-02 
 1.004309e+01  1.615874e-02 
 1.004348e+01  1.744677e-02 
 1.004388e+01  1.874159e-02 
 1.004428e+01  2.003528e-02 
 1.004468e+01  2.131628e-02 
 1.004508e+01  2.260373e-02 
 1.004547e+01  2.388006e-02 
 1.004587e+01  2.514925e-02 
 1.004627e+01  2.641021e-02 
 1.004667e+01  2.766614e-02 
 1.004706e+01  2.891181e-02 
 1.004746e+01  3.013989e-02 
 1.004786e+01  3.136378e-02 
 1.004826e+01  3.258538e-02 
 1.004865e+01  3.379501e-02 
 1.004905e+01  3.498426e-02 
 1.004945e+01  3.615513e-02 
 1.004985e+01  3.732992e-02 
 1.005025e+01  3.846433e-02 
 1.005064e+01  3.959834e-02 
 1.005104e+01  4.069379e-02 
 1.005144e+01  4.176595e-02 
 1.005184e+01  4.280922e-02 
 1.005223e+01  4.385019e-02 
 1.005263e+01  4.486742e-02 
 1.005303e+01  4.587300e-02 
 1.005343e+01  4.688377e-02 
 1.005383e+01  4.785605e-02 
 1.005422e+01  4.880843e-02 
 1.005462e+01  4.973959e-02 
 1.005502e+01  5.066512e-02 
 1.005542e+01  5.154570e-02 
 1.005581e+01  5.241706e-02 
 1.005621e+01  5.326176e-02 
 1.005661e+01  5.407606e-02 
 1.005701e+01  5.489064e-02 
 1.005740e+01  5.568483e-02 
 1.005780e+01  5.645907e-02 
 1.005820e+01  5.720838e-02 
 1.005860e+01  5.794558e-02 
 1.005900e+01  5.864479e-02 
 1.005939e+01  5.931792e-02 
 1.005979e+01  5.997894e-02 
 1.006019e+01  6.061934e-02 
 1.006059e+01  6.121162e-02 
 1.006098e+01  6.178413e-02 
 1.006138e+01  6.232474e-02 
 1.006178e+01  6.283731e-02 
 1.006218e+01  6.333226e-02 
 1.006257e+01  6.381089e-02 
 1.006297e+01  6.426684e-02 
 1.006337e+01  6.468235e-02 
 1.006377e+01  6.508685e-02 
 1.006417e+01  6.544863e-02 
 1.006456e+01  6.578818e-02 
 1.006496e+01  6.610101e-02 
 1.006536e+01  6.639716e-02 
 1.006576e+01  6.663739e-02 
 1.006615e+01  6.685384e-02 
 1.006655e+01  6.704564e-02 
 1.006695e+01  6.720715e-02 
 1.006735e+01  6.734884e-02 
 1.006774e+01  6.745990e-02 
 1.006814e+01  6.754368e-02 
 1.006854e+01  6.759486e-02 
 1.006894e+01  6.762917e-02 
 1.006934e+01  6.763642e-02 
 1.006973e+01  6.760214e-02 
 1.007013e+01  6.753283e-02 
 1.007053e+01  6.741289e-02 
 1.007093e+01  6.726167e-02 
 1.007132e+01  6.706156e-02 
 1.007172e+01  6.684421e-02 
 1.007212e+01  6.660185e-02 
 1.007252e+01  6.633612e-02 
 1.007291e+01  6.603641e-02 
 1.007331e+01  6.571230e-02 
 1.007371e+01  6.535358e-02 
 1.007411e+01  6.496957e-02 
 1.007451e+01  6.455918e-02 
 1.007490e+01  6.409935e-02 
 1.007530e+01  6.361121e-02 
 1.007570e+01  6.308609e-02 
 1.007610e+01  6.253045e-02 
 1.007649e+01  6.192806e-02 
 1.007689e+01  6.132279e-02 
 1.007729e+01  6.067728e-02 
 1.007769e+01  6.000510e-02 
 1.007808e+01  5.930016e-02 
 1.007848e+01  5.858227e-02 
 1.007888e+01  5.782733e-02 
 1.007928e+01  5.705413e-02 
 1.007968e+01  5.624354e-02 
 1.008007e+01  5.539076e-02 
 1.008047e+01  5.450636e-02 
 1.008087e+01  5.359539e-02 
 1.008127e+01  5.266206e-02 
 1.008166e+01  5.171038e-02 
 1.008206e+01  5.075063e-02 
 1.008246e+01  4.975671e-02 
 1.008286e+01  4.874958e-02 
 1.008325e+01  4.771833e-02 
 1.008365e+01  4.667797e-02 
 1.008405e+01  4.562416e-02 
 1.008445e+01  4.455893e-02 
 1.008485e+01  4.346369e-02 
 1.008524e+01  4.234732e-02 
 1.008564e+01  4.121159e-02 
 1.008604e+01  4.007020e-02 
 1.008644e+01  3.891906e-02 
 1.008683e+01  3.775431e-02 
 1.008723e+01  3.658090e-02 
 1.008763e+01  3.540930e-02 
 1.008803e+01  3.423410e-02 
 1.008842e+01  3.305770e-02 
 1.008882e+01  3.187990e-02 
 1.008922e+01  3.069742e-02 
 1.008962e+01  2.948755e-02 
 1.009002e+01  2.826504e-02 
 1.009041e+01  2.703386e-02 
 1.009081e+01  2.579177e-02 
 1.009121e+01  2.456400e-02 
 1.009161e+01  2.333470e-02 
 1.009200e+01  2.209918e-02 
 1.009240e+01  2.087173e-02 
 1.009280e+01  1.966194e-02 
 1.009320e+01  1.845236e-02 
 1.009359e+01  1.725477e-02 
 1.009399e+01  1.606120e-02 
 1.009439e+01  1.486609e-02 
 1.009479e+01  1.365463e-02 
 1.009519e+01  1.245468e-02 
 1.009558e+01  1.125689e-02 
 1.009598e+01  1.006605e-02 
 1.009638e+01  8.893527e-03 
 1.009678e+01  7.732292e-03 
 1.009717e+01  6.573070e-03 
 1.009757e+01  5.428321e-03 
 1.009797e+01  4.308810e-03 
 1.009837e+01  3.190690e-03 
 1.009876e+01  2.067640e-03 
 1.009916e+01  9.532060e-04 
 1.009956e+01 -1.764073e-04 
 1.009996e+01 -1.301896e-03 
 1.010036e+01 -2.405105e-03 
 1.010075e+01 -3.483048e-03 
 1.010115e+01 -4.557651e-03 
 1.010155e+01 -5.608118e-03 
 1.010195e+01 -6.635659e-03 
 1.010234e+01 -7.665948e-03 
 1.010274e+01 -8.668928e-03 
 1.010314e+01 -9.652412e-03 
 1.010354e+01 -1.063182e-02 
 1.010393e+01 -1.161674e-02 
 1.010433e+01 -1.258156e-02 
 1.010473e+01 -1.354134e-02 
 1.010513e+01 -1.448214e-02 
 1.010553e+01 -1.540328e-02 
 1.010592e+01 -1.630073e-02 
 1.010632e+01 -1.717299e-02 
 1.010672e+01 -1.802553e-02 
 1.010712e+01 -1.883768e-02 
 1.010751e+01 -1.964242e-02 
 1.010791e+01 -2.041455e-02 
 1.010831e+01 -2.115783e-02 
 1.010871e+01 -2.188634e-02 
 1.010910e+01 -2.261139e-02 
 1.010950e+01 -2.331058e-02 
 1.010990e+01 -2.398360e-02 
 1.011030e+01 -2.462261e-02 
 1.011070e+01 -2.523133e-02 
 1.011109e+01 -2.579323e-02 
 1.011149e+01 -2.632575e-02 
 1.011189e+01 -2.683233e-02 
 1.011229e+01 -2.729889e-02 
 1.011268e+01 -2.772548e-02 
 1.011308e+01 -2.811931e-02 
 1.011348e+01 -2.849409e-02 
 1.011388e+01 -2.882301e-02 
 1.011427e+01 -2.913832e-02 
 1.011467e+01 -2.942073e-02 
 1.011507e+01 -2.965836e-02 
 1.011547e+01 -2.984572e-02 
 1.011587e+01 -3.000882e-02 
 1.011626e+01 -3.012751e-02 
 1.011666e+01 -3.019848e-02 
 1.011706e+01 -3.024049e-02 
 1.011746e+01 -3.024447e-02 
 1.011785e+01 -3.021184e-02 
 1.011825e+01 -3.015640e-02 
 1.011865e+01 -3.007886e-02 
 1.011905e+01 -2.997959e-02 
 1.011944e+01 -2.984012e-02 
 1.011984e+01 -2.966452e-02 
 1.012024e+01 -2.945194e-02 
 1.012064e+01 -2.919534e-02 
 1.012104e+01 -2.891761e-02 
 1.012143e+01 -2.860022e-02 
 1.012183e+01 -2.825024e-02 
 1.012223e+01 -2.786485e-02 
 1.012263e+01 -2.744752e-02 
 1.012302e+01 -2.701533e-02 
 1.012342e+01 -2.654804e-02 
 1.012382e+01 -2.607377e-02 
 1.012422e+01 -2.555611e-02 
 1.012461e+01 -2.501417e-02 
 1.012501e+01 -2.444508e-02 
 1.012541e+01 -2.384458e-02 
 1.012581e+01 -2.321619e-02 
 1.012621e+01 -2.256960e-02 
 1.012660e+01 -2.188549e-02 
 1.012700e+01 -2.117326e-02 
 1.012740e+01 -2.044147e-02 
 1.012780e+01 -1.970230e-02 
 1.012819e+01 -1.894283e-02 
 1.012859e+01 -1.817410e-02 
 1.012899e+01 -1.737457e-02 
 1.012939e+01 -1.654710e-02 
 1.012978e+01 -1.570039e-02 
 1.013018e+01 -1.483538e-02 
 1.013058e+01 -1.394355e-02 
 1.013098e+01 -1.303150e-02 
 1.013138e+01 -1.211124e-02 
 1.013177e+01 -1.116336e-02 
 1.013217e+01 -1.018503e-02 
 1.013257e+01 -9.219115e-03 
 1.013297e+01 -8.227981e-03 
 1.013336e+01 -7.228093e-03 
 1.013376e+01 -6.214194e-03 
 1.013416e+01 -5.191437e-03 
 1.013456e+01 -4.136164e-03 
 1.013495e+01 -3.070024e-03 
 1.013535e+01 -2.006261e-03 
 1.013575e+01 -9.136342e-04 
 1.013615e+01  2.012193e-04 
 1.013655e+01  1.315307e-03 
 1.013694e+01  2.444738e-03 
 1.013734e+01  3.588803e-03 
 1.013774e+01  4.726939e-03 
 1.013814e+01  5.869224e-03 
 1.013853e+01  7.022950e-03 
 1.013893e+01  8.193511e-03 
 1.013933e+01  9.365121e-03 
 1.013973e+01  1.055071e-02 
 1.014012e+01  1.174014e-02 
 1.014052e+01  1.294547e-02 
 1.014092e+01  1.415896e-02 
 1.014132e+01  1.539714e-02 
 1.014172e+01  1.662668e-02 
 1.014211e+01  1.786759e-02 
 1.014251e+01  1.911552e-02 
 1.014291e+01  2.035988e-02 
 1.014331e+01  2.159686e-02 
 1.014370e+01  2.284648e-02 
 1.014410e+01  2.409388e-02 
 1.014450e+01  2.534259e-02 
 1.014490e+01  2.658595e-02 
 1.014530e+01  2.784186e-02 
 1.014569e+01  2.908680e-02 
 1.014609e+01  3.034173e-02 
 1.014649e+01  3.159164e-02 
 1.014689e+01  3.282342e-02 
 1.014728e+01  3.404119e-02 
 1.014768e+01  3.525888e-02 
 1.014808e+01  3.646068e-02 
 1.014848e+01  3.765534e-02 
 1.014887e+01  3.883302e-02 
 1.014927e+01  3.999362e-02 
 1.014967e+01  4.115184e-02 
 1.015007e+01  4.228665e-02 
 1.015047e+01  4.342192e-02 
 1.015086e+01  4.452855e-02 
 1.015126e+01  4.563115e-02 
 1.015166e+01  4.670027e-02 
 1.015206e+01  4.775447e-02 
 1.015245e+01  4.877803e-02 
 1.015285e+01  4.978338e-02 
 1.015325e+01  5.076500e-02 
 1.015365e+01  5.170960e-02 
 1.015404e+01  5.262609e-02 
 1.015444e+01  5.352199e-02 
 1.015484e+01  5.438968e-02 
 1.015524e+01  5.522730e-02 
 1.015564e+01  5.604802e-02 
 1.015603e+01  5.683493e-02 
 1.015643e+01  5.759838e-02 
 1.015683e+01  5.833264e-02 
 1.015723e+01  5.903137e-02 
 1.015762e+01  5.970303e-02 
 1.015802e+01  6.035191e-02 
 1.015842e+01  6.096141e-02 
 1.015882e+01  6.153559e-02 
 1.015921e+01  6.207426e-02 
 1.015961e+01  6.259320e-02 
 1.016001e+01  6.308416e-02 
 1.016041e+01  6.355772e-02 
 1.016081e+01  6.400551e-02 
 1.016120e+01  6.443650e-02 
 1.016160e+01  6.482563e-02 
 1.016200e+01  6.519831e-02 
 1.016240e+01  6.554242e-02 
 1.016279e+01  6.586225e-02 
 1.016319e+01  6.614302e-02 
 1.016359e+01  6.639718e-02 
 1.016399e+01  6.660645e-02 
 1.016438e+01  6.678494e-02 
 1.016478e+01  6.695295e-02 
 1.016518e+01  6.709721e-02 
 1.016558e+01  6.720944e-02 
 1.016598e+01  6.728596e-02 
 1.016637e+01  6.733871e-02 
 1.016677e+01  6.735505e-02 
 1.016717e+01  6.734003e-02 
 1.016757e+01  6.731077e-02 
 1.016796e+01  6.723307e-02 
 1.016836e+01  6.711824e-02 
 1.016876e+01  6.698953e-02 
 1.016916e+01  6.682275e-02 
 1.016955e+01  6.663195e-02 
 1.016995e+01  6.643904e-02 
 1.017035e+01  6.622802e-02 
 1.017075e+01  6.597018e-02 
 1.017115e+01  6.568021e-02 
 1.017154e+01  6.537180e-02 
 1.017194e+01  6.501051e-02 
 1.017234e+01  6.463637e-02 
 1.017274e+01  6.422893e-02 
 1.017313e+01  6.378377e-02 
 1.017353e+01  6.329791e-02 
 1.017393e+01  6.279804e-02 
 1.017433e+01  6.227624e-02 
 1.017472e+01  6.172245e-02 
 1.017512e+01  6.116554e-02 
 1.017552e+01  6.057876e-02 
 1.017592e+01  5.994019e-02 
 1.017632e+01  5.928364e-02 
 1.017671e+01  5.860578e-02 
 1.017711e+01  5.790200e-02 
 1.017751e+01  5.716181e-02 
 1.017791e+01  5.639992e-02 
 1.017830e+01  5.560104e-02 
 1.017870e+01  5.477578e-02 
 1.017910e+01  5.393270e-02 
 1.017950e+01  5.307994e-02 
 1.017989e+01  5.220420e-02 
 1.018029e+01  5.130653e-02 
 1.018069e+01  5.038485e-02 
 1.018109e+01  4.942397e-02 
 1.018149e+01  4.845390e-02 
 1.018188e+01  4.746107e-02 
 1.018228e+01  4.644785e-02 
 1.018268e+01  4.539301e-02 
 1.018308e+01  4.431239e-02 
 1.018347e+01  4.320760e-02 
 1.018387e+01  4.209095e-02 
 1.018427e+01  4.096461e-02 
 1.018467e+01  3.983079e-02 
 1.018506e+01  3.867499e-02 
 1.018546e+01  3.749756e-02 
 1.018586e+01  3.631572e-02 
 1.018626e+01  3.511634e-02 
 1.018666e+01  3.389705e-02 
 1.018705e+01  3.266123e-02 
 1.018745e+01  3.140998e-02 
 1.018785e+01  3.013849e-02 
 1.018825e+01  2.885121e-02 
 1.018864e+01  2.758702e-02 
 1.018904e+01  2.632686e-02 
 1.018944e+01  2.506428e-02 
 1.018984e+01  2.381311e-02 
 1.019023e+01  2.255106e-02 
 1.019063e+01  2.129826e-02 
 1.019103e+01  2.003822e-02 
 1.019143e+01  1.879175e-02 
 1.019183e+01  1.753459e-02 
 1.019222e+01  1.626923e-02 
 1.019262e+01  1.501695e-02 
 1.019302e+01  1.375064e-02 
 1.019342e+01  1.250270e-02 
 1.019381e+01  1.128415e-02 
 1.019421e+01  1.007019e-02 
 1.019461e+01  8.869592e-03 
 1.019501e+01  7.675583e-03 
 1.019540e+01  6.496691e-03 
 1.019580e+01  5.329956e-03 
 1.019620e+01  4.161300e-03 
 1.019660e+01  3.017524e-03 
 1.019700e+01  1.862889e-03 
 1.019739e+01  7.266034e-04 
 1.019779e+01 -4.041379e-04 
 1.019819e+01 -1.510746e-03 
 1.019859e+01 -2.598066e-03 
 1.019898e+01 -3.657480e-03 
 1.019938e+01 -4.702195e-03 
 1.019978e+01 -5.739361e-03 
 1.020018e+01 -6.753910e-03 
 1.020057e+01 -7.748619e-03 
 1.020097e+01 -8.736594e-03 
 1.020137e+01 -9.704872e-03 
 1.020177e+01 -1.066393e-02 
 1.020217e+01 -1.162477e-02 
 1.020256e+01 -1.257283e-02 
 1.020296e+01 -1.348169e-02 
 1.020336e+01 -1.437687e-02 
 1.020376e+01 -1.525381e-02 
 1.020415e+01 -1.609185e-02 
 1.020455e+01 -1.690653e-02 
 1.020495e+01 -1.770412e-02 
 1.020535e+01 -1.848462e-02 
 1.020574e+01 -1.923909e-02 
 1.020614e+01 -1.998364e-02 
 1.020654e+01 -2.070955e-02 
 1.020694e+01 -2.142926e-02 
 1.020734e+01 -2.212873e-02 
 1.020773e+01 -2.279949e-02 
 1.020813e+01 -2.342138e-02 
 1.020853e+01 -2.402119e-02 
 1.020893e+01 -2.458879e-02 
 1.020932e+01 -2.512164e-02 
 1.020972e+01 -2.562178e-02 
 1.021012e+01 -2.611463e-02 
 1.021052e+01 -2.656312e-02 
 1.021091e+01 -2.699386e-02 
 1.021131e+01 -2.741743e-02 
 1.021171e+01 -2.781954e-02 
 1.021211e+01 -2.819931e-02 
 1.021251e+01 -2.853427e-02 
 1.021290e+01 -2.884868e-02 
 1.021330e+01 -2.910875e-02 
 1.021370e+01 -2.934107e-02 
 1.021410e+01 -2.953590e-02 
 1.021449e+01 -2.970125e-02 
 1.021489e+01 -2.983506e-02 
 1.021529e+01 -2.994807e-02 
 1.021569e+01 -3.002476e-02 
 1.021608e+01 -3.008798e-02 
 1.021648e+01 -3.012778e-02 
 1.021688e+01 -3.013335e-02 
 1.021728e+01 -3.009976e-02 
 1.021768e+01 -3.002421e-02 
 1.021807e+01 -2.989629e-02 
 1.021847e+01 -2.973222e-02 
 1.021887e+01 -2.952382e-02 
 1.021927e+01 -2.930555e-02 
 1.021966e+01 -2.903688e-02 
 1.022006e+01 -2.873526e-02 
 1.022046e+01 -2.839896e-02 
 1.022086e+01 -2.804668e-02 
 1.022125e+01 -2.766167e-02 
 1.022165e+01 -2.724343e-02 
 1.022205e+01 -2.679415e-02 
 1.022245e+01 -2.630737e-02 
 1.022285e+01 -2.577020e-02 
 1.022324e+01 -2.520705e-02 
 1.022364e+01 -2.460396e-02 
 1.022404e+01 -2.396840e-02 
 1.022444e+01 -2.330301e-02 
 1.022483e+01 -2.260723e-02 
 1.022523e+01 -2.188144e-02 
 1.022563e+01 -2.112486e-02 
 1.022603e+01 -2.038153e-02 
 1.022642e+01 -1.959977e-02 
 1.022682e+01 -1.878584e-02 
 1.022722e+01 -1.795569e-02 
 1.022762e+01 -1.708732e-02 
 1.022802e+01 -1.619401e-02 
 1.022841e+01 -1.527815e-02 
 1.022881e+01 -1.435619e-02 
 1.022921e+01 -1.339535e-02 
 1.022961e+01 -1.241020e-02 
 1.023000e+01 -1.141170e-02 
 1.023040e+01 -1.040556e-02 
 1.023080e+01 -9.387907e-03 
 1.023120e+01 -8.367729e-03 
 1.023159e+01 -7.336656e-03 
 1.023199e+01 -6.282086e-03 
 1.023239e+01 -5.221429e-03 
 1.023279e+01 -4.144726e-03 
 1.023319e+01 -3.052944e-03 
 1.023358e+01 -1.945917e-03 
 1.023398e+01 -8.352781e-04 
 1.023438e+01  3.004588e-04 
 1.023478e+01  1.425928e-03 
 1.023517e+01  2.557944e-03 
 1.023557e+01  3.688156e-03 
 1.023597e+01  4.826387e-03 
 1.023637e+01  5.976806e-03 
 1.023677e+01  7.138593e-03 
 1.023716e+01  8.319947e-03 
 1.023756e+01  9.504904e-03 
 1.023796e+01  1.069865e-02 
 1.023836e+01  1.188751e-02 
 1.023875e+01  1.309527e-02 
 1.023915e+01  1.430633e-02 
 1.023955e+01  1.551194e-02 
 1.023995e+01  1.671575e-02 
 1.024034e+01  1.791526e-02 
 1.024074e+01  1.911603e-02 
 1.024114e+01  2.031432e-02 
 1.024154e+01  2.150644e-02 
 1.024194e+01  2.270344e-02 
 1.024233e+01  2.390541e-02 
 1.024273e+01  2.510962e-02 
 1.024313e+01  2.631466e-02 
 1.024353e+01  2.751884e-02 
 1.024392e+01  2.872696e-02 
 1.024432e+01  2.991807e-02 
 1.024472e+01  3.110103e-02 
 1.024512e+01  3.228325e-02 
 1.024551e+01  3.344648e-02 
 1.024591e+01  3.462098e-02 
 1.024631e+01  3.578617e-02 
 1.024671e+01  3.694374e-02 
 1.024711e+01  3.808410e-02 
 1.024750e+01  3.922560e-02 
 1.024790e+01  4.035236e-02 
 1.024830e+01  4.147705e-02 
 1.024870e+01  4.259707e-02 
 1.024909e+01  4.369616e-02 
 1.024949e+01  4.477965e-02 
 1.024989e+01  4.584854e-02 
 1.025029e+01  4.690005e-02 
 1.025068e+01  4.793051e-02 
 1.025108e+01  4.894360e-02 
 1.025148e+01  4.994121e-02 
 1.025188e+01  5.091230e-02 
 1.025228e+01  5.186672e-02 
 1.025267e+01  5.281443e-02 
 1.025307e+01  5.374024e-02 
 1.025347e+01  5.464407e-02 
 1.025387e+01  5.551993e-02 
 1.025426e+01  5.637293e-02 
 1.025466e+01  5.719733e-02 
 1.025506e+01  5.798289e-02 
 1.025546e+01  5.874497e-02 
 1.025585e+01  5.948783e-02 
 1.025625e+01  6.020124e-02 
 1.025665e+01  6.088008e-02 
 1.025705e+01  6.151568e-02 
 1.025745e+01  6.214049e-02 
 1.025784e+01  6.273937e-02 
 1.025824e+01  6.331019e-02 
 1.025864e+01  6.385578e-02 
 1.025904e+01  6.435983e-02 
 1.025943e+01  6.482133e-02 
 1.025983e+01  6.524736e-02 
 1.026023e+01  6.563027e-02 
 1.026063e+01  6.597719e-02 
 1.026102e+01  6.629835e-02 
 1.026142e+01  6.656919e-02 
 1.026182e+01  6.681479e-02 
 1.026222e+01  6.702785e-02 
 1.026262e+01  6.721963e-02 
 1.026301e+01  6.738628e-02 
 1.026341e+01  6.751288e-02 
 1.026381e+01  6.762119e-02 
 1.026421e+01  6.767649e-02 
 1.026460e+01  6.770882e-02 
 1.026500e+01  6.771048e-02 
 1.026540e+01  6.768299e-02 
 1.026580e+01  6.763068e-02 
 1.026619e+01  6.753952e-02 
 1.026659e+01  6.741229e-02 
 1.026699e+01  6.725809e-02 
 1.026739e+01  6.708467e-02 
 1.026779e+01  6.687950e-02 
 1.026818e+01  6.666323e-02 
 1.026858e+01  6.641419e-02 
 1.026898e+01  6.612134e-02 
 1.026938e+01  6.579484e-02 
 1.026977e+01  6.545519e-02 
 1.027017e+01  6.507299e-02 
 1.027057e+01  6.464850e-02 
 1.027097e+01  6.420846e-02 
 1.027136e+01  6.372801e-02 
 1.027176e+01  6.321801e-02 
 1.027216e+01  6.269415e-02 
 1.027256e+01  6.215896e-02 
 1.027296e+01  6.159337e-02 
 1.027335e+01  6.100787e-02 
 1.027375e+01  6.039672e-02 
 1.027415e+01  5.974417e-02 
 1.027455e+01  5.906927e-02 
 1.027494e+01  5.838626e-02 
 1.027534e+01  5.767357e-02 
 1.027574e+01  5.690853e-02 
 1.027614e+01  5.612782e-02 
 1.027653e+01  5.532629e-02 
 1.027693e+01  5.451284e-02 
 1.027733e+01  5.369009e-02 
 1.027773e+01  5.286030e-02 
 1.027813e+01  5.200143e-02 
 1.027852e+01  5.112025e-02 
 1.027892e+01  5.020582e-02 
 1.027932e+01  4.928137e-02 
 1.027972e+01  4.831148e-02 
 1.028011e+01  4.734115e-02 
 1.028051e+01  4.633432e-02 
 1.028091e+01  4.530603e-02 
 1.028131e+01  4.426437e-02 
 1.028170e+01  4.323032e-02 
 1.028210e+01  4.218906e-02 
 1.028250e+01  4.112084e-02 
 1.028290e+01  4.005112e-02 
 1.028330e+01  3.895666e-02 
 1.028369e+01  3.783753e-02 
 1.028409e+01  3.670749e-02 
 1.028449e+01  3.556801e-02 
 1.028489e+01  3.441792e-02 
 1.028528e+01  3.324108e-02 
 1.028568e+01  3.204903e-02 
 1.028608e+01  3.085850e-02 
 1.028648e+01  2.964326e-02 
 1.028687e+01  2.845076e-02 
 1.028727e+01  2.724854e-02 
 1.028767e+01  2.603098e-02 
 1.028807e+01  2.479553e-02 
 1.028847e+01  2.355891e-02 
 1.028886e+01  2.229958e-02 
 1.028926e+01  2.103370e-02 
 1.028966e+01  1.976077e-02 
 1.029006e+01  1.847891e-02 
 1.029045e+01  1.718630e-02 
 1.029085e+01  1.591302e-02 
 1.029125e+01  1.462253e-02 
 1.029165e+01  1.335577e-02 
 1.029204e+01  1.210049e-02 
 1.029244e+01  1.085327e-02 
 1.029284e+01  9.593296e-03 
 1.029324e+01  8.338028e-03 
 1.029364e+01  7.102251e-03 
 1.029403e+01  5.871745e-03 
 1.029443e+01  4.641242e-03 
 1.029483e+01  3.423456e-03 
 1.029523e+01  2.198765e-03 
 1.029562e+01  9.846966e-04 
 1.029602e+01 -2.095135e-04 
 1.029642e+01 -1.368138e-03 
 1.029682e+01 -2.506768e-03 
 1.029721e+01 -3.621411e-03 
 1.029761e+01 -4.710406e-03 
 1.029801e+01 -5.793601e-03 
 1.029841e+01 -6.860579e-03 
 1.029881e+01 -7.898960e-03 
 1.029920e+01 -8.933463e-03 
 1.029960e+01 -9.950338e-03 
 1.030000e+01 -1.095152e-02 
 1.030040e+01 -1.193050e-02 
 1.030079e+01 -1.288924e-02 
 1.030119e+01 -1.380335e-02 
 1.030159e+01 -1.468930e-02 
 1.030199e+01 -1.554716e-02 
 1.030238e+01 -1.638893e-02 
 1.030278e+01 -1.719332e-02 
 1.030318e+01 -1.799580e-02 
 1.030358e+01 -1.876852e-02 
 1.030398e+01 -1.949918e-02 
 1.030437e+01 -2.022140e-02 
 1.030477e+01 -2.093715e-02 
 1.030517e+01 -2.162096e-02 
 1.030557e+01 -2.226439e-02 
 1.030596e+01 -2.287008e-02 
 1.030636e+01 -2.345098e-02 
 1.030676e+01 -2.399736e-02 
 1.030716e+01 -2.451394e-02 
 1.030755e+01 -2.503202e-02 
 1.030795e+01 -2.550654e-02 
 1.030835e+01 -2.597564e-02 
 1.030875e+01 -2.642114e-02 
 1.030915e+01 -2.684098e-02 
 1.030954e+01 -2.723784e-02 
 1.030994e+01 -2.761123e-02 
 1.031034e+01 -2.794734e-02 
 1.031074e+01 -2.823967e-02 
 1.031113e+01 -2.850359e-02 
 1.031153e+01 -2.874799e-02 
 1.031193e+01 -2.895573e-02 
 1.031233e+01 -2.913795e-02 
 1.031272e+01 -2.930173e-02 
 1.031312e+01 -2.941527e-02 
 1.031352e+01 -2.951502e-02 
 1.031392e+01 -2.958827e-02 
 1.031432e+01 -2.964284e-02 
 1.031471e+01 -2.966086e-02 
 1.031511e+01 -2.965692e-02 
 1.031551e+01 -2.960635e-02 
 1.031591e+01 -2.952160e-02 
 1.031630e+01 -2.940225e-02 
 1.031670e+01 -2.925734e-02 
 1.031710e+01 -2.908201e-02 
 1.031750e+01 -2.887695e-02 
 1.031789e+01 -2.864414e-02 
 1.031829e+01 -2.838807e-02 
 1.031869e+01 -2.810232e-02 
 1.031909e+01 -2.779194e-02 
 1.031949e+01 -2.745468e-02 
 1.031988e+01 -2.707087e-02 
 1.032028e+01 -2.665590e-02 
 1.032068e+01 -2.620194e-02 
 1.032108e+01 -2.571835e-02 
 1.032147e+01 -2.519724e-02 
 1.032187e+01 -2.466645e-02 
 1.032227e+01 -2.410390e-02 
 1.032267e+01 -2.350465e-02 
 1.032306e+01 -2.288373e-02 
 1.032346e+01 -2.224105e-02 
 1.032386e+01 -2.158125e-02 
 1.032426e+01 -2.088437e-02 
 1.032466e+01 -2.015824e-02 
 1.032505e+01 -1.938640e-02 
 1.032545e+01 -1.858072e-02 
 1.032585e+01 -1.774433e-02 
 1.032625e+01 -1.688025e-02 
 1.032664e+01 -1.599504e-02 
 1.032704e+01 -1.510090e-02 
 1.032744e+01 -1.418955e-02 
 1.032784e+01 -1.324266e-02 
 1.032823e+01 -1.229032e-02 
 1.032863e+01 -1.131221e-02 
 1.032903e+01 -1.031455e-02 
 1.032943e+01 -9.282884e-03 
 1.032983e+01 -8.234490e-03 
 1.033022e+01 -7.155845e-03 
 1.033062e+01 -6.053249e-03 
 1.033102e+01 -4.941916e-03 
 1.033142e+01 -3.814016e-03 
 1.033181e+01 -2.664226e-03 
 1.033221e+01 -1.507547e-03 
 1.033261e+01 -3.379956e-04 
 1.033301e+01  8.484021e-04 
 1.033341e+01  2.038183e-03 
 1.033380e+01  3.231608e-03 
 1.033420e+01  4.443462e-03 
 1.033460e+01  5.667646e-03 
 1.033500e+01  6.906059e-03 
 1.033539e+01  8.149837e-03 
 1.033579e+01  9.387249e-03 
 1.033619e+01  1.063236e-02 
 1.033659e+01  1.187354e-02 
 1.033698e+01  1.311679e-02 
 1.033738e+01  1.435761e-02 
 1.033778e+01  1.558891e-02 
 1.033818e+01  1.682417e-02 
 1.033858e+01  1.804714e-02 
 1.033897e+01  1.927243e-02 
 1.033937e+01  2.049964e-02 
 1.033977e+01  2.172057e-02 
 1.034017e+01  2.294209e-02 
 1.034056e+01  2.415334e-02 
 1.034096e+01  2.535705e-02 
 1.034136e+01  2.655991e-02 
 1.034176e+01  2.776400e-02 
 1.034215e+01  2.896225e-02 
 1.034255e+01  3.012472e-02 
 1.034295e+01  3.128563e-02 
 1.034335e+01  3.243849e-02 
 1.034375e+01  3.357862e-02 
 1.034414e+01  3.471617e-02 
 1.034454e+01  3.584838e-02 
 1.034494e+01  3.696657e-02 
 1.034534e+01  3.807457e-02 
 1.034573e+01  3.916596e-02 
 1.034613e+01  4.025455e-02 
 1.034653e+01  4.132303e-02 
 1.034693e+01  4.238869e-02 
 1.034732e+01  4.342761e-02 
 1.034772e+01  4.444800e-02 
 1.034812e+01  4.545604e-02 
 1.034852e+01  4.644811e-02 
 1.034892e+01  4.743979e-02 
 1.034931e+01  4.841085e-02 
 1.034971e+01  4.938006e-02 
 1.035011e+01  5.032263e-02 
 1.035051e+01  5.125184e-02 
 1.035090e+01  5.216802e-02 
 1.035130e+01  5.307401e-02 
 1.035170e+01  5.395695e-02 
 1.035210e+01  5.481438e-02 
 1.035249e+01  5.564947e-02 
 1.035289e+01  5.646049e-02 
 1.035329e+01  5.724365e-02 
 1.035369e+01  5.803092e-02 
 1.035409e+01  5.878971e-02 
 1.035448e+01  5.951428e-02 
 1.035488e+01  6.021326e-02 
 1.035528e+01  6.088526e-02 
 1.035568e+01  6.153811e-02 
 1.035607e+01  6.216721e-02 
 1.035647e+01  6.275767e-02 
 1.035687e+01  6.331497e-02 
 1.035727e+01  6.383626e-02 
 1.035766e+01  6.433339e-02 
 1.035806e+01  6.479331e-02 
 1.035846e+01  6.523414e-02 
 1.035886e+01  6.565169e-02 
 1.035926e+01  6.602088e-02 
 1.035965e+01  6.636585e-02 
 1.036005e+01  6.668155e-02 
 1.036045e+01  6.697984e-02 
 1.036085e+01  6.723740e-02 
 1.036124e+01  6.746705e-02 
 1.036164e+01  6.765339e-02 
 1.036204e+01  6.780478e-02 
 1.036244e+01  6.791242e-02 
 1.036283e+01  6.799043e-02 
 1.036323e+01  6.802553e-02 
 1.036363e+01  6.803053e-02 
 1.036403e+01  6.799009e-02 
 1.036443e+01  6.792391e-02 
 1.036482e+01  6.782439e-02 
 1.036522e+01  6.770364e-02 
 1.036562e+01  6.754460e-02 
 1.036602e+01  6.736070e-02 
 1.036641e+01  6.712681e-02 
 1.036681e+01  6.686656e-02 
 1.036721e+01  6.656372e-02 
 1.036761e+01  6.622487e-02 
 1.036800e+01  6.586314e-02 
 1.036840e+01  6.547132e-02 
 1.036880e+01  6.503524e-02 
 1.036920e+01  6.457900e-02 
 1.036960e+01  6.409968e-02 
 1.036999e+01  6.359993e-02 
 1.037039e+01  6.306685e-02 
 1.037079e+01  6.252672e-02 
 1.037119e+01  6.195376e-02 
 1.037158e+01  6.134165e-02 
 1.037198e+01  6.069500e-02 
 1.037238e+01  6.003261e-02 
 1.037278e+01  5.933965e-02 
 1.037317e+01  5.861617e-02 
 1.037357e+01  5.788051e-02 
 1.037397e+01  5.711040e-02 
 1.037437e+01  5.631976e-02 
 1.037477e+01  5.552124e-02 
 1.037516e+01  5.471322e-02 
 1.037556e+01  5.386129e-02 
 1.037596e+01  5.300175e-02 
 1.037636e+01  5.211711e-02 
 1.037675e+01  5.118614e-02 
 1.037715e+01  5.024575e-02 
 1.037755e+01  4.929734e-02 
 1.037795e+01  4.832113e-02 
 1.037834e+01  4.732767e-02 
 1.037874e+01  4.631667e-02 
 1.037914e+01  4.529417e-02 
 1.037954e+01  4.426663e-02 
 1.037994e+01  4.324348e-02 
 1.038033e+01  4.220510e-02 
 1.038073e+01  4.114041e-02 
 1.038113e+01  4.006366e-02 
 1.038153e+01  3.895597e-02 
 1.038192e+01  3.783080e-02 
 1.038232e+01  3.670367e-02 
 1.038272e+01  3.557000e-02 
 1.038312e+01  3.440162e-02 
 1.038351e+01  3.322959e-02 
 1.038391e+01  3.204897e-02 
 1.038431e+01  3.086061e-02 
 1.038471e+01  2.967979e-02 
 1.038511e+01  2.849399e-02 
 1.038550e+01  2.729910e-02 
 1.038590e+01  2.608388e-02 
 1.038630e+01  2.486561e-02 
 1.038670e+01  2.364126e-02 
 1.038709e+01  2.241859e-02 
 1.038749e+01  2.119182e-02 
 1.038789e+01  1.996416e-02 
 1.038829e+01  1.873196e-02 
 1.038868e+01  1.749829e-02 
 1.038908e+01  1.627732e-02 
 1.038948e+01  1.506454e-02 
 1.038988e+01  1.387021e-02 
 1.039028e+01  1.266303e-02 
 1.039067e+01  1.145140e-02 
 1.039107e+01  1.022881e-02 
 1.039147e+01  9.013775e-03 
 1.039187e+01  7.808085e-03 
 1.039226e+01  6.608090e-03 
 1.039266e+01  5.404526e-03 
 1.039306e+01  4.209828e-03 
 1.039346e+01  3.031531e-03 
 1.039385e+01  1.862584e-03 
 1.039425e+01  7.074498e-04 
 1.039465e+01 -4.159162e-04 
 1.039505e+01 -1.545341e-03 
 1.039545e+01 -2.673264e-03 
 1.039584e+01 -3.802060e-03 
 1.039624e+01 -4.923744e-03 
 1.039664e+01 -6.040372e-03 
 1.039704e+01 -7.132246e-03 
 1.039743e+01 -8.207334e-03 
 1.039783e+01 -9.276359e-03 
 1.039823e+01 -1.032215e-02 
 1.039863e+01 -1.133314e-02 
 1.039902e+01 -1.231912e-02 
 1.039942e+01 -1.328546e-02 
 1.039982e+01 -1.422484e-02 
 1.040022e+01 -1.515463e-02 
 1.040062e+01 -1.607694e-02 
 1.040101e+01 -1.697256e-02 
 1.040141e+01 -1.783461e-02 
 1.040181e+01 -1.868103e-02 
 1.040221e+01 -1.949349e-02 
 1.040260e+01 -2.029311e-02 
 1.040300e+01 -2.105284e-02 
 1.040340e+01 -2.177609e-02 
 1.040380e+01 -2.245851e-02 
 1.040419e+01 -2.310949e-02 
 1.040459e+01 -2.373242e-02 
 1.040499e+01 -2.432473e-02 
 1.040539e+01 -2.489290e-02 
 1.040579e+01 -2.543709e-02 
 1.040618e+01 -2.593880e-02 
 1.040658e+01 -2.642359e-02 
 1.040698e+01 -2.687064e-02 
 1.040738e+01 -2.727868e-02 
 1.040777e+01 -2.765848e-02 
 1.040817e+01 -2.799818e-02 
 1.040857e+01 -2.830249e-02 
 1.040897e+01 -2.855527e-02 
 1.040936e+01 -2.878823e-02 
 1.040976e+01 -2.899673e-02 
 1.041016e+01 -2.916473e-02 
 1.041056e+01 -2.930918e-02 
 1.041096e+01 -2.944106e-02 
 1.041135e+01 -2.953720e-02 
 1.041175e+01 -2.961101e-02 
 1.041215e+01 -2.966500e-02 
 1.041255e+01 -2.968444e-02 
 1.041294e+01 -2.966883e-02 
 1.041334e+01 -2.962021e-02 
 1.041374e+01 -2.953359e-02 
 1.041414e+01 -2.940501e-02 
 1.041453e+01 -2.926042e-02 
 1.041493e+01 -2.910597e-02 
 1.041533e+01 -2.892046e-02 
 1.041573e+01 -2.870965e-02 
 1.041613e+01 -2.848469e-02 
 1.041652e+01 -2.822673e-02 
 1.041692e+01 -2.793630e-02 
 1.041732e+01 -2.762758e-02 
 1.041772e+01 -2.727977e-02 
 1.041811e+01 -2.688319e-02 
 1.041851e+01 -2.646163e-02 
 1.041891e+01 -2.601069e-02 
 1.041931e+01 -2.552774e-02 
 1.041970e+01 -2.502159e-02 
 1.042010e+01 -2.449979e-02 
 1.042050e+01 -2.394567e-02 
 1.042090e+01 -2.336306e-02 
 1.042130e+01 -2.276333e-02 
 1.042169e+01 -2.214003e-02 
 1.042209e+01 -2.148400e-02 
 1.042249e+01 -2.078411e-02 
 1.042289e+01 -2.005836e-02 
 1.042328e+01 -1.929710e-02 
 1.042368e+01 -1.851783e-02 
 1.042408e+01 -1.770946e-02 
 1.042448e+01 -1.689167e-02 
 1.042488e+01 -1.605596e-02 
 1.042527e+01 -1.519141e-02 
 1.042567e+01 -1.431104e-02 
 1.042607e+01 -1.340545e-02 
 1.042647e+01 -1.248009e-02 
 1.042686e+01 -1.152625e-02 
 1.042726e+01 -1.055725e-02 
 1.042766e+01 -9.553295e-03 
 1.042806e+01 -8.515960e-03 
 1.042845e+01 -7.484650e-03 
 1.042885e+01 -6.437200e-03 
 1.042925e+01 -5.352272e-03 
 1.042965e+01 -4.267207e-03 
 1.043005e+01 -3.177943e-03 
 1.043044e+01 -2.062632e-03 
 1.043084e+01 -9.417522e-04 
 1.043124e+01  1.796370e-04 
 1.043164e+01  1.316468e-03 
 1.043203e+01  2.477579e-03 
 1.043243e+01  3.653630e-03 
 1.043283e+01  4.846906e-03 
 1.043323e+01  6.053568e-03 
 1.043362e+01  7.271541e-03 
 1.043402e+01  8.493073e-03 
 1.043442e+01  9.721055e-03 
 1.043482e+01  1.096346e-02 
 1.043522e+01  1.220552e-02 
 1.043561e+01  1.345186e-02 
 1.043601e+01  1.469638e-02 
 1.043641e+01  1.594918e-02 
 1.043681e+01  1.720974e-02 
 1.043720e+01  1.848034e-02 
 1.043760e+01  1.975500e-02 
 1.043800e+01  2.103945e-02 
 1.043840e+01  2.232017e-02 
 1.043879e+01  2.358795e-02 
 1.043919e+01  2.486329e-02 
 1.043959e+01  2.612666e-02 
 1.043999e+01  2.737832e-02 
 1.044039e+01  2.862632e-02 
 1.044078e+01  2.985189e-02 
 1.044118e+01  3.106825e-02 
 1.044158e+01  3.228939e-02 
 1.044198e+01  3.349899e-02 
 1.044237e+01  3.469767e-02 
 1.044277e+01  3.589289e-02 
 1.044317e+01  3.706956e-02 
 1.044357e+01  3.820894e-02 
 1.044396e+01  3.933744e-02 
 1.044436e+01  4.045245e-02 
 1.044476e+01  4.154728e-02 
 1.044516e+01  4.262494e-02 
 1.044556e+01  4.368414e-02 
 1.044595e+01  4.472022e-02 
 1.044635e+01  4.573335e-02 
 1.044675e+01  4.674646e-02 
 1.044715e+01  4.773196e-02 
 1.044754e+01  4.869641e-02 
 1.044794e+01  4.963795e-02 
 1.044834e+01  5.055709e-02 
 1.044874e+01  5.146049e-02 
 1.044913e+01  5.234251e-02 
 1.044953e+01  5.320395e-02 
 1.044993e+01  5.403426e-02 
 1.045033e+01  5.484268e-02 
 1.045073e+01  5.561325e-02 
 1.045112e+01  5.636223e-02 
 1.045152e+01  5.710249e-02 
 1.045192e+01  5.781676e-02 
 1.045232e+01  5.850273e-02 
 1.045271e+01  5.916127e-02 
 1.045311e+01  5.980810e-02 
 1.045351e+01  6.043902e-02 
 1.045391e+01  6.104637e-02 
 1.045430e+01  6.164464e-02 
 1.045470e+01  6.221634e-02 
 1.045510e+01  6.275372e-02 
 1.045550e+01  6.327158e-02 
 1.045590e+01  6.377185e-02 
 1.045629e+01  6.423718e-02 
 1.045669e+01  6.467804e-02 
 1.045709e+01  6.509694e-02 
 1.045749e+01  6.548026e-02 
 1.045788e+01  6.583822e-02 
 1.045828e+01  6.617694e-02 
 1.045868e+01  6.649325e-02 
 1.045908e+01  6.676500e-02 
 1.045947e+01  6.700579e-02 
 1.045987e+01  6.721427e-02 
 1.046027e+01  6.738285e-02 
 1.046067e+01  6.752397e-02 
 1.046107e+01  6.763512e-02 
 1.046146e+01  6.772011e-02 
 1.046186e+01  6.776738e-02 
 1.046226e+01  6.778415e-02 
 1.046266e+01  6.776471e-02 
 1.046305e+01  6.770906e-02 
 1.046345e+01  6.763635e-02 
 1.046385e+01  6.752665e-02 
 1.046425e+01  6.737765e-02 
 1.046464e+01  6.719148e-02 
 1.046504e+01  6.697639e-02 
 1.046544e+01  6.672582e-02 
 1.046584e+01  6.645016e-02 
 1.046624e+01  6.613314e-02 
 1.046663e+01  6.578649e-02 
 1.046703e+01  6.540296e-02 
 1.046743e+01  6.498600e-02 
 1.046783e+01  6.455479e-02 
 1.046822e+01  6.408767e-02 
 1.046862e+01  6.358842e-02 
 1.046902e+01  6.306048e-02 
 1.046942e+01  6.249417e-02 
 1.046981e+01  6.188349e-02 
 1.047021e+01  6.124734e-02 
 1.047061e+01  6.059664e-02 
 1.047101e+01  5.990959e-02 
 1.047141e+01  5.919229e-02 
 1.047180e+01  5.844381e-02 
 1.047220e+01  5.767738e-02 
 1.047260e+01  5.688280e-02 
 1.047300e+01  5.607841e-02 
 1.047339e+01  5.525331e-02 
 1.047379e+01  5.439912e-02 
 1.047419e+01  5.351950e-02 
 1.047459e+01  5.261240e-02 
 1.047498e+01  5.168494e-02 
 1.047538e+01  5.073182e-02 
 1.047578e+01  4.977120e-02 
 1.047618e+01  4.876971e-02 
 1.047658e+01  4.775566e-02 
 1.047697e+01  4.672121e-02 
 1.047737e+01  4.569643e-02 
 1.047777e+01  4.464767e-02 
 1.047817e+01  4.359377e-02 
 1.047856e+01  4.251554e-02 
 1.047896e+01  4.140729e-02 
 1.047936e+01  4.026415e-02 
 1.047976e+01  3.913023e-02 
 1.048015e+01  3.796834e-02 
 1.048055e+01  3.680441e-02 
 1.048095e+01  3.564186e-02 
 1.048135e+01  3.446349e-02 
 1.048175e+01  3.327243e-02 
 1.048214e+01  3.209459e-02 
 1.048254e+01  3.092651e-02 
 1.048294e+01  2.973110e-02 
 1.048334e+01  2.855626e-02 
 1.048373e+01  2.735272e-02 
 1.048413e+01  2.614611e-02 
 1.048453e+01  2.492493e-02 
 1.048493e+01  2.371379e-02 
 1.048532e+01  2.249771e-02 
 1.048572e+01  2.127438e-02 
 1.048612e+01  2.006221e-02 
 1.048652e+01  1.885591e-02 
 1.048692e+01  1.764802e-02 
 1.048731e+01  1.644906e-02 
 1.048771e+01  1.526509e-02 
 1.048811e+01  1.407016e-02 
 1.048851e+01  1.286945e-02 
 1.048890e+01  1.164921e-02 
 1.048930e+01  1.044684e-02 
 1.048970e+01  9.238355e-03 
 1.049010e+01  8.047414e-03 
 1.049049e+01  6.871234e-03 
 1.049089e+01  5.689479e-03 
 1.049129e+01  4.512420e-03 
 1.049169e+01  3.348890e-03 
 1.049209e+01  2.194176e-03 
 1.049248e+01  1.052824e-03 
 1.049288e+01 -7.059643e-05 
 1.049328e+01 -1.193652e-03 
 1.049368e+01 -2.314549e-03 
 1.049407e+01 -3.434716e-03 
 1.049447e+01 -4.529871e-03 
 1.049487e+01 -5.614828e-03 
 1.049527e+01 -6.686235e-03 
 1.049566e+01 -7.745020e-03 
 1.049606e+01 -8.785588e-03 
 1.049646e+01 -9.803950e-03 
 1.049686e+01 -1.079535e-02 
 1.049726e+01 -1.177275e-02 
 1.049765e+01 -1.272296e-02 
 1.049805e+01 -1.368617e-02 
 1.049845e+01 -1.463023e-02 
 1.049885e+01 -1.555266e-02 
 1.049924e+01 -1.645964e-02 
 1.049964e+01 -1.732504e-02 
 1.050004e+01 -1.816917e-02 
 1.050044e+01 -1.900167e-02 
 1.050083e+01 -1.980760e-02 
 1.050123e+01 -2.057923e-02 
 1.050163e+01 -2.131127e-02 
 1.050203e+01 -2.201639e-02 
 1.050243e+01 -2.269405e-02 
 1.050282e+01 -2.335595e-02 
 1.050322e+01 -2.399330e-02 
 1.050362e+01 -2.459591e-02 
 1.050402e+01 -2.518162e-02 
 1.050441e+01 -2.573118e-02 
 1.050481e+01 -2.625253e-02 
 1.050521e+01 -2.674392e-02 
 1.050561e+01 -2.719185e-02 
 1.050600e+01 -2.761718e-02 
 1.050640e+01 -2.798628e-02 
 1.050680e+01 -2.833354e-02 
 1.050720e+01 -2.864800e-02 
 1.050760e+01 -2.894752e-02 
 1.050799e+01 -2.921845e-02 
 1.050839e+01 -2.945196e-02 
 1.050879e+01 -2.965467e-02 
 1.050919e+01 -2.981847e-02 
 1.050958e+01 -2.994515e-02 
 1.050998e+01 -3.004115e-02 
 1.051038e+01 -3.010165e-02 
 1.051078e+01 -3.013127e-02 
 1.051117e+01 -3.011531e-02 
 1.051157e+01 -3.006541e-02 
 1.051197e+01 -2.998496e-02 
 1.051237e+01 -2.988184e-02 
 1.051277e+01 -2.974706e-02 
 1.051316e+01 -2.958692e-02 
 1.051356e+01 -2.939010e-02 
 1.051396e+01 -2.916464e-02 
 1.051436e+01 -2.889882e-02 
 1.051475e+01 -2.859688e-02 
 1.051515e+01 -2.826660e-02 
 1.051555e+01 -2.789775e-02 
 1.051595e+01 -2.748706e-02 
 1.051635e+01 -2.705909e-02 
 1.051674e+01 -2.659889e-02 
 1.051714e+01 -2.611339e-02 
 1.051754e+01 -2.560668e-02 
 1.051794e+01 -2.508528e-02 
 1.051833e+01 -2.453433e-02 
 1.051873e+01 -2.393728e-02 
 1.051913e+01 -2.334151e-02 
 1.051953e+01 -2.271273e-02 
 1.051992e+01 -2.205914e-02 
 1.052032e+01 -2.138252e-02 
 1.052072e+01 -2.068277e-02 
 1.052112e+01 -1.995152e-02 
 1.052152e+01 -1.919025e-02 
 1.052191e+01 -1.841750e-02 
 1.052231e+01 -1.761972e-02 
 1.052271e+01 -1.679329e-02 
 1.052311e+01 -1.596431e-02 
 1.052350e+01 -1.510582e-02 
 1.052390e+01 -1.422501e-02 
 1.052430e+01 -1.333035e-02 
 1.052470e+01 -1.242418e-02 
 1.052509e+01 -1.149578e-02 
 1.052549e+01 -1.053329e-02 
 1.052589e+01 -9.556378e-03 
 1.052629e+01 -8.570145e-03 
 1.052669e+01 -7.567020e-03 
 1.052708e+01 -6.551359e-03 
 1.052748e+01 -5.519261e-03 
 1.052788e+01 -4.473018e-03 
 1.052828e+01 -3.404910e-03 
 1.052867e+01 -2.321962e-03 
 1.052907e+01 -1.226593e-03 
 1.052947e+01 -1.129434e-04 
 1.052987e+01  1.021671e-03 
 1.053026e+01  2.174780e-03 
 1.053066e+01  3.338731e-03 
 1.053106e+01  4.522563e-03 
 1.053146e+01  5.699370e-03 
 1.053186e+01  6.895115e-03 
 1.053225e+01  8.102103e-03 
 1.053265e+01  9.317342e-03 
 1.053305e+01  1.052970e-02 
 1.053345e+01  1.175818e-02 
 1.053384e+01  1.299668e-02 
 1.053424e+01  1.423664e-02 
 1.053464e+01  1.549313e-02 
 1.053504e+01  1.675429e-02 
 1.053543e+01  1.802068e-02 
 1.053583e+01  1.927194e-02 
 1.053623e+01  2.053278e-02 
 1.053663e+01  2.178010e-02 
 1.053703e+01  2.302471e-02 
 1.053742e+01  2.427245e-02 
 1.053782e+01  2.552353e-02 
 1.053822e+01  2.676821e-02 
 1.053862e+01  2.799718e-02 
 1.053901e+01  2.922992e-02 
 1.053941e+01  3.046174e-02 
 1.053981e+01  3.168168e-02 
 1.054021e+01  3.288801e-02 
 1.054060e+01  3.409412e-02 
 1.054100e+01  3.529060e-02 
 1.054140e+01  3.646904e-02 
 1.054180e+01  3.764133e-02 
 1.054220e+01  3.880181e-02 
 1.054259e+01  3.995332e-02 
 1.054299e+01  4.108765e-02 
 1.054339e+01  4.220363e-02 
 1.054379e+01  4.330424e-02 
 1.054418e+01  4.438071e-02 
 1.054458e+01  4.546685e-02 
 1.054498e+01  4.652225e-02 
 1.054538e+01  4.755368e-02 
 1.054577e+01  4.856586e-02 
 1.054617e+01  4.954643e-02 
 1.054657e+01  5.050924e-02 
 1.054697e+01  5.144185e-02 
 1.054737e+01  5.236238e-02 
 1.054776e+01  5.326224e-02 
 1.054816e+01  5.411334e-02 
 1.054856e+01  5.494964e-02 
 1.054896e+01  5.576082e-02 
 1.054935e+01  5.655730e-02 
 1.054975e+01  5.733223e-02 
 1.055015e+01  5.807907e-02 
 1.055055e+01  5.880485e-02 
 1.055094e+01  5.948518e-02 
 1.055134e+01  6.015194e-02 
 1.055174e+01  6.078583e-02 
 1.055214e+01  6.138414e-02 
 1.055254e+01  6.194783e-02 
 1.055293e+01  6.247796e-02 
 1.055333e+01  6.298551e-02 
 1.055373e+01  6.346418e-02 
 1.055413e+01  6.392154e-02 
 1.055452e+01  6.435434e-02 
 1.055492e+01  6.476112e-02 
 1.055532e+01  6.511845e-02 
 1.055572e+01  6.545468e-02 
 1.055611e+01  6.575773e-02 
 1.055651e+01  6.604711e-02 
 1.055691e+01  6.629497e-02 
 1.055731e+01  6.651962e-02 
 1.055771e+01  6.671615e-02 
 1.055810e+01  6.688918e-02 
 1.055850e+01  6.703278e-02 
 1.055890e+01  6.715820e-02 
 1.055930e+01  6.725911e-02 
 1.055969e+01  6.733324e-02 
 1.056009e+01  6.737906e-02 
 1.056049e+01  6.739197e-02 
 1.056089e+01  6.738629e-02 
 1.056128e+01  6.735235e-02 
 1.056168e+01  6.729693e-02 
 1.056208e+01  6.720685e-02 
 1.056248e+01  6.706825e-02 
 1.056288e+01  6.691858e-02 
 1.056327e+01  6.673209e-02 
 1.056367e+01  6.651023e-02 
 1.056407e+01  6.627158e-02 
 1.056447e+01  6.598665e-02 
 1.056486e+01  6.566119e-02 
 1.056526e+01  6.531063e-02 
 1.056566e+01  6.493527e-02 
 1.056606e+01  6.452465e-02 
 1.056645e+01  6.409614e-02 
 1.056685e+01  6.362712e-02 
 1.056725e+01  6.312023e-02 
 1.056765e+01  6.256766e-02 
 1.056805e+01  6.199305e-02 
 1.056844e+01  6.138869e-02 
 1.056884e+01  6.076948e-02 
 1.056924e+01  6.010761e-02 
 1.056964e+01  5.942080e-02 
 1.057003e+01  5.872020e-02 
 1.057043e+01  5.798593e-02 
 1.057083e+01  5.723272e-02 
 1.057123e+01  5.646240e-02 
 1.057162e+01  5.565581e-02 
 1.057202e+01  5.480772e-02 
 1.057242e+01  5.392609e-02 
 1.057282e+01  5.303569e-02 
 1.057322e+01  5.211340e-02 
 1.057361e+01  5.118009e-02 
 1.057401e+01  5.023161e-02 
 1.057441e+01  4.924143e-02 
 1.057481e+01  4.824045e-02 
 1.057520e+01  4.722773e-02 
 1.057560e+01  4.621108e-02 
 1.057600e+01  4.515786e-02 
 1.057640e+01  4.409852e-02 
 1.057679e+01  4.301319e-02 
 1.057719e+01  4.190788e-02 
 1.057759e+01  4.079147e-02 
 1.057799e+01  3.965716e-02 
 1.057839e+01  3.852394e-02 
 1.057878e+01  3.737656e-02 
 1.057918e+01  3.621443e-02 
 1.057958e+01  3.504154e-02 
 1.057998e+01  3.386254e-02 
 1.058037e+01  3.268138e-02 
 1.058077e+01  3.148495e-02 
 1.058117e+01  3.026821e-02 
 1.058157e+01  2.905073e-02 
 1.058196e+01  2.781159e-02 
 1.058236e+01  2.656889e-02 
 1.058276e+01  2.531818e-02 
 1.058316e+01  2.406973e-02 
 1.058356e+01  2.281612e-02 
 1.058395e+01  2.156327e-02 
 1.058435e+01  2.031442e-02 
 1.058475e+01  1.907205e-02 
 1.058515e+01  1.782515e-02 
 1.058554e+01  1.659656e-02 
 1.058594e+01  1.535374e-02 
 1.058634e+01  1.411556e-02 
 1.058674e+01  1.286644e-02 
 1.058713e+01  1.161837e-02 
 1.058753e+01  1.037926e-02 
 1.058793e+01  9.154577e-03 
 1.058833e+01  7.942520e-03 
 1.058873e+01  6.747594e-03 
 1.058912e+01  5.565656e-03 
 1.058952e+01  4.400483e-03 
 1.058992e+01  3.255849e-03 
 1.059032e+01  2.127593e-03 
 1.059071e+01  1.012607e-03 
 1.059111e+01 -9.764991e-05 
 1.059151e+01 -1.222991e-03 
 1.059191e+01 -2.326559e-03 
 1.059230e+01 -3.406783e-03 
 1.059270e+01 -4.481992e-03 
 1.059310e+01 -5.536329e-03 
 1.059350e+01 -6.575701e-03 
 1.059390e+01 -7.592744e-03 
 1.059429e+01 -8.598658e-03 
 1.059469e+01 -9.571481e-03 
 1.059509e+01 -1.052557e-02 
 1.059549e+01 -1.147689e-02 
 1.059588e+01 -1.241491e-02 
 1.059628e+01 -1.334819e-02 
 1.059668e+01 -1.427692e-02 
 1.059708e+01 -1.516509e-02 
 1.059747e+01 -1.603139e-02 
 1.059787e+01 -1.687203e-02 
 1.059827e+01 -1.770393e-02 
 1.059867e+01 -1.850589e-02 
 1.059907e+01 -1.928226e-02 
 1.059946e+01 -2.003572e-02 
 1.059986e+01 -2.075168e-02 
 1.060026e+01 -2.146878e-02 
 1.060066e+01 -2.216378e-02 
 1.060105e+01 -2.284360e-02 
 1.060145e+01 -2.349705e-02 
 1.060185e+01 -2.413732e-02 
 1.060225e+01 -2.473110e-02 
 1.060264e+01 -2.529675e-02 
 1.060304e+01 -2.584247e-02 
 1.060344e+01 -2.634964e-02 
 1.060384e+01 -2.682070e-02 
 1.060424e+01 -2.727042e-02 
 1.060463e+01 -2.767697e-02 
 1.060503e+01 -2.804796e-02 
 1.060543e+01 -2.840974e-02 
 1.060583e+01 -2.874193e-02 
 1.060622e+01 -2.904255e-02 
 1.060662e+01 -2.930744e-02 
 1.060702e+01 -2.954059e-02 
 1.060742e+01 -2.972434e-02 
 1.060782e+01 -2.987830e-02 
 1.060821e+01 -3.001298e-02 
 1.060861e+01 -3.010188e-02 
 1.060901e+01 -3.015037e-02 
 1.060941e+01 -3.015698e-02 
 1.060980e+01 -3.013059e-02 
 1.061020e+01 -3.008139e-02 
 1.061060e+01 -3.000226e-02 
 1.061100e+01 -2.990304e-02 
 1.061139e+01 -2.975468e-02 
 1.061179e+01 -2.957545e-02 
 1.061219e+01 -2.936345e-02 
 1.061259e+01 -2.911973e-02 
 1.061299e+01 -2.883491e-02 
 1.061338e+01 -2.852278e-02 
 1.061378e+01 -2.818314e-02 
 1.061418e+01 -2.780279e-02 
 1.061458e+01 -2.738533e-02 
 1.061497e+01 -2.696394e-02 
 1.061537e+01 -2.651258e-02 
 1.061577e+01 -2.602914e-02 
 1.061617e+01 -2.551983e-02 
 1.061656e+01 -2.497972e-02 
 1.061696e+01 -2.439661e-02 
 1.061736e+01 -2.379203e-02 
 1.061776e+01 -2.316221e-02 
 1.061816e+01 -2.249200e-02 
 1.061855e+01 -2.178836e-02 
 1.061895e+01 -2.106103e-02 
 1.061935e+01 -2.031018e-02 
 1.061975e+01 -1.954265e-02 
 1.062014e+01 -1.875473e-02 
 1.062054e+01 -1.795249e-02 
 1.062094e+01 -1.711795e-02 
 1.062134e+01 -1.626865e-02 
 1.062173e+01 -1.539244e-02 
 1.062213e+01 -1.448498e-02 
 1.062253e+01 -1.356515e-02 
 1.062293e+01 -1.261642e-02 
 1.062333e+01 -1.164952e-02 
 1.062372e+01 -1.065965e-02 
 1.062412e+01 -9.662786e-03 
 1.062452e+01 -8.656199e-03 
 1.062492e+01 -7.621134e-03 
 1.062531e+01 -6.583642e-03 
 1.062571e+01 -5.529750e-03 
 1.062611e+01 -4.458545e-03 
 1.062651e+01 -3.372714e-03 
 1.062690e+01 -2.274067e-03 
 1.062730e+01 -1.159267e-03 
 1.062770e+01 -2.907470e-05 
 1.062810e+01  1.112732e-03 
 1.062850e+01  2.267421e-03 
 1.062889e+01  3.428086e-03 
 1.062929e+01  4.584845e-03 
 1.062969e+01  5.759932e-03 
 1.063009e+01  6.938769e-03 
 1.063048e+01  8.118051e-03 
 1.063088e+01  9.301754e-03 
 1.063128e+01  1.049298e-02 
 1.063168e+01  1.169236e-02 
 1.063207e+01  1.289049e-02 
 1.063247e+01  1.408954e-02 
 1.063287e+01  1.529919e-02 
 1.063327e+01  1.650889e-02 
 1.063367e+01  1.771567e-02 
 1.063406e+01  1.893949e-02 
 1.063446e+01  2.015247e-02 
 1.063486e+01  2.136253e-02 
 1.063526e+01  2.258166e-02 
 1.063565e+01  2.380849e-02 
 1.063605e+01  2.501901e-02 
 1.063645e+01  2.622915e-02 
 1.063685e+01  2.744764e-02 
 1.063724e+01  2.864875e-02 
 1.063764e+01  2.985060e-02 
 1.063804e+01  3.106932e-02 
 1.063844e+01  3.227554e-02 
 1.063884e+01  3.346492e-02 
 1.063923e+01  3.466587e-02 
 1.063963e+01  3.584926e-02 
 1.064003e+01  3.701823e-02 
 1.064043e+01  3.817716e-02 
 1.064082e+01  3.933322e-02 
 1.064122e+01  4.045010e-02 
 1.064162e+01  4.155919e-02 
 1.064202e+01  4.266050e-02 
 1.064241e+01  4.374931e-02 
 1.064281e+01  4.482718e-02 
 1.064321e+01  4.590027e-02 
 1.064361e+01  4.694557e-02 
 1.064401e+01  4.796905e-02 
 1.064440e+01  4.898697e-02 
 1.064480e+01  4.998925e-02 
 1.064520e+01  5.097117e-02 
 1.064560e+01  5.192773e-02 
 1.064599e+01  5.285764e-02 
 1.064639e+01  5.375682e-02 
 1.064679e+01  5.463922e-02 
 1.064719e+01  5.550116e-02 
 1.064758e+01  5.635174e-02 
 1.064798e+01  5.715785e-02 
 1.064838e+01  5.793421e-02 
 1.064878e+01  5.869101e-02 
 1.064918e+01  5.941758e-02 
 1.064957e+01  6.011934e-02 
 1.064997e+01  6.077799e-02 
 1.065037e+01  6.141157e-02 
 1.065077e+01  6.200605e-02 
 1.065116e+01  6.256957e-02 
 1.065156e+01  6.310675e-02 
 1.065196e+01  6.361804e-02 
 1.065236e+01  6.409687e-02 
 1.065275e+01  6.454443e-02 
 1.065315e+01  6.495546e-02 
 1.065355e+01  6.533478e-02 
 1.065395e+01  6.568850e-02 
 1.065435e+01  6.602298e-02 
 1.065474e+01  6.631897e-02 
 1.065514e+01  6.658686e-02 
 1.065554e+01  6.680782e-02 
 1.065594e+01  6.698388e-02 
 1.065633e+01  6.714581e-02 
 1.065673e+01  6.727385e-02 
 1.065713e+01  6.737983e-02 
 1.065753e+01  6.745133e-02 
 1.065792e+01  6.750631e-02 
 1.065832e+01  6.752874e-02 
 1.065872e+01  6.751090e-02 
 1.065912e+01  6.748300e-02 
 1.065952e+01  6.741024e-02 
 1.065991e+01  6.729865e-02 
 1.066031e+01  6.716065e-02 
 1.066071e+01  6.697980e-02 
 1.066111e+01  6.677080e-02 
 1.066150e+01  6.654132e-02 
 1.066190e+01  6.629272e-02 
 1.066230e+01  6.600634e-02 
 1.066270e+01  6.570189e-02 
 1.066309e+01  6.538190e-02 
 1.066349e+01  6.502229e-02 
 1.066389e+01  6.464558e-02 
 1.066429e+01  6.426032e-02 
 1.066469e+01  6.383266e-02 
 1.066508e+01  6.336939e-02 
 1.066548e+01  6.287657e-02 
 1.066588e+01  6.235672e-02 
 1.066628e+01  6.181735e-02 
 1.066667e+01  6.125645e-02 
 1.066707e+01  6.068496e-02 
 1.066747e+01  6.007015e-02 
 1.066787e+01  5.943235e-02 
 1.066826e+01  5.876564e-02 
 1.066866e+01  5.807048e-02 
 1.066906e+01  5.734768e-02 
 1.066946e+01  5.659614e-02 
 1.066986e+01  5.581992e-02 
 1.067025e+01  5.499731e-02 
 1.067065e+01  5.416767e-02 
 1.067105e+01  5.330097e-02 
 1.067145e+01  5.242580e-02 
 1.067184e+01  5.152350e-02 
 1.067224e+01  5.059440e-02 
 1.067264e+01  4.962954e-02 
 1.067304e+01  4.867166e-02 
 1.067343e+01  4.769662e-02 
 1.067383e+01  4.669941e-02 
 1.067423e+01  4.567220e-02 
 1.067463e+01  4.462807e-02 
 1.067503e+01  4.354687e-02 
 1.067542e+01  4.244529e-02 
 1.067582e+01  4.133423e-02 
 1.067622e+01  4.020166e-02 
 1.067662e+01  3.905761e-02 
 1.067701e+01  3.788896e-02 
 1.067741e+01  3.672755e-02 
 1.067781e+01  3.553345e-02 
 1.067821e+01  3.435612e-02 
 1.067860e+01  3.316563e-02 
 1.067900e+01  3.195159e-02 
 1.067940e+01  3.072424e-02 
 1.067980e+01  2.949266e-02 
 1.068020e+01  2.825053e-02 
 1.068059e+01  2.699207e-02 
 1.068099e+01  2.573555e-02 
 1.068139e+01  2.447971e-02 
 1.068179e+01  2.321978e-02 
 1.068218e+01  2.195695e-02 
 1.068258e+01  2.071889e-02 
 1.068298e+01  1.947421e-02 
 1.068338e+01  1.824331e-02 
 1.068377e+01  1.700671e-02 
 1.068417e+01  1.576552e-02 
 1.068457e+01  1.451151e-02 
 1.068497e+01  1.326384e-02 
 1.068537e+01  1.203227e-02 
 1.068576e+01  1.080579e-02 
 1.068616e+01  9.596611e-03 
 1.068656e+01  8.391265e-03 
 1.068696e+01  7.205981e-03 
 1.068735e+01  6.015184e-03 
 1.068775e+01  4.839600e-03 
 1.068815e+01  3.676178e-03 
 1.068855e+01  2.514103e-03 
 1.068894e+01  1.352394e-03 
 1.068934e+01  1.926082e-04 
 1.068974e+01 -9.517510e-04 
 1.069014e+01 -2.078916e-03 
 1.069054e+01 -3.183790e-03 
 1.069093e+01 -4.277104e-03 
 1.069133e+01 -5.349871e-03 
 1.069173e+01 -6.427505e-03 
 1.069213e+01 -7.463465e-03 
 1.069252e+01 -8.489212e-03 
 1.069292e+01 -9.486359e-03 
 1.069332e+01 -1.048322e-02 
 1.069372e+01 -1.145643e-02 
 1.069411e+01 -1.242695e-02 
 1.069451e+01 -1.337267e-02 
 1.069491e+01 -1.429370e-02 
 1.069531e+01 -1.517711e-02 
 1.069571e+01 -1.604294e-02 
 1.069610e+01 -1.688218e-02 
 1.069650e+01 -1.770746e-02 
 1.069690e+01 -1.849668e-02 
 1.069730e+01 -1.925883e-02 
 1.069769e+01 -2.000027e-02 
 1.069809e+01 -2.071867e-02 
 1.069849e+01 -2.141536e-02 
 1.069889e+01 -2.208874e-02 
 1.069929e+01 -2.274032e-02 
 1.069968e+01 -2.336111e-02 
 1.070008e+01 -2.395637e-02 
 1.070048e+01 -2.452306e-02 
 1.070088e+01 -2.505080e-02 
 1.070127e+01 -2.556160e-02 
 1.070167e+01 -2.604675e-02 
 1.070207e+01 -2.647770e-02 
 1.070247e+01 -2.688984e-02 
 1.070286e+01 -2.728387e-02 
 1.070326e+01 -2.765075e-02 
 1.070366e+01 -2.799399e-02 
 1.070406e+01 -2.833421e-02 
 1.070446e+01 -2.863402e-02 
 1.070485e+01 -2.889060e-02 
 1.070525e+01 -2.911809e-02 
 1.070565e+01 -2.932164e-02 
 1.070605e+01 -2.947423e-02 
 1.070644e+01 -2.961118e-02 
 1.070684e+01 -2.972452e-02 
 1.070724e+01 -2.979554e-02 
 1.070764e+01 -2.984026e-02 
 1.070803e+01 -2.987246e-02 
 1.070843e+01 -2.987409e-02 
 1.070883e+01 -2.984812e-02 
 1.070923e+01 -2.979016e-02 
 1.070963e+01 -2.970813e-02 
 1.071002e+01 -2.957289e-02 
 1.071042e+01 -2.941102e-02 
 1.071082e+01 -2.921467e-02 
 1.071122e+01 -2.897929e-02 
 1.071161e+01 -2.871742e-02 
 1.071201e+01 -2.840963e-02 
 1.071241e+01 -2.806844e-02 
 1.071281e+01 -2.769411e-02 
 1.071320e+01 -2.729936e-02 
 1.071360e+01 -2.687610e-02 
 1.071400e+01 -2.641063e-02 
 1.071440e+01 -2.590219e-02 
 1.071480e+01 -2.536166e-02 
 1.071519e+01 -2.477868e-02 
 1.071559e+01 -2.418198e-02 
 1.071599e+01 -2.354744e-02 
 1.071639e+01 -2.288644e-02 
 1.071678e+01 -2.219296e-02 
 1.071718e+01 -2.147551e-02 
 1.071758e+01 -2.072195e-02 
 1.071798e+01 -1.996580e-02 
 1.071837e+01 -1.916946e-02 
 1.071877e+01 -1.834705e-02 
 1.071917e+01 -1.750902e-02 
 1.071957e+01 -1.663564e-02 
 1.071997e+01 -1.574775e-02 
 1.072036e+01 -1.484546e-02 
 1.072076e+01 -1.391317e-02 
 1.072116e+01 -1.295677e-02 
 1.072156e+01 -1.197711e-02 
 1.072195e+01 -1.098595e-02 
 1.072235e+01 -9.985470e-03 
 1.072275e+01 -8.977415e-03 
 1.072315e+01 -7.949835e-03 
 1.072354e+01 -6.910446e-03 
 1.072394e+01 -5.852166e-03 
 1.072434e+01 -4.780779e-03 
 1.072474e+01 -3.691611e-03 
 1.072514e+01 -2.594865e-03 
 1.072553e+01 -1.480516e-03 
 1.072593e+01 -3.452456e-04 
 1.072633e+01  7.968027e-04 
 1.072673e+01  1.937210e-03 
 1.072712e+01  3.095559e-03 
 1.072752e+01  4.256573e-03 
 1.072792e+01  5.417554e-03 
 1.072832e+01  6.603394e-03 
 1.072871e+01  7.785956e-03 
 1.072911e+01  8.970440e-03 
 1.072951e+01  1.016245e-02 
 1.072991e+01  1.138326e-02 
 1.073031e+01  1.258683e-02 
 1.073070e+01  1.380400e-02 
 1.073110e+01  1.504758e-02 
 1.073150e+01  1.627889e-02 
 1.073190e+01  1.750346e-02 
 1.073229e+01  1.873581e-02 
 1.073269e+01  1.996874e-02 
 1.073309e+01  2.119446e-02 
 1.073349e+01  2.243262e-02 
 1.073388e+01  2.367410e-02 
 1.073428e+01  2.490334e-02 
 1.073468e+01  2.612879e-02 
 1.073508e+01  2.736204e-02 
 1.073548e+01  2.857220e-02 
 1.073587e+01  2.977117e-02 
 1.073627e+01  3.096730e-02 
 1.073667e+01  3.214945e-02 
 1.073707e+01  3.331446e-02 
 1.073746e+01  3.447715e-02 
 1.073786e+01  3.563359e-02 
 1.073826e+01  3.677346e-02 
 1.073866e+01  3.789933e-02 
 1.073905e+01  3.902215e-02 
 1.073945e+01  4.012479e-02 
 1.073985e+01  4.120527e-02 
 1.074025e+01  4.229979e-02 
 1.074065e+01  4.337624e-02 
 1.074104e+01  4.443593e-02 
 1.074144e+01  4.548224e-02 
 1.074184e+01  4.651158e-02 
 1.074224e+01  4.751805e-02 
 1.074263e+01  4.851037e-02 
 1.074303e+01  4.949385e-02 
 1.074343e+01  5.044340e-02 
 1.074383e+01  5.137438e-02 
 1.074422e+01  5.229130e-02 
 1.074462e+01  5.317408e-02 
 1.074502e+01  5.405088e-02 
 1.074542e+01  5.490434e-02 
 1.074582e+01  5.573852e-02 
 1.074621e+01  5.654309e-02 
 1.074661e+01  5.734821e-02 
 1.074701e+01  5.812586e-02 
 1.074741e+01  5.887394e-02 
 1.074780e+01  5.959302e-02 
 1.074820e+01  6.028818e-02 
 1.074860e+01  6.095244e-02 
 1.074900e+01  6.158245e-02 
 1.074939e+01  6.219477e-02 
 1.074979e+01  6.277771e-02 
 1.075019e+01  6.334724e-02 
 1.075059e+01  6.388815e-02 
 1.075099e+01  6.439930e-02 
 1.075138e+01  6.486986e-02 
 1.075178e+01  6.531267e-02 
 1.075218e+01  6.573186e-02 
 1.075258e+01  6.610797e-02 
 1.075297e+01  6.644641e-02 
 1.075337e+01  6.675382e-02 
 1.075377e+01  6.701724e-02 
 1.075417e+01  6.724672e-02 
 1.075456e+01  6.744336e-02 
 1.075496e+01  6.761390e-02 
 1.075536e+01  6.774023e-02 
 1.075576e+01  6.783823e-02 
 1.075616e+01  6.790307e-02 
 1.075655e+01  6.793202e-02 
 1.075695e+01  6.792112e-02 
 1.075735e+01  6.787780e-02 
 1.075775e+01  6.780178e-02 
 1.075814e+01  6.768010e-02 
 1.075854e+01  6.752651e-02 
 1.075894e+01  6.734302e-02 
 1.075934e+01  6.714630e-02 
 1.075973e+01  6.691389e-02 
 1.076013e+01  6.666588e-02 
 1.076053e+01  6.638325e-02 
 1.076093e+01  6.605483e-02 
 1.076133e+01  6.570282e-02 
 1.076172e+01  6.533038e-02 
 1.076212e+01  6.491734e-02 
 1.076252e+01  6.449002e-02 
 1.076292e+01  6.401935e-02 
 1.076331e+01  6.350925e-02 
 1.076371e+01  6.297225e-02 
 1.076411e+01  6.243321e-02 
 1.076451e+01  6.186067e-02 
 1.076490e+01  6.126648e-02 
 1.076530e+01  6.065360e-02 
 1.076570e+01  6.000641e-02 
 1.076610e+01  5.932785e-02 
 1.076650e+01  5.864095e-02 
 1.076689e+01  5.793117e-02 
 1.076729e+01  5.719235e-02 
 1.076769e+01  5.641758e-02 
 1.076809e+01  5.563205e-02 
 1.076848e+01  5.480360e-02 
 1.076888e+01  5.398825e-02 
 1.076928e+01  5.316117e-02 
 1.076968e+01  5.230658e-02 
 1.077007e+01  5.142676e-02 
 1.077047e+01  5.053185e-02 
 1.077087e+01  4.961065e-02 
 1.077127e+01  4.867598e-02 
 1.077167e+01  4.772245e-02 
 1.077206e+01  4.674074e-02 
 1.077246e+01  4.572350e-02 
 1.077286e+01  4.469455e-02 
 1.077326e+01  4.365093e-02 
 1.077365e+01  4.258472e-02 
 1.077405e+01  4.151649e-02 
 1.077445e+01  4.043957e-02 
 1.077485e+01  3.934885e-02 
 1.077524e+01  3.823901e-02 
 1.077564e+01  3.711889e-02 
 1.077604e+01  3.597605e-02 
 1.077644e+01  3.482124e-02 
 1.077684e+01  3.364723e-02 
 1.077723e+01  3.245108e-02 
 1.077763e+01  3.124733e-02 
 1.077803e+01  3.002584e-02 
 1.077843e+01  2.880798e-02 
 1.077882e+01  2.758813e-02 
 1.077922e+01  2.637438e-02 
 1.077962e+01  2.515492e-02 
 1.078002e+01  2.392094e-02 
 1.078041e+01  2.269345e-02 
 1.078081e+01  2.144366e-02 
 1.078121e+01  2.020318e-02 
 1.078161e+01  1.895277e-02 
 1.078201e+01  1.767881e-02 
 1.078240e+01  1.640688e-02 
 1.078280e+01  1.513720e-02 
 1.078320e+01  1.386314e-02 
 1.078360e+01  1.260797e-02 
 1.078399e+01  1.135985e-02 
 1.078439e+01  1.011766e-02 
 1.078479e+01  8.876754e-03 
 1.078519e+01  7.648392e-03 
 1.078558e+01  6.417430e-03 
 1.078598e+01  5.212419e-03 
 1.078638e+01  4.004035e-03 
 1.078678e+01  2.801837e-03 
 1.078718e+01  1.591423e-03 
 1.078757e+01  4.016510e-04 
 1.078797e+01 -7.717584e-04 
 1.078837e+01 -1.912947e-03 
 1.078877e+01 -3.033749e-03 
 1.078916e+01 -4.140864e-03 
 1.078956e+01 -5.233695e-03 
 1.078996e+01 -6.306535e-03 
 1.079036e+01 -7.345330e-03 
 1.079076e+01 -8.385749e-03 
 1.079115e+01 -9.404307e-03 
 1.079155e+01 -1.041472e-02 
 1.079195e+01 -1.141448e-02 
 1.079235e+01 -1.240094e-02 
 1.079274e+01 -1.335451e-02 
 1.079314e+01 -1.427470e-02 
 1.079354e+01 -1.517105e-02 
 1.079394e+01 -1.603595e-02 
 1.079433e+01 -1.686889e-02 
 1.079473e+01 -1.768829e-02 
 1.079513e+01 -1.846827e-02 
 1.079553e+01 -1.922910e-02 
 1.079593e+01 -1.997997e-02 
 1.079632e+01 -2.071500e-02 
 1.079672e+01 -2.142211e-02 
 1.079712e+01 -2.211657e-02 
 1.079752e+01 -2.278501e-02 
 1.079791e+01 -2.340368e-02 
 1.079831e+01 -2.398489e-02 
 1.079871e+01 -2.454118e-02 
 1.079911e+01 -2.506265e-02 
 1.079950e+01 -2.555285e-02 
 1.079990e+01 -2.602254e-02 
 1.080030e+01 -2.646422e-02 
 1.080070e+01 -2.687241e-02 
 1.080110e+01 -2.727328e-02 
 1.080149e+01 -2.764260e-02 
 1.080189e+01 -2.797951e-02 
 1.080229e+01 -2.829179e-02 
 1.080269e+01 -2.856806e-02 
 1.080308e+01 -2.880996e-02 
 1.080348e+01 -2.900036e-02 
 1.080388e+01 -2.918120e-02 
 1.080428e+01 -2.933197e-02 
 1.080467e+01 -2.945605e-02 
 1.080507e+01 -2.955087e-02 
 1.080547e+01 -2.962552e-02 
 1.080587e+01 -2.968053e-02 
 1.080627e+01 -2.970407e-02 
 1.080666e+01 -2.970204e-02 
 1.080706e+01 -2.966489e-02 
 1.080746e+01 -2.958053e-02 
 1.080786e+01 -2.947064e-02 
 1.080825e+01 -2.931212e-02 
 1.080865e+01 -2.913952e-02 
 1.080905e+01 -2.893190e-02 
 1.080945e+01 -2.868906e-02 
 1.080984e+01 -2.842362e-02 
 1.081024e+01 -2.812730e-02 
 1.081064e+01 -2.780473e-02 
 1.081104e+01 -2.746615e-02 
 1.081144e+01 -2.710419e-02 
 1.081183e+01 -2.671712e-02 
 1.081223e+01 -2.627931e-02 
 1.081263e+01 -2.581910e-02 
 1.081303e+01 -2.532368e-02 
 1.081342e+01 -2.480528e-02 
 1.081382e+01 -2.424882e-02 
 1.081422e+01 -2.366137e-02 
 1.081462e+01 -2.303615e-02 
 1.081501e+01 -2.239326e-02 
 1.081541e+01 -2.172127e-02 
 1.081581e+01 -2.103755e-02 
 1.081621e+01 -2.032539e-02 
 1.081661e+01 -1.958836e-02 
 1.081700e+01 -1.881227e-02 
 1.081740e+01 -1.800659e-02 
 1.081780e+01 -1.717703e-02 
 1.081820e+01 -1.632514e-02 
 1.081859e+01 -1.543616e-02 
 1.081899e+01 -1.450696e-02 
 1.081939e+01 -1.356982e-02 
 1.081979e+01 -1.260564e-02 
 1.082018e+01 -1.162509e-02 
 1.082058e+01 -1.062436e-02 
 1.082098e+01 -9.620487e-03 
 1.082138e+01 -8.589725e-03 
 1.082178e+01 -7.532157e-03 
 1.082217e+01 -6.456637e-03 
 1.082257e+01 -5.364566e-03 
 1.082297e+01 -4.242041e-03 
 1.082337e+01 -3.124544e-03 
 1.082376e+01 -1.976253e-03 
 1.082416e+01 -8.210442e-04 
 1.082456e+01  3.600595e-04 
 1.082496e+01  1.525276e-03 
 1.082535e+01  2.706406e-03 
 1.082575e+01  3.901722e-03 
 1.082615e+01  5.095712e-03 
 1.082655e+01  6.309256e-03 
 1.082695e+01  7.528885e-03 
 1.082734e+01  8.762726e-03 
 1.082774e+01  9.985382e-03 
 1.082814e+01  1.123221e-02 
 1.082854e+01  1.247262e-02 
 1.082893e+01  1.371789e-02 
 1.082933e+01  1.496973e-02 
 1.082973e+01  1.622115e-02 
 1.083013e+01  1.744883e-02 
 1.083052e+01  1.868447e-02 
 1.083092e+01  1.991823e-02 
 1.083132e+01  2.114429e-02 
 1.083172e+01  2.236975e-02 
 1.083212e+01  2.358725e-02 
 1.083251e+01  2.480101e-02 
 1.083291e+01  2.599672e-02 
 1.083331e+01  2.720719e-02 
 1.083371e+01  2.840194e-02 
 1.083410e+01  2.960164e-02 
 1.083450e+01  3.079302e-02 
 1.083490e+01  3.196833e-02 
 1.083530e+01  3.313092e-02 
 1.083569e+01  3.429283e-02 
 1.083609e+01  3.544508e-02 
 1.083649e+01  3.658345e-02 
 1.083689e+01  3.770706e-02 
 1.083729e+01  3.882792e-02 
 1.083768e+01  3.993292e-02 
 1.083808e+01  4.103683e-02 
 1.083848e+01  4.213143e-02 
 1.083888e+01  4.320174e-02 
 1.083927e+01  4.425567e-02 
 1.083967e+01  4.529315e-02 
 1.084007e+01  4.631408e-02 
 1.084047e+01  4.730289e-02 
 1.084086e+01  4.828538e-02 
 1.084126e+01  4.925022e-02 
 1.084166e+01  5.018718e-02 
 1.084206e+01  5.109917e-02 
 1.084246e+01  5.201499e-02 
 1.084285e+01  5.290207e-02 
 1.084325e+01  5.377083e-02 
 1.084365e+01  5.462291e-02 
 1.084405e+01  5.544623e-02 
 1.084444e+01  5.624443e-02 
 1.084484e+01  5.702402e-02 
 1.084524e+01  5.778220e-02 
 1.084564e+01  5.850748e-02 
 1.084603e+01  5.920491e-02 
 1.084643e+01  5.988111e-02 
 1.084683e+01  6.053406e-02 
 1.084723e+01  6.116855e-02 
 1.084763e+01  6.178244e-02 
 1.084802e+01  6.237940e-02 
 1.084842e+01  6.294087e-02 
 1.084882e+01  6.346614e-02 
 1.084922e+01  6.397319e-02 
 1.084961e+01  6.444556e-02 
 1.085001e+01  6.488831e-02 
 1.085041e+01  6.530266e-02 
 1.085081e+01  6.568283e-02 
 1.085120e+01  6.601731e-02 
 1.085160e+01  6.633851e-02 
 1.085200e+01  6.662646e-02 
 1.085240e+01  6.688551e-02 
 1.085280e+01  6.712563e-02 
 1.085319e+01  6.734746e-02 
 1.085359e+01  6.753237e-02 
 1.085399e+01  6.767745e-02 
 1.085439e+01  6.780286e-02 
 1.085478e+01  6.790021e-02 
 1.085518e+01  6.794526e-02 
 1.085558e+01  6.796139e-02 
 1.085598e+01  6.793141e-02 
 1.085637e+01  6.787687e-02 
 1.085677e+01  6.777809e-02 
 1.085717e+01  6.765698e-02 
 1.085757e+01  6.751062e-02 
 1.085797e+01  6.733265e-02 
 1.085836e+01  6.712137e-02 
 1.085876e+01  6.686388e-02 
 1.085916e+01  6.656185e-02 
 1.085956e+01  6.622055e-02 
 1.085995e+01  6.585554e-02 
 1.086035e+01  6.543924e-02 
 1.086075e+01  6.499270e-02 
 1.086115e+01  6.450194e-02 
 1.086154e+01  6.397775e-02 
 1.086194e+01  6.343818e-02 
 1.086234e+01  6.289016e-02 
 1.086274e+01  6.232107e-02 
 1.086314e+01  6.170838e-02 
 1.086353e+01  6.108160e-02 
 1.086393e+01  6.041817e-02 
 1.086433e+01  5.971693e-02 
 1.086473e+01  5.900227e-02 
 1.086512e+01  5.824680e-02 
 1.086552e+01  5.746449e-02 
 1.086592e+01  5.664749e-02 
 1.086632e+01  5.582316e-02 
 1.086671e+01  5.499315e-02 
 1.086711e+01  5.414861e-02 
 1.086751e+01  5.328680e-02 
 1.086791e+01  5.240906e-02 
 1.086831e+01  5.149279e-02 
 1.086870e+01  5.057016e-02 
 1.086910e+01  4.962835e-02 
 1.086950e+01  4.866054e-02 
 1.086990e+01  4.768189e-02 
 1.087029e+01  4.667829e-02 
 1.087069e+01  4.565122e-02 
 1.087109e+01  4.460581e-02 
 1.087149e+01  4.357050e-02 
 1.087188e+01  4.252290e-02 
 1.087228e+01  4.145886e-02 
 1.087268e+01  4.038735e-02 
 1.087308e+01  3.929733e-02 
 1.087348e+01  3.818592e-02 
 1.087387e+01  3.707073e-02 
 1.087427e+01  3.594956e-02 
 1.087467e+01  3.479709e-02 
 1.087507e+01  3.363834e-02 
 1.087546e+01  3.246758e-02 
 1.087586e+01  3.129639e-02 
 1.087626e+01  3.011053e-02 
 1.087666e+01  2.894073e-02 
 1.087705e+01  2.775817e-02 
 1.087745e+01  2.656927e-02 
 1.087785e+01  2.536056e-02 
 1.087825e+01  2.414756e-02 
 1.087865e+01  2.292249e-02 
 1.087904e+01  2.170263e-02 
 1.087944e+01  2.047764e-02 
 1.087984e+01  1.923315e-02 
 1.088024e+01  1.798875e-02 
 1.088063e+01  1.673823e-02 
 1.088103e+01  1.549879e-02 
 1.088143e+01  1.426488e-02 
 1.088183e+01  1.305953e-02 
 1.088223e+01  1.184911e-02 
 1.088262e+01  1.063685e-02 
 1.088302e+01  9.430374e-03 
 1.088342e+01  8.229479e-03 
 1.088382e+01  7.033627e-03 
 1.088421e+01  5.835293e-03 
 1.088461e+01  4.643764e-03 
 1.088501e+01  3.451586e-03 
 1.088541e+01  2.258317e-03 
 1.088580e+01  1.092390e-03 
 1.088620e+01 -6.056965e-05 
 1.088660e+01 -1.189982e-03 
 1.088700e+01 -2.308593e-03 
 1.088740e+01 -3.420800e-03 
 1.088779e+01 -4.531410e-03 
 1.088819e+01 -5.617247e-03 
 1.088859e+01 -6.697608e-03 
 1.088899e+01 -7.763667e-03 
 1.088938e+01 -8.826293e-03 
 1.088978e+01 -9.874354e-03 
 1.089018e+01 -1.091140e-02 
 1.089058e+01 -1.191933e-02 
 1.089097e+01 -1.289990e-02 
 1.089137e+01 -1.385423e-02 
 1.089177e+01 -1.478040e-02 
 1.089217e+01 -1.569756e-02 
 1.089257e+01 -1.657692e-02 
 1.089296e+01 -1.744760e-02 
 1.089336e+01 -1.829850e-02 
 1.089376e+01 -1.912529e-02 
 1.089416e+01 -1.992967e-02 
 1.089455e+01 -2.071415e-02 
 1.089495e+01 -2.145961e-02 
 1.089535e+01 -2.216917e-02 
 1.089575e+01 -2.284368e-02 
 1.089614e+01 -2.348569e-02 
 1.089654e+01 -2.408525e-02 
 1.089694e+01 -2.466413e-02 
 1.089734e+01 -2.521857e-02 
 1.089774e+01 -2.573338e-02 
 1.089813e+01 -2.622218e-02 
 1.089853e+01 -2.668119e-02 
 1.089893e+01 -2.711332e-02 
 1.089933e+01 -2.751521e-02 
 1.089972e+01 -2.789254e-02 
 1.090012e+01 -2.822816e-02 
 1.090052e+01 -2.853229e-02 
 1.090092e+01 -2.879234e-02 
 1.090131e+01 -2.901961e-02 
 1.090171e+01 -2.920772e-02 
 1.090211e+01 -2.937458e-02 
 1.090251e+01 -2.950556e-02 
 1.090291e+01 -2.960699e-02 
 1.090330e+01 -2.968329e-02 
 1.090370e+01 -2.973426e-02 
 1.090410e+01 -2.974723e-02 
 1.090450e+01 -2.974737e-02 
 1.090489e+01 -2.970877e-02 
 1.090529e+01 -2.962612e-02 
 1.090569e+01 -2.951184e-02 
 1.090609e+01 -2.936518e-02 
 1.090648e+01 -2.920364e-02 
 1.090688e+01 -2.900479e-02 
 1.090728e+01 -2.879616e-02 
 1.090768e+01 -2.854174e-02 
 1.090808e+01 -2.827069e-02 
 1.090847e+01 -2.797144e-02 
 1.090887e+01 -2.766116e-02 
 1.090927e+01 -2.732576e-02 
 1.090967e+01 -2.695627e-02 
 1.091006e+01 -2.654483e-02 
 1.091046e+01 -2.609940e-02 
 1.091086e+01 -2.561997e-02 
 1.091126e+01 -2.512085e-02 
 1.091165e+01 -2.460017e-02 
 1.091205e+01 -2.404389e-02 
 1.091245e+01 -2.347057e-02 
 1.091285e+01 -2.288376e-02 
 1.091325e+01 -2.226509e-02 
 1.091364e+01 -2.162560e-02 
 1.091404e+01 -2.095848e-02 
 1.091444e+01 -2.025352e-02 
 1.091484e+01 -1.950438e-02 
 1.091523e+01 -1.873139e-02 
 1.091563e+01 -1.794225e-02 
 1.091603e+01 -1.712210e-02 
 1.091643e+01 -1.629563e-02 
 1.091682e+01 -1.544193e-02 
 1.091722e+01 -1.456527e-02 
 1.091762e+01 -1.367015e-02 
 1.091802e+01 -1.276344e-02 
 1.091842e+01 -1.183813e-02 
 1.091881e+01 -1.088547e-02 
 1.091921e+01 -9.918834e-03 
 1.091961e+01 -8.924968e-03 
 1.092001e+01 -7.892769e-03 
 1.092040e+01 -6.857776e-03 
 1.092080e+01 -5.794371e-03 
 1.092120e+01 -4.713428e-03 
 1.092160e+01 -3.630428e-03 
 1.092199e+01 -2.525862e-03 
 1.092239e+01 -1.408112e-03 
 1.092279e+01 -2.681849e-04 
 1.092319e+01  8.657599e-04 
 1.092359e+01  2.034692e-03 
 1.092398e+01  3.215362e-03 
 1.092438e+01  4.400504e-03 
 1.092478e+01  5.609757e-03 
 1.092518e+01  6.832960e-03 
 1.092557e+01  8.054417e-03 
 1.092597e+01  9.280809e-03 
 1.092637e+01  1.051773e-02 
 1.092677e+01  1.176550e-02 
 1.092716e+01  1.300694e-02 
 1.092756e+01  1.426695e-02 
 1.092796e+01  1.551317e-02 
 1.092836e+01  1.674780e-02 
 1.092876e+01  1.799452e-02 
 1.092915e+01  1.925320e-02 
 1.092955e+01  2.051163e-02 
 1.092995e+01  2.178159e-02 
 1.093035e+01  2.305283e-02 
 1.093074e+01  2.432646e-02 
 1.093114e+01  2.558563e-02 
 1.093154e+01  2.684679e-02 
 1.093194e+01  2.809773e-02 
 1.093233e+01  2.933880e-02 
 1.093273e+01  3.055719e-02 
 1.093313e+01  3.176241e-02 
 1.093353e+01  3.296909e-02 
 1.093393e+01  3.415594e-02 
 1.093432e+01  3.534330e-02 
 1.093472e+01  3.651905e-02 
 1.093512e+01  3.766983e-02 
 1.093552e+01  3.880584e-02 
 1.093591e+01  3.994667e-02 
 1.093631e+01  4.105854e-02 
 1.093671e+01  4.214385e-02 
 1.093711e+01  4.322289e-02 
 1.093750e+01  4.427202e-02 
 1.093790e+01  4.529001e-02 
 1.093830e+01  4.630225e-02 
 1.093870e+01  4.731268e-02 
 1.093910e+01  4.828213e-02 
 1.093949e+01  4.924680e-02 
 1.093989e+01  5.019134e-02 
 1.094029e+01  5.111019e-02 
 1.094069e+01  5.200665e-02 
 1.094108e+01  5.289943e-02 
 1.094148e+01  5.375453e-02 
 1.094188e+01  5.457455e-02 
 1.094228e+01  5.538734e-02 
 1.094267e+01  5.617196e-02 
 1.094307e+01  5.693905e-02 
 1.094347e+01  5.768606e-02 
 1.094387e+01  5.840932e-02 
 1.094427e+01  5.909093e-02 
 1.094466e+01  5.975211e-02 
 1.094506e+01  6.039045e-02 
 1.094546e+01  6.100074e-02 
 1.094586e+01  6.158587e-02 
 1.094625e+01  6.215697e-02 
 1.094665e+01  6.268953e-02 
 1.094705e+01  6.317791e-02 
 1.094745e+01  6.365092e-02 
 1.094784e+01  6.410144e-02 
 1.094824e+01  6.450925e-02 
 1.094864e+01  6.489541e-02 
 1.094904e+01  6.526036e-02 
 1.094944e+01  6.559870e-02 
 1.094983e+01  6.591388e-02 
 1.095023e+01  6.622027e-02 
 1.095063e+01  6.649102e-02 
 1.095103e+01  6.674286e-02 
 1.095142e+01  6.695987e-02 
 1.095182e+01  6.714132e-02 
 1.095222e+01  6.728132e-02 
 1.095262e+01  6.740250e-02 
 1.095301e+01  6.748995e-02 
 1.095341e+01  6.753811e-02 
 1.095381e+01  6.755811e-02 
 1.095421e+01  6.755500e-02 
 1.095461e+01  6.751371e-02 
 1.095500e+01  6.745122e-02 
 1.095540e+01  6.737176e-02 
 1.095580e+01  6.726761e-02 
 1.095620e+01  6.711763e-02 
 1.095659e+01  6.693138e-02 
 1.095699e+01  6.671342e-02 
 1.095739e+01  6.644708e-02 
 1.095779e+01  6.616595e-02 
 1.095818e+01  6.586062e-02 
 1.095858e+01  6.550934e-02 
 1.095898e+01  6.513945e-02 
 1.095938e+01  6.473373e-02 
 1.095978e+01  6.431864e-02 
 1.096017e+01  6.386392e-02 
 1.096057e+01  6.338598e-02 
 1.096097e+01  6.286119e-02 
 1.096137e+01  6.229477e-02 
 1.096176e+01  6.169499e-02 
 1.096216e+01  6.106709e-02 
 1.096256e+01  6.039997e-02 
 1.096296e+01  5.970024e-02 
 1.096335e+01  5.897190e-02 
 1.096375e+01  5.820327e-02 
 1.096415e+01  5.741244e-02 
 1.096455e+01  5.660897e-02 
 1.096495e+01  5.578433e-02 
 1.096534e+01  5.493811e-02 
 1.096574e+01  5.405422e-02 
 1.096614e+01  5.314138e-02 
 1.096654e+01  5.219503e-02 
 1.096693e+01  5.122638e-02 
 1.096733e+01  5.022566e-02 
 1.096773e+01  4.920847e-02 
 1.096813e+01  4.817020e-02 
 1.096852e+01  4.711959e-02 
 1.096892e+01  4.605399e-02 
 1.096932e+01  4.498603e-02 
 1.096972e+01  4.391619e-02 
 1.097012e+01  4.283522e-02 
 1.097051e+01  4.173785e-02 
 1.097091e+01  4.061539e-02 
 1.097131e+01  3.948522e-02 
 1.097171e+01  3.833687e-02 
 1.097210e+01  3.717685e-02 
 1.097250e+01  3.599342e-02 
 1.097290e+01  3.481871e-02 
 1.097330e+01  3.362290e-02 
 1.097369e+01  3.242775e-02 
 1.097409e+01  3.124370e-02 
 1.097449e+01  3.006713e-02 
 1.097489e+01  2.888643e-02 
 1.097529e+01  2.771331e-02 
 1.097568e+01  2.650918e-02 
 1.097608e+01  2.529452e-02 
 1.097648e+01  2.408110e-02 
 1.097688e+01  2.286565e-02 
 1.097727e+01  2.164422e-02 
 1.097767e+01  2.043508e-02 
 1.097807e+01  1.922475e-02 
 1.097847e+01  1.800571e-02 
 1.097887e+01  1.681417e-02 
 1.097926e+01  1.564534e-02 
 1.097966e+01  1.445860e-02 
 1.098006e+01  1.327534e-02 
 1.098046e+01  1.210179e-02 
 1.098085e+01  1.089690e-02 
 1.098125e+01  9.698040e-03 
 1.098165e+01  8.519298e-03 
 1.098205e+01  7.339197e-03 
 1.098244e+01  6.154438e-03 
 1.098284e+01  4.979210e-03 
 1.098324e+01  3.815208e-03 
 1.098364e+01  2.662214e-03 
 1.098404e+01  1.545269e-03 
 1.098443e+01  4.291018e-04 
 1.098483e+01 -6.894880e-04 
 1.098523e+01 -1.805002e-03 
 1.098563e+01 -2.918873e-03 
 1.098602e+01 -4.032896e-03 
 1.098642e+01 -5.127935e-03 
 1.098682e+01 -6.199044e-03 
 1.098722e+01 -7.266055e-03 
 1.098761e+01 -8.330498e-03 
 1.098801e+01 -9.357380e-03 
 1.098841e+01 -1.036413e-02 
 1.098881e+01 -1.134012e-02 
 1.098921e+01 -1.229572e-02 
 1.098960e+01 -1.324256e-02 
 1.099000e+01 -1.416697e-02 
 1.099040e+01 -1.509021e-02 
 1.099080e+01 -1.598591e-02 
 1.099119e+01 -1.686414e-02 
 1.099159e+01 -1.771797e-02 
 1.099199e+01 -1.855633e-02 
 1.099239e+01 -1.937240e-02 
 1.099278e+01 -2.015566e-02 
 1.099318e+01 -2.091294e-02 
 1.099358e+01 -2.163484e-02 
 1.099398e+01 -2.231566e-02 
 1.099438e+01 -2.297696e-02 
 1.099477e+01 -2.362891e-02 
 1.099517e+01 -2.425379e-02 
 1.099557e+01 -2.485794e-02 
 1.099597e+01 -2.543759e-02 
 1.099636e+01 -2.599258e-02 
 1.099676e+01 -2.650958e-02 
 1.099716e+01 -2.701079e-02 
 1.099756e+01 -2.745624e-02 
 1.099795e+01 -2.787043e-02 
 1.099835e+01 -2.824324e-02 
 1.099875e+01 -2.857231e-02 
 1.099915e+01 -2.886518e-02 
 1.099955e+01 -2.913739e-02 
 1.099994e+01 -2.938038e-02 
 1.100034e+01 -2.959200e-02 
 1.100074e+01 -2.978618e-02 
 1.100114e+01 -2.993871e-02 
 1.100153e+01 -3.005835e-02 
 1.100193e+01 -3.015857e-02 
 1.100233e+01 -3.021730e-02 
 1.100273e+01 -3.022678e-02 
 1.100312e+01 -3.019995e-02 
 1.100352e+01 -3.013027e-02 
 1.100392e+01 -3.001688e-02 
 1.100432e+01 -2.987024e-02 
 1.100472e+01 -2.971670e-02 
 1.100511e+01 -2.952294e-02 
 1.100551e+01 -2.929957e-02 
 1.100591e+01 -2.904153e-02 
 1.100631e+01 -2.875898e-02 
 1.100670e+01 -2.844588e-02 
 1.100710e+01 -2.810002e-02 
 1.100750e+01 -2.771123e-02 
 1.100790e+01 -2.727980e-02 
 1.100829e+01 -2.681678e-02 
 1.100869e+01 -2.632903e-02 
 1.100909e+01 -2.580573e-02 
 1.100949e+01 -2.526431e-02 
 1.100989e+01 -2.470203e-02 
 1.101028e+01 -2.410588e-02 
 1.101068e+01 -2.349465e-02 
 1.101108e+01 -2.286396e-02 
 1.101148e+01 -2.221155e-02 
 1.101187e+01 -2.152959e-02 
 1.101227e+01 -2.082351e-02 
 1.101267e+01 -2.009524e-02 
 1.101307e+01 -1.932904e-02 
 1.101346e+01 -1.854778e-02 
 1.101386e+01 -1.775749e-02 
 1.101426e+01 -1.695313e-02 
 1.101466e+01 -1.612137e-02 
 1.101506e+01 -1.528574e-02 
 1.101545e+01 -1.443376e-02 
 1.101585e+01 -1.356124e-02 
 1.101625e+01 -1.267294e-02 
 1.101665e+01 -1.177499e-02 
 1.101704e+01 -1.084129e-02 
 1.101744e+01 -9.893405e-03 
 1.101784e+01 -8.913575e-03 
 1.101824e+01 -7.916531e-03 
 1.101863e+01 -6.898940e-03 
 1.101903e+01 -5.871263e-03 
 1.101943e+01 -4.822889e-03 
 1.101983e+01 -3.760521e-03 
 1.102023e+01 -2.693108e-03 
 1.102062e+01 -1.613151e-03 
 1.102102e+01 -5.202311e-04 
 1.102142e+01  5.779707e-04 
 1.102182e+01  1.689264e-03 
 1.102221e+01  2.831816e-03 
 1.102261e+01  3.985432e-03 
 1.102301e+01  5.153591e-03 
 1.102341e+01  6.335970e-03 
 1.102380e+01  7.532629e-03 
 1.102420e+01  8.726283e-03 
 1.102460e+01  9.941753e-03 
 1.102500e+01  1.116438e-02 
 1.102540e+01  1.238617e-02 
 1.102579e+01  1.360636e-02 
 1.102619e+01  1.484517e-02 
 1.102659e+01  1.609001e-02 
 1.102699e+01  1.734799e-02 
 1.102738e+01  1.861629e-02 
 1.102778e+01  1.988561e-02 
 1.102818e+01  2.116066e-02 
 1.102858e+01  2.242778e-02 
 1.102897e+01  2.369386e-02 
 1.102937e+01  2.494729e-02 
 1.102977e+01  2.620243e-02 
 1.103017e+01  2.744300e-02 
 1.103057e+01  2.867085e-02 
 1.103096e+01  2.989579e-02 
 1.103136e+01  3.111826e-02 
 1.103176e+01  3.233998e-02 
 1.103216e+01  3.355282e-02 
 1.103255e+01  3.476080e-02 
 1.103295e+01  3.595085e-02 
 1.103335e+01  3.713338e-02 
 1.103375e+01  3.829519e-02 
 1.103414e+01  3.946048e-02 
 1.103454e+01  4.059610e-02 
 1.103494e+01  4.172263e-02 
 1.103534e+01  4.281688e-02 
 1.103574e+01  4.390391e-02 
 1.103613e+01  4.497610e-02 
 1.103653e+01  4.603273e-02 
 1.103693e+01  4.708370e-02 
 1.103733e+01  4.811129e-02 
 1.103772e+01  4.910789e-02 
 1.103812e+01  5.009976e-02 
 1.103852e+01  5.106735e-02 
 1.103892e+01  5.200660e-02 
 1.103931e+01  5.293199e-02 
 1.103971e+01  5.382495e-02 
 1.104011e+01  5.467350e-02 
 1.104051e+01  5.550161e-02 
 1.104091e+01  5.631049e-02 
 1.104130e+01  5.708334e-02 
 1.104170e+01  5.782824e-02 
 1.104210e+01  5.857084e-02 
 1.104250e+01  5.925936e-02 
 1.104289e+01  5.992417e-02 
 1.104329e+01  6.058818e-02 
 1.104369e+01  6.121191e-02 
 1.104409e+01  6.180913e-02 
 1.104448e+01  6.237648e-02 
 1.104488e+01  6.290719e-02 
 1.104528e+01  6.339536e-02 
 1.104568e+01  6.386790e-02 
 1.104608e+01  6.431823e-02 
 1.104647e+01  6.472749e-02 
 1.104687e+01  6.511378e-02 
 1.104727e+01  6.548010e-02 
 1.104767e+01  6.580537e-02 
 1.104806e+01  6.609842e-02 
 1.104846e+01  6.637197e-02 
 1.104886e+01  6.661485e-02 
 1.104926e+01  6.681057e-02 
 1.104965e+01  6.697898e-02 
 1.105005e+01  6.711543e-02 
 1.105045e+01  6.721054e-02 
 1.105085e+01  6.728635e-02 
 1.105125e+01  6.734510e-02 
 1.105164e+01  6.736719e-02 
 1.105204e+01  6.735466e-02 
 1.105244e+01  6.732318e-02 
 1.105284e+01  6.726951e-02 
 1.105323e+01  6.718086e-02 
 1.105363e+01  6.707504e-02 
 1.105403e+01  6.694577e-02 
 1.105443e+01  6.676795e-02 
 1.105482e+01  6.656504e-02 
 1.105522e+01  6.633614e-02 
 1.105562e+01  6.609168e-02 
 1.105602e+01  6.581166e-02 
 1.105642e+01  6.550572e-02 
 1.105681e+01  6.516247e-02 
 1.105721e+01  6.479952e-02 
 1.105761e+01  6.441331e-02 
 1.105801e+01  6.400181e-02 
 1.105840e+01  6.356874e-02 
 1.105880e+01  6.308922e-02 
 1.105920e+01  6.258221e-02 
 1.105960e+01  6.205658e-02 
 1.105999e+01  6.148603e-02 
 1.106039e+01  6.089840e-02 
 1.106079e+01  6.027985e-02 
 1.106119e+01  5.963029e-02 
 1.106159e+01  5.893916e-02 
 1.106198e+01  5.824784e-02 
 1.106238e+01  5.753123e-02 
 1.106278e+01  5.678731e-02 
 1.106318e+01  5.603441e-02 
 1.106357e+01  5.523936e-02 
 1.106397e+01  5.440698e-02 
 1.106437e+01  5.355571e-02 
 1.106477e+01  5.268066e-02 
 1.106516e+01  5.176955e-02 
 1.106556e+01  5.084013e-02 
 1.106596e+01  4.989063e-02 
 1.106636e+01  4.891907e-02 
 1.106676e+01  4.793023e-02 
 1.106715e+01  4.693243e-02 
 1.106755e+01  4.591089e-02 
 1.106795e+01  4.486696e-02 
 1.106835e+01  4.379232e-02 
 1.106874e+01  4.268765e-02 
 1.106914e+01  4.155184e-02 
 1.106954e+01  4.040340e-02 
 1.106994e+01  3.923497e-02 
 1.107034e+01  3.804875e-02 
 1.107073e+01  3.684598e-02 
 1.107113e+01  3.564517e-02 
 1.107153e+01  3.443013e-02 
 1.107193e+01  3.321325e-02 
 1.107232e+01  3.199644e-02 
 1.107272e+01  3.077451e-02 
 1.107312e+01  2.953073e-02 
 1.107352e+01  2.827283e-02 
 1.107391e+01  2.700093e-02 
 1.107431e+01  2.571644e-02 
 1.107471e+01  2.443044e-02 
 1.107511e+01  2.316985e-02 
 1.107551e+01  2.188895e-02 
 1.107590e+01  2.061507e-02 
 1.107630e+01  1.935005e-02 
 1.107670e+01  1.808805e-02 
 1.107710e+01  1.683448e-02 
 1.107749e+01  1.559467e-02 
 1.107789e+01  1.435700e-02 
 1.107829e+01  1.311789e-02 
 1.107869e+01  1.187575e-02 
 1.107908e+01  1.063770e-02 
 1.107948e+01  9.418418e-03 
 1.107988e+01  8.217459e-03 
 1.108028e+01  7.021372e-03 
 1.108068e+01  5.835934e-03 
 1.108107e+01  4.659249e-03 
 1.108147e+01  3.515180e-03 
 1.108187e+01  2.386434e-03 
 1.108227e+01  1.290452e-03 
 1.108266e+01  1.876731e-04 
 1.108306e+01 -9.067343e-04 
 1.108346e+01 -2.000274e-03 
 1.108386e+01 -3.087939e-03 
 1.108425e+01 -4.148537e-03 
 1.108465e+01 -5.188769e-03 
 1.108505e+01 -6.210721e-03 
 1.108545e+01 -7.226809e-03 
 1.108585e+01 -8.220329e-03 
 1.108624e+01 -9.185902e-03 
 1.108664e+01 -1.012459e-02 
 1.108704e+01 -1.105503e-02 
 1.108744e+01 -1.195651e-02 
 1.108783e+01 -1.286736e-02 
 1.108823e+01 -1.377237e-02 
 1.108863e+01 -1.466157e-02 
 1.108903e+01 -1.553032e-02 
 1.108942e+01 -1.639108e-02 
 1.108982e+01 -1.723554e-02 
 1.109022e+01 -1.804690e-02 
 1.109062e+01 -1.884313e-02 
 1.109102e+01 -1.961079e-02 
 1.109141e+01 -2.034585e-02 
 1.109181e+01 -2.104737e-02 
 1.109221e+01 -2.174177e-02 
 1.109261e+01 -2.242555e-02 
 1.109300e+01 -2.308446e-02 
 1.109340e+01 -2.372251e-02 
 1.109380e+01 -2.433660e-02 
 1.109420e+01 -2.490874e-02 
 1.109459e+01 -2.545181e-02 
 1.109499e+01 -2.596857e-02 
 1.109539e+01 -2.645054e-02 
 1.109579e+01 -2.689971e-02 
 1.109619e+01 -2.732185e-02 
 1.109658e+01 -2.771007e-02 
 1.109698e+01 -2.806837e-02 
 1.109738e+01 -2.841249e-02 
 1.109778e+01 -2.873421e-02 
 1.109817e+01 -2.902937e-02 
 1.109857e+01 -2.929197e-02 
 1.109897e+01 -2.951042e-02 
 1.109937e+01 -2.970374e-02 
 1.109976e+01 -2.985756e-02 
 1.110016e+01 -2.998308e-02 
 1.110056e+01 -3.006518e-02 
 1.110096e+01 -3.011103e-02 
 1.110136e+01 -3.011642e-02 
 1.110175e+01 -3.009952e-02 
 1.110215e+01 -3.006141e-02 
 1.110255e+01 -2.999501e-02 
 1.110295e+01 -2.990766e-02 
 1.110334e+01 -2.977477e-02 
 1.110374e+01 -2.959259e-02 
 1.110414e+01 -2.937797e-02 
 1.110454e+01 -2.914557e-02 
 1.110493e+01 -2.886500e-02 
 1.110533e+01 -2.853615e-02 
 1.110573e+01 -2.818176e-02 
 1.110613e+01 -2.779542e-02 
 1.110653e+01 -2.736304e-02 
 1.110692e+01 -2.692650e-02 
 1.110732e+01 -2.644932e-02 
 1.110772e+01 -2.594560e-02 
 1.110812e+01 -2.541097e-02 
 1.110851e+01 -2.485333e-02 
 1.110891e+01 -2.425471e-02 
 1.110931e+01 -2.363106e-02 
 1.110971e+01 -2.297567e-02 
 1.111010e+01 -2.227742e-02 
 1.111050e+01 -2.154329e-02 
 1.111090e+01 -2.078814e-02 
 1.111130e+01 -1.999924e-02 
 1.111170e+01 -1.918728e-02 
 1.111209e+01 -1.836990e-02 
 1.111249e+01 -1.750903e-02 
 1.111289e+01 -1.664140e-02 
 1.111329e+01 -1.574220e-02 
 1.111368e+01 -1.482006e-02 
 1.111408e+01 -1.386128e-02 
 1.111448e+01 -1.289394e-02 
 1.111488e+01 -1.190054e-02 
 1.111527e+01 -1.088646e-02 
 1.111567e+01 -9.863147e-03 
 1.111607e+01 -8.828166e-03 
 1.111647e+01 -7.779089e-03 
 1.111687e+01 -6.725080e-03 
 1.111726e+01 -5.666753e-03 
 1.111766e+01 -4.595922e-03 
 1.111806e+01 -3.514591e-03 
 1.111846e+01 -2.430664e-03 
 1.111885e+01 -1.334685e-03 
 1.111925e+01 -2.161256e-04 
 1.111965e+01  9.012586e-04 
 1.112005e+01  2.034461e-03 
 1.112044e+01  3.176168e-03 
 1.112084e+01  4.330893e-03 
 1.112124e+01  5.472580e-03 
 1.112164e+01  6.626603e-03 
 1.112204e+01  7.773664e-03 
 1.112243e+01  8.935765e-03 
 1.112283e+01  1.010963e-02 
 1.112323e+01  1.128573e-02 
 1.112363e+01  1.246325e-02 
 1.112402e+01  1.365408e-02 
 1.112442e+01  1.484189e-02 
 1.112482e+01  1.603390e-02 
 1.112522e+01  1.723086e-02 
 1.112561e+01  1.842995e-02 
 1.112601e+01  1.962618e-02 
 1.112641e+01  2.082892e-02 
 1.112681e+01  2.201802e-02 
 1.112721e+01  2.322312e-02 
 1.112760e+01  2.442792e-02 
 1.112800e+01  2.562473e-02 
 1.112840e+01  2.681779e-02 
 1.112880e+01  2.801142e-02 
 1.112919e+01  2.920760e-02 
 1.112959e+01  3.040711e-02 
 1.112999e+01  3.162369e-02 
 1.113039e+01  3.282573e-02 
 1.113078e+01  3.400815e-02 
 1.113118e+01  3.518786e-02 
 1.113158e+01  3.636712e-02 
 1.113198e+01  3.753150e-02 
 1.113238e+01  3.869867e-02 
 1.113277e+01  3.985180e-02 
 1.113317e+01  4.098850e-02 
 1.113357e+01  4.210444e-02 
 1.113397e+01  4.322327e-02 
 1.113436e+01  4.433080e-02 
 1.113476e+01  4.542388e-02 
 1.113516e+01  4.649504e-02 
 1.113556e+01  4.754605e-02 
 1.113595e+01  4.857134e-02 
 1.113635e+01  4.958247e-02 
 1.113675e+01  5.056432e-02 
 1.113715e+01  5.152146e-02 
 1.113755e+01  5.244625e-02 
 1.113794e+01  5.334646e-02 
 1.113834e+01  5.422760e-02 
 1.113874e+01  5.508779e-02 
 1.113914e+01  5.594603e-02 
 1.113953e+01  5.678546e-02 
 1.113993e+01  5.758617e-02 
 1.114033e+01  5.836924e-02 
 1.114073e+01  5.911444e-02 
 1.114112e+01  5.982839e-02 
 1.114152e+01  6.052179e-02 
 1.114192e+01  6.118415e-02 
 1.114232e+01  6.180850e-02 
 1.114272e+01  6.239721e-02 
 1.114311e+01  6.296434e-02 
 1.114351e+01  6.350231e-02 
 1.114391e+01  6.400381e-02 
 1.114431e+01  6.449152e-02 
 1.114470e+01  6.493808e-02 
 1.114510e+01  6.535242e-02 
 1.114550e+01  6.573065e-02 
 1.114590e+01  6.607616e-02 
 1.114629e+01  6.639121e-02 
 1.114669e+01  6.666619e-02 
 1.114709e+01  6.690805e-02 
 1.114749e+01  6.711437e-02 
 1.114789e+01  6.729037e-02 
 1.114828e+01  6.743745e-02 
 1.114868e+01  6.756268e-02 
 1.114908e+01  6.765958e-02 
 1.114948e+01  6.772703e-02 
 1.114987e+01  6.775337e-02 
 1.115027e+01  6.774138e-02 
 1.115067e+01  6.770239e-02 
 1.115107e+01  6.763837e-02 
 1.115146e+01  6.753456e-02 
 1.115186e+01  6.739694e-02 
 1.115226e+01  6.721580e-02 
 1.115266e+01  6.700705e-02 
 1.115306e+01  6.676018e-02 
 1.115345e+01  6.649437e-02 
 1.115385e+01  6.620284e-02 
 1.115425e+01  6.587377e-02 
 1.115465e+01  6.553164e-02 
 1.115504e+01  6.515532e-02 
 1.115544e+01  6.476117e-02 
 1.115584e+01  6.434138e-02 
 1.115624e+01  6.388654e-02 
 1.115663e+01  6.338978e-02 
 1.115703e+01  6.286935e-02 
 1.115743e+01  6.231248e-02 
 1.115783e+01  6.173351e-02 
 1.115823e+01  6.114528e-02 
 1.115862e+01  6.054434e-02 
 1.115902e+01  5.991356e-02 
 1.115942e+01  5.926534e-02 
 1.115982e+01  5.859920e-02 
 1.116021e+01  5.791755e-02 
 1.116061e+01  5.721548e-02 
 1.116101e+01  5.649750e-02 
 1.116141e+01  5.573843e-02 
 1.116181e+01  5.495671e-02 
 1.116220e+01  5.414373e-02 
 1.116260e+01  5.331953e-02 
 1.116300e+01  5.246670e-02 
 1.116340e+01  5.160698e-02 
 1.116379e+01  5.072123e-02 
 1.116419e+01  4.980961e-02 
 1.116459e+01  4.888242e-02 
 1.116499e+01  4.793836e-02 
 1.116538e+01  4.697695e-02 
 1.116578e+01  4.598584e-02 
 1.116618e+01  4.497143e-02 
 1.116658e+01  4.392888e-02 
 1.116698e+01  4.286200e-02 
 1.116737e+01  4.177809e-02 
 1.116777e+01  4.069666e-02 
 1.116817e+01  3.960399e-02 
 1.116857e+01  3.848933e-02 
 1.116896e+01  3.734955e-02 
 1.116936e+01  3.621052e-02 
 1.116976e+01  3.504848e-02 
 1.117016e+01  3.388442e-02 
 1.117055e+01  3.270383e-02 
 1.117095e+01  3.151279e-02 
 1.117135e+01  3.028685e-02 
 1.117175e+01  2.905158e-02 
 1.117215e+01  2.780699e-02 
 1.117254e+01  2.654694e-02 
 1.117294e+01  2.530126e-02 
 1.117334e+01  2.403996e-02 
 1.117374e+01  2.278041e-02 
 1.117413e+01  2.152337e-02 
 1.117453e+01  2.026682e-02 
 1.117493e+01  1.901247e-02 
 1.117533e+01  1.775274e-02 
 1.117572e+01  1.649445e-02 
 1.117612e+01  1.521730e-02 
 1.117652e+01  1.393299e-02 
 1.117692e+01  1.264685e-02 
 1.117732e+01  1.137911e-02 
 1.117771e+01  1.013177e-02 
 1.117811e+01  8.884832e-03 
 1.117851e+01  7.642615e-03 
 1.117891e+01  6.425027e-03 
 1.117930e+01  5.209719e-03 
 1.117970e+01  4.027458e-03 
 1.118010e+01  2.837836e-03 
 1.118050e+01  1.668799e-03 
 1.118089e+01  4.865360e-04 
 1.118129e+01 -6.868709e-04 
 1.118169e+01 -1.846266e-03 
 1.118209e+01 -2.988115e-03 
 1.118249e+01 -4.105289e-03 
 1.118288e+01 -5.202335e-03 
 1.118328e+01 -6.277436e-03 
 1.118368e+01 -7.328028e-03 
 1.118408e+01 -8.363167e-03 
 1.118447e+01 -9.373165e-03 
 1.118487e+01 -1.036067e-02 
 1.118527e+01 -1.134852e-02 
 1.118567e+01 -1.231806e-02 
 1.118606e+01 -1.327923e-02 
 1.118646e+01 -1.420781e-02 
 1.118686e+01 -1.511173e-02 
 1.118726e+01 -1.597963e-02 
 1.118766e+01 -1.681112e-02 
 1.118805e+01 -1.762957e-02 
 1.118845e+01 -1.840770e-02 
 1.118885e+01 -1.916064e-02 
 1.118925e+01 -1.987907e-02 
 1.118964e+01 -2.057848e-02 
 1.119004e+01 -2.124153e-02 
 1.119044e+01 -2.189351e-02 
 1.119084e+01 -2.253020e-02 
 1.119123e+01 -2.313822e-02 
 1.119163e+01 -2.371284e-02 
 1.119203e+01 -2.426162e-02 
 1.119243e+01 -2.478447e-02 
 1.119283e+01 -2.526720e-02 
 1.119322e+01 -2.573453e-02 
 1.119362e+01 -2.616979e-02 
 1.119402e+01 -2.657322e-02 
 1.119442e+01 -2.694718e-02 
 1.119481e+01 -2.729683e-02 
 1.119521e+01 -2.763183e-02 
 1.119561e+01 -2.795698e-02 
 1.119601e+01 -2.825779e-02 
 1.119640e+01 -2.852530e-02 
 1.119680e+01 -2.875466e-02 
 1.119720e+01 -2.896926e-02 
 1.119760e+01 -2.915029e-02 
 1.119800e+01 -2.930082e-02 
 1.119839e+01 -2.942465e-02 
 1.119879e+01 -2.950284e-02 
 1.119919e+01 -2.954838e-02 
 1.119959e+01 -2.958222e-02 
 1.119998e+01 -2.958300e-02 
 1.120038e+01 -2.957229e-02 
 1.120078e+01 -2.953573e-02 
 1.120118e+01 -2.947082e-02 
 1.120157e+01 -2.936399e-02 
 1.120197e+01 -2.922828e-02 
 1.120237e+01 -2.906191e-02 
 1.120277e+01 -2.885613e-02 
 1.120317e+01 -2.861759e-02 
 1.120356e+01 -2.834348e-02 
 1.120396e+01 -2.803000e-02 
 1.120436e+01 -2.769798e-02 
 1.120476e+01 -2.735365e-02 
 1.120515e+01 -2.698241e-02 
 1.120555e+01 -2.657579e-02 
 1.120595e+01 -2.613041e-02 
 1.120635e+01 -2.565241e-02 
 1.120674e+01 -2.512718e-02 
 1.120714e+01 -2.456445e-02 
 1.120754e+01 -2.397264e-02 
 1.120794e+01 -2.334306e-02 
 1.120834e+01 -2.267713e-02 
 1.120873e+01 -2.197610e-02 
 1.120913e+01 -2.126140e-02 
 1.120953e+01 -2.051294e-02 
 1.120993e+01 -1.975202e-02 
 1.121032e+01 -1.896219e-02 
 1.121072e+01 -1.814355e-02 
 1.121112e+01 -1.729871e-02 
 1.121152e+01 -1.642181e-02 
 1.121191e+01 -1.552248e-02 
 1.121231e+01 -1.460011e-02 
 1.121271e+01 -1.365429e-02 
 1.121311e+01 -1.268985e-02 
 1.121351e+01 -1.169545e-02 
 1.121390e+01 -1.068952e-02 
 1.121430e+01 -9.674925e-03 
 1.121470e+01 -8.645266e-03 
 1.121510e+01 -7.594971e-03 
 1.121549e+01 -6.521589e-03 
 1.121589e+01 -5.426121e-03 
 1.121629e+01 -4.316618e-03 
 1.121669e+01 -3.187765e-03 
 1.121708e+01 -2.041834e-03 
 1.121748e+01 -8.850646e-04 
 1.121788e+01  2.960053e-04 
 1.121828e+01  1.476615e-03 
 1.121868e+01  2.673449e-03 
 1.121907e+01  3.876000e-03 
 1.121947e+01  5.084023e-03 
 1.121987e+01  6.285882e-03 
 1.122027e+01  7.496394e-03 
 1.122066e+01  8.720100e-03 
 1.122106e+01  9.939966e-03 
 1.122146e+01  1.117302e-02 
 1.122186e+01  1.240885e-02 
 1.122225e+01  1.364231e-02 
 1.122265e+01  1.489131e-02 
 1.122305e+01  1.613993e-02 
 1.122345e+01  1.736984e-02 
 1.122385e+01  1.861302e-02 
 1.122424e+01  1.983939e-02 
 1.122464e+01  2.106559e-02 
 1.122504e+01  2.228030e-02 
 1.122544e+01  2.350231e-02 
 1.122583e+01  2.471183e-02 
 1.122623e+01  2.590625e-02 
 1.122663e+01  2.709641e-02 
 1.122703e+01  2.829607e-02 
 1.122742e+01  2.947556e-02 
 1.122782e+01  3.066020e-02 
 1.122822e+01  3.183481e-02 
 1.122862e+01  3.299226e-02 
 1.122902e+01  3.413524e-02 
 1.122941e+01  3.527903e-02 
 1.122981e+01  3.640251e-02 
 1.123021e+01  3.750647e-02 
 1.123061e+01  3.860489e-02 
 1.123100e+01  3.968997e-02 
 1.123140e+01  4.075110e-02 
 1.123180e+01  4.179591e-02 
 1.123220e+01  4.284960e-02 
 1.123259e+01  4.388064e-02 
 1.123299e+01  4.489392e-02 
 1.123339e+01  4.589692e-02 
 1.123379e+01  4.689393e-02 
 1.123419e+01  4.787296e-02 
 1.123458e+01  4.884693e-02 
 1.123498e+01  4.980918e-02 
 1.123538e+01  5.074358e-02 
 1.123578e+01  5.165840e-02 
 1.123617e+01  5.257654e-02 
 1.123657e+01  5.345951e-02 
 1.123697e+01  5.433453e-02 
 1.123737e+01  5.519322e-02 
 1.123776e+01  5.603820e-02 
 1.123816e+01  5.685036e-02 
 1.123856e+01  5.763561e-02 
 1.123896e+01  5.840595e-02 
 1.123936e+01  5.914755e-02 
 1.123975e+01  5.986452e-02 
 1.124015e+01  6.054974e-02 
 1.124055e+01  6.120454e-02 
 1.124095e+01  6.182297e-02 
 1.124134e+01  6.241859e-02 
 1.124174e+01  6.299543e-02 
 1.124214e+01  6.353916e-02 
 1.124254e+01  6.405688e-02 
 1.124293e+01  6.455087e-02 
 1.124333e+01  6.501275e-02 
 1.124373e+01  6.544096e-02 
 1.124413e+01  6.583989e-02 
 1.124453e+01  6.621229e-02 
 1.124492e+01  6.655116e-02 
 1.124532e+01  6.683299e-02 
 1.124572e+01  6.709160e-02 
 1.124612e+01  6.732975e-02 
 1.124651e+01  6.752676e-02 
 1.124691e+01  6.770197e-02 
 1.124731e+01  6.784146e-02 
 1.124771e+01  6.794491e-02 
 1.124810e+01  6.800813e-02 
 1.124850e+01  6.803825e-02 
 1.124890e+01  6.804333e-02 
 1.124930e+01  6.801000e-02 
 1.124970e+01  6.794459e-02 
 1.125009e+01  6.783181e-02 
 1.125049e+01  6.767250e-02 
 1.125089e+01  6.749288e-02 
 1.125129e+01  6.729496e-02 
 1.125168e+01  6.706561e-02 
 1.125208e+01  6.678912e-02 
 1.125248e+01  6.648749e-02 
 1.125288e+01  6.614917e-02 
 1.125328e+01  6.577837e-02 
 1.125367e+01  6.539133e-02 
 1.125407e+01  6.495967e-02 
 1.125447e+01  6.450187e-02 
 1.125487e+01  6.400172e-02 
 1.125526e+01  6.346916e-02 
 1.125566e+01  6.291810e-02 
 1.125606e+01  6.233672e-02 
 1.125646e+01  6.173650e-02 
 1.125685e+01  6.110102e-02 
 1.125725e+01  6.043843e-02 
 1.125765e+01  5.973074e-02 
 1.125805e+01  5.901115e-02 
 1.125845e+01  5.827645e-02 
 1.125884e+01  5.750983e-02 
 1.125924e+01  5.670588e-02 
 1.125964e+01  5.587982e-02 
 1.126004e+01  5.502681e-02 
 1.126043e+01  5.414931e-02 
 1.126083e+01  5.326505e-02 
 1.126123e+01  5.236796e-02 
 1.126163e+01  5.144779e-02 
 1.126202e+01  5.051717e-02 
 1.126242e+01  4.956242e-02 
 1.126282e+01  4.860167e-02 
 1.126322e+01  4.763638e-02 
 1.126362e+01  4.665326e-02 
 1.126401e+01  4.565456e-02 
 1.126441e+01  4.463178e-02 
 1.126481e+01  4.360301e-02 
 1.126521e+01  4.255619e-02 
 1.126560e+01  4.149681e-02 
 1.126600e+01  4.043951e-02 
 1.126640e+01  3.936109e-02 
 1.126680e+01  3.828224e-02 
 1.126719e+01  3.719184e-02 
 1.126759e+01  3.608915e-02 
 1.126799e+01  3.498494e-02 
 1.126839e+01  3.387335e-02 
 1.126879e+01  3.274844e-02 
 1.126918e+01  3.159526e-02 
 1.126958e+01  3.043386e-02 
 1.126998e+01  2.925849e-02 
 1.127038e+01  2.806990e-02 
 1.127077e+01  2.689069e-02 
 1.127117e+01  2.570984e-02 
 1.127157e+01  2.450470e-02 
 1.127197e+01  2.330049e-02 
 1.127236e+01  2.210552e-02 
 1.127276e+01  2.088604e-02 
 1.127316e+01  1.966607e-02 
 1.127356e+01  1.844984e-02 
 1.127396e+01  1.720869e-02 
 1.127435e+01  1.594946e-02 
 1.127475e+01  1.470426e-02 
 1.127515e+01  1.346885e-02 
 1.127555e+01  1.223197e-02 
 1.127594e+01  1.100348e-02 
 1.127634e+01  9.782599e-03 
 1.127674e+01  8.544306e-03 
 1.127714e+01  7.325979e-03 
 1.127753e+01  6.109786e-03 
 1.127793e+01  4.904577e-03 
 1.127833e+01  3.679329e-03 
 1.127873e+01  2.465441e-03 
 1.127913e+01  1.255207e-03 
 1.127952e+01  5.068683e-05 
 1.127992e+01 -1.124713e-03 
 1.128032e+01 -2.284517e-03 
 1.128072e+01 -3.426377e-03 
 1.128111e+01 -4.566335e-03 
 1.128151e+01 -5.683298e-03 
 1.128191e+01 -6.779948e-03 
 1.128231e+01 -7.860834e-03 
 1.128270e+01 -8.923987e-03 
 1.128310e+01 -9.975492e-03 
 1.128350e+01 -1.100829e-02 
 1.128390e+01 -1.201820e-02 
 1.128430e+01 -1.299862e-02 
 1.128469e+01 -1.394767e-02 
 1.128509e+01 -1.487538e-02 
 1.128549e+01 -1.577458e-02 
 1.128589e+01 -1.664929e-02 
 1.128628e+01 -1.751372e-02 
 1.128668e+01 -1.833958e-02 
 1.128708e+01 -1.914518e-02 
 1.128748e+01 -1.991919e-02 
 1.128787e+01 -2.067592e-02 
 1.128827e+01 -2.140975e-02 
 1.128867e+01 -2.212253e-02 
 1.128907e+01 -2.280020e-02 
 1.128947e+01 -2.345109e-02 
 1.128986e+01 -2.406226e-02 
 1.129026e+01 -2.463604e-02 
 1.129066e+01 -2.518179e-02 
 1.129106e+01 -2.568756e-02 
 1.129145e+01 -2.617778e-02 
 1.129185e+01 -2.662142e-02 
 1.129225e+01 -2.704172e-02 
 1.129265e+01 -2.743795e-02 
 1.129304e+01 -2.780631e-02 
 1.129344e+01 -2.815085e-02 
 1.129384e+01 -2.846843e-02 
 1.129424e+01 -2.873695e-02 
 1.129464e+01 -2.896399e-02 
 1.129503e+01 -2.915313e-02 
 1.129543e+01 -2.931683e-02 
 1.129583e+01 -2.944702e-02 
 1.129623e+01 -2.954024e-02 
 1.129662e+01 -2.961179e-02 
 1.129702e+01 -2.963784e-02 
 1.129742e+01 -2.964373e-02 
 1.129782e+01 -2.963402e-02 
 1.129821e+01 -2.960560e-02 
 1.129861e+01 -2.955393e-02 
 1.129901e+01 -2.945739e-02 
 1.129941e+01 -2.932714e-02 
 1.129981e+01 -2.916217e-02 
 1.130020e+01 -2.897349e-02 
 1.130060e+01 -2.876593e-02 
 1.130100e+01 -2.852360e-02 
 1.130140e+01 -2.824996e-02 
 1.130179e+01 -2.795778e-02 
 1.130219e+01 -2.763718e-02 
 1.130259e+01 -2.729883e-02 
 1.130299e+01 -2.692474e-02 
 1.130338e+01 -2.654220e-02 
 1.130378e+01 -2.610276e-02 
 1.130418e+01 -2.563737e-02 
 1.130458e+01 -2.515064e-02 
 1.130498e+01 -2.462923e-02 
 1.130537e+01 -2.409688e-02 
 1.130577e+01 -2.354325e-02 
 1.130617e+01 -2.295594e-02 
 1.130657e+01 -2.234624e-02 
 1.130696e+01 -2.170969e-02 
 1.130736e+01 -2.106250e-02 
 1.130776e+01 -2.039201e-02 
 1.130816e+01 -1.970158e-02 
 1.130855e+01 -1.898578e-02 
 1.130895e+01 -1.823129e-02 
 1.130935e+01 -1.745627e-02 
 1.130975e+01 -1.665237e-02 
 1.131015e+01 -1.582018e-02 
 1.131054e+01 -1.496268e-02 
 1.131094e+01 -1.408216e-02 
 1.131134e+01 -1.316734e-02 
 1.131174e+01 -1.223419e-02 
 1.131213e+01 -1.128808e-02 
 1.131253e+01 -1.031338e-02 
 1.131293e+01 -9.310614e-03 
 1.131333e+01 -8.287230e-03 
 1.131372e+01 -7.243879e-03 
 1.131412e+01 -6.172584e-03 
 1.131452e+01 -5.080205e-03 
 1.131492e+01 -3.979349e-03 
 1.131532e+01 -2.840853e-03 
 1.131571e+01 -1.694832e-03 
 1.131611e+01 -5.330408e-04 
 1.131651e+01  6.509044e-04 
 1.131691e+01  1.834875e-03 
 1.131730e+01  3.026988e-03 
 1.131770e+01  4.227064e-03 
 1.131810e+01  5.445437e-03 
 1.131850e+01  6.675772e-03 
 1.131889e+01  7.925096e-03 
 1.131929e+01  9.181674e-03 
 1.131969e+01  1.044325e-02 
 1.132009e+01  1.172329e-02 
 1.132049e+01  1.299462e-02 
 1.132088e+01  1.426959e-02 
 1.132128e+01  1.554239e-02 
 1.132168e+01  1.680278e-02 
 1.132208e+01  1.806967e-02 
 1.132247e+01  1.934209e-02 
 1.132287e+01  2.062638e-02 
 1.132327e+01  2.189669e-02 
 1.132367e+01  2.317626e-02 
 1.132406e+01  2.444824e-02 
 1.132446e+01  2.569606e-02 
 1.132486e+01  2.694397e-02 
 1.132526e+01  2.818797e-02 
 1.132566e+01  2.941097e-02 
 1.132605e+01  3.062077e-02 
 1.132645e+01  3.181768e-02 
 1.132685e+01  3.299907e-02 
 1.132725e+01  3.416264e-02 
 1.132764e+01  3.533487e-02 
 1.132804e+01  3.648289e-02 
 1.132844e+01  3.761725e-02 
 1.132884e+01  3.874848e-02 
 1.132923e+01  3.985659e-02 
 1.132963e+01  4.094527e-02 
 1.133003e+01  4.202693e-02 
 1.133043e+01  4.309285e-02 
 1.133083e+01  4.412886e-02 
 1.133122e+01  4.516067e-02 
 1.133162e+01  4.617470e-02 
 1.133202e+01  4.717124e-02 
 1.133242e+01  4.815759e-02 
 1.133281e+01  4.911289e-02 
 1.133321e+01  5.004290e-02 
 1.133361e+01  5.094385e-02 
 1.133401e+01  5.183563e-02 
 1.133440e+01  5.269560e-02 
 1.133480e+01  5.353712e-02 
 1.133520e+01  5.437445e-02 
 1.133560e+01  5.518393e-02 
 1.133600e+01  5.596300e-02 
 1.133639e+01  5.672171e-02 
 1.133679e+01  5.746119e-02 
 1.133719e+01  5.816286e-02 
 1.133759e+01  5.884680e-02 
 1.133798e+01  5.951982e-02 
 1.133838e+01  6.014883e-02 
 1.133878e+01  6.076552e-02 
 1.133918e+01  6.137263e-02 
 1.133957e+01  6.194617e-02 
 1.133997e+01  6.250331e-02 
 1.134037e+01  6.303198e-02 
 1.134077e+01  6.353597e-02 
 1.134117e+01  6.401242e-02 
 1.134156e+01  6.446481e-02 
 1.134196e+01  6.489124e-02 
 1.134236e+01  6.528922e-02 
 1.134276e+01  6.564692e-02 
 1.134315e+01  6.598560e-02 
 1.134355e+01  6.628796e-02 
 1.134395e+01  6.655621e-02 
 1.134435e+01  6.681975e-02 
 1.134475e+01  6.705431e-02 
 1.134514e+01  6.725283e-02 
 1.134554e+01  6.740868e-02 
 1.134594e+01  6.754080e-02 
 1.134634e+01  6.763257e-02 
 1.134673e+01  6.769756e-02 
 1.134713e+01  6.772917e-02 
 1.134753e+01  6.773931e-02 
 1.134793e+01  6.770187e-02 
 1.134832e+01  6.762659e-02 
 1.134872e+01  6.753622e-02 
 1.134912e+01  6.741383e-02 
 1.134952e+01  6.726630e-02 
 1.134992e+01  6.708411e-02 
 1.135031e+01  6.686307e-02 
 1.135071e+01  6.661647e-02 
 1.135111e+01  6.633446e-02 
 1.135151e+01  6.602218e-02 
 1.135190e+01  6.567480e-02 
 1.135230e+01  6.528828e-02 
 1.135270e+01  6.486508e-02 
 1.135310e+01  6.440429e-02 
 1.135349e+01  6.391231e-02 
 1.135389e+01  6.339297e-02 
 1.135429e+01  6.285764e-02 
 1.135469e+01  6.229191e-02 
 1.135509e+01  6.168150e-02 
 1.135548e+01  6.103197e-02 
 1.135588e+01  6.036158e-02 
 1.135628e+01  5.965825e-02 
 1.135668e+01  5.893638e-02 
 1.135707e+01  5.817495e-02 
 1.135747e+01  5.739536e-02 
 1.135787e+01  5.657446e-02 
 1.135827e+01  5.574286e-02 
 1.135866e+01  5.490531e-02 
 1.135906e+01  5.403975e-02 
 1.135946e+01  5.315136e-02 
 1.135986e+01  5.223572e-02 
 1.136026e+01  5.130339e-02 
 1.136065e+01  5.032595e-02 
 1.136105e+01  4.935177e-02 
 1.136145e+01  4.834644e-02 
 1.136185e+01  4.731025e-02 
 1.136224e+01  4.624824e-02 
 1.136264e+01  4.517002e-02 
 1.136304e+01  4.408588e-02 
 1.136344e+01  4.299132e-02 
 1.136383e+01  4.188229e-02 
 1.136423e+01  4.078057e-02 
 1.136463e+01  3.964702e-02 
 1.136503e+01  3.850352e-02 
 1.136543e+01  3.733883e-02 
 1.136582e+01  3.617048e-02 
 1.136622e+01  3.498570e-02 
 1.136662e+01  3.379246e-02 
 1.136702e+01  3.259347e-02 
 1.136741e+01  3.137141e-02 
 1.136781e+01  3.015438e-02 
 1.136821e+01  2.895692e-02 
 1.136861e+01  2.774599e-02 
 1.136900e+01  2.652639e-02 
 1.136940e+01  2.532453e-02 
 1.136980e+01  2.411462e-02 
 1.137020e+01  2.289834e-02 
 1.137060e+01  2.169212e-02 
 1.137099e+01  2.049864e-02 
 1.137139e+01  1.928714e-02 
 1.137179e+01  1.808137e-02 
 1.137219e+01  1.687152e-02 
 1.137258e+01  1.565629e-02 
 1.137298e+01  1.446357e-02 
 1.137338e+01  1.328578e-02 
 1.137378e+01  1.211432e-02 
 1.137417e+01  1.094373e-02 
 1.137457e+01  9.784282e-03 
 1.137497e+01  8.614865e-03 
 1.137537e+01  7.460985e-03 
 1.137577e+01  6.316761e-03 
 1.137616e+01  5.153425e-03 
 1.137656e+01  3.999392e-03 
 1.137696e+01  2.860214e-03 
 1.137736e+01  1.717776e-03 
 1.137775e+01  5.872009e-04 
 1.137815e+01 -5.160752e-04 
 1.137855e+01 -1.605025e-03 
 1.137895e+01 -2.699835e-03 
 1.137934e+01 -3.767819e-03 
 1.137974e+01 -4.818890e-03 
 1.138014e+01 -5.872218e-03 
 1.138054e+01 -6.914931e-03 
 1.138094e+01 -7.950478e-03 
 1.138133e+01 -8.998281e-03 
 1.138173e+01 -1.003551e-02 
 1.138213e+01 -1.105966e-02 
 1.138253e+01 -1.205698e-02 
 1.138292e+01 -1.304592e-02 
 1.138332e+01 -1.398923e-02 
 1.138372e+01 -1.491874e-02 
 1.138412e+01 -1.584235e-02 
 1.138451e+01 -1.675182e-02 
 1.138491e+01 -1.762043e-02 
 1.138531e+01 -1.848206e-02 
 1.138571e+01 -1.932393e-02 
 1.138611e+01 -2.015274e-02 
 1.138650e+01 -2.094813e-02 
 1.138690e+01 -2.172167e-02 
 1.138730e+01 -2.245771e-02 
 1.138770e+01 -2.315852e-02 
 1.138809e+01 -2.381769e-02 
 1.138849e+01 -2.445502e-02 
 1.138889e+01 -2.505743e-02 
 1.138929e+01 -2.561365e-02 
 1.138968e+01 -2.615122e-02 
 1.139008e+01 -2.665001e-02 
 1.139048e+01 -2.710672e-02 
 1.139088e+01 -2.755055e-02 
 1.139128e+01 -2.797115e-02 
 1.139167e+01 -2.834913e-02 
 1.139207e+01 -2.868004e-02 
 1.139247e+01 -2.897585e-02 
 1.139287e+01 -2.922708e-02 
 1.139326e+01 -2.943786e-02 
 1.139366e+01 -2.964706e-02 
 1.139406e+01 -2.981367e-02 
 1.139446e+01 -2.994149e-02 
 1.139485e+01 -3.004364e-02 
 1.139525e+01 -3.011778e-02 
 1.139565e+01 -3.015520e-02 
 1.139605e+01 -3.016198e-02 
 1.139645e+01 -3.014707e-02 
 1.139684e+01 -3.008819e-02 
 1.139724e+01 -2.998089e-02 
 1.139764e+01 -2.985167e-02 
 1.139804e+01 -2.968289e-02 
 1.139843e+01 -2.948297e-02 
 1.139883e+01 -2.924169e-02 
 1.139923e+01 -2.898739e-02 
 1.139963e+01 -2.868453e-02 
 1.140002e+01 -2.836267e-02 
 1.140042e+01 -2.801828e-02 
 1.140082e+01 -2.764383e-02 
 1.140122e+01 -2.724397e-02 
 1.140162e+01 -2.682160e-02 
 1.140201e+01 -2.635378e-02 
 1.140241e+01 -2.585281e-02 
 1.140281e+01 -2.532919e-02 
 1.140321e+01 -2.478286e-02 
 1.140360e+01 -2.420753e-02 
 1.140400e+01 -2.360197e-02 
 1.140440e+01 -2.296764e-02 
 1.140480e+01 -2.231746e-02 
 1.140519e+01 -2.163596e-02 
 1.140559e+01 -2.094500e-02 
 1.140599e+01 -2.022390e-02 
 1.140639e+01 -1.947791e-02 
 1.140679e+01 -1.870892e-02 
 1.140718e+01 -1.791307e-02 
 1.140758e+01 -1.708416e-02 
 1.140798e+01 -1.624106e-02 
 1.140838e+01 -1.537251e-02 
 1.140877e+01 -1.448159e-02 
 1.140917e+01 -1.357789e-02 
 1.140957e+01 -1.265929e-02 
 1.140997e+01 -1.173470e-02 
 1.141036e+01 -1.079215e-02 
 1.141076e+01 -9.846787e-03 
 1.141116e+01 -8.873714e-03 
 1.141156e+01 -7.877764e-03 
 1.141196e+01 -6.878609e-03 
 1.141235e+01 -5.856921e-03 
 1.141275e+01 -4.821365e-03 
 1.141315e+01 -3.782132e-03 
 1.141355e+01 -2.729421e-03 
 1.141394e+01 -1.657126e-03 
 1.141434e+01 -5.726446e-04 
 1.141474e+01  5.115433e-04 
 1.141514e+01  1.612635e-03 
 1.141553e+01  2.727247e-03 
 1.141593e+01  3.849853e-03 
 1.141633e+01  5.002859e-03 
 1.141673e+01  6.165153e-03 
 1.141713e+01  7.333354e-03 
 1.141752e+01  8.524111e-03 
 1.141792e+01  9.714782e-03 
 1.141832e+01  1.092406e-02 
 1.141872e+01  1.215151e-02 
 1.141911e+01  1.338584e-02 
 1.141951e+01  1.463028e-02 
 1.141991e+01  1.586641e-02 
 1.142031e+01  1.711254e-02 
 1.142070e+01  1.836712e-02 
 1.142110e+01  1.963528e-02 
 1.142150e+01  2.089590e-02 
 1.142190e+01  2.215978e-02 
 1.142230e+01  2.341633e-02 
 1.142269e+01  2.467465e-02 
 1.142309e+01  2.594318e-02 
 1.142349e+01  2.721360e-02 
 1.142389e+01  2.846966e-02 
 1.142428e+01  2.973277e-02 
 1.142468e+01  3.098262e-02 
 1.142508e+01  3.222806e-02 
 1.142548e+01  3.347331e-02 
 1.142587e+01  3.470695e-02 
 1.142627e+01  3.592963e-02 
 1.142667e+01  3.713463e-02 
 1.142707e+01  3.833536e-02 
 1.142747e+01  3.951074e-02 
 1.142786e+01  4.068011e-02 
 1.142826e+01  4.183345e-02 
 1.142866e+01  4.296356e-02 
 1.142906e+01  4.406363e-02 
 1.142945e+01  4.513801e-02 
 1.142985e+01  4.620084e-02 
 1.143025e+01  4.723232e-02 
 1.143065e+01  4.824719e-02 
 1.143104e+01  4.923512e-02 
 1.143144e+01  5.019407e-02 
 1.143184e+01  5.112846e-02 
 1.143224e+01  5.204055e-02 
 1.143264e+01  5.293350e-02 
 1.143303e+01  5.379518e-02 
 1.143343e+01  5.463973e-02 
 1.143383e+01  5.545501e-02 
 1.143423e+01  5.623949e-02 
 1.143462e+01  5.700478e-02 
 1.143502e+01  5.775436e-02 
 1.143542e+01  5.846686e-02 
 1.143582e+01  5.914078e-02 
 1.143622e+01  5.980101e-02 
 1.143661e+01  6.042855e-02 
 1.143701e+01  6.102077e-02 
 1.143741e+01  6.159853e-02 
 1.143781e+01  6.215528e-02 
 1.143820e+01  6.267556e-02 
 1.143860e+01  6.317174e-02 
 1.143900e+01  6.364520e-02 
 1.143940e+01  6.408971e-02 
 1.143979e+01  6.450145e-02 
 1.144019e+01  6.489335e-02 
 1.144059e+01  6.524543e-02 
 1.144099e+01  6.556397e-02 
 1.144139e+01  6.585269e-02 
 1.144178e+01  6.611765e-02 
 1.144218e+01  6.635667e-02 
 1.144258e+01  6.657834e-02 
 1.144298e+01  6.676823e-02 
 1.144337e+01  6.693098e-02 
 1.144377e+01  6.707417e-02 
 1.144417e+01  6.718844e-02 
 1.144457e+01  6.727173e-02 
 1.144496e+01  6.731243e-02 
 1.144536e+01  6.733944e-02 
 1.144576e+01  6.731841e-02 
 1.144616e+01  6.727072e-02 
 1.144656e+01  6.719770e-02 
 1.144695e+01  6.711462e-02 
 1.144735e+01  6.700075e-02 
 1.144775e+01  6.686675e-02 
 1.144815e+01  6.670183e-02 
 1.144854e+01  6.649609e-02 
 1.144894e+01  6.625764e-02 
 1.144934e+01  6.599567e-02 
 1.144974e+01  6.568535e-02 
 1.145013e+01  6.533768e-02 
 1.145053e+01  6.496360e-02 
 1.145093e+01  6.455769e-02 
 1.145133e+01  6.411627e-02 
 1.145173e+01  6.367160e-02 
 1.145212e+01  6.321130e-02 
 1.145252e+01  6.271310e-02 
 1.145292e+01  6.219591e-02 
 1.145332e+01  6.163768e-02 
 1.145371e+01  6.105576e-02 
 1.145411e+01  6.043939e-02 
 1.145451e+01  5.980822e-02 
 1.145491e+01  5.912559e-02 
 1.145530e+01  5.841552e-02 
 1.145570e+01  5.767564e-02 
 1.145610e+01  5.691751e-02 
 1.145650e+01  5.613579e-02 
 1.145690e+01  5.533379e-02 
 1.145729e+01  5.451746e-02 
 1.145769e+01  5.366184e-02 
 1.145809e+01  5.276776e-02 
 1.145849e+01  5.186416e-02 
 1.145888e+01  5.093033e-02 
 1.145928e+01  4.996825e-02 
 1.145968e+01  4.898172e-02 
 1.146008e+01  4.797126e-02 
 1.146047e+01  4.693219e-02 
 1.146087e+01  4.586503e-02 
 1.146127e+01  4.479848e-02 
 1.146167e+01  4.372103e-02 
 1.146207e+01  4.261196e-02 
 1.146246e+01  4.149724e-02 
 1.146286e+01  4.036520e-02 
 1.146326e+01  3.921287e-02 
 1.146366e+01  3.804014e-02 
 1.146405e+01  3.686979e-02 
 1.146445e+01  3.568578e-02 
 1.146485e+01  3.447947e-02 
 1.146525e+01  3.325227e-02 
 1.146564e+01  3.202296e-02 
 1.146604e+01  3.080255e-02 
 1.146644e+01  2.957971e-02 
 1.146684e+01  2.835705e-02 
 1.146724e+01  2.712328e-02 
 1.146763e+01  2.587324e-02 
 1.146803e+01  2.462952e-02 
 1.146843e+01  2.337572e-02 
 1.146883e+01  2.212903e-02 
 1.146922e+01  2.087170e-02 
 1.146962e+01  1.960845e-02 
 1.147002e+01  1.833923e-02 
 1.147042e+01  1.707678e-02 
 1.147081e+01  1.583122e-02 
 1.147121e+01  1.460295e-02 
 1.147161e+01  1.337988e-02 
 1.147201e+01  1.215405e-02 
 1.147241e+01  1.092575e-02 
 1.147280e+01  9.719139e-03 
 1.147320e+01  8.516784e-03 
 1.147360e+01  7.324316e-03 
 1.147400e+01  6.141523e-03 
 1.147439e+01  4.962832e-03 
 1.147479e+01  3.787802e-03 
 1.147519e+01  2.633159e-03 
 1.147559e+01  1.505231e-03 
 1.147598e+01  3.856308e-04 
 1.147638e+01 -7.113160e-04 
 1.147678e+01 -1.803311e-03 
 1.147718e+01 -2.882637e-03 
 1.147758e+01 -3.963967e-03 
 1.147797e+01 -5.011960e-03 
 1.147837e+01 -6.043822e-03 
 1.147877e+01 -7.075691e-03 
 1.147917e+01 -8.099099e-03 
 1.147956e+01 -9.093075e-03 
 1.147996e+01 -1.007548e-02 
 1.148036e+01 -1.104398e-02 
 1.148076e+01 -1.197171e-02 
 1.148115e+01 -1.288624e-02 
 1.148155e+01 -1.378172e-02 
 1.148195e+01 -1.466872e-02 
 1.148235e+01 -1.553054e-02 
 1.148275e+01 -1.638308e-02 
 1.148314e+01 -1.721204e-02 
 1.148354e+01 -1.800721e-02 
 1.148394e+01 -1.879603e-02 
 1.148434e+01 -1.957463e-02 
 1.148473e+01 -2.030346e-02 
 1.148513e+01 -2.101703e-02 
 1.148553e+01 -2.171037e-02 
 1.148593e+01 -2.237316e-02 
 1.148632e+01 -2.299675e-02 
 1.148672e+01 -2.361398e-02 
 1.148712e+01 -2.420977e-02 
 1.148752e+01 -2.477259e-02 
 1.148792e+01 -2.532551e-02 
 1.148831e+01 -2.584994e-02 
 1.148871e+01 -2.634692e-02 
 1.148911e+01 -2.683075e-02 
 1.148951e+01 -2.728834e-02 
 1.148990e+01 -2.771051e-02 
 1.149030e+01 -2.809147e-02 
 1.149070e+01 -2.845224e-02 
 1.149110e+01 -2.877121e-02 
 1.149149e+01 -2.906744e-02 
 1.149189e+01 -2.933329e-02 
 1.149229e+01 -2.956952e-02 
 1.149269e+01 -2.976718e-02 
 1.149309e+01 -2.992828e-02 
 1.149348e+01 -3.006287e-02 
 1.149388e+01 -3.015166e-02 
 1.149428e+01 -3.021824e-02 
 1.149468e+01 -3.024562e-02 
 1.149507e+01 -3.023084e-02 
 1.149547e+01 -3.016913e-02 
 1.149587e+01 -3.008730e-02 
 1.149627e+01 -2.996883e-02 
 1.149666e+01 -2.981017e-02 
 1.149706e+01 -2.962158e-02 
 1.149746e+01 -2.941280e-02 
 1.149786e+01 -2.916631e-02 
 1.149826e+01 -2.888661e-02 
 1.149865e+01 -2.857802e-02 
 1.149905e+01 -2.823845e-02 
 1.149945e+01 -2.784533e-02 
 1.149985e+01 -2.742442e-02 
 1.150024e+01 -2.695772e-02 
 1.150064e+01 -2.645426e-02 
 1.150104e+01 -2.593906e-02 
 1.150144e+01 -2.539943e-02 
 1.150183e+01 -2.481064e-02 
 1.150223e+01 -2.419039e-02 
 1.150263e+01 -2.355656e-02 
 1.150303e+01 -2.289065e-02 
 1.150343e+01 -2.218734e-02 
 1.150382e+01 -2.147144e-02 
 1.150422e+01 -2.072425e-02 
 1.150462e+01 -1.994068e-02 
 1.150502e+01 -1.913807e-02 
 1.150541e+01 -1.832041e-02 
 1.150581e+01 -1.746731e-02 
 1.150621e+01 -1.660606e-02 
 1.150661e+01 -1.572458e-02 
 1.150700e+01 -1.483103e-02 
 1.150740e+01 -1.390037e-02 
 1.150780e+01 -1.297309e-02 
 1.150820e+01 -1.203738e-02 
 1.150860e+01 -1.106173e-02 
 1.150899e+01 -1.007358e-02 
 1.150939e+01 -9.070609e-03 
 1.150979e+01 -8.042661e-03 
 1.151019e+01 -7.004345e-03 
 1.151058e+01 -5.959577e-03 
 1.151098e+01 -4.906077e-03 
 1.151138e+01 -3.829552e-03 
 1.151178e+01 -2.735360e-03 
 1.151217e+01 -1.635249e-03 
 1.151257e+01 -5.160594e-04 
 1.151297e+01  6.027835e-04 
 1.151337e+01  1.723994e-03 
 1.151377e+01  2.872031e-03 
 1.151416e+01  4.036335e-03 
 1.151456e+01  5.206357e-03 
 1.151496e+01  6.379716e-03 
 1.151536e+01  7.568186e-03 
 1.151575e+01  8.757501e-03 
 1.151615e+01  9.950312e-03 
 1.151655e+01  1.114686e-02 
 1.151695e+01  1.233909e-02 
 1.151734e+01  1.352944e-02 
 1.151774e+01  1.471810e-02 
 1.151814e+01  1.590497e-02 
 1.151854e+01  1.709917e-02 
 1.151894e+01  1.830580e-02 
 1.151933e+01  1.951566e-02 
 1.151973e+01  2.072818e-02 
 1.152013e+01  2.193459e-02 
 1.152053e+01  2.315004e-02 
 1.152092e+01  2.436785e-02 
 1.152132e+01  2.558355e-02 
 1.152172e+01  2.679825e-02 
 1.152212e+01  2.799698e-02 
 1.152251e+01  2.919188e-02 
 1.152291e+01  3.038884e-02 
 1.152331e+01  3.156373e-02 
 1.152371e+01  3.274364e-02 
 1.152411e+01  3.392432e-02 
 1.152450e+01  3.510446e-02 
 1.152490e+01  3.626838e-02 
 1.152530e+01  3.742760e-02 
 1.152570e+01  3.857482e-02 
 1.152609e+01  3.971488e-02 
 1.152649e+01  4.083289e-02 
 1.152689e+01  4.195098e-02 
 1.152729e+01  4.303830e-02 
 1.152769e+01  4.412698e-02 
 1.152808e+01  4.520331e-02 
 1.152848e+01  4.626684e-02 
 1.152888e+01  4.731897e-02 
 1.152928e+01  4.835598e-02 
 1.152967e+01  4.938028e-02 
 1.153007e+01  5.037013e-02 
 1.153047e+01  5.135604e-02 
 1.153087e+01  5.231978e-02 
 1.153126e+01  5.326624e-02 
 1.153166e+01  5.418243e-02 
 1.153206e+01  5.507014e-02 
 1.153246e+01  5.594226e-02 
 1.153286e+01  5.678539e-02 
 1.153325e+01  5.759341e-02 
 1.153365e+01  5.837125e-02 
 1.153405e+01  5.912594e-02 
 1.153445e+01  5.983921e-02 
 1.153484e+01  6.053268e-02 
 1.153524e+01  6.119617e-02 
 1.153564e+01  6.182259e-02 
 1.153604e+01  6.242054e-02 
 1.153643e+01  6.298698e-02 
 1.153683e+01  6.350924e-02 
 1.153723e+01  6.399608e-02 
 1.153763e+01  6.445836e-02 
 1.153803e+01  6.488956e-02 
 1.153842e+01  6.527416e-02 
 1.153882e+01  6.563380e-02 
 1.153922e+01  6.595606e-02 
 1.153962e+01  6.625572e-02 
 1.154001e+01  6.653147e-02 
 1.154041e+01  6.678136e-02 
 1.154081e+01  6.699969e-02 
 1.154121e+01  6.718410e-02 
 1.154160e+01  6.733886e-02 
 1.154200e+01  6.744595e-02 
 1.154240e+01  6.753179e-02 
 1.154280e+01  6.757871e-02 
 1.154320e+01  6.759099e-02 
 1.154359e+01  6.758134e-02 
 1.154399e+01  6.754057e-02 
 1.154439e+01  6.747111e-02 
 1.154479e+01  6.738244e-02 
 1.154518e+01  6.727074e-02 
 1.154558e+01  6.712035e-02 
 1.154598e+01  6.693210e-02 
 1.154638e+01  6.671191e-02 
 1.154677e+01  6.647287e-02 
 1.154717e+01  6.618887e-02 
 1.154757e+01  6.589670e-02 
 1.154797e+01  6.557750e-02 
 1.154837e+01  6.522613e-02 
 1.154876e+01  6.483181e-02 
 1.154916e+01  6.443178e-02 
 1.154956e+01  6.399930e-02 
 1.154996e+01  6.355122e-02 
 1.155035e+01  6.307869e-02 
 1.155075e+01  6.257355e-02 
 1.155115e+01  6.202317e-02 
 1.155155e+01  6.146120e-02 
 1.155194e+01  6.086966e-02 
 1.155234e+01  6.023443e-02 
 1.155274e+01  5.958142e-02 
 1.155314e+01  5.889944e-02 
 1.155354e+01  5.819388e-02 
 1.155393e+01  5.746527e-02 
 1.155433e+01  5.672939e-02 
 1.155473e+01  5.597367e-02 
 1.155513e+01  5.519513e-02 
 1.155552e+01  5.438337e-02 
 1.155592e+01  5.355040e-02 
 1.155632e+01  5.268573e-02 
 1.155672e+01  5.180421e-02 
 1.155711e+01  5.090284e-02 
 1.155751e+01  4.997286e-02 
 1.155791e+01  4.901828e-02 
 1.155831e+01  4.803747e-02 
 1.155871e+01  4.705771e-02 
 1.155910e+01  4.606397e-02 
 1.155950e+01  4.505967e-02 
 1.155990e+01  4.405859e-02 
 1.156030e+01  4.302644e-02 
 1.156069e+01  4.197432e-02 
 1.156109e+01  4.088755e-02 
 1.156149e+01  3.978657e-02 
 1.156189e+01  3.865945e-02 
 1.156228e+01  3.752114e-02 
 1.156268e+01  3.635585e-02 
 1.156308e+01  3.518054e-02 
 1.156348e+01  3.400584e-02 
 1.156388e+01  3.282104e-02 
 1.156427e+01  3.163357e-02 
 1.156467e+01  3.043680e-02 
 1.156507e+01  2.921877e-02 
 1.156547e+01  2.796954e-02 
 1.156586e+01  2.671480e-02 
 1.156626e+01  2.544638e-02 
 1.156666e+01  2.416701e-02 
 1.156706e+01  2.289172e-02 
 1.156745e+01  2.160542e-02 
 1.156785e+01  2.031643e-02 
 1.156825e+01  1.902735e-02 
 1.156865e+01  1.775835e-02 
 1.156905e+01  1.650562e-02 
 1.156944e+01  1.524616e-02 
 1.156984e+01  1.400069e-02 
 1.157024e+01  1.274066e-02 
 1.157064e+01  1.148003e-02 
 1.157103e+01  1.021109e-02 
 1.157143e+01  8.962983e-03 
 1.157183e+01  7.716535e-03 
 1.157223e+01  6.474888e-03 
 1.157262e+01  5.253811e-03 
 1.157302e+01  4.039261e-03 
 1.157342e+01  2.848589e-03 
 1.157382e+01  1.678353e-03 
 1.157422e+01  5.368682e-04 
 1.157461e+01 -6.158577e-04 
 1.157501e+01 -1.754647e-03 
 1.157541e+01 -2.881006e-03 
 1.157581e+01 -3.980713e-03 
 1.157620e+01 -5.070737e-03 
 1.157660e+01 -6.138388e-03 
 1.157700e+01 -7.188835e-03 
 1.157740e+01 -8.240082e-03 
 1.157779e+01 -9.256282e-03 
 1.157819e+01 -1.024433e-02 
 1.157859e+01 -1.120271e-02 
 1.157899e+01 -1.213780e-02 
 1.157939e+01 -1.303748e-02 
 1.157978e+01 -1.394038e-02 
 1.158018e+01 -1.482475e-02 
 1.158058e+01 -1.568781e-02 
 1.158098e+01 -1.653019e-02 
 1.158137e+01 -1.735598e-02 
 1.158177e+01 -1.815967e-02 
 1.158217e+01 -1.893580e-02 
 1.158257e+01 -1.968981e-02 
 1.158296e+01 -2.040108e-02 
 1.158336e+01 -2.108101e-02 
 1.158376e+01 -2.173564e-02 
 1.158416e+01 -2.237060e-02 
 1.158456e+01 -2.298832e-02 
 1.158495e+01 -2.359482e-02 
 1.158535e+01 -2.418283e-02 
 1.158575e+01 -2.473587e-02 
 1.158615e+01 -2.526731e-02 
 1.158654e+01 -2.578522e-02 
 1.158694e+01 -2.626156e-02 
 1.158734e+01 -2.670660e-02 
 1.158774e+01 -2.712191e-02 
 1.158813e+01 -2.747910e-02 
 1.158853e+01 -2.780357e-02 
 1.158893e+01 -2.810167e-02 
 1.158933e+01 -2.838616e-02 
 1.158973e+01 -2.863980e-02 
 1.159012e+01 -2.887868e-02 
 1.159052e+01 -2.910003e-02 
 1.159092e+01 -2.927355e-02 
 1.159132e+01 -2.943105e-02 
 1.159171e+01 -2.956025e-02 
 1.159211e+01 -2.965138e-02 
 1.159251e+01 -2.971056e-02 
 1.159291e+01 -2.974006e-02 
 1.159330e+01 -2.973298e-02 
 1.159370e+01 -2.970464e-02 
 1.159410e+01 -2.965016e-02 
 1.159450e+01 -2.958045e-02 
 1.159490e+01 -2.946472e-02 
 1.159529e+01 -2.932158e-02 
 1.159569e+01 -2.915666e-02 
 1.159609e+01 -2.895501e-02 
 1.159649e+01 -2.872986e-02 
 1.159688e+01 -2.846244e-02 
 1.159728e+01 -2.817450e-02 
 1.159768e+01 -2.783412e-02 
 1.159808e+01 -2.744959e-02 
 1.159847e+01 -2.704375e-02 
 1.159887e+01 -2.660833e-02 
 1.159927e+01 -2.613627e-02 
 1.159967e+01 -2.563676e-02 
 1.160007e+01 -2.511387e-02 
 1.160046e+01 -2.455103e-02 
 1.160086e+01 -2.397191e-02 
 1.160126e+01 -2.336370e-02 
 1.160166e+01 -2.272502e-02 
 1.160205e+01 -2.203907e-02 
 1.160245e+01 -2.133890e-02 
 1.160285e+01 -2.059979e-02 
 1.160325e+01 -1.982316e-02 
 1.160364e+01 -1.902979e-02 
 1.160404e+01 -1.820719e-02 
 1.160444e+01 -1.735529e-02 
 1.160484e+01 -1.647381e-02 
 1.160524e+01 -1.558537e-02 
 1.160563e+01 -1.466217e-02 
 1.160603e+01 -1.373175e-02 
 1.160643e+01 -1.277431e-02 
 1.160683e+01 -1.178933e-02 
 1.160722e+01 -1.077245e-02 
 1.160762e+01 -9.736155e-03 
 1.160802e+01 -8.671227e-03 
 1.160842e+01 -7.586400e-03 
 1.160881e+01 -6.497456e-03 
 1.160921e+01 -5.389535e-03 
 1.160961e+01 -4.263438e-03 
 1.161001e+01 -3.130934e-03 
 1.161041e+01 -1.993949e-03 
 1.161080e+01 -8.474315e-04 
 1.161120e+01  3.044141e-04 
 1.161160e+01  1.460716e-03 
 1.161200e+01  2.639976e-03 
 1.161239e+01  3.826187e-03 
 1.161279e+01  5.014401e-03 
 1.161319e+01  6.203233e-03 
 1.161359e+01  7.414765e-03 
 1.161398e+01  8.613918e-03 
 1.161438e+01  9.828548e-03 
 1.161478e+01  1.104910e-02 
 1.161518e+01  1.226510e-02 
 1.161558e+01  1.347463e-02 
 1.161597e+01  1.469942e-02 
 1.161637e+01  1.591293e-02 
 1.161677e+01  1.712953e-02 
 1.161717e+01  1.836457e-02 
 1.161756e+01  1.959437e-02 
 1.161796e+01  2.080990e-02 
 1.161836e+01  2.203271e-02 
 1.161876e+01  2.325471e-02 
 1.161916e+01  2.446500e-02 
 1.161955e+01  2.566799e-02 
 1.161995e+01  2.686479e-02 
 1.162035e+01  2.805807e-02 
 1.162075e+01  2.922715e-02 
 1.162114e+01  3.040151e-02 
 1.162154e+01  3.156557e-02 
 1.162194e+01  3.272941e-02 
 1.162234e+01  3.387653e-02 
 1.162273e+01  3.502189e-02 
 1.162313e+01  3.615398e-02 
 1.162353e+01  3.727756e-02 
 1.162393e+01  3.840327e-02 
 1.162433e+01  3.951457e-02 
 1.162472e+01  4.060040e-02 
 1.162512e+01  4.167850e-02 
 1.162552e+01  4.273163e-02 
 1.162592e+01  4.378770e-02 
 1.162631e+01  4.481161e-02 
 1.162671e+01  4.584373e-02 
 1.162711e+01  4.685762e-02 
 1.162751e+01  4.785482e-02 
 1.162790e+01  4.885152e-02 
 1.162830e+01  4.981849e-02 
 1.162870e+01  5.077952e-02 
 1.162910e+01  5.171835e-02 
 1.162950e+01  5.262796e-02 
 1.162989e+01  5.350717e-02 
 1.163029e+01  5.437222e-02 
 1.163069e+01  5.522086e-02 
 1.163109e+01  5.604417e-02 
 1.163148e+01  5.685578e-02 
 1.163188e+01  5.762988e-02 
 1.163228e+01  5.839084e-02 
 1.163268e+01  5.913031e-02 
 1.163307e+01  5.985197e-02 
 1.163347e+01  6.054690e-02 
 1.163387e+01  6.122300e-02 
 1.163427e+01  6.185716e-02 
 1.163467e+01  6.246623e-02 
 1.163506e+01  6.303623e-02 
 1.163546e+01  6.357987e-02 
 1.163586e+01  6.410914e-02 
 1.163626e+01  6.460029e-02 
 1.163665e+01  6.506702e-02 
 1.163705e+01  6.549640e-02 
 1.163745e+01  6.590637e-02 
 1.163785e+01  6.626925e-02 
 1.163824e+01  6.662364e-02 
 1.163864e+01  6.691800e-02 
 1.163904e+01  6.717550e-02 
 1.163944e+01  6.740126e-02 
 1.163984e+01  6.758156e-02 
 1.164023e+01  6.772803e-02 
 1.164063e+01  6.783219e-02 
 1.164103e+01  6.792143e-02 
 1.164143e+01  6.795674e-02 
 1.164182e+01  6.795196e-02 
 1.164222e+01  6.792927e-02 
 1.164262e+01  6.788794e-02 
 1.164302e+01  6.781281e-02 
 1.164341e+01  6.770506e-02 
 1.164381e+01  6.756650e-02 
 1.164421e+01  6.738355e-02 
 1.164461e+01  6.715889e-02 
 1.164501e+01  6.691271e-02 
 1.164540e+01  6.663768e-02 
 1.164580e+01  6.631609e-02 
 1.164620e+01  6.598368e-02 
 1.164660e+01  6.561209e-02 
 1.164699e+01  6.520910e-02 
 1.164739e+01  6.478510e-02 
 1.164779e+01  6.435019e-02 
 1.164819e+01  6.387173e-02 
 1.164858e+01  6.336304e-02 
 1.164898e+01  6.282601e-02 
 1.164938e+01  6.225565e-02 
 1.164978e+01  6.165750e-02 
 1.165018e+01  6.104630e-02 
 1.165057e+01  6.039244e-02 
 1.165097e+01  5.971521e-02 
 1.165137e+01  5.902509e-02 
 1.165177e+01  5.831146e-02 
 1.165216e+01  5.758234e-02 
 1.165256e+01  5.683189e-02 
 1.165296e+01  5.607053e-02 
 1.165336e+01  5.526027e-02 
 1.165375e+01  5.443070e-02 
 1.165415e+01  5.357563e-02 
 1.165455e+01  5.268583e-02 
 1.165495e+01  5.179639e-02 
 1.165535e+01  5.087787e-02 
 1.165574e+01  4.993445e-02 
 1.165614e+01  4.898811e-02 
 1.165654e+01  4.803291e-02 
 1.165694e+01  4.705483e-02 
 1.165733e+01  4.605417e-02 
 1.165773e+01  4.506190e-02 
 1.165813e+01  4.402752e-02 
 1.165853e+01  4.296239e-02 
 1.165892e+01  4.188561e-02 
 1.165932e+01  4.078927e-02 
 1.165972e+01  3.967446e-02 
 1.166012e+01  3.855109e-02 
 1.166052e+01  3.742219e-02 
 1.166091e+01  3.627149e-02 
 1.166131e+01  3.512074e-02 
 1.166171e+01  3.397497e-02 
 1.166211e+01  3.281613e-02 
 1.166250e+01  3.164628e-02 
 1.166290e+01  3.046203e-02 
 1.166330e+01  2.926999e-02 
 1.166370e+01  2.806540e-02 
 1.166409e+01  2.685344e-02 
 1.166449e+01  2.564638e-02 
 1.166489e+01  2.443047e-02 
 1.166529e+01  2.321465e-02 
 1.166569e+01  2.199418e-02 
 1.166608e+01  2.077184e-02 
 1.166648e+01  1.955706e-02 
 1.166688e+01  1.834215e-02 
 1.166728e+01  1.712962e-02 
 1.166767e+01  1.591413e-02 
 1.166807e+01  1.467517e-02 
 1.166847e+01  1.344513e-02 
 1.166887e+01  1.220907e-02 
 1.166926e+01  1.096867e-02 
 1.166966e+01  9.738321e-03 
 1.167006e+01  8.513018e-03 
 1.167046e+01  7.289127e-03 
 1.167086e+01  6.062924e-03 
 1.167125e+01  4.871242e-03 
 1.167165e+01  3.680524e-03 
 1.167205e+01  2.507045e-03 
 1.167245e+01  1.336283e-03 
 1.167284e+01  1.668486e-04 
 1.167324e+01 -1.012338e-03 
 1.167364e+01 -2.171633e-03 
 1.167404e+01 -3.315126e-03 
 1.167443e+01 -4.454300e-03 
 1.167483e+01 -5.579898e-03 
 1.167523e+01 -6.676734e-03 
 1.167563e+01 -7.759815e-03 
 1.167603e+01 -8.823912e-03 
 1.167642e+01 -9.842546e-03 
 1.167682e+01 -1.084255e-02 
 1.167722e+01 -1.182588e-02 
 1.167762e+01 -1.280991e-02 
 1.167801e+01 -1.378333e-02 
 1.167841e+01 -1.473575e-02 
 1.167881e+01 -1.566112e-02 
 1.167921e+01 -1.655747e-02 
 1.167960e+01 -1.743254e-02 
 1.168000e+01 -1.828247e-02 
 1.168040e+01 -1.909208e-02 
 1.168080e+01 -1.987737e-02 
 1.168120e+01 -2.062090e-02 
 1.168159e+01 -2.132421e-02 
 1.168199e+01 -2.200555e-02 
 1.168239e+01 -2.267282e-02 
 1.168279e+01 -2.331137e-02 
 1.168318e+01 -2.391339e-02 
 1.168358e+01 -2.449563e-02 
 1.168398e+01 -2.502471e-02 
 1.168438e+01 -2.552493e-02 
 1.168477e+01 -2.600129e-02 
 1.168517e+01 -2.645107e-02 
 1.168557e+01 -2.684830e-02 
 1.168597e+01 -2.721436e-02 
 1.168637e+01 -2.755848e-02 
 1.168676e+01 -2.787701e-02 
 1.168716e+01 -2.816825e-02 
 1.168756e+01 -2.845670e-02 
 1.168796e+01 -2.871058e-02 
 1.168835e+01 -2.892573e-02 
 1.168875e+01 -2.911545e-02 
 1.168915e+01 -2.928309e-02 
 1.168955e+01 -2.940764e-02 
 1.168994e+01 -2.951422e-02 
 1.169034e+01 -2.958807e-02 
 1.169074e+01 -2.961504e-02 
 1.169114e+01 -2.961277e-02 
 1.169154e+01 -2.960361e-02 
 1.169193e+01 -2.956460e-02 
 1.169233e+01 -2.948778e-02 
 1.169273e+01 -2.940311e-02 
 1.169313e+01 -2.927861e-02 
 1.169352e+01 -2.911470e-02 
 1.169392e+01 -2.893193e-02 
 1.169432e+01 -2.871879e-02 
 1.169472e+01 -2.845927e-02 
 1.169511e+01 -2.817319e-02 
 1.169551e+01 -2.785493e-02 
 1.169591e+01 -2.749706e-02 
 1.169631e+01 -2.711821e-02 
 1.169671e+01 -2.672644e-02 
 1.169710e+01 -2.630512e-02 
 1.169750e+01 -2.585970e-02 
 1.169790e+01 -2.538672e-02 
 1.169830e+01 -2.487654e-02 
 1.169869e+01 -2.434655e-02 
 1.169909e+01 -2.377921e-02 
 1.169949e+01 -2.317907e-02 
 1.169989e+01 -2.255075e-02 
 1.170028e+01 -2.188891e-02 
 1.170068e+01 -2.120492e-02 
 1.170108e+01 -2.049099e-02 
 1.170148e+01 -1.975365e-02 
 1.170188e+01 -1.900790e-02 
 1.170227e+01 -1.823419e-02 
 1.170267e+01 -1.743364e-02 
 1.170307e+01 -1.660332e-02 
 1.170347e+01 -1.574486e-02 
 1.170386e+01 -1.486570e-02 
 1.170426e+01 -1.395093e-02 
 1.170466e+01 -1.302073e-02 
 1.170506e+01 -1.206623e-02 
 1.170545e+01 -1.108951e-02 
 1.170585e+01 -1.009289e-02 
 1.170625e+01 -9.089744e-03 
 1.170665e+01 -8.078452e-03 
 1.170705e+01 -7.056180e-03 
 1.170744e+01 -6.016143e-03 
 1.170784e+01 -4.953935e-03 
 1.170824e+01 -3.865057e-03 
 1.170864e+01 -2.771467e-03 
 1.170903e+01 -1.655642e-03 
 1.170943e+01 -5.164985e-04 
 1.170983e+01  6.308346e-04 
 1.171023e+01  1.795282e-03 
 1.171062e+01  2.984022e-03 
 1.171102e+01  4.180613e-03 
 1.171142e+01  5.383307e-03 
 1.171182e+01  6.609008e-03 
 1.171222e+01  7.843577e-03 
 1.171261e+01  9.077247e-03 
 1.171301e+01  1.031783e-02 
 1.171341e+01  1.158444e-02 
 1.171381e+01  1.283714e-02 
 1.171420e+01  1.409215e-02 
 1.171460e+01  1.536547e-02 
 1.171500e+01  1.663752e-02 
 1.171540e+01  1.790763e-02 
 1.171580e+01  1.918657e-02 
 1.171619e+01  2.044685e-02 
 1.171659e+01  2.171094e-02 
 1.171699e+01  2.296697e-02 
 1.171739e+01  2.421899e-02 
 1.171778e+01  2.545883e-02 
 1.171818e+01  2.669850e-02 
 1.171858e+01  2.792493e-02 
 1.171898e+01  2.914356e-02 
 1.171937e+01  3.036879e-02 
 1.171977e+01  3.158074e-02 
 1.172017e+01  3.278428e-02 
 1.172057e+01  3.397095e-02 
 1.172097e+01  3.514423e-02 
 1.172136e+01  3.629922e-02 
 1.172176e+01  3.744148e-02 
 1.172216e+01  3.856843e-02 
 1.172256e+01  3.966931e-02 
 1.172295e+01  4.074674e-02 
 1.172335e+01  4.181565e-02 
 1.172375e+01  4.287452e-02 
 1.172415e+01  4.392933e-02 
 1.172454e+01  4.496217e-02 
 1.172494e+01  4.598198e-02 
 1.172534e+01  4.697554e-02 
 1.172574e+01  4.793895e-02 
 1.172614e+01  4.888446e-02 
 1.172653e+01  4.981327e-02 
 1.172693e+01  5.072505e-02 
 1.172733e+01  5.160291e-02 
 1.172773e+01  5.245735e-02 
 1.172812e+01  5.329988e-02 
 1.172852e+01  5.412261e-02 
 1.172892e+01  5.495073e-02 
 1.172932e+01  5.573867e-02 
 1.172971e+01  5.651573e-02 
 1.173011e+01  5.727084e-02 
 1.173051e+01  5.800413e-02 
 1.173091e+01  5.871572e-02 
 1.173131e+01  5.940952e-02 
 1.173170e+01  6.007928e-02 
 1.173210e+01  6.071706e-02 
 1.173250e+01  6.132515e-02 
 1.173290e+01  6.191356e-02 
 1.173329e+01  6.247526e-02 
 1.173369e+01  6.302194e-02 
 1.173409e+01  6.355138e-02 
 1.173449e+01  6.405117e-02 
 1.173488e+01  6.451389e-02 
 1.173528e+01  6.494411e-02 
 1.173568e+01  6.535547e-02 
 1.173608e+01  6.572886e-02 
 1.173648e+01  6.607648e-02 
 1.173687e+01  6.638646e-02 
 1.173727e+01  6.666807e-02 
 1.173767e+01  6.691609e-02 
 1.173807e+01  6.713538e-02 
 1.173846e+01  6.733672e-02 
 1.173886e+01  6.750803e-02 
 1.173926e+01  6.764830e-02 
 1.173966e+01  6.775652e-02 
 1.174005e+01  6.783877e-02 
 1.174045e+01  6.788969e-02 
 1.174085e+01  6.790524e-02 
 1.174125e+01  6.788317e-02 
 1.174165e+01  6.781778e-02 
 1.174204e+01  6.770378e-02 
 1.174244e+01  6.755479e-02 
 1.174284e+01  6.737211e-02 
 1.174324e+01  6.716659e-02 
 1.174363e+01  6.693185e-02 
 1.174403e+01  6.666453e-02 
 1.174443e+01  6.637458e-02 
 1.174483e+01  6.603711e-02 
 1.174522e+01  6.567094e-02 
 1.174562e+01  6.527644e-02 
 1.174602e+01  6.484267e-02 
 1.174642e+01  6.437435e-02 
 1.174682e+01  6.384693e-02 
 1.174721e+01  6.330251e-02 
 1.174761e+01  6.272504e-02 
 1.174801e+01  6.212247e-02 
 1.174841e+01  6.149233e-02 
 1.174880e+01  6.083925e-02 
 1.174920e+01  6.016847e-02 
 1.174960e+01  5.948013e-02 
 1.175000e+01  5.877213e-02 
 1.175039e+01  5.802916e-02 
 1.175079e+01  5.726203e-02 
 1.175119e+01  5.646886e-02 
 1.175159e+01  5.563099e-02 
 1.175199e+01  5.476145e-02 
 1.175238e+01  5.388440e-02 
 1.175278e+01  5.299180e-02 
 1.175318e+01  5.207843e-02 
 1.175358e+01  5.115096e-02 
 1.175397e+01  5.021282e-02 
 1.175437e+01  4.924780e-02 
 1.175477e+01  4.826294e-02 
 1.175517e+01  4.727451e-02 
 1.175556e+01  4.625899e-02 
 1.175596e+01  4.522011e-02 
 1.175636e+01  4.416587e-02 
 1.175676e+01  4.308858e-02 
 1.175716e+01  4.199297e-02 
 1.175755e+01  4.089848e-02 
 1.175795e+01  3.979839e-02 
 1.175835e+01  3.867332e-02 
 1.175875e+01  3.755188e-02 
 1.175914e+01  3.643786e-02 
 1.175954e+01  3.530901e-02 
 1.175994e+01  3.417389e-02 
 1.176034e+01  3.302448e-02 
 1.176073e+01  3.186027e-02 
 1.176113e+01  3.066479e-02 
 1.176153e+01  2.946130e-02 
 1.176193e+01  2.824888e-02 
 1.176233e+01  2.703665e-02 
 1.176272e+01  2.582835e-02 
 1.176312e+01  2.462325e-02 
 1.176352e+01  2.341122e-02 
 1.176392e+01  2.218705e-02 
 1.176431e+01  2.096702e-02 
 1.176471e+01  1.976075e-02 
 1.176511e+01  1.854677e-02 
 1.176551e+01  1.731738e-02 
 1.176590e+01  1.607276e-02 
 1.176630e+01  1.482642e-02 
 1.176670e+01  1.358918e-02 
 1.176710e+01  1.235141e-02 
 1.176750e+01  1.112891e-02 
 1.176789e+01  9.918849e-03 
 1.176829e+01  8.720701e-03 
 1.176869e+01  7.526772e-03 
 1.176909e+01  6.347001e-03 
 1.176948e+01  5.186735e-03 
 1.176988e+01  4.028761e-03 
 1.177028e+01  2.865654e-03 
 1.177068e+01  1.692875e-03 
 1.177107e+01  5.296880e-04 
 1.177147e+01 -6.165123e-04 
 1.177187e+01 -1.742036e-03 
 1.177227e+01 -2.840024e-03 
 1.177267e+01 -3.932491e-03 
 1.177306e+01 -5.010519e-03 
 1.177346e+01 -6.072749e-03 
 1.177386e+01 -7.123533e-03 
 1.177426e+01 -8.153641e-03 
 1.177465e+01 -9.169971e-03 
 1.177505e+01 -1.018424e-02 
 1.177545e+01 -1.119574e-02 
 1.177585e+01 -1.220091e-02 
 1.177624e+01 -1.317233e-02 
 1.177664e+01 -1.413048e-02 
 1.177704e+01 -1.506408e-02 
 1.177744e+01 -1.596703e-02 
 1.177784e+01 -1.684364e-02 
 1.177823e+01 -1.769405e-02 
 1.177863e+01 -1.851106e-02 
 1.177903e+01 -1.930353e-02 
 1.177943e+01 -2.007856e-02 
 1.177982e+01 -2.082533e-02 
 1.178022e+01 -2.155158e-02 
 1.178062e+01 -2.227273e-02 
 1.178102e+01 -2.297115e-02 
 1.178141e+01 -2.362505e-02 
 1.178181e+01 -2.424827e-02 
 1.178221e+01 -2.484744e-02 
 1.178261e+01 -2.541127e-02 
 1.178301e+01 -2.594515e-02 
 1.178340e+01 -2.645262e-02 
 1.178380e+01 -2.690924e-02 
 1.178420e+01 -2.733239e-02 
 1.178460e+01 -2.773461e-02 
 1.178499e+01 -2.811244e-02 
 1.178539e+01 -2.845476e-02 
 1.178579e+01 -2.877452e-02 
 1.178619e+01 -2.906764e-02 
 1.178658e+01 -2.930274e-02 
 1.178698e+01 -2.950518e-02 
 1.178738e+01 -2.967420e-02 
 1.178778e+01 -2.979960e-02 
 1.178818e+01 -2.988186e-02 
 1.178857e+01 -2.992439e-02 
 1.178897e+01 -2.992919e-02 
 1.178937e+01 -2.991119e-02 
 1.178977e+01 -2.987658e-02 
 1.179016e+01 -2.982500e-02 
 1.179056e+01 -2.974777e-02 
 1.179096e+01 -2.963224e-02 
 1.179136e+01 -2.948412e-02 
 1.179175e+01 -2.928807e-02 
 1.179215e+01 -2.907007e-02 
 1.179255e+01 -2.882197e-02 
 1.179295e+01 -2.854102e-02 
 1.179335e+01 -2.821606e-02 
 1.179374e+01 -2.787712e-02 
 1.179414e+01 -2.751117e-02 
 1.179454e+01 -2.713167e-02 
 1.179494e+01 -2.673698e-02 
 1.179533e+01 -2.631938e-02 
 1.179573e+01 -2.586803e-02 
 1.179613e+01 -2.538529e-02 
 1.179653e+01 -2.487641e-02 
 1.179692e+01 -2.432633e-02 
 1.179732e+01 -2.375523e-02 
 1.179772e+01 -2.314291e-02 
 1.179812e+01 -2.251533e-02 
 1.179852e+01 -2.185061e-02 
 1.179891e+01 -2.116596e-02 
 1.179931e+01 -2.046820e-02 
 1.179971e+01 -1.976211e-02 
 1.180011e+01 -1.902160e-02 
 1.180050e+01 -1.825441e-02 
 1.180090e+01 -1.745089e-02 
 1.180130e+01 -1.662686e-02 
 1.180170e+01 -1.578637e-02 
 1.180209e+01 -1.492877e-02 
 1.180249e+01 -1.404136e-02 
 1.180289e+01 -1.313541e-02 
 1.180329e+01 -1.221174e-02 
 1.180369e+01 -1.126451e-02 
 1.180408e+01 -1.030259e-02 
 1.180448e+01 -9.321114e-03 
 1.180488e+01 -8.327963e-03 
 1.180528e+01 -7.304920e-03 
 1.180567e+01 -6.260942e-03 
 1.180607e+01 -5.213387e-03 
 1.180647e+01 -4.127814e-03 
 1.180687e+01 -3.034959e-03 
 1.180727e+01 -1.912052e-03 
 1.180766e+01 -7.676455e-04 
 1.180806e+01  3.824465e-04 
 1.180846e+01  1.545530e-03 
 1.180886e+01  2.706255e-03 
 1.180925e+01  3.885883e-03 
 1.180965e+01  5.058371e-03 
 1.181005e+01  6.239414e-03 
 1.181045e+01  7.447668e-03 
 1.181084e+01  8.650063e-03 
 1.181124e+01  9.859637e-03 
 1.181164e+01  1.107577e-02 
 1.181204e+01  1.230945e-02 
 1.181244e+01  1.354064e-02 
 1.181283e+01  1.478353e-02 
 1.181323e+01  1.603173e-02 
 1.181363e+01  1.727863e-02 
 1.181403e+01  1.851848e-02 
 1.181442e+01  1.976826e-02 
 1.181482e+01  2.100800e-02 
 1.181522e+01  2.224415e-02 
 1.181562e+01  2.348621e-02 
 1.181601e+01  2.472971e-02 
 1.181641e+01  2.596695e-02 
 1.181681e+01  2.721345e-02 
 1.181721e+01  2.845699e-02 
 1.181761e+01  2.969694e-02 
 1.181800e+01  3.093162e-02 
 1.181840e+01  3.215566e-02 
 1.181880e+01  3.336694e-02 
 1.181920e+01  3.456068e-02 
 1.181959e+01  3.576653e-02 
 1.181999e+01  3.694751e-02 
 1.182039e+01  3.810991e-02 
 1.182079e+01  3.926084e-02 
 1.182118e+01  4.038863e-02 
 1.182158e+01  4.150880e-02 
 1.182198e+01  4.260476e-02 
 1.182238e+01  4.369912e-02 
 1.182278e+01  4.477308e-02 
 1.182317e+01  4.583143e-02 
 1.182357e+01  4.687600e-02 
 1.182397e+01  4.789340e-02 
 1.182437e+01  4.889315e-02 
 1.182476e+01  4.986618e-02 
 1.182516e+01  5.081318e-02 
 1.182556e+01  5.173196e-02 
 1.182596e+01  5.263196e-02 
 1.182635e+01  5.350964e-02 
 1.182675e+01  5.436478e-02 
 1.182715e+01  5.520375e-02 
 1.182755e+01  5.601673e-02 
 1.182795e+01  5.679969e-02 
 1.182834e+01  5.755378e-02 
 1.182874e+01  5.828218e-02 
 1.182914e+01  5.897390e-02 
 1.182954e+01  5.964347e-02 
 1.182993e+01  6.027708e-02 
 1.183033e+01  6.086638e-02 
 1.183073e+01  6.143196e-02 
 1.183113e+01  6.197364e-02 
 1.183152e+01  6.249770e-02 
 1.183192e+01  6.300557e-02 
 1.183232e+01  6.348680e-02 
 1.183272e+01  6.393583e-02 
 1.183312e+01  6.436748e-02 
 1.183351e+01  6.476905e-02 
 1.183391e+01  6.513689e-02 
 1.183431e+01  6.548150e-02 
 1.183471e+01  6.579381e-02 
 1.183510e+01  6.607791e-02 
 1.183550e+01  6.632763e-02 
 1.183590e+01  6.656937e-02 
 1.183630e+01  6.678198e-02 
 1.183669e+01  6.698332e-02 
 1.183709e+01  6.714620e-02 
 1.183749e+01  6.727976e-02 
 1.183789e+01  6.737584e-02 
 1.183829e+01  6.744989e-02 
 1.183868e+01  6.749232e-02 
 1.183908e+01  6.750792e-02 
 1.183948e+01  6.749331e-02 
 1.183988e+01  6.743996e-02 
 1.184027e+01  6.735325e-02 
 1.184067e+01  6.724595e-02 
 1.184107e+01  6.711051e-02 
 1.184147e+01  6.694207e-02 
 1.184186e+01  6.674566e-02 
 1.184226e+01  6.651017e-02 
 1.184266e+01  6.624515e-02 
 1.184306e+01  6.593754e-02 
 1.184346e+01  6.561517e-02 
 1.184385e+01  6.525627e-02 
 1.184425e+01  6.486263e-02 
 1.184465e+01  6.442792e-02 
 1.184505e+01  6.396482e-02 
 1.184544e+01  6.347815e-02 
 1.184584e+01  6.296233e-02 
 1.184624e+01  6.242032e-02 
 1.184664e+01  6.185176e-02 
 1.184703e+01  6.124171e-02 
 1.184743e+01  6.060612e-02 
 1.184783e+01  5.993956e-02 
 1.184823e+01  5.925193e-02 
 1.184863e+01  5.853891e-02 
 1.184902e+01  5.778109e-02 
 1.184942e+01  5.698815e-02 
 1.184982e+01  5.616649e-02 
 1.185022e+01  5.531626e-02 
 1.185061e+01  5.445725e-02 
 1.185101e+01  5.357026e-02 
 1.185141e+01  5.266736e-02 
 1.185181e+01  5.173725e-02 
 1.185220e+01  5.079287e-02 
 1.185260e+01  4.982556e-02 
 1.185300e+01  4.884664e-02 
 1.185340e+01  4.784319e-02 
 1.185380e+01  4.680967e-02 
 1.185419e+01  4.575084e-02 
 1.185459e+01  4.467519e-02 
 1.185499e+01  4.359233e-02 
 1.185539e+01  4.249785e-02 
 1.185578e+01  4.139881e-02 
 1.185618e+01  4.028632e-02 
 1.185658e+01  3.914458e-02 
 1.185698e+01  3.800214e-02 
 1.185737e+01  3.684326e-02 
 1.185777e+01  3.567634e-02 
 1.185817e+01  3.448763e-02 
 1.185857e+01  3.328715e-02 
 1.185897e+01  3.206812e-02 
 1.185936e+01  3.082959e-02 
 1.185976e+01  2.960104e-02 
 1.186016e+01  2.836908e-02 
 1.186056e+01  2.714163e-02 
 1.186095e+01  2.591718e-02 
 1.186135e+01  2.469134e-02 
 1.186175e+01  2.346224e-02 
 1.186215e+01  2.222596e-02 
 1.186254e+01  2.100669e-02 
 1.186294e+01  1.977673e-02 
 1.186334e+01  1.854141e-02 
 1.186374e+01  1.730707e-02 
 1.186414e+01  1.606854e-02 
 1.186453e+01  1.483495e-02 
 1.186493e+01  1.362475e-02 
 1.186533e+01  1.243105e-02 
 1.186573e+01  1.123257e-02 
 1.186612e+01  1.005304e-02 
 1.186652e+01  8.879156e-03 
 1.186692e+01  7.703899e-03 
 1.186732e+01  6.540073e-03 
 1.186771e+01  5.393930e-03 
 1.186811e+01  4.238489e-03 
 1.186851e+01  3.080975e-03 
 1.186891e+01  1.931777e-03 
 1.186931e+01  7.940607e-04 
 1.186970e+01 -3.283750e-04 
 1.187010e+01 -1.431371e-03 
 1.187050e+01 -2.523036e-03 
 1.187090e+01 -3.600758e-03 
 1.187129e+01 -4.673943e-03 
 1.187169e+01 -5.732039e-03 
 1.187209e+01 -6.781406e-03 
 1.187249e+01 -7.814979e-03 
 1.187288e+01 -8.836328e-03 
 1.187328e+01 -9.847820e-03 
 1.187368e+01 -1.084817e-02 
 1.187408e+01 -1.182529e-02 
 1.187448e+01 -1.277889e-02 
 1.187487e+01 -1.370002e-02 
 1.187527e+01 -1.459759e-02 
 1.187567e+01 -1.548661e-02 
 1.187607e+01 -1.635360e-02 
 1.187646e+01 -1.720174e-02 
 1.187686e+01 -1.803214e-02 
 1.187726e+01 -1.884696e-02 
 1.187766e+01 -1.963877e-02 
 1.187805e+01 -2.041944e-02 
 1.187845e+01 -2.118265e-02 
 1.187885e+01 -2.191662e-02 
 1.187925e+01 -2.261709e-02 
 1.187965e+01 -2.327767e-02 
 1.188004e+01 -2.390140e-02 
 1.188044e+01 -2.450349e-02 
 1.188084e+01 -2.508592e-02 
 1.188124e+01 -2.562351e-02 
 1.188163e+01 -2.613592e-02 
 1.188203e+01 -2.661895e-02 
 1.188243e+01 -2.708429e-02 
 1.188283e+01 -2.751434e-02 
 1.188322e+01 -2.793030e-02 
 1.188362e+01 -2.829847e-02 
 1.188402e+01 -2.863058e-02 
 1.188442e+01 -2.891723e-02 
 1.188482e+01 -2.916784e-02 
 1.188521e+01 -2.938895e-02 
 1.188561e+01 -2.957964e-02 
 1.188601e+01 -2.974287e-02 
 1.188641e+01 -2.985707e-02 
 1.188680e+01 -2.996381e-02 
 1.188720e+01 -3.003194e-02 
 1.188760e+01 -3.008013e-02 
 1.188800e+01 -3.010335e-02 
 1.188839e+01 -3.010216e-02 
 1.188879e+01 -3.003662e-02 
 1.188919e+01 -2.995020e-02 
 1.188959e+01 -2.982601e-02 
 1.188999e+01 -2.966338e-02 
 1.189038e+01 -2.947045e-02 
 1.189078e+01 -2.924832e-02 
 1.189118e+01 -2.899391e-02 
 1.189158e+01 -2.869456e-02 
 1.189197e+01 -2.837336e-02 
 1.189237e+01 -2.802681e-02 
 1.189277e+01 -2.765863e-02 
 1.189317e+01 -2.724906e-02 
 1.189356e+01 -2.679494e-02 
 1.189396e+01 -2.630509e-02 
 1.189436e+01 -2.578009e-02 
 1.189476e+01 -2.523109e-02 
 1.189516e+01 -2.464691e-02 
 1.189555e+01 -2.403649e-02 
 1.189595e+01 -2.339789e-02 
 1.189635e+01 -2.273960e-02 
 1.189675e+01 -2.205000e-02 
 1.189714e+01 -2.134989e-02 
 1.189754e+01 -2.064436e-02 
 1.189794e+01 -1.990608e-02 
 1.189834e+01 -1.914693e-02 
 1.189874e+01 -1.834283e-02 
 1.189913e+01 -1.752405e-02 
 1.189953e+01 -1.668184e-02 
 1.189993e+01 -1.581378e-02 
 1.190033e+01 -1.492829e-02 
 1.190072e+01 -1.401790e-02 
 1.190112e+01 -1.308588e-02 
 1.190152e+01 -1.214799e-02 
 1.190192e+01 -1.119609e-02 
 1.190231e+01 -1.023600e-02 
 1.190271e+01 -9.259392e-03 
 1.190311e+01 -8.262524e-03 
 1.190351e+01 -7.250626e-03 
 1.190391e+01 -6.199767e-03 
 1.190430e+01 -5.156756e-03 
 1.190470e+01 -4.094676e-03 
 1.190510e+01 -3.013867e-03 
 1.190550e+01 -1.924262e-03 
 1.190589e+01 -8.279613e-04 
 1.190629e+01  2.696470e-04 
 1.190669e+01  1.382414e-03 
 1.190709e+01  2.492281e-03 
 1.190748e+01  3.616618e-03 
 1.190788e+01  4.758407e-03 
 1.190828e+01  5.924542e-03 
 1.190868e+01  7.100018e-03 
 1.190908e+01  8.288860e-03 
 1.190947e+01  9.488004e-03 
 1.190987e+01  1.068918e-02 
 1.191027e+01  1.188992e-02 
 1.191067e+01  1.311373e-02 
 1.191106e+01  1.433226e-02 
 1.191146e+01  1.554342e-02 
 1.191186e+01  1.677273e-02 
 1.191226e+01  1.799848e-02 
 1.191265e+01  1.924656e-02 
 1.191305e+01  2.049721e-02 
 1.191345e+01  2.175527e-02 
 1.191385e+01  2.300857e-02 
 1.191425e+01  2.426807e-02 
 1.191464e+01  2.551999e-02 
 1.191504e+01  2.676262e-02 
 1.191544e+01  2.799846e-02 
 1.191584e+01  2.922925e-02 
 1.191623e+01  3.044718e-02 
 1.191663e+01  3.164605e-02 
 1.191703e+01  3.284894e-02 
 1.191743e+01  3.406091e-02 
 1.191782e+01  3.525250e-02 
 1.191822e+01  3.642811e-02 
 1.191862e+01  3.759127e-02 
 1.191902e+01  3.874378e-02 
 1.191942e+01  3.988486e-02 
 1.191981e+01  4.101005e-02 
 1.192021e+01  4.212910e-02 
 1.192061e+01  4.323136e-02 
 1.192101e+01  4.432008e-02 
 1.192140e+01  4.538710e-02 
 1.192180e+01  4.644215e-02 
 1.192220e+01  4.747554e-02 
 1.192260e+01  4.848956e-02 
 1.192299e+01  4.949140e-02 
 1.192339e+01  5.045867e-02 
 1.192379e+01  5.141057e-02 
 1.192419e+01  5.235063e-02 
 1.192459e+01  5.326370e-02 
 1.192498e+01  5.415845e-02 
 1.192538e+01  5.501081e-02 
 1.192578e+01  5.585514e-02 
 1.192618e+01  5.665395e-02 
 1.192657e+01  5.743227e-02 
 1.192697e+01  5.818292e-02 
 1.192737e+01  5.890897e-02 
 1.192777e+01  5.960406e-02 
 1.192816e+01  6.027672e-02 
 1.192856e+01  6.091507e-02 
 1.192896e+01  6.154010e-02 
 1.192936e+01  6.213994e-02 
 1.192976e+01  6.271487e-02 
 1.193015e+01  6.324878e-02 
 1.193055e+01  6.375758e-02 
 1.193095e+01  6.422533e-02 
 1.193135e+01  6.465585e-02 
 1.193174e+01  6.504847e-02 
 1.193214e+01  6.541834e-02 
 1.193254e+01  6.573882e-02 
 1.193294e+01  6.604681e-02 
 1.193333e+01  6.631862e-02 
 1.193373e+01  6.655764e-02 
 1.193413e+01  6.677418e-02 
 1.193453e+01  6.696516e-02 
 1.193493e+01  6.711678e-02 
 1.193532e+01  6.723865e-02 
 1.193572e+01  6.732414e-02 
 1.193612e+01  6.738158e-02 
 1.193652e+01  6.741400e-02 
 1.193691e+01  6.741262e-02 
 1.193731e+01  6.738374e-02 
 1.193771e+01  6.730655e-02 
 1.193811e+01  6.721945e-02 
 1.193850e+01  6.710415e-02 
 1.193890e+01  6.696711e-02 
 1.193930e+01  6.681516e-02 
 1.193970e+01  6.664265e-02 
 1.194010e+01  6.643368e-02 
 1.194049e+01  6.618981e-02 
 1.194089e+01  6.592233e-02 
 1.194129e+01  6.564077e-02 
 1.194169e+01  6.531161e-02 
 1.194208e+01  6.496297e-02 
 1.194248e+01  6.457128e-02 
 1.194288e+01  6.415986e-02 
 1.194328e+01  6.373049e-02 
 1.194367e+01  6.328377e-02 
 1.194407e+01  6.281451e-02 
 1.194447e+01  6.230469e-02 
 1.194487e+01  6.177097e-02 
 1.194527e+01  6.118794e-02 
 1.194566e+01  6.058032e-02 
 1.194606e+01  5.995179e-02 
 1.194646e+01  5.928780e-02 
 1.194686e+01  5.858153e-02 
 1.194725e+01  5.784773e-02 
 1.194765e+01  5.708829e-02 
 1.194805e+01  5.630768e-02 
 1.194845e+01  5.552383e-02 
 1.194884e+01  5.472530e-02 
 1.194924e+01  5.388950e-02 
 1.194964e+01  5.302358e-02 
 1.195004e+01  5.212900e-02 
 1.195044e+01  5.120662e-02 
 1.195083e+01  5.025205e-02 
 1.195123e+01  4.927546e-02 
 1.195163e+01  4.828004e-02 
 1.195203e+01  4.724956e-02 
 1.195242e+01  4.620231e-02 
 1.195282e+01  4.514798e-02 
 1.195322e+01  4.408479e-02 
 1.195362e+01  4.301028e-02 
 1.195401e+01  4.191854e-02 
 1.195441e+01  4.079390e-02 
 1.195481e+01  3.965772e-02 
 1.195521e+01  3.850184e-02 
 1.195561e+01  3.734140e-02 
 1.195600e+01  3.615516e-02 
 1.195640e+01  3.496915e-02 
 1.195680e+01  3.376703e-02 
 1.195720e+01  3.254294e-02 
 1.195759e+01  3.132316e-02 
 1.195799e+01  3.010837e-02 
 1.195839e+01  2.889250e-02 
 1.195879e+01  2.768039e-02 
 1.195918e+01  2.646308e-02 
 1.195958e+01  2.522817e-02 
 1.195998e+01  2.398515e-02 
 1.196038e+01  2.275050e-02 
 1.196078e+01  2.150613e-02 
 1.196117e+01  2.025833e-02 
 1.196157e+01  1.900439e-02 
 1.196197e+01  1.774384e-02 
 1.196237e+01  1.649750e-02 
 1.196276e+01  1.525644e-02 
 1.196316e+01  1.402608e-02 
 1.196356e+01  1.280729e-02 
 1.196396e+01  1.158164e-02 
 1.196435e+01  1.035417e-02 
 1.196475e+01  9.138648e-03 
 1.196515e+01  7.933120e-03 
 1.196555e+01  6.720764e-03 
 1.196595e+01  5.512435e-03 
 1.196634e+01  4.303523e-03 
 1.196674e+01  3.099519e-03 
 1.196714e+01  1.916791e-03 
 1.196754e+01  7.629341e-04 
 1.196793e+01 -3.676701e-04 
 1.196833e+01 -1.475083e-03 
 1.196873e+01 -2.564234e-03 
 1.196913e+01 -3.637660e-03 
 1.196952e+01 -4.706778e-03 
 1.196992e+01 -5.758659e-03 
 1.197032e+01 -6.801443e-03 
 1.197072e+01 -7.842935e-03 
 1.197112e+01 -8.856022e-03 
 1.197151e+01 -9.856030e-03 
 1.197191e+01 -1.084504e-02 
 1.197231e+01 -1.178981e-02 
 1.197271e+01 -1.270932e-02 
 1.197310e+01 -1.360848e-02 
 1.197350e+01 -1.450219e-02 
 1.197390e+01 -1.535950e-02 
 1.197430e+01 -1.620252e-02 
 1.197469e+01 -1.703253e-02 
 1.197509e+01 -1.783502e-02 
 1.197549e+01 -1.862581e-02 
 1.197589e+01 -1.939693e-02 
 1.197629e+01 -2.014495e-02 
 1.197668e+01 -2.087257e-02 
 1.197708e+01 -2.155915e-02 
 1.197748e+01 -2.220740e-02 
 1.197788e+01 -2.283297e-02 
 1.197827e+01 -2.344006e-02 
 1.197867e+01 -2.402457e-02 
 1.197907e+01 -2.457814e-02 
 1.197947e+01 -2.512246e-02 
 1.197986e+01 -2.563383e-02 
 1.198026e+01 -2.611896e-02 
 1.198066e+01 -2.658227e-02 
 1.198106e+01 -2.702803e-02 
 1.198146e+01 -2.743611e-02 
 1.198185e+01 -2.781257e-02 
 1.198225e+01 -2.815717e-02 
 1.198265e+01 -2.847736e-02 
 1.198305e+01 -2.876675e-02 
 1.198344e+01 -2.903705e-02 
 1.198384e+01 -2.926870e-02 
 1.198424e+01 -2.947569e-02 
 1.198464e+01 -2.964512e-02 
 1.198503e+01 -2.978755e-02 
 1.198543e+01 -2.991005e-02 
 1.198583e+01 -3.000442e-02 
 1.198623e+01 -3.006704e-02 
 1.198663e+01 -3.008035e-02 
 1.198702e+01 -3.005307e-02 
 1.198742e+01 -2.998619e-02 
 1.198782e+01 -2.988626e-02 
 1.198822e+01 -2.975256e-02 
 1.198861e+01 -2.958629e-02 
 1.198901e+01 -2.939171e-02 
 1.198941e+01 -2.915055e-02 
 1.198981e+01 -2.887577e-02 
 1.199021e+01 -2.857563e-02 
 1.199060e+01 -2.825481e-02 
 1.199100e+01 -2.789542e-02 
 1.199140e+01 -2.748454e-02 
 1.199180e+01 -2.705087e-02 
 1.199219e+01 -2.658701e-02 
 1.199259e+01 -2.608506e-02 
 1.199299e+01 -2.556345e-02 
 1.199339e+01 -2.500921e-02 
 1.199378e+01 -2.443094e-02 
 1.199418e+01 -2.381588e-02 
 1.199458e+01 -2.317758e-02 
 1.199498e+01 -2.251640e-02 
 1.199538e+01 -2.183665e-02 
 1.199577e+01 -2.113260e-02 
 1.199617e+01 -2.038684e-02 
 1.199657e+01 -1.960114e-02 
 1.199697e+01 -1.879451e-02 
 1.199736e+01 -1.794507e-02 
 1.199776e+01 -1.710128e-02 
 1.199816e+01 -1.621755e-02 
 1.199856e+01 -1.532349e-02 
 1.199895e+01 -1.441106e-02 
 1.199935e+01 -1.347920e-02 
 1.199975e+01 -1.253789e-02 
 1.200015e+01 -1.157859e-02 
 1.200055e+01 -1.060804e-02 
 1.200094e+01 -9.608031e-03 
 1.200134e+01 -8.589823e-03 
 1.200174e+01 -7.556850e-03 
 1.200214e+01 -6.512167e-03 
 1.200253e+01 -5.443486e-03 
 1.200293e+01 -4.369448e-03 
 1.200333e+01 -3.271132e-03 
 1.200373e+01 -2.166637e-03 
 1.200412e+01 -1.040309e-03 
 1.200452e+01  7.543339e-05 
 1.200492e+01  1.210808e-03 
 1.200532e+01  2.354341e-03 
 1.200572e+01  3.508485e-03 
 1.200611e+01  4.679461e-03 
 1.200651e+01  5.867071e-03 
 1.200691e+01  7.067104e-03 
 1.200731e+01  8.264231e-03 
 1.200770e+01  9.464352e-03 
 1.200810e+01  1.067791e-02 
 1.200850e+01  1.189583e-02 
 1.200890e+01  1.311483e-02 
 1.200929e+01  1.433442e-02 
 1.200969e+01  1.554867e-02 
 1.201009e+01  1.676921e-02 
 1.201049e+01  1.799867e-02 
 1.201089e+01  1.921721e-02 
 1.201128e+01  2.043541e-02 
 1.201168e+01  2.166256e-02 
 1.201208e+01  2.287236e-02 
 1.201248e+01  2.408190e-02 
 1.201287e+01  2.529596e-02 
 1.201327e+01  2.650765e-02 
 1.201367e+01  2.770901e-02 
 1.201407e+01  2.889564e-02 
 1.201446e+01  3.007661e-02 
 1.201486e+01  3.124793e-02 
 1.201526e+01  3.241699e-02 
 1.201566e+01  3.359194e-02 
 1.201606e+01  3.476179e-02 
 1.201645e+01  3.592158e-02 
 1.201685e+01  3.707340e-02 
 1.201725e+01  3.821776e-02 
 1.201765e+01  3.934352e-02 
 1.201804e+01  4.046308e-02 
 1.201844e+01  4.157122e-02 
 1.201884e+01  4.265915e-02 
 1.201924e+01  4.372759e-02 
 1.201963e+01  4.479798e-02 
 1.202003e+01  4.583965e-02 
 1.202043e+01  4.687125e-02 
 1.202083e+01  4.789737e-02 
 1.202123e+01  4.889021e-02 
 1.202162e+01  4.985404e-02 
 1.202202e+01  5.082010e-02 
 1.202242e+01  5.177735e-02 
 1.202282e+01  5.268862e-02 
 1.202321e+01  5.359497e-02 
 1.202361e+01  5.448271e-02 
 1.202401e+01  5.533467e-02 
 1.202441e+01  5.617158e-02 
 1.202480e+01  5.699457e-02 
 1.202520e+01  5.779462e-02 
 1.202560e+01  5.856365e-02 
 1.202600e+01  5.930468e-02 
 1.202640e+01  6.001506e-02 
 1.202679e+01  6.069138e-02 
 1.202719e+01  6.135549e-02 
 1.202759e+01  6.198275e-02 
 1.202799e+01  6.258178e-02 
 1.202838e+01  6.314172e-02 
 1.202878e+01  6.368019e-02 
 1.202918e+01  6.420346e-02 
 1.202958e+01  6.467642e-02 
 1.202997e+01  6.511844e-02 
 1.203037e+01  6.552679e-02 
 1.203077e+01  6.589054e-02 
 1.203117e+01  6.622237e-02 
 1.203157e+01  6.652670e-02 
 1.203196e+01  6.680337e-02 
 1.203236e+01  6.704588e-02 
 1.203276e+01  6.726068e-02 
 1.203316e+01  6.743380e-02 
 1.203355e+01  6.757491e-02 
 1.203395e+01  6.767860e-02 
 1.203435e+01  6.775741e-02 
 1.203475e+01  6.779382e-02 
 1.203514e+01  6.779800e-02 
 1.203554e+01  6.777116e-02 
 1.203594e+01  6.770595e-02 
 1.203634e+01  6.761761e-02 
 1.203674e+01  6.750242e-02 
 1.203713e+01  6.736427e-02 
 1.203753e+01  6.718580e-02 
 1.203793e+01  6.698534e-02 
 1.203833e+01  6.674302e-02 
 1.203872e+01  6.646017e-02 
 1.203912e+01  6.615384e-02 
 1.203952e+01  6.581517e-02 
 1.203992e+01  6.543341e-02 
 1.204031e+01  6.502515e-02 
 1.204071e+01  6.459094e-02 
 1.204111e+01  6.413263e-02 
 1.204151e+01  6.366128e-02 
 1.204191e+01  6.316886e-02 
 1.204230e+01  6.265425e-02 
 1.204270e+01  6.210457e-02 
 1.204310e+01  6.153899e-02 
 1.204350e+01  6.093615e-02 
 1.204389e+01  6.030527e-02 
 1.204429e+01  5.967151e-02 
 1.204469e+01  5.901353e-02 
 1.204509e+01  5.830965e-02 
 1.204548e+01  5.759100e-02 
 1.204588e+01  5.686701e-02 
 1.204628e+01  5.611572e-02 
 1.204668e+01  5.534889e-02 
 1.204708e+01  5.456091e-02 
 1.204747e+01  5.375115e-02 
 1.204787e+01  5.290403e-02 
 1.204827e+01  5.205771e-02 
 1.204867e+01  5.117493e-02 
 1.204906e+01  5.027911e-02 
 1.204946e+01  4.935694e-02 
 1.204986e+01  4.841036e-02 
 1.205026e+01  4.743075e-02 
 1.205065e+01  4.644127e-02 
 1.205105e+01  4.544872e-02 
 1.205145e+01  4.443529e-02 
 1.205185e+01  4.341043e-02 
 1.205225e+01  4.235570e-02 
 1.205264e+01  4.128520e-02 
 1.205304e+01  4.018901e-02 
 1.205344e+01  3.908188e-02 
 1.205384e+01  3.796112e-02 
 1.205423e+01  3.681852e-02 
 1.205463e+01  3.565466e-02 
 1.205503e+01  3.446740e-02 
 1.205543e+01  3.327524e-02 
 1.205582e+01  3.207696e-02 
 1.205622e+01  3.087172e-02 
 1.205662e+01  2.966890e-02 
 1.205702e+01  2.844248e-02 
 1.205742e+01  2.719336e-02 
 1.205781e+01  2.594579e-02 
 1.205821e+01  2.469013e-02 
 1.205861e+01  2.342486e-02 
 1.205901e+01  2.214826e-02 
 1.205940e+01  2.086002e-02 
 1.205980e+01  1.956959e-02 
 1.206020e+01  1.828061e-02 
 1.206060e+01  1.701412e-02 
 1.206099e+01  1.574740e-02 
 1.206139e+01  1.449461e-02 
 1.206179e+01  1.322902e-02 
 1.206219e+01  1.195462e-02 
 1.206259e+01  1.069629e-02 
 1.206298e+01  9.446973e-03 
 1.206338e+01  8.216253e-03 
 1.206378e+01  6.984146e-03 
 1.206418e+01  5.773952e-03 
 1.206457e+01  4.572838e-03 
 1.206497e+01  3.384439e-03 
 1.206537e+01  2.234214e-03 
 1.206577e+01  1.085080e-03 
 1.206616e+01 -4.567163e-05 
 1.206656e+01 -1.177463e-03 
 1.206696e+01 -2.291510e-03 
 1.206736e+01 -3.400840e-03 
 1.206776e+01 -4.500192e-03 
 1.206815e+01 -5.574670e-03 
 1.206855e+01 -6.632966e-03 
 1.206895e+01 -7.691302e-03 
 1.206935e+01 -8.722780e-03 
 1.206974e+01 -9.735346e-03 
 1.207014e+01 -1.070932e-02 
 1.207054e+01 -1.166766e-02 
 1.207094e+01 -1.259979e-02 
 1.207133e+01 -1.353353e-02 
 1.207173e+01 -1.444468e-02 
 1.207213e+01 -1.532750e-02 
 1.207253e+01 -1.619843e-02 
 1.207293e+01 -1.703785e-02 
 1.207332e+01 -1.785364e-02 
 1.207372e+01 -1.864648e-02 
 1.207412e+01 -1.943130e-02 
 1.207452e+01 -2.017233e-02 
 1.207491e+01 -2.087853e-02 
 1.207531e+01 -2.156384e-02 
 1.207571e+01 -2.222285e-02 
 1.207611e+01 -2.284344e-02 
 1.207650e+01 -2.346244e-02 
 1.207690e+01 -2.405109e-02 
 1.207730e+01 -2.460786e-02 
 1.207770e+01 -2.513606e-02 
 1.207810e+01 -2.565205e-02 
 1.207849e+01 -2.612687e-02 
 1.207889e+01 -2.657177e-02 
 1.207929e+01 -2.699112e-02 
 1.207969e+01 -2.737506e-02 
 1.208008e+01 -2.770637e-02 
 1.208048e+01 -2.801901e-02 
 1.208088e+01 -2.830950e-02 
 1.208128e+01 -2.857022e-02 
 1.208168e+01 -2.880970e-02 
 1.208207e+01 -2.902686e-02 
 1.208247e+01 -2.920698e-02 
 1.208287e+01 -2.935614e-02 
 1.208327e+01 -2.948563e-02 
 1.208366e+01 -2.956855e-02 
 1.208406e+01 -2.962846e-02 
 1.208446e+01 -2.965693e-02 
 1.208486e+01 -2.964424e-02 
 1.208525e+01 -2.959481e-02 
 1.208565e+01 -2.953219e-02 
 1.208605e+01 -2.945038e-02 
 1.208645e+01 -2.934375e-02 
 1.208685e+01 -2.921735e-02 
 1.208724e+01 -2.906356e-02 
 1.208764e+01 -2.887012e-02 
 1.208804e+01 -2.865852e-02 
 1.208844e+01 -2.841743e-02 
 1.208883e+01 -2.814534e-02 
 1.208923e+01 -2.783067e-02 
 1.208963e+01 -2.748651e-02 
 1.209003e+01 -2.710987e-02 
 1.209042e+01 -2.670578e-02 
 1.209082e+01 -2.627566e-02 
 1.209122e+01 -2.581439e-02 
 1.209162e+01 -2.531959e-02 
 1.209202e+01 -2.479591e-02 
 1.209241e+01 -2.422565e-02 
 1.209281e+01 -2.362570e-02 
 1.209321e+01 -2.300466e-02 
 1.209361e+01 -2.234073e-02 
 1.209400e+01 -2.164799e-02 
 1.209440e+01 -2.091378e-02 
 1.209480e+01 -2.015623e-02 
 1.209520e+01 -1.937302e-02 
 1.209559e+01 -1.856932e-02 
 1.209599e+01 -1.773817e-02 
 1.209639e+01 -1.687236e-02 
 1.209679e+01 -1.599359e-02 
 1.209719e+01 -1.506891e-02 
 1.209758e+01 -1.413402e-02 
 1.209798e+01 -1.318300e-02 
 1.209838e+01 -1.220400e-02 
 1.209878e+01 -1.118892e-02 
 1.209917e+01 -1.016638e-02 
 1.209957e+01 -9.111294e-03 
 1.209997e+01 -8.046699e-03 
 1.210037e+01 -6.966891e-03 
 1.210076e+01 -5.879488e-03 
 1.210116e+01 -4.763441e-03 
 1.210156e+01 -3.647451e-03 
 1.210196e+01 -2.518358e-03 
 1.210236e+01 -1.369288e-03 
 1.210275e+01 -2.269671e-04 
 1.210315e+01  9.383738e-04 
 1.210355e+01  2.114560e-03 
 1.210395e+01  3.305571e-03 
 1.210434e+01  4.504570e-03 
 1.210474e+01  5.711513e-03 
 1.210514e+01  6.913277e-03 
 1.210554e+01  8.115561e-03 
 1.210593e+01  9.321112e-03 
 1.210633e+01  1.053864e-02 
 1.210673e+01  1.174861e-02 
 1.210713e+01  1.294570e-02 
 1.210753e+01  1.415177e-02 
 1.210792e+01  1.535818e-02 
 1.210832e+01  1.657951e-02 
 1.210872e+01  1.780244e-02 
 1.210912e+01  1.902376e-02 
 1.210951e+01  2.024442e-02 
 1.210991e+01  2.146369e-02 
 1.211031e+01  2.268856e-02 
 1.211071e+01  2.389917e-02 
 1.211110e+01  2.512374e-02 
 1.211150e+01  2.633510e-02 
 1.211190e+01  2.753502e-02 
 1.211230e+01  2.873031e-02 
 1.211270e+01  2.993469e-02 
 1.211309e+01  3.111728e-02 
 1.211349e+01  3.230102e-02 
 1.211389e+01  3.349210e-02 
 1.211429e+01  3.465265e-02 
 1.211468e+01  3.580432e-02 
 1.211508e+01  3.694378e-02 
 1.211548e+01  3.808847e-02 
 1.211588e+01  3.920131e-02 
 1.211627e+01  4.030668e-02 
 1.211667e+01  4.140053e-02 
 1.211707e+01  4.246627e-02 
 1.211747e+01  4.351983e-02 
 1.211787e+01  4.457572e-02 
 1.211826e+01  4.560637e-02 
 1.211866e+01  4.662461e-02 
 1.211906e+01  4.762566e-02 
 1.211946e+01  4.860823e-02 
 1.211985e+01  4.957086e-02 
 1.212025e+01  5.052188e-02 
 1.212065e+01  5.146150e-02 
 1.212105e+01  5.236093e-02 
 1.212144e+01  5.324892e-02 
 1.212184e+01  5.410894e-02 
 1.212224e+01  5.494722e-02 
 1.212264e+01  5.575034e-02 
 1.212304e+01  5.655291e-02 
 1.212343e+01  5.732741e-02 
 1.212383e+01  5.807405e-02 
 1.212423e+01  5.880145e-02 
 1.212463e+01  5.950719e-02 
 1.212502e+01  6.017787e-02 
 1.212542e+01  6.084618e-02 
 1.212582e+01  6.147906e-02 
 1.212622e+01  6.207305e-02 
 1.212661e+01  6.265086e-02 
 1.212701e+01  6.320814e-02 
 1.212741e+01  6.371995e-02 
 1.212781e+01  6.420991e-02 
 1.212821e+01  6.467170e-02 
 1.212860e+01  6.511155e-02 
 1.212900e+01  6.551479e-02 
 1.212940e+01  6.590320e-02 
 1.212980e+01  6.625791e-02 
 1.213019e+01  6.658384e-02 
 1.213059e+01  6.688703e-02 
 1.213099e+01  6.714519e-02 
 1.213139e+01  6.737446e-02 
 1.213178e+01  6.756436e-02 
 1.213218e+01  6.772375e-02 
 1.213258e+01  6.785503e-02 
 1.213298e+01  6.795455e-02 
 1.213338e+01  6.801610e-02 
 1.213377e+01  6.803867e-02 
 1.213417e+01  6.802664e-02 
 1.213457e+01  6.798480e-02 
 1.213497e+01  6.790961e-02 
 1.213536e+01  6.779473e-02 
 1.213576e+01  6.762961e-02 
 1.213616e+01  6.743923e-02 
 1.213656e+01  6.721078e-02 
 1.213695e+01  6.694292e-02 
 1.213735e+01  6.665061e-02 
 1.213775e+01  6.633049e-02 
 1.213815e+01  6.596034e-02 
 1.213855e+01  6.555898e-02 
 1.213894e+01  6.515404e-02 
 1.213934e+01  6.471267e-02 
 1.213974e+01  6.424083e-02 
 1.214014e+01  6.373212e-02 
 1.214053e+01  6.320444e-02 
 1.214093e+01  6.261930e-02 
 1.214133e+01  6.202258e-02 
 1.214173e+01  6.139044e-02 
 1.214212e+01  6.074614e-02 
 1.214252e+01  6.006201e-02 
 1.214292e+01  5.935615e-02 
 1.214332e+01  5.861570e-02 
 1.214372e+01  5.785238e-02 
 1.214411e+01  5.708928e-02 
 1.214451e+01  5.630504e-02 
 1.214491e+01  5.548598e-02 
 1.214531e+01  5.464511e-02 
 1.214570e+01  5.379521e-02 
 1.214610e+01  5.290829e-02 
 1.214650e+01  5.200502e-02 
 1.214690e+01  5.109043e-02 
 1.214729e+01  5.015128e-02 
 1.214769e+01  4.918876e-02 
 1.214809e+01  4.822663e-02 
 1.214849e+01  4.724652e-02 
 1.214889e+01  4.625798e-02 
 1.214928e+01  4.526529e-02 
 1.214968e+01  4.425809e-02 
 1.215008e+01  4.321554e-02 
 1.215048e+01  4.216559e-02 
 1.215087e+01  4.109128e-02 
 1.215127e+01  4.000048e-02 
 1.215167e+01  3.890422e-02 
 1.215207e+01  3.779950e-02 
 1.215246e+01  3.666967e-02 
 1.215286e+01  3.554028e-02 
 1.215326e+01  3.440127e-02 
 1.215366e+01  3.326534e-02 
 1.215406e+01  3.211305e-02 
 1.215445e+01  3.097158e-02 
 1.215485e+01  2.979837e-02 
 1.215525e+01  2.860678e-02 
 1.215565e+01  2.740098e-02 
 1.215604e+01  2.620379e-02 
 1.215644e+01  2.498533e-02 
 1.215684e+01  2.375643e-02 
 1.215724e+01  2.253039e-02 
 1.215763e+01  2.130911e-02 
 1.215803e+01  2.008505e-02 
 1.215843e+01  1.887824e-02 
 1.215883e+01  1.767498e-02 
 1.215923e+01  1.646065e-02 
 1.215962e+01  1.524800e-02 
 1.216002e+01  1.402835e-02 
 1.216042e+01  1.279430e-02 
 1.216082e+01  1.156241e-02 
 1.216121e+01  1.035025e-02 
 1.216161e+01  9.126375e-03 
 1.216201e+01  7.892948e-03 
 1.216241e+01  6.671239e-03 
 1.216280e+01  5.455554e-03 
 1.216320e+01  4.245710e-03 
 1.216360e+01  3.058614e-03 
 1.216400e+01  1.882098e-03 
 1.216440e+01  7.035587e-04 
 1.216479e+01 -4.751262e-04 
 1.216519e+01 -1.636056e-03 
 1.216559e+01 -2.797903e-03 
 1.216599e+01 -3.943157e-03 
 1.216638e+01 -5.072668e-03 
 1.216678e+01 -6.184538e-03 
 1.216718e+01 -7.297509e-03 
 1.216758e+01 -8.382122e-03 
 1.216797e+01 -9.429845e-03 
 1.216837e+01 -1.044207e-02 
 1.216877e+01 -1.144968e-02 
 1.216917e+01 -1.243252e-02 
 1.216957e+01 -1.340195e-02 
 1.216996e+01 -1.436238e-02 
 1.217036e+01 -1.529366e-02 
 1.217076e+01 -1.619852e-02 
 1.217116e+01 -1.707749e-02 
 1.217155e+01 -1.793533e-02 
 1.217195e+01 -1.876980e-02 
 1.217235e+01 -1.957538e-02 
 1.217275e+01 -2.034156e-02 
 1.217315e+01 -2.106216e-02 
 1.217354e+01 -2.174753e-02 
 1.217394e+01 -2.242203e-02 
 1.217434e+01 -2.307317e-02 
 1.217474e+01 -2.369854e-02 
 1.217513e+01 -2.430394e-02 
 1.217553e+01 -2.487469e-02 
 1.217593e+01 -2.542022e-02 
 1.217633e+01 -2.592814e-02 
 1.217672e+01 -2.640062e-02 
 1.217712e+01 -2.682968e-02 
 1.217752e+01 -2.723031e-02 
 1.217792e+01 -2.757939e-02 
 1.217832e+01 -2.789229e-02 
 1.217871e+01 -2.818972e-02 
 1.217911e+01 -2.847338e-02 
 1.217951e+01 -2.872683e-02 
 1.217991e+01 -2.894230e-02 
 1.218030e+01 -2.914300e-02 
 1.218070e+01 -2.928950e-02 
 1.218110e+01 -2.942208e-02 
 1.218150e+01 -2.952922e-02 
 1.218189e+01 -2.960086e-02 
 1.218229e+01 -2.964072e-02 
 1.218269e+01 -2.965153e-02 
 1.218309e+01 -2.963227e-02 
 1.218349e+01 -2.958372e-02 
 1.218388e+01 -2.951413e-02 
 1.218428e+01 -2.942919e-02 
 1.218468e+01 -2.929845e-02 
 1.218508e+01 -2.914917e-02 
 1.218547e+01 -2.896844e-02 
 1.218587e+01 -2.875762e-02 
 1.218627e+01 -2.850978e-02 
 1.218667e+01 -2.823606e-02 
 1.218706e+01 -2.793349e-02 
 1.218746e+01 -2.758193e-02 
 1.218786e+01 -2.721315e-02 
 1.218826e+01 -2.682299e-02 
 1.218866e+01 -2.639420e-02 
 1.218905e+01 -2.593751e-02 
 1.218945e+01 -2.547728e-02 
 1.218985e+01 -2.496322e-02 
 1.219025e+01 -2.443028e-02 
 1.219064e+01 -2.387820e-02 
 1.219104e+01 -2.331627e-02 
 1.219144e+01 -2.270709e-02 
 1.219184e+01 -2.208639e-02 
 1.219223e+01 -2.142529e-02 
 1.219263e+01 -2.073458e-02 
 1.219303e+01 -2.001635e-02 
 1.219343e+01 -1.927923e-02 
 1.219383e+01 -1.851085e-02 
 1.219422e+01 -1.772347e-02 
 1.219462e+01 -1.692289e-02 
 1.219502e+01 -1.609434e-02 
 1.219542e+01 -1.525271e-02 
 1.219581e+01 -1.437832e-02 
 1.219621e+01 -1.349126e-02 
 1.219661e+01 -1.256892e-02 
 1.219701e+01 -1.161889e-02 
 1.219740e+01 -1.065044e-02 
 1.219780e+01 -9.660569e-03 
 1.219820e+01 -8.647273e-03 
 1.219860e+01 -7.630283e-03 
 1.219900e+01 -6.571697e-03 
 1.219939e+01 -5.501914e-03 
 1.219979e+01 -4.414930e-03 
 1.220019e+01 -3.312074e-03 
 1.220059e+01 -2.189698e-03 
 1.220098e+01 -1.054943e-03 
 1.220138e+01  8.608185e-05 
 1.220178e+01  1.264901e-03 
 1.220218e+01  2.448114e-03 
 1.220257e+01  3.637998e-03 
 1.220297e+01  4.841814e-03 
 1.220337e+01  6.061775e-03 
 1.220377e+01  7.287247e-03 
 1.220417e+01  8.529077e-03 
 1.220456e+01  9.782991e-03 
 1.220496e+01  1.103051e-02 
 1.220536e+01  1.229619e-02 
 1.220576e+01  1.356339e-02 
 1.220615e+01  1.484040e-02 
 1.220655e+01  1.612015e-02 
 1.220695e+01  1.740215e-02 
 1.220735e+01  1.868271e-02 
 1.220774e+01  1.996370e-02 
 1.220814e+01  2.123047e-02 
 1.220854e+01  2.250841e-02 
 1.220894e+01  2.378485e-02 
 1.220934e+01  2.505423e-02 
 1.220973e+01  2.631598e-02 
 1.221013e+01  2.755708e-02 
 1.221053e+01  2.877339e-02 
 1.221093e+01  2.998543e-02 
 1.221132e+01  3.119368e-02 
 1.221172e+01  3.238253e-02 
 1.221212e+01  3.355655e-02 
 1.221252e+01  3.473430e-02 
 1.221291e+01  3.588655e-02 
 1.221331e+01  3.702394e-02 
 1.221371e+01  3.816121e-02 
 1.221411e+01  3.928727e-02 
 1.221451e+01  4.037746e-02 
 1.221490e+01  4.146022e-02 
 1.221530e+01  4.251626e-02 
 1.221570e+01  4.357000e-02 
 1.221610e+01  4.460448e-02 
 1.221649e+01  4.563422e-02 
 1.221689e+01  4.662790e-02 
 1.221729e+01  4.760340e-02 
 1.221769e+01  4.856483e-02 
 1.221808e+01  4.951219e-02 
 1.221848e+01  5.043919e-02 
 1.221888e+01  5.135632e-02 
 1.221928e+01  5.223469e-02 
 1.221968e+01  5.309782e-02 
 1.222007e+01  5.393577e-02 
 1.222047e+01  5.475470e-02 
 1.222087e+01  5.556079e-02 
 1.222127e+01  5.633782e-02 
 1.222166e+01  5.710014e-02 
 1.222206e+01  5.783342e-02 
 1.222246e+01  5.854583e-02 
 1.222286e+01  5.924028e-02 
 1.222325e+01  5.990534e-02 
 1.222365e+01  6.053908e-02 
 1.222405e+01  6.114643e-02 
 1.222445e+01  6.173178e-02 
 1.222485e+01  6.229259e-02 
 1.222524e+01  6.282732e-02 
 1.222564e+01  6.333839e-02 
 1.222604e+01  6.381597e-02 
 1.222644e+01  6.426179e-02 
 1.222683e+01  6.469148e-02 
 1.222723e+01  6.508053e-02 
 1.222763e+01  6.545540e-02 
 1.222803e+01  6.581916e-02 
 1.222842e+01  6.614876e-02 
 1.222882e+01  6.642971e-02 
 1.222922e+01  6.668837e-02 
 1.222962e+01  6.690922e-02 
 1.223002e+01  6.709933e-02 
 1.223041e+01  6.725111e-02 
 1.223081e+01  6.738248e-02 
 1.223121e+01  6.748633e-02 
 1.223161e+01  6.754178e-02 
 1.223200e+01  6.760692e-02 
 1.223240e+01  6.762681e-02 
 1.223280e+01  6.763035e-02 
 1.223320e+01  6.759880e-02 
 1.223359e+01  6.754070e-02 
 1.223399e+01  6.743193e-02 
 1.223439e+01  6.729720e-02 
 1.223479e+01  6.714197e-02 
 1.223519e+01  6.694554e-02 
 1.223558e+01  6.670664e-02 
 1.223598e+01  6.644737e-02 
 1.223638e+01  6.615298e-02 
 1.223678e+01  6.581941e-02 
 1.223717e+01  6.547905e-02 
 1.223757e+01  6.510773e-02 
 1.223797e+01  6.469096e-02 
 1.223837e+01  6.423015e-02 
 1.223876e+01  6.373763e-02 
 1.223916e+01  6.318995e-02 
 1.223956e+01  6.262058e-02 
 1.223996e+01  6.202123e-02 
 1.224036e+01  6.139329e-02 
 1.224075e+01  6.072914e-02 
 1.224115e+01  6.003620e-02 
 1.224155e+01  5.932461e-02 
 1.224195e+01  5.858363e-02 
 1.224234e+01  5.781762e-02 
 1.224274e+01  5.701786e-02 
 1.224314e+01  5.617977e-02 
 1.224354e+01  5.531493e-02 
 1.224393e+01  5.443121e-02 
 1.224433e+01  5.351909e-02 
 1.224473e+01  5.258556e-02 
 1.224513e+01  5.163690e-02 
 1.224553e+01  5.066892e-02 
 1.224592e+01  4.966974e-02 
 1.224632e+01  4.867020e-02 
 1.224672e+01  4.766089e-02 
 1.224712e+01  4.663186e-02 
 1.224751e+01  4.558951e-02 
 1.224791e+01  4.452049e-02 
 1.224831e+01  4.343691e-02 
 1.224871e+01  4.232926e-02 
 1.224910e+01  4.122037e-02 
 1.224950e+01  4.009934e-02 
 1.224990e+01  3.896164e-02 
 1.225030e+01  3.782043e-02 
 1.225070e+01  3.667440e-02 
 1.225109e+01  3.551202e-02 
 1.225149e+01  3.435105e-02 
 1.225189e+01  3.320389e-02 
 1.225229e+01  3.203292e-02 
 1.225268e+01  3.084824e-02 
 1.225308e+01  2.967281e-02 
 1.225348e+01  2.848452e-02 
 1.225388e+01  2.728614e-02 
 1.225427e+01  2.610117e-02 
 1.225467e+01  2.490965e-02 
 1.225507e+01  2.370758e-02 
 1.225547e+01  2.249452e-02 
 1.225587e+01  2.130659e-02 
 1.225626e+01  2.010408e-02 
 1.225666e+01  1.890056e-02 
 1.225706e+01  1.772115e-02 
 1.225746e+01  1.651543e-02 
 1.225785e+01  1.529722e-02 
 1.225825e+01  1.408450e-02 
 1.225865e+01  1.287092e-02 
 1.225905e+01  1.166192e-02 
 1.225944e+01  1.045624e-02 
 1.225984e+01  9.262367e-03 
 1.226024e+01  8.063924e-03 
 1.226064e+01  6.876585e-03 
 1.226104e+01  5.717051e-03 
 1.226143e+01  4.563269e-03 
 1.226183e+01  3.418509e-03 
 1.226223e+01  2.272830e-03 
 1.226263e+01  1.132749e-03 
 1.226302e+01 -1.071558e-05 
 1.226342e+01 -1.145309e-03 
 1.226382e+01 -2.250919e-03 
 1.226422e+01 -3.348801e-03 
 1.226462e+01 -4.450184e-03 
 1.226501e+01 -5.525311e-03 
 1.226541e+01 -6.590757e-03 
 1.226581e+01 -7.629900e-03 
 1.226621e+01 -8.650275e-03 
 1.226660e+01 -9.645747e-03 
 1.226700e+01 -1.065063e-02 
 1.226740e+01 -1.163479e-02 
 1.226780e+01 -1.262049e-02 
 1.226819e+01 -1.358236e-02 
 1.226859e+01 -1.452624e-02 
 1.226899e+01 -1.545157e-02 
 1.226939e+01 -1.635098e-02 
 1.226979e+01 -1.723561e-02 
 1.227018e+01 -1.809240e-02 
 1.227058e+01 -1.892027e-02 
 1.227098e+01 -1.971846e-02 
 1.227138e+01 -2.049798e-02 
 1.227177e+01 -2.125389e-02 
 1.227217e+01 -2.199350e-02 
 1.227257e+01 -2.271057e-02 
 1.227297e+01 -2.338845e-02 
 1.227336e+01 -2.404431e-02 
 1.227376e+01 -2.466295e-02 
 1.227416e+01 -2.524834e-02 
 1.227456e+01 -2.580644e-02 
 1.227496e+01 -2.633965e-02 
 1.227535e+01 -2.682400e-02 
 1.227575e+01 -2.727139e-02 
 1.227615e+01 -2.768575e-02 
 1.227655e+01 -2.807347e-02 
 1.227694e+01 -2.843495e-02 
 1.227734e+01 -2.878040e-02 
 1.227774e+01 -2.908261e-02 
 1.227814e+01 -2.934448e-02 
 1.227853e+01 -2.957730e-02 
 1.227893e+01 -2.977743e-02 
 1.227933e+01 -2.993282e-02 
 1.227973e+01 -3.005556e-02 
 1.228013e+01 -3.013974e-02 
 1.228052e+01 -3.017818e-02 
 1.228092e+01 -3.018473e-02 
 1.228132e+01 -3.016026e-02 
 1.228172e+01 -3.011257e-02 
 1.228211e+01 -3.002659e-02 
 1.228251e+01 -2.990647e-02 
 1.228291e+01 -2.975298e-02 
 1.228331e+01 -2.955534e-02 
 1.228370e+01 -2.933050e-02 
 1.228410e+01 -2.907880e-02 
 1.228450e+01 -2.879565e-02 
 1.228490e+01 -2.847351e-02 
 1.228530e+01 -2.811407e-02 
 1.228569e+01 -2.774404e-02 
 1.228609e+01 -2.733890e-02 
 1.228649e+01 -2.691946e-02 
 1.228689e+01 -2.648431e-02 
 1.228728e+01 -2.602120e-02 
 1.228768e+01 -2.551620e-02 
 1.228808e+01 -2.499551e-02 
 1.228848e+01 -2.443619e-02 
 1.228887e+01 -2.385032e-02 
 1.228927e+01 -2.324228e-02 
 1.228967e+01 -2.260812e-02 
 1.229007e+01 -2.193429e-02 
 1.229047e+01 -2.125952e-02 
 1.229086e+01 -2.056102e-02 
 1.229126e+01 -1.984550e-02 
 1.229166e+01 -1.911078e-02 
 1.229206e+01 -1.835245e-02 
 1.229245e+01 -1.756877e-02 
 1.229285e+01 -1.676133e-02 
 1.229325e+01 -1.592741e-02 
 1.229365e+01 -1.507427e-02 
 1.229404e+01 -1.419565e-02 
 1.229444e+01 -1.330642e-02 
 1.229484e+01 -1.238529e-02 
 1.229524e+01 -1.144510e-02 
 1.229564e+01 -1.050154e-02 
 1.229603e+01 -9.543663e-03 
 1.229643e+01 -8.562978e-03 
 1.229683e+01 -7.571611e-03 
 1.229723e+01 -6.561100e-03 
 1.229762e+01 -5.528284e-03 
 1.229802e+01 -4.486606e-03 
 1.229842e+01 -3.423933e-03 
 1.229882e+01 -2.346963e-03 
 1.229921e+01 -1.251800e-03 
 1.229961e+01 -1.561567e-04 
 1.230001e+01  9.743432e-04 
 1.230041e+01  2.115838e-03 
 1.230081e+01  3.264051e-03 
 1.230120e+01  4.431733e-03 
 1.230160e+01  5.610747e-03 
 1.230200e+01  6.800937e-03 
 1.230240e+01  7.997961e-03 
 1.230279e+01  9.206116e-03 
 1.230319e+01  1.042559e-02 
 1.230359e+01  1.164254e-02 
 1.230399e+01  1.287710e-02 
 1.230438e+01  1.411728e-02 
 1.230478e+01  1.536643e-02 
 1.230518e+01  1.662509e-02 
 1.230558e+01  1.788353e-02 
 1.230598e+01  1.914107e-02 
 1.230637e+01  2.039637e-02 
 1.230677e+01  2.164599e-02 
 1.230717e+01  2.290489e-02 
 1.230757e+01  2.415581e-02 
 1.230796e+01  2.540155e-02 
 1.230836e+01  2.665010e-02 
 1.230876e+01  2.789643e-02 
 1.230916e+01  2.914661e-02 
 1.230955e+01  3.039404e-02 
 1.230995e+01  3.163971e-02 
 1.231035e+01  3.287851e-02 
 1.231075e+01  3.409790e-02 
 1.231115e+01  3.530440e-02 
 1.231154e+01  3.649668e-02 
 1.231194e+01  3.767771e-02 
 1.231234e+01  3.884394e-02 
 1.231274e+01  3.999141e-02 
 1.231313e+01  4.111776e-02 
 1.231353e+01  4.225183e-02 
 1.231393e+01  4.335818e-02 
 1.231433e+01  4.445746e-02 
 1.231472e+01  4.553442e-02 
 1.231512e+01  4.658301e-02 
 1.231552e+01  4.760716e-02 
 1.231592e+01  4.862137e-02 
 1.231632e+01  4.960943e-02 
 1.231671e+01  5.055317e-02 
 1.231711e+01  5.149122e-02 
 1.231751e+01  5.240177e-02 
 1.231791e+01  5.327026e-02 
 1.231830e+01  5.413058e-02 
 1.231870e+01  5.497600e-02 
 1.231910e+01  5.578169e-02 
 1.231950e+01  5.656884e-02 
 1.231989e+01  5.733176e-02 
 1.232029e+01  5.807076e-02 
 1.232069e+01  5.877299e-02 
 1.232109e+01  5.947061e-02 
 1.232149e+01  6.012908e-02 
 1.232188e+01  6.074313e-02 
 1.232228e+01  6.134339e-02 
 1.232268e+01  6.191117e-02 
 1.232308e+01  6.245153e-02 
 1.232347e+01  6.296365e-02 
 1.232387e+01  6.346177e-02 
 1.232427e+01  6.392448e-02 
 1.232467e+01  6.433091e-02 
 1.232506e+01  6.474283e-02 
 1.232546e+01  6.511768e-02 
 1.232586e+01  6.545934e-02 
 1.232626e+01  6.576917e-02 
 1.232666e+01  6.605033e-02 
 1.232705e+01  6.629168e-02 
 1.232745e+01  6.649087e-02 
 1.232785e+01  6.669517e-02 
 1.232825e+01  6.686483e-02 
 1.232864e+01  6.700652e-02 
 1.232904e+01  6.712277e-02 
 1.232944e+01  6.722906e-02 
 1.232984e+01  6.728741e-02 
 1.233023e+01  6.732464e-02 
 1.233063e+01  6.734174e-02 
 1.233103e+01  6.732042e-02 
 1.233143e+01  6.725464e-02 
 1.233183e+01  6.715662e-02 
 1.233222e+01  6.703025e-02 
 1.233262e+01  6.688134e-02 
 1.233302e+01  6.670810e-02 
 1.233342e+01  6.650626e-02 
 1.233381e+01  6.628316e-02 
 1.233421e+01  6.602380e-02 
 1.233461e+01  6.574828e-02 
 1.233501e+01  6.544525e-02 
 1.233540e+01  6.511607e-02 
 1.233580e+01  6.474883e-02 
 1.233620e+01  6.435368e-02 
 1.233660e+01  6.391211e-02 
 1.233700e+01  6.344223e-02 
 1.233739e+01  6.295347e-02 
 1.233779e+01  6.243579e-02 
 1.233819e+01  6.190503e-02 
 1.233859e+01  6.134167e-02 
 1.233898e+01  6.076003e-02 
 1.233938e+01  6.014431e-02 
 1.233978e+01  5.950986e-02 
 1.234018e+01  5.884751e-02 
 1.234057e+01  5.815454e-02 
 1.234097e+01  5.742266e-02 
 1.234137e+01  5.665895e-02 
 1.234177e+01  5.586287e-02 
 1.234217e+01  5.503680e-02 
 1.234256e+01  5.419191e-02 
 1.234296e+01  5.332043e-02 
 1.234336e+01  5.242653e-02 
 1.234376e+01  5.151050e-02 
 1.234415e+01  5.056903e-02 
 1.234455e+01  4.961717e-02 
 1.234495e+01  4.863537e-02 
 1.234535e+01  4.762157e-02 
 1.234574e+01  4.657358e-02 
 1.234614e+01  4.549240e-02 
 1.234654e+01  4.439675e-02 
 1.234694e+01  4.326027e-02 
 1.234734e+01  4.212487e-02 
 1.234773e+01  4.097968e-02 
 1.234813e+01  3.982111e-02 
 1.234853e+01  3.865013e-02 
 1.234893e+01  3.747232e-02 
 1.234932e+01  3.629057e-02 
 1.234972e+01  3.508982e-02 
 1.235012e+01  3.388338e-02 
 1.235052e+01  3.266117e-02 
 1.235091e+01  3.140540e-02 
 1.235131e+01  3.014413e-02 
 1.235171e+01  2.888990e-02 
 1.235211e+01  2.761951e-02 
 1.235251e+01  2.634963e-02 
 1.235290e+01  2.508720e-02 
 1.235330e+01  2.383375e-02 
 1.235370e+01  2.256441e-02 
 1.235410e+01  2.132026e-02 
 1.235449e+01  2.007665e-02 
 1.235489e+01  1.882110e-02 
 1.235529e+01  1.756868e-02 
 1.235569e+01  1.631857e-02 
 1.235609e+01  1.506535e-02 
 1.235648e+01  1.382433e-02 
 1.235688e+01  1.260900e-02 
 1.235728e+01  1.140450e-02 
 1.235768e+01  1.021288e-02 
 1.235807e+01  9.036424e-03 
 1.235847e+01  7.865843e-03 
 1.235887e+01  6.705338e-03 
 1.235927e+01  5.572931e-03 
 1.235966e+01  4.435804e-03 
 1.236006e+01  3.300341e-03 
 1.236046e+01  2.169567e-03 
 1.236086e+01  1.047163e-03 
 1.236126e+01 -6.537114e-05 
 1.236165e+01 -1.158397e-03 
 1.236205e+01 -2.225967e-03 
 1.236245e+01 -3.298792e-03 
 1.236285e+01 -4.348270e-03 
 1.236324e+01 -5.388337e-03 
 1.236364e+01 -6.406712e-03 
 1.236404e+01 -7.405985e-03 
 1.236444e+01 -8.396584e-03 
 1.236483e+01 -9.385234e-03 
 1.236523e+01 -1.036999e-02 
 1.236563e+01 -1.134046e-02 
 1.236603e+01 -1.229543e-02 
 1.236643e+01 -1.323693e-02 
 1.236682e+01 -1.413886e-02 
 1.236722e+01 -1.503159e-02 
 1.236762e+01 -1.590378e-02 
 1.236802e+01 -1.675237e-02 
 1.236841e+01 -1.757844e-02 
 1.236881e+01 -1.836622e-02 
 1.236921e+01 -1.914313e-02 
 1.236961e+01 -1.989967e-02 
 1.237000e+01 -2.064594e-02 
 1.237040e+01 -2.137614e-02 
 1.237080e+01 -2.208226e-02 
 1.237120e+01 -2.275562e-02 
 1.237160e+01 -2.340445e-02 
 1.237199e+01 -2.403569e-02 
 1.237239e+01 -2.463104e-02 
 1.237279e+01 -2.519471e-02 
 1.237319e+01 -2.572759e-02 
 1.237358e+01 -2.622249e-02 
 1.237398e+01 -2.669422e-02 
 1.237438e+01 -2.713087e-02 
 1.237478e+01 -2.757074e-02 
 1.237517e+01 -2.797998e-02 
 1.237557e+01 -2.835763e-02 
 1.237597e+01 -2.870915e-02 
 1.237637e+01 -2.901244e-02 
 1.237677e+01 -2.928036e-02 
 1.237716e+01 -2.951466e-02 
 1.237756e+01 -2.971471e-02 
 1.237796e+01 -2.987209e-02 
 1.237836e+01 -2.998432e-02 
 1.237875e+01 -3.008471e-02 
 1.237915e+01 -3.014841e-02 
 1.237955e+01 -3.018624e-02 
 1.237995e+01 -3.022086e-02 
 1.238034e+01 -3.020551e-02 
 1.238074e+01 -3.015563e-02 
 1.238114e+01 -3.007604e-02 
 1.238154e+01 -2.995693e-02 
 1.238194e+01 -2.979831e-02 
 1.238233e+01 -2.960393e-02 
 1.238273e+01 -2.936205e-02 
 1.238313e+01 -2.908371e-02 
 1.238353e+01 -2.877166e-02 
 1.238392e+01 -2.842882e-02 
 1.238432e+01 -2.806995e-02 
 1.238472e+01 -2.767867e-02 
 1.238512e+01 -2.727386e-02 
 1.238551e+01 -2.680780e-02 
 1.238591e+01 -2.630388e-02 
 1.238631e+01 -2.576515e-02 
 1.238671e+01 -2.519578e-02 
 1.238711e+01 -2.458448e-02 
 1.238750e+01 -2.395212e-02 
 1.238790e+01 -2.327967e-02 
 1.238830e+01 -2.256753e-02 
 1.238870e+01 -2.184410e-02 
 1.238909e+01 -2.109428e-02 
 1.238949e+01 -2.031912e-02 
 1.238989e+01 -1.952041e-02 
 1.239029e+01 -1.869323e-02 
 1.239068e+01 -1.784376e-02 
 1.239108e+01 -1.697250e-02 
 1.239148e+01 -1.609198e-02 
 1.239188e+01 -1.518499e-02 
 1.239228e+01 -1.425067e-02 
 1.239267e+01 -1.330970e-02 
 1.239307e+01 -1.234231e-02 
 1.239347e+01 -1.136214e-02 
 1.239387e+01 -1.037913e-02 
 1.239426e+01 -9.398507e-03 
 1.239466e+01 -8.388395e-03 
 1.239506e+01 -7.363955e-03 
 1.239546e+01 -6.332045e-03 
 1.239585e+01 -5.278870e-03 
 1.239625e+01 -4.210992e-03 
 1.239665e+01 -3.144911e-03 
 1.239705e+01 -2.060575e-03 
 1.239745e+01 -9.691209e-04 
 1.239784e+01  1.372826e-04 
 1.239824e+01  1.252657e-03 
 1.239864e+01  2.371386e-03 
 1.239904e+01  3.493845e-03 
 1.239943e+01  4.627182e-03 
 1.239983e+01  5.764719e-03 
 1.240023e+01  6.900618e-03 
 1.240063e+01  8.049585e-03 
 1.240102e+01  9.203304e-03 
 1.240142e+01  1.037163e-02 
 1.240182e+01  1.154427e-02 
 1.240222e+01  1.273022e-02 
 1.240262e+01  1.392317e-02 
 1.240301e+01  1.512059e-02 
 1.240341e+01  1.632286e-02 
 1.240381e+01  1.752805e-02 
 1.240421e+01  1.872282e-02 
 1.240460e+01  1.994349e-02 
 1.240500e+01  2.116303e-02 
 1.240540e+01  2.238594e-02 
 1.240580e+01  2.360501e-02 
 1.240619e+01  2.482805e-02 
 1.240659e+01  2.604466e-02 
 1.240699e+01  2.726150e-02 
 1.240739e+01  2.849354e-02 
 1.240779e+01  2.970810e-02 
 1.240818e+01  3.092728e-02 
 1.240858e+01  3.213655e-02 
 1.240898e+01  3.335438e-02 
 1.240938e+01  3.454796e-02 
 1.240977e+01  3.573818e-02 
 1.241017e+01  3.690901e-02 
 1.241057e+01  3.807214e-02 
 1.241097e+01  3.922011e-02 
 1.241136e+01  4.036293e-02 
 1.241176e+01  4.149769e-02 
 1.241216e+01  4.262323e-02 
 1.241256e+01  4.373063e-02 
 1.241296e+01  4.481828e-02 
 1.241335e+01  4.590085e-02 
 1.241375e+01  4.696156e-02 
 1.241415e+01  4.800192e-02 
 1.241455e+01  4.902027e-02 
 1.241494e+01  5.000840e-02 
 1.241534e+01  5.097218e-02 
 1.241574e+01  5.192338e-02 
 1.241614e+01  5.284001e-02 
 1.241653e+01  5.375137e-02 
 1.241693e+01  5.463762e-02 
 1.241733e+01  5.551760e-02 
 1.241773e+01  5.636220e-02 
 1.241813e+01  5.718394e-02 
 1.241852e+01  5.799356e-02 
 1.241892e+01  5.875292e-02 
 1.241932e+01  5.947684e-02 
 1.241972e+01  6.015970e-02 
 1.242011e+01  6.082021e-02 
 1.242051e+01  6.144335e-02 
 1.242091e+01  6.204031e-02 
 1.242131e+01  6.262083e-02 
 1.242170e+01  6.317451e-02 
 1.242210e+01  6.369215e-02 
 1.242250e+01  6.419272e-02 
 1.242290e+01  6.464210e-02 
 1.242330e+01  6.506310e-02 
 1.242369e+01  6.546101e-02 
 1.242409e+01  6.582337e-02 
 1.242449e+01  6.614274e-02 
 1.242489e+01  6.643376e-02 
 1.242528e+01  6.669069e-02 
 1.242568e+01  6.691362e-02 
 1.242608e+01  6.712515e-02 
 1.242648e+01  6.729781e-02 
 1.242687e+01  6.743530e-02 
 1.242727e+01  6.754797e-02 
 1.242767e+01  6.761911e-02 
 1.242807e+01  6.765277e-02 
 1.242847e+01  6.766171e-02 
 1.242886e+01  6.764038e-02 
 1.242926e+01  6.757854e-02 
 1.242966e+01  6.747355e-02 
 1.243006e+01  6.734951e-02 
 1.243045e+01  6.719170e-02 
 1.243085e+01  6.701266e-02 
 1.243125e+01  6.682176e-02 
 1.243165e+01  6.658592e-02 
 1.243204e+01  6.631733e-02 
 1.243244e+01  6.602229e-02 
 1.243284e+01  6.570960e-02 
 1.243324e+01  6.536817e-02 
 1.243364e+01  6.499635e-02 
 1.243403e+01  6.460814e-02 
 1.243443e+01  6.417494e-02 
 1.243483e+01  6.369954e-02 
 1.243523e+01  6.321015e-02 
 1.243562e+01  6.271107e-02 
 1.243602e+01  6.217657e-02 
 1.243642e+01  6.161896e-02 
 1.243682e+01  6.104642e-02 
 1.243721e+01  6.044200e-02 
 1.243761e+01  5.982439e-02 
 1.243801e+01  5.918680e-02 
 1.243841e+01  5.850792e-02 
 1.243881e+01  5.779595e-02 
 1.243920e+01  5.705657e-02 
 1.243960e+01  5.629750e-02 
 1.244000e+01  5.550463e-02 
 1.244040e+01  5.471470e-02 
 1.244079e+01  5.390877e-02 
 1.244119e+01  5.307045e-02 
 1.244159e+01  5.221378e-02 
 1.244199e+01  5.134010e-02 
 1.244238e+01  5.045194e-02 
 1.244278e+01  4.953084e-02 
 1.244318e+01  4.858682e-02 
 1.244358e+01  4.763050e-02 
 1.244398e+01  4.663063e-02 
 1.244437e+01  4.562224e-02 
 1.244477e+01  4.460399e-02 
 1.244517e+01  4.357490e-02 
 1.244557e+01  4.252035e-02 
 1.244596e+01  4.146344e-02 
 1.244636e+01  4.039125e-02 
 1.244676e+01  3.929286e-02 
 1.244716e+01  3.817599e-02 
 1.244755e+01  3.704480e-02 
 1.244795e+01  3.588019e-02 
 1.244835e+01  3.469537e-02 
 1.244875e+01  3.348391e-02 
 1.244915e+01  3.227216e-02 
 1.244954e+01  3.104700e-02 
 1.244994e+01  2.982908e-02 
 1.245034e+01  2.859925e-02 
 1.245074e+01  2.736587e-02 
 1.245113e+01  2.612702e-02 
 1.245153e+01  2.487294e-02 
 1.245193e+01  2.360899e-02 
 1.245233e+01  2.234259e-02 
 1.245273e+01  2.107586e-02 
 1.245312e+01  1.979609e-02 
 1.245352e+01  1.850079e-02 
 1.245392e+01  1.720302e-02 
 1.245432e+01  1.591795e-02 
 1.245471e+01  1.462717e-02 
 1.245511e+01  1.335848e-02 
 1.245551e+01  1.209078e-02 
 1.245591e+01  1.082810e-02 
 1.245630e+01  9.567610e-03 
 1.245670e+01  8.331330e-03 
 1.245710e+01  7.088286e-03 
 1.245750e+01  5.855503e-03 
 1.245790e+01  4.635515e-03 
 1.245829e+01  3.398582e-03 
 1.245869e+01  2.179205e-03 
 1.245909e+01  9.833557e-04 
 1.245949e+01 -1.877432e-04 
 1.245988e+01 -1.338202e-03 
 1.246028e+01 -2.463178e-03 
 1.246068e+01 -3.579549e-03 
 1.246108e+01 -4.679451e-03 
 1.246147e+01 -5.746862e-03 
 1.246187e+01 -6.798884e-03 
 1.246227e+01 -7.837895e-03 
 1.246267e+01 -8.854878e-03 
 1.246307e+01 -9.852688e-03 
 1.246346e+01 -1.083385e-02 
 1.246386e+01 -1.179563e-02 
 1.246426e+01 -1.271830e-02 
 1.246466e+01 -1.360606e-02 
 1.246505e+01 -1.447797e-02 
 1.246545e+01 -1.532398e-02 
 1.246585e+01 -1.614020e-02 
 1.246625e+01 -1.694759e-02 
 1.246664e+01 -1.772997e-02 
 1.246704e+01 -1.849101e-02 
 1.246744e+01 -1.923850e-02 
 1.246784e+01 -1.998112e-02 
 1.246824e+01 -2.069271e-02 
 1.246863e+01 -2.137353e-02 
 1.246903e+01 -2.202373e-02 
 1.246943e+01 -2.264156e-02 
 1.246983e+01 -2.322666e-02 
 1.247022e+01 -2.379117e-02 
 1.247062e+01 -2.434141e-02 
 1.247102e+01 -2.486276e-02 
 1.247142e+01 -2.536064e-02 
 1.247181e+01 -2.581865e-02 
 1.247221e+01 -2.627325e-02 
 1.247261e+01 -2.669277e-02 
 1.247301e+01 -2.709890e-02 
 1.247341e+01 -2.746721e-02 
 1.247380e+01 -2.781055e-02 
 1.247420e+01 -2.811932e-02 
 1.247460e+01 -2.840225e-02 
 1.247500e+01 -2.865646e-02 
 1.247539e+01 -2.888309e-02 
 1.247579e+01 -2.908659e-02 
 1.247619e+01 -2.926019e-02 
 1.247659e+01 -2.939840e-02 
 1.247698e+01 -2.952046e-02 
 1.247738e+01 -2.962288e-02 
 1.247778e+01 -2.969672e-02 
 1.247818e+01 -2.973669e-02 
 1.247858e+01 -2.974229e-02 
 1.247897e+01 -2.970552e-02 
 1.247937e+01 -2.964017e-02 
 1.247977e+01 -2.954159e-02 
 1.248017e+01 -2.941480e-02 
 1.248056e+01 -2.925623e-02 
 1.248096e+01 -2.905922e-02 
 1.248136e+01 -2.882912e-02 
 1.248176e+01 -2.856827e-02 
 1.248215e+01 -2.829208e-02 
 1.248255e+01 -2.798529e-02 
 1.248295e+01 -2.766086e-02 
 1.248335e+01 -2.728715e-02 
 1.248375e+01 -2.687586e-02 
 1.248414e+01 -2.641987e-02 
 1.248454e+01 -2.594313e-02 
 1.248494e+01 -2.541956e-02 
 1.248534e+01 -2.486709e-02 
 1.248573e+01 -2.428301e-02 
 1.248613e+01 -2.366832e-02 
 1.248653e+01 -2.303462e-02 
 1.248693e+01 -2.238835e-02 
 1.248732e+01 -2.171940e-02 
 1.248772e+01 -2.100808e-02 
 1.248812e+01 -2.027179e-02 
 1.248852e+01 -1.950024e-02 
 1.248892e+01 -1.868860e-02 
 1.248931e+01 -1.785423e-02 
 1.248971e+01 -1.699777e-02 
 1.249011e+01 -1.611097e-02 
 1.249051e+01 -1.518102e-02 
 1.249090e+01 -1.424723e-02 
 1.249130e+01 -1.328672e-02 
 1.249170e+01 -1.231361e-02 
 1.249210e+01 -1.131902e-02 
 1.249249e+01 -1.030758e-02 
 1.249289e+01 -9.264589e-03 
 1.249329e+01 -8.202870e-03 
 1.249369e+01 -7.106897e-03 
 1.249409e+01 -5.997666e-03 
 1.249448e+01 -4.869592e-03 
 1.249488e+01 -3.736518e-03 
 1.249528e+01 -2.579939e-03 
 1.249568e+01 -1.421037e-03 
 1.249607e+01 -2.598892e-04 
 1.249647e+01  9.071573e-04 
 1.249687e+01  2.083492e-03 
 1.249727e+01  3.269106e-03 
 1.249766e+01  4.461053e-03 
 1.249806e+01  5.671692e-03 
 1.249846e+01  6.889782e-03 
 1.249886e+01  8.107169e-03 
 1.249926e+01  9.335402e-03 
 1.249965e+01  1.055965e-02 
 1.250005e+01  1.179690e-02 
 1.250045e+01  1.301317e-02 
 1.250085e+01  1.425013e-02 
 1.250124e+01  1.547253e-02 
 1.250164e+01  1.668084e-02 
 1.250204e+01  1.788998e-02 
 1.250244e+01  1.910581e-02 
 1.250283e+01  2.031731e-02 
 1.250323e+01  2.152573e-02 
 1.250363e+01  2.273472e-02 
 1.250403e+01  2.392962e-02 
 1.250443e+01  2.511358e-02 
 1.250482e+01  2.630368e-02 
 1.250522e+01  2.748393e-02 
 1.250562e+01  2.864936e-02 
 1.250602e+01  2.980902e-02 
 1.250641e+01  3.095856e-02 
 1.250681e+01  3.209719e-02 
 1.250721e+01  3.323300e-02 
 1.250761e+01  3.436793e-02 
 1.250800e+01  3.548875e-02 
 1.250840e+01  3.659626e-02 
 1.250880e+01  3.770245e-02 
 1.250920e+01  3.880281e-02 
 1.250960e+01  3.989126e-02 
 1.250999e+01  4.097415e-02 
 1.251039e+01  4.204001e-02 
 1.251079e+01  4.310082e-02 
 1.251119e+01  4.413477e-02 
 1.251158e+01  4.517314e-02 
 1.251198e+01  4.619265e-02 
 1.251238e+01  4.720124e-02 
 1.251278e+01  4.820379e-02 
 1.251317e+01  4.918900e-02 
 1.251357e+01  5.015038e-02 
 1.251397e+01  5.110811e-02 
 1.251437e+01  5.205671e-02 
 1.251477e+01  5.297729e-02 
 1.251516e+01  5.387513e-02 
 1.251556e+01  5.474465e-02 
 1.251596e+01  5.559661e-02 
 1.251636e+01  5.640951e-02 
 1.251675e+01  5.722222e-02 
 1.251715e+01  5.798872e-02 
 1.251755e+01  5.874969e-02 
 1.251795e+01  5.947472e-02 
 1.251834e+01  6.017748e-02 
 1.251874e+01  6.087153e-02 
 1.251914e+01  6.153248e-02 
 1.251954e+01  6.216917e-02 
 1.251994e+01  6.277296e-02 
 1.252033e+01  6.334647e-02 
 1.252073e+01  6.388343e-02 
 1.252113e+01  6.439112e-02 
 1.252153e+01  6.485578e-02 
 1.252192e+01  6.530097e-02 
 1.252232e+01  6.569416e-02 
 1.252272e+01  6.606198e-02 
 1.252312e+01  6.639692e-02 
 1.252351e+01  6.671313e-02 
 1.252391e+01  6.698927e-02 
 1.252431e+01  6.724381e-02 
 1.252471e+01  6.747179e-02 
 1.252511e+01  6.764746e-02 
 1.252550e+01  6.779297e-02 
 1.252590e+01  6.790750e-02 
 1.252630e+01  6.797522e-02 
 1.252670e+01  6.800499e-02 
 1.252709e+01  6.801166e-02 
 1.252749e+01  6.797170e-02 
 1.252789e+01  6.790258e-02 
 1.252829e+01  6.780961e-02 
 1.252868e+01  6.768850e-02 
 1.252908e+01  6.753728e-02 
 1.252948e+01  6.736237e-02 
 1.252988e+01  6.715505e-02 
 1.253028e+01  6.689971e-02 
 1.253067e+01  6.660895e-02 
 1.253107e+01  6.628789e-02 
 1.253147e+01  6.592462e-02 
 1.253187e+01  6.553074e-02 
 1.253226e+01  6.509743e-02 
 1.253266e+01  6.463659e-02 
 1.253306e+01  6.415847e-02 
 1.253346e+01  6.365422e-02 
 1.253385e+01  6.314245e-02 
 1.253425e+01  6.258215e-02 
 1.253465e+01  6.199427e-02 
 1.253505e+01  6.136892e-02 
 1.253545e+01  6.072200e-02 
 1.253584e+01  6.004031e-02 
 1.253624e+01  5.933140e-02 
 1.253664e+01  5.858940e-02 
 1.253704e+01  5.782153e-02 
 1.253743e+01  5.703914e-02 
 1.253783e+01  5.625185e-02 
 1.253823e+01  5.544803e-02 
 1.253863e+01  5.463476e-02 
 1.253902e+01  5.381504e-02 
 1.253942e+01  5.295489e-02 
 1.253982e+01  5.207677e-02 
 1.254022e+01  5.118198e-02 
 1.254062e+01  5.026818e-02 
 1.254101e+01  4.933547e-02 
 1.254141e+01  4.836776e-02 
 1.254181e+01  4.738842e-02 
 1.254221e+01  4.638732e-02 
 1.254260e+01  4.538393e-02 
 1.254300e+01  4.438100e-02 
 1.254340e+01  4.336177e-02 
 1.254380e+01  4.233069e-02 
 1.254420e+01  4.127910e-02 
 1.254459e+01  4.020728e-02 
 1.254499e+01  3.912327e-02 
 1.254539e+01  3.803412e-02 
 1.254579e+01  3.692624e-02 
 1.254618e+01  3.579405e-02 
 1.254658e+01  3.465030e-02 
 1.254698e+01  3.348820e-02 
 1.254738e+01  3.233396e-02 
 1.254777e+01  3.117571e-02 
 1.254817e+01  3.002297e-02 
 1.254857e+01  2.885559e-02 
 1.254897e+01  2.767681e-02 
 1.254937e+01  2.648072e-02 
 1.254976e+01  2.527660e-02 
 1.255016e+01  2.406075e-02 
 1.255056e+01  2.283871e-02 
 1.255096e+01  2.160838e-02 
 1.255135e+01  2.035368e-02 
 1.255175e+01  1.908335e-02 
 1.255215e+01  1.783559e-02 
 1.255255e+01  1.659946e-02 
 1.255294e+01  1.536505e-02 
 1.255334e+01  1.414212e-02 
 1.255374e+01  1.291197e-02 
 1.255414e+01  1.168587e-02 
 1.255454e+01  1.044564e-02 
 1.255493e+01  9.224187e-03 
 1.255533e+01  7.981001e-03 
 1.255573e+01  6.741296e-03 
 1.255613e+01  5.500401e-03 
 1.255652e+01  4.269768e-03 
 1.255692e+01  3.057686e-03 
 1.255732e+01  1.865735e-03 
 1.255772e+01  7.079291e-04 
 1.255811e+01 -4.414158e-04 
 1.255851e+01 -1.589123e-03 
 1.255891e+01 -2.721584e-03 
 1.255931e+01 -3.845438e-03 
 1.255971e+01 -4.968746e-03 
 1.256010e+01 -6.069275e-03 
 1.256050e+01 -7.166223e-03 
 1.256090e+01 -8.256060e-03 
 1.256130e+01 -9.324440e-03 
 1.256169e+01 -1.036646e-02 
 1.256209e+01 -1.137788e-02 
 1.256249e+01 -1.236815e-02 
 1.256289e+01 -1.332248e-02 
 1.256328e+01 -1.426533e-02 
 1.256368e+01 -1.519532e-02 
 1.256408e+01 -1.609801e-02 
 1.256448e+01 -1.698996e-02 
 1.256488e+01 -1.785117e-02 
 1.256527e+01 -1.869949e-02 
 1.256567e+01 -1.951291e-02 
 1.256607e+01 -2.030028e-02 
 1.256647e+01 -2.104264e-02 
 1.256686e+01 -2.175390e-02 
 1.256726e+01 -2.242695e-02 
 1.256766e+01 -2.305775e-02 
 1.256806e+01 -2.366726e-02 
 1.256845e+01 -2.425571e-02 
 1.256885e+01 -2.479967e-02 
 1.256925e+01 -2.532428e-02 
 1.256965e+01 -2.580922e-02 
 1.257005e+01 -2.627502e-02 
 1.257044e+01 -2.671082e-02 
 1.257084e+01 -2.712313e-02 
 1.257124e+01 -2.750244e-02 
 1.257164e+01 -2.783740e-02 
 1.257203e+01 -2.814656e-02 
 1.257243e+01 -2.840799e-02 
 1.257283e+01 -2.864569e-02 
 1.257323e+01 -2.884653e-02 
 1.257362e+01 -2.902321e-02 
 1.257402e+01 -2.918073e-02 
 1.257442e+01 -2.929981e-02 
 1.257482e+01 -2.939914e-02 
 1.257522e+01 -2.946592e-02 
 1.257561e+01 -2.952013e-02 
 1.257601e+01 -2.953336e-02 
 1.257641e+01 -2.951798e-02 
 1.257681e+01 -2.946726e-02 
 1.257720e+01 -2.937966e-02 
 1.257760e+01 -2.927924e-02 
 1.257800e+01 -2.915127e-02 
 1.257840e+01 -2.900220e-02 
 1.257879e+01 -2.882068e-02 
 1.257919e+01 -2.860412e-02 
 1.257959e+01 -2.837821e-02 
 1.257999e+01 -2.812023e-02 
 1.258039e+01 -2.785237e-02 
 1.258078e+01 -2.755289e-02 
 1.258118e+01 -2.720937e-02 
 1.258158e+01 -2.683444e-02 
 1.258198e+01 -2.642556e-02 
 1.258237e+01 -2.600533e-02 
 1.258277e+01 -2.555121e-02 
 1.258317e+01 -2.507203e-02 
 1.258357e+01 -2.457538e-02 
 1.258396e+01 -2.403919e-02 
 1.258436e+01 -2.348827e-02 
 1.258476e+01 -2.291488e-02 
 1.258516e+01 -2.230853e-02 
 1.258556e+01 -2.166687e-02 
 1.258595e+01 -2.098513e-02 
 1.258635e+01 -2.028088e-02 
 1.258675e+01 -1.953032e-02 
 1.258715e+01 -1.876898e-02 
 1.258754e+01 -1.798685e-02 
 1.258794e+01 -1.716845e-02 
 1.258834e+01 -1.632376e-02 
 1.258874e+01 -1.545104e-02 
 1.258913e+01 -1.456411e-02 
 1.258953e+01 -1.365760e-02 
 1.258993e+01 -1.273197e-02 
 1.259033e+01 -1.178951e-02 
 1.259073e+01 -1.081592e-02 
 1.259112e+01 -9.815560e-03 
 1.259152e+01 -8.791172e-03 
 1.259192e+01 -7.747511e-03 
 1.259232e+01 -6.685360e-03 
 1.259271e+01 -5.608218e-03 
 1.259311e+01 -4.514433e-03 
 1.259351e+01 -3.399702e-03 
 1.259391e+01 -2.270870e-03 
 1.259430e+01 -1.132034e-03 
 1.259470e+01  1.246413e-05 
 1.259510e+01  1.177132e-03 
 1.259550e+01  2.356512e-03 
 1.259590e+01  3.549525e-03 
 1.259629e+01  4.759535e-03 
 1.259669e+01  5.976597e-03 
 1.259709e+01  7.208916e-03 
 1.259749e+01  8.447544e-03 
 1.259788e+01  9.698508e-03 
 1.259828e+01  1.096180e-02 
 1.259868e+01  1.222186e-02 
 1.259908e+01  1.348587e-02 
 1.259947e+01  1.474004e-02 
 1.259987e+01  1.598899e-02 
 1.260027e+01  1.725707e-02 
 1.260067e+01  1.852620e-02 
 1.260107e+01  1.980009e-02 
 1.260146e+01  2.107947e-02 
 1.260186e+01  2.234626e-02 
 1.260226e+01  2.361737e-02 
 1.260266e+01  2.487181e-02 
 1.260305e+01  2.613162e-02 
 1.260345e+01  2.737022e-02 
 1.260385e+01  2.858950e-02 
 1.260425e+01  2.980922e-02 
 1.260464e+01  3.101415e-02 
 1.260504e+01  3.220798e-02 
 1.260544e+01  3.340316e-02 
 1.260584e+01  3.458530e-02 
 1.260624e+01  3.574491e-02 
 1.260663e+01  3.689351e-02 
 1.260703e+01  3.804101e-02 
 1.260743e+01  3.916908e-02 
 1.260783e+01  4.027610e-02 
 1.260822e+01  4.137274e-02 
 1.260862e+01  4.242925e-02 
 1.260902e+01  4.347387e-02 
 1.260942e+01  4.449575e-02 
 1.260981e+01  4.550394e-02 
 1.261021e+01  4.648296e-02 
 1.261061e+01  4.745795e-02 
 1.261101e+01  4.840647e-02 
 1.261141e+01  4.932611e-02 
 1.261180e+01  5.023837e-02 
 1.261220e+01  5.112963e-02 
 1.261260e+01  5.199898e-02 
 1.261300e+01  5.285559e-02 
 1.261339e+01  5.368503e-02 
 1.261379e+01  5.450590e-02 
 1.261419e+01  5.529818e-02 
 1.261459e+01  5.608036e-02 
 1.261498e+01  5.683592e-02 
 1.261538e+01  5.756948e-02 
 1.261578e+01  5.827520e-02 
 1.261618e+01  5.897986e-02 
 1.261658e+01  5.964755e-02 
 1.261697e+01  6.029867e-02 
 1.261737e+01  6.093452e-02 
 1.261777e+01  6.154986e-02 
 1.261817e+01  6.212716e-02 
 1.261856e+01  6.268390e-02 
 1.261896e+01  6.321579e-02 
 1.261936e+01  6.370584e-02 
 1.261976e+01  6.418078e-02 
 1.262015e+01  6.462945e-02 
 1.262055e+01  6.505060e-02 
 1.262095e+01  6.544376e-02 
 1.262135e+01  6.581793e-02 
 1.262175e+01  6.615532e-02 
 1.262214e+01  6.647148e-02 
 1.262254e+01  6.675181e-02 
 1.262294e+01  6.700709e-02 
 1.262334e+01  6.722217e-02 
 1.262373e+01  6.740317e-02 
 1.262413e+01  6.755623e-02 
 1.262453e+01  6.766989e-02 
 1.262493e+01  6.776040e-02 
 1.262532e+01  6.780414e-02 
 1.262572e+01  6.781940e-02 
 1.262612e+01  6.781566e-02 
 1.262652e+01  6.777437e-02 
 1.262692e+01  6.771017e-02 
 1.262731e+01  6.761395e-02 
 1.262771e+01  6.747059e-02 
 1.262811e+01  6.728660e-02 
 1.262851e+01  6.707079e-02 
 1.262890e+01  6.682106e-02 
 1.262930e+01  6.653855e-02 
 1.262970e+01  6.622801e-02 
 1.263010e+01  6.587625e-02 
 1.263049e+01  6.548977e-02 
 1.263089e+01  6.509089e-02 
 1.263129e+01  6.466730e-02 
 1.263169e+01  6.419898e-02 
 1.263209e+01  6.369767e-02 
 1.263248e+01  6.316811e-02 
 1.263288e+01  6.259415e-02 
 1.263328e+01  6.200354e-02 
 1.263368e+01  6.138671e-02 
 1.263407e+01  6.074607e-02 
 1.263447e+01  6.005871e-02 
 1.263487e+01  5.934305e-02 
 1.263527e+01  5.861263e-02 
 1.263567e+01  5.784572e-02 
 1.263606e+01  5.706763e-02 
 1.263646e+01  5.627058e-02 
 1.263686e+01  5.543770e-02 
 1.263726e+01  5.457531e-02 
 1.263765e+01  5.368308e-02 
 1.263805e+01  5.275664e-02 
 1.263845e+01  5.181056e-02 
 1.263885e+01  5.084225e-02 
 1.263924e+01  4.984612e-02 
 1.263964e+01  4.882714e-02 
 1.264004e+01  4.779691e-02 
 1.264044e+01  4.674531e-02 
 1.264084e+01  4.568986e-02 
 1.264123e+01  4.462861e-02 
 1.264163e+01  4.354545e-02 
 1.264203e+01  4.244961e-02 
 1.264243e+01  4.134451e-02 
 1.264282e+01  4.022337e-02 
 1.264322e+01  3.908985e-02 
 1.264362e+01  3.796001e-02 
 1.264402e+01  3.679645e-02 
 1.264441e+01  3.562200e-02 
 1.264481e+01  3.445073e-02 
 1.264521e+01  3.327353e-02 
 1.264561e+01  3.209415e-02 
 1.264601e+01  3.093482e-02 
 1.264640e+01  2.977559e-02 
 1.264680e+01  2.858303e-02 
 1.264720e+01  2.739524e-02 
 1.264760e+01  2.619030e-02 
 1.264799e+01  2.498455e-02 
 1.264839e+01  2.378448e-02 
 1.264879e+01  2.258807e-02 
 1.264919e+01  2.137767e-02 
 1.264958e+01  2.017923e-02 
 1.264998e+01  1.898707e-02 
 1.265038e+01  1.780052e-02 
 1.265078e+01  1.662593e-02 
 1.265118e+01  1.545041e-02 
 1.265157e+01  1.426170e-02 
 1.265197e+01  1.306333e-02 
 1.265237e+01  1.188245e-02 
 1.265277e+01  1.070073e-02 
 1.265316e+01  9.519925e-03 
 1.265356e+01  8.342225e-03 
 1.265396e+01  7.174786e-03 
 1.265436e+01  5.993560e-03 
 1.265475e+01  4.838837e-03 
 1.265515e+01  3.694928e-03 
 1.265555e+01  2.571570e-03 
 1.265595e+01  1.443420e-03 
 1.265635e+01  3.070449e-04 
 1.265674e+01 -8.358717e-04 
 1.265714e+01 -1.976260e-03 
 1.265754e+01 -3.099426e-03 
 1.265794e+01 -4.216704e-03 
 1.265833e+01 -5.319565e-03 
 1.265873e+01 -6.414029e-03 
 1.265913e+01 -7.490505e-03 
 1.265953e+01 -8.552830e-03 
 1.265992e+01 -9.592062e-03 
 1.266032e+01 -1.060519e-02 
 1.266072e+01 -1.160534e-02 
 1.266112e+01 -1.259848e-02 
 1.266152e+01 -1.356871e-02 
 1.266191e+01 -1.452341e-02 
 1.266231e+01 -1.545576e-02 
 1.266271e+01 -1.636569e-02 
 1.266311e+01 -1.725696e-02 
 1.266350e+01 -1.812412e-02 
 1.266390e+01 -1.897536e-02 
 1.266430e+01 -1.978205e-02 
 1.266470e+01 -2.055208e-02 
 1.266509e+01 -2.129588e-02 
 1.266549e+01 -2.200758e-02 
 1.266589e+01 -2.270193e-02 
 1.266629e+01 -2.337233e-02 
 1.266669e+01 -2.402564e-02 
 1.266708e+01 -2.464698e-02 
 1.266748e+01 -2.523297e-02 
 1.266788e+01 -2.579325e-02 
 1.266828e+01 -2.632313e-02 
 1.266867e+01 -2.680994e-02 
 1.266907e+01 -2.725450e-02 
 1.266947e+01 -2.766778e-02 
 1.266987e+01 -2.803218e-02 
 1.267026e+01 -2.837419e-02 
 1.267066e+01 -2.868128e-02 
 1.267106e+01 -2.896474e-02 
 1.267146e+01 -2.922260e-02 
 1.267186e+01 -2.945255e-02 
 1.267225e+01 -2.965634e-02 
 1.267265e+01 -2.981164e-02 
 1.267305e+01 -2.994503e-02 
 1.267345e+01 -3.003614e-02 
 1.267384e+01 -3.009129e-02 
 1.267424e+01 -3.009283e-02 
 1.267464e+01 -3.005886e-02 
 1.267504e+01 -2.998128e-02 
 1.267543e+01 -2.989578e-02 
 1.267583e+01 -2.978924e-02 
 1.267623e+01 -2.964859e-02 
 1.267663e+01 -2.948279e-02 
 1.267703e+01 -2.928902e-02 
 1.267742e+01 -2.905614e-02 
 1.267782e+01 -2.878924e-02 
 1.267822e+01 -2.850092e-02 
 1.267862e+01 -2.817292e-02 
 1.267901e+01 -2.781111e-02 
 1.267941e+01 -2.740002e-02 
 1.267981e+01 -2.698082e-02 
 1.268021e+01 -2.652256e-02 
 1.268060e+01 -2.605314e-02 
 1.268100e+01 -2.555380e-02 
 1.268140e+01 -2.502437e-02 
 1.268180e+01 -2.445897e-02 
 1.268220e+01 -2.387563e-02 
 1.268259e+01 -2.326737e-02 
 1.268299e+01 -2.262894e-02 
 1.268339e+01 -2.197794e-02 
 1.268379e+01 -2.129855e-02 
 1.268418e+01 -2.057608e-02 
 1.268458e+01 -1.983624e-02 
 1.268498e+01 -1.909571e-02 
 1.268538e+01 -1.832628e-02 
 1.268577e+01 -1.754410e-02 
 1.268617e+01 -1.675130e-02 
 1.268657e+01 -1.592720e-02 
 1.268697e+01 -1.508347e-02 
 1.268737e+01 -1.424131e-02 
 1.268776e+01 -1.336838e-02 
 1.268816e+01 -1.247320e-02 
 1.268856e+01 -1.156344e-02 
 1.268896e+01 -1.062114e-02 
 1.268935e+01 -9.667938e-03 
 1.268975e+01 -8.691605e-03 
 1.269015e+01 -7.708888e-03 
 1.269055e+01 -6.700710e-03 
 1.269094e+01 -5.692690e-03 
 1.269134e+01 -4.663585e-03 
 1.269174e+01 -3.609448e-03 
 1.269214e+01 -2.556764e-03 
 1.269254e+01 -1.492298e-03 
 1.269293e+01 -3.942136e-04 
 1.269333e+01  7.238421e-04 
 1.269373e+01  1.867796e-03 
 1.269413e+01  3.022617e-03 
 1.269452e+01  4.194654e-03 
 1.269492e+01  5.371792e-03 
 1.269532e+01  6.552759e-03 
 1.269572e+01  7.748932e-03 
 1.269611e+01  8.948053e-03 
 1.269651e+01  1.017484e-02 
 1.269691e+01  1.139527e-02 
 1.269731e+01  1.263687e-02 
 1.269771e+01  1.388272e-02 
 1.269810e+01  1.514455e-02 
 1.269850e+01  1.642001e-02 
 1.269890e+01  1.769265e-02 
 1.269930e+01  1.896518e-02 
 1.269969e+01  2.023996e-02 
 1.270009e+01  2.150782e-02 
 1.270049e+01  2.278185e-02 
 1.270089e+01  2.405746e-02 
 1.270128e+01  2.533266e-02 
 1.270168e+01  2.659593e-02 
 1.270208e+01  2.785137e-02 
 1.270248e+01  2.911242e-02 
 1.270288e+01  3.036047e-02 
 1.270327e+01  3.161781e-02 
 1.270367e+01  3.286058e-02 
 1.270407e+01  3.409032e-02 
 1.270447e+01  3.529262e-02 
 1.270486e+01  3.648662e-02 
 1.270526e+01  3.768308e-02 
 1.270566e+01  3.884634e-02 
 1.270606e+01  3.998714e-02 
 1.270645e+01  4.112121e-02 
 1.270685e+01  4.223417e-02 
 1.270725e+01  4.331046e-02 
 1.270765e+01  4.438935e-02 
 1.270805e+01  4.544686e-02 
 1.270844e+01  4.648165e-02 
 1.270884e+01  4.749545e-02 
 1.270924e+01  4.850137e-02 
 1.270964e+01  4.947679e-02 
 1.271003e+01  5.043827e-02 
 1.271043e+01  5.138519e-02 
 1.271083e+01  5.229837e-02 
 1.271123e+01  5.316863e-02 
 1.271162e+01  5.401959e-02 
 1.271202e+01  5.484704e-02 
 1.271242e+01  5.564809e-02 
 1.271282e+01  5.643257e-02 
 1.271322e+01  5.718439e-02 
 1.271361e+01  5.791187e-02 
 1.271401e+01  5.861905e-02 
 1.271441e+01  5.929787e-02 
 1.271481e+01  5.994744e-02 
 1.271520e+01  6.057247e-02 
 1.271560e+01  6.116336e-02 
 1.271600e+01  6.172938e-02 
 1.271640e+01  6.225437e-02 
 1.271679e+01  6.276659e-02 
 1.271719e+01  6.324728e-02 
 1.271759e+01  6.370827e-02 
 1.271799e+01  6.412825e-02 
 1.271839e+01  6.454304e-02 
 1.271878e+01  6.492730e-02 
 1.271918e+01  6.528318e-02 
 1.271958e+01  6.561156e-02 
 1.271998e+01  6.591627e-02 
 1.272037e+01  6.619466e-02 
 1.272077e+01  6.643859e-02 
 1.272117e+01  6.664763e-02 
 1.272157e+01  6.682137e-02 
 1.272196e+01  6.698554e-02 
 1.272236e+01  6.712512e-02 
 1.272276e+01  6.723003e-02 
 1.272316e+01  6.731056e-02 
 1.272356e+01  6.736107e-02 
 1.272395e+01  6.738080e-02 
 1.272435e+01  6.738197e-02 
 1.272475e+01  6.734917e-02 
 1.272515e+01  6.728339e-02 
 1.272554e+01  6.718510e-02 
 1.272594e+01  6.705673e-02 
 1.272634e+01  6.688693e-02 
 1.272674e+01  6.669265e-02 
 1.272714e+01  6.647415e-02 
 1.272753e+01  6.622724e-02 
 1.272793e+01  6.594134e-02 
 1.272833e+01  6.563363e-02 
 1.272873e+01  6.529896e-02 
 1.272912e+01  6.494598e-02 
 1.272952e+01  6.456351e-02 
 1.272992e+01  6.414132e-02 
 1.273032e+01  6.368120e-02 
 1.273071e+01  6.318240e-02 
 1.273111e+01  6.265168e-02 
 1.273151e+01  6.210045e-02 
 1.273191e+01  6.151051e-02 
 1.273231e+01  6.088840e-02 
 1.273270e+01  6.024485e-02 
 1.273310e+01  5.956444e-02 
 1.273350e+01  5.886688e-02 
 1.273390e+01  5.814542e-02 
 1.273429e+01  5.739898e-02 
 1.273469e+01  5.661607e-02 
 1.273509e+01  5.579431e-02 
 1.273549e+01  5.495566e-02 
 1.273588e+01  5.408675e-02 
 1.273628e+01  5.319590e-02 
 1.273668e+01  5.228555e-02 
 1.273708e+01  5.135766e-02 
 1.273748e+01  5.040880e-02 
 1.273787e+01  4.944115e-02 
 1.273827e+01  4.846025e-02 
 1.273867e+01  4.746496e-02 
 1.273907e+01  4.644287e-02 
 1.273946e+01  4.541209e-02 
 1.273986e+01  4.433604e-02 
 1.274026e+01  4.324202e-02 
 1.274066e+01  4.212605e-02 
 1.274105e+01  4.100385e-02 
 1.274145e+01  3.986453e-02 
 1.274185e+01  3.871310e-02 
 1.274225e+01  3.754603e-02 
 1.274265e+01  3.636528e-02 
 1.274304e+01  3.519052e-02 
 1.274344e+01  3.399884e-02 
 1.274384e+01  3.279985e-02 
 1.274424e+01  3.159453e-02 
 1.274463e+01  3.037717e-02 
 1.274503e+01  2.912978e-02 
 1.274543e+01  2.787408e-02 
 1.274583e+01  2.661532e-02 
 1.274622e+01  2.536144e-02 
 1.274662e+01  2.409354e-02 
 1.274702e+01  2.283591e-02 
 1.274742e+01  2.157419e-02 
 1.274782e+01  2.031918e-02 
 1.274821e+01  1.907584e-02 
 1.274861e+01  1.785085e-02 
 1.274901e+01  1.661773e-02 
 1.274941e+01  1.538058e-02 
 1.274980e+01  1.414531e-02 
 1.275020e+01  1.290322e-02 
 1.275060e+01  1.167575e-02 
 1.275100e+01  1.045497e-02 
 1.275139e+01  9.238650e-03 
 1.275179e+01  8.027171e-03 
 1.275219e+01  6.831402e-03 
 1.275259e+01  5.654652e-03 
 1.275299e+01  4.494574e-03 
 1.275338e+01  3.363695e-03 
 1.275378e+01  2.238265e-03 
 1.275418e+01  1.110117e-03 
 1.275458e+01 -4.146329e-06 
 1.275497e+01 -1.106212e-03 
 1.275537e+01 -2.202518e-03 
 1.275577e+01 -3.278231e-03 
 1.275617e+01 -4.325389e-03 
 1.275656e+01 -5.368844e-03 
 1.275696e+01 -6.389339e-03 
 1.275736e+01 -7.398780e-03 
 1.275776e+01 -8.360271e-03 
 1.275816e+01 -9.317445e-03 
 1.275855e+01 -1.025438e-02 
 1.275895e+01 -1.119086e-02 
 1.275935e+01 -1.212302e-02 
 1.275975e+01 -1.304040e-02 
 1.276014e+01 -1.394462e-02 
 1.276054e+01 -1.482634e-02 
 1.276094e+01 -1.571227e-02 
 1.276134e+01 -1.656760e-02 
 1.276173e+01 -1.740597e-02 
 1.276213e+01 -1.821886e-02 
 1.276253e+01 -1.899992e-02 
 1.276293e+01 -1.974959e-02 
 1.276333e+01 -2.049075e-02 
 1.276372e+01 -2.121791e-02 
 1.276412e+01 -2.192929e-02 
 1.276452e+01 -2.262329e-02 
 1.276492e+01 -2.329872e-02 
 1.276531e+01 -2.393456e-02 
 1.276571e+01 -2.454319e-02 
 1.276611e+01 -2.512688e-02 
 1.276651e+01 -2.568303e-02 
 1.276690e+01 -2.621075e-02 
 1.276730e+01 -2.669440e-02 
 1.276770e+01 -2.715193e-02 
 1.276810e+01 -2.756906e-02 
 1.276850e+01 -2.796464e-02 
 1.276889e+01 -2.835202e-02 
 1.276929e+01 -2.869938e-02 
 1.276969e+01 -2.900705e-02 
 1.277009e+01 -2.928789e-02 
 1.277048e+01 -2.952044e-02 
 1.277088e+01 -2.971974e-02 
 1.277128e+01 -2.988968e-02 
 1.277168e+01 -3.002923e-02 
 1.277207e+01 -3.011290e-02 
 1.277247e+01 -3.016216e-02 
 1.277287e+01 -3.018683e-02 
 1.277327e+01 -3.018112e-02 
 1.277367e+01 -3.014362e-02 
 1.277406e+01 -3.009211e-02 
 1.277446e+01 -2.999102e-02 
 1.277486e+01 -2.984908e-02 
 1.277526e+01 -2.966994e-02 
 1.277565e+01 -2.946409e-02 
 1.277605e+01 -2.922665e-02 
 1.277645e+01 -2.895754e-02 
 1.277685e+01 -2.864590e-02 
 1.277724e+01 -2.828825e-02 
 1.277764e+01 -2.790853e-02 
 1.277804e+01 -2.749930e-02 
 1.277844e+01 -2.706119e-02 
 1.277884e+01 -2.659411e-02 
 1.277923e+01 -2.610595e-02 
 1.277963e+01 -2.558035e-02 
 1.278003e+01 -2.502847e-02 
 1.278043e+01 -2.445611e-02 
 1.278082e+01 -2.384949e-02 
 1.278122e+01 -2.321510e-02 
 1.278162e+01 -2.254618e-02 
 1.278202e+01 -2.186100e-02 
 1.278241e+01 -2.113412e-02 
 1.278281e+01 -2.038438e-02 
 1.278321e+01 -1.962376e-02 
 1.278361e+01 -1.883276e-02 
 1.278401e+01 -1.801809e-02 
 1.278440e+01 -1.718297e-02 
 1.278480e+01 -1.632583e-02 
 1.278520e+01 -1.543445e-02 
 1.278560e+01 -1.453291e-02 
 1.278599e+01 -1.360842e-02 
 1.278639e+01 -1.265936e-02 
 1.278679e+01 -1.168429e-02 
 1.278719e+01 -1.070541e-02 
 1.278758e+01 -9.695783e-03 
 1.278798e+01 -8.670391e-03 
 1.278838e+01 -7.649080e-03 
 1.278878e+01 -6.599777e-03 
 1.278918e+01 -5.547033e-03 
 1.278957e+01 -4.476303e-03 
 1.278997e+01 -3.392022e-03 
 1.279037e+01 -2.297166e-03 
 1.279077e+01 -1.190713e-03 
 1.279116e+01 -7.490168e-05 
 1.279156e+01  1.057129e-03 
 1.279196e+01  2.189879e-03 
 1.279236e+01  3.331509e-03 
 1.279275e+01  4.482479e-03 
 1.279315e+01  5.628201e-03 
 1.279355e+01  6.778406e-03 
 1.279395e+01  7.947511e-03 
 1.279435e+01  9.119639e-03 
 1.279474e+01  1.030261e-02 
 1.279514e+01  1.147288e-02 
 1.279554e+01  1.265200e-02 
 1.279594e+01  1.384689e-02 
 1.279633e+01  1.503845e-02 
 1.279673e+01  1.623848e-02 
 1.279713e+01  1.744097e-02 
 1.279753e+01  1.864065e-02 
 1.279792e+01  1.984206e-02 
 1.279832e+01  2.106101e-02 
 1.279872e+01  2.227822e-02 
 1.279912e+01  2.349021e-02 
 1.279952e+01  2.470159e-02 
 1.279991e+01  2.590885e-02 
 1.280031e+01  2.710795e-02 
 1.280071e+01  2.831357e-02 
 1.280111e+01  2.952584e-02 
 1.280150e+01  3.072946e-02 
 1.280190e+01  3.192418e-02 
 1.280230e+01  3.311355e-02 
 1.280270e+01  3.429421e-02 
 1.280309e+01  3.547702e-02 
 1.280349e+01  3.666414e-02 
 1.280389e+01  3.784543e-02 
 1.280429e+01  3.900470e-02 
 1.280469e+01  4.015440e-02 
 1.280508e+01  4.129628e-02 
 1.280548e+01  4.243147e-02 
 1.280588e+01  4.355165e-02 
 1.280628e+01  4.466611e-02 
 1.280667e+01  4.575427e-02 
 1.280707e+01  4.681695e-02 
 1.280747e+01  4.787324e-02 
 1.280787e+01  4.890758e-02 
 1.280826e+01  4.992143e-02 
 1.280866e+01  5.090731e-02 
 1.280906e+01  5.187199e-02 
 1.280946e+01  5.280611e-02 
 1.280986e+01  5.372054e-02 
 1.281025e+01  5.462936e-02 
 1.281065e+01  5.550256e-02 
 1.281105e+01  5.634302e-02 
 1.281145e+01  5.715708e-02 
 1.281184e+01  5.793935e-02 
 1.281224e+01  5.867892e-02 
 1.281264e+01  5.939786e-02 
 1.281304e+01  6.009582e-02 
 1.281343e+01  6.075458e-02 
 1.281383e+01  6.139196e-02 
 1.281423e+01  6.198839e-02 
 1.281463e+01  6.255546e-02 
 1.281503e+01  6.308549e-02 
 1.281542e+01  6.359119e-02 
 1.281582e+01  6.406343e-02 
 1.281622e+01  6.450169e-02 
 1.281662e+01  6.491703e-02 
 1.281701e+01  6.529787e-02 
 1.281741e+01  6.565087e-02 
 1.281781e+01  6.597984e-02 
 1.281821e+01  6.627442e-02 
 1.281861e+01  6.652266e-02 
 1.281900e+01  6.675030e-02 
 1.281940e+01  6.693236e-02 
 1.281980e+01  6.709535e-02 
 1.282020e+01  6.721655e-02 
 1.282059e+01  6.732836e-02 
 1.282099e+01  6.738858e-02 
 1.282139e+01  6.742137e-02 
 1.282179e+01  6.743309e-02 
 1.282218e+01  6.742966e-02 
 1.282258e+01  6.740560e-02 
 1.282298e+01  6.733831e-02 
 1.282338e+01  6.724291e-02 
 1.282378e+01  6.711485e-02 
 1.282417e+01  6.694895e-02 
 1.282457e+01  6.675612e-02 
 1.282497e+01  6.655125e-02 
 1.282537e+01  6.630889e-02 
 1.282576e+01  6.604707e-02 
 1.282616e+01  6.575086e-02 
 1.282656e+01  6.544381e-02 
 1.282696e+01  6.510666e-02 
 1.282735e+01  6.473597e-02 
 1.282775e+01  6.432291e-02 
 1.282815e+01  6.387768e-02 
 1.282855e+01  6.339957e-02 
 1.282895e+01  6.289080e-02 
 1.282934e+01  6.237361e-02 
 1.282974e+01  6.181778e-02 
 1.283014e+01  6.124835e-02 
 1.283054e+01  6.064663e-02 
 1.283093e+01  6.002553e-02 
 1.283133e+01  5.937529e-02 
 1.283173e+01  5.870930e-02 
 1.283213e+01  5.801997e-02 
 1.283252e+01  5.730826e-02 
 1.283292e+01  5.656241e-02 
 1.283332e+01  5.578492e-02 
 1.283372e+01  5.498871e-02 
 1.283412e+01  5.416761e-02 
 1.283451e+01  5.332415e-02 
 1.283491e+01  5.246406e-02 
 1.283531e+01  5.157041e-02 
 1.283571e+01  5.066375e-02 
 1.283610e+01  4.973061e-02 
 1.283650e+01  4.878152e-02 
 1.283690e+01  4.780408e-02 
 1.283730e+01  4.681133e-02 
 1.283769e+01  4.578656e-02 
 1.283809e+01  4.473788e-02 
 1.283849e+01  4.367460e-02 
 1.283889e+01  4.260050e-02 
 1.283929e+01  4.150854e-02 
 1.283968e+01  4.039895e-02 
 1.284008e+01  3.926886e-02 
 1.284048e+01  3.812554e-02 
 1.284088e+01  3.695859e-02 
 1.284127e+01  3.579146e-02 
 1.284167e+01  3.462087e-02 
 1.284207e+01  3.342641e-02 
 1.284247e+01  3.222351e-02 
 1.284286e+01  3.100798e-02 
 1.284326e+01  2.977033e-02 
 1.284366e+01  2.852711e-02 
 1.284406e+01  2.728871e-02 
 1.284446e+01  2.604307e-02 
 1.284485e+01  2.478875e-02 
 1.284525e+01  2.351709e-02 
 1.284565e+01  2.227148e-02 
 1.284605e+01  2.101424e-02 
 1.284644e+01  1.976736e-02 
 1.284684e+01  1.850497e-02 
 1.284724e+01  1.724290e-02 
 1.284764e+01  1.596197e-02 
 1.284803e+01  1.469909e-02 
 1.284843e+01  1.344016e-02 
 1.284883e+01  1.218618e-02 
 1.284923e+01  1.094813e-02 
 1.284963e+01  9.714140e-03 
 1.285002e+01  8.475321e-03 
 1.285042e+01  7.253401e-03 
 1.285082e+01  6.062331e-03 
 1.285122e+01  4.880822e-03 
 1.285161e+01  3.704817e-03 
 1.285201e+01  2.536344e-03 
 1.285241e+01  1.369852e-03 
 1.285281e+01  2.106350e-04 
 1.285320e+01 -9.240373e-04 
 1.285360e+01 -2.041062e-03 
 1.285400e+01 -3.142477e-03 
 1.285440e+01 -4.234683e-03 
 1.285480e+01 -5.301015e-03 
 1.285519e+01 -6.363157e-03 
 1.285559e+01 -7.394871e-03 
 1.285599e+01 -8.398965e-03 
 1.285639e+01 -9.408405e-03 
 1.285678e+01 -1.040621e-02 
 1.285718e+01 -1.138880e-02 
 1.285758e+01 -1.234988e-02 
 1.285798e+01 -1.328925e-02 
 1.285837e+01 -1.418657e-02 
 1.285877e+01 -1.506928e-02 
 1.285917e+01 -1.593940e-02 
 1.285957e+01 -1.677848e-02 
 1.285997e+01 -1.758432e-02 
 1.286036e+01 -1.837424e-02 
 1.286076e+01 -1.912952e-02 
 1.286116e+01 -1.985030e-02 
 1.286156e+01 -2.055889e-02 
 1.286195e+01 -2.125610e-02 
 1.286235e+01 -2.193372e-02 
 1.286275e+01 -2.257940e-02 
 1.286315e+01 -2.319931e-02 
 1.286354e+01 -2.379098e-02 
 1.286394e+01 -2.434296e-02 
 1.286434e+01 -2.488745e-02 
 1.286474e+01 -2.538605e-02 
 1.286514e+01 -2.585656e-02 
 1.286553e+01 -2.629722e-02 
 1.286593e+01 -2.671578e-02 
 1.286633e+01 -2.711043e-02 
 1.286673e+01 -2.748949e-02 
 1.286712e+01 -2.785754e-02 
 1.286752e+01 -2.818282e-02 
 1.286792e+01 -2.847687e-02 
 1.286832e+01 -2.873773e-02 
 1.286871e+01 -2.897589e-02 
 1.286911e+01 -2.918456e-02 
 1.286951e+01 -2.937004e-02 
 1.286991e+01 -2.951326e-02 
 1.287031e+01 -2.961769e-02 
 1.287070e+01 -2.970172e-02 
 1.287110e+01 -2.976149e-02 
 1.287150e+01 -2.980179e-02 
 1.287190e+01 -2.981852e-02 
 1.287229e+01 -2.980293e-02 
 1.287269e+01 -2.974577e-02 
 1.287309e+01 -2.964788e-02 
 1.287349e+01 -2.951610e-02 
 1.287388e+01 -2.935882e-02 
 1.287428e+01 -2.916239e-02 
 1.287468e+01 -2.893657e-02 
 1.287508e+01 -2.866986e-02 
 1.287548e+01 -2.838825e-02 
 1.287587e+01 -2.807834e-02 
 1.287627e+01 -2.774866e-02 
 1.287667e+01 -2.737964e-02 
 1.287707e+01 -2.696657e-02 
 1.287746e+01 -2.651704e-02 
 1.287786e+01 -2.602799e-02 
 1.287826e+01 -2.549614e-02 
 1.287866e+01 -2.493919e-02 
 1.287905e+01 -2.435501e-02 
 1.287945e+01 -2.372463e-02 
 1.287985e+01 -2.307283e-02 
 1.288025e+01 -2.239046e-02 
 1.288065e+01 -2.168502e-02 
 1.288104e+01 -2.095800e-02 
 1.288144e+01 -2.021216e-02 
 1.288184e+01 -1.942668e-02 
 1.288224e+01 -1.860850e-02 
 1.288263e+01 -1.776405e-02 
 1.288303e+01 -1.690011e-02 
 1.288343e+01 -1.599999e-02 
 1.288383e+01 -1.508045e-02 
 1.288422e+01 -1.413964e-02 
 1.288462e+01 -1.318153e-02 
 1.288502e+01 -1.220061e-02 
 1.288542e+01 -1.121721e-02 
 1.288582e+01 -1.021890e-02 
 1.288621e+01 -9.190496e-03 
 1.288661e+01 -8.151101e-03 
 1.288701e+01 -7.094666e-03 
 1.288741e+01 -6.018744e-03 
 1.288780e+01 -4.930631e-03 
 1.288820e+01 -3.841460e-03 
 1.288860e+01 -2.731655e-03 
 1.288900e+01 -1.606810e-03 
 1.288939e+01 -4.857978e-04 
 1.288979e+01  6.590754e-04 
 1.289019e+01  1.823257e-03 
 1.289059e+01  2.981998e-03 
 1.289099e+01  4.145701e-03 
 1.289138e+01  5.329843e-03 
 1.289178e+01  6.515456e-03 
 1.289218e+01  7.707124e-03 
 1.289258e+01  8.913846e-03 
 1.289297e+01  1.012597e-02 
 1.289337e+01  1.133140e-02 
 1.289377e+01  1.256029e-02 
 1.289417e+01  1.379397e-02 
 1.289456e+01  1.502525e-02 
 1.289496e+01  1.624642e-02 
 1.289536e+01  1.747845e-02 
 1.289576e+01  1.870184e-02 
 1.289616e+01  1.991449e-02 
 1.289655e+01  2.113855e-02 
 1.289695e+01  2.236376e-02 
 1.289735e+01  2.356381e-02 
 1.289775e+01  2.477693e-02 
 1.289814e+01  2.598167e-02 
 1.289854e+01  2.717826e-02 
 1.289894e+01  2.838445e-02 
 1.289934e+01  2.959832e-02 
 1.289973e+01  3.078564e-02 
 1.290013e+01  3.196479e-02 
 1.290053e+01  3.313579e-02 
 1.290093e+01  3.429722e-02 
 1.290133e+01  3.543738e-02 
 1.290172e+01  3.657571e-02 
 1.290212e+01  3.770155e-02 
 1.290252e+01  3.880351e-02 
 1.290292e+01  3.990698e-02 
 1.290331e+01  4.100187e-02 
 1.290371e+01  4.207829e-02 
 1.290411e+01  4.314061e-02 
 1.290451e+01  4.418773e-02 
 1.290490e+01  4.522042e-02 
 1.290530e+01  4.623664e-02 
 1.290570e+01  4.724787e-02 
 1.290610e+01  4.824881e-02 
 1.290650e+01  4.921916e-02 
 1.290689e+01  5.017853e-02 
 1.290729e+01  5.111397e-02 
 1.290769e+01  5.204022e-02 
 1.290809e+01  5.293822e-02 
 1.290848e+01  5.382621e-02 
 1.290888e+01  5.469876e-02 
 1.290928e+01  5.555569e-02 
 1.290968e+01  5.638757e-02 
 1.291008e+01  5.720758e-02 
 1.291047e+01  5.799137e-02 
 1.291087e+01  5.875620e-02 
 1.291127e+01  5.950385e-02 
 1.291167e+01  6.020983e-02 
 1.291206e+01  6.089056e-02 
 1.291246e+01  6.154873e-02 
 1.291286e+01  6.217287e-02 
 1.291326e+01  6.277336e-02 
 1.291365e+01  6.334572e-02 
 1.291405e+01  6.388685e-02 
 1.291445e+01  6.439619e-02 
 1.291485e+01  6.486894e-02 
 1.291525e+01  6.532008e-02 
 1.291564e+01  6.572756e-02 
 1.291604e+01  6.610613e-02 
 1.291644e+01  6.643899e-02 
 1.291684e+01  6.673000e-02 
 1.291723e+01  6.697741e-02 
 1.291763e+01  6.720264e-02 
 1.291803e+01  6.740982e-02 
 1.291843e+01  6.757459e-02 
 1.291882e+01  6.771193e-02 
 1.291922e+01  6.780662e-02 
 1.291962e+01  6.787099e-02 
 1.292002e+01  6.790826e-02 
 1.292042e+01  6.791222e-02 
 1.292081e+01  6.788032e-02 
 1.292121e+01  6.779619e-02 
 1.292161e+01  6.769036e-02 
 1.292201e+01  6.754146e-02 
 1.292240e+01  6.736740e-02 
 1.292280e+01  6.717496e-02 
 1.292320e+01  6.694871e-02 
 1.292360e+01  6.667745e-02 
 1.292399e+01  6.638241e-02 
 1.292439e+01  6.606992e-02 
 1.292479e+01  6.572262e-02 
 1.292519e+01  6.535200e-02 
 1.292559e+01  6.495362e-02 
 1.292598e+01  6.451134e-02 
 1.292638e+01  6.403308e-02 
 1.292678e+01  6.354538e-02 
 1.292718e+01  6.303654e-02 
 1.292757e+01  6.249385e-02 
 1.292797e+01  6.193995e-02 
 1.292837e+01  6.136238e-02 
 1.292877e+01  6.074641e-02 
 1.292916e+01  6.012269e-02 
 1.292956e+01  5.947080e-02 
 1.292996e+01  5.880141e-02 
 1.293036e+01  5.808647e-02 
 1.293076e+01  5.733998e-02 
 1.293115e+01  5.656686e-02 
 1.293155e+01  5.576030e-02 
 1.293195e+01  5.494930e-02 
 1.293235e+01  5.411037e-02 
 1.293274e+01  5.323888e-02 
 1.293314e+01  5.236361e-02 
 1.293354e+01  5.147496e-02 
 1.293394e+01  5.056078e-02 
 1.293433e+01  4.963761e-02 
 1.293473e+01  4.869555e-02 
 1.293513e+01  4.772211e-02 
 1.293553e+01  4.672093e-02 
 1.293593e+01  4.570273e-02 
 1.293632e+01  4.466284e-02 
 1.293672e+01  4.360353e-02 
 1.293712e+01  4.254504e-02 
 1.293752e+01  4.147674e-02 
 1.293791e+01  4.039857e-02 
 1.293831e+01  3.930943e-02 
 1.293871e+01  3.821928e-02 
 1.293911e+01  3.710843e-02 
 1.293950e+01  3.599035e-02 
 1.293990e+01  3.484867e-02 
 1.294030e+01  3.369270e-02 
 1.294070e+01  3.251215e-02 
 1.294110e+01  3.132563e-02 
 1.294149e+01  3.012362e-02 
 1.294189e+01  2.892934e-02 
 1.294229e+01  2.773250e-02 
 1.294269e+01  2.652855e-02 
 1.294308e+01  2.530895e-02 
 1.294348e+01  2.408191e-02 
 1.294388e+01  2.286161e-02 
 1.294428e+01  2.162918e-02 
 1.294467e+01  2.038902e-02 
 1.294507e+01  1.914344e-02 
 1.294547e+01  1.789021e-02 
 1.294587e+01  1.663311e-02 
 1.294627e+01  1.538537e-02 
 1.294666e+01  1.414653e-02 
 1.294706e+01  1.291408e-02 
 1.294746e+01  1.168608e-02 
 1.294786e+01  1.045168e-02 
 1.294825e+01  9.210566e-03 
 1.294865e+01  7.997593e-03 
 1.294905e+01  6.776075e-03 
 1.294945e+01  5.561883e-03 
 1.294984e+01  4.340558e-03 
 1.295024e+01  3.132375e-03 
 1.295064e+01  1.928051e-03 
 1.295104e+01  7.330599e-04 
 1.295144e+01 -4.393923e-04 
 1.295183e+01 -1.599625e-03 
 1.295223e+01 -2.756773e-03 
 1.295263e+01 -3.886434e-03 
 1.295303e+01 -5.009439e-03 
 1.295342e+01 -6.094479e-03 
 1.295382e+01 -7.171340e-03 
 1.295422e+01 -8.216763e-03 
 1.295462e+01 -9.254071e-03 
 1.295501e+01 -1.028207e-02 
 1.295541e+01 -1.129369e-02 
 1.295581e+01 -1.226705e-02 
 1.295621e+01 -1.322609e-02 
 1.295661e+01 -1.416279e-02 
 1.295700e+01 -1.506657e-02 
 1.295740e+01 -1.595127e-02 
 1.295780e+01 -1.681201e-02 
 1.295820e+01 -1.763376e-02 
 1.295859e+01 -1.843044e-02 
 1.295899e+01 -1.920492e-02 
 1.295939e+01 -1.995511e-02 
 1.295979e+01 -2.068592e-02 
 1.296018e+01 -2.139824e-02 
 1.296058e+01 -2.209460e-02 
 1.296098e+01 -2.272634e-02 
 1.296138e+01 -2.334879e-02 
 1.296178e+01 -2.394252e-02 
 1.296217e+01 -2.450042e-02 
 1.296257e+01 -2.503301e-02 
 1.296297e+01 -2.553016e-02 
 1.296337e+01 -2.599832e-02 
 1.296376e+01 -2.642847e-02 
 1.296416e+01 -2.684914e-02 
 1.296456e+01 -2.725463e-02 
 1.296496e+01 -2.762649e-02 
 1.296535e+01 -2.797166e-02 
 1.296575e+01 -2.828288e-02 
 1.296615e+01 -2.854112e-02 
 1.296655e+01 -2.877997e-02 
 1.296695e+01 -2.900225e-02 
 1.296734e+01 -2.917468e-02 
 1.296774e+01 -2.931561e-02 
 1.296814e+01 -2.942273e-02 
 1.296854e+01 -2.950569e-02 
 1.296893e+01 -2.956435e-02 
 1.296933e+01 -2.961118e-02 
 1.296973e+01 -2.962972e-02 
 1.297013e+01 -2.962393e-02 
 1.297052e+01 -2.958492e-02 
 1.297092e+01 -2.950497e-02 
 1.297132e+01 -2.939641e-02 
 1.297172e+01 -2.926828e-02 
 1.297212e+01 -2.910241e-02 
 1.297251e+01 -2.889385e-02 
 1.297291e+01 -2.866118e-02 
 1.297331e+01 -2.838975e-02 
 1.297371e+01 -2.810215e-02 
 1.297410e+01 -2.779290e-02 
 1.297450e+01 -2.745496e-02 
 1.297490e+01 -2.708255e-02 
 1.297530e+01 -2.667959e-02 
 1.297569e+01 -2.624697e-02 
 1.297609e+01 -2.578871e-02 
 1.297649e+01 -2.529507e-02 
 1.297689e+01 -2.477121e-02 
 1.297729e+01 -2.422065e-02 
 1.297768e+01 -2.363522e-02 
 1.297808e+01 -2.301628e-02 
 1.297848e+01 -2.237757e-02 
 1.297888e+01 -2.172722e-02 
 1.297927e+01 -2.104866e-02 
 1.297967e+01 -2.033390e-02 
 1.298007e+01 -1.959628e-02 
 1.298047e+01 -1.883037e-02 
 1.298086e+01 -1.804091e-02 
 1.298126e+01 -1.721859e-02 
 1.298166e+01 -1.637617e-02 
 1.298206e+01 -1.550012e-02 
 1.298246e+01 -1.460080e-02 
 1.298285e+01 -1.368634e-02 
 1.298325e+01 -1.273926e-02 
 1.298365e+01 -1.177660e-02 
 1.298405e+01 -1.081712e-02 
 1.298444e+01 -9.809935e-03 
 1.298484e+01 -8.784919e-03 
 1.298524e+01 -7.751631e-03 
 1.298564e+01 -6.690725e-03 
 1.298603e+01 -5.608684e-03 
 1.298643e+01 -4.518545e-03 
 1.298683e+01 -3.408097e-03 
 1.298723e+01 -2.264542e-03 
 1.298763e+01 -1.116148e-03 
 1.298802e+01  4.133579e-05 
 1.298842e+01  1.223291e-03 
 1.298882e+01  2.405557e-03 
 1.298922e+01  3.589233e-03 
 1.298961e+01  4.804443e-03 
 1.299001e+01  6.034680e-03 
 1.299041e+01  7.265309e-03 
 1.299081e+01  8.491320e-03 
 1.299120e+01  9.729413e-03 
 1.299160e+01  1.095942e-02 
 1.299200e+01  1.220739e-02 
 1.299240e+01  1.345411e-02 
 1.299280e+01  1.470537e-02 
 1.299319e+01  1.594825e-02 
 1.299359e+01  1.720707e-02 
 1.299399e+01  1.845665e-02 
 1.299439e+01  1.971161e-02 
 1.299478e+01  2.096662e-02 
 1.299518e+01  2.222294e-02 
 1.299558e+01  2.345731e-02 
 1.299598e+01  2.468738e-02 
 1.299637e+01  2.591748e-02 
 1.299677e+01  2.714300e-02 
 1.299717e+01  2.836181e-02 
 1.299757e+01  2.957767e-02 
 1.299797e+01  3.077322e-02 
 1.299836e+01  3.196039e-02 
 1.299876e+01  3.313983e-02 
 1.299916e+01  3.431419e-02 
 1.299956e+01  3.545841e-02 
 1.299995e+01  3.660005e-02 
 1.300035e+01  3.772835e-02 
 1.300075e+01  3.883346e-02 
 1.300115e+01  3.992534e-02 
 1.300155e+01  4.100995e-02 
 1.300194e+01  4.208215e-02 
 1.300234e+01  4.313852e-02 
 1.300274e+01  4.417868e-02 
 1.300314e+01  4.521422e-02 
 1.300353e+01  4.622504e-02 
 1.300393e+01  4.721925e-02 
 1.300433e+01  4.819059e-02 
 1.300473e+01  4.913436e-02 
 1.300512e+01  5.006078e-02 
 1.300552e+01  5.097400e-02 
 1.300592e+01  5.186717e-02 
 1.300632e+01  5.273740e-02 
 1.300672e+01  5.360481e-02 
 1.300711e+01  5.445252e-02 
 1.300751e+01  5.527141e-02 
 1.300791e+01  5.607362e-02 
 1.300831e+01  5.685570e-02 
 1.300870e+01  5.761167e-02 
 1.300910e+01  5.833355e-02 
 1.300950e+01  5.904396e-02 
 1.300990e+01  5.971886e-02 
 1.301029e+01  6.036232e-02 
 1.301069e+01  6.099812e-02 
 1.301109e+01  6.160651e-02 
 1.301149e+01  6.219068e-02 
 1.301189e+01  6.274662e-02 
 1.301228e+01  6.328741e-02 
 1.301268e+01  6.380141e-02 
 1.301308e+01  6.428546e-02 
 1.301348e+01  6.474847e-02 
 1.301387e+01  6.518664e-02 
 1.301427e+01  6.557750e-02 
 1.301467e+01  6.594213e-02 
 1.301507e+01  6.627383e-02 
 1.301546e+01  6.659465e-02 
 1.301586e+01  6.687310e-02 
 1.301626e+01  6.713646e-02 
 1.301666e+01  6.735800e-02 
 1.301706e+01  6.753049e-02 
 1.301745e+01  6.768233e-02 
 1.301785e+01  6.780614e-02 
 1.301825e+01  6.788452e-02 
 1.301865e+01  6.793042e-02 
 1.301904e+01  6.794514e-02 
 1.301944e+01  6.790919e-02 
 1.301984e+01  6.783507e-02 
 1.302024e+01  6.774149e-02 
 1.302063e+01  6.761755e-02 
 1.302103e+01  6.744753e-02 
 1.302143e+01  6.725482e-02 
 1.302183e+01  6.702360e-02 
 1.302223e+01  6.676410e-02 
 1.302262e+01  6.648576e-02 
 1.302302e+01  6.617600e-02 
 1.302342e+01  6.582014e-02 
 1.302382e+01  6.541982e-02 
 1.302421e+01  6.499107e-02 
 1.302461e+01  6.451124e-02 
 1.302501e+01  6.401460e-02 
 1.302541e+01  6.350106e-02 
 1.302580e+01  6.294850e-02 
 1.302620e+01  6.237381e-02 
 1.302660e+01  6.176851e-02 
 1.302700e+01  6.113366e-02 
 1.302740e+01  6.047821e-02 
 1.302779e+01  5.980799e-02 
 1.302819e+01  5.909843e-02 
 1.302859e+01  5.835739e-02 
 1.302899e+01  5.758260e-02 
 1.302938e+01  5.680058e-02 
 1.302978e+01  5.597632e-02 
 1.303018e+01  5.515574e-02 
 1.303058e+01  5.431517e-02 
 1.303097e+01  5.345247e-02 
 1.303137e+01  5.257415e-02 
 1.303177e+01  5.168141e-02 
 1.303217e+01  5.076674e-02 
 1.303257e+01  4.982824e-02 
 1.303296e+01  4.887934e-02 
 1.303336e+01  4.789140e-02 
 1.303376e+01  4.688729e-02 
 1.303416e+01  4.586162e-02 
 1.303455e+01  4.484366e-02 
 1.303495e+01  4.380282e-02 
 1.303535e+01  4.276498e-02 
 1.303575e+01  4.170645e-02 
 1.303614e+01  4.063235e-02 
 1.303654e+01  3.953191e-02 
 1.303694e+01  3.841631e-02 
 1.303734e+01  3.728677e-02 
 1.303774e+01  3.614664e-02 
 1.303813e+01  3.497867e-02 
 1.303853e+01  3.379604e-02 
 1.303893e+01  3.261117e-02 
 1.303933e+01  3.141100e-02 
 1.303972e+01  3.022440e-02 
 1.304012e+01  2.902688e-02 
 1.304052e+01  2.783039e-02 
 1.304092e+01  2.662276e-02 
 1.304131e+01  2.541920e-02 
 1.304171e+01  2.420904e-02 
 1.304211e+01  2.299570e-02 
 1.304251e+01  2.177532e-02 
 1.304291e+01  2.054507e-02 
 1.304330e+01  1.929802e-02 
 1.304370e+01  1.806239e-02 
 1.304410e+01  1.683165e-02 
 1.304450e+01  1.560625e-02 
 1.304489e+01  1.439191e-02 
 1.304529e+01  1.317986e-02 
 1.304569e+01  1.196685e-02 
 1.304609e+01  1.074927e-02 
 1.304648e+01  9.552204e-03 
 1.304688e+01  8.351070e-03 
 1.304728e+01  7.148403e-03 
 1.304768e+01  5.950565e-03 
 1.304808e+01  4.751672e-03 
 1.304847e+01  3.564440e-03 
 1.304887e+01  2.399723e-03 
 1.304927e+01  1.245558e-03 
 1.304967e+01  1.092316e-04 
 1.305006e+01 -1.015868e-03 
 1.305046e+01 -2.119000e-03 
 1.305086e+01 -3.219494e-03 
 1.305126e+01 -4.301795e-03 
 1.305165e+01 -5.367611e-03 
 1.305205e+01 -6.438413e-03 
 1.305245e+01 -7.503201e-03 
 1.305285e+01 -8.564551e-03 
 1.305325e+01 -9.599073e-03 
 1.305364e+01 -1.062783e-02 
 1.305404e+01 -1.161834e-02 
 1.305444e+01 -1.258773e-02 
 1.305484e+01 -1.353633e-02 
 1.305523e+01 -1.447591e-02 
 1.305563e+01 -1.538792e-02 
 1.305603e+01 -1.629569e-02 
 1.305643e+01 -1.717013e-02 
 1.305682e+01 -1.803033e-02 
 1.305722e+01 -1.886330e-02 
 1.305762e+01 -1.968363e-02 
 1.305802e+01 -2.046688e-02 
 1.305842e+01 -2.122953e-02 
 1.305881e+01 -2.195346e-02 
 1.305921e+01 -2.264177e-02 
 1.305961e+01 -2.329692e-02 
 1.306001e+01 -2.393724e-02 
 1.306040e+01 -2.454235e-02 
 1.306080e+01 -2.510964e-02 
 1.306120e+01 -2.564974e-02 
 1.306160e+01 -2.615924e-02 
 1.306199e+01 -2.662998e-02 
 1.306239e+01 -2.707676e-02 
 1.306279e+01 -2.749887e-02 
 1.306319e+01 -2.786574e-02 
 1.306359e+01 -2.820224e-02 
 1.306398e+01 -2.849533e-02 
 1.306438e+01 -2.875767e-02 
 1.306478e+01 -2.899585e-02 
 1.306518e+01 -2.921978e-02 
 1.306557e+01 -2.939732e-02 
 1.306597e+01 -2.952912e-02 
 1.306637e+01 -2.965185e-02 
 1.306677e+01 -2.972954e-02 
 1.306716e+01 -2.977817e-02 
 1.306756e+01 -2.981137e-02 
 1.306796e+01 -2.981051e-02 
 1.306836e+01 -2.976674e-02 
 1.306876e+01 -2.969621e-02 
 1.306915e+01 -2.960920e-02 
 1.306955e+01 -2.947306e-02 
 1.306995e+01 -2.931083e-02 
 1.307035e+01 -2.912215e-02 
 1.307074e+01 -2.889492e-02 
 1.307114e+01 -2.863548e-02 
 1.307154e+01 -2.836809e-02 
 1.307194e+01 -2.808754e-02 
 1.307233e+01 -2.777467e-02 
 1.307273e+01 -2.742628e-02 
 1.307313e+01 -2.705459e-02 
 1.307353e+01 -2.663911e-02 
 1.307393e+01 -2.619897e-02 
 1.307432e+01 -2.573245e-02 
 1.307472e+01 -2.524530e-02 
 1.307512e+01 -2.471439e-02 
 1.307552e+01 -2.416149e-02 
 1.307591e+01 -2.357856e-02 
 1.307631e+01 -2.297890e-02 
 1.307671e+01 -2.235424e-02 
 1.307711e+01 -2.171715e-02 
 1.307750e+01 -2.103769e-02 
 1.307790e+01 -2.033163e-02 
 1.307830e+01 -1.959894e-02 
 1.307870e+01 -1.883830e-02 
 1.307910e+01 -1.804836e-02 
 1.307949e+01 -1.722792e-02 
 1.307989e+01 -1.639159e-02 
 1.308029e+01 -1.553273e-02 
 1.308069e+01 -1.464019e-02 
 1.308108e+01 -1.375115e-02 
 1.308148e+01 -1.283053e-02 
 1.308188e+01 -1.189222e-02 
 1.308228e+01 -1.093459e-02 
 1.308267e+01 -9.954765e-03 
 1.308307e+01 -8.932420e-03 
 1.308347e+01 -7.894912e-03 
 1.308387e+01 -6.855940e-03 
 1.308427e+01 -5.800114e-03 
 1.308466e+01 -4.716734e-03 
 1.308506e+01 -3.637341e-03 
 1.308546e+01 -2.535450e-03 
 1.308586e+01 -1.410874e-03 
 1.308625e+01 -2.870273e-04 
 1.308665e+01  8.431542e-04 
 1.308705e+01  1.979329e-03 
 1.308745e+01  3.133169e-03 
 1.308784e+01  4.299740e-03 
 1.308824e+01  5.486058e-03 
 1.308864e+01  6.677503e-03 
 1.308904e+01  7.876217e-03 
 1.308944e+01  9.089365e-03 
 1.308983e+01  1.031889e-02 
 1.309023e+01  1.155182e-02 
 1.309063e+01  1.279478e-02 
 1.309103e+01  1.403693e-02 
 1.309142e+01  1.526328e-02 
 1.309182e+01  1.651220e-02 
 1.309222e+01  1.776253e-02 
 1.309262e+01  1.901300e-02 
 1.309302e+01  2.026745e-02 
 1.309341e+01  2.152185e-02 
 1.309381e+01  2.277789e-02 
 1.309421e+01  2.402639e-02 
 1.309461e+01  2.528339e-02 
 1.309500e+01  2.654687e-02 
 1.309540e+01  2.778935e-02 
 1.309580e+01  2.902466e-02 
 1.309620e+01  3.025532e-02 
 1.309659e+01  3.148363e-02 
 1.309699e+01  3.269402e-02 
 1.309739e+01  3.389996e-02 
 1.309779e+01  3.508401e-02 
 1.309819e+01  3.626614e-02 
 1.309858e+01  3.744128e-02 
 1.309898e+01  3.859851e-02 
 1.309938e+01  3.974366e-02 
 1.309978e+01  4.087811e-02 
 1.310017e+01  4.198799e-02 
 1.310057e+01  4.307171e-02 
 1.310097e+01  4.413554e-02 
 1.310137e+01  4.519706e-02 
 1.310176e+01  4.623569e-02 
 1.310216e+01  4.724502e-02 
 1.310256e+01  4.824368e-02 
 1.310296e+01  4.922145e-02 
 1.310336e+01  5.017372e-02 
 1.310375e+01  5.111036e-02 
 1.310415e+01  5.202352e-02 
 1.310455e+01  5.290136e-02 
 1.310495e+01  5.375636e-02 
 1.310534e+01  5.459441e-02 
 1.310574e+01  5.540153e-02 
 1.310614e+01  5.617004e-02 
 1.310654e+01  5.692419e-02 
 1.310693e+01  5.764659e-02 
 1.310733e+01  5.834710e-02 
 1.310773e+01  5.901258e-02 
 1.310813e+01  5.967001e-02 
 1.310853e+01  6.030036e-02 
 1.310892e+01  6.091560e-02 
 1.310932e+01  6.150694e-02 
 1.310972e+01  6.207448e-02 
 1.311012e+01  6.260699e-02 
 1.311051e+01  6.311775e-02 
 1.311091e+01  6.359528e-02 
 1.311131e+01  6.404440e-02 
 1.311171e+01  6.447447e-02 
 1.311210e+01  6.486939e-02 
 1.311250e+01  6.522955e-02 
 1.311290e+01  6.556614e-02 
 1.311330e+01  6.588222e-02 
 1.311370e+01  6.617446e-02 
 1.311409e+01  6.644645e-02 
 1.311449e+01  6.669253e-02 
 1.311489e+01  6.690032e-02 
 1.311529e+01  6.708656e-02 
 1.311568e+01  6.723714e-02 
 1.311608e+01  6.735468e-02 
 1.311648e+01  6.743250e-02 
 1.311688e+01  6.748862e-02 
 1.311727e+01  6.751657e-02 
 1.311767e+01  6.751792e-02 
 1.311807e+01  6.749488e-02 
 1.311847e+01  6.745866e-02 
 1.311887e+01  6.740641e-02 
 1.311926e+01  6.729669e-02 
 1.311966e+01  6.715935e-02 
 1.312006e+01  6.698009e-02 
 1.312046e+01  6.677192e-02 
 1.312085e+01  6.652415e-02 
 1.312125e+01  6.624399e-02 
 1.312165e+01  6.592018e-02 
 1.312205e+01  6.554897e-02 
 1.312244e+01  6.517778e-02 
 1.312284e+01  6.476157e-02 
 1.312324e+01  6.431118e-02 
 1.312364e+01  6.385830e-02 
 1.312404e+01  6.336379e-02 
 1.312443e+01  6.282597e-02 
 1.312483e+01  6.226046e-02 
 1.312523e+01  6.166509e-02 
 1.312563e+01  6.103323e-02 
 1.312602e+01  6.035444e-02 
 1.312642e+01  5.966108e-02 
 1.312682e+01  5.892300e-02 
 1.312722e+01  5.816206e-02 
 1.312761e+01  5.739236e-02 
 1.312801e+01  5.659396e-02 
 1.312841e+01  5.578207e-02 
 1.312881e+01  5.493049e-02 
 1.312921e+01  5.407680e-02 
 1.312960e+01  5.317431e-02 
 1.313000e+01  5.226056e-02 
 1.313040e+01  5.131908e-02 
 1.313080e+01  5.035553e-02 
 1.313119e+01  4.936313e-02 
 1.313159e+01  4.833834e-02 
 1.313199e+01  4.730252e-02 
 1.313239e+01  4.624567e-02 
 1.313278e+01  4.519183e-02 
 1.313318e+01  4.412766e-02 
 1.313358e+01  4.304616e-02 
 1.313398e+01  4.195512e-02 
 1.313438e+01  4.084935e-02 
 1.313477e+01  3.972363e-02 
 1.313517e+01  3.858473e-02 
 1.313557e+01  3.743951e-02 
 1.313597e+01  3.627470e-02 
 1.313636e+01  3.509726e-02 
 1.313676e+01  3.390898e-02 
 1.313716e+01  3.271897e-02 
 1.313756e+01  3.154938e-02 
 1.313795e+01  3.038844e-02 
 1.313835e+01  2.919749e-02 
 1.313875e+01  2.800532e-02 
 1.313915e+01  2.681296e-02 
 1.313955e+01  2.561561e-02 
 1.313994e+01  2.440656e-02 
 1.314034e+01  2.319647e-02 
 1.314074e+01  2.196772e-02 
 1.314114e+01  2.072225e-02 
 1.314153e+01  1.947864e-02 
 1.314193e+01  1.825671e-02 
 1.314233e+01  1.703441e-02 
 1.314273e+01  1.583134e-02 
 1.314312e+01  1.462712e-02 
 1.314352e+01  1.342681e-02 
 1.314392e+01  1.221826e-02 
 1.314432e+01  1.101923e-02 
 1.314472e+01  9.831515e-03 
 1.314511e+01  8.632529e-03 
 1.314551e+01  7.427622e-03 
 1.314591e+01  6.230827e-03 
 1.314631e+01  5.040514e-03 
 1.314670e+01  3.875530e-03 
 1.314710e+01  2.720988e-03 
 1.314750e+01  1.590982e-03 
 1.314790e+01  4.669340e-04 
 1.314829e+01 -6.600868e-04 
 1.314869e+01 -1.772150e-03 
 1.314909e+01 -2.882749e-03 
 1.314949e+01 -3.971255e-03 
 1.314989e+01 -5.060755e-03 
 1.315028e+01 -6.141095e-03 
 1.315068e+01 -7.219275e-03 
 1.315108e+01 -8.266776e-03 
 1.315148e+01 -9.291090e-03 
 1.315187e+01 -1.029620e-02 
 1.315227e+01 -1.128084e-02 
 1.315267e+01 -1.223437e-02 
 1.315307e+01 -1.317724e-02 
 1.315346e+01 -1.410454e-02 
 1.315386e+01 -1.502368e-02 
 1.315426e+01 -1.591523e-02 
 1.315466e+01 -1.678686e-02 
 1.315506e+01 -1.764481e-02 
 1.315545e+01 -1.848073e-02 
 1.315585e+01 -1.929633e-02 
 1.315625e+01 -2.008125e-02 
 1.315665e+01 -2.082311e-02 
 1.315704e+01 -2.153969e-02 
 1.315744e+01 -2.222336e-02 
 1.315784e+01 -2.289222e-02 
 1.315824e+01 -2.352419e-02 
 1.315863e+01 -2.413993e-02 
 1.315903e+01 -2.472826e-02 
 1.315943e+01 -2.529241e-02 
 1.315983e+01 -2.583361e-02 
 1.316023e+01 -2.634932e-02 
 1.316062e+01 -2.684903e-02 
 1.316102e+01 -2.730186e-02 
 1.316142e+01 -2.772523e-02 
 1.316182e+01 -2.810655e-02 
 1.316221e+01 -2.844986e-02 
 1.316261e+01 -2.876141e-02 
 1.316301e+01 -2.904155e-02 
 1.316341e+01 -2.929173e-02 
 1.316380e+01 -2.950859e-02 
 1.316420e+01 -2.969527e-02 
 1.316460e+01 -2.985106e-02 
 1.316500e+01 -2.998015e-02 
 1.316540e+01 -3.007220e-02 
 1.316579e+01 -3.013132e-02 
 1.316619e+01 -3.015336e-02 
 1.316659e+01 -3.012406e-02 
 1.316699e+01 -3.006013e-02 
 1.316738e+01 -2.997478e-02 
 1.316778e+01 -2.985971e-02 
 1.316818e+01 -2.971111e-02 
 1.316858e+01 -2.952405e-02 
 1.316897e+01 -2.931477e-02 
 1.316937e+01 -2.906331e-02 
 1.316977e+01 -2.879173e-02 
 1.317017e+01 -2.848413e-02 
 1.317057e+01 -2.814013e-02 
 1.317096e+01 -2.776203e-02 
 1.317136e+01 -2.734268e-02 
 1.317176e+01 -2.689124e-02 
 1.317216e+01 -2.641853e-02 
 1.317255e+01 -2.592208e-02 
 1.317295e+01 -2.541189e-02 
 1.317335e+01 -2.485592e-02 
 1.317375e+01 -2.427589e-02 
 1.317414e+01 -2.368167e-02 
 1.317454e+01 -2.306260e-02 
 1.317494e+01 -2.241414e-02 
 1.317534e+01 -2.175319e-02 
 1.317574e+01 -2.104575e-02 
 1.317613e+01 -2.032001e-02 
 1.317653e+01 -1.956956e-02 
 1.317693e+01 -1.879930e-02 
 1.317733e+01 -1.800905e-02 
 1.317772e+01 -1.719412e-02 
 1.317812e+01 -1.636292e-02 
 1.317852e+01 -1.549732e-02 
 1.317892e+01 -1.462450e-02 
 1.317931e+01 -1.373994e-02 
 1.317971e+01 -1.283186e-02 
 1.318011e+01 -1.191559e-02 
 1.318051e+01 -1.097434e-02 
 1.318091e+01 -1.000659e-02 
 1.318130e+01 -9.024573e-03 
 1.318170e+01 -8.037587e-03 
 1.318210e+01 -7.026902e-03 
 1.318250e+01 -6.001076e-03 
 1.318289e+01 -4.951974e-03 
 1.318329e+01 -3.889068e-03 
 1.318369e+01 -2.807911e-03 
 1.318409e+01 -1.716474e-03 
 1.318448e+01 -6.288496e-04 
 1.318488e+01  4.875958e-04 
 1.318528e+01  1.622937e-03 
 1.318568e+01  2.777767e-03 
 1.318608e+01  3.948225e-03 
 1.318647e+01  5.119414e-03 
 1.318687e+01  6.312398e-03 
 1.318727e+01  7.518607e-03 
 1.318767e+01  8.733409e-03 
 1.318806e+01  9.960488e-03 
 1.318846e+01  1.118039e-02 
 1.318886e+01  1.239794e-02 
 1.318926e+01  1.362708e-02 
 1.318966e+01  1.486150e-02 
 1.319005e+01  1.609863e-02 
 1.319045e+01  1.734695e-02 
 1.319085e+01  1.860052e-02 
 1.319125e+01  1.985010e-02 
 1.319164e+01  2.110081e-02 
 1.319204e+01  2.236624e-02 
 1.319244e+01  2.360917e-02 
 1.319284e+01  2.486862e-02 
 1.319323e+01  2.610929e-02 
 1.319363e+01  2.734189e-02 
 1.319403e+01  2.856142e-02 
 1.319443e+01  2.978283e-02 
 1.319483e+01  3.099781e-02 
 1.319522e+01  3.220320e-02 
 1.319562e+01  3.339752e-02 
 1.319602e+01  3.459333e-02 
 1.319642e+01  3.577807e-02 
 1.319681e+01  3.694424e-02 
 1.319721e+01  3.811407e-02 
 1.319761e+01  3.926265e-02 
 1.319801e+01  4.040092e-02 
 1.319840e+01  4.151952e-02 
 1.319880e+01  4.262730e-02 
 1.319920e+01  4.371245e-02 
 1.319960e+01  4.478397e-02 
 1.320000e+01  4.583353e-02 
 1.320039e+01  4.686404e-02 
 1.320079e+01  4.787404e-02 
 1.320119e+01  4.887778e-02 
 1.320159e+01  4.985344e-02 
 1.320198e+01  5.081127e-02 
 1.320238e+01  5.176418e-02 
 1.320278e+01  5.268547e-02 
 1.320318e+01  5.358701e-02 
 1.320357e+01  5.446131e-02 
 1.320397e+01  5.530143e-02 
 1.320437e+01  5.611956e-02 
 1.320477e+01  5.691466e-02 
 1.320517e+01  5.768367e-02 
 1.320556e+01  5.842139e-02 
 1.320596e+01  5.914526e-02 
 1.320636e+01  5.984176e-02 
 1.320676e+01  6.051327e-02 
 1.320715e+01  6.115754e-02 
 1.320755e+01  6.176838e-02 
 1.320795e+01  6.234561e-02 
 1.320835e+01  6.287278e-02 
 1.320874e+01  6.337961e-02 
 1.320914e+01  6.384942e-02 
 1.320954e+01  6.428582e-02 
 1.320994e+01  6.468400e-02 
 1.321034e+01  6.507079e-02 
 1.321073e+01  6.541586e-02 
 1.321113e+01  6.572300e-02 
 1.321153e+01  6.602908e-02 
 1.321193e+01  6.630186e-02 
 1.321232e+01  6.653854e-02 
 1.321272e+01  6.674004e-02 
 1.321312e+01  6.692365e-02 
 1.321352e+01  6.705975e-02 
 1.321391e+01  6.717512e-02 
 1.321431e+01  6.726413e-02 
 1.321471e+01  6.732213e-02 
 1.321511e+01  6.735280e-02 
 1.321551e+01  6.735635e-02 
 1.321590e+01  6.733853e-02 
 1.321630e+01  6.728935e-02 
 1.321670e+01  6.722235e-02 
 1.321710e+01  6.712295e-02 
 1.321749e+01  6.698286e-02 
 1.321789e+01  6.681584e-02 
 1.321829e+01  6.662606e-02 
 1.321869e+01  6.641358e-02 
 1.321908e+01  6.616522e-02 
 1.321948e+01  6.588216e-02 
 1.321988e+01  6.558301e-02 
 1.322028e+01  6.525028e-02 
 1.322068e+01  6.489110e-02 
 1.322107e+01  6.451469e-02 
 1.322147e+01  6.411113e-02 
 1.322187e+01  6.368280e-02 
 1.322227e+01  6.320598e-02 
 1.322266e+01  6.271948e-02 
 1.322306e+01  6.218759e-02 
 1.322346e+01  6.162200e-02 
 1.322386e+01  6.103793e-02 
 1.322425e+01  6.041242e-02 
 1.322465e+01  5.975985e-02 
 1.322505e+01  5.908596e-02 
 1.322545e+01  5.840027e-02 
 1.322585e+01  5.767973e-02 
 1.322624e+01  5.692923e-02 
 1.322664e+01  5.614953e-02 
 1.322704e+01  5.534255e-02 
 1.322744e+01  5.449211e-02 
 1.322783e+01  5.362225e-02 
 1.322823e+01  5.272554e-02 
 1.322863e+01  5.179336e-02 
 1.322903e+01  5.083804e-02 
 1.322942e+01  4.986511e-02 
 1.322982e+01  4.885947e-02 
 1.323022e+01  4.785636e-02 
 1.323062e+01  4.684341e-02 
 1.323102e+01  4.581910e-02 
 1.323141e+01  4.477471e-02 
 1.323181e+01  4.370411e-02 
 1.323221e+01  4.261752e-02 
 1.323261e+01  4.150407e-02 
 1.323300e+01  4.037011e-02 
 1.323340e+01  3.922801e-02 
 1.323380e+01  3.806648e-02 
 1.323420e+01  3.689068e-02 
 1.323459e+01  3.569597e-02 
 1.323499e+01  3.450886e-02 
 1.323539e+01  3.332663e-02 
 1.323579e+01  3.212013e-02 
 1.323619e+01  3.090730e-02 
 1.323658e+01  2.966712e-02 
 1.323698e+01  2.842335e-02 
 1.323738e+01  2.716961e-02 
 1.323778e+01  2.592847e-02 
 1.323817e+01  2.466200e-02 
 1.323857e+01  2.339712e-02 
 1.323897e+01  2.213501e-02 
 1.323937e+01  2.086891e-02 
 1.323976e+01  1.962091e-02 
 1.324016e+01  1.838523e-02 
 1.324056e+01  1.715863e-02 
 1.324096e+01  1.592542e-02 
 1.324136e+01  1.469444e-02 
 1.324175e+01  1.344809e-02 
 1.324215e+01  1.221158e-02 
 1.324255e+01  1.098311e-02 
 1.324295e+01  9.767922e-03 
 1.324334e+01  8.548683e-03 
 1.324374e+01  7.343339e-03 
 1.324414e+01  6.161289e-03 
 1.324454e+01  4.980505e-03 
 1.324493e+01  3.827653e-03 
 1.324533e+01  2.695347e-03 
 1.324573e+01  1.556354e-03 
 1.324613e+01  4.328970e-04 
 1.324653e+01 -6.829649e-04 
 1.324692e+01 -1.788647e-03 
 1.324732e+01 -2.884155e-03 
 1.324772e+01 -3.952488e-03 
 1.324812e+01 -5.015193e-03 
 1.324851e+01 -6.081283e-03 
 1.324891e+01 -7.111615e-03 
 1.324931e+01 -8.119945e-03 
 1.324971e+01 -9.108408e-03 
 1.325010e+01 -1.007250e-02 
 1.325050e+01 -1.101030e-02 
 1.325090e+01 -1.194378e-02 
 1.325130e+01 -1.286860e-02 
 1.325170e+01 -1.379209e-02 
 1.325209e+01 -1.468199e-02 
 1.325249e+01 -1.556008e-02 
 1.325289e+01 -1.640853e-02 
 1.325329e+01 -1.724593e-02 
 1.325368e+01 -1.806366e-02 
 1.325408e+01 -1.885060e-02 
 1.325448e+01 -1.960849e-02 
 1.325488e+01 -2.033023e-02 
 1.325527e+01 -2.105353e-02 
 1.325567e+01 -2.174845e-02 
 1.325607e+01 -2.242368e-02 
 1.325647e+01 -2.309062e-02 
 1.325687e+01 -2.373914e-02 
 1.325726e+01 -2.434483e-02 
 1.325766e+01 -2.492868e-02 
 1.325806e+01 -2.549071e-02 
 1.325846e+01 -2.601933e-02 
 1.325885e+01 -2.650639e-02 
 1.325925e+01 -2.695534e-02 
 1.325965e+01 -2.737474e-02 
 1.326005e+01 -2.774330e-02 
 1.326044e+01 -2.810152e-02 
 1.326084e+01 -2.844854e-02 
 1.326124e+01 -2.876186e-02 
 1.326164e+01 -2.904253e-02 
 1.326204e+01 -2.929915e-02 
 1.326243e+01 -2.952812e-02 
 1.326283e+01 -2.970811e-02 
 1.326323e+01 -2.986263e-02 
 1.326363e+01 -2.998067e-02 
 1.326402e+01 -3.004820e-02 
 1.326442e+01 -3.008086e-02 
 1.326482e+01 -3.008928e-02 
 1.326522e+01 -3.006853e-02 
 1.326561e+01 -3.001705e-02 
 1.326601e+01 -2.994768e-02 
 1.326641e+01 -2.982620e-02 
 1.326681e+01 -2.968090e-02 
 1.326721e+01 -2.950867e-02 
 1.326760e+01 -2.930790e-02 
 1.326800e+01 -2.906081e-02 
 1.326840e+01 -2.877893e-02 
 1.326880e+01 -2.846293e-02 
 1.326919e+01 -2.810928e-02 
 1.326959e+01 -2.770827e-02 
 1.326999e+01 -2.730130e-02 
 1.327039e+01 -2.685373e-02 
 1.327078e+01 -2.638692e-02 
 1.327118e+01 -2.588324e-02 
 1.327158e+01 -2.534763e-02 
 1.327198e+01 -2.479585e-02 
 1.327238e+01 -2.420656e-02 
 1.327277e+01 -2.358573e-02 
 1.327317e+01 -2.292710e-02 
 1.327357e+01 -2.223940e-02 
 1.327397e+01 -2.151875e-02 
 1.327436e+01 -2.077171e-02 
 1.327476e+01 -1.999546e-02 
 1.327516e+01 -1.920162e-02 
 1.327556e+01 -1.837982e-02 
 1.327595e+01 -1.754262e-02 
 1.327635e+01 -1.668080e-02 
 1.327675e+01 -1.580381e-02 
 1.327715e+01 -1.490032e-02 
 1.327755e+01 -1.399495e-02 
 1.327794e+01 -1.307040e-02 
 1.327834e+01 -1.210387e-02 
 1.327874e+01 -1.112400e-02 
 1.327914e+01 -1.010944e-02 
 1.327953e+01 -9.082168e-03 
 1.327993e+01 -8.048675e-03 
 1.328033e+01 -7.010204e-03 
 1.328073e+01 -5.959836e-03 
 1.328113e+01 -4.886982e-03 
 1.328152e+01 -3.815008e-03 
 1.328192e+01 -2.723256e-03 
 1.328232e+01 -1.623964e-03 
 1.328272e+01 -5.169303e-04 
 1.328311e+01  6.140107e-04 
 1.328351e+01  1.761747e-03 
 1.328391e+01  2.908955e-03 
 1.328431e+01  4.060192e-03 
 1.328470e+01  5.212821e-03 
 1.328510e+01  6.372843e-03 
 1.328550e+01  7.538503e-03 
 1.328590e+01  8.714195e-03 
 1.328630e+01  9.888793e-03 
 1.328669e+01  1.107518e-02 
 1.328709e+01  1.225993e-02 
 1.328749e+01  1.344669e-02 
 1.328789e+01  1.464680e-02 
 1.328828e+01  1.586448e-02 
 1.328868e+01  1.707730e-02 
 1.328908e+01  1.829209e-02 
 1.328948e+01  1.949786e-02 
 1.328987e+01  2.070624e-02 
 1.329027e+01  2.192215e-02 
 1.329067e+01  2.313832e-02 
 1.329107e+01  2.435900e-02 
 1.329147e+01  2.556716e-02 
 1.329186e+01  2.678496e-02 
 1.329226e+01  2.799789e-02 
 1.329266e+01  2.921386e-02 
 1.329306e+01  3.042559e-02 
 1.329345e+01  3.162924e-02 
 1.329385e+01  3.282344e-02 
 1.329425e+01  3.401330e-02 
 1.329465e+01  3.520215e-02 
 1.329504e+01  3.638525e-02 
 1.329544e+01  3.754880e-02 
 1.329584e+01  3.870777e-02 
 1.329624e+01  3.983524e-02 
 1.329664e+01  4.094307e-02 
 1.329703e+01  4.203776e-02 
 1.329743e+01  4.313164e-02 
 1.329783e+01  4.420777e-02 
 1.329823e+01  4.527857e-02 
 1.329862e+01  4.633674e-02 
 1.329902e+01  4.737503e-02 
 1.329942e+01  4.840231e-02 
 1.329982e+01  4.940556e-02 
 1.330021e+01  5.039220e-02 
 1.330061e+01  5.135728e-02 
 1.330101e+01  5.228750e-02 
 1.330141e+01  5.319453e-02 
 1.330181e+01  5.407204e-02 
 1.330220e+01  5.494693e-02 
 1.330260e+01  5.578108e-02 
 1.330300e+01  5.659409e-02 
 1.330340e+01  5.740259e-02 
 1.330379e+01  5.816417e-02 
 1.330419e+01  5.891525e-02 
 1.330459e+01  5.963110e-02 
 1.330499e+01  6.032485e-02 
 1.330538e+01  6.097752e-02 
 1.330578e+01  6.160725e-02 
 1.330618e+01  6.219448e-02 
 1.330658e+01  6.275484e-02 
 1.330698e+01  6.329149e-02 
 1.330737e+01  6.381575e-02 
 1.330777e+01  6.430198e-02 
 1.330817e+01  6.476741e-02 
 1.330857e+01  6.519850e-02 
 1.330896e+01  6.559245e-02 
 1.330936e+01  6.595955e-02 
 1.330976e+01  6.629318e-02 
 1.331016e+01  6.658527e-02 
 1.331055e+01  6.683521e-02 
 1.331095e+01  6.705727e-02 
 1.331135e+01  6.724419e-02 
 1.331175e+01  6.739526e-02 
 1.331215e+01  6.751271e-02 
 1.331254e+01  6.759844e-02 
 1.331294e+01  6.764819e-02 
 1.331334e+01  6.767803e-02 
 1.331374e+01  6.767136e-02 
 1.331413e+01  6.763931e-02 
 1.331453e+01  6.757868e-02 
 1.331493e+01  6.747988e-02 
 1.331533e+01  6.733015e-02 
 1.331572e+01  6.715503e-02 
 1.331612e+01  6.694458e-02 
 1.331652e+01  6.670985e-02 
 1.331692e+01  6.643669e-02 
 1.331732e+01  6.615454e-02 
 1.331771e+01  6.583176e-02 
 1.331811e+01  6.549460e-02 
 1.331851e+01  6.514109e-02 
 1.331891e+01  6.476271e-02 
 1.331930e+01  6.435509e-02 
 1.331970e+01  6.392185e-02 
 1.332010e+01  6.345571e-02 
 1.332050e+01  6.295686e-02 
 1.332089e+01  6.243913e-02 
 1.332129e+01  6.189299e-02 
 1.332169e+01  6.131341e-02 
 1.332209e+01  6.071861e-02 
 1.332249e+01  6.010403e-02 
 1.332288e+01  5.946977e-02 
 1.332328e+01  5.881912e-02 
 1.332368e+01  5.814978e-02 
 1.332408e+01  5.745138e-02 
 1.332447e+01  5.672468e-02 
 1.332487e+01  5.596994e-02 
 1.332527e+01  5.518147e-02 
 1.332567e+01  5.436661e-02 
 1.332606e+01  5.353882e-02 
 1.332646e+01  5.270068e-02 
 1.332686e+01  5.183682e-02 
 1.332726e+01  5.096447e-02 
 1.332766e+01  5.006012e-02 
 1.332805e+01  4.913454e-02 
 1.332845e+01  4.820232e-02 
 1.332885e+01  4.724261e-02 
 1.332925e+01  4.624816e-02 
 1.332964e+01  4.522204e-02 
 1.333004e+01  4.417461e-02 
 1.333044e+01  4.310480e-02 
 1.333084e+01  4.200687e-02 
 1.333123e+01  4.090398e-02 
 1.333163e+01  3.977605e-02 
 1.333203e+01  3.862304e-02 
 1.333243e+01  3.746515e-02 
 1.333283e+01  3.629281e-02 
 1.333322e+01  3.512353e-02 
 1.333362e+01  3.393882e-02 
 1.333402e+01  3.274166e-02 
 1.333442e+01  3.152290e-02 
 1.333481e+01  3.028152e-02 
 1.333521e+01  2.903833e-02 
 1.333561e+01  2.779521e-02 
 1.333601e+01  2.653404e-02 
 1.333640e+01  2.527631e-02 
 1.333680e+01  2.401594e-02 
 1.333720e+01  2.274968e-02 
 1.333760e+01  2.148957e-02 
 1.333800e+01  2.024503e-02 
 1.333839e+01  1.900741e-02 
 1.333879e+01  1.775445e-02 
 1.333919e+01  1.649964e-02 
 1.333959e+01  1.523890e-02 
 1.333998e+01  1.397185e-02 
 1.334038e+01  1.270467e-02 
 1.334078e+01  1.145090e-02 
 1.334118e+01  1.020011e-02 
 1.334157e+01  8.957347e-03 
 1.334197e+01  7.722973e-03 
 1.334237e+01  6.527678e-03 
 1.334277e+01  5.339754e-03 
 1.334317e+01  4.165656e-03 
 1.334356e+01  3.006359e-03 
 1.334396e+01  1.848043e-03 
 1.334436e+01  6.759808e-04 
 1.334476e+01 -4.850481e-04 
 1.334515e+01 -1.627551e-03 
 1.334555e+01 -2.755311e-03 
 1.334595e+01 -3.865608e-03 
 1.334635e+01 -4.954530e-03 
 1.334674e+01 -6.026033e-03 
 1.334714e+01 -7.075129e-03 
 1.334754e+01 -8.083407e-03 
 1.334794e+01 -9.082034e-03 
 1.334834e+01 -1.007414e-02 
 1.334873e+01 -1.104385e-02 
 1.334913e+01 -1.200176e-02 
 1.334953e+01 -1.296345e-02 
 1.334993e+01 -1.389417e-02 
 1.335032e+01 -1.479111e-02 
 1.335072e+01 -1.567921e-02 
 1.335112e+01 -1.654405e-02 
 1.335152e+01 -1.736934e-02 
 1.335191e+01 -1.817370e-02 
 1.335231e+01 -1.894549e-02 
 1.335271e+01 -1.967741e-02 
 1.335311e+01 -2.038736e-02 
 1.335351e+01 -2.109699e-02 
 1.335390e+01 -2.177255e-02 
 1.335430e+01 -2.242652e-02 
 1.335470e+01 -2.305305e-02 
 1.335510e+01 -2.364621e-02 
 1.335549e+01 -2.420903e-02 
 1.335589e+01 -2.474899e-02 
 1.335629e+01 -2.525796e-02 
 1.335669e+01 -2.572767e-02 
 1.335708e+01 -2.617279e-02 
 1.335748e+01 -2.658782e-02 
 1.335788e+01 -2.696893e-02 
 1.335828e+01 -2.734709e-02 
 1.335868e+01 -2.770628e-02 
 1.335907e+01 -2.802321e-02 
 1.335947e+01 -2.831831e-02 
 1.335987e+01 -2.859323e-02 
 1.336027e+01 -2.882802e-02 
 1.336066e+01 -2.903773e-02 
 1.336106e+01 -2.922762e-02 
 1.336146e+01 -2.938141e-02 
 1.336186e+01 -2.949004e-02 
 1.336225e+01 -2.958000e-02 
 1.336265e+01 -2.963533e-02 
 1.336305e+01 -2.967086e-02 
 1.336345e+01 -2.969553e-02 
 1.336385e+01 -2.969627e-02 
 1.336424e+01 -2.965581e-02 
 1.336464e+01 -2.958143e-02 
 1.336504e+01 -2.948175e-02 
 1.336544e+01 -2.935217e-02 
 1.336583e+01 -2.918628e-02 
 1.336623e+01 -2.897812e-02 
 1.336663e+01 -2.874017e-02 
 1.336703e+01 -2.846820e-02 
 1.336742e+01 -2.815788e-02 
 1.336782e+01 -2.781729e-02 
 1.336822e+01 -2.745755e-02 
 1.336862e+01 -2.706399e-02 
 1.336902e+01 -2.663676e-02 
 1.336941e+01 -2.617625e-02 
 1.336981e+01 -2.567411e-02 
 1.337021e+01 -2.514351e-02 
 1.337061e+01 -2.458255e-02 
 1.337100e+01 -2.399352e-02 
 1.337140e+01 -2.334937e-02 
 1.337180e+01 -2.268957e-02 
 1.337220e+01 -2.199503e-02 
 1.337260e+01 -2.127014e-02 
 1.337299e+01 -2.052781e-02 
 1.337339e+01 -1.976548e-02 
 1.337379e+01 -1.897603e-02 
 1.337419e+01 -1.814193e-02 
 1.337458e+01 -1.728450e-02 
 1.337498e+01 -1.640188e-02 
 1.337538e+01 -1.549243e-02 
 1.337578e+01 -1.456199e-02 
 1.337617e+01 -1.361089e-02 
 1.337657e+01 -1.262630e-02 
 1.337697e+01 -1.163305e-02 
 1.337737e+01 -1.061840e-02 
 1.337777e+01 -9.594204e-03 
 1.337816e+01 -8.561249e-03 
 1.337856e+01 -7.502727e-03 
 1.337896e+01 -6.443196e-03 
 1.337936e+01 -5.359553e-03 
 1.337975e+01 -4.262983e-03 
 1.338015e+01 -3.150322e-03 
 1.338055e+01 -2.035154e-03 
 1.338095e+01 -8.977810e-04 
 1.338134e+01  2.536427e-04 
 1.338174e+01  1.420271e-03 
 1.338214e+01  2.579453e-03 
 1.338254e+01  3.751866e-03 
 1.338294e+01  4.924029e-03 
 1.338333e+01  6.112678e-03 
 1.338373e+01  7.301569e-03 
 1.338413e+01  8.494846e-03 
 1.338453e+01  9.697464e-03 
 1.338492e+01  1.089768e-02 
 1.338532e+01  1.211515e-02 
 1.338572e+01  1.332335e-02 
 1.338612e+01  1.454646e-02 
 1.338651e+01  1.577713e-02 
 1.338691e+01  1.702330e-02 
 1.338731e+01  1.823803e-02 
 1.338771e+01  1.946841e-02 
 1.338811e+01  2.069615e-02 
 1.338850e+01  2.192590e-02 
 1.338890e+01  2.314809e-02 
 1.338930e+01  2.436531e-02 
 1.338970e+01  2.557816e-02 
 1.339009e+01  2.678888e-02 
 1.339049e+01  2.798250e-02 
 1.339089e+01  2.918711e-02 
 1.339129e+01  3.036745e-02 
 1.339168e+01  3.154137e-02 
 1.339208e+01  3.270934e-02 
 1.339248e+01  3.385955e-02 
 1.339288e+01  3.500807e-02 
 1.339328e+01  3.614569e-02 
 1.339367e+01  3.728024e-02 
 1.339407e+01  3.839021e-02 
 1.339447e+01  3.949391e-02 
 1.339487e+01  4.059064e-02 
 1.339526e+01  4.167415e-02 
 1.339566e+01  4.275651e-02 
 1.339606e+01  4.381887e-02 
 1.339646e+01  4.486537e-02 
 1.339685e+01  4.589655e-02 
 1.339725e+01  4.690927e-02 
 1.339765e+01  4.789971e-02 
 1.339805e+01  4.887424e-02 
 1.339845e+01  4.984255e-02 
 1.339884e+01  5.077986e-02 
 1.339924e+01  5.168904e-02 
 1.339964e+01  5.259276e-02 
 1.340004e+01  5.346843e-02 
 1.340043e+01  5.433773e-02 
 1.340083e+01  5.517932e-02 
 1.340123e+01  5.599821e-02 
 1.340163e+01  5.678712e-02 
 1.340202e+01  5.756916e-02 
 1.340242e+01  5.833737e-02 
 1.340282e+01  5.906431e-02 
 1.340322e+01  5.977363e-02 
 1.340362e+01  6.046490e-02 
 1.340401e+01  6.111504e-02 
 1.340441e+01  6.174135e-02 
 1.340481e+01  6.234939e-02 
 1.340521e+01  6.293281e-02 
 1.340560e+01  6.348974e-02 
 1.340600e+01  6.400860e-02 
 1.340640e+01  6.450313e-02 
 1.340680e+01  6.495759e-02 
 1.340719e+01  6.539793e-02 
 1.340759e+01  6.580044e-02 
 1.340799e+01  6.617191e-02 
 1.340839e+01  6.649597e-02 
 1.340879e+01  6.678922e-02 
 1.340918e+01  6.704591e-02 
 1.340958e+01  6.727029e-02 
 1.340998e+01  6.746869e-02 
 1.341038e+01  6.763983e-02 
 1.341077e+01  6.778206e-02 
 1.341117e+01  6.787598e-02 
 1.341157e+01  6.796139e-02 
 1.341197e+01  6.801226e-02 
 1.341236e+01  6.801388e-02 
 1.341276e+01  6.798162e-02 
 1.341316e+01  6.790806e-02 
 1.341356e+01  6.778714e-02 
 1.341396e+01  6.763660e-02 
 1.341435e+01  6.747244e-02 
 1.341475e+01  6.726724e-02 
 1.341515e+01  6.703097e-02 
 1.341555e+01  6.677004e-02 
 1.341594e+01  6.648639e-02 
 1.341634e+01  6.615105e-02 
 1.341674e+01  6.579372e-02 
 1.341714e+01  6.539837e-02 
 1.341753e+01  6.496204e-02 
 1.341793e+01  6.448260e-02 
 1.341833e+01  6.397188e-02 
 1.341873e+01  6.342796e-02 
 1.341913e+01  6.286077e-02 
 1.341952e+01  6.227772e-02 
 1.341992e+01  6.166116e-02 
 1.342032e+01  6.101996e-02 
 1.342072e+01  6.037472e-02 
 1.342111e+01  5.969440e-02 
 1.342151e+01  5.898149e-02 
 1.342191e+01  5.825393e-02 
 1.342231e+01  5.749796e-02 
 1.342270e+01  5.671536e-02 
 1.342310e+01  5.590222e-02 
 1.342350e+01  5.508007e-02 
 1.342390e+01  5.423578e-02 
 1.342430e+01  5.338108e-02 
 1.342469e+01  5.251454e-02 
 1.342509e+01  5.162345e-02 
 1.342549e+01  5.070405e-02 
 1.342589e+01  4.977930e-02 
 1.342628e+01  4.883580e-02 
 1.342668e+01  4.787459e-02 
 1.342708e+01  4.689387e-02 
 1.342748e+01  4.590157e-02 
 1.342787e+01  4.487766e-02 
 1.342827e+01  4.384298e-02 
 1.342867e+01  4.280715e-02 
 1.342907e+01  4.176347e-02 
 1.342947e+01  4.070274e-02 
 1.342986e+01  3.963816e-02 
 1.343026e+01  3.856055e-02 
 1.343066e+01  3.747285e-02 
 1.343106e+01  3.637687e-02 
 1.343145e+01  3.527850e-02 
 1.343185e+01  3.415229e-02 
 1.343225e+01  3.300581e-02 
 1.343265e+01  3.185413e-02 
 1.343304e+01  3.068043e-02 
 1.343344e+01  2.950042e-02 
 1.343384e+01  2.832201e-02 
 1.343424e+01  2.714432e-02 
 1.343464e+01  2.593853e-02 
 1.343503e+01  2.472657e-02 
 1.343543e+01  2.351772e-02 
 1.343583e+01  2.229297e-02 
 1.343623e+01  2.106430e-02 
 1.343662e+01  1.983416e-02 
 1.343702e+01  1.858398e-02 
 1.343742e+01  1.731036e-02 
 1.343782e+01  1.605003e-02 
 1.343821e+01  1.479038e-02 
 1.343861e+01  1.352930e-02 
 1.343901e+01  1.226756e-02 
 1.343941e+01  1.102142e-02 
 1.343981e+01  9.765393e-03 
 1.344020e+01  8.525077e-03 
 1.344060e+01  7.293874e-03 
 1.344100e+01  6.061616e-03 
 1.344140e+01  4.837484e-03 
 1.344179e+01  3.615277e-03 
 1.344219e+01  2.388639e-03 
 1.344259e+01  1.179757e-03 
 1.344299e+01 -9.581106e-07 
 1.344338e+01 -1.168272e-03 
 1.344378e+01 -2.317562e-03 
 1.344418e+01 -3.459851e-03 
 1.344458e+01 -4.581346e-03 
 1.344498e+01 -5.690193e-03 
 1.344537e+01 -6.779782e-03 
 1.344577e+01 -7.847806e-03 
 1.344617e+01 -8.903846e-03 
 1.344657e+01 -9.943353e-03 
 1.344696e+01 -1.097686e-02 
 1.344736e+01 -1.197836e-02 
 1.344776e+01 -1.295760e-02 
 1.344816e+01 -1.390605e-02 
 1.344855e+01 -1.482346e-02 
 1.344895e+01 -1.571944e-02 
 1.344935e+01 -1.659164e-02 
 1.344975e+01 -1.742213e-02 
 1.345015e+01 -1.823108e-02 
 1.345054e+01 -1.900377e-02 
 1.345094e+01 -1.976181e-02 
 1.345134e+01 -2.050215e-02 
 1.345174e+01 -2.123525e-02 
 1.345213e+01 -2.193509e-02 
 1.345253e+01 -2.260163e-02 
 1.345293e+01 -2.323690e-02 
 1.345333e+01 -2.384717e-02 
 1.345372e+01 -2.441347e-02 
 1.345412e+01 -2.496696e-02 
 1.345452e+01 -2.548553e-02 
 1.345492e+01 -2.595245e-02 
 1.345532e+01 -2.639449e-02 
 1.345571e+01 -2.681071e-02 
 1.345611e+01 -2.720510e-02 
 1.345651e+01 -2.757811e-02 
 1.345691e+01 -2.793948e-02 
 1.345730e+01 -2.825275e-02 
 1.345770e+01 -2.852930e-02 
 1.345810e+01 -2.877953e-02 
 1.345850e+01 -2.899206e-02 
 1.345889e+01 -2.916297e-02 
 1.345929e+01 -2.931516e-02 
 1.345969e+01 -2.942411e-02 
 1.346009e+01 -2.949271e-02 
 1.346049e+01 -2.954522e-02 
 1.346088e+01 -2.959131e-02 
 1.346128e+01 -2.960836e-02 
 1.346168e+01 -2.960046e-02 
 1.346208e+01 -2.955500e-02 
 1.346247e+01 -2.946721e-02 
 1.346287e+01 -2.933218e-02 
 1.346327e+01 -2.918511e-02 
 1.346367e+01 -2.900397e-02 
 1.346407e+01 -2.878602e-02 
 1.346446e+01 -2.854739e-02 
 1.346486e+01 -2.828466e-02 
 1.346526e+01 -2.799344e-02 
 1.346566e+01 -2.768327e-02 
 1.346605e+01 -2.736421e-02 
 1.346645e+01 -2.701526e-02 
 1.346685e+01 -2.663658e-02 
 1.346725e+01 -2.622810e-02 
 1.346764e+01 -2.578553e-02 
 1.346804e+01 -2.530923e-02 
 1.346844e+01 -2.481572e-02 
 1.346884e+01 -2.429180e-02 
 1.346924e+01 -2.374007e-02 
 1.346963e+01 -2.315424e-02 
 1.347003e+01 -2.254728e-02 
 1.347043e+01 -2.192853e-02 
 1.347083e+01 -2.127878e-02 
 1.347122e+01 -2.061378e-02 
 1.347162e+01 -1.991447e-02 
 1.347202e+01 -1.917227e-02 
 1.347242e+01 -1.839996e-02 
 1.347281e+01 -1.760848e-02 
 1.347321e+01 -1.678706e-02 
 1.347361e+01 -1.594765e-02 
 1.347401e+01 -1.508148e-02 
 1.347441e+01 -1.418506e-02 
 1.347480e+01 -1.325706e-02 
 1.347520e+01 -1.232226e-02 
 1.347560e+01 -1.136405e-02 
 1.347600e+01 -1.038174e-02 
 1.347639e+01 -9.380154e-03 
 1.347679e+01 -8.360082e-03 
 1.347719e+01 -7.305090e-03 
 1.347759e+01 -6.225323e-03 
 1.347798e+01 -5.133291e-03 
 1.347838e+01 -4.019780e-03 
 1.347878e+01 -2.867372e-03 
 1.347918e+01 -1.711364e-03 
 1.347958e+01 -5.372748e-04 
 1.347997e+01  6.431449e-04 
 1.348037e+01  1.832765e-03 
 1.348077e+01  3.023758e-03 
 1.348117e+01  4.243453e-03 
 1.348156e+01  5.470566e-03 
 1.348196e+01  6.710686e-03 
 1.348236e+01  7.958047e-03 
 1.348276e+01  9.218257e-03 
 1.348315e+01  1.048056e-02 
 1.348355e+01  1.174487e-02 
 1.348395e+01  1.302417e-02 
 1.348435e+01  1.429437e-02 
 1.348475e+01  1.556750e-02 
 1.348514e+01  1.683182e-02 
 1.348554e+01  1.809505e-02 
 1.348594e+01  1.933218e-02 
 1.348634e+01  2.058468e-02 
 1.348673e+01  2.182467e-02 
 1.348713e+01  2.305820e-02 
 1.348753e+01  2.429102e-02 
 1.348793e+01  2.552188e-02 
 1.348832e+01  2.675516e-02 
 1.348872e+01  2.797589e-02 
 1.348912e+01  2.918039e-02 
 1.348952e+01  3.038120e-02 
 1.348992e+01  3.156022e-02 
 1.349031e+01  3.273805e-02 
 1.349071e+01  3.390398e-02 
 1.349111e+01  3.506571e-02 
 1.349151e+01  3.621078e-02 
 1.349190e+01  3.734647e-02 
 1.349230e+01  3.846242e-02 
 1.349270e+01  3.956080e-02 
 1.349310e+01  4.066266e-02 
 1.349349e+01  4.173100e-02 
 1.349389e+01  4.279918e-02 
 1.349429e+01  4.384490e-02 
 1.349469e+01  4.487844e-02 
 1.349509e+01  4.588347e-02 
 1.349548e+01  4.687246e-02 
 1.349588e+01  4.785142e-02 
 1.349628e+01  4.879692e-02 
 1.349668e+01  4.974082e-02 
 1.349707e+01  5.066098e-02 
 1.349747e+01  5.155142e-02 
 1.349787e+01  5.244146e-02 
 1.349827e+01  5.331812e-02 
 1.349866e+01  5.416639e-02 
 1.349906e+01  5.498980e-02 
 1.349946e+01  5.579812e-02 
 1.349986e+01  5.658479e-02 
 1.350026e+01  5.734056e-02 
 1.350065e+01  5.809046e-02 
 1.350105e+01  5.880634e-02 
 1.350145e+01  5.948417e-02 
 1.350185e+01  6.014006e-02 
 1.350224e+01  6.076557e-02 
 1.350264e+01  6.136898e-02 
 1.350304e+01  6.194979e-02 
 1.350344e+01  6.251744e-02 
 1.350383e+01  6.305831e-02 
 1.350423e+01  6.355571e-02 
 1.350463e+01  6.403015e-02 
 1.350503e+01  6.448396e-02 
 1.350543e+01  6.490482e-02 
 1.350582e+01  6.529481e-02 
 1.350622e+01  6.565605e-02 
 1.350662e+01  6.598447e-02 
 1.350702e+01  6.628295e-02 
 1.350741e+01  6.656332e-02 
 1.350781e+01  6.681968e-02 
 1.350821e+01  6.704651e-02 
 1.350861e+01  6.723962e-02 
 1.350900e+01  6.740506e-02 
 1.350940e+01  6.754446e-02 
 1.350980e+01  6.766146e-02 
 1.351020e+01  6.774989e-02 
 1.351060e+01  6.780416e-02 
 1.351099e+01  6.781437e-02 
 1.351139e+01  6.779025e-02 
 1.351179e+01  6.773165e-02 
 1.351219e+01  6.765087e-02 
 1.351258e+01  6.753174e-02 
 1.351298e+01  6.737809e-02 
 1.351338e+01  6.719080e-02 
 1.351378e+01  6.696810e-02 
 1.351417e+01  6.672252e-02 
 1.351457e+01  6.642656e-02 
 1.351497e+01  6.611026e-02 
 1.351537e+01  6.575549e-02 
 1.351577e+01  6.536208e-02 
 1.351616e+01  6.492156e-02 
 1.351656e+01  6.446423e-02 
 1.351696e+01  6.398029e-02 
 1.351736e+01  6.346373e-02 
 1.351775e+01  6.292641e-02 
 1.351815e+01  6.235072e-02 
 1.351855e+01  6.173912e-02 
 1.351895e+01  6.110750e-02 
 1.351934e+01  6.045249e-02 
 1.351974e+01  5.974946e-02 
 1.352014e+01  5.901640e-02 
 1.352054e+01  5.825016e-02 
 1.352094e+01  5.744251e-02 
 1.352133e+01  5.659102e-02 
 1.352173e+01  5.574838e-02 
 1.352213e+01  5.487606e-02 
 1.352253e+01  5.398054e-02 
 1.352292e+01  5.307786e-02 
 1.352332e+01  5.214644e-02 
 1.352372e+01  5.120571e-02 
 1.352412e+01  5.024059e-02 
 1.352451e+01  4.926801e-02 
 1.352491e+01  4.825587e-02 
 1.352531e+01  4.720555e-02 
 1.352571e+01  4.616122e-02 
 1.352611e+01  4.509646e-02 
 1.352650e+01  4.401906e-02 
 1.352690e+01  4.294319e-02 
 1.352730e+01  4.187247e-02 
 1.352770e+01  4.076896e-02 
 1.352809e+01  3.966105e-02 
 1.352849e+01  3.854833e-02 
 1.352889e+01  3.742816e-02 
 1.352929e+01  3.627784e-02 
 1.352968e+01  3.512371e-02 
 1.353008e+01  3.395690e-02 
 1.353048e+01  3.276517e-02 
 1.353088e+01  3.157841e-02 
 1.353128e+01  3.039836e-02 
 1.353167e+01  2.920566e-02 
 1.353207e+01  2.801913e-02 
 1.353247e+01  2.684044e-02 
 1.353287e+01  2.565156e-02 
 1.353326e+01  2.445719e-02 
 1.353366e+01  2.325757e-02 
 1.353406e+01  2.205161e-02 
 1.353446e+01  2.083590e-02 
 1.353485e+01  1.961965e-02 
 1.353525e+01  1.840159e-02 
 1.353565e+01  1.718528e-02 
 1.353605e+01  1.599729e-02 
 1.353645e+01  1.480907e-02 
 1.353684e+01  1.362182e-02 
 1.353724e+01  1.243882e-02 
 1.353764e+01  1.126065e-02 
 1.353804e+01  1.008209e-02 
 1.353843e+01  8.905319e-03 
 1.353883e+01  7.739868e-03 
 1.353923e+01  6.580052e-03 
 1.353963e+01  5.412137e-03 
 1.354002e+01  4.247879e-03 
 1.354042e+01  3.084667e-03 
 1.354082e+01  1.935581e-03 
 1.354122e+01  7.930390e-04 
 1.354162e+01 -3.315098e-04 
 1.354201e+01 -1.454808e-03 
 1.354241e+01 -2.568090e-03 
 1.354281e+01 -3.663395e-03 
 1.354321e+01 -4.758108e-03 
 1.354360e+01 -5.835356e-03 
 1.354400e+01 -6.900379e-03 
 1.354440e+01 -7.958401e-03 
 1.354480e+01 -9.016109e-03 
 1.354519e+01 -1.005103e-02 
 1.354559e+01 -1.106710e-02 
 1.354599e+01 -1.205333e-02 
 1.354639e+01 -1.302747e-02 
 1.354679e+01 -1.398157e-02 
 1.354718e+01 -1.492711e-02 
 1.354758e+01 -1.585348e-02 
 1.354798e+01 -1.674665e-02 
 1.354838e+01 -1.761713e-02 
 1.354877e+01 -1.846959e-02 
 1.354917e+01 -1.931192e-02 
 1.354957e+01 -2.013211e-02 
 1.354997e+01 -2.093123e-02 
 1.355036e+01 -2.169826e-02 
 1.355076e+01 -2.241931e-02 
 1.355116e+01 -2.310246e-02 
 1.355156e+01 -2.376270e-02 
 1.355196e+01 -2.438920e-02 
 1.355235e+01 -2.498439e-02 
 1.355275e+01 -2.555753e-02 
 1.355315e+01 -2.608013e-02 
 1.355355e+01 -2.657827e-02 
 1.355394e+01 -2.705492e-02 
 1.355434e+01 -2.750901e-02 
 1.355474e+01 -2.790962e-02 
 1.355514e+01 -2.827820e-02 
 1.355554e+01 -2.860179e-02 
 1.355593e+01 -2.888932e-02 
 1.355633e+01 -2.913524e-02 
 1.355673e+01 -2.936818e-02 
 1.355713e+01 -2.955723e-02 
 1.355752e+01 -2.970781e-02 
 1.355792e+01 -2.981797e-02 
 1.355832e+01 -2.989897e-02 
 1.355872e+01 -2.995389e-02 
 1.355911e+01 -2.998595e-02 
 1.355951e+01 -2.999109e-02 
 1.355991e+01 -2.994451e-02 
 1.356031e+01 -2.987358e-02 
 1.356071e+01 -2.976578e-02 
 1.356110e+01 -2.962925e-02 
 1.356150e+01 -2.945930e-02 
 1.356190e+01 -2.927468e-02 
 1.356230e+01 -2.904966e-02 
 1.356269e+01 -2.878689e-02 
 1.356309e+01 -2.850545e-02 
 1.356349e+01 -2.820339e-02 
 1.356389e+01 -2.786480e-02 
 1.356428e+01 -2.751161e-02 
 1.356468e+01 -2.713004e-02 
 1.356508e+01 -2.670234e-02 
 1.356548e+01 -2.624497e-02 
 1.356588e+01 -2.577473e-02 
 1.356627e+01 -2.526751e-02 
 1.356667e+01 -2.473191e-02 
 1.356707e+01 -2.416317e-02 
 1.356747e+01 -2.356809e-02 
 1.356786e+01 -2.294570e-02 
 1.356826e+01 -2.230944e-02 
 1.356866e+01 -2.166066e-02 
 1.356906e+01 -2.097999e-02 
 1.356945e+01 -2.028738e-02 
 1.356985e+01 -1.956262e-02 
 1.357025e+01 -1.880316e-02 
 1.357065e+01 -1.802960e-02 
 1.357105e+01 -1.723468e-02 
 1.357144e+01 -1.641626e-02 
 1.357184e+01 -1.557109e-02 
 1.357224e+01 -1.470999e-02 
 1.357264e+01 -1.383398e-02 
 1.357303e+01 -1.294431e-02 
 1.357343e+01 -1.203521e-02 
 1.357383e+01 -1.111292e-02 
 1.357423e+01 -1.016577e-02 
 1.357462e+01 -9.206101e-03 
 1.357502e+01 -8.218118e-03 
 1.357542e+01 -7.211806e-03 
 1.357582e+01 -6.198178e-03 
 1.357622e+01 -5.162002e-03 
 1.357661e+01 -4.112959e-03 
 1.357701e+01 -3.049045e-03 
 1.357741e+01 -1.966380e-03 
 1.357781e+01 -8.727312e-04 
 1.357820e+01  2.331237e-04 
 1.357860e+01  1.358721e-03 
 1.357900e+01  2.498210e-03 
 1.357940e+01  3.652849e-03 
 1.357979e+01  4.821672e-03 
 1.358019e+01  6.013292e-03 
 1.358059e+01  7.189870e-03 
 1.358099e+01  8.382585e-03 
 1.358139e+01  9.582164e-03 
 1.358178e+01  1.079054e-02 
 1.358218e+01  1.200643e-02 
 1.358258e+01  1.324844e-02 
 1.358298e+01  1.448107e-02 
 1.358337e+01  1.572410e-02 
 1.358377e+01  1.698947e-02 
 1.358417e+01  1.826022e-02 
 1.358457e+01  1.953981e-02 
 1.358496e+01  2.082436e-02 
 1.358536e+01  2.209739e-02 
 1.358576e+01  2.336990e-02 
 1.358616e+01  2.465828e-02 
 1.358656e+01  2.593931e-02 
 1.358695e+01  2.721814e-02 
 1.358735e+01  2.849363e-02 
 1.358775e+01  2.976150e-02 
 1.358815e+01  3.100963e-02 
 1.358854e+01  3.225423e-02 
 1.358894e+01  3.348723e-02 
 1.358934e+01  3.471506e-02 
 1.358974e+01  3.591124e-02 
 1.359013e+01  3.710481e-02 
 1.359053e+01  3.827145e-02 
 1.359093e+01  3.942524e-02 
 1.359133e+01  4.057817e-02 
 1.359173e+01  4.170575e-02 
 1.359212e+01  4.281060e-02 
 1.359252e+01  4.389982e-02 
 1.359292e+01  4.496995e-02 
 1.359332e+01  4.600365e-02 
 1.359371e+01  4.702993e-02 
 1.359411e+01  4.804087e-02 
 1.359451e+01  4.902437e-02 
 1.359491e+01  4.997165e-02 
 1.359530e+01  5.091403e-02 
 1.359570e+01  5.182106e-02 
 1.359610e+01  5.271111e-02 
 1.359650e+01  5.357785e-02 
 1.359690e+01  5.441690e-02 
 1.359729e+01  5.522554e-02 
 1.359769e+01  5.600803e-02 
 1.359809e+01  5.677540e-02 
 1.359849e+01  5.751032e-02 
 1.359888e+01  5.822347e-02 
 1.359928e+01  5.891760e-02 
 1.359968e+01  5.957377e-02 
 1.360008e+01  6.020907e-02 
 1.360047e+01  6.082047e-02 
 1.360087e+01  6.140203e-02 
 1.360127e+01  6.196189e-02 
 1.360167e+01  6.249263e-02 
 1.360207e+01  6.299739e-02 
 1.360246e+01  6.346781e-02 
 1.360286e+01  6.391790e-02 
 1.360326e+01  6.435080e-02 
 1.360366e+01  6.475178e-02 
 1.360405e+01  6.511686e-02 
 1.360445e+01  6.545791e-02 
 1.360485e+01  6.578036e-02 
 1.360525e+01  6.606504e-02 
 1.360564e+01  6.633101e-02 
 1.360604e+01  6.656828e-02 
 1.360644e+01  6.676889e-02 
 1.360684e+01  6.694271e-02 
 1.360724e+01  6.709241e-02 
 1.360763e+01  6.720512e-02 
 1.360803e+01  6.729044e-02 
 1.360843e+01  6.734374e-02 
 1.360883e+01  6.735623e-02 
 1.360922e+01  6.733203e-02 
 1.360962e+01  6.729286e-02 
 1.361002e+01  6.722657e-02 
 1.361042e+01  6.712819e-02 
 1.361081e+01  6.700835e-02 
 1.361121e+01  6.686366e-02 
 1.361161e+01  6.668243e-02 
 1.361201e+01  6.648229e-02 
 1.361241e+01  6.626006e-02 
 1.361280e+01  6.600437e-02 
 1.361320e+01  6.572544e-02 
 1.361360e+01  6.541707e-02 
 1.361400e+01  6.505808e-02 
 1.361439e+01  6.468444e-02 
 1.361479e+01  6.428505e-02 
 1.361519e+01  6.386524e-02 
 1.361559e+01  6.340519e-02 
 1.361598e+01  6.291920e-02 
 1.361638e+01  6.239544e-02 
 1.361678e+01  6.184676e-02 
 1.361718e+01  6.127355e-02 
 1.361758e+01  6.066361e-02 
 1.361797e+01  6.002429e-02 
 1.361837e+01  5.934757e-02 
 1.361877e+01  5.863560e-02 
 1.361917e+01  5.789891e-02 
 1.361956e+01  5.714601e-02 
 1.361996e+01  5.636344e-02 
 1.362036e+01  5.556683e-02 
 1.362076e+01  5.472674e-02 
 1.362115e+01  5.386588e-02 
 1.362155e+01  5.296738e-02 
 1.362195e+01  5.205797e-02 
 1.362235e+01  5.112071e-02 
 1.362275e+01  5.014630e-02 
 1.362314e+01  4.915172e-02 
 1.362354e+01  4.811885e-02 
 1.362394e+01  4.706839e-02 
 1.362434e+01  4.600444e-02 
 1.362473e+01  4.492444e-02 
 1.362513e+01  4.382627e-02 
 1.362553e+01  4.271030e-02 
 1.362593e+01  4.157254e-02 
 1.362632e+01  4.041131e-02 
 1.362672e+01  3.924521e-02 
 1.362712e+01  3.807052e-02 
 1.362752e+01  3.686953e-02 
 1.362792e+01  3.565575e-02 
 1.362831e+01  3.443329e-02 
 1.362871e+01  3.319379e-02 
 1.362911e+01  3.196618e-02 
 1.362951e+01  3.074017e-02 
 1.362990e+01  2.951311e-02 
 1.363030e+01  2.828144e-02 
 1.363070e+01  2.705408e-02 
 1.363110e+01  2.581663e-02 
 1.363149e+01  2.457052e-02 
 1.363189e+01  2.334167e-02 
 1.363229e+01  2.211329e-02 
 1.363269e+01  2.086253e-02 
 1.363309e+01  1.960914e-02 
 1.363348e+01  1.838574e-02 
 1.363388e+01  1.715197e-02 
 1.363428e+01  1.594333e-02 
 1.363468e+01  1.474256e-02 
 1.363507e+01  1.353898e-02 
 1.363547e+01  1.233941e-02 
 1.363587e+01  1.115181e-02 
 1.363627e+01  9.970952e-03 
 1.363666e+01  8.776766e-03 
 1.363706e+01  7.601484e-03 
 1.363746e+01  6.431368e-03 
 1.363786e+01  5.245744e-03 
 1.363826e+01  4.084335e-03 
 1.363865e+01  2.944635e-03 
 1.363905e+01  1.824882e-03 
 1.363945e+01  7.211620e-04 
 1.363985e+01 -3.611058e-04 
 1.364024e+01 -1.443183e-03 
 1.364064e+01 -2.519033e-03 
 1.364104e+01 -3.578302e-03 
 1.364144e+01 -4.626005e-03 
 1.364183e+01 -5.675665e-03 
 1.364223e+01 -6.713677e-03 
 1.364263e+01 -7.740387e-03 
 1.364303e+01 -8.747389e-03 
 1.364343e+01 -9.744346e-03 
 1.364382e+01 -1.070258e-02 
 1.364422e+01 -1.163723e-02 
 1.364462e+01 -1.257630e-02 
 1.364502e+01 -1.349739e-02 
 1.364541e+01 -1.439610e-02 
 1.364581e+01 -1.527489e-02 
 1.364621e+01 -1.613871e-02 
 1.364661e+01 -1.698287e-02 
 1.364701e+01 -1.781671e-02 
 1.364740e+01 -1.863433e-02 
 1.364780e+01 -1.942047e-02 
 1.364820e+01 -2.018659e-02 
 1.364860e+01 -2.091803e-02 
 1.364899e+01 -2.162034e-02 
 1.364939e+01 -2.229408e-02 
 1.364979e+01 -2.296093e-02 
 1.365019e+01 -2.361638e-02 
 1.365058e+01 -2.422624e-02 
 1.365098e+01 -2.481853e-02 
 1.365138e+01 -2.538355e-02 
 1.365178e+01 -2.592388e-02 
 1.365218e+01 -2.643225e-02 
 1.365257e+01 -2.691018e-02 
 1.365297e+01 -2.735085e-02 
 1.365337e+01 -2.775741e-02 
 1.365377e+01 -2.813498e-02 
 1.365416e+01 -2.849666e-02 
 1.365456e+01 -2.881409e-02 
 1.365496e+01 -2.911218e-02 
 1.365536e+01 -2.937600e-02 
 1.365575e+01 -2.960527e-02 
 1.365615e+01 -2.979732e-02 
 1.365655e+01 -2.996968e-02 
 1.365695e+01 -3.011217e-02 
 1.365735e+01 -3.021722e-02 
 1.365774e+01 -3.028860e-02 
 1.365814e+01 -3.031878e-02 
 1.365854e+01 -3.029468e-02 
 1.365894e+01 -3.025094e-02 
 1.365933e+01 -3.016848e-02 
 1.365973e+01 -3.005431e-02 
 1.366013e+01 -2.989888e-02 
 1.366053e+01 -2.971766e-02 
 1.366092e+01 -2.948545e-02 
 1.366132e+01 -2.921651e-02 
 1.366172e+01 -2.893520e-02 
 1.366212e+01 -2.860657e-02 
 1.366252e+01 -2.824315e-02 
 1.366291e+01 -2.784407e-02 
 1.366331e+01 -2.740033e-02 
 1.366371e+01 -2.693580e-02 
 1.366411e+01 -2.643711e-02 
 1.366450e+01 -2.591588e-02 
 1.366490e+01 -2.534484e-02 
 1.366530e+01 -2.474868e-02 
 1.366570e+01 -2.414158e-02 
 1.366609e+01 -2.349431e-02 
 1.366649e+01 -2.283113e-02 
 1.366689e+01 -2.214417e-02 
 1.366729e+01 -2.143041e-02 
 1.366769e+01 -2.066745e-02 
 1.366808e+01 -1.987658e-02 
 1.366848e+01 -1.907578e-02 
 1.366888e+01 -1.825931e-02 
 1.366928e+01 -1.742319e-02 
 1.366967e+01 -1.657415e-02 
 1.367007e+01 -1.569377e-02 
 1.367047e+01 -1.480033e-02 
 1.367087e+01 -1.389788e-02 
 1.367126e+01 -1.297885e-02 
 1.367166e+01 -1.202701e-02 
 1.367206e+01 -1.107465e-02 
 1.367246e+01 -1.009063e-02 
 1.367286e+01 -9.082580e-03 
 1.367325e+01 -8.076763e-03 
 1.367365e+01 -7.057673e-03 
 1.367405e+01 -6.025381e-03 
 1.367445e+01 -4.971880e-03 
 1.367484e+01 -3.920192e-03 
 1.367524e+01 -2.847654e-03 
 1.367564e+01 -1.769900e-03 
 1.367604e+01 -6.943776e-04 
 1.367643e+01  3.888561e-04 
 1.367683e+01  1.489225e-03 
 1.367723e+01  2.603487e-03 
 1.367763e+01  3.730375e-03 
 1.367803e+01  4.864561e-03 
 1.367842e+01  6.002642e-03 
 1.367882e+01  7.154515e-03 
 1.367922e+01  8.314187e-03 
 1.367962e+01  9.491171e-03 
 1.368001e+01  1.068272e-02 
 1.368041e+01  1.188360e-02 
 1.368081e+01  1.307806e-02 
 1.368121e+01  1.427778e-02 
 1.368160e+01  1.549380e-02 
 1.368200e+01  1.671262e-02 
 1.368240e+01  1.793229e-02 
 1.368280e+01  1.914852e-02 
 1.368320e+01  2.037783e-02 
 1.368359e+01  2.161001e-02 
 1.368399e+01  2.283898e-02 
 1.368439e+01  2.406543e-02 
 1.368479e+01  2.530126e-02 
 1.368518e+01  2.652573e-02 
 1.368558e+01  2.774157e-02 
 1.368598e+01  2.895097e-02 
 1.368638e+01  3.015465e-02 
 1.368677e+01  3.136001e-02 
 1.368717e+01  3.257051e-02 
 1.368757e+01  3.377289e-02 
 1.368797e+01  3.496095e-02 
 1.368837e+01  3.615090e-02 
 1.368876e+01  3.732898e-02 
 1.368916e+01  3.849864e-02 
 1.368956e+01  3.965785e-02 
 1.368996e+01  4.081435e-02 
 1.369035e+01  4.195216e-02 
 1.369075e+01  4.307189e-02 
 1.369115e+01  4.417804e-02 
 1.369155e+01  4.527687e-02 
 1.369194e+01  4.634664e-02 
 1.369234e+01  4.740337e-02 
 1.369274e+01  4.843907e-02 
 1.369314e+01  4.944673e-02 
 1.369354e+01  5.044276e-02 
 1.369393e+01  5.141988e-02 
 1.369433e+01  5.236669e-02 
 1.369473e+01  5.329131e-02 
 1.369513e+01  5.419357e-02 
 1.369552e+01  5.506839e-02 
 1.369592e+01  5.591027e-02 
 1.369632e+01  5.673395e-02 
 1.369672e+01  5.752966e-02 
 1.369711e+01  5.829161e-02 
 1.369751e+01  5.902406e-02 
 1.369791e+01  5.973298e-02 
 1.369831e+01  6.040335e-02 
 1.369871e+01  6.105990e-02 
 1.369910e+01  6.168793e-02 
 1.369950e+01  6.228433e-02 
 1.369990e+01  6.284702e-02 
 1.370030e+01  6.338978e-02 
 1.370069e+01  6.389708e-02 
 1.370109e+01  6.436333e-02 
 1.370149e+01  6.478908e-02 
 1.370189e+01  6.517940e-02 
 1.370228e+01  6.554086e-02 
 1.370268e+01  6.587680e-02 
 1.370308e+01  6.617706e-02 
 1.370348e+01  6.646223e-02 
 1.370388e+01  6.671083e-02 
 1.370427e+01  6.692688e-02 
 1.370467e+01  6.710249e-02 
 1.370507e+01  6.724589e-02 
 1.370547e+01  6.735439e-02 
 1.370586e+01  6.743144e-02 
 1.370626e+01  6.747953e-02 
 1.370666e+01  6.749360e-02 
 1.370706e+01  6.748277e-02 
 1.370745e+01  6.744857e-02 
 1.370785e+01  6.739200e-02 
 1.370825e+01  6.731442e-02 
 1.370865e+01  6.720583e-02 
 1.370905e+01  6.707026e-02 
 1.370944e+01  6.690013e-02 
 1.370984e+01  6.670233e-02 
 1.371024e+01  6.646262e-02 
 1.371064e+01  6.620191e-02 
 1.371103e+01  6.589962e-02 
 1.371143e+01  6.555846e-02 
 1.371183e+01  6.519765e-02 
 1.371223e+01  6.481118e-02 
 1.371262e+01  6.440297e-02 
 1.371302e+01  6.397750e-02 
 1.371342e+01  6.353356e-02 
 1.371382e+01  6.304963e-02 
 1.371422e+01  6.253481e-02 
 1.371461e+01  6.199820e-02 
 1.371501e+01  6.143567e-02 
 1.371541e+01  6.084248e-02 
 1.371581e+01  6.024428e-02 
 1.371620e+01  5.959715e-02 
 1.371660e+01  5.893291e-02 
 1.371700e+01  5.823610e-02 
 1.371740e+01  5.753433e-02 
 1.371779e+01  5.680580e-02 
 1.371819e+01  5.606292e-02 
 1.371859e+01  5.529823e-02 
 1.371899e+01  5.451172e-02 
 1.371939e+01  5.369179e-02 
 1.371978e+01  5.286717e-02 
 1.372018e+01  5.201066e-02 
 1.372058e+01  5.111821e-02 
 1.372098e+01  5.020024e-02 
 1.372137e+01  4.926519e-02 
 1.372177e+01  4.829733e-02 
 1.372217e+01  4.731984e-02 
 1.372257e+01  4.634070e-02 
 1.372296e+01  4.534469e-02 
 1.372336e+01  4.431634e-02 
 1.372376e+01  4.327207e-02 
 1.372416e+01  4.220511e-02 
 1.372456e+01  4.111434e-02 
 1.372495e+01  4.000807e-02 
 1.372535e+01  3.888944e-02 
 1.372575e+01  3.773986e-02 
 1.372615e+01  3.656503e-02 
 1.372654e+01  3.538723e-02 
 1.372694e+01  3.419436e-02 
 1.372734e+01  3.300482e-02 
 1.372774e+01  3.180224e-02 
 1.372813e+01  3.059081e-02 
 1.372853e+01  2.935958e-02 
 1.372893e+01  2.811747e-02 
 1.372933e+01  2.686769e-02 
 1.372973e+01  2.560695e-02 
 1.373012e+01  2.431799e-02 
 1.373052e+01  2.302991e-02 
 1.373092e+01  2.172188e-02 
 1.373132e+01  2.040911e-02 
 1.373171e+01  1.911436e-02 
 1.373211e+01  1.782712e-02 
 1.373251e+01  1.654619e-02 
 1.373291e+01  1.525189e-02 
 1.373330e+01  1.397748e-02 
 1.373370e+01  1.268834e-02 
 1.373410e+01  1.141263e-02 
 1.373450e+01  1.016092e-02 
 1.373490e+01  8.911494e-03 
 1.373529e+01  7.663211e-03 
 1.373569e+01  6.432122e-03 
 1.373609e+01  5.211647e-03 
 1.373649e+01  4.001661e-03 
 1.373688e+01  2.829831e-03 
 1.373728e+01  1.664959e-03 
 1.373768e+01  5.088263e-04 
 1.373808e+01 -6.314756e-04 
 1.373848e+01 -1.746810e-03 
 1.373887e+01 -2.857646e-03 
 1.373927e+01 -3.944059e-03 
 1.373967e+01 -5.010224e-03 
 1.374007e+01 -6.072689e-03 
 1.374046e+01 -7.121387e-03 
 1.374086e+01 -8.136640e-03 
 1.374126e+01 -9.126747e-03 
 1.374166e+01 -1.009285e-02 
 1.374205e+01 -1.102334e-02 
 1.374245e+01 -1.194613e-02 
 1.374285e+01 -1.285719e-02 
 1.374325e+01 -1.375220e-02 
 1.374365e+01 -1.461609e-02 
 1.374404e+01 -1.546806e-02 
 1.374444e+01 -1.629620e-02 
 1.374484e+01 -1.710923e-02 
 1.374524e+01 -1.790807e-02 
 1.374563e+01 -1.868276e-02 
 1.374603e+01 -1.942809e-02 
 1.374643e+01 -2.014829e-02 
 1.374683e+01 -2.083683e-02 
 1.374722e+01 -2.150289e-02 
 1.374762e+01 -2.214166e-02 
 1.374802e+01 -2.275660e-02 
 1.374842e+01 -2.336089e-02 
 1.374882e+01 -2.393111e-02 
 1.374921e+01 -2.449065e-02 
 1.374961e+01 -2.502343e-02 
 1.375001e+01 -2.554143e-02 
 1.375041e+01 -2.602368e-02 
 1.375080e+01 -2.648005e-02 
 1.375120e+01 -2.690154e-02 
 1.375160e+01 -2.728692e-02 
 1.375200e+01 -2.764508e-02 
 1.375239e+01 -2.799279e-02 
 1.375279e+01 -2.830039e-02 
 1.375319e+01 -2.859773e-02 
 1.375359e+01 -2.885830e-02 
 1.375399e+01 -2.908321e-02 
 1.375438e+01 -2.928675e-02 
 1.375478e+01 -2.946129e-02 
 1.375518e+01 -2.961249e-02 
 1.375558e+01 -2.971364e-02 
 1.375597e+01 -2.978901e-02 
 1.375637e+01 -2.982776e-02 
 1.375677e+01 -2.982714e-02 
 1.375717e+01 -2.980738e-02 
 1.375756e+01 -2.976505e-02 
 1.375796e+01 -2.968529e-02 
 1.375836e+01 -2.957674e-02 
 1.375876e+01 -2.944416e-02 
 1.375916e+01 -2.927383e-02 
 1.375955e+01 -2.907431e-02 
 1.375995e+01 -2.885370e-02 
 1.376035e+01 -2.859687e-02 
 1.376075e+01 -2.828933e-02 
 1.376114e+01 -2.795084e-02 
 1.376154e+01 -2.759248e-02 
 1.376194e+01 -2.721009e-02 
 1.376234e+01 -2.679050e-02 
 1.376273e+01 -2.634779e-02 
 1.376313e+01 -2.585097e-02 
 1.376353e+01 -2.532622e-02 
 1.376393e+01 -2.477866e-02 
 1.376433e+01 -2.419370e-02 
 1.376472e+01 -2.357843e-02 
 1.376512e+01 -2.293698e-02 
 1.376552e+01 -2.225882e-02 
 1.376592e+01 -2.153165e-02 
 1.376631e+01 -2.078960e-02 
 1.376671e+01 -2.002388e-02 
 1.376711e+01 -1.922149e-02 
 1.376751e+01 -1.838638e-02 
 1.376790e+01 -1.752272e-02 
 1.376830e+01 -1.662861e-02 
 1.376870e+01 -1.571559e-02 
 1.376910e+01 -1.476993e-02 
 1.376950e+01 -1.382145e-02 
 1.376989e+01 -1.283840e-02 
 1.377029e+01 -1.183010e-02 
 1.377069e+01 -1.080611e-02 
 1.377109e+01 -9.757828e-03 
 1.377148e+01 -8.699906e-03 
 1.377188e+01 -7.632780e-03 
 1.377228e+01 -6.548629e-03 
 1.377268e+01 -5.434777e-03 
 1.377307e+01 -4.315271e-03 
 1.377347e+01 -3.183289e-03 
 1.377387e+01 -2.035753e-03 
 1.377427e+01 -8.987648e-04 
 1.377467e+01  2.584047e-04 
 1.377506e+01  1.437605e-03 
 1.377546e+01  2.621694e-03 
 1.377586e+01  3.808478e-03 
 1.377626e+01  5.004806e-03 
 1.377665e+01  6.211744e-03 
 1.377705e+01  7.406879e-03 
 1.377745e+01  8.616206e-03 
 1.377785e+01  9.837479e-03 
 1.377824e+01  1.103885e-02 
 1.377864e+01  1.224176e-02 
 1.377904e+01  1.343289e-02 
 1.377944e+01  1.463117e-02 
 1.377984e+01  1.583715e-02 
 1.378023e+01  1.704000e-02 
 1.378063e+01  1.823483e-02 
 1.378103e+01  1.942413e-02 
 1.378143e+01  2.061204e-02 
 1.378182e+01  2.180314e-02 
 1.378222e+01  2.299028e-02 
 1.378262e+01  2.418086e-02 
 1.378302e+01  2.536119e-02 
 1.378341e+01  2.654662e-02 
 1.378381e+01  2.771361e-02 
 1.378421e+01  2.888608e-02 
 1.378461e+01  3.005357e-02 
 1.378501e+01  3.122317e-02 
 1.378540e+01  3.236965e-02 
 1.378580e+01  3.352516e-02 
 1.378620e+01  3.466421e-02 
 1.378660e+01  3.581015e-02 
 1.378699e+01  3.694845e-02 
 1.378739e+01  3.808026e-02 
 1.378779e+01  3.919626e-02 
 1.378819e+01  4.029636e-02 
 1.378858e+01  4.139152e-02 
 1.378898e+01  4.246858e-02 
 1.378938e+01  4.353245e-02 
 1.378978e+01  4.458614e-02 
 1.379018e+01  4.562865e-02 
 1.379057e+01  4.664263e-02 
 1.379097e+01  4.765419e-02 
 1.379137e+01  4.865220e-02 
 1.379177e+01  4.964039e-02 
 1.379216e+01  5.061120e-02 
 1.379256e+01  5.156437e-02 
 1.379296e+01  5.249805e-02 
 1.379336e+01  5.340400e-02 
 1.379375e+01  5.429688e-02 
 1.379415e+01  5.516352e-02 
 1.379455e+01  5.599377e-02 
 1.379495e+01  5.682240e-02 
 1.379535e+01  5.762835e-02 
 1.379574e+01  5.841175e-02 
 1.379614e+01  5.917435e-02 
 1.379654e+01  5.991281e-02 
 1.379694e+01  6.061951e-02 
 1.379733e+01  6.130044e-02 
 1.379773e+01  6.193783e-02 
 1.379813e+01  6.254184e-02 
 1.379853e+01  6.311581e-02 
 1.379892e+01  6.366249e-02 
 1.379932e+01  6.415914e-02 
 1.379972e+01  6.463503e-02 
 1.380012e+01  6.508384e-02 
 1.380052e+01  6.549119e-02 
 1.380091e+01  6.586932e-02 
 1.380131e+01  6.623201e-02 
 1.380171e+01  6.655739e-02 
 1.380211e+01  6.684957e-02 
 1.380250e+01  6.711688e-02 
 1.380290e+01  6.733951e-02 
 1.380330e+01  6.753166e-02 
 1.380370e+01  6.769660e-02 
 1.380409e+01  6.782914e-02 
 1.380449e+01  6.790737e-02 
 1.380489e+01  6.796356e-02 
 1.380529e+01  6.798521e-02 
 1.380569e+01  6.796658e-02 
 1.380608e+01  6.791599e-02 
 1.380648e+01  6.784260e-02 
 1.380688e+01  6.772915e-02 
 1.380728e+01  6.757365e-02 
 1.380767e+01  6.739270e-02 
 1.380807e+01  6.717528e-02 
 1.380847e+01  6.692426e-02 
 1.380887e+01  6.665023e-02 
 1.380926e+01  6.633710e-02 
 1.380966e+01  6.598503e-02 
 1.381006e+01  6.559972e-02 
 1.381046e+01  6.520518e-02 
 1.381086e+01  6.478792e-02 
 1.381125e+01  6.434017e-02 
 1.381165e+01  6.386286e-02 
 1.381205e+01  6.335740e-02 
 1.381245e+01  6.281474e-02 
 1.381284e+01  6.224367e-02 
 1.381324e+01  6.165205e-02 
 1.381364e+01  6.102542e-02 
 1.381404e+01  6.037750e-02 
 1.381443e+01  5.969585e-02 
 1.381483e+01  5.899954e-02 
 1.381523e+01  5.827585e-02 
 1.381563e+01  5.755361e-02 
 1.381603e+01  5.680815e-02 
 1.381642e+01  5.602099e-02 
 1.381682e+01  5.522212e-02 
 1.381722e+01  5.439030e-02 
 1.381762e+01  5.353813e-02 
 1.381801e+01  5.265844e-02 
 1.381841e+01  5.175569e-02 
 1.381881e+01  5.084097e-02 
 1.381921e+01  4.990459e-02 
 1.381960e+01  4.895558e-02 
 1.382000e+01  4.800255e-02 
 1.382040e+01  4.703664e-02 
 1.382080e+01  4.606754e-02 
 1.382120e+01  4.506545e-02 
 1.382159e+01  4.403774e-02 
 1.382199e+01  4.301092e-02 
 1.382239e+01  4.195553e-02 
 1.382279e+01  4.089173e-02 
 1.382318e+01  3.980968e-02 
 1.382358e+01  3.871874e-02 
 1.382398e+01  3.761012e-02 
 1.382438e+01  3.649251e-02 
 1.382477e+01  3.537929e-02 
 1.382517e+01  3.425783e-02 
 1.382557e+01  3.311683e-02 
 1.382597e+01  3.196209e-02 
 1.382637e+01  3.079571e-02 
 1.382676e+01  2.960607e-02 
 1.382716e+01  2.840930e-02 
 1.382756e+01  2.720566e-02 
 1.382796e+01  2.599518e-02 
 1.382835e+01  2.476448e-02 
 1.382875e+01  2.353187e-02 
 1.382915e+01  2.230965e-02 
 1.382955e+01  2.108473e-02 
 1.382994e+01  1.986959e-02 
 1.383034e+01  1.865168e-02 
 1.383074e+01  1.741919e-02 
 1.383114e+01  1.618598e-02 
 1.383154e+01  1.494945e-02 
 1.383193e+01  1.371001e-02 
 1.383233e+01  1.246161e-02 
 1.383273e+01  1.122959e-02 
 1.383313e+01  9.981791e-03 
 1.383352e+01  8.731171e-03 
 1.383392e+01  7.484412e-03 
 1.383432e+01  6.270092e-03 
 1.383472e+01  5.049595e-03 
 1.383512e+01  3.847373e-03 
 1.383551e+01  2.660924e-03 
 1.383591e+01  1.462169e-03 
 1.383631e+01  2.611260e-04 
 1.383671e+01 -9.205692e-04 
 1.383710e+01 -2.086834e-03 
 1.383750e+01 -3.255562e-03 
 1.383790e+01 -4.405631e-03 
 1.383830e+01 -5.531447e-03 
 1.383869e+01 -6.654971e-03 
 1.383909e+01 -7.749417e-03 
 1.383949e+01 -8.791729e-03 
 1.383989e+01 -9.826066e-03 
 1.384029e+01 -1.084865e-02 
 1.384068e+01 -1.185434e-02 
 1.384108e+01 -1.284343e-02 
 1.384148e+01 -1.381638e-02 
 1.384188e+01 -1.474717e-02 
 1.384227e+01 -1.566130e-02 
 1.384267e+01 -1.655903e-02 
 1.384307e+01 -1.742068e-02 
 1.384347e+01 -1.824939e-02 
 1.384386e+01 -1.904794e-02 
 1.384426e+01 -1.980917e-02 
 1.384466e+01 -2.052614e-02 
 1.384506e+01 -2.123115e-02 
 1.384546e+01 -2.191176e-02 
 1.384585e+01 -2.257054e-02 
 1.384625e+01 -2.320356e-02 
 1.384665e+01 -2.380469e-02 
 1.384705e+01 -2.437453e-02 
 1.384744e+01 -2.491782e-02 
 1.384784e+01 -2.542718e-02 
 1.384824e+01 -2.591510e-02 
 1.384864e+01 -2.634825e-02 
 1.384903e+01 -2.675042e-02 
 1.384943e+01 -2.712715e-02 
 1.384983e+01 -2.746975e-02 
 1.385023e+01 -2.778302e-02 
 1.385063e+01 -2.808778e-02 
 1.385102e+01 -2.835910e-02 
 1.385142e+01 -2.859429e-02 
 1.385182e+01 -2.879933e-02 
 1.385222e+01 -2.898648e-02 
 1.385261e+01 -2.914293e-02 
 1.385301e+01 -2.926873e-02 
 1.385341e+01 -2.937033e-02 
 1.385381e+01 -2.943365e-02 
 1.385420e+01 -2.946331e-02 
 1.385460e+01 -2.946157e-02 
 1.385500e+01 -2.944688e-02 
 1.385540e+01 -2.940638e-02 
 1.385580e+01 -2.934896e-02 
 1.385619e+01 -2.925888e-02 
 1.385659e+01 -2.914927e-02 
 1.385699e+01 -2.899914e-02 
 1.385739e+01 -2.883707e-02 
 1.385778e+01 -2.864078e-02 
 1.385818e+01 -2.840708e-02 
 1.385858e+01 -2.814073e-02 
 1.385898e+01 -2.784026e-02 
 1.385937e+01 -2.750672e-02 
 1.385977e+01 -2.715723e-02 
 1.386017e+01 -2.678513e-02 
 1.386057e+01 -2.637873e-02 
 1.386097e+01 -2.593665e-02 
 1.386136e+01 -2.548316e-02 
 1.386176e+01 -2.499080e-02 
 1.386216e+01 -2.446739e-02 
 1.386256e+01 -2.392568e-02 
 1.386295e+01 -2.334263e-02 
 1.386335e+01 -2.272112e-02 
 1.386375e+01 -2.207288e-02 
 1.386415e+01 -2.138638e-02 
 1.386454e+01 -2.068278e-02 
 1.386494e+01 -1.995660e-02 
 1.386534e+01 -1.920873e-02 
 1.386574e+01 -1.844436e-02 
 1.386614e+01 -1.764599e-02 
 1.386653e+01 -1.684632e-02 
 1.386693e+01 -1.600426e-02 
 1.386733e+01 -1.514975e-02 
 1.386773e+01 -1.426118e-02 
 1.386812e+01 -1.335102e-02 
 1.386852e+01 -1.240854e-02 
 1.386892e+01 -1.144235e-02 
 1.386932e+01 -1.046389e-02 
 1.386971e+01 -9.455440e-03 
 1.387011e+01 -8.427209e-03 
 1.387051e+01 -7.375048e-03 
 1.387091e+01 -6.295891e-03 
 1.387131e+01 -5.204103e-03 
 1.387170e+01 -4.104404e-03 
 1.387210e+01 -2.978337e-03 
 1.387250e+01 -1.839756e-03 
 1.387290e+01 -6.827255e-04 
 1.387329e+01  4.871416e-04 
 1.387369e+01  1.683881e-03 
 1.387409e+01  2.875488e-03 
 1.387449e+01  4.077574e-03 
 1.387488e+01  5.289698e-03 
 1.387528e+01  6.519816e-03 
 1.387568e+01  7.754698e-03 
 1.387608e+01  8.998948e-03 
 1.387648e+01  1.025449e-02 
 1.387687e+01  1.150477e-02 
 1.387727e+01  1.276652e-02 
 1.387767e+01  1.403884e-02 
 1.387807e+01  1.530881e-02 
 1.387846e+01  1.658672e-02 
 1.387886e+01  1.785459e-02 
 1.387926e+01  1.913261e-02 
 1.387966e+01  2.040451e-02 
 1.388005e+01  2.168375e-02 
 1.388045e+01  2.295322e-02 
 1.388085e+01  2.422761e-02 
 1.388125e+01  2.547773e-02 
 1.388165e+01  2.671389e-02 
 1.388204e+01  2.794039e-02 
 1.388244e+01  2.915713e-02 
 1.388284e+01  3.037322e-02 
 1.388324e+01  3.157191e-02 
 1.388363e+01  3.275954e-02 
 1.388403e+01  3.393357e-02 
 1.388443e+01  3.509144e-02 
 1.388483e+01  3.623762e-02 
 1.388522e+01  3.737119e-02 
 1.388562e+01  3.847657e-02 
 1.388602e+01  3.956022e-02 
 1.388642e+01  4.062993e-02 
 1.388682e+01  4.166924e-02 
 1.388721e+01  4.270512e-02 
 1.388761e+01  4.373287e-02 
 1.388801e+01  4.473122e-02 
 1.388841e+01  4.571887e-02 
 1.388880e+01  4.669620e-02 
 1.388920e+01  4.766774e-02 
 1.388960e+01  4.862330e-02 
 1.389000e+01  4.956379e-02 
 1.389039e+01  5.047648e-02 
 1.389079e+01  5.136658e-02 
 1.389119e+01  5.223260e-02 
 1.389159e+01  5.308802e-02 
 1.389199e+01  5.392349e-02 
 1.389238e+01  5.473731e-02 
 1.389278e+01  5.554374e-02 
 1.389318e+01  5.633085e-02 
 1.389358e+01  5.709370e-02 
 1.389397e+01  5.783715e-02 
 1.389437e+01  5.856580e-02 
 1.389477e+01  5.925975e-02 
 1.389517e+01  5.993208e-02 
 1.389556e+01  6.057003e-02 
 1.389596e+01  6.118266e-02 
 1.389636e+01  6.178046e-02 
 1.389676e+01  6.235279e-02 
 1.389716e+01  6.291353e-02 
 1.389755e+01  6.343653e-02 
 1.389795e+01  6.394449e-02 
 1.389835e+01  6.442565e-02 
 1.389875e+01  6.489034e-02 
 1.389914e+01  6.532487e-02 
 1.389954e+01  6.573197e-02 
 1.389994e+01  6.610883e-02 
 1.390034e+01  6.643859e-02 
 1.390073e+01  6.672453e-02 
 1.390113e+01  6.698430e-02 
 1.390153e+01  6.720585e-02 
 1.390193e+01  6.739681e-02 
 1.390233e+01  6.756366e-02 
 1.390272e+01  6.769956e-02 
 1.390312e+01  6.780133e-02 
 1.390352e+01  6.787422e-02 
 1.390392e+01  6.791652e-02 
 1.390431e+01  6.792582e-02 
 1.390471e+01  6.789306e-02 
 1.390511e+01  6.782177e-02 
 1.390551e+01  6.771545e-02 
 1.390590e+01  6.757096e-02 
 1.390630e+01  6.739979e-02 
 1.390670e+01  6.719408e-02 
 1.390710e+01  6.695467e-02 
 1.390750e+01  6.669268e-02 
 1.390789e+01  6.639786e-02 
 1.390829e+01  6.608442e-02 
 1.390869e+01  6.574560e-02 
 1.390909e+01  6.537040e-02 
 1.390948e+01  6.495076e-02 
 1.390988e+01  6.449079e-02 
 1.391028e+01  6.400448e-02 
 1.391068e+01  6.346539e-02 
 1.391107e+01  6.289779e-02 
 1.391147e+01  6.230508e-02 
 1.391187e+01  6.169238e-02 
 1.391227e+01  6.105149e-02 
 1.391267e+01  6.038961e-02 
 1.391306e+01  5.969929e-02 
 1.391346e+01  5.897787e-02 
 1.391386e+01  5.823085e-02 
 1.391426e+01  5.744629e-02 
 1.391465e+01  5.662837e-02 
 1.391505e+01  5.579154e-02 
 1.391545e+01  5.492956e-02 
 1.391585e+01  5.404616e-02 
 1.391624e+01  5.314027e-02 
 1.391664e+01  5.221270e-02 
 1.391704e+01  5.126768e-02 
 1.391744e+01  5.031277e-02 
 1.391784e+01  4.933922e-02 
 1.391823e+01  4.835665e-02 
 1.391863e+01  4.735395e-02 
 1.391903e+01  4.634559e-02 
 1.391943e+01  4.528907e-02 
 1.391982e+01  4.422763e-02 
 1.392022e+01  4.314622e-02 
 1.392062e+01  4.205880e-02 
 1.392102e+01  4.094840e-02 
 1.392141e+01  3.983875e-02 
 1.392181e+01  3.870928e-02 
 1.392221e+01  3.757453e-02 
 1.392261e+01  3.643488e-02 
 1.392301e+01  3.529642e-02 
 1.392340e+01  3.414860e-02 
 1.392380e+01  3.299813e-02 
 1.392420e+01  3.183296e-02 
 1.392460e+01  3.064915e-02 
 1.392499e+01  2.947581e-02 
 1.392539e+01  2.829337e-02 
 1.392579e+01  2.710552e-02 
 1.392619e+01  2.590163e-02 
 1.392659e+01  2.470112e-02 
 1.392698e+01  2.349958e-02 
 1.392738e+01  2.231009e-02 
 1.392778e+01  2.112680e-02 
 1.392818e+01  1.995252e-02 
 1.392857e+01  1.875744e-02 
 1.392897e+01  1.755661e-02 
 1.392937e+01  1.634253e-02 
 1.392977e+01  1.512011e-02 
 1.393016e+01  1.390037e-02 
 1.393056e+01  1.268630e-02 
 1.393096e+01  1.148314e-02 
 1.393136e+01  1.027648e-02 
 1.393176e+01  9.066724e-03 
 1.393215e+01  7.894132e-03 
 1.393255e+01  6.734547e-03 
 1.393295e+01  5.567709e-03 
 1.393335e+01  4.410618e-03 
 1.393374e+01  3.237030e-03 
 1.393414e+01  2.072499e-03 
 1.393454e+01  8.968126e-04 
 1.393494e+01 -2.470533e-04 
 1.393533e+01 -1.390872e-03 
 1.393573e+01 -2.527587e-03 
 1.393613e+01 -3.650885e-03 
 1.393653e+01 -4.753512e-03 
 1.393693e+01 -5.833171e-03 
 1.393732e+01 -6.883219e-03 
 1.393772e+01 -7.914652e-03 
 1.393812e+01 -8.951195e-03 
 1.393852e+01 -9.976919e-03 
 1.393891e+01 -1.099130e-02 
 1.393931e+01 -1.198873e-02 
 1.393971e+01 -1.297867e-02 
 1.394011e+01 -1.394117e-02 
 1.394050e+01 -1.487948e-02 
 1.394090e+01 -1.580354e-02 
 1.394130e+01 -1.670847e-02 
 1.394170e+01 -1.758268e-02 
 1.394210e+01 -1.842532e-02 
 1.394249e+01 -1.925408e-02 
 1.394289e+01 -2.004906e-02 
 1.394329e+01 -2.082684e-02 
 1.394369e+01 -2.158486e-02 
 1.394408e+01 -2.231720e-02 
 1.394448e+01 -2.300310e-02 
 1.394488e+01 -2.367005e-02 
 1.394528e+01 -2.431051e-02 
 1.394567e+01 -2.491252e-02 
 1.394607e+01 -2.548284e-02 
 1.394647e+01 -2.602028e-02 
 1.394687e+01 -2.652023e-02 
 1.394727e+01 -2.696896e-02 
 1.394766e+01 -2.738984e-02 
 1.394806e+01 -2.778823e-02 
 1.394846e+01 -2.816074e-02 
 1.394886e+01 -2.850521e-02 
 1.394925e+01 -2.881833e-02 
 1.394965e+01 -2.908496e-02 
 1.395005e+01 -2.932440e-02 
 1.395045e+01 -2.953267e-02 
 1.395084e+01 -2.970100e-02 
 1.395124e+01 -2.982977e-02 
 1.395164e+01 -2.991975e-02 
 1.395204e+01 -2.996908e-02 
 1.395244e+01 -2.998931e-02 
 1.395283e+01 -2.998381e-02 
 1.395323e+01 -2.995187e-02 
 1.395363e+01 -2.989090e-02 
 1.395403e+01 -2.979726e-02 
 1.395442e+01 -2.966493e-02 
 1.395482e+01 -2.950982e-02 
 1.395522e+01 -2.932952e-02 
 1.395562e+01 -2.911530e-02 
 1.395601e+01 -2.885658e-02 
 1.395641e+01 -2.857016e-02 
 1.395681e+01 -2.824048e-02 
 1.395721e+01 -2.788792e-02 
 1.395761e+01 -2.752268e-02 
 1.395800e+01 -2.713709e-02 
 1.395840e+01 -2.671620e-02 
 1.395880e+01 -2.627954e-02 
 1.395920e+01 -2.580712e-02 
 1.395959e+01 -2.530275e-02 
 1.395999e+01 -2.477495e-02 
 1.396039e+01 -2.422976e-02 
 1.396079e+01 -2.364898e-02 
 1.396118e+01 -2.304814e-02 
 1.396158e+01 -2.242547e-02 
 1.396198e+01 -2.178891e-02 
 1.396238e+01 -2.112322e-02 
 1.396278e+01 -2.045413e-02 
 1.396317e+01 -1.974367e-02 
 1.396357e+01 -1.901737e-02 
 1.396397e+01 -1.826027e-02 
 1.396437e+01 -1.748080e-02 
 1.396476e+01 -1.667663e-02 
 1.396516e+01 -1.585059e-02 
 1.396556e+01 -1.500086e-02 
 1.396596e+01 -1.411878e-02 
 1.396635e+01 -1.321557e-02 
 1.396675e+01 -1.228288e-02 
 1.396715e+01 -1.133588e-02 
 1.396755e+01 -1.038398e-02 
 1.396795e+01 -9.417153e-03 
 1.396834e+01 -8.417901e-03 
 1.396874e+01 -7.414773e-03 
 1.396914e+01 -6.389099e-03 
 1.396954e+01 -5.345671e-03 
 1.396993e+01 -4.287937e-03 
 1.397033e+01 -3.217658e-03 
 1.397073e+01 -2.126236e-03 
 1.397113e+01 -1.022961e-03 
 1.397152e+01  1.051434e-04 
 1.397192e+01  1.243387e-03 
 1.397232e+01  2.390721e-03 
 1.397272e+01  3.549320e-03 
 1.397312e+01  4.722777e-03 
 1.397351e+01  5.902922e-03 
 1.397391e+01  7.099654e-03 
 1.397431e+01  8.301087e-03 
 1.397471e+01  9.515939e-03 
 1.397510e+01  1.074715e-02 
 1.397550e+01  1.198962e-02 
 1.397590e+01  1.324783e-02 
 1.397630e+01  1.451703e-02 
 1.397669e+01  1.578606e-02 
 1.397709e+01  1.704315e-02 
 1.397749e+01  1.830831e-02 
 1.397789e+01  1.957154e-02 
 1.397829e+01  2.084254e-02 
 1.397868e+01  2.210262e-02 
 1.397908e+01  2.336910e-02 
 1.397948e+01  2.463454e-02 
 1.397988e+01  2.589081e-02 
 1.398027e+01  2.714169e-02 
 1.398067e+01  2.841136e-02 
 1.398107e+01  2.964784e-02 
 1.398147e+01  3.088573e-02 
 1.398186e+01  3.211409e-02 
 1.398226e+01  3.333595e-02 
 1.398266e+01  3.454575e-02 
 1.398306e+01  3.574926e-02 
 1.398346e+01  3.694319e-02 
 1.398385e+01  3.811069e-02 
 1.398425e+01  3.926975e-02 
 1.398465e+01  4.041919e-02 
 1.398505e+01  4.155113e-02 
 1.398544e+01  4.267611e-02 
 1.398584e+01  4.377719e-02 
 1.398624e+01  4.485418e-02 
 1.398664e+01  4.590986e-02 
 1.398703e+01  4.694952e-02 
 1.398743e+01  4.797053e-02 
 1.398783e+01  4.895627e-02 
 1.398823e+01  4.992569e-02 
 1.398863e+01  5.085963e-02 
 1.398902e+01  5.177503e-02 
 1.398942e+01  5.264522e-02 
 1.398982e+01  5.349972e-02 
 1.399022e+01  5.432792e-02 
 1.399061e+01  5.512788e-02 
 1.399101e+01  5.590896e-02 
 1.399141e+01  5.666670e-02 
 1.399181e+01  5.739978e-02 
 1.399220e+01  5.811429e-02 
 1.399260e+01  5.880470e-02 
 1.399300e+01  5.947163e-02 
 1.399340e+01  6.010080e-02 
 1.399380e+01  6.070464e-02 
 1.399419e+01  6.127809e-02 
 1.399459e+01  6.183147e-02 
 1.399499e+01  6.237407e-02 
 1.399539e+01  6.288274e-02 
 1.399578e+01  6.336546e-02 
 1.399618e+01  6.383220e-02 
 1.399658e+01  6.426956e-02 
 1.399698e+01  6.467753e-02 
 1.399737e+01  6.505773e-02 
 1.399777e+01  6.541345e-02 
 1.399817e+01  6.572364e-02 
 1.399857e+01  6.600754e-02 
 1.399897e+01  6.626675e-02 
 1.399936e+01  6.650482e-02 
 1.399976e+01  6.671249e-02 
 1.400016e+01  6.690220e-02 
 1.400056e+01  6.707812e-02 
 1.400095e+01  6.721098e-02 
 1.400135e+01  6.732877e-02 
 1.400175e+01  6.742317e-02 
 1.400215e+01  6.747103e-02 
 1.400254e+01  6.749326e-02 
 1.400294e+01  6.746721e-02 
 1.400334e+01  6.741151e-02 
 1.400374e+01  6.731858e-02 
 1.400414e+01  6.721553e-02 
 1.400453e+01  6.708246e-02 
 1.400493e+01  6.692011e-02 
 1.400533e+01  6.672918e-02 
 1.400573e+01  6.651140e-02 
 1.400612e+01  6.626581e-02 
 1.400652e+01  6.598171e-02 
 1.400692e+01  6.566339e-02 
 1.400732e+01  6.530013e-02 
 1.400771e+01  6.490173e-02 
 1.400811e+01  6.446071e-02 
 1.400851e+01  6.399921e-02 
 1.400891e+01  6.350247e-02 
 1.400931e+01  6.297911e-02 
 1.400970e+01  6.243301e-02 
 1.401010e+01  6.186302e-02 
 1.401050e+01  6.126796e-02 
 1.401090e+01  6.064000e-02 
 1.401129e+01  6.000343e-02 
 1.401169e+01  5.932450e-02 
 1.401209e+01  5.860628e-02 
 1.401249e+01  5.787115e-02 
 1.401288e+01  5.708978e-02 
 1.401328e+01  5.629190e-02 
 1.401368e+01  5.548220e-02 
 1.401408e+01  5.464352e-02 
 1.401448e+01  5.378299e-02 
 1.401487e+01  5.290284e-02 
 1.401527e+01  5.200200e-02 
 1.401567e+01  5.107995e-02 
 1.401607e+01  5.012152e-02 
 1.401646e+01  4.915621e-02 
 1.401686e+01  4.813691e-02 
 1.401726e+01  4.710264e-02 
 1.401766e+01  4.603369e-02 
 1.401806e+01  4.495489e-02 
 1.401845e+01  4.385815e-02 
 1.401885e+01  4.275029e-02 
 1.401925e+01  4.162815e-02 
 1.401965e+01  4.050052e-02 
 1.402004e+01  3.936772e-02 
 1.402044e+01  3.821233e-02 
 1.402084e+01  3.705334e-02 
 1.402124e+01  3.587400e-02 
 1.402163e+01  3.468652e-02 
 1.402203e+01  3.346298e-02 
 1.402243e+01  3.223237e-02 
 1.402283e+01  3.100180e-02 
 1.402323e+01  2.975742e-02 
 1.402362e+01  2.851598e-02 
 1.402402e+01  2.727572e-02 
 1.402442e+01  2.603463e-02 
 1.402482e+01  2.478798e-02 
 1.402521e+01  2.354901e-02 
 1.402561e+01  2.230292e-02 
 1.402601e+01  2.106645e-02 
 1.402641e+01  1.981894e-02 
 1.402680e+01  1.857136e-02 
 1.402720e+01  1.732090e-02 
 1.402760e+01  1.607580e-02 
 1.402800e+01  1.484402e-02 
 1.402840e+01  1.362224e-02 
 1.402879e+01  1.242641e-02 
 1.402919e+01  1.122768e-02 
 1.402959e+01  1.003267e-02 
 1.402999e+01  8.849337e-03 
 1.403038e+01  7.679406e-03 
 1.403078e+01  6.528404e-03 
 1.403118e+01  5.370709e-03 
 1.403158e+01  4.215230e-03 
 1.403197e+01  3.063049e-03 
 1.403237e+01  1.935343e-03 
 1.403277e+01  8.270464e-04 
 1.403317e+01 -2.758204e-04 
 1.403357e+01 -1.351341e-03 
 1.403396e+01 -2.422517e-03 
 1.403436e+01 -3.480635e-03 
 1.403476e+01 -4.529522e-03 
 1.403516e+01 -5.559781e-03 
 1.403555e+01 -6.576014e-03 
 1.403595e+01 -7.593035e-03 
 1.403635e+01 -8.609849e-03 
 1.403675e+01 -9.609391e-03 
 1.403714e+01 -1.060627e-02 
 1.403754e+01 -1.157491e-02 
 1.403794e+01 -1.253462e-02 
 1.403834e+01 -1.346075e-02 
 1.403874e+01 -1.438304e-02 
 1.403913e+01 -1.527821e-02 
 1.403953e+01 -1.615163e-02 
 1.403993e+01 -1.700930e-02 
 1.404033e+01 -1.782733e-02 
 1.404072e+01 -1.864132e-02 
 1.404112e+01 -1.944248e-02 
 1.404152e+01 -2.023433e-02 
 1.404192e+01 -2.099572e-02 
 1.404231e+01 -2.172822e-02 
 1.404271e+01 -2.243543e-02 
 1.404311e+01 -2.311147e-02 
 1.404351e+01 -2.375510e-02 
 1.404391e+01 -2.437084e-02 
 1.404430e+01 -2.495356e-02 
 1.404470e+01 -2.549899e-02 
 1.404510e+01 -2.601590e-02 
 1.404550e+01 -2.652295e-02 
 1.404589e+01 -2.700007e-02 
 1.404629e+01 -2.745541e-02 
 1.404669e+01 -2.789064e-02 
 1.404709e+01 -2.828714e-02 
 1.404748e+01 -2.864034e-02 
 1.404788e+01 -2.894368e-02 
 1.404828e+01 -2.922905e-02 
 1.404868e+01 -2.947232e-02 
 1.404908e+01 -2.967225e-02 
 1.404947e+01 -2.983784e-02 
 1.404987e+01 -2.997043e-02 
 1.405027e+01 -3.007760e-02 
 1.405067e+01 -3.015892e-02 
 1.405106e+01 -3.022312e-02 
 1.405146e+01 -3.024709e-02 
 1.405186e+01 -3.022946e-02 
 1.405226e+01 -3.017713e-02 
 1.405265e+01 -3.007912e-02 
 1.405305e+01 -2.994798e-02 
 1.405345e+01 -2.979002e-02 
 1.405385e+01 -2.959520e-02 
 1.405425e+01 -2.935031e-02 
 1.405464e+01 -2.908593e-02 
 1.405504e+01 -2.879018e-02 
 1.405544e+01 -2.847884e-02 
 1.405584e+01 -2.813513e-02 
 1.405623e+01 -2.777027e-02 
 1.405663e+01 -2.736217e-02 
 1.405703e+01 -2.692206e-02 
 1.405743e+01 -2.644398e-02 
 1.405782e+01 -2.594002e-02 
 1.405822e+01 -2.541098e-02 
 1.405862e+01 -2.484878e-02 
 1.405902e+01 -2.424069e-02 
 1.405942e+01 -2.360385e-02 
 1.405981e+01 -2.294442e-02 
 1.406021e+01 -2.225792e-02 
 1.406061e+01 -2.154396e-02 
 1.406101e+01 -2.081639e-02 
 1.406140e+01 -2.005061e-02 
 1.406180e+01 -1.925110e-02 
 1.406220e+01 -1.844457e-02 
 1.406260e+01 -1.760773e-02 
 1.406299e+01 -1.673939e-02 
 1.406339e+01 -1.586431e-02 
 1.406379e+01 -1.495891e-02 
 1.406419e+01 -1.403366e-02 
 1.406459e+01 -1.308247e-02 
 1.406498e+01 -1.213836e-02 
 1.406538e+01 -1.118503e-02 
 1.406578e+01 -1.021184e-02 
 1.406618e+01 -9.236093e-03 
 1.406657e+01 -8.240020e-03 
 1.406697e+01 -7.211895e-03 
 1.406737e+01 -6.182251e-03 
 1.406777e+01 -5.148555e-03 
 1.406816e+01 -4.083368e-03 
 1.406856e+01 -3.004963e-03 
 1.406896e+01 -1.924386e-03 
 1.406936e+01 -8.223215e-04 
 1.406976e+01  2.976281e-04 
 1.407015e+01  1.403723e-03 
 1.407055e+01  2.512486e-03 
 1.407095e+01  3.640015e-03 
 1.407135e+01  4.777201e-03 
 1.407174e+01  5.918841e-03 
 1.407214e+01  7.081990e-03 
 1.407254e+01  8.244902e-03 
 1.407294e+01  9.425649e-03 
 1.407333e+01  1.061010e-02 
 1.407373e+01  1.180890e-02 
 1.407413e+01  1.301481e-02 
 1.407453e+01  1.422363e-02 
 1.407493e+01  1.541580e-02 
 1.407532e+01  1.661902e-02 
 1.407572e+01  1.782374e-02 
 1.407612e+01  1.903056e-02 
 1.407652e+01  2.025808e-02 
 1.407691e+01  2.148259e-02 
 1.407731e+01  2.269426e-02 
 1.407771e+01  2.391433e-02 
 1.407811e+01  2.515329e-02 
 1.407850e+01  2.638240e-02 
 1.407890e+01  2.761585e-02 
 1.407930e+01  2.885597e-02 
 1.407970e+01  3.008653e-02 
 1.408010e+01  3.130782e-02 
 1.408049e+01  3.253330e-02 
 1.408089e+01  3.375142e-02 
 1.408129e+01  3.494554e-02 
 1.408169e+01  3.614143e-02 
 1.408208e+01  3.733447e-02 
 1.408248e+01  3.850967e-02 
 1.408288e+01  3.967802e-02 
 1.408328e+01  4.083418e-02 
 1.408367e+01  4.197730e-02 
 1.408407e+01  4.309580e-02 
 1.408447e+01  4.419255e-02 
 1.408487e+01  4.527275e-02 
 1.408527e+01  4.633044e-02 
 1.408566e+01  4.737147e-02 
 1.408606e+01  4.838766e-02 
 1.408646e+01  4.937529e-02 
 1.408686e+01  5.036020e-02 
 1.408725e+01  5.131794e-02 
 1.408765e+01  5.225726e-02 
 1.408805e+01  5.318606e-02 
 1.408845e+01  5.409674e-02 
 1.408884e+01  5.498108e-02 
 1.408924e+01  5.583714e-02 
 1.408964e+01  5.666293e-02 
 1.409004e+01  5.745505e-02 
 1.409044e+01  5.822076e-02 
 1.409083e+01  5.895052e-02 
 1.409123e+01  5.964221e-02 
 1.409163e+01  6.030439e-02 
 1.409203e+01  6.095529e-02 
 1.409242e+01  6.155878e-02 
 1.409282e+01  6.213753e-02 
 1.409322e+01  6.270353e-02 
 1.409362e+01  6.322278e-02 
 1.409401e+01  6.369886e-02 
 1.409441e+01  6.415427e-02 
 1.409481e+01  6.458689e-02 
 1.409521e+01  6.497841e-02 
 1.409561e+01  6.534360e-02 
 1.409600e+01  6.568036e-02 
 1.409640e+01  6.596688e-02 
 1.409680e+01  6.623157e-02 
 1.409720e+01  6.647219e-02 
 1.409759e+01  6.669044e-02 
 1.409799e+01  6.687509e-02 
 1.409839e+01  6.702738e-02 
 1.409879e+01  6.716181e-02 
 1.409918e+01  6.725983e-02 
 1.409958e+01  6.733451e-02 
 1.409998e+01  6.738455e-02 
 1.410038e+01  6.740196e-02 
 1.410078e+01  6.737539e-02 
 1.410117e+01  6.732407e-02 
 1.410157e+01  6.724240e-02 
 1.410197e+01  6.713307e-02 
 1.410237e+01  6.701159e-02 
 1.410276e+01  6.686263e-02 
 1.410316e+01  6.666502e-02 
 1.410356e+01  6.645211e-02 
 1.410396e+01  6.621930e-02 
 1.410435e+01  6.595071e-02 
 1.410475e+01  6.565745e-02 
 1.410515e+01  6.533499e-02 
 1.410555e+01  6.497235e-02 
 1.410595e+01  6.457305e-02 
 1.410634e+01  6.415846e-02 
 1.410674e+01  6.371861e-02 
 1.410714e+01  6.325721e-02 
 1.410754e+01  6.277006e-02 
 1.410793e+01  6.226505e-02 
 1.410833e+01  6.172614e-02 
 1.410873e+01  6.117179e-02 
 1.410913e+01  6.058145e-02 
 1.410953e+01  5.996419e-02 
 1.410992e+01  5.929814e-02 
 1.411032e+01  5.860252e-02 
 1.411072e+01  5.787136e-02 
 1.411112e+01  5.712069e-02 
 1.411151e+01  5.634739e-02 
 1.411191e+01  5.555975e-02 
 1.411231e+01  5.474403e-02 
 1.411271e+01  5.390184e-02 
 1.411310e+01  5.304163e-02 
 1.411350e+01  5.214258e-02 
 1.411390e+01  5.123871e-02 
 1.411430e+01  5.029834e-02 
 1.411470e+01  4.933870e-02 
 1.411509e+01  4.833514e-02 
 1.411549e+01  4.732401e-02 
 1.411589e+01  4.629176e-02 
 1.411629e+01  4.525241e-02 
 1.411668e+01  4.419821e-02 
 1.411708e+01  4.314052e-02 
 1.411748e+01  4.206630e-02 
 1.411788e+01  4.097991e-02 
 1.411827e+01  3.987047e-02 
 1.411867e+01  3.875622e-02 
 1.411907e+01  3.760457e-02 
 1.411947e+01  3.643263e-02 
 1.411987e+01  3.525424e-02 
 1.412026e+01  3.404358e-02 
 1.412066e+01  3.283358e-02 
 1.412106e+01  3.163017e-02 
 1.412146e+01  3.042545e-02 
 1.412185e+01  2.921094e-02 
 1.412225e+01  2.799441e-02 
 1.412265e+01  2.676883e-02 
 1.412305e+01  2.552732e-02 
 1.412344e+01  2.428388e-02 
 1.412384e+01  2.304357e-02 
 1.412424e+01  2.178358e-02 
 1.412464e+01  2.051868e-02 
 1.412504e+01  1.925185e-02 
 1.412543e+01  1.797383e-02 
 1.412583e+01  1.671043e-02 
 1.412623e+01  1.546127e-02 
 1.412663e+01  1.421501e-02 
 1.412702e+01  1.297366e-02 
 1.412742e+01  1.173850e-02 
 1.412782e+01  1.051645e-02 
 1.412822e+01  9.285931e-03 
 1.412861e+01  8.062790e-03 
 1.412901e+01  6.844143e-03 
 1.412941e+01  5.615591e-03 
 1.412981e+01  4.403353e-03 
 1.413021e+01  3.204065e-03 
 1.413060e+01  2.019620e-03 
 1.413100e+01  8.566688e-04 
 1.413140e+01 -2.854965e-04 
 1.413180e+01 -1.424594e-03 
 1.413219e+01 -2.547922e-03 
 1.413259e+01 -3.646749e-03 
 1.413299e+01 -4.732657e-03 
 1.413339e+01 -5.808702e-03 
 1.413378e+01 -6.856395e-03 
 1.413418e+01 -7.898091e-03 
 1.413458e+01 -8.930294e-03 
 1.413498e+01 -9.929776e-03 
 1.413538e+01 -1.090420e-02 
 1.413577e+01 -1.185670e-02 
 1.413617e+01 -1.277285e-02 
 1.413657e+01 -1.366041e-02 
 1.413697e+01 -1.453166e-02 
 1.413736e+01 -1.538291e-02 
 1.413776e+01 -1.621147e-02 
 1.413816e+01 -1.701975e-02 
 1.413856e+01 -1.781635e-02 
 1.413895e+01 -1.859461e-02 
 1.413935e+01 -1.936325e-02 
 1.413975e+01 -2.009198e-02 
 1.414015e+01 -2.079629e-02 
 1.414055e+01 -2.146596e-02 
 1.414094e+01 -2.211376e-02 
 1.414134e+01 -2.273944e-02 
 1.414174e+01 -2.334717e-02 
 1.414214e+01 -2.392987e-02 
 1.414253e+01 -2.448679e-02 
 1.414293e+01 -2.501942e-02 
 1.414333e+01 -2.551973e-02 
 1.414373e+01 -2.601372e-02 
 1.414412e+01 -2.649286e-02 
 1.414452e+01 -2.693603e-02 
 1.414492e+01 -2.734608e-02 
 1.414532e+01 -2.772404e-02 
 1.414572e+01 -2.806888e-02 
 1.414611e+01 -2.838286e-02 
 1.414651e+01 -2.868103e-02 
 1.414691e+01 -2.894586e-02 
 1.414731e+01 -2.917319e-02 
 1.414770e+01 -2.937270e-02 
 1.414810e+01 -2.954462e-02 
 1.414850e+01 -2.969400e-02 
 1.414890e+01 -2.982087e-02 
 1.414929e+01 -2.990343e-02 
 1.414969e+01 -2.995615e-02 
 1.415009e+01 -2.995780e-02 
 1.415049e+01 -2.993211e-02 
 1.415089e+01 -2.988187e-02 
 1.415128e+01 -2.980775e-02 
 1.415168e+01 -2.970023e-02 
 1.415208e+01 -2.954362e-02 
 1.415248e+01 -2.936372e-02 
 1.415287e+01 -2.914808e-02 
 1.415327e+01 -2.890492e-02 
 1.415367e+01 -2.863889e-02 
 1.415407e+01 -2.833886e-02 
 1.415446e+01 -2.799842e-02 
 1.415486e+01 -2.760445e-02 
 1.415526e+01 -2.718370e-02 
 1.415566e+01 -2.672692e-02 
 1.415606e+01 -2.622795e-02 
 1.415645e+01 -2.570026e-02 
 1.415685e+01 -2.513963e-02 
 1.415725e+01 -2.454871e-02 
 1.415765e+01 -2.393164e-02 
 1.415804e+01 -2.329685e-02 
 1.415844e+01 -2.265583e-02 
 1.415884e+01 -2.196860e-02 
 1.415924e+01 -2.126326e-02 
 1.415963e+01 -2.052339e-02 
 1.416003e+01 -1.975343e-02 
 1.416043e+01 -1.896246e-02 
 1.416083e+01 -1.814803e-02 
 1.416123e+01 -1.731761e-02 
 1.416162e+01 -1.644988e-02 
 1.416202e+01 -1.557177e-02 
 1.416242e+01 -1.466446e-02 
 1.416282e+01 -1.373561e-02 
 1.416321e+01 -1.279930e-02 
 1.416361e+01 -1.184688e-02 
 1.416401e+01 -1.086332e-02 
 1.416441e+01 -9.851322e-03 
 1.416480e+01 -8.830892e-03 
 1.416520e+01 -7.780601e-03 
 1.416560e+01 -6.701225e-03 
 1.416600e+01 -5.627416e-03 
 1.416640e+01 -4.540483e-03 
 1.416679e+01 -3.427918e-03 
 1.416719e+01 -2.311633e-03 
 1.416759e+01 -1.188030e-03 
 1.416799e+01 -4.322656e-05 
 1.416838e+01  1.112268e-03 
 1.416878e+01  2.277002e-03 
 1.416918e+01  3.455874e-03 
 1.416958e+01  4.655401e-03 
 1.416997e+01  5.847729e-03 
 1.417037e+01  7.040956e-03 
 1.417077e+01  8.236384e-03 
 1.417117e+01  9.433278e-03 
 1.417157e+01  1.064377e-02 
 1.417196e+01  1.185643e-02 
 1.417236e+01  1.307590e-02 
 1.417276e+01  1.429177e-02 
 1.417316e+01  1.551526e-02 
 1.417355e+01  1.672837e-02 
 1.417395e+01  1.794847e-02 
 1.417435e+01  1.917720e-02 
 1.417475e+01  2.040144e-02 
 1.417514e+01  2.160978e-02 
 1.417554e+01  2.283259e-02 
 1.417594e+01  2.405007e-02 
 1.417634e+01  2.526200e-02 
 1.417674e+01  2.647153e-02 
 1.417713e+01  2.766944e-02 
 1.417753e+01  2.885560e-02 
 1.417793e+01  3.003582e-02 
 1.417833e+01  3.120770e-02 
 1.417872e+01  3.236897e-02 
 1.417912e+01  3.352444e-02 
 1.417952e+01  3.465789e-02 
 1.417992e+01  3.579343e-02 
 1.418031e+01  3.690734e-02 
 1.418071e+01  3.801677e-02 
 1.418111e+01  3.912768e-02 
 1.418151e+01  4.023111e-02 
 1.418191e+01  4.130542e-02 
 1.418230e+01  4.237919e-02 
 1.418270e+01  4.344072e-02 
 1.418310e+01  4.448030e-02 
 1.418350e+01  4.551762e-02 
 1.418389e+01  4.656020e-02 
 1.418429e+01  4.757684e-02 
 1.418469e+01  4.858276e-02 
 1.418509e+01  4.958474e-02 
 1.418548e+01  5.056982e-02 
 1.418588e+01  5.151844e-02 
 1.418628e+01  5.246815e-02 
 1.418668e+01  5.339241e-02 
 1.418708e+01  5.427699e-02 
 1.418747e+01  5.513635e-02 
 1.418787e+01  5.599360e-02 
 1.418827e+01  5.682201e-02 
 1.418867e+01  5.761603e-02 
 1.418906e+01  5.840171e-02 
 1.418946e+01  5.915077e-02 
 1.418986e+01  5.986453e-02 
 1.419026e+01  6.056381e-02 
 1.419065e+01  6.123904e-02 
 1.419105e+01  6.188172e-02 
 1.419145e+01  6.249122e-02 
 1.419185e+01  6.307744e-02 
 1.419225e+01  6.361751e-02 
 1.419264e+01  6.412664e-02 
 1.419304e+01  6.461556e-02 
 1.419344e+01  6.506253e-02 
 1.419384e+01  6.547370e-02 
 1.419423e+01  6.585886e-02 
 1.419463e+01  6.621000e-02 
 1.419503e+01  6.653317e-02 
 1.419543e+01  6.681991e-02 
 1.419582e+01  6.707529e-02 
 1.419622e+01  6.729112e-02 
 1.419662e+01  6.746810e-02 
 1.419702e+01  6.761783e-02 
 1.419742e+01  6.771464e-02 
 1.419781e+01  6.779029e-02 
 1.419821e+01  6.782572e-02 
 1.419861e+01  6.781985e-02 
 1.419901e+01  6.777913e-02 
 1.419940e+01  6.772216e-02 
 1.419980e+01  6.762829e-02 
 1.420020e+01  6.751921e-02 
 1.420060e+01  6.738009e-02 
 1.420100e+01  6.720700e-02 
 1.420139e+01  6.699534e-02 
 1.420179e+01  6.675831e-02 
 1.420219e+01  6.649733e-02 
 1.420259e+01  6.619253e-02 
 1.420298e+01  6.586328e-02 
 1.420338e+01  6.550596e-02 
 1.420378e+01  6.513145e-02 
 1.420418e+01  6.471824e-02 
 1.420457e+01  6.430411e-02 
 1.420497e+01  6.385885e-02 
 1.420537e+01  6.338030e-02 
 1.420577e+01  6.286844e-02 
 1.420617e+01  6.232999e-02 
 1.420656e+01  6.175457e-02 
 1.420696e+01  6.115268e-02 
 1.420736e+01  6.053754e-02 
 1.420776e+01  5.988547e-02 
 1.420815e+01  5.919200e-02 
 1.420855e+01  5.849151e-02 
 1.420895e+01  5.777063e-02 
 1.420935e+01  5.701854e-02 
 1.420974e+01  5.626395e-02 
 1.421014e+01  5.549278e-02 
 1.421054e+01  5.469010e-02 
 1.421094e+01  5.385156e-02 
 1.421134e+01  5.301062e-02 
 1.421173e+01  5.214105e-02 
 1.421213e+01  5.124639e-02 
 1.421253e+01  5.033341e-02 
 1.421293e+01  4.940053e-02 
 1.421332e+01  4.843656e-02 
 1.421372e+01  4.746242e-02 
 1.421412e+01  4.647980e-02 
 1.421452e+01  4.547125e-02 
 1.421491e+01  4.444909e-02 
 1.421531e+01  4.341528e-02 
 1.421571e+01  4.235867e-02 
 1.421611e+01  4.128487e-02 
 1.421651e+01  4.019435e-02 
 1.421690e+01  3.909179e-02 
 1.421730e+01  3.797198e-02 
 1.421770e+01  3.682453e-02 
 1.421810e+01  3.566391e-02 
 1.421849e+01  3.447997e-02 
 1.421889e+01  3.330405e-02 
 1.421929e+01  3.213139e-02 
 1.421969e+01  3.094224e-02 
 1.422008e+01  2.975008e-02 
 1.422048e+01  2.852919e-02 
 1.422088e+01  2.731618e-02 
 1.422128e+01  2.607124e-02 
 1.422168e+01  2.483497e-02 
 1.422207e+01  2.358144e-02 
 1.422247e+01  2.231625e-02 
 1.422287e+01  2.105327e-02 
 1.422327e+01  1.978704e-02 
 1.422366e+01  1.853774e-02 
 1.422406e+01  1.729835e-02 
 1.422446e+01  1.606398e-02 
 1.422486e+01  1.481753e-02 
 1.422525e+01  1.357445e-02 
 1.422565e+01  1.232455e-02 
 1.422605e+01  1.108391e-02 
 1.422645e+01  9.829050e-03 
 1.422685e+01  8.583382e-03 
 1.422724e+01  7.335781e-03 
 1.422764e+01  6.092476e-03 
 1.422804e+01  4.860622e-03 
 1.422844e+01  3.667408e-03 
 1.422883e+01  2.494440e-03 
 1.422923e+01  1.327595e-03 
 1.422963e+01  1.762162e-04 
 1.423003e+01 -9.635178e-04 
 1.423042e+01 -2.096042e-03 
 1.423082e+01 -3.219202e-03 
 1.423122e+01 -4.308645e-03 
 1.423162e+01 -5.407080e-03 
 1.423202e+01 -6.489291e-03 
 1.423241e+01 -7.544081e-03 
 1.423281e+01 -8.583290e-03 
 1.423321e+01 -9.599404e-03 
 1.423361e+01 -1.058852e-02 
 1.423400e+01 -1.154479e-02 
 1.423440e+01 -1.250586e-02 
 1.423480e+01 -1.343530e-02 
 1.423520e+01 -1.435120e-02 
 1.423559e+01 -1.525404e-02 
 1.423599e+01 -1.613509e-02 
 1.423639e+01 -1.698552e-02 
 1.423679e+01 -1.782521e-02 
 1.423719e+01 -1.864605e-02 
 1.423758e+01 -1.943339e-02 
 1.423798e+01 -2.018167e-02 
 1.423838e+01 -2.089906e-02 
 1.423878e+01 -2.159173e-02 
 1.423917e+01 -2.224912e-02 
 1.423957e+01 -2.289240e-02 
 1.423997e+01 -2.350795e-02 
 1.424037e+01 -2.409390e-02 
 1.424076e+01 -2.465658e-02 
 1.424116e+01 -2.518540e-02 
 1.424156e+01 -2.569430e-02 
 1.424196e+01 -2.616971e-02 
 1.424236e+01 -2.661967e-02 
 1.424275e+01 -2.702799e-02 
 1.424315e+01 -2.739517e-02 
 1.424355e+01 -2.773102e-02 
 1.424395e+01 -2.803436e-02 
 1.424434e+01 -2.831632e-02 
 1.424474e+01 -2.858190e-02 
 1.424514e+01 -2.880967e-02 
 1.424554e+01 -2.901469e-02 
 1.424593e+01 -2.918499e-02 
 1.424633e+01 -2.933425e-02 
 1.424673e+01 -2.946021e-02 
 1.424713e+01 -2.956582e-02 
 1.424753e+01 -2.962914e-02 
 1.424792e+01 -2.964872e-02 
 1.424832e+01 -2.964096e-02 
 1.424872e+01 -2.961153e-02 
 1.424912e+01 -2.955666e-02 
 1.424951e+01 -2.947666e-02 
 1.424991e+01 -2.935917e-02 
 1.425031e+01 -2.921627e-02 
 1.425071e+01 -2.903734e-02 
 1.425110e+01 -2.883940e-02 
 1.425150e+01 -2.861684e-02 
 1.425190e+01 -2.835589e-02 
 1.425230e+01 -2.806275e-02 
 1.425270e+01 -2.772644e-02 
 1.425309e+01 -2.736426e-02 
 1.425349e+01 -2.696713e-02 
 1.425389e+01 -2.656125e-02 
 1.425429e+01 -2.612702e-02 
 1.425468e+01 -2.566920e-02 
 1.425508e+01 -2.516922e-02 
 1.425548e+01 -2.464893e-02 
 1.425588e+01 -2.410454e-02 
 1.425627e+01 -2.352799e-02 
 1.425667e+01 -2.292931e-02 
 1.425707e+01 -2.228886e-02 
 1.425747e+01 -2.160049e-02 
 1.425787e+01 -2.089457e-02 
 1.425826e+01 -2.016104e-02 
 1.425866e+01 -1.939278e-02 
 1.425906e+01 -1.859786e-02 
 1.425946e+01 -1.778525e-02 
 1.425985e+01 -1.693153e-02 
 1.426025e+01 -1.605190e-02 
 1.426065e+01 -1.516407e-02 
 1.426105e+01 -1.424064e-02 
 1.426144e+01 -1.328798e-02 
 1.426184e+01 -1.232893e-02 
 1.426224e+01 -1.132324e-02 
 1.426264e+01 -1.030297e-02 
 1.426304e+01 -9.262339e-03 
 1.426343e+01 -8.210064e-03 
 1.426383e+01 -7.141516e-03 
 1.426423e+01 -6.066528e-03 
 1.426463e+01 -4.966569e-03 
 1.426502e+01 -3.855629e-03 
 1.426542e+01 -2.735545e-03 
 1.426582e+01 -1.615550e-03 
 1.426622e+01 -4.855808e-04 
 1.426661e+01  6.595822e-04 
 1.426701e+01  1.828444e-03 
 1.426741e+01  3.005432e-03 
 1.426781e+01  4.191934e-03 
 1.426821e+01  5.382660e-03 
 1.426860e+01  6.584075e-03 
 1.426900e+01  7.796967e-03 
 1.426940e+01  9.019546e-03 
 1.426980e+01  1.024380e-02 
 1.427019e+01  1.146788e-02 
 1.427059e+01  1.269542e-02 
 1.427099e+01  1.391698e-02 
 1.427139e+01  1.515174e-02 
 1.427178e+01  1.639783e-02 
 1.427218e+01  1.764268e-02 
 1.427258e+01  1.888699e-02 
 1.427298e+01  2.012767e-02 
 1.427338e+01  2.136730e-02 
 1.427377e+01  2.259410e-02 
 1.427417e+01  2.383800e-02 
 1.427457e+01  2.506373e-02 
 1.427497e+01  2.626801e-02 
 1.427536e+01  2.747005e-02 
 1.427576e+01  2.867090e-02 
 1.427616e+01  2.986128e-02 
 1.427656e+01  3.105113e-02 
 1.427695e+01  3.224141e-02 
 1.427735e+01  3.341591e-02 
 1.427775e+01  3.457685e-02 
 1.427815e+01  3.574624e-02 
 1.427855e+01  3.689858e-02 
 1.427894e+01  3.803633e-02 
 1.427934e+01  3.916745e-02 
 1.427974e+01  4.029275e-02 
 1.428014e+01  4.138457e-02 
 1.428053e+01  4.246072e-02 
 1.428093e+01  4.353096e-02 
 1.428133e+01  4.457317e-02 
 1.428173e+01  4.559726e-02 
 1.428212e+01  4.661642e-02 
 1.428252e+01  4.760537e-02 
 1.428292e+01  4.856411e-02 
 1.428332e+01  4.951129e-02 
 1.428372e+01  5.044658e-02 
 1.428411e+01  5.134854e-02 
 1.428451e+01  5.224277e-02 
 1.428491e+01  5.311749e-02 
 1.428531e+01  5.395779e-02 
 1.428570e+01  5.478656e-02 
 1.428610e+01  5.559882e-02 
 1.428650e+01  5.638187e-02 
 1.428690e+01  5.713943e-02 
 1.428729e+01  5.787881e-02 
 1.428769e+01  5.859768e-02 
 1.428809e+01  5.929603e-02 
 1.428849e+01  5.998395e-02 
 1.428889e+01  6.064272e-02 
 1.428928e+01  6.129111e-02 
 1.428968e+01  6.191096e-02 
 1.429008e+01  6.249839e-02 
 1.429048e+01  6.305560e-02 
 1.429087e+01  6.358616e-02 
 1.429127e+01  6.409762e-02 
 1.429167e+01  6.458322e-02 
 1.429207e+01  6.503000e-02 
 1.429247e+01  6.545004e-02 
 1.429286e+01  6.584355e-02 
 1.429326e+01  6.621685e-02 
 1.429366e+01  6.654637e-02 
 1.429406e+01  6.684784e-02 
 1.429445e+01  6.711628e-02 
 1.429485e+01  6.732944e-02 
 1.429525e+01  6.752848e-02 
 1.429565e+01  6.767917e-02 
 1.429604e+01  6.779953e-02 
 1.429644e+01  6.788101e-02 
 1.429684e+01  6.794188e-02 
 1.429724e+01  6.796045e-02 
 1.429764e+01  6.795849e-02 
 1.429803e+01  6.793561e-02 
 1.429843e+01  6.787378e-02 
 1.429883e+01  6.775835e-02 
 1.429923e+01  6.762328e-02 
 1.429962e+01  6.744077e-02 
 1.430002e+01  6.721452e-02 
 1.430042e+01  6.696241e-02 
 1.430082e+01  6.668189e-02 
 1.430121e+01  6.634937e-02 
 1.430161e+01  6.599019e-02 
 1.430201e+01  6.560675e-02 
 1.430241e+01  6.518593e-02 
 1.430281e+01  6.473497e-02 
 1.430320e+01  6.426209e-02 
 1.430360e+01  6.375808e-02 
 1.430400e+01  6.320760e-02 
 1.430440e+01  6.265068e-02 
 1.430479e+01  6.207043e-02 
 1.430519e+01  6.145532e-02 
 1.430559e+01  6.081045e-02 
 1.430599e+01  6.014488e-02 
 1.430638e+01  5.944595e-02 
 1.430678e+01  5.873711e-02 
 1.430718e+01  5.801100e-02 
 1.430758e+01  5.726977e-02 
 1.430798e+01  5.650158e-02 
 1.430837e+01  5.570760e-02 
 1.430877e+01  5.490005e-02 
 1.430917e+01  5.405156e-02 
 1.430957e+01  5.319200e-02 
 1.430996e+01  5.230260e-02 
 1.431036e+01  5.139852e-02 
 1.431076e+01  5.046033e-02 
 1.431116e+01  4.949867e-02 
 1.431155e+01  4.853037e-02 
 1.431195e+01  4.754945e-02 
 1.431235e+01  4.655383e-02 
 1.431275e+01  4.554364e-02 
 1.431315e+01  4.451199e-02 
 1.431354e+01  4.346409e-02 
 1.431394e+01  4.239462e-02 
 1.431434e+01  4.130984e-02 
 1.431474e+01  4.020965e-02 
 1.431513e+01  3.909009e-02 
 1.431553e+01  3.795624e-02 
 1.431593e+01  3.679244e-02 
 1.431633e+01  3.564502e-02 
 1.431672e+01  3.449058e-02 
 1.431712e+01  3.333816e-02 
 1.431752e+01  3.217666e-02 
 1.431792e+01  3.100092e-02 
 1.431832e+01  2.981041e-02 
 1.431871e+01  2.861045e-02 
 1.431911e+01  2.740730e-02 
 1.431951e+01  2.619752e-02 
 1.431991e+01  2.498592e-02 
 1.432030e+01  2.376904e-02 
 1.432070e+01  2.253706e-02 
 1.432110e+01  2.131145e-02 
 1.432150e+01  2.008401e-02 
 1.432189e+01  1.887580e-02 
 1.432229e+01  1.764732e-02 
 1.432269e+01  1.642434e-02 
 1.432309e+01  1.519498e-02 
 1.432349e+01  1.396567e-02 
 1.432388e+01  1.274098e-02 
 1.432428e+01  1.153001e-02 
 1.432468e+01  1.031098e-02 
 1.432508e+01  9.092011e-03 
 1.432547e+01  7.886943e-03 
 1.432587e+01  6.688785e-03 
 1.432627e+01  5.497183e-03 
 1.432667e+01  4.322275e-03 
 1.432706e+01  3.171712e-03 
 1.432746e+01  2.004512e-03 
 1.432786e+01  8.444575e-04 
 1.432826e+01 -3.134061e-04 
 1.432866e+01 -1.451946e-03 
 1.432905e+01 -2.588040e-03 
 1.432945e+01 -3.704731e-03 
 1.432985e+01 -4.809721e-03 
 1.433025e+01 -5.914676e-03 
 1.433064e+01 -7.003160e-03 
 1.433104e+01 -8.071695e-03 
 1.433144e+01 -9.108579e-03 
 1.433184e+01 -1.014832e-02 
 1.433223e+01 -1.115547e-02 
 1.433263e+01 -1.215075e-02 
 1.433303e+01 -1.313468e-02 
 1.433343e+01 -1.409494e-02 
 1.433383e+01 -1.502408e-02 
 1.433422e+01 -1.594245e-02 
 1.433462e+01 -1.683824e-02 
 1.433502e+01 -1.771292e-02 
 1.433542e+01 -1.855221e-02 
 1.433581e+01 -1.935701e-02 
 1.433621e+01 -2.011199e-02 
 1.433661e+01 -2.084980e-02 
 1.433701e+01 -2.156749e-02 
 1.433740e+01 -2.223998e-02 
 1.433780e+01 -2.291340e-02 
 1.433820e+01 -2.355414e-02 
 1.433860e+01 -2.415887e-02 
 1.433900e+01 -2.472982e-02 
 1.433939e+01 -2.528135e-02 
 1.433979e+01 -2.579009e-02 
 1.434019e+01 -2.627413e-02 
 1.434059e+01 -2.671799e-02 
 1.434098e+01 -2.711933e-02 
 1.434138e+01 -2.748889e-02 
 1.434178e+01 -2.784092e-02 
 1.434218e+01 -2.816945e-02 
 1.434257e+01 -2.845750e-02 
 1.434297e+01 -2.873948e-02 
 1.434337e+01 -2.898093e-02 
 1.434377e+01 -2.918795e-02 
 1.434417e+01 -2.936097e-02 
 1.434456e+01 -2.951810e-02 
 1.434496e+01 -2.962683e-02 
 1.434536e+01 -2.968993e-02 
 1.434576e+01 -2.972926e-02 
 1.434615e+01 -2.972455e-02 
 1.434655e+01 -2.969329e-02 
 1.434695e+01 -2.965569e-02 
 1.434735e+01 -2.959437e-02 
 1.434774e+01 -2.948887e-02 
 1.434814e+01 -2.936597e-02 
 1.434854e+01 -2.920922e-02 
 1.434894e+01 -2.901622e-02 
 1.434934e+01 -2.880360e-02 
 1.434973e+01 -2.856329e-02 
 1.435013e+01 -2.828977e-02 
 1.435053e+01 -2.799077e-02 
 1.435093e+01 -2.766049e-02 
 1.435132e+01 -2.730022e-02 
 1.435172e+01 -2.692114e-02 
 1.435212e+01 -2.651412e-02 
 1.435252e+01 -2.607627e-02 
 1.435291e+01 -2.559758e-02 
 1.435331e+01 -2.509940e-02 
 1.435371e+01 -2.456174e-02 
 1.435411e+01 -2.401271e-02 
 1.435451e+01 -2.342001e-02 
 1.435490e+01 -2.279683e-02 
 1.435530e+01 -2.215579e-02 
 1.435570e+01 -2.147081e-02 
 1.435610e+01 -2.076691e-02 
 1.435649e+01 -2.003886e-02 
 1.435689e+01 -1.930059e-02 
 1.435729e+01 -1.852981e-02 
 1.435769e+01 -1.772965e-02 
 1.435808e+01 -1.690878e-02 
 1.435848e+01 -1.605879e-02 
 1.435888e+01 -1.519047e-02 
 1.435928e+01 -1.431178e-02 
 1.435968e+01 -1.339244e-02 
 1.436007e+01 -1.246608e-02 
 1.436047e+01 -1.151264e-02 
 1.436087e+01 -1.055092e-02 
 1.436127e+01 -9.563637e-03 
 1.436166e+01 -8.577282e-03 
 1.436206e+01 -7.564946e-03 
 1.436246e+01 -6.521278e-03 
 1.436286e+01 -5.473058e-03 
 1.436325e+01 -4.399749e-03 
 1.436365e+01 -3.317375e-03 
 1.436405e+01 -2.228128e-03 
 1.436445e+01 -1.105763e-03 
 1.436485e+01  4.161834e-05 
 1.436524e+01  1.209387e-03 
 1.436564e+01  2.374291e-03 
 1.436604e+01  3.556699e-03 
 1.436644e+01  4.743711e-03 
 1.436683e+01  5.937514e-03 
 1.436723e+01  7.157840e-03 
 1.436763e+01  8.390359e-03 
 1.436803e+01  9.622279e-03 
 1.436842e+01  1.085387e-02 
 1.436882e+01  1.209951e-02 
 1.436922e+01  1.333900e-02 
 1.436962e+01  1.458827e-02 
 1.437002e+01  1.584381e-02 
 1.437041e+01  1.709885e-02 
 1.437081e+01  1.833424e-02 
 1.437121e+01  1.958068e-02 
 1.437161e+01  2.084076e-02 
 1.437200e+01  2.210234e-02 
 1.437240e+01  2.335746e-02 
 1.437280e+01  2.462064e-02 
 1.437320e+01  2.586489e-02 
 1.437359e+01  2.710606e-02 
 1.437399e+01  2.835648e-02 
 1.437439e+01  2.959040e-02 
 1.437479e+01  3.082681e-02 
 1.437519e+01  3.205574e-02 
 1.437558e+01  3.325955e-02 
 1.437598e+01  3.444364e-02 
 1.437638e+01  3.561786e-02 
 1.437678e+01  3.679661e-02 
 1.437717e+01  3.794620e-02 
 1.437757e+01  3.908213e-02 
 1.437797e+01  4.020849e-02 
 1.437837e+01  4.130428e-02 
 1.437876e+01  4.237980e-02 
 1.437916e+01  4.343910e-02 
 1.437956e+01  4.448845e-02 
 1.437996e+01  4.550949e-02 
 1.438036e+01  4.651708e-02 
 1.438075e+01  4.751684e-02 
 1.438115e+01  4.849079e-02 
 1.438155e+01  4.945001e-02 
 1.438195e+01  5.039550e-02 
 1.438234e+01  5.130140e-02 
 1.438274e+01  5.219035e-02 
 1.438314e+01  5.305181e-02 
 1.438354e+01  5.389441e-02 
 1.438394e+01  5.472228e-02 
 1.438433e+01  5.552396e-02 
 1.438473e+01  5.631320e-02 
 1.438513e+01  5.706815e-02 
 1.438553e+01  5.781096e-02 
 1.438592e+01  5.852394e-02 
 1.438632e+01  5.920882e-02 
 1.438672e+01  5.987603e-02 
 1.438712e+01  6.051592e-02 
 1.438751e+01  6.112880e-02 
 1.438791e+01  6.170270e-02 
 1.438831e+01  6.225500e-02 
 1.438871e+01  6.277700e-02 
 1.438911e+01  6.327540e-02 
 1.438950e+01  6.374900e-02 
 1.438990e+01  6.419274e-02 
 1.439030e+01  6.461568e-02 
 1.439070e+01  6.501165e-02 
 1.439109e+01  6.538380e-02 
 1.439149e+01  6.572515e-02 
 1.439189e+01  6.603841e-02 
 1.439229e+01  6.632772e-02 
 1.439268e+01  6.658709e-02 
 1.439308e+01  6.681997e-02 
 1.439348e+01  6.703283e-02 
 1.439388e+01  6.722224e-02 
 1.439428e+01  6.737750e-02 
 1.439467e+01  6.748498e-02 
 1.439507e+01  6.757703e-02 
 1.439547e+01  6.763973e-02 
 1.439587e+01  6.767106e-02 
 1.439626e+01  6.766991e-02 
 1.439666e+01  6.764264e-02 
 1.439706e+01  6.757651e-02 
 1.439746e+01  6.746881e-02 
 1.439785e+01  6.733900e-02 
 1.439825e+01  6.716661e-02 
 1.439865e+01  6.695511e-02 
 1.439905e+01  6.671864e-02 
 1.439945e+01  6.644936e-02 
 1.439984e+01  6.613534e-02 
 1.440024e+01  6.581351e-02 
 1.440064e+01  6.545876e-02 
 1.440104e+01  6.505505e-02 
 1.440143e+01  6.463279e-02 
 1.440183e+01  6.416629e-02 
 1.440223e+01  6.366667e-02 
 1.440263e+01  6.313075e-02 
 1.440302e+01  6.258245e-02 
 1.440342e+01  6.198691e-02 
 1.440382e+01  6.135414e-02 
 1.440422e+01  6.070392e-02 
 1.440462e+01  6.001832e-02 
 1.440501e+01  5.930186e-02 
 1.440541e+01  5.857168e-02 
 1.440581e+01  5.781377e-02 
 1.440621e+01  5.701331e-02 
 1.440660e+01  5.618996e-02 
 1.440700e+01  5.533508e-02 
 1.440740e+01  5.444941e-02 
 1.440780e+01  5.354662e-02 
 1.440819e+01  5.263225e-02 
 1.440859e+01  5.169155e-02 
 1.440899e+01  5.072708e-02 
 1.440939e+01  4.975298e-02 
 1.440979e+01  4.877715e-02 
 1.441018e+01  4.777054e-02 
 1.441058e+01  4.675915e-02 
 1.441098e+01  4.572868e-02 
 1.441138e+01  4.466638e-02 
 1.441177e+01  4.359095e-02 
 1.441217e+01  4.250290e-02 
 1.441257e+01  4.141517e-02 
 1.441297e+01  4.031894e-02 
 1.441336e+01  3.921035e-02 
 1.441376e+01  3.809019e-02 
 1.441416e+01  3.695335e-02 
 1.441456e+01  3.582918e-02 
 1.441496e+01  3.469390e-02 
 1.441535e+01  3.353938e-02 
 1.441575e+01  3.238397e-02 
 1.441615e+01  3.120266e-02 
 1.441655e+01  3.001000e-02 
 1.441694e+01  2.880951e-02 
 1.441734e+01  2.760549e-02 
 1.441774e+01  2.640737e-02 
 1.441814e+01  2.518519e-02 
 1.441853e+01  2.396095e-02 
 1.441893e+01  2.274547e-02 
 1.441933e+01  2.153272e-02 
 1.441973e+01  2.031998e-02 
 1.442013e+01  1.911936e-02 
 1.442052e+01  1.790594e-02 
 1.442092e+01  1.667642e-02 
 1.442132e+01  1.544853e-02 
 1.442172e+01  1.423894e-02 
 1.442211e+01  1.302188e-02 
 1.442251e+01  1.180075e-02 
 1.442291e+01  1.058396e-02 
 1.442331e+01  9.369954e-03 
 1.442370e+01  8.161141e-03 
 1.442410e+01  6.972828e-03 
 1.442450e+01  5.793017e-03 
 1.442490e+01  4.625623e-03 
 1.442530e+01  3.458693e-03 
 1.442569e+01  2.290256e-03 
 1.442609e+01  1.128613e-03 
 1.442649e+01 -1.363675e-05 
 1.442689e+01 -1.150677e-03 
 1.442728e+01 -2.280812e-03 
 1.442768e+01 -3.401494e-03 
 1.442808e+01 -4.500334e-03 
 1.442848e+01 -5.579902e-03 
 1.442887e+01 -6.632677e-03 
 1.442927e+01 -7.657936e-03 
 1.442967e+01 -8.668734e-03 
 1.443007e+01 -9.677013e-03 
 1.443047e+01 -1.067631e-02 
 1.443086e+01 -1.165924e-02 
 1.443126e+01 -1.263067e-02 
 1.443166e+01 -1.356809e-02 
 1.443206e+01 -1.449664e-02 
 1.443245e+01 -1.539502e-02 
 1.443285e+01 -1.628819e-02 
 1.443325e+01 -1.713690e-02 
 1.443365e+01 -1.797005e-02 
 1.443404e+01 -1.876819e-02 
 1.443444e+01 -1.955191e-02 
 1.443484e+01 -2.030665e-02 
 1.443524e+01 -2.105343e-02 
 1.443564e+01 -2.177706e-02 
 1.443603e+01 -2.248198e-02 
 1.443643e+01 -2.315724e-02 
 1.443683e+01 -2.380493e-02 
 1.443723e+01 -2.442285e-02 
 1.443762e+01 -2.501701e-02 
 1.443802e+01 -2.559303e-02 
 1.443842e+01 -2.612071e-02 
 1.443882e+01 -2.662104e-02 
 1.443921e+01 -2.707381e-02 
 1.443961e+01 -2.750300e-02 
 1.444001e+01 -2.790816e-02 
 1.444041e+01 -2.828424e-02 
 1.444081e+01 -2.861483e-02 
 1.444120e+01 -2.891290e-02 
 1.444160e+01 -2.916845e-02 
 1.444200e+01 -2.939416e-02 
 1.444240e+01 -2.958456e-02 
 1.444279e+01 -2.975442e-02 
 1.444319e+01 -2.988229e-02 
 1.444359e+01 -2.996083e-02 
 1.444399e+01 -3.000486e-02 
 1.444438e+01 -3.002520e-02 
 1.444478e+01 -3.001686e-02 
 1.444518e+01 -2.998499e-02 
 1.444558e+01 -2.991743e-02 
 1.444598e+01 -2.981313e-02 
 1.444637e+01 -2.968953e-02 
 1.444677e+01 -2.952336e-02 
 1.444717e+01 -2.933073e-02 
 1.444757e+01 -2.910558e-02 
 1.444796e+01 -2.884107e-02 
 1.444836e+01 -2.852817e-02 
 1.444876e+01 -2.818352e-02 
 1.444916e+01 -2.782306e-02 
 1.444955e+01 -2.743512e-02 
 1.444995e+01 -2.701821e-02 
 1.445035e+01 -2.658532e-02 
 1.445075e+01 -2.611875e-02 
 1.445115e+01 -2.562583e-02 
 1.445154e+01 -2.511030e-02 
 1.445194e+01 -2.456860e-02 
 1.445234e+01 -2.400596e-02 
 1.445274e+01 -2.339406e-02 
 1.445313e+01 -2.277446e-02 
 1.445353e+01 -2.211875e-02 
 1.445393e+01 -2.144043e-02 
 1.445433e+01 -2.075373e-02 
 1.445472e+01 -2.004045e-02 
 1.445512e+01 -1.931686e-02 
 1.445552e+01 -1.856334e-02 
 1.445592e+01 -1.779162e-02 
 1.445632e+01 -1.698580e-02 
 1.445671e+01 -1.617256e-02 
 1.445711e+01 -1.533454e-02 
 1.445751e+01 -1.447135e-02 
 1.445791e+01 -1.357142e-02 
 1.445830e+01 -1.266359e-02 
 1.445870e+01 -1.173305e-02 
 1.445910e+01 -1.077987e-02 
 1.445950e+01 -9.809890e-03 
 1.445989e+01 -8.827668e-03 
 1.446029e+01 -7.817647e-03 
 1.446069e+01 -6.769601e-03 
 1.446109e+01 -5.719068e-03 
 1.446149e+01 -4.646106e-03 
 1.446188e+01 -3.562282e-03 
 1.446228e+01 -2.463119e-03 
 1.446268e+01 -1.348241e-03 
 1.446308e+01 -2.112310e-04 
 1.446347e+01  9.344897e-04 
 1.446387e+01  2.075368e-03 
 1.446427e+01  3.236149e-03 
 1.446467e+01  4.406962e-03 
 1.446506e+01  5.590192e-03 
 1.446546e+01  6.782566e-03 
 1.446586e+01  7.991083e-03 
 1.446626e+01  9.203027e-03 
 1.446666e+01  1.039908e-02 
 1.446705e+01  1.161944e-02 
 1.446745e+01  1.285261e-02 
 1.446785e+01  1.407913e-02 
 1.446825e+01  1.532039e-02 
 1.446864e+01  1.656267e-02 
 1.446904e+01  1.780194e-02 
 1.446944e+01  1.905620e-02 
 1.446984e+01  2.032046e-02 
 1.447023e+01  2.158559e-02 
 1.447063e+01  2.282860e-02 
 1.447103e+01  2.408769e-02 
 1.447143e+01  2.533293e-02 
 1.447183e+01  2.655865e-02 
 1.447222e+01  2.780110e-02 
 1.447262e+01  2.903155e-02 
 1.447302e+01  3.025150e-02 
 1.447342e+01  3.145736e-02 
 1.447381e+01  3.266294e-02 
 1.447421e+01  3.385139e-02 
 1.447461e+01  3.504069e-02 
 1.447501e+01  3.622767e-02 
 1.447541e+01  3.739454e-02 
 1.447580e+01  3.853997e-02 
 1.447620e+01  3.968183e-02 
 1.447660e+01  4.080848e-02 
 1.447700e+01  4.191866e-02 
 1.447739e+01  4.301517e-02 
 1.447779e+01  4.409856e-02 
 1.447819e+01  4.515999e-02 
 1.447859e+01  4.621343e-02 
 1.447898e+01  4.725022e-02 
 1.447938e+01  4.827430e-02 
 1.447978e+01  4.927874e-02 
 1.448018e+01  5.025896e-02 
 1.448058e+01  5.121637e-02 
 1.448097e+01  5.214494e-02 
 1.448137e+01  5.304676e-02 
 1.448177e+01  5.393678e-02 
 1.448217e+01  5.479100e-02 
 1.448256e+01  5.561188e-02 
 1.448296e+01  5.641953e-02 
 1.448336e+01  5.719362e-02 
 1.448376e+01  5.794607e-02 
 1.448415e+01  5.867069e-02 
 1.448455e+01  5.937972e-02 
 1.448495e+01  6.004192e-02 
 1.448535e+01  6.067436e-02 
 1.448575e+01  6.127728e-02 
 1.448614e+01  6.183949e-02 
 1.448654e+01  6.237905e-02 
 1.448694e+01  6.289562e-02 
 1.448734e+01  6.338744e-02 
 1.448773e+01  6.384322e-02 
 1.448813e+01  6.429013e-02 
 1.448853e+01  6.471172e-02 
 1.448893e+01  6.510316e-02 
 1.448932e+01  6.546171e-02 
 1.448972e+01  6.579123e-02 
 1.449012e+01  6.607949e-02 
 1.449052e+01  6.632597e-02 
 1.449092e+01  6.655625e-02 
 1.449131e+01  6.675166e-02 
 1.449171e+01  6.691953e-02 
 1.449211e+01  6.706041e-02 
 1.449251e+01  6.717005e-02 
 1.449290e+01  6.725123e-02 
 1.449330e+01  6.731692e-02 
 1.449370e+01  6.736358e-02 
 1.449410e+01  6.737402e-02 
 1.449449e+01  6.734724e-02 
 1.449489e+01  6.729207e-02 
 1.449529e+01  6.720430e-02 
 1.449569e+01  6.708275e-02 
 1.449609e+01  6.694254e-02 
 1.449648e+01  6.677557e-02 
 1.449688e+01  6.658962e-02 
 1.449728e+01  6.637474e-02 
 1.449768e+01  6.613968e-02 
 1.449807e+01  6.587501e-02 
 1.449847e+01  6.558592e-02 
 1.449887e+01  6.526257e-02 
 1.449927e+01  6.490554e-02 
 1.449966e+01  6.450490e-02 
 1.450006e+01  6.408142e-02 
 1.450046e+01  6.361794e-02 
 1.450086e+01  6.312950e-02 
 1.450126e+01  6.261832e-02 
 1.450165e+01  6.206858e-02 
 1.450205e+01  6.149718e-02 
 1.450245e+01  6.089556e-02 
 1.450285e+01  6.027651e-02 
 1.450324e+01  5.962333e-02 
 1.450364e+01  5.894651e-02 
 1.450404e+01  5.823466e-02 
 1.450444e+01  5.748430e-02 
 1.450483e+01  5.669418e-02 
 1.450523e+01  5.588156e-02 
 1.450563e+01  5.504337e-02 
 1.450603e+01  5.417730e-02 
 1.450643e+01  5.329293e-02 
 1.450682e+01  5.238571e-02 
 1.450722e+01  5.144900e-02 
 1.450762e+01  5.050473e-02 
 1.450802e+01  4.953618e-02 
 1.450841e+01  4.854096e-02 
 1.450881e+01  4.752796e-02 
 1.450921e+01  4.650061e-02 
 1.450961e+01  4.543264e-02 
 1.451000e+01  4.434969e-02 
 1.451040e+01  4.325957e-02 
 1.451080e+01  4.214219e-02 
 1.451120e+01  4.100042e-02 
 1.451160e+01  3.983970e-02 
 1.451199e+01  3.868065e-02 
 1.451239e+01  3.749945e-02 
 1.451279e+01  3.632048e-02 
 1.451319e+01  3.513649e-02 
 1.451358e+01  3.393195e-02 
 1.451398e+01  3.270786e-02 
 1.451438e+01  3.148599e-02 
 1.451478e+01  3.024995e-02 
 1.451517e+01  2.901549e-02 
 1.451557e+01  2.777645e-02 
 1.451597e+01  2.654318e-02 
 1.451637e+01  2.529686e-02 
 1.451677e+01  2.406338e-02 
 1.451716e+01  2.283310e-02 
 1.451756e+01  2.161003e-02 
 1.451796e+01  2.038580e-02 
 1.451836e+01  1.916321e-02 
 1.451875e+01  1.792157e-02 
 1.451915e+01  1.668838e-02 
 1.451955e+01  1.545380e-02 
 1.451995e+01  1.423378e-02 
 1.452034e+01  1.301182e-02 
 1.452074e+01  1.179735e-02 
 1.452114e+01  1.059366e-02 
 1.452154e+01  9.392567e-03 
 1.452194e+01  8.216087e-03 
 1.452233e+01  7.047890e-03 
 1.452273e+01  5.901328e-03 
 1.452313e+01  4.742643e-03 
 1.452353e+01  3.587181e-03 
 1.452392e+01  2.441650e-03 
 1.452432e+01  1.307112e-03 
 1.452472e+01  1.869288e-04 
 1.452512e+01 -9.139384e-04 
 1.452551e+01 -2.010124e-03 
 1.452591e+01 -3.098533e-03 
 1.452631e+01 -4.167972e-03 
 1.452671e+01 -5.209126e-03 
 1.452711e+01 -6.245407e-03 
 1.452750e+01 -7.261764e-03 
 1.452790e+01 -8.272838e-03 
 1.452830e+01 -9.279379e-03 
 1.452870e+01 -1.027759e-02 
 1.452909e+01 -1.124132e-02 
 1.452949e+01 -1.219322e-02 
 1.452989e+01 -1.312356e-02 
 1.453029e+01 -1.404409e-02 
 1.453068e+01 -1.495306e-02 
 1.453108e+01 -1.584267e-02 
 1.453148e+01 -1.669512e-02 
 1.453188e+01 -1.753746e-02 
 1.453228e+01 -1.834622e-02 
 1.453267e+01 -1.914353e-02 
 1.453307e+01 -1.991845e-02 
 1.453347e+01 -2.067960e-02 
 1.453387e+01 -2.141222e-02 
 1.453426e+01 -2.211270e-02 
 1.453466e+01 -2.278985e-02 
 1.453506e+01 -2.343695e-02 
 1.453546e+01 -2.406145e-02 
 1.453585e+01 -2.465288e-02 
 1.453625e+01 -2.521564e-02 
 1.453665e+01 -2.573984e-02 
 1.453705e+01 -2.622623e-02 
 1.453745e+01 -2.669124e-02 
 1.453784e+01 -2.714586e-02 
 1.453824e+01 -2.756159e-02 
 1.453864e+01 -2.794835e-02 
 1.453904e+01 -2.830177e-02 
 1.453943e+01 -2.861898e-02 
 1.453983e+01 -2.891853e-02 
 1.454023e+01 -2.918392e-02 
 1.454063e+01 -2.943191e-02 
 1.454102e+01 -2.963888e-02 
 1.454142e+01 -2.980767e-02 
 1.454182e+01 -2.992580e-02 
 1.454222e+01 -3.002593e-02 
 1.454262e+01 -3.009942e-02 
 1.454301e+01 -3.014674e-02 
 1.454341e+01 -3.015431e-02 
 1.454381e+01 -3.012615e-02 
 1.454421e+01 -3.006956e-02 
 1.454460e+01 -2.996793e-02 
 1.454500e+01 -2.982768e-02 
 1.454540e+01 -2.966263e-02 
 1.454580e+01 -2.946193e-02 
 1.454619e+01 -2.921580e-02 
 1.454659e+01 -2.893990e-02 
 1.454699e+01 -2.863828e-02 
 1.454739e+01 -2.830828e-02 
 1.454779e+01 -2.794926e-02 
 1.454818e+01 -2.755541e-02 
 1.454858e+01 -2.711947e-02 
 1.454898e+01 -2.664258e-02 
 1.454938e+01 -2.615222e-02 
 1.454977e+01 -2.562169e-02 
 1.455017e+01 -2.506694e-02 
 1.455057e+01 -2.449268e-02 
 1.455097e+01 -2.387396e-02 
 1.455136e+01 -2.322128e-02 
 1.455176e+01 -2.255854e-02 
 1.455216e+01 -2.185542e-02 
 1.455256e+01 -2.113760e-02 
 1.455296e+01 -2.039539e-02 
 1.455335e+01 -1.962905e-02 
 1.455375e+01 -1.881525e-02 
 1.455415e+01 -1.798889e-02 
 1.455455e+01 -1.714367e-02 
 1.455494e+01 -1.626862e-02 
 1.455534e+01 -1.538129e-02 
 1.455574e+01 -1.446887e-02 
 1.455614e+01 -1.353202e-02 
 1.455653e+01 -1.258628e-02 
 1.455693e+01 -1.162350e-02 
 1.455733e+01 -1.064533e-02 
 1.455773e+01 -9.651359e-03 
 1.455813e+01 -8.644624e-03 
 1.455852e+01 -7.627713e-03 
 1.455892e+01 -6.589786e-03 
 1.455932e+01 -5.564616e-03 
 1.455972e+01 -4.524909e-03 
 1.456011e+01 -3.478227e-03 
 1.456051e+01 -2.396125e-03 
 1.456091e+01 -1.310413e-03 
 1.456131e+01 -2.059259e-04 
 1.456170e+01  9.003545e-04 
 1.456210e+01  2.007484e-03 
 1.456250e+01  3.131190e-03 
 1.456290e+01  4.256764e-03 
 1.456330e+01  5.401362e-03 
 1.456369e+01  6.558503e-03 
 1.456409e+01  7.729312e-03 
 1.456449e+01  8.906605e-03 
 1.456489e+01  1.009563e-02 
 1.456528e+01  1.130662e-02 
 1.456568e+01  1.251599e-02 
 1.456608e+01  1.373534e-02 
 1.456648e+01  1.494946e-02 
 1.456687e+01  1.616534e-02 
 1.456727e+01  1.738948e-02 
 1.456767e+01  1.860971e-02 
 1.456807e+01  1.983813e-02 
 1.456847e+01  2.107162e-02 
 1.456886e+01  2.229419e-02 
 1.456926e+01  2.352828e-02 
 1.456966e+01  2.476190e-02 
 1.457006e+01  2.600071e-02 
 1.457045e+01  2.723195e-02 
 1.457085e+01  2.847099e-02 
 1.457125e+01  2.969740e-02 
 1.457165e+01  3.090392e-02 
 1.457205e+01  3.211725e-02 
 1.457244e+01  3.332744e-02 
 1.457284e+01  3.452121e-02 
 1.457324e+01  3.571082e-02 
 1.457364e+01  3.689174e-02 
 1.457403e+01  3.805385e-02 
 1.457443e+01  3.921574e-02 
 1.457483e+01  4.035590e-02 
 1.457523e+01  4.148061e-02 
 1.457562e+01  4.258704e-02 
 1.457602e+01  4.368515e-02 
 1.457642e+01  4.477630e-02 
 1.457682e+01  4.584171e-02 
 1.457722e+01  4.689688e-02 
 1.457761e+01  4.793908e-02 
 1.457801e+01  4.894456e-02 
 1.457841e+01  4.992378e-02 
 1.457881e+01  5.088048e-02 
 1.457920e+01  5.181005e-02 
 1.457960e+01  5.271463e-02 
 1.458000e+01  5.360663e-02 
 1.458040e+01  5.447624e-02 
 1.458079e+01  5.531716e-02 
 1.458119e+01  5.614126e-02 
 1.458159e+01  5.695088e-02 
 1.458199e+01  5.772375e-02 
 1.458239e+01  5.848239e-02 
 1.458278e+01  5.922303e-02 
 1.458318e+01  5.992476e-02 
 1.458358e+01  6.059130e-02 
 1.458398e+01  6.123730e-02 
 1.458437e+01  6.185889e-02 
 1.458477e+01  6.245095e-02 
 1.458517e+01  6.301971e-02 
 1.458557e+01  6.355402e-02 
 1.458596e+01  6.405021e-02 
 1.458636e+01  6.452825e-02 
 1.458676e+01  6.497668e-02 
 1.458716e+01  6.538062e-02 
 1.458756e+01  6.575241e-02 
 1.458795e+01  6.607878e-02 
 1.458835e+01  6.635672e-02 
 1.458875e+01  6.661199e-02 
 1.458915e+01  6.683702e-02 
 1.458954e+01  6.704538e-02 
 1.458994e+01  6.721627e-02 
 1.459034e+01  6.735692e-02 
 1.459074e+01  6.745692e-02 
 1.459113e+01  6.753681e-02 
 1.459153e+01  6.759180e-02 
 1.459193e+01  6.760799e-02 
 1.459233e+01  6.758769e-02 
 1.459273e+01  6.752530e-02 
 1.459312e+01  6.744301e-02 
 1.459352e+01  6.732726e-02 
 1.459392e+01  6.717493e-02 
 1.459432e+01  6.700551e-02 
 1.459471e+01  6.679961e-02 
 1.459511e+01  6.657538e-02 
 1.459551e+01  6.631236e-02 
 1.459591e+01  6.604178e-02 
 1.459630e+01  6.574295e-02 
 1.459670e+01  6.541104e-02 
 1.459710e+01  6.505157e-02 
 1.459750e+01  6.464629e-02 
 1.459790e+01  6.421715e-02 
 1.459829e+01  6.376803e-02 
 1.459869e+01  6.329104e-02 
 1.459909e+01  6.279473e-02 
 1.459949e+01  6.227822e-02 
 1.459988e+01  6.173878e-02 
 1.460028e+01  6.118348e-02 
 1.460068e+01  6.060097e-02 
 1.460108e+01  6.000055e-02 
 1.460147e+01  5.936930e-02 
 1.460187e+01  5.870386e-02 
 1.460227e+01  5.800830e-02 
 1.460267e+01  5.728747e-02 
 1.460307e+01  5.654506e-02 
 1.460346e+01  5.577603e-02 
 1.460386e+01  5.498868e-02 
 1.460426e+01  5.418227e-02 
 1.460466e+01  5.334861e-02 
 1.460505e+01  5.250911e-02 
 1.460545e+01  5.164951e-02 
 1.460585e+01  5.074979e-02 
 1.460625e+01  4.982460e-02 
 1.460664e+01  4.887618e-02 
 1.460704e+01  4.788366e-02 
 1.460744e+01  4.686098e-02 
 1.460784e+01  4.582223e-02 
 1.460824e+01  4.477228e-02 
 1.460863e+01  4.370622e-02 
 1.460903e+01  4.263094e-02 
 1.460943e+01  4.154326e-02 
 1.460983e+01  4.043164e-02 
 1.461022e+01  3.931571e-02 
 1.461062e+01  3.818734e-02 
 1.461102e+01  3.702578e-02 
 1.461142e+01  3.584230e-02 
 1.461181e+01  3.465745e-02 
 1.461221e+01  3.345302e-02 
 1.461261e+01  3.223636e-02 
 1.461301e+01  3.101233e-02 
 1.461341e+01  2.979370e-02 
 1.461380e+01  2.855492e-02 
 1.461420e+01  2.731420e-02 
 1.461460e+01  2.607575e-02 
 1.461500e+01  2.481953e-02 
 1.461539e+01  2.357476e-02 
 1.461579e+01  2.231814e-02 
 1.461619e+01  2.105132e-02 
 1.461659e+01  1.977142e-02 
 1.461698e+01  1.848938e-02 
 1.461738e+01  1.721320e-02 
 1.461778e+01  1.593913e-02 
 1.461818e+01  1.468210e-02 
 1.461858e+01  1.342401e-02 
 1.461897e+01  1.217162e-02 
 1.461937e+01  1.092901e-02 
 1.461977e+01  9.695694e-03 
 1.462017e+01  8.474290e-03 
 1.462056e+01  7.263966e-03 
 1.462096e+01  6.049932e-03 
 1.462136e+01  4.841695e-03 
 1.462176e+01  3.638225e-03 
 1.462215e+01  2.463089e-03 
 1.462255e+01  1.299435e-03 
 1.462295e+01  1.465697e-04 
 1.462335e+01 -9.878427e-04 
 1.462375e+01 -2.111180e-03 
 1.462414e+01 -3.210739e-03 
 1.462454e+01 -4.291427e-03 
 1.462494e+01 -5.351320e-03 
 1.462534e+01 -6.393580e-03 
 1.462573e+01 -7.416627e-03 
 1.462613e+01 -8.449879e-03 
 1.462653e+01 -9.464522e-03 
 1.462693e+01 -1.045983e-02 
 1.462732e+01 -1.142297e-02 
 1.462772e+01 -1.236968e-02 
 1.462812e+01 -1.328058e-02 
 1.462852e+01 -1.417664e-02 
 1.462892e+01 -1.504968e-02 
 1.462931e+01 -1.588924e-02 
 1.462971e+01 -1.670894e-02 
 1.463011e+01 -1.750736e-02 
 1.463051e+01 -1.827856e-02 
 1.463090e+01 -1.903636e-02 
 1.463130e+01 -1.978461e-02 
 1.463170e+01 -2.050273e-02 
 1.463210e+01 -2.118921e-02 
 1.463249e+01 -2.185428e-02 
 1.463289e+01 -2.247768e-02 
 1.463329e+01 -2.308309e-02 
 1.463369e+01 -2.367365e-02 
 1.463409e+01 -2.423714e-02 
 1.463448e+01 -2.475090e-02 
 1.463488e+01 -2.525504e-02 
 1.463528e+01 -2.574928e-02 
 1.463568e+01 -2.621984e-02 
 1.463607e+01 -2.668576e-02 
 1.463647e+01 -2.712119e-02 
 1.463687e+01 -2.751874e-02 
 1.463727e+01 -2.786575e-02 
 1.463766e+01 -2.819630e-02 
 1.463806e+01 -2.849251e-02 
 1.463846e+01 -2.876247e-02 
 1.463886e+01 -2.899169e-02 
 1.463926e+01 -2.919487e-02 
 1.463965e+01 -2.936569e-02 
 1.464005e+01 -2.951574e-02 
 1.464045e+01 -2.964967e-02 
 1.464085e+01 -2.974843e-02 
 1.464124e+01 -2.981638e-02 
 1.464164e+01 -2.984979e-02 
 1.464204e+01 -2.985807e-02 
 1.464244e+01 -2.982161e-02 
 1.464283e+01 -2.976316e-02 
 1.464323e+01 -2.966506e-02 
 1.464363e+01 -2.953914e-02 
 1.464403e+01 -2.936439e-02 
 1.464443e+01 -2.915654e-02 
 1.464482e+01 -2.893149e-02 
 1.464522e+01 -2.867877e-02 
 1.464562e+01 -2.839730e-02 
 1.464602e+01 -2.808312e-02 
 1.464641e+01 -2.772938e-02 
 1.464681e+01 -2.733703e-02 
 1.464721e+01 -2.692560e-02 
 1.464761e+01 -2.648980e-02 
 1.464800e+01 -2.600573e-02 
 1.464840e+01 -2.548431e-02 
 1.464880e+01 -2.494482e-02 
 1.464920e+01 -2.435023e-02 
 1.464960e+01 -2.372750e-02 
 1.464999e+01 -2.308790e-02 
 1.465039e+01 -2.241268e-02 
 1.465079e+01 -2.170489e-02 
 1.465119e+01 -2.097539e-02 
 1.465158e+01 -2.021767e-02 
 1.465198e+01 -1.942477e-02 
 1.465238e+01 -1.860892e-02 
 1.465278e+01 -1.777590e-02 
 1.465317e+01 -1.690301e-02 
 1.465357e+01 -1.600479e-02 
 1.465397e+01 -1.509414e-02 
 1.465437e+01 -1.414670e-02 
 1.465477e+01 -1.319687e-02 
 1.465516e+01 -1.223321e-02 
 1.465556e+01 -1.125193e-02 
 1.465596e+01 -1.024892e-02 
 1.465636e+01 -9.224757e-03 
 1.465675e+01 -8.187062e-03 
 1.465715e+01 -7.125525e-03 
 1.465755e+01 -6.056170e-03 
 1.465795e+01 -4.966629e-03 
 1.465834e+01 -3.854444e-03 
 1.465874e+01 -2.722562e-03 
 1.465914e+01 -1.573783e-03 
 1.465954e+01 -4.226787e-04 
 1.465994e+01  7.425261e-04 
 1.466033e+01  1.910522e-03 
 1.466073e+01  3.077505e-03 
 1.466113e+01  4.266491e-03 
 1.466153e+01  5.455602e-03 
 1.466192e+01  6.653281e-03 
 1.466232e+01  7.844017e-03 
 1.466272e+01  9.034979e-03 
 1.466312e+01  1.023408e-02 
 1.466352e+01  1.145111e-02 
 1.466391e+01  1.266426e-02 
 1.466431e+01  1.387864e-02 
 1.466471e+01  1.508272e-02 
 1.466511e+01  1.629788e-02 
 1.466550e+01  1.750504e-02 
 1.466590e+01  1.871703e-02 
 1.466630e+01  1.992293e-02 
 1.466670e+01  2.112506e-02 
 1.466709e+01  2.231777e-02 
 1.466749e+01  2.352148e-02 
 1.466789e+01  2.471001e-02 
 1.466829e+01  2.591456e-02 
 1.466869e+01  2.712141e-02 
 1.466908e+01  2.831125e-02 
 1.466948e+01  2.950038e-02 
 1.466988e+01  3.067953e-02 
 1.467028e+01  3.185358e-02 
 1.467067e+01  3.301740e-02 
 1.467107e+01  3.417928e-02 
 1.467147e+01  3.531872e-02 
 1.467187e+01  3.645272e-02 
 1.467226e+01  3.757489e-02 
 1.467266e+01  3.870397e-02 
 1.467306e+01  3.981507e-02 
 1.467346e+01  4.092677e-02 
 1.467386e+01  4.202671e-02 
 1.467425e+01  4.310056e-02 
 1.467465e+01  4.416105e-02 
 1.467505e+01  4.520625e-02 
 1.467545e+01  4.623377e-02 
 1.467584e+01  4.723867e-02 
 1.467624e+01  4.822503e-02 
 1.467664e+01  4.920474e-02 
 1.467704e+01  5.016093e-02 
 1.467743e+01  5.112140e-02 
 1.467783e+01  5.205735e-02 
 1.467823e+01  5.297798e-02 
 1.467863e+01  5.388958e-02 
 1.467903e+01  5.476262e-02 
 1.467942e+01  5.561561e-02 
 1.467982e+01  5.644388e-02 
 1.468022e+01  5.724794e-02 
 1.468062e+01  5.802655e-02 
 1.468101e+01  5.877565e-02 
 1.468141e+01  5.949329e-02 
 1.468181e+01  6.018193e-02 
 1.468221e+01  6.085522e-02 
 1.468260e+01  6.150879e-02 
 1.468300e+01  6.212596e-02 
 1.468340e+01  6.271240e-02 
 1.468380e+01  6.326788e-02 
 1.468420e+01  6.379425e-02 
 1.468459e+01  6.429624e-02 
 1.468499e+01  6.477020e-02 
 1.468539e+01  6.519516e-02 
 1.468579e+01  6.559603e-02 
 1.468618e+01  6.596851e-02 
 1.468658e+01  6.630835e-02 
 1.468698e+01  6.661060e-02 
 1.468738e+01  6.690045e-02 
 1.468777e+01  6.714910e-02 
 1.468817e+01  6.736227e-02 
 1.468857e+01  6.755644e-02 
 1.468897e+01  6.771882e-02 
 1.468937e+01  6.784286e-02 
 1.468976e+01  6.793538e-02 
 1.469016e+01  6.798986e-02 
 1.469056e+01  6.798581e-02 
 1.469096e+01  6.795990e-02 
 1.469135e+01  6.788754e-02 
 1.469175e+01  6.778814e-02 
 1.469215e+01  6.765857e-02 
 1.469255e+01  6.750416e-02 
 1.469294e+01  6.731129e-02 
 1.469334e+01  6.708740e-02 
 1.469374e+01  6.683685e-02 
 1.469414e+01  6.655025e-02 
 1.469454e+01  6.623052e-02 
 1.469493e+01  6.586823e-02 
 1.469533e+01  6.546012e-02 
 1.469573e+01  6.502026e-02 
 1.469613e+01  6.456084e-02 
 1.469652e+01  6.407309e-02 
 1.469692e+01  6.356256e-02 
 1.469732e+01  6.303439e-02 
 1.469772e+01  6.248049e-02 
 1.469811e+01  6.189618e-02 
 1.469851e+01  6.129892e-02 
 1.469891e+01  6.066708e-02 
 1.469931e+01  6.001302e-02 
 1.469971e+01  5.932247e-02 
 1.470010e+01  5.860939e-02 
 1.470050e+01  5.786203e-02 
 1.470090e+01  5.710381e-02 
 1.470130e+01  5.632789e-02 
 1.470169e+01  5.554134e-02 
 1.470209e+01  5.473311e-02 
 1.470249e+01  5.390375e-02 
 1.470289e+01  5.306098e-02 
 1.470328e+01  5.219949e-02 
 1.470368e+01  5.132124e-02 
 1.470408e+01  5.041972e-02 
 1.470448e+01  4.949409e-02 
 1.470488e+01  4.854930e-02 
 1.470527e+01  4.758605e-02 
 1.470567e+01  4.661717e-02 
 1.470607e+01  4.563634e-02 
 1.470647e+01  4.464874e-02 
 1.470686e+01  4.365647e-02 
 1.470726e+01  4.263746e-02 
 1.470766e+01  4.160749e-02 
 1.470806e+01  4.055804e-02 
 1.470845e+01  3.949763e-02 
 1.470885e+01  3.840894e-02 
 1.470925e+01  3.730209e-02 
 1.470965e+01  3.617109e-02 
 1.471005e+01  3.502306e-02 
 1.471044e+01  3.385615e-02 
 1.471084e+01  3.268834e-02 
 1.471124e+01  3.151656e-02 
 1.471164e+01  3.033487e-02 
 1.471203e+01  2.914170e-02 
 1.471243e+01  2.794116e-02 
 1.471283e+01  2.672988e-02 
 1.471323e+01  2.551270e-02 
 1.471362e+01  2.428537e-02 
 1.471402e+01  2.303620e-02 
 1.471442e+01  2.176987e-02 
 1.471482e+01  2.049448e-02 
 1.471522e+01  1.922656e-02 
 1.471561e+01  1.796645e-02 
 1.471601e+01  1.670333e-02 
 1.471641e+01  1.545474e-02 
 1.471681e+01  1.420254e-02 
 1.471720e+01  1.294993e-02 
 1.471760e+01  1.169643e-02 
 1.471800e+01  1.045391e-02 
 1.471840e+01  9.218388e-03 
 1.471879e+01  7.978892e-03 
 1.471919e+01  6.727693e-03 
 1.471959e+01  5.495845e-03 
 1.471999e+01  4.266384e-03 
 1.472039e+01  3.060868e-03 
 1.472078e+01  1.873894e-03 
 1.472118e+01  6.949577e-04 
 1.472158e+01 -4.646033e-04 
 1.472198e+01 -1.616937e-03 
 1.472237e+01 -2.746351e-03 
 1.472277e+01 -3.870079e-03 
 1.472317e+01 -4.979005e-03 
 1.472357e+01 -6.080192e-03 
 1.472396e+01 -7.169513e-03 
 1.472436e+01 -8.244341e-03 
 1.472476e+01 -9.294548e-03 
 1.472516e+01 -1.031199e-02 
 1.472556e+01 -1.130202e-02 
 1.472595e+01 -1.226698e-02 
 1.472635e+01 -1.321044e-02 
 1.472675e+01 -1.412824e-02 
 1.472715e+01 -1.503603e-02 
 1.472754e+01 -1.591487e-02 
 1.472794e+01 -1.676492e-02 
 1.472834e+01 -1.760819e-02 
 1.472874e+01 -1.841957e-02 
 1.472913e+01 -1.921282e-02 
 1.472953e+01 -1.999181e-02 
 1.472993e+01 -2.073497e-02 
 1.473033e+01 -2.144161e-02 
 1.473073e+01 -2.212131e-02 
 1.473112e+01 -2.278335e-02 
 1.473152e+01 -2.340865e-02 
 1.473192e+01 -2.399477e-02 
 1.473232e+01 -2.456622e-02 
 1.473271e+01 -2.508667e-02 
 1.473311e+01 -2.558699e-02 
 1.473351e+01 -2.607801e-02 
 1.473391e+01 -2.652200e-02 
 1.473430e+01 -2.693400e-02 
 1.473470e+01 -2.731511e-02 
 1.473510e+01 -2.766169e-02 
 1.473550e+01 -2.796155e-02 
 1.473590e+01 -2.824687e-02 
 1.473629e+01 -2.850761e-02 
 1.473669e+01 -2.872820e-02 
 1.473709e+01 -2.891990e-02 
 1.473749e+01 -2.908092e-02 
 1.473788e+01 -2.921022e-02 
 1.473828e+01 -2.932974e-02 
 1.473868e+01 -2.942159e-02 
 1.473908e+01 -2.948413e-02 
 1.473947e+01 -2.950947e-02 
 1.473987e+01 -2.951264e-02 
 1.474027e+01 -2.947801e-02 
 1.474067e+01 -2.942469e-02 
 1.474107e+01 -2.933866e-02 
 1.474146e+01 -2.923236e-02 
 1.474186e+01 -2.908538e-02 
 1.474226e+01 -2.891554e-02 
 1.474266e+01 -2.872754e-02 
 1.474305e+01 -2.852869e-02 
 1.474345e+01 -2.830167e-02 
 1.474385e+01 -2.804227e-02 
 1.474425e+01 -2.774404e-02 
 1.474464e+01 -2.740179e-02 
 1.474504e+01 -2.704148e-02 
 1.474544e+01 -2.665489e-02 
 1.474584e+01 -2.623956e-02 
 1.474624e+01 -2.578704e-02 
 1.474663e+01 -2.531503e-02 
 1.474703e+01 -2.480505e-02 
 1.474743e+01 -2.427269e-02 
 1.474783e+01 -2.371291e-02 
 1.474822e+01 -2.314547e-02 
 1.474862e+01 -2.253134e-02 
 1.474902e+01 -2.189260e-02 
 1.474942e+01 -2.122083e-02 
 1.474981e+01 -2.051783e-02 
 1.475021e+01 -1.978210e-02 
 1.475061e+01 -1.902440e-02 
 1.475101e+01 -1.823831e-02 
 1.475141e+01 -1.741298e-02 
 1.475180e+01 -1.656613e-02 
 1.475220e+01 -1.570558e-02 
 1.475260e+01 -1.481266e-02 
 1.475300e+01 -1.389612e-02 
 1.475339e+01 -1.295922e-02 
 1.475379e+01 -1.199592e-02 
 1.475419e+01 -1.097532e-02 
 1.475459e+01 -9.950183e-03 
 1.475499e+01 -8.906551e-03 
 1.475538e+01 -7.832871e-03 
 1.475578e+01 -6.759431e-03 
 1.475618e+01 -5.657801e-03 
 1.475658e+01 -4.533174e-03 
 1.475697e+01 -3.390452e-03 
 1.475737e+01 -2.250758e-03 
 1.475777e+01 -1.093786e-03 
 1.475817e+01  7.763199e-05 
 1.475856e+01  1.248495e-03 
 1.475896e+01  2.436836e-03 
 1.475936e+01  3.644198e-03 
 1.475976e+01  4.856512e-03 
 1.476016e+01  6.062036e-03 
 1.476055e+01  7.285006e-03 
 1.476095e+01  8.517529e-03 
 1.476135e+01  9.754194e-03 
 1.476175e+01  1.099630e-02 
 1.476214e+01  1.223852e-02 
 1.476254e+01  1.347752e-02 
 1.476294e+01  1.472230e-02 
 1.476334e+01  1.597265e-02 
 1.476373e+01  1.723104e-02 
 1.476413e+01  1.847743e-02 
 1.476453e+01  1.972115e-02 
 1.476493e+01  2.097195e-02 
 1.476533e+01  2.220580e-02 
 1.476572e+01  2.344933e-02 
 1.476612e+01  2.469060e-02 
 1.476652e+01  2.593321e-02 
 1.476692e+01  2.715996e-02 
 1.476731e+01  2.837804e-02 
 1.476771e+01  2.957904e-02 
 1.476811e+01  3.077481e-02 
 1.476851e+01  3.195400e-02 
 1.476890e+01  3.312198e-02 
 1.476930e+01  3.427993e-02 
 1.476970e+01  3.543453e-02 
 1.477010e+01  3.657298e-02 
 1.477050e+01  3.769577e-02 
 1.477089e+01  3.881540e-02 
 1.477129e+01  3.990727e-02 
 1.477169e+01  4.098917e-02 
 1.477209e+01  4.205848e-02 
 1.477248e+01  4.310304e-02 
 1.477288e+01  4.413745e-02 
 1.477328e+01  4.515941e-02 
 1.477368e+01  4.617405e-02 
 1.477407e+01  4.715951e-02 
 1.477447e+01  4.813996e-02 
 1.477487e+01  4.910522e-02 
 1.477527e+01  5.003705e-02 
 1.477567e+01  5.096514e-02 
 1.477606e+01  5.187055e-02 
 1.477646e+01  5.275451e-02 
 1.477686e+01  5.360865e-02 
 1.477726e+01  5.444074e-02 
 1.477765e+01  5.524169e-02 
 1.477805e+01  5.603069e-02 
 1.477845e+01  5.678901e-02 
 1.477885e+01  5.754022e-02 
 1.477924e+01  5.825596e-02 
 1.477964e+01  5.895352e-02 
 1.478004e+01  5.963988e-02 
 1.478044e+01  6.030850e-02 
 1.478084e+01  6.094550e-02 
 1.478123e+01  6.155545e-02 
 1.478163e+01  6.214304e-02 
 1.478203e+01  6.269682e-02 
 1.478243e+01  6.323083e-02 
 1.478282e+01  6.373534e-02 
 1.478322e+01  6.421441e-02 
 1.478362e+01  6.465708e-02 
 1.478402e+01  6.507963e-02 
 1.478441e+01  6.547211e-02 
 1.478481e+01  6.584066e-02 
 1.478521e+01  6.618883e-02 
 1.478561e+01  6.651121e-02 
 1.478601e+01  6.680256e-02 
 1.478640e+01  6.704578e-02 
 1.478680e+01  6.726847e-02 
 1.478720e+01  6.745356e-02 
 1.478760e+01  6.759021e-02 
 1.478799e+01  6.770186e-02 
 1.478839e+01  6.778304e-02 
 1.478879e+01  6.782614e-02 
 1.478919e+01  6.785227e-02 
 1.478958e+01  6.785528e-02 
 1.478998e+01  6.782628e-02 
 1.479038e+01  6.775909e-02 
 1.479078e+01  6.765663e-02 
 1.479118e+01  6.751006e-02 
 1.479157e+01  6.732501e-02 
 1.479197e+01  6.711605e-02 
 1.479237e+01  6.687407e-02 
 1.479277e+01  6.657849e-02 
 1.479316e+01  6.627098e-02 
 1.479356e+01  6.592119e-02 
 1.479396e+01  6.555335e-02 
 1.479436e+01  6.515734e-02 
 1.479475e+01  6.473600e-02 
 1.479515e+01  6.427866e-02 
 1.479555e+01  6.378482e-02 
 1.479595e+01  6.326913e-02 
 1.479635e+01  6.270076e-02 
 1.479674e+01  6.209237e-02 
 1.479714e+01  6.146188e-02 
 1.479754e+01  6.078459e-02 
 1.479794e+01  6.007052e-02 
 1.479833e+01  5.934216e-02 
 1.479873e+01  5.858718e-02 
 1.479913e+01  5.782366e-02 
 1.479953e+01  5.702264e-02 
 1.479992e+01  5.621263e-02 
 1.480032e+01  5.535652e-02 
 1.480072e+01  5.448832e-02 
 1.480112e+01  5.359872e-02 
 1.480152e+01  5.268702e-02 
 1.480191e+01  5.175433e-02 
 1.480231e+01  5.079494e-02 
 1.480271e+01  4.981709e-02 
 1.480311e+01  4.880295e-02 
 1.480350e+01  4.778139e-02 
 1.480390e+01  4.675058e-02 
 1.480430e+01  4.571084e-02 
 1.480470e+01  4.466696e-02 
 1.480509e+01  4.360381e-02 
 1.480549e+01  4.252921e-02 
 1.480589e+01  4.143276e-02 
 1.480629e+01  4.033623e-02 
 1.480669e+01  3.921542e-02 
 1.480708e+01  3.807365e-02 
 1.480748e+01  3.693038e-02 
 1.480788e+01  3.576556e-02 
 1.480828e+01  3.461077e-02 
 1.480867e+01  3.346373e-02 
 1.480907e+01  3.232034e-02 
 1.480947e+01  3.117342e-02 
 1.480987e+01  3.001989e-02 
 1.481026e+01  2.885768e-02 
 1.481066e+01  2.768864e-02 
 1.481106e+01  2.651310e-02 
 1.481146e+01  2.534133e-02 
 1.481186e+01  2.415260e-02 
 1.481225e+01  2.294534e-02 
 1.481265e+01  2.174331e-02 
 1.481305e+01  2.055560e-02 
 1.481345e+01  1.935765e-02 
 1.481384e+01  1.819208e-02 
 1.481424e+01  1.702245e-02 
 1.481464e+01  1.585062e-02 
 1.481504e+01  1.466410e-02 
 1.481543e+01  1.347896e-02 
 1.481583e+01  1.227785e-02 
 1.481623e+01  1.107459e-02 
 1.481663e+01  9.865123e-03 
 1.481703e+01  8.660493e-03 
 1.481742e+01  7.448622e-03 
 1.481782e+01  6.258407e-03 
 1.481822e+01  5.092211e-03 
 1.481862e+01  3.920395e-03 
 1.481901e+01  2.755017e-03 
 1.481941e+01  1.595064e-03 
 1.481981e+01  4.442342e-04 
 1.482021e+01 -7.161207e-04 
 1.482060e+01 -1.863082e-03 
 1.482100e+01 -2.998827e-03 
 1.482140e+01 -4.133991e-03 
 1.482180e+01 -5.255316e-03 
 1.482220e+01 -6.360709e-03 
 1.482259e+01 -7.461632e-03 
 1.482299e+01 -8.531474e-03 
 1.482339e+01 -9.573165e-03 
 1.482379e+01 -1.060139e-02 
 1.482418e+01 -1.160905e-02 
 1.482458e+01 -1.260896e-02 
 1.482498e+01 -1.358357e-02 
 1.482538e+01 -1.454973e-02 
 1.482577e+01 -1.549838e-02 
 1.482617e+01 -1.641587e-02 
 1.482657e+01 -1.732760e-02 
 1.482697e+01 -1.820864e-02 
 1.482737e+01 -1.905414e-02 
 1.482776e+01 -1.986435e-02 
 1.482816e+01 -2.063607e-02 
 1.482856e+01 -2.138206e-02 
 1.482896e+01 -2.208734e-02 
 1.482935e+01 -2.276901e-02 
 1.482975e+01 -2.343879e-02 
 1.483015e+01 -2.405561e-02 
 1.483055e+01 -2.464862e-02 
 1.483094e+01 -2.522807e-02 
 1.483134e+01 -2.577681e-02 
 1.483174e+01 -2.628771e-02 
 1.483214e+01 -2.677316e-02 
 1.483254e+01 -2.721931e-02 
 1.483293e+01 -2.760892e-02 
 1.483333e+01 -2.797418e-02 
 1.483373e+01 -2.829506e-02 
 1.483413e+01 -2.860168e-02 
 1.483452e+01 -2.888346e-02 
 1.483492e+01 -2.912755e-02 
 1.483532e+01 -2.933415e-02 
 1.483572e+01 -2.952798e-02 
 1.483611e+01 -2.969623e-02 
 1.483651e+01 -2.982116e-02 
 1.483691e+01 -2.991223e-02 
 1.483731e+01 -2.996152e-02 
 1.483771e+01 -2.997152e-02 
 1.483810e+01 -2.994698e-02 
 1.483850e+01 -2.989436e-02 
 1.483890e+01 -2.981773e-02 
 1.483930e+01 -2.971325e-02 
 1.483969e+01 -2.957255e-02 
 1.484009e+01 -2.940143e-02 
 1.484049e+01 -2.918733e-02 
 1.484089e+01 -2.895944e-02 
 1.484128e+01 -2.870874e-02 
 1.484168e+01 -2.841261e-02 
 1.484208e+01 -2.808317e-02 
 1.484248e+01 -2.771927e-02 
 1.484288e+01 -2.733013e-02 
 1.484327e+01 -2.690272e-02 
 1.484367e+01 -2.647478e-02 
 1.484407e+01 -2.601254e-02 
 1.484447e+01 -2.552297e-02 
 1.484486e+01 -2.500718e-02 
 1.484526e+01 -2.447953e-02 
 1.484566e+01 -2.391372e-02 
 1.484606e+01 -2.333596e-02 
 1.484646e+01 -2.274236e-02 
 1.484685e+01 -2.210544e-02 
 1.484725e+01 -2.143712e-02 
 1.484765e+01 -2.075725e-02 
 1.484805e+01 -2.004569e-02 
 1.484844e+01 -1.931754e-02 
 1.484884e+01 -1.857168e-02 
 1.484924e+01 -1.779482e-02 
 1.484964e+01 -1.699581e-02 
 1.485003e+01 -1.617438e-02 
 1.485043e+01 -1.533836e-02 
 1.485083e+01 -1.449804e-02 
 1.485123e+01 -1.363673e-02 
 1.485163e+01 -1.275828e-02 
 1.485202e+01 -1.185010e-02 
 1.485242e+01 -1.091233e-02 
 1.485282e+01 -9.961936e-03 
 1.485322e+01 -9.000637e-03 
 1.485361e+01 -8.026276e-03 
 1.485401e+01 -7.014541e-03 
 1.485441e+01 -5.992495e-03 
 1.485481e+01 -4.962369e-03 
 1.485520e+01 -3.912622e-03 
 1.485560e+01 -2.848807e-03 
 1.485600e+01 -1.768606e-03 
 1.485640e+01 -6.677319e-04 
 1.485680e+01  4.593716e-04 
 1.485719e+01  1.612390e-03 
 1.485759e+01  2.777606e-03 
 1.485799e+01  3.956491e-03 
 1.485839e+01  5.141735e-03 
 1.485878e+01  6.354867e-03 
 1.485918e+01  7.580042e-03 
 1.485958e+01  8.811362e-03 
 1.485998e+01  1.005127e-02 
 1.486037e+01  1.129186e-02 
 1.486077e+01  1.254238e-02 
 1.486117e+01  1.381097e-02 
 1.486157e+01  1.509678e-02 
 1.486197e+01  1.638030e-02 
 1.486236e+01  1.767040e-02 
 1.486276e+01  1.897290e-02 
 1.486316e+01  2.026443e-02 
 1.486356e+01  2.155845e-02 
 1.486395e+01  2.285145e-02 
 1.486435e+01  2.413892e-02 
 1.486475e+01  2.540735e-02 
 1.486515e+01  2.666852e-02 
 1.486554e+01  2.792817e-02 
 1.486594e+01  2.917694e-02 
 1.486634e+01  3.040940e-02 
 1.486674e+01  3.164113e-02 
 1.486714e+01  3.285863e-02 
 1.486753e+01  3.406210e-02 
 1.486793e+01  3.526433e-02 
 1.486833e+01  3.646203e-02 
 1.486873e+01  3.762951e-02 
 1.486912e+01  3.879321e-02 
 1.486952e+01  3.995337e-02 
 1.486992e+01  4.107106e-02 
 1.487032e+01  4.216420e-02 
 1.487071e+01  4.324386e-02 
 1.487111e+01  4.430699e-02 
 1.487151e+01  4.533768e-02 
 1.487191e+01  4.635260e-02 
 1.487231e+01  4.735484e-02 
 1.487270e+01  4.833043e-02 
 1.487310e+01  4.928743e-02 
 1.487350e+01  5.023491e-02 
 1.487390e+01  5.115097e-02 
 1.487429e+01  5.204223e-02 
 1.487469e+01  5.291399e-02 
 1.487509e+01  5.375788e-02 
 1.487549e+01  5.456204e-02 
 1.487588e+01  5.536285e-02 
 1.487628e+01  5.613635e-02 
 1.487668e+01  5.689235e-02 
 1.487708e+01  5.761588e-02 
 1.487748e+01  5.832563e-02 
 1.487787e+01  5.901539e-02 
 1.487827e+01  5.968797e-02 
 1.487867e+01  6.033199e-02 
 1.487907e+01  6.095524e-02 
 1.487946e+01  6.153237e-02 
 1.487986e+01  6.209096e-02 
 1.488026e+01  6.261359e-02 
 1.488066e+01  6.310853e-02 
 1.488105e+01  6.358482e-02 
 1.488145e+01  6.402933e-02 
 1.488185e+01  6.444357e-02 
 1.488225e+01  6.484398e-02 
 1.488265e+01  6.521139e-02 
 1.488304e+01  6.555043e-02 
 1.488344e+01  6.587618e-02 
 1.488384e+01  6.615983e-02 
 1.488424e+01  6.640674e-02 
 1.488463e+01  6.661671e-02 
 1.488503e+01  6.681758e-02 
 1.488543e+01  6.696843e-02 
 1.488583e+01  6.709997e-02 
 1.488622e+01  6.721203e-02 
 1.488662e+01  6.728389e-02 
 1.488702e+01  6.733373e-02 
 1.488742e+01  6.736187e-02 
 1.488782e+01  6.737155e-02 
 1.488821e+01  6.734752e-02 
 1.488861e+01  6.729265e-02 
 1.488901e+01  6.720846e-02 
 1.488941e+01  6.707918e-02 
 1.488980e+01  6.693355e-02 
 1.489020e+01  6.676324e-02 
 1.489060e+01  6.655004e-02 
 1.489100e+01  6.629993e-02 
 1.489139e+01  6.604041e-02 
 1.489179e+01  6.573927e-02 
 1.489219e+01  6.541496e-02 
 1.489259e+01  6.506582e-02 
 1.489299e+01  6.467528e-02 
 1.489338e+01  6.426030e-02 
 1.489378e+01  6.380530e-02 
 1.489418e+01  6.332199e-02 
 1.489458e+01  6.280127e-02 
 1.489497e+01  6.226044e-02 
 1.489537e+01  6.167394e-02 
 1.489577e+01  6.106492e-02 
 1.489617e+01  6.042607e-02 
 1.489656e+01  5.976639e-02 
 1.489696e+01  5.907340e-02 
 1.489736e+01  5.837779e-02 
 1.489776e+01  5.762349e-02 
 1.489816e+01  5.685604e-02 
 1.489855e+01  5.605141e-02 
 1.489895e+01  5.520927e-02 
 1.489935e+01  5.434800e-02 
 1.489975e+01  5.344581e-02 
 1.490014e+01  5.252801e-02 
 1.490054e+01  5.156799e-02 
 1.490094e+01  5.059979e-02 
 1.490134e+01  4.960768e-02 
 1.490173e+01  4.859952e-02 
 1.490213e+01  4.758684e-02 
 1.490253e+01  4.654184e-02 
 1.490293e+01  4.547580e-02 
 1.490333e+01  4.438769e-02 
 1.490372e+01  4.328256e-02 
 1.490412e+01  4.215158e-02 
 1.490452e+01  4.101309e-02 
 1.490492e+01  3.985702e-02 
 1.490531e+01  3.868761e-02 
 1.490571e+01  3.750720e-02 
 1.490611e+01  3.632949e-02 
 1.490651e+01  3.514373e-02 
 1.490690e+01  3.395872e-02 
 1.490730e+01  3.276206e-02 
 1.490770e+01  3.155725e-02 
 1.490810e+01  3.032234e-02 
 1.490850e+01  2.909612e-02 
 1.490889e+01  2.787686e-02 
 1.490929e+01  2.663414e-02 
 1.490969e+01  2.540347e-02 
 1.491009e+01  2.415360e-02 
 1.491048e+01  2.291178e-02 
 1.491088e+01  2.166445e-02 
 1.491128e+01  2.044286e-02 
 1.491168e+01  1.921734e-02 
 1.491207e+01  1.798429e-02 
 1.491247e+01  1.676580e-02 
 1.491287e+01  1.553821e-02 
 1.491327e+01  1.430188e-02 
 1.491367e+01  1.309158e-02 
 1.491406e+01  1.188730e-02 
 1.491446e+01  1.067750e-02 
 1.491486e+01  9.475482e-03 
 1.491526e+01  8.295610e-03 
 1.491565e+01  7.121018e-03 
 1.491605e+01  5.965580e-03 
 1.491645e+01  4.832219e-03 
 1.491685e+01  3.699609e-03 
 1.491724e+01  2.578135e-03 
 1.491764e+01  1.460742e-03 
 1.491804e+01  3.627150e-04 
 1.491844e+01 -7.315570e-04 
 1.491884e+01 -1.816144e-03 
 1.491923e+01 -2.890447e-03 
 1.491963e+01 -3.957433e-03 
 1.492003e+01 -5.021320e-03 
 1.492043e+01 -6.062487e-03 
 1.492082e+01 -7.075914e-03 
 1.492122e+01 -8.074537e-03 
 1.492162e+01 -9.055329e-03 
 1.492202e+01 -1.002706e-02 
 1.492241e+01 -1.098035e-02 
 1.492281e+01 -1.194562e-02 
 1.492321e+01 -1.287373e-02 
 1.492361e+01 -1.379904e-02 
 1.492401e+01 -1.469854e-02 
 1.492440e+01 -1.558701e-02 
 1.492480e+01 -1.645063e-02 
 1.492520e+01 -1.729565e-02 
 1.492560e+01 -1.811875e-02 
 1.492599e+01 -1.890245e-02 
 1.492639e+01 -1.967391e-02 
 1.492679e+01 -2.043411e-02 
 1.492719e+01 -2.117899e-02 
 1.492758e+01 -2.190861e-02 
 1.492798e+01 -2.261559e-02 
 1.492838e+01 -2.329798e-02 
 1.492878e+01 -2.396031e-02 
 1.492918e+01 -2.458547e-02 
 1.492957e+01 -2.519381e-02 
 1.492997e+01 -2.575788e-02 
 1.493037e+01 -2.628572e-02 
 1.493077e+01 -2.677483e-02 
 1.493116e+01 -2.722081e-02 
 1.493156e+01 -2.766153e-02 
 1.493196e+01 -2.807574e-02 
 1.493236e+01 -2.846303e-02 
 1.493275e+01 -2.882404e-02 
 1.493315e+01 -2.915004e-02 
 1.493355e+01 -2.942363e-02 
 1.493395e+01 -2.966710e-02 
 1.493435e+01 -2.988928e-02 
 1.493474e+01 -3.005562e-02 
 1.493514e+01 -3.017167e-02 
 1.493554e+01 -3.025371e-02 
 1.493594e+01 -3.030447e-02 
 1.493633e+01 -3.030886e-02 
 1.493673e+01 -3.029966e-02 
 1.493713e+01 -3.025835e-02 
 1.493753e+01 -3.017187e-02 
 1.493793e+01 -3.005151e-02 
 1.493832e+01 -2.990198e-02 
 1.493872e+01 -2.972235e-02 
 1.493912e+01 -2.950645e-02 
 1.493952e+01 -2.926262e-02 
 1.493991e+01 -2.897576e-02 
 1.494031e+01 -2.863839e-02 
 1.494071e+01 -2.829060e-02 
 1.494111e+01 -2.791362e-02 
 1.494150e+01 -2.749415e-02 
 1.494190e+01 -2.706000e-02 
 1.494230e+01 -2.659644e-02 
 1.494270e+01 -2.610070e-02 
 1.494310e+01 -2.556669e-02 
 1.494349e+01 -2.501186e-02 
 1.494389e+01 -2.443215e-02 
 1.494429e+01 -2.380191e-02 
 1.494469e+01 -2.315847e-02 
 1.494508e+01 -2.248392e-02 
 1.494548e+01 -2.176729e-02 
 1.494588e+01 -2.103656e-02 
 1.494628e+01 -2.029422e-02 
 1.494667e+01 -1.952284e-02 
 1.494707e+01 -1.873580e-02 
 1.494747e+01 -1.793315e-02 
 1.494787e+01 -1.710584e-02 
 1.494827e+01 -1.625244e-02 
 1.494866e+01 -1.538678e-02 
 1.494906e+01 -1.449947e-02 
 1.494946e+01 -1.358313e-02 
 1.494986e+01 -1.265510e-02 
 1.495025e+01 -1.168736e-02 
 1.495065e+01 -1.071515e-02 
 1.495105e+01 -9.735459e-03 
 1.495145e+01 -8.756152e-03 
 1.495184e+01 -7.745420e-03 
 1.495224e+01 -6.731866e-03 
 1.495264e+01 -5.694734e-03 
 1.495304e+01 -4.642102e-03 
 1.495344e+01 -3.572657e-03 
 1.495383e+01 -2.502853e-03 
 1.495423e+01 -1.409665e-03 
 1.495463e+01 -2.985403e-04 
 1.495503e+01  8.137697e-04 
 1.495542e+01  1.928775e-03 
 1.495582e+01  3.054835e-03 
 1.495622e+01  4.183484e-03 
 1.495662e+01  5.317961e-03 
 1.495701e+01  6.476831e-03 
 1.495741e+01  7.642887e-03 
 1.495781e+01  8.814050e-03 
 1.495821e+01  9.974781e-03 
 1.495861e+01  1.115591e-02 
 1.495900e+01  1.234505e-02 
 1.495940e+01  1.353225e-02 
 1.495980e+01  1.473476e-02 
 1.496020e+01  1.593687e-02 
 1.496059e+01  1.712551e-02 
 1.496099e+01  1.832682e-02 
 1.496139e+01  1.954113e-02 
 1.496179e+01  2.075169e-02 
 1.496218e+01  2.197324e-02 
 1.496258e+01  2.319993e-02 
 1.496298e+01  2.442875e-02 
 1.496338e+01  2.564703e-02 
 1.496378e+01  2.688370e-02 
 1.496417e+01  2.812045e-02 
 1.496457e+01  2.935061e-02 
 1.496497e+01  3.056830e-02 
 1.496537e+01  3.180228e-02 
 1.496576e+01  3.302246e-02 
 1.496616e+01  3.423182e-02 
 1.496656e+01  3.545633e-02 
 1.496696e+01  3.666196e-02 
 1.496735e+01  3.784487e-02 
 1.496775e+01  3.901791e-02 
 1.496815e+01  4.017460e-02 
 1.496855e+01  4.131903e-02 
 1.496895e+01  4.245485e-02 
 1.496934e+01  4.359687e-02 
 1.496974e+01  4.470242e-02 
 1.497014e+01  4.579122e-02 
 1.497054e+01  4.686134e-02 
 1.497093e+01  4.791232e-02 
 1.497133e+01  4.894115e-02 
 1.497173e+01  4.995263e-02 
 1.497213e+01  5.093257e-02 
 1.497252e+01  5.189129e-02 
 1.497292e+01  5.281860e-02 
 1.497332e+01  5.372360e-02 
 1.497372e+01  5.460328e-02 
 1.497412e+01  5.546202e-02 
 1.497451e+01  5.629553e-02 
 1.497491e+01  5.708912e-02 
 1.497531e+01  5.786632e-02 
 1.497571e+01  5.861606e-02 
 1.497610e+01  5.932956e-02 
 1.497650e+01  6.001604e-02 
 1.497690e+01  6.067073e-02 
 1.497730e+01  6.127790e-02 
 1.497769e+01  6.185576e-02 
 1.497809e+01  6.241602e-02 
 1.497849e+01  6.294112e-02 
 1.497889e+01  6.344138e-02 
 1.497929e+01  6.391718e-02 
 1.497968e+01  6.436231e-02 
 1.498008e+01  6.476572e-02 
 1.498048e+01  6.514567e-02 
 1.498088e+01  6.549563e-02 
 1.498127e+01  6.581949e-02 
 1.498167e+01  6.610569e-02 
 1.498207e+01  6.637603e-02 
 1.498247e+01  6.659465e-02 
 1.498286e+01  6.679700e-02 
 1.498326e+01  6.696443e-02 
 1.498366e+01  6.710818e-02 
 1.498406e+01  6.721888e-02 
 1.498446e+01  6.730459e-02 
 1.498485e+01  6.737930e-02 
 1.498525e+01  6.741595e-02 
 1.498565e+01  6.741753e-02 
 1.498605e+01  6.739389e-02 
 1.498644e+01  6.734039e-02 
 1.498684e+01  6.723566e-02 
 1.498724e+01  6.709631e-02 
 1.498764e+01  6.693447e-02 
 1.498803e+01  6.674971e-02 
 1.498843e+01  6.652020e-02 
 1.498883e+01  6.627583e-02 
 1.498923e+01  6.600976e-02 
 1.498963e+01  6.571813e-02 
 1.499002e+01  6.539661e-02 
 1.499042e+01  6.505139e-02 
 1.499082e+01  6.467508e-02 
 1.499122e+01  6.427290e-02 
 1.499161e+01  6.384564e-02 
 1.499201e+01  6.338926e-02 
 1.499241e+01  6.289273e-02 
 1.499281e+01  6.238406e-02 
 1.499320e+01  6.184390e-02 
 1.499360e+01  6.129410e-02 
 1.499400e+01  6.070659e-02 
 1.499440e+01  6.011147e-02 
 1.499480e+01  5.948183e-02 
 1.499519e+01  5.883549e-02 
 1.499559e+01  5.816287e-02 
 1.499599e+01  5.744496e-02 
 1.499639e+01  5.670826e-02 
 1.499678e+01  5.593605e-02 
 1.499718e+01  5.514437e-02 
 1.499758e+01  5.433672e-02 
 1.499798e+01  5.351337e-02 
 1.499837e+01  5.267996e-02 
 1.499877e+01  5.180332e-02 
 1.499917e+01  5.091683e-02 
 1.499957e+01  5.000875e-02 
 1.499997e+01  4.907463e-02 
 1.500036e+01  4.812191e-02 
 1.500076e+01  4.713016e-02 
 1.500116e+01  4.610740e-02 
 1.500156e+01  4.506537e-02 
 1.500195e+01  4.400605e-02 
 1.500235e+01  4.292558e-02 
 1.500275e+01  4.182281e-02 
 1.500315e+01  4.070866e-02 
 1.500354e+01  3.958177e-02 
 1.500394e+01  3.842380e-02 
 1.500434e+01  3.727290e-02 
 1.500474e+01  3.611209e-02 
 1.500514e+01  3.492009e-02 
 1.500553e+01  3.371362e-02 
 1.500593e+01  3.247299e-02 
 1.500633e+01  3.121620e-02 
 1.500673e+01  2.994967e-02 
 1.500712e+01  2.869591e-02 
 1.500752e+01  2.742546e-02 
 1.500792e+01  2.613710e-02 
 1.500832e+01  2.485644e-02 
 1.500871e+01  2.358832e-02 
 1.500911e+01  2.229870e-02 
 1.500951e+01  2.102534e-02 
 1.500991e+01  1.976222e-02 
 1.501031e+01  1.847948e-02 
 1.501070e+01  1.719490e-02 
 1.501110e+01  1.592350e-02 
 1.501150e+01  1.465235e-02 
 1.501190e+01  1.338574e-02 
 1.501229e+01  1.213302e-02 
 1.501269e+01  1.089110e-02 
 1.501309e+01  9.647564e-03 
 1.501349e+01  8.430257e-03 
 1.501388e+01  7.242186e-03 
 1.501428e+01  6.049764e-03 
 1.501468e+01  4.881439e-03 
 1.501508e+01  3.706381e-03 
 1.501548e+01  2.522978e-03 
 1.501587e+01  1.362831e-03 
 1.501627e+01  2.075627e-04 
 1.501667e+01 -9.227329e-04 
 1.501707e+01 -2.037115e-03 
 1.501746e+01 -3.128000e-03 
 1.501786e+01 -4.207343e-03 
 1.501826e+01 -5.270657e-03 
 1.501866e+01 -6.284294e-03 
 1.501905e+01 -7.293037e-03 
 1.501945e+01 -8.289523e-03 
 1.501985e+01 -9.268574e-03 
 1.502025e+01 -1.023616e-02 
 1.502065e+01 -1.119523e-02 
 1.502104e+01 -1.212966e-02 
 1.502144e+01 -1.304720e-02 
 1.502184e+01 -1.394595e-02 
 1.502224e+01 -1.482681e-02 
 1.502263e+01 -1.567966e-02 
 1.502303e+01 -1.651417e-02 
 1.502343e+01 -1.731918e-02 
 1.502383e+01 -1.808993e-02 
 1.502422e+01 -1.884272e-02 
 1.502462e+01 -1.958779e-02 
 1.502502e+01 -2.032699e-02 
 1.502542e+01 -2.102930e-02 
 1.502582e+01 -2.171117e-02 
 1.502621e+01 -2.236048e-02 
 1.502661e+01 -2.298909e-02 
 1.502701e+01 -2.357653e-02 
 1.502741e+01 -2.416631e-02 
 1.502780e+01 -2.471656e-02 
 1.502820e+01 -2.523970e-02 
 1.502860e+01 -2.572863e-02 
 1.502900e+01 -2.619566e-02 
 1.502940e+01 -2.662867e-02 
 1.502979e+01 -2.703921e-02 
 1.503019e+01 -2.743819e-02 
 1.503059e+01 -2.779700e-02 
 1.503099e+01 -2.811908e-02 
 1.503138e+01 -2.842661e-02 
 1.503178e+01 -2.871017e-02 
 1.503218e+01 -2.895094e-02 
 1.503258e+01 -2.918315e-02 
 1.503297e+01 -2.937485e-02 
 1.503337e+01 -2.952169e-02 
 1.503377e+01 -2.963598e-02 
 1.503417e+01 -2.974325e-02 
 1.503457e+01 -2.981863e-02 
 1.503496e+01 -2.986938e-02 
 1.503536e+01 -2.989779e-02 
 1.503576e+01 -2.988975e-02 
 1.503616e+01 -2.983757e-02 
 1.503655e+01 -2.976127e-02 
 1.503695e+01 -2.966891e-02 
 1.503735e+01 -2.951665e-02 
 1.503775e+01 -2.933649e-02 
 1.503814e+01 -2.912242e-02 
 1.503854e+01 -2.886289e-02 
 1.503894e+01 -2.857621e-02 
 1.503934e+01 -2.824980e-02 
 1.503974e+01 -2.790298e-02 
 1.504013e+01 -2.752681e-02 
 1.504053e+01 -2.712027e-02 
 1.504093e+01 -2.667234e-02 
 1.504133e+01 -2.617836e-02 
 1.504172e+01 -2.566891e-02 
 1.504212e+01 -2.511575e-02 
 1.504252e+01 -2.451475e-02 
 1.504292e+01 -2.389238e-02 
 1.504331e+01 -2.322725e-02 
 1.504371e+01 -2.253269e-02 
 1.504411e+01 -2.182607e-02 
 1.504451e+01 -2.109678e-02 
 1.504491e+01 -2.033694e-02 
 1.504530e+01 -1.954052e-02 
 1.504570e+01 -1.871280e-02 
 1.504610e+01 -1.786295e-02 
 1.504650e+01 -1.697193e-02 
 1.504689e+01 -1.607609e-02 
 1.504729e+01 -1.515202e-02 
 1.504769e+01 -1.419024e-02 
 1.504809e+01 -1.320739e-02 
 1.504848e+01 -1.222751e-02 
 1.504888e+01 -1.121275e-02 
 1.504928e+01 -1.019636e-02 
 1.504968e+01 -9.160067e-03 
 1.505008e+01 -8.105793e-03 
 1.505047e+01 -7.029399e-03 
 1.505087e+01 -5.939865e-03 
 1.505127e+01 -4.861902e-03 
 1.505167e+01 -3.750005e-03 
 1.505206e+01 -2.627694e-03 
 1.505246e+01 -1.500830e-03 
 1.505286e+01 -3.494460e-04 
 1.505326e+01  8.018238e-04 
 1.505365e+01  1.939474e-03 
 1.505405e+01  3.085109e-03 
 1.505445e+01  4.243616e-03 
 1.505485e+01  5.417028e-03 
 1.505525e+01  6.584714e-03 
 1.505564e+01  7.766385e-03 
 1.505604e+01  8.936113e-03 
 1.505644e+01  1.010263e-02 
 1.505684e+01  1.129458e-02 
 1.505723e+01  1.248769e-02 
 1.505763e+01  1.367759e-02 
 1.505803e+01  1.487653e-02 
 1.505843e+01  1.608106e-02 
 1.505882e+01  1.728788e-02 
 1.505922e+01  1.848204e-02 
 1.505962e+01  1.969818e-02 
 1.506002e+01  2.090962e-02 
 1.506042e+01  2.211298e-02 
 1.506081e+01  2.330974e-02 
 1.506121e+01  2.450462e-02 
 1.506161e+01  2.570924e-02 
 1.506201e+01  2.690609e-02 
 1.506240e+01  2.809502e-02 
 1.506280e+01  2.928377e-02 
 1.506320e+01  3.044762e-02 
 1.506360e+01  3.160391e-02 
 1.506399e+01  3.277102e-02 
 1.506439e+01  3.392553e-02 
 1.506479e+01  3.507223e-02 
 1.506519e+01  3.622010e-02 
 1.506559e+01  3.735822e-02 
 1.506598e+01  3.847558e-02 
 1.506638e+01  3.959809e-02 
 1.506678e+01  4.070157e-02 
 1.506718e+01  4.179734e-02 
 1.506757e+01  4.287801e-02 
 1.506797e+01  4.394871e-02 
 1.506837e+01  4.499852e-02 
 1.506877e+01  4.604239e-02 
 1.506916e+01  4.707942e-02 
 1.506956e+01  4.809073e-02 
 1.506996e+01  4.909552e-02 
 1.507036e+01  5.008614e-02 
 1.507076e+01  5.104412e-02 
 1.507115e+01  5.198750e-02 
 1.507155e+01  5.291200e-02 
 1.507195e+01  5.382162e-02 
 1.507235e+01  5.470133e-02 
 1.507274e+01  5.556337e-02 
 1.507314e+01  5.640290e-02 
 1.507354e+01  5.721242e-02 
 1.507394e+01  5.802324e-02 
 1.507433e+01  5.880088e-02 
 1.507473e+01  5.954112e-02 
 1.507513e+01  6.025077e-02 
 1.507553e+01  6.093423e-02 
 1.507593e+01  6.157155e-02 
 1.507632e+01  6.218520e-02 
 1.507672e+01  6.277578e-02 
 1.507712e+01  6.334037e-02 
 1.507752e+01  6.387059e-02 
 1.507791e+01  6.437419e-02 
 1.507831e+01  6.485418e-02 
 1.507871e+01  6.529634e-02 
 1.507911e+01  6.571847e-02 
 1.507950e+01  6.609238e-02 
 1.507990e+01  6.642599e-02 
 1.508030e+01  6.671482e-02 
 1.508070e+01  6.698799e-02 
 1.508110e+01  6.721681e-02 
 1.508149e+01  6.741724e-02 
 1.508189e+01  6.758567e-02 
 1.508229e+01  6.771771e-02 
 1.508269e+01  6.781247e-02 
 1.508308e+01  6.788523e-02 
 1.508348e+01  6.791524e-02 
 1.508388e+01  6.790775e-02 
 1.508428e+01  6.786258e-02 
 1.508467e+01  6.777849e-02 
 1.508507e+01  6.766970e-02 
 1.508547e+01  6.752482e-02 
 1.508587e+01  6.736015e-02 
 1.508627e+01  6.716565e-02 
 1.508666e+01  6.693711e-02 
 1.508706e+01  6.668785e-02 
 1.508746e+01  6.641398e-02 
 1.508786e+01  6.611154e-02 
 1.508825e+01  6.577739e-02 
 1.508865e+01  6.540990e-02 
 1.508905e+01  6.501068e-02 
 1.508945e+01  6.457069e-02 
 1.508984e+01  6.411511e-02 
 1.509024e+01  6.361404e-02 
 1.509064e+01  6.309502e-02 
 1.509104e+01  6.255609e-02 
 1.509144e+01  6.198602e-02 
 1.509183e+01  6.138436e-02 
 1.509223e+01  6.076368e-02 
 1.509263e+01  6.012955e-02 
 1.509303e+01  5.946527e-02 
 1.509342e+01  5.877333e-02 
 1.509382e+01  5.805999e-02 
 1.509422e+01  5.731528e-02 
 1.509462e+01  5.654296e-02 
 1.509501e+01  5.574806e-02 
 1.509541e+01  5.493209e-02 
 1.509581e+01  5.409946e-02 
 1.509621e+01  5.324550e-02 
 1.509661e+01  5.237545e-02 
 1.509700e+01  5.147809e-02 
 1.509740e+01  5.058046e-02 
 1.509780e+01  4.966533e-02 
 1.509820e+01  4.873248e-02 
 1.509859e+01  4.777525e-02 
 1.509899e+01  4.679699e-02 
 1.509939e+01  4.579578e-02 
 1.509979e+01  4.477478e-02 
 1.510018e+01  4.374976e-02 
 1.510058e+01  4.270808e-02 
 1.510098e+01  4.165417e-02 
 1.510138e+01  4.058005e-02 
 1.510178e+01  3.949859e-02 
 1.510217e+01  3.841184e-02 
 1.510257e+01  3.730310e-02 
 1.510297e+01  3.619481e-02 
 1.510337e+01  3.506924e-02 
 1.510376e+01  3.391592e-02 
 1.510416e+01  3.274575e-02 
 1.510456e+01  3.157936e-02 
 1.510496e+01  3.040310e-02 
 1.510535e+01  2.922097e-02 
 1.510575e+01  2.802443e-02 
 1.510615e+01  2.682870e-02 
 1.510655e+01  2.562100e-02 
 1.510695e+01  2.441606e-02 
 1.510734e+01  2.319773e-02 
 1.510774e+01  2.197573e-02 
 1.510814e+01  2.073931e-02 
 1.510854e+01  1.948321e-02 
 1.510893e+01  1.822799e-02 
 1.510933e+01  1.696390e-02 
 1.510973e+01  1.571438e-02 
 1.511013e+01  1.445536e-02 
 1.511052e+01  1.318937e-02 
 1.511092e+01  1.192949e-02 
 1.511132e+01  1.066098e-02 
 1.511172e+01  9.411402e-03 
 1.511212e+01  8.174324e-03 
 1.511251e+01  6.917305e-03 
 1.511291e+01  5.667229e-03 
 1.511331e+01  4.431132e-03 
 1.511371e+01  3.198888e-03 
 1.511410e+01  1.969922e-03 
 1.511450e+01  7.733798e-04 
 1.511490e+01 -4.037575e-04 
 1.511530e+01 -1.585357e-03 
 1.511569e+01 -2.746720e-03 
 1.511609e+01 -3.880846e-03 
 1.511649e+01 -5.006824e-03 
 1.511689e+01 -6.106778e-03 
 1.511729e+01 -7.186349e-03 
 1.511768e+01 -8.264795e-03 
 1.511808e+01 -9.320677e-03 
 1.511848e+01 -1.035283e-02 
 1.511888e+01 -1.135879e-02 
 1.511927e+01 -1.234495e-02 
 1.511967e+01 -1.329780e-02 
 1.512007e+01 -1.420883e-02 
 1.512047e+01 -1.512435e-02 
 1.512087e+01 -1.600027e-02 
 1.512126e+01 -1.683860e-02 
 1.512166e+01 -1.765151e-02 
 1.512206e+01 -1.845126e-02 
 1.512246e+01 -1.921616e-02 
 1.512285e+01 -1.996475e-02 
 1.512325e+01 -2.070299e-02 
 1.512365e+01 -2.139684e-02 
 1.512405e+01 -2.205019e-02 
 1.512444e+01 -2.267651e-02 
 1.512484e+01 -2.328210e-02 
 1.512524e+01 -2.384497e-02 
 1.512564e+01 -2.438986e-02 
 1.512604e+01 -2.490659e-02 
 1.512643e+01 -2.539353e-02 
 1.512683e+01 -2.583773e-02 
 1.512723e+01 -2.627646e-02 
 1.512763e+01 -2.669288e-02 
 1.512802e+01 -2.708815e-02 
 1.512842e+01 -2.744745e-02 
 1.512882e+01 -2.777410e-02 
 1.512922e+01 -2.806691e-02 
 1.512961e+01 -2.833746e-02 
 1.513001e+01 -2.858557e-02 
 1.513041e+01 -2.880527e-02 
 1.513081e+01 -2.898906e-02 
 1.513121e+01 -2.914483e-02 
 1.513160e+01 -2.928403e-02 
 1.513200e+01 -2.938789e-02 
 1.513240e+01 -2.948233e-02 
 1.513280e+01 -2.953605e-02 
 1.513319e+01 -2.955777e-02 
 1.513359e+01 -2.953349e-02 
 1.513399e+01 -2.947753e-02 
 1.513439e+01 -2.939800e-02 
 1.513478e+01 -2.929418e-02 
 1.513518e+01 -2.916222e-02 
 1.513558e+01 -2.899377e-02 
 1.513598e+01 -2.879983e-02 
 1.513638e+01 -2.857883e-02 
 1.513677e+01 -2.833201e-02 
 1.513717e+01 -2.806282e-02 
 1.513757e+01 -2.776601e-02 
 1.513797e+01 -2.744686e-02 
 1.513836e+01 -2.707777e-02 
 1.513876e+01 -2.668573e-02 
 1.513916e+01 -2.625695e-02 
 1.513956e+01 -2.580780e-02 
 1.513995e+01 -2.533374e-02 
 1.514035e+01 -2.483048e-02 
 1.514075e+01 -2.429520e-02 
 1.514115e+01 -2.372542e-02 
 1.514155e+01 -2.313195e-02 
 1.514194e+01 -2.252776e-02 
 1.514234e+01 -2.188178e-02 
 1.514274e+01 -2.121086e-02 
 1.514314e+01 -2.050554e-02 
 1.514353e+01 -1.977361e-02 
 1.514393e+01 -1.900310e-02 
 1.514433e+01 -1.822971e-02 
 1.514473e+01 -1.743295e-02 
 1.514512e+01 -1.659690e-02 
 1.514552e+01 -1.574423e-02 
 1.514592e+01 -1.485195e-02 
 1.514632e+01 -1.393017e-02 
 1.514672e+01 -1.299796e-02 
 1.514711e+01 -1.205364e-02 
 1.514751e+01 -1.107001e-02 
 1.514791e+01 -1.006414e-02 
 1.514831e+01 -9.043651e-03 
 1.514870e+01 -7.987972e-03 
 1.514910e+01 -6.912760e-03 
 1.514950e+01 -5.838023e-03 
 1.514990e+01 -4.734879e-03 
 1.515029e+01 -3.600809e-03 
 1.515069e+01 -2.459442e-03 
 1.515109e+01 -1.304276e-03 
 1.515149e+01 -1.404913e-04 
 1.515189e+01  1.042603e-03 
 1.515228e+01  2.220394e-03 
 1.515268e+01  3.433687e-03 
 1.515308e+01  4.658718e-03 
 1.515348e+01  5.892937e-03 
 1.515387e+01  7.128153e-03 
 1.515427e+01  8.389016e-03 
 1.515467e+01  9.644144e-03 
 1.515507e+01  1.091927e-02 
 1.515546e+01  1.219020e-02 
 1.515586e+01  1.346880e-02 
 1.515626e+01  1.473380e-02 
 1.515666e+01  1.599301e-02 
 1.515706e+01  1.724840e-02 
 1.515745e+01  1.849265e-02 
 1.515785e+01  1.975632e-02 
 1.515825e+01  2.100013e-02 
 1.515865e+01  2.223697e-02 
 1.515904e+01  2.347564e-02 
 1.515944e+01  2.470853e-02 
 1.515984e+01  2.592944e-02 
 1.516024e+01  2.714235e-02 
 1.516063e+01  2.834619e-02 
 1.516103e+01  2.953060e-02 
 1.516143e+01  3.070434e-02 
 1.516183e+01  3.187827e-02 
 1.516223e+01  3.303200e-02 
 1.516262e+01  3.418405e-02 
 1.516302e+01  3.532458e-02 
 1.516342e+01  3.644642e-02 
 1.516382e+01  3.755241e-02 
 1.516421e+01  3.863898e-02 
 1.516461e+01  3.972093e-02 
 1.516501e+01  4.079883e-02 
 1.516541e+01  4.185034e-02 
 1.516580e+01  4.289516e-02 
 1.516620e+01  4.392304e-02 
 1.516660e+01  4.493717e-02 
 1.516700e+01  4.592293e-02 
 1.516740e+01  4.692229e-02 
 1.516779e+01  4.788241e-02 
 1.516819e+01  4.882980e-02 
 1.516859e+01  4.975788e-02 
 1.516899e+01  5.066790e-02 
 1.516938e+01  5.156690e-02 
 1.516978e+01  5.244512e-02 
 1.517018e+01  5.331540e-02 
 1.517058e+01  5.414929e-02 
 1.517097e+01  5.497459e-02 
 1.517137e+01  5.579305e-02 
 1.517177e+01  5.657662e-02 
 1.517217e+01  5.735446e-02 
 1.517257e+01  5.810030e-02 
 1.517296e+01  5.882590e-02 
 1.517336e+01  5.951819e-02 
 1.517376e+01  6.019137e-02 
 1.517416e+01  6.085342e-02 
 1.517455e+01  6.148883e-02 
 1.517495e+01  6.209695e-02 
 1.517535e+01  6.269401e-02 
 1.517575e+01  6.324615e-02 
 1.517614e+01  6.377355e-02 
 1.517654e+01  6.427813e-02 
 1.517694e+01  6.475865e-02 
 1.517734e+01  6.518633e-02 
 1.517774e+01  6.558422e-02 
 1.517813e+01  6.596052e-02 
 1.517853e+01  6.630079e-02 
 1.517893e+01  6.661363e-02 
 1.517933e+01  6.689116e-02 
 1.517972e+01  6.713772e-02 
 1.518012e+01  6.733921e-02 
 1.518052e+01  6.752511e-02 
 1.518092e+01  6.767943e-02 
 1.518131e+01  6.780096e-02 
 1.518171e+01  6.789804e-02 
 1.518211e+01  6.794743e-02 
 1.518251e+01  6.795848e-02 
 1.518291e+01  6.793692e-02 
 1.518330e+01  6.787637e-02 
 1.518370e+01  6.779172e-02 
 1.518410e+01  6.767072e-02 
 1.518450e+01  6.752586e-02 
 1.518489e+01  6.733180e-02 
 1.518529e+01  6.711515e-02 
 1.518569e+01  6.686637e-02 
 1.518609e+01  6.658148e-02 
 1.518648e+01  6.626203e-02 
 1.518688e+01  6.591093e-02 
 1.518728e+01  6.551321e-02 
 1.518768e+01  6.508419e-02 
 1.518808e+01  6.462611e-02 
 1.518847e+01  6.413930e-02 
 1.518887e+01  6.363675e-02 
 1.518927e+01  6.308982e-02 
 1.518967e+01  6.252178e-02 
 1.519006e+01  6.192018e-02 
 1.519046e+01  6.130599e-02 
 1.519086e+01  6.065740e-02 
 1.519126e+01  5.998524e-02 
 1.519165e+01  5.926956e-02 
 1.519205e+01  5.852552e-02 
 1.519245e+01  5.774810e-02 
 1.519285e+01  5.694839e-02 
 1.519325e+01  5.614185e-02 
 1.519364e+01  5.531766e-02 
 1.519404e+01  5.447734e-02 
 1.519444e+01  5.361468e-02 
 1.519484e+01  5.272976e-02 
 1.519523e+01  5.182353e-02 
 1.519563e+01  5.089710e-02 
 1.519603e+01  4.994218e-02 
 1.519643e+01  4.895994e-02 
 1.519682e+01  4.794916e-02 
 1.519722e+01  4.693424e-02 
 1.519762e+01  4.589924e-02 
 1.519802e+01  4.486173e-02 
 1.519842e+01  4.380844e-02 
 1.519881e+01  4.274578e-02 
 1.519921e+01  4.166310e-02 
 1.519961e+01  4.057934e-02 
 1.520001e+01  3.947701e-02 
 1.520040e+01  3.836707e-02 
 1.520080e+01  3.723938e-02 
 1.520120e+01  3.610512e-02 
 1.520160e+01  3.494788e-02 
 1.520199e+01  3.378874e-02 
 1.520239e+01  3.262232e-02 
 1.520279e+01  3.145645e-02 
 1.520319e+01  3.027963e-02 
 1.520359e+01  2.911239e-02 
 1.520398e+01  2.792541e-02 
 1.520438e+01  2.673418e-02 
 1.520478e+01  2.553856e-02 
 1.520518e+01  2.434059e-02 
 1.520557e+01  2.312340e-02 
 1.520597e+01  2.189987e-02 
 1.520637e+01  2.068454e-02 
 1.520677e+01  1.946074e-02 
 1.520716e+01  1.823686e-02 
 1.520756e+01  1.702216e-02 
 1.520796e+01  1.581449e-02 
 1.520836e+01  1.459859e-02 
 1.520876e+01  1.338928e-02 
 1.520915e+01  1.219382e-02 
 1.520955e+01  1.100284e-02 
 1.520995e+01  9.819528e-03 
 1.521035e+01  8.639602e-03 
 1.521074e+01  7.456670e-03 
 1.521114e+01  6.271020e-03 
 1.521154e+01  5.082558e-03 
 1.521194e+01  3.902808e-03 
 1.521234e+01  2.724411e-03 
 1.521273e+01  1.569193e-03 
 1.521313e+01  4.281088e-04 
 1.521353e+01 -7.123032e-04 
 1.521393e+01 -1.845515e-03 
 1.521432e+01 -2.946824e-03 
 1.521472e+01 -4.054454e-03 
 1.521512e+01 -5.139754e-03 
 1.521552e+01 -6.235820e-03 
 1.521591e+01 -7.307297e-03 
 1.521631e+01 -8.379662e-03 
 1.521671e+01 -9.436022e-03 
 1.521711e+01 -1.045152e-02 
 1.521751e+01 -1.146432e-02 
 1.521790e+01 -1.245923e-02 
 1.521830e+01 -1.343591e-02 
 1.521870e+01 -1.438523e-02 
 1.521910e+01 -1.532049e-02 
 1.521949e+01 -1.622425e-02 
 1.521989e+01 -1.710206e-02 
 1.522029e+01 -1.796739e-02 
 1.522069e+01 -1.882671e-02 
 1.522108e+01 -1.965752e-02 
 1.522148e+01 -2.046152e-02 
 1.522188e+01 -2.122603e-02 
 1.522228e+01 -2.193777e-02 
 1.522268e+01 -2.263090e-02 
 1.522307e+01 -2.330268e-02 
 1.522347e+01 -2.393410e-02 
 1.522387e+01 -2.453738e-02 
 1.522427e+01 -2.511591e-02 
 1.522466e+01 -2.565199e-02 
 1.522506e+01 -2.616325e-02 
 1.522546e+01 -2.666317e-02 
 1.522586e+01 -2.713264e-02 
 1.522625e+01 -2.754182e-02 
 1.522665e+01 -2.792066e-02 
 1.522705e+01 -2.825531e-02 
 1.522745e+01 -2.856263e-02 
 1.522785e+01 -2.884229e-02 
 1.522824e+01 -2.908380e-02 
 1.522864e+01 -2.927449e-02 
 1.522904e+01 -2.943554e-02 
 1.522944e+01 -2.955976e-02 
 1.522983e+01 -2.966186e-02 
 1.523023e+01 -2.973880e-02 
 1.523063e+01 -2.979651e-02 
 1.523103e+01 -2.982047e-02 
 1.523142e+01 -2.979754e-02 
 1.523182e+01 -2.974282e-02 
 1.523222e+01 -2.966357e-02 
 1.523262e+01 -2.956150e-02 
 1.523302e+01 -2.942300e-02 
 1.523341e+01 -2.926022e-02 
 1.523381e+01 -2.906535e-02 
 1.523421e+01 -2.884090e-02 
 1.523461e+01 -2.859620e-02 
 1.523500e+01 -2.833122e-02 
 1.523540e+01 -2.803018e-02 
 1.523580e+01 -2.770364e-02 
 1.523620e+01 -2.735351e-02 
 1.523659e+01 -2.696870e-02 
 1.523699e+01 -2.655650e-02 
 1.523739e+01 -2.612216e-02 
 1.523779e+01 -2.566647e-02 
 1.523819e+01 -2.516901e-02 
 1.523858e+01 -2.464032e-02 
 1.523898e+01 -2.408809e-02 
 1.523938e+01 -2.351267e-02 
 1.523978e+01 -2.291410e-02 
 1.524017e+01 -2.230615e-02 
 1.524057e+01 -2.166298e-02 
 1.524097e+01 -2.098244e-02 
 1.524137e+01 -2.028786e-02 
 1.524176e+01 -1.955948e-02 
 1.524216e+01 -1.880919e-02 
 1.524256e+01 -1.802876e-02 
 1.524296e+01 -1.724610e-02 
 1.524336e+01 -1.642055e-02 
 1.524375e+01 -1.556445e-02 
 1.524415e+01 -1.470571e-02 
 1.524455e+01 -1.382060e-02 
 1.524495e+01 -1.291443e-02 
 1.524534e+01 -1.198701e-02 
 1.524574e+01 -1.103849e-02 
 1.524614e+01 -1.006776e-02 
 1.524654e+01 -9.090077e-03 
 1.524693e+01 -8.091878e-03 
 1.524733e+01 -7.068656e-03 
 1.524773e+01 -6.048721e-03 
 1.524813e+01 -4.994860e-03 
 1.524853e+01 -3.909684e-03 
 1.524892e+01 -2.813141e-03 
 1.524932e+01 -1.710021e-03 
 1.524972e+01 -5.899893e-04 
 1.525012e+01  5.397710e-04 
 1.525051e+01  1.687178e-03 
 1.525091e+01  2.855528e-03 
 1.525131e+01  4.028382e-03 
 1.525171e+01  5.197828e-03 
 1.525210e+01  6.385912e-03 
 1.525250e+01  7.576979e-03 
 1.525290e+01  8.780847e-03 
 1.525330e+01  1.000551e-02 
 1.525370e+01  1.123797e-02 
 1.525409e+01  1.247226e-02 
 1.525449e+01  1.372092e-02 
 1.525489e+01  1.497486e-02 
 1.525529e+01  1.623567e-02 
 1.525568e+01  1.749016e-02 
 1.525608e+01  1.876429e-02 
 1.525648e+01  2.002443e-02 
 1.525688e+01  2.127786e-02 
 1.525727e+01  2.253606e-02 
 1.525767e+01  2.380791e-02 
 1.525807e+01  2.508454e-02 
 1.525847e+01  2.635479e-02 
 1.525887e+01  2.762513e-02 
 1.525926e+01  2.888959e-02 
 1.525966e+01  3.013734e-02 
 1.526006e+01  3.137226e-02 
 1.526046e+01  3.260761e-02 
 1.526085e+01  3.383253e-02 
 1.526125e+01  3.504367e-02 
 1.526165e+01  3.622972e-02 
 1.526205e+01  3.741300e-02 
 1.526244e+01  3.857650e-02 
 1.526284e+01  3.973964e-02 
 1.526324e+01  4.087287e-02 
 1.526364e+01  4.199010e-02 
 1.526404e+01  4.308923e-02 
 1.526443e+01  4.416663e-02 
 1.526483e+01  4.521838e-02 
 1.526523e+01  4.623981e-02 
 1.526563e+01  4.724989e-02 
 1.526602e+01  4.822781e-02 
 1.526642e+01  4.918508e-02 
 1.526682e+01  5.010077e-02 
 1.526722e+01  5.102486e-02 
 1.526761e+01  5.192071e-02 
 1.526801e+01  5.279379e-02 
 1.526841e+01  5.364062e-02 
 1.526881e+01  5.445891e-02 
 1.526921e+01  5.524943e-02 
 1.526960e+01  5.602556e-02 
 1.527000e+01  5.678179e-02 
 1.527040e+01  5.751247e-02 
 1.527080e+01  5.820832e-02 
 1.527119e+01  5.888436e-02 
 1.527159e+01  5.953865e-02 
 1.527199e+01  6.016230e-02 
 1.527239e+01  6.077065e-02 
 1.527278e+01  6.134637e-02 
 1.527318e+01  6.189639e-02 
 1.527358e+01  6.242540e-02 
 1.527398e+01  6.293461e-02 
 1.527438e+01  6.342091e-02 
 1.527477e+01  6.388884e-02 
 1.527517e+01  6.431514e-02 
 1.527557e+01  6.471453e-02 
 1.527597e+01  6.508052e-02 
 1.527636e+01  6.543694e-02 
 1.527676e+01  6.576736e-02 
 1.527716e+01  6.607948e-02 
 1.527756e+01  6.635831e-02 
 1.527795e+01  6.661788e-02 
 1.527835e+01  6.683936e-02 
 1.527875e+01  6.704862e-02 
 1.527915e+01  6.722451e-02 
 1.527955e+01  6.736678e-02 
 1.527994e+01  6.746982e-02 
 1.528034e+01  6.753539e-02 
 1.528074e+01  6.755927e-02 
 1.528114e+01  6.755593e-02 
 1.528153e+01  6.753230e-02 
 1.528193e+01  6.747319e-02 
 1.528233e+01  6.737642e-02 
 1.528273e+01  6.726878e-02 
 1.528312e+01  6.713404e-02 
 1.528352e+01  6.696067e-02 
 1.528392e+01  6.675581e-02 
 1.528432e+01  6.651525e-02 
 1.528472e+01  6.623012e-02 
 1.528511e+01  6.591371e-02 
 1.528551e+01  6.555408e-02 
 1.528591e+01  6.516169e-02 
 1.528631e+01  6.475124e-02 
 1.528670e+01  6.432638e-02 
 1.528710e+01  6.385405e-02 
 1.528750e+01  6.336243e-02 
 1.528790e+01  6.283565e-02 
 1.528829e+01  6.228171e-02 
 1.528869e+01  6.169785e-02 
 1.528909e+01  6.108688e-02 
 1.528949e+01  6.043933e-02 
 1.528989e+01  5.975377e-02 
 1.529028e+01  5.904751e-02 
 1.529068e+01  5.831553e-02 
 1.529108e+01  5.754908e-02 
 1.529148e+01  5.677340e-02 
 1.529187e+01  5.596404e-02 
 1.529227e+01  5.513153e-02 
 1.529267e+01  5.427487e-02 
 1.529307e+01  5.338904e-02 
 1.529346e+01  5.247988e-02 
 1.529386e+01  5.154478e-02 
 1.529426e+01  5.057720e-02 
 1.529466e+01  4.958908e-02 
 1.529506e+01  4.857574e-02 
 1.529545e+01  4.754929e-02 
 1.529585e+01  4.650322e-02 
 1.529625e+01  4.545053e-02 
 1.529665e+01  4.438740e-02 
 1.529704e+01  4.329848e-02 
 1.529744e+01  4.219571e-02 
 1.529784e+01  4.107885e-02 
 1.529824e+01  3.995340e-02 
 1.529863e+01  3.881126e-02 
 1.529903e+01  3.764825e-02 
 1.529943e+01  3.646600e-02 
 1.529983e+01  3.526662e-02 
 1.530023e+01  3.406769e-02 
 1.530062e+01  3.286559e-02 
 1.530102e+01  3.166019e-02 
 1.530142e+01  3.044223e-02 
 1.530182e+01  2.923444e-02 
 1.530221e+01  2.801733e-02 
 1.530261e+01  2.680081e-02 
 1.530301e+01  2.558109e-02 
 1.530341e+01  2.435964e-02 
 1.530380e+01  2.313228e-02 
 1.530420e+01  2.189572e-02 
 1.530460e+01  2.065512e-02 
 1.530500e+01  1.943027e-02 
 1.530540e+01  1.821541e-02 
 1.530579e+01  1.701518e-02 
 1.530619e+01  1.580880e-02 
 1.530659e+01  1.460754e-02 
 1.530699e+01  1.341399e-02 
 1.530738e+01  1.221706e-02 
 1.530778e+01  1.103530e-02 
 1.530818e+01  9.841813e-03 
 1.530858e+01  8.652146e-03 
 1.530898e+01  7.459530e-03 
 1.530937e+01  6.280262e-03 
 1.530977e+01  5.109584e-03 
 1.531017e+01  3.958407e-03 
 1.531057e+01  2.828546e-03 
 1.531096e+01  1.699428e-03 
 1.531136e+01  5.792740e-04 
 1.531176e+01 -5.287811e-04 
 1.531216e+01 -1.636461e-03 
 1.531255e+01 -2.721481e-03 
 1.531295e+01 -3.805965e-03 
 1.531335e+01 -4.876779e-03 
 1.531375e+01 -5.946559e-03 
 1.531415e+01 -6.996380e-03 
 1.531454e+01 -8.030536e-03 
 1.531494e+01 -9.042246e-03 
 1.531534e+01 -1.003030e-02 
 1.531574e+01 -1.100076e-02 
 1.531613e+01 -1.196305e-02 
 1.531653e+01 -1.291507e-02 
 1.531693e+01 -1.385071e-02 
 1.531733e+01 -1.475149e-02 
 1.531772e+01 -1.564078e-02 
 1.531812e+01 -1.651164e-02 
 1.531852e+01 -1.737095e-02 
 1.531892e+01 -1.821046e-02 
 1.531932e+01 -1.902010e-02 
 1.531971e+01 -1.981296e-02 
 1.532011e+01 -2.057058e-02 
 1.532051e+01 -2.130574e-02 
 1.532091e+01 -2.202748e-02 
 1.532130e+01 -2.271705e-02 
 1.532170e+01 -2.338318e-02 
 1.532210e+01 -2.400820e-02 
 1.532250e+01 -2.460640e-02 
 1.532289e+01 -2.517579e-02 
 1.532329e+01 -2.572470e-02 
 1.532369e+01 -2.625154e-02 
 1.532409e+01 -2.674291e-02 
 1.532449e+01 -2.719344e-02 
 1.532488e+01 -2.761069e-02 
 1.532528e+01 -2.800995e-02 
 1.532568e+01 -2.836464e-02 
 1.532608e+01 -2.869422e-02 
 1.532647e+01 -2.899416e-02 
 1.532687e+01 -2.925118e-02 
 1.532727e+01 -2.947262e-02 
 1.532767e+01 -2.967951e-02 
 1.532806e+01 -2.985580e-02 
 1.532846e+01 -2.998705e-02 
 1.532886e+01 -3.010013e-02 
 1.532926e+01 -3.016729e-02 
 1.532966e+01 -3.018302e-02 
 1.533005e+01 -3.017555e-02 
 1.533045e+01 -3.013560e-02 
 1.533085e+01 -3.005819e-02 
 1.533125e+01 -2.994935e-02 
 1.533164e+01 -2.980616e-02 
 1.533204e+01 -2.962787e-02 
 1.533244e+01 -2.941282e-02 
 1.533284e+01 -2.917559e-02 
 1.533323e+01 -2.891054e-02 
 1.533363e+01 -2.859973e-02 
 1.533403e+01 -2.825328e-02 
 1.533443e+01 -2.787162e-02 
 1.533483e+01 -2.745066e-02 
 1.533522e+01 -2.701519e-02 
 1.533562e+01 -2.655064e-02 
 1.533602e+01 -2.606111e-02 
 1.533642e+01 -2.553259e-02 
 1.533681e+01 -2.497185e-02 
 1.533721e+01 -2.439753e-02 
 1.533761e+01 -2.379477e-02 
 1.533801e+01 -2.316923e-02 
 1.533840e+01 -2.250831e-02 
 1.533880e+01 -2.181633e-02 
 1.533920e+01 -2.109725e-02 
 1.533960e+01 -2.035820e-02 
 1.534000e+01 -1.960064e-02 
 1.534039e+01 -1.883439e-02 
 1.534079e+01 -1.804912e-02 
 1.534119e+01 -1.722842e-02 
 1.534159e+01 -1.638969e-02 
 1.534198e+01 -1.553344e-02 
 1.534238e+01 -1.465873e-02 
 1.534278e+01 -1.377210e-02 
 1.534318e+01 -1.286242e-02 
 1.534357e+01 -1.192196e-02 
 1.534397e+01 -1.096822e-02 
 1.534437e+01 -1.000035e-02 
 1.534477e+01 -9.007561e-03 
 1.534517e+01 -8.014127e-03 
 1.534556e+01 -7.003650e-03 
 1.534596e+01 -5.962125e-03 
 1.534636e+01 -4.911712e-03 
 1.534676e+01 -3.852859e-03 
 1.534715e+01 -2.782648e-03 
 1.534755e+01 -1.708088e-03 
 1.534795e+01 -6.187560e-04 
 1.534835e+01  4.886237e-04 
 1.534874e+01  1.613668e-03 
 1.534914e+01  2.744456e-03 
 1.534954e+01  3.877931e-03 
 1.534994e+01  5.030017e-03 
 1.535034e+01  6.188223e-03 
 1.535073e+01  7.372309e-03 
 1.535113e+01  8.561740e-03 
 1.535153e+01  9.763373e-03 
 1.535193e+01  1.096354e-02 
 1.535232e+01  1.217775e-02 
 1.535272e+01  1.339077e-02 
 1.535312e+01  1.460946e-02 
 1.535352e+01  1.584354e-02 
 1.535391e+01  1.707040e-02 
 1.535431e+01  1.830486e-02 
 1.535471e+01  1.953701e-02 
 1.535511e+01  2.077840e-02 
 1.535551e+01  2.202246e-02 
 1.535590e+01  2.326641e-02 
 1.535630e+01  2.451099e-02 
 1.535670e+01  2.575642e-02 
 1.535710e+01  2.698674e-02 
 1.535749e+01  2.821991e-02 
 1.535789e+01  2.944699e-02 
 1.535829e+01  3.067604e-02 
 1.535869e+01  3.188921e-02 
 1.535908e+01  3.310906e-02 
 1.535948e+01  3.429941e-02 
 1.535988e+01  3.549090e-02 
 1.536028e+01  3.667619e-02 
 1.536068e+01  3.785209e-02 
 1.536107e+01  3.901980e-02 
 1.536147e+01  4.017011e-02 
 1.536187e+01  4.129980e-02 
 1.536227e+01  4.241870e-02 
 1.536266e+01  4.352201e-02 
 1.536306e+01  4.460406e-02 
 1.536346e+01  4.568066e-02 
 1.536386e+01  4.673625e-02 
 1.536425e+01  4.777181e-02 
 1.536465e+01  4.878585e-02 
 1.536505e+01  4.979355e-02 
 1.536545e+01  5.078382e-02 
 1.536585e+01  5.175474e-02 
 1.536624e+01  5.269141e-02 
 1.536664e+01  5.360014e-02 
 1.536704e+01  5.447186e-02 
 1.536744e+01  5.532890e-02 
 1.536783e+01  5.615136e-02 
 1.536823e+01  5.694136e-02 
 1.536863e+01  5.770779e-02 
 1.536903e+01  5.844099e-02 
 1.536942e+01  5.914588e-02 
 1.536982e+01  5.983038e-02 
 1.537022e+01  6.048665e-02 
 1.537062e+01  6.111746e-02 
 1.537102e+01  6.171420e-02 
 1.537141e+01  6.227530e-02 
 1.537181e+01  6.281195e-02 
 1.537221e+01  6.330717e-02 
 1.537261e+01  6.377869e-02 
 1.537300e+01  6.421446e-02 
 1.537340e+01  6.462181e-02 
 1.537380e+01  6.500084e-02 
 1.537420e+01  6.535625e-02 
 1.537459e+01  6.569247e-02 
 1.537499e+01  6.599492e-02 
 1.537539e+01  6.626928e-02 
 1.537579e+01  6.650974e-02 
 1.537619e+01  6.671117e-02 
 1.537658e+01  6.688746e-02 
 1.537698e+01  6.702758e-02 
 1.537738e+01  6.713691e-02 
 1.537778e+01  6.723598e-02 
 1.537817e+01  6.729091e-02 
 1.537857e+01  6.732013e-02 
 1.537897e+01  6.733444e-02 
 1.537937e+01  6.732570e-02 
 1.537976e+01  6.728428e-02 
 1.538016e+01  6.722000e-02 
 1.538056e+01  6.712899e-02 
 1.538096e+01  6.700694e-02 
 1.538136e+01  6.684145e-02 
 1.538175e+01  6.666401e-02 
 1.538215e+01  6.643945e-02 
 1.538255e+01  6.619100e-02 
 1.538295e+01  6.591126e-02 
 1.538334e+01  6.560571e-02 
 1.538374e+01  6.527677e-02 
 1.538414e+01  6.492983e-02 
 1.538454e+01  6.456500e-02 
 1.538493e+01  6.415873e-02 
 1.538533e+01  6.371596e-02 
 1.538573e+01  6.323971e-02 
 1.538613e+01  6.273512e-02 
 1.538653e+01  6.220076e-02 
 1.538692e+01  6.163883e-02 
 1.538732e+01  6.103139e-02 
 1.538772e+01  6.038960e-02 
 1.538812e+01  5.973196e-02 
 1.538851e+01  5.904365e-02 
 1.538891e+01  5.833222e-02 
 1.538931e+01  5.760291e-02 
 1.538971e+01  5.684930e-02 
 1.539010e+01  5.607527e-02 
 1.539050e+01  5.526924e-02 
 1.539090e+01  5.444376e-02 
 1.539130e+01  5.359847e-02 
 1.539170e+01  5.271254e-02 
 1.539209e+01  5.179540e-02 
 1.539249e+01  5.085714e-02 
 1.539289e+01  4.990363e-02 
 1.539329e+01  4.892767e-02 
 1.539368e+01  4.794364e-02 
 1.539408e+01  4.695853e-02 
 1.539448e+01  4.593485e-02 
 1.539488e+01  4.489613e-02 
 1.539527e+01  4.384044e-02 
 1.539567e+01  4.276708e-02 
 1.539607e+01  4.167552e-02 
 1.539647e+01  4.056995e-02 
 1.539687e+01  3.943377e-02 
 1.539726e+01  3.827053e-02 
 1.539766e+01  3.709571e-02 
 1.539806e+01  3.592571e-02 
 1.539846e+01  3.474176e-02 
 1.539885e+01  3.356298e-02 
 1.539925e+01  3.238078e-02 
 1.539965e+01  3.117514e-02 
 1.540005e+01  2.997181e-02 
 1.540045e+01  2.875553e-02 
 1.540084e+01  2.752161e-02 
 1.540124e+01  2.626981e-02 
 1.540164e+01  2.501612e-02 
 1.540204e+01  2.374312e-02 
 1.540243e+01  2.246520e-02 
 1.540283e+01  2.120277e-02 
 1.540323e+01  1.995364e-02 
 1.540363e+01  1.869636e-02 
 1.540402e+01  1.744762e-02 
 1.540442e+01  1.619561e-02 
 1.540482e+01  1.493039e-02 
 1.540522e+01  1.368277e-02 
 1.540562e+01  1.243465e-02 
 1.540601e+01  1.119491e-02 
 1.540641e+01  9.947233e-03 
 1.540681e+01  8.717416e-03 
 1.540721e+01  7.484658e-03 
 1.540760e+01  6.269662e-03 
 1.540800e+01  5.077556e-03 
 1.540840e+01  3.909573e-03 
 1.540880e+01  2.746547e-03 
 1.540919e+01  1.605983e-03 
 1.540959e+01  4.656575e-04 
 1.540999e+01 -6.582074e-04 
 1.541039e+01 -1.770212e-03 
 1.541079e+01 -2.862103e-03 
 1.541118e+01 -3.949845e-03 
 1.541158e+01 -5.017522e-03 
 1.541198e+01 -6.064018e-03 
 1.541238e+01 -7.099865e-03 
 1.541277e+01 -8.095847e-03 
 1.541317e+01 -9.078144e-03 
 1.541357e+01 -1.002910e-02 
 1.541397e+01 -1.097546e-02 
 1.541436e+01 -1.191751e-02 
 1.541476e+01 -1.282311e-02 
 1.541516e+01 -1.372660e-02 
 1.541556e+01 -1.460593e-02 
 1.541596e+01 -1.547092e-02 
 1.541635e+01 -1.632778e-02 
 1.541675e+01 -1.716589e-02 
 1.541715e+01 -1.797771e-02 
 1.541755e+01 -1.875580e-02 
 1.541794e+01 -1.950549e-02 
 1.541834e+01 -2.023223e-02 
 1.541874e+01 -2.091808e-02 
 1.541914e+01 -2.160048e-02 
 1.541953e+01 -2.225620e-02 
 1.541993e+01 -2.289597e-02 
 1.542033e+01 -2.350640e-02 
 1.542073e+01 -2.411087e-02 
 1.542113e+01 -2.469074e-02 
 1.542152e+01 -2.525558e-02 
 1.542192e+01 -2.577801e-02 
 1.542232e+01 -2.626492e-02 
 1.542272e+01 -2.672254e-02 
 1.542311e+01 -2.714888e-02 
 1.542351e+01 -2.754532e-02 
 1.542391e+01 -2.793196e-02 
 1.542431e+01 -2.827761e-02 
 1.542470e+01 -2.859755e-02 
 1.542510e+01 -2.888776e-02 
 1.542550e+01 -2.914646e-02 
 1.542590e+01 -2.937676e-02 
 1.542630e+01 -2.957501e-02 
 1.542669e+01 -2.973983e-02 
 1.542709e+01 -2.985640e-02 
 1.542749e+01 -2.993549e-02 
 1.542789e+01 -2.998524e-02 
 1.542828e+01 -2.999506e-02 
 1.542868e+01 -2.998860e-02 
 1.542908e+01 -2.993807e-02 
 1.542948e+01 -2.986815e-02 
 1.542987e+01 -2.975900e-02 
 1.543027e+01 -2.962684e-02 
 1.543067e+01 -2.946031e-02 
 1.543107e+01 -2.926965e-02 
 1.543147e+01 -2.903555e-02 
 1.543186e+01 -2.875836e-02 
 1.543226e+01 -2.844580e-02 
 1.543266e+01 -2.810594e-02 
 1.543306e+01 -2.773221e-02 
 1.543345e+01 -2.734568e-02 
 1.543385e+01 -2.691261e-02 
 1.543425e+01 -2.644612e-02 
 1.543465e+01 -2.594683e-02 
 1.543504e+01 -2.542538e-02 
 1.543544e+01 -2.487845e-02 
 1.543584e+01 -2.430027e-02 
 1.543624e+01 -2.370300e-02 
 1.543664e+01 -2.307290e-02 
 1.543703e+01 -2.241084e-02 
 1.543743e+01 -2.171380e-02 
 1.543783e+01 -2.099406e-02 
 1.543823e+01 -2.024129e-02 
 1.543862e+01 -1.946609e-02 
 1.543902e+01 -1.865482e-02 
 1.543942e+01 -1.782136e-02 
 1.543982e+01 -1.694797e-02 
 1.544021e+01 -1.609344e-02 
 1.544061e+01 -1.519800e-02 
 1.544101e+01 -1.427603e-02 
 1.544141e+01 -1.333859e-02 
 1.544181e+01 -1.237255e-02 
 1.544220e+01 -1.137658e-02 
 1.544260e+01 -1.037636e-02 
 1.544300e+01 -9.371345e-03 
 1.544340e+01 -8.338552e-03 
 1.544379e+01 -7.280404e-03 
 1.544419e+01 -6.212520e-03 
 1.544459e+01 -5.120326e-03 
 1.544499e+01 -4.033699e-03 
 1.544538e+01 -2.937250e-03 
 1.544578e+01 -1.826190e-03 
 1.544618e+01 -7.003441e-04 
 1.544658e+01  4.447203e-04 
 1.544698e+01  1.603917e-03 
 1.544737e+01  2.765667e-03 
 1.544777e+01  3.928691e-03 
 1.544817e+01  5.105844e-03 
 1.544857e+01  6.291750e-03 
 1.544896e+01  7.478409e-03 
 1.544936e+01  8.669459e-03 
 1.544976e+01  9.862905e-03 
 1.545016e+01  1.105454e-02 
 1.545055e+01  1.224715e-02 
 1.545095e+01  1.345511e-02 
 1.545135e+01  1.466609e-02 
 1.545175e+01  1.587302e-02 
 1.545215e+01  1.708065e-02 
 1.545254e+01  1.827888e-02 
 1.545294e+01  1.947895e-02 
 1.545334e+01  2.069592e-02 
 1.545374e+01  2.190439e-02 
 1.545413e+01  2.312267e-02 
 1.545453e+01  2.433411e-02 
 1.545493e+01  2.553890e-02 
 1.545533e+01  2.672642e-02 
 1.545572e+01  2.790799e-02 
 1.545612e+01  2.909298e-02 
 1.545652e+01  3.026713e-02 
 1.545692e+01  3.144431e-02 
 1.545732e+01  3.261617e-02 
 1.545771e+01  3.378512e-02 
 1.545811e+01  3.495817e-02 
 1.545851e+01  3.612569e-02 
 1.545891e+01  3.728275e-02 
 1.545930e+01  3.843539e-02 
 1.545970e+01  3.956733e-02 
 1.546010e+01  4.068147e-02 
 1.546050e+01  4.178890e-02 
 1.546089e+01  4.287597e-02 
 1.546129e+01  4.395309e-02 
 1.546169e+01  4.500969e-02 
 1.546209e+01  4.606332e-02 
 1.546249e+01  4.709231e-02 
 1.546288e+01  4.812321e-02 
 1.546328e+01  4.914368e-02 
 1.546368e+01  5.013657e-02 
 1.546408e+01  5.111283e-02 
 1.546447e+01  5.205684e-02 
 1.546487e+01  5.296914e-02 
 1.546527e+01  5.385624e-02 
 1.546567e+01  5.473098e-02 
 1.546606e+01  5.557924e-02 
 1.546646e+01  5.640062e-02 
 1.546686e+01  5.721263e-02 
 1.546726e+01  5.800596e-02 
 1.546766e+01  5.876955e-02 
 1.546805e+01  5.951379e-02 
 1.546845e+01  6.023186e-02 
 1.546885e+01  6.091596e-02 
 1.546925e+01  6.155350e-02 
 1.546964e+01  6.217746e-02 
 1.547004e+01  6.275928e-02 
 1.547044e+01  6.330900e-02 
 1.547084e+01  6.382508e-02 
 1.547123e+01  6.430515e-02 
 1.547163e+01  6.475486e-02 
 1.547203e+01  6.517498e-02 
 1.547243e+01  6.557104e-02 
 1.547283e+01  6.593895e-02 
 1.547322e+01  6.627128e-02 
 1.547362e+01  6.658051e-02 
 1.547402e+01  6.683416e-02 
 1.547442e+01  6.705344e-02 
 1.547481e+01  6.724001e-02 
 1.547521e+01  6.738856e-02 
 1.547561e+01  6.750027e-02 
 1.547601e+01  6.758676e-02 
 1.547640e+01  6.764142e-02 
 1.547680e+01  6.766096e-02 
 1.547720e+01  6.765338e-02 
 1.547760e+01  6.762825e-02 
 1.547800e+01  6.757205e-02 
 1.547839e+01  6.747030e-02 
 1.547879e+01  6.735525e-02 
 1.547919e+01  6.719519e-02 
 1.547959e+01  6.700732e-02 
 1.547998e+01  6.678907e-02 
 1.548038e+01  6.654221e-02 
 1.548078e+01  6.625834e-02 
 1.548118e+01  6.594996e-02 
 1.548157e+01  6.562015e-02 
 1.548197e+01  6.526646e-02 
 1.548237e+01  6.489383e-02 
 1.548277e+01  6.449998e-02 
 1.548317e+01  6.407090e-02 
 1.548356e+01  6.358968e-02 
 1.548396e+01  6.310875e-02 
 1.548436e+01  6.258193e-02 
 1.548476e+01  6.202680e-02 
 1.548515e+01  6.145389e-02 
 1.548555e+01  6.086408e-02 
 1.548595e+01  6.024381e-02 
 1.548635e+01  5.961208e-02 
 1.548674e+01  5.896633e-02 
 1.548714e+01  5.828995e-02 
 1.548754e+01  5.759774e-02 
 1.548794e+01  5.687247e-02 
 1.548834e+01  5.611240e-02 
 1.548873e+01  5.532771e-02 
 1.548913e+01  5.452523e-02 
 1.548953e+01  5.369159e-02 
 1.548993e+01  5.282629e-02 
 1.549032e+01  5.194242e-02 
 1.549072e+01  5.102801e-02 
 1.549112e+01  5.010513e-02 
 1.549152e+01  4.916616e-02 
 1.549192e+01  4.821013e-02 
 1.549231e+01  4.723175e-02 
 1.549271e+01  4.621359e-02 
 1.549311e+01  4.518229e-02 
 1.549351e+01  4.412802e-02 
 1.549390e+01  4.305906e-02 
 1.549430e+01  4.197889e-02 
 1.549470e+01  4.087399e-02 
 1.549510e+01  3.975622e-02 
 1.549549e+01  3.861724e-02 
 1.549589e+01  3.748302e-02 
 1.549629e+01  3.634574e-02 
 1.549669e+01  3.517619e-02 
 1.549709e+01  3.400611e-02 
 1.549748e+01  3.281444e-02 
 1.549788e+01  3.160225e-02 
 1.549828e+01  3.039001e-02 
 1.549868e+01  2.916926e-02 
 1.549907e+01  2.793501e-02 
 1.549947e+01  2.669208e-02 
 1.549987e+01  2.545213e-02 
 1.550027e+01  2.420067e-02 
 1.550066e+01  2.294480e-02 
 1.550106e+01  2.171553e-02 
 1.550146e+01  2.048938e-02 
 1.550186e+01  1.924047e-02 
 1.550226e+01  1.800307e-02 
 1.550265e+01  1.676327e-02 
 1.550305e+01  1.551382e-02 
 1.550345e+01  1.427341e-02 
 1.550385e+01  1.303225e-02 
 1.550424e+01  1.180118e-02 
 1.550464e+01  1.054256e-02 
 1.550504e+01  9.328297e-03 
 1.550544e+01  8.108377e-03 
 1.550583e+01  6.900777e-03 
 1.550623e+01  5.710068e-03 
 1.550663e+01  4.545930e-03 
 1.550703e+01  3.355483e-03 
 1.550743e+01  2.180773e-03 
 1.550782e+01  1.020372e-03 
 1.550822e+01 -1.289088e-04 
 1.550862e+01 -1.281243e-03 
 1.550902e+01 -2.406296e-03 
 1.550941e+01 -3.532478e-03 
 1.550981e+01 -4.648568e-03 
 1.551021e+01 -5.741418e-03 
 1.551061e+01 -6.808257e-03 
 1.551100e+01 -7.861661e-03 
 1.551140e+01 -8.888977e-03 
 1.551180e+01 -9.903121e-03 
 1.551220e+01 -1.090983e-02 
 1.551260e+01 -1.189733e-02 
 1.551299e+01 -1.285476e-02 
 1.551339e+01 -1.378930e-02 
 1.551379e+01 -1.471171e-02 
 1.551419e+01 -1.560736e-02 
 1.551458e+01 -1.647511e-02 
 1.551498e+01 -1.730641e-02 
 1.551538e+01 -1.811390e-02 
 1.551578e+01 -1.888158e-02 
 1.551617e+01 -1.963400e-02 
 1.551657e+01 -2.036317e-02 
 1.551697e+01 -2.107568e-02 
 1.551737e+01 -2.176119e-02 
 1.551777e+01 -2.242436e-02 
 1.551816e+01 -2.305355e-02 
 1.551856e+01 -2.365116e-02 
 1.551896e+01 -2.422872e-02 
 1.551936e+01 -2.478921e-02 
 1.551975e+01 -2.529492e-02 
 1.552015e+01 -2.577686e-02 
 1.552055e+01 -2.621794e-02 
 1.552095e+01 -2.663732e-02 
 1.552134e+01 -2.702950e-02 
 1.552174e+01 -2.740068e-02 
 1.552214e+01 -2.774465e-02 
 1.552254e+01 -2.806366e-02 
 1.552294e+01 -2.835423e-02 
 1.552333e+01 -2.861620e-02 
 1.552373e+01 -2.885457e-02 
 1.552413e+01 -2.906466e-02 
 1.552453e+01 -2.924326e-02 
 1.552492e+01 -2.938368e-02 
 1.552532e+01 -2.949280e-02 
 1.552572e+01 -2.957552e-02 
 1.552612e+01 -2.963934e-02 
 1.552651e+01 -2.967049e-02 
 1.552691e+01 -2.968948e-02 
 1.552731e+01 -2.966940e-02 
 1.552771e+01 -2.961131e-02 
 1.552811e+01 -2.953937e-02 
 1.552850e+01 -2.943835e-02 
 1.552890e+01 -2.930950e-02 
 1.552930e+01 -2.914111e-02 
 1.552970e+01 -2.894440e-02 
 1.553009e+01 -2.869410e-02 
 1.553049e+01 -2.841352e-02 
 1.553089e+01 -2.810968e-02 
 1.553129e+01 -2.777955e-02 
 1.553168e+01 -2.742000e-02 
 1.553208e+01 -2.702314e-02 
 1.553248e+01 -2.659764e-02 
 1.553288e+01 -2.614282e-02 
 1.553328e+01 -2.565802e-02 
 1.553367e+01 -2.514293e-02 
 1.553407e+01 -2.457529e-02 
 1.553447e+01 -2.398414e-02 
 1.553487e+01 -2.335734e-02 
 1.553526e+01 -2.268084e-02 
 1.553566e+01 -2.198846e-02 
 1.553606e+01 -2.127854e-02 
 1.553646e+01 -2.054850e-02 
 1.553685e+01 -1.978390e-02 
 1.553725e+01 -1.899051e-02 
 1.553765e+01 -1.818837e-02 
 1.553805e+01 -1.734633e-02 
 1.553845e+01 -1.649999e-02 
 1.553884e+01 -1.561375e-02 
 1.553924e+01 -1.470234e-02 
 1.553964e+01 -1.375694e-02 
 1.554004e+01 -1.280198e-02 
 1.554043e+01 -1.181861e-02 
 1.554083e+01 -1.083581e-02 
 1.554123e+01 -9.837540e-03 
 1.554163e+01 -8.816388e-03 
 1.554202e+01 -7.770552e-03 
 1.554242e+01 -6.719786e-03 
 1.554282e+01 -5.644531e-03 
 1.554322e+01 -4.559263e-03 
 1.554362e+01 -3.463974e-03 
 1.554401e+01 -2.352134e-03 
 1.554441e+01 -1.217079e-03 
 1.554481e+01 -7.665082e-05 
 1.554521e+01  1.065467e-03 
 1.554560e+01  2.229774e-03 
 1.554600e+01  3.395960e-03 
 1.554640e+01  4.568609e-03 
 1.554680e+01  5.760313e-03 
 1.554719e+01  6.967682e-03 
 1.554759e+01  8.171232e-03 
 1.554799e+01  9.384266e-03 
 1.554839e+01  1.060424e-02 
 1.554879e+01  1.183207e-02 
 1.554918e+01  1.306143e-02 
 1.554958e+01  1.430646e-02 
 1.554998e+01  1.553703e-02 
 1.555038e+01  1.677031e-02 
 1.555077e+01  1.801147e-02 
 1.555117e+01  1.925506e-02 
 1.555157e+01  2.049613e-02 
 1.555197e+01  2.173564e-02 
 1.555236e+01  2.298016e-02 
 1.555276e+01  2.420357e-02 
 1.555316e+01  2.542865e-02 
 1.555356e+01  2.664852e-02 
 1.555396e+01  2.787200e-02 
 1.555435e+01  2.909073e-02 
 1.555475e+01  3.030175e-02 
 1.555515e+01  3.150470e-02 
 1.555555e+01  3.269025e-02 
 1.555594e+01  3.387107e-02 
 1.555634e+01  3.505076e-02 
 1.555674e+01  3.619777e-02 
 1.555714e+01  3.732825e-02 
 1.555753e+01  3.845309e-02 
 1.555793e+01  3.954896e-02 
 1.555833e+01  4.064377e-02 
 1.555873e+01  4.171620e-02 
 1.555913e+01  4.278538e-02 
 1.555952e+01  4.382358e-02 
 1.555992e+01  4.485175e-02 
 1.556032e+01  4.586111e-02 
 1.556072e+01  4.686032e-02 
 1.556111e+01  4.784629e-02 
 1.556151e+01  4.881102e-02 
 1.556191e+01  4.974853e-02 
 1.556231e+01  5.066899e-02 
 1.556270e+01  5.157710e-02 
 1.556310e+01  5.247050e-02 
 1.556350e+01  5.334291e-02 
 1.556390e+01  5.421123e-02 
 1.556430e+01  5.504935e-02 
 1.556469e+01  5.586861e-02 
 1.556509e+01  5.666161e-02 
 1.556549e+01  5.744511e-02 
 1.556589e+01  5.819207e-02 
 1.556628e+01  5.892945e-02 
 1.556668e+01  5.962984e-02 
 1.556708e+01  6.031306e-02 
 1.556748e+01  6.095331e-02 
 1.556787e+01  6.159075e-02 
 1.556827e+01  6.219829e-02 
 1.556867e+01  6.277519e-02 
 1.556907e+01  6.332229e-02 
 1.556947e+01  6.386299e-02 
 1.556986e+01  6.436661e-02 
 1.557026e+01  6.483744e-02 
 1.557066e+01  6.529236e-02 
 1.557106e+01  6.570477e-02 
 1.557145e+01  6.608047e-02 
 1.557185e+01  6.641881e-02 
 1.557225e+01  6.671360e-02 
 1.557265e+01  6.697664e-02 
 1.557304e+01  6.720423e-02 
 1.557344e+01  6.742304e-02 
 1.557384e+01  6.759251e-02 
 1.557424e+01  6.773195e-02 
 1.557464e+01  6.786037e-02 
 1.557503e+01  6.794393e-02 
 1.557543e+01  6.798286e-02 
 1.557583e+01  6.800162e-02 
 1.557623e+01  6.797700e-02 
 1.557662e+01  6.789128e-02 
 1.557702e+01  6.777546e-02 
 1.557742e+01  6.763175e-02 
 1.557782e+01  6.744700e-02 
 1.557821e+01  6.721763e-02 
 1.557861e+01  6.698734e-02 
 1.557901e+01  6.671341e-02 
 1.557941e+01  6.641306e-02 
 1.557981e+01  6.609365e-02 
 1.558020e+01  6.574025e-02 
 1.558060e+01  6.534130e-02 
 1.558100e+01  6.491533e-02 
 1.558140e+01  6.445556e-02 
 1.558179e+01  6.396127e-02 
 1.558219e+01  6.343990e-02 
 1.558259e+01  6.290060e-02 
 1.558299e+01  6.233802e-02 
 1.558339e+01  6.175068e-02 
 1.558378e+01  6.114724e-02 
 1.558418e+01  6.051744e-02 
 1.558458e+01  5.985536e-02 
 1.558498e+01  5.917876e-02 
 1.558537e+01  5.846651e-02 
 1.558577e+01  5.773027e-02 
 1.558617e+01  5.695214e-02 
 1.558657e+01  5.616025e-02 
 1.558696e+01  5.534492e-02 
 1.558736e+01  5.449868e-02 
 1.558776e+01  5.364028e-02 
 1.558816e+01  5.276795e-02 
 1.558856e+01  5.187747e-02 
 1.558895e+01  5.097120e-02 
 1.558935e+01  5.005564e-02 
 1.558975e+01  4.912220e-02 
 1.559015e+01  4.817344e-02 
 1.559054e+01  4.719542e-02 
 1.559094e+01  4.618930e-02 
 1.559134e+01  4.516366e-02 
 1.559174e+01  4.412142e-02 
 1.559213e+01  4.306389e-02 
 1.559253e+01  4.199681e-02 
 1.559293e+01  4.092473e-02 
 1.559333e+01  3.983284e-02 
 1.559373e+01  3.873674e-02 
 1.559412e+01  3.763659e-02 
 1.559452e+01  3.652660e-02 
 1.559492e+01  3.539885e-02 
 1.559532e+01  3.425254e-02 
 1.559571e+01  3.308762e-02 
 1.559611e+01  3.190227e-02 
 1.559651e+01  3.071353e-02 
 1.559691e+01  2.951057e-02 
 1.559730e+01  2.830960e-02 
 1.559770e+01  2.709531e-02 
 1.559810e+01  2.588705e-02 
 1.559850e+01  2.468226e-02 
 1.559890e+01  2.347195e-02 
 1.559929e+01  2.227449e-02 
 1.559969e+01  2.105756e-02 
 1.560009e+01  1.982546e-02 
 1.560049e+01  1.857497e-02 
 1.560088e+01  1.732228e-02 
 1.560128e+01  1.606655e-02 
 1.560168e+01  1.481624e-02 
 1.560208e+01  1.357448e-02 
 1.560247e+01  1.233829e-02 
 1.560287e+01  1.109395e-02 
 1.560327e+01  9.874855e-03 
 1.560367e+01  8.664152e-03 
 1.560407e+01  7.460105e-03 
 1.560446e+01  6.245460e-03 
 1.560486e+01  5.029595e-03 
 1.560526e+01  3.811831e-03 
 1.560566e+01  2.600569e-03 
 1.560605e+01  1.403010e-03 
 1.560645e+01  2.258147e-04 
 1.560685e+01 -9.496994e-04 
 1.560725e+01 -2.113260e-03 
 1.560764e+01 -3.238918e-03 
 1.560804e+01 -4.353025e-03 
 1.560844e+01 -5.436575e-03 
 1.560884e+01 -6.497007e-03 
 1.560924e+01 -7.548575e-03 
 1.560963e+01 -8.600529e-03 
 1.561003e+01 -9.636915e-03 
 1.561043e+01 -1.064962e-02 
 1.561083e+01 -1.165571e-02 
 1.561122e+01 -1.262555e-02 
 1.561162e+01 -1.356859e-02 
 1.561202e+01 -1.450558e-02 
 1.561242e+01 -1.541674e-02 
 1.561281e+01 -1.628488e-02 
 1.561321e+01 -1.713742e-02 
 1.561361e+01 -1.796143e-02 
 1.561401e+01 -1.875983e-02 
 1.561441e+01 -1.954214e-02 
 1.561480e+01 -2.030457e-02 
 1.561520e+01 -2.103419e-02 
 1.561560e+01 -2.173520e-02 
 1.561600e+01 -2.242043e-02 
 1.561639e+01 -2.306186e-02 
 1.561679e+01 -2.368410e-02 
 1.561719e+01 -2.428619e-02 
 1.561759e+01 -2.484465e-02 
 1.561798e+01 -2.535924e-02 
 1.561838e+01 -2.585289e-02 
 1.561878e+01 -2.631588e-02 
 1.561918e+01 -2.674391e-02 
 1.561958e+01 -2.714710e-02 
 1.561997e+01 -2.755530e-02 
 1.562037e+01 -2.790472e-02 
 1.562077e+01 -2.822322e-02 
 1.562117e+01 -2.851858e-02 
 1.562156e+01 -2.878596e-02 
 1.562196e+01 -2.900798e-02 
 1.562236e+01 -2.921852e-02 
 1.562276e+01 -2.937544e-02 
 1.562315e+01 -2.949863e-02 
 1.562355e+01 -2.959228e-02 
 1.562395e+01 -2.966520e-02 
 1.562435e+01 -2.970361e-02 
 1.562475e+01 -2.971700e-02 
 1.562514e+01 -2.970889e-02 
 1.562554e+01 -2.965647e-02 
 1.562594e+01 -2.957783e-02 
 1.562634e+01 -2.948109e-02 
 1.562673e+01 -2.935078e-02 
 1.562713e+01 -2.918672e-02 
 1.562753e+01 -2.898986e-02 
 1.562793e+01 -2.875507e-02 
 1.562832e+01 -2.847922e-02 
 1.562872e+01 -2.818261e-02 
 1.562912e+01 -2.787477e-02 
 1.562952e+01 -2.754282e-02 
 1.562992e+01 -2.717638e-02 
 1.563031e+01 -2.677598e-02 
 1.563071e+01 -2.635242e-02 
 1.563111e+01 -2.589334e-02 
 1.563151e+01 -2.540995e-02 
 1.563190e+01 -2.490838e-02 
 1.563230e+01 -2.437433e-02 
 1.563270e+01 -2.380989e-02 
 1.563310e+01 -2.321728e-02 
 1.563349e+01 -2.260168e-02 
 1.563389e+01 -2.196591e-02 
 1.563429e+01 -2.131134e-02 
 1.563469e+01 -2.062653e-02 
 1.563509e+01 -1.991306e-02 
 1.563548e+01 -1.916925e-02 
 1.563588e+01 -1.840371e-02 
 1.563628e+01 -1.761130e-02 
 1.563668e+01 -1.679840e-02 
 1.563707e+01 -1.594749e-02 
 1.563747e+01 -1.506237e-02 
 1.563787e+01 -1.415063e-02 
 1.563827e+01 -1.321879e-02 
 1.563866e+01 -1.227384e-02 
 1.563906e+01 -1.132227e-02 
 1.563946e+01 -1.034321e-02 
 1.563986e+01 -9.335550e-03 
 1.564026e+01 -8.307729e-03 
 1.564065e+01 -7.259941e-03 
 1.564105e+01 -6.204144e-03 
 1.564145e+01 -5.114192e-03 
 1.564185e+01 -4.012366e-03 
 1.564224e+01 -2.892306e-03 
 1.564264e+01 -1.746705e-03 
 1.564304e+01 -5.901083e-04 
 1.564344e+01  5.803476e-04 
 1.564383e+01  1.761681e-03 
 1.564423e+01  2.958078e-03 
 1.564463e+01  4.158739e-03 
 1.564503e+01  5.360946e-03 
 1.564543e+01  6.573752e-03 
 1.564582e+01  7.793662e-03 
 1.564622e+01  9.011687e-03 
 1.564662e+01  1.025170e-02 
 1.564702e+01  1.149515e-02 
 1.564741e+01  1.275454e-02 
 1.564781e+01  1.400619e-02 
 1.564821e+01  1.525435e-02 
 1.564861e+01  1.649897e-02 
 1.564900e+01  1.774464e-02 
 1.564940e+01  1.900461e-02 
 1.564980e+01  2.025019e-02 
 1.565020e+01  2.149958e-02 
 1.565060e+01  2.273951e-02 
 1.565099e+01  2.397982e-02 
 1.565139e+01  2.521133e-02 
 1.565179e+01  2.644425e-02 
 1.565219e+01  2.767419e-02 
 1.565258e+01  2.889087e-02 
 1.565298e+01  3.009080e-02 
 1.565338e+01  3.128773e-02 
 1.565378e+01  3.248069e-02 
 1.565417e+01  3.365410e-02 
 1.565457e+01  3.482137e-02 
 1.565497e+01  3.597382e-02 
 1.565537e+01  3.710441e-02 
 1.565577e+01  3.823567e-02 
 1.565616e+01  3.935446e-02 
 1.565656e+01  4.046058e-02 
 1.565696e+01  4.156759e-02 
 1.565736e+01  4.264683e-02 
 1.565775e+01  4.369720e-02 
 1.565815e+01  4.474560e-02 
 1.565855e+01  4.578546e-02 
 1.565895e+01  4.680591e-02 
 1.565934e+01  4.781151e-02 
 1.565974e+01  4.880184e-02 
 1.566014e+01  4.975305e-02 
 1.566054e+01  5.067880e-02 
 1.566094e+01  5.159418e-02 
 1.566133e+01  5.247795e-02 
 1.566173e+01  5.334200e-02 
 1.566213e+01  5.418335e-02 
 1.566253e+01  5.501614e-02 
 1.566292e+01  5.581854e-02 
 1.566332e+01  5.659950e-02 
 1.566372e+01  5.736531e-02 
 1.566412e+01  5.809372e-02 
 1.566451e+01  5.879531e-02 
 1.566491e+01  5.946038e-02 
 1.566531e+01  6.010637e-02 
 1.566571e+01  6.071036e-02 
 1.566611e+01  6.131316e-02 
 1.566650e+01  6.188929e-02 
 1.566690e+01  6.243911e-02 
 1.566730e+01  6.296079e-02 
 1.566770e+01  6.347521e-02 
 1.566809e+01  6.395073e-02 
 1.566849e+01  6.440657e-02 
 1.566889e+01  6.483395e-02 
 1.566929e+01  6.523715e-02 
 1.566968e+01  6.559488e-02 
 1.567008e+01  6.592668e-02 
 1.567048e+01  6.623478e-02 
 1.567088e+01  6.651916e-02 
 1.567128e+01  6.677943e-02 
 1.567167e+01  6.701621e-02 
 1.567207e+01  6.722322e-02 
 1.567247e+01  6.740043e-02 
 1.567287e+01  6.754109e-02 
 1.567326e+01  6.765272e-02 
 1.567366e+01  6.772956e-02 
 1.567406e+01  6.775788e-02 
 1.567446e+01  6.776980e-02 
 1.567486e+01  6.773055e-02 
 1.567525e+01  6.766841e-02 
 1.567565e+01  6.758752e-02 
 1.567605e+01  6.747508e-02 
 1.567645e+01  6.733016e-02 
 1.567684e+01  6.715204e-02 
 1.567724e+01  6.694180e-02 
 1.567764e+01  6.668427e-02 
 1.567804e+01  6.640572e-02 
 1.567843e+01  6.609522e-02 
 1.567883e+01  6.572862e-02 
 1.567923e+01  6.533587e-02 
 1.567963e+01  6.490639e-02 
 1.568003e+01  6.444071e-02 
 1.568042e+01  6.393856e-02 
 1.568082e+01  6.341643e-02 
 1.568122e+01  6.285422e-02 
 1.568162e+01  6.226383e-02 
 1.568201e+01  6.164806e-02 
 1.568241e+01  6.101010e-02 
 1.568281e+01  6.033400e-02 
 1.568321e+01  5.963702e-02 
 1.568360e+01  5.890961e-02 
 1.568400e+01  5.814206e-02 
 1.568440e+01  5.734023e-02 
 1.568480e+01  5.654521e-02 
 1.568520e+01  5.571606e-02 
 1.568559e+01  5.485633e-02 
 1.568599e+01  5.399134e-02 
 1.568639e+01  5.311027e-02 
 1.568679e+01  5.220188e-02 
 1.568718e+01  5.127983e-02 
 1.568758e+01  5.035007e-02 
 1.568798e+01  4.939627e-02 
 1.568838e+01  4.840379e-02 
 1.568877e+01  4.740969e-02 
 1.568917e+01  4.638484e-02 
 1.568957e+01  4.534651e-02 
 1.568997e+01  4.429980e-02 
 1.569037e+01  4.323598e-02 
 1.569076e+01  4.214807e-02 
 1.569116e+01  4.107033e-02 
 1.569156e+01  3.998343e-02 
 1.569196e+01  3.888623e-02 
 1.569235e+01  3.776121e-02 
 1.569275e+01  3.664263e-02 
 1.569315e+01  3.548836e-02 
 1.569355e+01  3.431422e-02 
 1.569394e+01  3.313650e-02 
 1.569434e+01  3.195692e-02 
 1.569474e+01  3.076792e-02 
 1.569514e+01  2.957519e-02 
 1.569554e+01  2.839234e-02 
 1.569593e+01  2.718375e-02 
 1.569633e+01  2.597677e-02 
 1.569673e+01  2.476714e-02 
 1.569713e+01  2.356163e-02 
 1.569752e+01  2.234429e-02 
 1.569792e+01  2.112099e-02 
 1.569832e+01  1.989159e-02 
 1.569872e+01  1.866302e-02 
 1.569911e+01  1.743159e-02 
 1.569951e+01  1.620920e-02 
 1.569991e+01  1.499306e-02 
 1.570031e+01  1.376789e-02 
 1.570071e+01  1.255868e-02 
 1.570110e+01  1.133458e-02 
 1.570150e+01  1.014072e-02 
 1.570190e+01  8.940368e-03 
 1.570230e+01  7.749756e-03 
 1.570269e+01  6.554361e-03 
 1.570309e+01  5.360483e-03 
 1.570349e+01  4.185130e-03 
 1.570389e+01  3.021017e-03 
 1.570428e+01  1.873604e-03 
 1.570468e+01  7.424607e-04 
 1.570508e+01 -3.807465e-04 
 1.570548e+01 -1.496725e-03 
 1.570588e+01 -2.601368e-03 
 1.570627e+01 -3.687595e-03 
 1.570667e+01 -4.763026e-03 
 1.570707e+01 -5.831409e-03 
 1.570747e+01 -6.888604e-03 
 1.570786e+01 -7.957819e-03 
 1.570826e+01 -8.999711e-03 
 1.570866e+01 -1.003093e-02 
 1.570906e+01 -1.103670e-02 
 1.570945e+01 -1.203385e-02 
 1.570985e+01 -1.299650e-02 
 1.571025e+01 -1.394778e-02 
 1.571065e+01 -1.487141e-02 
 1.571105e+01 -1.576240e-02 
 1.571144e+01 -1.664353e-02 
 1.571184e+01 -1.750523e-02 
 1.571224e+01 -1.835551e-02 
 1.571264e+01 -1.918767e-02 
 1.571303e+01 -2.000462e-02 
 1.571343e+01 -2.078165e-02 
 1.571383e+01 -2.151750e-02 
 1.571423e+01 -2.223031e-02 
 1.571462e+01 -2.290609e-02 
 1.571502e+01 -2.355836e-02 
 1.571542e+01 -2.418110e-02 
 1.571582e+01 -2.477610e-02 
 1.571622e+01 -2.533404e-02 
 1.571661e+01 -2.586005e-02 
 1.571701e+01 -2.638522e-02 
 1.571741e+01 -2.687470e-02 
 1.571781e+01 -2.732110e-02 
 1.571820e+01 -2.773749e-02 
 1.571860e+01 -2.811112e-02 
 1.571900e+01 -2.842704e-02 
 1.571940e+01 -2.872630e-02 
 1.571979e+01 -2.899000e-02 
 1.572019e+01 -2.922061e-02 
 1.572059e+01 -2.940982e-02 
 1.572099e+01 -2.957448e-02 
 1.572139e+01 -2.970532e-02 
 1.572178e+01 -2.981884e-02 
 1.572218e+01 -2.990218e-02 
 1.572258e+01 -2.994990e-02 
 1.572298e+01 -2.995800e-02 
 1.572337e+01 -2.992851e-02 
 1.572377e+01 -2.985380e-02 
 1.572417e+01 -2.975622e-02 
 1.572457e+01 -2.963547e-02 
 1.572496e+01 -2.947892e-02 
 1.572536e+01 -2.929661e-02 
 1.572576e+01 -2.907432e-02 
 1.572616e+01 -2.883608e-02 
 1.572656e+01 -2.856465e-02 
 1.572695e+01 -2.828029e-02 
 1.572735e+01 -2.796370e-02 
 1.572775e+01 -2.761909e-02 
 1.572815e+01 -2.723726e-02 
 1.572854e+01 -2.683418e-02 
 1.572894e+01 -2.639520e-02 
 1.572934e+01 -2.594356e-02 
 1.572974e+01 -2.545175e-02 
 1.573013e+01 -2.493619e-02 
 1.573053e+01 -2.439195e-02 
 1.573093e+01 -2.381931e-02 
 1.573133e+01 -2.321896e-02 
 1.573173e+01 -2.259831e-02 
 1.573212e+01 -2.196176e-02 
 1.573252e+01 -2.129148e-02 
 1.573292e+01 -2.058752e-02 
 1.573332e+01 -1.986065e-02 
 1.573371e+01 -1.910806e-02 
 1.573411e+01 -1.833829e-02 
 1.573451e+01 -1.754196e-02 
 1.573491e+01 -1.671712e-02 
 1.573530e+01 -1.587248e-02 
 1.573570e+01 -1.499782e-02 
 1.573610e+01 -1.410899e-02 
 1.573650e+01 -1.320628e-02 
 1.573690e+01 -1.228403e-02 
 1.573729e+01 -1.134810e-02 
 1.573769e+01 -1.037763e-02 
 1.573809e+01 -9.392772e-03 
 1.573849e+01 -8.388331e-03 
 1.573888e+01 -7.361133e-03 
 1.573928e+01 -6.320270e-03 
 1.573968e+01 -5.267643e-03 
 1.574008e+01 -4.186785e-03 
 1.574047e+01 -3.096323e-03 
 1.574087e+01 -2.002774e-03 
 1.574127e+01 -8.880544e-04 
 1.574167e+01  2.299606e-04 
 1.574207e+01  1.341328e-03 
 1.574246e+01  2.495910e-03 
 1.574286e+01  3.663414e-03 
 1.574326e+01  4.836534e-03 
 1.574366e+01  6.022860e-03 
 1.574405e+01  7.220001e-03 
 1.574445e+01  8.426503e-03 
 1.574485e+01  9.641135e-03 
 1.574525e+01  1.088068e-02 
 1.574564e+01  1.211406e-02 
 1.574604e+01  1.333414e-02 
 1.574644e+01  1.456607e-02 
 1.574684e+01  1.580525e-02 
 1.574724e+01  1.704749e-02 
 1.574763e+01  1.829797e-02 
 1.574803e+01  1.955610e-02 
 1.574843e+01  2.080294e-02 
 1.574883e+01  2.205374e-02 
 1.574922e+01  2.331163e-02 
 1.574962e+01  2.456577e-02 
 1.575002e+01  2.581874e-02 
 1.575042e+01  2.707282e-02 
 1.575081e+01  2.831392e-02 
 1.575121e+01  2.953644e-02 
 1.575161e+01  3.076446e-02 
 1.575201e+01  3.199446e-02 
 1.575241e+01  3.320371e-02 
 1.575280e+01  3.440409e-02 
 1.575320e+01  3.560844e-02 
 1.575360e+01  3.678121e-02 
 1.575400e+01  3.795665e-02 
 1.575439e+01  3.912108e-02 
 1.575479e+01  4.027255e-02 
 1.575519e+01  4.139870e-02 
 1.575559e+01  4.250422e-02 
 1.575598e+01  4.359803e-02 
 1.575638e+01  4.465788e-02 
 1.575678e+01  4.571351e-02 
 1.575718e+01  4.674507e-02 
 1.575758e+01  4.775208e-02 
 1.575797e+01  4.874035e-02 
 1.575837e+01  4.970261e-02 
 1.575877e+01  5.064499e-02 
 1.575917e+01  5.157491e-02 
 1.575956e+01  5.247233e-02 
 1.575996e+01  5.335874e-02 
 1.576036e+01  5.421156e-02 
 1.576076e+01  5.504437e-02 
 1.576115e+01  5.583576e-02 
 1.576155e+01  5.661251e-02 
 1.576195e+01  5.737224e-02 
 1.576235e+01  5.809579e-02 
 1.576275e+01  5.879251e-02 
 1.576314e+01  5.946406e-02 
 1.576354e+01  6.010973e-02 
 1.576394e+01  6.073726e-02 
 1.576434e+01  6.133945e-02 
 1.576473e+01  6.191139e-02 
 1.576513e+01  6.246017e-02 
 1.576553e+01  6.297567e-02 
 1.576593e+01  6.347250e-02 
 1.576633e+01  6.393007e-02 
 1.576672e+01  6.437050e-02 
 1.576712e+01  6.476598e-02 
 1.576752e+01  6.513353e-02 
 1.576792e+01  6.546753e-02 
 1.576831e+01  6.577154e-02 
 1.576871e+01  6.605169e-02 
 1.576911e+01  6.631072e-02 
 1.576951e+01  6.654251e-02 
 1.576990e+01  6.673859e-02 
 1.577030e+01  6.691232e-02 
 1.577070e+01  6.706134e-02 
 1.577110e+01  6.717811e-02 
 1.577150e+01  6.727317e-02 
 1.577189e+01  6.732870e-02 
 1.577229e+01  6.736061e-02 
 1.577269e+01  6.736534e-02 
 1.577309e+01  6.733838e-02 
 1.577348e+01  6.729283e-02 
 1.577388e+01  6.722017e-02 
 1.577428e+01  6.712592e-02 
 1.577468e+01  6.698094e-02 
 1.577507e+01  6.682317e-02 
 1.577547e+01  6.664476e-02 
 1.577587e+01  6.641857e-02 
 1.577627e+01  6.615818e-02 
 1.577667e+01  6.586912e-02 
 1.577706e+01  6.554011e-02 
 1.577746e+01  6.516884e-02 
 1.577786e+01  6.479445e-02 
 1.577826e+01  6.439491e-02 
 1.577865e+01  6.395529e-02 
 1.577905e+01  6.349539e-02 
 1.577945e+01  6.302571e-02 
 1.577985e+01  6.250053e-02 
 1.578024e+01  6.195054e-02 
 1.578064e+01  6.137790e-02 
 1.578104e+01  6.076543e-02 
 1.578144e+01  6.010535e-02 
 1.578184e+01  5.941604e-02 
 1.578223e+01  5.870935e-02 
 1.578263e+01  5.795321e-02 
 1.578303e+01  5.720492e-02 
 1.578343e+01  5.642215e-02 
 1.578382e+01  5.559872e-02 
 1.578422e+01  5.475559e-02 
 1.578462e+01  5.389141e-02 
 1.578502e+01  5.298747e-02 
 1.578541e+01  5.204642e-02 
 1.578581e+01  5.109069e-02 
 1.578621e+01  5.010306e-02 
 1.578661e+01  4.907616e-02 
 1.578701e+01  4.804345e-02 
 1.578740e+01  4.699918e-02 
 1.578780e+01  4.593310e-02 
 1.578820e+01  4.486405e-02 
 1.578860e+01  4.377716e-02 
 1.578899e+01  4.267685e-02 
 1.578939e+01  4.154682e-02 
 1.578979e+01  4.040779e-02 
 1.579019e+01  3.925305e-02 
 1.579058e+01  3.807719e-02 
 1.579098e+01  3.690107e-02 
 1.579138e+01  3.570657e-02 
 1.579178e+01  3.450576e-02 
 1.579218e+01  3.330046e-02 
 1.579257e+01  3.210990e-02 
 1.579297e+01  3.091683e-02 
 1.579337e+01  2.971496e-02 
 1.579377e+01  2.850583e-02 
 1.579416e+01  2.729070e-02 
 1.579456e+01  2.607398e-02 
 1.579496e+01  2.486048e-02 
 1.579536e+01  2.363821e-02 
 1.579575e+01  2.241171e-02 
 1.579615e+01  2.117281e-02 
 1.579655e+01  1.994276e-02 
 1.579695e+01  1.871063e-02 
 1.579735e+01  1.749069e-02 
 1.579774e+01  1.628179e-02 
 1.579814e+01  1.508210e-02 
 1.579854e+01  1.387855e-02 
 1.579894e+01  1.269537e-02 
 1.579933e+01  1.151219e-02 
 1.579973e+01  1.033143e-02 
 1.580013e+01  9.155995e-03 
 1.580053e+01  7.976960e-03 
 1.580092e+01  6.784725e-03 
 1.580132e+01  5.605753e-03 
 1.580172e+01  4.450165e-03 
 1.580212e+01  3.291362e-03 
 1.580252e+01  2.153844e-03 
 1.580291e+01  1.012001e-03 
 1.580331e+01 -9.490484e-05 
 1.580371e+01 -1.223684e-03 
 1.580411e+01 -2.323190e-03 
 1.580450e+01 -3.402343e-03 
 1.580490e+01 -4.491293e-03 
 1.580530e+01 -5.569777e-03 
 1.580570e+01 -6.633123e-03 
 1.580609e+01 -7.691379e-03 
 1.580649e+01 -8.731256e-03 
 1.580689e+01 -9.739113e-03 
 1.580729e+01 -1.072743e-02 
 1.580769e+01 -1.169619e-02 
 1.580808e+01 -1.263937e-02 
 1.580848e+01 -1.355936e-02 
 1.580888e+01 -1.447148e-02 
 1.580928e+01 -1.536156e-02 
 1.580967e+01 -1.623123e-02 
 1.581007e+01 -1.708784e-02 
 1.581047e+01 -1.793415e-02 
 1.581087e+01 -1.875598e-02 
 1.581126e+01 -1.953735e-02 
 1.581166e+01 -2.029486e-02 
 1.581206e+01 -2.101906e-02 
 1.581246e+01 -2.172476e-02 
 1.581286e+01 -2.240941e-02 
 1.581325e+01 -2.307361e-02 
 1.581365e+01 -2.370099e-02 
 1.581405e+01 -2.430275e-02 
 1.581445e+01 -2.488727e-02 
 1.581484e+01 -2.544314e-02 
 1.581524e+01 -2.597210e-02 
 1.581564e+01 -2.649735e-02 
 1.581604e+01 -2.696774e-02 
 1.581643e+01 -2.741068e-02 
 1.581683e+01 -2.780950e-02 
 1.581723e+01 -2.818543e-02 
 1.581763e+01 -2.852355e-02 
 1.581803e+01 -2.884135e-02 
 1.581842e+01 -2.912562e-02 
 1.581882e+01 -2.936098e-02 
 1.581922e+01 -2.957982e-02 
 1.581962e+01 -2.977296e-02 
 1.582001e+01 -2.993335e-02 
 1.582041e+01 -3.005966e-02 
 1.582081e+01 -3.015946e-02 
 1.582121e+01 -3.019584e-02 
 1.582160e+01 -3.021077e-02 
 1.582200e+01 -3.019492e-02 
 1.582240e+01 -3.015048e-02 
 1.582280e+01 -3.007033e-02 
 1.582320e+01 -2.995349e-02 
 1.582359e+01 -2.979285e-02 
 1.582399e+01 -2.959128e-02 
 1.582439e+01 -2.937183e-02 
 1.582479e+01 -2.913409e-02 
 1.582518e+01 -2.884414e-02 
 1.582558e+01 -2.852839e-02 
 1.582598e+01 -2.817057e-02 
 1.582638e+01 -2.776658e-02 
 1.582677e+01 -2.732722e-02 
 1.582717e+01 -2.686169e-02 
 1.582757e+01 -2.637114e-02 
 1.582797e+01 -2.584265e-02 
 1.582837e+01 -2.527878e-02 
 1.582876e+01 -2.469716e-02 
 1.582916e+01 -2.408954e-02 
 1.582956e+01 -2.346398e-02 
 1.582996e+01 -2.281273e-02 
 1.583035e+01 -2.212767e-02 
 1.583075e+01 -2.141379e-02 
 1.583115e+01 -2.066577e-02 
 1.583155e+01 -1.992128e-02 
 1.583194e+01 -1.914314e-02 
 1.583234e+01 -1.835324e-02 
 1.583274e+01 -1.753365e-02 
 1.583314e+01 -1.669664e-02 
 1.583354e+01 -1.583097e-02 
 1.583393e+01 -1.496188e-02 
 1.583433e+01 -1.406560e-02 
 1.583473e+01 -1.316034e-02 
 1.583513e+01 -1.223463e-02 
 1.583552e+01 -1.129301e-02 
 1.583592e+01 -1.033096e-02 
 1.583632e+01 -9.353966e-03 
 1.583672e+01 -8.377447e-03 
 1.583711e+01 -7.381385e-03 
 1.583751e+01 -6.369029e-03 
 1.583791e+01 -5.338877e-03 
 1.583831e+01 -4.297033e-03 
 1.583871e+01 -3.229898e-03 
 1.583910e+01 -2.147481e-03 
 1.583950e+01 -1.054701e-03 
 1.583990e+01  4.921597e-05 
 1.584030e+01  1.174524e-03 
 1.584069e+01  2.311699e-03 
 1.584109e+01  3.452961e-03 
 1.584149e+01  4.595391e-03 
 1.584189e+01  5.747585e-03 
 1.584228e+01  6.916178e-03 
 1.584268e+01  8.104256e-03 
 1.584308e+01  9.300364e-03 
 1.584348e+01  1.051333e-02 
 1.584388e+01  1.172982e-02 
 1.584427e+01  1.293669e-02 
 1.584467e+01  1.415052e-02 
 1.584507e+01  1.537940e-02 
 1.584547e+01  1.660768e-02 
 1.584586e+01  1.783709e-02 
 1.584626e+01  1.908365e-02 
 1.584666e+01  2.031573e-02 
 1.584706e+01  2.155026e-02 
 1.584745e+01  2.280554e-02 
 1.584785e+01  2.406047e-02 
 1.584825e+01  2.530450e-02 
 1.584865e+01  2.655335e-02 
 1.584905e+01  2.778922e-02 
 1.584944e+01  2.901827e-02 
 1.584984e+01  3.024666e-02 
 1.585024e+01  3.147069e-02 
 1.585064e+01  3.267889e-02 
 1.585103e+01  3.387588e-02 
 1.585143e+01  3.506388e-02 
 1.585183e+01  3.622730e-02 
 1.585223e+01  3.740004e-02 
 1.585262e+01  3.855436e-02 
 1.585302e+01  3.971101e-02 
 1.585342e+01  4.083992e-02 
 1.585382e+01  4.194435e-02 
 1.585422e+01  4.304103e-02 
 1.585461e+01  4.412165e-02 
 1.585501e+01  4.519005e-02 
 1.585541e+01  4.625093e-02 
 1.585581e+01  4.728485e-02 
 1.585620e+01  4.829784e-02 
 1.585660e+01  4.929371e-02 
 1.585700e+01  5.027149e-02 
 1.585740e+01  5.122224e-02 
 1.585780e+01  5.215739e-02 
 1.585819e+01  5.307214e-02 
 1.585859e+01  5.395919e-02 
 1.585899e+01  5.482589e-02 
 1.585939e+01  5.567827e-02 
 1.585978e+01  5.650614e-02 
 1.586018e+01  5.730138e-02 
 1.586058e+01  5.806717e-02 
 1.586098e+01  5.881372e-02 
 1.586137e+01  5.952102e-02 
 1.586177e+01  6.021165e-02 
 1.586217e+01  6.086837e-02 
 1.586257e+01  6.149996e-02 
 1.586297e+01  6.209789e-02 
 1.586336e+01  6.266269e-02 
 1.586376e+01  6.319216e-02 
 1.586416e+01  6.369002e-02 
 1.586456e+01  6.416934e-02 
 1.586495e+01  6.460111e-02 
 1.586535e+01  6.500695e-02 
 1.586575e+01  6.538234e-02 
 1.586615e+01  6.572613e-02 
 1.586654e+01  6.604153e-02 
 1.586694e+01  6.632744e-02 
 1.586734e+01  6.658716e-02 
 1.586774e+01  6.680834e-02 
 1.586814e+01  6.700087e-02 
 1.586853e+01  6.717907e-02 
 1.586893e+01  6.731278e-02 
 1.586933e+01  6.741007e-02 
 1.586973e+01  6.747933e-02 
 1.587012e+01  6.749973e-02 
 1.587052e+01  6.748432e-02 
 1.587092e+01  6.745194e-02 
 1.587132e+01  6.739921e-02 
 1.587171e+01  6.730938e-02 
 1.587211e+01  6.719642e-02 
 1.587251e+01  6.705563e-02 
 1.587291e+01  6.687701e-02 
 1.587331e+01  6.667158e-02 
 1.587370e+01  6.644957e-02 
 1.587410e+01  6.619260e-02 
 1.587450e+01  6.589895e-02 
 1.587490e+01  6.558320e-02 
 1.587529e+01  6.524157e-02 
 1.587569e+01  6.487843e-02 
 1.587609e+01  6.449234e-02 
 1.587649e+01  6.408661e-02 
 1.587688e+01  6.364752e-02 
 1.587728e+01  6.318005e-02 
 1.587768e+01  6.269554e-02 
 1.587808e+01  6.218673e-02 
 1.587848e+01  6.165360e-02 
 1.587887e+01  6.108873e-02 
 1.587927e+01  6.049839e-02 
 1.587967e+01  5.986087e-02 
 1.588007e+01  5.920735e-02 
 1.588046e+01  5.853072e-02 
 1.588086e+01  5.783527e-02 
 1.588126e+01  5.710998e-02 
 1.588166e+01  5.636764e-02 
 1.588205e+01  5.559737e-02 
 1.588245e+01  5.479450e-02 
 1.588285e+01  5.397076e-02 
 1.588325e+01  5.312816e-02 
 1.588365e+01  5.225046e-02 
 1.588404e+01  5.134754e-02 
 1.588444e+01  5.042591e-02 
 1.588484e+01  4.947736e-02 
 1.588524e+01  4.850938e-02 
 1.588563e+01  4.752311e-02 
 1.588603e+01  4.652238e-02 
 1.588643e+01  4.549537e-02 
 1.588683e+01  4.445350e-02 
 1.588722e+01  4.339497e-02 
 1.588762e+01  4.231349e-02 
 1.588802e+01  4.121371e-02 
 1.588842e+01  4.009747e-02 
 1.588882e+01  3.895193e-02 
 1.588921e+01  3.778855e-02 
 1.588961e+01  3.660431e-02 
 1.589001e+01  3.539669e-02 
 1.589041e+01  3.419546e-02 
 1.589080e+01  3.298907e-02 
 1.589120e+01  3.177357e-02 
 1.589160e+01  3.053149e-02 
 1.589200e+01  2.928435e-02 
 1.589239e+01  2.803100e-02 
 1.589279e+01  2.676595e-02 
 1.589319e+01  2.549668e-02 
 1.589359e+01  2.422246e-02 
 1.589399e+01  2.294558e-02 
 1.589438e+01  2.165959e-02 
 1.589478e+01  2.038966e-02 
 1.589518e+01  1.912712e-02 
 1.589558e+01  1.786167e-02 
 1.589597e+01  1.659604e-02 
 1.589637e+01  1.534443e-02 
 1.589677e+01  1.407864e-02 
 1.589717e+01  1.282279e-02 
 1.589756e+01  1.158199e-02 
 1.589796e+01  1.033423e-02 
 1.589836e+01  9.088423e-03 
 1.589876e+01  7.855846e-03 
 1.589916e+01  6.631241e-03 
 1.589955e+01  5.424225e-03 
 1.589995e+01  4.242376e-03 
 1.590035e+01  3.080420e-03 
 1.590075e+01  1.926082e-03 
 1.590114e+01  7.891723e-04 
 1.590154e+01 -3.393549e-04 
 1.590194e+01 -1.458624e-03 
 1.590234e+01 -2.556128e-03 
 1.590273e+01 -3.636497e-03 
 1.590313e+01 -4.705652e-03 
 1.590353e+01 -5.755075e-03 
 1.590393e+01 -6.779856e-03 
 1.590433e+01 -7.792852e-03 
 1.590472e+01 -8.767859e-03 
 1.590512e+01 -9.740788e-03 
 1.590552e+01 -1.068998e-02 
 1.590592e+01 -1.163099e-02 
 1.590631e+01 -1.254766e-02 
 1.590671e+01 -1.344631e-02 
 1.590711e+01 -1.433003e-02 
 1.590751e+01 -1.518800e-02 
 1.590790e+01 -1.603126e-02 
 1.590830e+01 -1.686143e-02 
 1.590870e+01 -1.767292e-02 
 1.590910e+01 -1.846009e-02 
 1.590950e+01 -1.921421e-02 
 1.590989e+01 -1.994471e-02 
 1.591029e+01 -2.065514e-02 
 1.591069e+01 -2.135187e-02 
 1.591109e+01 -2.203032e-02 
 1.591148e+01 -2.267990e-02 
 1.591188e+01 -2.329572e-02 
 1.591228e+01 -2.389460e-02 
 1.591268e+01 -2.446856e-02 
 1.591307e+01 -2.501779e-02 
 1.591347e+01 -2.554540e-02 
 1.591387e+01 -2.604889e-02 
 1.591427e+01 -2.650435e-02 
 1.591467e+01 -2.693027e-02 
 1.591506e+01 -2.732953e-02 
 1.591546e+01 -2.770857e-02 
 1.591586e+01 -2.805907e-02 
 1.591626e+01 -2.837636e-02 
 1.591665e+01 -2.866648e-02 
 1.591705e+01 -2.892330e-02 
 1.591745e+01 -2.915876e-02 
 1.591785e+01 -2.938037e-02 
 1.591824e+01 -2.957212e-02 
 1.591864e+01 -2.971437e-02 
 1.591904e+01 -2.982397e-02 
 1.591944e+01 -2.989571e-02 
 1.591984e+01 -2.993088e-02 
 1.592023e+01 -2.994351e-02 
 1.592063e+01 -2.994315e-02 
 1.592103e+01 -2.989710e-02 
 1.592143e+01 -2.981242e-02 
 1.592182e+01 -2.970627e-02 
 1.592222e+01 -2.956069e-02 
 1.592262e+01 -2.938528e-02 
 1.592302e+01 -2.917576e-02 
 1.592341e+01 -2.892510e-02 
 1.592381e+01 -2.862668e-02 
 1.592421e+01 -2.830206e-02 
 1.592461e+01 -2.795308e-02 
 1.592501e+01 -2.757594e-02 
 1.592540e+01 -2.717179e-02 
 1.592580e+01 -2.674893e-02 
 1.592620e+01 -2.629081e-02 
 1.592660e+01 -2.578747e-02 
 1.592699e+01 -2.526187e-02 
 1.592739e+01 -2.469976e-02 
 1.592779e+01 -2.411572e-02 
 1.592819e+01 -2.347755e-02 
 1.592858e+01 -2.280720e-02 
 1.592898e+01 -2.210889e-02 
 1.592938e+01 -2.138033e-02 
 1.592978e+01 -2.063408e-02 
 1.593018e+01 -1.986855e-02 
 1.593057e+01 -1.906631e-02 
 1.593097e+01 -1.824422e-02 
 1.593137e+01 -1.739099e-02 
 1.593177e+01 -1.650958e-02 
 1.593216e+01 -1.560641e-02 
 1.593256e+01 -1.467928e-02 
 1.593296e+01 -1.372820e-02 
 1.593336e+01 -1.275070e-02 
 1.593375e+01 -1.174784e-02 
 1.593415e+01 -1.072510e-02 
 1.593455e+01 -9.696412e-03 
 1.593495e+01 -8.659914e-03 
 1.593535e+01 -7.590003e-03 
 1.593574e+01 -6.518447e-03 
 1.593614e+01 -5.417332e-03 
 1.593654e+01 -4.307761e-03 
 1.593694e+01 -3.194667e-03 
 1.593733e+01 -2.087050e-03 
 1.593773e+01 -9.524798e-04 
 1.593813e+01  1.809781e-04 
 1.593853e+01  1.340853e-03 
 1.593892e+01  2.502961e-03 
 1.593932e+01  3.656988e-03 
 1.593972e+01  4.814767e-03 
 1.594012e+01  5.976197e-03 
 1.594052e+01  7.159193e-03 
 1.594091e+01  8.336814e-03 
 1.594131e+01  9.519017e-03 
 1.594171e+01  1.069785e-02 
 1.594211e+01  1.188527e-02 
 1.594250e+01  1.307283e-02 
 1.594290e+01  1.426553e-02 
 1.594330e+01  1.547172e-02 
 1.594370e+01  1.667320e-02 
 1.594409e+01  1.786900e-02 
 1.594449e+01  1.905873e-02 
 1.594489e+01  2.025686e-02 
 1.594529e+01  2.145614e-02 
 1.594569e+01  2.265773e-02 
 1.594608e+01  2.385506e-02 
 1.594648e+01  2.504870e-02 
 1.594688e+01  2.623514e-02 
 1.594728e+01  2.742010e-02 
 1.594767e+01  2.860767e-02 
 1.594807e+01  2.979240e-02 
 1.594847e+01  3.096900e-02 
 1.594887e+01  3.214150e-02 
 1.594926e+01  3.330765e-02 
 1.594966e+01  3.446870e-02 
 1.595006e+01  3.561794e-02 
 1.595046e+01  3.677063e-02 
 1.595086e+01  3.792081e-02 
 1.595125e+01  3.905369e-02 
 1.595165e+01  4.018548e-02 
 1.595205e+01  4.129481e-02 
 1.595245e+01  4.239333e-02 
 1.595284e+01  4.348111e-02 
 1.595324e+01  4.455693e-02 
 1.595364e+01  4.560554e-02 
 1.595404e+01  4.665122e-02 
 1.595444e+01  4.768002e-02 
 1.595483e+01  4.869696e-02 
 1.595523e+01  4.970274e-02 
 1.595563e+01  5.069027e-02 
 1.595603e+01  5.165346e-02 
 1.595642e+01  5.258758e-02 
 1.595682e+01  5.348736e-02 
 1.595722e+01  5.436529e-02 
 1.595762e+01  5.522757e-02 
 1.595801e+01  5.604880e-02 
 1.595841e+01  5.685627e-02 
 1.595881e+01  5.762808e-02 
 1.595921e+01  5.839366e-02 
 1.595961e+01  5.911675e-02 
 1.596000e+01  5.984373e-02 
 1.596040e+01  6.053425e-02 
 1.596080e+01  6.118805e-02 
 1.596120e+01  6.181276e-02 
 1.596159e+01  6.241299e-02 
 1.596199e+01  6.297176e-02 
 1.596239e+01  6.350861e-02 
 1.596279e+01  6.403579e-02 
 1.596318e+01  6.452131e-02 
 1.596358e+01  6.496592e-02 
 1.596398e+01  6.539047e-02 
 1.596438e+01  6.580215e-02 
 1.596478e+01  6.616541e-02 
 1.596517e+01  6.650269e-02 
 1.596557e+01  6.679308e-02 
 1.596597e+01  6.704665e-02 
 1.596637e+01  6.725970e-02 
 1.596676e+01  6.745382e-02 
 1.596716e+01  6.760515e-02 
 1.596756e+01  6.772203e-02 
 1.596796e+01  6.780913e-02 
 1.596835e+01  6.785900e-02 
 1.596875e+01  6.787731e-02 
 1.596915e+01  6.786791e-02 
 1.596955e+01  6.783350e-02 
 1.596995e+01  6.776164e-02 
 1.597034e+01  6.764849e-02 
 1.597074e+01  6.750253e-02 
 1.597114e+01  6.731586e-02 
 1.597154e+01  6.711110e-02 
 1.597193e+01  6.686352e-02 
 1.597233e+01  6.658783e-02 
 1.597273e+01  6.627396e-02 
 1.597313e+01  6.592629e-02 
 1.597352e+01  6.556215e-02 
 1.597392e+01  6.517188e-02 
 1.597432e+01  6.474813e-02 
 1.597472e+01  6.430329e-02 
 1.597512e+01  6.382617e-02 
 1.597551e+01  6.331626e-02 
 1.597591e+01  6.277766e-02 
 1.597631e+01  6.221914e-02 
 1.597671e+01  6.162367e-02 
 1.597710e+01  6.099574e-02 
 1.597750e+01  6.034356e-02 
 1.597790e+01  5.967556e-02 
 1.597830e+01  5.899953e-02 
 1.597869e+01  5.830145e-02 
 1.597909e+01  5.758451e-02 
 1.597949e+01  5.684787e-02 
 1.597989e+01  5.609626e-02 
 1.598029e+01  5.530587e-02 
 1.598068e+01  5.450730e-02 
 1.598108e+01  5.368279e-02 
 1.598148e+01  5.283957e-02 
 1.598188e+01  5.197121e-02 
 1.598227e+01  5.108453e-02 
 1.598267e+01  5.018530e-02 
 1.598307e+01  4.926620e-02 
 1.598347e+01  4.833981e-02 
 1.598386e+01  4.740343e-02 
 1.598426e+01  4.644055e-02 
 1.598466e+01  4.545351e-02 
 1.598506e+01  4.444794e-02 
 1.598546e+01  4.342104e-02 
 1.598585e+01  4.236971e-02 
 1.598625e+01  4.129259e-02 
 1.598665e+01  4.020345e-02 
 1.598705e+01  3.909135e-02 
 1.598744e+01  3.796092e-02 
 1.598784e+01  3.683019e-02 
 1.598824e+01  3.569657e-02 
 1.598864e+01  3.454914e-02 
 1.598903e+01  3.339662e-02 
 1.598943e+01  3.222058e-02 
 1.598983e+01  3.103003e-02 
 1.599023e+01  2.983374e-02 
 1.599063e+01  2.864006e-02 
 1.599102e+01  2.742016e-02 
 1.599142e+01  2.618637e-02 
 1.599182e+01  2.495426e-02 
 1.599222e+01  2.370265e-02 
 1.599261e+01  2.245631e-02 
 1.599301e+01  2.120334e-02 
 1.599341e+01  1.996690e-02 
 1.599381e+01  1.870494e-02 
 1.599420e+01  1.743365e-02 
 1.599460e+01  1.618393e-02 
 1.599500e+01  1.491826e-02 
 1.599540e+01  1.365888e-02 
 1.599580e+01  1.240118e-02 
 1.599619e+01  1.114017e-02 
 1.599659e+01  9.882704e-03 
 1.599699e+01  8.632048e-03 
 1.599739e+01  7.405330e-03 
 1.599778e+01  6.174492e-03 
 1.599818e+01  4.971707e-03 
 1.599858e+01  3.772702e-03 
 1.599898e+01  2.571596e-03 
 1.599937e+01  1.385762e-03 
 1.599977e+01  2.134115e-04 
 1.600017e+01 -9.522991e-04 
 1.600057e+01 -2.095815e-03 
 1.600097e+01 -3.233068e-03 
 1.600136e+01 -4.366794e-03 
 1.600176e+01 -5.481697e-03 
 1.600216e+01 -6.573614e-03 
 1.600256e+01 -7.640261e-03 
 1.600295e+01 -8.684118e-03 
 1.600335e+01 -9.707633e-03 
 1.600375e+01 -1.071974e-02 
 1.600415e+01 -1.170907e-02 
 1.600454e+01 -1.266921e-02 
 1.600494e+01 -1.362062e-02 
 1.600534e+01 -1.454817e-02 
 1.600574e+01 -1.544322e-02 
 1.600614e+01 -1.632773e-02 
 1.600653e+01 -1.719766e-02 
 1.600693e+01 -1.801818e-02 
 1.600733e+01 -1.880421e-02 
 1.600773e+01 -1.955884e-02 
 1.600812e+01 -2.027807e-02 
 1.600852e+01 -2.097911e-02 
 1.600892e+01 -2.166060e-02 
 1.600932e+01 -2.231419e-02 
 1.600971e+01 -2.292725e-02 
 1.601011e+01 -2.352379e-02 
 1.601051e+01 -2.408670e-02 
 1.601091e+01 -2.461993e-02 
 1.601131e+01 -2.514681e-02 
 1.601170e+01 -2.562491e-02 
 1.601210e+01 -2.607550e-02 
 1.601250e+01 -2.648428e-02 
 1.601290e+01 -2.686916e-02 
 1.601329e+01 -2.723673e-02 
 1.601369e+01 -2.757580e-02 
 1.601409e+01 -2.789017e-02 
 1.601449e+01 -2.817241e-02 
 1.601488e+01 -2.842869e-02 
 1.601528e+01 -2.866463e-02 
 1.601568e+01 -2.887076e-02 
 1.601608e+01 -2.905135e-02 
 1.601648e+01 -2.920808e-02 
 1.601687e+01 -2.931288e-02 
 1.601727e+01 -2.938592e-02 
 1.601767e+01 -2.943410e-02 
 1.601807e+01 -2.946548e-02 
 1.601846e+01 -2.946990e-02 
 1.601886e+01 -2.945282e-02 
 1.601926e+01 -2.939885e-02 
 1.601966e+01 -2.931816e-02 
 1.602005e+01 -2.921042e-02 
 1.602045e+01 -2.909201e-02 
 1.602085e+01 -2.893490e-02 
 1.602125e+01 -2.875278e-02 
 1.602165e+01 -2.853195e-02 
 1.602204e+01 -2.828171e-02 
 1.602244e+01 -2.800471e-02 
 1.602284e+01 -2.769630e-02 
 1.602324e+01 -2.735563e-02 
 1.602363e+01 -2.698273e-02 
 1.602403e+01 -2.658336e-02 
 1.602443e+01 -2.615005e-02 
 1.602483e+01 -2.568587e-02 
 1.602522e+01 -2.521151e-02 
 1.602562e+01 -2.470250e-02 
 1.602602e+01 -2.415138e-02 
 1.602642e+01 -2.356777e-02 
 1.602682e+01 -2.295862e-02 
 1.602721e+01 -2.231175e-02 
 1.602761e+01 -2.164057e-02 
 1.602801e+01 -2.094988e-02 
 1.602841e+01 -2.021046e-02 
 1.602880e+01 -1.945488e-02 
 1.602920e+01 -1.866012e-02 
 1.602960e+01 -1.783671e-02 
 1.603000e+01 -1.699428e-02 
 1.603039e+01 -1.613995e-02 
 1.603079e+01 -1.524969e-02 
 1.603119e+01 -1.434085e-02 
 1.603159e+01 -1.339864e-02 
 1.603199e+01 -1.244379e-02 
 1.603238e+01 -1.145927e-02 
 1.603278e+01 -1.045729e-02 
 1.603318e+01 -9.447805e-03 
 1.603358e+01 -8.395050e-03 
 1.603397e+01 -7.339883e-03 
 1.603437e+01 -6.259132e-03 
 1.603477e+01 -5.169381e-03 
 1.603517e+01 -4.064274e-03 
 1.603556e+01 -2.945154e-03 
 1.603596e+01 -1.796033e-03 
 1.603636e+01 -6.335324e-04 
 1.603676e+01  5.471897e-04 
 1.603716e+01  1.722285e-03 
 1.603755e+01  2.907826e-03 
 1.603795e+01  4.100749e-03 
 1.603835e+01  5.318092e-03 
 1.603875e+01  6.558459e-03 
 1.603914e+01  7.788629e-03 
 1.603954e+01  9.028609e-03 
 1.603994e+01  1.027163e-02 
 1.604034e+01  1.151669e-02 
 1.604073e+01  1.276117e-02 
 1.604113e+01  1.401746e-02 
 1.604153e+01  1.525777e-02 
 1.604193e+01  1.650588e-02 
 1.604233e+01  1.774125e-02 
 1.604272e+01  1.898990e-02 
 1.604312e+01  2.022541e-02 
 1.604352e+01  2.148165e-02 
 1.604392e+01  2.273651e-02 
 1.604431e+01  2.395880e-02 
 1.604471e+01  2.518325e-02 
 1.604511e+01  2.640866e-02 
 1.604551e+01  2.761162e-02 
 1.604591e+01  2.881196e-02 
 1.604630e+01  3.000127e-02 
 1.604670e+01  3.117681e-02 
 1.604710e+01  3.233130e-02 
 1.604750e+01  3.348328e-02 
 1.604789e+01  3.464388e-02 
 1.604829e+01  3.578754e-02 
 1.604869e+01  3.693364e-02 
 1.604909e+01  3.805443e-02 
 1.604948e+01  3.915180e-02 
 1.604988e+01  4.023546e-02 
 1.605028e+01  4.130097e-02 
 1.605068e+01  4.235355e-02 
 1.605108e+01  4.338993e-02 
 1.605147e+01  4.440769e-02 
 1.605187e+01  4.542115e-02 
 1.605227e+01  4.642154e-02 
 1.605267e+01  4.740782e-02 
 1.605306e+01  4.837728e-02 
 1.605346e+01  4.933098e-02 
 1.605386e+01  5.026231e-02 
 1.605426e+01  5.116118e-02 
 1.605465e+01  5.204560e-02 
 1.605505e+01  5.291594e-02 
 1.605545e+01  5.376214e-02 
 1.605585e+01  5.460043e-02 
 1.605625e+01  5.541198e-02 
 1.605664e+01  5.620402e-02 
 1.605704e+01  5.697553e-02 
 1.605744e+01  5.774501e-02 
 1.605784e+01  5.849237e-02 
 1.605823e+01  5.921955e-02 
 1.605863e+01  5.992866e-02 
 1.605903e+01  6.060746e-02 
 1.605943e+01  6.125090e-02 
 1.605982e+01  6.185674e-02 
 1.606022e+01  6.245234e-02 
 1.606062e+01  6.299889e-02 
 1.606102e+01  6.352697e-02 
 1.606142e+01  6.402432e-02 
 1.606181e+01  6.448598e-02 
 1.606221e+01  6.493705e-02 
 1.606261e+01  6.535692e-02 
 1.606301e+01  6.574984e-02 
 1.606340e+01  6.610277e-02 
 1.606380e+01  6.643316e-02 
 1.606420e+01  6.672587e-02 
 1.606460e+01  6.698865e-02 
 1.606499e+01  6.721875e-02 
 1.606539e+01  6.742172e-02 
 1.606579e+01  6.757598e-02 
 1.606619e+01  6.771091e-02 
 1.606659e+01  6.779767e-02 
 1.606698e+01  6.787613e-02 
 1.606738e+01  6.793717e-02 
 1.606778e+01  6.795668e-02 
 1.606818e+01  6.793880e-02 
 1.606857e+01  6.788734e-02 
 1.606897e+01  6.780174e-02 
 1.606937e+01  6.766261e-02 
 1.606977e+01  6.749427e-02 
 1.607016e+01  6.729022e-02 
 1.607056e+01  6.704716e-02 
 1.607096e+01  6.677296e-02 
 1.607136e+01  6.648180e-02 
 1.607176e+01  6.615847e-02 
 1.607215e+01  6.579247e-02 
 1.607255e+01  6.540962e-02 
 1.607295e+01  6.498003e-02 
 1.607335e+01  6.451328e-02 
 1.607374e+01  6.400747e-02 
 1.607414e+01  6.348162e-02 
 1.607454e+01  6.291371e-02 
 1.607494e+01  6.231576e-02 
 1.607533e+01  6.168312e-02 
 1.607573e+01  6.103711e-02 
 1.607613e+01  6.035331e-02 
 1.607653e+01  5.965334e-02 
 1.607693e+01  5.893357e-02 
 1.607732e+01  5.818140e-02 
 1.607772e+01  5.741068e-02 
 1.607812e+01  5.660286e-02 
 1.607852e+01  5.576572e-02 
 1.607891e+01  5.489670e-02 
 1.607931e+01  5.401051e-02 
 1.607971e+01  5.310878e-02 
 1.608011e+01  5.217833e-02 
 1.608050e+01  5.123776e-02 
 1.608090e+01  5.027712e-02 
 1.608130e+01  4.930636e-02 
 1.608170e+01  4.831556e-02 
 1.608210e+01  4.731192e-02 
 1.608249e+01  4.627984e-02 
 1.608289e+01  4.523995e-02 
 1.608329e+01  4.418311e-02 
 1.608369e+01  4.312358e-02 
 1.608408e+01  4.205806e-02 
 1.608448e+01  4.098532e-02 
 1.608488e+01  3.989898e-02 
 1.608528e+01  3.879672e-02 
 1.608567e+01  3.769256e-02 
 1.608607e+01  3.659648e-02 
 1.608647e+01  3.549321e-02 
 1.608687e+01  3.437922e-02 
 1.608727e+01  3.323848e-02 
 1.608766e+01  3.209148e-02 
 1.608806e+01  3.094461e-02 
 1.608846e+01  2.978186e-02 
 1.608886e+01  2.861028e-02 
 1.608925e+01  2.742894e-02 
 1.608965e+01  2.624203e-02 
 1.609005e+01  2.504798e-02 
 1.609045e+01  2.386397e-02 
 1.609084e+01  2.268118e-02 
 1.609124e+01  2.150145e-02 
 1.609164e+01  2.030048e-02 
 1.609204e+01  1.909718e-02 
 1.609244e+01  1.787533e-02 
 1.609283e+01  1.666061e-02 
 1.609323e+01  1.545071e-02 
 1.609363e+01  1.423477e-02 
 1.609403e+01  1.301319e-02 
 1.609442e+01  1.178357e-02 
 1.609482e+01  1.056492e-02 
 1.609522e+01  9.356799e-03 
 1.609562e+01  8.156379e-03 
 1.609601e+01  6.965203e-03 
 1.609641e+01  5.774898e-03 
 1.609681e+01  4.577488e-03 
 1.609721e+01  3.378562e-03 
 1.609761e+01  2.185975e-03 
 1.609800e+01  1.011544e-03 
 1.609840e+01 -1.620916e-04 
 1.609880e+01 -1.330775e-03 
 1.609920e+01 -2.489909e-03 
 1.609959e+01 -3.631856e-03 
 1.609999e+01 -4.751059e-03 
 1.610039e+01 -5.846454e-03 
 1.610079e+01 -6.937672e-03 
 1.610118e+01 -8.014914e-03 
 1.610158e+01 -9.078670e-03 
 1.610198e+01 -1.012449e-02 
 1.610238e+01 -1.115492e-02 
 1.610278e+01 -1.216097e-02 
 1.610317e+01 -1.313008e-02 
 1.610357e+01 -1.408078e-02 
 1.610397e+01 -1.501874e-02 
 1.610437e+01 -1.592922e-02 
 1.610476e+01 -1.682073e-02 
 1.610516e+01 -1.767937e-02 
 1.610556e+01 -1.850516e-02 
 1.610596e+01 -1.931277e-02 
 1.610635e+01 -2.008714e-02 
 1.610675e+01 -2.085807e-02 
 1.610715e+01 -2.158425e-02 
 1.610755e+01 -2.230178e-02 
 1.610795e+01 -2.297670e-02 
 1.610834e+01 -2.362193e-02 
 1.610874e+01 -2.424870e-02 
 1.610914e+01 -2.484107e-02 
 1.610954e+01 -2.540542e-02 
 1.610993e+01 -2.592994e-02 
 1.611033e+01 -2.640963e-02 
 1.611073e+01 -2.686622e-02 
 1.611113e+01 -2.729924e-02 
 1.611152e+01 -2.769405e-02 
 1.611192e+01 -2.805968e-02 
 1.611232e+01 -2.838392e-02 
 1.611272e+01 -2.867340e-02 
 1.611312e+01 -2.892174e-02 
 1.611351e+01 -2.915529e-02 
 1.611391e+01 -2.935464e-02 
 1.611431e+01 -2.951963e-02 
 1.611471e+01 -2.964839e-02 
 1.611510e+01 -2.973062e-02 
 1.611550e+01 -2.978834e-02 
 1.611590e+01 -2.981097e-02 
 1.611630e+01 -2.982084e-02 
 1.611669e+01 -2.979052e-02 
 1.611709e+01 -2.972681e-02 
 1.611749e+01 -2.964042e-02 
 1.611789e+01 -2.952232e-02 
 1.611829e+01 -2.937581e-02 
 1.611868e+01 -2.919125e-02 
 1.611908e+01 -2.898398e-02 
 1.611948e+01 -2.872628e-02 
 1.611988e+01 -2.844766e-02 
 1.612027e+01 -2.813988e-02 
 1.612067e+01 -2.781821e-02 
 1.612107e+01 -2.746034e-02 
 1.612147e+01 -2.708586e-02 
 1.612186e+01 -2.668240e-02 
 1.612226e+01 -2.625254e-02 
 1.612266e+01 -2.579290e-02 
 1.612306e+01 -2.532054e-02 
 1.612346e+01 -2.482263e-02 
 1.612385e+01 -2.429791e-02 
 1.612425e+01 -2.373492e-02 
 1.612465e+01 -2.314595e-02 
 1.612505e+01 -2.253644e-02 
 1.612544e+01 -2.189803e-02 
 1.612584e+01 -2.125518e-02 
 1.612624e+01 -2.058659e-02 
 1.612664e+01 -1.989643e-02 
 1.612703e+01 -1.917762e-02 
 1.612743e+01 -1.843880e-02 
 1.612783e+01 -1.767960e-02 
 1.612823e+01 -1.690274e-02 
 1.612863e+01 -1.609985e-02 
 1.612902e+01 -1.526267e-02 
 1.612942e+01 -1.440382e-02 
 1.612982e+01 -1.353041e-02 
 1.613022e+01 -1.262868e-02 
 1.613061e+01 -1.172181e-02 
 1.613101e+01 -1.079059e-02 
 1.613141e+01 -9.824169e-03 
 1.613181e+01 -8.825644e-03 
 1.613220e+01 -7.812088e-03 
 1.613260e+01 -6.779032e-03 
 1.613300e+01 -5.732929e-03 
 1.613340e+01 -4.670267e-03 
 1.613380e+01 -3.577074e-03 
 1.613419e+01 -2.454236e-03 
 1.613459e+01 -1.318336e-03 
 1.613499e+01 -1.817052e-04 
 1.613539e+01  9.747740e-04 
 1.613578e+01  2.144724e-03 
 1.613618e+01  3.337343e-03 
 1.613658e+01  4.543794e-03 
 1.613698e+01  5.762402e-03 
 1.613738e+01  6.975184e-03 
 1.613777e+01  8.200292e-03 
 1.613817e+01  9.445316e-03 
 1.613857e+01  1.069013e-02 
 1.613897e+01  1.194694e-02 
 1.613936e+01  1.321132e-02 
 1.613976e+01  1.448324e-02 
 1.614016e+01  1.574586e-02 
 1.614056e+01  1.702133e-02 
 1.614095e+01  1.830052e-02 
 1.614135e+01  1.958788e-02 
 1.614175e+01  2.086522e-02 
 1.614215e+01  2.214169e-02 
 1.614255e+01  2.340202e-02 
 1.614294e+01  2.465862e-02 
 1.614334e+01  2.592009e-02 
 1.614374e+01  2.717629e-02 
 1.614414e+01  2.842859e-02 
 1.614453e+01  2.966200e-02 
 1.614493e+01  3.090184e-02 
 1.614533e+01  3.211954e-02 
 1.614573e+01  3.333593e-02 
 1.614612e+01  3.454195e-02 
 1.614652e+01  3.573179e-02 
 1.614692e+01  3.689450e-02 
 1.614732e+01  3.804248e-02 
 1.614772e+01  3.918311e-02 
 1.614811e+01  4.030467e-02 
 1.614851e+01  4.139827e-02 
 1.614891e+01  4.249098e-02 
 1.614931e+01  4.355710e-02 
 1.614970e+01  4.459434e-02 
 1.615010e+01  4.563299e-02 
 1.615050e+01  4.664090e-02 
 1.615090e+01  4.763506e-02 
 1.615129e+01  4.861042e-02 
 1.615169e+01  4.956814e-02 
 1.615209e+01  5.049039e-02 
 1.615249e+01  5.139719e-02 
 1.615289e+01  5.228230e-02 
 1.615328e+01  5.315057e-02 
 1.615368e+01  5.400190e-02 
 1.615408e+01  5.482688e-02 
 1.615448e+01  5.562150e-02 
 1.615487e+01  5.640025e-02 
 1.615527e+01  5.715637e-02 
 1.615567e+01  5.788858e-02 
 1.615607e+01  5.858197e-02 
 1.615646e+01  5.925266e-02 
 1.615686e+01  5.989005e-02 
 1.615726e+01  6.050697e-02 
 1.615766e+01  6.108674e-02 
 1.615806e+01  6.165715e-02 
 1.615845e+01  6.220317e-02 
 1.615885e+01  6.272074e-02 
 1.615925e+01  6.321825e-02 
 1.615965e+01  6.368835e-02 
 1.616004e+01  6.413875e-02 
 1.616044e+01  6.457464e-02 
 1.616084e+01  6.497443e-02 
 1.616124e+01  6.533744e-02 
 1.616163e+01  6.566569e-02 
 1.616203e+01  6.596919e-02 
 1.616243e+01  6.624608e-02 
 1.616283e+01  6.649101e-02 
 1.616323e+01  6.672816e-02 
 1.616362e+01  6.692671e-02 
 1.616402e+01  6.710581e-02 
 1.616442e+01  6.726256e-02 
 1.616482e+01  6.738922e-02 
 1.616521e+01  6.748863e-02 
 1.616561e+01  6.754423e-02 
 1.616601e+01  6.756029e-02 
 1.616641e+01  6.754228e-02 
 1.616680e+01  6.748688e-02 
 1.616720e+01  6.740607e-02 
 1.616760e+01  6.729193e-02 
 1.616800e+01  6.714793e-02 
 1.616840e+01  6.698773e-02 
 1.616879e+01  6.679107e-02 
 1.616919e+01  6.657270e-02 
 1.616959e+01  6.632381e-02 
 1.616999e+01  6.604191e-02 
 1.617038e+01  6.572893e-02 
 1.617078e+01  6.537848e-02 
 1.617118e+01  6.499230e-02 
 1.617158e+01  6.457156e-02 
 1.617197e+01  6.412024e-02 
 1.617237e+01  6.365463e-02 
 1.617277e+01  6.314633e-02 
 1.617317e+01  6.261067e-02 
 1.617357e+01  6.205543e-02 
 1.617396e+01  6.146945e-02 
 1.617436e+01  6.085555e-02 
 1.617476e+01  6.021093e-02 
 1.617516e+01  5.952844e-02 
 1.617555e+01  5.881422e-02 
 1.617595e+01  5.806845e-02 
 1.617635e+01  5.728731e-02 
 1.617675e+01  5.646736e-02 
 1.617714e+01  5.562627e-02 
 1.617754e+01  5.477170e-02 
 1.617794e+01  5.387610e-02 
 1.617834e+01  5.296884e-02 
 1.617874e+01  5.204739e-02 
 1.617913e+01  5.110689e-02 
 1.617953e+01  5.015370e-02 
 1.617993e+01  4.917972e-02 
 1.618033e+01  4.816955e-02 
 1.618072e+01  4.713180e-02 
 1.618112e+01  4.607236e-02 
 1.618152e+01  4.499213e-02 
 1.618192e+01  4.388902e-02 
 1.618231e+01  4.276898e-02 
 1.618271e+01  4.163887e-02 
 1.618311e+01  4.048631e-02 
 1.618351e+01  3.933606e-02 
 1.618391e+01  3.818808e-02 
 1.618430e+01  3.702536e-02 
 1.618470e+01  3.584473e-02 
 1.618510e+01  3.463547e-02 
 1.618550e+01  3.342466e-02 
 1.618589e+01  3.218710e-02 
 1.618629e+01  3.095228e-02 
 1.618669e+01  2.970926e-02 
 1.618709e+01  2.847696e-02 
 1.618748e+01  2.723605e-02 
 1.618788e+01  2.600822e-02 
 1.618828e+01  2.478499e-02 
 1.618868e+01  2.357460e-02 
 1.618908e+01  2.236499e-02 
 1.618947e+01  2.115342e-02 
 1.618987e+01  1.993121e-02 
 1.619027e+01  1.869815e-02 
 1.619067e+01  1.746784e-02 
 1.619106e+01  1.625778e-02 
 1.619146e+01  1.504968e-02 
 1.619186e+01  1.384715e-02 
 1.619226e+01  1.265567e-02 
 1.619265e+01  1.147258e-02 
 1.619305e+01  1.031464e-02 
 1.619345e+01  9.164909e-03 
 1.619385e+01  8.018473e-03 
 1.619425e+01  6.871435e-03 
 1.619464e+01  5.731962e-03 
 1.619504e+01  4.580986e-03 
 1.619544e+01  3.442769e-03 
 1.619584e+01  2.319499e-03 
 1.619623e+01  1.202409e-03 
 1.619663e+01  9.424917e-05 
 1.619703e+01 -9.978939e-04 
 1.619743e+01 -2.078557e-03 
 1.619782e+01 -3.149058e-03 
 1.619822e+01 -4.193076e-03 
 1.619862e+01 -5.229665e-03 
 1.619902e+01 -6.265355e-03 
 1.619942e+01 -7.288612e-03 
 1.619981e+01 -8.307341e-03 
 1.620021e+01 -9.313451e-03 
 1.620061e+01 -1.030819e-02 
 1.620101e+01 -1.128754e-02 
 1.620140e+01 -1.224994e-02 
 1.620180e+01 -1.321141e-02 
 1.620220e+01 -1.414345e-02 
 1.620260e+01 -1.506397e-02 
 1.620299e+01 -1.595529e-02 
 1.620339e+01 -1.682412e-02 
 1.620379e+01 -1.768385e-02 
 1.620419e+01 -1.852727e-02 
 1.620459e+01 -1.935350e-02 
 1.620498e+01 -2.015873e-02 
 1.620538e+01 -2.093987e-02 
 1.620578e+01 -2.169718e-02 
 1.620618e+01 -2.241708e-02 
 1.620657e+01 -2.311221e-02 
 1.620697e+01 -2.378738e-02 
 1.620737e+01 -2.441950e-02 
 1.620777e+01 -2.500429e-02 
 1.620816e+01 -2.555799e-02 
 1.620856e+01 -2.608601e-02 
 1.620896e+01 -2.658406e-02 
 1.620936e+01 -2.706476e-02 
 1.620976e+01 -2.751461e-02 
 1.621015e+01 -2.792077e-02 
 1.621055e+01 -2.829450e-02 
 1.621095e+01 -2.864749e-02 
 1.621135e+01 -2.897604e-02 
 1.621174e+01 -2.925356e-02 
 1.621214e+01 -2.950109e-02 
 1.621254e+01 -2.970783e-02 
 1.621294e+01 -2.987591e-02 
 1.621333e+01 -2.999952e-02 
 1.621373e+01 -3.011098e-02 
 1.621413e+01 -3.018760e-02 
 1.621453e+01 -3.022877e-02 
 1.621493e+01 -3.023733e-02 
 1.621532e+01 -3.020246e-02 
 1.621572e+01 -3.013143e-02 
 1.621612e+01 -3.004634e-02 
 1.621652e+01 -2.991982e-02 
 1.621691e+01 -2.974902e-02 
 1.621731e+01 -2.955245e-02 
 1.621771e+01 -2.932620e-02 
 1.621811e+01 -2.904947e-02 
 1.621850e+01 -2.875270e-02 
 1.621890e+01 -2.843532e-02 
 1.621930e+01 -2.807095e-02 
 1.621970e+01 -2.767381e-02 
 1.622010e+01 -2.724854e-02 
 1.622049e+01 -2.679280e-02 
 1.622089e+01 -2.630695e-02 
 1.622129e+01 -2.581035e-02 
 1.622169e+01 -2.527450e-02 
 1.622208e+01 -2.470193e-02 
 1.622248e+01 -2.410118e-02 
 1.622288e+01 -2.347156e-02 
 1.622328e+01 -2.281159e-02 
 1.622367e+01 -2.212631e-02 
 1.622407e+01 -2.143952e-02 
 1.622447e+01 -2.071578e-02 
 1.622487e+01 -1.996081e-02 
 1.622527e+01 -1.919041e-02 
 1.622566e+01 -1.838868e-02 
 1.622606e+01 -1.757694e-02 
 1.622646e+01 -1.673934e-02 
 1.622686e+01 -1.588960e-02 
 1.622725e+01 -1.498828e-02 
 1.622765e+01 -1.407436e-02 
 1.622805e+01 -1.315716e-02 
 1.622845e+01 -1.221825e-02 
 1.622885e+01 -1.126944e-02 
 1.622924e+01 -1.030792e-02 
 1.622964e+01 -9.334526e-03 
 1.623004e+01 -8.335735e-03 
 1.623044e+01 -7.339036e-03 
 1.623083e+01 -6.338884e-03 
 1.623123e+01 -5.313972e-03 
 1.623163e+01 -4.275395e-03 
 1.623203e+01 -3.222074e-03 
 1.623242e+01 -2.134823e-03 
 1.623282e+01 -1.060676e-03 
 1.623322e+01  1.891205e-05 
 1.623362e+01  1.094875e-03 
 1.623402e+01  2.203254e-03 
 1.623441e+01  3.313427e-03 
 1.623481e+01  4.434347e-03 
 1.623521e+01  5.573977e-03 
 1.623561e+01  6.716214e-03 
 1.623600e+01  7.865766e-03 
 1.623640e+01  9.024656e-03 
 1.623680e+01  1.021115e-02 
 1.623720e+01  1.139903e-02 
 1.623759e+01  1.259175e-02 
 1.623799e+01  1.379813e-02 
 1.623839e+01  1.501153e-02 
 1.623879e+01  1.623021e-02 
 1.623919e+01  1.747346e-02 
 1.623958e+01  1.871224e-02 
 1.623998e+01  1.994568e-02 
 1.624038e+01  2.118700e-02 
 1.624078e+01  2.243781e-02 
 1.624117e+01  2.368926e-02 
 1.624157e+01  2.494099e-02 
 1.624197e+01  2.620476e-02 
 1.624237e+01  2.745929e-02 
 1.624276e+01  2.870290e-02 
 1.624316e+01  2.995193e-02 
 1.624356e+01  3.119724e-02 
 1.624396e+01  3.243361e-02 
 1.624436e+01  3.366370e-02 
 1.624475e+01  3.488684e-02 
 1.624515e+01  3.608328e-02 
 1.624555e+01  3.727678e-02 
 1.624595e+01  3.846506e-02 
 1.624634e+01  3.963048e-02 
 1.624674e+01  4.078772e-02 
 1.624714e+01  4.194018e-02 
 1.624754e+01  4.307851e-02 
 1.624793e+01  4.419917e-02 
 1.624833e+01  4.531294e-02 
 1.624873e+01  4.640457e-02 
 1.624913e+01  4.745393e-02 
 1.624953e+01  4.849050e-02 
 1.624992e+01  4.949475e-02 
 1.625032e+01  5.045704e-02 
 1.625072e+01  5.139507e-02 
 1.625112e+01  5.233337e-02 
 1.625151e+01  5.322842e-02 
 1.625191e+01  5.410093e-02 
 1.625231e+01  5.495691e-02 
 1.625271e+01  5.578544e-02 
 1.625310e+01  5.657777e-02 
 1.625350e+01  5.736066e-02 
 1.625390e+01  5.810452e-02 
 1.625430e+01  5.881480e-02 
 1.625470e+01  5.949199e-02 
 1.625509e+01  6.014024e-02 
 1.625549e+01  6.074983e-02 
 1.625589e+01  6.135133e-02 
 1.625629e+01  6.193769e-02 
 1.625668e+01  6.247963e-02 
 1.625708e+01  6.299791e-02 
 1.625748e+01  6.350636e-02 
 1.625788e+01  6.397870e-02 
 1.625827e+01  6.441994e-02 
 1.625867e+01  6.483367e-02 
 1.625907e+01  6.520547e-02 
 1.625947e+01  6.553314e-02 
 1.625987e+01  6.583251e-02 
 1.626026e+01  6.611401e-02 
 1.626066e+01  6.636633e-02 
 1.626106e+01  6.659242e-02 
 1.626146e+01  6.679611e-02 
 1.626185e+01  6.696227e-02 
 1.626225e+01  6.709636e-02 
 1.626265e+01  6.720622e-02 
 1.626305e+01  6.729169e-02 
 1.626344e+01  6.733661e-02 
 1.626384e+01  6.734443e-02 
 1.626424e+01  6.732426e-02 
 1.626464e+01  6.727254e-02 
 1.626504e+01  6.720033e-02 
 1.626543e+01  6.709852e-02 
 1.626583e+01  6.696959e-02 
 1.626623e+01  6.681613e-02 
 1.626663e+01  6.663996e-02 
 1.626702e+01  6.644207e-02 
 1.626742e+01  6.621895e-02 
 1.626782e+01  6.596717e-02 
 1.626822e+01  6.568667e-02 
 1.626861e+01  6.537364e-02 
 1.626901e+01  6.501316e-02 
 1.626941e+01  6.463230e-02 
 1.626981e+01  6.422832e-02 
 1.627021e+01  6.379399e-02 
 1.627060e+01  6.333464e-02 
 1.627100e+01  6.285315e-02 
 1.627140e+01  6.234522e-02 
 1.627180e+01  6.180339e-02 
 1.627219e+01  6.123744e-02 
 1.627259e+01  6.064609e-02 
 1.627299e+01  6.001957e-02 
 1.627339e+01  5.937214e-02 
 1.627378e+01  5.869657e-02 
 1.627418e+01  5.798434e-02 
 1.627458e+01  5.725299e-02 
 1.627498e+01  5.650503e-02 
 1.627538e+01  5.573292e-02 
 1.627577e+01  5.493480e-02 
 1.627617e+01  5.412535e-02 
 1.627657e+01  5.329135e-02 
 1.627697e+01  5.243014e-02 
 1.627736e+01  5.154602e-02 
 1.627776e+01  5.063768e-02 
 1.627816e+01  4.967601e-02 
 1.627856e+01  4.869997e-02 
 1.627895e+01  4.768445e-02 
 1.627935e+01  4.665190e-02 
 1.627975e+01  4.560269e-02 
 1.628015e+01  4.454964e-02 
 1.628055e+01  4.346474e-02 
 1.628094e+01  4.236499e-02 
 1.628134e+01  4.125580e-02 
 1.628174e+01  4.012318e-02 
 1.628214e+01  3.897546e-02 
 1.628253e+01  3.782133e-02 
 1.628293e+01  3.663857e-02 
 1.628333e+01  3.543425e-02 
 1.628373e+01  3.423402e-02 
 1.628412e+01  3.301558e-02 
 1.628452e+01  3.179189e-02 
 1.628492e+01  3.055255e-02 
 1.628532e+01  2.932379e-02 
 1.628572e+01  2.807758e-02 
 1.628611e+01  2.683450e-02 
 1.628651e+01  2.559780e-02 
 1.628691e+01  2.435250e-02 
 1.628731e+01  2.309187e-02 
 1.628770e+01  2.182825e-02 
 1.628810e+01  2.055227e-02 
 1.628850e+01  1.927165e-02 
 1.628890e+01  1.801456e-02 
 1.628929e+01  1.676304e-02 
 1.628969e+01  1.549806e-02 
 1.629009e+01  1.424902e-02 
 1.629049e+01  1.299966e-02 
 1.629089e+01  1.176189e-02 
 1.629128e+01  1.052103e-02 
 1.629168e+01  9.306823e-03 
 1.629208e+01  8.086470e-03 
 1.629248e+01  6.870568e-03 
 1.629287e+01  5.671659e-03 
 1.629327e+01  4.474698e-03 
 1.629367e+01  3.299400e-03 
 1.629407e+01  2.137099e-03 
 1.629446e+01  9.953802e-04 
 1.629486e+01 -1.451088e-04 
 1.629526e+01 -1.250934e-03 
 1.629566e+01 -2.343233e-03 
 1.629606e+01 -3.414597e-03 
 1.629645e+01 -4.469017e-03 
 1.629685e+01 -5.517463e-03 
 1.629725e+01 -6.566460e-03 
 1.629765e+01 -7.600251e-03 
 1.629804e+01 -8.611359e-03 
 1.629844e+01 -9.619668e-03 
 1.629884e+01 -1.058162e-02 
 1.629924e+01 -1.152260e-02 
 1.629963e+01 -1.244075e-02 
 1.630003e+01 -1.334593e-02 
 1.630043e+01 -1.422454e-02 
 1.630083e+01 -1.507674e-02 
 1.630123e+01 -1.590797e-02 
 1.630162e+01 -1.672490e-02 
 1.630202e+01 -1.752685e-02 
 1.630242e+01 -1.831669e-02 
 1.630282e+01 -1.908149e-02 
 1.630321e+01 -1.981778e-02 
 1.630361e+01 -2.051846e-02 
 1.630401e+01 -2.119880e-02 
 1.630441e+01 -2.185062e-02 
 1.630480e+01 -2.248278e-02 
 1.630520e+01 -2.308912e-02 
 1.630560e+01 -2.367713e-02 
 1.630600e+01 -2.423319e-02 
 1.630640e+01 -2.478442e-02 
 1.630679e+01 -2.532765e-02 
 1.630719e+01 -2.585503e-02 
 1.630759e+01 -2.634249e-02 
 1.630799e+01 -2.679674e-02 
 1.630838e+01 -2.721129e-02 
 1.630878e+01 -2.759610e-02 
 1.630918e+01 -2.796241e-02 
 1.630958e+01 -2.830601e-02 
 1.630997e+01 -2.860926e-02 
 1.631037e+01 -2.889561e-02 
 1.631077e+01 -2.915032e-02 
 1.631117e+01 -2.937183e-02 
 1.631157e+01 -2.957691e-02 
 1.631196e+01 -2.975550e-02 
 1.631236e+01 -2.989504e-02 
 1.631276e+01 -2.998376e-02 
 1.631316e+01 -3.004326e-02 
 1.631355e+01 -3.007592e-02 
 1.631395e+01 -3.007586e-02 
 1.631435e+01 -3.003264e-02 
 1.631475e+01 -2.996389e-02 
 1.631514e+01 -2.984710e-02 
 1.631554e+01 -2.968593e-02 
 1.631594e+01 -2.951033e-02 
 1.631634e+01 -2.929948e-02 
 1.631674e+01 -2.905166e-02 
 1.631713e+01 -2.879011e-02 
 1.631753e+01 -2.848063e-02 
 1.631793e+01 -2.812292e-02 
 1.631833e+01 -2.774140e-02 
 1.631872e+01 -2.733127e-02 
 1.631912e+01 -2.688570e-02 
 1.631952e+01 -2.640522e-02 
 1.631992e+01 -2.589076e-02 
 1.632032e+01 -2.534026e-02 
 1.632071e+01 -2.474210e-02 
 1.632111e+01 -2.413332e-02 
 1.632151e+01 -2.349309e-02 
 1.632191e+01 -2.281918e-02 
 1.632230e+01 -2.213322e-02 
 1.632270e+01 -2.140999e-02 
 1.632310e+01 -2.064805e-02 
 1.632350e+01 -1.986909e-02 
 1.632389e+01 -1.907318e-02 
 1.632429e+01 -1.824425e-02 
 1.632469e+01 -1.737634e-02 
 1.632509e+01 -1.649935e-02 
 1.632549e+01 -1.558609e-02 
 1.632588e+01 -1.466863e-02 
 1.632628e+01 -1.374146e-02 
 1.632668e+01 -1.280190e-02 
 1.632708e+01 -1.183167e-02 
 1.632747e+01 -1.084854e-02 
 1.632787e+01 -9.838886e-03 
 1.632827e+01 -8.813113e-03 
 1.632867e+01 -7.767578e-03 
 1.632906e+01 -6.721679e-03 
 1.632946e+01 -5.648821e-03 
 1.632986e+01 -4.554732e-03 
 1.633026e+01 -3.454398e-03 
 1.633066e+01 -2.332789e-03 
 1.633105e+01 -1.216662e-03 
 1.633145e+01 -8.849353e-05 
 1.633185e+01  1.052509e-03 
 1.633225e+01  2.209760e-03 
 1.633264e+01  3.361866e-03 
 1.633304e+01  4.530783e-03 
 1.633344e+01  5.712183e-03 
 1.633384e+01  6.894242e-03 
 1.633423e+01  8.079077e-03 
 1.633463e+01  9.283397e-03 
 1.633503e+01  1.049197e-02 
 1.633543e+01  1.169870e-02 
 1.633583e+01  1.290176e-02 
 1.633622e+01  1.409941e-02 
 1.633662e+01  1.530197e-02 
 1.633702e+01  1.651600e-02 
 1.633742e+01  1.771839e-02 
 1.633781e+01  1.892252e-02 
 1.633821e+01  2.012412e-02 
 1.633861e+01  2.131632e-02 
 1.633901e+01  2.251290e-02 
 1.633940e+01  2.370912e-02 
 1.633980e+01  2.490549e-02 
 1.634020e+01  2.609618e-02 
 1.634060e+01  2.728070e-02 
 1.634100e+01  2.845637e-02 
 1.634139e+01  2.962007e-02 
 1.634179e+01  3.079946e-02 
 1.634219e+01  3.195917e-02 
 1.634259e+01  3.311268e-02 
 1.634298e+01  3.427637e-02 
 1.634338e+01  3.541819e-02 
 1.634378e+01  3.657475e-02 
 1.634418e+01  3.772791e-02 
 1.634457e+01  3.887472e-02 
 1.634497e+01  3.999180e-02 
 1.634537e+01  4.111307e-02 
 1.634577e+01  4.221184e-02 
 1.634617e+01  4.328134e-02 
 1.634656e+01  4.435151e-02 
 1.634696e+01  4.541502e-02 
 1.634736e+01  4.645920e-02 
 1.634776e+01  4.747537e-02 
 1.634815e+01  4.849449e-02 
 1.634855e+01  4.949396e-02 
 1.634895e+01  5.048257e-02 
 1.634935e+01  5.146041e-02 
 1.634974e+01  5.241757e-02 
 1.635014e+01  5.333534e-02 
 1.635054e+01  5.425181e-02 
 1.635094e+01  5.513847e-02 
 1.635134e+01  5.600802e-02 
 1.635173e+01  5.684370e-02 
 1.635213e+01  5.766147e-02 
 1.635253e+01  5.843799e-02 
 1.635293e+01  5.918830e-02 
 1.635332e+01  5.992314e-02 
 1.635372e+01  6.063844e-02 
 1.635412e+01  6.130391e-02 
 1.635452e+01  6.195344e-02 
 1.635491e+01  6.256248e-02 
 1.635531e+01  6.312810e-02 
 1.635571e+01  6.367577e-02 
 1.635611e+01  6.419324e-02 
 1.635651e+01  6.466534e-02 
 1.635690e+01  6.509089e-02 
 1.635730e+01  6.549196e-02 
 1.635770e+01  6.585021e-02 
 1.635810e+01  6.617611e-02 
 1.635849e+01  6.647677e-02 
 1.635889e+01  6.675249e-02 
 1.635929e+01  6.698833e-02 
 1.635969e+01  6.720342e-02 
 1.636008e+01  6.738106e-02 
 1.636048e+01  6.753043e-02 
 1.636088e+01  6.764198e-02 
 1.636128e+01  6.772149e-02 
 1.636168e+01  6.775358e-02 
 1.636207e+01  6.775845e-02 
 1.636247e+01  6.773771e-02 
 1.636287e+01  6.769070e-02 
 1.636327e+01  6.761872e-02 
 1.636366e+01  6.751626e-02 
 1.636406e+01  6.739943e-02 
 1.636446e+01  6.723419e-02 
 1.636486e+01  6.704603e-02 
 1.636525e+01  6.681940e-02 
 1.636565e+01  6.655142e-02 
 1.636605e+01  6.625229e-02 
 1.636645e+01  6.591952e-02 
 1.636685e+01  6.555441e-02 
 1.636724e+01  6.515031e-02 
 1.636764e+01  6.472939e-02 
 1.636804e+01  6.429402e-02 
 1.636844e+01  6.382333e-02 
 1.636883e+01  6.334332e-02 
 1.636923e+01  6.283742e-02 
 1.636963e+01  6.230192e-02 
 1.637003e+01  6.173906e-02 
 1.637042e+01  6.114150e-02 
 1.637082e+01  6.051873e-02 
 1.637122e+01  5.986094e-02 
 1.637162e+01  5.918387e-02 
 1.637202e+01  5.848609e-02 
 1.637241e+01  5.776352e-02 
 1.637281e+01  5.703643e-02 
 1.637321e+01  5.628131e-02 
 1.637361e+01  5.550751e-02 
 1.637400e+01  5.470665e-02 
 1.637440e+01  5.388174e-02 
 1.637480e+01  5.304062e-02 
 1.637520e+01  5.216240e-02 
 1.637559e+01  5.127740e-02 
 1.637599e+01  5.035814e-02 
 1.637639e+01  4.941844e-02 
 1.637679e+01  4.846280e-02 
 1.637719e+01  4.750191e-02 
 1.637758e+01  4.653031e-02 
 1.637798e+01  4.554555e-02 
 1.637838e+01  4.454993e-02 
 1.637878e+01  4.353687e-02 
 1.637917e+01  4.249508e-02 
 1.637957e+01  4.144974e-02 
 1.637997e+01  4.038383e-02 
 1.638037e+01  3.929201e-02 
 1.638076e+01  3.818274e-02 
 1.638116e+01  3.705500e-02 
 1.638156e+01  3.591327e-02 
 1.638196e+01  3.476586e-02 
 1.638236e+01  3.362037e-02 
 1.638275e+01  3.245668e-02 
 1.638315e+01  3.127694e-02 
 1.638355e+01  3.009321e-02 
 1.638395e+01  2.888998e-02 
 1.638434e+01  2.767100e-02 
 1.638474e+01  2.644750e-02 
 1.638514e+01  2.521322e-02 
 1.638554e+01  2.393792e-02 
 1.638593e+01  2.266202e-02 
 1.638633e+01  2.138027e-02 
 1.638673e+01  2.009433e-02 
 1.638713e+01  1.882399e-02 
 1.638753e+01  1.755294e-02 
 1.638792e+01  1.628671e-02 
 1.638832e+01  1.501992e-02 
 1.638872e+01  1.376689e-02 
 1.638912e+01  1.251110e-02 
 1.638951e+01  1.125261e-02 
 1.638991e+01  1.000350e-02 
 1.639031e+01  8.742219e-03 
 1.639071e+01  7.478579e-03 
 1.639110e+01  6.239946e-03 
 1.639150e+01  5.001236e-03 
 1.639190e+01  3.782619e-03 
 1.639230e+01  2.582616e-03 
 1.639270e+01  1.394925e-03 
 1.639309e+01  2.317070e-04 
 1.639349e+01 -9.271290e-04 
 1.639389e+01 -2.058089e-03 
 1.639429e+01 -3.193835e-03 
 1.639468e+01 -4.321995e-03 
 1.639508e+01 -5.423499e-03 
 1.639548e+01 -6.520309e-03 
 1.639588e+01 -7.598115e-03 
 1.639627e+01 -8.650097e-03 
 1.639667e+01 -9.660026e-03 
 1.639707e+01 -1.064966e-02 
 1.639747e+01 -1.161268e-02 
 1.639787e+01 -1.255297e-02 
 1.639826e+01 -1.347043e-02 
 1.639866e+01 -1.436448e-02 
 1.639906e+01 -1.523797e-02 
 1.639946e+01 -1.608622e-02 
 1.639985e+01 -1.692911e-02 
 1.640025e+01 -1.775929e-02 
 1.640065e+01 -1.856035e-02 
 1.640105e+01 -1.933061e-02 
 1.640144e+01 -2.007213e-02 
 1.640184e+01 -2.077879e-02 
 1.640224e+01 -2.146182e-02 
 1.640264e+01 -2.212271e-02 
 1.640304e+01 -2.275530e-02 
 1.640343e+01 -2.335559e-02 
 1.640383e+01 -2.393190e-02 
 1.640423e+01 -2.448416e-02 
 1.640463e+01 -2.501202e-02 
 1.640502e+01 -2.552657e-02 
 1.640542e+01 -2.601333e-02 
 1.640582e+01 -2.645280e-02 
 1.640622e+01 -2.685090e-02 
 1.640661e+01 -2.723949e-02 
 1.640701e+01 -2.758768e-02 
 1.640741e+01 -2.790778e-02 
 1.640781e+01 -2.820895e-02 
 1.640821e+01 -2.846924e-02 
 1.640860e+01 -2.869665e-02 
 1.640900e+01 -2.889948e-02 
 1.640940e+01 -2.908857e-02 
 1.640980e+01 -2.924688e-02 
 1.641019e+01 -2.938627e-02 
 1.641059e+01 -2.948055e-02 
 1.641099e+01 -2.953698e-02 
 1.641139e+01 -2.957228e-02 
 1.641179e+01 -2.956780e-02 
 1.641218e+01 -2.954375e-02 
 1.641258e+01 -2.949604e-02 
 1.641298e+01 -2.941568e-02 
 1.641338e+01 -2.930609e-02 
 1.641377e+01 -2.918130e-02 
 1.641417e+01 -2.902716e-02 
 1.641457e+01 -2.884888e-02 
 1.641497e+01 -2.864018e-02 
 1.641536e+01 -2.840556e-02 
 1.641576e+01 -2.812646e-02 
 1.641616e+01 -2.781133e-02 
 1.641656e+01 -2.747264e-02 
 1.641696e+01 -2.710614e-02 
 1.641735e+01 -2.671005e-02 
 1.641775e+01 -2.627760e-02 
 1.641815e+01 -2.581334e-02 
 1.641855e+01 -2.533100e-02 
 1.641894e+01 -2.480909e-02 
 1.641934e+01 -2.427168e-02 
 1.641974e+01 -2.370478e-02 
 1.642014e+01 -2.309608e-02 
 1.642053e+01 -2.246176e-02 
 1.642093e+01 -2.179075e-02 
 1.642133e+01 -2.109163e-02 
 1.642173e+01 -2.036654e-02 
 1.642213e+01 -1.963041e-02 
 1.642252e+01 -1.885416e-02 
 1.642292e+01 -1.804031e-02 
 1.642332e+01 -1.720860e-02 
 1.642372e+01 -1.634992e-02 
 1.642411e+01 -1.545608e-02 
 1.642451e+01 -1.454545e-02 
 1.642491e+01 -1.360390e-02 
 1.642531e+01 -1.262811e-02 
 1.642570e+01 -1.162712e-02 
 1.642610e+01 -1.061931e-02 
 1.642650e+01 -9.591925e-03 
 1.642690e+01 -8.540503e-03 
 1.642730e+01 -7.471032e-03 
 1.642769e+01 -6.382074e-03 
 1.642809e+01 -5.246411e-03 
 1.642849e+01 -4.118352e-03 
 1.642889e+01 -2.978343e-03 
 1.642928e+01 -1.824787e-03 
 1.642968e+01 -6.437934e-04 
 1.643008e+01  5.286746e-04 
 1.643048e+01  1.726872e-03 
 1.643087e+01  2.923605e-03 
 1.643127e+01  4.116750e-03 
 1.643167e+01  5.326480e-03 
 1.643207e+01  6.550660e-03 
 1.643247e+01  7.780346e-03 
 1.643286e+01  9.018465e-03 
 1.643326e+01  1.025997e-02 
 1.643366e+01  1.149089e-02 
 1.643406e+01  1.271637e-02 
 1.643445e+01  1.394628e-02 
 1.643485e+01  1.518444e-02 
 1.643525e+01  1.641343e-02 
 1.643565e+01  1.763603e-02 
 1.643604e+01  1.886290e-02 
 1.643644e+01  2.008213e-02 
 1.643684e+01  2.131655e-02 
 1.643724e+01  2.254819e-02 
 1.643764e+01  2.377769e-02 
 1.643803e+01  2.499969e-02 
 1.643843e+01  2.621745e-02 
 1.643883e+01  2.742660e-02 
 1.643923e+01  2.862143e-02 
 1.643962e+01  2.980463e-02 
 1.644002e+01  3.099153e-02 
 1.644042e+01  3.216278e-02 
 1.644082e+01  3.331635e-02 
 1.644121e+01  3.446723e-02 
 1.644161e+01  3.560923e-02 
 1.644201e+01  3.673045e-02 
 1.644241e+01  3.784169e-02 
 1.644281e+01  3.895499e-02 
 1.644320e+01  4.003747e-02 
 1.644360e+01  4.110307e-02 
 1.644400e+01  4.217080e-02 
 1.644440e+01  4.321270e-02 
 1.644479e+01  4.424578e-02 
 1.644519e+01  4.528398e-02 
 1.644559e+01  4.628385e-02 
 1.644599e+01  4.725681e-02 
 1.644638e+01  4.822725e-02 
 1.644678e+01  4.919048e-02 
 1.644718e+01  5.012995e-02 
 1.644758e+01  5.106211e-02 
 1.644798e+01  5.197933e-02 
 1.644837e+01  5.285932e-02 
 1.644877e+01  5.371825e-02 
 1.644917e+01  5.457948e-02 
 1.644957e+01  5.540230e-02 
 1.644996e+01  5.620805e-02 
 1.645036e+01  5.700095e-02 
 1.645076e+01  5.775855e-02 
 1.645116e+01  5.849615e-02 
 1.645155e+01  5.921771e-02 
 1.645195e+01  5.992501e-02 
 1.645235e+01  6.059684e-02 
 1.645275e+01  6.123895e-02 
 1.645315e+01  6.185670e-02 
 1.645354e+01  6.244131e-02 
 1.645394e+01  6.300470e-02 
 1.645434e+01  6.354654e-02 
 1.645474e+01  6.404885e-02 
 1.645513e+01  6.451824e-02 
 1.645553e+01  6.497351e-02 
 1.645593e+01  6.539413e-02 
 1.645633e+01  6.579956e-02 
 1.645672e+01  6.617074e-02 
 1.645712e+01  6.653014e-02 
 1.645752e+01  6.683735e-02 
 1.645792e+01  6.710922e-02 
 1.645832e+01  6.734807e-02 
 1.645871e+01  6.754833e-02 
 1.645911e+01  6.771354e-02 
 1.645951e+01  6.783910e-02 
 1.645991e+01  6.793006e-02 
 1.646030e+01  6.798380e-02 
 1.646070e+01  6.801955e-02 
 1.646110e+01  6.801059e-02 
 1.646150e+01  6.796555e-02 
 1.646189e+01  6.787750e-02 
 1.646229e+01  6.775969e-02 
 1.646269e+01  6.760527e-02 
 1.646309e+01  6.740917e-02 
 1.646349e+01  6.719106e-02 
 1.646388e+01  6.693808e-02 
 1.646428e+01  6.664480e-02 
 1.646468e+01  6.631451e-02 
 1.646508e+01  6.597249e-02 
 1.646547e+01  6.559973e-02 
 1.646587e+01  6.520678e-02 
 1.646627e+01  6.477744e-02 
 1.646667e+01  6.432853e-02 
 1.646706e+01  6.383668e-02 
 1.646746e+01  6.332310e-02 
 1.646786e+01  6.278169e-02 
 1.646826e+01  6.219870e-02 
 1.646866e+01  6.158909e-02 
 1.646905e+01  6.094624e-02 
 1.646945e+01  6.028103e-02 
 1.646985e+01  5.958665e-02 
 1.647025e+01  5.887623e-02 
 1.647064e+01  5.814459e-02 
 1.647104e+01  5.738628e-02 
 1.647144e+01  5.660919e-02 
 1.647184e+01  5.579574e-02 
 1.647223e+01  5.496582e-02 
 1.647263e+01  5.412925e-02 
 1.647303e+01  5.326235e-02 
 1.647343e+01  5.236661e-02 
 1.647383e+01  5.144746e-02 
 1.647422e+01  5.050371e-02 
 1.647462e+01  4.954654e-02 
 1.647502e+01  4.856773e-02 
 1.647542e+01  4.758735e-02 
 1.647581e+01  4.659356e-02 
 1.647621e+01  4.558973e-02 
 1.647661e+01  4.455061e-02 
 1.647701e+01  4.349745e-02 
 1.647740e+01  4.243155e-02 
 1.647780e+01  4.135262e-02 
 1.647820e+01  4.024741e-02 
 1.647860e+01  3.912447e-02 
 1.647900e+01  3.800018e-02 
 1.647939e+01  3.686048e-02 
 1.647979e+01  3.571988e-02 
 1.648019e+01  3.457526e-02 
 1.648059e+01  3.341773e-02 
 1.648098e+01  3.225254e-02 
 1.648138e+01  3.106852e-02 
 1.648178e+01  2.988128e-02 
 1.648218e+01  2.869505e-02 
 1.648257e+01  2.749388e-02 
 1.648297e+01  2.629335e-02 
 1.648337e+01  2.509000e-02 
 1.648377e+01  2.387943e-02 
 1.648417e+01  2.265936e-02 
 1.648456e+01  2.146849e-02 
 1.648496e+01  2.027703e-02 
 1.648536e+01  1.907945e-02 
 1.648576e+01  1.788343e-02 
 1.648615e+01  1.669421e-02 
 1.648655e+01  1.548281e-02 
 1.648695e+01  1.427907e-02 
 1.648735e+01  1.307542e-02 
 1.648774e+01  1.185919e-02 
 1.648814e+01  1.065384e-02 
 1.648854e+01  9.456410e-03 
 1.648894e+01  8.247656e-03 
 1.648934e+01  7.057241e-03 
 1.648973e+01  5.864893e-03 
 1.649013e+01  4.689427e-03 
 1.649053e+01  3.496062e-03 
 1.649093e+01  2.318106e-03 
 1.649132e+01  1.157902e-03 
 1.649172e+01 -1.160016e-05 
 1.649212e+01 -1.168161e-03 
 1.649252e+01 -2.305968e-03 
 1.649291e+01 -3.435882e-03 
 1.649331e+01 -4.564639e-03 
 1.649371e+01 -5.679741e-03 
 1.649411e+01 -6.775375e-03 
 1.649451e+01 -7.851941e-03 
 1.649490e+01 -8.900635e-03 
 1.649530e+01 -9.929070e-03 
 1.649570e+01 -1.097058e-02 
 1.649610e+01 -1.198165e-02 
 1.649649e+01 -1.297837e-02 
 1.649689e+01 -1.395692e-02 
 1.649729e+01 -1.491379e-02 
 1.649769e+01 -1.585078e-02 
 1.649808e+01 -1.676363e-02 
 1.649848e+01 -1.765383e-02 
 1.649888e+01 -1.849794e-02 
 1.649928e+01 -1.932007e-02 
 1.649968e+01 -2.009857e-02 
 1.650007e+01 -2.085661e-02 
 1.650047e+01 -2.158577e-02 
 1.650087e+01 -2.228848e-02 
 1.650127e+01 -2.295591e-02 
 1.650166e+01 -2.358806e-02 
 1.650206e+01 -2.420064e-02 
 1.650246e+01 -2.477543e-02 
 1.650286e+01 -2.533544e-02 
 1.650326e+01 -2.585640e-02 
 1.650365e+01 -2.633147e-02 
 1.650405e+01 -2.676657e-02 
 1.650445e+01 -2.716472e-02 
 1.650485e+01 -2.752870e-02 
 1.650524e+01 -2.787097e-02 
 1.650564e+01 -2.817590e-02 
 1.650604e+01 -2.847015e-02 
 1.650644e+01 -2.872163e-02 
 1.650683e+01 -2.894952e-02 
 1.650723e+01 -2.915697e-02 
 1.650763e+01 -2.933418e-02 
 1.650803e+01 -2.948532e-02 
 1.650843e+01 -2.957820e-02 
 1.650882e+01 -2.965380e-02 
 1.650922e+01 -2.968918e-02 
 1.650962e+01 -2.970571e-02 
 1.651002e+01 -2.969470e-02 
 1.651041e+01 -2.965434e-02 
 1.651081e+01 -2.959427e-02 
 1.651121e+01 -2.949493e-02 
 1.651161e+01 -2.936801e-02 
 1.651200e+01 -2.921538e-02 
 1.651240e+01 -2.903347e-02 
 1.651280e+01 -2.882814e-02 
 1.651320e+01 -2.857864e-02 
 1.651360e+01 -2.828574e-02 
 1.651399e+01 -2.796255e-02 
 1.651439e+01 -2.763125e-02 
 1.651479e+01 -2.726292e-02 
 1.651519e+01 -2.687691e-02 
 1.651558e+01 -2.646997e-02 
 1.651598e+01 -2.602908e-02 
 1.651638e+01 -2.556146e-02 
 1.651678e+01 -2.506842e-02 
 1.651717e+01 -2.455189e-02 
 1.651757e+01 -2.399669e-02 
 1.651797e+01 -2.340775e-02 
 1.651837e+01 -2.279056e-02 
 1.651877e+01 -2.213561e-02 
 1.651916e+01 -2.146661e-02 
 1.651956e+01 -2.078231e-02 
 1.651996e+01 -2.007460e-02 
 1.652036e+01 -1.934015e-02 
 1.652075e+01 -1.858214e-02 
 1.652115e+01 -1.779023e-02 
 1.652155e+01 -1.698219e-02 
 1.652195e+01 -1.616233e-02 
 1.652234e+01 -1.532234e-02 
 1.652274e+01 -1.444461e-02 
 1.652314e+01 -1.354668e-02 
 1.652354e+01 -1.262092e-02 
 1.652394e+01 -1.167146e-02 
 1.652433e+01 -1.070836e-02 
 1.652473e+01 -9.741904e-03 
 1.652513e+01 -8.746431e-03 
 1.652553e+01 -7.731185e-03 
 1.652592e+01 -6.707611e-03 
 1.652632e+01 -5.666222e-03 
 1.652672e+01 -4.616842e-03 
 1.652712e+01 -3.541110e-03 
 1.652751e+01 -2.446994e-03 
 1.652791e+01 -1.327020e-03 
 1.652831e+01 -2.017699e-04 
 1.652871e+01  9.382058e-04 
 1.652911e+01  2.100502e-03 
 1.652950e+01  3.257639e-03 
 1.652990e+01  4.427400e-03 
 1.653030e+01  5.625266e-03 
 1.653070e+01  6.839189e-03 
 1.653109e+01  8.046076e-03 
 1.653149e+01  9.271462e-03 
 1.653189e+01  1.050833e-02 
 1.653229e+01  1.174799e-02 
 1.653268e+01  1.301065e-02 
 1.653308e+01  1.429418e-02 
 1.653348e+01  1.557823e-02 
 1.653388e+01  1.685284e-02 
 1.653428e+01  1.814386e-02 
 1.653467e+01  1.942785e-02 
 1.653507e+01  2.070287e-02 
 1.653547e+01  2.198505e-02 
 1.653587e+01  2.325924e-02 
 1.653626e+01  2.452979e-02 
 1.653666e+01  2.579397e-02 
 1.653706e+01  2.705739e-02 
 1.653746e+01  2.829696e-02 
 1.653785e+01  2.954535e-02 
 1.653825e+01  3.077897e-02 
 1.653865e+01  3.199736e-02 
 1.653905e+01  3.319268e-02 
 1.653945e+01  3.439514e-02 
 1.653984e+01  3.558153e-02 
 1.654024e+01  3.676023e-02 
 1.654064e+01  3.792203e-02 
 1.654104e+01  3.907559e-02 
 1.654143e+01  4.018079e-02 
 1.654183e+01  4.127841e-02 
 1.654223e+01  4.236182e-02 
 1.654263e+01  4.343150e-02 
 1.654302e+01  4.448160e-02 
 1.654342e+01  4.550888e-02 
 1.654382e+01  4.651390e-02 
 1.654422e+01  4.749099e-02 
 1.654462e+01  4.847128e-02 
 1.654501e+01  4.941499e-02 
 1.654541e+01  5.035246e-02 
 1.654581e+01  5.125189e-02 
 1.654621e+01  5.212773e-02 
 1.654660e+01  5.297932e-02 
 1.654700e+01  5.379916e-02 
 1.654740e+01  5.460166e-02 
 1.654780e+01  5.538342e-02 
 1.654819e+01  5.614264e-02 
 1.654859e+01  5.687888e-02 
 1.654899e+01  5.759905e-02 
 1.654939e+01  5.830325e-02 
 1.654979e+01  5.898943e-02 
 1.655018e+01  5.965381e-02 
 1.655058e+01  6.029017e-02 
 1.655098e+01  6.087770e-02 
 1.655138e+01  6.146344e-02 
 1.655177e+01  6.202043e-02 
 1.655217e+01  6.256239e-02 
 1.655257e+01  6.307486e-02 
 1.655297e+01  6.357649e-02 
 1.655336e+01  6.404945e-02 
 1.655376e+01  6.448606e-02 
 1.655416e+01  6.491879e-02 
 1.655456e+01  6.531292e-02 
 1.655496e+01  6.567329e-02 
 1.655535e+01  6.601333e-02 
 1.655575e+01  6.631943e-02 
 1.655615e+01  6.657717e-02 
 1.655655e+01  6.681378e-02 
 1.655694e+01  6.702799e-02 
 1.655734e+01  6.719871e-02 
 1.655774e+01  6.733247e-02 
 1.655814e+01  6.745397e-02 
 1.655853e+01  6.753773e-02 
 1.655893e+01  6.759994e-02 
 1.655933e+01  6.763384e-02 
 1.655973e+01  6.764034e-02 
 1.656013e+01  6.760385e-02 
 1.656052e+01  6.754011e-02 
 1.656092e+01  6.745053e-02 
 1.656132e+01  6.731803e-02 
 1.656172e+01  6.715772e-02 
 1.656211e+01  6.697186e-02 
 1.656251e+01  6.673157e-02 
 1.656291e+01  6.646801e-02 
 1.656331e+01  6.618448e-02 
 1.656370e+01  6.586672e-02 
 1.656410e+01  6.550411e-02 
 1.656450e+01  6.512150e-02 
 1.656490e+01  6.469825e-02 
 1.656530e+01  6.423644e-02 
 1.656569e+01  6.373231e-02 
 1.656609e+01  6.320530e-02 
 1.656649e+01  6.263125e-02 
 1.656689e+01  6.203244e-02 
 1.656728e+01  6.140560e-02 
 1.656768e+01  6.075884e-02 
 1.656808e+01  6.008625e-02 
 1.656848e+01  5.939726e-02 
 1.656887e+01  5.869493e-02 
 1.656927e+01  5.794884e-02 
 1.656967e+01  5.717288e-02 
 1.657007e+01  5.636107e-02 
 1.657047e+01  5.552917e-02 
 1.657086e+01  5.466255e-02 
 1.657126e+01  5.378142e-02 
 1.657166e+01  5.287544e-02 
 1.657206e+01  5.194022e-02 
 1.657245e+01  5.100273e-02 
 1.657285e+01  5.005392e-02 
 1.657325e+01  4.907616e-02 
 1.657365e+01  4.809580e-02 
 1.657404e+01  4.708017e-02 
 1.657444e+01  4.604072e-02 
 1.657484e+01  4.497610e-02 
 1.657524e+01  4.389386e-02 
 1.657564e+01  4.280048e-02 
 1.657603e+01  4.168938e-02 
 1.657643e+01  4.056229e-02 
 1.657683e+01  3.942383e-02 
 1.657723e+01  3.827986e-02 
 1.657762e+01  3.713426e-02 
 1.657802e+01  3.598571e-02 
 1.657842e+01  3.483219e-02 
 1.657882e+01  3.366560e-02 
 1.657921e+01  3.248791e-02 
 1.657961e+01  3.129481e-02 
 1.658001e+01  3.010089e-02 
 1.658041e+01  2.890655e-02 
 1.658081e+01  2.770715e-02 
 1.658120e+01  2.649993e-02 
 1.658160e+01  2.527820e-02 
 1.658200e+01  2.406950e-02 
 1.658240e+01  2.286073e-02 
 1.658279e+01  2.164768e-02 
 1.658319e+01  2.043016e-02 
 1.658359e+01  1.920563e-02 
 1.658399e+01  1.798242e-02 
 1.658438e+01  1.675919e-02 
 1.658478e+01  1.553656e-02 
 1.658518e+01  1.431451e-02 
 1.658558e+01  1.308684e-02 
 1.658598e+01  1.187495e-02 
 1.658637e+01  1.066135e-02 
 1.658677e+01  9.453975e-03 
 1.658717e+01  8.262632e-03 
 1.658757e+01  7.084030e-03 
 1.658796e+01  5.919567e-03 
 1.658836e+01  4.756666e-03 
 1.658876e+01  3.603757e-03 
 1.658916e+01  2.457596e-03 
 1.658955e+01  1.309258e-03 
 1.658995e+01  1.813161e-04 
 1.659035e+01 -9.463468e-04 
 1.659075e+01 -2.057059e-03 
 1.659115e+01 -3.162496e-03 
 1.659154e+01 -4.245010e-03 
 1.659194e+01 -5.320038e-03 
 1.659234e+01 -6.368642e-03 
 1.659274e+01 -7.398794e-03 
 1.659313e+01 -8.422883e-03 
 1.659353e+01 -9.428582e-03 
 1.659393e+01 -1.043696e-02 
 1.659433e+01 -1.142119e-02 
 1.659473e+01 -1.238328e-02 
 1.659512e+01 -1.333205e-02 
 1.659552e+01 -1.427144e-02 
 1.659592e+01 -1.518239e-02 
 1.659632e+01 -1.607183e-02 
 1.659671e+01 -1.694812e-02 
 1.659711e+01 -1.778214e-02 
 1.659751e+01 -1.858679e-02 
 1.659791e+01 -1.938239e-02 
 1.659830e+01 -2.016602e-02 
 1.659870e+01 -2.091920e-02 
 1.659910e+01 -2.166035e-02 
 1.659950e+01 -2.236511e-02 
 1.659990e+01 -2.302920e-02 
 1.660029e+01 -2.368641e-02 
 1.660069e+01 -2.431963e-02 
 1.660109e+01 -2.491736e-02 
 1.660149e+01 -2.547063e-02 
 1.660188e+01 -2.601057e-02 
 1.660228e+01 -2.650301e-02 
 1.660268e+01 -2.696777e-02 
 1.660308e+01 -2.743008e-02 
 1.660347e+01 -2.784933e-02 
 1.660387e+01 -2.823497e-02 
 1.660427e+01 -2.859061e-02 
 1.660467e+01 -2.890355e-02 
 1.660507e+01 -2.918782e-02 
 1.660546e+01 -2.944127e-02 
 1.660586e+01 -2.966671e-02 
 1.660626e+01 -2.984815e-02 
 1.660666e+01 -2.996925e-02 
 1.660705e+01 -3.006297e-02 
 1.660745e+01 -3.012511e-02 
 1.660785e+01 -3.015551e-02 
 1.660825e+01 -3.014886e-02 
 1.660864e+01 -3.010673e-02 
 1.660904e+01 -3.003467e-02 
 1.660944e+01 -2.993107e-02 
 1.660984e+01 -2.978856e-02 
 1.661024e+01 -2.963179e-02 
 1.661063e+01 -2.943599e-02 
 1.661103e+01 -2.920719e-02 
 1.661143e+01 -2.893681e-02 
 1.661183e+01 -2.863572e-02 
 1.661222e+01 -2.830929e-02 
 1.661262e+01 -2.795144e-02 
 1.661302e+01 -2.756754e-02 
 1.661342e+01 -2.715563e-02 
 1.661381e+01 -2.671621e-02 
 1.661421e+01 -2.624707e-02 
 1.661461e+01 -2.575054e-02 
 1.661501e+01 -2.523475e-02 
 1.661541e+01 -2.468923e-02 
 1.661580e+01 -2.411736e-02 
 1.661620e+01 -2.351184e-02 
 1.661660e+01 -2.287926e-02 
 1.661700e+01 -2.221539e-02 
 1.661739e+01 -2.154313e-02 
 1.661779e+01 -2.085164e-02 
 1.661819e+01 -2.012961e-02 
 1.661859e+01 -1.938307e-02 
 1.661898e+01 -1.861413e-02 
 1.661938e+01 -1.782699e-02 
 1.661978e+01 -1.701648e-02 
 1.662018e+01 -1.618740e-02 
 1.662058e+01 -1.534261e-02 
 1.662097e+01 -1.445449e-02 
 1.662137e+01 -1.356254e-02 
 1.662177e+01 -1.264452e-02 
 1.662217e+01 -1.170809e-02 
 1.662256e+01 -1.076414e-02 
 1.662296e+01 -9.801893e-03 
 1.662336e+01 -8.811392e-03 
 1.662376e+01 -7.790826e-03 
 1.662415e+01 -6.767530e-03 
 1.662455e+01 -5.737636e-03 
 1.662495e+01 -4.677749e-03 
 1.662535e+01 -3.611921e-03 
 1.662575e+01 -2.528509e-03 
 1.662614e+01 -1.417724e-03 
 1.662654e+01 -3.030771e-04 
 1.662694e+01  8.132790e-04 
 1.662734e+01  1.947285e-03 
 1.662773e+01  3.106363e-03 
 1.662813e+01  4.274333e-03 
 1.662853e+01  5.461072e-03 
 1.662893e+01  6.665255e-03 
 1.662932e+01  7.865479e-03 
 1.662972e+01  9.064926e-03 
 1.663012e+01  1.027686e-02 
 1.663052e+01  1.150197e-02 
 1.663092e+01  1.271906e-02 
 1.663131e+01  1.393792e-02 
 1.663171e+01  1.516736e-02 
 1.663211e+01  1.637817e-02 
 1.663251e+01  1.760935e-02 
 1.663290e+01  1.883834e-02 
 1.663330e+01  2.008159e-02 
 1.663370e+01  2.131663e-02 
 1.663410e+01  2.255831e-02 
 1.663449e+01  2.379509e-02 
 1.663489e+01  2.502025e-02 
 1.663529e+01  2.625571e-02 
 1.663569e+01  2.749259e-02 
 1.663609e+01  2.871336e-02 
 1.663648e+01  2.994432e-02 
 1.663688e+01  3.115360e-02 
 1.663728e+01  3.237059e-02 
 1.663768e+01  3.358854e-02 
 1.663807e+01  3.479694e-02 
 1.663847e+01  3.600086e-02 
 1.663887e+01  3.718415e-02 
 1.663927e+01  3.835491e-02 
 1.663966e+01  3.950865e-02 
 1.664006e+01  4.065178e-02 
 1.664046e+01  4.178702e-02 
 1.664086e+01  4.291592e-02 
 1.664126e+01  4.401132e-02 
 1.664165e+01  4.508570e-02 
 1.664205e+01  4.615044e-02 
 1.664245e+01  4.719403e-02 
 1.664285e+01  4.822648e-02 
 1.664324e+01  4.922828e-02 
 1.664364e+01  5.021101e-02 
 1.664404e+01  5.116393e-02 
 1.664444e+01  5.209416e-02 
 1.664483e+01  5.300294e-02 
 1.664523e+01  5.388441e-02 
 1.664563e+01  5.474615e-02 
 1.664603e+01  5.557133e-02 
 1.664643e+01  5.637466e-02 
 1.664682e+01  5.715408e-02 
 1.664722e+01  5.791095e-02 
 1.664762e+01  5.864854e-02 
 1.664802e+01  5.934894e-02 
 1.664841e+01  6.001367e-02 
 1.664881e+01  6.066335e-02 
 1.664921e+01  6.126276e-02 
 1.664961e+01  6.184220e-02 
 1.665000e+01  6.239398e-02 
 1.665040e+01  6.291048e-02 
 1.665080e+01  6.338866e-02 
 1.665120e+01  6.382728e-02 
 1.665160e+01  6.424785e-02 
 1.665199e+01  6.464156e-02 
 1.665239e+01  6.500247e-02 
 1.665279e+01  6.535265e-02 
 1.665319e+01  6.566868e-02 
 1.665358e+01  6.595118e-02 
 1.665398e+01  6.620912e-02 
 1.665438e+01  6.643720e-02 
 1.665478e+01  6.664327e-02 
 1.665517e+01  6.681406e-02 
 1.665557e+01  6.695979e-02 
 1.665597e+01  6.708626e-02 
 1.665637e+01  6.719697e-02 
 1.665677e+01  6.727773e-02 
 1.665716e+01  6.733432e-02 
 1.665756e+01  6.736378e-02 
 1.665796e+01  6.736271e-02 
 1.665836e+01  6.732761e-02 
 1.665875e+01  6.725434e-02 
 1.665915e+01  6.715943e-02 
 1.665955e+01  6.702747e-02 
 1.665995e+01  6.686886e-02 
 1.666034e+01  6.667175e-02 
 1.666074e+01  6.644813e-02 
 1.666114e+01  6.619519e-02 
 1.666154e+01  6.592248e-02 
 1.666194e+01  6.561764e-02 
 1.666233e+01  6.529151e-02 
 1.666273e+01  6.492663e-02 
 1.666313e+01  6.452582e-02 
 1.666353e+01  6.408925e-02 
 1.666392e+01  6.362290e-02 
 1.666432e+01  6.313187e-02 
 1.666472e+01  6.260274e-02 
 1.666512e+01  6.206320e-02 
 1.666551e+01  6.148757e-02 
 1.666591e+01  6.088752e-02 
 1.666631e+01  6.025574e-02 
 1.666671e+01  5.961444e-02 
 1.666711e+01  5.893166e-02 
 1.666750e+01  5.821649e-02 
 1.666790e+01  5.747045e-02 
 1.666830e+01  5.670309e-02 
 1.666870e+01  5.590016e-02 
 1.666909e+01  5.508245e-02 
 1.666949e+01  5.424268e-02 
 1.666989e+01  5.336687e-02 
 1.667029e+01  5.246610e-02 
 1.667068e+01  5.154116e-02 
 1.667108e+01  5.060010e-02 
 1.667148e+01  4.963052e-02 
 1.667188e+01  4.865454e-02 
 1.667228e+01  4.763867e-02 
 1.667267e+01  4.660432e-02 
 1.667307e+01  4.554695e-02 
 1.667347e+01  4.448022e-02 
 1.667387e+01  4.339860e-02 
 1.667426e+01  4.230348e-02 
 1.667466e+01  4.118724e-02 
 1.667506e+01  4.006553e-02 
 1.667546e+01  3.893175e-02 
 1.667585e+01  3.778898e-02 
 1.667625e+01  3.662939e-02 
 1.667665e+01  3.545945e-02 
 1.667705e+01  3.425967e-02 
 1.667745e+01  3.305395e-02 
 1.667784e+01  3.183117e-02 
 1.667824e+01  3.060335e-02 
 1.667864e+01  2.936774e-02 
 1.667904e+01  2.811829e-02 
 1.667943e+01  2.686734e-02 
 1.667983e+01  2.560602e-02 
 1.668023e+01  2.435801e-02 
 1.668063e+01  2.311521e-02 
 1.668102e+01  2.186310e-02 
 1.668142e+01  2.060371e-02 
 1.668182e+01  1.935508e-02 
 1.668222e+01  1.809384e-02 
 1.668262e+01  1.684517e-02 
 1.668301e+01  1.559423e-02 
 1.668341e+01  1.436105e-02 
 1.668381e+01  1.312377e-02 
 1.668421e+01  1.190039e-02 
 1.668460e+01  1.069353e-02 
 1.668500e+01  9.501613e-03 
 1.668540e+01  8.317400e-03 
 1.668580e+01  7.152877e-03 
 1.668619e+01  5.975204e-03 
 1.668659e+01  4.795343e-03 
 1.668699e+01  3.621211e-03 
 1.668739e+01  2.462303e-03 
 1.668779e+01  1.331312e-03 
 1.668818e+01  1.940240e-04 
 1.668858e+01 -9.135981e-04 
 1.668898e+01 -2.013800e-03 
 1.668938e+01 -3.101199e-03 
 1.668977e+01 -4.170774e-03 
 1.669017e+01 -5.215839e-03 
 1.669057e+01 -6.249929e-03 
 1.669097e+01 -7.278005e-03 
 1.669137e+01 -8.296642e-03 
 1.669176e+01 -9.304950e-03 
 1.669216e+01 -1.028284e-02 
 1.669256e+01 -1.124698e-02 
 1.669296e+01 -1.218358e-02 
 1.669335e+01 -1.311742e-02 
 1.669375e+01 -1.403143e-02 
 1.669415e+01 -1.491939e-02 
 1.669455e+01 -1.578816e-02 
 1.669494e+01 -1.663055e-02 
 1.669534e+01 -1.745450e-02 
 1.669574e+01 -1.825568e-02 
 1.669614e+01 -1.904905e-02 
 1.669654e+01 -1.982603e-02 
 1.669693e+01 -2.056498e-02 
 1.669733e+01 -2.128330e-02 
 1.669773e+01 -2.196884e-02 
 1.669813e+01 -2.263535e-02 
 1.669852e+01 -2.328341e-02 
 1.669892e+01 -2.390912e-02 
 1.669932e+01 -2.451278e-02 
 1.669972e+01 -2.507856e-02 
 1.670011e+01 -2.561787e-02 
 1.670051e+01 -2.612354e-02 
 1.670091e+01 -2.660547e-02 
 1.670131e+01 -2.705811e-02 
 1.670171e+01 -2.748141e-02 
 1.670210e+01 -2.787101e-02 
 1.670250e+01 -2.823203e-02 
 1.670290e+01 -2.855230e-02 
 1.670330e+01 -2.885355e-02 
 1.670369e+01 -2.912178e-02 
 1.670409e+01 -2.935170e-02 
 1.670449e+01 -2.953601e-02 
 1.670489e+01 -2.969160e-02 
 1.670528e+01 -2.982637e-02 
 1.670568e+01 -2.993516e-02 
 1.670608e+01 -3.001221e-02 
 1.670648e+01 -3.006743e-02 
 1.670688e+01 -3.008586e-02 
 1.670727e+01 -3.006444e-02 
 1.670767e+01 -3.000305e-02 
 1.670807e+01 -2.991799e-02 
 1.670847e+01 -2.979856e-02 
 1.670886e+01 -2.964435e-02 
 1.670926e+01 -2.946216e-02 
 1.670966e+01 -2.922811e-02 
 1.671006e+01 -2.895856e-02 
 1.671045e+01 -2.867697e-02 
 1.671085e+01 -2.835976e-02 
 1.671125e+01 -2.800802e-02 
 1.671165e+01 -2.762958e-02 
 1.671205e+01 -2.721014e-02 
 1.671244e+01 -2.675702e-02 
 1.671284e+01 -2.626417e-02 
 1.671324e+01 -2.575098e-02 
 1.671364e+01 -2.520271e-02 
 1.671403e+01 -2.460969e-02 
 1.671443e+01 -2.400134e-02 
 1.671483e+01 -2.334715e-02 
 1.671523e+01 -2.269068e-02 
 1.671562e+01 -2.201986e-02 
 1.671602e+01 -2.130400e-02 
 1.671642e+01 -2.055643e-02 
 1.671682e+01 -1.978425e-02 
 1.671722e+01 -1.897902e-02 
 1.671761e+01 -1.815506e-02 
 1.671801e+01 -1.731357e-02 
 1.671841e+01 -1.646162e-02 
 1.671881e+01 -1.557545e-02 
 1.671920e+01 -1.466702e-02 
 1.671960e+01 -1.373978e-02 
 1.672000e+01 -1.280100e-02 
 1.672040e+01 -1.184942e-02 
 1.672079e+01 -1.087895e-02 
 1.672119e+01 -9.884490e-03 
 1.672159e+01 -8.868774e-03 
 1.672199e+01 -7.834477e-03 
 1.672239e+01 -6.797748e-03 
 1.672278e+01 -5.746720e-03 
 1.672318e+01 -4.675986e-03 
 1.672358e+01 -3.575760e-03 
 1.672398e+01 -2.478217e-03 
 1.672437e+01 -1.369685e-03 
 1.672477e+01 -2.591973e-04 
 1.672517e+01  8.621959e-04 
 1.672557e+01  1.991183e-03 
 1.672596e+01  3.132267e-03 
 1.672636e+01  4.289602e-03 
 1.672676e+01  5.450520e-03 
 1.672716e+01  6.613369e-03 
 1.672756e+01  7.766302e-03 
 1.672795e+01  8.935629e-03 
 1.672835e+01  1.012448e-02 
 1.672875e+01  1.131991e-02 
 1.672915e+01  1.250365e-02 
 1.672954e+01  1.370974e-02 
 1.672994e+01  1.491914e-02 
 1.673034e+01  1.611990e-02 
 1.673074e+01  1.733932e-02 
 1.673113e+01  1.856682e-02 
 1.673153e+01  1.978771e-02 
 1.673193e+01  2.100225e-02 
 1.673233e+01  2.222704e-02 
 1.673273e+01  2.345372e-02 
 1.673312e+01  2.466995e-02 
 1.673352e+01  2.590595e-02 
 1.673392e+01  2.712798e-02 
 1.673432e+01  2.833361e-02 
 1.673471e+01  2.953533e-02 
 1.673511e+01  3.074952e-02 
 1.673551e+01  3.195348e-02 
 1.673591e+01  3.315384e-02 
 1.673630e+01  3.434885e-02 
 1.673670e+01  3.552730e-02 
 1.673710e+01  3.668704e-02 
 1.673750e+01  3.783061e-02 
 1.673790e+01  3.896905e-02 
 1.673829e+01  4.009533e-02 
 1.673869e+01  4.121064e-02 
 1.673909e+01  4.231269e-02 
 1.673949e+01  4.339730e-02 
 1.673988e+01  4.446453e-02 
 1.674028e+01  4.553441e-02 
 1.674068e+01  4.658786e-02 
 1.674108e+01  4.761494e-02 
 1.674147e+01  4.862182e-02 
 1.674187e+01  4.961976e-02 
 1.674227e+01  5.059832e-02 
 1.674267e+01  5.154944e-02 
 1.674307e+01  5.249449e-02 
 1.674346e+01  5.341116e-02 
 1.674386e+01  5.430860e-02 
 1.674426e+01  5.517892e-02 
 1.674466e+01  5.603241e-02 
 1.674505e+01  5.685012e-02 
 1.674545e+01  5.765220e-02 
 1.674585e+01  5.843126e-02 
 1.674625e+01  5.916366e-02 
 1.674664e+01  5.985728e-02 
 1.674704e+01  6.052174e-02 
 1.674744e+01  6.115826e-02 
 1.674784e+01  6.177619e-02 
 1.674824e+01  6.235814e-02 
 1.674863e+01  6.292375e-02 
 1.674903e+01  6.345950e-02 
 1.674943e+01  6.394993e-02 
 1.674983e+01  6.442274e-02 
 1.675022e+01  6.487451e-02 
 1.675062e+01  6.527772e-02 
 1.675102e+01  6.564659e-02 
 1.675142e+01  6.597721e-02 
 1.675181e+01  6.628646e-02 
 1.675221e+01  6.655642e-02 
 1.675261e+01  6.680435e-02 
 1.675301e+01  6.702180e-02 
 1.675341e+01  6.719234e-02 
 1.675380e+01  6.734023e-02 
 1.675420e+01  6.746007e-02 
 1.675460e+01  6.753858e-02 
 1.675500e+01  6.759012e-02 
 1.675539e+01  6.760261e-02 
 1.675579e+01  6.758482e-02 
 1.675619e+01  6.751733e-02 
 1.675659e+01  6.742039e-02 
 1.675698e+01  6.730212e-02 
 1.675738e+01  6.715371e-02 
 1.675778e+01  6.699449e-02 
 1.675818e+01  6.680046e-02 
 1.675858e+01  6.657563e-02 
 1.675897e+01  6.633697e-02 
 1.675937e+01  6.607808e-02 
 1.675977e+01  6.578185e-02 
 1.676017e+01  6.545601e-02 
 1.676056e+01  6.510828e-02 
 1.676096e+01  6.472810e-02 
 1.676136e+01  6.431205e-02 
 1.676176e+01  6.388430e-02 
 1.676215e+01  6.342192e-02 
 1.676255e+01  6.294265e-02 
 1.676295e+01  6.243725e-02 
 1.676335e+01  6.190548e-02 
 1.676375e+01  6.134343e-02 
 1.676414e+01  6.077210e-02 
 1.676454e+01  6.017438e-02 
 1.676494e+01  5.953851e-02 
 1.676534e+01  5.888059e-02 
 1.676573e+01  5.817484e-02 
 1.676613e+01  5.744726e-02 
 1.676653e+01  5.668022e-02 
 1.676693e+01  5.589535e-02 
 1.676732e+01  5.509386e-02 
 1.676772e+01  5.425252e-02 
 1.676812e+01  5.340961e-02 
 1.676852e+01  5.253330e-02 
 1.676892e+01  5.165736e-02 
 1.676931e+01  5.075593e-02 
 1.676971e+01  4.982308e-02 
 1.677011e+01  4.887100e-02 
 1.677051e+01  4.787981e-02 
 1.677090e+01  4.687514e-02 
 1.677130e+01  4.585273e-02 
 1.677170e+01  4.480727e-02 
 1.677210e+01  4.374233e-02 
 1.677249e+01  4.265836e-02 
 1.677289e+01  4.157366e-02 
 1.677329e+01  4.046571e-02 
 1.677369e+01  3.935028e-02 
 1.677409e+01  3.822692e-02 
 1.677448e+01  3.707735e-02 
 1.677488e+01  3.590221e-02 
 1.677528e+01  3.471126e-02 
 1.677568e+01  3.350678e-02 
 1.677607e+01  3.228050e-02 
 1.677647e+01  3.107362e-02 
 1.677687e+01  2.984781e-02 
 1.677727e+01  2.860330e-02 
 1.677766e+01  2.738666e-02 
 1.677806e+01  2.617021e-02 
 1.677846e+01  2.494983e-02 
 1.677886e+01  2.371517e-02 
 1.677926e+01  2.248516e-02 
 1.677965e+01  2.123395e-02 
 1.678005e+01  1.997314e-02 
 1.678045e+01  1.872455e-02 
 1.678085e+01  1.747723e-02 
 1.678124e+01  1.622590e-02 
 1.678164e+01  1.497758e-02 
 1.678204e+01  1.373661e-02 
 1.678244e+01  1.248863e-02 
 1.678284e+01  1.125610e-02 
 1.678323e+01  1.002962e-02 
 1.678363e+01  8.811191e-03 
 1.678403e+01  7.593369e-03 
 1.678443e+01  6.370328e-03 
 1.678482e+01  5.157586e-03 
 1.678522e+01  3.947664e-03 
 1.678562e+01  2.759019e-03 
 1.678602e+01  1.581381e-03 
 1.678641e+01  4.187105e-04 
 1.678681e+01 -7.375784e-04 
 1.678721e+01 -1.873435e-03 
 1.678761e+01 -2.992594e-03 
 1.678801e+01 -4.088313e-03 
 1.678840e+01 -5.166143e-03 
 1.678880e+01 -6.236367e-03 
 1.678920e+01 -7.297946e-03 
 1.678960e+01 -8.337823e-03 
 1.678999e+01 -9.347981e-03 
 1.679039e+01 -1.034385e-02 
 1.679079e+01 -1.131008e-02 
 1.679119e+01 -1.225962e-02 
 1.679158e+01 -1.318875e-02 
 1.679198e+01 -1.410277e-02 
 1.679238e+01 -1.498632e-02 
 1.679278e+01 -1.584653e-02 
 1.679318e+01 -1.667462e-02 
 1.679357e+01 -1.747680e-02 
 1.679397e+01 -1.827494e-02 
 1.679437e+01 -1.905155e-02 
 1.679477e+01 -1.980707e-02 
 1.679516e+01 -2.052542e-02 
 1.679556e+01 -2.121843e-02 
 1.679596e+01 -2.188727e-02 
 1.679636e+01 -2.252668e-02 
 1.679675e+01 -2.314804e-02 
 1.679715e+01 -2.372880e-02 
 1.679755e+01 -2.427139e-02 
 1.679795e+01 -2.479604e-02 
 1.679835e+01 -2.529681e-02 
 1.679874e+01 -2.577891e-02 
 1.679914e+01 -2.623847e-02 
 1.679954e+01 -2.667271e-02 
 1.679994e+01 -2.706958e-02 
 1.680033e+01 -2.744513e-02 
 1.680073e+01 -2.779842e-02 
 1.680113e+01 -2.813198e-02 
 1.680153e+01 -2.843149e-02 
 1.680192e+01 -2.870722e-02 
 1.680232e+01 -2.894671e-02 
 1.680272e+01 -2.915142e-02 
 1.680312e+01 -2.933150e-02 
 1.680352e+01 -2.949192e-02 
 1.680391e+01 -2.962310e-02 
 1.680431e+01 -2.971646e-02 
 1.680471e+01 -2.977733e-02 
 1.680511e+01 -2.980494e-02 
 1.680550e+01 -2.980741e-02 
 1.680590e+01 -2.977189e-02 
 1.680630e+01 -2.971262e-02 
 1.680670e+01 -2.963202e-02 
 1.680709e+01 -2.950261e-02 
 1.680749e+01 -2.933196e-02 
 1.680789e+01 -2.914752e-02 
 1.680829e+01 -2.891553e-02 
 1.680869e+01 -2.865166e-02 
 1.680908e+01 -2.835630e-02 
 1.680948e+01 -2.802459e-02 
 1.680988e+01 -2.765799e-02 
 1.681028e+01 -2.725965e-02 
 1.681067e+01 -2.684048e-02 
 1.681107e+01 -2.638376e-02 
 1.681147e+01 -2.591132e-02 
 1.681187e+01 -2.539991e-02 
 1.681226e+01 -2.482847e-02 
 1.681266e+01 -2.424927e-02 
 1.681306e+01 -2.363761e-02 
 1.681346e+01 -2.300476e-02 
 1.681386e+01 -2.233493e-02 
 1.681425e+01 -2.165154e-02 
 1.681465e+01 -2.092228e-02 
 1.681505e+01 -2.017536e-02 
 1.681545e+01 -1.941669e-02 
 1.681584e+01 -1.862890e-02 
 1.681624e+01 -1.781427e-02 
 1.681664e+01 -1.696663e-02 
 1.681704e+01 -1.608872e-02 
 1.681743e+01 -1.517641e-02 
 1.681783e+01 -1.426751e-02 
 1.681823e+01 -1.331921e-02 
 1.681863e+01 -1.235994e-02 
 1.681903e+01 -1.138370e-02 
 1.681942e+01 -1.038722e-02 
 1.681982e+01 -9.358873e-03 
 1.682022e+01 -8.328455e-03 
 1.682062e+01 -7.293023e-03 
 1.682101e+01 -6.229573e-03 
 1.682141e+01 -5.143072e-03 
 1.682181e+01 -4.047935e-03 
 1.682221e+01 -2.941170e-03 
 1.682260e+01 -1.819529e-03 
 1.682300e+01 -7.020548e-04 
 1.682340e+01  4.340331e-04 
 1.682380e+01  1.589788e-03 
 1.682420e+01  2.757837e-03 
 1.682459e+01  3.935513e-03 
 1.682499e+01  5.126340e-03 
 1.682539e+01  6.316088e-03 
 1.682579e+01  7.510349e-03 
 1.682618e+01  8.726424e-03 
 1.682658e+01  9.948711e-03 
 1.682698e+01  1.117042e-02 
 1.682738e+01  1.239519e-02 
 1.682777e+01  1.362452e-02 
 1.682817e+01  1.485240e-02 
 1.682857e+01  1.608530e-02 
 1.682897e+01  1.732182e-02 
 1.682937e+01  1.856765e-02 
 1.682976e+01  1.980078e-02 
 1.683016e+01  2.102090e-02 
 1.683056e+01  2.223101e-02 
 1.683096e+01  2.344371e-02 
 1.683135e+01  2.465974e-02 
 1.683175e+01  2.586781e-02 
 1.683215e+01  2.706688e-02 
 1.683255e+01  2.827165e-02 
 1.683294e+01  2.944949e-02 
 1.683334e+01  3.064343e-02 
 1.683374e+01  3.182480e-02 
 1.683414e+01  3.299215e-02 
 1.683454e+01  3.414452e-02 
 1.683493e+01  3.527569e-02 
 1.683533e+01  3.639849e-02 
 1.683573e+01  3.751573e-02 
 1.683613e+01  3.862438e-02 
 1.683652e+01  3.973432e-02 
 1.683692e+01  4.082876e-02 
 1.683732e+01  4.192172e-02 
 1.683772e+01  4.299174e-02 
 1.683811e+01  4.406127e-02 
 1.683851e+01  4.511940e-02 
 1.683891e+01  4.615122e-02 
 1.683931e+01  4.716635e-02 
 1.683971e+01  4.815100e-02 
 1.684010e+01  4.912092e-02 
 1.684050e+01  5.007412e-02 
 1.684090e+01  5.100869e-02 
 1.684130e+01  5.193240e-02 
 1.684169e+01  5.283293e-02 
 1.684209e+01  5.371763e-02 
 1.684249e+01  5.458067e-02 
 1.684289e+01  5.542157e-02 
 1.684328e+01  5.624223e-02 
 1.684368e+01  5.704530e-02 
 1.684408e+01  5.780615e-02 
 1.684448e+01  5.853785e-02 
 1.684488e+01  5.926363e-02 
 1.684527e+01  5.995680e-02 
 1.684567e+01  6.063750e-02 
 1.684607e+01  6.128911e-02 
 1.684647e+01  6.192308e-02 
 1.684686e+01  6.252483e-02 
 1.684726e+01  6.310969e-02 
 1.684766e+01  6.366237e-02 
 1.684806e+01  6.419616e-02 
 1.684845e+01  6.468175e-02 
 1.684885e+01  6.514009e-02 
 1.684925e+01  6.554871e-02 
 1.684965e+01  6.592917e-02 
 1.685005e+01  6.627437e-02 
 1.685044e+01  6.658910e-02 
 1.685084e+01  6.686540e-02 
 1.685124e+01  6.710841e-02 
 1.685164e+01  6.732716e-02 
 1.685203e+01  6.750822e-02 
 1.685243e+01  6.766213e-02 
 1.685283e+01  6.778878e-02 
 1.685323e+01  6.786938e-02 
 1.685362e+01  6.791220e-02 
 1.685402e+01  6.792239e-02 
 1.685442e+01  6.788714e-02 
 1.685482e+01  6.781858e-02 
 1.685522e+01  6.772517e-02 
 1.685561e+01  6.760381e-02 
 1.685601e+01  6.744752e-02 
 1.685641e+01  6.726605e-02 
 1.685681e+01  6.704318e-02 
 1.685720e+01  6.680143e-02 
 1.685760e+01  6.652823e-02 
 1.685800e+01  6.622021e-02 
 1.685840e+01  6.586637e-02 
 1.685879e+01  6.548616e-02 
 1.685919e+01  6.507762e-02 
 1.685959e+01  6.462290e-02 
 1.685999e+01  6.414544e-02 
 1.686039e+01  6.365605e-02 
 1.686078e+01  6.313391e-02 
 1.686118e+01  6.256936e-02 
 1.686158e+01  6.199680e-02 
 1.686198e+01  6.139491e-02 
 1.686237e+01  6.077162e-02 
 1.686277e+01  6.011704e-02 
 1.686317e+01  5.944274e-02 
 1.686357e+01  5.873261e-02 
 1.686396e+01  5.800592e-02 
 1.686436e+01  5.727012e-02 
 1.686476e+01  5.650869e-02 
 1.686516e+01  5.573678e-02 
 1.686556e+01  5.495552e-02 
 1.686595e+01  5.414496e-02 
 1.686635e+01  5.331423e-02 
 1.686675e+01  5.246793e-02 
 1.686715e+01  5.160776e-02 
 1.686754e+01  5.071489e-02 
 1.686794e+01  4.979371e-02 
 1.686834e+01  4.885955e-02 
 1.686874e+01  4.789662e-02 
 1.686913e+01  4.691734e-02 
 1.686953e+01  4.592257e-02 
 1.686993e+01  4.491362e-02 
 1.687033e+01  4.387742e-02 
 1.687073e+01  4.283313e-02 
 1.687112e+01  4.177370e-02 
 1.687152e+01  4.071117e-02 
 1.687192e+01  3.962465e-02 
 1.687232e+01  3.852179e-02 
 1.687271e+01  3.740278e-02 
 1.687311e+01  3.625958e-02 
 1.687351e+01  3.509449e-02 
 1.687391e+01  3.392696e-02 
 1.687431e+01  3.276165e-02 
 1.687470e+01  3.157334e-02 
 1.687510e+01  3.038285e-02 
 1.687550e+01  2.916970e-02 
 1.687590e+01  2.796554e-02 
 1.687629e+01  2.674919e-02 
 1.687669e+01  2.552729e-02 
 1.687709e+01  2.428272e-02 
 1.687749e+01  2.303939e-02 
 1.687788e+01  2.177992e-02 
 1.687828e+01  2.051651e-02 
 1.687868e+01  1.925019e-02 
 1.687908e+01  1.799358e-02 
 1.687948e+01  1.672683e-02 
 1.687987e+01  1.547415e-02 
 1.688027e+01  1.421154e-02 
 1.688067e+01  1.296413e-02 
 1.688107e+01  1.172907e-02 
 1.688146e+01  1.049891e-02 
 1.688186e+01  9.262140e-03 
 1.688226e+01  8.018641e-03 
 1.688266e+01  6.800853e-03 
 1.688305e+01  5.564276e-03 
 1.688345e+01  4.356703e-03 
 1.688385e+01  3.165457e-03 
 1.688425e+01  1.997292e-03 
 1.688465e+01  8.368723e-04 
 1.688504e+01 -3.143922e-04 
 1.688544e+01 -1.436044e-03 
 1.688584e+01 -2.549711e-03 
 1.688624e+01 -3.657344e-03 
 1.688663e+01 -4.743411e-03 
 1.688703e+01 -5.835301e-03 
 1.688743e+01 -6.911314e-03 
 1.688783e+01 -7.969958e-03 
 1.688822e+01 -9.000623e-03 
 1.688862e+01 -1.002259e-02 
 1.688902e+01 -1.101484e-02 
 1.688942e+01 -1.198630e-02 
 1.688982e+01 -1.294189e-02 
 1.689021e+01 -1.388730e-02 
 1.689061e+01 -1.478352e-02 
 1.689101e+01 -1.567502e-02 
 1.689141e+01 -1.654669e-02 
 1.689180e+01 -1.739911e-02 
 1.689220e+01 -1.823714e-02 
 1.689260e+01 -1.904765e-02 
 1.689300e+01 -1.982366e-02 
 1.689339e+01 -2.054156e-02 
 1.689379e+01 -2.125029e-02 
 1.689419e+01 -2.193137e-02 
 1.689459e+01 -2.258483e-02 
 1.689499e+01 -2.320699e-02 
 1.689538e+01 -2.381140e-02 
 1.689578e+01 -2.438195e-02 
 1.689618e+01 -2.493302e-02 
 1.689658e+01 -2.546382e-02 
 1.689697e+01 -2.596582e-02 
 1.689737e+01 -2.643043e-02 
 1.689777e+01 -2.685116e-02 
 1.689817e+01 -2.724235e-02 
 1.689856e+01 -2.760112e-02 
 1.689896e+01 -2.793538e-02 
 1.689936e+01 -2.824514e-02 
 1.689976e+01 -2.851188e-02 
 1.690016e+01 -2.874434e-02 
 1.690055e+01 -2.894978e-02 
 1.690095e+01 -2.912691e-02 
 1.690135e+01 -2.928118e-02 
 1.690175e+01 -2.941089e-02 
 1.690214e+01 -2.951249e-02 
 1.690254e+01 -2.956743e-02 
 1.690294e+01 -2.959330e-02 
 1.690334e+01 -2.959562e-02 
 1.690373e+01 -2.956167e-02 
 1.690413e+01 -2.951705e-02 
 1.690453e+01 -2.943891e-02 
 1.690493e+01 -2.932258e-02 
 1.690533e+01 -2.917765e-02 
 1.690572e+01 -2.902070e-02 
 1.690612e+01 -2.883229e-02 
 1.690652e+01 -2.860904e-02 
 1.690692e+01 -2.837245e-02 
 1.690731e+01 -2.809210e-02 
 1.690771e+01 -2.778700e-02 
 1.690811e+01 -2.745721e-02 
 1.690851e+01 -2.711021e-02 
 1.690890e+01 -2.672639e-02 
 1.690930e+01 -2.631299e-02 
 1.690970e+01 -2.586317e-02 
 1.691010e+01 -2.538025e-02 
 1.691050e+01 -2.486184e-02 
 1.691089e+01 -2.433754e-02 
 1.691129e+01 -2.378592e-02 
 1.691169e+01 -2.320087e-02 
 1.691209e+01 -2.258460e-02 
 1.691248e+01 -2.192570e-02 
 1.691288e+01 -2.124197e-02 
 1.691328e+01 -2.052336e-02 
 1.691368e+01 -1.979562e-02 
 1.691407e+01 -1.902068e-02 
 1.691447e+01 -1.821534e-02 
 1.691487e+01 -1.738613e-02 
 1.691527e+01 -1.652588e-02 
 1.691567e+01 -1.563709e-02 
 1.691606e+01 -1.473906e-02 
 1.691646e+01 -1.382780e-02 
 1.691686e+01 -1.286908e-02 
 1.691726e+01 -1.189515e-02 
 1.691765e+01 -1.091088e-02 
 1.691805e+01 -9.902841e-03 
 1.691845e+01 -8.877007e-03 
 1.691885e+01 -7.840105e-03 
 1.691924e+01 -6.769435e-03 
 1.691964e+01 -5.679093e-03 
 1.692004e+01 -4.556186e-03 
 1.692044e+01 -3.442417e-03 
 1.692084e+01 -2.307015e-03 
 1.692123e+01 -1.171681e-03 
 1.692163e+01 -9.286836e-06 
 1.692203e+01  1.162981e-03 
 1.692243e+01  2.357636e-03 
 1.692282e+01  3.545978e-03 
 1.692322e+01  4.730314e-03 
 1.692362e+01  5.931419e-03 
 1.692402e+01  7.128376e-03 
 1.692441e+01  8.352131e-03 
 1.692481e+01  9.582139e-03 
 1.692521e+01  1.081118e-02 
 1.692561e+01  1.204281e-02 
 1.692601e+01  1.328157e-02 
 1.692640e+01  1.451332e-02 
 1.692680e+01  1.574250e-02 
 1.692720e+01  1.698174e-02 
 1.692760e+01  1.821087e-02 
 1.692799e+01  1.942955e-02 
 1.692839e+01  2.064693e-02 
 1.692879e+01  2.188237e-02 
 1.692919e+01  2.310885e-02 
 1.692958e+01  2.434517e-02 
 1.692998e+01  2.557616e-02 
 1.693038e+01  2.678966e-02 
 1.693078e+01  2.799463e-02 
 1.693118e+01  2.920538e-02 
 1.693157e+01  3.040961e-02 
 1.693197e+01  3.159415e-02 
 1.693237e+01  3.279126e-02 
 1.693277e+01  3.396996e-02 
 1.693316e+01  3.513165e-02 
 1.693356e+01  3.630052e-02 
 1.693396e+01  3.746005e-02 
 1.693436e+01  3.860246e-02 
 1.693475e+01  3.973571e-02 
 1.693515e+01  4.084172e-02 
 1.693555e+01  4.193746e-02 
 1.693595e+01  4.300488e-02 
 1.693635e+01  4.405820e-02 
 1.693674e+01  4.509189e-02 
 1.693714e+01  4.610244e-02 
 1.693754e+01  4.709162e-02 
 1.693794e+01  4.806488e-02 
 1.693833e+01  4.902491e-02 
 1.693873e+01  4.996957e-02 
 1.693913e+01  5.090294e-02 
 1.693953e+01  5.180803e-02 
 1.693992e+01  5.268935e-02 
 1.694032e+01  5.354449e-02 
 1.694072e+01  5.438633e-02 
 1.694112e+01  5.521319e-02 
 1.694152e+01  5.601155e-02 
 1.694191e+01  5.678482e-02 
 1.694231e+01  5.752875e-02 
 1.694271e+01  5.824525e-02 
 1.694311e+01  5.895246e-02 
 1.694350e+01  5.963421e-02 
 1.694390e+01  6.029075e-02 
 1.694430e+01  6.092237e-02 
 1.694470e+01  6.153707e-02 
 1.694509e+01  6.211996e-02 
 1.694549e+01  6.268398e-02 
 1.694589e+01  6.321524e-02 
 1.694629e+01  6.371421e-02 
 1.694669e+01  6.417162e-02 
 1.694708e+01  6.460316e-02 
 1.694748e+01  6.500739e-02 
 1.694788e+01  6.539784e-02 
 1.694828e+01  6.577132e-02 
 1.694867e+01  6.612325e-02 
 1.694907e+01  6.643594e-02 
 1.694947e+01  6.672938e-02 
 1.694987e+01  6.698552e-02 
 1.695026e+01  6.721577e-02 
 1.695066e+01  6.740720e-02 
 1.695106e+01  6.756885e-02 
 1.695146e+01  6.768696e-02 
 1.695186e+01  6.776922e-02 
 1.695225e+01  6.783444e-02 
 1.695265e+01  6.786484e-02 
 1.695305e+01  6.786276e-02 
 1.695345e+01  6.784828e-02 
 1.695384e+01  6.779004e-02 
 1.695424e+01  6.769190e-02 
 1.695464e+01  6.756270e-02 
 1.695504e+01  6.740465e-02 
 1.695543e+01  6.718040e-02 
 1.695583e+01  6.691886e-02 
 1.695623e+01  6.661969e-02 
 1.695663e+01  6.628343e-02 
 1.695703e+01  6.590632e-02 
 1.695742e+01  6.552326e-02 
 1.695782e+01  6.510953e-02 
 1.695822e+01  6.466135e-02 
 1.695862e+01  6.419305e-02 
 1.695901e+01  6.368458e-02 
 1.695941e+01  6.313816e-02 
 1.695981e+01  6.256706e-02 
 1.696021e+01  6.197705e-02 
 1.696060e+01  6.134590e-02 
 1.696100e+01  6.068033e-02 
 1.696140e+01  6.000219e-02 
 1.696180e+01  5.929177e-02 
 1.696220e+01  5.854818e-02 
 1.696259e+01  5.779663e-02 
 1.696299e+01  5.701749e-02 
 1.696339e+01  5.621383e-02 
 1.696379e+01  5.538513e-02 
 1.696418e+01  5.453959e-02 
 1.696458e+01  5.366179e-02 
 1.696498e+01  5.275491e-02 
 1.696538e+01  5.183784e-02 
 1.696578e+01  5.088846e-02 
 1.696617e+01  4.990678e-02 
 1.696657e+01  4.892191e-02 
 1.696697e+01  4.792545e-02 
 1.696737e+01  4.691800e-02 
 1.696776e+01  4.589787e-02 
 1.696816e+01  4.487273e-02 
 1.696856e+01  4.382438e-02 
 1.696896e+01  4.276021e-02 
 1.696935e+01  4.169553e-02 
 1.696975e+01  4.061596e-02 
 1.697015e+01  3.951069e-02 
 1.697055e+01  3.839901e-02 
 1.697095e+01  3.726640e-02 
 1.697134e+01  3.611932e-02 
 1.697174e+01  3.496559e-02 
 1.697214e+01  3.381988e-02 
 1.697254e+01  3.265532e-02 
 1.697293e+01  3.149701e-02 
 1.697333e+01  3.032596e-02 
 1.697373e+01  2.915718e-02 
 1.697413e+01  2.797578e-02 
 1.697452e+01  2.679017e-02 
 1.697492e+01  2.558870e-02 
 1.697532e+01  2.436623e-02 
 1.697572e+01  2.315311e-02 
 1.697612e+01  2.192631e-02 
 1.697651e+01  2.071066e-02 
 1.697691e+01  1.950344e-02 
 1.697731e+01  1.830282e-02 
 1.697771e+01  1.711014e-02 
 1.697810e+01  1.589758e-02 
 1.697850e+01  1.469685e-02 
 1.697890e+01  1.350503e-02 
 1.697930e+01  1.230490e-02 
 1.697969e+01  1.109482e-02 
 1.698009e+01  9.885626e-03 
 1.698049e+01  8.677825e-03 
 1.698089e+01  7.466508e-03 
 1.698129e+01  6.273870e-03 
 1.698168e+01  5.087296e-03 
 1.698208e+01  3.913025e-03 
 1.698248e+01  2.747494e-03 
 1.698288e+01  1.593308e-03 
 1.698327e+01  4.318659e-04 
 1.698367e+01 -7.073386e-04 
 1.698407e+01 -1.838600e-03 
 1.698447e+01 -2.980013e-03 
 1.698486e+01 -4.111446e-03 
 1.698526e+01 -5.240859e-03 
 1.698566e+01 -6.353047e-03 
 1.698606e+01 -7.448789e-03 
 1.698646e+01 -8.511533e-03 
 1.698685e+01 -9.556011e-03 
 1.698725e+01 -1.058644e-02 
 1.698765e+01 -1.159414e-02 
 1.698805e+01 -1.256593e-02 
 1.698844e+01 -1.353437e-02 
 1.698884e+01 -1.446486e-02 
 1.698924e+01 -1.538068e-02 
 1.698964e+01 -1.628152e-02 
 1.699003e+01 -1.717950e-02 
 1.699043e+01 -1.803424e-02 
 1.699083e+01 -1.887070e-02 
 1.699123e+01 -1.966928e-02 
 1.699163e+01 -2.044268e-02 
 1.699202e+01 -2.118903e-02 
 1.699242e+01 -2.191156e-02 
 1.699282e+01 -2.257898e-02 
 1.699322e+01 -2.322763e-02 
 1.699361e+01 -2.384932e-02 
 1.699401e+01 -2.444606e-02 
 1.699441e+01 -2.501018e-02 
 1.699481e+01 -2.557048e-02 
 1.699520e+01 -2.608606e-02 
 1.699560e+01 -2.655191e-02 
 1.699600e+01 -2.699280e-02 
 1.699640e+01 -2.740193e-02 
 1.699680e+01 -2.776749e-02 
 1.699719e+01 -2.811270e-02 
 1.699759e+01 -2.842496e-02 
 1.699799e+01 -2.868713e-02 
 1.699839e+01 -2.893184e-02 
 1.699878e+01 -2.915177e-02 
 1.699918e+01 -2.934544e-02 
 1.699958e+01 -2.949797e-02 
 1.699998e+01 -2.963243e-02 
 1.700037e+01 -2.973042e-02 
 1.700077e+01 -2.978796e-02 
 1.700117e+01 -2.980348e-02 
 1.700157e+01 -2.980870e-02 
 1.700197e+01 -2.977132e-02 
 1.700236e+01 -2.970731e-02 
 1.700276e+01 -2.961251e-02 
 1.700316e+01 -2.948303e-02 
 1.700356e+01 -2.932806e-02 
 1.700395e+01 -2.915033e-02 
 1.700435e+01 -2.896418e-02 
 1.700475e+01 -2.871898e-02 
 1.700515e+01 -2.845346e-02 
 1.700554e+01 -2.814909e-02 
 1.700594e+01 -2.780457e-02 
 1.700634e+01 -2.743301e-02 
 1.700674e+01 -2.705010e-02 
 1.700714e+01 -2.663836e-02 
 1.700753e+01 -2.618603e-02 
 1.700793e+01 -2.570006e-02 
 1.700833e+01 -2.519389e-02 
 1.700873e+01 -2.465748e-02 
 1.700912e+01 -2.410582e-02 
 1.700952e+01 -2.352973e-02 
 1.700992e+01 -2.291867e-02 
 1.701032e+01 -2.227870e-02 
 1.701071e+01 -2.161669e-02 
 1.701111e+01 -2.094251e-02 
 1.701151e+01 -2.024303e-02 
 1.701191e+01 -1.952480e-02 
 1.701231e+01 -1.878621e-02 
 1.701270e+01 -1.801684e-02 
 1.701310e+01 -1.721302e-02 
 1.701350e+01 -1.640666e-02 
 1.701390e+01 -1.558373e-02 
 1.701429e+01 -1.473264e-02 
 1.701469e+01 -1.384811e-02 
 1.701509e+01 -1.295290e-02 
 1.701549e+01 -1.202505e-02 
 1.701588e+01 -1.109300e-02 
 1.701628e+01 -1.014252e-02 
 1.701668e+01 -9.171005e-03 
 1.701708e+01 -8.173537e-03 
 1.701748e+01 -7.153183e-03 
 1.701787e+01 -6.108230e-03 
 1.701827e+01 -5.048852e-03 
 1.701867e+01 -3.984800e-03 
 1.701907e+01 -2.896803e-03 
 1.701946e+01 -1.794754e-03 
 1.701986e+01 -6.727308e-04 
 1.702026e+01  4.633747e-04 
 1.702066e+01  1.613145e-03 
 1.702105e+01  2.775488e-03 
 1.702145e+01  3.949988e-03 
 1.702185e+01  5.150170e-03 
 1.702225e+01  6.369258e-03 
 1.702265e+01  7.586784e-03 
 1.702304e+01  8.818578e-03 
 1.702344e+01  1.005833e-02 
 1.702384e+01  1.129177e-02 
 1.702424e+01  1.253605e-02 
 1.702463e+01  1.379337e-02 
 1.702503e+01  1.505499e-02 
 1.702543e+01  1.630894e-02 
 1.702583e+01  1.758077e-02 
 1.702622e+01  1.884913e-02 
 1.702662e+01  2.011412e-02 
 1.702702e+01  2.140408e-02 
 1.702742e+01  2.268733e-02 
 1.702782e+01  2.395942e-02 
 1.702821e+01  2.522270e-02 
 1.702861e+01  2.649636e-02 
 1.702901e+01  2.774676e-02 
 1.702941e+01  2.898690e-02 
 1.702980e+01  3.023370e-02 
 1.703020e+01  3.144920e-02 
 1.703060e+01  3.265449e-02 
 1.703100e+01  3.384663e-02 
 1.703139e+01  3.502615e-02 
 1.703179e+01  3.619540e-02 
 1.703219e+01  3.735326e-02 
 1.703259e+01  3.850193e-02 
 1.703299e+01  3.961969e-02 
 1.703338e+01  4.072051e-02 
 1.703378e+01  4.181996e-02 
 1.703418e+01  4.288680e-02 
 1.703458e+01  4.394744e-02 
 1.703497e+01  4.498870e-02 
 1.703537e+01  4.600691e-02 
 1.703577e+01  4.700666e-02 
 1.703617e+01  4.799031e-02 
 1.703656e+01  4.897013e-02 
 1.703696e+01  4.993337e-02 
 1.703736e+01  5.087978e-02 
 1.703776e+01  5.179753e-02 
 1.703816e+01  5.269208e-02 
 1.703855e+01  5.356088e-02 
 1.703895e+01  5.441464e-02 
 1.703935e+01  5.522988e-02 
 1.703975e+01  5.602170e-02 
 1.704014e+01  5.678081e-02 
 1.704054e+01  5.751196e-02 
 1.704094e+01  5.823462e-02 
 1.704134e+01  5.892696e-02 
 1.704173e+01  5.960847e-02 
 1.704213e+01  6.026038e-02 
 1.704253e+01  6.087569e-02 
 1.704293e+01  6.146386e-02 
 1.704333e+01  6.202096e-02 
 1.704372e+01  6.255098e-02 
 1.704412e+01  6.305718e-02 
 1.704452e+01  6.352450e-02 
 1.704492e+01  6.397274e-02 
 1.704531e+01  6.438732e-02 
 1.704571e+01  6.478836e-02 
 1.704611e+01  6.517294e-02 
 1.704651e+01  6.552508e-02 
 1.704690e+01  6.585643e-02 
 1.704730e+01  6.614839e-02 
 1.704770e+01  6.640841e-02 
 1.704810e+01  6.663687e-02 
 1.704850e+01  6.683453e-02 
 1.704889e+01  6.700450e-02 
 1.704929e+01  6.714383e-02 
 1.704969e+01  6.725470e-02 
 1.705009e+01  6.733496e-02 
 1.705048e+01  6.739365e-02 
 1.705088e+01  6.743951e-02 
 1.705128e+01  6.745004e-02 
 1.705168e+01  6.742473e-02 
 1.705207e+01  6.737285e-02 
 1.705247e+01  6.728371e-02 
 1.705287e+01  6.715583e-02 
 1.705327e+01  6.700933e-02 
 1.705367e+01  6.682904e-02 
 1.705406e+01  6.661397e-02 
 1.705446e+01  6.637161e-02 
 1.705486e+01  6.611054e-02 
 1.705526e+01  6.582116e-02 
 1.705565e+01  6.550810e-02 
 1.705605e+01  6.517600e-02 
 1.705645e+01  6.480271e-02 
 1.705685e+01  6.438539e-02 
 1.705725e+01  6.395610e-02 
 1.705764e+01  6.347676e-02 
 1.705804e+01  6.296307e-02 
 1.705844e+01  6.240951e-02 
 1.705884e+01  6.182174e-02 
 1.705923e+01  6.118841e-02 
 1.705963e+01  6.053686e-02 
 1.706003e+01  5.985580e-02 
 1.706043e+01  5.914544e-02 
 1.706082e+01  5.840828e-02 
 1.706122e+01  5.765343e-02 
 1.706162e+01  5.685129e-02 
 1.706202e+01  5.602751e-02 
 1.706242e+01  5.517892e-02 
 1.706281e+01  5.429322e-02 
 1.706321e+01  5.338139e-02 
 1.706361e+01  5.243636e-02 
 1.706401e+01  5.147595e-02 
 1.706440e+01  5.049107e-02 
 1.706480e+01  4.951041e-02 
 1.706520e+01  4.851254e-02 
 1.706560e+01  4.750215e-02 
 1.706599e+01  4.645693e-02 
 1.706639e+01  4.540454e-02 
 1.706679e+01  4.432755e-02 
 1.706719e+01  4.323244e-02 
 1.706759e+01  4.212587e-02 
 1.706798e+01  4.100211e-02 
 1.706838e+01  3.985124e-02 
 1.706878e+01  3.869474e-02 
 1.706918e+01  3.754072e-02 
 1.706957e+01  3.637873e-02 
 1.706997e+01  3.521820e-02 
 1.707037e+01  3.404753e-02 
 1.707077e+01  3.287123e-02 
 1.707116e+01  3.167043e-02 
 1.707156e+01  3.047682e-02 
 1.707196e+01  2.927153e-02 
 1.707236e+01  2.805550e-02 
 1.707276e+01  2.684413e-02 
 1.707315e+01  2.561644e-02 
 1.707355e+01  2.439462e-02 
 1.707395e+01  2.317884e-02 
 1.707435e+01  2.197766e-02 
 1.707474e+01  2.077029e-02 
 1.707514e+01  1.956145e-02 
 1.707554e+01  1.835256e-02 
 1.707594e+01  1.714269e-02 
 1.707633e+01  1.592294e-02 
 1.707673e+01  1.472428e-02 
 1.707713e+01  1.351728e-02 
 1.707753e+01  1.231327e-02 
 1.707793e+01  1.110698e-02 
 1.707832e+01  9.909420e-03 
 1.707872e+01  8.713782e-03 
 1.707912e+01  7.524055e-03 
 1.707952e+01  6.345087e-03 
 1.707991e+01  5.183890e-03 
 1.708031e+01  4.022172e-03 
 1.708071e+01  2.872808e-03 
 1.708111e+01  1.733594e-03 
 1.708150e+01  5.970488e-04 
 1.708190e+01 -5.227995e-04 
 1.708230e+01 -1.630901e-03 
 1.708270e+01 -2.729253e-03 
 1.708310e+01 -3.814417e-03 
 1.708349e+01 -4.882128e-03 
 1.708389e+01 -5.932827e-03 
 1.708429e+01 -6.960945e-03 
 1.708469e+01 -7.971637e-03 
 1.708508e+01 -8.967469e-03 
 1.708548e+01 -9.960121e-03 
 1.708588e+01 -1.094107e-02 
 1.708628e+01 -1.189847e-02 
 1.708667e+01 -1.284725e-02 
 1.708707e+01 -1.377628e-02 
 1.708747e+01 -1.469171e-02 
 1.708787e+01 -1.559842e-02 
 1.708827e+01 -1.647952e-02 
 1.708866e+01 -1.734460e-02 
 1.708906e+01 -1.814734e-02 
 1.708946e+01 -1.894699e-02 
 1.708986e+01 -1.972502e-02 
 1.709025e+01 -2.047412e-02 
 1.709065e+01 -2.122048e-02 
 1.709105e+01 -2.193730e-02 
 1.709145e+01 -2.262877e-02 
 1.709184e+01 -2.329564e-02 
 1.709224e+01 -2.395308e-02 
 1.709264e+01 -2.458523e-02 
 1.709304e+01 -2.516909e-02 
 1.709344e+01 -2.572567e-02 
 1.709383e+01 -2.624502e-02 
 1.709423e+01 -2.671336e-02 
 1.709463e+01 -2.718137e-02 
 1.709503e+01 -2.761419e-02 
 1.709542e+01 -2.801331e-02 
 1.709582e+01 -2.838401e-02 
 1.709622e+01 -2.872641e-02 
 1.709662e+01 -2.901989e-02 
 1.709701e+01 -2.930074e-02 
 1.709741e+01 -2.955269e-02 
 1.709781e+01 -2.975574e-02 
 1.709821e+01 -2.991976e-02 
 1.709861e+01 -3.004539e-02 
 1.709900e+01 -3.013144e-02 
 1.709940e+01 -3.017488e-02 
 1.709980e+01 -3.020952e-02 
 1.710020e+01 -3.020362e-02 
 1.710059e+01 -3.015102e-02 
 1.710099e+01 -3.006552e-02 
 1.710139e+01 -2.995963e-02 
 1.710179e+01 -2.980908e-02 
 1.710218e+01 -2.963303e-02 
 1.710258e+01 -2.942499e-02 
 1.710298e+01 -2.915749e-02 
 1.710338e+01 -2.885521e-02 
 1.710378e+01 -2.853317e-02 
 1.710417e+01 -2.817448e-02 
 1.710457e+01 -2.778741e-02 
 1.710497e+01 -2.737821e-02 
 1.710537e+01 -2.692886e-02 
 1.710576e+01 -2.645577e-02 
 1.710616e+01 -2.595591e-02 
 1.710656e+01 -2.543563e-02 
 1.710696e+01 -2.490030e-02 
 1.710735e+01 -2.433220e-02 
 1.710775e+01 -2.373999e-02 
 1.710815e+01 -2.310940e-02 
 1.710855e+01 -2.245926e-02 
 1.710895e+01 -2.177947e-02 
 1.710934e+01 -2.108195e-02 
 1.710974e+01 -2.035970e-02 
 1.711014e+01 -1.961235e-02 
 1.711054e+01 -1.884732e-02 
 1.711093e+01 -1.806344e-02 
 1.711133e+01 -1.725494e-02 
 1.711173e+01 -1.643841e-02 
 1.711213e+01 -1.559916e-02 
 1.711252e+01 -1.472116e-02 
 1.711292e+01 -1.381961e-02 
 1.711332e+01 -1.290455e-02 
 1.711372e+01 -1.197255e-02 
 1.711412e+01 -1.101942e-02 
 1.711451e+01 -1.007057e-02 
 1.711491e+01 -9.084438e-03 
 1.711531e+01 -8.083835e-03 
 1.711571e+01 -7.073274e-03 
 1.711610e+01 -6.049167e-03 
 1.711650e+01 -5.009707e-03 
 1.711690e+01 -3.963221e-03 
 1.711730e+01 -2.906572e-03 
 1.711769e+01 -1.805706e-03 
 1.711809e+01 -7.003536e-04 
 1.711849e+01  4.156470e-04 
 1.711889e+01  1.537536e-03 
 1.711929e+01  2.683489e-03 
 1.711968e+01  3.824423e-03 
 1.712008e+01  4.986971e-03 
 1.712048e+01  6.157302e-03 
 1.712088e+01  7.326041e-03 
 1.712127e+01  8.500387e-03 
 1.712167e+01  9.701171e-03 
 1.712207e+01  1.090105e-02 
 1.712247e+01  1.211503e-02 
 1.712286e+01  1.333960e-02 
 1.712326e+01  1.456885e-02 
 1.712366e+01  1.579298e-02 
 1.712406e+01  1.702782e-02 
 1.712446e+01  1.827404e-02 
 1.712485e+01  1.951142e-02 
 1.712525e+01  2.076918e-02 
 1.712565e+01  2.201440e-02 
 1.712605e+01  2.324394e-02 
 1.712644e+01  2.447127e-02 
 1.712684e+01  2.569968e-02 
 1.712724e+01  2.692539e-02 
 1.712764e+01  2.814876e-02 
 1.712803e+01  2.937269e-02 
 1.712843e+01  3.060221e-02 
 1.712883e+01  3.181019e-02 
 1.712923e+01  3.301885e-02 
 1.712963e+01  3.422832e-02 
 1.713002e+01  3.543475e-02 
 1.713042e+01  3.661777e-02 
 1.713082e+01  3.779164e-02 
 1.713122e+01  3.895817e-02 
 1.713161e+01  4.010765e-02 
 1.713201e+01  4.125506e-02 
 1.713241e+01  4.238349e-02 
 1.713281e+01  4.349446e-02 
 1.713320e+01  4.459186e-02 
 1.713360e+01  4.566941e-02 
 1.713400e+01  4.673453e-02 
 1.713440e+01  4.778028e-02 
 1.713480e+01  4.882247e-02 
 1.713519e+01  4.982637e-02 
 1.713559e+01  5.079179e-02 
 1.713599e+01  5.173142e-02 
 1.713639e+01  5.264021e-02 
 1.713678e+01  5.352417e-02 
 1.713718e+01  5.439988e-02 
 1.713758e+01  5.524799e-02 
 1.713798e+01  5.605819e-02 
 1.713837e+01  5.685365e-02 
 1.713877e+01  5.762916e-02 
 1.713917e+01  5.837354e-02 
 1.713957e+01  5.909660e-02 
 1.713997e+01  5.978717e-02 
 1.714036e+01  6.044622e-02 
 1.714076e+01  6.106838e-02 
 1.714116e+01  6.166914e-02 
 1.714156e+01  6.223375e-02 
 1.714195e+01  6.277597e-02 
 1.714235e+01  6.328879e-02 
 1.714275e+01  6.377120e-02 
 1.714315e+01  6.421972e-02 
 1.714354e+01  6.464934e-02 
 1.714394e+01  6.505301e-02 
 1.714434e+01  6.543153e-02 
 1.714474e+01  6.577130e-02 
 1.714514e+01  6.608405e-02 
 1.714553e+01  6.634500e-02 
 1.714593e+01  6.656974e-02 
 1.714633e+01  6.676897e-02 
 1.714673e+01  6.693537e-02 
 1.714712e+01  6.707236e-02 
 1.714752e+01  6.717614e-02 
 1.714792e+01  6.725509e-02 
 1.714832e+01  6.730806e-02 
 1.714872e+01  6.733664e-02 
 1.714911e+01  6.734657e-02 
 1.714951e+01  6.732431e-02 
 1.714991e+01  6.726826e-02 
 1.715031e+01  6.718353e-02 
 1.715070e+01  6.708262e-02 
 1.715110e+01  6.694029e-02 
 1.715150e+01  6.675736e-02 
 1.715190e+01  6.655350e-02 
 1.715229e+01  6.633414e-02 
 1.715269e+01  6.607177e-02 
 1.715309e+01  6.579255e-02 
 1.715349e+01  6.549950e-02 
 1.715389e+01  6.517237e-02 
 1.715428e+01  6.481606e-02 
 1.715468e+01  6.442741e-02 
 1.715508e+01  6.399745e-02 
 1.715548e+01  6.354216e-02 
 1.715587e+01  6.305244e-02 
 1.715627e+01  6.254136e-02 
 1.715667e+01  6.199783e-02 
 1.715707e+01  6.144825e-02 
 1.715746e+01  6.087603e-02 
 1.715786e+01  6.028331e-02 
 1.715826e+01  5.967520e-02 
 1.715866e+01  5.903993e-02 
 1.715906e+01  5.836493e-02 
 1.715945e+01  5.767157e-02 
 1.715985e+01  5.694297e-02 
 1.716025e+01  5.618316e-02 
 1.716065e+01  5.540444e-02 
 1.716104e+01  5.459508e-02 
 1.716144e+01  5.376103e-02 
 1.716184e+01  5.289740e-02 
 1.716224e+01  5.202984e-02 
 1.716263e+01  5.113541e-02 
 1.716303e+01  5.022459e-02 
 1.716343e+01  4.929134e-02 
 1.716383e+01  4.831969e-02 
 1.716423e+01  4.731810e-02 
 1.716462e+01  4.628848e-02 
 1.716502e+01  4.522601e-02 
 1.716542e+01  4.414067e-02 
 1.716582e+01  4.304373e-02 
 1.716621e+01  4.192085e-02 
 1.716661e+01  4.077434e-02 
 1.716701e+01  3.962180e-02 
 1.716741e+01  3.847018e-02 
 1.716780e+01  3.729839e-02 
 1.716820e+01  3.609930e-02 
 1.716860e+01  3.489000e-02 
 1.716900e+01  3.366466e-02 
 1.716940e+01  3.242616e-02 
 1.716979e+01  3.118144e-02 
 1.717019e+01  2.993217e-02 
 1.717059e+01  2.866336e-02 
 1.717099e+01  2.739302e-02 
 1.717138e+01  2.611782e-02 
 1.717178e+01  2.484994e-02 
 1.717218e+01  2.357697e-02 
 1.717258e+01  2.232001e-02 
 1.717297e+01  2.106413e-02 
 1.717337e+01  1.980265e-02 
 1.717377e+01  1.853591e-02 
 1.717417e+01  1.726734e-02 
 1.717457e+01  1.600350e-02 
 1.717496e+01  1.474210e-02 
 1.717536e+01  1.348804e-02 
 1.717576e+01  1.224469e-02 
 1.717616e+01  1.100347e-02 
 1.717655e+01  9.786948e-03 
 1.717695e+01  8.590060e-03 
 1.717735e+01  7.404097e-03 
 1.717775e+01  6.239481e-03 
 1.717814e+01  5.087773e-03 
 1.717854e+01  3.930956e-03 
 1.717894e+01  2.791042e-03 
 1.717934e+01  1.667232e-03 
 1.717974e+01  5.540840e-04 
 1.718013e+01 -5.589903e-04 
 1.718053e+01 -1.651971e-03 
 1.718093e+01 -2.735182e-03 
 1.718133e+01 -3.810042e-03 
 1.718172e+01 -4.852836e-03 
 1.718212e+01 -5.874470e-03 
 1.718252e+01 -6.883531e-03 
 1.718292e+01 -7.881763e-03 
 1.718331e+01 -8.862651e-03 
 1.718371e+01 -9.857382e-03 
 1.718411e+01 -1.083451e-02 
 1.718451e+01 -1.177569e-02 
 1.718491e+01 -1.270823e-02 
 1.718530e+01 -1.362869e-02 
 1.718570e+01 -1.452720e-02 
 1.718610e+01 -1.538719e-02 
 1.718650e+01 -1.623797e-02 
 1.718689e+01 -1.705467e-02 
 1.718729e+01 -1.785145e-02 
 1.718769e+01 -1.864022e-02 
 1.718809e+01 -1.940926e-02 
 1.718848e+01 -2.015023e-02 
 1.718888e+01 -2.087163e-02 
 1.718928e+01 -2.157270e-02 
 1.718968e+01 -2.224400e-02 
 1.719008e+01 -2.289220e-02 
 1.719047e+01 -2.351447e-02 
 1.719087e+01 -2.412018e-02 
 1.719127e+01 -2.467361e-02 
 1.719167e+01 -2.521244e-02 
 1.719206e+01 -2.571746e-02 
 1.719246e+01 -2.618938e-02 
 1.719286e+01 -2.664517e-02 
 1.719326e+01 -2.708600e-02 
 1.719365e+01 -2.748943e-02 
 1.719405e+01 -2.785518e-02 
 1.719445e+01 -2.820873e-02 
 1.719485e+01 -2.853535e-02 
 1.719525e+01 -2.881138e-02 
 1.719564e+01 -2.908578e-02 
 1.719604e+01 -2.931740e-02 
 1.719644e+01 -2.949634e-02 
 1.719684e+01 -2.965531e-02 
 1.719723e+01 -2.979179e-02 
 1.719763e+01 -2.989318e-02 
 1.719803e+01 -2.996449e-02 
 1.719843e+01 -3.000581e-02 
 1.719882e+01 -3.001200e-02 
 1.719922e+01 -2.998486e-02 
 1.719962e+01 -2.993832e-02 
 1.720002e+01 -2.986501e-02 
 1.720042e+01 -2.974655e-02 
 1.720081e+01 -2.959632e-02 
 1.720121e+01 -2.940844e-02 
 1.720161e+01 -2.916726e-02 
 1.720201e+01 -2.890273e-02 
 1.720240e+01 -2.862484e-02 
 1.720280e+01 -2.830418e-02 
 1.720320e+01 -2.796392e-02 
 1.720360e+01 -2.757525e-02 
 1.720399e+01 -2.716013e-02 
 1.720439e+01 -2.670440e-02 
 1.720479e+01 -2.622089e-02 
 1.720519e+01 -2.570606e-02 
 1.720559e+01 -2.513515e-02 
 1.720598e+01 -2.453470e-02 
 1.720638e+01 -2.390013e-02 
 1.720678e+01 -2.323429e-02 
 1.720718e+01 -2.254656e-02 
 1.720757e+01 -2.182619e-02 
 1.720797e+01 -2.108247e-02 
 1.720837e+01 -2.029754e-02 
 1.720877e+01 -1.948462e-02 
 1.720916e+01 -1.865408e-02 
 1.720956e+01 -1.780054e-02 
 1.720996e+01 -1.692638e-02 
 1.721036e+01 -1.602416e-02 
 1.721076e+01 -1.509236e-02 
 1.721115e+01 -1.414333e-02 
 1.721155e+01 -1.317024e-02 
 1.721195e+01 -1.219776e-02 
 1.721235e+01 -1.120705e-02 
 1.721274e+01 -1.019177e-02 
 1.721314e+01 -9.164140e-03 
 1.721354e+01 -8.116223e-03 
 1.721394e+01 -7.066294e-03 
 1.721433e+01 -6.003947e-03 
 1.721473e+01 -4.933840e-03 
 1.721513e+01 -3.852973e-03 
 1.721553e+01 -2.758184e-03 
 1.721593e+01 -1.662267e-03 
 1.721632e+01 -5.534568e-04 
 1.721672e+01  5.534478e-04 
 1.721712e+01  1.685368e-03 
 1.721752e+01  2.824179e-03 
 1.721791e+01  3.981783e-03 
 1.721831e+01  5.138822e-03 
 1.721871e+01  6.304903e-03 
 1.721911e+01  7.467965e-03 
 1.721950e+01  8.632520e-03 
 1.721990e+01  9.799698e-03 
 1.722030e+01  1.097998e-02 
 1.722070e+01  1.216326e-02 
 1.722110e+01  1.334632e-02 
 1.722149e+01  1.452789e-02 
 1.722189e+01  1.571208e-02 
 1.722229e+01  1.689978e-02 
 1.722269e+01  1.809957e-02 
 1.722308e+01  1.930666e-02 
 1.722348e+01  2.050559e-02 
 1.722388e+01  2.170386e-02 
 1.722428e+01  2.290351e-02 
 1.722467e+01  2.410310e-02 
 1.722507e+01  2.531696e-02 
 1.722547e+01  2.652564e-02 
 1.722587e+01  2.773663e-02 
 1.722627e+01  2.893956e-02 
 1.722666e+01  3.014373e-02 
 1.722706e+01  3.134113e-02 
 1.722746e+01  3.253752e-02 
 1.722786e+01  3.373225e-02 
 1.722825e+01  3.492178e-02 
 1.722865e+01  3.608346e-02 
 1.722905e+01  3.724081e-02 
 1.722945e+01  3.838989e-02 
 1.722984e+01  3.953140e-02 
 1.723024e+01  4.066715e-02 
 1.723064e+01  4.178565e-02 
 1.723104e+01  4.288699e-02 
 1.723144e+01  4.396864e-02 
 1.723183e+01  4.503396e-02 
 1.723223e+01  4.608497e-02 
 1.723263e+01  4.712870e-02 
 1.723303e+01  4.815487e-02 
 1.723342e+01  4.914988e-02 
 1.723382e+01  5.012734e-02 
 1.723422e+01  5.108703e-02 
 1.723462e+01  5.203298e-02 
 1.723501e+01  5.294675e-02 
 1.723541e+01  5.385484e-02 
 1.723581e+01  5.472451e-02 
 1.723621e+01  5.557673e-02 
 1.723661e+01  5.640693e-02 
 1.723700e+01  5.721360e-02 
 1.723740e+01  5.800801e-02 
 1.723780e+01  5.876716e-02 
 1.723820e+01  5.950670e-02 
 1.723859e+01  6.021215e-02 
 1.723899e+01  6.087711e-02 
 1.723939e+01  6.152636e-02 
 1.723979e+01  6.214855e-02 
 1.724019e+01  6.273133e-02 
 1.724058e+01  6.328687e-02 
 1.724098e+01  6.381421e-02 
 1.724138e+01  6.430704e-02 
 1.724178e+01  6.476924e-02 
 1.724217e+01  6.520540e-02 
 1.724257e+01  6.560565e-02 
 1.724297e+01  6.595719e-02 
 1.724337e+01  6.628331e-02 
 1.724376e+01  6.657996e-02 
 1.724416e+01  6.683532e-02 
 1.724456e+01  6.707292e-02 
 1.724496e+01  6.727010e-02 
 1.724536e+01  6.744549e-02 
 1.724575e+01  6.758046e-02 
 1.724615e+01  6.769583e-02 
 1.724655e+01  6.777891e-02 
 1.724695e+01  6.783462e-02 
 1.724734e+01  6.783636e-02 
 1.724774e+01  6.781630e-02 
 1.724814e+01  6.774401e-02 
 1.724854e+01  6.764409e-02 
 1.724893e+01  6.750972e-02 
 1.724933e+01  6.733863e-02 
 1.724973e+01  6.713698e-02 
 1.725013e+01  6.690750e-02 
 1.725053e+01  6.665264e-02 
 1.725092e+01  6.636078e-02 
 1.725132e+01  6.604448e-02 
 1.725172e+01  6.569879e-02 
 1.725212e+01  6.532263e-02 
 1.725251e+01  6.491012e-02 
 1.725291e+01  6.447284e-02 
 1.725331e+01  6.400321e-02 
 1.725371e+01  6.351965e-02 
 1.725410e+01  6.300136e-02 
 1.725450e+01  6.246752e-02 
 1.725490e+01  6.191175e-02 
 1.725530e+01  6.133431e-02 
 1.725570e+01  6.073342e-02 
 1.725609e+01  6.011068e-02 
 1.725649e+01  5.947368e-02 
 1.725689e+01  5.880200e-02 
 1.725729e+01  5.810745e-02 
 1.725768e+01  5.737680e-02 
 1.725808e+01  5.662469e-02 
 1.725848e+01  5.585792e-02 
 1.725888e+01  5.507140e-02 
 1.725927e+01  5.426152e-02 
 1.725967e+01  5.343543e-02 
 1.726007e+01  5.258399e-02 
 1.726047e+01  5.172383e-02 
 1.726087e+01  5.083954e-02 
 1.726126e+01  4.994128e-02 
 1.726166e+01  4.900901e-02 
 1.726206e+01  4.806776e-02 
 1.726246e+01  4.708388e-02 
 1.726285e+01  4.609651e-02 
 1.726325e+01  4.508985e-02 
 1.726365e+01  4.407290e-02 
 1.726405e+01  4.302932e-02 
 1.726444e+01  4.198182e-02 
 1.726484e+01  4.092346e-02 
 1.726524e+01  3.984078e-02 
 1.726564e+01  3.875803e-02 
 1.726604e+01  3.766583e-02 
 1.726643e+01  3.653806e-02 
 1.726683e+01  3.538653e-02 
 1.726723e+01  3.423057e-02 
 1.726763e+01  3.305672e-02 
 1.726802e+01  3.186328e-02 
 1.726842e+01  3.067165e-02 
 1.726882e+01  2.946771e-02 
 1.726922e+01  2.824855e-02 
 1.726961e+01  2.702766e-02 
 1.727001e+01  2.580625e-02 
 1.727041e+01  2.456902e-02 
 1.727081e+01  2.333108e-02 
 1.727121e+01  2.207953e-02 
 1.727160e+01  2.080365e-02 
 1.727200e+01  1.952565e-02 
 1.727240e+01  1.825538e-02 
 1.727280e+01  1.697856e-02 
 1.727319e+01  1.569766e-02 
 1.727359e+01  1.444051e-02 
 1.727399e+01  1.318350e-02 
 1.727439e+01  1.192309e-02 
 1.727478e+01  1.068337e-02 
 1.727518e+01  9.445021e-03 
 1.727558e+01  8.195092e-03 
 1.727598e+01  6.949316e-03 
 1.727638e+01  5.707356e-03 
 1.727677e+01  4.463251e-03 
 1.727717e+01  3.231785e-03 
 1.727757e+01  2.023749e-03 
 1.727797e+01  8.239264e-04 
 1.727836e+01 -3.614085e-04 
 1.727876e+01 -1.529161e-03 
 1.727916e+01 -2.673933e-03 
 1.727956e+01 -3.801931e-03 
 1.727995e+01 -4.909072e-03 
 1.728035e+01 -5.999652e-03 
 1.728075e+01 -7.076735e-03 
 1.728115e+01 -8.143599e-03 
 1.728155e+01 -9.188257e-03 
 1.728194e+01 -1.020461e-02 
 1.728234e+01 -1.120121e-02 
 1.728274e+01 -1.215731e-02 
 1.728314e+01 -1.310261e-02 
 1.728353e+01 -1.402999e-02 
 1.728393e+01 -1.491752e-02 
 1.728433e+01 -1.577732e-02 
 1.728473e+01 -1.661287e-02 
 1.728512e+01 -1.742185e-02 
 1.728552e+01 -1.820823e-02 
 1.728592e+01 -1.897288e-02 
 1.728632e+01 -1.970979e-02 
 1.728672e+01 -2.041811e-02 
 1.728711e+01 -2.109709e-02 
 1.728751e+01 -2.175245e-02 
 1.728791e+01 -2.239184e-02 
 1.728831e+01 -2.300025e-02 
 1.728870e+01 -2.358413e-02 
 1.728910e+01 -2.413895e-02 
 1.728950e+01 -2.465236e-02 
 1.728990e+01 -2.514181e-02 
 1.729029e+01 -2.561629e-02 
 1.729069e+01 -2.607504e-02 
 1.729109e+01 -2.650069e-02 
 1.729149e+01 -2.690280e-02 
 1.729189e+01 -2.727765e-02 
 1.729228e+01 -2.760989e-02 
 1.729268e+01 -2.792177e-02 
 1.729308e+01 -2.821252e-02 
 1.729348e+01 -2.846904e-02 
 1.729387e+01 -2.869682e-02 
 1.729427e+01 -2.888774e-02 
 1.729467e+01 -2.905594e-02 
 1.729507e+01 -2.919805e-02 
 1.729546e+01 -2.932746e-02 
 1.729586e+01 -2.942420e-02 
 1.729626e+01 -2.950002e-02 
 1.729666e+01 -2.954692e-02 
 1.729706e+01 -2.956186e-02 
 1.729745e+01 -2.954270e-02 
 1.729785e+01 -2.950028e-02 
 1.729825e+01 -2.942130e-02 
 1.729865e+01 -2.930514e-02 
 1.729904e+01 -2.916329e-02 
 1.729944e+01 -2.898284e-02 
 1.729984e+01 -2.877820e-02 
 1.730024e+01 -2.854800e-02 
 1.730063e+01 -2.830038e-02 
 1.730103e+01 -2.802660e-02 
 1.730143e+01 -2.769548e-02 
 1.730183e+01 -2.733513e-02 
 1.730223e+01 -2.694465e-02 
 1.730262e+01 -2.652429e-02 
 1.730302e+01 -2.606461e-02 
 1.730342e+01 -2.559751e-02 
 1.730382e+01 -2.508496e-02 
 1.730421e+01 -2.453771e-02 
 1.730461e+01 -2.397532e-02 
 1.730501e+01 -2.337607e-02 
 1.730541e+01 -2.276053e-02 
 1.730580e+01 -2.211383e-02 
 1.730620e+01 -2.143953e-02 
 1.730660e+01 -2.070996e-02 
 1.730700e+01 -1.996744e-02 
 1.730740e+01 -1.921010e-02 
 1.730779e+01 -1.841035e-02 
 1.730819e+01 -1.758648e-02 
 1.730859e+01 -1.674237e-02 
 1.730899e+01 -1.585751e-02 
 1.730938e+01 -1.495805e-02 
 1.730978e+01 -1.404529e-02 
 1.731018e+01 -1.311666e-02 
 1.731058e+01 -1.214921e-02 
 1.731097e+01 -1.116198e-02 
 1.731137e+01 -1.014849e-02 
 1.731177e+01 -9.101323e-03 
 1.731217e+01 -8.051187e-03 
 1.731257e+01 -6.976027e-03 
 1.731296e+01 -5.882967e-03 
 1.731336e+01 -4.754227e-03 
 1.731376e+01 -3.611445e-03 
 1.731416e+01 -2.458528e-03 
 1.731455e+01 -1.284395e-03 
 1.731495e+01 -1.057019e-04 
 1.731535e+01  1.076546e-03 
 1.731575e+01  2.281606e-03 
 1.731614e+01  3.489151e-03 
 1.731654e+01  4.705090e-03 
 1.731694e+01  5.921819e-03 
 1.731734e+01  7.144687e-03 
 1.731774e+01  8.377663e-03 
 1.731813e+01  9.627293e-03 
 1.731853e+01  1.087443e-02 
 1.731893e+01  1.213273e-02 
 1.731933e+01  1.337092e-02 
 1.731972e+01  1.460397e-02 
 1.732012e+01  1.584538e-02 
 1.732052e+01  1.709344e-02 
 1.732092e+01  1.833697e-02 
 1.732131e+01  1.957682e-02 
 1.732171e+01  2.081374e-02 
 1.732211e+01  2.204328e-02 
 1.732251e+01  2.326050e-02 
 1.732291e+01  2.448371e-02 
 1.732330e+01  2.569105e-02 
 1.732370e+01  2.689148e-02 
 1.732410e+01  2.808791e-02 
 1.732450e+01  2.925829e-02 
 1.732489e+01  3.042747e-02 
 1.732529e+01  3.159230e-02 
 1.732569e+01  3.274234e-02 
 1.732609e+01  3.387762e-02 
 1.732648e+01  3.499739e-02 
 1.732688e+01  3.610878e-02 
 1.732728e+01  3.719752e-02 
 1.732768e+01  3.829346e-02 
 1.732808e+01  3.937613e-02 
 1.732847e+01  4.044253e-02 
 1.732887e+01  4.149841e-02 
 1.732927e+01  4.254656e-02 
 1.732967e+01  4.357379e-02 
 1.733006e+01  4.461202e-02 
 1.733046e+01  4.563197e-02 
 1.733086e+01  4.663390e-02 
 1.733126e+01  4.761149e-02 
 1.733166e+01  4.858039e-02 
 1.733205e+01  4.953398e-02 
 1.733245e+01  5.046214e-02 
 1.733285e+01  5.138967e-02 
 1.733325e+01  5.230148e-02 
 1.733364e+01  5.319320e-02 
 1.733404e+01  5.407185e-02 
 1.733444e+01  5.493223e-02 
 1.733484e+01  5.576577e-02 
 1.733523e+01  5.657440e-02 
 1.733563e+01  5.736160e-02 
 1.733603e+01  5.811222e-02 
 1.733643e+01  5.883549e-02 
 1.733683e+01  5.954332e-02 
 1.733722e+01  6.022623e-02 
 1.733762e+01  6.088514e-02 
 1.733802e+01  6.152596e-02 
 1.733842e+01  6.213025e-02 
 1.733881e+01  6.270610e-02 
 1.733921e+01  6.325254e-02 
 1.733961e+01  6.378084e-02 
 1.734001e+01  6.427716e-02 
 1.734040e+01  6.474433e-02 
 1.734080e+01  6.518436e-02 
 1.734120e+01  6.558418e-02 
 1.734160e+01  6.596189e-02 
 1.734200e+01  6.630103e-02 
 1.734239e+01  6.662993e-02 
 1.734279e+01  6.691666e-02 
 1.734319e+01  6.717243e-02 
 1.734359e+01  6.739847e-02 
 1.734398e+01  6.758119e-02 
 1.734438e+01  6.774273e-02 
 1.734478e+01  6.785427e-02 
 1.734518e+01  6.793986e-02 
 1.734557e+01  6.798047e-02 
 1.734597e+01  6.798392e-02 
 1.734637e+01  6.795140e-02 
 1.734677e+01  6.789989e-02 
 1.734717e+01  6.781487e-02 
 1.734756e+01  6.769301e-02 
 1.734796e+01  6.753940e-02 
 1.734836e+01  6.735704e-02 
 1.734876e+01  6.713444e-02 
 1.734915e+01  6.688311e-02 
 1.734955e+01  6.661099e-02 
 1.734995e+01  6.630136e-02 
 1.735035e+01  6.594775e-02 
 1.735074e+01  6.556054e-02 
 1.735114e+01  6.513522e-02 
 1.735154e+01  6.466819e-02 
 1.735194e+01  6.418791e-02 
 1.735234e+01  6.366924e-02 
 1.735273e+01  6.313130e-02 
 1.735313e+01  6.255168e-02 
 1.735353e+01  6.195949e-02 
 1.735393e+01  6.133489e-02 
 1.735432e+01  6.068119e-02 
 1.735472e+01  6.000014e-02 
 1.735512e+01  5.927540e-02 
 1.735552e+01  5.851447e-02 
 1.735591e+01  5.773538e-02 
 1.735631e+01  5.692937e-02 
 1.735671e+01  5.610838e-02 
 1.735711e+01  5.526580e-02 
 1.735751e+01  5.440263e-02 
 1.735790e+01  5.352522e-02 
 1.735830e+01  5.263146e-02 
 1.735870e+01  5.173233e-02 
 1.735910e+01  5.081355e-02 
 1.735949e+01  4.987240e-02 
 1.735989e+01  4.891225e-02 
 1.736029e+01  4.793399e-02 
 1.736069e+01  4.693464e-02 
 1.736108e+01  4.591785e-02 
 1.736148e+01  4.490636e-02 
 1.736188e+01  4.387763e-02 
 1.736228e+01  4.283712e-02 
 1.736268e+01  4.179128e-02 
 1.736307e+01  4.074409e-02 
 1.736347e+01  3.967644e-02 
 1.736387e+01  3.859201e-02 
 1.736427e+01  3.748732e-02 
 1.736466e+01  3.636827e-02 
 1.736506e+01  3.522329e-02 
 1.736546e+01  3.407416e-02 
 1.736586e+01  3.293224e-02 
 1.736625e+01  3.177793e-02 
 1.736665e+01  3.060852e-02 
 1.736705e+01  2.944805e-02 
 1.736745e+01  2.827476e-02 
 1.736785e+01  2.709556e-02 
 1.736824e+01  2.591607e-02 
 1.736864e+01  2.473349e-02 
 1.736904e+01  2.353758e-02 
 1.736944e+01  2.233483e-02 
 1.736983e+01  2.112046e-02 
 1.737023e+01  1.989740e-02 
 1.737063e+01  1.867454e-02 
 1.737103e+01  1.745939e-02 
 1.737142e+01  1.622294e-02 
 1.737182e+01  1.500119e-02 
 1.737222e+01  1.379042e-02 
 1.737262e+01  1.256718e-02 
 1.737302e+01  1.135152e-02 
 1.737341e+01  1.013783e-02 
 1.737381e+01  8.917451e-03 
 1.737421e+01  7.689637e-03 
 1.737461e+01  6.470894e-03 
 1.737500e+01  5.264398e-03 
 1.737540e+01  4.071560e-03 
 1.737580e+01  2.887277e-03 
 1.737620e+01  1.710509e-03 
 1.737659e+01  5.321925e-04 
 1.737699e+01 -6.269860e-04 
 1.737739e+01 -1.772849e-03 
 1.737779e+01 -2.915288e-03 
 1.737819e+01 -4.031958e-03 
 1.737858e+01 -5.149333e-03 
 1.737898e+01 -6.255898e-03 
 1.737938e+01 -7.348625e-03 
 1.737978e+01 -8.426386e-03 
 1.738017e+01 -9.474758e-03 
 1.738057e+01 -1.051037e-02 
 1.738097e+01 -1.151758e-02 
 1.738137e+01 -1.251066e-02 
 1.738176e+01 -1.347817e-02 
 1.738216e+01 -1.442621e-02 
 1.738256e+01 -1.533837e-02 
 1.738296e+01 -1.624834e-02 
 1.738336e+01 -1.714517e-02 
 1.738375e+01 -1.802048e-02 
 1.738415e+01 -1.886588e-02 
 1.738455e+01 -1.968043e-02 
 1.738495e+01 -2.046146e-02 
 1.738534e+01 -2.121038e-02 
 1.738574e+01 -2.192880e-02 
 1.738614e+01 -2.262256e-02 
 1.738654e+01 -2.329558e-02 
 1.738693e+01 -2.392266e-02 
 1.738733e+01 -2.451511e-02 
 1.738773e+01 -2.507231e-02 
 1.738813e+01 -2.560251e-02 
 1.738853e+01 -2.611160e-02 
 1.738892e+01 -2.659141e-02 
 1.738932e+01 -2.702537e-02 
 1.738972e+01 -2.742588e-02 
 1.739012e+01 -2.778477e-02 
 1.739051e+01 -2.811802e-02 
 1.739091e+01 -2.840901e-02 
 1.739131e+01 -2.868377e-02 
 1.739171e+01 -2.891992e-02 
 1.739210e+01 -2.910931e-02 
 1.739250e+01 -2.928567e-02 
 1.739290e+01 -2.943272e-02 
 1.739330e+01 -2.954649e-02 
 1.739370e+01 -2.964092e-02 
 1.739409e+01 -2.969619e-02 
 1.739449e+01 -2.970069e-02 
 1.739489e+01 -2.967820e-02 
 1.739529e+01 -2.963931e-02 
 1.739568e+01 -2.956408e-02 
 1.739608e+01 -2.946718e-02 
 1.739648e+01 -2.934201e-02 
 1.739688e+01 -2.918557e-02 
 1.739727e+01 -2.899623e-02 
 1.739767e+01 -2.877264e-02 
 1.739807e+01 -2.853622e-02 
 1.739847e+01 -2.826704e-02 
 1.739887e+01 -2.798373e-02 
 1.739926e+01 -2.765829e-02 
 1.739966e+01 -2.730535e-02 
 1.740006e+01 -2.693147e-02 
 1.740046e+01 -2.654168e-02 
 1.740085e+01 -2.612899e-02 
 1.740125e+01 -2.567788e-02 
 1.740165e+01 -2.520919e-02 
 1.740205e+01 -2.470676e-02 
 1.740244e+01 -2.418076e-02 
 1.740284e+01 -2.362513e-02 
 1.740324e+01 -2.305983e-02 
 1.740364e+01 -2.245895e-02 
 1.740404e+01 -2.183201e-02 
 1.740443e+01 -2.116952e-02 
 1.740483e+01 -2.049455e-02 
 1.740523e+01 -1.979080e-02 
 1.740563e+01 -1.907177e-02 
 1.740602e+01 -1.832208e-02 
 1.740642e+01 -1.754713e-02 
 1.740682e+01 -1.673173e-02 
 1.740722e+01 -1.590166e-02 
 1.740761e+01 -1.505194e-02 
 1.740801e+01 -1.417195e-02 
 1.740841e+01 -1.327285e-02 
 1.740881e+01 -1.235147e-02 
 1.740921e+01 -1.139719e-02 
 1.740960e+01 -1.042333e-02 
 1.741000e+01 -9.428735e-03 
 1.741040e+01 -8.420318e-03 
 1.741080e+01 -7.396457e-03 
 1.741119e+01 -6.337680e-03 
 1.741159e+01 -5.270684e-03 
 1.741199e+01 -4.190011e-03 
 1.741239e+01 -3.094151e-03 
 1.741278e+01 -1.985572e-03 
 1.741318e+01 -8.617877e-04 
 1.741358e+01  2.871061e-04 
 1.741398e+01  1.461431e-03 
 1.741438e+01  2.640180e-03 
 1.741477e+01  3.841503e-03 
 1.741517e+01  5.038888e-03 
 1.741557e+01  6.242459e-03 
 1.741597e+01  7.464325e-03 
 1.741636e+01  8.706427e-03 
 1.741676e+01  9.951269e-03 
 1.741716e+01  1.120439e-02 
 1.741756e+01  1.246145e-02 
 1.741795e+01  1.372886e-02 
 1.741835e+01  1.500462e-02 
 1.741875e+01  1.628734e-02 
 1.741915e+01  1.757199e-02 
 1.741955e+01  1.883641e-02 
 1.741994e+01  2.010729e-02 
 1.742034e+01  2.137707e-02 
 1.742074e+01  2.264157e-02 
 1.742114e+01  2.390770e-02 
 1.742153e+01  2.517165e-02 
 1.742193e+01  2.642928e-02 
 1.742233e+01  2.767259e-02 
 1.742273e+01  2.891143e-02 
 1.742312e+01  3.015681e-02 
 1.742352e+01  3.139007e-02 
 1.742392e+01  3.260744e-02 
 1.742432e+01  3.380722e-02 
 1.742472e+01  3.497854e-02 
 1.742511e+01  3.614585e-02 
 1.742551e+01  3.730430e-02 
 1.742591e+01  3.844313e-02 
 1.742631e+01  3.958132e-02 
 1.742670e+01  4.070452e-02 
 1.742710e+01  4.180292e-02 
 1.742750e+01  4.288525e-02 
 1.742790e+01  4.395321e-02 
 1.742830e+01  4.500022e-02 
 1.742869e+01  4.601995e-02 
 1.742909e+01  4.701906e-02 
 1.742949e+01  4.798322e-02 
 1.742989e+01  4.893851e-02 
 1.743028e+01  4.987621e-02 
 1.743068e+01  5.078626e-02 
 1.743108e+01  5.167227e-02 
 1.743148e+01  5.254117e-02 
 1.743187e+01  5.337934e-02 
 1.743227e+01  5.419377e-02 
 1.743267e+01  5.499132e-02 
 1.743307e+01  5.576541e-02 
 1.743347e+01  5.651924e-02 
 1.743386e+01  5.724099e-02 
 1.743426e+01  5.794433e-02 
 1.743466e+01  5.861125e-02 
 1.743506e+01  5.928106e-02 
 1.743545e+01  5.992756e-02 
 1.743585e+01  6.055549e-02 
 1.743625e+01  6.115850e-02 
 1.743665e+01  6.173852e-02 
 1.743704e+01  6.229253e-02 
 1.743744e+01  6.283265e-02 
 1.743784e+01  6.333897e-02 
 1.743824e+01  6.381733e-02 
 1.743864e+01  6.426373e-02 
 1.743903e+01  6.468957e-02 
 1.743943e+01  6.507439e-02 
 1.743983e+01  6.543428e-02 
 1.744023e+01  6.577706e-02 
 1.744062e+01  6.607769e-02 
 1.744102e+01  6.634943e-02 
 1.744142e+01  6.660625e-02 
 1.744182e+01  6.682943e-02 
 1.744221e+01  6.703592e-02 
 1.744261e+01  6.721084e-02 
 1.744301e+01  6.735238e-02 
 1.744341e+01  6.745684e-02 
 1.744381e+01  6.753158e-02 
 1.744420e+01  6.757595e-02 
 1.744460e+01  6.758276e-02 
 1.744500e+01  6.756451e-02 
 1.744540e+01  6.752319e-02 
 1.744579e+01  6.744732e-02 
 1.744619e+01  6.733883e-02 
 1.744659e+01  6.720362e-02 
 1.744699e+01  6.703040e-02 
 1.744738e+01  6.682980e-02 
 1.744778e+01  6.659867e-02 
 1.744818e+01  6.632651e-02 
 1.744858e+01  6.601634e-02 
 1.744898e+01  6.568736e-02 
 1.744937e+01  6.531558e-02 
 1.744977e+01  6.491524e-02 
 1.745017e+01  6.449603e-02 
 1.745057e+01  6.403218e-02 
 1.745096e+01  6.353864e-02 
 1.745136e+01  6.300802e-02 
 1.745176e+01  6.245518e-02 
 1.745216e+01  6.186159e-02 
 1.745255e+01  6.124576e-02 
 1.745295e+01  6.060238e-02 
 1.745335e+01  5.991085e-02 
 1.745375e+01  5.920400e-02 
 1.745415e+01  5.847611e-02 
 1.745454e+01  5.771848e-02 
 1.745494e+01  5.694217e-02 
 1.745534e+01  5.613179e-02 
 1.745574e+01  5.529296e-02 
 1.745613e+01  5.442763e-02 
 1.745653e+01  5.353891e-02 
 1.745693e+01  5.262740e-02 
 1.745733e+01  5.168249e-02 
 1.745772e+01  5.072492e-02 
 1.745812e+01  4.973726e-02 
 1.745852e+01  4.872252e-02 
 1.745892e+01  4.768533e-02 
 1.745932e+01  4.663160e-02 
 1.745971e+01  4.556899e-02 
 1.746011e+01  4.446694e-02 
 1.746051e+01  4.335752e-02 
 1.746091e+01  4.223348e-02 
 1.746130e+01  4.110148e-02 
 1.746170e+01  3.994731e-02 
 1.746210e+01  3.878858e-02 
 1.746250e+01  3.762384e-02 
 1.746289e+01  3.642981e-02 
 1.746329e+01  3.523855e-02 
 1.746369e+01  3.405066e-02 
 1.746409e+01  3.285087e-02 
 1.746449e+01  3.165217e-02 
 1.746488e+01  3.045593e-02 
 1.746528e+01  2.925600e-02 
 1.746568e+01  2.804839e-02 
 1.746608e+01  2.685459e-02 
 1.746647e+01  2.565439e-02 
 1.746687e+01  2.443598e-02 
 1.746727e+01  2.322589e-02 
 1.746767e+01  2.200591e-02 
 1.746806e+01  2.078762e-02 
 1.746846e+01  1.957963e-02 
 1.746886e+01  1.837718e-02 
 1.746926e+01  1.718131e-02 
 1.746966e+01  1.598731e-02 
 1.747005e+01  1.480689e-02 
 1.747045e+01  1.362608e-02 
 1.747085e+01  1.245461e-02 
 1.747125e+01  1.128894e-02 
 1.747164e+01  1.011547e-02 
 1.747204e+01  8.942735e-03 
 1.747244e+01  7.771494e-03 
 1.747284e+01  6.605645e-03 
 1.747323e+01  5.466293e-03 
 1.747363e+01  4.322932e-03 
 1.747403e+01  3.195421e-03 
 1.747443e+01  2.072604e-03 
 1.747483e+01  9.553065e-04 
 1.747522e+01 -1.487062e-04 
 1.747562e+01 -1.248090e-03 
 1.747602e+01 -2.339152e-03 
 1.747642e+01 -3.429133e-03 
 1.747681e+01 -4.519066e-03 
 1.747721e+01 -5.599817e-03 
 1.747761e+01 -6.670002e-03 
 1.747801e+01 -7.714089e-03 
 1.747840e+01 -8.741809e-03 
 1.747880e+01 -9.757014e-03 
 1.747920e+01 -1.075922e-02 
 1.747960e+01 -1.175566e-02 
 1.748000e+01 -1.272484e-02 
 1.748039e+01 -1.368344e-02 
 1.748079e+01 -1.462057e-02 
 1.748119e+01 -1.554721e-02 
 1.748159e+01 -1.645635e-02 
 1.748198e+01 -1.734671e-02 
 1.748238e+01 -1.820612e-02 
 1.748278e+01 -1.903479e-02 
 1.748318e+01 -1.982714e-02 
 1.748357e+01 -2.059566e-02 
 1.748397e+01 -2.135628e-02 
 1.748437e+01 -2.207391e-02 
 1.748477e+01 -2.276610e-02 
 1.748517e+01 -2.343543e-02 
 1.748556e+01 -2.407335e-02 
 1.748596e+01 -2.468202e-02 
 1.748636e+01 -2.527235e-02 
 1.748676e+01 -2.584001e-02 
 1.748715e+01 -2.635809e-02 
 1.748755e+01 -2.684909e-02 
 1.748795e+01 -2.730920e-02 
 1.748835e+01 -2.772777e-02 
 1.748874e+01 -2.811027e-02 
 1.748914e+01 -2.848764e-02 
 1.748954e+01 -2.880479e-02 
 1.748994e+01 -2.910204e-02 
 1.749034e+01 -2.935742e-02 
 1.749073e+01 -2.958745e-02 
 1.749113e+01 -2.978234e-02 
 1.749153e+01 -2.994813e-02 
 1.749193e+01 -3.007674e-02 
 1.749232e+01 -3.015596e-02 
 1.749272e+01 -3.021487e-02 
 1.749312e+01 -3.022931e-02 
 1.749352e+01 -3.021071e-02 
 1.749391e+01 -3.016181e-02 
 1.749431e+01 -3.008514e-02 
 1.749471e+01 -2.996398e-02 
 1.749511e+01 -2.981375e-02 
 1.749551e+01 -2.962784e-02 
 1.749590e+01 -2.941366e-02 
 1.749630e+01 -2.917917e-02 
 1.749670e+01 -2.890051e-02 
 1.749710e+01 -2.859014e-02 
 1.749749e+01 -2.823111e-02 
 1.749789e+01 -2.784408e-02 
 1.749829e+01 -2.742963e-02 
 1.749869e+01 -2.699227e-02 
 1.749908e+01 -2.652745e-02 
 1.749948e+01 -2.602402e-02 
 1.749988e+01 -2.549530e-02 
 1.750028e+01 -2.494054e-02 
 1.750068e+01 -2.436409e-02 
 1.750107e+01 -2.376507e-02 
 1.750147e+01 -2.313221e-02 
 1.750187e+01 -2.246135e-02 
 1.750227e+01 -2.177269e-02 
 1.750266e+01 -2.105679e-02 
 1.750306e+01 -2.032605e-02 
 1.750346e+01 -1.957425e-02 
 1.750386e+01 -1.879940e-02 
 1.750425e+01 -1.799243e-02 
 1.750465e+01 -1.717084e-02 
 1.750505e+01 -1.633474e-02 
 1.750545e+01 -1.548052e-02 
 1.750585e+01 -1.462051e-02 
 1.750624e+01 -1.374127e-02 
 1.750664e+01 -1.283933e-02 
 1.750704e+01 -1.192387e-02 
 1.750744e+01 -1.098768e-02 
 1.750783e+01 -1.005161e-02 
 1.750823e+01 -9.102067e-03 
 1.750863e+01 -8.144913e-03 
 1.750903e+01 -7.155289e-03 
 1.750942e+01 -6.143024e-03 
 1.750982e+01 -5.122981e-03 
 1.751022e+01 -4.089512e-03 
 1.751062e+01 -3.040832e-03 
 1.751102e+01 -1.969288e-03 
 1.751141e+01 -8.905628e-04 
 1.751181e+01  2.179563e-04 
 1.751221e+01  1.327575e-03 
 1.751261e+01  2.442678e-03 
 1.751300e+01  3.567333e-03 
 1.751340e+01  4.706148e-03 
 1.751380e+01  5.850883e-03 
 1.751420e+01  7.028970e-03 
 1.751459e+01  8.224353e-03 
 1.751499e+01  9.409914e-03 
 1.751539e+01  1.061465e-02 
 1.751579e+01  1.182065e-02 
 1.751619e+01  1.304487e-02 
 1.751658e+01  1.427570e-02 
 1.751698e+01  1.552250e-02 
 1.751738e+01  1.676380e-02 
 1.751778e+01  1.799336e-02 
 1.751817e+01  1.924239e-02 
 1.751857e+01  2.049129e-02 
 1.751897e+01  2.175319e-02 
 1.751937e+01  2.301866e-02 
 1.751977e+01  2.428663e-02 
 1.752016e+01  2.554375e-02 
 1.752056e+01  2.680208e-02 
 1.752096e+01  2.806102e-02 
 1.752136e+01  2.931920e-02 
 1.752175e+01  3.057062e-02 
 1.752215e+01  3.180563e-02 
 1.752255e+01  3.304168e-02 
 1.752295e+01  3.425017e-02 
 1.752334e+01  3.546187e-02 
 1.752374e+01  3.667211e-02 
 1.752414e+01  3.787319e-02 
 1.752454e+01  3.905202e-02 
 1.752494e+01  4.022096e-02 
 1.752533e+01  4.136739e-02 
 1.752573e+01  4.248645e-02 
 1.752613e+01  4.359649e-02 
 1.752653e+01  4.470357e-02 
 1.752692e+01  4.576355e-02 
 1.752732e+01  4.679863e-02 
 1.752772e+01  4.782353e-02 
 1.752812e+01  4.882304e-02 
 1.752851e+01  4.979746e-02 
 1.752891e+01  5.076204e-02 
 1.752931e+01  5.169747e-02 
 1.752971e+01  5.260803e-02 
 1.753011e+01  5.350103e-02 
 1.753050e+01  5.438171e-02 
 1.753090e+01  5.521436e-02 
 1.753130e+01  5.603610e-02 
 1.753170e+01  5.682853e-02 
 1.753209e+01  5.757086e-02 
 1.753249e+01  5.828886e-02 
 1.753289e+01  5.899820e-02 
 1.753329e+01  5.967609e-02 
 1.753368e+01  6.033243e-02 
 1.753408e+01  6.096093e-02 
 1.753448e+01  6.155509e-02 
 1.753488e+01  6.210840e-02 
 1.753528e+01  6.264135e-02 
 1.753567e+01  6.314551e-02 
 1.753607e+01  6.360009e-02 
 1.753647e+01  6.403249e-02 
 1.753687e+01  6.442822e-02 
 1.753726e+01  6.479551e-02 
 1.753766e+01  6.515400e-02 
 1.753806e+01  6.547838e-02 
 1.753846e+01  6.579231e-02 
 1.753885e+01  6.606831e-02 
 1.753925e+01  6.632399e-02 
 1.753965e+01  6.654890e-02 
 1.754005e+01  6.675019e-02 
 1.754045e+01  6.690953e-02 
 1.754084e+01  6.704210e-02 
 1.754124e+01  6.713435e-02 
 1.754164e+01  6.719988e-02 
 1.754204e+01  6.724065e-02 
 1.754243e+01  6.726886e-02 
 1.754283e+01  6.727032e-02 
 1.754323e+01  6.725103e-02 
 1.754363e+01  6.721127e-02 
 1.754402e+01  6.711519e-02 
 1.754442e+01  6.699255e-02 
 1.754482e+01  6.684307e-02 
 1.754522e+01  6.666215e-02 
 1.754562e+01  6.644138e-02 
 1.754601e+01  6.619977e-02 
 1.754641e+01  6.591841e-02 
 1.754681e+01  6.561379e-02 
 1.754721e+01  6.529550e-02 
 1.754760e+01  6.494324e-02 
 1.754800e+01  6.455653e-02 
 1.754840e+01  6.414867e-02 
 1.754880e+01  6.371733e-02 
 1.754919e+01  6.325973e-02 
 1.754959e+01  6.276049e-02 
 1.754999e+01  6.224578e-02 
 1.755039e+01  6.169116e-02 
 1.755079e+01  6.110099e-02 
 1.755118e+01  6.048321e-02 
 1.755158e+01  5.984793e-02 
 1.755198e+01  5.919091e-02 
 1.755238e+01  5.850286e-02 
 1.755277e+01  5.780285e-02 
 1.755317e+01  5.706877e-02 
 1.755357e+01  5.629512e-02 
 1.755397e+01  5.551045e-02 
 1.755436e+01  5.469130e-02 
 1.755476e+01  5.383947e-02 
 1.755516e+01  5.297153e-02 
 1.755556e+01  5.207387e-02 
 1.755596e+01  5.113775e-02 
 1.755635e+01  5.018228e-02 
 1.755675e+01  4.921291e-02 
 1.755715e+01  4.822481e-02 
 1.755755e+01  4.721602e-02 
 1.755794e+01  4.619200e-02 
 1.755834e+01  4.515180e-02 
 1.755874e+01  4.409922e-02 
 1.755914e+01  4.302548e-02 
 1.755953e+01  4.193561e-02 
 1.755993e+01  4.081921e-02 
 1.756033e+01  3.967293e-02 
 1.756073e+01  3.851431e-02 
 1.756113e+01  3.734055e-02 
 1.756152e+01  3.615524e-02 
 1.756192e+01  3.496757e-02 
 1.756232e+01  3.377705e-02 
 1.756272e+01  3.256478e-02 
 1.756311e+01  3.133225e-02 
 1.756351e+01  3.009782e-02 
 1.756391e+01  2.885420e-02 
 1.756431e+01  2.760307e-02 
 1.756470e+01  2.634784e-02 
 1.756510e+01  2.506469e-02 
 1.756550e+01  2.379203e-02 
 1.756590e+01  2.251874e-02 
 1.756630e+01  2.124154e-02 
 1.756669e+01  1.997132e-02 
 1.756709e+01  1.870625e-02 
 1.756749e+01  1.744494e-02 
 1.756789e+01  1.617853e-02 
 1.756828e+01  1.492806e-02 
 1.756868e+01  1.367597e-02 
 1.756908e+01  1.242495e-02 
 1.756948e+01  1.118909e-02 
 1.756987e+01  9.953519e-03 
 1.757027e+01  8.719713e-03 
 1.757067e+01  7.510608e-03 
 1.757107e+01  6.318585e-03 
 1.757147e+01  5.142573e-03 
 1.757186e+01  3.978627e-03 
 1.757226e+01  2.833691e-03 
 1.757266e+01  1.688850e-03 
 1.757306e+01  5.606312e-04 
 1.757345e+01 -5.494609e-04 
 1.757385e+01 -1.642885e-03 
 1.757425e+01 -2.725485e-03 
 1.757465e+01 -3.794712e-03 
 1.757504e+01 -4.849717e-03 
 1.757544e+01 -5.898142e-03 
 1.757584e+01 -6.920490e-03 
 1.757624e+01 -7.917498e-03 
 1.757664e+01 -8.904089e-03 
 1.757703e+01 -9.872830e-03 
 1.757743e+01 -1.081398e-02 
 1.757783e+01 -1.173053e-02 
 1.757823e+01 -1.262654e-02 
 1.757862e+01 -1.350934e-02 
 1.757902e+01 -1.436476e-02 
 1.757942e+01 -1.522623e-02 
 1.757982e+01 -1.606705e-02 
 1.758021e+01 -1.689727e-02 
 1.758061e+01 -1.770449e-02 
 1.758101e+01 -1.847385e-02 
 1.758141e+01 -1.923686e-02 
 1.758181e+01 -1.997120e-02 
 1.758220e+01 -2.069663e-02 
 1.758260e+01 -2.139565e-02 
 1.758300e+01 -2.206818e-02 
 1.758340e+01 -2.271583e-02 
 1.758379e+01 -2.334558e-02 
 1.758419e+01 -2.396429e-02 
 1.758459e+01 -2.455433e-02 
 1.758499e+01 -2.511780e-02 
 1.758538e+01 -2.565386e-02 
 1.758578e+01 -2.615353e-02 
 1.758618e+01 -2.663141e-02 
 1.758658e+01 -2.708054e-02 
 1.758698e+01 -2.749972e-02 
 1.758737e+01 -2.789124e-02 
 1.758777e+01 -2.824730e-02 
 1.758817e+01 -2.857092e-02 
 1.758857e+01 -2.886863e-02 
 1.758896e+01 -2.915317e-02 
 1.758936e+01 -2.939717e-02 
 1.758976e+01 -2.960389e-02 
 1.759016e+01 -2.977639e-02 
 1.759055e+01 -2.990669e-02 
 1.759095e+01 -3.000203e-02 
 1.759135e+01 -3.007659e-02 
 1.759175e+01 -3.011815e-02 
 1.759215e+01 -3.012554e-02 
 1.759254e+01 -3.009270e-02 
 1.759294e+01 -3.003058e-02 
 1.759334e+01 -2.991802e-02 
 1.759374e+01 -2.979319e-02 
 1.759413e+01 -2.962510e-02 
 1.759453e+01 -2.942461e-02 
 1.759493e+01 -2.917480e-02 
 1.759533e+01 -2.890943e-02 
 1.759572e+01 -2.860678e-02 
 1.759612e+01 -2.827855e-02 
 1.759652e+01 -2.792547e-02 
 1.759692e+01 -2.752615e-02 
 1.759732e+01 -2.708197e-02 
 1.759771e+01 -2.660941e-02 
 1.759811e+01 -2.611429e-02 
 1.759851e+01 -2.557174e-02 
 1.759891e+01 -2.501580e-02 
 1.759930e+01 -2.442725e-02 
 1.759970e+01 -2.380081e-02 
 1.760010e+01 -2.313231e-02 
 1.760050e+01 -2.245904e-02 
 1.760089e+01 -2.175275e-02 
 1.760129e+01 -2.102528e-02 
 1.760169e+01 -2.027618e-02 
 1.760209e+01 -1.949560e-02 
 1.760249e+01 -1.868414e-02 
 1.760288e+01 -1.784201e-02 
 1.760328e+01 -1.699501e-02 
 1.760368e+01 -1.610741e-02 
 1.760408e+01 -1.521219e-02 
 1.760447e+01 -1.429239e-02 
 1.760487e+01 -1.333899e-02 
 1.760527e+01 -1.237083e-02 
 1.760567e+01 -1.139298e-02 
 1.760606e+01 -1.039121e-02 
 1.760646e+01 -9.376030e-03 
 1.760686e+01 -8.332057e-03 
 1.760726e+01 -7.265576e-03 
 1.760766e+01 -6.188780e-03 
 1.760805e+01 -5.101949e-03 
 1.760845e+01 -4.018014e-03 
 1.760885e+01 -2.911866e-03 
 1.760925e+01 -1.804853e-03 
 1.760964e+01 -6.659477e-04 
 1.761004e+01  4.707185e-04 
 1.761044e+01  1.621113e-03 
 1.761084e+01  2.754687e-03 
 1.761124e+01  3.906135e-03 
 1.761163e+01  5.057968e-03 
 1.761203e+01  6.227120e-03 
 1.761243e+01  7.402442e-03 
 1.761283e+01  8.578839e-03 
 1.761322e+01  9.745635e-03 
 1.761362e+01  1.092546e-02 
 1.761402e+01  1.211157e-02 
 1.761442e+01  1.329664e-02 
 1.761481e+01  1.448260e-02 
 1.761521e+01  1.567507e-02 
 1.761561e+01  1.685104e-02 
 1.761601e+01  1.803954e-02 
 1.761641e+01  1.923135e-02 
 1.761680e+01  2.043198e-02 
 1.761720e+01  2.163143e-02 
 1.761760e+01  2.282767e-02 
 1.761800e+01  2.402178e-02 
 1.761839e+01  2.521115e-02 
 1.761879e+01  2.640101e-02 
 1.761919e+01  2.759369e-02 
 1.761959e+01  2.878753e-02 
 1.761998e+01  2.996867e-02 
 1.762038e+01  3.113607e-02 
 1.762078e+01  3.229938e-02 
 1.762118e+01  3.347152e-02 
 1.762158e+01  3.463088e-02 
 1.762197e+01  3.580079e-02 
 1.762237e+01  3.696599e-02 
 1.762277e+01  3.811662e-02 
 1.762317e+01  3.925725e-02 
 1.762356e+01  4.038515e-02 
 1.762396e+01  4.150373e-02 
 1.762436e+01  4.260811e-02 
 1.762476e+01  4.369991e-02 
 1.762515e+01  4.477301e-02 
 1.762555e+01  4.583548e-02 
 1.762595e+01  4.690362e-02 
 1.762635e+01  4.795442e-02 
 1.762675e+01  4.899474e-02 
 1.762714e+01  5.001626e-02 
 1.762754e+01  5.102039e-02 
 1.762794e+01  5.198840e-02 
 1.762834e+01  5.293367e-02 
 1.762873e+01  5.386038e-02 
 1.762913e+01  5.475978e-02 
 1.762953e+01  5.563010e-02 
 1.762993e+01  5.646136e-02 
 1.763032e+01  5.726848e-02 
 1.763072e+01  5.804393e-02 
 1.763112e+01  5.880616e-02 
 1.763152e+01  5.955116e-02 
 1.763192e+01  6.025569e-02 
 1.763231e+01  6.092781e-02 
 1.763271e+01  6.157662e-02 
 1.763311e+01  6.217574e-02 
 1.763351e+01  6.275567e-02 
 1.763390e+01  6.329430e-02 
 1.763430e+01  6.379863e-02 
 1.763470e+01  6.427251e-02 
 1.763510e+01  6.471946e-02 
 1.763549e+01  6.513614e-02 
 1.763589e+01  6.552331e-02 
 1.763629e+01  6.589145e-02 
 1.763669e+01  6.622207e-02 
 1.763709e+01  6.650533e-02 
 1.763748e+01  6.675911e-02 
 1.763788e+01  6.699089e-02 
 1.763828e+01  6.718191e-02 
 1.763868e+01  6.733689e-02 
 1.763907e+01  6.746132e-02 
 1.763947e+01  6.755131e-02 
 1.763987e+01  6.759850e-02 
 1.764027e+01  6.762918e-02 
 1.764066e+01  6.764076e-02 
 1.764106e+01  6.761655e-02 
 1.764146e+01  6.755612e-02 
 1.764186e+01  6.747636e-02 
 1.764226e+01  6.734299e-02 
 1.764265e+01  6.718407e-02 
 1.764305e+01  6.700071e-02 
 1.764345e+01  6.678011e-02 
 1.764385e+01  6.652253e-02 
 1.764424e+01  6.623760e-02 
 1.764464e+01  6.593720e-02 
 1.764504e+01  6.561578e-02 
 1.764544e+01  6.527512e-02 
 1.764583e+01  6.490719e-02 
 1.764623e+01  6.450869e-02 
 1.764663e+01  6.408243e-02 
 1.764703e+01  6.363772e-02 
 1.764743e+01  6.314819e-02 
 1.764782e+01  6.263953e-02 
 1.764822e+01  6.209782e-02 
 1.764862e+01  6.152348e-02 
 1.764902e+01  6.091845e-02 
 1.764941e+01  6.028054e-02 
 1.764981e+01  5.964410e-02 
 1.765021e+01  5.898075e-02 
 1.765061e+01  5.829811e-02 
 1.765100e+01  5.758948e-02 
 1.765140e+01  5.685917e-02 
 1.765180e+01  5.609766e-02 
 1.765220e+01  5.531904e-02 
 1.765260e+01  5.450899e-02 
 1.765299e+01  5.368007e-02 
 1.765339e+01  5.281733e-02 
 1.765379e+01  5.194849e-02 
 1.765419e+01  5.105927e-02 
 1.765458e+01  5.015295e-02 
 1.765498e+01  4.924438e-02 
 1.765538e+01  4.831460e-02 
 1.765578e+01  4.734876e-02 
 1.765617e+01  4.637622e-02 
 1.765657e+01  4.536894e-02 
 1.765697e+01  4.433910e-02 
 1.765737e+01  4.329094e-02 
 1.765777e+01  4.222315e-02 
 1.765816e+01  4.112461e-02 
 1.765856e+01  4.001387e-02 
 1.765896e+01  3.890584e-02 
 1.765936e+01  3.777548e-02 
 1.765975e+01  3.662769e-02 
 1.766015e+01  3.548646e-02 
 1.766055e+01  3.431979e-02 
 1.766095e+01  3.312070e-02 
 1.766134e+01  3.192696e-02 
 1.766174e+01  3.072266e-02 
 1.766214e+01  2.949750e-02 
 1.766254e+01  2.826087e-02 
 1.766294e+01  2.701717e-02 
 1.766333e+01  2.576285e-02 
 1.766373e+01  2.450584e-02 
 1.766413e+01  2.326114e-02 
 1.766453e+01  2.200416e-02 
 1.766492e+01  2.073990e-02 
 1.766532e+01  1.948874e-02 
 1.766572e+01  1.823464e-02 
 1.766612e+01  1.696133e-02 
 1.766651e+01  1.570525e-02 
 1.766691e+01  1.445550e-02 
 1.766731e+01  1.320065e-02 
 1.766771e+01  1.194811e-02 
 1.766811e+01  1.069534e-02 
 1.766850e+01  9.451078e-03 
 1.766890e+01  8.214994e-03 
 1.766930e+01  6.992328e-03 
 1.766970e+01  5.781806e-03 
 1.767009e+01  4.572968e-03 
 1.767049e+01  3.365819e-03 
 1.767089e+01  2.185643e-03 
 1.767129e+01  1.006694e-03 
 1.767168e+01 -1.556705e-04 
 1.767208e+01 -1.306355e-03 
 1.767248e+01 -2.448224e-03 
 1.767288e+01 -3.579285e-03 
 1.767328e+01 -4.694492e-03 
 1.767367e+01 -5.774365e-03 
 1.767407e+01 -6.829474e-03 
 1.767447e+01 -7.868999e-03 
 1.767487e+01 -8.888584e-03 
 1.767526e+01 -9.898586e-03 
 1.767566e+01 -1.088690e-02 
 1.767606e+01 -1.186279e-02 
 1.767646e+01 -1.281407e-02 
 1.767685e+01 -1.374244e-02 
 1.767725e+01 -1.465501e-02 
 1.767765e+01 -1.554404e-02 
 1.767805e+01 -1.640609e-02 
 1.767845e+01 -1.724143e-02 
 1.767884e+01 -1.803601e-02 
 1.767924e+01 -1.880386e-02 
 1.767964e+01 -1.955310e-02 
 1.768004e+01 -2.028280e-02 
 1.768043e+01 -2.099082e-02 
 1.768083e+01 -2.165803e-02 
 1.768123e+01 -2.230273e-02 
 1.768163e+01 -2.293003e-02 
 1.768202e+01 -2.353096e-02 
 1.768242e+01 -2.409539e-02 
 1.768282e+01 -2.462461e-02 
 1.768322e+01 -2.513451e-02 
 1.768362e+01 -2.559781e-02 
 1.768401e+01 -2.602888e-02 
 1.768441e+01 -2.645339e-02 
 1.768481e+01 -2.684893e-02 
 1.768521e+01 -2.722680e-02 
 1.768560e+01 -2.757090e-02 
 1.768600e+01 -2.788558e-02 
 1.768640e+01 -2.817269e-02 
 1.768680e+01 -2.844730e-02 
 1.768719e+01 -2.868525e-02 
 1.768759e+01 -2.890203e-02 
 1.768799e+01 -2.907798e-02 
 1.768839e+01 -2.922824e-02 
 1.768879e+01 -2.934767e-02 
 1.768918e+01 -2.944202e-02 
 1.768958e+01 -2.952039e-02 
 1.768998e+01 -2.957268e-02 
 1.769038e+01 -2.958029e-02 
 1.769077e+01 -2.956370e-02 
 1.769117e+01 -2.952320e-02 
 1.769157e+01 -2.946009e-02 
 1.769197e+01 -2.937066e-02 
 1.769236e+01 -2.925217e-02 
 1.769276e+01 -2.909654e-02 
 1.769316e+01 -2.888573e-02 
 1.769356e+01 -2.866397e-02 
 1.769396e+01 -2.841317e-02 
 1.769435e+01 -2.812698e-02 
 1.769475e+01 -2.779744e-02 
 1.769515e+01 -2.744613e-02 
 1.769555e+01 -2.704698e-02 
 1.769594e+01 -2.662445e-02 
 1.769634e+01 -2.618157e-02 
 1.769674e+01 -2.571550e-02 
 1.769714e+01 -2.521788e-02 
 1.769753e+01 -2.467960e-02 
 1.769793e+01 -2.409941e-02 
 1.769833e+01 -2.348429e-02 
 1.769873e+01 -2.285549e-02 
 1.769913e+01 -2.219040e-02 
 1.769952e+01 -2.148557e-02 
 1.769992e+01 -2.075423e-02 
 1.770032e+01 -1.999548e-02 
 1.770072e+01 -1.920595e-02 
 1.770111e+01 -1.839077e-02 
 1.770151e+01 -1.756955e-02 
 1.770191e+01 -1.670030e-02 
 1.770231e+01 -1.581259e-02 
 1.770271e+01 -1.490502e-02 
 1.770310e+01 -1.395754e-02 
 1.770350e+01 -1.298883e-02 
 1.770390e+01 -1.202637e-02 
 1.770430e+01 -1.103618e-02 
 1.770469e+01 -1.000481e-02 
 1.770509e+01 -8.972355e-03 
 1.770549e+01 -7.927593e-03 
 1.770589e+01 -6.851413e-03 
 1.770628e+01 -5.778236e-03 
 1.770668e+01 -4.696517e-03 
 1.770708e+01 -3.576640e-03 
 1.770748e+01 -2.449408e-03 
 1.770788e+01 -1.309179e-03 
 1.770827e+01 -1.620646e-04 
 1.770867e+01  9.968994e-04 
 1.770907e+01  2.157267e-03 
 1.770947e+01  3.336077e-03 
 1.770986e+01  4.541152e-03 
 1.771026e+01  5.744898e-03 
 1.771066e+01  6.954252e-03 
 1.771106e+01  8.164025e-03 
 1.771145e+01  9.381219e-03 
 1.771185e+01  1.059994e-02 
 1.771225e+01  1.182334e-02 
 1.771265e+01  1.305443e-02 
 1.771305e+01  1.429135e-02 
 1.771344e+01  1.552239e-02 
 1.771384e+01  1.676586e-02 
 1.771424e+01  1.801098e-02 
 1.771464e+01  1.926051e-02 
 1.771503e+01  2.050522e-02 
 1.771543e+01  2.174752e-02 
 1.771583e+01  2.297309e-02 
 1.771623e+01  2.417526e-02 
 1.771662e+01  2.538961e-02 
 1.771702e+01  2.659971e-02 
 1.771742e+01  2.779255e-02 
 1.771782e+01  2.896840e-02 
 1.771822e+01  3.015927e-02 
 1.771861e+01  3.132173e-02 
 1.771901e+01  3.248722e-02 
 1.771941e+01  3.365653e-02 
 1.771981e+01  3.480938e-02 
 1.772020e+01  3.594836e-02 
 1.772060e+01  3.706927e-02 
 1.772100e+01  3.817947e-02 
 1.772140e+01  3.926155e-02 
 1.772179e+01  4.034496e-02 
 1.772219e+01  4.142891e-02 
 1.772259e+01  4.247444e-02 
 1.772299e+01  4.352291e-02 
 1.772339e+01  4.455646e-02 
 1.772378e+01  4.557220e-02 
 1.772418e+01  4.658115e-02 
 1.772458e+01  4.757152e-02 
 1.772498e+01  4.854130e-02 
 1.772537e+01  4.948032e-02 
 1.772577e+01  5.041184e-02 
 1.772617e+01  5.131731e-02 
 1.772657e+01  5.220715e-02 
 1.772696e+01  5.309409e-02 
 1.772736e+01  5.395361e-02 
 1.772776e+01  5.478228e-02 
 1.772816e+01  5.561195e-02 
 1.772856e+01  5.642684e-02 
 1.772895e+01  5.722717e-02 
 1.772935e+01  5.801078e-02 
 1.772975e+01  5.877560e-02 
 1.773015e+01  5.950009e-02 
 1.773054e+01  6.019220e-02 
 1.773094e+01  6.086664e-02 
 1.773134e+01  6.151287e-02 
 1.773174e+01  6.212742e-02 
 1.773213e+01  6.272137e-02 
 1.773253e+01  6.328148e-02 
 1.773293e+01  6.381418e-02 
 1.773333e+01  6.432216e-02 
 1.773373e+01  6.482319e-02 
 1.773412e+01  6.528821e-02 
 1.773452e+01  6.570495e-02 
 1.773492e+01  6.609318e-02 
 1.773532e+01  6.643605e-02 
 1.773571e+01  6.674501e-02 
 1.773611e+01  6.701873e-02 
 1.773651e+01  6.725477e-02 
 1.773691e+01  6.744666e-02 
 1.773730e+01  6.760077e-02 
 1.773770e+01  6.773551e-02 
 1.773810e+01  6.783183e-02 
 1.773850e+01  6.790971e-02 
 1.773890e+01  6.796551e-02 
 1.773929e+01  6.797732e-02 
 1.773969e+01  6.794322e-02 
 1.774009e+01  6.787689e-02 
 1.774049e+01  6.776364e-02 
 1.774088e+01  6.762514e-02 
 1.774128e+01  6.744800e-02 
 1.774168e+01  6.724355e-02 
 1.774208e+01  6.700502e-02 
 1.774247e+01  6.674863e-02 
 1.774287e+01  6.646571e-02 
 1.774327e+01  6.614981e-02 
 1.774367e+01  6.580181e-02 
 1.774407e+01  6.543199e-02 
 1.774446e+01  6.501400e-02 
 1.774486e+01  6.455961e-02 
 1.774526e+01  6.408002e-02 
 1.774566e+01  6.356098e-02 
 1.774605e+01  6.301462e-02 
 1.774645e+01  6.244138e-02 
 1.774685e+01  6.185171e-02 
 1.774725e+01  6.122973e-02 
 1.774764e+01  6.059645e-02 
 1.774804e+01  5.994099e-02 
 1.774844e+01  5.925965e-02 
 1.774884e+01  5.855138e-02 
 1.774924e+01  5.782479e-02 
 1.774963e+01  5.705452e-02 
 1.775003e+01  5.625812e-02 
 1.775043e+01  5.543973e-02 
 1.775083e+01  5.460736e-02 
 1.775122e+01  5.374975e-02 
 1.775162e+01  5.287463e-02 
 1.775202e+01  5.198367e-02 
 1.775242e+01  5.107497e-02 
 1.775281e+01  5.014453e-02 
 1.775321e+01  4.920518e-02 
 1.775361e+01  4.823166e-02 
 1.775401e+01  4.722828e-02 
 1.775441e+01  4.621841e-02 
 1.775480e+01  4.519257e-02 
 1.775520e+01  4.415317e-02 
 1.775560e+01  4.307715e-02 
 1.775600e+01  4.201454e-02 
 1.775639e+01  4.092026e-02 
 1.775679e+01  3.981777e-02 
 1.775719e+01  3.872829e-02 
 1.775759e+01  3.763696e-02 
 1.775798e+01  3.651840e-02 
 1.775838e+01  3.539158e-02 
 1.775878e+01  3.425512e-02 
 1.775918e+01  3.310066e-02 
 1.775958e+01  3.192794e-02 
 1.775997e+01  3.076615e-02 
 1.776037e+01  2.958652e-02 
 1.776077e+01  2.838360e-02 
 1.776117e+01  2.719521e-02 
 1.776156e+01  2.601003e-02 
 1.776196e+01  2.481763e-02 
 1.776236e+01  2.363207e-02 
 1.776276e+01  2.243959e-02 
 1.776315e+01  2.123069e-02 
 1.776355e+01  2.000889e-02 
 1.776395e+01  1.879313e-02 
 1.776435e+01  1.756968e-02 
 1.776475e+01  1.633123e-02 
 1.776514e+01  1.510277e-02 
 1.776554e+01  1.386082e-02 
 1.776594e+01  1.260672e-02 
 1.776634e+01  1.137969e-02 
 1.776673e+01  1.016361e-02 
 1.776713e+01  8.947106e-03 
 1.776753e+01  7.735994e-03 
 1.776793e+01  6.534828e-03 
 1.776832e+01  5.329226e-03 
 1.776872e+01  4.123729e-03 
 1.776912e+01  2.921656e-03 
 1.776952e+01  1.732207e-03 
 1.776992e+01  5.445861e-04 
 1.777031e+01 -6.329180e-04 
 1.777071e+01 -1.797806e-03 
 1.777111e+01 -2.944805e-03 
 1.777151e+01 -4.064278e-03 
 1.777190e+01 -5.177835e-03 
 1.777230e+01 -6.268928e-03 
 1.777270e+01 -7.353545e-03 
 1.777310e+01 -8.425599e-03 
 1.777349e+01 -9.484137e-03 
 1.777389e+01 -1.050831e-02 
 1.777429e+01 -1.152750e-02 
 1.777469e+01 -1.251577e-02 
 1.777509e+01 -1.349349e-02 
 1.777548e+01 -1.443872e-02 
 1.777588e+01 -1.536315e-02 
 1.777628e+01 -1.625283e-02 
 1.777668e+01 -1.711443e-02 
 1.777707e+01 -1.793878e-02 
 1.777747e+01 -1.874739e-02 
 1.777787e+01 -1.953122e-02 
 1.777827e+01 -2.029475e-02 
 1.777866e+01 -2.102588e-02 
 1.777906e+01 -2.172662e-02 
 1.777946e+01 -2.240327e-02 
 1.777986e+01 -2.305096e-02 
 1.778026e+01 -2.367402e-02 
 1.778065e+01 -2.426137e-02 
 1.778105e+01 -2.481287e-02 
 1.778145e+01 -2.533452e-02 
 1.778185e+01 -2.581583e-02 
 1.778224e+01 -2.627682e-02 
 1.778264e+01 -2.671355e-02 
 1.778304e+01 -2.712572e-02 
 1.778344e+01 -2.749008e-02 
 1.778383e+01 -2.783071e-02 
 1.778423e+01 -2.814117e-02 
 1.778463e+01 -2.843182e-02 
 1.778503e+01 -2.869629e-02 
 1.778543e+01 -2.893701e-02 
 1.778582e+01 -2.913570e-02 
 1.778622e+01 -2.929732e-02 
 1.778662e+01 -2.941889e-02 
 1.778702e+01 -2.951741e-02 
 1.778741e+01 -2.958413e-02 
 1.778781e+01 -2.962778e-02 
 1.778821e+01 -2.964047e-02 
 1.778861e+01 -2.961980e-02 
 1.778900e+01 -2.956720e-02 
 1.778940e+01 -2.949139e-02 
 1.778980e+01 -2.939097e-02 
 1.779020e+01 -2.925235e-02 
 1.779060e+01 -2.908108e-02 
 1.779099e+01 -2.887118e-02 
 1.779139e+01 -2.863037e-02 
 1.779179e+01 -2.839026e-02 
 1.779219e+01 -2.810829e-02 
 1.779258e+01 -2.779907e-02 
 1.779298e+01 -2.747085e-02 
 1.779338e+01 -2.710309e-02 
 1.779378e+01 -2.671002e-02 
 1.779418e+01 -2.628749e-02 
 1.779457e+01 -2.585061e-02 
 1.779497e+01 -2.537456e-02 
 1.779537e+01 -2.486866e-02 
 1.779577e+01 -2.433655e-02 
 1.779616e+01 -2.376029e-02 
 1.779656e+01 -2.316443e-02 
 1.779696e+01 -2.255340e-02 
 1.779736e+01 -2.191986e-02 
 1.779775e+01 -2.126019e-02 
 1.779815e+01 -2.056500e-02 
 1.779855e+01 -1.985820e-02 
 1.779895e+01 -1.912401e-02 
 1.779935e+01 -1.835996e-02 
 1.779974e+01 -1.758462e-02 
 1.780014e+01 -1.678590e-02 
 1.780054e+01 -1.594837e-02 
 1.780094e+01 -1.509080e-02 
 1.780133e+01 -1.422454e-02 
 1.780173e+01 -1.333492e-02 
 1.780213e+01 -1.240995e-02 
 1.780253e+01 -1.146548e-02 
 1.780292e+01 -1.048384e-02 
 1.780332e+01 -9.482136e-03 
 1.780372e+01 -8.477305e-03 
 1.780412e+01 -7.461804e-03 
 1.780452e+01 -6.413331e-03 
 1.780491e+01 -5.361997e-03 
 1.780531e+01 -4.282374e-03 
 1.780571e+01 -3.164849e-03 
 1.780611e+01 -2.042562e-03 
 1.780650e+01 -9.116708e-04 
 1.780690e+01  2.442386e-04 
 1.780730e+01  1.422527e-03 
 1.780770e+01  2.614088e-03 
 1.780809e+01  3.812807e-03 
 1.780849e+01  5.030912e-03 
 1.780889e+01  6.247308e-03 
 1.780929e+01  7.465255e-03 
 1.780969e+01  8.709363e-03 
 1.781008e+01  9.960720e-03 
 1.781048e+01  1.120981e-02 
 1.781088e+01  1.246248e-02 
 1.781128e+01  1.372307e-02 
 1.781167e+01  1.499299e-02 
 1.781207e+01  1.625944e-02 
 1.781247e+01  1.753416e-02 
 1.781287e+01  1.880280e-02 
 1.781326e+01  2.006799e-02 
 1.781366e+01  2.131856e-02 
 1.781406e+01  2.255453e-02 
 1.781446e+01  2.380661e-02 
 1.781486e+01  2.506648e-02 
 1.781525e+01  2.630528e-02 
 1.781565e+01  2.753744e-02 
 1.781605e+01  2.877114e-02 
 1.781645e+01  2.999256e-02 
 1.781684e+01  3.119252e-02 
 1.781724e+01  3.240124e-02 
 1.781764e+01  3.359807e-02 
 1.781804e+01  3.477218e-02 
 1.781843e+01  3.593244e-02 
 1.781883e+01  3.708600e-02 
 1.781923e+01  3.821676e-02 
 1.781963e+01  3.934237e-02 
 1.782003e+01  4.044407e-02 
 1.782042e+01  4.152813e-02 
 1.782082e+01  4.258655e-02 
 1.782122e+01  4.363488e-02 
 1.782162e+01  4.467325e-02 
 1.782201e+01  4.568716e-02 
 1.782241e+01  4.669227e-02 
 1.782281e+01  4.767557e-02 
 1.782321e+01  4.863449e-02 
 1.782360e+01  4.956857e-02 
 1.782400e+01  5.048109e-02 
 1.782440e+01  5.139121e-02 
 1.782480e+01  5.226173e-02 
 1.782520e+01  5.313311e-02 
 1.782559e+01  5.397676e-02 
 1.782599e+01  5.478270e-02 
 1.782639e+01  5.557598e-02 
 1.782679e+01  5.636121e-02 
 1.782718e+01  5.712841e-02 
 1.782758e+01  5.785402e-02 
 1.782798e+01  5.855719e-02 
 1.782838e+01  5.924136e-02 
 1.782877e+01  5.988151e-02 
 1.782917e+01  6.051007e-02 
 1.782957e+01  6.111918e-02 
 1.782997e+01  6.170385e-02 
 1.783037e+01  6.225897e-02 
 1.783076e+01  6.279487e-02 
 1.783116e+01  6.331065e-02 
 1.783156e+01  6.379064e-02 
 1.783196e+01  6.427273e-02 
 1.783235e+01  6.470704e-02 
 1.783275e+01  6.510045e-02 
 1.783315e+01  6.546164e-02 
 1.783355e+01  6.580278e-02 
 1.783394e+01  6.611893e-02 
 1.783434e+01  6.641016e-02 
 1.783474e+01  6.668480e-02 
 1.783514e+01  6.693123e-02 
 1.783554e+01  6.714154e-02 
 1.783593e+01  6.733034e-02 
 1.783633e+01  6.749147e-02 
 1.783673e+01  6.761925e-02 
 1.783713e+01  6.770741e-02 
 1.783752e+01  6.775925e-02 
 1.783792e+01  6.776892e-02 
 1.783832e+01  6.775192e-02 
 1.783872e+01  6.770193e-02 
 1.783911e+01  6.761452e-02 
 1.783951e+01  6.749704e-02 
 1.783991e+01  6.734100e-02 
 1.784031e+01  6.715442e-02 
 1.784071e+01  6.694007e-02 
 1.784110e+01  6.668996e-02 
 1.784150e+01  6.641016e-02 
 1.784190e+01  6.608108e-02 
 1.784230e+01  6.572187e-02 
 1.784269e+01  6.532475e-02 
 1.784309e+01  6.488117e-02 
 1.784349e+01  6.441223e-02 
 1.784389e+01  6.392954e-02 
 1.784428e+01  6.340442e-02 
 1.784468e+01  6.285574e-02 
 1.784508e+01  6.228236e-02 
 1.784548e+01  6.169441e-02 
 1.784588e+01  6.106354e-02 
 1.784627e+01  6.041262e-02 
 1.784667e+01  5.973191e-02 
 1.784707e+01  5.900801e-02 
 1.784747e+01  5.825646e-02 
 1.784786e+01  5.748631e-02 
 1.784826e+01  5.668203e-02 
 1.784866e+01  5.584998e-02 
 1.784906e+01  5.500977e-02 
 1.784945e+01  5.414897e-02 
 1.784985e+01  5.326308e-02 
 1.785025e+01  5.237160e-02 
 1.785065e+01  5.147887e-02 
 1.785105e+01  5.054653e-02 
 1.785144e+01  4.959016e-02 
 1.785184e+01  4.860535e-02 
 1.785224e+01  4.759832e-02 
 1.785264e+01  4.656439e-02 
 1.785303e+01  4.552810e-02 
 1.785343e+01  4.447384e-02 
 1.785383e+01  4.339728e-02 
 1.785423e+01  4.232747e-02 
 1.785462e+01  4.125100e-02 
 1.785502e+01  4.015023e-02 
 1.785542e+01  3.904769e-02 
 1.785582e+01  3.793149e-02 
 1.785622e+01  3.679333e-02 
 1.785661e+01  3.562469e-02 
 1.785701e+01  3.446015e-02 
 1.785741e+01  3.328326e-02 
 1.785781e+01  3.209050e-02 
 1.785820e+01  3.089140e-02 
 1.785860e+01  2.969222e-02 
 1.785900e+01  2.848455e-02 
 1.785940e+01  2.727458e-02 
 1.785979e+01  2.606038e-02 
 1.786019e+01  2.485928e-02 
 1.786059e+01  2.362912e-02 
 1.786099e+01  2.239420e-02 
 1.786139e+01  2.115596e-02 
 1.786178e+01  1.990534e-02 
 1.786218e+01  1.865746e-02 
 1.786258e+01  1.743185e-02 
 1.786298e+01  1.621134e-02 
 1.786337e+01  1.498713e-02 
 1.786377e+01  1.378589e-02 
 1.786417e+01  1.258241e-02 
 1.786457e+01  1.140038e-02 
 1.786496e+01  1.021484e-02 
 1.786536e+01  9.039132e-03 
 1.786576e+01  7.849876e-03 
 1.786616e+01  6.671322e-03 
 1.786656e+01  5.500176e-03 
 1.786695e+01  4.326354e-03 
 1.786735e+01  3.175321e-03 
 1.786775e+01  2.037632e-03 
 1.786815e+01  8.994126e-04 
 1.786854e+01 -2.270465e-04 
 1.786894e+01 -1.325839e-03 
 1.786934e+01 -2.423192e-03 
 1.786974e+01 -3.492917e-03 
 1.787013e+01 -4.555973e-03 
 1.787053e+01 -5.620408e-03 
 1.787093e+01 -6.678795e-03 
 1.787133e+01 -7.720457e-03 
 1.787173e+01 -8.749539e-03 
 1.787212e+01 -9.765406e-03 
 1.787252e+01 -1.076827e-02 
 1.787292e+01 -1.173922e-02 
 1.787332e+01 -1.271541e-02 
 1.787371e+01 -1.365811e-02 
 1.787411e+01 -1.458122e-02 
 1.787451e+01 -1.547966e-02 
 1.787491e+01 -1.636672e-02 
 1.787530e+01 -1.723424e-02 
 1.787570e+01 -1.809012e-02 
 1.787610e+01 -1.892754e-02 
 1.787650e+01 -1.974004e-02 
 1.787690e+01 -2.051832e-02 
 1.787729e+01 -2.127982e-02 
 1.787769e+01 -2.201468e-02 
 1.787809e+01 -2.271478e-02 
 1.787849e+01 -2.338986e-02 
 1.787888e+01 -2.402523e-02 
 1.787928e+01 -2.461999e-02 
 1.787968e+01 -2.519079e-02 
 1.788008e+01 -2.574057e-02 
 1.788047e+01 -2.626612e-02 
 1.788087e+01 -2.676080e-02 
 1.788127e+01 -2.722324e-02 
 1.788167e+01 -2.764015e-02 
 1.788207e+01 -2.802537e-02 
 1.788246e+01 -2.837624e-02 
 1.788286e+01 -2.869412e-02 
 1.788326e+01 -2.897037e-02 
 1.788366e+01 -2.920436e-02 
 1.788405e+01 -2.939643e-02 
 1.788445e+01 -2.956652e-02 
 1.788485e+01 -2.970288e-02 
 1.788525e+01 -2.981227e-02 
 1.788565e+01 -2.989626e-02 
 1.788604e+01 -2.994170e-02 
 1.788644e+01 -2.995083e-02 
 1.788684e+01 -2.992050e-02 
 1.788724e+01 -2.987406e-02 
 1.788763e+01 -2.979143e-02 
 1.788803e+01 -2.968391e-02 
 1.788843e+01 -2.953127e-02 
 1.788883e+01 -2.934637e-02 
 1.788922e+01 -2.914191e-02 
 1.788962e+01 -2.890867e-02 
 1.789002e+01 -2.864980e-02 
 1.789042e+01 -2.836625e-02 
 1.789082e+01 -2.804649e-02 
 1.789121e+01 -2.769213e-02 
 1.789161e+01 -2.731595e-02 
 1.789201e+01 -2.690079e-02 
 1.789241e+01 -2.646197e-02 
 1.789280e+01 -2.600416e-02 
 1.789320e+01 -2.551530e-02 
 1.789360e+01 -2.498779e-02 
 1.789400e+01 -2.443967e-02 
 1.789439e+01 -2.386564e-02 
 1.789479e+01 -2.327044e-02 
 1.789519e+01 -2.265427e-02 
 1.789559e+01 -2.201135e-02 
 1.789599e+01 -2.134039e-02 
 1.789638e+01 -2.063055e-02 
 1.789678e+01 -1.991351e-02 
 1.789718e+01 -1.916541e-02 
 1.789758e+01 -1.839850e-02 
 1.789797e+01 -1.760231e-02 
 1.789837e+01 -1.677800e-02 
 1.789877e+01 -1.592739e-02 
 1.789917e+01 -1.505333e-02 
 1.789956e+01 -1.416908e-02 
 1.789996e+01 -1.326784e-02 
 1.790036e+01 -1.233852e-02 
 1.790076e+01 -1.138866e-02 
 1.790116e+01 -1.041580e-02 
 1.790155e+01 -9.434634e-03 
 1.790195e+01 -8.432269e-03 
 1.790235e+01 -7.419845e-03 
 1.790275e+01 -6.384527e-03 
 1.790314e+01 -5.321242e-03 
 1.790354e+01 -4.247507e-03 
 1.790394e+01 -3.160109e-03 
 1.790434e+01 -2.054880e-03 
 1.790473e+01 -9.583066e-04 
 1.790513e+01  1.556606e-04 
 1.790553e+01  1.282770e-03 
 1.790593e+01  2.434281e-03 
 1.790633e+01  3.575847e-03 
 1.790672e+01  4.723381e-03 
 1.790712e+01  5.890298e-03 
 1.790752e+01  7.063639e-03 
 1.790792e+01  8.259889e-03 
 1.790831e+01  9.456878e-03 
 1.790871e+01  1.067138e-02 
 1.790911e+01  1.186986e-02 
 1.790951e+01  1.308670e-02 
 1.790990e+01  1.430817e-02 
 1.791030e+01  1.553651e-02 
 1.791070e+01  1.677931e-02 
 1.791110e+01  1.801290e-02 
 1.791150e+01  1.924866e-02 
 1.791189e+01  2.048455e-02 
 1.791229e+01  2.173754e-02 
 1.791269e+01  2.298817e-02 
 1.791309e+01  2.424998e-02 
 1.791348e+01  2.550399e-02 
 1.791388e+01  2.675370e-02 
 1.791428e+01  2.799363e-02 
 1.791468e+01  2.924169e-02 
 1.791507e+01  3.047887e-02 
 1.791547e+01  3.170746e-02 
 1.791587e+01  3.292577e-02 
 1.791627e+01  3.412644e-02 
 1.791667e+01  3.532048e-02 
 1.791706e+01  3.649829e-02 
 1.791746e+01  3.767925e-02 
 1.791786e+01  3.884755e-02 
 1.791826e+01  4.000639e-02 
 1.791865e+01  4.116030e-02 
 1.791905e+01  4.228575e-02 
 1.791945e+01  4.340709e-02 
 1.791985e+01  4.451063e-02 
 1.792024e+01  4.557876e-02 
 1.792064e+01  4.662541e-02 
 1.792104e+01  4.764968e-02 
 1.792144e+01  4.864336e-02 
 1.792184e+01  4.961293e-02 
 1.792223e+01  5.057159e-02 
 1.792263e+01  5.151677e-02 
 1.792303e+01  5.244369e-02 
 1.792343e+01  5.333501e-02 
 1.792382e+01  5.419926e-02 
 1.792422e+01  5.503647e-02 
 1.792462e+01  5.585662e-02 
 1.792502e+01  5.663862e-02 
 1.792541e+01  5.739017e-02 
 1.792581e+01  5.810669e-02 
 1.792621e+01  5.878466e-02 
 1.792661e+01  5.944909e-02 
 1.792701e+01  6.008924e-02 
 1.792740e+01  6.070186e-02 
 1.792780e+01  6.128917e-02 
 1.792820e+01  6.185643e-02 
 1.792860e+01  6.238283e-02 
 1.792899e+01  6.288723e-02 
 1.792939e+01  6.336615e-02 
 1.792979e+01  6.381940e-02 
 1.793019e+01  6.423924e-02 
 1.793058e+01  6.463488e-02 
 1.793098e+01  6.499595e-02 
 1.793138e+01  6.534518e-02 
 1.793178e+01  6.566989e-02 
 1.793218e+01  6.597541e-02 
 1.793257e+01  6.623859e-02 
 1.793297e+01  6.648618e-02 
 1.793337e+01  6.670554e-02 
 1.793377e+01  6.687995e-02 
 1.793416e+01  6.704508e-02 
 1.793456e+01  6.717247e-02 
 1.793496e+01  6.727294e-02 
 1.793536e+01  6.733047e-02 
 1.793575e+01  6.736671e-02 
 1.793615e+01  6.736669e-02 
 1.793655e+01  6.734333e-02 
 1.793695e+01  6.729402e-02 
 1.793735e+01  6.721182e-02 
 1.793774e+01  6.710424e-02 
 1.793814e+01  6.698651e-02 
 1.793854e+01  6.683045e-02 
 1.793894e+01  6.664657e-02 
 1.793933e+01  6.642018e-02 
 1.793973e+01  6.618596e-02 
 1.794013e+01  6.589597e-02 
 1.794053e+01  6.557542e-02 
 1.794092e+01  6.522056e-02 
 1.794132e+01  6.483990e-02 
 1.794172e+01  6.442151e-02 
 1.794212e+01  6.399350e-02 
 1.794252e+01  6.353206e-02 
 1.794291e+01  6.302842e-02 
 1.794331e+01  6.250381e-02 
 1.794371e+01  6.195875e-02 
 1.794411e+01  6.137010e-02 
 1.794450e+01  6.074201e-02 
 1.794490e+01  6.009905e-02 
 1.794530e+01  5.939939e-02 
 1.794570e+01  5.867176e-02 
 1.794609e+01  5.792741e-02 
 1.794649e+01  5.716434e-02 
 1.794689e+01  5.636844e-02 
 1.794729e+01  5.555460e-02 
 1.794769e+01  5.472038e-02 
 1.794808e+01  5.385632e-02 
 1.794848e+01  5.297605e-02 
 1.794888e+01  5.207144e-02 
 1.794928e+01  5.112657e-02 
 1.794967e+01  5.015044e-02 
 1.795007e+01  4.915013e-02 
 1.795047e+01  4.813826e-02 
 1.795087e+01  4.710962e-02 
 1.795126e+01  4.606889e-02 
 1.795166e+01  4.501966e-02 
 1.795206e+01  4.394578e-02 
 1.795246e+01  4.286045e-02 
 1.795286e+01  4.175093e-02 
 1.795325e+01  4.063701e-02 
 1.795365e+01  3.951072e-02 
 1.795405e+01  3.835549e-02 
 1.795445e+01  3.718344e-02 
 1.795484e+01  3.599272e-02 
 1.795524e+01  3.479513e-02 
 1.795564e+01  3.360085e-02 
 1.795604e+01  3.238788e-02 
 1.795643e+01  3.117389e-02 
 1.795683e+01  2.995342e-02 
 1.795723e+01  2.873792e-02 
 1.795763e+01  2.752170e-02 
 1.795803e+01  2.630218e-02 
 1.795842e+01  2.508304e-02 
 1.795882e+01  2.385671e-02 
 1.795922e+01  2.262132e-02 
 1.795962e+01  2.137992e-02 
 1.796001e+01  2.014557e-02 
 1.796041e+01  1.892271e-02 
 1.796081e+01  1.770246e-02 
 1.796121e+01  1.648008e-02 
 1.796160e+01  1.526381e-02 
 1.796200e+01  1.405727e-02 
 1.796240e+01  1.285169e-02 
 1.796280e+01  1.165353e-02 
 1.796320e+01  1.045730e-02 
 1.796359e+01  9.264017e-03 
 1.796399e+01  8.068632e-03 
 1.796439e+01  6.874154e-03 
 1.796479e+01  5.698482e-03 
 1.796518e+01  4.518585e-03 
 1.796558e+01  3.351273e-03 
 1.796598e+01  2.202162e-03 
 1.796638e+01  1.073014e-03 
 1.796677e+01 -5.823737e-05 
 1.796717e+01 -1.155509e-03 
 1.796757e+01 -2.247165e-03 
 1.796797e+01 -3.334786e-03 
 1.796837e+01 -4.428676e-03 
 1.796876e+01 -5.494025e-03 
 1.796916e+01 -6.562964e-03 
 1.796956e+01 -7.609769e-03 
 1.796996e+01 -8.622915e-03 
 1.797035e+01 -9.627009e-03 
 1.797075e+01 -1.060321e-02 
 1.797115e+01 -1.156290e-02 
 1.797155e+01 -1.250957e-02 
 1.797194e+01 -1.344358e-02 
 1.797234e+01 -1.434370e-02 
 1.797274e+01 -1.523069e-02 
 1.797314e+01 -1.610935e-02 
 1.797354e+01 -1.697610e-02 
 1.797393e+01 -1.781295e-02 
 1.797433e+01 -1.861736e-02 
 1.797473e+01 -1.939995e-02 
 1.797513e+01 -2.015560e-02 
 1.797552e+01 -2.088888e-02 
 1.797592e+01 -2.159046e-02 
 1.797632e+01 -2.227117e-02 
 1.797672e+01 -2.292197e-02 
 1.797712e+01 -2.353895e-02 
 1.797751e+01 -2.414366e-02 
 1.797791e+01 -2.473175e-02 
 1.797831e+01 -2.529502e-02 
 1.797871e+01 -2.583102e-02 
 1.797910e+01 -2.632734e-02 
 1.797950e+01 -2.678690e-02 
 1.797990e+01 -2.720992e-02 
 1.798030e+01 -2.761351e-02 
 1.798069e+01 -2.799455e-02 
 1.798109e+01 -2.833957e-02 
 1.798149e+01 -2.865256e-02 
 1.798189e+01 -2.893468e-02 
 1.798229e+01 -2.919332e-02 
 1.798268e+01 -2.941386e-02 
 1.798308e+01 -2.962422e-02 
 1.798348e+01 -2.980376e-02 
 1.798388e+01 -2.993241e-02 
 1.798427e+01 -3.003126e-02 
 1.798467e+01 -3.010149e-02 
 1.798507e+01 -3.012750e-02 
 1.798547e+01 -3.012513e-02 
 1.798586e+01 -3.009187e-02 
 1.798626e+01 -3.000182e-02 
 1.798666e+01 -2.988158e-02 
 1.798706e+01 -2.973589e-02 
 1.798746e+01 -2.955795e-02 
 1.798785e+01 -2.934832e-02 
 1.798825e+01 -2.911401e-02 
 1.798865e+01 -2.883862e-02 
 1.798905e+01 -2.852806e-02 
 1.798944e+01 -2.816761e-02 
 1.798984e+01 -2.779074e-02 
 1.799024e+01 -2.737171e-02 
 1.799064e+01 -2.693949e-02 
 1.799103e+01 -2.645338e-02 
 1.799143e+01 -2.594874e-02 
 1.799183e+01 -2.539731e-02 
 1.799223e+01 -2.483038e-02 
 1.799263e+01 -2.423490e-02 
 1.799302e+01 -2.361818e-02 
 1.799342e+01 -2.297448e-02 
 1.799382e+01 -2.229263e-02 
 1.799422e+01 -2.159166e-02 
 1.799461e+01 -2.085760e-02 
 1.799501e+01 -2.011091e-02 
 1.799541e+01 -1.933976e-02 
 1.799581e+01 -1.854984e-02 
 1.799620e+01 -1.772352e-02 
 1.799660e+01 -1.688227e-02 
 1.799700e+01 -1.603196e-02 
 1.799740e+01 -1.516236e-02 
 1.799780e+01 -1.428015e-02 
 1.799819e+01 -1.337502e-02 
 1.799859e+01 -1.243979e-02 
 1.799899e+01 -1.147835e-02 
 1.799939e+01 -1.050474e-02 
 1.799978e+01 -9.523031e-03 
 1.800018e+01 -8.528899e-03 
 1.800058e+01 -7.523309e-03 
 1.800098e+01 -6.503144e-03 
 1.800137e+01 -5.461071e-03 
 1.800177e+01 -4.402044e-03 
 1.800217e+01 -3.345184e-03 
 1.800257e+01 -2.268695e-03 
 1.800297e+01 -1.178345e-03 
 1.800336e+01 -7.456586e-05 
 1.800376e+01  1.054851e-03 
 1.800416e+01  2.197588e-03 
 1.800456e+01  3.325994e-03 
 1.800495e+01  4.479940e-03 
 1.800535e+01  5.650913e-03 
 1.800575e+01  6.827791e-03 
 1.800615e+01  8.018558e-03 
 1.800654e+01  9.223462e-03 
 1.800694e+01  1.043339e-02 
 1.800734e+01  1.163324e-02 
 1.800774e+01  1.286454e-02 
 1.800814e+01  1.410011e-02 
 1.800853e+01  1.533942e-02 
 1.800893e+01  1.658390e-02 
 1.800933e+01  1.781583e-02 
 1.800973e+01  1.903328e-02 
 1.801012e+01  2.026603e-02 
 1.801052e+01  2.149704e-02 
 1.801092e+01  2.272973e-02 
 1.801132e+01  2.396061e-02 
 1.801171e+01  2.519942e-02 
 1.801211e+01  2.642352e-02 
 1.801251e+01  2.764165e-02 
 1.801291e+01  2.886712e-02 
 1.801331e+01  3.008147e-02 
 1.801370e+01  3.128079e-02 
 1.801410e+01  3.247124e-02 
 1.801450e+01  3.366386e-02 
 1.801490e+01  3.483639e-02 
 1.801529e+01  3.600626e-02 
 1.801569e+01  3.717813e-02 
 1.801609e+01  3.833107e-02 
 1.801649e+01  3.946208e-02 
 1.801688e+01  4.058832e-02 
 1.801728e+01  4.170099e-02 
 1.801768e+01  4.279638e-02 
 1.801808e+01  4.388976e-02 
 1.801848e+01  4.495781e-02 
 1.801887e+01  4.600708e-02 
 1.801927e+01  4.703880e-02 
 1.801967e+01  4.805081e-02 
 1.802007e+01  4.905606e-02 
 1.802046e+01  5.004220e-02 
 1.802086e+01  5.102576e-02 
 1.802126e+01  5.196686e-02 
 1.802166e+01  5.289167e-02 
 1.802205e+01  5.379257e-02 
 1.802245e+01  5.467470e-02 
 1.802285e+01  5.552661e-02 
 1.802325e+01  5.635136e-02 
 1.802365e+01  5.714441e-02 
 1.802404e+01  5.791941e-02 
 1.802444e+01  5.866602e-02 
 1.802484e+01  5.939850e-02 
 1.802524e+01  6.009985e-02 
 1.802563e+01  6.077076e-02 
 1.802603e+01  6.141277e-02 
 1.802643e+01  6.201620e-02 
 1.802683e+01  6.260058e-02 
 1.802722e+01  6.314943e-02 
 1.802762e+01  6.367206e-02 
 1.802802e+01  6.415128e-02 
 1.802842e+01  6.459684e-02 
 1.802882e+01  6.499548e-02 
 1.802921e+01  6.537679e-02 
 1.802961e+01  6.571629e-02 
 1.803001e+01  6.603824e-02 
 1.803041e+01  6.631821e-02 
 1.803080e+01  6.656772e-02 
 1.803120e+01  6.678676e-02 
 1.803160e+01  6.697448e-02 
 1.803200e+01  6.713271e-02 
 1.803239e+01  6.724579e-02 
 1.803279e+01  6.733050e-02 
 1.803319e+01  6.738382e-02 
 1.803359e+01  6.740592e-02 
 1.803399e+01  6.741000e-02 
 1.803438e+01  6.739088e-02 
 1.803478e+01  6.734366e-02 
 1.803518e+01  6.726612e-02 
 1.803558e+01  6.716856e-02 
 1.803597e+01  6.704003e-02 
 1.803637e+01  6.688305e-02 
 1.803677e+01  6.670252e-02 
 1.803717e+01  6.648395e-02 
 1.803756e+01  6.623576e-02 
 1.803796e+01  6.596896e-02 
 1.803836e+01  6.566686e-02 
 1.803876e+01  6.533062e-02 
 1.803916e+01  6.497781e-02 
 1.803955e+01  6.461221e-02 
 1.803995e+01  6.420898e-02 
 1.804035e+01  6.377976e-02 
 1.804075e+01  6.332762e-02 
 1.804114e+01  6.283398e-02 
 1.804154e+01  6.230846e-02 
 1.804194e+01  6.176515e-02 
 1.804234e+01  6.119109e-02 
 1.804273e+01  6.057186e-02 
 1.804313e+01  5.994964e-02 
 1.804353e+01  5.930104e-02 
 1.804393e+01  5.862274e-02 
 1.804433e+01  5.792812e-02 
 1.804472e+01  5.720928e-02 
 1.804512e+01  5.645582e-02 
 1.804552e+01  5.566142e-02 
 1.804592e+01  5.485648e-02 
 1.804631e+01  5.401455e-02 
 1.804671e+01  5.315496e-02 
 1.804711e+01  5.228544e-02 
 1.804751e+01  5.137689e-02 
 1.804790e+01  5.043668e-02 
 1.804830e+01  4.948637e-02 
 1.804870e+01  4.851731e-02 
 1.804910e+01  4.752636e-02 
 1.804950e+01  4.652195e-02 
 1.804989e+01  4.548946e-02 
 1.805029e+01  4.444048e-02 
 1.805069e+01  4.336227e-02 
 1.805109e+01  4.227443e-02 
 1.805148e+01  4.116122e-02 
 1.805188e+01  4.004556e-02 
 1.805228e+01  3.889558e-02 
 1.805268e+01  3.773025e-02 
 1.805307e+01  3.656765e-02 
 1.805347e+01  3.539891e-02 
 1.805387e+01  3.422238e-02 
 1.805427e+01  3.303533e-02 
 1.805467e+01  3.183518e-02 
 1.805506e+01  3.063442e-02 
 1.805546e+01  2.941429e-02 
 1.805586e+01  2.819179e-02 
 1.805626e+01  2.695450e-02 
 1.805665e+01  2.571266e-02 
 1.805705e+01  2.445691e-02 
 1.805745e+01  2.317966e-02 
 1.805785e+01  2.191992e-02 
 1.805824e+01  2.065522e-02 
 1.805864e+01  1.939868e-02 
 1.805904e+01  1.814759e-02 
 1.805944e+01  1.689507e-02 
 1.805984e+01  1.564992e-02 
 1.806023e+01  1.440413e-02 
 1.806063e+01  1.316583e-02 
 1.806103e+01  1.191053e-02 
 1.806143e+01  1.066144e-02 
 1.806182e+01  9.416350e-03 
 1.806222e+01  8.185693e-03 
 1.806262e+01  6.970343e-03 
 1.806302e+01  5.774207e-03 
 1.806341e+01  4.579163e-03 
 1.806381e+01  3.414550e-03 
 1.806421e+01  2.248544e-03 
 1.806461e+01  1.103760e-03 
 1.806501e+01 -3.582174e-05 
 1.806540e+01 -1.154892e-03 
 1.806580e+01 -2.268109e-03 
 1.806620e+01 -3.365991e-03 
 1.806660e+01 -4.459782e-03 
 1.806699e+01 -5.528989e-03 
 1.806739e+01 -6.572239e-03 
 1.806779e+01 -7.599756e-03 
 1.806819e+01 -8.599072e-03 
 1.806859e+01 -9.578727e-03 
 1.806898e+01 -1.054675e-02 
 1.806938e+01 -1.149860e-02 
 1.806978e+01 -1.242795e-02 
 1.807018e+01 -1.334105e-02 
 1.807057e+01 -1.423425e-02 
 1.807097e+01 -1.511505e-02 
 1.807137e+01 -1.598555e-02 
 1.807177e+01 -1.682681e-02 
 1.807216e+01 -1.763648e-02 
 1.807256e+01 -1.841896e-02 
 1.807296e+01 -1.917843e-02 
 1.807336e+01 -1.991752e-02 
 1.807376e+01 -2.063532e-02 
 1.807415e+01 -2.131868e-02 
 1.807455e+01 -2.198921e-02 
 1.807495e+01 -2.262293e-02 
 1.807535e+01 -2.323428e-02 
 1.807574e+01 -2.382310e-02 
 1.807614e+01 -2.440014e-02 
 1.807654e+01 -2.496089e-02 
 1.807694e+01 -2.548285e-02 
 1.807733e+01 -2.597539e-02 
 1.807773e+01 -2.643477e-02 
 1.807813e+01 -2.687769e-02 
 1.807853e+01 -2.729350e-02 
 1.807893e+01 -2.767622e-02 
 1.807932e+01 -2.802445e-02 
 1.807972e+01 -2.835019e-02 
 1.808012e+01 -2.863765e-02 
 1.808052e+01 -2.890742e-02 
 1.808091e+01 -2.915967e-02 
 1.808131e+01 -2.935512e-02 
 1.808171e+01 -2.953585e-02 
 1.808211e+01 -2.967428e-02 
 1.808250e+01 -2.977412e-02 
 1.808290e+01 -2.983725e-02 
 1.808330e+01 -2.988336e-02 
 1.808370e+01 -2.989791e-02 
 1.808410e+01 -2.986922e-02 
 1.808449e+01 -2.982080e-02 
 1.808489e+01 -2.974267e-02 
 1.808529e+01 -2.962747e-02 
 1.808569e+01 -2.949758e-02 
 1.808608e+01 -2.932253e-02 
 1.808648e+01 -2.911831e-02 
 1.808688e+01 -2.887676e-02 
 1.808728e+01 -2.858851e-02 
 1.808767e+01 -2.827133e-02 
 1.808807e+01 -2.791993e-02 
 1.808847e+01 -2.755120e-02 
 1.808887e+01 -2.713800e-02 
 1.808927e+01 -2.669989e-02 
 1.808966e+01 -2.622827e-02 
 1.809006e+01 -2.573156e-02 
 1.809046e+01 -2.520499e-02 
 1.809086e+01 -2.465418e-02 
 1.809125e+01 -2.406091e-02 
 1.809165e+01 -2.343609e-02 
 1.809205e+01 -2.278335e-02 
 1.809245e+01 -2.209038e-02 
 1.809284e+01 -2.137873e-02 
 1.809324e+01 -2.065305e-02 
 1.809364e+01 -1.989136e-02 
 1.809404e+01 -1.910508e-02 
 1.809444e+01 -1.828031e-02 
 1.809483e+01 -1.743578e-02 
 1.809523e+01 -1.657143e-02 
 1.809563e+01 -1.569212e-02 
 1.809603e+01 -1.479152e-02 
 1.809642e+01 -1.385310e-02 
 1.809682e+01 -1.289634e-02 
 1.809722e+01 -1.192590e-02 
 1.809762e+01 -1.093450e-02 
 1.809801e+01 -9.934884e-03 
 1.809841e+01 -8.910472e-03 
 1.809881e+01 -7.865279e-03 
 1.809921e+01 -6.803567e-03 
 1.809961e+01 -5.723920e-03 
 1.810000e+01 -4.640432e-03 
 1.810040e+01 -3.543815e-03 
 1.810080e+01 -2.436500e-03 
 1.810120e+01 -1.304855e-03 
 1.810159e+01 -1.564268e-04 
 1.810199e+01  9.950303e-04 
 1.810239e+01  2.152832e-03 
 1.810279e+01  3.307129e-03 
 1.810318e+01  4.484220e-03 
 1.810358e+01  5.670543e-03 
 1.810398e+01  6.863375e-03 
 1.810438e+01  8.057537e-03 
 1.810478e+01  9.254716e-03 
 1.810517e+01  1.045088e-02 
 1.810557e+01  1.164210e-02 
 1.810597e+01  1.285767e-02 
 1.810637e+01  1.407144e-02 
 1.810676e+01  1.528052e-02 
 1.810716e+01  1.648239e-02 
 1.810756e+01  1.768926e-02 
 1.810796e+01  1.890052e-02 
 1.810835e+01  2.011086e-02 
 1.810875e+01  2.132151e-02 
 1.810915e+01  2.252973e-02 
 1.810955e+01  2.373765e-02 
 1.810995e+01  2.494648e-02 
 1.811034e+01  2.615426e-02 
 1.811074e+01  2.735302e-02 
 1.811114e+01  2.856209e-02 
 1.811154e+01  2.975386e-02 
 1.811193e+01  3.094136e-02 
 1.811233e+01  3.211414e-02 
 1.811273e+01  3.328216e-02 
 1.811313e+01  3.443494e-02 
 1.811352e+01  3.560012e-02 
 1.811392e+01  3.675451e-02 
 1.811432e+01  3.789238e-02 
 1.811472e+01  3.901606e-02 
 1.811512e+01  4.013767e-02 
 1.811551e+01  4.124118e-02 
 1.811591e+01  4.233755e-02 
 1.811631e+01  4.342380e-02 
 1.811671e+01  4.448245e-02 
 1.811710e+01  4.552597e-02 
 1.811750e+01  4.654644e-02 
 1.811790e+01  4.755446e-02 
 1.811830e+01  4.855114e-02 
 1.811869e+01  4.954262e-02 
 1.811909e+01  5.051090e-02 
 1.811949e+01  5.145380e-02 
 1.811989e+01  5.237122e-02 
 1.812029e+01  5.328041e-02 
 1.812068e+01  5.416451e-02 
 1.812108e+01  5.502917e-02 
 1.812148e+01  5.586445e-02 
 1.812188e+01  5.667207e-02 
 1.812227e+01  5.746056e-02 
 1.812267e+01  5.821962e-02 
 1.812307e+01  5.897759e-02 
 1.812347e+01  5.970205e-02 
 1.812386e+01  6.039722e-02 
 1.812426e+01  6.105703e-02 
 1.812466e+01  6.169671e-02 
 1.812506e+01  6.229593e-02 
 1.812546e+01  6.287888e-02 
 1.812585e+01  6.341844e-02 
 1.812625e+01  6.392274e-02 
 1.812665e+01  6.439517e-02 
 1.812705e+01  6.484912e-02 
 1.812744e+01  6.527503e-02 
 1.812784e+01  6.567144e-02 
 1.812824e+01  6.604585e-02 
 1.812864e+01  6.638469e-02 
 1.812903e+01  6.668565e-02 
 1.812943e+01  6.695222e-02 
 1.812983e+01  6.718424e-02 
 1.813023e+01  6.737617e-02 
 1.813063e+01  6.753438e-02 
 1.813102e+01  6.766041e-02 
 1.813142e+01  6.774594e-02 
 1.813182e+01  6.780243e-02 
 1.813222e+01  6.783166e-02 
 1.813261e+01  6.783347e-02 
 1.813301e+01  6.779644e-02 
 1.813341e+01  6.771314e-02 
 1.813381e+01  6.761038e-02 
 1.813420e+01  6.746681e-02 
 1.813460e+01  6.728756e-02 
 1.813500e+01  6.707050e-02 
 1.813540e+01  6.682690e-02 
 1.813580e+01  6.654471e-02 
 1.813619e+01  6.622606e-02 
 1.813659e+01  6.588582e-02 
 1.813699e+01  6.552302e-02 
 1.813739e+01  6.513858e-02 
 1.813778e+01  6.472795e-02 
 1.813818e+01  6.428392e-02 
 1.813858e+01  6.381165e-02 
 1.813898e+01  6.330926e-02 
 1.813937e+01  6.278059e-02 
 1.813977e+01  6.223583e-02 
 1.814017e+01  6.165446e-02 
 1.814057e+01  6.106086e-02 
 1.814097e+01  6.042833e-02 
 1.814136e+01  5.978873e-02 
 1.814176e+01  5.912918e-02 
 1.814216e+01  5.845412e-02 
 1.814256e+01  5.776425e-02 
 1.814295e+01  5.704071e-02 
 1.814335e+01  5.630211e-02 
 1.814375e+01  5.553972e-02 
 1.814415e+01  5.475237e-02 
 1.814454e+01  5.394660e-02 
 1.814494e+01  5.310332e-02 
 1.814534e+01  5.223569e-02 
 1.814574e+01  5.134319e-02 
 1.814614e+01  5.043680e-02 
 1.814653e+01  4.951499e-02 
 1.814693e+01  4.857314e-02 
 1.814733e+01  4.762430e-02 
 1.814773e+01  4.665059e-02 
 1.814812e+01  4.566150e-02 
 1.814852e+01  4.464411e-02 
 1.814892e+01  4.361192e-02 
 1.814932e+01  4.257159e-02 
 1.814971e+01  4.149301e-02 
 1.815011e+01  4.039977e-02 
 1.815051e+01  3.929271e-02 
 1.815091e+01  3.816706e-02 
 1.815131e+01  3.703601e-02 
 1.815170e+01  3.588898e-02 
 1.815210e+01  3.472491e-02 
 1.815250e+01  3.353872e-02 
 1.815290e+01  3.235051e-02 
 1.815329e+01  3.115091e-02 
 1.815369e+01  2.993082e-02 
 1.815409e+01  2.870363e-02 
 1.815449e+01  2.746281e-02 
 1.815488e+01  2.621054e-02 
 1.815528e+01  2.496290e-02 
 1.815568e+01  2.371057e-02 
 1.815608e+01  2.246042e-02 
 1.815648e+01  2.120992e-02 
 1.815687e+01  1.996196e-02 
 1.815727e+01  1.870778e-02 
 1.815767e+01  1.745271e-02 
 1.815807e+01  1.620129e-02 
 1.815846e+01  1.494161e-02 
 1.815886e+01  1.369558e-02 
 1.815926e+01  1.244644e-02 
 1.815966e+01  1.121032e-02 
 1.816005e+01  9.974869e-03 
 1.816045e+01  8.752423e-03 
 1.816085e+01  7.538248e-03 
 1.816125e+01  6.335011e-03 
 1.816165e+01  5.138072e-03 
 1.816204e+01  3.955142e-03 
 1.816244e+01  2.763663e-03 
 1.816284e+01  1.592624e-03 
 1.816324e+01  4.325776e-04 
 1.816363e+01 -7.055458e-04 
 1.816403e+01 -1.842886e-03 
 1.816443e+01 -2.970008e-03 
 1.816483e+01 -4.077546e-03 
 1.816523e+01 -5.190313e-03 
 1.816562e+01 -6.264827e-03 
 1.816602e+01 -7.325845e-03 
 1.816642e+01 -8.361738e-03 
 1.816682e+01 -9.392588e-03 
 1.816721e+01 -1.040091e-02 
 1.816761e+01 -1.139945e-02 
 1.816801e+01 -1.237029e-02 
 1.816841e+01 -1.330809e-02 
 1.816880e+01 -1.423390e-02 
 1.816920e+01 -1.514424e-02 
 1.816960e+01 -1.603392e-02 
 1.817000e+01 -1.689061e-02 
 1.817040e+01 -1.771149e-02 
 1.817079e+01 -1.851150e-02 
 1.817119e+01 -1.928767e-02 
 1.817159e+01 -2.003083e-02 
 1.817199e+01 -2.077002e-02 
 1.817238e+01 -2.146092e-02 
 1.817278e+01 -2.212763e-02 
 1.817318e+01 -2.276696e-02 
 1.817358e+01 -2.338286e-02 
 1.817397e+01 -2.397830e-02 
 1.817437e+01 -2.454178e-02 
 1.817477e+01 -2.508010e-02 
 1.817517e+01 -2.556944e-02 
 1.817557e+01 -2.602018e-02 
 1.817596e+01 -2.645181e-02 
 1.817636e+01 -2.685362e-02 
 1.817676e+01 -2.723697e-02 
 1.817716e+01 -2.758339e-02 
 1.817755e+01 -2.790515e-02 
 1.817795e+01 -2.819084e-02 
 1.817835e+01 -2.846038e-02 
 1.817875e+01 -2.869581e-02 
 1.817914e+01 -2.889547e-02 
 1.817954e+01 -2.907615e-02 
 1.817994e+01 -2.921509e-02 
 1.818034e+01 -2.932741e-02 
 1.818074e+01 -2.941946e-02 
 1.818113e+01 -2.950378e-02 
 1.818153e+01 -2.955484e-02 
 1.818193e+01 -2.957257e-02 
 1.818233e+01 -2.955858e-02 
 1.818272e+01 -2.951922e-02 
 1.818312e+01 -2.944996e-02 
 1.818352e+01 -2.934970e-02 
 1.818392e+01 -2.922650e-02 
 1.818431e+01 -2.906775e-02 
 1.818471e+01 -2.887958e-02 
 1.818511e+01 -2.865650e-02 
 1.818551e+01 -2.840405e-02 
 1.818591e+01 -2.813032e-02 
 1.818630e+01 -2.783917e-02 
 1.818670e+01 -2.750398e-02 
 1.818710e+01 -2.713932e-02 
 1.818750e+01 -2.673116e-02 
 1.818789e+01 -2.629911e-02 
 1.818829e+01 -2.583504e-02 
 1.818869e+01 -2.533342e-02 
 1.818909e+01 -2.480354e-02 
 1.818948e+01 -2.423755e-02 
 1.818988e+01 -2.364563e-02 
 1.819028e+01 -2.302368e-02 
 1.819068e+01 -2.238549e-02 
 1.819108e+01 -2.170624e-02 
 1.819147e+01 -2.099961e-02 
 1.819187e+01 -2.026330e-02 
 1.819227e+01 -1.949127e-02 
 1.819267e+01 -1.869177e-02 
 1.819306e+01 -1.788000e-02 
 1.819346e+01 -1.704328e-02 
 1.819386e+01 -1.617047e-02 
 1.819426e+01 -1.527791e-02 
 1.819465e+01 -1.434580e-02 
 1.819505e+01 -1.339773e-02 
 1.819545e+01 -1.243341e-02 
 1.819585e+01 -1.144852e-02 
 1.819625e+01 -1.044856e-02 
 1.819664e+01 -9.422256e-03 
 1.819704e+01 -8.385066e-03 
 1.819744e+01 -7.318684e-03 
 1.819784e+01 -6.241252e-03 
 1.819823e+01 -5.161859e-03 
 1.819863e+01 -4.055148e-03 
 1.819903e+01 -2.922552e-03 
 1.819943e+01 -1.787497e-03 
 1.819982e+01 -6.374655e-04 
 1.820022e+01  5.058768e-04 
 1.820062e+01  1.659446e-03 
 1.820102e+01  2.826099e-03 
 1.820142e+01  4.012579e-03 
 1.820181e+01  5.202894e-03 
 1.820221e+01  6.391660e-03 
 1.820261e+01  7.610045e-03 
 1.820301e+01  8.809750e-03 
 1.820340e+01  1.002621e-02 
 1.820380e+01  1.126159e-02 
 1.820420e+01  1.250559e-02 
 1.820460e+01  1.374484e-02 
 1.820499e+01  1.498139e-02 
 1.820539e+01  1.621697e-02 
 1.820579e+01  1.744798e-02 
 1.820619e+01  1.867718e-02 
 1.820659e+01  1.992377e-02 
 1.820698e+01  2.115735e-02 
 1.820738e+01  2.239638e-02 
 1.820778e+01  2.363614e-02 
 1.820818e+01  2.486340e-02 
 1.820857e+01  2.608398e-02 
 1.820897e+01  2.730153e-02 
 1.820937e+01  2.851565e-02 
 1.820977e+01  2.971406e-02 
 1.821016e+01  3.089328e-02 
 1.821056e+01  3.207616e-02 
 1.821096e+01  3.324914e-02 
 1.821136e+01  3.442738e-02 
 1.821176e+01  3.559474e-02 
 1.821215e+01  3.674057e-02 
 1.821255e+01  3.786761e-02 
 1.821295e+01  3.897163e-02 
 1.821335e+01  4.006565e-02 
 1.821374e+01  4.115038e-02 
 1.821414e+01  4.222445e-02 
 1.821454e+01  4.327760e-02 
 1.821494e+01  4.431982e-02 
 1.821533e+01  4.533170e-02 
 1.821573e+01  4.633443e-02 
 1.821613e+01  4.734393e-02 
 1.821653e+01  4.833598e-02 
 1.821693e+01  4.930060e-02 
 1.821732e+01  5.025096e-02 
 1.821772e+01  5.116762e-02 
 1.821812e+01  5.207285e-02 
 1.821852e+01  5.295693e-02 
 1.821891e+01  5.381889e-02 
 1.821931e+01  5.464305e-02 
 1.821971e+01  5.544960e-02 
 1.822011e+01  5.624271e-02 
 1.822050e+01  5.700287e-02 
 1.822090e+01  5.775798e-02 
 1.822130e+01  5.849465e-02 
 1.822170e+01  5.919917e-02 
 1.822210e+01  5.986391e-02 
 1.822249e+01  6.051852e-02 
 1.822289e+01  6.114857e-02 
 1.822329e+01  6.176023e-02 
 1.822369e+01  6.234328e-02 
 1.822408e+01  6.290576e-02 
 1.822448e+01  6.342246e-02 
 1.822488e+01  6.392442e-02 
 1.822528e+01  6.439980e-02 
 1.822567e+01  6.485189e-02 
 1.822607e+01  6.527678e-02 
 1.822647e+01  6.567804e-02 
 1.822687e+01  6.604553e-02 
 1.822727e+01  6.638181e-02 
 1.822766e+01  6.668748e-02 
 1.822806e+01  6.695557e-02 
 1.822846e+01  6.718974e-02 
 1.822886e+01  6.738546e-02 
 1.822925e+01  6.755085e-02 
 1.822965e+01  6.768205e-02 
 1.823005e+01  6.779365e-02 
 1.823045e+01  6.788284e-02 
 1.823084e+01  6.792234e-02 
 1.823124e+01  6.793040e-02 
 1.823164e+01  6.791658e-02 
 1.823204e+01  6.785510e-02 
 1.823244e+01  6.774918e-02 
 1.823283e+01  6.762052e-02 
 1.823323e+01  6.744875e-02 
 1.823363e+01  6.724679e-02 
 1.823403e+01  6.700761e-02 
 1.823442e+01  6.673964e-02 
 1.823482e+01  6.643364e-02 
 1.823522e+01  6.610197e-02 
 1.823562e+01  6.574914e-02 
 1.823601e+01  6.535175e-02 
 1.823641e+01  6.491960e-02 
 1.823681e+01  6.446572e-02 
 1.823721e+01  6.395820e-02 
 1.823761e+01  6.342643e-02 
 1.823800e+01  6.285616e-02 
 1.823840e+01  6.226463e-02 
 1.823880e+01  6.163906e-02 
 1.823920e+01  6.098201e-02 
 1.823959e+01  6.031910e-02 
 1.823999e+01  5.961978e-02 
 1.824039e+01  5.889239e-02 
 1.824079e+01  5.814831e-02 
 1.824118e+01  5.735973e-02 
 1.824158e+01  5.655299e-02 
 1.824198e+01  5.571345e-02 
 1.824238e+01  5.487118e-02 
 1.824278e+01  5.399730e-02 
 1.824317e+01  5.310868e-02 
 1.824357e+01  5.220964e-02 
 1.824397e+01  5.128443e-02 
 1.824437e+01  5.035601e-02 
 1.824476e+01  4.941529e-02 
 1.824516e+01  4.845875e-02 
 1.824556e+01  4.747995e-02 
 1.824596e+01  4.648984e-02 
 1.824635e+01  4.547185e-02 
 1.824675e+01  4.445345e-02 
 1.824715e+01  4.341700e-02 
 1.824755e+01  4.236654e-02 
 1.824795e+01  4.129069e-02 
 1.824834e+01  4.020543e-02 
 1.824874e+01  3.911806e-02 
 1.824914e+01  3.803118e-02 
 1.824954e+01  3.692883e-02 
 1.824993e+01  3.581188e-02 
 1.825033e+01  3.467986e-02 
 1.825073e+01  3.353843e-02 
 1.825113e+01  3.239007e-02 
 1.825152e+01  3.122720e-02 
 1.825192e+01  3.006005e-02 
 1.825232e+01  2.888440e-02 
 1.825272e+01  2.770167e-02 
 1.825312e+01  2.650816e-02 
 1.825351e+01  2.531664e-02 
 1.825391e+01  2.411987e-02 
 1.825431e+01  2.292327e-02 
 1.825471e+01  2.170802e-02 
 1.825510e+01  2.050286e-02 
 1.825550e+01  1.928747e-02 
 1.825590e+01  1.806578e-02 
 1.825630e+01  1.684476e-02 
 1.825670e+01  1.561772e-02 
 1.825709e+01  1.438458e-02 
 1.825749e+01  1.314265e-02 
 1.825789e+01  1.191128e-02 
 1.825829e+01  1.067672e-02 
 1.825868e+01  9.445923e-03 
 1.825908e+01  8.232398e-03 
 1.825948e+01  7.023333e-03 
 1.825988e+01  5.804012e-03 
 1.826027e+01  4.592683e-03 
 1.826067e+01  3.386247e-03 
 1.826107e+01  2.187998e-03 
 1.826147e+01  9.900568e-04 
 1.826187e+01 -1.740800e-04 
 1.826226e+01 -1.340842e-03 
 1.826266e+01 -2.493716e-03 
 1.826306e+01 -3.631878e-03 
 1.826346e+01 -4.741105e-03 
 1.826385e+01 -5.848908e-03 
 1.826425e+01 -6.919747e-03 
 1.826465e+01 -7.978045e-03 
 1.826505e+01 -9.038513e-03 
 1.826544e+01 -1.007301e-02 
 1.826584e+01 -1.107670e-02 
 1.826624e+01 -1.207602e-02 
 1.826664e+01 -1.304566e-02 
 1.826704e+01 -1.400541e-02 
 1.826743e+01 -1.494015e-02 
 1.826783e+01 -1.585230e-02 
 1.826823e+01 -1.672727e-02 
 1.826863e+01 -1.757083e-02 
 1.826902e+01 -1.840019e-02 
 1.826942e+01 -1.920577e-02 
 1.826982e+01 -1.998812e-02 
 1.827022e+01 -2.075961e-02 
 1.827061e+01 -2.148786e-02 
 1.827101e+01 -2.217927e-02 
 1.827141e+01 -2.284447e-02 
 1.827181e+01 -2.347843e-02 
 1.827221e+01 -2.408477e-02 
 1.827260e+01 -2.465979e-02 
 1.827300e+01 -2.521317e-02 
 1.827340e+01 -2.570905e-02 
 1.827380e+01 -2.619049e-02 
 1.827419e+01 -2.665277e-02 
 1.827459e+01 -2.707983e-02 
 1.827499e+01 -2.747383e-02 
 1.827539e+01 -2.784315e-02 
 1.827578e+01 -2.817738e-02 
 1.827618e+01 -2.847192e-02 
 1.827658e+01 -2.875517e-02 
 1.827698e+01 -2.900006e-02 
 1.827738e+01 -2.920405e-02 
 1.827777e+01 -2.936717e-02 
 1.827817e+01 -2.950613e-02 
 1.827857e+01 -2.960583e-02 
 1.827897e+01 -2.967847e-02 
 1.827936e+01 -2.973380e-02 
 1.827976e+01 -2.974974e-02 
 1.828016e+01 -2.972362e-02 
 1.828056e+01 -2.967831e-02 
 1.828095e+01 -2.959985e-02 
 1.828135e+01 -2.948789e-02 
 1.828175e+01 -2.936046e-02 
 1.828215e+01 -2.919604e-02 
 1.828255e+01 -2.900725e-02 
 1.828294e+01 -2.877113e-02 
 1.828334e+01 -2.851438e-02 
 1.828374e+01 -2.822644e-02 
 1.828414e+01 -2.790996e-02 
 1.828453e+01 -2.756453e-02 
 1.828493e+01 -2.719017e-02 
 1.828533e+01 -2.678941e-02 
 1.828573e+01 -2.636321e-02 
 1.828612e+01 -2.592756e-02 
 1.828652e+01 -2.547009e-02 
 1.828692e+01 -2.497308e-02 
 1.828732e+01 -2.445495e-02 
 1.828772e+01 -2.390900e-02 
 1.828811e+01 -2.333396e-02 
 1.828851e+01 -2.274069e-02 
 1.828891e+01 -2.213021e-02 
 1.828931e+01 -2.149191e-02 
 1.828970e+01 -2.081530e-02 
 1.829010e+01 -2.011975e-02 
 1.829050e+01 -1.939850e-02 
 1.829090e+01 -1.864618e-02 
 1.829129e+01 -1.788851e-02 
 1.829169e+01 -1.710422e-02 
 1.829209e+01 -1.628223e-02 
 1.829249e+01 -1.542722e-02 
 1.829289e+01 -1.456336e-02 
 1.829328e+01 -1.367861e-02 
 1.829368e+01 -1.277679e-02 
 1.829408e+01 -1.184752e-02 
 1.829448e+01 -1.089298e-02 
 1.829487e+01 -9.907532e-03 
 1.829527e+01 -8.905867e-03 
 1.829567e+01 -7.889416e-03 
 1.829607e+01 -6.857787e-03 
 1.829646e+01 -5.805669e-03 
 1.829686e+01 -4.733171e-03 
 1.829726e+01 -3.618367e-03 
 1.829766e+01 -2.505987e-03 
 1.829806e+01 -1.389171e-03 
 1.829845e+01 -2.397397e-04 
 1.829885e+01  9.259849e-04 
 1.829925e+01  2.111336e-03 
 1.829965e+01  3.319104e-03 
 1.830004e+01  4.552090e-03 
 1.830044e+01  5.773838e-03 
 1.830084e+01  7.006994e-03 
 1.830124e+01  8.251347e-03 
 1.830163e+01  9.494676e-03 
 1.830203e+01  1.073831e-02 
 1.830243e+01  1.200348e-02 
 1.830283e+01  1.326196e-02 
 1.830323e+01  1.451022e-02 
 1.830362e+01  1.577469e-02 
 1.830402e+01  1.705479e-02 
 1.830442e+01  1.832626e-02 
 1.830482e+01  1.960431e-02 
 1.830521e+01  2.087527e-02 
 1.830561e+01  2.213172e-02 
 1.830601e+01  2.337606e-02 
 1.830641e+01  2.462218e-02 
 1.830680e+01  2.586140e-02 
 1.830720e+01  2.708850e-02 
 1.830760e+01  2.831932e-02 
 1.830800e+01  2.953978e-02 
 1.830840e+01  3.072657e-02 
 1.830879e+01  3.193016e-02 
 1.830919e+01  3.312978e-02 
 1.830959e+01  3.431213e-02 
 1.830999e+01  3.548705e-02 
 1.831038e+01  3.663644e-02 
 1.831078e+01  3.777538e-02 
 1.831118e+01  3.889628e-02 
 1.831158e+01  4.001143e-02 
 1.831197e+01  4.111791e-02 
 1.831237e+01  4.219546e-02 
 1.831277e+01  4.326350e-02 
 1.831317e+01  4.430535e-02 
 1.831357e+01  4.533795e-02 
 1.831396e+01  4.636636e-02 
 1.831436e+01  4.737303e-02 
 1.831476e+01  4.835813e-02 
 1.831516e+01  4.931281e-02 
 1.831555e+01  5.024992e-02 
 1.831595e+01  5.115952e-02 
 1.831635e+01  5.206577e-02 
 1.831675e+01  5.292860e-02 
 1.831714e+01  5.378129e-02 
 1.831754e+01  5.460023e-02 
 1.831794e+01  5.540035e-02 
 1.831834e+01  5.618248e-02 
 1.831874e+01  5.695373e-02 
 1.831913e+01  5.770317e-02 
 1.831953e+01  5.842900e-02 
 1.831993e+01  5.912168e-02 
 1.832033e+01  5.978570e-02 
 1.832072e+01  6.041960e-02 
 1.832112e+01  6.103145e-02 
 1.832152e+01  6.161149e-02 
 1.832192e+01  6.215533e-02 
 1.832231e+01  6.267994e-02 
 1.832271e+01  6.316397e-02 
 1.832311e+01  6.365373e-02 
 1.832351e+01  6.411438e-02 
 1.832391e+01  6.454922e-02 
 1.832430e+01  6.494431e-02 
 1.832470e+01  6.531677e-02 
 1.832510e+01  6.565705e-02 
 1.832550e+01  6.595156e-02 
 1.832589e+01  6.622449e-02 
 1.832629e+01  6.647208e-02 
 1.832669e+01  6.668890e-02 
 1.832709e+01  6.686880e-02 
 1.832748e+01  6.703733e-02 
 1.832788e+01  6.719136e-02 
 1.832828e+01  6.731548e-02 
 1.832868e+01  6.741885e-02 
 1.832908e+01  6.749044e-02 
 1.832947e+01  6.752204e-02 
 1.832987e+01  6.751903e-02 
 1.833027e+01  6.749124e-02 
 1.833067e+01  6.741561e-02 
 1.833106e+01  6.732703e-02 
 1.833146e+01  6.720856e-02 
 1.833186e+01  6.705082e-02 
 1.833226e+01  6.686093e-02 
 1.833265e+01  6.665728e-02 
 1.833305e+01  6.642971e-02 
 1.833345e+01  6.615444e-02 
 1.833385e+01  6.585692e-02 
 1.833425e+01  6.551212e-02 
 1.833464e+01  6.512227e-02 
 1.833504e+01  6.469847e-02 
 1.833544e+01  6.425310e-02 
 1.833584e+01  6.376473e-02 
 1.833623e+01  6.324189e-02 
 1.833663e+01  6.269486e-02 
 1.833703e+01  6.210766e-02 
 1.833743e+01  6.150052e-02 
 1.833782e+01  6.086524e-02 
 1.833822e+01  6.021375e-02 
 1.833862e+01  5.951925e-02 
 1.833902e+01  5.879603e-02 
 1.833942e+01  5.803610e-02 
 1.833981e+01  5.725379e-02 
 1.834021e+01  5.645138e-02 
 1.834061e+01  5.561835e-02 
 1.834101e+01  5.474852e-02 
 1.834140e+01  5.385831e-02 
 1.834180e+01  5.294794e-02 
 1.834220e+01  5.201730e-02 
 1.834260e+01  5.106653e-02 
 1.834299e+01  5.009765e-02 
 1.834339e+01  4.910598e-02 
 1.834379e+01  4.808223e-02 
 1.834419e+01  4.705135e-02 
 1.834459e+01  4.598829e-02 
 1.834498e+01  4.491378e-02 
 1.834538e+01  4.382044e-02 
 1.834578e+01  4.271673e-02 
 1.834618e+01  4.158927e-02 
 1.834657e+01  4.046819e-02 
 1.834697e+01  3.934744e-02 
 1.834737e+01  3.820393e-02 
 1.834777e+01  3.705725e-02 
 1.834817e+01  3.588970e-02 
 1.834856e+01  3.472124e-02 
 1.834896e+01  3.353719e-02 
 1.834936e+01  3.233930e-02 
 1.834976e+01  3.114058e-02 
 1.835015e+01  2.993248e-02 
 1.835055e+01  2.871952e-02 
 1.835095e+01  2.751056e-02 
 1.835135e+01  2.630340e-02 
 1.835174e+01  2.509884e-02 
 1.835214e+01  2.390643e-02 
 1.835254e+01  2.269353e-02 
 1.835294e+01  2.148966e-02 
 1.835334e+01  2.027085e-02 
 1.835373e+01  1.906081e-02 
 1.835413e+01  1.784322e-02 
 1.835453e+01  1.662633e-02 
 1.835493e+01  1.541703e-02 
 1.835532e+01  1.420657e-02 
 1.835572e+01  1.300908e-02 
 1.835612e+01  1.181344e-02 
 1.835652e+01  1.063110e-02 
 1.835691e+01  9.461531e-03 
 1.835731e+01  8.305550e-03 
 1.835771e+01  7.137055e-03 
 1.835811e+01  5.975062e-03 
 1.835851e+01  4.821022e-03 
 1.835890e+01  3.685215e-03 
 1.835930e+01  2.556279e-03 
 1.835970e+01  1.435100e-03 
 1.836010e+01  3.219798e-04 
 1.836049e+01 -7.828958e-04 
 1.836089e+01 -1.884770e-03 
 1.836129e+01 -2.961026e-03 
 1.836169e+01 -4.035268e-03 
 1.836208e+01 -5.094446e-03 
 1.836248e+01 -6.151434e-03 
 1.836288e+01 -7.202431e-03 
 1.836328e+01 -8.245500e-03 
 1.836368e+01 -9.274248e-03 
 1.836407e+01 -1.027620e-02 
 1.836447e+01 -1.127495e-02 
 1.836487e+01 -1.227301e-02 
 1.836527e+01 -1.323443e-02 
 1.836566e+01 -1.418208e-02 
 1.836606e+01 -1.511016e-02 
 1.836646e+01 -1.600662e-02 
 1.836686e+01 -1.688162e-02 
 1.836725e+01 -1.774988e-02 
 1.836765e+01 -1.859159e-02 
 1.836805e+01 -1.940372e-02 
 1.836845e+01 -2.019509e-02 
 1.836885e+01 -2.095975e-02 
 1.836924e+01 -2.169362e-02 
 1.836964e+01 -2.240867e-02 
 1.837004e+01 -2.311086e-02 
 1.837044e+01 -2.378033e-02 
 1.837083e+01 -2.440051e-02 
 1.837123e+01 -2.500570e-02 
 1.837163e+01 -2.557729e-02 
 1.837203e+01 -2.610983e-02 
 1.837242e+01 -2.661182e-02 
 1.837282e+01 -2.709392e-02 
 1.837322e+01 -2.752078e-02 
 1.837362e+01 -2.792379e-02 
 1.837402e+01 -2.830246e-02 
 1.837441e+01 -2.863880e-02 
 1.837481e+01 -2.894012e-02 
 1.837521e+01 -2.921542e-02 
 1.837561e+01 -2.945127e-02 
 1.837600e+01 -2.963601e-02 
 1.837640e+01 -2.979851e-02 
 1.837680e+01 -2.994128e-02 
 1.837720e+01 -3.003956e-02 
 1.837759e+01 -3.010448e-02 
 1.837799e+01 -3.012803e-02 
 1.837839e+01 -3.011847e-02 
 1.837879e+01 -3.007351e-02 
 1.837919e+01 -2.999697e-02 
 1.837958e+01 -2.988931e-02 
 1.837998e+01 -2.976340e-02 
 1.838038e+01 -2.960385e-02 
 1.838078e+01 -2.939258e-02 
 1.838117e+01 -2.915833e-02 
 1.838157e+01 -2.889809e-02 
 1.838197e+01 -2.861264e-02 
 1.838237e+01 -2.829363e-02 
 1.838276e+01 -2.794486e-02 
 1.838316e+01 -2.755605e-02 
 1.838356e+01 -2.713951e-02 
 1.838396e+01 -2.668996e-02 
 1.838436e+01 -2.622000e-02 
 1.838475e+01 -2.572300e-02 
 1.838515e+01 -2.519154e-02 
 1.838555e+01 -2.462846e-02 
 1.838595e+01 -2.404184e-02 
 1.838634e+01 -2.343375e-02 
 1.838674e+01 -2.279965e-02 
 1.838714e+01 -2.215222e-02 
 1.838754e+01 -2.145323e-02 
 1.838793e+01 -2.072731e-02 
 1.838833e+01 -1.997645e-02 
 1.838873e+01 -1.921706e-02 
 1.838913e+01 -1.843471e-02 
 1.838953e+01 -1.765307e-02 
 1.838992e+01 -1.683997e-02 
 1.839032e+01 -1.599285e-02 
 1.839072e+01 -1.513276e-02 
 1.839112e+01 -1.426216e-02 
 1.839151e+01 -1.336375e-02 
 1.839191e+01 -1.245712e-02 
 1.839231e+01 -1.153065e-02 
 1.839271e+01 -1.057582e-02 
 1.839310e+01 -9.593482e-03 
 1.839350e+01 -8.626268e-03 
 1.839390e+01 -7.645433e-03 
 1.839430e+01 -6.634447e-03 
 1.839470e+01 -5.610231e-03 
 1.839509e+01 -4.575805e-03 
 1.839549e+01 -3.520202e-03 
 1.839589e+01 -2.457295e-03 
 1.839629e+01 -1.387300e-03 
 1.839668e+01 -2.935168e-04 
 1.839708e+01  8.277769e-04 
 1.839748e+01  1.953330e-03 
 1.839788e+01  3.083728e-03 
 1.839827e+01  4.230895e-03 
 1.839867e+01  5.375156e-03 
 1.839907e+01  6.512405e-03 
 1.839947e+01  7.689329e-03 
 1.839987e+01  8.873406e-03 
 1.840026e+01  1.006300e-02 
 1.840066e+01  1.126726e-02 
 1.840106e+01  1.248067e-02 
 1.840146e+01  1.370341e-02 
 1.840185e+01  1.492732e-02 
 1.840225e+01  1.617533e-02 
 1.840265e+01  1.741448e-02 
 1.840305e+01  1.865692e-02 
 1.840344e+01  1.990905e-02 
 1.840384e+01  2.115835e-02 
 1.840424e+01  2.241713e-02 
 1.840464e+01  2.367080e-02 
 1.840504e+01  2.493419e-02 
 1.840543e+01  2.619621e-02 
 1.840583e+01  2.744311e-02 
 1.840623e+01  2.870647e-02 
 1.840663e+01  2.995508e-02 
 1.840702e+01  3.121208e-02 
 1.840742e+01  3.245615e-02 
 1.840782e+01  3.369021e-02 
 1.840822e+01  3.490969e-02 
 1.840861e+01  3.610599e-02 
 1.840901e+01  3.730200e-02 
 1.840941e+01  3.846799e-02 
 1.840981e+01  3.963504e-02 
 1.841021e+01  4.078299e-02 
 1.841060e+01  4.190337e-02 
 1.841100e+01  4.300851e-02 
 1.841140e+01  4.410044e-02 
 1.841180e+01  4.518399e-02 
 1.841219e+01  4.623627e-02 
 1.841259e+01  4.727540e-02 
 1.841299e+01  4.828969e-02 
 1.841339e+01  4.926652e-02 
 1.841378e+01  5.023880e-02 
 1.841418e+01  5.118515e-02 
 1.841458e+01  5.210028e-02 
 1.841498e+01  5.299881e-02 
 1.841538e+01  5.387231e-02 
 1.841577e+01  5.471637e-02 
 1.841617e+01  5.553969e-02 
 1.841657e+01  5.635404e-02 
 1.841697e+01  5.713763e-02 
 1.841736e+01  5.788327e-02 
 1.841776e+01  5.859657e-02 
 1.841816e+01  5.927390e-02 
 1.841856e+01  5.992245e-02 
 1.841895e+01  6.055281e-02 
 1.841935e+01  6.116860e-02 
 1.841975e+01  6.174552e-02 
 1.842015e+01  6.229537e-02 
 1.842055e+01  6.282408e-02 
 1.842094e+01  6.332806e-02 
 1.842134e+01  6.380967e-02 
 1.842174e+01  6.424637e-02 
 1.842214e+01  6.465756e-02 
 1.842253e+01  6.502528e-02 
 1.842293e+01  6.536625e-02 
 1.842333e+01  6.568036e-02 
 1.842373e+01  6.597086e-02 
 1.842412e+01  6.622969e-02 
 1.842452e+01  6.646494e-02 
 1.842492e+01  6.666802e-02 
 1.842532e+01  6.683451e-02 
 1.842572e+01  6.698270e-02 
 1.842611e+01  6.710976e-02 
 1.842651e+01  6.721323e-02 
 1.842691e+01  6.725909e-02 
 1.842731e+01  6.730521e-02 
 1.842770e+01  6.729114e-02 
 1.842810e+01  6.724532e-02 
 1.842850e+01  6.717981e-02 
 1.842890e+01  6.709841e-02 
 1.842929e+01  6.698614e-02 
 1.842969e+01  6.683380e-02 
 1.843009e+01  6.666255e-02 
 1.843049e+01  6.646128e-02 
 1.843089e+01  6.623249e-02 
 1.843128e+01  6.598034e-02 
 1.843168e+01  6.569470e-02 
 1.843208e+01  6.537768e-02 
 1.843248e+01  6.503904e-02 
 1.843287e+01  6.465397e-02 
 1.843327e+01  6.426428e-02 
 1.843367e+01  6.384683e-02 
 1.843407e+01  6.340272e-02 
 1.843446e+01  6.292939e-02 
 1.843486e+01  6.244503e-02 
 1.843526e+01  6.193452e-02 
 1.843566e+01  6.140339e-02 
 1.843606e+01  6.085149e-02 
 1.843645e+01  6.027485e-02 
 1.843685e+01  5.963181e-02 
 1.843725e+01  5.896581e-02 
 1.843765e+01  5.825908e-02 
 1.843804e+01  5.753200e-02 
 1.843844e+01  5.677781e-02 
 1.843884e+01  5.600276e-02 
 1.843924e+01  5.519128e-02 
 1.843964e+01  5.436857e-02 
 1.844003e+01  5.352457e-02 
 1.844043e+01  5.265775e-02 
 1.844083e+01  5.175526e-02 
 1.844123e+01  5.082039e-02 
 1.844162e+01  4.985487e-02 
 1.844202e+01  4.885962e-02 
 1.844242e+01  4.783700e-02 
 1.844282e+01  4.680629e-02 
 1.844321e+01  4.573735e-02 
 1.844361e+01  4.465635e-02 
 1.844401e+01  4.355094e-02 
 1.844441e+01  4.244265e-02 
 1.844481e+01  4.132688e-02 
 1.844520e+01  4.019512e-02 
 1.844560e+01  3.903754e-02 
 1.844600e+01  3.786094e-02 
 1.844640e+01  3.666911e-02 
 1.844679e+01  3.544704e-02 
 1.844719e+01  3.422762e-02 
 1.844759e+01  3.298903e-02 
 1.844799e+01  3.175352e-02 
 1.844838e+01  3.051198e-02 
 1.844878e+01  2.926444e-02 
 1.844918e+01  2.802028e-02 
 1.844958e+01  2.677352e-02 
 1.844998e+01  2.552107e-02 
 1.845037e+01  2.425851e-02 
 1.845077e+01  2.299893e-02 
 1.845117e+01  2.173953e-02 
 1.845157e+01  2.047463e-02 
 1.845196e+01  1.922688e-02 
 1.845236e+01  1.797346e-02 
 1.845276e+01  1.672004e-02 
 1.845316e+01  1.548841e-02 
 1.845355e+01  1.425353e-02 
 1.845395e+01  1.303455e-02 
 1.845435e+01  1.182665e-02 
 1.845475e+01  1.063221e-02 
 1.845515e+01  9.445268e-03 
 1.845554e+01  8.264186e-03 
 1.845594e+01  7.082678e-03 
 1.845634e+01  5.898142e-03 
 1.845674e+01  4.729390e-03 
 1.845713e+01  3.577226e-03 
 1.845753e+01  2.430716e-03 
 1.845793e+01  1.281059e-03 
 1.845833e+01  1.724770e-04 
 1.845872e+01 -9.378215e-04 
 1.845912e+01 -2.031761e-03 
 1.845952e+01 -3.105264e-03 
 1.845992e+01 -4.165364e-03 
 1.846032e+01 -5.217058e-03 
 1.846071e+01 -6.269281e-03 
 1.846111e+01 -7.294798e-03 
 1.846151e+01 -8.301891e-03 
 1.846191e+01 -9.299563e-03 
 1.846230e+01 -1.027573e-02 
 1.846270e+01 -1.123038e-02 
 1.846310e+01 -1.217644e-02 
 1.846350e+01 -1.308823e-02 
 1.846389e+01 -1.397416e-02 
 1.846429e+01 -1.482770e-02 
 1.846469e+01 -1.568041e-02 
 1.846509e+01 -1.650603e-02 
 1.846549e+01 -1.733010e-02 
 1.846588e+01 -1.814758e-02 
 1.846628e+01 -1.893123e-02 
 1.846668e+01 -1.968446e-02 
 1.846708e+01 -2.041609e-02 
 1.846747e+01 -2.113174e-02 
 1.846787e+01 -2.181580e-02 
 1.846827e+01 -2.247176e-02 
 1.846867e+01 -2.310384e-02 
 1.846906e+01 -2.370030e-02 
 1.846946e+01 -2.427568e-02 
 1.846986e+01 -2.485342e-02 
 1.847026e+01 -2.539116e-02 
 1.847066e+01 -2.590628e-02 
 1.847105e+01 -2.639545e-02 
 1.847145e+01 -2.684763e-02 
 1.847185e+01 -2.727194e-02 
 1.847225e+01 -2.767593e-02 
 1.847264e+01 -2.805420e-02 
 1.847304e+01 -2.839747e-02 
 1.847344e+01 -2.870951e-02 
 1.847384e+01 -2.898645e-02 
 1.847423e+01 -2.922441e-02 
 1.847463e+01 -2.944280e-02 
 1.847503e+01 -2.965272e-02 
 1.847543e+01 -2.981594e-02 
 1.847583e+01 -2.994115e-02 
 1.847622e+01 -3.004746e-02 
 1.847662e+01 -3.011351e-02 
 1.847702e+01 -3.014074e-02 
 1.847742e+01 -3.014734e-02 
 1.847781e+01 -3.012048e-02 
 1.847821e+01 -3.004972e-02 
 1.847861e+01 -2.994163e-02 
 1.847901e+01 -2.980181e-02 
 1.847940e+01 -2.961492e-02 
 1.847980e+01 -2.940862e-02 
 1.848020e+01 -2.916835e-02 
 1.848060e+01 -2.886678e-02 
 1.848100e+01 -2.853382e-02 
 1.848139e+01 -2.817956e-02 
 1.848179e+01 -2.778033e-02 
 1.848219e+01 -2.734960e-02 
 1.848259e+01 -2.689620e-02 
 1.848298e+01 -2.640121e-02 
 1.848338e+01 -2.585698e-02 
 1.848378e+01 -2.528016e-02 
 1.848418e+01 -2.468551e-02 
 1.848457e+01 -2.406346e-02 
 1.848497e+01 -2.341617e-02 
 1.848537e+01 -2.274174e-02 
 1.848577e+01 -2.203057e-02 
 1.848617e+01 -2.128973e-02 
 1.848656e+01 -2.052746e-02 
 1.848696e+01 -1.975953e-02 
 1.848736e+01 -1.895481e-02 
 1.848776e+01 -1.811502e-02 
 1.848815e+01 -1.726620e-02 
 1.848855e+01 -1.638213e-02 
 1.848895e+01 -1.547939e-02 
 1.848935e+01 -1.456623e-02 
 1.848974e+01 -1.363630e-02 
 1.849014e+01 -1.267879e-02 
 1.849054e+01 -1.169523e-02 
 1.849094e+01 -1.071491e-02 
 1.849134e+01 -9.713890e-03 
 1.849173e+01 -8.705653e-03 
 1.849213e+01 -7.697019e-03 
 1.849253e+01 -6.665224e-03 
 1.849293e+01 -5.611569e-03 
 1.849332e+01 -4.543968e-03 
 1.849372e+01 -3.471069e-03 
 1.849412e+01 -2.391942e-03 
 1.849452e+01 -1.292120e-03 
 1.849491e+01 -1.848927e-04 
 1.849531e+01  9.316295e-04 
 1.849571e+01  2.062729e-03 
 1.849611e+01  3.199324e-03 
 1.849651e+01  4.340865e-03 
 1.849690e+01  5.482500e-03 
 1.849730e+01  6.631213e-03 
 1.849770e+01  7.796953e-03 
 1.849810e+01  8.972662e-03 
 1.849849e+01  1.015350e-02 
 1.849889e+01  1.133455e-02 
 1.849929e+01  1.253455e-02 
 1.849969e+01  1.372977e-02 
 1.850008e+01  1.493582e-02 
 1.850048e+01  1.614765e-02 
 1.850088e+01  1.735761e-02 
 1.850128e+01  1.855632e-02 
 1.850168e+01  1.975472e-02 
 1.850207e+01  2.095746e-02 
 1.850247e+01  2.217261e-02 
 1.850287e+01  2.339012e-02 
 1.850327e+01  2.462040e-02 
 1.850366e+01  2.582951e-02 
 1.850406e+01  2.703252e-02 
 1.850446e+01  2.825558e-02 
 1.850486e+01  2.945494e-02 
 1.850525e+01  3.064696e-02 
 1.850565e+01  3.182544e-02 
 1.850605e+01  3.299742e-02 
 1.850645e+01  3.414116e-02 
 1.850685e+01  3.529879e-02 
 1.850724e+01  3.646068e-02 
 1.850764e+01  3.761379e-02 
 1.850804e+01  3.875328e-02 
 1.850844e+01  3.990721e-02 
 1.850883e+01  4.103800e-02 
 1.850923e+01  4.215521e-02 
 1.850963e+01  4.327647e-02 
 1.851003e+01  4.438329e-02 
 1.851042e+01  4.544535e-02 
 1.851082e+01  4.648686e-02 
 1.851122e+01  4.752018e-02 
 1.851162e+01  4.853094e-02 
 1.851202e+01  4.953135e-02 
 1.851241e+01  5.053504e-02 
 1.851281e+01  5.150939e-02 
 1.851321e+01  5.245367e-02 
 1.851361e+01  5.338296e-02 
 1.851400e+01  5.430032e-02 
 1.851440e+01  5.517699e-02 
 1.851480e+01  5.603619e-02 
 1.851520e+01  5.686337e-02 
 1.851559e+01  5.764526e-02 
 1.851599e+01  5.839816e-02 
 1.851639e+01  5.914331e-02 
 1.851679e+01  5.985828e-02 
 1.851719e+01  6.053646e-02 
 1.851758e+01  6.120241e-02 
 1.851798e+01  6.183047e-02 
 1.851838e+01  6.242847e-02 
 1.851878e+01  6.301266e-02 
 1.851917e+01  6.355047e-02 
 1.851957e+01  6.407052e-02 
 1.851997e+01  6.453520e-02 
 1.852037e+01  6.496857e-02 
 1.852076e+01  6.536167e-02 
 1.852116e+01  6.572943e-02 
 1.852156e+01  6.606795e-02 
 1.852196e+01  6.637472e-02 
 1.852236e+01  6.666256e-02 
 1.852275e+01  6.691146e-02 
 1.852315e+01  6.712036e-02 
 1.852355e+01  6.731510e-02 
 1.852395e+01  6.746632e-02 
 1.852434e+01  6.757982e-02 
 1.852474e+01  6.766541e-02 
 1.852514e+01  6.770737e-02 
 1.852554e+01  6.771689e-02 
 1.852593e+01  6.767890e-02 
 1.852633e+01  6.761814e-02 
 1.852673e+01  6.753507e-02 
 1.852713e+01  6.742246e-02 
 1.852753e+01  6.728285e-02 
 1.852792e+01  6.711698e-02 
 1.852832e+01  6.692360e-02 
 1.852872e+01  6.670085e-02 
 1.852912e+01  6.644718e-02 
 1.852951e+01  6.617072e-02 
 1.852991e+01  6.584503e-02 
 1.853031e+01  6.547864e-02 
 1.853071e+01  6.510223e-02 
 1.853111e+01  6.469294e-02 
 1.853150e+01  6.425872e-02 
 1.853190e+01  6.381184e-02 
 1.853230e+01  6.333258e-02 
 1.853270e+01  6.282393e-02 
 1.853309e+01  6.228391e-02 
 1.853349e+01  6.173426e-02 
 1.853389e+01  6.114884e-02 
 1.853429e+01  6.052937e-02 
 1.853468e+01  5.988366e-02 
 1.853508e+01  5.921030e-02 
 1.853548e+01  5.850601e-02 
 1.853588e+01  5.779091e-02 
 1.853628e+01  5.706294e-02 
 1.853667e+01  5.631555e-02 
 1.853707e+01  5.554996e-02 
 1.853747e+01  5.477065e-02 
 1.853787e+01  5.397201e-02 
 1.853826e+01  5.314355e-02 
 1.853866e+01  5.230709e-02 
 1.853906e+01  5.144427e-02 
 1.853946e+01  5.053532e-02 
 1.853985e+01  4.962740e-02 
 1.854025e+01  4.870901e-02 
 1.854065e+01  4.776000e-02 
 1.854105e+01  4.680106e-02 
 1.854145e+01  4.583379e-02 
 1.854184e+01  4.483794e-02 
 1.854224e+01  4.381928e-02 
 1.854264e+01  4.280527e-02 
 1.854304e+01  4.175903e-02 
 1.854343e+01  4.068510e-02 
 1.854383e+01  3.959756e-02 
 1.854423e+01  3.848820e-02 
 1.854463e+01  3.734722e-02 
 1.854502e+01  3.619896e-02 
 1.854542e+01  3.503285e-02 
 1.854582e+01  3.385140e-02 
 1.854622e+01  3.266379e-02 
 1.854662e+01  3.146332e-02 
 1.854701e+01  3.024483e-02 
 1.854741e+01  2.901943e-02 
 1.854781e+01  2.780075e-02 
 1.854821e+01  2.655255e-02 
 1.854860e+01  2.530227e-02 
 1.854900e+01  2.403463e-02 
 1.854940e+01  2.275829e-02 
 1.854980e+01  2.147009e-02 
 1.855019e+01  2.019085e-02 
 1.855059e+01  1.891010e-02 
 1.855099e+01  1.761466e-02 
 1.855139e+01  1.632650e-02 
 1.855179e+01  1.504506e-02 
 1.855218e+01  1.376486e-02 
 1.855258e+01  1.249399e-02 
 1.855298e+01  1.122747e-02 
 1.855338e+01  9.952991e-03 
 1.855377e+01  8.669384e-03 
 1.855417e+01  7.397731e-03 
 1.855457e+01  6.144281e-03 
 1.855497e+01  4.905112e-03 
 1.855536e+01  3.679823e-03 
 1.855576e+01  2.485129e-03 
 1.855616e+01  1.293520e-03 
 1.855656e+01  1.275198e-04 
 1.855696e+01 -1.015212e-03 
 1.855735e+01 -2.139848e-03 
 1.855775e+01 -3.250556e-03 
 1.855815e+01 -4.340442e-03 
 1.855855e+01 -5.429297e-03 
 1.855894e+01 -6.497899e-03 
 1.855934e+01 -7.537040e-03 
 1.855974e+01 -8.556513e-03 
 1.856014e+01 -9.553953e-03 
 1.856053e+01 -1.052535e-02 
 1.856093e+01 -1.148449e-02 
 1.856133e+01 -1.242097e-02 
 1.856173e+01 -1.332308e-02 
 1.856213e+01 -1.420843e-02 
 1.856252e+01 -1.507554e-02 
 1.856292e+01 -1.593356e-02 
 1.856332e+01 -1.676221e-02 
 1.856372e+01 -1.757240e-02 
 1.856411e+01 -1.835326e-02 
 1.856451e+01 -1.909791e-02 
 1.856491e+01 -1.982696e-02 
 1.856531e+01 -2.052618e-02 
 1.856570e+01 -2.121570e-02 
 1.856610e+01 -2.186620e-02 
 1.856650e+01 -2.249803e-02 
 1.856690e+01 -2.310056e-02 
 1.856730e+01 -2.367326e-02 
 1.856769e+01 -2.423603e-02 
 1.856809e+01 -2.477009e-02 
 1.856849e+01 -2.527399e-02 
 1.856889e+01 -2.573981e-02 
 1.856928e+01 -2.619541e-02 
 1.856968e+01 -2.660963e-02 
 1.857008e+01 -2.700600e-02 
 1.857048e+01 -2.737237e-02 
 1.857087e+01 -2.770674e-02 
 1.857127e+01 -2.800320e-02 
 1.857167e+01 -2.827977e-02 
 1.857207e+01 -2.853628e-02 
 1.857247e+01 -2.876431e-02 
 1.857286e+01 -2.897059e-02 
 1.857326e+01 -2.915902e-02 
 1.857366e+01 -2.930565e-02 
 1.857406e+01 -2.942156e-02 
 1.857445e+01 -2.951272e-02 
 1.857485e+01 -2.957459e-02 
 1.857525e+01 -2.959722e-02 
 1.857565e+01 -2.958854e-02 
 1.857604e+01 -2.955877e-02 
 1.857644e+01 -2.948076e-02 
 1.857684e+01 -2.936562e-02 
 1.857724e+01 -2.924109e-02 
 1.857764e+01 -2.910139e-02 
 1.857803e+01 -2.891313e-02 
 1.857843e+01 -2.871316e-02 
 1.857883e+01 -2.848299e-02 
 1.857923e+01 -2.820142e-02 
 1.857962e+01 -2.790229e-02 
 1.858002e+01 -2.758934e-02 
 1.858042e+01 -2.722827e-02 
 1.858082e+01 -2.682738e-02 
 1.858121e+01 -2.640939e-02 
 1.858161e+01 -2.595832e-02 
 1.858201e+01 -2.546697e-02 
 1.858241e+01 -2.497039e-02 
 1.858281e+01 -2.444860e-02 
 1.858320e+01 -2.387499e-02 
 1.858360e+01 -2.326469e-02 
 1.858400e+01 -2.262032e-02 
 1.858440e+01 -2.195024e-02 
 1.858479e+01 -2.123357e-02 
 1.858519e+01 -2.052282e-02 
 1.858559e+01 -1.975692e-02 
 1.858599e+01 -1.895527e-02 
 1.858638e+01 -1.812717e-02 
 1.858678e+01 -1.728238e-02 
 1.858718e+01 -1.640613e-02 
 1.858758e+01 -1.550635e-02 
 1.858798e+01 -1.458685e-02 
 1.858837e+01 -1.362449e-02 
 1.858877e+01 -1.263402e-02 
 1.858917e+01 -1.163617e-02 
 1.858957e+01 -1.062259e-02 
 1.858996e+01 -9.583012e-03 
 1.859036e+01 -8.527868e-03 
 1.859076e+01 -7.439011e-03 
 1.859116e+01 -6.332560e-03 
 1.859155e+01 -5.208294e-03 
 1.859195e+01 -4.083847e-03 
 1.859235e+01 -2.935895e-03 
 1.859275e+01 -1.773010e-03 
 1.859315e+01 -5.950384e-04 
 1.859354e+01  5.910314e-04 
 1.859394e+01  1.785124e-03 
 1.859434e+01  2.984065e-03 
 1.859474e+01  4.172906e-03 
 1.859513e+01  5.376707e-03 
 1.859553e+01  6.598031e-03 
 1.859593e+01  7.826502e-03 
 1.859633e+01  9.052744e-03 
 1.859672e+01  1.028296e-02 
 1.859712e+01  1.150916e-02 
 1.859752e+01  1.273308e-02 
 1.859792e+01  1.397115e-02 
 1.859832e+01  1.519193e-02 
 1.859871e+01  1.640353e-02 
 1.859911e+01  1.761150e-02 
 1.859951e+01  1.881495e-02 
 1.859991e+01  2.001391e-02 
 1.860030e+01  2.121912e-02 
 1.860070e+01  2.242910e-02 
 1.860110e+01  2.362451e-02 
 1.860150e+01  2.480653e-02 
 1.860189e+01  2.598719e-02 
 1.860229e+01  2.716032e-02 
 1.860269e+01  2.833188e-02 
 1.860309e+01  2.951224e-02 
 1.860349e+01  3.066832e-02 
 1.860388e+01  3.181360e-02 
 1.860428e+01  3.295905e-02 
 1.860468e+01  3.409382e-02 
 1.860508e+01  3.522032e-02 
 1.860547e+01  3.634840e-02 
 1.860587e+01  3.747897e-02 
 1.860627e+01  3.858142e-02 
 1.860667e+01  3.967047e-02 
 1.860706e+01  4.076081e-02 
 1.860746e+01  4.183606e-02 
 1.860786e+01  4.289826e-02 
 1.860826e+01  4.395323e-02 
 1.860866e+01  4.497304e-02 
 1.860905e+01  4.598109e-02 
 1.860945e+01  4.697943e-02 
 1.860985e+01  4.798323e-02 
 1.861025e+01  4.896499e-02 
 1.861064e+01  4.992482e-02 
 1.861104e+01  5.087885e-02 
 1.861144e+01  5.179130e-02 
 1.861184e+01  5.270235e-02 
 1.861223e+01  5.359186e-02 
 1.861263e+01  5.446434e-02 
 1.861303e+01  5.530994e-02 
 1.861343e+01  5.612892e-02 
 1.861383e+01  5.691703e-02 
 1.861422e+01  5.768466e-02 
 1.861462e+01  5.845239e-02 
 1.861502e+01  5.919329e-02 
 1.861542e+01  5.990248e-02 
 1.861581e+01  6.059081e-02 
 1.861621e+01  6.126332e-02 
 1.861661e+01  6.189829e-02 
 1.861701e+01  6.250024e-02 
 1.861740e+01  6.307261e-02 
 1.861780e+01  6.360738e-02 
 1.861820e+01  6.410599e-02 
 1.861860e+01  6.458307e-02 
 1.861900e+01  6.502847e-02 
 1.861939e+01  6.545357e-02 
 1.861979e+01  6.585034e-02 
 1.862019e+01  6.622202e-02 
 1.862059e+01  6.654370e-02 
 1.862098e+01  6.684407e-02 
 1.862138e+01  6.710914e-02 
 1.862178e+01  6.733008e-02 
 1.862218e+01  6.751485e-02 
 1.862258e+01  6.767438e-02 
 1.862297e+01  6.779026e-02 
 1.862337e+01  6.787424e-02 
 1.862377e+01  6.793603e-02 
 1.862417e+01  6.796108e-02 
 1.862456e+01  6.796741e-02 
 1.862496e+01  6.794697e-02 
 1.862536e+01  6.789321e-02 
 1.862576e+01  6.779830e-02 
 1.862615e+01  6.765936e-02 
 1.862655e+01  6.749357e-02 
 1.862695e+01  6.727986e-02 
 1.862735e+01  6.702120e-02 
 1.862775e+01  6.672351e-02 
 1.862814e+01  6.640079e-02 
 1.862854e+01  6.605571e-02 
 1.862894e+01  6.567004e-02 
 1.862934e+01  6.527304e-02 
 1.862973e+01  6.483700e-02 
 1.863013e+01  6.436768e-02 
 1.863053e+01  6.386024e-02 
 1.863093e+01  6.332502e-02 
 1.863132e+01  6.276284e-02 
 1.863172e+01  6.217587e-02 
 1.863212e+01  6.155992e-02 
 1.863252e+01  6.090682e-02 
 1.863292e+01  6.022284e-02 
 1.863331e+01  5.953079e-02 
 1.863371e+01  5.881012e-02 
 1.863411e+01  5.807646e-02 
 1.863451e+01  5.731503e-02 
 1.863490e+01  5.654343e-02 
 1.863530e+01  5.573800e-02 
 1.863570e+01  5.490807e-02 
 1.863610e+01  5.407040e-02 
 1.863649e+01  5.319718e-02 
 1.863689e+01  5.230587e-02 
 1.863729e+01  5.138007e-02 
 1.863769e+01  5.044627e-02 
 1.863809e+01  4.950354e-02 
 1.863848e+01  4.855049e-02 
 1.863888e+01  4.758674e-02 
 1.863928e+01  4.659639e-02 
 1.863968e+01  4.559331e-02 
 1.864007e+01  4.457531e-02 
 1.864047e+01  4.353460e-02 
 1.864087e+01  4.248680e-02 
 1.864127e+01  4.142165e-02 
 1.864166e+01  4.033040e-02 
 1.864206e+01  3.923366e-02 
 1.864246e+01  3.811712e-02 
 1.864286e+01  3.699134e-02 
 1.864326e+01  3.586304e-02 
 1.864365e+01  3.475519e-02 
 1.864405e+01  3.362898e-02 
 1.864445e+01  3.249093e-02 
 1.864485e+01  3.136464e-02 
 1.864524e+01  3.020669e-02 
 1.864564e+01  2.903971e-02 
 1.864604e+01  2.786410e-02 
 1.864644e+01  2.667278e-02 
 1.864683e+01  2.545163e-02 
 1.864723e+01  2.424418e-02 
 1.864763e+01  2.303651e-02 
 1.864803e+01  2.182154e-02 
 1.864843e+01  2.061964e-02 
 1.864882e+01  1.941027e-02 
 1.864922e+01  1.820037e-02 
 1.864962e+01  1.697566e-02 
 1.865002e+01  1.575071e-02 
 1.865041e+01  1.453424e-02 
 1.865081e+01  1.331200e-02 
 1.865121e+01  1.207856e-02 
 1.865161e+01  1.084866e-02 
 1.865200e+01  9.622928e-03 
 1.865240e+01  8.407813e-03 
 1.865280e+01  7.189804e-03 
 1.865320e+01  6.007138e-03 
 1.865360e+01  4.822450e-03 
 1.865399e+01  3.640759e-03 
 1.865439e+01  2.467149e-03 
 1.865479e+01  1.285567e-03 
 1.865519e+01  1.187465e-04 
 1.865558e+01 -1.046522e-03 
 1.865598e+01 -2.210307e-03 
 1.865638e+01 -3.381419e-03 
 1.865678e+01 -4.525097e-03 
 1.865717e+01 -5.649420e-03 
 1.865757e+01 -6.752005e-03 
 1.865797e+01 -7.847413e-03 
 1.865837e+01 -8.914363e-03 
 1.865877e+01 -9.976227e-03 
 1.865916e+01 -1.101039e-02 
 1.865956e+01 -1.202979e-02 
 1.865996e+01 -1.301392e-02 
 1.866036e+01 -1.398467e-02 
 1.866075e+01 -1.494541e-02 
 1.866115e+01 -1.587400e-02 
 1.866155e+01 -1.678010e-02 
 1.866195e+01 -1.766017e-02 
 1.866234e+01 -1.850251e-02 
 1.866274e+01 -1.930908e-02 
 1.866314e+01 -2.009517e-02 
 1.866354e+01 -2.084801e-02 
 1.866394e+01 -2.155849e-02 
 1.866433e+01 -2.223267e-02 
 1.866473e+01 -2.288166e-02 
 1.866513e+01 -2.350205e-02 
 1.866553e+01 -2.410759e-02 
 1.866592e+01 -2.467748e-02 
 1.866632e+01 -2.522316e-02 
 1.866672e+01 -2.572289e-02 
 1.866712e+01 -2.619471e-02 
 1.866751e+01 -2.662925e-02 
 1.866791e+01 -2.704082e-02 
 1.866831e+01 -2.741415e-02 
 1.866871e+01 -2.774952e-02 
 1.866911e+01 -2.805739e-02 
 1.866950e+01 -2.833087e-02 
 1.866990e+01 -2.857306e-02 
 1.867030e+01 -2.879528e-02 
 1.867070e+01 -2.898543e-02 
 1.867109e+01 -2.915186e-02 
 1.867149e+01 -2.928207e-02 
 1.867189e+01 -2.938248e-02 
 1.867229e+01 -2.944627e-02 
 1.867268e+01 -2.947785e-02 
 1.867308e+01 -2.949042e-02 
 1.867348e+01 -2.947797e-02 
 1.867388e+01 -2.942949e-02 
 1.867428e+01 -2.935536e-02 
 1.867467e+01 -2.925947e-02 
 1.867507e+01 -2.914600e-02 
 1.867547e+01 -2.901311e-02 
 1.867587e+01 -2.885162e-02 
 1.867626e+01 -2.865397e-02 
 1.867666e+01 -2.841209e-02 
 1.867706e+01 -2.815613e-02 
 1.867746e+01 -2.786641e-02 
 1.867785e+01 -2.755396e-02 
 1.867825e+01 -2.721383e-02 
 1.867865e+01 -2.685756e-02 
 1.867905e+01 -2.644962e-02 
 1.867945e+01 -2.602320e-02 
 1.867984e+01 -2.556060e-02 
 1.868024e+01 -2.507827e-02 
 1.868064e+01 -2.456754e-02 
 1.868104e+01 -2.403190e-02 
 1.868143e+01 -2.346230e-02 
 1.868183e+01 -2.286168e-02 
 1.868223e+01 -2.223977e-02 
 1.868263e+01 -2.160436e-02 
 1.868302e+01 -2.092832e-02 
 1.868342e+01 -2.023252e-02 
 1.868382e+01 -1.950447e-02 
 1.868422e+01 -1.873876e-02 
 1.868462e+01 -1.797660e-02 
 1.868501e+01 -1.719289e-02 
 1.868541e+01 -1.637854e-02 
 1.868581e+01 -1.554318e-02 
 1.868621e+01 -1.468008e-02 
 1.868660e+01 -1.379266e-02 
 1.868700e+01 -1.288089e-02 
 1.868740e+01 -1.196134e-02 
 1.868780e+01 -1.101970e-02 
 1.868819e+01 -1.004140e-02 
 1.868859e+01 -9.049029e-03 
 1.868899e+01 -8.031368e-03 
 1.868939e+01 -6.987065e-03 
 1.868979e+01 -5.938673e-03 
 1.869018e+01 -4.880130e-03 
 1.869058e+01 -3.797983e-03 
 1.869098e+01 -2.695495e-03 
 1.869138e+01 -1.570545e-03 
 1.869177e+01 -4.262020e-04 
 1.869217e+01  7.293027e-04 
 1.869257e+01  1.900606e-03 
 1.869297e+01  3.091385e-03 
 1.869336e+01  4.305916e-03 
 1.869376e+01  5.525368e-03 
 1.869416e+01  6.746221e-03 
 1.869456e+01  7.975283e-03 
 1.869496e+01  9.206888e-03 
 1.869535e+01  1.045419e-02 
 1.869575e+01  1.171494e-02 
 1.869615e+01  1.299085e-02 
 1.869655e+01  1.425805e-02 
 1.869694e+01  1.552984e-02 
 1.869734e+01  1.680108e-02 
 1.869774e+01  1.808559e-02 
 1.869814e+01  1.935956e-02 
 1.869853e+01  2.066017e-02 
 1.869893e+01  2.195723e-02 
 1.869933e+01  2.324260e-02 
 1.869973e+01  2.451430e-02 
 1.870013e+01  2.578309e-02 
 1.870052e+01  2.705178e-02 
 1.870092e+01  2.830344e-02 
 1.870132e+01  2.954642e-02 
 1.870172e+01  3.077227e-02 
 1.870211e+01  3.197993e-02 
 1.870251e+01  3.317018e-02 
 1.870291e+01  3.435937e-02 
 1.870331e+01  3.553376e-02 
 1.870370e+01  3.668594e-02 
 1.870410e+01  3.782590e-02 
 1.870450e+01  3.894879e-02 
 1.870490e+01  4.004211e-02 
 1.870530e+01  4.113826e-02 
 1.870569e+01  4.220078e-02 
 1.870609e+01  4.324622e-02 
 1.870649e+01  4.426238e-02 
 1.870689e+01  4.526460e-02 
 1.870728e+01  4.624265e-02 
 1.870768e+01  4.720846e-02 
 1.870808e+01  4.818244e-02 
 1.870848e+01  4.912219e-02 
 1.870887e+01  5.003986e-02 
 1.870927e+01  5.094078e-02 
 1.870967e+01  5.180828e-02 
 1.871007e+01  5.265914e-02 
 1.871047e+01  5.349250e-02 
 1.871086e+01  5.430463e-02 
 1.871126e+01  5.509152e-02 
 1.871166e+01  5.585712e-02 
 1.871206e+01  5.662181e-02 
 1.871245e+01  5.735937e-02 
 1.871285e+01  5.808727e-02 
 1.871325e+01  5.879052e-02 
 1.871365e+01  5.946712e-02 
 1.871405e+01  6.011936e-02 
 1.871444e+01  6.074595e-02 
 1.871484e+01  6.134021e-02 
 1.871524e+01  6.191420e-02 
 1.871564e+01  6.245639e-02 
 1.871603e+01  6.297281e-02 
 1.871643e+01  6.346302e-02 
 1.871683e+01  6.393523e-02 
 1.871723e+01  6.438219e-02 
 1.871762e+01  6.481147e-02 
 1.871802e+01  6.522206e-02 
 1.871842e+01  6.559913e-02 
 1.871882e+01  6.593305e-02 
 1.871922e+01  6.624507e-02 
 1.871961e+01  6.653038e-02 
 1.872001e+01  6.678260e-02 
 1.872041e+01  6.700412e-02 
 1.872081e+01  6.719442e-02 
 1.872120e+01  6.735475e-02 
 1.872160e+01  6.748802e-02 
 1.872200e+01  6.758984e-02 
 1.872240e+01  6.766693e-02 
 1.872279e+01  6.770541e-02 
 1.872319e+01  6.771220e-02 
 1.872359e+01  6.767933e-02 
 1.872399e+01  6.760791e-02 
 1.872439e+01  6.751277e-02 
 1.872478e+01  6.737372e-02 
 1.872518e+01  6.720299e-02 
 1.872558e+01  6.699532e-02 
 1.872598e+01  6.675784e-02 
 1.872637e+01  6.649069e-02 
 1.872677e+01  6.620342e-02 
 1.872717e+01  6.589735e-02 
 1.872757e+01  6.554912e-02 
 1.872796e+01  6.517756e-02 
 1.872836e+01  6.476717e-02 
 1.872876e+01  6.431403e-02 
 1.872916e+01  6.383423e-02 
 1.872956e+01  6.332388e-02 
 1.872995e+01  6.277236e-02 
 1.873035e+01  6.218401e-02 
 1.873075e+01  6.156731e-02 
 1.873115e+01  6.093578e-02 
 1.873154e+01  6.027941e-02 
 1.873194e+01  5.959520e-02 
 1.873234e+01  5.887874e-02 
 1.873274e+01  5.813144e-02 
 1.873313e+01  5.735069e-02 
 1.873353e+01  5.654440e-02 
 1.873393e+01  5.569748e-02 
 1.873433e+01  5.483162e-02 
 1.873473e+01  5.392693e-02 
 1.873512e+01  5.299961e-02 
 1.873552e+01  5.204364e-02 
 1.873592e+01  5.107559e-02 
 1.873632e+01  5.009967e-02 
 1.873671e+01  4.909977e-02 
 1.873711e+01  4.809157e-02 
 1.873751e+01  4.705419e-02 
 1.873791e+01  4.600450e-02 
 1.873830e+01  4.493623e-02 
 1.873870e+01  4.385472e-02 
 1.873910e+01  4.276015e-02 
 1.873950e+01  4.164342e-02 
 1.873990e+01  4.051842e-02 
 1.874029e+01  3.938920e-02 
 1.874069e+01  3.824325e-02 
 1.874109e+01  3.710710e-02 
 1.874149e+01  3.595088e-02 
 1.874188e+01  3.479849e-02 
 1.874228e+01  3.362757e-02 
 1.874268e+01  3.244485e-02 
 1.874308e+01  3.126019e-02 
 1.874347e+01  3.006867e-02 
 1.874387e+01  2.887221e-02 
 1.874427e+01  2.766868e-02 
 1.874467e+01  2.645740e-02 
 1.874507e+01  2.525253e-02 
 1.874546e+01  2.404592e-02 
 1.874586e+01  2.284544e-02 
 1.874626e+01  2.164795e-02 
 1.874666e+01  2.045513e-02 
 1.874705e+01  1.926052e-02 
 1.874745e+01  1.807026e-02 
 1.874785e+01  1.686678e-02 
 1.874825e+01  1.568140e-02 
 1.874864e+01  1.449040e-02 
 1.874904e+01  1.330270e-02 
 1.874944e+01  1.211416e-02 
 1.874984e+01  1.093290e-02 
 1.875024e+01  9.760816e-03 
 1.875063e+01  8.587876e-03 
 1.875103e+01  7.428410e-03 
 1.875143e+01  6.267156e-03 
 1.875183e+01  5.108816e-03 
 1.875222e+01  3.955365e-03 
 1.875262e+01  2.805668e-03 
 1.875302e+01  1.646028e-03 
 1.875342e+01  5.271425e-04 
 1.875381e+01 -6.087591e-04 
 1.875421e+01 -1.728042e-03 
 1.875461e+01 -2.847985e-03 
 1.875501e+01 -3.936148e-03 
 1.875541e+01 -5.015701e-03 
 1.875580e+01 -6.085119e-03 
 1.875620e+01 -7.127656e-03 
 1.875660e+01 -8.168898e-03 
 1.875700e+01 -9.203846e-03 
 1.875739e+01 -1.021228e-02 
 1.875779e+01 -1.120613e-02 
 1.875819e+01 -1.219105e-02 
 1.875859e+01 -1.315641e-02 
 1.875898e+01 -1.410256e-02 
 1.875938e+01 -1.503386e-02 
 1.875978e+01 -1.594154e-02 
 1.876018e+01 -1.680737e-02 
 1.876058e+01 -1.766168e-02 
 1.876097e+01 -1.849341e-02 
 1.876137e+01 -1.930883e-02 
 1.876177e+01 -2.010328e-02 
 1.876217e+01 -2.088166e-02 
 1.876256e+01 -2.162987e-02 
 1.876296e+01 -2.235565e-02 
 1.876336e+01 -2.305557e-02 
 1.876376e+01 -2.373339e-02 
 1.876415e+01 -2.437893e-02 
 1.876455e+01 -2.497803e-02 
 1.876495e+01 -2.554589e-02 
 1.876535e+01 -2.607636e-02 
 1.876575e+01 -2.657360e-02 
 1.876614e+01 -2.704548e-02 
 1.876654e+01 -2.749439e-02 
 1.876694e+01 -2.790401e-02 
 1.876734e+01 -2.826932e-02 
 1.876773e+01 -2.860663e-02 
 1.876813e+01 -2.891993e-02 
 1.876853e+01 -2.919700e-02 
 1.876893e+01 -2.943285e-02 
 1.876932e+01 -2.964537e-02 
 1.876972e+01 -2.979873e-02 
 1.877012e+01 -2.992766e-02 
 1.877052e+01 -3.002367e-02 
 1.877092e+01 -3.010142e-02 
 1.877131e+01 -3.014211e-02 
 1.877171e+01 -3.015461e-02 
 1.877211e+01 -3.011577e-02 
 1.877251e+01 -3.004599e-02 
 1.877290e+01 -2.994093e-02 
 1.877330e+01 -2.981621e-02 
 1.877370e+01 -2.964408e-02 
 1.877410e+01 -2.943630e-02 
 1.877449e+01 -2.918605e-02 
 1.877489e+01 -2.890417e-02 
 1.877529e+01 -2.859715e-02 
 1.877569e+01 -2.826026e-02 
 1.877609e+01 -2.790494e-02 
 1.877648e+01 -2.750932e-02 
 1.877688e+01 -2.708628e-02 
 1.877728e+01 -2.662882e-02 
 1.877768e+01 -2.615456e-02 
 1.877807e+01 -2.565886e-02 
 1.877847e+01 -2.513306e-02 
 1.877887e+01 -2.458587e-02 
 1.877927e+01 -2.400277e-02 
 1.877966e+01 -2.338683e-02 
 1.878006e+01 -2.276062e-02 
 1.878046e+01 -2.211213e-02 
 1.878086e+01 -2.144686e-02 
 1.878126e+01 -2.074152e-02 
 1.878165e+01 -2.003036e-02 
 1.878205e+01 -1.928828e-02 
 1.878245e+01 -1.853102e-02 
 1.878285e+01 -1.775407e-02 
 1.878324e+01 -1.696485e-02 
 1.878364e+01 -1.615133e-02 
 1.878404e+01 -1.530137e-02 
 1.878444e+01 -1.443526e-02 
 1.878483e+01 -1.356201e-02 
 1.878523e+01 -1.265974e-02 
 1.878563e+01 -1.174754e-02 
 1.878603e+01 -1.081574e-02 
 1.878643e+01 -9.863925e-03 
 1.878682e+01 -8.893355e-03 
 1.878722e+01 -7.906213e-03 
 1.878762e+01 -6.910405e-03 
 1.878802e+01 -5.885826e-03 
 1.878841e+01 -4.854178e-03 
 1.878881e+01 -3.802897e-03 
 1.878921e+01 -2.724330e-03 
 1.878961e+01 -1.634673e-03 
 1.879000e+01 -5.489793e-04 
 1.879040e+01  5.627051e-04 
 1.879080e+01  1.676606e-03 
 1.879120e+01  2.809406e-03 
 1.879160e+01  3.948517e-03 
 1.879199e+01  5.112387e-03 
 1.879239e+01  6.275004e-03 
 1.879279e+01  7.452732e-03 
 1.879319e+01  8.659380e-03 
 1.879358e+01  9.876794e-03 
 1.879398e+01  1.110002e-02 
 1.879438e+01  1.233677e-02 
 1.879478e+01  1.357204e-02 
 1.879517e+01  1.481295e-02 
 1.879557e+01  1.605369e-02 
 1.879597e+01  1.731241e-02 
 1.879637e+01  1.857344e-02 
 1.879677e+01  1.984427e-02 
 1.879716e+01  2.109862e-02 
 1.879756e+01  2.235465e-02 
 1.879796e+01  2.361327e-02 
 1.879836e+01  2.486396e-02 
 1.879875e+01  2.612192e-02 
 1.879915e+01  2.737804e-02 
 1.879955e+01  2.862910e-02 
 1.879995e+01  2.985988e-02 
 1.880034e+01  3.109626e-02 
 1.880074e+01  3.233279e-02 
 1.880114e+01  3.355561e-02 
 1.880154e+01  3.478388e-02 
 1.880194e+01  3.598748e-02 
 1.880233e+01  3.716892e-02 
 1.880273e+01  3.834079e-02 
 1.880313e+01  3.950876e-02 
 1.880353e+01  4.066747e-02 
 1.880392e+01  4.180118e-02 
 1.880432e+01  4.292025e-02 
 1.880472e+01  4.401863e-02 
 1.880512e+01  4.509323e-02 
 1.880551e+01  4.617726e-02 
 1.880591e+01  4.723297e-02 
 1.880631e+01  4.825825e-02 
 1.880671e+01  4.926907e-02 
 1.880711e+01  5.023250e-02 
 1.880750e+01  5.117183e-02 
 1.880790e+01  5.208942e-02 
 1.880830e+01  5.300465e-02 
 1.880870e+01  5.387317e-02 
 1.880909e+01  5.471857e-02 
 1.880949e+01  5.553447e-02 
 1.880989e+01  5.632428e-02 
 1.881029e+01  5.708149e-02 
 1.881069e+01  5.782405e-02 
 1.881108e+01  5.852806e-02 
 1.881148e+01  5.920873e-02 
 1.881188e+01  5.985993e-02 
 1.881228e+01  6.047672e-02 
 1.881267e+01  6.107779e-02 
 1.881307e+01  6.164633e-02 
 1.881347e+01  6.218390e-02 
 1.881387e+01  6.268765e-02 
 1.881426e+01  6.317345e-02 
 1.881466e+01  6.363134e-02 
 1.881506e+01  6.406299e-02 
 1.881546e+01  6.448038e-02 
 1.881586e+01  6.487842e-02 
 1.881625e+01  6.523531e-02 
 1.881665e+01  6.555890e-02 
 1.881705e+01  6.585714e-02 
 1.881745e+01  6.612570e-02 
 1.881784e+01  6.636731e-02 
 1.881824e+01  6.657344e-02 
 1.881864e+01  6.675955e-02 
 1.881904e+01  6.690865e-02 
 1.881943e+01  6.703365e-02 
 1.881983e+01  6.712826e-02 
 1.882023e+01  6.721995e-02 
 1.882063e+01  6.727172e-02 
 1.882103e+01  6.729029e-02 
 1.882142e+01  6.728669e-02 
 1.882182e+01  6.724530e-02 
 1.882222e+01  6.717324e-02 
 1.882262e+01  6.706988e-02 
 1.882301e+01  6.693941e-02 
 1.882341e+01  6.677884e-02 
 1.882381e+01  6.658860e-02 
 1.882421e+01  6.638279e-02 
 1.882460e+01  6.615051e-02 
 1.882500e+01  6.589387e-02 
 1.882540e+01  6.560661e-02 
 1.882580e+01  6.527857e-02 
 1.882620e+01  6.491137e-02 
 1.882659e+01  6.451287e-02 
 1.882699e+01  6.408122e-02 
 1.882739e+01  6.362735e-02 
 1.882779e+01  6.314222e-02 
 1.882818e+01  6.262712e-02 
 1.882858e+01  6.208839e-02 
 1.882898e+01  6.151811e-02 
 1.882938e+01  6.092875e-02 
 1.882977e+01  6.030989e-02 
 1.883017e+01  5.965337e-02 
 1.883057e+01  5.897018e-02 
 1.883097e+01  5.825449e-02 
 1.883137e+01  5.750960e-02 
 1.883176e+01  5.673942e-02 
 1.883216e+01  5.594567e-02 
 1.883256e+01  5.512718e-02 
 1.883296e+01  5.429085e-02 
 1.883335e+01  5.343598e-02 
 1.883375e+01  5.256580e-02 
 1.883415e+01  5.167844e-02 
 1.883455e+01  5.076236e-02 
 1.883494e+01  4.982892e-02 
 1.883534e+01  4.886125e-02 
 1.883574e+01  4.786494e-02 
 1.883614e+01  4.684990e-02 
 1.883654e+01  4.580760e-02 
 1.883693e+01  4.474378e-02 
 1.883733e+01  4.365603e-02 
 1.883773e+01  4.256181e-02 
 1.883813e+01  4.143489e-02 
 1.883852e+01  4.030210e-02 
 1.883892e+01  3.915438e-02 
 1.883932e+01  3.797614e-02 
 1.883972e+01  3.679812e-02 
 1.884011e+01  3.559462e-02 
 1.884051e+01  3.437537e-02 
 1.884091e+01  3.315413e-02 
 1.884131e+01  3.191800e-02 
 1.884171e+01  3.067113e-02 
 1.884210e+01  2.941300e-02 
 1.884250e+01  2.816193e-02 
 1.884290e+01  2.690081e-02 
 1.884330e+01  2.564575e-02 
 1.884369e+01  2.439549e-02 
 1.884409e+01  2.315149e-02 
 1.884449e+01  2.189254e-02 
 1.884489e+01  2.064413e-02 
 1.884528e+01  1.937653e-02 
 1.884568e+01  1.811215e-02 
 1.884608e+01  1.684151e-02 
 1.884648e+01  1.559168e-02 
 1.884688e+01  1.433496e-02 
 1.884727e+01  1.309246e-02 
 1.884767e+01  1.186650e-02 
 1.884807e+01  1.064898e-02 
 1.884847e+01  9.456789e-03 
 1.884886e+01  8.265773e-03 
 1.884926e+01  7.092456e-03 
 1.884966e+01  5.916775e-03 
 1.885006e+01  4.756582e-03 
 1.885045e+01  3.605474e-03 
 1.885085e+01  2.463804e-03 
 1.885125e+01  1.345447e-03 
 1.885165e+01  2.355424e-04 
 1.885205e+01 -8.640424e-04 
 1.885244e+01 -1.946651e-03 
 1.885284e+01 -3.007099e-03 
 1.885324e+01 -4.036083e-03 
 1.885364e+01 -5.055442e-03 
 1.885403e+01 -6.064042e-03 
 1.885443e+01 -7.072838e-03 
 1.885483e+01 -8.065536e-03 
 1.885523e+01 -9.046491e-03 
 1.885562e+01 -1.001356e-02 
 1.885602e+01 -1.096035e-02 
 1.885642e+01 -1.189254e-02 
 1.885682e+01 -1.281502e-02 
 1.885722e+01 -1.371285e-02 
 1.885761e+01 -1.460058e-02 
 1.885801e+01 -1.546671e-02 
 1.885841e+01 -1.631511e-02 
 1.885881e+01 -1.715647e-02 
 1.885920e+01 -1.798450e-02 
 1.885960e+01 -1.878280e-02 
 1.886000e+01 -1.955694e-02 
 1.886040e+01 -2.031903e-02 
 1.886079e+01 -2.103769e-02 
 1.886119e+01 -2.174509e-02 
 1.886159e+01 -2.242941e-02 
 1.886199e+01 -2.308321e-02 
 1.886239e+01 -2.370836e-02 
 1.886278e+01 -2.430393e-02 
 1.886318e+01 -2.486493e-02 
 1.886358e+01 -2.539554e-02 
 1.886398e+01 -2.591529e-02 
 1.886437e+01 -2.641517e-02 
 1.886477e+01 -2.688731e-02 
 1.886517e+01 -2.732980e-02 
 1.886557e+01 -2.773506e-02 
 1.886596e+01 -2.811447e-02 
 1.886636e+01 -2.846579e-02 
 1.886676e+01 -2.878688e-02 
 1.886716e+01 -2.907221e-02 
 1.886756e+01 -2.931724e-02 
 1.886795e+01 -2.953480e-02 
 1.886835e+01 -2.971749e-02 
 1.886875e+01 -2.985965e-02 
 1.886915e+01 -2.998394e-02 
 1.886954e+01 -3.007153e-02 
 1.886994e+01 -3.012173e-02 
 1.887034e+01 -3.012771e-02 
 1.887074e+01 -3.011001e-02 
 1.887113e+01 -3.007163e-02 
 1.887153e+01 -2.998654e-02 
 1.887193e+01 -2.986750e-02 
 1.887233e+01 -2.971914e-02 
 1.887273e+01 -2.951347e-02 
 1.887312e+01 -2.929191e-02 
 1.887352e+01 -2.903837e-02 
 1.887392e+01 -2.875833e-02 
 1.887432e+01 -2.844366e-02 
 1.887471e+01 -2.810063e-02 
 1.887511e+01 -2.771787e-02 
 1.887551e+01 -2.729887e-02 
 1.887591e+01 -2.685086e-02 
 1.887630e+01 -2.637988e-02 
 1.887670e+01 -2.586690e-02 
 1.887710e+01 -2.532252e-02 
 1.887750e+01 -2.474522e-02 
 1.887790e+01 -2.413987e-02 
 1.887829e+01 -2.350558e-02 
 1.887869e+01 -2.284204e-02 
 1.887909e+01 -2.214077e-02 
 1.887949e+01 -2.141458e-02 
 1.887988e+01 -2.065271e-02 
 1.888028e+01 -1.987466e-02 
 1.888068e+01 -1.906909e-02 
 1.888108e+01 -1.823885e-02 
 1.888147e+01 -1.739513e-02 
 1.888187e+01 -1.651003e-02 
 1.888227e+01 -1.560177e-02 
 1.888267e+01 -1.468253e-02 
 1.888307e+01 -1.375068e-02 
 1.888346e+01 -1.280185e-02 
 1.888386e+01 -1.183014e-02 
 1.888426e+01 -1.083572e-02 
 1.888466e+01 -9.829338e-03 
 1.888505e+01 -8.801943e-03 
 1.888545e+01 -7.777986e-03 
 1.888585e+01 -6.732631e-03 
 1.888625e+01 -5.684915e-03 
 1.888664e+01 -4.615624e-03 
 1.888704e+01 -3.544968e-03 
 1.888744e+01 -2.457817e-03 
 1.888784e+01 -1.372317e-03 
 1.888824e+01 -2.631535e-04 
 1.888863e+01  8.459542e-04 
 1.888903e+01  1.992089e-03 
 1.888943e+01  3.140180e-03 
 1.888983e+01  4.289502e-03 
 1.889022e+01  5.434604e-03 
 1.889062e+01  6.580786e-03 
 1.889102e+01  7.738814e-03 
 1.889142e+01  8.903746e-03 
 1.889181e+01  1.007629e-02 
 1.889221e+01  1.124787e-02 
 1.889261e+01  1.242875e-02 
 1.889301e+01  1.360072e-02 
 1.889341e+01  1.478339e-02 
 1.889380e+01  1.597385e-02 
 1.889420e+01  1.717971e-02 
 1.889460e+01  1.837630e-02 
 1.889500e+01  1.958251e-02 
 1.889539e+01  2.078062e-02 
 1.889579e+01  2.197874e-02 
 1.889619e+01  2.318391e-02 
 1.889659e+01  2.438933e-02 
 1.889698e+01  2.559458e-02 
 1.889738e+01  2.680110e-02 
 1.889778e+01  2.800339e-02 
 1.889818e+01  2.920483e-02 
 1.889858e+01  3.040654e-02 
 1.889897e+01  3.161184e-02 
 1.889937e+01  3.281735e-02 
 1.889977e+01  3.400642e-02 
 1.890017e+01  3.518655e-02 
 1.890056e+01  3.635489e-02 
 1.890096e+01  3.753143e-02 
 1.890136e+01  3.869783e-02 
 1.890176e+01  3.985959e-02 
 1.890216e+01  4.098911e-02 
 1.890255e+01  4.211650e-02 
 1.890295e+01  4.322356e-02 
 1.890335e+01  4.431584e-02 
 1.890375e+01  4.540268e-02 
 1.890414e+01  4.648318e-02 
 1.890454e+01  4.753698e-02 
 1.890494e+01  4.857531e-02 
 1.890534e+01  4.957796e-02 
 1.890573e+01  5.056722e-02 
 1.890613e+01  5.153242e-02 
 1.890653e+01  5.248087e-02 
 1.890693e+01  5.339860e-02 
 1.890733e+01  5.428417e-02 
 1.890772e+01  5.516101e-02 
 1.890812e+01  5.600877e-02 
 1.890852e+01  5.684165e-02 
 1.890892e+01  5.764712e-02 
 1.890931e+01  5.842978e-02 
 1.890971e+01  5.916619e-02 
 1.891011e+01  5.987933e-02 
 1.891051e+01  6.056599e-02 
 1.891090e+01  6.121909e-02 
 1.891130e+01  6.184548e-02 
 1.891170e+01  6.244024e-02 
 1.891210e+01  6.298531e-02 
 1.891250e+01  6.349477e-02 
 1.891289e+01  6.399291e-02 
 1.891329e+01  6.445782e-02 
 1.891369e+01  6.489315e-02 
 1.891409e+01  6.528166e-02 
 1.891448e+01  6.564386e-02 
 1.891488e+01  6.595785e-02 
 1.891528e+01  6.624392e-02 
 1.891568e+01  6.649846e-02 
 1.891607e+01  6.673592e-02 
 1.891647e+01  6.692381e-02 
 1.891687e+01  6.709169e-02 
 1.891727e+01  6.723172e-02 
 1.891767e+01  6.734948e-02 
 1.891806e+01  6.743604e-02 
 1.891846e+01  6.750364e-02 
 1.891886e+01  6.752342e-02 
 1.891926e+01  6.750597e-02 
 1.891965e+01  6.745991e-02 
 1.892005e+01  6.739026e-02 
 1.892045e+01  6.728654e-02 
 1.892085e+01  6.716110e-02 
 1.892124e+01  6.700314e-02 
 1.892164e+01  6.681547e-02 
 1.892204e+01  6.660626e-02 
 1.892244e+01  6.636016e-02 
 1.892284e+01  6.610147e-02 
 1.892323e+01  6.580562e-02 
 1.892363e+01  6.549389e-02 
 1.892403e+01  6.513969e-02 
 1.892443e+01  6.474580e-02 
 1.892482e+01  6.433309e-02 
 1.892522e+01  6.390074e-02 
 1.892562e+01  6.342535e-02 
 1.892602e+01  6.292367e-02 
 1.892641e+01  6.240200e-02 
 1.892681e+01  6.184979e-02 
 1.892721e+01  6.128037e-02 
 1.892761e+01  6.068409e-02 
 1.892801e+01  6.007697e-02 
 1.892840e+01  5.942850e-02 
 1.892880e+01  5.876680e-02 
 1.892920e+01  5.807120e-02 
 1.892960e+01  5.735219e-02 
 1.892999e+01  5.662259e-02 
 1.893039e+01  5.585975e-02 
 1.893079e+01  5.506524e-02 
 1.893119e+01  5.424987e-02 
 1.893158e+01  5.341416e-02 
 1.893198e+01  5.256050e-02 
 1.893238e+01  5.167818e-02 
 1.893278e+01  5.077876e-02 
 1.893318e+01  4.986048e-02 
 1.893357e+01  4.890130e-02 
 1.893397e+01  4.792653e-02 
 1.893437e+01  4.693266e-02 
 1.893477e+01  4.591239e-02 
 1.893516e+01  4.486464e-02 
 1.893556e+01  4.381897e-02 
 1.893596e+01  4.275022e-02 
 1.893636e+01  4.166420e-02 
 1.893675e+01  4.059005e-02 
 1.893715e+01  3.949922e-02 
 1.893755e+01  3.837976e-02 
 1.893795e+01  3.724925e-02 
 1.893835e+01  3.610730e-02 
 1.893874e+01  3.493544e-02 
 1.893914e+01  3.375586e-02 
 1.893954e+01  3.258235e-02 
 1.893994e+01  3.137858e-02 
 1.894033e+01  3.017110e-02 
 1.894073e+01  2.896717e-02 
 1.894113e+01  2.774850e-02 
 1.894153e+01  2.651250e-02 
 1.894192e+01  2.528132e-02 
 1.894232e+01  2.404449e-02 
 1.894272e+01  2.277840e-02 
 1.894312e+01  2.151182e-02 
 1.894352e+01  2.024744e-02 
 1.894391e+01  1.898000e-02 
 1.894431e+01  1.770222e-02 
 1.894471e+01  1.644182e-02 
 1.894511e+01  1.517642e-02 
 1.894550e+01  1.391390e-02 
 1.894590e+01  1.266379e-02 
 1.894630e+01  1.141518e-02 
 1.894670e+01  1.018075e-02 
 1.894709e+01  8.935474e-03 
 1.894749e+01  7.702669e-03 
 1.894789e+01  6.467395e-03 
 1.894829e+01  5.245621e-03 
 1.894869e+01  4.044622e-03 
 1.894908e+01  2.855037e-03 
 1.894948e+01  1.674103e-03 
 1.894988e+01  5.064531e-04 
 1.895028e+01 -6.529518e-04 
 1.895067e+01 -1.791949e-03 
 1.895107e+01 -2.916944e-03 
 1.895147e+01 -4.025781e-03 
 1.895187e+01 -5.121575e-03 
 1.895226e+01 -6.201056e-03 
 1.895266e+01 -7.268218e-03 
 1.895306e+01 -8.318141e-03 
 1.895346e+01 -9.334732e-03 
 1.895386e+01 -1.033732e-02 
 1.895425e+01 -1.132371e-02 
 1.895465e+01 -1.227663e-02 
 1.895505e+01 -1.321431e-02 
 1.895545e+01 -1.411891e-02 
 1.895584e+01 -1.499367e-02 
 1.895624e+01 -1.583436e-02 
 1.895664e+01 -1.666667e-02 
 1.895704e+01 -1.746154e-02 
 1.895743e+01 -1.824740e-02 
 1.895783e+01 -1.900462e-02 
 1.895823e+01 -1.972722e-02 
 1.895863e+01 -2.042931e-02 
 1.895903e+01 -2.110062e-02 
 1.895942e+01 -2.175277e-02 
 1.895982e+01 -2.239008e-02 
 1.896022e+01 -2.299595e-02 
 1.896062e+01 -2.357448e-02 
 1.896101e+01 -2.412486e-02 
 1.896141e+01 -2.465480e-02 
 1.896181e+01 -2.516292e-02 
 1.896221e+01 -2.565646e-02 
 1.896260e+01 -2.612685e-02 
 1.896300e+01 -2.655142e-02 
 1.896340e+01 -2.695978e-02 
 1.896380e+01 -2.733246e-02 
 1.896420e+01 -2.767699e-02 
 1.896459e+01 -2.799812e-02 
 1.896499e+01 -2.829434e-02 
 1.896539e+01 -2.856219e-02 
 1.896579e+01 -2.878674e-02 
 1.896618e+01 -2.900465e-02 
 1.896658e+01 -2.920045e-02 
 1.896698e+01 -2.935876e-02 
 1.896738e+01 -2.949435e-02 
 1.896777e+01 -2.959254e-02 
 1.896817e+01 -2.965974e-02 
 1.896857e+01 -2.968172e-02 
 1.896897e+01 -2.968991e-02 
 1.896937e+01 -2.967419e-02 
 1.896976e+01 -2.961450e-02 
 1.897016e+01 -2.953269e-02 
 1.897056e+01 -2.942370e-02 
 1.897096e+01 -2.928000e-02 
 1.897135e+01 -2.911245e-02 
 1.897175e+01 -2.892051e-02 
 1.897215e+01 -2.868406e-02 
 1.897255e+01 -2.840019e-02 
 1.897294e+01 -2.808995e-02 
 1.897334e+01 -2.773756e-02 
 1.897374e+01 -2.734291e-02 
 1.897414e+01 -2.694560e-02 
 1.897454e+01 -2.650261e-02 
 1.897493e+01 -2.602340e-02 
 1.897533e+01 -2.551842e-02 
 1.897573e+01 -2.498938e-02 
 1.897613e+01 -2.442172e-02 
 1.897652e+01 -2.382907e-02 
 1.897692e+01 -2.320684e-02 
 1.897732e+01 -2.253780e-02 
 1.897772e+01 -2.183512e-02 
 1.897811e+01 -2.111410e-02 
 1.897851e+01 -2.036767e-02 
 1.897891e+01 -1.959841e-02 
 1.897931e+01 -1.881090e-02 
 1.897971e+01 -1.799507e-02 
 1.898010e+01 -1.714324e-02 
 1.898050e+01 -1.628327e-02 
 1.898090e+01 -1.541457e-02 
 1.898130e+01 -1.450493e-02 
 1.898169e+01 -1.358555e-02 
 1.898209e+01 -1.263026e-02 
 1.898249e+01 -1.165138e-02 
 1.898289e+01 -1.064446e-02 
 1.898328e+01 -9.630246e-03 
 1.898368e+01 -8.597485e-03 
 1.898408e+01 -7.536544e-03 
 1.898448e+01 -6.459941e-03 
 1.898488e+01 -5.368358e-03 
 1.898527e+01 -4.247516e-03 
 1.898567e+01 -3.126411e-03 
 1.898607e+01 -1.994717e-03 
 1.898647e+01 -8.542265e-04 
 1.898686e+01  3.170167e-04 
 1.898726e+01  1.492772e-03 
 1.898766e+01  2.675219e-03 
 1.898806e+01  3.876486e-03 
 1.898845e+01  5.061391e-03 
 1.898885e+01  6.264059e-03 
 1.898925e+01  7.476964e-03 
 1.898965e+01  8.702421e-03 
 1.899005e+01  9.918975e-03 
 1.899044e+01  1.114356e-02 
 1.899084e+01  1.237474e-02 
 1.899124e+01  1.360693e-02 
 1.899164e+01  1.483878e-02 
 1.899203e+01  1.609139e-02 
 1.899243e+01  1.733681e-02 
 1.899283e+01  1.857644e-02 
 1.899323e+01  1.979656e-02 
 1.899363e+01  2.102395e-02 
 1.899402e+01  2.223708e-02 
 1.899442e+01  2.345784e-02 
 1.899482e+01  2.466614e-02 
 1.899522e+01  2.586842e-02 
 1.899561e+01  2.705643e-02 
 1.899601e+01  2.824322e-02 
 1.899641e+01  2.943185e-02 
 1.899681e+01  3.060677e-02 
 1.899720e+01  3.178190e-02 
 1.899760e+01  3.293551e-02 
 1.899800e+01  3.407281e-02 
 1.899840e+01  3.519363e-02 
 1.899880e+01  3.631874e-02 
 1.899919e+01  3.742827e-02 
 1.899959e+01  3.852378e-02 
 1.899999e+01  3.960464e-02 
 1.900039e+01  4.067719e-02 
 1.900078e+01  4.173515e-02 
 1.900118e+01  4.279251e-02 
 1.900158e+01  4.383685e-02 
 1.900198e+01  4.486511e-02 
 1.900237e+01  4.588334e-02 
 1.900277e+01  4.687968e-02 
 1.900317e+01  4.785761e-02 
 1.900357e+01  4.882678e-02 
 1.900397e+01  4.978812e-02 
 1.900436e+01  5.073476e-02 
 1.900476e+01  5.167426e-02 
 1.900516e+01  5.259278e-02 
 1.900556e+01  5.349157e-02 
 1.900595e+01  5.437731e-02 
 1.900635e+01  5.525400e-02 
 1.900675e+01  5.609579e-02 
 1.900715e+01  5.690971e-02 
 1.900754e+01  5.770168e-02 
 1.900794e+01  5.846666e-02 
 1.900834e+01  5.920212e-02 
 1.900874e+01  5.991493e-02 
 1.900914e+01  6.061153e-02 
 1.900953e+01  6.127153e-02 
 1.900993e+01  6.190753e-02 
 1.901033e+01  6.251281e-02 
 1.901073e+01  6.309401e-02 
 1.901112e+01  6.363978e-02 
 1.901152e+01  6.416642e-02 
 1.901192e+01  6.465167e-02 
 1.901232e+01  6.509745e-02 
 1.901271e+01  6.551317e-02 
 1.901311e+01  6.590047e-02 
 1.901351e+01  6.624761e-02 
 1.901391e+01  6.657508e-02 
 1.901431e+01  6.687879e-02 
 1.901470e+01  6.712403e-02 
 1.901510e+01  6.734934e-02 
 1.901550e+01  6.754084e-02 
 1.901590e+01  6.769266e-02 
 1.901629e+01  6.781031e-02 
 1.901669e+01  6.789682e-02 
 1.901709e+01  6.793989e-02 
 1.901749e+01  6.793492e-02 
 1.901788e+01  6.792053e-02 
 1.901828e+01  6.787030e-02 
 1.901868e+01  6.776969e-02 
 1.901908e+01  6.764954e-02 
 1.901948e+01  6.749435e-02 
 1.901987e+01  6.729624e-02 
 1.902027e+01  6.707289e-02 
 1.902067e+01  6.682893e-02 
 1.902107e+01  6.655502e-02 
 1.902146e+01  6.624139e-02 
 1.902186e+01  6.589509e-02 
 1.902226e+01  6.550869e-02 
 1.902266e+01  6.509100e-02 
 1.902305e+01  6.466440e-02 
 1.902345e+01  6.421335e-02 
 1.902385e+01  6.372780e-02 
 1.902425e+01  6.321801e-02 
 1.902465e+01  6.268817e-02 
 1.902504e+01  6.213541e-02 
 1.902544e+01  6.156002e-02 
 1.902584e+01  6.095660e-02 
 1.902624e+01  6.031499e-02 
 1.902663e+01  5.963667e-02 
 1.902703e+01  5.893404e-02 
 1.902743e+01  5.821075e-02 
 1.902783e+01  5.745538e-02 
 1.902822e+01  5.668665e-02 
 1.902862e+01  5.589103e-02 
 1.902902e+01  5.507726e-02 
 1.902942e+01  5.423273e-02 
 1.902982e+01  5.339105e-02 
 1.903021e+01  5.252575e-02 
 1.903061e+01  5.163355e-02 
 1.903101e+01  5.071489e-02 
 1.903141e+01  4.979257e-02 
 1.903180e+01  4.882704e-02 
 1.903220e+01  4.784653e-02 
 1.903260e+01  4.686584e-02 
 1.903300e+01  4.587278e-02 
 1.903339e+01  4.486409e-02 
 1.903379e+01  4.384360e-02 
 1.903419e+01  4.281163e-02 
 1.903459e+01  4.176561e-02 
 1.903499e+01  4.070316e-02 
 1.903538e+01  3.962790e-02 
 1.903578e+01  3.852530e-02 
 1.903618e+01  3.740114e-02 
 1.903658e+01  3.627781e-02 
 1.903697e+01  3.513610e-02 
 1.903737e+01  3.397577e-02 
 1.903777e+01  3.280701e-02 
 1.903817e+01  3.163573e-02 
 1.903856e+01  3.043550e-02 
 1.903896e+01  2.924499e-02 
 1.903936e+01  2.804346e-02 
 1.903976e+01  2.682867e-02 
 1.904016e+01  2.561063e-02 
 1.904055e+01  2.440026e-02 
 1.904095e+01  2.316176e-02 
 1.904135e+01  2.191890e-02 
 1.904175e+01  2.068261e-02 
 1.904214e+01  1.944656e-02 
 1.904254e+01  1.820255e-02 
 1.904294e+01  1.695683e-02 
 1.904334e+01  1.572288e-02 
 1.904373e+01  1.448217e-02 
 1.904413e+01  1.325471e-02 
 1.904453e+01  1.202861e-02 
 1.904493e+01  1.080213e-02 
 1.904533e+01  9.574958e-03 
 1.904572e+01  8.357323e-03 
 1.904612e+01  7.133926e-03 
 1.904652e+01  5.923919e-03 
 1.904692e+01  4.723451e-03 
 1.904731e+01  3.523380e-03 
 1.904771e+01  2.321892e-03 
 1.904811e+01  1.131946e-03 
 1.904851e+01 -3.339085e-05 
 1.904890e+01 -1.192961e-03 
 1.904930e+01 -2.337790e-03 
 1.904970e+01 -3.460632e-03 
 1.905010e+01 -4.570578e-03 
 1.905050e+01 -5.679637e-03 
 1.905089e+01 -6.761318e-03 
 1.905129e+01 -7.832100e-03 
 1.905169e+01 -8.887964e-03 
 1.905209e+01 -9.908395e-03 
 1.905248e+01 -1.090619e-02 
 1.905288e+01 -1.189385e-02 
 1.905328e+01 -1.285539e-02 
 1.905368e+01 -1.377631e-02 
 1.905407e+01 -1.468930e-02 
 1.905447e+01 -1.559916e-02 
 1.905487e+01 -1.647321e-02 
 1.905527e+01 -1.734849e-02 
 1.905567e+01 -1.819158e-02 
 1.905606e+01 -1.900836e-02 
 1.905646e+01 -1.978883e-02 
 1.905686e+01 -2.056114e-02 
 1.905726e+01 -2.128478e-02 
 1.905765e+01 -2.199338e-02 
 1.905805e+01 -2.266327e-02 
 1.905845e+01 -2.331185e-02 
 1.905885e+01 -2.390761e-02 
 1.905924e+01 -2.447983e-02 
 1.905964e+01 -2.503191e-02 
 1.906004e+01 -2.555411e-02 
 1.906044e+01 -2.604174e-02 
 1.906084e+01 -2.649295e-02 
 1.906123e+01 -2.691001e-02 
 1.906163e+01 -2.729283e-02 
 1.906203e+01 -2.764911e-02 
 1.906243e+01 -2.797793e-02 
 1.906282e+01 -2.827516e-02 
 1.906322e+01 -2.853268e-02 
 1.906362e+01 -2.876742e-02 
 1.906402e+01 -2.897857e-02 
 1.906441e+01 -2.915144e-02 
 1.906481e+01 -2.931695e-02 
 1.906521e+01 -2.943022e-02 
 1.906561e+01 -2.951333e-02 
 1.906601e+01 -2.956341e-02 
 1.906640e+01 -2.959519e-02 
 1.906680e+01 -2.960251e-02 
 1.906720e+01 -2.958398e-02 
 1.906760e+01 -2.954025e-02 
 1.906799e+01 -2.945771e-02 
 1.906839e+01 -2.934269e-02 
 1.906879e+01 -2.919479e-02 
 1.906919e+01 -2.902375e-02 
 1.906958e+01 -2.882874e-02 
 1.906998e+01 -2.861035e-02 
 1.907038e+01 -2.836025e-02 
 1.907078e+01 -2.808134e-02 
 1.907118e+01 -2.776163e-02 
 1.907157e+01 -2.743185e-02 
 1.907197e+01 -2.707035e-02 
 1.907237e+01 -2.667729e-02 
 1.907277e+01 -2.625505e-02 
 1.907316e+01 -2.579139e-02 
 1.907356e+01 -2.530623e-02 
 1.907396e+01 -2.480783e-02 
 1.907436e+01 -2.427531e-02 
 1.907475e+01 -2.371358e-02 
 1.907515e+01 -2.312890e-02 
 1.907555e+01 -2.251102e-02 
 1.907595e+01 -2.185810e-02 
 1.907635e+01 -2.118828e-02 
 1.907674e+01 -2.050874e-02 
 1.907714e+01 -1.978589e-02 
 1.907754e+01 -1.903420e-02 
 1.907794e+01 -1.825449e-02 
 1.907833e+01 -1.743520e-02 
 1.907873e+01 -1.659084e-02 
 1.907913e+01 -1.573947e-02 
 1.907953e+01 -1.485073e-02 
 1.907992e+01 -1.393126e-02 
 1.908032e+01 -1.298263e-02 
 1.908072e+01 -1.201680e-02 
 1.908112e+01 -1.101965e-02 
 1.908152e+01 -1.002232e-02 
 1.908191e+01 -9.015820e-03 
 1.908231e+01 -7.979382e-03 
 1.908271e+01 -6.922664e-03 
 1.908311e+01 -5.850576e-03 
 1.908350e+01 -4.772162e-03 
 1.908390e+01 -3.672195e-03 
 1.908430e+01 -2.554374e-03 
 1.908470e+01 -1.412065e-03 
 1.908510e+01 -2.538331e-04 
 1.908549e+01  9.221346e-04 
 1.908589e+01  2.092968e-03 
 1.908629e+01  3.264585e-03 
 1.908669e+01  4.449926e-03 
 1.908708e+01  5.637035e-03 
 1.908748e+01  6.849104e-03 
 1.908788e+01  8.070668e-03 
 1.908828e+01  9.305451e-03 
 1.908867e+01  1.054069e-02 
 1.908907e+01  1.178460e-02 
 1.908947e+01  1.303518e-02 
 1.908987e+01  1.429561e-02 
 1.909027e+01  1.555947e-02 
 1.909066e+01  1.681192e-02 
 1.909106e+01  1.806023e-02 
 1.909146e+01  1.930156e-02 
 1.909186e+01  2.055033e-02 
 1.909225e+01  2.179527e-02 
 1.909265e+01  2.304989e-02 
 1.909305e+01  2.429237e-02 
 1.909345e+01  2.553776e-02 
 1.909384e+01  2.678172e-02 
 1.909424e+01  2.801394e-02 
 1.909464e+01  2.924164e-02 
 1.909504e+01  3.046254e-02 
 1.909544e+01  3.166308e-02 
 1.909583e+01  3.283998e-02 
 1.909623e+01  3.399931e-02 
 1.909663e+01  3.516477e-02 
 1.909703e+01  3.631424e-02 
 1.909742e+01  3.746325e-02 
 1.909782e+01  3.860169e-02 
 1.909822e+01  3.973027e-02 
 1.909862e+01  4.083983e-02 
 1.909901e+01  4.192639e-02 
 1.909941e+01  4.300550e-02 
 1.909981e+01  4.407408e-02 
 1.910021e+01  4.509434e-02 
 1.910061e+01  4.611253e-02 
 1.910100e+01  4.710050e-02 
 1.910140e+01  4.806567e-02 
 1.910180e+01  4.901905e-02 
 1.910220e+01  4.996039e-02 
 1.910259e+01  5.086799e-02 
 1.910299e+01  5.174902e-02 
 1.910339e+01  5.262930e-02 
 1.910379e+01  5.348464e-02 
 1.910418e+01  5.431903e-02 
 1.910458e+01  5.513013e-02 
 1.910498e+01  5.591522e-02 
 1.910538e+01  5.665885e-02 
 1.910578e+01  5.737296e-02 
 1.910617e+01  5.808409e-02 
 1.910657e+01  5.876971e-02 
 1.910697e+01  5.943958e-02 
 1.910737e+01  6.009734e-02 
 1.910776e+01  6.072743e-02 
 1.910816e+01  6.133331e-02 
 1.910856e+01  6.193192e-02 
 1.910896e+01  6.251429e-02 
 1.910935e+01  6.305857e-02 
 1.910975e+01  6.356602e-02 
 1.911015e+01  6.405260e-02 
 1.911055e+01  6.450291e-02 
 1.911095e+01  6.492765e-02 
 1.911134e+01  6.533347e-02 
 1.911174e+01  6.570413e-02 
 1.911214e+01  6.605030e-02 
 1.911254e+01  6.637200e-02 
 1.911293e+01  6.666974e-02 
 1.911333e+01  6.694818e-02 
 1.911373e+01  6.718411e-02 
 1.911413e+01  6.739621e-02 
 1.911452e+01  6.755983e-02 
 1.911492e+01  6.767242e-02 
 1.911532e+01  6.775389e-02 
 1.911572e+01  6.779939e-02 
 1.911612e+01  6.781515e-02 
 1.911651e+01  6.780705e-02 
 1.911691e+01  6.777224e-02 
 1.911731e+01  6.769401e-02 
 1.911771e+01  6.759395e-02 
 1.911810e+01  6.744892e-02 
 1.911850e+01  6.728164e-02 
 1.911890e+01  6.707726e-02 
 1.911930e+01  6.684911e-02 
 1.911969e+01  6.656678e-02 
 1.912009e+01  6.625215e-02 
 1.912049e+01  6.590975e-02 
 1.912089e+01  6.553240e-02 
 1.912129e+01  6.512482e-02 
 1.912168e+01  6.468870e-02 
 1.912208e+01  6.421721e-02 
 1.912248e+01  6.371266e-02 
 1.912288e+01  6.318182e-02 
 1.912327e+01  6.262352e-02 
 1.912367e+01  6.203240e-02 
 1.912407e+01  6.140103e-02 
 1.912447e+01  6.074913e-02 
 1.912486e+01  6.005470e-02 
 1.912526e+01  5.933468e-02 
 1.912566e+01  5.859937e-02 
 1.912606e+01  5.785414e-02 
 1.912646e+01  5.708851e-02 
 1.912685e+01  5.629104e-02 
 1.912725e+01  5.547895e-02 
 1.912765e+01  5.464431e-02 
 1.912805e+01  5.378889e-02 
 1.912844e+01  5.292700e-02 
 1.912884e+01  5.202685e-02 
 1.912924e+01  5.110417e-02 
 1.912964e+01  5.016322e-02 
 1.913003e+01  4.919831e-02 
 1.913043e+01  4.820627e-02 
 1.913083e+01  4.720864e-02 
 1.913123e+01  4.619508e-02 
 1.913163e+01  4.515062e-02 
 1.913202e+01  4.408924e-02 
 1.913242e+01  4.302471e-02 
 1.913282e+01  4.193631e-02 
 1.913322e+01  4.083568e-02 
 1.913361e+01  3.971335e-02 
 1.913401e+01  3.857754e-02 
 1.913441e+01  3.742174e-02 
 1.913481e+01  3.625769e-02 
 1.913520e+01  3.509409e-02 
 1.913560e+01  3.392402e-02 
 1.913600e+01  3.274339e-02 
 1.913640e+01  3.155944e-02 
 1.913680e+01  3.037259e-02 
 1.913719e+01  2.917034e-02 
 1.913759e+01  2.798086e-02 
 1.913799e+01  2.678157e-02 
 1.913839e+01  2.556797e-02 
 1.913878e+01  2.435959e-02 
 1.913918e+01  2.313955e-02 
 1.913958e+01  2.192538e-02 
 1.913998e+01  2.071328e-02 
 1.914037e+01  1.951702e-02 
 1.914077e+01  1.829625e-02 
 1.914117e+01  1.708713e-02 
 1.914157e+01  1.588869e-02 
 1.914197e+01  1.468713e-02 
 1.914236e+01  1.348348e-02 
 1.914276e+01  1.228808e-02 
 1.914316e+01  1.108293e-02 
 1.914356e+01  9.866969e-03 
 1.914395e+01  8.669469e-03 
 1.914435e+01  7.473839e-03 
 1.914475e+01  6.285451e-03 
 1.914515e+01  5.117650e-03 
 1.914554e+01  3.953509e-03 
 1.914594e+01  2.791113e-03 
 1.914634e+01  1.641458e-03 
 1.914674e+01  5.176314e-04 
 1.914714e+01 -6.000093e-04 
 1.914753e+01 -1.724579e-03 
 1.914793e+01 -2.833791e-03 
 1.914833e+01 -3.928859e-03 
 1.914873e+01 -5.016574e-03 
 1.914912e+01 -6.092878e-03 
 1.914952e+01 -7.150962e-03 
 1.914992e+01 -8.197022e-03 
 1.915032e+01 -9.242191e-03 
 1.915071e+01 -1.027512e-02 
 1.915111e+01 -1.128694e-02 
 1.915151e+01 -1.228608e-02 
 1.915191e+01 -1.325809e-02 
 1.915231e+01 -1.421705e-02 
 1.915270e+01 -1.515837e-02 
 1.915310e+01 -1.607951e-02 
 1.915350e+01 -1.697176e-02 
 1.915390e+01 -1.784018e-02 
 1.915429e+01 -1.867825e-02 
 1.915469e+01 -1.948530e-02 
 1.915509e+01 -2.027182e-02 
 1.915549e+01 -2.103160e-02 
 1.915588e+01 -2.176428e-02 
 1.915628e+01 -2.245507e-02 
 1.915668e+01 -2.311996e-02 
 1.915708e+01 -2.375404e-02 
 1.915748e+01 -2.435611e-02 
 1.915787e+01 -2.493444e-02 
 1.915827e+01 -2.548280e-02 
 1.915867e+01 -2.598553e-02 
 1.915907e+01 -2.645888e-02 
 1.915946e+01 -2.692018e-02 
 1.915986e+01 -2.734106e-02 
 1.916026e+01 -2.773241e-02 
 1.916066e+01 -2.808525e-02 
 1.916105e+01 -2.841334e-02 
 1.916145e+01 -2.869644e-02 
 1.916185e+01 -2.895355e-02 
 1.916225e+01 -2.918276e-02 
 1.916265e+01 -2.938043e-02 
 1.916304e+01 -2.955739e-02 
 1.916344e+01 -2.969177e-02 
 1.916384e+01 -2.978545e-02 
 1.916424e+01 -2.985050e-02 
 1.916463e+01 -2.989197e-02 
 1.916503e+01 -2.989434e-02 
 1.916543e+01 -2.986029e-02 
 1.916583e+01 -2.980272e-02 
 1.916622e+01 -2.970793e-02 
 1.916662e+01 -2.957442e-02 
 1.916702e+01 -2.942657e-02 
 1.916742e+01 -2.924558e-02 
 1.916782e+01 -2.903653e-02 
 1.916821e+01 -2.879864e-02 
 1.916861e+01 -2.852307e-02 
 1.916901e+01 -2.821658e-02 
 1.916941e+01 -2.788378e-02 
 1.916980e+01 -2.754201e-02 
 1.917020e+01 -2.715385e-02 
 1.917060e+01 -2.673741e-02 
 1.917100e+01 -2.628460e-02 
 1.917139e+01 -2.581643e-02 
 1.917179e+01 -2.531529e-02 
 1.917219e+01 -2.479148e-02 
 1.917259e+01 -2.424324e-02 
 1.917299e+01 -2.366182e-02 
 1.917338e+01 -2.303779e-02 
 1.917378e+01 -2.238898e-02 
 1.917418e+01 -2.171866e-02 
 1.917458e+01 -2.103011e-02 
 1.917497e+01 -2.031618e-02 
 1.917537e+01 -1.957834e-02 
 1.917577e+01 -1.880855e-02 
 1.917617e+01 -1.800826e-02 
 1.917657e+01 -1.720111e-02 
 1.917696e+01 -1.637285e-02 
 1.917736e+01 -1.552230e-02 
 1.917776e+01 -1.465009e-02 
 1.917816e+01 -1.375872e-02 
 1.917855e+01 -1.284410e-02 
 1.917895e+01 -1.192101e-02 
 1.917935e+01 -1.098663e-02 
 1.917975e+01 -1.004070e-02 
 1.918014e+01 -9.073758e-03 
 1.918054e+01 -8.076658e-03 
 1.918094e+01 -7.054127e-03 
 1.918134e+01 -6.017728e-03 
 1.918174e+01 -4.978599e-03 
 1.918213e+01 -3.915950e-03 
 1.918253e+01 -2.829398e-03 
 1.918293e+01 -1.729984e-03 
 1.918333e+01 -6.170311e-04 
 1.918372e+01  5.037576e-04 
 1.918412e+01  1.627563e-03 
 1.918452e+01  2.765557e-03 
 1.918492e+01  3.921542e-03 
 1.918531e+01  5.095418e-03 
 1.918571e+01  6.292838e-03 
 1.918611e+01  7.505634e-03 
 1.918651e+01  8.708956e-03 
 1.918691e+01  9.922960e-03 
 1.918730e+01  1.116089e-02 
 1.918770e+01  1.240024e-02 
 1.918810e+01  1.364382e-02 
 1.918850e+01  1.489564e-02 
 1.918889e+01  1.613722e-02 
 1.918929e+01  1.738013e-02 
 1.918969e+01  1.863778e-02 
 1.919009e+01  1.989754e-02 
 1.919048e+01  2.115921e-02 
 1.919088e+01  2.242746e-02 
 1.919128e+01  2.367759e-02 
 1.919168e+01  2.493651e-02 
 1.919208e+01  2.618459e-02 
 1.919247e+01  2.744171e-02 
 1.919287e+01  2.869184e-02 
 1.919327e+01  2.992242e-02 
 1.919367e+01  3.114812e-02 
 1.919406e+01  3.235719e-02 
 1.919446e+01  3.356841e-02 
 1.919486e+01  3.476704e-02 
 1.919526e+01  3.596498e-02 
 1.919565e+01  3.714792e-02 
 1.919605e+01  3.830993e-02 
 1.919645e+01  3.946175e-02 
 1.919685e+01  4.060226e-02 
 1.919725e+01  4.172296e-02 
 1.919764e+01  4.282398e-02 
 1.919804e+01  4.390417e-02 
 1.919844e+01  4.495224e-02 
 1.919884e+01  4.597572e-02 
 1.919923e+01  4.697323e-02 
 1.919963e+01  4.797815e-02 
 1.920003e+01  4.895440e-02 
 1.920043e+01  4.991226e-02 
 1.920082e+01  5.084838e-02 
 1.920122e+01  5.177132e-02 
 1.920162e+01  5.266227e-02 
 1.920202e+01  5.353844e-02 
 1.920242e+01  5.438592e-02 
 1.920281e+01  5.520567e-02 
 1.920321e+01  5.598778e-02 
 1.920361e+01  5.674937e-02 
 1.920401e+01  5.748368e-02 
 1.920440e+01  5.821237e-02 
 1.920480e+01  5.892248e-02 
 1.920520e+01  5.959438e-02 
 1.920560e+01  6.023833e-02 
 1.920599e+01  6.085880e-02 
 1.920639e+01  6.144086e-02 
 1.920679e+01  6.200271e-02 
 1.920719e+01  6.253115e-02 
 1.920759e+01  6.302680e-02 
 1.920798e+01  6.348795e-02 
 1.920838e+01  6.392832e-02 
 1.920878e+01  6.434598e-02 
 1.920918e+01  6.474171e-02 
 1.920957e+01  6.511947e-02 
 1.920997e+01  6.546975e-02 
 1.921037e+01  6.578735e-02 
 1.921077e+01  6.606895e-02 
 1.921116e+01  6.632925e-02 
 1.921156e+01  6.654565e-02 
 1.921196e+01  6.674827e-02 
 1.921236e+01  6.691301e-02 
 1.921276e+01  6.704532e-02 
 1.921315e+01  6.715516e-02 
 1.921355e+01  6.724522e-02 
 1.921395e+01  6.732855e-02 
 1.921435e+01  6.737266e-02 
 1.921474e+01  6.740633e-02 
 1.921514e+01  6.741166e-02 
 1.921554e+01  6.736216e-02 
 1.921594e+01  6.728688e-02 
 1.921633e+01  6.719816e-02 
 1.921673e+01  6.706439e-02 
 1.921713e+01  6.688503e-02 
 1.921753e+01  6.668278e-02 
 1.921793e+01  6.644338e-02 
 1.921832e+01  6.615840e-02 
 1.921872e+01  6.586108e-02 
 1.921912e+01  6.553851e-02 
 1.921952e+01  6.516939e-02 
 1.921991e+01  6.477783e-02 
 1.922031e+01  6.435357e-02 
 1.922071e+01  6.389553e-02 
 1.922111e+01  6.340204e-02 
 1.922150e+01  6.287514e-02 
 1.922190e+01  6.232227e-02 
 1.922230e+01  6.171380e-02 
 1.922270e+01  6.109538e-02 
 1.922310e+01  6.043933e-02 
 1.922349e+01  5.976690e-02 
 1.922389e+01  5.907745e-02 
 1.922429e+01  5.835006e-02 
 1.922469e+01  5.761045e-02 
 1.922508e+01  5.681613e-02 
 1.922548e+01  5.602073e-02 
 1.922588e+01  5.518203e-02 
 1.922628e+01  5.431554e-02 
 1.922667e+01  5.341831e-02 
 1.922707e+01  5.249736e-02 
 1.922747e+01  5.154117e-02 
 1.922787e+01  5.057150e-02 
 1.922827e+01  4.958171e-02 
 1.922866e+01  4.859264e-02 
 1.922906e+01  4.757465e-02 
 1.922946e+01  4.655425e-02 
 1.922986e+01  4.550491e-02 
 1.923025e+01  4.445086e-02 
 1.923065e+01  4.337665e-02 
 1.923105e+01  4.227689e-02 
 1.923145e+01  4.116597e-02 
 1.923184e+01  4.003228e-02 
 1.923224e+01  3.888871e-02 
 1.923264e+01  3.774858e-02 
 1.923304e+01  3.661000e-02 
 1.923344e+01  3.546341e-02 
 1.923383e+01  3.431702e-02 
 1.923423e+01  3.315221e-02 
 1.923463e+01  3.197779e-02 
 1.923503e+01  3.079526e-02 
 1.923542e+01  2.960185e-02 
 1.923582e+01  2.840175e-02 
 1.923622e+01  2.718216e-02 
 1.923662e+01  2.595372e-02 
 1.923701e+01  2.471565e-02 
 1.923741e+01  2.348332e-02 
 1.923781e+01  2.225151e-02 
 1.923821e+01  2.101696e-02 
 1.923861e+01  1.978699e-02 
 1.923900e+01  1.855754e-02 
 1.923940e+01  1.731636e-02 
 1.923980e+01  1.608959e-02 
 1.924020e+01  1.485979e-02 
 1.924059e+01  1.362940e-02 
 1.924099e+01  1.239747e-02 
 1.924139e+01  1.117494e-02 
 1.924179e+01  9.949410e-03 
 1.924218e+01  8.743794e-03 
 1.924258e+01  7.550743e-03 
 1.924298e+01  6.389242e-03 
 1.924338e+01  5.205128e-03 
 1.924378e+01  4.051061e-03 
 1.924417e+01  2.898278e-03 
 1.924457e+01  1.751002e-03 
 1.924497e+01  6.211359e-04 
 1.924537e+01 -4.978789e-04 
 1.924576e+01 -1.623896e-03 
 1.924616e+01 -2.729473e-03 
 1.924656e+01 -3.832477e-03 
 1.924696e+01 -4.918407e-03 
 1.924735e+01 -5.989939e-03 
 1.924775e+01 -7.025375e-03 
 1.924815e+01 -8.043681e-03 
 1.924855e+01 -9.058973e-03 
 1.924895e+01 -1.004579e-02 
 1.924934e+01 -1.101002e-02 
 1.924974e+01 -1.195485e-02 
 1.925014e+01 -1.288750e-02 
 1.925054e+01 -1.380163e-02 
 1.925093e+01 -1.470907e-02 
 1.925133e+01 -1.560214e-02 
 1.925173e+01 -1.646164e-02 
 1.925213e+01 -1.729043e-02 
 1.925252e+01 -1.810197e-02 
 1.925292e+01 -1.888851e-02 
 1.925332e+01 -1.966261e-02 
 1.925372e+01 -2.040727e-02 
 1.925412e+01 -2.112936e-02 
 1.925451e+01 -2.182239e-02 
 1.925491e+01 -2.250036e-02 
 1.925531e+01 -2.316316e-02 
 1.925571e+01 -2.379842e-02 
 1.925610e+01 -2.441577e-02 
 1.925650e+01 -2.500424e-02 
 1.925690e+01 -2.555510e-02 
 1.925730e+01 -2.607727e-02 
 1.925769e+01 -2.658568e-02 
 1.925809e+01 -2.705702e-02 
 1.925849e+01 -2.748088e-02 
 1.925889e+01 -2.788582e-02 
 1.925929e+01 -2.825039e-02 
 1.925968e+01 -2.857980e-02 
 1.926008e+01 -2.889117e-02 
 1.926048e+01 -2.917411e-02 
 1.926088e+01 -2.941625e-02 
 1.926127e+01 -2.962230e-02 
 1.926167e+01 -2.978411e-02 
 1.926207e+01 -2.991083e-02 
 1.926247e+01 -3.000680e-02 
 1.926286e+01 -3.008216e-02 
 1.926326e+01 -3.010433e-02 
 1.926366e+01 -3.009495e-02 
 1.926406e+01 -3.005019e-02 
 1.926446e+01 -2.997870e-02 
 1.926485e+01 -2.986211e-02 
 1.926525e+01 -2.972575e-02 
 1.926565e+01 -2.955989e-02 
 1.926605e+01 -2.935554e-02 
 1.926644e+01 -2.911814e-02 
 1.926684e+01 -2.885318e-02 
 1.926724e+01 -2.856357e-02 
 1.926764e+01 -2.823308e-02 
 1.926804e+01 -2.787981e-02 
 1.926843e+01 -2.747501e-02 
 1.926883e+01 -2.703592e-02 
 1.926923e+01 -2.657030e-02 
 1.926963e+01 -2.607493e-02 
 1.927002e+01 -2.556467e-02 
 1.927042e+01 -2.501581e-02 
 1.927082e+01 -2.444271e-02 
 1.927122e+01 -2.383971e-02 
 1.927161e+01 -2.321861e-02 
 1.927201e+01 -2.256479e-02 
 1.927241e+01 -2.190775e-02 
 1.927281e+01 -2.122057e-02 
 1.927321e+01 -2.050952e-02 
 1.927360e+01 -1.977074e-02 
 1.927400e+01 -1.900040e-02 
 1.927440e+01 -1.821339e-02 
 1.927480e+01 -1.740904e-02 
 1.927519e+01 -1.659713e-02 
 1.927559e+01 -1.575235e-02 
 1.927599e+01 -1.488275e-02 
 1.927639e+01 -1.400793e-02 
 1.927678e+01 -1.309318e-02 
 1.927718e+01 -1.216122e-02 
 1.927758e+01 -1.121869e-02 
 1.927798e+01 -1.024496e-02 
 1.927838e+01 -9.240176e-03 
 1.927877e+01 -8.221372e-03 
 1.927917e+01 -7.199533e-03 
 1.927957e+01 -6.169594e-03 
 1.927997e+01 -5.124912e-03 
 1.928036e+01 -4.060031e-03 
 1.928076e+01 -2.961724e-03 
 1.928116e+01 -1.855286e-03 
 1.928156e+01 -7.487242e-04 
 1.928195e+01  3.801147e-04 
 1.928235e+01  1.518991e-03 
 1.928275e+01  2.661220e-03 
 1.928315e+01  3.834307e-03 
 1.928355e+01  5.016488e-03 
 1.928394e+01  6.204450e-03 
 1.928434e+01  7.390828e-03 
 1.928474e+01  8.590697e-03 
 1.928514e+01  9.785629e-03 
 1.928553e+01  1.099283e-02 
 1.928593e+01  1.221326e-02 
 1.928633e+01  1.342494e-02 
 1.928673e+01  1.462735e-02 
 1.928712e+01  1.584731e-02 
 1.928752e+01  1.707311e-02 
 1.928792e+01  1.829943e-02 
 1.928832e+01  1.954121e-02 
 1.928872e+01  2.077867e-02 
 1.928911e+01  2.200437e-02 
 1.928951e+01  2.323335e-02 
 1.928991e+01  2.446993e-02 
 1.929031e+01  2.569781e-02 
 1.929070e+01  2.692666e-02 
 1.929110e+01  2.814565e-02 
 1.929150e+01  2.934711e-02 
 1.929190e+01  3.052687e-02 
 1.929229e+01  3.172416e-02 
 1.929269e+01  3.291859e-02 
 1.929309e+01  3.411390e-02 
 1.929349e+01  3.530367e-02 
 1.929389e+01  3.648530e-02 
 1.929428e+01  3.763641e-02 
 1.929468e+01  3.878416e-02 
 1.929508e+01  3.991649e-02 
 1.929548e+01  4.103005e-02 
 1.929587e+01  4.213445e-02 
 1.929627e+01  4.322471e-02 
 1.929667e+01  4.428397e-02 
 1.929707e+01  4.534355e-02 
 1.929746e+01  4.641538e-02 
 1.929786e+01  4.747334e-02 
 1.929826e+01  4.850078e-02 
 1.929866e+01  4.950993e-02 
 1.929906e+01  5.049611e-02 
 1.929945e+01  5.145684e-02 
 1.929985e+01  5.240191e-02 
 1.930025e+01  5.331926e-02 
 1.930065e+01  5.420094e-02 
 1.930104e+01  5.505510e-02 
 1.930144e+01  5.589133e-02 
 1.930184e+01  5.669396e-02 
 1.930224e+01  5.748648e-02 
 1.930263e+01  5.826514e-02 
 1.930303e+01  5.901494e-02 
 1.930343e+01  5.971732e-02 
 1.930383e+01  6.039372e-02 
 1.930423e+01  6.103820e-02 
 1.930462e+01  6.164123e-02 
 1.930502e+01  6.221252e-02 
 1.930542e+01  6.274334e-02 
 1.930582e+01  6.325297e-02 
 1.930621e+01  6.371948e-02 
 1.930661e+01  6.416779e-02 
 1.930701e+01  6.459702e-02 
 1.930741e+01  6.499364e-02 
 1.930780e+01  6.535677e-02 
 1.930820e+01  6.570496e-02 
 1.930860e+01  6.600073e-02 
 1.930900e+01  6.627378e-02 
 1.930940e+01  6.651659e-02 
 1.930979e+01  6.673355e-02 
 1.931019e+01  6.691284e-02 
 1.931059e+01  6.705108e-02 
 1.931099e+01  6.717249e-02 
 1.931138e+01  6.725719e-02 
 1.931178e+01  6.731905e-02 
 1.931218e+01  6.736400e-02 
 1.931258e+01  6.737959e-02 
 1.931297e+01  6.736024e-02 
 1.931337e+01  6.732109e-02 
 1.931377e+01  6.723508e-02 
 1.931417e+01  6.711492e-02 
 1.931457e+01  6.696773e-02 
 1.931496e+01  6.679536e-02 
 1.931536e+01  6.658204e-02 
 1.931576e+01  6.633872e-02 
 1.931616e+01  6.609292e-02 
 1.931655e+01  6.582543e-02 
 1.931695e+01  6.553516e-02 
 1.931735e+01  6.522006e-02 
 1.931775e+01  6.487270e-02 
 1.931814e+01  6.450413e-02 
 1.931854e+01  6.409526e-02 
 1.931894e+01  6.366206e-02 
 1.931934e+01  6.318697e-02 
 1.931974e+01  6.269303e-02 
 1.932013e+01  6.216497e-02 
 1.932053e+01  6.160531e-02 
 1.932093e+01  6.102459e-02 
 1.932133e+01  6.042809e-02 
 1.932172e+01  5.980813e-02 
 1.932212e+01  5.915919e-02 
 1.932252e+01  5.848173e-02 
 1.932292e+01  5.776886e-02 
 1.932331e+01  5.701474e-02 
 1.932371e+01  5.624592e-02 
 1.932411e+01  5.543500e-02 
 1.932451e+01  5.459124e-02 
 1.932491e+01  5.373384e-02 
 1.932530e+01  5.285841e-02 
 1.932570e+01  5.195587e-02 
 1.932610e+01  5.104702e-02 
 1.932650e+01  5.012314e-02 
 1.932689e+01  4.916201e-02 
 1.932729e+01  4.817319e-02 
 1.932769e+01  4.717241e-02 
 1.932809e+01  4.614386e-02 
 1.932848e+01  4.510328e-02 
 1.932888e+01  4.404294e-02 
 1.932928e+01  4.295975e-02 
 1.932968e+01  4.184926e-02 
 1.933008e+01  4.072446e-02 
 1.933047e+01  3.959706e-02 
 1.933087e+01  3.844698e-02 
 1.933127e+01  3.728125e-02 
 1.933167e+01  3.611496e-02 
 1.933206e+01  3.492450e-02 
 1.933246e+01  3.371300e-02 
 1.933286e+01  3.249313e-02 
 1.933326e+01  3.126827e-02 
 1.933365e+01  3.002547e-02 
 1.933405e+01  2.876931e-02 
 1.933445e+01  2.750574e-02 
 1.933485e+01  2.623522e-02 
 1.933525e+01  2.496985e-02 
 1.933564e+01  2.371553e-02 
 1.933604e+01  2.246358e-02 
 1.933644e+01  2.120473e-02 
 1.933684e+01  1.995446e-02 
 1.933723e+01  1.871092e-02 
 1.933763e+01  1.746472e-02 
 1.933803e+01  1.622733e-02 
 1.933843e+01  1.500305e-02 
 1.933882e+01  1.377621e-02 
 1.933922e+01  1.254502e-02 
 1.933962e+01  1.131545e-02 
 1.934002e+01  1.010694e-02 
 1.934042e+01  8.897648e-03 
 1.934081e+01  7.709087e-03 
 1.934121e+01  6.531831e-03 
 1.934161e+01  5.349951e-03 
 1.934201e+01  4.182710e-03 
 1.934240e+01  3.018570e-03 
 1.934280e+01  1.867478e-03 
 1.934320e+01  7.240240e-04 
 1.934360e+01 -4.041529e-04 
 1.934399e+01 -1.514543e-03 
 1.934439e+01 -2.616485e-03 
 1.934479e+01 -3.696768e-03 
 1.934519e+01 -4.742075e-03 
 1.934559e+01 -5.785315e-03 
 1.934598e+01 -6.804541e-03 
 1.934638e+01 -7.819474e-03 
 1.934678e+01 -8.829452e-03 
 1.934718e+01 -9.813494e-03 
 1.934757e+01 -1.078783e-02 
 1.934797e+01 -1.173409e-02 
 1.934837e+01 -1.268356e-02 
 1.934877e+01 -1.360002e-02 
 1.934916e+01 -1.450337e-02 
 1.934956e+01 -1.538266e-02 
 1.934996e+01 -1.624236e-02 
 1.935036e+01 -1.706647e-02 
 1.935076e+01 -1.788291e-02 
 1.935115e+01 -1.867763e-02 
 1.935155e+01 -1.945376e-02 
 1.935195e+01 -2.020628e-02 
 1.935235e+01 -2.094473e-02 
 1.935274e+01 -2.163784e-02 
 1.935314e+01 -2.232434e-02 
 1.935354e+01 -2.298490e-02 
 1.935394e+01 -2.360519e-02 
 1.935433e+01 -2.418751e-02 
 1.935473e+01 -2.475300e-02 
 1.935513e+01 -2.528339e-02 
 1.935553e+01 -2.577953e-02 
 1.935593e+01 -2.626860e-02 
 1.935632e+01 -2.672070e-02 
 1.935672e+01 -2.714617e-02 
 1.935712e+01 -2.752921e-02 
 1.935752e+01 -2.788750e-02 
 1.935791e+01 -2.821624e-02 
 1.935831e+01 -2.851975e-02 
 1.935871e+01 -2.880734e-02 
 1.935911e+01 -2.904512e-02 
 1.935951e+01 -2.925425e-02 
 1.935990e+01 -2.943778e-02 
 1.936030e+01 -2.958733e-02 
 1.936070e+01 -2.972188e-02 
 1.936110e+01 -2.982118e-02 
 1.936149e+01 -2.988860e-02 
 1.936189e+01 -2.992652e-02 
 1.936229e+01 -2.992668e-02 
 1.936269e+01 -2.990774e-02 
 1.936308e+01 -2.986110e-02 
 1.936348e+01 -2.977034e-02 
 1.936388e+01 -2.964891e-02 
 1.936428e+01 -2.948038e-02 
 1.936468e+01 -2.927838e-02 
 1.936507e+01 -2.905330e-02 
 1.936547e+01 -2.879436e-02 
 1.936587e+01 -2.850113e-02 
 1.936627e+01 -2.817126e-02 
 1.936666e+01 -2.780271e-02 
 1.936706e+01 -2.740581e-02 
 1.936746e+01 -2.698253e-02 
 1.936786e+01 -2.653080e-02 
 1.936825e+01 -2.605290e-02 
 1.936865e+01 -2.553820e-02 
 1.936905e+01 -2.498513e-02 
 1.936945e+01 -2.439457e-02 
 1.936985e+01 -2.377776e-02 
 1.937024e+01 -2.313407e-02 
 1.937064e+01 -2.246046e-02 
 1.937104e+01 -2.175739e-02 
 1.937144e+01 -2.101541e-02 
 1.937183e+01 -2.024376e-02 
 1.937223e+01 -1.946460e-02 
 1.937263e+01 -1.864839e-02 
 1.937303e+01 -1.781974e-02 
 1.937342e+01 -1.695772e-02 
 1.937382e+01 -1.606066e-02 
 1.937422e+01 -1.515147e-02 
 1.937462e+01 -1.422339e-02 
 1.937502e+01 -1.327585e-02 
 1.937541e+01 -1.231748e-02 
 1.937581e+01 -1.133798e-02 
 1.937621e+01 -1.032880e-02 
 1.937661e+01 -9.298216e-03 
 1.937700e+01 -8.271165e-03 
 1.937740e+01 -7.243444e-03 
 1.937780e+01 -6.189017e-03 
 1.937820e+01 -5.136128e-03 
 1.937859e+01 -4.054868e-03 
 1.937899e+01 -2.963585e-03 
 1.937939e+01 -1.867388e-03 
 1.937979e+01 -7.682178e-04 
 1.938019e+01  3.442968e-04 
 1.938058e+01  1.471004e-03 
 1.938098e+01  2.600983e-03 
 1.938138e+01  3.752805e-03 
 1.938178e+01  4.902943e-03 
 1.938217e+01  6.057866e-03 
 1.938257e+01  7.212006e-03 
 1.938297e+01  8.384220e-03 
 1.938337e+01  9.568510e-03 
 1.938376e+01  1.075627e-02 
 1.938416e+01  1.195770e-02 
 1.938456e+01  1.315766e-02 
 1.938496e+01  1.436212e-02 
 1.938536e+01  1.557204e-02 
 1.938575e+01  1.679903e-02 
 1.938615e+01  1.802306e-02 
 1.938655e+01  1.924739e-02 
 1.938695e+01  2.046335e-02 
 1.938734e+01  2.168163e-02 
 1.938774e+01  2.289235e-02 
 1.938814e+01  2.411642e-02 
 1.938854e+01  2.533042e-02 
 1.938893e+01  2.655109e-02 
 1.938933e+01  2.776541e-02 
 1.938973e+01  2.896472e-02 
 1.939013e+01  3.017179e-02 
 1.939053e+01  3.137829e-02 
 1.939092e+01  3.257829e-02 
 1.939132e+01  3.376315e-02 
 1.939172e+01  3.493971e-02 
 1.939212e+01  3.610036e-02 
 1.939251e+01  3.724251e-02 
 1.939291e+01  3.838434e-02 
 1.939331e+01  3.952080e-02 
 1.939371e+01  4.064748e-02 
 1.939410e+01  4.175653e-02 
 1.939450e+01  4.284678e-02 
 1.939490e+01  4.391983e-02 
 1.939530e+01  4.498833e-02 
 1.939570e+01  4.605241e-02 
 1.939609e+01  4.707829e-02 
 1.939649e+01  4.807998e-02 
 1.939689e+01  4.906255e-02 
 1.939729e+01  5.002870e-02 
 1.939768e+01  5.097238e-02 
 1.939808e+01  5.190735e-02 
 1.939848e+01  5.282087e-02 
 1.939888e+01  5.370084e-02 
 1.939927e+01  5.455918e-02 
 1.939967e+01  5.540792e-02 
 1.940007e+01  5.623372e-02 
 1.940047e+01  5.704193e-02 
 1.940087e+01  5.782594e-02 
 1.940126e+01  5.857625e-02 
 1.940166e+01  5.928710e-02 
 1.940206e+01  5.997956e-02 
 1.940246e+01  6.065344e-02 
 1.940285e+01  6.129449e-02 
 1.940325e+01  6.191965e-02 
 1.940365e+01  6.250595e-02 
 1.940405e+01  6.306119e-02 
 1.940444e+01  6.359615e-02 
 1.940484e+01  6.411410e-02 
 1.940524e+01  6.460697e-02 
 1.940564e+01  6.507136e-02 
 1.940604e+01  6.549358e-02 
 1.940643e+01  6.587469e-02 
 1.940683e+01  6.621663e-02 
 1.940723e+01  6.652975e-02 
 1.940763e+01  6.679726e-02 
 1.940802e+01  6.703340e-02 
 1.940842e+01  6.722100e-02 
 1.940882e+01  6.738091e-02 
 1.940922e+01  6.751340e-02 
 1.940961e+01  6.762265e-02 
 1.941001e+01  6.769311e-02 
 1.941041e+01  6.773668e-02 
 1.941081e+01  6.773792e-02 
 1.941121e+01  6.770393e-02 
 1.941160e+01  6.762521e-02 
 1.941200e+01  6.752011e-02 
 1.941240e+01  6.738491e-02 
 1.941280e+01  6.722080e-02 
 1.941319e+01  6.702687e-02 
 1.941359e+01  6.680644e-02 
 1.941399e+01  6.656501e-02 
 1.941439e+01  6.630340e-02 
 1.941478e+01  6.601826e-02 
 1.941518e+01  6.568667e-02 
 1.941558e+01  6.532952e-02 
 1.941598e+01  6.494058e-02 
 1.941638e+01  6.450898e-02 
 1.941677e+01  6.405107e-02 
 1.941717e+01  6.357470e-02 
 1.941757e+01  6.306453e-02 
 1.941797e+01  6.253188e-02 
 1.941836e+01  6.199203e-02 
 1.941876e+01  6.142095e-02 
 1.941916e+01  6.083271e-02 
 1.941956e+01  6.023164e-02 
 1.941995e+01  5.959397e-02 
 1.942035e+01  5.893249e-02 
 1.942075e+01  5.823595e-02 
 1.942115e+01  5.752055e-02 
 1.942155e+01  5.677819e-02 
 1.942194e+01  5.602162e-02 
 1.942234e+01  5.524296e-02 
 1.942274e+01  5.443611e-02 
 1.942314e+01  5.361489e-02 
 1.942353e+01  5.278966e-02 
 1.942393e+01  5.193089e-02 
 1.942433e+01  5.106499e-02 
 1.942473e+01  5.017201e-02 
 1.942512e+01  4.924218e-02 
 1.942552e+01  4.828565e-02 
 1.942592e+01  4.731024e-02 
 1.942632e+01  4.631700e-02 
 1.942672e+01  4.529593e-02 
 1.942711e+01  4.425315e-02 
 1.942751e+01  4.318734e-02 
 1.942791e+01  4.211220e-02 
 1.942831e+01  4.102351e-02 
 1.942870e+01  3.992278e-02 
 1.942910e+01  3.879968e-02 
 1.942950e+01  3.767607e-02 
 1.942990e+01  3.652256e-02 
 1.943029e+01  3.535039e-02 
 1.943069e+01  3.416163e-02 
 1.943109e+01  3.296111e-02 
 1.943149e+01  3.175939e-02 
 1.943189e+01  3.053900e-02 
 1.943228e+01  2.932445e-02 
 1.943268e+01  2.809959e-02 
 1.943308e+01  2.688381e-02 
 1.943348e+01  2.567547e-02 
 1.943387e+01  2.445905e-02 
 1.943427e+01  2.322203e-02 
 1.943467e+01  2.198833e-02 
 1.943507e+01  2.073575e-02 
 1.943546e+01  1.947433e-02 
 1.943586e+01  1.820592e-02 
 1.943626e+01  1.693738e-02 
 1.943666e+01  1.566503e-02 
 1.943706e+01  1.439606e-02 
 1.943745e+01  1.313632e-02 
 1.943785e+01  1.189254e-02 
 1.943825e+01  1.065421e-02 
 1.943865e+01  9.430313e-03 
 1.943904e+01  8.207451e-03 
 1.943944e+01  6.992326e-03 
 1.943984e+01  5.768899e-03 
 1.944024e+01  4.554505e-03 
 1.944063e+01  3.351458e-03 
 1.944103e+01  2.157132e-03 
 1.944143e+01  9.731309e-04 
 1.944183e+01 -1.832166e-04 
 1.944223e+01 -1.322248e-03 
 1.944262e+01 -2.455210e-03 
 1.944302e+01 -3.548448e-03 
 1.944342e+01 -4.633017e-03 
 1.944382e+01 -5.708783e-03 
 1.944421e+01 -6.783532e-03 
 1.944461e+01 -7.826882e-03 
 1.944501e+01 -8.862136e-03 
 1.944541e+01 -9.871239e-03 
 1.944580e+01 -1.086744e-02 
 1.944620e+01 -1.184270e-02 
 1.944660e+01 -1.280796e-02 
 1.944700e+01 -1.373895e-02 
 1.944740e+01 -1.464243e-02 
 1.944779e+01 -1.552205e-02 
 1.944819e+01 -1.637592e-02 
 1.944859e+01 -1.719296e-02 
 1.944899e+01 -1.799555e-02 
 1.944938e+01 -1.878667e-02 
 1.944978e+01 -1.954237e-02 
 1.945018e+01 -2.026134e-02 
 1.945058e+01 -2.096110e-02 
 1.945098e+01 -2.164195e-02 
 1.945137e+01 -2.227967e-02 
 1.945177e+01 -2.290845e-02 
 1.945217e+01 -2.349201e-02 
 1.945257e+01 -2.403811e-02 
 1.945296e+01 -2.456881e-02 
 1.945336e+01 -2.506813e-02 
 1.945376e+01 -2.555174e-02 
 1.945416e+01 -2.600201e-02 
 1.945455e+01 -2.643866e-02 
 1.945495e+01 -2.684145e-02 
 1.945535e+01 -2.721343e-02 
 1.945575e+01 -2.757906e-02 
 1.945615e+01 -2.791511e-02 
 1.945654e+01 -2.822360e-02 
 1.945694e+01 -2.849701e-02 
 1.945734e+01 -2.872955e-02 
 1.945774e+01 -2.893291e-02 
 1.945813e+01 -2.911144e-02 
 1.945853e+01 -2.926115e-02 
 1.945893e+01 -2.939883e-02 
 1.945933e+01 -2.950050e-02 
 1.945972e+01 -2.957398e-02 
 1.946012e+01 -2.960750e-02 
 1.946052e+01 -2.961803e-02 
 1.946092e+01 -2.960409e-02 
 1.946132e+01 -2.954866e-02 
 1.946171e+01 -2.946788e-02 
 1.946211e+01 -2.935115e-02 
 1.946251e+01 -2.920006e-02 
 1.946291e+01 -2.902583e-02 
 1.946330e+01 -2.883323e-02 
 1.946370e+01 -2.861162e-02 
 1.946410e+01 -2.834632e-02 
 1.946450e+01 -2.804752e-02 
 1.946489e+01 -2.772543e-02 
 1.946529e+01 -2.736593e-02 
 1.946569e+01 -2.697300e-02 
 1.946609e+01 -2.656300e-02 
 1.946649e+01 -2.611203e-02 
 1.946688e+01 -2.562362e-02 
 1.946728e+01 -2.510231e-02 
 1.946768e+01 -2.453820e-02 
 1.946808e+01 -2.396655e-02 
 1.946847e+01 -2.336226e-02 
 1.946887e+01 -2.272436e-02 
 1.946927e+01 -2.205081e-02 
 1.946967e+01 -2.134078e-02 
 1.947006e+01 -2.061098e-02 
 1.947046e+01 -1.986114e-02 
 1.947086e+01 -1.908661e-02 
 1.947126e+01 -1.828639e-02 
 1.947166e+01 -1.744912e-02 
 1.947205e+01 -1.660235e-02 
 1.947245e+01 -1.571990e-02 
 1.947285e+01 -1.482052e-02 
 1.947325e+01 -1.390073e-02 
 1.947364e+01 -1.294642e-02 
 1.947404e+01 -1.195829e-02 
 1.947444e+01 -1.096123e-02 
 1.947484e+01 -9.952134e-03 
 1.947523e+01 -8.931668e-03 
 1.947563e+01 -7.896593e-03 
 1.947603e+01 -6.852242e-03 
 1.947643e+01 -5.776573e-03 
 1.947683e+01 -4.684090e-03 
 1.947722e+01 -3.582478e-03 
 1.947762e+01 -2.460913e-03 
 1.947802e+01 -1.321805e-03 
 1.947842e+01 -1.738875e-04 
 1.947881e+01  9.976035e-04 
 1.947921e+01  2.182242e-03 
 1.947961e+01  3.373666e-03 
 1.948001e+01  4.562920e-03 
 1.948040e+01  5.762520e-03 
 1.948080e+01  6.974098e-03 
 1.948120e+01  8.189968e-03 
 1.948160e+01  9.411538e-03 
 1.948200e+01  1.063354e-02 
 1.948239e+01  1.185970e-02 
 1.948279e+01  1.308861e-02 
 1.948319e+01  1.433145e-02 
 1.948359e+01  1.557173e-02 
 1.948398e+01  1.681076e-02 
 1.948438e+01  1.804048e-02 
 1.948478e+01  1.926982e-02 
 1.948518e+01  2.048189e-02 
 1.948557e+01  2.169749e-02 
 1.948597e+01  2.290918e-02 
 1.948637e+01  2.413418e-02 
 1.948677e+01  2.534280e-02 
 1.948717e+01  2.654839e-02 
 1.948756e+01  2.774361e-02 
 1.948796e+01  2.893623e-02 
 1.948836e+01  3.012611e-02 
 1.948876e+01  3.131345e-02 
 1.948915e+01  3.248850e-02 
 1.948955e+01  3.364901e-02 
 1.948995e+01  3.479646e-02 
 1.949035e+01  3.592659e-02 
 1.949074e+01  3.704993e-02 
 1.949114e+01  3.816866e-02 
 1.949154e+01  3.926550e-02 
 1.949194e+01  4.034896e-02 
 1.949234e+01  4.142281e-02 
 1.949273e+01  4.248724e-02 
 1.949313e+01  4.354885e-02 
 1.949353e+01  4.459622e-02 
 1.949393e+01  4.563264e-02 
 1.949432e+01  4.664012e-02 
 1.949472e+01  4.761906e-02 
 1.949512e+01  4.859209e-02 
 1.949552e+01  4.954337e-02 
 1.949591e+01  5.048672e-02 
 1.949631e+01  5.140707e-02 
 1.949671e+01  5.231677e-02 
 1.949711e+01  5.319006e-02 
 1.949751e+01  5.404984e-02 
 1.949790e+01  5.490168e-02 
 1.949830e+01  5.572601e-02 
 1.949870e+01  5.653685e-02 
 1.949910e+01  5.731978e-02 
 1.949949e+01  5.807281e-02 
 1.949989e+01  5.879534e-02 
 1.950029e+01  5.951013e-02 
 1.950069e+01  6.019749e-02 
 1.950108e+01  6.085577e-02 
 1.950148e+01  6.149183e-02 
 1.950188e+01  6.210356e-02 
 1.950228e+01  6.268260e-02 
 1.950268e+01  6.323736e-02 
 1.950307e+01  6.376057e-02 
 1.950347e+01  6.426482e-02 
 1.950387e+01  6.471908e-02 
 1.950427e+01  6.512970e-02 
 1.950466e+01  6.552529e-02 
 1.950506e+01  6.587466e-02 
 1.950546e+01  6.622119e-02 
 1.950586e+01  6.653498e-02 
 1.950625e+01  6.681447e-02 
 1.950665e+01  6.706186e-02 
 1.950705e+01  6.727801e-02 
 1.950745e+01  6.748106e-02 
 1.950785e+01  6.763291e-02 
 1.950824e+01  6.776754e-02 
 1.950864e+01  6.786346e-02 
 1.950904e+01  6.791365e-02 
 1.950944e+01  6.792489e-02 
 1.950983e+01  6.792311e-02 
 1.951023e+01  6.787539e-02 
 1.951063e+01  6.779529e-02 
 1.951103e+01  6.767966e-02 
 1.951142e+01  6.753228e-02 
 1.951182e+01  6.733642e-02 
 1.951222e+01  6.712841e-02 
 1.951262e+01  6.688612e-02 
 1.951302e+01  6.660235e-02 
 1.951341e+01  6.626876e-02 
 1.951381e+01  6.590093e-02 
 1.951421e+01  6.549428e-02 
 1.951461e+01  6.505512e-02 
 1.951500e+01  6.459190e-02 
 1.951540e+01  6.410169e-02 
 1.951580e+01  6.358107e-02 
 1.951620e+01  6.301796e-02 
 1.951659e+01  6.243973e-02 
 1.951699e+01  6.183566e-02 
 1.951739e+01  6.121094e-02 
 1.951779e+01  6.056042e-02 
 1.951819e+01  5.987824e-02 
 1.951858e+01  5.916610e-02 
 1.951898e+01  5.843120e-02 
 1.951938e+01  5.767930e-02 
 1.951978e+01  5.690416e-02 
 1.952017e+01  5.610037e-02 
 1.952057e+01  5.527748e-02 
 1.952097e+01  5.443901e-02 
 1.952137e+01  5.358247e-02 
 1.952176e+01  5.271873e-02 
 1.952216e+01  5.183283e-02 
 1.952256e+01  5.093446e-02 
 1.952296e+01  4.999426e-02 
 1.952336e+01  4.904119e-02 
 1.952375e+01  4.806674e-02 
 1.952415e+01  4.707843e-02 
 1.952455e+01  4.607719e-02 
 1.952495e+01  4.507267e-02 
 1.952534e+01  4.404621e-02 
 1.952574e+01  4.302448e-02 
 1.952614e+01  4.198466e-02 
 1.952654e+01  4.094326e-02 
 1.952693e+01  3.987261e-02 
 1.952733e+01  3.880539e-02 
 1.952773e+01  3.772028e-02 
 1.952813e+01  3.661724e-02 
 1.952853e+01  3.550462e-02 
 1.952892e+01  3.437745e-02 
 1.952932e+01  3.323147e-02 
 1.952972e+01  3.208266e-02 
 1.953012e+01  3.091657e-02 
 1.953051e+01  2.974423e-02 
 1.953091e+01  2.856823e-02 
 1.953131e+01  2.738168e-02 
 1.953171e+01  2.617599e-02 
 1.953210e+01  2.496271e-02 
 1.953250e+01  2.372509e-02 
 1.953290e+01  2.248506e-02 
 1.953330e+01  2.123989e-02 
 1.953370e+01  1.999308e-02 
 1.953409e+01  1.874535e-02 
 1.953449e+01  1.750534e-02 
 1.953489e+01  1.626725e-02 
 1.953529e+01  1.502385e-02 
 1.953568e+01  1.378410e-02 
 1.953608e+01  1.254445e-02 
 1.953648e+01  1.130965e-02 
 1.953688e+01  1.007742e-02 
 1.953727e+01  8.845872e-03 
 1.953767e+01  7.624882e-03 
 1.953807e+01  6.407091e-03 
 1.953847e+01  5.199940e-03 
 1.953887e+01  3.998171e-03 
 1.953926e+01  2.803702e-03 
 1.953966e+01  1.618850e-03 
 1.954006e+01  4.535323e-04 
 1.954046e+01 -7.063618e-04 
 1.954085e+01 -1.838465e-03 
 1.954125e+01 -2.963290e-03 
 1.954165e+01 -4.079264e-03 
 1.954205e+01 -5.186972e-03 
 1.954244e+01 -6.289488e-03 
 1.954284e+01 -7.370099e-03 
 1.954324e+01 -8.435019e-03 
 1.954364e+01 -9.466040e-03 
 1.954404e+01 -1.048963e-02 
 1.954443e+01 -1.149376e-02 
 1.954483e+01 -1.247596e-02 
 1.954523e+01 -1.342711e-02 
 1.954563e+01 -1.436103e-02 
 1.954602e+01 -1.526768e-02 
 1.954642e+01 -1.614765e-02 
 1.954682e+01 -1.700360e-02 
 1.954722e+01 -1.786529e-02 
 1.954762e+01 -1.867637e-02 
 1.954801e+01 -1.947126e-02 
 1.954841e+01 -2.023561e-02 
 1.954881e+01 -2.096937e-02 
 1.954921e+01 -2.167871e-02 
 1.954960e+01 -2.237357e-02 
 1.955000e+01 -2.301329e-02 
 1.955040e+01 -2.362398e-02 
 1.955080e+01 -2.420808e-02 
 1.955119e+01 -2.478695e-02 
 1.955159e+01 -2.532369e-02 
 1.955199e+01 -2.585056e-02 
 1.955239e+01 -2.634704e-02 
 1.955279e+01 -2.679339e-02 
 1.955318e+01 -2.719684e-02 
 1.955358e+01 -2.756972e-02 
 1.955398e+01 -2.791390e-02 
 1.955438e+01 -2.822512e-02 
 1.955477e+01 -2.849287e-02 
 1.955517e+01 -2.873089e-02 
 1.955557e+01 -2.892432e-02 
 1.955597e+01 -2.910750e-02 
 1.955636e+01 -2.926133e-02 
 1.955676e+01 -2.938649e-02 
 1.955716e+01 -2.947837e-02 
 1.955756e+01 -2.953413e-02 
 1.955796e+01 -2.955865e-02 
 1.955835e+01 -2.955165e-02 
 1.955875e+01 -2.952458e-02 
 1.955915e+01 -2.946826e-02 
 1.955955e+01 -2.938709e-02 
 1.955994e+01 -2.927008e-02 
 1.956034e+01 -2.912694e-02 
 1.956074e+01 -2.896418e-02 
 1.956114e+01 -2.878062e-02 
 1.956153e+01 -2.856795e-02 
 1.956193e+01 -2.832280e-02 
 1.956233e+01 -2.804319e-02 
 1.956273e+01 -2.773761e-02 
 1.956313e+01 -2.739000e-02 
 1.956352e+01 -2.703261e-02 
 1.956392e+01 -2.664291e-02 
 1.956432e+01 -2.623235e-02 
 1.956472e+01 -2.580172e-02 
 1.956511e+01 -2.533182e-02 
 1.956551e+01 -2.484284e-02 
 1.956591e+01 -2.432746e-02 
 1.956631e+01 -2.380087e-02 
 1.956670e+01 -2.323733e-02 
 1.956710e+01 -2.263776e-02 
 1.956750e+01 -2.200562e-02 
 1.956790e+01 -2.134984e-02 
 1.956830e+01 -2.067866e-02 
 1.956869e+01 -1.997138e-02 
 1.956909e+01 -1.923434e-02 
 1.956949e+01 -1.847579e-02 
 1.956989e+01 -1.768465e-02 
 1.957028e+01 -1.686779e-02 
 1.957068e+01 -1.604092e-02 
 1.957108e+01 -1.519294e-02 
 1.957148e+01 -1.432203e-02 
 1.957187e+01 -1.341280e-02 
 1.957227e+01 -1.248794e-02 
 1.957267e+01 -1.152026e-02 
 1.957307e+01 -1.054101e-02 
 1.957347e+01 -9.550768e-03 
 1.957386e+01 -8.510529e-03 
 1.957426e+01 -7.457567e-03 
 1.957466e+01 -6.391245e-03 
 1.957506e+01 -5.304163e-03 
 1.957545e+01 -4.203148e-03 
 1.957585e+01 -3.094399e-03 
 1.957625e+01 -1.969452e-03 
 1.957665e+01 -8.070207e-04 
 1.957704e+01  3.596637e-04 
 1.957744e+01  1.533116e-03 
 1.957784e+01  2.727417e-03 
 1.957824e+01  3.917823e-03 
 1.957864e+01  5.128755e-03 
 1.957903e+01  6.345076e-03 
 1.957943e+01  7.583626e-03 
 1.957983e+01  8.811387e-03 
 1.958023e+01  1.004141e-02 
 1.958062e+01  1.127934e-02 
 1.958102e+01  1.252339e-02 
 1.958142e+01  1.377747e-02 
 1.958182e+01  1.503541e-02 
 1.958221e+01  1.629714e-02 
 1.958261e+01  1.755816e-02 
 1.958301e+01  1.881162e-02 
 1.958341e+01  2.005814e-02 
 1.958381e+01  2.130934e-02 
 1.958420e+01  2.256522e-02 
 1.958460e+01  2.381698e-02 
 1.958500e+01  2.505231e-02 
 1.958540e+01  2.628889e-02 
 1.958579e+01  2.752510e-02 
 1.958619e+01  2.876110e-02 
 1.958659e+01  2.997591e-02 
 1.958699e+01  3.118810e-02 
 1.958738e+01  3.237881e-02 
 1.958778e+01  3.354740e-02 
 1.958818e+01  3.471712e-02 
 1.958858e+01  3.587524e-02 
 1.958898e+01  3.702574e-02 
 1.958937e+01  3.817065e-02 
 1.958977e+01  3.929569e-02 
 1.959017e+01  4.039731e-02 
 1.959057e+01  4.148181e-02 
 1.959096e+01  4.256307e-02 
 1.959136e+01  4.362355e-02 
 1.959176e+01  4.466432e-02 
 1.959216e+01  4.568059e-02 
 1.959255e+01  4.667523e-02 
 1.959295e+01  4.764536e-02 
 1.959335e+01  4.861348e-02 
 1.959375e+01  4.957185e-02 
 1.959415e+01  5.050536e-02 
 1.959454e+01  5.142007e-02 
 1.959494e+01  5.231528e-02 
 1.959534e+01  5.318818e-02 
 1.959574e+01  5.403473e-02 
 1.959613e+01  5.487719e-02 
 1.959653e+01  5.568050e-02 
 1.959693e+01  5.645246e-02 
 1.959733e+01  5.719106e-02 
 1.959772e+01  5.791602e-02 
 1.959812e+01  5.861645e-02 
 1.959852e+01  5.929680e-02 
 1.959892e+01  5.995402e-02 
 1.959932e+01  6.058084e-02 
 1.959971e+01  6.117246e-02 
 1.960011e+01  6.174914e-02 
 1.960051e+01  6.229954e-02 
 1.960091e+01  6.282778e-02 
 1.960130e+01  6.333034e-02 
 1.960170e+01  6.380493e-02 
 1.960210e+01  6.424440e-02 
 1.960250e+01  6.464327e-02 
 1.960289e+01  6.505013e-02 
 1.960329e+01  6.542095e-02 
 1.960369e+01  6.576200e-02 
 1.960409e+01  6.607646e-02 
 1.960449e+01  6.636987e-02 
 1.960488e+01  6.664028e-02 
 1.960528e+01  6.686774e-02 
 1.960568e+01  6.707927e-02 
 1.960608e+01  6.725063e-02 
 1.960647e+01  6.738789e-02 
 1.960687e+01  6.749384e-02 
 1.960727e+01  6.756802e-02 
 1.960767e+01  6.760060e-02 
 1.960806e+01  6.762201e-02 
 1.960846e+01  6.760941e-02 
 1.960886e+01  6.756708e-02 
 1.960926e+01  6.749146e-02 
 1.960966e+01  6.739375e-02 
 1.961005e+01  6.725020e-02 
 1.961045e+01  6.708128e-02 
 1.961085e+01  6.688653e-02 
 1.961125e+01  6.664080e-02 
 1.961164e+01  6.635783e-02 
 1.961204e+01  6.604819e-02 
 1.961244e+01  6.570643e-02 
 1.961284e+01  6.532930e-02 
 1.961323e+01  6.494709e-02 
 1.961363e+01  6.452401e-02 
 1.961403e+01  6.406112e-02 
 1.961443e+01  6.358426e-02 
 1.961483e+01  6.306155e-02 
 1.961522e+01  6.251292e-02 
 1.961562e+01  6.192268e-02 
 1.961602e+01  6.130273e-02 
 1.961642e+01  6.062656e-02 
 1.961681e+01  5.993591e-02 
 1.961721e+01  5.921522e-02 
 1.961761e+01  5.846480e-02 
 1.961801e+01  5.768856e-02 
 1.961840e+01  5.689313e-02 
 1.961880e+01  5.606142e-02 
 1.961920e+01  5.519882e-02 
 1.961960e+01  5.431821e-02 
 1.962000e+01  5.341504e-02 
 1.962039e+01  5.248229e-02 
 1.962079e+01  5.151686e-02 
 1.962119e+01  5.053001e-02 
 1.962159e+01  4.952469e-02 
 1.962198e+01  4.851713e-02 
 1.962238e+01  4.748746e-02 
 1.962278e+01  4.645933e-02 
 1.962318e+01  4.541117e-02 
 1.962357e+01  4.434807e-02 
 1.962397e+01  4.327259e-02 
 1.962437e+01  4.219060e-02 
 1.962477e+01  4.107788e-02 
 1.962517e+01  3.996682e-02 
 1.962556e+01  3.882825e-02 
 1.962596e+01  3.767454e-02 
 1.962636e+01  3.650404e-02 
 1.962676e+01  3.533704e-02 
 1.962715e+01  3.416097e-02 
 1.962755e+01  3.297889e-02 
 1.962795e+01  3.179730e-02 
 1.962835e+01  3.060700e-02 
 1.962874e+01  2.941558e-02 
 1.962914e+01  2.822712e-02 
 1.962954e+01  2.704239e-02 
 1.962994e+01  2.584800e-02 
 1.963034e+01  2.464523e-02 
 1.963073e+01  2.344565e-02 
 1.963113e+01  2.225335e-02 
 1.963153e+01  2.104895e-02 
 1.963193e+01  1.986506e-02 
 1.963232e+01  1.867839e-02 
 1.963272e+01  1.748838e-02 
 1.963312e+01  1.629730e-02 
 1.963352e+01  1.512196e-02 
 1.963391e+01  1.394050e-02 
 1.963431e+01  1.276979e-02 
 1.963471e+01  1.158783e-02 
 1.963511e+01  1.040406e-02 
 1.963551e+01  9.233212e-03 
 1.963590e+01  8.063101e-03 
 1.963630e+01  6.885100e-03 
 1.963670e+01  5.723692e-03 
 1.963710e+01  4.569617e-03 
 1.963749e+01  3.411722e-03 
 1.963789e+01  2.263859e-03 
 1.963829e+01  1.131889e-03 
 1.963869e+01  1.174651e-06 
 1.963909e+01 -1.121384e-03 
 1.963948e+01 -2.236704e-03 
 1.963988e+01 -3.356711e-03 
 1.964028e+01 -4.467058e-03 
 1.964068e+01 -5.553932e-03 
 1.964107e+01 -6.622471e-03 
 1.964147e+01 -7.683718e-03 
 1.964187e+01 -8.725150e-03 
 1.964227e+01 -9.751765e-03 
 1.964266e+01 -1.076429e-02 
 1.964306e+01 -1.175179e-02 
 1.964346e+01 -1.272683e-02 
 1.964386e+01 -1.367872e-02 
 1.964426e+01 -1.462101e-02 
 1.964465e+01 -1.554865e-02 
 1.964505e+01 -1.645461e-02 
 1.964545e+01 -1.734758e-02 
 1.964585e+01 -1.820627e-02 
 1.964624e+01 -1.903840e-02 
 1.964664e+01 -1.984782e-02 
 1.964704e+01 -2.062878e-02 
 1.964744e+01 -2.137854e-02 
 1.964783e+01 -2.210709e-02 
 1.964823e+01 -2.279487e-02 
 1.964863e+01 -2.346322e-02 
 1.964903e+01 -2.409238e-02 
 1.964943e+01 -2.471797e-02 
 1.964982e+01 -2.529077e-02 
 1.965022e+01 -2.583710e-02 
 1.965062e+01 -2.633768e-02 
 1.965102e+01 -2.681341e-02 
 1.965141e+01 -2.724414e-02 
 1.965181e+01 -2.765922e-02 
 1.965221e+01 -2.803733e-02 
 1.965261e+01 -2.838209e-02 
 1.965300e+01 -2.869378e-02 
 1.965340e+01 -2.896795e-02 
 1.965380e+01 -2.921693e-02 
 1.965420e+01 -2.943500e-02 
 1.965460e+01 -2.962017e-02 
 1.965499e+01 -2.976592e-02 
 1.965539e+01 -2.989625e-02 
 1.965579e+01 -2.997722e-02 
 1.965619e+01 -3.002329e-02 
 1.965658e+01 -3.003954e-02 
 1.965698e+01 -3.003046e-02 
 1.965738e+01 -2.997768e-02 
 1.965778e+01 -2.989067e-02 
 1.965817e+01 -2.977148e-02 
 1.965857e+01 -2.962139e-02 
 1.965897e+01 -2.944233e-02 
 1.965937e+01 -2.923360e-02 
 1.965977e+01 -2.899847e-02 
 1.966016e+01 -2.872077e-02 
 1.966056e+01 -2.840648e-02 
 1.966096e+01 -2.806509e-02 
 1.966136e+01 -2.770224e-02 
 1.966175e+01 -2.730491e-02 
 1.966215e+01 -2.687515e-02 
 1.966255e+01 -2.641200e-02 
 1.966295e+01 -2.591370e-02 
 1.966334e+01 -2.539316e-02 
 1.966374e+01 -2.484582e-02 
 1.966414e+01 -2.428533e-02 
 1.966454e+01 -2.370147e-02 
 1.966494e+01 -2.308547e-02 
 1.966533e+01 -2.243581e-02 
 1.966573e+01 -2.176586e-02 
 1.966613e+01 -2.108338e-02 
 1.966653e+01 -2.037862e-02 
 1.966692e+01 -1.965189e-02 
 1.966732e+01 -1.888963e-02 
 1.966772e+01 -1.812499e-02 
 1.966812e+01 -1.732814e-02 
 1.966851e+01 -1.651655e-02 
 1.966891e+01 -1.569589e-02 
 1.966931e+01 -1.484986e-02 
 1.966971e+01 -1.396674e-02 
 1.967011e+01 -1.306341e-02 
 1.967050e+01 -1.215639e-02 
 1.967090e+01 -1.122837e-02 
 1.967130e+01 -1.029661e-02 
 1.967170e+01 -9.352866e-03 
 1.967209e+01 -8.387639e-03 
 1.967249e+01 -7.398542e-03 
 1.967289e+01 -6.406523e-03 
 1.967329e+01 -5.391677e-03 
 1.967368e+01 -4.354830e-03 
 1.967408e+01 -3.309490e-03 
 1.967448e+01 -2.243005e-03 
 1.967488e+01 -1.141610e-03 
 1.967528e+01 -3.905192e-05 
 1.967567e+01  1.067255e-03 
 1.967607e+01  2.186416e-03 
 1.967647e+01  3.318241e-03 
 1.967687e+01  4.458148e-03 
 1.967726e+01  5.635878e-03 
 1.967766e+01  6.826837e-03 
 1.967806e+01  8.015024e-03 
 1.967846e+01  9.219047e-03 
 1.967885e+01  1.045615e-02 
 1.967925e+01  1.169293e-02 
 1.967965e+01  1.294520e-02 
 1.968005e+01  1.420412e-02 
 1.968045e+01  1.546386e-02 
 1.968084e+01  1.670504e-02 
 1.968124e+01  1.796517e-02 
 1.968164e+01  1.923080e-02 
 1.968204e+01  2.049492e-02 
 1.968243e+01  2.178255e-02 
 1.968283e+01  2.306491e-02 
 1.968323e+01  2.433765e-02 
 1.968363e+01  2.560574e-02 
 1.968402e+01  2.689205e-02 
 1.968442e+01  2.815471e-02 
 1.968482e+01  2.940823e-02 
 1.968522e+01  3.065585e-02 
 1.968562e+01  3.188868e-02 
 1.968601e+01  3.309251e-02 
 1.968641e+01  3.430833e-02 
 1.968681e+01  3.551566e-02 
 1.968721e+01  3.670364e-02 
 1.968760e+01  3.787746e-02 
 1.968800e+01  3.902794e-02 
 1.968840e+01  4.016723e-02 
 1.968880e+01  4.128816e-02 
 1.968919e+01  4.241677e-02 
 1.968959e+01  4.351458e-02 
 1.968999e+01  4.458805e-02 
 1.969039e+01  4.564118e-02 
 1.969079e+01  4.667609e-02 
 1.969118e+01  4.768078e-02 
 1.969158e+01  4.867889e-02 
 1.969198e+01  4.965301e-02 
 1.969238e+01  5.061125e-02 
 1.969277e+01  5.153705e-02 
 1.969317e+01  5.244284e-02 
 1.969357e+01  5.331909e-02 
 1.969397e+01  5.418024e-02 
 1.969436e+01  5.501419e-02 
 1.969476e+01  5.581104e-02 
 1.969516e+01  5.658214e-02 
 1.969556e+01  5.732628e-02 
 1.969596e+01  5.804539e-02 
 1.969635e+01  5.874676e-02 
 1.969675e+01  5.941791e-02 
 1.969715e+01  6.006126e-02 
 1.969755e+01  6.068778e-02 
 1.969794e+01  6.129938e-02 
 1.969834e+01  6.187524e-02 
 1.969874e+01  6.244499e-02 
 1.969914e+01  6.296627e-02 
 1.969953e+01  6.346092e-02 
 1.969993e+01  6.391152e-02 
 1.970033e+01  6.433754e-02 
 1.970073e+01  6.471923e-02 
 1.970113e+01  6.508880e-02 
 1.970152e+01  6.543199e-02 
 1.970192e+01  6.574212e-02 
 1.970232e+01  6.602499e-02 
 1.970272e+01  6.629161e-02 
 1.970311e+01  6.651568e-02 
 1.970351e+01  6.670489e-02 
 1.970391e+01  6.687625e-02 
 1.970431e+01  6.700500e-02 
 1.970470e+01  6.709806e-02 
 1.970510e+01  6.717200e-02 
 1.970550e+01  6.721453e-02 
 1.970590e+01  6.722996e-02 
 1.970630e+01  6.723136e-02 
 1.970669e+01  6.719581e-02 
 1.970709e+01  6.712178e-02 
 1.970749e+01  6.703424e-02 
 1.970789e+01  6.692900e-02 
 1.970828e+01  6.679079e-02 
 1.970868e+01  6.662283e-02 
 1.970908e+01  6.643479e-02 
 1.970948e+01  6.620208e-02 
 1.970987e+01  6.593869e-02 
 1.971027e+01  6.565661e-02 
 1.971067e+01  6.535418e-02 
 1.971107e+01  6.502153e-02 
 1.971147e+01  6.466371e-02 
 1.971186e+01  6.427251e-02 
 1.971226e+01  6.383731e-02 
 1.971266e+01  6.337673e-02 
 1.971306e+01  6.290247e-02 
 1.971345e+01  6.239102e-02 
 1.971385e+01  6.183977e-02 
 1.971425e+01  6.126667e-02 
 1.971465e+01  6.065285e-02 
 1.971504e+01  6.001910e-02 
 1.971544e+01  5.936191e-02 
 1.971584e+01  5.866696e-02 
 1.971624e+01  5.794476e-02 
 1.971664e+01  5.720553e-02 
 1.971703e+01  5.642873e-02 
 1.971743e+01  5.563597e-02 
 1.971783e+01  5.482383e-02 
 1.971823e+01  5.399005e-02 
 1.971862e+01  5.312285e-02 
 1.971902e+01  5.221802e-02 
 1.971942e+01  5.128936e-02 
 1.971982e+01  5.033326e-02 
 1.972021e+01  4.935773e-02 
 1.972061e+01  4.836898e-02 
 1.972101e+01  4.734731e-02 
 1.972141e+01  4.630683e-02 
 1.972181e+01  4.523992e-02 
 1.972220e+01  4.415234e-02 
 1.972260e+01  4.304259e-02 
 1.972300e+01  4.191783e-02 
 1.972340e+01  4.078103e-02 
 1.972379e+01  3.960889e-02 
 1.972419e+01  3.843624e-02 
 1.972459e+01  3.725175e-02 
 1.972499e+01  3.606899e-02 
 1.972538e+01  3.486554e-02 
 1.972578e+01  3.365702e-02 
 1.972618e+01  3.244175e-02 
 1.972658e+01  3.121201e-02 
 1.972698e+01  2.998742e-02 
 1.972737e+01  2.875527e-02 
 1.972777e+01  2.750617e-02 
 1.972817e+01  2.625257e-02 
 1.972857e+01  2.500212e-02 
 1.972896e+01  2.374050e-02 
 1.972936e+01  2.248858e-02 
 1.972976e+01  2.124577e-02 
 1.973016e+01  2.000774e-02 
 1.973056e+01  1.876579e-02 
 1.973095e+01  1.752512e-02 
 1.973135e+01  1.628980e-02 
 1.973175e+01  1.504680e-02 
 1.973215e+01  1.380808e-02 
 1.973254e+01  1.258159e-02 
 1.973294e+01  1.134961e-02 
 1.973334e+01  1.013031e-02 
 1.973374e+01  8.925479e-03 
 1.973413e+01  7.740866e-03 
 1.973453e+01  6.564088e-03 
 1.973493e+01  5.400896e-03 
 1.973533e+01  4.248215e-03 
 1.973573e+01  3.109949e-03 
 1.973612e+01  1.968408e-03 
 1.973652e+01  8.580092e-04 
 1.973692e+01 -2.314566e-04 
 1.973732e+01 -1.320758e-03 
 1.973771e+01 -2.390822e-03 
 1.973811e+01 -3.444841e-03 
 1.973851e+01 -4.491285e-03 
 1.973891e+01 -5.525137e-03 
 1.973930e+01 -6.522570e-03 
 1.973970e+01 -7.522575e-03 
 1.974010e+01 -8.513855e-03 
 1.974050e+01 -9.483307e-03 
 1.974090e+01 -1.044106e-02 
 1.974129e+01 -1.139632e-02 
 1.974169e+01 -1.232364e-02 
 1.974209e+01 -1.323104e-02 
 1.974249e+01 -1.413156e-02 
 1.974288e+01 -1.501926e-02 
 1.974328e+01 -1.586953e-02 
 1.974368e+01 -1.670865e-02 
 1.974408e+01 -1.752353e-02 
 1.974447e+01 -1.831839e-02 
 1.974487e+01 -1.910291e-02 
 1.974527e+01 -1.987320e-02 
 1.974567e+01 -2.060724e-02 
 1.974607e+01 -2.131198e-02 
 1.974646e+01 -2.200290e-02 
 1.974686e+01 -2.266857e-02 
 1.974726e+01 -2.330540e-02 
 1.974766e+01 -2.393863e-02 
 1.974805e+01 -2.453440e-02 
 1.974845e+01 -2.509765e-02 
 1.974885e+01 -2.564666e-02 
 1.974925e+01 -2.615585e-02 
 1.974964e+01 -2.664696e-02 
 1.975004e+01 -2.711046e-02 
 1.975044e+01 -2.754008e-02 
 1.975084e+01 -2.793475e-02 
 1.975124e+01 -2.830628e-02 
 1.975163e+01 -2.865238e-02 
 1.975203e+01 -2.896478e-02 
 1.975243e+01 -2.923455e-02 
 1.975283e+01 -2.947994e-02 
 1.975322e+01 -2.967275e-02 
 1.975362e+01 -2.983663e-02 
 1.975402e+01 -2.997923e-02 
 1.975442e+01 -3.008065e-02 
 1.975481e+01 -3.015036e-02 
 1.975521e+01 -3.019100e-02 
 1.975561e+01 -3.019599e-02 
 1.975601e+01 -3.015456e-02 
 1.975641e+01 -3.008646e-02 
 1.975680e+01 -2.998800e-02 
 1.975720e+01 -2.985578e-02 
 1.975760e+01 -2.967303e-02 
 1.975800e+01 -2.946722e-02 
 1.975839e+01 -2.921377e-02 
 1.975879e+01 -2.892531e-02 
 1.975919e+01 -2.860556e-02 
 1.975959e+01 -2.825774e-02 
 1.975998e+01 -2.787920e-02 
 1.976038e+01 -2.747124e-02 
 1.976078e+01 -2.702946e-02 
 1.976118e+01 -2.656022e-02 
 1.976158e+01 -2.605083e-02 
 1.976197e+01 -2.553500e-02 
 1.976237e+01 -2.497053e-02 
 1.976277e+01 -2.436911e-02 
 1.976317e+01 -2.372900e-02 
 1.976356e+01 -2.307646e-02 
 1.976396e+01 -2.239112e-02 
 1.976436e+01 -2.168123e-02 
 1.976476e+01 -2.095811e-02 
 1.976515e+01 -2.020024e-02 
 1.976555e+01 -1.939404e-02 
 1.976595e+01 -1.857970e-02 
 1.976635e+01 -1.774823e-02 
 1.976675e+01 -1.688309e-02 
 1.976714e+01 -1.601117e-02 
 1.976754e+01 -1.511341e-02 
 1.976794e+01 -1.418117e-02 
 1.976834e+01 -1.322998e-02 
 1.976873e+01 -1.228472e-02 
 1.976913e+01 -1.131260e-02 
 1.976953e+01 -1.034152e-02 
 1.976993e+01 -9.342764e-03 
 1.977032e+01 -8.324193e-03 
 1.977072e+01 -7.290245e-03 
 1.977112e+01 -6.256886e-03 
 1.977152e+01 -5.202897e-03 
 1.977192e+01 -4.134977e-03 
 1.977231e+01 -3.049983e-03 
 1.977271e+01 -1.952738e-03 
 1.977311e+01 -8.283635e-04 
 1.977351e+01  2.741536e-04 
 1.977390e+01  1.383337e-03 
 1.977430e+01  2.495800e-03 
 1.977470e+01  3.635548e-03 
 1.977510e+01  4.782503e-03 
 1.977549e+01  5.935695e-03 
 1.977589e+01  7.093483e-03 
 1.977629e+01  8.246350e-03 
 1.977669e+01  9.417497e-03 
 1.977709e+01  1.059133e-02 
 1.977748e+01  1.177363e-02 
 1.977788e+01  1.296554e-02 
 1.977828e+01  1.415452e-02 
 1.977868e+01  1.534626e-02 
 1.977907e+01  1.652751e-02 
 1.977947e+01  1.772652e-02 
 1.977987e+01  1.891911e-02 
 1.978027e+01  2.012752e-02 
 1.978066e+01  2.132684e-02 
 1.978106e+01  2.253788e-02 
 1.978146e+01  2.374327e-02 
 1.978186e+01  2.495208e-02 
 1.978226e+01  2.616583e-02 
 1.978265e+01  2.738788e-02 
 1.978305e+01  2.857862e-02 
 1.978345e+01  2.977712e-02 
 1.978385e+01  3.096631e-02 
 1.978424e+01  3.215379e-02 
 1.978464e+01  3.334246e-02 
 1.978504e+01  3.454535e-02 
 1.978544e+01  3.574441e-02 
 1.978583e+01  3.691278e-02 
 1.978623e+01  3.809420e-02 
 1.978663e+01  3.926271e-02 
 1.978703e+01  4.041881e-02 
 1.978743e+01  4.156451e-02 
 1.978782e+01  4.269557e-02 
 1.978822e+01  4.379546e-02 
 1.978862e+01  4.487482e-02 
 1.978902e+01  4.594921e-02 
 1.978941e+01  4.700580e-02 
 1.978981e+01  4.804184e-02 
 1.979021e+01  4.906830e-02 
 1.979061e+01  5.008295e-02 
 1.979100e+01  5.105501e-02 
 1.979140e+01  5.201623e-02 
 1.979180e+01  5.296648e-02 
 1.979220e+01  5.386682e-02 
 1.979260e+01  5.475165e-02 
 1.979299e+01  5.559958e-02 
 1.979339e+01  5.641979e-02 
 1.979379e+01  5.722742e-02 
 1.979419e+01  5.802135e-02 
 1.979458e+01  5.878610e-02 
 1.979498e+01  5.950739e-02 
 1.979538e+01  6.020937e-02 
 1.979578e+01  6.087911e-02 
 1.979617e+01  6.150287e-02 
 1.979657e+01  6.210400e-02 
 1.979697e+01  6.267638e-02 
 1.979737e+01  6.321090e-02 
 1.979777e+01  6.370741e-02 
 1.979816e+01  6.417926e-02 
 1.979856e+01  6.462499e-02 
 1.979896e+01  6.504036e-02 
 1.979936e+01  6.542772e-02 
 1.979975e+01  6.578640e-02 
 1.980015e+01  6.610056e-02 
 1.980055e+01  6.638597e-02 
 1.980095e+01  6.664092e-02 
 1.980134e+01  6.685910e-02 
 1.980174e+01  6.703913e-02 
 1.980214e+01  6.719827e-02 
 1.980254e+01  6.731763e-02 
 1.980294e+01  6.740812e-02 
 1.980333e+01  6.747631e-02 
 1.980373e+01  6.753010e-02 
 1.980413e+01  6.754449e-02 
 1.980453e+01  6.752840e-02 
 1.980492e+01  6.748992e-02 
 1.980532e+01  6.739453e-02 
 1.980572e+01  6.728172e-02 
 1.980612e+01  6.714020e-02 
 1.980651e+01  6.697031e-02 
 1.980691e+01  6.674419e-02 
 1.980731e+01  6.650486e-02 
 1.980771e+01  6.622853e-02 
 1.980811e+01  6.591279e-02 
 1.980850e+01  6.558317e-02 
 1.980890e+01  6.523370e-02 
 1.980930e+01  6.485770e-02 
 1.980970e+01  6.443807e-02 
 1.981009e+01  6.400391e-02 
 1.981049e+01  6.353910e-02 
 1.981089e+01  6.305331e-02 
 1.981129e+01  6.253847e-02 
 1.981168e+01  6.200075e-02 
 1.981208e+01  6.142002e-02 
 1.981248e+01  6.083486e-02 
 1.981288e+01  6.022599e-02 
 1.981328e+01  5.960411e-02 
 1.981367e+01  5.896241e-02 
 1.981407e+01  5.830990e-02 
 1.981447e+01  5.762572e-02 
 1.981487e+01  5.691857e-02 
 1.981526e+01  5.618941e-02 
 1.981566e+01  5.543253e-02 
 1.981606e+01  5.464867e-02 
 1.981646e+01  5.383465e-02 
 1.981685e+01  5.299547e-02 
 1.981725e+01  5.212665e-02 
 1.981765e+01  5.124437e-02 
 1.981805e+01  5.035446e-02 
 1.981845e+01  4.944620e-02 
 1.981884e+01  4.851343e-02 
 1.981924e+01  4.756544e-02 
 1.981964e+01  4.659310e-02 
 1.982004e+01  4.559615e-02 
 1.982043e+01  4.457703e-02 
 1.982083e+01  4.354139e-02 
 1.982123e+01  4.248095e-02 
 1.982163e+01  4.139392e-02 
 1.982203e+01  4.028660e-02 
 1.982242e+01  3.916924e-02 
 1.982282e+01  3.804288e-02 
 1.982322e+01  3.690273e-02 
 1.982362e+01  3.574639e-02 
 1.982401e+01  3.456115e-02 
 1.982441e+01  3.337331e-02 
 1.982481e+01  3.216898e-02 
 1.982521e+01  3.093812e-02 
 1.982560e+01  2.969753e-02 
 1.982600e+01  2.845384e-02 
 1.982640e+01  2.718538e-02 
 1.982680e+01  2.591534e-02 
 1.982720e+01  2.463928e-02 
 1.982759e+01  2.336503e-02 
 1.982799e+01  2.207775e-02 
 1.982839e+01  2.080338e-02 
 1.982879e+01  1.951869e-02 
 1.982918e+01  1.821956e-02 
 1.982958e+01  1.694146e-02 
 1.982998e+01  1.566348e-02 
 1.983038e+01  1.438710e-02 
 1.983077e+01  1.311182e-02 
 1.983117e+01  1.184716e-02 
 1.983157e+01  1.058563e-02 
 1.983197e+01  9.336682e-03 
 1.983237e+01  8.103500e-03 
 1.983276e+01  6.892459e-03 
 1.983316e+01  5.681285e-03 
 1.983356e+01  4.496935e-03 
 1.983396e+01  3.315086e-03 
 1.983435e+01  2.138155e-03 
 1.983475e+01  9.942101e-04 
 1.983515e+01 -1.538098e-04 
 1.983555e+01 -1.286863e-03 
 1.983594e+01 -2.415266e-03 
 1.983634e+01 -3.526288e-03 
 1.983674e+01 -4.609730e-03 
 1.983714e+01 -5.689287e-03 
 1.983754e+01 -6.734543e-03 
 1.983793e+01 -7.772363e-03 
 1.983833e+01 -8.786235e-03 
 1.983873e+01 -9.783597e-03 
 1.983913e+01 -1.076292e-02 
 1.983952e+01 -1.171203e-02 
 1.983992e+01 -1.263786e-02 
 1.984032e+01 -1.355296e-02 
 1.984072e+01 -1.444853e-02 
 1.984111e+01 -1.532105e-02 
 1.984151e+01 -1.616009e-02 
 1.984191e+01 -1.697327e-02 
 1.984231e+01 -1.776247e-02 
 1.984271e+01 -1.853550e-02 
 1.984310e+01 -1.928811e-02 
 1.984350e+01 -2.001957e-02 
 1.984390e+01 -2.071183e-02 
 1.984430e+01 -2.139252e-02 
 1.984469e+01 -2.203955e-02 
 1.984509e+01 -2.267113e-02 
 1.984549e+01 -2.327255e-02 
 1.984589e+01 -2.385235e-02 
 1.984628e+01 -2.440354e-02 
 1.984668e+01 -2.491497e-02 
 1.984708e+01 -2.540552e-02 
 1.984748e+01 -2.587816e-02 
 1.984788e+01 -2.632715e-02 
 1.984827e+01 -2.673784e-02 
 1.984867e+01 -2.712504e-02 
 1.984907e+01 -2.747382e-02 
 1.984947e+01 -2.779423e-02 
 1.984986e+01 -2.810330e-02 
 1.985026e+01 -2.837574e-02 
 1.985066e+01 -2.862724e-02 
 1.985106e+01 -2.884488e-02 
 1.985145e+01 -2.904827e-02 
 1.985185e+01 -2.921235e-02 
 1.985225e+01 -2.935439e-02 
 1.985265e+01 -2.948306e-02 
 1.985305e+01 -2.957362e-02 
 1.985344e+01 -2.961650e-02 
 1.985384e+01 -2.963674e-02 
 1.985424e+01 -2.962886e-02 
 1.985464e+01 -2.958304e-02 
 1.985503e+01 -2.953100e-02 
 1.985543e+01 -2.944268e-02 
 1.985583e+01 -2.932982e-02 
 1.985623e+01 -2.917584e-02 
 1.985662e+01 -2.901403e-02 
 1.985702e+01 -2.881021e-02 
 1.985742e+01 -2.857603e-02 
 1.985782e+01 -2.831038e-02 
 1.985822e+01 -2.801178e-02 
 1.985861e+01 -2.765409e-02 
 1.985901e+01 -2.726779e-02 
 1.985941e+01 -2.686398e-02 
 1.985981e+01 -2.641383e-02 
 1.986020e+01 -2.593843e-02 
 1.986060e+01 -2.542311e-02 
 1.986100e+01 -2.487864e-02 
 1.986140e+01 -2.430355e-02 
 1.986179e+01 -2.369949e-02 
 1.986219e+01 -2.306544e-02 
 1.986259e+01 -2.238758e-02 
 1.986299e+01 -2.168177e-02 
 1.986339e+01 -2.093989e-02 
 1.986378e+01 -2.015649e-02 
 1.986418e+01 -1.936412e-02 
 1.986458e+01 -1.854155e-02 
 1.986498e+01 -1.769700e-02 
 1.986537e+01 -1.681695e-02 
 1.986577e+01 -1.591406e-02 
 1.986617e+01 -1.498521e-02 
 1.986657e+01 -1.402785e-02 
 1.986696e+01 -1.306595e-02 
 1.986736e+01 -1.208153e-02 
 1.986776e+01 -1.106353e-02 
 1.986816e+01 -1.003032e-02 
 1.986856e+01 -8.973638e-03 
 1.986895e+01 -7.906860e-03 
 1.986935e+01 -6.819984e-03 
 1.986975e+01 -5.732725e-03 
 1.987015e+01 -4.622712e-03 
 1.987054e+01 -3.491934e-03 
 1.987094e+01 -2.358359e-03 
 1.987134e+01 -1.210396e-03 
 1.987174e+01 -7.263090e-05 
 1.987213e+01  1.093276e-03 
 1.987253e+01  2.255380e-03 
 1.987293e+01  3.453298e-03 
 1.987333e+01  4.639209e-03 
 1.987373e+01  5.836550e-03 
 1.987412e+01  7.036165e-03 
 1.987452e+01  8.234298e-03 
 1.987492e+01  9.443226e-03 
 1.987532e+01  1.064447e-02 
 1.987571e+01  1.186747e-02 
 1.987611e+01  1.307552e-02 
 1.987651e+01  1.427080e-02 
 1.987691e+01  1.547328e-02 
 1.987730e+01  1.667703e-02 
 1.987770e+01  1.788608e-02 
 1.987810e+01  1.910936e-02 
 1.987850e+01  2.032934e-02 
 1.987890e+01  2.154490e-02 
 1.987929e+01  2.274807e-02 
 1.987969e+01  2.395713e-02 
 1.988009e+01  2.516522e-02 
 1.988049e+01  2.635368e-02 
 1.988088e+01  2.754636e-02 
 1.988128e+01  2.872357e-02 
 1.988168e+01  2.988320e-02 
 1.988208e+01  3.104546e-02 
 1.988247e+01  3.222144e-02 
 1.988287e+01  3.338768e-02 
 1.988327e+01  3.453619e-02 
 1.988367e+01  3.567556e-02 
 1.988407e+01  3.679628e-02 
 1.988446e+01  3.790014e-02 
 1.988486e+01  3.900737e-02 
 1.988526e+01  4.009883e-02 
 1.988566e+01  4.116309e-02 
 1.988605e+01  4.221213e-02 
 1.988645e+01  4.325570e-02 
 1.988685e+01  4.428219e-02 
 1.988725e+01  4.531699e-02 
 1.988764e+01  4.635390e-02 
 1.988804e+01  4.737050e-02 
 1.988844e+01  4.836217e-02 
 1.988884e+01  4.934805e-02 
 1.988924e+01  5.030675e-02 
 1.988963e+01  5.125458e-02 
 1.989003e+01  5.218291e-02 
 1.989043e+01  5.308174e-02 
 1.989083e+01  5.394101e-02 
 1.989122e+01  5.479700e-02 
 1.989162e+01  5.564517e-02 
 1.989202e+01  5.647120e-02 
 1.989242e+01  5.728641e-02 
 1.989281e+01  5.807454e-02 
 1.989321e+01  5.883341e-02 
 1.989361e+01  5.955855e-02 
 1.989401e+01  6.026906e-02 
 1.989441e+01  6.094663e-02 
 1.989480e+01  6.159626e-02 
 1.989520e+01  6.221312e-02 
 1.989560e+01  6.278814e-02 
 1.989600e+01  6.332402e-02 
 1.989639e+01  6.385560e-02 
 1.989679e+01  6.435758e-02 
 1.989719e+01  6.482494e-02 
 1.989759e+01  6.527402e-02 
 1.989798e+01  6.570288e-02 
 1.989838e+01  6.606965e-02 
 1.989878e+01  6.642250e-02 
 1.989918e+01  6.673817e-02 
 1.989958e+01  6.701258e-02 
 1.989997e+01  6.724296e-02 
 1.990037e+01  6.744170e-02 
 1.990077e+01  6.761230e-02 
 1.990117e+01  6.773927e-02 
 1.990156e+01  6.784744e-02 
 1.990196e+01  6.793417e-02 
 1.990236e+01  6.798254e-02 
 1.990276e+01  6.798596e-02 
 1.990315e+01  6.795665e-02 
 1.990355e+01  6.789306e-02 
 1.990395e+01  6.779173e-02 
 1.990435e+01  6.764565e-02 
 1.990475e+01  6.747405e-02 
 1.990514e+01  6.725338e-02 
 1.990554e+01  6.700370e-02 
 1.990594e+01  6.672829e-02 
 1.990634e+01  6.642632e-02 
 1.990673e+01  6.610616e-02 
 1.990713e+01  6.576692e-02 
 1.990753e+01  6.539514e-02 
 1.990793e+01  6.498392e-02 
 1.990832e+01  6.454167e-02 
 1.990872e+01  6.407434e-02 
 1.990912e+01  6.356903e-02 
 1.990952e+01  6.302241e-02 
 1.990992e+01  6.246636e-02 
 1.991031e+01  6.187807e-02 
 1.991071e+01  6.124957e-02 
 1.991111e+01  6.061412e-02 
 1.991151e+01  5.995675e-02 
 1.991190e+01  5.925482e-02 
 1.991230e+01  5.853161e-02 
 1.991270e+01  5.777931e-02 
 1.991310e+01  5.699760e-02 
 1.991350e+01  5.619085e-02 
 1.991389e+01  5.536906e-02 
 1.991429e+01  5.453614e-02 
 1.991469e+01  5.365972e-02 
 1.991509e+01  5.278343e-02 
 1.991548e+01  5.187946e-02 
 1.991588e+01  5.096519e-02 
 1.991628e+01  5.005405e-02 
 1.991668e+01  4.910963e-02 
 1.991707e+01  4.815611e-02 
 1.991747e+01  4.718122e-02 
 1.991787e+01  4.620110e-02 
 1.991827e+01  4.519377e-02 
 1.991867e+01  4.417194e-02 
 1.991906e+01  4.314874e-02 
 1.991946e+01  4.208984e-02 
 1.991986e+01  4.103043e-02 
 1.992026e+01  3.996430e-02 
 1.992065e+01  3.889216e-02 
 1.992105e+01  3.780099e-02 
 1.992145e+01  3.670386e-02 
 1.992185e+01  3.559052e-02 
 1.992224e+01  3.446676e-02 
 1.992264e+01  3.333630e-02 
 1.992304e+01  3.220529e-02 
 1.992344e+01  3.104460e-02 
 1.992384e+01  2.987574e-02 
 1.992423e+01  2.869841e-02 
 1.992463e+01  2.750857e-02 
 1.992503e+01  2.630554e-02 
 1.992543e+01  2.510983e-02 
 1.992582e+01  2.391768e-02 
 1.992622e+01  2.270888e-02 
 1.992662e+01  2.150507e-02 
 1.992702e+01  2.029591e-02 
 1.992741e+01  1.907718e-02 
 1.992781e+01  1.786037e-02 
 1.992821e+01  1.662734e-02 
 1.992861e+01  1.539117e-02 
 1.992901e+01  1.414257e-02 
 1.992940e+01  1.290022e-02 
 1.992980e+01  1.166044e-02 
 1.993020e+01  1.042450e-02 
 1.993060e+01  9.195432e-03 
 1.993099e+01  7.961737e-03 
 1.993139e+01  6.721209e-03 
 1.993179e+01  5.483232e-03 
 1.993219e+01  4.245459e-03 
 1.993258e+01  3.024553e-03 
 1.993298e+01  1.808171e-03 
 1.993338e+01  6.020102e-04 
 1.993378e+01 -5.979551e-04 
 1.993418e+01 -1.784921e-03 
 1.993457e+01 -2.948409e-03 
 1.993497e+01 -4.089625e-03 
 1.993537e+01 -5.209319e-03 
 1.993577e+01 -6.321965e-03 
 1.993616e+01 -7.415787e-03 
 1.993656e+01 -8.497259e-03 
 1.993696e+01 -9.559548e-03 
 1.993736e+01 -1.059214e-02 
 1.993775e+01 -1.160536e-02 
 1.993815e+01 -1.259395e-02 
 1.993855e+01 -1.356351e-02 
 1.993895e+01 -1.450897e-02 
 1.993935e+01 -1.541639e-02 
 1.993974e+01 -1.628777e-02 
 1.994014e+01 -1.714483e-02 
 1.994054e+01 -1.798260e-02 
 1.994094e+01 -1.879336e-02 
 1.994133e+01 -1.958705e-02 
 1.994173e+01 -2.034624e-02 
 1.994213e+01 -2.106613e-02 
 1.994253e+01 -2.176273e-02 
 1.994292e+01 -2.241790e-02 
 1.994332e+01 -2.304713e-02 
 1.994372e+01 -2.365635e-02 
 1.994412e+01 -2.422553e-02 
 1.994452e+01 -2.476967e-02 
 1.994491e+01 -2.528729e-02 
 1.994531e+01 -2.577238e-02 
 1.994571e+01 -2.623223e-02 
 1.994611e+01 -2.666299e-02 
 1.994650e+01 -2.705318e-02 
 1.994690e+01 -2.740969e-02 
 1.994730e+01 -2.774751e-02 
 1.994770e+01 -2.805921e-02 
 1.994809e+01 -2.832228e-02 
 1.994849e+01 -2.857832e-02 
 1.994889e+01 -2.878680e-02 
 1.994929e+01 -2.896990e-02 
 1.994969e+01 -2.912187e-02 
 1.995008e+01 -2.925544e-02 
 1.995048e+01 -2.936303e-02 
 1.995088e+01 -2.943572e-02 
 1.995128e+01 -2.949565e-02 
 1.995167e+01 -2.950727e-02 
 1.995207e+01 -2.948770e-02 
 1.995247e+01 -2.945759e-02 
 1.995287e+01 -2.939432e-02 
 1.995326e+01 -2.929316e-02 
 1.995366e+01 -2.917858e-02 
 1.995406e+01 -2.901905e-02 
 1.995446e+01 -2.883261e-02 
 1.995486e+01 -2.861609e-02 
 1.995525e+01 -2.837089e-02 
 1.995565e+01 -2.809776e-02 
 1.995605e+01 -2.779438e-02 
 1.995645e+01 -2.746216e-02 
 1.995684e+01 -2.709795e-02 
 1.995724e+01 -2.671657e-02 
 1.995764e+01 -2.631599e-02 
 1.995804e+01 -2.587891e-02 
 1.995843e+01 -2.540959e-02 
 1.995883e+01 -2.491921e-02 
 1.995923e+01 -2.439624e-02 
 1.995963e+01 -2.385223e-02 
 1.996003e+01 -2.329834e-02 
 1.996042e+01 -2.271514e-02 
 1.996082e+01 -2.209062e-02 
 1.996122e+01 -2.144153e-02 
 1.996162e+01 -2.075871e-02 
 1.996201e+01 -2.004206e-02 
 1.996241e+01 -1.931815e-02 
 1.996281e+01 -1.858812e-02 
 1.996321e+01 -1.780980e-02 
 1.996360e+01 -1.701422e-02 
 1.996400e+01 -1.619496e-02 
 1.996440e+01 -1.535020e-02 
 1.996480e+01 -1.448294e-02 
 1.996520e+01 -1.360654e-02 
 1.996559e+01 -1.266862e-02 
 1.996599e+01 -1.171354e-02 
 1.996639e+01 -1.073967e-02 
 1.996679e+01 -9.751479e-03 
 1.996718e+01 -8.736366e-03 
 1.996758e+01 -7.706681e-03 
 1.996798e+01 -6.663568e-03 
 1.996838e+01 -5.580027e-03 
 1.996877e+01 -4.481231e-03 
 1.996917e+01 -3.377243e-03 
 1.996957e+01 -2.255212e-03 
 1.996997e+01 -1.099712e-03 
 1.997037e+01  7.651153e-05 
 1.997076e+01  1.274329e-03 
 1.997116e+01  2.484788e-03 
 1.997156e+01  3.707044e-03 
 1.997196e+01  4.928543e-03 
 1.997235e+01  6.151876e-03 
 1.997275e+01  7.392789e-03 
 1.997315e+01  8.635188e-03 
 1.997355e+01  9.890321e-03 
 1.997394e+01  1.115577e-02 
 1.997434e+01  1.243809e-02 
 1.997474e+01  1.370612e-02 
 1.997514e+01  1.499772e-02 
 1.997554e+01  1.629344e-02 
 1.997593e+01  1.758721e-02 
 1.997633e+01  1.886959e-02 
 1.997673e+01  2.014883e-02 
 1.997713e+01  2.141672e-02 
 1.997752e+01  2.267685e-02 
 1.997792e+01  2.393965e-02 
 1.997832e+01  2.519932e-02 
 1.997872e+01  2.642556e-02 
 1.997911e+01  2.765640e-02 
 1.997951e+01  2.886948e-02 
 1.997991e+01  3.006391e-02 
 1.998031e+01  3.126050e-02 
 1.998071e+01  3.245228e-02 
 1.998110e+01  3.362833e-02 
 1.998150e+01  3.476604e-02 
 1.998190e+01  3.590148e-02 
 1.998230e+01  3.701743e-02 
 1.998269e+01  3.812602e-02 
 1.998309e+01  3.922806e-02 
 1.998349e+01  4.031865e-02 
 1.998389e+01  4.137196e-02 
 1.998428e+01  4.242418e-02 
 1.998468e+01  4.346451e-02 
 1.998508e+01  4.449439e-02 
 1.998548e+01  4.550002e-02 
 1.998588e+01  4.650151e-02 
 1.998627e+01  4.747055e-02 
 1.998667e+01  4.840337e-02 
 1.998707e+01  4.933575e-02 
 1.998747e+01  5.025252e-02 
 1.998786e+01  5.115103e-02 
 1.998826e+01  5.201478e-02 
 1.998866e+01  5.287624e-02 
 1.998906e+01  5.370012e-02 
 1.998945e+01  5.451404e-02 
 1.998985e+01  5.532964e-02 
 1.999025e+01  5.612661e-02 
 1.999065e+01  5.689306e-02 
 1.999105e+01  5.764015e-02 
 1.999144e+01  5.835142e-02 
 1.999184e+01  5.902964e-02 
 1.999224e+01  5.969697e-02 
 1.999264e+01  6.034666e-02 
 1.999303e+01  6.095921e-02 
 1.999343e+01  6.155710e-02 
 1.999383e+01  6.213412e-02 
 1.999423e+01  6.268733e-02 
 1.999462e+01  6.322808e-02 
 1.999502e+01  6.375339e-02 
 1.999542e+01  6.424019e-02 
 1.999582e+01  6.469134e-02 
 1.999622e+01  6.510644e-02 
 1.999661e+01  6.549500e-02 
 1.999701e+01  6.584254e-02 
 1.999741e+01  6.617210e-02 
 1.999781e+01  6.646460e-02 
 1.999820e+01  6.673293e-02 
 1.999860e+01  6.695992e-02 
 1.999900e+01  6.715530e-02 
 1.999940e+01  6.734420e-02 
 1.999979e+01  6.750142e-02 
 2.000019e+01  6.763096e-02 
 2.000059e+01  6.770436e-02 
 2.000099e+01  6.774704e-02 
 2.000139e+01  6.775657e-02 
 2.000178e+01  6.772537e-02 
 2.000218e+01  6.767632e-02 
 2.000258e+01  6.759410e-02 
 2.000298e+01  6.748039e-02 
 2.000337e+01  6.733848e-02 
 2.000377e+01  6.716869e-02 
 2.000417e+01  6.697637e-02 
 2.000457e+01  6.674294e-02 
 2.000497e+01  6.648729e-02 
 2.000536e+01  6.617502e-02 
 2.000576e+01  6.582953e-02 
 2.000616e+01  6.544064e-02 
 2.000656e+01  6.503057e-02 
 2.000695e+01  6.457405e-02 
 2.000735e+01  6.408813e-02 
 2.000775e+01  6.357257e-02 
 2.000815e+01  6.301885e-02 
 2.000854e+01  6.244230e-02 
 2.000894e+01  6.184187e-02 
 2.000934e+01  6.122419e-02 
 2.000974e+01  6.056898e-02 
 2.001014e+01  5.988517e-02 
 2.001053e+01  5.915765e-02 
 2.001093e+01  5.840318e-02 
 2.001133e+01  5.763167e-02 
 2.001173e+01  5.682267e-02 
 2.001212e+01  5.599776e-02 
 2.001252e+01  5.514567e-02 
 2.001292e+01  5.426905e-02 
 2.001332e+01  5.339125e-02 
 2.001371e+01  5.249186e-02 
 2.001411e+01  5.157270e-02 
 2.001451e+01  5.061946e-02 
 2.001491e+01  4.965773e-02 
 2.001531e+01  4.866743e-02 
 2.001570e+01  4.765045e-02 
 2.001610e+01  4.663077e-02 
 2.001650e+01  4.558169e-02 
 2.001690e+01  4.450570e-02 
 2.001729e+01  4.343302e-02 
 2.001769e+01  4.233608e-02 
 2.001809e+01  4.123059e-02 
 2.001849e+01  4.013184e-02 
 2.001888e+01  3.901764e-02 
 2.001928e+01  3.788736e-02 
 2.001968e+01  3.673615e-02 
 2.002008e+01  3.558407e-02 
 2.002048e+01  3.441412e-02 
 2.002087e+01  3.323546e-02 
 2.002127e+01  3.204473e-02 
 2.002167e+01  3.085816e-02 
 2.002207e+01  2.966319e-02 
 2.002246e+01  2.847124e-02 
 2.002286e+01  2.728719e-02 
 2.002326e+01  2.610460e-02 
 2.002366e+01  2.491380e-02 
 2.002405e+01  2.373084e-02 
 2.002445e+01  2.252764e-02 
 2.002485e+01  2.131656e-02 
 2.002525e+01  2.010784e-02 
 2.002565e+01  1.888824e-02 
 2.002604e+01  1.766782e-02 
 2.002644e+01  1.645362e-02 
 2.002684e+01  1.523793e-02 
 2.002724e+01  1.402114e-02 
 2.002763e+01  1.282642e-02 
 2.002803e+01  1.163517e-02 
 2.002843e+01  1.046307e-02 
 2.002883e+01  9.288096e-03 
 2.002922e+01  8.112866e-03 
 2.002962e+01  6.940977e-03 
 2.003002e+01  5.770324e-03 
 2.003042e+01  4.616361e-03 
 2.003082e+01  3.463493e-03 
 2.003121e+01  2.316455e-03 
 2.003161e+01  1.184250e-03 
 2.003201e+01  5.500009e-05 
 2.003241e+01 -1.052305e-03 
 2.003280e+01 -2.142842e-03 
 2.003320e+01 -3.230603e-03 
 2.003360e+01 -4.302535e-03 
 2.003400e+01 -5.369677e-03 
 2.003439e+01 -6.430144e-03 
 2.003479e+01 -7.483786e-03 
 2.003519e+01 -8.532731e-03 
 2.003559e+01 -9.554986e-03 
 2.003599e+01 -1.057262e-02 
 2.003638e+01 -1.158336e-02 
 2.003678e+01 -1.258353e-02 
 2.003718e+01 -1.355271e-02 
 2.003758e+01 -1.449184e-02 
 2.003797e+01 -1.541868e-02 
 2.003837e+01 -1.631242e-02 
 2.003877e+01 -1.720238e-02 
 2.003917e+01 -1.807040e-02 
 2.003956e+01 -1.891296e-02 
 2.003996e+01 -1.973224e-02 
 2.004036e+01 -2.053269e-02 
 2.004076e+01 -2.131116e-02 
 2.004116e+01 -2.206772e-02 
 2.004155e+01 -2.278911e-02 
 2.004195e+01 -2.347625e-02 
 2.004235e+01 -2.411886e-02 
 2.004275e+01 -2.473238e-02 
 2.004314e+01 -2.530549e-02 
 2.004354e+01 -2.585464e-02 
 2.004394e+01 -2.636856e-02 
 2.004434e+01 -2.685324e-02 
 2.004473e+01 -2.729921e-02 
 2.004513e+01 -2.770651e-02 
 2.004553e+01 -2.810206e-02 
 2.004593e+01 -2.845138e-02 
 2.004633e+01 -2.877078e-02 
 2.004672e+01 -2.905093e-02 
 2.004712e+01 -2.929084e-02 
 2.004752e+01 -2.949308e-02 
 2.004792e+01 -2.965693e-02 
 2.004831e+01 -2.980892e-02 
 2.004871e+01 -2.991932e-02 
 2.004911e+01 -2.999105e-02 
 2.004951e+01 -3.001986e-02 
 2.004990e+01 -3.002347e-02 
 2.005030e+01 -2.999520e-02 
 2.005070e+01 -2.993127e-02 
 2.005110e+01 -2.983637e-02 
 2.005150e+01 -2.970647e-02 
 2.005189e+01 -2.954364e-02 
 2.005229e+01 -2.935351e-02 
 2.005269e+01 -2.913384e-02 
 2.005309e+01 -2.889043e-02 
 2.005348e+01 -2.862141e-02 
 2.005388e+01 -2.831889e-02 
 2.005428e+01 -2.798883e-02 
 2.005468e+01 -2.762619e-02 
 2.005507e+01 -2.723222e-02 
 2.005547e+01 -2.682613e-02 
 2.005587e+01 -2.640481e-02 
 2.005627e+01 -2.593674e-02 
 2.005667e+01 -2.544740e-02 
 2.005706e+01 -2.492675e-02 
 2.005746e+01 -2.438845e-02 
 2.005786e+01 -2.382197e-02 
 2.005826e+01 -2.323178e-02 
 2.005865e+01 -2.260830e-02 
 2.005905e+01 -2.195117e-02 
 2.005945e+01 -2.125810e-02 
 2.005985e+01 -2.056173e-02 
 2.006024e+01 -1.984626e-02 
 2.006064e+01 -1.911119e-02 
 2.006104e+01 -1.835213e-02 
 2.006144e+01 -1.756547e-02 
 2.006184e+01 -1.675386e-02 
 2.006223e+01 -1.591984e-02 
 2.006263e+01 -1.507011e-02 
 2.006303e+01 -1.419552e-02 
 2.006343e+01 -1.328659e-02 
 2.006382e+01 -1.236098e-02 
 2.006422e+01 -1.140941e-02 
 2.006462e+01 -1.045031e-02 
 2.006502e+01 -9.492466e-03 
 2.006541e+01 -8.517277e-03 
 2.006581e+01 -7.520169e-03 
 2.006621e+01 -6.501900e-03 
 2.006661e+01 -5.477791e-03 
 2.006701e+01 -4.428996e-03 
 2.006740e+01 -3.377172e-03 
 2.006780e+01 -2.307643e-03 
 2.006820e+01 -1.209139e-03 
 2.006860e+01 -8.491190e-05 
 2.006899e+01  1.029906e-03 
 2.006939e+01  2.161154e-03 
 2.006979e+01  3.298955e-03 
 2.007019e+01  4.453938e-03 
 2.007058e+01  5.607562e-03 
 2.007098e+01  6.781461e-03 
 2.007138e+01  7.976736e-03 
 2.007178e+01  9.175718e-03 
 2.007218e+01  1.038604e-02 
 2.007257e+01  1.160197e-02 
 2.007297e+01  1.283318e-02 
 2.007337e+01  1.407651e-02 
 2.007377e+01  1.532613e-02 
 2.007416e+01  1.657397e-02 
 2.007456e+01  1.782243e-02 
 2.007496e+01  1.906880e-02 
 2.007536e+01  2.031739e-02 
 2.007575e+01  2.157374e-02 
 2.007615e+01  2.283086e-02 
 2.007655e+01  2.408604e-02 
 2.007695e+01  2.534367e-02 
 2.007735e+01  2.660259e-02 
 2.007774e+01  2.787553e-02 
 2.007814e+01  2.913542e-02 
 2.007854e+01  3.041290e-02 
 2.007894e+01  3.166772e-02 
 2.007933e+01  3.291131e-02 
 2.007973e+01  3.413107e-02 
 2.008013e+01  3.534212e-02 
 2.008053e+01  3.654664e-02 
 2.008092e+01  3.773105e-02 
 2.008132e+01  3.890417e-02 
 2.008172e+01  4.007372e-02 
 2.008212e+01  4.121282e-02 
 2.008252e+01  4.234219e-02 
 2.008291e+01  4.346429e-02 
 2.008331e+01  4.456831e-02 
 2.008371e+01  4.564965e-02 
 2.008411e+01  4.669063e-02 
 2.008450e+01  4.770827e-02 
 2.008490e+01  4.867988e-02 
 2.008530e+01  4.965226e-02 
 2.008570e+01  5.059538e-02 
 2.008609e+01  5.150990e-02 
 2.008649e+01  5.239221e-02 
 2.008689e+01  5.326452e-02 
 2.008729e+01  5.411484e-02 
 2.008769e+01  5.493180e-02 
 2.008808e+01  5.574557e-02 
 2.008848e+01  5.651739e-02 
 2.008888e+01  5.725043e-02 
 2.008928e+01  5.795605e-02 
 2.008967e+01  5.863835e-02 
 2.009007e+01  5.929364e-02 
 2.009047e+01  5.993246e-02 
 2.009087e+01  6.055407e-02 
 2.009126e+01  6.114693e-02 
 2.009166e+01  6.169678e-02 
 2.009206e+01  6.224217e-02 
 2.009246e+01  6.275632e-02 
 2.009286e+01  6.324392e-02 
 2.009325e+01  6.370746e-02 
 2.009365e+01  6.412703e-02 
 2.009405e+01  6.451564e-02 
 2.009445e+01  6.488141e-02 
 2.009484e+01  6.522124e-02 
 2.009524e+01  6.553390e-02 
 2.009564e+01  6.583084e-02 
 2.009604e+01  6.609938e-02 
 2.009644e+01  6.633809e-02 
 2.009683e+01  6.655775e-02 
 2.009723e+01  6.675584e-02 
 2.009763e+01  6.694157e-02 
 2.009803e+01  6.708829e-02 
 2.009842e+01  6.719200e-02 
 2.009882e+01  6.727229e-02 
 2.009922e+01  6.731968e-02 
 2.009962e+01  6.733231e-02 
 2.010001e+01  6.732154e-02 
 2.010041e+01  6.728950e-02 
 2.010081e+01  6.722437e-02 
 2.010121e+01  6.712047e-02 
 2.010161e+01  6.699661e-02 
 2.010200e+01  6.683853e-02 
 2.010240e+01  6.665467e-02 
 2.010280e+01  6.644370e-02 
 2.010320e+01  6.617864e-02 
 2.010359e+01  6.587709e-02 
 2.010399e+01  6.555398e-02 
 2.010439e+01  6.519790e-02 
 2.010479e+01  6.481210e-02 
 2.010518e+01  6.440276e-02 
 2.010558e+01  6.397056e-02 
 2.010598e+01  6.349352e-02 
 2.010638e+01  6.300871e-02 
 2.010678e+01  6.250568e-02 
 2.010717e+01  6.197294e-02 
 2.010757e+01  6.140143e-02 
 2.010797e+01  6.079747e-02 
 2.010837e+01  6.015124e-02 
 2.010876e+01  5.947091e-02 
 2.010916e+01  5.876911e-02 
 2.010956e+01  5.805405e-02 
 2.010996e+01  5.730231e-02 
 2.011035e+01  5.652748e-02 
 2.011075e+01  5.573063e-02 
 2.011115e+01  5.491275e-02 
 2.011155e+01  5.407190e-02 
 2.011195e+01  5.320855e-02 
 2.011234e+01  5.230684e-02 
 2.011274e+01  5.137454e-02 
 2.011314e+01  5.041225e-02 
 2.011354e+01  4.942928e-02 
 2.011393e+01  4.842453e-02 
 2.011433e+01  4.738831e-02 
 2.011473e+01  4.634448e-02 
 2.011513e+01  4.527078e-02 
 2.011552e+01  4.418160e-02 
 2.011592e+01  4.308244e-02 
 2.011632e+01  4.198029e-02 
 2.011672e+01  4.085133e-02 
 2.011712e+01  3.970363e-02 
 2.011751e+01  3.853942e-02 
 2.011791e+01  3.736108e-02 
 2.011831e+01  3.617017e-02 
 2.011871e+01  3.496243e-02 
 2.011910e+01  3.375740e-02 
 2.011950e+01  3.254688e-02 
 2.011990e+01  3.132743e-02 
 2.012030e+01  3.010058e-02 
 2.012069e+01  2.886589e-02 
 2.012109e+01  2.762209e-02 
 2.012149e+01  2.638175e-02 
 2.012189e+01  2.512540e-02 
 2.012229e+01  2.387478e-02 
 2.012268e+01  2.262093e-02 
 2.012308e+01  2.136724e-02 
 2.012348e+01  2.011592e-02 
 2.012388e+01  1.886870e-02 
 2.012427e+01  1.762746e-02 
 2.012467e+01  1.639012e-02 
 2.012507e+01  1.516738e-02 
 2.012547e+01  1.394715e-02 
 2.012586e+01  1.274593e-02 
 2.012626e+01  1.155288e-02 
 2.012666e+01  1.036899e-02 
 2.012706e+01  9.178017e-03 
 2.012746e+01  8.004995e-03 
 2.012785e+01  6.834515e-03 
 2.012825e+01  5.665344e-03 
 2.012865e+01  4.519009e-03 
 2.012905e+01  3.384098e-03 
 2.012944e+01  2.250837e-03 
 2.012984e+01  1.131244e-03 
 2.013024e+01  2.866264e-05 
 2.013064e+01 -1.069049e-03 
 2.013103e+01 -2.155982e-03 
 2.013143e+01 -3.223192e-03 
 2.013183e+01 -4.284545e-03 
 2.013223e+01 -5.342773e-03 
 2.013263e+01 -6.382380e-03 
 2.013302e+01 -7.410195e-03 
 2.013342e+01 -8.420788e-03 
 2.013382e+01 -9.409088e-03 
 2.013422e+01 -1.040233e-02 
 2.013461e+01 -1.136536e-02 
 2.013501e+01 -1.230538e-02 
 2.013541e+01 -1.322033e-02 
 2.013581e+01 -1.412783e-02 
 2.013620e+01 -1.501529e-02 
 2.013660e+01 -1.589110e-02 
 2.013700e+01 -1.675695e-02 
 2.013740e+01 -1.759726e-02 
 2.013780e+01 -1.840885e-02 
 2.013819e+01 -1.919586e-02 
 2.013859e+01 -1.995619e-02 
 2.013899e+01 -2.069577e-02 
 2.013939e+01 -2.140987e-02 
 2.013978e+01 -2.209321e-02 
 2.014018e+01 -2.275133e-02 
 2.014058e+01 -2.338643e-02 
 2.014098e+01 -2.401155e-02 
 2.014137e+01 -2.460181e-02 
 2.014177e+01 -2.518344e-02 
 2.014217e+01 -2.572624e-02 
 2.014257e+01 -2.624195e-02 
 2.014297e+01 -2.671868e-02 
 2.014336e+01 -2.717799e-02 
 2.014376e+01 -2.760556e-02 
 2.014416e+01 -2.800009e-02 
 2.014456e+01 -2.835157e-02 
 2.014495e+01 -2.867722e-02 
 2.014535e+01 -2.896255e-02 
 2.014575e+01 -2.921611e-02 
 2.014615e+01 -2.946099e-02 
 2.014654e+01 -2.967074e-02 
 2.014694e+01 -2.983658e-02 
 2.014734e+01 -2.996732e-02 
 2.014774e+01 -3.006948e-02 
 2.014814e+01 -3.012823e-02 
 2.014853e+01 -3.016548e-02 
 2.014893e+01 -3.016985e-02 
 2.014933e+01 -3.013904e-02 
 2.014973e+01 -3.006544e-02 
 2.015012e+01 -2.996417e-02 
 2.015052e+01 -2.982580e-02 
 2.015092e+01 -2.966165e-02 
 2.015132e+01 -2.946226e-02 
 2.015171e+01 -2.923390e-02 
 2.015211e+01 -2.894977e-02 
 2.015251e+01 -2.862870e-02 
 2.015291e+01 -2.828283e-02 
 2.015331e+01 -2.792233e-02 
 2.015370e+01 -2.751593e-02 
 2.015410e+01 -2.708067e-02 
 2.015450e+01 -2.659913e-02 
 2.015490e+01 -2.607768e-02 
 2.015529e+01 -2.553332e-02 
 2.015569e+01 -2.496495e-02 
 2.015609e+01 -2.437699e-02 
 2.015649e+01 -2.375020e-02 
 2.015688e+01 -2.309102e-02 
 2.015728e+01 -2.239408e-02 
 2.015768e+01 -2.167716e-02 
 2.015808e+01 -2.093683e-02 
 2.015848e+01 -2.017804e-02 
 2.015887e+01 -1.938358e-02 
 2.015927e+01 -1.857003e-02 
 2.015967e+01 -1.772447e-02 
 2.016007e+01 -1.687443e-02 
 2.016046e+01 -1.600091e-02 
 2.016086e+01 -1.512436e-02 
 2.016126e+01 -1.422125e-02 
 2.016166e+01 -1.329604e-02 
 2.016205e+01 -1.234942e-02 
 2.016245e+01 -1.140461e-02 
 2.016285e+01 -1.044221e-02 
 2.016325e+01 -9.457357e-03 
 2.016365e+01 -8.460890e-03 
 2.016404e+01 -7.445947e-03 
 2.016444e+01 -6.408645e-03 
 2.016484e+01 -5.360159e-03 
 2.016524e+01 -4.314291e-03 
 2.016563e+01 -3.251357e-03 
 2.016603e+01 -2.171940e-03 
 2.016643e+01 -1.084134e-03 
 2.016683e+01  2.281587e-05 
 2.016722e+01  1.140749e-03 
 2.016762e+01  2.262799e-03 
 2.016802e+01  3.401681e-03 
 2.016842e+01  4.540092e-03 
 2.016882e+01  5.673953e-03 
 2.016921e+01  6.835912e-03 
 2.016961e+01  8.000073e-03 
 2.017001e+01  9.168814e-03 
 2.017041e+01  1.034342e-02 
 2.017080e+01  1.153825e-02 
 2.017120e+01  1.273146e-02 
 2.017160e+01  1.393377e-02 
 2.017200e+01  1.514316e-02 
 2.017239e+01  1.634305e-02 
 2.017279e+01  1.754071e-02 
 2.017319e+01  1.875596e-02 
 2.017359e+01  1.998272e-02 
 2.017399e+01  2.121031e-02 
 2.017438e+01  2.245410e-02 
 2.017478e+01  2.368332e-02 
 2.017518e+01  2.491205e-02 
 2.017558e+01  2.613311e-02 
 2.017597e+01  2.736628e-02 
 2.017637e+01  2.858169e-02 
 2.017677e+01  2.980306e-02 
 2.017717e+01  3.099951e-02 
 2.017756e+01  3.218436e-02 
 2.017796e+01  3.336986e-02 
 2.017836e+01  3.455465e-02 
 2.017876e+01  3.573989e-02 
 2.017916e+01  3.692501e-02 
 2.017955e+01  3.809132e-02 
 2.017995e+01  3.924240e-02 
 2.018035e+01  4.038638e-02 
 2.018075e+01  4.152411e-02 
 2.018114e+01  4.264308e-02 
 2.018154e+01  4.373661e-02 
 2.018194e+01  4.480884e-02 
 2.018234e+01  4.585503e-02 
 2.018273e+01  4.689777e-02 
 2.018313e+01  4.793366e-02 
 2.018353e+01  4.896868e-02 
 2.018393e+01  4.997294e-02 
 2.018433e+01  5.095516e-02 
 2.018472e+01  5.191657e-02 
 2.018512e+01  5.285320e-02 
 2.018552e+01  5.377713e-02 
 2.018592e+01  5.467679e-02 
 2.018631e+01  5.554224e-02 
 2.018671e+01  5.638221e-02 
 2.018711e+01  5.718172e-02 
 2.018751e+01  5.796083e-02 
 2.018791e+01  5.870572e-02 
 2.018830e+01  5.943482e-02 
 2.018870e+01  6.013152e-02 
 2.018910e+01  6.078255e-02 
 2.018950e+01  6.141946e-02 
 2.018989e+01  6.201846e-02 
 2.019029e+01  6.259220e-02 
 2.019069e+01  6.313314e-02 
 2.019109e+01  6.363266e-02 
 2.019148e+01  6.409393e-02 
 2.019188e+01  6.451268e-02 
 2.019228e+01  6.491364e-02 
 2.019268e+01  6.527899e-02 
 2.019308e+01  6.563138e-02 
 2.019347e+01  6.594618e-02 
 2.019387e+01  6.623230e-02 
 2.019427e+01  6.649550e-02 
 2.019467e+01  6.672785e-02 
 2.019506e+01  6.692785e-02 
 2.019546e+01  6.709497e-02 
 2.019586e+01  6.724263e-02 
 2.019626e+01  6.733029e-02 
 2.019665e+01  6.738398e-02 
 2.019705e+01  6.741118e-02 
 2.019745e+01  6.740583e-02 
 2.019785e+01  6.737415e-02 
 2.019825e+01  6.733176e-02 
 2.019864e+01  6.725651e-02 
 2.019904e+01  6.715832e-02 
 2.019944e+01  6.703143e-02 
 2.019984e+01  6.688379e-02 
 2.020023e+01  6.671107e-02 
 2.020063e+01  6.649153e-02 
 2.020103e+01  6.625297e-02 
 2.020143e+01  6.595870e-02 
 2.020182e+01  6.564938e-02 
 2.020222e+01  6.532119e-02 
 2.020262e+01  6.498560e-02 
 2.020302e+01  6.461280e-02 
 2.020342e+01  6.422039e-02 
 2.020381e+01  6.379916e-02 
 2.020421e+01  6.334052e-02 
 2.020461e+01  6.285209e-02 
 2.020501e+01  6.234460e-02 
 2.020540e+01  6.179915e-02 
 2.020580e+01  6.121794e-02 
 2.020620e+01  6.060524e-02 
 2.020660e+01  5.995624e-02 
 2.020699e+01  5.930090e-02 
 2.020739e+01  5.861589e-02 
 2.020779e+01  5.792066e-02 
 2.020819e+01  5.718102e-02 
 2.020859e+01  5.643235e-02 
 2.020898e+01  5.564524e-02 
 2.020938e+01  5.483451e-02 
 2.020978e+01  5.401524e-02 
 2.021018e+01  5.314924e-02 
 2.021057e+01  5.225427e-02 
 2.021097e+01  5.134150e-02 
 2.021137e+01  5.041233e-02 
 2.021177e+01  4.946776e-02 
 2.021216e+01  4.850741e-02 
 2.021256e+01  4.754214e-02 
 2.021296e+01  4.655044e-02 
 2.021336e+01  4.554795e-02 
 2.021376e+01  4.452456e-02 
 2.021415e+01  4.348274e-02 
 2.021455e+01  4.242768e-02 
 2.021495e+01  4.135746e-02 
 2.021535e+01  4.024674e-02 
 2.021574e+01  3.912138e-02 
 2.021614e+01  3.798623e-02 
 2.021654e+01  3.682620e-02 
 2.021694e+01  3.565607e-02 
 2.021733e+01  3.448177e-02 
 2.021773e+01  3.330301e-02 
 2.021813e+01  3.210166e-02 
 2.021853e+01  3.089689e-02 
 2.021893e+01  2.969565e-02 
 2.021932e+01  2.847230e-02 
 2.021972e+01  2.723544e-02 
 2.022012e+01  2.598447e-02 
 2.022052e+01  2.471614e-02 
 2.022091e+01  2.345128e-02 
 2.022131e+01  2.218841e-02 
 2.022171e+01  2.092404e-02 
 2.022211e+01  1.965649e-02 
 2.022250e+01  1.839559e-02 
 2.022290e+01  1.713348e-02 
 2.022330e+01  1.586739e-02 
 2.022370e+01  1.461134e-02 
 2.022410e+01  1.335125e-02 
 2.022449e+01  1.208843e-02 
 2.022489e+01  1.083316e-02 
 2.022529e+01  9.575592e-03 
 2.022569e+01  8.317228e-03 
 2.022608e+01  7.081606e-03 
 2.022648e+01  5.864661e-03 
 2.022688e+01  4.651773e-03 
 2.022728e+01  3.450069e-03 
 2.022767e+01  2.270560e-03 
 2.022807e+01  1.102801e-03 
 2.022847e+01 -5.083101e-05 
 2.022887e+01 -1.185250e-03 
 2.022927e+01 -2.313074e-03 
 2.022966e+01 -3.431923e-03 
 2.023006e+01 -4.522231e-03 
 2.023046e+01 -5.601560e-03 
 2.023086e+01 -6.656092e-03 
 2.023125e+01 -7.676355e-03 
 2.023165e+01 -8.689116e-03 
 2.023205e+01 -9.673116e-03 
 2.023245e+01 -1.064116e-02 
 2.023284e+01 -1.157886e-02 
 2.023324e+01 -1.248929e-02 
 2.023364e+01 -1.338011e-02 
 2.023404e+01 -1.426050e-02 
 2.023444e+01 -1.512572e-02 
 2.023483e+01 -1.595934e-02 
 2.023523e+01 -1.678299e-02 
 2.023563e+01 -1.757534e-02 
 2.023603e+01 -1.834397e-02 
 2.023642e+01 -1.910504e-02 
 2.023682e+01 -1.983716e-02 
 2.023722e+01 -2.054999e-02 
 2.023762e+01 -2.123110e-02 
 2.023801e+01 -2.188084e-02 
 2.023841e+01 -2.251504e-02 
 2.023881e+01 -2.312873e-02 
 2.023921e+01 -2.373416e-02 
 2.023961e+01 -2.430368e-02 
 2.024000e+01 -2.483956e-02 
 2.024040e+01 -2.535336e-02 
 2.024080e+01 -2.583951e-02 
 2.024120e+01 -2.629416e-02 
 2.024159e+01 -2.673358e-02 
 2.024199e+01 -2.713233e-02 
 2.024239e+01 -2.750341e-02 
 2.024279e+01 -2.783886e-02 
 2.024318e+01 -2.816317e-02 
 2.024358e+01 -2.844775e-02 
 2.024398e+01 -2.871962e-02 
 2.024438e+01 -2.896761e-02 
 2.024478e+01 -2.918255e-02 
 2.024517e+01 -2.935675e-02 
 2.024557e+01 -2.951581e-02 
 2.024597e+01 -2.962950e-02 
 2.024637e+01 -2.971838e-02 
 2.024676e+01 -2.977470e-02 
 2.024716e+01 -2.979528e-02 
 2.024756e+01 -2.977470e-02 
 2.024796e+01 -2.972719e-02 
 2.024835e+01 -2.965914e-02 
 2.024875e+01 -2.954638e-02 
 2.024915e+01 -2.941819e-02 
 2.024955e+01 -2.926766e-02 
 2.024995e+01 -2.906645e-02 
 2.025034e+01 -2.882344e-02 
 2.025074e+01 -2.855467e-02 
 2.025114e+01 -2.825770e-02 
 2.025154e+01 -2.792539e-02 
 2.025193e+01 -2.755959e-02 
 2.025233e+01 -2.717147e-02 
 2.025273e+01 -2.673232e-02 
 2.025313e+01 -2.626576e-02 
 2.025352e+01 -2.577292e-02 
 2.025392e+01 -2.526641e-02 
 2.025432e+01 -2.471040e-02 
 2.025472e+01 -2.413319e-02 
 2.025512e+01 -2.351278e-02 
 2.025551e+01 -2.286061e-02 
 2.025591e+01 -2.220041e-02 
 2.025631e+01 -2.151741e-02 
 2.025671e+01 -2.079307e-02 
 2.025710e+01 -2.003925e-02 
 2.025750e+01 -1.926295e-02 
 2.025790e+01 -1.846174e-02 
 2.025830e+01 -1.763236e-02 
 2.025869e+01 -1.678852e-02 
 2.025909e+01 -1.591185e-02 
 2.025949e+01 -1.500105e-02 
 2.025989e+01 -1.406191e-02 
 2.026029e+01 -1.310810e-02 
 2.026068e+01 -1.214482e-02 
 2.026108e+01 -1.115522e-02 
 2.026148e+01 -1.014622e-02 
 2.026188e+01 -9.115531e-03 
 2.026227e+01 -8.050434e-03 
 2.026267e+01 -6.974574e-03 
 2.026307e+01 -5.888325e-03 
 2.026347e+01 -4.789582e-03 
 2.026386e+01 -3.666477e-03 
 2.026426e+01 -2.527531e-03 
 2.026466e+01 -1.387287e-03 
 2.026506e+01 -2.318694e-04 
 2.026546e+01  9.089487e-04 
 2.026585e+01  2.069715e-03 
 2.026625e+01  3.229713e-03 
 2.026665e+01  4.409255e-03 
 2.026705e+01  5.605262e-03 
 2.026744e+01  6.805083e-03 
 2.026784e+01  8.006655e-03 
 2.026824e+01  9.219715e-03 
 2.026864e+01  1.043528e-02 
 2.026903e+01  1.166530e-02 
 2.026943e+01  1.289386e-02 
 2.026983e+01  1.411673e-02 
 2.027023e+01  1.532585e-02 
 2.027063e+01  1.653043e-02 
 2.027102e+01  1.774428e-02 
 2.027142e+01  1.894548e-02 
 2.027182e+01  2.016697e-02 
 2.027222e+01  2.137669e-02 
 2.027261e+01  2.258313e-02 
 2.027301e+01  2.378221e-02 
 2.027341e+01  2.497412e-02 
 2.027381e+01  2.617117e-02 
 2.027420e+01  2.736798e-02 
 2.027460e+01  2.853804e-02 
 2.027500e+01  2.971159e-02 
 2.027540e+01  3.086566e-02 
 2.027580e+01  3.201444e-02 
 2.027619e+01  3.315912e-02 
 2.027659e+01  3.430739e-02 
 2.027699e+01  3.544563e-02 
 2.027739e+01  3.656665e-02 
 2.027778e+01  3.768811e-02 
 2.027818e+01  3.879367e-02 
 2.027858e+01  3.989358e-02 
 2.027898e+01  4.098691e-02 
 2.027937e+01  4.207906e-02 
 2.027977e+01  4.313480e-02 
 2.028017e+01  4.418305e-02 
 2.028057e+01  4.522572e-02 
 2.028097e+01  4.625969e-02 
 2.028136e+01  4.727948e-02 
 2.028176e+01  4.829400e-02 
 2.028216e+01  4.928103e-02 
 2.028256e+01  5.024050e-02 
 2.028295e+01  5.119549e-02 
 2.028335e+01  5.214348e-02 
 2.028375e+01  5.305622e-02 
 2.028415e+01  5.395293e-02 
 2.028455e+01  5.482380e-02 
 2.028494e+01  5.565948e-02 
 2.028534e+01  5.647498e-02 
 2.028574e+01  5.727458e-02 
 2.028614e+01  5.805515e-02 
 2.028653e+01  5.881090e-02 
 2.028693e+01  5.955150e-02 
 2.028733e+01  6.026298e-02 
 2.028773e+01  6.094353e-02 
 2.028812e+01  6.160992e-02 
 2.028852e+01  6.224193e-02 
 2.028892e+01  6.283215e-02 
 2.028932e+01  6.339304e-02 
 2.028972e+01  6.392372e-02 
 2.029011e+01  6.440986e-02 
 2.029051e+01  6.487583e-02 
 2.029091e+01  6.531560e-02 
 2.029131e+01  6.571894e-02 
 2.029170e+01  6.608725e-02 
 2.029210e+01  6.642445e-02 
 2.029250e+01  6.671614e-02 
 2.029290e+01  6.697987e-02 
 2.029329e+01  6.721299e-02 
 2.029369e+01  6.739822e-02 
 2.029409e+01  6.754826e-02 
 2.029449e+01  6.766671e-02 
 2.029489e+01  6.774141e-02 
 2.029528e+01  6.779111e-02 
 2.029568e+01  6.781850e-02 
 2.029608e+01  6.782089e-02 
 2.029648e+01  6.778724e-02 
 2.029687e+01  6.771340e-02 
 2.029727e+01  6.760793e-02 
 2.029767e+01  6.746859e-02 
 2.029807e+01  6.729516e-02 
 2.029846e+01  6.709998e-02 
 2.029886e+01  6.686504e-02 
 2.029926e+01  6.659918e-02 
 2.029966e+01  6.629296e-02 
 2.030006e+01  6.597974e-02 
 2.030045e+01  6.564256e-02 
 2.030085e+01  6.526421e-02 
 2.030125e+01  6.485809e-02 
 2.030165e+01  6.442223e-02 
 2.030204e+01  6.396205e-02 
 2.030244e+01  6.346643e-02 
 2.030284e+01  6.296059e-02 
 2.030324e+01  6.241915e-02 
 2.030363e+01  6.184090e-02 
 2.030403e+01  6.123549e-02 
 2.030443e+01  6.060430e-02 
 2.030483e+01  5.995002e-02 
 2.030523e+01  5.928212e-02 
 2.030562e+01  5.859495e-02 
 2.030602e+01  5.787754e-02 
 2.030642e+01  5.713527e-02 
 2.030682e+01  5.638406e-02 
 2.030721e+01  5.560937e-02 
 2.030761e+01  5.480438e-02 
 2.030801e+01  5.399062e-02 
 2.030841e+01  5.314227e-02 
 2.030880e+01  5.226919e-02 
 2.030920e+01  5.137685e-02 
 2.030960e+01  5.047580e-02 
 2.031000e+01  4.955270e-02 
 2.031040e+01  4.861267e-02 
 2.031079e+01  4.765454e-02 
 2.031119e+01  4.666479e-02 
 2.031159e+01  4.566086e-02 
 2.031199e+01  4.463486e-02 
 2.031238e+01  4.359109e-02 
 2.031278e+01  4.251627e-02 
 2.031318e+01  4.144322e-02 
 2.031358e+01  4.032848e-02 
 2.031397e+01  3.921378e-02 
 2.031437e+01  3.808687e-02 
 2.031477e+01  3.696613e-02 
 2.031517e+01  3.582430e-02 
 2.031557e+01  3.468679e-02 
 2.031596e+01  3.352288e-02 
 2.031636e+01  3.234808e-02 
 2.031676e+01  3.115690e-02 
 2.031716e+01  2.995964e-02 
 2.031755e+01  2.874839e-02 
 2.031795e+01  2.752266e-02 
 2.031835e+01  2.629549e-02 
 2.031875e+01  2.506655e-02 
 2.031914e+01  2.384374e-02 
 2.031954e+01  2.262302e-02 
 2.031994e+01  2.139736e-02 
 2.032034e+01  2.016357e-02 
 2.032074e+01  1.892072e-02 
 2.032113e+01  1.768196e-02 
 2.032153e+01  1.642502e-02 
 2.032193e+01  1.517441e-02 
 2.032233e+01  1.393752e-02 
 2.032272e+01  1.269173e-02 
 2.032312e+01  1.144603e-02 
 2.032352e+01  1.021974e-02 
 2.032392e+01  9.002324e-03 
 2.032431e+01  7.791311e-03 
 2.032471e+01  6.588812e-03 
 2.032511e+01  5.389009e-03 
 2.032551e+01  4.194978e-03 
 2.032591e+01  2.998650e-03 
 2.032630e+01  1.820269e-03 
 2.032670e+01  6.548710e-04 
 2.032710e+01 -5.058229e-04 
 2.032750e+01 -1.653755e-03 
 2.032789e+01 -2.788731e-03 
 2.032829e+01 -3.906910e-03 
 2.032869e+01 -4.999583e-03 
 2.032909e+01 -6.073063e-03 
 2.032948e+01 -7.137739e-03 
 2.032988e+01 -8.202201e-03 
 2.033028e+01 -9.238618e-03 
 2.033068e+01 -1.026438e-02 
 2.033108e+01 -1.126062e-02 
 2.033147e+01 -1.223875e-02 
 2.033187e+01 -1.320201e-02 
 2.033227e+01 -1.415163e-02 
 2.033267e+01 -1.507888e-02 
 2.033306e+01 -1.598244e-02 
 2.033346e+01 -1.685648e-02 
 2.033386e+01 -1.771483e-02 
 2.033426e+01 -1.852514e-02 
 2.033465e+01 -1.932905e-02 
 2.033505e+01 -2.009035e-02 
 2.033545e+01 -2.082156e-02 
 2.033585e+01 -2.151664e-02 
 2.033625e+01 -2.218656e-02 
 2.033664e+01 -2.283361e-02 
 2.033704e+01 -2.344644e-02 
 2.033744e+01 -2.404165e-02 
 2.033784e+01 -2.458829e-02 
 2.033823e+01 -2.510419e-02 
 2.033863e+01 -2.559141e-02 
 2.033903e+01 -2.605154e-02 
 2.033943e+01 -2.648378e-02 
 2.033982e+01 -2.688208e-02 
 2.034022e+01 -2.726302e-02 
 2.034062e+01 -2.761406e-02 
 2.034102e+01 -2.792339e-02 
 2.034142e+01 -2.821445e-02 
 2.034181e+01 -2.848321e-02 
 2.034221e+01 -2.870966e-02 
 2.034261e+01 -2.891857e-02 
 2.034301e+01 -2.909324e-02 
 2.034340e+01 -2.922979e-02 
 2.034380e+01 -2.933835e-02 
 2.034420e+01 -2.942979e-02 
 2.034460e+01 -2.948804e-02 
 2.034499e+01 -2.951762e-02 
 2.034539e+01 -2.953073e-02 
 2.034579e+01 -2.951597e-02 
 2.034619e+01 -2.945724e-02 
 2.034659e+01 -2.939235e-02 
 2.034698e+01 -2.929183e-02 
 2.034738e+01 -2.915617e-02 
 2.034778e+01 -2.898127e-02 
 2.034818e+01 -2.878103e-02 
 2.034857e+01 -2.855164e-02 
 2.034897e+01 -2.829770e-02 
 2.034937e+01 -2.802628e-02 
 2.034977e+01 -2.772196e-02 
 2.035016e+01 -2.737611e-02 
 2.035056e+01 -2.700501e-02 
 2.035096e+01 -2.660776e-02 
 2.035136e+01 -2.617837e-02 
 2.035176e+01 -2.572937e-02 
 2.035215e+01 -2.524836e-02 
 2.035255e+01 -2.472877e-02 
 2.035295e+01 -2.417582e-02 
 2.035335e+01 -2.359238e-02 
 2.035374e+01 -2.298375e-02 
 2.035414e+01 -2.234787e-02 
 2.035454e+01 -2.167392e-02 
 2.035494e+01 -2.096815e-02 
 2.035533e+01 -2.023241e-02 
 2.035573e+01 -1.947957e-02 
 2.035613e+01 -1.870764e-02 
 2.035653e+01 -1.789410e-02 
 2.035693e+01 -1.706429e-02 
 2.035732e+01 -1.618864e-02 
 2.035772e+01 -1.529281e-02 
 2.035812e+01 -1.438317e-02 
 2.035852e+01 -1.344640e-02 
 2.035891e+01 -1.250301e-02 
 2.035931e+01 -1.154082e-02 
 2.035971e+01 -1.054692e-02 
 2.036011e+01 -9.543387e-03 
 2.036050e+01 -8.516353e-03 
 2.036090e+01 -7.486709e-03 
 2.036130e+01 -6.443194e-03 
 2.036170e+01 -5.373166e-03 
 2.036210e+01 -4.289604e-03 
 2.036249e+01 -3.180619e-03 
 2.036289e+01 -2.055835e-03 
 2.036329e+01 -9.176705e-04 
 2.036369e+01  2.189780e-04 
 2.036408e+01  1.381385e-03 
 2.036448e+01  2.554250e-03 
 2.036488e+01  3.738013e-03 
 2.036528e+01  4.924293e-03 
 2.036567e+01  6.123432e-03 
 2.036607e+01  7.328288e-03 
 2.036647e+01  8.531930e-03 
 2.036687e+01  9.774596e-03 
 2.036727e+01  1.102107e-02 
 2.036766e+01  1.226593e-02 
 2.036806e+01  1.350692e-02 
 2.036846e+01  1.474662e-02 
 2.036886e+01  1.599243e-02 
 2.036925e+01  1.723355e-02 
 2.036965e+01  1.849800e-02 
 2.037005e+01  1.976119e-02 
 2.037045e+01  2.101725e-02 
 2.037084e+01  2.226260e-02 
 2.037124e+01  2.350577e-02 
 2.037164e+01  2.474261e-02 
 2.037204e+01  2.598992e-02 
 2.037244e+01  2.722954e-02 
 2.037283e+01  2.844621e-02 
 2.037323e+01  2.965050e-02 
 2.037363e+01  3.085216e-02 
 2.037403e+01  3.204819e-02 
 2.037442e+01  3.323752e-02 
 2.037482e+01  3.441997e-02 
 2.037522e+01  3.559590e-02 
 2.037562e+01  3.673992e-02 
 2.037602e+01  3.788199e-02 
 2.037641e+01  3.900839e-02 
 2.037681e+01  4.012943e-02 
 2.037721e+01  4.122157e-02 
 2.037761e+01  4.228678e-02 
 2.037800e+01  4.332389e-02 
 2.037840e+01  4.434035e-02 
 2.037880e+01  4.535811e-02 
 2.037920e+01  4.636621e-02 
 2.037959e+01  4.734960e-02 
 2.037999e+01  4.831351e-02 
 2.038039e+01  4.924865e-02 
 2.038079e+01  5.016337e-02 
 2.038119e+01  5.106233e-02 
 2.038158e+01  5.194071e-02 
 2.038198e+01  5.280319e-02 
 2.038238e+01  5.363965e-02 
 2.038278e+01  5.446562e-02 
 2.038317e+01  5.527466e-02 
 2.038357e+01  5.606903e-02 
 2.038397e+01  5.685011e-02 
 2.038437e+01  5.760166e-02 
 2.038476e+01  5.833662e-02 
 2.038516e+01  5.904448e-02 
 2.038556e+01  5.973536e-02 
 2.038596e+01  6.039130e-02 
 2.038636e+01  6.102792e-02 
 2.038675e+01  6.164132e-02 
 2.038715e+01  6.221946e-02 
 2.038755e+01  6.277340e-02 
 2.038795e+01  6.331007e-02 
 2.038834e+01  6.382033e-02 
 2.038874e+01  6.429967e-02 
 2.038914e+01  6.476858e-02 
 2.038954e+01  6.520726e-02 
 2.038993e+01  6.559531e-02 
 2.039033e+01  6.595949e-02 
 2.039073e+01  6.630362e-02 
 2.039113e+01  6.660541e-02 
 2.039153e+01  6.687661e-02 
 2.039192e+01  6.711840e-02 
 2.039232e+01  6.733989e-02 
 2.039272e+01  6.750779e-02 
 2.039312e+01  6.766138e-02 
 2.039351e+01  6.778096e-02 
 2.039391e+01  6.786282e-02 
 2.039431e+01  6.790977e-02 
 2.039471e+01  6.792744e-02 
 2.039510e+01  6.789777e-02 
 2.039550e+01  6.783363e-02 
 2.039590e+01  6.774192e-02 
 2.039630e+01  6.761107e-02 
 2.039670e+01  6.743774e-02 
 2.039709e+01  6.722526e-02 
 2.039749e+01  6.698530e-02 
 2.039789e+01  6.671761e-02 
 2.039829e+01  6.641694e-02 
 2.039868e+01  6.610108e-02 
 2.039908e+01  6.573575e-02 
 2.039948e+01  6.533915e-02 
 2.039988e+01  6.490881e-02 
 2.040027e+01  6.444086e-02 
 2.040067e+01  6.394960e-02 
 2.040107e+01  6.341624e-02 
 2.040147e+01  6.285615e-02 
 2.040187e+01  6.226513e-02 
 2.040226e+01  6.164768e-02 
 2.040266e+01  6.101525e-02 
 2.040306e+01  6.037135e-02 
 2.040346e+01  5.969795e-02 
 2.040385e+01  5.899657e-02 
 2.040425e+01  5.827605e-02 
 2.040465e+01  5.752946e-02 
 2.040505e+01  5.674940e-02 
 2.040544e+01  5.594966e-02 
 2.040584e+01  5.511974e-02 
 2.040624e+01  5.425917e-02 
 2.040664e+01  5.336623e-02 
 2.040704e+01  5.245922e-02 
 2.040743e+01  5.153707e-02 
 2.040783e+01  5.060790e-02 
 2.040823e+01  4.966248e-02 
 2.040863e+01  4.869692e-02 
 2.040902e+01  4.770933e-02 
 2.040942e+01  4.670114e-02 
 2.040982e+01  4.568144e-02 
 2.041022e+01  4.463702e-02 
 2.041061e+01  4.358039e-02 
 2.041101e+01  4.250212e-02 
 2.041141e+01  4.141613e-02 
 2.041181e+01  4.032590e-02 
 2.041221e+01  3.922537e-02 
 2.041260e+01  3.811925e-02 
 2.041300e+01  3.701192e-02 
 2.041340e+01  3.587705e-02 
 2.041380e+01  3.473565e-02 
 2.041419e+01  3.358838e-02 
 2.041459e+01  3.242504e-02 
 2.041499e+01  3.124526e-02 
 2.041539e+01  3.007340e-02 
 2.041578e+01  2.888364e-02 
 2.041618e+01  2.766986e-02 
 2.041658e+01  2.646685e-02 
 2.041698e+01  2.526506e-02 
 2.041738e+01  2.405818e-02 
 2.041777e+01  2.284443e-02 
 2.041817e+01  2.164513e-02 
 2.041857e+01  2.042898e-02 
 2.041897e+01  1.919672e-02 
 2.041936e+01  1.798057e-02 
 2.041976e+01  1.675209e-02 
 2.042016e+01  1.551977e-02 
 2.042056e+01  1.429608e-02 
 2.042095e+01  1.307740e-02 
 2.042135e+01  1.184676e-02 
 2.042175e+01  1.063282e-02 
 2.042215e+01  9.435796e-03 
 2.042255e+01  8.231007e-03 
 2.042294e+01  7.034515e-03 
 2.042334e+01  5.852718e-03 
 2.042374e+01  4.666041e-03 
 2.042414e+01  3.482465e-03 
 2.042453e+01  2.320894e-03 
 2.042493e+01  1.166961e-03 
 2.042533e+01  5.562345e-06 
 2.042573e+01 -1.147327e-03 
 2.042612e+01 -2.282388e-03 
 2.042652e+01 -3.405940e-03 
 2.042692e+01 -4.504337e-03 
 2.042732e+01 -5.584740e-03 
 2.042772e+01 -6.663088e-03 
 2.042811e+01 -7.737878e-03 
 2.042851e+01 -8.787696e-03 
 2.042891e+01 -9.828533e-03 
 2.042931e+01 -1.085000e-02 
 2.042970e+01 -1.184901e-02 
 2.043010e+01 -1.282654e-02 
 2.043050e+01 -1.378309e-02 
 2.043090e+01 -1.470876e-02 
 2.043129e+01 -1.560219e-02 
 2.043169e+01 -1.647325e-02 
 2.043209e+01 -1.733417e-02 
 2.043249e+01 -1.816797e-02 
 2.043289e+01 -1.897794e-02 
 2.043328e+01 -1.977411e-02 
 2.043368e+01 -2.053615e-02 
 2.043408e+01 -2.126271e-02 
 2.043448e+01 -2.197771e-02 
 2.043487e+01 -2.265827e-02 
 2.043527e+01 -2.330945e-02 
 2.043567e+01 -2.392882e-02 
 2.043607e+01 -2.452221e-02 
 2.043646e+01 -2.506773e-02 
 2.043686e+01 -2.560057e-02 
 2.043726e+01 -2.611076e-02 
 2.043766e+01 -2.658627e-02 
 2.043806e+01 -2.702927e-02 
 2.043845e+01 -2.744622e-02 
 2.043885e+01 -2.781991e-02 
 2.043925e+01 -2.815726e-02 
 2.043965e+01 -2.846783e-02 
 2.044004e+01 -2.874816e-02 
 2.044044e+01 -2.898555e-02 
 2.044084e+01 -2.919781e-02 
 2.044124e+01 -2.938121e-02 
 2.044163e+01 -2.953426e-02 
 2.044203e+01 -2.965364e-02 
 2.044243e+01 -2.974641e-02 
 2.044283e+01 -2.979675e-02 
 2.044323e+01 -2.980932e-02 
 2.044362e+01 -2.978445e-02 
 2.044402e+01 -2.973454e-02 
 2.044442e+01 -2.965066e-02 
 2.044482e+01 -2.954852e-02 
 2.044521e+01 -2.941492e-02 
 2.044561e+01 -2.925523e-02 
 2.044601e+01 -2.905766e-02 
 2.044641e+01 -2.883909e-02 
 2.044680e+01 -2.860481e-02 
 2.044720e+01 -2.832723e-02 
 2.044760e+01 -2.803502e-02 
 2.044800e+01 -2.769803e-02 
 2.044840e+01 -2.732401e-02 
 2.044879e+01 -2.692862e-02 
 2.044919e+01 -2.651197e-02 
 2.044959e+01 -2.606538e-02 
 2.044999e+01 -2.558785e-02 
 2.045038e+01 -2.508732e-02 
 2.045078e+01 -2.455473e-02 
 2.045118e+01 -2.399017e-02 
 2.045158e+01 -2.341248e-02 
 2.045197e+01 -2.280866e-02 
 2.045237e+01 -2.217253e-02 
 2.045277e+01 -2.150140e-02 
 2.045317e+01 -2.081369e-02 
 2.045357e+01 -2.009701e-02 
 2.045396e+01 -1.936356e-02 
 2.045436e+01 -1.861791e-02 
 2.045476e+01 -1.784584e-02 
 2.045516e+01 -1.703433e-02 
 2.045555e+01 -1.621729e-02 
 2.045595e+01 -1.537275e-02 
 2.045635e+01 -1.451094e-02 
 2.045675e+01 -1.362926e-02 
 2.045714e+01 -1.274254e-02 
 2.045754e+01 -1.179564e-02 
 2.045794e+01 -1.084362e-02 
 2.045834e+01 -9.872028e-03 
 2.045874e+01 -8.868020e-03 
 2.045913e+01 -7.853374e-03 
 2.045953e+01 -6.817142e-03 
 2.045993e+01 -5.758694e-03 
 2.046033e+01 -4.669857e-03 
 2.046072e+01 -3.587837e-03 
 2.046112e+01 -2.488548e-03 
 2.046152e+01 -1.368245e-03 
 2.046192e+01 -2.456492e-04 
 2.046231e+01  8.940362e-04 
 2.046271e+01  2.070219e-03 
 2.046311e+01  3.245148e-03 
 2.046351e+01  4.439253e-03 
 2.046391e+01  5.642110e-03 
 2.046430e+01  6.844071e-03 
 2.046470e+01  8.064559e-03 
 2.046510e+01  9.291229e-03 
 2.046550e+01  1.053107e-02 
 2.046589e+01  1.175920e-02 
 2.046629e+01  1.299203e-02 
 2.046669e+01  1.423764e-02 
 2.046709e+01  1.547875e-02 
 2.046749e+01  1.674477e-02 
 2.046788e+01  1.800386e-02 
 2.046828e+01  1.927105e-02 
 2.046868e+01  2.052763e-02 
 2.046908e+01  2.177488e-02 
 2.046947e+01  2.302214e-02 
 2.046987e+01  2.428007e-02 
 2.047027e+01  2.552888e-02 
 2.047067e+01  2.677455e-02 
 2.047106e+01  2.799953e-02 
 2.047146e+01  2.921981e-02 
 2.047186e+01  3.044158e-02 
 2.047226e+01  3.166641e-02 
 2.047266e+01  3.288393e-02 
 2.047305e+01  3.408555e-02 
 2.047345e+01  3.526684e-02 
 2.047385e+01  3.643230e-02 
 2.047425e+01  3.758350e-02 
 2.047464e+01  3.872732e-02 
 2.047504e+01  3.986538e-02 
 2.047544e+01  4.096492e-02 
 2.047584e+01  4.204346e-02 
 2.047623e+01  4.311241e-02 
 2.047663e+01  4.417194e-02 
 2.047703e+01  4.523153e-02 
 2.047743e+01  4.626616e-02 
 2.047783e+01  4.728178e-02 
 2.047822e+01  4.827980e-02 
 2.047862e+01  4.925596e-02 
 2.047902e+01  5.021982e-02 
 2.047942e+01  5.114648e-02 
 2.047981e+01  5.207071e-02 
 2.048021e+01  5.294857e-02 
 2.048061e+01  5.379963e-02 
 2.048101e+01  5.462836e-02 
 2.048140e+01  5.544170e-02 
 2.048180e+01  5.622301e-02 
 2.048220e+01  5.699544e-02 
 2.048260e+01  5.774275e-02 
 2.048300e+01  5.844912e-02 
 2.048339e+01  5.912493e-02 
 2.048379e+01  5.978443e-02 
 2.048419e+01  6.042009e-02 
 2.048459e+01  6.100329e-02 
 2.048498e+01  6.157213e-02 
 2.048538e+01  6.211316e-02 
 2.048578e+01  6.262075e-02 
 2.048618e+01  6.311433e-02 
 2.048657e+01  6.359539e-02 
 2.048697e+01  6.405060e-02 
 2.048737e+01  6.447634e-02 
 2.048777e+01  6.487949e-02 
 2.048817e+01  6.524530e-02 
 2.048856e+01  6.558805e-02 
 2.048896e+01  6.590123e-02 
 2.048936e+01  6.620125e-02 
 2.048976e+01  6.644436e-02 
 2.049015e+01  6.667126e-02 
 2.049055e+01  6.687419e-02 
 2.049095e+01  6.704710e-02 
 2.049135e+01  6.719736e-02 
 2.049174e+01  6.733031e-02 
 2.049214e+01  6.743694e-02 
 2.049254e+01  6.749965e-02 
 2.049294e+01  6.753240e-02 
 2.049334e+01  6.753674e-02 
 2.049373e+01  6.751533e-02 
 2.049413e+01  6.745003e-02 
 2.049453e+01  6.735994e-02 
 2.049493e+01  6.722210e-02 
 2.049532e+01  6.705522e-02 
 2.049572e+01  6.687013e-02 
 2.049612e+01  6.665551e-02 
 2.049652e+01  6.640109e-02 
 2.049691e+01  6.612368e-02 
 2.049731e+01  6.580290e-02 
 2.049771e+01  6.545884e-02 
 2.049811e+01  6.507097e-02 
 2.049851e+01  6.466628e-02 
 2.049890e+01  6.422040e-02 
 2.049930e+01  6.374222e-02 
 2.049970e+01  6.323464e-02 
 2.050010e+01  6.267459e-02 
 2.050049e+01  6.209867e-02 
 2.050089e+01  6.149845e-02 
 2.050129e+01  6.084965e-02 
 2.050169e+01  6.017515e-02 
 2.050208e+01  5.947826e-02 
 2.050248e+01  5.873666e-02 
 2.050288e+01  5.797937e-02 
 2.050328e+01  5.719184e-02 
 2.050368e+01  5.638614e-02 
 2.050407e+01  5.554611e-02 
 2.050447e+01  5.469456e-02 
 2.050487e+01  5.381354e-02 
 2.050527e+01  5.290712e-02 
 2.050566e+01  5.199263e-02 
 2.050606e+01  5.106151e-02 
 2.050646e+01  5.009968e-02 
 2.050686e+01  4.912557e-02 
 2.050725e+01  4.813726e-02 
 2.050765e+01  4.712297e-02 
 2.050805e+01  4.609830e-02 
 2.050845e+01  4.505248e-02 
 2.050885e+01  4.400236e-02 
 2.050924e+01  4.291890e-02 
 2.050964e+01  4.183267e-02 
 2.051004e+01  4.072047e-02 
 2.051044e+01  3.960541e-02 
 2.051083e+01  3.848197e-02 
 2.051123e+01  3.734658e-02 
 2.051163e+01  3.619738e-02 
 2.051203e+01  3.503251e-02 
 2.051242e+01  3.385568e-02 
 2.051282e+01  3.268198e-02 
 2.051322e+01  3.148305e-02 
 2.051362e+01  3.027559e-02 
 2.051402e+01  2.906659e-02 
 2.051441e+01  2.783816e-02 
 2.051481e+01  2.661735e-02 
 2.051521e+01  2.539689e-02 
 2.051561e+01  2.417404e-02 
 2.051600e+01  2.294790e-02 
 2.051640e+01  2.172339e-02 
 2.051680e+01  2.049222e-02 
 2.051720e+01  1.925492e-02 
 2.051759e+01  1.802474e-02 
 2.051799e+01  1.680857e-02 
 2.051839e+01  1.558289e-02 
 2.051879e+01  1.435912e-02 
 2.051919e+01  1.314870e-02 
 2.051958e+01  1.194530e-02 
 2.051998e+01  1.075159e-02 
 2.052038e+01  9.566291e-03 
 2.052078e+01  8.380439e-03 
 2.052117e+01  7.192655e-03 
 2.052157e+01  6.013464e-03 
 2.052197e+01  4.849245e-03 
 2.052237e+01  3.686638e-03 
 2.052276e+01  2.532599e-03 
 2.052316e+01  1.396460e-03 
 2.052356e+01  2.510706e-04 
 2.052396e+01 -8.723552e-04 
 2.052436e+01 -1.964006e-03 
 2.052475e+01 -3.037620e-03 
 2.052515e+01 -4.112826e-03 
 2.052555e+01 -5.175182e-03 
 2.052595e+01 -6.224215e-03 
 2.052634e+01 -7.267548e-03 
 2.052674e+01 -8.287903e-03 
 2.052714e+01 -9.286991e-03 
 2.052754e+01 -1.028356e-02 
 2.052793e+01 -1.125081e-02 
 2.052833e+01 -1.220610e-02 
 2.052873e+01 -1.314258e-02 
 2.052913e+01 -1.406442e-02 
 2.052953e+01 -1.496459e-02 
 2.052992e+01 -1.585212e-02 
 2.053032e+01 -1.673456e-02 
 2.053072e+01 -1.759465e-02 
 2.053112e+01 -1.843415e-02 
 2.053151e+01 -1.924645e-02 
 2.053191e+01 -2.003394e-02 
 2.053231e+01 -2.079964e-02 
 2.053271e+01 -2.152941e-02 
 2.053310e+01 -2.225626e-02 
 2.053350e+01 -2.293368e-02 
 2.053390e+01 -2.357725e-02 
 2.053430e+01 -2.420597e-02 
 2.053470e+01 -2.479920e-02 
 2.053509e+01 -2.536514e-02 
 2.053549e+01 -2.591288e-02 
 2.053589e+01 -2.643152e-02 
 2.053629e+01 -2.690760e-02 
 2.053668e+01 -2.735547e-02 
 2.053708e+01 -2.775499e-02 
 2.053748e+01 -2.812397e-02 
 2.053788e+01 -2.845868e-02 
 2.053827e+01 -2.877091e-02 
 2.053867e+01 -2.902697e-02 
 2.053907e+01 -2.926903e-02 
 2.053947e+01 -2.947237e-02 
 2.053987e+01 -2.964482e-02 
 2.054026e+01 -2.977509e-02 
 2.054066e+01 -2.988688e-02 
 2.054106e+01 -2.996330e-02 
 2.054146e+01 -3.000260e-02 
 2.054185e+01 -3.000036e-02 
 2.054225e+01 -2.999020e-02 
 2.054265e+01 -2.993382e-02 
 2.054305e+01 -2.985314e-02 
 2.054344e+01 -2.972213e-02 
 2.054384e+01 -2.956401e-02 
 2.054424e+01 -2.937300e-02 
 2.054464e+01 -2.916207e-02 
 2.054504e+01 -2.892272e-02 
 2.054543e+01 -2.865082e-02 
 2.054583e+01 -2.834659e-02 
 2.054623e+01 -2.800298e-02 
 2.054663e+01 -2.762160e-02 
 2.054702e+01 -2.721190e-02 
 2.054742e+01 -2.677890e-02 
 2.054782e+01 -2.631393e-02 
 2.054822e+01 -2.581585e-02 
 2.054861e+01 -2.530268e-02 
 2.054901e+01 -2.475588e-02 
 2.054941e+01 -2.419408e-02 
 2.054981e+01 -2.360952e-02 
 2.055021e+01 -2.300197e-02 
 2.055060e+01 -2.235341e-02 
 2.055100e+01 -2.167579e-02 
 2.055140e+01 -2.097895e-02 
 2.055180e+01 -2.026553e-02 
 2.055219e+01 -1.951296e-02 
 2.055259e+01 -1.875226e-02 
 2.055299e+01 -1.795852e-02 
 2.055339e+01 -1.713090e-02 
 2.055378e+01 -1.629274e-02 
 2.055418e+01 -1.544025e-02 
 2.055458e+01 -1.457346e-02 
 2.055498e+01 -1.366201e-02 
 2.055538e+01 -1.274607e-02 
 2.055577e+01 -1.178121e-02 
 2.055617e+01 -1.079822e-02 
 2.055657e+01 -9.818026e-03 
 2.055697e+01 -8.822289e-03 
 2.055736e+01 -7.808015e-03 
 2.055776e+01 -6.789159e-03 
 2.055816e+01 -5.760978e-03 
 2.055856e+01 -4.708705e-03 
 2.055896e+01 -3.632458e-03 
 2.055935e+01 -2.573126e-03 
 2.055975e+01 -1.472059e-03 
 2.056015e+01 -3.495242e-04 
 2.056055e+01  7.739520e-04 
 2.056094e+01  1.915858e-03 
 2.056134e+01  3.063723e-03 
 2.056174e+01  4.209794e-03 
 2.056214e+01  5.356123e-03 
 2.056253e+01  6.528369e-03 
 2.056293e+01  7.714916e-03 
 2.056333e+01  8.886941e-03 
 2.056373e+01  1.009025e-02 
 2.056413e+01  1.128923e-02 
 2.056452e+01  1.249572e-02 
 2.056492e+01  1.371516e-02 
 2.056532e+01  1.494878e-02 
 2.056572e+01  1.619145e-02 
 2.056611e+01  1.743437e-02 
 2.056651e+01  1.867815e-02 
 2.056691e+01  1.992153e-02 
 2.056731e+01  2.115788e-02 
 2.056770e+01  2.240573e-02 
 2.056810e+01  2.365536e-02 
 2.056850e+01  2.489218e-02 
 2.056890e+01  2.612234e-02 
 2.056930e+01  2.734582e-02 
 2.056969e+01  2.858031e-02 
 2.057009e+01  2.980925e-02 
 2.057049e+01  3.103548e-02 
 2.057089e+01  3.225017e-02 
 2.057128e+01  3.345619e-02 
 2.057168e+01  3.464445e-02 
 2.057208e+01  3.583932e-02 
 2.057248e+01  3.702520e-02 
 2.057287e+01  3.819371e-02 
 2.057327e+01  3.934954e-02 
 2.057367e+01  4.048051e-02 
 2.057407e+01  4.160182e-02 
 2.057447e+01  4.272023e-02 
 2.057486e+01  4.382647e-02 
 2.057526e+01  4.491080e-02 
 2.057566e+01  4.598452e-02 
 2.057606e+01  4.703421e-02 
 2.057645e+01  4.805325e-02 
 2.057685e+01  4.904819e-02 
 2.057725e+01  5.002850e-02 
 2.057765e+01  5.096838e-02 
 2.057804e+01  5.190128e-02 
 2.057844e+01  5.279708e-02 
 2.057884e+01  5.367172e-02 
 2.057924e+01  5.454046e-02 
 2.057964e+01  5.539158e-02 
 2.058003e+01  5.622029e-02 
 2.058043e+01  5.701073e-02 
 2.058083e+01  5.777106e-02 
 2.058123e+01  5.849639e-02 
 2.058162e+01  5.919259e-02 
 2.058202e+01  5.987047e-02 
 2.058242e+01  6.051682e-02 
 2.058282e+01  6.113469e-02 
 2.058321e+01  6.172113e-02 
 2.058361e+01  6.228159e-02 
 2.058401e+01  6.281675e-02 
 2.058441e+01  6.332661e-02 
 2.058481e+01  6.381579e-02 
 2.058520e+01  6.427757e-02 
 2.058560e+01  6.468631e-02 
 2.058600e+01  6.506123e-02 
 2.058640e+01  6.540446e-02 
 2.058679e+01  6.572055e-02 
 2.058719e+01  6.600366e-02 
 2.058759e+01  6.627409e-02 
 2.058799e+01  6.649698e-02 
 2.058838e+01  6.669426e-02 
 2.058878e+01  6.687637e-02 
 2.058918e+01  6.702683e-02 
 2.058958e+01  6.715208e-02 
 2.058998e+01  6.723948e-02 
 2.059037e+01  6.729022e-02 
 2.059077e+01  6.729399e-02 
 2.059117e+01  6.728840e-02 
 2.059157e+01  6.725717e-02 
 2.059196e+01  6.720823e-02 
 2.059236e+01  6.713060e-02 
 2.059276e+01  6.701522e-02 
 2.059316e+01  6.687759e-02 
 2.059355e+01  6.671594e-02 
 2.059395e+01  6.654069e-02 
 2.059435e+01  6.633705e-02 
 2.059475e+01  6.610955e-02 
 2.059515e+01  6.584929e-02 
 2.059554e+01  6.554363e-02 
 2.059594e+01  6.520971e-02 
 2.059634e+01  6.484540e-02 
 2.059674e+01  6.445957e-02 
 2.059713e+01  6.403620e-02 
 2.059753e+01  6.357903e-02 
 2.059793e+01  6.310106e-02 
 2.059833e+01  6.260014e-02 
 2.059872e+01  6.207560e-02 
 2.059912e+01  6.153327e-02 
 2.059952e+01  6.094800e-02 
 2.059992e+01  6.033037e-02 
 2.060032e+01  5.968148e-02 
 2.060071e+01  5.901327e-02 
 2.060111e+01  5.829946e-02 
 2.060151e+01  5.757326e-02 
 2.060191e+01  5.681550e-02 
 2.060230e+01  5.602239e-02 
 2.060270e+01  5.520634e-02 
 2.060310e+01  5.437280e-02 
 2.060350e+01  5.350801e-02 
 2.060389e+01  5.262879e-02 
 2.060429e+01  5.171976e-02 
 2.060469e+01  5.078108e-02 
 2.060509e+01  4.980406e-02 
 2.060549e+01  4.880504e-02 
 2.060588e+01  4.778545e-02 
 2.060628e+01  4.673309e-02 
 2.060668e+01  4.566830e-02 
 2.060708e+01  4.459419e-02 
 2.060747e+01  4.350044e-02 
 2.060787e+01  4.239926e-02 
 2.060827e+01  4.128036e-02 
 2.060867e+01  4.014290e-02 
 2.060906e+01  3.899044e-02 
 2.060946e+01  3.781609e-02 
 2.060986e+01  3.663702e-02 
 2.061026e+01  3.544843e-02 
 2.061066e+01  3.424340e-02 
 2.061105e+01  3.303579e-02 
 2.061145e+01  3.182135e-02 
 2.061185e+01  3.059671e-02 
 2.061225e+01  2.937676e-02 
 2.061264e+01  2.815197e-02 
 2.061304e+01  2.691985e-02 
 2.061344e+01  2.569550e-02 
 2.061384e+01  2.447433e-02 
 2.061423e+01  2.324563e-02 
 2.061463e+01  2.201173e-02 
 2.061503e+01  2.078054e-02 
 2.061543e+01  1.954300e-02 
 2.061583e+01  1.830767e-02 
 2.061622e+01  1.708415e-02 
 2.061662e+01  1.584454e-02 
 2.061702e+01  1.462011e-02 
 2.061742e+01  1.339895e-02 
 2.061781e+01  1.219215e-02 
 2.061821e+01  1.098619e-02 
 2.061861e+01  9.776409e-03 
 2.061901e+01  8.573308e-03 
 2.061940e+01  7.386724e-03 
 2.061980e+01  6.193425e-03 
 2.062020e+01  5.029899e-03 
 2.062060e+01  3.863866e-03 
 2.062100e+01  2.706483e-03 
 2.062139e+01  1.560007e-03 
 2.062179e+01  4.179904e-04 
 2.062219e+01 -7.003202e-04 
 2.062259e+01 -1.805451e-03 
 2.062298e+01 -2.875883e-03 
 2.062338e+01 -3.951721e-03 
 2.062378e+01 -5.024913e-03 
 2.062418e+01 -6.060765e-03 
 2.062457e+01 -7.108991e-03 
 2.062497e+01 -8.136245e-03 
 2.062537e+01 -9.155730e-03 
 2.062577e+01 -1.014404e-02 
 2.062617e+01 -1.114081e-02 
 2.062656e+01 -1.210629e-02 
 2.062696e+01 -1.304010e-02 
 2.062736e+01 -1.395444e-02 
 2.062776e+01 -1.485098e-02 
 2.062815e+01 -1.571199e-02 
 2.062855e+01 -1.656660e-02 
 2.062895e+01 -1.740457e-02 
 2.062935e+01 -1.820288e-02 
 2.062974e+01 -1.898503e-02 
 2.063014e+01 -1.974591e-02 
 2.063054e+01 -2.048506e-02 
 2.063094e+01 -2.119731e-02 
 2.063134e+01 -2.189767e-02 
 2.063173e+01 -2.256058e-02 
 2.063213e+01 -2.319130e-02 
 2.063253e+01 -2.378983e-02 
 2.063293e+01 -2.436639e-02 
 2.063332e+01 -2.491467e-02 
 2.063372e+01 -2.544292e-02 
 2.063412e+01 -2.594730e-02 
 2.063452e+01 -2.641389e-02 
 2.063491e+01 -2.685498e-02 
 2.063531e+01 -2.727980e-02 
 2.063571e+01 -2.767700e-02 
 2.063611e+01 -2.804645e-02 
 2.063651e+01 -2.838494e-02 
 2.063690e+01 -2.869501e-02 
 2.063730e+01 -2.897785e-02 
 2.063770e+01 -2.922837e-02 
 2.063810e+01 -2.946436e-02 
 2.063849e+01 -2.965294e-02 
 2.063889e+01 -2.981035e-02 
 2.063929e+01 -2.992812e-02 
 2.063969e+01 -3.000769e-02 
 2.064008e+01 -3.005247e-02 
 2.064048e+01 -3.007789e-02 
 2.064088e+01 -3.007886e-02 
 2.064128e+01 -3.003426e-02 
 2.064168e+01 -2.994796e-02 
 2.064207e+01 -2.983745e-02 
 2.064247e+01 -2.968266e-02 
 2.064287e+01 -2.950818e-02 
 2.064327e+01 -2.929055e-02 
 2.064366e+01 -2.903422e-02 
 2.064406e+01 -2.873528e-02 
 2.064446e+01 -2.840552e-02 
 2.064486e+01 -2.804917e-02 
 2.064525e+01 -2.766309e-02 
 2.064565e+01 -2.725498e-02 
 2.064605e+01 -2.681215e-02 
 2.064645e+01 -2.632088e-02 
 2.064685e+01 -2.580540e-02 
 2.064724e+01 -2.527035e-02 
 2.064764e+01 -2.469565e-02 
 2.064804e+01 -2.407980e-02 
 2.064844e+01 -2.343410e-02 
 2.064883e+01 -2.275424e-02 
 2.064923e+01 -2.203747e-02 
 2.064963e+01 -2.130917e-02 
 2.065003e+01 -2.056326e-02 
 2.065043e+01 -1.979725e-02 
 2.065082e+01 -1.900105e-02 
 2.065122e+01 -1.818630e-02 
 2.065162e+01 -1.735336e-02 
 2.065202e+01 -1.648940e-02 
 2.065241e+01 -1.561964e-02 
 2.065281e+01 -1.472662e-02 
 2.065321e+01 -1.379765e-02 
 2.065361e+01 -1.285657e-02 
 2.065400e+01 -1.189584e-02 
 2.065440e+01 -1.093300e-02 
 2.065480e+01 -9.952078e-03 
 2.065520e+01 -8.963334e-03 
 2.065560e+01 -7.953498e-03 
 2.065599e+01 -6.932513e-03 
 2.065639e+01 -5.906478e-03 
 2.065679e+01 -4.861829e-03 
 2.065719e+01 -3.798772e-03 
 2.065758e+01 -2.727340e-03 
 2.065798e+01 -1.638257e-03 
 2.065838e+01 -5.289909e-04 
 2.065878e+01  5.998274e-04 
 2.065917e+01  1.723680e-03 
 2.065957e+01  2.865123e-03 
 2.065997e+01  4.012066e-03 
 2.066037e+01  5.170040e-03 
 2.066077e+01  6.333212e-03 
 2.066116e+01  7.520962e-03 
 2.066156e+01  8.705170e-03 
 2.066196e+01  9.901483e-03 
 2.066236e+01  1.111345e-02 
 2.066275e+01  1.232409e-02 
 2.066315e+01  1.355423e-02 
 2.066355e+01  1.479271e-02 
 2.066395e+01  1.602761e-02 
 2.066434e+01  1.724019e-02 
 2.066474e+01  1.846508e-02 
 2.066514e+01  1.968870e-02 
 2.066554e+01  2.090731e-02 
 2.066594e+01  2.213471e-02 
 2.066633e+01  2.336117e-02 
 2.066673e+01  2.457180e-02 
 2.066713e+01  2.578478e-02 
 2.066753e+01  2.702144e-02 
 2.066792e+01  2.825658e-02 
 2.066832e+01  2.948060e-02 
 2.066872e+01  3.070651e-02 
 2.066912e+01  3.191558e-02 
 2.066951e+01  3.308666e-02 
 2.066991e+01  3.426764e-02 
 2.067031e+01  3.543653e-02 
 2.067071e+01  3.659635e-02 
 2.067111e+01  3.773380e-02 
 2.067150e+01  3.886984e-02 
 2.067190e+01  3.998935e-02 
 2.067230e+01  4.110862e-02 
 2.067270e+01  4.222533e-02 
 2.067309e+01  4.331861e-02 
 2.067349e+01  4.438831e-02 
 2.067389e+01  4.543549e-02 
 2.067429e+01  4.646758e-02 
 2.067468e+01  4.747014e-02 
 2.067508e+01  4.846964e-02 
 2.067548e+01  4.944848e-02 
 2.067588e+01  5.041921e-02 
 2.067628e+01  5.136178e-02 
 2.067667e+01  5.229431e-02 
 2.067707e+01  5.321012e-02 
 2.067747e+01  5.412081e-02 
 2.067787e+01  5.499630e-02 
 2.067826e+01  5.585919e-02 
 2.067866e+01  5.668134e-02 
 2.067906e+01  5.746928e-02 
 2.067946e+01  5.822758e-02 
 2.067985e+01  5.897491e-02 
 2.068025e+01  5.969421e-02 
 2.068065e+01  6.037874e-02 
 2.068105e+01  6.104403e-02 
 2.068145e+01  6.168014e-02 
 2.068184e+01  6.227635e-02 
 2.068224e+01  6.286359e-02 
 2.068264e+01  6.342439e-02 
 2.068304e+01  6.393778e-02 
 2.068343e+01  6.441806e-02 
 2.068383e+01  6.486348e-02 
 2.068423e+01  6.527266e-02 
 2.068463e+01  6.564187e-02 
 2.068502e+01  6.599411e-02 
 2.068542e+01  6.630038e-02 
 2.068582e+01  6.657488e-02 
 2.068622e+01  6.681438e-02 
 2.068662e+01  6.702850e-02 
 2.068701e+01  6.721546e-02 
 2.068741e+01  6.738026e-02 
 2.068781e+01  6.751054e-02 
 2.068821e+01  6.758797e-02 
 2.068860e+01  6.763871e-02 
 2.068900e+01  6.764473e-02 
 2.068940e+01  6.762790e-02 
 2.068980e+01  6.758825e-02 
 2.069019e+01  6.751472e-02 
 2.069059e+01  6.740022e-02 
 2.069099e+01  6.726122e-02 
 2.069139e+01  6.710071e-02 
 2.069179e+01  6.690862e-02 
 2.069218e+01  6.669517e-02 
 2.069258e+01  6.644842e-02 
 2.069298e+01  6.615624e-02 
 2.069338e+01  6.582951e-02 
 2.069377e+01  6.548338e-02 
 2.069417e+01  6.509225e-02 
 2.069457e+01  6.469929e-02 
 2.069497e+01  6.427503e-02 
 2.069536e+01  6.383004e-02 
 2.069576e+01  6.335591e-02 
 2.069616e+01  6.287406e-02 
 2.069656e+01  6.237264e-02 
 2.069696e+01  6.183798e-02 
 2.069735e+01  6.127842e-02 
 2.069775e+01  6.068745e-02 
 2.069815e+01  6.005787e-02 
 2.069855e+01  5.940548e-02 
 2.069894e+01  5.873452e-02 
 2.069934e+01  5.804439e-02 
 2.069974e+01  5.732431e-02 
 2.070014e+01  5.658478e-02 
 2.070053e+01  5.582721e-02 
 2.070093e+01  5.503977e-02 
 2.070133e+01  5.423942e-02 
 2.070173e+01  5.342160e-02 
 2.070213e+01  5.257084e-02 
 2.070252e+01  5.168985e-02 
 2.070292e+01  5.079027e-02 
 2.070332e+01  4.986836e-02 
 2.070372e+01  4.891739e-02 
 2.070411e+01  4.795645e-02 
 2.070451e+01  4.697260e-02 
 2.070491e+01  4.596867e-02 
 2.070531e+01  4.495358e-02 
 2.070570e+01  4.391807e-02 
 2.070610e+01  4.286375e-02 
 2.070650e+01  4.179782e-02 
 2.070690e+01  4.071267e-02 
 2.070730e+01  3.960046e-02 
 2.070769e+01  3.848066e-02 
 2.070809e+01  3.734173e-02 
 2.070849e+01  3.618831e-02 
 2.070889e+01  3.503124e-02 
 2.070928e+01  3.384441e-02 
 2.070968e+01  3.264538e-02 
 2.071008e+01  3.143695e-02 
 2.071048e+01  3.022166e-02 
 2.071087e+01  2.899381e-02 
 2.071127e+01  2.775945e-02 
 2.071167e+01  2.651839e-02 
 2.071207e+01  2.526073e-02 
 2.071247e+01  2.398813e-02 
 2.071286e+01  2.271183e-02 
 2.071326e+01  2.143290e-02 
 2.071366e+01  2.015993e-02 
 2.071406e+01  1.886372e-02 
 2.071445e+01  1.759053e-02 
 2.071485e+01  1.630646e-02 
 2.071525e+01  1.503269e-02 
 2.071565e+01  1.377430e-02 
 2.071604e+01  1.251898e-02 
 2.071644e+01  1.126827e-02 
 2.071684e+01  1.001984e-02 
 2.071724e+01  8.787751e-03 
 2.071764e+01  7.556909e-03 
 2.071803e+01  6.336349e-03 
 2.071843e+01  5.132064e-03 
 2.071883e+01  3.926815e-03 
 2.071923e+01  2.738336e-03 
 2.071962e+01  1.569509e-03 
 2.072002e+01  4.128971e-04 
 2.072042e+01 -7.233438e-04 
 2.072082e+01 -1.843631e-03 
 2.072121e+01 -2.951007e-03 
 2.072161e+01 -4.044806e-03 
 2.072201e+01 -5.128200e-03 
 2.072241e+01 -6.187401e-03 
 2.072281e+01 -7.230265e-03 
 2.072320e+01 -8.248806e-03 
 2.072360e+01 -9.250756e-03 
 2.072400e+01 -1.021828e-02 
 2.072440e+01 -1.117585e-02 
 2.072479e+01 -1.212432e-02 
 2.072519e+01 -1.303713e-02 
 2.072559e+01 -1.393041e-02 
 2.072599e+01 -1.481662e-02 
 2.072638e+01 -1.567812e-02 
 2.072678e+01 -1.650933e-02 
 2.072718e+01 -1.733538e-02 
 2.072758e+01 -1.811799e-02 
 2.072798e+01 -1.887474e-02 
 2.072837e+01 -1.961902e-02 
 2.072877e+01 -2.034376e-02 
 2.072917e+01 -2.102829e-02 
 2.072957e+01 -2.170119e-02 
 2.072996e+01 -2.234862e-02 
 2.073036e+01 -2.296751e-02 
 2.073076e+01 -2.356195e-02 
 2.073116e+01 -2.414836e-02 
 2.073155e+01 -2.470894e-02 
 2.073195e+01 -2.522983e-02 
 2.073235e+01 -2.573698e-02 
 2.073275e+01 -2.620489e-02 
 2.073315e+01 -2.664539e-02 
 2.073354e+01 -2.706424e-02 
 2.073394e+01 -2.745469e-02 
 2.073434e+01 -2.780747e-02 
 2.073474e+01 -2.812629e-02 
 2.073513e+01 -2.842658e-02 
 2.073553e+01 -2.868399e-02 
 2.073593e+01 -2.891947e-02 
 2.073633e+01 -2.912587e-02 
 2.073672e+01 -2.929662e-02 
 2.073712e+01 -2.943206e-02 
 2.073752e+01 -2.953988e-02 
 2.073792e+01 -2.962133e-02 
 2.073832e+01 -2.967423e-02 
 2.073871e+01 -2.970932e-02 
 2.073911e+01 -2.971293e-02 
 2.073951e+01 -2.966790e-02 
 2.073991e+01 -2.959814e-02 
 2.074030e+01 -2.951079e-02 
 2.074070e+01 -2.939553e-02 
 2.074110e+01 -2.924670e-02 
 2.074150e+01 -2.907148e-02 
 2.074190e+01 -2.886139e-02 
 2.074229e+01 -2.861146e-02 
 2.074269e+01 -2.833717e-02 
 2.074309e+01 -2.803630e-02 
 2.074349e+01 -2.770124e-02 
 2.074388e+01 -2.733615e-02 
 2.074428e+01 -2.692782e-02 
 2.074468e+01 -2.648257e-02 
 2.074508e+01 -2.602075e-02 
 2.074547e+01 -2.552143e-02 
 2.074587e+01 -2.500173e-02 
 2.074627e+01 -2.443360e-02 
 2.074667e+01 -2.383189e-02 
 2.074707e+01 -2.320799e-02 
 2.074746e+01 -2.255888e-02 
 2.074786e+01 -2.188497e-02 
 2.074826e+01 -2.118510e-02 
 2.074866e+01 -2.045622e-02 
 2.074905e+01 -1.968532e-02 
 2.074945e+01 -1.888171e-02 
 2.074985e+01 -1.805536e-02 
 2.075025e+01 -1.721250e-02 
 2.075064e+01 -1.633811e-02 
 2.075104e+01 -1.543974e-02 
 2.075144e+01 -1.450214e-02 
 2.075184e+01 -1.354440e-02 
 2.075224e+01 -1.257260e-02 
 2.075263e+01 -1.158469e-02 
 2.075303e+01 -1.056949e-02 
 2.075343e+01 -9.539318e-03 
 2.075383e+01 -8.491925e-03 
 2.075422e+01 -7.412356e-03 
 2.075462e+01 -6.326267e-03 
 2.075502e+01 -5.227145e-03 
 2.075542e+01 -4.110317e-03 
 2.075581e+01 -2.971223e-03 
 2.075621e+01 -1.821798e-03 
 2.075661e+01 -6.553745e-04 
 2.075701e+01  5.186695e-04 
 2.075741e+01  1.680706e-03 
 2.075780e+01  2.848387e-03 
 2.075820e+01  4.021703e-03 
 2.075860e+01  5.214597e-03 
 2.075900e+01  6.409834e-03 
 2.075939e+01  7.613231e-03 
 2.075979e+01  8.811526e-03 
 2.076019e+01  1.001766e-02 
 2.076059e+01  1.122068e-02 
 2.076098e+01  1.242629e-02 
 2.076138e+01  1.363950e-02 
 2.076178e+01  1.485189e-02 
 2.076218e+01  1.605071e-02 
 2.076258e+01  1.724363e-02 
 2.076297e+01  1.844643e-02 
 2.076337e+01  1.965117e-02 
 2.076377e+01  2.087066e-02 
 2.076417e+01  2.207289e-02 
 2.076456e+01  2.328707e-02 
 2.076496e+01  2.449808e-02 
 2.076536e+01  2.570337e-02 
 2.076576e+01  2.690559e-02 
 2.076615e+01  2.810153e-02 
 2.076655e+01  2.928438e-02 
 2.076695e+01  3.044319e-02 
 2.076735e+01  3.160779e-02 
 2.076775e+01  3.274646e-02 
 2.076814e+01  3.390402e-02 
 2.076854e+01  3.505418e-02 
 2.076894e+01  3.620823e-02 
 2.076934e+01  3.733813e-02 
 2.076973e+01  3.846079e-02 
 2.077013e+01  3.958236e-02 
 2.077053e+01  4.068796e-02 
 2.077093e+01  4.177776e-02 
 2.077132e+01  4.285501e-02 
 2.077172e+01  4.391379e-02 
 2.077212e+01  4.495967e-02 
 2.077252e+01  4.598679e-02 
 2.077292e+01  4.700117e-02 
 2.077331e+01  4.801409e-02 
 2.077371e+01  4.900504e-02 
 2.077411e+01  4.997206e-02 
 2.077451e+01  5.092886e-02 
 2.077490e+01  5.185975e-02 
 2.077530e+01  5.278136e-02 
 2.077570e+01  5.368411e-02 
 2.077610e+01  5.454833e-02 
 2.077649e+01  5.538073e-02 
 2.077689e+01  5.617814e-02 
 2.077729e+01  5.696321e-02 
 2.077769e+01  5.772514e-02 
 2.077809e+01  5.847105e-02 
 2.077848e+01  5.919659e-02 
 2.077888e+01  5.990020e-02 
 2.077928e+01  6.056737e-02 
 2.077968e+01  6.121535e-02 
 2.078007e+01  6.183854e-02 
 2.078047e+01  6.244288e-02 
 2.078087e+01  6.300580e-02 
 2.078127e+01  6.352981e-02 
 2.078166e+01  6.402656e-02 
 2.078206e+01  6.448054e-02 
 2.078246e+01  6.492671e-02 
 2.078286e+01  6.534625e-02 
 2.078326e+01  6.573343e-02 
 2.078365e+01  6.610640e-02 
 2.078405e+01  6.644886e-02 
 2.078445e+01  6.675537e-02 
 2.078485e+01  6.704166e-02 
 2.078524e+01  6.729535e-02 
 2.078564e+01  6.750540e-02 
 2.078604e+01  6.765648e-02 
 2.078644e+01  6.776402e-02 
 2.078683e+01  6.783729e-02 
 2.078723e+01  6.788143e-02 
 2.078763e+01  6.791692e-02 
 2.078803e+01  6.791018e-02 
 2.078843e+01  6.787339e-02 
 2.078882e+01  6.780405e-02 
 2.078922e+01  6.769542e-02 
 2.078962e+01  6.756702e-02 
 2.079002e+01  6.738600e-02 
 2.079041e+01  6.717691e-02 
 2.079081e+01  6.692383e-02 
 2.079121e+01  6.663827e-02 
 2.079161e+01  6.630428e-02 
 2.079200e+01  6.595404e-02 
 2.079240e+01  6.558535e-02 
 2.079280e+01  6.517692e-02 
 2.079320e+01  6.473905e-02 
 2.079360e+01  6.427618e-02 
 2.079399e+01  6.378669e-02 
 2.079439e+01  6.326516e-02 
 2.079479e+01  6.271522e-02 
 2.079519e+01  6.212312e-02 
 2.079558e+01  6.149957e-02 
 2.079598e+01  6.084443e-02 
 2.079638e+01  6.017398e-02 
 2.079678e+01  5.948493e-02 
 2.079717e+01  5.878498e-02 
 2.079757e+01  5.806606e-02 
 2.079797e+01  5.732463e-02 
 2.079837e+01  5.655002e-02 
 2.079877e+01  5.576321e-02 
 2.079916e+01  5.495275e-02 
 2.079956e+01  5.412647e-02 
 2.079996e+01  5.327895e-02 
 2.080036e+01  5.240251e-02 
 2.080075e+01  5.151322e-02 
 2.080115e+01  5.060645e-02 
 2.080155e+01  4.968141e-02 
 2.080195e+01  4.873737e-02 
 2.080234e+01  4.779252e-02 
 2.080274e+01  4.683512e-02 
 2.080314e+01  4.584745e-02 
 2.080354e+01  4.485918e-02 
 2.080394e+01  4.386047e-02 
 2.080433e+01  4.283815e-02 
 2.080473e+01  4.179665e-02 
 2.080513e+01  4.073636e-02 
 2.080553e+01  3.963199e-02 
 2.080592e+01  3.852531e-02 
 2.080632e+01  3.741425e-02 
 2.080672e+01  3.629070e-02 
 2.080712e+01  3.515550e-02 
 2.080751e+01  3.401092e-02 
 2.080791e+01  3.284443e-02 
 2.080831e+01  3.167287e-02 
 2.080871e+01  3.048984e-02 
 2.080911e+01  2.930302e-02 
 2.080950e+01  2.809981e-02 
 2.080990e+01  2.688456e-02 
 2.081030e+01  2.565561e-02 
 2.081070e+01  2.441595e-02 
 2.081109e+01  2.318324e-02 
 2.081149e+01  2.195109e-02 
 2.081189e+01  2.072663e-02 
 2.081229e+01  1.949428e-02 
 2.081268e+01  1.825517e-02 
 2.081308e+01  1.703674e-02 
 2.081348e+01  1.580463e-02 
 2.081388e+01  1.457593e-02 
 2.081428e+01  1.333265e-02 
 2.081467e+01  1.209343e-02 
 2.081507e+01  1.084230e-02 
 2.081547e+01  9.598245e-03 
 2.081587e+01  8.367826e-03 
 2.081626e+01  7.149860e-03 
 2.081666e+01  5.935518e-03 
 2.081706e+01  4.725506e-03 
 2.081746e+01  3.522841e-03 
 2.081785e+01  2.336710e-03 
 2.081825e+01  1.154231e-03 
 2.081865e+01 -3.296118e-06 
 2.081905e+01 -1.162695e-03 
 2.081945e+01 -2.309833e-03 
 2.081984e+01 -3.432599e-03 
 2.082024e+01 -4.559844e-03 
 2.082064e+01 -5.658095e-03 
 2.082104e+01 -6.758967e-03 
 2.082143e+01 -7.823915e-03 
 2.082183e+01 -8.889351e-03 
 2.082223e+01 -9.924177e-03 
 2.082263e+01 -1.094138e-02 
 2.082302e+01 -1.192571e-02 
 2.082342e+01 -1.288527e-02 
 2.082382e+01 -1.383970e-02 
 2.082422e+01 -1.477089e-02 
 2.082462e+01 -1.567898e-02 
 2.082501e+01 -1.656590e-02 
 2.082541e+01 -1.743289e-02 
 2.082581e+01 -1.826340e-02 
 2.082621e+01 -1.908558e-02 
 2.082660e+01 -1.987136e-02 
 2.082700e+01 -2.062352e-02 
 2.082740e+01 -2.133871e-02 
 2.082780e+01 -2.203611e-02 
 2.082819e+01 -2.269075e-02 
 2.082859e+01 -2.332081e-02 
 2.082899e+01 -2.392379e-02 
 2.082939e+01 -2.450234e-02 
 2.082979e+01 -2.503592e-02 
 2.083018e+01 -2.555134e-02 
 2.083058e+01 -2.603267e-02 
 2.083098e+01 -2.647589e-02 
 2.083138e+01 -2.689175e-02 
 2.083177e+01 -2.726281e-02 
 2.083217e+01 -2.760295e-02 
 2.083257e+01 -2.789981e-02 
 2.083297e+01 -2.817463e-02 
 2.083337e+01 -2.842134e-02 
 2.083376e+01 -2.865281e-02 
 2.083416e+01 -2.886009e-02 
 2.083456e+01 -2.904091e-02 
 2.083496e+01 -2.918516e-02 
 2.083535e+01 -2.929917e-02 
 2.083575e+01 -2.939122e-02 
 2.083615e+01 -2.945571e-02 
 2.083655e+01 -2.949541e-02 
 2.083694e+01 -2.949816e-02 
 2.083734e+01 -2.947712e-02 
 2.083774e+01 -2.942311e-02 
 2.083814e+01 -2.934837e-02 
 2.083854e+01 -2.925231e-02 
 2.083893e+01 -2.912171e-02 
 2.083933e+01 -2.896388e-02 
 2.083973e+01 -2.876499e-02 
 2.084013e+01 -2.854755e-02 
 2.084052e+01 -2.829680e-02 
 2.084092e+01 -2.802843e-02 
 2.084132e+01 -2.774086e-02 
 2.084172e+01 -2.740991e-02 
 2.084211e+01 -2.704367e-02 
 2.084251e+01 -2.664734e-02 
 2.084291e+01 -2.622794e-02 
 2.084331e+01 -2.579017e-02 
 2.084371e+01 -2.532673e-02 
 2.084410e+01 -2.482490e-02 
 2.084450e+01 -2.429215e-02 
 2.084490e+01 -2.372308e-02 
 2.084530e+01 -2.313835e-02 
 2.084569e+01 -2.252941e-02 
 2.084609e+01 -2.189301e-02 
 2.084649e+01 -2.123674e-02 
 2.084689e+01 -2.053130e-02 
 2.084728e+01 -1.980170e-02 
 2.084768e+01 -1.903699e-02 
 2.084808e+01 -1.824993e-02 
 2.084848e+01 -1.744085e-02 
 2.084888e+01 -1.660040e-02 
 2.084927e+01 -1.573049e-02 
 2.084967e+01 -1.484493e-02 
 2.085007e+01 -1.394171e-02 
 2.085047e+01 -1.301577e-02 
 2.085086e+01 -1.207269e-02 
 2.085126e+01 -1.110341e-02 
 2.085166e+01 -1.010035e-02 
 2.085206e+01 -9.062406e-03 
 2.085245e+01 -8.018134e-03 
 2.085285e+01 -6.956238e-03 
 2.085325e+01 -5.885509e-03 
 2.085365e+01 -4.797312e-03 
 2.085405e+01 -3.692258e-03 
 2.085444e+01 -2.571285e-03 
 2.085484e+01 -1.440711e-03 
 2.085524e+01 -3.057667e-04 
 2.085564e+01  8.345817e-04 
 2.085603e+01  1.989617e-03 
 2.085643e+01  3.177083e-03 
 2.085683e+01  4.378218e-03 
 2.085723e+01  5.586481e-03 
 2.085762e+01  6.819245e-03 
 2.085802e+01  8.047540e-03 
 2.085842e+01  9.289919e-03 
 2.085882e+01  1.054633e-02 
 2.085922e+01  1.180368e-02 
 2.085961e+01  1.306561e-02 
 2.086001e+01  1.431278e-02 
 2.086041e+01  1.556507e-02 
 2.086081e+01  1.681499e-02 
 2.086120e+01  1.808094e-02 
 2.086160e+01  1.935585e-02 
 2.086200e+01  2.061248e-02 
 2.086240e+01  2.186664e-02 
 2.086279e+01  2.312130e-02 
 2.086319e+01  2.437142e-02 
 2.086359e+01  2.562267e-02 
 2.086399e+01  2.686623e-02 
 2.086439e+01  2.809779e-02 
 2.086478e+01  2.930737e-02 
 2.086518e+01  3.050066e-02 
 2.086558e+01  3.168824e-02 
 2.086598e+01  3.287156e-02 
 2.086637e+01  3.405538e-02 
 2.086677e+01  3.521779e-02 
 2.086717e+01  3.637570e-02 
 2.086757e+01  3.751232e-02 
 2.086796e+01  3.863751e-02 
 2.086836e+01  3.975155e-02 
 2.086876e+01  4.084488e-02 
 2.086916e+01  4.191643e-02 
 2.086956e+01  4.295862e-02 
 2.086995e+01  4.398744e-02 
 2.087035e+01  4.500098e-02 
 2.087075e+01  4.599891e-02 
 2.087115e+01  4.699156e-02 
 2.087154e+01  4.796689e-02 
 2.087194e+01  4.891906e-02 
 2.087234e+01  4.984786e-02 
 2.087274e+01  5.076334e-02 
 2.087313e+01  5.166417e-02 
 2.087353e+01  5.253775e-02 
 2.087393e+01  5.339623e-02 
 2.087433e+01  5.421808e-02 
 2.087473e+01  5.501521e-02 
 2.087512e+01  5.580052e-02 
 2.087552e+01  5.656535e-02 
 2.087592e+01  5.731570e-02 
 2.087632e+01  5.804475e-02 
 2.087671e+01  5.875875e-02 
 2.087711e+01  5.944398e-02 
 2.087751e+01  6.010564e-02 
 2.087791e+01  6.074752e-02 
 2.087830e+01  6.136576e-02 
 2.087870e+01  6.195330e-02 
 2.087910e+01  6.250855e-02 
 2.087950e+01  6.303218e-02 
 2.087990e+01  6.354308e-02 
 2.088029e+01  6.402008e-02 
 2.088069e+01  6.447884e-02 
 2.088109e+01  6.491531e-02 
 2.088149e+01  6.531528e-02 
 2.088188e+01  6.567994e-02 
 2.088228e+01  6.601756e-02 
 2.088268e+01  6.633184e-02 
 2.088308e+01  6.660369e-02 
 2.088347e+01  6.685275e-02 
 2.088387e+01  6.706229e-02 
 2.088427e+01  6.723364e-02 
 2.088467e+01  6.737199e-02 
 2.088507e+01  6.750445e-02 
 2.088546e+01  6.760439e-02 
 2.088586e+01  6.768255e-02 
 2.088626e+01  6.772455e-02 
 2.088666e+01  6.773768e-02 
 2.088705e+01  6.771582e-02 
 2.088745e+01  6.767483e-02 
 2.088785e+01  6.758558e-02 
 2.088825e+01  6.746110e-02 
 2.088864e+01  6.730609e-02 
 2.088904e+01  6.709948e-02 
 2.088944e+01  6.686466e-02 
 2.088984e+01  6.660839e-02 
 2.089024e+01  6.632659e-02 
 2.089063e+01  6.600416e-02 
 2.089103e+01  6.566329e-02 
 2.089143e+01  6.527764e-02 
 2.089183e+01  6.485635e-02 
 2.089222e+01  6.440175e-02 
 2.089262e+01  6.393170e-02 
 2.089302e+01  6.340390e-02 
 2.089342e+01  6.283728e-02 
 2.089381e+01  6.224351e-02 
 2.089421e+01  6.161034e-02 
 2.089461e+01  6.095532e-02 
 2.089501e+01  6.028073e-02 
 2.089541e+01  5.958745e-02 
 2.089580e+01  5.885559e-02 
 2.089620e+01  5.810001e-02 
 2.089660e+01  5.730599e-02 
 2.089700e+01  5.649333e-02 
 2.089739e+01  5.565423e-02 
 2.089779e+01  5.477619e-02 
 2.089819e+01  5.386940e-02 
 2.089859e+01  5.293532e-02 
 2.089898e+01  5.198885e-02 
 2.089938e+01  5.102675e-02 
 2.089978e+01  5.005312e-02 
 2.090018e+01  4.907472e-02 
 2.090058e+01  4.807150e-02 
 2.090097e+01  4.705671e-02 
 2.090137e+01  4.600082e-02 
 2.090177e+01  4.494441e-02 
 2.090217e+01  4.388122e-02 
 2.090256e+01  4.278186e-02 
 2.090296e+01  4.166677e-02 
 2.090336e+01  4.055022e-02 
 2.090376e+01  3.941792e-02 
 2.090415e+01  3.829471e-02 
 2.090455e+01  3.717144e-02 
 2.090495e+01  3.605672e-02 
 2.090535e+01  3.491209e-02 
 2.090575e+01  3.376401e-02 
 2.090614e+01  3.262499e-02 
 2.090654e+01  3.146054e-02 
 2.090694e+01  3.029661e-02 
 2.090734e+01  2.912521e-02 
 2.090773e+01  2.795336e-02 
 2.090813e+01  2.676894e-02 
 2.090853e+01  2.559204e-02 
 2.090893e+01  2.441027e-02 
 2.090932e+01  2.324177e-02 
 2.090972e+01  2.206276e-02 
 2.091012e+01  2.088023e-02 
 2.091052e+01  1.968053e-02 
 2.091092e+01  1.848239e-02 
 2.091131e+01  1.728185e-02 
 2.091171e+01  1.606450e-02 
 2.091211e+01  1.485928e-02 
 2.091251e+01  1.364911e-02 
 2.091290e+01  1.244122e-02 
 2.091330e+01  1.123820e-02 
 2.091370e+01  1.004399e-02 
 2.091410e+01  8.858493e-03 
 2.091449e+01  7.671958e-03 
 2.091489e+01  6.487840e-03 
 2.091529e+01  5.308078e-03 
 2.091569e+01  4.119752e-03 
 2.091609e+01  2.956740e-03 
 2.091648e+01  1.783728e-03 
 2.091688e+01  6.257226e-04 
 2.091728e+01 -5.251108e-04 
 2.091768e+01 -1.665179e-03 
 2.091807e+01 -2.794558e-03 
 2.091847e+01 -3.912765e-03 
 2.091887e+01 -5.010748e-03 
 2.091927e+01 -6.090878e-03 
 2.091966e+01 -7.158419e-03 
 2.092006e+01 -8.221245e-03 
 2.092046e+01 -9.265878e-03 
 2.092086e+01 -1.029153e-02 
 2.092126e+01 -1.129841e-02 
 2.092165e+01 -1.229056e-02 
 2.092205e+01 -1.328067e-02 
 2.092245e+01 -1.424850e-02 
 2.092285e+01 -1.518643e-02 
 2.092324e+01 -1.609701e-02 
 2.092364e+01 -1.698614e-02 
 2.092404e+01 -1.785089e-02 
 2.092444e+01 -1.869203e-02 
 2.092483e+01 -1.950219e-02 
 2.092523e+01 -2.028537e-02 
 2.092563e+01 -2.103131e-02 
 2.092603e+01 -2.175385e-02 
 2.092643e+01 -2.245361e-02 
 2.092682e+01 -2.312661e-02 
 2.092722e+01 -2.377936e-02 
 2.092762e+01 -2.439058e-02 
 2.092802e+01 -2.497787e-02 
 2.092841e+01 -2.552418e-02 
 2.092881e+01 -2.604245e-02 
 2.092921e+01 -2.653922e-02 
 2.092961e+01 -2.700917e-02 
 2.093001e+01 -2.744460e-02 
 2.093040e+01 -2.783390e-02 
 2.093080e+01 -2.821265e-02 
 2.093120e+01 -2.855007e-02 
 2.093160e+01 -2.885625e-02 
 2.093199e+01 -2.913401e-02 
 2.093239e+01 -2.937484e-02 
 2.093279e+01 -2.956721e-02 
 2.093319e+01 -2.971889e-02 
 2.093358e+01 -2.985370e-02 
 2.093398e+01 -2.994784e-02 
 2.093438e+01 -3.001029e-02 
 2.093478e+01 -3.003774e-02 
 2.093518e+01 -3.002538e-02 
 2.093557e+01 -2.997467e-02 
 2.093597e+01 -2.990295e-02 
 2.093637e+01 -2.979913e-02 
 2.093677e+01 -2.965092e-02 
 2.093716e+01 -2.947954e-02 
 2.093756e+01 -2.928658e-02 
 2.093796e+01 -2.904109e-02 
 2.093836e+01 -2.877526e-02 
 2.093875e+01 -2.848877e-02 
 2.093915e+01 -2.816611e-02 
 2.093955e+01 -2.781721e-02 
 2.093995e+01 -2.742918e-02 
 2.094035e+01 -2.700968e-02 
 2.094074e+01 -2.657647e-02 
 2.094114e+01 -2.611492e-02 
 2.094154e+01 -2.563668e-02 
 2.094194e+01 -2.512529e-02 
 2.094233e+01 -2.458745e-02 
 2.094273e+01 -2.402615e-02 
 2.094313e+01 -2.343673e-02 
 2.094353e+01 -2.283556e-02 
 2.094392e+01 -2.219753e-02 
 2.094432e+01 -2.154067e-02 
 2.094472e+01 -2.086630e-02 
 2.094512e+01 -2.015188e-02 
 2.094552e+01 -1.942591e-02 
 2.094591e+01 -1.868217e-02 
 2.094631e+01 -1.792660e-02 
 2.094671e+01 -1.713797e-02 
 2.094711e+01 -1.633006e-02 
 2.094750e+01 -1.550426e-02 
 2.094790e+01 -1.464843e-02 
 2.094830e+01 -1.378183e-02 
 2.094870e+01 -1.290218e-02 
 2.094909e+01 -1.199929e-02 
 2.094949e+01 -1.107251e-02 
 2.094989e+01 -1.013468e-02 
 2.095029e+01 -9.172429e-03 
 2.095069e+01 -8.206282e-03 
 2.095108e+01 -7.229898e-03 
 2.095148e+01 -6.220804e-03 
 2.095188e+01 -5.182666e-03 
 2.095228e+01 -4.121242e-03 
 2.095267e+01 -3.046301e-03 
 2.095307e+01 -1.946017e-03 
 2.095347e+01 -8.455838e-04 
 2.095387e+01  2.772408e-04 
 2.095426e+01  1.429399e-03 
 2.095466e+01  2.594495e-03 
 2.095506e+01  3.774205e-03 
 2.095546e+01  4.970426e-03 
 2.095586e+01  6.169100e-03 
 2.095625e+01  7.372439e-03 
 2.095665e+01  8.596169e-03 
 2.095705e+01  9.836160e-03 
 2.095745e+01  1.107106e-02 
 2.095784e+01  1.231191e-02 
 2.095824e+01  1.355671e-02 
 2.095864e+01  1.480443e-02 
 2.095904e+01  1.607459e-02 
 2.095943e+01  1.736107e-02 
 2.095983e+01  1.863133e-02 
 2.096023e+01  1.989942e-02 
 2.096063e+01  2.117213e-02 
 2.096103e+01  2.244172e-02 
 2.096142e+01  2.371365e-02 
 2.096182e+01  2.498168e-02 
 2.096222e+01  2.624803e-02 
 2.096262e+01  2.749144e-02 
 2.096301e+01  2.873006e-02 
 2.096341e+01  2.996862e-02 
 2.096381e+01  3.120843e-02 
 2.096421e+01  3.244259e-02 
 2.096460e+01  3.368122e-02 
 2.096500e+01  3.488543e-02 
 2.096540e+01  3.607093e-02 
 2.096580e+01  3.723616e-02 
 2.096620e+01  3.839372e-02 
 2.096659e+01  3.952804e-02 
 2.096699e+01  4.064846e-02 
 2.096739e+01  4.175129e-02 
 2.096779e+01  4.282744e-02 
 2.096818e+01  4.390346e-02 
 2.096858e+01  4.497411e-02 
 2.096898e+01  4.602951e-02 
 2.096938e+01  4.706285e-02 
 2.096977e+01  4.806075e-02 
 2.097017e+01  4.903032e-02 
 2.097057e+01  4.997987e-02 
 2.097097e+01  5.091333e-02 
 2.097137e+01  5.182787e-02 
 2.097176e+01  5.271025e-02 
 2.097216e+01  5.356758e-02 
 2.097256e+01  5.439813e-02 
 2.097296e+01  5.521830e-02 
 2.097335e+01  5.601954e-02 
 2.097375e+01  5.680139e-02 
 2.097415e+01  5.756773e-02 
 2.097455e+01  5.829459e-02 
 2.097494e+01  5.898808e-02 
 2.097534e+01  5.964510e-02 
 2.097574e+01  6.028195e-02 
 2.097614e+01  6.089458e-02 
 2.097654e+01  6.147648e-02 
 2.097693e+01  6.202815e-02 
 2.097733e+01  6.255114e-02 
 2.097773e+01  6.304509e-02 
 2.097813e+01  6.352241e-02 
 2.097852e+01  6.397204e-02 
 2.097892e+01  6.439642e-02 
 2.097932e+01  6.478442e-02 
 2.097972e+01  6.514546e-02 
 2.098011e+01  6.547554e-02 
 2.098051e+01  6.578329e-02 
 2.098091e+01  6.606161e-02 
 2.098131e+01  6.631860e-02 
 2.098171e+01  6.653323e-02 
 2.098210e+01  6.672784e-02 
 2.098250e+01  6.688066e-02 
 2.098290e+01  6.702749e-02 
 2.098330e+01  6.715156e-02 
 2.098369e+01  6.724748e-02 
 2.098409e+01  6.730455e-02 
 2.098449e+01  6.733961e-02 
 2.098489e+01  6.733327e-02 
 2.098528e+01  6.729281e-02 
 2.098568e+01  6.723286e-02 
 2.098608e+01  6.712998e-02 
 2.098648e+01  6.699692e-02 
 2.098688e+01  6.684461e-02 
 2.098727e+01  6.666762e-02 
 2.098767e+01  6.645685e-02 
 2.098807e+01  6.623210e-02 
 2.098847e+01  6.598731e-02 
 2.098886e+01  6.569105e-02 
 2.098926e+01  6.537020e-02 
 2.098966e+01  6.502892e-02 
 2.099006e+01  6.464315e-02 
 2.099045e+01  6.422340e-02 
 2.099085e+01  6.377569e-02 
 2.099125e+01  6.329213e-02 
 2.099165e+01  6.277848e-02 
 2.099205e+01  6.224386e-02 
 2.099244e+01  6.168553e-02 
 2.099284e+01  6.110141e-02 
 2.099324e+01  6.049908e-02 
 2.099364e+01  5.987925e-02 
 2.099403e+01  5.920029e-02 
 2.099443e+01  5.849983e-02 
 2.099483e+01  5.776925e-02 
 2.099523e+01  5.700828e-02 
 2.099562e+01  5.620146e-02 
 2.099602e+01  5.537710e-02 
 2.099642e+01  5.452324e-02 
 2.099682e+01  5.363568e-02 
 2.099722e+01  5.274043e-02 
 2.099761e+01  5.182775e-02 
 2.099801e+01  5.088259e-02 
 2.099841e+01  4.991868e-02 
 2.099881e+01  4.892383e-02 
 2.099920e+01  4.790813e-02 
 2.099960e+01  4.686439e-02 
 2.100000e+01  4.581459e-02 
 2.100040e+01  4.473578e-02 
 2.100079e+01  4.363089e-02 
 2.100119e+01  4.251239e-02 
 2.100159e+01  4.136989e-02 
 2.100199e+01  4.022304e-02 
 2.100239e+01  3.908433e-02 
 2.100278e+01  3.793052e-02 
 2.100318e+01  3.675447e-02 
 2.100358e+01  3.556406e-02 
 2.100398e+01  3.436297e-02 
 2.100437e+01  3.314334e-02 
 2.100477e+01  3.190604e-02 
 2.100517e+01  3.066715e-02 
 2.100557e+01  2.941455e-02 
 2.100596e+01  2.815213e-02 
 2.100636e+01  2.688533e-02 
 2.100676e+01  2.564104e-02 
 2.100716e+01  2.439908e-02 
 2.100756e+01  2.314630e-02 
 2.100795e+01  2.190470e-02 
 2.100835e+01  2.065247e-02 
 2.100875e+01  1.940679e-02 
 2.100915e+01  1.817028e-02 
 2.100954e+01  1.694119e-02 
 2.100994e+01  1.569998e-02 
 2.101034e+01  1.446867e-02 
 2.101074e+01  1.324301e-02 
 2.101113e+01  1.202979e-02 
 2.101153e+01  1.082200e-02 
 2.101193e+01  9.645071e-03 
 2.101233e+01  8.488888e-03 
 2.101273e+01  7.330539e-03 
 2.101312e+01  6.173918e-03 
 2.101352e+01  5.035654e-03 
 2.101392e+01  3.907181e-03 
 2.101432e+01  2.773601e-03 
 2.101471e+01  1.664508e-03 
 2.101511e+01  5.552300e-04 
 2.101551e+01 -5.448155e-04 
 2.101591e+01 -1.614531e-03 
 2.101630e+01 -2.663822e-03 
 2.101670e+01 -3.714351e-03 
 2.101710e+01 -4.750685e-03 
 2.101750e+01 -5.770433e-03 
 2.101790e+01 -6.809216e-03 
 2.101829e+01 -7.818076e-03 
 2.101869e+01 -8.809433e-03 
 2.101909e+01 -9.790690e-03 
 2.101949e+01 -1.076867e-02 
 2.101988e+01 -1.171395e-02 
 2.102028e+01 -1.265596e-02 
 2.102068e+01 -1.357439e-02 
 2.102108e+01 -1.446360e-02 
 2.102148e+01 -1.532100e-02 
 2.102187e+01 -1.619294e-02 
 2.102227e+01 -1.702574e-02 
 2.102267e+01 -1.785090e-02 
 2.102307e+01 -1.866938e-02 
 2.102346e+01 -1.945937e-02 
 2.102386e+01 -2.023480e-02 
 2.102426e+01 -2.098705e-02 
 2.102466e+01 -2.170841e-02 
 2.102505e+01 -2.241873e-02 
 2.102545e+01 -2.309125e-02 
 2.102585e+01 -2.373526e-02 
 2.102625e+01 -2.435180e-02 
 2.102665e+01 -2.495484e-02 
 2.102704e+01 -2.553420e-02 
 2.102744e+01 -2.607302e-02 
 2.102784e+01 -2.658936e-02 
 2.102824e+01 -2.706314e-02 
 2.102863e+01 -2.750478e-02 
 2.102903e+01 -2.790410e-02 
 2.102943e+01 -2.827859e-02 
 2.102983e+01 -2.862424e-02 
 2.103022e+01 -2.893615e-02 
 2.103062e+01 -2.920459e-02 
 2.103102e+01 -2.944723e-02 
 2.103142e+01 -2.964391e-02 
 2.103182e+01 -2.981644e-02 
 2.103221e+01 -2.996377e-02 
 2.103261e+01 -3.007103e-02 
 2.103301e+01 -3.013633e-02 
 2.103341e+01 -3.017680e-02 
 2.103380e+01 -3.018388e-02 
 2.103420e+01 -3.016487e-02 
 2.103460e+01 -3.010679e-02 
 2.103500e+01 -3.001621e-02 
 2.103539e+01 -2.989173e-02 
 2.103579e+01 -2.972936e-02 
 2.103619e+01 -2.953982e-02 
 2.103659e+01 -2.931241e-02 
 2.103699e+01 -2.905889e-02 
 2.103738e+01 -2.876368e-02 
 2.103778e+01 -2.843116e-02 
 2.103818e+01 -2.806104e-02 
 2.103858e+01 -2.766575e-02 
 2.103897e+01 -2.724362e-02 
 2.103937e+01 -2.679499e-02 
 2.103977e+01 -2.630462e-02 
 2.104017e+01 -2.578582e-02 
 2.104056e+01 -2.523634e-02 
 2.104096e+01 -2.464030e-02 
 2.104136e+01 -2.402782e-02 
 2.104176e+01 -2.338701e-02 
 2.104216e+01 -2.271542e-02 
 2.104255e+01 -2.201530e-02 
 2.104295e+01 -2.129030e-02 
 2.104335e+01 -2.053269e-02 
 2.104375e+01 -1.976022e-02 
 2.104414e+01 -1.897334e-02 
 2.104454e+01 -1.814478e-02 
 2.104494e+01 -1.729813e-02 
 2.104534e+01 -1.643247e-02 
 2.104573e+01 -1.555136e-02 
 2.104613e+01 -1.465858e-02 
 2.104653e+01 -1.374752e-02 
 2.104693e+01 -1.281706e-02 
 2.104733e+01 -1.185430e-02 
 2.104772e+01 -1.087717e-02 
 2.104812e+01 -9.881281e-03 
 2.104852e+01 -8.868620e-03 
 2.104892e+01 -7.852666e-03 
 2.104931e+01 -6.826013e-03 
 2.104971e+01 -5.777395e-03 
 2.105011e+01 -4.710873e-03 
 2.105051e+01 -3.649431e-03 
 2.105090e+01 -2.589726e-03 
 2.105130e+01 -1.513065e-03 
 2.105170e+01 -4.277094e-04 
 2.105210e+01  6.702629e-04 
 2.105250e+01  1.773984e-03 
 2.105289e+01  2.896024e-03 
 2.105329e+01  4.014193e-03 
 2.105369e+01  5.135913e-03 
 2.105409e+01  6.275077e-03 
 2.105448e+01  7.418501e-03 
 2.105488e+01  8.565389e-03 
 2.105528e+01  9.727414e-03 
 2.105568e+01  1.087906e-02 
 2.105607e+01  1.203393e-02 
 2.105647e+01  1.322022e-02 
 2.105687e+01  1.441352e-02 
 2.105727e+01  1.562031e-02 
 2.105767e+01  1.683124e-02 
 2.105806e+01  1.804570e-02 
 2.105846e+01  1.925087e-02 
 2.105886e+01  2.045742e-02 
 2.105926e+01  2.168045e-02 
 2.105965e+01  2.290656e-02 
 2.106005e+01  2.412696e-02 
 2.106045e+01  2.536238e-02 
 2.106085e+01  2.658514e-02 
 2.106124e+01  2.780044e-02 
 2.106164e+01  2.903359e-02 
 2.106204e+01  3.026907e-02 
 2.106244e+01  3.149827e-02 
 2.106284e+01  3.271669e-02 
 2.106323e+01  3.391721e-02 
 2.106363e+01  3.511767e-02 
 2.106403e+01  3.631878e-02 
 2.106443e+01  3.750996e-02 
 2.106482e+01  3.867738e-02 
 2.106522e+01  3.983858e-02 
 2.106562e+01  4.098869e-02 
 2.106602e+01  4.210377e-02 
 2.106641e+01  4.322399e-02 
 2.106681e+01  4.435395e-02 
 2.106721e+01  4.545262e-02 
 2.106761e+01  4.652441e-02 
 2.106801e+01  4.758216e-02 
 2.106840e+01  4.860556e-02 
 2.106880e+01  4.962102e-02 
 2.106920e+01  5.061260e-02 
 2.106960e+01  5.158622e-02 
 2.106999e+01  5.252261e-02 
 2.107039e+01  5.342494e-02 
 2.107079e+01  5.431230e-02 
 2.107119e+01  5.516749e-02 
 2.107158e+01  5.600740e-02 
 2.107198e+01  5.682871e-02 
 2.107238e+01  5.761258e-02 
 2.107278e+01  5.836313e-02 
 2.107318e+01  5.907495e-02 
 2.107357e+01  5.976665e-02 
 2.107397e+01  6.042822e-02 
 2.107437e+01  6.105360e-02 
 2.107477e+01  6.165795e-02 
 2.107516e+01  6.222654e-02 
 2.107556e+01  6.276943e-02 
 2.107596e+01  6.329567e-02 
 2.107636e+01  6.380738e-02 
 2.107675e+01  6.428527e-02 
 2.107715e+01  6.472110e-02 
 2.107755e+01  6.512884e-02 
 2.107795e+01  6.548792e-02 
 2.107835e+01  6.581381e-02 
 2.107874e+01  6.611646e-02 
 2.107914e+01  6.639197e-02 
 2.107954e+01  6.661865e-02 
 2.107994e+01  6.682183e-02 
 2.108033e+01  6.700346e-02 
 2.108073e+01  6.715497e-02 
 2.108113e+01  6.727545e-02 
 2.108153e+01  6.737262e-02 
 2.108192e+01  6.743087e-02 
 2.108232e+01  6.744511e-02 
 2.108272e+01  6.743994e-02 
 2.108312e+01  6.741019e-02 
 2.108352e+01  6.733279e-02 
 2.108391e+01  6.723414e-02 
 2.108431e+01  6.712184e-02 
 2.108471e+01  6.695602e-02 
 2.108511e+01  6.677163e-02 
 2.108550e+01  6.656885e-02 
 2.108590e+01  6.633219e-02 
 2.108630e+01  6.606764e-02 
 2.108670e+01  6.577698e-02 
 2.108709e+01  6.544862e-02 
 2.108749e+01  6.508641e-02 
 2.108789e+01  6.471904e-02 
 2.108829e+01  6.431379e-02 
 2.108869e+01  6.388877e-02 
 2.108908e+01  6.344678e-02 
 2.108948e+01  6.297004e-02 
 2.108988e+01  6.246100e-02 
 2.109028e+01  6.193213e-02 
 2.109067e+01  6.138292e-02 
 2.109107e+01  6.080365e-02 
 2.109147e+01  6.019518e-02 
 2.109187e+01  5.955668e-02 
 2.109226e+01  5.889455e-02 
 2.109266e+01  5.821330e-02 
 2.109306e+01  5.750670e-02 
 2.109346e+01  5.678383e-02 
 2.109386e+01  5.602633e-02 
 2.109425e+01  5.524246e-02 
 2.109465e+01  5.444122e-02 
 2.109505e+01  5.361750e-02 
 2.109545e+01  5.277733e-02 
 2.109584e+01  5.192330e-02 
 2.109624e+01  5.102975e-02 
 2.109664e+01  5.012149e-02 
 2.109704e+01  4.917637e-02 
 2.109743e+01  4.822675e-02 
 2.109783e+01  4.724323e-02 
 2.109823e+01  4.624612e-02 
 2.109863e+01  4.522933e-02 
 2.109903e+01  4.418255e-02 
 2.109942e+01  4.311563e-02 
 2.109982e+01  4.204488e-02 
 2.110022e+01  4.094574e-02 
 2.110062e+01  3.982548e-02 
 2.110101e+01  3.868285e-02 
 2.110141e+01  3.753224e-02 
 2.110181e+01  3.634791e-02 
 2.110221e+01  3.515552e-02 
 2.110260e+01  3.395291e-02 
 2.110300e+01  3.273754e-02 
 2.110340e+01  3.150664e-02 
 2.110380e+01  3.027484e-02 
 2.110420e+01  2.904079e-02 
 2.110459e+01  2.779906e-02 
 2.110499e+01  2.655588e-02 
 2.110539e+01  2.530469e-02 
 2.110579e+01  2.404618e-02 
 2.110618e+01  2.277090e-02 
 2.110658e+01  2.150064e-02 
 2.110698e+01  2.021940e-02 
 2.110738e+01  1.894065e-02 
 2.110777e+01  1.767333e-02 
 2.110817e+01  1.640045e-02 
 2.110857e+01  1.513181e-02 
 2.110897e+01  1.387697e-02 
 2.110937e+01  1.262140e-02 
 2.110976e+01  1.137913e-02 
 2.111016e+01  1.014068e-02 
 2.111056e+01  8.909969e-03 
 2.111096e+01  7.672435e-03 
 2.111135e+01  6.440618e-03 
 2.111175e+01  5.231653e-03 
 2.111215e+01  4.026548e-03 
 2.111255e+01  2.835265e-03 
 2.111295e+01  1.658792e-03 
 2.111334e+01  4.958941e-04 
 2.111374e+01 -6.572924e-04 
 2.111414e+01 -1.773445e-03 
 2.111454e+01 -2.883599e-03 
 2.111493e+01 -3.966905e-03 
 2.111533e+01 -5.039781e-03 
 2.111573e+01 -6.100092e-03 
 2.111613e+01 -7.148379e-03 
 2.111652e+01 -8.165796e-03 
 2.111692e+01 -9.154857e-03 
 2.111732e+01 -1.013179e-02 
 2.111772e+01 -1.108839e-02 
 2.111812e+01 -1.202332e-02 
 2.111851e+01 -1.293916e-02 
 2.111891e+01 -1.382869e-02 
 2.111931e+01 -1.468894e-02 
 2.111971e+01 -1.552876e-02 
 2.112010e+01 -1.636762e-02 
 2.112050e+01 -1.718266e-02 
 2.112090e+01 -1.797128e-02 
 2.112130e+01 -1.874582e-02 
 2.112169e+01 -1.949553e-02 
 2.112209e+01 -2.020613e-02 
 2.112249e+01 -2.089820e-02 
 2.112289e+01 -2.157694e-02 
 2.112329e+01 -2.221097e-02 
 2.112368e+01 -2.281471e-02 
 2.112408e+01 -2.340035e-02 
 2.112448e+01 -2.395965e-02 
 2.112488e+01 -2.449349e-02 
 2.112527e+01 -2.501788e-02 
 2.112567e+01 -2.551372e-02 
 2.112607e+01 -2.597681e-02 
 2.112647e+01 -2.641288e-02 
 2.112686e+01 -2.682638e-02 
 2.112726e+01 -2.721816e-02 
 2.112766e+01 -2.757693e-02 
 2.112806e+01 -2.791420e-02 
 2.112846e+01 -2.821893e-02 
 2.112885e+01 -2.848981e-02 
 2.112925e+01 -2.874428e-02 
 2.112965e+01 -2.898183e-02 
 2.113005e+01 -2.918978e-02 
 2.113044e+01 -2.937484e-02 
 2.113084e+01 -2.951982e-02 
 2.113124e+01 -2.964072e-02 
 2.113164e+01 -2.972605e-02 
 2.113203e+01 -2.978695e-02 
 2.113243e+01 -2.981280e-02 
 2.113283e+01 -2.979786e-02 
 2.113323e+01 -2.975501e-02 
 2.113363e+01 -2.968807e-02 
 2.113402e+01 -2.957777e-02 
 2.113442e+01 -2.944139e-02 
 2.113482e+01 -2.927962e-02 
 2.113522e+01 -2.907933e-02 
 2.113561e+01 -2.884264e-02 
 2.113601e+01 -2.855777e-02 
 2.113641e+01 -2.824818e-02 
 2.113681e+01 -2.789995e-02 
 2.113720e+01 -2.752740e-02 
 2.113760e+01 -2.710871e-02 
 2.113800e+01 -2.666195e-02 
 2.113840e+01 -2.617568e-02 
 2.113880e+01 -2.566896e-02 
 2.113919e+01 -2.513481e-02 
 2.113959e+01 -2.457514e-02 
 2.113999e+01 -2.398253e-02 
 2.114039e+01 -2.335671e-02 
 2.114078e+01 -2.268668e-02 
 2.114118e+01 -2.199656e-02 
 2.114158e+01 -2.127521e-02 
 2.114198e+01 -2.052707e-02 
 2.114237e+01 -1.975154e-02 
 2.114277e+01 -1.893609e-02 
 2.114317e+01 -1.809648e-02 
 2.114357e+01 -1.722823e-02 
 2.114397e+01 -1.635247e-02 
 2.114436e+01 -1.543860e-02 
 2.114476e+01 -1.450293e-02 
 2.114516e+01 -1.354550e-02 
 2.114556e+01 -1.256083e-02 
 2.114595e+01 -1.155728e-02 
 2.114635e+01 -1.054949e-02 
 2.114675e+01 -9.531525e-03 
 2.114715e+01 -8.491379e-03 
 2.114754e+01 -7.435767e-03 
 2.114794e+01 -6.360580e-03 
 2.114834e+01 -5.275514e-03 
 2.114874e+01 -4.175475e-03 
 2.114914e+01 -3.081201e-03 
 2.114953e+01 -1.944870e-03 
 2.114993e+01 -8.040973e-04 
 2.115033e+01  3.540040e-04 
 2.115073e+01  1.519933e-03 
 2.115112e+01  2.689056e-03 
 2.115152e+01  3.863668e-03 
 2.115192e+01  5.042718e-03 
 2.115232e+01  6.239345e-03 
 2.115271e+01  7.433380e-03 
 2.115311e+01  8.640533e-03 
 2.115351e+01  9.847890e-03 
 2.115391e+01  1.104348e-02 
 2.115431e+01  1.225378e-02 
 2.115470e+01  1.347008e-02 
 2.115510e+01  1.469535e-02 
 2.115550e+01  1.591604e-02 
 2.115590e+01  1.713083e-02 
 2.115629e+01  1.834198e-02 
 2.115669e+01  1.954415e-02 
 2.115709e+01  2.075388e-02 
 2.115749e+01  2.196212e-02 
 2.115788e+01  2.316801e-02 
 2.115828e+01  2.435876e-02 
 2.115868e+01  2.553919e-02 
 2.115908e+01  2.672035e-02 
 2.115948e+01  2.789116e-02 
 2.115987e+01  2.907237e-02 
 2.116027e+01  3.024776e-02 
 2.116067e+01  3.140471e-02 
 2.116107e+01  3.255641e-02 
 2.116146e+01  3.369680e-02 
 2.116186e+01  3.483990e-02 
 2.116226e+01  3.595974e-02 
 2.116266e+01  3.708719e-02 
 2.116305e+01  3.819514e-02 
 2.116345e+01  3.928736e-02 
 2.116385e+01  4.037996e-02 
 2.116425e+01  4.146873e-02 
 2.116465e+01  4.254989e-02 
 2.116504e+01  4.362415e-02 
 2.116544e+01  4.468888e-02 
 2.116584e+01  4.571877e-02 
 2.116624e+01  4.673056e-02 
 2.116663e+01  4.774385e-02 
 2.116703e+01  4.874037e-02 
 2.116743e+01  4.971257e-02 
 2.116783e+01  5.066816e-02 
 2.116822e+01  5.161027e-02 
 2.116862e+01  5.253507e-02 
 2.116902e+01  5.343741e-02 
 2.116942e+01  5.433841e-02 
 2.116982e+01  5.521666e-02 
 2.117021e+01  5.606826e-02 
 2.117061e+01  5.689827e-02 
 2.117101e+01  5.769630e-02 
 2.117141e+01  5.846326e-02 
 2.117180e+01  5.921931e-02 
 2.117220e+01  5.995432e-02 
 2.117260e+01  6.064903e-02 
 2.117300e+01  6.131515e-02 
 2.117339e+01  6.196746e-02 
 2.117379e+01  6.258071e-02 
 2.117419e+01  6.317273e-02 
 2.117459e+01  6.373361e-02 
 2.117499e+01  6.424619e-02 
 2.117538e+01  6.470787e-02 
 2.117578e+01  6.514515e-02 
 2.117618e+01  6.555163e-02 
 2.117658e+01  6.592717e-02 
 2.117697e+01  6.628351e-02 
 2.117737e+01  6.659526e-02 
 2.117777e+01  6.687125e-02 
 2.117817e+01  6.711722e-02 
 2.117856e+01  6.733473e-02 
 2.117896e+01  6.752335e-02 
 2.117936e+01  6.767817e-02 
 2.117976e+01  6.778881e-02 
 2.118016e+01  6.786745e-02 
 2.118055e+01  6.790422e-02 
 2.118095e+01  6.791783e-02 
 2.118135e+01  6.789189e-02 
 2.118175e+01  6.783785e-02 
 2.118214e+01  6.775608e-02 
 2.118254e+01  6.763997e-02 
 2.118294e+01  6.748525e-02 
 2.118334e+01  6.730527e-02 
 2.118373e+01  6.711162e-02 
 2.118413e+01  6.688279e-02 
 2.118453e+01  6.660350e-02 
 2.118493e+01  6.629115e-02 
 2.118533e+01  6.594725e-02 
 2.118572e+01  6.557049e-02 
 2.118612e+01  6.516926e-02 
 2.118652e+01  6.474925e-02 
 2.118692e+01  6.427754e-02 
 2.118731e+01  6.378101e-02 
 2.118771e+01  6.326578e-02 
 2.118811e+01  6.271986e-02 
 2.118851e+01  6.214583e-02 
 2.118890e+01  6.156104e-02 
 2.118930e+01  6.094897e-02 
 2.118970e+01  6.028519e-02 
 2.119010e+01  5.960094e-02 
 2.119050e+01  5.889918e-02 
 2.119089e+01  5.816427e-02 
 2.119129e+01  5.740972e-02 
 2.119169e+01  5.664602e-02 
 2.119209e+01  5.585097e-02 
 2.119248e+01  5.504284e-02 
 2.119288e+01  5.422875e-02 
 2.119328e+01  5.339796e-02 
 2.119368e+01  5.253761e-02 
 2.119407e+01  5.165575e-02 
 2.119447e+01  5.075441e-02 
 2.119487e+01  4.981456e-02 
 2.119527e+01  4.886342e-02 
 2.119567e+01  4.790565e-02 
 2.119606e+01  4.694129e-02 
 2.119646e+01  4.594180e-02 
 2.119686e+01  4.493953e-02 
 2.119726e+01  4.393099e-02 
 2.119765e+01  4.290135e-02 
 2.119805e+01  4.186360e-02 
 2.119845e+01  4.081334e-02 
 2.119885e+01  3.974713e-02 
 2.119924e+01  3.865837e-02 
 2.119964e+01  3.757011e-02 
 2.120004e+01  3.645640e-02 
 2.120044e+01  3.532768e-02 
 2.120084e+01  3.419968e-02 
 2.120123e+01  3.305638e-02 
 2.120163e+01  3.189751e-02 
 2.120203e+01  3.073325e-02 
 2.120243e+01  2.955836e-02 
 2.120282e+01  2.837338e-02 
 2.120322e+01  2.717644e-02 
 2.120362e+01  2.596918e-02 
 2.120402e+01  2.474243e-02 
 2.120442e+01  2.351696e-02 
 2.120481e+01  2.228448e-02 
 2.120521e+01  2.104078e-02 
 2.120561e+01  1.979214e-02 
 2.120601e+01  1.854330e-02 
 2.120640e+01  1.728414e-02 
 2.120680e+01  1.602137e-02 
 2.120720e+01  1.474841e-02 
 2.120760e+01  1.348618e-02 
 2.120799e+01  1.221474e-02 
 2.120839e+01  1.095896e-02 
 2.120879e+01  9.704655e-03 
 2.120919e+01  8.446982e-03 
 2.120959e+01  7.201999e-03 
 2.120998e+01  5.963996e-03 
 2.121038e+01  4.736766e-03 
 2.121078e+01  3.507527e-03 
 2.121118e+01  2.310047e-03 
 2.121157e+01  1.118215e-03 
 2.121197e+01 -5.409612e-05 
 2.121237e+01 -1.210745e-03 
 2.121277e+01 -2.342954e-03 
 2.121316e+01 -3.479752e-03 
 2.121356e+01 -4.603662e-03 
 2.121396e+01 -5.707990e-03 
 2.121436e+01 -6.801675e-03 
 2.121476e+01 -7.874474e-03 
 2.121515e+01 -8.919184e-03 
 2.121555e+01 -9.958636e-03 
 2.121595e+01 -1.097711e-02 
 2.121635e+01 -1.196833e-02 
 2.121674e+01 -1.293578e-02 
 2.121714e+01 -1.387271e-02 
 2.121754e+01 -1.479375e-02 
 2.121794e+01 -1.568609e-02 
 2.121833e+01 -1.654880e-02 
 2.121873e+01 -1.739552e-02 
 2.121913e+01 -1.822079e-02 
 2.121953e+01 -1.900302e-02 
 2.121993e+01 -1.975740e-02 
 2.122032e+01 -2.049648e-02 
 2.122072e+01 -2.121029e-02 
 2.122112e+01 -2.188190e-02 
 2.122152e+01 -2.253503e-02 
 2.122191e+01 -2.314693e-02 
 2.122231e+01 -2.373157e-02 
 2.122271e+01 -2.431507e-02 
 2.122311e+01 -2.485828e-02 
 2.122350e+01 -2.537746e-02 
 2.122390e+01 -2.585159e-02 
 2.122430e+01 -2.629970e-02 
 2.122470e+01 -2.670252e-02 
 2.122510e+01 -2.708925e-02 
 2.122549e+01 -2.746042e-02 
 2.122589e+01 -2.779384e-02 
 2.122629e+01 -2.808900e-02 
 2.122669e+01 -2.837708e-02 
 2.122708e+01 -2.861490e-02 
 2.122748e+01 -2.883236e-02 
 2.122788e+01 -2.902147e-02 
 2.122828e+01 -2.917352e-02 
 2.122867e+01 -2.929218e-02 
 2.122907e+01 -2.937147e-02 
 2.122947e+01 -2.943368e-02 
 2.122987e+01 -2.946146e-02 
 2.123027e+01 -2.946838e-02 
 2.123066e+01 -2.945061e-02 
 2.123106e+01 -2.939629e-02 
 2.123146e+01 -2.931964e-02 
 2.123186e+01 -2.921179e-02 
 2.123225e+01 -2.907267e-02 
 2.123265e+01 -2.892286e-02 
 2.123305e+01 -2.874032e-02 
 2.123345e+01 -2.851714e-02 
 2.123384e+01 -2.825825e-02 
 2.123424e+01 -2.798904e-02 
 2.123464e+01 -2.769286e-02 
 2.123504e+01 -2.737147e-02 
 2.123544e+01 -2.704234e-02 
 2.123583e+01 -2.667442e-02 
 2.123623e+01 -2.627804e-02 
 2.123663e+01 -2.585126e-02 
 2.123703e+01 -2.540559e-02 
 2.123742e+01 -2.492012e-02 
 2.123782e+01 -2.440675e-02 
 2.123822e+01 -2.386381e-02 
 2.123862e+01 -2.327619e-02 
 2.123901e+01 -2.265900e-02 
 2.123941e+01 -2.202302e-02 
 2.123981e+01 -2.136547e-02 
 2.124021e+01 -2.067065e-02 
 2.124061e+01 -1.994397e-02 
 2.124100e+01 -1.919263e-02 
 2.124140e+01 -1.841895e-02 
 2.124180e+01 -1.762737e-02 
 2.124220e+01 -1.681474e-02 
 2.124259e+01 -1.596867e-02 
 2.124299e+01 -1.508892e-02 
 2.124339e+01 -1.418589e-02 
 2.124379e+01 -1.324465e-02 
 2.124418e+01 -1.228548e-02 
 2.124458e+01 -1.131640e-02 
 2.124498e+01 -1.031962e-02 
 2.124538e+01 -9.301424e-03 
 2.124578e+01 -8.256446e-03 
 2.124617e+01 -7.199006e-03 
 2.124657e+01 -6.123575e-03 
 2.124697e+01 -5.024975e-03 
 2.124737e+01 -3.905413e-03 
 2.124776e+01 -2.762313e-03 
 2.124816e+01 -1.594872e-03 
 2.124856e+01 -4.182119e-04 
 2.124896e+01  7.682297e-04 
 2.124935e+01  1.966773e-03 
 2.124975e+01  3.170552e-03 
 2.125015e+01  4.386693e-03 
 2.125055e+01  5.611194e-03 
 2.125095e+01  6.833495e-03 
 2.125134e+01  8.072248e-03 
 2.125174e+01  9.298294e-03 
 2.125214e+01  1.054246e-02 
 2.125254e+01  1.179521e-02 
 2.125293e+01  1.306069e-02 
 2.125333e+01  1.433192e-02 
 2.125373e+01  1.558388e-02 
 2.125413e+01  1.684920e-02 
 2.125452e+01  1.809566e-02 
 2.125492e+01  1.933618e-02 
 2.125532e+01  2.057495e-02 
 2.125572e+01  2.181746e-02 
 2.125612e+01  2.305814e-02 
 2.125651e+01  2.428914e-02 
 2.125691e+01  2.551745e-02 
 2.125731e+01  2.675151e-02 
 2.125771e+01  2.797603e-02 
 2.125810e+01  2.919832e-02 
 2.125850e+01  3.039717e-02 
 2.125890e+01  3.158027e-02 
 2.125930e+01  3.275220e-02 
 2.125969e+01  3.391126e-02 
 2.126009e+01  3.507105e-02 
 2.126049e+01  3.620634e-02 
 2.126089e+01  3.733254e-02 
 2.126129e+01  3.843570e-02 
 2.126168e+01  3.953637e-02 
 2.126208e+01  4.061199e-02 
 2.126248e+01  4.169380e-02 
 2.126288e+01  4.275970e-02 
 2.126327e+01  4.379332e-02 
 2.126367e+01  4.480234e-02 
 2.126407e+01  4.579690e-02 
 2.126447e+01  4.676036e-02 
 2.126486e+01  4.772545e-02 
 2.126526e+01  4.867830e-02 
 2.126566e+01  4.960416e-02 
 2.126606e+01  5.051604e-02 
 2.126646e+01  5.142343e-02 
 2.126685e+01  5.231111e-02 
 2.126725e+01  5.317900e-02 
 2.126765e+01  5.403484e-02 
 2.126805e+01  5.486776e-02 
 2.126844e+01  5.564984e-02 
 2.126884e+01  5.643651e-02 
 2.126924e+01  5.718568e-02 
 2.126964e+01  5.792531e-02 
 2.127003e+01  5.864320e-02 
 2.127043e+01  5.933077e-02 
 2.127083e+01  5.998538e-02 
 2.127123e+01  6.062110e-02 
 2.127163e+01  6.125895e-02 
 2.127202e+01  6.186576e-02 
 2.127242e+01  6.245569e-02 
 2.127282e+01  6.301256e-02 
 2.127322e+01  6.354097e-02 
 2.127361e+01  6.402405e-02 
 2.127401e+01  6.449263e-02 
 2.127441e+01  6.493425e-02 
 2.127481e+01  6.534039e-02 
 2.127520e+01  6.572447e-02 
 2.127560e+01  6.608009e-02 
 2.127600e+01  6.639131e-02 
 2.127640e+01  6.669674e-02 
 2.127680e+01  6.696795e-02 
 2.127719e+01  6.720511e-02 
 2.127759e+01  6.739948e-02 
 2.127799e+01  6.757021e-02 
 2.127839e+01  6.770237e-02 
 2.127878e+01  6.778025e-02 
 2.127918e+01  6.786089e-02 
 2.127958e+01  6.789106e-02 
 2.127998e+01  6.788155e-02 
 2.128037e+01  6.784920e-02 
 2.128077e+01  6.777423e-02 
 2.128117e+01  6.766705e-02 
 2.128157e+01  6.753107e-02 
 2.128197e+01  6.736995e-02 
 2.128236e+01  6.716606e-02 
 2.128276e+01  6.690433e-02 
 2.128316e+01  6.661715e-02 
 2.128356e+01  6.629079e-02 
 2.128395e+01  6.594618e-02 
 2.128435e+01  6.557250e-02 
 2.128475e+01  6.516725e-02 
 2.128515e+01  6.474155e-02 
 2.128554e+01  6.426853e-02 
 2.128594e+01  6.377388e-02 
 2.128634e+01  6.326112e-02 
 2.128674e+01  6.271278e-02 
 2.128714e+01  6.212995e-02 
 2.128753e+01  6.151902e-02 
 2.128793e+01  6.086954e-02 
 2.128833e+01  6.019109e-02 
 2.128873e+01  5.950167e-02 
 2.128912e+01  5.878866e-02 
 2.128952e+01  5.803402e-02 
 2.128992e+01  5.725525e-02 
 2.129032e+01  5.645214e-02 
 2.129071e+01  5.562343e-02 
 2.129111e+01  5.476752e-02 
 2.129151e+01  5.390279e-02 
 2.129191e+01  5.300708e-02 
 2.129231e+01  5.208318e-02 
 2.129270e+01  5.113893e-02 
 2.129310e+01  5.017721e-02 
 2.129350e+01  4.920211e-02 
 2.129390e+01  4.820854e-02 
 2.129429e+01  4.720318e-02 
 2.129469e+01  4.616413e-02 
 2.129509e+01  4.511635e-02 
 2.129549e+01  4.405986e-02 
 2.129589e+01  4.298294e-02 
 2.129628e+01  4.189188e-02 
 2.129668e+01  4.079317e-02 
 2.129708e+01  3.967958e-02 
 2.129748e+01  3.855032e-02 
 2.129787e+01  3.741528e-02 
 2.129827e+01  3.627335e-02 
 2.129867e+01  3.511415e-02 
 2.129907e+01  3.395027e-02 
 2.129946e+01  3.278961e-02 
 2.129986e+01  3.159904e-02 
 2.130026e+01  3.042271e-02 
 2.130066e+01  2.924509e-02 
 2.130106e+01  2.805807e-02 
 2.130145e+01  2.686476e-02 
 2.130185e+01  2.567481e-02 
 2.130225e+01  2.447332e-02 
 2.130265e+01  2.326386e-02 
 2.130304e+01  2.206629e-02 
 2.130344e+01  2.085613e-02 
 2.130384e+01  1.964516e-02 
 2.130424e+01  1.844706e-02 
 2.130463e+01  1.724928e-02 
 2.130503e+01  1.605366e-02 
 2.130543e+01  1.486534e-02 
 2.130583e+01  1.368726e-02 
 2.130623e+01  1.250786e-02 
 2.130662e+01  1.131594e-02 
 2.130702e+01  1.014065e-02 
 2.130742e+01  8.972533e-03 
 2.130782e+01  7.804052e-03 
 2.130821e+01  6.638811e-03 
 2.130861e+01  5.478567e-03 
 2.130901e+01  4.322773e-03 
 2.130941e+01  3.162017e-03 
 2.130980e+01  2.018135e-03 
 2.131020e+01  8.704696e-04 
 2.131060e+01 -2.681877e-04 
 2.131100e+01 -1.410130e-03 
 2.131140e+01 -2.540221e-03 
 2.131179e+01 -3.670312e-03 
 2.131219e+01 -4.782601e-03 
 2.131259e+01 -5.870243e-03 
 2.131299e+01 -6.952939e-03 
 2.131338e+01 -8.024100e-03 
 2.131378e+01 -9.078650e-03 
 2.131418e+01 -1.011696e-02 
 2.131458e+01 -1.113215e-02 
 2.131497e+01 -1.214011e-02 
 2.131537e+01 -1.312849e-02 
 2.131577e+01 -1.409680e-02 
 2.131617e+01 -1.504750e-02 
 2.131657e+01 -1.596967e-02 
 2.131696e+01 -1.687123e-02 
 2.131736e+01 -1.773622e-02 
 2.131776e+01 -1.858008e-02 
 2.131816e+01 -1.939986e-02 
 2.131855e+01 -2.020384e-02 
 2.131895e+01 -2.097931e-02 
 2.131935e+01 -2.172183e-02 
 2.131975e+01 -2.243691e-02 
 2.132014e+01 -2.311996e-02 
 2.132054e+01 -2.377583e-02 
 2.132094e+01 -2.440239e-02 
 2.132134e+01 -2.498793e-02 
 2.132174e+01 -2.553912e-02 
 2.132213e+01 -2.605533e-02 
 2.132253e+01 -2.654310e-02 
 2.132293e+01 -2.699029e-02 
 2.132333e+01 -2.740439e-02 
 2.132372e+01 -2.779341e-02 
 2.132412e+01 -2.813947e-02 
 2.132452e+01 -2.844776e-02 
 2.132492e+01 -2.873675e-02 
 2.132531e+01 -2.898375e-02 
 2.132571e+01 -2.919679e-02 
 2.132611e+01 -2.938246e-02 
 2.132651e+01 -2.953277e-02 
 2.132691e+01 -2.964638e-02 
 2.132730e+01 -2.972940e-02 
 2.132770e+01 -2.979201e-02 
 2.132810e+01 -2.980780e-02 
 2.132850e+01 -2.980765e-02 
 2.132889e+01 -2.978876e-02 
 2.132929e+01 -2.971297e-02 
 2.132969e+01 -2.961690e-02 
 2.133009e+01 -2.949720e-02 
 2.133048e+01 -2.936213e-02 
 2.133088e+01 -2.918499e-02 
 2.133128e+01 -2.898696e-02 
 2.133168e+01 -2.874938e-02 
 2.133208e+01 -2.847354e-02 
 2.133247e+01 -2.817469e-02 
 2.133287e+01 -2.785752e-02 
 2.133327e+01 -2.750089e-02 
 2.133367e+01 -2.711203e-02 
 2.133406e+01 -2.669367e-02 
 2.133446e+01 -2.623830e-02 
 2.133486e+01 -2.576290e-02 
 2.133526e+01 -2.526070e-02 
 2.133565e+01 -2.473489e-02 
 2.133605e+01 -2.417216e-02 
 2.133645e+01 -2.358072e-02 
 2.133685e+01 -2.296073e-02 
 2.133725e+01 -2.233025e-02 
 2.133764e+01 -2.168328e-02 
 2.133804e+01 -2.101544e-02 
 2.133844e+01 -2.031561e-02 
 2.133884e+01 -1.959012e-02 
 2.133923e+01 -1.884085e-02 
 2.133963e+01 -1.807036e-02 
 2.134003e+01 -1.728778e-02 
 2.134043e+01 -1.647149e-02 
 2.134082e+01 -1.563045e-02 
 2.134122e+01 -1.475957e-02 
 2.134162e+01 -1.387657e-02 
 2.134202e+01 -1.297926e-02 
 2.134242e+01 -1.206899e-02 
 2.134281e+01 -1.115358e-02 
 2.134321e+01 -1.020706e-02 
 2.134361e+01 -9.232569e-03 
 2.134401e+01 -8.256125e-03 
 2.134440e+01 -7.253053e-03 
 2.134480e+01 -6.236540e-03 
 2.134520e+01 -5.197830e-03 
 2.134560e+01 -4.144571e-03 
 2.134599e+01 -3.073655e-03 
 2.134639e+01 -1.981590e-03 
 2.134679e+01 -8.909960e-04 
 2.134719e+01  2.109234e-04 
 2.134759e+01  1.326472e-03 
 2.134798e+01  2.453512e-03 
 2.134838e+01  3.612427e-03 
 2.134878e+01  4.776723e-03 
 2.134918e+01  5.954613e-03 
 2.134957e+01  7.147256e-03 
 2.134997e+01  8.345881e-03 
 2.135037e+01  9.571769e-03 
 2.135077e+01  1.080353e-02 
 2.135116e+01  1.204411e-02 
 2.135156e+01  1.328951e-02 
 2.135196e+01  1.453991e-02 
 2.135236e+01  1.579396e-02 
 2.135276e+01  1.705841e-02 
 2.135315e+01  1.834139e-02 
 2.135355e+01  1.962454e-02 
 2.135395e+01  2.090532e-02 
 2.135435e+01  2.220076e-02 
 2.135474e+01  2.349401e-02 
 2.135514e+01  2.476724e-02 
 2.135554e+01  2.606094e-02 
 2.135594e+01  2.734783e-02 
 2.135633e+01  2.860938e-02 
 2.135673e+01  2.985654e-02 
 2.135713e+01  3.110039e-02 
 2.135753e+01  3.233021e-02 
 2.135793e+01  3.354345e-02 
 2.135832e+01  3.475389e-02 
 2.135872e+01  3.594720e-02 
 2.135912e+01  3.712586e-02 
 2.135952e+01  3.828821e-02 
 2.135991e+01  3.944909e-02 
 2.136031e+01  4.059126e-02 
 2.136071e+01  4.172050e-02 
 2.136111e+01  4.282867e-02 
 2.136150e+01  4.389985e-02 
 2.136190e+01  4.495174e-02 
 2.136230e+01  4.598295e-02 
 2.136270e+01  4.699408e-02 
 2.136310e+01  4.797932e-02 
 2.136349e+01  4.895294e-02 
 2.136389e+01  4.990668e-02 
 2.136429e+01  5.082458e-02 
 2.136469e+01  5.172835e-02 
 2.136508e+01  5.261620e-02 
 2.136548e+01  5.347000e-02 
 2.136588e+01  5.430256e-02 
 2.136628e+01  5.509672e-02 
 2.136667e+01  5.585132e-02 
 2.136707e+01  5.660089e-02 
 2.136747e+01  5.732481e-02 
 2.136787e+01  5.803083e-02 
 2.136827e+01  5.870950e-02 
 2.136866e+01  5.937973e-02 
 2.136906e+01  6.001274e-02 
 2.136946e+01  6.063875e-02 
 2.136986e+01  6.124538e-02 
 2.137025e+01  6.182466e-02 
 2.137065e+01  6.235282e-02 
 2.137105e+01  6.285746e-02 
 2.137145e+01  6.333190e-02 
 2.137184e+01  6.376940e-02 
 2.137224e+01  6.418828e-02 
 2.137264e+01  6.460208e-02 
 2.137304e+01  6.499119e-02 
 2.137344e+01  6.535031e-02 
 2.137383e+01  6.568932e-02 
 2.137423e+01  6.600193e-02 
 2.137463e+01  6.628812e-02 
 2.137503e+01  6.654324e-02 
 2.137542e+01  6.676921e-02 
 2.137582e+01  6.694500e-02 
 2.137622e+01  6.708773e-02 
 2.137662e+01  6.720530e-02 
 2.137701e+01  6.729802e-02 
 2.137741e+01  6.736229e-02 
 2.137781e+01  6.740699e-02 
 2.137821e+01  6.743036e-02 
 2.137861e+01  6.740469e-02 
 2.137900e+01  6.735878e-02 
 2.137940e+01  6.730105e-02 
 2.137980e+01  6.719970e-02 
 2.138020e+01  6.706070e-02 
 2.138059e+01  6.688551e-02 
 2.138099e+01  6.666970e-02 
 2.138139e+01  6.641911e-02 
 2.138179e+01  6.615420e-02 
 2.138218e+01  6.587180e-02 
 2.138258e+01  6.555885e-02 
 2.138298e+01  6.520809e-02 
 2.138338e+01  6.483264e-02 
 2.138378e+01  6.441393e-02 
 2.138417e+01  6.396372e-02 
 2.138457e+01  6.349142e-02 
 2.138497e+01  6.298576e-02 
 2.138537e+01  6.242337e-02 
 2.138576e+01  6.183516e-02 
 2.138616e+01  6.122212e-02 
 2.138656e+01  6.058005e-02 
 2.138696e+01  5.990697e-02 
 2.138736e+01  5.921630e-02 
 2.138775e+01  5.848777e-02 
 2.138815e+01  5.773262e-02 
 2.138855e+01  5.695992e-02 
 2.138895e+01  5.616396e-02 
 2.138934e+01  5.533517e-02 
 2.138974e+01  5.448313e-02 
 2.139014e+01  5.359968e-02 
 2.139054e+01  5.268577e-02 
 2.139093e+01  5.174992e-02 
 2.139133e+01  5.079745e-02 
 2.139173e+01  4.983621e-02 
 2.139213e+01  4.884418e-02 
 2.139253e+01  4.783998e-02 
 2.139292e+01  4.680565e-02 
 2.139332e+01  4.575449e-02 
 2.139372e+01  4.470330e-02 
 2.139412e+01  4.361933e-02 
 2.139451e+01  4.251081e-02 
 2.139491e+01  4.139405e-02 
 2.139531e+01  4.026253e-02 
 2.139571e+01  3.911593e-02 
 2.139610e+01  3.795400e-02 
 2.139650e+01  3.679678e-02 
 2.139690e+01  3.562390e-02 
 2.139730e+01  3.443015e-02 
 2.139770e+01  3.324573e-02 
 2.139809e+01  3.205038e-02 
 2.139849e+01  3.084414e-02 
 2.139889e+01  2.963456e-02 
 2.139929e+01  2.841656e-02 
 2.139968e+01  2.718297e-02 
 2.140008e+01  2.595035e-02 
 2.140048e+01  2.471882e-02 
 2.140088e+01  2.348880e-02 
 2.140127e+01  2.225963e-02 
 2.140167e+01  2.104757e-02 
 2.140207e+01  1.981935e-02 
 2.140247e+01  1.859534e-02 
 2.140287e+01  1.737801e-02 
 2.140326e+01  1.615613e-02 
 2.140366e+01  1.493295e-02 
 2.140406e+01  1.372181e-02 
 2.140446e+01  1.250698e-02 
 2.140485e+01  1.128470e-02 
 2.140525e+01  1.007573e-02 
 2.140565e+01  8.876248e-03 
 2.140605e+01  7.685236e-03 
 2.140644e+01  6.489580e-03 
 2.140684e+01  5.318032e-03 
 2.140724e+01  4.147318e-03 
 2.140764e+01  2.986110e-03 
 2.140804e+01  1.848796e-03 
 2.140843e+01  7.242913e-04 
 2.140883e+01 -3.805811e-04 
 2.140923e+01 -1.476377e-03 
 2.140963e+01 -2.569624e-03 
 2.141002e+01 -3.646533e-03 
 2.141042e+01 -4.703715e-03 
 2.141082e+01 -5.746088e-03 
 2.141122e+01 -6.769453e-03 
 2.141161e+01 -7.793125e-03 
 2.141201e+01 -8.790496e-03 
 2.141241e+01 -9.779741e-03 
 2.141281e+01 -1.073596e-02 
 2.141321e+01 -1.168069e-02 
 2.141360e+01 -1.261175e-02 
 2.141400e+01 -1.352602e-02 
 2.141440e+01 -1.443076e-02 
 2.141480e+01 -1.531324e-02 
 2.141519e+01 -1.618242e-02 
 2.141559e+01 -1.702878e-02 
 2.141599e+01 -1.786551e-02 
 2.141639e+01 -1.868361e-02 
 2.141678e+01 -1.947787e-02 
 2.141718e+01 -2.024324e-02 
 2.141758e+01 -2.097042e-02 
 2.141798e+01 -2.168439e-02 
 2.141838e+01 -2.237826e-02 
 2.141877e+01 -2.304105e-02 
 2.141917e+01 -2.368973e-02 
 2.141957e+01 -2.431414e-02 
 2.141997e+01 -2.490916e-02 
 2.142036e+01 -2.546599e-02 
 2.142076e+01 -2.601216e-02 
 2.142116e+01 -2.651147e-02 
 2.142156e+01 -2.697826e-02 
 2.142195e+01 -2.742428e-02 
 2.142235e+01 -2.783348e-02 
 2.142275e+01 -2.820382e-02 
 2.142315e+01 -2.855665e-02 
 2.142355e+01 -2.887563e-02 
 2.142394e+01 -2.915631e-02 
 2.142434e+01 -2.940383e-02 
 2.142474e+01 -2.962757e-02 
 2.142514e+01 -2.981086e-02 
 2.142553e+01 -2.996782e-02 
 2.142593e+01 -3.009647e-02 
 2.142633e+01 -3.018457e-02 
 2.142673e+01 -3.023133e-02 
 2.142712e+01 -3.025081e-02 
 2.142752e+01 -3.021637e-02 
 2.142792e+01 -3.014155e-02 
 2.142832e+01 -3.004070e-02 
 2.142872e+01 -2.990985e-02 
 2.142911e+01 -2.972564e-02 
 2.142951e+01 -2.950366e-02 
 2.142991e+01 -2.924842e-02 
 2.143031e+01 -2.897291e-02 
 2.143070e+01 -2.866530e-02 
 2.143110e+01 -2.832926e-02 
 2.143150e+01 -2.796928e-02 
 2.143190e+01 -2.757156e-02 
 2.143229e+01 -2.715036e-02 
 2.143269e+01 -2.669151e-02 
 2.143309e+01 -2.620702e-02 
 2.143349e+01 -2.568761e-02 
 2.143389e+01 -2.514029e-02 
 2.143428e+01 -2.456093e-02 
 2.143468e+01 -2.396265e-02 
 2.143508e+01 -2.334976e-02 
 2.143548e+01 -2.272370e-02 
 2.143587e+01 -2.206891e-02 
 2.143627e+01 -2.137589e-02 
 2.143667e+01 -2.064555e-02 
 2.143707e+01 -1.988768e-02 
 2.143746e+01 -1.910908e-02 
 2.143786e+01 -1.830982e-02 
 2.143826e+01 -1.749685e-02 
 2.143866e+01 -1.665240e-02 
 2.143906e+01 -1.579273e-02 
 2.143945e+01 -1.491180e-02 
 2.143985e+01 -1.401251e-02 
 2.144025e+01 -1.311467e-02 
 2.144065e+01 -1.219677e-02 
 2.144104e+01 -1.125368e-02 
 2.144144e+01 -1.027267e-02 
 2.144184e+01 -9.284361e-03 
 2.144224e+01 -8.269804e-03 
 2.144263e+01 -7.246864e-03 
 2.144303e+01 -6.208789e-03 
 2.144343e+01 -5.149755e-03 
 2.144383e+01 -4.077107e-03 
 2.144423e+01 -3.006234e-03 
 2.144462e+01 -1.919531e-03 
 2.144502e+01 -8.281656e-04 
 2.144542e+01  2.700773e-04 
 2.144582e+01  1.382290e-03 
 2.144621e+01  2.530861e-03 
 2.144661e+01  3.690736e-03 
 2.144701e+01  4.854711e-03 
 2.144741e+01  6.025398e-03 
 2.144780e+01  7.200370e-03 
 2.144820e+01  8.385902e-03 
 2.144860e+01  9.589846e-03 
 2.144900e+01  1.079760e-02 
 2.144940e+01  1.200425e-02 
 2.144979e+01  1.320941e-02 
 2.145019e+01  1.441299e-02 
 2.145059e+01  1.561904e-02 
 2.145099e+01  1.682735e-02 
 2.145138e+01  1.805697e-02 
 2.145178e+01  1.927952e-02 
 2.145218e+01  2.051166e-02 
 2.145258e+01  2.173176e-02 
 2.145297e+01  2.296185e-02 
 2.145337e+01  2.418971e-02 
 2.145377e+01  2.541871e-02 
 2.145417e+01  2.662732e-02 
 2.145457e+01  2.782729e-02 
 2.145496e+01  2.902660e-02 
 2.145536e+01  3.022588e-02 
 2.145576e+01  3.142945e-02 
 2.145616e+01  3.264029e-02 
 2.145655e+01  3.384958e-02 
 2.145695e+01  3.504382e-02 
 2.145735e+01  3.623145e-02 
 2.145775e+01  3.741731e-02 
 2.145814e+01  3.859552e-02 
 2.145854e+01  3.975867e-02 
 2.145894e+01  4.091271e-02 
 2.145934e+01  4.203440e-02 
 2.145974e+01  4.313503e-02 
 2.146013e+01  4.422485e-02 
 2.146053e+01  4.531796e-02 
 2.146093e+01  4.638661e-02 
 2.146133e+01  4.743459e-02 
 2.146172e+01  4.847511e-02 
 2.146212e+01  4.948591e-02 
 2.146252e+01  5.048213e-02 
 2.146292e+01  5.145724e-02 
 2.146331e+01  5.241156e-02 
 2.146371e+01  5.333273e-02 
 2.146411e+01  5.421463e-02 
 2.146451e+01  5.508273e-02 
 2.146491e+01  5.591700e-02 
 2.146530e+01  5.673711e-02 
 2.146570e+01  5.753752e-02 
 2.146610e+01  5.830558e-02 
 2.146650e+01  5.902314e-02 
 2.146689e+01  5.972599e-02 
 2.146729e+01  6.040379e-02 
 2.146769e+01  6.103437e-02 
 2.146809e+01  6.164523e-02 
 2.146848e+01  6.222321e-02 
 2.146888e+01  6.277256e-02 
 2.146928e+01  6.326684e-02 
 2.146968e+01  6.374254e-02 
 2.147008e+01  6.419115e-02 
 2.147047e+01  6.460137e-02 
 2.147087e+01  6.499298e-02 
 2.147127e+01  6.535413e-02 
 2.147167e+01  6.567906e-02 
 2.147206e+01  6.597274e-02 
 2.147246e+01  6.624954e-02 
 2.147286e+01  6.649060e-02 
 2.147326e+01  6.669301e-02 
 2.147365e+01  6.686537e-02 
 2.147405e+01  6.700783e-02 
 2.147445e+01  6.711440e-02 
 2.147485e+01  6.720258e-02 
 2.147525e+01  6.727362e-02 
 2.147564e+01  6.732388e-02 
 2.147604e+01  6.734119e-02 
 2.147644e+01  6.733322e-02 
 2.147684e+01  6.729831e-02 
 2.147723e+01  6.723976e-02 
 2.147763e+01  6.715249e-02 
 2.147803e+01  6.703408e-02 
 2.147843e+01  6.686759e-02 
 2.147883e+01  6.667094e-02 
 2.147922e+01  6.644954e-02 
 2.147962e+01  6.619911e-02 
 2.148002e+01  6.592608e-02 
 2.148042e+01  6.563463e-02 
 2.148081e+01  6.530709e-02 
 2.148121e+01  6.495768e-02 
 2.148161e+01  6.458106e-02 
 2.148201e+01  6.416826e-02 
 2.148240e+01  6.373055e-02 
 2.148280e+01  6.325187e-02 
 2.148320e+01  6.273202e-02 
 2.148360e+01  6.217472e-02 
 2.148400e+01  6.161838e-02 
 2.148439e+01  6.102726e-02 
 2.148479e+01  6.042466e-02 
 2.148519e+01  5.979603e-02 
 2.148559e+01  5.915122e-02 
 2.148598e+01  5.846127e-02 
 2.148638e+01  5.774831e-02 
 2.148678e+01  5.701765e-02 
 2.148718e+01  5.624631e-02 
 2.148757e+01  5.545311e-02 
 2.148797e+01  5.462372e-02 
 2.148837e+01  5.377209e-02 
 2.148877e+01  5.289220e-02 
 2.148917e+01  5.200878e-02 
 2.148956e+01  5.111672e-02 
 2.148996e+01  5.019369e-02 
 2.149036e+01  4.924779e-02 
 2.149076e+01  4.828861e-02 
 2.149115e+01  4.730003e-02 
 2.149155e+01  4.629223e-02 
 2.149195e+01  4.526180e-02 
 2.149235e+01  4.419842e-02 
 2.149274e+01  4.311970e-02 
 2.149314e+01  4.201537e-02 
 2.149354e+01  4.089988e-02 
 2.149394e+01  3.976879e-02 
 2.149434e+01  3.863920e-02 
 2.149473e+01  3.749636e-02 
 2.149513e+01  3.633161e-02 
 2.149553e+01  3.515713e-02 
 2.149593e+01  3.396317e-02 
 2.149632e+01  3.276680e-02 
 2.149672e+01  3.155660e-02 
 2.149712e+01  3.033535e-02 
 2.149752e+01  2.910154e-02 
 2.149791e+01  2.786715e-02 
 2.149831e+01  2.659662e-02 
 2.149871e+01  2.534875e-02 
 2.149911e+01  2.409229e-02 
 2.149951e+01  2.282778e-02 
 2.149990e+01  2.155671e-02 
 2.150030e+01  2.028866e-02 
 2.150070e+01  1.900851e-02 
 2.150110e+01  1.773473e-02 
 2.150149e+01  1.646612e-02 
 2.150189e+01  1.520028e-02 
 2.150229e+01  1.393000e-02 
 2.150269e+01  1.266506e-02 
 2.150308e+01  1.142085e-02 
 2.150348e+01  1.018815e-02 
 2.150388e+01  8.969462e-03 
 2.150428e+01  7.770081e-03 
 2.150468e+01  6.574093e-03 
 2.150507e+01  5.386725e-03 
 2.150547e+01  4.206188e-03 
 2.150587e+01  3.047944e-03 
 2.150627e+01  1.901474e-03 
 2.150666e+01  7.704188e-04 
 2.150706e+01 -3.523556e-04 
 2.150746e+01 -1.471337e-03 
 2.150786e+01 -2.568683e-03 
 2.150825e+01 -3.645921e-03 
 2.150865e+01 -4.707233e-03 
 2.150905e+01 -5.750811e-03 
 2.150945e+01 -6.785995e-03 
 2.150985e+01 -7.808411e-03 
 2.151024e+01 -8.799942e-03 
 2.151064e+01 -9.780075e-03 
 2.151104e+01 -1.074140e-02 
 2.151144e+01 -1.170149e-02 
 2.151183e+01 -1.263269e-02 
 2.151223e+01 -1.354729e-02 
 2.151263e+01 -1.445332e-02 
 2.151303e+01 -1.531554e-02 
 2.151342e+01 -1.616718e-02 
 2.151382e+01 -1.699777e-02 
 2.151422e+01 -1.780302e-02 
 2.151462e+01 -1.859320e-02 
 2.151502e+01 -1.935460e-02 
 2.151541e+01 -2.009399e-02 
 2.151581e+01 -2.080331e-02 
 2.151621e+01 -2.150102e-02 
 2.151661e+01 -2.216008e-02 
 2.151700e+01 -2.280521e-02 
 2.151740e+01 -2.342107e-02 
 2.151780e+01 -2.401565e-02 
 2.151820e+01 -2.458082e-02 
 2.151859e+01 -2.512441e-02 
 2.151899e+01 -2.564294e-02 
 2.151939e+01 -2.612678e-02 
 2.151979e+01 -2.658644e-02 
 2.152019e+01 -2.701901e-02 
 2.152058e+01 -2.742329e-02 
 2.152098e+01 -2.780122e-02 
 2.152138e+01 -2.815401e-02 
 2.152178e+01 -2.847346e-02 
 2.152217e+01 -2.875814e-02 
 2.152257e+01 -2.901447e-02 
 2.152297e+01 -2.923670e-02 
 2.152337e+01 -2.943088e-02 
 2.152376e+01 -2.959166e-02 
 2.152416e+01 -2.972316e-02 
 2.152456e+01 -2.981526e-02 
 2.152496e+01 -2.987760e-02 
 2.152536e+01 -2.989472e-02 
 2.152575e+01 -2.988155e-02 
 2.152615e+01 -2.985695e-02 
 2.152655e+01 -2.979754e-02 
 2.152695e+01 -2.970912e-02 
 2.152734e+01 -2.958387e-02 
 2.152774e+01 -2.943837e-02 
 2.152814e+01 -2.926091e-02 
 2.152854e+01 -2.905986e-02 
 2.152893e+01 -2.882174e-02 
 2.152933e+01 -2.854804e-02 
 2.152973e+01 -2.823137e-02 
 2.153013e+01 -2.789075e-02 
 2.153053e+01 -2.751689e-02 
 2.153092e+01 -2.710635e-02 
 2.153132e+01 -2.667762e-02 
 2.153172e+01 -2.620197e-02 
 2.153212e+01 -2.568973e-02 
 2.153251e+01 -2.514489e-02 
 2.153291e+01 -2.457567e-02 
 2.153331e+01 -2.397164e-02 
 2.153371e+01 -2.334453e-02 
 2.153410e+01 -2.267749e-02 
 2.153450e+01 -2.197835e-02 
 2.153490e+01 -2.123758e-02 
 2.153530e+01 -2.048173e-02 
 2.153570e+01 -1.969901e-02 
 2.153609e+01 -1.889734e-02 
 2.153649e+01 -1.806688e-02 
 2.153689e+01 -1.720169e-02 
 2.153729e+01 -1.631834e-02 
 2.153768e+01 -1.541419e-02 
 2.153808e+01 -1.449454e-02 
 2.153848e+01 -1.355608e-02 
 2.153888e+01 -1.259260e-02 
 2.153927e+01 -1.160870e-02 
 2.153967e+01 -1.059806e-02 
 2.154007e+01 -9.577157e-03 
 2.154047e+01 -8.540294e-03 
 2.154087e+01 -7.488523e-03 
 2.154126e+01 -6.418442e-03 
 2.154166e+01 -5.340389e-03 
 2.154206e+01 -4.243637e-03 
 2.154246e+01 -3.146785e-03 
 2.154285e+01 -2.034644e-03 
 2.154325e+01 -9.123877e-04 
 2.154365e+01  2.112058e-04 
 2.154405e+01  1.360211e-03 
 2.154444e+01  2.525524e-03 
 2.154484e+01  3.705444e-03 
 2.154524e+01  4.867770e-03 
 2.154564e+01  6.040365e-03 
 2.154604e+01  7.227477e-03 
 2.154643e+01  8.405066e-03 
 2.154683e+01  9.592680e-03 
 2.154723e+01  1.077503e-02 
 2.154763e+01  1.196160e-02 
 2.154802e+01  1.313635e-02 
 2.154842e+01  1.433154e-02 
 2.154882e+01  1.553111e-02 
 2.154922e+01  1.675100e-02 
 2.154961e+01  1.797199e-02 
 2.155001e+01  1.919292e-02 
 2.155041e+01  2.039975e-02 
 2.155081e+01  2.160657e-02 
 2.155121e+01  2.282362e-02 
 2.155160e+01  2.401977e-02 
 2.155200e+01  2.523296e-02 
 2.155240e+01  2.643309e-02 
 2.155280e+01  2.762081e-02 
 2.155319e+01  2.882077e-02 
 2.155359e+01  3.003384e-02 
 2.155399e+01  3.124029e-02 
 2.155439e+01  3.244299e-02 
 2.155478e+01  3.362536e-02 
 2.155518e+01  3.478284e-02 
 2.155558e+01  3.592206e-02 
 2.155598e+01  3.706976e-02 
 2.155638e+01  3.819938e-02 
 2.155677e+01  3.930943e-02 
 2.155717e+01  4.040747e-02 
 2.155757e+01  4.149129e-02 
 2.155797e+01  4.257277e-02 
 2.155836e+01  4.366419e-02 
 2.155876e+01  4.474995e-02 
 2.155916e+01  4.580386e-02 
 2.155956e+01  4.684215e-02 
 2.155995e+01  4.786572e-02 
 2.156035e+01  4.884194e-02 
 2.156075e+01  4.981693e-02 
 2.156115e+01  5.077765e-02 
 2.156155e+01  5.171293e-02 
 2.156194e+01  5.262017e-02 
 2.156234e+01  5.350805e-02 
 2.156274e+01  5.439016e-02 
 2.156314e+01  5.525542e-02 
 2.156353e+01  5.611705e-02 
 2.156393e+01  5.694239e-02 
 2.156433e+01  5.773623e-02 
 2.156473e+01  5.850524e-02 
 2.156512e+01  5.925540e-02 
 2.156552e+01  5.996780e-02 
 2.156592e+01  6.065697e-02 
 2.156632e+01  6.130589e-02 
 2.156672e+01  6.192165e-02 
 2.156711e+01  6.250771e-02 
 2.156751e+01  6.306592e-02 
 2.156791e+01  6.360473e-02 
 2.156831e+01  6.411516e-02 
 2.156870e+01  6.460085e-02 
 2.156910e+01  6.504380e-02 
 2.156950e+01  6.545694e-02 
 2.156990e+01  6.583476e-02 
 2.157030e+01  6.617858e-02 
 2.157069e+01  6.648190e-02 
 2.157109e+01  6.675483e-02 
 2.157149e+01  6.699255e-02 
 2.157189e+01  6.718630e-02 
 2.157228e+01  6.735999e-02 
 2.157268e+01  6.749737e-02 
 2.157308e+01  6.762612e-02 
 2.157348e+01  6.770609e-02 
 2.157387e+01  6.775781e-02 
 2.157427e+01  6.776115e-02 
 2.157467e+01  6.773299e-02 
 2.157507e+01  6.766344e-02 
 2.157547e+01  6.756386e-02 
 2.157586e+01  6.742528e-02 
 2.157626e+01  6.725881e-02 
 2.157666e+01  6.704852e-02 
 2.157706e+01  6.683893e-02 
 2.157745e+01  6.658841e-02 
 2.157785e+01  6.631955e-02 
 2.157825e+01  6.603413e-02 
 2.157865e+01  6.572094e-02 
 2.157904e+01  6.537162e-02 
 2.157944e+01  6.498682e-02 
 2.157984e+01  6.458256e-02 
 2.158024e+01  6.414723e-02 
 2.158064e+01  6.368154e-02 
 2.158103e+01  6.320207e-02 
 2.158143e+01  6.267596e-02 
 2.158183e+01  6.212716e-02 
 2.158223e+01  6.157697e-02 
 2.158262e+01  6.100200e-02 
 2.158302e+01  6.039592e-02 
 2.158342e+01  5.977713e-02 
 2.158382e+01  5.911289e-02 
 2.158421e+01  5.842795e-02 
 2.158461e+01  5.771349e-02 
 2.158501e+01  5.698563e-02 
 2.158541e+01  5.622190e-02 
 2.158581e+01  5.542726e-02 
 2.158620e+01  5.461023e-02 
 2.158660e+01  5.376790e-02 
 2.158700e+01  5.290855e-02 
 2.158740e+01  5.203285e-02 
 2.158779e+01  5.114476e-02 
 2.158819e+01  5.022378e-02 
 2.158859e+01  4.928454e-02 
 2.158899e+01  4.832012e-02 
 2.158938e+01  4.733864e-02 
 2.158978e+01  4.633221e-02 
 2.159018e+01  4.530459e-02 
 2.159058e+01  4.425451e-02 
 2.159098e+01  4.318402e-02 
 2.159137e+01  4.210486e-02 
 2.159177e+01  4.102233e-02 
 2.159217e+01  3.993252e-02 
 2.159257e+01  3.883631e-02 
 2.159296e+01  3.771996e-02 
 2.159336e+01  3.658303e-02 
 2.159376e+01  3.543768e-02 
 2.159416e+01  3.427639e-02 
 2.159455e+01  3.310321e-02 
 2.159495e+01  3.190927e-02 
 2.159535e+01  3.070403e-02 
 2.159575e+01  2.947847e-02 
 2.159615e+01  2.825908e-02 
 2.159654e+01  2.703292e-02 
 2.159694e+01  2.580357e-02 
 2.159734e+01  2.459094e-02 
 2.159774e+01  2.337294e-02 
 2.159813e+01  2.213575e-02 
 2.159853e+01  2.089867e-02 
 2.159893e+01  1.966234e-02 
 2.159933e+01  1.842440e-02 
 2.159972e+01  1.718033e-02 
 2.160012e+01  1.592975e-02 
 2.160052e+01  1.468512e-02 
 2.160092e+01  1.344214e-02 
 2.160132e+01  1.221848e-02 
 2.160171e+01  1.099938e-02 
 2.160211e+01  9.791403e-03 
 2.160251e+01  8.573465e-03 
 2.160291e+01  7.348027e-03 
 2.160330e+01  6.132669e-03 
 2.160370e+01  4.926783e-03 
 2.160410e+01  3.724492e-03 
 2.160450e+01  2.533262e-03 
 2.160489e+01  1.336054e-03 
 2.160529e+01  1.586713e-04 
 2.160569e+01 -1.017668e-03 
 2.160609e+01 -2.165508e-03 
 2.160649e+01 -3.293523e-03 
 2.160688e+01 -4.413415e-03 
 2.160728e+01 -5.518559e-03 
 2.160768e+01 -6.607640e-03 
 2.160808e+01 -7.677083e-03 
 2.160847e+01 -8.728374e-03 
 2.160887e+01 -9.758971e-03 
 2.160927e+01 -1.075925e-02 
 2.160967e+01 -1.175959e-02 
 2.161006e+01 -1.271845e-02 
 2.161046e+01 -1.365452e-02 
 2.161086e+01 -1.456470e-02 
 2.161126e+01 -1.543942e-02 
 2.161166e+01 -1.630571e-02 
 2.161205e+01 -1.715026e-02 
 2.161245e+01 -1.796939e-02 
 2.161285e+01 -1.874768e-02 
 2.161325e+01 -1.950408e-02 
 2.161364e+01 -2.023715e-02 
 2.161404e+01 -2.093774e-02 
 2.161444e+01 -2.162773e-02 
 2.161484e+01 -2.228515e-02 
 2.161523e+01 -2.290738e-02 
 2.161563e+01 -2.352128e-02 
 2.161603e+01 -2.409429e-02 
 2.161643e+01 -2.463900e-02 
 2.161683e+01 -2.516080e-02 
 2.161722e+01 -2.564724e-02 
 2.161762e+01 -2.610464e-02 
 2.161802e+01 -2.652958e-02 
 2.161842e+01 -2.693478e-02 
 2.161881e+01 -2.730376e-02 
 2.161921e+01 -2.764940e-02 
 2.161961e+01 -2.797295e-02 
 2.162001e+01 -2.825272e-02 
 2.162040e+01 -2.850561e-02 
 2.162080e+01 -2.873885e-02 
 2.162120e+01 -2.893812e-02 
 2.162160e+01 -2.911172e-02 
 2.162200e+01 -2.927020e-02 
 2.162239e+01 -2.939922e-02 
 2.162279e+01 -2.948385e-02 
 2.162319e+01 -2.955409e-02 
 2.162359e+01 -2.959643e-02 
 2.162398e+01 -2.961638e-02 
 2.162438e+01 -2.960880e-02 
 2.162478e+01 -2.957965e-02 
 2.162518e+01 -2.950697e-02 
 2.162557e+01 -2.939651e-02 
 2.162597e+01 -2.926412e-02 
 2.162637e+01 -2.909099e-02 
 2.162677e+01 -2.888770e-02 
 2.162717e+01 -2.865534e-02 
 2.162756e+01 -2.838063e-02 
 2.162796e+01 -2.808109e-02 
 2.162836e+01 -2.774392e-02 
 2.162876e+01 -2.738648e-02 
 2.162915e+01 -2.700213e-02 
 2.162955e+01 -2.657662e-02 
 2.162995e+01 -2.612279e-02 
 2.163035e+01 -2.562537e-02 
 2.163074e+01 -2.510747e-02 
 2.163114e+01 -2.456635e-02 
 2.163154e+01 -2.399164e-02 
 2.163194e+01 -2.338970e-02 
 2.163234e+01 -2.274384e-02 
 2.163273e+01 -2.206601e-02 
 2.163313e+01 -2.136817e-02 
 2.163353e+01 -2.064688e-02 
 2.163393e+01 -1.991086e-02 
 2.163432e+01 -1.914392e-02 
 2.163472e+01 -1.836180e-02 
 2.163512e+01 -1.754674e-02 
 2.163552e+01 -1.670331e-02 
 2.163591e+01 -1.584764e-02 
 2.163631e+01 -1.496618e-02 
 2.163671e+01 -1.406099e-02 
 2.163711e+01 -1.311499e-02 
 2.163751e+01 -1.215698e-02 
 2.163790e+01 -1.117736e-02 
 2.163830e+01 -1.017376e-02 
 2.163870e+01 -9.163063e-03 
 2.163910e+01 -8.120541e-03 
 2.163949e+01 -7.069760e-03 
 2.163989e+01 -5.995449e-03 
 2.164029e+01 -4.916662e-03 
 2.164069e+01 -3.827608e-03 
 2.164108e+01 -2.715814e-03 
 2.164148e+01 -1.596461e-03 
 2.164188e+01 -4.470036e-04 
 2.164228e+01  7.227180e-04 
 2.164268e+01  1.895693e-03 
 2.164307e+01  3.073796e-03 
 2.164347e+01  4.249370e-03 
 2.164387e+01  5.444250e-03 
 2.164427e+01  6.638621e-03 
 2.164466e+01  7.842481e-03 
 2.164506e+01  9.068958e-03 
 2.164546e+01  1.028983e-02 
 2.164586e+01  1.152308e-02 
 2.164625e+01  1.277242e-02 
 2.164665e+01  1.403476e-02 
 2.164705e+01  1.529269e-02 
 2.164745e+01  1.656107e-02 
 2.164785e+01  1.782408e-02 
 2.164824e+01  1.906707e-02 
 2.164864e+01  2.031408e-02 
 2.164904e+01  2.157030e-02 
 2.164944e+01  2.282126e-02 
 2.164983e+01  2.404091e-02 
 2.165023e+01  2.526610e-02 
 2.165063e+01  2.647842e-02 
 2.165103e+01  2.768436e-02 
 2.165142e+01  2.889082e-02 
 2.165182e+01  3.011006e-02 
 2.165222e+01  3.130256e-02 
 2.165262e+01  3.247120e-02 
 2.165302e+01  3.363518e-02 
 2.165341e+01  3.478862e-02 
 2.165381e+01  3.592409e-02 
 2.165421e+01  3.705718e-02 
 2.165461e+01  3.817655e-02 
 2.165500e+01  3.926393e-02 
 2.165540e+01  4.034598e-02 
 2.165580e+01  4.141383e-02 
 2.165620e+01  4.248494e-02 
 2.165659e+01  4.353470e-02 
 2.165699e+01  4.457747e-02 
 2.165739e+01  4.558916e-02 
 2.165779e+01  4.657998e-02 
 2.165819e+01  4.756419e-02 
 2.165858e+01  4.853453e-02 
 2.165898e+01  4.946886e-02 
 2.165938e+01  5.040343e-02 
 2.165978e+01  5.130846e-02 
 2.166017e+01  5.218136e-02 
 2.166057e+01  5.305533e-02 
 2.166097e+01  5.392209e-02 
 2.166137e+01  5.477465e-02 
 2.166176e+01  5.560555e-02 
 2.166216e+01  5.641369e-02 
 2.166256e+01  5.718203e-02 
 2.166296e+01  5.792503e-02 
 2.166336e+01  5.865114e-02 
 2.166375e+01  5.934062e-02 
 2.166415e+01  6.002027e-02 
 2.166455e+01  6.068042e-02 
 2.166495e+01  6.130646e-02 
 2.166534e+01  6.191677e-02 
 2.166574e+01  6.251816e-02 
 2.166614e+01  6.309360e-02 
 2.166654e+01  6.364630e-02 
 2.166694e+01  6.415998e-02 
 2.166733e+01  6.463872e-02 
 2.166773e+01  6.507031e-02 
 2.166813e+01  6.547975e-02 
 2.166853e+01  6.586924e-02 
 2.166892e+01  6.622243e-02 
 2.166932e+01  6.653698e-02 
 2.166972e+01  6.682228e-02 
 2.167012e+01  6.707801e-02 
 2.167051e+01  6.730201e-02 
 2.167091e+01  6.750824e-02 
 2.167131e+01  6.767662e-02 
 2.167171e+01  6.780019e-02 
 2.167211e+01  6.787578e-02 
 2.167250e+01  6.790892e-02 
 2.167290e+01  6.791557e-02 
 2.167330e+01  6.789080e-02 
 2.167370e+01  6.784124e-02 
 2.167409e+01  6.774863e-02 
 2.167449e+01  6.762884e-02 
 2.167489e+01  6.748228e-02 
 2.167529e+01  6.730197e-02 
 2.167568e+01  6.709321e-02 
 2.167608e+01  6.684679e-02 
 2.167648e+01  6.656529e-02 
 2.167688e+01  6.623975e-02 
 2.167728e+01  6.588574e-02 
 2.167767e+01  6.549760e-02 
 2.167807e+01  6.508418e-02 
 2.167847e+01  6.464953e-02 
 2.167887e+01  6.416279e-02 
 2.167926e+01  6.364711e-02 
 2.167966e+01  6.310966e-02 
 2.168006e+01  6.254971e-02 
 2.168046e+01  6.196512e-02 
 2.168085e+01  6.135803e-02 
 2.168125e+01  6.071809e-02 
 2.168165e+01  6.004211e-02 
 2.168205e+01  5.934651e-02 
 2.168245e+01  5.862003e-02 
 2.168284e+01  5.786672e-02 
 2.168324e+01  5.710588e-02 
 2.168364e+01  5.630323e-02 
 2.168404e+01  5.549433e-02 
 2.168443e+01  5.466288e-02 
 2.168483e+01  5.382052e-02 
 2.168523e+01  5.295807e-02 
 2.168563e+01  5.208170e-02 
 2.168602e+01  5.117454e-02 
 2.168642e+01  5.025176e-02 
 2.168682e+01  4.931796e-02 
 2.168722e+01  4.835972e-02 
 2.168762e+01  4.738363e-02 
 2.168801e+01  4.638801e-02 
 2.168841e+01  4.538216e-02 
 2.168881e+01  4.435409e-02 
 2.168921e+01  4.331677e-02 
 2.168960e+01  4.227369e-02 
 2.169000e+01  4.121948e-02 
 2.169040e+01  4.014120e-02 
 2.169080e+01  3.905648e-02 
 2.169119e+01  3.793627e-02 
 2.169159e+01  3.679280e-02 
 2.169199e+01  3.564071e-02 
 2.169239e+01  3.448390e-02 
 2.169279e+01  3.331437e-02 
 2.169318e+01  3.213739e-02 
 2.169358e+01  3.097785e-02 
 2.169398e+01  2.979687e-02 
 2.169438e+01  2.860817e-02 
 2.169477e+01  2.741898e-02 
 2.169517e+01  2.622025e-02 
 2.169557e+01  2.500658e-02 
 2.169597e+01  2.378524e-02 
 2.169636e+01  2.255254e-02 
 2.169676e+01  2.130712e-02 
 2.169716e+01  2.007853e-02 
 2.169756e+01  1.883795e-02 
 2.169796e+01  1.759295e-02 
 2.169835e+01  1.634247e-02 
 2.169875e+01  1.511020e-02 
 2.169915e+01  1.387078e-02 
 2.169955e+01  1.264070e-02 
 2.169994e+01  1.141722e-02 
 2.170034e+01  1.018967e-02 
 2.170074e+01  8.954595e-03 
 2.170114e+01  7.723064e-03 
 2.170153e+01  6.506691e-03 
 2.170193e+01  5.293995e-03 
 2.170233e+01  4.099595e-03 
 2.170273e+01  2.906374e-03 
 2.170313e+01  1.725005e-03 
 2.170352e+01  5.628798e-04 
 2.170392e+01 -5.892174e-04 
 2.170432e+01 -1.715176e-03 
 2.170472e+01 -2.831396e-03 
 2.170511e+01 -3.933266e-03 
 2.170551e+01 -5.031028e-03 
 2.170591e+01 -6.098891e-03 
 2.170631e+01 -7.159852e-03 
 2.170670e+01 -8.201230e-03 
 2.170710e+01 -9.230572e-03 
 2.170750e+01 -1.024957e-02 
 2.170790e+01 -1.124746e-02 
 2.170830e+01 -1.222255e-02 
 2.170869e+01 -1.317364e-02 
 2.170909e+01 -1.409380e-02 
 2.170949e+01 -1.499604e-02 
 2.170989e+01 -1.589589e-02 
 2.171028e+01 -1.677861e-02 
 2.171068e+01 -1.763569e-02 
 2.171108e+01 -1.847591e-02 
 2.171148e+01 -1.929461e-02 
 2.171187e+01 -2.007849e-02 
 2.171227e+01 -2.084579e-02 
 2.171267e+01 -2.157703e-02 
 2.171307e+01 -2.227333e-02 
 2.171347e+01 -2.293591e-02 
 2.171386e+01 -2.356584e-02 
 2.171426e+01 -2.415833e-02 
 2.171466e+01 -2.472565e-02 
 2.171506e+01 -2.527278e-02 
 2.171545e+01 -2.579581e-02 
 2.171585e+01 -2.626874e-02 
 2.171625e+01 -2.671638e-02 
 2.171665e+01 -2.713719e-02 
 2.171704e+01 -2.752847e-02 
 2.171744e+01 -2.788464e-02 
 2.171784e+01 -2.821914e-02 
 2.171824e+01 -2.850913e-02 
 2.171864e+01 -2.876433e-02 
 2.171903e+01 -2.899440e-02 
 2.171943e+01 -2.919665e-02 
 2.171983e+01 -2.936927e-02 
 2.172023e+01 -2.951610e-02 
 2.172062e+01 -2.961982e-02 
 2.172102e+01 -2.968837e-02 
 2.172142e+01 -2.971731e-02 
 2.172182e+01 -2.973054e-02 
 2.172221e+01 -2.970690e-02 
 2.172261e+01 -2.964967e-02 
 2.172301e+01 -2.956500e-02 
 2.172341e+01 -2.944623e-02 
 2.172381e+01 -2.930152e-02 
 2.172420e+01 -2.913312e-02 
 2.172460e+01 -2.894038e-02 
 2.172500e+01 -2.871428e-02 
 2.172540e+01 -2.846097e-02 
 2.172579e+01 -2.817241e-02 
 2.172619e+01 -2.785906e-02 
 2.172659e+01 -2.752273e-02 
 2.172699e+01 -2.717094e-02 
 2.172738e+01 -2.679133e-02 
 2.172778e+01 -2.637316e-02 
 2.172818e+01 -2.593286e-02 
 2.172858e+01 -2.546486e-02 
 2.172898e+01 -2.497453e-02 
 2.172937e+01 -2.446100e-02 
 2.172977e+01 -2.391405e-02 
 2.173017e+01 -2.333910e-02 
 2.173057e+01 -2.273052e-02 
 2.173096e+01 -2.210993e-02 
 2.173136e+01 -2.145782e-02 
 2.173176e+01 -2.077423e-02 
 2.173216e+01 -2.008007e-02 
 2.173255e+01 -1.933556e-02 
 2.173295e+01 -1.855836e-02 
 2.173335e+01 -1.776754e-02 
 2.173375e+01 -1.695533e-02 
 2.173415e+01 -1.610340e-02 
 2.173454e+01 -1.522696e-02 
 2.173494e+01 -1.432735e-02 
 2.173534e+01 -1.339921e-02 
 2.173574e+01 -1.244694e-02 
 2.173613e+01 -1.150254e-02 
 2.173653e+01 -1.051578e-02 
 2.173693e+01 -9.509792e-03 
 2.173733e+01 -8.489948e-03 
 2.173772e+01 -7.453780e-03 
 2.173812e+01 -6.383612e-03 
 2.173852e+01 -5.311913e-03 
 2.173892e+01 -4.227976e-03 
 2.173932e+01 -3.115882e-03 
 2.173971e+01 -1.982337e-03 
 2.174011e+01 -8.482977e-04 
 2.174051e+01  3.013681e-04 
 2.174091e+01  1.469728e-03 
 2.174130e+01  2.640116e-03 
 2.174170e+01  3.820931e-03 
 2.174210e+01  5.018421e-03 
 2.174250e+01  6.227745e-03 
 2.174289e+01  7.440915e-03 
 2.174329e+01  8.661695e-03 
 2.174369e+01  9.886082e-03 
 2.174409e+01  1.112082e-02 
 2.174449e+01  1.236045e-02 
 2.174488e+01  1.362046e-02 
 2.174528e+01  1.487027e-02 
 2.174568e+01  1.611100e-02 
 2.174608e+01  1.734495e-02 
 2.174647e+01  1.857681e-02 
 2.174687e+01  1.981394e-02 
 2.174727e+01  2.105276e-02 
 2.174767e+01  2.229349e-02 
 2.174806e+01  2.352547e-02 
 2.174846e+01  2.475830e-02 
 2.174886e+01  2.599307e-02 
 2.174926e+01  2.722644e-02 
 2.174966e+01  2.846586e-02 
 2.175005e+01  2.970316e-02 
 2.175045e+01  3.091016e-02 
 2.175085e+01  3.210955e-02 
 2.175125e+01  3.328893e-02 
 2.175164e+01  3.447336e-02 
 2.175204e+01  3.564618e-02 
 2.175244e+01  3.682059e-02 
 2.175284e+01  3.796245e-02 
 2.175323e+01  3.909474e-02 
 2.175363e+01  4.022224e-02 
 2.175403e+01  4.134624e-02 
 2.175443e+01  4.244847e-02 
 2.175483e+01  4.353539e-02 
 2.175522e+01  4.460312e-02 
 2.175562e+01  4.562605e-02 
 2.175602e+01  4.663235e-02 
 2.175642e+01  4.763079e-02 
 2.175681e+01  4.861452e-02 
 2.175721e+01  4.956898e-02 
 2.175761e+01  5.050661e-02 
 2.175801e+01  5.141901e-02 
 2.175841e+01  5.230656e-02 
 2.175880e+01  5.317966e-02 
 2.175920e+01  5.404084e-02 
 2.175960e+01  5.486784e-02 
 2.176000e+01  5.566134e-02 
 2.176039e+01  5.642634e-02 
 2.176079e+01  5.717020e-02 
 2.176119e+01  5.787748e-02 
 2.176159e+01  5.858723e-02 
 2.176198e+01  5.927086e-02 
 2.176238e+01  5.992413e-02 
 2.176278e+01  6.054637e-02 
 2.176318e+01  6.116013e-02 
 2.176358e+01  6.174693e-02 
 2.176397e+01  6.230331e-02 
 2.176437e+01  6.283976e-02 
 2.176477e+01  6.333806e-02 
 2.176517e+01  6.379381e-02 
 2.176556e+01  6.422092e-02 
 2.176596e+01  6.463799e-02 
 2.176636e+01  6.502981e-02 
 2.176676e+01  6.538816e-02 
 2.176715e+01  6.573237e-02 
 2.176755e+01  6.605069e-02 
 2.176795e+01  6.633689e-02 
 2.176835e+01  6.660004e-02 
 2.176875e+01  6.685072e-02 
 2.176914e+01  6.706190e-02 
 2.176954e+01  6.723775e-02 
 2.176994e+01  6.737629e-02 
 2.177034e+01  6.748384e-02 
 2.177073e+01  6.755894e-02 
 2.177113e+01  6.762337e-02 
 2.177153e+01  6.764394e-02 
 2.177193e+01  6.763714e-02 
 2.177232e+01  6.760236e-02 
 2.177272e+01  6.753354e-02 
 2.177312e+01  6.742733e-02 
 2.177352e+01  6.730863e-02 
 2.177392e+01  6.714869e-02 
 2.177431e+01  6.693831e-02 
 2.177471e+01  6.669567e-02 
 2.177511e+01  6.641115e-02 
 2.177551e+01  6.609136e-02 
 2.177590e+01  6.575268e-02 
 2.177630e+01  6.538202e-02 
 2.177670e+01  6.497041e-02 
 2.177710e+01  6.452613e-02 
 2.177749e+01  6.405613e-02 
 2.177789e+01  6.355424e-02 
 2.177829e+01  6.302654e-02 
 2.177869e+01  6.247837e-02 
 2.177909e+01  6.187399e-02 
 2.177948e+01  6.122749e-02 
 2.177988e+01  6.055730e-02 
 2.178028e+01  5.986074e-02 
 2.178068e+01  5.914229e-02 
 2.178107e+01  5.839869e-02 
 2.178147e+01  5.763498e-02 
 2.178187e+01  5.684893e-02 
 2.178227e+01  5.604143e-02 
 2.178266e+01  5.522223e-02 
 2.178306e+01  5.437731e-02 
 2.178346e+01  5.350495e-02 
 2.178386e+01  5.259554e-02 
 2.178426e+01  5.166475e-02 
 2.178465e+01  5.070103e-02 
 2.178505e+01  4.972623e-02 
 2.178545e+01  4.872277e-02 
 2.178585e+01  4.771207e-02 
 2.178624e+01  4.667206e-02 
 2.178664e+01  4.562905e-02 
 2.178704e+01  4.457288e-02 
 2.178744e+01  4.349875e-02 
 2.178783e+01  4.241646e-02 
 2.178823e+01  4.133099e-02 
 2.178863e+01  4.021820e-02 
 2.178903e+01  3.908680e-02 
 2.178943e+01  3.795080e-02 
 2.178982e+01  3.680588e-02 
 2.179022e+01  3.565375e-02 
 2.179062e+01  3.448554e-02 
 2.179102e+01  3.333269e-02 
 2.179141e+01  3.215154e-02 
 2.179181e+01  3.096985e-02 
 2.179221e+01  2.978253e-02 
 2.179261e+01  2.859413e-02 
 2.179300e+01  2.739164e-02 
 2.179340e+01  2.618672e-02 
 2.179380e+01  2.497996e-02 
 2.179420e+01  2.375731e-02 
 2.179460e+01  2.253874e-02 
 2.179499e+01  2.132496e-02 
 2.179539e+01  2.010439e-02 
 2.179579e+01  1.888590e-02 
 2.179619e+01  1.766795e-02 
 2.179658e+01  1.644536e-02 
 2.179698e+01  1.524512e-02 
 2.179738e+01  1.403837e-02 
 2.179778e+01  1.284113e-02 
 2.179817e+01  1.164039e-02 
 2.179857e+01  1.044105e-02 
 2.179897e+01  9.239980e-03 
 2.179937e+01  8.050235e-03 
 2.179977e+01  6.875410e-03 
 2.180016e+01  5.704830e-03 
 2.180056e+01  4.540831e-03 
 2.180096e+01  3.389860e-03 
 2.180136e+01  2.238650e-03 
 2.180175e+01  1.103079e-03 
 2.180215e+01 -1.977514e-05 
 2.180255e+01 -1.130543e-03 
 2.180295e+01 -2.252986e-03 
 2.180334e+01 -3.347861e-03 
 2.180374e+01 -4.444484e-03 
 2.180414e+01 -5.528100e-03 
 2.180454e+01 -6.604989e-03 
 2.180494e+01 -7.657363e-03 
 2.180533e+01 -8.708670e-03 
 2.180573e+01 -9.741363e-03 
 2.180613e+01 -1.075470e-02 
 2.180653e+01 -1.173975e-02 
 2.180692e+01 -1.271596e-02 
 2.180732e+01 -1.367030e-02 
 2.180772e+01 -1.461218e-02 
 2.180812e+01 -1.554251e-02 
 2.180851e+01 -1.644427e-02 
 2.180891e+01 -1.731335e-02 
 2.180931e+01 -1.815537e-02 
 2.180971e+01 -1.897779e-02 
 2.181011e+01 -1.975936e-02 
 2.181050e+01 -2.051720e-02 
 2.181090e+01 -2.126262e-02 
 2.181130e+01 -2.197064e-02 
 2.181170e+01 -2.264654e-02 
 2.181209e+01 -2.330654e-02 
 2.181249e+01 -2.394518e-02 
 2.181289e+01 -2.454285e-02 
 2.181329e+01 -2.512615e-02 
 2.181368e+01 -2.567187e-02 
 2.181408e+01 -2.617806e-02 
 2.181448e+01 -2.666296e-02 
 2.181488e+01 -2.711559e-02 
 2.181528e+01 -2.754440e-02 
 2.181567e+01 -2.792948e-02 
 2.181607e+01 -2.828609e-02 
 2.181647e+01 -2.860268e-02 
 2.181687e+01 -2.888278e-02 
 2.181726e+01 -2.914283e-02 
 2.181766e+01 -2.936595e-02 
 2.181806e+01 -2.955220e-02 
 2.181846e+01 -2.970072e-02 
 2.181885e+01 -2.980449e-02 
 2.181925e+01 -2.988076e-02 
 2.181965e+01 -2.992597e-02 
 2.182005e+01 -2.995884e-02 
 2.182045e+01 -2.994601e-02 
 2.182084e+01 -2.990356e-02 
 2.182124e+01 -2.982542e-02 
 2.182164e+01 -2.971790e-02 
 2.182204e+01 -2.957311e-02 
 2.182243e+01 -2.941233e-02 
 2.182283e+01 -2.921514e-02 
 2.182323e+01 -2.898661e-02 
 2.182363e+01 -2.871671e-02 
 2.182402e+01 -2.843092e-02 
 2.182442e+01 -2.811297e-02 
 2.182482e+01 -2.777067e-02 
 2.182522e+01 -2.740340e-02 
 2.182562e+01 -2.698995e-02 
 2.182601e+01 -2.653688e-02 
 2.182641e+01 -2.606457e-02 
 2.182681e+01 -2.558007e-02 
 2.182721e+01 -2.505952e-02 
 2.182760e+01 -2.450758e-02 
 2.182800e+01 -2.393252e-02 
 2.182840e+01 -2.331797e-02 
 2.182880e+01 -2.267033e-02 
 2.182919e+01 -2.200980e-02 
 2.182959e+01 -2.133515e-02 
 2.182999e+01 -2.060656e-02 
 2.183039e+01 -1.986748e-02 
 2.183079e+01 -1.911389e-02 
 2.183118e+01 -1.833355e-02 
 2.183158e+01 -1.753907e-02 
 2.183198e+01 -1.673735e-02 
 2.183238e+01 -1.590551e-02 
 2.183277e+01 -1.504072e-02 
 2.183317e+01 -1.416288e-02 
 2.183357e+01 -1.327734e-02 
 2.183397e+01 -1.235414e-02 
 2.183436e+01 -1.143152e-02 
 2.183476e+01 -1.048640e-02 
 2.183516e+01 -9.511127e-03 
 2.183556e+01 -8.531028e-03 
 2.183596e+01 -7.531917e-03 
 2.183635e+01 -6.519542e-03 
 2.183675e+01 -5.481917e-03 
 2.183715e+01 -4.442216e-03 
 2.183755e+01 -3.374933e-03 
 2.183794e+01 -2.270503e-03 
 2.183834e+01 -1.164505e-03 
 2.183874e+01 -4.880037e-05 
 2.183914e+01  1.083325e-03 
 2.183953e+01  2.220378e-03 
 2.183993e+01  3.365742e-03 
 2.184033e+01  4.530530e-03 
 2.184073e+01  5.699819e-03 
 2.184113e+01  6.879729e-03 
 2.184152e+01  8.064011e-03 
 2.184192e+01  9.273335e-03 
 2.184232e+01  1.048690e-02 
 2.184272e+01  1.172334e-02 
 2.184311e+01  1.296771e-02 
 2.184351e+01  1.419737e-02 
 2.184391e+01  1.544063e-02 
 2.184431e+01  1.667935e-02 
 2.184470e+01  1.793736e-02 
 2.184510e+01  1.920070e-02 
 2.184550e+01  2.046388e-02 
 2.184590e+01  2.172745e-02 
 2.184630e+01  2.297899e-02 
 2.184669e+01  2.423397e-02 
 2.184709e+01  2.549177e-02 
 2.184749e+01  2.674946e-02 
 2.184789e+01  2.800283e-02 
 2.184828e+01  2.924442e-02 
 2.184868e+01  3.047955e-02 
 2.184908e+01  3.168267e-02 
 2.184948e+01  3.290386e-02 
 2.184988e+01  3.410830e-02 
 2.185027e+01  3.530650e-02 
 2.185067e+01  3.648022e-02 
 2.185107e+01  3.765847e-02 
 2.185147e+01  3.880942e-02 
 2.185186e+01  3.994940e-02 
 2.185226e+01  4.108617e-02 
 2.185266e+01  4.219484e-02 
 2.185306e+01  4.326705e-02 
 2.185345e+01  4.432777e-02 
 2.185385e+01  4.536575e-02 
 2.185425e+01  4.638847e-02 
 2.185465e+01  4.739957e-02 
 2.185505e+01  4.840424e-02 
 2.185544e+01  4.938254e-02 
 2.185584e+01  5.032446e-02 
 2.185624e+01  5.126563e-02 
 2.185664e+01  5.218665e-02 
 2.185703e+01  5.309230e-02 
 2.185743e+01  5.397018e-02 
 2.185783e+01  5.482974e-02 
 2.185823e+01  5.564965e-02 
 2.185862e+01  5.643507e-02 
 2.185902e+01  5.719716e-02 
 2.185942e+01  5.794038e-02 
 2.185982e+01  5.865034e-02 
 2.186022e+01  5.934065e-02 
 2.186061e+01  6.000107e-02 
 2.186101e+01  6.063364e-02 
 2.186141e+01  6.124951e-02 
 2.186181e+01  6.183734e-02 
 2.186220e+01  6.239216e-02 
 2.186260e+01  6.290550e-02 
 2.186300e+01  6.339314e-02 
 2.186340e+01  6.382893e-02 
 2.186379e+01  6.426187e-02 
 2.186419e+01  6.466907e-02 
 2.186459e+01  6.504512e-02 
 2.186499e+01  6.538981e-02 
 2.186539e+01  6.571045e-02 
 2.186578e+01  6.600072e-02 
 2.186618e+01  6.625923e-02 
 2.186658e+01  6.650036e-02 
 2.186698e+01  6.671797e-02 
 2.186737e+01  6.688123e-02 
 2.186777e+01  6.701691e-02 
 2.186817e+01  6.711641e-02 
 2.186857e+01  6.719194e-02 
 2.186896e+01  6.724609e-02 
 2.186936e+01  6.728310e-02 
 2.186976e+01  6.728800e-02 
 2.187016e+01  6.726133e-02 
 2.187056e+01  6.722023e-02 
 2.187095e+01  6.714994e-02 
 2.187135e+01  6.703530e-02 
 2.187175e+01  6.690690e-02 
 2.187215e+01  6.674390e-02 
 2.187254e+01  6.652425e-02 
 2.187294e+01  6.629390e-02 
 2.187334e+01  6.604579e-02 
 2.187374e+01  6.578209e-02 
 2.187413e+01  6.547459e-02 
 2.187453e+01  6.515543e-02 
 2.187493e+01  6.479388e-02 
 2.187533e+01  6.438298e-02 
 2.187573e+01  6.397389e-02 
 2.187612e+01  6.352913e-02 
 2.187652e+01  6.304663e-02 
 2.187692e+01  6.253783e-02 
 2.187732e+01  6.199327e-02 
 2.187771e+01  6.140875e-02 
 2.187811e+01  6.080676e-02 
 2.187851e+01  6.018399e-02 
 2.187891e+01  5.952679e-02 
 2.187930e+01  5.883394e-02 
 2.187970e+01  5.811018e-02 
 2.188010e+01  5.735630e-02 
 2.188050e+01  5.656967e-02 
 2.188090e+01  5.575588e-02 
 2.188129e+01  5.491063e-02 
 2.188169e+01  5.403305e-02 
 2.188209e+01  5.312021e-02 
 2.188249e+01  5.219055e-02 
 2.188288e+01  5.123764e-02 
 2.188328e+01  5.027999e-02 
 2.188368e+01  4.929041e-02 
 2.188408e+01  4.828872e-02 
 2.188447e+01  4.726196e-02 
 2.188487e+01  4.621338e-02 
 2.188527e+01  4.514508e-02 
 2.188567e+01  4.407285e-02 
 2.188607e+01  4.298788e-02 
 2.188646e+01  4.188217e-02 
 2.188686e+01  4.075142e-02 
 2.188726e+01  3.960920e-02 
 2.188766e+01  3.845015e-02 
 2.188805e+01  3.729615e-02 
 2.188845e+01  3.611947e-02 
 2.188885e+01  3.494765e-02 
 2.188925e+01  3.375446e-02 
 2.188964e+01  3.256635e-02 
 2.189004e+01  3.134937e-02 
 2.189044e+01  3.014591e-02 
 2.189084e+01  2.892675e-02 
 2.189124e+01  2.769791e-02 
 2.189163e+01  2.645278e-02 
 2.189203e+01  2.521766e-02 
 2.189243e+01  2.397812e-02 
 2.189283e+01  2.273745e-02 
 2.189322e+01  2.151701e-02 
 2.189362e+01  2.028098e-02 
 2.189402e+01  1.905399e-02 
 2.189442e+01  1.782581e-02 
 2.189481e+01  1.659610e-02 
 2.189521e+01  1.537388e-02 
 2.189561e+01  1.415703e-02 
 2.189601e+01  1.294582e-02 
 2.189641e+01  1.172095e-02 
 2.189680e+01  1.051266e-02 
 2.189720e+01  9.317035e-03 
 2.189760e+01  8.113175e-03 
 2.189800e+01  6.937381e-03 
 2.189839e+01  5.772463e-03 
 2.189879e+01  4.603524e-03 
 2.189919e+01  3.444782e-03 
 2.189959e+01  2.303200e-03 
 2.189998e+01  1.169915e-03 
 2.190038e+01  2.300650e-05 
 2.190078e+01 -1.104678e-03 
 2.190118e+01 -2.218862e-03 
 2.190158e+01 -3.319851e-03 
 2.190197e+01 -4.397611e-03 
 2.190237e+01 -5.442752e-03 
 2.190277e+01 -6.487815e-03 
 2.190317e+01 -7.507863e-03 
 2.190356e+01 -8.512016e-03 
 2.190396e+01 -9.504336e-03 
 2.190436e+01 -1.047505e-02 
 2.190476e+01 -1.142550e-02 
 2.190515e+01 -1.235864e-02 
 2.190555e+01 -1.327756e-02 
 2.190595e+01 -1.418036e-02 
 2.190635e+01 -1.505156e-02 
 2.190675e+01 -1.590763e-02 
 2.190714e+01 -1.674134e-02 
 2.190754e+01 -1.755551e-02 
 2.190794e+01 -1.836496e-02 
 2.190834e+01 -1.914530e-02 
 2.190873e+01 -1.990852e-02 
 2.190913e+01 -2.064963e-02 
 2.190953e+01 -2.136881e-02 
 2.190993e+01 -2.206974e-02 
 2.191032e+01 -2.275173e-02 
 2.191072e+01 -2.340673e-02 
 2.191112e+01 -2.402344e-02 
 2.191152e+01 -2.462134e-02 
 2.191192e+01 -2.518058e-02 
 2.191231e+01 -2.570691e-02 
 2.191271e+01 -2.621868e-02 
 2.191311e+01 -2.669903e-02 
 2.191351e+01 -2.715100e-02 
 2.191390e+01 -2.756659e-02 
 2.191430e+01 -2.796072e-02 
 2.191470e+01 -2.831854e-02 
 2.191510e+01 -2.864506e-02 
 2.191549e+01 -2.894367e-02 
 2.191589e+01 -2.921934e-02 
 2.191629e+01 -2.944653e-02 
 2.191669e+01 -2.964345e-02 
 2.191709e+01 -2.980462e-02 
 2.191748e+01 -2.993212e-02 
 2.191788e+01 -3.002383e-02 
 2.191828e+01 -3.009325e-02 
 2.191868e+01 -3.011553e-02 
 2.191907e+01 -3.010293e-02 
 2.191947e+01 -3.006597e-02 
 2.191987e+01 -3.000616e-02 
 2.192027e+01 -2.990281e-02 
 2.192066e+01 -2.976584e-02 
 2.192106e+01 -2.959889e-02 
 2.192146e+01 -2.938936e-02 
 2.192186e+01 -2.912865e-02 
 2.192226e+01 -2.884678e-02 
 2.192265e+01 -2.854247e-02 
 2.192305e+01 -2.820436e-02 
 2.192345e+01 -2.781408e-02 
 2.192385e+01 -2.740036e-02 
 2.192424e+01 -2.694705e-02 
 2.192464e+01 -2.646468e-02 
 2.192504e+01 -2.595816e-02 
 2.192544e+01 -2.542517e-02 
 2.192583e+01 -2.484574e-02 
 2.192623e+01 -2.423945e-02 
 2.192663e+01 -2.362379e-02 
 2.192703e+01 -2.298019e-02 
 2.192743e+01 -2.232351e-02 
 2.192782e+01 -2.164453e-02 
 2.192822e+01 -2.092526e-02 
 2.192862e+01 -2.018015e-02 
 2.192902e+01 -1.941771e-02 
 2.192941e+01 -1.864432e-02 
 2.192981e+01 -1.783115e-02 
 2.193021e+01 -1.700286e-02 
 2.193061e+01 -1.614852e-02 
 2.193100e+01 -1.526520e-02 
 2.193140e+01 -1.435376e-02 
 2.193180e+01 -1.345392e-02 
 2.193220e+01 -1.252300e-02 
 2.193260e+01 -1.157950e-02 
 2.193299e+01 -1.061078e-02 
 2.193339e+01 -9.619391e-03 
 2.193379e+01 -8.602876e-03 
 2.193419e+01 -7.573989e-03 
 2.193458e+01 -6.543391e-03 
 2.193498e+01 -5.496859e-03 
 2.193538e+01 -4.431394e-03 
 2.193578e+01 -3.353589e-03 
 2.193617e+01 -2.261949e-03 
 2.193657e+01 -1.176722e-03 
 2.193697e+01 -8.847370e-05 
 2.193737e+01  1.031600e-03 
 2.193777e+01  2.163606e-03 
 2.193816e+01  3.308915e-03 
 2.193856e+01  4.455752e-03 
 2.193896e+01  5.633753e-03 
 2.193936e+01  6.788951e-03 
 2.193975e+01  7.960740e-03 
 2.194015e+01  9.154920e-03 
 2.194055e+01  1.034958e-02 
 2.194095e+01  1.154904e-02 
 2.194135e+01  1.276226e-02 
 2.194174e+01  1.396201e-02 
 2.194214e+01  1.516204e-02 
 2.194254e+01  1.637994e-02 
 2.194294e+01  1.760802e-02 
 2.194333e+01  1.882731e-02 
 2.194373e+01  2.005057e-02 
 2.194413e+01  2.127955e-02 
 2.194453e+01  2.249458e-02 
 2.194492e+01  2.371779e-02 
 2.194532e+01  2.495623e-02 
 2.194572e+01  2.618425e-02 
 2.194612e+01  2.739911e-02 
 2.194652e+01  2.861451e-02 
 2.194691e+01  2.982663e-02 
 2.194731e+01  3.102537e-02 
 2.194771e+01  3.222182e-02 
 2.194811e+01  3.340895e-02 
 2.194850e+01  3.458468e-02 
 2.194890e+01  3.574292e-02 
 2.194930e+01  3.691496e-02 
 2.194970e+01  3.808052e-02 
 2.195009e+01  3.922929e-02 
 2.195049e+01  4.037984e-02 
 2.195089e+01  4.150419e-02 
 2.195129e+01  4.261292e-02 
 2.195169e+01  4.369757e-02 
 2.195208e+01  4.477085e-02 
 2.195248e+01  4.584020e-02 
 2.195288e+01  4.688214e-02 
 2.195328e+01  4.791574e-02 
 2.195367e+01  4.893010e-02 
 2.195407e+01  4.992193e-02 
 2.195447e+01  5.090513e-02 
 2.195487e+01  5.186654e-02 
 2.195526e+01  5.279977e-02 
 2.195566e+01  5.369508e-02 
 2.195606e+01  5.456363e-02 
 2.195646e+01  5.541802e-02 
 2.195686e+01  5.622896e-02 
 2.195725e+01  5.702716e-02 
 2.195765e+01  5.780366e-02 
 2.195805e+01  5.854911e-02 
 2.195845e+01  5.927708e-02 
 2.195884e+01  5.997627e-02 
 2.195924e+01  6.065167e-02 
 2.195964e+01  6.129120e-02 
 2.196004e+01  6.191595e-02 
 2.196043e+01  6.249705e-02 
 2.196083e+01  6.302808e-02 
 2.196123e+01  6.354349e-02 
 2.196163e+01  6.402746e-02 
 2.196203e+01  6.448256e-02 
 2.196242e+01  6.491510e-02 
 2.196282e+01  6.532012e-02 
 2.196322e+01  6.568491e-02 
 2.196362e+01  6.600820e-02 
 2.196401e+01  6.631638e-02 
 2.196441e+01  6.658529e-02 
 2.196481e+01  6.682355e-02 
 2.196521e+01  6.702251e-02 
 2.196560e+01  6.718372e-02 
 2.196600e+01  6.730093e-02 
 2.196640e+01  6.739328e-02 
 2.196680e+01  6.746750e-02 
 2.196720e+01  6.750551e-02 
 2.196759e+01  6.751115e-02 
 2.196799e+01  6.749535e-02 
 2.196839e+01  6.743596e-02 
 2.196879e+01  6.734827e-02 
 2.196918e+01  6.724530e-02 
 2.196958e+01  6.710666e-02 
 2.196998e+01  6.693650e-02 
 2.197038e+01  6.672235e-02 
 2.197077e+01  6.647687e-02 
 2.197117e+01  6.620464e-02 
 2.197157e+01  6.592128e-02 
 2.197197e+01  6.562800e-02 
 2.197237e+01  6.528975e-02 
 2.197276e+01  6.491949e-02 
 2.197316e+01  6.453076e-02 
 2.197356e+01  6.413031e-02 
 2.197396e+01  6.369561e-02 
 2.197435e+01  6.323471e-02 
 2.197475e+01  6.274072e-02 
 2.197515e+01  6.220953e-02 
 2.197555e+01  6.164533e-02 
 2.197594e+01  6.106471e-02 
 2.197634e+01  6.046877e-02 
 2.197674e+01  5.985193e-02 
 2.197714e+01  5.920744e-02 
 2.197754e+01  5.854272e-02 
 2.197793e+01  5.784605e-02 
 2.197833e+01  5.713883e-02 
 2.197873e+01  5.640448e-02 
 2.197913e+01  5.564942e-02 
 2.197952e+01  5.487493e-02 
 2.197992e+01  5.405877e-02 
 2.198032e+01  5.322863e-02 
 2.198072e+01  5.237638e-02 
 2.198111e+01  5.150586e-02 
 2.198151e+01  5.061681e-02 
 2.198191e+01  4.969902e-02 
 2.198231e+01  4.876533e-02 
 2.198271e+01  4.779036e-02 
 2.198310e+01  4.680236e-02 
 2.198350e+01  4.579308e-02 
 2.198390e+01  4.475370e-02 
 2.198430e+01  4.369260e-02 
 2.198469e+01  4.260917e-02 
 2.198509e+01  4.150197e-02 
 2.198549e+01  4.038687e-02 
 2.198589e+01  3.925049e-02 
 2.198628e+01  3.810516e-02 
 2.198668e+01  3.693345e-02 
 2.198708e+01  3.575681e-02 
 2.198748e+01  3.455711e-02 
 2.198788e+01  3.333025e-02 
 2.198827e+01  3.210306e-02 
 2.198867e+01  3.086539e-02 
 2.198907e+01  2.961645e-02 
 2.198947e+01  2.835550e-02 
 2.198986e+01  2.708980e-02 
 2.199026e+01  2.582697e-02 
 2.199066e+01  2.455888e-02 
 2.199106e+01  2.329649e-02 
 2.199145e+01  2.202397e-02 
 2.199185e+01  2.075764e-02 
 2.199225e+01  1.948173e-02 
 2.199265e+01  1.822060e-02 
 2.199305e+01  1.694970e-02 
 2.199344e+01  1.569368e-02 
 2.199384e+01  1.442827e-02 
 2.199424e+01  1.317849e-02 
 2.199464e+01  1.192543e-02 
 2.199503e+01  1.068003e-02 
 2.199543e+01  9.448006e-03 
 2.199583e+01  8.231740e-03 
 2.199623e+01  7.004717e-03 
 2.199662e+01  5.804686e-03 
 2.199702e+01  4.603061e-03 
 2.199742e+01  3.431655e-03 
 2.199782e+01  2.268363e-03 
 2.199822e+01  1.122166e-03 
 2.199861e+01 -3.099179e-06 
 2.199901e+01 -1.124664e-03 
 2.199941e+01 -2.222998e-03 
 2.199981e+01 -3.303926e-03 
 2.200020e+01 -4.368869e-03 
 2.200060e+01 -5.407981e-03 
 2.200100e+01 -6.435317e-03 
 2.200140e+01 -7.466716e-03 
 2.200179e+01 -8.457537e-03 
 2.200219e+01 -9.446362e-03 
 2.200259e+01 -1.041426e-02 
 2.200299e+01 -1.136581e-02 
 2.200339e+01 -1.230131e-02 
 2.200378e+01 -1.323492e-02 
 2.200418e+01 -1.413613e-02 
 2.200458e+01 -1.502123e-02 
 2.200498e+01 -1.588873e-02 
 2.200537e+01 -1.673845e-02 
 2.200577e+01 -1.754439e-02 
 2.200617e+01 -1.834357e-02 
 2.200657e+01 -1.912401e-02 
 2.200696e+01 -1.986820e-02 
 2.200736e+01 -2.058687e-02 
 2.200776e+01 -2.128655e-02 
 2.200816e+01 -2.195925e-02 
 2.200856e+01 -2.259265e-02 
 2.200895e+01 -2.322186e-02 
 2.200935e+01 -2.380323e-02 
 2.200975e+01 -2.435381e-02 
 2.201015e+01 -2.489052e-02 
 2.201054e+01 -2.539933e-02 
 2.201094e+01 -2.587692e-02 
 2.201134e+01 -2.633413e-02 
 2.201174e+01 -2.677046e-02 
 2.201213e+01 -2.716721e-02 
 2.201253e+01 -2.753304e-02 
 2.201293e+01 -2.787688e-02 
 2.201333e+01 -2.819133e-02 
 2.201373e+01 -2.847300e-02 
 2.201412e+01 -2.873316e-02 
 2.201452e+01 -2.895424e-02 
 2.201492e+01 -2.915849e-02 
 2.201532e+01 -2.932057e-02 
 2.201571e+01 -2.948327e-02 
 2.201611e+01 -2.960889e-02 
 2.201651e+01 -2.969879e-02 
 2.201691e+01 -2.976634e-02 
 2.201730e+01 -2.980079e-02 
 2.201770e+01 -2.979324e-02 
 2.201810e+01 -2.976010e-02 
 2.201850e+01 -2.969340e-02 
 2.201890e+01 -2.958429e-02 
 2.201929e+01 -2.943492e-02 
 2.201969e+01 -2.925950e-02 
 2.202009e+01 -2.907278e-02 
 2.202049e+01 -2.885948e-02 
 2.202088e+01 -2.862014e-02 
 2.202128e+01 -2.833932e-02 
 2.202168e+01 -2.801719e-02 
 2.202208e+01 -2.767311e-02 
 2.202247e+01 -2.728695e-02 
 2.202287e+01 -2.687042e-02 
 2.202327e+01 -2.641795e-02 
 2.202367e+01 -2.593082e-02 
 2.202407e+01 -2.540521e-02 
 2.202446e+01 -2.485375e-02 
 2.202486e+01 -2.428070e-02 
 2.202526e+01 -2.367970e-02 
 2.202566e+01 -2.304480e-02 
 2.202605e+01 -2.237793e-02 
 2.202645e+01 -2.166614e-02 
 2.202685e+01 -2.092729e-02 
 2.202725e+01 -2.015293e-02 
 2.202764e+01 -1.934540e-02 
 2.202804e+01 -1.850198e-02 
 2.202844e+01 -1.763426e-02 
 2.202884e+01 -1.673635e-02 
 2.202924e+01 -1.581878e-02 
 2.202963e+01 -1.488925e-02 
 2.203003e+01 -1.395374e-02 
 2.203043e+01 -1.298394e-02 
 2.203083e+01 -1.199738e-02 
 2.203122e+01 -1.098905e-02 
 2.203162e+01 -9.957516e-03 
 2.203202e+01 -8.906814e-03 
 2.203242e+01 -7.855186e-03 
 2.203282e+01 -6.789022e-03 
 2.203321e+01 -5.701520e-03 
 2.203361e+01 -4.606581e-03 
 2.203401e+01 -3.499232e-03 
 2.203441e+01 -2.392860e-03 
 2.203480e+01 -1.270009e-03 
 2.203520e+01 -1.522939e-04 
 2.203560e+01  9.799357e-04 
 2.203600e+01  2.136863e-03 
 2.203639e+01  3.287165e-03 
 2.203679e+01  4.451963e-03 
 2.203719e+01  5.618785e-03 
 2.203759e+01  6.799338e-03 
 2.203799e+01  7.978132e-03 
 2.203838e+01  9.173855e-03 
 2.203878e+01  1.037666e-02 
 2.203918e+01  1.156313e-02 
 2.203958e+01  1.274348e-02 
 2.203997e+01  1.393313e-02 
 2.204037e+01  1.513092e-02 
 2.204077e+01  1.633305e-02 
 2.204117e+01  1.754334e-02 
 2.204156e+01  1.876506e-02 
 2.204196e+01  1.996699e-02 
 2.204236e+01  2.117120e-02 
 2.204276e+01  2.238834e-02 
 2.204316e+01  2.359255e-02 
 2.204355e+01  2.480393e-02 
 2.204395e+01  2.600012e-02 
 2.204435e+01  2.719070e-02 
 2.204475e+01  2.835952e-02 
 2.204514e+01  2.954862e-02 
 2.204554e+01  3.073423e-02 
 2.204594e+01  3.192271e-02 
 2.204634e+01  3.309810e-02 
 2.204673e+01  3.427921e-02 
 2.204713e+01  3.543502e-02 
 2.204753e+01  3.659705e-02 
 2.204793e+01  3.775069e-02 
 2.204833e+01  3.889325e-02 
 2.204872e+01  4.000721e-02 
 2.204912e+01  4.110475e-02 
 2.204952e+01  4.218488e-02 
 2.204992e+01  4.325407e-02 
 2.205031e+01  4.432099e-02 
 2.205071e+01  4.537863e-02 
 2.205111e+01  4.640870e-02 
 2.205151e+01  4.742573e-02 
 2.205190e+01  4.841274e-02 
 2.205230e+01  4.938422e-02 
 2.205270e+01  5.035310e-02 
 2.205310e+01  5.129351e-02 
 2.205350e+01  5.221507e-02 
 2.205389e+01  5.310706e-02 
 2.205429e+01  5.399082e-02 
 2.205469e+01  5.484823e-02 
 2.205509e+01  5.568277e-02 
 2.205548e+01  5.650724e-02 
 2.205588e+01  5.730111e-02 
 2.205628e+01  5.806001e-02 
 2.205668e+01  5.880391e-02 
 2.205707e+01  5.952929e-02 
 2.205747e+01  6.022972e-02 
 2.205787e+01  6.090383e-02 
 2.205827e+01  6.154501e-02 
 2.205867e+01  6.215819e-02 
 2.205906e+01  6.272750e-02 
 2.205946e+01  6.329082e-02 
 2.205986e+01  6.382586e-02 
 2.206026e+01  6.432543e-02 
 2.206065e+01  6.479877e-02 
 2.206105e+01  6.524141e-02 
 2.206145e+01  6.564462e-02 
 2.206185e+01  6.601681e-02 
 2.206224e+01  6.636762e-02 
 2.206264e+01  6.668388e-02 
 2.206304e+01  6.695646e-02 
 2.206344e+01  6.719654e-02 
 2.206384e+01  6.740205e-02 
 2.206423e+01  6.755514e-02 
 2.206463e+01  6.769180e-02 
 2.206503e+01  6.779905e-02 
 2.206543e+01  6.786511e-02 
 2.206582e+01  6.790014e-02 
 2.206622e+01  6.791340e-02 
 2.206662e+01  6.789003e-02 
 2.206702e+01  6.783610e-02 
 2.206741e+01  6.774679e-02 
 2.206781e+01  6.762582e-02 
 2.206821e+01  6.744753e-02 
 2.206861e+01  6.723373e-02 
 2.206901e+01  6.699770e-02 
 2.206940e+01  6.673689e-02 
 2.206980e+01  6.644546e-02 
 2.207020e+01  6.612470e-02 
 2.207060e+01  6.576970e-02 
 2.207099e+01  6.537350e-02 
 2.207139e+01  6.494886e-02 
 2.207179e+01  6.449947e-02 
 2.207219e+01  6.400890e-02 
 2.207258e+01  6.349156e-02 
 2.207298e+01  6.294896e-02 
 2.207338e+01  6.237277e-02 
 2.207378e+01  6.177437e-02 
 2.207418e+01  6.116714e-02 
 2.207457e+01  6.053500e-02 
 2.207497e+01  5.989015e-02 
 2.207537e+01  5.921879e-02 
 2.207577e+01  5.852116e-02 
 2.207616e+01  5.779753e-02 
 2.207656e+01  5.705568e-02 
 2.207696e+01  5.628702e-02 
 2.207736e+01  5.548789e-02 
 2.207775e+01  5.466449e-02 
 2.207815e+01  5.382282e-02 
 2.207855e+01  5.295994e-02 
 2.207895e+01  5.209447e-02 
 2.207935e+01  5.121450e-02 
 2.207974e+01  5.031190e-02 
 2.208014e+01  4.938490e-02 
 2.208054e+01  4.843738e-02 
 2.208094e+01  4.746521e-02 
 2.208133e+01  4.648985e-02 
 2.208173e+01  4.548740e-02 
 2.208213e+01  4.448102e-02 
 2.208253e+01  4.344177e-02 
 2.208292e+01  4.239919e-02 
 2.208332e+01  4.133535e-02 
 2.208372e+01  4.026788e-02 
 2.208412e+01  3.918457e-02 
 2.208452e+01  3.808822e-02 
 2.208491e+01  3.697504e-02 
 2.208531e+01  3.586167e-02 
 2.208571e+01  3.472890e-02 
 2.208611e+01  3.359682e-02 
 2.208650e+01  3.245087e-02 
 2.208690e+01  3.128856e-02 
 2.208730e+01  3.011635e-02 
 2.208770e+01  2.891896e-02 
 2.208809e+01  2.771983e-02 
 2.208849e+01  2.652161e-02 
 2.208889e+01  2.531912e-02 
 2.208929e+01  2.409485e-02 
 2.208969e+01  2.287092e-02 
 2.209008e+01  2.162946e-02 
 2.209048e+01  2.039409e-02 
 2.209088e+01  1.913977e-02 
 2.209128e+01  1.788942e-02 
 2.209167e+01  1.664030e-02 
 2.209207e+01  1.538433e-02 
 2.209247e+01  1.411406e-02 
 2.209287e+01  1.285401e-02 
 2.209326e+01  1.160293e-02 
 2.209366e+01  1.035497e-02 
 2.209406e+01  9.109508e-03 
 2.209446e+01  7.861323e-03 
 2.209486e+01  6.630330e-03 
 2.209525e+01  5.399547e-03 
 2.209565e+01  4.192363e-03 
 2.209605e+01  2.984948e-03 
 2.209645e+01  1.791485e-03 
 2.209684e+01  5.916991e-04 
 2.209724e+01 -5.958995e-04 
 2.209764e+01 -1.752179e-03 
 2.209804e+01 -2.899605e-03 
 2.209843e+01 -4.038691e-03 
 2.209883e+01 -5.149517e-03 
 2.209923e+01 -6.260998e-03 
 2.209963e+01 -7.362975e-03 
 2.210003e+01 -8.432457e-03 
 2.210042e+01 -9.482910e-03 
 2.210082e+01 -1.051129e-02 
 2.210122e+01 -1.151901e-02 
 2.210162e+01 -1.249505e-02 
 2.210201e+01 -1.345140e-02 
 2.210241e+01 -1.437626e-02 
 2.210281e+01 -1.526803e-02 
 2.210321e+01 -1.614684e-02 
 2.210360e+01 -1.699924e-02 
 2.210400e+01 -1.781902e-02 
 2.210440e+01 -1.861491e-02 
 2.210480e+01 -1.937980e-02 
 2.210520e+01 -2.011630e-02 
 2.210559e+01 -2.080980e-02 
 2.210599e+01 -2.149163e-02 
 2.210639e+01 -2.215085e-02 
 2.210679e+01 -2.277812e-02 
 2.210718e+01 -2.336727e-02 
 2.210758e+01 -2.394490e-02 
 2.210798e+01 -2.448329e-02 
 2.210838e+01 -2.499968e-02 
 2.210877e+01 -2.549022e-02 
 2.210917e+01 -2.596045e-02 
 2.210957e+01 -2.639293e-02 
 2.210997e+01 -2.680563e-02 
 2.211037e+01 -2.718647e-02 
 2.211076e+01 -2.752989e-02 
 2.211116e+01 -2.784414e-02 
 2.211156e+01 -2.814470e-02 
 2.211196e+01 -2.840701e-02 
 2.211235e+01 -2.864739e-02 
 2.211275e+01 -2.885505e-02 
 2.211315e+01 -2.903368e-02 
 2.211355e+01 -2.918806e-02 
 2.211394e+01 -2.930193e-02 
 2.211434e+01 -2.939057e-02 
 2.211474e+01 -2.943194e-02 
 2.211514e+01 -2.945658e-02 
 2.211554e+01 -2.945552e-02 
 2.211593e+01 -2.942463e-02 
 2.211633e+01 -2.937130e-02 
 2.211673e+01 -2.929084e-02 
 2.211713e+01 -2.917677e-02 
 2.211752e+01 -2.903615e-02 
 2.211792e+01 -2.887342e-02 
 2.211832e+01 -2.868714e-02 
 2.211872e+01 -2.847552e-02 
 2.211911e+01 -2.822268e-02 
 2.211951e+01 -2.794763e-02 
 2.211991e+01 -2.763481e-02 
 2.212031e+01 -2.730342e-02 
 2.212071e+01 -2.693833e-02 
 2.212110e+01 -2.652786e-02 
 2.212150e+01 -2.610127e-02 
 2.212190e+01 -2.564487e-02 
 2.212230e+01 -2.515450e-02 
 2.212269e+01 -2.463873e-02 
 2.212309e+01 -2.410752e-02 
 2.212349e+01 -2.353665e-02 
 2.212389e+01 -2.293677e-02 
 2.212429e+01 -2.230234e-02 
 2.212468e+01 -2.164275e-02 
 2.212508e+01 -2.096733e-02 
 2.212548e+01 -2.025448e-02 
 2.212588e+01 -1.952489e-02 
 2.212627e+01 -1.875747e-02 
 2.212667e+01 -1.796775e-02 
 2.212707e+01 -1.715088e-02 
 2.212747e+01 -1.632681e-02 
 2.212786e+01 -1.547607e-02 
 2.212826e+01 -1.460256e-02 
 2.212866e+01 -1.370315e-02 
 2.212906e+01 -1.277631e-02 
 2.212946e+01 -1.180629e-02 
 2.212985e+01 -1.081965e-02 
 2.213025e+01 -9.817175e-03 
 2.213065e+01 -8.782910e-03 
 2.213105e+01 -7.732765e-03 
 2.213144e+01 -6.668161e-03 
 2.213184e+01 -5.578203e-03 
 2.213224e+01 -4.481125e-03 
 2.213264e+01 -3.381276e-03 
 2.213303e+01 -2.251969e-03 
 2.213343e+01 -1.096385e-03 
 2.213383e+01  8.298324e-05 
 2.213423e+01  1.277454e-03 
 2.213463e+01  2.498470e-03 
 2.213502e+01  3.723865e-03 
 2.213542e+01  4.943229e-03 
 2.213582e+01  6.187491e-03 
 2.213622e+01  7.431855e-03 
 2.213661e+01  8.682829e-03 
 2.213701e+01  9.933659e-03 
 2.213741e+01  1.117474e-02 
 2.213781e+01  1.242152e-02 
 2.213820e+01  1.367132e-02 
 2.213860e+01  1.493900e-02 
 2.213900e+01  1.620515e-02 
 2.213940e+01  1.747516e-02 
 2.213980e+01  1.874072e-02 
 2.214019e+01  1.999241e-02 
 2.214059e+01  2.123129e-02 
 2.214099e+01  2.248219e-02 
 2.214139e+01  2.371947e-02 
 2.214178e+01  2.494701e-02 
 2.214218e+01  2.615283e-02 
 2.214258e+01  2.735620e-02 
 2.214298e+01  2.856554e-02 
 2.214337e+01  2.977853e-02 
 2.214377e+01  3.098079e-02 
 2.214417e+01  3.216514e-02 
 2.214457e+01  3.332934e-02 
 2.214497e+01  3.447814e-02 
 2.214536e+01  3.560500e-02 
 2.214576e+01  3.672753e-02 
 2.214616e+01  3.782952e-02 
 2.214656e+01  3.892087e-02 
 2.214695e+01  3.997387e-02 
 2.214735e+01  4.103483e-02 
 2.214775e+01  4.208186e-02 
 2.214815e+01  4.312310e-02 
 2.214854e+01  4.416135e-02 
 2.214894e+01  4.518967e-02 
 2.214934e+01  4.618940e-02 
 2.214974e+01  4.716625e-02 
 2.215014e+01  4.814230e-02 
 2.215053e+01  4.909557e-02 
 2.215093e+01  5.001807e-02 
 2.215133e+01  5.092857e-02 
 2.215173e+01  5.181733e-02 
 2.215212e+01  5.268216e-02 
 2.215252e+01  5.353895e-02 
 2.215292e+01  5.439212e-02 
 2.215332e+01  5.522912e-02 
 2.215371e+01  5.604226e-02 
 2.215411e+01  5.683010e-02 
 2.215451e+01  5.759338e-02 
 2.215491e+01  5.832906e-02 
 2.215531e+01  5.904109e-02 
 2.215570e+01  5.972984e-02 
 2.215610e+01  6.038793e-02 
 2.215650e+01  6.101237e-02 
 2.215690e+01  6.160585e-02 
 2.215729e+01  6.218229e-02 
 2.215769e+01  6.273642e-02 
 2.215809e+01  6.327397e-02 
 2.215849e+01  6.378911e-02 
 2.215888e+01  6.428158e-02 
 2.215928e+01  6.472509e-02 
 2.215968e+01  6.514193e-02 
 2.216008e+01  6.553240e-02 
 2.216048e+01  6.589051e-02 
 2.216087e+01  6.620937e-02 
 2.216127e+01  6.649772e-02 
 2.216167e+01  6.675427e-02 
 2.216207e+01  6.698624e-02 
 2.216246e+01  6.720534e-02 
 2.216286e+01  6.740351e-02 
 2.216326e+01  6.756110e-02 
 2.216366e+01  6.768803e-02 
 2.216405e+01  6.778675e-02 
 2.216445e+01  6.783520e-02 
 2.216485e+01  6.785848e-02 
 2.216525e+01  6.785067e-02 
 2.216565e+01  6.780512e-02 
 2.216604e+01  6.771420e-02 
 2.216644e+01  6.758963e-02 
 2.216684e+01  6.743875e-02 
 2.216724e+01  6.725014e-02 
 2.216763e+01  6.704677e-02 
 2.216803e+01  6.680602e-02 
 2.216843e+01  6.652574e-02 
 2.216883e+01  6.621459e-02 
 2.216922e+01  6.587004e-02 
 2.216962e+01  6.548963e-02 
 2.217002e+01  6.507961e-02 
 2.217042e+01  6.463100e-02 
 2.217082e+01  6.414382e-02 
 2.217121e+01  6.363126e-02 
 2.217161e+01  6.308462e-02 
 2.217201e+01  6.250266e-02 
 2.217241e+01  6.190091e-02 
 2.217280e+01  6.127436e-02 
 2.217320e+01  6.059999e-02 
 2.217360e+01  5.990203e-02 
 2.217400e+01  5.918785e-02 
 2.217439e+01  5.842386e-02 
 2.217479e+01  5.764243e-02 
 2.217519e+01  5.683570e-02 
 2.217559e+01  5.599430e-02 
 2.217599e+01  5.512099e-02 
 2.217638e+01  5.423469e-02 
 2.217678e+01  5.332397e-02 
 2.217718e+01  5.240516e-02 
 2.217758e+01  5.146976e-02 
 2.217797e+01  5.052056e-02 
 2.217837e+01  4.954615e-02 
 2.217877e+01  4.856152e-02 
 2.217917e+01  4.756220e-02 
 2.217956e+01  4.654511e-02 
 2.217996e+01  4.551009e-02 
 2.218036e+01  4.445907e-02 
 2.218076e+01  4.339821e-02 
 2.218116e+01  4.232730e-02 
 2.218155e+01  4.125504e-02 
 2.218195e+01  4.017500e-02 
 2.218235e+01  3.909449e-02 
 2.218275e+01  3.799554e-02 
 2.218314e+01  3.689426e-02 
 2.218354e+01  3.576918e-02 
 2.218394e+01  3.463733e-02 
 2.218434e+01  3.349053e-02 
 2.218473e+01  3.234496e-02 
 2.218513e+01  3.117292e-02 
 2.218553e+01  2.999624e-02 
 2.218593e+01  2.880494e-02 
 2.218633e+01  2.762850e-02 
 2.218672e+01  2.644481e-02 
 2.218712e+01  2.526270e-02 
 2.218752e+01  2.406439e-02 
 2.218792e+01  2.285864e-02 
 2.218831e+01  2.165584e-02 
 2.218871e+01  2.044024e-02 
 2.218911e+01  1.925026e-02 
 2.218951e+01  1.803900e-02 
 2.218990e+01  1.683204e-02 
 2.219030e+01  1.561137e-02 
 2.219070e+01  1.440805e-02 
 2.219110e+01  1.320741e-02 
 2.219150e+01  1.202069e-02 
 2.219189e+01  1.082554e-02 
 2.219229e+01  9.626408e-03 
 2.219269e+01  8.421531e-03 
 2.219309e+01  7.227886e-03 
 2.219348e+01  6.041796e-03 
 2.219388e+01  4.857039e-03 
 2.219428e+01  3.683613e-03 
 2.219468e+01  2.507487e-03 
 2.219507e+01  1.339159e-03 
 2.219547e+01  1.719872e-04 
 2.219587e+01 -9.631612e-04 
 2.219627e+01 -2.094761e-03 
 2.219667e+01 -3.211262e-03 
 2.219706e+01 -4.323948e-03 
 2.219746e+01 -5.422765e-03 
 2.219786e+01 -6.498458e-03 
 2.219826e+01 -7.559917e-03 
 2.219865e+01 -8.593616e-03 
 2.219905e+01 -9.625664e-03 
 2.219945e+01 -1.064294e-02 
 2.219985e+01 -1.164185e-02 
 2.220024e+01 -1.262475e-02 
 2.220064e+01 -1.358789e-02 
 2.220104e+01 -1.453788e-02 
 2.220144e+01 -1.546355e-02 
 2.220184e+01 -1.636661e-02 
 2.220223e+01 -1.724758e-02 
 2.220263e+01 -1.810281e-02 
 2.220303e+01 -1.893183e-02 
 2.220343e+01 -1.973720e-02 
 2.220382e+01 -2.051364e-02 
 2.220422e+01 -2.127712e-02 
 2.220462e+01 -2.200748e-02 
 2.220502e+01 -2.272224e-02 
 2.220541e+01 -2.339665e-02 
 2.220581e+01 -2.404522e-02 
 2.220621e+01 -2.466674e-02 
 2.220661e+01 -2.525914e-02 
 2.220701e+01 -2.580451e-02 
 2.220740e+01 -2.632628e-02 
 2.220780e+01 -2.680609e-02 
 2.220820e+01 -2.724929e-02 
 2.220860e+01 -2.765407e-02 
 2.220899e+01 -2.803199e-02 
 2.220939e+01 -2.836386e-02 
 2.220979e+01 -2.866393e-02 
 2.221019e+01 -2.892489e-02 
 2.221058e+01 -2.915246e-02 
 2.221098e+01 -2.934890e-02 
 2.221138e+01 -2.951687e-02 
 2.221178e+01 -2.964711e-02 
 2.221218e+01 -2.973812e-02 
 2.221257e+01 -2.980785e-02 
 2.221297e+01 -2.984095e-02 
 2.221337e+01 -2.983927e-02 
 2.221377e+01 -2.981559e-02 
 2.221416e+01 -2.976287e-02 
 2.221456e+01 -2.967641e-02 
 2.221496e+01 -2.956055e-02 
 2.221536e+01 -2.940831e-02 
 2.221576e+01 -2.923472e-02 
 2.221615e+01 -2.903535e-02 
 2.221655e+01 -2.881297e-02 
 2.221695e+01 -2.853606e-02 
 2.221735e+01 -2.823273e-02 
 2.221774e+01 -2.790848e-02 
 2.221814e+01 -2.753720e-02 
 2.221854e+01 -2.716449e-02 
 2.221894e+01 -2.675898e-02 
 2.221933e+01 -2.632698e-02 
 2.221973e+01 -2.587718e-02 
 2.222013e+01 -2.540539e-02 
 2.222053e+01 -2.490918e-02 
 2.222093e+01 -2.438586e-02 
 2.222132e+01 -2.384849e-02 
 2.222172e+01 -2.327387e-02 
 2.222212e+01 -2.266586e-02 
 2.222252e+01 -2.203052e-02 
 2.222291e+01 -2.138024e-02 
 2.222331e+01 -2.071344e-02 
 2.222371e+01 -2.002568e-02 
 2.222411e+01 -1.931340e-02 
 2.222450e+01 -1.857360e-02 
 2.222490e+01 -1.781793e-02 
 2.222530e+01 -1.703233e-02 
 2.222570e+01 -1.623096e-02 
 2.222610e+01 -1.540178e-02 
 2.222649e+01 -1.454652e-02 
 2.222689e+01 -1.365463e-02 
 2.222729e+01 -1.273701e-02 
 2.222769e+01 -1.179748e-02 
 2.222808e+01 -1.085933e-02 
 2.222848e+01 -9.888377e-03 
 2.222888e+01 -8.906449e-03 
 2.222928e+01 -7.906354e-03 
 2.222967e+01 -6.882871e-03 
 2.223007e+01 -5.847736e-03 
 2.223047e+01 -4.793881e-03 
 2.223087e+01 -3.724073e-03 
 2.223127e+01 -2.620024e-03 
 2.223166e+01 -1.509965e-03 
 2.223206e+01 -3.716725e-04 
 2.223246e+01  7.761941e-04 
 2.223286e+01  1.928381e-03 
 2.223325e+01  3.089594e-03 
 2.223365e+01  4.254157e-03 
 2.223405e+01  5.442599e-03 
 2.223445e+01  6.635051e-03 
 2.223484e+01  7.837004e-03 
 2.223524e+01  9.040405e-03 
 2.223564e+01  1.025240e-02 
 2.223604e+01  1.148564e-02 
 2.223644e+01  1.274398e-02 
 2.223683e+01  1.400638e-02 
 2.223723e+01  1.527240e-02 
 2.223763e+01  1.655013e-02 
 2.223803e+01  1.781739e-02 
 2.223842e+01  1.908173e-02 
 2.223882e+01  2.034791e-02 
 2.223922e+01  2.162841e-02 
 2.223962e+01  2.289284e-02 
 2.224001e+01  2.414966e-02 
 2.224041e+01  2.540393e-02 
 2.224081e+01  2.666657e-02 
 2.224121e+01  2.793424e-02 
 2.224161e+01  2.919666e-02 
 2.224200e+01  3.044907e-02 
 2.224240e+01  3.168590e-02 
 2.224280e+01  3.290733e-02 
 2.224320e+01  3.412147e-02 
 2.224359e+01  3.532040e-02 
 2.224399e+01  3.650949e-02 
 2.224439e+01  3.767557e-02 
 2.224479e+01  3.882059e-02 
 2.224518e+01  3.995702e-02 
 2.224558e+01  4.107131e-02 
 2.224598e+01  4.219395e-02 
 2.224638e+01  4.331006e-02 
 2.224678e+01  4.438610e-02 
 2.224717e+01  4.544269e-02 
 2.224757e+01  4.647680e-02 
 2.224797e+01  4.748571e-02 
 2.224837e+01  4.846200e-02 
 2.224876e+01  4.942640e-02 
 2.224916e+01  5.036034e-02 
 2.224956e+01  5.126186e-02 
 2.224996e+01  5.214930e-02 
 2.225035e+01  5.301970e-02 
 2.225075e+01  5.387090e-02 
 2.225115e+01  5.470834e-02 
 2.225155e+01  5.551836e-02 
 2.225195e+01  5.628369e-02 
 2.225234e+01  5.702246e-02 
 2.225274e+01  5.773796e-02 
 2.225314e+01  5.842676e-02 
 2.225354e+01  5.909606e-02 
 2.225393e+01  5.973038e-02 
 2.225433e+01  6.034416e-02 
 2.225473e+01  6.092675e-02 
 2.225513e+01  6.150306e-02 
 2.225552e+01  6.205497e-02 
 2.225592e+01  6.258975e-02 
 2.225632e+01  6.310396e-02 
 2.225672e+01  6.357791e-02 
 2.225712e+01  6.402212e-02 
 2.225751e+01  6.443586e-02 
 2.225791e+01  6.481959e-02 
 2.225831e+01  6.519225e-02 
 2.225871e+01  6.552928e-02 
 2.225910e+01  6.583653e-02 
 2.225950e+01  6.611521e-02 
 2.225990e+01  6.638120e-02 
 2.226030e+01  6.661792e-02 
 2.226069e+01  6.682340e-02 
 2.226109e+01  6.700066e-02 
 2.226149e+01  6.714044e-02 
 2.226189e+01  6.723762e-02 
 2.226229e+01  6.730457e-02 
 2.226268e+01  6.734902e-02 
 2.226308e+01  6.736817e-02 
 2.226348e+01  6.735747e-02 
 2.226388e+01  6.731901e-02 
 2.226427e+01  6.724031e-02 
 2.226467e+01  6.713939e-02 
 2.226507e+01  6.702777e-02 
 2.226547e+01  6.688473e-02 
 2.226586e+01  6.672299e-02 
 2.226626e+01  6.651394e-02 
 2.226666e+01  6.627867e-02 
 2.226706e+01  6.598935e-02 
 2.226746e+01  6.568569e-02 
 2.226785e+01  6.534064e-02 
 2.226825e+01  6.497140e-02 
 2.226865e+01  6.457257e-02 
 2.226905e+01  6.413832e-02 
 2.226944e+01  6.367611e-02 
 2.226984e+01  6.319622e-02 
 2.227024e+01  6.269963e-02 
 2.227064e+01  6.215753e-02 
 2.227103e+01  6.157904e-02 
 2.227143e+01  6.097906e-02 
 2.227183e+01  6.033815e-02 
 2.227223e+01  5.967213e-02 
 2.227263e+01  5.897918e-02 
 2.227302e+01  5.825262e-02 
 2.227342e+01  5.749059e-02 
 2.227382e+01  5.670227e-02 
 2.227422e+01  5.589093e-02 
 2.227461e+01  5.505210e-02 
 2.227501e+01  5.420529e-02 
 2.227541e+01  5.333789e-02 
 2.227581e+01  5.242136e-02 
 2.227620e+01  5.148914e-02 
 2.227660e+01  5.051757e-02 
 2.227700e+01  4.953110e-02 
 2.227740e+01  4.851115e-02 
 2.227780e+01  4.747644e-02 
 2.227819e+01  4.641686e-02 
 2.227859e+01  4.534716e-02 
 2.227899e+01  4.425581e-02 
 2.227939e+01  4.315485e-02 
 2.227978e+01  4.202720e-02 
 2.228018e+01  4.088452e-02 
 2.228058e+01  3.971562e-02 
 2.228098e+01  3.853737e-02 
 2.228137e+01  3.733731e-02 
 2.228177e+01  3.611943e-02 
 2.228217e+01  3.491202e-02 
 2.228257e+01  3.368685e-02 
 2.228297e+01  3.245813e-02 
 2.228336e+01  3.122599e-02 
 2.228376e+01  2.999872e-02 
 2.228416e+01  2.876477e-02 
 2.228456e+01  2.755366e-02 
 2.228495e+01  2.632910e-02 
 2.228535e+01  2.511418e-02 
 2.228575e+01  2.388287e-02 
 2.228615e+01  2.265358e-02 
 2.228654e+01  2.143218e-02 
 2.228694e+01  2.020753e-02 
 2.228734e+01  1.899612e-02 
 2.228774e+01  1.778479e-02 
 2.228814e+01  1.657497e-02 
 2.228853e+01  1.536830e-02 
 2.228893e+01  1.417636e-02 
 2.228933e+01  1.298631e-02 
 2.228973e+01  1.180375e-02 
 2.229012e+01  1.062052e-02 
 2.229052e+01  9.449525e-03 
 2.229092e+01  8.284549e-03 
 2.229132e+01  7.131264e-03 
 2.229171e+01  5.982768e-03 
 2.229211e+01  4.837619e-03 
 2.229251e+01  3.710837e-03 
 2.229291e+01  2.578238e-03 
 2.229331e+01  1.457800e-03 
 2.229370e+01  3.584653e-04 
 2.229410e+01 -7.194975e-04 
 2.229450e+01 -1.788998e-03 
 2.229490e+01 -2.854967e-03 
 2.229529e+01 -3.907602e-03 
 2.229569e+01 -4.958719e-03 
 2.229609e+01 -6.000214e-03 
 2.229649e+01 -7.032636e-03 
 2.229688e+01 -8.058702e-03 
 2.229728e+01 -9.084781e-03 
 2.229768e+01 -1.006962e-02 
 2.229808e+01 -1.106064e-02 
 2.229848e+01 -1.202100e-02 
 2.229887e+01 -1.296632e-02 
 2.229927e+01 -1.388740e-02 
 2.229967e+01 -1.480075e-02 
 2.230007e+01 -1.570870e-02 
 2.230046e+01 -1.657419e-02 
 2.230086e+01 -1.744718e-02 
 2.230126e+01 -1.828801e-02 
 2.230166e+01 -1.911095e-02 
 2.230205e+01 -1.990285e-02 
 2.230245e+01 -2.068887e-02 
 2.230285e+01 -2.143481e-02 
 2.230325e+01 -2.213987e-02 
 2.230365e+01 -2.281860e-02 
 2.230404e+01 -2.347175e-02 
 2.230444e+01 -2.409128e-02 
 2.230484e+01 -2.468774e-02 
 2.230524e+01 -2.526779e-02 
 2.230563e+01 -2.580078e-02 
 2.230603e+01 -2.630657e-02 
 2.230643e+01 -2.679313e-02 
 2.230683e+01 -2.724642e-02 
 2.230723e+01 -2.766870e-02 
 2.230762e+01 -2.806653e-02 
 2.230802e+01 -2.843115e-02 
 2.230842e+01 -2.874975e-02 
 2.230882e+01 -2.905259e-02 
 2.230921e+01 -2.932712e-02 
 2.230961e+01 -2.956665e-02 
 2.231001e+01 -2.976910e-02 
 2.231041e+01 -2.992985e-02 
 2.231080e+01 -3.005609e-02 
 2.231120e+01 -3.014506e-02 
 2.231160e+01 -3.020896e-02 
 2.231200e+01 -3.025234e-02 
 2.231240e+01 -3.025497e-02 
 2.231279e+01 -3.021485e-02 
 2.231319e+01 -3.013606e-02 
 2.231359e+01 -3.001976e-02 
 2.231399e+01 -2.987670e-02 
 2.231438e+01 -2.969086e-02 
 2.231478e+01 -2.947079e-02 
 2.231518e+01 -2.920742e-02 
 2.231558e+01 -2.891183e-02 
 2.231597e+01 -2.859761e-02 
 2.231637e+01 -2.824567e-02 
 2.231677e+01 -2.787392e-02 
 2.231717e+01 -2.745937e-02 
 2.231757e+01 -2.701828e-02 
 2.231796e+01 -2.653776e-02 
 2.231836e+01 -2.603560e-02 
 2.231876e+01 -2.549901e-02 
 2.231916e+01 -2.492894e-02 
 2.231955e+01 -2.432723e-02 
 2.231995e+01 -2.368894e-02 
 2.232035e+01 -2.302180e-02 
 2.232075e+01 -2.233794e-02 
 2.232114e+01 -2.163030e-02 
 2.232154e+01 -2.090374e-02 
 2.232194e+01 -2.015318e-02 
 2.232234e+01 -1.937572e-02 
 2.232274e+01 -1.856637e-02 
 2.232313e+01 -1.773878e-02 
 2.232353e+01 -1.689519e-02 
 2.232393e+01 -1.602521e-02 
 2.232433e+01 -1.513484e-02 
 2.232472e+01 -1.423239e-02 
 2.232512e+01 -1.331652e-02 
 2.232552e+01 -1.237242e-02 
 2.232592e+01 -1.143170e-02 
 2.232631e+01 -1.047405e-02 
 2.232671e+01 -9.497555e-03 
 2.232711e+01 -8.511719e-03 
 2.232751e+01 -7.523025e-03 
 2.232791e+01 -6.520170e-03 
 2.232830e+01 -5.510266e-03 
 2.232870e+01 -4.478835e-03 
 2.232910e+01 -3.452944e-03 
 2.232950e+01 -2.384787e-03 
 2.232989e+01 -1.323329e-03 
 2.233029e+01 -2.359730e-04 
 2.233069e+01  8.568438e-04 
 2.233109e+01  1.945041e-03 
 2.233148e+01  3.044711e-03 
 2.233188e+01  4.160888e-03 
 2.233228e+01  5.296570e-03 
 2.233268e+01  6.441293e-03 
 2.233308e+01  7.596778e-03 
 2.233347e+01  8.773193e-03 
 2.233387e+01  9.949699e-03 
 2.233427e+01  1.114669e-02 
 2.233467e+01  1.236954e-02 
 2.233506e+01  1.357856e-02 
 2.233546e+01  1.479176e-02 
 2.233586e+01  1.600637e-02 
 2.233626e+01  1.721833e-02 
 2.233665e+01  1.843614e-02 
 2.233705e+01  1.965868e-02 
 2.233745e+01  2.089104e-02 
 2.233785e+01  2.212334e-02 
 2.233825e+01  2.336868e-02 
 2.233864e+01  2.461950e-02 
 2.233904e+01  2.588569e-02 
 2.233944e+01  2.716127e-02 
 2.233984e+01  2.841638e-02 
 2.234023e+01  2.964723e-02 
 2.234063e+01  3.087682e-02 
 2.234103e+01  3.209170e-02 
 2.234143e+01  3.330196e-02 
 2.234182e+01  3.450515e-02 
 2.234222e+01  3.571219e-02 
 2.234262e+01  3.690743e-02 
 2.234302e+01  3.808983e-02 
 2.234342e+01  3.926904e-02 
 2.234381e+01  4.043909e-02 
 2.234421e+01  4.160518e-02 
 2.234461e+01  4.273115e-02 
 2.234501e+01  4.383936e-02 
 2.234540e+01  4.492366e-02 
 2.234580e+01  4.599409e-02 
 2.234620e+01  4.703608e-02 
 2.234660e+01  4.807281e-02 
 2.234699e+01  4.907829e-02 
 2.234739e+01  5.006734e-02 
 2.234779e+01  5.102869e-02 
 2.234819e+01  5.197471e-02 
 2.234859e+01  5.290096e-02 
 2.234898e+01  5.381303e-02 
 2.234938e+01  5.468727e-02 
 2.234978e+01  5.552571e-02 
 2.235018e+01  5.632943e-02 
 2.235057e+01  5.709946e-02 
 2.235097e+01  5.785509e-02 
 2.235137e+01  5.858916e-02 
 2.235177e+01  5.930380e-02 
 2.235216e+01  5.997754e-02 
 2.235256e+01  6.063194e-02 
 2.235296e+01  6.126164e-02 
 2.235336e+01  6.187031e-02 
 2.235376e+01  6.245321e-02 
 2.235415e+01  6.300171e-02 
 2.235455e+01  6.351405e-02 
 2.235495e+01  6.397709e-02 
 2.235535e+01  6.440339e-02 
 2.235574e+01  6.480642e-02 
 2.235614e+01  6.517634e-02 
 2.235654e+01  6.551790e-02 
 2.235694e+01  6.582897e-02 
 2.235733e+01  6.610275e-02 
 2.235773e+01  6.635083e-02 
 2.235813e+01  6.658922e-02 
 2.235853e+01  6.680734e-02 
 2.235893e+01  6.698051e-02 
 2.235932e+01  6.711418e-02 
 2.235972e+01  6.722006e-02 
 2.236012e+01  6.727600e-02 
 2.236052e+01  6.731212e-02 
 2.236091e+01  6.732774e-02 
 2.236131e+01  6.732480e-02 
 2.236171e+01  6.728655e-02 
 2.236211e+01  6.722135e-02 
 2.236250e+01  6.712760e-02 
 2.236290e+01  6.701753e-02 
 2.236330e+01  6.688492e-02 
 2.236370e+01  6.671243e-02 
 2.236410e+01  6.649908e-02 
 2.236449e+01  6.625605e-02 
 2.236489e+01  6.597649e-02 
 2.236529e+01  6.567203e-02 
 2.236569e+01  6.533804e-02 
 2.236608e+01  6.499153e-02 
 2.236648e+01  6.461179e-02 
 2.236688e+01  6.420716e-02 
 2.236728e+01  6.378077e-02 
 2.236767e+01  6.333743e-02 
 2.236807e+01  6.286784e-02 
 2.236847e+01  6.236827e-02 
 2.236887e+01  6.183525e-02 
 2.236927e+01  6.125285e-02 
 2.236966e+01  6.065257e-02 
 2.237006e+01  6.002982e-02 
 2.237046e+01  5.938434e-02 
 2.237086e+01  5.871440e-02 
 2.237125e+01  5.803195e-02 
 2.237165e+01  5.731245e-02 
 2.237205e+01  5.658039e-02 
 2.237245e+01  5.583032e-02 
 2.237284e+01  5.505498e-02 
 2.237324e+01  5.424287e-02 
 2.237364e+01  5.342032e-02 
 2.237404e+01  5.254350e-02 
 2.237444e+01  5.165076e-02 
 2.237483e+01  5.072929e-02 
 2.237523e+01  4.979313e-02 
 2.237563e+01  4.883020e-02 
 2.237603e+01  4.784020e-02 
 2.237642e+01  4.684396e-02 
 2.237682e+01  4.582110e-02 
 2.237722e+01  4.478700e-02 
 2.237762e+01  4.373202e-02 
 2.237801e+01  4.266551e-02 
 2.237841e+01  4.157802e-02 
 2.237881e+01  4.046509e-02 
 2.237921e+01  3.932557e-02 
 2.237961e+01  3.817609e-02 
 2.238000e+01  3.701743e-02 
 2.238040e+01  3.585447e-02 
 2.238080e+01  3.466970e-02 
 2.238120e+01  3.347028e-02 
 2.238159e+01  3.226702e-02 
 2.238199e+01  3.105200e-02 
 2.238239e+01  2.983753e-02 
 2.238279e+01  2.860698e-02 
 2.238318e+01  2.736383e-02 
 2.238358e+01  2.610799e-02 
 2.238398e+01  2.483566e-02 
 2.238438e+01  2.355784e-02 
 2.238478e+01  2.227788e-02 
 2.238517e+01  2.099591e-02 
 2.238557e+01  1.971484e-02 
 2.238597e+01  1.842610e-02 
 2.238637e+01  1.713675e-02 
 2.238676e+01  1.586882e-02 
 2.238716e+01  1.459771e-02 
 2.238756e+01  1.333521e-02 
 2.238796e+01  1.207505e-02 
 2.238835e+01  1.081660e-02 
 2.238875e+01  9.567889e-03 
 2.238915e+01  8.334184e-03 
 2.238955e+01  7.104189e-03 
 2.238995e+01  5.903333e-03 
 2.239034e+01  4.689593e-03 
 2.239074e+01  3.512254e-03 
 2.239114e+01  2.341242e-03 
 2.239154e+01  1.180409e-03 
 2.239193e+01  4.620284e-05 
 2.239233e+01 -1.069594e-03 
 2.239273e+01 -2.185095e-03 
 2.239313e+01 -3.288656e-03 
 2.239352e+01 -4.355147e-03 
 2.239392e+01 -5.403697e-03 
 2.239432e+01 -6.452030e-03 
 2.239472e+01 -7.462326e-03 
 2.239512e+01 -8.459576e-03 
 2.239551e+01 -9.448786e-03 
 2.239591e+01 -1.040965e-02 
 2.239631e+01 -1.134773e-02 
 2.239671e+01 -1.226814e-02 
 2.239710e+01 -1.317719e-02 
 2.239750e+01 -1.404314e-02 
 2.239790e+01 -1.490773e-02 
 2.239830e+01 -1.575518e-02 
 2.239869e+01 -1.655648e-02 
 2.239909e+01 -1.733542e-02 
 2.239949e+01 -1.810958e-02 
 2.239989e+01 -1.885656e-02 
 2.240029e+01 -1.957534e-02 
 2.240068e+01 -2.027943e-02 
 2.240108e+01 -2.096981e-02 
 2.240148e+01 -2.161171e-02 
 2.240188e+01 -2.226086e-02 
 2.240227e+01 -2.288366e-02 
 2.240267e+01 -2.347970e-02 
 2.240307e+01 -2.405432e-02 
 2.240347e+01 -2.462198e-02 
 2.240387e+01 -2.514447e-02 
 2.240426e+01 -2.564799e-02 
 2.240466e+01 -2.614620e-02 
 2.240506e+01 -2.661695e-02 
 2.240546e+01 -2.704987e-02 
 2.240585e+01 -2.746267e-02 
 2.240625e+01 -2.783172e-02 
 2.240665e+01 -2.817222e-02 
 2.240705e+01 -2.848118e-02 
 2.240744e+01 -2.876710e-02 
 2.240784e+01 -2.902417e-02 
 2.240824e+01 -2.923361e-02 
 2.240864e+01 -2.943005e-02 
 2.240904e+01 -2.958372e-02 
 2.240943e+01 -2.971083e-02 
 2.240983e+01 -2.982123e-02 
 2.241023e+01 -2.989696e-02 
 2.241063e+01 -2.993126e-02 
 2.241102e+01 -2.991891e-02 
 2.241142e+01 -2.988839e-02 
 2.241182e+01 -2.981921e-02 
 2.241222e+01 -2.972806e-02 
 2.241261e+01 -2.959677e-02 
 2.241301e+01 -2.943117e-02 
 2.241341e+01 -2.923110e-02 
 2.241381e+01 -2.901007e-02 
 2.241421e+01 -2.874797e-02 
 2.241460e+01 -2.846078e-02 
 2.241500e+01 -2.814257e-02 
 2.241540e+01 -2.777695e-02 
 2.241580e+01 -2.737312e-02 
 2.241619e+01 -2.693196e-02 
 2.241659e+01 -2.647685e-02 
 2.241699e+01 -2.599544e-02 
 2.241739e+01 -2.547433e-02 
 2.241778e+01 -2.492160e-02 
 2.241818e+01 -2.433057e-02 
 2.241858e+01 -2.370986e-02 
 2.241898e+01 -2.306531e-02 
 2.241938e+01 -2.239718e-02 
 2.241977e+01 -2.169189e-02 
 2.242017e+01 -2.094292e-02 
 2.242057e+01 -2.017830e-02 
 2.242097e+01 -1.937894e-02 
 2.242136e+01 -1.856026e-02 
 2.242176e+01 -1.771550e-02 
 2.242216e+01 -1.685550e-02 
 2.242256e+01 -1.595577e-02 
 2.242295e+01 -1.503168e-02 
 2.242335e+01 -1.410555e-02 
 2.242375e+01 -1.315256e-02 
 2.242415e+01 -1.218017e-02 
 2.242455e+01 -1.119226e-02 
 2.242494e+01 -1.017662e-02 
 2.242534e+01 -9.149482e-03 
 2.242574e+01 -8.094840e-03 
 2.242614e+01 -7.033408e-03 
 2.242653e+01 -5.944584e-03 
 2.242693e+01 -4.841275e-03 
 2.242733e+01 -3.722303e-03 
 2.242773e+01 -2.574752e-03 
 2.242812e+01 -1.430485e-03 
 2.242852e+01 -2.743375e-04 
 2.242892e+01  8.798330e-04 
 2.242932e+01  2.038531e-03 
 2.242972e+01  3.216088e-03 
 2.243011e+01  4.397038e-03 
 2.243051e+01  5.588390e-03 
 2.243091e+01  6.774657e-03 
 2.243131e+01  7.960947e-03 
 2.243170e+01  9.163435e-03 
 2.243210e+01  1.035672e-02 
 2.243250e+01  1.155975e-02 
 2.243290e+01  1.275435e-02 
 2.243329e+01  1.394906e-02 
 2.243369e+01  1.513281e-02 
 2.243409e+01  1.632599e-02 
 2.243449e+01  1.752211e-02 
 2.243489e+01  1.871504e-02 
 2.243528e+01  1.990904e-02 
 2.243568e+01  2.110784e-02 
 2.243608e+01  2.228409e-02 
 2.243648e+01  2.347637e-02 
 2.243687e+01  2.467557e-02 
 2.243727e+01  2.585727e-02 
 2.243767e+01  2.703266e-02 
 2.243807e+01  2.820503e-02 
 2.243846e+01  2.936042e-02 
 2.243886e+01  3.051157e-02 
 2.243926e+01  3.167678e-02 
 2.243966e+01  3.283742e-02 
 2.244006e+01  3.398860e-02 
 2.244045e+01  3.513685e-02 
 2.244085e+01  3.627700e-02 
 2.244125e+01  3.740339e-02 
 2.244165e+01  3.852579e-02 
 2.244204e+01  3.965545e-02 
 2.244244e+01  4.076250e-02 
 2.244284e+01  4.184761e-02 
 2.244324e+01  4.292382e-02 
 2.244363e+01  4.398734e-02 
 2.244403e+01  4.503679e-02 
 2.244443e+01  4.607730e-02 
 2.244483e+01  4.711760e-02 
 2.244523e+01  4.814084e-02 
 2.244562e+01  4.913956e-02 
 2.244602e+01  5.013650e-02 
 2.244642e+01  5.112119e-02 
 2.244682e+01  5.208646e-02 
 2.244721e+01  5.303534e-02 
 2.244761e+01  5.394342e-02 
 2.244801e+01  5.481879e-02 
 2.244841e+01  5.566990e-02 
 2.244880e+01  5.651372e-02 
 2.244920e+01  5.733038e-02 
 2.244960e+01  5.812784e-02 
 2.245000e+01  5.890367e-02 
 2.245040e+01  5.964073e-02 
 2.245079e+01  6.035442e-02 
 2.245119e+01  6.104228e-02 
 2.245159e+01  6.169586e-02 
 2.245199e+01  6.232335e-02 
 2.245238e+01  6.290166e-02 
 2.245278e+01  6.343945e-02 
 2.245318e+01  6.393879e-02 
 2.245358e+01  6.440677e-02 
 2.245397e+01  6.485560e-02 
 2.245437e+01  6.528126e-02 
 2.245477e+01  6.568305e-02 
 2.245517e+01  6.604095e-02 
 2.245557e+01  6.637735e-02 
 2.245596e+01  6.667927e-02 
 2.245636e+01  6.695908e-02 
 2.245676e+01  6.718531e-02 
 2.245716e+01  6.737182e-02 
 2.245755e+01  6.752301e-02 
 2.245795e+01  6.763050e-02 
 2.245835e+01  6.770952e-02 
 2.245875e+01  6.777634e-02 
 2.245914e+01  6.781538e-02 
 2.245954e+01  6.782125e-02 
 2.245994e+01  6.777273e-02 
 2.246034e+01  6.771018e-02 
 2.246074e+01  6.761171e-02 
 2.246113e+01  6.748286e-02 
 2.246153e+01  6.731368e-02 
 2.246193e+01  6.711462e-02 
 2.246233e+01  6.687154e-02 
 2.246272e+01  6.659404e-02 
 2.246312e+01  6.629991e-02 
 2.246352e+01  6.597736e-02 
 2.246392e+01  6.563070e-02 
 2.246431e+01  6.526028e-02 
 2.246471e+01  6.484570e-02 
 2.246511e+01  6.441303e-02 
 2.246551e+01  6.395132e-02 
 2.246591e+01  6.348157e-02 
 2.246630e+01  6.296015e-02 
 2.246670e+01  6.241541e-02 
 2.246710e+01  6.183555e-02 
 2.246750e+01  6.123602e-02 
 2.246789e+01  6.061213e-02 
 2.246829e+01  5.998195e-02 
 2.246869e+01  5.932363e-02 
 2.246909e+01  5.862516e-02 
 2.246948e+01  5.791746e-02 
 2.246988e+01  5.718507e-02 
 2.247028e+01  5.642659e-02 
 2.247068e+01  5.564060e-02 
 2.247108e+01  5.485028e-02 
 2.247147e+01  5.401718e-02 
 2.247187e+01  5.315251e-02 
 2.247227e+01  5.227706e-02 
 2.247267e+01  5.138779e-02 
 2.247306e+01  5.047708e-02 
 2.247346e+01  4.955693e-02 
 2.247386e+01  4.862660e-02 
 2.247426e+01  4.768228e-02 
 2.247465e+01  4.671662e-02 
 2.247505e+01  4.574677e-02 
 2.247545e+01  4.475845e-02 
 2.247585e+01  4.374516e-02 
 2.247625e+01  4.271587e-02 
 2.247664e+01  4.165666e-02 
 2.247704e+01  4.057048e-02 
 2.247744e+01  3.948255e-02 
 2.247784e+01  3.838870e-02 
 2.247823e+01  3.727608e-02 
 2.247863e+01  3.616166e-02 
 2.247903e+01  3.502204e-02 
 2.247943e+01  3.386189e-02 
 2.247982e+01  3.269889e-02 
 2.248022e+01  3.152051e-02 
 2.248062e+01  3.032504e-02 
 2.248102e+01  2.910917e-02 
 2.248142e+01  2.789182e-02 
 2.248181e+01  2.665129e-02 
 2.248221e+01  2.540640e-02 
 2.248261e+01  2.417371e-02 
 2.248301e+01  2.293973e-02 
 2.248340e+01  2.169550e-02 
 2.248380e+01  2.045580e-02 
 2.248420e+01  1.920840e-02 
 2.248460e+01  1.795994e-02 
 2.248499e+01  1.671286e-02 
 2.248539e+01  1.546300e-02 
 2.248579e+01  1.419231e-02 
 2.248619e+01  1.292424e-02 
 2.248659e+01  1.166614e-02 
 2.248698e+01  1.041116e-02 
 2.248738e+01  9.166891e-03 
 2.248778e+01  7.938559e-03 
 2.248818e+01  6.718592e-03 
 2.248857e+01  5.503841e-03 
 2.248897e+01  4.291919e-03 
 2.248937e+01  3.097705e-03 
 2.248977e+01  1.897072e-03 
 2.249016e+01  7.164657e-04 
 2.249056e+01 -4.536786e-04 
 2.249096e+01 -1.625065e-03 
 2.249136e+01 -2.786060e-03 
 2.249176e+01 -3.918482e-03 
 2.249215e+01 -5.034240e-03 
 2.249255e+01 -6.138349e-03 
 2.249295e+01 -7.215087e-03 
 2.249335e+01 -8.270839e-03 
 2.249374e+01 -9.307290e-03 
 2.249414e+01 -1.031766e-02 
 2.249454e+01 -1.130821e-02 
 2.249494e+01 -1.227614e-02 
 2.249534e+01 -1.322494e-02 
 2.249573e+01 -1.416536e-02 
 2.249613e+01 -1.506115e-02 
 2.249653e+01 -1.595253e-02 
 2.249693e+01 -1.679629e-02 
 2.249732e+01 -1.762621e-02 
 2.249772e+01 -1.842885e-02 
 2.249812e+01 -1.921275e-02 
 2.249852e+01 -1.996619e-02 
 2.249891e+01 -2.069502e-02 
 2.249931e+01 -2.140922e-02 
 2.249971e+01 -2.207808e-02 
 2.250011e+01 -2.272514e-02 
 2.250051e+01 -2.334769e-02 
 2.250090e+01 -2.393867e-02 
 2.250130e+01 -2.449621e-02 
 2.250170e+01 -2.502091e-02 
 2.250210e+01 -2.551556e-02 
 2.250249e+01 -2.597273e-02 
 2.250289e+01 -2.640465e-02 
 2.250329e+01 -2.681174e-02 
 2.250369e+01 -2.717533e-02 
 2.250408e+01 -2.750713e-02 
 2.250448e+01 -2.781940e-02 
 2.250488e+01 -2.811020e-02 
 2.250528e+01 -2.836957e-02 
 2.250568e+01 -2.861038e-02 
 2.250607e+01 -2.880657e-02 
 2.250647e+01 -2.897480e-02 
 2.250687e+01 -2.912029e-02 
 2.250727e+01 -2.923751e-02 
 2.250766e+01 -2.933054e-02 
 2.250806e+01 -2.941007e-02 
 2.250846e+01 -2.945348e-02 
 2.250886e+01 -2.946554e-02 
 2.250925e+01 -2.944247e-02 
 2.250965e+01 -2.941414e-02 
 2.251005e+01 -2.935220e-02 
 2.251045e+01 -2.925062e-02 
 2.251085e+01 -2.912976e-02 
 2.251124e+01 -2.897498e-02 
 2.251164e+01 -2.879687e-02 
 2.251204e+01 -2.859646e-02 
 2.251244e+01 -2.836939e-02 
 2.251283e+01 -2.810809e-02 
 2.251323e+01 -2.780733e-02 
 2.251363e+01 -2.747250e-02 
 2.251403e+01 -2.711278e-02 
 2.251442e+01 -2.671884e-02 
 2.251482e+01 -2.631341e-02 
 2.251522e+01 -2.585965e-02 
 2.251562e+01 -2.537596e-02 
 2.251602e+01 -2.485276e-02 
 2.251641e+01 -2.432211e-02 
 2.251681e+01 -2.375961e-02 
 2.251721e+01 -2.316835e-02 
 2.251761e+01 -2.255232e-02 
 2.251800e+01 -2.190117e-02 
 2.251840e+01 -2.121139e-02 
 2.251880e+01 -2.049044e-02 
 2.251920e+01 -1.974229e-02 
 2.251959e+01 -1.896409e-02 
 2.251999e+01 -1.816720e-02 
 2.252039e+01 -1.734204e-02 
 2.252079e+01 -1.648507e-02 
 2.252119e+01 -1.561417e-02 
 2.252158e+01 -1.472940e-02 
 2.252198e+01 -1.380924e-02 
 2.252238e+01 -1.286221e-02 
 2.252278e+01 -1.188091e-02 
 2.252317e+01 -1.086839e-02 
 2.252357e+01 -9.832028e-03 
 2.252397e+01 -8.786650e-03 
 2.252437e+01 -7.725490e-03 
 2.252476e+01 -6.646759e-03 
 2.252516e+01 -5.551991e-03 
 2.252556e+01 -4.440595e-03 
 2.252596e+01 -3.309928e-03 
 2.252636e+01 -2.182362e-03 
 2.252675e+01 -1.048014e-03 
 2.252715e+01  1.025572e-04 
 2.252755e+01  1.271321e-03 
 2.252795e+01  2.466438e-03 
 2.252834e+01  3.670408e-03 
 2.252874e+01  4.882360e-03 
 2.252914e+01  6.086991e-03 
 2.252954e+01  7.308469e-03 
 2.252993e+01  8.540852e-03 
 2.253033e+01  9.777700e-03 
 2.253073e+01  1.100805e-02 
 2.253113e+01  1.225019e-02 
 2.253153e+01  1.348153e-02 
 2.253192e+01  1.472339e-02 
 2.253232e+01  1.598065e-02 
 2.253272e+01  1.724329e-02 
 2.253312e+01  1.850587e-02 
 2.253351e+01  1.974631e-02 
 2.253391e+01  2.099700e-02 
 2.253431e+01  2.223467e-02 
 2.253471e+01  2.349452e-02 
 2.253510e+01  2.473541e-02 
 2.253550e+01  2.597686e-02 
 2.253590e+01  2.719565e-02 
 2.253630e+01  2.840677e-02 
 2.253670e+01  2.959896e-02 
 2.253709e+01  3.078636e-02 
 2.253749e+01  3.196366e-02 
 2.253789e+01  3.314050e-02 
 2.253829e+01  3.431069e-02 
 2.253868e+01  3.543954e-02 
 2.253908e+01  3.657416e-02 
 2.253948e+01  3.769710e-02 
 2.253988e+01  3.880617e-02 
 2.254027e+01  3.989029e-02 
 2.254067e+01  4.096098e-02 
 2.254107e+01  4.200767e-02 
 2.254147e+01  4.303611e-02 
 2.254187e+01  4.406164e-02 
 2.254226e+01  4.508147e-02 
 2.254266e+01  4.607474e-02 
 2.254306e+01  4.706317e-02 
 2.254346e+01  4.803118e-02 
 2.254385e+01  4.898157e-02 
 2.254425e+01  4.992472e-02 
 2.254465e+01  5.083879e-02 
 2.254505e+01  5.174004e-02 
 2.254544e+01  5.261008e-02 
 2.254584e+01  5.345203e-02 
 2.254624e+01  5.427266e-02 
 2.254664e+01  5.507833e-02 
 2.254704e+01  5.587803e-02 
 2.254743e+01  5.665951e-02 
 2.254783e+01  5.741459e-02 
 2.254823e+01  5.816856e-02 
 2.254863e+01  5.887771e-02 
 2.254902e+01  5.957535e-02 
 2.254942e+01  6.025096e-02 
 2.254982e+01  6.090621e-02 
 2.255022e+01  6.152565e-02 
 2.255061e+01  6.212379e-02 
 2.255101e+01  6.269535e-02 
 2.255141e+01  6.324751e-02 
 2.255181e+01  6.378486e-02 
 2.255221e+01  6.429360e-02 
 2.255260e+01  6.476692e-02 
 2.255300e+01  6.520343e-02 
 2.255340e+01  6.561984e-02 
 2.255380e+01  6.599411e-02 
 2.255419e+01  6.633719e-02 
 2.255459e+01  6.665645e-02 
 2.255499e+01  6.693282e-02 
 2.255539e+01  6.716787e-02 
 2.255578e+01  6.736992e-02 
 2.255618e+01  6.754378e-02 
 2.255658e+01  6.769533e-02 
 2.255698e+01  6.781084e-02 
 2.255738e+01  6.789394e-02 
 2.255777e+01  6.793813e-02 
 2.255817e+01  6.794082e-02 
 2.255857e+01  6.791627e-02 
 2.255897e+01  6.786535e-02 
 2.255936e+01  6.776806e-02 
 2.255976e+01  6.762303e-02 
 2.256016e+01  6.744467e-02 
 2.256056e+01  6.723705e-02 
 2.256095e+01  6.699121e-02 
 2.256135e+01  6.674111e-02 
 2.256175e+01  6.645490e-02 
 2.256215e+01  6.613594e-02 
 2.256255e+01  6.578278e-02 
 2.256294e+01  6.540541e-02 
 2.256334e+01  6.499461e-02 
 2.256374e+01  6.455273e-02 
 2.256414e+01  6.408475e-02 
 2.256453e+01  6.357051e-02 
 2.256493e+01  6.301400e-02 
 2.256533e+01  6.242888e-02 
 2.256573e+01  6.181975e-02 
 2.256612e+01  6.119397e-02 
 2.256652e+01  6.054213e-02 
 2.256692e+01  5.986335e-02 
 2.256732e+01  5.915334e-02 
 2.256772e+01  5.841125e-02 
 2.256811e+01  5.765833e-02 
 2.256851e+01  5.686996e-02 
 2.256891e+01  5.606044e-02 
 2.256931e+01  5.522073e-02 
 2.256970e+01  5.434785e-02 
 2.257010e+01  5.346198e-02 
 2.257050e+01  5.256805e-02 
 2.257090e+01  5.166486e-02 
 2.257129e+01  5.073630e-02 
 2.257169e+01  4.978961e-02 
 2.257209e+01  4.882279e-02 
 2.257249e+01  4.781887e-02 
 2.257289e+01  4.680693e-02 
 2.257328e+01  4.577521e-02 
 2.257368e+01  4.473466e-02 
 2.257408e+01  4.366942e-02 
 2.257448e+01  4.258485e-02 
 2.257487e+01  4.149219e-02 
 2.257527e+01  4.038046e-02 
 2.257567e+01  3.927903e-02 
 2.257607e+01  3.817069e-02 
 2.257646e+01  3.704109e-02 
 2.257686e+01  3.589877e-02 
 2.257726e+01  3.475915e-02 
 2.257766e+01  3.359789e-02 
 2.257806e+01  3.244150e-02 
 2.257845e+01  3.128441e-02 
 2.257885e+01  3.011539e-02 
 2.257925e+01  2.893294e-02 
 2.257965e+01  2.775500e-02 
 2.258004e+01  2.658507e-02 
 2.258044e+01  2.540243e-02 
 2.258084e+01  2.421489e-02 
 2.258124e+01  2.303687e-02 
 2.258163e+01  2.183715e-02 
 2.258203e+01  2.063522e-02 
 2.258243e+01  1.943603e-02 
 2.258283e+01  1.824109e-02 
 2.258323e+01  1.703593e-02 
 2.258362e+01  1.583902e-02 
 2.258402e+01  1.462946e-02 
 2.258442e+01  1.341064e-02 
 2.258482e+01  1.219756e-02 
 2.258521e+01  1.099271e-02 
 2.258561e+01  9.782708e-03 
 2.258601e+01  8.581566e-03 
 2.258641e+01  7.390780e-03 
 2.258681e+01  6.193546e-03 
 2.258720e+01  4.994746e-03 
 2.258760e+01  3.818708e-03 
 2.258800e+01  2.636390e-03 
 2.258840e+01  1.458482e-03 
 2.258879e+01  2.812580e-04 
 2.258919e+01 -8.769734e-04 
 2.258959e+01 -2.012923e-03 
 2.258999e+01 -3.150389e-03 
 2.259038e+01 -4.260966e-03 
 2.259078e+01 -5.365310e-03 
 2.259118e+01 -6.449368e-03 
 2.259158e+01 -7.524831e-03 
 2.259198e+01 -8.586016e-03 
 2.259237e+01 -9.626785e-03 
 2.259277e+01 -1.066048e-02 
 2.259317e+01 -1.167767e-02 
 2.259357e+01 -1.268135e-02 
 2.259396e+01 -1.366435e-02 
 2.259436e+01 -1.462054e-02 
 2.259476e+01 -1.555217e-02 
 2.259516e+01 -1.645027e-02 
 2.259555e+01 -1.733081e-02 
 2.259595e+01 -1.817664e-02 
 2.259635e+01 -1.901033e-02 
 2.259675e+01 -1.981463e-02 
 2.259715e+01 -2.058308e-02 
 2.259754e+01 -2.133227e-02 
 2.259794e+01 -2.205423e-02 
 2.259834e+01 -2.273173e-02 
 2.259874e+01 -2.338526e-02 
 2.259913e+01 -2.400342e-02 
 2.259953e+01 -2.458378e-02 
 2.259993e+01 -2.513517e-02 
 2.260033e+01 -2.565596e-02 
 2.260072e+01 -2.615631e-02 
 2.260112e+01 -2.662052e-02 
 2.260152e+01 -2.706436e-02 
 2.260192e+01 -2.746483e-02 
 2.260232e+01 -2.782617e-02 
 2.260271e+01 -2.817099e-02 
 2.260311e+01 -2.848689e-02 
 2.260351e+01 -2.875328e-02 
 2.260391e+01 -2.899551e-02 
 2.260430e+01 -2.921214e-02 
 2.260470e+01 -2.938190e-02 
 2.260510e+01 -2.951969e-02 
 2.260550e+01 -2.965602e-02 
 2.260589e+01 -2.974692e-02 
 2.260629e+01 -2.979191e-02 
 2.260669e+01 -2.982591e-02 
 2.260709e+01 -2.981267e-02 
 2.260749e+01 -2.976375e-02 
 2.260788e+01 -2.969759e-02 
 2.260828e+01 -2.959611e-02 
 2.260868e+01 -2.944303e-02 
 2.260908e+01 -2.926547e-02 
 2.260947e+01 -2.907144e-02 
 2.260987e+01 -2.884175e-02 
 2.261027e+01 -2.858629e-02 
 2.261067e+01 -2.830312e-02 
 2.261106e+01 -2.799576e-02 
 2.261146e+01 -2.764469e-02 
 2.261186e+01 -2.727508e-02 
 2.261226e+01 -2.688390e-02 
 2.261266e+01 -2.645662e-02 
 2.261305e+01 -2.601464e-02 
 2.261345e+01 -2.552923e-02 
 2.261385e+01 -2.502217e-02 
 2.261425e+01 -2.449079e-02 
 2.261464e+01 -2.395061e-02 
 2.261504e+01 -2.338790e-02 
 2.261544e+01 -2.279265e-02 
 2.261584e+01 -2.216876e-02 
 2.261623e+01 -2.153193e-02 
 2.261663e+01 -2.084955e-02 
 2.261703e+01 -2.015848e-02 
 2.261743e+01 -1.943192e-02 
 2.261783e+01 -1.867758e-02 
 2.261822e+01 -1.789746e-02 
 2.261862e+01 -1.708962e-02 
 2.261902e+01 -1.626438e-02 
 2.261942e+01 -1.541952e-02 
 2.261981e+01 -1.456963e-02 
 2.262021e+01 -1.369912e-02 
 2.262061e+01 -1.279914e-02 
 2.262101e+01 -1.187929e-02 
 2.262140e+01 -1.094151e-02 
 2.262180e+01 -9.986971e-03 
 2.262220e+01 -9.013126e-03 
 2.262260e+01 -8.013987e-03 
 2.262300e+01 -7.007318e-03 
 2.262339e+01 -5.959754e-03 
 2.262379e+01 -4.903015e-03 
 2.262419e+01 -3.830441e-03 
 2.262459e+01 -2.751323e-03 
 2.262498e+01 -1.657920e-03 
 2.262538e+01 -5.398591e-04 
 2.262578e+01  6.139742e-04 
 2.262618e+01  1.768104e-03 
 2.262657e+01  2.942570e-03 
 2.262697e+01  4.119707e-03 
 2.262737e+01  5.319850e-03 
 2.262777e+01  6.525774e-03 
 2.262817e+01  7.747368e-03 
 2.262856e+01  8.983665e-03 
 2.262896e+01  1.021506e-02 
 2.262936e+01  1.146035e-02 
 2.262976e+01  1.270466e-02 
 2.263015e+01  1.397264e-02 
 2.263055e+01  1.524676e-02 
 2.263095e+01  1.653034e-02 
 2.263135e+01  1.781607e-02 
 2.263174e+01  1.908963e-02 
 2.263214e+01  2.035397e-02 
 2.263254e+01  2.163673e-02 
 2.263294e+01  2.291095e-02 
 2.263334e+01  2.417588e-02 
 2.263373e+01  2.542384e-02 
 2.263413e+01  2.667751e-02 
 2.263453e+01  2.790544e-02 
 2.263493e+01  2.914455e-02 
 2.263532e+01  3.038745e-02 
 2.263572e+01  3.161437e-02 
 2.263612e+01  3.283941e-02 
 2.263652e+01  3.403349e-02 
 2.263691e+01  3.521887e-02 
 2.263731e+01  3.639479e-02 
 2.263771e+01  3.756634e-02 
 2.263811e+01  3.872425e-02 
 2.263851e+01  3.984468e-02 
 2.263890e+01  4.096369e-02 
 2.263930e+01  4.206492e-02 
 2.263970e+01  4.314987e-02 
 2.264010e+01  4.422143e-02 
 2.264049e+01  4.527310e-02 
 2.264089e+01  4.629531e-02 
 2.264129e+01  4.729083e-02 
 2.264169e+01  4.826301e-02 
 2.264208e+01  4.921143e-02 
 2.264248e+01  5.014330e-02 
 2.264288e+01  5.105501e-02 
 2.264328e+01  5.194389e-02 
 2.264368e+01  5.278638e-02 
 2.264407e+01  5.362739e-02 
 2.264447e+01  5.444969e-02 
 2.264487e+01  5.524768e-02 
 2.264527e+01  5.602912e-02 
 2.264566e+01  5.679180e-02 
 2.264606e+01  5.751478e-02 
 2.264646e+01  5.821577e-02 
 2.264686e+01  5.890219e-02 
 2.264725e+01  5.955422e-02 
 2.264765e+01  6.019014e-02 
 2.264805e+01  6.080254e-02 
 2.264845e+01  6.138182e-02 
 2.264885e+01  6.192620e-02 
 2.264924e+01  6.246441e-02 
 2.264964e+01  6.297988e-02 
 2.265004e+01  6.345662e-02 
 2.265044e+01  6.392330e-02 
 2.265083e+01  6.435187e-02 
 2.265123e+01  6.474861e-02 
 2.265163e+01  6.513351e-02 
 2.265203e+01  6.548868e-02 
 2.265242e+01  6.581233e-02 
 2.265282e+01  6.610704e-02 
 2.265322e+01  6.636931e-02 
 2.265362e+01  6.660438e-02 
 2.265402e+01  6.680780e-02 
 2.265441e+01  6.700308e-02 
 2.265481e+01  6.717324e-02 
 2.265521e+01  6.730720e-02 
 2.265561e+01  6.740704e-02 
 2.265600e+01  6.747478e-02 
 2.265640e+01  6.752547e-02 
 2.265680e+01  6.753470e-02 
 2.265720e+01  6.751371e-02 
 2.265759e+01  6.746015e-02 
 2.265799e+01  6.736308e-02 
 2.265839e+01  6.724649e-02 
 2.265879e+01  6.709513e-02 
 2.265919e+01  6.692483e-02 
 2.265958e+01  6.671669e-02 
 2.265998e+01  6.648019e-02 
 2.266038e+01  6.619967e-02 
 2.266078e+01  6.587792e-02 
 2.266117e+01  6.552368e-02 
 2.266157e+01  6.514334e-02 
 2.266197e+01  6.472045e-02 
 2.266237e+01  6.426482e-02 
 2.266276e+01  6.376233e-02 
 2.266316e+01  6.324310e-02 
 2.266356e+01  6.270718e-02 
 2.266396e+01  6.213883e-02 
 2.266436e+01  6.155392e-02 
 2.266475e+01  6.093625e-02 
 2.266515e+01  6.028505e-02 
 2.266555e+01  5.960084e-02 
 2.266595e+01  5.888405e-02 
 2.266634e+01  5.813675e-02 
 2.266674e+01  5.737930e-02 
 2.266714e+01  5.658389e-02 
 2.266754e+01  5.575593e-02 
 2.266793e+01  5.491672e-02 
 2.266833e+01  5.405170e-02 
 2.266873e+01  5.316743e-02 
 2.266913e+01  5.227387e-02 
 2.266953e+01  5.134675e-02 
 2.266992e+01  5.039027e-02 
 2.267032e+01  4.940872e-02 
 2.267072e+01  4.841062e-02 
 2.267112e+01  4.737856e-02 
 2.267151e+01  4.634970e-02 
 2.267191e+01  4.530842e-02 
 2.267231e+01  4.422380e-02 
 2.267271e+01  4.312966e-02 
 2.267310e+01  4.203620e-02 
 2.267350e+01  4.092222e-02 
 2.267390e+01  3.980734e-02 
 2.267430e+01  3.868356e-02 
 2.267470e+01  3.753335e-02 
 2.267509e+01  3.636478e-02 
 2.267549e+01  3.519585e-02 
 2.267589e+01  3.402346e-02 
 2.267629e+01  3.281948e-02 
 2.267668e+01  3.162009e-02 
 2.267708e+01  3.041469e-02 
 2.267748e+01  2.918769e-02 
 2.267788e+01  2.796424e-02 
 2.267828e+01  2.674883e-02 
 2.267867e+01  2.552733e-02 
 2.267907e+01  2.429434e-02 
 2.267947e+01  2.306326e-02 
 2.267987e+01  2.182159e-02 
 2.268026e+01  2.057538e-02 
 2.268066e+01  1.934683e-02 
 2.268106e+01  1.811852e-02 
 2.268146e+01  1.687441e-02 
 2.268185e+01  1.563864e-02 
 2.268225e+01  1.440529e-02 
 2.268265e+01  1.318522e-02 
 2.268305e+01  1.197254e-02 
 2.268345e+01  1.078839e-02 
 2.268384e+01  9.592545e-03 
 2.268424e+01  8.411805e-03 
 2.268464e+01  7.236710e-03 
 2.268504e+01  6.067238e-03 
 2.268543e+01  4.917535e-03 
 2.268583e+01  3.778089e-03 
 2.268623e+01  2.645012e-03 
 2.268663e+01  1.515095e-03 
 2.268702e+01  4.095856e-04 
 2.268742e+01 -6.720768e-04 
 2.268782e+01 -1.754888e-03 
 2.268822e+01 -2.831955e-03 
 2.268862e+01 -3.901983e-03 
 2.268901e+01 -4.966135e-03 
 2.268941e+01 -6.024774e-03 
 2.268981e+01 -7.062441e-03 
 2.269021e+01 -8.086283e-03 
 2.269060e+01 -9.089142e-03 
 2.269100e+01 -1.008560e-02 
 2.269140e+01 -1.105867e-02 
 2.269180e+01 -1.202550e-02 
 2.269219e+01 -1.296224e-02 
 2.269259e+01 -1.387893e-02 
 2.269299e+01 -1.478067e-02 
 2.269339e+01 -1.566961e-02 
 2.269379e+01 -1.654248e-02 
 2.269418e+01 -1.739408e-02 
 2.269458e+01 -1.822988e-02 
 2.269498e+01 -1.905154e-02 
 2.269538e+01 -1.983203e-02 
 2.269577e+01 -2.060308e-02 
 2.269617e+01 -2.135247e-02 
 2.269657e+01 -2.206113e-02 
 2.269697e+01 -2.275435e-02 
 2.269736e+01 -2.342669e-02 
 2.269776e+01 -2.406822e-02 
 2.269816e+01 -2.467997e-02 
 2.269856e+01 -2.527665e-02 
 2.269896e+01 -2.583734e-02 
 2.269935e+01 -2.635431e-02 
 2.269975e+01 -2.683334e-02 
 2.270015e+01 -2.729551e-02 
 2.270055e+01 -2.771861e-02 
 2.270094e+01 -2.810755e-02 
 2.270134e+01 -2.848095e-02 
 2.270174e+01 -2.880762e-02 
 2.270214e+01 -2.909090e-02 
 2.270253e+01 -2.933862e-02 
 2.270293e+01 -2.955849e-02 
 2.270333e+01 -2.973484e-02 
 2.270373e+01 -2.988792e-02 
 2.270413e+01 -3.000049e-02 
 2.270452e+01 -3.007073e-02 
 2.270492e+01 -3.010686e-02 
 2.270532e+01 -3.011967e-02 
 2.270572e+01 -3.009067e-02 
 2.270611e+01 -3.002286e-02 
 2.270651e+01 -2.992713e-02 
 2.270691e+01 -2.979681e-02 
 2.270731e+01 -2.963816e-02 
 2.270770e+01 -2.944460e-02 
 2.270810e+01 -2.923310e-02 
 2.270850e+01 -2.898757e-02 
 2.270890e+01 -2.871059e-02 
 2.270930e+01 -2.840187e-02 
 2.270969e+01 -2.806946e-02 
 2.271009e+01 -2.769595e-02 
 2.271049e+01 -2.731998e-02 
 2.271089e+01 -2.689395e-02 
 2.271128e+01 -2.644216e-02 
 2.271168e+01 -2.594769e-02 
 2.271208e+01 -2.543233e-02 
 2.271248e+01 -2.488469e-02 
 2.271287e+01 -2.431475e-02 
 2.271327e+01 -2.372120e-02 
 2.271367e+01 -2.309580e-02 
 2.271407e+01 -2.244459e-02 
 2.271447e+01 -2.175939e-02 
 2.271486e+01 -2.104638e-02 
 2.271526e+01 -2.031055e-02 
 2.271566e+01 -1.955043e-02 
 2.271606e+01 -1.876972e-02 
 2.271645e+01 -1.796244e-02 
 2.271685e+01 -1.714809e-02 
 2.271725e+01 -1.631484e-02 
 2.271765e+01 -1.546232e-02 
 2.271804e+01 -1.459127e-02 
 2.271844e+01 -1.369389e-02 
 2.271884e+01 -1.276013e-02 
 2.271924e+01 -1.181068e-02 
 2.271964e+01 -1.084332e-02 
 2.272003e+01 -9.863330e-03 
 2.272043e+01 -8.866853e-03 
 2.272083e+01 -7.856522e-03 
 2.272123e+01 -6.825770e-03 
 2.272162e+01 -5.780067e-03 
 2.272202e+01 -4.732524e-03 
 2.272242e+01 -3.683412e-03 
 2.272282e+01 -2.611063e-03 
 2.272321e+01 -1.515235e-03 
 2.272361e+01 -3.988538e-04 
 2.272401e+01  7.233144e-04 
 2.272441e+01  1.856774e-03 
 2.272481e+01  2.998025e-03 
 2.272520e+01  4.143709e-03 
 2.272560e+01  5.305701e-03 
 2.272600e+01  6.471453e-03 
 2.272640e+01  7.636169e-03 
 2.272679e+01  8.803798e-03 
 2.272719e+01  9.972684e-03 
 2.272759e+01  1.114915e-02 
 2.272799e+01  1.234440e-02 
 2.272838e+01  1.355127e-02 
 2.272878e+01  1.477181e-02 
 2.272918e+01  1.598101e-02 
 2.272958e+01  1.719654e-02 
 2.272998e+01  1.840926e-02 
 2.273037e+01  1.962924e-02 
 2.273077e+01  2.085555e-02 
 2.273117e+01  2.209458e-02 
 2.273157e+01  2.331745e-02 
 2.273196e+01  2.454305e-02 
 2.273236e+01  2.577056e-02 
 2.273276e+01  2.701451e-02 
 2.273316e+01  2.825187e-02 
 2.273355e+01  2.949547e-02 
 2.273395e+01  3.073864e-02 
 2.273435e+01  3.196268e-02 
 2.273475e+01  3.318931e-02 
 2.273515e+01  3.439909e-02 
 2.273554e+01  3.560967e-02 
 2.273594e+01  3.681018e-02 
 2.273634e+01  3.798066e-02 
 2.273674e+01  3.913141e-02 
 2.273713e+01  4.028462e-02 
 2.273753e+01  4.141790e-02 
 2.273793e+01  4.255122e-02 
 2.273833e+01  4.367228e-02 
 2.273872e+01  4.477549e-02 
 2.273912e+01  4.584873e-02 
 2.273952e+01  4.690113e-02 
 2.273992e+01  4.793584e-02 
 2.274032e+01  4.894657e-02 
 2.274071e+01  4.994223e-02 
 2.274111e+01  5.091203e-02 
 2.274151e+01  5.184436e-02 
 2.274191e+01  5.275712e-02 
 2.274230e+01  5.365898e-02 
 2.274270e+01  5.453808e-02 
 2.274310e+01  5.539329e-02 
 2.274350e+01  5.621611e-02 
 2.274389e+01  5.701551e-02 
 2.274429e+01  5.777600e-02 
 2.274469e+01  5.850619e-02 
 2.274509e+01  5.921121e-02 
 2.274549e+01  5.988236e-02 
 2.274588e+01  6.051392e-02 
 2.274628e+01  6.111246e-02 
 2.274668e+01  6.168540e-02 
 2.274708e+01  6.223141e-02 
 2.274747e+01  6.276582e-02 
 2.274787e+01  6.328079e-02 
 2.274827e+01  6.375248e-02 
 2.274867e+01  6.418522e-02 
 2.274906e+01  6.458594e-02 
 2.274946e+01  6.495988e-02 
 2.274986e+01  6.530939e-02 
 2.275026e+01  6.562634e-02 
 2.275066e+01  6.591644e-02 
 2.275105e+01  6.616993e-02 
 2.275145e+01  6.640073e-02 
 2.275185e+01  6.660881e-02 
 2.275225e+01  6.679231e-02 
 2.275264e+01  6.695912e-02 
 2.275304e+01  6.709429e-02 
 2.275344e+01  6.719897e-02 
 2.275384e+01  6.726845e-02 
 2.275423e+01  6.731343e-02 
 2.275463e+01  6.733455e-02 
 2.275503e+01  6.732089e-02 
 2.275543e+01  6.727467e-02 
 2.275583e+01  6.719295e-02 
 2.275622e+01  6.707670e-02 
 2.275662e+01  6.694058e-02 
 2.275702e+01  6.677703e-02 
 2.275742e+01  6.658824e-02 
 2.275781e+01  6.637364e-02 
 2.275821e+01  6.612729e-02 
 2.275861e+01  6.584362e-02 
 2.275901e+01  6.553390e-02 
 2.275940e+01  6.521655e-02 
 2.275980e+01  6.486685e-02 
 2.276020e+01  6.448095e-02 
 2.276060e+01  6.407790e-02 
 2.276100e+01  6.363222e-02 
 2.276139e+01  6.315783e-02 
 2.276179e+01  6.265500e-02 
 2.276219e+01  6.213576e-02 
 2.276259e+01  6.157594e-02 
 2.276298e+01  6.099145e-02 
 2.276338e+01  6.038698e-02 
 2.276378e+01  5.973938e-02 
 2.276418e+01  5.906016e-02 
 2.276457e+01  5.836962e-02 
 2.276497e+01  5.763691e-02 
 2.276537e+01  5.686583e-02 
 2.276577e+01  5.607120e-02 
 2.276617e+01  5.525774e-02 
 2.276656e+01  5.441993e-02 
 2.276696e+01  5.355928e-02 
 2.276736e+01  5.268383e-02 
 2.276776e+01  5.177106e-02 
 2.276815e+01  5.084002e-02 
 2.276855e+01  4.987816e-02 
 2.276895e+01  4.891115e-02 
 2.276935e+01  4.790695e-02 
 2.276975e+01  4.688748e-02 
 2.277014e+01  4.585387e-02 
 2.277054e+01  4.478460e-02 
 2.277094e+01  4.370508e-02 
 2.277134e+01  4.260913e-02 
 2.277173e+01  4.150384e-02 
 2.277213e+01  4.038088e-02 
 2.277253e+01  3.923341e-02 
 2.277293e+01  3.808769e-02 
 2.277332e+01  3.691416e-02 
 2.277372e+01  3.573629e-02 
 2.277412e+01  3.454560e-02 
 2.277452e+01  3.333604e-02 
 2.277492e+01  3.212388e-02 
 2.277531e+01  3.090106e-02 
 2.277571e+01  2.967843e-02 
 2.277611e+01  2.844001e-02 
 2.277651e+01  2.721292e-02 
 2.277690e+01  2.597636e-02 
 2.277730e+01  2.471593e-02 
 2.277770e+01  2.346419e-02 
 2.277810e+01  2.220138e-02 
 2.277849e+01  2.095326e-02 
 2.277889e+01  1.970910e-02 
 2.277929e+01  1.846616e-02 
 2.277969e+01  1.722834e-02 
 2.278009e+01  1.599501e-02 
 2.278048e+01  1.476481e-02 
 2.278088e+01  1.354242e-02 
 2.278128e+01  1.232781e-02 
 2.278168e+01  1.111726e-02 
 2.278207e+01  9.903933e-03 
 2.278247e+01  8.694713e-03 
 2.278287e+01  7.492504e-03 
 2.278327e+01  6.308865e-03 
 2.278366e+01  5.128661e-03 
 2.278406e+01  3.951966e-03 
 2.278446e+01  2.778998e-03 
 2.278486e+01  1.618730e-03 
 2.278526e+01  4.725514e-04 
 2.278565e+01 -6.523787e-04 
 2.278605e+01 -1.767074e-03 
 2.278645e+01 -2.882038e-03 
 2.278685e+01 -3.973710e-03 
 2.278724e+01 -5.048254e-03 
 2.278764e+01 -6.109744e-03 
 2.278804e+01 -7.146564e-03 
 2.278844e+01 -8.156862e-03 
 2.278883e+01 -9.145156e-03 
 2.278923e+01 -1.013556e-02 
 2.278963e+01 -1.109836e-02 
 2.279003e+01 -1.204950e-02 
 2.279043e+01 -1.297558e-02 
 2.279082e+01 -1.387809e-02 
 2.279122e+01 -1.476194e-02 
 2.279162e+01 -1.563221e-02 
 2.279202e+01 -1.648032e-02 
 2.279241e+01 -1.729706e-02 
 2.279281e+01 -1.809947e-02 
 2.279321e+01 -1.886916e-02 
 2.279361e+01 -1.962598e-02 
 2.279400e+01 -2.035087e-02 
 2.279440e+01 -2.107029e-02 
 2.279480e+01 -2.176031e-02 
 2.279520e+01 -2.241074e-02 
 2.279560e+01 -2.304176e-02 
 2.279599e+01 -2.365483e-02 
 2.279639e+01 -2.424600e-02 
 2.279679e+01 -2.481215e-02 
 2.279719e+01 -2.535128e-02 
 2.279758e+01 -2.585500e-02 
 2.279798e+01 -2.632389e-02 
 2.279838e+01 -2.677149e-02 
 2.279878e+01 -2.718851e-02 
 2.279917e+01 -2.757521e-02 
 2.279957e+01 -2.794336e-02 
 2.279997e+01 -2.827163e-02 
 2.280037e+01 -2.857294e-02 
 2.280077e+01 -2.885220e-02 
 2.280116e+01 -2.911044e-02 
 2.280156e+01 -2.933316e-02 
 2.280196e+01 -2.952760e-02 
 2.280236e+01 -2.968321e-02 
 2.280275e+01 -2.980424e-02 
 2.280315e+01 -2.989801e-02 
 2.280355e+01 -2.996394e-02 
 2.280395e+01 -2.999109e-02 
 2.280434e+01 -2.998238e-02 
 2.280474e+01 -2.995203e-02 
 2.280514e+01 -2.989595e-02 
 2.280554e+01 -2.980317e-02 
 2.280594e+01 -2.968388e-02 
 2.280633e+01 -2.952359e-02 
 2.280673e+01 -2.932306e-02 
 2.280713e+01 -2.907752e-02 
 2.280753e+01 -2.880117e-02 
 2.280792e+01 -2.847914e-02 
 2.280832e+01 -2.812370e-02 
 2.280872e+01 -2.774295e-02 
 2.280912e+01 -2.732172e-02 
 2.280951e+01 -2.686600e-02 
 2.280991e+01 -2.638672e-02 
 2.281031e+01 -2.589233e-02 
 2.281071e+01 -2.534896e-02 
 2.281111e+01 -2.477595e-02 
 2.281150e+01 -2.417195e-02 
 2.281190e+01 -2.353772e-02 
 2.281230e+01 -2.286107e-02 
 2.281270e+01 -2.217680e-02 
 2.281309e+01 -2.146359e-02 
 2.281349e+01 -2.072582e-02 
 2.281389e+01 -1.995920e-02 
 2.281429e+01 -1.918352e-02 
 2.281468e+01 -1.837278e-02 
 2.281508e+01 -1.754321e-02 
 2.281548e+01 -1.670125e-02 
 2.281588e+01 -1.582663e-02 
 2.281628e+01 -1.492626e-02 
 2.281667e+01 -1.401116e-02 
 2.281707e+01 -1.306526e-02 
 2.281747e+01 -1.210605e-02 
 2.281787e+01 -1.113307e-02 
 2.281826e+01 -1.014691e-02 
 2.281866e+01 -9.150095e-03 
 2.281906e+01 -8.116503e-03 
 2.281946e+01 -7.089683e-03 
 2.281985e+01 -6.037890e-03 
 2.282025e+01 -4.981704e-03 
 2.282065e+01 -3.913809e-03 
 2.282105e+01 -2.826596e-03 
 2.282145e+01 -1.710786e-03 
 2.282184e+01 -5.863112e-04 
 2.282224e+01  5.442509e-04 
 2.282264e+01  1.677445e-03 
 2.282304e+01  2.828038e-03 
 2.282343e+01  3.974282e-03 
 2.282383e+01  5.131596e-03 
 2.282423e+01  6.303721e-03 
 2.282463e+01  7.472678e-03 
 2.282502e+01  8.645770e-03 
 2.282542e+01  9.820708e-03 
 2.282582e+01  1.101049e-02 
 2.282622e+01  1.222212e-02 
 2.282662e+01  1.344769e-02 
 2.282701e+01  1.467712e-02 
 2.282741e+01  1.590538e-02 
 2.282781e+01  1.713427e-02 
 2.282821e+01  1.836417e-02 
 2.282860e+01  1.960050e-02 
 2.282900e+01  2.083535e-02 
 2.282940e+01  2.205236e-02 
 2.282980e+01  2.326579e-02 
 2.283019e+01  2.447710e-02 
 2.283059e+01  2.569536e-02 
 2.283099e+01  2.691569e-02 
 2.283139e+01  2.814027e-02 
 2.283179e+01  2.934562e-02 
 2.283218e+01  3.053577e-02 
 2.283258e+01  3.171413e-02 
 2.283298e+01  3.288730e-02 
 2.283338e+01  3.405036e-02 
 2.283377e+01  3.520235e-02 
 2.283417e+01  3.633728e-02 
 2.283457e+01  3.746143e-02 
 2.283497e+01  3.858057e-02 
 2.283536e+01  3.969571e-02 
 2.283576e+01  4.081806e-02 
 2.283616e+01  4.192989e-02 
 2.283656e+01  4.302509e-02 
 2.283696e+01  4.409889e-02 
 2.283735e+01  4.515508e-02 
 2.283775e+01  4.619311e-02 
 2.283815e+01  4.721962e-02 
 2.283855e+01  4.823327e-02 
 2.283894e+01  4.922237e-02 
 2.283934e+01  5.018434e-02 
 2.283974e+01  5.114080e-02 
 2.284014e+01  5.208576e-02 
 2.284053e+01  5.301249e-02 
 2.284093e+01  5.393090e-02 
 2.284133e+01  5.481118e-02 
 2.284173e+01  5.567191e-02 
 2.284213e+01  5.650043e-02 
 2.284252e+01  5.729964e-02 
 2.284292e+01  5.809027e-02 
 2.284332e+01  5.885067e-02 
 2.284372e+01  5.957806e-02 
 2.284411e+01  6.027310e-02 
 2.284451e+01  6.093472e-02 
 2.284491e+01  6.157370e-02 
 2.284531e+01  6.219561e-02 
 2.284570e+01  6.279413e-02 
 2.284610e+01  6.334912e-02 
 2.284650e+01  6.386637e-02 
 2.284690e+01  6.434478e-02 
 2.284730e+01  6.479745e-02 
 2.284769e+01  6.521877e-02 
 2.284809e+01  6.561354e-02 
 2.284849e+01  6.597121e-02 
 2.284889e+01  6.628324e-02 
 2.284928e+01  6.657363e-02 
 2.284968e+01  6.682288e-02 
 2.285008e+01  6.705302e-02 
 2.285048e+01  6.723717e-02 
 2.285087e+01  6.739733e-02 
 2.285127e+01  6.751116e-02 
 2.285167e+01  6.757776e-02 
 2.285207e+01  6.761313e-02 
 2.285247e+01  6.762924e-02 
 2.285286e+01  6.760338e-02 
 2.285326e+01  6.754480e-02 
 2.285366e+01  6.746363e-02 
 2.285406e+01  6.735391e-02 
 2.285445e+01  6.722119e-02 
 2.285485e+01  6.706443e-02 
 2.285525e+01  6.690288e-02 
 2.285565e+01  6.669375e-02 
 2.285604e+01  6.645439e-02 
 2.285644e+01  6.617943e-02 
 2.285684e+01  6.587679e-02 
 2.285724e+01  6.554568e-02 
 2.285764e+01  6.519839e-02 
 2.285803e+01  6.482220e-02 
 2.285843e+01  6.440839e-02 
 2.285883e+01  6.397551e-02 
 2.285923e+01  6.352156e-02 
 2.285962e+01  6.304228e-02 
 2.286002e+01  6.253270e-02 
 2.286042e+01  6.199918e-02 
 2.286082e+01  6.143956e-02 
 2.286122e+01  6.083388e-02 
 2.286161e+01  6.020780e-02 
 2.286201e+01  5.955543e-02 
 2.286241e+01  5.887974e-02 
 2.286281e+01  5.818192e-02 
 2.286320e+01  5.745909e-02 
 2.286360e+01  5.670392e-02 
 2.286400e+01  5.593817e-02 
 2.286440e+01  5.515881e-02 
 2.286479e+01  5.435142e-02 
 2.286519e+01  5.351209e-02 
 2.286559e+01  5.265422e-02 
 2.286599e+01  5.176269e-02 
 2.286639e+01  5.085035e-02 
 2.286678e+01  4.992745e-02 
 2.286718e+01  4.897743e-02 
 2.286758e+01  4.801326e-02 
 2.286798e+01  4.701960e-02 
 2.286837e+01  4.602122e-02 
 2.286877e+01  4.498459e-02 
 2.286917e+01  4.394702e-02 
 2.286957e+01  4.289162e-02 
 2.286996e+01  4.182138e-02 
 2.287036e+01  4.072534e-02 
 2.287076e+01  3.961745e-02 
 2.287116e+01  3.848602e-02 
 2.287156e+01  3.734838e-02 
 2.287195e+01  3.619798e-02 
 2.287235e+01  3.502988e-02 
 2.287275e+01  3.385768e-02 
 2.287315e+01  3.266973e-02 
 2.287354e+01  3.147139e-02 
 2.287394e+01  3.026569e-02 
 2.287434e+01  2.906677e-02 
 2.287474e+01  2.784537e-02 
 2.287513e+01  2.662354e-02 
 2.287553e+01  2.538024e-02 
 2.287593e+01  2.414450e-02 
 2.287633e+01  2.290984e-02 
 2.287673e+01  2.166462e-02 
 2.287712e+01  2.041354e-02 
 2.287752e+01  1.915330e-02 
 2.287792e+01  1.789202e-02 
 2.287832e+01  1.662646e-02 
 2.287871e+01  1.535956e-02 
 2.287911e+01  1.410650e-02 
 2.287951e+01  1.284927e-02 
 2.287991e+01  1.159400e-02 
 2.288030e+01  1.034437e-02 
 2.288070e+01  9.099113e-03 
 2.288110e+01  7.858503e-03 
 2.288150e+01  6.628737e-03 
 2.288190e+01  5.421285e-03 
 2.288229e+01  4.195640e-03 
 2.288269e+01  2.992285e-03 
 2.288309e+01  1.818223e-03 
 2.288349e+01  6.528253e-04 
 2.288388e+01 -5.033965e-04 
 2.288428e+01 -1.627282e-03 
 2.288468e+01 -2.749986e-03 
 2.288508e+01 -3.856896e-03 
 2.288547e+01 -4.936063e-03 
 2.288587e+01 -6.000465e-03 
 2.288627e+01 -7.053076e-03 
 2.288667e+01 -8.080590e-03 
 2.288707e+01 -9.091599e-03 
 2.288746e+01 -1.009833e-02 
 2.288786e+01 -1.107708e-02 
 2.288826e+01 -1.202584e-02 
 2.288866e+01 -1.295236e-02 
 2.288905e+01 -1.385807e-02 
 2.288945e+01 -1.474018e-02 
 2.288985e+01 -1.560931e-02 
 2.289025e+01 -1.645028e-02 
 2.289064e+01 -1.726710e-02 
 2.289104e+01 -1.806778e-02 
 2.289144e+01 -1.884190e-02 
 2.289184e+01 -1.959857e-02 
 2.289224e+01 -2.032588e-02 
 2.289263e+01 -2.104269e-02 
 2.289303e+01 -2.170900e-02 
 2.289343e+01 -2.235236e-02 
 2.289383e+01 -2.298000e-02 
 2.289422e+01 -2.358061e-02 
 2.289462e+01 -2.414917e-02 
 2.289502e+01 -2.468629e-02 
 2.289542e+01 -2.519547e-02 
 2.289581e+01 -2.566868e-02 
 2.289621e+01 -2.613532e-02 
 2.289661e+01 -2.656468e-02 
 2.289701e+01 -2.697722e-02 
 2.289741e+01 -2.736078e-02 
 2.289780e+01 -2.772764e-02 
 2.289820e+01 -2.805092e-02 
 2.289860e+01 -2.835083e-02 
 2.289900e+01 -2.862301e-02 
 2.289939e+01 -2.886596e-02 
 2.289979e+01 -2.907104e-02 
 2.290019e+01 -2.925181e-02 
 2.290059e+01 -2.940087e-02 
 2.290098e+01 -2.952002e-02 
 2.290138e+01 -2.962384e-02 
 2.290178e+01 -2.968601e-02 
 2.290218e+01 -2.972428e-02 
 2.290258e+01 -2.971496e-02 
 2.290297e+01 -2.968512e-02 
 2.290337e+01 -2.962509e-02 
 2.290377e+01 -2.951884e-02 
 2.290417e+01 -2.938623e-02 
 2.290456e+01 -2.921599e-02 
 2.290496e+01 -2.901129e-02 
 2.290536e+01 -2.877280e-02 
 2.290576e+01 -2.851257e-02 
 2.290615e+01 -2.823305e-02 
 2.290655e+01 -2.793451e-02 
 2.290695e+01 -2.759930e-02 
 2.290735e+01 -2.723695e-02 
 2.290775e+01 -2.684220e-02 
 2.290814e+01 -2.641795e-02 
 2.290854e+01 -2.595905e-02 
 2.290894e+01 -2.546560e-02 
 2.290934e+01 -2.494232e-02 
 2.290973e+01 -2.438003e-02 
 2.291013e+01 -2.379390e-02 
 2.291053e+01 -2.317605e-02 
 2.291093e+01 -2.254109e-02 
 2.291132e+01 -2.187371e-02 
 2.291172e+01 -2.118954e-02 
 2.291212e+01 -2.045284e-02 
 2.291252e+01 -1.969421e-02 
 2.291292e+01 -1.893097e-02 
 2.291331e+01 -1.812706e-02 
 2.291371e+01 -1.729666e-02 
 2.291411e+01 -1.642978e-02 
 2.291451e+01 -1.553557e-02 
 2.291490e+01 -1.461617e-02 
 2.291530e+01 -1.366314e-02 
 2.291570e+01 -1.270799e-02 
 2.291610e+01 -1.172244e-02 
 2.291649e+01 -1.072745e-02 
 2.291689e+01 -9.710075e-03 
 2.291729e+01 -8.673208e-03 
 2.291769e+01 -7.620530e-03 
 2.291809e+01 -6.558571e-03 
 2.291848e+01 -5.479945e-03 
 2.291888e+01 -4.375964e-03 
 2.291928e+01 -3.251209e-03 
 2.291968e+01 -2.118668e-03 
 2.292007e+01 -9.740092e-04 
 2.292047e+01  1.757755e-04 
 2.292087e+01  1.333322e-03 
 2.292127e+01  2.506533e-03 
 2.292166e+01  3.679082e-03 
 2.292206e+01  4.867072e-03 
 2.292246e+01  6.055972e-03 
 2.292286e+01  7.257653e-03 
 2.292326e+01  8.471203e-03 
 2.292365e+01  9.696012e-03 
 2.292405e+01  1.093332e-02 
 2.292445e+01  1.218083e-02 
 2.292485e+01  1.342605e-02 
 2.292524e+01  1.465492e-02 
 2.292564e+01  1.586598e-02 
 2.292604e+01  1.709401e-02 
 2.292644e+01  1.829858e-02 
 2.292683e+01  1.949973e-02 
 2.292723e+01  2.071606e-02 
 2.292763e+01  2.193162e-02 
 2.292803e+01  2.313576e-02 
 2.292843e+01  2.434845e-02 
 2.292882e+01  2.557070e-02 
 2.292922e+01  2.677212e-02 
 2.292962e+01  2.797538e-02 
 2.293002e+01  2.915891e-02 
 2.293041e+01  3.032794e-02 
 2.293081e+01  3.149061e-02 
 2.293121e+01  3.266419e-02 
 2.293161e+01  3.381449e-02 
 2.293200e+01  3.496542e-02 
 2.293240e+01  3.611448e-02 
 2.293280e+01  3.724643e-02 
 2.293320e+01  3.837433e-02 
 2.293360e+01  3.950941e-02 
 2.293399e+01  4.061833e-02 
 2.293439e+01  4.171763e-02 
 2.293479e+01  4.279943e-02 
 2.293519e+01  4.384988e-02 
 2.293558e+01  4.487522e-02 
 2.293598e+01  4.588990e-02 
 2.293638e+01  4.690788e-02 
 2.293678e+01  4.789179e-02 
 2.293717e+01  4.886100e-02 
 2.293757e+01  4.981393e-02 
 2.293797e+01  5.075020e-02 
 2.293837e+01  5.168340e-02 
 2.293877e+01  5.259581e-02 
 2.293916e+01  5.347427e-02 
 2.293956e+01  5.433493e-02 
 2.293996e+01  5.516678e-02 
 2.294036e+01  5.597269e-02 
 2.294075e+01  5.676608e-02 
 2.294115e+01  5.753458e-02 
 2.294155e+01  5.828127e-02 
 2.294195e+01  5.898921e-02 
 2.294234e+01  5.968731e-02 
 2.294274e+01  6.037002e-02 
 2.294314e+01  6.104234e-02 
 2.294354e+01  6.170078e-02 
 2.294394e+01  6.231428e-02 
 2.294433e+01  6.290239e-02 
 2.294473e+01  6.344800e-02 
 2.294513e+01  6.396282e-02 
 2.294553e+01  6.443292e-02 
 2.294592e+01  6.488690e-02 
 2.294632e+01  6.531051e-02 
 2.294672e+01  6.568953e-02 
 2.294712e+01  6.605216e-02 
 2.294751e+01  6.639077e-02 
 2.294791e+01  6.670421e-02 
 2.294831e+01  6.698366e-02 
 2.294871e+01  6.723861e-02 
 2.294911e+01  6.743073e-02 
 2.294950e+01  6.759862e-02 
 2.294990e+01  6.772542e-02 
 2.295030e+01  6.782471e-02 
 2.295070e+01  6.788151e-02 
 2.295109e+01  6.790967e-02 
 2.295149e+01  6.790305e-02 
 2.295189e+01  6.786185e-02 
 2.295229e+01  6.779149e-02 
 2.295269e+01  6.769974e-02 
 2.295308e+01  6.757527e-02 
 2.295348e+01  6.741617e-02 
 2.295388e+01  6.720398e-02 
 2.295428e+01  6.694657e-02 
 2.295467e+01  6.665067e-02 
 2.295507e+01  6.632229e-02 
 2.295547e+01  6.597674e-02 
 2.295587e+01  6.559710e-02 
 2.295626e+01  6.518552e-02 
 2.295666e+01  6.474127e-02 
 2.295706e+01  6.428518e-02 
 2.295746e+01  6.379144e-02 
 2.295786e+01  6.327473e-02 
 2.295825e+01  6.273783e-02 
 2.295865e+01  6.216368e-02 
 2.295905e+01  6.155896e-02 
 2.295945e+01  6.092742e-02 
 2.295984e+01  6.028399e-02 
 2.296024e+01  5.961792e-02 
 2.296064e+01  5.892028e-02 
 2.296104e+01  5.820549e-02 
 2.296143e+01  5.746834e-02 
 2.296183e+01  5.671229e-02 
 2.296223e+01  5.594341e-02 
 2.296263e+01  5.516357e-02 
 2.296303e+01  5.436484e-02 
 2.296342e+01  5.352919e-02 
 2.296382e+01  5.267533e-02 
 2.296422e+01  5.179384e-02 
 2.296462e+01  5.088583e-02 
 2.296501e+01  4.996837e-02 
 2.296541e+01  4.903913e-02 
 2.296581e+01  4.807824e-02 
 2.296621e+01  4.709353e-02 
 2.296660e+01  4.610306e-02 
 2.296700e+01  4.509655e-02 
 2.296740e+01  4.407328e-02 
 2.296780e+01  4.303278e-02 
 2.296820e+01  4.197993e-02 
 2.296859e+01  4.089628e-02 
 2.296899e+01  3.979616e-02 
 2.296939e+01  3.868867e-02 
 2.296979e+01  3.756087e-02 
 2.297018e+01  3.642240e-02 
 2.297058e+01  3.527733e-02 
 2.297098e+01  3.411191e-02 
 2.297138e+01  3.294362e-02 
 2.297177e+01  3.177639e-02 
 2.297217e+01  3.059507e-02 
 2.297257e+01  2.940663e-02 
 2.297297e+01  2.820245e-02 
 2.297337e+01  2.697943e-02 
 2.297376e+01  2.573322e-02 
 2.297416e+01  2.449904e-02 
 2.297456e+01  2.325863e-02 
 2.297496e+01  2.200692e-02 
 2.297535e+01  2.076454e-02 
 2.297575e+01  1.951419e-02 
 2.297615e+01  1.826720e-02 
 2.297655e+01  1.702384e-02 
 2.297694e+01  1.578517e-02 
 2.297734e+01  1.454871e-02 
 2.297774e+01  1.331331e-02 
 2.297814e+01  1.208056e-02 
 2.297854e+01  1.086007e-02 
 2.297893e+01  9.642858e-03 
 2.297933e+01  8.448692e-03 
 2.297973e+01  7.241321e-03 
 2.298013e+01  6.043974e-03 
 2.298052e+01  4.860066e-03 
 2.298092e+01  3.668547e-03 
 2.298132e+01  2.491689e-03 
 2.298172e+01  1.325033e-03 
 2.298211e+01  1.717236e-04 
 2.298251e+01 -9.679863e-04 
 2.298291e+01 -2.104220e-03 
 2.298331e+01 -3.219321e-03 
 2.298371e+01 -4.320527e-03 
 2.298410e+01 -5.410070e-03 
 2.298450e+01 -6.484053e-03 
 2.298490e+01 -7.540321e-03 
 2.298530e+01 -8.591368e-03 
 2.298569e+01 -9.636965e-03 
 2.298609e+01 -1.065463e-02 
 2.298649e+01 -1.165304e-02 
 2.298689e+01 -1.263896e-02 
 2.298728e+01 -1.360422e-02 
 2.298768e+01 -1.453531e-02 
 2.298808e+01 -1.544047e-02 
 2.298848e+01 -1.633240e-02 
 2.298888e+01 -1.718326e-02 
 2.298927e+01 -1.802143e-02 
 2.298967e+01 -1.883730e-02 
 2.299007e+01 -1.963254e-02 
 2.299047e+01 -2.039210e-02 
 2.299086e+01 -2.112946e-02 
 2.299126e+01 -2.183302e-02 
 2.299166e+01 -2.249057e-02 
 2.299206e+01 -2.313458e-02 
 2.299245e+01 -2.374329e-02 
 2.299285e+01 -2.431850e-02 
 2.299325e+01 -2.486783e-02 
 2.299365e+01 -2.538694e-02 
 2.299405e+01 -2.587994e-02 
 2.299444e+01 -2.634392e-02 
 2.299484e+01 -2.678143e-02 
 2.299524e+01 -2.718857e-02 
 2.299564e+01 -2.755734e-02 
 2.299603e+01 -2.789636e-02 
 2.299643e+01 -2.820345e-02 
 2.299683e+01 -2.847272e-02 
 2.299723e+01 -2.871970e-02 
 2.299762e+01 -2.892146e-02 
 2.299802e+01 -2.908991e-02 
 2.299842e+01 -2.923208e-02 
 2.299882e+01 -2.934546e-02 
 2.299922e+01 -2.944010e-02 
 2.299961e+01 -2.951158e-02 
 2.300001e+01 -2.954402e-02 
 2.300041e+01 -2.954974e-02 
 2.300081e+01 -2.952047e-02 
 2.300120e+01 -2.946864e-02 
 2.300160e+01 -2.938604e-02 
 2.300200e+01 -2.928815e-02 
 2.300240e+01 -2.916507e-02 
 2.300279e+01 -2.899644e-02 
 2.300319e+01 -2.881649e-02 
 2.300359e+01 -2.860669e-02 
 2.300399e+01 -2.837268e-02 
 2.300439e+01 -2.811878e-02 
 2.300478e+01 -2.783119e-02 
 2.300518e+01 -2.751336e-02 
 2.300558e+01 -2.715174e-02 
 2.300598e+01 -2.677455e-02 
 2.300637e+01 -2.636920e-02 
 2.300677e+01 -2.592941e-02 
 2.300717e+01 -2.544801e-02 
 2.300757e+01 -2.494209e-02 
 2.300796e+01 -2.439810e-02 
 2.300836e+01 -2.383049e-02 
 2.300876e+01 -2.324604e-02 
 2.300916e+01 -2.263500e-02 
 2.300956e+01 -2.199042e-02 
 2.300995e+01 -2.131547e-02 
 2.301035e+01 -2.059706e-02 
 2.301075e+01 -1.984843e-02 
 2.301115e+01 -1.908460e-02 
 2.301154e+01 -1.829206e-02 
 2.301194e+01 -1.747062e-02 
 2.301234e+01 -1.661995e-02 
 2.301274e+01 -1.574607e-02 
 2.301313e+01 -1.485589e-02 
 2.301353e+01 -1.394570e-02 
 2.301393e+01 -1.303096e-02 
 2.301433e+01 -1.209193e-02 
 2.301473e+01 -1.112539e-02 
 2.301512e+01 -1.013103e-02 
 2.301552e+01 -9.114113e-03 
 2.301592e+01 -8.087059e-03 
 2.301632e+01 -7.032410e-03 
 2.301671e+01 -5.959024e-03 
 2.301711e+01 -4.862289e-03 
 2.301751e+01 -3.751747e-03 
 2.301791e+01 -2.634803e-03 
 2.301830e+01 -1.513960e-03 
 2.301870e+01 -3.788776e-04 
 2.301910e+01  7.644520e-04 
 2.301950e+01  1.928999e-03 
 2.301990e+01  3.104564e-03 
 2.302029e+01  4.297165e-03 
 2.302069e+01  5.494480e-03 
 2.302109e+01  6.697462e-03 
 2.302149e+01  7.912785e-03 
 2.302188e+01  9.129675e-03 
 2.302228e+01  1.036296e-02 
 2.302268e+01  1.158501e-02 
 2.302308e+01  1.281616e-02 
 2.302347e+01  1.402910e-02 
 2.302387e+01  1.526802e-02 
 2.302427e+01  1.650409e-02 
 2.302467e+01  1.774473e-02 
 2.302507e+01  1.898915e-02 
 2.302546e+01  2.023742e-02 
 2.302586e+01  2.148823e-02 
 2.302626e+01  2.274535e-02 
 2.302666e+01  2.400633e-02 
 2.302705e+01  2.525799e-02 
 2.302745e+01  2.649637e-02 
 2.302785e+01  2.773476e-02 
 2.302825e+01  2.895450e-02 
 2.302864e+01  3.017037e-02 
 2.302904e+01  3.137949e-02 
 2.302944e+01  3.258690e-02 
 2.302984e+01  3.377344e-02 
 2.303024e+01  3.494964e-02 
 2.303063e+01  3.613015e-02 
 2.303103e+01  3.729170e-02 
 2.303143e+01  3.842838e-02 
 2.303183e+01  3.956875e-02 
 2.303222e+01  4.067922e-02 
 2.303262e+01  4.176256e-02 
 2.303302e+01  4.282694e-02 
 2.303342e+01  4.386464e-02 
 2.303381e+01  4.489655e-02 
 2.303421e+01  4.590452e-02 
 2.303461e+01  4.691593e-02 
 2.303501e+01  4.787964e-02 
 2.303541e+01  4.884364e-02 
 2.303580e+01  4.979574e-02 
 2.303620e+01  5.072636e-02 
 2.303660e+01  5.163888e-02 
 2.303700e+01  5.252351e-02 
 2.303739e+01  5.337956e-02 
 2.303779e+01  5.419721e-02 
 2.303819e+01  5.499810e-02 
 2.303859e+01  5.579226e-02 
 2.303898e+01  5.656174e-02 
 2.303938e+01  5.731418e-02 
 2.303978e+01  5.805653e-02 
 2.304018e+01  5.875979e-02 
 2.304058e+01  5.944725e-02 
 2.304097e+01  6.010605e-02 
 2.304137e+01  6.075231e-02 
 2.304177e+01  6.135317e-02 
 2.304217e+01  6.191657e-02 
 2.304256e+01  6.245149e-02 
 2.304296e+01  6.295590e-02 
 2.304336e+01  6.344222e-02 
 2.304376e+01  6.392118e-02 
 2.304416e+01  6.437035e-02 
 2.304455e+01  6.481117e-02 
 2.304495e+01  6.521546e-02 
 2.304535e+01  6.559976e-02 
 2.304575e+01  6.595454e-02 
 2.304614e+01  6.629347e-02 
 2.304654e+01  6.659510e-02 
 2.304694e+01  6.684761e-02 
 2.304734e+01  6.706783e-02 
 2.304773e+01  6.725497e-02 
 2.304813e+01  6.742441e-02 
 2.304853e+01  6.755629e-02 
 2.304893e+01  6.767536e-02 
 2.304933e+01  6.775328e-02 
 2.304972e+01  6.779261e-02 
 2.305012e+01  6.779353e-02 
 2.305052e+01  6.777155e-02 
 2.305092e+01  6.772001e-02 
 2.305131e+01  6.763119e-02 
 2.305171e+01  6.750524e-02 
 2.305211e+01  6.732959e-02 
 2.305251e+01  6.712160e-02 
 2.305290e+01  6.688810e-02 
 2.305330e+01  6.663776e-02 
 2.305370e+01  6.634147e-02 
 2.305410e+01  6.601337e-02 
 2.305450e+01  6.564523e-02 
 2.305489e+01  6.526100e-02 
 2.305529e+01  6.483029e-02 
 2.305569e+01  6.439071e-02 
 2.305609e+01  6.390217e-02 
 2.305648e+01  6.337125e-02 
 2.305688e+01  6.281234e-02 
 2.305728e+01  6.220968e-02 
 2.305768e+01  6.158636e-02 
 2.305807e+01  6.093582e-02 
 2.305847e+01  6.026712e-02 
 2.305887e+01  5.955803e-02 
 2.305927e+01  5.881743e-02 
 2.305967e+01  5.806675e-02 
 2.306006e+01  5.729347e-02 
 2.306046e+01  5.649271e-02 
 2.306086e+01  5.566752e-02 
 2.306126e+01  5.479946e-02 
 2.306165e+01  5.390519e-02 
 2.306205e+01  5.298324e-02 
 2.306245e+01  5.205172e-02 
 2.306285e+01  5.109807e-02 
 2.306324e+01  5.013654e-02 
 2.306364e+01  4.915843e-02 
 2.306404e+01  4.816170e-02 
 2.306444e+01  4.714885e-02 
 2.306484e+01  4.614867e-02 
 2.306523e+01  4.511343e-02 
 2.306563e+01  4.406276e-02 
 2.306603e+01  4.299766e-02 
 2.306643e+01  4.191538e-02 
 2.306682e+01  4.081678e-02 
 2.306722e+01  3.971578e-02 
 2.306762e+01  3.860375e-02 
 2.306802e+01  3.748285e-02 
 2.306841e+01  3.636025e-02 
 2.306881e+01  3.523151e-02 
 2.306921e+01  3.408392e-02 
 2.306961e+01  3.292815e-02 
 2.307001e+01  3.177869e-02 
 2.307040e+01  3.060499e-02 
 2.307080e+01  2.942213e-02 
 2.307120e+01  2.823253e-02 
 2.307160e+01  2.702796e-02 
 2.307199e+01  2.583301e-02 
 2.307239e+01  2.463736e-02 
 2.307279e+01  2.344580e-02 
 2.307319e+01  2.224848e-02 
 2.307358e+01  2.105563e-02 
 2.307398e+01  1.985999e-02 
 2.307438e+01  1.865830e-02 
 2.307478e+01  1.745475e-02 
 2.307518e+01  1.625338e-02 
 2.307557e+01  1.504475e-02 
 2.307597e+01  1.383045e-02 
 2.307637e+01  1.261113e-02 
 2.307677e+01  1.139724e-02 
 2.307716e+01  1.018255e-02 
 2.307756e+01  8.970187e-03 
 2.307796e+01  7.781326e-03 
 2.307836e+01  6.579418e-03 
 2.307875e+01  5.390604e-03 
 2.307915e+01  4.206565e-03 
 2.307955e+01  3.037683e-03 
 2.307995e+01  1.862307e-03 
 2.308035e+01  7.020018e-04 
 2.308074e+01 -4.609813e-04 
 2.308114e+01 -1.620029e-03 
 2.308154e+01 -2.766568e-03 
 2.308194e+01 -3.893453e-03 
 2.308233e+01 -4.992693e-03 
 2.308273e+01 -6.085640e-03 
 2.308313e+01 -7.167012e-03 
 2.308353e+01 -8.217637e-03 
 2.308392e+01 -9.247457e-03 
 2.308432e+01 -1.026075e-02 
 2.308472e+01 -1.125751e-02 
 2.308512e+01 -1.223524e-02 
 2.308552e+01 -1.319485e-02 
 2.308591e+01 -1.414215e-02 
 2.308631e+01 -1.507074e-02 
 2.308671e+01 -1.596715e-02 
 2.308711e+01 -1.684014e-02 
 2.308750e+01 -1.769671e-02 
 2.308790e+01 -1.852527e-02 
 2.308830e+01 -1.932495e-02 
 2.308870e+01 -2.009707e-02 
 2.308909e+01 -2.085047e-02 
 2.308949e+01 -2.156574e-02 
 2.308989e+01 -2.227131e-02 
 2.309029e+01 -2.295449e-02 
 2.309069e+01 -2.360065e-02 
 2.309108e+01 -2.421810e-02 
 2.309148e+01 -2.480583e-02 
 2.309188e+01 -2.536191e-02 
 2.309228e+01 -2.588487e-02 
 2.309267e+01 -2.638910e-02 
 2.309307e+01 -2.684215e-02 
 2.309347e+01 -2.727717e-02 
 2.309387e+01 -2.767181e-02 
 2.309426e+01 -2.803477e-02 
 2.309466e+01 -2.836040e-02 
 2.309506e+01 -2.865498e-02 
 2.309546e+01 -2.893168e-02 
 2.309586e+01 -2.915035e-02 
 2.309625e+01 -2.935139e-02 
 2.309665e+01 -2.952367e-02 
 2.309705e+01 -2.967387e-02 
 2.309745e+01 -2.978180e-02 
 2.309784e+01 -2.986857e-02 
 2.309824e+01 -2.991979e-02 
 2.309864e+01 -2.992141e-02 
 2.309904e+01 -2.988418e-02 
 2.309943e+01 -2.983122e-02 
 2.309983e+01 -2.974365e-02 
 2.310023e+01 -2.961407e-02 
 2.310063e+01 -2.945786e-02 
 2.310103e+01 -2.926969e-02 
 2.310142e+01 -2.905355e-02 
 2.310182e+01 -2.880636e-02 
 2.310222e+01 -2.855485e-02 
 2.310262e+01 -2.824944e-02 
 2.310301e+01 -2.790286e-02 
 2.310341e+01 -2.753752e-02 
 2.310381e+01 -2.713814e-02 
 2.310421e+01 -2.669407e-02 
 2.310460e+01 -2.623892e-02 
 2.310500e+01 -2.575426e-02 
 2.310540e+01 -2.523934e-02 
 2.310580e+01 -2.470904e-02 
 2.310620e+01 -2.415512e-02 
 2.310659e+01 -2.359448e-02 
 2.310699e+01 -2.300149e-02 
 2.310739e+01 -2.239295e-02 
 2.310779e+01 -2.174199e-02 
 2.310818e+01 -2.105531e-02 
 2.310858e+01 -2.035855e-02 
 2.310898e+01 -1.964178e-02 
 2.310938e+01 -1.890862e-02 
 2.310977e+01 -1.815172e-02 
 2.311017e+01 -1.737655e-02 
 2.311057e+01 -1.658066e-02 
 2.311097e+01 -1.576668e-02 
 2.311137e+01 -1.493810e-02 
 2.311176e+01 -1.408491e-02 
 2.311216e+01 -1.320517e-02 
 2.311256e+01 -1.229490e-02 
 2.311296e+01 -1.135817e-02 
 2.311335e+01 -1.038810e-02 
 2.311375e+01 -9.407758e-03 
 2.311415e+01 -8.398601e-03 
 2.311455e+01 -7.371837e-03 
 2.311494e+01 -6.331518e-03 
 2.311534e+01 -5.273435e-03 
 2.311574e+01 -4.211752e-03 
 2.311614e+01 -3.140748e-03 
 2.311654e+01 -2.052836e-03 
 2.311693e+01 -9.454196e-04 
 2.311733e+01  1.837894e-04 
 2.311773e+01  1.338506e-03 
 2.311813e+01  2.505873e-03 
 2.311852e+01  3.693855e-03 
 2.311892e+01  4.872713e-03 
 2.311932e+01  6.081287e-03 
 2.311972e+01  7.298268e-03 
 2.312011e+01  8.530170e-03 
 2.312051e+01  9.757251e-03 
 2.312091e+01  1.099215e-02 
 2.312131e+01  1.223581e-02 
 2.312171e+01  1.347634e-02 
 2.312210e+01  1.473712e-02 
 2.312250e+01  1.600782e-02 
 2.312290e+01  1.728027e-02 
 2.312330e+01  1.855424e-02 
 2.312369e+01  1.983735e-02 
 2.312409e+01  2.110857e-02 
 2.312449e+01  2.237797e-02 
 2.312489e+01  2.364404e-02 
 2.312528e+01  2.490127e-02 
 2.312568e+01  2.613411e-02 
 2.312608e+01  2.736161e-02 
 2.312648e+01  2.857964e-02 
 2.312688e+01  2.980517e-02 
 2.312727e+01  3.102164e-02 
 2.312767e+01  3.224557e-02 
 2.312807e+01  3.344327e-02 
 2.312847e+01  3.462666e-02 
 2.312886e+01  3.580648e-02 
 2.312926e+01  3.697685e-02 
 2.312966e+01  3.812547e-02 
 2.313006e+01  3.927129e-02 
 2.313045e+01  4.037801e-02 
 2.313085e+01  4.147083e-02 
 2.313125e+01  4.253451e-02 
 2.313165e+01  4.360463e-02 
 2.313205e+01  4.466780e-02 
 2.313244e+01  4.572101e-02 
 2.313284e+01  4.675440e-02 
 2.313324e+01  4.776905e-02 
 2.313364e+01  4.877051e-02 
 2.313403e+01  4.975332e-02 
 2.313443e+01  5.071068e-02 
 2.313483e+01  5.163936e-02 
 2.313523e+01  5.253670e-02 
 2.313562e+01  5.339405e-02 
 2.313602e+01  5.424227e-02 
 2.313642e+01  5.506195e-02 
 2.313682e+01  5.588027e-02 
 2.313722e+01  5.665839e-02 
 2.313761e+01  5.741705e-02 
 2.313801e+01  5.814249e-02 
 2.313841e+01  5.884368e-02 
 2.313881e+01  5.952208e-02 
 2.313920e+01  6.017488e-02 
 2.313960e+01  6.079524e-02 
 2.314000e+01  6.138895e-02 
 2.314040e+01  6.193560e-02 
 2.314080e+01  6.247114e-02 
 2.314119e+01  6.298306e-02 
 2.314159e+01  6.345816e-02 
 2.314199e+01  6.392409e-02 
 2.314239e+01  6.436815e-02 
 2.314278e+01  6.477358e-02 
 2.314318e+01  6.513802e-02 
 2.314358e+01  6.549349e-02 
 2.314398e+01  6.580408e-02 
 2.314437e+01  6.608499e-02 
 2.314477e+01  6.633022e-02 
 2.314517e+01  6.653840e-02 
 2.314557e+01  6.671208e-02 
 2.314597e+01  6.688257e-02 
 2.314636e+01  6.702781e-02 
 2.314676e+01  6.713646e-02 
 2.314716e+01  6.723892e-02 
 2.314756e+01  6.730071e-02 
 2.314795e+01  6.732568e-02 
 2.314835e+01  6.733474e-02 
 2.314875e+01  6.732288e-02 
 2.314915e+01  6.726953e-02 
 2.314954e+01  6.717973e-02 
 2.314994e+01  6.706671e-02 
 2.315034e+01  6.691085e-02 
 2.315074e+01  6.673403e-02 
 2.315114e+01  6.655457e-02 
 2.315153e+01  6.633889e-02 
 2.315193e+01  6.609327e-02 
 2.315233e+01  6.582352e-02 
 2.315273e+01  6.552534e-02 
 2.315312e+01  6.518063e-02 
 2.315352e+01  6.481560e-02 
 2.315392e+01  6.440906e-02 
 2.315432e+01  6.395540e-02 
 2.315471e+01  6.346026e-02 
 2.315511e+01  6.294580e-02 
 2.315551e+01  6.240308e-02 
 2.315591e+01  6.183715e-02 
 2.315631e+01  6.125421e-02 
 2.315670e+01  6.063739e-02 
 2.315710e+01  5.997086e-02 
 2.315750e+01  5.927844e-02 
 2.315790e+01  5.856918e-02 
 2.315829e+01  5.781471e-02 
 2.315869e+01  5.703791e-02 
 2.315909e+01  5.622934e-02 
 2.315949e+01  5.538404e-02 
 2.315988e+01  5.451773e-02 
 2.316028e+01  5.362746e-02 
 2.316068e+01  5.272561e-02 
 2.316108e+01  5.180630e-02 
 2.316148e+01  5.086281e-02 
 2.316187e+01  4.989520e-02 
 2.316227e+01  4.890008e-02 
 2.316267e+01  4.788469e-02 
 2.316307e+01  4.685799e-02 
 2.316346e+01  4.579767e-02 
 2.316386e+01  4.471546e-02 
 2.316426e+01  4.360591e-02 
 2.316466e+01  4.250029e-02 
 2.316505e+01  4.137413e-02 
 2.316545e+01  4.023706e-02 
 2.316585e+01  3.910072e-02 
 2.316625e+01  3.794625e-02 
 2.316665e+01  3.676237e-02 
 2.316704e+01  3.558001e-02 
 2.316744e+01  3.439251e-02 
 2.316784e+01  3.319814e-02 
 2.316824e+01  3.200885e-02 
 2.316863e+01  3.080588e-02 
 2.316903e+01  2.958537e-02 
 2.316943e+01  2.836205e-02 
 2.316983e+01  2.714080e-02 
 2.317022e+01  2.591873e-02 
 2.317062e+01  2.468145e-02 
 2.317102e+01  2.346398e-02 
 2.317142e+01  2.222732e-02 
 2.317182e+01  2.099701e-02 
 2.317221e+01  1.977731e-02 
 2.317261e+01  1.855636e-02 
 2.317301e+01  1.733645e-02 
 2.317341e+01  1.611324e-02 
 2.317380e+01  1.489007e-02 
 2.317420e+01  1.366760e-02 
 2.317460e+01  1.245417e-02 
 2.317500e+01  1.125831e-02 
 2.317539e+01  1.007396e-02 
 2.317579e+01  8.879561e-03 
 2.317619e+01  7.702752e-03 
 2.317659e+01  6.533568e-03 
 2.317699e+01  5.373785e-03 
 2.317738e+01  4.228562e-03 
 2.317778e+01  3.096695e-03 
 2.317818e+01  1.963671e-03 
 2.317858e+01  8.392055e-04 
 2.317897e+01 -2.772025e-04 
 2.317937e+01 -1.383613e-03 
 2.317977e+01 -2.464948e-03 
 2.318017e+01 -3.524163e-03 
 2.318056e+01 -4.569826e-03 
 2.318096e+01 -5.617518e-03 
 2.318136e+01 -6.635673e-03 
 2.318176e+01 -7.641359e-03 
 2.318216e+01 -8.642764e-03 
 2.318255e+01 -9.636605e-03 
 2.318295e+01 -1.061535e-02 
 2.318335e+01 -1.158769e-02 
 2.318375e+01 -1.253865e-02 
 2.318414e+01 -1.346915e-02 
 2.318454e+01 -1.438608e-02 
 2.318494e+01 -1.527640e-02 
 2.318534e+01 -1.615692e-02 
 2.318573e+01 -1.701600e-02 
 2.318613e+01 -1.787156e-02 
 2.318653e+01 -1.868620e-02 
 2.318693e+01 -1.948827e-02 
 2.318733e+01 -2.026313e-02 
 2.318772e+01 -2.101116e-02 
 2.318812e+01 -2.172929e-02 
 2.318852e+01 -2.242759e-02 
 2.318892e+01 -2.309666e-02 
 2.318931e+01 -2.373712e-02 
 2.318971e+01 -2.435293e-02 
 2.319011e+01 -2.494378e-02 
 2.319051e+01 -2.549353e-02 
 2.319090e+01 -2.603344e-02 
 2.319130e+01 -2.653304e-02 
 2.319170e+01 -2.700790e-02 
 2.319210e+01 -2.744142e-02 
 2.319250e+01 -2.786044e-02 
 2.319289e+01 -2.823843e-02 
 2.319329e+01 -2.859249e-02 
 2.319369e+01 -2.890277e-02 
 2.319409e+01 -2.917983e-02 
 2.319448e+01 -2.942769e-02 
 2.319488e+01 -2.964112e-02 
 2.319528e+01 -2.982090e-02 
 2.319568e+01 -2.996507e-02 
 2.319607e+01 -3.007152e-02 
 2.319647e+01 -3.013549e-02 
 2.319687e+01 -3.016395e-02 
 2.319727e+01 -3.016099e-02 
 2.319767e+01 -3.013277e-02 
 2.319806e+01 -3.006260e-02 
 2.319846e+01 -2.996865e-02 
 2.319886e+01 -2.983111e-02 
 2.319926e+01 -2.966142e-02 
 2.319965e+01 -2.946565e-02 
 2.320005e+01 -2.923206e-02 
 2.320045e+01 -2.896256e-02 
 2.320085e+01 -2.865726e-02 
 2.320124e+01 -2.832497e-02 
 2.320164e+01 -2.795659e-02 
 2.320204e+01 -2.755909e-02 
 2.320244e+01 -2.714317e-02 
 2.320284e+01 -2.668651e-02 
 2.320323e+01 -2.620481e-02 
 2.320363e+01 -2.568842e-02 
 2.320403e+01 -2.514414e-02 
 2.320443e+01 -2.458277e-02 
 2.320482e+01 -2.400037e-02 
 2.320522e+01 -2.338930e-02 
 2.320562e+01 -2.274671e-02 
 2.320602e+01 -2.207863e-02 
 2.320641e+01 -2.136956e-02 
 2.320681e+01 -2.064645e-02 
 2.320721e+01 -1.989212e-02 
 2.320761e+01 -1.911149e-02 
 2.320801e+01 -1.830190e-02 
 2.320840e+01 -1.747231e-02 
 2.320880e+01 -1.662309e-02 
 2.320920e+01 -1.574901e-02 
 2.320960e+01 -1.487527e-02 
 2.320999e+01 -1.397223e-02 
 2.321039e+01 -1.303820e-02 
 2.321079e+01 -1.210079e-02 
 2.321119e+01 -1.113694e-02 
 2.321158e+01 -1.016422e-02 
 2.321198e+01 -9.182963e-03 
 2.321238e+01 -8.183735e-03 
 2.321278e+01 -7.160530e-03 
 2.321318e+01 -6.122892e-03 
 2.321357e+01 -5.101410e-03 
 2.321397e+01 -4.055049e-03 
 2.321437e+01 -2.999711e-03 
 2.321477e+01 -1.940004e-03 
 2.321516e+01 -8.524732e-04 
 2.321556e+01  2.637722e-04 
 2.321596e+01  1.385266e-03 
 2.321636e+01  2.511128e-03 
 2.321675e+01  3.651927e-03 
 2.321715e+01  4.798666e-03 
 2.321755e+01  5.946702e-03 
 2.321795e+01  7.114903e-03 
 2.321835e+01  8.283461e-03 
 2.321874e+01  9.449209e-03 
 2.321914e+01  1.062544e-02 
 2.321954e+01  1.183297e-02 
 2.321994e+01  1.303641e-02 
 2.322033e+01  1.425961e-02 
 2.322073e+01  1.549003e-02 
 2.322113e+01  1.671620e-02 
 2.322153e+01  1.792641e-02 
 2.322192e+01  1.914754e-02 
 2.322232e+01  2.037303e-02 
 2.322272e+01  2.159646e-02 
 2.322312e+01  2.282087e-02 
 2.322352e+01  2.405569e-02 
 2.322391e+01  2.527192e-02 
 2.322431e+01  2.650072e-02 
 2.322471e+01  2.774254e-02 
 2.322511e+01  2.899031e-02 
 2.322550e+01  3.023218e-02 
 2.322590e+01  3.146811e-02 
 2.322630e+01  3.267902e-02 
 2.322670e+01  3.388736e-02 
 2.322709e+01  3.507772e-02 
 2.322749e+01  3.628111e-02 
 2.322789e+01  3.746665e-02 
 2.322829e+01  3.863915e-02 
 2.322869e+01  3.979442e-02 
 2.322908e+01  4.094137e-02 
 2.322948e+01  4.208176e-02 
 2.322988e+01  4.321674e-02 
 2.323028e+01  4.433017e-02 
 2.323067e+01  4.540645e-02 
 2.323107e+01  4.646321e-02 
 2.323147e+01  4.749814e-02 
 2.323187e+01  4.851101e-02 
 2.323227e+01  4.949910e-02 
 2.323266e+01  5.047501e-02 
 2.323306e+01  5.141201e-02 
 2.323346e+01  5.232183e-02 
 2.323386e+01  5.321578e-02 
 2.323425e+01  5.409813e-02 
 2.323465e+01  5.495605e-02 
 2.323505e+01  5.580436e-02 
 2.323545e+01  5.662195e-02 
 2.323584e+01  5.740230e-02 
 2.323624e+01  5.816432e-02 
 2.323664e+01  5.889097e-02 
 2.323704e+01  5.959378e-02 
 2.323744e+01  6.025951e-02 
 2.323783e+01  6.089783e-02 
 2.323823e+01  6.150670e-02 
 2.323863e+01  6.208527e-02 
 2.323903e+01  6.264164e-02 
 2.323942e+01  6.317841e-02 
 2.323982e+01  6.369117e-02 
 2.324022e+01  6.416001e-02 
 2.324062e+01  6.459833e-02 
 2.324101e+01  6.499995e-02 
 2.324141e+01  6.536767e-02 
 2.324181e+01  6.569983e-02 
 2.324221e+01  6.601480e-02 
 2.324261e+01  6.627392e-02 
 2.324300e+01  6.651342e-02 
 2.324340e+01  6.672466e-02 
 2.324380e+01  6.690127e-02 
 2.324420e+01  6.706526e-02 
 2.324459e+01  6.720349e-02 
 2.324499e+01  6.730590e-02 
 2.324539e+01  6.737282e-02 
 2.324579e+01  6.740238e-02 
 2.324618e+01  6.740245e-02 
 2.324658e+01  6.735912e-02 
 2.324698e+01  6.730155e-02 
 2.324738e+01  6.720585e-02 
 2.324778e+01  6.707366e-02 
 2.324817e+01  6.692514e-02 
 2.324857e+01  6.675383e-02 
 2.324897e+01  6.656006e-02 
 2.324937e+01  6.633742e-02 
 2.324976e+01  6.609545e-02 
 2.325016e+01  6.580921e-02 
 2.325056e+01  6.549612e-02 
 2.325096e+01  6.515455e-02 
 2.325135e+01  6.478721e-02 
 2.325175e+01  6.439230e-02 
 2.325215e+01  6.396697e-02 
 2.325255e+01  6.351536e-02 
 2.325295e+01  6.302652e-02 
 2.325334e+01  6.254339e-02 
 2.325374e+01  6.203443e-02 
 2.325414e+01  6.150719e-02 
 2.325454e+01  6.095014e-02 
 2.325493e+01  6.037766e-02 
 2.325533e+01  5.975538e-02 
 2.325573e+01  5.912085e-02 
 2.325613e+01  5.846459e-02 
 2.325652e+01  5.778367e-02 
 2.325692e+01  5.704733e-02 
 2.325732e+01  5.631006e-02 
 2.325772e+01  5.554555e-02 
 2.325812e+01  5.474422e-02 
 2.325851e+01  5.394512e-02 
 2.325891e+01  5.311335e-02 
 2.325931e+01  5.224253e-02 
 2.325971e+01  5.134556e-02 
 2.326010e+01  5.042077e-02 
 2.326050e+01  4.946433e-02 
 2.326090e+01  4.848662e-02 
 2.326130e+01  4.748698e-02 
 2.326169e+01  4.645461e-02 
 2.326209e+01  4.539373e-02 
 2.326249e+01  4.432663e-02 
 2.326289e+01  4.323655e-02 
 2.326329e+01  4.215071e-02 
 2.326368e+01  4.104645e-02 
 2.326408e+01  3.992612e-02 
 2.326448e+01  3.878058e-02 
 2.326488e+01  3.760710e-02 
 2.326527e+01  3.641977e-02 
 2.326567e+01  3.522481e-02 
 2.326607e+01  3.400883e-02 
 2.326647e+01  3.278148e-02 
 2.326686e+01  3.153405e-02 
 2.326726e+01  3.028722e-02 
 2.326766e+01  2.902703e-02 
 2.326806e+01  2.778054e-02 
 2.326846e+01  2.654156e-02 
 2.326885e+01  2.528695e-02 
 2.326925e+01  2.402592e-02 
 2.326965e+01  2.276429e-02 
 2.327005e+01  2.149082e-02 
 2.327044e+01  2.021971e-02 
 2.327084e+01  1.896542e-02 
 2.327124e+01  1.769773e-02 
 2.327164e+01  1.642740e-02 
 2.327203e+01  1.517212e-02 
 2.327243e+01  1.392561e-02 
 2.327283e+01  1.268529e-02 
 2.327323e+01  1.147128e-02 
 2.327363e+01  1.025875e-02 
 2.327402e+01  9.033239e-03 
 2.327442e+01  7.820679e-03 
 2.327482e+01  6.629947e-03 
 2.327522e+01  5.445788e-03 
 2.327561e+01  4.267795e-03 
 2.327601e+01  3.118575e-03 
 2.327641e+01  1.958139e-03 
 2.327681e+01  8.158282e-04 
 2.327720e+01 -3.016326e-04 
 2.327760e+01 -1.410796e-03 
 2.327800e+01 -2.502629e-03 
 2.327840e+01 -3.583218e-03 
 2.327880e+01 -4.657472e-03 
 2.327919e+01 -5.720625e-03 
 2.327959e+01 -6.757569e-03 
 2.327999e+01 -7.773893e-03 
 2.328039e+01 -8.794764e-03 
 2.328078e+01 -9.784382e-03 
 2.328118e+01 -1.075944e-02 
 2.328158e+01 -1.171165e-02 
 2.328198e+01 -1.264481e-02 
 2.328237e+01 -1.354194e-02 
 2.328277e+01 -1.443188e-02 
 2.328317e+01 -1.530124e-02 
 2.328357e+01 -1.614398e-02 
 2.328397e+01 -1.695982e-02 
 2.328436e+01 -1.776166e-02 
 2.328476e+01 -1.852800e-02 
 2.328516e+01 -1.927798e-02 
 2.328556e+01 -2.000328e-02 
 2.328595e+01 -2.072057e-02 
 2.328635e+01 -2.140133e-02 
 2.328675e+01 -2.206573e-02 
 2.328715e+01 -2.270254e-02 
 2.328754e+01 -2.330765e-02 
 2.328794e+01 -2.389431e-02 
 2.328834e+01 -2.445574e-02 
 2.328874e+01 -2.498796e-02 
 2.328914e+01 -2.550795e-02 
 2.328953e+01 -2.598624e-02 
 2.328993e+01 -2.644910e-02 
 2.329033e+01 -2.688163e-02 
 2.329073e+01 -2.729582e-02 
 2.329112e+01 -2.768263e-02 
 2.329152e+01 -2.803576e-02 
 2.329192e+01 -2.835183e-02 
 2.329232e+01 -2.864531e-02 
 2.329271e+01 -2.890936e-02 
 2.329311e+01 -2.914604e-02 
 2.329351e+01 -2.934141e-02 
 2.329391e+01 -2.952099e-02 
 2.329431e+01 -2.966458e-02 
 2.329470e+01 -2.977470e-02 
 2.329510e+01 -2.986466e-02 
 2.329550e+01 -2.991741e-02 
 2.329590e+01 -2.995026e-02 
 2.329629e+01 -2.994165e-02 
 2.329669e+01 -2.990048e-02 
 2.329709e+01 -2.981360e-02 
 2.329749e+01 -2.970724e-02 
 2.329788e+01 -2.957005e-02 
 2.329828e+01 -2.939845e-02 
 2.329868e+01 -2.919211e-02 
 2.329908e+01 -2.895846e-02 
 2.329948e+01 -2.868371e-02 
 2.329987e+01 -2.837626e-02 
 2.330027e+01 -2.804274e-02 
 2.330067e+01 -2.767027e-02 
 2.330107e+01 -2.725508e-02 
 2.330146e+01 -2.680609e-02 
 2.330186e+01 -2.631901e-02 
 2.330226e+01 -2.580436e-02 
 2.330266e+01 -2.525601e-02 
 2.330305e+01 -2.467262e-02 
 2.330345e+01 -2.404842e-02 
 2.330385e+01 -2.338930e-02 
 2.330425e+01 -2.269600e-02 
 2.330465e+01 -2.198085e-02 
 2.330504e+01 -2.123896e-02 
 2.330544e+01 -2.047572e-02 
 2.330584e+01 -1.967666e-02 
 2.330624e+01 -1.886029e-02 
 2.330663e+01 -1.802536e-02 
 2.330703e+01 -1.717048e-02 
 2.330743e+01 -1.628823e-02 
 2.330783e+01 -1.538908e-02 
 2.330822e+01 -1.446682e-02 
 2.330862e+01 -1.350518e-02 
 2.330902e+01 -1.252203e-02 
 2.330942e+01 -1.154337e-02 
 2.330982e+01 -1.054503e-02 
 2.331021e+01 -9.525000e-03 
 2.331061e+01 -8.491729e-03 
 2.331101e+01 -7.452742e-03 
 2.331141e+01 -6.389069e-03 
 2.331180e+01 -5.323923e-03 
 2.331220e+01 -4.247428e-03 
 2.331260e+01 -3.140800e-03 
 2.331300e+01 -2.030625e-03 
 2.331339e+01 -8.985373e-04 
 2.331379e+01  2.571147e-04 
 2.331419e+01  1.405597e-03 
 2.331459e+01  2.553599e-03 
 2.331499e+01  3.699543e-03 
 2.331538e+01  4.868351e-03 
 2.331578e+01  6.029508e-03 
 2.331618e+01  7.200667e-03 
 2.331658e+01  8.379554e-03 
 2.331697e+01  9.546965e-03 
 2.331737e+01  1.073069e-02 
 2.331777e+01  1.193044e-02 
 2.331817e+01  1.313396e-02 
 2.331856e+01  1.433761e-02 
 2.331896e+01  1.555017e-02 
 2.331936e+01  1.675141e-02 
 2.331976e+01  1.794497e-02 
 2.332016e+01  1.915358e-02 
 2.332055e+01  2.036934e-02 
 2.332095e+01  2.157080e-02 
 2.332135e+01  2.276278e-02 
 2.332175e+01  2.396168e-02 
 2.332214e+01  2.515091e-02 
 2.332254e+01  2.634983e-02 
 2.332294e+01  2.757505e-02 
 2.332334e+01  2.878323e-02 
 2.332374e+01  2.998830e-02 
 2.332413e+01  3.117782e-02 
 2.332453e+01  3.236018e-02 
 2.332493e+01  3.352963e-02 
 2.332533e+01  3.469393e-02 
 2.332572e+01  3.585501e-02 
 2.332612e+01  3.697934e-02 
 2.332652e+01  3.810373e-02 
 2.332692e+01  3.921517e-02 
 2.332731e+01  4.032339e-02 
 2.332771e+01  4.143800e-02 
 2.332811e+01  4.253122e-02 
 2.332851e+01  4.361127e-02 
 2.332891e+01  4.466205e-02 
 2.332930e+01  4.570807e-02 
 2.332970e+01  4.674788e-02 
 2.333010e+01  4.776224e-02 
 2.333050e+01  4.875534e-02 
 2.333089e+01  4.973324e-02 
 2.333129e+01  5.069675e-02 
 2.333169e+01  5.164765e-02 
 2.333209e+01  5.257472e-02 
 2.333248e+01  5.351676e-02 
 2.333288e+01  5.442317e-02 
 2.333328e+01  5.529741e-02 
 2.333368e+01  5.614119e-02 
 2.333408e+01  5.695527e-02 
 2.333447e+01  5.773040e-02 
 2.333487e+01  5.848809e-02 
 2.333527e+01  5.922272e-02 
 2.333567e+01  5.991972e-02 
 2.333606e+01  6.060125e-02 
 2.333646e+01  6.125985e-02 
 2.333686e+01  6.188414e-02 
 2.333726e+01  6.249416e-02 
 2.333765e+01  6.308176e-02 
 2.333805e+01  6.362920e-02 
 2.333845e+01  6.412671e-02 
 2.333885e+01  6.460941e-02 
 2.333925e+01  6.505406e-02 
 2.333964e+01  6.546217e-02 
 2.334004e+01  6.584319e-02 
 2.334044e+01  6.619750e-02 
 2.334084e+01  6.650260e-02 
 2.334123e+01  6.678319e-02 
 2.334163e+01  6.704234e-02 
 2.334203e+01  6.727608e-02 
 2.334243e+01  6.746529e-02 
 2.334282e+01  6.763208e-02 
 2.334322e+01  6.774763e-02 
 2.334362e+01  6.781759e-02 
 2.334402e+01  6.785825e-02 
 2.334442e+01  6.787868e-02 
 2.334481e+01  6.786241e-02 
 2.334521e+01  6.781123e-02 
 2.334561e+01  6.772872e-02 
 2.334601e+01  6.759388e-02 
 2.334640e+01  6.743878e-02 
 2.334680e+01  6.726582e-02 
 2.334720e+01  6.705213e-02 
 2.334760e+01  6.679125e-02 
 2.334799e+01  6.651454e-02 
 2.334839e+01  6.620015e-02 
 2.334879e+01  6.584569e-02 
 2.334919e+01  6.548405e-02 
 2.334959e+01  6.509210e-02 
 2.334998e+01  6.466183e-02 
 2.335038e+01  6.418467e-02 
 2.335078e+01  6.370471e-02 
 2.335118e+01  6.318597e-02 
 2.335157e+01  6.266013e-02 
 2.335197e+01  6.211377e-02 
 2.335237e+01  6.153272e-02 
 2.335277e+01  6.091517e-02 
 2.335316e+01  6.026828e-02 
 2.335356e+01  5.960932e-02 
 2.335396e+01  5.891685e-02 
 2.335436e+01  5.820673e-02 
 2.335476e+01  5.747717e-02 
 2.335515e+01  5.672106e-02 
 2.335555e+01  5.593473e-02 
 2.335595e+01  5.514919e-02 
 2.335635e+01  5.433556e-02 
 2.335674e+01  5.351094e-02 
 2.335714e+01  5.266285e-02 
 2.335754e+01  5.179956e-02 
 2.335794e+01  5.090666e-02 
 2.335833e+01  5.000704e-02 
 2.335873e+01  4.909676e-02 
 2.335913e+01  4.815315e-02 
 2.335953e+01  4.720790e-02 
 2.335993e+01  4.623956e-02 
 2.336032e+01  4.525533e-02 
 2.336072e+01  4.425907e-02 
 2.336112e+01  4.324652e-02 
 2.336152e+01  4.222587e-02 
 2.336191e+01  4.117937e-02 
 2.336231e+01  4.011244e-02 
 2.336271e+01  3.902373e-02 
 2.336311e+01  3.791217e-02 
 2.336350e+01  3.679597e-02 
 2.336390e+01  3.567142e-02 
 2.336430e+01  3.453264e-02 
 2.336470e+01  3.338231e-02 
 2.336510e+01  3.221098e-02 
 2.336549e+01  3.103628e-02 
 2.336589e+01  2.984213e-02 
 2.336629e+01  2.863236e-02 
 2.336669e+01  2.741403e-02 
 2.336708e+01  2.618363e-02 
 2.336748e+01  2.493884e-02 
 2.336788e+01  2.368204e-02 
 2.336828e+01  2.242982e-02 
 2.336867e+01  2.117512e-02 
 2.336907e+01  1.990875e-02 
 2.336947e+01  1.864373e-02 
 2.336987e+01  1.736118e-02 
 2.337027e+01  1.609730e-02 
 2.337066e+01  1.483282e-02 
 2.337106e+01  1.356651e-02 
 2.337146e+01  1.229694e-02 
 2.337186e+01  1.103488e-02 
 2.337225e+01  9.757805e-03 
 2.337265e+01  8.482731e-03 
 2.337305e+01  7.235220e-03 
 2.337345e+01  5.998032e-03 
 2.337384e+01  4.752276e-03 
 2.337424e+01  3.529417e-03 
 2.337464e+01  2.314252e-03 
 2.337504e+01  1.114179e-03 
 2.337544e+01 -7.338671e-05 
 2.337583e+01 -1.233301e-03 
 2.337623e+01 -2.387142e-03 
 2.337663e+01 -3.535011e-03 
 2.337703e+01 -4.648151e-03 
 2.337742e+01 -5.745549e-03 
 2.337782e+01 -6.818912e-03 
 2.337822e+01 -7.870525e-03 
 2.337862e+01 -8.904158e-03 
 2.337901e+01 -9.924380e-03 
 2.337941e+01 -1.091735e-02 
 2.337981e+01 -1.187654e-02 
 2.338021e+01 -1.281852e-02 
 2.338061e+01 -1.373813e-02 
 2.338100e+01 -1.462328e-02 
 2.338140e+01 -1.550558e-02 
 2.338180e+01 -1.636977e-02 
 2.338220e+01 -1.720140e-02 
 2.338259e+01 -1.799987e-02 
 2.338299e+01 -1.878280e-02 
 2.338339e+01 -1.954235e-02 
 2.338379e+01 -2.026481e-02 
 2.338418e+01 -2.097481e-02 
 2.338458e+01 -2.165626e-02 
 2.338498e+01 -2.229623e-02 
 2.338538e+01 -2.292040e-02 
 2.338578e+01 -2.351545e-02 
 2.338617e+01 -2.409195e-02 
 2.338657e+01 -2.463587e-02 
 2.338697e+01 -2.514962e-02 
 2.338737e+01 -2.563600e-02 
 2.338776e+01 -2.607946e-02 
 2.338816e+01 -2.651360e-02 
 2.338856e+01 -2.691420e-02 
 2.338896e+01 -2.728433e-02 
 2.338935e+01 -2.762306e-02 
 2.338975e+01 -2.792803e-02 
 2.339015e+01 -2.820876e-02 
 2.339055e+01 -2.846273e-02 
 2.339095e+01 -2.869329e-02 
 2.339134e+01 -2.889803e-02 
 2.339174e+01 -2.906988e-02 
 2.339214e+01 -2.920114e-02 
 2.339254e+01 -2.931101e-02 
 2.339293e+01 -2.938218e-02 
 2.339333e+01 -2.943401e-02 
 2.339373e+01 -2.945844e-02 
 2.339413e+01 -2.946420e-02 
 2.339452e+01 -2.943429e-02 
 2.339492e+01 -2.937999e-02 
 2.339532e+01 -2.930728e-02 
 2.339572e+01 -2.920932e-02 
 2.339612e+01 -2.907698e-02 
 2.339651e+01 -2.890693e-02 
 2.339691e+01 -2.870266e-02 
 2.339731e+01 -2.847070e-02 
 2.339771e+01 -2.820444e-02 
 2.339810e+01 -2.791497e-02 
 2.339850e+01 -2.760472e-02 
 2.339890e+01 -2.725620e-02 
 2.339930e+01 -2.687150e-02 
 2.339969e+01 -2.646862e-02 
 2.340009e+01 -2.603841e-02 
 2.340049e+01 -2.557376e-02 
 2.340089e+01 -2.509429e-02 
 2.340129e+01 -2.458031e-02 
 2.340168e+01 -2.403436e-02 
 2.340208e+01 -2.345859e-02 
 2.340248e+01 -2.286627e-02 
 2.340288e+01 -2.224422e-02 
 2.340327e+01 -2.158554e-02 
 2.340367e+01 -2.090392e-02 
 2.340407e+01 -2.018810e-02 
 2.340447e+01 -1.944437e-02 
 2.340486e+01 -1.867093e-02 
 2.340526e+01 -1.787407e-02 
 2.340566e+01 -1.704231e-02 
 2.340606e+01 -1.616858e-02 
 2.340646e+01 -1.527480e-02 
 2.340685e+01 -1.435321e-02 
 2.340725e+01 -1.340855e-02 
 2.340765e+01 -1.243838e-02 
 2.340805e+01 -1.144836e-02 
 2.340844e+01 -1.042632e-02 
 2.340884e+01 -9.372667e-03 
 2.340924e+01 -8.312101e-03 
 2.340964e+01 -7.232130e-03 
 2.341003e+01 -6.122635e-03 
 2.341043e+01 -5.013752e-03 
 2.341083e+01 -3.883343e-03 
 2.341123e+01 -2.734908e-03 
 2.341163e+01 -1.566659e-03 
 2.341202e+01 -3.882036e-04 
 2.341242e+01  8.028207e-04 
 2.341282e+01  2.008299e-03 
 2.341322e+01  3.210492e-03 
 2.341361e+01  4.432364e-03 
 2.341401e+01  5.655769e-03 
 2.341441e+01  6.873021e-03 
 2.341481e+01  8.100301e-03 
 2.341521e+01  9.328088e-03 
 2.341560e+01  1.056806e-02 
 2.341600e+01  1.181753e-02 
 2.341640e+01  1.306466e-02 
 2.341680e+01  1.431819e-02 
 2.341719e+01  1.556037e-02 
 2.341759e+01  1.679761e-02 
 2.341799e+01  1.803311e-02 
 2.341839e+01  1.927885e-02 
 2.341878e+01  2.051405e-02 
 2.341918e+01  2.174453e-02 
 2.341958e+01  2.296308e-02 
 2.341998e+01  2.416938e-02 
 2.342038e+01  2.537575e-02 
 2.342077e+01  2.658121e-02 
 2.342117e+01  2.778869e-02 
 2.342157e+01  2.898319e-02 
 2.342197e+01  3.015638e-02 
 2.342236e+01  3.130774e-02 
 2.342276e+01  3.246016e-02 
 2.342316e+01  3.360268e-02 
 2.342356e+01  3.472969e-02 
 2.342395e+01  3.584554e-02 
 2.342435e+01  3.695846e-02 
 2.342475e+01  3.804105e-02 
 2.342515e+01  3.915024e-02 
 2.342555e+01  4.025304e-02 
 2.342594e+01  4.134311e-02 
 2.342634e+01  4.239601e-02 
 2.342674e+01  4.343995e-02 
 2.342714e+01  4.446986e-02 
 2.342753e+01  4.547756e-02 
 2.342793e+01  4.648882e-02 
 2.342833e+01  4.748160e-02 
 2.342873e+01  4.844822e-02 
 2.342912e+01  4.939854e-02 
 2.342952e+01  5.032996e-02 
 2.342992e+01  5.124254e-02 
 2.343032e+01  5.214920e-02 
 2.343072e+01  5.304216e-02 
 2.343111e+01  5.389711e-02 
 2.343151e+01  5.472791e-02 
 2.343191e+01  5.553655e-02 
 2.343231e+01  5.632745e-02 
 2.343270e+01  5.710291e-02 
 2.343310e+01  5.785619e-02 
 2.343350e+01  5.858411e-02 
 2.343390e+01  5.928158e-02 
 2.343429e+01  5.995729e-02 
 2.343469e+01  6.062617e-02 
 2.343509e+01  6.127106e-02 
 2.343549e+01  6.188079e-02 
 2.343589e+01  6.246783e-02 
 2.343628e+01  6.302206e-02 
 2.343668e+01  6.353161e-02 
 2.343708e+01  6.403811e-02 
 2.343748e+01  6.451798e-02 
 2.343787e+01  6.496445e-02 
 2.343827e+01  6.537870e-02 
 2.343867e+01  6.576347e-02 
 2.343907e+01  6.610949e-02 
 2.343946e+01  6.643887e-02 
 2.343986e+01  6.673903e-02 
 2.344026e+01  6.701464e-02 
 2.344066e+01  6.724968e-02 
 2.344106e+01  6.744634e-02 
 2.344145e+01  6.759560e-02 
 2.344185e+01  6.771358e-02 
 2.344225e+01  6.780582e-02 
 2.344265e+01  6.787241e-02 
 2.344304e+01  6.790165e-02 
 2.344344e+01  6.788921e-02 
 2.344384e+01  6.785997e-02 
 2.344424e+01  6.780211e-02 
 2.344463e+01  6.771707e-02 
 2.344503e+01  6.759971e-02 
 2.344543e+01  6.744066e-02 
 2.344583e+01  6.722977e-02 
 2.344623e+01  6.698416e-02 
 2.344662e+01  6.670282e-02 
 2.344702e+01  6.638904e-02 
 2.344742e+01  6.604665e-02 
 2.344782e+01  6.568464e-02 
 2.344821e+01  6.528075e-02 
 2.344861e+01  6.483296e-02 
 2.344901e+01  6.437574e-02 
 2.344941e+01  6.388655e-02 
 2.344980e+01  6.336112e-02 
 2.345020e+01  6.279343e-02 
 2.345060e+01  6.219160e-02 
 2.345100e+01  6.154518e-02 
 2.345140e+01  6.087527e-02 
 2.345179e+01  6.018683e-02 
 2.345219e+01  5.948235e-02 
 2.345259e+01  5.874295e-02 
 2.345299e+01  5.799235e-02 
 2.345338e+01  5.721028e-02 
 2.345378e+01  5.641613e-02 
 2.345418e+01  5.559388e-02 
 2.345458e+01  5.475456e-02 
 2.345497e+01  5.388666e-02 
 2.345537e+01  5.298054e-02 
 2.345577e+01  5.207105e-02 
 2.345617e+01  5.112345e-02 
 2.345657e+01  5.016128e-02 
 2.345696e+01  4.919293e-02 
 2.345736e+01  4.821371e-02 
 2.345776e+01  4.720996e-02 
 2.345816e+01  4.619255e-02 
 2.345855e+01  4.515958e-02 
 2.345895e+01  4.411554e-02 
 2.345935e+01  4.305860e-02 
 2.345975e+01  4.199970e-02 
 2.346014e+01  4.092011e-02 
 2.346054e+01  3.981368e-02 
 2.346094e+01  3.870443e-02 
 2.346134e+01  3.758969e-02 
 2.346174e+01  3.647003e-02 
 2.346213e+01  3.533505e-02 
 2.346253e+01  3.419576e-02 
 2.346293e+01  3.304075e-02 
 2.346333e+01  3.188200e-02 
 2.346372e+01  3.073059e-02 
 2.346412e+01  2.956233e-02 
 2.346452e+01  2.839578e-02 
 2.346492e+01  2.722303e-02 
 2.346531e+01  2.603729e-02 
 2.346571e+01  2.483773e-02 
 2.346611e+01  2.365406e-02 
 2.346651e+01  2.247028e-02 
 2.346691e+01  2.128079e-02 
 2.346730e+01  2.008234e-02 
 2.346770e+01  1.888119e-02 
 2.346810e+01  1.768254e-02 
 2.346850e+01  1.648041e-02 
 2.346889e+01  1.529147e-02 
 2.346929e+01  1.408588e-02 
 2.346969e+01  1.287191e-02 
 2.347009e+01  1.166371e-02 
 2.347048e+01  1.045184e-02 
 2.347088e+01  9.257162e-03 
 2.347128e+01  8.063005e-03 
 2.347168e+01  6.862366e-03 
 2.347208e+01  5.668642e-03 
 2.347247e+01  4.486653e-03 
 2.347287e+01  3.310308e-03 
 2.347327e+01  2.153146e-03 
 2.347367e+01  9.899813e-04 
 2.347406e+01 -1.673953e-04 
 2.347446e+01 -1.320867e-03 
 2.347486e+01 -2.462331e-03 
 2.347526e+01 -3.594667e-03 
 2.347565e+01 -4.705393e-03 
 2.347605e+01 -5.810147e-03 
 2.347645e+01 -6.904946e-03 
 2.347685e+01 -7.990722e-03 
 2.347725e+01 -9.054789e-03 
 2.347764e+01 -1.011880e-02 
 2.347804e+01 -1.115408e-02 
 2.347844e+01 -1.216795e-02 
 2.347884e+01 -1.316816e-02 
 2.347923e+01 -1.415881e-02 
 2.347963e+01 -1.511429e-02 
 2.348003e+01 -1.604032e-02 
 2.348043e+01 -1.694081e-02 
 2.348082e+01 -1.781002e-02 
 2.348122e+01 -1.865361e-02 
 2.348162e+01 -1.948284e-02 
 2.348202e+01 -2.027800e-02 
 2.348242e+01 -2.104123e-02 
 2.348281e+01 -2.177680e-02 
 2.348321e+01 -2.248148e-02 
 2.348361e+01 -2.315258e-02 
 2.348401e+01 -2.379296e-02 
 2.348440e+01 -2.440387e-02 
 2.348480e+01 -2.497666e-02 
 2.348520e+01 -2.551059e-02 
 2.348560e+01 -2.600605e-02 
 2.348599e+01 -2.647372e-02 
 2.348639e+01 -2.692071e-02 
 2.348679e+01 -2.733748e-02 
 2.348719e+01 -2.771350e-02 
 2.348759e+01 -2.805478e-02 
 2.348798e+01 -2.836935e-02 
 2.348838e+01 -2.863657e-02 
 2.348878e+01 -2.888032e-02 
 2.348918e+01 -2.910174e-02 
 2.348957e+01 -2.928658e-02 
 2.348997e+01 -2.942733e-02 
 2.349037e+01 -2.954333e-02 
 2.349077e+01 -2.963661e-02 
 2.349116e+01 -2.969451e-02 
 2.349156e+01 -2.973474e-02 
 2.349196e+01 -2.973377e-02 
 2.349236e+01 -2.969432e-02 
 2.349276e+01 -2.963490e-02 
 2.349315e+01 -2.954313e-02 
 2.349355e+01 -2.940783e-02 
 2.349395e+01 -2.925921e-02 
 2.349435e+01 -2.907642e-02 
 2.349474e+01 -2.884776e-02 
 2.349514e+01 -2.859760e-02 
 2.349554e+01 -2.833194e-02 
 2.349594e+01 -2.804177e-02 
 2.349633e+01 -2.772513e-02 
 2.349673e+01 -2.738694e-02 
 2.349713e+01 -2.702120e-02 
 2.349753e+01 -2.662027e-02 
 2.349793e+01 -2.620098e-02 
 2.349832e+01 -2.575912e-02 
 2.349872e+01 -2.529390e-02 
 2.349912e+01 -2.477277e-02 
 2.349952e+01 -2.423415e-02 
 2.349991e+01 -2.367152e-02 
 2.350031e+01 -2.308893e-02 
 2.350071e+01 -2.247562e-02 
 2.350111e+01 -2.184301e-02 
 2.350150e+01 -2.118562e-02 
 2.350190e+01 -2.050474e-02 
 2.350230e+01 -1.979668e-02 
 2.350270e+01 -1.907067e-02 
 2.350310e+01 -1.832068e-02 
 2.350349e+01 -1.753757e-02 
 2.350389e+01 -1.672530e-02 
 2.350429e+01 -1.588823e-02 
 2.350469e+01 -1.503523e-02 
 2.350508e+01 -1.416182e-02 
 2.350548e+01 -1.327052e-02 
 2.350588e+01 -1.237106e-02 
 2.350628e+01 -1.144886e-02 
 2.350668e+01 -1.050380e-02 
 2.350707e+01 -9.545274e-03 
 2.350747e+01 -8.569330e-03 
 2.350787e+01 -7.576003e-03 
 2.350827e+01 -6.561498e-03 
 2.350866e+01 -5.526143e-03 
 2.350906e+01 -4.460565e-03 
 2.350946e+01 -3.380075e-03 
 2.350986e+01 -2.286458e-03 
 2.351025e+01 -1.180799e-03 
 2.351065e+01 -6.206445e-05 
 2.351105e+01  1.075143e-03 
 2.351145e+01  2.220831e-03 
 2.351185e+01  3.398369e-03 
 2.351224e+01  4.582227e-03 
 2.351264e+01  5.778401e-03 
 2.351304e+01  6.995202e-03 
 2.351344e+01  8.237103e-03 
 2.351383e+01  9.481616e-03 
 2.351423e+01  1.074825e-02 
 2.351463e+01  1.201690e-02 
 2.351503e+01  1.327653e-02 
 2.351542e+01  1.453437e-02 
 2.351582e+01  1.580809e-02 
 2.351622e+01  1.708522e-02 
 2.351662e+01  1.836715e-02 
 2.351702e+01  1.964902e-02 
 2.351741e+01  2.092646e-02 
 2.351781e+01  2.219844e-02 
 2.351821e+01  2.348430e-02 
 2.351861e+01  2.477469e-02 
 2.351900e+01  2.605723e-02 
 2.351940e+01  2.732320e-02 
 2.351980e+01  2.857571e-02 
 2.352020e+01  2.982768e-02 
 2.352059e+01  3.105981e-02 
 2.352099e+01  3.228749e-02 
 2.352139e+01  3.351601e-02 
 2.352179e+01  3.471838e-02 
 2.352219e+01  3.590460e-02 
 2.352258e+01  3.708529e-02 
 2.352298e+01  3.825419e-02 
 2.352338e+01  3.940490e-02 
 2.352378e+01  4.052980e-02 
 2.352417e+01  4.164172e-02 
 2.352457e+01  4.270580e-02 
 2.352497e+01  4.375613e-02 
 2.352537e+01  4.479063e-02 
 2.352576e+01  4.580914e-02 
 2.352616e+01  4.679812e-02 
 2.352656e+01  4.777156e-02 
 2.352696e+01  4.871373e-02 
 2.352736e+01  4.963531e-02 
 2.352775e+01  5.055163e-02 
 2.352815e+01  5.144839e-02 
 2.352855e+01  5.232779e-02 
 2.352895e+01  5.318542e-02 
 2.352934e+01  5.401306e-02 
 2.352974e+01  5.480538e-02 
 2.353014e+01  5.558415e-02 
 2.353054e+01  5.633770e-02 
 2.353093e+01  5.706544e-02 
 2.353133e+01  5.778089e-02 
 2.353173e+01  5.846302e-02 
 2.353213e+01  5.913527e-02 
 2.353253e+01  5.978709e-02 
 2.353292e+01  6.042714e-02 
 2.353332e+01  6.104000e-02 
 2.353372e+01  6.162323e-02 
 2.353412e+01  6.217949e-02 
 2.353451e+01  6.270091e-02 
 2.353491e+01  6.318618e-02 
 2.353531e+01  6.367003e-02 
 2.353571e+01  6.411215e-02 
 2.353610e+01  6.452651e-02 
 2.353650e+01  6.491173e-02 
 2.353690e+01  6.527210e-02 
 2.353730e+01  6.560806e-02 
 2.353770e+01  6.592356e-02 
 2.353809e+01  6.622465e-02 
 2.353849e+01  6.648360e-02 
 2.353889e+01  6.671440e-02 
 2.353929e+01  6.690267e-02 
 2.353968e+01  6.705936e-02 
 2.354008e+01  6.719111e-02 
 2.354048e+01  6.730560e-02 
 2.354088e+01  6.738830e-02 
 2.354127e+01  6.743909e-02 
 2.354167e+01  6.745883e-02 
 2.354207e+01  6.744723e-02 
 2.354247e+01  6.742993e-02 
 2.354287e+01  6.737181e-02 
 2.354326e+01  6.727253e-02 
 2.354366e+01  6.714251e-02 
 2.354406e+01  6.696984e-02 
 2.354446e+01  6.676502e-02 
 2.354485e+01  6.654236e-02 
 2.354525e+01  6.629095e-02 
 2.354565e+01  6.599861e-02 
 2.354605e+01  6.565846e-02 
 2.354644e+01  6.530578e-02 
 2.354684e+01  6.492008e-02 
 2.354724e+01  6.450805e-02 
 2.354764e+01  6.408732e-02 
 2.354804e+01  6.362356e-02 
 2.354843e+01  6.311749e-02 
 2.354883e+01  6.258406e-02 
 2.354923e+01  6.202792e-02 
 2.354963e+01  6.143435e-02 
 2.355002e+01  6.081242e-02 
 2.355042e+01  6.015963e-02 
 2.355082e+01  5.946837e-02 
 2.355122e+01  5.874540e-02 
 2.355161e+01  5.799853e-02 
 2.355201e+01  5.721991e-02 
 2.355241e+01  5.641484e-02 
 2.355281e+01  5.558305e-02 
 2.355321e+01  5.472115e-02 
 2.355360e+01  5.381925e-02 
 2.355400e+01  5.290529e-02 
 2.355440e+01  5.196517e-02 
 2.355480e+01  5.099962e-02 
 2.355519e+01  5.000606e-02 
 2.355559e+01  4.899339e-02 
 2.355599e+01  4.795553e-02 
 2.355639e+01  4.690721e-02 
 2.355678e+01  4.583511e-02 
 2.355718e+01  4.475532e-02 
 2.355758e+01  4.365939e-02 
 2.355798e+01  4.255130e-02 
 2.355838e+01  4.140480e-02 
 2.355877e+01  4.025680e-02 
 2.355917e+01  3.909372e-02 
 2.355957e+01  3.792912e-02 
 2.355997e+01  3.675368e-02 
 2.356036e+01  3.557639e-02 
 2.356076e+01  3.438565e-02 
 2.356116e+01  3.320000e-02 
 2.356156e+01  3.200038e-02 
 2.356195e+01  3.081151e-02 
 2.356235e+01  2.960261e-02 
 2.356275e+01  2.839174e-02 
 2.356315e+01  2.717212e-02 
 2.356355e+01  2.595103e-02 
 2.356394e+01  2.473117e-02 
 2.356434e+01  2.352186e-02 
 2.356474e+01  2.231502e-02 
 2.356514e+01  2.109821e-02 
 2.356553e+01  1.987918e-02 
 2.356593e+01  1.867102e-02 
 2.356633e+01  1.746273e-02 
 2.356673e+01  1.625613e-02 
 2.356712e+01  1.505719e-02 
 2.356752e+01  1.385711e-02 
 2.356792e+01  1.266148e-02 
 2.356832e+01  1.147472e-02 
 2.356872e+01  1.030284e-02 
 2.356911e+01  9.137989e-03 
 2.356951e+01  7.978636e-03 
 2.356991e+01  6.826142e-03 
 2.357031e+01  5.666821e-03 
 2.357070e+01  4.513155e-03 
 2.357110e+01  3.369378e-03 
 2.357150e+01  2.240216e-03 
 2.357190e+01  1.105980e-03 
 2.357229e+01 -1.499541e-05 
 2.357269e+01 -1.128876e-03 
 2.357309e+01 -2.217479e-03 
 2.357349e+01 -3.287798e-03 
 2.357389e+01 -4.360530e-03 
 2.357428e+01 -5.405381e-03 
 2.357468e+01 -6.455140e-03 
 2.357508e+01 -7.500364e-03 
 2.357548e+01 -8.528452e-03 
 2.357587e+01 -9.547831e-03 
 2.357627e+01 -1.053750e-02 
 2.357667e+01 -1.151497e-02 
 2.357707e+01 -1.246623e-02 
 2.357746e+01 -1.340606e-02 
 2.357786e+01 -1.432850e-02 
 2.357826e+01 -1.522066e-02 
 2.357866e+01 -1.609877e-02 
 2.357906e+01 -1.696290e-02 
 2.357945e+01 -1.780403e-02 
 2.357985e+01 -1.862644e-02 
 2.358025e+01 -1.942736e-02 
 2.358065e+01 -2.020894e-02 
 2.358104e+01 -2.096367e-02 
 2.358144e+01 -2.170053e-02 
 2.358184e+01 -2.240615e-02 
 2.358224e+01 -2.308981e-02 
 2.358263e+01 -2.373936e-02 
 2.358303e+01 -2.436630e-02 
 2.358343e+01 -2.495470e-02 
 2.358383e+01 -2.552573e-02 
 2.358423e+01 -2.606955e-02 
 2.358462e+01 -2.658782e-02 
 2.358502e+01 -2.708457e-02 
 2.358542e+01 -2.754107e-02 
 2.358582e+01 -2.796747e-02 
 2.358621e+01 -2.835916e-02 
 2.358661e+01 -2.871410e-02 
 2.358701e+01 -2.902914e-02 
 2.358741e+01 -2.931643e-02 
 2.358780e+01 -2.956170e-02 
 2.358820e+01 -2.977010e-02 
 2.358860e+01 -2.992589e-02 
 2.358900e+01 -3.007423e-02 
 2.358940e+01 -3.016949e-02 
 2.358979e+01 -3.024088e-02 
 2.359019e+01 -3.027350e-02 
 2.359059e+01 -3.027317e-02 
 2.359099e+01 -3.023633e-02 
 2.359138e+01 -3.018212e-02 
 2.359178e+01 -3.007829e-02 
 2.359218e+01 -2.993130e-02 
 2.359258e+01 -2.974342e-02 
 2.359297e+01 -2.952903e-02 
 2.359337e+01 -2.927610e-02 
 2.359377e+01 -2.900576e-02 
 2.359417e+01 -2.870996e-02 
 2.359457e+01 -2.837297e-02 
 2.359496e+01 -2.800523e-02 
 2.359536e+01 -2.759028e-02 
 2.359576e+01 -2.714937e-02 
 2.359616e+01 -2.668570e-02 
 2.359655e+01 -2.618934e-02 
 2.359695e+01 -2.564963e-02 
 2.359735e+01 -2.508092e-02 
 2.359775e+01 -2.449816e-02 
 2.359815e+01 -2.388282e-02 
 2.359854e+01 -2.325300e-02 
 2.359894e+01 -2.260466e-02 
 2.359934e+01 -2.193273e-02 
 2.359974e+01 -2.121725e-02 
 2.360013e+01 -2.050090e-02 
 2.360053e+01 -1.975877e-02 
 2.360093e+01 -1.898433e-02 
 2.360133e+01 -1.820300e-02 
 2.360172e+01 -1.738976e-02 
 2.360212e+01 -1.654779e-02 
 2.360252e+01 -1.569175e-02 
 2.360292e+01 -1.483338e-02 
 2.360332e+01 -1.396513e-02 
 2.360371e+01 -1.307934e-02 
 2.360411e+01 -1.218158e-02 
 2.360451e+01 -1.125158e-02 
 2.360491e+01 -1.029957e-02 
 2.360530e+01 -9.337442e-03 
 2.360570e+01 -8.355422e-03 
 2.360610e+01 -7.354567e-03 
 2.360650e+01 -6.347759e-03 
 2.360689e+01 -5.316308e-03 
 2.360729e+01 -4.261099e-03 
 2.360769e+01 -3.205732e-03 
 2.360809e+01 -2.139946e-03 
 2.360849e+01 -1.061277e-03 
 2.360888e+01  3.996606e-05 
 2.360928e+01  1.150821e-03 
 2.360968e+01  2.281805e-03 
 2.361008e+01  3.410775e-03 
 2.361047e+01  4.556623e-03 
 2.361087e+01  5.714749e-03 
 2.361127e+01  6.879941e-03 
 2.361167e+01  8.062039e-03 
 2.361206e+01  9.255769e-03 
 2.361246e+01  1.045215e-02 
 2.361286e+01  1.163571e-02 
 2.361326e+01  1.282611e-02 
 2.361366e+01  1.402356e-02 
 2.361405e+01  1.523291e-02 
 2.361445e+01  1.645529e-02 
 2.361485e+01  1.768555e-02 
 2.361525e+01  1.891154e-02 
 2.361564e+01  2.015463e-02 
 2.361604e+01  2.140364e-02 
 2.361644e+01  2.266687e-02 
 2.361684e+01  2.392283e-02 
 2.361723e+01  2.517989e-02 
 2.361763e+01  2.643667e-02 
 2.361803e+01  2.766798e-02 
 2.361843e+01  2.890676e-02 
 2.361883e+01  3.013311e-02 
 2.361922e+01  3.136466e-02 
 2.361962e+01  3.258309e-02 
 2.362002e+01  3.378890e-02 
 2.362042e+01  3.499553e-02 
 2.362081e+01  3.620594e-02 
 2.362121e+01  3.740403e-02 
 2.362161e+01  3.858905e-02 
 2.362201e+01  3.975856e-02 
 2.362240e+01  4.090604e-02 
 2.362280e+01  4.202641e-02 
 2.362320e+01  4.313985e-02 
 2.362360e+01  4.424268e-02 
 2.362400e+01  4.532873e-02 
 2.362439e+01  4.640304e-02 
 2.362479e+01  4.746060e-02 
 2.362519e+01  4.849891e-02 
 2.362559e+01  4.951098e-02 
 2.362598e+01  5.051306e-02 
 2.362638e+01  5.148034e-02 
 2.362678e+01  5.241210e-02 
 2.362718e+01  5.332250e-02 
 2.362757e+01  5.419554e-02 
 2.362797e+01  5.504934e-02 
 2.362837e+01  5.587121e-02 
 2.362877e+01  5.668045e-02 
 2.362917e+01  5.745446e-02 
 2.362956e+01  5.819943e-02 
 2.362996e+01  5.892527e-02 
 2.363036e+01  5.961231e-02 
 2.363076e+01  6.027464e-02 
 2.363115e+01  6.090557e-02 
 2.363155e+01  6.150665e-02 
 2.363195e+01  6.205554e-02 
 2.363235e+01  6.256921e-02 
 2.363274e+01  6.306818e-02 
 2.363314e+01  6.353753e-02 
 2.363354e+01  6.397938e-02 
 2.363394e+01  6.441210e-02 
 2.363434e+01  6.480532e-02 
 2.363473e+01  6.517019e-02 
 2.363513e+01  6.550081e-02 
 2.363553e+01  6.582134e-02 
 2.363593e+01  6.609936e-02 
 2.363632e+01  6.635120e-02 
 2.363672e+01  6.657856e-02 
 2.363712e+01  6.674719e-02 
 2.363752e+01  6.690490e-02 
 2.363791e+01  6.703659e-02 
 2.363831e+01  6.715294e-02 
 2.363871e+01  6.723892e-02 
 2.363911e+01  6.727788e-02 
 2.363951e+01  6.729106e-02 
 2.363990e+01  6.727781e-02 
 2.364030e+01  6.724953e-02 
 2.364070e+01  6.719026e-02 
 2.364110e+01  6.709633e-02 
 2.364149e+01  6.696619e-02 
 2.364189e+01  6.679574e-02 
 2.364229e+01  6.659868e-02 
 2.364269e+01  6.639111e-02 
 2.364308e+01  6.616355e-02 
 2.364348e+01  6.589707e-02 
 2.364388e+01  6.560025e-02 
 2.364428e+01  6.527781e-02 
 2.364468e+01  6.493166e-02 
 2.364507e+01  6.455894e-02 
 2.364547e+01  6.417095e-02 
 2.364587e+01  6.373335e-02 
 2.364627e+01  6.326756e-02 
 2.364666e+01  6.277084e-02 
 2.364706e+01  6.223921e-02 
 2.364746e+01  6.169146e-02 
 2.364786e+01  6.111819e-02 
 2.364825e+01  6.051600e-02 
 2.364865e+01  5.988861e-02 
 2.364905e+01  5.923361e-02 
 2.364945e+01  5.856041e-02 
 2.364985e+01  5.786428e-02 
 2.365024e+01  5.714786e-02 
 2.365064e+01  5.640361e-02 
 2.365104e+01  5.561455e-02 
 2.365144e+01  5.480956e-02 
 2.365183e+01  5.396920e-02 
 2.365223e+01  5.311826e-02 
 2.365263e+01  5.224619e-02 
 2.365303e+01  5.135431e-02 
 2.365342e+01  5.043218e-02 
 2.365382e+01  4.949981e-02 
 2.365422e+01  4.853931e-02 
 2.365462e+01  4.755531e-02 
 2.365502e+01  4.655429e-02 
 2.365541e+01  4.553912e-02 
 2.365581e+01  4.448311e-02 
 2.365621e+01  4.340237e-02 
 2.365661e+01  4.231669e-02 
 2.365700e+01  4.120413e-02 
 2.365740e+01  4.007937e-02 
 2.365780e+01  3.894435e-02 
 2.365820e+01  3.777533e-02 
 2.365859e+01  3.658685e-02 
 2.365899e+01  3.538864e-02 
 2.365939e+01  3.418312e-02 
 2.365979e+01  3.296112e-02 
 2.366019e+01  3.172681e-02 
 2.366058e+01  3.047622e-02 
 2.366098e+01  2.920922e-02 
 2.366138e+01  2.793608e-02 
 2.366178e+01  2.666593e-02 
 2.366217e+01  2.538913e-02 
 2.366257e+01  2.411550e-02 
 2.366297e+01  2.283481e-02 
 2.366337e+01  2.154752e-02 
 2.366376e+01  2.027428e-02 
 2.366416e+01  1.899470e-02 
 2.366456e+01  1.772189e-02 
 2.366496e+01  1.646257e-02 
 2.366536e+01  1.519733e-02 
 2.366575e+01  1.392131e-02 
 2.366615e+01  1.267237e-02 
 2.366655e+01  1.142421e-02 
 2.366695e+01  1.018275e-02 
 2.366734e+01  8.951259e-03 
 2.366774e+01  7.741965e-03 
 2.366814e+01  6.529583e-03 
 2.366854e+01  5.340319e-03 
 2.366893e+01  4.182738e-03 
 2.366933e+01  3.030777e-03 
 2.366973e+01  1.890262e-03 
 2.367013e+01  7.616296e-04 
 2.367053e+01 -3.463759e-04 
 2.367092e+01 -1.452882e-03 
 2.367132e+01 -2.541748e-03 
 2.367172e+01 -3.603524e-03 
 2.367212e+01 -4.650215e-03 
 2.367251e+01 -5.677931e-03 
 2.367291e+01 -6.679740e-03 
 2.367331e+01 -7.669213e-03 
 2.367371e+01 -8.657776e-03 
 2.367410e+01 -9.612579e-03 
 2.367450e+01 -1.055077e-02 
 2.367490e+01 -1.147733e-02 
 2.367530e+01 -1.239547e-02 
 2.367570e+01 -1.328440e-02 
 2.367609e+01 -1.417488e-02 
 2.367649e+01 -1.503203e-02 
 2.367689e+01 -1.587669e-02 
 2.367729e+01 -1.669144e-02 
 2.367768e+01 -1.750071e-02 
 2.367808e+01 -1.828322e-02 
 2.367848e+01 -1.903815e-02 
 2.367888e+01 -1.978882e-02 
 2.367927e+01 -2.050280e-02 
 2.367967e+01 -2.120475e-02 
 2.368007e+01 -2.188851e-02 
 2.368047e+01 -2.255137e-02 
 2.368087e+01 -2.318885e-02 
 2.368126e+01 -2.379139e-02 
 2.368166e+01 -2.437927e-02 
 2.368206e+01 -2.493788e-02 
 2.368246e+01 -2.547430e-02 
 2.368285e+01 -2.598573e-02 
 2.368325e+01 -2.646719e-02 
 2.368365e+01 -2.691014e-02 
 2.368405e+01 -2.731200e-02 
 2.368444e+01 -2.769433e-02 
 2.368484e+01 -2.803762e-02 
 2.368524e+01 -2.835762e-02 
 2.368564e+01 -2.864511e-02 
 2.368604e+01 -2.890435e-02 
 2.368643e+01 -2.914357e-02 
 2.368683e+01 -2.936445e-02 
 2.368723e+01 -2.956222e-02 
 2.368763e+01 -2.972775e-02 
 2.368802e+01 -2.984526e-02 
 2.368842e+01 -2.992469e-02 
 2.368882e+01 -2.997700e-02 
 2.368922e+01 -3.000411e-02 
 2.368962e+01 -2.997635e-02 
 2.369001e+01 -2.992252e-02 
 2.369041e+01 -2.983224e-02 
 2.369081e+01 -2.971369e-02 
 2.369121e+01 -2.957149e-02 
 2.369160e+01 -2.940211e-02 
 2.369200e+01 -2.921188e-02 
 2.369240e+01 -2.897606e-02 
 2.369280e+01 -2.869070e-02 
 2.369319e+01 -2.836842e-02 
 2.369359e+01 -2.801137e-02 
 2.369399e+01 -2.762705e-02 
 2.369439e+01 -2.720599e-02 
 2.369479e+01 -2.674500e-02 
 2.369518e+01 -2.626796e-02 
 2.369558e+01 -2.575157e-02 
 2.369598e+01 -2.522253e-02 
 2.369638e+01 -2.466468e-02 
 2.369677e+01 -2.407369e-02 
 2.369717e+01 -2.344035e-02 
 2.369757e+01 -2.277615e-02 
 2.369797e+01 -2.207370e-02 
 2.369836e+01 -2.134733e-02 
 2.369876e+01 -2.058120e-02 
 2.369916e+01 -1.979807e-02 
 2.369956e+01 -1.897901e-02 
 2.369996e+01 -1.813060e-02 
 2.370035e+01 -1.726739e-02 
 2.370075e+01 -1.638036e-02 
 2.370115e+01 -1.548290e-02 
 2.370155e+01 -1.455913e-02 
 2.370194e+01 -1.360900e-02 
 2.370234e+01 -1.263256e-02 
 2.370274e+01 -1.162877e-02 
 2.370314e+01 -1.059772e-02 
 2.370353e+01 -9.559756e-03 
 2.370393e+01 -8.498024e-03 
 2.370433e+01 -7.429894e-03 
 2.370473e+01 -6.341923e-03 
 2.370513e+01 -5.242722e-03 
 2.370552e+01 -4.146029e-03 
 2.370592e+01 -3.045086e-03 
 2.370632e+01 -1.950854e-03 
 2.370672e+01 -8.377779e-04 
 2.370711e+01  2.847214e-04 
 2.370751e+01  1.415609e-03 
 2.370791e+01  2.558083e-03 
 2.370831e+01  3.710017e-03 
 2.370870e+01  4.865239e-03 
 2.370910e+01  6.031784e-03 
 2.370950e+01  7.197752e-03 
 2.370990e+01  8.366188e-03 
 2.371030e+01  9.529142e-03 
 2.371069e+01  1.069804e-02 
 2.371109e+01  1.185217e-02 
 2.371149e+01  1.301227e-02 
 2.371189e+01  1.419970e-02 
 2.371228e+01  1.539426e-02 
 2.371268e+01  1.659188e-02 
 2.371308e+01  1.778400e-02 
 2.371348e+01  1.898539e-02 
 2.371387e+01  2.018303e-02 
 2.371427e+01  2.137656e-02 
 2.371467e+01  2.257065e-02 
 2.371507e+01  2.376206e-02 
 2.371547e+01  2.493637e-02 
 2.371586e+01  2.610015e-02 
 2.371626e+01  2.727492e-02 
 2.371666e+01  2.845483e-02 
 2.371706e+01  2.963013e-02 
 2.371745e+01  3.082082e-02 
 2.371785e+01  3.200083e-02 
 2.371825e+01  3.317305e-02 
 2.371865e+01  3.435053e-02 
 2.371904e+01  3.552493e-02 
 2.371944e+01  3.668077e-02 
 2.371984e+01  3.782557e-02 
 2.372024e+01  3.895969e-02 
 2.372064e+01  4.007429e-02 
 2.372103e+01  4.118475e-02 
 2.372143e+01  4.229587e-02 
 2.372183e+01  4.339316e-02 
 2.372223e+01  4.448737e-02 
 2.372262e+01  4.556226e-02 
 2.372302e+01  4.662792e-02 
 2.372342e+01  4.767133e-02 
 2.372382e+01  4.870684e-02 
 2.372421e+01  4.972994e-02 
 2.372461e+01  5.071359e-02 
 2.372501e+01  5.166782e-02 
 2.372541e+01  5.259833e-02 
 2.372581e+01  5.351033e-02 
 2.372620e+01  5.439462e-02 
 2.372660e+01  5.526440e-02 
 2.372700e+01  5.611062e-02 
 2.372740e+01  5.693264e-02 
 2.372779e+01  5.773153e-02 
 2.372819e+01  5.851155e-02 
 2.372859e+01  5.925761e-02 
 2.372899e+01  5.998636e-02 
 2.372938e+01  6.067705e-02 
 2.372978e+01  6.133121e-02 
 2.373018e+01  6.194057e-02 
 2.373058e+01  6.253087e-02 
 2.373098e+01  6.309595e-02 
 2.373137e+01  6.362392e-02 
 2.373177e+01  6.414479e-02 
 2.373217e+01  6.462034e-02 
 2.373257e+01  6.505940e-02 
 2.373296e+01  6.547777e-02 
 2.373336e+01  6.585434e-02 
 2.373376e+01  6.620039e-02 
 2.373416e+01  6.651175e-02 
 2.373455e+01  6.676979e-02 
 2.373495e+01  6.699006e-02 
 2.373535e+01  6.716753e-02 
 2.373575e+01  6.733322e-02 
 2.373615e+01  6.746952e-02 
 2.373654e+01  6.757734e-02 
 2.373694e+01  6.765254e-02 
 2.373734e+01  6.769290e-02 
 2.373774e+01  6.770881e-02 
 2.373813e+01  6.769334e-02 
 2.373853e+01  6.764831e-02 
 2.373893e+01  6.756955e-02 
 2.373933e+01  6.743832e-02 
 2.373972e+01  6.727740e-02 
 2.374012e+01  6.708864e-02 
 2.374052e+01  6.687136e-02 
 2.374092e+01  6.664537e-02 
 2.374132e+01  6.638969e-02 
 2.374171e+01  6.609749e-02 
 2.374211e+01  6.576861e-02 
 2.374251e+01  6.542344e-02 
 2.374291e+01  6.504334e-02 
 2.374330e+01  6.463054e-02 
 2.374370e+01  6.419484e-02 
 2.374410e+01  6.371478e-02 
 2.374450e+01  6.321870e-02 
 2.374489e+01  6.268979e-02 
 2.374529e+01  6.215138e-02 
 2.374569e+01  6.158066e-02 
 2.374609e+01  6.100228e-02 
 2.374649e+01  6.038855e-02 
 2.374688e+01  5.975159e-02 
 2.374728e+01  5.908984e-02 
 2.374768e+01  5.840909e-02 
 2.374808e+01  5.769932e-02 
 2.374847e+01  5.697016e-02 
 2.374887e+01  5.619843e-02 
 2.374927e+01  5.541030e-02 
 2.374967e+01  5.459551e-02 
 2.375006e+01  5.376573e-02 
 2.375046e+01  5.292822e-02 
 2.375086e+01  5.206224e-02 
 2.375126e+01  5.118665e-02 
 2.375166e+01  5.028070e-02 
 2.375205e+01  4.935389e-02 
 2.375245e+01  4.840294e-02 
 2.375285e+01  4.745551e-02 
 2.375325e+01  4.647070e-02 
 2.375364e+01  4.546283e-02 
 2.375404e+01  4.444242e-02 
 2.375444e+01  4.339009e-02 
 2.375484e+01  4.232242e-02 
 2.375523e+01  4.124720e-02 
 2.375563e+01  4.016842e-02 
 2.375603e+01  3.904965e-02 
 2.375643e+01  3.792691e-02 
 2.375683e+01  3.680614e-02 
 2.375722e+01  3.566280e-02 
 2.375762e+01  3.451392e-02 
 2.375802e+01  3.336379e-02 
 2.375842e+01  3.219662e-02 
 2.375881e+01  3.099208e-02 
 2.375921e+01  2.980137e-02 
 2.375961e+01  2.858573e-02 
 2.376001e+01  2.738465e-02 
 2.376040e+01  2.616542e-02 
 2.376080e+01  2.494551e-02 
 2.376120e+01  2.369641e-02 
 2.376160e+01  2.245332e-02 
 2.376200e+01  2.121374e-02 
 2.376239e+01  1.997149e-02 
 2.376279e+01  1.872425e-02 
 2.376319e+01  1.746838e-02 
 2.376359e+01  1.621494e-02 
 2.376398e+01  1.494584e-02 
 2.376438e+01  1.367919e-02 
 2.376478e+01  1.242780e-02 
 2.376518e+01  1.117592e-02 
 2.376557e+01  9.919689e-03 
 2.376597e+01  8.673056e-03 
 2.376637e+01  7.443400e-03 
 2.376677e+01  6.216628e-03 
 2.376717e+01  5.012753e-03 
 2.376756e+01  3.795040e-03 
 2.376796e+01  2.590856e-03 
 2.376836e+01  1.393965e-03 
 2.376876e+01  1.998260e-04 
 2.376915e+01 -9.664287e-04 
 2.376955e+01 -2.128606e-03 
 2.376995e+01 -3.265380e-03 
 2.377035e+01 -4.396155e-03 
 2.377074e+01 -5.506781e-03 
 2.377114e+01 -6.600635e-03 
 2.377154e+01 -7.671336e-03 
 2.377194e+01 -8.722049e-03 
 2.377234e+01 -9.746908e-03 
 2.377273e+01 -1.074970e-02 
 2.377313e+01 -1.173965e-02 
 2.377353e+01 -1.270036e-02 
 2.377393e+01 -1.363469e-02 
 2.377432e+01 -1.454525e-02 
 2.377472e+01 -1.544422e-02 
 2.377512e+01 -1.630040e-02 
 2.377552e+01 -1.714412e-02 
 2.377591e+01 -1.795024e-02 
 2.377631e+01 -1.873048e-02 
 2.377671e+01 -1.947825e-02 
 2.377711e+01 -2.020817e-02 
 2.377751e+01 -2.089547e-02 
 2.377790e+01 -2.156098e-02 
 2.377830e+01 -2.220307e-02 
 2.377870e+01 -2.281327e-02 
 2.377910e+01 -2.338036e-02 
 2.377949e+01 -2.393498e-02 
 2.377989e+01 -2.447014e-02 
 2.378029e+01 -2.496349e-02 
 2.378069e+01 -2.544656e-02 
 2.378108e+01 -2.590430e-02 
 2.378148e+01 -2.632784e-02 
 2.378188e+01 -2.670707e-02 
 2.378228e+01 -2.708603e-02 
 2.378268e+01 -2.742654e-02 
 2.378307e+01 -2.775143e-02 
 2.378347e+01 -2.804917e-02 
 2.378387e+01 -2.832838e-02 
 2.378427e+01 -2.856173e-02 
 2.378466e+01 -2.878472e-02 
 2.378506e+01 -2.898453e-02 
 2.378546e+01 -2.914046e-02 
 2.378586e+01 -2.926456e-02 
 2.378626e+01 -2.936542e-02 
 2.378665e+01 -2.943411e-02 
 2.378705e+01 -2.948062e-02 
 2.378745e+01 -2.950291e-02 
 2.378785e+01 -2.949774e-02 
 2.378824e+01 -2.945070e-02 
 2.378864e+01 -2.937838e-02 
 2.378904e+01 -2.928253e-02 
 2.378944e+01 -2.915184e-02 
 2.378983e+01 -2.900262e-02 
 2.379023e+01 -2.881734e-02 
 2.379063e+01 -2.860142e-02 
 2.379103e+01 -2.834584e-02 
 2.379143e+01 -2.805960e-02 
 2.379182e+01 -2.774484e-02 
 2.379222e+01 -2.739708e-02 
 2.379262e+01 -2.701828e-02 
 2.379302e+01 -2.661362e-02 
 2.379341e+01 -2.617658e-02 
 2.379381e+01 -2.570869e-02 
 2.379421e+01 -2.522861e-02 
 2.379461e+01 -2.470596e-02 
 2.379500e+01 -2.414886e-02 
 2.379540e+01 -2.356555e-02 
 2.379580e+01 -2.294660e-02 
 2.379620e+01 -2.228551e-02 
 2.379660e+01 -2.160786e-02 
 2.379699e+01 -2.089968e-02 
 2.379739e+01 -2.015405e-02 
 2.379779e+01 -1.938004e-02 
 2.379819e+01 -1.858344e-02 
 2.379858e+01 -1.776691e-02 
 2.379898e+01 -1.692681e-02 
 2.379938e+01 -1.607858e-02 
 2.379978e+01 -1.520016e-02 
 2.380017e+01 -1.428930e-02 
 2.380057e+01 -1.335514e-02 
 2.380097e+01 -1.238585e-02 
 2.380137e+01 -1.140005e-02 
 2.380177e+01 -1.039659e-02 
 2.380216e+01 -9.382188e-03 
 2.380256e+01 -8.347197e-03 
 2.380296e+01 -7.294992e-03 
 2.380336e+01 -6.237970e-03 
 2.380375e+01 -5.171200e-03 
 2.380415e+01 -4.075213e-03 
 2.380455e+01 -2.965419e-03 
 2.380495e+01 -1.826276e-03 
 2.380534e+01 -6.501055e-04 
 2.380574e+01  5.326797e-04 
 2.380614e+01  1.719074e-03 
 2.380654e+01  2.924034e-03 
 2.380694e+01  4.140464e-03 
 2.380733e+01  5.357684e-03 
 2.380773e+01  6.577939e-03 
 2.380813e+01  7.816921e-03 
 2.380853e+01  9.040434e-03 
 2.380892e+01  1.027048e-02 
 2.380932e+01  1.151237e-02 
 2.380972e+01  1.277263e-02 
 2.381012e+01  1.403589e-02 
 2.381051e+01  1.530283e-02 
 2.381091e+01  1.656400e-02 
 2.381131e+01  1.780798e-02 
 2.381171e+01  1.904709e-02 
 2.381211e+01  2.029606e-02 
 2.381250e+01  2.152603e-02 
 2.381290e+01  2.274454e-02 
 2.381330e+01  2.396478e-02 
 2.381370e+01  2.517496e-02 
 2.381409e+01  2.638771e-02 
 2.381449e+01  2.760608e-02 
 2.381489e+01  2.882975e-02 
 2.381529e+01  3.002159e-02 
 2.381568e+01  3.119671e-02 
 2.381608e+01  3.236139e-02 
 2.381648e+01  3.350857e-02 
 2.381688e+01  3.464308e-02 
 2.381728e+01  3.577977e-02 
 2.381767e+01  3.688206e-02 
 2.381807e+01  3.796449e-02 
 2.381847e+01  3.905869e-02 
 2.381887e+01  4.012280e-02 
 2.381926e+01  4.118612e-02 
 2.381966e+01  4.225192e-02 
 2.382006e+01  4.329599e-02 
 2.382046e+01  4.432305e-02 
 2.382085e+01  4.532073e-02 
 2.382125e+01  4.632337e-02 
 2.382165e+01  4.728605e-02 
 2.382205e+01  4.825052e-02 
 2.382245e+01  4.918521e-02 
 2.382284e+01  5.009380e-02 
 2.382324e+01  5.098673e-02 
 2.382364e+01  5.188448e-02 
 2.382404e+01  5.276385e-02 
 2.382443e+01  5.364718e-02 
 2.382483e+01  5.450884e-02 
 2.382523e+01  5.535549e-02 
 2.382563e+01  5.617862e-02 
 2.382602e+01  5.697313e-02 
 2.382642e+01  5.775164e-02 
 2.382682e+01  5.849574e-02 
 2.382722e+01  5.923360e-02 
 2.382762e+01  5.993051e-02 
 2.382801e+01  6.060140e-02 
 2.382841e+01  6.124256e-02 
 2.382881e+01  6.187503e-02 
 2.382921e+01  6.249215e-02 
 2.382960e+01  6.308171e-02 
 2.383000e+01  6.364109e-02 
 2.383040e+01  6.416375e-02 
 2.383080e+01  6.464033e-02 
 2.383119e+01  6.508658e-02 
 2.383159e+01  6.550229e-02 
 2.383199e+01  6.588663e-02 
 2.383239e+01  6.622515e-02 
 2.383279e+01  6.654233e-02 
 2.383318e+01  6.682008e-02 
 2.383358e+01  6.708793e-02 
 2.383398e+01  6.733406e-02 
 2.383438e+01  6.755066e-02 
 2.383477e+01  6.771430e-02 
 2.383517e+01  6.784181e-02 
 2.383557e+01  6.792840e-02 
 2.383597e+01  6.798990e-02 
 2.383636e+01  6.800234e-02 
 2.383676e+01  6.798785e-02 
 2.383716e+01  6.793022e-02 
 2.383756e+01  6.783249e-02 
 2.383796e+01  6.770260e-02 
 2.383835e+01  6.754248e-02 
 2.383875e+01  6.735978e-02 
 2.383915e+01  6.714811e-02 
 2.383955e+01  6.691115e-02 
 2.383994e+01  6.662758e-02 
 2.384034e+01  6.631407e-02 
 2.384074e+01  6.597252e-02 
 2.384114e+01  6.560033e-02 
 2.384153e+01  6.518124e-02 
 2.384193e+01  6.473021e-02 
 2.384233e+01  6.425891e-02 
 2.384273e+01  6.375252e-02 
 2.384313e+01  6.322440e-02 
 2.384352e+01  6.267527e-02 
 2.384392e+01  6.209824e-02 
 2.384432e+01  6.149353e-02 
 2.384472e+01  6.086075e-02 
 2.384511e+01  6.020033e-02 
 2.384551e+01  5.950286e-02 
 2.384591e+01  5.879188e-02 
 2.384631e+01  5.805352e-02 
 2.384670e+01  5.727144e-02 
 2.384710e+01  5.647361e-02 
 2.384750e+01  5.564571e-02 
 2.384790e+01  5.480360e-02 
 2.384830e+01  5.394829e-02 
 2.384869e+01  5.307863e-02 
 2.384909e+01  5.218796e-02 
 2.384949e+01  5.127860e-02 
 2.384989e+01  5.033668e-02 
 2.385028e+01  4.937854e-02 
 2.385068e+01  4.839209e-02 
 2.385108e+01  4.739810e-02 
 2.385148e+01  4.638153e-02 
 2.385187e+01  4.534259e-02 
 2.385227e+01  4.430136e-02 
 2.385267e+01  4.326442e-02 
 2.385307e+01  4.221707e-02 
 2.385347e+01  4.115348e-02 
 2.385386e+01  4.008241e-02 
 2.385426e+01  3.899396e-02 
 2.385466e+01  3.788310e-02 
 2.385506e+01  3.676734e-02 
 2.385545e+01  3.564424e-02 
 2.385585e+01  3.449922e-02 
 2.385625e+01  3.335102e-02 
 2.385665e+01  3.218386e-02 
 2.385704e+01  3.099987e-02 
 2.385744e+01  2.982161e-02 
 2.385784e+01  2.866065e-02 
 2.385824e+01  2.748147e-02 
 2.385864e+01  2.628977e-02 
 2.385903e+01  2.509839e-02 
 2.385943e+01  2.388464e-02 
 2.385983e+01  2.267434e-02 
 2.386023e+01  2.146833e-02 
 2.386062e+01  2.025338e-02 
 2.386102e+01  1.902135e-02 
 2.386142e+01  1.779573e-02 
 2.386182e+01  1.657585e-02 
 2.386221e+01  1.534067e-02 
 2.386261e+01  1.412828e-02 
 2.386301e+01  1.291269e-02 
 2.386341e+01  1.169314e-02 
 2.386381e+01  1.046480e-02 
 2.386420e+01  9.254099e-03 
 2.386460e+01  8.046297e-03 
 2.386500e+01  6.843998e-03 
 2.386540e+01  5.653798e-03 
 2.386579e+01  4.450689e-03 
 2.386619e+01  3.259753e-03 
 2.386659e+01  2.072112e-03 
 2.386699e+01  8.896103e-04 
 2.386738e+01 -2.760818e-04 
 2.386778e+01 -1.421077e-03 
 2.386818e+01 -2.554026e-03 
 2.386858e+01 -3.683168e-03 
 2.386898e+01 -4.794519e-03 
 2.386937e+01 -5.887625e-03 
 2.386977e+01 -6.964255e-03 
 2.387017e+01 -8.027005e-03 
 2.387057e+01 -9.084638e-03 
 2.387096e+01 -1.012452e-02 
 2.387136e+01 -1.114317e-02 
 2.387176e+01 -1.214836e-02 
 2.387216e+01 -1.312362e-02 
 2.387255e+01 -1.407507e-02 
 2.387295e+01 -1.500548e-02 
 2.387335e+01 -1.590122e-02 
 2.387375e+01 -1.677594e-02 
 2.387415e+01 -1.762407e-02 
 2.387454e+01 -1.845903e-02 
 2.387494e+01 -1.925133e-02 
 2.387534e+01 -2.002520e-02 
 2.387574e+01 -2.079673e-02 
 2.387613e+01 -2.153416e-02 
 2.387653e+01 -2.223846e-02 
 2.387693e+01 -2.291603e-02 
 2.387733e+01 -2.356027e-02 
 2.387773e+01 -2.416972e-02 
 2.387812e+01 -2.475570e-02 
 2.387852e+01 -2.530908e-02 
 2.387892e+01 -2.581954e-02 
 2.387932e+01 -2.630310e-02 
 2.387971e+01 -2.676474e-02 
 2.388011e+01 -2.717866e-02 
 2.388051e+01 -2.757380e-02 
 2.388091e+01 -2.794654e-02 
 2.388130e+01 -2.826794e-02 
 2.388170e+01 -2.854478e-02 
 2.388210e+01 -2.880940e-02 
 2.388250e+01 -2.903097e-02 
 2.388290e+01 -2.921687e-02 
 2.388329e+01 -2.937874e-02 
 2.388369e+01 -2.949801e-02 
 2.388409e+01 -2.957850e-02 
 2.388449e+01 -2.964614e-02 
 2.388488e+01 -2.968017e-02 
 2.388528e+01 -2.968760e-02 
 2.388568e+01 -2.966367e-02 
 2.388608e+01 -2.962525e-02 
 2.388647e+01 -2.953864e-02 
 2.388687e+01 -2.942423e-02 
 2.388727e+01 -2.928822e-02 
 2.388767e+01 -2.911523e-02 
 2.388807e+01 -2.891047e-02 
 2.388846e+01 -2.868508e-02 
 2.388886e+01 -2.841416e-02 
 2.388926e+01 -2.813514e-02 
 2.388966e+01 -2.782153e-02 
 2.389005e+01 -2.749611e-02 
 2.389045e+01 -2.712992e-02 
 2.389085e+01 -2.674736e-02 
 2.389125e+01 -2.634572e-02 
 2.389164e+01 -2.590521e-02 
 2.389204e+01 -2.543444e-02 
 2.389244e+01 -2.493831e-02 
 2.389284e+01 -2.442186e-02 
 2.389324e+01 -2.386445e-02 
 2.389363e+01 -2.327427e-02 
 2.389403e+01 -2.266915e-02 
 2.389443e+01 -2.202770e-02 
 2.389483e+01 -2.137701e-02 
 2.389522e+01 -2.070900e-02 
 2.389562e+01 -2.000719e-02 
 2.389602e+01 -1.928526e-02 
 2.389642e+01 -1.854137e-02 
 2.389681e+01 -1.778484e-02 
 2.389721e+01 -1.697526e-02 
 2.389761e+01 -1.616319e-02 
 2.389801e+01 -1.531494e-02 
 2.389841e+01 -1.443475e-02 
 2.389880e+01 -1.352917e-02 
 2.389920e+01 -1.261908e-02 
 2.389960e+01 -1.168135e-02 
 2.390000e+01 -1.071721e-02 
 2.390039e+01 -9.745889e-03 
 2.390079e+01 -8.743209e-03 
 2.390119e+01 -7.719096e-03 
 2.390159e+01 -6.680787e-03 
 2.390198e+01 -5.620382e-03 
 2.390238e+01 -4.529027e-03 
 2.390278e+01 -3.416199e-03 
 2.390318e+01 -2.282700e-03 
 2.390358e+01 -1.136228e-03 
 2.390397e+01  2.749461e-05 
 2.390437e+01  1.186321e-03 
 2.390477e+01  2.349367e-03 
 2.390517e+01  3.530509e-03 
 2.390556e+01  4.717734e-03 
 2.390596e+01  5.915387e-03 
 2.390636e+01  7.114407e-03 
 2.390676e+01  8.317026e-03 
 2.390715e+01  9.536909e-03 
 2.390755e+01  1.077793e-02 
 2.390795e+01  1.204288e-02 
 2.390835e+01  1.330182e-02 
 2.390875e+01  1.456425e-02 
 2.390914e+01  1.583113e-02 
 2.390954e+01  1.709396e-02 
 2.390994e+01  1.834930e-02 
 2.391034e+01  1.962270e-02 
 2.391073e+01  2.087474e-02 
 2.391113e+01  2.212205e-02 
 2.391153e+01  2.336578e-02 
 2.391193e+01  2.461767e-02 
 2.391232e+01  2.587571e-02 
 2.391272e+01  2.713735e-02 
 2.391312e+01  2.840832e-02 
 2.391352e+01  2.964938e-02 
 2.391392e+01  3.087473e-02 
 2.391431e+01  3.209688e-02 
 2.391471e+01  3.330584e-02 
 2.391511e+01  3.449193e-02 
 2.391551e+01  3.566709e-02 
 2.391590e+01  3.682307e-02 
 2.391630e+01  3.795260e-02 
 2.391670e+01  3.907783e-02 
 2.391710e+01  4.021692e-02 
 2.391749e+01  4.133423e-02 
 2.391789e+01  4.243291e-02 
 2.391829e+01  4.352282e-02 
 2.391869e+01  4.457273e-02 
 2.391909e+01  4.559544e-02 
 2.391948e+01  4.661083e-02 
 2.391988e+01  4.760342e-02 
 2.392028e+01  4.855335e-02 
 2.392068e+01  4.950251e-02 
 2.392107e+01  5.042403e-02 
 2.392147e+01  5.132648e-02 
 2.392187e+01  5.221609e-02 
 2.392227e+01  5.310677e-02 
 2.392266e+01  5.396073e-02 
 2.392306e+01  5.477120e-02 
 2.392346e+01  5.557061e-02 
 2.392386e+01  5.632309e-02 
 2.392426e+01  5.704440e-02 
 2.392465e+01  5.776649e-02 
 2.392505e+01  5.844382e-02 
 2.392545e+01  5.910606e-02 
 2.392585e+01  5.973917e-02 
 2.392624e+01  6.035334e-02 
 2.392664e+01  6.095796e-02 
 2.392704e+01  6.154862e-02 
 2.392744e+01  6.211807e-02 
 2.392783e+01  6.264949e-02 
 2.392823e+01  6.316544e-02 
 2.392863e+01  6.363308e-02 
 2.392903e+01  6.408766e-02 
 2.392943e+01  6.451566e-02 
 2.392982e+01  6.492824e-02 
 2.393022e+01  6.530663e-02 
 2.393062e+01  6.565696e-02 
 2.393102e+01  6.597672e-02 
 2.393141e+01  6.628770e-02 
 2.393181e+01  6.657617e-02 
 2.393221e+01  6.682882e-02 
 2.393261e+01  6.705135e-02 
 2.393300e+01  6.723045e-02 
 2.393340e+01  6.738296e-02 
 2.393380e+01  6.749286e-02 
 2.393420e+01  6.758559e-02 
 2.393460e+01  6.763866e-02 
 2.393499e+01  6.766109e-02 
 2.393539e+01  6.764082e-02 
 2.393579e+01  6.759654e-02 
 2.393619e+01  6.752755e-02 
 2.393658e+01  6.742760e-02 
 2.393698e+01  6.730205e-02 
 2.393738e+01  6.713443e-02 
 2.393778e+01  6.693631e-02 
 2.393817e+01  6.668877e-02 
 2.393857e+01  6.641637e-02 
 2.393897e+01  6.609905e-02 
 2.393937e+01  6.576144e-02 
 2.393977e+01  6.537541e-02 
 2.394016e+01  6.496389e-02 
 2.394056e+01  6.452563e-02 
 2.394096e+01  6.406670e-02 
 2.394136e+01  6.357718e-02 
 2.394175e+01  6.305984e-02 
 2.394215e+01  6.251914e-02 
 2.394255e+01  6.192230e-02 
 2.394295e+01  6.129659e-02 
 2.394334e+01  6.064828e-02 
 2.394374e+01  5.997295e-02 
 2.394414e+01  5.925924e-02 
 2.394454e+01  5.852642e-02 
 2.394494e+01  5.775986e-02 
 2.394533e+01  5.697083e-02 
 2.394573e+01  5.617540e-02 
 2.394613e+01  5.535388e-02 
 2.394653e+01  5.451270e-02 
 2.394692e+01  5.364928e-02 
 2.394732e+01  5.275709e-02 
 2.394772e+01  5.182953e-02 
 2.394812e+01  5.088590e-02 
 2.394851e+01  4.992242e-02 
 2.394891e+01  4.894389e-02 
 2.394931e+01  4.794857e-02 
 2.394971e+01  4.692912e-02 
 2.395011e+01  4.589119e-02 
 2.395050e+01  4.484204e-02 
 2.395090e+01  4.377445e-02 
 2.395130e+01  4.269659e-02 
 2.395170e+01  4.158503e-02 
 2.395209e+01  4.046003e-02 
 2.395249e+01  3.930983e-02 
 2.395289e+01  3.815312e-02 
 2.395329e+01  3.698794e-02 
 2.395368e+01  3.582675e-02 
 2.395408e+01  3.464445e-02 
 2.395448e+01  3.344995e-02 
 2.395488e+01  3.224503e-02 
 2.395528e+01  3.104147e-02 
 2.395567e+01  2.984013e-02 
 2.395607e+01  2.864018e-02 
 2.395647e+01  2.743363e-02 
 2.395687e+01  2.620726e-02 
 2.395726e+01  2.498248e-02 
 2.395766e+01  2.375986e-02 
 2.395806e+01  2.253671e-02 
 2.395846e+01  2.131861e-02 
 2.395885e+01  2.009921e-02 
 2.395925e+01  1.888009e-02 
 2.395965e+01  1.765958e-02 
 2.396005e+01  1.645935e-02 
 2.396045e+01  1.524699e-02 
 2.396084e+01  1.404925e-02 
 2.396124e+01  1.285819e-02 
 2.396164e+01  1.166151e-02 
 2.396204e+01  1.046708e-02 
 2.396243e+01  9.289272e-03 
 2.396283e+01  8.127199e-03 
 2.396323e+01  6.952159e-03 
 2.396363e+01  5.791239e-03 
 2.396402e+01  4.634752e-03 
 2.396442e+01  3.493111e-03 
 2.396482e+01  2.356859e-03 
 2.396522e+01  1.237600e-03 
 2.396562e+01  1.312079e-04 
 2.396601e+01 -9.768936e-04 
 2.396641e+01 -2.074403e-03 
 2.396681e+01 -3.164592e-03 
 2.396721e+01 -4.260107e-03 
 2.396760e+01 -5.321745e-03 
 2.396800e+01 -6.376755e-03 
 2.396840e+01 -7.423898e-03 
 2.396880e+01 -8.450695e-03 
 2.396920e+01 -9.460377e-03 
 2.396959e+01 -1.045205e-02 
 2.396999e+01 -1.143868e-02 
 2.397039e+01 -1.239752e-02 
 2.397079e+01 -1.334590e-02 
 2.397118e+01 -1.428703e-02 
 2.397158e+01 -1.520738e-02 
 2.397198e+01 -1.611183e-02 
 2.397238e+01 -1.698357e-02 
 2.397277e+01 -1.785198e-02 
 2.397317e+01 -1.867718e-02 
 2.397357e+01 -1.950190e-02 
 2.397397e+01 -2.030267e-02 
 2.397437e+01 -2.106864e-02 
 2.397476e+01 -2.179929e-02 
 2.397516e+01 -2.250213e-02 
 2.397556e+01 -2.317701e-02 
 2.397596e+01 -2.382194e-02 
 2.397635e+01 -2.444957e-02 
 2.397675e+01 -2.503080e-02 
 2.397715e+01 -2.557943e-02 
 2.397755e+01 -2.609047e-02 
 2.397794e+01 -2.658616e-02 
 2.397834e+01 -2.703746e-02 
 2.397874e+01 -2.746750e-02 
 2.397914e+01 -2.787121e-02 
 2.397954e+01 -2.823652e-02 
 2.397993e+01 -2.855756e-02 
 2.398033e+01 -2.885743e-02 
 2.398073e+01 -2.913512e-02 
 2.398113e+01 -2.936236e-02 
 2.398152e+01 -2.954756e-02 
 2.398192e+01 -2.970233e-02 
 2.398232e+01 -2.983173e-02 
 2.398272e+01 -2.992389e-02 
 2.398311e+01 -2.999661e-02 
 2.398351e+01 -3.003802e-02 
 2.398391e+01 -3.003820e-02 
 2.398431e+01 -3.000997e-02 
 2.398471e+01 -2.994922e-02 
 2.398510e+01 -2.984317e-02 
 2.398550e+01 -2.971557e-02 
 2.398590e+01 -2.955587e-02 
 2.398630e+01 -2.935378e-02 
 2.398669e+01 -2.911121e-02 
 2.398709e+01 -2.886126e-02 
 2.398749e+01 -2.857074e-02 
 2.398789e+01 -2.824363e-02 
 2.398828e+01 -2.789916e-02 
 2.398868e+01 -2.752049e-02 
 2.398908e+01 -2.709576e-02 
 2.398948e+01 -2.665828e-02 
 2.398988e+01 -2.619046e-02 
 2.399027e+01 -2.568850e-02 
 2.399067e+01 -2.515735e-02 
 2.399107e+01 -2.459759e-02 
 2.399147e+01 -2.401772e-02 
 2.399186e+01 -2.339796e-02 
 2.399226e+01 -2.277609e-02 
 2.399266e+01 -2.212646e-02 
 2.399306e+01 -2.145507e-02 
 2.399345e+01 -2.074626e-02 
 2.399385e+01 -2.001634e-02 
 2.399425e+01 -1.926370e-02 
 2.399465e+01 -1.848123e-02 
 2.399505e+01 -1.767619e-02 
 2.399544e+01 -1.684686e-02 
 2.399584e+01 -1.599761e-02 
 2.399624e+01 -1.513321e-02 
 2.399664e+01 -1.423721e-02 
 2.399703e+01 -1.333043e-02 
 2.399743e+01 -1.240305e-02 
 2.399783e+01 -1.146109e-02 
 2.399823e+01 -1.049839e-02 
 2.399862e+01 -9.520956e-03 
 2.399902e+01 -8.531105e-03 
 2.399942e+01 -7.517285e-03 
 2.399982e+01 -6.507472e-03 
 2.400022e+01 -5.476911e-03 
 2.400061e+01 -4.424439e-03 
 2.400101e+01 -3.358971e-03 
 2.400141e+01 -2.283413e-03 
 2.400181e+01 -1.197287e-03 
 2.400220e+01 -9.988693e-05 
 2.400260e+01  9.951705e-04 
 2.400300e+01  2.106679e-03 
 2.400340e+01  3.242622e-03 
 2.400379e+01  4.395015e-03 
 2.400419e+01  5.553852e-03 
 2.400459e+01  6.720029e-03 
 2.400499e+01  7.902347e-03 
 2.400539e+01  9.094095e-03 
 2.400578e+01  1.029869e-02 
 2.400618e+01  1.151584e-02 
 2.400658e+01  1.272970e-02 
 2.400698e+01  1.394900e-02 
 2.400737e+01  1.517506e-02 
 2.400777e+01  1.641337e-02 
 2.400817e+01  1.764592e-02 
 2.400857e+01  1.889538e-02 
 2.400896e+01  2.015041e-02 
 2.400936e+01  2.139165e-02 
 2.400976e+01  2.264403e-02 
 2.401016e+01  2.391389e-02 
 2.401056e+01  2.517549e-02 
 2.401095e+01  2.643233e-02 
 2.401135e+01  2.768172e-02 
 2.401175e+01  2.890337e-02 
 2.401215e+01  3.011864e-02 
 2.401254e+01  3.134248e-02 
 2.401294e+01  3.256257e-02 
 2.401334e+01  3.376742e-02 
 2.401374e+01  3.497562e-02 
 2.401413e+01  3.617704e-02 
 2.401453e+01  3.736581e-02 
 2.401493e+01  3.853927e-02 
 2.401533e+01  3.971163e-02 
 2.401573e+01  4.087718e-02 
 2.401612e+01  4.200965e-02 
 2.401652e+01  4.311239e-02 
 2.401692e+01  4.420828e-02 
 2.401732e+01  4.528216e-02 
 2.401771e+01  4.633927e-02 
 2.401811e+01  4.738123e-02 
 2.401851e+01  4.839250e-02 
 2.401891e+01  4.938355e-02 
 2.401930e+01  5.035187e-02 
 2.401970e+01  5.130815e-02 
 2.402010e+01  5.223702e-02 
 2.402050e+01  5.314033e-02 
 2.402090e+01  5.401503e-02 
 2.402129e+01  5.483850e-02 
 2.402169e+01  5.564417e-02 
 2.402209e+01  5.642628e-02 
 2.402249e+01  5.718809e-02 
 2.402288e+01  5.793246e-02 
 2.402328e+01  5.864819e-02 
 2.402368e+01  5.932975e-02 
 2.402408e+01  5.999041e-02 
 2.402447e+01  6.062460e-02 
 2.402487e+01  6.124315e-02 
 2.402527e+01  6.182174e-02 
 2.402567e+01  6.237563e-02 
 2.402607e+01  6.288615e-02 
 2.402646e+01  6.336141e-02 
 2.402686e+01  6.381288e-02 
 2.402726e+01  6.423882e-02 
 2.402766e+01  6.463678e-02 
 2.402805e+01  6.499944e-02 
 2.402845e+01  6.533152e-02 
 2.402885e+01  6.564434e-02 
 2.402925e+01  6.593561e-02 
 2.402964e+01  6.621645e-02 
 2.403004e+01  6.646250e-02 
 2.403044e+01  6.666179e-02 
 2.403084e+01  6.683103e-02 
 2.403124e+01  6.696913e-02 
 2.403163e+01  6.707651e-02 
 2.403203e+01  6.716898e-02 
 2.403243e+01  6.722833e-02 
 2.403283e+01  6.727042e-02 
 2.403322e+01  6.727754e-02 
 2.403362e+01  6.727320e-02 
 2.403402e+01  6.723027e-02 
 2.403442e+01  6.717783e-02 
 2.403481e+01  6.709132e-02 
 2.403521e+01  6.696509e-02 
 2.403561e+01  6.679414e-02 
 2.403601e+01  6.659644e-02 
 2.403641e+01  6.636777e-02 
 2.403680e+01  6.611555e-02 
 2.403720e+01  6.583659e-02 
 2.403760e+01  6.553018e-02 
 2.403800e+01  6.519442e-02 
 2.403839e+01  6.483543e-02 
 2.403879e+01  6.445137e-02 
 2.403919e+01  6.404144e-02 
 2.403959e+01  6.359846e-02 
 2.403998e+01  6.310641e-02 
 2.404038e+01  6.256836e-02 
 2.404078e+01  6.200032e-02 
 2.404118e+01  6.139896e-02 
 2.404158e+01  6.077857e-02 
 2.404197e+01  6.013851e-02 
 2.404237e+01  5.947295e-02 
 2.404277e+01  5.878127e-02 
 2.404317e+01  5.806310e-02 
 2.404356e+01  5.731973e-02 
 2.404396e+01  5.654841e-02 
 2.404436e+01  5.576125e-02 
 2.404476e+01  5.493480e-02 
 2.404515e+01  5.408313e-02 
 2.404555e+01  5.318871e-02 
 2.404595e+01  5.227398e-02 
 2.404635e+01  5.134024e-02 
 2.404675e+01  5.038515e-02 
 2.404714e+01  4.941426e-02 
 2.404754e+01  4.841033e-02 
 2.404794e+01  4.739549e-02 
 2.404834e+01  4.635994e-02 
 2.404873e+01  4.532211e-02 
 2.404913e+01  4.426695e-02 
 2.404953e+01  4.319547e-02 
 2.404993e+01  4.209195e-02 
 2.405032e+01  4.096341e-02 
 2.405072e+01  3.983684e-02 
 2.405112e+01  3.868713e-02 
 2.405152e+01  3.752937e-02 
 2.405192e+01  3.638690e-02 
 2.405231e+01  3.521022e-02 
 2.405271e+01  3.401954e-02 
 2.405311e+01  3.283226e-02 
 2.405351e+01  3.164799e-02 
 2.405390e+01  3.044466e-02 
 2.405430e+01  2.924164e-02 
 2.405470e+01  2.802815e-02 
 2.405510e+01  2.678800e-02 
 2.405549e+01  2.554565e-02 
 2.405589e+01  2.430773e-02 
 2.405629e+01  2.306395e-02 
 2.405669e+01  2.181604e-02 
 2.405709e+01  2.056829e-02 
 2.405748e+01  1.932571e-02 
 2.405788e+01  1.808675e-02 
 2.405828e+01  1.685561e-02 
 2.405868e+01  1.563032e-02 
 2.405907e+01  1.439859e-02 
 2.405947e+01  1.315500e-02 
 2.405987e+01  1.191675e-02 
 2.406027e+01  1.068375e-02 
 2.406067e+01  9.457242e-03 
 2.406106e+01  8.247575e-03 
 2.406146e+01  7.046878e-03 
 2.406186e+01  5.861732e-03 
 2.406226e+01  4.671491e-03 
 2.406265e+01  3.509230e-03 
 2.406305e+01  2.350057e-03 
 2.406345e+01  1.202843e-03 
 2.406385e+01  7.477050e-05 
 2.406424e+01 -1.045467e-03 
 2.406464e+01 -2.161918e-03 
 2.406504e+01 -3.255955e-03 
 2.406544e+01 -4.326127e-03 
 2.406584e+01 -5.381182e-03 
 2.406623e+01 -6.426205e-03 
 2.406663e+01 -7.455154e-03 
 2.406703e+01 -8.469524e-03 
 2.406743e+01 -9.459381e-03 
 2.406782e+01 -1.043552e-02 
 2.406822e+01 -1.138913e-02 
 2.406862e+01 -1.233304e-02 
 2.406902e+01 -1.325579e-02 
 2.406941e+01 -1.416171e-02 
 2.406981e+01 -1.503643e-02 
 2.407021e+01 -1.588456e-02 
 2.407061e+01 -1.671984e-02 
 2.407101e+01 -1.752339e-02 
 2.407140e+01 -1.831928e-02 
 2.407180e+01 -1.909529e-02 
 2.407220e+01 -1.984659e-02 
 2.407260e+01 -2.057299e-02 
 2.407299e+01 -2.126808e-02 
 2.407339e+01 -2.195748e-02 
 2.407379e+01 -2.261515e-02 
 2.407419e+01 -2.324793e-02 
 2.407458e+01 -2.385616e-02 
 2.407498e+01 -2.444007e-02 
 2.407538e+01 -2.499069e-02 
 2.407578e+01 -2.553515e-02 
 2.407618e+01 -2.605635e-02 
 2.407657e+01 -2.654710e-02 
 2.407697e+01 -2.699520e-02 
 2.407737e+01 -2.742295e-02 
 2.407777e+01 -2.781274e-02 
 2.407816e+01 -2.817536e-02 
 2.407856e+01 -2.851873e-02 
 2.407896e+01 -2.883246e-02 
 2.407936e+01 -2.910602e-02 
 2.407975e+01 -2.934500e-02 
 2.408015e+01 -2.956214e-02 
 2.408055e+01 -2.974599e-02 
 2.408095e+01 -2.988939e-02 
 2.408135e+01 -3.000406e-02 
 2.408174e+01 -3.008401e-02 
 2.408214e+01 -3.012037e-02 
 2.408254e+01 -3.011473e-02 
 2.408294e+01 -3.008149e-02 
 2.408333e+01 -3.001396e-02 
 2.408373e+01 -2.991410e-02 
 2.408413e+01 -2.977949e-02 
 2.408453e+01 -2.960387e-02 
 2.408492e+01 -2.938286e-02 
 2.408532e+01 -2.914634e-02 
 2.408572e+01 -2.889153e-02 
 2.408612e+01 -2.858424e-02 
 2.408652e+01 -2.825177e-02 
 2.408691e+01 -2.789084e-02 
 2.408731e+01 -2.749097e-02 
 2.408771e+01 -2.705800e-02 
 2.408811e+01 -2.660973e-02 
 2.408850e+01 -2.612977e-02 
 2.408890e+01 -2.560166e-02 
 2.408930e+01 -2.505503e-02 
 2.408970e+01 -2.447514e-02 
 2.409009e+01 -2.385155e-02 
 2.409049e+01 -2.322639e-02 
 2.409089e+01 -2.257496e-02 
 2.409129e+01 -2.189227e-02 
 2.409169e+01 -2.117683e-02 
 2.409208e+01 -2.044385e-02 
 2.409248e+01 -1.967732e-02 
 2.409288e+01 -1.888236e-02 
 2.409328e+01 -1.807043e-02 
 2.409367e+01 -1.723104e-02 
 2.409407e+01 -1.636092e-02 
 2.409447e+01 -1.547834e-02 
 2.409487e+01 -1.458809e-02 
 2.409526e+01 -1.368244e-02 
 2.409566e+01 -1.275927e-02 
 2.409606e+01 -1.182942e-02 
 2.409646e+01 -1.086069e-02 
 2.409686e+01 -9.869620e-03 
 2.409725e+01 -8.874676e-03 
 2.409765e+01 -7.858423e-03 
 2.409805e+01 -6.813671e-03 
 2.409845e+01 -5.749488e-03 
 2.409884e+01 -4.672983e-03 
 2.409924e+01 -3.579294e-03 
 2.409964e+01 -2.474746e-03 
 2.410004e+01 -1.368357e-03 
 2.410043e+01 -2.482808e-04 
 2.410083e+01  8.795342e-04 
 2.410123e+01  2.029498e-03 
 2.410163e+01  3.190534e-03 
 2.410203e+01  4.366925e-03 
 2.410242e+01  5.539000e-03 
 2.410282e+01  6.726829e-03 
 2.410322e+01  7.929501e-03 
 2.410362e+01  9.141699e-03 
 2.410401e+01  1.034850e-02 
 2.410441e+01  1.155273e-02 
 2.410481e+01  1.275524e-02 
 2.410521e+01  1.396058e-02 
 2.410560e+01  1.517173e-02 
 2.410600e+01  1.639659e-02 
 2.410640e+01  1.761343e-02 
 2.410680e+01  1.882164e-02 
 2.410720e+01  2.004202e-02 
 2.410759e+01  2.125368e-02 
 2.410799e+01  2.246777e-02 
 2.410839e+01  2.368582e-02 
 2.410879e+01  2.490650e-02 
 2.410918e+01  2.610858e-02 
 2.410958e+01  2.730229e-02 
 2.410998e+01  2.849035e-02 
 2.411038e+01  2.968642e-02 
 2.411077e+01  3.087167e-02 
 2.411117e+01  3.206306e-02 
 2.411157e+01  3.324709e-02 
 2.411197e+01  3.442401e-02 
 2.411237e+01  3.559947e-02 
 2.411276e+01  3.675864e-02 
 2.411316e+01  3.792541e-02 
 2.411356e+01  3.906887e-02 
 2.411396e+01  4.020280e-02 
 2.411435e+01  4.130214e-02 
 2.411475e+01  4.239036e-02 
 2.411515e+01  4.347473e-02 
 2.411555e+01  4.454497e-02 
 2.411594e+01  4.559611e-02 
 2.411634e+01  4.663736e-02 
 2.411674e+01  4.766694e-02 
 2.411714e+01  4.867816e-02 
 2.411754e+01  4.968549e-02 
 2.411793e+01  5.066904e-02 
 2.411833e+01  5.164024e-02 
 2.411873e+01  5.258358e-02 
 2.411913e+01  5.349953e-02 
 2.411952e+01  5.438041e-02 
 2.411992e+01  5.523949e-02 
 2.412032e+01  5.609309e-02 
 2.412072e+01  5.692260e-02 
 2.412111e+01  5.772289e-02 
 2.412151e+01  5.849161e-02 
 2.412191e+01  5.923953e-02 
 2.412231e+01  5.995271e-02 
 2.412271e+01  6.064573e-02 
 2.412310e+01  6.131018e-02 
 2.412350e+01  6.192061e-02 
 2.412390e+01  6.249949e-02 
 2.412430e+01  6.304390e-02 
 2.412469e+01  6.355559e-02 
 2.412509e+01  6.404236e-02 
 2.412549e+01  6.450679e-02 
 2.412589e+01  6.493534e-02 
 2.412628e+01  6.532366e-02 
 2.412668e+01  6.567922e-02 
 2.412708e+01  6.601926e-02 
 2.412748e+01  6.632324e-02 
 2.412788e+01  6.659493e-02 
 2.412827e+01  6.682973e-02 
 2.412867e+01  6.701472e-02 
 2.412907e+01  6.716891e-02 
 2.412947e+01  6.730062e-02 
 2.412986e+01  6.740941e-02 
 2.413026e+01  6.748313e-02 
 2.413066e+01  6.752845e-02 
 2.413106e+01  6.754414e-02 
 2.413145e+01  6.751296e-02 
 2.413185e+01  6.746329e-02 
 2.413225e+01  6.740460e-02 
 2.413265e+01  6.730970e-02 
 2.413305e+01  6.717612e-02 
 2.413344e+01  6.700068e-02 
 2.413384e+01  6.679615e-02 
 2.413424e+01  6.657909e-02 
 2.413464e+01  6.632285e-02 
 2.413503e+01  6.605157e-02 
 2.413543e+01  6.573854e-02 
 2.413583e+01  6.540495e-02 
 2.413623e+01  6.503816e-02 
 2.413662e+01  6.465036e-02 
 2.413702e+01  6.424673e-02 
 2.413742e+01  6.382178e-02 
 2.413782e+01  6.335969e-02 
 2.413822e+01  6.287382e-02 
 2.413861e+01  6.234940e-02 
 2.413901e+01  6.180617e-02 
 2.413941e+01  6.125624e-02 
 2.413981e+01  6.066525e-02 
 2.414020e+01  6.004377e-02 
 2.414060e+01  5.940050e-02 
 2.414100e+01  5.872900e-02 
 2.414140e+01  5.802735e-02 
 2.414179e+01  5.730414e-02 
 2.414219e+01  5.656891e-02 
 2.414259e+01  5.579619e-02 
 2.414299e+01  5.499108e-02 
 2.414339e+01  5.416677e-02 
 2.414378e+01  5.331439e-02 
 2.414418e+01  5.244184e-02 
 2.414458e+01  5.155639e-02 
 2.414498e+01  5.065489e-02 
 2.414537e+01  4.971889e-02 
 2.414577e+01  4.875902e-02 
 2.414617e+01  4.778239e-02 
 2.414657e+01  4.679440e-02 
 2.414696e+01  4.577911e-02 
 2.414736e+01  4.474464e-02 
 2.414776e+01  4.368189e-02 
 2.414816e+01  4.259979e-02 
 2.414856e+01  4.149647e-02 
 2.414895e+01  4.038281e-02 
 2.414935e+01  3.926653e-02 
 2.414975e+01  3.813386e-02 
 2.415015e+01  3.697663e-02 
 2.415054e+01  3.580487e-02 
 2.415094e+01  3.462127e-02 
 2.415134e+01  3.343211e-02 
 2.415174e+01  3.222677e-02 
 2.415214e+01  3.100674e-02 
 2.415253e+01  2.976932e-02 
 2.415293e+01  2.852431e-02 
 2.415333e+01  2.728388e-02 
 2.415373e+01  2.602996e-02 
 2.415412e+01  2.477861e-02 
 2.415452e+01  2.353399e-02 
 2.415492e+01  2.227826e-02 
 2.415532e+01  2.101418e-02 
 2.415571e+01  1.975714e-02 
 2.415611e+01  1.850329e-02 
 2.415651e+01  1.723565e-02 
 2.415691e+01  1.597761e-02 
 2.415731e+01  1.472361e-02 
 2.415770e+01  1.345832e-02 
 2.415810e+01  1.222464e-02 
 2.415850e+01  1.099693e-02 
 2.415890e+01  9.778963e-03 
 2.415929e+01  8.561859e-03 
 2.415969e+01  7.368130e-03 
 2.416009e+01  6.169991e-03 
 2.416049e+01  4.974329e-03 
 2.416088e+01  3.793614e-03 
 2.416128e+01  2.621112e-03 
 2.416168e+01  1.459483e-03 
 2.416208e+01  3.115669e-04 
 2.416248e+01 -8.247989e-04 
 2.416287e+01 -1.950484e-03 
 2.416327e+01 -3.052184e-03 
 2.416367e+01 -4.139605e-03 
 2.416407e+01 -5.215645e-03 
 2.416446e+01 -6.277182e-03 
 2.416486e+01 -7.314077e-03 
 2.416526e+01 -8.348943e-03 
 2.416566e+01 -9.354424e-03 
 2.416605e+01 -1.033816e-02 
 2.416645e+01 -1.130915e-02 
 2.416685e+01 -1.226705e-02 
 2.416725e+01 -1.319198e-02 
 2.416765e+01 -1.410638e-02 
 2.416804e+01 -1.498939e-02 
 2.416844e+01 -1.584995e-02 
 2.416884e+01 -1.667626e-02 
 2.416924e+01 -1.750533e-02 
 2.416963e+01 -1.831462e-02 
 2.417003e+01 -1.909503e-02 
 2.417043e+01 -1.984483e-02 
 2.417083e+01 -2.058286e-02 
 2.417122e+01 -2.128094e-02 
 2.417162e+01 -2.195906e-02 
 2.417202e+01 -2.261815e-02 
 2.417242e+01 -2.324169e-02 
 2.417282e+01 -2.383858e-02 
 2.417321e+01 -2.439309e-02 
 2.417361e+01 -2.493229e-02 
 2.417401e+01 -2.544249e-02 
 2.417441e+01 -2.593206e-02 
 2.417480e+01 -2.638951e-02 
 2.417520e+01 -2.681439e-02 
 2.417560e+01 -2.721356e-02 
 2.417600e+01 -2.759239e-02 
 2.417639e+01 -2.794223e-02 
 2.417679e+01 -2.826515e-02 
 2.417719e+01 -2.854452e-02 
 2.417759e+01 -2.879980e-02 
 2.417799e+01 -2.900573e-02 
 2.417838e+01 -2.919480e-02 
 2.417878e+01 -2.936593e-02 
 2.417918e+01 -2.950029e-02 
 2.417958e+01 -2.961331e-02 
 2.417997e+01 -2.969495e-02 
 2.418037e+01 -2.974732e-02 
 2.418077e+01 -2.975701e-02 
 2.418117e+01 -2.975798e-02 
 2.418156e+01 -2.971711e-02 
 2.418196e+01 -2.964822e-02 
 2.418236e+01 -2.954166e-02 
 2.418276e+01 -2.941245e-02 
 2.418316e+01 -2.925689e-02 
 2.418355e+01 -2.907542e-02 
 2.418395e+01 -2.886086e-02 
 2.418435e+01 -2.860862e-02 
 2.418475e+01 -2.832707e-02 
 2.418514e+01 -2.800829e-02 
 2.418554e+01 -2.766246e-02 
 2.418594e+01 -2.728040e-02 
 2.418634e+01 -2.686221e-02 
 2.418673e+01 -2.640167e-02 
 2.418713e+01 -2.590590e-02 
 2.418753e+01 -2.537939e-02 
 2.418793e+01 -2.483146e-02 
 2.418833e+01 -2.425255e-02 
 2.418872e+01 -2.364680e-02 
 2.418912e+01 -2.300199e-02 
 2.418952e+01 -2.233348e-02 
 2.418992e+01 -2.162653e-02 
 2.419031e+01 -2.089674e-02 
 2.419071e+01 -2.013691e-02 
 2.419111e+01 -1.935299e-02 
 2.419151e+01 -1.854476e-02 
 2.419190e+01 -1.771120e-02 
 2.419230e+01 -1.684770e-02 
 2.419270e+01 -1.597127e-02 
 2.419310e+01 -1.507263e-02 
 2.419350e+01 -1.415020e-02 
 2.419389e+01 -1.318751e-02 
 2.419429e+01 -1.221641e-02 
 2.419469e+01 -1.121338e-02 
 2.419509e+01 -1.019761e-02 
 2.419548e+01 -9.168635e-03 
 2.419588e+01 -8.134395e-03 
 2.419628e+01 -7.065860e-03 
 2.419668e+01 -5.989242e-03 
 2.419707e+01 -4.894535e-03 
 2.419747e+01 -3.794158e-03 
 2.419787e+01 -2.683845e-03 
 2.419827e+01 -1.570846e-03 
 2.419867e+01 -4.422634e-04 
 2.419906e+01  7.054518e-04 
 2.419946e+01  1.861651e-03 
 2.419986e+01  3.019245e-03 
 2.420026e+01  4.194585e-03 
 2.420065e+01  5.356958e-03 
 2.420105e+01  6.535006e-03 
 2.420145e+01  7.736602e-03 
 2.420185e+01  8.931151e-03 
 2.420224e+01  1.011907e-02 
 2.420264e+01  1.131306e-02 
 2.420304e+01  1.251439e-02 
 2.420344e+01  1.371347e-02 
 2.420384e+01  1.492284e-02 
 2.420423e+01  1.614129e-02 
 2.420463e+01  1.735621e-02 
 2.420503e+01  1.857387e-02 
 2.420543e+01  1.980361e-02 
 2.420582e+01  2.102607e-02 
 2.420622e+01  2.227301e-02 
 2.420662e+01  2.350968e-02 
 2.420702e+01  2.473826e-02 
 2.420741e+01  2.595405e-02 
 2.420781e+01  2.716043e-02 
 2.420821e+01  2.835708e-02 
 2.420861e+01  2.955884e-02 
 2.420901e+01  3.075368e-02 
 2.420940e+01  3.194209e-02 
 2.420980e+01  3.312438e-02 
 2.421020e+01  3.429321e-02 
 2.421060e+01  3.545542e-02 
 2.421099e+01  3.661081e-02 
 2.421139e+01  3.775195e-02 
 2.421179e+01  3.887239e-02 
 2.421219e+01  3.996702e-02 
 2.421258e+01  4.106142e-02 
 2.421298e+01  4.213726e-02 
 2.421338e+01  4.321196e-02 
 2.421378e+01  4.427249e-02 
 2.421418e+01  4.531814e-02 
 2.421457e+01  4.634019e-02 
 2.421497e+01  4.734955e-02 
 2.421537e+01  4.834321e-02 
 2.421577e+01  4.932335e-02 
 2.421616e+01  5.028052e-02 
 2.421656e+01  5.121152e-02 
 2.421696e+01  5.211450e-02 
 2.421736e+01  5.299843e-02 
 2.421775e+01  5.385803e-02 
 2.421815e+01  5.470587e-02 
 2.421855e+01  5.554892e-02 
 2.421895e+01  5.636713e-02 
 2.421935e+01  5.715022e-02 
 2.421974e+01  5.791338e-02 
 2.422014e+01  5.865980e-02 
 2.422054e+01  5.938008e-02 
 2.422094e+01  6.007039e-02 
 2.422133e+01  6.073385e-02 
 2.422173e+01  6.137234e-02 
 2.422213e+01  6.197069e-02 
 2.422253e+01  6.257353e-02 
 2.422292e+01  6.313307e-02 
 2.422332e+01  6.367614e-02 
 2.422372e+01  6.419467e-02 
 2.422412e+01  6.466990e-02 
 2.422452e+01  6.511687e-02 
 2.422491e+01  6.552975e-02 
 2.422531e+01  6.592409e-02 
 2.422571e+01  6.628519e-02 
 2.422611e+01  6.660738e-02 
 2.422650e+01  6.688427e-02 
 2.422690e+01  6.712442e-02 
 2.422730e+01  6.733458e-02 
 2.422770e+01  6.751314e-02 
 2.422809e+01  6.766793e-02 
 2.422849e+01  6.779579e-02 
 2.422889e+01  6.786376e-02 
 2.422929e+01  6.790643e-02 
 2.422969e+01  6.790610e-02 
 2.423008e+01  6.787572e-02 
 2.423048e+01  6.780532e-02 
 2.423088e+01  6.770710e-02 
 2.423128e+01  6.755338e-02 
 2.423167e+01  6.736266e-02 
 2.423207e+01  6.716337e-02 
 2.423247e+01  6.693480e-02 
 2.423287e+01  6.667451e-02 
 2.423326e+01  6.639383e-02 
 2.423366e+01  6.606803e-02 
 2.423406e+01  6.571849e-02 
 2.423446e+01  6.533675e-02 
 2.423486e+01  6.493962e-02 
 2.423525e+01  6.450969e-02 
 2.423565e+01  6.404186e-02 
 2.423605e+01  6.354948e-02 
 2.423645e+01  6.300830e-02 
 2.423684e+01  6.245249e-02 
 2.423724e+01  6.187959e-02 
 2.423764e+01  6.129043e-02 
 2.423804e+01  6.068251e-02 
 2.423843e+01  6.003462e-02 
 2.423883e+01  5.936768e-02 
 2.423923e+01  5.868284e-02 
 2.423963e+01  5.797523e-02 
 2.424003e+01  5.724130e-02 
 2.424042e+01  5.648350e-02 
 2.424082e+01  5.570299e-02 
 2.424122e+01  5.489972e-02 
 2.424162e+01  5.407180e-02 
 2.424201e+01  5.323796e-02 
 2.424241e+01  5.239324e-02 
 2.424281e+01  5.151224e-02 
 2.424321e+01  5.061223e-02 
 2.424361e+01  4.967869e-02 
 2.424400e+01  4.872990e-02 
 2.424440e+01  4.777219e-02 
 2.424480e+01  4.679757e-02 
 2.424520e+01  4.579227e-02 
 2.424559e+01  4.476131e-02 
 2.424599e+01  4.371884e-02 
 2.424639e+01  4.264848e-02 
 2.424679e+01  4.157067e-02 
 2.424718e+01  4.049557e-02 
 2.424758e+01  3.939465e-02 
 2.424798e+01  3.826852e-02 
 2.424838e+01  3.714273e-02 
 2.424878e+01  3.600004e-02 
 2.424917e+01  3.484520e-02 
 2.424957e+01  3.369318e-02 
 2.424997e+01  3.251260e-02 
 2.425037e+01  3.131958e-02 
 2.425076e+01  3.012091e-02 
 2.425116e+01  2.891774e-02 
 2.425156e+01  2.771080e-02 
 2.425196e+01  2.649657e-02 
 2.425235e+01  2.527095e-02 
 2.425275e+01  2.404314e-02 
 2.425315e+01  2.280921e-02 
 2.425355e+01  2.157792e-02 
 2.425395e+01  2.034069e-02 
 2.425434e+01  1.912014e-02 
 2.425474e+01  1.789378e-02 
 2.425514e+01  1.664570e-02 
 2.425554e+01  1.540563e-02 
 2.425593e+01  1.415196e-02 
 2.425633e+01  1.291588e-02 
 2.425673e+01  1.168253e-02 
 2.425713e+01  1.045243e-02 
 2.425752e+01  9.220211e-03 
 2.425792e+01  7.999154e-03 
 2.425832e+01  6.787759e-03 
 2.425872e+01  5.559564e-03 
 2.425912e+01  4.364038e-03 
 2.425951e+01  3.163217e-03 
 2.425991e+01  1.968034e-03 
 2.426031e+01  7.784517e-04 
 2.426071e+01 -3.894560e-04 
 2.426110e+01 -1.542120e-03 
 2.426150e+01 -2.677691e-03 
 2.426190e+01 -3.793074e-03 
 2.426230e+01 -4.905632e-03 
 2.426269e+01 -6.005110e-03 
 2.426309e+01 -7.070429e-03 
 2.426349e+01 -8.130204e-03 
 2.426389e+01 -9.173178e-03 
 2.426429e+01 -1.018813e-02 
 2.426468e+01 -1.118867e-02 
 2.426508e+01 -1.218494e-02 
 2.426548e+01 -1.315701e-02 
 2.426588e+01 -1.408570e-02 
 2.426627e+01 -1.500347e-02 
 2.426667e+01 -1.588348e-02 
 2.426707e+01 -1.673908e-02 
 2.426747e+01 -1.758031e-02 
 2.426786e+01 -1.839408e-02 
 2.426826e+01 -1.917912e-02 
 2.426866e+01 -1.993480e-02 
 2.426906e+01 -2.067150e-02 
 2.426946e+01 -2.136840e-02 
 2.426985e+01 -2.204063e-02 
 2.427025e+01 -2.268491e-02 
 2.427065e+01 -2.329333e-02 
 2.427105e+01 -2.388003e-02 
 2.427144e+01 -2.443538e-02 
 2.427184e+01 -2.497022e-02 
 2.427224e+01 -2.547674e-02 
 2.427264e+01 -2.596364e-02 
 2.427303e+01 -2.640681e-02 
 2.427343e+01 -2.681204e-02 
 2.427383e+01 -2.718876e-02 
 2.427423e+01 -2.753984e-02 
 2.427463e+01 -2.786059e-02 
 2.427502e+01 -2.815308e-02 
 2.427542e+01 -2.841773e-02 
 2.427582e+01 -2.865358e-02 
 2.427622e+01 -2.887609e-02 
 2.427661e+01 -2.906920e-02 
 2.427701e+01 -2.923753e-02 
 2.427741e+01 -2.938632e-02 
 2.427781e+01 -2.950304e-02 
 2.427820e+01 -2.957179e-02 
 2.427860e+01 -2.961190e-02 
 2.427900e+01 -2.962549e-02 
 2.427940e+01 -2.960624e-02 
 2.427980e+01 -2.954998e-02 
 2.428019e+01 -2.947155e-02 
 2.428059e+01 -2.936151e-02 
 2.428099e+01 -2.923518e-02 
 2.428139e+01 -2.907780e-02 
 2.428178e+01 -2.890361e-02 
 2.428218e+01 -2.867408e-02 
 2.428258e+01 -2.841940e-02 
 2.428298e+01 -2.812685e-02 
 2.428337e+01 -2.779947e-02 
 2.428377e+01 -2.744651e-02 
 2.428417e+01 -2.706174e-02 
 2.428457e+01 -2.665090e-02 
 2.428497e+01 -2.621027e-02 
 2.428536e+01 -2.574015e-02 
 2.428576e+01 -2.525230e-02 
 2.428616e+01 -2.474695e-02 
 2.428656e+01 -2.420759e-02 
 2.428695e+01 -2.363324e-02 
 2.428735e+01 -2.303076e-02 
 2.428775e+01 -2.239329e-02 
 2.428815e+01 -2.173192e-02 
 2.428854e+01 -2.103667e-02 
 2.428894e+01 -2.031521e-02 
 2.428934e+01 -1.956306e-02 
 2.428974e+01 -1.877901e-02 
 2.429014e+01 -1.797766e-02 
 2.429053e+01 -1.715346e-02 
 2.429093e+01 -1.632009e-02 
 2.429133e+01 -1.546598e-02 
 2.429173e+01 -1.457765e-02 
 2.429212e+01 -1.366055e-02 
 2.429252e+01 -1.271572e-02 
 2.429292e+01 -1.174739e-02 
 2.429332e+01 -1.077228e-02 
 2.429371e+01 -9.754867e-03 
 2.429411e+01 -8.725764e-03 
 2.429451e+01 -7.667086e-03 
 2.429491e+01 -6.606719e-03 
 2.429531e+01 -5.523442e-03 
 2.429570e+01 -4.453530e-03 
 2.429610e+01 -3.355483e-03 
 2.429650e+01 -2.244762e-03 
 2.429690e+01 -1.109473e-03 
 2.429729e+01  4.077055e-05 
 2.429769e+01  1.212395e-03 
 2.429809e+01  2.378662e-03 
 2.429849e+01  3.568188e-03 
 2.429888e+01  4.781185e-03 
 2.429928e+01  5.997886e-03 
 2.429968e+01  7.220786e-03 
 2.430008e+01  8.440843e-03 
 2.430048e+01  9.662041e-03 
 2.430087e+01  1.088622e-02 
 2.430127e+01  1.212860e-02 
 2.430167e+01  1.337830e-02 
 2.430207e+01  1.464935e-02 
 2.430246e+01  1.591031e-02 
 2.430286e+01  1.717908e-02 
 2.430326e+01  1.843305e-02 
 2.430366e+01  1.969215e-02 
 2.430405e+01  2.093759e-02 
 2.430445e+01  2.218437e-02 
 2.430485e+01  2.341861e-02 
 2.430525e+01  2.463107e-02 
 2.430565e+01  2.584122e-02 
 2.430604e+01  2.705489e-02 
 2.430644e+01  2.825893e-02 
 2.430684e+01  2.946027e-02 
 2.430724e+01  3.065815e-02 
 2.430763e+01  3.184343e-02 
 2.430803e+01  3.301456e-02 
 2.430843e+01  3.418009e-02 
 2.430883e+01  3.534143e-02 
 2.430922e+01  3.649302e-02 
 2.430962e+01  3.762064e-02 
 2.431002e+01  3.873174e-02 
 2.431042e+01  3.982753e-02 
 2.431082e+01  4.091421e-02 
 2.431121e+01  4.199347e-02 
 2.431161e+01  4.306104e-02 
 2.431201e+01  4.410675e-02 
 2.431241e+01  4.514125e-02 
 2.431280e+01  4.615745e-02 
 2.431320e+01  4.714974e-02 
 2.431360e+01  4.812972e-02 
 2.431400e+01  4.909780e-02 
 2.431439e+01  5.003416e-02 
 2.431479e+01  5.095317e-02 
 2.431519e+01  5.184549e-02 
 2.431559e+01  5.271451e-02 
 2.431599e+01  5.356169e-02 
 2.431638e+01  5.440641e-02 
 2.431678e+01  5.522398e-02 
 2.431718e+01  5.601805e-02 
 2.431758e+01  5.679844e-02 
 2.431797e+01  5.756298e-02 
 2.431837e+01  5.829379e-02 
 2.431877e+01  5.901875e-02 
 2.431917e+01  5.969322e-02 
 2.431956e+01  6.034486e-02 
 2.431996e+01  6.095875e-02 
 2.432036e+01  6.155215e-02 
 2.432076e+01  6.212553e-02 
 2.432116e+01  6.268429e-02 
 2.432155e+01  6.322338e-02 
 2.432195e+01  6.373048e-02 
 2.432235e+01  6.420650e-02 
 2.432275e+01  6.466337e-02 
 2.432314e+01  6.509326e-02 
 2.432354e+01  6.549776e-02 
 2.432394e+01  6.585498e-02 
 2.432434e+01  6.617926e-02 
 2.432473e+01  6.647384e-02 
 2.432513e+01  6.672662e-02 
 2.432553e+01  6.697274e-02 
 2.432593e+01  6.719199e-02 
 2.432633e+01  6.737884e-02 
 2.432672e+01  6.753093e-02 
 2.432712e+01  6.765478e-02 
 2.432752e+01  6.774401e-02 
 2.432792e+01  6.781059e-02 
 2.432831e+01  6.784237e-02 
 2.432871e+01  6.783321e-02 
 2.432911e+01  6.778352e-02 
 2.432951e+01  6.770042e-02 
 2.432990e+01  6.760020e-02 
 2.433030e+01  6.746506e-02 
 2.433070e+01  6.730007e-02 
 2.433110e+01  6.710002e-02 
 2.433150e+01  6.685240e-02 
 2.433189e+01  6.656506e-02 
 2.433229e+01  6.624882e-02 
 2.433269e+01  6.589250e-02 
 2.433309e+01  6.550587e-02 
 2.433348e+01  6.507853e-02 
 2.433388e+01  6.462866e-02 
 2.433428e+01  6.412603e-02 
 2.433468e+01  6.359721e-02 
 2.433508e+01  6.305822e-02 
 2.433547e+01  6.247977e-02 
 2.433587e+01  6.187006e-02 
 2.433627e+01  6.122632e-02 
 2.433667e+01  6.056063e-02 
 2.433706e+01  5.986120e-02 
 2.433746e+01  5.913501e-02 
 2.433786e+01  5.839873e-02 
 2.433826e+01  5.763059e-02 
 2.433865e+01  5.683199e-02 
 2.433905e+01  5.601351e-02 
 2.433945e+01  5.515828e-02 
 2.433985e+01  5.430446e-02 
 2.434025e+01  5.342241e-02 
 2.434064e+01  5.252522e-02 
 2.434104e+01  5.160529e-02 
 2.434144e+01  5.066066e-02 
 2.434184e+01  4.971118e-02 
 2.434223e+01  4.874352e-02 
 2.434263e+01  4.777545e-02 
 2.434303e+01  4.678431e-02 
 2.434343e+01  4.577059e-02 
 2.434382e+01  4.473600e-02 
 2.434422e+01  4.368967e-02 
 2.434462e+01  4.263849e-02 
 2.434502e+01  4.157492e-02 
 2.434542e+01  4.050414e-02 
 2.434581e+01  3.941381e-02 
 2.434621e+01  3.830500e-02 
 2.434661e+01  3.719544e-02 
 2.434701e+01  3.607971e-02 
 2.434740e+01  3.495515e-02 
 2.434780e+01  3.382663e-02 
 2.434820e+01  3.267220e-02 
 2.434860e+01  3.150845e-02 
 2.434899e+01  3.033924e-02 
 2.434939e+01  2.916688e-02 
 2.434979e+01  2.798156e-02 
 2.435019e+01  2.678571e-02 
 2.435059e+01  2.558595e-02 
 2.435098e+01  2.437495e-02 
 2.435138e+01  2.314461e-02 
 2.435178e+01  2.193691e-02 
 2.435218e+01  2.072071e-02 
 2.435257e+01  1.949546e-02 
 2.435297e+01  1.826276e-02 
 2.435337e+01  1.703111e-02 
 2.435377e+01  1.578588e-02 
 2.435416e+01  1.455119e-02 
 2.435456e+01  1.333446e-02 
 2.435496e+01  1.209855e-02 
 2.435536e+01  1.085779e-02 
 2.435576e+01  9.637404e-03 
 2.435615e+01  8.420538e-03 
 2.435655e+01  7.208566e-03 
 2.435695e+01  6.009974e-03 
 2.435735e+01  4.831158e-03 
 2.435774e+01  3.648728e-03 
 2.435814e+01  2.472651e-03 
 2.435854e+01  1.300007e-03 
 2.435894e+01  1.542070e-04 
 2.435933e+01 -9.965423e-04 
 2.435973e+01 -2.131662e-03 
 2.436013e+01 -3.260094e-03 
 2.436053e+01 -4.370809e-03 
 2.436093e+01 -5.470180e-03 
 2.436132e+01 -6.541705e-03 
 2.436172e+01 -7.595837e-03 
 2.436212e+01 -8.630301e-03 
 2.436252e+01 -9.653915e-03 
 2.436291e+01 -1.065698e-02 
 2.436331e+01 -1.165329e-02 
 2.436371e+01 -1.262677e-02 
 2.436411e+01 -1.357628e-02 
 2.436450e+01 -1.451292e-02 
 2.436490e+01 -1.542719e-02 
 2.436530e+01 -1.632779e-02 
 2.436570e+01 -1.720118e-02 
 2.436610e+01 -1.805326e-02 
 2.436649e+01 -1.887218e-02 
 2.436689e+01 -1.966276e-02 
 2.436729e+01 -2.043526e-02 
 2.436769e+01 -2.117890e-02 
 2.436808e+01 -2.189124e-02 
 2.436848e+01 -2.258226e-02 
 2.436888e+01 -2.323842e-02 
 2.436928e+01 -2.387151e-02 
 2.436967e+01 -2.447012e-02 
 2.437007e+01 -2.504664e-02 
 2.437047e+01 -2.559558e-02 
 2.437087e+01 -2.610648e-02 
 2.437127e+01 -2.658237e-02 
 2.437166e+01 -2.702824e-02 
 2.437206e+01 -2.744821e-02 
 2.437246e+01 -2.784600e-02 
 2.437286e+01 -2.818826e-02 
 2.437325e+01 -2.850458e-02 
 2.437365e+01 -2.879318e-02 
 2.437405e+01 -2.904405e-02 
 2.437445e+01 -2.925404e-02 
 2.437484e+01 -2.944018e-02 
 2.437524e+01 -2.960007e-02 
 2.437564e+01 -2.971337e-02 
 2.437604e+01 -2.979219e-02 
 2.437644e+01 -2.983729e-02 
 2.437683e+01 -2.984733e-02 
 2.437723e+01 -2.981643e-02 
 2.437763e+01 -2.976886e-02 
 2.437803e+01 -2.967175e-02 
 2.437842e+01 -2.954823e-02 
 2.437882e+01 -2.940963e-02 
 2.437922e+01 -2.924409e-02 
 2.437962e+01 -2.904548e-02 
 2.438001e+01 -2.882428e-02 
 2.438041e+01 -2.857682e-02 
 2.438081e+01 -2.829042e-02 
 2.438121e+01 -2.798468e-02 
 2.438161e+01 -2.765420e-02 
 2.438200e+01 -2.729312e-02 
 2.438240e+01 -2.690461e-02 
 2.438280e+01 -2.649231e-02 
 2.438320e+01 -2.604951e-02 
 2.438359e+01 -2.558416e-02 
 2.438399e+01 -2.510598e-02 
 2.438439e+01 -2.460440e-02 
 2.438479e+01 -2.407099e-02 
 2.438518e+01 -2.350202e-02 
 2.438558e+01 -2.290560e-02 
 2.438598e+01 -2.228815e-02 
 2.438638e+01 -2.163328e-02 
 2.438678e+01 -2.095377e-02 
 2.438717e+01 -2.026145e-02 
 2.438757e+01 -1.953913e-02 
 2.438797e+01 -1.879022e-02 
 2.438837e+01 -1.802149e-02 
 2.438876e+01 -1.724894e-02 
 2.438916e+01 -1.644666e-02 
 2.438956e+01 -1.561555e-02 
 2.438996e+01 -1.474421e-02 
 2.439035e+01 -1.384516e-02 
 2.439075e+01 -1.292615e-02 
 2.439115e+01 -1.198906e-02 
 2.439155e+01 -1.103679e-02 
 2.439195e+01 -1.004870e-02 
 2.439234e+01 -9.055196e-03 
 2.439274e+01 -8.036263e-03 
 2.439314e+01 -7.011332e-03 
 2.439354e+01 -5.967426e-03 
 2.439393e+01 -4.914036e-03 
 2.439433e+01 -3.835111e-03 
 2.439473e+01 -2.721206e-03 
 2.439513e+01 -1.587392e-03 
 2.439552e+01 -4.354433e-04 
 2.439592e+01  7.333408e-04 
 2.439632e+01  1.905940e-03 
 2.439672e+01  3.095837e-03 
 2.439712e+01  4.296328e-03 
 2.439751e+01  5.501923e-03 
 2.439791e+01  6.710619e-03 
 2.439831e+01  7.921629e-03 
 2.439871e+01  9.139420e-03 
 2.439910e+01  1.036887e-02 
 2.439950e+01  1.160991e-02 
 2.439990e+01  1.286659e-02 
 2.440030e+01  1.411838e-02 
 2.440069e+01  1.537012e-02 
 2.440109e+01  1.660901e-02 
 2.440149e+01  1.785267e-02 
 2.440189e+01  1.909665e-02 
 2.440229e+01  2.035181e-02 
 2.440268e+01  2.158344e-02 
 2.440308e+01  2.282305e-02 
 2.440348e+01  2.405711e-02 
 2.440388e+01  2.530077e-02 
 2.440427e+01  2.654545e-02 
 2.440467e+01  2.779102e-02 
 2.440507e+01  2.902982e-02 
 2.440547e+01  3.026083e-02 
 2.440586e+01  3.148593e-02 
 2.440626e+01  3.269197e-02 
 2.440666e+01  3.389452e-02 
 2.440706e+01  3.509037e-02 
 2.440746e+01  3.625722e-02 
 2.440785e+01  3.740719e-02 
 2.440825e+01  3.854061e-02 
 2.440865e+01  3.967157e-02 
 2.440905e+01  4.080653e-02 
 2.440944e+01  4.191520e-02 
 2.440984e+01  4.301197e-02 
 2.441024e+01  4.408109e-02 
 2.441064e+01  4.513745e-02 
 2.441103e+01  4.617368e-02 
 2.441143e+01  4.718490e-02 
 2.441183e+01  4.817888e-02 
 2.441223e+01  4.914625e-02 
 2.441263e+01  5.008134e-02 
 2.441302e+01  5.100367e-02 
 2.441342e+01  5.189769e-02 
 2.441382e+01  5.279267e-02 
 2.441422e+01  5.366499e-02 
 2.441461e+01  5.451294e-02 
 2.441501e+01  5.534587e-02 
 2.441541e+01  5.613704e-02 
 2.441581e+01  5.691115e-02 
 2.441620e+01  5.765725e-02 
 2.441660e+01  5.837472e-02 
 2.441700e+01  5.904806e-02 
 2.441740e+01  5.970352e-02 
 2.441780e+01  6.032260e-02 
 2.441819e+01  6.091959e-02 
 2.441859e+01  6.151080e-02 
 2.441899e+01  6.208653e-02 
 2.441939e+01  6.262698e-02 
 2.441978e+01  6.312650e-02 
 2.442018e+01  6.360485e-02 
 2.442058e+01  6.403080e-02 
 2.442098e+01  6.445100e-02 
 2.442137e+01  6.483718e-02 
 2.442177e+01  6.519422e-02 
 2.442217e+01  6.552099e-02 
 2.442257e+01  6.582228e-02 
 2.442297e+01  6.610028e-02 
 2.442336e+01  6.635397e-02 
 2.442376e+01  6.659464e-02 
 2.442416e+01  6.682230e-02 
 2.442456e+01  6.700912e-02 
 2.442495e+01  6.716129e-02 
 2.442535e+01  6.728412e-02 
 2.442575e+01  6.737688e-02 
 2.442615e+01  6.744255e-02 
 2.442655e+01  6.747108e-02 
 2.442694e+01  6.746186e-02 
 2.442734e+01  6.741512e-02 
 2.442774e+01  6.734915e-02 
 2.442814e+01  6.726703e-02 
 2.442853e+01  6.715563e-02 
 2.442893e+01  6.701947e-02 
 2.442933e+01  6.684072e-02 
 2.442973e+01  6.663140e-02 
 2.443012e+01  6.639455e-02 
 2.443052e+01  6.612341e-02 
 2.443092e+01  6.582883e-02 
 2.443132e+01  6.549817e-02 
 2.443172e+01  6.513245e-02 
 2.443211e+01  6.472624e-02 
 2.443251e+01  6.428233e-02 
 2.443291e+01  6.382372e-02 
 2.443331e+01  6.334103e-02 
 2.443370e+01  6.281576e-02 
 2.443410e+01  6.228188e-02 
 2.443450e+01  6.169923e-02 
 2.443490e+01  6.109297e-02 
 2.443529e+01  6.044419e-02 
 2.443569e+01  5.977695e-02 
 2.443609e+01  5.906785e-02 
 2.443649e+01  5.832035e-02 
 2.443689e+01  5.754662e-02 
 2.443728e+01  5.674621e-02 
 2.443768e+01  5.593341e-02 
 2.443808e+01  5.510154e-02 
 2.443848e+01  5.423636e-02 
 2.443887e+01  5.333953e-02 
 2.443927e+01  5.240783e-02 
 2.443967e+01  5.146307e-02 
 2.444007e+01  5.049137e-02 
 2.444046e+01  4.948913e-02 
 2.444086e+01  4.847375e-02 
 2.444126e+01  4.743662e-02 
 2.444166e+01  4.636913e-02 
 2.444206e+01  4.528883e-02 
 2.444245e+01  4.420432e-02 
 2.444285e+01  4.310753e-02 
 2.444325e+01  4.199484e-02 
 2.444365e+01  4.087443e-02 
 2.444404e+01  3.972699e-02 
 2.444444e+01  3.856905e-02 
 2.444484e+01  3.739696e-02 
 2.444524e+01  3.622798e-02 
 2.444563e+01  3.503747e-02 
 2.444603e+01  3.383934e-02 
 2.444643e+01  3.264114e-02 
 2.444683e+01  3.143132e-02 
 2.444723e+01  3.022545e-02 
 2.444762e+01  2.902264e-02 
 2.444802e+01  2.780809e-02 
 2.444842e+01  2.658584e-02 
 2.444882e+01  2.535386e-02 
 2.444921e+01  2.413285e-02 
 2.444961e+01  2.291106e-02 
 2.445001e+01  2.169038e-02 
 2.445041e+01  2.049146e-02 
 2.445080e+01  1.928521e-02 
 2.445120e+01  1.807266e-02 
 2.445160e+01  1.686518e-02 
 2.445200e+01  1.567347e-02 
 2.445240e+01  1.447872e-02 
 2.445279e+01  1.328884e-02 
 2.445319e+01  1.210675e-02 
 2.445359e+01  1.093164e-02 
 2.445399e+01  9.756253e-03 
 2.445438e+01  8.595137e-03 
 2.445478e+01  7.442600e-03 
 2.445518e+01  6.298330e-03 
 2.445558e+01  5.141970e-03 
 2.445597e+01  3.988249e-03 
 2.445637e+01  2.842934e-03 
 2.445677e+01  1.711707e-03 
 2.445717e+01  5.895474e-04 
 2.445757e+01 -5.347976e-04 
 2.445796e+01 -1.635046e-03 
 2.445836e+01 -2.729848e-03 
 2.445876e+01 -3.813745e-03 
 2.445916e+01 -4.881250e-03 
 2.445955e+01 -5.930715e-03 
 2.445995e+01 -6.975519e-03 
 2.446035e+01 -8.018785e-03 
 2.446075e+01 -9.046056e-03 
 2.446114e+01 -1.007263e-02 
 2.446154e+01 -1.108371e-02 
 2.446194e+01 -1.206527e-02 
 2.446234e+01 -1.302759e-02 
 2.446274e+01 -1.397493e-02 
 2.446313e+01 -1.489637e-02 
 2.446353e+01 -1.579710e-02 
 2.446393e+01 -1.667089e-02 
 2.446433e+01 -1.751649e-02 
 2.446472e+01 -1.834530e-02 
 2.446512e+01 -1.915763e-02 
 2.446552e+01 -1.996275e-02 
 2.446592e+01 -2.072107e-02 
 2.446631e+01 -2.146411e-02 
 2.446671e+01 -2.218400e-02 
 2.446711e+01 -2.286462e-02 
 2.446751e+01 -2.352764e-02 
 2.446791e+01 -2.416173e-02 
 2.446830e+01 -2.477084e-02 
 2.446870e+01 -2.532850e-02 
 2.446910e+01 -2.587187e-02 
 2.446950e+01 -2.637088e-02 
 2.446989e+01 -2.684733e-02 
 2.447029e+01 -2.729209e-02 
 2.447069e+01 -2.772004e-02 
 2.447109e+01 -2.810871e-02 
 2.447148e+01 -2.846029e-02 
 2.447188e+01 -2.878319e-02 
 2.447228e+01 -2.907284e-02 
 2.447268e+01 -2.932403e-02 
 2.447308e+01 -2.952933e-02 
 2.447347e+01 -2.970951e-02 
 2.447387e+01 -2.983805e-02 
 2.447427e+01 -2.994637e-02 
 2.447467e+01 -3.003337e-02 
 2.447506e+01 -3.009280e-02 
 2.447546e+01 -3.011122e-02 
 2.447586e+01 -3.010646e-02 
 2.447626e+01 -3.006576e-02 
 2.447665e+01 -2.999901e-02 
 2.447705e+01 -2.989919e-02 
 2.447745e+01 -2.976399e-02 
 2.447785e+01 -2.958404e-02 
 2.447825e+01 -2.936149e-02 
 2.447864e+01 -2.910964e-02 
 2.447904e+01 -2.882102e-02 
 2.447944e+01 -2.850170e-02 
 2.447984e+01 -2.815012e-02 
 2.448023e+01 -2.778626e-02 
 2.448063e+01 -2.737894e-02 
 2.448103e+01 -2.694721e-02 
 2.448143e+01 -2.648068e-02 
 2.448182e+01 -2.597957e-02 
 2.448222e+01 -2.544614e-02 
 2.448262e+01 -2.488124e-02 
 2.448302e+01 -2.427148e-02 
 2.448342e+01 -2.363283e-02 
 2.448381e+01 -2.298909e-02 
 2.448421e+01 -2.230700e-02 
 2.448461e+01 -2.161172e-02 
 2.448501e+01 -2.090102e-02 
 2.448540e+01 -2.015504e-02 
 2.448580e+01 -1.940196e-02 
 2.448620e+01 -1.862087e-02 
 2.448660e+01 -1.783006e-02 
 2.448699e+01 -1.701263e-02 
 2.448739e+01 -1.617891e-02 
 2.448779e+01 -1.532009e-02 
 2.448819e+01 -1.443270e-02 
 2.448859e+01 -1.352945e-02 
 2.448898e+01 -1.261735e-02 
 2.448938e+01 -1.169103e-02 
 2.448978e+01 -1.075136e-02 
 2.449018e+01 -9.798386e-03 
 2.449057e+01 -8.842310e-03 
 2.449097e+01 -7.854685e-03 
 2.449137e+01 -6.854091e-03 
 2.449177e+01 -5.840259e-03 
 2.449216e+01 -4.809364e-03 
 2.449256e+01 -3.743391e-03 
 2.449296e+01 -2.679992e-03 
 2.449336e+01 -1.595433e-03 
 2.449376e+01 -4.938541e-04 
 2.449415e+01  5.974684e-04 
 2.449455e+01  1.705717e-03 
 2.449495e+01  2.823130e-03 
 2.449535e+01  3.948164e-03 
 2.449574e+01  5.069991e-03 
 2.449614e+01  6.211969e-03 
 2.449654e+01  7.361976e-03 
 2.449694e+01  8.527378e-03 
 2.449733e+01  9.718074e-03 
 2.449773e+01  1.093544e-02 
 2.449813e+01  1.215728e-02 
 2.449853e+01  1.339419e-02 
 2.449893e+01  1.463147e-02 
 2.449932e+01  1.586349e-02 
 2.449972e+01  1.710337e-02 
 2.450012e+01  1.834870e-02 
 2.450052e+01  1.959551e-02 
 2.450091e+01  2.083250e-02 
 2.450131e+01  2.207462e-02 
 2.450171e+01  2.333880e-02 
 2.450211e+01  2.461712e-02 
 2.450250e+01  2.588851e-02 
 2.450290e+01  2.716162e-02 
 2.450330e+01  2.842247e-02 
 2.450370e+01  2.967061e-02 
 2.450410e+01  3.090834e-02 
 2.450449e+01  3.213939e-02 
 2.450489e+01  3.335676e-02 
 2.450529e+01  3.456180e-02 
 2.450569e+01  3.573480e-02 
 2.450608e+01  3.690122e-02 
 2.450648e+01  3.806980e-02 
 2.450688e+01  3.923867e-02 
 2.450728e+01  4.038973e-02 
 2.450767e+01  4.153711e-02 
 2.450807e+01  4.265621e-02 
 2.450847e+01  4.374654e-02 
 2.450887e+01  4.481899e-02 
 2.450927e+01  4.587975e-02 
 2.450966e+01  4.690949e-02 
 2.451006e+01  4.792263e-02 
 2.451046e+01  4.891548e-02 
 2.451086e+01  4.987955e-02 
 2.451125e+01  5.083193e-02 
 2.451165e+01  5.177796e-02 
 2.451205e+01  5.271129e-02 
 2.451245e+01  5.361288e-02 
 2.451284e+01  5.447789e-02 
 2.451324e+01  5.531898e-02 
 2.451364e+01  5.613029e-02 
 2.451404e+01  5.692479e-02 
 2.451444e+01  5.768622e-02 
 2.451483e+01  5.841562e-02 
 2.451523e+01  5.911015e-02 
 2.451563e+01  5.977298e-02 
 2.451603e+01  6.041845e-02 
 2.451642e+01  6.104468e-02 
 2.451682e+01  6.164676e-02 
 2.451722e+01  6.223712e-02 
 2.451762e+01  6.277981e-02 
 2.451801e+01  6.328719e-02 
 2.451841e+01  6.377028e-02 
 2.451881e+01  6.422698e-02 
 2.451921e+01  6.464968e-02 
 2.451961e+01  6.504794e-02 
 2.452000e+01  6.540132e-02 
 2.452040e+01  6.572502e-02 
 2.452080e+01  6.602437e-02 
 2.452120e+01  6.630320e-02 
 2.452159e+01  6.655193e-02 
 2.452199e+01  6.676512e-02 
 2.452239e+01  6.695189e-02 
 2.452279e+01  6.709082e-02 
 2.452319e+01  6.719338e-02 
 2.452358e+01  6.727998e-02 
 2.452398e+01  6.732912e-02 
 2.452438e+01  6.734375e-02 
 2.452478e+01  6.731905e-02 
 2.452517e+01  6.726699e-02 
 2.452557e+01  6.719989e-02 
 2.452597e+01  6.710515e-02 
 2.452637e+01  6.700197e-02 
 2.452676e+01  6.686045e-02 
 2.452716e+01  6.670198e-02 
 2.452756e+01  6.650642e-02 
 2.452796e+01  6.627480e-02 
 2.452836e+01  6.601008e-02 
 2.452875e+01  6.572774e-02 
 2.452915e+01  6.541719e-02 
 2.452955e+01  6.507431e-02 
 2.452995e+01  6.469949e-02 
 2.453034e+01  6.431621e-02 
 2.453074e+01  6.389433e-02 
 2.453114e+01  6.346830e-02 
 2.453154e+01  6.302333e-02 
 2.453193e+01  6.253193e-02 
 2.453233e+01  6.201638e-02 
 2.453273e+01  6.147222e-02 
 2.453313e+01  6.089203e-02 
 2.453353e+01  6.028097e-02 
 2.453392e+01  5.965314e-02 
 2.453432e+01  5.900070e-02 
 2.453472e+01  5.830258e-02 
 2.453512e+01  5.758938e-02 
 2.453551e+01  5.685545e-02 
 2.453591e+01  5.610040e-02 
 2.453631e+01  5.531857e-02 
 2.453671e+01  5.451054e-02 
 2.453710e+01  5.365877e-02 
 2.453750e+01  5.278306e-02 
 2.453790e+01  5.188234e-02 
 2.453830e+01  5.096251e-02 
 2.453870e+01  5.001157e-02 
 2.453909e+01  4.904232e-02 
 2.453949e+01  4.805474e-02 
 2.453989e+01  4.703412e-02 
 2.454029e+01  4.599201e-02 
 2.454068e+01  4.494648e-02 
 2.454108e+01  4.388212e-02 
 2.454148e+01  4.278742e-02 
 2.454188e+01  4.166941e-02 
 2.454227e+01  4.053571e-02 
 2.454267e+01  3.939012e-02 
 2.454307e+01  3.821821e-02 
 2.454347e+01  3.704362e-02 
 2.454387e+01  3.584976e-02 
 2.454426e+01  3.462850e-02 
 2.454466e+01  3.341219e-02 
 2.454506e+01  3.218721e-02 
 2.454546e+01  3.095340e-02 
 2.454585e+01  2.971902e-02 
 2.454625e+01  2.848489e-02 
 2.454665e+01  2.723392e-02 
 2.454705e+01  2.596879e-02 
 2.454744e+01  2.472587e-02 
 2.454784e+01  2.347032e-02 
 2.454824e+01  2.221252e-02 
 2.454864e+01  2.095669e-02 
 2.454904e+01  1.967950e-02 
 2.454943e+01  1.841217e-02 
 2.454983e+01  1.715765e-02 
 2.455023e+01  1.591925e-02 
 2.455063e+01  1.466821e-02 
 2.455102e+01  1.342125e-02 
 2.455142e+01  1.219649e-02 
 2.455182e+01  1.095296e-02 
 2.455222e+01  9.726218e-03 
 2.455261e+01  8.520337e-03 
 2.455301e+01  7.320599e-03 
 2.455341e+01  6.117730e-03 
 2.455381e+01  4.935814e-03 
 2.455421e+01  3.758797e-03 
 2.455460e+01  2.599193e-03 
 2.455500e+01  1.462651e-03 
 2.455540e+01  3.357944e-04 
 2.455580e+01 -7.907071e-04 
 2.455619e+01 -1.895615e-03 
 2.455659e+01 -2.983384e-03 
 2.455699e+01 -4.057799e-03 
 2.455739e+01 -5.117005e-03 
 2.455778e+01 -6.144736e-03 
 2.455818e+01 -7.152517e-03 
 2.455858e+01 -8.167373e-03 
 2.455898e+01 -9.148348e-03 
 2.455938e+01 -1.010569e-02 
 2.455977e+01 -1.104588e-02 
 2.456017e+01 -1.196914e-02 
 2.456057e+01 -1.287208e-02 
 2.456097e+01 -1.377088e-02 
 2.456136e+01 -1.464961e-02 
 2.456176e+01 -1.548903e-02 
 2.456216e+01 -1.631443e-02 
 2.456256e+01 -1.713287e-02 
 2.456295e+01 -1.792135e-02 
 2.456335e+01 -1.869340e-02 
 2.456375e+01 -1.945713e-02 
 2.456415e+01 -2.019218e-02 
 2.456455e+01 -2.089988e-02 
 2.456494e+01 -2.158549e-02 
 2.456534e+01 -2.225204e-02 
 2.456574e+01 -2.288706e-02 
 2.456614e+01 -2.349789e-02 
 2.456653e+01 -2.407749e-02 
 2.456693e+01 -2.462805e-02 
 2.456733e+01 -2.515679e-02 
 2.456773e+01 -2.566841e-02 
 2.456812e+01 -2.616303e-02 
 2.456852e+01 -2.662125e-02 
 2.456892e+01 -2.707112e-02 
 2.456932e+01 -2.748051e-02 
 2.456972e+01 -2.786343e-02 
 2.457011e+01 -2.822006e-02 
 2.457051e+01 -2.854283e-02 
 2.457091e+01 -2.882996e-02 
 2.457131e+01 -2.908526e-02 
 2.457170e+01 -2.931232e-02 
 2.457210e+01 -2.950432e-02 
 2.457250e+01 -2.967912e-02 
 2.457290e+01 -2.983102e-02 
 2.457329e+01 -2.994605e-02 
 2.457369e+01 -3.002171e-02 
 2.457409e+01 -3.007481e-02 
 2.457449e+01 -3.007646e-02 
 2.457489e+01 -3.004800e-02 
 2.457528e+01 -2.997851e-02 
 2.457568e+01 -2.987811e-02 
 2.457608e+01 -2.973546e-02 
 2.457648e+01 -2.956224e-02 
 2.457687e+01 -2.934723e-02 
 2.457727e+01 -2.910319e-02 
 2.457767e+01 -2.882997e-02 
 2.457807e+01 -2.853512e-02 
 2.457846e+01 -2.818970e-02 
 2.457886e+01 -2.781799e-02 
 2.457926e+01 -2.739843e-02 
 2.457966e+01 -2.696435e-02 
 2.458006e+01 -2.648245e-02 
 2.458045e+01 -2.597088e-02 
 2.458085e+01 -2.542716e-02 
 2.458125e+01 -2.485605e-02 
 2.458165e+01 -2.424739e-02 
 2.458204e+01 -2.362119e-02 
 2.458244e+01 -2.297732e-02 
 2.458284e+01 -2.229745e-02 
 2.458324e+01 -2.159317e-02 
 2.458363e+01 -2.086204e-02 
 2.458403e+01 -2.010678e-02 
 2.458443e+01 -1.931523e-02 
 2.458483e+01 -1.851504e-02 
 2.458523e+01 -1.767181e-02 
 2.458562e+01 -1.679291e-02 
 2.458602e+01 -1.588855e-02 
 2.458642e+01 -1.497802e-02 
 2.458682e+01 -1.402177e-02 
 2.458721e+01 -1.307066e-02 
 2.458761e+01 -1.210248e-02 
 2.458801e+01 -1.111497e-02 
 2.458841e+01 -1.010976e-02 
 2.458880e+01 -9.094819e-03 
 2.458920e+01 -8.060296e-03 
 2.458960e+01 -7.003940e-03 
 2.459000e+01 -5.938645e-03 
 2.459040e+01 -4.856721e-03 
 2.459079e+01 -3.752238e-03 
 2.459119e+01 -2.660196e-03 
 2.459159e+01 -1.551839e-03 
 2.459199e+01 -4.391923e-04 
 2.459238e+01  6.728270e-04 
 2.459278e+01  1.798332e-03 
 2.459318e+01  2.944967e-03 
 2.459358e+01  4.090239e-03 
 2.459397e+01  5.246299e-03 
 2.459437e+01  6.423127e-03 
 2.459477e+01  7.604158e-03 
 2.459517e+01  8.795655e-03 
 2.459557e+01  9.998374e-03 
 2.459596e+01  1.120817e-02 
 2.459636e+01  1.239298e-02 
 2.459676e+01  1.357937e-02 
 2.459716e+01  1.476753e-02 
 2.459755e+01  1.595195e-02 
 2.459795e+01  1.714994e-02 
 2.459835e+01  1.835502e-02 
 2.459875e+01  1.954526e-02 
 2.459914e+01  2.074604e-02 
 2.459954e+01  2.195663e-02 
 2.459994e+01  2.315862e-02 
 2.460034e+01  2.435798e-02 
 2.460074e+01  2.555568e-02 
 2.460113e+01  2.673823e-02 
 2.460153e+01  2.791369e-02 
 2.460193e+01  2.908283e-02 
 2.460233e+01  3.026653e-02 
 2.460272e+01  3.143742e-02 
 2.460312e+01  3.260653e-02 
 2.460352e+01  3.376790e-02 
 2.460392e+01  3.493632e-02 
 2.460431e+01  3.609209e-02 
 2.460471e+01  3.725967e-02 
 2.460511e+01  3.842028e-02 
 2.460551e+01  3.957034e-02 
 2.460591e+01  4.069544e-02 
 2.460630e+01  4.179888e-02 
 2.460670e+01  4.289921e-02 
 2.460710e+01  4.397396e-02 
 2.460750e+01  4.505297e-02 
 2.460789e+01  4.611447e-02 
 2.460829e+01  4.716958e-02 
 2.460869e+01  4.819475e-02 
 2.460909e+01  4.921006e-02 
 2.460948e+01  5.021858e-02 
 2.460988e+01  5.120342e-02 
 2.461028e+01  5.216221e-02 
 2.461068e+01  5.308898e-02 
 2.461108e+01  5.397878e-02 
 2.461147e+01  5.484976e-02 
 2.461187e+01  5.569340e-02 
 2.461227e+01  5.651652e-02 
 2.461267e+01  5.731363e-02 
 2.461306e+01  5.808707e-02 
 2.461346e+01  5.883643e-02 
 2.461386e+01  5.956649e-02 
 2.461426e+01  6.028111e-02 
 2.461466e+01  6.097624e-02 
 2.461505e+01  6.163711e-02 
 2.461545e+01  6.225985e-02 
 2.461585e+01  6.283445e-02 
 2.461625e+01  6.337046e-02 
 2.461664e+01  6.388027e-02 
 2.461704e+01  6.436142e-02 
 2.461744e+01  6.481506e-02 
 2.461784e+01  6.523230e-02 
 2.461823e+01  6.562450e-02 
 2.461863e+01  6.597798e-02 
 2.461903e+01  6.631608e-02 
 2.461943e+01  6.662388e-02 
 2.461983e+01  6.689493e-02 
 2.462022e+01  6.712132e-02 
 2.462062e+01  6.730823e-02 
 2.462102e+01  6.746429e-02 
 2.462142e+01  6.757510e-02 
 2.462181e+01  6.766963e-02 
 2.462221e+01  6.773213e-02 
 2.462261e+01  6.775882e-02 
 2.462301e+01  6.774575e-02 
 2.462340e+01  6.771989e-02 
 2.462380e+01  6.767120e-02 
 2.462420e+01  6.758017e-02 
 2.462460e+01  6.746324e-02 
 2.462500e+01  6.730893e-02 
 2.462539e+01  6.709459e-02 
 2.462579e+01  6.685985e-02 
 2.462619e+01  6.659319e-02 
 2.462659e+01  6.628949e-02 
 2.462698e+01  6.597196e-02 
 2.462738e+01  6.562346e-02 
 2.462778e+01  6.524425e-02 
 2.462818e+01  6.483167e-02 
 2.462857e+01  6.441204e-02 
 2.462897e+01  6.396872e-02 
 2.462937e+01  6.347052e-02 
 2.462977e+01  6.295937e-02 
 2.463017e+01  6.240986e-02 
 2.463056e+01  6.183612e-02 
 2.463096e+01  6.122288e-02 
 2.463136e+01  6.060970e-02 
 2.463176e+01  5.996242e-02 
 2.463215e+01  5.928923e-02 
 2.463255e+01  5.861404e-02 
 2.463295e+01  5.790677e-02 
 2.463335e+01  5.719638e-02 
 2.463374e+01  5.647539e-02 
 2.463414e+01  5.573526e-02 
 2.463454e+01  5.495572e-02 
 2.463494e+01  5.416319e-02 
 2.463534e+01  5.333194e-02 
 2.463573e+01  5.248397e-02 
 2.463613e+01  5.161542e-02 
 2.463653e+01  5.073877e-02 
 2.463693e+01  4.983120e-02 
 2.463732e+01  4.891381e-02 
 2.463772e+01  4.797686e-02 
 2.463812e+01  4.702215e-02 
 2.463852e+01  4.605718e-02 
 2.463891e+01  4.507535e-02 
 2.463931e+01  4.407399e-02 
 2.463971e+01  4.303831e-02 
 2.464011e+01  4.198110e-02 
 2.464051e+01  4.089984e-02 
 2.464090e+01  3.981403e-02 
 2.464130e+01  3.870996e-02 
 2.464170e+01  3.758606e-02 
 2.464210e+01  3.644086e-02 
 2.464249e+01  3.528921e-02 
 2.464289e+01  3.412901e-02 
 2.464329e+01  3.295784e-02 
 2.464369e+01  3.178226e-02 
 2.464408e+01  3.058291e-02 
 2.464448e+01  2.935872e-02 
 2.464488e+01  2.811456e-02 
 2.464528e+01  2.685613e-02 
 2.464568e+01  2.560426e-02 
 2.464607e+01  2.434542e-02 
 2.464647e+01  2.307256e-02 
 2.464687e+01  2.179337e-02 
 2.464727e+01  2.052665e-02 
 2.464766e+01  1.924729e-02 
 2.464806e+01  1.797844e-02 
 2.464846e+01  1.670873e-02 
 2.464886e+01  1.544091e-02 
 2.464925e+01  1.416039e-02 
 2.464965e+01  1.289107e-02 
 2.465005e+01  1.162047e-02 
 2.465045e+01  1.034821e-02 
 2.465085e+01  9.100772e-03 
 2.465124e+01  7.851499e-03 
 2.465164e+01  6.607538e-03 
 2.465204e+01  5.372016e-03 
 2.465244e+01  4.164932e-03 
 2.465283e+01  2.962466e-03 
 2.465323e+01  1.780748e-03 
 2.465363e+01  6.266689e-04 
 2.465403e+01 -5.347310e-04 
 2.465442e+01 -1.680603e-03 
 2.465482e+01 -2.800251e-03 
 2.465522e+01 -3.902599e-03 
 2.465562e+01 -5.000591e-03 
 2.465602e+01 -6.067124e-03 
 2.465641e+01 -7.122153e-03 
 2.465681e+01 -8.166625e-03 
 2.465721e+01 -9.204479e-03 
 2.465761e+01 -1.019759e-02 
 2.465800e+01 -1.117633e-02 
 2.465840e+01 -1.214759e-02 
 2.465880e+01 -1.308120e-02 
 2.465920e+01 -1.399611e-02 
 2.465959e+01 -1.488975e-02 
 2.465999e+01 -1.575722e-02 
 2.466039e+01 -1.659523e-02 
 2.466079e+01 -1.742966e-02 
 2.466119e+01 -1.823146e-02 
 2.466158e+01 -1.901291e-02 
 2.466198e+01 -1.975764e-02 
 2.466238e+01 -2.048189e-02 
 2.466278e+01 -2.115305e-02 
 2.466317e+01 -2.180768e-02 
 2.466357e+01 -2.244101e-02 
 2.466397e+01 -2.304829e-02 
 2.466437e+01 -2.362278e-02 
 2.466476e+01 -2.417858e-02 
 2.466516e+01 -2.470812e-02 
 2.466556e+01 -2.521507e-02 
 2.466596e+01 -2.569851e-02 
 2.466636e+01 -2.615488e-02 
 2.466675e+01 -2.657201e-02 
 2.466715e+01 -2.696849e-02 
 2.466755e+01 -2.733002e-02 
 2.466795e+01 -2.765918e-02 
 2.466834e+01 -2.796553e-02 
 2.466874e+01 -2.824398e-02 
 2.466914e+01 -2.849310e-02 
 2.466954e+01 -2.870978e-02 
 2.466993e+01 -2.889879e-02 
 2.467033e+01 -2.907790e-02 
 2.467073e+01 -2.922251e-02 
 2.467113e+01 -2.934202e-02 
 2.467153e+01 -2.942338e-02 
 2.467192e+01 -2.947056e-02 
 2.467232e+01 -2.948286e-02 
 2.467272e+01 -2.948125e-02 
 2.467312e+01 -2.945478e-02 
 2.467351e+01 -2.939314e-02 
 2.467391e+01 -2.931147e-02 
 2.467431e+01 -2.919674e-02 
 2.467471e+01 -2.905277e-02 
 2.467510e+01 -2.888257e-02 
 2.467550e+01 -2.869023e-02 
 2.467590e+01 -2.847620e-02 
 2.467630e+01 -2.822157e-02 
 2.467670e+01 -2.794037e-02 
 2.467709e+01 -2.763256e-02 
 2.467749e+01 -2.728569e-02 
 2.467789e+01 -2.691905e-02 
 2.467829e+01 -2.650651e-02 
 2.467868e+01 -2.606493e-02 
 2.467908e+01 -2.558198e-02 
 2.467948e+01 -2.508628e-02 
 2.467988e+01 -2.456245e-02 
 2.468027e+01 -2.400519e-02 
 2.468067e+01 -2.342927e-02 
 2.468107e+01 -2.281122e-02 
 2.468147e+01 -2.214624e-02 
 2.468187e+01 -2.143907e-02 
 2.468226e+01 -2.071495e-02 
 2.468266e+01 -1.994745e-02 
 2.468306e+01 -1.915161e-02 
 2.468346e+01 -1.832565e-02 
 2.468385e+01 -1.747211e-02 
 2.468425e+01 -1.659681e-02 
 2.468465e+01 -1.570720e-02 
 2.468505e+01 -1.479357e-02 
 2.468544e+01 -1.386859e-02 
 2.468584e+01 -1.291885e-02 
 2.468624e+01 -1.194725e-02 
 2.468664e+01 -1.093791e-02 
 2.468704e+01 -9.906056e-03 
 2.468743e+01 -8.857576e-03 
 2.468783e+01 -7.774126e-03 
 2.468823e+01 -6.676814e-03 
 2.468863e+01 -5.567194e-03 
 2.468902e+01 -4.434452e-03 
 2.468942e+01 -3.308091e-03 
 2.468982e+01 -2.176671e-03 
 2.469022e+01 -1.028492e-03 
 2.469061e+01  1.395862e-04 
 2.469101e+01  1.326447e-03 
 2.469141e+01  2.520613e-03 
 2.469181e+01  3.736870e-03 
 2.469221e+01  4.939851e-03 
 2.469260e+01  6.161661e-03 
 2.469300e+01  7.390266e-03 
 2.469340e+01  8.618131e-03 
 2.469380e+01  9.851424e-03 
 2.469419e+01  1.107681e-02 
 2.469459e+01  1.229577e-02 
 2.469499e+01  1.350910e-02 
 2.469539e+01  1.472824e-02 
 2.469578e+01  1.595372e-02 
 2.469618e+01  1.716939e-02 
 2.469658e+01  1.839298e-02 
 2.469698e+01  1.961734e-02 
 2.469738e+01  2.084117e-02 
 2.469777e+01  2.206373e-02 
 2.469817e+01  2.328704e-02 
 2.469857e+01  2.450574e-02 
 2.469897e+01  2.570179e-02 
 2.469936e+01  2.688937e-02 
 2.469976e+01  2.806566e-02 
 2.470016e+01  2.924957e-02 
 2.470056e+01  3.042301e-02 
 2.470095e+01  3.159967e-02 
 2.470135e+01  3.276547e-02 
 2.470175e+01  3.392197e-02 
 2.470215e+01  3.506994e-02 
 2.470255e+01  3.622014e-02 
 2.470294e+01  3.736180e-02 
 2.470334e+01  3.848006e-02 
 2.470374e+01  3.957699e-02 
 2.470414e+01  4.065460e-02 
 2.470453e+01  4.170461e-02 
 2.470493e+01  4.274059e-02 
 2.470533e+01  4.376923e-02 
 2.470573e+01  4.479383e-02 
 2.470613e+01  4.580602e-02 
 2.470652e+01  4.679431e-02 
 2.470692e+01  4.778421e-02 
 2.470732e+01  4.876590e-02 
 2.470772e+01  4.972620e-02 
 2.470811e+01  5.066593e-02 
 2.470851e+01  5.158096e-02 
 2.470891e+01  5.246836e-02 
 2.470931e+01  5.333038e-02 
 2.470970e+01  5.418175e-02 
 2.471010e+01  5.503147e-02 
 2.471050e+01  5.585328e-02 
 2.471090e+01  5.666399e-02 
 2.471130e+01  5.745432e-02 
 2.471169e+01  5.821479e-02 
 2.471209e+01  5.895899e-02 
 2.471249e+01  5.967118e-02 
 2.471289e+01  6.036218e-02 
 2.471328e+01  6.100942e-02 
 2.471368e+01  6.162585e-02 
 2.471408e+01  6.221404e-02 
 2.471448e+01  6.278061e-02 
 2.471487e+01  6.332289e-02 
 2.471527e+01  6.385255e-02 
 2.471567e+01  6.434882e-02 
 2.471607e+01  6.480795e-02 
 2.471647e+01  6.524511e-02 
 2.471686e+01  6.565944e-02 
 2.471726e+01  6.603536e-02 
 2.471766e+01  6.638721e-02 
 2.471806e+01  6.670408e-02 
 2.471845e+01  6.696360e-02 
 2.471885e+01  6.719468e-02 
 2.471925e+01  6.741208e-02 
 2.471965e+01  6.759085e-02 
 2.472004e+01  6.773420e-02 
 2.472044e+01  6.785194e-02 
 2.472084e+01  6.793546e-02 
 2.472124e+01  6.797153e-02 
 2.472164e+01  6.799029e-02 
 2.472203e+01  6.798625e-02 
 2.472243e+01  6.794089e-02 
 2.472283e+01  6.784925e-02 
 2.472323e+01  6.772148e-02 
 2.472362e+01  6.755830e-02 
 2.472402e+01  6.734894e-02 
 2.472442e+01  6.711966e-02 
 2.472482e+01  6.685977e-02 
 2.472521e+01  6.655547e-02 
 2.472561e+01  6.621142e-02 
 2.472601e+01  6.584679e-02 
 2.472641e+01  6.545721e-02 
 2.472681e+01  6.504664e-02 
 2.472720e+01  6.460105e-02 
 2.472760e+01  6.411108e-02 
 2.472800e+01  6.358503e-02 
 2.472840e+01  6.301962e-02 
 2.472879e+01  6.243967e-02 
 2.472919e+01  6.183000e-02 
 2.472959e+01  6.120179e-02 
 2.472999e+01  6.054626e-02 
 2.473038e+01  5.984936e-02 
 2.473078e+01  5.913604e-02 
 2.473118e+01  5.840684e-02 
 2.473158e+01  5.764507e-02 
 2.473198e+01  5.686590e-02 
 2.473237e+01  5.605451e-02 
 2.473277e+01  5.520180e-02 
 2.473317e+01  5.433361e-02 
 2.473357e+01  5.343862e-02 
 2.473396e+01  5.253783e-02 
 2.473436e+01  5.161194e-02 
 2.473476e+01  5.067855e-02 
 2.473516e+01  4.971773e-02 
 2.473555e+01  4.874243e-02 
 2.473595e+01  4.776153e-02 
 2.473635e+01  4.677083e-02 
 2.473675e+01  4.576104e-02 
 2.473715e+01  4.472929e-02 
 2.473754e+01  4.368268e-02 
 2.473794e+01  4.261579e-02 
 2.473834e+01  4.154512e-02 
 2.473874e+01  4.047743e-02 
 2.473913e+01  3.940576e-02 
 2.473953e+01  3.831278e-02 
 2.473993e+01  3.720633e-02 
 2.474033e+01  3.610593e-02 
 2.474072e+01  3.497558e-02 
 2.474112e+01  3.384790e-02 
 2.474152e+01  3.271182e-02 
 2.474192e+01  3.157016e-02 
 2.474232e+01  3.040213e-02 
 2.474271e+01  2.923336e-02 
 2.474311e+01  2.806704e-02 
 2.474351e+01  2.688506e-02 
 2.474391e+01  2.571320e-02 
 2.474430e+01  2.454481e-02 
 2.474470e+01  2.335385e-02 
 2.474510e+01  2.216502e-02 
 2.474550e+01  2.097363e-02 
 2.474589e+01  1.977508e-02 
 2.474629e+01  1.856681e-02 
 2.474669e+01  1.735350e-02 
 2.474709e+01  1.614086e-02 
 2.474749e+01  1.491092e-02 
 2.474788e+01  1.368942e-02 
 2.474828e+01  1.246835e-02 
 2.474868e+01  1.126049e-02 
 2.474908e+01  1.004945e-02 
 2.474947e+01  8.842747e-03 
 2.474987e+01  7.631960e-03 
 2.475027e+01  6.418648e-03 
 2.475067e+01  5.213461e-03 
 2.475106e+01  4.026583e-03 
 2.475146e+01  2.828692e-03 
 2.475186e+01  1.630029e-03 
 2.475226e+01  4.444286e-04 
 2.475266e+01 -7.468679e-04 
 2.475305e+01 -1.919051e-03 
 2.475345e+01 -3.079111e-03 
 2.475385e+01 -4.216073e-03 
 2.475425e+01 -5.351626e-03 
 2.475464e+01 -6.465674e-03 
 2.475504e+01 -7.567424e-03 
 2.475544e+01 -8.644898e-03 
 2.475584e+01 -9.704285e-03 
 2.475623e+01 -1.074625e-02 
 2.475663e+01 -1.177293e-02 
 2.475703e+01 -1.277108e-02 
 2.475743e+01 -1.374866e-02 
 2.475783e+01 -1.469221e-02 
 2.475822e+01 -1.561347e-02 
 2.475862e+01 -1.650423e-02 
 2.475902e+01 -1.737132e-02 
 2.475942e+01 -1.822393e-02 
 2.475981e+01 -1.903120e-02 
 2.476021e+01 -1.982445e-02 
 2.476061e+01 -2.058348e-02 
 2.476101e+01 -2.131490e-02 
 2.476140e+01 -2.201415e-02 
 2.476180e+01 -2.270336e-02 
 2.476220e+01 -2.334449e-02 
 2.476260e+01 -2.395044e-02 
 2.476300e+01 -2.452914e-02 
 2.476339e+01 -2.508579e-02 
 2.476379e+01 -2.560561e-02 
 2.476419e+01 -2.609539e-02 
 2.476459e+01 -2.655749e-02 
 2.476498e+01 -2.697929e-02 
 2.476538e+01 -2.736840e-02 
 2.476578e+01 -2.773403e-02 
 2.476618e+01 -2.806095e-02 
 2.476657e+01 -2.835822e-02 
 2.476697e+01 -2.862268e-02 
 2.476737e+01 -2.884880e-02 
 2.476777e+01 -2.904809e-02 
 2.476817e+01 -2.921616e-02 
 2.476856e+01 -2.937119e-02 
 2.476896e+01 -2.948490e-02 
 2.476936e+01 -2.956613e-02 
 2.476976e+01 -2.961298e-02 
 2.477015e+01 -2.962539e-02 
 2.477055e+01 -2.960752e-02 
 2.477095e+01 -2.957534e-02 
 2.477135e+01 -2.950670e-02 
 2.477174e+01 -2.940774e-02 
 2.477214e+01 -2.927994e-02 
 2.477254e+01 -2.913048e-02 
 2.477294e+01 -2.895892e-02 
 2.477334e+01 -2.875414e-02 
 2.477373e+01 -2.853290e-02 
 2.477413e+01 -2.827353e-02 
 2.477453e+01 -2.797152e-02 
 2.477493e+01 -2.763897e-02 
 2.477532e+01 -2.728897e-02 
 2.477572e+01 -2.689906e-02 
 2.477612e+01 -2.648769e-02 
 2.477652e+01 -2.604078e-02 
 2.477691e+01 -2.557250e-02 
 2.477731e+01 -2.507974e-02 
 2.477771e+01 -2.456501e-02 
 2.477811e+01 -2.403318e-02 
 2.477851e+01 -2.346774e-02 
 2.477890e+01 -2.288254e-02 
 2.477930e+01 -2.226029e-02 
 2.477970e+01 -2.161713e-02 
 2.478010e+01 -2.095460e-02 
 2.478049e+01 -2.027963e-02 
 2.478089e+01 -1.957961e-02 
 2.478129e+01 -1.885380e-02 
 2.478169e+01 -1.810930e-02 
 2.478208e+01 -1.734779e-02 
 2.478248e+01 -1.655824e-02 
 2.478288e+01 -1.575699e-02 
 2.478328e+01 -1.491581e-02 
 2.478368e+01 -1.404951e-02 
 2.478407e+01 -1.316208e-02 
 2.478447e+01 -1.224389e-02 
 2.478487e+01 -1.130013e-02 
 2.478527e+01 -1.033766e-02 
 2.478566e+01 -9.364314e-03 
 2.478606e+01 -8.358117e-03 
 2.478646e+01 -7.330610e-03 
 2.478686e+01 -6.295080e-03 
 2.478725e+01 -5.228899e-03 
 2.478765e+01 -4.162882e-03 
 2.478805e+01 -3.063003e-03 
 2.478845e+01 -1.946795e-03 
 2.478885e+01 -7.946095e-04 
 2.478924e+01  3.642081e-04 
 2.478964e+01  1.538518e-03 
 2.479004e+01  2.728073e-03 
 2.479044e+01  3.928394e-03 
 2.479083e+01  5.146133e-03 
 2.479123e+01  6.374092e-03 
 2.479163e+01  7.617795e-03 
 2.479203e+01  8.860337e-03 
 2.479242e+01  1.010431e-02 
 2.479282e+01  1.135170e-02 
 2.479322e+01  1.261920e-02 
 2.479362e+01  1.389282e-02 
 2.479402e+01  1.517906e-02 
 2.479441e+01  1.646591e-02 
 2.479481e+01  1.776447e-02 
 2.479521e+01  1.906215e-02 
 2.479561e+01  2.035300e-02 
 2.479600e+01  2.165144e-02 
 2.479640e+01  2.293421e-02 
 2.479680e+01  2.421016e-02 
 2.479720e+01  2.546318e-02 
 2.479760e+01  2.671372e-02 
 2.479799e+01  2.795927e-02 
 2.479839e+01  2.920031e-02 
 2.479879e+01  3.044488e-02 
 2.479919e+01  3.166941e-02 
 2.479958e+01  3.287241e-02 
 2.479998e+01  3.406164e-02 
 2.480038e+01  3.524454e-02 
 2.480078e+01  3.640320e-02 
 2.480117e+01  3.753153e-02 
 2.480157e+01  3.864890e-02 
 2.480197e+01  3.974028e-02 
 2.480237e+01  4.081698e-02 
 2.480277e+01  4.187305e-02 
 2.480316e+01  4.293618e-02 
 2.480356e+01  4.398605e-02 
 2.480396e+01  4.501850e-02 
 2.480436e+01  4.604254e-02 
 2.480475e+01  4.703062e-02 
 2.480515e+01  4.800788e-02 
 2.480555e+01  4.896756e-02 
 2.480595e+01  4.989878e-02 
 2.480634e+01  5.080016e-02 
 2.480674e+01  5.167401e-02 
 2.480714e+01  5.254559e-02 
 2.480754e+01  5.338544e-02 
 2.480794e+01  5.420998e-02 
 2.480833e+01  5.503350e-02 
 2.480873e+01  5.581418e-02 
 2.480913e+01  5.657230e-02 
 2.480953e+01  5.730709e-02 
 2.480992e+01  5.801872e-02 
 2.481032e+01  5.870800e-02 
 2.481072e+01  5.937244e-02 
 2.481112e+01  6.001555e-02 
 2.481151e+01  6.061851e-02 
 2.481191e+01  6.119927e-02 
 2.481231e+01  6.177414e-02 
 2.481271e+01  6.232437e-02 
 2.481311e+01  6.286283e-02 
 2.481350e+01  6.336699e-02 
 2.481390e+01  6.385197e-02 
 2.481430e+01  6.430142e-02 
 2.481470e+01  6.471933e-02 
 2.481509e+01  6.511663e-02 
 2.481549e+01  6.549245e-02 
 2.481589e+01  6.581597e-02 
 2.481629e+01  6.610973e-02 
 2.481668e+01  6.637641e-02 
 2.481708e+01  6.662356e-02 
 2.481748e+01  6.686049e-02 
 2.481788e+01  6.706837e-02 
 2.481828e+01  6.723526e-02 
 2.481867e+01  6.737586e-02 
 2.481907e+01  6.748133e-02 
 2.481947e+01  6.755512e-02 
 2.481987e+01  6.760067e-02 
 2.482026e+01  6.760810e-02 
 2.482066e+01  6.757737e-02 
 2.482106e+01  6.750594e-02 
 2.482146e+01  6.740860e-02 
 2.482185e+01  6.728289e-02 
 2.482225e+01  6.713288e-02 
 2.482265e+01  6.697374e-02 
 2.482305e+01  6.677175e-02 
 2.482345e+01  6.653432e-02 
 2.482384e+01  6.626246e-02 
 2.482424e+01  6.596640e-02 
 2.482464e+01  6.563199e-02 
 2.482504e+01  6.526494e-02 
 2.482543e+01  6.485385e-02 
 2.482583e+01  6.441167e-02 
 2.482623e+01  6.392966e-02 
 2.482663e+01  6.343117e-02 
 2.482702e+01  6.290598e-02 
 2.482742e+01  6.235462e-02 
 2.482782e+01  6.177166e-02 
 2.482822e+01  6.115020e-02 
 2.482862e+01  6.049389e-02 
 2.482901e+01  5.979932e-02 
 2.482941e+01  5.908603e-02 
 2.482981e+01  5.834608e-02 
 2.483021e+01  5.755631e-02 
 2.483060e+01  5.675880e-02 
 2.483100e+01  5.592280e-02 
 2.483140e+01  5.505750e-02 
 2.483180e+01  5.417813e-02 
 2.483219e+01  5.329602e-02 
 2.483259e+01  5.237655e-02 
 2.483299e+01  5.143253e-02 
 2.483339e+01  5.047192e-02 
 2.483379e+01  4.947461e-02 
 2.483418e+01  4.847612e-02 
 2.483458e+01  4.746331e-02 
 2.483498e+01  4.642316e-02 
 2.483538e+01  4.534644e-02 
 2.483577e+01  4.425035e-02 
 2.483617e+01  4.315731e-02 
 2.483657e+01  4.204893e-02 
 2.483697e+01  4.092272e-02 
 2.483736e+01  3.980271e-02 
 2.483776e+01  3.865261e-02 
 2.483816e+01  3.748904e-02 
 2.483856e+01  3.632610e-02 
 2.483896e+01  3.515916e-02 
 2.483935e+01  3.398722e-02 
 2.483975e+01  3.279920e-02 
 2.484015e+01  3.160557e-02 
 2.484055e+01  3.038034e-02 
 2.484094e+01  2.915931e-02 
 2.484134e+01  2.794676e-02 
 2.484174e+01  2.672429e-02 
 2.484214e+01  2.551067e-02 
 2.484253e+01  2.429599e-02 
 2.484293e+01  2.308522e-02 
 2.484333e+01  2.187494e-02 
 2.484373e+01  2.067592e-02 
 2.484413e+01  1.947683e-02 
 2.484452e+01  1.826444e-02 
 2.484492e+01  1.705615e-02 
 2.484532e+01  1.584767e-02 
 2.484572e+01  1.463943e-02 
 2.484611e+01  1.345021e-02 
 2.484651e+01  1.227563e-02 
 2.484691e+01  1.109013e-02 
 2.484731e+01  9.913238e-03 
 2.484770e+01  8.747213e-03 
 2.484810e+01  7.576213e-03 
 2.484850e+01  6.421877e-03 
 2.484890e+01  5.269194e-03 
 2.484930e+01  4.130930e-03 
 2.484969e+01  2.982248e-03 
 2.485009e+01  1.852692e-03 
 2.485049e+01  7.257839e-04 
 2.485089e+01 -3.811968e-04 
 2.485128e+01 -1.471350e-03 
 2.485168e+01 -2.546072e-03 
 2.485208e+01 -3.615735e-03 
 2.485248e+01 -4.669033e-03 
 2.485287e+01 -5.721690e-03 
 2.485327e+01 -6.750422e-03 
 2.485367e+01 -7.775157e-03 
 2.485407e+01 -8.801361e-03 
 2.485447e+01 -9.808809e-03 
 2.485486e+01 -1.080267e-02 
 2.485526e+01 -1.178293e-02 
 2.485566e+01 -1.273806e-02 
 2.485606e+01 -1.368061e-02 
 2.485645e+01 -1.461256e-02 
 2.485685e+01 -1.553081e-02 
 2.485725e+01 -1.642325e-02 
 2.485765e+01 -1.730409e-02 
 2.485804e+01 -1.817293e-02 
 2.485844e+01 -1.898667e-02 
 2.485884e+01 -1.979353e-02 
 2.485924e+01 -2.058956e-02 
 2.485964e+01 -2.135326e-02 
 2.486003e+01 -2.209113e-02 
 2.486043e+01 -2.280694e-02 
 2.486083e+01 -2.349565e-02 
 2.486123e+01 -2.413163e-02 
 2.486162e+01 -2.475634e-02 
 2.486202e+01 -2.535628e-02 
 2.486242e+01 -2.591232e-02 
 2.486282e+01 -2.643961e-02 
 2.486321e+01 -2.692648e-02 
 2.486361e+01 -2.738133e-02 
 2.486401e+01 -2.780155e-02 
 2.486441e+01 -2.819716e-02 
 2.486481e+01 -2.854653e-02 
 2.486520e+01 -2.886252e-02 
 2.486560e+01 -2.914680e-02 
 2.486600e+01 -2.939768e-02 
 2.486640e+01 -2.961768e-02 
 2.486679e+01 -2.981139e-02 
 2.486719e+01 -2.997261e-02 
 2.486759e+01 -3.007512e-02 
 2.486799e+01 -3.015567e-02 
 2.486838e+01 -3.019169e-02 
 2.486878e+01 -3.019446e-02 
 2.486918e+01 -3.016770e-02 
 2.486958e+01 -3.012106e-02 
 2.486998e+01 -3.002545e-02 
 2.487037e+01 -2.989457e-02 
 2.487077e+01 -2.973836e-02 
 2.487117e+01 -2.954048e-02 
 2.487157e+01 -2.932033e-02 
 2.487196e+01 -2.906391e-02 
 2.487236e+01 -2.876506e-02 
 2.487276e+01 -2.842423e-02 
 2.487316e+01 -2.807426e-02 
 2.487355e+01 -2.768180e-02 
 2.487395e+01 -2.725943e-02 
 2.487435e+01 -2.682024e-02 
 2.487475e+01 -2.634913e-02 
 2.487515e+01 -2.584507e-02 
 2.487554e+01 -2.533637e-02 
 2.487594e+01 -2.480974e-02 
 2.487634e+01 -2.425020e-02 
 2.487674e+01 -2.366387e-02 
 2.487713e+01 -2.305552e-02 
 2.487753e+01 -2.240085e-02 
 2.487793e+01 -2.173184e-02 
 2.487833e+01 -2.103350e-02 
 2.487872e+01 -2.031534e-02 
 2.487912e+01 -1.956387e-02 
 2.487952e+01 -1.879571e-02 
 2.487992e+01 -1.799895e-02 
 2.488032e+01 -1.719120e-02 
 2.488071e+01 -1.636225e-02 
 2.488111e+01 -1.551506e-02 
 2.488151e+01 -1.464208e-02 
 2.488191e+01 -1.374786e-02 
 2.488230e+01 -1.282281e-02 
 2.488270e+01 -1.189079e-02 
 2.488310e+01 -1.094708e-02 
 2.488350e+01 -9.979495e-03 
 2.488389e+01 -8.991128e-03 
 2.488429e+01 -7.991493e-03 
 2.488469e+01 -6.981966e-03 
 2.488509e+01 -5.967426e-03 
 2.488549e+01 -4.948443e-03 
 2.488588e+01 -3.919971e-03 
 2.488628e+01 -2.863633e-03 
 2.488668e+01 -1.785496e-03 
 2.488708e+01 -7.017443e-04 
 2.488747e+01  4.053151e-04 
 2.488787e+01  1.514409e-03 
 2.488827e+01  2.636737e-03 
 2.488867e+01  3.769157e-03 
 2.488907e+01  4.919127e-03 
 2.488946e+01  6.071093e-03 
 2.488986e+01  7.226886e-03 
 2.489026e+01  8.396493e-03 
 2.489066e+01  9.577345e-03 
 2.489105e+01  1.076934e-02 
 2.489145e+01  1.198760e-02 
 2.489185e+01  1.321660e-02 
 2.489225e+01  1.443592e-02 
 2.489264e+01  1.566584e-02 
 2.489304e+01  1.690121e-02 
 2.489344e+01  1.814345e-02 
 2.489384e+01  1.939229e-02 
 2.489424e+01  2.064602e-02 
 2.489463e+01  2.188638e-02 
 2.489503e+01  2.312879e-02 
 2.489543e+01  2.436572e-02 
 2.489583e+01  2.561297e-02 
 2.489622e+01  2.686600e-02 
 2.489662e+01  2.812414e-02 
 2.489702e+01  2.937410e-02 
 2.489742e+01  3.061552e-02 
 2.489781e+01  3.185548e-02 
 2.489821e+01  3.308138e-02 
 2.489861e+01  3.431746e-02 
 2.489901e+01  3.554255e-02 
 2.489941e+01  3.674615e-02 
 2.489980e+01  3.793834e-02 
 2.490020e+01  3.912540e-02 
 2.490060e+01  4.029905e-02 
 2.490100e+01  4.146794e-02 
 2.490139e+01  4.262011e-02 
 2.490179e+01  4.375249e-02 
 2.490219e+01  4.484937e-02 
 2.490259e+01  4.593671e-02 
 2.490298e+01  4.700081e-02 
 2.490338e+01  4.804389e-02 
 2.490378e+01  4.905432e-02 
 2.490418e+01  5.003757e-02 
 2.490458e+01  5.098304e-02 
 2.490497e+01  5.189384e-02 
 2.490537e+01  5.279899e-02 
 2.490577e+01  5.368029e-02 
 2.490617e+01  5.452781e-02 
 2.490656e+01  5.536865e-02 
 2.490696e+01  5.618028e-02 
 2.490736e+01  5.695223e-02 
 2.490776e+01  5.769395e-02 
 2.490815e+01  5.841594e-02 
 2.490855e+01  5.910753e-02 
 2.490895e+01  5.975489e-02 
 2.490935e+01  6.038393e-02 
 2.490975e+01  6.097833e-02 
 2.491014e+01  6.153838e-02 
 2.491054e+01  6.209839e-02 
 2.491094e+01  6.263360e-02 
 2.491134e+01  6.313424e-02 
 2.491173e+01  6.361524e-02 
 2.491213e+01  6.406589e-02 
 2.491253e+01  6.447709e-02 
 2.491293e+01  6.486627e-02 
 2.491332e+01  6.523359e-02 
 2.491372e+01  6.555055e-02 
 2.491412e+01  6.583559e-02 
 2.491452e+01  6.609496e-02 
 2.491492e+01  6.632777e-02 
 2.491531e+01  6.654130e-02 
 2.491571e+01  6.674407e-02 
 2.491611e+01  6.691240e-02 
 2.491651e+01  6.704437e-02 
 2.491690e+01  6.714252e-02 
 2.491730e+01  6.721382e-02 
 2.491770e+01  6.725308e-02 
 2.491810e+01  6.726662e-02 
 2.491849e+01  6.725351e-02 
 2.491889e+01  6.721143e-02 
 2.491929e+01  6.713795e-02 
 2.491969e+01  6.704652e-02 
 2.492009e+01  6.693565e-02 
 2.492048e+01  6.680077e-02 
 2.492088e+01  6.663015e-02 
 2.492128e+01  6.641148e-02 
 2.492168e+01  6.616664e-02 
 2.492207e+01  6.588687e-02 
 2.492247e+01  6.558835e-02 
 2.492287e+01  6.525956e-02 
 2.492327e+01  6.489551e-02 
 2.492366e+01  6.450187e-02 
 2.492406e+01  6.407932e-02 
 2.492446e+01  6.363506e-02 
 2.492486e+01  6.316496e-02 
 2.492526e+01  6.267931e-02 
 2.492565e+01  6.216389e-02 
 2.492605e+01  6.159959e-02 
 2.492645e+01  6.101591e-02 
 2.492685e+01  6.040583e-02 
 2.492724e+01  5.977108e-02 
 2.492764e+01  5.911662e-02 
 2.492804e+01  5.844010e-02 
 2.492844e+01  5.772504e-02 
 2.492883e+01  5.697785e-02 
 2.492923e+01  5.622469e-02 
 2.492963e+01  5.544426e-02 
 2.493003e+01  5.463073e-02 
 2.493043e+01  5.379280e-02 
 2.493082e+01  5.293072e-02 
 2.493122e+01  5.202249e-02 
 2.493162e+01  5.110302e-02 
 2.493202e+01  5.017354e-02 
 2.493241e+01  4.920890e-02 
 2.493281e+01  4.822180e-02 
 2.493321e+01  4.720094e-02 
 2.493361e+01  4.615327e-02 
 2.493400e+01  4.509428e-02 
 2.493440e+01  4.402605e-02 
 2.493480e+01  4.292871e-02 
 2.493520e+01  4.181284e-02 
 2.493560e+01  4.067978e-02 
 2.493599e+01  3.951794e-02 
 2.493639e+01  3.833373e-02 
 2.493679e+01  3.714632e-02 
 2.493719e+01  3.594657e-02 
 2.493758e+01  3.472925e-02 
 2.493798e+01  3.350493e-02 
 2.493838e+01  3.227824e-02 
 2.493878e+01  3.103513e-02 
 2.493917e+01  2.979847e-02 
 2.493957e+01  2.856077e-02 
 2.493997e+01  2.730727e-02 
 2.494037e+01  2.604418e-02 
 2.494077e+01  2.478170e-02 
 2.494116e+01  2.351589e-02 
 2.494156e+01  2.225271e-02 
 2.494196e+01  2.100145e-02 
 2.494236e+01  1.974224e-02 
 2.494275e+01  1.848351e-02 
 2.494315e+01  1.722943e-02 
 2.494355e+01  1.598321e-02 
 2.494395e+01  1.473483e-02 
 2.494434e+01  1.350726e-02 
 2.494474e+01  1.227876e-02 
 2.494514e+01  1.105309e-02 
 2.494554e+01  9.822159e-03 
 2.494594e+01  8.615756e-03 
 2.494633e+01  7.431781e-03 
 2.494673e+01  6.252661e-03 
 2.494713e+01  5.094964e-03 
 2.494753e+01  3.948279e-03 
 2.494792e+01  2.809468e-03 
 2.494832e+01  1.676466e-03 
 2.494872e+01  5.693990e-04 
 2.494912e+01 -5.366548e-04 
 2.494951e+01 -1.627305e-03 
 2.494991e+01 -2.716828e-03 
 2.495031e+01 -3.790922e-03 
 2.495071e+01 -4.846350e-03 
 2.495111e+01 -5.882322e-03 
 2.495150e+01 -6.894633e-03 
 2.495190e+01 -7.904943e-03 
 2.495230e+01 -8.904776e-03 
 2.495270e+01 -9.879846e-03 
 2.495309e+01 -1.085126e-02 
 2.495349e+01 -1.179063e-02 
 2.495389e+01 -1.272209e-02 
 2.495429e+01 -1.362667e-02 
 2.495468e+01 -1.450976e-02 
 2.495508e+01 -1.539304e-02 
 2.495548e+01 -1.624093e-02 
 2.495588e+01 -1.706809e-02 
 2.495628e+01 -1.787059e-02 
 2.495667e+01 -1.864654e-02 
 2.495707e+01 -1.940529e-02 
 2.495747e+01 -2.014864e-02 
 2.495787e+01 -2.086570e-02 
 2.495826e+01 -2.155671e-02 
 2.495866e+01 -2.221453e-02 
 2.495906e+01 -2.285674e-02 
 2.495946e+01 -2.346734e-02 
 2.495985e+01 -2.406818e-02 
 2.496025e+01 -2.464375e-02 
 2.496065e+01 -2.518673e-02 
 2.496105e+01 -2.570372e-02 
 2.496145e+01 -2.620193e-02 
 2.496184e+01 -2.666922e-02 
 2.496224e+01 -2.711088e-02 
 2.496264e+01 -2.752438e-02 
 2.496304e+01 -2.790921e-02 
 2.496343e+01 -2.825355e-02 
 2.496383e+01 -2.857653e-02 
 2.496423e+01 -2.887688e-02 
 2.496463e+01 -2.915227e-02 
 2.496502e+01 -2.939547e-02 
 2.496542e+01 -2.960886e-02 
 2.496582e+01 -2.978923e-02 
 2.496622e+01 -2.992177e-02 
 2.496662e+01 -3.003004e-02 
 2.496701e+01 -3.009905e-02 
 2.496741e+01 -3.013254e-02 
 2.496781e+01 -3.013364e-02 
 2.496821e+01 -3.009494e-02 
 2.496860e+01 -3.002305e-02 
 2.496900e+01 -2.992846e-02 
 2.496940e+01 -2.981014e-02 
 2.496980e+01 -2.964701e-02 
 2.497019e+01 -2.944782e-02 
 2.497059e+01 -2.922261e-02 
 2.497099e+01 -2.895426e-02 
 2.497139e+01 -2.865261e-02 
 2.497179e+01 -2.831515e-02 
 2.497218e+01 -2.795126e-02 
 2.497258e+01 -2.754349e-02 
 2.497298e+01 -2.710806e-02 
 2.497338e+01 -2.664153e-02 
 2.497377e+01 -2.613730e-02 
 2.497417e+01 -2.559972e-02 
 2.497457e+01 -2.502742e-02 
 2.497497e+01 -2.441151e-02 
 2.497536e+01 -2.376347e-02 
 2.497576e+01 -2.308243e-02 
 2.497616e+01 -2.237977e-02 
 2.497656e+01 -2.165634e-02 
 2.497696e+01 -2.089873e-02 
 2.497735e+01 -2.011345e-02 
 2.497775e+01 -1.931309e-02 
 2.497815e+01 -1.848422e-02 
 2.497855e+01 -1.763502e-02 
 2.497894e+01 -1.677224e-02 
 2.497934e+01 -1.587737e-02 
 2.497974e+01 -1.494996e-02 
 2.498014e+01 -1.401566e-02 
 2.498054e+01 -1.306538e-02 
 2.498093e+01 -1.209425e-02 
 2.498133e+01 -1.112032e-02 
 2.498173e+01 -1.013611e-02 
 2.498213e+01 -9.119233e-03 
 2.498252e+01 -8.099644e-03 
 2.498292e+01 -7.075923e-03 
 2.498332e+01 -6.035563e-03 
 2.498372e+01 -4.975503e-03 
 2.498411e+01 -3.907045e-03 
 2.498451e+01 -2.816109e-03 
 2.498491e+01 -1.707836e-03 
 2.498531e+01 -5.923451e-04 
 2.498571e+01  5.292496e-04 
 2.498610e+01  1.659035e-03 
 2.498650e+01  2.798030e-03 
 2.498690e+01  3.951437e-03 
 2.498730e+01  5.120908e-03 
 2.498769e+01  6.276484e-03 
 2.498809e+01  7.439531e-03 
 2.498849e+01  8.602564e-03 
 2.498889e+01  9.786521e-03 
 2.498928e+01  1.097315e-02 
 2.498968e+01  1.217139e-02 
 2.499008e+01  1.336340e-02 
 2.499048e+01  1.455493e-02 
 2.499088e+01  1.574718e-02 
 2.499127e+01  1.693994e-02 
 2.499167e+01  1.813918e-02 
 2.499207e+01  1.934257e-02 
 2.499247e+01  2.054222e-02 
 2.499286e+01  2.173482e-02 
 2.499326e+01  2.292828e-02 
 2.499366e+01  2.413446e-02 
 2.499406e+01  2.534963e-02 
 2.499445e+01  2.656864e-02 
 2.499485e+01  2.778918e-02 
 2.499525e+01  2.899146e-02 
 2.499565e+01  3.018613e-02 
 2.499605e+01  3.138244e-02 
 2.499644e+01  3.258078e-02 
 2.499684e+01  3.375677e-02 
 2.499724e+01  3.492459e-02 
 2.499764e+01  3.608012e-02 
 2.499803e+01  3.722513e-02 
 2.499843e+01  3.836964e-02 
 2.499883e+01  3.950774e-02 
 2.499923e+01  4.064274e-02 
 2.499962e+01  4.175642e-02 
 2.500002e+01  4.285964e-02 
 2.500042e+01  4.394384e-02 
 2.500082e+01  4.501702e-02 
 2.500122e+01  4.607932e-02 
 2.500161e+01  4.711996e-02 
 2.500201e+01  4.814762e-02 
 2.500241e+01  4.915093e-02 
 2.500281e+01  5.014000e-02 
 2.500320e+01  5.110906e-02 
 2.500360e+01  5.207426e-02 
 2.500400e+01  5.301969e-02 
 2.500440e+01  5.394825e-02 
 2.500479e+01  5.485090e-02 
 2.500519e+01  5.571035e-02 
 2.500559e+01  5.654795e-02 
 2.500599e+01  5.737133e-02 
 2.500639e+01  5.816205e-02 
 2.500678e+01  5.891754e-02 
 2.500718e+01  5.964931e-02 
 2.500758e+01  6.034558e-02 
 2.500798e+01  6.101942e-02 
 2.500837e+01  6.166491e-02 
 2.500877e+01  6.229176e-02 
 2.500917e+01  6.287218e-02 
 2.500957e+01  6.341738e-02 
 2.500996e+01  6.392264e-02 
 2.501036e+01  6.439379e-02 
 2.501076e+01  6.483242e-02 
 2.501116e+01  6.524176e-02 
 2.501156e+01  6.561210e-02 
 2.501195e+01  6.593964e-02 
 2.501235e+01  6.623120e-02 
 2.501275e+01  6.650984e-02 
 2.501315e+01  6.675410e-02 
 2.501354e+01  6.698026e-02 
 2.501394e+01  6.718237e-02 
 2.501434e+01  6.733258e-02 
 2.501474e+01  6.744667e-02 
 2.501513e+01  6.753673e-02 
 2.501553e+01  6.760834e-02 
 2.501593e+01  6.762752e-02 
 2.501633e+01  6.762502e-02 
 2.501673e+01  6.758546e-02 
 2.501712e+01  6.751291e-02 
 2.501752e+01  6.740361e-02 
 2.501792e+01  6.728753e-02 
 2.501832e+01  6.713822e-02 
 2.501871e+01  6.696162e-02 
 2.501911e+01  6.674995e-02 
 2.501951e+01  6.650331e-02 
 2.501991e+01  6.622980e-02 
 2.502030e+01  6.592770e-02 
 2.502070e+01  6.560099e-02 
 2.502110e+01  6.523835e-02 
 2.502150e+01  6.484912e-02 
 2.502190e+01  6.442223e-02 
 2.502229e+01  6.397922e-02 
 2.502269e+01  6.352218e-02 
 2.502309e+01  6.305019e-02 
 2.502349e+01  6.254678e-02 
 2.502388e+01  6.201456e-02 
 2.502428e+01  6.144082e-02 
 2.502468e+01  6.084349e-02 
 2.502508e+01  6.022363e-02 
 2.502547e+01  5.957919e-02 
 2.502587e+01  5.890405e-02 
 2.502627e+01  5.820246e-02 
 2.502667e+01  5.747378e-02 
 2.502707e+01  5.672768e-02 
 2.502746e+01  5.595888e-02 
 2.502786e+01  5.517290e-02 
 2.502826e+01  5.437010e-02 
 2.502866e+01  5.353163e-02 
 2.502905e+01  5.267190e-02 
 2.502945e+01  5.178921e-02 
 2.502985e+01  5.088411e-02 
 2.503025e+01  4.996921e-02 
 2.503064e+01  4.903048e-02 
 2.503104e+01  4.806611e-02 
 2.503144e+01  4.708766e-02 
 2.503184e+01  4.609192e-02 
 2.503224e+01  4.509782e-02 
 2.503263e+01  4.407619e-02 
 2.503303e+01  4.304821e-02 
 2.503343e+01  4.198036e-02 
 2.503383e+01  4.090591e-02 
 2.503422e+01  3.981053e-02 
 2.503462e+01  3.870603e-02 
 2.503502e+01  3.759804e-02 
 2.503542e+01  3.647143e-02 
 2.503581e+01  3.533096e-02 
 2.503621e+01  3.418440e-02 
 2.503661e+01  3.300999e-02 
 2.503701e+01  3.183758e-02 
 2.503741e+01  3.065234e-02 
 2.503780e+01  2.944316e-02 
 2.503820e+01  2.822171e-02 
 2.503860e+01  2.697554e-02 
 2.503900e+01  2.574332e-02 
 2.503939e+01  2.448426e-02 
 2.503979e+01  2.323504e-02 
 2.504019e+01  2.198385e-02 
 2.504059e+01  2.071788e-02 
 2.504098e+01  1.943677e-02 
 2.504138e+01  1.816389e-02 
 2.504178e+01  1.690034e-02 
 2.504218e+01  1.563170e-02 
 2.504258e+01  1.436460e-02 
 2.504297e+01  1.309251e-02 
 2.504337e+01  1.181699e-02 
 2.504377e+01  1.054713e-02 
 2.504417e+01  9.300298e-03 
 2.504456e+01  8.053154e-03 
 2.504496e+01  6.821724e-03 
 2.504536e+01  5.579694e-03 
 2.504576e+01  4.355618e-03 
 2.504615e+01  3.129279e-03 
 2.504655e+01  1.929076e-03 
 2.504695e+01  7.340734e-04 
 2.504735e+01 -4.427807e-04 
 2.504775e+01 -1.589941e-03 
 2.504814e+01 -2.743488e-03 
 2.504854e+01 -3.865432e-03 
 2.504894e+01 -4.963563e-03 
 2.504934e+01 -6.036228e-03 
 2.504973e+01 -7.097399e-03 
 2.505013e+01 -8.145020e-03 
 2.505053e+01 -9.173786e-03 
 2.505093e+01 -1.017621e-02 
 2.505132e+01 -1.115627e-02 
 2.505172e+01 -1.209793e-02 
 2.505212e+01 -1.302570e-02 
 2.505252e+01 -1.392695e-02 
 2.505292e+01 -1.480770e-02 
 2.505331e+01 -1.566740e-02 
 2.505371e+01 -1.649674e-02 
 2.505411e+01 -1.729480e-02 
 2.505451e+01 -1.806321e-02 
 2.505490e+01 -1.881781e-02 
 2.505530e+01 -1.955557e-02 
 2.505570e+01 -2.025925e-02 
 2.505610e+01 -2.094910e-02 
 2.505649e+01 -2.161623e-02 
 2.505689e+01 -2.225685e-02 
 2.505729e+01 -2.287409e-02 
 2.505769e+01 -2.348029e-02 
 2.505809e+01 -2.404375e-02 
 2.505848e+01 -2.457714e-02 
 2.505888e+01 -2.509418e-02 
 2.505928e+01 -2.557516e-02 
 2.505968e+01 -2.603468e-02 
 2.506007e+01 -2.647603e-02 
 2.506047e+01 -2.689564e-02 
 2.506087e+01 -2.727132e-02 
 2.506127e+01 -2.762787e-02 
 2.506166e+01 -2.795689e-02 
 2.506206e+01 -2.826542e-02 
 2.506246e+01 -2.853119e-02 
 2.506286e+01 -2.877404e-02 
 2.506326e+01 -2.896767e-02 
 2.506365e+01 -2.914349e-02 
 2.506405e+01 -2.927353e-02 
 2.506445e+01 -2.939485e-02 
 2.506485e+01 -2.948492e-02 
 2.506524e+01 -2.955890e-02 
 2.506564e+01 -2.961474e-02 
 2.506604e+01 -2.963219e-02 
 2.506644e+01 -2.962619e-02 
 2.506683e+01 -2.958732e-02 
 2.506723e+01 -2.952016e-02 
 2.506763e+01 -2.940957e-02 
 2.506803e+01 -2.924939e-02 
 2.506843e+01 -2.906633e-02 
 2.506882e+01 -2.884792e-02 
 2.506922e+01 -2.861092e-02 
 2.506962e+01 -2.834465e-02 
 2.507002e+01 -2.804069e-02 
 2.507041e+01 -2.771103e-02 
 2.507081e+01 -2.734718e-02 
 2.507121e+01 -2.695987e-02 
 2.507161e+01 -2.653629e-02 
 2.507201e+01 -2.608830e-02 
 2.507240e+01 -2.560466e-02 
 2.507280e+01 -2.507959e-02 
 2.507320e+01 -2.451986e-02 
 2.507360e+01 -2.394672e-02 
 2.507399e+01 -2.333531e-02 
 2.507439e+01 -2.270189e-02 
 2.507479e+01 -2.204443e-02 
 2.507519e+01 -2.135911e-02 
 2.507558e+01 -2.064833e-02 
 2.507598e+01 -1.991227e-02 
 2.507638e+01 -1.916229e-02 
 2.507678e+01 -1.836725e-02 
 2.507718e+01 -1.753852e-02 
 2.507757e+01 -1.669610e-02 
 2.507797e+01 -1.580748e-02 
 2.507837e+01 -1.489703e-02 
 2.507877e+01 -1.397145e-02 
 2.507916e+01 -1.303030e-02 
 2.507956e+01 -1.204792e-02 
 2.507996e+01 -1.104794e-02 
 2.508036e+01 -1.003287e-02 
 2.508075e+01 -8.993502e-03 
 2.508115e+01 -7.935766e-03 
 2.508155e+01 -6.858814e-03 
 2.508195e+01 -5.758175e-03 
 2.508235e+01 -4.627472e-03 
 2.508274e+01 -3.485737e-03 
 2.508314e+01 -2.316753e-03 
 2.508354e+01 -1.137400e-03 
 2.508394e+01  4.599998e-05 
 2.508433e+01  1.228635e-03 
 2.508473e+01  2.419466e-03 
 2.508513e+01  3.616404e-03 
 2.508553e+01  4.816135e-03 
 2.508592e+01  6.012117e-03 
 2.508632e+01  7.222491e-03 
 2.508672e+01  8.442762e-03 
 2.508712e+01  9.670307e-03 
 2.508752e+01  1.091882e-02 
 2.508791e+01  1.216552e-02 
 2.508831e+01  1.340360e-02 
 2.508871e+01  1.463379e-02 
 2.508911e+01  1.586489e-02 
 2.508950e+01  1.709045e-02 
 2.508990e+01  1.831854e-02 
 2.509030e+01  1.954984e-02 
 2.509070e+01  2.075853e-02 
 2.509109e+01  2.197109e-02 
 2.509149e+01  2.318260e-02 
 2.509189e+01  2.440319e-02 
 2.509229e+01  2.561772e-02 
 2.509269e+01  2.682818e-02 
 2.509308e+01  2.801046e-02 
 2.509348e+01  2.919085e-02 
 2.509388e+01  3.034750e-02 
 2.509428e+01  3.150236e-02 
 2.509467e+01  3.263332e-02 
 2.509507e+01  3.376889e-02 
 2.509547e+01  3.487415e-02 
 2.509587e+01  3.598007e-02 
 2.509626e+01  3.709122e-02 
 2.509666e+01  3.819844e-02 
 2.509706e+01  3.929993e-02 
 2.509746e+01  4.038392e-02 
 2.509786e+01  4.145585e-02 
 2.509825e+01  4.249979e-02 
 2.509865e+01  4.354689e-02 
 2.509905e+01  4.459003e-02 
 2.509945e+01  4.561683e-02 
 2.509984e+01  4.661685e-02 
 2.510024e+01  4.760817e-02 
 2.510064e+01  4.858114e-02 
 2.510104e+01  4.953506e-02 
 2.510143e+01  5.048858e-02 
 2.510183e+01  5.143045e-02 
 2.510223e+01  5.235387e-02 
 2.510263e+01  5.325148e-02 
 2.510303e+01  5.412728e-02 
 2.510342e+01  5.498866e-02 
 2.510382e+01  5.582269e-02 
 2.510422e+01  5.664598e-02 
 2.510462e+01  5.742723e-02 
 2.510501e+01  5.817123e-02 
 2.510541e+01  5.890554e-02 
 2.510581e+01  5.961908e-02 
 2.510621e+01  6.031378e-02 
 2.510660e+01  6.098560e-02 
 2.510700e+01  6.163716e-02 
 2.510740e+01  6.223992e-02 
 2.510780e+01  6.282088e-02 
 2.510820e+01  6.337734e-02 
 2.510859e+01  6.391020e-02 
 2.510899e+01  6.441907e-02 
 2.510939e+01  6.488818e-02 
 2.510979e+01  6.531318e-02 
 2.511018e+01  6.571557e-02 
 2.511058e+01  6.608369e-02 
 2.511098e+01  6.643684e-02 
 2.511138e+01  6.675645e-02 
 2.511177e+01  6.703967e-02 
 2.511217e+01  6.728948e-02 
 2.511257e+01  6.749123e-02 
 2.511297e+01  6.765774e-02 
 2.511337e+01  6.778515e-02 
 2.511376e+01  6.788957e-02 
 2.511416e+01  6.793983e-02 
 2.511456e+01  6.796404e-02 
 2.511496e+01  6.794736e-02 
 2.511535e+01  6.790453e-02 
 2.511575e+01  6.783452e-02 
 2.511615e+01  6.774653e-02 
 2.511655e+01  6.760812e-02 
 2.511694e+01  6.742830e-02 
 2.511734e+01  6.721873e-02 
 2.511774e+01  6.697722e-02 
 2.511814e+01  6.670906e-02 
 2.511854e+01  6.640730e-02 
 2.511893e+01  6.608163e-02 
 2.511933e+01  6.571120e-02 
 2.511973e+01  6.530865e-02 
 2.512013e+01  6.488520e-02 
 2.512052e+01  6.443768e-02 
 2.512092e+01  6.395873e-02 
 2.512132e+01  6.346400e-02 
 2.512172e+01  6.293145e-02 
 2.512211e+01  6.235452e-02 
 2.512251e+01  6.176336e-02 
 2.512291e+01  6.114458e-02 
 2.512331e+01  6.049470e-02 
 2.512371e+01  5.982294e-02 
 2.512410e+01  5.913220e-02 
 2.512450e+01  5.841560e-02 
 2.512490e+01  5.765852e-02 
 2.512530e+01  5.690304e-02 
 2.512569e+01  5.612691e-02 
 2.512609e+01  5.531700e-02 
 2.512649e+01  5.448934e-02 
 2.512689e+01  5.363670e-02 
 2.512728e+01  5.275511e-02 
 2.512768e+01  5.186291e-02 
 2.512808e+01  5.096443e-02 
 2.512848e+01  5.004279e-02 
 2.512888e+01  4.909497e-02 
 2.512927e+01  4.813635e-02 
 2.512967e+01  4.715262e-02 
 2.513007e+01  4.615228e-02 
 2.513047e+01  4.515033e-02 
 2.513086e+01  4.413380e-02 
 2.513126e+01  4.310046e-02 
 2.513166e+01  4.202875e-02 
 2.513206e+01  4.096236e-02 
 2.513245e+01  3.986499e-02 
 2.513285e+01  3.875170e-02 
 2.513325e+01  3.764073e-02 
 2.513365e+01  3.650210e-02 
 2.513405e+01  3.534212e-02 
 2.513444e+01  3.417729e-02 
 2.513484e+01  3.299954e-02 
 2.513524e+01  3.182962e-02 
 2.513564e+01  3.064928e-02 
 2.513603e+01  2.945856e-02 
 2.513643e+01  2.825364e-02 
 2.513683e+01  2.705041e-02 
 2.513723e+01  2.584521e-02 
 2.513762e+01  2.463408e-02 
 2.513802e+01  2.343263e-02 
 2.513842e+01  2.221732e-02 
 2.513882e+01  2.097744e-02 
 2.513922e+01  1.975348e-02 
 2.513961e+01  1.852525e-02 
 2.514001e+01  1.730239e-02 
 2.514041e+01  1.608161e-02 
 2.514081e+01  1.485395e-02 
 2.514120e+01  1.362276e-02 
 2.514160e+01  1.239935e-02 
 2.514200e+01  1.118778e-02 
 2.514240e+01  9.970613e-03 
 2.514279e+01  8.763577e-03 
 2.514319e+01  7.556429e-03 
 2.514359e+01  6.351364e-03 
 2.514399e+01  5.148511e-03 
 2.514439e+01  3.971271e-03 
 2.514478e+01  2.791940e-03 
 2.514518e+01  1.618864e-03 
 2.514558e+01  4.490230e-04 
 2.514598e+01 -7.144664e-04 
 2.514637e+01 -1.861293e-03 
 2.514677e+01 -2.988065e-03 
 2.514717e+01 -4.100630e-03 
 2.514757e+01 -5.197134e-03 
 2.514796e+01 -6.284947e-03 
 2.514836e+01 -7.369131e-03 
 2.514876e+01 -8.435386e-03 
 2.514916e+01 -9.483006e-03 
 2.514956e+01 -1.050969e-02 
 2.514995e+01 -1.152847e-02 
 2.515035e+01 -1.252426e-02 
 2.515075e+01 -1.349570e-02 
 2.515115e+01 -1.445190e-02 
 2.515154e+01 -1.537451e-02 
 2.515194e+01 -1.627055e-02 
 2.515234e+01 -1.715340e-02 
 2.515274e+01 -1.800810e-02 
 2.515313e+01 -1.884865e-02 
 2.515353e+01 -1.965900e-02 
 2.515393e+01 -2.044161e-02 
 2.515433e+01 -2.118705e-02 
 2.515473e+01 -2.191172e-02 
 2.515512e+01 -2.260911e-02 
 2.515552e+01 -2.326286e-02 
 2.515592e+01 -2.388072e-02 
 2.515632e+01 -2.446433e-02 
 2.515671e+01 -2.500603e-02 
 2.515711e+01 -2.550923e-02 
 2.515751e+01 -2.599832e-02 
 2.515791e+01 -2.645703e-02 
 2.515830e+01 -2.687890e-02 
 2.515870e+01 -2.726865e-02 
 2.515910e+01 -2.763356e-02 
 2.515950e+01 -2.795474e-02 
 2.515990e+01 -2.825396e-02 
 2.516029e+01 -2.851473e-02 
 2.516069e+01 -2.874699e-02 
 2.516109e+01 -2.895210e-02 
 2.516149e+01 -2.912973e-02 
 2.516188e+01 -2.926940e-02 
 2.516228e+01 -2.939588e-02 
 2.516268e+01 -2.950451e-02 
 2.516308e+01 -2.956917e-02 
 2.516348e+01 -2.960996e-02 
 2.516387e+01 -2.962247e-02 
 2.516427e+01 -2.960363e-02 
 2.516467e+01 -2.954747e-02 
 2.516507e+01 -2.947322e-02 
 2.516546e+01 -2.936403e-02 
 2.516586e+01 -2.921331e-02 
 2.516626e+01 -2.902703e-02 
 2.516666e+01 -2.883557e-02 
 2.516705e+01 -2.860942e-02 
 2.516745e+01 -2.835722e-02 
 2.516785e+01 -2.809654e-02 
 2.516825e+01 -2.779568e-02 
 2.516865e+01 -2.745961e-02 
 2.516904e+01 -2.711188e-02 
 2.516944e+01 -2.672957e-02 
 2.516984e+01 -2.631754e-02 
 2.517024e+01 -2.586991e-02 
 2.517063e+01 -2.540998e-02 
 2.517103e+01 -2.489108e-02 
 2.517143e+01 -2.435444e-02 
 2.517183e+01 -2.380313e-02 
 2.517222e+01 -2.321704e-02 
 2.517262e+01 -2.260853e-02 
 2.517302e+01 -2.197538e-02 
 2.517342e+01 -2.131979e-02 
 2.517382e+01 -2.062339e-02 
 2.517421e+01 -1.991224e-02 
 2.517461e+01 -1.916397e-02 
 2.517501e+01 -1.838149e-02 
 2.517541e+01 -1.756383e-02 
 2.517580e+01 -1.672405e-02 
 2.517620e+01 -1.584795e-02 
 2.517660e+01 -1.495620e-02 
 2.517700e+01 -1.406596e-02 
 2.517739e+01 -1.314226e-02 
 2.517779e+01 -1.220105e-02 
 2.517819e+01 -1.124291e-02 
 2.517859e+01 -1.026615e-02 
 2.517899e+01 -9.265072e-03 
 2.517938e+01 -8.246115e-03 
 2.517978e+01 -7.201474e-03 
 2.518018e+01 -6.143454e-03 
 2.518058e+01 -5.060737e-03 
 2.518097e+01 -3.972755e-03 
 2.518137e+01 -2.871807e-03 
 2.518177e+01 -1.773232e-03 
 2.518217e+01 -6.639566e-04 
 2.518256e+01  4.646485e-04 
 2.518296e+01  1.603758e-03 
 2.518336e+01  2.772110e-03 
 2.518376e+01  3.950241e-03 
 2.518416e+01  5.139012e-03 
 2.518455e+01  6.353521e-03 
 2.518495e+01  7.579755e-03 
 2.518535e+01  8.824828e-03 
 2.518575e+01  1.006444e-02 
 2.518614e+01  1.130456e-02 
 2.518654e+01  1.254381e-02 
 2.518694e+01  1.379310e-02 
 2.518734e+01  1.505020e-02 
 2.518773e+01  1.630604e-02 
 2.518813e+01  1.757519e-02 
 2.518853e+01  1.884066e-02 
 2.518893e+01  2.009854e-02 
 2.518933e+01  2.136243e-02 
 2.518972e+01  2.264446e-02 
 2.519012e+01  2.390937e-02 
 2.519052e+01  2.516220e-02 
 2.519092e+01  2.641224e-02 
 2.519131e+01  2.765280e-02 
 2.519171e+01  2.887204e-02 
 2.519211e+01  3.010949e-02 
 2.519251e+01  3.133035e-02 
 2.519290e+01  3.252906e-02 
 2.519330e+01  3.372703e-02 
 2.519370e+01  3.492298e-02 
 2.519410e+01  3.609282e-02 
 2.519450e+01  3.725990e-02 
 2.519489e+01  3.843332e-02 
 2.519529e+01  3.956414e-02 
 2.519569e+01  4.067024e-02 
 2.519609e+01  4.176643e-02 
 2.519648e+01  4.283929e-02 
 2.519688e+01  4.388456e-02 
 2.519728e+01  4.492150e-02 
 2.519768e+01  4.593737e-02 
 2.519807e+01  4.691880e-02 
 2.519847e+01  4.789237e-02 
 2.519887e+01  4.885572e-02 
 2.519927e+01  4.979736e-02 
 2.519967e+01  5.071212e-02 
 2.520006e+01  5.161222e-02 
 2.520046e+01  5.247325e-02 
 2.520086e+01  5.329181e-02 
 2.520126e+01  5.409726e-02 
 2.520165e+01  5.488341e-02 
 2.520205e+01  5.564602e-02 
 2.520245e+01  5.639042e-02 
 2.520285e+01  5.711777e-02 
 2.520324e+01  5.782598e-02 
 2.520364e+01  5.852981e-02 
 2.520404e+01  5.922270e-02 
 2.520444e+01  5.990388e-02 
 2.520484e+01  6.054779e-02 
 2.520523e+01  6.116134e-02 
 2.520563e+01  6.174679e-02 
 2.520603e+01  6.230358e-02 
 2.520643e+01  6.283627e-02 
 2.520682e+01  6.335218e-02 
 2.520722e+01  6.383952e-02 
 2.520762e+01  6.430000e-02 
 2.520802e+01  6.472192e-02 
 2.520841e+01  6.513896e-02 
 2.520881e+01  6.553285e-02 
 2.520921e+01  6.589678e-02 
 2.520961e+01  6.623356e-02 
 2.521001e+01  6.652843e-02 
 2.521040e+01  6.678474e-02 
 2.521080e+01  6.700935e-02 
 2.521120e+01  6.720380e-02 
 2.521160e+01  6.737824e-02 
 2.521199e+01  6.752141e-02 
 2.521239e+01  6.762684e-02 
 2.521279e+01  6.769716e-02 
 2.521319e+01  6.773903e-02 
 2.521358e+01  6.776855e-02 
 2.521398e+01  6.775905e-02 
 2.521438e+01  6.772547e-02 
 2.521478e+01  6.763550e-02 
 2.521518e+01  6.750810e-02 
 2.521557e+01  6.734485e-02 
 2.521597e+01  6.715197e-02 
 2.521637e+01  6.692737e-02 
 2.521677e+01  6.666384e-02 
 2.521716e+01  6.636654e-02 
 2.521756e+01  6.603113e-02 
 2.521796e+01  6.566934e-02 
 2.521836e+01  6.527913e-02 
 2.521875e+01  6.487455e-02 
 2.521915e+01  6.442911e-02 
 2.521955e+01  6.395046e-02 
 2.521995e+01  6.342923e-02 
 2.522035e+01  6.287056e-02 
 2.522074e+01  6.228431e-02 
 2.522114e+01  6.167201e-02 
 2.522154e+01  6.102810e-02 
 2.522194e+01  6.035405e-02 
 2.522233e+01  5.965693e-02 
 2.522273e+01  5.894359e-02 
 2.522313e+01  5.820471e-02 
 2.522353e+01  5.745128e-02 
 2.522392e+01  5.667592e-02 
 2.522432e+01  5.586559e-02 
 2.522472e+01  5.502528e-02 
 2.522512e+01  5.415772e-02 
 2.522552e+01  5.327165e-02 
 2.522591e+01  5.236293e-02 
 2.522631e+01  5.142837e-02 
 2.522671e+01  5.047532e-02 
 2.522711e+01  4.949434e-02 
 2.522750e+01  4.850769e-02 
 2.522790e+01  4.750651e-02 
 2.522830e+01  4.648049e-02 
 2.522870e+01  4.543723e-02 
 2.522909e+01  4.437712e-02 
 2.522949e+01  4.329029e-02 
 2.522989e+01  4.217484e-02 
 2.523029e+01  4.106200e-02 
 2.523069e+01  3.992825e-02 
 2.523108e+01  3.879615e-02 
 2.523148e+01  3.765470e-02 
 2.523188e+01  3.650085e-02 
 2.523228e+01  3.533393e-02 
 2.523267e+01  3.418175e-02 
 2.523307e+01  3.302200e-02 
 2.523347e+01  3.184245e-02 
 2.523387e+01  3.066137e-02 
 2.523426e+01  2.947855e-02 
 2.523466e+01  2.828000e-02 
 2.523506e+01  2.707458e-02 
 2.523546e+01  2.589208e-02 
 2.523586e+01  2.468477e-02 
 2.523625e+01  2.347370e-02 
 2.523665e+01  2.225740e-02 
 2.523705e+01  2.104076e-02 
 2.523745e+01  1.981869e-02 
 2.523784e+01  1.861461e-02 
 2.523824e+01  1.741537e-02 
 2.523864e+01  1.620315e-02 
 2.523904e+01  1.499211e-02 
 2.523943e+01  1.378736e-02 
 2.523983e+01  1.258771e-02 
 2.524023e+01  1.137647e-02 
 2.524063e+01  1.019147e-02 
 2.524103e+01  8.999415e-03 
 2.524142e+01  7.801159e-03 
 2.524182e+01  6.612586e-03 
 2.524222e+01  5.435618e-03 
 2.524262e+01  4.268557e-03 
 2.524301e+01  3.113131e-03 
 2.524341e+01  1.969748e-03 
 2.524381e+01  8.275864e-04 
 2.524421e+01 -3.057142e-04 
 2.524460e+01 -1.427681e-03 
 2.524500e+01 -2.532809e-03 
 2.524540e+01 -3.636048e-03 
 2.524580e+01 -4.735850e-03 
 2.524620e+01 -5.828866e-03 
 2.524659e+01 -6.901745e-03 
 2.524699e+01 -7.967745e-03 
 2.524739e+01 -9.011963e-03 
 2.524779e+01 -1.002500e-02 
 2.524818e+01 -1.102835e-02 
 2.524858e+01 -1.201504e-02 
 2.524898e+01 -1.298852e-02 
 2.524938e+01 -1.393476e-02 
 2.524977e+01 -1.486613e-02 
 2.525017e+01 -1.577489e-02 
 2.525057e+01 -1.666093e-02 
 2.525097e+01 -1.753942e-02 
 2.525137e+01 -1.838058e-02 
 2.525176e+01 -1.919204e-02 
 2.525216e+01 -1.998096e-02 
 2.525256e+01 -2.073420e-02 
 2.525296e+01 -2.146668e-02 
 2.525335e+01 -2.216290e-02 
 2.525375e+01 -2.282990e-02 
 2.525415e+01 -2.346740e-02 
 2.525455e+01 -2.408222e-02 
 2.525494e+01 -2.467252e-02 
 2.525534e+01 -2.523328e-02 
 2.525574e+01 -2.578745e-02 
 2.525614e+01 -2.630764e-02 
 2.525654e+01 -2.678649e-02 
 2.525693e+01 -2.723810e-02 
 2.525733e+01 -2.765277e-02 
 2.525773e+01 -2.803307e-02 
 2.525813e+01 -2.837631e-02 
 2.525852e+01 -2.870131e-02 
 2.525892e+01 -2.897280e-02 
 2.525932e+01 -2.921931e-02 
 2.525972e+01 -2.943261e-02 
 2.526012e+01 -2.961616e-02 
 2.526051e+01 -2.976407e-02 
 2.526091e+01 -2.989056e-02 
 2.526131e+01 -2.997720e-02 
 2.526171e+01 -3.001217e-02 
 2.526210e+01 -3.002235e-02 
 2.526250e+01 -3.001739e-02 
 2.526290e+01 -2.995242e-02 
 2.526330e+01 -2.986480e-02 
 2.526369e+01 -2.974045e-02 
 2.526409e+01 -2.957100e-02 
 2.526449e+01 -2.938399e-02 
 2.526489e+01 -2.917808e-02 
 2.526529e+01 -2.894775e-02 
 2.526568e+01 -2.868139e-02 
 2.526608e+01 -2.838700e-02 
 2.526648e+01 -2.805118e-02 
 2.526688e+01 -2.768713e-02 
 2.526727e+01 -2.728767e-02 
 2.526767e+01 -2.686479e-02 
 2.526807e+01 -2.640469e-02 
 2.526847e+01 -2.592427e-02 
 2.526886e+01 -2.540736e-02 
 2.526926e+01 -2.487436e-02 
 2.526966e+01 -2.431806e-02 
 2.527006e+01 -2.375258e-02 
 2.527046e+01 -2.313738e-02 
 2.527085e+01 -2.251057e-02 
 2.527125e+01 -2.185367e-02 
 2.527165e+01 -2.116688e-02 
 2.527205e+01 -2.044716e-02 
 2.527244e+01 -1.970422e-02 
 2.527284e+01 -1.893331e-02 
 2.527324e+01 -1.813536e-02 
 2.527364e+01 -1.732463e-02 
 2.527403e+01 -1.650557e-02 
 2.527443e+01 -1.567309e-02 
 2.527483e+01 -1.483446e-02 
 2.527523e+01 -1.398407e-02 
 2.527563e+01 -1.310220e-02 
 2.527602e+01 -1.220960e-02 
 2.527642e+01 -1.127636e-02 
 2.527682e+01 -1.033750e-02 
 2.527722e+01 -9.356022e-03 
 2.527761e+01 -8.370235e-03 
 2.527801e+01 -7.360481e-03 
 2.527841e+01 -6.331875e-03 
 2.527881e+01 -5.284812e-03 
 2.527920e+01 -4.225810e-03 
 2.527960e+01 -3.164454e-03 
 2.528000e+01 -2.078615e-03 
 2.528040e+01 -9.802518e-04 
 2.528080e+01  1.387867e-04 
 2.528119e+01  1.280992e-03 
 2.528159e+01  2.439588e-03 
 2.528199e+01  3.607066e-03 
 2.528239e+01  4.795488e-03 
 2.528278e+01  6.006518e-03 
 2.528318e+01  7.215275e-03 
 2.528358e+01  8.428694e-03 
 2.528398e+01  9.639802e-03 
 2.528437e+01  1.084794e-02 
 2.528477e+01  1.205198e-02 
 2.528517e+01  1.327177e-02 
 2.528557e+01  1.451148e-02 
 2.528597e+01  1.574884e-02 
 2.528636e+01  1.699265e-02 
 2.528676e+01  1.825394e-02 
 2.528716e+01  1.951150e-02 
 2.528756e+01  2.077615e-02 
 2.528795e+01  2.205105e-02 
 2.528835e+01  2.331411e-02 
 2.528875e+01  2.455269e-02 
 2.528915e+01  2.579335e-02 
 2.528954e+01  2.703361e-02 
 2.528994e+01  2.825632e-02 
 2.529034e+01  2.947744e-02 
 2.529074e+01  3.071100e-02 
 2.529114e+01  3.192856e-02 
 2.529153e+01  3.313512e-02 
 2.529193e+01  3.435842e-02 
 2.529233e+01  3.557112e-02 
 2.529273e+01  3.676383e-02 
 2.529312e+01  3.794532e-02 
 2.529352e+01  3.909709e-02 
 2.529392e+01  4.021899e-02 
 2.529432e+01  4.132577e-02 
 2.529471e+01  4.242410e-02 
 2.529511e+01  4.350997e-02 
 2.529551e+01  4.457350e-02 
 2.529591e+01  4.563882e-02 
 2.529631e+01  4.666958e-02 
 2.529670e+01  4.769724e-02 
 2.529710e+01  4.870063e-02 
 2.529750e+01  4.968465e-02 
 2.529790e+01  5.064137e-02 
 2.529829e+01  5.157070e-02 
 2.529869e+01  5.246882e-02 
 2.529909e+01  5.334053e-02 
 2.529949e+01  5.420073e-02 
 2.529988e+01  5.504584e-02 
 2.530028e+01  5.586484e-02 
 2.530068e+01  5.665365e-02 
 2.530108e+01  5.742604e-02 
 2.530148e+01  5.816321e-02 
 2.530187e+01  5.888239e-02 
 2.530227e+01  5.956705e-02 
 2.530267e+01  6.022642e-02 
 2.530307e+01  6.083429e-02 
 2.530346e+01  6.141208e-02 
 2.530386e+01  6.195471e-02 
 2.530426e+01  6.246875e-02 
 2.530466e+01  6.297262e-02 
 2.530505e+01  6.345167e-02 
 2.530545e+01  6.389976e-02 
 2.530585e+01  6.430313e-02 
 2.530625e+01  6.469537e-02 
 2.530665e+01  6.505696e-02 
 2.530704e+01  6.539357e-02 
 2.530744e+01  6.571600e-02 
 2.530784e+01  6.599833e-02 
 2.530824e+01  6.625188e-02 
 2.530863e+01  6.647649e-02 
 2.530903e+01  6.668333e-02 
 2.530943e+01  6.686091e-02 
 2.530983e+01  6.702119e-02 
 2.531022e+01  6.714029e-02 
 2.531062e+01  6.723516e-02 
 2.531102e+01  6.729711e-02 
 2.531142e+01  6.735145e-02 
 2.531182e+01  6.739209e-02 
 2.531221e+01  6.739061e-02 
 2.531261e+01  6.733875e-02 
 2.531301e+01  6.726274e-02 
 2.531341e+01  6.715291e-02 
 2.531380e+01  6.700207e-02 
 2.531420e+01  6.683338e-02 
 2.531460e+01  6.664145e-02 
 2.531500e+01  6.640160e-02 
 2.531539e+01  6.614285e-02 
 2.531579e+01  6.585882e-02 
 2.531619e+01  6.554611e-02 
 2.531659e+01  6.519848e-02 
 2.531699e+01  6.482755e-02 
 2.531738e+01  6.441931e-02 
 2.531778e+01  6.395503e-02 
 2.531818e+01  6.347709e-02 
 2.531858e+01  6.296478e-02 
 2.531897e+01  6.241973e-02 
 2.531937e+01  6.184311e-02 
 2.531977e+01  6.124436e-02 
 2.532017e+01  6.061137e-02 
 2.532056e+01  5.995641e-02 
 2.532096e+01  5.928905e-02 
 2.532136e+01  5.858797e-02 
 2.532176e+01  5.785343e-02 
 2.532216e+01  5.708451e-02 
 2.532255e+01  5.627240e-02 
 2.532295e+01  5.543405e-02 
 2.532335e+01  5.457200e-02 
 2.532375e+01  5.369747e-02 
 2.532414e+01  5.280048e-02 
 2.532454e+01  5.187253e-02 
 2.532494e+01  5.093396e-02 
 2.532534e+01  4.995798e-02 
 2.532573e+01  4.898008e-02 
 2.532613e+01  4.798223e-02 
 2.532653e+01  4.696259e-02 
 2.532693e+01  4.593305e-02 
 2.532733e+01  4.487955e-02 
 2.532772e+01  4.380573e-02 
 2.532812e+01  4.271218e-02 
 2.532852e+01  4.162686e-02 
 2.532892e+01  4.052264e-02 
 2.532931e+01  3.939237e-02 
 2.532971e+01  3.824519e-02 
 2.533011e+01  3.709032e-02 
 2.533051e+01  3.592948e-02 
 2.533090e+01  3.476608e-02 
 2.533130e+01  3.358574e-02 
 2.533170e+01  3.238629e-02 
 2.533210e+01  3.116633e-02 
 2.533250e+01  2.994154e-02 
 2.533289e+01  2.871268e-02 
 2.533329e+01  2.747608e-02 
 2.533369e+01  2.625262e-02 
 2.533409e+01  2.501026e-02 
 2.533448e+01  2.376163e-02 
 2.533488e+01  2.251317e-02 
 2.533528e+01  2.126667e-02 
 2.533568e+01  2.002236e-02 
 2.533607e+01  1.878195e-02 
 2.533647e+01  1.754038e-02 
 2.533687e+01  1.629896e-02 
 2.533727e+01  1.504648e-02 
 2.533767e+01  1.381136e-02 
 2.533806e+01  1.258527e-02 
 2.533846e+01  1.136222e-02 
 2.533886e+01  1.014846e-02 
 2.533926e+01  8.952014e-03 
 2.533965e+01  7.758742e-03 
 2.534005e+01  6.578822e-03 
 2.534045e+01  5.421725e-03 
 2.534085e+01  4.268668e-03 
 2.534124e+01  3.113587e-03 
 2.534164e+01  1.970962e-03 
 2.534204e+01  8.261037e-04 
 2.534244e+01 -2.951647e-04 
 2.534284e+01 -1.410310e-03 
 2.534323e+01 -2.497760e-03 
 2.534363e+01 -3.581777e-03 
 2.534403e+01 -4.643394e-03 
 2.534443e+01 -5.690665e-03 
 2.534482e+01 -6.732580e-03 
 2.534522e+01 -7.746800e-03 
 2.534562e+01 -8.742984e-03 
 2.534602e+01 -9.726665e-03 
 2.534641e+01 -1.069271e-02 
 2.534681e+01 -1.164527e-02 
 2.534721e+01 -1.257640e-02 
 2.534761e+01 -1.348953e-02 
 2.534801e+01 -1.437563e-02 
 2.534840e+01 -1.525355e-02 
 2.534880e+01 -1.611766e-02 
 2.534920e+01 -1.695454e-02 
 2.534960e+01 -1.777491e-02 
 2.534999e+01 -1.857436e-02 
 2.535039e+01 -1.936011e-02 
 2.535079e+01 -2.010948e-02 
 2.535119e+01 -2.085314e-02 
 2.535159e+01 -2.157536e-02 
 2.535198e+01 -2.227597e-02 
 2.535238e+01 -2.294904e-02 
 2.535278e+01 -2.359177e-02 
 2.535318e+01 -2.421273e-02 
 2.535357e+01 -2.481274e-02 
 2.535397e+01 -2.538278e-02 
 2.535437e+01 -2.592889e-02 
 2.535477e+01 -2.642993e-02 
 2.535516e+01 -2.689154e-02 
 2.535556e+01 -2.732374e-02 
 2.535596e+01 -2.772253e-02 
 2.535636e+01 -2.809781e-02 
 2.535676e+01 -2.843576e-02 
 2.535715e+01 -2.875174e-02 
 2.535755e+01 -2.903032e-02 
 2.535795e+01 -2.928183e-02 
 2.535835e+01 -2.951881e-02 
 2.535874e+01 -2.971224e-02 
 2.535914e+01 -2.985486e-02 
 2.535954e+01 -2.996407e-02 
 2.535994e+01 -3.003290e-02 
 2.536033e+01 -3.006581e-02 
 2.536073e+01 -3.008679e-02 
 2.536113e+01 -3.005517e-02 
 2.536153e+01 -2.999993e-02 
 2.536193e+01 -2.990727e-02 
 2.536232e+01 -2.980153e-02 
 2.536272e+01 -2.965669e-02 
 2.536312e+01 -2.947783e-02 
 2.536352e+01 -2.927206e-02 
 2.536391e+01 -2.902465e-02 
 2.536431e+01 -2.873251e-02 
 2.536471e+01 -2.841082e-02 
 2.536511e+01 -2.805560e-02 
 2.536550e+01 -2.767378e-02 
 2.536590e+01 -2.725830e-02 
 2.536630e+01 -2.680756e-02 
 2.536670e+01 -2.632378e-02 
 2.536710e+01 -2.582371e-02 
 2.536749e+01 -2.531017e-02 
 2.536789e+01 -2.474750e-02 
 2.536829e+01 -2.416264e-02 
 2.536869e+01 -2.354797e-02 
 2.536908e+01 -2.289545e-02 
 2.536948e+01 -2.221689e-02 
 2.536988e+01 -2.153386e-02 
 2.537028e+01 -2.081446e-02 
 2.537067e+01 -2.006296e-02 
 2.537107e+01 -1.930004e-02 
 2.537147e+01 -1.851584e-02 
 2.537187e+01 -1.769523e-02 
 2.537227e+01 -1.687860e-02 
 2.537266e+01 -1.603417e-02 
 2.537306e+01 -1.516635e-02 
 2.537346e+01 -1.426393e-02 
 2.537386e+01 -1.335048e-02 
 2.537425e+01 -1.240468e-02 
 2.537465e+01 -1.142904e-02 
 2.537505e+01 -1.045074e-02 
 2.537545e+01 -9.441398e-03 
 2.537584e+01 -8.409362e-03 
 2.537624e+01 -7.367160e-03 
 2.537664e+01 -6.326165e-03 
 2.537704e+01 -5.258274e-03 
 2.537744e+01 -4.193427e-03 
 2.537783e+01 -3.120568e-03 
 2.537823e+01 -2.029853e-03 
 2.537863e+01 -8.996326e-04 
 2.537903e+01  2.163269e-04 
 2.537942e+01  1.343030e-03 
 2.537982e+01  2.494099e-03 
 2.538022e+01  3.648744e-03 
 2.538062e+01  4.800357e-03 
 2.538101e+01  5.963845e-03 
 2.538141e+01  7.142947e-03 
 2.538181e+01  8.298742e-03 
 2.538221e+01  9.466647e-03 
 2.538261e+01  1.064477e-02 
 2.538300e+01  1.182486e-02 
 2.538340e+01  1.302477e-02 
 2.538380e+01  1.424538e-02 
 2.538420e+01  1.546631e-02 
 2.538459e+01  1.668534e-02 
 2.538499e+01  1.791816e-02 
 2.538539e+01  1.915107e-02 
 2.538579e+01  2.037902e-02 
 2.538618e+01  2.160190e-02 
 2.538658e+01  2.280601e-02 
 2.538698e+01  2.401888e-02 
 2.538738e+01  2.521892e-02 
 2.538778e+01  2.643195e-02 
 2.538817e+01  2.765580e-02 
 2.538857e+01  2.887830e-02 
 2.538897e+01  3.009869e-02 
 2.538937e+01  3.131427e-02 
 2.538976e+01  3.251800e-02 
 2.539016e+01  3.371522e-02 
 2.539056e+01  3.490191e-02 
 2.539096e+01  3.607229e-02 
 2.539135e+01  3.721797e-02 
 2.539175e+01  3.835541e-02 
 2.539215e+01  3.948017e-02 
 2.539255e+01  4.059949e-02 
 2.539295e+01  4.172817e-02 
 2.539334e+01  4.284386e-02 
 2.539374e+01  4.394851e-02 
 2.539414e+01  4.504405e-02 
 2.539454e+01  4.611822e-02 
 2.539493e+01  4.718311e-02 
 2.539533e+01  4.821996e-02 
 2.539573e+01  4.923725e-02 
 2.539613e+01  5.022112e-02 
 2.539652e+01  5.117430e-02 
 2.539692e+01  5.211409e-02 
 2.539732e+01  5.303806e-02 
 2.539772e+01  5.393680e-02 
 2.539812e+01  5.482576e-02 
 2.539851e+01  5.568247e-02 
 2.539891e+01  5.651437e-02 
 2.539931e+01  5.731068e-02 
 2.539971e+01  5.809209e-02 
 2.540010e+01  5.882255e-02 
 2.540050e+01  5.952631e-02 
 2.540090e+01  6.021131e-02 
 2.540130e+01  6.084787e-02 
 2.540169e+01  6.144097e-02 
 2.540209e+01  6.203528e-02 
 2.540249e+01  6.260615e-02 
 2.540289e+01  6.314272e-02 
 2.540329e+01  6.365782e-02 
 2.540368e+01  6.414630e-02 
 2.540408e+01  6.459041e-02 
 2.540448e+01  6.500454e-02 
 2.540488e+01  6.539498e-02 
 2.540527e+01  6.574432e-02 
 2.540567e+01  6.603396e-02 
 2.540607e+01  6.630811e-02 
 2.540647e+01  6.654764e-02 
 2.540686e+01  6.675291e-02 
 2.540726e+01  6.695553e-02 
 2.540766e+01  6.712848e-02 
 2.540806e+01  6.726125e-02 
 2.540846e+01  6.736531e-02 
 2.540885e+01  6.743389e-02 
 2.540925e+01  6.747659e-02 
 2.540965e+01  6.747851e-02 
 2.541005e+01  6.744886e-02 
 2.541044e+01  6.738319e-02 
 2.541084e+01  6.727270e-02 
 2.541124e+01  6.714561e-02 
 2.541164e+01  6.700058e-02 
 2.541203e+01  6.683464e-02 
 2.541243e+01  6.664908e-02 
 2.541283e+01  6.643853e-02 
 2.541323e+01  6.619352e-02 
 2.541363e+01  6.592622e-02 
 2.541402e+01  6.562696e-02 
 2.541442e+01  6.531409e-02 
 2.541482e+01  6.495536e-02 
 2.541522e+01  6.457435e-02 
 2.541561e+01  6.415561e-02 
 2.541601e+01  6.371626e-02 
 2.541641e+01  6.326659e-02 
 2.541681e+01  6.278174e-02 
 2.541720e+01  6.227951e-02 
 2.541760e+01  6.173981e-02 
 2.541800e+01  6.117874e-02 
 2.541840e+01  6.057499e-02 
 2.541880e+01  5.994729e-02 
 2.541919e+01  5.930462e-02 
 2.541959e+01  5.862075e-02 
 2.541999e+01  5.790494e-02 
 2.542039e+01  5.716484e-02 
 2.542078e+01  5.638610e-02 
 2.542118e+01  5.559855e-02 
 2.542158e+01  5.479198e-02 
 2.542198e+01  5.397023e-02 
 2.542237e+01  5.311345e-02 
 2.542277e+01  5.223487e-02 
 2.542317e+01  5.133636e-02 
 2.542357e+01  5.040926e-02 
 2.542397e+01  4.947163e-02 
 2.542436e+01  4.850482e-02 
 2.542476e+01  4.750963e-02 
 2.542516e+01  4.648371e-02 
 2.542556e+01  4.542856e-02 
 2.542595e+01  4.436039e-02 
 2.542635e+01  4.326981e-02 
 2.542675e+01  4.216656e-02 
 2.542715e+01  4.105460e-02 
 2.542754e+01  3.991747e-02 
 2.542794e+01  3.876767e-02 
 2.542834e+01  3.761069e-02 
 2.542874e+01  3.645604e-02 
 2.542914e+01  3.527577e-02 
 2.542953e+01  3.407435e-02 
 2.542993e+01  3.285943e-02 
 2.543033e+01  3.162520e-02 
 2.543073e+01  3.038040e-02 
 2.543112e+01  2.914599e-02 
 2.543152e+01  2.791461e-02 
 2.543192e+01  2.667709e-02 
 2.543232e+01  2.542947e-02 
 2.543271e+01  2.418686e-02 
 2.543311e+01  2.294479e-02 
 2.543351e+01  2.170533e-02 
 2.543391e+01  2.047870e-02 
 2.543431e+01  1.923016e-02 
 2.543470e+01  1.797944e-02 
 2.543510e+01  1.673051e-02 
 2.543550e+01  1.548692e-02 
 2.543590e+01  1.423782e-02 
 2.543629e+01  1.301611e-02 
 2.543669e+01  1.179297e-02 
 2.543709e+01  1.057444e-02 
 2.543749e+01  9.358724e-03 
 2.543788e+01  8.153673e-03 
 2.543828e+01  6.957429e-03 
 2.543868e+01  5.765621e-03 
 2.543908e+01  4.587776e-03 
 2.543948e+01  3.398158e-03 
 2.543987e+01  2.223245e-03 
 2.544027e+01  1.067983e-03 
 2.544067e+01 -7.111093e-05 
 2.544107e+01 -1.199912e-03 
 2.544146e+01 -2.308986e-03 
 2.544186e+01 -3.417252e-03 
 2.544226e+01 -4.504454e-03 
 2.544266e+01 -5.572164e-03 
 2.544306e+01 -6.616705e-03 
 2.544345e+01 -7.653685e-03 
 2.544385e+01 -8.670398e-03 
 2.544425e+01 -9.650266e-03 
 2.544465e+01 -1.064135e-02 
 2.544504e+01 -1.161385e-02 
 2.544544e+01 -1.255520e-02 
 2.544584e+01 -1.349004e-02 
 2.544624e+01 -1.440054e-02 
 2.544663e+01 -1.528574e-02 
 2.544703e+01 -1.615039e-02 
 2.544743e+01 -1.699255e-02 
 2.544783e+01 -1.780722e-02 
 2.544823e+01 -1.859006e-02 
 2.544862e+01 -1.935888e-02 
 2.544902e+01 -2.009473e-02 
 2.544942e+01 -2.080794e-02 
 2.544982e+01 -2.150961e-02 
 2.545021e+01 -2.216681e-02 
 2.545061e+01 -2.280772e-02 
 2.545101e+01 -2.341119e-02 
 2.545141e+01 -2.399638e-02 
 2.545180e+01 -2.455653e-02 
 2.545220e+01 -2.507805e-02 
 2.545260e+01 -2.556423e-02 
 2.545300e+01 -2.603338e-02 
 2.545340e+01 -2.647131e-02 
 2.545379e+01 -2.688836e-02 
 2.545419e+01 -2.728610e-02 
 2.545459e+01 -2.766599e-02 
 2.545499e+01 -2.801085e-02 
 2.545538e+01 -2.832770e-02 
 2.545578e+01 -2.862417e-02 
 2.545618e+01 -2.888301e-02 
 2.545658e+01 -2.912268e-02 
 2.545697e+01 -2.932398e-02 
 2.545737e+01 -2.949622e-02 
 2.545777e+01 -2.962132e-02 
 2.545817e+01 -2.973911e-02 
 2.545857e+01 -2.982195e-02 
 2.545896e+01 -2.988305e-02 
 2.545936e+01 -2.990083e-02 
 2.545976e+01 -2.989172e-02 
 2.546016e+01 -2.985002e-02 
 2.546055e+01 -2.978011e-02 
 2.546095e+01 -2.967810e-02 
 2.546135e+01 -2.953371e-02 
 2.546175e+01 -2.936080e-02 
 2.546214e+01 -2.913865e-02 
 2.546254e+01 -2.888808e-02 
 2.546294e+01 -2.858941e-02 
 2.546334e+01 -2.827145e-02 
 2.546374e+01 -2.791941e-02 
 2.546413e+01 -2.754191e-02 
 2.546453e+01 -2.712140e-02 
 2.546493e+01 -2.668493e-02 
 2.546533e+01 -2.621385e-02 
 2.546572e+01 -2.571353e-02 
 2.546612e+01 -2.518231e-02 
 2.546652e+01 -2.460811e-02 
 2.546692e+01 -2.400771e-02 
 2.546731e+01 -2.336415e-02 
 2.546771e+01 -2.268777e-02 
 2.546811e+01 -2.198801e-02 
 2.546851e+01 -2.127532e-02 
 2.546891e+01 -2.051955e-02 
 2.546930e+01 -1.973851e-02 
 2.546970e+01 -1.894571e-02 
 2.547010e+01 -1.812348e-02 
 2.547050e+01 -1.727465e-02 
 2.547089e+01 -1.641514e-02 
 2.547129e+01 -1.551884e-02 
 2.547169e+01 -1.458926e-02 
 2.547209e+01 -1.364779e-02 
 2.547248e+01 -1.268424e-02 
 2.547288e+01 -1.170285e-02 
 2.547328e+01 -1.070979e-02 
 2.547368e+01 -9.719596e-03 
 2.547408e+01 -8.703084e-03 
 2.547447e+01 -7.680402e-03 
 2.547487e+01 -6.644198e-03 
 2.547527e+01 -5.603105e-03 
 2.547567e+01 -4.535710e-03 
 2.547606e+01 -3.458109e-03 
 2.547646e+01 -2.347480e-03 
 2.547686e+01 -1.221995e-03 
 2.547726e+01 -9.256429e-05 
 2.547765e+01  1.025988e-03 
 2.547805e+01  2.172402e-03 
 2.547845e+01  3.330530e-03 
 2.547885e+01  4.495250e-03 
 2.547925e+01  5.668015e-03 
 2.547964e+01  6.847516e-03 
 2.548004e+01  8.029120e-03 
 2.548044e+01  9.215729e-03 
 2.548084e+01  1.042770e-02 
 2.548123e+01  1.164889e-02 
 2.548163e+01  1.287784e-02 
 2.548203e+01  1.410797e-02 
 2.548243e+01  1.533256e-02 
 2.548282e+01  1.656200e-02 
 2.548322e+01  1.779961e-02 
 2.548362e+01  1.904068e-02 
 2.548402e+01  2.025930e-02 
 2.548442e+01  2.147946e-02 
 2.548481e+01  2.269491e-02 
 2.548521e+01  2.391016e-02 
 2.548561e+01  2.512366e-02 
 2.548601e+01  2.634552e-02 
 2.548640e+01  2.755934e-02 
 2.548680e+01  2.875392e-02 
 2.548720e+01  2.994434e-02 
 2.548760e+01  3.113224e-02 
 2.548799e+01  3.231201e-02 
 2.548839e+01  3.349592e-02 
 2.548879e+01  3.465767e-02 
 2.548919e+01  3.580359e-02 
 2.548959e+01  3.693854e-02 
 2.548998e+01  3.806606e-02 
 2.549038e+01  3.920066e-02 
 2.549078e+01  4.031117e-02 
 2.549118e+01  4.142177e-02 
 2.549157e+01  4.252859e-02 
 2.549197e+01  4.360811e-02 
 2.549237e+01  4.467140e-02 
 2.549277e+01  4.571148e-02 
 2.549316e+01  4.673697e-02 
 2.549356e+01  4.771614e-02 
 2.549396e+01  4.869936e-02 
 2.549436e+01  4.965061e-02 
 2.549476e+01  5.058028e-02 
 2.549515e+01  5.150735e-02 
 2.549555e+01  5.243054e-02 
 2.549595e+01  5.333761e-02 
 2.549635e+01  5.421187e-02 
 2.549674e+01  5.508767e-02 
 2.549714e+01  5.592423e-02 
 2.549754e+01  5.673271e-02 
 2.549794e+01  5.752088e-02 
 2.549833e+01  5.829603e-02 
 2.549873e+01  5.902611e-02 
 2.549913e+01  5.973465e-02 
 2.549953e+01  6.041359e-02 
 2.549993e+01  6.107174e-02 
 2.550032e+01  6.171576e-02 
 2.550072e+01  6.234984e-02 
 2.550112e+01  6.295620e-02 
 2.550152e+01  6.351590e-02 
 2.550191e+01  6.404551e-02 
 2.550231e+01  6.453496e-02 
 2.550271e+01  6.499825e-02 
 2.550311e+01  6.540629e-02 
 2.550350e+01  6.580106e-02 
 2.550390e+01  6.613728e-02 
 2.550430e+01  6.645062e-02 
 2.550470e+01  6.673925e-02 
 2.550510e+01  6.700329e-02 
 2.550549e+01  6.724373e-02 
 2.550589e+01  6.743714e-02 
 2.550629e+01  6.759277e-02 
 2.550669e+01  6.770102e-02 
 2.550708e+01  6.778563e-02 
 2.550748e+01  6.784481e-02 
 2.550788e+01  6.785311e-02 
 2.550828e+01  6.782984e-02 
 2.550867e+01  6.776659e-02 
 2.550907e+01  6.767334e-02 
 2.550947e+01  6.755896e-02 
 2.550987e+01  6.742323e-02 
 2.551027e+01  6.725714e-02 
 2.551066e+01  6.706277e-02 
 2.551106e+01  6.683667e-02 
 2.551146e+01  6.656138e-02 
 2.551186e+01  6.626055e-02 
 2.551225e+01  6.593036e-02 
 2.551265e+01  6.556971e-02 
 2.551305e+01  6.515833e-02 
 2.551345e+01  6.473861e-02 
 2.551384e+01  6.427330e-02 
 2.551424e+01  6.380057e-02 
 2.551464e+01  6.330495e-02 
 2.551504e+01  6.278920e-02 
 2.551544e+01  6.223176e-02 
 2.551583e+01  6.165114e-02 
 2.551623e+01  6.104467e-02 
 2.551663e+01  6.041706e-02 
 2.551703e+01  5.976573e-02 
 2.551742e+01  5.910381e-02 
 2.551782e+01  5.841993e-02 
 2.551822e+01  5.768800e-02 
 2.551862e+01  5.694837e-02 
 2.551901e+01  5.618954e-02 
 2.551941e+01  5.542322e-02 
 2.551981e+01  5.463394e-02 
 2.552021e+01  5.382423e-02 
 2.552061e+01  5.299116e-02 
 2.552100e+01  5.212039e-02 
 2.552140e+01  5.123427e-02 
 2.552180e+01  5.032398e-02 
 2.552220e+01  4.939624e-02 
 2.552259e+01  4.844120e-02 
 2.552299e+01  4.746295e-02 
 2.552339e+01  4.647444e-02 
 2.552379e+01  4.546682e-02 
 2.552418e+01  4.445012e-02 
 2.552458e+01  4.343051e-02 
 2.552498e+01  4.238154e-02 
 2.552538e+01  4.129832e-02 
 2.552578e+01  4.020852e-02 
 2.552617e+01  3.910091e-02 
 2.552657e+01  3.798064e-02 
 2.552697e+01  3.685578e-02 
 2.552737e+01  3.571031e-02 
 2.552776e+01  3.454305e-02 
 2.552816e+01  3.336478e-02 
 2.552856e+01  3.218804e-02 
 2.552896e+01  3.099593e-02 
 2.552935e+01  2.980298e-02 
 2.552975e+01  2.860797e-02 
 2.553015e+01  2.738578e-02 
 2.553055e+01  2.614347e-02 
 2.553095e+01  2.491052e-02 
 2.553134e+01  2.366255e-02 
 2.553174e+01  2.240812e-02 
 2.553214e+01  2.114828e-02 
 2.553254e+01  1.988473e-02 
 2.553293e+01  1.861674e-02 
 2.553333e+01  1.735936e-02 
 2.553373e+01  1.609453e-02 
 2.553413e+01  1.483060e-02 
 2.553453e+01  1.357395e-02 
 2.553492e+01  1.230969e-02 
 2.553532e+01  1.104682e-02 
 2.553572e+01  9.796467e-03 
 2.553612e+01  8.568367e-03 
 2.553651e+01  7.339281e-03 
 2.553691e+01  6.115186e-03 
 2.553731e+01  4.907022e-03 
 2.553771e+01  3.698439e-03 
 2.553810e+01  2.510102e-03 
 2.553850e+01  1.337185e-03 
 2.553890e+01  1.818183e-04 
 2.553930e+01 -9.736090e-04 
 2.553970e+01 -2.100947e-03 
 2.554009e+01 -3.217723e-03 
 2.554049e+01 -4.327386e-03 
 2.554089e+01 -5.413040e-03 
 2.554129e+01 -6.484009e-03 
 2.554168e+01 -7.541816e-03 
 2.554208e+01 -8.583430e-03 
 2.554248e+01 -9.602938e-03 
 2.554288e+01 -1.061240e-02 
 2.554327e+01 -1.158558e-02 
 2.554367e+01 -1.254016e-02 
 2.554407e+01 -1.347474e-02 
 2.554447e+01 -1.438000e-02 
 2.554487e+01 -1.526835e-02 
 2.554526e+01 -1.613057e-02 
 2.554566e+01 -1.696177e-02 
 2.554606e+01 -1.777431e-02 
 2.554646e+01 -1.855951e-02 
 2.554685e+01 -1.932702e-02 
 2.554725e+01 -2.007303e-02 
 2.554765e+01 -2.079502e-02 
 2.554805e+01 -2.148824e-02 
 2.554844e+01 -2.213826e-02 
 2.554884e+01 -2.277091e-02 
 2.554924e+01 -2.337888e-02 
 2.554964e+01 -2.396753e-02 
 2.555004e+01 -2.452129e-02 
 2.555043e+01 -2.505114e-02 
 2.555083e+01 -2.555152e-02 
 2.555123e+01 -2.602046e-02 
 2.555163e+01 -2.646385e-02 
 2.555202e+01 -2.688888e-02 
 2.555242e+01 -2.727543e-02 
 2.555282e+01 -2.762930e-02 
 2.555322e+01 -2.795496e-02 
 2.555361e+01 -2.824566e-02 
 2.555401e+01 -2.852419e-02 
 2.555441e+01 -2.877796e-02 
 2.555481e+01 -2.899467e-02 
 2.555521e+01 -2.917471e-02 
 2.555560e+01 -2.931441e-02 
 2.555600e+01 -2.943683e-02 
 2.555640e+01 -2.952457e-02 
 2.555680e+01 -2.958320e-02 
 2.555719e+01 -2.961628e-02 
 2.555759e+01 -2.961105e-02 
 2.555799e+01 -2.958166e-02 
 2.555839e+01 -2.952060e-02 
 2.555878e+01 -2.943456e-02 
 2.555918e+01 -2.932156e-02 
 2.555958e+01 -2.917380e-02 
 2.555998e+01 -2.900148e-02 
 2.556038e+01 -2.880048e-02 
 2.556077e+01 -2.856226e-02 
 2.556117e+01 -2.831266e-02 
 2.556157e+01 -2.803201e-02 
 2.556197e+01 -2.772796e-02 
 2.556236e+01 -2.738238e-02 
 2.556276e+01 -2.701578e-02 
 2.556316e+01 -2.662247e-02 
 2.556356e+01 -2.619127e-02 
 2.556395e+01 -2.572301e-02 
 2.556435e+01 -2.522496e-02 
 2.556475e+01 -2.468241e-02 
 2.556515e+01 -2.411041e-02 
 2.556555e+01 -2.351194e-02 
 2.556594e+01 -2.289337e-02 
 2.556634e+01 -2.225148e-02 
 2.556674e+01 -2.158383e-02 
 2.556714e+01 -2.089160e-02 
 2.556753e+01 -2.016761e-02 
 2.556793e+01 -1.941173e-02 
 2.556833e+01 -1.863128e-02 
 2.556873e+01 -1.780925e-02 
 2.556912e+01 -1.695733e-02 
 2.556952e+01 -1.609383e-02 
 2.556992e+01 -1.520026e-02 
 2.557032e+01 -1.428468e-02 
 2.557072e+01 -1.335169e-02 
 2.557111e+01 -1.239867e-02 
 2.557151e+01 -1.142533e-02 
 2.557191e+01 -1.042145e-02 
 2.557231e+01 -9.406876e-03 
 2.557270e+01 -8.355909e-03 
 2.557310e+01 -7.300018e-03 
 2.557350e+01 -6.219097e-03 
 2.557390e+01 -5.109181e-03 
 2.557429e+01 -3.981406e-03 
 2.557469e+01 -2.838590e-03 
 2.557509e+01 -1.678792e-03 
 2.557549e+01 -5.212288e-04 
 2.557589e+01  6.371059e-04 
 2.557628e+01  1.822458e-03 
 2.557668e+01  3.011575e-03 
 2.557708e+01  4.199385e-03 
 2.557748e+01  5.403304e-03 
 2.557787e+01  6.620929e-03 
 2.557827e+01  7.834025e-03 
 2.557867e+01  9.056777e-03 
 2.557907e+01  1.029408e-02 
 2.557946e+01  1.153205e-02 
 2.557986e+01  1.276694e-02 
 2.558026e+01  1.399889e-02 
 2.558066e+01  1.522102e-02 
 2.558106e+01  1.644996e-02 
 2.558145e+01  1.767485e-02 
 2.558185e+01  1.889749e-02 
 2.558225e+01  2.009917e-02 
 2.558265e+01  2.130853e-02 
 2.558304e+01  2.251762e-02 
 2.558344e+01  2.373554e-02 
 2.558384e+01  2.495489e-02 
 2.558424e+01  2.619383e-02 
 2.558463e+01  2.740786e-02 
 2.558503e+01  2.860138e-02 
 2.558543e+01  2.979296e-02 
 2.558583e+01  3.098420e-02 
 2.558623e+01  3.216045e-02 
 2.558662e+01  3.332533e-02 
 2.558702e+01  3.448125e-02 
 2.558742e+01  3.562637e-02 
 2.558782e+01  3.676650e-02 
 2.558821e+01  3.789804e-02 
 2.558861e+01  3.902733e-02 
 2.558901e+01  4.014252e-02 
 2.558941e+01  4.123085e-02 
 2.558980e+01  4.230566e-02 
 2.559020e+01  4.336724e-02 
 2.559060e+01  4.439870e-02 
 2.559100e+01  4.542152e-02 
 2.559140e+01  4.643611e-02 
 2.559179e+01  4.742211e-02 
 2.559219e+01  4.838963e-02 
 2.559259e+01  4.935120e-02 
 2.559299e+01  5.030134e-02 
 2.559338e+01  5.124337e-02 
 2.559378e+01  5.216181e-02 
 2.559418e+01  5.306103e-02 
 2.559458e+01  5.391964e-02 
 2.559497e+01  5.475843e-02 
 2.559537e+01  5.558132e-02 
 2.559577e+01  5.637170e-02 
 2.559617e+01  5.714801e-02 
 2.559657e+01  5.790620e-02 
 2.559696e+01  5.862318e-02 
 2.559736e+01  5.932277e-02 
 2.559776e+01  5.999666e-02 
 2.559816e+01  6.065639e-02 
 2.559855e+01  6.129041e-02 
 2.559895e+01  6.190417e-02 
 2.559935e+01  6.247101e-02 
 2.559975e+01  6.300771e-02 
 2.560014e+01  6.352643e-02 
 2.560054e+01  6.401457e-02 
 2.560094e+01  6.448175e-02 
 2.560134e+01  6.490821e-02 
 2.560174e+01  6.531509e-02 
 2.560213e+01  6.568524e-02 
 2.560253e+01  6.603552e-02 
 2.560293e+01  6.637670e-02 
 2.560333e+01  6.668988e-02 
 2.560372e+01  6.696858e-02 
 2.560412e+01  6.720060e-02 
 2.560452e+01  6.741277e-02 
 2.560492e+01  6.758594e-02 
 2.560531e+01  6.772842e-02 
 2.560571e+01  6.783786e-02 
 2.560611e+01  6.790495e-02 
 2.560651e+01  6.794105e-02 
 2.560691e+01  6.794659e-02 
 2.560730e+01  6.791310e-02 
 2.560770e+01  6.785666e-02 
 2.560810e+01  6.777445e-02 
 2.560850e+01  6.765098e-02 
 2.560889e+01  6.747640e-02 
 2.560929e+01  6.726221e-02 
 2.560969e+01  6.700751e-02 
 2.561009e+01  6.671110e-02 
 2.561048e+01  6.639225e-02 
 2.561088e+01  6.603883e-02 
 2.561128e+01  6.564342e-02 
 2.561168e+01  6.521988e-02 
 2.561208e+01  6.478188e-02 
 2.561247e+01  6.432096e-02 
 2.561287e+01  6.382662e-02 
 2.561327e+01  6.330562e-02 
 2.561367e+01  6.274843e-02 
 2.561406e+01  6.215724e-02 
 2.561446e+01  6.152315e-02 
 2.561486e+01  6.087105e-02 
 2.561526e+01  6.019378e-02 
 2.561565e+01  5.949452e-02 
 2.561605e+01  5.876287e-02 
 2.561645e+01  5.800468e-02 
 2.561685e+01  5.723766e-02 
 2.561725e+01  5.645202e-02 
 2.561764e+01  5.564067e-02 
 2.561804e+01  5.482050e-02 
 2.561844e+01  5.396112e-02 
 2.561884e+01  5.308331e-02 
 2.561923e+01  5.217207e-02 
 2.561963e+01  5.126438e-02 
 2.562003e+01  5.033378e-02 
 2.562043e+01  4.938650e-02 
 2.562082e+01  4.843071e-02 
 2.562122e+01  4.744324e-02 
 2.562162e+01  4.643812e-02 
 2.562202e+01  4.544574e-02 
 2.562242e+01  4.441989e-02 
 2.562281e+01  4.339348e-02 
 2.562321e+01  4.233293e-02 
 2.562361e+01  4.126222e-02 
 2.562401e+01  4.017904e-02 
 2.562440e+01  3.908234e-02 
 2.562480e+01  3.798791e-02 
 2.562520e+01  3.686827e-02 
 2.562560e+01  3.574107e-02 
 2.562600e+01  3.459933e-02 
 2.562639e+01  3.344447e-02 
 2.562679e+01  3.228484e-02 
 2.562719e+01  3.112300e-02 
 2.562759e+01  2.994818e-02 
 2.562798e+01  2.875035e-02 
 2.562838e+01  2.753898e-02 
 2.562878e+01  2.632684e-02 
 2.562918e+01  2.511043e-02 
 2.562957e+01  2.389946e-02 
 2.562997e+01  2.267256e-02 
 2.563037e+01  2.143847e-02 
 2.563077e+01  2.021009e-02 
 2.563117e+01  1.898543e-02 
 2.563156e+01  1.776798e-02 
 2.563196e+01  1.654952e-02 
 2.563236e+01  1.534236e-02 
 2.563276e+01  1.411600e-02 
 2.563315e+01  1.290218e-02 
 2.563355e+01  1.168613e-02 
 2.563395e+01  1.047824e-02 
 2.563435e+01  9.275590e-03 
 2.563474e+01  8.073264e-03 
 2.563514e+01  6.863095e-03 
 2.563554e+01  5.662138e-03 
 2.563594e+01  4.475400e-03 
 2.563634e+01  3.298340e-03 
 2.563673e+01  2.120479e-03 
 2.563713e+01  9.590720e-04 
 2.563753e+01 -1.949786e-04 
 2.563793e+01 -1.356228e-03 
 2.563832e+01 -2.494433e-03 
 2.563872e+01 -3.621982e-03 
 2.563912e+01 -4.727333e-03 
 2.563952e+01 -5.828050e-03 
 2.563991e+01 -6.912304e-03 
 2.564031e+01 -7.982533e-03 
 2.564071e+01 -9.032941e-03 
 2.564111e+01 -1.006614e-02 
 2.564151e+01 -1.107240e-02 
 2.564190e+01 -1.206366e-02 
 2.564230e+01 -1.304004e-02 
 2.564270e+01 -1.400784e-02 
 2.564310e+01 -1.493955e-02 
 2.564349e+01 -1.586362e-02 
 2.564389e+01 -1.674333e-02 
 2.564429e+01 -1.760779e-02 
 2.564469e+01 -1.844496e-02 
 2.564508e+01 -1.926790e-02 
 2.564548e+01 -2.006421e-02 
 2.564588e+01 -2.082496e-02 
 2.564628e+01 -2.154848e-02 
 2.564668e+01 -2.224884e-02 
 2.564707e+01 -2.291953e-02 
 2.564747e+01 -2.357071e-02 
 2.564787e+01 -2.418313e-02 
 2.564827e+01 -2.475618e-02 
 2.564866e+01 -2.528474e-02 
 2.564906e+01 -2.579988e-02 
 2.564946e+01 -2.628371e-02 
 2.564986e+01 -2.672961e-02 
 2.565025e+01 -2.715650e-02 
 2.565065e+01 -2.754394e-02 
 2.565105e+01 -2.789577e-02 
 2.565145e+01 -2.821032e-02 
 2.565185e+01 -2.850009e-02 
 2.565224e+01 -2.876156e-02 
 2.565264e+01 -2.897191e-02 
 2.565304e+01 -2.915615e-02 
 2.565344e+01 -2.929910e-02 
 2.565383e+01 -2.941983e-02 
 2.565423e+01 -2.951915e-02 
 2.565463e+01 -2.959522e-02 
 2.565503e+01 -2.963758e-02 
 2.565542e+01 -2.966335e-02 
 2.565582e+01 -2.965120e-02 
 2.565622e+01 -2.961295e-02 
 2.565662e+01 -2.954259e-02 
 2.565702e+01 -2.944794e-02 
 2.565741e+01 -2.932157e-02 
 2.565781e+01 -2.915201e-02 
 2.565821e+01 -2.896564e-02 
 2.565861e+01 -2.874284e-02 
 2.565900e+01 -2.850300e-02 
 2.565940e+01 -2.822816e-02 
 2.565980e+01 -2.793439e-02 
 2.566020e+01 -2.760943e-02 
 2.566059e+01 -2.724567e-02 
 2.566099e+01 -2.686746e-02 
 2.566139e+01 -2.645364e-02 
 2.566179e+01 -2.600721e-02 
 2.566219e+01 -2.553545e-02 
 2.566258e+01 -2.503494e-02 
 2.566298e+01 -2.449666e-02 
 2.566338e+01 -2.394194e-02 
 2.566378e+01 -2.336076e-02 
 2.566417e+01 -2.275540e-02 
 2.566457e+01 -2.213361e-02 
 2.566497e+01 -2.148119e-02 
 2.566537e+01 -2.080266e-02 
 2.566576e+01 -2.010049e-02 
 2.566616e+01 -1.937516e-02 
 2.566656e+01 -1.862138e-02 
 2.566696e+01 -1.784133e-02 
 2.566736e+01 -1.703300e-02 
 2.566775e+01 -1.620253e-02 
 2.566815e+01 -1.533507e-02 
 2.566855e+01 -1.445816e-02 
 2.566895e+01 -1.354830e-02 
 2.566934e+01 -1.263432e-02 
 2.566974e+01 -1.168603e-02 
 2.567014e+01 -1.072294e-02 
 2.567054e+01 -9.743286e-03 
 2.567093e+01 -8.742487e-03 
 2.567133e+01 -7.722857e-03 
 2.567173e+01 -6.684365e-03 
 2.567213e+01 -5.611073e-03 
 2.567253e+01 -4.518928e-03 
 2.567292e+01 -3.412612e-03 
 2.567332e+01 -2.308184e-03 
 2.567372e+01 -1.187585e-03 
 2.567412e+01 -4.986606e-05 
 2.567451e+01  1.096746e-03 
 2.567491e+01  2.261631e-03 
 2.567531e+01  3.436197e-03 
 2.567571e+01  4.614860e-03 
 2.567610e+01  5.809397e-03 
 2.567650e+01  7.020417e-03 
 2.567690e+01  8.252387e-03 
 2.567730e+01  9.483811e-03 
 2.567770e+01  1.073068e-02 
 2.567809e+01  1.197359e-02 
 2.567849e+01  1.320813e-02 
 2.567889e+01  1.446757e-02 
 2.567929e+01  1.573142e-02 
 2.567968e+01  1.699826e-02 
 2.568008e+01  1.826002e-02 
 2.568048e+01  1.952952e-02 
 2.568088e+01  2.080343e-02 
 2.568127e+01  2.208090e-02 
 2.568167e+01  2.337168e-02 
 2.568207e+01  2.464701e-02 
 2.568247e+01  2.591092e-02 
 2.568287e+01  2.715367e-02 
 2.568326e+01  2.838493e-02 
 2.568366e+01  2.960320e-02 
 2.568406e+01  3.083099e-02 
 2.568446e+01  3.203636e-02 
 2.568485e+01  3.323557e-02 
 2.568525e+01  3.441704e-02 
 2.568565e+01  3.559321e-02 
 2.568605e+01  3.675065e-02 
 2.568644e+01  3.790218e-02 
 2.568684e+01  3.903261e-02 
 2.568724e+01  4.015892e-02 
 2.568764e+01  4.125721e-02 
 2.568804e+01  4.234738e-02 
 2.568843e+01  4.340310e-02 
 2.568883e+01  4.446251e-02 
 2.568923e+01  4.548832e-02 
 2.568963e+01  4.650820e-02 
 2.569002e+01  4.749232e-02 
 2.569042e+01  4.846481e-02 
 2.569082e+01  4.941591e-02 
 2.569122e+01  5.035794e-02 
 2.569161e+01  5.128593e-02 
 2.569201e+01  5.218399e-02 
 2.569241e+01  5.305541e-02 
 2.569281e+01  5.388876e-02 
 2.569321e+01  5.472416e-02 
 2.569360e+01  5.551877e-02 
 2.569400e+01  5.630186e-02 
 2.569440e+01  5.706065e-02 
 2.569480e+01  5.778724e-02 
 2.569519e+01  5.847433e-02 
 2.569559e+01  5.915371e-02 
 2.569599e+01  5.981429e-02 
 2.569639e+01  6.045721e-02 
 2.569678e+01  6.106692e-02 
 2.569718e+01  6.164653e-02 
 2.569758e+01  6.218883e-02 
 2.569798e+01  6.271900e-02 
 2.569838e+01  6.322224e-02 
 2.569877e+01  6.369989e-02 
 2.569917e+01  6.414198e-02 
 2.569957e+01  6.455921e-02 
 2.569997e+01  6.496284e-02 
 2.570036e+01  6.533800e-02 
 2.570076e+01  6.570512e-02 
 2.570116e+01  6.604332e-02 
 2.570156e+01  6.634033e-02 
 2.570195e+01  6.658894e-02 
 2.570235e+01  6.680957e-02 
 2.570275e+01  6.700312e-02 
 2.570315e+01  6.717180e-02 
 2.570355e+01  6.730925e-02 
 2.570394e+01  6.741655e-02 
 2.570434e+01  6.748942e-02 
 2.570474e+01  6.752995e-02 
 2.570514e+01  6.755722e-02 
 2.570553e+01  6.755121e-02 
 2.570593e+01  6.751942e-02 
 2.570633e+01  6.745269e-02 
 2.570673e+01  6.735308e-02 
 2.570712e+01  6.721775e-02 
 2.570752e+01  6.705041e-02 
 2.570792e+01  6.686293e-02 
 2.570832e+01  6.665850e-02 
 2.570872e+01  6.641117e-02 
 2.570911e+01  6.613160e-02 
 2.570951e+01  6.582063e-02 
 2.570991e+01  6.549040e-02 
 2.571031e+01  6.511701e-02 
 2.571070e+01  6.471820e-02 
 2.571110e+01  6.427575e-02 
 2.571150e+01  6.379051e-02 
 2.571190e+01  6.326778e-02 
 2.571229e+01  6.271887e-02 
 2.571269e+01  6.213441e-02 
 2.571309e+01  6.152545e-02 
 2.571349e+01  6.089130e-02 
 2.571389e+01  6.021893e-02 
 2.571428e+01  5.951257e-02 
 2.571468e+01  5.877732e-02 
 2.571508e+01  5.801957e-02 
 2.571548e+01  5.722834e-02 
 2.571587e+01  5.641606e-02 
 2.571627e+01  5.556942e-02 
 2.571667e+01  5.468906e-02 
 2.571707e+01  5.378523e-02 
 2.571747e+01  5.285635e-02 
 2.571786e+01  5.191118e-02 
 2.571826e+01  5.094876e-02 
 2.571866e+01  4.995871e-02 
 2.571906e+01  4.894942e-02 
 2.571945e+01  4.791887e-02 
 2.571985e+01  4.688363e-02 
 2.572025e+01  4.583834e-02 
 2.572065e+01  4.477701e-02 
 2.572104e+01  4.368673e-02 
 2.572144e+01  4.257358e-02 
 2.572184e+01  4.145519e-02 
 2.572224e+01  4.032430e-02 
 2.572264e+01  3.918865e-02 
 2.572303e+01  3.804669e-02 
 2.572343e+01  3.688863e-02 
 2.572383e+01  3.572085e-02 
 2.572423e+01  3.454844e-02 
 2.572462e+01  3.337216e-02 
 2.572502e+01  3.220137e-02 
 2.572542e+01  3.101627e-02 
 2.572582e+01  2.983694e-02 
 2.572621e+01  2.863444e-02 
 2.572661e+01  2.743262e-02 
 2.572701e+01  2.624342e-02 
 2.572741e+01  2.505965e-02 
 2.572781e+01  2.386476e-02 
 2.572820e+01  2.266832e-02 
 2.572860e+01  2.146546e-02 
 2.572900e+01  2.027723e-02 
 2.572940e+01  1.908097e-02 
 2.572979e+01  1.789298e-02 
 2.573019e+01  1.669404e-02 
 2.573059e+01  1.550013e-02 
 2.573099e+01  1.429533e-02 
 2.573138e+01  1.307899e-02 
 2.573178e+01  1.188998e-02 
 2.573218e+01  1.070933e-02 
 2.573258e+01  9.525572e-03 
 2.573298e+01  8.334712e-03 
 2.573337e+01  7.159854e-03 
 2.573377e+01  5.977424e-03 
 2.573417e+01  4.801324e-03 
 2.573457e+01  3.635293e-03 
 2.573496e+01  2.480984e-03 
 2.573536e+01  1.327781e-03 
 2.573576e+01  1.873214e-04 
 2.573616e+01 -9.385705e-04 
 2.573655e+01 -2.050928e-03 
 2.573695e+01 -3.147937e-03 
 2.573735e+01 -4.230059e-03 
 2.573775e+01 -5.317633e-03 
 2.573815e+01 -6.386471e-03 
 2.573854e+01 -7.442983e-03 
 2.573894e+01 -8.486347e-03 
 2.573934e+01 -9.502496e-03 
 2.573974e+01 -1.051397e-02 
 2.574013e+01 -1.150783e-02 
 2.574053e+01 -1.249368e-02 
 2.574093e+01 -1.345259e-02 
 2.574133e+01 -1.437657e-02 
 2.574172e+01 -1.529150e-02 
 2.574212e+01 -1.617225e-02 
 2.574252e+01 -1.703978e-02 
 2.574292e+01 -1.788983e-02 
 2.574332e+01 -1.872567e-02 
 2.574371e+01 -1.953174e-02 
 2.574411e+01 -2.030323e-02 
 2.574451e+01 -2.105515e-02 
 2.574491e+01 -2.179121e-02 
 2.574530e+01 -2.249313e-02 
 2.574570e+01 -2.316444e-02 
 2.574610e+01 -2.380284e-02 
 2.574650e+01 -2.441483e-02 
 2.574689e+01 -2.499769e-02 
 2.574729e+01 -2.555954e-02 
 2.574769e+01 -2.609611e-02 
 2.574809e+01 -2.658435e-02 
 2.574849e+01 -2.705217e-02 
 2.574888e+01 -2.748795e-02 
 2.574928e+01 -2.788854e-02 
 2.574968e+01 -2.826857e-02 
 2.575008e+01 -2.862366e-02 
 2.575047e+01 -2.894275e-02 
 2.575087e+01 -2.921227e-02 
 2.575127e+01 -2.945944e-02 
 2.575167e+01 -2.966255e-02 
 2.575206e+01 -2.983780e-02 
 2.575246e+01 -2.999170e-02 
 2.575286e+01 -3.009923e-02 
 2.575326e+01 -3.017581e-02 
 2.575366e+01 -3.021707e-02 
 2.575405e+01 -3.022254e-02 
 2.575445e+01 -3.018319e-02 
 2.575485e+01 -3.010566e-02 
 2.575525e+01 -3.000739e-02 
 2.575564e+01 -2.985750e-02 
 2.575604e+01 -2.966428e-02 
 2.575644e+01 -2.945645e-02 
 2.575684e+01 -2.921650e-02 
 2.575723e+01 -2.894097e-02 
 2.575763e+01 -2.862885e-02 
 2.575803e+01 -2.829704e-02 
 2.575843e+01 -2.792446e-02 
 2.575883e+01 -2.753316e-02 
 2.575922e+01 -2.711437e-02 
 2.575962e+01 -2.665921e-02 
 2.576002e+01 -2.616826e-02 
 2.576042e+01 -2.565362e-02 
 2.576081e+01 -2.510681e-02 
 2.576121e+01 -2.453002e-02 
 2.576161e+01 -2.393532e-02 
 2.576201e+01 -2.332979e-02 
 2.576240e+01 -2.269204e-02 
 2.576280e+01 -2.204285e-02 
 2.576320e+01 -2.136816e-02 
 2.576360e+01 -2.066864e-02 
 2.576400e+01 -1.993835e-02 
 2.576439e+01 -1.919168e-02 
 2.576479e+01 -1.842367e-02 
 2.576519e+01 -1.761557e-02 
 2.576559e+01 -1.680644e-02 
 2.576598e+01 -1.597716e-02 
 2.576638e+01 -1.512743e-02 
 2.576678e+01 -1.427287e-02 
 2.576718e+01 -1.339839e-02 
 2.576757e+01 -1.250793e-02 
 2.576797e+01 -1.158591e-02 
 2.576837e+01 -1.064250e-02 
 2.576877e+01 -9.693532e-03 
 2.576917e+01 -8.720741e-03 
 2.576956e+01 -7.731578e-03 
 2.576996e+01 -6.714427e-03 
 2.577036e+01 -5.670756e-03 
 2.577076e+01 -4.637706e-03 
 2.577115e+01 -3.579923e-03 
 2.577155e+01 -2.529072e-03 
 2.577195e+01 -1.456561e-03 
 2.577235e+01 -3.729275e-04 
 2.577274e+01  7.409895e-04 
 2.577314e+01  1.883005e-03 
 2.577354e+01  3.024154e-03 
 2.577394e+01  4.187725e-03 
 2.577434e+01  5.370137e-03 
 2.577473e+01  6.576167e-03 
 2.577513e+01  7.788023e-03 
 2.577553e+01  9.005137e-03 
 2.577593e+01  1.022661e-02 
 2.577632e+01  1.144541e-02 
 2.577672e+01  1.268140e-02 
 2.577712e+01  1.392853e-02 
 2.577752e+01  1.518603e-02 
 2.577791e+01  1.643744e-02 
 2.577831e+01  1.769074e-02 
 2.577871e+01  1.894685e-02 
 2.577911e+01  2.020297e-02 
 2.577951e+01  2.146159e-02 
 2.577990e+01  2.272305e-02 
 2.578030e+01  2.397670e-02 
 2.578070e+01  2.522428e-02 
 2.578110e+01  2.646214e-02 
 2.578149e+01  2.769521e-02 
 2.578189e+01  2.892966e-02 
 2.578229e+01  3.016724e-02 
 2.578269e+01  3.138900e-02 
 2.578308e+01  3.260335e-02 
 2.578348e+01  3.381973e-02 
 2.578388e+01  3.503258e-02 
 2.578428e+01  3.622220e-02 
 2.578468e+01  3.740890e-02 
 2.578507e+01  3.858247e-02 
 2.578547e+01  3.972684e-02 
 2.578587e+01  4.085604e-02 
 2.578627e+01  4.197759e-02 
 2.578666e+01  4.308425e-02 
 2.578706e+01  4.416642e-02 
 2.578746e+01  4.524223e-02 
 2.578786e+01  4.629431e-02 
 2.578825e+01  4.732170e-02 
 2.578865e+01  4.834557e-02 
 2.578905e+01  4.934712e-02 
 2.578945e+01  5.032558e-02 
 2.578985e+01  5.128139e-02 
 2.579024e+01  5.220625e-02 
 2.579064e+01  5.309125e-02 
 2.579104e+01  5.395399e-02 
 2.579144e+01  5.480031e-02 
 2.579183e+01  5.561939e-02 
 2.579223e+01  5.642156e-02 
 2.579263e+01  5.719568e-02 
 2.579303e+01  5.793620e-02 
 2.579342e+01  5.866323e-02 
 2.579382e+01  5.937982e-02 
 2.579422e+01  6.006043e-02 
 2.579462e+01  6.070208e-02 
 2.579502e+01  6.131292e-02 
 2.579541e+01  6.188749e-02 
 2.579581e+01  6.242976e-02 
 2.579621e+01  6.296002e-02 
 2.579661e+01  6.345915e-02 
 2.579700e+01  6.391967e-02 
 2.579740e+01  6.435343e-02 
 2.579780e+01  6.475384e-02 
 2.579820e+01  6.512717e-02 
 2.579859e+01  6.547894e-02 
 2.579899e+01  6.580169e-02 
 2.579939e+01  6.609499e-02 
 2.579979e+01  6.633029e-02 
 2.580019e+01  6.654543e-02 
 2.580058e+01  6.672724e-02 
 2.580098e+01  6.688540e-02 
 2.580138e+01  6.702579e-02 
 2.580178e+01  6.713324e-02 
 2.580217e+01  6.719532e-02 
 2.580257e+01  6.724696e-02 
 2.580297e+01  6.727497e-02 
 2.580337e+01  6.728282e-02 
 2.580376e+01  6.725893e-02 
 2.580416e+01  6.722168e-02 
 2.580456e+01  6.714002e-02 
 2.580496e+01  6.701840e-02 
 2.580536e+01  6.687845e-02 
 2.580575e+01  6.671887e-02 
 2.580615e+01  6.652107e-02 
 2.580655e+01  6.628956e-02 
 2.580695e+01  6.602100e-02 
 2.580734e+01  6.573255e-02 
 2.580774e+01  6.541183e-02 
 2.580814e+01  6.507439e-02 
 2.580854e+01  6.471775e-02 
 2.580894e+01  6.432557e-02 
 2.580933e+01  6.390414e-02 
 2.580973e+01  6.344753e-02 
 2.581013e+01  6.295861e-02 
 2.581053e+01  6.244661e-02 
 2.581092e+01  6.190754e-02 
 2.581132e+01  6.134653e-02 
 2.581172e+01  6.074171e-02 
 2.581212e+01  6.012116e-02 
 2.581251e+01  5.947699e-02 
 2.581291e+01  5.880809e-02 
 2.581331e+01  5.812308e-02 
 2.581371e+01  5.741544e-02 
 2.581411e+01  5.666103e-02 
 2.581450e+01  5.588061e-02 
 2.581490e+01  5.506721e-02 
 2.581530e+01  5.423676e-02 
 2.581570e+01  5.338080e-02 
 2.581609e+01  5.251138e-02 
 2.581649e+01  5.160300e-02 
 2.581689e+01  5.067128e-02 
 2.581729e+01  4.970745e-02 
 2.581768e+01  4.873161e-02 
 2.581808e+01  4.773903e-02 
 2.581848e+01  4.671851e-02 
 2.581888e+01  4.566661e-02 
 2.581928e+01  4.458045e-02 
 2.581967e+01  4.348702e-02 
 2.582007e+01  4.236954e-02 
 2.582047e+01  4.125793e-02 
 2.582087e+01  4.011105e-02 
 2.582126e+01  3.895604e-02 
 2.582166e+01  3.778486e-02 
 2.582206e+01  3.659160e-02 
 2.582246e+01  3.539129e-02 
 2.582285e+01  3.419074e-02 
 2.582325e+01  3.296881e-02 
 2.582365e+01  3.173159e-02 
 2.582405e+01  3.048626e-02 
 2.582445e+01  2.923665e-02 
 2.582484e+01  2.798368e-02 
 2.582524e+01  2.672992e-02 
 2.582564e+01  2.547426e-02 
 2.582604e+01  2.419491e-02 
 2.582643e+01  2.291628e-02 
 2.582683e+01  2.163911e-02 
 2.582723e+01  2.035601e-02 
 2.582763e+01  1.908564e-02 
 2.582802e+01  1.782801e-02 
 2.582842e+01  1.657235e-02 
 2.582882e+01  1.531413e-02 
 2.582922e+01  1.407518e-02 
 2.582962e+01  1.284651e-02 
 2.583001e+01  1.162219e-02 
 2.583041e+01  1.041416e-02 
 2.583081e+01  9.210602e-03 
 2.583121e+01  8.010789e-03 
 2.583160e+01  6.824154e-03 
 2.583200e+01  5.661593e-03 
 2.583240e+01  4.501232e-03 
 2.583280e+01  3.360159e-03 
 2.583319e+01  2.235627e-03 
 2.583359e+01  1.127768e-03 
 2.583399e+01  1.522853e-05 
 2.583439e+01 -1.067294e-03 
 2.583479e+01 -2.139620e-03 
 2.583518e+01 -3.201132e-03 
 2.583558e+01 -4.250013e-03 
 2.583598e+01 -5.287143e-03 
 2.583638e+01 -6.316113e-03 
 2.583677e+01 -7.329377e-03 
 2.583717e+01 -8.302876e-03 
 2.583757e+01 -9.269382e-03 
 2.583797e+01 -1.023290e-02 
 2.583836e+01 -1.117120e-02 
 2.583876e+01 -1.210604e-02 
 2.583916e+01 -1.302547e-02 
 2.583956e+01 -1.391576e-02 
 2.583996e+01 -1.479484e-02 
 2.584035e+01 -1.565725e-02 
 2.584075e+01 -1.651615e-02 
 2.584115e+01 -1.734357e-02 
 2.584155e+01 -1.816105e-02 
 2.584194e+01 -1.894760e-02 
 2.584234e+01 -1.970270e-02 
 2.584274e+01 -2.044610e-02 
 2.584314e+01 -2.117206e-02 
 2.584353e+01 -2.186133e-02 
 2.584393e+01 -2.252220e-02 
 2.584433e+01 -2.316871e-02 
 2.584473e+01 -2.378141e-02 
 2.584513e+01 -2.438483e-02 
 2.584552e+01 -2.496792e-02 
 2.584592e+01 -2.552469e-02 
 2.584632e+01 -2.604946e-02 
 2.584672e+01 -2.654280e-02 
 2.584711e+01 -2.701687e-02 
 2.584751e+01 -2.744475e-02 
 2.584791e+01 -2.785625e-02 
 2.584831e+01 -2.822698e-02 
 2.584870e+01 -2.855302e-02 
 2.584910e+01 -2.884418e-02 
 2.584950e+01 -2.911200e-02 
 2.584990e+01 -2.934870e-02 
 2.585030e+01 -2.957327e-02 
 2.585069e+01 -2.974161e-02 
 2.585109e+01 -2.989817e-02 
 2.585149e+01 -3.000303e-02 
 2.585189e+01 -3.008760e-02 
 2.585228e+01 -3.013452e-02 
 2.585268e+01 -3.014209e-02 
 2.585308e+01 -3.011432e-02 
 2.585348e+01 -3.005318e-02 
 2.585387e+01 -2.996111e-02 
 2.585427e+01 -2.983515e-02 
 2.585467e+01 -2.969318e-02 
 2.585507e+01 -2.952369e-02 
 2.585547e+01 -2.930950e-02 
 2.585586e+01 -2.905589e-02 
 2.585626e+01 -2.877609e-02 
 2.585666e+01 -2.846125e-02 
 2.585706e+01 -2.810908e-02 
 2.585745e+01 -2.772477e-02 
 2.585785e+01 -2.729610e-02 
 2.585825e+01 -2.683155e-02 
 2.585865e+01 -2.633607e-02 
 2.585904e+01 -2.581892e-02 
 2.585944e+01 -2.526648e-02 
 2.585984e+01 -2.468965e-02 
 2.586024e+01 -2.409893e-02 
 2.586064e+01 -2.345650e-02 
 2.586103e+01 -2.277796e-02 
 2.586143e+01 -2.208510e-02 
 2.586183e+01 -2.134966e-02 
 2.586223e+01 -2.058300e-02 
 2.586262e+01 -1.978996e-02 
 2.586302e+01 -1.897442e-02 
 2.586342e+01 -1.812318e-02 
 2.586382e+01 -1.724910e-02 
 2.586421e+01 -1.637677e-02 
 2.586461e+01 -1.546597e-02 
 2.586501e+01 -1.455294e-02 
 2.586541e+01 -1.361886e-02 
 2.586581e+01 -1.265774e-02 
 2.586620e+01 -1.167053e-02 
 2.586660e+01 -1.068291e-02 
 2.586700e+01 -9.674639e-03 
 2.586740e+01 -8.630342e-03 
 2.586779e+01 -7.587145e-03 
 2.586819e+01 -6.513913e-03 
 2.586859e+01 -5.436581e-03 
 2.586899e+01 -4.366646e-03 
 2.586938e+01 -3.294582e-03 
 2.586978e+01 -2.210343e-03 
 2.587018e+01 -1.113163e-03 
 2.587058e+01 -1.214661e-05 
 2.587098e+01  1.115688e-03 
 2.587137e+01  2.249119e-03 
 2.587177e+01  3.390589e-03 
 2.587217e+01  4.545296e-03 
 2.587257e+01  5.706912e-03 
 2.587296e+01  6.872676e-03 
 2.587336e+01  8.038289e-03 
 2.587376e+01  9.192180e-03 
 2.587416e+01  1.034207e-02 
 2.587455e+01  1.149623e-02 
 2.587495e+01  1.265294e-02 
 2.587535e+01  1.382330e-02 
 2.587575e+01  1.498924e-02 
 2.587615e+01  1.617359e-02 
 2.587654e+01  1.737070e-02 
 2.587694e+01  1.857336e-02 
 2.587734e+01  1.977872e-02 
 2.587774e+01  2.099269e-02 
 2.587813e+01  2.220581e-02 
 2.587853e+01  2.340074e-02 
 2.587893e+01  2.459266e-02 
 2.587933e+01  2.579002e-02 
 2.587972e+01  2.699015e-02 
 2.588012e+01  2.819210e-02 
 2.588052e+01  2.940414e-02 
 2.588092e+01  3.060699e-02 
 2.588132e+01  3.182295e-02 
 2.588171e+01  3.303459e-02 
 2.588211e+01  3.423640e-02 
 2.588251e+01  3.543147e-02 
 2.588291e+01  3.661704e-02 
 2.588330e+01  3.778440e-02 
 2.588370e+01  3.893362e-02 
 2.588410e+01  4.006837e-02 
 2.588450e+01  4.119907e-02 
 2.588489e+01  4.232378e-02 
 2.588529e+01  4.343144e-02 
 2.588569e+01  4.452769e-02 
 2.588609e+01  4.560351e-02 
 2.588649e+01  4.666391e-02 
 2.588688e+01  4.771639e-02 
 2.588728e+01  4.875404e-02 
 2.588768e+01  4.975331e-02 
 2.588808e+01  5.073379e-02 
 2.588847e+01  5.168361e-02 
 2.588887e+01  5.261183e-02 
 2.588927e+01  5.352142e-02 
 2.588967e+01  5.443045e-02 
 2.589006e+01  5.529803e-02 
 2.589046e+01  5.613982e-02 
 2.589086e+01  5.696194e-02 
 2.589126e+01  5.775208e-02 
 2.589166e+01  5.852537e-02 
 2.589205e+01  5.926746e-02 
 2.589245e+01  5.997629e-02 
 2.589285e+01  6.064784e-02 
 2.589325e+01  6.127438e-02 
 2.589364e+01  6.189269e-02 
 2.589404e+01  6.247569e-02 
 2.589444e+01  6.303357e-02 
 2.589484e+01  6.355599e-02 
 2.589523e+01  6.404157e-02 
 2.589563e+01  6.449528e-02 
 2.589603e+01  6.491544e-02 
 2.589643e+01  6.532678e-02 
 2.589683e+01  6.570647e-02 
 2.589722e+01  6.605425e-02 
 2.589762e+01  6.635713e-02 
 2.589802e+01  6.663555e-02 
 2.589842e+01  6.686384e-02 
 2.589881e+01  6.709138e-02 
 2.589921e+01  6.728407e-02 
 2.589961e+01  6.742497e-02 
 2.590001e+01  6.754261e-02 
 2.590040e+01  6.763028e-02 
 2.590080e+01  6.768111e-02 
 2.590120e+01  6.769368e-02 
 2.590160e+01  6.769235e-02 
 2.590200e+01  6.764573e-02 
 2.590239e+01  6.755525e-02 
 2.590279e+01  6.743315e-02 
 2.590319e+01  6.727771e-02 
 2.590359e+01  6.709570e-02 
 2.590398e+01  6.689492e-02 
 2.590438e+01  6.665374e-02 
 2.590478e+01  6.638367e-02 
 2.590518e+01  6.608121e-02 
 2.590558e+01  6.575769e-02 
 2.590597e+01  6.540733e-02 
 2.590637e+01  6.504066e-02 
 2.590677e+01  6.463946e-02 
 2.590717e+01  6.420257e-02 
 2.590756e+01  6.373351e-02 
 2.590796e+01  6.324201e-02 
 2.590836e+01  6.272254e-02 
 2.590876e+01  6.218879e-02 
 2.590915e+01  6.164003e-02 
 2.590955e+01  6.106636e-02 
 2.590995e+01  6.045799e-02 
 2.591035e+01  5.984036e-02 
 2.591075e+01  5.919858e-02 
 2.591114e+01  5.853154e-02 
 2.591154e+01  5.785141e-02 
 2.591194e+01  5.714192e-02 
 2.591234e+01  5.639081e-02 
 2.591273e+01  5.562771e-02 
 2.591313e+01  5.484812e-02 
 2.591353e+01  5.404025e-02 
 2.591393e+01  5.321585e-02 
 2.591432e+01  5.236617e-02 
 2.591472e+01  5.148649e-02 
 2.591512e+01  5.057337e-02 
 2.591552e+01  4.966825e-02 
 2.591592e+01  4.874492e-02 
 2.591631e+01  4.779779e-02 
 2.591671e+01  4.682160e-02 
 2.591711e+01  4.582712e-02 
 2.591751e+01  4.481289e-02 
 2.591790e+01  4.377900e-02 
 2.591830e+01  4.273955e-02 
 2.591870e+01  4.167622e-02 
 2.591910e+01  4.058317e-02 
 2.591949e+01  3.947263e-02 
 2.591989e+01  3.835418e-02 
 2.592029e+01  3.720521e-02 
 2.592069e+01  3.604954e-02 
 2.592109e+01  3.488822e-02 
 2.592148e+01  3.369936e-02 
 2.592188e+01  3.248626e-02 
 2.592228e+01  3.126920e-02 
 2.592268e+01  3.005073e-02 
 2.592307e+01  2.881428e-02 
 2.592347e+01  2.757201e-02 
 2.592387e+01  2.631901e-02 
 2.592427e+01  2.505166e-02 
 2.592466e+01  2.377983e-02 
 2.592506e+01  2.253120e-02 
 2.592546e+01  2.127095e-02 
 2.592586e+01  2.001482e-02 
 2.592626e+01  1.874907e-02 
 2.592665e+01  1.748486e-02 
 2.592705e+01  1.620738e-02 
 2.592745e+01  1.493974e-02 
 2.592785e+01  1.368393e-02 
 2.592824e+01  1.242424e-02 
 2.592864e+01  1.116314e-02 
 2.592904e+01  9.924223e-03 
 2.592944e+01  8.668517e-03 
 2.592983e+01  7.433490e-03 
 2.593023e+01  6.212031e-03 
 2.593063e+01  4.996776e-03 
 2.593103e+01  3.788562e-03 
 2.593143e+01  2.591842e-03 
 2.593182e+01  1.410018e-03 
 2.593222e+01  2.294237e-04 
 2.593262e+01 -9.201368e-04 
 2.593302e+01 -2.057718e-03 
 2.593341e+01 -3.182214e-03 
 2.593381e+01 -4.303817e-03 
 2.593421e+01 -5.409276e-03 
 2.593461e+01 -6.481698e-03 
 2.593500e+01 -7.534575e-03 
 2.593540e+01 -8.561778e-03 
 2.593580e+01 -9.580192e-03 
 2.593620e+01 -1.057867e-02 
 2.593660e+01 -1.155299e-02 
 2.593699e+01 -1.250025e-02 
 2.593739e+01 -1.343458e-02 
 2.593779e+01 -1.433087e-02 
 2.593819e+01 -1.520535e-02 
 2.593858e+01 -1.606689e-02 
 2.593898e+01 -1.691135e-02 
 2.593938e+01 -1.771749e-02 
 2.593978e+01 -1.849141e-02 
 2.594017e+01 -1.925105e-02 
 2.594057e+01 -1.996797e-02 
 2.594097e+01 -2.065663e-02 
 2.594137e+01 -2.133172e-02 
 2.594177e+01 -2.198666e-02 
 2.594216e+01 -2.259131e-02 
 2.594256e+01 -2.319617e-02 
 2.594296e+01 -2.378441e-02 
 2.594336e+01 -2.433654e-02 
 2.594375e+01 -2.486816e-02 
 2.594415e+01 -2.536381e-02 
 2.594455e+01 -2.581666e-02 
 2.594495e+01 -2.622999e-02 
 2.594534e+01 -2.663328e-02 
 2.594574e+01 -2.700536e-02 
 2.594614e+01 -2.735881e-02 
 2.594654e+01 -2.769321e-02 
 2.594694e+01 -2.799953e-02 
 2.594733e+01 -2.827808e-02 
 2.594773e+01 -2.854398e-02 
 2.594813e+01 -2.878828e-02 
 2.594853e+01 -2.899383e-02 
 2.594892e+01 -2.916955e-02 
 2.594932e+01 -2.932005e-02 
 2.594972e+01 -2.943214e-02 
 2.595012e+01 -2.951878e-02 
 2.595051e+01 -2.957614e-02 
 2.595091e+01 -2.961474e-02 
 2.595131e+01 -2.962598e-02 
 2.595171e+01 -2.959862e-02 
 2.595211e+01 -2.956111e-02 
 2.595250e+01 -2.949164e-02 
 2.595290e+01 -2.939642e-02 
 2.595330e+01 -2.926486e-02 
 2.595370e+01 -2.908490e-02 
 2.595409e+01 -2.886998e-02 
 2.595449e+01 -2.862540e-02 
 2.595489e+01 -2.835154e-02 
 2.595529e+01 -2.804330e-02 
 2.595568e+01 -2.769851e-02 
 2.595608e+01 -2.732814e-02 
 2.595648e+01 -2.692718e-02 
 2.595688e+01 -2.648003e-02 
 2.595728e+01 -2.601654e-02 
 2.595767e+01 -2.551618e-02 
 2.595807e+01 -2.499066e-02 
 2.595847e+01 -2.442688e-02 
 2.595887e+01 -2.383465e-02 
 2.595926e+01 -2.319970e-02 
 2.595966e+01 -2.253325e-02 
 2.596006e+01 -2.184008e-02 
 2.596046e+01 -2.111478e-02 
 2.596085e+01 -2.035381e-02 
 2.596125e+01 -1.957034e-02 
 2.596165e+01 -1.877102e-02 
 2.596205e+01 -1.794015e-02 
 2.596245e+01 -1.710896e-02 
 2.596284e+01 -1.624960e-02 
 2.596324e+01 -1.534502e-02 
 2.596364e+01 -1.441716e-02 
 2.596404e+01 -1.346873e-02 
 2.596443e+01 -1.248700e-02 
 2.596483e+01 -1.148758e-02 
 2.596523e+01 -1.047544e-02 
 2.596563e+01 -9.424654e-03 
 2.596602e+01 -8.347034e-03 
 2.596642e+01 -7.284441e-03 
 2.596682e+01 -6.203530e-03 
 2.596722e+01 -5.110139e-03 
 2.596762e+01 -4.005663e-03 
 2.596801e+01 -2.885878e-03 
 2.596841e+01 -1.740177e-03 
 2.596881e+01 -5.852163e-04 
 2.596921e+01  5.832967e-04 
 2.596960e+01  1.762144e-03 
 2.597000e+01  2.956031e-03 
 2.597040e+01  4.155005e-03 
 2.597080e+01  5.368094e-03 
 2.597119e+01  6.576578e-03 
 2.597159e+01  7.776037e-03 
 2.597199e+01  8.970502e-03 
 2.597239e+01  1.018950e-02 
 2.597279e+01  1.141957e-02 
 2.597318e+01  1.265913e-02 
 2.597358e+01  1.389806e-02 
 2.597398e+01  1.514134e-02 
 2.597438e+01  1.638597e-02 
 2.597477e+01  1.763009e-02 
 2.597517e+01  1.887089e-02 
 2.597557e+01  2.010607e-02 
 2.597597e+01  2.132426e-02 
 2.597636e+01  2.253135e-02 
 2.597676e+01  2.373795e-02 
 2.597716e+01  2.493035e-02 
 2.597756e+01  2.613259e-02 
 2.597796e+01  2.732833e-02 
 2.597835e+01  2.851746e-02 
 2.597875e+01  2.969922e-02 
 2.597915e+01  3.087823e-02 
 2.597955e+01  3.205033e-02 
 2.597994e+01  3.320521e-02 
 2.598034e+01  3.435205e-02 
 2.598074e+01  3.547145e-02 
 2.598114e+01  3.657464e-02 
 2.598153e+01  3.766434e-02 
 2.598193e+01  3.873114e-02 
 2.598233e+01  3.980229e-02 
 2.598273e+01  4.087478e-02 
 2.598313e+01  4.193941e-02 
 2.598352e+01  4.299317e-02 
 2.598392e+01  4.403764e-02 
 2.598432e+01  4.507282e-02 
 2.598472e+01  4.610232e-02 
 2.598511e+01  4.710979e-02 
 2.598551e+01  4.810025e-02 
 2.598591e+01  4.906990e-02 
 2.598631e+01  5.001442e-02 
 2.598670e+01  5.094715e-02 
 2.598710e+01  5.186028e-02 
 2.598750e+01  5.276468e-02 
 2.598790e+01  5.366470e-02 
 2.598830e+01  5.454242e-02 
 2.598869e+01  5.539420e-02 
 2.598909e+01  5.622406e-02 
 2.598949e+01  5.703892e-02 
 2.598989e+01  5.782928e-02 
 2.599028e+01  5.858012e-02 
 2.599068e+01  5.929997e-02 
 2.599108e+01  5.997986e-02 
 2.599148e+01  6.063796e-02 
 2.599187e+01  6.129036e-02 
 2.599227e+01  6.192799e-02 
 2.599267e+01  6.253889e-02 
 2.599307e+01  6.313257e-02 
 2.599347e+01  6.369241e-02 
 2.599386e+01  6.421187e-02 
 2.599426e+01  6.470513e-02 
 2.599466e+01  6.517394e-02 
 2.599506e+01  6.560199e-02 
 2.599545e+01  6.597862e-02 
 2.599585e+01  6.632258e-02 
 2.599625e+01  6.663439e-02 
 2.599665e+01  6.691731e-02 
 2.599705e+01  6.717834e-02 
 2.599744e+01  6.740757e-02 
 2.599784e+01  6.759477e-02 
 2.599824e+01  6.775290e-02 
 2.599864e+01  6.787830e-02 
 2.599903e+01  6.796764e-02 
 2.599943e+01  6.802315e-02 
 2.599983e+01  6.804510e-02 
 2.600023e+01  6.802156e-02 
 2.600062e+01  6.794807e-02 
 2.600102e+01  6.786017e-02 
 2.600142e+01  6.774566e-02 
 2.600182e+01  6.760742e-02 
 2.600222e+01  6.743058e-02 
 2.600261e+01  6.722096e-02 
 2.600301e+01  6.697565e-02 
 2.600341e+01  6.670239e-02 
 2.600381e+01  6.639811e-02 
 2.600420e+01  6.605978e-02 
 2.600460e+01  6.568183e-02 
 2.600500e+01  6.528533e-02 
 2.600540e+01  6.483892e-02 
 2.600579e+01  6.436167e-02 
 2.600619e+01  6.385595e-02 
 2.600659e+01  6.332847e-02 
 2.600699e+01  6.277206e-02 
 2.600739e+01  6.218121e-02 
 2.600778e+01  6.156701e-02 
 2.600818e+01  6.090927e-02 
 2.600858e+01  6.025126e-02 
 2.600898e+01  5.955666e-02 
 2.600937e+01  5.883080e-02 
 2.600977e+01  5.806802e-02 
 2.601017e+01  5.728635e-02 
 2.601057e+01  5.646791e-02 
 2.601096e+01  5.564440e-02 
 2.601136e+01  5.481037e-02 
 2.601176e+01  5.395747e-02 
 2.601216e+01  5.307372e-02 
 2.601256e+01  5.218261e-02 
 2.601295e+01  5.126687e-02 
 2.601335e+01  5.035264e-02 
 2.601375e+01  4.942389e-02 
 2.601415e+01  4.847729e-02 
 2.601454e+01  4.750135e-02 
 2.601494e+01  4.650201e-02 
 2.601534e+01  4.549414e-02 
 2.601574e+01  4.446899e-02 
 2.601613e+01  4.343503e-02 
 2.601653e+01  4.239072e-02 
 2.601693e+01  4.133760e-02 
 2.601733e+01  4.026672e-02 
 2.601773e+01  3.919077e-02 
 2.601812e+01  3.810998e-02 
 2.601852e+01  3.702400e-02 
 2.601892e+01  3.591795e-02 
 2.601932e+01  3.479474e-02 
 2.601971e+01  3.365029e-02 
 2.602011e+01  3.249822e-02 
 2.602051e+01  3.134792e-02 
 2.602091e+01  3.019392e-02 
 2.602130e+01  2.902243e-02 
 2.602170e+01  2.784498e-02 
 2.602210e+01  2.666397e-02 
 2.602250e+01  2.547562e-02 
 2.602290e+01  2.427566e-02 
 2.602329e+01  2.308186e-02 
 2.602369e+01  2.187476e-02 
 2.602409e+01  2.065780e-02 
 2.602449e+01  1.942465e-02 
 2.602488e+01  1.818343e-02 
 2.602528e+01  1.694395e-02 
 2.602568e+01  1.569995e-02 
 2.602608e+01  1.446055e-02 
 2.602647e+01  1.321411e-02 
 2.602687e+01  1.195888e-02 
 2.602727e+01  1.071515e-02 
 2.602767e+01  9.475727e-03 
 2.602807e+01  8.246681e-03 
 2.602846e+01  7.018070e-03 
 2.602886e+01  5.798927e-03 
 2.602926e+01  4.579379e-03 
 2.602966e+01  3.355991e-03 
 2.603005e+01  2.158544e-03 
 2.603045e+01  9.516302e-04 
 2.603085e+01 -2.271906e-04 
 2.603125e+01 -1.402491e-03 
 2.603164e+01 -2.579224e-03 
 2.603204e+01 -3.730560e-03 
 2.603244e+01 -4.862799e-03 
 2.603284e+01 -5.954667e-03 
 2.603324e+01 -7.049759e-03 
 2.603363e+01 -8.108173e-03 
 2.603403e+01 -9.151896e-03 
 2.603443e+01 -1.019158e-02 
 2.603483e+01 -1.121608e-02 
 2.603522e+01 -1.220993e-02 
 2.603562e+01 -1.318807e-02 
 2.603602e+01 -1.414991e-02 
 2.603642e+01 -1.509287e-02 
 2.603681e+01 -1.600217e-02 
 2.603721e+01 -1.689274e-02 
 2.603761e+01 -1.773823e-02 
 2.603801e+01 -1.855016e-02 
 2.603841e+01 -1.934514e-02 
 2.603880e+01 -2.011284e-02 
 2.603920e+01 -2.085261e-02 
 2.603960e+01 -2.156942e-02 
 2.604000e+01 -2.225991e-02 
 2.604039e+01 -2.291498e-02 
 2.604079e+01 -2.354227e-02 
 2.604119e+01 -2.414700e-02 
 2.604159e+01 -2.471569e-02 
 2.604198e+01 -2.524968e-02 
 2.604238e+01 -2.575147e-02 
 2.604278e+01 -2.621928e-02 
 2.604318e+01 -2.664625e-02 
 2.604358e+01 -2.706085e-02 
 2.604397e+01 -2.745110e-02 
 2.604437e+01 -2.780266e-02 
 2.604477e+01 -2.813072e-02 
 2.604517e+01 -2.842543e-02 
 2.604556e+01 -2.869056e-02 
 2.604596e+01 -2.892826e-02 
 2.604636e+01 -2.912527e-02 
 2.604676e+01 -2.928396e-02 
 2.604715e+01 -2.941137e-02 
 2.604755e+01 -2.950223e-02 
 2.604795e+01 -2.956252e-02 
 2.604835e+01 -2.959623e-02 
 2.604875e+01 -2.960759e-02 
 2.604914e+01 -2.958537e-02 
 2.604954e+01 -2.954163e-02 
 2.604994e+01 -2.947315e-02 
 2.605034e+01 -2.937864e-02 
 2.605073e+01 -2.925790e-02 
 2.605113e+01 -2.910550e-02 
 2.605153e+01 -2.891776e-02 
 2.605193e+01 -2.869190e-02 
 2.605232e+01 -2.844132e-02 
 2.605272e+01 -2.815853e-02 
 2.605312e+01 -2.784512e-02 
 2.605352e+01 -2.751491e-02 
 2.605392e+01 -2.716561e-02 
 2.605431e+01 -2.678724e-02 
 2.605471e+01 -2.638506e-02 
 2.605511e+01 -2.595912e-02 
 2.605551e+01 -2.552532e-02 
 2.605590e+01 -2.505776e-02 
 2.605630e+01 -2.454334e-02 
 2.605670e+01 -2.400895e-02 
 2.605710e+01 -2.344250e-02 
 2.605749e+01 -2.284753e-02 
 2.605789e+01 -2.223256e-02 
 2.605829e+01 -2.160440e-02 
 2.605869e+01 -2.094693e-02 
 2.605909e+01 -2.025701e-02 
 2.605948e+01 -1.956072e-02 
 2.605988e+01 -1.883761e-02 
 2.606028e+01 -1.807881e-02 
 2.606068e+01 -1.729800e-02 
 2.606107e+01 -1.647643e-02 
 2.606147e+01 -1.561525e-02 
 2.606187e+01 -1.472339e-02 
 2.606227e+01 -1.382327e-02 
 2.606266e+01 -1.290205e-02 
 2.606306e+01 -1.195648e-02 
 2.606346e+01 -1.099528e-02 
 2.606386e+01 -1.002274e-02 
 2.606426e+01 -9.019911e-03 
 2.606465e+01 -8.006513e-03 
 2.606505e+01 -6.981159e-03 
 2.606545e+01 -5.911044e-03 
 2.606585e+01 -4.814450e-03 
 2.606624e+01 -3.705731e-03 
 2.606664e+01 -2.567561e-03 
 2.606704e+01 -1.406019e-03 
 2.606744e+01 -2.446604e-04 
 2.606783e+01  9.313582e-04 
 2.606823e+01  2.138896e-03 
 2.606863e+01  3.339294e-03 
 2.606903e+01  4.552688e-03 
 2.606943e+01  5.775651e-03 
 2.606982e+01  7.005891e-03 
 2.607022e+01  8.243495e-03 
 2.607062e+01  9.507465e-03 
 2.607102e+01  1.077879e-02 
 2.607141e+01  1.204605e-02 
 2.607181e+01  1.332293e-02 
 2.607221e+01  1.460301e-02 
 2.607261e+01  1.587340e-02 
 2.607300e+01  1.715443e-02 
 2.607340e+01  1.843219e-02 
 2.607380e+01  1.970280e-02 
 2.607420e+01  2.095414e-02 
 2.607460e+01  2.220474e-02 
 2.607499e+01  2.344511e-02 
 2.607539e+01  2.469497e-02 
 2.607579e+01  2.594335e-02 
 2.607619e+01  2.717843e-02 
 2.607658e+01  2.841001e-02 
 2.607698e+01  2.963497e-02 
 2.607738e+01  3.084729e-02 
 2.607778e+01  3.204713e-02 
 2.607817e+01  3.323124e-02 
 2.607857e+01  3.440732e-02 
 2.607897e+01  3.555070e-02 
 2.607937e+01  3.667644e-02 
 2.607977e+01  3.780415e-02 
 2.608016e+01  3.892086e-02 
 2.608056e+01  4.003801e-02 
 2.608096e+01  4.114654e-02 
 2.608136e+01  4.223806e-02 
 2.608175e+01  4.329710e-02 
 2.608215e+01  4.434526e-02 
 2.608255e+01  4.536811e-02 
 2.608295e+01  4.636976e-02 
 2.608334e+01  4.734578e-02 
 2.608374e+01  4.829106e-02 
 2.608414e+01  4.921483e-02 
 2.608454e+01  5.012339e-02 
 2.608494e+01  5.101850e-02 
 2.608533e+01  5.191025e-02 
 2.608573e+01  5.278079e-02 
 2.608613e+01  5.363763e-02 
 2.608653e+01  5.445815e-02 
 2.608692e+01  5.525924e-02 
 2.608732e+01  5.603484e-02 
 2.608772e+01  5.679461e-02 
 2.608812e+01  5.752173e-02 
 2.608852e+01  5.822448e-02 
 2.608891e+01  5.889922e-02 
 2.608931e+01  5.956772e-02 
 2.608971e+01  6.021234e-02 
 2.609011e+01  6.084985e-02 
 2.609050e+01  6.147138e-02 
 2.609090e+01  6.206181e-02 
 2.609130e+01  6.261789e-02 
 2.609170e+01  6.314110e-02 
 2.609209e+01  6.364530e-02 
 2.609249e+01  6.410795e-02 
 2.609289e+01  6.455242e-02 
 2.609329e+01  6.495511e-02 
 2.609369e+01  6.532873e-02 
 2.609408e+01  6.567733e-02 
 2.609448e+01  6.600403e-02 
 2.609488e+01  6.631368e-02 
 2.609528e+01  6.659755e-02 
 2.609567e+01  6.684940e-02 
 2.609607e+01  6.707462e-02 
 2.609647e+01  6.727050e-02 
 2.609687e+01  6.742675e-02 
 2.609726e+01  6.755507e-02 
 2.609766e+01  6.764883e-02 
 2.609806e+01  6.770647e-02 
 2.609846e+01  6.772355e-02 
 2.609886e+01  6.771342e-02 
 2.609925e+01  6.767790e-02 
 2.609965e+01  6.762147e-02 
 2.610005e+01  6.753730e-02 
 2.610045e+01  6.741812e-02 
 2.610084e+01  6.726194e-02 
 2.610124e+01  6.706678e-02 
 2.610164e+01  6.683769e-02 
 2.610204e+01  6.658460e-02 
 2.610243e+01  6.627711e-02 
 2.610283e+01  6.594408e-02 
 2.610323e+01  6.556708e-02 
 2.610363e+01  6.515348e-02 
 2.610403e+01  6.470557e-02 
 2.610442e+01  6.424514e-02 
 2.610482e+01  6.375643e-02 
 2.610522e+01  6.324151e-02 
 2.610562e+01  6.267859e-02 
 2.610601e+01  6.209310e-02 
 2.610641e+01  6.148561e-02 
 2.610681e+01  6.084358e-02 
 2.610721e+01  6.017269e-02 
 2.610760e+01  5.947242e-02 
 2.610800e+01  5.872670e-02 
 2.610840e+01  5.796660e-02 
 2.610880e+01  5.719686e-02 
 2.610920e+01  5.640083e-02 
 2.610959e+01  5.558422e-02 
 2.610999e+01  5.473704e-02 
 2.611039e+01  5.385418e-02 
 2.611079e+01  5.293590e-02 
 2.611118e+01  5.201081e-02 
 2.611158e+01  5.107025e-02 
 2.611198e+01  5.008369e-02 
 2.611238e+01  4.908663e-02 
 2.611277e+01  4.806279e-02 
 2.611317e+01  4.701421e-02 
 2.611357e+01  4.595871e-02 
 2.611397e+01  4.490141e-02 
 2.611437e+01  4.382572e-02 
 2.611476e+01  4.272625e-02 
 2.611516e+01  4.161670e-02 
 2.611556e+01  4.049820e-02 
 2.611596e+01  3.935876e-02 
 2.611635e+01  3.822070e-02 
 2.611675e+01  3.706801e-02 
 2.611715e+01  3.589624e-02 
 2.611755e+01  3.471434e-02 
 2.611794e+01  3.352093e-02 
 2.611834e+01  3.233191e-02 
 2.611874e+01  3.114550e-02 
 2.611914e+01  2.995190e-02 
 2.611954e+01  2.874683e-02 
 2.611993e+01  2.752715e-02 
 2.612033e+01  2.632262e-02 
 2.612073e+01  2.511683e-02 
 2.612113e+01  2.390197e-02 
 2.612152e+01  2.270817e-02 
 2.612192e+01  2.150020e-02 
 2.612232e+01  2.029043e-02 
 2.612272e+01  1.907227e-02 
 2.612311e+01  1.786790e-02 
 2.612351e+01  1.667141e-02 
 2.612391e+01  1.547930e-02 
 2.612431e+01  1.430103e-02 
 2.612471e+01  1.310991e-02 
 2.612510e+01  1.193100e-02 
 2.612550e+01  1.076314e-02 
 2.612590e+01  9.592003e-03 
 2.612630e+01  8.425922e-03 
 2.612669e+01  7.265374e-03 
 2.612709e+01  6.111657e-03 
 2.612749e+01  4.952182e-03 
 2.612789e+01  3.807356e-03 
 2.612828e+01  2.681532e-03 
 2.612868e+01  1.563008e-03 
 2.612908e+01  4.486267e-04 
 2.612948e+01 -6.578125e-04 
 2.612988e+01 -1.760435e-03 
 2.613027e+01 -2.853633e-03 
 2.613067e+01 -3.943020e-03 
 2.613107e+01 -5.013456e-03 
 2.613147e+01 -6.085109e-03 
 2.613186e+01 -7.156296e-03 
 2.613226e+01 -8.216994e-03 
 2.613266e+01 -9.257314e-03 
 2.613306e+01 -1.030223e-02 
 2.613345e+01 -1.130898e-02 
 2.613385e+01 -1.228535e-02 
 2.613425e+01 -1.326990e-02 
 2.613465e+01 -1.422736e-02 
 2.613505e+01 -1.515493e-02 
 2.613544e+01 -1.606454e-02 
 2.613584e+01 -1.695972e-02 
 2.613624e+01 -1.782672e-02 
 2.613664e+01 -1.867867e-02 
 2.613703e+01 -1.952165e-02 
 2.613743e+01 -2.031947e-02 
 2.613783e+01 -2.109133e-02 
 2.613823e+01 -2.184369e-02 
 2.613862e+01 -2.256850e-02 
 2.613902e+01 -2.325338e-02 
 2.613942e+01 -2.392063e-02 
 2.613982e+01 -2.454736e-02 
 2.614022e+01 -2.513868e-02 
 2.614061e+01 -2.568382e-02 
 2.614101e+01 -2.621428e-02 
 2.614141e+01 -2.670981e-02 
 2.614181e+01 -2.717676e-02 
 2.614220e+01 -2.760618e-02 
 2.614260e+01 -2.800732e-02 
 2.614300e+01 -2.836525e-02 
 2.614340e+01 -2.869206e-02 
 2.614379e+01 -2.899627e-02 
 2.614419e+01 -2.924699e-02 
 2.614459e+01 -2.945723e-02 
 2.614499e+01 -2.964374e-02 
 2.614539e+01 -2.979034e-02 
 2.614578e+01 -2.990413e-02 
 2.614618e+01 -3.000098e-02 
 2.614658e+01 -3.005943e-02 
 2.614698e+01 -3.008946e-02 
 2.614737e+01 -3.007959e-02 
 2.614777e+01 -3.004811e-02 
 2.614817e+01 -2.997670e-02 
 2.614857e+01 -2.988103e-02 
 2.614896e+01 -2.974676e-02 
 2.614936e+01 -2.956751e-02 
 2.614976e+01 -2.935760e-02 
 2.615016e+01 -2.911451e-02 
 2.615056e+01 -2.883694e-02 
 2.615095e+01 -2.854185e-02 
 2.615135e+01 -2.822754e-02 
 2.615175e+01 -2.789045e-02 
 2.615215e+01 -2.752078e-02 
 2.615254e+01 -2.712028e-02 
 2.615294e+01 -2.669492e-02 
 2.615334e+01 -2.621659e-02 
 2.615374e+01 -2.572502e-02 
 2.615413e+01 -2.518995e-02 
 2.615453e+01 -2.461813e-02 
 2.615493e+01 -2.402146e-02 
 2.615533e+01 -2.341974e-02 
 2.615573e+01 -2.278513e-02 
 2.615612e+01 -2.212956e-02 
 2.615652e+01 -2.145690e-02 
 2.615692e+01 -2.076034e-02 
 2.615732e+01 -2.002846e-02 
 2.615771e+01 -1.928010e-02 
 2.615811e+01 -1.851147e-02 
 2.615851e+01 -1.770949e-02 
 2.615891e+01 -1.689035e-02 
 2.615930e+01 -1.604626e-02 
 2.615970e+01 -1.517341e-02 
 2.616010e+01 -1.428924e-02 
 2.616050e+01 -1.341051e-02 
 2.616090e+01 -1.251018e-02 
 2.616129e+01 -1.159779e-02 
 2.616169e+01 -1.066840e-02 
 2.616209e+01 -9.730269e-03 
 2.616249e+01 -8.765226e-03 
 2.616288e+01 -7.779441e-03 
 2.616328e+01 -6.776409e-03 
 2.616368e+01 -5.748073e-03 
 2.616408e+01 -4.703245e-03 
 2.616447e+01 -3.641317e-03 
 2.616487e+01 -2.579242e-03 
 2.616527e+01 -1.502079e-03 
 2.616567e+01 -4.164767e-04 
 2.616607e+01  6.802254e-04 
 2.616646e+01  1.795533e-03 
 2.616686e+01  2.911458e-03 
 2.616726e+01  4.045115e-03 
 2.616766e+01  5.181074e-03 
 2.616805e+01  6.346537e-03 
 2.616845e+01  7.530622e-03 
 2.616885e+01  8.740199e-03 
 2.616925e+01  9.960700e-03 
 2.616964e+01  1.117878e-02 
 2.617004e+01  1.240570e-02 
 2.617044e+01  1.363290e-02 
 2.617084e+01  1.486218e-02 
 2.617124e+01  1.608937e-02 
 2.617163e+01  1.733212e-02 
 2.617203e+01  1.856982e-02 
 2.617243e+01  1.981689e-02 
 2.617283e+01  2.107899e-02 
 2.617322e+01  2.235958e-02 
 2.617362e+01  2.365020e-02 
 2.617402e+01  2.493003e-02 
 2.617442e+01  2.621327e-02 
 2.617481e+01  2.748994e-02 
 2.617521e+01  2.875628e-02 
 2.617561e+01  3.001374e-02 
 2.617601e+01  3.127160e-02 
 2.617641e+01  3.250026e-02 
 2.617680e+01  3.373402e-02 
 2.617720e+01  3.494952e-02 
 2.617760e+01  3.615596e-02 
 2.617800e+01  3.735489e-02 
 2.617839e+01  3.856380e-02 
 2.617879e+01  3.975158e-02 
 2.617919e+01  4.089340e-02 
 2.617959e+01  4.204091e-02 
 2.617999e+01  4.313809e-02 
 2.618038e+01  4.421499e-02 
 2.618078e+01  4.527925e-02 
 2.618118e+01  4.631985e-02 
 2.618158e+01  4.733177e-02 
 2.618197e+01  4.832802e-02 
 2.618237e+01  4.931094e-02 
 2.618277e+01  5.028204e-02 
 2.618317e+01  5.122700e-02 
 2.618356e+01  5.215860e-02 
 2.618396e+01  5.306303e-02 
 2.618436e+01  5.391815e-02 
 2.618476e+01  5.475923e-02 
 2.618516e+01  5.557090e-02 
 2.618555e+01  5.635887e-02 
 2.618595e+01  5.710851e-02 
 2.618635e+01  5.783345e-02 
 2.618675e+01  5.852459e-02 
 2.618714e+01  5.918369e-02 
 2.618754e+01  5.984316e-02 
 2.618794e+01  6.046998e-02 
 2.618834e+01  6.108433e-02 
 2.618873e+01  6.165770e-02 
 2.618913e+01  6.219919e-02 
 2.618953e+01  6.271045e-02 
 2.618993e+01  6.320128e-02 
 2.619033e+01  6.365904e-02 
 2.619072e+01  6.408765e-02 
 2.619112e+01  6.448267e-02 
 2.619152e+01  6.484988e-02 
 2.619192e+01  6.519804e-02 
 2.619231e+01  6.553444e-02 
 2.619271e+01  6.584672e-02 
 2.619311e+01  6.613189e-02 
 2.619351e+01  6.638474e-02 
 2.619390e+01  6.661035e-02 
 2.619430e+01  6.680262e-02 
 2.619470e+01  6.696175e-02 
 2.619510e+01  6.709828e-02 
 2.619550e+01  6.720084e-02 
 2.619589e+01  6.727414e-02 
 2.619629e+01  6.731057e-02 
 2.619669e+01  6.732846e-02 
 2.619709e+01  6.732796e-02 
 2.619748e+01  6.730841e-02 
 2.619788e+01  6.726046e-02 
 2.619828e+01  6.718163e-02 
 2.619868e+01  6.705196e-02 
 2.619907e+01  6.689204e-02 
 2.619947e+01  6.668869e-02 
 2.619987e+01  6.645672e-02 
 2.620027e+01  6.619401e-02 
 2.620067e+01  6.591003e-02 
 2.620106e+01  6.559571e-02 
 2.620146e+01  6.525481e-02 
 2.620186e+01  6.490038e-02 
 2.620226e+01  6.452400e-02 
 2.620265e+01  6.412265e-02 
 2.620305e+01  6.368276e-02 
 2.620345e+01  6.321524e-02 
 2.620385e+01  6.269908e-02 
 2.620424e+01  6.215368e-02 
 2.620464e+01  6.159360e-02 
 2.620504e+01  6.099775e-02 
 2.620544e+01  6.036781e-02 
 2.620584e+01  5.970530e-02 
 2.620623e+01  5.901537e-02 
 2.620663e+01  5.829868e-02 
 2.620703e+01  5.755930e-02 
 2.620743e+01  5.680883e-02 
 2.620782e+01  5.602265e-02 
 2.620822e+01  5.519221e-02 
 2.620862e+01  5.434410e-02 
 2.620902e+01  5.346350e-02 
 2.620941e+01  5.256586e-02 
 2.620981e+01  5.164128e-02 
 2.621021e+01  5.069270e-02 
 2.621061e+01  4.972723e-02 
 2.621101e+01  4.872861e-02 
 2.621140e+01  4.771991e-02 
 2.621180e+01  4.669466e-02 
 2.621220e+01  4.564985e-02 
 2.621260e+01  4.459258e-02 
 2.621299e+01  4.350652e-02 
 2.621339e+01  4.240121e-02 
 2.621379e+01  4.127828e-02 
 2.621419e+01  4.013959e-02 
 2.621458e+01  3.899133e-02 
 2.621498e+01  3.782404e-02 
 2.621538e+01  3.662384e-02 
 2.621578e+01  3.542251e-02 
 2.621618e+01  3.420961e-02 
 2.621657e+01  3.300382e-02 
 2.621697e+01  3.179006e-02 
 2.621737e+01  3.057761e-02 
 2.621777e+01  2.934470e-02 
 2.621816e+01  2.810010e-02 
 2.621856e+01  2.685848e-02 
 2.621896e+01  2.560745e-02 
 2.621936e+01  2.435606e-02 
 2.621975e+01  2.309750e-02 
 2.622015e+01  2.185069e-02 
 2.622055e+01  2.058253e-02 
 2.622095e+01  1.932864e-02 
 2.622135e+01  1.809008e-02 
 2.622174e+01  1.685811e-02 
 2.622214e+01  1.561367e-02 
 2.622254e+01  1.438411e-02 
 2.622294e+01  1.315647e-02 
 2.622333e+01  1.192401e-02 
 2.622373e+01  1.071525e-02 
 2.622413e+01  9.509211e-03 
 2.622453e+01  8.308029e-03 
 2.622492e+01  7.106926e-03 
 2.622532e+01  5.922945e-03 
 2.622572e+01  4.747478e-03 
 2.622612e+01  3.587709e-03 
 2.622652e+01  2.450571e-03 
 2.622691e+01  1.323644e-03 
 2.622731e+01  1.909569e-04 
 2.622771e+01 -9.256469e-04 
 2.622811e+01 -2.014381e-03 
 2.622850e+01 -3.098126e-03 
 2.622890e+01 -4.164829e-03 
 2.622930e+01 -5.212712e-03 
 2.622970e+01 -6.253289e-03 
 2.623009e+01 -7.271254e-03 
 2.623049e+01 -8.279411e-03 
 2.623089e+01 -9.257002e-03 
 2.623129e+01 -1.022499e-02 
 2.623169e+01 -1.117572e-02 
 2.623208e+01 -1.211390e-02 
 2.623248e+01 -1.302675e-02 
 2.623288e+01 -1.392482e-02 
 2.623328e+01 -1.480130e-02 
 2.623367e+01 -1.565268e-02 
 2.623407e+01 -1.649447e-02 
 2.623447e+01 -1.732825e-02 
 2.623487e+01 -1.813775e-02 
 2.623526e+01 -1.892596e-02 
 2.623566e+01 -1.968821e-02 
 2.623606e+01 -2.043083e-02 
 2.623646e+01 -2.114758e-02 
 2.623686e+01 -2.184328e-02 
 2.623725e+01 -2.250842e-02 
 2.623765e+01 -2.314713e-02 
 2.623805e+01 -2.376906e-02 
 2.623845e+01 -2.435943e-02 
 2.623884e+01 -2.491857e-02 
 2.623924e+01 -2.548277e-02 
 2.623964e+01 -2.601165e-02 
 2.624004e+01 -2.651427e-02 
 2.624043e+01 -2.698086e-02 
 2.624083e+01 -2.743246e-02 
 2.624123e+01 -2.783800e-02 
 2.624163e+01 -2.821055e-02 
 2.624203e+01 -2.856559e-02 
 2.624242e+01 -2.887522e-02 
 2.624282e+01 -2.914686e-02 
 2.624322e+01 -2.940006e-02 
 2.624362e+01 -2.961443e-02 
 2.624401e+01 -2.979568e-02 
 2.624441e+01 -2.996516e-02 
 2.624481e+01 -3.010008e-02 
 2.624521e+01 -3.018390e-02 
 2.624560e+01 -3.023540e-02 
 2.624600e+01 -3.025482e-02 
 2.624640e+01 -3.022949e-02 
 2.624680e+01 -3.016992e-02 
 2.624720e+01 -3.009155e-02 
 2.624759e+01 -2.995542e-02 
 2.624799e+01 -2.978327e-02 
 2.624839e+01 -2.959264e-02 
 2.624879e+01 -2.935935e-02 
 2.624918e+01 -2.909673e-02 
 2.624958e+01 -2.880879e-02 
 2.624998e+01 -2.848940e-02 
 2.625038e+01 -2.811441e-02 
 2.625077e+01 -2.771003e-02 
 2.625117e+01 -2.727726e-02 
 2.625157e+01 -2.681624e-02 
 2.625197e+01 -2.630205e-02 
 2.625237e+01 -2.576482e-02 
 2.625276e+01 -2.519000e-02 
 2.625316e+01 -2.459893e-02 
 2.625356e+01 -2.398088e-02 
 2.625396e+01 -2.334385e-02 
 2.625435e+01 -2.269203e-02 
 2.625475e+01 -2.200477e-02 
 2.625515e+01 -2.128555e-02 
 2.625555e+01 -2.055366e-02 
 2.625594e+01 -1.978350e-02 
 2.625634e+01 -1.898867e-02 
 2.625674e+01 -1.817036e-02 
 2.625714e+01 -1.732300e-02 
 2.625754e+01 -1.644370e-02 
 2.625793e+01 -1.555239e-02 
 2.625833e+01 -1.465676e-02 
 2.625873e+01 -1.373777e-02 
 2.625913e+01 -1.279917e-02 
 2.625952e+01 -1.185700e-02 
 2.625992e+01 -1.088782e-02 
 2.626032e+01 -9.898270e-03 
 2.626072e+01 -8.890363e-03 
 2.626111e+01 -7.869956e-03 
 2.626151e+01 -6.822510e-03 
 2.626191e+01 -5.760533e-03 
 2.626231e+01 -4.691341e-03 
 2.626271e+01 -3.599986e-03 
 2.626310e+01 -2.518282e-03 
 2.626350e+01 -1.421610e-03 
 2.626390e+01 -3.136231e-04 
 2.626430e+01  8.074406e-04 
 2.626469e+01  1.946231e-03 
 2.626509e+01  3.086401e-03 
 2.626549e+01  4.242360e-03 
 2.626589e+01  5.404662e-03 
 2.626628e+01  6.583717e-03 
 2.626668e+01  7.762371e-03 
 2.626708e+01  8.946255e-03 
 2.626748e+01  1.013279e-02 
 2.626788e+01  1.131208e-02 
 2.626827e+01  1.248578e-02 
 2.626867e+01  1.367936e-02 
 2.626907e+01  1.487066e-02 
 2.626947e+01  1.607729e-02 
 2.626986e+01  1.728186e-02 
 2.627026e+01  1.850184e-02 
 2.627066e+01  1.971861e-02 
 2.627106e+01  2.094394e-02 
 2.627146e+01  2.217665e-02 
 2.627185e+01  2.339285e-02 
 2.627225e+01  2.460261e-02 
 2.627265e+01  2.580161e-02 
 2.627305e+01  2.700656e-02 
 2.627344e+01  2.819494e-02 
 2.627384e+01  2.937959e-02 
 2.627424e+01  3.058285e-02 
 2.627464e+01  3.175970e-02 
 2.627503e+01  3.293766e-02 
 2.627543e+01  3.411139e-02 
 2.627583e+01  3.529008e-02 
 2.627623e+01  3.645779e-02 
 2.627663e+01  3.762644e-02 
 2.627702e+01  3.877786e-02 
 2.627742e+01  3.990667e-02 
 2.627782e+01  4.103058e-02 
 2.627822e+01  4.215372e-02 
 2.627861e+01  4.326403e-02 
 2.627901e+01  4.435851e-02 
 2.627941e+01  4.545375e-02 
 2.627981e+01  4.651937e-02 
 2.628020e+01  4.757774e-02 
 2.628060e+01  4.862091e-02 
 2.628100e+01  4.965662e-02 
 2.628140e+01  5.066825e-02 
 2.628180e+01  5.164960e-02 
 2.628219e+01  5.260227e-02 
 2.628259e+01  5.351878e-02 
 2.628299e+01  5.441904e-02 
 2.628339e+01  5.529249e-02 
 2.628378e+01  5.614210e-02 
 2.628418e+01  5.695593e-02 
 2.628458e+01  5.774871e-02 
 2.628498e+01  5.851114e-02 
 2.628537e+01  5.925619e-02 
 2.628577e+01  5.998547e-02 
 2.628617e+01  6.067394e-02 
 2.628657e+01  6.133096e-02 
 2.628697e+01  6.194450e-02 
 2.628736e+01  6.250831e-02 
 2.628776e+01  6.305171e-02 
 2.628816e+01  6.356733e-02 
 2.628856e+01  6.405313e-02 
 2.628895e+01  6.450008e-02 
 2.628935e+01  6.492265e-02 
 2.628975e+01  6.532024e-02 
 2.629015e+01  6.568634e-02 
 2.629054e+01  6.603330e-02 
 2.629094e+01  6.634433e-02 
 2.629134e+01  6.660262e-02 
 2.629174e+01  6.683814e-02 
 2.629214e+01  6.702551e-02 
 2.629253e+01  6.718143e-02 
 2.629293e+01  6.730612e-02 
 2.629333e+01  6.741682e-02 
 2.629373e+01  6.748782e-02 
 2.629412e+01  6.752723e-02 
 2.629452e+01  6.754819e-02 
 2.629492e+01  6.753302e-02 
 2.629532e+01  6.750491e-02 
 2.629571e+01  6.744569e-02 
 2.629611e+01  6.734793e-02 
 2.629651e+01  6.720642e-02 
 2.629691e+01  6.704652e-02 
 2.629731e+01  6.685514e-02 
 2.629770e+01  6.663537e-02 
 2.629810e+01  6.640452e-02 
 2.629850e+01  6.614568e-02 
 2.629890e+01  6.584047e-02 
 2.629929e+01  6.552326e-02 
 2.629969e+01  6.517525e-02 
 2.630009e+01  6.480598e-02 
 2.630049e+01  6.440964e-02 
 2.630088e+01  6.397848e-02 
 2.630128e+01  6.350314e-02 
 2.630168e+01  6.299351e-02 
 2.630208e+01  6.247297e-02 
 2.630248e+01  6.191087e-02 
 2.630287e+01  6.133600e-02 
 2.630327e+01  6.073239e-02 
 2.630367e+01  6.009404e-02 
 2.630407e+01  5.943856e-02 
 2.630446e+01  5.876008e-02 
 2.630486e+01  5.806897e-02 
 2.630526e+01  5.735919e-02 
 2.630566e+01  5.662224e-02 
 2.630605e+01  5.584531e-02 
 2.630645e+01  5.503756e-02 
 2.630685e+01  5.422592e-02 
 2.630725e+01  5.337918e-02 
 2.630765e+01  5.251540e-02 
 2.630804e+01  5.164057e-02 
 2.630844e+01  5.073495e-02 
 2.630884e+01  4.981291e-02 
 2.630924e+01  4.887323e-02 
 2.630963e+01  4.792353e-02 
 2.631003e+01  4.694875e-02 
 2.631043e+01  4.595815e-02 
 2.631083e+01  4.493672e-02 
 2.631122e+01  4.388488e-02 
 2.631162e+01  4.281502e-02 
 2.631202e+01  4.172795e-02 
 2.631242e+01  4.063947e-02 
 2.631282e+01  3.951542e-02 
 2.631321e+01  3.839274e-02 
 2.631361e+01  3.724084e-02 
 2.631401e+01  3.608142e-02 
 2.631441e+01  3.492191e-02 
 2.631480e+01  3.375047e-02 
 2.631520e+01  3.255447e-02 
 2.631560e+01  3.133947e-02 
 2.631600e+01  3.010763e-02 
 2.631639e+01  2.886424e-02 
 2.631679e+01  2.760921e-02 
 2.631719e+01  2.636010e-02 
 2.631759e+01  2.510514e-02 
 2.631799e+01  2.383902e-02 
 2.631838e+01  2.257573e-02 
 2.631878e+01  2.130910e-02 
 2.631918e+01  2.004027e-02 
 2.631958e+01  1.876622e-02 
 2.631997e+01  1.749628e-02 
 2.632037e+01  1.622387e-02 
 2.632077e+01  1.494917e-02 
 2.632117e+01  1.367619e-02 
 2.632156e+01  1.240846e-02 
 2.632196e+01  1.116107e-02 
 2.632236e+01  9.903443e-03 
 2.632276e+01  8.662574e-03 
 2.632316e+01  7.420266e-03 
 2.632355e+01  6.191589e-03 
 2.632395e+01  4.989036e-03 
 2.632435e+01  3.799524e-03 
 2.632475e+01  2.629052e-03 
 2.632514e+01  1.456065e-03 
 2.632554e+01  3.012886e-04 
 2.632594e+01 -8.353429e-04 
 2.632634e+01 -1.951656e-03 
 2.632673e+01 -3.059521e-03 
 2.632713e+01 -4.144573e-03 
 2.632753e+01 -5.218886e-03 
 2.632793e+01 -6.282383e-03 
 2.632833e+01 -7.334562e-03 
 2.632872e+01 -8.351944e-03 
 2.632912e+01 -9.356454e-03 
 2.632952e+01 -1.034141e-02 
 2.632992e+01 -1.130382e-02 
 2.633031e+01 -1.225077e-02 
 2.633071e+01 -1.318197e-02 
 2.633111e+01 -1.407834e-02 
 2.633151e+01 -1.495266e-02 
 2.633190e+01 -1.581319e-02 
 2.633230e+01 -1.665711e-02 
 2.633270e+01 -1.747381e-02 
 2.633310e+01 -1.826301e-02 
 2.633350e+01 -1.901894e-02 
 2.633389e+01 -1.974612e-02 
 2.633429e+01 -2.045453e-02 
 2.633469e+01 -2.115562e-02 
 2.633509e+01 -2.183511e-02 
 2.633548e+01 -2.248338e-02 
 2.633588e+01 -2.310825e-02 
 2.633628e+01 -2.369666e-02 
 2.633668e+01 -2.426675e-02 
 2.633707e+01 -2.481006e-02 
 2.633747e+01 -2.531933e-02 
 2.633787e+01 -2.580851e-02 
 2.633827e+01 -2.625830e-02 
 2.633867e+01 -2.668707e-02 
 2.633906e+01 -2.708427e-02 
 2.633946e+01 -2.746404e-02 
 2.633986e+01 -2.780958e-02 
 2.634026e+01 -2.812829e-02 
 2.634065e+01 -2.841597e-02 
 2.634105e+01 -2.866711e-02 
 2.634145e+01 -2.889526e-02 
 2.634185e+01 -2.911123e-02 
 2.634224e+01 -2.928962e-02 
 2.634264e+01 -2.943856e-02 
 2.634304e+01 -2.956192e-02 
 2.634344e+01 -2.964908e-02 
 2.634384e+01 -2.970300e-02 
 2.634423e+01 -2.974522e-02 
 2.634463e+01 -2.975328e-02 
 2.634503e+01 -2.971475e-02 
 2.634543e+01 -2.965393e-02 
 2.634582e+01 -2.956172e-02 
 2.634622e+01 -2.942728e-02 
 2.634662e+01 -2.927764e-02 
 2.634702e+01 -2.909563e-02 
 2.634741e+01 -2.888750e-02 
 2.634781e+01 -2.864941e-02 
 2.634821e+01 -2.837531e-02 
 2.634861e+01 -2.806696e-02 
 2.634901e+01 -2.772228e-02 
 2.634940e+01 -2.735159e-02 
 2.634980e+01 -2.693814e-02 
 2.635020e+01 -2.649851e-02 
 2.635060e+01 -2.602685e-02 
 2.635099e+01 -2.552442e-02 
 2.635139e+01 -2.500353e-02 
 2.635179e+01 -2.445648e-02 
 2.635219e+01 -2.386569e-02 
 2.635258e+01 -2.323862e-02 
 2.635298e+01 -2.258483e-02 
 2.635338e+01 -2.189597e-02 
 2.635378e+01 -2.116214e-02 
 2.635418e+01 -2.040392e-02 
 2.635457e+01 -1.962839e-02 
 2.635497e+01 -1.880608e-02 
 2.635537e+01 -1.797569e-02 
 2.635577e+01 -1.711565e-02 
 2.635616e+01 -1.624267e-02 
 2.635656e+01 -1.533518e-02 
 2.635696e+01 -1.441994e-02 
 2.635736e+01 -1.348078e-02 
 2.635775e+01 -1.250740e-02 
 2.635815e+01 -1.150249e-02 
 2.635855e+01 -1.048645e-02 
 2.635895e+01 -9.440927e-03 
 2.635935e+01 -8.377461e-03 
 2.635974e+01 -7.299799e-03 
 2.636014e+01 -6.209726e-03 
 2.636054e+01 -5.117988e-03 
 2.636094e+01 -4.015733e-03 
 2.636133e+01 -2.913812e-03 
 2.636173e+01 -1.792206e-03 
 2.636213e+01 -6.549441e-04 
 2.636253e+01  5.081994e-04 
 2.636293e+01  1.672217e-03 
 2.636332e+01  2.842352e-03 
 2.636372e+01  4.028137e-03 
 2.636412e+01  5.226382e-03 
 2.636452e+01  6.430237e-03 
 2.636491e+01  7.637111e-03 
 2.636531e+01  8.841368e-03 
 2.636571e+01  1.004587e-02 
 2.636611e+01  1.125771e-02 
 2.636650e+01  1.246187e-02 
 2.636690e+01  1.366751e-02 
 2.636730e+01  1.489439e-02 
 2.636770e+01  1.611725e-02 
 2.636810e+01  1.733329e-02 
 2.636849e+01  1.855871e-02 
 2.636889e+01  1.978449e-02 
 2.636929e+01  2.101124e-02 
 2.636969e+01  2.222643e-02 
 2.637008e+01  2.343620e-02 
 2.637048e+01  2.463028e-02 
 2.637088e+01  2.580482e-02 
 2.637128e+01  2.698928e-02 
 2.637167e+01  2.817292e-02 
 2.637207e+01  2.936355e-02 
 2.637247e+01  3.054053e-02 
 2.637287e+01  3.171763e-02 
 2.637327e+01  3.289148e-02 
 2.637366e+01  3.405205e-02 
 2.637406e+01  3.520254e-02 
 2.637446e+01  3.636529e-02 
 2.637486e+01  3.749331e-02 
 2.637525e+01  3.860617e-02 
 2.637565e+01  3.970411e-02 
 2.637605e+01  4.078664e-02 
 2.637645e+01  4.186020e-02 
 2.637684e+01  4.293038e-02 
 2.637724e+01  4.399100e-02 
 2.637764e+01  4.503433e-02 
 2.637804e+01  4.605959e-02 
 2.637844e+01  4.708464e-02 
 2.637883e+01  4.807940e-02 
 2.637923e+01  4.906919e-02 
 2.637963e+01  5.002106e-02 
 2.638003e+01  5.095215e-02 
 2.638042e+01  5.185102e-02 
 2.638082e+01  5.274924e-02 
 2.638122e+01  5.364000e-02 
 2.638162e+01  5.451359e-02 
 2.638201e+01  5.536227e-02 
 2.638241e+01  5.619488e-02 
 2.638281e+01  5.700872e-02 
 2.638321e+01  5.780390e-02 
 2.638361e+01  5.856748e-02 
 2.638400e+01  5.932217e-02 
 2.638440e+01  6.003379e-02 
 2.638480e+01  6.071739e-02 
 2.638520e+01  6.137440e-02 
 2.638559e+01  6.199947e-02 
 2.638599e+01  6.260610e-02 
 2.638639e+01  6.318488e-02 
 2.638679e+01  6.373627e-02 
 2.638718e+01  6.424807e-02 
 2.638758e+01  6.473696e-02 
 2.638798e+01  6.519642e-02 
 2.638838e+01  6.562317e-02 
 2.638878e+01  6.601310e-02 
 2.638917e+01  6.636277e-02 
 2.638957e+01  6.666079e-02 
 2.638997e+01  6.692543e-02 
 2.639037e+01  6.716279e-02 
 2.639076e+01  6.737093e-02 
 2.639116e+01  6.754922e-02 
 2.639156e+01  6.769465e-02 
 2.639196e+01  6.780365e-02 
 2.639235e+01  6.787761e-02 
 2.639275e+01  6.792444e-02 
 2.639315e+01  6.794312e-02 
 2.639355e+01  6.793459e-02 
 2.639395e+01  6.788402e-02 
 2.639434e+01  6.779325e-02 
 2.639474e+01  6.766649e-02 
 2.639514e+01  6.749736e-02 
 2.639554e+01  6.731167e-02 
 2.639593e+01  6.708357e-02 
 2.639633e+01  6.682181e-02 
 2.639673e+01  6.653352e-02 
 2.639713e+01  6.620944e-02 
 2.639752e+01  6.585155e-02 
 2.639792e+01  6.549033e-02 
 2.639832e+01  6.509630e-02 
 2.639872e+01  6.466498e-02 
 2.639912e+01  6.419007e-02 
 2.639951e+01  6.369619e-02 
 2.639991e+01  6.317737e-02 
 2.640031e+01  6.263968e-02 
 2.640071e+01  6.208520e-02 
 2.640110e+01  6.149653e-02 
 2.640150e+01  6.088616e-02 
 2.640190e+01  6.024806e-02 
 2.640230e+01  5.959257e-02 
 2.640269e+01  5.890129e-02 
 2.640309e+01  5.820347e-02 
 2.640349e+01  5.747206e-02 
 2.640389e+01  5.671383e-02 
 2.640429e+01  5.591700e-02 
 2.640468e+01  5.510246e-02 
 2.640508e+01  5.427853e-02 
 2.640548e+01  5.342314e-02 
 2.640588e+01  5.254611e-02 
 2.640627e+01  5.166398e-02 
 2.640667e+01  5.074696e-02 
 2.640707e+01  4.980846e-02 
 2.640747e+01  4.886241e-02 
 2.640786e+01  4.789442e-02 
 2.640826e+01  4.690319e-02 
 2.640866e+01  4.587815e-02 
 2.640906e+01  4.484252e-02 
 2.640946e+01  4.379061e-02 
 2.640985e+01  4.273110e-02 
 2.641025e+01  4.167051e-02 
 2.641065e+01  4.059099e-02 
 2.641105e+01  3.948888e-02 
 2.641144e+01  3.836966e-02 
 2.641184e+01  3.723430e-02 
 2.641224e+01  3.609323e-02 
 2.641264e+01  3.494791e-02 
 2.641303e+01  3.379071e-02 
 2.641343e+01  3.262247e-02 
 2.641383e+01  3.145004e-02 
 2.641423e+01  3.027008e-02 
 2.641463e+01  2.907570e-02 
 2.641502e+01  2.788677e-02 
 2.641542e+01  2.669584e-02 
 2.641582e+01  2.548606e-02 
 2.641622e+01  2.426009e-02 
 2.641661e+01  2.303580e-02 
 2.641701e+01  2.181475e-02 
 2.641741e+01  2.059063e-02 
 2.641781e+01  1.936381e-02 
 2.641820e+01  1.812854e-02 
 2.641860e+01  1.689600e-02 
 2.641900e+01  1.565922e-02 
 2.641940e+01  1.443420e-02 
 2.641980e+01  1.321064e-02 
 2.642019e+01  1.199745e-02 
 2.642059e+01  1.077003e-02 
 2.642099e+01  9.544682e-03 
 2.642139e+01  8.317556e-03 
 2.642178e+01  7.104549e-03 
 2.642218e+01  5.911474e-03 
 2.642258e+01  4.712547e-03 
 2.642298e+01  3.521054e-03 
 2.642337e+01  2.322576e-03 
 2.642377e+01  1.134443e-03 
 2.642417e+01 -4.703887e-05 
 2.642457e+01 -1.214554e-03 
 2.642497e+01 -2.366415e-03 
 2.642536e+01 -3.513585e-03 
 2.642576e+01 -4.647868e-03 
 2.642616e+01 -5.756081e-03 
 2.642656e+01 -6.851282e-03 
 2.642695e+01 -7.922677e-03 
 2.642735e+01 -8.977285e-03 
 2.642775e+01 -1.001571e-02 
 2.642815e+01 -1.104380e-02 
 2.642854e+01 -1.204969e-02 
 2.642894e+01 -1.302059e-02 
 2.642934e+01 -1.396808e-02 
 2.642974e+01 -1.489688e-02 
 2.643014e+01 -1.580202e-02 
 2.643053e+01 -1.668013e-02 
 2.643093e+01 -1.754281e-02 
 2.643133e+01 -1.836467e-02 
 2.643173e+01 -1.915721e-02 
 2.643212e+01 -1.992534e-02 
 2.643252e+01 -2.065783e-02 
 2.643292e+01 -2.137153e-02 
 2.643332e+01 -2.205387e-02 
 2.643371e+01 -2.271309e-02 
 2.643411e+01 -2.331883e-02 
 2.643451e+01 -2.390712e-02 
 2.643491e+01 -2.447106e-02 
 2.643531e+01 -2.500056e-02 
 2.643570e+01 -2.550806e-02 
 2.643610e+01 -2.598145e-02 
 2.643650e+01 -2.641834e-02 
 2.643690e+01 -2.683535e-02 
 2.643729e+01 -2.721382e-02 
 2.643769e+01 -2.756815e-02 
 2.643809e+01 -2.789962e-02 
 2.643849e+01 -2.818766e-02 
 2.643888e+01 -2.845099e-02 
 2.643928e+01 -2.868826e-02 
 2.643968e+01 -2.890691e-02 
 2.644008e+01 -2.909856e-02 
 2.644048e+01 -2.925883e-02 
 2.644087e+01 -2.939709e-02 
 2.644127e+01 -2.948904e-02 
 2.644167e+01 -2.955700e-02 
 2.644207e+01 -2.960625e-02 
 2.644246e+01 -2.961351e-02 
 2.644286e+01 -2.960001e-02 
 2.644326e+01 -2.954600e-02 
 2.644366e+01 -2.947332e-02 
 2.644405e+01 -2.937166e-02 
 2.644445e+01 -2.924373e-02 
 2.644485e+01 -2.909807e-02 
 2.644525e+01 -2.890583e-02 
 2.644565e+01 -2.869116e-02 
 2.644604e+01 -2.843639e-02 
 2.644644e+01 -2.815591e-02 
 2.644684e+01 -2.785207e-02 
 2.644724e+01 -2.750727e-02 
 2.644763e+01 -2.713897e-02 
 2.644803e+01 -2.672343e-02 
 2.644843e+01 -2.629281e-02 
 2.644883e+01 -2.583373e-02 
 2.644922e+01 -2.534500e-02 
 2.644962e+01 -2.482628e-02 
 2.645002e+01 -2.427820e-02 
 2.645042e+01 -2.369702e-02 
 2.645082e+01 -2.309493e-02 
 2.645121e+01 -2.246342e-02 
 2.645161e+01 -2.180266e-02 
 2.645201e+01 -2.111763e-02 
 2.645241e+01 -2.040985e-02 
 2.645280e+01 -1.965972e-02 
 2.645320e+01 -1.888833e-02 
 2.645360e+01 -1.810201e-02 
 2.645400e+01 -1.729313e-02 
 2.645440e+01 -1.645117e-02 
 2.645479e+01 -1.560385e-02 
 2.645519e+01 -1.472525e-02 
 2.645559e+01 -1.382060e-02 
 2.645599e+01 -1.289970e-02 
 2.645638e+01 -1.196031e-02 
 2.645678e+01 -1.099676e-02 
 2.645718e+01 -1.001893e-02 
 2.645758e+01 -9.005188e-03 
 2.645797e+01 -7.972747e-03 
 2.645837e+01 -6.929402e-03 
 2.645877e+01 -5.872128e-03 
 2.645917e+01 -4.811686e-03 
 2.645957e+01 -3.725041e-03 
 2.645996e+01 -2.618607e-03 
 2.646036e+01 -1.491287e-03 
 2.646076e+01 -3.475384e-04 
 2.646116e+01  8.269410e-04 
 2.646155e+01  2.007013e-03 
 2.646195e+01  3.205890e-03 
 2.646235e+01  4.421161e-03 
 2.646275e+01  5.652857e-03 
 2.646314e+01  6.861287e-03 
 2.646354e+01  8.096227e-03 
 2.646394e+01  9.320672e-03 
 2.646434e+01  1.054448e-02 
 2.646474e+01  1.178752e-02 
 2.646513e+01  1.304786e-02 
 2.646553e+01  1.430964e-02 
 2.646593e+01  1.556827e-02 
 2.646633e+01  1.684706e-02 
 2.646672e+01  1.811459e-02 
 2.646712e+01  1.938731e-02 
 2.646752e+01  2.066305e-02 
 2.646792e+01  2.192817e-02 
 2.646831e+01  2.317952e-02 
 2.646871e+01  2.442494e-02 
 2.646911e+01  2.566681e-02 
 2.646951e+01  2.690225e-02 
 2.646991e+01  2.814209e-02 
 2.647030e+01  2.938019e-02 
 2.647070e+01  3.059946e-02 
 2.647110e+01  3.180184e-02 
 2.647150e+01  3.299649e-02 
 2.647189e+01  3.417624e-02 
 2.647229e+01  3.534311e-02 
 2.647269e+01  3.647884e-02 
 2.647309e+01  3.760431e-02 
 2.647348e+01  3.871147e-02 
 2.647388e+01  3.979983e-02 
 2.647428e+01  4.088912e-02 
 2.647468e+01  4.196010e-02 
 2.647508e+01  4.301777e-02 
 2.647547e+01  4.405667e-02 
 2.647587e+01  4.507336e-02 
 2.647627e+01  4.607826e-02 
 2.647667e+01  4.707047e-02 
 2.647706e+01  4.804264e-02 
 2.647746e+01  4.899130e-02 
 2.647786e+01  4.991961e-02 
 2.647826e+01  5.081940e-02 
 2.647865e+01  5.170760e-02 
 2.647905e+01  5.258359e-02 
 2.647945e+01  5.344405e-02 
 2.647985e+01  5.428627e-02 
 2.648025e+01  5.510300e-02 
 2.648064e+01  5.590342e-02 
 2.648104e+01  5.668161e-02 
 2.648144e+01  5.744360e-02 
 2.648184e+01  5.817747e-02 
 2.648223e+01  5.889586e-02 
 2.648263e+01  5.957592e-02 
 2.648303e+01  6.022725e-02 
 2.648343e+01  6.086001e-02 
 2.648382e+01  6.147604e-02 
 2.648422e+01  6.206563e-02 
 2.648462e+01  6.263328e-02 
 2.648502e+01  6.315725e-02 
 2.648542e+01  6.366917e-02 
 2.648581e+01  6.414998e-02 
 2.648621e+01  6.461443e-02 
 2.648661e+01  6.504368e-02 
 2.648701e+01  6.544733e-02 
 2.648740e+01  6.581963e-02 
 2.648780e+01  6.615223e-02 
 2.648820e+01  6.646940e-02 
 2.648860e+01  6.677277e-02 
 2.648899e+01  6.703654e-02 
 2.648939e+01  6.727459e-02 
 2.648979e+01  6.747832e-02 
 2.649019e+01  6.764004e-02 
 2.649059e+01  6.776696e-02 
 2.649098e+01  6.787010e-02 
 2.649138e+01  6.793550e-02 
 2.649178e+01  6.795013e-02 
 2.649218e+01  6.792971e-02 
 2.649257e+01  6.786960e-02 
 2.649297e+01  6.778434e-02 
 2.649337e+01  6.766890e-02 
 2.649377e+01  6.753167e-02 
 2.649416e+01  6.735511e-02 
 2.649456e+01  6.714230e-02 
 2.649496e+01  6.689496e-02 
 2.649536e+01  6.661583e-02 
 2.649576e+01  6.630739e-02 
 2.649615e+01  6.596444e-02 
 2.649655e+01  6.557919e-02 
 2.649695e+01  6.515661e-02 
 2.649735e+01  6.470148e-02 
 2.649774e+01  6.422026e-02 
 2.649814e+01  6.372362e-02 
 2.649854e+01  6.319113e-02 
 2.649894e+01  6.263368e-02 
 2.649933e+01  6.203820e-02 
 2.649973e+01  6.141258e-02 
 2.650013e+01  6.075063e-02 
 2.650053e+01  6.007029e-02 
 2.650093e+01  5.936628e-02 
 2.650132e+01  5.862886e-02 
 2.650172e+01  5.786691e-02 
 2.650212e+01  5.706670e-02 
 2.650252e+01  5.624724e-02 
 2.650291e+01  5.541875e-02 
 2.650331e+01  5.457440e-02 
 2.650371e+01  5.370651e-02 
 2.650411e+01  5.281270e-02 
 2.650450e+01  5.190473e-02 
 2.650490e+01  5.096705e-02 
 2.650530e+01  5.001710e-02 
 2.650570e+01  4.906450e-02 
 2.650610e+01  4.808047e-02 
 2.650649e+01  4.707695e-02 
 2.650689e+01  4.605602e-02 
 2.650729e+01  4.502151e-02 
 2.650769e+01  4.397131e-02 
 2.650808e+01  4.292728e-02 
 2.650848e+01  4.186642e-02 
 2.650888e+01  4.077441e-02 
 2.650928e+01  3.967717e-02 
 2.650967e+01  3.856445e-02 
 2.651007e+01  3.743823e-02 
 2.651047e+01  3.630588e-02 
 2.651087e+01  3.517534e-02 
 2.651127e+01  3.400786e-02 
 2.651166e+01  3.283526e-02 
 2.651206e+01  3.165195e-02 
 2.651246e+01  3.046640e-02 
 2.651286e+01  2.927411e-02 
 2.651325e+01  2.808398e-02 
 2.651365e+01  2.688521e-02 
 2.651405e+01  2.566461e-02 
 2.651445e+01  2.444466e-02 
 2.651484e+01  2.322981e-02 
 2.651524e+01  2.200923e-02 
 2.651564e+01  2.078338e-02 
 2.651604e+01  1.955892e-02 
 2.651644e+01  1.832304e-02 
 2.651683e+01  1.709342e-02 
 2.651723e+01  1.586632e-02 
 2.651763e+01  1.465374e-02 
 2.651803e+01  1.343081e-02 
 2.651842e+01  1.221182e-02 
 2.651882e+01  1.097998e-02 
 2.651922e+01  9.755200e-03 
 2.651962e+01  8.546028e-03 
 2.652001e+01  7.344075e-03 
 2.652041e+01  6.158209e-03 
 2.652081e+01  4.969523e-03 
 2.652121e+01  3.783498e-03 
 2.652161e+01  2.614271e-03 
 2.652200e+01  1.469967e-03 
 2.652240e+01  3.208807e-04 
 2.652280e+01 -8.048600e-04 
 2.652320e+01 -1.925611e-03 
 2.652359e+01 -3.037973e-03 
 2.652399e+01 -4.144450e-03 
 2.652439e+01 -5.225310e-03 
 2.652479e+01 -6.293270e-03 
 2.652518e+01 -7.356043e-03 
 2.652558e+01 -8.383618e-03 
 2.652598e+01 -9.413621e-03 
 2.652638e+01 -1.042710e-02 
 2.652678e+01 -1.141232e-02 
 2.652717e+01 -1.237609e-02 
 2.652757e+01 -1.333982e-02 
 2.652797e+01 -1.427833e-02 
 2.652837e+01 -1.520682e-02 
 2.652876e+01 -1.611376e-02 
 2.652916e+01 -1.699553e-02 
 2.652956e+01 -1.783847e-02 
 2.652996e+01 -1.866309e-02 
 2.653035e+01 -1.946115e-02 
 2.653075e+01 -2.023103e-02 
 2.653115e+01 -2.099489e-02 
 2.653155e+01 -2.173296e-02 
 2.653195e+01 -2.242990e-02 
 2.653234e+01 -2.311138e-02 
 2.653274e+01 -2.377026e-02 
 2.653314e+01 -2.439814e-02 
 2.653354e+01 -2.499125e-02 
 2.653393e+01 -2.555429e-02 
 2.653433e+01 -2.608183e-02 
 2.653473e+01 -2.656587e-02 
 2.653513e+01 -2.702040e-02 
 2.653552e+01 -2.743677e-02 
 2.653592e+01 -2.783473e-02 
 2.653632e+01 -2.819584e-02 
 2.653672e+01 -2.852603e-02 
 2.653712e+01 -2.881464e-02 
 2.653751e+01 -2.908531e-02 
 2.653791e+01 -2.931829e-02 
 2.653831e+01 -2.952073e-02 
 2.653871e+01 -2.966992e-02 
 2.653910e+01 -2.979508e-02 
 2.653950e+01 -2.987007e-02 
 2.653990e+01 -2.992151e-02 
 2.654030e+01 -2.995343e-02 
 2.654069e+01 -2.995383e-02 
 2.654109e+01 -2.990941e-02 
 2.654149e+01 -2.984907e-02 
 2.654189e+01 -2.975099e-02 
 2.654229e+01 -2.961617e-02 
 2.654268e+01 -2.946137e-02 
 2.654308e+01 -2.927404e-02 
 2.654348e+01 -2.904372e-02 
 2.654388e+01 -2.879306e-02 
 2.654427e+01 -2.850797e-02 
 2.654467e+01 -2.819194e-02 
 2.654507e+01 -2.785981e-02 
 2.654547e+01 -2.750002e-02 
 2.654587e+01 -2.710381e-02 
 2.654626e+01 -2.668539e-02 
 2.654666e+01 -2.624971e-02 
 2.654706e+01 -2.579444e-02 
 2.654746e+01 -2.530422e-02 
 2.654785e+01 -2.480208e-02 
 2.654825e+01 -2.426743e-02 
 2.654865e+01 -2.368267e-02 
 2.654905e+01 -2.308092e-02 
 2.654944e+01 -2.245358e-02 
 2.654984e+01 -2.179629e-02 
 2.655024e+01 -2.111802e-02 
 2.655064e+01 -2.040962e-02 
 2.655104e+01 -1.967959e-02 
 2.655143e+01 -1.892479e-02 
 2.655183e+01 -1.816855e-02 
 2.655223e+01 -1.738517e-02 
 2.655263e+01 -1.657806e-02 
 2.655302e+01 -1.573938e-02 
 2.655342e+01 -1.488210e-02 
 2.655382e+01 -1.398497e-02 
 2.655422e+01 -1.307214e-02 
 2.655461e+01 -1.213703e-02 
 2.655501e+01 -1.117227e-02 
 2.655541e+01 -1.018485e-02 
 2.655581e+01 -9.176457e-03 
 2.655621e+01 -8.154800e-03 
 2.655660e+01 -7.121869e-03 
 2.655700e+01 -6.082509e-03 
 2.655740e+01 -5.016049e-03 
 2.655780e+01 -3.922359e-03 
 2.655819e+01 -2.813999e-03 
 2.655859e+01 -1.690725e-03 
 2.655899e+01 -5.514012e-04 
 2.655939e+01  5.881963e-04 
 2.655978e+01  1.753042e-03 
 2.656018e+01  2.919465e-03 
 2.656058e+01  4.089672e-03 
 2.656098e+01  5.278405e-03 
 2.656138e+01  6.459562e-03 
 2.656177e+01  7.651934e-03 
 2.656217e+01  8.855430e-03 
 2.656257e+01  1.008450e-02 
 2.656297e+01  1.130946e-02 
 2.656336e+01  1.254706e-02 
 2.656376e+01  1.379573e-02 
 2.656416e+01  1.503411e-02 
 2.656456e+01  1.628400e-02 
 2.656495e+01  1.754688e-02 
 2.656535e+01  1.880063e-02 
 2.656575e+01  2.005215e-02 
 2.656615e+01  2.130186e-02 
 2.656655e+01  2.253247e-02 
 2.656694e+01  2.376848e-02 
 2.656734e+01  2.501455e-02 
 2.656774e+01  2.626088e-02 
 2.656814e+01  2.749758e-02 
 2.656853e+01  2.874069e-02 
 2.656893e+01  2.996665e-02 
 2.656933e+01  3.118500e-02 
 2.656973e+01  3.240508e-02 
 2.657012e+01  3.361378e-02 
 2.657052e+01  3.480051e-02 
 2.657092e+01  3.597293e-02 
 2.657132e+01  3.714756e-02 
 2.657172e+01  3.830040e-02 
 2.657211e+01  3.944581e-02 
 2.657251e+01  4.058710e-02 
 2.657291e+01  4.171261e-02 
 2.657331e+01  4.282222e-02 
 2.657370e+01  4.392406e-02 
 2.657410e+01  4.500647e-02 
 2.657450e+01  4.606879e-02 
 2.657490e+01  4.711729e-02 
 2.657529e+01  4.813553e-02 
 2.657569e+01  4.911285e-02 
 2.657609e+01  5.006783e-02 
 2.657649e+01  5.100813e-02 
 2.657689e+01  5.191880e-02 
 2.657728e+01  5.281638e-02 
 2.657768e+01  5.370734e-02 
 2.657808e+01  5.456189e-02 
 2.657848e+01  5.538075e-02 
 2.657887e+01  5.618219e-02 
 2.657927e+01  5.695092e-02 
 2.657967e+01  5.767507e-02 
 2.658007e+01  5.837977e-02 
 2.658046e+01  5.905326e-02 
 2.658086e+01  5.968829e-02 
 2.658126e+01  6.031241e-02 
 2.658166e+01  6.091667e-02 
 2.658206e+01  6.149614e-02 
 2.658245e+01  6.204817e-02 
 2.658285e+01  6.259083e-02 
 2.658325e+01  6.308952e-02 
 2.658365e+01  6.357182e-02 
 2.658404e+01  6.403244e-02 
 2.658444e+01  6.445945e-02 
 2.658484e+01  6.486143e-02 
 2.658524e+01  6.522280e-02 
 2.658563e+01  6.554813e-02 
 2.658603e+01  6.585337e-02 
 2.658643e+01  6.613892e-02 
 2.658683e+01  6.641491e-02 
 2.658723e+01  6.665738e-02 
 2.658762e+01  6.686830e-02 
 2.658802e+01  6.703589e-02 
 2.658842e+01  6.718412e-02 
 2.658882e+01  6.730336e-02 
 2.658921e+01  6.740312e-02 
 2.658961e+01  6.747917e-02 
 2.659001e+01  6.751357e-02 
 2.659041e+01  6.751486e-02 
 2.659080e+01  6.749463e-02 
 2.659120e+01  6.744249e-02 
 2.659160e+01  6.736983e-02 
 2.659200e+01  6.725892e-02 
 2.659240e+01  6.711981e-02 
 2.659279e+01  6.693444e-02 
 2.659319e+01  6.672959e-02 
 2.659359e+01  6.650391e-02 
 2.659399e+01  6.625079e-02 
 2.659438e+01  6.594965e-02 
 2.659478e+01  6.561626e-02 
 2.659518e+01  6.523280e-02 
 2.659558e+01  6.481234e-02 
 2.659597e+01  6.437472e-02 
 2.659637e+01  6.391804e-02 
 2.659677e+01  6.341873e-02 
 2.659717e+01  6.288733e-02 
 2.659757e+01  6.232347e-02 
 2.659796e+01  6.172693e-02 
 2.659836e+01  6.110269e-02 
 2.659876e+01  6.046249e-02 
 2.659916e+01  5.979073e-02 
 2.659955e+01  5.907214e-02 
 2.659995e+01  5.833150e-02 
 2.660035e+01  5.756364e-02 
 2.660075e+01  5.676931e-02 
 2.660114e+01  5.595331e-02 
 2.660154e+01  5.512751e-02 
 2.660194e+01  5.425978e-02 
 2.660234e+01  5.336812e-02 
 2.660274e+01  5.247323e-02 
 2.660313e+01  5.155763e-02 
 2.660353e+01  5.060646e-02 
 2.660393e+01  4.964691e-02 
 2.660433e+01  4.865933e-02 
 2.660472e+01  4.763217e-02 
 2.660512e+01  4.659276e-02 
 2.660552e+01  4.555356e-02 
 2.660592e+01  4.449172e-02 
 2.660631e+01  4.340776e-02 
 2.660671e+01  4.230468e-02 
 2.660711e+01  4.118522e-02 
 2.660751e+01  4.004554e-02 
 2.660791e+01  3.890416e-02 
 2.660830e+01  3.775333e-02 
 2.660870e+01  3.657688e-02 
 2.660910e+01  3.540316e-02 
 2.660950e+01  3.421216e-02 
 2.660989e+01  3.301487e-02 
 2.661029e+01  3.181452e-02 
 2.661069e+01  3.061587e-02 
 2.661109e+01  2.940337e-02 
 2.661148e+01  2.817708e-02 
 2.661188e+01  2.695736e-02 
 2.661228e+01  2.572039e-02 
 2.661268e+01  2.449780e-02 
 2.661308e+01  2.327388e-02 
 2.661347e+01  2.205376e-02 
 2.661387e+01  2.081712e-02 
 2.661427e+01  1.957762e-02 
 2.661467e+01  1.834660e-02 
 2.661506e+01  1.711731e-02 
 2.661546e+01  1.589981e-02 
 2.661586e+01  1.468549e-02 
 2.661626e+01  1.346416e-02 
 2.661665e+01  1.224741e-02 
 2.661705e+01  1.105314e-02 
 2.661745e+01  9.853683e-03 
 2.661785e+01  8.684402e-03 
 2.661825e+01  7.518894e-03 
 2.661864e+01  6.367361e-03 
 2.661904e+01  5.198565e-03 
 2.661944e+01  4.061460e-03 
 2.661984e+01  2.922363e-03 
 2.662023e+01  1.779755e-03 
 2.662063e+01  6.496143e-04 
 2.662103e+01 -4.698273e-04 
 2.662143e+01 -1.591239e-03 
 2.662182e+01 -2.704339e-03 
 2.662222e+01 -3.784216e-03 
 2.662262e+01 -4.855463e-03 
 2.662302e+01 -5.903550e-03 
 2.662342e+01 -6.939671e-03 
 2.662381e+01 -7.970982e-03 
 2.662421e+01 -8.987777e-03 
 2.662461e+01 -9.999508e-03 
 2.662501e+01 -1.097488e-02 
 2.662540e+01 -1.195443e-02 
 2.662580e+01 -1.290864e-02 
 2.662620e+01 -1.385854e-02 
 2.662660e+01 -1.478384e-02 
 2.662699e+01 -1.569224e-02 
 2.662739e+01 -1.657426e-02 
 2.662779e+01 -1.742200e-02 
 2.662819e+01 -1.824387e-02 
 2.662859e+01 -1.906355e-02 
 2.662898e+01 -1.984531e-02 
 2.662938e+01 -2.060804e-02 
 2.662978e+01 -2.135205e-02 
 2.663018e+01 -2.206036e-02 
 2.663057e+01 -2.274831e-02 
 2.663097e+01 -2.342017e-02 
 2.663137e+01 -2.406321e-02 
 2.663177e+01 -2.466126e-02 
 2.663216e+01 -2.522605e-02 
 2.663256e+01 -2.575699e-02 
 2.663296e+01 -2.625311e-02 
 2.663336e+01 -2.673284e-02 
 2.663376e+01 -2.719187e-02 
 2.663415e+01 -2.759700e-02 
 2.663455e+01 -2.797947e-02 
 2.663495e+01 -2.833905e-02 
 2.663535e+01 -2.866542e-02 
 2.663574e+01 -2.896429e-02 
 2.663614e+01 -2.924108e-02 
 2.663654e+01 -2.947697e-02 
 2.663694e+01 -2.965433e-02 
 2.663733e+01 -2.980875e-02 
 2.663773e+01 -2.993210e-02 
 2.663813e+01 -3.001827e-02 
 2.663853e+01 -3.007077e-02 
 2.663893e+01 -3.009760e-02 
 2.663932e+01 -3.009217e-02 
 2.663972e+01 -3.006043e-02 
 2.664012e+01 -3.000482e-02 
 2.664052e+01 -2.991747e-02 
 2.664091e+01 -2.978887e-02 
 2.664131e+01 -2.963279e-02 
 2.664171e+01 -2.941773e-02 
 2.664211e+01 -2.917278e-02 
 2.664251e+01 -2.890983e-02 
 2.664290e+01 -2.861080e-02 
 2.664330e+01 -2.827724e-02 
 2.664370e+01 -2.791162e-02 
 2.664410e+01 -2.752995e-02 
 2.664449e+01 -2.710434e-02 
 2.664489e+01 -2.665243e-02 
 2.664529e+01 -2.617797e-02 
 2.664569e+01 -2.566941e-02 
 2.664608e+01 -2.512075e-02 
 2.664648e+01 -2.454360e-02 
 2.664688e+01 -2.393312e-02 
 2.664728e+01 -2.329587e-02 
 2.664768e+01 -2.263024e-02 
 2.664807e+01 -2.194829e-02 
 2.664847e+01 -2.124594e-02 
 2.664887e+01 -2.051646e-02 
 2.664927e+01 -1.976568e-02 
 2.664966e+01 -1.900201e-02 
 2.665006e+01 -1.820518e-02 
 2.665046e+01 -1.738805e-02 
 2.665086e+01 -1.653377e-02 
 2.665125e+01 -1.565892e-02 
 2.665165e+01 -1.475213e-02 
 2.665205e+01 -1.384962e-02 
 2.665245e+01 -1.292127e-02 
 2.665285e+01 -1.197876e-02 
 2.665324e+01 -1.102935e-02 
 2.665364e+01 -1.006495e-02 
 2.665404e+01 -9.074006e-03 
 2.665444e+01 -8.085618e-03 
 2.665483e+01 -7.088193e-03 
 2.665523e+01 -6.063027e-03 
 2.665563e+01 -5.017422e-03 
 2.665603e+01 -3.961899e-03 
 2.665642e+01 -2.886660e-03 
 2.665682e+01 -1.797774e-03 
 2.665722e+01 -7.003749e-04 
 2.665762e+01  4.141633e-04 
 2.665802e+01  1.537971e-03 
 2.665841e+01  2.670174e-03 
 2.665881e+01  3.809812e-03 
 2.665921e+01  4.966881e-03 
 2.665961e+01  6.117017e-03 
 2.666000e+01  7.287101e-03 
 2.666040e+01  8.480899e-03 
 2.666080e+01  9.689735e-03 
 2.666120e+01  1.090076e-02 
 2.666159e+01  1.211659e-02 
 2.666199e+01  1.334545e-02 
 2.666239e+01  1.457244e-02 
 2.666279e+01  1.581393e-02 
 2.666319e+01  1.705455e-02 
 2.666358e+01  1.829333e-02 
 2.666398e+01  1.952014e-02 
 2.666438e+01  2.075313e-02 
 2.666478e+01  2.198594e-02 
 2.666517e+01  2.322959e-02 
 2.666557e+01  2.447396e-02 
 2.666597e+01  2.572899e-02 
 2.666637e+01  2.697126e-02 
 2.666676e+01  2.821728e-02 
 2.666716e+01  2.945937e-02 
 2.666756e+01  3.069103e-02 
 2.666796e+01  3.191433e-02 
 2.666836e+01  3.311938e-02 
 2.666875e+01  3.429827e-02 
 2.666915e+01  3.547597e-02 
 2.666955e+01  3.665293e-02 
 2.666995e+01  3.782877e-02 
 2.667034e+01  3.898840e-02 
 2.667074e+01  4.014770e-02 
 2.667114e+01  4.129268e-02 
 2.667154e+01  4.240578e-02 
 2.667193e+01  4.351174e-02 
 2.667233e+01  4.459604e-02 
 2.667273e+01  4.565735e-02 
 2.667313e+01  4.669710e-02 
 2.667353e+01  4.771476e-02 
 2.667392e+01  4.869717e-02 
 2.667432e+01  4.966978e-02 
 2.667472e+01  5.063485e-02 
 2.667512e+01  5.159012e-02 
 2.667551e+01  5.250525e-02 
 2.667591e+01  5.341279e-02 
 2.667631e+01  5.429391e-02 
 2.667671e+01  5.513747e-02 
 2.667710e+01  5.595980e-02 
 2.667750e+01  5.677497e-02 
 2.667790e+01  5.754889e-02 
 2.667830e+01  5.829895e-02 
 2.667870e+01  5.901950e-02 
 2.667909e+01  5.971802e-02 
 2.667949e+01  6.039550e-02 
 2.667989e+01  6.105898e-02 
 2.668029e+01  6.168572e-02 
 2.668068e+01  6.226625e-02 
 2.668108e+01  6.282103e-02 
 2.668148e+01  6.333848e-02 
 2.668188e+01  6.381625e-02 
 2.668227e+01  6.427021e-02 
 2.668267e+01  6.469742e-02 
 2.668307e+01  6.507611e-02 
 2.668347e+01  6.541324e-02 
 2.668387e+01  6.573042e-02 
 2.668426e+01  6.602153e-02 
 2.668466e+01  6.629508e-02 
 2.668506e+01  6.654028e-02 
 2.668546e+01  6.676313e-02 
 2.668585e+01  6.693865e-02 
 2.668625e+01  6.708580e-02 
 2.668665e+01  6.721449e-02 
 2.668705e+01  6.731802e-02 
 2.668744e+01  6.737069e-02 
 2.668784e+01  6.740050e-02 
 2.668824e+01  6.739653e-02 
 2.668864e+01  6.736274e-02 
 2.668904e+01  6.729844e-02 
 2.668943e+01  6.722681e-02 
 2.668983e+01  6.712641e-02 
 2.669023e+01  6.699433e-02 
 2.669063e+01  6.683937e-02 
 2.669102e+01  6.664669e-02 
 2.669142e+01  6.642932e-02 
 2.669182e+01  6.619261e-02 
 2.669222e+01  6.592493e-02 
 2.669261e+01  6.560886e-02 
 2.669301e+01  6.527424e-02 
 2.669341e+01  6.491606e-02 
 2.669381e+01  6.453224e-02 
 2.669421e+01  6.411714e-02 
 2.669460e+01  6.370699e-02 
 2.669500e+01  6.324321e-02 
 2.669540e+01  6.274697e-02 
 2.669580e+01  6.222402e-02 
 2.669619e+01  6.168404e-02 
 2.669659e+01  6.109710e-02 
 2.669699e+01  6.050243e-02 
 2.669739e+01  5.986660e-02 
 2.669778e+01  5.919080e-02 
 2.669818e+01  5.849969e-02 
 2.669858e+01  5.778891e-02 
 2.669898e+01  5.704623e-02 
 2.669938e+01  5.627615e-02 
 2.669977e+01  5.548125e-02 
 2.670017e+01  5.465209e-02 
 2.670057e+01  5.378968e-02 
 2.670097e+01  5.290351e-02 
 2.670136e+01  5.200431e-02 
 2.670176e+01  5.106284e-02 
 2.670216e+01  5.010807e-02 
 2.670256e+01  4.911391e-02 
 2.670295e+01  4.810626e-02 
 2.670335e+01  4.708182e-02 
 2.670375e+01  4.604507e-02 
 2.670415e+01  4.498937e-02 
 2.670455e+01  4.390101e-02 
 2.670494e+01  4.280014e-02 
 2.670534e+01  4.169222e-02 
 2.670574e+01  4.057084e-02 
 2.670614e+01  3.943909e-02 
 2.670653e+01  3.829956e-02 
 2.670693e+01  3.714588e-02 
 2.670733e+01  3.596590e-02 
 2.670773e+01  3.477592e-02 
 2.670812e+01  3.357777e-02 
 2.670852e+01  3.236976e-02 
 2.670892e+01  3.116412e-02 
 2.670932e+01  2.994321e-02 
 2.670972e+01  2.870304e-02 
 2.671011e+01  2.746716e-02 
 2.671051e+01  2.623883e-02 
 2.671091e+01  2.500550e-02 
 2.671131e+01  2.376843e-02 
 2.671170e+01  2.252464e-02 
 2.671210e+01  2.127443e-02 
 2.671250e+01  2.001053e-02 
 2.671290e+01  1.876673e-02 
 2.671329e+01  1.753333e-02 
 2.671369e+01  1.629650e-02 
 2.671409e+01  1.505425e-02 
 2.671449e+01  1.381981e-02 
 2.671489e+01  1.258477e-02 
 2.671528e+01  1.136275e-02 
 2.671568e+01  1.015545e-02 
 2.671608e+01  8.944354e-03 
 2.671648e+01  7.725569e-03 
 2.671687e+01  6.520286e-03 
 2.671727e+01  5.322872e-03 
 2.671767e+01  4.132638e-03 
 2.671807e+01  2.966638e-03 
 2.671846e+01  1.813651e-03 
 2.671886e+01  6.633664e-04 
 2.671926e+01 -4.713533e-04 
 2.671966e+01 -1.590533e-03 
 2.672006e+01 -2.703909e-03 
 2.672045e+01 -3.792145e-03 
 2.672085e+01 -4.859076e-03 
 2.672125e+01 -5.915118e-03 
 2.672165e+01 -6.975096e-03 
 2.672204e+01 -8.002691e-03 
 2.672244e+01 -9.011300e-03 
 2.672284e+01 -1.000103e-02 
 2.672324e+01 -1.097134e-02 
 2.672363e+01 -1.192335e-02 
 2.672403e+01 -1.285753e-02 
 2.672443e+01 -1.376380e-02 
 2.672483e+01 -1.465848e-02 
 2.672523e+01 -1.551620e-02 
 2.672562e+01 -1.635052e-02 
 2.672602e+01 -1.716902e-02 
 2.672642e+01 -1.796730e-02 
 2.672682e+01 -1.875605e-02 
 2.672721e+01 -1.951978e-02 
 2.672761e+01 -2.025533e-02 
 2.672801e+01 -2.097121e-02 
 2.672841e+01 -2.166906e-02 
 2.672880e+01 -2.233540e-02 
 2.672920e+01 -2.297307e-02 
 2.672960e+01 -2.359092e-02 
 2.673000e+01 -2.416653e-02 
 2.673040e+01 -2.470842e-02 
 2.673079e+01 -2.524309e-02 
 2.673119e+01 -2.575375e-02 
 2.673159e+01 -2.625029e-02 
 2.673199e+01 -2.671930e-02 
 2.673238e+01 -2.716169e-02 
 2.673278e+01 -2.757276e-02 
 2.673318e+01 -2.795527e-02 
 2.673358e+01 -2.831189e-02 
 2.673398e+01 -2.862961e-02 
 2.673437e+01 -2.891225e-02 
 2.673477e+01 -2.916259e-02 
 2.673517e+01 -2.936716e-02 
 2.673557e+01 -2.956525e-02 
 2.673596e+01 -2.972753e-02 
 2.673636e+01 -2.986766e-02 
 2.673676e+01 -2.998276e-02 
 2.673716e+01 -3.006616e-02 
 2.673755e+01 -3.012090e-02 
 2.673795e+01 -3.011827e-02 
 2.673835e+01 -3.010160e-02 
 2.673875e+01 -3.003764e-02 
 2.673915e+01 -2.992799e-02 
 2.673954e+01 -2.976313e-02 
 2.673994e+01 -2.958738e-02 
 2.674034e+01 -2.936834e-02 
 2.674074e+01 -2.912795e-02 
 2.674113e+01 -2.886409e-02 
 2.674153e+01 -2.856722e-02 
 2.674193e+01 -2.823225e-02 
 2.674233e+01 -2.786445e-02 
 2.674272e+01 -2.747116e-02 
 2.674312e+01 -2.704070e-02 
 2.674352e+01 -2.656874e-02 
 2.674392e+01 -2.606603e-02 
 2.674432e+01 -2.551995e-02 
 2.674471e+01 -2.493825e-02 
 2.674511e+01 -2.433754e-02 
 2.674551e+01 -2.371002e-02 
 2.674591e+01 -2.305824e-02 
 2.674630e+01 -2.238433e-02 
 2.674670e+01 -2.168406e-02 
 2.674710e+01 -2.095973e-02 
 2.674750e+01 -2.020789e-02 
 2.674789e+01 -1.943300e-02 
 2.674829e+01 -1.862536e-02 
 2.674869e+01 -1.778622e-02 
 2.674909e+01 -1.692418e-02 
 2.674949e+01 -1.604345e-02 
 2.674988e+01 -1.514764e-02 
 2.675028e+01 -1.424337e-02 
 2.675068e+01 -1.332409e-02 
 2.675108e+01 -1.238188e-02 
 2.675147e+01 -1.142412e-02 
 2.675187e+01 -1.045494e-02 
 2.675227e+01 -9.463052e-03 
 2.675267e+01 -8.455073e-03 
 2.675306e+01 -7.424320e-03 
 2.675346e+01 -6.363949e-03 
 2.675386e+01 -5.280597e-03 
 2.675426e+01 -4.180341e-03 
 2.675466e+01 -3.072801e-03 
 2.675505e+01 -1.953348e-03 
 2.675545e+01 -8.326411e-04 
 2.675585e+01  2.913906e-04 
 2.675625e+01  1.424511e-03 
 2.675664e+01  2.559862e-03 
 2.675704e+01  3.713697e-03 
 2.675744e+01  4.876885e-03 
 2.675784e+01  6.041909e-03 
 2.675823e+01  7.245261e-03 
 2.675863e+01  8.459284e-03 
 2.675903e+01  9.675505e-03 
 2.675943e+01  1.087937e-02 
 2.675983e+01  1.209350e-02 
 2.676022e+01  1.330565e-02 
 2.676062e+01  1.451613e-02 
 2.676102e+01  1.572720e-02 
 2.676142e+01  1.694970e-02 
 2.676181e+01  1.815361e-02 
 2.676221e+01  1.935820e-02 
 2.676261e+01  2.058070e-02 
 2.676301e+01  2.181096e-02 
 2.676340e+01  2.304374e-02 
 2.676380e+01  2.427201e-02 
 2.676420e+01  2.550161e-02 
 2.676460e+01  2.671217e-02 
 2.676500e+01  2.792027e-02 
 2.676539e+01  2.911675e-02 
 2.676579e+01  3.030307e-02 
 2.676619e+01  3.148601e-02 
 2.676659e+01  3.265474e-02 
 2.676698e+01  3.381708e-02 
 2.676738e+01  3.498517e-02 
 2.676778e+01  3.615249e-02 
 2.676818e+01  3.731486e-02 
 2.676857e+01  3.845441e-02 
 2.676897e+01  3.959095e-02 
 2.676937e+01  4.070291e-02 
 2.676977e+01  4.178970e-02 
 2.677017e+01  4.287877e-02 
 2.677056e+01  4.395082e-02 
 2.677096e+01  4.500228e-02 
 2.677136e+01  4.603339e-02 
 2.677176e+01  4.704020e-02 
 2.677215e+01  4.805229e-02 
 2.677255e+01  4.905605e-02 
 2.677295e+01  5.004646e-02 
 2.677335e+01  5.103258e-02 
 2.677374e+01  5.199394e-02 
 2.677414e+01  5.292916e-02 
 2.677454e+01  5.384446e-02 
 2.677494e+01  5.472765e-02 
 2.677534e+01  5.559048e-02 
 2.677573e+01  5.642386e-02 
 2.677613e+01  5.722222e-02 
 2.677653e+01  5.798689e-02 
 2.677693e+01  5.873161e-02 
 2.677732e+01  5.947396e-02 
 2.677772e+01  6.017818e-02 
 2.677812e+01  6.086079e-02 
 2.677852e+01  6.151038e-02 
 2.677891e+01  6.212315e-02 
 2.677931e+01  6.270133e-02 
 2.677971e+01  6.326586e-02 
 2.678011e+01  6.379233e-02 
 2.678051e+01  6.428321e-02 
 2.678090e+01  6.473779e-02 
 2.678130e+01  6.515498e-02 
 2.678170e+01  6.554553e-02 
 2.678210e+01  6.591666e-02 
 2.678249e+01  6.627049e-02 
 2.678289e+01  6.658811e-02 
 2.678329e+01  6.686827e-02 
 2.678369e+01  6.711544e-02 
 2.678408e+01  6.732003e-02 
 2.678448e+01  6.748308e-02 
 2.678488e+01  6.762080e-02 
 2.678528e+01  6.771292e-02 
 2.678568e+01  6.776377e-02 
 2.678607e+01  6.778398e-02 
 2.678647e+01  6.778949e-02 
 2.678687e+01  6.775092e-02 
 2.678727e+01  6.769456e-02 
 2.678766e+01  6.761573e-02 
 2.678806e+01  6.749064e-02 
 2.678846e+01  6.731355e-02 
 2.678886e+01  6.712529e-02 
 2.678925e+01  6.689594e-02 
 2.678965e+01  6.663843e-02 
 2.679005e+01  6.635645e-02 
 2.679045e+01  6.603777e-02 
 2.679085e+01  6.568751e-02 
 2.679124e+01  6.531413e-02 
 2.679164e+01  6.493316e-02 
 2.679204e+01  6.451387e-02 
 2.679244e+01  6.408578e-02 
 2.679283e+01  6.362436e-02 
 2.679323e+01  6.313706e-02 
 2.679363e+01  6.260919e-02 
 2.679403e+01  6.205898e-02 
 2.679442e+01  6.149349e-02 
 2.679482e+01  6.089253e-02 
 2.679522e+01  6.026408e-02 
 2.679562e+01  5.961472e-02 
 2.679602e+01  5.894197e-02 
 2.679641e+01  5.825056e-02 
 2.679681e+01  5.753952e-02 
 2.679721e+01  5.681524e-02 
 2.679761e+01  5.605700e-02 
 2.679800e+01  5.527721e-02 
 2.679840e+01  5.447876e-02 
 2.679880e+01  5.365890e-02 
 2.679920e+01  5.282054e-02 
 2.679959e+01  5.196471e-02 
 2.679999e+01  5.108195e-02 
 2.680039e+01  5.016146e-02 
 2.680079e+01  4.922785e-02 
 2.680119e+01  4.828383e-02 
 2.680158e+01  4.731975e-02 
 2.680198e+01  4.634744e-02 
 2.680238e+01  4.536591e-02 
 2.680278e+01  4.434730e-02 
 2.680317e+01  4.329716e-02 
 2.680357e+01  4.224483e-02 
 2.680397e+01  4.116762e-02 
 2.680437e+01  4.005828e-02 
 2.680476e+01  3.893043e-02 
 2.680516e+01  3.778580e-02 
 2.680556e+01  3.661298e-02 
 2.680596e+01  3.542853e-02 
 2.680636e+01  3.426000e-02 
 2.680675e+01  3.307473e-02 
 2.680715e+01  3.186761e-02 
 2.680755e+01  3.064308e-02 
 2.680795e+01  2.941362e-02 
 2.680834e+01  2.817480e-02 
 2.680874e+01  2.693919e-02 
 2.680914e+01  2.568429e-02 
 2.680954e+01  2.441176e-02 
 2.680993e+01  2.313942e-02 
 2.681033e+01  2.185421e-02 
 2.681073e+01  2.057071e-02 
 2.681113e+01  1.929869e-02 
 2.681153e+01  1.803506e-02 
 2.681192e+01  1.676288e-02 
 2.681232e+01  1.548466e-02 
 2.681272e+01  1.422160e-02 
 2.681312e+01  1.296684e-02 
 2.681351e+01  1.170881e-02 
 2.681391e+01  1.046857e-02 
 2.681431e+01  9.229089e-03 
 2.681471e+01  7.995470e-03 
 2.681510e+01  6.766500e-03 
 2.681550e+01  5.561997e-03 
 2.681590e+01  4.361759e-03 
 2.681630e+01  3.172979e-03 
 2.681670e+01  2.007137e-03 
 2.681709e+01  8.349687e-04 
 2.681749e+01 -3.176524e-04 
 2.681789e+01 -1.440218e-03 
 2.681829e+01 -2.557920e-03 
 2.681868e+01 -3.646910e-03 
 2.681908e+01 -4.730322e-03 
 2.681948e+01 -5.792507e-03 
 2.681988e+01 -6.866049e-03 
 2.682027e+01 -7.905551e-03 
 2.682067e+01 -8.921557e-03 
 2.682107e+01 -9.926486e-03 
 2.682147e+01 -1.090348e-02 
 2.682187e+01 -1.185951e-02 
 2.682226e+01 -1.279656e-02 
 2.682266e+01 -1.371209e-02 
 2.682306e+01 -1.460472e-02 
 2.682346e+01 -1.547439e-02 
 2.682385e+01 -1.633398e-02 
 2.682425e+01 -1.717399e-02 
 2.682465e+01 -1.799528e-02 
 2.682505e+01 -1.880153e-02 
 2.682545e+01 -1.956517e-02 
 2.682584e+01 -2.031000e-02 
 2.682624e+01 -2.103271e-02 
 2.682664e+01 -2.172834e-02 
 2.682704e+01 -2.238194e-02 
 2.682743e+01 -2.300888e-02 
 2.682783e+01 -2.360356e-02 
 2.682823e+01 -2.416414e-02 
 2.682863e+01 -2.471237e-02 
 2.682902e+01 -2.523258e-02 
 2.682942e+01 -2.573455e-02 
 2.682982e+01 -2.621235e-02 
 2.683022e+01 -2.664988e-02 
 2.683062e+01 -2.705541e-02 
 2.683101e+01 -2.743751e-02 
 2.683141e+01 -2.778757e-02 
 2.683181e+01 -2.810075e-02 
 2.683221e+01 -2.838664e-02 
 2.683260e+01 -2.864229e-02 
 2.683300e+01 -2.887298e-02 
 2.683340e+01 -2.907287e-02 
 2.683380e+01 -2.925716e-02 
 2.683419e+01 -2.940132e-02 
 2.683459e+01 -2.952328e-02 
 2.683499e+01 -2.961193e-02 
 2.683539e+01 -2.967710e-02 
 2.683579e+01 -2.971039e-02 
 2.683618e+01 -2.971908e-02 
 2.683658e+01 -2.969479e-02 
 2.683698e+01 -2.962800e-02 
 2.683738e+01 -2.954006e-02 
 2.683777e+01 -2.941185e-02 
 2.683817e+01 -2.926721e-02 
 2.683857e+01 -2.910475e-02 
 2.683897e+01 -2.891888e-02 
 2.683936e+01 -2.870107e-02 
 2.683976e+01 -2.845588e-02 
 2.684016e+01 -2.818173e-02 
 2.684056e+01 -2.785640e-02 
 2.684096e+01 -2.750306e-02 
 2.684135e+01 -2.711658e-02 
 2.684175e+01 -2.668284e-02 
 2.684215e+01 -2.622535e-02 
 2.684255e+01 -2.573100e-02 
 2.684294e+01 -2.519711e-02 
 2.684334e+01 -2.465379e-02 
 2.684374e+01 -2.408591e-02 
 2.684414e+01 -2.349165e-02 
 2.684453e+01 -2.285996e-02 
 2.684493e+01 -2.221371e-02 
 2.684533e+01 -2.152804e-02 
 2.684573e+01 -2.078930e-02 
 2.684613e+01 -2.004299e-02 
 2.684652e+01 -1.924224e-02 
 2.684692e+01 -1.840517e-02 
 2.684732e+01 -1.754458e-02 
 2.684772e+01 -1.666202e-02 
 2.684811e+01 -1.576420e-02 
 2.684851e+01 -1.485422e-02 
 2.684891e+01 -1.393126e-02 
 2.684931e+01 -1.296527e-02 
 2.684970e+01 -1.197319e-02 
 2.685010e+01 -1.096594e-02 
 2.685050e+01 -9.922306e-03 
 2.685090e+01 -8.867043e-03 
 2.685130e+01 -7.792016e-03 
 2.685169e+01 -6.696429e-03 
 2.685209e+01 -5.582698e-03 
 2.685249e+01 -4.475146e-03 
 2.685289e+01 -3.355649e-03 
 2.685328e+01 -2.228640e-03 
 2.685368e+01 -1.101631e-03 
 2.685408e+01  4.086564e-05 
 2.685448e+01  1.205431e-03 
 2.685487e+01  2.372095e-03 
 2.685527e+01  3.536858e-03 
 2.685567e+01  4.726440e-03 
 2.685607e+01  5.927772e-03 
 2.685647e+01  7.138510e-03 
 2.685686e+01  8.349443e-03 
 2.685726e+01  9.555157e-03 
 2.685766e+01  1.074758e-02 
 2.685806e+01  1.195684e-02 
 2.685845e+01  1.316376e-02 
 2.685885e+01  1.437609e-02 
 2.685925e+01  1.559295e-02 
 2.685965e+01  1.681797e-02 
 2.686004e+01  1.803932e-02 
 2.686044e+01  1.926297e-02 
 2.686084e+01  2.050697e-02 
 2.686124e+01  2.173146e-02 
 2.686164e+01  2.296289e-02 
 2.686203e+01  2.417599e-02 
 2.686243e+01  2.538237e-02 
 2.686283e+01  2.657730e-02 
 2.686323e+01  2.777302e-02 
 2.686362e+01  2.895428e-02 
 2.686402e+01  3.014001e-02 
 2.686442e+01  3.130921e-02 
 2.686482e+01  3.248039e-02 
 2.686521e+01  3.364908e-02 
 2.686561e+01  3.481804e-02 
 2.686601e+01  3.597710e-02 
 2.686641e+01  3.712274e-02 
 2.686681e+01  3.825701e-02 
 2.686720e+01  3.936434e-02 
 2.686760e+01  4.046317e-02 
 2.686800e+01  4.154613e-02 
 2.686840e+01  4.262290e-02 
 2.686879e+01  4.368621e-02 
 2.686919e+01  4.473362e-02 
 2.686959e+01  4.577563e-02 
 2.686999e+01  4.680423e-02 
 2.687038e+01  4.782246e-02 
 2.687078e+01  4.882569e-02 
 2.687118e+01  4.979853e-02 
 2.687158e+01  5.074844e-02 
 2.687198e+01  5.165996e-02 
 2.687237e+01  5.254970e-02 
 2.687277e+01  5.340988e-02 
 2.687317e+01  5.426173e-02 
 2.687357e+01  5.508556e-02 
 2.687396e+01  5.588803e-02 
 2.687436e+01  5.668052e-02 
 2.687476e+01  5.744543e-02 
 2.687516e+01  5.820574e-02 
 2.687555e+01  5.895057e-02 
 2.687595e+01  5.966581e-02 
 2.687635e+01  6.033727e-02 
 2.687675e+01  6.099338e-02 
 2.687715e+01  6.161019e-02 
 2.687754e+01  6.219895e-02 
 2.687794e+01  6.276649e-02 
 2.687834e+01  6.331718e-02 
 2.687874e+01  6.383679e-02 
 2.687913e+01  6.432216e-02 
 2.687953e+01  6.479888e-02 
 2.687993e+01  6.524662e-02 
 2.688033e+01  6.566165e-02 
 2.688072e+01  6.605315e-02 
 2.688112e+01  6.640764e-02 
 2.688152e+01  6.669987e-02 
 2.688192e+01  6.697509e-02 
 2.688232e+01  6.721536e-02 
 2.688271e+01  6.742615e-02 
 2.688311e+01  6.759950e-02 
 2.688351e+01  6.775041e-02 
 2.688391e+01  6.785690e-02 
 2.688430e+01  6.792810e-02 
 2.688470e+01  6.798214e-02 
 2.688510e+01  6.801562e-02 
 2.688550e+01  6.799972e-02 
 2.688589e+01  6.794624e-02 
 2.688629e+01  6.785874e-02 
 2.688669e+01  6.772177e-02 
 2.688709e+01  6.755024e-02 
 2.688749e+01  6.736742e-02 
 2.688788e+01  6.714137e-02 
 2.688828e+01  6.686423e-02 
 2.688868e+01  6.657830e-02 
 2.688908e+01  6.625225e-02 
 2.688947e+01  6.589168e-02 
 2.688987e+01  6.551686e-02 
 2.689027e+01  6.510581e-02 
 2.689067e+01  6.465275e-02 
 2.689106e+01  6.416051e-02 
 2.689146e+01  6.362989e-02 
 2.689186e+01  6.307587e-02 
 2.689226e+01  6.248441e-02 
 2.689266e+01  6.188058e-02 
 2.689305e+01  6.122957e-02 
 2.689345e+01  6.055076e-02 
 2.689385e+01  5.986086e-02 
 2.689425e+01  5.915742e-02 
 2.689464e+01  5.843558e-02 
 2.689504e+01  5.769811e-02 
 2.689544e+01  5.693054e-02 
 2.689584e+01  5.613853e-02 
 2.689623e+01  5.531996e-02 
 2.689663e+01  5.447987e-02 
 2.689703e+01  5.363099e-02 
 2.689743e+01  5.275281e-02 
 2.689783e+01  5.186494e-02 
 2.689822e+01  5.094834e-02 
 2.689862e+01  5.001545e-02 
 2.689902e+01  4.906840e-02 
 2.689942e+01  4.811160e-02 
 2.689981e+01  4.714644e-02 
 2.690021e+01  4.615114e-02 
 2.690061e+01  4.513089e-02 
 2.690101e+01  4.409761e-02 
 2.690140e+01  4.304126e-02 
 2.690180e+01  4.198219e-02 
 2.690220e+01  4.091764e-02 
 2.690260e+01  3.982795e-02 
 2.690300e+01  3.873112e-02 
 2.690339e+01  3.762118e-02 
 2.690379e+01  3.650389e-02 
 2.690419e+01  3.538846e-02 
 2.690459e+01  3.426873e-02 
 2.690498e+01  3.313315e-02 
 2.690538e+01  3.196569e-02 
 2.690578e+01  3.079215e-02 
 2.690618e+01  2.961317e-02 
 2.690657e+01  2.842115e-02 
 2.690697e+01  2.722079e-02 
 2.690737e+01  2.602274e-02 
 2.690777e+01  2.481169e-02 
 2.690817e+01  2.358508e-02 
 2.690856e+01  2.236465e-02 
 2.690896e+01  2.115172e-02 
 2.690936e+01  1.993534e-02 
 2.690976e+01  1.871925e-02 
 2.691015e+01  1.750015e-02 
 2.691055e+01  1.625977e-02 
 2.691095e+01  1.502899e-02 
 2.691135e+01  1.379778e-02 
 2.691174e+01  1.255893e-02 
 2.691214e+01  1.131342e-02 
 2.691254e+01  1.007717e-02 
 2.691294e+01  8.836691e-03 
 2.691334e+01  7.600180e-03 
 2.691373e+01  6.386841e-03 
 2.691413e+01  5.177011e-03 
 2.691453e+01  3.976850e-03 
 2.691493e+01  2.786252e-03 
 2.691532e+01  1.602263e-03 
 2.691572e+01  4.183534e-04 
 2.691612e+01 -7.504535e-04 
 2.691652e+01 -1.913097e-03 
 2.691692e+01 -3.058961e-03 
 2.691731e+01 -4.205264e-03 
 2.691771e+01 -5.336522e-03 
 2.691811e+01 -6.448645e-03 
 2.691851e+01 -7.527061e-03 
 2.691890e+01 -8.587345e-03 
 2.691930e+01 -9.633670e-03 
 2.691970e+01 -1.066031e-02 
 2.692010e+01 -1.166394e-02 
 2.692049e+01 -1.265804e-02 
 2.692089e+01 -1.362500e-02 
 2.692129e+01 -1.457584e-02 
 2.692169e+01 -1.549731e-02 
 2.692209e+01 -1.640673e-02 
 2.692248e+01 -1.728070e-02 
 2.692288e+01 -1.812187e-02 
 2.692328e+01 -1.892985e-02 
 2.692368e+01 -1.970195e-02 
 2.692407e+01 -2.045315e-02 
 2.692447e+01 -2.117925e-02 
 2.692487e+01 -2.187717e-02 
 2.692527e+01 -2.254535e-02 
 2.692566e+01 -2.318604e-02 
 2.692606e+01 -2.378913e-02 
 2.692646e+01 -2.437885e-02 
 2.692686e+01 -2.492454e-02 
 2.692726e+01 -2.545662e-02 
 2.692765e+01 -2.595301e-02 
 2.692805e+01 -2.640616e-02 
 2.692845e+01 -2.681776e-02 
 2.692885e+01 -2.721036e-02 
 2.692924e+01 -2.758262e-02 
 2.692964e+01 -2.791915e-02 
 2.693004e+01 -2.821803e-02 
 2.693044e+01 -2.848267e-02 
 2.693083e+01 -2.872331e-02 
 2.693123e+01 -2.893882e-02 
 2.693163e+01 -2.913953e-02 
 2.693203e+01 -2.929516e-02 
 2.693243e+01 -2.943530e-02 
 2.693282e+01 -2.953430e-02 
 2.693322e+01 -2.959852e-02 
 2.693362e+01 -2.964121e-02 
 2.693402e+01 -2.965241e-02 
 2.693441e+01 -2.963044e-02 
 2.693481e+01 -2.957288e-02 
 2.693521e+01 -2.948738e-02 
 2.693561e+01 -2.937410e-02 
 2.693600e+01 -2.923384e-02 
 2.693640e+01 -2.908338e-02 
 2.693680e+01 -2.890509e-02 
 2.693720e+01 -2.869355e-02 
 2.693760e+01 -2.843488e-02 
 2.693799e+01 -2.815600e-02 
 2.693839e+01 -2.784605e-02 
 2.693879e+01 -2.749696e-02 
 2.693919e+01 -2.712130e-02 
 2.693958e+01 -2.672269e-02 
 2.693998e+01 -2.629808e-02 
 2.694038e+01 -2.584410e-02 
 2.694078e+01 -2.537844e-02 
 2.694117e+01 -2.489457e-02 
 2.694157e+01 -2.437885e-02 
 2.694197e+01 -2.383213e-02 
 2.694237e+01 -2.325403e-02 
 2.694277e+01 -2.264255e-02 
 2.694316e+01 -2.200395e-02 
 2.694356e+01 -2.132973e-02 
 2.694396e+01 -2.061904e-02 
 2.694436e+01 -1.989972e-02 
 2.694475e+01 -1.914865e-02 
 2.694515e+01 -1.837798e-02 
 2.694555e+01 -1.758914e-02 
 2.694595e+01 -1.679043e-02 
 2.694634e+01 -1.596718e-02 
 2.694674e+01 -1.512488e-02 
 2.694714e+01 -1.424864e-02 
 2.694754e+01 -1.333590e-02 
 2.694794e+01 -1.240095e-02 
 2.694833e+01 -1.144523e-02 
 2.694873e+01 -1.046500e-02 
 2.694913e+01 -9.462256e-03 
 2.694953e+01 -8.444760e-03 
 2.694992e+01 -7.406711e-03 
 2.695032e+01 -6.361572e-03 
 2.695072e+01 -5.293877e-03 
 2.695112e+01 -4.215426e-03 
 2.695151e+01 -3.125311e-03 
 2.695191e+01 -2.007989e-03 
 2.695231e+01 -8.735191e-04 
 2.695271e+01  2.926593e-04 
 2.695311e+01  1.476491e-03 
 2.695350e+01  2.671742e-03 
 2.695390e+01  3.888045e-03 
 2.695430e+01  5.132188e-03 
 2.695470e+01  6.368333e-03 
 2.695509e+01  7.599047e-03 
 2.695549e+01  8.845092e-03 
 2.695589e+01  1.008247e-02 
 2.695629e+01  1.132810e-02 
 2.695668e+01  1.258155e-02 
 2.695708e+01  1.386107e-02 
 2.695748e+01  1.512451e-02 
 2.695788e+01  1.641080e-02 
 2.695828e+01  1.770081e-02 
 2.695867e+01  1.897762e-02 
 2.695907e+01  2.026922e-02 
 2.695947e+01  2.154087e-02 
 2.695987e+01  2.279201e-02 
 2.696026e+01  2.403084e-02 
 2.696066e+01  2.525640e-02 
 2.696106e+01  2.648330e-02 
 2.696146e+01  2.768667e-02 
 2.696185e+01  2.889948e-02 
 2.696225e+01  3.010858e-02 
 2.696265e+01  3.132048e-02 
 2.696305e+01  3.253087e-02 
 2.696345e+01  3.372100e-02 
 2.696384e+01  3.491198e-02 
 2.696424e+01  3.608883e-02 
 2.696464e+01  3.723079e-02 
 2.696504e+01  3.834782e-02 
 2.696543e+01  3.943527e-02 
 2.696583e+01  4.052364e-02 
 2.696623e+01  4.159471e-02 
 2.696663e+01  4.266129e-02 
 2.696702e+01  4.370668e-02 
 2.696742e+01  4.473342e-02 
 2.696782e+01  4.574660e-02 
 2.696822e+01  4.674097e-02 
 2.696862e+01  4.773207e-02 
 2.696901e+01  4.868572e-02 
 2.696941e+01  4.961810e-02 
 2.696981e+01  5.052744e-02 
 2.697021e+01  5.141717e-02 
 2.697060e+01  5.228690e-02 
 2.697100e+01  5.314837e-02 
 2.697140e+01  5.400104e-02 
 2.697180e+01  5.483205e-02 
 2.697219e+01  5.563896e-02 
 2.697259e+01  5.642578e-02 
 2.697299e+01  5.720724e-02 
 2.697339e+01  5.795689e-02 
 2.697379e+01  5.868304e-02 
 2.697418e+01  5.937618e-02 
 2.697458e+01  6.002872e-02 
 2.697498e+01  6.064731e-02 
 2.697538e+01  6.125201e-02 
 2.697577e+01  6.183355e-02 
 2.697617e+01  6.238895e-02 
 2.697657e+01  6.292523e-02 
 2.697697e+01  6.342792e-02 
 2.697736e+01  6.390049e-02 
 2.697776e+01  6.436347e-02 
 2.697816e+01  6.480666e-02 
 2.697856e+01  6.520588e-02 
 2.697896e+01  6.556417e-02 
 2.697935e+01  6.589619e-02 
 2.697975e+01  6.619447e-02 
 2.698015e+01  6.645876e-02 
 2.698055e+01  6.670864e-02 
 2.698094e+01  6.692231e-02 
 2.698134e+01  6.711480e-02 
 2.698174e+01  6.728281e-02 
 2.698214e+01  6.742844e-02 
 2.698253e+01  6.754583e-02 
 2.698293e+01  6.765693e-02 
 2.698333e+01  6.772339e-02 
 2.698373e+01  6.774437e-02 
 2.698413e+01  6.772767e-02 
 2.698452e+01  6.767228e-02 
 2.698492e+01  6.759446e-02 
 2.698532e+01  6.748325e-02 
 2.698572e+01  6.734624e-02 
 2.698611e+01  6.717120e-02 
 2.698651e+01  6.696548e-02 
 2.698691e+01  6.673178e-02 
 2.698731e+01  6.647284e-02 
 2.698770e+01  6.616666e-02 
 2.698810e+01  6.583412e-02 
 2.698850e+01  6.545513e-02 
 2.698890e+01  6.504020e-02 
 2.698930e+01  6.458293e-02 
 2.698969e+01  6.410783e-02 
 2.699009e+01  6.359811e-02 
 2.699049e+01  6.305843e-02 
 2.699089e+01  6.249729e-02 
 2.699128e+01  6.189507e-02 
 2.699168e+01  6.126937e-02 
 2.699208e+01  6.061107e-02 
 2.699248e+01  5.993576e-02 
 2.699287e+01  5.922043e-02 
 2.699327e+01  5.846834e-02 
 2.699367e+01  5.768686e-02 
 2.699407e+01  5.686457e-02 
 2.699447e+01  5.600798e-02 
 2.699486e+01  5.515045e-02 
 2.699526e+01  5.426835e-02 
 2.699566e+01  5.335834e-02 
 2.699606e+01  5.242419e-02 
 2.699645e+01  5.147308e-02 
 2.699685e+01  5.049060e-02 
 2.699725e+01  4.949820e-02 
 2.699765e+01  4.849624e-02 
 2.699804e+01  4.747430e-02 
 2.699844e+01  4.643022e-02 
 2.699884e+01  4.537118e-02 
 2.699924e+01  4.430751e-02 
 2.699964e+01  4.322135e-02 
 2.700003e+01  4.213167e-02 
 2.700043e+01  4.104093e-02 
 2.700083e+01  3.991861e-02 
 2.700123e+01  3.878651e-02 
 2.700162e+01  3.764793e-02 
 2.700202e+01  3.652112e-02 
 2.700242e+01  3.537833e-02 
 2.700282e+01  3.422193e-02 
 2.700321e+01  3.305906e-02 
 2.700361e+01  3.187477e-02 
 2.700401e+01  3.069634e-02 
 2.700441e+01  2.951494e-02 
 2.700481e+01  2.833499e-02 
 2.700520e+01  2.714036e-02 
 2.700560e+01  2.594084e-02 
 2.700600e+01  2.473423e-02 
 2.700640e+01  2.352741e-02 
 2.700679e+01  2.231375e-02 
 2.700719e+01  2.111407e-02 
 2.700759e+01  1.990982e-02 
 2.700799e+01  1.869457e-02 
 2.700839e+01  1.748927e-02 
 2.700878e+01  1.627642e-02 
 2.700918e+01  1.506467e-02 
 2.700958e+01  1.386061e-02 
 2.700998e+01  1.265690e-02 
 2.701037e+01  1.145496e-02 
 2.701077e+01  1.026048e-02 
 2.701117e+01  9.071188e-03 
 2.701157e+01  7.900071e-03 
 2.701196e+01  6.727889e-03 
 2.701236e+01  5.570100e-03 
 2.701276e+01  4.400023e-03 
 2.701316e+01  3.231845e-03 
 2.701356e+01  2.073907e-03 
 2.701395e+01  9.317286e-04 
 2.701435e+01 -2.003542e-04 
 2.701475e+01 -1.319911e-03 
 2.701515e+01 -2.436449e-03 
 2.701554e+01 -3.547375e-03 
 2.701594e+01 -4.639383e-03 
 2.701634e+01 -5.713960e-03 
 2.701674e+01 -6.770838e-03 
 2.701713e+01 -7.818715e-03 
 2.701753e+01 -8.838454e-03 
 2.701793e+01 -9.869527e-03 
 2.701833e+01 -1.087214e-02 
 2.701873e+01 -1.186562e-02 
 2.701912e+01 -1.283303e-02 
 2.701952e+01 -1.379608e-02 
 2.701992e+01 -1.472904e-02 
 2.702032e+01 -1.565320e-02 
 2.702071e+01 -1.655486e-02 
 2.702111e+01 -1.742123e-02 
 2.702151e+01 -1.826341e-02 
 2.702191e+01 -1.908936e-02 
 2.702230e+01 -1.989401e-02 
 2.702270e+01 -2.068053e-02 
 2.702310e+01 -2.143442e-02 
 2.702350e+01 -2.216624e-02 
 2.702390e+01 -2.286206e-02 
 2.702429e+01 -2.353229e-02 
 2.702469e+01 -2.418110e-02 
 2.702509e+01 -2.479969e-02 
 2.702549e+01 -2.539320e-02 
 2.702588e+01 -2.593368e-02 
 2.702628e+01 -2.644248e-02 
 2.702668e+01 -2.692284e-02 
 2.702708e+01 -2.736028e-02 
 2.702747e+01 -2.778167e-02 
 2.702787e+01 -2.816681e-02 
 2.702827e+01 -2.851459e-02 
 2.702867e+01 -2.884099e-02 
 2.702907e+01 -2.913152e-02 
 2.702946e+01 -2.939752e-02 
 2.702986e+01 -2.961190e-02 
 2.703026e+01 -2.980107e-02 
 2.703066e+01 -2.993141e-02 
 2.703105e+01 -3.002851e-02 
 2.703145e+01 -3.008404e-02 
 2.703185e+01 -3.011576e-02 
 2.703225e+01 -3.011460e-02 
 2.703264e+01 -3.007461e-02 
 2.703304e+01 -3.000569e-02 
 2.703344e+01 -2.990911e-02 
 2.703384e+01 -2.978308e-02 
 2.703424e+01 -2.962475e-02 
 2.703463e+01 -2.945519e-02 
 2.703503e+01 -2.922853e-02 
 2.703543e+01 -2.898055e-02 
 2.703583e+01 -2.870185e-02 
 2.703622e+01 -2.838945e-02 
 2.703662e+01 -2.803529e-02 
 2.703702e+01 -2.767057e-02 
 2.703742e+01 -2.727483e-02 
 2.703781e+01 -2.684432e-02 
 2.703821e+01 -2.638984e-02 
 2.703861e+01 -2.591802e-02 
 2.703901e+01 -2.541569e-02 
 2.703941e+01 -2.487609e-02 
 2.703980e+01 -2.432120e-02 
 2.704020e+01 -2.373446e-02 
 2.704060e+01 -2.311477e-02 
 2.704100e+01 -2.248017e-02 
 2.704139e+01 -2.182207e-02 
 2.704179e+01 -2.114474e-02 
 2.704219e+01 -2.044190e-02 
 2.704259e+01 -1.972211e-02 
 2.704298e+01 -1.897912e-02 
 2.704338e+01 -1.820436e-02 
 2.704378e+01 -1.742782e-02 
 2.704418e+01 -1.662447e-02 
 2.704458e+01 -1.580008e-02 
 2.704497e+01 -1.495877e-02 
 2.704537e+01 -1.408241e-02 
 2.704577e+01 -1.318741e-02 
 2.704617e+01 -1.227517e-02 
 2.704656e+01 -1.134032e-02 
 2.704696e+01 -1.038272e-02 
 2.704736e+01 -9.405074e-03 
 2.704776e+01 -8.429284e-03 
 2.704815e+01 -7.424022e-03 
 2.704855e+01 -6.420406e-03 
 2.704895e+01 -5.397504e-03 
 2.704935e+01 -4.349521e-03 
 2.704975e+01 -3.280102e-03 
 2.705014e+01 -2.190104e-03 
 2.705054e+01 -1.077278e-03 
 2.705094e+01  4.149357e-05 
 2.705134e+01  1.175983e-03 
 2.705173e+01  2.331833e-03 
 2.705213e+01  3.499352e-03 
 2.705253e+01  4.663533e-03 
 2.705293e+01  5.843369e-03 
 2.705332e+01  7.016816e-03 
 2.705372e+01  8.194625e-03 
 2.705412e+01  9.398815e-03 
 2.705452e+01  1.061160e-02 
 2.705492e+01  1.183714e-02 
 2.705531e+01  1.307495e-02 
 2.705571e+01  1.432218e-02 
 2.705611e+01  1.557023e-02 
 2.705651e+01  1.682656e-02 
 2.705690e+01  1.807827e-02 
 2.705730e+01  1.933356e-02 
 2.705770e+01  2.058179e-02 
 2.705810e+01  2.183615e-02 
 2.705849e+01  2.308087e-02 
 2.705889e+01  2.435068e-02 
 2.705929e+01  2.562427e-02 
 2.705969e+01  2.689875e-02 
 2.706009e+01  2.816719e-02 
 2.706048e+01  2.944145e-02 
 2.706088e+01  3.068352e-02 
 2.706128e+01  3.191359e-02 
 2.706168e+01  3.315350e-02 
 2.706207e+01  3.436385e-02 
 2.706247e+01  3.556257e-02 
 2.706287e+01  3.674071e-02 
 2.706327e+01  3.790640e-02 
 2.706366e+01  3.904970e-02 
 2.706406e+01  4.020343e-02 
 2.706446e+01  4.134117e-02 
 2.706486e+01  4.246168e-02 
 2.706526e+01  4.356003e-02 
 2.706565e+01  4.464714e-02 
 2.706605e+01  4.571726e-02 
 2.706645e+01  4.676067e-02 
 2.706685e+01  4.778240e-02 
 2.706724e+01  4.878142e-02 
 2.706764e+01  4.975190e-02 
 2.706804e+01  5.070059e-02 
 2.706844e+01  5.162436e-02 
 2.706883e+01  5.253459e-02 
 2.706923e+01  5.342917e-02 
 2.706963e+01  5.429556e-02 
 2.707003e+01  5.512874e-02 
 2.707043e+01  5.594598e-02 
 2.707082e+01  5.672448e-02 
 2.707122e+01  5.748625e-02 
 2.707162e+01  5.821790e-02 
 2.707202e+01  5.890925e-02 
 2.707241e+01  5.956929e-02 
 2.707281e+01  6.019808e-02 
 2.707321e+01  6.080061e-02 
 2.707361e+01  6.138412e-02 
 2.707400e+01  6.194871e-02 
 2.707440e+01  6.249221e-02 
 2.707480e+01  6.300374e-02 
 2.707520e+01  6.348313e-02 
 2.707560e+01  6.394564e-02 
 2.707599e+01  6.437805e-02 
 2.707639e+01  6.477585e-02 
 2.707679e+01  6.513911e-02 
 2.707719e+01  6.547269e-02 
 2.707758e+01  6.576708e-02 
 2.707798e+01  6.605412e-02 
 2.707838e+01  6.632682e-02 
 2.707878e+01  6.656600e-02 
 2.707917e+01  6.678118e-02 
 2.707957e+01  6.696794e-02 
 2.707997e+01  6.711550e-02 
 2.708037e+01  6.722828e-02 
 2.708077e+01  6.732013e-02 
 2.708116e+01  6.737883e-02 
 2.708156e+01  6.739107e-02 
 2.708196e+01  6.736177e-02 
 2.708236e+01  6.731312e-02 
 2.708275e+01  6.724254e-02 
 2.708315e+01  6.714746e-02 
 2.708355e+01  6.703765e-02 
 2.708395e+01  6.689434e-02 
 2.708434e+01  6.672152e-02 
 2.708474e+01  6.651978e-02 
 2.708514e+01  6.629819e-02 
 2.708554e+01  6.603738e-02 
 2.708594e+01  6.575039e-02 
 2.708633e+01  6.543112e-02 
 2.708673e+01  6.507648e-02 
 2.708713e+01  6.469631e-02 
 2.708753e+01  6.429068e-02 
 2.708792e+01  6.387486e-02 
 2.708832e+01  6.342912e-02 
 2.708872e+01  6.295079e-02 
 2.708912e+01  6.244337e-02 
 2.708951e+01  6.189979e-02 
 2.708991e+01  6.133290e-02 
 2.709031e+01  6.073514e-02 
 2.709071e+01  6.010483e-02 
 2.709111e+01  5.944491e-02 
 2.709150e+01  5.874329e-02 
 2.709190e+01  5.801512e-02 
 2.709230e+01  5.725769e-02 
 2.709270e+01  5.648949e-02 
 2.709309e+01  5.568946e-02 
 2.709349e+01  5.488267e-02 
 2.709389e+01  5.403481e-02 
 2.709429e+01  5.316177e-02 
 2.709468e+01  5.227194e-02 
 2.709508e+01  5.135062e-02 
 2.709548e+01  5.039878e-02 
 2.709588e+01  4.941974e-02 
 2.709628e+01  4.839988e-02 
 2.709667e+01  4.735467e-02 
 2.709707e+01  4.629626e-02 
 2.709747e+01  4.521926e-02 
 2.709787e+01  4.412851e-02 
 2.709826e+01  4.302643e-02 
 2.709866e+01  4.190454e-02 
 2.709906e+01  4.074974e-02 
 2.709946e+01  3.959114e-02 
 2.709986e+01  3.842405e-02 
 2.710025e+01  3.723898e-02 
 2.710065e+01  3.602968e-02 
 2.710105e+01  3.480324e-02 
 2.710145e+01  3.355733e-02 
 2.710184e+01  3.230653e-02 
 2.710224e+01  3.106517e-02 
 2.710264e+01  2.981613e-02 
 2.710304e+01  2.855955e-02 
 2.710343e+01  2.731611e-02 
 2.710383e+01  2.605123e-02 
 2.710423e+01  2.479128e-02 
 2.710463e+01  2.353433e-02 
 2.710503e+01  2.228769e-02 
 2.710542e+01  2.103761e-02 
 2.710582e+01  1.978170e-02 
 2.710622e+01  1.854091e-02 
 2.710662e+01  1.729711e-02 
 2.710701e+01  1.607383e-02 
 2.710741e+01  1.486711e-02 
 2.710781e+01  1.365536e-02 
 2.710821e+01  1.245091e-02 
 2.710860e+01  1.124638e-02 
 2.710900e+01  1.005714e-02 
 2.710940e+01  8.870080e-03 
 2.710980e+01  7.707130e-03 
 2.711020e+01  6.545521e-03 
 2.711059e+01  5.393594e-03 
 2.711099e+01  4.235813e-03 
 2.711139e+01  3.102823e-03 
 2.711179e+01  1.976241e-03 
 2.711218e+01  8.729146e-04 
 2.711258e+01 -2.249405e-04 
 2.711298e+01 -1.317501e-03 
 2.711338e+01 -2.395791e-03 
 2.711377e+01 -3.456244e-03 
 2.711417e+01 -4.508180e-03 
 2.711457e+01 -5.542155e-03 
 2.711497e+01 -6.557056e-03 
 2.711537e+01 -7.570255e-03 
 2.711576e+01 -8.569925e-03 
 2.711616e+01 -9.564226e-03 
 2.711656e+01 -1.053810e-02 
 2.711696e+01 -1.151052e-02 
 2.711735e+01 -1.244523e-02 
 2.711775e+01 -1.337616e-02 
 2.711815e+01 -1.429947e-02 
 2.711855e+01 -1.519404e-02 
 2.711894e+01 -1.605793e-02 
 2.711934e+01 -1.690261e-02 
 2.711974e+01 -1.772387e-02 
 2.712014e+01 -1.852266e-02 
 2.712054e+01 -1.931402e-02 
 2.712093e+01 -2.008140e-02 
 2.712133e+01 -2.082435e-02 
 2.712173e+01 -2.153897e-02 
 2.712213e+01 -2.223523e-02 
 2.712252e+01 -2.290046e-02 
 2.712292e+01 -2.355206e-02 
 2.712332e+01 -2.417196e-02 
 2.712372e+01 -2.475782e-02 
 2.712411e+01 -2.530871e-02 
 2.712451e+01 -2.582668e-02 
 2.712491e+01 -2.633253e-02 
 2.712531e+01 -2.681058e-02 
 2.712571e+01 -2.725905e-02 
 2.712610e+01 -2.767645e-02 
 2.712650e+01 -2.806208e-02 
 2.712690e+01 -2.841644e-02 
 2.712730e+01 -2.874025e-02 
 2.712769e+01 -2.903229e-02 
 2.712809e+01 -2.929567e-02 
 2.712849e+01 -2.951625e-02 
 2.712889e+01 -2.970537e-02 
 2.712928e+01 -2.986516e-02 
 2.712968e+01 -2.999567e-02 
 2.713008e+01 -3.010576e-02 
 2.713048e+01 -3.018062e-02 
 2.713088e+01 -3.022236e-02 
 2.713127e+01 -3.023393e-02 
 2.713167e+01 -3.021542e-02 
 2.713207e+01 -3.015571e-02 
 2.713247e+01 -3.006041e-02 
 2.713286e+01 -2.992918e-02 
 2.713326e+01 -2.975980e-02 
 2.713366e+01 -2.954763e-02 
 2.713406e+01 -2.929432e-02 
 2.713445e+01 -2.901948e-02 
 2.713485e+01 -2.869588e-02 
 2.713525e+01 -2.835024e-02 
 2.713565e+01 -2.797656e-02 
 2.713605e+01 -2.756766e-02 
 2.713644e+01 -2.711550e-02 
 2.713684e+01 -2.664517e-02 
 2.713724e+01 -2.613577e-02 
 2.713764e+01 -2.558493e-02 
 2.713803e+01 -2.501144e-02 
 2.713843e+01 -2.438986e-02 
 2.713883e+01 -2.373642e-02 
 2.713923e+01 -2.306409e-02 
 2.713962e+01 -2.236085e-02 
 2.714002e+01 -2.162202e-02 
 2.714042e+01 -2.087694e-02 
 2.714082e+01 -2.011265e-02 
 2.714122e+01 -1.930492e-02 
 2.714161e+01 -1.848764e-02 
 2.714201e+01 -1.766922e-02 
 2.714241e+01 -1.679756e-02 
 2.714281e+01 -1.590528e-02 
 2.714320e+01 -1.499893e-02 
 2.714360e+01 -1.406229e-02 
 2.714400e+01 -1.310960e-02 
 2.714440e+01 -1.215148e-02 
 2.714479e+01 -1.117972e-02 
 2.714519e+01 -1.018507e-02 
 2.714559e+01 -9.181291e-03 
 2.714599e+01 -8.187545e-03 
 2.714639e+01 -7.166532e-03 
 2.714678e+01 -6.141714e-03 
 2.714718e+01 -5.102200e-03 
 2.714758e+01 -4.045356e-03 
 2.714798e+01 -2.960224e-03 
 2.714837e+01 -1.881364e-03 
 2.714877e+01 -7.999809e-04 
 2.714917e+01  2.895373e-04 
 2.714957e+01  1.392660e-03 
 2.714996e+01  2.500471e-03 
 2.715036e+01  3.619149e-03 
 2.715076e+01  4.739528e-03 
 2.715116e+01  5.857010e-03 
 2.715156e+01  6.996095e-03 
 2.715195e+01  8.148054e-03 
 2.715235e+01  9.317200e-03 
 2.715275e+01  1.049380e-02 
 2.715315e+01  1.169004e-02 
 2.715354e+01  1.289232e-02 
 2.715394e+01  1.408937e-02 
 2.715434e+01  1.529702e-02 
 2.715474e+01  1.651972e-02 
 2.715513e+01  1.773391e-02 
 2.715553e+01  1.894936e-02 
 2.715593e+01  2.016367e-02 
 2.715633e+01  2.138108e-02 
 2.715673e+01  2.260187e-02 
 2.715712e+01  2.383205e-02 
 2.715752e+01  2.507084e-02 
 2.715792e+01  2.629789e-02 
 2.715832e+01  2.751530e-02 
 2.715871e+01  2.873921e-02 
 2.715911e+01  2.995471e-02 
 2.715951e+01  3.116299e-02 
 2.715991e+01  3.236685e-02 
 2.716030e+01  3.356913e-02 
 2.716070e+01  3.474662e-02 
 2.716110e+01  3.592137e-02 
 2.716150e+01  3.709556e-02 
 2.716190e+01  3.826728e-02 
 2.716229e+01  3.943380e-02 
 2.716269e+01  4.059491e-02 
 2.716309e+01  4.174063e-02 
 2.716349e+01  4.287516e-02 
 2.716388e+01  4.398872e-02 
 2.716428e+01  4.507316e-02 
 2.716468e+01  4.614336e-02 
 2.716508e+01  4.718821e-02 
 2.716547e+01  4.821181e-02 
 2.716587e+01  4.921797e-02 
 2.716627e+01  5.019865e-02 
 2.716667e+01  5.117721e-02 
 2.716707e+01  5.213730e-02 
 2.716746e+01  5.307440e-02 
 2.716786e+01  5.398977e-02 
 2.716826e+01  5.486800e-02 
 2.716866e+01  5.572565e-02 
 2.716905e+01  5.654239e-02 
 2.716945e+01  5.734711e-02 
 2.716985e+01  5.810528e-02 
 2.717025e+01  5.883907e-02 
 2.717064e+01  5.954371e-02 
 2.717104e+01  6.022171e-02 
 2.717144e+01  6.088588e-02 
 2.717184e+01  6.153062e-02 
 2.717224e+01  6.215154e-02 
 2.717263e+01  6.273588e-02 
 2.717303e+01  6.328754e-02 
 2.717343e+01  6.380237e-02 
 2.717383e+01  6.428024e-02 
 2.717422e+01  6.473800e-02 
 2.717462e+01  6.515532e-02 
 2.717502e+01  6.552009e-02 
 2.717542e+01  6.587412e-02 
 2.717581e+01  6.620097e-02 
 2.717621e+01  6.648019e-02 
 2.717661e+01  6.674038e-02 
 2.717701e+01  6.696752e-02 
 2.717741e+01  6.714644e-02 
 2.717780e+01  6.729670e-02 
 2.717820e+01  6.741068e-02 
 2.717860e+01  6.749814e-02 
 2.717900e+01  6.755700e-02 
 2.717939e+01  6.758604e-02 
 2.717979e+01  6.757552e-02 
 2.718019e+01  6.753071e-02 
 2.718059e+01  6.746707e-02 
 2.718098e+01  6.738395e-02 
 2.718138e+01  6.727170e-02 
 2.718178e+01  6.713501e-02 
 2.718218e+01  6.696699e-02 
 2.718258e+01  6.676709e-02 
 2.718297e+01  6.653860e-02 
 2.718337e+01  6.628315e-02 
 2.718377e+01  6.600329e-02 
 2.718417e+01  6.568469e-02 
 2.718456e+01  6.533124e-02 
 2.718496e+01  6.494080e-02 
 2.718536e+01  6.452396e-02 
 2.718576e+01  6.409318e-02 
 2.718615e+01  6.363633e-02 
 2.718655e+01  6.314886e-02 
 2.718695e+01  6.263686e-02 
 2.718735e+01  6.209132e-02 
 2.718775e+01  6.152760e-02 
 2.718814e+01  6.095665e-02 
 2.718854e+01  6.034725e-02 
 2.718894e+01  5.971813e-02 
 2.718934e+01  5.905625e-02 
 2.718973e+01  5.836351e-02 
 2.719013e+01  5.764885e-02 
 2.719053e+01  5.691839e-02 
 2.719093e+01  5.618382e-02 
 2.719133e+01  5.542080e-02 
 2.719172e+01  5.462474e-02 
 2.719212e+01  5.379976e-02 
 2.719252e+01  5.295350e-02 
 2.719292e+01  5.210019e-02 
 2.719331e+01  5.121145e-02 
 2.719371e+01  5.030557e-02 
 2.719411e+01  4.937781e-02 
 2.719451e+01  4.841994e-02 
 2.719490e+01  4.745344e-02 
 2.719530e+01  4.648018e-02 
 2.719570e+01  4.547848e-02 
 2.719610e+01  4.446249e-02 
 2.719650e+01  4.341417e-02 
 2.719689e+01  4.234733e-02 
 2.719729e+01  4.124388e-02 
 2.719769e+01  4.015073e-02 
 2.719809e+01  3.903957e-02 
 2.719848e+01  3.790427e-02 
 2.719888e+01  3.675157e-02 
 2.719928e+01  3.558301e-02 
 2.719968e+01  3.441222e-02 
 2.720007e+01  3.321926e-02 
 2.720047e+01  3.203521e-02 
 2.720087e+01  3.082257e-02 
 2.720127e+01  2.960285e-02 
 2.720167e+01  2.836556e-02 
 2.720206e+01  2.712551e-02 
 2.720246e+01  2.586437e-02 
 2.720286e+01  2.461275e-02 
 2.720326e+01  2.335375e-02 
 2.720365e+01  2.208004e-02 
 2.720405e+01  2.079420e-02 
 2.720445e+01  1.952349e-02 
 2.720485e+01  1.824225e-02 
 2.720524e+01  1.695626e-02 
 2.720564e+01  1.567633e-02 
 2.720604e+01  1.438403e-02 
 2.720644e+01  1.309510e-02 
 2.720684e+01  1.181735e-02 
 2.720723e+01  1.055182e-02 
 2.720763e+01  9.295898e-03 
 2.720803e+01  8.057747e-03 
 2.720843e+01  6.814349e-03 
 2.720882e+01  5.579727e-03 
 2.720922e+01  4.354566e-03 
 2.720962e+01  3.153334e-03 
 2.721002e+01  1.960062e-03 
 2.721041e+01  7.879522e-04 
 2.721081e+01 -3.717747e-04 
 2.721121e+01 -1.518944e-03 
 2.721161e+01 -2.649614e-03 
 2.721201e+01 -3.753600e-03 
 2.721240e+01 -4.845190e-03 
 2.721280e+01 -5.910319e-03 
 2.721320e+01 -6.955172e-03 
 2.721360e+01 -7.978185e-03 
 2.721399e+01 -8.980836e-03 
 2.721439e+01 -9.976403e-03 
 2.721479e+01 -1.092454e-02 
 2.721519e+01 -1.185741e-02 
 2.721558e+01 -1.278842e-02 
 2.721598e+01 -1.368885e-02 
 2.721638e+01 -1.457042e-02 
 2.721678e+01 -1.543158e-02 
 2.721718e+01 -1.625346e-02 
 2.721757e+01 -1.704419e-02 
 2.721797e+01 -1.783086e-02 
 2.721837e+01 -1.859600e-02 
 2.721877e+01 -1.932888e-02 
 2.721916e+01 -2.004832e-02 
 2.721956e+01 -2.073955e-02 
 2.721996e+01 -2.138879e-02 
 2.722036e+01 -2.203784e-02 
 2.722075e+01 -2.266446e-02 
 2.722115e+01 -2.326939e-02 
 2.722155e+01 -2.384344e-02 
 2.722195e+01 -2.438707e-02 
 2.722235e+01 -2.490442e-02 
 2.722274e+01 -2.538316e-02 
 2.722314e+01 -2.585980e-02 
 2.722354e+01 -2.629819e-02 
 2.722394e+01 -2.671692e-02 
 2.722433e+01 -2.711125e-02 
 2.722473e+01 -2.749069e-02 
 2.722513e+01 -2.784298e-02 
 2.722553e+01 -2.817376e-02 
 2.722592e+01 -2.847523e-02 
 2.722632e+01 -2.874395e-02 
 2.722672e+01 -2.897125e-02 
 2.722712e+01 -2.916056e-02 
 2.722752e+01 -2.933610e-02 
 2.722791e+01 -2.948024e-02 
 2.722831e+01 -2.960567e-02 
 2.722871e+01 -2.968845e-02 
 2.722911e+01 -2.974178e-02 
 2.722950e+01 -2.976978e-02 
 2.722990e+01 -2.976139e-02 
 2.723030e+01 -2.972934e-02 
 2.723070e+01 -2.965490e-02 
 2.723109e+01 -2.955545e-02 
 2.723149e+01 -2.941559e-02 
 2.723189e+01 -2.924586e-02 
 2.723229e+01 -2.903574e-02 
 2.723269e+01 -2.881766e-02 
 2.723308e+01 -2.855668e-02 
 2.723348e+01 -2.826782e-02 
 2.723388e+01 -2.793984e-02 
 2.723428e+01 -2.758777e-02 
 2.723467e+01 -2.720285e-02 
 2.723507e+01 -2.678724e-02 
 2.723547e+01 -2.633693e-02 
 2.723587e+01 -2.584155e-02 
 2.723626e+01 -2.531479e-02 
 2.723666e+01 -2.476850e-02 
 2.723706e+01 -2.418156e-02 
 2.723746e+01 -2.357883e-02 
 2.723786e+01 -2.295570e-02 
 2.723825e+01 -2.229316e-02 
 2.723865e+01 -2.158884e-02 
 2.723905e+01 -2.086940e-02 
 2.723945e+01 -2.011906e-02 
 2.723984e+01 -1.932612e-02 
 2.724024e+01 -1.851780e-02 
 2.724064e+01 -1.767979e-02 
 2.724104e+01 -1.679567e-02 
 2.724143e+01 -1.590168e-02 
 2.724183e+01 -1.499116e-02 
 2.724223e+01 -1.404378e-02 
 2.724263e+01 -1.307988e-02 
 2.724303e+01 -1.209679e-02 
 2.724342e+01 -1.108998e-02 
 2.724382e+01 -1.005946e-02 
 2.724422e+01 -9.031619e-03 
 2.724462e+01 -7.972662e-03 
 2.724501e+01 -6.895629e-03 
 2.724541e+01 -5.797191e-03 
 2.724581e+01 -4.680321e-03 
 2.724621e+01 -3.538318e-03 
 2.724660e+01 -2.405525e-03 
 2.724700e+01 -1.252701e-03 
 2.724740e+01 -9.326709e-05 
 2.724780e+01  1.093379e-03 
 2.724820e+01  2.274436e-03 
 2.724859e+01  3.466832e-03 
 2.724899e+01  4.678486e-03 
 2.724939e+01  5.887262e-03 
 2.724979e+01  7.110320e-03 
 2.725018e+01  8.337659e-03 
 2.725058e+01  9.567864e-03 
 2.725098e+01  1.080696e-02 
 2.725138e+01  1.203492e-02 
 2.725177e+01  1.326101e-02 
 2.725217e+01  1.447926e-02 
 2.725257e+01  1.569501e-02 
 2.725297e+01  1.690781e-02 
 2.725337e+01  1.810431e-02 
 2.725376e+01  1.929270e-02 
 2.725416e+01  2.047965e-02 
 2.725456e+01  2.167175e-02 
 2.725496e+01  2.286523e-02 
 2.725535e+01  2.405901e-02 
 2.725575e+01  2.525696e-02 
 2.725615e+01  2.643856e-02 
 2.725655e+01  2.761183e-02 
 2.725694e+01  2.878302e-02 
 2.725734e+01  2.994720e-02 
 2.725774e+01  3.109585e-02 
 2.725814e+01  3.224904e-02 
 2.725854e+01  3.338604e-02 
 2.725893e+01  3.451612e-02 
 2.725933e+01  3.564086e-02 
 2.725973e+01  3.677062e-02 
 2.726013e+01  3.787888e-02 
 2.726052e+01  3.898598e-02 
 2.726092e+01  4.008659e-02 
 2.726132e+01  4.116647e-02 
 2.726172e+01  4.223557e-02 
 2.726211e+01  4.330156e-02 
 2.726251e+01  4.434811e-02 
 2.726291e+01  4.537348e-02 
 2.726331e+01  4.639861e-02 
 2.726371e+01  4.740002e-02 
 2.726410e+01  4.839069e-02 
 2.726450e+01  4.937684e-02 
 2.726490e+01  5.036259e-02 
 2.726530e+01  5.131369e-02 
 2.726569e+01  5.224471e-02 
 2.726609e+01  5.315673e-02 
 2.726649e+01  5.404884e-02 
 2.726689e+01  5.491927e-02 
 2.726728e+01  5.578015e-02 
 2.726768e+01  5.661617e-02 
 2.726808e+01  5.742452e-02 
 2.726848e+01  5.820439e-02 
 2.726888e+01  5.897414e-02 
 2.726927e+01  5.971184e-02 
 2.726967e+01  6.042991e-02 
 2.727007e+01  6.112117e-02 
 2.727047e+01  6.176854e-02 
 2.727086e+01  6.238120e-02 
 2.727126e+01  6.296620e-02 
 2.727166e+01  6.352650e-02 
 2.727206e+01  6.404437e-02 
 2.727245e+01  6.453251e-02 
 2.727285e+01  6.497446e-02 
 2.727325e+01  6.538708e-02 
 2.727365e+01  6.577067e-02 
 2.727405e+01  6.614729e-02 
 2.727444e+01  6.647911e-02 
 2.727484e+01  6.678880e-02 
 2.727524e+01  6.705847e-02 
 2.727564e+01  6.729035e-02 
 2.727603e+01  6.748088e-02 
 2.727643e+01  6.765724e-02 
 2.727683e+01  6.779915e-02 
 2.727723e+01  6.790336e-02 
 2.727762e+01  6.797212e-02 
 2.727802e+01  6.800701e-02 
 2.727842e+01  6.800448e-02 
 2.727882e+01  6.797957e-02 
 2.727922e+01  6.793271e-02 
 2.727961e+01  6.783797e-02 
 2.728001e+01  6.771166e-02 
 2.728041e+01  6.754407e-02 
 2.728081e+01  6.733891e-02 
 2.728120e+01  6.708961e-02 
 2.728160e+01  6.682654e-02 
 2.728200e+01  6.652310e-02 
 2.728240e+01  6.617009e-02 
 2.728280e+01  6.579928e-02 
 2.728319e+01  6.540287e-02 
 2.728359e+01  6.497404e-02 
 2.728399e+01  6.452723e-02 
 2.728439e+01  6.405891e-02 
 2.728478e+01  6.354546e-02 
 2.728518e+01  6.299798e-02 
 2.728558e+01  6.242516e-02 
 2.728598e+01  6.182255e-02 
 2.728637e+01  6.118905e-02 
 2.728677e+01  6.054908e-02 
 2.728717e+01  5.987743e-02 
 2.728757e+01  5.917091e-02 
 2.728797e+01  5.845003e-02 
 2.728836e+01  5.771122e-02 
 2.728876e+01  5.695366e-02 
 2.728916e+01  5.617265e-02 
 2.728956e+01  5.537286e-02 
 2.728995e+01  5.453612e-02 
 2.729035e+01  5.367846e-02 
 2.729075e+01  5.280899e-02 
 2.729115e+01  5.193322e-02 
 2.729154e+01  5.102630e-02 
 2.729194e+01  5.009989e-02 
 2.729234e+01  4.915987e-02 
 2.729274e+01  4.819751e-02 
 2.729314e+01  4.722952e-02 
 2.729353e+01  4.624812e-02 
 2.729393e+01  4.525778e-02 
 2.729433e+01  4.424503e-02 
 2.729473e+01  4.320928e-02 
 2.729512e+01  4.216379e-02 
 2.729552e+01  4.111036e-02 
 2.729592e+01  4.005443e-02 
 2.729632e+01  3.897754e-02 
 2.729671e+01  3.788638e-02 
 2.729711e+01  3.677490e-02 
 2.729751e+01  3.565304e-02 
 2.729791e+01  3.451831e-02 
 2.729831e+01  3.338194e-02 
 2.729870e+01  3.222567e-02 
 2.729910e+01  3.105523e-02 
 2.729950e+01  2.986523e-02 
 2.729990e+01  2.867239e-02 
 2.730029e+01  2.747195e-02 
 2.730069e+01  2.626770e-02 
 2.730109e+01  2.504977e-02 
 2.730149e+01  2.381427e-02 
 2.730188e+01  2.257042e-02 
 2.730228e+01  2.132443e-02 
 2.730268e+01  2.008899e-02 
 2.730308e+01  1.885845e-02 
 2.730348e+01  1.761554e-02 
 2.730387e+01  1.637475e-02 
 2.730427e+01  1.513088e-02 
 2.730467e+01  1.387895e-02 
 2.730507e+01  1.264075e-02 
 2.730546e+01  1.139944e-02 
 2.730586e+01  1.015922e-02 
 2.730626e+01  8.926854e-03 
 2.730666e+01  7.697330e-03 
 2.730705e+01  6.468715e-03 
 2.730745e+01  5.256010e-03 
 2.730785e+01  4.055916e-03 
 2.730825e+01  2.864406e-03 
 2.730865e+01  1.667892e-03 
 2.730904e+01  4.906350e-04 
 2.730944e+01 -6.796228e-04 
 2.730984e+01 -1.835530e-03 
 2.731024e+01 -2.978481e-03 
 2.731063e+01 -4.100342e-03 
 2.731103e+01 -5.216975e-03 
 2.731143e+01 -6.315340e-03 
 2.731183e+01 -7.400149e-03 
 2.731222e+01 -8.463163e-03 
 2.731262e+01 -9.513562e-03 
 2.731302e+01 -1.054157e-02 
 2.731342e+01 -1.154616e-02 
 2.731382e+01 -1.255509e-02 
 2.731421e+01 -1.353601e-02 
 2.731461e+01 -1.448276e-02 
 2.731501e+01 -1.539923e-02 
 2.731541e+01 -1.629507e-02 
 2.731580e+01 -1.715212e-02 
 2.731620e+01 -1.800341e-02 
 2.731660e+01 -1.882876e-02 
 2.731700e+01 -1.962270e-02 
 2.731739e+01 -2.038419e-02 
 2.731779e+01 -2.111622e-02 
 2.731819e+01 -2.182133e-02 
 2.731859e+01 -2.249866e-02 
 2.731899e+01 -2.314901e-02 
 2.731938e+01 -2.375222e-02 
 2.731978e+01 -2.431891e-02 
 2.732018e+01 -2.485877e-02 
 2.732058e+01 -2.538548e-02 
 2.732097e+01 -2.587661e-02 
 2.732137e+01 -2.634822e-02 
 2.732177e+01 -2.678755e-02 
 2.732217e+01 -2.718271e-02 
 2.732256e+01 -2.756015e-02 
 2.732296e+01 -2.789404e-02 
 2.732336e+01 -2.819584e-02 
 2.732376e+01 -2.845481e-02 
 2.732416e+01 -2.869120e-02 
 2.732455e+01 -2.887656e-02 
 2.732495e+01 -2.902862e-02 
 2.732535e+01 -2.916657e-02 
 2.732575e+01 -2.929111e-02 
 2.732614e+01 -2.938152e-02 
 2.732654e+01 -2.945684e-02 
 2.732694e+01 -2.950435e-02 
 2.732734e+01 -2.951032e-02 
 2.732773e+01 -2.950210e-02 
 2.732813e+01 -2.946637e-02 
 2.732853e+01 -2.939310e-02 
 2.732893e+01 -2.928682e-02 
 2.732933e+01 -2.915891e-02 
 2.732972e+01 -2.899976e-02 
 2.733012e+01 -2.881063e-02 
 2.733052e+01 -2.860179e-02 
 2.733092e+01 -2.838335e-02 
 2.733131e+01 -2.812576e-02 
 2.733171e+01 -2.785178e-02 
 2.733211e+01 -2.754412e-02 
 2.733251e+01 -2.721111e-02 
 2.733290e+01 -2.684992e-02 
 2.733330e+01 -2.645708e-02 
 2.733370e+01 -2.603463e-02 
 2.733410e+01 -2.556484e-02 
 2.733450e+01 -2.506995e-02 
 2.733489e+01 -2.455159e-02 
 2.733529e+01 -2.400108e-02 
 2.733569e+01 -2.343710e-02 
 2.733609e+01 -2.284853e-02 
 2.733648e+01 -2.222864e-02 
 2.733688e+01 -2.156735e-02 
 2.733728e+01 -2.089247e-02 
 2.733768e+01 -2.019153e-02 
 2.733807e+01 -1.945376e-02 
 2.733847e+01 -1.867702e-02 
 2.733887e+01 -1.787507e-02 
 2.733927e+01 -1.704085e-02 
 2.733967e+01 -1.617884e-02 
 2.734006e+01 -1.531625e-02 
 2.734046e+01 -1.443157e-02 
 2.734086e+01 -1.351965e-02 
 2.734126e+01 -1.258915e-02 
 2.734165e+01 -1.164716e-02 
 2.734205e+01 -1.067232e-02 
 2.734245e+01 -9.663817e-03 
 2.734285e+01 -8.645525e-03 
 2.734324e+01 -7.589834e-03 
 2.734364e+01 -6.491446e-03 
 2.734404e+01 -5.391631e-03 
 2.734444e+01 -4.271665e-03 
 2.734484e+01 -3.150277e-03 
 2.734523e+01 -2.020086e-03 
 2.734563e+01 -8.777885e-04 
 2.734603e+01  2.935510e-04 
 2.734643e+01  1.460101e-03 
 2.734682e+01  2.637552e-03 
 2.734722e+01  3.830565e-03 
 2.734762e+01  5.049521e-03 
 2.734802e+01  6.266599e-03 
 2.734841e+01  7.505835e-03 
 2.734881e+01  8.754859e-03 
 2.734921e+01  9.990133e-03 
 2.734961e+01  1.123109e-02 
 2.735001e+01  1.248140e-02 
 2.735040e+01  1.372769e-02 
 2.735080e+01  1.498432e-02 
 2.735120e+01  1.624619e-02 
 2.735160e+01  1.750253e-02 
 2.735199e+01  1.876367e-02 
 2.735239e+01  2.004307e-02 
 2.735279e+01  2.132340e-02 
 2.735319e+01  2.259194e-02 
 2.735358e+01  2.386300e-02 
 2.735398e+01  2.513190e-02 
 2.735438e+01  2.637334e-02 
 2.735478e+01  2.761262e-02 
 2.735518e+01  2.885014e-02 
 2.735557e+01  3.007441e-02 
 2.735597e+01  3.127527e-02 
 2.735637e+01  3.247153e-02 
 2.735677e+01  3.365221e-02 
 2.735716e+01  3.482039e-02 
 2.735756e+01  3.598348e-02 
 2.735796e+01  3.713942e-02 
 2.735836e+01  3.826524e-02 
 2.735875e+01  3.937310e-02 
 2.735915e+01  4.047023e-02 
 2.735955e+01  4.154857e-02 
 2.735995e+01  4.259477e-02 
 2.736035e+01  4.363371e-02 
 2.736074e+01  4.465001e-02 
 2.736114e+01  4.564383e-02 
 2.736154e+01  4.661726e-02 
 2.736194e+01  4.759115e-02 
 2.736233e+01  4.854076e-02 
 2.736273e+01  4.948833e-02 
 2.736313e+01  5.042784e-02 
 2.736353e+01  5.132856e-02 
 2.736392e+01  5.220273e-02 
 2.736432e+01  5.306352e-02 
 2.736472e+01  5.390712e-02 
 2.736512e+01  5.472559e-02 
 2.736552e+01  5.551535e-02 
 2.736591e+01  5.628369e-02 
 2.736631e+01  5.702610e-02 
 2.736671e+01  5.774514e-02 
 2.736711e+01  5.846464e-02 
 2.736750e+01  5.915315e-02 
 2.736790e+01  5.983244e-02 
 2.736830e+01  6.047184e-02 
 2.736870e+01  6.109017e-02 
 2.736909e+01  6.168085e-02 
 2.736949e+01  6.225546e-02 
 2.736989e+01  6.281380e-02 
 2.737029e+01  6.333115e-02 
 2.737069e+01  6.382524e-02 
 2.737108e+01  6.429897e-02 
 2.737148e+01  6.474905e-02 
 2.737188e+01  6.517747e-02 
 2.737228e+01  6.558694e-02 
 2.737267e+01  6.597407e-02 
 2.737307e+01  6.631522e-02 
 2.737347e+01  6.662245e-02 
 2.737387e+01  6.688708e-02 
 2.737426e+01  6.713996e-02 
 2.737466e+01  6.735097e-02 
 2.737506e+01  6.753854e-02 
 2.737546e+01  6.766915e-02 
 2.737586e+01  6.777268e-02 
 2.737625e+01  6.784034e-02 
 2.737665e+01  6.788246e-02 
 2.737705e+01  6.789475e-02 
 2.737745e+01  6.787745e-02 
 2.737784e+01  6.781360e-02 
 2.737824e+01  6.771863e-02 
 2.737864e+01  6.759260e-02 
 2.737904e+01  6.743551e-02 
 2.737944e+01  6.724784e-02 
 2.737983e+01  6.702773e-02 
 2.738023e+01  6.677854e-02 
 2.738063e+01  6.648166e-02 
 2.738103e+01  6.614920e-02 
 2.738142e+01  6.580237e-02 
 2.738182e+01  6.543121e-02 
 2.738222e+01  6.501982e-02 
 2.738262e+01  6.457005e-02 
 2.738301e+01  6.409055e-02 
 2.738341e+01  6.357904e-02 
 2.738381e+01  6.304032e-02 
 2.738421e+01  6.248053e-02 
 2.738461e+01  6.188941e-02 
 2.738500e+01  6.125935e-02 
 2.738540e+01  6.059472e-02 
 2.738580e+01  5.989999e-02 
 2.738620e+01  5.917693e-02 
 2.738659e+01  5.844231e-02 
 2.738699e+01  5.767333e-02 
 2.738739e+01  5.687382e-02 
 2.738779e+01  5.604890e-02 
 2.738818e+01  5.520102e-02 
 2.738858e+01  5.431920e-02 
 2.738898e+01  5.342445e-02 
 2.738938e+01  5.250643e-02 
 2.738978e+01  5.155077e-02 
 2.739017e+01  5.058046e-02 
 2.739057e+01  4.959257e-02 
 2.739097e+01  4.858872e-02 
 2.739137e+01  4.756808e-02 
 2.739176e+01  4.655615e-02 
 2.739216e+01  4.550947e-02 
 2.739256e+01  4.444132e-02 
 2.739296e+01  4.335853e-02 
 2.739335e+01  4.226914e-02 
 2.739375e+01  4.116844e-02 
 2.739415e+01  4.004881e-02 
 2.739455e+01  3.891568e-02 
 2.739495e+01  3.775487e-02 
 2.739534e+01  3.659394e-02 
 2.739574e+01  3.542142e-02 
 2.739614e+01  3.425524e-02 
 2.739654e+01  3.308124e-02 
 2.739693e+01  3.190133e-02 
 2.739733e+01  3.072315e-02 
 2.739773e+01  2.953515e-02 
 2.739813e+01  2.834905e-02 
 2.739852e+01  2.716725e-02 
 2.739892e+01  2.598613e-02 
 2.739932e+01  2.478920e-02 
 2.739972e+01  2.359083e-02 
 2.740012e+01  2.238940e-02 
 2.740051e+01  2.120443e-02 
 2.740091e+01  2.001030e-02 
 2.740131e+01  1.883096e-02 
 2.740171e+01  1.762864e-02 
 2.740210e+01  1.643365e-02 
 2.740250e+01  1.524345e-02 
 2.740290e+01  1.405925e-02 
 2.740330e+01  1.287922e-02 
 2.740369e+01  1.170681e-02 
 2.740409e+01  1.053075e-02 
 2.740449e+01  9.342366e-03 
 2.740489e+01  8.152918e-03 
 2.740529e+01  6.985332e-03 
 2.740568e+01  5.809633e-03 
 2.740608e+01  4.637701e-03 
 2.740648e+01  3.477741e-03 
 2.740688e+01  2.324541e-03 
 2.740727e+01  1.171977e-03 
 2.740767e+01  3.360971e-05 
 2.740807e+01 -1.085979e-03 
 2.740847e+01 -2.213155e-03 
 2.740886e+01 -3.326640e-03 
 2.740926e+01 -4.447835e-03 
 2.740966e+01 -5.554352e-03 
 2.741006e+01 -6.650730e-03 
 2.741046e+01 -7.720474e-03 
 2.741085e+01 -8.777473e-03 
 2.741125e+01 -9.822106e-03 
 2.741165e+01 -1.085458e-02 
 2.741205e+01 -1.186761e-02 
 2.741244e+01 -1.285224e-02 
 2.741284e+01 -1.379960e-02 
 2.741324e+01 -1.473262e-02 
 2.741364e+01 -1.565681e-02 
 2.741403e+01 -1.656633e-02 
 2.741443e+01 -1.745823e-02 
 2.741483e+01 -1.832215e-02 
 2.741523e+01 -1.916713e-02 
 2.741563e+01 -1.997178e-02 
 2.741602e+01 -2.075957e-02 
 2.741642e+01 -2.151251e-02 
 2.741682e+01 -2.223418e-02 
 2.741722e+01 -2.292475e-02 
 2.741761e+01 -2.358391e-02 
 2.741801e+01 -2.420448e-02 
 2.741841e+01 -2.480281e-02 
 2.741881e+01 -2.538049e-02 
 2.741920e+01 -2.592032e-02 
 2.741960e+01 -2.641653e-02 
 2.742000e+01 -2.688821e-02 
 2.742040e+01 -2.732932e-02 
 2.742080e+01 -2.773199e-02 
 2.742119e+01 -2.810918e-02 
 2.742159e+01 -2.845939e-02 
 2.742199e+01 -2.876909e-02 
 2.742239e+01 -2.902871e-02 
 2.742278e+01 -2.926548e-02 
 2.742318e+01 -2.946783e-02 
 2.742358e+01 -2.964081e-02 
 2.742398e+01 -2.979353e-02 
 2.742437e+01 -2.990971e-02 
 2.742477e+01 -2.999070e-02 
 2.742517e+01 -3.004501e-02 
 2.742557e+01 -3.006815e-02 
 2.742597e+01 -3.005086e-02 
 2.742636e+01 -2.999346e-02 
 2.742676e+01 -2.991880e-02 
 2.742716e+01 -2.979759e-02 
 2.742756e+01 -2.963796e-02 
 2.742795e+01 -2.946145e-02 
 2.742835e+01 -2.925274e-02 
 2.742875e+01 -2.900571e-02 
 2.742915e+01 -2.874139e-02 
 2.742954e+01 -2.844329e-02 
 2.742994e+01 -2.811632e-02 
 2.743034e+01 -2.774895e-02 
 2.743074e+01 -2.737383e-02 
 2.743114e+01 -2.694060e-02 
 2.743153e+01 -2.647488e-02 
 2.743193e+01 -2.597915e-02 
 2.743233e+01 -2.544901e-02 
 2.743273e+01 -2.490904e-02 
 2.743312e+01 -2.434376e-02 
 2.743352e+01 -2.376892e-02 
 2.743392e+01 -2.317494e-02 
 2.743432e+01 -2.255721e-02 
 2.743471e+01 -2.191228e-02 
 2.743511e+01 -2.123212e-02 
 2.743551e+01 -2.053809e-02 
 2.743591e+01 -1.981386e-02 
 2.743631e+01 -1.906026e-02 
 2.743670e+01 -1.828383e-02 
 2.743710e+01 -1.748880e-02 
 2.743750e+01 -1.667620e-02 
 2.743790e+01 -1.585947e-02 
 2.743829e+01 -1.501555e-02 
 2.743869e+01 -1.416137e-02 
 2.743909e+01 -1.328071e-02 
 2.743949e+01 -1.237738e-02 
 2.743988e+01 -1.145526e-02 
 2.744028e+01 -1.051274e-02 
 2.744068e+01 -9.552534e-03 
 2.744108e+01 -8.574898e-03 
 2.744148e+01 -7.566696e-03 
 2.744187e+01 -6.536820e-03 
 2.744227e+01 -5.521760e-03 
 2.744267e+01 -4.485150e-03 
 2.744307e+01 -3.446180e-03 
 2.744346e+01 -2.383415e-03 
 2.744386e+01 -1.309085e-03 
 2.744426e+01 -2.157537e-04 
 2.744466e+01  9.086885e-04 
 2.744505e+01  2.031507e-03 
 2.744545e+01  3.186191e-03 
 2.744585e+01  4.360871e-03 
 2.744625e+01  5.550685e-03 
 2.744665e+01  6.750077e-03 
 2.744704e+01  7.966349e-03 
 2.744744e+01  9.189385e-03 
 2.744784e+01  1.041168e-02 
 2.744824e+01  1.164980e-02 
 2.744863e+01  1.291632e-02 
 2.744903e+01  1.415604e-02 
 2.744943e+01  1.542425e-02 
 2.744983e+01  1.669167e-02 
 2.745022e+01  1.796934e-02 
 2.745062e+01  1.925053e-02 
 2.745102e+01  2.055349e-02 
 2.745142e+01  2.183579e-02 
 2.745182e+01  2.311486e-02 
 2.745221e+01  2.439290e-02 
 2.745261e+01  2.566377e-02 
 2.745301e+01  2.691087e-02 
 2.745341e+01  2.816318e-02 
 2.745380e+01  2.941954e-02 
 2.745420e+01  3.064640e-02 
 2.745460e+01  3.188200e-02 
 2.745500e+01  3.311665e-02 
 2.745539e+01  3.433998e-02 
 2.745579e+01  3.554925e-02 
 2.745619e+01  3.675145e-02 
 2.745659e+01  3.792184e-02 
 2.745699e+01  3.907092e-02 
 2.745738e+01  4.021016e-02 
 2.745778e+01  4.132863e-02 
 2.745818e+01  4.243322e-02 
 2.745858e+01  4.353110e-02 
 2.745897e+01  4.460919e-02 
 2.745937e+01  4.566964e-02 
 2.745977e+01  4.670665e-02 
 2.746017e+01  4.773650e-02 
 2.746056e+01  4.875932e-02 
 2.746096e+01  4.973624e-02 
 2.746136e+01  5.068014e-02 
 2.746176e+01  5.159310e-02 
 2.746216e+01  5.246866e-02 
 2.746255e+01  5.332058e-02 
 2.746295e+01  5.415771e-02 
 2.746335e+01  5.497151e-02 
 2.746375e+01  5.574841e-02 
 2.746414e+01  5.652210e-02 
 2.746454e+01  5.726727e-02 
 2.746494e+01  5.800132e-02 
 2.746534e+01  5.870320e-02 
 2.746573e+01  5.938515e-02 
 2.746613e+01  6.002598e-02 
 2.746653e+01  6.063641e-02 
 2.746693e+01  6.121985e-02 
 2.746733e+01  6.179127e-02 
 2.746772e+01  6.233308e-02 
 2.746812e+01  6.285742e-02 
 2.746852e+01  6.334565e-02 
 2.746892e+01  6.380090e-02 
 2.746931e+01  6.423677e-02 
 2.746971e+01  6.465315e-02 
 2.747011e+01  6.504003e-02 
 2.747051e+01  6.539163e-02 
 2.747091e+01  6.572670e-02 
 2.747130e+01  6.600903e-02 
 2.747170e+01  6.625837e-02 
 2.747210e+01  6.648748e-02 
 2.747250e+01  6.670407e-02 
 2.747289e+01  6.686972e-02 
 2.747329e+01  6.702009e-02 
 2.747369e+01  6.714904e-02 
 2.747409e+01  6.725146e-02 
 2.747448e+01  6.733694e-02 
 2.747488e+01  6.739682e-02 
 2.747528e+01  6.742120e-02 
 2.747568e+01  6.741270e-02 
 2.747608e+01  6.737472e-02 
 2.747647e+01  6.730520e-02 
 2.747687e+01  6.720121e-02 
 2.747727e+01  6.707463e-02 
 2.747767e+01  6.692026e-02 
 2.747806e+01  6.671873e-02 
 2.747846e+01  6.649354e-02 
 2.747886e+01  6.623905e-02 
 2.747926e+01  6.596398e-02 
 2.747965e+01  6.566265e-02 
 2.748005e+01  6.533193e-02 
 2.748045e+01  6.496520e-02 
 2.748085e+01  6.454726e-02 
 2.748125e+01  6.410292e-02 
 2.748164e+01  6.362393e-02 
 2.748204e+01  6.310546e-02 
 2.748244e+01  6.256534e-02 
 2.748284e+01  6.199828e-02 
 2.748323e+01  6.139333e-02 
 2.748363e+01  6.076334e-02 
 2.748403e+01  6.011012e-02 
 2.748443e+01  5.943549e-02 
 2.748482e+01  5.872778e-02 
 2.748522e+01  5.799650e-02 
 2.748562e+01  5.723498e-02 
 2.748602e+01  5.643442e-02 
 2.748642e+01  5.562928e-02 
 2.748681e+01  5.480017e-02 
 2.748721e+01  5.394391e-02 
 2.748761e+01  5.306365e-02 
 2.748801e+01  5.214862e-02 
 2.748840e+01  5.120811e-02 
 2.748880e+01  5.025067e-02 
 2.748920e+01  4.928089e-02 
 2.748960e+01  4.830054e-02 
 2.748999e+01  4.728483e-02 
 2.749039e+01  4.623723e-02 
 2.749079e+01  4.517293e-02 
 2.749119e+01  4.409082e-02 
 2.749159e+01  4.301068e-02 
 2.749198e+01  4.190332e-02 
 2.749238e+01  4.077313e-02 
 2.749278e+01  3.962763e-02 
 2.749318e+01  3.847222e-02 
 2.749357e+01  3.730274e-02 
 2.749397e+01  3.613257e-02 
 2.749437e+01  3.495383e-02 
 2.749477e+01  3.375680e-02 
 2.749516e+01  3.254946e-02 
 2.749556e+01  3.133057e-02 
 2.749596e+01  3.011141e-02 
 2.749636e+01  2.888569e-02 
 2.749676e+01  2.766252e-02 
 2.749715e+01  2.641264e-02 
 2.749755e+01  2.514987e-02 
 2.749795e+01  2.389178e-02 
 2.749835e+01  2.263967e-02 
 2.749874e+01  2.139505e-02 
 2.749914e+01  2.015129e-02 
 2.749954e+01  1.891158e-02 
 2.749994e+01  1.766616e-02 
 2.750033e+01  1.642136e-02 
 2.750073e+01  1.518485e-02 
 2.750113e+01  1.394594e-02 
 2.750153e+01  1.271791e-02 
 2.750193e+01  1.149425e-02 
 2.750232e+01  1.026864e-02 
 2.750272e+01  9.049530e-03 
 2.750312e+01  7.846567e-03 
 2.750352e+01  6.669368e-03 
 2.750391e+01  5.495156e-03 
 2.750431e+01  4.347545e-03 
 2.750471e+01  3.210415e-03 
 2.750511e+01  2.078543e-03 
 2.750550e+01  9.514352e-04 
 2.750590e+01 -1.476612e-04 
 2.750630e+01 -1.235723e-03 
 2.750670e+01 -2.315165e-03 
 2.750710e+01 -3.389929e-03 
 2.750749e+01 -4.450164e-03 
 2.750789e+01 -5.501582e-03 
 2.750829e+01 -6.511267e-03 
 2.750869e+01 -7.509416e-03 
 2.750908e+01 -8.482463e-03 
 2.750948e+01 -9.461222e-03 
 2.750988e+01 -1.042661e-02 
 2.751028e+01 -1.137071e-02 
 2.751067e+01 -1.230798e-02 
 2.751107e+01 -1.322865e-02 
 2.751147e+01 -1.414044e-02 
 2.751187e+01 -1.503200e-02 
 2.751227e+01 -1.591762e-02 
 2.751266e+01 -1.677825e-02 
 2.751306e+01 -1.761073e-02 
 2.751346e+01 -1.841983e-02 
 2.751386e+01 -1.920112e-02 
 2.751425e+01 -1.996333e-02 
 2.751465e+01 -2.071259e-02 
 2.751505e+01 -2.143246e-02 
 2.751545e+01 -2.212020e-02 
 2.751584e+01 -2.279212e-02 
 2.751624e+01 -2.345966e-02 
 2.751664e+01 -2.409108e-02 
 2.751704e+01 -2.471210e-02 
 2.751744e+01 -2.530190e-02 
 2.751783e+01 -2.584423e-02 
 2.751823e+01 -2.636407e-02 
 2.751863e+01 -2.685688e-02 
 2.751903e+01 -2.730978e-02 
 2.751942e+01 -2.773434e-02 
 2.751982e+01 -2.812132e-02 
 2.752022e+01 -2.847787e-02 
 2.752062e+01 -2.879486e-02 
 2.752101e+01 -2.910526e-02 
 2.752141e+01 -2.938001e-02 
 2.752181e+01 -2.961849e-02 
 2.752221e+01 -2.982659e-02 
 2.752261e+01 -2.998485e-02 
 2.752300e+01 -3.010882e-02 
 2.752340e+01 -3.020111e-02 
 2.752380e+01 -3.025019e-02 
 2.752420e+01 -3.026633e-02 
 2.752459e+01 -3.023389e-02 
 2.752499e+01 -3.017655e-02 
 2.752539e+01 -3.008922e-02 
 2.752579e+01 -2.997352e-02 
 2.752618e+01 -2.983588e-02 
 2.752658e+01 -2.966958e-02 
 2.752698e+01 -2.944794e-02 
 2.752738e+01 -2.919740e-02 
 2.752778e+01 -2.891029e-02 
 2.752817e+01 -2.858462e-02 
 2.752857e+01 -2.822036e-02 
 2.752897e+01 -2.783913e-02 
 2.752937e+01 -2.741317e-02 
 2.752976e+01 -2.696191e-02 
 2.753016e+01 -2.649889e-02 
 2.753056e+01 -2.600496e-02 
 2.753096e+01 -2.548945e-02 
 2.753135e+01 -2.495326e-02 
 2.753175e+01 -2.438833e-02 
 2.753215e+01 -2.378096e-02 
 2.753255e+01 -2.313571e-02 
 2.753295e+01 -2.246428e-02 
 2.753334e+01 -2.175368e-02 
 2.753374e+01 -2.102468e-02 
 2.753414e+01 -2.025873e-02 
 2.753454e+01 -1.947377e-02 
 2.753493e+01 -1.865751e-02 
 2.753533e+01 -1.783164e-02 
 2.753573e+01 -1.699917e-02 
 2.753613e+01 -1.613829e-02 
 2.753652e+01 -1.526400e-02 
 2.753692e+01 -1.435457e-02 
 2.753732e+01 -1.343528e-02 
 2.753772e+01 -1.247996e-02 
 2.753812e+01 -1.151194e-02 
 2.753851e+01 -1.053302e-02 
 2.753891e+01 -9.525062e-03 
 2.753931e+01 -8.501169e-03 
 2.753971e+01 -7.479640e-03 
 2.754010e+01 -6.433870e-03 
 2.754050e+01 -5.389565e-03 
 2.754090e+01 -4.340123e-03 
 2.754130e+01 -3.275855e-03 
 2.754169e+01 -2.175960e-03 
 2.754209e+01 -1.076243e-03 
 2.754249e+01  4.122891e-05 
 2.754289e+01  1.185262e-03 
 2.754329e+01  2.330707e-03 
 2.754368e+01  3.497292e-03 
 2.754408e+01  4.665700e-03 
 2.754448e+01  5.844283e-03 
 2.754488e+01  7.013183e-03 
 2.754527e+01  8.167174e-03 
 2.754567e+01  9.330897e-03 
 2.754607e+01  1.049599e-02 
 2.754647e+01  1.166671e-02 
 2.754686e+01  1.285405e-02 
 2.754726e+01  1.404742e-02 
 2.754766e+01  1.525426e-02 
 2.754806e+01  1.646470e-02 
 2.754846e+01  1.769278e-02 
 2.754885e+01  1.891351e-02 
 2.754925e+01  2.012578e-02 
 2.754965e+01  2.134314e-02 
 2.755005e+01  2.253965e-02 
 2.755044e+01  2.372715e-02 
 2.755084e+01  2.492330e-02 
 2.755124e+01  2.612134e-02 
 2.755164e+01  2.732906e-02 
 2.755203e+01  2.854435e-02 
 2.755243e+01  2.976213e-02 
 2.755283e+01  3.097884e-02 
 2.755323e+01  3.219973e-02 
 2.755363e+01  3.343761e-02 
 2.755402e+01  3.463893e-02 
 2.755442e+01  3.583650e-02 
 2.755482e+01  3.701522e-02 
 2.755522e+01  3.817938e-02 
 2.755561e+01  3.932378e-02 
 2.755601e+01  4.047605e-02 
 2.755641e+01  4.161473e-02 
 2.755681e+01  4.273703e-02 
 2.755720e+01  4.385054e-02 
 2.755760e+01  4.494922e-02 
 2.755800e+01  4.602754e-02 
 2.755840e+01  4.710102e-02 
 2.755880e+01  4.815419e-02 
 2.755919e+01  4.917184e-02 
 2.755959e+01  5.015887e-02 
 2.755999e+01  5.113984e-02 
 2.756039e+01  5.208412e-02 
 2.756078e+01  5.301640e-02 
 2.756118e+01  5.393244e-02 
 2.756158e+01  5.481458e-02 
 2.756198e+01  5.566797e-02 
 2.756238e+01  5.651304e-02 
 2.756277e+01  5.733452e-02 
 2.756317e+01  5.812804e-02 
 2.756357e+01  5.888953e-02 
 2.756397e+01  5.961820e-02 
 2.756436e+01  6.029251e-02 
 2.756476e+01  6.093583e-02 
 2.756516e+01  6.155454e-02 
 2.756556e+01  6.213603e-02 
 2.756595e+01  6.268792e-02 
 2.756635e+01  6.320216e-02 
 2.756675e+01  6.368983e-02 
 2.756715e+01  6.414867e-02 
 2.756755e+01  6.459051e-02 
 2.756794e+01  6.499910e-02 
 2.756834e+01  6.537773e-02 
 2.756874e+01  6.571782e-02 
 2.756914e+01  6.601594e-02 
 2.756953e+01  6.627272e-02 
 2.756993e+01  6.650877e-02 
 2.757033e+01  6.672547e-02 
 2.757073e+01  6.690817e-02 
 2.757112e+01  6.706681e-02 
 2.757152e+01  6.719057e-02 
 2.757192e+01  6.730068e-02 
 2.757232e+01  6.739814e-02 
 2.757272e+01  6.746118e-02 
 2.757311e+01  6.748640e-02 
 2.757351e+01  6.747746e-02 
 2.757391e+01  6.742260e-02 
 2.757431e+01  6.734911e-02 
 2.757470e+01  6.724660e-02 
 2.757510e+01  6.711611e-02 
 2.757550e+01  6.695810e-02 
 2.757590e+01  6.677380e-02 
 2.757629e+01  6.655389e-02 
 2.757669e+01  6.630443e-02 
 2.757709e+01  6.604708e-02 
 2.757749e+01  6.575642e-02 
 2.757789e+01  6.542705e-02 
 2.757828e+01  6.506851e-02 
 2.757868e+01  6.467580e-02 
 2.757908e+01  6.425032e-02 
 2.757948e+01  6.379860e-02 
 2.757987e+01  6.333920e-02 
 2.758027e+01  6.284479e-02 
 2.758067e+01  6.232185e-02 
 2.758107e+01  6.179194e-02 
 2.758146e+01  6.121545e-02 
 2.758186e+01  6.062638e-02 
 2.758226e+01  6.001590e-02 
 2.758266e+01  5.937827e-02 
 2.758306e+01  5.870235e-02 
 2.758345e+01  5.800119e-02 
 2.758385e+01  5.726822e-02 
 2.758425e+01  5.651681e-02 
 2.758465e+01  5.573391e-02 
 2.758504e+01  5.493658e-02 
 2.758544e+01  5.409050e-02 
 2.758584e+01  5.323129e-02 
 2.758624e+01  5.233863e-02 
 2.758663e+01  5.143930e-02 
 2.758703e+01  5.051791e-02 
 2.758743e+01  4.958397e-02 
 2.758783e+01  4.863048e-02 
 2.758823e+01  4.764022e-02 
 2.758862e+01  4.662024e-02 
 2.758902e+01  4.559214e-02 
 2.758942e+01  4.455250e-02 
 2.758982e+01  4.349242e-02 
 2.759021e+01  4.240982e-02 
 2.759061e+01  4.130522e-02 
 2.759101e+01  4.018322e-02 
 2.759141e+01  3.904915e-02 
 2.759180e+01  3.791449e-02 
 2.759220e+01  3.675543e-02 
 2.759260e+01  3.558990e-02 
 2.759300e+01  3.440330e-02 
 2.759340e+01  3.320274e-02 
 2.759379e+01  3.198036e-02 
 2.759419e+01  3.076100e-02 
 2.759459e+01  2.953295e-02 
 2.759499e+01  2.829193e-02 
 2.759538e+01  2.703128e-02 
 2.759578e+01  2.577118e-02 
 2.759618e+01  2.451441e-02 
 2.759658e+01  2.326693e-02 
 2.759697e+01  2.201262e-02 
 2.759737e+01  2.075361e-02 
 2.759777e+01  1.948675e-02 
 2.759817e+01  1.821597e-02 
 2.759857e+01  1.694528e-02 
 2.759896e+01  1.568311e-02 
 2.759936e+01  1.443712e-02 
 2.759976e+01  1.318200e-02 
 2.760016e+01  1.193661e-02 
 2.760055e+01  1.068998e-02 
 2.760095e+01  9.454441e-03 
 2.760135e+01  8.238368e-03 
 2.760175e+01  7.034434e-03 
 2.760214e+01  5.843985e-03 
 2.760254e+01  4.656200e-03 
 2.760294e+01  3.482237e-03 
 2.760334e+01  2.320801e-03 
 2.760374e+01  1.165275e-03 
 2.760413e+01  3.012298e-05 
 2.760453e+01 -1.104209e-03 
 2.760493e+01 -2.235148e-03 
 2.760533e+01 -3.345905e-03 
 2.760572e+01 -4.447683e-03 
 2.760612e+01 -5.527585e-03 
 2.760652e+01 -6.576018e-03 
 2.760692e+01 -7.608368e-03 
 2.760731e+01 -8.637302e-03 
 2.760771e+01 -9.650772e-03 
 2.760811e+01 -1.062843e-02 
 2.760851e+01 -1.159039e-02 
 2.760891e+01 -1.253604e-02 
 2.760930e+01 -1.345865e-02 
 2.760970e+01 -1.436546e-02 
 2.761010e+01 -1.525166e-02 
 2.761050e+01 -1.610885e-02 
 2.761089e+01 -1.694370e-02 
 2.761129e+01 -1.773518e-02 
 2.761169e+01 -1.850794e-02 
 2.761209e+01 -1.926027e-02 
 2.761248e+01 -1.999697e-02 
 2.761288e+01 -2.070508e-02 
 2.761328e+01 -2.139632e-02 
 2.761368e+01 -2.206492e-02 
 2.761408e+01 -2.271469e-02 
 2.761447e+01 -2.334210e-02 
 2.761487e+01 -2.394603e-02 
 2.761527e+01 -2.450681e-02 
 2.761567e+01 -2.503384e-02 
 2.761606e+01 -2.553460e-02 
 2.761646e+01 -2.599807e-02 
 2.761686e+01 -2.644472e-02 
 2.761726e+01 -2.686952e-02 
 2.761765e+01 -2.727000e-02 
 2.761805e+01 -2.763708e-02 
 2.761845e+01 -2.799181e-02 
 2.761885e+01 -2.830936e-02 
 2.761925e+01 -2.861560e-02 
 2.761964e+01 -2.888891e-02 
 2.762004e+01 -2.912696e-02 
 2.762044e+01 -2.931332e-02 
 2.762084e+01 -2.949055e-02 
 2.762123e+01 -2.962807e-02 
 2.762163e+01 -2.972745e-02 
 2.762203e+01 -2.980002e-02 
 2.762243e+01 -2.985198e-02 
 2.762282e+01 -2.986964e-02 
 2.762322e+01 -2.986215e-02 
 2.762362e+01 -2.984192e-02 
 2.762402e+01 -2.977808e-02 
 2.762442e+01 -2.969846e-02 
 2.762481e+01 -2.957694e-02 
 2.762521e+01 -2.941501e-02 
 2.762561e+01 -2.921265e-02 
 2.762601e+01 -2.897965e-02 
 2.762640e+01 -2.871868e-02 
 2.762680e+01 -2.841204e-02 
 2.762720e+01 -2.808225e-02 
 2.762760e+01 -2.771316e-02 
 2.762799e+01 -2.731625e-02 
 2.762839e+01 -2.688262e-02 
 2.762879e+01 -2.642294e-02 
 2.762919e+01 -2.592540e-02 
 2.762959e+01 -2.539858e-02 
 2.762998e+01 -2.483793e-02 
 2.763038e+01 -2.422521e-02 
 2.763078e+01 -2.358072e-02 
 2.763118e+01 -2.291288e-02 
 2.763157e+01 -2.222437e-02 
 2.763197e+01 -2.148357e-02 
 2.763237e+01 -2.073393e-02 
 2.763277e+01 -1.996108e-02 
 2.763316e+01 -1.916948e-02 
 2.763356e+01 -1.836279e-02 
 2.763396e+01 -1.753831e-02 
 2.763436e+01 -1.668122e-02 
 2.763476e+01 -1.579512e-02 
 2.763515e+01 -1.487401e-02 
 2.763555e+01 -1.392828e-02 
 2.763595e+01 -1.296944e-02 
 2.763635e+01 -1.199311e-02 
 2.763674e+01 -1.099366e-02 
 2.763714e+01 -9.974602e-03 
 2.763754e+01 -8.944148e-03 
 2.763794e+01 -7.909130e-03 
 2.763833e+01 -6.855959e-03 
 2.763873e+01 -5.801346e-03 
 2.763913e+01 -4.715692e-03 
 2.763953e+01 -3.621383e-03 
 2.763993e+01 -2.496206e-03 
 2.764032e+01 -1.362355e-03 
 2.764072e+01 -2.224402e-04 
 2.764112e+01  9.444781e-04 
 2.764152e+01  2.109617e-03 
 2.764191e+01  3.278490e-03 
 2.764231e+01  4.443870e-03 
 2.764271e+01  5.619950e-03 
 2.764311e+01  6.784005e-03 
 2.764350e+01  7.958006e-03 
 2.764390e+01  9.153236e-03 
 2.764430e+01  1.036837e-02 
 2.764470e+01  1.157848e-02 
 2.764510e+01  1.280074e-02 
 2.764549e+01  1.402449e-02 
 2.764589e+01  1.525255e-02 
 2.764629e+01  1.647674e-02 
 2.764669e+01  1.770091e-02 
 2.764708e+01  1.891931e-02 
 2.764748e+01  2.013856e-02 
 2.764788e+01  2.136019e-02 
 2.764828e+01  2.257244e-02 
 2.764867e+01  2.379476e-02 
 2.764907e+01  2.501382e-02 
 2.764947e+01  2.623833e-02 
 2.764987e+01  2.745991e-02 
 2.765027e+01  2.866519e-02 
 2.765066e+01  2.987833e-02 
 2.765106e+01  3.106937e-02 
 2.765146e+01  3.224755e-02 
 2.765186e+01  3.340217e-02 
 2.765225e+01  3.455617e-02 
 2.765265e+01  3.566639e-02 
 2.765305e+01  3.678296e-02 
 2.765345e+01  3.789223e-02 
 2.765385e+01  3.899698e-02 
 2.765424e+01  4.009820e-02 
 2.765464e+01  4.119362e-02 
 2.765504e+01  4.227389e-02 
 2.765544e+01  4.333637e-02 
 2.765583e+01  4.439363e-02 
 2.765623e+01  4.543805e-02 
 2.765663e+01  4.646836e-02 
 2.765703e+01  4.747793e-02 
 2.765742e+01  4.846252e-02 
 2.765782e+01  4.943017e-02 
 2.765822e+01  5.039502e-02 
 2.765862e+01  5.133290e-02 
 2.765902e+01  5.227590e-02 
 2.765941e+01  5.319565e-02 
 2.765981e+01  5.409746e-02 
 2.766021e+01  5.497759e-02 
 2.766061e+01  5.583342e-02 
 2.766100e+01  5.667118e-02 
 2.766140e+01  5.747137e-02 
 2.766180e+01  5.823694e-02 
 2.766220e+01  5.896949e-02 
 2.766259e+01  5.966975e-02 
 2.766299e+01  6.035831e-02 
 2.766339e+01  6.103951e-02 
 2.766379e+01  6.169056e-02 
 2.766419e+01  6.232305e-02 
 2.766458e+01  6.292039e-02 
 2.766498e+01  6.348752e-02 
 2.766538e+01  6.401556e-02 
 2.766578e+01  6.452480e-02 
 2.766617e+01  6.499125e-02 
 2.766657e+01  6.541322e-02 
 2.766697e+01  6.579999e-02 
 2.766737e+01  6.614943e-02 
 2.766776e+01  6.646759e-02 
 2.766816e+01  6.676442e-02 
 2.766856e+01  6.703654e-02 
 2.766896e+01  6.727017e-02 
 2.766936e+01  6.746002e-02 
 2.766975e+01  6.763218e-02 
 2.767015e+01  6.776763e-02 
 2.767055e+01  6.785871e-02 
 2.767095e+01  6.791216e-02 
 2.767134e+01  6.791622e-02 
 2.767174e+01  6.788351e-02 
 2.767214e+01  6.781372e-02 
 2.767254e+01  6.772406e-02 
 2.767293e+01  6.761266e-02 
 2.767333e+01  6.746880e-02 
 2.767373e+01  6.729805e-02 
 2.767413e+01  6.708515e-02 
 2.767453e+01  6.685206e-02 
 2.767492e+01  6.658202e-02 
 2.767532e+01  6.629666e-02 
 2.767572e+01  6.597737e-02 
 2.767612e+01  6.562768e-02 
 2.767651e+01  6.524995e-02 
 2.767691e+01  6.483887e-02 
 2.767731e+01  6.440597e-02 
 2.767771e+01  6.395009e-02 
 2.767810e+01  6.347829e-02 
 2.767850e+01  6.297787e-02 
 2.767890e+01  6.244068e-02 
 2.767930e+01  6.188898e-02 
 2.767970e+01  6.130638e-02 
 2.768009e+01  6.069707e-02 
 2.768049e+01  6.006505e-02 
 2.768089e+01  5.938504e-02 
 2.768129e+01  5.866763e-02 
 2.768168e+01  5.792034e-02 
 2.768208e+01  5.717101e-02 
 2.768248e+01  5.639489e-02 
 2.768288e+01  5.560362e-02 
 2.768327e+01  5.480282e-02 
 2.768367e+01  5.396732e-02 
 2.768407e+01  5.311791e-02 
 2.768447e+01  5.225111e-02 
 2.768487e+01  5.136900e-02 
 2.768526e+01  5.046656e-02 
 2.768566e+01  4.953564e-02 
 2.768606e+01  4.856478e-02 
 2.768646e+01  4.757900e-02 
 2.768685e+01  4.657361e-02 
 2.768725e+01  4.556723e-02 
 2.768765e+01  4.453995e-02 
 2.768805e+01  4.351062e-02 
 2.768844e+01  4.244967e-02 
 2.768884e+01  4.139061e-02 
 2.768924e+01  4.031309e-02 
 2.768964e+01  3.922508e-02 
 2.769004e+01  3.811546e-02 
 2.769043e+01  3.697719e-02 
 2.769083e+01  3.582937e-02 
 2.769123e+01  3.465648e-02 
 2.769163e+01  3.348451e-02 
 2.769202e+01  3.230950e-02 
 2.769242e+01  3.112885e-02 
 2.769282e+01  2.993215e-02 
 2.769322e+01  2.872750e-02 
 2.769361e+01  2.750893e-02 
 2.769401e+01  2.629511e-02 
 2.769441e+01  2.507224e-02 
 2.769481e+01  2.384540e-02 
 2.769521e+01  2.261577e-02 
 2.769560e+01  2.137593e-02 
 2.769600e+01  2.012959e-02 
 2.769640e+01  1.887965e-02 
 2.769680e+01  1.762534e-02 
 2.769719e+01  1.638317e-02 
 2.769759e+01  1.513373e-02 
 2.769799e+01  1.388452e-02 
 2.769839e+01  1.262963e-02 
 2.769878e+01  1.139462e-02 
 2.769918e+01  1.015615e-02 
 2.769958e+01  8.930787e-03 
 2.769998e+01  7.705848e-03 
 2.770038e+01  6.480621e-03 
 2.770077e+01  5.252094e-03 
 2.770117e+01  4.031166e-03 
 2.770157e+01  2.820534e-03 
 2.770197e+01  1.620505e-03 
 2.770236e+01  4.294106e-04 
 2.770276e+01 -7.417416e-04 
 2.770316e+01 -1.906507e-03 
 2.770356e+01 -3.048323e-03 
 2.770395e+01 -4.164386e-03 
 2.770435e+01 -5.244391e-03 
 2.770475e+01 -6.316556e-03 
 2.770515e+01 -7.381864e-03 
 2.770555e+01 -8.431128e-03 
 2.770594e+01 -9.470973e-03 
 2.770634e+01 -1.048129e-02 
 2.770674e+01 -1.147805e-02 
 2.770714e+01 -1.245035e-02 
 2.770753e+01 -1.340198e-02 
 2.770793e+01 -1.433493e-02 
 2.770833e+01 -1.522643e-02 
 2.770873e+01 -1.610155e-02 
 2.770912e+01 -1.692977e-02 
 2.770952e+01 -1.774692e-02 
 2.770992e+01 -1.855038e-02 
 2.771032e+01 -1.932855e-02 
 2.771072e+01 -2.009012e-02 
 2.771111e+01 -2.081968e-02 
 2.771151e+01 -2.152007e-02 
 2.771191e+01 -2.219021e-02 
 2.771231e+01 -2.284765e-02 
 2.771270e+01 -2.346765e-02 
 2.771310e+01 -2.405720e-02 
 2.771350e+01 -2.460484e-02 
 2.771390e+01 -2.512293e-02 
 2.771429e+01 -2.560860e-02 
 2.771469e+01 -2.607487e-02 
 2.771509e+01 -2.652330e-02 
 2.771549e+01 -2.693221e-02 
 2.771589e+01 -2.731965e-02 
 2.771628e+01 -2.767005e-02 
 2.771668e+01 -2.800080e-02 
 2.771708e+01 -2.830665e-02 
 2.771748e+01 -2.857878e-02 
 2.771787e+01 -2.881227e-02 
 2.771827e+01 -2.900734e-02 
 2.771867e+01 -2.917314e-02 
 2.771907e+01 -2.931876e-02 
 2.771946e+01 -2.944068e-02 
 2.771986e+01 -2.953154e-02 
 2.772026e+01 -2.960666e-02 
 2.772066e+01 -2.965498e-02 
 2.772106e+01 -2.966869e-02 
 2.772145e+01 -2.965537e-02 
 2.772185e+01 -2.961896e-02 
 2.772225e+01 -2.954923e-02 
 2.772265e+01 -2.944052e-02 
 2.772304e+01 -2.930169e-02 
 2.772344e+01 -2.910739e-02 
 2.772384e+01 -2.888959e-02 
 2.772424e+01 -2.863762e-02 
 2.772463e+01 -2.837725e-02 
 2.772503e+01 -2.807072e-02 
 2.772543e+01 -2.775955e-02 
 2.772583e+01 -2.741527e-02 
 2.772623e+01 -2.704679e-02 
 2.772662e+01 -2.663708e-02 
 2.772702e+01 -2.621210e-02 
 2.772742e+01 -2.574192e-02 
 2.772782e+01 -2.523558e-02 
 2.772821e+01 -2.469317e-02 
 2.772861e+01 -2.412968e-02 
 2.772901e+01 -2.354141e-02 
 2.772941e+01 -2.292907e-02 
 2.772980e+01 -2.230316e-02 
 2.773020e+01 -2.164574e-02 
 2.773060e+01 -2.096093e-02 
 2.773100e+01 -2.025325e-02 
 2.773140e+01 -1.951500e-02 
 2.773179e+01 -1.874383e-02 
 2.773219e+01 -1.794437e-02 
 2.773259e+01 -1.710382e-02 
 2.773299e+01 -1.623019e-02 
 2.773338e+01 -1.533443e-02 
 2.773378e+01 -1.441785e-02 
 2.773418e+01 -1.347747e-02 
 2.773458e+01 -1.252886e-02 
 2.773497e+01 -1.156254e-02 
 2.773537e+01 -1.057110e-02 
 2.773577e+01 -9.578243e-03 
 2.773617e+01 -8.563707e-03 
 2.773657e+01 -7.511634e-03 
 2.773696e+01 -6.446381e-03 
 2.773736e+01 -5.345887e-03 
 2.773776e+01 -4.236462e-03 
 2.773816e+01 -3.115010e-03 
 2.773855e+01 -1.973256e-03 
 2.773895e+01 -8.169927e-04 
 2.773935e+01  3.461178e-04 
 2.773975e+01  1.516127e-03 
 2.774014e+01  2.699993e-03 
 2.774054e+01  3.875957e-03 
 2.774094e+01  5.066366e-03 
 2.774134e+01  6.257908e-03 
 2.774174e+01  7.476441e-03 
 2.774213e+01  8.705083e-03 
 2.774253e+01  9.954894e-03 
 2.774293e+01  1.119904e-02 
 2.774333e+01  1.245717e-02 
 2.774372e+01  1.371689e-02 
 2.774412e+01  1.497543e-02 
 2.774452e+01  1.623357e-02 
 2.774492e+01  1.747610e-02 
 2.774532e+01  1.872554e-02 
 2.774571e+01  1.995772e-02 
 2.774611e+01  2.118812e-02 
 2.774651e+01  2.242785e-02 
 2.774691e+01  2.366531e-02 
 2.774730e+01  2.490497e-02 
 2.774770e+01  2.613614e-02 
 2.774810e+01  2.734684e-02 
 2.774850e+01  2.855552e-02 
 2.774889e+01  2.975024e-02 
 2.774929e+01  3.094013e-02 
 2.774969e+01  3.210123e-02 
 2.775009e+01  3.326200e-02 
 2.775049e+01  3.440393e-02 
 2.775088e+01  3.553616e-02 
 2.775128e+01  3.666443e-02 
 2.775168e+01  3.780828e-02 
 2.775208e+01  3.894121e-02 
 2.775247e+01  4.006522e-02 
 2.775287e+01  4.117241e-02 
 2.775327e+01  4.225572e-02 
 2.775367e+01  4.332022e-02 
 2.775406e+01  4.437209e-02 
 2.775446e+01  4.539594e-02 
 2.775486e+01  4.638885e-02 
 2.775526e+01  4.736869e-02 
 2.775566e+01  4.832369e-02 
 2.775605e+01  4.927332e-02 
 2.775645e+01  5.020408e-02 
 2.775685e+01  5.113091e-02 
 2.775725e+01  5.203685e-02 
 2.775764e+01  5.291560e-02 
 2.775804e+01  5.377830e-02 
 2.775844e+01  5.461133e-02 
 2.775884e+01  5.541741e-02 
 2.775923e+01  5.620563e-02 
 2.775963e+01  5.697361e-02 
 2.776003e+01  5.770152e-02 
 2.776043e+01  5.841454e-02 
 2.776083e+01  5.911988e-02 
 2.776122e+01  5.981420e-02 
 2.776162e+01  6.048595e-02 
 2.776202e+01  6.113551e-02 
 2.776242e+01  6.176501e-02 
 2.776281e+01  6.235314e-02 
 2.776321e+01  6.292320e-02 
 2.776361e+01  6.345923e-02 
 2.776401e+01  6.397579e-02 
 2.776440e+01  6.445106e-02 
 2.776480e+01  6.489309e-02 
 2.776520e+01  6.530527e-02 
 2.776560e+01  6.569702e-02 
 2.776600e+01  6.606977e-02 
 2.776639e+01  6.641181e-02 
 2.776679e+01  6.671540e-02 
 2.776719e+01  6.699148e-02 
 2.776759e+01  6.723444e-02 
 2.776798e+01  6.744068e-02 
 2.776838e+01  6.761246e-02 
 2.776878e+01  6.774448e-02 
 2.776918e+01  6.784703e-02 
 2.776957e+01  6.790193e-02 
 2.776997e+01  6.792825e-02 
 2.777037e+01  6.792858e-02 
 2.777077e+01  6.789462e-02 
 2.777117e+01  6.783806e-02 
 2.777156e+01  6.775714e-02 
 2.777196e+01  6.763146e-02 
 2.777236e+01  6.747559e-02 
 2.777276e+01  6.728265e-02 
 2.777315e+01  6.705765e-02 
 2.777355e+01  6.679777e-02 
 2.777395e+01  6.648703e-02 
 2.777435e+01  6.613317e-02 
 2.777474e+01  6.575668e-02 
 2.777514e+01  6.532766e-02 
 2.777554e+01  6.488580e-02 
 2.777594e+01  6.441831e-02 
 2.777634e+01  6.392528e-02 
 2.777673e+01  6.339476e-02 
 2.777713e+01  6.283467e-02 
 2.777753e+01  6.225215e-02 
 2.777793e+01  6.163390e-02 
 2.777832e+01  6.100280e-02 
 2.777872e+01  6.033079e-02 
 2.777912e+01  5.962394e-02 
 2.777952e+01  5.890667e-02 
 2.777991e+01  5.816682e-02 
 2.778031e+01  5.740472e-02 
 2.778071e+01  5.664234e-02 
 2.778111e+01  5.585090e-02 
 2.778151e+01  5.503423e-02 
 2.778190e+01  5.418501e-02 
 2.778230e+01  5.333421e-02 
 2.778270e+01  5.245708e-02 
 2.778310e+01  5.155950e-02 
 2.778349e+01  5.064643e-02 
 2.778389e+01  4.970117e-02 
 2.778429e+01  4.873309e-02 
 2.778469e+01  4.775355e-02 
 2.778508e+01  4.677252e-02 
 2.778548e+01  4.577012e-02 
 2.778588e+01  4.474348e-02 
 2.778628e+01  4.369994e-02 
 2.778668e+01  4.263081e-02 
 2.778707e+01  4.155186e-02 
 2.778747e+01  4.045899e-02 
 2.778787e+01  3.935545e-02 
 2.778827e+01  3.822809e-02 
 2.778866e+01  3.708846e-02 
 2.778906e+01  3.593210e-02 
 2.778946e+01  3.477640e-02 
 2.778986e+01  3.361604e-02 
 2.779025e+01  3.244766e-02 
 2.779065e+01  3.126791e-02 
 2.779105e+01  3.007184e-02 
 2.779145e+01  2.886976e-02 
 2.779185e+01  2.766123e-02 
 2.779224e+01  2.645684e-02 
 2.779264e+01  2.524751e-02 
 2.779304e+01  2.403055e-02 
 2.779344e+01  2.279725e-02 
 2.779383e+01  2.156583e-02 
 2.779423e+01  2.033231e-02 
 2.779463e+01  1.909619e-02 
 2.779503e+01  1.786947e-02 
 2.779542e+01  1.663577e-02 
 2.779582e+01  1.540121e-02 
 2.779622e+01  1.416923e-02 
 2.779662e+01  1.293559e-02 
 2.779702e+01  1.172140e-02 
 2.779741e+01  1.049877e-02 
 2.779781e+01  9.288618e-03 
 2.779821e+01  8.077905e-03 
 2.779861e+01  6.881188e-03 
 2.779900e+01  5.684754e-03 
 2.779940e+01  4.510730e-03 
 2.779980e+01  3.342082e-03 
 2.780020e+01  2.194439e-03 
 2.780059e+01  1.046332e-03 
 2.780099e+01 -9.100359e-05 
 2.780139e+01 -1.224593e-03 
 2.780179e+01 -2.333968e-03 
 2.780219e+01 -3.438847e-03 
 2.780258e+01 -4.530178e-03 
 2.780298e+01 -5.625037e-03 
 2.780338e+01 -6.698080e-03 
 2.780378e+01 -7.765188e-03 
 2.780417e+01 -8.819874e-03 
 2.780457e+01 -9.839133e-03 
 2.780497e+01 -1.085223e-02 
 2.780537e+01 -1.184848e-02 
 2.780576e+01 -1.283587e-02 
 2.780616e+01 -1.379865e-02 
 2.780656e+01 -1.473592e-02 
 2.780696e+01 -1.565996e-02 
 2.780736e+01 -1.654693e-02 
 2.780775e+01 -1.741539e-02 
 2.780815e+01 -1.827573e-02 
 2.780855e+01 -1.910460e-02 
 2.780895e+01 -1.990033e-02 
 2.780934e+01 -2.066842e-02 
 2.780974e+01 -2.140888e-02 
 2.781014e+01 -2.212937e-02 
 2.781054e+01 -2.282200e-02 
 2.781093e+01 -2.348944e-02 
 2.781133e+01 -2.410130e-02 
 2.781173e+01 -2.467669e-02 
 2.781213e+01 -2.522707e-02 
 2.781253e+01 -2.574016e-02 
 2.781292e+01 -2.622960e-02 
 2.781332e+01 -2.669746e-02 
 2.781372e+01 -2.712200e-02 
 2.781412e+01 -2.751478e-02 
 2.781451e+01 -2.788739e-02 
 2.781491e+01 -2.822521e-02 
 2.781531e+01 -2.852940e-02 
 2.781571e+01 -2.879806e-02 
 2.781610e+01 -2.903083e-02 
 2.781650e+01 -2.922405e-02 
 2.781690e+01 -2.939089e-02 
 2.781730e+01 -2.952700e-02 
 2.781770e+01 -2.963394e-02 
 2.781809e+01 -2.972151e-02 
 2.781849e+01 -2.977981e-02 
 2.781889e+01 -2.980262e-02 
 2.781929e+01 -2.979016e-02 
 2.781968e+01 -2.974202e-02 
 2.782008e+01 -2.966595e-02 
 2.782048e+01 -2.955831e-02 
 2.782088e+01 -2.941946e-02 
 2.782127e+01 -2.924048e-02 
 2.782167e+01 -2.903501e-02 
 2.782207e+01 -2.882022e-02 
 2.782247e+01 -2.858807e-02 
 2.782287e+01 -2.832402e-02 
 2.782326e+01 -2.804518e-02 
 2.782366e+01 -2.774012e-02 
 2.782406e+01 -2.738708e-02 
 2.782446e+01 -2.701052e-02 
 2.782485e+01 -2.661204e-02 
 2.782525e+01 -2.616921e-02 
 2.782565e+01 -2.569837e-02 
 2.782605e+01 -2.519996e-02 
 2.782644e+01 -2.467679e-02 
 2.782684e+01 -2.411826e-02 
 2.782724e+01 -2.355137e-02 
 2.782764e+01 -2.295083e-02 
 2.782804e+01 -2.231545e-02 
 2.782843e+01 -2.164826e-02 
 2.782883e+01 -2.095706e-02 
 2.782923e+01 -2.024286e-02 
 2.782963e+01 -1.949807e-02 
 2.783002e+01 -1.872580e-02 
 2.783042e+01 -1.792206e-02 
 2.783082e+01 -1.708701e-02 
 2.783122e+01 -1.623740e-02 
 2.783161e+01 -1.536961e-02 
 2.783201e+01 -1.448660e-02 
 2.783241e+01 -1.358803e-02 
 2.783281e+01 -1.266437e-02 
 2.783321e+01 -1.172135e-02 
 2.783360e+01 -1.075600e-02 
 2.783400e+01 -9.778174e-03 
 2.783440e+01 -8.775773e-03 
 2.783480e+01 -7.742715e-03 
 2.783519e+01 -6.684636e-03 
 2.783559e+01 -5.624838e-03 
 2.783599e+01 -4.550775e-03 
 2.783639e+01 -3.456156e-03 
 2.783679e+01 -2.359726e-03 
 2.783718e+01 -1.251762e-03 
 2.783758e+01 -1.284716e-04 
 2.783798e+01  1.020859e-03 
 2.783838e+01  2.160911e-03 
 2.783877e+01  3.323217e-03 
 2.783917e+01  4.503404e-03 
 2.783957e+01  5.703490e-03 
 2.783997e+01  6.914368e-03 
 2.784036e+01  8.153941e-03 
 2.784076e+01  9.388433e-03 
 2.784116e+01  1.060799e-02 
 2.784156e+01  1.184152e-02 
 2.784196e+01  1.307011e-02 
 2.784235e+01  1.429295e-02 
 2.784275e+01  1.552154e-02 
 2.784315e+01  1.675088e-02 
 2.784355e+01  1.799592e-02 
 2.784394e+01  1.924376e-02 
 2.784434e+01  2.050646e-02 
 2.784474e+01  2.176935e-02 
 2.784514e+01  2.303089e-02 
 2.784553e+01  2.429538e-02 
 2.784593e+01  2.554801e-02 
 2.784633e+01  2.678995e-02 
 2.784673e+01  2.803776e-02 
 2.784713e+01  2.927357e-02 
 2.784752e+01  3.050083e-02 
 2.784792e+01  3.172235e-02 
 2.784832e+01  3.292832e-02 
 2.784872e+01  3.413428e-02 
 2.784911e+01  3.532822e-02 
 2.784951e+01  3.652381e-02 
 2.784991e+01  3.770529e-02 
 2.785031e+01  3.886978e-02 
 2.785070e+01  4.000796e-02 
 2.785110e+01  4.110973e-02 
 2.785150e+01  4.220728e-02 
 2.785190e+01  4.327883e-02 
 2.785230e+01  4.433580e-02 
 2.785269e+01  4.537074e-02 
 2.785309e+01  4.639404e-02 
 2.785349e+01  4.739015e-02 
 2.785389e+01  4.837865e-02 
 2.785428e+01  4.934596e-02 
 2.785468e+01  5.029378e-02 
 2.785508e+01  5.121948e-02 
 2.785548e+01  5.211430e-02 
 2.785587e+01  5.299496e-02 
 2.785627e+01  5.383768e-02 
 2.785667e+01  5.466461e-02 
 2.785707e+01  5.547983e-02 
 2.785747e+01  5.625462e-02 
 2.785786e+01  5.700470e-02 
 2.785826e+01  5.773220e-02 
 2.785866e+01  5.844005e-02 
 2.785906e+01  5.914293e-02 
 2.785945e+01  5.982185e-02 
 2.785985e+01  6.046785e-02 
 2.786025e+01  6.107587e-02 
 2.786065e+01  6.165461e-02 
 2.786104e+01  6.220500e-02 
 2.786144e+01  6.272564e-02 
 2.786184e+01  6.321517e-02 
 2.786224e+01  6.368271e-02 
 2.786264e+01  6.411938e-02 
 2.786303e+01  6.453834e-02 
 2.786343e+01  6.493050e-02 
 2.786383e+01  6.531356e-02 
 2.786423e+01  6.565824e-02 
 2.786462e+01  6.598302e-02 
 2.786502e+01  6.627026e-02 
 2.786542e+01  6.653323e-02 
 2.786582e+01  6.676490e-02 
 2.786621e+01  6.696930e-02 
 2.786661e+01  6.714575e-02 
 2.786701e+01  6.729534e-02 
 2.786741e+01  6.742507e-02 
 2.786781e+01  6.751910e-02 
 2.786820e+01  6.758926e-02 
 2.786860e+01  6.764401e-02 
 2.786900e+01  6.766906e-02 
 2.786940e+01  6.765702e-02 
 2.786979e+01  6.759455e-02 
 2.787019e+01  6.749465e-02 
 2.787059e+01  6.736061e-02 
 2.787099e+01  6.718743e-02 
 2.787138e+01  6.698863e-02 
 2.787178e+01  6.675768e-02 
 2.787218e+01  6.648968e-02 
 2.787258e+01  6.619125e-02 
 2.787298e+01  6.587864e-02 
 2.787337e+01  6.552039e-02 
 2.787377e+01  6.514998e-02 
 2.787417e+01  6.474235e-02 
 2.787457e+01  6.429909e-02 
 2.787496e+01  6.380020e-02 
 2.787536e+01  6.328646e-02 
 2.787576e+01  6.274511e-02 
 2.787616e+01  6.216652e-02 
 2.787655e+01  6.155732e-02 
 2.787695e+01  6.091502e-02 
 2.787735e+01  6.022834e-02 
 2.787775e+01  5.952604e-02 
 2.787815e+01  5.881110e-02 
 2.787854e+01  5.806601e-02 
 2.787894e+01  5.728784e-02 
 2.787934e+01  5.648433e-02 
 2.787974e+01  5.564789e-02 
 2.788013e+01  5.477375e-02 
 2.788053e+01  5.387942e-02 
 2.788093e+01  5.297715e-02 
 2.788133e+01  5.203760e-02 
 2.788172e+01  5.107091e-02 
 2.788212e+01  5.008678e-02 
 2.788252e+01  4.909021e-02 
 2.788292e+01  4.807624e-02 
 2.788332e+01  4.705661e-02 
 2.788371e+01  4.601822e-02 
 2.788411e+01  4.495387e-02 
 2.788451e+01  4.388057e-02 
 2.788491e+01  4.278958e-02 
 2.788530e+01  4.168325e-02 
 2.788570e+01  4.057848e-02 
 2.788610e+01  3.946129e-02 
 2.788650e+01  3.831298e-02 
 2.788689e+01  3.716103e-02 
 2.788729e+01  3.600823e-02 
 2.788769e+01  3.485639e-02 
 2.788809e+01  3.370415e-02 
 2.788849e+01  3.254712e-02 
 2.788888e+01  3.137536e-02 
 2.788928e+01  3.019028e-02 
 2.788968e+01  2.900328e-02 
 2.789008e+01  2.780281e-02 
 2.789047e+01  2.659080e-02 
 2.789087e+01  2.537656e-02 
 2.789127e+01  2.415882e-02 
 2.789167e+01  2.292426e-02 
 2.789206e+01  2.170516e-02 
 2.789246e+01  2.049091e-02 
 2.789286e+01  1.927261e-02 
 2.789326e+01  1.806385e-02 
 2.789366e+01  1.685883e-02 
 2.789405e+01  1.564325e-02 
 2.789445e+01  1.442263e-02 
 2.789485e+01  1.323028e-02 
 2.789525e+01  1.203777e-02 
 2.789564e+01  1.082202e-02 
 2.789604e+01  9.624821e-03 
 2.789644e+01  8.431257e-03 
 2.789684e+01  7.230147e-03 
 2.789723e+01  6.053877e-03 
 2.789763e+01  4.890782e-03 
 2.789803e+01  3.733772e-03 
 2.789843e+01  2.569011e-03 
 2.789883e+01  1.412733e-03 
 2.789922e+01  2.641683e-04 
 2.789962e+01 -8.810891e-04 
 2.790002e+01 -2.004435e-03 
 2.790042e+01 -3.117703e-03 
 2.790081e+01 -4.221599e-03 
 2.790121e+01 -5.317159e-03 
 2.790161e+01 -6.388532e-03 
 2.790201e+01 -7.443394e-03 
 2.790240e+01 -8.487893e-03 
 2.790280e+01 -9.505218e-03 
 2.790320e+01 -1.051061e-02 
 2.790360e+01 -1.150058e-02 
 2.790400e+01 -1.248107e-02 
 2.790439e+01 -1.341723e-02 
 2.790479e+01 -1.433448e-02 
 2.790519e+01 -1.524819e-02 
 2.790559e+01 -1.613166e-02 
 2.790598e+01 -1.700539e-02 
 2.790638e+01 -1.785714e-02 
 2.790678e+01 -1.867643e-02 
 2.790718e+01 -1.945537e-02 
 2.790757e+01 -2.021937e-02 
 2.790797e+01 -2.096862e-02 
 2.790837e+01 -2.167434e-02 
 2.790877e+01 -2.236494e-02 
 2.790917e+01 -2.303490e-02 
 2.790956e+01 -2.366919e-02 
 2.790996e+01 -2.427783e-02 
 2.791036e+01 -2.487206e-02 
 2.791076e+01 -2.543999e-02 
 2.791115e+01 -2.596994e-02 
 2.791155e+01 -2.648955e-02 
 2.791195e+01 -2.696670e-02 
 2.791235e+01 -2.740034e-02 
 2.791274e+01 -2.781299e-02 
 2.791314e+01 -2.818430e-02 
 2.791354e+01 -2.852211e-02 
 2.791394e+01 -2.881029e-02 
 2.791434e+01 -2.909042e-02 
 2.791473e+01 -2.931661e-02 
 2.791513e+01 -2.952339e-02 
 2.791553e+01 -2.970160e-02 
 2.791593e+01 -2.985520e-02 
 2.791632e+01 -2.996958e-02 
 2.791672e+01 -3.005066e-02 
 2.791712e+01 -3.008638e-02 
 2.791752e+01 -3.009433e-02 
 2.791791e+01 -3.006920e-02 
 2.791831e+01 -3.001977e-02 
 2.791871e+01 -2.992035e-02 
 2.791911e+01 -2.979150e-02 
 2.791951e+01 -2.963004e-02 
 2.791990e+01 -2.942753e-02 
 2.792030e+01 -2.920681e-02 
 2.792070e+01 -2.895785e-02 
 2.792110e+01 -2.868721e-02 
 2.792149e+01 -2.836381e-02 
 2.792189e+01 -2.801659e-02 
 2.792229e+01 -2.763655e-02 
 2.792269e+01 -2.722712e-02 
 2.792308e+01 -2.677621e-02 
 2.792348e+01 -2.629895e-02 
 2.792388e+01 -2.577669e-02 
 2.792428e+01 -2.522636e-02 
 2.792468e+01 -2.466907e-02 
 2.792507e+01 -2.408602e-02 
 2.792547e+01 -2.349370e-02 
 2.792587e+01 -2.286087e-02 
 2.792627e+01 -2.221930e-02 
 2.792666e+01 -2.154199e-02 
 2.792706e+01 -2.084377e-02 
 2.792746e+01 -2.012960e-02 
 2.792786e+01 -1.938368e-02 
 2.792826e+01 -1.861247e-02 
 2.792865e+01 -1.781783e-02 
 2.792905e+01 -1.699244e-02 
 2.792945e+01 -1.616310e-02 
 2.792985e+01 -1.532426e-02 
 2.793024e+01 -1.446744e-02 
 2.793064e+01 -1.360675e-02 
 2.793104e+01 -1.270406e-02 
 2.793144e+01 -1.180039e-02 
 2.793183e+01 -1.087275e-02 
 2.793223e+01 -9.914421e-03 
 2.793263e+01 -8.932081e-03 
 2.793303e+01 -7.920680e-03 
 2.793343e+01 -6.886278e-03 
 2.793382e+01 -5.838449e-03 
 2.793422e+01 -4.783073e-03 
 2.793462e+01 -3.727570e-03 
 2.793502e+01 -2.651276e-03 
 2.793541e+01 -1.555552e-03 
 2.793581e+01 -4.437676e-04 
 2.793621e+01  6.822796e-04 
 2.793661e+01  1.819698e-03 
 2.793700e+01  2.978064e-03 
 2.793740e+01  4.153775e-03 
 2.793780e+01  5.333907e-03 
 2.793820e+01  6.538385e-03 
 2.793860e+01  7.729858e-03 
 2.793899e+01  8.941259e-03 
 2.793939e+01  1.014628e-02 
 2.793979e+01  1.136279e-02 
 2.794019e+01  1.258775e-02 
 2.794058e+01  1.382114e-02 
 2.794098e+01  1.506420e-02 
 2.794138e+01  1.631792e-02 
 2.794178e+01  1.757180e-02 
 2.794217e+01  1.883817e-02 
 2.794257e+01  2.011130e-02 
 2.794297e+01  2.138201e-02 
 2.794337e+01  2.264391e-02 
 2.794377e+01  2.390096e-02 
 2.794416e+01  2.514714e-02 
 2.794456e+01  2.638180e-02 
 2.794496e+01  2.762189e-02 
 2.794536e+01  2.884557e-02 
 2.794575e+01  3.005824e-02 
 2.794615e+01  3.126930e-02 
 2.794655e+01  3.247483e-02 
 2.794695e+01  3.366354e-02 
 2.794734e+01  3.484443e-02 
 2.794774e+01  3.603299e-02 
 2.794814e+01  3.720008e-02 
 2.794854e+01  3.834422e-02 
 2.794894e+01  3.948581e-02 
 2.794933e+01  4.060709e-02 
 2.794973e+01  4.170111e-02 
 2.795013e+01  4.279573e-02 
 2.795053e+01  4.387499e-02 
 2.795092e+01  4.492753e-02 
 2.795132e+01  4.598306e-02 
 2.795172e+01  4.702414e-02 
 2.795212e+01  4.804893e-02 
 2.795251e+01  4.906250e-02 
 2.795291e+01  5.005800e-02 
 2.795331e+01  5.101716e-02 
 2.795371e+01  5.194691e-02 
 2.795411e+01  5.286059e-02 
 2.795450e+01  5.374356e-02 
 2.795490e+01  5.460824e-02 
 2.795530e+01  5.544779e-02 
 2.795570e+01  5.625863e-02 
 2.795609e+01  5.705130e-02 
 2.795649e+01  5.782432e-02 
 2.795689e+01  5.857397e-02 
 2.795729e+01  5.928990e-02 
 2.795768e+01  5.997523e-02 
 2.795808e+01  6.062064e-02 
 2.795848e+01  6.122740e-02 
 2.795888e+01  6.180107e-02 
 2.795928e+01  6.235809e-02 
 2.795967e+01  6.287636e-02 
 2.796007e+01  6.336524e-02 
 2.796047e+01  6.383398e-02 
 2.796087e+01  6.427031e-02 
 2.796126e+01  6.468424e-02 
 2.796166e+01  6.507608e-02 
 2.796206e+01  6.544571e-02 
 2.796246e+01  6.577506e-02 
 2.796285e+01  6.606205e-02 
 2.796325e+01  6.632461e-02 
 2.796365e+01  6.655536e-02 
 2.796405e+01  6.676037e-02 
 2.796445e+01  6.693478e-02 
 2.796484e+01  6.708038e-02 
 2.796524e+01  6.719009e-02 
 2.796564e+01  6.726938e-02 
 2.796604e+01  6.732329e-02 
 2.796643e+01  6.734888e-02 
 2.796683e+01  6.735380e-02 
 2.796723e+01  6.732878e-02 
 2.796763e+01  6.726959e-02 
 2.796802e+01  6.717283e-02 
 2.796842e+01  6.705726e-02 
 2.796882e+01  6.693175e-02 
 2.796922e+01  6.677094e-02 
 2.796962e+01  6.658609e-02 
 2.797001e+01  6.638267e-02 
 2.797041e+01  6.613294e-02 
 2.797081e+01  6.585261e-02 
 2.797121e+01  6.557240e-02 
 2.797160e+01  6.526134e-02 
 2.797200e+01  6.490649e-02 
 2.797240e+01  6.452410e-02 
 2.797280e+01  6.410986e-02 
 2.797319e+01  6.365581e-02 
 2.797359e+01  6.317404e-02 
 2.797399e+01  6.268327e-02 
 2.797439e+01  6.215345e-02 
 2.797479e+01  6.158191e-02 
 2.797518e+01  6.098651e-02 
 2.797558e+01  6.035191e-02 
 2.797598e+01  5.969729e-02 
 2.797638e+01  5.901974e-02 
 2.797677e+01  5.831302e-02 
 2.797717e+01  5.756585e-02 
 2.797757e+01  5.678392e-02 
 2.797797e+01  5.597398e-02 
 2.797836e+01  5.514459e-02 
 2.797876e+01  5.429046e-02 
 2.797916e+01  5.342462e-02 
 2.797956e+01  5.252069e-02 
 2.797996e+01  5.158575e-02 
 2.798035e+01  5.063992e-02 
 2.798075e+01  4.967834e-02 
 2.798115e+01  4.870689e-02 
 2.798155e+01  4.770537e-02 
 2.798194e+01  4.667992e-02 
 2.798234e+01  4.563110e-02 
 2.798274e+01  4.456189e-02 
 2.798314e+01  4.348542e-02 
 2.798353e+01  4.239038e-02 
 2.798393e+01  4.128068e-02 
 2.798433e+01  4.015696e-02 
 2.798473e+01  3.899930e-02 
 2.798513e+01  3.783667e-02 
 2.798552e+01  3.665782e-02 
 2.798592e+01  3.547391e-02 
 2.798632e+01  3.426825e-02 
 2.798672e+01  3.305693e-02 
 2.798711e+01  3.183341e-02 
 2.798751e+01  3.059629e-02 
 2.798791e+01  2.937071e-02 
 2.798831e+01  2.814078e-02 
 2.798870e+01  2.689678e-02 
 2.798910e+01  2.565165e-02 
 2.798950e+01  2.440278e-02 
 2.798990e+01  2.315361e-02 
 2.799030e+01  2.189480e-02 
 2.799069e+01  2.065304e-02 
 2.799109e+01  1.940600e-02 
 2.799149e+01  1.815236e-02 
 2.799189e+01  1.690920e-02 
 2.799228e+01  1.567829e-02 
 2.799268e+01  1.444032e-02 
 2.799308e+01  1.321737e-02 
 2.799348e+01  1.200564e-02 
 2.799387e+01  1.078214e-02 
 2.799427e+01  9.565289e-03 
 2.799467e+01  8.357326e-03 
 2.799507e+01  7.160137e-03 
 2.799547e+01  5.972991e-03 
 2.799586e+01  4.803779e-03 
 2.799626e+01  3.655225e-03 
 2.799666e+01  2.504594e-03 
 2.799706e+01  1.365064e-03 
 2.799745e+01  2.456967e-04 
 2.799785e+01 -8.523390e-04 
 2.799825e+01 -1.938386e-03 
 2.799865e+01 -3.025267e-03 
 2.799904e+01 -4.095190e-03 
 2.799944e+01 -5.145249e-03 
 2.799984e+01 -6.192749e-03 
 2.800024e+01 -7.201957e-03 
 2.800064e+01 -8.203122e-03 
 2.800103e+01 -9.186211e-03 
 2.800143e+01 -1.016165e-02 
 2.800183e+01 -1.110952e-02 
 2.800223e+01 -1.204740e-02 
 2.800262e+01 -1.295600e-02 
 2.800302e+01 -1.384493e-02 
 2.800342e+01 -1.473228e-02 
 2.800382e+01 -1.561347e-02 
 2.800421e+01 -1.647402e-02 
 2.800461e+01 -1.730420e-02 
 2.800501e+01 -1.812066e-02 
 2.800541e+01 -1.891089e-02 
 2.800581e+01 -1.968930e-02 
 2.800620e+01 -2.045344e-02 
 2.800660e+01 -2.119196e-02 
 2.800700e+01 -2.189548e-02 
 2.800740e+01 -2.257163e-02 
 2.800779e+01 -2.322190e-02 
 2.800819e+01 -2.384487e-02 
 2.800859e+01 -2.444968e-02 
 2.800899e+01 -2.502589e-02 
 2.800938e+01 -2.555863e-02 
 2.800978e+01 -2.607438e-02 
 2.801018e+01 -2.655761e-02 
 2.801058e+01 -2.700767e-02 
 2.801098e+01 -2.743735e-02 
 2.801137e+01 -2.783997e-02 
 2.801177e+01 -2.819052e-02 
 2.801217e+01 -2.852010e-02 
 2.801257e+01 -2.882343e-02 
 2.801296e+01 -2.909773e-02 
 2.801336e+01 -2.932813e-02 
 2.801376e+01 -2.955247e-02 
 2.801416e+01 -2.973431e-02 
 2.801455e+01 -2.986338e-02 
 2.801495e+01 -2.997927e-02 
 2.801535e+01 -3.006347e-02 
 2.801575e+01 -3.010992e-02 
 2.801615e+01 -3.012752e-02 
 2.801654e+01 -3.010554e-02 
 2.801694e+01 -3.003377e-02 
 2.801734e+01 -2.992760e-02 
 2.801774e+01 -2.980480e-02 
 2.801813e+01 -2.964205e-02 
 2.801853e+01 -2.944691e-02 
 2.801893e+01 -2.922139e-02 
 2.801933e+01 -2.897054e-02 
 2.801973e+01 -2.867639e-02 
 2.802012e+01 -2.834252e-02 
 2.802052e+01 -2.799969e-02 
 2.802092e+01 -2.760435e-02 
 2.802132e+01 -2.718105e-02 
 2.802171e+01 -2.672311e-02 
 2.802211e+01 -2.624133e-02 
 2.802251e+01 -2.572675e-02 
 2.802291e+01 -2.518956e-02 
 2.802330e+01 -2.463329e-02 
 2.802370e+01 -2.403269e-02 
 2.802410e+01 -2.339809e-02 
 2.802450e+01 -2.274426e-02 
 2.802490e+01 -2.205784e-02 
 2.802529e+01 -2.133703e-02 
 2.802569e+01 -2.059916e-02 
 2.802609e+01 -1.983136e-02 
 2.802649e+01 -1.903370e-02 
 2.802688e+01 -1.820908e-02 
 2.802728e+01 -1.737458e-02 
 2.802768e+01 -1.651806e-02 
 2.802808e+01 -1.564641e-02 
 2.802847e+01 -1.474229e-02 
 2.802887e+01 -1.382011e-02 
 2.802927e+01 -1.286605e-02 
 2.802967e+01 -1.189816e-02 
 2.803007e+01 -1.090414e-02 
 2.803046e+01 -9.895568e-03 
 2.803086e+01 -8.875746e-03 
 2.803126e+01 -7.834817e-03 
 2.803166e+01 -6.791593e-03 
 2.803205e+01 -5.743063e-03 
 2.803245e+01 -4.675488e-03 
 2.803285e+01 -3.615633e-03 
 2.803325e+01 -2.532546e-03 
 2.803364e+01 -1.440320e-03 
 2.803404e+01 -3.401307e-04 
 2.803444e+01  7.827122e-04 
 2.803484e+01  1.891607e-03 
 2.803524e+01  3.030366e-03 
 2.803563e+01  4.175644e-03 
 2.803603e+01  5.330878e-03 
 2.803643e+01  6.500891e-03 
 2.803683e+01  7.671483e-03 
 2.803722e+01  8.852961e-03 
 2.803762e+01  1.002423e-02 
 2.803802e+01  1.121368e-02 
 2.803842e+01  1.240343e-02 
 2.803881e+01  1.360210e-02 
 2.803921e+01  1.481147e-02 
 2.803961e+01  1.602092e-02 
 2.804001e+01  1.723036e-02 
 2.804041e+01  1.845358e-02 
 2.804080e+01  1.967479e-02 
 2.804120e+01  2.089941e-02 
 2.804160e+01  2.210471e-02 
 2.804200e+01  2.331792e-02 
 2.804239e+01  2.452131e-02 
 2.804279e+01  2.572432e-02 
 2.804319e+01  2.693586e-02 
 2.804359e+01  2.815020e-02 
 2.804398e+01  2.936263e-02 
 2.804438e+01  3.056403e-02 
 2.804478e+01  3.177426e-02 
 2.804518e+01  3.298252e-02 
 2.804558e+01  3.418031e-02 
 2.804597e+01  3.537411e-02 
 2.804637e+01  3.655589e-02 
 2.804677e+01  3.770823e-02 
 2.804717e+01  3.885179e-02 
 2.804756e+01  3.999684e-02 
 2.804796e+01  4.112981e-02 
 2.804836e+01  4.224436e-02 
 2.804876e+01  4.335874e-02 
 2.804915e+01  4.445235e-02 
 2.804955e+01  4.553692e-02 
 2.804995e+01  4.661012e-02 
 2.805035e+01  4.765846e-02 
 2.805075e+01  4.867535e-02 
 2.805114e+01  4.966687e-02 
 2.805154e+01  5.061875e-02 
 2.805194e+01  5.155875e-02 
 2.805234e+01  5.248190e-02 
 2.805273e+01  5.339781e-02 
 2.805313e+01  5.426766e-02 
 2.805353e+01  5.512964e-02 
 2.805393e+01  5.596233e-02 
 2.805432e+01  5.677318e-02 
 2.805472e+01  5.756615e-02 
 2.805512e+01  5.833226e-02 
 2.805552e+01  5.907052e-02 
 2.805592e+01  5.976652e-02 
 2.805631e+01  6.044900e-02 
 2.805671e+01  6.109610e-02 
 2.805711e+01  6.172126e-02 
 2.805751e+01  6.232903e-02 
 2.805790e+01  6.290409e-02 
 2.805830e+01  6.343578e-02 
 2.805870e+01  6.395512e-02 
 2.805910e+01  6.444145e-02 
 2.805949e+01  6.489717e-02 
 2.805989e+01  6.531403e-02 
 2.806029e+01  6.569934e-02 
 2.806069e+01  6.603842e-02 
 2.806109e+01  6.633354e-02 
 2.806148e+01  6.660578e-02 
 2.806188e+01  6.684707e-02 
 2.806228e+01  6.705651e-02 
 2.806268e+01  6.722808e-02 
 2.806307e+01  6.738046e-02 
 2.806347e+01  6.748321e-02 
 2.806387e+01  6.755719e-02 
 2.806427e+01  6.762092e-02 
 2.806466e+01  6.764873e-02 
 2.806506e+01  6.764460e-02 
 2.806546e+01  6.760940e-02 
 2.806586e+01  6.752193e-02 
 2.806626e+01  6.740861e-02 
 2.806665e+01  6.725926e-02 
 2.806705e+01  6.709354e-02 
 2.806745e+01  6.688717e-02 
 2.806785e+01  6.665636e-02 
 2.806824e+01  6.639953e-02 
 2.806864e+01  6.612022e-02 
 2.806904e+01  6.581860e-02 
 2.806944e+01  6.549506e-02 
 2.806983e+01  6.512937e-02 
 2.807023e+01  6.473618e-02 
 2.807063e+01  6.430264e-02 
 2.807103e+01  6.384789e-02 
 2.807143e+01  6.336474e-02 
 2.807182e+01  6.286690e-02 
 2.807222e+01  6.235043e-02 
 2.807262e+01  6.179501e-02 
 2.807302e+01  6.122804e-02 
 2.807341e+01  6.063187e-02 
 2.807381e+01  6.001965e-02 
 2.807421e+01  5.937897e-02 
 2.807461e+01  5.872996e-02 
 2.807500e+01  5.804799e-02 
 2.807540e+01  5.733396e-02 
 2.807580e+01  5.660003e-02 
 2.807620e+01  5.585335e-02 
 2.807660e+01  5.508981e-02 
 2.807699e+01  5.429971e-02 
 2.807739e+01  5.349246e-02 
 2.807779e+01  5.265942e-02 
 2.807819e+01  5.178737e-02 
 2.807858e+01  5.090855e-02 
 2.807898e+01  4.999958e-02 
 2.807938e+01  4.905807e-02 
 2.807978e+01  4.809294e-02 
 2.808017e+01  4.710436e-02 
 2.808057e+01  4.608723e-02 
 2.808097e+01  4.505196e-02 
 2.808137e+01  4.400768e-02 
 2.808177e+01  4.293733e-02 
 2.808216e+01  4.183623e-02 
 2.808256e+01  4.071792e-02 
 2.808296e+01  3.957636e-02 
 2.808336e+01  3.841490e-02 
 2.808375e+01  3.725493e-02 
 2.808415e+01  3.609248e-02 
 2.808455e+01  3.490890e-02 
 2.808495e+01  3.369863e-02 
 2.808534e+01  3.249836e-02 
 2.808574e+01  3.127777e-02 
 2.808614e+01  3.005214e-02 
 2.808654e+01  2.881189e-02 
 2.808694e+01  2.757599e-02 
 2.808733e+01  2.631392e-02 
 2.808773e+01  2.504194e-02 
 2.808813e+01  2.378890e-02 
 2.808853e+01  2.252725e-02 
 2.808892e+01  2.125704e-02 
 2.808932e+01  1.999367e-02 
 2.808972e+01  1.872638e-02 
 2.809012e+01  1.744252e-02 
 2.809051e+01  1.617970e-02 
 2.809091e+01  1.493080e-02 
 2.809131e+01  1.367783e-02 
 2.809171e+01  1.242924e-02 
 2.809211e+01  1.118217e-02 
 2.809250e+01  9.939246e-03 
 2.809290e+01  8.706624e-03 
 2.809330e+01  7.501431e-03 
 2.809370e+01  6.304598e-03 
 2.809409e+01  5.118907e-03 
 2.809449e+01  3.930562e-03 
 2.809489e+01  2.751097e-03 
 2.809529e+01  1.585952e-03 
 2.809568e+01  4.452030e-04 
 2.809608e+01 -6.859233e-04 
 2.809648e+01 -1.811547e-03 
 2.809688e+01 -2.924498e-03 
 2.809728e+01 -4.019964e-03 
 2.809767e+01 -5.093571e-03 
 2.809807e+01 -6.154399e-03 
 2.809847e+01 -7.184186e-03 
 2.809887e+01 -8.213542e-03 
 2.809926e+01 -9.233014e-03 
 2.809966e+01 -1.022412e-02 
 2.810006e+01 -1.119336e-02 
 2.810046e+01 -1.215509e-02 
 2.810085e+01 -1.307932e-02 
 2.810125e+01 -1.399426e-02 
 2.810165e+01 -1.491463e-02 
 2.810205e+01 -1.580343e-02 
 2.810245e+01 -1.665722e-02 
 2.810284e+01 -1.748438e-02 
 2.810324e+01 -1.828242e-02 
 2.810364e+01 -1.904020e-02 
 2.810404e+01 -1.978376e-02 
 2.810443e+01 -2.049710e-02 
 2.810483e+01 -2.117581e-02 
 2.810523e+01 -2.183109e-02 
 2.810563e+01 -2.247141e-02 
 2.810602e+01 -2.308164e-02 
 2.810642e+01 -2.366399e-02 
 2.810682e+01 -2.423874e-02 
 2.810722e+01 -2.477329e-02 
 2.810762e+01 -2.528040e-02 
 2.810801e+01 -2.575580e-02 
 2.810841e+01 -2.621100e-02 
 2.810881e+01 -2.662795e-02 
 2.810921e+01 -2.702132e-02 
 2.810960e+01 -2.738972e-02 
 2.811000e+01 -2.773519e-02 
 2.811040e+01 -2.804580e-02 
 2.811080e+01 -2.834480e-02 
 2.811119e+01 -2.862596e-02 
 2.811159e+01 -2.887911e-02 
 2.811199e+01 -2.909541e-02 
 2.811239e+01 -2.928095e-02 
 2.811279e+01 -2.942875e-02 
 2.811318e+01 -2.953335e-02 
 2.811358e+01 -2.962020e-02 
 2.811398e+01 -2.968804e-02 
 2.811438e+01 -2.971510e-02 
 2.811477e+01 -2.971373e-02 
 2.811517e+01 -2.970257e-02 
 2.811557e+01 -2.965845e-02 
 2.811597e+01 -2.958679e-02 
 2.811637e+01 -2.948533e-02 
 2.811676e+01 -2.935162e-02 
 2.811716e+01 -2.918101e-02 
 2.811756e+01 -2.897381e-02 
 2.811796e+01 -2.873483e-02 
 2.811835e+01 -2.846146e-02 
 2.811875e+01 -2.814861e-02 
 2.811915e+01 -2.781164e-02 
 2.811955e+01 -2.743231e-02 
 2.811994e+01 -2.701779e-02 
 2.812034e+01 -2.658750e-02 
 2.812074e+01 -2.612581e-02 
 2.812114e+01 -2.563852e-02 
 2.812154e+01 -2.510562e-02 
 2.812193e+01 -2.454632e-02 
 2.812233e+01 -2.392950e-02 
 2.812273e+01 -2.329042e-02 
 2.812313e+01 -2.261496e-02 
 2.812352e+01 -2.190175e-02 
 2.812392e+01 -2.116524e-02 
 2.812432e+01 -2.039027e-02 
 2.812472e+01 -1.958477e-02 
 2.812511e+01 -1.876776e-02 
 2.812551e+01 -1.793459e-02 
 2.812591e+01 -1.707633e-02 
 2.812631e+01 -1.619102e-02 
 2.812671e+01 -1.528528e-02 
 2.812710e+01 -1.434998e-02 
 2.812750e+01 -1.339378e-02 
 2.812790e+01 -1.242294e-02 
 2.812830e+01 -1.142972e-02 
 2.812869e+01 -1.040311e-02 
 2.812909e+01 -9.379102e-03 
 2.812949e+01 -8.332506e-03 
 2.812989e+01 -7.273630e-03 
 2.813028e+01 -6.222443e-03 
 2.813068e+01 -5.153156e-03 
 2.813108e+01 -4.070220e-03 
 2.813148e+01 -2.961685e-03 
 2.813188e+01 -1.838420e-03 
 2.813227e+01 -6.942954e-04 
 2.813267e+01  4.584906e-04 
 2.813307e+01  1.628819e-03 
 2.813347e+01  2.804691e-03 
 2.813386e+01  3.994244e-03 
 2.813426e+01  5.175096e-03 
 2.813466e+01  6.356701e-03 
 2.813506e+01  7.540832e-03 
 2.813545e+01  8.731199e-03 
 2.813585e+01  9.914056e-03 
 2.813625e+01  1.111700e-02 
 2.813665e+01  1.232892e-02 
 2.813705e+01  1.354402e-02 
 2.813744e+01  1.476781e-02 
 2.813784e+01  1.599096e-02 
 2.813824e+01  1.722813e-02 
 2.813864e+01  1.845442e-02 
 2.813903e+01  1.969217e-02 
 2.813943e+01  2.090817e-02 
 2.813983e+01  2.211788e-02 
 2.814023e+01  2.331412e-02 
 2.814062e+01  2.451964e-02 
 2.814102e+01  2.571815e-02 
 2.814142e+01  2.692318e-02 
 2.814182e+01  2.813014e-02 
 2.814222e+01  2.933236e-02 
 2.814261e+01  3.052487e-02 
 2.814301e+01  3.171609e-02 
 2.814341e+01  3.290110e-02 
 2.814381e+01  3.407930e-02 
 2.814420e+01  3.523213e-02 
 2.814460e+01  3.636377e-02 
 2.814500e+01  3.748848e-02 
 2.814540e+01  3.860574e-02 
 2.814579e+01  3.971098e-02 
 2.814619e+01  4.080255e-02 
 2.814659e+01  4.188467e-02 
 2.814699e+01  4.294817e-02 
 2.814739e+01  4.399758e-02 
 2.814778e+01  4.504239e-02 
 2.814818e+01  4.607483e-02 
 2.814858e+01  4.709340e-02 
 2.814898e+01  4.808392e-02 
 2.814937e+01  4.904491e-02 
 2.814977e+01  4.999183e-02 
 2.815017e+01  5.092159e-02 
 2.815057e+01  5.184181e-02 
 2.815096e+01  5.275208e-02 
 2.815136e+01  5.363084e-02 
 2.815176e+01  5.449900e-02 
 2.815216e+01  5.534956e-02 
 2.815256e+01  5.619398e-02 
 2.815295e+01  5.701449e-02 
 2.815335e+01  5.780213e-02 
 2.815375e+01  5.857372e-02 
 2.815415e+01  5.930325e-02 
 2.815454e+01  6.000681e-02 
 2.815494e+01  6.068436e-02 
 2.815534e+01  6.133580e-02 
 2.815574e+01  6.195744e-02 
 2.815613e+01  6.254752e-02 
 2.815653e+01  6.310419e-02 
 2.815693e+01  6.364069e-02 
 2.815733e+01  6.415071e-02 
 2.815773e+01  6.465254e-02 
 2.815812e+01  6.509631e-02 
 2.815852e+01  6.551432e-02 
 2.815892e+01  6.589928e-02 
 2.815932e+01  6.624220e-02 
 2.815971e+01  6.656486e-02 
 2.816011e+01  6.685634e-02 
 2.816051e+01  6.713299e-02 
 2.816091e+01  6.735321e-02 
 2.816130e+01  6.755292e-02 
 2.816170e+01  6.771832e-02 
 2.816210e+01  6.785443e-02 
 2.816250e+01  6.795296e-02 
 2.816290e+01  6.802397e-02 
 2.816329e+01  6.804119e-02 
 2.816369e+01  6.801638e-02 
 2.816409e+01  6.796852e-02 
 2.816449e+01  6.789302e-02 
 2.816488e+01  6.777532e-02 
 2.816528e+01  6.763119e-02 
 2.816568e+01  6.744736e-02 
 2.816608e+01  6.722300e-02 
 2.816647e+01  6.697825e-02 
 2.816687e+01  6.669179e-02 
 2.816727e+01  6.637731e-02 
 2.816767e+01  6.603337e-02 
 2.816807e+01  6.565104e-02 
 2.816846e+01  6.522125e-02 
 2.816886e+01  6.476709e-02 
 2.816926e+01  6.429754e-02 
 2.816966e+01  6.379422e-02 
 2.817005e+01  6.325806e-02 
 2.817045e+01  6.270277e-02 
 2.817085e+01  6.211541e-02 
 2.817125e+01  6.149499e-02 
 2.817164e+01  6.085733e-02 
 2.817204e+01  6.020333e-02 
 2.817244e+01  5.952269e-02 
 2.817284e+01  5.882119e-02 
 2.817324e+01  5.808639e-02 
 2.817363e+01  5.732968e-02 
 2.817403e+01  5.655012e-02 
 2.817443e+01  5.575990e-02 
 2.817483e+01  5.494423e-02 
 2.817522e+01  5.409205e-02 
 2.817562e+01  5.321825e-02 
 2.817602e+01  5.233490e-02 
 2.817642e+01  5.143129e-02 
 2.817681e+01  5.051925e-02 
 2.817721e+01  4.959102e-02 
 2.817761e+01  4.864615e-02 
 2.817801e+01  4.767154e-02 
 2.817841e+01  4.669194e-02 
 2.817880e+01  4.570371e-02 
 2.817920e+01  4.470414e-02 
 2.817960e+01  4.368690e-02 
 2.818000e+01  4.266709e-02 
 2.818039e+01  4.161406e-02 
 2.818079e+01  4.055664e-02 
 2.818119e+01  3.950056e-02 
 2.818159e+01  3.843588e-02 
 2.818198e+01  3.734966e-02 
 2.818238e+01  3.625020e-02 
 2.818278e+01  3.513877e-02 
 2.818318e+01  3.400074e-02 
 2.818358e+01  3.285785e-02 
 2.818397e+01  3.170758e-02 
 2.818437e+01  3.054072e-02 
 2.818477e+01  2.935834e-02 
 2.818517e+01  2.815747e-02 
 2.818556e+01  2.694611e-02 
 2.818596e+01  2.573129e-02 
 2.818636e+01  2.451963e-02 
 2.818676e+01  2.330215e-02 
 2.818715e+01  2.207344e-02 
 2.818755e+01  2.082780e-02 
 2.818795e+01  1.958027e-02 
 2.818835e+01  1.832836e-02 
 2.818875e+01  1.708219e-02 
 2.818914e+01  1.583506e-02 
 2.818954e+01  1.457576e-02 
 2.818994e+01  1.330983e-02 
 2.819034e+01  1.204221e-02 
 2.819073e+01  1.077877e-02 
 2.819113e+01  9.525828e-03 
 2.819153e+01  8.294366e-03 
 2.819193e+01  7.068735e-03 
 2.819232e+01  5.821651e-03 
 2.819272e+01  4.601568e-03 
 2.819312e+01  3.396441e-03 
 2.819352e+01  2.194545e-03 
 2.819392e+01  1.005718e-03 
 2.819431e+01 -1.764668e-04 
 2.819471e+01 -1.365391e-03 
 2.819511e+01 -2.541731e-03 
 2.819551e+01 -3.698697e-03 
 2.819590e+01 -4.824938e-03 
 2.819630e+01 -5.932957e-03 
 2.819670e+01 -7.012141e-03 
 2.819710e+01 -8.079773e-03 
 2.819749e+01 -9.133641e-03 
 2.819789e+01 -1.015684e-02 
 2.819829e+01 -1.115380e-02 
 2.819869e+01 -1.213472e-02 
 2.819909e+01 -1.309839e-02 
 2.819948e+01 -1.403740e-02 
 2.819988e+01 -1.496041e-02 
 2.820028e+01 -1.585403e-02 
 2.820068e+01 -1.670882e-02 
 2.820107e+01 -1.752602e-02 
 2.820147e+01 -1.832975e-02 
 2.820187e+01 -1.910790e-02 
 2.820227e+01 -1.985798e-02 
 2.820266e+01 -2.059167e-02 
 2.820306e+01 -2.130534e-02 
 2.820346e+01 -2.198457e-02 
 2.820386e+01 -2.264033e-02 
 2.820426e+01 -2.328384e-02 
 2.820465e+01 -2.389175e-02 
 2.820505e+01 -2.446079e-02 
 2.820545e+01 -2.499389e-02 
 2.820585e+01 -2.550010e-02 
 2.820624e+01 -2.596980e-02 
 2.820664e+01 -2.641418e-02 
 2.820704e+01 -2.682999e-02 
 2.820744e+01 -2.722027e-02 
 2.820784e+01 -2.757979e-02 
 2.820823e+01 -2.790295e-02 
 2.820863e+01 -2.820816e-02 
 2.820903e+01 -2.848141e-02 
 2.820943e+01 -2.873058e-02 
 2.820982e+01 -2.894423e-02 
 2.821022e+01 -2.911638e-02 
 2.821062e+01 -2.925452e-02 
 2.821102e+01 -2.936653e-02 
 2.821141e+01 -2.944907e-02 
 2.821181e+01 -2.950065e-02 
 2.821221e+01 -2.952748e-02 
 2.821261e+01 -2.952468e-02 
 2.821301e+01 -2.948860e-02 
 2.821340e+01 -2.943901e-02 
 2.821380e+01 -2.936628e-02 
 2.821420e+01 -2.925743e-02 
 2.821460e+01 -2.912496e-02 
 2.821499e+01 -2.896078e-02 
 2.821539e+01 -2.876266e-02 
 2.821579e+01 -2.852921e-02 
 2.821619e+01 -2.827397e-02 
 2.821658e+01 -2.798762e-02 
 2.821698e+01 -2.766840e-02 
 2.821738e+01 -2.733351e-02 
 2.821778e+01 -2.696766e-02 
 2.821818e+01 -2.657654e-02 
 2.821857e+01 -2.617894e-02 
 2.821897e+01 -2.574748e-02 
 2.821937e+01 -2.528123e-02 
 2.821977e+01 -2.477661e-02 
 2.822016e+01 -2.424702e-02 
 2.822056e+01 -2.367899e-02 
 2.822096e+01 -2.308053e-02 
 2.822136e+01 -2.247598e-02 
 2.822175e+01 -2.182814e-02 
 2.822215e+01 -2.115862e-02 
 2.822255e+01 -2.047561e-02 
 2.822295e+01 -1.977587e-02 
 2.822335e+01 -1.904990e-02 
 2.822374e+01 -1.830036e-02 
 2.822414e+01 -1.752005e-02 
 2.822454e+01 -1.670689e-02 
 2.822494e+01 -1.585300e-02 
 2.822533e+01 -1.499072e-02 
 2.822573e+01 -1.408261e-02 
 2.822613e+01 -1.314534e-02 
 2.822653e+01 -1.219490e-02 
 2.822692e+01 -1.121594e-02 
 2.822732e+01 -1.020543e-02 
 2.822772e+01 -9.194083e-03 
 2.822812e+01 -8.163456e-03 
 2.822852e+01 -7.099459e-03 
 2.822891e+01 -6.018270e-03 
 2.822931e+01 -4.909871e-03 
 2.822971e+01 -3.772409e-03 
 2.823011e+01 -2.623791e-03 
 2.823050e+01 -1.460064e-03 
 2.823090e+01 -2.864721e-04 
 2.823130e+01  9.030906e-04 
 2.823170e+01  2.101453e-03 
 2.823209e+01  3.313995e-03 
 2.823249e+01  4.525087e-03 
 2.823289e+01  5.744585e-03 
 2.823329e+01  6.978339e-03 
 2.823369e+01  8.217943e-03 
 2.823408e+01  9.470456e-03 
 2.823448e+01  1.072996e-02 
 2.823488e+01  1.200733e-02 
 2.823528e+01  1.327005e-02 
 2.823567e+01  1.453583e-02 
 2.823607e+01  1.580698e-02 
 2.823647e+01  1.707174e-02 
 2.823687e+01  1.833646e-02 
 2.823726e+01  1.959530e-02 
 2.823766e+01  2.082949e-02 
 2.823806e+01  2.206455e-02 
 2.823846e+01  2.330118e-02 
 2.823886e+01  2.454098e-02 
 2.823925e+01  2.577651e-02 
 2.823965e+01  2.700419e-02 
 2.824005e+01  2.822413e-02 
 2.824045e+01  2.942670e-02 
 2.824084e+01  3.062501e-02 
 2.824124e+01  3.181372e-02 
 2.824164e+01  3.298202e-02 
 2.824204e+01  3.413482e-02 
 2.824243e+01  3.526411e-02 
 2.824283e+01  3.638918e-02 
 2.824323e+01  3.750332e-02 
 2.824363e+01  3.860446e-02 
 2.824403e+01  3.970178e-02 
 2.824442e+01  4.078495e-02 
 2.824482e+01  4.185647e-02 
 2.824522e+01  4.291698e-02 
 2.824562e+01  4.395822e-02 
 2.824601e+01  4.499235e-02 
 2.824641e+01  4.599110e-02 
 2.824681e+01  4.698121e-02 
 2.824721e+01  4.794879e-02 
 2.824760e+01  4.889000e-02 
 2.824800e+01  4.983233e-02 
 2.824840e+01  5.076665e-02 
 2.824880e+01  5.168724e-02 
 2.824920e+01  5.257803e-02 
 2.824959e+01  5.346640e-02 
 2.824999e+01  5.431586e-02 
 2.825039e+01  5.514170e-02 
 2.825079e+01  5.594770e-02 
 2.825118e+01  5.671878e-02 
 2.825158e+01  5.744851e-02 
 2.825198e+01  5.817255e-02 
 2.825238e+01  5.886008e-02 
 2.825277e+01  5.952885e-02 
 2.825317e+01  6.017978e-02 
 2.825357e+01  6.082142e-02 
 2.825397e+01  6.142874e-02 
 2.825437e+01  6.202121e-02 
 2.825476e+01  6.257935e-02 
 2.825516e+01  6.311722e-02 
 2.825556e+01  6.362931e-02 
 2.825596e+01  6.411834e-02 
 2.825635e+01  6.455848e-02 
 2.825675e+01  6.496638e-02 
 2.825715e+01  6.535200e-02 
 2.825755e+01  6.570545e-02 
 2.825794e+01  6.604408e-02 
 2.825834e+01  6.636583e-02 
 2.825874e+01  6.665700e-02 
 2.825914e+01  6.690531e-02 
 2.825954e+01  6.712838e-02 
 2.825993e+01  6.732794e-02 
 2.826033e+01  6.749588e-02 
 2.826073e+01  6.762301e-02 
 2.826113e+01  6.772642e-02 
 2.826152e+01  6.777371e-02 
 2.826192e+01  6.779462e-02 
 2.826232e+01  6.779492e-02 
 2.826272e+01  6.775617e-02 
 2.826311e+01  6.769215e-02 
 2.826351e+01  6.759392e-02 
 2.826391e+01  6.747048e-02 
 2.826431e+01  6.730462e-02 
 2.826471e+01  6.711879e-02 
 2.826510e+01  6.690759e-02 
 2.826550e+01  6.665234e-02 
 2.826590e+01  6.635701e-02 
 2.826630e+01  6.602056e-02 
 2.826669e+01  6.564603e-02 
 2.826709e+01  6.524552e-02 
 2.826749e+01  6.482802e-02 
 2.826789e+01  6.438317e-02 
 2.826828e+01  6.388979e-02 
 2.826868e+01  6.336381e-02 
 2.826908e+01  6.281502e-02 
 2.826948e+01  6.222927e-02 
 2.826988e+01  6.160919e-02 
 2.827027e+01  6.096027e-02 
 2.827067e+01  6.026562e-02 
 2.827107e+01  5.953313e-02 
 2.827147e+01  5.877183e-02 
 2.827186e+01  5.798785e-02 
 2.827226e+01  5.718400e-02 
 2.827266e+01  5.635726e-02 
 2.827306e+01  5.550829e-02 
 2.827345e+01  5.463424e-02 
 2.827385e+01  5.374352e-02 
 2.827425e+01  5.284978e-02 
 2.827465e+01  5.192814e-02 
 2.827505e+01  5.098379e-02 
 2.827544e+01  5.000917e-02 
 2.827584e+01  4.901052e-02 
 2.827624e+01  4.799528e-02 
 2.827664e+01  4.696830e-02 
 2.827703e+01  4.594474e-02 
 2.827743e+01  4.490230e-02 
 2.827783e+01  4.384230e-02 
 2.827823e+01  4.276753e-02 
 2.827862e+01  4.167372e-02 
 2.827902e+01  4.057699e-02 
 2.827942e+01  3.947045e-02 
 2.827982e+01  3.835390e-02 
 2.828022e+01  3.721011e-02 
 2.828061e+01  3.606583e-02 
 2.828101e+01  3.490627e-02 
 2.828141e+01  3.374288e-02 
 2.828181e+01  3.256996e-02 
 2.828220e+01  3.140508e-02 
 2.828260e+01  3.022862e-02 
 2.828300e+01  2.903737e-02 
 2.828340e+01  2.784600e-02 
 2.828379e+01  2.665798e-02 
 2.828419e+01  2.547006e-02 
 2.828459e+01  2.428878e-02 
 2.828499e+01  2.310021e-02 
 2.828539e+01  2.189925e-02 
 2.828578e+01  2.068523e-02 
 2.828618e+01  1.949328e-02 
 2.828658e+01  1.830052e-02 
 2.828698e+01  1.709969e-02 
 2.828737e+01  1.590254e-02 
 2.828777e+01  1.470982e-02 
 2.828817e+01  1.350821e-02 
 2.828857e+01  1.231566e-02 
 2.828896e+01  1.114308e-02 
 2.828936e+01  9.971613e-03 
 2.828976e+01  8.797678e-03 
 2.829016e+01  7.635136e-03 
 2.829056e+01  6.453747e-03 
 2.829095e+01  5.269121e-03 
 2.829135e+01  4.101050e-03 
 2.829175e+01  2.935221e-03 
 2.829215e+01  1.766504e-03 
 2.829254e+01  6.100388e-04 
 2.829294e+01 -5.240647e-04 
 2.829334e+01 -1.658647e-03 
 2.829374e+01 -2.759713e-03 
 2.829413e+01 -3.840375e-03 
 2.829453e+01 -4.917937e-03 
 2.829493e+01 -5.998304e-03 
 2.829533e+01 -7.063752e-03 
 2.829573e+01 -8.129434e-03 
 2.829612e+01 -9.177879e-03 
 2.829652e+01 -1.020451e-02 
 2.829692e+01 -1.121918e-02 
 2.829732e+01 -1.223364e-02 
 2.829771e+01 -1.322460e-02 
 2.829811e+01 -1.418883e-02 
 2.829851e+01 -1.512802e-02 
 2.829891e+01 -1.605157e-02 
 2.829931e+01 -1.693976e-02 
 2.829970e+01 -1.781523e-02 
 2.830010e+01 -1.867749e-02 
 2.830050e+01 -1.951680e-02 
 2.830090e+01 -2.032801e-02 
 2.830129e+01 -2.110708e-02 
 2.830169e+01 -2.186264e-02 
 2.830209e+01 -2.259474e-02 
 2.830249e+01 -2.329023e-02 
 2.830288e+01 -2.394923e-02 
 2.830328e+01 -2.455354e-02 
 2.830368e+01 -2.512488e-02 
 2.830408e+01 -2.567061e-02 
 2.830448e+01 -2.618514e-02 
 2.830487e+01 -2.667427e-02 
 2.830527e+01 -2.713531e-02 
 2.830567e+01 -2.755404e-02 
 2.830607e+01 -2.794252e-02 
 2.830646e+01 -2.830372e-02 
 2.830686e+01 -2.863912e-02 
 2.830726e+01 -2.893046e-02 
 2.830766e+01 -2.919447e-02 
 2.830805e+01 -2.940209e-02 
 2.830845e+01 -2.956814e-02 
 2.830885e+01 -2.970076e-02 
 2.830925e+01 -2.980445e-02 
 2.830965e+01 -2.988346e-02 
 2.831004e+01 -2.992900e-02 
 2.831044e+01 -2.994859e-02 
 2.831084e+01 -2.994733e-02 
 2.831124e+01 -2.991845e-02 
 2.831163e+01 -2.986042e-02 
 2.831203e+01 -2.976774e-02 
 2.831243e+01 -2.963467e-02 
 2.831283e+01 -2.945127e-02 
 2.831322e+01 -2.923595e-02 
 2.831362e+01 -2.899211e-02 
 2.831402e+01 -2.872735e-02 
 2.831442e+01 -2.844151e-02 
 2.831482e+01 -2.813430e-02 
 2.831521e+01 -2.778816e-02 
 2.831561e+01 -2.742326e-02 
 2.831601e+01 -2.703276e-02 
 2.831641e+01 -2.661961e-02 
 2.831680e+01 -2.617147e-02 
 2.831720e+01 -2.569042e-02 
 2.831760e+01 -2.517470e-02 
 2.831800e+01 -2.462507e-02 
 2.831839e+01 -2.405187e-02 
 2.831879e+01 -2.345956e-02 
 2.831919e+01 -2.285504e-02 
 2.831959e+01 -2.222803e-02 
 2.831999e+01 -2.158753e-02 
 2.832038e+01 -2.091327e-02 
 2.832078e+01 -2.022752e-02 
 2.832118e+01 -1.951700e-02 
 2.832158e+01 -1.877646e-02 
 2.832197e+01 -1.798715e-02 
 2.832237e+01 -1.717589e-02 
 2.832277e+01 -1.634235e-02 
 2.832317e+01 -1.548453e-02 
 2.832356e+01 -1.461820e-02 
 2.832396e+01 -1.373600e-02 
 2.832436e+01 -1.283973e-02 
 2.832476e+01 -1.192162e-02 
 2.832516e+01 -1.099879e-02 
 2.832555e+01 -1.005358e-02 
 2.832595e+01 -9.102067e-03 
 2.832635e+01 -8.124501e-03 
 2.832675e+01 -7.137306e-03 
 2.832714e+01 -6.107610e-03 
 2.832754e+01 -5.077203e-03 
 2.832794e+01 -4.004072e-03 
 2.832834e+01 -2.924811e-03 
 2.832873e+01 -1.833957e-03 
 2.832913e+01 -7.310475e-04 
 2.832953e+01  3.815366e-04 
 2.832993e+01  1.501510e-03 
 2.833033e+01  2.620395e-03 
 2.833072e+01  3.770675e-03 
 2.833112e+01  4.922500e-03 
 2.833152e+01  6.095304e-03 
 2.833192e+01  7.300135e-03 
 2.833231e+01  8.520354e-03 
 2.833271e+01  9.752539e-03 
 2.833311e+01  1.099767e-02 
 2.833351e+01  1.224979e-02 
 2.833390e+01  1.350654e-02 
 2.833430e+01  1.476789e-02 
 2.833470e+01  1.602930e-02 
 2.833510e+01  1.727787e-02 
 2.833550e+01  1.854030e-02 
 2.833589e+01  1.980591e-02 
 2.833629e+01  2.108052e-02 
 2.833669e+01  2.236008e-02 
 2.833709e+01  2.366131e-02 
 2.833748e+01  2.495563e-02 
 2.833788e+01  2.623788e-02 
 2.833828e+01  2.751826e-02 
 2.833868e+01  2.878198e-02 
 2.833907e+01  3.003219e-02 
 2.833947e+01  3.127862e-02 
 2.833987e+01  3.248851e-02 
 2.834027e+01  3.370076e-02 
 2.834067e+01  3.490306e-02 
 2.834106e+01  3.610690e-02 
 2.834146e+01  3.730665e-02 
 2.834186e+01  3.849792e-02 
 2.834226e+01  3.966925e-02 
 2.834265e+01  4.081599e-02 
 2.834305e+01  4.194278e-02 
 2.834345e+01  4.305298e-02 
 2.834385e+01  4.413102e-02 
 2.834424e+01  4.519823e-02 
 2.834464e+01  4.622879e-02 
 2.834504e+01  4.722526e-02 
 2.834544e+01  4.820597e-02 
 2.834584e+01  4.917538e-02 
 2.834623e+01  5.011856e-02 
 2.834663e+01  5.105097e-02 
 2.834703e+01  5.195881e-02 
 2.834743e+01  5.283172e-02 
 2.834782e+01  5.367911e-02 
 2.834822e+01  5.451222e-02 
 2.834862e+01  5.531861e-02 
 2.834902e+01  5.609429e-02 
 2.834941e+01  5.684562e-02 
 2.834981e+01  5.756355e-02 
 2.835021e+01  5.826170e-02 
 2.835061e+01  5.893412e-02 
 2.835101e+01  5.960224e-02 
 2.835140e+01  6.024909e-02 
 2.835180e+01  6.086453e-02 
 2.835220e+01  6.144774e-02 
 2.835260e+01  6.201132e-02 
 2.835299e+01  6.254538e-02 
 2.835339e+01  6.305731e-02 
 2.835379e+01  6.354078e-02 
 2.835419e+01  6.398495e-02 
 2.835458e+01  6.439967e-02 
 2.835498e+01  6.478085e-02 
 2.835538e+01  6.513880e-02 
 2.835578e+01  6.547755e-02 
 2.835618e+01  6.579346e-02 
 2.835657e+01  6.608570e-02 
 2.835697e+01  6.634060e-02 
 2.835737e+01  6.657040e-02 
 2.835777e+01  6.677143e-02 
 2.835816e+01  6.694656e-02 
 2.835856e+01  6.708301e-02 
 2.835896e+01  6.717581e-02 
 2.835936e+01  6.724458e-02 
 2.835975e+01  6.727633e-02 
 2.836015e+01  6.729774e-02 
 2.836055e+01  6.729352e-02 
 2.836095e+01  6.726748e-02 
 2.836135e+01  6.721899e-02 
 2.836174e+01  6.713482e-02 
 2.836214e+01  6.703095e-02 
 2.836254e+01  6.689513e-02 
 2.836294e+01  6.673245e-02 
 2.836333e+01  6.654251e-02 
 2.836373e+01  6.630746e-02 
 2.836413e+01  6.604265e-02 
 2.836453e+01  6.573746e-02 
 2.836492e+01  6.540521e-02 
 2.836532e+01  6.505424e-02 
 2.836572e+01  6.467697e-02 
 2.836612e+01  6.426386e-02 
 2.836652e+01  6.381880e-02 
 2.836691e+01  6.334913e-02 
 2.836731e+01  6.284903e-02 
 2.836771e+01  6.232329e-02 
 2.836811e+01  6.176588e-02 
 2.836850e+01  6.116806e-02 
 2.836890e+01  6.054241e-02 
 2.836930e+01  5.988024e-02 
 2.836970e+01  5.919621e-02 
 2.837009e+01  5.850315e-02 
 2.837049e+01  5.777597e-02 
 2.837089e+01  5.701842e-02 
 2.837129e+01  5.622752e-02 
 2.837169e+01  5.541577e-02 
 2.837208e+01  5.457026e-02 
 2.837248e+01  5.371535e-02 
 2.837288e+01  5.281592e-02 
 2.837328e+01  5.188849e-02 
 2.837367e+01  5.093030e-02 
 2.837407e+01  4.993982e-02 
 2.837447e+01  4.891302e-02 
 2.837487e+01  4.788022e-02 
 2.837526e+01  4.683175e-02 
 2.837566e+01  4.575810e-02 
 2.837606e+01  4.465551e-02 
 2.837646e+01  4.355126e-02 
 2.837686e+01  4.242786e-02 
 2.837725e+01  4.128798e-02 
 2.837765e+01  4.014411e-02 
 2.837805e+01  3.897466e-02 
 2.837845e+01  3.778775e-02 
 2.837884e+01  3.658405e-02 
 2.837924e+01  3.538033e-02 
 2.837964e+01  3.416974e-02 
 2.838004e+01  3.296009e-02 
 2.838043e+01  3.174591e-02 
 2.838083e+01  3.051427e-02 
 2.838123e+01  2.927981e-02 
 2.838163e+01  2.805649e-02 
 2.838203e+01  2.682517e-02 
 2.838242e+01  2.560140e-02 
 2.838282e+01  2.436769e-02 
 2.838322e+01  2.312755e-02 
 2.838362e+01  2.188193e-02 
 2.838401e+01  2.064592e-02 
 2.838441e+01  1.942325e-02 
 2.838481e+01  1.819663e-02 
 2.838521e+01  1.697524e-02 
 2.838560e+01  1.575259e-02 
 2.838600e+01  1.453872e-02 
 2.838640e+01  1.332547e-02 
 2.838680e+01  1.212142e-02 
 2.838720e+01  1.092697e-02 
 2.838759e+01  9.741271e-03 
 2.838799e+01  8.544749e-03 
 2.838839e+01  7.363524e-03 
 2.838879e+01  6.199916e-03 
 2.838918e+01  5.057445e-03 
 2.838958e+01  3.919864e-03 
 2.838998e+01  2.799274e-03 
 2.839038e+01  1.672978e-03 
 2.839078e+01  5.693414e-04 
 2.839117e+01 -5.245375e-04 
 2.839157e+01 -1.605677e-03 
 2.839197e+01 -2.673577e-03 
 2.839237e+01 -3.733592e-03 
 2.839276e+01 -4.791465e-03 
 2.839316e+01 -5.837477e-03 
 2.839356e+01 -6.876628e-03 
 2.839396e+01 -7.889105e-03 
 2.839435e+01 -8.896041e-03 
 2.839475e+01 -9.886340e-03 
 2.839515e+01 -1.086330e-02 
 2.839555e+01 -1.183049e-02 
 2.839595e+01 -1.276255e-02 
 2.839634e+01 -1.368532e-02 
 2.839674e+01 -1.458131e-02 
 2.839714e+01 -1.545971e-02 
 2.839754e+01 -1.632201e-02 
 2.839793e+01 -1.717133e-02 
 2.839833e+01 -1.799900e-02 
 2.839873e+01 -1.880489e-02 
 2.839913e+01 -1.958464e-02 
 2.839952e+01 -2.034666e-02 
 2.839992e+01 -2.109216e-02 
 2.840032e+01 -2.180970e-02 
 2.840072e+01 -2.249738e-02 
 2.840112e+01 -2.315605e-02 
 2.840151e+01 -2.377651e-02 
 2.840191e+01 -2.437974e-02 
 2.840231e+01 -2.496534e-02 
 2.840271e+01 -2.552808e-02 
 2.840310e+01 -2.606439e-02 
 2.840350e+01 -2.657746e-02 
 2.840390e+01 -2.706299e-02 
 2.840430e+01 -2.751235e-02 
 2.840469e+01 -2.792895e-02 
 2.840509e+01 -2.832424e-02 
 2.840549e+01 -2.867346e-02 
 2.840589e+01 -2.898464e-02 
 2.840629e+01 -2.925596e-02 
 2.840668e+01 -2.949759e-02 
 2.840708e+01 -2.971570e-02 
 2.840748e+01 -2.991758e-02 
 2.840788e+01 -3.007530e-02 
 2.840827e+01 -3.020103e-02 
 2.840867e+01 -3.029283e-02 
 2.840907e+01 -3.035110e-02 
 2.840947e+01 -3.035759e-02 
 2.840986e+01 -3.033182e-02 
 2.841026e+01 -3.027269e-02 
 2.841066e+01 -3.015515e-02 
 2.841106e+01 -3.000782e-02 
 2.841146e+01 -2.982207e-02 
 2.841185e+01 -2.962156e-02 
 2.841225e+01 -2.938968e-02 
 2.841265e+01 -2.913409e-02 
 2.841305e+01 -2.884538e-02 
 2.841344e+01 -2.850681e-02 
 2.841384e+01 -2.813948e-02 
 2.841424e+01 -2.774501e-02 
 2.841464e+01 -2.730270e-02 
 2.841503e+01 -2.683741e-02 
 2.841543e+01 -2.632454e-02 
 2.841583e+01 -2.577478e-02 
 2.841623e+01 -2.519559e-02 
 2.841663e+01 -2.459532e-02 
 2.841702e+01 -2.397026e-02 
 2.841742e+01 -2.333129e-02 
 2.841782e+01 -2.265497e-02 
 2.841822e+01 -2.195160e-02 
 2.841861e+01 -2.122691e-02 
 2.841901e+01 -2.048323e-02 
 2.841941e+01 -1.970794e-02 
 2.841981e+01 -1.890166e-02 
 2.842020e+01 -1.807648e-02 
 2.842060e+01 -1.722188e-02 
 2.842100e+01 -1.636119e-02 
 2.842140e+01 -1.547989e-02 
 2.842180e+01 -1.458643e-02 
 2.842219e+01 -1.367760e-02 
 2.842259e+01 -1.276982e-02 
 2.842299e+01 -1.183184e-02 
 2.842339e+01 -1.087574e-02 
 2.842378e+01 -9.912916e-03 
 2.842418e+01 -8.925115e-03 
 2.842458e+01 -7.923652e-03 
 2.842498e+01 -6.891947e-03 
 2.842537e+01 -5.849352e-03 
 2.842577e+01 -4.785820e-03 
 2.842617e+01 -3.736217e-03 
 2.842657e+01 -2.669938e-03 
 2.842697e+01 -1.601398e-03 
 2.842736e+01 -5.233114e-04 
 2.842776e+01  5.547020e-04 
 2.842816e+01  1.657827e-03 
 2.842856e+01  2.770845e-03 
 2.842895e+01  3.899480e-03 
 2.842935e+01  5.051857e-03 
 2.842975e+01  6.227680e-03 
 2.843015e+01  7.409947e-03 
 2.843054e+01  8.590373e-03 
 2.843094e+01  9.768526e-03 
 2.843134e+01  1.095158e-02 
 2.843174e+01  1.213670e-02 
 2.843214e+01  1.332807e-02 
 2.843253e+01  1.451660e-02 
 2.843293e+01  1.571048e-02 
 2.843333e+01  1.691551e-02 
 2.843373e+01  1.812352e-02 
 2.843412e+01  1.935167e-02 
 2.843452e+01  2.059335e-02 
 2.843492e+01  2.183196e-02 
 2.843532e+01  2.307087e-02 
 2.843571e+01  2.429904e-02 
 2.843611e+01  2.552235e-02 
 2.843651e+01  2.674080e-02 
 2.843691e+01  2.796422e-02 
 2.843731e+01  2.917730e-02 
 2.843770e+01  3.038933e-02 
 2.843810e+01  3.159707e-02 
 2.843850e+01  3.281443e-02 
 2.843890e+01  3.403545e-02 
 2.843929e+01  3.525098e-02 
 2.843969e+01  3.645605e-02 
 2.844009e+01  3.763947e-02 
 2.844049e+01  3.881419e-02 
 2.844088e+01  3.997770e-02 
 2.844128e+01  4.110531e-02 
 2.844168e+01  4.223480e-02 
 2.844208e+01  4.333303e-02 
 2.844248e+01  4.442599e-02 
 2.844287e+01  4.549077e-02 
 2.844327e+01  4.654574e-02 
 2.844367e+01  4.760497e-02 
 2.844407e+01  4.863464e-02 
 2.844446e+01  4.967176e-02 
 2.844486e+01  5.067008e-02 
 2.844526e+01  5.164085e-02 
 2.844566e+01  5.259121e-02 
 2.844605e+01  5.351065e-02 
 2.844645e+01  5.439927e-02 
 2.844685e+01  5.526019e-02 
 2.844725e+01  5.609504e-02 
 2.844765e+01  5.690508e-02 
 2.844804e+01  5.767822e-02 
 2.844844e+01  5.844182e-02 
 2.844884e+01  5.918926e-02 
 2.844924e+01  5.990236e-02 
 2.844963e+01  6.058204e-02 
 2.845003e+01  6.122549e-02 
 2.845043e+01  6.182960e-02 
 2.845083e+01  6.239761e-02 
 2.845122e+01  6.293430e-02 
 2.845162e+01  6.344069e-02 
 2.845202e+01  6.391098e-02 
 2.845242e+01  6.435087e-02 
 2.845282e+01  6.476389e-02 
 2.845321e+01  6.514947e-02 
 2.845361e+01  6.552214e-02 
 2.845401e+01  6.586863e-02 
 2.845441e+01  6.617427e-02 
 2.845480e+01  6.643434e-02 
 2.845520e+01  6.665499e-02 
 2.845560e+01  6.685075e-02 
 2.845600e+01  6.701848e-02 
 2.845639e+01  6.715309e-02 
 2.845679e+01  6.726363e-02 
 2.845719e+01  6.734485e-02 
 2.845759e+01  6.740355e-02 
 2.845799e+01  6.743915e-02 
 2.845838e+01  6.745743e-02 
 2.845878e+01  6.743847e-02 
 2.845918e+01  6.738703e-02 
 2.845958e+01  6.729959e-02 
 2.845997e+01  6.716652e-02 
 2.846037e+01  6.700294e-02 
 2.846077e+01  6.681097e-02 
 2.846117e+01  6.660205e-02 
 2.846156e+01  6.635101e-02 
 2.846196e+01  6.607378e-02 
 2.846236e+01  6.576390e-02 
 2.846276e+01  6.543519e-02 
 2.846316e+01  6.508372e-02 
 2.846355e+01  6.471800e-02 
 2.846395e+01  6.431458e-02 
 2.846435e+01  6.388673e-02 
 2.846475e+01  6.342293e-02 
 2.846514e+01  6.294543e-02 
 2.846554e+01  6.242970e-02 
 2.846594e+01  6.190362e-02 
 2.846634e+01  6.134088e-02 
 2.846673e+01  6.075023e-02 
 2.846713e+01  6.013163e-02 
 2.846753e+01  5.950125e-02 
 2.846793e+01  5.885208e-02 
 2.846833e+01  5.818107e-02 
 2.846872e+01  5.747691e-02 
 2.846912e+01  5.675104e-02 
 2.846952e+01  5.600016e-02 
 2.846992e+01  5.521823e-02 
 2.847031e+01  5.440975e-02 
 2.847071e+01  5.359238e-02 
 2.847111e+01  5.274036e-02 
 2.847151e+01  5.185282e-02 
 2.847190e+01  5.094657e-02 
 2.847230e+01  5.002082e-02 
 2.847270e+01  4.909315e-02 
 2.847310e+01  4.815006e-02 
 2.847350e+01  4.719402e-02 
 2.847389e+01  4.620644e-02 
 2.847429e+01  4.519202e-02 
 2.847469e+01  4.416434e-02 
 2.847509e+01  4.310907e-02 
 2.847548e+01  4.203797e-02 
 2.847588e+01  4.093882e-02 
 2.847628e+01  3.981225e-02 
 2.847668e+01  3.866992e-02 
 2.847707e+01  3.752327e-02 
 2.847747e+01  3.636957e-02 
 2.847787e+01  3.520285e-02 
 2.847827e+01  3.401717e-02 
 2.847867e+01  3.281810e-02 
 2.847906e+01  3.158779e-02 
 2.847946e+01  3.035023e-02 
 2.847986e+01  2.912122e-02 
 2.848026e+01  2.785231e-02 
 2.848065e+01  2.657943e-02 
 2.848105e+01  2.527804e-02 
 2.848145e+01  2.397686e-02 
 2.848185e+01  2.266554e-02 
 2.848225e+01  2.137342e-02 
 2.848264e+01  2.008651e-02 
 2.848304e+01  1.879971e-02 
 2.848344e+01  1.751136e-02 
 2.848384e+01  1.623610e-02 
 2.848423e+01  1.495681e-02 
 2.848463e+01  1.369058e-02 
 2.848503e+01  1.242762e-02 
 2.848543e+01  1.116573e-02 
 2.848582e+01  9.903454e-03 
 2.848622e+01  8.659079e-03 
 2.848662e+01  7.429740e-03 
 2.848702e+01  6.201696e-03 
 2.848742e+01  5.007667e-03 
 2.848781e+01  3.814125e-03 
 2.848821e+01  2.634094e-03 
 2.848861e+01  1.472717e-03 
 2.848901e+01  3.328452e-04 
 2.848940e+01 -7.920681e-04 
 2.848980e+01 -1.906226e-03 
 2.849020e+01 -2.992899e-03 
 2.849060e+01 -4.086662e-03 
 2.849099e+01 -5.162285e-03 
 2.849139e+01 -6.221606e-03 
 2.849179e+01 -7.246391e-03 
 2.849219e+01 -8.242198e-03 
 2.849259e+01 -9.221288e-03 
 2.849298e+01 -1.017193e-02 
 2.849338e+01 -1.111712e-02 
 2.849378e+01 -1.203174e-02 
 2.849418e+01 -1.292858e-02 
 2.849457e+01 -1.381190e-02 
 2.849497e+01 -1.467717e-02 
 2.849537e+01 -1.553104e-02 
 2.849577e+01 -1.636782e-02 
 2.849616e+01 -1.718507e-02 
 2.849656e+01 -1.797199e-02 
 2.849696e+01 -1.873510e-02 
 2.849736e+01 -1.947447e-02 
 2.849776e+01 -2.018789e-02 
 2.849815e+01 -2.088466e-02 
 2.849855e+01 -2.155928e-02 
 2.849895e+01 -2.218867e-02 
 2.849935e+01 -2.281267e-02 
 2.849974e+01 -2.341326e-02 
 2.850014e+01 -2.399444e-02 
 2.850054e+01 -2.456812e-02 
 2.850094e+01 -2.511669e-02 
 2.850133e+01 -2.562581e-02 
 2.850173e+01 -2.609662e-02 
 2.850213e+01 -2.654908e-02 
 2.850253e+01 -2.696367e-02 
 2.850293e+01 -2.735501e-02 
 2.850332e+01 -2.771585e-02 
 2.850372e+01 -2.804703e-02 
 2.850412e+01 -2.834183e-02 
 2.850452e+01 -2.861984e-02 
 2.850491e+01 -2.886785e-02 
 2.850531e+01 -2.909165e-02 
 2.850571e+01 -2.929190e-02 
 2.850611e+01 -2.946139e-02 
 2.850650e+01 -2.959187e-02 
 2.850690e+01 -2.969782e-02 
 2.850730e+01 -2.977366e-02 
 2.850770e+01 -2.980562e-02 
 2.850810e+01 -2.982188e-02 
 2.850849e+01 -2.979453e-02 
 2.850889e+01 -2.973318e-02 
 2.850929e+01 -2.964618e-02 
 2.850969e+01 -2.954106e-02 
 2.851008e+01 -2.941513e-02 
 2.851048e+01 -2.926454e-02 
 2.851088e+01 -2.907738e-02 
 2.851128e+01 -2.884132e-02 
 2.851167e+01 -2.857654e-02 
 2.851207e+01 -2.827597e-02 
 2.851247e+01 -2.793025e-02 
 2.851287e+01 -2.755137e-02 
 2.851327e+01 -2.713737e-02 
 2.851366e+01 -2.668073e-02 
 2.851406e+01 -2.619941e-02 
 2.851446e+01 -2.569802e-02 
 2.851486e+01 -2.516890e-02 
 2.851525e+01 -2.461304e-02 
 2.851565e+01 -2.403003e-02 
 2.851605e+01 -2.341790e-02 
 2.851645e+01 -2.276231e-02 
 2.851684e+01 -2.207306e-02 
 2.851724e+01 -2.135464e-02 
 2.851764e+01 -2.058894e-02 
 2.851804e+01 -1.978902e-02 
 2.851844e+01 -1.896466e-02 
 2.851883e+01 -1.810026e-02 
 2.851923e+01 -1.723972e-02 
 2.851963e+01 -1.634661e-02 
 2.852003e+01 -1.544679e-02 
 2.852042e+01 -1.451300e-02 
 2.852082e+01 -1.356116e-02 
 2.852122e+01 -1.256794e-02 
 2.852162e+01 -1.155927e-02 
 2.852201e+01 -1.052318e-02 
 2.852241e+01 -9.476821e-03 
 2.852281e+01 -8.395286e-03 
 2.852321e+01 -7.298749e-03 
 2.852361e+01 -6.209509e-03 
 2.852400e+01 -5.092619e-03 
 2.852440e+01 -3.989488e-03 
 2.852480e+01 -2.864322e-03 
 2.852520e+01 -1.738312e-03 
 2.852559e+01 -5.847747e-04 
 2.852599e+01  5.572854e-04 
 2.852639e+01  1.727925e-03 
 2.852679e+01  2.902553e-03 
 2.852718e+01  4.086098e-03 
 2.852758e+01  5.276871e-03 
 2.852798e+01  6.488997e-03 
 2.852838e+01  7.676537e-03 
 2.852878e+01  8.856244e-03 
 2.852917e+01  1.003881e-02 
 2.852957e+01  1.121768e-02 
 2.852997e+01  1.240390e-02 
 2.853037e+01  1.358966e-02 
 2.853076e+01  1.477977e-02 
 2.853116e+01  1.597523e-02 
 2.853156e+01  1.716401e-02 
 2.853196e+01  1.837641e-02 
 2.853235e+01  1.958531e-02 
 2.853275e+01  2.078582e-02 
 2.853315e+01  2.198503e-02 
 2.853355e+01  2.318504e-02 
 2.853395e+01  2.436450e-02 
 2.853434e+01  2.554535e-02 
 2.853474e+01  2.672950e-02 
 2.853514e+01  2.790179e-02 
 2.853554e+01  2.905972e-02 
 2.853593e+01  3.022365e-02 
 2.853633e+01  3.138416e-02 
 2.853673e+01  3.253908e-02 
 2.853713e+01  3.370758e-02 
 2.853752e+01  3.486573e-02 
 2.853792e+01  3.600796e-02 
 2.853832e+01  3.712941e-02 
 2.853872e+01  3.824860e-02 
 2.853912e+01  3.934659e-02 
 2.853951e+01  4.043249e-02 
 2.853991e+01  4.151480e-02 
 2.854031e+01  4.259888e-02 
 2.854071e+01  4.366127e-02 
 2.854110e+01  4.471885e-02 
 2.854150e+01  4.577981e-02 
 2.854190e+01  4.683547e-02 
 2.854230e+01  4.786256e-02 
 2.854269e+01  4.887011e-02 
 2.854309e+01  4.986485e-02 
 2.854349e+01  5.082153e-02 
 2.854389e+01  5.176274e-02 
 2.854429e+01  5.268475e-02 
 2.854468e+01  5.357878e-02 
 2.854508e+01  5.445818e-02 
 2.854548e+01  5.533197e-02 
 2.854588e+01  5.617917e-02 
 2.854627e+01  5.699809e-02 
 2.854667e+01  5.782190e-02 
 2.854707e+01  5.860816e-02 
 2.854747e+01  5.935706e-02 
 2.854786e+01  6.006980e-02 
 2.854826e+01  6.075307e-02 
 2.854866e+01  6.139432e-02 
 2.854906e+01  6.200537e-02 
 2.854946e+01  6.259991e-02 
 2.854985e+01  6.316311e-02 
 2.855025e+01  6.369532e-02 
 2.855065e+01  6.421827e-02 
 2.855105e+01  6.470052e-02 
 2.855144e+01  6.515640e-02 
 2.855184e+01  6.558987e-02 
 2.855224e+01  6.598265e-02 
 2.855264e+01  6.632514e-02 
 2.855303e+01  6.664816e-02 
 2.855343e+01  6.692951e-02 
 2.855383e+01  6.717015e-02 
 2.855423e+01  6.738433e-02 
 2.855463e+01  6.756396e-02 
 2.855502e+01  6.769518e-02 
 2.855542e+01  6.778858e-02 
 2.855582e+01  6.787551e-02 
 2.855622e+01  6.791837e-02 
 2.855661e+01  6.792837e-02 
 2.855701e+01  6.791167e-02 
 2.855741e+01  6.784951e-02 
 2.855781e+01  6.773798e-02 
 2.855820e+01  6.760618e-02 
 2.855860e+01  6.744446e-02 
 2.855900e+01  6.724900e-02 
 2.855940e+01  6.703199e-02 
 2.855980e+01  6.677615e-02 
 2.856019e+01  6.648617e-02 
 2.856059e+01  6.618414e-02 
 2.856099e+01  6.586419e-02 
 2.856139e+01  6.550531e-02 
 2.856178e+01  6.510883e-02 
 2.856218e+01  6.468886e-02 
 2.856258e+01  6.422727e-02 
 2.856298e+01  6.374207e-02 
 2.856337e+01  6.322440e-02 
 2.856377e+01  6.269103e-02 
 2.856417e+01  6.211822e-02 
 2.856457e+01  6.151103e-02 
 2.856497e+01  6.088459e-02 
 2.856536e+01  6.023806e-02 
 2.856576e+01  5.957969e-02 
 2.856616e+01  5.890222e-02 
 2.856656e+01  5.818963e-02 
 2.856695e+01  5.744318e-02 
 2.856735e+01  5.667389e-02 
 2.856775e+01  5.586713e-02 
 2.856815e+01  5.506155e-02 
 2.856854e+01  5.423050e-02 
 2.856894e+01  5.338846e-02 
 2.856934e+01  5.252378e-02 
 2.856974e+01  5.164159e-02 
 2.857014e+01  5.073081e-02 
 2.857053e+01  4.981443e-02 
 2.857093e+01  4.888936e-02 
 2.857133e+01  4.793887e-02 
 2.857173e+01  4.696100e-02 
 2.857212e+01  4.596258e-02 
 2.857252e+01  4.495382e-02 
 2.857292e+01  4.394066e-02 
 2.857332e+01  4.291101e-02 
 2.857372e+01  4.186176e-02 
 2.857411e+01  4.079775e-02 
 2.857451e+01  3.970744e-02 
 2.857491e+01  3.861073e-02 
 2.857531e+01  3.750082e-02 
 2.857570e+01  3.639008e-02 
 2.857610e+01  3.525245e-02 
 2.857650e+01  3.410371e-02 
 2.857690e+01  3.293367e-02 
 2.857729e+01  3.175932e-02 
 2.857769e+01  3.057806e-02 
 2.857809e+01  2.940832e-02 
 2.857849e+01  2.821150e-02 
 2.857889e+01  2.700892e-02 
 2.857928e+01  2.579581e-02 
 2.857968e+01  2.458597e-02 
 2.858008e+01  2.336140e-02 
 2.858048e+01  2.214444e-02 
 2.858087e+01  2.093024e-02 
 2.858127e+01  1.970385e-02 
 2.858167e+01  1.847581e-02 
 2.858207e+01  1.723926e-02 
 2.858246e+01  1.600728e-02 
 2.858286e+01  1.476452e-02 
 2.858326e+01  1.351952e-02 
 2.858366e+01  1.225943e-02 
 2.858406e+01  1.100004e-02 
 2.858445e+01  9.744687e-03 
 2.858485e+01  8.506035e-03 
 2.858525e+01  7.267117e-03 
 2.858565e+01  6.037405e-03 
 2.858604e+01  4.819996e-03 
 2.858644e+01  3.600302e-03 
 2.858684e+01  2.388346e-03 
 2.858724e+01  1.185724e-03 
 2.858763e+01  9.404649e-06 
 2.858803e+01 -1.178781e-03 
 2.858843e+01 -2.333805e-03 
 2.858883e+01 -3.496930e-03 
 2.858923e+01 -4.637119e-03 
 2.858962e+01 -5.753500e-03 
 2.859002e+01 -6.843080e-03 
 2.859042e+01 -7.920235e-03 
 2.859082e+01 -8.984715e-03 
 2.859121e+01 -1.002426e-02 
 2.859161e+01 -1.105293e-02 
 2.859201e+01 -1.205472e-02 
 2.859241e+01 -1.302332e-02 
 2.859280e+01 -1.398721e-02 
 2.859320e+01 -1.490994e-02 
 2.859360e+01 -1.582242e-02 
 2.859400e+01 -1.669776e-02 
 2.859440e+01 -1.755132e-02 
 2.859479e+01 -1.836327e-02 
 2.859519e+01 -1.913973e-02 
 2.859559e+01 -1.990621e-02 
 2.859599e+01 -2.064794e-02 
 2.859638e+01 -2.134206e-02 
 2.859678e+01 -2.201818e-02 
 2.859718e+01 -2.264711e-02 
 2.859758e+01 -2.326573e-02 
 2.859797e+01 -2.384356e-02 
 2.859837e+01 -2.440600e-02 
 2.859877e+01 -2.494247e-02 
 2.859917e+01 -2.542789e-02 
 2.859957e+01 -2.589999e-02 
 2.859996e+01 -2.631583e-02 
 2.860036e+01 -2.672209e-02 
 2.860076e+01 -2.709792e-02 
 2.860116e+01 -2.745001e-02 
 2.860155e+01 -2.775050e-02 
 2.860195e+01 -2.803515e-02 
 2.860235e+01 -2.829963e-02 
 2.860275e+01 -2.853666e-02 
 2.860314e+01 -2.875697e-02 
 2.860354e+01 -2.894723e-02 
 2.860394e+01 -2.911057e-02 
 2.860434e+01 -2.923783e-02 
 2.860474e+01 -2.933577e-02 
 2.860513e+01 -2.940977e-02 
 2.860553e+01 -2.946057e-02 
 2.860593e+01 -2.947576e-02 
 2.860633e+01 -2.946681e-02 
 2.860672e+01 -2.942453e-02 
 2.860712e+01 -2.936446e-02 
 2.860752e+01 -2.926887e-02 
 2.860792e+01 -2.916398e-02 
 2.860831e+01 -2.902153e-02 
 2.860871e+01 -2.883436e-02 
 2.860911e+01 -2.862630e-02 
 2.860951e+01 -2.837636e-02 
 2.860991e+01 -2.811267e-02 
 2.861030e+01 -2.781326e-02 
 2.861070e+01 -2.748255e-02 
 2.861110e+01 -2.712280e-02 
 2.861150e+01 -2.674489e-02 
 2.861189e+01 -2.633577e-02 
 2.861229e+01 -2.589499e-02 
 2.861269e+01 -2.543579e-02 
 2.861309e+01 -2.494644e-02 
 2.861348e+01 -2.441312e-02 
 2.861388e+01 -2.384616e-02 
 2.861428e+01 -2.325169e-02 
 2.861468e+01 -2.262116e-02 
 2.861508e+01 -2.196883e-02 
 2.861547e+01 -2.128505e-02 
 2.861587e+01 -2.058714e-02 
 2.861627e+01 -1.985084e-02 
 2.861667e+01 -1.910440e-02 
 2.861706e+01 -1.832711e-02 
 2.861746e+01 -1.753517e-02 
 2.861786e+01 -1.671704e-02 
 2.861826e+01 -1.587321e-02 
 2.861865e+01 -1.499121e-02 
 2.861905e+01 -1.407679e-02 
 2.861945e+01 -1.315229e-02 
 2.861985e+01 -1.219830e-02 
 2.862025e+01 -1.121500e-02 
 2.862064e+01 -1.021940e-02 
 2.862104e+01 -9.194979e-03 
 2.862144e+01 -8.157118e-03 
 2.862184e+01 -7.118497e-03 
 2.862223e+01 -6.064758e-03 
 2.862263e+01 -4.985719e-03 
 2.862303e+01 -3.883402e-03 
 2.862343e+01 -2.775033e-03 
 2.862382e+01 -1.624859e-03 
 2.862422e+01 -4.623147e-04 
 2.862462e+01  7.023101e-04 
 2.862502e+01  1.895860e-03 
 2.862542e+01  3.109358e-03 
 2.862581e+01  4.319774e-03 
 2.862621e+01  5.548464e-03 
 2.862661e+01  6.777182e-03 
 2.862701e+01  8.005329e-03 
 2.862740e+01  9.239885e-03 
 2.862780e+01  1.049673e-02 
 2.862820e+01  1.176226e-02 
 2.862860e+01  1.302962e-02 
 2.862899e+01  1.431405e-02 
 2.862939e+01  1.560433e-02 
 2.862979e+01  1.688541e-02 
 2.863019e+01  1.816830e-02 
 2.863059e+01  1.945090e-02 
 2.863098e+01  2.072269e-02 
 2.863138e+01  2.196498e-02 
 2.863178e+01  2.321353e-02 
 2.863218e+01  2.444419e-02 
 2.863257e+01  2.567610e-02 
 2.863297e+01  2.689710e-02 
 2.863337e+01  2.813313e-02 
 2.863377e+01  2.934480e-02 
 2.863416e+01  3.055308e-02 
 2.863456e+01  3.175134e-02 
 2.863496e+01  3.293676e-02 
 2.863536e+01  3.410067e-02 
 2.863576e+01  3.525147e-02 
 2.863615e+01  3.637720e-02 
 2.863655e+01  3.747660e-02 
 2.863695e+01  3.856318e-02 
 2.863735e+01  3.964137e-02 
 2.863774e+01  4.070280e-02 
 2.863814e+01  4.176532e-02 
 2.863854e+01  4.281228e-02 
 2.863894e+01  4.383345e-02 
 2.863933e+01  4.485265e-02 
 2.863973e+01  4.585281e-02 
 2.864013e+01  4.682970e-02 
 2.864053e+01  4.778926e-02 
 2.864093e+01  4.872367e-02 
 2.864132e+01  4.963740e-02 
 2.864172e+01  5.053266e-02 
 2.864212e+01  5.141760e-02 
 2.864252e+01  5.229590e-02 
 2.864291e+01  5.314397e-02 
 2.864331e+01  5.399660e-02 
 2.864371e+01  5.481340e-02 
 2.864411e+01  5.562165e-02 
 2.864450e+01  5.640645e-02 
 2.864490e+01  5.718734e-02 
 2.864530e+01  5.792667e-02 
 2.864570e+01  5.863207e-02 
 2.864610e+01  5.932159e-02 
 2.864649e+01  5.999580e-02 
 2.864689e+01  6.064818e-02 
 2.864729e+01  6.129210e-02 
 2.864769e+01  6.190648e-02 
 2.864808e+01  6.249567e-02 
 2.864848e+01  6.306182e-02 
 2.864888e+01  6.360637e-02 
 2.864928e+01  6.413217e-02 
 2.864967e+01  6.461241e-02 
 2.865007e+01  6.506435e-02 
 2.865047e+01  6.547257e-02 
 2.865087e+01  6.583287e-02 
 2.865127e+01  6.617367e-02 
 2.865166e+01  6.650005e-02 
 2.865206e+01  6.677381e-02 
 2.865246e+01  6.701409e-02 
 2.865286e+01  6.724246e-02 
 2.865325e+01  6.742697e-02 
 2.865365e+01  6.758739e-02 
 2.865405e+01  6.773803e-02 
 2.865445e+01  6.784598e-02 
 2.865484e+01  6.790368e-02 
 2.865524e+01  6.792322e-02 
 2.865564e+01  6.791189e-02 
 2.865604e+01  6.786491e-02 
 2.865644e+01  6.778405e-02 
 2.865683e+01  6.769006e-02 
 2.865723e+01  6.755563e-02 
 2.865763e+01  6.738056e-02 
 2.865803e+01  6.717917e-02 
 2.865842e+01  6.696247e-02 
 2.865882e+01  6.669474e-02 
 2.865922e+01  6.639788e-02 
 2.865962e+01  6.605695e-02 
 2.866001e+01  6.567654e-02 
 2.866041e+01  6.525788e-02 
 2.866081e+01  6.480840e-02 
 2.866121e+01  6.432757e-02 
 2.866161e+01  6.381573e-02 
 2.866200e+01  6.328957e-02 
 2.866240e+01  6.272774e-02 
 2.866280e+01  6.213600e-02 
 2.866320e+01  6.152093e-02 
 2.866359e+01  6.088486e-02 
 2.866399e+01  6.020842e-02 
 2.866439e+01  5.951164e-02 
 2.866479e+01  5.877261e-02 
 2.866519e+01  5.800304e-02 
 2.866558e+01  5.720768e-02 
 2.866598e+01  5.639427e-02 
 2.866638e+01  5.556324e-02 
 2.866678e+01  5.471704e-02 
 2.866717e+01  5.384554e-02 
 2.866757e+01  5.294143e-02 
 2.866797e+01  5.201476e-02 
 2.866837e+01  5.107636e-02 
 2.866876e+01  5.012131e-02 
 2.866916e+01  4.914888e-02 
 2.866956e+01  4.815384e-02 
 2.866996e+01  4.712979e-02 
 2.867036e+01  4.609771e-02 
 2.867075e+01  4.504793e-02 
 2.867115e+01  4.399317e-02 
 2.867155e+01  4.292055e-02 
 2.867195e+01  4.182608e-02 
 2.867234e+01  4.072009e-02 
 2.867274e+01  3.961158e-02 
 2.867314e+01  3.849635e-02 
 2.867354e+01  3.737744e-02 
 2.867393e+01  3.625832e-02 
 2.867433e+01  3.512288e-02 
 2.867473e+01  3.396068e-02 
 2.867513e+01  3.280554e-02 
 2.867553e+01  3.165476e-02 
 2.867592e+01  3.049059e-02 
 2.867632e+01  2.932734e-02 
 2.867672e+01  2.814964e-02 
 2.867712e+01  2.696280e-02 
 2.867751e+01  2.576349e-02 
 2.867791e+01  2.458212e-02 
 2.867831e+01  2.338330e-02 
 2.867871e+01  2.218211e-02 
 2.867910e+01  2.098273e-02 
 2.867950e+01  1.976748e-02 
 2.867990e+01  1.853753e-02 
 2.868030e+01  1.731934e-02 
 2.868070e+01  1.610332e-02 
 2.868109e+01  1.488726e-02 
 2.868149e+01  1.366626e-02 
 2.868189e+01  1.245815e-02 
 2.868229e+01  1.124656e-02 
 2.868268e+01  1.005321e-02 
 2.868308e+01  8.865572e-03 
 2.868348e+01  7.685761e-03 
 2.868388e+01  6.491178e-03 
 2.868427e+01  5.301002e-03 
 2.868467e+01  4.121227e-03 
 2.868507e+01  2.950092e-03 
 2.868547e+01  1.784559e-03 
 2.868587e+01  6.428724e-04 
 2.868626e+01 -4.970166e-04 
 2.868666e+01 -1.636691e-03 
 2.868706e+01 -2.767874e-03 
 2.868746e+01 -3.877889e-03 
 2.868785e+01 -4.970012e-03 
 2.868825e+01 -6.048366e-03 
 2.868865e+01 -7.116309e-03 
 2.868905e+01 -8.170912e-03 
 2.868944e+01 -9.212732e-03 
 2.868984e+01 -1.024173e-02 
 2.869024e+01 -1.125036e-02 
 2.869064e+01 -1.224266e-02 
 2.869104e+01 -1.322631e-02 
 2.869143e+01 -1.418502e-02 
 2.869183e+01 -1.512823e-02 
 2.869223e+01 -1.604409e-02 
 2.869263e+01 -1.692608e-02 
 2.869302e+01 -1.778625e-02 
 2.869342e+01 -1.862463e-02 
 2.869382e+01 -1.943989e-02 
 2.869422e+01 -2.023448e-02 
 2.869461e+01 -2.098451e-02 
 2.869501e+01 -2.171736e-02 
 2.869541e+01 -2.242503e-02 
 2.869581e+01 -2.311828e-02 
 2.869621e+01 -2.377836e-02 
 2.869660e+01 -2.440705e-02 
 2.869700e+01 -2.500652e-02 
 2.869740e+01 -2.556175e-02 
 2.869780e+01 -2.606837e-02 
 2.869819e+01 -2.655930e-02 
 2.869859e+01 -2.700955e-02 
 2.869899e+01 -2.743879e-02 
 2.869939e+01 -2.783216e-02 
 2.869978e+01 -2.819422e-02 
 2.870018e+01 -2.852928e-02 
 2.870058e+01 -2.883800e-02 
 2.870098e+01 -2.911308e-02 
 2.870138e+01 -2.932951e-02 
 2.870177e+01 -2.952305e-02 
 2.870217e+01 -2.966620e-02 
 2.870257e+01 -2.976844e-02 
 2.870297e+01 -2.984084e-02 
 2.870336e+01 -2.988916e-02 
 2.870376e+01 -2.990439e-02 
 2.870416e+01 -2.987717e-02 
 2.870456e+01 -2.984059e-02 
 2.870495e+01 -2.976275e-02 
 2.870535e+01 -2.965990e-02 
 2.870575e+01 -2.954088e-02 
 2.870615e+01 -2.938085e-02 
 2.870655e+01 -2.919018e-02 
 2.870694e+01 -2.895669e-02 
 2.870734e+01 -2.870680e-02 
 2.870774e+01 -2.841024e-02 
 2.870814e+01 -2.809596e-02 
 2.870853e+01 -2.774574e-02 
 2.870893e+01 -2.737973e-02 
 2.870933e+01 -2.698252e-02 
 2.870973e+01 -2.656058e-02 
 2.871012e+01 -2.611621e-02 
 2.871052e+01 -2.565291e-02 
 2.871092e+01 -2.516968e-02 
 2.871132e+01 -2.464982e-02 
 2.871172e+01 -2.410749e-02 
 2.871211e+01 -2.353994e-02 
 2.871251e+01 -2.294060e-02 
 2.871291e+01 -2.231968e-02 
 2.871331e+01 -2.167221e-02 
 2.871370e+01 -2.100083e-02 
 2.871410e+01 -2.030859e-02 
 2.871450e+01 -1.958403e-02 
 2.871490e+01 -1.885112e-02 
 2.871529e+01 -1.809839e-02 
 2.871569e+01 -1.732539e-02 
 2.871609e+01 -1.652725e-02 
 2.871649e+01 -1.569911e-02 
 2.871689e+01 -1.484235e-02 
 2.871728e+01 -1.394923e-02 
 2.871768e+01 -1.305092e-02 
 2.871808e+01 -1.212856e-02 
 2.871848e+01 -1.117640e-02 
 2.871887e+01 -1.021124e-02 
 2.871927e+01 -9.247881e-03 
 2.871967e+01 -8.258431e-03 
 2.872007e+01 -7.256865e-03 
 2.872046e+01 -6.247712e-03 
 2.872086e+01 -5.203591e-03 
 2.872126e+01 -4.130058e-03 
 2.872166e+01 -3.040761e-03 
 2.872206e+01 -1.935085e-03 
 2.872245e+01 -8.035783e-04 
 2.872285e+01  3.267689e-04 
 2.872325e+01  1.478319e-03 
 2.872365e+01  2.647378e-03 
 2.872404e+01  3.828635e-03 
 2.872444e+01  4.997873e-03 
 2.872484e+01  6.191934e-03 
 2.872524e+01  7.386480e-03 
 2.872563e+01  8.589538e-03 
 2.872603e+01  9.815973e-03 
 2.872643e+01  1.105502e-02 
 2.872683e+01  1.229922e-02 
 2.872723e+01  1.354395e-02 
 2.872762e+01  1.480764e-02 
 2.872802e+01  1.605736e-02 
 2.872842e+01  1.731287e-02 
 2.872882e+01  1.857644e-02 
 2.872921e+01  1.983412e-02 
 2.872961e+01  2.107739e-02 
 2.873001e+01  2.233548e-02 
 2.873041e+01  2.360359e-02 
 2.873080e+01  2.486829e-02 
 2.873120e+01  2.612770e-02 
 2.873160e+01  2.739230e-02 
 2.873200e+01  2.863900e-02 
 2.873240e+01  2.988448e-02 
 2.873279e+01  3.112914e-02 
 2.873319e+01  3.235773e-02 
 2.873359e+01  3.358370e-02 
 2.873399e+01  3.478954e-02 
 2.873438e+01  3.597700e-02 
 2.873478e+01  3.714941e-02 
 2.873518e+01  3.830407e-02 
 2.873558e+01  3.946189e-02 
 2.873597e+01  4.059154e-02 
 2.873637e+01  4.171701e-02 
 2.873677e+01  4.283190e-02 
 2.873717e+01  4.392403e-02 
 2.873757e+01  4.499666e-02 
 2.873796e+01  4.604730e-02 
 2.873836e+01  4.707631e-02 
 2.873876e+01  4.805863e-02 
 2.873916e+01  4.902740e-02 
 2.873955e+01  4.997912e-02 
 2.873995e+01  5.089676e-02 
 2.874035e+01  5.179652e-02 
 2.874075e+01  5.268293e-02 
 2.874114e+01  5.353722e-02 
 2.874154e+01  5.436421e-02 
 2.874194e+01  5.516909e-02 
 2.874234e+01  5.597174e-02 
 2.874274e+01  5.673221e-02 
 2.874313e+01  5.747683e-02 
 2.874353e+01  5.818434e-02 
 2.874393e+01  5.885470e-02 
 2.874433e+01  5.950089e-02 
 2.874472e+01  6.012513e-02 
 2.874512e+01  6.072902e-02 
 2.874552e+01  6.130874e-02 
 2.874592e+01  6.186687e-02 
 2.874631e+01  6.239532e-02 
 2.874671e+01  6.289871e-02 
 2.874711e+01  6.337177e-02 
 2.874751e+01  6.382850e-02 
 2.874791e+01  6.425060e-02 
 2.874830e+01  6.462897e-02 
 2.874870e+01  6.499397e-02 
 2.874910e+01  6.534004e-02 
 2.874950e+01  6.566366e-02 
 2.874989e+01  6.597404e-02 
 2.875029e+01  6.625924e-02 
 2.875069e+01  6.650998e-02 
 2.875109e+01  6.672558e-02 
 2.875148e+01  6.692656e-02 
 2.875188e+01  6.709837e-02 
 2.875228e+01  6.724545e-02 
 2.875268e+01  6.735550e-02 
 2.875308e+01  6.743246e-02 
 2.875347e+01  6.746898e-02 
 2.875387e+01  6.747870e-02 
 2.875427e+01  6.746592e-02 
 2.875467e+01  6.742441e-02 
 2.875506e+01  6.735239e-02 
 2.875546e+01  6.724587e-02 
 2.875586e+01  6.710341e-02 
 2.875626e+01  6.692366e-02 
 2.875665e+01  6.672577e-02 
 2.875705e+01  6.648456e-02 
 2.875745e+01  6.620296e-02 
 2.875785e+01  6.589470e-02 
 2.875825e+01  6.554833e-02 
 2.875864e+01  6.517767e-02 
 2.875904e+01  6.477874e-02 
 2.875944e+01  6.435884e-02 
 2.875984e+01  6.390210e-02 
 2.876023e+01  6.341084e-02 
 2.876063e+01  6.289411e-02 
 2.876103e+01  6.233626e-02 
 2.876143e+01  6.175816e-02 
 2.876183e+01  6.116438e-02 
 2.876222e+01  6.052813e-02 
 2.876262e+01  5.985975e-02 
 2.876302e+01  5.916404e-02 
 2.876342e+01  5.844115e-02 
 2.876381e+01  5.768599e-02 
 2.876421e+01  5.691693e-02 
 2.876461e+01  5.613949e-02 
 2.876501e+01  5.530111e-02 
 2.876540e+01  5.445604e-02 
 2.876580e+01  5.357740e-02 
 2.876620e+01  5.267324e-02 
 2.876660e+01  5.174949e-02 
 2.876700e+01  5.080645e-02 
 2.876739e+01  4.983405e-02 
 2.876779e+01  4.882074e-02 
 2.876819e+01  4.781250e-02 
 2.876859e+01  4.678598e-02 
 2.876898e+01  4.574512e-02 
 2.876938e+01  4.468675e-02 
 2.876978e+01  4.361499e-02 
 2.877018e+01  4.250917e-02 
 2.877057e+01  4.139668e-02 
 2.877097e+01  4.026972e-02 
 2.877137e+01  3.913847e-02 
 2.877177e+01  3.797578e-02 
 2.877217e+01  3.680898e-02 
 2.877256e+01  3.561582e-02 
 2.877296e+01  3.441041e-02 
 2.877336e+01  3.319768e-02 
 2.877376e+01  3.198449e-02 
 2.877415e+01  3.075884e-02 
 2.877455e+01  2.952150e-02 
 2.877495e+01  2.827454e-02 
 2.877535e+01  2.703519e-02 
 2.877574e+01  2.578110e-02 
 2.877614e+01  2.453094e-02 
 2.877654e+01  2.329472e-02 
 2.877694e+01  2.204762e-02 
 2.877734e+01  2.080322e-02 
 2.877773e+01  1.956474e-02 
 2.877813e+01  1.833866e-02 
 2.877853e+01  1.711448e-02 
 2.877893e+01  1.590746e-02 
 2.877932e+01  1.468509e-02 
 2.877972e+01  1.346691e-02 
 2.878012e+01  1.225381e-02 
 2.878052e+01  1.106008e-02 
 2.878091e+01  9.872096e-03 
 2.878131e+01  8.701693e-03 
 2.878171e+01  7.539963e-03 
 2.878211e+01  6.382125e-03 
 2.878251e+01  5.233537e-03 
 2.878290e+01  4.097215e-03 
 2.878330e+01  2.975596e-03 
 2.878370e+01  1.861470e-03 
 2.878410e+01  7.521384e-04 
 2.878449e+01 -3.602625e-04 
 2.878489e+01 -1.453775e-03 
 2.878529e+01 -2.542379e-03 
 2.878569e+01 -3.600538e-03 
 2.878608e+01 -4.642591e-03 
 2.878648e+01 -5.685001e-03 
 2.878688e+01 -6.714768e-03 
 2.878728e+01 -7.736781e-03 
 2.878768e+01 -8.742474e-03 
 2.878807e+01 -9.721812e-03 
 2.878847e+01 -1.069849e-02 
 2.878887e+01 -1.166942e-02 
 2.878927e+01 -1.262555e-02 
 2.878966e+01 -1.357084e-02 
 2.879006e+01 -1.449800e-02 
 2.879046e+01 -1.538519e-02 
 2.879086e+01 -1.624208e-02 
 2.879125e+01 -1.709464e-02 
 2.879165e+01 -1.794244e-02 
 2.879205e+01 -1.875974e-02 
 2.879245e+01 -1.955999e-02 
 2.879285e+01 -2.033217e-02 
 2.879324e+01 -2.107865e-02 
 2.879364e+01 -2.180693e-02 
 2.879404e+01 -2.251981e-02 
 2.879444e+01 -2.320381e-02 
 2.879483e+01 -2.384656e-02 
 2.879523e+01 -2.447199e-02 
 2.879563e+01 -2.504669e-02 
 2.879603e+01 -2.560481e-02 
 2.879642e+01 -2.613232e-02 
 2.879682e+01 -2.664213e-02 
 2.879722e+01 -2.709665e-02 
 2.879762e+01 -2.751691e-02 
 2.879802e+01 -2.791587e-02 
 2.879841e+01 -2.827585e-02 
 2.879881e+01 -2.861150e-02 
 2.879921e+01 -2.891767e-02 
 2.879961e+01 -2.918447e-02 
 2.880000e+01 -2.940723e-02 
 2.880040e+01 -2.960850e-02 
 2.880080e+01 -2.977098e-02 
 2.880120e+01 -2.989926e-02 
 2.880159e+01 -2.999814e-02 
 2.880199e+01 -3.007432e-02 
 2.880239e+01 -3.010833e-02 
 2.880279e+01 -3.010988e-02 
 2.880319e+01 -3.009069e-02 
 2.880358e+01 -3.002004e-02 
 2.880398e+01 -2.993643e-02 
 2.880438e+01 -2.981090e-02 
 2.880478e+01 -2.963777e-02 
 2.880517e+01 -2.944064e-02 
 2.880557e+01 -2.920912e-02 
 2.880597e+01 -2.893625e-02 
 2.880637e+01 -2.863177e-02 
 2.880676e+01 -2.830735e-02 
 2.880716e+01 -2.795118e-02 
 2.880756e+01 -2.756007e-02 
 2.880796e+01 -2.715354e-02 
 2.880836e+01 -2.671343e-02 
 2.880875e+01 -2.624214e-02 
 2.880915e+01 -2.574214e-02 
 2.880955e+01 -2.519769e-02 
 2.880995e+01 -2.461441e-02 
 2.881034e+01 -2.399666e-02 
 2.881074e+01 -2.336829e-02 
 2.881114e+01 -2.269973e-02 
 2.881154e+01 -2.200995e-02 
 2.881193e+01 -2.129680e-02 
 2.881233e+01 -2.057002e-02 
 2.881273e+01 -1.980832e-02 
 2.881313e+01 -1.902758e-02 
 2.881353e+01 -1.822894e-02 
 2.881392e+01 -1.739979e-02 
 2.881432e+01 -1.654135e-02 
 2.881472e+01 -1.565441e-02 
 2.881512e+01 -1.475519e-02 
 2.881551e+01 -1.384998e-02 
 2.881591e+01 -1.292183e-02 
 2.881631e+01 -1.197738e-02 
 2.881671e+01 -1.101264e-02 
 2.881710e+01 -1.003777e-02 
 2.881750e+01 -9.063380e-03 
 2.881790e+01 -8.067753e-03 
 2.881830e+01 -7.051829e-03 
 2.881870e+01 -6.016231e-03 
 2.881909e+01 -4.963621e-03 
 2.881949e+01 -3.902826e-03 
 2.881989e+01 -2.818100e-03 
 2.882029e+01 -1.741352e-03 
 2.882068e+01 -6.594407e-04 
 2.882108e+01  4.455547e-04 
 2.882148e+01  1.544423e-03 
 2.882188e+01  2.656319e-03 
 2.882227e+01  3.782222e-03 
 2.882267e+01  4.908544e-03 
 2.882307e+01  6.049257e-03 
 2.882347e+01  7.206878e-03 
 2.882387e+01  8.378309e-03 
 2.882426e+01  9.547816e-03 
 2.882466e+01  1.073331e-02 
 2.882506e+01  1.192995e-02 
 2.882546e+01  1.312124e-02 
 2.882585e+01  1.432866e-02 
 2.882625e+01  1.554025e-02 
 2.882665e+01  1.675700e-02 
 2.882705e+01  1.796753e-02 
 2.882744e+01  1.919012e-02 
 2.882784e+01  2.040635e-02 
 2.882824e+01  2.164017e-02 
 2.882864e+01  2.288917e-02 
 2.882904e+01  2.412936e-02 
 2.882943e+01  2.536837e-02 
 2.882983e+01  2.661526e-02 
 2.883023e+01  2.786184e-02 
 2.883063e+01  2.908768e-02 
 2.883102e+01  3.031308e-02 
 2.883142e+01  3.154457e-02 
 2.883182e+01  3.275683e-02 
 2.883222e+01  3.395291e-02 
 2.883261e+01  3.516100e-02 
 2.883301e+01  3.634515e-02 
 2.883341e+01  3.752850e-02 
 2.883381e+01  3.871424e-02 
 2.883421e+01  3.988232e-02 
 2.883460e+01  4.101901e-02 
 2.883500e+01  4.214727e-02 
 2.883540e+01  4.326705e-02 
 2.883580e+01  4.435366e-02 
 2.883619e+01  4.542524e-02 
 2.883659e+01  4.648763e-02 
 2.883699e+01  4.751142e-02 
 2.883739e+01  4.853556e-02 
 2.883778e+01  4.955079e-02 
 2.883818e+01  5.054025e-02 
 2.883858e+01  5.151557e-02 
 2.883898e+01  5.246997e-02 
 2.883938e+01  5.338800e-02 
 2.883977e+01  5.426486e-02 
 2.884017e+01  5.512584e-02 
 2.884057e+01  5.596482e-02 
 2.884097e+01  5.676448e-02 
 2.884136e+01  5.752919e-02 
 2.884176e+01  5.826515e-02 
 2.884216e+01  5.897835e-02 
 2.884256e+01  5.965527e-02 
 2.884295e+01  6.032247e-02 
 2.884335e+01  6.096709e-02 
 2.884375e+01  6.156852e-02 
 2.884415e+01  6.214445e-02 
 2.884455e+01  6.268350e-02 
 2.884494e+01  6.320473e-02 
 2.884534e+01  6.369415e-02 
 2.884574e+01  6.415626e-02 
 2.884614e+01  6.456919e-02 
 2.884653e+01  6.495287e-02 
 2.884693e+01  6.530817e-02 
 2.884733e+01  6.564786e-02 
 2.884773e+01  6.594764e-02 
 2.884812e+01  6.622107e-02 
 2.884852e+01  6.645735e-02 
 2.884892e+01  6.667603e-02 
 2.884932e+01  6.686112e-02 
 2.884972e+01  6.701975e-02 
 2.885011e+01  6.714854e-02 
 2.885051e+01  6.724165e-02 
 2.885091e+01  6.730866e-02 
 2.885131e+01  6.732936e-02 
 2.885170e+01  6.731855e-02 
 2.885210e+01  6.729156e-02 
 2.885250e+01  6.724771e-02 
 2.885290e+01  6.717073e-02 
 2.885330e+01  6.707178e-02 
 2.885369e+01  6.694485e-02 
 2.885409e+01  6.679906e-02 
 2.885449e+01  6.661373e-02 
 2.885489e+01  6.641332e-02 
 2.885528e+01  6.617561e-02 
 2.885568e+01  6.590127e-02 
 2.885608e+01  6.560077e-02 
 2.885648e+01  6.527659e-02 
 2.885687e+01  6.491701e-02 
 2.885727e+01  6.453332e-02 
 2.885767e+01  6.414555e-02 
 2.885807e+01  6.371098e-02 
 2.885847e+01  6.324752e-02 
 2.885886e+01  6.277075e-02 
 2.885926e+01  6.225252e-02 
 2.885966e+01  6.170257e-02 
 2.886006e+01  6.113274e-02 
 2.886045e+01  6.051861e-02 
 2.886085e+01  5.986319e-02 
 2.886125e+01  5.917664e-02 
 2.886165e+01  5.848153e-02 
 2.886204e+01  5.775525e-02 
 2.886244e+01  5.700685e-02 
 2.886284e+01  5.624175e-02 
 2.886324e+01  5.543564e-02 
 2.886364e+01  5.459708e-02 
 2.886403e+01  5.374768e-02 
 2.886443e+01  5.289471e-02 
 2.886483e+01  5.199305e-02 
 2.886523e+01  5.106317e-02 
 2.886562e+01  5.012619e-02 
 2.886602e+01  4.915976e-02 
 2.886642e+01  4.818160e-02 
 2.886682e+01  4.719100e-02 
 2.886721e+01  4.617008e-02 
 2.886761e+01  4.512666e-02 
 2.886801e+01  4.406500e-02 
 2.886841e+01  4.298932e-02 
 2.886881e+01  4.188896e-02 
 2.886920e+01  4.077769e-02 
 2.886960e+01  3.965722e-02 
 2.887000e+01  3.850758e-02 
 2.887040e+01  3.733912e-02 
 2.887079e+01  3.615990e-02 
 2.887119e+01  3.498119e-02 
 2.887159e+01  3.379804e-02 
 2.887199e+01  3.260207e-02 
 2.887238e+01  3.139166e-02 
 2.887278e+01  3.016962e-02 
 2.887318e+01  2.894884e-02 
 2.887358e+01  2.772594e-02 
 2.887398e+01  2.650042e-02 
 2.887437e+01  2.527380e-02 
 2.887477e+01  2.403468e-02 
 2.887517e+01  2.278908e-02 
 2.887557e+01  2.152907e-02 
 2.887596e+01  2.029082e-02 
 2.887636e+01  1.903466e-02 
 2.887676e+01  1.777850e-02 
 2.887716e+01  1.652440e-02 
 2.887755e+01  1.526638e-02 
 2.887795e+01  1.400918e-02 
 2.887835e+01  1.276350e-02 
 2.887875e+01  1.153152e-02 
 2.887915e+01  1.030177e-02 
 2.887954e+01  9.080585e-03 
 2.887994e+01  7.856981e-03 
 2.888034e+01  6.630394e-03 
 2.888074e+01  5.422560e-03 
 2.888113e+01  4.227969e-03 
 2.888153e+01  3.043150e-03 
 2.888193e+01  1.871900e-03 
 2.888233e+01  7.044756e-04 
 2.888272e+01 -4.486370e-04 
 2.888312e+01 -1.576318e-03 
 2.888352e+01 -2.685693e-03 
 2.888392e+01 -3.769084e-03 
 2.888432e+01 -4.837427e-03 
 2.888471e+01 -5.899595e-03 
 2.888511e+01 -6.942623e-03 
 2.888551e+01 -7.967654e-03 
 2.888591e+01 -8.972245e-03 
 2.888630e+01 -9.961162e-03 
 2.888670e+01 -1.091888e-02 
 2.888710e+01 -1.186706e-02 
 2.888750e+01 -1.280904e-02 
 2.888789e+01 -1.371463e-02 
 2.888829e+01 -1.458667e-02 
 2.888869e+01 -1.543038e-02 
 2.888909e+01 -1.625376e-02 
 2.888949e+01 -1.706864e-02 
 2.888988e+01 -1.787032e-02 
 2.889028e+01 -1.864919e-02 
 2.889068e+01 -1.939757e-02 
 2.889108e+01 -2.012079e-02 
 2.889147e+01 -2.083286e-02 
 2.889187e+01 -2.151784e-02 
 2.889227e+01 -2.218633e-02 
 2.889267e+01 -2.281429e-02 
 2.889306e+01 -2.341753e-02 
 2.889346e+01 -2.398312e-02 
 2.889386e+01 -2.452799e-02 
 2.889426e+01 -2.505079e-02 
 2.889466e+01 -2.556123e-02 
 2.889505e+01 -2.604104e-02 
 2.889545e+01 -2.649962e-02 
 2.889585e+01 -2.693847e-02 
 2.889625e+01 -2.735841e-02 
 2.889664e+01 -2.774993e-02 
 2.889704e+01 -2.811424e-02 
 2.889744e+01 -2.844835e-02 
 2.889784e+01 -2.873271e-02 
 2.889823e+01 -2.897731e-02 
 2.889863e+01 -2.919969e-02 
 2.889903e+01 -2.940218e-02 
 2.889943e+01 -2.956514e-02 
 2.889983e+01 -2.971501e-02 
 2.890022e+01 -2.982566e-02 
 2.890062e+01 -2.990499e-02 
 2.890102e+01 -2.994847e-02 
 2.890142e+01 -2.998621e-02 
 2.890181e+01 -2.996816e-02 
 2.890221e+01 -2.991621e-02 
 2.890261e+01 -2.982217e-02 
 2.890301e+01 -2.970051e-02 
 2.890340e+01 -2.952327e-02 
 2.890380e+01 -2.932887e-02 
 2.890420e+01 -2.910343e-02 
 2.890460e+01 -2.884303e-02 
 2.890500e+01 -2.855231e-02 
 2.890539e+01 -2.823019e-02 
 2.890579e+01 -2.787828e-02 
 2.890619e+01 -2.748642e-02 
 2.890659e+01 -2.707046e-02 
 2.890698e+01 -2.660911e-02 
 2.890738e+01 -2.610274e-02 
 2.890778e+01 -2.555468e-02 
 2.890818e+01 -2.499995e-02 
 2.890857e+01 -2.441187e-02 
 2.890897e+01 -2.380486e-02 
 2.890937e+01 -2.317256e-02 
 2.890977e+01 -2.251265e-02 
 2.891017e+01 -2.181970e-02 
 2.891056e+01 -2.110698e-02 
 2.891096e+01 -2.037562e-02 
 2.891136e+01 -1.960810e-02 
 2.891176e+01 -1.881188e-02 
 2.891215e+01 -1.799125e-02 
 2.891255e+01 -1.713321e-02 
 2.891295e+01 -1.625734e-02 
 2.891335e+01 -1.536009e-02 
 2.891374e+01 -1.444393e-02 
 2.891414e+01 -1.351291e-02 
 2.891454e+01 -1.255685e-02 
 2.891494e+01 -1.160367e-02 
 2.891534e+01 -1.062268e-02 
 2.891573e+01 -9.643097e-03 
 2.891613e+01 -8.624337e-03 
 2.891653e+01 -7.595331e-03 
 2.891693e+01 -6.530826e-03 
 2.891732e+01 -5.448662e-03 
 2.891772e+01 -4.350300e-03 
 2.891812e+01 -3.236886e-03 
 2.891852e+01 -2.124022e-03 
 2.891891e+01 -9.939556e-04 
 2.891931e+01  1.460096e-04 
 2.891971e+01  1.288820e-03 
 2.892011e+01  2.439030e-03 
 2.892051e+01  3.593916e-03 
 2.892090e+01  4.759285e-03 
 2.892130e+01  5.943965e-03 
 2.892170e+01  7.144703e-03 
 2.892210e+01  8.360807e-03 
 2.892249e+01  9.571520e-03 
 2.892289e+01  1.080823e-02 
 2.892329e+01  1.203525e-02 
 2.892369e+01  1.324689e-02 
 2.892408e+01  1.446512e-02 
 2.892448e+01  1.568168e-02 
 2.892488e+01  1.688122e-02 
 2.892528e+01  1.808367e-02 
 2.892568e+01  1.929140e-02 
 2.892607e+01  2.052146e-02 
 2.892647e+01  2.174687e-02 
 2.892687e+01  2.297704e-02 
 2.892727e+01  2.420996e-02 
 2.892766e+01  2.541662e-02 
 2.892806e+01  2.661643e-02 
 2.892846e+01  2.781156e-02 
 2.892886e+01  2.898995e-02 
 2.892925e+01  3.015498e-02 
 2.892965e+01  3.131428e-02 
 2.893005e+01  3.247287e-02 
 2.893045e+01  3.361190e-02 
 2.893085e+01  3.475669e-02 
 2.893124e+01  3.590188e-02 
 2.893164e+01  3.703434e-02 
 2.893204e+01  3.817193e-02 
 2.893244e+01  3.928945e-02 
 2.893283e+01  4.039204e-02 
 2.893323e+01  4.148948e-02 
 2.893363e+01  4.257875e-02 
 2.893403e+01  4.364540e-02 
 2.893442e+01  4.469753e-02 
 2.893482e+01  4.574080e-02 
 2.893522e+01  4.676856e-02 
 2.893562e+01  4.777923e-02 
 2.893602e+01  4.878684e-02 
 2.893641e+01  4.979085e-02 
 2.893681e+01  5.075601e-02 
 2.893721e+01  5.170396e-02 
 2.893761e+01  5.262411e-02 
 2.893800e+01  5.352798e-02 
 2.893840e+01  5.442832e-02 
 2.893880e+01  5.530196e-02 
 2.893920e+01  5.614451e-02 
 2.893959e+01  5.696132e-02 
 2.893999e+01  5.775895e-02 
 2.894039e+01  5.852540e-02 
 2.894079e+01  5.928180e-02 
 2.894119e+01  6.001367e-02 
 2.894158e+01  6.071127e-02 
 2.894198e+01  6.137529e-02 
 2.894238e+01  6.202302e-02 
 2.894278e+01  6.263039e-02 
 2.894317e+01  6.321283e-02 
 2.894357e+01  6.375781e-02 
 2.894397e+01  6.425972e-02 
 2.894437e+01  6.471883e-02 
 2.894477e+01  6.513505e-02 
 2.894516e+01  6.554622e-02 
 2.894556e+01  6.591779e-02 
 2.894596e+01  6.625393e-02 
 2.894636e+01  6.655174e-02 
 2.894675e+01  6.681619e-02 
 2.894715e+01  6.704608e-02 
 2.894755e+01  6.723493e-02 
 2.894795e+01  6.740547e-02 
 2.894834e+01  6.753832e-02 
 2.894874e+01  6.763235e-02 
 2.894914e+01  6.768776e-02 
 2.894954e+01  6.771733e-02 
 2.894994e+01  6.771335e-02 
 2.895033e+01  6.768207e-02 
 2.895073e+01  6.762925e-02 
 2.895113e+01  6.753764e-02 
 2.895153e+01  6.741349e-02 
 2.895192e+01  6.726700e-02 
 2.895232e+01  6.709479e-02 
 2.895272e+01  6.688270e-02 
 2.895312e+01  6.664283e-02 
 2.895351e+01  6.638300e-02 
 2.895391e+01  6.607676e-02 
 2.895431e+01  6.574007e-02 
 2.895471e+01  6.538948e-02 
 2.895511e+01  6.501561e-02 
 2.895550e+01  6.459879e-02 
 2.895590e+01  6.416553e-02 
 2.895630e+01  6.369736e-02 
 2.895670e+01  6.319133e-02 
 2.895709e+01  6.266857e-02 
 2.895749e+01  6.213558e-02 
 2.895789e+01  6.156939e-02 
 2.895829e+01  6.097391e-02 
 2.895868e+01  6.035335e-02 
 2.895908e+01  5.970205e-02 
 2.895948e+01  5.902486e-02 
 2.895988e+01  5.833009e-02 
 2.896028e+01  5.762540e-02 
 2.896067e+01  5.687733e-02 
 2.896107e+01  5.611999e-02 
 2.896147e+01  5.533743e-02 
 2.896187e+01  5.454491e-02 
 2.896226e+01  5.372867e-02 
 2.896266e+01  5.289651e-02 
 2.896306e+01  5.202277e-02 
 2.896346e+01  5.111469e-02 
 2.896385e+01  5.018256e-02 
 2.896425e+01  4.923942e-02 
 2.896465e+01  4.827739e-02 
 2.896505e+01  4.729460e-02 
 2.896545e+01  4.629693e-02 
 2.896584e+01  4.527541e-02 
 2.896624e+01  4.424175e-02 
 2.896664e+01  4.319418e-02 
 2.896704e+01  4.214130e-02 
 2.896743e+01  4.107306e-02 
 2.896783e+01  3.998211e-02 
 2.896823e+01  3.885960e-02 
 2.896863e+01  3.772480e-02 
 2.896902e+01  3.658136e-02 
 2.896942e+01  3.543760e-02 
 2.896982e+01  3.426998e-02 
 2.897022e+01  3.309332e-02 
 2.897062e+01  3.190481e-02 
 2.897101e+01  3.070138e-02 
 2.897141e+01  2.949707e-02 
 2.897181e+01  2.828363e-02 
 2.897221e+01  2.706405e-02 
 2.897260e+01  2.582025e-02 
 2.897300e+01  2.457442e-02 
 2.897340e+01  2.331830e-02 
 2.897380e+01  2.205720e-02 
 2.897419e+01  2.081573e-02 
 2.897459e+01  1.956006e-02 
 2.897499e+01  1.829710e-02 
 2.897539e+01  1.703061e-02 
 2.897579e+01  1.576732e-02 
 2.897618e+01  1.450181e-02 
 2.897658e+01  1.324328e-02 
 2.897698e+01  1.200328e-02 
 2.897738e+01  1.075840e-02 
 2.897777e+01  9.517639e-03 
 2.897817e+01  8.290115e-03 
 2.897857e+01  7.066852e-03 
 2.897897e+01  5.851860e-03 
 2.897936e+01  4.653456e-03 
 2.897976e+01  3.467261e-03 
 2.898016e+01  2.282535e-03 
 2.898056e+01  1.113686e-03 
 2.898096e+01 -4.366268e-05 
 2.898135e+01 -1.165077e-03 
 2.898175e+01 -2.278658e-03 
 2.898215e+01 -3.390710e-03 
 2.898255e+01 -4.484233e-03 
 2.898294e+01 -5.570231e-03 
 2.898334e+01 -6.645532e-03 
 2.898374e+01 -7.695519e-03 
 2.898414e+01 -8.718512e-03 
 2.898453e+01 -9.738485e-03 
 2.898493e+01 -1.073708e-02 
 2.898533e+01 -1.172582e-02 
 2.898573e+01 -1.267783e-02 
 2.898613e+01 -1.360682e-02 
 2.898652e+01 -1.449073e-02 
 2.898692e+01 -1.537128e-02 
 2.898732e+01 -1.623663e-02 
 2.898772e+01 -1.708307e-02 
 2.898811e+01 -1.790230e-02 
 2.898851e+01 -1.869982e-02 
 2.898891e+01 -1.947394e-02 
 2.898931e+01 -2.022183e-02 
 2.898970e+01 -2.094626e-02 
 2.899010e+01 -2.163544e-02 
 2.899050e+01 -2.228911e-02 
 2.899090e+01 -2.292052e-02 
 2.899130e+01 -2.351519e-02 
 2.899169e+01 -2.409228e-02 
 2.899209e+01 -2.465154e-02 
 2.899249e+01 -2.518866e-02 
 2.899289e+01 -2.569149e-02 
 2.899328e+01 -2.615789e-02 
 2.899368e+01 -2.660237e-02 
 2.899408e+01 -2.701058e-02 
 2.899448e+01 -2.738756e-02 
 2.899487e+01 -2.773920e-02 
 2.899527e+01 -2.804417e-02 
 2.899567e+01 -2.832654e-02 
 2.899607e+01 -2.857064e-02 
 2.899647e+01 -2.878650e-02 
 2.899686e+01 -2.898423e-02 
 2.899726e+01 -2.916259e-02 
 2.899766e+01 -2.932180e-02 
 2.899806e+01 -2.944478e-02 
 2.899845e+01 -2.954387e-02 
 2.899885e+01 -2.961299e-02 
 2.899925e+01 -2.964212e-02 
 2.899965e+01 -2.964134e-02 
 2.900004e+01 -2.961474e-02 
 2.900044e+01 -2.953695e-02 
 2.900084e+01 -2.943952e-02 
 2.900124e+01 -2.931783e-02 
 2.900164e+01 -2.916859e-02 
 2.900203e+01 -2.898747e-02 
 2.900243e+01 -2.879786e-02 
 2.900283e+01 -2.857269e-02 
 2.900323e+01 -2.830556e-02 
 2.900362e+01 -2.801845e-02 
 2.900402e+01 -2.770601e-02 
 2.900442e+01 -2.736867e-02 
 2.900482e+01 -2.698459e-02 
 2.900521e+01 -2.656830e-02 
 2.900561e+01 -2.610421e-02 
 2.900601e+01 -2.562006e-02 
 2.900641e+01 -2.511189e-02 
 2.900681e+01 -2.458147e-02 
 2.900720e+01 -2.403149e-02 
 2.900760e+01 -2.343861e-02 
 2.900800e+01 -2.281951e-02 
 2.900840e+01 -2.216547e-02 
 2.900879e+01 -2.148919e-02 
 2.900919e+01 -2.077814e-02 
 2.900959e+01 -2.002352e-02 
 2.900999e+01 -1.923715e-02 
 2.901038e+01 -1.841553e-02 
 2.901078e+01 -1.756678e-02 
 2.901118e+01 -1.671207e-02 
 2.901158e+01 -1.583670e-02 
 2.901198e+01 -1.494181e-02 
 2.901237e+01 -1.400997e-02 
 2.901277e+01 -1.306742e-02 
 2.901317e+01 -1.210661e-02 
 2.901357e+01 -1.111874e-02 
 2.901396e+01 -1.011263e-02 
 2.901436e+01 -9.083797e-03 
 2.901476e+01 -8.020970e-03 
 2.901516e+01 -6.933837e-03 
 2.901555e+01 -5.846633e-03 
 2.901595e+01 -4.739501e-03 
 2.901635e+01 -3.635738e-03 
 2.901675e+01 -2.517478e-03 
 2.901715e+01 -1.397245e-03 
 2.901754e+01 -2.469512e-04 
 2.901794e+01  8.948119e-04 
 2.901834e+01  2.051402e-03 
 2.901874e+01  3.228757e-03 
 2.901913e+01  4.418298e-03 
 2.901953e+01  5.622258e-03 
 2.901993e+01  6.831647e-03 
 2.902033e+01  8.045685e-03 
 2.902072e+01  9.263809e-03 
 2.902112e+01  1.047719e-02 
 2.902152e+01  1.169519e-02 
 2.902192e+01  1.291642e-02 
 2.902232e+01  1.413563e-02 
 2.902271e+01  1.535493e-02 
 2.902311e+01  1.658071e-02 
 2.902351e+01  1.781413e-02 
 2.902391e+01  1.904748e-02 
 2.902430e+01  2.029813e-02 
 2.902470e+01  2.153271e-02 
 2.902510e+01  2.276595e-02 
 2.902550e+01  2.399338e-02 
 2.902589e+01  2.521742e-02 
 2.902629e+01  2.642850e-02 
 2.902669e+01  2.762647e-02 
 2.902709e+01  2.882412e-02 
 2.902749e+01  3.001339e-02 
 2.902788e+01  3.118811e-02 
 2.902828e+01  3.238395e-02 
 2.902868e+01  3.356633e-02 
 2.902908e+01  3.474545e-02 
 2.902947e+01  3.591804e-02 
 2.902987e+01  3.707829e-02 
 2.903027e+01  3.821762e-02 
 2.903067e+01  3.932985e-02 
 2.903106e+01  4.043058e-02 
 2.903146e+01  4.151535e-02 
 2.903186e+01  4.256989e-02 
 2.903226e+01  4.361118e-02 
 2.903266e+01  4.463865e-02 
 2.903305e+01  4.564807e-02 
 2.903345e+01  4.665015e-02 
 2.903385e+01  4.765217e-02 
 2.903425e+01  4.863417e-02 
 2.903464e+01  4.959447e-02 
 2.903504e+01  5.053448e-02 
 2.903544e+01  5.144330e-02 
 2.903584e+01  5.233125e-02 
 2.903624e+01  5.320712e-02 
 2.903663e+01  5.404775e-02 
 2.903703e+01  5.486369e-02 
 2.903743e+01  5.566792e-02 
 2.903783e+01  5.645223e-02 
 2.903822e+01  5.723197e-02 
 2.903862e+01  5.799853e-02 
 2.903902e+01  5.873838e-02 
 2.903942e+01  5.944689e-02 
 2.903981e+01  6.014060e-02 
 2.904021e+01  6.078869e-02 
 2.904061e+01  6.140922e-02 
 2.904101e+01  6.200416e-02 
 2.904141e+01  6.259418e-02 
 2.904180e+01  6.312793e-02 
 2.904220e+01  6.364101e-02 
 2.904260e+01  6.414923e-02 
 2.904300e+01  6.462421e-02 
 2.904339e+01  6.507683e-02 
 2.904379e+01  6.550596e-02 
 2.904419e+01  6.589814e-02 
 2.904459e+01  6.624857e-02 
 2.904498e+01  6.655914e-02 
 2.904538e+01  6.684592e-02 
 2.904578e+01  6.709891e-02 
 2.904618e+01  6.731441e-02 
 2.904658e+01  6.750253e-02 
 2.904697e+01  6.766035e-02 
 2.904737e+01  6.778039e-02 
 2.904777e+01  6.787297e-02 
 2.904817e+01  6.793718e-02 
 2.904856e+01  6.796973e-02 
 2.904896e+01  6.795810e-02 
 2.904936e+01  6.789649e-02 
 2.904976e+01  6.780401e-02 
 2.905015e+01  6.767000e-02 
 2.905055e+01  6.751347e-02 
 2.905095e+01  6.731127e-02 
 2.905135e+01  6.707356e-02 
 2.905175e+01  6.680246e-02 
 2.905214e+01  6.648701e-02 
 2.905254e+01  6.615049e-02 
 2.905294e+01  6.578494e-02 
 2.905334e+01  6.540364e-02 
 2.905373e+01  6.499428e-02 
 2.905413e+01  6.453713e-02 
 2.905453e+01  6.405008e-02 
 2.905493e+01  6.355165e-02 
 2.905532e+01  6.302334e-02 
 2.905572e+01  6.246943e-02 
 2.905612e+01  6.188421e-02 
 2.905652e+01  6.126773e-02 
 2.905692e+01  6.061850e-02 
 2.905731e+01  5.995198e-02 
 2.905771e+01  5.927269e-02 
 2.905811e+01  5.857155e-02 
 2.905851e+01  5.785114e-02 
 2.905890e+01  5.708710e-02 
 2.905930e+01  5.630910e-02 
 2.905970e+01  5.549980e-02 
 2.906010e+01  5.467440e-02 
 2.906049e+01  5.383335e-02 
 2.906089e+01  5.295776e-02 
 2.906129e+01  5.205006e-02 
 2.906169e+01  5.112717e-02 
 2.906209e+01  5.020343e-02 
 2.906248e+01  4.926962e-02 
 2.906288e+01  4.831202e-02 
 2.906328e+01  4.734695e-02 
 2.906368e+01  4.636014e-02 
 2.906407e+01  4.534825e-02 
 2.906447e+01  4.431768e-02 
 2.906487e+01  4.328382e-02 
 2.906527e+01  4.222185e-02 
 2.906566e+01  4.113927e-02 
 2.906606e+01  4.003559e-02 
 2.906646e+01  3.891858e-02 
 2.906686e+01  3.778573e-02 
 2.906726e+01  3.666402e-02 
 2.906765e+01  3.553096e-02 
 2.906805e+01  3.438283e-02 
 2.906845e+01  3.321386e-02 
 2.906885e+01  3.205439e-02 
 2.906924e+01  3.087746e-02 
 2.906964e+01  2.969240e-02 
 2.907004e+01  2.849658e-02 
 2.907044e+01  2.729184e-02 
 2.907083e+01  2.606957e-02 
 2.907123e+01  2.483614e-02 
 2.907163e+01  2.361133e-02 
 2.907203e+01  2.238949e-02 
 2.907243e+01  2.116309e-02 
 2.907282e+01  1.994383e-02 
 2.907322e+01  1.871911e-02 
 2.907362e+01  1.749212e-02 
 2.907402e+01  1.628135e-02 
 2.907441e+01  1.507292e-02 
 2.907481e+01  1.385293e-02 
 2.907521e+01  1.263179e-02 
 2.907561e+01  1.141786e-02 
 2.907600e+01  1.019208e-02 
 2.907640e+01  8.956465e-03 
 2.907680e+01  7.748411e-03 
 2.907720e+01  6.552900e-03 
 2.907760e+01  5.361334e-03 
 2.907799e+01  4.177352e-03 
 2.907839e+01  3.001825e-03 
 2.907879e+01  1.836960e-03 
 2.907919e+01  6.822109e-04 
 2.907958e+01 -4.553378e-04 
 2.907998e+01 -1.608060e-03 
 2.908038e+01 -2.750956e-03 
 2.908078e+01 -3.885519e-03 
 2.908117e+01 -5.017538e-03 
 2.908157e+01 -6.114362e-03 
 2.908197e+01 -7.195276e-03 
 2.908237e+01 -8.252245e-03 
 2.908277e+01 -9.290570e-03 
 2.908316e+01 -1.031308e-02 
 2.908356e+01 -1.131069e-02 
 2.908396e+01 -1.228099e-02 
 2.908436e+01 -1.323269e-02 
 2.908475e+01 -1.417572e-02 
 2.908515e+01 -1.510303e-02 
 2.908555e+01 -1.601813e-02 
 2.908595e+01 -1.690847e-02 
 2.908634e+01 -1.776870e-02 
 2.908674e+01 -1.858515e-02 
 2.908714e+01 -1.939326e-02 
 2.908754e+01 -2.016645e-02 
 2.908794e+01 -2.090343e-02 
 2.908833e+01 -2.160711e-02 
 2.908873e+01 -2.229156e-02 
 2.908913e+01 -2.293198e-02 
 2.908953e+01 -2.354908e-02 
 2.908992e+01 -2.414967e-02 
 2.909032e+01 -2.472997e-02 
 2.909072e+01 -2.526578e-02 
 2.909112e+01 -2.576423e-02 
 2.909151e+01 -2.624299e-02 
 2.909191e+01 -2.668287e-02 
 2.909231e+01 -2.709711e-02 
 2.909271e+01 -2.747493e-02 
 2.909311e+01 -2.781321e-02 
 2.909350e+01 -2.811779e-02 
 2.909390e+01 -2.839602e-02 
 2.909430e+01 -2.863595e-02 
 2.909470e+01 -2.886023e-02 
 2.909509e+01 -2.907701e-02 
 2.909549e+01 -2.925424e-02 
 2.909589e+01 -2.939397e-02 
 2.909629e+01 -2.951104e-02 
 2.909668e+01 -2.958357e-02 
 2.909708e+01 -2.962917e-02 
 2.909748e+01 -2.964354e-02 
 2.909788e+01 -2.962126e-02 
 2.909828e+01 -2.954911e-02 
 2.909867e+01 -2.947294e-02 
 2.909907e+01 -2.936125e-02 
 2.909947e+01 -2.923090e-02 
 2.909987e+01 -2.909178e-02 
 2.910026e+01 -2.892707e-02 
 2.910066e+01 -2.872750e-02 
 2.910106e+01 -2.849024e-02 
 2.910146e+01 -2.822478e-02 
 2.910185e+01 -2.792058e-02 
 2.910225e+01 -2.759154e-02 
 2.910265e+01 -2.722346e-02 
 2.910305e+01 -2.681360e-02 
 2.910345e+01 -2.637701e-02 
 2.910384e+01 -2.591468e-02 
 2.910424e+01 -2.543561e-02 
 2.910464e+01 -2.495827e-02 
 2.910504e+01 -2.443725e-02 
 2.910543e+01 -2.390010e-02 
 2.910583e+01 -2.331619e-02 
 2.910623e+01 -2.270545e-02 
 2.910663e+01 -2.204966e-02 
 2.910702e+01 -2.138129e-02 
 2.910742e+01 -2.067344e-02 
 2.910782e+01 -1.993738e-02 
 2.910822e+01 -1.917079e-02 
 2.910862e+01 -1.839482e-02 
 2.910901e+01 -1.759631e-02 
 2.910941e+01 -1.678972e-02 
 2.910981e+01 -1.595999e-02 
 2.911021e+01 -1.509841e-02 
 2.911060e+01 -1.421974e-02 
 2.911100e+01 -1.331575e-02 
 2.911140e+01 -1.239069e-02 
 2.911180e+01 -1.142328e-02 
 2.911219e+01 -1.045384e-02 
 2.911259e+01 -9.449580e-03 
 2.911299e+01 -8.424826e-03 
 2.911339e+01 -7.376023e-03 
 2.911379e+01 -6.336108e-03 
 2.911418e+01 -5.292249e-03 
 2.911458e+01 -4.217817e-03 
 2.911498e+01 -3.135208e-03 
 2.911538e+01 -2.026746e-03 
 2.911577e+01 -8.984299e-04 
 2.911617e+01  2.428581e-04 
 2.911657e+01  1.408356e-03 
 2.911697e+01  2.591987e-03 
 2.911736e+01  3.791815e-03 
 2.911776e+01  4.997673e-03 
 2.911816e+01  6.205764e-03 
 2.911856e+01  7.424392e-03 
 2.911896e+01  8.634449e-03 
 2.911935e+01  9.860844e-03 
 2.911975e+01  1.108701e-02 
 2.912015e+01  1.231758e-02 
 2.912055e+01  1.355297e-02 
 2.912094e+01  1.479607e-02 
 2.912134e+01  1.604948e-02 
 2.912174e+01  1.731538e-02 
 2.912214e+01  1.859350e-02 
 2.912253e+01  1.987129e-02 
 2.912293e+01  2.114549e-02 
 2.912333e+01  2.240067e-02 
 2.912373e+01  2.366901e-02 
 2.912413e+01  2.490347e-02 
 2.912452e+01  2.614324e-02 
 2.912492e+01  2.737602e-02 
 2.912532e+01  2.860243e-02 
 2.912572e+01  2.982499e-02 
 2.912611e+01  3.103862e-02 
 2.912651e+01  3.225186e-02 
 2.912691e+01  3.345059e-02 
 2.912731e+01  3.464795e-02 
 2.912771e+01  3.581766e-02 
 2.912810e+01  3.696633e-02 
 2.912850e+01  3.809342e-02 
 2.912890e+01  3.921393e-02 
 2.912930e+01  4.031109e-02 
 2.912969e+01  4.139367e-02 
 2.913009e+01  4.247153e-02 
 2.913049e+01  4.352863e-02 
 2.913089e+01  4.457173e-02 
 2.913128e+01  4.561436e-02 
 2.913168e+01  4.664252e-02 
 2.913208e+01  4.765664e-02 
 2.913248e+01  4.863797e-02 
 2.913288e+01  4.958698e-02 
 2.913327e+01  5.050786e-02 
 2.913367e+01  5.140628e-02 
 2.913407e+01  5.228709e-02 
 2.913447e+01  5.314564e-02 
 2.913486e+01  5.398695e-02 
 2.913526e+01  5.479973e-02 
 2.913566e+01  5.560240e-02 
 2.913606e+01  5.639607e-02 
 2.913645e+01  5.715762e-02 
 2.913685e+01  5.790520e-02 
 2.913725e+01  5.861251e-02 
 2.913765e+01  5.928815e-02 
 2.913805e+01  5.993303e-02 
 2.913844e+01  6.055821e-02 
 2.913884e+01  6.115933e-02 
 2.913924e+01  6.172896e-02 
 2.913964e+01  6.227872e-02 
 2.914003e+01  6.279641e-02 
 2.914043e+01  6.329341e-02 
 2.914083e+01  6.378176e-02 
 2.914123e+01  6.425097e-02 
 2.914162e+01  6.469152e-02 
 2.914202e+01  6.509634e-02 
 2.914242e+01  6.547830e-02 
 2.914282e+01  6.582087e-02 
 2.914322e+01  6.612922e-02 
 2.914361e+01  6.642070e-02 
 2.914401e+01  6.667179e-02 
 2.914441e+01  6.689823e-02 
 2.914481e+01  6.710085e-02 
 2.914520e+01  6.726716e-02 
 2.914560e+01  6.741892e-02 
 2.914600e+01  6.754862e-02 
 2.914640e+01  6.763596e-02 
 2.914679e+01  6.769071e-02 
 2.914719e+01  6.771275e-02 
 2.914759e+01  6.769955e-02 
 2.914799e+01  6.764731e-02 
 2.914839e+01  6.756791e-02 
 2.914878e+01  6.745535e-02 
 2.914918e+01  6.730766e-02 
 2.914958e+01  6.712870e-02 
 2.914998e+01  6.691854e-02 
 2.915037e+01  6.668267e-02 
 2.915077e+01  6.642584e-02 
 2.915117e+01  6.614404e-02 
 2.915157e+01  6.581795e-02 
 2.915196e+01  6.545801e-02 
 2.915236e+01  6.504939e-02 
 2.915276e+01  6.460763e-02 
 2.915316e+01  6.412351e-02 
 2.915356e+01  6.361731e-02 
 2.915395e+01  6.307176e-02 
 2.915435e+01  6.248347e-02 
 2.915475e+01  6.187311e-02 
 2.915515e+01  6.122740e-02 
 2.915554e+01  6.056728e-02 
 2.915594e+01  5.986845e-02 
 2.915634e+01  5.914549e-02 
 2.915674e+01  5.839152e-02 
 2.915713e+01  5.759679e-02 
 2.915753e+01  5.678795e-02 
 2.915793e+01  5.596825e-02 
 2.915833e+01  5.512267e-02 
 2.915873e+01  5.425234e-02 
 2.915912e+01  5.334947e-02 
 2.915952e+01  5.242771e-02 
 2.915992e+01  5.149750e-02 
 2.916032e+01  5.055398e-02 
 2.916071e+01  4.959326e-02 
 2.916111e+01  4.862525e-02 
 2.916151e+01  4.761637e-02 
 2.916191e+01  4.658890e-02 
 2.916230e+01  4.554871e-02 
 2.916270e+01  4.451372e-02 
 2.916310e+01  4.344997e-02 
 2.916350e+01  4.238301e-02 
 2.916390e+01  4.129183e-02 
 2.916429e+01  4.018015e-02 
 2.916469e+01  3.906741e-02 
 2.916509e+01  3.795037e-02 
 2.916549e+01  3.682379e-02 
 2.916588e+01  3.567682e-02 
 2.916628e+01  3.453452e-02 
 2.916668e+01  3.336782e-02 
 2.916708e+01  3.220782e-02 
 2.916747e+01  3.104388e-02 
 2.916787e+01  2.987229e-02 
 2.916827e+01  2.867709e-02 
 2.916867e+01  2.747518e-02 
 2.916907e+01  2.625690e-02 
 2.916946e+01  2.505429e-02 
 2.916986e+01  2.383636e-02 
 2.917026e+01  2.264431e-02 
 2.917066e+01  2.144026e-02 
 2.917105e+01  2.022660e-02 
 2.917145e+01  1.900972e-02 
 2.917185e+01  1.779641e-02 
 2.917225e+01  1.657526e-02 
 2.917264e+01  1.534478e-02 
 2.917304e+01  1.412506e-02 
 2.917344e+01  1.290003e-02 
 2.917384e+01  1.166343e-02 
 2.917424e+01  1.044276e-02 
 2.917463e+01  9.229243e-03 
 2.917503e+01  8.033330e-03 
 2.917543e+01  6.840337e-03 
 2.917583e+01  5.662739e-03 
 2.917622e+01  4.474697e-03 
 2.917662e+01  3.304908e-03 
 2.917702e+01  2.148104e-03 
 2.917742e+01  9.995377e-04 
 2.917781e+01 -1.392501e-04 
 2.917821e+01 -1.282010e-03 
 2.917861e+01 -2.403990e-03 
 2.917901e+01 -3.508005e-03 
 2.917941e+01 -4.592487e-03 
 2.917980e+01 -5.652014e-03 
 2.918020e+01 -6.697446e-03 
 2.918060e+01 -7.743998e-03 
 2.918100e+01 -8.771099e-03 
 2.918139e+01 -9.788345e-03 
 2.918179e+01 -1.077994e-02 
 2.918219e+01 -1.176518e-02 
 2.918259e+01 -1.272085e-02 
 2.918298e+01 -1.367583e-02 
 2.918338e+01 -1.461480e-02 
 2.918378e+01 -1.551791e-02 
 2.918418e+01 -1.640698e-02 
 2.918458e+01 -1.726451e-02 
 2.918497e+01 -1.810176e-02 
 2.918537e+01 -1.891939e-02 
 2.918577e+01 -1.971037e-02 
 2.918617e+01 -2.047122e-02 
 2.918656e+01 -2.120692e-02 
 2.918696e+01 -2.192280e-02 
 2.918736e+01 -2.261662e-02 
 2.918776e+01 -2.329172e-02 
 2.918815e+01 -2.395622e-02 
 2.918855e+01 -2.458065e-02 
 2.918895e+01 -2.516293e-02 
 2.918935e+01 -2.571484e-02 
 2.918975e+01 -2.622712e-02 
 2.919014e+01 -2.670879e-02 
 2.919054e+01 -2.715447e-02 
 2.919094e+01 -2.756799e-02 
 2.919134e+01 -2.794983e-02 
 2.919173e+01 -2.830025e-02 
 2.919213e+01 -2.862039e-02 
 2.919253e+01 -2.891329e-02 
 2.919293e+01 -2.917658e-02 
 2.919332e+01 -2.941511e-02 
 2.919372e+01 -2.961030e-02 
 2.919412e+01 -2.975431e-02 
 2.919452e+01 -2.986081e-02 
 2.919492e+01 -2.995039e-02 
 2.919531e+01 -2.998748e-02 
 2.919571e+01 -2.999748e-02 
 2.919611e+01 -2.997163e-02 
 2.919651e+01 -2.992013e-02 
 2.919690e+01 -2.983410e-02 
 2.919730e+01 -2.972908e-02 
 2.919770e+01 -2.960369e-02 
 2.919810e+01 -2.943170e-02 
 2.919849e+01 -2.922700e-02 
 2.919889e+01 -2.897263e-02 
 2.919929e+01 -2.869317e-02 
 2.919969e+01 -2.837610e-02 
 2.920009e+01 -2.804444e-02 
 2.920048e+01 -2.768396e-02 
 2.920088e+01 -2.730314e-02 
 2.920128e+01 -2.688411e-02 
 2.920168e+01 -2.645461e-02 
 2.920207e+01 -2.599594e-02 
 2.920247e+01 -2.551983e-02 
 2.920287e+01 -2.501601e-02 
 2.920327e+01 -2.447372e-02 
 2.920366e+01 -2.390512e-02 
 2.920406e+01 -2.330041e-02 
 2.920446e+01 -2.268425e-02 
 2.920486e+01 -2.202735e-02 
 2.920526e+01 -2.135588e-02 
 2.920565e+01 -2.065910e-02 
 2.920605e+01 -1.993693e-02 
 2.920645e+01 -1.919606e-02 
 2.920685e+01 -1.845060e-02 
 2.920724e+01 -1.768829e-02 
 2.920764e+01 -1.689491e-02 
 2.920804e+01 -1.606935e-02 
 2.920844e+01 -1.522255e-02 
 2.920883e+01 -1.434846e-02 
 2.920923e+01 -1.344177e-02 
 2.920963e+01 -1.251838e-02 
 2.921003e+01 -1.156985e-02 
 2.921043e+01 -1.060913e-02 
 2.921082e+01 -9.619315e-03 
 2.921122e+01 -8.617686e-03 
 2.921162e+01 -7.611342e-03 
 2.921202e+01 -6.594065e-03 
 2.921241e+01 -5.553289e-03 
 2.921281e+01 -4.494760e-03 
 2.921321e+01 -3.413670e-03 
 2.921361e+01 -2.308231e-03 
 2.921400e+01 -1.190447e-03 
 2.921440e+01 -4.829173e-05 
 2.921480e+01  1.106547e-03 
 2.921520e+01  2.280837e-03 
 2.921560e+01  3.452493e-03 
 2.921599e+01  4.622408e-03 
 2.921639e+01  5.789446e-03 
 2.921679e+01  6.969842e-03 
 2.921719e+01  8.151314e-03 
 2.921758e+01  9.350366e-03 
 2.921798e+01  1.057926e-02 
 2.921838e+01  1.181086e-02 
 2.921878e+01  1.306113e-02 
 2.921918e+01  1.432411e-02 
 2.921957e+01  1.558215e-02 
 2.921997e+01  1.683992e-02 
 2.922037e+01  1.810404e-02 
 2.922077e+01  1.935960e-02 
 2.922116e+01  2.059126e-02 
 2.922156e+01  2.183010e-02 
 2.922196e+01  2.306696e-02 
 2.922236e+01  2.429125e-02 
 2.922275e+01  2.552701e-02 
 2.922315e+01  2.678199e-02 
 2.922355e+01  2.801361e-02 
 2.922395e+01  2.923959e-02 
 2.922435e+01  3.047797e-02 
 2.922474e+01  3.170743e-02 
 2.922514e+01  3.291845e-02 
 2.922554e+01  3.413306e-02 
 2.922594e+01  3.530168e-02 
 2.922633e+01  3.646879e-02 
 2.922673e+01  3.762009e-02 
 2.922713e+01  3.878278e-02 
 2.922753e+01  3.991649e-02 
 2.922792e+01  4.104586e-02 
 2.922832e+01  4.217480e-02 
 2.922872e+01  4.326956e-02 
 2.922912e+01  4.436207e-02 
 2.922952e+01  4.543584e-02 
 2.922991e+01  4.649481e-02 
 2.923031e+01  4.752075e-02 
 2.923071e+01  4.852024e-02 
 2.923111e+01  4.948416e-02 
 2.923150e+01  5.043002e-02 
 2.923190e+01  5.135730e-02 
 2.923230e+01  5.227191e-02 
 2.923270e+01  5.315403e-02 
 2.923309e+01  5.402349e-02 
 2.923349e+01  5.487274e-02 
 2.923389e+01  5.570507e-02 
 2.923429e+01  5.651317e-02 
 2.923469e+01  5.729650e-02 
 2.923508e+01  5.803813e-02 
 2.923548e+01  5.874290e-02 
 2.923588e+01  5.941528e-02 
 2.923628e+01  6.006017e-02 
 2.923667e+01  6.067811e-02 
 2.923707e+01  6.128376e-02 
 2.923747e+01  6.185797e-02 
 2.923787e+01  6.241242e-02 
 2.923826e+01  6.293457e-02 
 2.923866e+01  6.343752e-02 
 2.923906e+01  6.391910e-02 
 2.923946e+01  6.435261e-02 
 2.923986e+01  6.475647e-02 
 2.924025e+01  6.511435e-02 
 2.924065e+01  6.544709e-02 
 2.924105e+01  6.574173e-02 
 2.924145e+01  6.601079e-02 
 2.924184e+01  6.626031e-02 
 2.924224e+01  6.648785e-02 
 2.924264e+01  6.667870e-02 
 2.924304e+01  6.685317e-02 
 2.924343e+01  6.700102e-02 
 2.924383e+01  6.713759e-02 
 2.924423e+01  6.723403e-02 
 2.924463e+01  6.728676e-02 
 2.924503e+01  6.730791e-02 
 2.924542e+01  6.730865e-02 
 2.924582e+01  6.728103e-02 
 2.924622e+01  6.722498e-02 
 2.924662e+01  6.714918e-02 
 2.924701e+01  6.705768e-02 
 2.924741e+01  6.692782e-02 
 2.924781e+01  6.676985e-02 
 2.924821e+01  6.659370e-02 
 2.924860e+01  6.638390e-02 
 2.924900e+01  6.614154e-02 
 2.924940e+01  6.586342e-02 
 2.924980e+01  6.553810e-02 
 2.925020e+01  6.518558e-02 
 2.925059e+01  6.480094e-02 
 2.925099e+01  6.439661e-02 
 2.925139e+01  6.396119e-02 
 2.925179e+01  6.350178e-02 
 2.925218e+01  6.300967e-02 
 2.925258e+01  6.249206e-02 
 2.925298e+01  6.195601e-02 
 2.925338e+01  6.139833e-02 
 2.925377e+01  6.080154e-02 
 2.925417e+01  6.017627e-02 
 2.925457e+01  5.950535e-02 
 2.925497e+01  5.880072e-02 
 2.925537e+01  5.807206e-02 
 2.925576e+01  5.731819e-02 
 2.925616e+01  5.654505e-02 
 2.925656e+01  5.573034e-02 
 2.925696e+01  5.489053e-02 
 2.925735e+01  5.402712e-02 
 2.925775e+01  5.313384e-02 
 2.925815e+01  5.223491e-02 
 2.925855e+01  5.131012e-02 
 2.925894e+01  5.035038e-02 
 2.925934e+01  4.936289e-02 
 2.925974e+01  4.834829e-02 
 2.926014e+01  4.730472e-02 
 2.926054e+01  4.624037e-02 
 2.926093e+01  4.517655e-02 
 2.926133e+01  4.408280e-02 
 2.926173e+01  4.295324e-02 
 2.926213e+01  4.182504e-02 
 2.926252e+01  4.069185e-02 
 2.926292e+01  3.954438e-02 
 2.926332e+01  3.839273e-02 
 2.926372e+01  3.722477e-02 
 2.926411e+01  3.603931e-02 
 2.926451e+01  3.483707e-02 
 2.926491e+01  3.363996e-02 
 2.926531e+01  3.242727e-02 
 2.926571e+01  3.120526e-02 
 2.926610e+01  2.999547e-02 
 2.926650e+01  2.876659e-02 
 2.926690e+01  2.752752e-02 
 2.926730e+01  2.629688e-02 
 2.926769e+01  2.507030e-02 
 2.926809e+01  2.383856e-02 
 2.926849e+01  2.261286e-02 
 2.926889e+01  2.137867e-02 
 2.926928e+01  2.013503e-02 
 2.926968e+01  1.889171e-02 
 2.927008e+01  1.765698e-02 
 2.927048e+01  1.643235e-02 
 2.927088e+01  1.520859e-02 
 2.927127e+01  1.399897e-02 
 2.927167e+01  1.277820e-02 
 2.927207e+01  1.157624e-02 
 2.927247e+01  1.039133e-02 
 2.927286e+01  9.222918e-03 
 2.927326e+01  8.067435e-03 
 2.927366e+01  6.903600e-03 
 2.927406e+01  5.743959e-03 
 2.927445e+01  4.597678e-03 
 2.927485e+01  3.453378e-03 
 2.927525e+01  2.329154e-03 
 2.927565e+01  1.205664e-03 
 2.927605e+01  8.175287e-05 
 2.927644e+01 -1.030510e-03 
 2.927684e+01 -2.133921e-03 
 2.927724e+01 -3.212620e-03 
 2.927764e+01 -4.272269e-03 
 2.927803e+01 -5.319069e-03 
 2.927843e+01 -6.361553e-03 
 2.927883e+01 -7.399995e-03 
 2.927923e+01 -8.419821e-03 
 2.927962e+01 -9.421619e-03 
 2.928002e+01 -1.040851e-02 
 2.928042e+01 -1.138055e-02 
 2.928082e+01 -1.234993e-02 
 2.928122e+01 -1.329725e-02 
 2.928161e+01 -1.423474e-02 
 2.928201e+01 -1.512347e-02 
 2.928241e+01 -1.599558e-02 
 2.928281e+01 -1.684869e-02 
 2.928320e+01 -1.767961e-02 
 2.928360e+01 -1.848961e-02 
 2.928400e+01 -1.928513e-02 
 2.928440e+01 -2.006205e-02 
 2.928479e+01 -2.080296e-02 
 2.928519e+01 -2.153588e-02 
 2.928559e+01 -2.225184e-02 
 2.928599e+01 -2.293355e-02 
 2.928639e+01 -2.357975e-02 
 2.928678e+01 -2.419790e-02 
 2.928718e+01 -2.476990e-02 
 2.928758e+01 -2.530842e-02 
 2.928798e+01 -2.583176e-02 
 2.928837e+01 -2.632499e-02 
 2.928877e+01 -2.678495e-02 
 2.928917e+01 -2.723001e-02 
 2.928957e+01 -2.764811e-02 
 2.928996e+01 -2.803713e-02 
 2.929036e+01 -2.840676e-02 
 2.929076e+01 -2.874604e-02 
 2.929116e+01 -2.904033e-02 
 2.929156e+01 -2.929659e-02 
 2.929195e+01 -2.951528e-02 
 2.929235e+01 -2.969416e-02 
 2.929275e+01 -2.984101e-02 
 2.929315e+01 -2.995766e-02 
 2.929354e+01 -3.004056e-02 
 2.929394e+01 -3.009933e-02 
 2.929434e+01 -3.012859e-02 
 2.929474e+01 -3.013958e-02 
 2.929513e+01 -3.010605e-02 
 2.929553e+01 -3.004304e-02 
 2.929593e+01 -2.995055e-02 
 2.929633e+01 -2.981511e-02 
 2.929673e+01 -2.963067e-02 
 2.929712e+01 -2.941792e-02 
 2.929752e+01 -2.916571e-02 
 2.929792e+01 -2.887870e-02 
 2.929832e+01 -2.856857e-02 
 2.929871e+01 -2.823320e-02 
 2.929911e+01 -2.784144e-02 
 2.929951e+01 -2.744385e-02 
 2.929991e+01 -2.702265e-02 
 2.930030e+01 -2.655568e-02 
 2.930070e+01 -2.606170e-02 
 2.930110e+01 -2.553795e-02 
 2.930150e+01 -2.496335e-02 
 2.930190e+01 -2.435332e-02 
 2.930229e+01 -2.371969e-02 
 2.930269e+01 -2.305513e-02 
 2.930309e+01 -2.234995e-02 
 2.930349e+01 -2.164015e-02 
 2.930388e+01 -2.090711e-02 
 2.930428e+01 -2.013574e-02 
 2.930468e+01 -1.937451e-02 
 2.930508e+01 -1.859163e-02 
 2.930547e+01 -1.777868e-02 
 2.930587e+01 -1.692112e-02 
 2.930627e+01 -1.605854e-02 
 2.930667e+01 -1.514883e-02 
 2.930707e+01 -1.422459e-02 
 2.930746e+01 -1.329402e-02 
 2.930786e+01 -1.234862e-02 
 2.930826e+01 -1.138293e-02 
 2.930866e+01 -1.041046e-02 
 2.930905e+01 -9.441451e-03 
 2.930945e+01 -8.452918e-03 
 2.930985e+01 -7.462456e-03 
 2.931025e+01 -6.458836e-03 
 2.931065e+01 -5.425555e-03 
 2.931104e+01 -4.371457e-03 
 2.931144e+01 -3.308430e-03 
 2.931184e+01 -2.236676e-03 
 2.931224e+01 -1.146363e-03 
 2.931263e+01 -3.977664e-05 
 2.931303e+01  1.064233e-03 
 2.931343e+01  2.179848e-03 
 2.931383e+01  3.294160e-03 
 2.931422e+01  4.424932e-03 
 2.931462e+01  5.566834e-03 
 2.931502e+01  6.711842e-03 
 2.931542e+01  7.893960e-03 
 2.931582e+01  9.073417e-03 
 2.931621e+01  1.027483e-02 
 2.931661e+01  1.148137e-02 
 2.931701e+01  1.267882e-02 
 2.931741e+01  1.388305e-02 
 2.931780e+01  1.510061e-02 
 2.931820e+01  1.632001e-02 
 2.931860e+01  1.753766e-02 
 2.931900e+01  1.876157e-02 
 2.931939e+01  1.999480e-02 
 2.931979e+01  2.121423e-02 
 2.932019e+01  2.245712e-02 
 2.932059e+01  2.370142e-02 
 2.932099e+01  2.494591e-02 
 2.932138e+01  2.619788e-02 
 2.932178e+01  2.744327e-02 
 2.932218e+01  2.868602e-02 
 2.932258e+01  2.991474e-02 
 2.932297e+01  3.115335e-02 
 2.932337e+01  3.236288e-02 
 2.932377e+01  3.355865e-02 
 2.932417e+01  3.474517e-02 
 2.932456e+01  3.592762e-02 
 2.932496e+01  3.709172e-02 
 2.932536e+01  3.826389e-02 
 2.932576e+01  3.941679e-02 
 2.932616e+01  4.056395e-02 
 2.932655e+01  4.168766e-02 
 2.932695e+01  4.279672e-02 
 2.932735e+01  4.389028e-02 
 2.932775e+01  4.497397e-02 
 2.932814e+01  4.602923e-02 
 2.932854e+01  4.705372e-02 
 2.932894e+01  4.805631e-02 
 2.932934e+01  4.903806e-02 
 2.932973e+01  5.000216e-02 
 2.933013e+01  5.095124e-02 
 2.933053e+01  5.189841e-02 
 2.933093e+01  5.281576e-02 
 2.933133e+01  5.371291e-02 
 2.933172e+01  5.460604e-02 
 2.933212e+01  5.545830e-02 
 2.933252e+01  5.628739e-02 
 2.933292e+01  5.708345e-02 
 2.933331e+01  5.785337e-02 
 2.933371e+01  5.858387e-02 
 2.933411e+01  5.929841e-02 
 2.933451e+01  5.999295e-02 
 2.933490e+01  6.066750e-02 
 2.933530e+01  6.131312e-02 
 2.933570e+01  6.192411e-02 
 2.933610e+01  6.250343e-02 
 2.933650e+01  6.305273e-02 
 2.933689e+01  6.358026e-02 
 2.933729e+01  6.405843e-02 
 2.933769e+01  6.450583e-02 
 2.933809e+01  6.490495e-02 
 2.933848e+01  6.529005e-02 
 2.933888e+01  6.563364e-02 
 2.933928e+01  6.595585e-02 
 2.933968e+01  6.625788e-02 
 2.934007e+01  6.652496e-02 
 2.934047e+01  6.676101e-02 
 2.934087e+01  6.696736e-02 
 2.934127e+01  6.715019e-02 
 2.934167e+01  6.729153e-02 
 2.934206e+01  6.740155e-02 
 2.934246e+01  6.746651e-02 
 2.934286e+01  6.749158e-02 
 2.934326e+01  6.748950e-02 
 2.934365e+01  6.746020e-02 
 2.934405e+01  6.739737e-02 
 2.934445e+01  6.731222e-02 
 2.934485e+01  6.719107e-02 
 2.934524e+01  6.704725e-02 
 2.934564e+01  6.686029e-02 
 2.934604e+01  6.665717e-02 
 2.934644e+01  6.642997e-02 
 2.934684e+01  6.617516e-02 
 2.934723e+01  6.589608e-02 
 2.934763e+01  6.557214e-02 
 2.934803e+01  6.522622e-02 
 2.934843e+01  6.485553e-02 
 2.934882e+01  6.447252e-02 
 2.934922e+01  6.406409e-02 
 2.934962e+01  6.363221e-02 
 2.935002e+01  6.318095e-02 
 2.935041e+01  6.270068e-02 
 2.935081e+01  6.219642e-02 
 2.935121e+01  6.167245e-02 
 2.935161e+01  6.112151e-02 
 2.935201e+01  6.053182e-02 
 2.935240e+01  5.990200e-02 
 2.935280e+01  5.925610e-02 
 2.935320e+01  5.857077e-02 
 2.935360e+01  5.788036e-02 
 2.935399e+01  5.718069e-02 
 2.935439e+01  5.644519e-02 
 2.935479e+01  5.567629e-02 
 2.935519e+01  5.488792e-02 
 2.935558e+01  5.407846e-02 
 2.935598e+01  5.323365e-02 
 2.935638e+01  5.237631e-02 
 2.935678e+01  5.148215e-02 
 2.935718e+01  5.055891e-02 
 2.935757e+01  4.960424e-02 
 2.935797e+01  4.863632e-02 
 2.935837e+01  4.765498e-02 
 2.935877e+01  4.665684e-02 
 2.935916e+01  4.564399e-02 
 2.935956e+01  4.460530e-02 
 2.935996e+01  4.354538e-02 
 2.936036e+01  4.247305e-02 
 2.936075e+01  4.139113e-02 
 2.936115e+01  4.028190e-02 
 2.936155e+01  3.914618e-02 
 2.936195e+01  3.799240e-02 
 2.936235e+01  3.683781e-02 
 2.936274e+01  3.564048e-02 
 2.936314e+01  3.445564e-02 
 2.936354e+01  3.326070e-02 
 2.936394e+01  3.205042e-02 
 2.936433e+01  3.081947e-02 
 2.936473e+01  2.958741e-02 
 2.936513e+01  2.833190e-02 
 2.936553e+01  2.708200e-02 
 2.936592e+01  2.583177e-02 
 2.936632e+01  2.458100e-02 
 2.936672e+01  2.331300e-02 
 2.936712e+01  2.204564e-02 
 2.936752e+01  2.078062e-02 
 2.936791e+01  1.950254e-02 
 2.936831e+01  1.823201e-02 
 2.936871e+01  1.698047e-02 
 2.936911e+01  1.571222e-02 
 2.936950e+01  1.445529e-02 
 2.936990e+01  1.319946e-02 
 2.937030e+01  1.195984e-02 
 2.937070e+01  1.072388e-02 
 2.937109e+01  9.498141e-03 
 2.937149e+01  8.273325e-03 
 2.937189e+01  7.040724e-03 
 2.937229e+01  5.818473e-03 
 2.937269e+01  4.627451e-03 
 2.937308e+01  3.428464e-03 
 2.937348e+01  2.253107e-03 
 2.937388e+01  1.086899e-03 
 2.937428e+01 -7.199177e-05 
 2.937467e+01 -1.215011e-03 
 2.937507e+01 -2.328432e-03 
 2.937547e+01 -3.415222e-03 
 2.937587e+01 -4.485830e-03 
 2.937626e+01 -5.539326e-03 
 2.937666e+01 -6.584274e-03 
 2.937706e+01 -7.620116e-03 
 2.937746e+01 -8.632942e-03 
 2.937786e+01 -9.610133e-03 
 2.937825e+01 -1.058831e-02 
 2.937865e+01 -1.153774e-02 
 2.937905e+01 -1.246886e-02 
 2.937945e+01 -1.337234e-02 
 2.937984e+01 -1.425729e-02 
 2.938024e+01 -1.510881e-02 
 2.938064e+01 -1.594280e-02 
 2.938104e+01 -1.676291e-02 
 2.938143e+01 -1.756930e-02 
 2.938183e+01 -1.834832e-02 
 2.938223e+01 -1.910389e-02 
 2.938263e+01 -1.982556e-02 
 2.938303e+01 -2.052813e-02 
 2.938342e+01 -2.121082e-02 
 2.938382e+01 -2.188720e-02 
 2.938422e+01 -2.253397e-02 
 2.938462e+01 -2.314250e-02 
 2.938501e+01 -2.373299e-02 
 2.938541e+01 -2.429172e-02 
 2.938581e+01 -2.482643e-02 
 2.938621e+01 -2.534992e-02 
 2.938660e+01 -2.584762e-02 
 2.938700e+01 -2.630895e-02 
 2.938740e+01 -2.674393e-02 
 2.938780e+01 -2.715921e-02 
 2.938820e+01 -2.753191e-02 
 2.938859e+01 -2.790051e-02 
 2.938899e+01 -2.822802e-02 
 2.938939e+01 -2.852495e-02 
 2.938979e+01 -2.878459e-02 
 2.939018e+01 -2.902248e-02 
 2.939058e+01 -2.923439e-02 
 2.939098e+01 -2.941398e-02 
 2.939138e+01 -2.957105e-02 
 2.939177e+01 -2.969841e-02 
 2.939217e+01 -2.978028e-02 
 2.939257e+01 -2.984739e-02 
 2.939297e+01 -2.988026e-02 
 2.939337e+01 -2.988801e-02 
 2.939376e+01 -2.986428e-02 
 2.939416e+01 -2.979978e-02 
 2.939456e+01 -2.968844e-02 
 2.939496e+01 -2.953448e-02 
 2.939535e+01 -2.935835e-02 
 2.939575e+01 -2.915697e-02 
 2.939615e+01 -2.891739e-02 
 2.939655e+01 -2.865178e-02 
 2.939694e+01 -2.836386e-02 
 2.939734e+01 -2.803870e-02 
 2.939774e+01 -2.768868e-02 
 2.939814e+01 -2.730083e-02 
 2.939854e+01 -2.687297e-02 
 2.939893e+01 -2.640431e-02 
 2.939933e+01 -2.590311e-02 
 2.939973e+01 -2.535901e-02 
 2.940013e+01 -2.479179e-02 
 2.940052e+01 -2.419553e-02 
 2.940092e+01 -2.357802e-02 
 2.940132e+01 -2.291687e-02 
 2.940172e+01 -2.224121e-02 
 2.940212e+01 -2.153892e-02 
 2.940251e+01 -2.081287e-02 
 2.940291e+01 -2.005073e-02 
 2.940331e+01 -1.926538e-02 
 2.940371e+01 -1.844350e-02 
 2.940410e+01 -1.758470e-02 
 2.940450e+01 -1.670758e-02 
 2.940490e+01 -1.580633e-02 
 2.940530e+01 -1.488537e-02 
 2.940569e+01 -1.395128e-02 
 2.940609e+01 -1.300626e-02 
 2.940649e+01 -1.203635e-02 
 2.940689e+01 -1.105633e-02 
 2.940729e+01 -1.005672e-02 
 2.940768e+01 -9.024114e-03 
 2.940808e+01 -7.966930e-03 
 2.940848e+01 -6.893060e-03 
 2.940888e+01 -5.793053e-03 
 2.940927e+01 -4.676729e-03 
 2.940967e+01 -3.552022e-03 
 2.941007e+01 -2.427769e-03 
 2.941047e+01 -1.281547e-03 
 2.941086e+01 -1.418084e-04 
 2.941126e+01  9.989571e-04 
 2.941166e+01  2.161175e-03 
 2.941206e+01  3.320381e-03 
 2.941246e+01  4.474653e-03 
 2.941285e+01  5.656469e-03 
 2.941325e+01  6.836974e-03 
 2.941365e+01  8.046222e-03 
 2.941405e+01  9.249237e-03 
 2.941444e+01  1.046811e-02 
 2.941484e+01  1.167656e-02 
 2.941524e+01  1.287848e-02 
 2.941564e+01  1.408457e-02 
 2.941603e+01  1.528728e-02 
 2.941643e+01  1.648378e-02 
 2.941683e+01  1.768417e-02 
 2.941723e+01  1.888935e-02 
 2.941763e+01  2.009085e-02 
 2.941802e+01  2.129432e-02 
 2.941842e+01  2.251034e-02 
 2.941882e+01  2.373081e-02 
 2.941922e+01  2.492571e-02 
 2.941961e+01  2.612460e-02 
 2.942001e+01  2.730829e-02 
 2.942041e+01  2.848647e-02 
 2.942081e+01  2.965629e-02 
 2.942120e+01  3.082283e-02 
 2.942160e+01  3.197091e-02 
 2.942200e+01  3.311582e-02 
 2.942240e+01  3.426073e-02 
 2.942280e+01  3.541264e-02 
 2.942319e+01  3.656348e-02 
 2.942359e+01  3.770848e-02 
 2.942399e+01  3.884339e-02 
 2.942439e+01  3.995132e-02 
 2.942478e+01  4.104314e-02 
 2.942518e+01  4.213209e-02 
 2.942558e+01  4.319550e-02 
 2.942598e+01  4.424349e-02 
 2.942637e+01  4.528578e-02 
 2.942677e+01  4.632515e-02 
 2.942717e+01  4.734230e-02 
 2.942757e+01  4.835699e-02 
 2.942797e+01  4.937767e-02 
 2.942836e+01  5.036095e-02 
 2.942876e+01  5.131960e-02 
 2.942916e+01  5.226362e-02 
 2.942956e+01  5.317181e-02 
 2.942995e+01  5.406280e-02 
 2.943035e+01  5.493194e-02 
 2.943075e+01  5.577688e-02 
 2.943115e+01  5.658381e-02 
 2.943154e+01  5.737271e-02 
 2.943194e+01  5.814353e-02 
 2.943234e+01  5.888392e-02 
 2.943274e+01  5.962204e-02 
 2.943314e+01  6.031930e-02 
 2.943353e+01  6.097967e-02 
 2.943393e+01  6.161731e-02 
 2.943433e+01  6.223075e-02 
 2.943473e+01  6.281526e-02 
 2.943512e+01  6.336557e-02 
 2.943552e+01  6.388799e-02 
 2.943592e+01  6.437766e-02 
 2.943632e+01  6.483142e-02 
 2.943671e+01  6.526538e-02 
 2.943711e+01  6.567091e-02 
 2.943751e+01  6.604792e-02 
 2.943791e+01  6.639769e-02 
 2.943831e+01  6.670294e-02 
 2.943870e+01  6.698399e-02 
 2.943910e+01  6.722534e-02 
 2.943950e+01  6.744062e-02 
 2.943990e+01  6.761367e-02 
 2.944029e+01  6.774082e-02 
 2.944069e+01  6.783535e-02 
 2.944109e+01  6.787274e-02 
 2.944149e+01  6.789963e-02 
 2.944188e+01  6.789015e-02 
 2.944228e+01  6.785989e-02 
 2.944268e+01  6.779305e-02 
 2.944308e+01  6.770638e-02 
 2.944348e+01  6.758269e-02 
 2.944387e+01  6.742622e-02 
 2.944427e+01  6.723698e-02 
 2.944467e+01  6.701044e-02 
 2.944507e+01  6.674680e-02 
 2.944546e+01  6.644231e-02 
 2.944586e+01  6.609827e-02 
 2.944626e+01  6.573261e-02 
 2.944666e+01  6.534250e-02 
 2.944705e+01  6.492448e-02 
 2.944745e+01  6.448388e-02 
 2.944785e+01  6.400944e-02 
 2.944825e+01  6.349668e-02 
 2.944865e+01  6.295498e-02 
 2.944904e+01  6.239148e-02 
 2.944944e+01  6.180200e-02 
 2.944984e+01  6.117904e-02 
 2.945024e+01  6.053360e-02 
 2.945063e+01  5.984270e-02 
 2.945103e+01  5.914822e-02 
 2.945143e+01  5.843250e-02 
 2.945183e+01  5.770570e-02 
 2.945222e+01  5.695992e-02 
 2.945262e+01  5.618554e-02 
 2.945302e+01  5.540222e-02 
 2.945342e+01  5.458235e-02 
 2.945382e+01  5.376669e-02 
 2.945421e+01  5.292713e-02 
 2.945461e+01  5.206129e-02 
 2.945501e+01  5.118639e-02 
 2.945541e+01  5.029006e-02 
 2.945580e+01  4.938240e-02 
 2.945620e+01  4.845445e-02 
 2.945660e+01  4.752512e-02 
 2.945700e+01  4.657067e-02 
 2.945739e+01  4.559159e-02 
 2.945779e+01  4.459158e-02 
 2.945819e+01  4.357626e-02 
 2.945859e+01  4.254728e-02 
 2.945899e+01  4.150836e-02 
 2.945938e+01  4.044583e-02 
 2.945978e+01  3.935649e-02 
 2.946018e+01  3.825148e-02 
 2.946058e+01  3.713773e-02 
 2.946097e+01  3.600863e-02 
 2.946137e+01  3.485826e-02 
 2.946177e+01  3.371280e-02 
 2.946217e+01  3.254188e-02 
 2.946256e+01  3.136903e-02 
 2.946296e+01  3.017597e-02 
 2.946336e+01  2.898254e-02 
 2.946376e+01  2.777554e-02 
 2.946416e+01  2.655746e-02 
 2.946455e+01  2.532783e-02 
 2.946495e+01  2.408118e-02 
 2.946535e+01  2.283198e-02 
 2.946575e+01  2.157656e-02 
 2.946614e+01  2.031399e-02 
 2.946654e+01  1.905133e-02 
 2.946694e+01  1.778426e-02 
 2.946734e+01  1.650598e-02 
 2.946773e+01  1.523589e-02 
 2.946813e+01  1.396761e-02 
 2.946853e+01  1.271836e-02 
 2.946893e+01  1.145320e-02 
 2.946933e+01  1.019607e-02 
 2.946972e+01  8.937608e-03 
 2.947012e+01  7.680540e-03 
 2.947052e+01  6.450215e-03 
 2.947092e+01  5.234732e-03 
 2.947131e+01  4.021327e-03 
 2.947171e+01  2.813877e-03 
 2.947211e+01  1.628560e-03 
 2.947251e+01  4.504359e-04 
 2.947290e+01 -7.216188e-04 
 2.947330e+01 -1.861563e-03 
 2.947370e+01 -2.980509e-03 
 2.947410e+01 -4.105610e-03 
 2.947450e+01 -5.210283e-03 
 2.947489e+01 -6.294520e-03 
 2.947529e+01 -7.369507e-03 
 2.947569e+01 -8.413163e-03 
 2.947609e+01 -9.430327e-03 
 2.947648e+01 -1.044524e-02 
 2.947688e+01 -1.144729e-02 
 2.947728e+01 -1.241696e-02 
 2.947768e+01 -1.335520e-02 
 2.947807e+01 -1.427234e-02 
 2.947847e+01 -1.516944e-02 
 2.947887e+01 -1.603869e-02 
 2.947927e+01 -1.691177e-02 
 2.947967e+01 -1.775404e-02 
 2.948006e+01 -1.856666e-02 
 2.948046e+01 -1.935742e-02 
 2.948086e+01 -2.011584e-02 
 2.948126e+01 -2.085207e-02 
 2.948165e+01 -2.155909e-02 
 2.948205e+01 -2.224044e-02 
 2.948245e+01 -2.287576e-02 
 2.948285e+01 -2.346891e-02 
 2.948324e+01 -2.404100e-02 
 2.948364e+01 -2.458813e-02 
 2.948404e+01 -2.510014e-02 
 2.948444e+01 -2.560038e-02 
 2.948484e+01 -2.607019e-02 
 2.948523e+01 -2.651253e-02 
 2.948563e+01 -2.691447e-02 
 2.948603e+01 -2.728782e-02 
 2.948643e+01 -2.763861e-02 
 2.948682e+01 -2.795431e-02 
 2.948722e+01 -2.822711e-02 
 2.948762e+01 -2.847914e-02 
 2.948802e+01 -2.869005e-02 
 2.948841e+01 -2.888194e-02 
 2.948881e+01 -2.904480e-02 
 2.948921e+01 -2.918520e-02 
 2.948961e+01 -2.929498e-02 
 2.949001e+01 -2.937671e-02 
 2.949040e+01 -2.943332e-02 
 2.949080e+01 -2.945081e-02 
 2.949120e+01 -2.944800e-02 
 2.949160e+01 -2.942499e-02 
 2.949199e+01 -2.936444e-02 
 2.949239e+01 -2.927704e-02 
 2.949279e+01 -2.915672e-02 
 2.949319e+01 -2.900776e-02 
 2.949358e+01 -2.884459e-02 
 2.949398e+01 -2.866524e-02 
 2.949438e+01 -2.845733e-02 
 2.949478e+01 -2.820858e-02 
 2.949518e+01 -2.793453e-02 
 2.949557e+01 -2.764784e-02 
 2.949597e+01 -2.731289e-02 
 2.949637e+01 -2.696085e-02 
 2.949677e+01 -2.658484e-02 
 2.949716e+01 -2.615586e-02 
 2.949756e+01 -2.570281e-02 
 2.949796e+01 -2.522379e-02 
 2.949836e+01 -2.472055e-02 
 2.949876e+01 -2.418649e-02 
 2.949915e+01 -2.363367e-02 
 2.949955e+01 -2.303905e-02 
 2.949995e+01 -2.241805e-02 
 2.950035e+01 -2.177839e-02 
 2.950074e+01 -2.111281e-02 
 2.950114e+01 -2.040569e-02 
 2.950154e+01 -1.966567e-02 
 2.950194e+01 -1.889437e-02 
 2.950233e+01 -1.808064e-02 
 2.950273e+01 -1.723996e-02 
 2.950313e+01 -1.638536e-02 
 2.950353e+01 -1.550253e-02 
 2.950393e+01 -1.459475e-02 
 2.950432e+01 -1.365669e-02 
 2.950472e+01 -1.270519e-02 
 2.950512e+01 -1.172084e-02 
 2.950552e+01 -1.072425e-02 
 2.950591e+01 -9.701161e-03 
 2.950631e+01 -8.648929e-03 
 2.950671e+01 -7.568565e-03 
 2.950711e+01 -6.477579e-03 
 2.950750e+01 -5.367815e-03 
 2.950790e+01 -4.243381e-03 
 2.950830e+01 -3.107946e-03 
 2.950870e+01 -1.966668e-03 
 2.950910e+01 -8.154730e-04 
 2.950949e+01  3.389552e-04 
 2.950989e+01  1.505890e-03 
 2.951029e+01  2.690394e-03 
 2.951069e+01  3.887950e-03 
 2.951108e+01  5.097924e-03 
 2.951148e+01  6.330809e-03 
 2.951188e+01  7.577391e-03 
 2.951228e+01  8.817469e-03 
 2.951267e+01  1.006363e-02 
 2.951307e+01  1.130597e-02 
 2.951347e+01  1.254392e-02 
 2.951387e+01  1.378391e-02 
 2.951427e+01  1.501249e-02 
 2.951466e+01  1.624560e-02 
 2.951506e+01  1.748335e-02 
 2.951546e+01  1.872553e-02 
 2.951586e+01  1.997483e-02 
 2.951625e+01  2.121872e-02 
 2.951665e+01  2.247119e-02 
 2.951705e+01  2.371154e-02 
 2.951745e+01  2.493724e-02 
 2.951784e+01  2.615486e-02 
 2.951824e+01  2.737358e-02 
 2.951864e+01  2.856888e-02 
 2.951904e+01  2.975179e-02 
 2.951944e+01  3.093020e-02 
 2.951983e+01  3.210448e-02 
 2.952023e+01  3.327068e-02 
 2.952063e+01  3.443172e-02 
 2.952103e+01  3.559271e-02 
 2.952142e+01  3.673870e-02 
 2.952182e+01  3.787092e-02 
 2.952222e+01  3.898362e-02 
 2.952262e+01  4.007747e-02 
 2.952301e+01  4.115344e-02 
 2.952341e+01  4.221816e-02 
 2.952381e+01  4.327105e-02 
 2.952421e+01  4.430132e-02 
 2.952461e+01  4.531013e-02 
 2.952500e+01  4.631845e-02 
 2.952540e+01  4.730259e-02 
 2.952580e+01  4.827225e-02 
 2.952620e+01  4.923144e-02 
 2.952659e+01  5.016078e-02 
 2.952699e+01  5.106477e-02 
 2.952739e+01  5.194751e-02 
 2.952779e+01  5.281907e-02 
 2.952818e+01  5.366744e-02 
 2.952858e+01  5.448730e-02 
 2.952898e+01  5.530652e-02 
 2.952938e+01  5.608428e-02 
 2.952978e+01  5.684650e-02 
 2.953017e+01  5.760694e-02 
 2.953057e+01  5.834896e-02 
 2.953097e+01  5.906656e-02 
 2.953137e+01  5.975545e-02 
 2.953176e+01  6.042160e-02 
 2.953216e+01  6.104994e-02 
 2.953256e+01  6.166846e-02 
 2.953296e+01  6.225577e-02 
 2.953335e+01  6.281664e-02 
 2.953375e+01  6.334571e-02 
 2.953415e+01  6.385136e-02 
 2.953455e+01  6.432248e-02 
 2.953495e+01  6.476951e-02 
 2.953534e+01  6.519602e-02 
 2.953574e+01  6.558486e-02 
 2.953614e+01  6.594447e-02 
 2.953654e+01  6.626759e-02 
 2.953693e+01  6.656813e-02 
 2.953733e+01  6.683238e-02 
 2.953773e+01  6.707933e-02 
 2.953813e+01  6.728945e-02 
 2.953852e+01  6.746584e-02 
 2.953892e+01  6.761753e-02 
 2.953932e+01  6.773271e-02 
 2.953972e+01  6.781809e-02 
 2.954012e+01  6.788232e-02 
 2.954051e+01  6.791878e-02 
 2.954091e+01  6.790479e-02 
 2.954131e+01  6.784995e-02 
 2.954171e+01  6.776153e-02 
 2.954210e+01  6.764369e-02 
 2.954250e+01  6.748848e-02 
 2.954290e+01  6.731537e-02 
 2.954330e+01  6.709725e-02 
 2.954369e+01  6.684381e-02 
 2.954409e+01  6.655216e-02 
 2.954449e+01  6.624579e-02 
 2.954489e+01  6.589361e-02 
 2.954529e+01  6.551066e-02 
 2.954568e+01  6.509670e-02 
 2.954608e+01  6.463092e-02 
 2.954648e+01  6.413832e-02 
 2.954688e+01  6.361935e-02 
 2.954727e+01  6.307522e-02 
 2.954767e+01  6.249625e-02 
 2.954807e+01  6.188957e-02 
 2.954847e+01  6.124521e-02 
 2.954886e+01  6.056259e-02 
 2.954926e+01  5.988134e-02 
 2.954966e+01  5.916344e-02 
 2.955006e+01  5.842644e-02 
 2.955046e+01  5.764828e-02 
 2.955085e+01  5.685676e-02 
 2.955125e+01  5.603373e-02 
 2.955165e+01  5.518013e-02 
 2.955205e+01  5.431910e-02 
 2.955244e+01  5.342723e-02 
 2.955284e+01  5.250682e-02 
 2.955324e+01  5.155446e-02 
 2.955364e+01  5.058714e-02 
 2.955403e+01  4.960490e-02 
 2.955443e+01  4.860035e-02 
 2.955483e+01  4.757714e-02 
 2.955523e+01  4.654440e-02 
 2.955563e+01  4.548933e-02 
 2.955602e+01  4.442923e-02 
 2.955642e+01  4.335947e-02 
 2.955682e+01  4.228552e-02 
 2.955722e+01  4.119436e-02 
 2.955761e+01  4.008345e-02 
 2.955801e+01  3.897217e-02 
 2.955841e+01  3.784257e-02 
 2.955881e+01  3.672769e-02 
 2.955920e+01  3.560583e-02 
 2.955960e+01  3.447657e-02 
 2.956000e+01  3.334047e-02 
 2.956040e+01  3.219251e-02 
 2.956080e+01  3.102985e-02 
 2.956119e+01  2.986112e-02 
 2.956159e+01  2.870180e-02 
 2.956199e+01  2.753056e-02 
 2.956239e+01  2.634208e-02 
 2.956278e+01  2.515803e-02 
 2.956318e+01  2.397899e-02 
 2.956358e+01  2.279180e-02 
 2.956398e+01  2.160652e-02 
 2.956437e+01  2.042212e-02 
 2.956477e+01  1.922877e-02 
 2.956517e+01  1.801833e-02 
 2.956557e+01  1.681799e-02 
 2.956597e+01  1.563210e-02 
 2.956636e+01  1.443815e-02 
 2.956676e+01  1.325577e-02 
 2.956716e+01  1.206072e-02 
 2.956756e+01  1.086559e-02 
 2.956795e+01  9.666924e-03 
 2.956835e+01  8.483141e-03 
 2.956875e+01  7.298880e-03 
 2.956915e+01  6.116324e-03 
 2.956954e+01  4.934616e-03 
 2.956994e+01  3.747515e-03 
 2.957034e+01  2.560183e-03 
 2.957074e+01  1.388933e-03 
 2.957114e+01  2.331473e-04 
 2.957153e+01 -9.120036e-04 
 2.957193e+01 -2.052260e-03 
 2.957233e+01 -3.184559e-03 
 2.957273e+01 -4.315220e-03 
 2.957312e+01 -5.440488e-03 
 2.957352e+01 -6.540229e-03 
 2.957392e+01 -7.634262e-03 
 2.957432e+01 -8.713069e-03 
 2.957471e+01 -9.780013e-03 
 2.957511e+01 -1.082574e-02 
 2.957551e+01 -1.183969e-02 
 2.957591e+01 -1.282634e-02 
 2.957631e+01 -1.379463e-02 
 2.957670e+01 -1.475474e-02 
 2.957710e+01 -1.568485e-02 
 2.957750e+01 -1.661019e-02 
 2.957790e+01 -1.750205e-02 
 2.957829e+01 -1.834634e-02 
 2.957869e+01 -1.917517e-02 
 2.957909e+01 -1.997112e-02 
 2.957949e+01 -2.073752e-02 
 2.957988e+01 -2.147640e-02 
 2.958028e+01 -2.218986e-02 
 2.958068e+01 -2.285970e-02 
 2.958108e+01 -2.349938e-02 
 2.958148e+01 -2.411948e-02 
 2.958187e+01 -2.471378e-02 
 2.958227e+01 -2.527479e-02 
 2.958267e+01 -2.581567e-02 
 2.958307e+01 -2.631942e-02 
 2.958346e+01 -2.678930e-02 
 2.958386e+01 -2.721096e-02 
 2.958426e+01 -2.761874e-02 
 2.958466e+01 -2.798204e-02 
 2.958505e+01 -2.830234e-02 
 2.958545e+01 -2.859401e-02 
 2.958585e+01 -2.885179e-02 
 2.958625e+01 -2.907908e-02 
 2.958665e+01 -2.928733e-02 
 2.958704e+01 -2.947028e-02 
 2.958744e+01 -2.961372e-02 
 2.958784e+01 -2.971400e-02 
 2.958824e+01 -2.979201e-02 
 2.958863e+01 -2.983102e-02 
 2.958903e+01 -2.983485e-02 
 2.958943e+01 -2.982446e-02 
 2.958983e+01 -2.977982e-02 
 2.959023e+01 -2.967954e-02 
 2.959062e+01 -2.955618e-02 
 2.959102e+01 -2.940120e-02 
 2.959142e+01 -2.922535e-02 
 2.959182e+01 -2.902651e-02 
 2.959221e+01 -2.879864e-02 
 2.959261e+01 -2.854523e-02 
 2.959301e+01 -2.824946e-02 
 2.959341e+01 -2.793251e-02 
 2.959380e+01 -2.758954e-02 
 2.959420e+01 -2.721084e-02 
 2.959460e+01 -2.679342e-02 
 2.959500e+01 -2.634658e-02 
 2.959540e+01 -2.588079e-02 
 2.959579e+01 -2.538077e-02 
 2.959619e+01 -2.486476e-02 
 2.959659e+01 -2.434552e-02 
 2.959699e+01 -2.378309e-02 
 2.959738e+01 -2.319659e-02 
 2.959778e+01 -2.259491e-02 
 2.959818e+01 -2.195944e-02 
 2.959858e+01 -2.129541e-02 
 2.959897e+01 -2.061976e-02 
 2.959937e+01 -1.990318e-02 
 2.959977e+01 -1.915830e-02 
 2.960017e+01 -1.840083e-02 
 2.960057e+01 -1.761876e-02 
 2.960096e+01 -1.682408e-02 
 2.960136e+01 -1.602170e-02 
 2.960176e+01 -1.520541e-02 
 2.960216e+01 -1.436426e-02 
 2.960255e+01 -1.349368e-02 
 2.960295e+01 -1.262639e-02 
 2.960335e+01 -1.171760e-02 
 2.960375e+01 -1.079772e-02 
 2.960414e+01 -9.846181e-03 
 2.960454e+01 -8.870874e-03 
 2.960494e+01 -7.876699e-03 
 2.960534e+01 -6.873575e-03 
 2.960574e+01 -5.856926e-03 
 2.960613e+01 -4.818253e-03 
 2.960653e+01 -3.756595e-03 
 2.960693e+01 -2.686286e-03 
 2.960733e+01 -1.584137e-03 
 2.960772e+01 -4.652610e-04 
 2.960812e+01  6.566550e-04 
 2.960852e+01  1.804799e-03 
 2.960892e+01  2.972725e-03 
 2.960931e+01  4.154528e-03 
 2.960971e+01  5.355729e-03 
 2.961011e+01  6.574021e-03 
 2.961051e+01  7.794481e-03 
 2.961091e+01  9.014144e-03 
 2.961130e+01  1.027278e-02 
 2.961170e+01  1.152275e-02 
 2.961210e+01  1.278135e-02 
 2.961250e+01  1.404679e-02 
 2.961289e+01  1.532028e-02 
 2.961329e+01  1.660062e-02 
 2.961369e+01  1.788908e-02 
 2.961409e+01  1.918880e-02 
 2.961448e+01  2.048879e-02 
 2.961488e+01  2.177859e-02 
 2.961528e+01  2.306149e-02 
 2.961568e+01  2.433583e-02 
 2.961608e+01  2.561093e-02 
 2.961647e+01  2.686733e-02 
 2.961687e+01  2.812615e-02 
 2.961727e+01  2.937100e-02 
 2.961767e+01  3.061746e-02 
 2.961806e+01  3.185460e-02 
 2.961846e+01  3.308627e-02 
 2.961886e+01  3.429893e-02 
 2.961926e+01  3.550575e-02 
 2.961965e+01  3.670637e-02 
 2.962005e+01  3.786538e-02 
 2.962045e+01  3.900643e-02 
 2.962085e+01  4.012556e-02 
 2.962125e+01  4.122322e-02 
 2.962164e+01  4.228762e-02 
 2.962204e+01  4.335015e-02 
 2.962244e+01  4.438411e-02 
 2.962284e+01  4.541084e-02 
 2.962323e+01  4.642869e-02 
 2.962363e+01  4.743570e-02 
 2.962403e+01  4.840805e-02 
 2.962443e+01  4.936658e-02 
 2.962482e+01  5.028775e-02 
 2.962522e+01  5.119676e-02 
 2.962562e+01  5.207366e-02 
 2.962602e+01  5.293804e-02 
 2.962642e+01  5.377889e-02 
 2.962681e+01  5.460360e-02 
 2.962721e+01  5.540507e-02 
 2.962761e+01  5.618226e-02 
 2.962801e+01  5.695430e-02 
 2.962840e+01  5.769545e-02 
 2.962880e+01  5.840944e-02 
 2.962920e+01  5.908555e-02 
 2.962960e+01  5.974552e-02 
 2.962999e+01  6.036135e-02 
 2.963039e+01  6.096032e-02 
 2.963079e+01  6.152738e-02 
 2.963119e+01  6.206910e-02 
 2.963159e+01  6.258234e-02 
 2.963198e+01  6.307222e-02 
 2.963238e+01  6.355263e-02 
 2.963278e+01  6.400149e-02 
 2.963318e+01  6.443837e-02 
 2.963357e+01  6.483961e-02 
 2.963397e+01  6.521072e-02 
 2.963437e+01  6.554375e-02 
 2.963477e+01  6.585000e-02 
 2.963516e+01  6.612918e-02 
 2.963556e+01  6.639446e-02 
 2.963596e+01  6.661300e-02 
 2.963636e+01  6.681987e-02 
 2.963676e+01  6.698920e-02 
 2.963715e+01  6.712454e-02 
 2.963755e+01  6.722998e-02 
 2.963795e+01  6.731844e-02 
 2.963835e+01  6.737415e-02 
 2.963874e+01  6.740635e-02 
 2.963914e+01  6.739465e-02 
 2.963954e+01  6.735455e-02 
 2.963994e+01  6.728149e-02 
 2.964033e+01  6.719488e-02 
 2.964073e+01  6.706738e-02 
 2.964113e+01  6.690030e-02 
 2.964153e+01  6.671063e-02 
 2.964193e+01  6.648858e-02 
 2.964232e+01  6.624508e-02 
 2.964272e+01  6.597257e-02 
 2.964312e+01  6.568354e-02 
 2.964352e+01  6.535090e-02 
 2.964391e+01  6.498185e-02 
 2.964431e+01  6.459193e-02 
 2.964471e+01  6.416468e-02 
 2.964511e+01  6.371637e-02 
 2.964550e+01  6.324120e-02 
 2.964590e+01  6.272907e-02 
 2.964630e+01  6.217464e-02 
 2.964670e+01  6.159086e-02 
 2.964710e+01  6.097872e-02 
 2.964749e+01  6.034821e-02 
 2.964789e+01  5.968196e-02 
 2.964829e+01  5.898663e-02 
 2.964869e+01  5.824961e-02 
 2.964908e+01  5.748559e-02 
 2.964948e+01  5.668503e-02 
 2.964988e+01  5.586184e-02 
 2.965028e+01  5.501627e-02 
 2.965067e+01  5.413168e-02 
 2.965107e+01  5.320498e-02 
 2.965147e+01  5.227620e-02 
 2.965187e+01  5.132677e-02 
 2.965227e+01  5.036233e-02 
 2.965266e+01  4.937352e-02 
 2.965306e+01  4.836547e-02 
 2.965346e+01  4.732713e-02 
 2.965386e+01  4.627243e-02 
 2.965425e+01  4.521236e-02 
 2.965465e+01  4.413680e-02 
 2.965505e+01  4.304012e-02 
 2.965545e+01  4.192108e-02 
 2.965584e+01  4.079025e-02 
 2.965624e+01  3.962907e-02 
 2.965664e+01  3.846947e-02 
 2.965704e+01  3.729698e-02 
 2.965744e+01  3.612104e-02 
 2.965783e+01  3.492470e-02 
 2.965823e+01  3.372227e-02 
 2.965863e+01  3.250925e-02 
 2.965903e+01  3.130276e-02 
 2.965942e+01  3.007949e-02 
 2.965982e+01  2.885926e-02 
 2.966022e+01  2.762704e-02 
 2.966062e+01  2.638209e-02 
 2.966101e+01  2.513465e-02 
 2.966141e+01  2.390594e-02 
 2.966181e+01  2.266832e-02 
 2.966221e+01  2.143338e-02 
 2.966261e+01  2.021565e-02 
 2.966300e+01  1.899024e-02 
 2.966340e+01  1.776456e-02 
 2.966380e+01  1.655551e-02 
 2.966420e+01  1.535762e-02 
 2.966459e+01  1.414774e-02 
 2.966499e+01  1.294907e-02 
 2.966539e+01  1.175071e-02 
 2.966579e+01  1.053387e-02 
 2.966618e+01  9.347478e-03 
 2.966658e+01  8.169322e-03 
 2.966698e+01  6.998358e-03 
 2.966738e+01  5.845724e-03 
 2.966778e+01  4.710192e-03 
 2.966817e+01  3.568930e-03 
 2.966857e+01  2.443139e-03 
 2.966897e+01  1.339079e-03 
 2.966937e+01  2.448236e-04 
 2.966976e+01 -8.572371e-04 
 2.967016e+01 -1.950068e-03 
 2.967056e+01 -3.034478e-03 
 2.967096e+01 -4.106540e-03 
 2.967135e+01 -5.153877e-03 
 2.967175e+01 -6.184119e-03 
 2.967215e+01 -7.200932e-03 
 2.967255e+01 -8.202241e-03 
 2.967295e+01 -9.186870e-03 
 2.967334e+01 -1.015435e-02 
 2.967374e+01 -1.109948e-02 
 2.967414e+01 -1.202666e-02 
 2.967454e+01 -1.294869e-02 
 2.967493e+01 -1.387231e-02 
 2.967533e+01 -1.477763e-02 
 2.967573e+01 -1.566710e-02 
 2.967613e+01 -1.654220e-02 
 2.967652e+01 -1.738873e-02 
 2.967692e+01 -1.822379e-02 
 2.967732e+01 -1.903750e-02 
 2.967772e+01 -1.983603e-02 
 2.967812e+01 -2.059935e-02 
 2.967851e+01 -2.133752e-02 
 2.967891e+01 -2.205442e-02 
 2.967931e+01 -2.274594e-02 
 2.967971e+01 -2.341041e-02 
 2.968010e+01 -2.406323e-02 
 2.968050e+01 -2.468787e-02 
 2.968090e+01 -2.527980e-02 
 2.968130e+01 -2.584265e-02 
 2.968170e+01 -2.637885e-02 
 2.968209e+01 -2.687576e-02 
 2.968249e+01 -2.734376e-02 
 2.968289e+01 -2.777148e-02 
 2.968329e+01 -2.816854e-02 
 2.968368e+01 -2.851622e-02 
 2.968408e+01 -2.884203e-02 
 2.968448e+01 -2.915039e-02 
 2.968488e+01 -2.941660e-02 
 2.968527e+01 -2.966110e-02 
 2.968567e+01 -2.986332e-02 
 2.968607e+01 -3.002756e-02 
 2.968647e+01 -3.014479e-02 
 2.968687e+01 -3.023888e-02 
 2.968726e+01 -3.028441e-02 
 2.968766e+01 -3.028695e-02 
 2.968806e+01 -3.025386e-02 
 2.968846e+01 -3.017833e-02 
 2.968885e+01 -3.007934e-02 
 2.968925e+01 -2.996713e-02 
 2.968965e+01 -2.982072e-02 
 2.969005e+01 -2.963940e-02 
 2.969044e+01 -2.943351e-02 
 2.969084e+01 -2.917606e-02 
 2.969124e+01 -2.888594e-02 
 2.969164e+01 -2.856446e-02 
 2.969204e+01 -2.820846e-02 
 2.969243e+01 -2.780334e-02 
 2.969283e+01 -2.737383e-02 
 2.969323e+01 -2.690968e-02 
 2.969363e+01 -2.642205e-02 
 2.969402e+01 -2.591963e-02 
 2.969442e+01 -2.539226e-02 
 2.969482e+01 -2.483695e-02 
 2.969522e+01 -2.424347e-02 
 2.969561e+01 -2.362098e-02 
 2.969601e+01 -2.297762e-02 
 2.969641e+01 -2.230476e-02 
 2.969681e+01 -2.160680e-02 
 2.969721e+01 -2.088900e-02 
 2.969760e+01 -2.013323e-02 
 2.969800e+01 -1.936053e-02 
 2.969840e+01 -1.856447e-02 
 2.969880e+01 -1.776790e-02 
 2.969919e+01 -1.694837e-02 
 2.969959e+01 -1.610468e-02 
 2.969999e+01 -1.524253e-02 
 2.970039e+01 -1.435253e-02 
 2.970078e+01 -1.342938e-02 
 2.970118e+01 -1.250609e-02 
 2.970158e+01 -1.156241e-02 
 2.970198e+01 -1.058018e-02 
 2.970238e+01 -9.594164e-03 
 2.970277e+01 -8.590519e-03 
 2.970317e+01 -7.564617e-03 
 2.970357e+01 -6.540359e-03 
 2.970397e+01 -5.516782e-03 
 2.970436e+01 -4.478112e-03 
 2.970476e+01 -3.418907e-03 
 2.970516e+01 -2.365869e-03 
 2.970556e+01 -1.289095e-03 
 2.970595e+01 -1.900289e-04 
 2.970635e+01  9.114930e-04 
 2.970675e+01  2.022458e-03 
 2.970715e+01  3.161058e-03 
 2.970755e+01  4.311425e-03 
 2.970794e+01  5.459786e-03 
 2.970834e+01  6.610426e-03 
 2.970874e+01  7.762892e-03 
 2.970914e+01  8.912140e-03 
 2.970953e+01  1.007331e-02 
 2.970993e+01  1.125023e-02 
 2.971033e+01  1.242554e-02 
 2.971073e+01  1.361718e-02 
 2.971112e+01  1.482206e-02 
 2.971152e+01  1.603414e-02 
 2.971192e+01  1.725708e-02 
 2.971232e+01  1.848845e-02 
 2.971272e+01  1.972194e-02 
 2.971311e+01  2.095058e-02 
 2.971351e+01  2.217251e-02 
 2.971391e+01  2.339700e-02 
 2.971431e+01  2.461946e-02 
 2.971470e+01  2.585711e-02 
 2.971510e+01  2.707372e-02 
 2.971550e+01  2.831370e-02 
 2.971590e+01  2.955018e-02 
 2.971629e+01  3.078082e-02 
 2.971669e+01  3.201479e-02 
 2.971709e+01  3.324426e-02 
 2.971749e+01  3.446442e-02 
 2.971789e+01  3.565756e-02 
 2.971828e+01  3.684334e-02 
 2.971868e+01  3.802589e-02 
 2.971908e+01  3.918692e-02 
 2.971948e+01  4.035213e-02 
 2.971987e+01  4.150175e-02 
 2.972027e+01  4.263649e-02 
 2.972067e+01  4.375538e-02 
 2.972107e+01  4.487783e-02 
 2.972146e+01  4.597995e-02 
 2.972186e+01  4.706785e-02 
 2.972226e+01  4.811423e-02 
 2.972266e+01  4.914021e-02 
 2.972306e+01  5.014429e-02 
 2.972345e+01  5.111817e-02 
 2.972385e+01  5.206533e-02 
 2.972425e+01  5.299505e-02 
 2.972465e+01  5.389003e-02 
 2.972504e+01  5.475325e-02 
 2.972544e+01  5.559177e-02 
 2.972584e+01  5.641990e-02 
 2.972624e+01  5.720190e-02 
 2.972663e+01  5.796690e-02 
 2.972703e+01  5.869855e-02 
 2.972743e+01  5.939256e-02 
 2.972783e+01  6.005004e-02 
 2.972823e+01  6.069663e-02 
 2.972862e+01  6.130253e-02 
 2.972902e+01  6.187717e-02 
 2.972942e+01  6.242581e-02 
 2.972982e+01  6.295258e-02 
 2.973021e+01  6.344846e-02 
 2.973061e+01  6.392401e-02 
 2.973101e+01  6.438027e-02 
 2.973141e+01  6.479998e-02 
 2.973180e+01  6.517783e-02 
 2.973220e+01  6.552683e-02 
 2.973260e+01  6.583856e-02 
 2.973300e+01  6.611768e-02 
 2.973340e+01  6.637123e-02 
 2.973379e+01  6.659563e-02 
 2.973419e+01  6.678565e-02 
 2.973459e+01  6.693961e-02 
 2.973499e+01  6.707856e-02 
 2.973538e+01  6.719057e-02 
 2.973578e+01  6.726920e-02 
 2.973618e+01  6.732985e-02 
 2.973658e+01  6.735946e-02 
 2.973697e+01  6.734219e-02 
 2.973737e+01  6.729473e-02 
 2.973777e+01  6.722227e-02 
 2.973817e+01  6.712207e-02 
 2.973857e+01  6.698958e-02 
 2.973896e+01  6.683331e-02 
 2.973936e+01  6.664861e-02 
 2.973976e+01  6.644103e-02 
 2.974016e+01  6.621620e-02 
 2.974055e+01  6.596518e-02 
 2.974095e+01  6.568426e-02 
 2.974135e+01  6.536299e-02 
 2.974175e+01  6.502210e-02 
 2.974214e+01  6.464420e-02 
 2.974254e+01  6.424139e-02 
 2.974294e+01  6.381171e-02 
 2.974334e+01  6.335713e-02 
 2.974374e+01  6.287972e-02 
 2.974413e+01  6.234735e-02 
 2.974453e+01  6.179046e-02 
 2.974493e+01  6.122206e-02 
 2.974533e+01  6.062552e-02 
 2.974572e+01  6.001343e-02 
 2.974612e+01  5.937281e-02 
 2.974652e+01  5.870597e-02 
 2.974692e+01  5.801192e-02 
 2.974731e+01  5.729377e-02 
 2.974771e+01  5.657032e-02 
 2.974811e+01  5.581408e-02 
 2.974851e+01  5.503638e-02 
 2.974891e+01  5.422868e-02 
 2.974930e+01  5.339975e-02 
 2.974970e+01  5.254455e-02 
 2.975010e+01  5.167378e-02 
 2.975050e+01  5.078385e-02 
 2.975089e+01  4.985664e-02 
 2.975129e+01  4.889953e-02 
 2.975169e+01  4.793026e-02 
 2.975209e+01  4.693555e-02 
 2.975248e+01  4.591854e-02 
 2.975288e+01  4.489156e-02 
 2.975328e+01  4.382151e-02 
 2.975368e+01  4.272662e-02 
 2.975408e+01  4.160722e-02 
 2.975447e+01  4.046736e-02 
 2.975487e+01  3.932417e-02 
 2.975527e+01  3.817531e-02 
 2.975567e+01  3.701335e-02 
 2.975606e+01  3.581372e-02 
 2.975646e+01  3.460834e-02 
 2.975686e+01  3.339871e-02 
 2.975726e+01  3.217104e-02 
 2.975765e+01  3.093950e-02 
 2.975805e+01  2.969455e-02 
 2.975845e+01  2.842694e-02 
 2.975885e+01  2.715703e-02 
 2.975925e+01  2.588375e-02 
 2.975964e+01  2.460883e-02 
 2.976004e+01  2.333953e-02 
 2.976044e+01  2.206680e-02 
 2.976084e+01  2.079440e-02 
 2.976123e+01  1.951557e-02 
 2.976163e+01  1.824557e-02 
 2.976203e+01  1.698244e-02 
 2.976243e+01  1.572204e-02 
 2.976282e+01  1.446886e-02 
 2.976322e+01  1.319282e-02 
 2.976362e+01  1.192938e-02 
 2.976402e+01  1.067840e-02 
 2.976442e+01  9.447320e-03 
 2.976481e+01  8.229197e-03 
 2.976521e+01  7.024605e-03 
 2.976561e+01  5.824427e-03 
 2.976601e+01  4.640147e-03 
 2.976640e+01  3.458625e-03 
 2.976680e+01  2.304008e-03 
 2.976720e+01  1.169610e-03 
 2.976760e+01  4.378958e-05 
 2.976799e+01 -1.073049e-03 
 2.976839e+01 -2.177600e-03 
 2.976879e+01 -3.251460e-03 
 2.976919e+01 -4.311563e-03 
 2.976959e+01 -5.353197e-03 
 2.976998e+01 -6.377958e-03 
 2.977038e+01 -7.390991e-03 
 2.977078e+01 -8.386215e-03 
 2.977118e+01 -9.361305e-03 
 2.977157e+01 -1.031993e-02 
 2.977197e+01 -1.126088e-02 
 2.977237e+01 -1.219563e-02 
 2.977277e+01 -1.311625e-02 
 2.977317e+01 -1.402898e-02 
 2.977356e+01 -1.491406e-02 
 2.977396e+01 -1.576878e-02 
 2.977436e+01 -1.659035e-02 
 2.977476e+01 -1.740333e-02 
 2.977515e+01 -1.818555e-02 
 2.977555e+01 -1.893635e-02 
 2.977595e+01 -1.966536e-02 
 2.977635e+01 -2.037456e-02 
 2.977674e+01 -2.106117e-02 
 2.977714e+01 -2.173594e-02 
 2.977754e+01 -2.239287e-02 
 2.977794e+01 -2.302379e-02 
 2.977834e+01 -2.363072e-02 
 2.977873e+01 -2.421440e-02 
 2.977913e+01 -2.475708e-02 
 2.977953e+01 -2.527325e-02 
 2.977993e+01 -2.576162e-02 
 2.978032e+01 -2.622049e-02 
 2.978072e+01 -2.665830e-02 
 2.978112e+01 -2.705526e-02 
 2.978152e+01 -2.743938e-02 
 2.978191e+01 -2.780089e-02 
 2.978231e+01 -2.815455e-02 
 2.978271e+01 -2.847665e-02 
 2.978311e+01 -2.876671e-02 
 2.978351e+01 -2.902294e-02 
 2.978390e+01 -2.923510e-02 
 2.978430e+01 -2.941729e-02 
 2.978470e+01 -2.956276e-02 
 2.978510e+01 -2.968404e-02 
 2.978549e+01 -2.978160e-02 
 2.978589e+01 -2.984596e-02 
 2.978629e+01 -2.987659e-02 
 2.978669e+01 -2.989931e-02 
 2.978708e+01 -2.988633e-02 
 2.978748e+01 -2.984319e-02 
 2.978788e+01 -2.976346e-02 
 2.978828e+01 -2.965015e-02 
 2.978868e+01 -2.948596e-02 
 2.978907e+01 -2.928978e-02 
 2.978947e+01 -2.905546e-02 
 2.978987e+01 -2.878986e-02 
 2.979027e+01 -2.849793e-02 
 2.979066e+01 -2.816209e-02 
 2.979106e+01 -2.779292e-02 
 2.979146e+01 -2.739719e-02 
 2.979186e+01 -2.698060e-02 
 2.979225e+01 -2.653903e-02 
 2.979265e+01 -2.606121e-02 
 2.979305e+01 -2.554084e-02 
 2.979345e+01 -2.497483e-02 
 2.979385e+01 -2.437271e-02 
 2.979424e+01 -2.374758e-02 
 2.979464e+01 -2.308021e-02 
 2.979504e+01 -2.238836e-02 
 2.979544e+01 -2.166501e-02 
 2.979583e+01 -2.091420e-02 
 2.979623e+01 -2.012878e-02 
 2.979663e+01 -1.932686e-02 
 2.979703e+01 -1.850646e-02 
 2.979742e+01 -1.766085e-02 
 2.979782e+01 -1.677769e-02 
 2.979822e+01 -1.586562e-02 
 2.979862e+01 -1.492997e-02 
 2.979902e+01 -1.397798e-02 
 2.979941e+01 -1.300011e-02 
 2.979981e+01 -1.199767e-02 
 2.980021e+01 -1.098737e-02 
 2.980061e+01 -9.945819e-03 
 2.980100e+01 -8.909227e-03 
 2.980140e+01 -7.870593e-03 
 2.980180e+01 -6.826151e-03 
 2.980220e+01 -5.766374e-03 
 2.980259e+01 -4.687138e-03 
 2.980299e+01 -3.593046e-03 
 2.980339e+01 -2.459661e-03 
 2.980379e+01 -1.341992e-03 
 2.980419e+01 -2.000899e-04 
 2.980458e+01  9.498799e-04 
 2.980498e+01  2.114370e-03 
 2.980538e+01  3.262053e-03 
 2.980578e+01  4.415505e-03 
 2.980617e+01  5.577579e-03 
 2.980657e+01  6.725422e-03 
 2.980697e+01  7.891853e-03 
 2.980737e+01  9.064672e-03 
 2.980776e+01  1.025065e-02 
 2.980816e+01  1.144186e-02 
 2.980856e+01  1.264948e-02 
 2.980896e+01  1.385566e-02 
 2.980936e+01  1.506422e-02 
 2.980975e+01  1.628275e-02 
 2.981015e+01  1.749652e-02 
 2.981055e+01  1.869261e-02 
 2.981095e+01  1.988620e-02 
 2.981134e+01  2.106687e-02 
 2.981174e+01  2.225184e-02 
 2.981214e+01  2.343452e-02 
 2.981254e+01  2.462570e-02 
 2.981293e+01  2.581831e-02 
 2.981333e+01  2.700858e-02 
 2.981373e+01  2.820397e-02 
 2.981413e+01  2.939118e-02 
 2.981453e+01  3.056693e-02 
 2.981492e+01  3.175600e-02 
 2.981532e+01  3.291615e-02 
 2.981572e+01  3.408016e-02 
 2.981612e+01  3.523088e-02 
 2.981651e+01  3.636485e-02 
 2.981691e+01  3.750315e-02 
 2.981731e+01  3.863532e-02 
 2.981771e+01  3.974586e-02 
 2.981810e+01  4.084936e-02 
 2.981850e+01  4.195386e-02 
 2.981890e+01  4.304831e-02 
 2.981930e+01  4.413428e-02 
 2.981970e+01  4.520520e-02 
 2.982009e+01  4.626233e-02 
 2.982049e+01  4.727343e-02 
 2.982089e+01  4.827106e-02 
 2.982129e+01  4.924706e-02 
 2.982168e+01  5.021752e-02 
 2.982208e+01  5.116548e-02 
 2.982248e+01  5.210602e-02 
 2.982288e+01  5.303066e-02 
 2.982327e+01  5.394238e-02 
 2.982367e+01  5.484652e-02 
 2.982407e+01  5.571808e-02 
 2.982447e+01  5.657786e-02 
 2.982487e+01  5.739260e-02 
 2.982526e+01  5.818410e-02 
 2.982566e+01  5.893797e-02 
 2.982606e+01  5.966705e-02 
 2.982646e+01  6.036624e-02 
 2.982685e+01  6.103911e-02 
 2.982725e+01  6.169610e-02 
 2.982765e+01  6.230531e-02 
 2.982805e+01  6.289853e-02 
 2.982844e+01  6.347015e-02 
 2.982884e+01  6.401581e-02 
 2.982924e+01  6.451381e-02 
 2.982964e+01  6.498221e-02 
 2.983004e+01  6.539515e-02 
 2.983043e+01  6.576562e-02 
 2.983083e+01  6.610656e-02 
 2.983123e+01  6.642886e-02 
 2.983163e+01  6.671219e-02 
 2.983202e+01  6.695880e-02 
 2.983242e+01  6.718738e-02 
 2.983282e+01  6.737643e-02 
 2.983322e+01  6.752972e-02 
 2.983361e+01  6.765272e-02 
 2.983401e+01  6.774912e-02 
 2.983441e+01  6.780272e-02 
 2.983481e+01  6.781771e-02 
 2.983521e+01  6.781153e-02 
 2.983560e+01  6.776457e-02 
 2.983600e+01  6.769948e-02 
 2.983640e+01  6.759917e-02 
 2.983680e+01  6.746892e-02 
 2.983719e+01  6.730199e-02 
 2.983759e+01  6.710421e-02 
 2.983799e+01  6.688783e-02 
 2.983839e+01  6.663161e-02 
 2.983878e+01  6.635488e-02 
 2.983918e+01  6.603689e-02 
 2.983958e+01  6.567699e-02 
 2.983998e+01  6.528045e-02 
 2.984038e+01  6.485695e-02 
 2.984077e+01  6.441171e-02 
 2.984117e+01  6.394500e-02 
 2.984157e+01  6.344448e-02 
 2.984197e+01  6.292556e-02 
 2.984236e+01  6.237293e-02 
 2.984276e+01  6.181589e-02 
 2.984316e+01  6.122918e-02 
 2.984356e+01  6.062364e-02 
 2.984395e+01  5.999797e-02 
 2.984435e+01  5.932267e-02 
 2.984475e+01  5.864196e-02 
 2.984515e+01  5.791464e-02 
 2.984555e+01  5.717848e-02 
 2.984594e+01  5.641470e-02 
 2.984634e+01  5.561989e-02 
 2.984674e+01  5.480220e-02 
 2.984714e+01  5.396899e-02 
 2.984753e+01  5.311735e-02 
 2.984793e+01  5.226301e-02 
 2.984833e+01  5.138919e-02 
 2.984873e+01  5.047599e-02 
 2.984912e+01  4.954146e-02 
 2.984952e+01  4.858315e-02 
 2.984992e+01  4.761076e-02 
 2.985032e+01  4.661847e-02 
 2.985072e+01  4.562657e-02 
 2.985111e+01  4.460582e-02 
 2.985151e+01  4.357225e-02 
 2.985191e+01  4.253269e-02 
 2.985231e+01  4.148891e-02 
 2.985270e+01  4.042987e-02 
 2.985310e+01  3.936380e-02 
 2.985350e+01  3.828726e-02 
 2.985390e+01  3.718334e-02 
 2.985429e+01  3.606169e-02 
 2.985469e+01  3.492669e-02 
 2.985509e+01  3.379165e-02 
 2.985549e+01  3.263623e-02 
 2.985589e+01  3.146260e-02 
 2.985628e+01  3.028132e-02 
 2.985668e+01  2.908658e-02 
 2.985708e+01  2.788186e-02 
 2.985748e+01  2.667792e-02 
 2.985787e+01  2.548134e-02 
 2.985827e+01  2.425580e-02 
 2.985867e+01  2.302167e-02 
 2.985907e+01  2.178065e-02 
 2.985946e+01  2.051969e-02 
 2.985986e+01  1.926865e-02 
 2.986026e+01  1.801135e-02 
 2.986066e+01  1.674650e-02 
 2.986106e+01  1.546974e-02 
 2.986145e+01  1.419303e-02 
 2.986185e+01  1.292230e-02 
 2.986225e+01  1.165958e-02 
 2.986265e+01  1.041266e-02 
 2.986304e+01  9.176132e-03 
 2.986344e+01  7.932649e-03 
 2.986384e+01  6.691936e-03 
 2.986424e+01  5.455615e-03 
 2.986464e+01  4.237720e-03 
 2.986503e+01  3.024697e-03 
 2.986543e+01  1.819895e-03 
 2.986583e+01  6.077013e-04 
 2.986623e+01 -5.913272e-04 
 2.986662e+01 -1.772696e-03 
 2.986702e+01 -2.920650e-03 
 2.986742e+01 -4.040855e-03 
 2.986782e+01 -5.155058e-03 
 2.986821e+01 -6.251005e-03 
 2.986861e+01 -7.336380e-03 
 2.986901e+01 -8.392722e-03 
 2.986941e+01 -9.433287e-03 
 2.986981e+01 -1.045279e-02 
 2.987020e+01 -1.144790e-02 
 2.987060e+01 -1.242800e-02 
 2.987100e+01 -1.338465e-02 
 2.987140e+01 -1.430955e-02 
 2.987179e+01 -1.519631e-02 
 2.987219e+01 -1.605136e-02 
 2.987259e+01 -1.688470e-02 
 2.987299e+01 -1.768100e-02 
 2.987338e+01 -1.846716e-02 
 2.987378e+01 -1.922593e-02 
 2.987418e+01 -1.995280e-02 
 2.987458e+01 -2.065791e-02 
 2.987498e+01 -2.134813e-02 
 2.987537e+01 -2.201353e-02 
 2.987577e+01 -2.265776e-02 
 2.987617e+01 -2.327660e-02 
 2.987657e+01 -2.385048e-02 
 2.987696e+01 -2.438347e-02 
 2.987736e+01 -2.488814e-02 
 2.987776e+01 -2.537291e-02 
 2.987816e+01 -2.583181e-02 
 2.987855e+01 -2.626632e-02 
 2.987895e+01 -2.666977e-02 
 2.987935e+01 -2.705322e-02 
 2.987975e+01 -2.741557e-02 
 2.988015e+01 -2.775735e-02 
 2.988054e+01 -2.807468e-02 
 2.988094e+01 -2.836278e-02 
 2.988134e+01 -2.860808e-02 
 2.988174e+01 -2.881978e-02 
 2.988213e+01 -2.899127e-02 
 2.988253e+01 -2.913352e-02 
 2.988293e+01 -2.924475e-02 
 2.988333e+01 -2.934291e-02 
 2.988372e+01 -2.939637e-02 
 2.988412e+01 -2.942990e-02 
 2.988452e+01 -2.945284e-02 
 2.988492e+01 -2.945580e-02 
 2.988532e+01 -2.943070e-02 
 2.988571e+01 -2.936994e-02 
 2.988611e+01 -2.927421e-02 
 2.988651e+01 -2.913136e-02 
 2.988691e+01 -2.895818e-02 
 2.988730e+01 -2.876577e-02 
 2.988770e+01 -2.853389e-02 
 2.988810e+01 -2.827910e-02 
 2.988850e+01 -2.800798e-02 
 2.988889e+01 -2.770494e-02 
 2.988929e+01 -2.737948e-02 
 2.988969e+01 -2.703367e-02 
 2.989009e+01 -2.666917e-02 
 2.989049e+01 -2.626513e-02 
 2.989088e+01 -2.581031e-02 
 2.989128e+01 -2.532902e-02 
 2.989168e+01 -2.480157e-02 
 2.989208e+01 -2.424688e-02 
 2.989247e+01 -2.365838e-02 
 2.989287e+01 -2.305162e-02 
 2.989327e+01 -2.241513e-02 
 2.989367e+01 -2.177074e-02 
 2.989406e+01 -2.109689e-02 
 2.989446e+01 -2.041281e-02 
 2.989486e+01 -1.970304e-02 
 2.989526e+01 -1.895869e-02 
 2.989566e+01 -1.816706e-02 
 2.989605e+01 -1.735020e-02 
 2.989645e+01 -1.649271e-02 
 2.989685e+01 -1.561551e-02 
 2.989725e+01 -1.470828e-02 
 2.989764e+01 -1.378169e-02 
 2.989804e+01 -1.283204e-02 
 2.989844e+01 -1.186699e-02 
 2.989884e+01 -1.089452e-02 
 2.989923e+01 -9.889988e-03 
 2.989963e+01 -8.873869e-03 
 2.990003e+01 -7.834356e-03 
 2.990043e+01 -6.766060e-03 
 2.990083e+01 -5.670258e-03 
 2.990122e+01 -4.545474e-03 
 2.990162e+01 -3.405768e-03 
 2.990202e+01 -2.249409e-03 
 2.990242e+01 -1.085395e-03 
 2.990281e+01  9.522314e-05 
 2.990321e+01  1.289121e-03 
 2.990361e+01  2.488239e-03 
 2.990401e+01  3.690799e-03 
 2.990440e+01  4.906982e-03 
 2.990480e+01  6.142838e-03 
 2.990520e+01  7.377635e-03 
 2.990560e+01  8.634127e-03 
 2.990600e+01  9.892866e-03 
 2.990639e+01  1.115302e-02 
 2.990679e+01  1.240890e-02 
 2.990719e+01  1.367060e-02 
 2.990759e+01  1.491892e-02 
 2.990798e+01  1.617644e-02 
 2.990838e+01  1.742043e-02 
 2.990878e+01  1.865645e-02 
 2.990918e+01  1.988913e-02 
 2.990957e+01  2.111957e-02 
 2.990997e+01  2.235496e-02 
 2.991037e+01  2.359306e-02 
 2.991077e+01  2.483062e-02 
 2.991117e+01  2.605550e-02 
 2.991156e+01  2.727261e-02 
 2.991196e+01  2.848570e-02 
 2.991236e+01  2.968586e-02 
 2.991276e+01  3.086643e-02 
 2.991315e+01  3.204475e-02 
 2.991355e+01  3.319238e-02 
 2.991395e+01  3.431625e-02 
 2.991435e+01  3.543298e-02 
 2.991474e+01  3.655901e-02 
 2.991514e+01  3.766839e-02 
 2.991554e+01  3.875497e-02 
 2.991594e+01  3.984084e-02 
 2.991634e+01  4.090939e-02 
 2.991673e+01  4.196616e-02 
 2.991713e+01  4.301121e-02 
 2.991753e+01  4.403839e-02 
 2.991793e+01  4.503791e-02 
 2.991832e+01  4.602260e-02 
 2.991872e+01  4.698455e-02 
 2.991912e+01  4.794211e-02 
 2.991952e+01  4.888686e-02 
 2.991991e+01  4.983471e-02 
 2.992031e+01  5.076827e-02 
 2.992071e+01  5.168264e-02 
 2.992111e+01  5.257247e-02 
 2.992151e+01  5.345410e-02 
 2.992190e+01  5.431343e-02 
 2.992230e+01  5.514615e-02 
 2.992270e+01  5.595160e-02 
 2.992310e+01  5.673617e-02 
 2.992349e+01  5.748834e-02 
 2.992389e+01  5.821496e-02 
 2.992429e+01  5.894153e-02 
 2.992469e+01  5.964648e-02 
 2.992508e+01  6.032461e-02 
 2.992548e+01  6.098596e-02 
 2.992588e+01  6.162285e-02 
 2.992628e+01  6.222451e-02 
 2.992668e+01  6.280705e-02 
 2.992707e+01  6.336622e-02 
 2.992747e+01  6.387411e-02 
 2.992787e+01  6.434822e-02 
 2.992827e+01  6.480696e-02 
 2.992866e+01  6.523243e-02 
 2.992906e+01  6.562352e-02 
 2.992946e+01  6.600953e-02 
 2.992986e+01  6.635622e-02 
 2.993025e+01  6.666807e-02 
 2.993065e+01  6.696273e-02 
 2.993105e+01  6.721402e-02 
 2.993145e+01  6.743865e-02 
 2.993185e+01  6.762094e-02 
 2.993224e+01  6.777860e-02 
 2.993264e+01  6.787637e-02 
 2.993304e+01  6.794080e-02 
 2.993344e+01  6.798334e-02 
 2.993383e+01  6.797701e-02 
 2.993423e+01  6.794090e-02 
 2.993463e+01  6.787111e-02 
 2.993503e+01  6.777125e-02 
 2.993542e+01  6.763463e-02 
 2.993582e+01  6.747583e-02 
 2.993622e+01  6.728110e-02 
 2.993662e+01  6.705064e-02 
 2.993702e+01  6.677623e-02 
 2.993741e+01  6.647478e-02 
 2.993781e+01  6.612309e-02 
 2.993821e+01  6.575107e-02 
 2.993861e+01  6.536062e-02 
 2.993900e+01  6.494346e-02 
 2.993940e+01  6.448915e-02 
 2.993980e+01  6.401488e-02 
 2.994020e+01  6.350649e-02 
 2.994059e+01  6.297125e-02 
 2.994099e+01  6.241693e-02 
 2.994139e+01  6.182506e-02 
 2.994179e+01  6.119563e-02 
 2.994219e+01  6.052566e-02 
 2.994258e+01  5.983040e-02 
 2.994298e+01  5.910290e-02 
 2.994338e+01  5.836512e-02 
 2.994378e+01  5.759986e-02 
 2.994417e+01  5.681515e-02 
 2.994457e+01  5.599066e-02 
 2.994497e+01  5.515783e-02 
 2.994537e+01  5.430701e-02 
 2.994576e+01  5.344860e-02 
 2.994616e+01  5.254926e-02 
 2.994656e+01  5.163489e-02 
 2.994696e+01  5.069178e-02 
 2.994736e+01  4.972848e-02 
 2.994775e+01  4.874990e-02 
 2.994815e+01  4.777802e-02 
 2.994855e+01  4.677581e-02 
 2.994895e+01  4.575968e-02 
 2.994934e+01  4.473058e-02 
 2.994974e+01  4.368528e-02 
 2.995014e+01  4.261579e-02 
 2.995054e+01  4.155131e-02 
 2.995093e+01  4.047823e-02 
 2.995133e+01  3.937895e-02 
 2.995173e+01  3.826162e-02 
 2.995213e+01  3.713633e-02 
 2.995253e+01  3.599798e-02 
 2.995292e+01  3.483626e-02 
 2.995332e+01  3.368397e-02 
 2.995372e+01  3.250402e-02 
 2.995412e+01  3.132359e-02 
 2.995451e+01  3.013386e-02 
 2.995491e+01  2.894887e-02 
 2.995531e+01  2.776132e-02 
 2.995571e+01  2.657149e-02 
 2.995611e+01  2.538064e-02 
 2.995650e+01  2.417288e-02 
 2.995690e+01  2.295349e-02 
 2.995730e+01  2.174257e-02 
 2.995770e+01  2.052304e-02 
 2.995809e+01  1.930694e-02 
 2.995849e+01  1.810469e-02 
 2.995889e+01  1.689011e-02 
 2.995929e+01  1.568508e-02 
 2.995968e+01  1.447872e-02 
 2.996008e+01  1.329641e-02 
 2.996048e+01  1.210690e-02 
 2.996088e+01  1.092691e-02 
 2.996128e+01  9.736250e-03 
 2.996167e+01  8.529767e-03 
 2.996207e+01  7.320059e-03 
 2.996247e+01  6.125072e-03 
 2.996287e+01  4.929658e-03 
 2.996326e+01  3.751264e-03 
 2.996366e+01  2.572835e-03 
 2.996406e+01  1.403506e-03 
 2.996446e+01  2.560603e-04 
 2.996485e+01 -8.714120e-04 
 2.996525e+01 -1.982578e-03 
 2.996565e+01 -3.094792e-03 
 2.996605e+01 -4.203243e-03 
 2.996645e+01 -5.301706e-03 
 2.996684e+01 -6.397490e-03 
 2.996724e+01 -7.479205e-03 
 2.996764e+01 -8.526275e-03 
 2.996804e+01 -9.570895e-03 
 2.996843e+01 -1.060072e-02 
 2.996883e+01 -1.161893e-02 
 2.996923e+01 -1.261154e-02 
 2.996963e+01 -1.358692e-02 
 2.997002e+01 -1.452588e-02 
 2.997042e+01 -1.544260e-02 
 2.997082e+01 -1.635538e-02 
 2.997122e+01 -1.725634e-02 
 2.997162e+01 -1.811446e-02 
 2.997201e+01 -1.896603e-02 
 2.997241e+01 -1.977389e-02 
 2.997281e+01 -2.055656e-02 
 2.997321e+01 -2.131812e-02 
 2.997360e+01 -2.206127e-02 
 2.997400e+01 -2.276237e-02 
 2.997440e+01 -2.341623e-02 
 2.997480e+01 -2.404647e-02 
 2.997519e+01 -2.463941e-02 
 2.997559e+01 -2.520337e-02 
 2.997599e+01 -2.574909e-02 
 2.997639e+01 -2.625506e-02 
 2.997679e+01 -2.672044e-02 
 2.997718e+01 -2.715173e-02 
 2.997758e+01 -2.755212e-02 
 2.997798e+01 -2.792323e-02 
 2.997838e+01 -2.826017e-02 
 2.997877e+01 -2.856151e-02 
 2.997917e+01 -2.881558e-02 
 2.997957e+01 -2.903103e-02 
 2.997997e+01 -2.921390e-02 
 2.998036e+01 -2.936360e-02 
 2.998076e+01 -2.949293e-02 
 2.998116e+01 -2.959374e-02 
 2.998156e+01 -2.967280e-02 
 2.998196e+01 -2.971711e-02 
 2.998235e+01 -2.974534e-02 
 2.998275e+01 -2.973842e-02 
 2.998315e+01 -2.971259e-02 
 2.998355e+01 -2.963978e-02 
 2.998394e+01 -2.953374e-02 
 2.998434e+01 -2.938871e-02 
 2.998474e+01 -2.921256e-02 
 2.998514e+01 -2.902031e-02 
 2.998553e+01 -2.879909e-02 
 2.998593e+01 -2.855555e-02 
 2.998633e+01 -2.828939e-02 
 2.998673e+01 -2.799323e-02 
 2.998713e+01 -2.766494e-02 
 2.998752e+01 -2.731527e-02 
 2.998792e+01 -2.694024e-02 
 2.998832e+01 -2.654237e-02 
 2.998872e+01 -2.608808e-02 
 2.998911e+01 -2.561060e-02 
 2.998951e+01 -2.510674e-02 
 2.998991e+01 -2.457377e-02 
 2.999031e+01 -2.401911e-02 
 2.999070e+01 -2.345388e-02 
 2.999110e+01 -2.286396e-02 
 2.999150e+01 -2.224114e-02 
 2.999190e+01 -2.161592e-02 
 2.999230e+01 -2.095621e-02 
 2.999269e+01 -2.025623e-02 
 2.999309e+01 -1.953477e-02 
 2.999349e+01 -1.877335e-02 
 2.999389e+01 -1.797157e-02 
 2.999428e+01 -1.715571e-02 
 2.999468e+01 -1.632486e-02 
 2.999508e+01 -1.546796e-02 
 2.999548e+01 -1.459127e-02 
 2.999587e+01 -1.371004e-02 
 2.999627e+01 -1.280610e-02 
 2.999667e+01 -1.187685e-02 
 2.999707e+01 -1.094607e-02 
 2.999747e+01 -9.983755e-03 
 2.999786e+01 -8.993799e-03 
 2.999826e+01 -7.979906e-03 
 2.999866e+01 -6.942611e-03 
 2.999906e+01 -5.874002e-03 
 2.999945e+01 -4.788093e-03 
 2.999985e+01 -3.704900e-03 
 3.000025e+01 -2.607175e-03 
 3.000065e+01 -1.504514e-03 
 3.000104e+01 -4.017468e-04 
 3.000144e+01  7.150142e-04 
 3.000184e+01  1.827790e-03 
 3.000224e+01  2.975290e-03 
 3.000264e+01  4.141910e-03 
 3.000303e+01  5.332579e-03 
 3.000343e+01  6.538435e-03 
 3.000383e+01  7.760927e-03 
 3.000423e+01  8.987548e-03 
 3.000462e+01  1.021890e-02 
 3.000502e+01  1.145018e-02 
 3.000542e+01  1.268727e-02 
 3.000582e+01  1.393193e-02 
 3.000621e+01  1.517879e-02 
 3.000661e+01  1.642883e-02 
 3.000701e+01  1.768034e-02 
 3.000741e+01  1.894584e-02 
 3.000781e+01  2.023059e-02 
 3.000820e+01  2.152807e-02 
 3.000860e+01  2.282180e-02 
 3.000900e+01  2.411822e-02 
 3.000940e+01  2.540636e-02 
 3.000979e+01  2.666414e-02 
 3.001019e+01  2.791648e-02 
 3.001059e+01  2.916042e-02 
 3.001099e+01  3.039472e-02 
 3.001138e+01  3.160288e-02 
 3.001178e+01  3.281873e-02 
 3.001218e+01  3.402491e-02 
 3.001258e+01  3.523845e-02 
 3.001298e+01  3.643787e-02 
 3.001337e+01  3.762958e-02 
 3.001377e+01  3.880217e-02 
 3.001417e+01  3.993703e-02 
 3.001457e+01  4.106213e-02 
 3.001496e+01  4.217162e-02 
 3.001536e+01  4.324778e-02 
 3.001576e+01  4.431324e-02 
 3.001616e+01  4.535367e-02 
 3.001655e+01  4.636966e-02 
 3.001695e+01  4.735333e-02 
 3.001735e+01  4.834209e-02 
 3.001775e+01  4.931121e-02 
 3.001815e+01  5.025699e-02 
 3.001854e+01  5.117980e-02 
 3.001894e+01  5.206142e-02 
 3.001934e+01  5.291727e-02 
 3.001974e+01  5.375575e-02 
 3.002013e+01  5.456319e-02 
 3.002053e+01  5.533540e-02 
 3.002093e+01  5.608598e-02 
 3.002133e+01  5.681469e-02 
 3.002172e+01  5.752841e-02 
 3.002212e+01  5.821952e-02 
 3.002252e+01  5.890034e-02 
 3.002292e+01  5.955814e-02 
 3.002332e+01  6.018755e-02 
 3.002371e+01  6.079001e-02 
 3.002411e+01  6.137201e-02 
 3.002451e+01  6.194273e-02 
 3.002491e+01  6.248063e-02 
 3.002530e+01  6.298799e-02 
 3.002570e+01  6.346504e-02 
 3.002610e+01  6.391529e-02 
 3.002650e+01  6.434961e-02 
 3.002689e+01  6.476552e-02 
 3.002729e+01  6.516121e-02 
 3.002769e+01  6.552866e-02 
 3.002809e+01  6.587502e-02 
 3.002849e+01  6.619210e-02 
 3.002888e+01  6.647311e-02 
 3.002928e+01  6.672164e-02 
 3.002968e+01  6.693768e-02 
 3.003008e+01  6.710168e-02 
 3.003047e+01  6.723513e-02 
 3.003087e+01  6.733164e-02 
 3.003127e+01  6.741599e-02 
 3.003167e+01  6.747482e-02 
 3.003206e+01  6.752596e-02 
 3.003246e+01  6.752645e-02 
 3.003286e+01  6.751445e-02 
 3.003326e+01  6.746887e-02 
 3.003366e+01  6.739029e-02 
 3.003405e+01  6.727390e-02 
 3.003445e+01  6.713484e-02 
 3.003485e+01  6.694972e-02 
 3.003525e+01  6.671494e-02 
 3.003564e+01  6.646294e-02 
 3.003604e+01  6.616628e-02 
 3.003644e+01  6.584691e-02 
 3.003684e+01  6.551224e-02 
 3.003723e+01  6.514362e-02 
 3.003763e+01  6.472877e-02 
 3.003803e+01  6.427988e-02 
 3.003843e+01  6.381959e-02 
 3.003883e+01  6.331014e-02 
 3.003922e+01  6.276156e-02 
 3.003962e+01  6.219043e-02 
 3.004002e+01  6.157440e-02 
 3.004042e+01  6.092733e-02 
 3.004081e+01  6.027474e-02 
 3.004121e+01  5.959074e-02 
 3.004161e+01  5.888308e-02 
 3.004201e+01  5.815075e-02 
 3.004240e+01  5.739129e-02 
 3.004280e+01  5.659209e-02 
 3.004320e+01  5.577202e-02 
 3.004360e+01  5.494565e-02 
 3.004400e+01  5.408657e-02 
 3.004439e+01  5.319121e-02 
 3.004479e+01  5.228037e-02 
 3.004519e+01  5.133812e-02 
 3.004559e+01  5.037614e-02 
 3.004598e+01  4.938494e-02 
 3.004638e+01  4.838772e-02 
 3.004678e+01  4.736895e-02 
 3.004718e+01  4.632817e-02 
 3.004758e+01  4.526513e-02 
 3.004797e+01  4.419174e-02 
 3.004837e+01  4.309741e-02 
 3.004877e+01  4.199717e-02 
 3.004917e+01  4.087127e-02 
 3.004956e+01  3.971850e-02 
 3.004996e+01  3.855564e-02 
 3.005036e+01  3.738581e-02 
 3.005076e+01  3.620662e-02 
 3.005115e+01  3.502011e-02 
 3.005155e+01  3.383717e-02 
 3.005195e+01  3.264534e-02 
 3.005235e+01  3.143424e-02 
 3.005275e+01  3.023774e-02 
 3.005314e+01  2.904349e-02 
 3.005354e+01  2.784873e-02 
 3.005394e+01  2.664738e-02 
 3.005434e+01  2.544958e-02 
 3.005473e+01  2.421668e-02 
 3.005513e+01  2.299206e-02 
 3.005553e+01  2.177862e-02 
 3.005593e+01  2.056794e-02 
 3.005632e+01  1.935283e-02 
 3.005672e+01  1.813753e-02 
 3.005712e+01  1.692644e-02 
 3.005752e+01  1.570865e-02 
 3.005792e+01  1.450738e-02 
 3.005831e+01  1.330302e-02 
 3.005871e+01  1.209942e-02 
 3.005911e+01  1.089249e-02 
 3.005951e+01  9.696643e-03 
 3.005990e+01  8.488601e-03 
 3.006030e+01  7.316235e-03 
 3.006070e+01  6.155950e-03 
 3.006110e+01  4.993983e-03 
 3.006149e+01  3.832545e-03 
 3.006189e+01  2.688378e-03 
 3.006229e+01  1.559637e-03 
 3.006269e+01  4.401484e-04 
 3.006309e+01 -6.580191e-04 
 3.006348e+01 -1.750504e-03 
 3.006388e+01 -2.841788e-03 
 3.006428e+01 -3.931045e-03 
 3.006468e+01 -5.005059e-03 
 3.006507e+01 -6.071878e-03 
 3.006547e+01 -7.119472e-03 
 3.006587e+01 -8.153672e-03 
 3.006627e+01 -9.170856e-03 
 3.006666e+01 -1.017561e-02 
 3.006706e+01 -1.116623e-02 
 3.006746e+01 -1.211554e-02 
 3.006786e+01 -1.305275e-02 
 3.006826e+01 -1.398548e-02 
 3.006865e+01 -1.489992e-02 
 3.006905e+01 -1.579777e-02 
 3.006945e+01 -1.668074e-02 
 3.006985e+01 -1.754467e-02 
 3.007024e+01 -1.838488e-02 
 3.007064e+01 -1.919397e-02 
 3.007104e+01 -1.998820e-02 
 3.007144e+01 -2.074414e-02 
 3.007183e+01 -2.147805e-02 
 3.007223e+01 -2.217027e-02 
 3.007263e+01 -2.282068e-02 
 3.007303e+01 -2.346171e-02 
 3.007343e+01 -2.408986e-02 
 3.007382e+01 -2.468837e-02 
 3.007422e+01 -2.527462e-02 
 3.007462e+01 -2.582840e-02 
 3.007502e+01 -2.635141e-02 
 3.007541e+01 -2.683063e-02 
 3.007581e+01 -2.728790e-02 
 3.007621e+01 -2.770257e-02 
 3.007661e+01 -2.807797e-02 
 3.007700e+01 -2.842661e-02 
 3.007740e+01 -2.874661e-02 
 3.007780e+01 -2.901741e-02 
 3.007820e+01 -2.928473e-02 
 3.007860e+01 -2.952484e-02 
 3.007899e+01 -2.973473e-02 
 3.007939e+01 -2.989952e-02 
 3.007979e+01 -3.003224e-02 
 3.008019e+01 -3.011922e-02 
 3.008058e+01 -3.017604e-02 
 3.008098e+01 -3.020395e-02 
 3.008138e+01 -3.018140e-02 
 3.008178e+01 -3.012374e-02 
 3.008217e+01 -3.003000e-02 
 3.008257e+01 -2.989426e-02 
 3.008297e+01 -2.972559e-02 
 3.008337e+01 -2.954576e-02 
 3.008377e+01 -2.933943e-02 
 3.008416e+01 -2.908347e-02 
 3.008456e+01 -2.879960e-02 
 3.008496e+01 -2.848719e-02 
 3.008536e+01 -2.813855e-02 
 3.008575e+01 -2.776259e-02 
 3.008615e+01 -2.735603e-02 
 3.008655e+01 -2.691297e-02 
 3.008695e+01 -2.642879e-02 
 3.008734e+01 -2.592785e-02 
 3.008774e+01 -2.539276e-02 
 3.008814e+01 -2.483299e-02 
 3.008854e+01 -2.425993e-02 
 3.008894e+01 -2.364898e-02 
 3.008933e+01 -2.302289e-02 
 3.008973e+01 -2.236794e-02 
 3.009013e+01 -2.169011e-02 
 3.009053e+01 -2.099775e-02 
 3.009092e+01 -2.026749e-02 
 3.009132e+01 -1.951192e-02 
 3.009172e+01 -1.871566e-02 
 3.009212e+01 -1.790411e-02 
 3.009251e+01 -1.707759e-02 
 3.009291e+01 -1.623005e-02 
 3.009331e+01 -1.537589e-02 
 3.009371e+01 -1.450735e-02 
 3.009411e+01 -1.362033e-02 
 3.009450e+01 -1.271810e-02 
 3.009490e+01 -1.178840e-02 
 3.009530e+01 -1.084430e-02 
 3.009570e+01 -9.881222e-03 
 3.009609e+01 -8.891108e-03 
 3.009649e+01 -7.877065e-03 
 3.009689e+01 -6.852655e-03 
 3.009729e+01 -5.821643e-03 
 3.009768e+01 -4.782403e-03 
 3.009808e+01 -3.737648e-03 
 3.009848e+01 -2.679109e-03 
 3.009888e+01 -1.607520e-03 
 3.009928e+01 -5.258270e-04 
 3.009967e+01  5.723264e-04 
 3.010007e+01  1.694690e-03 
 3.010047e+01  2.835030e-03 
 3.010087e+01  3.997419e-03 
 3.010126e+01  5.187519e-03 
 3.010166e+01  6.379921e-03 
 3.010206e+01  7.571519e-03 
 3.010246e+01  8.774417e-03 
 3.010285e+01  9.967349e-03 
 3.010325e+01  1.117410e-02 
 3.010365e+01  1.237858e-02 
 3.010405e+01  1.359267e-02 
 3.010445e+01  1.481063e-02 
 3.010484e+01  1.603644e-02 
 3.010524e+01  1.727331e-02 
 3.010564e+01  1.852355e-02 
 3.010604e+01  1.976837e-02 
 3.010643e+01  2.102270e-02 
 3.010683e+01  2.226972e-02 
 3.010723e+01  2.350782e-02 
 3.010763e+01  2.474258e-02 
 3.010802e+01  2.597688e-02 
 3.010842e+01  2.720239e-02 
 3.010882e+01  2.842111e-02 
 3.010922e+01  2.964418e-02 
 3.010962e+01  3.086224e-02 
 3.011001e+01  3.208124e-02 
 3.011041e+01  3.330504e-02 
 3.011081e+01  3.452299e-02 
 3.011121e+01  3.572204e-02 
 3.011160e+01  3.691326e-02 
 3.011200e+01  3.809172e-02 
 3.011240e+01  3.924101e-02 
 3.011280e+01  4.038155e-02 
 3.011319e+01  4.150863e-02 
 3.011359e+01  4.261083e-02 
 3.011399e+01  4.369982e-02 
 3.011439e+01  4.478582e-02 
 3.011479e+01  4.585750e-02 
 3.011518e+01  4.690909e-02 
 3.011558e+01  4.795690e-02 
 3.011598e+01  4.898079e-02 
 3.011638e+01  4.997017e-02 
 3.011677e+01  5.093322e-02 
 3.011717e+01  5.187342e-02 
 3.011757e+01  5.278457e-02 
 3.011797e+01  5.366615e-02 
 3.011836e+01  5.452944e-02 
 3.011876e+01  5.536313e-02 
 3.011916e+01  5.617429e-02 
 3.011956e+01  5.697016e-02 
 3.011996e+01  5.775341e-02 
 3.012035e+01  5.849397e-02 
 3.012075e+01  5.922051e-02 
 3.012115e+01  5.990962e-02 
 3.012155e+01  6.055212e-02 
 3.012194e+01  6.117106e-02 
 3.012234e+01  6.176787e-02 
 3.012274e+01  6.231919e-02 
 3.012314e+01  6.283859e-02 
 3.012353e+01  6.333692e-02 
 3.012393e+01  6.379452e-02 
 3.012433e+01  6.422749e-02 
 3.012473e+01  6.463206e-02 
 3.012513e+01  6.501697e-02 
 3.012552e+01  6.535639e-02 
 3.012592e+01  6.566272e-02 
 3.012632e+01  6.594485e-02 
 3.012672e+01  6.618638e-02 
 3.012711e+01  6.640382e-02 
 3.012751e+01  6.660353e-02 
 3.012791e+01  6.678694e-02 
 3.012831e+01  6.692089e-02 
 3.012870e+01  6.705130e-02 
 3.012910e+01  6.714886e-02 
 3.012950e+01  6.723007e-02 
 3.012990e+01  6.727974e-02 
 3.013030e+01  6.731701e-02 
 3.013069e+01  6.730583e-02 
 3.013109e+01  6.726640e-02 
 3.013149e+01  6.719114e-02 
 3.013189e+01  6.709853e-02 
 3.013228e+01  6.696520e-02 
 3.013268e+01  6.681004e-02 
 3.013308e+01  6.662873e-02 
 3.013348e+01  6.639707e-02 
 3.013387e+01  6.614771e-02 
 3.013427e+01  6.588134e-02 
 3.013467e+01  6.558902e-02 
 3.013507e+01  6.526363e-02 
 3.013547e+01  6.490430e-02 
 3.013586e+01  6.450828e-02 
 3.013626e+01  6.407244e-02 
 3.013666e+01  6.362324e-02 
 3.013706e+01  6.315092e-02 
 3.013745e+01  6.263356e-02 
 3.013785e+01  6.208491e-02 
 3.013825e+01  6.151887e-02 
 3.013865e+01  6.091546e-02 
 3.013905e+01  6.029545e-02 
 3.013944e+01  5.966263e-02 
 3.013984e+01  5.899980e-02 
 3.014024e+01  5.829001e-02 
 3.014064e+01  5.755865e-02 
 3.014103e+01  5.679382e-02 
 3.014143e+01  5.600325e-02 
 3.014183e+01  5.519057e-02 
 3.014223e+01  5.434559e-02 
 3.014262e+01  5.346735e-02 
 3.014302e+01  5.256527e-02 
 3.014342e+01  5.164696e-02 
 3.014382e+01  5.071750e-02 
 3.014422e+01  4.976265e-02 
 3.014461e+01  4.880433e-02 
 3.014501e+01  4.781353e-02 
 3.014541e+01  4.679039e-02 
 3.014581e+01  4.575853e-02 
 3.014620e+01  4.471119e-02 
 3.014660e+01  4.363918e-02 
 3.014700e+01  4.255478e-02 
 3.014740e+01  4.145029e-02 
 3.014779e+01  4.032380e-02 
 3.014819e+01  3.919739e-02 
 3.014859e+01  3.807447e-02 
 3.014899e+01  3.693311e-02 
 3.014939e+01  3.577425e-02 
 3.014978e+01  3.461594e-02 
 3.015018e+01  3.343115e-02 
 3.015058e+01  3.222874e-02 
 3.015098e+01  3.102408e-02 
 3.015137e+01  2.980416e-02 
 3.015177e+01  2.856664e-02 
 3.015217e+01  2.732427e-02 
 3.015257e+01  2.606932e-02 
 3.015296e+01  2.480402e-02 
 3.015336e+01  2.354089e-02 
 3.015376e+01  2.228998e-02 
 3.015416e+01  2.102195e-02 
 3.015456e+01  1.975419e-02 
 3.015495e+01  1.849096e-02 
 3.015535e+01  1.722602e-02 
 3.015575e+01  1.596311e-02 
 3.015615e+01  1.471066e-02 
 3.015654e+01  1.346031e-02 
 3.015694e+01  1.221611e-02 
 3.015734e+01  1.097421e-02 
 3.015774e+01  9.746606e-03 
 3.015813e+01  8.534287e-03 
 3.015853e+01  7.322770e-03 
 3.015893e+01  6.134180e-03 
 3.015933e+01  4.946999e-03 
 3.015973e+01  3.768784e-03 
 3.016012e+01  2.605069e-03 
 3.016052e+01  1.466616e-03 
 3.016092e+01  3.491469e-04 
 3.016132e+01 -7.781879e-04 
 3.016171e+01 -1.879725e-03 
 3.016211e+01 -2.971611e-03 
 3.016251e+01 -4.063665e-03 
 3.016291e+01 -5.128975e-03 
 3.016330e+01 -6.159376e-03 
 3.016370e+01 -7.187550e-03 
 3.016410e+01 -8.185535e-03 
 3.016450e+01 -9.180796e-03 
 3.016490e+01 -1.014698e-02 
 3.016529e+01 -1.110273e-02 
 3.016569e+01 -1.201557e-02 
 3.016609e+01 -1.292827e-02 
 3.016649e+01 -1.383192e-02 
 3.016688e+01 -1.472283e-02 
 3.016728e+01 -1.558135e-02 
 3.016768e+01 -1.642764e-02 
 3.016808e+01 -1.725247e-02 
 3.016847e+01 -1.803377e-02 
 3.016887e+01 -1.880864e-02 
 3.016927e+01 -1.956513e-02 
 3.016967e+01 -2.029608e-02 
 3.017007e+01 -2.098795e-02 
 3.017046e+01 -2.167660e-02 
 3.017086e+01 -2.233324e-02 
 3.017126e+01 -2.297954e-02 
 3.017166e+01 -2.362451e-02 
 3.017205e+01 -2.424423e-02 
 3.017245e+01 -2.482353e-02 
 3.017285e+01 -2.537764e-02 
 3.017325e+01 -2.589874e-02 
 3.017364e+01 -2.638195e-02 
 3.017404e+01 -2.685381e-02 
 3.017444e+01 -2.728737e-02 
 3.017484e+01 -2.768747e-02 
 3.017524e+01 -2.805775e-02 
 3.017563e+01 -2.839876e-02 
 3.017603e+01 -2.869660e-02 
 3.017643e+01 -2.898373e-02 
 3.017683e+01 -2.924416e-02 
 3.017722e+01 -2.946272e-02 
 3.017762e+01 -2.963414e-02 
 3.017802e+01 -2.978191e-02 
 3.017842e+01 -2.989366e-02 
 3.017881e+01 -2.996713e-02 
 3.017921e+01 -3.001418e-02 
 3.017961e+01 -3.002558e-02 
 3.018001e+01 -2.999699e-02 
 3.018041e+01 -2.993661e-02 
 3.018080e+01 -2.985317e-02 
 3.018120e+01 -2.975425e-02 
 3.018160e+01 -2.961890e-02 
 3.018200e+01 -2.945460e-02 
 3.018239e+01 -2.924506e-02 
 3.018279e+01 -2.899162e-02 
 3.018319e+01 -2.871215e-02 
 3.018359e+01 -2.840838e-02 
 3.018398e+01 -2.805533e-02 
 3.018438e+01 -2.767388e-02 
 3.018478e+01 -2.725820e-02 
 3.018518e+01 -2.681263e-02 
 3.018558e+01 -2.634101e-02 
 3.018597e+01 -2.585521e-02 
 3.018637e+01 -2.533847e-02 
 3.018677e+01 -2.479473e-02 
 3.018717e+01 -2.422153e-02 
 3.018756e+01 -2.360753e-02 
 3.018796e+01 -2.296320e-02 
 3.018836e+01 -2.228506e-02 
 3.018876e+01 -2.157791e-02 
 3.018915e+01 -2.083143e-02 
 3.018955e+01 -2.005653e-02 
 3.018995e+01 -1.925882e-02 
 3.019035e+01 -1.844751e-02 
 3.019075e+01 -1.762673e-02 
 3.019114e+01 -1.678381e-02 
 3.019154e+01 -1.591523e-02 
 3.019194e+01 -1.502804e-02 
 3.019234e+01 -1.409938e-02 
 3.019273e+01 -1.316429e-02 
 3.019313e+01 -1.219488e-02 
 3.019353e+01 -1.122053e-02 
 3.019393e+01 -1.020732e-02 
 3.019432e+01 -9.190349e-03 
 3.019472e+01 -8.148328e-03 
 3.019512e+01 -7.087726e-03 
 3.019552e+01 -6.034397e-03 
 3.019592e+01 -4.957961e-03 
 3.019631e+01 -3.858829e-03 
 3.019671e+01 -2.753513e-03 
 3.019711e+01 -1.632312e-03 
 3.019751e+01 -4.992557e-04 
 3.019790e+01  6.448342e-04 
 3.019830e+01  1.801327e-03 
 3.019870e+01  2.966820e-03 
 3.019910e+01  4.138858e-03 
 3.019949e+01  5.321505e-03 
 3.019989e+01  6.501209e-03 
 3.020029e+01  7.672389e-03 
 3.020069e+01  8.836375e-03 
 3.020109e+01  1.002385e-02 
 3.020148e+01  1.121046e-02 
 3.020188e+01  1.239441e-02 
 3.020228e+01  1.358092e-02 
 3.020268e+01  1.478432e-02 
 3.020307e+01  1.599277e-02 
 3.020347e+01  1.719098e-02 
 3.020387e+01  1.841543e-02 
 3.020427e+01  1.962843e-02 
 3.020466e+01  2.083554e-02 
 3.020506e+01  2.204765e-02 
 3.020546e+01  2.325544e-02 
 3.020586e+01  2.444624e-02 
 3.020626e+01  2.564901e-02 
 3.020665e+01  2.684816e-02 
 3.020705e+01  2.803285e-02 
 3.020745e+01  2.923228e-02 
 3.020785e+01  3.043376e-02 
 3.020824e+01  3.163134e-02 
 3.020864e+01  3.283099e-02 
 3.020904e+01  3.402802e-02 
 3.020944e+01  3.518953e-02 
 3.020983e+01  3.633295e-02 
 3.021023e+01  3.747926e-02 
 3.021063e+01  3.860174e-02 
 3.021103e+01  3.970713e-02 
 3.021143e+01  4.081819e-02 
 3.021182e+01  4.193127e-02 
 3.021222e+01  4.301656e-02 
 3.021262e+01  4.411286e-02 
 3.021302e+01  4.519394e-02 
 3.021341e+01  4.625655e-02 
 3.021381e+01  4.729959e-02 
 3.021421e+01  4.832419e-02 
 3.021461e+01  4.931653e-02 
 3.021500e+01  5.028938e-02 
 3.021540e+01  5.125362e-02 
 3.021580e+01  5.218389e-02 
 3.021620e+01  5.310030e-02 
 3.021660e+01  5.400676e-02 
 3.021699e+01  5.489069e-02 
 3.021739e+01  5.575339e-02 
 3.021779e+01  5.660653e-02 
 3.021819e+01  5.743408e-02 
 3.021858e+01  5.822036e-02 
 3.021898e+01  5.896584e-02 
 3.021938e+01  5.967925e-02 
 3.021978e+01  6.035556e-02 
 3.022017e+01  6.100852e-02 
 3.022057e+01  6.163688e-02 
 3.022097e+01  6.222705e-02 
 3.022137e+01  6.279562e-02 
 3.022177e+01  6.333787e-02 
 3.022216e+01  6.385447e-02 
 3.022256e+01  6.433924e-02 
 3.022296e+01  6.479563e-02 
 3.022336e+01  6.521568e-02 
 3.022375e+01  6.560414e-02 
 3.022415e+01  6.595914e-02 
 3.022455e+01  6.627236e-02 
 3.022495e+01  6.656195e-02 
 3.022534e+01  6.681259e-02 
 3.022574e+01  6.703373e-02 
 3.022614e+01  6.722085e-02 
 3.022654e+01  6.736523e-02 
 3.022694e+01  6.748492e-02 
 3.022733e+01  6.758191e-02 
 3.022773e+01  6.765308e-02 
 3.022813e+01  6.767962e-02 
 3.022853e+01  6.767044e-02 
 3.022892e+01  6.761548e-02 
 3.022932e+01  6.753244e-02 
 3.022972e+01  6.741461e-02 
 3.023012e+01  6.728103e-02 
 3.023051e+01  6.711177e-02 
 3.023091e+01  6.690727e-02 
 3.023131e+01  6.668502e-02 
 3.023171e+01  6.642692e-02 
 3.023211e+01  6.615766e-02 
 3.023250e+01  6.586018e-02 
 3.023290e+01  6.554616e-02 
 3.023330e+01  6.519142e-02 
 3.023370e+01  6.480191e-02 
 3.023409e+01  6.440141e-02 
 3.023449e+01  6.396442e-02 
 3.023489e+01  6.350574e-02 
 3.023529e+01  6.302176e-02 
 3.023569e+01  6.251581e-02 
 3.023608e+01  6.197104e-02 
 3.023648e+01  6.140889e-02 
 3.023688e+01  6.083956e-02 
 3.023728e+01  6.023255e-02 
 3.023767e+01  5.960585e-02 
 3.023807e+01  5.894854e-02 
 3.023847e+01  5.824534e-02 
 3.023887e+01  5.751874e-02 
 3.023926e+01  5.678247e-02 
 3.023966e+01  5.601208e-02 
 3.024006e+01  5.521773e-02 
 3.024046e+01  5.441085e-02 
 3.024086e+01  5.357191e-02 
 3.024125e+01  5.269892e-02 
 3.024165e+01  5.182014e-02 
 3.024205e+01  5.091794e-02 
 3.024245e+01  4.999214e-02 
 3.024284e+01  4.904504e-02 
 3.024324e+01  4.808245e-02 
 3.024364e+01  4.709619e-02 
 3.024404e+01  4.608848e-02 
 3.024443e+01  4.508104e-02 
 3.024483e+01  4.404297e-02 
 3.024523e+01  4.297341e-02 
 3.024563e+01  4.188094e-02 
 3.024603e+01  4.077944e-02 
 3.024642e+01  3.965883e-02 
 3.024682e+01  3.852697e-02 
 3.024722e+01  3.738255e-02 
 3.024762e+01  3.620467e-02 
 3.024801e+01  3.501450e-02 
 3.024841e+01  3.382245e-02 
 3.024881e+01  3.261359e-02 
 3.024921e+01  3.139974e-02 
 3.024960e+01  3.018670e-02 
 3.025000e+01  2.895452e-02 
 3.025040e+01  2.770800e-02 
 3.025080e+01  2.646289e-02 
 3.025120e+01  2.522884e-02 
 3.025159e+01  2.398096e-02 
 3.025199e+01  2.274251e-02 
 3.025239e+01  2.150200e-02 
 3.025279e+01  2.025764e-02 
 3.025318e+01  1.901685e-02 
 3.025358e+01  1.778127e-02 
 3.025398e+01  1.653842e-02 
 3.025438e+01  1.530609e-02 
 3.025477e+01  1.405199e-02 
 3.025517e+01  1.280376e-02 
 3.025557e+01  1.155920e-02 
 3.025597e+01  1.033319e-02 
 3.025637e+01  9.119974e-03 
 3.025676e+01  7.907448e-03 
 3.025716e+01  6.704716e-03 
 3.025756e+01  5.496748e-03 
 3.025796e+01  4.310982e-03 
 3.025835e+01  3.129785e-03 
 3.025875e+01  1.959459e-03 
 3.025915e+01  8.048913e-04 
 3.025955e+01 -3.517357e-04 
 3.025994e+01 -1.501214e-03 
 3.026034e+01 -2.632729e-03 
 3.026074e+01 -3.751511e-03 
 3.026114e+01 -4.860185e-03 
 3.026154e+01 -5.938899e-03 
 3.026193e+01 -6.996163e-03 
 3.026233e+01 -8.048996e-03 
 3.026273e+01 -9.078527e-03 
 3.026313e+01 -1.007146e-02 
 3.026352e+01 -1.105461e-02 
 3.026392e+01 -1.201747e-02 
 3.026432e+01 -1.296398e-02 
 3.026472e+01 -1.389703e-02 
 3.026511e+01 -1.480928e-02 
 3.026551e+01 -1.568998e-02 
 3.026591e+01 -1.654736e-02 
 3.026631e+01 -1.738444e-02 
 3.026671e+01 -1.819201e-02 
 3.026710e+01 -1.898027e-02 
 3.026750e+01 -1.974684e-02 
 3.026790e+01 -2.048329e-02 
 3.026830e+01 -2.117479e-02 
 3.026869e+01 -2.184872e-02 
 3.026909e+01 -2.250347e-02 
 3.026949e+01 -2.312354e-02 
 3.026989e+01 -2.373134e-02 
 3.027028e+01 -2.430925e-02 
 3.027068e+01 -2.485041e-02 
 3.027108e+01 -2.535654e-02 
 3.027148e+01 -2.583558e-02 
 3.027188e+01 -2.627802e-02 
 3.027227e+01 -2.669152e-02 
 3.027267e+01 -2.707905e-02 
 3.027307e+01 -2.743471e-02 
 3.027347e+01 -2.775111e-02 
 3.027386e+01 -2.806259e-02 
 3.027426e+01 -2.835691e-02 
 3.027466e+01 -2.862008e-02 
 3.027506e+01 -2.886351e-02 
 3.027545e+01 -2.906518e-02 
 3.027585e+01 -2.923913e-02 
 3.027625e+01 -2.937728e-02 
 3.027665e+01 -2.950958e-02 
 3.027705e+01 -2.959596e-02 
 3.027744e+01 -2.965568e-02 
 3.027784e+01 -2.968993e-02 
 3.027824e+01 -2.968896e-02 
 3.027864e+01 -2.966627e-02 
 3.027903e+01 -2.962225e-02 
 3.027943e+01 -2.954920e-02 
 3.027983e+01 -2.945068e-02 
 3.028023e+01 -2.930625e-02 
 3.028062e+01 -2.912562e-02 
 3.028102e+01 -2.891272e-02 
 3.028142e+01 -2.866887e-02 
 3.028182e+01 -2.838958e-02 
 3.028222e+01 -2.807744e-02 
 3.028261e+01 -2.773245e-02 
 3.028301e+01 -2.735654e-02 
 3.028341e+01 -2.696274e-02 
 3.028381e+01 -2.653159e-02 
 3.028420e+01 -2.606303e-02 
 3.028460e+01 -2.556534e-02 
 3.028500e+01 -2.503350e-02 
 3.028540e+01 -2.445288e-02 
 3.028579e+01 -2.384747e-02 
 3.028619e+01 -2.321310e-02 
 3.028659e+01 -2.255787e-02 
 3.028699e+01 -2.186936e-02 
 3.028739e+01 -2.114477e-02 
 3.028778e+01 -2.040016e-02 
 3.028818e+01 -1.963330e-02 
 3.028858e+01 -1.883897e-02 
 3.028898e+01 -1.802340e-02 
 3.028937e+01 -1.718625e-02 
 3.028977e+01 -1.631319e-02 
 3.029017e+01 -1.541869e-02 
 3.029057e+01 -1.449345e-02 
 3.029096e+01 -1.355695e-02 
 3.029136e+01 -1.259151e-02 
 3.029176e+01 -1.160246e-02 
 3.029216e+01 -1.059576e-02 
 3.029256e+01 -9.573269e-03 
 3.029295e+01 -8.532220e-03 
 3.029335e+01 -7.500145e-03 
 3.029375e+01 -6.452531e-03 
 3.029415e+01 -5.381454e-03 
 3.029454e+01 -4.288973e-03 
 3.029494e+01 -3.194412e-03 
 3.029534e+01 -2.075475e-03 
 3.029574e+01 -9.609618e-04 
 3.029613e+01  1.828323e-04 
 3.029653e+01  1.327818e-03 
 3.029693e+01  2.491811e-03 
 3.029733e+01  3.666908e-03 
 3.029773e+01  4.838382e-03 
 3.029812e+01  6.023209e-03 
 3.029852e+01  7.201679e-03 
 3.029892e+01  8.386908e-03 
 3.029932e+01  9.592983e-03 
 3.029971e+01  1.080698e-02 
 3.030011e+01  1.202973e-02 
 3.030051e+01  1.326017e-02 
 3.030091e+01  1.450744e-02 
 3.030130e+01  1.575645e-02 
 3.030170e+01  1.699903e-02 
 3.030210e+01  1.824987e-02 
 3.030250e+01  1.949241e-02 
 3.030290e+01  2.072715e-02 
 3.030329e+01  2.195255e-02 
 3.030369e+01  2.318046e-02 
 3.030409e+01  2.440538e-02 
 3.030449e+01  2.563748e-02 
 3.030488e+01  2.686597e-02 
 3.030528e+01  2.807894e-02 
 3.030568e+01  2.929143e-02 
 3.030608e+01  3.049194e-02 
 3.030647e+01  3.169400e-02 
 3.030687e+01  3.287029e-02 
 3.030727e+01  3.403562e-02 
 3.030767e+01  3.519328e-02 
 3.030807e+01  3.632261e-02 
 3.030846e+01  3.744802e-02 
 3.030886e+01  3.855940e-02 
 3.030926e+01  3.966097e-02 
 3.030966e+01  4.075688e-02 
 3.031005e+01  4.183639e-02 
 3.031045e+01  4.290566e-02 
 3.031085e+01  4.395243e-02 
 3.031125e+01  4.499757e-02 
 3.031164e+01  4.602380e-02 
 3.031204e+01  4.701871e-02 
 3.031244e+01  4.800120e-02 
 3.031284e+01  4.896435e-02 
 3.031324e+01  4.990743e-02 
 3.031363e+01  5.084083e-02 
 3.031403e+01  5.175300e-02 
 3.031443e+01  5.262936e-02 
 3.031483e+01  5.349429e-02 
 3.031522e+01  5.434418e-02 
 3.031562e+01  5.517641e-02 
 3.031602e+01  5.597819e-02 
 3.031642e+01  5.678160e-02 
 3.031681e+01  5.755050e-02 
 3.031721e+01  5.828313e-02 
 3.031761e+01  5.900187e-02 
 3.031801e+01  5.971081e-02 
 3.031841e+01  6.038976e-02 
 3.031880e+01  6.104561e-02 
 3.031920e+01  6.168177e-02 
 3.031960e+01  6.229875e-02 
 3.032000e+01  6.289580e-02 
 3.032039e+01  6.345832e-02 
 3.032079e+01  6.399763e-02 
 3.032119e+01  6.450408e-02 
 3.032159e+01  6.497537e-02 
 3.032198e+01  6.540320e-02 
 3.032238e+01  6.578899e-02 
 3.032278e+01  6.615191e-02 
 3.032318e+01  6.647907e-02 
 3.032358e+01  6.678360e-02 
 3.032397e+01  6.703498e-02 
 3.032437e+01  6.727046e-02 
 3.032477e+01  6.747631e-02 
 3.032517e+01  6.764104e-02 
 3.032556e+01  6.778184e-02 
 3.032596e+01  6.788039e-02 
 3.032636e+01  6.793208e-02 
 3.032676e+01  6.794600e-02 
 3.032716e+01  6.792854e-02 
 3.032755e+01  6.788007e-02 
 3.032795e+01  6.779365e-02 
 3.032835e+01  6.768102e-02 
 3.032875e+01  6.754272e-02 
 3.032914e+01  6.736775e-02 
 3.032954e+01  6.715474e-02 
 3.032994e+01  6.691821e-02 
 3.033034e+01  6.666020e-02 
 3.033073e+01  6.634725e-02 
 3.033113e+01  6.600959e-02 
 3.033153e+01  6.563588e-02 
 3.033193e+01  6.523667e-02 
 3.033233e+01  6.480408e-02 
 3.033272e+01  6.434893e-02 
 3.033312e+01  6.386049e-02 
 3.033352e+01  6.334769e-02 
 3.033392e+01  6.280301e-02 
 3.033431e+01  6.222066e-02 
 3.033471e+01  6.162658e-02 
 3.033511e+01  6.100658e-02 
 3.033551e+01  6.035751e-02 
 3.033590e+01  5.967819e-02 
 3.033630e+01  5.897741e-02 
 3.033670e+01  5.825160e-02 
 3.033710e+01  5.750626e-02 
 3.033750e+01  5.675525e-02 
 3.033789e+01  5.597208e-02 
 3.033829e+01  5.516412e-02 
 3.033869e+01  5.434338e-02 
 3.033909e+01  5.349942e-02 
 3.033948e+01  5.263014e-02 
 3.033988e+01  5.175424e-02 
 3.034028e+01  5.087319e-02 
 3.034068e+01  4.994656e-02 
 3.034107e+01  4.899654e-02 
 3.034147e+01  4.802940e-02 
 3.034187e+01  4.704627e-02 
 3.034227e+01  4.604608e-02 
 3.034267e+01  4.503393e-02 
 3.034306e+01  4.399199e-02 
 3.034346e+01  4.292981e-02 
 3.034386e+01  4.185654e-02 
 3.034426e+01  4.077764e-02 
 3.034465e+01  3.968365e-02 
 3.034505e+01  3.857836e-02 
 3.034545e+01  3.746459e-02 
 3.034585e+01  3.632817e-02 
 3.034624e+01  3.518366e-02 
 3.034664e+01  3.403222e-02 
 3.034704e+01  3.287973e-02 
 3.034744e+01  3.171863e-02 
 3.034784e+01  3.054672e-02 
 3.034823e+01  2.936604e-02 
 3.034863e+01  2.816731e-02 
 3.034903e+01  2.696083e-02 
 3.034943e+01  2.576682e-02 
 3.034982e+01  2.455850e-02 
 3.035022e+01  2.332986e-02 
 3.035062e+01  2.209932e-02 
 3.035102e+01  2.085980e-02 
 3.035141e+01  1.961142e-02 
 3.035181e+01  1.837258e-02 
 3.035221e+01  1.714553e-02 
 3.035261e+01  1.590324e-02 
 3.035301e+01  1.463721e-02 
 3.035340e+01  1.339000e-02 
 3.035380e+01  1.214271e-02 
 3.035420e+01  1.089304e-02 
 3.035460e+01  9.662677e-03 
 3.035499e+01  8.422965e-03 
 3.035539e+01  7.183891e-03 
 3.035579e+01  5.961385e-03 
 3.035619e+01  4.751809e-03 
 3.035658e+01  3.554087e-03 
 3.035698e+01  2.366615e-03 
 3.035738e+01  1.200221e-03 
 3.035778e+01  1.826131e-05 
 3.035818e+01 -1.145385e-03 
 3.035857e+01 -2.289325e-03 
 3.035897e+01 -3.411869e-03 
 3.035937e+01 -4.522419e-03 
 3.035977e+01 -5.609291e-03 
 3.036016e+01 -6.689277e-03 
 3.036056e+01 -7.751353e-03 
 3.036096e+01 -8.795888e-03 
 3.036136e+01 -9.805557e-03 
 3.036175e+01 -1.080937e-02 
 3.036215e+01 -1.180451e-02 
 3.036255e+01 -1.278117e-02 
 3.036295e+01 -1.373709e-02 
 3.036335e+01 -1.466888e-02 
 3.036374e+01 -1.556779e-02 
 3.036414e+01 -1.643893e-02 
 3.036454e+01 -1.729166e-02 
 3.036494e+01 -1.810120e-02 
 3.036533e+01 -1.890135e-02 
 3.036573e+01 -1.966700e-02 
 3.036613e+01 -2.040915e-02 
 3.036653e+01 -2.112442e-02 
 3.036692e+01 -2.181218e-02 
 3.036732e+01 -2.248897e-02 
 3.036772e+01 -2.313268e-02 
 3.036812e+01 -2.374713e-02 
 3.036852e+01 -2.432124e-02 
 3.036891e+01 -2.486877e-02 
 3.036931e+01 -2.537605e-02 
 3.036971e+01 -2.584906e-02 
 3.037011e+01 -2.631090e-02 
 3.037050e+01 -2.674302e-02 
 3.037090e+01 -2.713605e-02 
 3.037130e+01 -2.751563e-02 
 3.037170e+01 -2.787155e-02 
 3.037209e+01 -2.820258e-02 
 3.037249e+01 -2.849622e-02 
 3.037289e+01 -2.875913e-02 
 3.037329e+01 -2.898623e-02 
 3.037369e+01 -2.917132e-02 
 3.037408e+01 -2.933116e-02 
 3.037448e+01 -2.944829e-02 
 3.037488e+01 -2.954253e-02 
 3.037528e+01 -2.960571e-02 
 3.037567e+01 -2.963600e-02 
 3.037607e+01 -2.964113e-02 
 3.037647e+01 -2.962841e-02 
 3.037687e+01 -2.958491e-02 
 3.037726e+01 -2.951812e-02 
 3.037766e+01 -2.941738e-02 
 3.037806e+01 -2.928215e-02 
 3.037846e+01 -2.909810e-02 
 3.037886e+01 -2.889442e-02 
 3.037925e+01 -2.865010e-02 
 3.037965e+01 -2.837984e-02 
 3.038005e+01 -2.808862e-02 
 3.038045e+01 -2.775731e-02 
 3.038084e+01 -2.741778e-02 
 3.038124e+01 -2.705739e-02 
 3.038164e+01 -2.667133e-02 
 3.038204e+01 -2.625866e-02 
 3.038243e+01 -2.582187e-02 
 3.038283e+01 -2.535100e-02 
 3.038323e+01 -2.484331e-02 
 3.038363e+01 -2.430866e-02 
 3.038403e+01 -2.374241e-02 
 3.038442e+01 -2.315554e-02 
 3.038482e+01 -2.253658e-02 
 3.038522e+01 -2.188401e-02 
 3.038562e+01 -2.120702e-02 
 3.038601e+01 -2.050568e-02 
 3.038641e+01 -1.978886e-02 
 3.038681e+01 -1.905305e-02 
 3.038721e+01 -1.828397e-02 
 3.038760e+01 -1.748161e-02 
 3.038800e+01 -1.663829e-02 
 3.038840e+01 -1.577360e-02 
 3.038880e+01 -1.488651e-02 
 3.038920e+01 -1.397597e-02 
 3.038959e+01 -1.305349e-02 
 3.038999e+01 -1.209480e-02 
 3.039039e+01 -1.112267e-02 
 3.039079e+01 -1.014118e-02 
 3.039118e+01 -9.146476e-03 
 3.039158e+01 -8.130824e-03 
 3.039198e+01 -7.090543e-03 
 3.039238e+01 -6.024415e-03 
 3.039277e+01 -4.932692e-03 
 3.039317e+01 -3.818952e-03 
 3.039357e+01 -2.683509e-03 
 3.039397e+01 -1.542811e-03 
 3.039437e+01 -3.807270e-04 
 3.039476e+01  7.974361e-04 
 3.039516e+01  1.982641e-03 
 3.039556e+01  3.175701e-03 
 3.039596e+01  4.369587e-03 
 3.039635e+01  5.565526e-03 
 3.039675e+01  6.771551e-03 
 3.039715e+01  7.991300e-03 
 3.039755e+01  9.235721e-03 
 3.039794e+01  1.048856e-02 
 3.039834e+01  1.172684e-02 
 3.039874e+01  1.298505e-02 
 3.039914e+01  1.424078e-02 
 3.039954e+01  1.549912e-02 
 3.039993e+01  1.674268e-02 
 3.040033e+01  1.799117e-02 
 3.040073e+01  1.923207e-02 
 3.040113e+01  2.046086e-02 
 3.040152e+01  2.170112e-02 
 3.040192e+01  2.293145e-02 
 3.040232e+01  2.416419e-02 
 3.040272e+01  2.539465e-02 
 3.040311e+01  2.661084e-02 
 3.040351e+01  2.782839e-02 
 3.040391e+01  2.904011e-02 
 3.040431e+01  3.024918e-02 
 3.040471e+01  3.144259e-02 
 3.040510e+01  3.262840e-02 
 3.040550e+01  3.380148e-02 
 3.040590e+01  3.495534e-02 
 3.040630e+01  3.609920e-02 
 3.040669e+01  3.724108e-02 
 3.040709e+01  3.837535e-02 
 3.040749e+01  3.949276e-02 
 3.040789e+01  4.060643e-02 
 3.040828e+01  4.170616e-02 
 3.040868e+01  4.278699e-02 
 3.040908e+01  4.385733e-02 
 3.040948e+01  4.489820e-02 
 3.040988e+01  4.592061e-02 
 3.041027e+01  4.691561e-02 
 3.041067e+01  4.788372e-02 
 3.041107e+01  4.884639e-02 
 3.041147e+01  4.978388e-02 
 3.041186e+01  5.070442e-02 
 3.041226e+01  5.159794e-02 
 3.041266e+01  5.249524e-02 
 3.041306e+01  5.336266e-02 
 3.041345e+01  5.421301e-02 
 3.041385e+01  5.505178e-02 
 3.041425e+01  5.586200e-02 
 3.041465e+01  5.664395e-02 
 3.041505e+01  5.740225e-02 
 3.041544e+01  5.811933e-02 
 3.041584e+01  5.881506e-02 
 3.041624e+01  5.949878e-02 
 3.041664e+01  6.015794e-02 
 3.041703e+01  6.078615e-02 
 3.041743e+01  6.139093e-02 
 3.041783e+01  6.198625e-02 
 3.041823e+01  6.253250e-02 
 3.041863e+01  6.306382e-02 
 3.041902e+01  6.356688e-02 
 3.041942e+01  6.402259e-02 
 3.041982e+01  6.446110e-02 
 3.042022e+01  6.488080e-02 
 3.042061e+01  6.525867e-02 
 3.042101e+01  6.562163e-02 
 3.042141e+01  6.596830e-02 
 3.042181e+01  6.627383e-02 
 3.042220e+01  6.654326e-02 
 3.042260e+01  6.680393e-02 
 3.042300e+01  6.703355e-02 
 3.042340e+01  6.723146e-02 
 3.042380e+01  6.740779e-02 
 3.042419e+01  6.755467e-02 
 3.042459e+01  6.765037e-02 
 3.042499e+01  6.773128e-02 
 3.042539e+01  6.777753e-02 
 3.042578e+01  6.779290e-02 
 3.042618e+01  6.777298e-02 
 3.042658e+01  6.772364e-02 
 3.042698e+01  6.763400e-02 
 3.042737e+01  6.750065e-02 
 3.042777e+01  6.734653e-02 
 3.042817e+01  6.715269e-02 
 3.042857e+01  6.692684e-02 
 3.042897e+01  6.665458e-02 
 3.042936e+01  6.636002e-02 
 3.042976e+01  6.601877e-02 
 3.043016e+01  6.564902e-02 
 3.043056e+01  6.524628e-02 
 3.043095e+01  6.480922e-02 
 3.043135e+01  6.432909e-02 
 3.043175e+01  6.382011e-02 
 3.043215e+01  6.328471e-02 
 3.043254e+01  6.271927e-02 
 3.043294e+01  6.213155e-02 
 3.043334e+01  6.153782e-02 
 3.043374e+01  6.089520e-02 
 3.043414e+01  6.021747e-02 
 3.043453e+01  5.950111e-02 
 3.043493e+01  5.877542e-02 
 3.043533e+01  5.801954e-02 
 3.043573e+01  5.723388e-02 
 3.043612e+01  5.642459e-02 
 3.043652e+01  5.559321e-02 
 3.043692e+01  5.473307e-02 
 3.043732e+01  5.386482e-02 
 3.043771e+01  5.297931e-02 
 3.043811e+01  5.206803e-02 
 3.043851e+01  5.113304e-02 
 3.043891e+01  5.017719e-02 
 3.043931e+01  4.918991e-02 
 3.043970e+01  4.819258e-02 
 3.044010e+01  4.719137e-02 
 3.044050e+01  4.616481e-02 
 3.044090e+01  4.512626e-02 
 3.044129e+01  4.407040e-02 
 3.044169e+01  4.301474e-02 
 3.044209e+01  4.194153e-02 
 3.044249e+01  4.087345e-02 
 3.044288e+01  3.979534e-02 
 3.044328e+01  3.868922e-02 
 3.044368e+01  3.757086e-02 
 3.044408e+01  3.643810e-02 
 3.044448e+01  3.529334e-02 
 3.044487e+01  3.413804e-02 
 3.044527e+01  3.297985e-02 
 3.044567e+01  3.180920e-02 
 3.044607e+01  3.062379e-02 
 3.044646e+01  2.942023e-02 
 3.044686e+01  2.822814e-02 
 3.044726e+01  2.703564e-02 
 3.044766e+01  2.582550e-02 
 3.044805e+01  2.461485e-02 
 3.044845e+01  2.339590e-02 
 3.044885e+01  2.217951e-02 
 3.044925e+01  2.095458e-02 
 3.044965e+01  1.972751e-02 
 3.045004e+01  1.850757e-02 
 3.045044e+01  1.727479e-02 
 3.045084e+01  1.604002e-02 
 3.045124e+01  1.479485e-02 
 3.045163e+01  1.357229e-02 
 3.045203e+01  1.236705e-02 
 3.045243e+01  1.116514e-02 
 3.045283e+01  9.980132e-03 
 3.045322e+01  8.790103e-03 
 3.045362e+01  7.604276e-03 
 3.045402e+01  6.423394e-03 
 3.045442e+01  5.254292e-03 
 3.045482e+01  4.082280e-03 
 3.045521e+01  2.923467e-03 
 3.045561e+01  1.770504e-03 
 3.045601e+01  6.113706e-04 
 3.045641e+01 -5.318944e-04 
 3.045680e+01 -1.651678e-03 
 3.045720e+01 -2.760741e-03 
 3.045760e+01 -3.857046e-03 
 3.045800e+01 -4.948277e-03 
 3.045839e+01 -6.029707e-03 
 3.045879e+01 -7.104970e-03 
 3.045919e+01 -8.147762e-03 
 3.045959e+01 -9.179010e-03 
 3.045999e+01 -1.020509e-02 
 3.046038e+01 -1.122126e-02 
 3.046078e+01 -1.221616e-02 
 3.046118e+01 -1.318754e-02 
 3.046158e+01 -1.413734e-02 
 3.046197e+01 -1.504573e-02 
 3.046237e+01 -1.593182e-02 
 3.046277e+01 -1.680651e-02 
 3.046317e+01 -1.767112e-02 
 3.046356e+01 -1.850623e-02 
 3.046396e+01 -1.931660e-02 
 3.046436e+01 -2.009692e-02 
 3.046476e+01 -2.086143e-02 
 3.046516e+01 -2.161079e-02 
 3.046555e+01 -2.233286e-02 
 3.046595e+01 -2.302324e-02 
 3.046635e+01 -2.368740e-02 
 3.046675e+01 -2.431083e-02 
 3.046714e+01 -2.490193e-02 
 3.046754e+01 -2.546025e-02 
 3.046794e+01 -2.598443e-02 
 3.046834e+01 -2.647149e-02 
 3.046873e+01 -2.693016e-02 
 3.046913e+01 -2.734204e-02 
 3.046953e+01 -2.773789e-02 
 3.046993e+01 -2.812126e-02 
 3.047033e+01 -2.847043e-02 
 3.047072e+01 -2.877610e-02 
 3.047112e+01 -2.903353e-02 
 3.047152e+01 -2.925985e-02 
 3.047192e+01 -2.943766e-02 
 3.047231e+01 -2.959235e-02 
 3.047271e+01 -2.970660e-02 
 3.047311e+01 -2.978480e-02 
 3.047351e+01 -2.984013e-02 
 3.047390e+01 -2.986339e-02 
 3.047430e+01 -2.986184e-02 
 3.047470e+01 -2.983356e-02 
 3.047510e+01 -2.978438e-02 
 3.047550e+01 -2.969818e-02 
 3.047589e+01 -2.956834e-02 
 3.047629e+01 -2.941814e-02 
 3.047669e+01 -2.922074e-02 
 3.047709e+01 -2.899522e-02 
 3.047748e+01 -2.874570e-02 
 3.047788e+01 -2.846864e-02 
 3.047828e+01 -2.816336e-02 
 3.047868e+01 -2.784622e-02 
 3.047907e+01 -2.750651e-02 
 3.047947e+01 -2.714752e-02 
 3.047987e+01 -2.675747e-02 
 3.048027e+01 -2.633972e-02 
 3.048067e+01 -2.587804e-02 
 3.048106e+01 -2.536013e-02 
 3.048146e+01 -2.483117e-02 
 3.048186e+01 -2.426422e-02 
 3.048226e+01 -2.367702e-02 
 3.048265e+01 -2.307856e-02 
 3.048305e+01 -2.244987e-02 
 3.048345e+01 -2.178918e-02 
 3.048385e+01 -2.112281e-02 
 3.048424e+01 -2.043862e-02 
 3.048464e+01 -1.972046e-02 
 3.048504e+01 -1.898011e-02 
 3.048544e+01 -1.821514e-02 
 3.048584e+01 -1.741586e-02 
 3.048623e+01 -1.658100e-02 
 3.048663e+01 -1.573780e-02 
 3.048703e+01 -1.486652e-02 
 3.048743e+01 -1.398468e-02 
 3.048782e+01 -1.307700e-02 
 3.048822e+01 -1.214562e-02 
 3.048862e+01 -1.121043e-02 
 3.048902e+01 -1.025694e-02 
 3.048941e+01 -9.285695e-03 
 3.048981e+01 -8.284713e-03 
 3.049021e+01 -7.263529e-03 
 3.049061e+01 -6.219787e-03 
 3.049101e+01 -5.148604e-03 
 3.049140e+01 -4.068922e-03 
 3.049180e+01 -2.979098e-03 
 3.049220e+01 -1.866198e-03 
 3.049260e+01 -7.513887e-04 
 3.049299e+01  3.827071e-04 
 3.049339e+01  1.527403e-03 
 3.049379e+01  2.680329e-03 
 3.049419e+01  3.831651e-03 
 3.049458e+01  5.002399e-03 
 3.049498e+01  6.185488e-03 
 3.049538e+01  7.383140e-03 
 3.049578e+01  8.591336e-03 
 3.049618e+01  9.813691e-03 
 3.049657e+01  1.103675e-02 
 3.049697e+01  1.227323e-02 
 3.049737e+01  1.350967e-02 
 3.049777e+01  1.475086e-02 
 3.049816e+01  1.598511e-02 
 3.049856e+01  1.723666e-02 
 3.049896e+01  1.847231e-02 
 3.049936e+01  1.971676e-02 
 3.049975e+01  2.097832e-02 
 3.050015e+01  2.224346e-02 
 3.050055e+01  2.351142e-02 
 3.050095e+01  2.477725e-02 
 3.050135e+01  2.604496e-02 
 3.050174e+01  2.729409e-02 
 3.050214e+01  2.855143e-02 
 3.050254e+01  2.978932e-02 
 3.050294e+01  3.101857e-02 
 3.050333e+01  3.223712e-02 
 3.050373e+01  3.344953e-02 
 3.050413e+01  3.463154e-02 
 3.050453e+01  3.582674e-02 
 3.050492e+01  3.700769e-02 
 3.050532e+01  3.817855e-02 
 3.050572e+01  3.932798e-02 
 3.050612e+01  4.046039e-02 
 3.050652e+01  4.157898e-02 
 3.050691e+01  4.267170e-02 
 3.050731e+01  4.375885e-02 
 3.050771e+01  4.481529e-02 
 3.050811e+01  4.583869e-02 
 3.050850e+01  4.685327e-02 
 3.050890e+01  4.785327e-02 
 3.050930e+01  4.884279e-02 
 3.050970e+01  4.981117e-02 
 3.051010e+01  5.077562e-02 
 3.051049e+01  5.169748e-02 
 3.051089e+01  5.260330e-02 
 3.051129e+01  5.348475e-02 
 3.051169e+01  5.433771e-02 
 3.051208e+01  5.516815e-02 
 3.051248e+01  5.596465e-02 
 3.051288e+01  5.672897e-02 
 3.051328e+01  5.746180e-02 
 3.051367e+01  5.817505e-02 
 3.051407e+01  5.887914e-02 
 3.051447e+01  5.954655e-02 
 3.051487e+01  6.019730e-02 
 3.051527e+01  6.081154e-02 
 3.051566e+01  6.140635e-02 
 3.051606e+01  6.197739e-02 
 3.051646e+01  6.251554e-02 
 3.051686e+01  6.302673e-02 
 3.051725e+01  6.351269e-02 
 3.051765e+01  6.394286e-02 
 3.051805e+01  6.435536e-02 
 3.051845e+01  6.474720e-02 
 3.051884e+01  6.512591e-02 
 3.051924e+01  6.546769e-02 
 3.051964e+01  6.579295e-02 
 3.052004e+01  6.608672e-02 
 3.052044e+01  6.634678e-02 
 3.052083e+01  6.659186e-02 
 3.052123e+01  6.680584e-02 
 3.052163e+01  6.698529e-02 
 3.052203e+01  6.712775e-02 
 3.052242e+01  6.724670e-02 
 3.052282e+01  6.732119e-02 
 3.052322e+01  6.737768e-02 
 3.052362e+01  6.740224e-02 
 3.052401e+01  6.740696e-02 
 3.052441e+01  6.737355e-02 
 3.052481e+01  6.731609e-02 
 3.052521e+01  6.723610e-02 
 3.052561e+01  6.711762e-02 
 3.052600e+01  6.698216e-02 
 3.052640e+01  6.681244e-02 
 3.052680e+01  6.660621e-02 
 3.052720e+01  6.636591e-02 
 3.052759e+01  6.610083e-02 
 3.052799e+01  6.580854e-02 
 3.052839e+01  6.549454e-02 
 3.052879e+01  6.515303e-02 
 3.052918e+01  6.478583e-02 
 3.052958e+01  6.439176e-02 
 3.052998e+01  6.395918e-02 
 3.053038e+01  6.350329e-02 
 3.053078e+01  6.300740e-02 
 3.053117e+01  6.249041e-02 
 3.053157e+01  6.193148e-02 
 3.053197e+01  6.132478e-02 
 3.053237e+01  6.069566e-02 
 3.053276e+01  6.003348e-02 
 3.053316e+01  5.934250e-02 
 3.053356e+01  5.861510e-02 
 3.053396e+01  5.785881e-02 
 3.053435e+01  5.706790e-02 
 3.053475e+01  5.624941e-02 
 3.053515e+01  5.541806e-02 
 3.053555e+01  5.455678e-02 
 3.053595e+01  5.366657e-02 
 3.053634e+01  5.276612e-02 
 3.053674e+01  5.182504e-02 
 3.053714e+01  5.085932e-02 
 3.053754e+01  4.987794e-02 
 3.053793e+01  4.888046e-02 
 3.053833e+01  4.785475e-02 
 3.053873e+01  4.680028e-02 
 3.053913e+01  4.573404e-02 
 3.053952e+01  4.464298e-02 
 3.053992e+01  4.354224e-02 
 3.054032e+01  4.244102e-02 
 3.054072e+01  4.131419e-02 
 3.054112e+01  4.018531e-02 
 3.054151e+01  3.903234e-02 
 3.054191e+01  3.786722e-02 
 3.054231e+01  3.668595e-02 
 3.054271e+01  3.549559e-02 
 3.054310e+01  3.430831e-02 
 3.054350e+01  3.309759e-02 
 3.054390e+01  3.188475e-02 
 3.054430e+01  3.066373e-02 
 3.054469e+01  2.945251e-02 
 3.054509e+01  2.825241e-02 
 3.054549e+01  2.704757e-02 
 3.054589e+01  2.583345e-02 
 3.054629e+01  2.461574e-02 
 3.054668e+01  2.338929e-02 
 3.054708e+01  2.216022e-02 
 3.054748e+01  2.093280e-02 
 3.054788e+01  1.972394e-02 
 3.054827e+01  1.850057e-02 
 3.054867e+01  1.728901e-02 
 3.054907e+01  1.608199e-02 
 3.054947e+01  1.488324e-02 
 3.054986e+01  1.369861e-02 
 3.055026e+01  1.252739e-02 
 3.055066e+01  1.134731e-02 
 3.055106e+01  1.015446e-02 
 3.055146e+01  8.965986e-03 
 3.055185e+01  7.774694e-03 
 3.055225e+01  6.592664e-03 
 3.055265e+01  5.415701e-03 
 3.055305e+01  4.245060e-03 
 3.055344e+01  3.085273e-03 
 3.055384e+01  1.928077e-03 
 3.055424e+01  7.974195e-04 
 3.055464e+01 -3.226977e-04 
 3.055503e+01 -1.419679e-03 
 3.055543e+01 -2.516302e-03 
 3.055583e+01 -3.601779e-03 
 3.055623e+01 -4.687528e-03 
 3.055663e+01 -5.758304e-03 
 3.055702e+01 -6.805803e-03 
 3.055742e+01 -7.835016e-03 
 3.055782e+01 -8.856955e-03 
 3.055822e+01 -9.863432e-03 
 3.055861e+01 -1.084823e-02 
 3.055901e+01 -1.180974e-02 
 3.055941e+01 -1.275813e-02 
 3.055981e+01 -1.366896e-02 
 3.056020e+01 -1.456543e-02 
 3.056060e+01 -1.545605e-02 
 3.056100e+01 -1.633334e-02 
 3.056140e+01 -1.718910e-02 
 3.056180e+01 -1.802315e-02 
 3.056219e+01 -1.883179e-02 
 3.056259e+01 -1.962237e-02 
 3.056299e+01 -2.039752e-02 
 3.056339e+01 -2.114825e-02 
 3.056378e+01 -2.186917e-02 
 3.056418e+01 -2.254159e-02 
 3.056458e+01 -2.319676e-02 
 3.056498e+01 -2.381841e-02 
 3.056537e+01 -2.441284e-02 
 3.056577e+01 -2.498903e-02 
 3.056617e+01 -2.555255e-02 
 3.056657e+01 -2.606704e-02 
 3.056697e+01 -2.656209e-02 
 3.056736e+01 -2.702605e-02 
 3.056776e+01 -2.747814e-02 
 3.056816e+01 -2.789494e-02 
 3.056856e+01 -2.827253e-02 
 3.056895e+01 -2.859897e-02 
 3.056935e+01 -2.889019e-02 
 3.056975e+01 -2.915169e-02 
 3.057015e+01 -2.938825e-02 
 3.057054e+01 -2.959926e-02 
 3.057094e+01 -2.977957e-02 
 3.057134e+01 -2.993225e-02 
 3.057174e+01 -3.005417e-02 
 3.057214e+01 -3.013985e-02 
 3.057253e+01 -3.019435e-02 
 3.057293e+01 -3.022072e-02 
 3.057333e+01 -3.020371e-02 
 3.057373e+01 -3.014120e-02 
 3.057412e+01 -3.003607e-02 
 3.057452e+01 -2.989416e-02 
 3.057492e+01 -2.971965e-02 
 3.057532e+01 -2.952194e-02 
 3.057571e+01 -2.928621e-02 
 3.057611e+01 -2.901931e-02 
 3.057651e+01 -2.872315e-02 
 3.057691e+01 -2.839148e-02 
 3.057731e+01 -2.802326e-02 
 3.057770e+01 -2.763422e-02 
 3.057810e+01 -2.719969e-02 
 3.057850e+01 -2.672572e-02 
 3.057890e+01 -2.620763e-02 
 3.057929e+01 -2.566509e-02 
 3.057969e+01 -2.509761e-02 
 3.058009e+01 -2.451542e-02 
 3.058049e+01 -2.391268e-02 
 3.058088e+01 -2.327623e-02 
 3.058128e+01 -2.262314e-02 
 3.058168e+01 -2.195486e-02 
 3.058208e+01 -2.125654e-02 
 3.058248e+01 -2.053644e-02 
 3.058287e+01 -1.979726e-02 
 3.058327e+01 -1.901814e-02 
 3.058367e+01 -1.821263e-02 
 3.058407e+01 -1.737897e-02 
 3.058446e+01 -1.652290e-02 
 3.058486e+01 -1.565867e-02 
 3.058526e+01 -1.477736e-02 
 3.058566e+01 -1.389686e-02 
 3.058605e+01 -1.299012e-02 
 3.058645e+01 -1.208538e-02 
 3.058685e+01 -1.115872e-02 
 3.058725e+01 -1.021687e-02 
 3.058765e+01 -9.243108e-03 
 3.058804e+01 -8.236240e-03 
 3.058844e+01 -7.220628e-03 
 3.058884e+01 -6.176448e-03 
 3.058924e+01 -5.122414e-03 
 3.058963e+01 -4.063806e-03 
 3.059003e+01 -3.000134e-03 
 3.059043e+01 -1.935530e-03 
 3.059083e+01 -8.529648e-04 
 3.059122e+01  2.275826e-04 
 3.059162e+01  1.327330e-03 
 3.059202e+01  2.438255e-03 
 3.059242e+01  3.568638e-03 
 3.059282e+01  4.725895e-03 
 3.059321e+01  5.904910e-03 
 3.059361e+01  7.087451e-03 
 3.059401e+01  8.285914e-03 
 3.059441e+01  9.490565e-03 
 3.059480e+01  1.069147e-02 
 3.059520e+01  1.188852e-02 
 3.059560e+01  1.309960e-02 
 3.059600e+01  1.430424e-02 
 3.059639e+01  1.552340e-02 
 3.059679e+01  1.675177e-02 
 3.059719e+01  1.799567e-02 
 3.059759e+01  1.925298e-02 
 3.059799e+01  2.051613e-02 
 3.059838e+01  2.178582e-02 
 3.059878e+01  2.303412e-02 
 3.059918e+01  2.429295e-02 
 3.059958e+01  2.553562e-02 
 3.059997e+01  2.676230e-02 
 3.060037e+01  2.799185e-02 
 3.060077e+01  2.920595e-02 
 3.060117e+01  3.040696e-02 
 3.060157e+01  3.160844e-02 
 3.060196e+01  3.280508e-02 
 3.060236e+01  3.399740e-02 
 3.060276e+01  3.519488e-02 
 3.060316e+01  3.639152e-02 
 3.060355e+01  3.757828e-02 
 3.060395e+01  3.873258e-02 
 3.060435e+01  3.988800e-02 
 3.060475e+01  4.102864e-02 
 3.060514e+01  4.214671e-02 
 3.060554e+01  4.325324e-02 
 3.060594e+01  4.433426e-02 
 3.060634e+01  4.538826e-02 
 3.060674e+01  4.643113e-02 
 3.060713e+01  4.747434e-02 
 3.060753e+01  4.849633e-02 
 3.060793e+01  4.949283e-02 
 3.060833e+01  5.048041e-02 
 3.060872e+01  5.143105e-02 
 3.060912e+01  5.235949e-02 
 3.060952e+01  5.327126e-02 
 3.060992e+01  5.416297e-02 
 3.061031e+01  5.502173e-02 
 3.061071e+01  5.584331e-02 
 3.061111e+01  5.663564e-02 
 3.061151e+01  5.740465e-02 
 3.061191e+01  5.816742e-02 
 3.061230e+01  5.890182e-02 
 3.061270e+01  5.961813e-02 
 3.061310e+01  6.030378e-02 
 3.061350e+01  6.095100e-02 
 3.061389e+01  6.158400e-02 
 3.061429e+01  6.217744e-02 
 3.061469e+01  6.273523e-02 
 3.061509e+01  6.326735e-02 
 3.061548e+01  6.375040e-02 
 3.061588e+01  6.420229e-02 
 3.061628e+01  6.463045e-02 
 3.061668e+01  6.504550e-02 
 3.061708e+01  6.542630e-02 
 3.061747e+01  6.577751e-02 
 3.061787e+01  6.609799e-02 
 3.061827e+01  6.638326e-02 
 3.061867e+01  6.663303e-02 
 3.061906e+01  6.685368e-02 
 3.061946e+01  6.702773e-02 
 3.061986e+01  6.716595e-02 
 3.062026e+01  6.727211e-02 
 3.062065e+01  6.734514e-02 
 3.062105e+01  6.738335e-02 
 3.062145e+01  6.740368e-02 
 3.062185e+01  6.740470e-02 
 3.062225e+01  6.737272e-02 
 3.062264e+01  6.732011e-02 
 3.062304e+01  6.724024e-02 
 3.062344e+01  6.712909e-02 
 3.062384e+01  6.698959e-02 
 3.062423e+01  6.682715e-02 
 3.062463e+01  6.662270e-02 
 3.062503e+01  6.638614e-02 
 3.062543e+01  6.612550e-02 
 3.062582e+01  6.583926e-02 
 3.062622e+01  6.552794e-02 
 3.062662e+01  6.520021e-02 
 3.062702e+01  6.484736e-02 
 3.062742e+01  6.445660e-02 
 3.062781e+01  6.403343e-02 
 3.062821e+01  6.359390e-02 
 3.062861e+01  6.312765e-02 
 3.062901e+01  6.262447e-02 
 3.062940e+01  6.210593e-02 
 3.062980e+01  6.154125e-02 
 3.063020e+01  6.095121e-02 
 3.063060e+01  6.033872e-02 
 3.063099e+01  5.970965e-02 
 3.063139e+01  5.906008e-02 
 3.063179e+01  5.837922e-02 
 3.063219e+01  5.768157e-02 
 3.063259e+01  5.696714e-02 
 3.063298e+01  5.621735e-02 
 3.063338e+01  5.546376e-02 
 3.063378e+01  5.467579e-02 
 3.063418e+01  5.385368e-02 
 3.063457e+01  5.299546e-02 
 3.063497e+01  5.211300e-02 
 3.063537e+01  5.121715e-02 
 3.063577e+01  5.028881e-02 
 3.063616e+01  4.935269e-02 
 3.063656e+01  4.838963e-02 
 3.063696e+01  4.738212e-02 
 3.063736e+01  4.637383e-02 
 3.063776e+01  4.534040e-02 
 3.063815e+01  4.428707e-02 
 3.063855e+01  4.322426e-02 
 3.063895e+01  4.212915e-02 
 3.063935e+01  4.101581e-02 
 3.063974e+01  3.987191e-02 
 3.064014e+01  3.871124e-02 
 3.064054e+01  3.753838e-02 
 3.064094e+01  3.635641e-02 
 3.064133e+01  3.515654e-02 
 3.064173e+01  3.394694e-02 
 3.064213e+01  3.272928e-02 
 3.064253e+01  3.151088e-02 
 3.064293e+01  3.029180e-02 
 3.064332e+01  2.904960e-02 
 3.064372e+01  2.780902e-02 
 3.064412e+01  2.654744e-02 
 3.064452e+01  2.527349e-02 
 3.064491e+01  2.400150e-02 
 3.064531e+01  2.273031e-02 
 3.064571e+01  2.145886e-02 
 3.064611e+01  2.017709e-02 
 3.064650e+01  1.889953e-02 
 3.064690e+01  1.761924e-02 
 3.064730e+01  1.634141e-02 
 3.064770e+01  1.508372e-02 
 3.064810e+01  1.383121e-02 
 3.064849e+01  1.257963e-02 
 3.064889e+01  1.133891e-02 
 3.064929e+01  1.008872e-02 
 3.064969e+01  8.848547e-03 
 3.065008e+01  7.622898e-03 
 3.065048e+01  6.413273e-03 
 3.065088e+01  5.220917e-03 
 3.065128e+01  4.036374e-03 
 3.065167e+01  2.878340e-03 
 3.065207e+01  1.733582e-03 
 3.065247e+01  6.073410e-04 
 3.065287e+01 -4.867237e-04 
 3.065327e+01 -1.571056e-03 
 3.065366e+01 -2.654702e-03 
 3.065406e+01 -3.735486e-03 
 3.065446e+01 -4.795188e-03 
 3.065486e+01 -5.831178e-03 
 3.065525e+01 -6.856368e-03 
 3.065565e+01 -7.860646e-03 
 3.065605e+01 -8.855728e-03 
 3.065645e+01 -9.835057e-03 
 3.065684e+01 -1.079467e-02 
 3.065724e+01 -1.171072e-02 
 3.065764e+01 -1.260829e-02 
 3.065804e+01 -1.349647e-02 
 3.065844e+01 -1.436546e-02 
 3.065883e+01 -1.524398e-02 
 3.065923e+01 -1.610382e-02 
 3.065963e+01 -1.694075e-02 
 3.066003e+01 -1.774890e-02 
 3.066042e+01 -1.853552e-02 
 3.066082e+01 -1.930523e-02 
 3.066122e+01 -2.004104e-02 
 3.066162e+01 -2.074659e-02 
 3.066201e+01 -2.141806e-02 
 3.066241e+01 -2.206531e-02 
 3.066281e+01 -2.270353e-02 
 3.066321e+01 -2.332471e-02 
 3.066361e+01 -2.392937e-02 
 3.066400e+01 -2.451871e-02 
 3.066440e+01 -2.506367e-02 
 3.066480e+01 -2.558228e-02 
 3.066520e+01 -2.607297e-02 
 3.066559e+01 -2.654192e-02 
 3.066599e+01 -2.697519e-02 
 3.066639e+01 -2.737188e-02 
 3.066679e+01 -2.773913e-02 
 3.066718e+01 -2.807534e-02 
 3.066758e+01 -2.838492e-02 
 3.066798e+01 -2.867911e-02 
 3.066838e+01 -2.895580e-02 
 3.066878e+01 -2.919833e-02 
 3.066917e+01 -2.941651e-02 
 3.066957e+01 -2.960400e-02 
 3.066997e+01 -2.974925e-02 
 3.067037e+01 -2.985417e-02 
 3.067076e+01 -2.992809e-02 
 3.067116e+01 -2.997184e-02 
 3.067156e+01 -2.996281e-02 
 3.067196e+01 -2.992776e-02 
 3.067235e+01 -2.985599e-02 
 3.067275e+01 -2.975720e-02 
 3.067315e+01 -2.963956e-02 
 3.067355e+01 -2.949391e-02 
 3.067395e+01 -2.930689e-02 
 3.067434e+01 -2.909497e-02 
 3.067474e+01 -2.885684e-02 
 3.067514e+01 -2.858908e-02 
 3.067554e+01 -2.828567e-02 
 3.067593e+01 -2.795170e-02 
 3.067633e+01 -2.757978e-02 
 3.067673e+01 -2.715286e-02 
 3.067713e+01 -2.669516e-02 
 3.067752e+01 -2.621106e-02 
 3.067792e+01 -2.571047e-02 
 3.067832e+01 -2.516861e-02 
 3.067872e+01 -2.461292e-02 
 3.067912e+01 -2.402558e-02 
 3.067951e+01 -2.338943e-02 
 3.067991e+01 -2.274024e-02 
 3.068031e+01 -2.205413e-02 
 3.068071e+01 -2.132339e-02 
 3.068110e+01 -2.055738e-02 
 3.068150e+01 -1.976153e-02 
 3.068190e+01 -1.892745e-02 
 3.068230e+01 -1.807531e-02 
 3.068269e+01 -1.721114e-02 
 3.068309e+01 -1.633148e-02 
 3.068349e+01 -1.541847e-02 
 3.068389e+01 -1.449698e-02 
 3.068429e+01 -1.354351e-02 
 3.068468e+01 -1.257254e-02 
 3.068508e+01 -1.159302e-02 
 3.068548e+01 -1.057278e-02 
 3.068588e+01 -9.520848e-03 
 3.068627e+01 -8.454011e-03 
 3.068667e+01 -7.377167e-03 
 3.068707e+01 -6.283172e-03 
 3.068747e+01 -5.204432e-03 
 3.068786e+01 -4.111099e-03 
 3.068826e+01 -3.018581e-03 
 3.068866e+01 -1.916051e-03 
 3.068906e+01 -8.034523e-04 
 3.068946e+01  3.279478e-04 
 3.068985e+01  1.463338e-03 
 3.069025e+01  2.613561e-03 
 3.069065e+01  3.789068e-03 
 3.069105e+01  4.978297e-03 
 3.069144e+01  6.151808e-03 
 3.069184e+01  7.325446e-03 
 3.069224e+01  8.511009e-03 
 3.069264e+01  9.690783e-03 
 3.069304e+01  1.086615e-02 
 3.069343e+01  1.204266e-02 
 3.069383e+01  1.323185e-02 
 3.069423e+01  1.440840e-02 
 3.069463e+01  1.559402e-02 
 3.069502e+01  1.679246e-02 
 3.069542e+01  1.799219e-02 
 3.069582e+01  1.919740e-02 
 3.069622e+01  2.039900e-02 
 3.069661e+01  2.160254e-02 
 3.069701e+01  2.279299e-02 
 3.069741e+01  2.397846e-02 
 3.069781e+01  2.516733e-02 
 3.069821e+01  2.634544e-02 
 3.069860e+01  2.751956e-02 
 3.069900e+01  2.870256e-02 
 3.069940e+01  2.989214e-02 
 3.069980e+01  3.107695e-02 
 3.070019e+01  3.226715e-02 
 3.070059e+01  3.346624e-02 
 3.070099e+01  3.465924e-02 
 3.070139e+01  3.582166e-02 
 3.070178e+01  3.699567e-02 
 3.070218e+01  3.813124e-02 
 3.070258e+01  3.925855e-02 
 3.070298e+01  4.038046e-02 
 3.070338e+01  4.148948e-02 
 3.070377e+01  4.257008e-02 
 3.070417e+01  4.364252e-02 
 3.070457e+01  4.473588e-02 
 3.070497e+01  4.579551e-02 
 3.070536e+01  4.684804e-02 
 3.070576e+01  4.789806e-02 
 3.070616e+01  4.891535e-02 
 3.070656e+01  4.989322e-02 
 3.070695e+01  5.086028e-02 
 3.070735e+01  5.179538e-02 
 3.070775e+01  5.270033e-02 
 3.070815e+01  5.359740e-02 
 3.070855e+01  5.447044e-02 
 3.070894e+01  5.532124e-02 
 3.070934e+01  5.616535e-02 
 3.070974e+01  5.700359e-02 
 3.071014e+01  5.780253e-02 
 3.071053e+01  5.857535e-02 
 3.071093e+01  5.931572e-02 
 3.071133e+01  6.002375e-02 
 3.071173e+01  6.069710e-02 
 3.071212e+01  6.134690e-02 
 3.071252e+01  6.196762e-02 
 3.071292e+01  6.256426e-02 
 3.071332e+01  6.312581e-02 
 3.071372e+01  6.365519e-02 
 3.071411e+01  6.416212e-02 
 3.071451e+01  6.464071e-02 
 3.071491e+01  6.509727e-02 
 3.071531e+01  6.550605e-02 
 3.071570e+01  6.588655e-02 
 3.071610e+01  6.623701e-02 
 3.071650e+01  6.654518e-02 
 3.071690e+01  6.682174e-02 
 3.071729e+01  6.706547e-02 
 3.071769e+01  6.727950e-02 
 3.071809e+01  6.745890e-02 
 3.071849e+01  6.760339e-02 
 3.071889e+01  6.773418e-02 
 3.071928e+01  6.781476e-02 
 3.071968e+01  6.787651e-02 
 3.072008e+01  6.790721e-02 
 3.072048e+01  6.789770e-02 
 3.072087e+01  6.783801e-02 
 3.072127e+01  6.775028e-02 
 3.072167e+01  6.764557e-02 
 3.072207e+01  6.748744e-02 
 3.072246e+01  6.729864e-02 
 3.072286e+01  6.706600e-02 
 3.072326e+01  6.680060e-02 
 3.072366e+01  6.649963e-02 
 3.072406e+01  6.618873e-02 
 3.072445e+01  6.584809e-02 
 3.072485e+01  6.547988e-02 
 3.072525e+01  6.508349e-02 
 3.072565e+01  6.465150e-02 
 3.072604e+01  6.418552e-02 
 3.072644e+01  6.369667e-02 
 3.072684e+01  6.318708e-02 
 3.072724e+01  6.263600e-02 
 3.072763e+01  6.206387e-02 
 3.072803e+01  6.147009e-02 
 3.072843e+01  6.086297e-02 
 3.072883e+01  6.023966e-02 
 3.072923e+01  5.959909e-02 
 3.072962e+01  5.893479e-02 
 3.073002e+01  5.824525e-02 
 3.073042e+01  5.751884e-02 
 3.073082e+01  5.678082e-02 
 3.073121e+01  5.602255e-02 
 3.073161e+01  5.522963e-02 
 3.073201e+01  5.443083e-02 
 3.073241e+01  5.358898e-02 
 3.073280e+01  5.272596e-02 
 3.073320e+01  5.185135e-02 
 3.073360e+01  5.097956e-02 
 3.073400e+01  5.008854e-02 
 3.073440e+01  4.917437e-02 
 3.073479e+01  4.823724e-02 
 3.073519e+01  4.727004e-02 
 3.073559e+01  4.629347e-02 
 3.073599e+01  4.529122e-02 
 3.073638e+01  4.426893e-02 
 3.073678e+01  4.322950e-02 
 3.073718e+01  4.217440e-02 
 3.073758e+01  4.109269e-02 
 3.073797e+01  4.000511e-02 
 3.073837e+01  3.891025e-02 
 3.073877e+01  3.781821e-02 
 3.073917e+01  3.670080e-02 
 3.073957e+01  3.556664e-02 
 3.073996e+01  3.441499e-02 
 3.074036e+01  3.326235e-02 
 3.074076e+01  3.209241e-02 
 3.074116e+01  3.091173e-02 
 3.074155e+01  2.970770e-02 
 3.074195e+01  2.848101e-02 
 3.074235e+01  2.724338e-02 
 3.074275e+01  2.600157e-02 
 3.074314e+01  2.474379e-02 
 3.074354e+01  2.350061e-02 
 3.074394e+01  2.225773e-02 
 3.074434e+01  2.099195e-02 
 3.074474e+01  1.973738e-02 
 3.074513e+01  1.848953e-02 
 3.074553e+01  1.723540e-02 
 3.074593e+01  1.597841e-02 
 3.074633e+01  1.473169e-02 
 3.074672e+01  1.347246e-02 
 3.074712e+01  1.220429e-02 
 3.074752e+01  1.095042e-02 
 3.074792e+01  9.702245e-03 
 3.074831e+01  8.451798e-03 
 3.074871e+01  7.235590e-03 
 3.074911e+01  6.023447e-03 
 3.074951e+01  4.805342e-03 
 3.074991e+01  3.606277e-03 
 3.075030e+01  2.418768e-03 
 3.075070e+01  1.235580e-03 
 3.075110e+01  5.771761e-05 
 3.075150e+01 -1.116794e-03 
 3.075189e+01 -2.291871e-03 
 3.075229e+01 -3.445577e-03 
 3.075269e+01 -4.570997e-03 
 3.075309e+01 -5.684242e-03 
 3.075348e+01 -6.774898e-03 
 3.075388e+01 -7.834084e-03 
 3.075428e+01 -8.879037e-03 
 3.075468e+01 -9.904621e-03 
 3.075508e+01 -1.089429e-02 
 3.075547e+01 -1.187473e-02 
 3.075587e+01 -1.283277e-02 
 3.075627e+01 -1.377442e-02 
 3.075667e+01 -1.470430e-02 
 3.075706e+01 -1.561281e-02 
 3.075746e+01 -1.649057e-02 
 3.075786e+01 -1.732175e-02 
 3.075826e+01 -1.813159e-02 
 3.075865e+01 -1.891510e-02 
 3.075905e+01 -1.966056e-02 
 3.075945e+01 -2.038012e-02 
 3.075985e+01 -2.106467e-02 
 3.076025e+01 -2.172082e-02 
 3.076064e+01 -2.235382e-02 
 3.076104e+01 -2.297405e-02 
 3.076144e+01 -2.357885e-02 
 3.076184e+01 -2.415055e-02 
 3.076223e+01 -2.469556e-02 
 3.076263e+01 -2.520858e-02 
 3.076303e+01 -2.568200e-02 
 3.076343e+01 -2.613882e-02 
 3.076382e+01 -2.655344e-02 
 3.076422e+01 -2.694447e-02 
 3.076462e+01 -2.729656e-02 
 3.076502e+01 -2.761580e-02 
 3.076542e+01 -2.792171e-02 
 3.076581e+01 -2.820640e-02 
 3.076621e+01 -2.846411e-02 
 3.076661e+01 -2.871542e-02 
 3.076701e+01 -2.892359e-02 
 3.076740e+01 -2.908803e-02 
 3.076780e+01 -2.922216e-02 
 3.076820e+01 -2.932918e-02 
 3.076860e+01 -2.940890e-02 
 3.076899e+01 -2.945867e-02 
 3.076939e+01 -2.948459e-02 
 3.076979e+01 -2.947005e-02 
 3.077019e+01 -2.943343e-02 
 3.077059e+01 -2.940038e-02 
 3.077098e+01 -2.934226e-02 
 3.077138e+01 -2.925316e-02 
 3.077178e+01 -2.914187e-02 
 3.077218e+01 -2.899514e-02 
 3.077257e+01 -2.880465e-02 
 3.077297e+01 -2.857567e-02 
 3.077337e+01 -2.832705e-02 
 3.077377e+01 -2.803673e-02 
 3.077416e+01 -2.771142e-02 
 3.077456e+01 -2.735694e-02 
 3.077496e+01 -2.697163e-02 
 3.077536e+01 -2.656817e-02 
 3.077576e+01 -2.614640e-02 
 3.077615e+01 -2.570552e-02 
 3.077655e+01 -2.521699e-02 
 3.077695e+01 -2.469565e-02 
 3.077735e+01 -2.413340e-02 
 3.077774e+01 -2.353507e-02 
 3.077814e+01 -2.290882e-02 
 3.077854e+01 -2.224834e-02 
 3.077894e+01 -2.155381e-02 
 3.077933e+01 -2.082106e-02 
 3.077973e+01 -2.007803e-02 
 3.078013e+01 -1.931633e-02 
 3.078053e+01 -1.853255e-02 
 3.078093e+01 -1.774096e-02 
 3.078132e+01 -1.690979e-02 
 3.078172e+01 -1.604598e-02 
 3.078212e+01 -1.515607e-02 
 3.078252e+01 -1.424725e-02 
 3.078291e+01 -1.329910e-02 
 3.078331e+01 -1.232935e-02 
 3.078371e+01 -1.133920e-02 
 3.078411e+01 -1.031746e-02 
 3.078451e+01 -9.277805e-03 
 3.078490e+01 -8.237805e-03 
 3.078530e+01 -7.182907e-03 
 3.078570e+01 -6.106559e-03 
 3.078610e+01 -5.017791e-03 
 3.078649e+01 -3.910184e-03 
 3.078689e+01 -2.768396e-03 
 3.078729e+01 -1.618579e-03 
 3.078769e+01 -4.693435e-04 
 3.078808e+01  7.252938e-04 
 3.078848e+01  1.926872e-03 
 3.078888e+01  3.142676e-03 
 3.078928e+01  4.353425e-03 
 3.078968e+01  5.578284e-03 
 3.079007e+01  6.795461e-03 
 3.079047e+01  8.017417e-03 
 3.079087e+01  9.241909e-03 
 3.079127e+01  1.046460e-02 
 3.079166e+01  1.169603e-02 
 3.079206e+01  1.294305e-02 
 3.079246e+01  1.419061e-02 
 3.079286e+01  1.544338e-02 
 3.079325e+01  1.670584e-02 
 3.079365e+01  1.797440e-02 
 3.079405e+01  1.923993e-02 
 3.079445e+01  2.049262e-02 
 3.079485e+01  2.174039e-02 
 3.079524e+01  2.296492e-02 
 3.079564e+01  2.418117e-02 
 3.079604e+01  2.539668e-02 
 3.079644e+01  2.661083e-02 
 3.079683e+01  2.782425e-02 
 3.079723e+01  2.902161e-02 
 3.079763e+01  3.022700e-02 
 3.079803e+01  3.141888e-02 
 3.079842e+01  3.260586e-02 
 3.079882e+01  3.377093e-02 
 3.079922e+01  3.492442e-02 
 3.079962e+01  3.604192e-02 
 3.080002e+01  3.714777e-02 
 3.080041e+01  3.823370e-02 
 3.080081e+01  3.931439e-02 
 3.080121e+01  4.038594e-02 
 3.080161e+01  4.144235e-02 
 3.080200e+01  4.249300e-02 
 3.080240e+01  4.353816e-02 
 3.080280e+01  4.457409e-02 
 3.080320e+01  4.559854e-02 
 3.080359e+01  4.659952e-02 
 3.080399e+01  4.758034e-02 
 3.080439e+01  4.852882e-02 
 3.080479e+01  4.945652e-02 
 3.080519e+01  5.037176e-02 
 3.080558e+01  5.128371e-02 
 3.080598e+01  5.216540e-02 
 3.080638e+01  5.304408e-02 
 3.080678e+01  5.390967e-02 
 3.080717e+01  5.476210e-02 
 3.080757e+01  5.560042e-02 
 3.080797e+01  5.643134e-02 
 3.080837e+01  5.721948e-02 
 3.080876e+01  5.796574e-02 
 3.080916e+01  5.870458e-02 
 3.080956e+01  5.941669e-02 
 3.080996e+01  6.008007e-02 
 3.081036e+01  6.073071e-02 
 3.081075e+01  6.136106e-02 
 3.081115e+01  6.195122e-02 
 3.081155e+01  6.252142e-02 
 3.081195e+01  6.309105e-02 
 3.081234e+01  6.363378e-02 
 3.081274e+01  6.413176e-02 
 3.081314e+01  6.463509e-02 
 3.081354e+01  6.507618e-02 
 3.081393e+01  6.548836e-02 
 3.081433e+01  6.587236e-02 
 3.081473e+01  6.622977e-02 
 3.081513e+01  6.653754e-02 
 3.081553e+01  6.682276e-02 
 3.081592e+01  6.708454e-02 
 3.081632e+01  6.730840e-02 
 3.081672e+01  6.750812e-02 
 3.081712e+01  6.768272e-02 
 3.081751e+01  6.782735e-02 
 3.081791e+01  6.792227e-02 
 3.081831e+01  6.798958e-02 
 3.081871e+01  6.801553e-02 
 3.081910e+01  6.799605e-02 
 3.081950e+01  6.794506e-02 
 3.081990e+01  6.786400e-02 
 3.082030e+01  6.774432e-02 
 3.082070e+01  6.758752e-02 
 3.082109e+01  6.740860e-02 
 3.082149e+01  6.720848e-02 
 3.082189e+01  6.697616e-02 
 3.082229e+01  6.672739e-02 
 3.082268e+01  6.644608e-02 
 3.082308e+01  6.611797e-02 
 3.082348e+01  6.574417e-02 
 3.082388e+01  6.532561e-02 
 3.082427e+01  6.489193e-02 
 3.082467e+01  6.442014e-02 
 3.082507e+01  6.391990e-02 
 3.082547e+01  6.337372e-02 
 3.082587e+01  6.280884e-02 
 3.082626e+01  6.220986e-02 
 3.082666e+01  6.159264e-02 
 3.082706e+01  6.094880e-02 
 3.082746e+01  6.027225e-02 
 3.082785e+01  5.955327e-02 
 3.082825e+01  5.880755e-02 
 3.082865e+01  5.803135e-02 
 3.082905e+01  5.723548e-02 
 3.082944e+01  5.642229e-02 
 3.082984e+01  5.558240e-02 
 3.083024e+01  5.470962e-02 
 3.083064e+01  5.380483e-02 
 3.083104e+01  5.289031e-02 
 3.083143e+01  5.196391e-02 
 3.083183e+01  5.102816e-02 
 3.083223e+01  5.008277e-02 
 3.083263e+01  4.910256e-02 
 3.083302e+01  4.811048e-02 
 3.083342e+01  4.709697e-02 
 3.083382e+01  4.608983e-02 
 3.083422e+01  4.507046e-02 
 3.083461e+01  4.403463e-02 
 3.083501e+01  4.298377e-02 
 3.083541e+01  4.191875e-02 
 3.083581e+01  4.084298e-02 
 3.083621e+01  3.975662e-02 
 3.083660e+01  3.867311e-02 
 3.083700e+01  3.757328e-02 
 3.083740e+01  3.646022e-02 
 3.083780e+01  3.533615e-02 
 3.083819e+01  3.421430e-02 
 3.083859e+01  3.307698e-02 
 3.083899e+01  3.193318e-02 
 3.083939e+01  3.077223e-02 
 3.083978e+01  2.960312e-02 
 3.084018e+01  2.842502e-02 
 3.084058e+01  2.724468e-02 
 3.084098e+01  2.606732e-02 
 3.084138e+01  2.489170e-02 
 3.084177e+01  2.371968e-02 
 3.084217e+01  2.253460e-02 
 3.084257e+01  2.133958e-02 
 3.084297e+01  2.014001e-02 
 3.084336e+01  1.893213e-02 
 3.084376e+01  1.773339e-02 
 3.084416e+01  1.651474e-02 
 3.084456e+01  1.529388e-02 
 3.084495e+01  1.407692e-02 
 3.084535e+01  1.284994e-02 
 3.084575e+01  1.162690e-02 
 3.084615e+01  1.041387e-02 
 3.084655e+01  9.195483e-03 
 3.084694e+01  7.979132e-03 
 3.084734e+01  6.761021e-03 
 3.084774e+01  5.553406e-03 
 3.084814e+01  4.351286e-03 
 3.084853e+01  3.160865e-03 
 3.084893e+01  1.964521e-03 
 3.084933e+01  7.735461e-04 
 3.084973e+01 -4.149304e-04 
 3.085012e+01 -1.589679e-03 
 3.085052e+01 -2.735495e-03 
 3.085092e+01 -3.860871e-03 
 3.085132e+01 -4.968729e-03 
 3.085172e+01 -6.082097e-03 
 3.085211e+01 -7.164711e-03 
 3.085251e+01 -8.225902e-03 
 3.085291e+01 -9.280129e-03 
 3.085331e+01 -1.029414e-02 
 3.085370e+01 -1.130316e-02 
 3.085410e+01 -1.229758e-02 
 3.085450e+01 -1.328819e-02 
 3.085490e+01 -1.424647e-02 
 3.085529e+01 -1.517704e-02 
 3.085569e+01 -1.608964e-02 
 3.085609e+01 -1.696869e-02 
 3.085649e+01 -1.782942e-02 
 3.085689e+01 -1.866083e-02 
 3.085728e+01 -1.946631e-02 
 3.085768e+01 -2.023722e-02 
 3.085808e+01 -2.098693e-02 
 3.085848e+01 -2.172051e-02 
 3.085887e+01 -2.243156e-02 
 3.085927e+01 -2.311812e-02 
 3.085967e+01 -2.378079e-02 
 3.086007e+01 -2.440586e-02 
 3.086046e+01 -2.498014e-02 
 3.086086e+01 -2.552395e-02 
 3.086126e+01 -2.603654e-02 
 3.086166e+01 -2.651553e-02 
 3.086206e+01 -2.694868e-02 
 3.086245e+01 -2.736647e-02 
 3.086285e+01 -2.773529e-02 
 3.086325e+01 -2.808223e-02 
 3.086365e+01 -2.841427e-02 
 3.086404e+01 -2.870478e-02 
 3.086444e+01 -2.896770e-02 
 3.086484e+01 -2.920376e-02 
 3.086524e+01 -2.940068e-02 
 3.086563e+01 -2.954336e-02 
 3.086603e+01 -2.966052e-02 
 3.086643e+01 -2.974628e-02 
 3.086683e+01 -2.980137e-02 
 3.086723e+01 -2.981359e-02 
 3.086762e+01 -2.981047e-02 
 3.086802e+01 -2.976946e-02 
 3.086842e+01 -2.971233e-02 
 3.086882e+01 -2.962664e-02 
 3.086921e+01 -2.951414e-02 
 3.086961e+01 -2.936077e-02 
 3.087001e+01 -2.916609e-02 
 3.087041e+01 -2.893767e-02 
 3.087080e+01 -2.867351e-02 
 3.087120e+01 -2.839068e-02 
 3.087160e+01 -2.808757e-02 
 3.087200e+01 -2.775332e-02 
 3.087240e+01 -2.738683e-02 
 3.087279e+01 -2.700385e-02 
 3.087319e+01 -2.660607e-02 
 3.087359e+01 -2.617597e-02 
 3.087399e+01 -2.573297e-02 
 3.087438e+01 -2.526237e-02 
 3.087478e+01 -2.474727e-02 
 3.087518e+01 -2.420378e-02 
 3.087558e+01 -2.365394e-02 
 3.087598e+01 -2.306168e-02 
 3.087637e+01 -2.245878e-02 
 3.087677e+01 -2.182822e-02 
 3.087717e+01 -2.117964e-02 
 3.087757e+01 -2.049435e-02 
 3.087796e+01 -1.981640e-02 
 3.087836e+01 -1.912276e-02 
 3.087876e+01 -1.840086e-02 
 3.087916e+01 -1.764839e-02 
 3.087955e+01 -1.686916e-02 
 3.087995e+01 -1.604178e-02 
 3.088035e+01 -1.519506e-02 
 3.088075e+01 -1.433440e-02 
 3.088115e+01 -1.344686e-02 
 3.088154e+01 -1.251975e-02 
 3.088194e+01 -1.158115e-02 
 3.088234e+01 -1.063201e-02 
 3.088274e+01 -9.648147e-03 
 3.088313e+01 -8.661837e-03 
 3.088353e+01 -7.659260e-03 
 3.088393e+01 -6.632937e-03 
 3.088433e+01 -5.560049e-03 
 3.088472e+01 -4.490263e-03 
 3.088512e+01 -3.387682e-03 
 3.088552e+01 -2.263064e-03 
 3.088592e+01 -1.121393e-03 
 3.088632e+01  3.186157e-05 
 3.088671e+01  1.208596e-03 
 3.088711e+01  2.374915e-03 
 3.088751e+01  3.552054e-03 
 3.088791e+01  4.731347e-03 
 3.088830e+01  5.938350e-03 
 3.088870e+01  7.147055e-03 
 3.088910e+01  8.385868e-03 
 3.088950e+01  9.648979e-03 
 3.088989e+01  1.091207e-02 
 3.089029e+01  1.219550e-02 
 3.089069e+01  1.347133e-02 
 3.089109e+01  1.476566e-02 
 3.089149e+01  1.603169e-02 
 3.089188e+01  1.731709e-02 
 3.089228e+01  1.858946e-02 
 3.089268e+01  1.984959e-02 
 3.089308e+01  2.111269e-02 
 3.089347e+01  2.237434e-02 
 3.089387e+01  2.363357e-02 
 3.089427e+01  2.489555e-02 
 3.089467e+01  2.615664e-02 
 3.089506e+01  2.741715e-02 
 3.089546e+01  2.866772e-02 
 3.089586e+01  2.991286e-02 
 3.089626e+01  3.115069e-02 
 3.089666e+01  3.236305e-02 
 3.089705e+01  3.356100e-02 
 3.089745e+01  3.473658e-02 
 3.089785e+01  3.589464e-02 
 3.089825e+01  3.705462e-02 
 3.089864e+01  3.820351e-02 
 3.089904e+01  3.934553e-02 
 3.089944e+01  4.046365e-02 
 3.089984e+01  4.157085e-02 
 3.090023e+01  4.266356e-02 
 3.090063e+01  4.372913e-02 
 3.090103e+01  4.479053e-02 
 3.090143e+01  4.581645e-02 
 3.090183e+01  4.683568e-02 
 3.090222e+01  4.781458e-02 
 3.090262e+01  4.878623e-02 
 3.090302e+01  4.972743e-02 
 3.090342e+01  5.064824e-02 
 3.090381e+01  5.155579e-02 
 3.090421e+01  5.243045e-02 
 3.090461e+01  5.328899e-02 
 3.090501e+01  5.412869e-02 
 3.090540e+01  5.495444e-02 
 3.090580e+01  5.573883e-02 
 3.090620e+01  5.650116e-02 
 3.090660e+01  5.723486e-02 
 3.090700e+01  5.793326e-02 
 3.090739e+01  5.861237e-02 
 3.090779e+01  5.927356e-02 
 3.090819e+01  5.991702e-02 
 3.090859e+01  6.053251e-02 
 3.090898e+01  6.113519e-02 
 3.090938e+01  6.171342e-02 
 3.090978e+01  6.227005e-02 
 3.091018e+01  6.279827e-02 
 3.091057e+01  6.331371e-02 
 3.091097e+01  6.378587e-02 
 3.091137e+01  6.423019e-02 
 3.091177e+01  6.464347e-02 
 3.091217e+01  6.502981e-02 
 3.091256e+01  6.537993e-02 
 3.091296e+01  6.571026e-02 
 3.091336e+01  6.602031e-02 
 3.091376e+01  6.629013e-02 
 3.091415e+01  6.655297e-02 
 3.091455e+01  6.678867e-02 
 3.091495e+01  6.698283e-02 
 3.091535e+01  6.715909e-02 
 3.091574e+01  6.730297e-02 
 3.091614e+01  6.739724e-02 
 3.091654e+01  6.745797e-02 
 3.091694e+01  6.749586e-02 
 3.091734e+01  6.750890e-02 
 3.091773e+01  6.749703e-02 
 3.091813e+01  6.746024e-02 
 3.091853e+01  6.739863e-02 
 3.091893e+01  6.729560e-02 
 3.091932e+01  6.717080e-02 
 3.091972e+01  6.701212e-02 
 3.092012e+01  6.682592e-02 
 3.092052e+01  6.660181e-02 
 3.092091e+01  6.634393e-02 
 3.092131e+01  6.604411e-02 
 3.092171e+01  6.570501e-02 
 3.092211e+01  6.535136e-02 
 3.092251e+01  6.495935e-02 
 3.092290e+01  6.453339e-02 
 3.092330e+01  6.407547e-02 
 3.092370e+01  6.360035e-02 
 3.092410e+01  6.307147e-02 
 3.092449e+01  6.253845e-02 
 3.092489e+01  6.197425e-02 
 3.092529e+01  6.137296e-02 
 3.092569e+01  6.073443e-02 
 3.092608e+01  6.005870e-02 
 3.092648e+01  5.936015e-02 
 3.092688e+01  5.862469e-02 
 3.092728e+01  5.787496e-02 
 3.092768e+01  5.710086e-02 
 3.092807e+01  5.629898e-02 
 3.092847e+01  5.546535e-02 
 3.092887e+01  5.461263e-02 
 3.092927e+01  5.375324e-02 
 3.092966e+01  5.286453e-02 
 3.093006e+01  5.195316e-02 
 3.093046e+01  5.100651e-02 
 3.093086e+01  5.002350e-02 
 3.093125e+01  4.902204e-02 
 3.093165e+01  4.800209e-02 
 3.093205e+01  4.695479e-02 
 3.093245e+01  4.587814e-02 
 3.093285e+01  4.480090e-02 
 3.093324e+01  4.369822e-02 
 3.093364e+01  4.257815e-02 
 3.093404e+01  4.145749e-02 
 3.093444e+01  4.033557e-02 
 3.093483e+01  3.917413e-02 
 3.093523e+01  3.799587e-02 
 3.093563e+01  3.681197e-02 
 3.093603e+01  3.560950e-02 
 3.093642e+01  3.439943e-02 
 3.093682e+01  3.319928e-02 
 3.093722e+01  3.199488e-02 
 3.093762e+01  3.076674e-02 
 3.093802e+01  2.956153e-02 
 3.093841e+01  2.833989e-02 
 3.093881e+01  2.711726e-02 
 3.093921e+01  2.589972e-02 
 3.093961e+01  2.468266e-02 
 3.094000e+01  2.345564e-02 
 3.094040e+01  2.222137e-02 
 3.094080e+01  2.098508e-02 
 3.094120e+01  1.976226e-02 
 3.094159e+01  1.854339e-02 
 3.094199e+01  1.733154e-02 
 3.094239e+01  1.611937e-02 
 3.094279e+01  1.490930e-02 
 3.094319e+01  1.371760e-02 
 3.094358e+01  1.251765e-02 
 3.094398e+01  1.134455e-02 
 3.094438e+01  1.017684e-02 
 3.094478e+01  9.012722e-03 
 3.094517e+01  7.845453e-03 
 3.094557e+01  6.685524e-03 
 3.094597e+01  5.546385e-03 
 3.094637e+01  4.417434e-03 
 3.094676e+01  3.302588e-03 
 3.094716e+01  2.184683e-03 
 3.094756e+01  1.071234e-03 
 3.094796e+01 -4.058788e-05 
 3.094836e+01 -1.119801e-03 
 3.094875e+01 -2.189862e-03 
 3.094915e+01 -3.251545e-03 
 3.094955e+01 -4.297139e-03 
 3.094995e+01 -5.347893e-03 
 3.095034e+01 -6.383462e-03 
 3.095074e+01 -7.407478e-03 
 3.095114e+01 -8.422187e-03 
 3.095154e+01 -9.431115e-03 
 3.095193e+01 -1.043701e-02 
 3.095233e+01 -1.142864e-02 
 3.095273e+01 -1.241519e-02 
 3.095313e+01 -1.337899e-02 
 3.095353e+01 -1.430384e-02 
 3.095392e+01 -1.521868e-02 
 3.095432e+01 -1.612143e-02 
 3.095472e+01 -1.700893e-02 
 3.095512e+01 -1.787532e-02 
 3.095551e+01 -1.871592e-02 
 3.095591e+01 -1.954640e-02 
 3.095631e+01 -2.033647e-02 
 3.095671e+01 -2.111110e-02 
 3.095710e+01 -2.186968e-02 
 3.095750e+01 -2.258489e-02 
 3.095790e+01 -2.326601e-02 
 3.095830e+01 -2.390738e-02 
 3.095870e+01 -2.452129e-02 
 3.095909e+01 -2.510001e-02 
 3.095949e+01 -2.566629e-02 
 3.095989e+01 -2.620336e-02 
 3.096029e+01 -2.669588e-02 
 3.096068e+01 -2.718008e-02 
 3.096108e+01 -2.763231e-02 
 3.096148e+01 -2.804493e-02 
 3.096188e+01 -2.843553e-02 
 3.096227e+01 -2.878664e-02 
 3.096267e+01 -2.909604e-02 
 3.096307e+01 -2.936514e-02 
 3.096347e+01 -2.958878e-02 
 3.096387e+01 -2.977386e-02 
 3.096426e+01 -2.993300e-02 
 3.096466e+01 -3.005915e-02 
 3.096506e+01 -3.015175e-02 
 3.096546e+01 -3.020444e-02 
 3.096585e+01 -3.023560e-02 
 3.096625e+01 -3.023396e-02 
 3.096665e+01 -3.020493e-02 
 3.096705e+01 -3.014781e-02 
 3.096744e+01 -3.004899e-02 
 3.096784e+01 -2.991044e-02 
 3.096824e+01 -2.973453e-02 
 3.096864e+01 -2.951449e-02 
 3.096904e+01 -2.926407e-02 
 3.096943e+01 -2.898492e-02 
 3.096983e+01 -2.867768e-02 
 3.097023e+01 -2.834202e-02 
 3.097063e+01 -2.798062e-02 
 3.097102e+01 -2.759696e-02 
 3.097142e+01 -2.718910e-02 
 3.097182e+01 -2.675357e-02 
 3.097222e+01 -2.628369e-02 
 3.097262e+01 -2.577008e-02 
 3.097301e+01 -2.521913e-02 
 3.097341e+01 -2.463853e-02 
 3.097381e+01 -2.402867e-02 
 3.097421e+01 -2.340036e-02 
 3.097460e+01 -2.274263e-02 
 3.097500e+01 -2.205730e-02 
 3.097540e+01 -2.135947e-02 
 3.097580e+01 -2.062869e-02 
 3.097619e+01 -1.989005e-02 
 3.097659e+01 -1.912899e-02 
 3.097699e+01 -1.832905e-02 
 3.097739e+01 -1.749028e-02 
 3.097779e+01 -1.663062e-02 
 3.097818e+01 -1.575998e-02 
 3.097858e+01 -1.485602e-02 
 3.097898e+01 -1.394467e-02 
 3.097938e+01 -1.302169e-02 
 3.097977e+01 -1.207474e-02 
 3.098017e+01 -1.113230e-02 
 3.098057e+01 -1.018554e-02 
 3.098097e+01 -9.221243e-03 
 3.098136e+01 -8.236757e-03 
 3.098176e+01 -7.249682e-03 
 3.098216e+01 -6.235480e-03 
 3.098256e+01 -5.189326e-03 
 3.098296e+01 -4.152136e-03 
 3.098335e+01 -3.101408e-03 
 3.098375e+01 -2.032244e-03 
 3.098415e+01 -9.443133e-04 
 3.098455e+01  1.349567e-04 
 3.098494e+01  1.235586e-03 
 3.098534e+01  2.341520e-03 
 3.098574e+01  3.444293e-03 
 3.098614e+01  4.568179e-03 
 3.098653e+01  5.704538e-03 
 3.098693e+01  6.854703e-03 
 3.098733e+01  8.018128e-03 
 3.098773e+01  9.207739e-03 
 3.098813e+01  1.039698e-02 
 3.098852e+01  1.158778e-02 
 3.098892e+01  1.279544e-02 
 3.098932e+01  1.400531e-02 
 3.098972e+01  1.522194e-02 
 3.099011e+01  1.643394e-02 
 3.099051e+01  1.766251e-02 
 3.099091e+01  1.887587e-02 
 3.099131e+01  2.010739e-02 
 3.099170e+01  2.135581e-02 
 3.099210e+01  2.261365e-02 
 3.099250e+01  2.387310e-02 
 3.099290e+01  2.514343e-02 
 3.099330e+01  2.640196e-02 
 3.099369e+01  2.765894e-02 
 3.099409e+01  2.892182e-02 
 3.099449e+01  3.018508e-02 
 3.099489e+01  3.141669e-02 
 3.099528e+01  3.264666e-02 
 3.099568e+01  3.386404e-02 
 3.099608e+01  3.508466e-02 
 3.099648e+01  3.631146e-02 
 3.099687e+01  3.751798e-02 
 3.099727e+01  3.873035e-02 
 3.099767e+01  3.990965e-02 
 3.099807e+01  4.108731e-02 
 3.099847e+01  4.224035e-02 
 3.099886e+01  4.336781e-02 
 3.099926e+01  4.447655e-02 
 3.099966e+01  4.555299e-02 
 3.100006e+01  4.660617e-02 
 3.100045e+01  4.762310e-02 
 3.100085e+01  4.863519e-02 
 3.100125e+01  4.963605e-02 
 3.100165e+01  5.059906e-02 
 3.100204e+01  5.155971e-02 
 3.100244e+01  5.248715e-02 
 3.100284e+01  5.339003e-02 
 3.100324e+01  5.426487e-02 
 3.100364e+01  5.512106e-02 
 3.100403e+01  5.592974e-02 
 3.100443e+01  5.670643e-02 
 3.100483e+01  5.746543e-02 
 3.100523e+01  5.819210e-02 
 3.100562e+01  5.891199e-02 
 3.100602e+01  5.959449e-02 
 3.100642e+01  6.025876e-02 
 3.100682e+01  6.089259e-02 
 3.100721e+01  6.149052e-02 
 3.100761e+01  6.206620e-02 
 3.100801e+01  6.261085e-02 
 3.100841e+01  6.311857e-02 
 3.100881e+01  6.360184e-02 
 3.100920e+01  6.403961e-02 
 3.100960e+01  6.446163e-02 
 3.101000e+01  6.484545e-02 
 3.101040e+01  6.521235e-02 
 3.101079e+01  6.554806e-02 
 3.101119e+01  6.584464e-02 
 3.101159e+01  6.614393e-02 
 3.101199e+01  6.639406e-02 
 3.101238e+01  6.661324e-02 
 3.101278e+01  6.681121e-02 
 3.101318e+01  6.698294e-02 
 3.101358e+01  6.711379e-02 
 3.101398e+01  6.721548e-02 
 3.101437e+01  6.729095e-02 
 3.101477e+01  6.733552e-02 
 3.101517e+01  6.735735e-02 
 3.101557e+01  6.735534e-02 
 3.101596e+01  6.731413e-02 
 3.101636e+01  6.724390e-02 
 3.101676e+01  6.715029e-02 
 3.101716e+01  6.702223e-02 
 3.101755e+01  6.686092e-02 
 3.101795e+01  6.669184e-02 
 3.101835e+01  6.648514e-02 
 3.101875e+01  6.624147e-02 
 3.101915e+01  6.597432e-02 
 3.101954e+01  6.567140e-02 
 3.101994e+01  6.533923e-02 
 3.102034e+01  6.498827e-02 
 3.102074e+01  6.461583e-02 
 3.102113e+01  6.420081e-02 
 3.102153e+01  6.376103e-02 
 3.102193e+01  6.330141e-02 
 3.102233e+01  6.280968e-02 
 3.102272e+01  6.229824e-02 
 3.102312e+01  6.176954e-02 
 3.102352e+01  6.119526e-02 
 3.102392e+01  6.059369e-02 
 3.102432e+01  5.997501e-02 
 3.102471e+01  5.933709e-02 
 3.102511e+01  5.866578e-02 
 3.102551e+01  5.797664e-02 
 3.102591e+01  5.725182e-02 
 3.102630e+01  5.649259e-02 
 3.102670e+01  5.571180e-02 
 3.102710e+01  5.491852e-02 
 3.102750e+01  5.409102e-02 
 3.102789e+01  5.323195e-02 
 3.102829e+01  5.234173e-02 
 3.102869e+01  5.142031e-02 
 3.102909e+01  5.047178e-02 
 3.102949e+01  4.950340e-02 
 3.102988e+01  4.851701e-02 
 3.103028e+01  4.750151e-02 
 3.103068e+01  4.647830e-02 
 3.103108e+01  4.542384e-02 
 3.103147e+01  4.436275e-02 
 3.103187e+01  4.328885e-02 
 3.103227e+01  4.219611e-02 
 3.103267e+01  4.108570e-02 
 3.103306e+01  3.994947e-02 
 3.103346e+01  3.879621e-02 
 3.103386e+01  3.763792e-02 
 3.103426e+01  3.645375e-02 
 3.103466e+01  3.526625e-02 
 3.103505e+01  3.405844e-02 
 3.103545e+01  3.284569e-02 
 3.103585e+01  3.161225e-02 
 3.103625e+01  3.037112e-02 
 3.103664e+01  2.912962e-02 
 3.103704e+01  2.788503e-02 
 3.103744e+01  2.663875e-02 
 3.103784e+01  2.538784e-02 
 3.103823e+01  2.411985e-02 
 3.103863e+01  2.285005e-02 
 3.103903e+01  2.158583e-02 
 3.103943e+01  2.031959e-02 
 3.103983e+01  1.905679e-02 
 3.104022e+01  1.779278e-02 
 3.104062e+01  1.652620e-02 
 3.104102e+01  1.526223e-02 
 3.104142e+01  1.400858e-02 
 3.104181e+01  1.278427e-02 
 3.104221e+01  1.155467e-02 
 3.104261e+01  1.032479e-02 
 3.104301e+01  9.108449e-03 
 3.104340e+01  7.887921e-03 
 3.104380e+01  6.680756e-03 
 3.104420e+01  5.501284e-03 
 3.104460e+01  4.319364e-03 
 3.104500e+01  3.147235e-03 
 3.104539e+01  1.974775e-03 
 3.104579e+01  8.259861e-04 
 3.104619e+01 -3.080099e-04 
 3.104659e+01 -1.419917e-03 
 3.104698e+01 -2.505817e-03 
 3.104738e+01 -3.589944e-03 
 3.104778e+01 -4.664346e-03 
 3.104818e+01 -5.725353e-03 
 3.104857e+01 -6.777511e-03 
 3.104897e+01 -7.793096e-03 
 3.104937e+01 -8.797824e-03 
 3.104977e+01 -9.780608e-03 
 3.105017e+01 -1.075454e-02 
 3.105056e+01 -1.170672e-02 
 3.105096e+01 -1.262433e-02 
 3.105136e+01 -1.352450e-02 
 3.105176e+01 -1.439446e-02 
 3.105215e+01 -1.524737e-02 
 3.105255e+01 -1.608529e-02 
 3.105295e+01 -1.689887e-02 
 3.105335e+01 -1.769065e-02 
 3.105374e+01 -1.844802e-02 
 3.105414e+01 -1.918855e-02 
 3.105454e+01 -1.991661e-02 
 3.105494e+01 -2.063045e-02 
 3.105534e+01 -2.132692e-02 
 3.105573e+01 -2.200443e-02 
 3.105613e+01 -2.264920e-02 
 3.105653e+01 -2.326629e-02 
 3.105693e+01 -2.385738e-02 
 3.105732e+01 -2.442980e-02 
 3.105772e+01 -2.498057e-02 
 3.105812e+01 -2.550697e-02 
 3.105852e+01 -2.599952e-02 
 3.105891e+01 -2.647589e-02 
 3.105931e+01 -2.693054e-02 
 3.105971e+01 -2.735081e-02 
 3.106011e+01 -2.775648e-02 
 3.106051e+01 -2.813041e-02 
 3.106090e+01 -2.847242e-02 
 3.106130e+01 -2.877001e-02 
 3.106170e+01 -2.904357e-02 
 3.106210e+01 -2.928760e-02 
 3.106249e+01 -2.949422e-02 
 3.106289e+01 -2.967599e-02 
 3.106329e+01 -2.982194e-02 
 3.106369e+01 -2.994117e-02 
 3.106409e+01 -3.003638e-02 
 3.106448e+01 -3.010214e-02 
 3.106488e+01 -3.013811e-02 
 3.106528e+01 -3.013648e-02 
 3.106568e+01 -3.008589e-02 
 3.106607e+01 -2.999922e-02 
 3.106647e+01 -2.986747e-02 
 3.106687e+01 -2.972002e-02 
 3.106727e+01 -2.953336e-02 
 3.106766e+01 -2.931501e-02 
 3.106806e+01 -2.907143e-02 
 3.106846e+01 -2.879139e-02 
 3.106886e+01 -2.847810e-02 
 3.106926e+01 -2.812861e-02 
 3.106965e+01 -2.774592e-02 
 3.107005e+01 -2.731628e-02 
 3.107045e+01 -2.684739e-02 
 3.107085e+01 -2.633457e-02 
 3.107124e+01 -2.580730e-02 
 3.107164e+01 -2.523461e-02 
 3.107204e+01 -2.464380e-02 
 3.107244e+01 -2.402311e-02 
 3.107283e+01 -2.336745e-02 
 3.107323e+01 -2.268937e-02 
 3.107363e+01 -2.198797e-02 
 3.107403e+01 -2.126249e-02 
 3.107443e+01 -2.051595e-02 
 3.107482e+01 -1.972614e-02 
 3.107522e+01 -1.890684e-02 
 3.107562e+01 -1.806303e-02 
 3.107602e+01 -1.720100e-02 
 3.107641e+01 -1.632472e-02 
 3.107681e+01 -1.542973e-02 
 3.107721e+01 -1.451538e-02 
 3.107761e+01 -1.358294e-02 
 3.107800e+01 -1.263641e-02 
 3.107840e+01 -1.166790e-02 
 3.107880e+01 -1.067709e-02 
 3.107920e+01 -9.667301e-03 
 3.107960e+01 -8.636194e-03 
 3.107999e+01 -7.585380e-03 
 3.108039e+01 -6.522391e-03 
 3.108079e+01 -5.440417e-03 
 3.108119e+01 -4.346276e-03 
 3.108158e+01 -3.242565e-03 
 3.108198e+01 -2.130241e-03 
 3.108238e+01 -9.986546e-04 
 3.108278e+01  1.348033e-04 
 3.108317e+01  1.275593e-03 
 3.108357e+01  2.422411e-03 
 3.108397e+01  3.576194e-03 
 3.108437e+01  4.730747e-03 
 3.108477e+01  5.904152e-03 
 3.108516e+01  7.100330e-03 
 3.108556e+01  8.292139e-03 
 3.108596e+01  9.499540e-03 
 3.108636e+01  1.069584e-02 
 3.108675e+01  1.189177e-02 
 3.108715e+01  1.308744e-02 
 3.108755e+01  1.429110e-02 
 3.108795e+01  1.548992e-02 
 3.108834e+01  1.668753e-02 
 3.108874e+01  1.788917e-02 
 3.108914e+01  1.908891e-02 
 3.108954e+01  2.028983e-02 
 3.108994e+01  2.150825e-02 
 3.109033e+01  2.271796e-02 
 3.109073e+01  2.391526e-02 
 3.109113e+01  2.512132e-02 
 3.109153e+01  2.630859e-02 
 3.109192e+01  2.750080e-02 
 3.109232e+01  2.868680e-02 
 3.109272e+01  2.987226e-02 
 3.109312e+01  3.103760e-02 
 3.109351e+01  3.219526e-02 
 3.109391e+01  3.336356e-02 
 3.109431e+01  3.453085e-02 
 3.109471e+01  3.569194e-02 
 3.109511e+01  3.684663e-02 
 3.109550e+01  3.798456e-02 
 3.109590e+01  3.910528e-02 
 3.109630e+01  4.020926e-02 
 3.109670e+01  4.130369e-02 
 3.109709e+01  4.238984e-02 
 3.109749e+01  4.346877e-02 
 3.109789e+01  4.452803e-02 
 3.109829e+01  4.558944e-02 
 3.109868e+01  4.663308e-02 
 3.109908e+01  4.768052e-02 
 3.109948e+01  4.871276e-02 
 3.109988e+01  4.972544e-02 
 3.110028e+01  5.071305e-02 
 3.110067e+01  5.168900e-02 
 3.110107e+01  5.263909e-02 
 3.110147e+01  5.358383e-02 
 3.110187e+01  5.448891e-02 
 3.110226e+01  5.537012e-02 
 3.110266e+01  5.621095e-02 
 3.110306e+01  5.703236e-02 
 3.110346e+01  5.783860e-02 
 3.110385e+01  5.861649e-02 
 3.110425e+01  5.936996e-02 
 3.110465e+01  6.009395e-02 
 3.110505e+01  6.079412e-02 
 3.110545e+01  6.144697e-02 
 3.110584e+01  6.208308e-02 
 3.110624e+01  6.267794e-02 
 3.110664e+01  6.323621e-02 
 3.110704e+01  6.375463e-02 
 3.110743e+01  6.424744e-02 
 3.110783e+01  6.471248e-02 
 3.110823e+01  6.514191e-02 
 3.110863e+01  6.554496e-02 
 3.110902e+01  6.591699e-02 
 3.110942e+01  6.625644e-02 
 3.110982e+01  6.656132e-02 
 3.111022e+01  6.683162e-02 
 3.111062e+01  6.706485e-02 
 3.111101e+01  6.727266e-02 
 3.111141e+01  6.743797e-02 
 3.111181e+01  6.756051e-02 
 3.111221e+01  6.764575e-02 
 3.111260e+01  6.770612e-02 
 3.111300e+01  6.774502e-02 
 3.111340e+01  6.774866e-02 
 3.111380e+01  6.773518e-02 
 3.111419e+01  6.768623e-02 
 3.111459e+01  6.760786e-02 
 3.111499e+01  6.749307e-02 
 3.111539e+01  6.734066e-02 
 3.111579e+01  6.716047e-02 
 3.111618e+01  6.694861e-02 
 3.111658e+01  6.669796e-02 
 3.111698e+01  6.642848e-02 
 3.111738e+01  6.612304e-02 
 3.111777e+01  6.579887e-02 
 3.111817e+01  6.545342e-02 
 3.111857e+01  6.508211e-02 
 3.111897e+01  6.468143e-02 
 3.111936e+01  6.424665e-02 
 3.111976e+01  6.378201e-02 
 3.112016e+01  6.330154e-02 
 3.112056e+01  6.279387e-02 
 3.112096e+01  6.225273e-02 
 3.112135e+01  6.168557e-02 
 3.112175e+01  6.108535e-02 
 3.112215e+01  6.045701e-02 
 3.112255e+01  5.980713e-02 
 3.112294e+01  5.914225e-02 
 3.112334e+01  5.844254e-02 
 3.112374e+01  5.771642e-02 
 3.112414e+01  5.696138e-02 
 3.112453e+01  5.618525e-02 
 3.112493e+01  5.539410e-02 
 3.112533e+01  5.458375e-02 
 3.112573e+01  5.375031e-02 
 3.112613e+01  5.290027e-02 
 3.112652e+01  5.202999e-02 
 3.112692e+01  5.114513e-02 
 3.112732e+01  5.024026e-02 
 3.112772e+01  4.932145e-02 
 3.112811e+01  4.837591e-02 
 3.112851e+01  4.741763e-02 
 3.112891e+01  4.642600e-02 
 3.112931e+01  4.543106e-02 
 3.112970e+01  4.442077e-02 
 3.113010e+01  4.340521e-02 
 3.113050e+01  4.237054e-02 
 3.113090e+01  4.131129e-02 
 3.113130e+01  4.023536e-02 
 3.113169e+01  3.913511e-02 
 3.113209e+01  3.802359e-02 
 3.113249e+01  3.689145e-02 
 3.113289e+01  3.574779e-02 
 3.113328e+01  3.458845e-02 
 3.113368e+01  3.341689e-02 
 3.113408e+01  3.223273e-02 
 3.113448e+01  3.103789e-02 
 3.113487e+01  2.983071e-02 
 3.113527e+01  2.863046e-02 
 3.113567e+01  2.740389e-02 
 3.113607e+01  2.616306e-02 
 3.113647e+01  2.491166e-02 
 3.113686e+01  2.365926e-02 
 3.113726e+01  2.239893e-02 
 3.113766e+01  2.114219e-02 
 3.113806e+01  1.987572e-02 
 3.113845e+01  1.860395e-02 
 3.113885e+01  1.732369e-02 
 3.113925e+01  1.606478e-02 
 3.113965e+01  1.480423e-02 
 3.114004e+01  1.354674e-02 
 3.114044e+01  1.228635e-02 
 3.114084e+01  1.101602e-02 
 3.114124e+01  9.744607e-03 
 3.114164e+01  8.479596e-03 
 3.114203e+01  7.232726e-03 
 3.114243e+01  5.996032e-03 
 3.114283e+01  4.767702e-03 
 3.114323e+01  3.548632e-03 
 3.114362e+01  2.334567e-03 
 3.114402e+01  1.142045e-03 
 3.114442e+01 -3.068570e-05 
 3.114482e+01 -1.188387e-03 
 3.114521e+01 -2.324115e-03 
 3.114561e+01 -3.455228e-03 
 3.114601e+01 -4.567774e-03 
 3.114641e+01 -5.665463e-03 
 3.114681e+01 -6.731033e-03 
 3.114720e+01 -7.770764e-03 
 3.114760e+01 -8.806220e-03 
 3.114800e+01 -9.817230e-03 
 3.114840e+01 -1.081193e-02 
 3.114879e+01 -1.176640e-02 
 3.114919e+01 -1.269614e-02 
 3.114959e+01 -1.360092e-02 
 3.114999e+01 -1.449436e-02 
 3.115038e+01 -1.537561e-02 
 3.115078e+01 -1.624247e-02 
 3.115118e+01 -1.707865e-02 
 3.115158e+01 -1.789184e-02 
 3.115198e+01 -1.868635e-02 
 3.115237e+01 -1.945252e-02 
 3.115277e+01 -2.019610e-02 
 3.115317e+01 -2.091344e-02 
 3.115357e+01 -2.160360e-02 
 3.115396e+01 -2.224564e-02 
 3.115436e+01 -2.287215e-02 
 3.115476e+01 -2.346248e-02 
 3.115516e+01 -2.403356e-02 
 3.115556e+01 -2.458199e-02 
 3.115595e+01 -2.510017e-02 
 3.115635e+01 -2.559558e-02 
 3.115675e+01 -2.606158e-02 
 3.115715e+01 -2.650642e-02 
 3.115754e+01 -2.692792e-02 
 3.115794e+01 -2.730621e-02 
 3.115834e+01 -2.766069e-02 
 3.115874e+01 -2.796928e-02 
 3.115913e+01 -2.824889e-02 
 3.115953e+01 -2.849650e-02 
 3.115993e+01 -2.873184e-02 
 3.116033e+01 -2.894158e-02 
 3.116073e+01 -2.912371e-02 
 3.116112e+01 -2.927260e-02 
 3.116152e+01 -2.939929e-02 
 3.116192e+01 -2.949750e-02 
 3.116232e+01 -2.956519e-02 
 3.116271e+01 -2.961309e-02 
 3.116311e+01 -2.962623e-02 
 3.116351e+01 -2.960212e-02 
 3.116391e+01 -2.954294e-02 
 3.116430e+01 -2.945799e-02 
 3.116470e+01 -2.933863e-02 
 3.116510e+01 -2.920933e-02 
 3.116550e+01 -2.905426e-02 
 3.116590e+01 -2.885398e-02 
 3.116629e+01 -2.862924e-02 
 3.116669e+01 -2.837871e-02 
 3.116709e+01 -2.810253e-02 
 3.116749e+01 -2.779051e-02 
 3.116788e+01 -2.745004e-02 
 3.116828e+01 -2.706480e-02 
 3.116868e+01 -2.663927e-02 
 3.116908e+01 -2.619091e-02 
 3.116947e+01 -2.571613e-02 
 3.116987e+01 -2.522663e-02 
 3.117027e+01 -2.470054e-02 
 3.117067e+01 -2.415697e-02 
 3.117107e+01 -2.357910e-02 
 3.117146e+01 -2.297700e-02 
 3.117186e+01 -2.235653e-02 
 3.117226e+01 -2.170500e-02 
 3.117266e+01 -2.100698e-02 
 3.117305e+01 -2.027961e-02 
 3.117345e+01 -1.950441e-02 
 3.117385e+01 -1.869768e-02 
 3.117425e+01 -1.786994e-02 
 3.117464e+01 -1.702023e-02 
 3.117504e+01 -1.613572e-02 
 3.117544e+01 -1.524011e-02 
 3.117584e+01 -1.432150e-02 
 3.117624e+01 -1.338104e-02 
 3.117663e+01 -1.241629e-02 
 3.117703e+01 -1.142722e-02 
 3.117743e+01 -1.041273e-02 
 3.117783e+01 -9.358411e-03 
 3.117822e+01 -8.285038e-03 
 3.117862e+01 -7.191360e-03 
 3.117902e+01 -6.084187e-03 
 3.117942e+01 -4.970694e-03 
 3.117981e+01 -3.846198e-03 
 3.118021e+01 -2.720336e-03 
 3.118061e+01 -1.584238e-03 
 3.118101e+01 -4.274473e-04 
 3.118141e+01  7.342619e-04 
 3.118180e+01  1.914188e-03 
 3.118220e+01  3.117449e-03 
 3.118260e+01  4.325364e-03 
 3.118300e+01  5.549873e-03 
 3.118339e+01  6.788038e-03 
 3.118379e+01  8.015569e-03 
 3.118419e+01  9.236932e-03 
 3.118459e+01  1.046088e-02 
 3.118498e+01  1.168395e-02 
 3.118538e+01  1.290468e-02 
 3.118578e+01  1.412880e-02 
 3.118618e+01  1.535713e-02 
 3.118658e+01  1.658151e-02 
 3.118697e+01  1.781893e-02 
 3.118737e+01  1.906148e-02 
 3.118777e+01  2.030172e-02 
 3.118817e+01  2.154527e-02 
 3.118856e+01  2.277393e-02 
 3.118896e+01  2.400207e-02 
 3.118936e+01  2.521001e-02 
 3.118976e+01  2.640630e-02 
 3.119015e+01  2.760737e-02 
 3.119055e+01  2.878636e-02 
 3.119095e+01  2.995854e-02 
 3.119135e+01  3.112570e-02 
 3.119175e+01  3.228041e-02 
 3.119214e+01  3.344363e-02 
 3.119254e+01  3.458620e-02 
 3.119294e+01  3.573191e-02 
 3.119334e+01  3.686042e-02 
 3.119373e+01  3.798257e-02 
 3.119413e+01  3.908485e-02 
 3.119453e+01  4.018262e-02 
 3.119493e+01  4.126110e-02 
 3.119532e+01  4.231741e-02 
 3.119572e+01  4.336434e-02 
 3.119612e+01  4.438672e-02 
 3.119652e+01  4.540500e-02 
 3.119692e+01  4.641067e-02 
 3.119731e+01  4.741504e-02 
 3.119771e+01  4.838443e-02 
 3.119811e+01  4.935195e-02 
 3.119851e+01  5.028895e-02 
 3.119890e+01  5.121919e-02 
 3.119930e+01  5.212114e-02 
 3.119970e+01  5.300453e-02 
 3.120010e+01  5.385480e-02 
 3.120049e+01  5.469135e-02 
 3.120089e+01  5.550370e-02 
 3.120129e+01  5.630319e-02 
 3.120169e+01  5.708693e-02 
 3.120209e+01  5.784665e-02 
 3.120248e+01  5.859950e-02 
 3.120288e+01  5.932306e-02 
 3.120328e+01  6.001306e-02 
 3.120368e+01  6.069527e-02 
 3.120407e+01  6.134080e-02 
 3.120447e+01  6.196968e-02 
 3.120487e+01  6.255904e-02 
 3.120527e+01  6.312389e-02 
 3.120566e+01  6.366036e-02 
 3.120606e+01  6.416723e-02 
 3.120646e+01  6.465809e-02 
 3.120686e+01  6.511363e-02 
 3.120726e+01  6.554648e-02 
 3.120765e+01  6.594343e-02 
 3.120805e+01  6.629545e-02 
 3.120845e+01  6.661817e-02 
 3.120885e+01  6.691813e-02 
 3.120924e+01  6.717557e-02 
 3.120964e+01  6.740167e-02 
 3.121004e+01  6.758147e-02 
 3.121044e+01  6.773032e-02 
 3.121083e+01  6.783537e-02 
 3.121123e+01  6.792661e-02 
 3.121163e+01  6.798185e-02 
 3.121203e+01  6.800089e-02 
 3.121243e+01  6.797601e-02 
 3.121282e+01  6.792417e-02 
 3.121322e+01  6.782994e-02 
 3.121362e+01  6.771499e-02 
 3.121402e+01  6.756717e-02 
 3.121441e+01  6.739099e-02 
 3.121481e+01  6.716145e-02 
 3.121521e+01  6.690988e-02 
 3.121561e+01  6.661042e-02 
 3.121600e+01  6.630934e-02 
 3.121640e+01  6.595967e-02 
 3.121680e+01  6.557810e-02 
 3.121720e+01  6.516682e-02 
 3.121760e+01  6.472108e-02 
 3.121799e+01  6.425906e-02 
 3.121839e+01  6.375855e-02 
 3.121879e+01  6.323295e-02 
 3.121919e+01  6.267534e-02 
 3.121958e+01  6.207484e-02 
 3.121998e+01  6.145305e-02 
 3.122038e+01  6.081062e-02 
 3.122078e+01  6.014874e-02 
 3.122117e+01  5.946498e-02 
 3.122157e+01  5.875034e-02 
 3.122197e+01  5.802006e-02 
 3.122237e+01  5.725906e-02 
 3.122277e+01  5.649155e-02 
 3.122316e+01  5.569907e-02 
 3.122356e+01  5.487199e-02 
 3.122396e+01  5.403385e-02 
 3.122436e+01  5.315577e-02 
 3.122475e+01  5.226552e-02 
 3.122515e+01  5.135333e-02 
 3.122555e+01  5.041918e-02 
 3.122595e+01  4.945970e-02 
 3.122634e+01  4.848631e-02 
 3.122674e+01  4.749662e-02 
 3.122714e+01  4.647947e-02 
 3.122754e+01  4.545863e-02 
 3.122794e+01  4.442135e-02 
 3.122833e+01  4.337027e-02 
 3.122873e+01  4.228980e-02 
 3.122913e+01  4.120688e-02 
 3.122953e+01  4.010043e-02 
 3.122992e+01  3.898799e-02 
 3.123032e+01  3.785958e-02 
 3.123072e+01  3.672288e-02 
 3.123112e+01  3.557668e-02 
 3.123151e+01  3.442270e-02 
 3.123191e+01  3.324649e-02 
 3.123231e+01  3.207978e-02 
 3.123271e+01  3.091402e-02 
 3.123311e+01  2.974013e-02 
 3.123350e+01  2.857087e-02 
 3.123390e+01  2.738073e-02 
 3.123430e+01  2.618209e-02 
 3.123470e+01  2.498010e-02 
 3.123509e+01  2.377529e-02 
 3.123549e+01  2.257417e-02 
 3.123589e+01  2.134687e-02 
 3.123629e+01  2.013970e-02 
 3.123668e+01  1.892627e-02 
 3.123708e+01  1.770948e-02 
 3.123748e+01  1.650986e-02 
 3.123788e+01  1.530310e-02 
 3.123828e+01  1.410390e-02 
 3.123867e+01  1.288142e-02 
 3.123907e+01  1.165675e-02 
 3.123947e+01  1.043951e-02 
 3.123987e+01  9.219410e-03 
 3.124026e+01  8.012916e-03 
 3.124066e+01  6.804806e-03 
 3.124106e+01  5.596462e-03 
 3.124146e+01  4.408957e-03 
 3.124185e+01  3.231108e-03 
 3.124225e+01  2.068412e-03 
 3.124265e+01  9.210978e-04 
 3.124305e+01 -2.152127e-04 
 3.124345e+01 -1.358899e-03 
 3.124384e+01 -2.509622e-03 
 3.124424e+01 -3.634286e-03 
 3.124464e+01 -4.763646e-03 
 3.124504e+01 -5.877248e-03 
 3.124543e+01 -6.972199e-03 
 3.124583e+01 -8.060547e-03 
 3.124623e+01 -9.138173e-03 
 3.124663e+01 -1.018166e-02 
 3.124703e+01 -1.119639e-02 
 3.124742e+01 -1.220238e-02 
 3.124782e+01 -1.318597e-02 
 3.124822e+01 -1.415966e-02 
 3.124862e+01 -1.511222e-02 
 3.124901e+01 -1.604766e-02 
 3.124941e+01 -1.694417e-02 
 3.124981e+01 -1.781450e-02 
 3.125021e+01 -1.864937e-02 
 3.125060e+01 -1.946592e-02 
 3.125100e+01 -2.024633e-02 
 3.125140e+01 -2.099696e-02 
 3.125180e+01 -2.170174e-02 
 3.125220e+01 -2.237761e-02 
 3.125259e+01 -2.302509e-02 
 3.125299e+01 -2.365919e-02 
 3.125339e+01 -2.426134e-02 
 3.125379e+01 -2.483641e-02 
 3.125418e+01 -2.538323e-02 
 3.125458e+01 -2.588887e-02 
 3.125498e+01 -2.635709e-02 
 3.125538e+01 -2.680048e-02 
 3.125577e+01 -2.720749e-02 
 3.125617e+01 -2.758184e-02 
 3.125657e+01 -2.791591e-02 
 3.125697e+01 -2.821233e-02 
 3.125737e+01 -2.849089e-02 
 3.125776e+01 -2.874891e-02 
 3.125816e+01 -2.898374e-02 
 3.125856e+01 -2.919011e-02 
 3.125896e+01 -2.936252e-02 
 3.125935e+01 -2.949367e-02 
 3.125975e+01 -2.960026e-02 
 3.126015e+01 -2.967733e-02 
 3.126055e+01 -2.972906e-02 
 3.126094e+01 -2.974092e-02 
 3.126134e+01 -2.972084e-02 
 3.126174e+01 -2.965304e-02 
 3.126214e+01 -2.955976e-02 
 3.126254e+01 -2.944881e-02 
 3.126293e+01 -2.931799e-02 
 3.126333e+01 -2.915897e-02 
 3.126373e+01 -2.897804e-02 
 3.126413e+01 -2.875951e-02 
 3.126452e+01 -2.851318e-02 
 3.126492e+01 -2.825485e-02 
 3.126532e+01 -2.795884e-02 
 3.126572e+01 -2.761838e-02 
 3.126611e+01 -2.725720e-02 
 3.126651e+01 -2.685063e-02 
 3.126691e+01 -2.642100e-02 
 3.126731e+01 -2.597887e-02 
 3.126771e+01 -2.551083e-02 
 3.126810e+01 -2.501526e-02 
 3.126850e+01 -2.449122e-02 
 3.126890e+01 -2.393907e-02 
 3.126930e+01 -2.335105e-02 
 3.126969e+01 -2.275184e-02 
 3.127009e+01 -2.212394e-02 
 3.127049e+01 -2.145546e-02 
 3.127089e+01 -2.074808e-02 
 3.127128e+01 -2.001781e-02 
 3.127168e+01 -1.926055e-02 
 3.127208e+01 -1.847678e-02 
 3.127248e+01 -1.768344e-02 
 3.127288e+01 -1.687988e-02 
 3.127327e+01 -1.604202e-02 
 3.127367e+01 -1.519778e-02 
 3.127407e+01 -1.432889e-02 
 3.127447e+01 -1.343512e-02 
 3.127486e+01 -1.251358e-02 
 3.127526e+01 -1.157923e-02 
 3.127566e+01 -1.060930e-02 
 3.127606e+01 -9.619351e-03 
 3.127645e+01 -8.613299e-03 
 3.127685e+01 -7.598689e-03 
 3.127725e+01 -6.563939e-03 
 3.127765e+01 -5.523207e-03 
 3.127805e+01 -4.464575e-03 
 3.127844e+01 -3.388099e-03 
 3.127884e+01 -2.290130e-03 
 3.127924e+01 -1.180073e-03 
 3.127964e+01 -5.491825e-05 
 3.128003e+01  1.089841e-03 
 3.128043e+01  2.254957e-03 
 3.128083e+01  3.441495e-03 
 3.128123e+01  4.643490e-03 
 3.128162e+01  5.857597e-03 
 3.128202e+01  7.071739e-03 
 3.128242e+01  8.303004e-03 
 3.128282e+01  9.521701e-03 
 3.128322e+01  1.076650e-02 
 3.128361e+01  1.200866e-02 
 3.128401e+01  1.326254e-02 
 3.128441e+01  1.452768e-02 
 3.128481e+01  1.579905e-02 
 3.128520e+01  1.707684e-02 
 3.128560e+01  1.835475e-02 
 3.128600e+01  1.964154e-02 
 3.128640e+01  2.092170e-02 
 3.128679e+01  2.218852e-02 
 3.128719e+01  2.344924e-02 
 3.128759e+01  2.471201e-02 
 3.128799e+01  2.596744e-02 
 3.128839e+01  2.721566e-02 
 3.128878e+01  2.846030e-02 
 3.128918e+01  2.968969e-02 
 3.128958e+01  3.092997e-02 
 3.128998e+01  3.215443e-02 
 3.129037e+01  3.338380e-02 
 3.129077e+01  3.458967e-02 
 3.129117e+01  3.579123e-02 
 3.129157e+01  3.695603e-02 
 3.129196e+01  3.810244e-02 
 3.129236e+01  3.923307e-02 
 3.129276e+01  4.034289e-02 
 3.129316e+01  4.142607e-02 
 3.129356e+01  4.249208e-02 
 3.129395e+01  4.354719e-02 
 3.129435e+01  4.459687e-02 
 3.129475e+01  4.563297e-02 
 3.129515e+01  4.665216e-02 
 3.129554e+01  4.764149e-02 
 3.129594e+01  4.859922e-02 
 3.129634e+01  4.953168e-02 
 3.129674e+01  5.043959e-02 
 3.129713e+01  5.132796e-02 
 3.129753e+01  5.220182e-02 
 3.129793e+01  5.304791e-02 
 3.129833e+01  5.386896e-02 
 3.129873e+01  5.468521e-02 
 3.129912e+01  5.547621e-02 
 3.129952e+01  5.625790e-02 
 3.129992e+01  5.701946e-02 
 3.130032e+01  5.775025e-02 
 3.130071e+01  5.845447e-02 
 3.130111e+01  5.913077e-02 
 3.130151e+01  5.978603e-02 
 3.130191e+01  6.041252e-02 
 3.130230e+01  6.101579e-02 
 3.130270e+01  6.159964e-02 
 3.130310e+01  6.215262e-02 
 3.130350e+01  6.270103e-02 
 3.130390e+01  6.321994e-02 
 3.130429e+01  6.371514e-02 
 3.130469e+01  6.418823e-02 
 3.130509e+01  6.463400e-02 
 3.130549e+01  6.504352e-02 
 3.130588e+01  6.542023e-02 
 3.130628e+01  6.576967e-02 
 3.130668e+01  6.609327e-02 
 3.130708e+01  6.639145e-02 
 3.130747e+01  6.666404e-02 
 3.130787e+01  6.689358e-02 
 3.130827e+01  6.709486e-02 
 3.130867e+01  6.727816e-02 
 3.130907e+01  6.741962e-02 
 3.130946e+01  6.755481e-02 
 3.130986e+01  6.766275e-02 
 3.131026e+01  6.773221e-02 
 3.131066e+01  6.776692e-02 
 3.131105e+01  6.777219e-02 
 3.131145e+01  6.773534e-02 
 3.131185e+01  6.766176e-02 
 3.131225e+01  6.755506e-02 
 3.131264e+01  6.740586e-02 
 3.131304e+01  6.721860e-02 
 3.131344e+01  6.701105e-02 
 3.131384e+01  6.677297e-02 
 3.131424e+01  6.650253e-02 
 3.131463e+01  6.619992e-02 
 3.131503e+01  6.585937e-02 
 3.131543e+01  6.547665e-02 
 3.131583e+01  6.506490e-02 
 3.131622e+01  6.462748e-02 
 3.131662e+01  6.416203e-02 
 3.131702e+01  6.365208e-02 
 3.131742e+01  6.311397e-02 
 3.131781e+01  6.254221e-02 
 3.131821e+01  6.195177e-02 
 3.131861e+01  6.133707e-02 
 3.131901e+01  6.071084e-02 
 3.131941e+01  6.003502e-02 
 3.131980e+01  5.933888e-02 
 3.132020e+01  5.860162e-02 
 3.132060e+01  5.784150e-02 
 3.132100e+01  5.705624e-02 
 3.132139e+01  5.623303e-02 
 3.132179e+01  5.538602e-02 
 3.132219e+01  5.451253e-02 
 3.132259e+01  5.362353e-02 
 3.132298e+01  5.271999e-02 
 3.132338e+01  5.178978e-02 
 3.132378e+01  5.084771e-02 
 3.132418e+01  4.988974e-02 
 3.132458e+01  4.888982e-02 
 3.132497e+01  4.787876e-02 
 3.132537e+01  4.685421e-02 
 3.132577e+01  4.582050e-02 
 3.132617e+01  4.476609e-02 
 3.132656e+01  4.369524e-02 
 3.132696e+01  4.260933e-02 
 3.132736e+01  4.149372e-02 
 3.132776e+01  4.037597e-02 
 3.132815e+01  3.925295e-02 
 3.132855e+01  3.813151e-02 
 3.132895e+01  3.698305e-02 
 3.132935e+01  3.583798e-02 
 3.132975e+01  3.468372e-02 
 3.133014e+01  3.352016e-02 
 3.133054e+01  3.234770e-02 
 3.133094e+01  3.117241e-02 
 3.133134e+01  2.997896e-02 
 3.133173e+01  2.876033e-02 
 3.133213e+01  2.754918e-02 
 3.133253e+01  2.632530e-02 
 3.133293e+01  2.509490e-02 
 3.133332e+01  2.387721e-02 
 3.133372e+01  2.265666e-02 
 3.133412e+01  2.141822e-02 
 3.133452e+01  2.020621e-02 
 3.133492e+01  1.898426e-02 
 3.133531e+01  1.776507e-02 
 3.133571e+01  1.655246e-02 
 3.133611e+01  1.533824e-02 
 3.133651e+01  1.411150e-02 
 3.133690e+01  1.287340e-02 
 3.133730e+01  1.165058e-02 
 3.133770e+01  1.044859e-02 
 3.133810e+01  9.243062e-03 
 3.133850e+01  8.064305e-03 
 3.133889e+01  6.887311e-03 
 3.133929e+01  5.721551e-03 
 3.133969e+01  4.561864e-03 
 3.134009e+01  3.415976e-03 
 3.134048e+01  2.273564e-03 
 3.134088e+01  1.130021e-03 
 3.134128e+01 -1.702824e-05 
 3.134168e+01 -1.149743e-03 
 3.134207e+01 -2.277234e-03 
 3.134247e+01 -3.387338e-03 
 3.134287e+01 -4.469510e-03 
 3.134327e+01 -5.541919e-03 
 3.134367e+01 -6.600126e-03 
 3.134406e+01 -7.647400e-03 
 3.134446e+01 -8.662417e-03 
 3.134486e+01 -9.663941e-03 
 3.134526e+01 -1.063955e-02 
 3.134565e+01 -1.160648e-02 
 3.134605e+01 -1.257118e-02 
 3.134645e+01 -1.352333e-02 
 3.134685e+01 -1.445526e-02 
 3.134724e+01 -1.537283e-02 
 3.134764e+01 -1.625913e-02 
 3.134804e+01 -1.712205e-02 
 3.134844e+01 -1.796733e-02 
 3.134884e+01 -1.877660e-02 
 3.134923e+01 -1.956068e-02 
 3.134963e+01 -2.032076e-02 
 3.135003e+01 -2.105992e-02 
 3.135043e+01 -2.177130e-02 
 3.135082e+01 -2.247255e-02 
 3.135122e+01 -2.316983e-02 
 3.135162e+01 -2.382674e-02 
 3.135202e+01 -2.446490e-02 
 3.135241e+01 -2.507638e-02 
 3.135281e+01 -2.564210e-02 
 3.135321e+01 -2.617682e-02 
 3.135361e+01 -2.667868e-02 
 3.135401e+01 -2.714665e-02 
 3.135440e+01 -2.756820e-02 
 3.135480e+01 -2.794441e-02 
 3.135520e+01 -2.830962e-02 
 3.135560e+01 -2.863575e-02 
 3.135599e+01 -2.896176e-02 
 3.135639e+01 -2.924980e-02 
 3.135679e+01 -2.949088e-02 
 3.135719e+01 -2.969273e-02 
 3.135758e+01 -2.985347e-02 
 3.135798e+01 -2.997214e-02 
 3.135838e+01 -3.004207e-02 
 3.135878e+01 -3.008583e-02 
 3.135918e+01 -3.009479e-02 
 3.135957e+01 -3.006305e-02 
 3.135997e+01 -3.001077e-02 
 3.136037e+01 -2.994384e-02 
 3.136077e+01 -2.985736e-02 
 3.136116e+01 -2.973043e-02 
 3.136156e+01 -2.957909e-02 
 3.136196e+01 -2.937479e-02 
 3.136236e+01 -2.913913e-02 
 3.136275e+01 -2.886786e-02 
 3.136315e+01 -2.857258e-02 
 3.136355e+01 -2.823970e-02 
 3.136395e+01 -2.785830e-02 
 3.136435e+01 -2.746135e-02 
 3.136474e+01 -2.703556e-02 
 3.136514e+01 -2.659394e-02 
 3.136554e+01 -2.613781e-02 
 3.136594e+01 -2.566486e-02 
 3.136633e+01 -2.514780e-02 
 3.136673e+01 -2.460012e-02 
 3.136713e+01 -2.402211e-02 
 3.136753e+01 -2.341783e-02 
 3.136792e+01 -2.278026e-02 
 3.136832e+01 -2.212198e-02 
 3.136872e+01 -2.143779e-02 
 3.136912e+01 -2.072398e-02 
 3.136952e+01 -2.000552e-02 
 3.136991e+01 -1.926112e-02 
 3.137031e+01 -1.850578e-02 
 3.137071e+01 -1.773222e-02 
 3.137111e+01 -1.693832e-02 
 3.137150e+01 -1.611110e-02 
 3.137190e+01 -1.525428e-02 
 3.137230e+01 -1.437970e-02 
 3.137270e+01 -1.347385e-02 
 3.137309e+01 -1.255520e-02 
 3.137349e+01 -1.160574e-02 
 3.137389e+01 -1.062559e-02 
 3.137429e+01 -9.632499e-03 
 3.137469e+01 -8.647996e-03 
 3.137508e+01 -7.644412e-03 
 3.137548e+01 -6.623710e-03 
 3.137588e+01 -5.599235e-03 
 3.137628e+01 -4.548888e-03 
 3.137667e+01 -3.468087e-03 
 3.137707e+01 -2.376249e-03 
 3.137747e+01 -1.262414e-03 
 3.137787e+01 -1.216532e-04 
 3.137826e+01  1.030062e-03 
 3.137866e+01  2.190856e-03 
 3.137906e+01  3.367326e-03 
 3.137946e+01  4.545726e-03 
 3.137986e+01  5.712886e-03 
 3.138025e+01  6.881173e-03 
 3.138065e+01  8.066967e-03 
 3.138105e+01  9.250806e-03 
 3.138145e+01  1.044783e-02 
 3.138184e+01  1.165279e-02 
 3.138224e+01  1.286911e-02 
 3.138264e+01  1.409458e-02 
 3.138304e+01  1.533078e-02 
 3.138343e+01  1.658467e-02 
 3.138383e+01  1.782955e-02 
 3.138423e+01  1.906791e-02 
 3.138463e+01  2.030788e-02 
 3.138503e+01  2.153403e-02 
 3.138542e+01  2.276246e-02 
 3.138582e+01  2.400513e-02 
 3.138622e+01  2.524735e-02 
 3.138662e+01  2.647974e-02 
 3.138701e+01  2.771585e-02 
 3.138741e+01  2.896734e-02 
 3.138781e+01  3.020181e-02 
 3.138821e+01  3.143367e-02 
 3.138860e+01  3.266508e-02 
 3.138900e+01  3.387312e-02 
 3.138940e+01  3.506157e-02 
 3.138980e+01  3.623624e-02 
 3.139020e+01  3.740941e-02 
 3.139059e+01  3.856488e-02 
 3.139099e+01  3.971631e-02 
 3.139139e+01  4.085457e-02 
 3.139179e+01  4.197705e-02 
 3.139218e+01  4.309071e-02 
 3.139258e+01  4.420115e-02 
 3.139298e+01  4.530238e-02 
 3.139338e+01  4.636478e-02 
 3.139377e+01  4.741416e-02 
 3.139417e+01  4.843442e-02 
 3.139457e+01  4.942589e-02 
 3.139497e+01  5.039871e-02 
 3.139537e+01  5.133983e-02 
 3.139576e+01  5.225845e-02 
 3.139616e+01  5.315810e-02 
 3.139656e+01  5.404258e-02 
 3.139696e+01  5.489430e-02 
 3.139735e+01  5.572972e-02 
 3.139775e+01  5.654224e-02 
 3.139815e+01  5.732393e-02 
 3.139855e+01  5.807525e-02 
 3.139894e+01  5.879818e-02 
 3.139934e+01  5.947078e-02 
 3.139974e+01  6.011809e-02 
 3.140014e+01  6.073282e-02 
 3.140054e+01  6.131960e-02 
 3.140093e+01  6.187848e-02 
 3.140133e+01  6.240313e-02 
 3.140173e+01  6.292136e-02 
 3.140213e+01  6.340546e-02 
 3.140252e+01  6.386744e-02 
 3.140292e+01  6.431128e-02 
 3.140332e+01  6.471717e-02 
 3.140372e+01  6.508192e-02 
 3.140411e+01  6.541912e-02 
 3.140451e+01  6.572960e-02 
 3.140491e+01  6.601375e-02 
 3.140531e+01  6.626124e-02 
 3.140571e+01  6.649012e-02 
 3.140610e+01  6.669839e-02 
 3.140650e+01  6.688188e-02 
 3.140690e+01  6.704765e-02 
 3.140730e+01  6.718753e-02 
 3.140769e+01  6.729916e-02 
 3.140809e+01  6.737578e-02 
 3.140849e+01  6.741618e-02 
 3.140889e+01  6.741686e-02 
 3.140928e+01  6.739065e-02 
 3.140968e+01  6.734705e-02 
 3.141008e+01  6.725492e-02 
 3.141048e+01  6.713412e-02 
 3.141088e+01  6.699599e-02 
 3.141127e+01  6.683444e-02 
 3.141167e+01  6.664629e-02 
 3.141207e+01  6.644971e-02 
 3.141247e+01  6.620665e-02 
 3.141286e+01  6.592619e-02 
 3.141326e+01  6.561746e-02 
 3.141366e+01  6.528069e-02 
 3.141406e+01  6.490867e-02 
 3.141445e+01  6.450412e-02 
 3.141485e+01  6.407066e-02 
 3.141525e+01  6.360056e-02 
 3.141565e+01  6.309654e-02 
 3.141605e+01  6.257708e-02 
 3.141644e+01  6.202648e-02 
 3.141684e+01  6.145191e-02 
 3.141724e+01  6.085386e-02 
 3.141764e+01  6.020967e-02 
 3.141803e+01  5.954035e-02 
 3.141843e+01  5.884594e-02 
 3.141883e+01  5.812004e-02 
 3.141923e+01  5.736270e-02 
 3.141962e+01  5.657843e-02 
 3.142002e+01  5.576765e-02 
 3.142042e+01  5.491829e-02 
 3.142082e+01  5.404174e-02 
 3.142122e+01  5.317243e-02 
 3.142161e+01  5.227131e-02 
 3.142201e+01  5.134465e-02 
 3.142241e+01  5.040695e-02 
 3.142281e+01  4.943985e-02 
 3.142320e+01  4.844757e-02 
 3.142360e+01  4.744535e-02 
 3.142400e+01  4.643322e-02 
 3.142440e+01  4.538005e-02 
 3.142479e+01  4.429935e-02 
 3.142519e+01  4.320696e-02 
 3.142559e+01  4.209725e-02 
 3.142599e+01  4.096820e-02 
 3.142639e+01  3.984901e-02 
 3.142678e+01  3.871276e-02 
 3.142718e+01  3.755059e-02 
 3.142758e+01  3.637257e-02 
 3.142798e+01  3.517890e-02 
 3.142837e+01  3.397789e-02 
 3.142877e+01  3.277209e-02 
 3.142917e+01  3.155560e-02 
 3.142957e+01  3.031143e-02 
 3.142997e+01  2.906046e-02 
 3.143036e+01  2.781583e-02 
 3.143076e+01  2.657172e-02 
 3.143116e+01  2.533470e-02 
 3.143156e+01  2.409848e-02 
 3.143195e+01  2.286401e-02 
 3.143235e+01  2.161469e-02 
 3.143275e+01  2.036763e-02 
 3.143315e+01  1.914233e-02 
 3.143354e+01  1.790708e-02 
 3.143394e+01  1.667315e-02 
 3.143434e+01  1.544188e-02 
 3.143474e+01  1.420571e-02 
 3.143514e+01  1.296891e-02 
 3.143553e+01  1.175543e-02 
 3.143593e+01  1.056060e-02 
 3.143633e+01  9.358911e-03 
 3.143673e+01  8.161488e-03 
 3.143712e+01  6.974026e-03 
 3.143752e+01  5.789993e-03 
 3.143792e+01  4.627573e-03 
 3.143832e+01  3.475295e-03 
 3.143871e+01  2.332232e-03 
 3.143911e+01  1.190837e-03 
 3.143951e+01  5.784620e-05 
 3.143991e+01 -1.058242e-03 
 3.144031e+01 -2.161368e-03 
 3.144070e+01 -3.233753e-03 
 3.144110e+01 -4.296105e-03 
 3.144150e+01 -5.355514e-03 
 3.144190e+01 -6.392192e-03 
 3.144229e+01 -7.398481e-03 
 3.144269e+01 -8.396771e-03 
 3.144309e+01 -9.392112e-03 
 3.144349e+01 -1.037246e-02 
 3.144388e+01 -1.133504e-02 
 3.144428e+01 -1.230340e-02 
 3.144468e+01 -1.324679e-02 
 3.144508e+01 -1.415178e-02 
 3.144548e+01 -1.504886e-02 
 3.144587e+01 -1.592261e-02 
 3.144627e+01 -1.675835e-02 
 3.144667e+01 -1.758251e-02 
 3.144707e+01 -1.838797e-02 
 3.144746e+01 -1.916610e-02 
 3.144786e+01 -1.991887e-02 
 3.144826e+01 -2.067157e-02 
 3.144866e+01 -2.140319e-02 
 3.144905e+01 -2.211107e-02 
 3.144945e+01 -2.280010e-02 
 3.144985e+01 -2.345576e-02 
 3.145025e+01 -2.406731e-02 
 3.145065e+01 -2.465108e-02 
 3.145104e+01 -2.520776e-02 
 3.145144e+01 -2.572337e-02 
 3.145184e+01 -2.620947e-02 
 3.145224e+01 -2.667665e-02 
 3.145263e+01 -2.711006e-02 
 3.145303e+01 -2.750147e-02 
 3.145343e+01 -2.790212e-02 
 3.145383e+01 -2.826904e-02 
 3.145422e+01 -2.860169e-02 
 3.145462e+01 -2.889069e-02 
 3.145502e+01 -2.915821e-02 
 3.145542e+01 -2.937748e-02 
 3.145582e+01 -2.956003e-02 
 3.145621e+01 -2.972629e-02 
 3.145661e+01 -2.985754e-02 
 3.145701e+01 -2.995802e-02 
 3.145741e+01 -3.001841e-02 
 3.145780e+01 -3.006795e-02 
 3.145820e+01 -3.007287e-02 
 3.145860e+01 -3.005890e-02 
 3.145900e+01 -3.002202e-02 
 3.145939e+01 -2.992943e-02 
 3.145979e+01 -2.979438e-02 
 3.146019e+01 -2.962655e-02 
 3.146059e+01 -2.941932e-02 
 3.146099e+01 -2.917709e-02 
 3.146138e+01 -2.890271e-02 
 3.146178e+01 -2.859866e-02 
 3.146218e+01 -2.824608e-02 
 3.146258e+01 -2.787638e-02 
 3.146297e+01 -2.748633e-02 
 3.146337e+01 -2.707208e-02 
 3.146377e+01 -2.663732e-02 
 3.146417e+01 -2.615973e-02 
 3.146456e+01 -2.564038e-02 
 3.146496e+01 -2.508123e-02 
 3.146536e+01 -2.449044e-02 
 3.146576e+01 -2.387836e-02 
 3.146616e+01 -2.322221e-02 
 3.146655e+01 -2.255115e-02 
 3.146695e+01 -2.184275e-02 
 3.146735e+01 -2.111019e-02 
 3.146775e+01 -2.037856e-02 
 3.146814e+01 -1.962102e-02 
 3.146854e+01 -1.884423e-02 
 3.146894e+01 -1.803217e-02 
 3.146934e+01 -1.719613e-02 
 3.146973e+01 -1.632358e-02 
 3.147013e+01 -1.543237e-02 
 3.147053e+01 -1.451829e-02 
 3.147093e+01 -1.358500e-02 
 3.147133e+01 -1.262465e-02 
 3.147172e+01 -1.164362e-02 
 3.147212e+01 -1.066418e-02 
 3.147252e+01 -9.682202e-03 
 3.147292e+01 -8.694428e-03 
 3.147331e+01 -7.693142e-03 
 3.147371e+01 -6.667271e-03 
 3.147411e+01 -5.608537e-03 
 3.147451e+01 -4.540432e-03 
 3.147490e+01 -3.449407e-03 
 3.147530e+01 -2.347454e-03 
 3.147570e+01 -1.237419e-03 
 3.147610e+01 -1.309541e-04 
 3.147650e+01  9.911904e-04 
 3.147689e+01  2.124933e-03 
 3.147729e+01  3.239928e-03 
 3.147769e+01  4.361165e-03 
 3.147809e+01  5.505599e-03 
 3.147848e+01  6.659593e-03 
 3.147888e+01  7.826586e-03 
 3.147928e+01  9.011559e-03 
 3.147968e+01  1.021871e-02 
 3.148007e+01  1.141964e-02 
 3.148047e+01  1.263502e-02 
 3.148087e+01  1.386092e-02 
 3.148127e+01  1.508258e-02 
 3.148167e+01  1.630507e-02 
 3.148206e+01  1.751796e-02 
 3.148246e+01  1.872131e-02 
 3.148286e+01  1.992894e-02 
 3.148326e+01  2.114917e-02 
 3.148365e+01  2.237736e-02 
 3.148405e+01  2.361274e-02 
 3.148445e+01  2.485617e-02 
 3.148485e+01  2.608609e-02 
 3.148524e+01  2.731622e-02 
 3.148564e+01  2.854840e-02 
 3.148604e+01  2.976844e-02 
 3.148644e+01  3.097345e-02 
 3.148684e+01  3.217202e-02 
 3.148723e+01  3.335313e-02 
 3.148763e+01  3.452427e-02 
 3.148803e+01  3.568775e-02 
 3.148843e+01  3.685483e-02 
 3.148882e+01  3.800125e-02 
 3.148922e+01  3.915280e-02 
 3.148962e+01  4.029285e-02 
 3.149002e+01  4.141388e-02 
 3.149041e+01  4.254509e-02 
 3.149081e+01  4.365467e-02 
 3.149121e+01  4.472694e-02 
 3.149161e+01  4.577124e-02 
 3.149201e+01  4.681518e-02 
 3.149240e+01  4.783494e-02 
 3.149280e+01  4.882104e-02 
 3.149320e+01  4.981302e-02 
 3.149360e+01  5.078994e-02 
 3.149399e+01  5.173666e-02 
 3.149439e+01  5.267289e-02 
 3.149479e+01  5.359325e-02 
 3.149519e+01  5.448041e-02 
 3.149558e+01  5.533943e-02 
 3.149598e+01  5.617883e-02 
 3.149638e+01  5.698605e-02 
 3.149678e+01  5.775494e-02 
 3.149718e+01  5.850822e-02 
 3.149757e+01  5.922933e-02 
 3.149797e+01  5.992302e-02 
 3.149837e+01  6.059364e-02 
 3.149877e+01  6.124435e-02 
 3.149916e+01  6.187648e-02 
 3.149956e+01  6.246520e-02 
 3.149996e+01  6.304097e-02 
 3.150036e+01  6.357546e-02 
 3.150075e+01  6.407916e-02 
 3.150115e+01  6.454004e-02 
 3.150155e+01  6.496063e-02 
 3.150195e+01  6.535036e-02 
 3.150235e+01  6.570547e-02 
 3.150274e+01  6.603657e-02 
 3.150314e+01  6.633306e-02 
 3.150354e+01  6.660043e-02 
 3.150394e+01  6.683070e-02 
 3.150433e+01  6.703617e-02 
 3.150473e+01  6.720338e-02 
 3.150513e+01  6.733571e-02 
 3.150553e+01  6.743465e-02 
 3.150592e+01  6.750347e-02 
 3.150632e+01  6.753613e-02 
 3.150672e+01  6.752420e-02 
 3.150712e+01  6.750596e-02 
 3.150752e+01  6.745011e-02 
 3.150791e+01  6.737072e-02 
 3.150831e+01  6.726258e-02 
 3.150871e+01  6.712675e-02 
 3.150911e+01  6.697075e-02 
 3.150950e+01  6.679024e-02 
 3.150990e+01  6.659639e-02 
 3.151030e+01  6.635036e-02 
 3.151070e+01  6.607626e-02 
 3.151109e+01  6.576894e-02 
 3.151149e+01  6.543013e-02 
 3.151189e+01  6.507071e-02 
 3.151229e+01  6.469044e-02 
 3.151269e+01  6.428390e-02 
 3.151308e+01  6.385236e-02 
 3.151348e+01  6.338689e-02 
 3.151388e+01  6.290399e-02 
 3.151428e+01  6.241117e-02 
 3.151467e+01  6.189088e-02 
 3.151507e+01  6.133173e-02 
 3.151547e+01  6.073908e-02 
 3.151587e+01  6.011882e-02 
 3.151626e+01  5.946599e-02 
 3.151666e+01  5.878353e-02 
 3.151706e+01  5.807684e-02 
 3.151746e+01  5.735740e-02 
 3.151786e+01  5.658415e-02 
 3.151825e+01  5.580677e-02 
 3.151865e+01  5.501366e-02 
 3.151905e+01  5.419945e-02 
 3.151945e+01  5.337353e-02 
 3.151984e+01  5.251310e-02 
 3.152024e+01  5.161934e-02 
 3.152064e+01  5.067839e-02 
 3.152104e+01  4.972639e-02 
 3.152144e+01  4.875405e-02 
 3.152183e+01  4.775003e-02 
 3.152223e+01  4.674049e-02 
 3.152263e+01  4.570452e-02 
 3.152303e+01  4.463937e-02 
 3.152342e+01  4.358103e-02 
 3.152382e+01  4.250083e-02 
 3.152422e+01  4.139855e-02 
 3.152462e+01  4.028793e-02 
 3.152501e+01  3.916215e-02 
 3.152541e+01  3.800004e-02 
 3.152581e+01  3.683138e-02 
 3.152621e+01  3.565301e-02 
 3.152661e+01  3.447460e-02 
 3.152700e+01  3.327523e-02 
 3.152740e+01  3.207195e-02 
 3.152780e+01  3.086368e-02 
 3.152820e+01  2.965388e-02 
 3.152859e+01  2.845502e-02 
 3.152899e+01  2.724444e-02 
 3.152939e+01  2.603237e-02 
 3.152979e+01  2.480278e-02 
 3.153018e+01  2.356021e-02 
 3.153058e+01  2.230536e-02 
 3.153098e+01  2.105106e-02 
 3.153138e+01  1.980148e-02 
 3.153178e+01  1.854746e-02 
 3.153217e+01  1.727899e-02 
 3.153257e+01  1.602056e-02 
 3.153297e+01  1.475911e-02 
 3.153337e+01  1.351381e-02 
 3.153376e+01  1.227059e-02 
 3.153416e+01  1.104656e-02 
 3.153456e+01  9.818871e-03 
 3.153496e+01  8.594897e-03 
 3.153535e+01  7.380238e-03 
 3.153575e+01  6.171182e-03 
 3.153615e+01  4.968591e-03 
 3.153655e+01  3.772228e-03 
 3.153695e+01  2.577491e-03 
 3.153734e+01  1.391252e-03 
 3.153774e+01  2.203894e-04 
 3.153814e+01 -9.133289e-04 
 3.153854e+01 -2.024098e-03 
 3.153893e+01 -3.132425e-03 
 3.153933e+01 -4.217577e-03 
 3.153973e+01 -5.294350e-03 
 3.154013e+01 -6.360114e-03 
 3.154052e+01 -7.417221e-03 
 3.154092e+01 -8.438187e-03 
 3.154132e+01 -9.462051e-03 
 3.154172e+01 -1.046479e-02 
 3.154212e+01 -1.144365e-02 
 3.154251e+01 -1.240015e-02 
 3.154291e+01 -1.333404e-02 
 3.154331e+01 -1.423289e-02 
 3.154371e+01 -1.508518e-02 
 3.154410e+01 -1.593949e-02 
 3.154450e+01 -1.676858e-02 
 3.154490e+01 -1.757267e-02 
 3.154530e+01 -1.836107e-02 
 3.154569e+01 -1.913305e-02 
 3.154609e+01 -1.987102e-02 
 3.154649e+01 -2.059635e-02 
 3.154689e+01 -2.130320e-02 
 3.154729e+01 -2.196545e-02 
 3.154768e+01 -2.259343e-02 
 3.154808e+01 -2.319013e-02 
 3.154848e+01 -2.375133e-02 
 3.154888e+01 -2.429485e-02 
 3.154927e+01 -2.482549e-02 
 3.154967e+01 -2.535031e-02 
 3.155007e+01 -2.583316e-02 
 3.155047e+01 -2.629346e-02 
 3.155086e+01 -2.674449e-02 
 3.155126e+01 -2.716475e-02 
 3.155166e+01 -2.756668e-02 
 3.155206e+01 -2.793816e-02 
 3.155246e+01 -2.827093e-02 
 3.155285e+01 -2.856536e-02 
 3.155325e+01 -2.882844e-02 
 3.155365e+01 -2.905784e-02 
 3.155405e+01 -2.925667e-02 
 3.155444e+01 -2.943824e-02 
 3.155484e+01 -2.958553e-02 
 3.155524e+01 -2.969505e-02 
 3.155564e+01 -2.979458e-02 
 3.155603e+01 -2.987191e-02 
 3.155643e+01 -2.991261e-02 
 3.155683e+01 -2.992884e-02 
 3.155723e+01 -2.989459e-02 
 3.155763e+01 -2.980477e-02 
 3.155802e+01 -2.968526e-02 
 3.155842e+01 -2.953657e-02 
 3.155882e+01 -2.935547e-02 
 3.155922e+01 -2.913312e-02 
 3.155961e+01 -2.890418e-02 
 3.156001e+01 -2.863524e-02 
 3.156041e+01 -2.832755e-02 
 3.156081e+01 -2.801546e-02 
 3.156120e+01 -2.767366e-02 
 3.156160e+01 -2.729167e-02 
 3.156200e+01 -2.686952e-02 
 3.156240e+01 -2.641244e-02 
 3.156280e+01 -2.589785e-02 
 3.156319e+01 -2.535149e-02 
 3.156359e+01 -2.478530e-02 
 3.156399e+01 -2.419213e-02 
 3.156439e+01 -2.355689e-02 
 3.156478e+01 -2.292230e-02 
 3.156518e+01 -2.226310e-02 
 3.156558e+01 -2.157635e-02 
 3.156598e+01 -2.086803e-02 
 3.156637e+01 -2.013131e-02 
 3.156677e+01 -1.935632e-02 
 3.156717e+01 -1.853843e-02 
 3.156757e+01 -1.769317e-02 
 3.156797e+01 -1.682528e-02 
 3.156836e+01 -1.593523e-02 
 3.156876e+01 -1.503128e-02 
 3.156916e+01 -1.411164e-02 
 3.156956e+01 -1.316710e-02 
 3.156995e+01 -1.221537e-02 
 3.157035e+01 -1.124087e-02 
 3.157075e+01 -1.026622e-02 
 3.157115e+01 -9.263609e-03 
 3.157154e+01 -8.240997e-03 
 3.157194e+01 -7.201752e-03 
 3.157234e+01 -6.125357e-03 
 3.157274e+01 -5.034935e-03 
 3.157314e+01 -3.930536e-03 
 3.157353e+01 -2.818684e-03 
 3.157393e+01 -1.681754e-03 
 3.157433e+01 -5.436417e-04 
 3.157473e+01  6.021513e-04 
 3.157512e+01  1.758696e-03 
 3.157552e+01  2.917501e-03 
 3.157592e+01  4.086431e-03 
 3.157632e+01  5.271723e-03 
 3.157671e+01  6.475301e-03 
 3.157711e+01  7.689154e-03 
 3.157751e+01  8.906219e-03 
 3.157791e+01  1.013725e-02 
 3.157831e+01  1.135930e-02 
 3.157870e+01  1.259218e-02 
 3.157910e+01  1.382276e-02 
 3.157950e+01  1.505066e-02 
 3.157990e+01  1.627225e-02 
 3.158029e+01  1.748349e-02 
 3.158069e+01  1.868308e-02 
 3.158109e+01  1.989371e-02 
 3.158149e+01  2.112365e-02 
 3.158188e+01  2.235427e-02 
 3.158228e+01  2.358004e-02 
 3.158268e+01  2.481071e-02 
 3.158308e+01  2.603052e-02 
 3.158348e+01  2.723883e-02 
 3.158387e+01  2.844663e-02 
 3.158427e+01  2.963160e-02 
 3.158467e+01  3.080100e-02 
 3.158507e+01  3.195064e-02 
 3.158546e+01  3.310089e-02 
 3.158586e+01  3.425473e-02 
 3.158626e+01  3.540020e-02 
 3.158666e+01  3.656098e-02 
 3.158705e+01  3.770172e-02 
 3.158745e+01  3.883847e-02 
 3.158785e+01  3.995131e-02 
 3.158825e+01  4.106583e-02 
 3.158865e+01  4.214834e-02 
 3.158904e+01  4.321429e-02 
 3.158944e+01  4.426503e-02 
 3.158984e+01  4.528627e-02 
 3.159024e+01  4.629975e-02 
 3.159063e+01  4.730836e-02 
 3.159103e+01  4.830675e-02 
 3.159143e+01  4.929431e-02 
 3.159183e+01  5.026732e-02 
 3.159222e+01  5.121765e-02 
 3.159262e+01  5.214540e-02 
 3.159302e+01  5.304885e-02 
 3.159342e+01  5.393571e-02 
 3.159382e+01  5.478735e-02 
 3.159421e+01  5.562270e-02 
 3.159461e+01  5.642740e-02 
 3.159501e+01  5.721609e-02 
 3.159541e+01  5.799833e-02 
 3.159580e+01  5.874995e-02 
 3.159620e+01  5.949348e-02 
 3.159660e+01  6.020542e-02 
 3.159700e+01  6.089179e-02 
 3.159739e+01  6.154547e-02 
 3.159779e+01  6.217528e-02 
 3.159819e+01  6.277233e-02 
 3.159859e+01  6.333308e-02 
 3.159899e+01  6.385346e-02 
 3.159938e+01  6.434503e-02 
 3.159978e+01  6.479832e-02 
 3.160018e+01  6.522626e-02 
 3.160058e+01  6.563812e-02 
 3.160097e+01  6.600922e-02 
 3.160137e+01  6.634702e-02 
 3.160177e+01  6.665604e-02 
 3.160217e+01  6.694743e-02 
 3.160256e+01  6.720343e-02 
 3.160296e+01  6.741939e-02 
 3.160336e+01  6.760436e-02 
 3.160376e+01  6.774366e-02 
 3.160416e+01  6.783999e-02 
 3.160455e+01  6.790497e-02 
 3.160495e+01  6.794017e-02 
 3.160535e+01  6.794178e-02 
 3.160575e+01  6.791625e-02 
 3.160614e+01  6.785406e-02 
 3.160654e+01  6.775444e-02 
 3.160694e+01  6.763352e-02 
 3.160734e+01  6.746558e-02 
 3.160773e+01  6.728326e-02 
 3.160813e+01  6.704961e-02 
 3.160853e+01  6.677693e-02 
 3.160893e+01  6.647368e-02 
 3.160933e+01  6.614546e-02 
 3.160972e+01  6.577331e-02 
 3.161012e+01  6.538847e-02 
 3.161052e+01  6.497568e-02 
 3.161092e+01  6.452334e-02 
 3.161131e+01  6.404843e-02 
 3.161171e+01  6.355717e-02 
 3.161211e+01  6.303644e-02 
 3.161251e+01  6.248541e-02 
 3.161290e+01  6.191500e-02 
 3.161330e+01  6.130966e-02 
 3.161370e+01  6.067197e-02 
 3.161410e+01  6.001961e-02 
 3.161450e+01  5.935222e-02 
 3.161489e+01  5.865965e-02 
 3.161529e+01  5.794532e-02 
 3.161569e+01  5.722093e-02 
 3.161609e+01  5.645864e-02 
 3.161648e+01  5.567973e-02 
 3.161688e+01  5.488314e-02 
 3.161728e+01  5.407812e-02 
 3.161768e+01  5.323279e-02 
 3.161808e+01  5.237970e-02 
 3.161847e+01  5.148948e-02 
 3.161887e+01  5.057830e-02 
 3.161927e+01  4.965538e-02 
 3.161967e+01  4.871903e-02 
 3.162006e+01  4.774992e-02 
 3.162046e+01  4.677086e-02 
 3.162086e+01  4.577801e-02 
 3.162126e+01  4.477419e-02 
 3.162165e+01  4.375570e-02 
 3.162205e+01  4.272588e-02 
 3.162245e+01  4.167935e-02 
 3.162285e+01  4.060593e-02 
 3.162325e+01  3.951683e-02 
 3.162364e+01  3.839967e-02 
 3.162404e+01  3.727008e-02 
 3.162444e+01  3.614255e-02 
 3.162484e+01  3.498548e-02 
 3.162523e+01  3.381060e-02 
 3.162563e+01  3.262780e-02 
 3.162603e+01  3.143486e-02 
 3.162643e+01  3.023787e-02 
 3.162682e+01  2.902673e-02 
 3.162722e+01  2.782062e-02 
 3.162762e+01  2.657828e-02 
 3.162802e+01  2.532772e-02 
 3.162842e+01  2.406816e-02 
 3.162881e+01  2.280280e-02 
 3.162921e+01  2.153388e-02 
 3.162961e+01  2.027338e-02 
 3.163001e+01  1.900743e-02 
 3.163040e+01  1.773318e-02 
 3.163080e+01  1.646992e-02 
 3.163120e+01  1.522103e-02 
 3.163160e+01  1.398949e-02 
 3.163199e+01  1.272996e-02 
 3.163239e+01  1.149454e-02 
 3.163279e+01  1.024910e-02 
 3.163319e+01  9.001204e-03 
 3.163359e+01  7.774524e-03 
 3.163398e+01  6.560892e-03 
 3.163438e+01  5.348206e-03 
 3.163478e+01  4.145879e-03 
 3.163518e+01  2.952285e-03 
 3.163557e+01  1.778105e-03 
 3.163597e+01  6.132204e-04 
 3.163637e+01 -5.190395e-04 
 3.163677e+01 -1.643191e-03 
 3.163716e+01 -2.774779e-03 
 3.163756e+01 -3.890920e-03 
 3.163796e+01 -4.991629e-03 
 3.163836e+01 -6.070514e-03 
 3.163876e+01 -7.135732e-03 
 3.163915e+01 -8.181239e-03 
 3.163955e+01 -9.210895e-03 
 3.163995e+01 -1.022767e-02 
 3.164035e+01 -1.122952e-02 
 3.164074e+01 -1.218501e-02 
 3.164114e+01 -1.313462e-02 
 3.164154e+01 -1.404350e-02 
 3.164194e+01 -1.493316e-02 
 3.164233e+01 -1.581809e-02 
 3.164273e+01 -1.668649e-02 
 3.164313e+01 -1.751427e-02 
 3.164353e+01 -1.831251e-02 
 3.164393e+01 -1.910616e-02 
 3.164432e+01 -1.988297e-02 
 3.164472e+01 -2.062395e-02 
 3.164512e+01 -2.135456e-02 
 3.164552e+01 -2.204296e-02 
 3.164591e+01 -2.269636e-02 
 3.164631e+01 -2.331626e-02 
 3.164671e+01 -2.392224e-02 
 3.164711e+01 -2.449770e-02 
 3.164750e+01 -2.505750e-02 
 3.164790e+01 -2.557008e-02 
 3.164830e+01 -2.605177e-02 
 3.164870e+01 -2.650785e-02 
 3.164910e+01 -2.694074e-02 
 3.164949e+01 -2.733700e-02 
 3.164989e+01 -2.770460e-02 
 3.165029e+01 -2.803720e-02 
 3.165069e+01 -2.831614e-02 
 3.165108e+01 -2.856318e-02 
 3.165148e+01 -2.878560e-02 
 3.165188e+01 -2.898262e-02 
 3.165228e+01 -2.915187e-02 
 3.165267e+01 -2.930298e-02 
 3.165307e+01 -2.942646e-02 
 3.165347e+01 -2.951742e-02 
 3.165387e+01 -2.957856e-02 
 3.165427e+01 -2.962854e-02 
 3.165466e+01 -2.963323e-02 
 3.165506e+01 -2.961122e-02 
 3.165546e+01 -2.954322e-02 
 3.165586e+01 -2.945480e-02 
 3.165625e+01 -2.933514e-02 
 3.165665e+01 -2.919763e-02 
 3.165705e+01 -2.903985e-02 
 3.165745e+01 -2.884723e-02 
 3.165784e+01 -2.864208e-02 
 3.165824e+01 -2.839878e-02 
 3.165864e+01 -2.812813e-02 
 3.165904e+01 -2.782613e-02 
 3.165944e+01 -2.750644e-02 
 3.165983e+01 -2.714271e-02 
 3.166023e+01 -2.673850e-02 
 3.166063e+01 -2.630333e-02 
 3.166103e+01 -2.584579e-02 
 3.166142e+01 -2.536311e-02 
 3.166182e+01 -2.485878e-02 
 3.166222e+01 -2.432235e-02 
 3.166262e+01 -2.376517e-02 
 3.166301e+01 -2.317939e-02 
 3.166341e+01 -2.254947e-02 
 3.166381e+01 -2.190006e-02 
 3.166421e+01 -2.120685e-02 
 3.166461e+01 -2.047329e-02 
 3.166500e+01 -1.971535e-02 
 3.166540e+01 -1.892700e-02 
 3.166580e+01 -1.810958e-02 
 3.166620e+01 -1.728092e-02 
 3.166659e+01 -1.643130e-02 
 3.166699e+01 -1.554943e-02 
 3.166739e+01 -1.464732e-02 
 3.166779e+01 -1.372764e-02 
 3.166818e+01 -1.278646e-02 
 3.166858e+01 -1.180989e-02 
 3.166898e+01 -1.081062e-02 
 3.166938e+01 -9.787788e-03 
 3.166978e+01 -8.720180e-03 
 3.167017e+01 -7.645951e-03 
 3.167057e+01 -6.541532e-03 
 3.167097e+01 -5.435177e-03 
 3.167137e+01 -4.316873e-03 
 3.167176e+01 -3.190691e-03 
 3.167216e+01 -2.053389e-03 
 3.167256e+01 -9.172044e-04 
 3.167296e+01  2.376821e-04 
 3.167335e+01  1.394285e-03 
 3.167375e+01  2.570618e-03 
 3.167415e+01  3.756330e-03 
 3.167455e+01  4.967976e-03 
 3.167495e+01  6.179145e-03 
 3.167534e+01  7.396032e-03 
 3.167574e+01  8.623035e-03 
 3.167614e+01  9.832666e-03 
 3.167654e+01  1.104945e-02 
 3.167693e+01  1.226383e-02 
 3.167733e+01  1.348512e-02 
 3.167773e+01  1.471046e-02 
 3.167813e+01  1.592384e-02 
 3.167852e+01  1.714274e-02 
 3.167892e+01  1.837638e-02 
 3.167932e+01  1.962779e-02 
 3.167972e+01  2.087604e-02 
 3.168012e+01  2.212324e-02 
 3.168051e+01  2.335431e-02 
 3.168091e+01  2.458117e-02 
 3.168131e+01  2.579636e-02 
 3.168171e+01  2.700875e-02 
 3.168210e+01  2.820678e-02 
 3.168250e+01  2.940750e-02 
 3.168290e+01  3.060402e-02 
 3.168330e+01  3.179317e-02 
 3.168369e+01  3.298117e-02 
 3.168409e+01  3.417886e-02 
 3.168449e+01  3.535852e-02 
 3.168489e+01  3.652095e-02 
 3.168529e+01  3.767122e-02 
 3.168568e+01  3.879913e-02 
 3.168608e+01  3.990852e-02 
 3.168648e+01  4.100367e-02 
 3.168688e+01  4.208678e-02 
 3.168727e+01  4.314084e-02 
 3.168767e+01  4.418968e-02 
 3.168807e+01  4.521812e-02 
 3.168847e+01  4.623595e-02 
 3.168886e+01  4.724384e-02 
 3.168926e+01  4.824924e-02 
 3.168966e+01  4.922086e-02 
 3.169006e+01  5.017592e-02 
 3.169046e+01  5.109928e-02 
 3.169085e+01  5.200611e-02 
 3.169125e+01  5.288298e-02 
 3.169165e+01  5.374356e-02 
 3.169205e+01  5.456600e-02 
 3.169244e+01  5.536757e-02 
 3.169284e+01  5.615816e-02 
 3.169324e+01  5.692570e-02 
 3.169364e+01  5.767529e-02 
 3.169403e+01  5.840921e-02 
 3.169443e+01  5.912018e-02 
 3.169483e+01  5.979105e-02 
 3.169523e+01  6.044439e-02 
 3.169563e+01  6.107287e-02 
 3.169602e+01  6.166557e-02 
 3.169642e+01  6.223746e-02 
 3.169682e+01  6.278129e-02 
 3.169722e+01  6.328528e-02 
 3.169761e+01  6.376941e-02 
 3.169801e+01  6.425332e-02 
 3.169841e+01  6.471353e-02 
 3.169881e+01  6.514655e-02 
 3.169920e+01  6.555751e-02 
 3.169960e+01  6.593898e-02 
 3.170000e+01  6.628088e-02 
 3.170040e+01  6.659307e-02 
 3.170080e+01  6.686458e-02 
 3.170119e+01  6.710723e-02 
 3.170159e+01  6.730783e-02 
 3.170199e+01  6.748240e-02 
 3.170239e+01  6.762976e-02 
 3.170278e+01  6.774981e-02 
 3.170318e+01  6.785131e-02 
 3.170358e+01  6.792298e-02 
 3.170398e+01  6.795117e-02 
 3.170437e+01  6.793868e-02 
 3.170477e+01  6.788982e-02 
 3.170517e+01  6.780523e-02 
 3.170557e+01  6.768067e-02 
 3.170597e+01  6.751680e-02 
 3.170636e+01  6.731914e-02 
 3.170676e+01  6.708376e-02 
 3.170716e+01  6.680929e-02 
 3.170756e+01  6.652657e-02 
 3.170795e+01  6.620636e-02 
 3.170835e+01  6.585394e-02 
 3.170875e+01  6.547251e-02 
 3.170915e+01  6.505516e-02 
 3.170955e+01  6.459919e-02 
 3.170994e+01  6.412525e-02 
 3.171034e+01  6.360871e-02 
 3.171074e+01  6.305587e-02 
 3.171114e+01  6.246652e-02 
 3.171153e+01  6.186236e-02 
 3.171193e+01  6.122399e-02 
 3.171233e+01  6.055926e-02 
 3.171273e+01  5.987394e-02 
 3.171312e+01  5.915566e-02 
 3.171352e+01  5.840304e-02 
 3.171392e+01  5.763773e-02 
 3.171432e+01  5.683641e-02 
 3.171472e+01  5.602237e-02 
 3.171511e+01  5.518942e-02 
 3.171551e+01  5.433355e-02 
 3.171591e+01  5.345851e-02 
 3.171631e+01  5.254773e-02 
 3.171670e+01  5.162647e-02 
 3.171710e+01  5.068948e-02 
 3.171750e+01  4.973471e-02 
 3.171790e+01  4.876221e-02 
 3.171829e+01  4.778120e-02 
 3.171869e+01  4.678349e-02 
 3.171909e+01  4.577610e-02 
 3.171949e+01  4.474885e-02 
 3.171989e+01  4.370703e-02 
 3.172028e+01  4.265316e-02 
 3.172068e+01  4.156836e-02 
 3.172108e+01  4.046812e-02 
 3.172148e+01  3.935789e-02 
 3.172187e+01  3.823410e-02 
 3.172227e+01  3.710824e-02 
 3.172267e+01  3.596260e-02 
 3.172307e+01  3.482444e-02 
 3.172346e+01  3.366032e-02 
 3.172386e+01  3.249285e-02 
 3.172426e+01  3.132710e-02 
 3.172466e+01  3.016741e-02 
 3.172506e+01  2.899685e-02 
 3.172545e+01  2.780851e-02 
 3.172585e+01  2.661547e-02 
 3.172625e+01  2.540595e-02 
 3.172665e+01  2.419803e-02 
 3.172704e+01  2.300389e-02 
 3.172744e+01  2.180771e-02 
 3.172784e+01  2.060424e-02 
 3.172824e+01  1.939721e-02 
 3.172863e+01  1.819639e-02 
 3.172903e+01  1.699428e-02 
 3.172943e+01  1.579039e-02 
 3.172983e+01  1.458599e-02 
 3.173023e+01  1.336649e-02 
 3.173062e+01  1.215017e-02 
 3.173102e+01  1.093717e-02 
 3.173142e+01  9.725309e-03 
 3.173182e+01  8.521461e-03 
 3.173221e+01  7.326294e-03 
 3.173261e+01  6.130982e-03 
 3.173301e+01  4.922787e-03 
 3.173341e+01  3.736076e-03 
 3.173380e+01  2.563788e-03 
 3.173420e+01  1.399500e-03 
 3.173460e+01  2.446677e-04 
 3.173500e+01 -9.018579e-04 
 3.173540e+01 -2.069485e-03 
 3.173579e+01 -3.221442e-03 
 3.173619e+01 -4.347777e-03 
 3.173659e+01 -5.464891e-03 
 3.173699e+01 -6.560611e-03 
 3.173738e+01 -7.628395e-03 
 3.173778e+01 -8.685066e-03 
 3.173818e+01 -9.728651e-03 
 3.173858e+01 -1.074047e-02 
 3.173897e+01 -1.172863e-02 
 3.173937e+01 -1.271206e-02 
 3.173977e+01 -1.366795e-02 
 3.174017e+01 -1.462438e-02 
 3.174057e+01 -1.556709e-02 
 3.174096e+01 -1.648015e-02 
 3.174136e+01 -1.735727e-02 
 3.174176e+01 -1.822013e-02 
 3.174216e+01 -1.905288e-02 
 3.174255e+01 -1.985757e-02 
 3.174295e+01 -2.063219e-02 
 3.174335e+01 -2.136621e-02 
 3.174375e+01 -2.205761e-02 
 3.174414e+01 -2.271343e-02 
 3.174454e+01 -2.336031e-02 
 3.174494e+01 -2.398692e-02 
 3.174534e+01 -2.458529e-02 
 3.174574e+01 -2.514584e-02 
 3.174613e+01 -2.567902e-02 
 3.174653e+01 -2.616982e-02 
 3.174693e+01 -2.662326e-02 
 3.174733e+01 -2.705416e-02 
 3.174772e+01 -2.745223e-02 
 3.174812e+01 -2.780112e-02 
 3.174852e+01 -2.812837e-02 
 3.174892e+01 -2.843442e-02 
 3.174931e+01 -2.869827e-02 
 3.174971e+01 -2.894118e-02 
 3.175011e+01 -2.916017e-02 
 3.175051e+01 -2.936826e-02 
 3.175091e+01 -2.951306e-02 
 3.175130e+01 -2.963881e-02 
 3.175170e+01 -2.974011e-02 
 3.175210e+01 -2.979578e-02 
 3.175250e+01 -2.983151e-02 
 3.175289e+01 -2.982481e-02 
 3.175329e+01 -2.977595e-02 
 3.175369e+01 -2.969115e-02 
 3.175409e+01 -2.959036e-02 
 3.175448e+01 -2.947305e-02 
 3.175488e+01 -2.931332e-02 
 3.175528e+01 -2.913275e-02 
 3.175568e+01 -2.893132e-02 
 3.175608e+01 -2.868032e-02 
 3.175647e+01 -2.841045e-02 
 3.175687e+01 -2.810805e-02 
 3.175727e+01 -2.777951e-02 
 3.175767e+01 -2.740322e-02 
 3.175806e+01 -2.700713e-02 
 3.175846e+01 -2.657252e-02 
 3.175886e+01 -2.610447e-02 
 3.175926e+01 -2.562801e-02 
 3.175965e+01 -2.513250e-02 
 3.176005e+01 -2.459891e-02 
 3.176045e+01 -2.405120e-02 
 3.176085e+01 -2.348977e-02 
 3.176125e+01 -2.289115e-02 
 3.176164e+01 -2.227354e-02 
 3.176204e+01 -2.163317e-02 
 3.176244e+01 -2.095690e-02 
 3.176284e+01 -2.023932e-02 
 3.176323e+01 -1.949362e-02 
 3.176363e+01 -1.872528e-02 
 3.176403e+01 -1.795209e-02 
 3.176443e+01 -1.715312e-02 
 3.176482e+01 -1.634757e-02 
 3.176522e+01 -1.550094e-02 
 3.176562e+01 -1.465480e-02 
 3.176602e+01 -1.378442e-02 
 3.176642e+01 -1.288320e-02 
 3.176681e+01 -1.195798e-02 
 3.176721e+01 -1.101257e-02 
 3.176761e+01 -1.003464e-02 
 3.176801e+01 -9.030578e-03 
 3.176840e+01 -8.020050e-03 
 3.176880e+01 -6.993668e-03 
 3.176920e+01 -5.955380e-03 
 3.176960e+01 -4.910993e-03 
 3.176999e+01 -3.853705e-03 
 3.177039e+01 -2.756485e-03 
 3.177079e+01 -1.665080e-03 
 3.177119e+01 -5.500427e-04 
 3.177159e+01  5.906692e-04 
 3.177198e+01  1.757135e-03 
 3.177238e+01  2.939553e-03 
 3.177278e+01  4.145767e-03 
 3.177318e+01  5.362430e-03 
 3.177357e+01  6.567389e-03 
 3.177397e+01  7.790117e-03 
 3.177437e+01  9.015514e-03 
 3.177477e+01  1.024180e-02 
 3.177516e+01  1.148183e-02 
 3.177556e+01  1.273988e-02 
 3.177596e+01  1.399973e-02 
 3.177636e+01  1.526461e-02 
 3.177676e+01  1.655116e-02 
 3.177715e+01  1.784006e-02 
 3.177755e+01  1.912775e-02 
 3.177795e+01  2.041435e-02 
 3.177835e+01  2.169219e-02 
 3.177874e+01  2.297537e-02 
 3.177914e+01  2.423413e-02 
 3.177954e+01  2.549205e-02 
 3.177994e+01  2.674268e-02 
 3.178033e+01  2.798114e-02 
 3.178073e+01  2.920850e-02 
 3.178113e+01  3.042799e-02 
 3.178153e+01  3.164207e-02 
 3.178193e+01  3.285745e-02 
 3.178232e+01  3.405823e-02 
 3.178272e+01  3.525301e-02 
 3.178312e+01  3.642027e-02 
 3.178352e+01  3.756839e-02 
 3.178391e+01  3.870830e-02 
 3.178431e+01  3.982625e-02 
 3.178471e+01  4.091744e-02 
 3.178511e+01  4.200903e-02 
 3.178550e+01  4.307619e-02 
 3.178590e+01  4.412574e-02 
 3.178630e+01  4.516984e-02 
 3.178670e+01  4.619701e-02 
 3.178710e+01  4.720749e-02 
 3.178749e+01  4.820377e-02 
 3.178789e+01  4.917191e-02 
 3.178829e+01  5.011549e-02 
 3.178869e+01  5.103250e-02 
 3.178908e+01  5.193811e-02 
 3.178948e+01  5.280775e-02 
 3.178988e+01  5.364786e-02 
 3.179028e+01  5.447361e-02 
 3.179067e+01  5.526768e-02 
 3.179107e+01  5.606086e-02 
 3.179147e+01  5.683496e-02 
 3.179187e+01  5.758995e-02 
 3.179227e+01  5.831333e-02 
 3.179266e+01  5.901478e-02 
 3.179306e+01  5.968455e-02 
 3.179346e+01  6.032334e-02 
 3.179386e+01  6.093602e-02 
 3.179425e+01  6.153259e-02 
 3.179465e+01  6.208283e-02 
 3.179505e+01  6.261868e-02 
 3.179545e+01  6.313476e-02 
 3.179584e+01  6.361611e-02 
 3.179624e+01  6.407749e-02 
 3.179664e+01  6.450408e-02 
 3.179704e+01  6.490916e-02 
 3.179744e+01  6.526992e-02 
 3.179783e+01  6.561290e-02 
 3.179823e+01  6.592316e-02 
 3.179863e+01  6.619800e-02 
 3.179903e+01  6.645551e-02 
 3.179942e+01  6.669279e-02 
 3.179982e+01  6.687516e-02 
 3.180022e+01  6.704259e-02 
 3.180062e+01  6.719191e-02 
 3.180102e+01  6.730889e-02 
 3.180141e+01  6.740278e-02 
 3.180181e+01  6.746166e-02 
 3.180221e+01  6.747988e-02 
 3.180261e+01  6.747509e-02 
 3.180300e+01  6.744042e-02 
 3.180340e+01  6.738491e-02 
 3.180380e+01  6.729709e-02 
 3.180420e+01  6.718206e-02 
 3.180459e+01  6.703572e-02 
 3.180499e+01  6.685793e-02 
 3.180539e+01  6.666122e-02 
 3.180579e+01  6.643036e-02 
 3.180619e+01  6.617410e-02 
 3.180658e+01  6.588291e-02 
 3.180698e+01  6.555309e-02 
 3.180738e+01  6.519040e-02 
 3.180778e+01  6.479962e-02 
 3.180817e+01  6.437694e-02 
 3.180857e+01  6.391833e-02 
 3.180897e+01  6.341364e-02 
 3.180937e+01  6.287778e-02 
 3.180976e+01  6.230627e-02 
 3.181016e+01  6.171407e-02 
 3.181056e+01  6.109409e-02 
 3.181096e+01  6.044756e-02 
 3.181136e+01  5.976962e-02 
 3.181175e+01  5.905251e-02 
 3.181215e+01  5.830309e-02 
 3.181255e+01  5.753118e-02 
 3.181295e+01  5.673257e-02 
 3.181334e+01  5.590926e-02 
 3.181374e+01  5.505330e-02 
 3.181414e+01  5.416016e-02 
 3.181454e+01  5.326055e-02 
 3.181493e+01  5.233779e-02 
 3.181533e+01  5.139061e-02 
 3.181573e+01  5.042015e-02 
 3.181613e+01  4.942276e-02 
 3.181653e+01  4.839968e-02 
 3.181692e+01  4.735547e-02 
 3.181732e+01  4.629532e-02 
 3.181772e+01  4.522145e-02 
 3.181812e+01  4.413648e-02 
 3.181851e+01  4.303434e-02 
 3.181891e+01  4.190691e-02 
 3.181931e+01  4.078675e-02 
 3.181971e+01  3.965419e-02 
 3.182010e+01  3.851424e-02 
 3.182050e+01  3.736889e-02 
 3.182090e+01  3.620171e-02 
 3.182130e+01  3.502712e-02 
 3.182170e+01  3.384933e-02 
 3.182209e+01  3.267328e-02 
 3.182249e+01  3.148718e-02 
 3.182289e+01  3.030679e-02 
 3.182329e+01  2.911711e-02 
 3.182368e+01  2.791248e-02 
 3.182408e+01  2.671035e-02 
 3.182448e+01  2.550917e-02 
 3.182488e+01  2.428802e-02 
 3.182527e+01  2.307610e-02 
 3.182567e+01  2.185270e-02 
 3.182607e+01  2.063224e-02 
 3.182647e+01  1.941150e-02 
 3.182687e+01  1.820135e-02 
 3.182726e+01  1.699782e-02 
 3.182766e+01  1.578743e-02 
 3.182806e+01  1.458361e-02 
 3.182846e+01  1.336557e-02 
 3.182885e+01  1.215806e-02 
 3.182925e+01  1.094561e-02 
 3.182965e+01  9.741147e-03 
 3.183005e+01  8.546492e-03 
 3.183044e+01  7.356863e-03 
 3.183084e+01  6.182859e-03 
 3.183124e+01  5.013229e-03 
 3.183164e+01  3.857152e-03 
 3.183204e+01  2.733748e-03 
 3.183243e+01  1.608013e-03 
 3.183283e+01  4.863822e-04 
 3.183323e+01 -6.284632e-04 
 3.183363e+01 -1.736685e-03 
 3.183402e+01 -2.845164e-03 
 3.183442e+01 -3.930135e-03 
 3.183482e+01 -5.001442e-03 
 3.183522e+01 -6.060925e-03 
 3.183561e+01 -7.105033e-03 
 3.183601e+01 -8.138045e-03 
 3.183641e+01 -9.159090e-03 
 3.183681e+01 -1.014931e-02 
 3.183721e+01 -1.111979e-02 
 3.183760e+01 -1.208742e-02 
 3.183800e+01 -1.304853e-02 
 3.183840e+01 -1.398157e-02 
 3.183880e+01 -1.490422e-02 
 3.183919e+01 -1.580297e-02 
 3.183959e+01 -1.665953e-02 
 3.183999e+01 -1.751473e-02 
 3.184039e+01 -1.834341e-02 
 3.184078e+01 -1.915508e-02 
 3.184118e+01 -1.992726e-02 
 3.184158e+01 -2.068101e-02 
 3.184198e+01 -2.140353e-02 
 3.184238e+01 -2.211484e-02 
 3.184277e+01 -2.280445e-02 
 3.184317e+01 -2.347776e-02 
 3.184357e+01 -2.412429e-02 
 3.184397e+01 -2.474140e-02 
 3.184436e+01 -2.531185e-02 
 3.184476e+01 -2.587175e-02 
 3.184516e+01 -2.639747e-02 
 3.184556e+01 -2.689206e-02 
 3.184595e+01 -2.735660e-02 
 3.184635e+01 -2.777862e-02 
 3.184675e+01 -2.817020e-02 
 3.184715e+01 -2.852391e-02 
 3.184755e+01 -2.886458e-02 
 3.184794e+01 -2.917326e-02 
 3.184834e+01 -2.944552e-02 
 3.184874e+01 -2.968080e-02 
 3.184914e+01 -2.987186e-02 
 3.184953e+01 -3.002666e-02 
 3.184993e+01 -3.015394e-02 
 3.185033e+01 -3.023397e-02 
 3.185073e+01 -3.027695e-02 
 3.185112e+01 -3.026349e-02 
 3.185152e+01 -3.023184e-02 
 3.185192e+01 -3.016454e-02 
 3.185232e+01 -3.007508e-02 
 3.185272e+01 -2.995810e-02 
 3.185311e+01 -2.980402e-02 
 3.185351e+01 -2.961065e-02 
 3.185391e+01 -2.937973e-02 
 3.185431e+01 -2.911725e-02 
 3.185470e+01 -2.882463e-02 
 3.185510e+01 -2.849866e-02 
 3.185550e+01 -2.814068e-02 
 3.185590e+01 -2.774382e-02 
 3.185629e+01 -2.731969e-02 
 3.185669e+01 -2.687600e-02 
 3.185709e+01 -2.641197e-02 
 3.185749e+01 -2.592669e-02 
 3.185789e+01 -2.541424e-02 
 3.185828e+01 -2.486375e-02 
 3.185868e+01 -2.428453e-02 
 3.185908e+01 -2.368253e-02 
 3.185948e+01 -2.304911e-02 
 3.185987e+01 -2.239098e-02 
 3.186027e+01 -2.170431e-02 
 3.186067e+01 -2.098863e-02 
 3.186107e+01 -2.024787e-02 
 3.186146e+01 -1.950099e-02 
 3.186186e+01 -1.872994e-02 
 3.186226e+01 -1.794186e-02 
 3.186266e+01 -1.714053e-02 
 3.186306e+01 -1.631259e-02 
 3.186345e+01 -1.545532e-02 
 3.186385e+01 -1.458398e-02 
 3.186425e+01 -1.371097e-02 
 3.186465e+01 -1.279824e-02 
 3.186504e+01 -1.187376e-02 
 3.186544e+01 -1.092557e-02 
 3.186584e+01 -9.962288e-03 
 3.186624e+01 -8.969256e-03 
 3.186663e+01 -7.970773e-03 
 3.186703e+01 -6.964970e-03 
 3.186743e+01 -5.941146e-03 
 3.186783e+01 -4.901020e-03 
 3.186823e+01 -3.836832e-03 
 3.186862e+01 -2.757790e-03 
 3.186902e+01 -1.673702e-03 
 3.186942e+01 -5.676388e-04 
 3.186982e+01  5.537748e-04 
 3.187021e+01  1.682470e-03 
 3.187061e+01  2.835971e-03 
 3.187101e+01  3.991468e-03 
 3.187141e+01  5.159156e-03 
 3.187180e+01  6.319409e-03 
 3.187220e+01  7.504503e-03 
 3.187260e+01  8.679734e-03 
 3.187300e+01  9.880054e-03 
 3.187340e+01  1.109307e-02 
 3.187379e+01  1.230661e-02 
 3.187419e+01  1.353177e-02 
 3.187459e+01  1.475987e-02 
 3.187499e+01  1.600090e-02 
 3.187538e+01  1.723893e-02 
 3.187578e+01  1.848693e-02 
 3.187618e+01  1.972764e-02 
 3.187658e+01  2.095978e-02 
 3.187697e+01  2.218838e-02 
 3.187737e+01  2.342706e-02 
 3.187777e+01  2.465608e-02 
 3.187817e+01  2.589194e-02 
 3.187857e+01  2.713092e-02 
 3.187896e+01  2.837434e-02 
 3.187936e+01  2.960669e-02 
 3.187976e+01  3.083750e-02 
 3.188016e+01  3.207844e-02 
 3.188055e+01  3.329969e-02 
 3.188095e+01  3.450686e-02 
 3.188135e+01  3.570163e-02 
 3.188175e+01  3.688933e-02 
 3.188214e+01  3.806008e-02 
 3.188254e+01  3.922385e-02 
 3.188294e+01  4.037278e-02 
 3.188334e+01  4.151684e-02 
 3.188374e+01  4.264469e-02 
 3.188413e+01  4.376225e-02 
 3.188453e+01  4.484695e-02 
 3.188493e+01  4.593050e-02 
 3.188533e+01  4.697862e-02 
 3.188572e+01  4.800082e-02 
 3.188612e+01  4.899879e-02 
 3.188652e+01  4.998040e-02 
 3.188692e+01  5.093193e-02 
 3.188731e+01  5.187530e-02 
 3.188771e+01  5.278547e-02 
 3.188811e+01  5.367157e-02 
 3.188851e+01  5.455106e-02 
 3.188891e+01  5.540467e-02 
 3.188930e+01  5.623723e-02 
 3.188970e+01  5.703252e-02 
 3.189010e+01  5.780709e-02 
 3.189050e+01  5.853299e-02 
 3.189089e+01  5.923589e-02 
 3.189129e+01  5.990461e-02 
 3.189169e+01  6.054880e-02 
 3.189209e+01  6.116479e-02 
 3.189249e+01  6.175782e-02 
 3.189288e+01  6.231977e-02 
 3.189328e+01  6.285320e-02 
 3.189368e+01  6.335531e-02 
 3.189408e+01  6.384688e-02 
 3.189447e+01  6.430043e-02 
 3.189487e+01  6.471589e-02 
 3.189527e+01  6.509952e-02 
 3.189567e+01  6.545464e-02 
 3.189606e+01  6.577324e-02 
 3.189646e+01  6.606308e-02 
 3.189686e+01  6.632268e-02 
 3.189726e+01  6.655336e-02 
 3.189766e+01  6.674165e-02 
 3.189805e+01  6.690999e-02 
 3.189845e+01  6.705858e-02 
 3.189885e+01  6.719152e-02 
 3.189925e+01  6.729455e-02 
 3.189964e+01  6.735937e-02 
 3.190004e+01  6.739031e-02 
 3.190044e+01  6.738631e-02 
 3.190084e+01  6.735592e-02 
 3.190123e+01  6.730285e-02 
 3.190163e+01  6.721685e-02 
 3.190203e+01  6.708861e-02 
 3.190243e+01  6.694956e-02 
 3.190283e+01  6.676606e-02 
 3.190322e+01  6.655696e-02 
 3.190362e+01  6.632731e-02 
 3.190402e+01  6.608722e-02 
 3.190442e+01  6.579025e-02 
 3.190481e+01  6.548421e-02 
 3.190521e+01  6.514005e-02 
 3.190561e+01  6.477103e-02 
 3.190601e+01  6.436820e-02 
 3.190640e+01  6.395388e-02 
 3.190680e+01  6.349606e-02 
 3.190720e+01  6.300786e-02 
 3.190760e+01  6.252202e-02 
 3.190800e+01  6.200133e-02 
 3.190839e+01  6.146431e-02 
 3.190879e+01  6.090144e-02 
 3.190919e+01  6.030914e-02 
 3.190959e+01  5.968524e-02 
 3.190998e+01  5.902322e-02 
 3.191038e+01  5.834442e-02 
 3.191078e+01  5.763545e-02 
 3.191118e+01  5.690157e-02 
 3.191157e+01  5.614656e-02 
 3.191197e+01  5.535148e-02 
 3.191237e+01  5.453319e-02 
 3.191277e+01  5.369499e-02 
 3.191317e+01  5.283070e-02 
 3.191356e+01  5.194207e-02 
 3.191396e+01  5.103149e-02 
 3.191436e+01  5.009108e-02 
 3.191476e+01  4.912673e-02 
 3.191515e+01  4.813808e-02 
 3.191555e+01  4.712860e-02 
 3.191595e+01  4.609163e-02 
 3.191635e+01  4.503624e-02 
 3.191674e+01  4.395302e-02 
 3.191714e+01  4.284351e-02 
 3.191754e+01  4.172729e-02 
 3.191794e+01  4.060407e-02 
 3.191834e+01  3.945413e-02 
 3.191873e+01  3.828530e-02 
 3.191913e+01  3.709756e-02 
 3.191953e+01  3.589731e-02 
 3.191993e+01  3.468406e-02 
 3.192032e+01  3.346397e-02 
 3.192072e+01  3.222946e-02 
 3.192112e+01  3.098697e-02 
 3.192152e+01  2.972436e-02 
 3.192191e+01  2.844856e-02 
 3.192231e+01  2.716787e-02 
 3.192271e+01  2.589523e-02 
 3.192311e+01  2.462753e-02 
 3.192351e+01  2.334654e-02 
 3.192390e+01  2.207413e-02 
 3.192430e+01  2.080354e-02 
 3.192470e+01  1.953827e-02 
 3.192510e+01  1.828180e-02 
 3.192549e+01  1.702280e-02 
 3.192589e+01  1.576081e-02 
 3.192629e+01  1.450930e-02 
 3.192669e+01  1.326288e-02 
 3.192708e+01  1.203155e-02 
 3.192748e+01  1.081945e-02 
 3.192788e+01  9.623750e-03 
 3.192828e+01  8.432022e-03 
 3.192868e+01  7.251346e-03 
 3.192907e+01  6.084999e-03 
 3.192947e+01  4.911103e-03 
 3.192987e+01  3.774514e-03 
 3.193027e+01  2.641808e-03 
 3.193066e+01  1.510025e-03 
 3.193106e+01  3.783022e-04 
 3.193146e+01 -7.342454e-04 
 3.193186e+01 -1.837221e-03 
 3.193225e+01 -2.933554e-03 
 3.193265e+01 -3.994486e-03 
 3.193305e+01 -5.051677e-03 
 3.193345e+01 -6.088366e-03 
 3.193385e+01 -7.115756e-03 
 3.193424e+01 -8.106738e-03 
 3.193464e+01 -9.087961e-03 
 3.193504e+01 -1.004516e-02 
 3.193544e+01 -1.099178e-02 
 3.193583e+01 -1.193893e-02 
 3.193623e+01 -1.286412e-02 
 3.193663e+01 -1.376668e-02 
 3.193703e+01 -1.464922e-02 
 3.193742e+01 -1.552096e-02 
 3.193782e+01 -1.637744e-02 
 3.193822e+01 -1.720254e-02 
 3.193862e+01 -1.801154e-02 
 3.193902e+01 -1.879071e-02 
 3.193941e+01 -1.954700e-02 
 3.193981e+01 -2.027027e-02 
 3.194021e+01 -2.098278e-02 
 3.194061e+01 -2.168110e-02 
 3.194100e+01 -2.237366e-02 
 3.194140e+01 -2.303118e-02 
 3.194180e+01 -2.366626e-02 
 3.194220e+01 -2.427380e-02 
 3.194259e+01 -2.484420e-02 
 3.194299e+01 -2.538573e-02 
 3.194339e+01 -2.588508e-02 
 3.194379e+01 -2.635916e-02 
 3.194419e+01 -2.679148e-02 
 3.194458e+01 -2.720522e-02 
 3.194498e+01 -2.760166e-02 
 3.194538e+01 -2.797426e-02 
 3.194578e+01 -2.832667e-02 
 3.194617e+01 -2.865946e-02 
 3.194657e+01 -2.894481e-02 
 3.194697e+01 -2.919984e-02 
 3.194737e+01 -2.941483e-02 
 3.194776e+01 -2.960424e-02 
 3.194816e+01 -2.975713e-02 
 3.194856e+01 -2.987360e-02 
 3.194896e+01 -2.996270e-02 
 3.194936e+01 -3.000037e-02 
 3.194975e+01 -3.003917e-02 
 3.195015e+01 -3.004435e-02 
 3.195055e+01 -3.002735e-02 
 3.195095e+01 -2.998475e-02 
 3.195134e+01 -2.991172e-02 
 3.195174e+01 -2.978417e-02 
 3.195214e+01 -2.962183e-02 
 3.195254e+01 -2.942135e-02 
 3.195293e+01 -2.920066e-02 
 3.195333e+01 -2.892753e-02 
 3.195373e+01 -2.861343e-02 
 3.195413e+01 -2.827642e-02 
 3.195453e+01 -2.790595e-02 
 3.195492e+01 -2.750500e-02 
 3.195532e+01 -2.708174e-02 
 3.195572e+01 -2.661985e-02 
 3.195612e+01 -2.611385e-02 
 3.195651e+01 -2.557229e-02 
 3.195691e+01 -2.498776e-02 
 3.195731e+01 -2.437962e-02 
 3.195771e+01 -2.374220e-02 
 3.195810e+01 -2.307469e-02 
 3.195850e+01 -2.236825e-02 
 3.195890e+01 -2.162304e-02 
 3.195930e+01 -2.086333e-02 
 3.195970e+01 -2.008694e-02 
 3.196009e+01 -1.929675e-02 
 3.196049e+01 -1.848182e-02 
 3.196089e+01 -1.763192e-02 
 3.196129e+01 -1.676102e-02 
 3.196168e+01 -1.585228e-02 
 3.196208e+01 -1.492947e-02 
 3.196248e+01 -1.397299e-02 
 3.196288e+01 -1.299655e-02 
 3.196327e+01 -1.199982e-02 
 3.196367e+01 -1.098460e-02 
 3.196407e+01 -9.965633e-03 
 3.196447e+01 -8.944226e-03 
 3.196487e+01 -7.911453e-03 
 3.196526e+01 -6.879717e-03 
 3.196566e+01 -5.825590e-03 
 3.196606e+01 -4.753939e-03 
 3.196646e+01 -3.672142e-03 
 3.196685e+01 -2.572642e-03 
 3.196725e+01 -1.469299e-03 
 3.196765e+01 -3.445350e-04 
 3.196805e+01  7.912478e-04 
 3.196844e+01  1.931750e-03 
 3.196884e+01  3.070708e-03 
 3.196924e+01  4.214658e-03 
 3.196964e+01  5.355884e-03 
 3.197004e+01  6.482388e-03 
 3.197043e+01  7.628790e-03 
 3.197083e+01  8.782551e-03 
 3.197123e+01  9.945055e-03 
 3.197163e+01  1.111996e-02 
 3.197202e+01  1.230777e-02 
 3.197242e+01  1.350354e-02 
 3.197282e+01  1.470037e-02 
 3.197322e+01  1.589644e-02 
 3.197361e+01  1.709578e-02 
 3.197401e+01  1.829011e-02 
 3.197441e+01  1.948936e-02 
 3.197481e+01  2.068250e-02 
 3.197521e+01  2.188331e-02 
 3.197560e+01  2.309408e-02 
 3.197600e+01  2.430907e-02 
 3.197640e+01  2.551548e-02 
 3.197680e+01  2.672855e-02 
 3.197719e+01  2.793717e-02 
 3.197759e+01  2.914700e-02 
 3.197799e+01  3.035419e-02 
 3.197839e+01  3.156492e-02 
 3.197878e+01  3.275268e-02 
 3.197918e+01  3.393378e-02 
 3.197958e+01  3.509983e-02 
 3.197998e+01  3.626775e-02 
 3.198038e+01  3.741379e-02 
 3.198077e+01  3.855888e-02 
 3.198117e+01  3.969118e-02 
 3.198157e+01  4.081796e-02 
 3.198197e+01  4.193632e-02 
 3.198236e+01  4.304969e-02 
 3.198276e+01  4.414372e-02 
 3.198316e+01  4.522239e-02 
 3.198356e+01  4.628272e-02 
 3.198396e+01  4.731872e-02 
 3.198435e+01  4.833361e-02 
 3.198475e+01  4.934397e-02 
 3.198515e+01  5.032381e-02 
 3.198555e+01  5.127790e-02 
 3.198594e+01  5.220888e-02 
 3.198634e+01  5.313014e-02 
 3.198674e+01  5.402226e-02 
 3.198714e+01  5.490618e-02 
 3.198753e+01  5.577146e-02 
 3.198793e+01  5.660556e-02 
 3.198833e+01  5.741595e-02 
 3.198873e+01  5.819107e-02 
 3.198913e+01  5.893517e-02 
 3.198952e+01  5.964249e-02 
 3.198992e+01  6.032839e-02 
 3.199032e+01  6.099057e-02 
 3.199072e+01  6.162071e-02 
 3.199111e+01  6.222485e-02 
 3.199151e+01  6.281444e-02 
 3.199191e+01  6.336381e-02 
 3.199231e+01  6.388174e-02 
 3.199270e+01  6.437281e-02 
 3.199310e+01  6.483373e-02 
 3.199350e+01  6.524902e-02 
 3.199390e+01  6.563857e-02 
 3.199430e+01  6.599851e-02 
 3.199469e+01  6.632758e-02 
 3.199509e+01  6.661823e-02 
 3.199549e+01  6.688615e-02 
 3.199589e+01  6.711638e-02 
 3.199628e+01  6.730565e-02 
 3.199668e+01  6.748011e-02 
 3.199708e+01  6.762183e-02 
 3.199748e+01  6.771949e-02 
 3.199787e+01  6.778590e-02 
 3.199827e+01  6.780980e-02 
 3.199867e+01  6.779944e-02 
 3.199907e+01  6.775542e-02 
 3.199947e+01  6.767525e-02 
 3.199986e+01  6.756050e-02 
 3.200026e+01  6.742090e-02 
 3.200066e+01  6.724855e-02 
 3.200106e+01  6.704971e-02 
 3.200145e+01  6.681034e-02 
 3.200185e+01  6.656752e-02 
 3.200225e+01  6.627519e-02 
 3.200265e+01  6.596631e-02 
 3.200304e+01  6.562290e-02 
 3.200344e+01  6.525031e-02 
 3.200384e+01  6.486315e-02 
 3.200424e+01  6.443819e-02 
 3.200464e+01  6.398307e-02 
 3.200503e+01  6.349381e-02 
 3.200543e+01  6.297750e-02 
 3.200583e+01  6.243683e-02 
 3.200623e+01  6.187166e-02 
 3.200662e+01  6.129588e-02 
 3.200702e+01  6.068869e-02 
 3.200742e+01  6.005606e-02 
 3.200782e+01  5.939683e-02 
 3.200821e+01  5.871071e-02 
 3.200861e+01  5.801439e-02 
 3.200901e+01  5.729132e-02 
 3.200941e+01  5.653690e-02 
 3.200981e+01  5.576300e-02 
 3.201020e+01  5.495960e-02 
 3.201060e+01  5.414641e-02 
 3.201100e+01  5.332091e-02 
 3.201140e+01  5.247944e-02 
 3.201179e+01  5.161595e-02 
 3.201219e+01  5.073484e-02 
 3.201259e+01  4.983277e-02 
 3.201299e+01  4.891070e-02 
 3.201338e+01  4.796755e-02 
 3.201378e+01  4.701090e-02 
 3.201418e+01  4.603103e-02 
 3.201458e+01  4.500991e-02 
 3.201498e+01  4.397534e-02 
 3.201537e+01  4.293437e-02 
 3.201577e+01  4.187659e-02 
 3.201617e+01  4.080827e-02 
 3.201657e+01  3.972905e-02 
 3.201696e+01  3.862687e-02 
 3.201736e+01  3.749975e-02 
 3.201776e+01  3.637584e-02 
 3.201816e+01  3.523525e-02 
 3.201855e+01  3.406312e-02 
 3.201895e+01  3.289181e-02 
 3.201935e+01  3.169895e-02 
 3.201975e+01  3.048149e-02 
 3.202015e+01  2.925942e-02 
 3.202054e+01  2.804931e-02 
 3.202094e+01  2.681685e-02 
 3.202134e+01  2.557952e-02 
 3.202174e+01  2.433855e-02 
 3.202213e+01  2.309305e-02 
 3.202253e+01  2.182948e-02 
 3.202293e+01  2.059058e-02 
 3.202333e+01  1.933696e-02 
 3.202372e+01  1.807361e-02 
 3.202412e+01  1.680478e-02 
 3.202452e+01  1.552904e-02 
 3.202492e+01  1.425115e-02 
 3.202532e+01  1.297092e-02 
 3.202571e+01  1.170779e-02 
 3.202611e+01  1.044145e-02 
 3.202651e+01  9.176594e-03 
 3.202691e+01  7.910763e-03 
 3.202730e+01  6.661820e-03 
 3.202770e+01  5.423713e-03 
 3.202810e+01  4.202183e-03 
 3.202850e+01  2.978915e-03 
 3.202889e+01  1.763402e-03 
 3.202929e+01  5.581656e-04 
 3.202969e+01 -6.255888e-04 
 3.203009e+01 -1.783534e-03 
 3.203049e+01 -2.922702e-03 
 3.203088e+01 -4.035336e-03 
 3.203128e+01 -5.135846e-03 
 3.203168e+01 -6.216949e-03 
 3.203208e+01 -7.274980e-03 
 3.203247e+01 -8.308011e-03 
 3.203287e+01 -9.320944e-03 
 3.203327e+01 -1.032143e-02 
 3.203367e+01 -1.130734e-02 
 3.203406e+01 -1.228241e-02 
 3.203446e+01 -1.323137e-02 
 3.203486e+01 -1.414183e-02 
 3.203526e+01 -1.502942e-02 
 3.203566e+01 -1.588467e-02 
 3.203605e+01 -1.671674e-02 
 3.203645e+01 -1.752067e-02 
 3.203685e+01 -1.829651e-02 
 3.203725e+01 -1.905927e-02 
 3.203764e+01 -1.978865e-02 
 3.203804e+01 -2.049662e-02 
 3.203844e+01 -2.118570e-02 
 3.203884e+01 -2.185495e-02 
 3.203923e+01 -2.249292e-02 
 3.203963e+01 -2.309836e-02 
 3.204003e+01 -2.366417e-02 
 3.204043e+01 -2.420757e-02 
 3.204083e+01 -2.472436e-02 
 3.204122e+01 -2.521241e-02 
 3.204162e+01 -2.567332e-02 
 3.204202e+01 -2.611238e-02 
 3.204242e+01 -2.652269e-02 
 3.204281e+01 -2.691155e-02 
 3.204321e+01 -2.728253e-02 
 3.204361e+01 -2.763820e-02 
 3.204401e+01 -2.796237e-02 
 3.204440e+01 -2.825422e-02 
 3.204480e+01 -2.851241e-02 
 3.204520e+01 -2.873723e-02 
 3.204560e+01 -2.894945e-02 
 3.204600e+01 -2.911388e-02 
 3.204639e+01 -2.927365e-02 
 3.204679e+01 -2.938645e-02 
 3.204719e+01 -2.947316e-02 
 3.204759e+01 -2.954288e-02 
 3.204798e+01 -2.958636e-02 
 3.204838e+01 -2.960147e-02 
 3.204878e+01 -2.958421e-02 
 3.204918e+01 -2.954031e-02 
 3.204957e+01 -2.945819e-02 
 3.204997e+01 -2.933062e-02 
 3.205037e+01 -2.917558e-02 
 3.205077e+01 -2.899664e-02 
 3.205117e+01 -2.877176e-02 
 3.205156e+01 -2.852813e-02 
 3.205196e+01 -2.823447e-02 
 3.205236e+01 -2.793701e-02 
 3.205276e+01 -2.760594e-02 
 3.205315e+01 -2.726862e-02 
 3.205355e+01 -2.689454e-02 
 3.205395e+01 -2.649325e-02 
 3.205435e+01 -2.604679e-02 
 3.205474e+01 -2.556294e-02 
 3.205514e+01 -2.504980e-02 
 3.205554e+01 -2.450150e-02 
 3.205594e+01 -2.392509e-02 
 3.205634e+01 -2.331707e-02 
 3.205673e+01 -2.267180e-02 
 3.205713e+01 -2.200252e-02 
 3.205753e+01 -2.132581e-02 
 3.205793e+01 -2.062601e-02 
 3.205832e+01 -1.989875e-02 
 3.205872e+01 -1.913582e-02 
 3.205912e+01 -1.833556e-02 
 3.205952e+01 -1.749950e-02 
 3.205991e+01 -1.663498e-02 
 3.206031e+01 -1.574653e-02 
 3.206071e+01 -1.482963e-02 
 3.206111e+01 -1.388424e-02 
 3.206151e+01 -1.292791e-02 
 3.206190e+01 -1.194920e-02 
 3.206230e+01 -1.094886e-02 
 3.206270e+01 -9.948208e-03 
 3.206310e+01 -8.928138e-03 
 3.206349e+01 -7.859037e-03 
 3.206389e+01 -6.768823e-03 
 3.206429e+01 -5.666819e-03 
 3.206469e+01 -4.530295e-03 
 3.206508e+01 -3.386419e-03 
 3.206548e+01 -2.237208e-03 
 3.206588e+01 -1.062267e-03 
 3.206628e+01  1.234519e-04 
 3.206668e+01  1.299327e-03 
 3.206707e+01  2.492011e-03 
 3.206747e+01  3.686308e-03 
 3.206787e+01  4.886308e-03 
 3.206827e+01  6.095794e-03 
 3.206866e+01  7.338445e-03 
 3.206906e+01  8.583489e-03 
 3.206946e+01  9.820454e-03 
 3.206986e+01  1.107399e-02 
 3.207025e+01  1.232326e-02 
 3.207065e+01  1.357673e-02 
 3.207105e+01  1.483095e-02 
 3.207145e+01  1.607678e-02 
 3.207185e+01  1.730933e-02 
 3.207224e+01  1.853379e-02 
 3.207264e+01  1.975401e-02 
 3.207304e+01  2.097437e-02 
 3.207344e+01  2.219422e-02 
 3.207383e+01  2.340679e-02 
 3.207423e+01  2.461809e-02 
 3.207463e+01  2.581827e-02 
 3.207503e+01  2.700952e-02 
 3.207543e+01  2.820373e-02 
 3.207582e+01  2.938425e-02 
 3.207622e+01  3.055346e-02 
 3.207662e+01  3.169092e-02 
 3.207702e+01  3.282578e-02 
 3.207741e+01  3.394183e-02 
 3.207781e+01  3.506816e-02 
 3.207821e+01  3.617935e-02 
 3.207861e+01  3.729362e-02 
 3.207900e+01  3.839551e-02 
 3.207940e+01  3.949597e-02 
 3.207980e+01  4.058484e-02 
 3.208020e+01  4.165757e-02 
 3.208060e+01  4.271691e-02 
 3.208099e+01  4.375859e-02 
 3.208139e+01  4.477542e-02 
 3.208179e+01  4.577392e-02 
 3.208219e+01  4.676873e-02 
 3.208258e+01  4.773980e-02 
 3.208298e+01  4.870868e-02 
 3.208338e+01  4.966711e-02 
 3.208378e+01  5.060549e-02 
 3.208417e+01  5.153900e-02 
 3.208457e+01  5.245765e-02 
 3.208497e+01  5.335726e-02 
 3.208537e+01  5.422084e-02 
 3.208577e+01  5.507731e-02 
 3.208616e+01  5.590650e-02 
 3.208656e+01  5.669654e-02 
 3.208696e+01  5.746520e-02 
 3.208736e+01  5.822912e-02 
 3.208775e+01  5.895349e-02 
 3.208815e+01  5.967183e-02 
 3.208855e+01  6.036279e-02 
 3.208895e+01  6.102586e-02 
 3.208934e+01  6.166316e-02 
 3.208974e+01  6.228298e-02 
 3.209014e+01  6.286635e-02 
 3.209054e+01  6.341437e-02 
 3.209094e+01  6.394551e-02 
 3.209133e+01  6.444169e-02 
 3.209173e+01  6.489711e-02 
 3.209213e+01  6.532727e-02 
 3.209253e+01  6.573987e-02 
 3.209292e+01  6.610641e-02 
 3.209332e+01  6.643727e-02 
 3.209372e+01  6.674850e-02 
 3.209412e+01  6.701828e-02 
 3.209451e+01  6.726049e-02 
 3.209491e+01  6.746781e-02 
 3.209531e+01  6.765756e-02 
 3.209571e+01  6.778925e-02 
 3.209611e+01  6.788143e-02 
 3.209650e+01  6.796346e-02 
 3.209690e+01  6.799206e-02 
 3.209730e+01  6.799257e-02 
 3.209770e+01  6.797106e-02 
 3.209809e+01  6.792058e-02 
 3.209849e+01  6.782543e-02 
 3.209889e+01  6.771585e-02 
 3.209929e+01  6.756601e-02 
 3.209968e+01  6.738037e-02 
 3.210008e+01  6.716453e-02 
 3.210048e+01  6.690975e-02 
 3.210088e+01  6.660925e-02 
 3.210128e+01  6.627093e-02 
 3.210167e+01  6.590502e-02 
 3.210207e+01  6.550071e-02 
 3.210247e+01  6.506206e-02 
 3.210287e+01  6.459332e-02 
 3.210326e+01  6.410517e-02 
 3.210366e+01  6.357404e-02 
 3.210406e+01  6.303888e-02 
 3.210446e+01  6.246553e-02 
 3.210485e+01  6.186734e-02 
 3.210525e+01  6.122100e-02 
 3.210565e+01  6.054930e-02 
 3.210605e+01  5.984370e-02 
 3.210645e+01  5.911951e-02 
 3.210684e+01  5.837880e-02 
 3.210724e+01  5.761077e-02 
 3.210764e+01  5.681436e-02 
 3.210804e+01  5.600532e-02 
 3.210843e+01  5.518308e-02 
 3.210883e+01  5.434683e-02 
 3.210923e+01  5.348043e-02 
 3.210963e+01  5.259506e-02 
 3.211002e+01  5.168212e-02 
 3.211042e+01  5.074841e-02 
 3.211082e+01  4.979579e-02 
 3.211122e+01  4.883786e-02 
 3.211162e+01  4.785587e-02 
 3.211201e+01  4.685416e-02 
 3.211241e+01  4.583810e-02 
 3.211281e+01  4.480626e-02 
 3.211321e+01  4.376684e-02 
 3.211360e+01  4.272974e-02 
 3.211400e+01  4.169110e-02 
 3.211440e+01  4.061725e-02 
 3.211480e+01  3.953111e-02 
 3.211519e+01  3.842946e-02 
 3.211559e+01  3.731757e-02 
 3.211599e+01  3.619599e-02 
 3.211639e+01  3.507599e-02 
 3.211679e+01  3.393276e-02 
 3.211718e+01  3.278346e-02 
 3.211758e+01  3.162389e-02 
 3.211798e+01  3.046580e-02 
 3.211838e+01  2.930050e-02 
 3.211877e+01  2.814814e-02 
 3.211917e+01  2.697586e-02 
 3.211957e+01  2.578602e-02 
 3.211997e+01  2.459067e-02 
 3.212036e+01  2.338686e-02 
 3.212076e+01  2.215826e-02 
 3.212116e+01  2.094511e-02 
 3.212156e+01  1.970824e-02 
 3.212196e+01  1.846423e-02 
 3.212235e+01  1.721693e-02 
 3.212275e+01  1.597991e-02 
 3.212315e+01  1.474523e-02 
 3.212355e+01  1.354017e-02 
 3.212394e+01  1.232844e-02 
 3.212434e+01  1.111946e-02 
 3.212474e+01  9.895061e-03 
 3.212514e+01  8.681850e-03 
 3.212553e+01  7.478271e-03 
 3.212593e+01  6.260877e-03 
 3.212633e+01  5.066914e-03 
 3.212673e+01  3.860560e-03 
 3.212713e+01  2.658630e-03 
 3.212752e+01  1.475161e-03 
 3.212792e+01  3.157886e-04 
 3.212832e+01 -8.434782e-04 
 3.212872e+01 -1.982054e-03 
 3.212911e+01 -3.100460e-03 
 3.212951e+01 -4.220469e-03 
 3.212991e+01 -5.339529e-03 
 3.213031e+01 -6.435659e-03 
 3.213070e+01 -7.520508e-03 
 3.213110e+01 -8.604364e-03 
 3.213150e+01 -9.674267e-03 
 3.213190e+01 -1.072926e-02 
 3.213230e+01 -1.175838e-02 
 3.213269e+01 -1.275423e-02 
 3.213309e+01 -1.371492e-02 
 3.213349e+01 -1.464940e-02 
 3.213389e+01 -1.556817e-02 
 3.213428e+01 -1.646707e-02 
 3.213468e+01 -1.734175e-02 
 3.213508e+01 -1.819405e-02 
 3.213548e+01 -1.902974e-02 
 3.213587e+01 -1.983069e-02 
 3.213627e+01 -2.061236e-02 
 3.213667e+01 -2.137173e-02 
 3.213707e+01 -2.209436e-02 
 3.213747e+01 -2.276793e-02 
 3.213786e+01 -2.341242e-02 
 3.213826e+01 -2.402412e-02 
 3.213866e+01 -2.459579e-02 
 3.213906e+01 -2.514073e-02 
 3.213945e+01 -2.566711e-02 
 3.213985e+01 -2.614964e-02 
 3.214025e+01 -2.661442e-02 
 3.214065e+01 -2.705471e-02 
 3.214104e+01 -2.746626e-02 
 3.214144e+01 -2.785132e-02 
 3.214184e+01 -2.820622e-02 
 3.214224e+01 -2.850586e-02 
 3.214264e+01 -2.875941e-02 
 3.214303e+01 -2.897845e-02 
 3.214343e+01 -2.916319e-02 
 3.214383e+01 -2.931764e-02 
 3.214423e+01 -2.944968e-02 
 3.214462e+01 -2.954754e-02 
 3.214502e+01 -2.961555e-02 
 3.214542e+01 -2.966326e-02 
 3.214582e+01 -2.968379e-02 
 3.214621e+01 -2.968057e-02 
 3.214661e+01 -2.963633e-02 
 3.214701e+01 -2.957763e-02 
 3.214741e+01 -2.946438e-02 
 3.214781e+01 -2.931890e-02 
 3.214820e+01 -2.913901e-02 
 3.214860e+01 -2.894864e-02 
 3.214900e+01 -2.872984e-02 
 3.214940e+01 -2.849076e-02 
 3.214979e+01 -2.823524e-02 
 3.215019e+01 -2.795052e-02 
 3.215059e+01 -2.766259e-02 
 3.215099e+01 -2.735501e-02 
 3.215138e+01 -2.700714e-02 
 3.215178e+01 -2.661188e-02 
 3.215218e+01 -2.617794e-02 
 3.215258e+01 -2.571516e-02 
 3.215298e+01 -2.520661e-02 
 3.215337e+01 -2.469797e-02 
 3.215377e+01 -2.416425e-02 
 3.215417e+01 -2.359771e-02 
 3.215457e+01 -2.301389e-02 
 3.215496e+01 -2.241396e-02 
 3.215536e+01 -2.179227e-02 
 3.215576e+01 -2.114913e-02 
 3.215616e+01 -2.048455e-02 
 3.215655e+01 -1.977505e-02 
 3.215695e+01 -1.903120e-02 
 3.215735e+01 -1.826607e-02 
 3.215775e+01 -1.747276e-02 
 3.215815e+01 -1.663775e-02 
 3.215854e+01 -1.578999e-02 
 3.215894e+01 -1.492584e-02 
 3.215934e+01 -1.403543e-02 
 3.215974e+01 -1.313015e-02 
 3.216013e+01 -1.221900e-02 
 3.216053e+01 -1.128866e-02 
 3.216093e+01 -1.032696e-02 
 3.216133e+01 -9.347057e-03 
 3.216172e+01 -8.325000e-03 
 3.216212e+01 -7.280496e-03 
 3.216252e+01 -6.221245e-03 
 3.216292e+01 -5.152725e-03 
 3.216332e+01 -4.043659e-03 
 3.216371e+01 -2.947137e-03 
 3.216411e+01 -1.819713e-03 
 3.216451e+01 -6.812117e-04 
 3.216491e+01  4.629872e-04 
 3.216530e+01  1.622204e-03 
 3.216570e+01  2.789304e-03 
 3.216610e+01  3.967515e-03 
 3.216650e+01  5.168570e-03 
 3.216690e+01  6.397104e-03 
 3.216729e+01  7.642125e-03 
 3.216769e+01  8.885682e-03 
 3.216809e+01  1.014076e-02 
 3.216849e+01  1.140897e-02 
 3.216888e+01  1.266433e-02 
 3.216928e+01  1.392418e-02 
 3.216968e+01  1.517634e-02 
 3.217008e+01  1.641871e-02 
 3.217047e+01  1.766811e-02 
 3.217087e+01  1.892437e-02 
 3.217127e+01  2.019752e-02 
 3.217167e+01  2.147790e-02 
 3.217207e+01  2.276567e-02 
 3.217246e+01  2.404245e-02 
 3.217286e+01  2.530677e-02 
 3.217326e+01  2.657640e-02 
 3.217366e+01  2.783389e-02 
 3.217405e+01  2.908027e-02 
 3.217445e+01  3.030178e-02 
 3.217485e+01  3.151044e-02 
 3.217525e+01  3.271064e-02 
 3.217564e+01  3.390071e-02 
 3.217604e+01  3.508909e-02 
 3.217644e+01  3.627262e-02 
 3.217684e+01  3.744719e-02 
 3.217724e+01  3.859689e-02 
 3.217763e+01  3.972927e-02 
 3.217803e+01  4.084469e-02 
 3.217843e+01  4.193290e-02 
 3.217883e+01  4.299425e-02 
 3.217922e+01  4.404081e-02 
 3.217962e+01  4.504160e-02 
 3.218002e+01  4.603515e-02 
 3.218042e+01  4.702298e-02 
 3.218081e+01  4.800864e-02 
 3.218121e+01  4.895278e-02 
 3.218161e+01  4.989137e-02 
 3.218201e+01  5.080701e-02 
 3.218241e+01  5.168229e-02 
 3.218280e+01  5.254231e-02 
 3.218320e+01  5.338714e-02 
 3.218360e+01  5.419014e-02 
 3.218400e+01  5.498611e-02 
 3.218439e+01  5.575678e-02 
 3.218479e+01  5.650070e-02 
 3.218519e+01  5.722188e-02 
 3.218559e+01  5.794562e-02 
 3.218598e+01  5.864286e-02 
 3.218638e+01  5.930952e-02 
 3.218678e+01  5.995856e-02 
 3.218718e+01  6.059502e-02 
 3.218758e+01  6.120282e-02 
 3.218797e+01  6.177405e-02 
 3.218837e+01  6.233373e-02 
 3.218877e+01  6.284559e-02 
 3.218917e+01  6.332810e-02 
 3.218956e+01  6.379176e-02 
 3.218996e+01  6.422456e-02 
 3.219036e+01  6.463846e-02 
 3.219076e+01  6.503636e-02 
 3.219115e+01  6.540978e-02 
 3.219155e+01  6.574817e-02 
 3.219195e+01  6.607041e-02 
 3.219235e+01  6.637629e-02 
 3.219275e+01  6.663669e-02 
 3.219314e+01  6.686186e-02 
 3.219354e+01  6.707147e-02 
 3.219394e+01  6.722781e-02 
 3.219434e+01  6.735847e-02 
 3.219473e+01  6.746173e-02 
 3.219513e+01  6.752849e-02 
 3.219553e+01  6.755997e-02 
 3.219593e+01  6.757724e-02 
 3.219632e+01  6.756272e-02 
 3.219672e+01  6.751111e-02 
 3.219712e+01  6.743443e-02 
 3.219752e+01  6.733270e-02 
 3.219792e+01  6.717617e-02 
 3.219831e+01  6.698306e-02 
 3.219871e+01  6.675741e-02 
 3.219911e+01  6.649539e-02 
 3.219951e+01  6.621339e-02 
 3.219990e+01  6.590042e-02 
 3.220030e+01  6.556204e-02 
 3.220070e+01  6.517973e-02 
 3.220110e+01  6.477424e-02 
 3.220149e+01  6.434489e-02 
 3.220189e+01  6.388052e-02 
 3.220229e+01  6.338651e-02 
 3.220269e+01  6.287271e-02 
 3.220309e+01  6.231708e-02 
 3.220348e+01  6.172755e-02 
 3.220388e+01  6.110223e-02 
 3.220428e+01  6.046470e-02 
 3.220468e+01  5.978517e-02 
 3.220507e+01  5.906863e-02 
 3.220547e+01  5.832629e-02 
 3.220587e+01  5.755993e-02 
 3.220627e+01  5.676950e-02 
 3.220666e+01  5.595838e-02 
 3.220706e+01  5.512703e-02 
 3.220746e+01  5.425626e-02 
 3.220786e+01  5.336602e-02 
 3.220826e+01  5.243497e-02 
 3.220865e+01  5.147900e-02 
 3.220905e+01  5.049038e-02 
 3.220945e+01  4.950137e-02 
 3.220985e+01  4.847746e-02 
 3.221024e+01  4.742739e-02 
 3.221064e+01  4.636193e-02 
 3.221104e+01  4.529426e-02 
 3.221144e+01  4.420844e-02 
 3.221183e+01  4.312129e-02 
 3.221223e+01  4.202641e-02 
 3.221263e+01  4.090479e-02 
 3.221303e+01  3.976868e-02 
 3.221343e+01  3.861176e-02 
 3.221382e+01  3.744726e-02 
 3.221422e+01  3.626589e-02 
 3.221462e+01  3.508449e-02 
 3.221502e+01  3.390103e-02 
 3.221541e+01  3.269812e-02 
 3.221581e+01  3.150233e-02 
 3.221621e+01  3.032017e-02 
 3.221661e+01  2.912214e-02 
 3.221700e+01  2.792855e-02 
 3.221740e+01  2.671930e-02 
 3.221780e+01  2.549680e-02 
 3.221820e+01  2.427086e-02 
 3.221860e+01  2.306185e-02 
 3.221899e+01  2.184790e-02 
 3.221939e+01  2.064014e-02 
 3.221979e+01  1.944496e-02 
 3.222019e+01  1.825328e-02 
 3.222058e+01  1.705551e-02 
 3.222098e+01  1.588746e-02 
 3.222138e+01  1.472949e-02 
 3.222178e+01  1.356304e-02 
 3.222217e+01  1.239203e-02 
 3.222257e+01  1.122640e-02 
 3.222297e+01  1.004637e-02 
 3.222337e+01  8.880089e-03 
 3.222377e+01  7.722021e-03 
 3.222416e+01  6.559480e-03 
 3.222456e+01  5.396219e-03 
 3.222496e+01  4.243321e-03 
 3.222536e+01  3.107986e-03 
 3.222575e+01  1.966570e-03 
 3.222615e+01  8.506105e-04 
 3.222655e+01 -2.524891e-04 
 3.222695e+01 -1.373008e-03 
 3.222734e+01 -2.484802e-03 
 3.222774e+01 -3.579782e-03 
 3.222814e+01 -4.664499e-03 
 3.222854e+01 -5.738526e-03 
 3.222894e+01 -6.795830e-03 
 3.222933e+01 -7.848191e-03 
 3.222973e+01 -8.897535e-03 
 3.223013e+01 -9.929907e-03 
 3.223053e+01 -1.091307e-02 
 3.223092e+01 -1.189393e-02 
 3.223132e+01 -1.284951e-02 
 3.223172e+01 -1.378744e-02 
 3.223212e+01 -1.472351e-02 
 3.223251e+01 -1.562832e-02 
 3.223291e+01 -1.652573e-02 
 3.223331e+01 -1.739548e-02 
 3.223371e+01 -1.824662e-02 
 3.223411e+01 -1.908106e-02 
 3.223450e+01 -1.989968e-02 
 3.223490e+01 -2.068407e-02 
 3.223530e+01 -2.141711e-02 
 3.223570e+01 -2.212305e-02 
 3.223609e+01 -2.280849e-02 
 3.223649e+01 -2.345962e-02 
 3.223689e+01 -2.410665e-02 
 3.223729e+01 -2.471739e-02 
 3.223768e+01 -2.530501e-02 
 3.223808e+01 -2.585813e-02 
 3.223848e+01 -2.637728e-02 
 3.223888e+01 -2.687437e-02 
 3.223928e+01 -2.733827e-02 
 3.223967e+01 -2.776160e-02 
 3.224007e+01 -2.813885e-02 
 3.224047e+01 -2.847121e-02 
 3.224087e+01 -2.876795e-02 
 3.224126e+01 -2.904657e-02 
 3.224166e+01 -2.929176e-02 
 3.224206e+01 -2.950191e-02 
 3.224246e+01 -2.969868e-02 
 3.224285e+01 -2.985303e-02 
 3.224325e+01 -2.997744e-02 
 3.224365e+01 -3.007308e-02 
 3.224405e+01 -3.013806e-02 
 3.224445e+01 -3.016399e-02 
 3.224484e+01 -3.014379e-02 
 3.224524e+01 -3.009136e-02 
 3.224564e+01 -2.999452e-02 
 3.224604e+01 -2.986080e-02 
 3.224643e+01 -2.971909e-02 
 3.224683e+01 -2.954018e-02 
 3.224723e+01 -2.932665e-02 
 3.224763e+01 -2.907248e-02 
 3.224802e+01 -2.878964e-02 
 3.224842e+01 -2.847513e-02 
 3.224882e+01 -2.813238e-02 
 3.224922e+01 -2.775884e-02 
 3.224962e+01 -2.733793e-02 
 3.225001e+01 -2.687969e-02 
 3.225041e+01 -2.639345e-02 
 3.225081e+01 -2.587536e-02 
 3.225121e+01 -2.534348e-02 
 3.225160e+01 -2.478602e-02 
 3.225200e+01 -2.420819e-02 
 3.225240e+01 -2.361026e-02 
 3.225280e+01 -2.297755e-02 
 3.225319e+01 -2.233723e-02 
 3.225359e+01 -2.166681e-02 
 3.225399e+01 -2.096334e-02 
 3.225439e+01 -2.023211e-02 
 3.225479e+01 -1.947299e-02 
 3.225518e+01 -1.868489e-02 
 3.225558e+01 -1.788375e-02 
 3.225598e+01 -1.708027e-02 
 3.225638e+01 -1.625021e-02 
 3.225677e+01 -1.542977e-02 
 3.225717e+01 -1.457631e-02 
 3.225757e+01 -1.371114e-02 
 3.225797e+01 -1.282807e-02 
 3.225837e+01 -1.193610e-02 
 3.225876e+01 -1.101378e-02 
 3.225916e+01 -1.005840e-02 
 3.225956e+01 -9.082565e-03 
 3.225996e+01 -8.088123e-03 
 3.226035e+01 -7.076592e-03 
 3.226075e+01 -6.056301e-03 
 3.226115e+01 -5.038135e-03 
 3.226155e+01 -4.001736e-03 
 3.226194e+01 -2.963737e-03 
 3.226234e+01 -1.909134e-03 
 3.226274e+01 -8.472131e-04 
 3.226314e+01  2.374670e-04 
 3.226354e+01  1.341392e-03 
 3.226393e+01  2.456563e-03 
 3.226433e+01  3.612398e-03 
 3.226473e+01  4.774323e-03 
 3.226513e+01  5.950488e-03 
 3.226552e+01  7.126841e-03 
 3.226592e+01  8.315469e-03 
 3.226632e+01  9.495787e-03 
 3.226672e+01  1.069680e-02 
 3.226711e+01  1.190256e-02 
 3.226751e+01  1.311722e-02 
 3.226791e+01  1.432625e-02 
 3.226831e+01  1.557066e-02 
 3.226871e+01  1.682942e-02 
 3.226910e+01  1.808040e-02 
 3.226950e+01  1.936953e-02 
 3.226990e+01  2.064139e-02 
 3.227030e+01  2.191260e-02 
 3.227069e+01  2.317197e-02 
 3.227109e+01  2.443832e-02 
 3.227149e+01  2.568974e-02 
 3.227189e+01  2.693693e-02 
 3.227228e+01  2.818158e-02 
 3.227268e+01  2.941600e-02 
 3.227308e+01  3.064792e-02 
 3.227348e+01  3.188738e-02 
 3.227388e+01  3.312771e-02 
 3.227427e+01  3.435525e-02 
 3.227467e+01  3.558492e-02 
 3.227507e+01  3.678566e-02 
 3.227547e+01  3.797144e-02 
 3.227586e+01  3.913529e-02 
 3.227626e+01  4.029128e-02 
 3.227666e+01  4.141955e-02 
 3.227706e+01  4.252352e-02 
 3.227745e+01  4.361010e-02 
 3.227785e+01  4.468312e-02 
 3.227825e+01  4.574794e-02 
 3.227865e+01  4.680131e-02 
 3.227905e+01  4.784173e-02 
 3.227944e+01  4.885787e-02 
 3.227984e+01  4.985320e-02 
 3.228024e+01  5.081812e-02 
 3.228064e+01  5.176066e-02 
 3.228103e+01  5.267062e-02 
 3.228143e+01  5.354980e-02 
 3.228183e+01  5.440082e-02 
 3.228223e+01  5.522119e-02 
 3.228262e+01  5.601257e-02 
 3.228302e+01  5.679242e-02 
 3.228342e+01  5.755079e-02 
 3.228382e+01  5.830089e-02 
 3.228422e+01  5.900236e-02 
 3.228461e+01  5.967972e-02 
 3.228501e+01  6.031323e-02 
 3.228541e+01  6.092649e-02 
 3.228581e+01  6.150428e-02 
 3.228620e+01  6.203956e-02 
 3.228660e+01  6.254243e-02 
 3.228700e+01  6.303263e-02 
 3.228740e+01  6.348776e-02 
 3.228779e+01  6.393631e-02 
 3.228819e+01  6.436780e-02 
 3.228859e+01  6.476886e-02 
 3.228899e+01  6.514586e-02 
 3.228939e+01  6.549228e-02 
 3.228978e+01  6.580199e-02 
 3.229018e+01  6.607499e-02 
 3.229058e+01  6.632494e-02 
 3.229098e+01  6.653511e-02 
 3.229137e+01  6.670611e-02 
 3.229177e+01  6.685673e-02 
 3.229217e+01  6.698775e-02 
 3.229257e+01  6.708463e-02 
 3.229296e+01  6.716426e-02 
 3.229336e+01  6.723323e-02 
 3.229376e+01  6.726492e-02 
 3.229416e+01  6.724840e-02 
 3.229456e+01  6.722387e-02 
 3.229495e+01  6.715825e-02 
 3.229535e+01  6.706025e-02 
 3.229575e+01  6.693478e-02 
 3.229615e+01  6.678349e-02 
 3.229654e+01  6.658815e-02 
 3.229694e+01  6.637281e-02 
 3.229734e+01  6.615101e-02 
 3.229774e+01  6.589324e-02 
 3.229813e+01  6.560776e-02 
 3.229853e+01  6.529624e-02 
 3.229893e+01  6.494146e-02 
 3.229933e+01  6.456727e-02 
 3.229973e+01  6.415711e-02 
 3.230012e+01  6.371873e-02 
 3.230052e+01  6.324227e-02 
 3.230092e+01  6.273772e-02 
 3.230132e+01  6.220254e-02 
 3.230171e+01  6.162380e-02 
 3.230211e+01  6.103817e-02 
 3.230251e+01  6.042133e-02 
 3.230291e+01  5.978553e-02 
 3.230330e+01  5.910770e-02 
 3.230370e+01  5.840947e-02 
 3.230410e+01  5.769332e-02 
 3.230450e+01  5.694475e-02 
 3.230490e+01  5.617303e-02 
 3.230529e+01  5.536383e-02 
 3.230569e+01  5.453130e-02 
 3.230609e+01  5.366492e-02 
 3.230649e+01  5.277649e-02 
 3.230688e+01  5.187805e-02 
 3.230728e+01  5.094808e-02 
 3.230768e+01  5.001220e-02 
 3.230808e+01  4.905418e-02 
 3.230847e+01  4.806691e-02 
 3.230887e+01  4.707583e-02 
 3.230927e+01  4.606241e-02 
 3.230967e+01  4.502236e-02 
 3.231007e+01  4.396747e-02 
 3.231046e+01  4.288146e-02 
 3.231086e+01  4.176382e-02 
 3.231126e+01  4.062951e-02 
 3.231166e+01  3.948761e-02 
 3.231205e+01  3.831432e-02 
 3.231245e+01  3.713774e-02 
 3.231285e+01  3.596401e-02 
 3.231325e+01  3.475951e-02 
 3.231364e+01  3.355226e-02 
 3.231404e+01  3.234830e-02 
 3.231444e+01  3.113196e-02 
 3.231484e+01  2.990101e-02 
 3.231524e+01  2.864976e-02 
 3.231563e+01  2.740511e-02 
 3.231603e+01  2.614867e-02 
 3.231643e+01  2.488239e-02 
 3.231683e+01  2.362601e-02 
 3.231722e+01  2.236650e-02 
 3.231762e+01  2.109950e-02 
 3.231802e+01  1.983297e-02 
 3.231842e+01  1.858050e-02 
 3.231881e+01  1.731658e-02 
 3.231921e+01  1.606410e-02 
 3.231961e+01  1.482945e-02 
 3.232001e+01  1.358118e-02 
 3.232041e+01  1.232089e-02 
 3.232080e+01  1.106868e-02 
 3.232120e+01  9.833692e-03 
 3.232160e+01  8.597883e-03 
 3.232200e+01  7.389133e-03 
 3.232239e+01  6.186238e-03 
 3.232279e+01  5.002999e-03 
 3.232319e+01  3.839276e-03 
 3.232359e+01  2.698407e-03 
 3.232398e+01  1.577072e-03 
 3.232438e+01  4.650403e-04 
 3.232478e+01 -6.401107e-04 
 3.232518e+01 -1.739757e-03 
 3.232558e+01 -2.829370e-03 
 3.232597e+01 -3.902311e-03 
 3.232637e+01 -4.943422e-03 
 3.232677e+01 -5.969966e-03 
 3.232717e+01 -6.982216e-03 
 3.232756e+01 -7.974083e-03 
 3.232796e+01 -8.931858e-03 
 3.232836e+01 -9.874274e-03 
 3.232876e+01 -1.079251e-02 
 3.232915e+01 -1.169165e-02 
 3.232955e+01 -1.259808e-02 
 3.232995e+01 -1.350998e-02 
 3.233035e+01 -1.440566e-02 
 3.233075e+01 -1.528604e-02 
 3.233114e+01 -1.613899e-02 
 3.233154e+01 -1.696210e-02 
 3.233194e+01 -1.777144e-02 
 3.233234e+01 -1.855803e-02 
 3.233273e+01 -1.931543e-02 
 3.233313e+01 -2.003908e-02 
 3.233353e+01 -2.074154e-02 
 3.233393e+01 -2.142052e-02 
 3.233432e+01 -2.210801e-02 
 3.233472e+01 -2.276847e-02 
 3.233512e+01 -2.340735e-02 
 3.233552e+01 -2.402024e-02 
 3.233592e+01 -2.461199e-02 
 3.233631e+01 -2.516281e-02 
 3.233671e+01 -2.568670e-02 
 3.233711e+01 -2.619942e-02 
 3.233751e+01 -2.666657e-02 
 3.233790e+01 -2.710365e-02 
 3.233830e+01 -2.750069e-02 
 3.233870e+01 -2.787581e-02 
 3.233910e+01 -2.822755e-02 
 3.233949e+01 -2.856813e-02 
 3.233989e+01 -2.888619e-02 
 3.234029e+01 -2.916981e-02 
 3.234069e+01 -2.941083e-02 
 3.234109e+01 -2.962384e-02 
 3.234148e+01 -2.979393e-02 
 3.234188e+01 -2.991843e-02 
 3.234228e+01 -3.002387e-02 
 3.234268e+01 -3.006958e-02 
 3.234307e+01 -3.007694e-02 
 3.234347e+01 -3.004343e-02 
 3.234387e+01 -2.999064e-02 
 3.234427e+01 -2.991435e-02 
 3.234466e+01 -2.980916e-02 
 3.234506e+01 -2.967245e-02 
 3.234546e+01 -2.950719e-02 
 3.234586e+01 -2.929362e-02 
 3.234626e+01 -2.905893e-02 
 3.234665e+01 -2.878946e-02 
 3.234705e+01 -2.848304e-02 
 3.234745e+01 -2.812853e-02 
 3.234785e+01 -2.772710e-02 
 3.234824e+01 -2.730044e-02 
 3.234864e+01 -2.684259e-02 
 3.234904e+01 -2.636328e-02 
 3.234944e+01 -2.587765e-02 
 3.234983e+01 -2.536081e-02 
 3.235023e+01 -2.481021e-02 
 3.235063e+01 -2.423546e-02 
 3.235103e+01 -2.362990e-02 
 3.235143e+01 -2.299284e-02 
 3.235182e+01 -2.231246e-02 
 3.235222e+01 -2.159642e-02 
 3.235262e+01 -2.085068e-02 
 3.235302e+01 -2.007544e-02 
 3.235341e+01 -1.928599e-02 
 3.235381e+01 -1.846827e-02 
 3.235421e+01 -1.763425e-02 
 3.235461e+01 -1.679465e-02 
 3.235501e+01 -1.591916e-02 
 3.235540e+01 -1.502172e-02 
 3.235580e+01 -1.409955e-02 
 3.235620e+01 -1.315757e-02 
 3.235660e+01 -1.218665e-02 
 3.235699e+01 -1.119062e-02 
 3.235739e+01 -1.016604e-02 
 3.235779e+01 -9.122338e-03 
 3.235819e+01 -8.069106e-03 
 3.235858e+01 -7.018476e-03 
 3.235898e+01 -5.956145e-03 
 3.235938e+01 -4.895535e-03 
 3.235978e+01 -3.820736e-03 
 3.236018e+01 -2.732296e-03 
 3.236057e+01 -1.626518e-03 
 3.236097e+01 -5.126978e-04 
 3.236137e+01  6.245750e-04 
 3.236177e+01  1.771856e-03 
 3.236216e+01  2.926802e-03 
 3.236256e+01  4.097732e-03 
 3.236296e+01  5.271547e-03 
 3.236336e+01  6.432506e-03 
 3.236375e+01  7.602752e-03 
 3.236415e+01  8.775441e-03 
 3.236455e+01  9.950244e-03 
 3.236495e+01  1.112152e-02 
 3.236535e+01  1.230529e-02 
 3.236574e+01  1.348486e-02 
 3.236614e+01  1.466224e-02 
 3.236654e+01  1.585000e-02 
 3.236694e+01  1.705914e-02 
 3.236733e+01  1.826355e-02 
 3.236773e+01  1.946668e-02 
 3.236813e+01  2.066329e-02 
 3.236853e+01  2.184541e-02 
 3.236892e+01  2.302765e-02 
 3.236932e+01  2.420798e-02 
 3.236972e+01  2.539222e-02 
 3.237012e+01  2.656758e-02 
 3.237052e+01  2.775141e-02 
 3.237091e+01  2.893905e-02 
 3.237131e+01  3.013494e-02 
 3.237171e+01  3.132971e-02 
 3.237211e+01  3.252237e-02 
 3.237250e+01  3.370649e-02 
 3.237290e+01  3.487879e-02 
 3.237330e+01  3.604330e-02 
 3.237370e+01  3.719765e-02 
 3.237409e+01  3.833668e-02 
 3.237449e+01  3.948113e-02 
 3.237489e+01  4.060578e-02 
 3.237529e+01  4.171301e-02 
 3.237569e+01  4.282851e-02 
 3.237608e+01  4.393322e-02 
 3.237648e+01  4.504129e-02 
 3.237688e+01  4.613446e-02 
 3.237728e+01  4.721555e-02 
 3.237767e+01  4.825622e-02 
 3.237807e+01  4.928158e-02 
 3.237847e+01  5.027844e-02 
 3.237887e+01  5.125464e-02 
 3.237926e+01  5.219725e-02 
 3.237966e+01  5.312903e-02 
 3.238006e+01  5.402935e-02 
 3.238046e+01  5.490945e-02 
 3.238086e+01  5.577200e-02 
 3.238125e+01  5.661879e-02 
 3.238165e+01  5.743647e-02 
 3.238205e+01  5.821323e-02 
 3.238245e+01  5.897259e-02 
 3.238284e+01  5.970199e-02 
 3.238324e+01  6.039123e-02 
 3.238364e+01  6.105457e-02 
 3.238404e+01  6.169653e-02 
 3.238443e+01  6.228220e-02 
 3.238483e+01  6.285069e-02 
 3.238523e+01  6.338212e-02 
 3.238563e+01  6.388726e-02 
 3.238603e+01  6.436956e-02 
 3.238642e+01  6.482246e-02 
 3.238682e+01  6.524558e-02 
 3.238722e+01  6.561230e-02 
 3.238762e+01  6.595099e-02 
 3.238801e+01  6.626218e-02 
 3.238841e+01  6.652806e-02 
 3.238881e+01  6.676798e-02 
 3.238921e+01  6.697372e-02 
 3.238960e+01  6.714858e-02 
 3.239000e+01  6.729585e-02 
 3.239040e+01  6.741338e-02 
 3.239080e+01  6.751144e-02 
 3.239120e+01  6.757543e-02 
 3.239159e+01  6.760819e-02 
 3.239199e+01  6.760677e-02 
 3.239239e+01  6.757382e-02 
 3.239279e+01  6.750878e-02 
 3.239318e+01  6.742488e-02 
 3.239358e+01  6.730323e-02 
 3.239398e+01  6.713823e-02 
 3.239438e+01  6.694839e-02 
 3.239477e+01  6.672622e-02 
 3.239517e+01  6.648335e-02 
 3.239557e+01  6.622703e-02 
 3.239597e+01  6.595028e-02 
 3.239637e+01  6.561967e-02 
 3.239676e+01  6.527126e-02 
 3.239716e+01  6.489167e-02 
 3.239756e+01  6.447374e-02 
 3.239796e+01  6.403144e-02 
 3.239835e+01  6.355902e-02 
 3.239875e+01  6.304875e-02 
 3.239915e+01  6.251807e-02 
 3.239955e+01  6.197060e-02 
 3.239994e+01  6.139884e-02 
 3.240034e+01  6.081558e-02 
 3.240074e+01  6.020870e-02 
 3.240114e+01  5.956751e-02 
 3.240154e+01  5.890194e-02 
 3.240193e+01  5.822029e-02 
 3.240233e+01  5.750936e-02 
 3.240273e+01  5.677097e-02 
 3.240313e+01  5.601464e-02 
 3.240352e+01  5.523593e-02 
 3.240392e+01  5.442086e-02 
 3.240432e+01  5.359119e-02 
 3.240472e+01  5.274766e-02 
 3.240511e+01  5.189680e-02 
 3.240551e+01  5.101190e-02 
 3.240591e+01  5.010572e-02 
 3.240631e+01  4.916887e-02 
 3.240671e+01  4.819403e-02 
 3.240710e+01  4.721339e-02 
 3.240750e+01  4.620844e-02 
 3.240790e+01  4.518140e-02 
 3.240830e+01  4.413225e-02 
 3.240869e+01  4.307628e-02 
 3.240909e+01  4.200608e-02 
 3.240949e+01  4.092065e-02 
 3.240989e+01  3.981966e-02 
 3.241028e+01  3.870940e-02 
 3.241068e+01  3.757418e-02 
 3.241108e+01  3.642588e-02 
 3.241148e+01  3.525790e-02 
 3.241188e+01  3.410190e-02 
 3.241227e+01  3.291781e-02 
 3.241267e+01  3.172470e-02 
 3.241307e+01  3.051395e-02 
 3.241347e+01  2.928854e-02 
 3.241386e+01  2.804774e-02 
 3.241426e+01  2.680402e-02 
 3.241466e+01  2.556727e-02 
 3.241506e+01  2.430861e-02 
 3.241545e+01  2.304896e-02 
 3.241585e+01  2.179824e-02 
 3.241625e+01  2.052978e-02 
 3.241665e+01  1.927277e-02 
 3.241705e+01  1.801866e-02 
 3.241744e+01  1.676247e-02 
 3.241784e+01  1.549637e-02 
 3.241824e+01  1.423696e-02 
 3.241864e+01  1.297576e-02 
 3.241903e+01  1.171678e-02 
 3.241943e+01  1.048207e-02 
 3.241983e+01  9.245843e-03 
 3.242023e+01  8.014037e-03 
 3.242062e+01  6.799659e-03 
 3.242102e+01  5.600509e-03 
 3.242142e+01  4.414199e-03 
 3.242182e+01  3.240280e-03 
 3.242222e+01  2.077058e-03 
 3.242261e+01  9.170614e-04 
 3.242301e+01 -2.481348e-04 
 3.242341e+01 -1.404629e-03 
 3.242381e+01 -2.540170e-03 
 3.242420e+01 -3.647449e-03 
 3.242460e+01 -4.738176e-03 
 3.242500e+01 -5.825603e-03 
 3.242540e+01 -6.887097e-03 
 3.242579e+01 -7.936879e-03 
 3.242619e+01 -8.962858e-03 
 3.242659e+01 -9.968793e-03 
 3.242699e+01 -1.094676e-02 
 3.242739e+01 -1.192355e-02 
 3.242778e+01 -1.288630e-02 
 3.242818e+01 -1.381674e-02 
 3.242858e+01 -1.472681e-02 
 3.242898e+01 -1.560908e-02 
 3.242937e+01 -1.645383e-02 
 3.242977e+01 -1.727049e-02 
 3.243017e+01 -1.807477e-02 
 3.243057e+01 -1.885296e-02 
 3.243096e+01 -1.957846e-02 
 3.243136e+01 -2.027710e-02 
 3.243176e+01 -2.096150e-02 
 3.243216e+01 -2.162378e-02 
 3.243256e+01 -2.226222e-02 
 3.243295e+01 -2.288976e-02 
 3.243335e+01 -2.348944e-02 
 3.243375e+01 -2.405328e-02 
 3.243415e+01 -2.458458e-02 
 3.243454e+01 -2.510551e-02 
 3.243494e+01 -2.557673e-02 
 3.243534e+01 -2.603960e-02 
 3.243574e+01 -2.647019e-02 
 3.243613e+01 -2.685957e-02 
 3.243653e+01 -2.722250e-02 
 3.243693e+01 -2.756501e-02 
 3.243733e+01 -2.789444e-02 
 3.243773e+01 -2.818615e-02 
 3.243812e+01 -2.846399e-02 
 3.243852e+01 -2.870086e-02 
 3.243892e+01 -2.890186e-02 
 3.243932e+01 -2.907464e-02 
 3.243971e+01 -2.922305e-02 
 3.244011e+01 -2.933157e-02 
 3.244051e+01 -2.942002e-02 
 3.244091e+01 -2.946933e-02 
 3.244130e+01 -2.949071e-02 
 3.244170e+01 -2.950053e-02 
 3.244210e+01 -2.949890e-02 
 3.244250e+01 -2.948218e-02 
 3.244290e+01 -2.942330e-02 
 3.244329e+01 -2.933024e-02 
 3.244369e+01 -2.919143e-02 
 3.244409e+01 -2.903055e-02 
 3.244449e+01 -2.882246e-02 
 3.244488e+01 -2.858597e-02 
 3.244528e+01 -2.831602e-02 
 3.244568e+01 -2.801401e-02 
 3.244608e+01 -2.767998e-02 
 3.244648e+01 -2.732611e-02 
 3.244687e+01 -2.696087e-02 
 3.244727e+01 -2.655183e-02 
 3.244767e+01 -2.611214e-02 
 3.244807e+01 -2.562343e-02 
 3.244846e+01 -2.510430e-02 
 3.244886e+01 -2.454575e-02 
 3.244926e+01 -2.395367e-02 
 3.244966e+01 -2.333727e-02 
 3.245005e+01 -2.267400e-02 
 3.245045e+01 -2.197490e-02 
 3.245085e+01 -2.126471e-02 
 3.245125e+01 -2.051976e-02 
 3.245165e+01 -1.976932e-02 
 3.245204e+01 -1.898392e-02 
 3.245244e+01 -1.817982e-02 
 3.245284e+01 -1.734268e-02 
 3.245324e+01 -1.646323e-02 
 3.245363e+01 -1.557389e-02 
 3.245403e+01 -1.465665e-02 
 3.245443e+01 -1.372470e-02 
 3.245483e+01 -1.275968e-02 
 3.245522e+01 -1.177278e-02 
 3.245562e+01 -1.077460e-02 
 3.245602e+01 -9.763462e-03 
 3.245642e+01 -8.733307e-03 
 3.245682e+01 -7.697936e-03 
 3.245721e+01 -6.638847e-03 
 3.245761e+01 -5.557945e-03 
 3.245801e+01 -4.470713e-03 
 3.245841e+01 -3.363855e-03 
 3.245880e+01 -2.228729e-03 
 3.245920e+01 -1.088638e-03 
 3.245960e+01  6.741503e-05 
 3.246000e+01  1.251786e-03 
 3.246039e+01  2.439478e-03 
 3.246079e+01  3.611757e-03 
 3.246119e+01  4.802380e-03 
 3.246159e+01  5.984456e-03 
 3.246199e+01  7.164484e-03 
 3.246238e+01  8.363060e-03 
 3.246278e+01  9.571627e-03 
 3.246318e+01  1.079069e-02 
 3.246358e+01  1.202185e-02 
 3.246397e+01  1.326112e-02 
 3.246437e+01  1.449610e-02 
 3.246477e+01  1.573419e-02 
 3.246517e+01  1.698660e-02 
 3.246556e+01  1.821980e-02 
 3.246596e+01  1.944318e-02 
 3.246636e+01  2.065441e-02 
 3.246676e+01  2.187030e-02 
 3.246716e+01  2.307228e-02 
 3.246755e+01  2.429528e-02 
 3.246795e+01  2.550546e-02 
 3.246835e+01  2.672165e-02 
 3.246875e+01  2.793761e-02 
 3.246914e+01  2.914100e-02 
 3.246954e+01  3.033640e-02 
 3.246994e+01  3.152418e-02 
 3.247034e+01  3.270341e-02 
 3.247073e+01  3.384259e-02 
 3.247113e+01  3.497756e-02 
 3.247153e+01  3.609792e-02 
 3.247193e+01  3.721355e-02 
 3.247233e+01  3.831667e-02 
 3.247272e+01  3.942907e-02 
 3.247312e+01  4.051042e-02 
 3.247352e+01  4.157915e-02 
 3.247392e+01  4.263890e-02 
 3.247431e+01  4.368685e-02 
 3.247471e+01  4.471824e-02 
 3.247511e+01  4.571124e-02 
 3.247551e+01  4.670493e-02 
 3.247590e+01  4.766004e-02 
 3.247630e+01  4.861036e-02 
 3.247670e+01  4.954827e-02 
 3.247710e+01  5.047659e-02 
 3.247750e+01  5.138794e-02 
 3.247789e+01  5.229894e-02 
 3.247829e+01  5.318955e-02 
 3.247869e+01  5.406621e-02 
 3.247909e+01  5.492519e-02 
 3.247948e+01  5.577077e-02 
 3.247988e+01  5.657562e-02 
 3.248028e+01  5.735111e-02 
 3.248068e+01  5.811701e-02 
 3.248107e+01  5.885210e-02 
 3.248147e+01  5.954971e-02 
 3.248187e+01  6.023881e-02 
 3.248227e+01  6.090264e-02 
 3.248267e+01  6.154139e-02 
 3.248306e+01  6.215695e-02 
 3.248346e+01  6.274932e-02 
 3.248386e+01  6.332847e-02 
 3.248426e+01  6.386459e-02 
 3.248465e+01  6.436522e-02 
 3.248505e+01  6.483055e-02 
 3.248545e+01  6.525944e-02 
 3.248585e+01  6.565023e-02 
 3.248624e+01  6.601757e-02 
 3.248664e+01  6.633924e-02 
 3.248704e+01  6.663948e-02 
 3.248744e+01  6.690267e-02 
 3.248784e+01  6.714341e-02 
 3.248823e+01  6.735114e-02 
 3.248863e+01  6.753394e-02 
 3.248903e+01  6.767538e-02 
 3.248943e+01  6.778037e-02 
 3.248982e+01  6.783712e-02 
 3.249022e+01  6.786039e-02 
 3.249062e+01  6.784131e-02 
 3.249102e+01  6.779334e-02 
 3.249141e+01  6.771420e-02 
 3.249181e+01  6.759263e-02 
 3.249221e+01  6.743839e-02 
 3.249261e+01  6.725723e-02 
 3.249301e+01  6.705935e-02 
 3.249340e+01  6.683019e-02 
 3.249380e+01  6.656040e-02 
 3.249420e+01  6.626364e-02 
 3.249460e+01  6.592719e-02 
 3.249499e+01  6.554766e-02 
 3.249539e+01  6.515489e-02 
 3.249579e+01  6.473796e-02 
 3.249619e+01  6.427664e-02 
 3.249658e+01  6.379751e-02 
 3.249698e+01  6.329697e-02 
 3.249738e+01  6.275804e-02 
 3.249778e+01  6.220283e-02 
 3.249818e+01  6.164140e-02 
 3.249857e+01  6.104382e-02 
 3.249897e+01  6.041668e-02 
 3.249937e+01  5.977307e-02 
 3.249977e+01  5.908725e-02 
 3.250016e+01  5.836988e-02 
 3.250056e+01  5.764419e-02 
 3.250096e+01  5.688390e-02 
 3.250136e+01  5.608424e-02 
 3.250175e+01  5.526094e-02 
 3.250215e+01  5.442749e-02 
 3.250255e+01  5.355737e-02 
 3.250295e+01  5.268799e-02 
 3.250335e+01  5.180719e-02 
 3.250374e+01  5.088657e-02 
 3.250414e+01  4.994095e-02 
 3.250454e+01  4.899272e-02 
 3.250494e+01  4.802342e-02 
 3.250533e+01  4.703578e-02 
 3.250573e+01  4.603178e-02 
 3.250613e+01  4.501177e-02 
 3.250653e+01  4.397432e-02 
 3.250692e+01  4.292170e-02 
 3.250732e+01  4.186823e-02 
 3.250772e+01  4.080729e-02 
 3.250812e+01  3.973167e-02 
 3.250852e+01  3.864332e-02 
 3.250891e+01  3.753446e-02 
 3.250931e+01  3.641664e-02 
 3.250971e+01  3.527584e-02 
 3.251011e+01  3.413359e-02 
 3.251050e+01  3.297545e-02 
 3.251090e+01  3.180414e-02 
 3.251130e+01  3.061932e-02 
 3.251170e+01  2.943363e-02 
 3.251209e+01  2.824722e-02 
 3.251249e+01  2.706738e-02 
 3.251289e+01  2.587547e-02 
 3.251329e+01  2.468621e-02 
 3.251369e+01  2.347918e-02 
 3.251408e+01  2.226911e-02 
 3.251448e+01  2.106378e-02 
 3.251488e+01  1.984848e-02 
 3.251528e+01  1.863262e-02 
 3.251567e+01  1.741136e-02 
 3.251607e+01  1.617683e-02 
 3.251647e+01  1.494884e-02 
 3.251687e+01  1.372471e-02 
 3.251726e+01  1.250829e-02 
 3.251766e+01  1.129980e-02 
 3.251806e+01  1.008197e-02 
 3.251846e+01  8.871291e-03 
 3.251886e+01  7.654104e-03 
 3.251925e+01  6.441291e-03 
 3.251965e+01  5.242755e-03 
 3.252005e+01  4.039858e-03 
 3.252045e+01  2.842214e-03 
 3.252084e+01  1.635102e-03 
 3.252124e+01  4.406872e-04 
 3.252164e+01 -7.262225e-04 
 3.252204e+01 -1.888814e-03 
 3.252243e+01 -3.025279e-03 
 3.252283e+01 -4.152138e-03 
 3.252323e+01 -5.265889e-03 
 3.252363e+01 -6.368954e-03 
 3.252403e+01 -7.443396e-03 
 3.252442e+01 -8.487539e-03 
 3.252482e+01 -9.524292e-03 
 3.252522e+01 -1.055013e-02 
 3.252562e+01 -1.154114e-02 
 3.252601e+01 -1.252846e-02 
 3.252641e+01 -1.348440e-02 
 3.252681e+01 -1.441346e-02 
 3.252721e+01 -1.531017e-02 
 3.252760e+01 -1.619214e-02 
 3.252800e+01 -1.704415e-02 
 3.252840e+01 -1.787196e-02 
 3.252880e+01 -1.866300e-02 
 3.252920e+01 -1.943965e-02 
 3.252959e+01 -2.019052e-02 
 3.252999e+01 -2.091907e-02 
 3.253039e+01 -2.164086e-02 
 3.253079e+01 -2.232642e-02 
 3.253118e+01 -2.298130e-02 
 3.253158e+01 -2.360044e-02 
 3.253198e+01 -2.418927e-02 
 3.253238e+01 -2.473025e-02 
 3.253277e+01 -2.524732e-02 
 3.253317e+01 -2.573439e-02 
 3.253357e+01 -2.618276e-02 
 3.253397e+01 -2.659634e-02 
 3.253437e+01 -2.699228e-02 
 3.253476e+01 -2.735743e-02 
 3.253516e+01 -2.770699e-02 
 3.253556e+01 -2.803266e-02 
 3.253596e+01 -2.832576e-02 
 3.253635e+01 -2.858543e-02 
 3.253675e+01 -2.879902e-02 
 3.253715e+01 -2.899426e-02 
 3.253755e+01 -2.914592e-02 
 3.253795e+01 -2.927043e-02 
 3.253834e+01 -2.936431e-02 
 3.253874e+01 -2.942818e-02 
 3.253914e+01 -2.945947e-02 
 3.253954e+01 -2.947840e-02 
 3.253993e+01 -2.947914e-02 
 3.254033e+01 -2.945448e-02 
 3.254073e+01 -2.938935e-02 
 3.254113e+01 -2.928613e-02 
 3.254152e+01 -2.914814e-02 
 3.254192e+01 -2.898126e-02 
 3.254232e+01 -2.878403e-02 
 3.254272e+01 -2.855647e-02 
 3.254312e+01 -2.829935e-02 
 3.254351e+01 -2.800542e-02 
 3.254391e+01 -2.767994e-02 
 3.254431e+01 -2.733713e-02 
 3.254471e+01 -2.697024e-02 
 3.254510e+01 -2.658382e-02 
 3.254550e+01 -2.615877e-02 
 3.254590e+01 -2.571524e-02 
 3.254630e+01 -2.522061e-02 
 3.254669e+01 -2.470376e-02 
 3.254709e+01 -2.416236e-02 
 3.254749e+01 -2.359660e-02 
 3.254789e+01 -2.300205e-02 
 3.254829e+01 -2.236880e-02 
 3.254868e+01 -2.172820e-02 
 3.254908e+01 -2.106538e-02 
 3.254948e+01 -2.039556e-02 
 3.254988e+01 -1.970203e-02 
 3.255027e+01 -1.898176e-02 
 3.255067e+01 -1.822505e-02 
 3.255107e+01 -1.743376e-02 
 3.255147e+01 -1.660900e-02 
 3.255186e+01 -1.577357e-02 
 3.255226e+01 -1.490093e-02 
 3.255266e+01 -1.400887e-02 
 3.255306e+01 -1.308993e-02 
 3.255346e+01 -1.213471e-02 
 3.255385e+01 -1.118847e-02 
 3.255425e+01 -1.021751e-02 
 3.255465e+01 -9.238305e-03 
 3.255505e+01 -8.229996e-03 
 3.255544e+01 -7.205173e-03 
 3.255584e+01 -6.155943e-03 
 3.255624e+01 -5.072122e-03 
 3.255664e+01 -3.968238e-03 
 3.255703e+01 -2.857659e-03 
 3.255743e+01 -1.717907e-03 
 3.255783e+01 -5.573101e-04 
 3.255823e+01  6.069163e-04 
 3.255863e+01  1.769961e-03 
 3.255902e+01  2.945326e-03 
 3.255942e+01  4.120620e-03 
 3.255982e+01  5.308694e-03 
 3.256022e+01  6.521884e-03 
 3.256061e+01  7.757396e-03 
 3.256101e+01  8.999973e-03 
 3.256141e+01  1.024466e-02 
 3.256181e+01  1.150302e-02 
 3.256220e+01  1.275873e-02 
 3.256260e+01  1.402688e-02 
 3.256300e+01  1.529035e-02 
 3.256340e+01  1.655726e-02 
 3.256380e+01  1.781276e-02 
 3.256419e+01  1.905627e-02 
 3.256459e+01  2.031141e-02 
 3.256499e+01  2.155971e-02 
 3.256539e+01  2.281235e-02 
 3.256578e+01  2.406650e-02 
 3.256618e+01  2.531742e-02 
 3.256658e+01  2.656007e-02 
 3.256698e+01  2.780193e-02 
 3.256737e+01  2.903876e-02 
 3.256777e+01  3.025630e-02 
 3.256817e+01  3.145152e-02 
 3.256857e+01  3.264439e-02 
 3.256897e+01  3.381099e-02 
 3.256936e+01  3.496713e-02 
 3.256976e+01  3.611440e-02 
 3.257016e+01  3.725269e-02 
 3.257056e+01  3.837527e-02 
 3.257095e+01  3.948017e-02 
 3.257135e+01  4.057353e-02 
 3.257175e+01  4.165896e-02 
 3.257215e+01  4.273162e-02 
 3.257254e+01  4.378247e-02 
 3.257294e+01  4.483047e-02 
 3.257334e+01  4.584400e-02 
 3.257374e+01  4.685006e-02 
 3.257414e+01  4.782572e-02 
 3.257453e+01  4.878350e-02 
 3.257493e+01  4.970697e-02 
 3.257533e+01  5.063217e-02 
 3.257573e+01  5.153643e-02 
 3.257612e+01  5.241516e-02 
 3.257652e+01  5.328558e-02 
 3.257692e+01  5.412987e-02 
 3.257732e+01  5.494440e-02 
 3.257771e+01  5.572455e-02 
 3.257811e+01  5.649067e-02 
 3.257851e+01  5.722212e-02 
 3.257891e+01  5.793547e-02 
 3.257931e+01  5.862511e-02 
 3.257970e+01  5.929731e-02 
 3.258010e+01  5.994886e-02 
 3.258050e+01  6.057853e-02 
 3.258090e+01  6.118429e-02 
 3.258129e+01  6.177193e-02 
 3.258169e+01  6.233447e-02 
 3.258209e+01  6.287172e-02 
 3.258249e+01  6.338549e-02 
 3.258288e+01  6.386876e-02 
 3.258328e+01  6.431406e-02 
 3.258368e+01  6.474192e-02 
 3.258408e+01  6.514655e-02 
 3.258448e+01  6.552102e-02 
 3.258487e+01  6.586891e-02 
 3.258527e+01  6.619507e-02 
 3.258567e+01  6.649132e-02 
 3.258607e+01  6.675372e-02 
 3.258646e+01  6.698911e-02 
 3.258686e+01  6.719149e-02 
 3.258726e+01  6.735627e-02 
 3.258766e+01  6.749009e-02 
 3.258805e+01  6.757897e-02 
 3.258845e+01  6.765437e-02 
 3.258885e+01  6.769299e-02 
 3.258925e+01  6.770648e-02 
 3.258965e+01  6.767899e-02 
 3.259004e+01  6.760848e-02 
 3.259044e+01  6.750785e-02 
 3.259084e+01  6.737592e-02 
 3.259124e+01  6.721222e-02 
 3.259163e+01  6.701985e-02 
 3.259203e+01  6.679066e-02 
 3.259243e+01  6.653113e-02 
 3.259283e+01  6.622574e-02 
 3.259322e+01  6.590052e-02 
 3.259362e+01  6.553189e-02 
 3.259402e+01  6.514303e-02 
 3.259442e+01  6.471610e-02 
 3.259482e+01  6.424569e-02 
 3.259521e+01  6.375796e-02 
 3.259561e+01  6.322633e-02 
 3.259601e+01  6.267700e-02 
 3.259641e+01  6.209344e-02 
 3.259680e+01  6.147570e-02 
 3.259720e+01  6.081763e-02 
 3.259760e+01  6.013599e-02 
 3.259800e+01  5.943293e-02 
 3.259839e+01  5.870375e-02 
 3.259879e+01  5.795153e-02 
 3.259919e+01  5.717814e-02 
 3.259959e+01  5.637086e-02 
 3.259999e+01  5.554614e-02 
 3.260038e+01  5.470549e-02 
 3.260078e+01  5.385975e-02 
 3.260118e+01  5.298947e-02 
 3.260158e+01  5.209223e-02 
 3.260197e+01  5.117341e-02 
 3.260237e+01  5.023769e-02 
 3.260277e+01  4.928863e-02 
 3.260317e+01  4.831319e-02 
 3.260356e+01  4.732536e-02 
 3.260396e+01  4.630686e-02 
 3.260436e+01  4.526724e-02 
 3.260476e+01  4.422556e-02 
 3.260516e+01  4.316324e-02 
 3.260555e+01  4.208779e-02 
 3.260595e+01  4.099546e-02 
 3.260635e+01  3.989576e-02 
 3.260675e+01  3.876419e-02 
 3.260714e+01  3.761941e-02 
 3.260754e+01  3.647948e-02 
 3.260794e+01  3.532682e-02 
 3.260834e+01  3.416768e-02 
 3.260873e+01  3.298871e-02 
 3.260913e+01  3.180252e-02 
 3.260953e+01  3.060469e-02 
 3.260993e+01  2.939951e-02 
 3.261033e+01  2.819255e-02 
 3.261072e+01  2.698897e-02 
 3.261112e+01  2.577530e-02 
 3.261152e+01  2.456130e-02 
 3.261192e+01  2.334624e-02 
 3.261231e+01  2.212665e-02 
 3.261271e+01  2.090996e-02 
 3.261311e+01  1.969880e-02 
 3.261351e+01  1.847627e-02 
 3.261390e+01  1.724550e-02 
 3.261430e+01  1.602097e-02 
 3.261470e+01  1.480181e-02 
 3.261510e+01  1.357949e-02 
 3.261550e+01  1.237302e-02 
 3.261589e+01  1.116455e-02 
 3.261629e+01  9.951702e-03 
 3.261669e+01  8.755522e-03 
 3.261709e+01  7.552919e-03 
 3.261748e+01  6.381835e-03 
 3.261788e+01  5.210844e-03 
 3.261828e+01  4.054781e-03 
 3.261868e+01  2.893876e-03 
 3.261907e+01  1.737674e-03 
 3.261947e+01  6.028093e-04 
 3.261987e+01 -5.141374e-04 
 3.262027e+01 -1.609207e-03 
 3.262067e+01 -2.694488e-03 
 3.262106e+01 -3.771800e-03 
 3.262146e+01 -4.836253e-03 
 3.262186e+01 -5.888271e-03 
 3.262226e+01 -6.926744e-03 
 3.262265e+01 -7.971039e-03 
 3.262305e+01 -8.996573e-03 
 3.262345e+01 -1.001183e-02 
 3.262385e+01 -1.102729e-02 
 3.262424e+01 -1.200034e-02 
 3.262464e+01 -1.296285e-02 
 3.262504e+01 -1.390547e-02 
 3.262544e+01 -1.483490e-02 
 3.262584e+01 -1.574497e-02 
 3.262623e+01 -1.664679e-02 
 3.262663e+01 -1.751620e-02 
 3.262703e+01 -1.835294e-02 
 3.262743e+01 -1.917441e-02 
 3.262782e+01 -1.997536e-02 
 3.262822e+01 -2.075178e-02 
 3.262862e+01 -2.149449e-02 
 3.262902e+01 -2.222358e-02 
 3.262942e+01 -2.290171e-02 
 3.262981e+01 -2.354806e-02 
 3.263021e+01 -2.417179e-02 
 3.263061e+01 -2.475851e-02 
 3.263101e+01 -2.531662e-02 
 3.263140e+01 -2.585883e-02 
 3.263180e+01 -2.635206e-02 
 3.263220e+01 -2.682900e-02 
 3.263260e+01 -2.727279e-02 
 3.263299e+01 -2.768275e-02 
 3.263339e+01 -2.806352e-02 
 3.263379e+01 -2.840113e-02 
 3.263419e+01 -2.870755e-02 
 3.263459e+01 -2.897152e-02 
 3.263498e+01 -2.920072e-02 
 3.263538e+01 -2.939872e-02 
 3.263578e+01 -2.956574e-02 
 3.263618e+01 -2.970424e-02 
 3.263657e+01 -2.979691e-02 
 3.263697e+01 -2.985488e-02 
 3.263737e+01 -2.989517e-02 
 3.263777e+01 -2.990700e-02 
 3.263816e+01 -2.988980e-02 
 3.263856e+01 -2.984484e-02 
 3.263896e+01 -2.975160e-02 
 3.263936e+01 -2.962710e-02 
 3.263976e+01 -2.945605e-02 
 3.264015e+01 -2.925862e-02 
 3.264055e+01 -2.903635e-02 
 3.264095e+01 -2.878601e-02 
 3.264135e+01 -2.850187e-02 
 3.264174e+01 -2.819560e-02 
 3.264214e+01 -2.786537e-02 
 3.264254e+01 -2.751969e-02 
 3.264294e+01 -2.714316e-02 
 3.264333e+01 -2.674969e-02 
 3.264373e+01 -2.631640e-02 
 3.264413e+01 -2.584731e-02 
 3.264453e+01 -2.534612e-02 
 3.264493e+01 -2.483149e-02 
 3.264532e+01 -2.428849e-02 
 3.264572e+01 -2.370557e-02 
 3.264612e+01 -2.310579e-02 
 3.264652e+01 -2.247013e-02 
 3.264691e+01 -2.182171e-02 
 3.264731e+01 -2.115580e-02 
 3.264771e+01 -2.047691e-02 
 3.264811e+01 -1.975301e-02 
 3.264850e+01 -1.899397e-02 
 3.264890e+01 -1.821287e-02 
 3.264930e+01 -1.738503e-02 
 3.264970e+01 -1.654189e-02 
 3.265010e+01 -1.569341e-02 
 3.265049e+01 -1.480506e-02 
 3.265089e+01 -1.389696e-02 
 3.265129e+01 -1.298559e-02 
 3.265169e+01 -1.206145e-02 
 3.265208e+01 -1.111071e-02 
 3.265248e+01 -1.015136e-02 
 3.265288e+01 -9.177603e-03 
 3.265328e+01 -8.166811e-03 
 3.265367e+01 -7.139783e-03 
 3.265407e+01 -6.089079e-03 
 3.265447e+01 -5.027912e-03 
 3.265487e+01 -3.951296e-03 
 3.265527e+01 -2.863380e-03 
 3.265566e+01 -1.770647e-03 
 3.265606e+01 -6.463219e-04 
 3.265646e+01  4.748428e-04 
 3.265686e+01  1.600374e-03 
 3.265725e+01  2.737731e-03 
 3.265765e+01  3.892506e-03 
 3.265805e+01  5.052203e-03 
 3.265845e+01  6.233458e-03 
 3.265884e+01  7.434643e-03 
 3.265924e+01  8.637139e-03 
 3.265964e+01  9.845145e-03 
 3.266004e+01  1.105320e-02 
 3.266044e+01  1.227707e-02 
 3.266083e+01  1.349528e-02 
 3.266123e+01  1.473027e-02 
 3.266163e+01  1.596060e-02 
 3.266203e+01  1.718328e-02 
 3.266242e+01  1.841373e-02 
 3.266282e+01  1.966505e-02 
 3.266322e+01  2.090582e-02 
 3.266362e+01  2.216559e-02 
 3.266401e+01  2.341960e-02 
 3.266441e+01  2.466430e-02 
 3.266481e+01  2.591052e-02 
 3.266521e+01  2.715644e-02 
 3.266561e+01  2.839640e-02 
 3.266600e+01  2.961972e-02 
 3.266640e+01  3.083419e-02 
 3.266680e+01  3.204585e-02 
 3.266720e+01  3.323769e-02 
 3.266759e+01  3.444684e-02 
 3.266799e+01  3.565706e-02 
 3.266839e+01  3.684930e-02 
 3.266879e+01  3.804018e-02 
 3.266918e+01  3.921428e-02 
 3.266958e+01  4.037824e-02 
 3.266998e+01  4.151666e-02 
 3.267038e+01  4.263783e-02 
 3.267078e+01  4.373091e-02 
 3.267117e+01  4.478950e-02 
 3.267157e+01  4.584052e-02 
 3.267197e+01  4.687544e-02 
 3.267237e+01  4.788198e-02 
 3.267276e+01  4.889489e-02 
 3.267316e+01  4.986743e-02 
 3.267356e+01  5.082793e-02 
 3.267396e+01  5.174823e-02 
 3.267435e+01  5.265395e-02 
 3.267475e+01  5.353623e-02 
 3.267515e+01  5.438599e-02 
 3.267555e+01  5.519417e-02 
 3.267595e+01  5.598716e-02 
 3.267634e+01  5.675295e-02 
 3.267674e+01  5.748702e-02 
 3.267714e+01  5.820819e-02 
 3.267754e+01  5.891182e-02 
 3.267793e+01  5.957162e-02 
 3.267833e+01  6.021180e-02 
 3.267873e+01  6.083419e-02 
 3.267913e+01  6.142144e-02 
 3.267952e+01  6.196690e-02 
 3.267992e+01  6.250801e-02 
 3.268032e+01  6.301420e-02 
 3.268072e+01  6.347844e-02 
 3.268112e+01  6.393015e-02 
 3.268151e+01  6.434763e-02 
 3.268191e+01  6.474804e-02 
 3.268231e+01  6.511083e-02 
 3.268271e+01  6.545303e-02 
 3.268310e+01  6.576338e-02 
 3.268350e+01  6.604200e-02 
 3.268390e+01  6.630207e-02 
 3.268430e+01  6.653398e-02 
 3.268469e+01  6.673248e-02 
 3.268509e+01  6.692168e-02 
 3.268549e+01  6.706142e-02 
 3.268589e+01  6.717800e-02 
 3.268629e+01  6.726841e-02 
 3.268668e+01  6.733234e-02 
 3.268708e+01  6.736826e-02 
 3.268748e+01  6.738032e-02 
 3.268788e+01  6.736625e-02 
 3.268827e+01  6.732577e-02 
 3.268867e+01  6.726240e-02 
 3.268907e+01  6.716771e-02 
 3.268947e+01  6.703747e-02 
 3.268986e+01  6.688144e-02 
 3.269026e+01  6.668558e-02 
 3.269066e+01  6.644732e-02 
 3.269106e+01  6.617505e-02 
 3.269146e+01  6.587721e-02 
 3.269185e+01  6.554425e-02 
 3.269225e+01  6.518085e-02 
 3.269265e+01  6.479915e-02 
 3.269305e+01  6.436599e-02 
 3.269344e+01  6.391563e-02 
 3.269384e+01  6.344087e-02 
 3.269424e+01  6.294007e-02 
 3.269464e+01  6.239310e-02 
 3.269503e+01  6.181691e-02 
 3.269543e+01  6.121283e-02 
 3.269583e+01  6.057272e-02 
 3.269623e+01  5.990840e-02 
 3.269663e+01  5.923060e-02 
 3.269702e+01  5.851447e-02 
 3.269742e+01  5.776809e-02 
 3.269782e+01  5.700707e-02 
 3.269822e+01  5.621117e-02 
 3.269861e+01  5.539203e-02 
 3.269901e+01  5.454157e-02 
 3.269941e+01  5.367320e-02 
 3.269981e+01  5.275682e-02 
 3.270020e+01  5.182019e-02 
 3.270060e+01  5.086647e-02 
 3.270100e+01  4.989912e-02 
 3.270140e+01  4.889832e-02 
 3.270180e+01  4.787906e-02 
 3.270219e+01  4.684202e-02 
 3.270259e+01  4.578246e-02 
 3.270299e+01  4.471285e-02 
 3.270339e+01  4.363091e-02 
 3.270378e+01  4.254241e-02 
 3.270418e+01  4.143492e-02 
 3.270458e+01  4.030098e-02 
 3.270498e+01  3.916376e-02 
 3.270537e+01  3.800744e-02 
 3.270577e+01  3.685328e-02 
 3.270617e+01  3.567287e-02 
 3.270657e+01  3.448258e-02 
 3.270697e+01  3.329114e-02 
 3.270736e+01  3.208778e-02 
 3.270776e+01  3.088718e-02 
 3.270816e+01  2.968891e-02 
 3.270856e+01  2.849694e-02 
 3.270895e+01  2.729077e-02 
 3.270935e+01  2.606892e-02 
 3.270975e+01  2.484471e-02 
 3.271015e+01  2.361086e-02 
 3.271054e+01  2.237633e-02 
 3.271094e+01  2.114858e-02 
 3.271134e+01  1.990273e-02 
 3.271174e+01  1.865281e-02 
 3.271214e+01  1.741110e-02 
 3.271253e+01  1.618565e-02 
 3.271293e+01  1.497538e-02 
 3.271333e+01  1.376973e-02 
 3.271373e+01  1.257159e-02 
 3.271412e+01  1.136445e-02 
 3.271452e+01  1.015571e-02 
 3.271492e+01  8.964441e-03 
 3.271532e+01  7.780153e-03 
 3.271571e+01  6.599362e-03 
 3.271611e+01  5.425659e-03 
 3.271651e+01  4.259749e-03 
 3.271691e+01  3.089422e-03 
 3.271731e+01  1.941978e-03 
 3.271770e+01  8.204319e-04 
 3.271810e+01 -2.930427e-04 
 3.271850e+01 -1.406674e-03 
 3.271890e+01 -2.505770e-03 
 3.271929e+01 -3.599877e-03 
 3.271969e+01 -4.693050e-03 
 3.272009e+01 -5.760532e-03 
 3.272049e+01 -6.816385e-03 
 3.272089e+01 -7.870216e-03 
 3.272128e+01 -8.912706e-03 
 3.272168e+01 -9.934455e-03 
 3.272208e+01 -1.093317e-02 
 3.272248e+01 -1.190962e-02 
 3.272287e+01 -1.284496e-02 
 3.272327e+01 -1.376191e-02 
 3.272367e+01 -1.466821e-02 
 3.272407e+01 -1.554692e-02 
 3.272446e+01 -1.639368e-02 
 3.272486e+01 -1.723337e-02 
 3.272526e+01 -1.805141e-02 
 3.272566e+01 -1.884572e-02 
 3.272606e+01 -1.963052e-02 
 3.272645e+01 -2.040332e-02 
 3.272685e+01 -2.114175e-02 
 3.272725e+01 -2.183958e-02 
 3.272765e+01 -2.252609e-02 
 3.272804e+01 -2.315582e-02 
 3.272844e+01 -2.377115e-02 
 3.272884e+01 -2.437039e-02 
 3.272924e+01 -2.494542e-02 
 3.272963e+01 -2.548777e-02 
 3.273003e+01 -2.600977e-02 
 3.273043e+01 -2.651366e-02 
 3.273083e+01 -2.699189e-02 
 3.273123e+01 -2.743701e-02 
 3.273162e+01 -2.785363e-02 
 3.273202e+01 -2.822112e-02 
 3.273242e+01 -2.855894e-02 
 3.273282e+01 -2.886118e-02 
 3.273321e+01 -2.912395e-02 
 3.273361e+01 -2.936569e-02 
 3.273401e+01 -2.957318e-02 
 3.273441e+01 -2.975447e-02 
 3.273480e+01 -2.989172e-02 
 3.273520e+01 -3.001506e-02 
 3.273560e+01 -3.010493e-02 
 3.273600e+01 -3.016275e-02 
 3.273640e+01 -3.018130e-02 
 3.273679e+01 -3.016447e-02 
 3.273719e+01 -3.008677e-02 
 3.273759e+01 -2.998695e-02 
 3.273799e+01 -2.984485e-02 
 3.273838e+01 -2.969063e-02 
 3.273878e+01 -2.949928e-02 
 3.273918e+01 -2.928242e-02 
 3.273958e+01 -2.902863e-02 
 3.273997e+01 -2.874748e-02 
 3.274037e+01 -2.843281e-02 
 3.274077e+01 -2.809432e-02 
 3.274117e+01 -2.771299e-02 
 3.274157e+01 -2.729048e-02 
 3.274196e+01 -2.682865e-02 
 3.274236e+01 -2.633093e-02 
 3.274276e+01 -2.580636e-02 
 3.274316e+01 -2.525202e-02 
 3.274355e+01 -2.467143e-02 
 3.274395e+01 -2.405150e-02 
 3.274435e+01 -2.342718e-02 
 3.274475e+01 -2.276470e-02 
 3.274514e+01 -2.209365e-02 
 3.274554e+01 -2.140156e-02 
 3.274594e+01 -2.068946e-02 
 3.274634e+01 -1.993340e-02 
 3.274674e+01 -1.915253e-02 
 3.274713e+01 -1.834681e-02 
 3.274753e+01 -1.752419e-02 
 3.274793e+01 -1.668089e-02 
 3.274833e+01 -1.581851e-02 
 3.274872e+01 -1.494650e-02 
 3.274912e+01 -1.404733e-02 
 3.274952e+01 -1.313931e-02 
 3.274992e+01 -1.222408e-02 
 3.275031e+01 -1.128871e-02 
 3.275071e+01 -1.033156e-02 
 3.275111e+01 -9.358588e-03 
 3.275151e+01 -8.370588e-03 
 3.275191e+01 -7.344901e-03 
 3.275230e+01 -6.304865e-03 
 3.275270e+01 -5.252172e-03 
 3.275310e+01 -4.184871e-03 
 3.275350e+01 -3.099031e-03 
 3.275389e+01 -2.010213e-03 
 3.275429e+01 -9.069318e-04 
 3.275469e+01  1.959846e-04 
 3.275509e+01  1.313958e-03 
 3.275548e+01  2.439190e-03 
 3.275588e+01  3.594039e-03 
 3.275628e+01  4.763031e-03 
 3.275668e+01  5.953421e-03 
 3.275708e+01  7.159725e-03 
 3.275747e+01  8.356451e-03 
 3.275787e+01  9.561071e-03 
 3.275827e+01  1.077956e-02 
 3.275867e+01  1.200037e-02 
 3.275906e+01  1.321233e-02 
 3.275946e+01  1.442518e-02 
 3.275986e+01  1.563953e-02 
 3.276026e+01  1.685969e-02 
 3.276065e+01  1.807935e-02 
 3.276105e+01  1.932101e-02 
 3.276145e+01  2.057080e-02 
 3.276185e+01  2.180914e-02 
 3.276225e+01  2.305940e-02 
 3.276264e+01  2.430956e-02 
 3.276304e+01  2.554746e-02 
 3.276344e+01  2.678376e-02 
 3.276384e+01  2.801683e-02 
 3.276423e+01  2.922529e-02 
 3.276463e+01  3.042567e-02 
 3.276503e+01  3.162700e-02 
 3.276543e+01  3.282082e-02 
 3.276582e+01  3.401834e-02 
 3.276622e+01  3.521227e-02 
 3.276662e+01  3.638792e-02 
 3.276702e+01  3.754472e-02 
 3.276742e+01  3.869773e-02 
 3.276781e+01  3.983462e-02 
 3.276821e+01  4.094999e-02 
 3.276861e+01  4.205122e-02 
 3.276901e+01  4.314148e-02 
 3.276940e+01  4.420226e-02 
 3.276980e+01  4.525645e-02 
 3.277020e+01  4.631042e-02 
 3.277060e+01  4.734203e-02 
 3.277099e+01  4.836242e-02 
 3.277139e+01  4.936829e-02 
 3.277179e+01  5.035302e-02 
 3.277219e+01  5.131435e-02 
 3.277259e+01  5.225079e-02 
 3.277298e+01  5.317888e-02 
 3.277338e+01  5.406217e-02 
 3.277378e+01  5.493218e-02 
 3.277418e+01  5.576592e-02 
 3.277457e+01  5.658099e-02 
 3.277497e+01  5.737767e-02 
 3.277537e+01  5.815785e-02 
 3.277577e+01  5.891012e-02 
 3.277616e+01  5.963000e-02 
 3.277656e+01  6.032347e-02 
 3.277696e+01  6.098084e-02 
 3.277736e+01  6.160639e-02 
 3.277776e+01  6.220217e-02 
 3.277815e+01  6.276564e-02 
 3.277855e+01  6.328779e-02 
 3.277895e+01  6.377614e-02 
 3.277935e+01  6.424181e-02 
 3.277974e+01  6.466714e-02 
 3.278014e+01  6.506824e-02 
 3.278054e+01  6.543664e-02 
 3.278094e+01  6.577718e-02 
 3.278133e+01  6.608953e-02 
 3.278173e+01  6.636482e-02 
 3.278213e+01  6.661840e-02 
 3.278253e+01  6.683323e-02 
 3.278293e+01  6.701854e-02 
 3.278332e+01  6.717858e-02 
 3.278372e+01  6.728574e-02 
 3.278412e+01  6.737554e-02 
 3.278452e+01  6.743621e-02 
 3.278491e+01  6.747635e-02 
 3.278531e+01  6.748442e-02 
 3.278571e+01  6.746309e-02 
 3.278611e+01  6.741814e-02 
 3.278650e+01  6.733709e-02 
 3.278690e+01  6.721338e-02 
 3.278730e+01  6.707762e-02 
 3.278770e+01  6.690470e-02 
 3.278810e+01  6.670787e-02 
 3.278849e+01  6.647347e-02 
 3.278889e+01  6.622556e-02 
 3.278929e+01  6.594274e-02 
 3.278969e+01  6.563299e-02 
 3.279008e+01  6.530643e-02 
 3.279048e+01  6.494298e-02 
 3.279088e+01  6.455639e-02 
 3.279128e+01  6.415938e-02 
 3.279167e+01  6.373579e-02 
 3.279207e+01  6.328066e-02 
 3.279247e+01  6.281052e-02 
 3.279287e+01  6.230063e-02 
 3.279327e+01  6.175071e-02 
 3.279366e+01  6.118754e-02 
 3.279406e+01  6.059284e-02 
 3.279446e+01  5.996267e-02 
 3.279486e+01  5.929466e-02 
 3.279525e+01  5.860705e-02 
 3.279565e+01  5.788272e-02 
 3.279605e+01  5.713554e-02 
 3.279645e+01  5.637469e-02 
 3.279684e+01  5.558852e-02 
 3.279724e+01  5.477377e-02 
 3.279764e+01  5.393637e-02 
 3.279804e+01  5.307183e-02 
 3.279844e+01  5.218979e-02 
 3.279883e+01  5.127694e-02 
 3.279923e+01  5.032797e-02 
 3.279963e+01  4.935778e-02 
 3.280003e+01  4.836388e-02 
 3.280042e+01  4.736161e-02 
 3.280082e+01  4.634337e-02 
 3.280122e+01  4.531442e-02 
 3.280162e+01  4.428097e-02 
 3.280201e+01  4.321453e-02 
 3.280241e+01  4.213613e-02 
 3.280281e+01  4.102088e-02 
 3.280321e+01  3.989441e-02 
 3.280361e+01  3.875254e-02 
 3.280400e+01  3.759524e-02 
 3.280440e+01  3.642428e-02 
 3.280480e+01  3.524228e-02 
 3.280520e+01  3.403642e-02 
 3.280559e+01  3.283185e-02 
 3.280599e+01  3.161849e-02 
 3.280639e+01  3.040230e-02 
 3.280679e+01  2.918043e-02 
 3.280718e+01  2.793790e-02 
 3.280758e+01  2.669038e-02 
 3.280798e+01  2.542651e-02 
 3.280838e+01  2.417368e-02 
 3.280878e+01  2.290611e-02 
 3.280917e+01  2.165100e-02 
 3.280957e+01  2.038579e-02 
 3.280997e+01  1.912533e-02 
 3.281037e+01  1.787118e-02 
 3.281076e+01  1.663790e-02 
 3.281116e+01  1.540466e-02 
 3.281156e+01  1.417573e-02 
 3.281196e+01  1.294328e-02 
 3.281236e+01  1.170460e-02 
 3.281275e+01  1.046800e-02 
 3.281315e+01  9.248281e-03 
 3.281355e+01  8.037038e-03 
 3.281395e+01  6.838922e-03 
 3.281434e+01  5.632784e-03 
 3.281474e+01  4.438553e-03 
 3.281514e+01  3.253198e-03 
 3.281554e+01  2.085640e-03 
 3.281593e+01  9.503511e-04 
 3.281633e+01 -1.796497e-04 
 3.281673e+01 -1.304977e-03 
 3.281713e+01 -2.409359e-03 
 3.281753e+01 -3.495098e-03 
 3.281792e+01 -4.567763e-03 
 3.281832e+01 -5.620723e-03 
 3.281872e+01 -6.665033e-03 
 3.281912e+01 -7.693074e-03 
 3.281951e+01 -8.708724e-03 
 3.281991e+01 -9.688678e-03 
 3.282031e+01 -1.064464e-02 
 3.282071e+01 -1.156904e-02 
 3.282110e+01 -1.248036e-02 
 3.282150e+01 -1.338317e-02 
 3.282190e+01 -1.427962e-02 
 3.282230e+01 -1.514941e-02 
 3.282270e+01 -1.599950e-02 
 3.282309e+01 -1.683538e-02 
 3.282349e+01 -1.764539e-02 
 3.282389e+01 -1.845273e-02 
 3.282429e+01 -1.922398e-02 
 3.282468e+01 -1.997823e-02 
 3.282508e+01 -2.068784e-02 
 3.282548e+01 -2.137688e-02 
 3.282588e+01 -2.203741e-02 
 3.282627e+01 -2.267949e-02 
 3.282667e+01 -2.330465e-02 
 3.282707e+01 -2.390587e-02 
 3.282747e+01 -2.448901e-02 
 3.282787e+01 -2.504093e-02 
 3.282826e+01 -2.557325e-02 
 3.282866e+01 -2.608097e-02 
 3.282906e+01 -2.655001e-02 
 3.282946e+01 -2.697064e-02 
 3.282985e+01 -2.737246e-02 
 3.283025e+01 -2.772941e-02 
 3.283065e+01 -2.804597e-02 
 3.283105e+01 -2.836158e-02 
 3.283144e+01 -2.864281e-02 
 3.283184e+01 -2.890839e-02 
 3.283224e+01 -2.914467e-02 
 3.283264e+01 -2.934696e-02 
 3.283304e+01 -2.950832e-02 
 3.283343e+01 -2.965031e-02 
 3.283383e+01 -2.978037e-02 
 3.283423e+01 -2.985943e-02 
 3.283463e+01 -2.989978e-02 
 3.283502e+01 -2.991447e-02 
 3.283542e+01 -2.988239e-02 
 3.283582e+01 -2.981656e-02 
 3.283622e+01 -2.973374e-02 
 3.283661e+01 -2.962264e-02 
 3.283701e+01 -2.947155e-02 
 3.283741e+01 -2.928130e-02 
 3.283781e+01 -2.907073e-02 
 3.283821e+01 -2.882194e-02 
 3.283860e+01 -2.853990e-02 
 3.283900e+01 -2.823161e-02 
 3.283940e+01 -2.786882e-02 
 3.283980e+01 -2.746167e-02 
 3.284019e+01 -2.703432e-02 
 3.284059e+01 -2.657929e-02 
 3.284099e+01 -2.609473e-02 
 3.284139e+01 -2.559290e-02 
 3.284178e+01 -2.505815e-02 
 3.284218e+01 -2.449390e-02 
 3.284258e+01 -2.389373e-02 
 3.284298e+01 -2.329015e-02 
 3.284338e+01 -2.264282e-02 
 3.284377e+01 -2.196175e-02 
 3.284417e+01 -2.124595e-02 
 3.284457e+01 -2.049342e-02 
 3.284497e+01 -1.970706e-02 
 3.284536e+01 -1.890055e-02 
 3.284576e+01 -1.807862e-02 
 3.284616e+01 -1.723965e-02 
 3.284656e+01 -1.636855e-02 
 3.284695e+01 -1.549143e-02 
 3.284735e+01 -1.459379e-02 
 3.284775e+01 -1.366926e-02 
 3.284815e+01 -1.271490e-02 
 3.284855e+01 -1.173942e-02 
 3.284894e+01 -1.073779e-02 
 3.284934e+01 -9.709012e-03 
 3.284974e+01 -8.666288e-03 
 3.285014e+01 -7.597233e-03 
 3.285053e+01 -6.540574e-03 
 3.285093e+01 -5.476484e-03 
 3.285133e+01 -4.398356e-03 
 3.285173e+01 -3.296872e-03 
 3.285212e+01 -2.197083e-03 
 3.285252e+01 -1.083547e-03 
 3.285292e+01  4.586227e-05 
 3.285332e+01  1.184864e-03 
 3.285372e+01  2.331953e-03 
 3.285411e+01  3.506233e-03 
 3.285451e+01  4.684874e-03 
 3.285491e+01  5.854040e-03 
 3.285531e+01  7.037240e-03 
 3.285570e+01  8.210990e-03 
 3.285610e+01  9.389884e-03 
 3.285650e+01  1.056576e-02 
 3.285690e+01  1.176472e-02 
 3.285729e+01  1.294768e-02 
 3.285769e+01  1.413600e-02 
 3.285809e+01  1.534241e-02 
 3.285849e+01  1.655653e-02 
 3.285889e+01  1.778067e-02 
 3.285928e+01  1.900441e-02 
 3.285968e+01  2.023777e-02 
 3.286008e+01  2.145339e-02 
 3.286048e+01  2.267028e-02 
 3.286087e+01  2.388142e-02 
 3.286127e+01  2.508548e-02 
 3.286167e+01  2.629062e-02 
 3.286207e+01  2.748524e-02 
 3.286246e+01  2.866295e-02 
 3.286286e+01  2.983687e-02 
 3.286326e+01  3.102342e-02 
 3.286366e+01  3.221276e-02 
 3.286406e+01  3.338837e-02 
 3.286445e+01  3.456600e-02 
 3.286485e+01  3.572927e-02 
 3.286525e+01  3.689246e-02 
 3.286565e+01  3.803545e-02 
 3.286604e+01  3.916437e-02 
 3.286644e+01  4.028354e-02 
 3.286684e+01  4.136906e-02 
 3.286724e+01  4.245221e-02 
 3.286763e+01  4.352556e-02 
 3.286803e+01  4.458681e-02 
 3.286843e+01  4.564894e-02 
 3.286883e+01  4.670392e-02 
 3.286923e+01  4.774042e-02 
 3.286962e+01  4.874317e-02 
 3.287002e+01  4.973398e-02 
 3.287042e+01  5.069667e-02 
 3.287082e+01  5.163727e-02 
 3.287121e+01  5.254954e-02 
 3.287161e+01  5.343902e-02 
 3.287201e+01  5.429622e-02 
 3.287241e+01  5.514851e-02 
 3.287280e+01  5.597001e-02 
 3.287320e+01  5.677869e-02 
 3.287360e+01  5.757832e-02 
 3.287400e+01  5.834202e-02 
 3.287440e+01  5.908425e-02 
 3.287479e+01  5.979442e-02 
 3.287519e+01  6.047542e-02 
 3.287559e+01  6.112309e-02 
 3.287599e+01  6.173964e-02 
 3.287638e+01  6.232157e-02 
 3.287678e+01  6.288171e-02 
 3.287718e+01  6.341633e-02 
 3.287758e+01  6.393279e-02 
 3.287797e+01  6.442493e-02 
 3.287837e+01  6.489811e-02 
 3.287877e+01  6.533489e-02 
 3.287917e+01  6.573349e-02 
 3.287957e+01  6.609317e-02 
 3.287996e+01  6.641979e-02 
 3.288036e+01  6.671120e-02 
 3.288076e+01  6.696765e-02 
 3.288116e+01  6.718675e-02 
 3.288155e+01  6.736317e-02 
 3.288195e+01  6.750525e-02 
 3.288235e+01  6.761676e-02 
 3.288275e+01  6.770480e-02 
 3.288314e+01  6.775684e-02 
 3.288354e+01  6.776890e-02 
 3.288394e+01  6.775253e-02 
 3.288434e+01  6.770588e-02 
 3.288474e+01  6.761797e-02 
 3.288513e+01  6.749787e-02 
 3.288553e+01  6.734319e-02 
 3.288593e+01  6.715370e-02 
 3.288633e+01  6.692767e-02 
 3.288672e+01  6.667694e-02 
 3.288712e+01  6.640981e-02 
 3.288752e+01  6.611834e-02 
 3.288792e+01  6.579243e-02 
 3.288831e+01  6.543410e-02 
 3.288871e+01  6.504817e-02 
 3.288911e+01  6.463039e-02 
 3.288951e+01  6.418853e-02 
 3.288991e+01  6.372641e-02 
 3.289030e+01  6.322124e-02 
 3.289070e+01  6.268701e-02 
 3.289110e+01  6.212750e-02 
 3.289150e+01  6.154665e-02 
 3.289189e+01  6.094289e-02 
 3.289229e+01  6.033735e-02 
 3.289269e+01  5.969792e-02 
 3.289309e+01  5.902693e-02 
 3.289348e+01  5.835740e-02 
 3.289388e+01  5.765858e-02 
 3.289428e+01  5.693254e-02 
 3.289468e+01  5.619223e-02 
 3.289508e+01  5.542319e-02 
 3.289547e+01  5.461567e-02 
 3.289587e+01  5.380019e-02 
 3.289627e+01  5.297020e-02 
 3.289667e+01  5.211170e-02 
 3.289706e+01  5.123442e-02 
 3.289746e+01  5.035357e-02 
 3.289786e+01  4.943664e-02 
 3.289826e+01  4.850325e-02 
 3.289865e+01  4.755690e-02 
 3.289905e+01  4.658572e-02 
 3.289945e+01  4.559273e-02 
 3.289985e+01  4.458191e-02 
 3.290025e+01  4.353619e-02 
 3.290064e+01  4.245835e-02 
 3.290104e+01  4.136501e-02 
 3.290144e+01  4.026131e-02 
 3.290184e+01  3.913087e-02 
 3.290223e+01  3.799022e-02 
 3.290263e+01  3.683546e-02 
 3.290303e+01  3.566540e-02 
 3.290343e+01  3.449456e-02 
 3.290383e+01  3.331604e-02 
 3.290422e+01  3.212275e-02 
 3.290462e+01  3.092529e-02 
 3.290502e+01  2.971265e-02 
 3.290542e+01  2.849288e-02 
 3.290581e+01  2.724954e-02 
 3.290621e+01  2.600906e-02 
 3.290661e+01  2.477313e-02 
 3.290701e+01  2.351389e-02 
 3.290740e+01  2.226362e-02 
 3.290780e+01  2.101267e-02 
 3.290820e+01  1.976731e-02 
 3.290860e+01  1.851770e-02 
 3.290900e+01  1.727334e-02 
 3.290939e+01  1.603500e-02 
 3.290979e+01  1.477841e-02 
 3.291019e+01  1.352308e-02 
 3.291059e+01  1.225373e-02 
 3.291098e+01  1.100006e-02 
 3.291138e+01  9.753300e-03 
 3.291178e+01  8.517292e-03 
 3.291218e+01  7.288018e-03 
 3.291257e+01  6.072271e-03 
 3.291297e+01  4.881140e-03 
 3.291337e+01  3.702111e-03 
 3.291377e+01  2.548324e-03 
 3.291417e+01  1.393524e-03 
 3.291456e+01  2.486105e-04 
 3.291496e+01 -8.992949e-04 
 3.291536e+01 -2.044287e-03 
 3.291576e+01 -3.176837e-03 
 3.291615e+01 -4.280650e-03 
 3.291655e+01 -5.380501e-03 
 3.291695e+01 -6.450968e-03 
 3.291735e+01 -7.508697e-03 
 3.291774e+01 -8.539320e-03 
 3.291814e+01 -9.551028e-03 
 3.291854e+01 -1.052984e-02 
 3.291894e+01 -1.149973e-02 
 3.291934e+01 -1.247314e-02 
 3.291973e+01 -1.342569e-02 
 3.292013e+01 -1.436158e-02 
 3.292053e+01 -1.527541e-02 
 3.292093e+01 -1.615540e-02 
 3.292132e+01 -1.701532e-02 
 3.292172e+01 -1.784408e-02 
 3.292212e+01 -1.864152e-02 
 3.292252e+01 -1.940610e-02 
 3.292291e+01 -2.013938e-02 
 3.292331e+01 -2.083810e-02 
 3.292371e+01 -2.150526e-02 
 3.292411e+01 -2.216439e-02 
 3.292451e+01 -2.279951e-02 
 3.292490e+01 -2.341283e-02 
 3.292530e+01 -2.399406e-02 
 3.292570e+01 -2.454404e-02 
 3.292610e+01 -2.505930e-02 
 3.292649e+01 -2.554711e-02 
 3.292689e+01 -2.600483e-02 
 3.292729e+01 -2.643319e-02 
 3.292769e+01 -2.681310e-02 
 3.292808e+01 -2.717049e-02 
 3.292848e+01 -2.750085e-02 
 3.292888e+01 -2.780984e-02 
 3.292928e+01 -2.811567e-02 
 3.292968e+01 -2.839467e-02 
 3.293007e+01 -2.864891e-02 
 3.293047e+01 -2.886046e-02 
 3.293087e+01 -2.907206e-02 
 3.293127e+01 -2.923461e-02 
 3.293166e+01 -2.937245e-02 
 3.293206e+01 -2.947530e-02 
 3.293246e+01 -2.953381e-02 
 3.293286e+01 -2.954203e-02 
 3.293325e+01 -2.953196e-02 
 3.293365e+01 -2.950333e-02 
 3.293405e+01 -2.945615e-02 
 3.293445e+01 -2.938683e-02 
 3.293485e+01 -2.930211e-02 
 3.293524e+01 -2.917813e-02 
 3.293564e+01 -2.901320e-02 
 3.293604e+01 -2.884434e-02 
 3.293644e+01 -2.863084e-02 
 3.293683e+01 -2.837907e-02 
 3.293723e+01 -2.807987e-02 
 3.293763e+01 -2.773973e-02 
 3.293803e+01 -2.737465e-02 
 3.293842e+01 -2.698961e-02 
 3.293882e+01 -2.659361e-02 
 3.293922e+01 -2.616665e-02 
 3.293962e+01 -2.570667e-02 
 3.294002e+01 -2.522618e-02 
 3.294041e+01 -2.470450e-02 
 3.294081e+01 -2.414776e-02 
 3.294121e+01 -2.356282e-02 
 3.294161e+01 -2.293125e-02 
 3.294200e+01 -2.225243e-02 
 3.294240e+01 -2.154487e-02 
 3.294280e+01 -2.080631e-02 
 3.294320e+01 -2.004123e-02 
 3.294359e+01 -1.926364e-02 
 3.294399e+01 -1.847001e-02 
 3.294439e+01 -1.765498e-02 
 3.294479e+01 -1.680909e-02 
 3.294519e+01 -1.594562e-02 
 3.294558e+01 -1.504845e-02 
 3.294598e+01 -1.411798e-02 
 3.294638e+01 -1.317128e-02 
 3.294678e+01 -1.219028e-02 
 3.294717e+01 -1.118906e-02 
 3.294757e+01 -1.015922e-02 
 3.294797e+01 -9.125162e-03 
 3.294837e+01 -8.078413e-03 
 3.294876e+01 -7.022663e-03 
 3.294916e+01 -5.965442e-03 
 3.294956e+01 -4.887266e-03 
 3.294996e+01 -3.793096e-03 
 3.295036e+01 -2.690999e-03 
 3.295075e+01 -1.562347e-03 
 3.295115e+01 -4.292778e-04 
 3.295155e+01  7.248279e-04 
 3.295195e+01  1.897615e-03 
 3.295234e+01  3.085791e-03 
 3.295274e+01  4.286921e-03 
 3.295314e+01  5.490054e-03 
 3.295354e+01  6.688099e-03 
 3.295393e+01  7.888745e-03 
 3.295433e+01  9.097638e-03 
 3.295473e+01  1.031253e-02 
 3.295513e+01  1.153161e-02 
 3.295553e+01  1.276374e-02 
 3.295592e+01  1.399101e-02 
 3.295632e+01  1.522861e-02 
 3.295672e+01  1.648028e-02 
 3.295712e+01  1.772975e-02 
 3.295751e+01  1.896428e-02 
 3.295791e+01  2.020966e-02 
 3.295831e+01  2.142892e-02 
 3.295871e+01  2.264226e-02 
 3.295910e+01  2.385226e-02 
 3.295950e+01  2.507501e-02 
 3.295990e+01  2.627381e-02 
 3.296030e+01  2.747727e-02 
 3.296070e+01  2.867961e-02 
 3.296109e+01  2.987718e-02 
 3.296149e+01  3.107700e-02 
 3.296189e+01  3.228012e-02 
 3.296229e+01  3.345762e-02 
 3.296268e+01  3.461149e-02 
 3.296308e+01  3.575778e-02 
 3.296348e+01  3.688312e-02 
 3.296388e+01  3.799568e-02 
 3.296427e+01  3.910510e-02 
 3.296467e+01  4.020102e-02 
 3.296507e+01  4.127862e-02 
 3.296547e+01  4.234725e-02 
 3.296587e+01  4.342555e-02 
 3.296626e+01  4.447173e-02 
 3.296666e+01  4.551510e-02 
 3.296706e+01  4.652576e-02 
 3.296746e+01  4.752300e-02 
 3.296785e+01  4.848156e-02 
 3.296825e+01  4.944085e-02 
 3.296865e+01  5.037307e-02 
 3.296905e+01  5.127719e-02 
 3.296944e+01  5.217225e-02 
 3.296984e+01  5.303858e-02 
 3.297024e+01  5.388450e-02 
 3.297064e+01  5.471944e-02 
 3.297104e+01  5.554373e-02 
 3.297143e+01  5.634533e-02 
 3.297183e+01  5.712477e-02 
 3.297223e+01  5.789156e-02 
 3.297263e+01  5.862302e-02 
 3.297302e+01  5.932521e-02 
 3.297342e+01  6.002351e-02 
 3.297382e+01  6.068062e-02 
 3.297422e+01  6.130538e-02 
 3.297461e+01  6.190628e-02 
 3.297501e+01  6.249338e-02 
 3.297541e+01  6.305319e-02 
 3.297581e+01  6.358621e-02 
 3.297621e+01  6.409293e-02 
 3.297660e+01  6.457741e-02 
 3.297700e+01  6.501805e-02 
 3.297740e+01  6.543153e-02 
 3.297780e+01  6.581661e-02 
 3.297819e+01  6.616180e-02 
 3.297859e+01  6.648134e-02 
 3.297899e+01  6.676229e-02 
 3.297939e+01  6.700443e-02 
 3.297978e+01  6.721672e-02 
 3.298018e+01  6.741546e-02 
 3.298058e+01  6.759761e-02 
 3.298098e+01  6.773700e-02 
 3.298138e+01  6.785781e-02 
 3.298177e+01  6.794569e-02 
 3.298217e+01  6.798277e-02 
 3.298257e+01  6.798584e-02 
 3.298297e+01  6.796485e-02 
 3.298336e+01  6.789129e-02 
 3.298376e+01  6.777637e-02 
 3.298416e+01  6.763252e-02 
 3.298456e+01  6.746025e-02 
 3.298495e+01  6.725464e-02 
 3.298535e+01  6.702487e-02 
 3.298575e+01  6.676626e-02 
 3.298615e+01  6.645901e-02 
 3.298655e+01  6.610901e-02 
 3.298694e+01  6.573768e-02 
 3.298734e+01  6.532799e-02 
 3.298774e+01  6.488757e-02 
 3.298814e+01  6.441237e-02 
 3.298853e+01  6.389159e-02 
 3.298893e+01  6.335308e-02 
 3.298933e+01  6.276896e-02 
 3.298973e+01  6.217785e-02 
 3.299012e+01  6.156034e-02 
 3.299052e+01  6.092164e-02 
 3.299092e+01  6.025176e-02 
 3.299132e+01  5.955252e-02 
 3.299172e+01  5.883219e-02 
 3.299211e+01  5.807677e-02 
 3.299251e+01  5.730530e-02 
 3.299291e+01  5.650503e-02 
 3.299331e+01  5.567316e-02 
 3.299370e+01  5.483264e-02 
 3.299410e+01  5.397795e-02 
 3.299450e+01  5.309779e-02 
 3.299490e+01  5.220610e-02 
 3.299530e+01  5.128827e-02 
 3.299569e+01  5.037091e-02 
 3.299609e+01  4.940859e-02 
 3.299649e+01  4.843920e-02 
 3.299689e+01  4.745919e-02 
 3.299728e+01  4.646778e-02 
 3.299768e+01  4.545433e-02 
 3.299808e+01  4.442348e-02 
 3.299848e+01  4.337752e-02 
 3.299887e+01  4.231339e-02 
 3.299927e+01  4.124585e-02 
 3.299967e+01  4.018221e-02 
 3.300007e+01  3.910838e-02 
 3.300047e+01  3.803297e-02 
 3.300086e+01  3.693789e-02 
 3.300126e+01  3.584572e-02 
 3.300166e+01  3.472865e-02 
 3.300206e+01  3.360933e-02 
 3.300245e+01  3.247364e-02 
 3.300285e+01  3.132705e-02 
 3.300325e+01  3.015750e-02 
 3.300365e+01  2.898666e-02 
 3.300404e+01  2.780520e-02 
 3.300444e+01  2.661457e-02 
 3.300484e+01  2.542436e-02 
 3.300524e+01  2.422791e-02 
 3.300564e+01  2.301022e-02 
 3.300603e+01  2.179531e-02 
 3.300643e+01  2.058883e-02 
 3.300683e+01  1.936226e-02 
 3.300723e+01  1.813680e-02 
 3.300762e+01  1.690719e-02 
 3.300802e+01  1.565880e-02 
 3.300842e+01  1.439585e-02 
 3.300882e+01  1.315816e-02 
 3.300921e+01  1.193368e-02 
 3.300961e+01  1.070285e-02 
 3.301001e+01  9.487693e-03 
 3.301041e+01  8.268202e-03 
 3.301081e+01  7.052593e-03 
 3.301120e+01  5.859533e-03 
 3.301160e+01  4.655256e-03 
 3.301200e+01  3.457902e-03 
 3.301240e+01  2.256384e-03 
 3.301279e+01  1.062932e-03 
 3.301319e+01 -1.245049e-04 
 3.301359e+01 -1.302648e-03 
 3.301399e+01 -2.447511e-03 
 3.301438e+01 -3.593331e-03 
 3.301478e+01 -4.720146e-03 
 3.301518e+01 -5.826657e-03 
 3.301558e+01 -6.915129e-03 
 3.301598e+01 -7.968678e-03 
 3.301637e+01 -9.008714e-03 
 3.301677e+01 -1.003270e-02 
 3.301717e+01 -1.105331e-02 
 3.301757e+01 -1.205858e-02 
 3.301796e+01 -1.304353e-02 
 3.301836e+01 -1.399859e-02 
 3.301876e+01 -1.492670e-02 
 3.301916e+01 -1.582876e-02 
 3.301955e+01 -1.670144e-02 
 3.301995e+01 -1.754422e-02 
 3.302035e+01 -1.836467e-02 
 3.302075e+01 -1.913746e-02 
 3.302115e+01 -1.989643e-02 
 3.302154e+01 -2.063109e-02 
 3.302194e+01 -2.134592e-02 
 3.302234e+01 -2.203689e-02 
 3.302274e+01 -2.272496e-02 
 3.302313e+01 -2.336616e-02 
 3.302353e+01 -2.397676e-02 
 3.302393e+01 -2.456016e-02 
 3.302433e+01 -2.512396e-02 
 3.302472e+01 -2.564061e-02 
 3.302512e+01 -2.613354e-02 
 3.302552e+01 -2.659340e-02 
 3.302592e+01 -2.701125e-02 
 3.302632e+01 -2.738734e-02 
 3.302671e+01 -2.775907e-02 
 3.302711e+01 -2.811218e-02 
 3.302751e+01 -2.843250e-02 
 3.302791e+01 -2.872165e-02 
 3.302830e+01 -2.895966e-02 
 3.302870e+01 -2.915894e-02 
 3.302910e+01 -2.932240e-02 
 3.302950e+01 -2.946051e-02 
 3.302989e+01 -2.955588e-02 
 3.303029e+01 -2.962290e-02 
 3.303069e+01 -2.965712e-02 
 3.303109e+01 -2.966018e-02 
 3.303149e+01 -2.964191e-02 
 3.303188e+01 -2.962040e-02 
 3.303228e+01 -2.956948e-02 
 3.303268e+01 -2.948253e-02 
 3.303308e+01 -2.934681e-02 
 3.303347e+01 -2.918844e-02 
 3.303387e+01 -2.898731e-02 
 3.303427e+01 -2.876985e-02 
 3.303467e+01 -2.851689e-02 
 3.303506e+01 -2.823261e-02 
 3.303546e+01 -2.790229e-02 
 3.303586e+01 -2.756902e-02 
 3.303626e+01 -2.721124e-02 
 3.303666e+01 -2.684688e-02 
 3.303705e+01 -2.645620e-02 
 3.303745e+01 -2.603774e-02 
 3.303785e+01 -2.558553e-02 
 3.303825e+01 -2.509221e-02 
 3.303864e+01 -2.457921e-02 
 3.303904e+01 -2.403007e-02 
 3.303944e+01 -2.345390e-02 
 3.303984e+01 -2.285280e-02 
 3.304023e+01 -2.223236e-02 
 3.304063e+01 -2.158449e-02 
 3.304103e+01 -2.092016e-02 
 3.304143e+01 -2.024889e-02 
 3.304183e+01 -1.953871e-02 
 3.304222e+01 -1.881323e-02 
 3.304262e+01 -1.806721e-02 
 3.304302e+01 -1.728026e-02 
 3.304342e+01 -1.647089e-02 
 3.304381e+01 -1.564107e-02 
 3.304421e+01 -1.478567e-02 
 3.304461e+01 -1.389251e-02 
 3.304501e+01 -1.297674e-02 
 3.304540e+01 -1.204391e-02 
 3.304580e+01 -1.108222e-02 
 3.304620e+01 -1.012447e-02 
 3.304660e+01 -9.155980e-03 
 3.304700e+01 -8.148717e-03 
 3.304739e+01 -7.117155e-03 
 3.304779e+01 -6.068377e-03 
 3.304819e+01 -4.976438e-03 
 3.304859e+01 -3.855138e-03 
 3.304898e+01 -2.725182e-03 
 3.304938e+01 -1.567920e-03 
 3.304978e+01 -3.781229e-04 
 3.305018e+01  8.080793e-04 
 3.305057e+01  1.989875e-03 
 3.305097e+01  3.198591e-03 
 3.305137e+01  4.387673e-03 
 3.305177e+01  5.587786e-03 
 3.305217e+01  6.805572e-03 
 3.305256e+01  8.041370e-03 
 3.305296e+01  9.283265e-03 
 3.305336e+01  1.053038e-02 
 3.305376e+01  1.179110e-02 
 3.305415e+01  1.306964e-02 
 3.305455e+01  1.435056e-02 
 3.305495e+01  1.563288e-02 
 3.305535e+01  1.689499e-02 
 3.305574e+01  1.814396e-02 
 3.305614e+01  1.938652e-02 
 3.305654e+01  2.062129e-02 
 3.305694e+01  2.185893e-02 
 3.305734e+01  2.311017e-02 
 3.305773e+01  2.436276e-02 
 3.305813e+01  2.560902e-02 
 3.305853e+01  2.684587e-02 
 3.305893e+01  2.808643e-02 
 3.305932e+01  2.932222e-02 
 3.305972e+01  3.052364e-02 
 3.306012e+01  3.172809e-02 
 3.306052e+01  3.290596e-02 
 3.306091e+01  3.406518e-02 
 3.306131e+01  3.521486e-02 
 3.306171e+01  3.636539e-02 
 3.306211e+01  3.749774e-02 
 3.306251e+01  3.861757e-02 
 3.306290e+01  3.973264e-02 
 3.306330e+01  4.083728e-02 
 3.306370e+01  4.191954e-02 
 3.306410e+01  4.300171e-02 
 3.306449e+01  4.405551e-02 
 3.306489e+01  4.508254e-02 
 3.306529e+01  4.608849e-02 
 3.306569e+01  4.707418e-02 
 3.306608e+01  4.803089e-02 
 3.306648e+01  4.897692e-02 
 3.306688e+01  4.991312e-02 
 3.306728e+01  5.083000e-02 
 3.306768e+01  5.173168e-02 
 3.306807e+01  5.262517e-02 
 3.306847e+01  5.349883e-02 
 3.306887e+01  5.433582e-02 
 3.306927e+01  5.516906e-02 
 3.306966e+01  5.596945e-02 
 3.307006e+01  5.674087e-02 
 3.307046e+01  5.747267e-02 
 3.307086e+01  5.818489e-02 
 3.307125e+01  5.886390e-02 
 3.307165e+01  5.951529e-02 
 3.307205e+01  6.015195e-02 
 3.307245e+01  6.075657e-02 
 3.307285e+01  6.133610e-02 
 3.307324e+01  6.190897e-02 
 3.307364e+01  6.245442e-02 
 3.307404e+01  6.296492e-02 
 3.307444e+01  6.344831e-02 
 3.307483e+01  6.390129e-02 
 3.307523e+01  6.430765e-02 
 3.307563e+01  6.468639e-02 
 3.307603e+01  6.504354e-02 
 3.307642e+01  6.538614e-02 
 3.307682e+01  6.570127e-02 
 3.307722e+01  6.599461e-02 
 3.307762e+01  6.626162e-02 
 3.307802e+01  6.651955e-02 
 3.307841e+01  6.674928e-02 
 3.307881e+01  6.694408e-02 
 3.307921e+01  6.710469e-02 
 3.307961e+01  6.722584e-02 
 3.308000e+01  6.730719e-02 
 3.308040e+01  6.736198e-02 
 3.308080e+01  6.738518e-02 
 3.308120e+01  6.738457e-02 
 3.308159e+01  6.734468e-02 
 3.308199e+01  6.727669e-02 
 3.308239e+01  6.717538e-02 
 3.308279e+01  6.706796e-02 
 3.308319e+01  6.692706e-02 
 3.308358e+01  6.675012e-02 
 3.308398e+01  6.654186e-02 
 3.308438e+01  6.628734e-02 
 3.308478e+01  6.599963e-02 
 3.308517e+01  6.568060e-02 
 3.308557e+01  6.533286e-02 
 3.308597e+01  6.494088e-02 
 3.308637e+01  6.452538e-02 
 3.308676e+01  6.406549e-02 
 3.308716e+01  6.358878e-02 
 3.308756e+01  6.307891e-02 
 3.308796e+01  6.254495e-02 
 3.308836e+01  6.198226e-02 
 3.308875e+01  6.138935e-02 
 3.308915e+01  6.075789e-02 
 3.308955e+01  6.008924e-02 
 3.308995e+01  5.939843e-02 
 3.309034e+01  5.867312e-02 
 3.309074e+01  5.791184e-02 
 3.309114e+01  5.710258e-02 
 3.309154e+01  5.627601e-02 
 3.309194e+01  5.542258e-02 
 3.309233e+01  5.455494e-02 
 3.309273e+01  5.366683e-02 
 3.309313e+01  5.276248e-02 
 3.309353e+01  5.184131e-02 
 3.309392e+01  5.088976e-02 
 3.309432e+01  4.990849e-02 
 3.309472e+01  4.891857e-02 
 3.309512e+01  4.790605e-02 
 3.309551e+01  4.687012e-02 
 3.309591e+01  4.581861e-02 
 3.309631e+01  4.474442e-02 
 3.309671e+01  4.366780e-02 
 3.309711e+01  4.258384e-02 
 3.309750e+01  4.149447e-02 
 3.309790e+01  4.038777e-02 
 3.309830e+01  3.927013e-02 
 3.309870e+01  3.813813e-02 
 3.309909e+01  3.698272e-02 
 3.309949e+01  3.581837e-02 
 3.309989e+01  3.464662e-02 
 3.310029e+01  3.345633e-02 
 3.310068e+01  3.225724e-02 
 3.310108e+01  3.105017e-02 
 3.310148e+01  2.984481e-02 
 3.310188e+01  2.863781e-02 
 3.310228e+01  2.744325e-02 
 3.310267e+01  2.624890e-02 
 3.310307e+01  2.505085e-02 
 3.310347e+01  2.384323e-02 
 3.310387e+01  2.263837e-02 
 3.310426e+01  2.143785e-02 
 3.310466e+01  2.022709e-02 
 3.310506e+01  1.903483e-02 
 3.310546e+01  1.782713e-02 
 3.310585e+01  1.662411e-02 
 3.310625e+01  1.542180e-02 
 3.310665e+01  1.422327e-02 
 3.310705e+01  1.304867e-02 
 3.310745e+01  1.188662e-02 
 3.310784e+01  1.071081e-02 
 3.310824e+01  9.542545e-03 
 3.310864e+01  8.377741e-03 
 3.310904e+01  7.232600e-03 
 3.310943e+01  6.085387e-03 
 3.310983e+01  4.940209e-03 
 3.311023e+01  3.794324e-03 
 3.311063e+01  2.638823e-03 
 3.311102e+01  1.508444e-03 
 3.311142e+01  3.823944e-04 
 3.311182e+01 -7.264373e-04 
 3.311222e+01 -1.814241e-03 
 3.311262e+01 -2.895755e-03 
 3.311301e+01 -3.973564e-03 
 3.311341e+01 -5.038367e-03 
 3.311381e+01 -6.082467e-03 
 3.311421e+01 -7.113981e-03 
 3.311460e+01 -8.152451e-03 
 3.311500e+01 -9.176079e-03 
 3.311540e+01 -1.018987e-02 
 3.311580e+01 -1.119765e-02 
 3.311619e+01 -1.216925e-02 
 3.311659e+01 -1.312261e-02 
 3.311699e+01 -1.404784e-02 
 3.311739e+01 -1.496074e-02 
 3.311779e+01 -1.585249e-02 
 3.311818e+01 -1.672546e-02 
 3.311858e+01 -1.758221e-02 
 3.311898e+01 -1.842013e-02 
 3.311938e+01 -1.924280e-02 
 3.311977e+01 -2.005293e-02 
 3.312017e+01 -2.084983e-02 
 3.312057e+01 -2.161126e-02 
 3.312097e+01 -2.234787e-02 
 3.312136e+01 -2.303131e-02 
 3.312176e+01 -2.368757e-02 
 3.312216e+01 -2.430003e-02 
 3.312256e+01 -2.488158e-02 
 3.312296e+01 -2.543224e-02 
 3.312335e+01 -2.595276e-02 
 3.312375e+01 -2.643796e-02 
 3.312415e+01 -2.690294e-02 
 3.312455e+01 -2.732628e-02 
 3.312494e+01 -2.773637e-02 
 3.312534e+01 -2.811753e-02 
 3.312574e+01 -2.846680e-02 
 3.312614e+01 -2.875325e-02 
 3.312653e+01 -2.900371e-02 
 3.312693e+01 -2.922838e-02 
 3.312733e+01 -2.941585e-02 
 3.312773e+01 -2.956481e-02 
 3.312813e+01 -2.968904e-02 
 3.312852e+01 -2.976913e-02 
 3.312892e+01 -2.983044e-02 
 3.312932e+01 -2.985692e-02 
 3.312972e+01 -2.986622e-02 
 3.313011e+01 -2.985404e-02 
 3.313051e+01 -2.979930e-02 
 3.313091e+01 -2.969794e-02 
 3.313131e+01 -2.954976e-02 
 3.313170e+01 -2.938391e-02 
 3.313210e+01 -2.916878e-02 
 3.313250e+01 -2.893194e-02 
 3.313290e+01 -2.865750e-02 
 3.313330e+01 -2.835494e-02 
 3.313369e+01 -2.801550e-02 
 3.313409e+01 -2.767095e-02 
 3.313449e+01 -2.730359e-02 
 3.313489e+01 -2.690686e-02 
 3.313528e+01 -2.647987e-02 
 3.313568e+01 -2.601967e-02 
 3.313608e+01 -2.550825e-02 
 3.313648e+01 -2.497410e-02 
 3.313687e+01 -2.441538e-02 
 3.313727e+01 -2.382367e-02 
 3.313767e+01 -2.319934e-02 
 3.313807e+01 -2.256004e-02 
 3.313847e+01 -2.189838e-02 
 3.313886e+01 -2.121902e-02 
 3.313926e+01 -2.054230e-02 
 3.313966e+01 -1.984592e-02 
 3.314006e+01 -1.911070e-02 
 3.314045e+01 -1.834552e-02 
 3.314085e+01 -1.756149e-02 
 3.314125e+01 -1.674601e-02 
 3.314165e+01 -1.589320e-02 
 3.314204e+01 -1.504585e-02 
 3.314244e+01 -1.416402e-02 
 3.314284e+01 -1.325763e-02 
 3.314324e+01 -1.234150e-02 
 3.314364e+01 -1.142340e-02 
 3.314403e+01 -1.049928e-02 
 3.314443e+01 -9.556693e-03 
 3.314483e+01 -8.595234e-03 
 3.314523e+01 -7.603196e-03 
 3.314562e+01 -6.588503e-03 
 3.314602e+01 -5.560444e-03 
 3.314642e+01 -4.515107e-03 
 3.314682e+01 -3.453255e-03 
 3.314721e+01 -2.381900e-03 
 3.314761e+01 -1.311979e-03 
 3.314801e+01 -2.149470e-04 
 3.314841e+01  8.721583e-04 
 3.314881e+01  1.958583e-03 
 3.314920e+01  3.057496e-03 
 3.314960e+01  4.174628e-03 
 3.315000e+01  5.310758e-03 
 3.315040e+01  6.476732e-03 
 3.315079e+01  7.647990e-03 
 3.315119e+01  8.839506e-03 
 3.315159e+01  1.004048e-02 
 3.315199e+01  1.124707e-02 
 3.315238e+01  1.247538e-02 
 3.315278e+01  1.369918e-02 
 3.315318e+01  1.492967e-02 
 3.315358e+01  1.614877e-02 
 3.315398e+01  1.736718e-02 
 3.315437e+01  1.860586e-02 
 3.315477e+01  1.985052e-02 
 3.315517e+01  2.111600e-02 
 3.315557e+01  2.238476e-02 
 3.315596e+01  2.364919e-02 
 3.315636e+01  2.491051e-02 
 3.315676e+01  2.618237e-02 
 3.315716e+01  2.745284e-02 
 3.315755e+01  2.871161e-02 
 3.315795e+01  2.995489e-02 
 3.315835e+01  3.118471e-02 
 3.315875e+01  3.240338e-02 
 3.315915e+01  3.361536e-02 
 3.315954e+01  3.481710e-02 
 3.315994e+01  3.600526e-02 
 3.316034e+01  3.719616e-02 
 3.316074e+01  3.836759e-02 
 3.316113e+01  3.952645e-02 
 3.316153e+01  4.068317e-02 
 3.316193e+01  4.182001e-02 
 3.316233e+01  4.293323e-02 
 3.316272e+01  4.402290e-02 
 3.316312e+01  4.508707e-02 
 3.316352e+01  4.612358e-02 
 3.316392e+01  4.714935e-02 
 3.316432e+01  4.814837e-02 
 3.316471e+01  4.913502e-02 
 3.316511e+01  5.009682e-02 
 3.316551e+01  5.105275e-02 
 3.316591e+01  5.196714e-02 
 3.316630e+01  5.285485e-02 
 3.316670e+01  5.372548e-02 
 3.316710e+01  5.457097e-02 
 3.316750e+01  5.536874e-02 
 3.316789e+01  5.615112e-02 
 3.316829e+01  5.689911e-02 
 3.316869e+01  5.761195e-02 
 3.316909e+01  5.830537e-02 
 3.316949e+01  5.898179e-02 
 3.316988e+01  5.963164e-02 
 3.317028e+01  6.026130e-02 
 3.317068e+01  6.087510e-02 
 3.317108e+01  6.145036e-02 
 3.317147e+01  6.200791e-02 
 3.317187e+01  6.253200e-02 
 3.317227e+01  6.302560e-02 
 3.317267e+01  6.348747e-02 
 3.317306e+01  6.391732e-02 
 3.317346e+01  6.431607e-02 
 3.317386e+01  6.469064e-02 
 3.317426e+01  6.504932e-02 
 3.317466e+01  6.537406e-02 
 3.317505e+01  6.565857e-02 
 3.317545e+01  6.592574e-02 
 3.317585e+01  6.615145e-02 
 3.317625e+01  6.635406e-02 
 3.317664e+01  6.652729e-02 
 3.317704e+01  6.667102e-02 
 3.317744e+01  6.677052e-02 
 3.317784e+01  6.685108e-02 
 3.317823e+01  6.690035e-02 
 3.317863e+01  6.691195e-02 
 3.317903e+01  6.690556e-02 
 3.317943e+01  6.686915e-02 
 3.317983e+01  6.679735e-02 
 3.318022e+01  6.669579e-02 
 3.318062e+01  6.658833e-02 
 3.318102e+01  6.644513e-02 
 3.318142e+01  6.627010e-02 
 3.318181e+01  6.606969e-02 
 3.318221e+01  6.583430e-02 
 3.318261e+01  6.557062e-02 
 3.318301e+01  6.528268e-02 
 3.318341e+01  6.497804e-02 
 3.318380e+01  6.464074e-02 
 3.318420e+01  6.427842e-02 
 3.318460e+01  6.388919e-02 
 3.318500e+01  6.347040e-02 
 3.318539e+01  6.302965e-02 
 3.318579e+01  6.256507e-02 
 3.318619e+01  6.207552e-02 
 3.318659e+01  6.153959e-02 
 3.318698e+01  6.097401e-02 
 3.318738e+01  6.037626e-02 
 3.318778e+01  5.975183e-02 
 3.318818e+01  5.910690e-02 
 3.318858e+01  5.842619e-02 
 3.318897e+01  5.772226e-02 
 3.318937e+01  5.699380e-02 
 3.318977e+01  5.624431e-02 
 3.319017e+01  5.547528e-02 
 3.319056e+01  5.469300e-02 
 3.319096e+01  5.387167e-02 
 3.319136e+01  5.301918e-02 
 3.319176e+01  5.212924e-02 
 3.319215e+01  5.121310e-02 
 3.319255e+01  5.026420e-02 
 3.319295e+01  4.930618e-02 
 3.319335e+01  4.831921e-02 
 3.319375e+01  4.729901e-02 
 3.319414e+01  4.625634e-02 
 3.319454e+01  4.519069e-02 
 3.319494e+01  4.410796e-02 
 3.319534e+01  4.300649e-02 
 3.319573e+01  4.188985e-02 
 3.319613e+01  4.073926e-02 
 3.319653e+01  3.958060e-02 
 3.319693e+01  3.839648e-02 
 3.319732e+01  3.720859e-02 
 3.319772e+01  3.600698e-02 
 3.319812e+01  3.479748e-02 
 3.319852e+01  3.357628e-02 
 3.319892e+01  3.233952e-02 
 3.319931e+01  3.110426e-02 
 3.319971e+01  2.986848e-02 
 3.320011e+01  2.863991e-02 
 3.320051e+01  2.740428e-02 
 3.320090e+01  2.616338e-02 
 3.320130e+01  2.490912e-02 
 3.320170e+01  2.365311e-02 
 3.320210e+01  2.240500e-02 
 3.320249e+01  2.115632e-02 
 3.320289e+01  1.991323e-02 
 3.320329e+01  1.866626e-02 
 3.320369e+01  1.741373e-02 
 3.320409e+01  1.615843e-02 
 3.320448e+01  1.492690e-02 
 3.320488e+01  1.370866e-02 
 3.320528e+01  1.249587e-02 
 3.320568e+01  1.128880e-02 
 3.320607e+01  1.008525e-02 
 3.320647e+01  8.883432e-03 
 3.320687e+01  7.704560e-03 
 3.320727e+01  6.524870e-03 
 3.320766e+01  5.342204e-03 
 3.320806e+01  4.169670e-03 
 3.320846e+01  3.007791e-03 
 3.320886e+01  1.864874e-03 
 3.320926e+01  7.362539e-04 
 3.320965e+01 -3.585917e-04 
 3.321005e+01 -1.450228e-03 
 3.321045e+01 -2.528651e-03 
 3.321085e+01 -3.601923e-03 
 3.321124e+01 -4.658425e-03 
 3.321164e+01 -5.713506e-03 
 3.321204e+01 -6.743619e-03 
 3.321244e+01 -7.760096e-03 
 3.321283e+01 -8.765666e-03 
 3.321323e+01 -9.760561e-03 
 3.321363e+01 -1.073304e-02 
 3.321403e+01 -1.169179e-02 
 3.321443e+01 -1.262574e-02 
 3.321482e+01 -1.353324e-02 
 3.321522e+01 -1.442761e-02 
 3.321562e+01 -1.530817e-02 
 3.321602e+01 -1.616928e-02 
 3.321641e+01 -1.701740e-02 
 3.321681e+01 -1.784458e-02 
 3.321721e+01 -1.864502e-02 
 3.321761e+01 -1.942619e-02 
 3.321800e+01 -2.018944e-02 
 3.321840e+01 -2.091423e-02 
 3.321880e+01 -2.161264e-02 
 3.321920e+01 -2.228566e-02 
 3.321960e+01 -2.291884e-02 
 3.321999e+01 -2.353304e-02 
 3.322039e+01 -2.413107e-02 
 3.322079e+01 -2.471921e-02 
 3.322119e+01 -2.526833e-02 
 3.322158e+01 -2.579889e-02 
 3.322198e+01 -2.630832e-02 
 3.322238e+01 -2.677956e-02 
 3.322278e+01 -2.723941e-02 
 3.322317e+01 -2.769536e-02 
 3.322357e+01 -2.809108e-02 
 3.322397e+01 -2.846345e-02 
 3.322437e+01 -2.878649e-02 
 3.322477e+01 -2.908864e-02 
 3.322516e+01 -2.936802e-02 
 3.322556e+01 -2.960844e-02 
 3.322596e+01 -2.982722e-02 
 3.322636e+01 -3.001314e-02 
 3.322675e+01 -3.017130e-02 
 3.322715e+01 -3.030370e-02 
 3.322755e+01 -3.040371e-02 
 3.322795e+01 -3.047584e-02 
 3.322834e+01 -3.049399e-02 
 3.322874e+01 -3.046976e-02 
 3.322914e+01 -3.040490e-02 
 3.322954e+01 -3.029999e-02 
 3.322994e+01 -3.017429e-02 
 3.323033e+01 -3.001262e-02 
 3.323073e+01 -2.980922e-02 
 3.323113e+01 -2.957297e-02 
 3.323153e+01 -2.930883e-02 
 3.323192e+01 -2.900955e-02 
 3.323232e+01 -2.868762e-02 
 3.323272e+01 -2.832594e-02 
 3.323312e+01 -2.793203e-02 
 3.323351e+01 -2.747980e-02 
 3.323391e+01 -2.699723e-02 
 3.323431e+01 -2.648286e-02 
 3.323471e+01 -2.592929e-02 
 3.323511e+01 -2.535092e-02 
 3.323550e+01 -2.474884e-02 
 3.323590e+01 -2.411056e-02 
 3.323630e+01 -2.345764e-02 
 3.323670e+01 -2.278031e-02 
 3.323709e+01 -2.207975e-02 
 3.323749e+01 -2.134958e-02 
 3.323789e+01 -2.057169e-02 
 3.323829e+01 -1.977544e-02 
 3.323868e+01 -1.893775e-02 
 3.323908e+01 -1.807893e-02 
 3.323948e+01 -1.720606e-02 
 3.323988e+01 -1.630096e-02 
 3.324028e+01 -1.539952e-02 
 3.324067e+01 -1.446856e-02 
 3.324107e+01 -1.351846e-02 
 3.324147e+01 -1.256574e-02 
 3.324187e+01 -1.160670e-02 
 3.324226e+01 -1.063513e-02 
 3.324266e+01 -9.650386e-03 
 3.324306e+01 -8.628901e-03 
 3.324346e+01 -7.602074e-03 
 3.324385e+01 -6.542921e-03 
 3.324425e+01 -5.488956e-03 
 3.324465e+01 -4.405019e-03 
 3.324505e+01 -3.319443e-03 
 3.324545e+01 -2.233505e-03 
 3.324584e+01 -1.126523e-03 
 3.324624e+01 -1.682685e-05 
 3.324664e+01  1.094005e-03 
 3.324704e+01  2.204441e-03 
 3.324743e+01  3.338607e-03 
 3.324783e+01  4.500483e-03 
 3.324823e+01  5.669027e-03 
 3.324863e+01  6.858105e-03 
 3.324902e+01  8.045790e-03 
 3.324942e+01  9.232065e-03 
 3.324982e+01  1.041604e-02 
 3.325022e+01  1.162745e-02 
 3.325062e+01  1.284013e-02 
 3.325101e+01  1.404301e-02 
 3.325141e+01  1.524925e-02 
 3.325181e+01  1.644419e-02 
 3.325221e+01  1.765585e-02 
 3.325260e+01  1.887361e-02 
 3.325300e+01  2.010971e-02 
 3.325340e+01  2.136313e-02 
 3.325380e+01  2.258394e-02 
 3.325419e+01  2.381989e-02 
 3.325459e+01  2.504755e-02 
 3.325499e+01  2.626379e-02 
 3.325539e+01  2.746967e-02 
 3.325579e+01  2.866355e-02 
 3.325618e+01  2.985094e-02 
 3.325658e+01  3.104386e-02 
 3.325698e+01  3.223650e-02 
 3.325738e+01  3.344203e-02 
 3.325777e+01  3.464032e-02 
 3.325817e+01  3.585311e-02 
 3.325857e+01  3.705129e-02 
 3.325897e+01  3.822902e-02 
 3.325936e+01  3.939476e-02 
 3.325976e+01  4.054655e-02 
 3.326016e+01  4.169360e-02 
 3.326056e+01  4.280514e-02 
 3.326096e+01  4.390777e-02 
 3.326135e+01  4.499445e-02 
 3.326175e+01  4.607172e-02 
 3.326215e+01  4.713388e-02 
 3.326255e+01  4.819095e-02 
 3.326294e+01  4.923190e-02 
 3.326334e+01  5.025323e-02 
 3.326374e+01  5.125285e-02 
 3.326414e+01  5.222928e-02 
 3.326453e+01  5.316830e-02 
 3.326493e+01  5.408713e-02 
 3.326533e+01  5.497393e-02 
 3.326573e+01  5.584577e-02 
 3.326613e+01  5.668218e-02 
 3.326652e+01  5.751418e-02 
 3.326692e+01  5.833242e-02 
 3.326732e+01  5.910876e-02 
 3.326772e+01  5.987315e-02 
 3.326811e+01  6.060180e-02 
 3.326851e+01  6.129725e-02 
 3.326891e+01  6.195606e-02 
 3.326931e+01  6.258489e-02 
 3.326970e+01  6.319234e-02 
 3.327010e+01  6.374487e-02 
 3.327050e+01  6.426620e-02 
 3.327090e+01  6.475992e-02 
 3.327130e+01  6.521164e-02 
 3.327169e+01  6.564914e-02 
 3.327209e+01  6.604867e-02 
 3.327249e+01  6.642168e-02 
 3.327289e+01  6.676054e-02 
 3.327328e+01  6.705846e-02 
 3.327368e+01  6.734333e-02 
 3.327408e+01  6.758088e-02 
 3.327448e+01  6.778780e-02 
 3.327488e+01  6.794754e-02 
 3.327527e+01  6.808618e-02 
 3.327567e+01  6.818035e-02 
 3.327607e+01  6.825021e-02 
 3.327647e+01  6.828866e-02 
 3.327686e+01  6.830755e-02 
 3.327726e+01  6.829088e-02 
 3.327766e+01  6.824787e-02 
 3.327806e+01  6.816537e-02 
 3.327845e+01  6.805560e-02 
 3.327885e+01  6.793260e-02 
 3.327925e+01  6.776600e-02 
 3.327965e+01  6.756483e-02 
 3.328005e+01  6.732452e-02 
 3.328044e+01  6.705461e-02 
 3.328084e+01  6.675424e-02 
 3.328124e+01  6.642344e-02 
 3.328164e+01  6.606424e-02 
 3.328203e+01  6.568842e-02 
 3.328243e+01  6.527213e-02 
 3.328283e+01  6.483569e-02 
 3.328323e+01  6.437634e-02 
 3.328362e+01  6.388561e-02 
 3.328402e+01  6.336375e-02 
 3.328442e+01  6.281611e-02 
 3.328482e+01  6.223325e-02 
 3.328522e+01  6.163651e-02 
 3.328561e+01  6.101265e-02 
 3.328601e+01  6.036989e-02 
 3.328641e+01  5.971332e-02 
 3.328681e+01  5.903475e-02 
 3.328720e+01  5.832777e-02 
 3.328760e+01  5.759618e-02 
 3.328800e+01  5.685694e-02 
 3.328840e+01  5.608633e-02 
 3.328879e+01  5.529523e-02 
 3.328919e+01  5.448562e-02 
 3.328959e+01  5.364398e-02 
 3.328999e+01  5.276790e-02 
 3.329039e+01  5.188998e-02 
 3.329078e+01  5.097930e-02 
 3.329118e+01  5.005321e-02 
 3.329158e+01  4.910048e-02 
 3.329198e+01  4.813722e-02 
 3.329237e+01  4.715215e-02 
 3.329277e+01  4.615479e-02 
 3.329317e+01  4.515111e-02 
 3.329357e+01  4.411729e-02 
 3.329396e+01  4.306779e-02 
 3.329436e+01  4.200680e-02 
 3.329476e+01  4.091158e-02 
 3.329516e+01  3.980169e-02 
 3.329556e+01  3.867544e-02 
 3.329595e+01  3.754237e-02 
 3.329635e+01  3.638532e-02 
 3.329675e+01  3.520697e-02 
 3.329715e+01  3.400943e-02 
 3.329754e+01  3.281332e-02 
 3.329794e+01  3.160754e-02 
 3.329834e+01  3.039756e-02 
 3.329874e+01  2.916546e-02 
 3.329913e+01  2.791314e-02 
 3.329953e+01  2.663511e-02 
 3.329993e+01  2.535408e-02 
 3.330033e+01  2.406448e-02 
 3.330073e+01  2.276961e-02 
 3.330112e+01  2.146762e-02 
 3.330152e+01  2.015778e-02 
 3.330192e+01  1.885690e-02 
 3.330232e+01  1.755393e-02 
 3.330271e+01  1.627231e-02 
 3.330311e+01  1.498297e-02 
 3.330351e+01  1.369406e-02 
 3.330391e+01  1.239230e-02 
 3.330430e+01  1.110126e-02 
 3.330470e+01  9.817625e-03 
 3.330510e+01  8.552723e-03 
 3.330550e+01  7.294080e-03 
 3.330590e+01  6.045983e-03 
 3.330629e+01  4.797208e-03 
 3.330669e+01  3.572875e-03 
 3.330709e+01  2.369866e-03 
 3.330749e+01  1.187340e-03 
 3.330788e+01  3.657242e-05 
 3.330828e+01 -1.120055e-03 
 3.330868e+01 -2.264577e-03 
 3.330908e+01 -3.396737e-03 
 3.330947e+01 -4.509192e-03 
 3.330987e+01 -5.598259e-03 
 3.331027e+01 -6.673694e-03 
 3.331067e+01 -7.736585e-03 
 3.331107e+01 -8.791904e-03 
 3.331146e+01 -9.805721e-03 
 3.331186e+01 -1.079280e-02 
 3.331226e+01 -1.175852e-02 
 3.331266e+01 -1.268934e-02 
 3.331305e+01 -1.359313e-02 
 3.331345e+01 -1.448435e-02 
 3.331385e+01 -1.535816e-02 
 3.331425e+01 -1.619132e-02 
 3.331464e+01 -1.701771e-02 
 3.331504e+01 -1.782205e-02 
 3.331544e+01 -1.860628e-02 
 3.331584e+01 -1.937910e-02 
 3.331624e+01 -2.014064e-02 
 3.331663e+01 -2.085216e-02 
 3.331703e+01 -2.153025e-02 
 3.331743e+01 -2.218648e-02 
 3.331783e+01 -2.281188e-02 
 3.331822e+01 -2.341861e-02 
 3.331862e+01 -2.400400e-02 
 3.331902e+01 -2.457168e-02 
 3.331942e+01 -2.511551e-02 
 3.331981e+01 -2.563731e-02 
 3.332021e+01 -2.612868e-02 
 3.332061e+01 -2.660851e-02 
 3.332101e+01 -2.705076e-02 
 3.332141e+01 -2.745777e-02 
 3.332180e+01 -2.782724e-02 
 3.332220e+01 -2.816692e-02 
 3.332260e+01 -2.847178e-02 
 3.332300e+01 -2.875601e-02 
 3.332339e+01 -2.902258e-02 
 3.332379e+01 -2.926733e-02 
 3.332419e+01 -2.947502e-02 
 3.332459e+01 -2.966077e-02 
 3.332498e+01 -2.981476e-02 
 3.332538e+01 -2.994174e-02 
 3.332578e+01 -3.003080e-02 
 3.332618e+01 -3.009352e-02 
 3.332658e+01 -3.010802e-02 
 3.332697e+01 -3.009000e-02 
 3.332737e+01 -3.004413e-02 
 3.332777e+01 -2.998184e-02 
 3.332817e+01 -2.990137e-02 
 3.332856e+01 -2.978636e-02 
 3.332896e+01 -2.964577e-02 
 3.332936e+01 -2.947162e-02 
 3.332976e+01 -2.927982e-02 
 3.333015e+01 -2.904769e-02 
 3.333055e+01 -2.879024e-02 
 3.333095e+01 -2.849135e-02 
 3.333135e+01 -2.816360e-02 
 3.333175e+01 -2.778935e-02 
 3.333214e+01 -2.738725e-02 
 3.333254e+01 -2.696264e-02 
 3.333294e+01 -2.650952e-02 
 3.333334e+01 -2.602264e-02 
 3.333373e+01 -2.549586e-02 
 3.333413e+01 -2.493184e-02 
 3.333453e+01 -2.435363e-02 
 3.333493e+01 -2.373331e-02 
 3.333532e+01 -2.309232e-02 
 3.333572e+01 -2.241366e-02 
 3.333612e+01 -2.170270e-02 
 3.333652e+01 -2.095005e-02 
 3.333692e+01 -2.016813e-02 
 3.333731e+01 -1.937157e-02 
 3.333771e+01 -1.854176e-02 
 3.333811e+01 -1.768610e-02 
 3.333851e+01 -1.681422e-02 
 3.333890e+01 -1.590420e-02 
 3.333930e+01 -1.497449e-02 
 3.333970e+01 -1.403061e-02 
 3.334010e+01 -1.305962e-02 
 3.334049e+01 -1.206243e-02 
 3.334089e+01 -1.102546e-02 
 3.334129e+01 -9.961302e-03 
 3.334169e+01 -8.876016e-03 
 3.334209e+01 -7.768547e-03 
 3.334248e+01 -6.652056e-03 
 3.334288e+01 -5.527292e-03 
 3.334328e+01 -4.388927e-03 
 3.334368e+01 -3.230404e-03 
 3.334407e+01 -2.058988e-03 
 3.334447e+01 -8.960441e-04 
 3.334487e+01  2.880393e-04 
 3.334527e+01  1.478741e-03 
 3.334566e+01  2.689040e-03 
 3.334606e+01  3.921737e-03 
 3.334646e+01  5.157396e-03 
 3.334686e+01  6.392025e-03 
 3.334726e+01  7.622494e-03 
 3.334765e+01  8.854001e-03 
 3.334805e+01  1.008828e-02 
 3.334845e+01  1.131857e-02 
 3.334885e+01  1.254065e-02 
 3.334924e+01  1.375918e-02 
 3.334964e+01  1.497506e-02 
 3.335004e+01  1.619737e-02 
 3.335044e+01  1.741420e-02 
 3.335083e+01  1.865129e-02 
 3.335123e+01  1.987207e-02 
 3.335163e+01  2.108682e-02 
 3.335203e+01  2.229971e-02 
 3.335243e+01  2.351246e-02 
 3.335282e+01  2.471570e-02 
 3.335322e+01  2.592198e-02 
 3.335362e+01  2.710998e-02 
 3.335402e+01  2.828957e-02 
 3.335441e+01  2.946480e-02 
 3.335481e+01  3.064834e-02 
 3.335521e+01  3.181959e-02 
 3.335561e+01  3.298830e-02 
 3.335600e+01  3.415348e-02 
 3.335640e+01  3.531630e-02 
 3.335680e+01  3.644915e-02 
 3.335720e+01  3.758575e-02 
 3.335760e+01  3.871267e-02 
 3.335799e+01  3.980828e-02 
 3.335839e+01  4.090489e-02 
 3.335879e+01  4.196855e-02 
 3.335919e+01  4.303229e-02 
 3.335958e+01  4.408090e-02 
 3.335998e+01  4.512670e-02 
 3.336038e+01  4.617187e-02 
 3.336078e+01  4.719354e-02 
 3.336117e+01  4.821811e-02 
 3.336157e+01  4.921531e-02 
 3.336197e+01  5.019919e-02 
 3.336237e+01  5.116184e-02 
 3.336277e+01  5.210780e-02 
 3.336316e+01  5.303036e-02 
 3.336356e+01  5.392767e-02 
 3.336396e+01  5.480436e-02 
 3.336436e+01  5.566384e-02 
 3.336475e+01  5.651080e-02 
 3.336515e+01  5.734275e-02 
 3.336555e+01  5.814698e-02 
 3.336595e+01  5.892052e-02 
 3.336635e+01  5.966997e-02 
 3.336674e+01  6.038301e-02 
 3.336714e+01  6.107533e-02 
 3.336754e+01  6.172731e-02 
 3.336794e+01  6.236276e-02 
 3.336833e+01  6.294932e-02 
 3.336873e+01  6.352765e-02 
 3.336913e+01  6.405992e-02 
 3.336953e+01  6.458245e-02 
 3.336992e+01  6.508470e-02 
 3.337032e+01  6.555101e-02 
 3.337072e+01  6.598527e-02 
 3.337112e+01  6.637456e-02 
 3.337152e+01  6.674184e-02 
 3.337191e+01  6.707488e-02 
 3.337231e+01  6.736196e-02 
 3.337271e+01  6.762567e-02 
 3.337311e+01  6.785828e-02 
 3.337350e+01  6.805068e-02 
 3.337390e+01  6.822739e-02 
 3.337430e+01  6.836529e-02 
 3.337470e+01  6.847566e-02 
 3.337509e+01  6.854782e-02 
 3.337549e+01  6.857481e-02 
 3.337589e+01  6.857427e-02 
 3.337629e+01  6.852042e-02 
 3.337669e+01  6.845010e-02 
 3.337708e+01  6.834246e-02 
 3.337748e+01  6.818592e-02 
 3.337788e+01  6.799477e-02 
 3.337828e+01  6.777561e-02 
 3.337867e+01  6.752812e-02 
 3.337907e+01  6.723428e-02 
 3.337947e+01  6.692106e-02 
 3.337987e+01  6.658188e-02 
 3.338026e+01  6.620158e-02 
 3.338066e+01  6.578924e-02 
 3.338106e+01  6.536048e-02 
 3.338146e+01  6.488667e-02 
 3.338186e+01  6.440215e-02 
 3.338225e+01  6.387986e-02 
 3.338265e+01  6.332349e-02 
 3.338305e+01  6.274387e-02 
 3.338345e+01  6.213310e-02 
 3.338384e+01  6.149532e-02 
 3.338424e+01  6.082473e-02 
 3.338464e+01  6.012656e-02 
 3.338504e+01  5.939627e-02 
 3.338543e+01  5.865628e-02 
 3.338583e+01  5.788144e-02 
 3.338623e+01  5.709689e-02 
 3.338663e+01  5.628583e-02 
 3.338703e+01  5.546249e-02 
 3.338742e+01  5.460481e-02 
 3.338782e+01  5.373054e-02 
 3.338822e+01  5.283741e-02 
 3.338862e+01  5.191467e-02 
 3.338901e+01  5.099570e-02 
 3.338941e+01  5.005021e-02 
 3.338981e+01  4.907847e-02 
 3.339021e+01  4.810099e-02 
 3.339060e+01  4.711543e-02 
 3.339100e+01  4.610233e-02 
 3.339140e+01  4.508149e-02 
 3.339180e+01  4.404552e-02 
 3.339220e+01  4.300022e-02 
 3.339259e+01  4.192628e-02 
 3.339299e+01  4.084699e-02 
 3.339339e+01  3.975161e-02 
 3.339379e+01  3.865112e-02 
 3.339418e+01  3.753431e-02 
 3.339458e+01  3.639060e-02 
 3.339498e+01  3.524580e-02 
 3.339538e+01  3.410143e-02 
 3.339577e+01  3.294672e-02 
 3.339617e+01  3.177812e-02 
 3.339657e+01  3.061066e-02 
 3.339697e+01  2.941399e-02 
 3.339737e+01  2.820616e-02 
 3.339776e+01  2.700393e-02 
 3.339816e+01  2.579765e-02 
 3.339856e+01  2.457902e-02 
 3.339896e+01  2.335808e-02 
 3.339935e+01  2.214058e-02 
 3.339975e+01  2.089563e-02 
 3.340015e+01  1.967088e-02 
 3.340055e+01  1.845689e-02 
 3.340094e+01  1.722808e-02 
 3.340134e+01  1.599767e-02 
 3.340174e+01  1.476116e-02 
 3.340214e+01  1.353873e-02 
 3.340254e+01  1.229990e-02 
 3.340293e+01  1.107731e-02 
 3.340333e+01  9.856870e-03 
 3.340373e+01  8.610363e-03 
 3.340413e+01  7.375817e-03 
 3.340452e+01  6.150884e-03 
 3.340492e+01  4.922181e-03 
 3.340532e+01  3.703334e-03 
 3.340572e+01  2.507345e-03 
 3.340611e+01  1.311942e-03 
 3.340651e+01  1.025568e-04 
 3.340691e+01 -1.083196e-03 
 3.340731e+01 -2.262680e-03 
 3.340771e+01 -3.421619e-03 
 3.340810e+01 -4.567444e-03 
 3.340850e+01 -5.700789e-03 
 3.340890e+01 -6.815295e-03 
 3.340930e+01 -7.921583e-03 
 3.340969e+01 -9.000701e-03 
 3.341009e+01 -1.005899e-02 
 3.341049e+01 -1.108846e-02 
 3.341089e+01 -1.209946e-02 
 3.341128e+01 -1.310140e-02 
 3.341168e+01 -1.407976e-02 
 3.341208e+01 -1.504601e-02 
 3.341248e+01 -1.598039e-02 
 3.341288e+01 -1.688200e-02 
 3.341327e+01 -1.777958e-02 
 3.341367e+01 -1.864125e-02 
 3.341407e+01 -1.947204e-02 
 3.341447e+01 -2.026506e-02 
 3.341486e+01 -2.101976e-02 
 3.341526e+01 -2.173031e-02 
 3.341566e+01 -2.242363e-02 
 3.341606e+01 -2.308893e-02 
 3.341645e+01 -2.373543e-02 
 3.341685e+01 -2.435669e-02 
 3.341725e+01 -2.494072e-02 
 3.341765e+01 -2.548079e-02 
 3.341805e+01 -2.599157e-02 
 3.341844e+01 -2.647813e-02 
 3.341884e+01 -2.692952e-02 
 3.341924e+01 -2.733795e-02 
 3.341964e+01 -2.771138e-02 
 3.342003e+01 -2.804716e-02 
 3.342043e+01 -2.835315e-02 
 3.342083e+01 -2.864223e-02 
 3.342123e+01 -2.890153e-02 
 3.342162e+01 -2.913729e-02 
 3.342202e+01 -2.933636e-02 
 3.342242e+01 -2.951101e-02 
 3.342282e+01 -2.966012e-02 
 3.342322e+01 -2.977831e-02 
 3.342361e+01 -2.987559e-02 
 3.342401e+01 -2.993592e-02 
 3.342441e+01 -2.995068e-02 
 3.342481e+01 -2.993363e-02 
 3.342520e+01 -2.989595e-02 
 3.342560e+01 -2.984599e-02 
 3.342600e+01 -2.976872e-02 
 3.342640e+01 -2.967376e-02 
 3.342679e+01 -2.954603e-02 
 3.342719e+01 -2.938414e-02 
 3.342759e+01 -2.919555e-02 
 3.342799e+01 -2.898910e-02 
 3.342839e+01 -2.873188e-02 
 3.342878e+01 -2.845668e-02 
 3.342918e+01 -2.814087e-02 
 3.342958e+01 -2.778074e-02 
 3.342998e+01 -2.739054e-02 
 3.343037e+01 -2.699044e-02 
 3.343077e+01 -2.656235e-02 
 3.343117e+01 -2.610146e-02 
 3.343157e+01 -2.563182e-02 
 3.343196e+01 -2.513375e-02 
 3.343236e+01 -2.460328e-02 
 3.343276e+01 -2.405836e-02 
 3.343316e+01 -2.347626e-02 
 3.343356e+01 -2.285777e-02 
 3.343395e+01 -2.220709e-02 
 3.343435e+01 -2.152776e-02 
 3.343475e+01 -2.081613e-02 
 3.343515e+01 -2.008232e-02 
 3.343554e+01 -1.935160e-02 
 3.343594e+01 -1.859228e-02 
 3.343634e+01 -1.780051e-02 
 3.343674e+01 -1.699941e-02 
 3.343713e+01 -1.615025e-02 
 3.343753e+01 -1.528220e-02 
 3.343793e+01 -1.438834e-02 
 3.343833e+01 -1.346442e-02 
 3.343873e+01 -1.251115e-02 
 3.343912e+01 -1.154203e-02 
 3.343952e+01 -1.054204e-02 
 3.343992e+01 -9.526526e-03 
 3.344032e+01 -8.509153e-03 
 3.344071e+01 -7.476436e-03 
 3.344111e+01 -6.418693e-03 
 3.344151e+01 -5.335950e-03 
 3.344191e+01 -4.247363e-03 
 3.344230e+01 -3.124642e-03 
 3.344270e+01 -1.988324e-03 
 3.344310e+01 -8.388007e-04 
 3.344350e+01  3.356651e-04 
 3.344390e+01  1.546743e-03 
 3.344429e+01  2.746789e-03 
 3.344469e+01  3.955401e-03 
 3.344509e+01  5.169185e-03 
 3.344549e+01  6.393613e-03 
 3.344588e+01  7.622011e-03 
 3.344628e+01  8.878971e-03 
 3.344668e+01  1.013364e-02 
 3.344708e+01  1.140691e-02 
 3.344747e+01  1.268441e-02 
 3.344787e+01  1.397148e-02 
 3.344827e+01  1.526813e-02 
 3.344867e+01  1.657212e-02 
 3.344907e+01  1.788584e-02 
 3.344946e+01  1.918023e-02 
 3.344986e+01  2.048571e-02 
 3.345026e+01  2.178369e-02 
 3.345066e+01  2.308273e-02 
 3.345105e+01  2.436280e-02 
 3.345145e+01  2.563443e-02 
 3.345185e+01  2.688773e-02 
 3.345225e+01  2.814010e-02 
 3.345264e+01  2.937023e-02 
 3.345304e+01  3.060576e-02 
 3.345344e+01  3.183862e-02 
 3.345384e+01  3.305334e-02 
 3.345424e+01  3.425368e-02 
 3.345463e+01  3.543364e-02 
 3.345503e+01  3.660066e-02 
 3.345543e+01  3.773608e-02 
 3.345583e+01  3.886925e-02 
 3.345622e+01  3.998533e-02 
 3.345662e+01  4.107130e-02 
 3.345702e+01  4.214360e-02 
 3.345742e+01  4.321038e-02 
 3.345782e+01  4.425301e-02 
 3.345821e+01  4.529167e-02 
 3.345861e+01  4.631625e-02 
 3.345901e+01  4.731113e-02 
 3.345941e+01  4.829100e-02 
 3.345980e+01  4.924707e-02 
 3.346020e+01  5.017659e-02 
 3.346060e+01  5.108892e-02 
 3.346100e+01  5.196920e-02 
 3.346139e+01  5.282724e-02 
 3.346179e+01  5.366413e-02 
 3.346219e+01  5.449193e-02 
 3.346259e+01  5.531157e-02 
 3.346299e+01  5.611334e-02 
 3.346338e+01  5.690126e-02 
 3.346378e+01  5.765478e-02 
 3.346418e+01  5.838082e-02 
 3.346458e+01  5.908005e-02 
 3.346497e+01  5.976441e-02 
 3.346537e+01  6.041989e-02 
 3.346577e+01  6.105294e-02 
 3.346617e+01  6.167180e-02 
 3.346656e+01  6.226159e-02 
 3.346696e+01  6.281252e-02 
 3.346736e+01  6.336858e-02 
 3.346776e+01  6.389665e-02 
 3.346816e+01  6.439488e-02 
 3.346855e+01  6.486584e-02 
 3.346895e+01  6.532230e-02 
 3.346935e+01  6.573425e-02 
 3.346975e+01  6.612282e-02 
 3.347014e+01  6.649761e-02 
 3.347054e+01  6.681658e-02 
 3.347094e+01  6.710176e-02 
 3.347134e+01  6.736199e-02 
 3.347173e+01  6.758823e-02 
 3.347213e+01  6.778042e-02 
 3.347253e+01  6.795725e-02 
 3.347293e+01  6.809907e-02 
 3.347333e+01  6.819925e-02 
 3.347372e+01  6.825742e-02 
 3.347412e+01  6.829628e-02 
 3.347452e+01  6.829933e-02 
 3.347492e+01  6.826403e-02 
 3.347531e+01  6.821491e-02 
 3.347571e+01  6.812039e-02 
 3.347611e+01  6.798520e-02 
 3.347651e+01  6.782807e-02 
 3.347690e+01  6.764748e-02 
 3.347730e+01  6.742932e-02 
 3.347770e+01  6.717815e-02 
 3.347810e+01  6.690783e-02 
 3.347850e+01  6.658808e-02 
 3.347889e+01  6.623862e-02 
 3.347929e+01  6.585748e-02 
 3.347969e+01  6.543558e-02 
 3.348009e+01  6.497362e-02 
 3.348048e+01  6.447177e-02 
 3.348088e+01  6.394620e-02 
 3.348128e+01  6.338473e-02 
 3.348168e+01  6.281508e-02 
 3.348207e+01  6.220368e-02 
 3.348247e+01  6.156062e-02 
 3.348287e+01  6.088666e-02 
 3.348327e+01  6.019503e-02 
 3.348367e+01  5.945905e-02 
 3.348406e+01  5.870310e-02 
 3.348446e+01  5.792144e-02 
 3.348486e+01  5.710726e-02 
 3.348526e+01  5.626778e-02 
 3.348565e+01  5.540024e-02 
 3.348605e+01  5.451128e-02 
 3.348645e+01  5.360049e-02 
 3.348685e+01  5.266807e-02 
 3.348724e+01  5.171007e-02 
 3.348764e+01  5.073103e-02 
 3.348804e+01  4.973552e-02 
 3.348844e+01  4.872171e-02 
 3.348884e+01  4.769719e-02 
 3.348923e+01  4.664412e-02 
 3.348963e+01  4.557343e-02 
 3.349003e+01  4.448188e-02 
 3.349043e+01  4.337604e-02 
 3.349082e+01  4.224864e-02 
 3.349122e+01  4.113103e-02 
 3.349162e+01  3.998915e-02 
 3.349202e+01  3.883171e-02 
 3.349241e+01  3.767521e-02 
 3.349281e+01  3.650772e-02 
 3.349321e+01  3.532703e-02 
 3.349361e+01  3.415607e-02 
 3.349401e+01  3.299372e-02 
 3.349440e+01  3.179543e-02 
 3.349480e+01  3.059316e-02 
 3.349520e+01  2.939080e-02 
 3.349560e+01  2.818241e-02 
 3.349599e+01  2.696196e-02 
 3.349639e+01  2.574890e-02 
 3.349679e+01  2.454210e-02 
 3.349719e+01  2.331685e-02 
 3.349758e+01  2.211039e-02 
 3.349798e+01  2.090571e-02 
 3.349838e+01  1.971159e-02 
 3.349878e+01  1.851060e-02 
 3.349918e+01  1.731036e-02 
 3.349957e+01  1.609181e-02 
 3.349997e+01  1.485900e-02 
 3.350037e+01  1.364378e-02 
 3.350077e+01  1.242460e-02 
 3.350116e+01  1.120139e-02 
 3.350156e+01  9.996463e-03 
 3.350196e+01  8.801123e-03 
 3.350236e+01  7.600976e-03 
 3.350275e+01  6.422949e-03 
 3.350315e+01  5.247218e-03 
 3.350355e+01  4.094456e-03 
 3.350395e+01  2.934956e-03 
 3.350435e+01  1.787831e-03 
 3.350474e+01  6.250934e-04 
 3.350514e+01 -5.269547e-04 
 3.350554e+01 -1.657770e-03 
 3.350594e+01 -2.784035e-03 
 3.350633e+01 -3.899887e-03 
 3.350673e+01 -5.003829e-03 
 3.350713e+01 -6.090146e-03 
 3.350753e+01 -7.164042e-03 
 3.350792e+01 -8.212320e-03 
 3.350832e+01 -9.249175e-03 
 3.350872e+01 -1.028037e-02 
 3.350912e+01 -1.130266e-02 
 3.350952e+01 -1.231521e-02 
 3.350991e+01 -1.331591e-02 
 3.351031e+01 -1.429610e-02 
 3.351071e+01 -1.523710e-02 
 3.351111e+01 -1.617222e-02 
 3.351150e+01 -1.708746e-02 
 3.351190e+01 -1.797256e-02 
 3.351230e+01 -1.883145e-02 
 3.351270e+01 -1.967037e-02 
 3.351309e+01 -2.046796e-02 
 3.351349e+01 -2.124246e-02 
 3.351389e+01 -2.200022e-02 
 3.351429e+01 -2.273580e-02 
 3.351469e+01 -2.345363e-02 
 3.351508e+01 -2.412892e-02 
 3.351548e+01 -2.479174e-02 
 3.351588e+01 -2.540749e-02 
 3.351628e+01 -2.599797e-02 
 3.351667e+01 -2.655728e-02 
 3.351707e+01 -2.708556e-02 
 3.351747e+01 -2.754881e-02 
 3.351787e+01 -2.797983e-02 
 3.351826e+01 -2.839782e-02 
 3.351866e+01 -2.878208e-02 
 3.351906e+01 -2.914645e-02 
 3.351946e+01 -2.948176e-02 
 3.351986e+01 -2.978635e-02 
 3.352025e+01 -3.004315e-02 
 3.352065e+01 -3.027395e-02 
 3.352105e+01 -3.047244e-02 
 3.352145e+01 -3.063261e-02 
 3.352184e+01 -3.074710e-02 
 3.352224e+01 -3.082165e-02 
 3.352264e+01 -3.083533e-02 
 3.352304e+01 -3.082088e-02 
 3.352343e+01 -3.079826e-02 
 3.352383e+01 -3.073399e-02 
 3.352423e+01 -3.064489e-02 
 3.352463e+01 -3.051822e-02 
 3.352503e+01 -3.036597e-02 
 3.352542e+01 -3.017639e-02 
 3.352582e+01 -2.996126e-02 
 3.352622e+01 -2.971079e-02 
 3.352662e+01 -2.941008e-02 
 3.352701e+01 -2.906820e-02 
 3.352741e+01 -2.871071e-02 
 3.352781e+01 -2.831481e-02 
 3.352821e+01 -2.790709e-02 
 3.352860e+01 -2.748471e-02 
 3.352900e+01 -2.704659e-02 
 3.352940e+01 -2.656312e-02 
 3.352980e+01 -2.606343e-02 
 3.353020e+01 -2.553648e-02 
 3.353059e+01 -2.498283e-02 
 3.353099e+01 -2.439334e-02 
 3.353139e+01 -2.377686e-02 
 3.353179e+01 -2.311900e-02 
 3.353218e+01 -2.244468e-02 
 3.353258e+01 -2.174138e-02 
 3.353298e+01 -2.101875e-02 
 3.353338e+01 -2.028648e-02 
 3.353377e+01 -1.954862e-02 
 3.353417e+01 -1.877859e-02 
 3.353457e+01 -1.798758e-02 
 3.353497e+01 -1.718114e-02 
 3.353537e+01 -1.634902e-02 
 3.353576e+01 -1.548641e-02 
 3.353616e+01 -1.460357e-02 
 3.353656e+01 -1.369419e-02 
 3.353696e+01 -1.275412e-02 
 3.353735e+01 -1.179912e-02 
 3.353775e+01 -1.083883e-02 
 3.353815e+01 -9.858564e-03 
 3.353855e+01 -8.870380e-03 
 3.353894e+01 -7.878307e-03 
 3.353934e+01 -6.857830e-03 
 3.353974e+01 -5.819128e-03 
 3.354014e+01 -4.767557e-03 
 3.354054e+01 -3.706217e-03 
 3.354093e+01 -2.626027e-03 
 3.354133e+01 -1.512761e-03 
 3.354173e+01 -3.854558e-04 
 3.354213e+01  7.635092e-04 
 3.354252e+01  1.927220e-03 
 3.354292e+01  3.091877e-03 
 3.354332e+01  4.266373e-03 
 3.354372e+01  5.463416e-03 
 3.354411e+01  6.658566e-03 
 3.354451e+01  7.868937e-03 
 3.354491e+01  9.098832e-03 
 3.354531e+01  1.033542e-02 
 3.354571e+01  1.157987e-02 
 3.354610e+01  1.283993e-02 
 3.354650e+01  1.411159e-02 
 3.354690e+01  1.538328e-02 
 3.354730e+01  1.665232e-02 
 3.354769e+01  1.792280e-02 
 3.354809e+01  1.918318e-02 
 3.354849e+01  2.044231e-02 
 3.354889e+01  2.170739e-02 
 3.354929e+01  2.297134e-02 
 3.354968e+01  2.424283e-02 
 3.355008e+01  2.551428e-02 
 3.355048e+01  2.678865e-02 
 3.355088e+01  2.806323e-02 
 3.355127e+01  2.933162e-02 
 3.355167e+01  3.060896e-02 
 3.355207e+01  3.187216e-02 
 3.355247e+01  3.311627e-02 
 3.355286e+01  3.434319e-02 
 3.355326e+01  3.557060e-02 
 3.355366e+01  3.678879e-02 
 3.355406e+01  3.799203e-02 
 3.355446e+01  3.918405e-02 
 3.355485e+01  4.037220e-02 
 3.355525e+01  4.152843e-02 
 3.355565e+01  4.267876e-02 
 3.355605e+01  4.381640e-02 
 3.355644e+01  4.492132e-02 
 3.355684e+01  4.601676e-02 
 3.355724e+01  4.707157e-02 
 3.355764e+01  4.811359e-02 
 3.355803e+01  4.912405e-02 
 3.355843e+01  5.012021e-02 
 3.355883e+01  5.109552e-02 
 3.355923e+01  5.203752e-02 
 3.355963e+01  5.295404e-02 
 3.356002e+01  5.384003e-02 
 3.356042e+01  5.471556e-02 
 3.356082e+01  5.556177e-02 
 3.356122e+01  5.638762e-02 
 3.356161e+01  5.717715e-02 
 3.356201e+01  5.794705e-02 
 3.356241e+01  5.867933e-02 
 3.356281e+01  5.938635e-02 
 3.356320e+01  6.006814e-02 
 3.356360e+01  6.072494e-02 
 3.356400e+01  6.134910e-02 
 3.356440e+01  6.193787e-02 
 3.356480e+01  6.251118e-02 
 3.356519e+01  6.305836e-02 
 3.356559e+01  6.358716e-02 
 3.356599e+01  6.409773e-02 
 3.356639e+01  6.456387e-02 
 3.356678e+01  6.500407e-02 
 3.356718e+01  6.541812e-02 
 3.356758e+01  6.580063e-02 
 3.356798e+01  6.614740e-02 
 3.356837e+01  6.646749e-02 
 3.356877e+01  6.675859e-02 
 3.356917e+01  6.701216e-02 
 3.356957e+01  6.725589e-02 
 3.356997e+01  6.748242e-02 
 3.357036e+01  6.768467e-02 
 3.357076e+01  6.785991e-02 
 3.357116e+01  6.801126e-02 
 3.357156e+01  6.812650e-02 
 3.357195e+01  6.821211e-02 
 3.357235e+01  6.828089e-02 
 3.357275e+01  6.831161e-02 
 3.357315e+01  6.829956e-02 
 3.357354e+01  6.826943e-02 
 3.357394e+01  6.820297e-02 
 3.357434e+01  6.811164e-02 
 3.357474e+01  6.799681e-02 
 3.357514e+01  6.784922e-02 
 3.357553e+01  6.766702e-02 
 3.357593e+01  6.745367e-02 
 3.357633e+01  6.721444e-02 
 3.357673e+01  6.693080e-02 
 3.357712e+01  6.661963e-02 
 3.357752e+01  6.628386e-02 
 3.357792e+01  6.590725e-02 
 3.357832e+01  6.549692e-02 
 3.357871e+01  6.506688e-02 
 3.357911e+01  6.460553e-02 
 3.357951e+01  6.412374e-02 
 3.357991e+01  6.360947e-02 
 3.358031e+01  6.306575e-02 
 3.358070e+01  6.249400e-02 
 3.358110e+01  6.189389e-02 
 3.358150e+01  6.126986e-02 
 3.358190e+01  6.061804e-02 
 3.358229e+01  5.994073e-02 
 3.358269e+01  5.923682e-02 
 3.358309e+01  5.850365e-02 
 3.358349e+01  5.773086e-02 
 3.358388e+01  5.693354e-02 
 3.358428e+01  5.612229e-02 
 3.358468e+01  5.528406e-02 
 3.358508e+01  5.442316e-02 
 3.358548e+01  5.353762e-02 
 3.358587e+01  5.263524e-02 
 3.358627e+01  5.169814e-02 
 3.358667e+01  5.074496e-02 
 3.358707e+01  4.977676e-02 
 3.358746e+01  4.876759e-02 
 3.358786e+01  4.773470e-02 
 3.358826e+01  4.668483e-02 
 3.358866e+01  4.560729e-02 
 3.358905e+01  4.451106e-02 
 3.358945e+01  4.341373e-02 
 3.358985e+01  4.229933e-02 
 3.359025e+01  4.116092e-02 
 3.359065e+01  4.001128e-02 
 3.359104e+01  3.886117e-02 
 3.359144e+01  3.768547e-02 
 3.359184e+01  3.650360e-02 
 3.359224e+01  3.530964e-02 
 3.359263e+01  3.409000e-02 
 3.359303e+01  3.285532e-02 
 3.359343e+01  3.161282e-02 
 3.359383e+01  3.037744e-02 
 3.359422e+01  2.912586e-02 
 3.359462e+01  2.788274e-02 
 3.359502e+01  2.664208e-02 
 3.359542e+01  2.537963e-02 
 3.359582e+01  2.412528e-02 
 3.359621e+01  2.287638e-02 
 3.359661e+01  2.162282e-02 
 3.359701e+01  2.037255e-02 
 3.359741e+01  1.912206e-02 
 3.359780e+01  1.787886e-02 
 3.359820e+01  1.663422e-02 
 3.359860e+01  1.541156e-02 
 3.359900e+01  1.419656e-02 
 3.359939e+01  1.299168e-02 
 3.359979e+01  1.180469e-02 
 3.360019e+01  1.061996e-02 
 3.360059e+01  9.454179e-03 
 3.360099e+01  8.288452e-03 
 3.360138e+01  7.152611e-03 
 3.360178e+01  6.020521e-03 
 3.360218e+01  4.879860e-03 
 3.360258e+01  3.746406e-03 
 3.360297e+01  2.627480e-03 
 3.360337e+01  1.515183e-03 
 3.360377e+01  4.323555e-04 
 3.360417e+01 -6.343273e-04 
 3.360456e+01 -1.697124e-03 
 3.360496e+01 -2.737078e-03 
 3.360536e+01 -3.751319e-03 
 3.360576e+01 -4.749210e-03 
 3.360616e+01 -5.739203e-03 
 3.360655e+01 -6.713645e-03 
 3.360695e+01 -7.688423e-03 
 3.360735e+01 -8.657226e-03 
 3.360775e+01 -9.612938e-03 
 3.360814e+01 -1.053876e-02 
 3.360854e+01 -1.145762e-02 
 3.360894e+01 -1.234473e-02 
 3.360934e+01 -1.320500e-02 
 3.360973e+01 -1.405120e-02 
 3.361013e+01 -1.486874e-02 
 3.361053e+01 -1.564898e-02 
 3.361093e+01 -1.641305e-02 
 3.361133e+01 -1.716363e-02 
 3.361172e+01 -1.789420e-02 
 3.361212e+01 -1.861462e-02 
 3.361252e+01 -1.931146e-02 
 3.361292e+01 -1.998628e-02 
 3.361331e+01 -2.060992e-02 
 3.361371e+01 -2.121569e-02 
 3.361411e+01 -2.178683e-02 
 3.361451e+01 -2.233302e-02 
 3.361490e+01 -2.283971e-02 
 3.361530e+01 -2.331068e-02 
 3.361570e+01 -2.375266e-02 
 3.361610e+01 -2.417281e-02 
 3.361650e+01 -2.457349e-02 
 3.361689e+01 -2.495075e-02 
 3.361729e+01 -2.528184e-02 
 3.361769e+01 -2.557956e-02 
 3.361809e+01 -2.583360e-02 
 3.361848e+01 -2.604780e-02 
 3.361888e+01 -2.621641e-02 
 3.361928e+01 -2.636099e-02 
 3.361968e+01 -2.646577e-02 
 3.362007e+01 -2.651291e-02 
 3.362047e+01 -2.653247e-02 
 3.362087e+01 -2.651726e-02 
 3.362127e+01 -2.648090e-02 
 3.362167e+01 -2.642071e-02 
 3.362206e+01 -2.633773e-02 
 3.362246e+01 -2.620666e-02 
 3.362286e+01 -2.603244e-02 
 3.362326e+01 -2.582362e-02 
 3.362365e+01 -2.558247e-02 
 3.362405e+01 -2.529166e-02 
 3.362445e+01 -2.497109e-02 
 3.362485e+01 -2.460391e-02 
 3.362524e+01 -2.420982e-02 
 3.362564e+01 -2.377372e-02 
 3.362604e+01 -2.332052e-02 
 3.362644e+01 -2.284363e-02 
 3.362684e+01 -2.232957e-02 
 3.362723e+01 -2.178401e-02 
 3.362763e+01 -2.118058e-02 
 3.362803e+01 -2.055285e-02 
 3.362843e+01 -1.989269e-02 
 3.362882e+01 -1.920105e-02 
 3.362922e+01 -1.846929e-02 
 3.362962e+01 -1.771243e-02 
 3.363002e+01 -1.691520e-02 
 3.363041e+01 -1.608557e-02 
 3.363081e+01 -1.524613e-02 
 3.363121e+01 -1.440649e-02 
 3.363161e+01 -1.354042e-02 
 3.363201e+01 -1.265012e-02 
 3.363240e+01 -1.172975e-02 
 3.363280e+01 -1.077245e-02 
 3.363320e+01 -9.801200e-03 
 3.363360e+01 -8.806399e-03 
 3.363399e+01 -7.788992e-03 
 3.363439e+01 -6.749220e-03 
 3.363479e+01 -5.693190e-03 
 3.363519e+01 -4.642400e-03 
 3.363558e+01 -3.572245e-03 
 3.363598e+01 -2.515964e-03 
 3.363638e+01 -1.441608e-03 
 3.363678e+01 -3.592358e-04 
 3.363718e+01  7.483509e-04 
 3.363757e+01  1.866159e-03 
 3.363797e+01  3.008990e-03 
 3.363837e+01  4.145938e-03 
 3.363877e+01  5.294006e-03 
 3.363916e+01  6.467531e-03 
 3.363956e+01  7.653756e-03 
 3.363996e+01  8.833040e-03 
 3.364036e+01  1.000294e-02 
 3.364076e+01  1.115809e-02 
 3.364115e+01  1.231627e-02 
 3.364155e+01  1.347413e-02 
 3.364195e+01  1.464447e-02 
 3.364235e+01  1.581772e-02 
 3.364274e+01  1.700427e-02 
 3.364314e+01  1.819150e-02 
 3.364354e+01  1.937490e-02 
 3.364394e+01  2.056793e-02 
 3.364433e+01  2.175325e-02 
 3.364473e+01  2.293644e-02 
 3.364513e+01  2.410669e-02 
 3.364553e+01  2.527368e-02 
 3.364593e+01  2.642864e-02 
 3.364632e+01  2.759339e-02 
 3.364672e+01  2.875730e-02 
 3.364712e+01  2.992810e-02 
 3.364752e+01  3.109563e-02 
 3.364791e+01  3.226425e-02 
 3.364831e+01  3.342545e-02 
 3.364871e+01  3.458964e-02 
 3.364911e+01  3.574742e-02 
 3.364950e+01  3.689855e-02 
 3.364990e+01  3.804053e-02 
 3.365030e+01  3.913723e-02 
 3.365070e+01  4.022502e-02 
 3.365110e+01  4.130598e-02 
 3.365149e+01  4.238096e-02 
 3.365189e+01  4.344065e-02 
 3.365229e+01  4.449248e-02 
 3.365269e+01  4.553463e-02 
 3.365308e+01  4.655947e-02 
 3.365348e+01  4.757213e-02 
 3.365388e+01  4.856467e-02 
 3.365428e+01  4.953167e-02 
 3.365467e+01  5.048156e-02 
 3.365507e+01  5.140338e-02 
 3.365547e+01  5.229793e-02 
 3.365587e+01  5.316261e-02 
 3.365627e+01  5.401065e-02 
 3.365666e+01  5.484531e-02 
 3.365706e+01  5.564751e-02 
 3.365746e+01  5.642295e-02 
 3.365786e+01  5.718755e-02 
 3.365825e+01  5.792180e-02 
 3.365865e+01  5.863299e-02 
 3.365905e+01  5.932448e-02 
 3.365945e+01  5.997083e-02 
 3.365984e+01  6.057198e-02 
 3.366024e+01  6.114078e-02 
 3.366064e+01  6.167023e-02 
 3.366104e+01  6.216424e-02 
 3.366144e+01  6.262155e-02 
 3.366183e+01  6.306617e-02 
 3.366223e+01  6.345475e-02 
 3.366263e+01  6.381665e-02 
 3.366303e+01  6.415527e-02 
 3.366342e+01  6.445308e-02 
 3.366382e+01  6.471893e-02 
 3.366422e+01  6.493304e-02 
 3.366462e+01  6.512002e-02 
 3.366501e+01  6.526160e-02 
 3.366541e+01  6.536405e-02 
 3.366581e+01  6.544477e-02 
 3.366621e+01  6.548760e-02 
 3.366661e+01  6.549929e-02 
 3.366700e+01  6.548132e-02 
 3.366740e+01  6.543708e-02 
 3.366780e+01  6.536423e-02 
 3.366820e+01  6.526815e-02 
 3.366859e+01  6.514582e-02 
 3.366899e+01  6.497674e-02 
 3.366939e+01  6.475491e-02 
 3.366979e+01  6.451334e-02 
 3.367018e+01  6.423518e-02 
 3.367058e+01  6.392186e-02 
 3.367098e+01  6.358784e-02 
 3.367138e+01  6.321904e-02 
 3.367178e+01  6.282696e-02 
 3.367217e+01  6.241486e-02 
 3.367257e+01  6.198268e-02 
 3.367297e+01  6.151685e-02 
 3.367337e+01  6.104076e-02 
 3.367376e+01  6.053532e-02 
 3.367416e+01  5.999242e-02 
 3.367456e+01  5.942653e-02 
 3.367496e+01  5.884519e-02 
 3.367535e+01  5.822654e-02 
 3.367575e+01  5.759050e-02 
 3.367615e+01  5.692027e-02 
 3.367655e+01  5.621574e-02 
 3.367695e+01  5.549118e-02 
 3.367734e+01  5.476946e-02 
 3.367774e+01  5.402381e-02 
 3.367814e+01  5.325936e-02 
 3.367854e+01  5.247462e-02 
 3.367893e+01  5.166818e-02 
 3.367933e+01  5.082508e-02 
 3.367973e+01  4.995443e-02 
 3.368013e+01  4.908310e-02 
 3.368052e+01  4.816463e-02 
 3.368092e+01  4.722097e-02 
 3.368132e+01  4.626615e-02 
 3.368172e+01  4.528621e-02 
 3.368212e+01  4.429418e-02 
 3.368251e+01  4.330247e-02 
 3.368291e+01  4.229130e-02 
 3.368331e+01  4.124811e-02 
 3.368371e+01  4.019634e-02 
 3.368410e+01  3.913639e-02 
 3.368450e+01  3.804051e-02 
 3.368490e+01  3.694230e-02 
 3.368530e+01  3.583032e-02 
 3.368569e+01  3.469355e-02 
 3.368609e+01  3.354104e-02 
 3.368649e+01  3.238460e-02 
 3.368689e+01  3.123391e-02 
 3.368729e+01  3.008913e-02 
 3.368768e+01  2.893201e-02 
 3.368808e+01  2.776297e-02 
 3.368848e+01  2.658338e-02 
 3.368888e+01  2.538457e-02 
 3.368927e+01  2.418777e-02 
 3.368967e+01  2.297931e-02 
 3.369007e+01  2.175776e-02 
 3.369047e+01  2.053103e-02 
 3.369086e+01  1.930075e-02 
 3.369126e+01  1.807099e-02 
 3.369166e+01  1.684256e-02 
 3.369206e+01  1.562182e-02 
 3.369246e+01  1.440672e-02 
 3.369285e+01  1.318902e-02 
 3.369325e+01  1.197537e-02 
 3.369365e+01  1.076478e-02 
 3.369405e+01  9.567073e-03 
 3.369444e+01  8.365688e-03 
 3.369484e+01  7.180551e-03 
 3.369524e+01  5.971596e-03 
 3.369564e+01  4.778436e-03 
 3.369603e+01  3.586133e-03 
 3.369643e+01  2.410022e-03 
 3.369683e+01  1.251119e-03 
 3.369723e+01  1.081572e-04 
 3.369763e+01 -1.020531e-03 
 3.369802e+01 -2.144687e-03 
 3.369842e+01 -3.261195e-03 
 3.369882e+01 -4.353004e-03 
 3.369922e+01 -5.441040e-03 
 3.369961e+01 -6.517373e-03 
 3.370001e+01 -7.579230e-03 
 3.370041e+01 -8.640952e-03 
 3.370081e+01 -9.665083e-03 
 3.370120e+01 -1.066898e-02 
 3.370160e+01 -1.163937e-02 
 3.370200e+01 -1.259682e-02 
 3.370240e+01 -1.351070e-02 
 3.370280e+01 -1.440500e-02 
 3.370319e+01 -1.527849e-02 
 3.370359e+01 -1.611597e-02 
 3.370399e+01 -1.693121e-02 
 3.370439e+01 -1.773715e-02 
 3.370478e+01 -1.851376e-02 
 3.370518e+01 -1.927325e-02 
 3.370558e+01 -2.000163e-02 
 3.370598e+01 -2.069673e-02 
 3.370637e+01 -2.133234e-02 
 3.370677e+01 -2.193548e-02 
 3.370717e+01 -2.251445e-02 
 3.370757e+01 -2.306025e-02 
 3.370797e+01 -2.357324e-02 
 3.370836e+01 -2.406979e-02 
 3.370876e+01 -2.454274e-02 
 3.370916e+01 -2.497964e-02 
 3.370956e+01 -2.541068e-02 
 3.370995e+01 -2.581273e-02 
 3.371035e+01 -2.618384e-02 
 3.371075e+01 -2.651696e-02 
 3.371115e+01 -2.681409e-02 
 3.371154e+01 -2.707494e-02 
 3.371194e+01 -2.730232e-02 
 3.371234e+01 -2.751518e-02 
 3.371274e+01 -2.770139e-02 
 3.371314e+01 -2.782940e-02 
 3.371353e+01 -2.794995e-02 
 3.371393e+01 -2.804573e-02 
 3.371433e+01 -2.810668e-02 
 3.371473e+01 -2.816891e-02 
 3.371512e+01 -2.819901e-02 
 3.371552e+01 -2.818338e-02 
 3.371592e+01 -2.812362e-02 
 3.371632e+01 -2.804139e-02 
 3.371671e+01 -2.792232e-02 
 3.371711e+01 -2.777244e-02 
 3.371751e+01 -2.761350e-02 
 3.371791e+01 -2.740510e-02 
 3.371831e+01 -2.716518e-02 
 3.371870e+01 -2.691091e-02 
 3.371910e+01 -2.662721e-02 
 3.371950e+01 -2.632551e-02 
 3.371990e+01 -2.599893e-02 
 3.372029e+01 -2.563200e-02 
 3.372069e+01 -2.521671e-02 
 3.372109e+01 -2.476352e-02 
 3.372149e+01 -2.428024e-02 
 3.372188e+01 -2.375351e-02 
 3.372228e+01 -2.318296e-02 
 3.372268e+01 -2.258337e-02 
 3.372308e+01 -2.194031e-02 
 3.372348e+01 -2.126756e-02 
 3.372387e+01 -2.058187e-02 
 3.372427e+01 -1.987824e-02 
 3.372467e+01 -1.914900e-02 
 3.372507e+01 -1.837461e-02 
 3.372546e+01 -1.755375e-02 
 3.372586e+01 -1.668977e-02 
 3.372626e+01 -1.579398e-02 
 3.372666e+01 -1.486457e-02 
 3.372705e+01 -1.391600e-02 
 3.372745e+01 -1.293126e-02 
 3.372785e+01 -1.192384e-02 
 3.372825e+01 -1.089485e-02 
 3.372865e+01 -9.853088e-03 
 3.372904e+01 -8.790505e-03 
 3.372944e+01 -7.718163e-03 
 3.372984e+01 -6.614384e-03 
 3.373024e+01 -5.471636e-03 
 3.373063e+01 -4.290599e-03 
 3.373103e+01 -3.090429e-03 
 3.373143e+01 -1.869320e-03 
 3.373183e+01 -6.262625e-04 
 3.373222e+01  6.379633e-04 
 3.373262e+01  1.926074e-03 
 3.373302e+01  3.233004e-03 
 3.373342e+01  4.543372e-03 
 3.373382e+01  5.860151e-03 
 3.373421e+01  7.202828e-03 
 3.373461e+01  8.565800e-03 
 3.373501e+01  9.958798e-03 
 3.373541e+01  1.138741e-02 
 3.373580e+01  1.282401e-02 
 3.373620e+01  1.426075e-02 
 3.373660e+01  1.571422e-02 
 3.373700e+01  1.717491e-02 
 3.373740e+01  1.864046e-02 
 3.373779e+01  2.012118e-02 
 3.373819e+01  2.159130e-02 
 3.373859e+01  2.305508e-02 
 3.373899e+01  2.453073e-02 
 3.373938e+01  2.601398e-02 
 3.373978e+01  2.751118e-02 
 3.374018e+01  2.902442e-02 
 3.374058e+01  3.054583e-02 
 3.374097e+01  3.206705e-02 
 3.374137e+01  3.358739e-02 
 3.374177e+01  3.510762e-02 
 3.374217e+01  3.662855e-02 
 3.374257e+01  3.813636e-02 
 3.374296e+01  3.963655e-02 
 3.374336e+01  4.111533e-02 
 3.374376e+01  4.256633e-02 
 3.374416e+01  4.403232e-02 
 3.374455e+01  4.549821e-02 
 3.374495e+01  4.695034e-02 
 3.374535e+01  4.839547e-02 
 3.374575e+01  4.983260e-02 
 3.374614e+01  5.125053e-02 
 3.374654e+01  5.264416e-02 
 3.374694e+01  5.403482e-02 
 3.374734e+01  5.539846e-02 
 3.374774e+01  5.673443e-02 
 3.374813e+01  5.804148e-02 
 3.374853e+01  5.932478e-02 
 3.374893e+01  6.059245e-02 
 3.374933e+01  6.185408e-02 
 3.374972e+01  6.310918e-02 
 3.375012e+01  6.433951e-02 
 3.375052e+01  6.554811e-02 
 3.375092e+01  6.674856e-02 
 3.375131e+01  6.792121e-02 
 3.375171e+01  6.907232e-02 
 3.375211e+01  7.020257e-02 
 3.375251e+01  7.130942e-02 
 3.375291e+01  7.237606e-02 
 3.375330e+01  7.342743e-02 
 3.375370e+01  7.445683e-02 
 3.375410e+01  7.547127e-02 
 3.375450e+01  7.647005e-02 
 3.375489e+01  7.746128e-02 
 3.375529e+01  7.841297e-02 
 3.375569e+01  7.932673e-02 
 3.375609e+01  8.023049e-02 
 3.375648e+01  8.109935e-02 
 3.375688e+01  8.192669e-02 
 3.375728e+01  8.271977e-02 
 3.375768e+01  8.347891e-02 
 3.375808e+01  8.419529e-02 
 3.375847e+01  8.488013e-02 
 3.375887e+01  8.553725e-02 
 3.375927e+01  8.616891e-02 
 3.375967e+01  8.676624e-02 
 3.376006e+01  8.732443e-02 
 3.376046e+01  8.783769e-02 
 3.376086e+01  8.831688e-02 
 3.376126e+01  8.877467e-02 
 3.376165e+01  8.917919e-02 
 3.376205e+01  8.954873e-02 
 3.376245e+01  8.987409e-02 
 3.376285e+01  9.014239e-02 
 3.376325e+01  9.037219e-02 
 3.376364e+01  9.056085e-02 
 3.376404e+01  9.070127e-02 
 3.376444e+01  9.079803e-02 
 3.376484e+01  9.084773e-02 
 3.376523e+01  9.085234e-02 
 3.376563e+01  9.079666e-02 
 3.376603e+01  9.070658e-02 
 3.376643e+01  9.056779e-02 
 3.376682e+01  9.039177e-02 
 3.376722e+01  9.015754e-02 
 3.376762e+01  8.986808e-02 
 3.376802e+01  8.953631e-02 
 3.376842e+01  8.915863e-02 
 3.376881e+01  8.873296e-02 
 3.376921e+01  8.826429e-02 
 3.376961e+01  8.774569e-02 
 3.377001e+01  8.719245e-02 
 3.377040e+01  8.658207e-02 
 3.377080e+01  8.593847e-02 
 3.377120e+01  8.525106e-02 
 3.377160e+01  8.452117e-02 
 3.377199e+01  8.374362e-02 
 3.377239e+01  8.290261e-02 
 3.377279e+01  8.201932e-02 
 3.377319e+01  8.109787e-02 
 3.377359e+01  8.014537e-02 
 3.377398e+01  7.912963e-02 
 3.377438e+01  7.808029e-02 
 3.377478e+01  7.699330e-02 
 3.377518e+01  7.586086e-02 
 3.377557e+01  7.468472e-02 
 3.377597e+01  7.348054e-02 
 3.377637e+01  7.222184e-02 
 3.377677e+01  7.091412e-02 
 3.377716e+01  6.958235e-02 
 3.377756e+01  6.820948e-02 
 3.377796e+01  6.678067e-02 
 3.377836e+01  6.534142e-02 
 3.377876e+01  6.386345e-02 
 3.377915e+01  6.232917e-02 
 3.377955e+01  6.076979e-02 
 3.377995e+01  5.920315e-02 
 3.378035e+01  5.760177e-02 
 3.378074e+01  5.596443e-02 
 3.378114e+01  5.429708e-02 
 3.378154e+01  5.260682e-02 
 3.378194e+01  5.087755e-02 
 3.378233e+01  4.914226e-02 
 3.378273e+01  4.738043e-02 
 3.378313e+01  4.558307e-02 
 3.378353e+01  4.376873e-02 
 3.378393e+01  4.191942e-02 
 3.378432e+01  4.005717e-02 
 3.378472e+01  3.816501e-02 
 3.378512e+01  3.627998e-02 
 3.378552e+01  3.435973e-02 
 3.378591e+01  3.241465e-02 
 3.378631e+01  3.045525e-02 
 3.378671e+01  2.847511e-02 
 3.378711e+01  2.649357e-02 
 3.378750e+01  2.448687e-02 
 3.378790e+01  2.246346e-02 
 3.378830e+01  2.041856e-02 
 3.378870e+01  1.836630e-02 
 3.378910e+01  1.629597e-02 
 3.378949e+01  1.423357e-02 
 3.378989e+01  1.214768e-02 
 3.379029e+01  1.008188e-02 
 3.379069e+01  7.988823e-03 
 3.379108e+01  5.893546e-03 
 3.379148e+01  3.777510e-03 
 3.379188e+01  1.670675e-03 
 3.379228e+01 -4.479083e-04 
 3.379267e+01 -2.576186e-03 
 3.379307e+01 -4.716452e-03 
 3.379347e+01 -6.867309e-03 
 3.379387e+01 -9.012925e-03 
 3.379427e+01 -1.115436e-02 
 3.379466e+01 -1.326862e-02 
 3.379506e+01 -1.540288e-02 
 3.379546e+01 -1.752046e-02 
 3.379586e+01 -1.964009e-02 
 3.379625e+01 -2.176897e-02 
 3.379665e+01 -2.388630e-02 
 3.379705e+01 -2.598535e-02 
 3.379745e+01 -2.808630e-02 
 3.379784e+01 -3.019268e-02 
 3.379824e+01 -3.228426e-02 
 3.379864e+01 -3.435261e-02 
 3.379904e+01 -3.640855e-02 
 3.379944e+01 -3.843017e-02 
 3.379983e+01 -4.042730e-02 
 3.380023e+01 -4.243065e-02 
 3.380063e+01 -4.440688e-02 
 3.380103e+01 -4.635282e-02 
 3.380142e+01 -4.829098e-02 
 3.380182e+01 -5.019913e-02 
 3.380222e+01 -5.207869e-02 
 3.380262e+01 -5.393181e-02 
 3.380301e+01 -5.578214e-02 
 3.380341e+01 -5.757983e-02 
 3.380381e+01 -5.933188e-02 
 3.380421e+01 -6.104730e-02 
 3.380461e+01 -6.273416e-02 
 3.380500e+01 -6.438367e-02 
 3.380540e+01 -6.601040e-02 
 3.380580e+01 -6.760126e-02 
 3.380620e+01 -6.913809e-02 
 3.380659e+01 -7.063243e-02 
 3.380699e+01 -7.208940e-02 
 3.380739e+01 -7.349465e-02 
 3.380779e+01 -7.485029e-02 
 3.380818e+01 -7.617021e-02 
 3.380858e+01 -7.742210e-02 
 3.380898e+01 -7.860313e-02 
 3.380938e+01 -7.973577e-02 
 3.380978e+01 -8.082131e-02 
 3.381017e+01 -8.186312e-02 
 3.381057e+01 -8.285251e-02 
 3.381097e+01 -8.378934e-02 
 3.381137e+01 -8.466856e-02 
 3.381176e+01 -8.550019e-02 
 3.381216e+01 -8.628979e-02 
 3.381256e+01 -8.701966e-02 
 3.381296e+01 -8.768828e-02 
 3.381335e+01 -8.828566e-02 
 3.381375e+01 -8.881314e-02 
 3.381415e+01 -8.925895e-02 
 3.381455e+01 -8.966064e-02 
 3.381495e+01 -9.000812e-02 
 3.381534e+01 -9.030452e-02 
 3.381574e+01 -9.054699e-02 
 3.381614e+01 -9.072486e-02 
 3.381654e+01 -9.084902e-02 
 3.381693e+01 -9.091851e-02 
 3.381733e+01 -9.094183e-02 
 3.381773e+01 -9.089906e-02 
 3.381813e+01 -9.078864e-02 
 3.381852e+01 -9.061329e-02 
 3.381892e+01 -9.036144e-02 
 3.381932e+01 -9.004890e-02 
 3.381972e+01 -8.970202e-02 
 3.382012e+01 -8.929399e-02 
 3.382051e+01 -8.884117e-02 
 3.382091e+01 -8.832944e-02 
 3.382131e+01 -8.776022e-02 
 3.382171e+01 -8.714682e-02 
 3.382210e+01 -8.648840e-02 
 3.382250e+01 -8.577491e-02 
 3.382290e+01 -8.498055e-02 
 3.382330e+01 -8.412581e-02 
 3.382369e+01 -8.321023e-02 
 3.382409e+01 -8.224163e-02 
 3.382449e+01 -8.122711e-02 
 3.382489e+01 -8.017362e-02 
 3.382529e+01 -7.906453e-02 
 3.382568e+01 -7.789818e-02 
 3.382608e+01 -7.668271e-02 
 3.382648e+01 -7.539935e-02 
 3.382688e+01 -7.410149e-02 
 3.382727e+01 -7.273774e-02 
 3.382767e+01 -7.131365e-02 
 3.382807e+01 -6.983483e-02 
 3.382847e+01 -6.828192e-02 
 3.382887e+01 -6.669610e-02 
 3.382926e+01 -6.506923e-02 
 3.382966e+01 -6.339933e-02 
 3.383006e+01 -6.170127e-02 
 3.383046e+01 -5.995553e-02 
 3.383085e+01 -5.819222e-02 
 3.383125e+01 -5.639577e-02 
 3.383165e+01 -5.456522e-02 
 3.383205e+01 -5.271622e-02 
 3.383244e+01 -5.080972e-02 
 3.383284e+01 -4.885424e-02 
 3.383324e+01 -4.686575e-02 
 3.383364e+01 -4.482777e-02 
 3.383404e+01 -4.277472e-02 
 3.383443e+01 -4.069055e-02 
 3.383483e+01 -3.859113e-02 
 3.383523e+01 -3.645120e-02 
 3.383563e+01 -3.430164e-02 
 3.383602e+01 -3.212666e-02 
 3.383642e+01 -2.995235e-02 
 3.383682e+01 -2.775627e-02 
 3.383722e+01 -2.553671e-02 
 3.383761e+01 -2.328757e-02 
 3.383801e+01 -2.098946e-02 
 3.383841e+01 -1.866635e-02 
 3.383881e+01 -1.631399e-02 
 3.383921e+01 -1.395086e-02 
 3.383960e+01 -1.156469e-02 
 3.384000e+01 -9.164111e-03 
 3.384040e+01 -6.733977e-03 
 3.384080e+01 -4.297558e-03 
 3.384119e+01 -1.846104e-03 
 3.384159e+01  6.297021e-04 
 3.384199e+01  3.135924e-03 
 3.384239e+01  5.664578e-03 
 3.384278e+01  8.240152e-03 
 3.384318e+01  1.082663e-02 
 3.384358e+01  1.340969e-02 
 3.384398e+01  1.599709e-02 
 3.384438e+01  1.857953e-02 
 3.384477e+01  2.116919e-02 
 3.384517e+01  2.376852e-02 
 3.384557e+01  2.636564e-02 
 3.384597e+01  2.895187e-02 
 3.384636e+01  3.152832e-02 
 3.384676e+01  3.412068e-02 
 3.384716e+01  3.671021e-02 
 3.384756e+01  3.929682e-02 
 3.384795e+01  4.188916e-02 
 3.384835e+01  4.443503e-02 
 3.384875e+01  4.696723e-02 
 3.384915e+01  4.946228e-02 
 3.384955e+01  5.193272e-02 
 3.384994e+01  5.437653e-02 
 3.385034e+01  5.679682e-02 
 3.385074e+01  5.918869e-02 
 3.385114e+01  6.156195e-02 
 3.385153e+01  6.390518e-02 
 3.385193e+01  6.623292e-02 
 3.385233e+01  6.856271e-02 
 3.385273e+01  7.085913e-02 
 3.385312e+01  7.311382e-02 
 3.385352e+01  7.533597e-02 
 3.385392e+01  7.752153e-02 
 3.385432e+01  7.968186e-02 
 3.385472e+01  8.180020e-02 
 3.385511e+01  8.388106e-02 
 3.385551e+01  8.590335e-02 
 3.385591e+01  8.786967e-02 
 3.385631e+01  8.978826e-02 
 3.385670e+01  9.166718e-02 
 3.385710e+01  9.349295e-02 
 3.385750e+01  9.527894e-02 
 3.385790e+01  9.699542e-02 
 3.385829e+01  9.865852e-02 
 3.385869e+01  1.002538e-01 
 3.385909e+01  1.017926e-01 
 3.385949e+01  1.032529e-01 
 3.385989e+01  1.046465e-01 
 3.386028e+01  1.059891e-01 
 3.386068e+01  1.072636e-01 
 3.386108e+01  1.084801e-01 
 3.386148e+01  1.096539e-01 
 3.386187e+01  1.107683e-01 
 3.386227e+01  1.118382e-01 
 3.386267e+01  1.128432e-01 
 3.386307e+01  1.137808e-01 
 3.386346e+01  1.146433e-01 
 3.386386e+01  1.154341e-01 
 3.386426e+01  1.161692e-01 
 3.386466e+01  1.168256e-01 
 3.386506e+01  1.174215e-01 
 3.386545e+01  1.179648e-01 
 3.386585e+01  1.184403e-01 
 3.386625e+01  1.188671e-01 
 3.386665e+01  1.192473e-01 
 3.386704e+01  1.195754e-01 
 3.386744e+01  1.198399e-01 
 3.386784e+01  1.200827e-01 
 3.386824e+01  1.202473e-01 
 3.386863e+01  1.203621e-01 
 3.386903e+01  1.204216e-01 
 3.386943e+01  1.204612e-01 
 3.386983e+01  1.204398e-01 
 3.387023e+01  1.203555e-01 
 3.387062e+01  1.202306e-01 
 3.387102e+01  1.200825e-01 
 3.387142e+01  1.198814e-01 
 3.387182e+01  1.196333e-01 
 3.387221e+01  1.193301e-01 
 3.387261e+01  1.189194e-01 
 3.387301e+01  1.184665e-01 
 3.387341e+01  1.179721e-01 
 3.387380e+01  1.174465e-01 
 3.387420e+01  1.168559e-01 
 3.387460e+01  1.161852e-01 
 3.387500e+01  1.154429e-01 
 3.387540e+01  1.146209e-01 
 3.387579e+01  1.137693e-01 
 3.387619e+01  1.128920e-01 
 3.387659e+01  1.119956e-01 
 3.387699e+01  1.110286e-01 
 3.387738e+01  1.099740e-01 
 3.387778e+01  1.089006e-01 
 3.387818e+01  1.077787e-01 
 3.387858e+01  1.066632e-01 
 3.387897e+01  1.055025e-01 
 3.387937e+01  1.042059e-01 
 3.387977e+01  1.028348e-01 
 3.388017e+01  1.013830e-01 
 3.388057e+01  9.996616e-02 
 3.388096e+01  9.857528e-02 
 3.388136e+01  9.707354e-02 
 3.388176e+01  9.548413e-02 
 3.388216e+01  9.379128e-02 
 3.388255e+01  9.209488e-02 
 3.388295e+01  9.044452e-02 
 3.388335e+01  8.880033e-02 
 3.388375e+01  8.707834e-02 
 3.388414e+01  8.525247e-02 
 3.388454e+01  8.339864e-02 
 3.388494e+01  8.150836e-02 
 3.388534e+01  7.961837e-02 
 3.388574e+01  7.771583e-02 
 3.388613e+01  7.573030e-02 
 3.388653e+01  7.362373e-02 
 3.388693e+01  7.149628e-02 
 3.388733e+01  6.936443e-02 
 3.388772e+01  6.727127e-02 
 3.388812e+01  6.512153e-02 
 3.388852e+01  6.298075e-02 
 3.388892e+01  6.072139e-02 
 3.388931e+01  5.844104e-02 
 3.388971e+01  5.621737e-02 
 3.389011e+01  5.402306e-02 
 3.389051e+01  5.180204e-02 
 3.389091e+01  4.948997e-02 
 3.389130e+01  4.714379e-02 
 3.389170e+01  4.478021e-02 
 3.389210e+01  4.244043e-02 
 3.389250e+01  4.012320e-02 
 3.389289e+01  3.776072e-02 
 3.389329e+01  3.532505e-02 
 3.389369e+01  3.280949e-02 
 3.389409e+01  3.035072e-02 
 3.389448e+01  2.785553e-02 
 3.389488e+01  2.534210e-02 
 3.389528e+01  2.282494e-02 
 3.389568e+01  2.028563e-02 
 3.389608e+01  1.777203e-02 
 3.389647e+01  1.528053e-02 
 3.389687e+01  1.283941e-02 
 3.389727e+01  1.043222e-02 
 3.389767e+01  8.008552e-03 
 3.389806e+01  5.633938e-03 
 3.389846e+01  3.225945e-03 
 3.389886e+01  8.772947e-04 
 3.389926e+01 -1.455919e-03 
 3.389965e+01 -3.765728e-03 
 3.390005e+01 -6.022646e-03 
 3.390045e+01 -8.268748e-03 
 3.390085e+01 -1.048655e-02 
 3.390125e+01 -1.263599e-02 
 3.390164e+01 -1.470838e-02 
 3.390204e+01 -1.666794e-02 
 3.390244e+01 -1.854091e-02 
 3.390284e+01 -2.037366e-02 
 3.390323e+01 -2.208135e-02 
 3.390363e+01 -2.373009e-02 
 3.390403e+01 -2.530385e-02 
 3.390443e+01 -2.681805e-02 
 3.390482e+01 -2.828421e-02 
 3.390522e+01 -2.971449e-02 
 3.390562e+01 -3.107005e-02 
 3.390602e+01 -3.239513e-02 
 3.390642e+01 -3.367323e-02 
 3.390681e+01 -3.492702e-02 
 3.390721e+01 -3.615136e-02 
 3.390761e+01 -3.735334e-02 
 3.390801e+01 -3.857911e-02 
 3.390840e+01 -3.979161e-02 
 3.390880e+01 -4.101825e-02 
 3.390920e+01 -4.222176e-02 
 3.390960e+01 -4.336962e-02 
 3.390999e+01 -4.453673e-02 
 3.391039e+01 -4.565978e-02 
 3.391079e+01 -4.676562e-02 
 3.391119e+01 -4.786384e-02 
 3.391159e+01 -4.893570e-02 
 3.391198e+01 -4.996719e-02 
 3.391238e+01 -5.099973e-02 
 3.391278e+01 -5.205454e-02 
 3.391318e+01 -5.318017e-02 
 3.391357e+01 -5.431765e-02 
 3.391397e+01 -5.548397e-02 
 3.391437e+01 -5.662341e-02 
 3.391477e+01 -5.774888e-02 
 3.391516e+01 -5.888892e-02 
 3.391556e+01 -6.001502e-02 
 3.391596e+01 -6.112625e-02 
 3.391636e+01 -6.215758e-02 
 3.391676e+01 -6.310352e-02 
 3.391715e+01 -6.399735e-02 
 3.391755e+01 -6.485601e-02 
 3.391795e+01 -6.572657e-02 
 3.391835e+01 -6.650178e-02 
 3.391874e+01 -6.714918e-02 
 3.391914e+01 -6.767722e-02 
 3.391954e+01 -6.810754e-02 
 3.391994e+01 -6.850169e-02 
 3.392034e+01 -6.882987e-02 
 3.392073e+01 -6.897378e-02 
 3.392113e+01 -6.901972e-02 
 3.392153e+01 -6.887691e-02 
 3.392193e+01 -6.864041e-02 
 3.392232e+01 -6.833877e-02 
 3.392272e+01 -6.793026e-02 
 3.392312e+01 -6.742880e-02 
 3.392352e+01 -6.681599e-02 
 3.392391e+01 -6.605843e-02 
 3.392431e+01 -6.525060e-02 
 3.392471e+01 -6.435288e-02 
 3.392511e+01 -6.345365e-02 
 3.392551e+01 -6.247383e-02 
 3.392590e+01 -6.135780e-02 
 3.392630e+01 -6.020571e-02 
 3.392670e+01 -5.897161e-02 
 3.392710e+01 -5.778239e-02 
 3.392749e+01 -5.657698e-02 
 3.392789e+01 -5.530995e-02 
 3.392829e+01 -5.397270e-02 
 3.392869e+01 -5.258979e-02 
 3.392908e+01 -5.120152e-02 
 3.392948e+01 -4.982817e-02 
 3.392988e+01 -4.846211e-02 
 3.393028e+01 -4.704340e-02 
 3.393068e+01 -4.553474e-02 
 3.393107e+01 -4.395239e-02 
 3.393147e+01 -4.238681e-02 
 3.393187e+01 -4.079469e-02 
 3.393227e+01 -3.921412e-02 
 3.393266e+01 -3.758401e-02 
 3.393306e+01 -3.594548e-02 
 3.393346e+01 -3.427257e-02 
 3.393386e+01 -3.259675e-02 
 3.393425e+01 -3.093216e-02 
 3.393465e+01 -2.925821e-02 
 3.393505e+01 -2.750718e-02 
 3.393545e+01 -2.571535e-02 
 3.393585e+01 -2.384507e-02 
 3.393624e+01 -2.198710e-02 
 3.393664e+01 -2.014582e-02 
 3.393704e+01 -1.829150e-02 
 3.393744e+01 -1.639392e-02 
 3.393783e+01 -1.441399e-02 
 3.393823e+01 -1.241763e-02 
 3.393863e+01 -1.042590e-02 
 3.393903e+01 -8.420117e-03 
 3.393942e+01 -6.382903e-03 
 3.393982e+01 -4.289100e-03 
 3.394022e+01 -2.161447e-03 
 3.394062e+01 -4.482130e-05 
 3.394102e+01  2.041414e-03 
 3.394141e+01  4.100182e-03 
 3.394181e+01  6.156153e-03 
 3.394221e+01  8.202274e-03 
 3.394261e+01  1.020284e-02 
 3.394300e+01  1.221865e-02 
 3.394340e+01  1.416652e-02 
 3.394380e+01  1.609310e-02 
 3.394420e+01  1.800944e-02 
 3.394459e+01  1.988163e-02 
 3.394499e+01  2.172541e-02 
 3.394539e+01  2.351769e-02 
 3.394579e+01  2.526085e-02 
 3.394619e+01  2.693074e-02 
 3.394658e+01  2.860163e-02 
 3.394698e+01  3.021600e-02 
 3.394738e+01  3.179785e-02 
 3.394778e+01  3.333869e-02 
 3.394817e+01  3.486048e-02 
 3.394857e+01  3.636096e-02 
 3.394897e+01  3.786281e-02 
 3.394937e+01  3.936477e-02 
 3.394976e+01  4.091644e-02 
 3.395016e+01  4.252664e-02 
 3.395056e+01  4.420138e-02 
 3.395096e+01  4.594878e-02 
 3.395136e+01  4.777167e-02 
 3.395175e+01  4.963249e-02 
 3.395215e+01  5.152657e-02 
 3.395255e+01  5.348337e-02 
 3.395295e+01  5.552285e-02 
 3.395334e+01  5.755687e-02 
 3.395374e+01  5.962648e-02 
 3.395414e+01  6.169162e-02 
 3.395454e+01  6.380694e-02 
 3.395493e+01  6.591942e-02 
 3.395533e+01  6.809032e-02 
 3.395573e+01  7.020488e-02 
 3.395613e+01  7.224744e-02 
 3.395653e+01  7.429087e-02 
 3.395692e+01  7.630732e-02 
 3.395732e+01  7.833965e-02 
 3.395772e+01  8.035947e-02 
 3.395812e+01  8.233944e-02 
 3.395851e+01  8.428236e-02 
 3.395891e+01  8.613204e-02 
 3.395931e+01  8.796910e-02 
 3.395971e+01  8.977433e-02 
 3.396010e+01  9.149179e-02 
 3.396050e+01  9.307364e-02 
 3.396090e+01  9.449099e-02 
 3.396130e+01  9.575527e-02 
 3.396170e+01  9.692266e-02 
 3.396209e+01  9.800645e-02 
 3.396249e+01  9.893275e-02 
 3.396289e+01  9.969284e-02 
 3.396329e+01  1.002881e-01 
 3.396368e+01  1.008036e-01 
 3.396408e+01  1.012016e-01 
 3.396448e+01  1.015190e-01 
 3.396488e+01  1.017251e-01 
 3.396527e+01  1.017647e-01 
 3.396567e+01  1.016748e-01 
 3.396607e+01  1.014986e-01 
 3.396647e+01  1.013215e-01 
 3.396687e+01  1.010534e-01 
 3.396726e+01  1.006793e-01 
 3.396766e+01  1.002426e-01 
 3.396806e+01  9.971958e-02 
 3.396846e+01  9.914021e-02 
 3.396885e+01  9.856448e-02 
 3.396925e+01  9.795369e-02 
 3.396965e+01  9.731169e-02 
 3.397005e+01  9.662396e-02 
 3.397044e+01  9.595052e-02 
 3.397084e+01  9.530776e-02 
 3.397124e+01  9.461072e-02 
 3.397164e+01  9.398703e-02 
 3.397204e+01  9.333043e-02 
 3.397243e+01  9.265075e-02 
 3.397283e+01  9.194246e-02 
 3.397323e+01  9.123436e-02 
 3.397363e+01  9.052343e-02 
 3.397402e+01  8.981521e-02 
 3.397442e+01  8.905067e-02 
 3.397482e+01  8.824630e-02 
 3.397522e+01  8.738337e-02 
 3.397561e+01  8.648348e-02 
 3.397601e+01  8.561508e-02 
 3.397641e+01  8.470804e-02 
 3.397681e+01  8.377013e-02 
 3.397721e+01  8.280255e-02 
 3.397760e+01  8.183151e-02 
 3.397800e+01  8.084922e-02 
 3.397840e+01  7.994942e-02 
 3.397880e+01  7.908378e-02 
 3.397919e+01  7.823678e-02 
 3.397959e+01  7.734167e-02 
 3.397999e+01  7.645836e-02 
 3.398039e+01  7.555664e-02 
 3.398078e+01  7.460871e-02 
 3.398118e+01  7.368143e-02 
 3.398158e+01  7.267458e-02 
 3.398198e+01  7.162714e-02 
 3.398238e+01  7.053294e-02 
 3.398277e+01  6.947490e-02 
 3.398317e+01  6.842876e-02 
 3.398357e+01  6.738138e-02 
 3.398397e+01  6.627014e-02 
 3.398436e+01  6.513242e-02 
 3.398476e+01  6.392753e-02 
 3.398516e+01  6.273321e-02 
 3.398556e+01  6.151422e-02 
 3.398595e+01  6.027102e-02 
 3.398635e+01  5.893681e-02 
 3.398675e+01  5.754525e-02 
 3.398715e+01  5.609790e-02 
 3.398755e+01  5.459770e-02 
 3.398794e+01  5.304101e-02 
 3.398834e+01  5.137926e-02 
 3.398874e+01  4.961568e-02 
 3.398914e+01  4.775596e-02 
 3.398953e+01  4.580004e-02 
 3.398993e+01  4.376555e-02 
 3.399033e+01  4.165386e-02 
 3.399073e+01  3.945705e-02 
 3.399112e+01  3.715563e-02 
 3.399152e+01  3.475708e-02 
 3.399192e+01  3.223418e-02 
 3.399232e+01  2.965244e-02 
 3.399272e+01  2.696726e-02 
 3.399311e+01  2.418108e-02 
 3.399351e+01  2.135359e-02 
 3.399391e+01  1.844381e-02 
 3.399431e+01  1.549825e-02 
 3.399470e+01  1.253204e-02 
 3.399510e+01  9.539820e-03 
 3.399550e+01  6.569559e-03 
 3.399590e+01  3.566414e-03 
 3.399629e+01  5.924103e-04 
 3.399669e+01 -2.386121e-03 
 3.399709e+01 -5.320293e-03 
 3.399749e+01 -8.144299e-03 
 3.399789e+01 -1.086246e-02 
 3.399828e+01 -1.342027e-02 
 3.399868e+01 -1.585553e-02 
 3.399908e+01 -1.817869e-02 
 3.399948e+01 -2.031184e-02 
 3.399987e+01 -2.230048e-02 
 3.400027e+01 -2.411243e-02 
 3.400067e+01 -2.579923e-02 
 3.400107e+01 -2.738428e-02 
 3.400146e+01 -2.885167e-02 
 3.400186e+01 -3.023188e-02 
 3.400226e+01 -3.146428e-02 
 3.400266e+01 -3.258049e-02 
 3.400306e+01 -3.360339e-02 
 3.400345e+01 -3.457526e-02 
 3.400385e+01 -3.548352e-02 
 3.400425e+01 -3.633262e-02 
 3.400465e+01 -3.709078e-02 
 3.400504e+01 -3.778702e-02 
 3.400544e+01 -3.843455e-02 
 3.400584e+01 -3.904954e-02 
 3.400624e+01 -3.966592e-02 
 3.400663e+01 -4.026279e-02 
 3.400703e+01 -4.079394e-02 
 3.400743e+01 -4.131276e-02 
 3.400783e+01 -4.179244e-02 
 3.400823e+01 -4.232111e-02 
 3.400862e+01 -4.283323e-02 
 3.400902e+01 -4.338057e-02 
 3.400942e+01 -4.389639e-02 
 3.400982e+01 -4.438971e-02 
 3.401021e+01 -4.492417e-02 
 3.401061e+01 -4.553841e-02 
 3.401101e+01 -4.622366e-02 
 3.401141e+01 -4.694839e-02 
 3.401181e+01 -4.769803e-02 
 3.401220e+01 -4.848860e-02 
 3.401260e+01 -4.927193e-02 
 3.401300e+01 -5.013893e-02 
 3.401340e+01 -5.103991e-02 
 3.401379e+01 -5.192981e-02 
 3.401419e+01 -5.277537e-02 
 3.401459e+01 -5.357335e-02 
 3.401499e+01 -5.438574e-02 
 3.401538e+01 -5.523755e-02 
 3.401578e+01 -5.605138e-02 
 3.401618e+01 -5.685668e-02 
 3.401658e+01 -5.756980e-02 
 3.401698e+01 -5.823037e-02 
 3.401737e+01 -5.882870e-02 
 3.401777e+01 -5.935707e-02 
 3.401817e+01 -5.977050e-02 
 3.401857e+01 -6.007769e-02 
 3.401896e+01 -6.023164e-02 
 3.401936e+01 -6.027096e-02 
 3.401976e+01 -6.024811e-02 
 3.402016e+01 -6.019543e-02 
 3.402055e+01 -6.009942e-02 
 3.402095e+01 -5.996049e-02 
 3.402135e+01 -5.975341e-02 
 3.402175e+01 -5.951019e-02 
 3.402215e+01 -5.923829e-02 
 3.402254e+01 -5.894581e-02 
 3.402294e+01 -5.865834e-02 
 3.402334e+01 -5.830814e-02 
 3.402374e+01 -5.789770e-02 
 3.402413e+01 -5.741813e-02 
 3.402453e+01 -5.694471e-02 
 3.402493e+01 -5.641048e-02 
 3.402533e+01 -5.584981e-02 
 3.402572e+01 -5.520229e-02 
 3.402612e+01 -5.441941e-02 
 3.402652e+01 -5.354421e-02 
 3.402692e+01 -5.253448e-02 
 3.402732e+01 -5.147103e-02 
 3.402771e+01 -5.026200e-02 
 3.402811e+01 -4.896631e-02 
 3.402851e+01 -4.755952e-02 
 3.402891e+01 -4.604518e-02 
 3.402930e+01 -4.444617e-02 
 3.402970e+01 -4.282570e-02 
 3.403010e+01 -4.115372e-02 
 3.403050e+01 -3.938584e-02 
 3.403089e+01 -3.751065e-02 
 3.403129e+01 -3.555105e-02 
 3.403169e+01 -3.350756e-02 
 3.403209e+01 -3.140336e-02 
 3.403249e+01 -2.926320e-02 
 3.403288e+01 -2.703464e-02 
 3.403328e+01 -2.465453e-02 
 3.403368e+01 -2.221411e-02 
 3.403408e+01 -1.969188e-02 
 3.403447e+01 -1.711485e-02 
 3.403487e+01 -1.450921e-02 
 3.403527e+01 -1.184756e-02 
 3.403567e+01 -9.159405e-03 
 3.403606e+01 -6.398415e-03 
 3.403646e+01 -3.677740e-03 
 3.403686e+01 -9.942843e-04 
 3.403726e+01  1.677270e-03 
 3.403766e+01  4.354309e-03 
 3.403805e+01  7.017337e-03 
 3.403845e+01  9.681472e-03 
 3.403885e+01  1.225937e-02 
 3.403925e+01  1.475544e-02 
 3.403964e+01  1.716786e-02 
 3.404004e+01  1.946287e-02 
 3.404044e+01  2.169686e-02 
 3.404084e+01  2.379544e-02 
 3.404123e+01  2.580863e-02 
 3.404163e+01  2.768404e-02 
 3.404203e+01  2.941033e-02 
 3.404243e+01  3.108633e-02 
 3.404283e+01  3.263468e-02 
 3.404322e+01  3.411565e-02 
 3.404362e+01  3.545839e-02 
 3.404402e+01  3.669602e-02 
 3.404442e+01  3.789669e-02 
 3.404481e+01  3.900600e-02 
 3.404521e+01  4.011552e-02 
 3.404561e+01  4.124666e-02 
 3.404601e+01  4.235037e-02 
 3.404640e+01  4.351884e-02 
 3.404680e+01  4.470648e-02 
 3.404720e+01  4.592882e-02 
 3.404760e+01  4.722143e-02 
 3.404800e+01  4.854614e-02 
 3.404839e+01  4.992889e-02 
 3.404879e+01  5.133781e-02 
 3.404919e+01  5.275963e-02 
 3.404959e+01  5.425621e-02 
 3.404998e+01  5.575113e-02 
 3.405038e+01  5.737417e-02 
 3.405078e+01  5.906608e-02 
 3.405118e+01  6.080245e-02 
 3.405157e+01  6.259417e-02 
 3.405197e+01  6.442698e-02 
 3.405237e+01  6.634222e-02 
 3.405277e+01  6.834102e-02 
 3.405317e+01  7.038649e-02 
 3.405356e+01  7.251431e-02 
 3.405396e+01  7.462620e-02 
 3.405436e+01  7.676315e-02 
 3.405476e+01  7.897082e-02 
 3.405515e+01  8.122573e-02 
 3.405555e+01  8.350516e-02 
 3.405595e+01  8.574828e-02 
 3.405635e+01  8.798353e-02 
 3.405674e+01  9.018751e-02 
 3.405714e+01  9.240736e-02 
 3.405754e+01  9.463514e-02 
 3.405794e+01  9.683956e-02 
 3.405834e+01  9.898232e-02 
 3.405873e+01  1.009920e-01 
 3.405913e+01  1.029191e-01 
 3.405953e+01  1.048446e-01 
 3.405993e+01  1.067171e-01 
 3.406032e+01  1.085256e-01 
 3.406072e+01  1.101527e-01 
 3.406112e+01  1.116754e-01 
 3.406152e+01  1.131211e-01 
 3.406191e+01  1.145166e-01 
 3.406231e+01  1.158273e-01 
 3.406271e+01  1.170325e-01 
 3.406311e+01  1.180975e-01 
 3.406351e+01  1.190016e-01 
 3.406390e+01  1.198557e-01 
 3.406430e+01  1.206412e-01 
 3.406470e+01  1.212955e-01 
 3.406510e+01  1.218299e-01 
 3.406549e+01  1.222143e-01 
 3.406589e+01  1.225085e-01 
 3.406629e+01  1.226883e-01 
 3.406669e+01  1.228227e-01 
 3.406708e+01  1.228435e-01 
 3.406748e+01  1.227574e-01 
 3.406788e+01  1.225304e-01 
 3.406828e+01  1.221344e-01 
 3.406868e+01  1.216377e-01 
 3.406907e+01  1.210376e-01 
 3.406947e+01  1.203386e-01 
 3.406987e+01  1.195200e-01 
 3.407027e+01  1.185790e-01 
 3.407066e+01  1.175140e-01 
 3.407106e+01  1.163508e-01 
 3.407146e+01  1.151625e-01 
 3.407186e+01  1.138851e-01 
 3.407225e+01  1.125569e-01 
 3.407265e+01  1.111152e-01 
 3.407305e+01  1.096400e-01 
 3.407345e+01  1.081244e-01 
 3.407385e+01  1.066374e-01 
 3.407424e+01  1.051509e-01 
 3.407464e+01  1.036482e-01 
 3.407504e+01  1.021321e-01 
 3.407544e+01  1.006171e-01 
 3.407583e+01  9.911161e-02 
 3.407623e+01  9.763122e-02 
 3.407663e+01  9.622423e-02 
 3.407703e+01  9.487872e-02 
 3.407742e+01  9.350647e-02 
 3.407782e+01  9.218194e-02 
 3.407822e+01  9.089479e-02 
 3.407862e+01  8.973547e-02 
 3.407902e+01  8.863044e-02 
 3.407941e+01  8.757708e-02 
 3.407981e+01  8.650844e-02 
 3.408021e+01  8.551943e-02 
 3.408061e+01  8.456764e-02 
 3.408100e+01  8.367853e-02 
 3.408140e+01  8.283892e-02 
 3.408180e+01  8.200790e-02 
 3.408220e+01  8.121061e-02 
 3.408259e+01  8.042173e-02 
 3.408299e+01  7.968524e-02 
 3.408339e+01  7.895864e-02 
 3.408379e+01  7.820721e-02 
 3.408419e+01  7.736284e-02 
 3.408458e+01  7.647263e-02 
 3.408498e+01  7.553784e-02 
 3.408538e+01  7.454896e-02 
 3.408578e+01  7.348715e-02 
 3.408617e+01  7.237267e-02 
 3.408657e+01  7.115598e-02 
 3.408697e+01  6.984451e-02 
 3.408737e+01  6.844148e-02 
 3.408776e+01  6.693303e-02 
 3.408816e+01  6.529370e-02 
 3.408856e+01  6.351519e-02 
 3.408896e+01  6.161541e-02 
 3.408936e+01  5.959936e-02 
 3.408975e+01  5.741690e-02 
 3.409015e+01  5.515393e-02 
 3.409055e+01  5.276926e-02 
 3.409095e+01  5.023488e-02 
 3.409134e+01  4.761007e-02 
 3.409174e+01  4.485851e-02 
 3.409214e+01  4.203142e-02 
 3.409254e+01  3.912945e-02 
 3.409293e+01  3.614539e-02 
 3.409333e+01  3.312133e-02 
 3.409373e+01  3.003437e-02 
 3.409413e+01  2.691608e-02 
 3.409453e+01  2.375042e-02 
 3.409492e+01  2.050034e-02 
 3.409532e+01  1.725449e-02 
 3.409572e+01  1.403594e-02 
 3.409612e+01  1.078060e-02 
 3.409651e+01  7.521250e-03 
 3.409691e+01  4.212483e-03 
 3.409731e+01  9.034214e-04 
 3.409771e+01 -2.382122e-03 
 3.409810e+01 -5.632401e-03 
 3.409850e+01 -8.807653e-03 
 3.409890e+01 -1.197197e-02 
 3.409930e+01 -1.512523e-02 
 3.409970e+01 -1.820272e-02 
 3.410009e+01 -2.119634e-02 
 3.410049e+01 -2.404485e-02 
 3.410089e+01 -2.678834e-02 
 3.410129e+01 -2.943023e-02 
 3.410168e+01 -3.194753e-02 
 3.410208e+01 -3.435552e-02 
 3.410248e+01 -3.659351e-02 
 3.410288e+01 -3.867343e-02 
 3.410328e+01 -4.064756e-02 
 3.410367e+01 -4.248298e-02 
 3.410407e+01 -4.428624e-02 
 3.410447e+01 -4.598001e-02 
 3.410487e+01 -4.754637e-02 
 3.410526e+01 -4.896970e-02 
 3.410566e+01 -5.020688e-02 
 3.410606e+01 -5.141452e-02 
 3.410646e+01 -5.253316e-02 
 3.410685e+01 -5.357265e-02 
 3.410725e+01 -5.448884e-02 
 3.410765e+01 -5.522695e-02 
 3.410805e+01 -5.588180e-02 
 3.410845e+01 -5.647324e-02 
 3.410884e+01 -5.707529e-02 
 3.410924e+01 -5.759143e-02 
 3.410964e+01 -5.798062e-02 
 3.411004e+01 -5.834963e-02 
 3.411043e+01 -5.870955e-02 
 3.411083e+01 -5.903736e-02 
 3.411123e+01 -5.939498e-02 
 3.411163e+01 -5.973118e-02 
 3.411202e+01 -6.002688e-02 
 3.411242e+01 -6.028237e-02 
 3.411282e+01 -6.058887e-02 
 3.411322e+01 -6.094904e-02 
 3.411362e+01 -6.132103e-02 
 3.411401e+01 -6.171304e-02 
 3.411441e+01 -6.209577e-02 
 3.411481e+01 -6.240834e-02 
 3.411521e+01 -6.280417e-02 
 3.411560e+01 -6.320020e-02 
 3.411600e+01 -6.368422e-02 
 3.411640e+01 -6.417525e-02 
 3.411680e+01 -6.465910e-02 
 3.411719e+01 -6.515750e-02 
 3.411759e+01 -6.570683e-02 
 3.411799e+01 -6.632610e-02 
 3.411839e+01 -6.695647e-02 
 3.411879e+01 -6.757185e-02 
 3.411918e+01 -6.816538e-02 
 3.411958e+01 -6.874062e-02 
 3.411998e+01 -6.932784e-02 
 3.412038e+01 -6.990791e-02 
 3.412077e+01 -7.041577e-02 
 3.412117e+01 -7.085083e-02 
 3.412157e+01 -7.120457e-02 
 3.412197e+01 -7.149308e-02 
 3.412236e+01 -7.171745e-02 
 3.412276e+01 -7.188357e-02 
 3.412316e+01 -7.196423e-02 
 3.412356e+01 -7.197003e-02 
 3.412396e+01 -7.185353e-02 
 3.412435e+01 -7.164673e-02 
 3.412475e+01 -7.134449e-02 
 3.412515e+01 -7.095206e-02 
 3.412555e+01 -7.046908e-02 
 3.412594e+01 -6.987347e-02 
 3.412634e+01 -6.919211e-02 
 3.412674e+01 -6.839444e-02 
 3.412714e+01 -6.753812e-02 
 3.412753e+01 -6.663732e-02 
 3.412793e+01 -6.557529e-02 
 3.412833e+01 -6.444505e-02 
 3.412873e+01 -6.319956e-02 
 3.412913e+01 -6.188460e-02 
 3.412952e+01 -6.042143e-02 
 3.412992e+01 -5.884397e-02 
 3.413032e+01 -5.716533e-02 
 3.413072e+01 -5.535879e-02 
 3.413111e+01 -5.342391e-02 
 3.413151e+01 -5.145012e-02 
 3.413191e+01 -4.933331e-02 
 3.413231e+01 -4.717491e-02 
 3.413270e+01 -4.495585e-02 
 3.413310e+01 -4.264957e-02 
 3.413350e+01 -4.027158e-02 
 3.413390e+01 -3.778102e-02 
 3.413430e+01 -3.519499e-02 
 3.413469e+01 -3.253608e-02 
 3.413509e+01 -2.983612e-02 
 3.413549e+01 -2.707257e-02 
 3.413589e+01 -2.424736e-02 
 3.413628e+01 -2.134927e-02 
 3.413668e+01 -1.845735e-02 
 3.413708e+01 -1.552344e-02 
 3.413748e+01 -1.261419e-02 
 3.413787e+01 -9.670650e-03 
 3.413827e+01 -6.706782e-03 
 3.413867e+01 -3.757217e-03 
 3.413907e+01 -8.012768e-04 
 3.413947e+01  2.118089e-03 
 3.413986e+01  5.013010e-03 
 3.414026e+01  7.885577e-03 
 3.414066e+01  1.073931e-02 
 3.414106e+01  1.356846e-02 
 3.414145e+01  1.635865e-02 
 3.414185e+01  1.906355e-02 
 3.414225e+01  2.166736e-02 
 3.414265e+01  2.418059e-02 
 3.414304e+01  2.660907e-02 
 3.414344e+01  2.902906e-02 
 3.414384e+01  3.136155e-02 
 3.414424e+01  3.361061e-02 
 3.414464e+01  3.577443e-02 
 3.414503e+01  3.783894e-02 
 3.414543e+01  3.981382e-02 
 3.414583e+01  4.172974e-02 
 3.414623e+01  4.359651e-02 
 3.414662e+01  4.536911e-02 
 3.414702e+01  4.702286e-02 
 3.414742e+01  4.867937e-02 
 3.414782e+01  5.027072e-02 
 3.414821e+01  5.182459e-02 
 3.414861e+01  5.339987e-02 
 3.414901e+01  5.495578e-02 
 3.414941e+01  5.649309e-02 
 3.414981e+01  5.798453e-02 
 3.415020e+01  5.956040e-02 
 3.415060e+01  6.117041e-02 
 3.415100e+01  6.280245e-02 
 3.415140e+01  6.450847e-02 
 3.415179e+01  6.618919e-02 
 3.415219e+01  6.785215e-02 
 3.415259e+01  6.957052e-02 
 3.415299e+01  7.141935e-02 
 3.415338e+01  7.329406e-02 
 3.415378e+01  7.517251e-02 
 3.415418e+01  7.702786e-02 
 3.415458e+01  7.895337e-02 
 3.415498e+01  8.090504e-02 
 3.415537e+01  8.293080e-02 
 3.415577e+01  8.502700e-02 
 3.415617e+01  8.709029e-02 
 3.415657e+01  8.916534e-02 
 3.415696e+01  9.127759e-02 
 3.415736e+01  9.345100e-02 
 3.415776e+01  9.564989e-02 
 3.415816e+01  9.782149e-02 
 3.415855e+01  9.992158e-02 
 3.415895e+01  1.020018e-01 
 3.415935e+01  1.040385e-01 
 3.415975e+01  1.061104e-01 
 3.416015e+01  1.081061e-01 
 3.416054e+01  1.100051e-01 
 3.416094e+01  1.117945e-01 
 3.416134e+01  1.134414e-01 
 3.416174e+01  1.149932e-01 
 3.416213e+01  1.164778e-01 
 3.416253e+01  1.178864e-01 
 3.416293e+01  1.191758e-01 
 3.416333e+01  1.203337e-01 
 3.416372e+01  1.213802e-01 
 3.416412e+01  1.223490e-01 
 3.416452e+01  1.232036e-01 
 3.416492e+01  1.239584e-01 
 3.416532e+01  1.245704e-01 
 3.416571e+01  1.250782e-01 
 3.416611e+01  1.254890e-01 
 3.416651e+01  1.258545e-01 
 3.416691e+01  1.261451e-01 
 3.416730e+01  1.263414e-01 
 3.416770e+01  1.264607e-01 
 3.416810e+01  1.265149e-01 
 3.416850e+01  1.264863e-01 
 3.416889e+01  1.264080e-01 
 3.416929e+01  1.262496e-01 
 3.416969e+01  1.260384e-01 
 3.417009e+01  1.257619e-01 
 3.417049e+01  1.253713e-01 
 3.417088e+01  1.248718e-01 
 3.417128e+01  1.242563e-01 
 3.417168e+01  1.235737e-01 
 3.417208e+01  1.227760e-01 
 3.417247e+01  1.218966e-01 
 3.417287e+01  1.208581e-01 
 3.417327e+01  1.197180e-01 
 3.417367e+01  1.184736e-01 
 3.417406e+01  1.171521e-01 
 3.417446e+01  1.157491e-01 
 3.417486e+01  1.142814e-01 
 3.417526e+01  1.127574e-01 
 3.417566e+01  1.111709e-01 
 3.417605e+01  1.095626e-01 
 3.417645e+01  1.079528e-01 
 3.417685e+01  1.063324e-01 
 3.417725e+01  1.046531e-01 
 3.417764e+01  1.029581e-01 
 3.417804e+01  1.012377e-01 
 3.417844e+01  9.954299e-02 
 3.417884e+01  9.782639e-02 
 3.417923e+01  9.613856e-02 
 3.417963e+01  9.445588e-02 
 3.418003e+01  9.272425e-02 
 3.418043e+01  9.096092e-02 
 3.418083e+01  8.921252e-02 
 3.418122e+01  8.751549e-02 
 3.418162e+01  8.582956e-02 
 3.418202e+01  8.415610e-02 
 3.418242e+01  8.250936e-02 
 3.418281e+01  8.088112e-02 
 3.418321e+01  7.927545e-02 
 3.418361e+01  7.773367e-02 
 3.418401e+01  7.624838e-02 
 3.418440e+01  7.475581e-02 
 3.418480e+01  7.330814e-02 
 3.418520e+01  7.185484e-02 
 3.418560e+01  7.045160e-02 
 3.418600e+01  6.904786e-02 
 3.418639e+01  6.766308e-02 
 3.418679e+01  6.629291e-02 
 3.418719e+01  6.490819e-02 
 3.418759e+01  6.347583e-02 
 3.418798e+01  6.200749e-02 
 3.418838e+01  6.052306e-02 
 3.418878e+01  5.899543e-02 
 3.418918e+01  5.741931e-02 
 3.418957e+01  5.573594e-02 
 3.418997e+01  5.397578e-02 
 3.419037e+01  5.208078e-02 
 3.419077e+01  5.012606e-02 
 3.419117e+01  4.811209e-02 
 3.419156e+01  4.600422e-02 
 3.419196e+01  4.380547e-02 
 3.419236e+01  4.148297e-02 
 3.419276e+01  3.905236e-02 
 3.419315e+01  3.649527e-02 
 3.419355e+01  3.387136e-02 
 3.419395e+01  3.120015e-02 
 3.419435e+01  2.840930e-02 
 3.419475e+01  2.552930e-02 
 3.419514e+01  2.261548e-02 
 3.419554e+01  1.965571e-02 
 3.419594e+01  1.669085e-02 
 3.419634e+01  1.370618e-02 
 3.419673e+01  1.066488e-02 
 3.419713e+01  7.581296e-03 
 3.419753e+01  4.447214e-03 
 3.419793e+01  1.346682e-03 
 3.419832e+01 -1.754758e-03 
 3.419872e+01 -4.794314e-03 
 3.419912e+01 -7.846250e-03 
 3.419952e+01 -1.089420e-02 
 3.419992e+01 -1.393464e-02 
 3.420031e+01 -1.690865e-02 
 3.420071e+01 -1.980647e-02 
 3.420111e+01 -2.263276e-02 
 3.420151e+01 -2.539566e-02 
 3.420190e+01 -2.807731e-02 
 3.420230e+01 -3.066102e-02 
 3.420270e+01 -3.305289e-02 
 3.420310e+01 -3.528170e-02 
 3.420349e+01 -3.733215e-02 
 3.420389e+01 -3.926047e-02 
 3.420429e+01 -4.109739e-02 
 3.420469e+01 -4.277847e-02 
 3.420509e+01 -4.434819e-02 
 3.420548e+01 -4.574456e-02 
 3.420588e+01 -4.706414e-02 
 3.420628e+01 -4.830531e-02 
 3.420668e+01 -4.950012e-02 
 3.420707e+01 -5.061500e-02 
 3.420747e+01 -5.156622e-02 
 3.420787e+01 -5.242009e-02 
 3.420827e+01 -5.324006e-02 
 3.420866e+01 -5.400615e-02 
 3.420906e+01 -5.475678e-02 
 3.420946e+01 -5.550127e-02 
 3.420986e+01 -5.617340e-02 
 3.421026e+01 -5.677859e-02 
 3.421065e+01 -5.729094e-02 
 3.421105e+01 -5.782792e-02 
 3.421145e+01 -5.829623e-02 
 3.421185e+01 -5.871241e-02 
 3.421224e+01 -5.906035e-02 
 3.421264e+01 -5.936503e-02 
 3.421304e+01 -5.964083e-02 
 3.421344e+01 -5.996221e-02 
 3.421383e+01 -6.031116e-02 
 3.421423e+01 -6.064840e-02 
 3.421463e+01 -6.099913e-02 
 3.421503e+01 -6.138077e-02 
 3.421543e+01 -6.182725e-02 
 3.421582e+01 -6.235243e-02 
 3.421622e+01 -6.298919e-02 
 3.421662e+01 -6.366885e-02 
 3.421702e+01 -6.436489e-02 
 3.421741e+01 -6.502490e-02 
 3.421781e+01 -6.574876e-02 
 3.421821e+01 -6.645819e-02 
 3.421861e+01 -6.717505e-02 
 3.421900e+01 -6.786487e-02 
 3.421940e+01 -6.847079e-02 
 3.421980e+01 -6.902964e-02 
 3.422020e+01 -6.952290e-02 
 3.422060e+01 -7.000577e-02 
 3.422099e+01 -7.037551e-02 
 3.422139e+01 -7.067348e-02 
 3.422179e+01 -7.084844e-02 
 3.422219e+01 -7.094080e-02 
 3.422258e+01 -7.093853e-02 
 3.422298e+01 -7.086739e-02 
 3.422338e+01 -7.072755e-02 
 3.422378e+01 -7.047594e-02 
 3.422417e+01 -7.017903e-02 
 3.422457e+01 -6.980907e-02 
 3.422497e+01 -6.941069e-02 
 3.422537e+01 -6.899877e-02 
 3.422577e+01 -6.857414e-02 
 3.422616e+01 -6.807640e-02 
 3.422656e+01 -6.750059e-02 
 3.422696e+01 -6.686221e-02 
 3.422736e+01 -6.619089e-02 
 3.422775e+01 -6.536392e-02 
 3.422815e+01 -6.453943e-02 
 3.422855e+01 -6.366042e-02 
 3.422895e+01 -6.265787e-02 
 3.422934e+01 -6.157541e-02 
 3.422974e+01 -6.035971e-02 
 3.423014e+01 -5.907486e-02 
 3.423054e+01 -5.763635e-02 
 3.423094e+01 -5.612075e-02 
 3.423133e+01 -5.451196e-02 
 3.423173e+01 -5.274543e-02 
 3.423213e+01 -5.087145e-02 
 3.423253e+01 -4.893868e-02 
 3.423292e+01 -4.697789e-02 
 3.423332e+01 -4.493185e-02 
 3.423372e+01 -4.286967e-02 
 3.423412e+01 -4.074875e-02 
 3.423451e+01 -3.855942e-02 
 3.423491e+01 -3.636552e-02 
 3.423531e+01 -3.414499e-02 
 3.423571e+01 -3.187264e-02 
 3.423611e+01 -2.954298e-02 
 3.423650e+01 -2.714503e-02 
 3.423690e+01 -2.468844e-02 
 3.423730e+01 -2.215644e-02 
 3.423770e+01 -1.964210e-02 
 3.423809e+01 -1.704911e-02 
 3.423849e+01 -1.446053e-02 
 3.423889e+01 -1.181780e-02 
 3.423929e+01 -9.144324e-03 
 3.423968e+01 -6.433243e-03 
 3.424008e+01 -3.750867e-03 
 3.424048e+01 -1.124516e-03 
 3.424088e+01  1.492136e-03 
 3.424128e+01  4.099681e-03 
 3.424167e+01  6.696281e-03 
 3.424207e+01  9.218844e-03 
 3.424247e+01  1.169937e-02 
 3.424287e+01  1.410605e-02 
 3.424326e+01  1.642666e-02 
 3.424366e+01  1.874498e-02 
 3.424406e+01  2.093497e-02 
 3.424446e+01  2.307992e-02 
 3.424485e+01  2.504532e-02 
 3.424525e+01  2.692717e-02 
 3.424565e+01  2.868669e-02 
 3.424605e+01  3.038537e-02 
 3.424645e+01  3.202769e-02 
 3.424684e+01  3.361411e-02 
 3.424724e+01  3.505964e-02 
 3.424764e+01  3.638113e-02 
 3.424804e+01  3.762064e-02 
 3.424843e+01  3.879650e-02 
 3.424883e+01  3.991682e-02 
 3.424923e+01  4.094492e-02 
 3.424963e+01  4.186279e-02 
 3.425002e+01  4.270317e-02 
 3.425042e+01  4.359427e-02 
 3.425082e+01  4.451760e-02 
 3.425122e+01  4.551510e-02 
 3.425162e+01  4.645205e-02 
 3.425201e+01  4.738528e-02 
 3.425241e+01  4.826687e-02 
 3.425281e+01  4.926135e-02 
 3.425321e+01  5.030902e-02 
 3.425360e+01  5.139008e-02 
 3.425400e+01  5.247724e-02 
 3.425440e+01  5.358737e-02 
 3.425480e+01  5.476526e-02 
 3.425519e+01  5.607024e-02 
 3.425559e+01  5.754312e-02 
 3.425599e+01  5.906787e-02 
 3.425639e+01  6.061499e-02 
 3.425679e+01  6.223535e-02 
 3.425718e+01  6.392981e-02 
 3.425758e+01  6.569299e-02 
 3.425798e+01  6.759518e-02 
 3.425838e+01  6.953214e-02 
 3.425877e+01  7.151048e-02 
 3.425917e+01  7.351636e-02 
 3.425957e+01  7.556371e-02 
 3.425997e+01  7.773715e-02 
 3.426036e+01  7.987799e-02 
 3.426076e+01  8.198222e-02 
 3.426116e+01  8.399629e-02 
 3.426156e+01  8.596126e-02 
 3.426196e+01  8.788712e-02 
 3.426235e+01  8.975084e-02 
 3.426275e+01  9.154709e-02 
 3.426315e+01  9.329483e-02 
 3.426355e+01  9.489526e-02 
 3.426394e+01  9.643579e-02 
 3.426434e+01  9.791990e-02 
 3.426474e+01  9.927527e-02 
 3.426514e+01  1.005285e-01 
 3.426553e+01  1.016258e-01 
 3.426593e+01  1.026138e-01 
 3.426633e+01  1.034180e-01 
 3.426673e+01  1.040666e-01 
 3.426713e+01  1.045650e-01 
 3.426752e+01  1.048887e-01 
 3.426792e+01  1.050181e-01 
 3.426832e+01  1.050194e-01 
 3.426872e+01  1.048354e-01 
 3.426911e+01  1.045345e-01 
 3.426951e+01  1.040971e-01 
 3.426991e+01  1.035597e-01 
 3.427031e+01  1.029035e-01 
 3.427070e+01  1.021183e-01 
 3.427110e+01  1.012378e-01 
 3.427150e+01  1.002777e-01 
 3.427190e+01  9.923478e-02 
 3.427230e+01  9.809584e-02 
 3.427269e+01  9.690289e-02 
 3.427309e+01  9.558537e-02 
 3.427349e+01  9.424869e-02 
 3.427389e+01  9.279875e-02 
 3.427428e+01  9.134122e-02 
 3.427468e+01  8.978437e-02 
 3.427508e+01  8.823651e-02 
 3.427548e+01  8.665318e-02 
 3.427587e+01  8.503724e-02 
 3.427627e+01  8.339049e-02 
 3.427667e+01  8.169757e-02 
 3.427707e+01  7.999928e-02 
 3.427747e+01  7.828852e-02 
 3.427786e+01  7.660294e-02 
 3.427826e+01  7.488631e-02 
 3.427866e+01  7.317664e-02 
 3.427906e+01  7.154665e-02 
 3.427945e+01  6.993858e-02 
 3.427985e+01  6.839391e-02 
 3.428025e+01  6.687702e-02 
 3.428065e+01  6.538252e-02 
 3.428104e+01  6.388295e-02 
 3.428144e+01  6.244052e-02 
 3.428184e+01  6.101928e-02 
 3.428224e+01  5.963608e-02 
 3.428264e+01  5.829957e-02 
 3.428303e+01  5.698542e-02 
 3.428343e+01  5.571050e-02 
 3.428383e+01  5.447245e-02 
 3.428423e+01  5.330815e-02 
 3.428462e+01  5.220643e-02 
 3.428502e+01  5.118579e-02 
 3.428542e+01  5.020754e-02 
 3.428582e+01  4.925292e-02 
 3.428622e+01  4.833520e-02 
 3.428661e+01  4.753451e-02 
 3.428701e+01  4.677515e-02 
 3.428741e+01  4.606877e-02 
 3.428781e+01  4.532931e-02 
 3.428820e+01  4.459115e-02 
 3.428860e+01  4.384960e-02 
 3.428900e+01  4.312109e-02 
 3.428940e+01  4.243106e-02 
 3.428979e+01  4.165626e-02 
 3.429019e+01  4.080778e-02 
 3.429059e+01  3.989256e-02 
 3.429099e+01  3.897208e-02 
 3.429139e+01  3.797688e-02 
 3.429178e+01  3.695531e-02 
 3.429218e+01  3.580161e-02 
 3.429258e+01  3.449416e-02 
 3.429298e+01  3.301667e-02 
 3.429337e+01  3.140943e-02 
 3.429377e+01  2.974388e-02 
 3.429417e+01  2.793770e-02 
 3.429457e+01  2.599342e-02 
 3.429496e+01  2.388252e-02 
 3.429536e+01  2.161986e-02 
 3.429576e+01  1.924370e-02 
 3.429616e+01  1.683003e-02 
 3.429656e+01  1.429324e-02 
 3.429695e+01  1.161488e-02 
 3.429735e+01  8.765306e-03 
 3.429775e+01  5.896074e-03 
 3.429815e+01  3.009791e-03 
 3.429854e+01  1.723887e-04 
 3.429894e+01 -2.667080e-03 
 3.429934e+01 -5.558668e-03 
 3.429974e+01 -8.488565e-03 
 3.430013e+01 -1.140084e-02 
 3.430053e+01 -1.428632e-02 
 3.430093e+01 -1.707013e-02 
 3.430133e+01 -1.987666e-02 
 3.430173e+01 -2.267290e-02 
 3.430212e+01 -2.540863e-02 
 3.430252e+01 -2.806719e-02 
 3.430292e+01 -3.059690e-02 
 3.430332e+01 -3.302139e-02 
 3.430371e+01 -3.530122e-02 
 3.430411e+01 -3.749376e-02 
 3.430451e+01 -3.958563e-02 
 3.430491e+01 -4.148883e-02 
 3.430530e+01 -4.319355e-02 
 3.430570e+01 -4.474000e-02 
 3.430610e+01 -4.610263e-02 
 3.430650e+01 -4.732056e-02 
 3.430690e+01 -4.841029e-02 
 3.430729e+01 -4.925265e-02 
 3.430769e+01 -4.994963e-02 
 3.430809e+01 -5.047483e-02 
 3.430849e+01 -5.095476e-02 
 3.430888e+01 -5.133349e-02 
 3.430928e+01 -5.161428e-02 
 3.430968e+01 -5.182166e-02 
 3.431008e+01 -5.192799e-02 
 3.431047e+01 -5.197478e-02 
 3.431087e+01 -5.198161e-02 
 3.431127e+01 -5.191338e-02 
 3.431167e+01 -5.182781e-02 
 3.431207e+01 -5.170635e-02 
 3.431246e+01 -5.155442e-02 
 3.431286e+01 -5.142853e-02 
 3.431326e+01 -5.124115e-02 
 3.431366e+01 -5.110463e-02 
 3.431405e+01 -5.092252e-02 
 3.431445e+01 -5.069023e-02 
 3.431485e+01 -5.044912e-02 
 3.431525e+01 -5.015711e-02 
 3.431564e+01 -4.983627e-02 
 3.431604e+01 -4.951324e-02 
 3.431644e+01 -4.917269e-02 
 3.431684e+01 -4.882360e-02 
 3.431724e+01 -4.844077e-02 
 3.431763e+01 -4.803409e-02 
 3.431803e+01 -4.763869e-02 
 3.431843e+01 -4.720741e-02 
 3.431883e+01 -4.679562e-02 
 3.431922e+01 -4.633205e-02 
 3.431962e+01 -4.585295e-02 
 3.432002e+01 -4.535690e-02 
 3.432042e+01 -4.482568e-02 
 3.432081e+01 -4.431461e-02 
 3.432121e+01 -4.377025e-02 
 3.432161e+01 -4.333859e-02 
 3.432201e+01 -4.294922e-02 
 3.432241e+01 -4.256541e-02 
 3.432280e+01 -4.219467e-02 
 3.432320e+01 -4.183651e-02 
 3.432360e+01 -4.153572e-02 
 3.432400e+01 -4.127221e-02 
 3.432439e+01 -4.102724e-02 
 3.432479e+01 -4.074983e-02 
 3.432519e+01 -4.046630e-02 
 3.432559e+01 -4.018182e-02 
 3.432598e+01 -3.993394e-02 
 3.432638e+01 -3.974761e-02 
 3.432678e+01 -3.957845e-02 
 3.432718e+01 -3.934222e-02 
 3.432758e+01 -3.907474e-02 
 3.432797e+01 -3.884514e-02 
 3.432837e+01 -3.864927e-02 
 3.432877e+01 -3.848319e-02 
 3.432917e+01 -3.832989e-02 
 3.432956e+01 -3.812070e-02 
 3.432996e+01 -3.782881e-02 
 3.433036e+01 -3.749768e-02 
 3.433076e+01 -3.712663e-02 
 3.433115e+01 -3.670047e-02 
 3.433155e+01 -3.610465e-02 
 3.433195e+01 -3.541736e-02 
 3.433235e+01 -3.452114e-02 
 3.433275e+01 -3.349036e-02 
 3.433314e+01 -3.234770e-02 
 3.433354e+01 -3.107498e-02 
 3.433394e+01 -2.960501e-02 
 3.433434e+01 -2.791401e-02 
 3.433473e+01 -2.604333e-02 
 3.433513e+01 -2.406346e-02 
 3.433553e+01 -2.196884e-02 
 3.433593e+01 -1.975392e-02 
 3.433632e+01 -1.736745e-02 
 3.433672e+01 -1.481467e-02 
 3.433712e+01 -1.215943e-02 
 3.433752e+01 -9.399090e-03 
 3.433792e+01 -6.551272e-03 
 3.433831e+01 -3.647247e-03 
 3.433871e+01 -6.299790e-04 
 3.433911e+01  2.494812e-03 
 3.433951e+01  5.673627e-03 
 3.433990e+01  8.885179e-03 
 3.434030e+01  1.211862e-02 
 3.434070e+01  1.532414e-02 
 3.434110e+01  1.854651e-02 
 3.434149e+01  2.176447e-02 
 3.434189e+01  2.498049e-02 
 3.434229e+01  2.807922e-02 
 3.434269e+01  3.108105e-02 
 3.434309e+01  3.400815e-02 
 3.434348e+01  3.686824e-02 
 3.434388e+01  3.961158e-02 
 3.434428e+01  4.225910e-02 
 3.434468e+01  4.471995e-02 
 3.434507e+01  4.696670e-02 
 3.434547e+01  4.908114e-02 
 3.434587e+01  5.109411e-02 
 3.434627e+01  5.303926e-02 
 3.434666e+01  5.485774e-02 
 3.434706e+01  5.656565e-02 
 3.434746e+01  5.811715e-02 
 3.434786e+01  5.956493e-02 
 3.434826e+01  6.093406e-02 
 3.434865e+01  6.226286e-02 
 3.434905e+01  6.349229e-02 
 3.434945e+01  6.464356e-02 
 3.434985e+01  6.568863e-02 
 3.435024e+01  6.664600e-02 
 3.435064e+01  6.755942e-02 
 3.435104e+01  6.840929e-02 
 3.435144e+01  6.917720e-02 
 3.435183e+01  6.983288e-02 
 3.435223e+01  7.042512e-02 
 3.435263e+01  7.093765e-02 
 3.435303e+01  7.150878e-02 
 3.435343e+01  7.201555e-02 
 3.435382e+01  7.250598e-02 
 3.435422e+01  7.288220e-02 
 3.435462e+01  7.323415e-02 
 3.435502e+01  7.361722e-02 
 3.435541e+01  7.399698e-02 
 3.435581e+01  7.437637e-02 
 3.435621e+01  7.473264e-02 
 3.435661e+01  7.517753e-02 
 3.435700e+01  7.558282e-02 
 3.435740e+01  7.607374e-02 
 3.435780e+01  7.660764e-02 
 3.435820e+01  7.719389e-02 
 3.435860e+01  7.784166e-02 
 3.435899e+01  7.856077e-02 
 3.435939e+01  7.937665e-02 
 3.435979e+01  8.023014e-02 
 3.436019e+01  8.111978e-02 
 3.436058e+01  8.206228e-02 
 3.436098e+01  8.304013e-02 
 3.436138e+01  8.407784e-02 
 3.436178e+01  8.516599e-02 
 3.436217e+01  8.629309e-02 
 3.436257e+01  8.746779e-02 
 3.436297e+01  8.865482e-02 
 3.436337e+01  8.989221e-02 
 3.436377e+01  9.115891e-02 
 3.436416e+01  9.242447e-02 
 3.436456e+01  9.367876e-02 
 3.436496e+01  9.489590e-02 
 3.436536e+01  9.620208e-02 
 3.436575e+01  9.751106e-02 
 3.436615e+01  9.883682e-02 
 3.436655e+01  1.001461e-01 
 3.436695e+01  1.014500e-01 
 3.436734e+01  1.026492e-01 
 3.436774e+01  1.038448e-01 
 3.436814e+01  1.050330e-01 
 3.436854e+01  1.061095e-01 
 3.436894e+01  1.070365e-01 
 3.436933e+01  1.077649e-01 
 3.436973e+01  1.083142e-01 
 3.437013e+01  1.086868e-01 
 3.437053e+01  1.089602e-01 
 3.437092e+01  1.090349e-01 
 3.437132e+01  1.089080e-01 
 3.437172e+01  1.085695e-01 
 3.437212e+01  1.080679e-01 
 3.437251e+01  1.074150e-01 
 3.437291e+01  1.066029e-01 
 3.437331e+01  1.055812e-01 
 3.437371e+01  1.043285e-01 
 3.437411e+01  1.028653e-01 
 3.437450e+01  1.012779e-01 
 3.437490e+01  9.959437e-02 
 3.437530e+01  9.788773e-02 
 3.437570e+01  9.606219e-02 
 3.437609e+01  9.413145e-02 
 3.437649e+01  9.209930e-02 
 3.437689e+01  9.000909e-02 
 3.437729e+01  8.790270e-02 
 3.437769e+01  8.570636e-02 
 3.437808e+01  8.341607e-02 
 3.437848e+01  8.104476e-02 
 3.437888e+01  7.858878e-02 
 3.437928e+01  7.612729e-02 
 3.437967e+01  7.369925e-02 
 3.438007e+01  7.126197e-02 
 3.438047e+01  6.881768e-02 
 3.438087e+01  6.636637e-02 
 3.438126e+01  6.393782e-02 
 3.438166e+01  6.155738e-02 
 3.438206e+01  5.923826e-02 
 3.438246e+01  5.697276e-02 
 3.438286e+01  5.471970e-02 
 3.438325e+01  5.247546e-02 
 3.438365e+01  5.029344e-02 
 3.438405e+01  4.822821e-02 
 3.438445e+01  4.624641e-02 
 3.438484e+01  4.436948e-02 
 3.438524e+01  4.254687e-02 
 3.438564e+01  4.081346e-02 
 3.438604e+01  3.912433e-02 
 3.438643e+01  3.751751e-02 
 3.438683e+01  3.602471e-02 
 3.438723e+01  3.456631e-02 
 3.438763e+01  3.318910e-02 
 3.438803e+01  3.177566e-02 
 3.438842e+01  3.041015e-02 
 3.438882e+01  2.910490e-02 
 3.438922e+01  2.780840e-02 
 3.438962e+01  2.652651e-02 
 3.439001e+01  2.524974e-02 
 3.439041e+01  2.392525e-02 
 3.439081e+01  2.262677e-02 
 3.439121e+01  2.136152e-02 
 3.439160e+01  2.019851e-02 
 3.439200e+01  1.909172e-02 
 3.439240e+01  1.796110e-02 
 3.439280e+01  1.689867e-02 
 3.439320e+01  1.582621e-02 
 3.439359e+01  1.482205e-02 
 3.439399e+01  1.384613e-02 
 3.439439e+01  1.290795e-02 
 3.439479e+01  1.194131e-02 
 3.439518e+01  1.092447e-02 
 3.439558e+01  9.868887e-03 
 3.439598e+01  8.782706e-03 
 3.439638e+01  7.642055e-03 
 3.439677e+01  6.410913e-03 
 3.439717e+01  5.088187e-03 
 3.439757e+01  3.607413e-03 
 3.439797e+01  2.102857e-03 
 3.439837e+01  4.479548e-04 
 3.439876e+01 -1.238954e-03 
 3.439916e+01 -3.028860e-03 
 3.439956e+01 -4.919453e-03 
 3.439996e+01 -6.868004e-03 
 3.440035e+01 -8.871194e-03 
 3.440075e+01 -1.084326e-02 
 3.440115e+01 -1.284504e-02 
 3.440155e+01 -1.491714e-02 
 3.440194e+01 -1.702155e-02 
 3.440234e+01 -1.919257e-02 
 3.440274e+01 -2.143622e-02 
 3.440314e+01 -2.365742e-02 
 3.440354e+01 -2.593845e-02 
 3.440393e+01 -2.822044e-02 
 3.440433e+01 -3.053470e-02 
 3.440473e+01 -3.285495e-02 
 3.440513e+01 -3.518350e-02 
 3.440552e+01 -3.757426e-02 
 3.440592e+01 -3.992397e-02 
 3.440632e+01 -4.222403e-02 
 3.440672e+01 -4.457068e-02 
 3.440711e+01 -4.679600e-02 
 3.440751e+01 -4.898464e-02 
 3.440791e+01 -5.105536e-02 
 3.440831e+01 -5.303136e-02 
 3.440871e+01 -5.489716e-02 
 3.440910e+01 -5.658000e-02 
 3.440950e+01 -5.821570e-02 
 3.440990e+01 -5.968971e-02 
 3.441030e+01 -6.098717e-02 
 3.441069e+01 -6.212848e-02 
 3.441109e+01 -6.307200e-02 
 3.441149e+01 -6.384340e-02 
 3.441189e+01 -6.448906e-02 
 3.441228e+01 -6.500670e-02 
 3.441268e+01 -6.540037e-02 
 3.441308e+01 -6.562350e-02 
 3.441348e+01 -6.566811e-02 
 3.441388e+01 -6.559566e-02 
 3.441427e+01 -6.538086e-02 
 3.441467e+01 -6.507905e-02 
 3.441507e+01 -6.461692e-02 
 3.441547e+01 -6.402161e-02 
 3.441586e+01 -6.326943e-02 
 3.441626e+01 -6.238442e-02 
 3.441666e+01 -6.138120e-02 
 3.441706e+01 -6.032933e-02 
 3.441745e+01 -5.921504e-02 
 3.441785e+01 -5.802000e-02 
 3.441825e+01 -5.672916e-02 
 3.441865e+01 -5.538350e-02 
 3.441905e+01 -5.399362e-02 
 3.441944e+01 -5.253520e-02 
 3.441984e+01 -5.108718e-02 
 3.442024e+01 -4.953798e-02 
 3.442064e+01 -4.793880e-02 
 3.442103e+01 -4.633000e-02 
 3.442143e+01 -4.477377e-02 
 3.442183e+01 -4.332466e-02 
 3.442223e+01 -4.188696e-02 
 3.442262e+01 -4.046331e-02 
 3.442302e+01 -3.901799e-02 
 3.442342e+01 -3.761545e-02 
 3.442382e+01 -3.632519e-02 
 3.442422e+01 -3.510925e-02 
 3.442461e+01 -3.394018e-02 
 3.442501e+01 -3.282620e-02 
 3.442541e+01 -3.174667e-02 
 3.442581e+01 -3.071369e-02 
 3.442620e+01 -2.978590e-02 
 3.442660e+01 -2.887619e-02 
 3.442700e+01 -2.799889e-02 
 3.442740e+01 -2.706750e-02 
 3.442779e+01 -2.613772e-02 
 3.442819e+01 -2.528841e-02 
 3.442859e+01 -2.446761e-02 
 3.442899e+01 -2.373144e-02 
 3.442939e+01 -2.300317e-02 
 3.442978e+01 -2.221209e-02 
 3.443018e+01 -2.147718e-02 
 3.443058e+01 -2.075290e-02 
 3.443098e+01 -2.010400e-02 
 3.443137e+01 -1.945051e-02 
 3.443177e+01 -1.870805e-02 
 3.443217e+01 -1.796871e-02 
 3.443257e+01 -1.713882e-02 
 3.443296e+01 -1.637022e-02 
 3.443336e+01 -1.561936e-02 
 3.443376e+01 -1.479217e-02 
 3.443416e+01 -1.389800e-02 
 3.443456e+01 -1.290473e-02 
 3.443495e+01 -1.185708e-02 
 3.443535e+01 -1.071029e-02 
 3.443575e+01 -9.454017e-03 
 3.443615e+01 -8.119548e-03 
 3.443654e+01 -6.633187e-03 
 3.443694e+01 -5.033791e-03 
 3.443734e+01 -3.358853e-03 
 3.443774e+01 -1.623447e-03 
 3.443813e+01  1.790437e-04 
 3.443853e+01  2.082944e-03 
 3.443893e+01  4.083795e-03 
 3.443933e+01  6.203589e-03 
 3.443973e+01  8.478880e-03 
 3.444012e+01  1.081650e-02 
 3.444052e+01  1.320533e-02 
 3.444092e+01  1.571015e-02 
 3.444132e+01  1.828976e-02 
 3.444171e+01  2.096994e-02 
 3.444211e+01  2.370871e-02 
 3.444251e+01  2.649511e-02 
 3.444291e+01  2.937356e-02 
 3.444330e+01  3.227189e-02 
 3.444370e+01  3.524641e-02 
 3.444410e+01  3.829332e-02 
 3.444450e+01  4.134698e-02 
 3.444490e+01  4.439089e-02 
 3.444529e+01  4.742212e-02 
 3.444569e+01  5.035567e-02 
 3.444609e+01  5.329691e-02 
 3.444649e+01  5.616881e-02 
 3.444688e+01  5.900228e-02 
 3.444728e+01  6.172730e-02 
 3.444768e+01  6.434765e-02 
 3.444808e+01  6.692131e-02 
 3.444847e+01  6.940004e-02 
 3.444887e+01  7.182096e-02 
 3.444927e+01  7.417457e-02 
 3.444967e+01  7.640388e-02 
 3.445007e+01  7.850121e-02 
 3.445046e+01  8.048774e-02 
 3.445086e+01  8.238354e-02 
 3.445126e+01  8.421110e-02 
 3.445166e+01  8.587163e-02 
 3.445205e+01  8.745686e-02 
 3.445245e+01  8.889339e-02 
 3.445285e+01  9.022114e-02 
 3.445325e+01  9.144910e-02 
 3.445364e+01  9.250133e-02 
 3.445404e+01  9.345929e-02 
 3.445444e+01  9.429344e-02 
 3.445484e+01  9.505929e-02 
 3.445524e+01  9.572076e-02 
 3.445563e+01  9.630369e-02 
 3.445603e+01  9.682091e-02 
 3.445643e+01  9.723334e-02 
 3.445683e+01  9.755351e-02 
 3.445722e+01  9.781863e-02 
 3.445762e+01  9.797127e-02 
 3.445802e+01  9.801477e-02 
 3.445842e+01  9.806480e-02 
 3.445881e+01  9.808155e-02 
 3.445921e+01  9.814238e-02 
 3.445961e+01  9.819523e-02 
 3.446001e+01  9.826409e-02 
 3.446041e+01  9.836352e-02 
 3.446080e+01  9.846891e-02 
 3.446120e+01  9.862219e-02 
 3.446160e+01  9.881945e-02 
 3.446200e+01  9.902927e-02 
 3.446239e+01  9.925877e-02 
 3.446279e+01  9.947169e-02 
 3.446319e+01  9.972320e-02 
 3.446359e+01  1.000162e-01 
 3.446398e+01  1.003182e-01 
 3.446438e+01  1.006599e-01 
 3.446478e+01  1.009425e-01 
 3.446518e+01  1.012327e-01 
 3.446558e+01  1.015138e-01 
 3.446597e+01  1.018074e-01 
 3.446637e+01  1.021962e-01 
 3.446677e+01  1.025130e-01 
 3.446717e+01  1.027820e-01 
 3.446756e+01  1.030850e-01 
 3.446796e+01  1.034329e-01 
 3.446836e+01  1.038942e-01 
 3.446876e+01  1.043233e-01 
 3.446915e+01  1.047509e-01 
 3.446955e+01  1.051320e-01 
 3.446995e+01  1.055176e-01 
 3.447035e+01  1.059793e-01 
 3.447075e+01  1.064700e-01 
 3.447114e+01  1.068940e-01 
 3.447154e+01  1.072675e-01 
 3.447194e+01  1.075270e-01 
 3.447234e+01  1.077288e-01 
 3.447273e+01  1.078933e-01 
 3.447313e+01  1.079759e-01 
 3.447353e+01  1.079233e-01 
 3.447393e+01  1.076970e-01 
 3.447433e+01  1.073637e-01 
 3.447472e+01  1.069283e-01 
 3.447512e+01  1.064033e-01 
 3.447552e+01  1.058415e-01 
 3.447592e+01  1.050694e-01 
 3.447631e+01  1.041097e-01 
 3.447671e+01  1.029964e-01 
 3.447711e+01  1.017639e-01 
 3.447751e+01  1.004869e-01 
 3.447790e+01  9.907660e-02 
 3.447830e+01  9.751622e-02 
 3.447870e+01  9.580969e-02 
 3.447910e+01  9.397488e-02 
 3.447950e+01  9.207607e-02 
 3.447989e+01  9.007437e-02 
 3.448029e+01  8.791544e-02 
 3.448069e+01  8.564535e-02 
 3.448109e+01  8.321102e-02 
 3.448148e+01  8.066866e-02 
 3.448188e+01  7.806214e-02 
 3.448228e+01  7.539832e-02 
 3.448268e+01  7.263864e-02 
 3.448307e+01  6.979261e-02 
 3.448347e+01  6.692787e-02 
 3.448387e+01  6.399035e-02 
 3.448427e+01  6.100506e-02 
 3.448467e+01  5.802792e-02 
 3.448506e+01  5.504967e-02 
 3.448546e+01  5.201087e-02 
 3.448586e+01  4.898012e-02 
 3.448626e+01  4.594808e-02 
 3.448665e+01  4.304790e-02 
 3.448705e+01  4.024355e-02 
 3.448745e+01  3.755586e-02 
 3.448785e+01  3.495313e-02 
 3.448824e+01  3.239887e-02 
 3.448864e+01  3.000484e-02 
 3.448904e+01  2.767650e-02 
 3.448944e+01  2.546209e-02 
 3.448984e+01  2.331491e-02 
 3.449023e+01  2.123803e-02 
 3.449063e+01  1.919660e-02 
 3.449103e+01  1.729610e-02 
 3.449143e+01  1.544429e-02 
 3.449182e+01  1.373023e-02 
 3.449222e+01  1.201665e-02 
 3.449262e+01  1.043390e-02 
 3.449302e+01  8.875565e-03 
 3.449341e+01  7.303123e-03 
 3.449381e+01  5.842266e-03 
 3.449421e+01  4.417324e-03 
 3.449461e+01  3.053144e-03 
 3.449501e+01  1.707124e-03 
 3.449540e+01  4.317933e-04 
 3.449580e+01 -8.100510e-04 
 3.449620e+01 -1.976586e-03 
 3.449660e+01 -3.087989e-03 
 3.449699e+01 -4.150804e-03 
 3.449739e+01 -5.245294e-03 
 3.449779e+01 -6.320594e-03 
 3.449819e+01 -7.407041e-03 
 3.449858e+01 -8.562051e-03 
 3.449898e+01 -9.725028e-03 
 3.449938e+01 -1.096832e-02 
 3.449978e+01 -1.226196e-02 
 3.450018e+01 -1.361019e-02 
 3.450057e+01 -1.503104e-02 
 3.450097e+01 -1.652402e-02 
 3.450137e+01 -1.813352e-02 
 3.450177e+01 -1.978326e-02 
 3.450216e+01 -2.147338e-02 
 3.450256e+01 -2.321235e-02 
 3.450296e+01 -2.505697e-02 
 3.450336e+01 -2.694466e-02 
 3.450375e+01 -2.883683e-02 
 3.450415e+01 -3.073044e-02 
 3.450455e+01 -3.261683e-02 
 3.450495e+01 -3.453041e-02 
 3.450535e+01 -3.649063e-02 
 3.450574e+01 -3.845830e-02 
 3.450614e+01 -4.038852e-02 
 3.450654e+01 -4.228811e-02 
 3.450694e+01 -4.416039e-02 
 3.450733e+01 -4.603252e-02 
 3.450773e+01 -4.794899e-02 
 3.450813e+01 -4.984736e-02 
 3.450853e+01 -5.174552e-02 
 3.450892e+01 -5.361110e-02 
 3.450932e+01 -5.547106e-02 
 3.450972e+01 -5.735079e-02 
 3.451012e+01 -5.921034e-02 
 3.451052e+01 -6.104910e-02 
 3.451091e+01 -6.280257e-02 
 3.451131e+01 -6.443059e-02 
 3.451171e+01 -6.596968e-02 
 3.451211e+01 -6.745942e-02 
 3.451250e+01 -6.887386e-02 
 3.451290e+01 -7.022527e-02 
 3.451330e+01 -7.137997e-02 
 3.451370e+01 -7.239619e-02 
 3.451409e+01 -7.324953e-02 
 3.451449e+01 -7.400204e-02 
 3.451489e+01 -7.461436e-02 
 3.451529e+01 -7.509764e-02 
 3.451569e+01 -7.534910e-02 
 3.451608e+01 -7.536150e-02 
 3.451648e+01 -7.522636e-02 
 3.451688e+01 -7.498928e-02 
 3.451728e+01 -7.463104e-02 
 3.451767e+01 -7.410576e-02 
 3.451807e+01 -7.346357e-02 
 3.451847e+01 -7.264508e-02 
 3.451887e+01 -7.171314e-02 
 3.451926e+01 -7.075175e-02 
 3.451966e+01 -6.970980e-02 
 3.452006e+01 -6.861335e-02 
 3.452046e+01 -6.733795e-02 
 3.452086e+01 -6.599990e-02 
 3.452125e+01 -6.455767e-02 
 3.452165e+01 -6.308575e-02 
 3.452205e+01 -6.164142e-02 
 3.452245e+01 -6.010324e-02 
 3.452284e+01 -5.844224e-02 
 3.452324e+01 -5.670798e-02 
 3.452364e+01 -5.496328e-02 
 3.452404e+01 -5.324742e-02 
 3.452443e+01 -5.154384e-02 
 3.452483e+01 -4.981414e-02 
 3.452523e+01 -4.807686e-02 
 3.452563e+01 -4.630159e-02 
 3.452603e+01 -4.465931e-02 
 3.452642e+01 -4.304470e-02 
 3.452682e+01 -4.148676e-02 
 3.452722e+01 -3.992101e-02 
 3.452762e+01 -3.840515e-02 
 3.452801e+01 -3.695398e-02 
 3.452841e+01 -3.558035e-02 
 3.452881e+01 -3.429721e-02 
 3.452921e+01 -3.306080e-02 
 3.452960e+01 -3.184432e-02 
 3.453000e+01 -3.066176e-02 
 3.453040e+01 -2.952741e-02 
 3.453080e+01 -2.842273e-02 
 3.453120e+01 -2.743681e-02 
 3.453159e+01 -2.642308e-02 
 3.453199e+01 -2.545160e-02 
 3.453239e+01 -2.446089e-02 
 3.453279e+01 -2.347369e-02 
 3.453318e+01 -2.252950e-02 
 3.453358e+01 -2.155413e-02 
 3.453398e+01 -2.062083e-02 
 3.453438e+01 -1.961214e-02 
 3.453477e+01 -1.856656e-02 
 3.453517e+01 -1.750294e-02 
 3.453557e+01 -1.641615e-02 
 3.453597e+01 -1.522605e-02 
 3.453637e+01 -1.395360e-02 
 3.453676e+01 -1.262286e-02 
 3.453716e+01 -1.121224e-02 
 3.453756e+01 -9.783623e-03 
 3.453796e+01 -8.258441e-03 
 3.453835e+01 -6.667859e-03 
 3.453875e+01 -5.024000e-03 
 3.453915e+01 -3.325892e-03 
 3.453955e+01 -1.521638e-03 
 3.453994e+01  3.669014e-04 
 3.454034e+01  2.354169e-03 
 3.454074e+01  4.384246e-03 
 3.454114e+01  6.485626e-03 
 3.454154e+01  8.592415e-03 
 3.454193e+01  1.083808e-02 
 3.454233e+01  1.316942e-02 
 3.454273e+01  1.564484e-02 
 3.454313e+01  1.817230e-02 
 3.454352e+01  2.077808e-02 
 3.454392e+01  2.348276e-02 
 3.454432e+01  2.626123e-02 
 3.454472e+01  2.913658e-02 
 3.454511e+01  3.208884e-02 
 3.454551e+01  3.509298e-02 
 3.454591e+01  3.810820e-02 
 3.454631e+01  4.112473e-02 
 3.454671e+01  4.416961e-02 
 3.454710e+01  4.724112e-02 
 3.454750e+01  5.024290e-02 
 3.454790e+01  5.325562e-02 
 3.454830e+01  5.619188e-02 
 3.454869e+01  5.902154e-02 
 3.454909e+01  6.187747e-02 
 3.454949e+01  6.466692e-02 
 3.454989e+01  6.739236e-02 
 3.455028e+01  7.002512e-02 
 3.455068e+01  7.254347e-02 
 3.455108e+01  7.501021e-02 
 3.455148e+01  7.740210e-02 
 3.455188e+01  7.977060e-02 
 3.455227e+01  8.202487e-02 
 3.455267e+01  8.414340e-02 
 3.455307e+01  8.611517e-02 
 3.455347e+01  8.793076e-02 
 3.455386e+01  8.963301e-02 
 3.455426e+01  9.120932e-02 
 3.455466e+01  9.262960e-02 
 3.455506e+01  9.392623e-02 
 3.455545e+01  9.509075e-02 
 3.455585e+01  9.613437e-02 
 3.455625e+01  9.704331e-02 
 3.455665e+01  9.786540e-02 
 3.455705e+01  9.854476e-02 
 3.455744e+01  9.904004e-02 
 3.455784e+01  9.940039e-02 
 3.455824e+01  9.965283e-02 
 3.455864e+01  9.981854e-02 
 3.455903e+01  9.988778e-02 
 3.455943e+01  9.992517e-02 
 3.455983e+01  9.987711e-02 
 3.456023e+01  9.974278e-02 
 3.456062e+01  9.960774e-02 
 3.456102e+01  9.948739e-02 
 3.456142e+01  9.939696e-02 
 3.456182e+01  9.933037e-02 
 3.456222e+01  9.926574e-02 
 3.456261e+01  9.919138e-02 
 3.456301e+01  9.910657e-02 
 3.456341e+01  9.913006e-02 
 3.456381e+01  9.917442e-02 
 3.456420e+01  9.927195e-02 
 3.456460e+01  9.940681e-02 
 3.456500e+01  9.954386e-02 
 3.456540e+01  9.973153e-02 
 3.456580e+01  9.994766e-02 
 3.456619e+01  1.002396e-01 
 3.456659e+01  1.005421e-01 
 3.456699e+01  1.007964e-01 
 3.456739e+01  1.010156e-01 
 3.456778e+01  1.012275e-01 
 3.456818e+01  1.014814e-01 
 3.456858e+01  1.016956e-01 
 3.456898e+01  1.019002e-01 
 3.456937e+01  1.020128e-01 
 3.456977e+01  1.020844e-01 
 3.457017e+01  1.021547e-01 
 3.457057e+01  1.022884e-01 
 3.457097e+01  1.024295e-01 
 3.457136e+01  1.025724e-01 
 3.457176e+01  1.027056e-01 
 3.457216e+01  1.028321e-01 
 3.457256e+01  1.029743e-01 
 3.457295e+01  1.031195e-01 
 3.457335e+01  1.032485e-01 
 3.457375e+01  1.032574e-01 
 3.457415e+01  1.032001e-01 
 3.457454e+01  1.031070e-01 
 3.457494e+01  1.029698e-01 
 3.457534e+01  1.027311e-01 
 3.457574e+01  1.024606e-01 
 3.457614e+01  1.020631e-01 
 3.457653e+01  1.015280e-01 
 3.457693e+01  1.008934e-01 
 3.457733e+01  1.001620e-01 
 3.457773e+01  9.929106e-02 
 3.457812e+01  9.827792e-02 
 3.457852e+01  9.710471e-02 
 3.457892e+01  9.582577e-02 
 3.457932e+01  9.435420e-02 
 3.457971e+01  9.278804e-02 
 3.458011e+01  9.119518e-02 
 3.458051e+01  8.947853e-02 
 3.458091e+01  8.768867e-02 
 3.458131e+01  8.579713e-02 
 3.458170e+01  8.382675e-02 
 3.458210e+01  8.174367e-02 
 3.458250e+01  7.954064e-02 
 3.458290e+01  7.723892e-02 
 3.458329e+01  7.484535e-02 
 3.458369e+01  7.230938e-02 
 3.458409e+01  6.970660e-02 
 3.458449e+01  6.705394e-02 
 3.458488e+01  6.429875e-02 
 3.458528e+01  6.151868e-02 
 3.458568e+01  5.867611e-02 
 3.458608e+01  5.572518e-02 
 3.458648e+01  5.268837e-02 
 3.458687e+01  4.963783e-02 
 3.458727e+01  4.654790e-02 
 3.458767e+01  4.345655e-02 
 3.458807e+01  4.037561e-02 
 3.458846e+01  3.728366e-02 
 3.458886e+01  3.419319e-02 
 3.458926e+01  3.114945e-02 
 3.458966e+01  2.823189e-02 
 3.459005e+01  2.543794e-02 
 3.459045e+01  2.280117e-02 
 3.459085e+01  2.027816e-02 
 3.459125e+01  1.791879e-02 
 3.459165e+01  1.564494e-02 
 3.459204e+01  1.352664e-02 
 3.459244e+01  1.152702e-02 
 3.459284e+01  9.575978e-03 
 3.459324e+01  7.692081e-03 
 3.459363e+01  5.895784e-03 
 3.459403e+01  4.126437e-03 
 3.459443e+01  2.452983e-03 
 3.459483e+01  8.253476e-04 
 3.459522e+01 -7.289534e-04 
 3.459562e+01 -2.263734e-03 
 3.459602e+01 -3.800430e-03 
 3.459642e+01 -5.244724e-03 
 3.459682e+01 -6.690789e-03 
 3.459721e+01 -8.051291e-03 
 3.459761e+01 -9.425135e-03 
 3.459801e+01 -1.074993e-02 
 3.459841e+01 -1.213583e-02 
 3.459880e+01 -1.345493e-02 
 3.459920e+01 -1.470266e-02 
 3.459960e+01 -1.585215e-02 
 3.460000e+01 -1.696051e-02 
 3.460039e+01 -1.801059e-02 
 3.460079e+01 -1.905114e-02 
 3.460119e+01 -2.010729e-02 
 3.460159e+01 -2.117808e-02 
 3.460199e+01 -2.222252e-02 
 3.460238e+01 -2.333157e-02 
 3.460278e+01 -2.452137e-02 
 3.460318e+01 -2.577388e-02 
 3.460358e+01 -2.707746e-02 
 3.460397e+01 -2.837290e-02 
 3.460437e+01 -2.970444e-02 
 3.460477e+01 -3.114039e-02 
 3.460517e+01 -3.263304e-02 
 3.460556e+01 -3.419166e-02 
 3.460596e+01 -3.580272e-02 
 3.460636e+01 -3.737912e-02 
 3.460676e+01 -3.900993e-02 
 3.460716e+01 -4.065742e-02 
 3.460755e+01 -4.237271e-02 
 3.460795e+01 -4.414646e-02 
 3.460835e+01 -4.592342e-02 
 3.460875e+01 -4.768186e-02 
 3.460914e+01 -4.941085e-02 
 3.460954e+01 -5.113081e-02 
 3.460994e+01 -5.285112e-02 
 3.461034e+01 -5.455049e-02 
 3.461073e+01 -5.624422e-02 
 3.461113e+01 -5.788095e-02 
 3.461153e+01 -5.946053e-02 
 3.461193e+01 -6.099811e-02 
 3.461233e+01 -6.251130e-02 
 3.461272e+01 -6.397348e-02 
 3.461312e+01 -6.542190e-02 
 3.461352e+01 -6.681400e-02 
 3.461392e+01 -6.819302e-02 
 3.461431e+01 -6.954688e-02 
 3.461471e+01 -7.088172e-02 
 3.461511e+01 -7.220204e-02 
 3.461551e+01 -7.342624e-02 
 3.461590e+01 -7.452259e-02 
 3.461630e+01 -7.546914e-02 
 3.461670e+01 -7.625060e-02 
 3.461710e+01 -7.690133e-02 
 3.461750e+01 -7.742206e-02 
 3.461789e+01 -7.771813e-02 
 3.461829e+01 -7.787654e-02 
 3.461869e+01 -7.780678e-02 
 3.461909e+01 -7.757240e-02 
 3.461948e+01 -7.715929e-02 
 3.461988e+01 -7.661720e-02 
 3.462028e+01 -7.590985e-02 
 3.462068e+01 -7.499595e-02 
 3.462107e+01 -7.392114e-02 
 3.462147e+01 -7.271257e-02 
 3.462187e+01 -7.147907e-02 
 3.462227e+01 -7.014904e-02 
 3.462267e+01 -6.869827e-02 
 3.462306e+01 -6.713627e-02 
 3.462346e+01 -6.549427e-02 
 3.462386e+01 -6.379238e-02 
 3.462426e+01 -6.205586e-02 
 3.462465e+01 -6.028112e-02 
 3.462505e+01 -5.839934e-02 
 3.462545e+01 -5.646064e-02 
 3.462585e+01 -5.441864e-02 
 3.462624e+01 -5.238843e-02 
 3.462664e+01 -5.034081e-02 
 3.462704e+01 -4.835125e-02 
 3.462744e+01 -4.626636e-02 
 3.462784e+01 -4.412648e-02 
 3.462823e+01 -4.197532e-02 
 3.462863e+01 -3.983008e-02 
 3.462903e+01 -3.773668e-02 
 3.462943e+01 -3.569178e-02 
 3.462982e+01 -3.366509e-02 
 3.463022e+01 -3.162214e-02 
 3.463062e+01 -2.964132e-02 
 3.463102e+01 -2.769645e-02 
 3.463141e+01 -2.584960e-02 
 3.463181e+01 -2.405369e-02 
 3.463221e+01 -2.233911e-02 
 3.463261e+01 -2.063769e-02 
 3.463301e+01 -1.904766e-02 
 3.463340e+01 -1.752617e-02 
 3.463380e+01 -1.613304e-02 
 3.463420e+01 -1.482423e-02 
 3.463460e+01 -1.353312e-02 
 3.463499e+01 -1.235354e-02 
 3.463539e+01 -1.111335e-02 
 3.463579e+01 -9.898701e-03 
 3.463619e+01 -8.662437e-03 
 3.463658e+01 -7.500057e-03 
 3.463698e+01 -6.324135e-03 
 3.463738e+01 -5.155799e-03 
 3.463778e+01 -3.977727e-03 
 3.463818e+01 -2.731151e-03 
 3.463857e+01 -1.500496e-03 
 3.463897e+01 -2.187290e-04 
 3.463937e+01  1.047001e-03 
 3.463977e+01  2.406728e-03 
 3.464016e+01  3.864307e-03 
 3.464056e+01  5.337565e-03 
 3.464096e+01  6.856304e-03 
 3.464136e+01  8.396455e-03 
 3.464175e+01  9.887757e-03 
 3.464215e+01  1.143523e-02 
 3.464255e+01  1.299570e-02 
 3.464295e+01  1.459816e-02 
 3.464335e+01  1.625159e-02 
 3.464374e+01  1.789994e-02 
 3.464414e+01  1.965115e-02 
 3.464454e+01  2.148099e-02 
 3.464494e+01  2.346287e-02 
 3.464533e+01  2.553451e-02 
 3.464573e+01  2.766207e-02 
 3.464613e+01  2.983771e-02 
 3.464653e+01  3.211637e-02 
 3.464692e+01  3.447721e-02 
 3.464732e+01  3.693361e-02 
 3.464772e+01  3.951148e-02 
 3.464812e+01  4.211186e-02 
 3.464852e+01  4.481687e-02 
 3.464891e+01  4.755148e-02 
 3.464931e+01  5.037019e-02 
 3.464971e+01  5.325855e-02 
 3.465011e+01  5.611954e-02 
 3.465050e+01  5.894602e-02 
 3.465090e+01  6.175777e-02 
 3.465130e+01  6.457241e-02 
 3.465170e+01  6.740959e-02 
 3.465209e+01  7.018240e-02 
 3.465249e+01  7.295178e-02 
 3.465289e+01  7.566709e-02 
 3.465329e+01  7.830881e-02 
 3.465369e+01  8.094586e-02 
 3.465408e+01  8.352914e-02 
 3.465448e+01  8.605805e-02 
 3.465488e+01  8.852667e-02 
 3.465528e+01  9.088272e-02 
 3.465567e+01  9.315741e-02 
 3.465607e+01  9.528085e-02 
 3.465647e+01  9.729849e-02 
 3.465687e+01  9.924143e-02 
 3.465727e+01  1.010111e-01 
 3.465766e+01  1.026369e-01 
 3.465806e+01  1.040399e-01 
 3.465846e+01  1.052824e-01 
 3.465886e+01  1.063868e-01 
 3.465925e+01  1.073261e-01 
 3.465965e+01  1.081605e-01 
 3.466005e+01  1.087748e-01 
 3.466045e+01  1.092077e-01 
 3.466084e+01  1.094818e-01 
 3.466124e+01  1.095904e-01 
 3.466164e+01  1.095642e-01 
 3.466204e+01  1.093747e-01 
 3.466244e+01  1.090085e-01 
 3.466283e+01  1.084502e-01 
 3.466323e+01  1.078373e-01 
 3.466363e+01  1.072194e-01 
 3.466403e+01  1.065519e-01 
 3.466442e+01  1.058432e-01 
 3.466482e+01  1.051005e-01 
 3.466522e+01  1.042541e-01 
 3.466562e+01  1.034452e-01 
 3.466601e+01  1.026073e-01 
 3.466641e+01  1.018974e-01 
 3.466681e+01  1.011231e-01 
 3.466721e+01  1.003513e-01 
 3.466761e+01  9.960890e-02 
 3.466800e+01  9.897362e-02 
 3.466840e+01  9.839382e-02 
 3.466880e+01  9.789094e-02 
 3.466920e+01  9.737426e-02 
 3.466959e+01  9.678412e-02 
 3.466999e+01  9.619636e-02 
 3.467039e+01  9.559737e-02 
 3.467079e+01  9.506001e-02 
 3.467118e+01  9.453149e-02 
 3.467158e+01  9.403454e-02 
 3.467198e+01  9.358095e-02 
 3.467238e+01  9.317418e-02 
 3.467278e+01  9.285189e-02 
 3.467317e+01  9.264510e-02 
 3.467357e+01  9.247352e-02 
 3.467397e+01  9.240443e-02 
 3.467437e+01  9.231248e-02 
 3.467476e+01  9.225256e-02 
 3.467516e+01  9.220261e-02 
 3.467556e+01  9.216410e-02 
 3.467596e+01  9.217755e-02 
 3.467635e+01  9.210798e-02 
 3.467675e+01  9.200764e-02 
 3.467715e+01  9.181249e-02 
 3.467755e+01  9.156451e-02 
 3.467795e+01  9.125362e-02 
 3.467834e+01  9.086752e-02 
 3.467874e+01  9.042762e-02 
 3.467914e+01  8.990615e-02 
 3.467954e+01  8.930504e-02 
 3.467993e+01  8.860329e-02 
 3.468033e+01  8.782460e-02 
 3.468073e+01  8.698200e-02 
 3.468113e+01  8.600640e-02 
 3.468152e+01  8.488246e-02 
 3.468192e+01  8.365321e-02 
 3.468232e+01  8.227332e-02 
 3.468272e+01  8.074543e-02 
 3.468312e+01  7.913849e-02 
 3.468351e+01  7.745391e-02 
 3.468391e+01  7.567243e-02 
 3.468431e+01  7.375017e-02 
 3.468471e+01  7.174237e-02 
 3.468510e+01  6.967850e-02 
 3.468550e+01  6.752443e-02 
 3.468590e+01  6.529090e-02 
 3.468630e+01  6.298520e-02 
 3.468669e+01  6.057310e-02 
 3.468709e+01  5.812676e-02 
 3.468749e+01  5.555974e-02 
 3.468789e+01  5.289557e-02 
 3.468829e+01  5.013498e-02 
 3.468868e+01  4.724898e-02 
 3.468908e+01  4.425407e-02 
 3.468948e+01  4.113473e-02 
 3.468988e+01  3.794051e-02 
 3.469027e+01  3.467780e-02 
 3.469067e+01  3.135476e-02 
 3.469107e+01  2.799651e-02 
 3.469147e+01  2.462178e-02 
 3.469186e+01  2.125109e-02 
 3.469226e+01  1.788963e-02 
 3.469266e+01  1.458751e-02 
 3.469306e+01  1.137702e-02 
 3.469346e+01  8.183947e-03 
 3.469385e+01  4.982668e-03 
 3.469425e+01  1.906297e-03 
 3.469465e+01 -1.080489e-03 
 3.469505e+01 -3.942831e-03 
 3.469544e+01 -6.633017e-03 
 3.469584e+01 -9.227838e-03 
 3.469624e+01 -1.174467e-02 
 3.469664e+01 -1.413774e-02 
 3.469703e+01 -1.640339e-02 
 3.469743e+01 -1.848090e-02 
 3.469783e+01 -2.049650e-02 
 3.469823e+01 -2.238870e-02 
 3.469863e+01 -2.419510e-02 
 3.469902e+01 -2.593204e-02 
 3.469942e+01 -2.743545e-02 
 3.469982e+01 -2.879677e-02 
 3.470022e+01 -2.997219e-02 
 3.470061e+01 -3.109230e-02 
 3.470101e+01 -3.209406e-02 
 3.470141e+01 -3.300941e-02 
 3.470181e+01 -3.379320e-02 
 3.470220e+01 -3.446209e-02 
 3.470260e+01 -3.503266e-02 
 3.470300e+01 -3.562656e-02 
 3.470340e+01 -3.622082e-02 
 3.470380e+01 -3.675824e-02 
 3.470419e+01 -3.720947e-02 
 3.470459e+01 -3.764600e-02 
 3.470499e+01 -3.804834e-02 
 3.470539e+01 -3.848040e-02 
 3.470578e+01 -3.898661e-02 
 3.470618e+01 -3.947902e-02 
 3.470658e+01 -3.993681e-02 
 3.470698e+01 -4.036844e-02 
 3.470737e+01 -4.086916e-02 
 3.470777e+01 -4.145254e-02 
 3.470817e+01 -4.211757e-02 
 3.470857e+01 -4.287432e-02 
 3.470897e+01 -4.370545e-02 
 3.470936e+01 -4.465182e-02 
 3.470976e+01 -4.571300e-02 
 3.471016e+01 -4.692335e-02 
 3.471056e+01 -4.823597e-02 
 3.471095e+01 -4.962117e-02 
 3.471135e+01 -5.099419e-02 
 3.471175e+01 -5.239737e-02 
 3.471215e+01 -5.383893e-02 
 3.471254e+01 -5.539241e-02 
 3.471294e+01 -5.696527e-02 
 3.471334e+01 -5.856423e-02 
 3.471374e+01 -6.016398e-02 
 3.471414e+01 -6.173844e-02 
 3.471453e+01 -6.330489e-02 
 3.471493e+01 -6.488040e-02 
 3.471533e+01 -6.639403e-02 
 3.471573e+01 -6.779397e-02 
 3.471612e+01 -6.906852e-02 
 3.471652e+01 -7.019958e-02 
 3.471692e+01 -7.130016e-02 
 3.471732e+01 -7.230187e-02 
 3.471771e+01 -7.325755e-02 
 3.471811e+01 -7.414038e-02 
 3.471851e+01 -7.495412e-02 
 3.471891e+01 -7.561460e-02 
 3.471931e+01 -7.619286e-02 
 3.471970e+01 -7.660943e-02 
 3.472010e+01 -7.693554e-02 
 3.472050e+01 -7.710180e-02 
 3.472090e+01 -7.704476e-02 
 3.472129e+01 -7.692267e-02 
 3.472169e+01 -7.663327e-02 
 3.472209e+01 -7.625208e-02 
 3.472249e+01 -7.570860e-02 
 3.472288e+01 -7.511543e-02 
 3.472328e+01 -7.429252e-02 
 3.472368e+01 -7.336166e-02 
 3.472408e+01 -7.234789e-02 
 3.472448e+01 -7.125560e-02 
 3.472487e+01 -7.005311e-02 
 3.472527e+01 -6.869725e-02 
 3.472567e+01 -6.721256e-02 
 3.472607e+01 -6.561197e-02 
 3.472646e+01 -6.389524e-02 
 3.472686e+01 -6.202429e-02 
 3.472726e+01 -6.003964e-02 
 3.472766e+01 -5.793798e-02 
 3.472805e+01 -5.581788e-02 
 3.472845e+01 -5.367129e-02 
 3.472885e+01 -5.154634e-02 
 3.472925e+01 -4.943633e-02 
 3.472965e+01 -4.734496e-02 
 3.473004e+01 -4.518686e-02 
 3.473044e+01 -4.312592e-02 
 3.473084e+01 -4.108234e-02 
 3.473124e+01 -3.903840e-02 
 3.473163e+01 -3.700537e-02 
 3.473203e+01 -3.491490e-02 
 3.473243e+01 -3.286705e-02 
 3.473283e+01 -3.080398e-02 
 3.473322e+01 -2.880394e-02 
 3.473362e+01 -2.683749e-02 
 3.473402e+01 -2.485582e-02 
 3.473442e+01 -2.286795e-02 
 3.473482e+01 -2.086047e-02 
 3.473521e+01 -1.889062e-02 
 3.473561e+01 -1.691834e-02 
 3.473601e+01 -1.495690e-02 
 3.473641e+01 -1.299508e-02 
 3.473680e+01 -1.109728e-02 
 3.473720e+01 -9.299732e-03 
 3.473760e+01 -7.521227e-03 
 3.473800e+01 -5.807761e-03 
 3.473839e+01 -4.101598e-03 
 3.473879e+01 -2.527069e-03 
 3.473919e+01 -1.000505e-03 
 3.473959e+01  4.023047e-04 
 3.473999e+01  1.800898e-03 
 3.474038e+01  3.235075e-03 
 3.474078e+01  4.696532e-03 
 3.474118e+01  6.165518e-03 
 3.474158e+01  7.583561e-03 
 3.474197e+01  9.074010e-03 
 3.474237e+01  1.064632e-02 
 3.474277e+01  1.229047e-02 
 3.474317e+01  1.397727e-02 
 3.474356e+01  1.562243e-02 
 3.474396e+01  1.713528e-02 
 3.474436e+01  1.872168e-02 
 3.474476e+01  2.026920e-02 
 3.474516e+01  2.188705e-02 
 3.474555e+01  2.350047e-02 
 3.474595e+01  2.511842e-02 
 3.474635e+01  2.676756e-02 
 3.474675e+01  2.851690e-02 
 3.474714e+01  3.041536e-02 
 3.474754e+01  3.246967e-02 
 3.474794e+01  3.450659e-02 
 3.474834e+01  3.648618e-02 
 3.474874e+01  3.847548e-02 
 3.474913e+01  4.045514e-02 
 3.474953e+01  4.245041e-02 
 3.474993e+01  4.445732e-02 
 3.475033e+01  4.646692e-02 
 3.475072e+01  4.851774e-02 
 3.475112e+01  5.061078e-02 
 3.475152e+01  5.287002e-02 
 3.475192e+01  5.525291e-02 
 3.475231e+01  5.769079e-02 
 3.475271e+01  6.022410e-02 
 3.475311e+01  6.269966e-02 
 3.475351e+01  6.523016e-02 
 3.475391e+01  6.779995e-02 
 3.475430e+01  7.034415e-02 
 3.475470e+01  7.296626e-02 
 3.475510e+01  7.557086e-02 
 3.475550e+01  7.819544e-02 
 3.475589e+01  8.083307e-02 
 3.475629e+01  8.347593e-02 
 3.475669e+01  8.613224e-02 
 3.475709e+01  8.876283e-02 
 3.475748e+01  9.118708e-02 
 3.475788e+01  9.356186e-02 
 3.475828e+01  9.573992e-02 
 3.475868e+01  9.779764e-02 
 3.475908e+01  9.978771e-02 
 3.475947e+01  1.016891e-01 
 3.475987e+01  1.035019e-01 
 3.476027e+01  1.051744e-01 
 3.476067e+01  1.067447e-01 
 3.476106e+01  1.083210e-01 
 3.476146e+01  1.098202e-01 
 3.476186e+01  1.113122e-01 
 3.476226e+01  1.126468e-01 
 3.476265e+01  1.138654e-01 
 3.476305e+01  1.149251e-01 
 3.476345e+01  1.158146e-01 
 3.476385e+01  1.165913e-01 
 3.476425e+01  1.171707e-01 
 3.476464e+01  1.174984e-01 
 3.476504e+01  1.176574e-01 
 3.476544e+01  1.176556e-01 
 3.476584e+01  1.175914e-01 
 3.476623e+01  1.173853e-01 
 3.476663e+01  1.170738e-01 
 3.476703e+01  1.166157e-01 
 3.476743e+01  1.160091e-01 
 3.476782e+01  1.153531e-01 
 3.476822e+01  1.145924e-01 
 3.476862e+01  1.137220e-01 
 3.476902e+01  1.127132e-01 
 3.476942e+01  1.116161e-01 
 3.476981e+01  1.104933e-01 
 3.477021e+01  1.093881e-01 
 3.477061e+01  1.083659e-01 
 3.477101e+01  1.073897e-01 
 3.477140e+01  1.063759e-01 
 3.477180e+01  1.053785e-01 
 3.477220e+01  1.044041e-01 
 3.477260e+01  1.034221e-01 
 3.477299e+01  1.024336e-01 
 3.477339e+01  1.014625e-01 
 3.477379e+01  1.005222e-01 
 3.477419e+01  9.964012e-02 
 3.477459e+01  9.886114e-02 
 3.477498e+01  9.821577e-02 
 3.477538e+01  9.762160e-02 
 3.477578e+01  9.707124e-02 
 3.477618e+01  9.661249e-02 
 3.477657e+01  9.611119e-02 
 3.477697e+01  9.562283e-02 
 3.477737e+01  9.510815e-02 
 3.477777e+01  9.447216e-02 
 3.477816e+01  9.389095e-02 
 3.477856e+01  9.320151e-02 
 3.477896e+01  9.255196e-02 
 3.477936e+01  9.185126e-02 
 3.477976e+01  9.116635e-02 
 3.478015e+01  9.052910e-02 
 3.478055e+01  8.999600e-02 
 3.478095e+01  8.946867e-02 
 3.478135e+01  8.901099e-02 
 3.478174e+01  8.848775e-02 
 3.478214e+01  8.785295e-02 
 3.478254e+01  8.720940e-02 
 3.478294e+01  8.648858e-02 
 3.478333e+01  8.576308e-02 
 3.478373e+01  8.490188e-02 
 3.478413e+01  8.396727e-02 
 3.478453e+01  8.290991e-02 
 3.478493e+01  8.174549e-02 
 3.478532e+01  8.052911e-02 
 3.478572e+01  7.925059e-02 
 3.478612e+01  7.786043e-02 
 3.478652e+01  7.636964e-02 
 3.478691e+01  7.464718e-02 
 3.478731e+01  7.285222e-02 
 3.478771e+01  7.088201e-02 
 3.478811e+01  6.882885e-02 
 3.478850e+01  6.672083e-02 
 3.478890e+01  6.447842e-02 
 3.478930e+01  6.223729e-02 
 3.478970e+01  5.996423e-02 
 3.479010e+01  5.759338e-02 
 3.479049e+01  5.528184e-02 
 3.479089e+01  5.289394e-02 
 3.479129e+01  5.041245e-02 
 3.479169e+01  4.778026e-02 
 3.479208e+01  4.504466e-02 
 3.479248e+01  4.230543e-02 
 3.479288e+01  3.949393e-02 
 3.479328e+01  3.668974e-02 
 3.479367e+01  3.381162e-02 
 3.479407e+01  3.086167e-02 
 3.479447e+01  2.790670e-02 
 3.479487e+01  2.493219e-02 
 3.479527e+01  2.200801e-02 
 3.479566e+01  1.906177e-02 
 3.479606e+01  1.603517e-02 
 3.479646e+01  1.296369e-02 
 3.479686e+01  9.825834e-03 
 3.479725e+01  6.693359e-03 
 3.479765e+01  3.579574e-03 
 3.479805e+01  4.775182e-04 
 3.479845e+01 -2.654061e-03 
 3.479884e+01 -5.700058e-03 
 3.479924e+01 -8.727006e-03 
 3.479964e+01 -1.157618e-02 
 3.480004e+01 -1.431009e-02 
 3.480044e+01 -1.693831e-02 
 3.480083e+01 -1.949515e-02 
 3.480123e+01 -2.201595e-02 
 3.480163e+01 -2.425841e-02 
 3.480203e+01 -2.632179e-02 
 3.480242e+01 -2.825645e-02 
 3.480282e+01 -3.003332e-02 
 3.480322e+01 -3.176770e-02 
 3.480362e+01 -3.343724e-02 
 3.480401e+01 -3.501621e-02 
 3.480441e+01 -3.644609e-02 
 3.480481e+01 -3.782123e-02 
 3.480521e+01 -3.923451e-02 
 3.480561e+01 -4.065570e-02 
 3.480600e+01 -4.195353e-02 
 3.480640e+01 -4.320919e-02 
 3.480680e+01 -4.433831e-02 
 3.480720e+01 -4.541702e-02 
 3.480759e+01 -4.637617e-02 
 3.480799e+01 -4.730029e-02 
 3.480839e+01 -4.812553e-02 
 3.480879e+01 -4.875571e-02 
 3.480918e+01 -4.931018e-02 
 3.480958e+01 -4.974755e-02 
 3.480998e+01 -5.008900e-02 
 3.481038e+01 -5.042288e-02 
 3.481078e+01 -5.063825e-02 
 3.481117e+01 -5.077033e-02 
 3.481157e+01 -5.091920e-02 
 3.481197e+01 -5.106507e-02 
 3.481237e+01 -5.130186e-02 
 3.481276e+01 -5.157141e-02 
 3.481316e+01 -5.191152e-02 
 3.481356e+01 -5.228885e-02 
 3.481396e+01 -5.266446e-02 
 3.481435e+01 -5.314857e-02 
 3.481475e+01 -5.367949e-02 
 3.481515e+01 -5.422586e-02 
 3.481555e+01 -5.478958e-02 
 3.481595e+01 -5.541811e-02 
 3.481634e+01 -5.609271e-02 
 3.481674e+01 -5.676211e-02 
 3.481714e+01 -5.751125e-02 
 3.481754e+01 -5.832362e-02 
 3.481793e+01 -5.917452e-02 
 3.481833e+01 -6.006352e-02 
 3.481873e+01 -6.092190e-02 
 3.481913e+01 -6.183567e-02 
 3.481952e+01 -6.268896e-02 
 3.481992e+01 -6.354603e-02 
 3.482032e+01 -6.442059e-02 
 3.482072e+01 -6.520989e-02 
 3.482112e+01 -6.590082e-02 
 3.482151e+01 -6.652728e-02 
 3.482191e+01 -6.705705e-02 
 3.482231e+01 -6.759619e-02 
 3.482271e+01 -6.812249e-02 
 3.482310e+01 -6.856609e-02 
 3.482350e+01 -6.900798e-02 
 3.482390e+01 -6.936746e-02 
 3.482430e+01 -6.971498e-02 
 3.482469e+01 -7.001941e-02 
 3.482509e+01 -7.021611e-02 
 3.482549e+01 -7.038307e-02 
 3.482589e+01 -7.044179e-02 
 3.482629e+01 -7.036253e-02 
 3.482668e+01 -7.026086e-02 
 3.482708e+01 -7.005947e-02 
 3.482748e+01 -6.979287e-02 
 3.482788e+01 -6.935962e-02 
 3.482827e+01 -6.875509e-02 
 3.482867e+01 -6.801288e-02 
 3.482907e+01 -6.696511e-02 
 3.482947e+01 -6.582518e-02 
 3.482986e+01 -6.442910e-02 
 3.483026e+01 -6.296064e-02 
 3.483066e+01 -6.131845e-02 
 3.483106e+01 -5.954441e-02 
 3.483146e+01 -5.763937e-02 
 3.483185e+01 -5.564328e-02 
 3.483225e+01 -5.356057e-02 
 3.483265e+01 -5.152762e-02 
 3.483305e+01 -4.940655e-02 
 3.483344e+01 -4.729160e-02 
 3.483384e+01 -4.509560e-02 
 3.483424e+01 -4.278709e-02 
 3.483464e+01 -4.056500e-02 
 3.483503e+01 -3.823786e-02 
 3.483543e+01 -3.592175e-02 
 3.483583e+01 -3.348526e-02 
 3.483623e+01 -3.087420e-02 
 3.483663e+01 -2.826420e-02 
 3.483702e+01 -2.557449e-02 
 3.483742e+01 -2.287075e-02 
 3.483782e+01 -2.013850e-02 
 3.483822e+01 -1.732613e-02 
 3.483861e+01 -1.452175e-02 
 3.483901e+01 -1.177060e-02 
 3.483941e+01 -9.186036e-03 
 3.483981e+01 -6.612026e-03 
 3.484021e+01 -3.971317e-03 
 3.484060e+01 -1.338514e-03 
 3.484100e+01  1.297694e-03 
 3.484140e+01  3.778319e-03 
 3.484180e+01  6.208719e-03 
 3.484219e+01  8.532368e-03 
 3.484259e+01  1.084602e-02 
 3.484299e+01  1.306964e-02 
 3.484339e+01  1.518688e-02 
 3.484378e+01  1.717272e-02 
 3.484418e+01  1.904201e-02 
 3.484458e+01  2.088481e-02 
 3.484498e+01  2.270934e-02 
 3.484538e+01  2.446797e-02 
 3.484577e+01  2.608734e-02 
 3.484617e+01  2.757374e-02 
 3.484657e+01  2.900504e-02 
 3.484697e+01  3.038511e-02 
 3.484736e+01  3.182476e-02 
 3.484776e+01  3.319634e-02 
 3.484816e+01  3.455907e-02 
 3.484856e+01  3.585310e-02 
 3.484895e+01  3.711718e-02 
 3.484935e+01  3.850864e-02 
 3.484975e+01  3.989925e-02 
 3.485015e+01  4.133773e-02 
 3.485055e+01  4.270298e-02 
 3.485094e+01  4.396871e-02 
 3.485134e+01  4.525411e-02 
 3.485174e+01  4.647343e-02 
 3.485214e+01  4.765141e-02 
 3.485253e+01  4.883221e-02 
 3.485293e+01  4.999025e-02 
 3.485333e+01  5.116172e-02 
 3.485373e+01  5.234515e-02 
 3.485412e+01  5.355818e-02 
 3.485452e+01  5.481886e-02 
 3.485492e+01  5.610374e-02 
 3.485532e+01  5.745749e-02 
 3.485572e+01  5.886521e-02 
 3.485611e+01  6.034890e-02 
 3.485651e+01  6.187343e-02 
 3.485691e+01  6.356827e-02 
 3.485731e+01  6.536058e-02 
 3.485770e+01  6.720986e-02 
 3.485810e+01  6.912150e-02 
 3.485850e+01  7.106315e-02 
 3.485890e+01  7.307691e-02 
 3.485929e+01  7.513887e-02 
 3.485969e+01  7.721964e-02 
 3.486009e+01  7.928624e-02 
 3.486049e+01  8.131925e-02 
 3.486089e+01  8.332640e-02 
 3.486128e+01  8.532771e-02 
 3.486168e+01  8.735993e-02 
 3.486208e+01  8.934146e-02 
 3.486248e+01  9.135792e-02 
 3.486287e+01  9.331052e-02 
 3.486327e+01  9.527984e-02 
 3.486367e+01  9.723129e-02 
 3.486407e+01  9.913740e-02 
 3.486446e+01  1.009293e-01 
 3.486486e+01  1.027045e-01 
 3.486526e+01  1.043069e-01 
 3.486566e+01  1.057841e-01 
 3.486606e+01  1.071964e-01 
 3.486645e+01  1.083723e-01 
 3.486685e+01  1.094411e-01 
 3.486725e+01  1.103105e-01 
 3.486765e+01  1.110251e-01 
 3.486804e+01  1.117005e-01 
 3.486844e+01  1.121982e-01 
 3.486884e+01  1.126068e-01 
 3.486924e+01  1.128517e-01 
 3.486963e+01  1.129062e-01 
 3.487003e+01  1.128786e-01 
 3.487043e+01  1.125967e-01 
 3.487083e+01  1.121542e-01 
 3.487123e+01  1.114722e-01 
 3.487162e+01  1.106416e-01 
 3.487202e+01  1.096566e-01 
 3.487242e+01  1.085202e-01 
 3.487282e+01  1.073027e-01 
 3.487321e+01  1.058752e-01 
 3.487361e+01  1.043183e-01 
 3.487401e+01  1.027179e-01 
 3.487441e+01  1.009758e-01 
 3.487480e+01  9.915577e-02 
 3.487520e+01  9.724642e-02 
 3.487560e+01  9.535056e-02 
 3.487600e+01  9.344242e-02 
 3.487640e+01  9.166432e-02 
 3.487679e+01  8.998254e-02 
 3.487719e+01  8.833812e-02 
 3.487759e+01  8.670788e-02 
 3.487799e+01  8.512470e-02 
 3.487838e+01  8.359704e-02 
 3.487878e+01  8.203678e-02 
 3.487918e+01  8.055235e-02 
 3.487958e+01  7.899169e-02 
 3.487997e+01  7.743069e-02 
 3.488037e+01  7.586330e-02 
 3.488077e+01  7.437170e-02 
 3.488117e+01  7.290763e-02 
 3.488157e+01  7.143522e-02 
 3.488196e+01  6.998671e-02 
 3.488236e+01  6.856815e-02 
 3.488276e+01  6.717505e-02 
 3.488316e+01  6.588862e-02 
 3.488355e+01  6.476449e-02 
 3.488395e+01  6.363060e-02 
 3.488435e+01  6.254952e-02 
 3.488475e+01  6.144243e-02 
 3.488514e+01  6.041301e-02 
 3.488554e+01  5.944571e-02 
 3.488594e+01  5.851581e-02 
 3.488634e+01  5.757861e-02 
 3.488674e+01  5.657707e-02 
 3.488713e+01  5.557789e-02 
 3.488753e+01  5.461630e-02 
 3.488793e+01  5.374833e-02 
 3.488833e+01  5.295687e-02 
 3.488872e+01  5.209793e-02 
 3.488912e+01  5.120806e-02 
 3.488952e+01  5.019521e-02 
 3.488992e+01  4.914233e-02 
 3.489031e+01  4.806136e-02 
 3.489071e+01  4.690139e-02 
 3.489111e+01  4.569107e-02 
 3.489151e+01  4.443040e-02 
 3.489191e+01  4.308144e-02 
 3.489230e+01  4.173642e-02 
 3.489270e+01  4.029397e-02 
 3.489310e+01  3.884731e-02 
 3.489350e+01  3.723960e-02 
 3.489389e+01  3.540756e-02 
 3.489429e+01  3.345664e-02 
 3.489469e+01  3.134273e-02 
 3.489509e+01  2.918980e-02 
 3.489548e+01  2.700242e-02 
 3.489588e+01  2.479370e-02 
 3.489628e+01  2.247125e-02 
 3.489668e+01  2.012663e-02 
 3.489708e+01  1.775463e-02 
 3.489747e+01  1.542168e-02 
 3.489787e+01  1.302763e-02 
 3.489827e+01  1.052503e-02 
 3.489867e+01  7.919422e-03 
 3.489906e+01  5.185805e-03 
 3.489946e+01  2.354866e-03 
 3.489986e+01 -5.502901e-04 
 3.490026e+01 -3.505217e-03 
 3.490065e+01 -6.528337e-03 
 3.490105e+01 -9.561356e-03 
 3.490145e+01 -1.265927e-02 
 3.490185e+01 -1.568196e-02 
 3.490225e+01 -1.870152e-02 
 3.490264e+01 -2.168776e-02 
 3.490304e+01 -2.462700e-02 
 3.490344e+01 -2.752522e-02 
 3.490384e+01 -3.022256e-02 
 3.490423e+01 -3.277503e-02 
 3.490463e+01 -3.511463e-02 
 3.490503e+01 -3.734422e-02 
 3.490543e+01 -3.934256e-02 
 3.490582e+01 -4.128940e-02 
 3.490622e+01 -4.301420e-02 
 3.490662e+01 -4.455967e-02 
 3.490702e+01 -4.600043e-02 
 3.490742e+01 -4.739289e-02 
 3.490781e+01 -4.863039e-02 
 3.490821e+01 -4.975897e-02 
 3.490861e+01 -5.076133e-02 
 3.490901e+01 -5.163409e-02 
 3.490940e+01 -5.241662e-02 
 3.490980e+01 -5.312614e-02 
 3.491020e+01 -5.369416e-02 
 3.491060e+01 -5.414444e-02 
 3.491099e+01 -5.446146e-02 
 3.491139e+01 -5.471098e-02 
 3.491179e+01 -5.492068e-02 
 3.491219e+01 -5.503140e-02 
 3.491259e+01 -5.508416e-02 
 3.491298e+01 -5.501659e-02 
 3.491338e+01 -5.494252e-02 
 3.491378e+01 -5.483889e-02 
 3.491418e+01 -5.469712e-02 
 3.491457e+01 -5.446504e-02 
 3.491497e+01 -5.419218e-02 
 3.491537e+01 -5.385909e-02 
 3.491577e+01 -5.347240e-02 
 3.491616e+01 -5.302942e-02 
 3.491656e+01 -5.255682e-02 
 3.491696e+01 -5.199505e-02 
 3.491736e+01 -5.140931e-02 
 3.491776e+01 -5.085236e-02 
 3.491815e+01 -5.039398e-02 
 3.491855e+01 -4.999283e-02 
 3.491895e+01 -4.960186e-02 
 3.491935e+01 -4.919494e-02 
 3.491974e+01 -4.881684e-02 
 3.492014e+01 -4.852172e-02 
 3.492054e+01 -4.832367e-02 
 3.492094e+01 -4.820978e-02 
 3.492133e+01 -4.807674e-02 
 3.492173e+01 -4.798552e-02 
 3.492213e+01 -4.792411e-02 
 3.492253e+01 -4.793390e-02 
 3.492293e+01 -4.798505e-02 
 3.492332e+01 -4.796417e-02 
 3.492372e+01 -4.786258e-02 
 3.492412e+01 -4.766024e-02 
 3.492452e+01 -4.741938e-02 
 3.492491e+01 -4.722739e-02 
 3.492531e+01 -4.699536e-02 
 3.492571e+01 -4.677849e-02 
 3.492611e+01 -4.654332e-02 
 3.492650e+01 -4.631481e-02 
 3.492690e+01 -4.614223e-02 
 3.492730e+01 -4.601051e-02 
 3.492770e+01 -4.585992e-02 
 3.492810e+01 -4.572827e-02 
 3.492849e+01 -4.553499e-02 
 3.492889e+01 -4.535728e-02 
 3.492929e+01 -4.515208e-02 
 3.492969e+01 -4.500767e-02 
 3.493008e+01 -4.480638e-02 
 3.493048e+01 -4.458625e-02 
 3.493088e+01 -4.424057e-02 
 3.493128e+01 -4.372116e-02 
 3.493168e+01 -4.300922e-02 
 3.493207e+01 -4.215081e-02 
 3.493247e+01 -4.115987e-02 
 3.493287e+01 -4.004245e-02 
 3.493327e+01 -3.875188e-02 
 3.493366e+01 -3.729520e-02 
 3.493406e+01 -3.572840e-02 
 3.493446e+01 -3.411264e-02 
 3.493486e+01 -3.239554e-02 
 3.493525e+01 -3.057874e-02 
 3.493565e+01 -2.858454e-02 
 3.493605e+01 -2.636523e-02 
 3.493645e+01 -2.399002e-02 
 3.493685e+01 -2.152121e-02 
 3.493724e+01 -1.899488e-02 
 3.493764e+01 -1.637138e-02 
 3.493804e+01 -1.363304e-02 
 3.493844e+01 -1.076993e-02 
 3.493883e+01 -7.920139e-03 
 3.493923e+01 -5.035253e-03 
 3.493963e+01 -2.222206e-03 
 3.494003e+01  6.602392e-04 
 3.494042e+01  3.515184e-03 
 3.494082e+01  6.441298e-03 
 3.494122e+01  9.269438e-03 
 3.494162e+01  1.209720e-02 
 3.494202e+01  1.482192e-02 
 3.494241e+01  1.762184e-02 
 3.494281e+01  2.044361e-02 
 3.494321e+01  2.324536e-02 
 3.494361e+01  2.604862e-02 
 3.494400e+01  2.872957e-02 
 3.494440e+01  3.141000e-02 
 3.494480e+01  3.401171e-02 
 3.494520e+01  3.650700e-02 
 3.494559e+01  3.888451e-02 
 3.494599e+01  4.112771e-02 
 3.494639e+01  4.324774e-02 
 3.494679e+01  4.531234e-02 
 3.494719e+01  4.728288e-02 
 3.494758e+01  4.912837e-02 
 3.494798e+01  5.073519e-02 
 3.494838e+01  5.226861e-02 
 3.494878e+01  5.368786e-02 
 3.494917e+01  5.496611e-02 
 3.494957e+01  5.614938e-02 
 3.494997e+01  5.716592e-02 
 3.495037e+01  5.815234e-02 
 3.495076e+01  5.901824e-02 
 3.495116e+01  5.992922e-02 
 3.495156e+01  6.093774e-02 
 3.495196e+01  6.189054e-02 
 3.495236e+01  6.290326e-02 
 3.495275e+01  6.386485e-02 
 3.495315e+01  6.479641e-02 
 3.495355e+01  6.569819e-02 
 3.495395e+01  6.648115e-02 
 3.495434e+01  6.717925e-02 
 3.495474e+01  6.778989e-02 
 3.495514e+01  6.836565e-02 
 3.495554e+01  6.892288e-02 
 3.495593e+01  6.948212e-02 
 3.495633e+01  7.011043e-02 
 3.495673e+01  7.067417e-02 
 3.495713e+01  7.131743e-02 
 3.495753e+01  7.193786e-02 
 3.495792e+01  7.260688e-02 
 3.495832e+01  7.324366e-02 
 3.495872e+01  7.382169e-02 
 3.495912e+01  7.440595e-02 
 3.495951e+01  7.498369e-02 
 3.495991e+01  7.568675e-02 
 3.496031e+01  7.640689e-02 
 3.496071e+01  7.720539e-02 
 3.496110e+01  7.805045e-02 
 3.496150e+01  7.895308e-02 
 3.496190e+01  7.989056e-02 
 3.496230e+01  8.090566e-02 
 3.496270e+01  8.193041e-02 
 3.496309e+01  8.294180e-02 
 3.496349e+01  8.390067e-02 
 3.496389e+01  8.494204e-02 
 3.496429e+01  8.601582e-02 
 3.496468e+01  8.714239e-02 
 3.496508e+01  8.833340e-02 
 3.496548e+01  8.953275e-02 
 3.496588e+01  9.072018e-02 
 3.496627e+01  9.188225e-02 
 3.496667e+01  9.302609e-02 
 3.496707e+01  9.421700e-02 
 3.496747e+01  9.532112e-02 
 3.496787e+01  9.632635e-02 
 3.496826e+01  9.716052e-02 
 3.496866e+01  9.784379e-02 
 3.496906e+01  9.839327e-02 
 3.496946e+01  9.884728e-02 
 3.496985e+01  9.923428e-02 
 3.497025e+01  9.948121e-02 
 3.497065e+01  9.964624e-02 
 3.497105e+01  9.978523e-02 
 3.497144e+01  9.984420e-02 
 3.497184e+01  9.985825e-02 
 3.497224e+01  9.989611e-02 
 3.497264e+01  9.966051e-02 
 3.497304e+01  9.929172e-02 
 3.497343e+01  9.870613e-02 
 3.497383e+01  9.802561e-02 
 3.497423e+01  9.711558e-02 
 3.497463e+01  9.606360e-02 
 3.497502e+01  9.481844e-02 
 3.497542e+01  9.340055e-02 
 3.497582e+01  9.180458e-02 
 3.497622e+01  9.016549e-02 
 3.497661e+01  8.841129e-02 
 3.497701e+01  8.652253e-02 
 3.497741e+01  8.445266e-02 
 3.497781e+01  8.220609e-02 
 3.497821e+01  7.989039e-02 
 3.497860e+01  7.747972e-02 
 3.497900e+01  7.511021e-02 
 3.497940e+01  7.270610e-02 
 3.497980e+01  7.027762e-02 
 3.498019e+01  6.781435e-02 
 3.498059e+01  6.537743e-02 
 3.498099e+01  6.290581e-02 
 3.498139e+01  6.057074e-02 
 3.498178e+01  5.815808e-02 
 3.498218e+01  5.572558e-02 
 3.498258e+01  5.339307e-02 
 3.498298e+01  5.105671e-02 
 3.498338e+01  4.888757e-02 
 3.498377e+01  4.672485e-02 
 3.498417e+01  4.461697e-02 
 3.498457e+01  4.255242e-02 
 3.498497e+01  4.049297e-02 
 3.498536e+01  3.857793e-02 
 3.498576e+01  3.668922e-02 
 3.498616e+01  3.487875e-02 
 3.498656e+01  3.315902e-02 
 3.498695e+01  3.141876e-02 
 3.498735e+01  2.983042e-02 
 3.498775e+01  2.829286e-02 
 3.498815e+01  2.676145e-02 
 3.498855e+01  2.526846e-02 
 3.498894e+01  2.378604e-02 
 3.498934e+01  2.234218e-02 
 3.498974e+01  2.091344e-02 
 3.499014e+01  1.952738e-02 
 3.499053e+01  1.824020e-02 
 3.499093e+01  1.702367e-02 
 3.499133e+01  1.585977e-02 
 3.499173e+01  1.479407e-02 
 3.499212e+01  1.384064e-02 
 3.499252e+01  1.293370e-02 
 3.499292e+01  1.199810e-02 
 3.499332e+01  1.112490e-02 
 3.499372e+01  1.019326e-02 
 3.499411e+01  9.201177e-03 
 3.499451e+01  8.192731e-03 
 3.499491e+01  7.087204e-03 
 3.499531e+01  5.994760e-03 
 3.499570e+01  4.748135e-03 
 3.499610e+01  3.480054e-03 
 3.499650e+01  2.092997e-03 
 3.499690e+01  6.340185e-04 
 3.499729e+01 -9.212283e-04 
 3.499769e+01 -2.499789e-03 
 3.499809e+01 -4.080756e-03 
 3.499849e+01 -5.765473e-03 
 3.499889e+01 -7.431417e-03 
 3.499928e+01 -9.195316e-03 
 3.499968e+01 -1.093841e-02 
 3.500008e+01 -1.263991e-02 
 3.500048e+01 -1.433889e-02 
 3.500087e+01 -1.608871e-02 
 3.500127e+01 -1.791562e-02 
 3.500167e+01 -1.974008e-02 
 3.500207e+01 -2.163833e-02 
 3.500246e+01 -2.360759e-02 
 3.500286e+01 -2.555009e-02 
 3.500326e+01 -2.760173e-02 
 3.500366e+01 -2.967020e-02 
 3.500406e+01 -3.184896e-02 
 3.500445e+01 -3.399208e-02 
 3.500485e+01 -3.616757e-02 
 3.500525e+01 -3.838690e-02 
 3.500565e+01 -4.055703e-02 
 3.500604e+01 -4.270621e-02 
 3.500644e+01 -4.489065e-02 
 3.500684e+01 -4.710496e-02 
 3.500724e+01 -4.931652e-02 
 3.500763e+01 -5.143237e-02 
 3.500803e+01 -5.351155e-02 
 3.500843e+01 -5.551401e-02 
 3.500883e+01 -5.749457e-02 
 3.500923e+01 -5.942269e-02 
 3.500962e+01 -6.127927e-02 
 3.501002e+01 -6.300098e-02 
 3.501042e+01 -6.446775e-02 
 3.501082e+01 -6.576201e-02 
 3.501121e+01 -6.689893e-02 
 3.501161e+01 -6.787649e-02 
 3.501201e+01 -6.866008e-02 
 3.501241e+01 -6.919473e-02 
 3.501280e+01 -6.952572e-02 
 3.501320e+01 -6.973069e-02 
 3.501360e+01 -6.989155e-02 
 3.501400e+01 -6.998756e-02 
 3.501440e+01 -6.994512e-02 
 3.501479e+01 -6.977259e-02 
 3.501519e+01 -6.942915e-02 
 3.501559e+01 -6.891714e-02 
 3.501599e+01 -6.841582e-02 
 3.501638e+01 -6.782214e-02 
 3.501678e+01 -6.708091e-02 
 3.501718e+01 -6.616143e-02 
 3.501758e+01 -6.517002e-02 
 3.501797e+01 -6.410124e-02 
 3.501837e+01 -6.297211e-02 
 3.501877e+01 -6.170931e-02 
 3.501917e+01 -6.028523e-02 
 3.501957e+01 -5.873512e-02 
 3.501996e+01 -5.707105e-02 
 3.502036e+01 -5.540085e-02 
 3.502076e+01 -5.372395e-02 
 3.502116e+01 -5.197269e-02 
 3.502155e+01 -5.016701e-02 
 3.502195e+01 -4.840173e-02 
 3.502235e+01 -4.673822e-02 
 3.502275e+01 -4.527789e-02 
 3.502315e+01 -4.384393e-02 
 3.502354e+01 -4.254625e-02 
 3.502394e+01 -4.131935e-02 
 3.502434e+01 -4.018691e-02 
 3.502474e+01 -3.918173e-02 
 3.502513e+01 -3.823396e-02 
 3.502553e+01 -3.734797e-02 
 3.502593e+01 -3.651021e-02 
 3.502633e+01 -3.560600e-02 
 3.502672e+01 -3.477664e-02 
 3.502712e+01 -3.388438e-02 
 3.502752e+01 -3.308844e-02 
 3.502792e+01 -3.228092e-02 
 3.502832e+01 -3.151198e-02 
 3.502871e+01 -3.084436e-02 
 3.502911e+01 -3.017570e-02 
 3.502951e+01 -2.948365e-02 
 3.502991e+01 -2.881619e-02 
 3.503030e+01 -2.811401e-02 
 3.503070e+01 -2.733736e-02 
 3.503110e+01 -2.652734e-02 
 3.503150e+01 -2.564236e-02 
 3.503189e+01 -2.480266e-02 
 3.503229e+01 -2.392838e-02 
 3.503269e+01 -2.303460e-02 
 3.503309e+01 -2.216515e-02 
 3.503349e+01 -2.124027e-02 
 3.503388e+01 -2.023247e-02 
 3.503428e+01 -1.909613e-02 
 3.503468e+01 -1.797409e-02 
 3.503508e+01 -1.679645e-02 
 3.503547e+01 -1.553669e-02 
 3.503587e+01 -1.419319e-02 
 3.503627e+01 -1.279317e-02 
 3.503667e+01 -1.131048e-02 
 3.503706e+01 -9.840565e-03 
 3.503746e+01 -8.313400e-03 
 3.503786e+01 -6.722310e-03 
 3.503826e+01 -5.006041e-03 
 3.503866e+01 -3.107555e-03 
 3.503905e+01 -1.140567e-03 
 3.503945e+01  9.120501e-04 
 3.503985e+01  3.101755e-03 
 3.504025e+01  5.466273e-03 
 3.504064e+01  7.938328e-03 
 3.504104e+01  1.049188e-02 
 3.504144e+01  1.303799e-02 
 3.504184e+01  1.563847e-02 
 3.504223e+01  1.821217e-02 
 3.504263e+01  2.079525e-02 
 3.504303e+01  2.343782e-02 
 3.504343e+01  2.609669e-02 
 3.504383e+01  2.874940e-02 
 3.504422e+01  3.140414e-02 
 3.504462e+01  3.411818e-02 
 3.504502e+01  3.689132e-02 
 3.504542e+01  3.976913e-02 
 3.504581e+01  4.268943e-02 
 3.504621e+01  4.570576e-02 
 3.504661e+01  4.869651e-02 
 3.504701e+01  5.169224e-02 
 3.504740e+01  5.463868e-02 
 3.504780e+01  5.756126e-02 
 3.504820e+01  6.046933e-02 
 3.504860e+01  6.333534e-02 
 3.504900e+01  6.608205e-02 
 3.504939e+01  6.882929e-02 
 3.504979e+01  7.145836e-02 
 3.505019e+01  7.391624e-02 
 3.505059e+01  7.628109e-02 
 3.505098e+01  7.849788e-02 
 3.505138e+01  8.058182e-02 
 3.505178e+01  8.241399e-02 
 3.505218e+01  8.404519e-02 
 3.505257e+01  8.548661e-02 
 3.505297e+01  8.676119e-02 
 3.505337e+01  8.794694e-02 
 3.505377e+01  8.900898e-02 
 3.505417e+01  8.992750e-02 
 3.505456e+01  9.069662e-02 
 3.505496e+01  9.135028e-02 
 3.505536e+01  9.196355e-02 
 3.505576e+01  9.247871e-02 
 3.505615e+01  9.290166e-02 
 3.505655e+01  9.316907e-02 
 3.505695e+01  9.327032e-02 
 3.505735e+01  9.330568e-02 
 3.505774e+01  9.329728e-02 
 3.505814e+01  9.315632e-02 
 3.505854e+01  9.307479e-02 
 3.505894e+01  9.292562e-02 
 3.505934e+01  9.280195e-02 
 3.505973e+01  9.268692e-02 
 3.506013e+01  9.260260e-02 
 3.506053e+01  9.256052e-02 
 3.506093e+01  9.250349e-02 
 3.506132e+01  9.237740e-02 
 3.506172e+01  9.226073e-02 
 3.506212e+01  9.212710e-02 
 3.506252e+01  9.199365e-02 
 3.506291e+01  9.184742e-02 
 3.506331e+01  9.171472e-02 
 3.506371e+01  9.158399e-02 
 3.506411e+01  9.146381e-02 
 3.506451e+01  9.142972e-02 
 3.506490e+01  9.143134e-02 
 3.506530e+01  9.150501e-02 
 3.506570e+01  9.161173e-02 
 3.506610e+01  9.170737e-02 
 3.506649e+01  9.189688e-02 
 3.506689e+01  9.220130e-02 
 3.506729e+01  9.253565e-02 
 3.506769e+01  9.291110e-02 
 3.506808e+01  9.328756e-02 
 3.506848e+01  9.364673e-02 
 3.506888e+01  9.408607e-02 
 3.506928e+01  9.444944e-02 
 3.506968e+01  9.493697e-02 
 3.507007e+01  9.530286e-02 
 3.507047e+01  9.558240e-02 
 3.507087e+01  9.578767e-02 
 3.507127e+01  9.587640e-02 
 3.507166e+01  9.594976e-02 
 3.507206e+01  9.601837e-02 
 3.507246e+01  9.604392e-02 
 3.507286e+01  9.607715e-02 
 3.507325e+01  9.603323e-02 
 3.507365e+01  9.594175e-02 
 3.507405e+01  9.588771e-02 
 3.507445e+01  9.579075e-02 
 3.507485e+01  9.566593e-02 
 3.507524e+01  9.533260e-02 
 3.507564e+01  9.488366e-02 
 3.507604e+01  9.428761e-02 
 3.507644e+01  9.362374e-02 
 3.507683e+01  9.286683e-02 
 3.507723e+01  9.198012e-02 
 3.507763e+01  9.099494e-02 
 3.507803e+01  8.989158e-02 
 3.507842e+01  8.872940e-02 
 3.507882e+01  8.748445e-02 
 3.507922e+01  8.611762e-02 
 3.507962e+01  8.456997e-02 
 3.508002e+01  8.276527e-02 
 3.508041e+01  8.078842e-02 
 3.508081e+01  7.870882e-02 
 3.508121e+01  7.650539e-02 
 3.508161e+01  7.417125e-02 
 3.508200e+01  7.173545e-02 
 3.508240e+01  6.918064e-02 
 3.508280e+01  6.643640e-02 
 3.508320e+01  6.359937e-02 
 3.508359e+01  6.065918e-02 
 3.508399e+01  5.762182e-02 
 3.508439e+01  5.441526e-02 
 3.508479e+01  5.117178e-02 
 3.508519e+01  4.791139e-02 
 3.508558e+01  4.464664e-02 
 3.508598e+01  4.143776e-02 
 3.508638e+01  3.824684e-02 
 3.508678e+01  3.512823e-02 
 3.508717e+01  3.206004e-02 
 3.508757e+01  2.913717e-02 
 3.508797e+01  2.631751e-02 
 3.508837e+01  2.357104e-02 
 3.508876e+01  2.090949e-02 
 3.508916e+01  1.835467e-02 
 3.508956e+01  1.584174e-02 
 3.508996e+01  1.334231e-02 
 3.509036e+01  1.091843e-02 
 3.509075e+01  8.494827e-03 
 3.509115e+01  6.189396e-03 
 3.509155e+01  3.958330e-03 
 3.509195e+01  1.814394e-03 
 3.509234e+01 -2.983327e-04 
 3.509274e+01 -2.303830e-03 
 3.509314e+01 -4.142731e-03 
 3.509354e+01 -5.779016e-03 
 3.509393e+01 -7.329517e-03 
 3.509433e+01 -8.746509e-03 
 3.509473e+01 -1.008931e-02 
 3.509513e+01 -1.134019e-02 
 3.509553e+01 -1.249719e-02 
 3.509592e+01 -1.351136e-02 
 3.509632e+01 -1.440201e-02 
 3.509672e+01 -1.524407e-02 
 3.509712e+01 -1.600281e-02 
 3.509751e+01 -1.670592e-02 
 3.509791e+01 -1.736098e-02 
 3.509831e+01 -1.801720e-02 
 3.509871e+01 -1.873620e-02 
 3.509910e+01 -1.945141e-02 
 3.509950e+01 -2.021441e-02 
 3.509990e+01 -2.099060e-02 
 3.510030e+01 -2.176171e-02 
 3.510070e+01 -2.256670e-02 
 3.510109e+01 -2.336167e-02 
 3.510149e+01 -2.424416e-02 
 3.510189e+01 -2.516989e-02 
 3.510229e+01 -2.617472e-02 
 3.510268e+01 -2.718885e-02 
 3.510308e+01 -2.836662e-02 
 3.510348e+01 -2.954881e-02 
 3.510388e+01 -3.083521e-02 
 3.510427e+01 -3.212937e-02 
 3.510467e+01 -3.349829e-02 
 3.510507e+01 -3.487088e-02 
 3.510547e+01 -3.635919e-02 
 3.510587e+01 -3.778800e-02 
 3.510626e+01 -3.925875e-02 
 3.510666e+01 -4.076640e-02 
 3.510706e+01 -4.232924e-02 
 3.510746e+01 -4.390167e-02 
 3.510785e+01 -4.549051e-02 
 3.510825e+01 -4.711410e-02 
 3.510865e+01 -4.866775e-02 
 3.510905e+01 -5.031097e-02 
 3.510944e+01 -5.205555e-02 
 3.510984e+01 -5.391527e-02 
 3.511024e+01 -5.565920e-02 
 3.511064e+01 -5.751920e-02 
 3.511104e+01 -5.944217e-02 
 3.511143e+01 -6.139283e-02 
 3.511183e+01 -6.336449e-02 
 3.511223e+01 -6.528887e-02 
 3.511263e+01 -6.698649e-02 
 3.511302e+01 -6.850967e-02 
 3.511342e+01 -6.991035e-02 
 3.511382e+01 -7.116141e-02 
 3.511422e+01 -7.236031e-02 
 3.511462e+01 -7.324348e-02 
 3.511501e+01 -7.394301e-02 
 3.511541e+01 -7.446274e-02 
 3.511581e+01 -7.482822e-02 
 3.511621e+01 -7.516798e-02 
 3.511660e+01 -7.525663e-02 
 3.511700e+01 -7.517708e-02 
 3.511740e+01 -7.484076e-02 
 3.511780e+01 -7.436034e-02 
 3.511819e+01 -7.375463e-02 
 3.511859e+01 -7.308821e-02 
 3.511899e+01 -7.232610e-02 
 3.511939e+01 -7.150018e-02 
 3.511979e+01 -7.051069e-02 
 3.512018e+01 -6.948392e-02 
 3.512058e+01 -6.839252e-02 
 3.512098e+01 -6.718936e-02 
 3.512138e+01 -6.581329e-02 
 3.512177e+01 -6.427765e-02 
 3.512217e+01 -6.262296e-02 
 3.512257e+01 -6.078089e-02 
 3.512297e+01 -5.883625e-02 
 3.512336e+01 -5.679848e-02 
 3.512376e+01 -5.464970e-02 
 3.512416e+01 -5.242976e-02 
 3.512456e+01 -5.017593e-02 
 3.512496e+01 -4.795479e-02 
 3.512535e+01 -4.573293e-02 
 3.512575e+01 -4.345366e-02 
 3.512615e+01 -4.124049e-02 
 3.512655e+01 -3.904992e-02 
 3.512694e+01 -3.684277e-02 
 3.512734e+01 -3.466532e-02 
 3.512774e+01 -3.247239e-02 
 3.512814e+01 -3.031637e-02 
 3.512853e+01 -2.819472e-02 
 3.512893e+01 -2.606831e-02 
 3.512933e+01 -2.410520e-02 
 3.512973e+01 -2.218093e-02 
 3.513013e+01 -2.039643e-02 
 3.513052e+01 -1.881325e-02 
 3.513092e+01 -1.730613e-02 
 3.513132e+01 -1.592093e-02 
 3.513172e+01 -1.456117e-02 
 3.513211e+01 -1.322371e-02 
 3.513251e+01 -1.185313e-02 
 3.513291e+01 -1.043771e-02 
 3.513331e+01 -9.009140e-03 
 3.513370e+01 -7.530958e-03 
 3.513410e+01 -6.039577e-03 
 3.513450e+01 -4.670375e-03 
 3.513490e+01 -3.370455e-03 
 3.513530e+01 -2.084494e-03 
 3.513569e+01 -8.876440e-04 
 3.513609e+01  3.328036e-04 
 3.513649e+01  1.610890e-03 
 3.513689e+01  2.891817e-03 
 3.513728e+01  4.151461e-03 
 3.513768e+01  5.336827e-03 
 3.513808e+01  6.549958e-03 
 3.513848e+01  7.699373e-03 
 3.513887e+01  8.814036e-03 
 3.513927e+01  9.889098e-03 
 3.513967e+01  1.095378e-02 
 3.514007e+01  1.197304e-02 
 3.514047e+01  1.308243e-02 
 3.514086e+01  1.430532e-02 
 3.514126e+01  1.569780e-02 
 3.514166e+01  1.717031e-02 
 3.514206e+01  1.879406e-02 
 3.514245e+01  2.057865e-02 
 3.514285e+01  2.242386e-02 
 3.514325e+01  2.437073e-02 
 3.514365e+01  2.636775e-02 
 3.514404e+01  2.844309e-02 
 3.514444e+01  3.058537e-02 
 3.514484e+01  3.277786e-02 
 3.514524e+01  3.511569e-02 
 3.514564e+01  3.743397e-02 
 3.514603e+01  3.986914e-02 
 3.514643e+01  4.239543e-02 
 3.514683e+01  4.500930e-02 
 3.514723e+01  4.769528e-02 
 3.514762e+01  5.046776e-02 
 3.514802e+01  5.327309e-02 
 3.514842e+01  5.616575e-02 
 3.514882e+01  5.905189e-02 
 3.514921e+01  6.197739e-02 
 3.514961e+01  6.480169e-02 
 3.515001e+01  6.756572e-02 
 3.515041e+01  7.025510e-02 
 3.515081e+01  7.296722e-02 
 3.515120e+01  7.568964e-02 
 3.515160e+01  7.835287e-02 
 3.515200e+01  8.106112e-02 
 3.515240e+01  8.359575e-02 
 3.515279e+01  8.609355e-02 
 3.515319e+01  8.847149e-02 
 3.515359e+01  9.078981e-02 
 3.515399e+01  9.289425e-02 
 3.515438e+01  9.486668e-02 
 3.515478e+01  9.661349e-02 
 3.515518e+01  9.830374e-02 
 3.515558e+01  9.989373e-02 
 3.515598e+01  1.014235e-01 
 3.515637e+01  1.028348e-01 
 3.515677e+01  1.040867e-01 
 3.515717e+01  1.051668e-01 
 3.515757e+01  1.060768e-01 
 3.515796e+01  1.068139e-01 
 3.515836e+01  1.073226e-01 
 3.515876e+01  1.075978e-01 
 3.515916e+01  1.075770e-01 
 3.515955e+01  1.073859e-01 
 3.515995e+01  1.071039e-01 
 3.516035e+01  1.067559e-01 
 3.516075e+01  1.063973e-01 
 3.516115e+01  1.059824e-01 
 3.516154e+01  1.055038e-01 
 3.516194e+01  1.049966e-01 
 3.516234e+01  1.044205e-01 
 3.516274e+01  1.038380e-01 
 3.516313e+01  1.031702e-01 
 3.516353e+01  1.024346e-01 
 3.516393e+01  1.016440e-01 
 3.516433e+01  1.007402e-01 
 3.516472e+01  9.984058e-02 
 3.516512e+01  9.893787e-02 
 3.516552e+01  9.801467e-02 
 3.516592e+01  9.709360e-02 
 3.516632e+01  9.623741e-02 
 3.516671e+01  9.539165e-02 
 3.516711e+01  9.453413e-02 
 3.516751e+01  9.374800e-02 
 3.516791e+01  9.299734e-02 
 3.516830e+01  9.226847e-02 
 3.516870e+01  9.159243e-02 
 3.516910e+01  9.094584e-02 
 3.516950e+01  9.036333e-02 
 3.516989e+01  8.979564e-02 
 3.517029e+01  8.931804e-02 
 3.517069e+01  8.889607e-02 
 3.517109e+01  8.844940e-02 
 3.517149e+01  8.806737e-02 
 3.517188e+01  8.775258e-02 
 3.517228e+01  8.756232e-02 
 3.517268e+01  8.734741e-02 
 3.517308e+01  8.718778e-02 
 3.517347e+01  8.700632e-02 
 3.517387e+01  8.682728e-02 
 3.517427e+01  8.663575e-02 
 3.517467e+01  8.644056e-02 
 3.517506e+01  8.628093e-02 
 3.517546e+01  8.605453e-02 
 3.517586e+01  8.587239e-02 
 3.517626e+01  8.571336e-02 
 3.517666e+01  8.558773e-02 
 3.517705e+01  8.544223e-02 
 3.517745e+01  8.518528e-02 
 3.517785e+01  8.471538e-02 
 3.517825e+01  8.413052e-02 
 3.517864e+01  8.336163e-02 
 3.517904e+01  8.249615e-02 
 3.517944e+01  8.144060e-02 
 3.517984e+01  8.028406e-02 
 3.518023e+01  7.901283e-02 
 3.518063e+01  7.765228e-02 
 3.518103e+01  7.629440e-02 
 3.518143e+01  7.490548e-02 
 3.518183e+01  7.340036e-02 
 3.518222e+01  7.179796e-02 
 3.518262e+01  7.003279e-02 
 3.518302e+01  6.817056e-02 
 3.518342e+01  6.616531e-02 
 3.518381e+01  6.403960e-02 
 3.518421e+01  6.184312e-02 
 3.518461e+01  5.951880e-02 
 3.518501e+01  5.712703e-02 
 3.518540e+01  5.459295e-02 
 3.518580e+01  5.192501e-02 
 3.518620e+01  4.915703e-02 
 3.518660e+01  4.618625e-02 
 3.518700e+01  4.317065e-02 
 3.518739e+01  4.005964e-02 
 3.518779e+01  3.678559e-02 
 3.518819e+01  3.343795e-02 
 3.518859e+01  3.000887e-02 
 3.518898e+01  2.664245e-02 
 3.518938e+01  2.330563e-02 
 3.518978e+01  1.997277e-02 
 3.519018e+01  1.669590e-02 
 3.519057e+01  1.348775e-02 
 3.519097e+01  1.035250e-02 
 3.519137e+01  7.360615e-03 
 3.519177e+01  4.497346e-03 
 3.519217e+01  1.681615e-03 
 3.519256e+01 -1.057043e-03 
 3.519296e+01 -3.835226e-03 
 3.519336e+01 -6.509555e-03 
 3.519376e+01 -9.046818e-03 
 3.519415e+01 -1.151677e-02 
 3.519455e+01 -1.385483e-02 
 3.519495e+01 -1.611349e-02 
 3.519535e+01 -1.817348e-02 
 3.519574e+01 -2.003928e-02 
 3.519614e+01 -2.171699e-02 
 3.519654e+01 -2.323478e-02 
 3.519694e+01 -2.463622e-02 
 3.519734e+01 -2.599452e-02 
 3.519773e+01 -2.727671e-02 
 3.519813e+01 -2.848590e-02 
 3.519853e+01 -2.958934e-02 
 3.519893e+01 -3.061951e-02 
 3.519932e+01 -3.150291e-02 
 3.519972e+01 -3.230263e-02 
 3.520012e+01 -3.295480e-02 
 3.520052e+01 -3.350372e-02 
 3.520091e+01 -3.393613e-02 
 3.520131e+01 -3.430199e-02 
 3.520171e+01 -3.456504e-02 
 3.520211e+01 -3.481391e-02 
 3.520251e+01 -3.505592e-02 
 3.520290e+01 -3.528417e-02 
 3.520330e+01 -3.551869e-02 
 3.520370e+01 -3.573927e-02 
 3.520410e+01 -3.606104e-02 
 3.520449e+01 -3.633959e-02 
 3.520489e+01 -3.676360e-02 
 3.520529e+01 -3.735059e-02 
 3.520569e+01 -3.797421e-02 
 3.520608e+01 -3.867442e-02 
 3.520648e+01 -3.948202e-02 
 3.520688e+01 -4.044215e-02 
 3.520728e+01 -4.150330e-02 
 3.520768e+01 -4.265308e-02 
 3.520807e+01 -4.384990e-02 
 3.520847e+01 -4.500119e-02 
 3.520887e+01 -4.621442e-02 
 3.520927e+01 -4.748377e-02 
 3.520966e+01 -4.881832e-02 
 3.521006e+01 -5.013817e-02 
 3.521046e+01 -5.139481e-02 
 3.521086e+01 -5.264487e-02 
 3.521126e+01 -5.383585e-02 
 3.521165e+01 -5.509628e-02 
 3.521205e+01 -5.633459e-02 
 3.521245e+01 -5.753168e-02 
 3.521285e+01 -5.867149e-02 
 3.521324e+01 -5.985373e-02 
 3.521364e+01 -6.110376e-02 
 3.521404e+01 -6.229238e-02 
 3.521444e+01 -6.352748e-02 
 3.521483e+01 -6.465110e-02 
 3.521523e+01 -6.568381e-02 
 3.521563e+01 -6.660886e-02 
 3.521603e+01 -6.748834e-02 
 3.521643e+01 -6.828158e-02 
 3.521682e+01 -6.891543e-02 
 3.521722e+01 -6.935434e-02 
 3.521762e+01 -6.968170e-02 
 3.521802e+01 -6.988181e-02 
 3.521841e+01 -7.005087e-02 
 3.521881e+01 -7.011802e-02 
 3.521921e+01 -7.007669e-02 
 3.521961e+01 -6.982946e-02 
 3.522000e+01 -6.938779e-02 
 3.522040e+01 -6.883634e-02 
 3.522080e+01 -6.809372e-02 
 3.522120e+01 -6.721518e-02 
 3.522160e+01 -6.615958e-02 
 3.522199e+01 -6.496483e-02 
 3.522239e+01 -6.368891e-02 
 3.522279e+01 -6.229314e-02 
 3.522319e+01 -6.082512e-02 
 3.522358e+01 -5.922037e-02 
 3.522398e+01 -5.756281e-02 
 3.522438e+01 -5.574157e-02 
 3.522478e+01 -5.381397e-02 
 3.522517e+01 -5.183323e-02 
 3.522557e+01 -4.976298e-02 
 3.522597e+01 -4.768235e-02 
 3.522637e+01 -4.559502e-02 
 3.522677e+01 -4.345882e-02 
 3.522716e+01 -4.126006e-02 
 3.522756e+01 -3.904894e-02 
 3.522796e+01 -3.670293e-02 
 3.522836e+01 -3.435999e-02 
 3.522875e+01 -3.194547e-02 
 3.522915e+01 -2.945823e-02 
 3.522955e+01 -2.684877e-02 
 3.522995e+01 -2.413974e-02 
 3.523034e+01 -2.143354e-02 
 3.523074e+01 -1.866046e-02 
 3.523114e+01 -1.597341e-02 
 3.523154e+01 -1.337143e-02 
 3.523194e+01 -1.081765e-02 
 3.523233e+01 -8.320611e-03 
 3.523273e+01 -5.929487e-03 
 3.523313e+01 -3.694691e-03 
 3.523353e+01 -1.652024e-03 
 3.523392e+01  2.985252e-04 
 3.523432e+01  2.132749e-03 
 3.523472e+01  3.923283e-03 
 3.523512e+01  5.657147e-03 
 3.523551e+01  7.325202e-03 
 3.523591e+01  8.865429e-03 
 3.523631e+01  1.038051e-02 
 3.523671e+01  1.180116e-02 
 3.523711e+01  1.314698e-02 
 3.523750e+01  1.438294e-02 
 3.523790e+01  1.554006e-02 
 3.523830e+01  1.659673e-02 
 3.523870e+01  1.766358e-02 
 3.523909e+01  1.871519e-02 
 3.523949e+01  1.978736e-02 
 3.523989e+01  2.084414e-02 
 3.524029e+01  2.194269e-02 
 3.524068e+01  2.297330e-02 
 3.524108e+01  2.397878e-02 
 3.524148e+01  2.494155e-02 
 3.524188e+01  2.583256e-02 
 3.524228e+01  2.679198e-02 
 3.524267e+01  2.772127e-02 
 3.524307e+01  2.874183e-02 
 3.524347e+01  2.982271e-02 
 3.524387e+01  3.103131e-02 
 3.524426e+01  3.238741e-02 
 3.524466e+01  3.382735e-02 
 3.524506e+01  3.544986e-02 
 3.524546e+01  3.712573e-02 
 3.524585e+01  3.886505e-02 
 3.524625e+01  4.066838e-02 
 3.524665e+01  4.262499e-02 
 3.524705e+01  4.454734e-02 
 3.524745e+01  4.656603e-02 
 3.524784e+01  4.860950e-02 
 3.524824e+01  5.080113e-02 
 3.524864e+01  5.303209e-02 
 3.524904e+01  5.544259e-02 
 3.524943e+01  5.793797e-02 
 3.524983e+01  6.047669e-02 
 3.525023e+01  6.303906e-02 
 3.525063e+01  6.561497e-02 
 3.525102e+01  6.828713e-02 
 3.525142e+01  7.089287e-02 
 3.525182e+01  7.345631e-02 
 3.525222e+01  7.594213e-02 
 3.525262e+01  7.834754e-02 
 3.525301e+01  8.074341e-02 
 3.525341e+01  8.315321e-02 
 3.525381e+01  8.557287e-02 
 3.525421e+01  8.790162e-02 
 3.525460e+01  9.013626e-02 
 3.525500e+01  9.226297e-02 
 3.525540e+01  9.434114e-02 
 3.525580e+01  9.631913e-02 
 3.525619e+01  9.824781e-02 
 3.525659e+01  9.993683e-02 
 3.525699e+01  1.014894e-01 
 3.525739e+01  1.029372e-01 
 3.525779e+01  1.044204e-01 
 3.525818e+01  1.058073e-01 
 3.525858e+01  1.071299e-01 
 3.525898e+01  1.083942e-01 
 3.525938e+01  1.094287e-01 
 3.525977e+01  1.103971e-01 
 3.526017e+01  1.111384e-01 
 3.526057e+01  1.117108e-01 
 3.526097e+01  1.120179e-01 
 3.526136e+01  1.120666e-01 
 3.526176e+01  1.119428e-01 
 3.526216e+01  1.116609e-01 
 3.526256e+01  1.112600e-01 
 3.526296e+01  1.107956e-01 
 3.526335e+01  1.102577e-01 
 3.526375e+01  1.096326e-01 
 3.526415e+01  1.088487e-01 
 3.526455e+01  1.079914e-01 
 3.526494e+01  1.069720e-01 
 3.526534e+01  1.058667e-01 
 3.526574e+01  1.045774e-01 
 3.526614e+01  1.031573e-01 
 3.526653e+01  1.016087e-01 
 3.526693e+01  9.993873e-02 
 3.526733e+01  9.827760e-02 
 3.526773e+01  9.664123e-02 
 3.526813e+01  9.504447e-02 
 3.526852e+01  9.351384e-02 
 3.526892e+01  9.197818e-02 
 3.526932e+01  9.047281e-02 
 3.526972e+01  8.890447e-02 
 3.527011e+01  8.743923e-02 
 3.527051e+01  8.596739e-02 
 3.527091e+01  8.445620e-02 
 3.527131e+01  8.309214e-02 
 3.527170e+01  8.172295e-02 
 3.527210e+01  8.047046e-02 
 3.527250e+01  7.935663e-02 
 3.527290e+01  7.837577e-02 
 3.527330e+01  7.744751e-02 
 3.527369e+01  7.653955e-02 
 3.527409e+01  7.569858e-02 
 3.527449e+01  7.493684e-02 
 3.527489e+01  7.421201e-02 
 3.527528e+01  7.347534e-02 
 3.527568e+01  7.281528e-02 
 3.527608e+01  7.223542e-02 
 3.527648e+01  7.168585e-02 
 3.527687e+01  7.127330e-02 
 3.527727e+01  7.090187e-02 
 3.527767e+01  7.062698e-02 
 3.527807e+01  7.037217e-02 
 3.527847e+01  7.022061e-02 
 3.527886e+01  7.001837e-02 
 3.527926e+01  6.977805e-02 
 3.527966e+01  6.940680e-02 
 3.528006e+01  6.893357e-02 
 3.528045e+01  6.839706e-02 
 3.528085e+01  6.777033e-02 
 3.528125e+01  6.698293e-02 
 3.528165e+01  6.600676e-02 
 3.528204e+01  6.492108e-02 
 3.528244e+01  6.370756e-02 
 3.528284e+01  6.239705e-02 
 3.528324e+01  6.100510e-02 
 3.528364e+01  5.948210e-02 
 3.528403e+01  5.783074e-02 
 3.528443e+01  5.602819e-02 
 3.528483e+01  5.409697e-02 
 3.528523e+01  5.211337e-02 
 3.528562e+01  4.995358e-02 
 3.528602e+01  4.765674e-02 
 3.528642e+01  4.527385e-02 
 3.528682e+01  4.282437e-02 
 3.528721e+01  4.034545e-02 
 3.528761e+01  3.777356e-02 
 3.528801e+01  3.508669e-02 
 3.528841e+01  3.224577e-02 
 3.528881e+01  2.933573e-02 
 3.528920e+01  2.635123e-02 
 3.528960e+01  2.331585e-02 
 3.529000e+01  2.027171e-02 
 3.529040e+01  1.707335e-02 
 3.529079e+01  1.381352e-02 
 3.529119e+01  1.051588e-02 
 3.529159e+01  7.283156e-03 
 3.529199e+01  4.004931e-03 
 3.529238e+01  7.140768e-04 
 3.529278e+01 -2.638948e-03 
 3.529318e+01 -5.998532e-03 
 3.529358e+01 -9.246601e-03 
 3.529398e+01 -1.248682e-02 
 3.529437e+01 -1.560657e-02 
 3.529477e+01 -1.870384e-02 
 3.529517e+01 -2.175130e-02 
 3.529557e+01 -2.475423e-02 
 3.529596e+01 -2.753644e-02 
 3.529636e+01 -3.011086e-02 
 3.529676e+01 -3.254607e-02 
 3.529716e+01 -3.478436e-02 
 3.529755e+01 -3.678790e-02 
 3.529795e+01 -3.868956e-02 
 3.529835e+01 -4.030272e-02 
 3.529875e+01 -4.180463e-02 
 3.529915e+01 -4.315637e-02 
 3.529954e+01 -4.446089e-02 
 3.529994e+01 -4.578315e-02 
 3.530034e+01 -4.706375e-02 
 3.530074e+01 -4.827477e-02 
 3.530113e+01 -4.937466e-02 
 3.530153e+01 -5.033433e-02 
 3.530193e+01 -5.115898e-02 
 3.530233e+01 -5.189675e-02 
 3.530273e+01 -5.245009e-02 
 3.530312e+01 -5.291134e-02 
 3.530352e+01 -5.322533e-02 
 3.530392e+01 -5.341803e-02 
 3.530432e+01 -5.349699e-02 
 3.530471e+01 -5.362918e-02 
 3.530511e+01 -5.365255e-02 
 3.530551e+01 -5.357734e-02 
 3.530591e+01 -5.338099e-02 
 3.530630e+01 -5.313685e-02 
 3.530670e+01 -5.282487e-02 
 3.530710e+01 -5.249741e-02 
 3.530750e+01 -5.219727e-02 
 3.530790e+01 -5.191509e-02 
 3.530829e+01 -5.164828e-02 
 3.530869e+01 -5.143804e-02 
 3.530909e+01 -5.143553e-02 
 3.530949e+01 -5.153734e-02 
 3.530988e+01 -5.180621e-02 
 3.531028e+01 -5.210364e-02 
 3.531068e+01 -5.249123e-02 
 3.531108e+01 -5.288231e-02 
 3.531147e+01 -5.337323e-02 
 3.531187e+01 -5.392994e-02 
 3.531227e+01 -5.444001e-02 
 3.531267e+01 -5.495924e-02 
 3.531307e+01 -5.542792e-02 
 3.531346e+01 -5.592183e-02 
 3.531386e+01 -5.647161e-02 
 3.531426e+01 -5.710610e-02 
 3.531466e+01 -5.772573e-02 
 3.531505e+01 -5.840526e-02 
 3.531545e+01 -5.907726e-02 
 3.531585e+01 -5.982751e-02 
 3.531625e+01 -6.052026e-02 
 3.531664e+01 -6.113683e-02 
 3.531704e+01 -6.174196e-02 
 3.531744e+01 -6.225275e-02 
 3.531784e+01 -6.273589e-02 
 3.531824e+01 -6.321134e-02 
 3.531863e+01 -6.366468e-02 
 3.531903e+01 -6.406997e-02 
 3.531943e+01 -6.445312e-02 
 3.531983e+01 -6.478677e-02 
 3.532022e+01 -6.516882e-02 
 3.532062e+01 -6.545951e-02 
 3.532102e+01 -6.568692e-02 
 3.532142e+01 -6.572999e-02 
 3.532181e+01 -6.563252e-02 
 3.532221e+01 -6.545646e-02 
 3.532261e+01 -6.503142e-02 
 3.532301e+01 -6.450931e-02 
 3.532341e+01 -6.376125e-02 
 3.532380e+01 -6.282752e-02 
 3.532420e+01 -6.171866e-02 
 3.532460e+01 -6.053263e-02 
 3.532500e+01 -5.919321e-02 
 3.532539e+01 -5.765750e-02 
 3.532579e+01 -5.582880e-02 
 3.532619e+01 -5.385661e-02 
 3.532659e+01 -5.169374e-02 
 3.532698e+01 -4.945210e-02 
 3.532738e+01 -4.704919e-02 
 3.532778e+01 -4.458620e-02 
 3.532818e+01 -4.198639e-02 
 3.532858e+01 -3.935402e-02 
 3.532897e+01 -3.673929e-02 
 3.532937e+01 -3.419140e-02 
 3.532977e+01 -3.153774e-02 
 3.533017e+01 -2.884107e-02 
 3.533056e+01 -2.605223e-02 
 3.533096e+01 -2.324853e-02 
 3.533136e+01 -2.037545e-02 
 3.533176e+01 -1.738004e-02 
 3.533215e+01 -1.427637e-02 
 3.533255e+01 -1.104562e-02 
 3.533295e+01 -7.816756e-03 
 3.533335e+01 -4.630618e-03 
 3.533375e+01 -1.519117e-03 
 3.533414e+01  1.519825e-03 
 3.533454e+01  4.524120e-03 
 3.533494e+01  7.509423e-03 
 3.533534e+01  1.036964e-02 
 3.533573e+01  1.308405e-02 
 3.533613e+01  1.561256e-02 
 3.533653e+01  1.814107e-02 
 3.533693e+01  2.061884e-02 
 3.533732e+01  2.296642e-02 
 3.533772e+01  2.526875e-02 
 3.533812e+01  2.743445e-02 
 3.533852e+01  2.939761e-02 
 3.533892e+01  3.121572e-02 
 3.533931e+01  3.284314e-02 
 3.533971e+01  3.438218e-02 
 3.534011e+01  3.574846e-02 
 3.534051e+01  3.697971e-02 
 3.534090e+01  3.817735e-02 
 3.534130e+01  3.934026e-02 
 3.534170e+01  4.049465e-02 
 3.534210e+01  4.166269e-02 
 3.534249e+01  4.281626e-02 
 3.534289e+01  4.383513e-02 
 3.534329e+01  4.478363e-02 
 3.534369e+01  4.563430e-02 
 3.534409e+01  4.647916e-02 
 3.534448e+01  4.730406e-02 
 3.534488e+01  4.817892e-02 
 3.534528e+01  4.906803e-02 
 3.534568e+01  4.999021e-02 
 3.534607e+01  5.103251e-02 
 3.534647e+01  5.219149e-02 
 3.534687e+01  5.341619e-02 
 3.534727e+01  5.472501e-02 
 3.534766e+01  5.601287e-02 
 3.534806e+01  5.723268e-02 
 3.534846e+01  5.845704e-02 
 3.534886e+01  5.972043e-02 
 3.534926e+01  6.105556e-02 
 3.534965e+01  6.233401e-02 
 3.535005e+01  6.366369e-02 
 3.535045e+01  6.512971e-02 
 3.535085e+01  6.666073e-02 
 3.535124e+01  6.835895e-02 
 3.535164e+01  7.015166e-02 
 3.535204e+01  7.203760e-02 
 3.535244e+01  7.394074e-02 
 3.535283e+01  7.594774e-02 
 3.535323e+01  7.806224e-02 
 3.535363e+01  8.034293e-02 
 3.535403e+01  8.248185e-02 
 3.535443e+01  8.461913e-02 
 3.535482e+01  8.663501e-02 
 3.535522e+01  8.870682e-02 
 3.535562e+01  9.079172e-02 
 3.535602e+01  9.287753e-02 
 3.535641e+01  9.494275e-02 
 3.535681e+01  9.697975e-02 
 3.535721e+01  9.897632e-02 
 3.535761e+01  1.009285e-01 
 3.535800e+01  1.028479e-01 
 3.535840e+01  1.046376e-01 
 3.535880e+01  1.062401e-01 
 3.535920e+01  1.076941e-01 
 3.535960e+01  1.090361e-01 
 3.535999e+01  1.102621e-01 
 3.536039e+01  1.114273e-01 
 3.536079e+01  1.124328e-01 
 3.536119e+01  1.133798e-01 
 3.536158e+01  1.141953e-01 
 3.536198e+01  1.149327e-01 
 3.536238e+01  1.155204e-01 
 3.536278e+01  1.159625e-01 
 3.536317e+01  1.161604e-01 
 3.536357e+01  1.161945e-01 
 3.536397e+01  1.160713e-01 
 3.536437e+01  1.158087e-01 
 3.536477e+01  1.155237e-01 
 3.536516e+01  1.150450e-01 
 3.536556e+01  1.145654e-01 
 3.536596e+01  1.139940e-01 
 3.536636e+01  1.133629e-01 
 3.536675e+01  1.125995e-01 
 3.536715e+01  1.115808e-01 
 3.536755e+01  1.104879e-01 
 3.536795e+01  1.091226e-01 
 3.536834e+01  1.075800e-01 
 3.536874e+01  1.059361e-01 
 3.536914e+01  1.041610e-01 
 3.536954e+01  1.022615e-01 
 3.536994e+01  1.002614e-01 
 3.537033e+01  9.830139e-02 
 3.537073e+01  9.640670e-02 
 3.537113e+01  9.448092e-02 
 3.537153e+01  9.259236e-02 
 3.537192e+01  9.069619e-02 
 3.537232e+01  8.882885e-02 
 3.537272e+01  8.692211e-02 
 3.537312e+01  8.503034e-02 
 3.537351e+01  8.320968e-02 
 3.537391e+01  8.137937e-02 
 3.537431e+01  7.965853e-02 
 3.537471e+01  7.793680e-02 
 3.537511e+01  7.635842e-02 
 3.537550e+01  7.482455e-02 
 3.537590e+01  7.342526e-02 
 3.537630e+01  7.200725e-02 
 3.537670e+01  7.060377e-02 
 3.537709e+01  6.919181e-02 
 3.537749e+01  6.778633e-02 
 3.537789e+01  6.638797e-02 
 3.537829e+01  6.502040e-02 
 3.537868e+01  6.372152e-02 
 3.537908e+01  6.233590e-02 
 3.537948e+01  6.103483e-02 
 3.537988e+01  5.991038e-02 
 3.538028e+01  5.893956e-02 
 3.538067e+01  5.806696e-02 
 3.538107e+01  5.724373e-02 
 3.538147e+01  5.644205e-02 
 3.538187e+01  5.559488e-02 
 3.538226e+01  5.470057e-02 
 3.538266e+01  5.388207e-02 
 3.538306e+01  5.304826e-02 
 3.538346e+01  5.203997e-02 
 3.538385e+01  5.099984e-02 
 3.538425e+01  4.989745e-02 
 3.538465e+01  4.882781e-02 
 3.538505e+01  4.778856e-02 
 3.538545e+01  4.670406e-02 
 3.538584e+01  4.554779e-02 
 3.538624e+01  4.420712e-02 
 3.538664e+01  4.270538e-02 
 3.538704e+01  4.107750e-02 
 3.538743e+01  3.929845e-02 
 3.538783e+01  3.731895e-02 
 3.538823e+01  3.514460e-02 
 3.538863e+01  3.281337e-02 
 3.538902e+01  3.042621e-02 
 3.538942e+01  2.802480e-02 
 3.538982e+01  2.563836e-02 
 3.539022e+01  2.308484e-02 
 3.539062e+01  2.040844e-02 
 3.539101e+01  1.772581e-02 
 3.539141e+01  1.490900e-02 
 3.539181e+01  1.218351e-02 
 3.539221e+01  9.340395e-03 
 3.539260e+01  6.551216e-03 
 3.539300e+01  3.720537e-03 
 3.539340e+01  8.923095e-04 
 3.539380e+01 -1.823666e-03 
 3.539420e+01 -4.510250e-03 
 3.539459e+01 -7.301447e-03 
 3.539499e+01 -1.008729e-02 
 3.539539e+01 -1.295156e-02 
 3.539579e+01 -1.579742e-02 
 3.539618e+01 -1.865090e-02 
 3.539658e+01 -2.147020e-02 
 3.539698e+01 -2.427589e-02 
 3.539738e+01 -2.704021e-02 
 3.539777e+01 -2.977260e-02 
 3.539817e+01 -3.240425e-02 
 3.539857e+01 -3.485443e-02 
 3.539897e+01 -3.720445e-02 
 3.539937e+01 -3.938376e-02 
 3.539976e+01 -4.149970e-02 
 3.540016e+01 -4.339808e-02 
 3.540056e+01 -4.515216e-02 
 3.540096e+01 -4.667609e-02 
 3.540135e+01 -4.805934e-02 
 3.540175e+01 -4.931327e-02 
 3.540215e+01 -5.044714e-02 
 3.540255e+01 -5.157825e-02 
 3.540294e+01 -5.264986e-02 
 3.540334e+01 -5.364105e-02 
 3.540374e+01 -5.461216e-02 
 3.540414e+01 -5.547305e-02 
 3.540454e+01 -5.628007e-02 
 3.540493e+01 -5.702017e-02 
 3.540533e+01 -5.773007e-02 
 3.540573e+01 -5.847595e-02 
 3.540613e+01 -5.912219e-02 
 3.540652e+01 -5.973194e-02 
 3.540692e+01 -6.035333e-02 
 3.540732e+01 -6.091553e-02 
 3.540772e+01 -6.145813e-02 
 3.540811e+01 -6.189775e-02 
 3.540851e+01 -6.220732e-02 
 3.540891e+01 -6.241675e-02 
 3.540931e+01 -6.250473e-02 
 3.540971e+01 -6.252354e-02 
 3.541010e+01 -6.249061e-02 
 3.541050e+01 -6.235672e-02 
 3.541090e+01 -6.216916e-02 
 3.541130e+01 -6.191197e-02 
 3.541169e+01 -6.164045e-02 
 3.541209e+01 -6.135151e-02 
 3.541249e+01 -6.101020e-02 
 3.541289e+01 -6.064274e-02 
 3.541328e+01 -6.023296e-02 
 3.541368e+01 -5.979658e-02 
 3.541408e+01 -5.931871e-02 
 3.541448e+01 -5.887960e-02 
 3.541488e+01 -5.847808e-02 
 3.541527e+01 -5.814224e-02 
 3.541567e+01 -5.785641e-02 
 3.541607e+01 -5.760071e-02 
 3.541647e+01 -5.742683e-02 
 3.541686e+01 -5.729243e-02 
 3.541726e+01 -5.720654e-02 
 3.541766e+01 -5.714008e-02 
 3.541806e+01 -5.712891e-02 
 3.541845e+01 -5.711550e-02 
 3.541885e+01 -5.702495e-02 
 3.541925e+01 -5.688881e-02 
 3.541965e+01 -5.669031e-02 
 3.542005e+01 -5.650492e-02 
 3.542044e+01 -5.627533e-02 
 3.542084e+01 -5.598601e-02 
 3.542124e+01 -5.571308e-02 
 3.542164e+01 -5.540859e-02 
 3.542203e+01 -5.518349e-02 
 3.542243e+01 -5.500943e-02 
 3.542283e+01 -5.492450e-02 
 3.542323e+01 -5.478179e-02 
 3.542362e+01 -5.455281e-02 
 3.542402e+01 -5.435140e-02 
 3.542442e+01 -5.416906e-02 
 3.542482e+01 -5.397246e-02 
 3.542522e+01 -5.366784e-02 
 3.542561e+01 -5.318416e-02 
 3.542601e+01 -5.259093e-02 
 3.542641e+01 -5.187405e-02 
 3.542681e+01 -5.115529e-02 
 3.542720e+01 -5.033097e-02 
 3.542760e+01 -4.935960e-02 
 3.542800e+01 -4.811377e-02 
 3.542840e+01 -4.672999e-02 
 3.542879e+01 -4.519640e-02 
 3.542919e+01 -4.352885e-02 
 3.542959e+01 -4.167156e-02 
 3.542999e+01 -3.966083e-02 
 3.543039e+01 -3.743940e-02 
 3.543078e+01 -3.516551e-02 
 3.543118e+01 -3.277317e-02 
 3.543158e+01 -3.033892e-02 
 3.543198e+01 -2.778944e-02 
 3.543237e+01 -2.509504e-02 
 3.543277e+01 -2.225457e-02 
 3.543317e+01 -1.933121e-02 
 3.543357e+01 -1.638980e-02 
 3.543396e+01 -1.337059e-02 
 3.543436e+01 -1.031676e-02 
 3.543476e+01 -7.161122e-03 
 3.543516e+01 -4.092760e-03 
 3.543556e+01 -1.061919e-03 
 3.543595e+01  1.884060e-03 
 3.543635e+01  4.767405e-03 
 3.543675e+01  7.648003e-03 
 3.543715e+01  1.049620e-02 
 3.543754e+01  1.331386e-02 
 3.543794e+01  1.605520e-02 
 3.543834e+01  1.874823e-02 
 3.543874e+01  2.141764e-02 
 3.543913e+01  2.412842e-02 
 3.543953e+01  2.676861e-02 
 3.543993e+01  2.938229e-02 
 3.544033e+01  3.194173e-02 
 3.544073e+01  3.441067e-02 
 3.544112e+01  3.682861e-02 
 3.544152e+01  3.914188e-02 
 3.544192e+01  4.132126e-02 
 3.544232e+01  4.339936e-02 
 3.544271e+01  4.537556e-02 
 3.544311e+01  4.720088e-02 
 3.544351e+01  4.886457e-02 
 3.544391e+01  5.047006e-02 
 3.544430e+01  5.203186e-02 
 3.544470e+01  5.347795e-02 
 3.544510e+01  5.488280e-02 
 3.544550e+01  5.605709e-02 
 3.544590e+01  5.718691e-02 
 3.544629e+01  5.813519e-02 
 3.544669e+01  5.913565e-02 
 3.544709e+01  6.017548e-02 
 3.544749e+01  6.115809e-02 
 3.544788e+01  6.223158e-02 
 3.544828e+01  6.335617e-02 
 3.544868e+01  6.457272e-02 
 3.544908e+01  6.586986e-02 
 3.544947e+01  6.713024e-02 
 3.544987e+01  6.839762e-02 
 3.545027e+01  6.956214e-02 
 3.545067e+01  7.052268e-02 
 3.545107e+01  7.151333e-02 
 3.545146e+01  7.240035e-02 
 3.545186e+01  7.336732e-02 
 3.545226e+01  7.433973e-02 
 3.545266e+01  7.538128e-02 
 3.545305e+01  7.646401e-02 
 3.545345e+01  7.764400e-02 
 3.545385e+01  7.883880e-02 
 3.545425e+01  8.002862e-02 
 3.545464e+01  8.124437e-02 
 3.545504e+01  8.240761e-02 
 3.545544e+01  8.356457e-02 
 3.545584e+01  8.466463e-02 
 3.545624e+01  8.579918e-02 
 3.545663e+01  8.695238e-02 
 3.545703e+01  8.811336e-02 
 3.545743e+01  8.942406e-02 
 3.545783e+01  9.082286e-02 
 3.545822e+01  9.227785e-02 
 3.545862e+01  9.372941e-02 
 3.545902e+01  9.522828e-02 
 3.545942e+01  9.683261e-02 
 3.545981e+01  9.834104e-02 
 3.546021e+01  9.985754e-02 
 3.546061e+01  1.013289e-01 
 3.546101e+01  1.026894e-01 
 3.546141e+01  1.040442e-01 
 3.546180e+01  1.053414e-01 
 3.546220e+01  1.066810e-01 
 3.546260e+01  1.078518e-01 
 3.546300e+01  1.089371e-01 
 3.546339e+01  1.099559e-01 
 3.546379e+01  1.108336e-01 
 3.546419e+01  1.115590e-01 
 3.546459e+01  1.120966e-01 
 3.546498e+01  1.124363e-01 
 3.546538e+01  1.125820e-01 
 3.546578e+01  1.125895e-01 
 3.546618e+01  1.124749e-01 
 3.546658e+01  1.122429e-01 
 3.546697e+01  1.119403e-01 
 3.546737e+01  1.115985e-01 
 3.546777e+01  1.111806e-01 
 3.546817e+01  1.107517e-01 
 3.546856e+01  1.102656e-01 
 3.546896e+01  1.096733e-01 
 3.546936e+01  1.088874e-01 
 3.546976e+01  1.079360e-01 
 3.547015e+01  1.068367e-01 
 3.547055e+01  1.055590e-01 
 3.547095e+01  1.041456e-01 
 3.547135e+01  1.026012e-01 
 3.547175e+01  1.009121e-01 
 3.547214e+01  9.907260e-02 
 3.547254e+01  9.713789e-02 
 3.547294e+01  9.520367e-02 
 3.547334e+01  9.317762e-02 
 3.547373e+01  9.112236e-02 
 3.547413e+01  8.891638e-02 
 3.547453e+01  8.669335e-02 
 3.547493e+01  8.438279e-02 
 3.547532e+01  8.208544e-02 
 3.547572e+01  7.982781e-02 
 3.547612e+01  7.759166e-02 
 3.547652e+01  7.545038e-02 
 3.547692e+01  7.334242e-02 
 3.547731e+01  7.139261e-02 
 3.547771e+01  6.951005e-02 
 3.547811e+01  6.777962e-02 
 3.547851e+01  6.604884e-02 
 3.547890e+01  6.436167e-02 
 3.547930e+01  6.260569e-02 
 3.547970e+01  6.091822e-02 
 3.548010e+01  5.918697e-02 
 3.548049e+01  5.761723e-02 
 3.548089e+01  5.603123e-02 
 3.548129e+01  5.447820e-02 
 3.548169e+01  5.287117e-02 
 3.548209e+01  5.136382e-02 
 3.548248e+01  4.996146e-02 
 3.548288e+01  4.858504e-02 
 3.548328e+01  4.725742e-02 
 3.548368e+01  4.579544e-02 
 3.548407e+01  4.432024e-02 
 3.548447e+01  4.279990e-02 
 3.548487e+01  4.131769e-02 
 3.548527e+01  3.981057e-02 
 3.548567e+01  3.834645e-02 
 3.548606e+01  3.683193e-02 
 3.548646e+01  3.540837e-02 
 3.548686e+01  3.404674e-02 
 3.548726e+01  3.286247e-02 
 3.548765e+01  3.177299e-02 
 3.548805e+01  3.066835e-02 
 3.548845e+01  2.959349e-02 
 3.548885e+01  2.844734e-02 
 3.548924e+01  2.721237e-02 
 3.548964e+01  2.585885e-02 
 3.549004e+01  2.446337e-02 
 3.549044e+01  2.280174e-02 
 3.549084e+01  2.104584e-02 
 3.549123e+01  1.912473e-02 
 3.549163e+01  1.716608e-02 
 3.549203e+01  1.517563e-02 
 3.549243e+01  1.312228e-02 
 3.549282e+01  1.099609e-02 
 3.549322e+01  8.753134e-03 
 3.549362e+01  6.479074e-03 
 3.549402e+01  4.103554e-03 
 3.549441e+01  1.646688e-03 
 3.549481e+01 -8.358525e-04 
 3.549521e+01 -3.359740e-03 
 3.549561e+01 -5.818067e-03 
 3.549601e+01 -8.242991e-03 
 3.549640e+01 -1.056211e-02 
 3.549680e+01 -1.289580e-02 
 3.549720e+01 -1.519252e-02 
 3.549760e+01 -1.746784e-02 
 3.549799e+01 -1.971523e-02 
 3.549839e+01 -2.201740e-02 
 3.549879e+01 -2.439190e-02 
 3.549919e+01 -2.682976e-02 
 3.549958e+01 -2.927642e-02 
 3.549998e+01 -3.164081e-02 
 3.550038e+01 -3.404501e-02 
 3.550078e+01 -3.640358e-02 
 3.550118e+01 -3.869224e-02 
 3.550157e+01 -4.098372e-02 
 3.550197e+01 -4.319037e-02 
 3.550237e+01 -4.529738e-02 
 3.550277e+01 -4.728596e-02 
 3.550316e+01 -4.925207e-02 
 3.550356e+01 -5.116415e-02 
 3.550396e+01 -5.296113e-02 
 3.550436e+01 -5.467884e-02 
 3.550475e+01 -5.631623e-02 
 3.550515e+01 -5.782843e-02 
 3.550555e+01 -5.916894e-02 
 3.550595e+01 -6.041792e-02 
 3.550635e+01 -6.141105e-02 
 3.550674e+01 -6.219379e-02 
 3.550714e+01 -6.276778e-02 
 3.550754e+01 -6.323914e-02 
 3.550794e+01 -6.357245e-02 
 3.550833e+01 -6.377521e-02 
 3.550873e+01 -6.383549e-02 
 3.550913e+01 -6.381252e-02 
 3.550953e+01 -6.372881e-02 
 3.550992e+01 -6.366225e-02 
 3.551032e+01 -6.354304e-02 
 3.551072e+01 -6.337502e-02 
 3.551112e+01 -6.310829e-02 
 3.551152e+01 -6.284137e-02 
 3.551191e+01 -6.253436e-02 
 3.551231e+01 -6.224279e-02 
 3.551271e+01 -6.194794e-02 
 3.551311e+01 -6.159453e-02 
 3.551350e+01 -6.116312e-02 
 3.551390e+01 -6.071964e-02 
 3.551430e+01 -6.025574e-02 
 3.551470e+01 -5.968482e-02 
 3.551509e+01 -5.905118e-02 
 3.551549e+01 -5.829006e-02 
 3.551589e+01 -5.744333e-02 
 3.551629e+01 -5.653523e-02 
 3.551669e+01 -5.553914e-02 
 3.551708e+01 -5.459023e-02 
 3.551748e+01 -5.366319e-02 
 3.551788e+01 -5.282226e-02 
 3.551828e+01 -5.202485e-02 
 3.551867e+01 -5.131687e-02 
 3.551907e+01 -5.070278e-02 
 3.551947e+01 -5.017178e-02 
 3.551987e+01 -4.979077e-02 
 3.552026e+01 -4.947550e-02 
 3.552066e+01 -4.918456e-02 
 3.552106e+01 -4.882772e-02 
 3.552146e+01 -4.837955e-02 
 3.552186e+01 -4.793515e-02 
 3.552225e+01 -4.747772e-02 
 3.552265e+01 -4.703501e-02 
 3.552305e+01 -4.653896e-02 
 3.552345e+01 -4.602718e-02 
 3.552384e+01 -4.545097e-02 
 3.552424e+01 -4.490501e-02 
 3.552464e+01 -4.436159e-02 
 3.552504e+01 -4.378392e-02 
 3.552543e+01 -4.308279e-02 
 3.552583e+01 -4.226960e-02 
 3.552623e+01 -4.132526e-02 
 3.552663e+01 -4.039750e-02 
 3.552703e+01 -3.942947e-02 
 3.552742e+01 -3.838223e-02 
 3.552782e+01 -3.724837e-02 
 3.552822e+01 -3.603372e-02 
 3.552862e+01 -3.485547e-02 
 3.552901e+01 -3.368926e-02 
 3.552941e+01 -3.259277e-02 
 3.552981e+01 -3.143844e-02 
 3.553021e+01 -3.020836e-02 
 3.553060e+01 -2.884254e-02 
 3.553100e+01 -2.746538e-02 
 3.553140e+01 -2.607470e-02 
 3.553180e+01 -2.451714e-02 
 3.553220e+01 -2.288179e-02 
 3.553259e+01 -2.114931e-02 
 3.553299e+01 -1.934054e-02 
 3.553339e+01 -1.746550e-02 
 3.553379e+01 -1.553648e-02 
 3.553418e+01 -1.345132e-02 
 3.553458e+01 -1.123957e-02 
 3.553498e+01 -8.884940e-03 
 3.553538e+01 -6.427605e-03 
 3.553577e+01 -3.793813e-03 
 3.553617e+01 -1.050093e-03 
 3.553657e+01  1.798951e-03 
 3.553697e+01  4.765756e-03 
 3.553737e+01  7.718996e-03 
 3.553776e+01  1.067985e-02 
 3.553816e+01  1.365444e-02 
 3.553856e+01  1.653272e-02 
 3.553896e+01  1.939620e-02 
 3.553935e+01  2.215478e-02 
 3.553975e+01  2.486534e-02 
 3.554015e+01  2.756109e-02 
 3.554055e+01  3.020637e-02 
 3.554094e+01  3.290706e-02 
 3.554134e+01  3.557160e-02 
 3.554174e+01  3.822153e-02 
 3.554214e+01  4.091090e-02 
 3.554254e+01  4.357337e-02 
 3.554293e+01  4.625547e-02 
 3.554333e+01  4.895513e-02 
 3.554373e+01  5.158414e-02 
 3.554413e+01  5.410522e-02 
 3.554452e+01  5.650862e-02 
 3.554492e+01  5.884823e-02 
 3.554532e+01  6.101072e-02 
 3.554572e+01  6.307176e-02 
 3.554611e+01  6.502830e-02 
 3.554651e+01  6.686116e-02 
 3.554691e+01  6.852626e-02 
 3.554731e+01  7.011785e-02 
 3.554771e+01  7.155289e-02 
 3.554810e+01  7.280797e-02 
 3.554850e+01  7.393270e-02 
 3.554890e+01  7.487877e-02 
 3.554930e+01  7.578371e-02 
 3.554969e+01  7.649129e-02 
 3.555009e+01  7.716435e-02 
 3.555049e+01  7.783336e-02 
 3.555089e+01  7.846675e-02 
 3.555128e+01  7.910210e-02 
 3.555168e+01  7.976518e-02 
 3.555208e+01  8.038347e-02 
 3.555248e+01  8.098631e-02 
 3.555288e+01  8.155048e-02 
 3.555327e+01  8.205469e-02 
 3.555367e+01  8.255523e-02 
 3.555407e+01  8.308126e-02 
 3.555447e+01  8.364811e-02 
 3.555486e+01  8.426118e-02 
 3.555526e+01  8.498395e-02 
 3.555566e+01  8.575403e-02 
 3.555606e+01  8.651188e-02 
 3.555645e+01  8.738474e-02 
 3.555685e+01  8.828592e-02 
 3.555725e+01  8.917607e-02 
 3.555765e+01  9.000821e-02 
 3.555805e+01  9.077600e-02 
 3.555844e+01  9.149427e-02 
 3.555884e+01  9.212980e-02 
 3.555924e+01  9.280839e-02 
 3.555964e+01  9.350628e-02 
 3.556003e+01  9.420035e-02 
 3.556043e+01  9.488808e-02 
 3.556083e+01  9.565041e-02 
 3.556123e+01  9.651958e-02 
 3.556162e+01  9.752657e-02 
 3.556202e+01  9.858785e-02 
 3.556242e+01  9.965680e-02 
 3.556282e+01  1.006841e-01 
 3.556322e+01  1.016867e-01 
 3.556361e+01  1.027261e-01 
 3.556401e+01  1.037832e-01 
 3.556441e+01  1.048316e-01 
 3.556481e+01  1.058571e-01 
 3.556520e+01  1.067620e-01 
 3.556560e+01  1.076488e-01 
 3.556600e+01  1.084907e-01 
 3.556640e+01  1.092713e-01 
 3.556679e+01  1.099074e-01 
 3.556719e+01  1.103631e-01 
 3.556759e+01  1.105732e-01 
 3.556799e+01  1.106315e-01 
 3.556839e+01  1.105081e-01 
 3.556878e+01  1.103222e-01 
 3.556918e+01  1.100717e-01 
 3.556958e+01  1.096931e-01 
 3.556998e+01  1.093249e-01 
 3.557037e+01  1.088749e-01 
 3.557077e+01  1.084178e-01 
 3.557117e+01  1.078279e-01 
 3.557157e+01  1.071335e-01 
 3.557196e+01  1.062730e-01 
 3.557236e+01  1.052883e-01 
 3.557276e+01  1.041917e-01 
 3.557316e+01  1.029854e-01 
 3.557356e+01  1.016823e-01 
 3.557395e+01  1.003167e-01 
 3.557435e+01  9.885210e-02 
 3.557475e+01  9.726315e-02 
 3.557515e+01  9.565262e-02 
 3.557554e+01  9.393820e-02 
 3.557594e+01  9.209644e-02 
 3.557634e+01  9.018969e-02 
 3.557674e+01  8.807264e-02 
 3.557714e+01  8.581114e-02 
 3.557753e+01  8.342588e-02 
 3.557793e+01  8.092374e-02 
 3.557833e+01  7.829760e-02 
 3.557873e+01  7.567515e-02 
 3.557912e+01  7.294881e-02 
 3.557952e+01  7.017682e-02 
 3.557992e+01  6.740935e-02 
 3.558032e+01  6.465162e-02 
 3.558071e+01  6.191975e-02 
 3.558111e+01  5.922331e-02 
 3.558151e+01  5.658927e-02 
 3.558191e+01  5.406761e-02 
 3.558231e+01  5.165568e-02 
 3.558270e+01  4.940246e-02 
 3.558310e+01  4.731328e-02 
 3.558350e+01  4.534735e-02 
 3.558390e+01  4.343003e-02 
 3.558429e+01  4.163528e-02 
 3.558469e+01  3.981146e-02 
 3.558509e+01  3.806290e-02 
 3.558549e+01  3.633720e-02 
 3.558588e+01  3.456783e-02 
 3.558628e+01  3.270634e-02 
 3.558668e+01  3.078997e-02 
 3.558708e+01  2.889066e-02 
 3.558748e+01  2.699416e-02 
 3.558787e+01  2.518270e-02 
 3.558827e+01  2.342162e-02 
 3.558867e+01  2.171726e-02 
 3.558907e+01  2.012551e-02 
 3.558946e+01  1.866626e-02 
 3.558986e+01  1.732553e-02 
 3.559026e+01  1.606536e-02 
 3.559066e+01  1.483024e-02 
 3.559105e+01  1.372780e-02 
 3.559145e+01  1.266454e-02 
 3.559185e+01  1.156967e-02 
 3.559225e+01  1.049901e-02 
 3.559265e+01  9.405352e-03 
 3.559304e+01  8.257022e-03 
 3.559344e+01  7.119358e-03 
 3.559384e+01  5.952240e-03 
 3.559424e+01  4.784740e-03 
 3.559463e+01  3.498967e-03 
 3.559503e+01  2.074445e-03 
 3.559543e+01  6.501738e-04 
 3.559583e+01 -9.569245e-04 
 3.559622e+01 -2.636086e-03 
 3.559662e+01 -4.484903e-03 
 3.559702e+01 -6.423732e-03 
 3.559742e+01 -8.326800e-03 
 3.559782e+01 -1.027629e-02 
 3.559821e+01 -1.217471e-02 
 3.559861e+01 -1.412023e-02 
 3.559901e+01 -1.610315e-02 
 3.559941e+01 -1.810038e-02 
 3.559980e+01 -2.013395e-02 
 3.560020e+01 -2.208953e-02 
 3.560060e+01 -2.408565e-02 
 3.560100e+01 -2.617675e-02 
 3.560139e+01 -2.837937e-02 
 3.560179e+01 -3.053393e-02 
 3.560219e+01 -3.264833e-02 
 3.560259e+01 -3.470209e-02 
 3.560299e+01 -3.679323e-02 
 3.560338e+01 -3.889574e-02 
 3.560378e+01 -4.111092e-02 
 3.560418e+01 -4.335896e-02 
 3.560458e+01 -4.554715e-02 
 3.560497e+01 -4.772475e-02 
 3.560537e+01 -5.002562e-02 
 3.560577e+01 -5.242639e-02 
 3.560617e+01 -5.481129e-02 
 3.560656e+01 -5.715386e-02 
 3.560696e+01 -5.946183e-02 
 3.560736e+01 -6.170819e-02 
 3.560776e+01 -6.387272e-02 
 3.560816e+01 -6.600384e-02 
 3.560855e+01 -6.795947e-02 
 3.560895e+01 -6.969874e-02 
 3.560935e+01 -7.113206e-02 
 3.560975e+01 -7.235846e-02 
 3.561014e+01 -7.338049e-02 
 3.561054e+01 -7.420175e-02 
 3.561094e+01 -7.479824e-02 
 3.561134e+01 -7.519988e-02 
 3.561173e+01 -7.542334e-02 
 3.561213e+01 -7.550126e-02 
 3.561253e+01 -7.540860e-02 
 3.561293e+01 -7.518126e-02 
 3.561333e+01 -7.484526e-02 
 3.561372e+01 -7.444478e-02 
 3.561412e+01 -7.393955e-02 
 3.561452e+01 -7.337140e-02 
 3.561492e+01 -7.276648e-02 
 3.561531e+01 -7.209762e-02 
 3.561571e+01 -7.134063e-02 
 3.561611e+01 -7.047662e-02 
 3.561651e+01 -6.952707e-02 
 3.561690e+01 -6.842903e-02 
 3.561730e+01 -6.715599e-02 
 3.561770e+01 -6.582961e-02 
 3.561810e+01 -6.436405e-02 
 3.561850e+01 -6.276256e-02 
 3.561889e+01 -6.110885e-02 
 3.561929e+01 -5.944123e-02 
 3.561969e+01 -5.769754e-02 
 3.562009e+01 -5.606703e-02 
 3.562048e+01 -5.439895e-02 
 3.562088e+01 -5.280519e-02 
 3.562128e+01 -5.117457e-02 
 3.562168e+01 -4.959922e-02 
 3.562207e+01 -4.818065e-02 
 3.562247e+01 -4.682918e-02 
 3.562287e+01 -4.568948e-02 
 3.562327e+01 -4.461853e-02 
 3.562367e+01 -4.357664e-02 
 3.562406e+01 -4.268699e-02 
 3.562446e+01 -4.196277e-02 
 3.562486e+01 -4.132410e-02 
 3.562526e+01 -4.075253e-02 
 3.562565e+01 -4.021657e-02 
 3.562605e+01 -3.972607e-02 
 3.562645e+01 -3.925049e-02 
 3.562685e+01 -3.889453e-02 
 3.562724e+01 -3.857909e-02 
 3.562764e+01 -3.818433e-02 
 3.562804e+01 -3.769987e-02 
 3.562844e+01 -3.714155e-02 
 3.562884e+01 -3.654396e-02 
 3.562923e+01 -3.586657e-02 
 3.562963e+01 -3.507793e-02 
 3.563003e+01 -3.420467e-02 
 3.563043e+01 -3.322546e-02 
 3.563082e+01 -3.220043e-02 
 3.563122e+01 -3.111590e-02 
 3.563162e+01 -2.998488e-02 
 3.563202e+01 -2.882170e-02 
 3.563241e+01 -2.764101e-02 
 3.563281e+01 -2.637915e-02 
 3.563321e+01 -2.506305e-02 
 3.563361e+01 -2.369492e-02 
 3.563401e+01 -2.225363e-02 
 3.563440e+01 -2.079195e-02 
 3.563480e+01 -1.925465e-02 
 3.563520e+01 -1.773763e-02 
 3.563560e+01 -1.611596e-02 
 3.563599e+01 -1.442949e-02 
 3.563639e+01 -1.260117e-02 
 3.563679e+01 -1.064857e-02 
 3.563719e+01 -8.498117e-03 
 3.563758e+01 -6.190870e-03 
 3.563798e+01 -3.700225e-03 
 3.563838e+01 -1.029144e-03 
 3.563878e+01  1.810727e-03 
 3.563918e+01  4.744647e-03 
 3.563957e+01  7.646403e-03 
 3.563997e+01  1.054888e-02 
 3.564037e+01  1.342889e-02 
 3.564077e+01  1.632385e-02 
 3.564116e+01  1.915317e-02 
 3.564156e+01  2.195527e-02 
 3.564196e+01  2.476172e-02 
 3.564236e+01  2.756345e-02 
 3.564275e+01  3.043173e-02 
 3.564315e+01  3.333178e-02 
 3.564355e+01  3.621488e-02 
 3.564395e+01  3.911331e-02 
 3.564435e+01  4.195622e-02 
 3.564474e+01  4.480293e-02 
 3.564514e+01  4.767710e-02 
 3.564554e+01  5.057182e-02 
 3.564594e+01  5.342014e-02 
 3.564633e+01  5.619350e-02 
 3.564673e+01  5.895530e-02 
 3.564713e+01  6.165219e-02 
 3.564753e+01  6.428845e-02 
 3.564792e+01  6.688677e-02 
 3.564832e+01  6.940907e-02 
 3.564872e+01  7.186857e-02 
 3.564912e+01  7.410672e-02 
 3.564952e+01  7.630260e-02 
 3.564991e+01  7.838851e-02 
 3.565031e+01  8.037909e-02 
 3.565071e+01  8.218667e-02 
 3.565111e+01  8.386334e-02 
 3.565150e+01  8.541917e-02 
 3.565190e+01  8.679124e-02 
 3.565230e+01  8.800680e-02 
 3.565270e+01  8.916306e-02 
 3.565309e+01  9.008860e-02 
 3.565349e+01  9.085779e-02 
 3.565389e+01  9.142790e-02 
 3.565429e+01  9.183618e-02 
 3.565469e+01  9.209622e-02 
 3.565508e+01  9.223037e-02 
 3.565548e+01  9.222286e-02 
 3.565588e+01  9.210798e-02 
 3.565628e+01  9.199385e-02 
 3.565667e+01  9.186825e-02 
 3.565707e+01  9.178439e-02 
 3.565747e+01  9.183623e-02 
 3.565787e+01  9.187134e-02 
 3.565826e+01  9.194957e-02 
 3.565866e+01  9.194390e-02 
 3.565906e+01  9.201547e-02 
 3.565946e+01  9.207159e-02 
 3.565986e+01  9.208943e-02 
 3.566025e+01  9.213608e-02 
 3.566065e+01  9.213158e-02 
 3.566105e+01  9.216430e-02 
 3.566145e+01  9.220072e-02 
 3.566184e+01  9.234518e-02 
 3.566224e+01  9.249277e-02 
 3.566264e+01  9.260874e-02 
 3.566304e+01  9.275515e-02 
 3.566343e+01  9.293058e-02 
 3.566383e+01  9.324520e-02 
 3.566423e+01  9.366143e-02 
 3.566463e+01  9.412045e-02 
 3.566503e+01  9.454469e-02 
 3.566542e+01  9.503984e-02 
 3.566582e+01  9.556470e-02 
 3.566622e+01  9.619115e-02 
 3.566662e+01  9.689712e-02 
 3.566701e+01  9.764602e-02 
 3.566741e+01  9.836345e-02 
 3.566781e+01  9.909072e-02 
 3.566821e+01  9.977773e-02 
 3.566861e+01  1.005614e-01 
 3.566900e+01  1.012795e-01 
 3.566940e+01  1.019307e-01 
 3.566980e+01  1.024554e-01 
 3.567020e+01  1.028282e-01 
 3.567059e+01  1.030991e-01 
 3.567099e+01  1.032549e-01 
 3.567139e+01  1.033516e-01 
 3.567179e+01  1.033816e-01 
 3.567218e+01  1.033090e-01 
 3.567258e+01  1.031150e-01 
 3.567298e+01  1.028770e-01 
 3.567338e+01  1.025596e-01 
 3.567378e+01  1.020859e-01 
 3.567417e+01  1.013903e-01 
 3.567457e+01  1.005200e-01 
 3.567497e+01  9.946086e-02 
 3.567537e+01  9.819671e-02 
 3.567576e+01  9.684816e-02 
 3.567616e+01  9.542188e-02 
 3.567656e+01  9.400894e-02 
 3.567696e+01  9.253496e-02 
 3.567735e+01  9.104842e-02 
 3.567775e+01  8.955268e-02 
 3.567815e+01  8.797122e-02 
 3.567855e+01  8.635125e-02 
 3.567895e+01  8.466809e-02 
 3.567934e+01  8.279932e-02 
 3.567974e+01  8.078656e-02 
 3.568014e+01  7.855085e-02 
 3.568054e+01  7.619286e-02 
 3.568093e+01  7.368092e-02 
 3.568133e+01  7.108972e-02 
 3.568173e+01  6.833642e-02 
 3.568213e+01  6.546379e-02 
 3.568252e+01  6.259118e-02 
 3.568292e+01  5.959095e-02 
 3.568332e+01  5.657857e-02 
 3.568372e+01  5.343345e-02 
 3.568412e+01  5.025973e-02 
 3.568451e+01  4.707410e-02 
 3.568491e+01  4.389797e-02 
 3.568531e+01  4.083729e-02 
 3.568571e+01  3.789355e-02 
 3.568610e+01  3.501705e-02 
 3.568650e+01  3.225212e-02 
 3.568690e+01  2.963663e-02 
 3.568730e+01  2.719926e-02 
 3.568769e+01  2.482187e-02 
 3.568809e+01  2.259654e-02 
 3.568849e+01  2.036979e-02 
 3.568889e+01  1.822774e-02 
 3.568929e+01  1.612288e-02 
 3.568968e+01  1.407374e-02 
 3.569008e+01  1.208444e-02 
 3.569048e+01  1.012087e-02 
 3.569088e+01  8.209315e-03 
 3.569127e+01  6.334724e-03 
 3.569167e+01  4.571512e-03 
 3.569207e+01  2.939617e-03 
 3.569247e+01  1.335299e-03 
 3.569286e+01 -1.845137e-04 
 3.569326e+01 -1.612917e-03 
 3.569366e+01 -2.902555e-03 
 3.569406e+01 -4.179532e-03 
 3.569446e+01 -5.413760e-03 
 3.569485e+01 -6.563056e-03 
 3.569525e+01 -7.692243e-03 
 3.569565e+01 -8.629187e-03 
 3.569605e+01 -9.519336e-03 
 3.569644e+01 -1.029476e-02 
 3.569684e+01 -1.108377e-02 
 3.569724e+01 -1.180830e-02 
 3.569764e+01 -1.248069e-02 
 3.569803e+01 -1.307706e-02 
 3.569843e+01 -1.370215e-02 
 3.569883e+01 -1.445692e-02 
 3.569923e+01 -1.530807e-02 
 3.569963e+01 -1.623814e-02 
 3.570002e+01 -1.720586e-02 
 3.570042e+01 -1.825091e-02 
 3.570082e+01 -1.940945e-02 
 3.570122e+01 -2.072323e-02 
 3.570161e+01 -2.222033e-02 
 3.570201e+01 -2.380832e-02 
 3.570241e+01 -2.540888e-02 
 3.570281e+01 -2.706872e-02 
 3.570320e+01 -2.884468e-02 
 3.570360e+01 -3.075530e-02 
 3.570400e+01 -3.260315e-02 
 3.570440e+01 -3.445419e-02 
 3.570480e+01 -3.613110e-02 
 3.570519e+01 -3.774474e-02 
 3.570559e+01 -3.928743e-02 
 3.570599e+01 -4.082811e-02 
 3.570639e+01 -4.238808e-02 
 3.570678e+01 -4.382549e-02 
 3.570718e+01 -4.527869e-02 
 3.570758e+01 -4.670693e-02 
 3.570798e+01 -4.824175e-02 
 3.570837e+01 -4.985001e-02 
 3.570877e+01 -5.150186e-02 
 3.570917e+01 -5.323728e-02 
 3.570957e+01 -5.500130e-02 
 3.570997e+01 -5.684472e-02 
 3.571036e+01 -5.877980e-02 
 3.571076e+01 -6.074392e-02 
 3.571116e+01 -6.267591e-02 
 3.571156e+01 -6.451132e-02 
 3.571195e+01 -6.621179e-02 
 3.571235e+01 -6.777224e-02 
 3.571275e+01 -6.915916e-02 
 3.571315e+01 -7.043043e-02 
 3.571354e+01 -7.155955e-02 
 3.571394e+01 -7.246949e-02 
 3.571434e+01 -7.320012e-02 
 3.571474e+01 -7.372846e-02 
 3.571514e+01 -7.407293e-02 
 3.571553e+01 -7.424962e-02 
 3.571593e+01 -7.433461e-02 
 3.571633e+01 -7.420737e-02 
 3.571673e+01 -7.390626e-02 
 3.571712e+01 -7.337791e-02 
 3.571752e+01 -7.276638e-02 
 3.571792e+01 -7.193530e-02 
 3.571832e+01 -7.108523e-02 
 3.571871e+01 -7.005964e-02 
 3.571911e+01 -6.886600e-02 
 3.571951e+01 -6.758998e-02 
 3.571991e+01 -6.623441e-02 
 3.572031e+01 -6.482774e-02 
 3.572070e+01 -6.336019e-02 
 3.572110e+01 -6.187220e-02 
 3.572150e+01 -6.028024e-02 
 3.572190e+01 -5.864066e-02 
 3.572229e+01 -5.689253e-02 
 3.572269e+01 -5.510170e-02 
 3.572309e+01 -5.311056e-02 
 3.572349e+01 -5.095178e-02 
 3.572388e+01 -4.866309e-02 
 3.572428e+01 -4.622273e-02 
 3.572468e+01 -4.372564e-02 
 3.572508e+01 -4.120590e-02 
 3.572548e+01 -3.872808e-02 
 3.572587e+01 -3.628856e-02 
 3.572627e+01 -3.391866e-02 
 3.572667e+01 -3.168805e-02 
 3.572707e+01 -2.956842e-02 
 3.572746e+01 -2.750795e-02 
 3.572786e+01 -2.567106e-02 
 3.572826e+01 -2.395608e-02 
 3.572866e+01 -2.249972e-02 
 3.572905e+01 -2.121782e-02 
 3.572945e+01 -2.016334e-02 
 3.572985e+01 -1.928125e-02 
 3.573025e+01 -1.855276e-02 
 3.573065e+01 -1.798029e-02 
 3.573104e+01 -1.749457e-02 
 3.573144e+01 -1.704687e-02 
 3.573184e+01 -1.657481e-02 
 3.573224e+01 -1.602503e-02 
 3.573263e+01 -1.539911e-02 
 3.573303e+01 -1.470076e-02 
 3.573343e+01 -1.391996e-02 
 3.573383e+01 -1.306479e-02 
 3.573422e+01 -1.211700e-02 
 3.573462e+01 -1.123910e-02 
 3.573502e+01 -1.031272e-02 
 3.573542e+01 -9.426065e-03 
 3.573582e+01 -8.537920e-03 
 3.573621e+01 -7.587663e-03 
 3.573661e+01 -6.572861e-03 
 3.573701e+01 -5.516923e-03 
 3.573741e+01 -4.421939e-03 
 3.573780e+01 -3.273023e-03 
 3.573820e+01 -2.055939e-03 
 3.573860e+01 -7.025681e-04 
 3.573900e+01  7.202100e-04 
 3.573939e+01  2.265825e-03 
 3.573979e+01  3.861327e-03 
 3.574019e+01  5.575563e-03 
 3.574059e+01  7.444998e-03 
 3.574099e+01  9.494625e-03 
 3.574138e+01  1.174373e-02 
 3.574178e+01  1.412246e-02 
 3.574218e+01  1.650922e-02 
 3.574258e+01  1.906071e-02 
 3.574297e+01  2.170653e-02 
 3.574337e+01  2.446443e-02 
 3.574377e+01  2.731747e-02 
 3.574417e+01  3.015168e-02 
 3.574456e+01  3.301823e-02 
 3.574496e+01  3.586910e-02 
 3.574536e+01  3.879117e-02 
 3.574576e+01  4.176415e-02 
 3.574616e+01  4.472695e-02 
 3.574655e+01  4.765838e-02 
 3.574695e+01  5.045190e-02 
 3.574735e+01  5.323381e-02 
 3.574775e+01  5.592848e-02 
 3.574814e+01  5.851794e-02 
 3.574854e+01  6.100721e-02 
 3.574894e+01  6.335946e-02 
 3.574934e+01  6.554084e-02 
 3.574973e+01  6.764268e-02 
 3.575013e+01  6.964398e-02 
 3.575053e+01  7.168080e-02 
 3.575093e+01  7.367890e-02 
 3.575133e+01  7.560134e-02 
 3.575172e+01  7.756029e-02 
 3.575212e+01  7.942455e-02 
 3.575252e+01  8.134294e-02 
 3.575292e+01  8.326417e-02 
 3.575331e+01  8.510445e-02 
 3.575371e+01  8.690262e-02 
 3.575411e+01  8.859170e-02 
 3.575451e+01  9.022018e-02 
 3.575490e+01  9.174919e-02 
 3.575530e+01  9.324828e-02 
 3.575570e+01  9.465784e-02 
 3.575610e+01  9.591033e-02 
 3.575650e+01  9.698199e-02 
 3.575689e+01  9.789898e-02 
 3.575729e+01  9.863921e-02 
 3.575769e+01  9.923876e-02 
 3.575809e+01  9.958474e-02 
 3.575848e+01  9.982762e-02 
 3.575888e+01  9.982508e-02 
 3.575928e+01  9.978345e-02 
 3.575968e+01  9.964857e-02 
 3.576008e+01  9.949641e-02 
 3.576047e+01  9.925704e-02 
 3.576087e+01  9.888444e-02 
 3.576127e+01  9.846895e-02 
 3.576167e+01  9.797260e-02 
 3.576206e+01  9.752905e-02 
 3.576246e+01  9.703635e-02 
 3.576286e+01  9.661610e-02 
 3.576326e+01  9.611116e-02 
 3.576365e+01  9.562685e-02 
 3.576405e+01  9.516948e-02 
 3.576445e+01  9.463234e-02 
 3.576485e+01  9.412722e-02 
 3.576525e+01  9.359254e-02 
 3.576564e+01  9.301760e-02 
 3.576604e+01  9.251311e-02 
 3.576644e+01  9.201701e-02 
 3.576684e+01  9.165290e-02 
 3.576723e+01  9.126019e-02 
 3.576763e+01  9.086422e-02 
 3.576803e+01  9.064729e-02 
 3.576843e+01  9.030793e-02 
 3.576882e+01  9.006265e-02 
 3.576922e+01  8.976095e-02 
 3.576962e+01  8.945042e-02 
 3.577002e+01  8.908857e-02 
 3.577042e+01  8.872880e-02 
 3.577081e+01  8.847874e-02 
 3.577121e+01  8.829857e-02 
 3.577161e+01  8.822425e-02 
 3.577201e+01  8.824609e-02 
 3.577240e+01  8.843539e-02 
 3.577280e+01  8.878374e-02 
 3.577320e+01  8.918281e-02 
 3.577360e+01  8.959855e-02 
 3.577399e+01  9.004025e-02 
 3.577439e+01  9.036875e-02 
 3.577479e+01  9.072536e-02 
 3.577519e+01  9.093215e-02 
 3.577559e+01  9.093307e-02 
 3.577598e+01  9.075524e-02 
 3.577638e+01  9.033371e-02 
 3.577678e+01  8.969950e-02 
 3.577718e+01  8.882777e-02 
 3.577757e+01  8.776223e-02 
 3.577797e+01  8.645983e-02 
 3.577837e+01  8.493331e-02 
 3.577877e+01  8.335054e-02 
 3.577916e+01  8.165057e-02 
 3.577956e+01  7.979463e-02 
 3.577996e+01  7.779476e-02 
 3.578036e+01  7.571490e-02 
 3.578076e+01  7.364440e-02 
 3.578115e+01  7.150609e-02 
 3.578155e+01  6.950907e-02 
 3.578195e+01  6.751430e-02 
 3.578235e+01  6.541640e-02 
 3.578274e+01  6.329999e-02 
 3.578314e+01  6.111809e-02 
 3.578354e+01  5.898922e-02 
 3.578394e+01  5.666563e-02 
 3.578433e+01  5.436475e-02 
 3.578473e+01  5.192321e-02 
 3.578513e+01  4.940027e-02 
 3.578553e+01  4.677743e-02 
 3.578593e+01  4.414494e-02 
 3.578632e+01  4.152993e-02 
 3.578672e+01  3.886366e-02 
 3.578712e+01  3.616933e-02 
 3.578752e+01  3.343972e-02 
 3.578791e+01  3.062092e-02 
 3.578831e+01  2.787573e-02 
 3.578871e+01  2.504339e-02 
 3.578911e+01  2.228033e-02 
 3.578950e+01  1.954075e-02 
 3.578990e+01  1.675328e-02 
 3.579030e+01  1.414742e-02 
 3.579070e+01  1.153212e-02 
 3.579110e+01  9.198275e-03 
 3.579149e+01  7.055222e-03 
 3.579189e+01  5.005122e-03 
 3.579229e+01  3.104437e-03 
 3.579269e+01  1.274469e-03 
 3.579308e+01 -4.111006e-04 
 3.579348e+01 -2.035952e-03 
 3.579388e+01 -3.545843e-03 
 3.579428e+01 -5.125643e-03 
 3.579467e+01 -6.780408e-03 
 3.579507e+01 -8.560432e-03 
 3.579547e+01 -1.027543e-02 
 3.579587e+01 -1.205960e-02 
 3.579627e+01 -1.388708e-02 
 3.579666e+01 -1.573459e-02 
 3.579706e+01 -1.771220e-02 
 3.579746e+01 -1.967128e-02 
 3.579786e+01 -2.157251e-02 
 3.579825e+01 -2.332704e-02 
 3.579865e+01 -2.498616e-02 
 3.579905e+01 -2.656869e-02 
 3.579945e+01 -2.802794e-02 
 3.579984e+01 -2.930613e-02 
 3.580024e+01 -3.037766e-02 
 3.580064e+01 -3.124985e-02 
 3.580104e+01 -3.199415e-02 
 3.580144e+01 -3.266763e-02 
 3.580183e+01 -3.322026e-02 
 3.580223e+01 -3.372476e-02 
 3.580263e+01 -3.414469e-02 
 3.580303e+01 -3.464423e-02 
 3.580342e+01 -3.518224e-02 
 3.580382e+01 -3.594859e-02 
 3.580422e+01 -3.684901e-02 
 3.580462e+01 -3.786770e-02 
 3.580501e+01 -3.900558e-02 
 3.580541e+01 -4.023585e-02 
 3.580581e+01 -4.153317e-02 
 3.580621e+01 -4.294086e-02 
 3.580661e+01 -4.429066e-02 
 3.580700e+01 -4.558794e-02 
 3.580740e+01 -4.684860e-02 
 3.580780e+01 -4.800747e-02 
 3.580820e+01 -4.921862e-02 
 3.580859e+01 -5.034490e-02 
 3.580899e+01 -5.144552e-02 
 3.580939e+01 -5.258934e-02 
 3.580979e+01 -5.366355e-02 
 3.581018e+01 -5.468702e-02 
 3.581058e+01 -5.565878e-02 
 3.581098e+01 -5.657731e-02 
 3.581138e+01 -5.747374e-02 
 3.581178e+01 -5.833499e-02 
 3.581217e+01 -5.924539e-02 
 3.581257e+01 -6.018093e-02 
 3.581297e+01 -6.110719e-02 
 3.581337e+01 -6.210565e-02 
 3.581376e+01 -6.314689e-02 
 3.581416e+01 -6.426530e-02 
 3.581456e+01 -6.527543e-02 
 3.581496e+01 -6.636550e-02 
 3.581535e+01 -6.735656e-02 
 3.581575e+01 -6.834691e-02 
 3.581615e+01 -6.933574e-02 
 3.581655e+01 -7.017827e-02 
 3.581695e+01 -7.090357e-02 
 3.581734e+01 -7.137527e-02 
 3.581774e+01 -7.170614e-02 
 3.581814e+01 -7.184776e-02 
 3.581854e+01 -7.180455e-02 
 3.581893e+01 -7.156401e-02 
 3.581933e+01 -7.115876e-02 
 3.581973e+01 -7.053261e-02 
 3.582013e+01 -6.974622e-02 
 3.582052e+01 -6.884573e-02 
 3.582092e+01 -6.778799e-02 
 3.582132e+01 -6.665933e-02 
 3.582172e+01 -6.545552e-02 
 3.582212e+01 -6.410190e-02 
 3.582251e+01 -6.270734e-02 
 3.582291e+01 -6.128356e-02 
 3.582331e+01 -5.993086e-02 
 3.582371e+01 -5.853222e-02 
 3.582410e+01 -5.709700e-02 
 3.582450e+01 -5.569597e-02 
 3.582490e+01 -5.422282e-02 
 3.582530e+01 -5.273933e-02 
 3.582569e+01 -5.117410e-02 
 3.582609e+01 -4.955319e-02 
 3.582649e+01 -4.773534e-02 
 3.582689e+01 -4.574424e-02 
 3.582729e+01 -4.369115e-02 
 3.582768e+01 -4.151981e-02 
 3.582808e+01 -3.926112e-02 
 3.582848e+01 -3.695629e-02 
 3.582888e+01 -3.457959e-02 
 3.582927e+01 -3.210225e-02 
 3.582967e+01 -2.951452e-02 
 3.583007e+01 -2.691443e-02 
 3.583047e+01 -2.438385e-02 
 3.583086e+01 -2.191843e-02 
 3.583126e+01 -1.950151e-02 
 3.583166e+01 -1.729566e-02 
 3.583206e+01 -1.505721e-02 
 3.583246e+01 -1.305037e-02 
 3.583285e+01 -1.118061e-02 
 3.583325e+01 -9.436236e-03 
 3.583365e+01 -7.833486e-03 
 3.583405e+01 -6.236910e-03 
 3.583444e+01 -4.626231e-03 
 3.583484e+01 -3.086662e-03 
 3.583524e+01 -1.551794e-03 
 3.583564e+01 -1.061747e-04 
 3.583603e+01  1.392750e-03 
 3.583643e+01  2.892983e-03 
 3.583683e+01  4.328007e-03 
 3.583723e+01  5.765170e-03 
 3.583763e+01  7.115302e-03 
 3.583802e+01  8.379829e-03 
 3.583842e+01  9.669931e-03 
 3.583882e+01  1.100873e-02 
 3.583922e+01  1.241941e-02 
 3.583961e+01  1.378932e-02 
 3.584001e+01  1.512526e-02 
 3.584041e+01  1.654643e-02 
 3.584081e+01  1.804827e-02 
 3.584120e+01  1.958273e-02 
 3.584160e+01  2.115623e-02 
 3.584200e+01  2.266501e-02 
 3.584240e+01  2.416987e-02 
 3.584280e+01  2.560899e-02 
 3.584319e+01  2.715026e-02 
 3.584359e+01  2.876431e-02 
 3.584399e+01  3.028712e-02 
 3.584439e+01  3.186325e-02 
 3.584478e+01  3.350330e-02 
 3.584518e+01  3.520559e-02 
 3.584558e+01  3.707942e-02 
 3.584598e+01  3.897889e-02 
 3.584637e+01  4.101306e-02 
 3.584677e+01  4.303257e-02 
 3.584717e+01  4.518542e-02 
 3.584757e+01  4.745242e-02 
 3.584797e+01  4.979739e-02 
 3.584836e+01  5.227172e-02 
 3.584876e+01  5.475264e-02 
 3.584916e+01  5.725867e-02 
 3.584956e+01  5.976498e-02 
 3.584995e+01  6.234531e-02 
 3.585035e+01  6.483410e-02 
 3.585075e+01  6.731988e-02 
 3.585115e+01  6.966272e-02 
 3.585155e+01  7.182822e-02 
 3.585194e+01  7.388078e-02 
 3.585234e+01  7.575405e-02 
 3.585274e+01  7.762549e-02 
 3.585314e+01  7.938055e-02 
 3.585353e+01  8.115226e-02 
 3.585393e+01  8.285572e-02 
 3.585433e+01  8.454411e-02 
 3.585473e+01  8.622229e-02 
 3.585512e+01  8.781251e-02 
 3.585552e+01  8.939437e-02 
 3.585592e+01  9.087627e-02 
 3.585632e+01  9.225705e-02 
 3.585672e+01  9.357494e-02 
 3.585711e+01  9.480834e-02 
 3.585751e+01  9.597199e-02 
 3.585791e+01  9.715501e-02 
 3.585831e+01  9.832581e-02 
 3.585870e+01  9.947839e-02 
 3.585910e+01  1.005513e-01 
 3.585950e+01  1.016242e-01 
 3.585990e+01  1.026156e-01 
 3.586029e+01  1.035598e-01 
 3.586069e+01  1.043760e-01 
 3.586109e+01  1.051478e-01 
 3.586149e+01  1.057779e-01 
 3.586189e+01  1.063284e-01 
 3.586228e+01  1.068944e-01 
 3.586268e+01  1.073132e-01 
 3.586308e+01  1.076029e-01 
 3.586348e+01  1.077163e-01 
 3.586387e+01  1.076743e-01 
 3.586427e+01  1.073869e-01 
 3.586467e+01  1.069301e-01 
 3.586507e+01  1.063411e-01 
 3.586546e+01  1.055885e-01 
 3.586586e+01  1.047847e-01 
 3.586626e+01  1.039840e-01 
 3.586666e+01  1.030623e-01 
 3.586706e+01  1.021600e-01 
 3.586745e+01  1.012930e-01 
 3.586785e+01  1.004684e-01 
 3.586825e+01  9.974805e-02 
 3.586865e+01  9.903749e-02 
 3.586904e+01  9.839958e-02 
 3.586944e+01  9.770831e-02 
 3.586984e+01  9.701099e-02 
 3.587024e+01  9.634742e-02 
 3.587063e+01  9.560024e-02 
 3.587103e+01  9.466036e-02 
 3.587143e+01  9.368340e-02 
 3.587183e+01  9.254618e-02 
 3.587223e+01  9.144232e-02 
 3.587262e+01  9.030427e-02 
 3.587302e+01  8.914437e-02 
 3.587342e+01  8.797842e-02 
 3.587382e+01  8.674434e-02 
 3.587421e+01  8.562257e-02 
 3.587461e+01  8.458746e-02 
 3.587501e+01  8.368062e-02 
 3.587541e+01  8.283292e-02 
 3.587580e+01  8.199021e-02 
 3.587620e+01  8.125229e-02 
 3.587660e+01  8.054391e-02 
 3.587700e+01  8.001004e-02 
 3.587740e+01  7.955491e-02 
 3.587779e+01  7.915893e-02 
 3.587819e+01  7.871426e-02 
 3.587859e+01  7.829974e-02 
 3.587899e+01  7.785705e-02 
 3.587938e+01  7.744538e-02 
 3.587978e+01  7.689616e-02 
 3.588018e+01  7.623760e-02 
 3.588058e+01  7.541968e-02 
 3.588097e+01  7.449117e-02 
 3.588137e+01  7.345732e-02 
 3.588177e+01  7.226680e-02 
 3.588217e+01  7.085444e-02 
 3.588257e+01  6.931446e-02 
 3.588296e+01  6.752000e-02 
 3.588336e+01  6.561165e-02 
 3.588376e+01  6.360185e-02 
 3.588416e+01  6.147671e-02 
 3.588455e+01  5.931864e-02 
 3.588495e+01  5.701155e-02 
 3.588535e+01  5.478967e-02 
 3.588575e+01  5.249277e-02 
 3.588614e+01  5.024300e-02 
 3.588654e+01  4.806224e-02 
 3.588694e+01  4.588237e-02 
 3.588734e+01  4.369018e-02 
 3.588774e+01  4.153005e-02 
 3.588813e+01  3.936532e-02 
 3.588853e+01  3.720064e-02 
 3.588893e+01  3.509713e-02 
 3.588933e+01  3.291977e-02 
 3.588972e+01  3.063544e-02 
 3.589012e+01  2.822026e-02 
 3.589052e+01  2.569680e-02 
 3.589092e+01  2.308045e-02 
 3.589131e+01  2.038304e-02 
 3.589171e+01  1.761244e-02 
 3.589211e+01  1.468754e-02 
 3.589251e+01  1.178080e-02 
 3.589291e+01  8.851156e-03 
 3.589330e+01  6.050268e-03 
 3.589370e+01  3.383370e-03 
 3.589410e+01  8.526263e-04 
 3.589450e+01 -1.577884e-03 
 3.589489e+01 -3.883378e-03 
 3.589529e+01 -6.088530e-03 
 3.589569e+01 -8.054172e-03 
 3.589609e+01 -9.869188e-03 
 3.589648e+01 -1.153954e-02 
 3.589688e+01 -1.318153e-02 
 3.589728e+01 -1.477717e-02 
 3.589768e+01 -1.623364e-02 
 3.589808e+01 -1.771959e-02 
 3.589847e+01 -1.906779e-02 
 3.589887e+01 -2.055478e-02 
 3.589927e+01 -2.213474e-02 
 3.589967e+01 -2.392383e-02 
 3.590006e+01 -2.572253e-02 
 3.590046e+01 -2.767732e-02 
 3.590086e+01 -2.965849e-02 
 3.590126e+01 -3.166018e-02 
 3.590165e+01 -3.357260e-02 
 3.590205e+01 -3.541109e-02 
 3.590245e+01 -3.712608e-02 
 3.590285e+01 -3.865591e-02 
 3.590325e+01 -4.006886e-02 
 3.590364e+01 -4.135259e-02 
 3.590404e+01 -4.244346e-02 
 3.590444e+01 -4.338701e-02 
 3.590484e+01 -4.427204e-02 
 3.590523e+01 -4.503582e-02 
 3.590563e+01 -4.581522e-02 
 3.590603e+01 -4.652003e-02 
 3.590643e+01 -4.717781e-02 
 3.590682e+01 -4.775158e-02 
 3.590722e+01 -4.837528e-02 
 3.590762e+01 -4.894372e-02 
 3.590802e+01 -4.950990e-02 
 3.590842e+01 -5.009278e-02 
 3.590881e+01 -5.067440e-02 
 3.590921e+01 -5.127334e-02 
 3.590961e+01 -5.198451e-02 
 3.591001e+01 -5.280664e-02 
 3.591040e+01 -5.369300e-02 
 3.591080e+01 -5.459058e-02 
 3.591120e+01 -5.550987e-02 
 3.591160e+01 -5.643120e-02 
 3.591199e+01 -5.732899e-02 
 3.591239e+01 -5.818143e-02 
 3.591279e+01 -5.885462e-02 
 3.591319e+01 -5.934027e-02 
 3.591359e+01 -5.961609e-02 
 3.591398e+01 -5.975456e-02 
 3.591438e+01 -5.985285e-02 
 3.591478e+01 -5.995151e-02 
 3.591518e+01 -5.994370e-02 
 3.591557e+01 -5.992499e-02 
 3.591597e+01 -5.991623e-02 
 3.591637e+01 -5.991125e-02 
 3.591677e+01 -5.997797e-02 
 3.591716e+01 -6.000175e-02 
 3.591756e+01 -6.003811e-02 
 3.591796e+01 -6.002744e-02 
 3.591836e+01 -6.010931e-02 
 3.591876e+01 -6.036239e-02 
 3.591915e+01 -6.077284e-02 
 3.591955e+01 -6.123737e-02 
 3.591995e+01 -6.169218e-02 
 3.592035e+01 -6.211311e-02 
 3.592074e+01 -6.250697e-02 
 3.592114e+01 -6.285968e-02 
 3.592154e+01 -6.302117e-02 
 3.592194e+01 -6.305742e-02 
 3.592233e+01 -6.275622e-02 
 3.592273e+01 -6.217810e-02 
 3.592313e+01 -6.140226e-02 
 3.592353e+01 -6.045368e-02 
 3.592393e+01 -5.938809e-02 
 3.592432e+01 -5.820106e-02 
 3.592472e+01 -5.693009e-02 
 3.592512e+01 -5.567522e-02 
 3.592552e+01 -5.437277e-02 
 3.592591e+01 -5.314016e-02 
 3.592631e+01 -5.192689e-02 
 3.592671e+01 -5.064873e-02 
 3.592711e+01 -4.930210e-02 
 3.592750e+01 -4.789615e-02 
 3.592790e+01 -4.643487e-02 
 3.592830e+01 -4.492852e-02 
 3.592870e+01 -4.336052e-02 
 3.592910e+01 -4.171603e-02 
 3.592949e+01 -3.995983e-02 
 3.592989e+01 -3.818365e-02 
 3.593029e+01 -3.635291e-02 
 3.593069e+01 -3.445483e-02 
 3.593108e+01 -3.249699e-02 
 3.593148e+01 -3.044478e-02 
 3.593188e+01 -2.827383e-02 
 3.593228e+01 -2.592271e-02 
 3.593267e+01 -2.349555e-02 
 3.593307e+01 -2.107697e-02 
 3.593347e+01 -1.857979e-02 
 3.593387e+01 -1.607431e-02 
 3.593427e+01 -1.357740e-02 
 3.593466e+01 -1.107574e-02 
 3.593506e+01 -8.673971e-03 
 3.593546e+01 -6.237599e-03 
 3.593586e+01 -3.931345e-03 
 3.593625e+01 -1.497780e-03 
 3.593665e+01  1.003951e-03 
 3.593705e+01  3.452296e-03 
 3.593745e+01  5.866391e-03 
 3.593784e+01  8.153377e-03 
 3.593824e+01  1.037062e-02 
 3.593864e+01  1.247622e-02 
 3.593904e+01  1.448028e-02 
 3.593944e+01  1.634149e-02 
 3.593983e+01  1.805444e-02 
 3.594023e+01  1.965514e-02 
 3.594063e+01  2.126435e-02 
 3.594103e+01  2.291120e-02 
 3.594142e+01  2.458650e-02 
 3.594182e+01  2.633295e-02 
 3.594222e+01  2.813950e-02 
 3.594262e+01  3.002939e-02 
 3.594301e+01  3.188955e-02 
 3.594341e+01  3.388045e-02 
 3.594381e+01  3.575105e-02 
 3.594421e+01  3.757417e-02 
 3.594461e+01  3.931870e-02 
 3.594500e+01  4.102813e-02 
 3.594540e+01  4.262168e-02 
 3.594580e+01  4.422215e-02 
 3.594620e+01  4.576896e-02 
 3.594659e+01  4.733380e-02 
 3.594699e+01  4.883154e-02 
 3.594739e+01  5.042991e-02 
 3.594779e+01  5.194744e-02 
 3.594819e+01  5.347174e-02 
 3.594858e+01  5.494258e-02 
 3.594898e+01  5.641620e-02 
 3.594938e+01  5.793565e-02 
 3.594978e+01  5.948030e-02 
 3.595017e+01  6.100217e-02 
 3.595057e+01  6.249513e-02 
 3.595097e+01  6.400336e-02 
 3.595137e+01  6.556387e-02 
 3.595176e+01  6.721379e-02 
 3.595216e+01  6.894785e-02 
 3.595256e+01  7.074639e-02 
 3.595296e+01  7.258411e-02 
 3.595336e+01  7.441133e-02 
 3.595375e+01  7.628431e-02 
 3.595415e+01  7.812112e-02 
 3.595455e+01  7.991916e-02 
 3.595495e+01  8.170131e-02 
 3.595534e+01  8.341613e-02 
 3.595574e+01  8.521897e-02 
 3.595614e+01  8.704262e-02 
 3.595654e+01  8.883911e-02 
 3.595693e+01  9.061384e-02 
 3.595733e+01  9.230546e-02 
 3.595773e+01  9.391045e-02 
 3.595813e+01  9.541610e-02 
 3.595853e+01  9.676017e-02 
 3.595892e+01  9.798481e-02 
 3.595932e+01  9.898865e-02 
 3.595972e+01  9.978899e-02 
 3.596012e+01  1.004954e-01 
 3.596051e+01  1.010577e-01 
 3.596091e+01  1.016160e-01 
 3.596131e+01  1.020850e-01 
 3.596171e+01  1.026048e-01 
 3.596210e+01  1.030904e-01 
 3.596250e+01  1.034856e-01 
 3.596290e+01  1.039444e-01 
 3.596330e+01  1.044060e-01 
 3.596370e+01  1.048456e-01 
 3.596409e+01  1.052251e-01 
 3.596449e+01  1.055200e-01 
 3.596489e+01  1.058425e-01 
 3.596529e+01  1.061181e-01 
 3.596568e+01  1.063566e-01 
 3.596608e+01  1.065505e-01 
 3.596648e+01  1.065585e-01 
 3.596688e+01  1.063410e-01 
 3.596727e+01  1.059893e-01 
 3.596767e+01  1.055312e-01 
 3.596807e+01  1.050187e-01 
 3.596847e+01  1.043762e-01 
 3.596887e+01  1.035299e-01 
 3.596926e+01  1.025470e-01 
 3.596966e+01  1.015004e-01 
 3.597006e+01  1.003702e-01 
 3.597046e+01  9.936528e-02 
 3.597085e+01  9.831115e-02 
 3.597125e+01  9.734266e-02 
 3.597165e+01  9.633956e-02 
 3.597205e+01  9.541613e-02 
 3.597244e+01  9.462595e-02 
 3.597284e+01  9.379407e-02 
 3.597324e+01  9.292934e-02 
 3.597364e+01  9.195176e-02 
 3.597404e+01  9.089446e-02 
 3.597443e+01  8.988679e-02 
 3.597483e+01  8.886337e-02 
 3.597523e+01  8.784678e-02 
 3.597563e+01  8.673730e-02 
 3.597602e+01  8.548028e-02 
 3.597642e+01  8.425498e-02 
 3.597682e+01  8.292885e-02 
 3.597722e+01  8.160312e-02 
 3.597761e+01  8.014131e-02 
 3.597801e+01  7.848292e-02 
 3.597841e+01  7.677446e-02 
 3.597881e+01  7.496345e-02 
 3.597921e+01  7.318159e-02 
 3.597960e+01  7.139397e-02 
 3.598000e+01  6.960481e-02 
 3.598040e+01  6.791768e-02 
 3.598080e+01  6.629854e-02 
 3.598119e+01  6.476771e-02 
 3.598159e+01  6.339081e-02 
 3.598199e+01  6.213002e-02 
 3.598239e+01  6.085775e-02 
 3.598278e+01  5.970268e-02 
 3.598318e+01  5.854180e-02 
 3.598358e+01  5.740958e-02 
 3.598398e+01  5.627356e-02 
 3.598438e+01  5.513477e-02 
 3.598477e+01  5.393119e-02 
 3.598517e+01  5.256277e-02 
 3.598557e+01  5.113456e-02 
 3.598597e+01  4.949063e-02 
 3.598636e+01  4.772281e-02 
 3.598676e+01  4.579234e-02 
 3.598716e+01  4.374066e-02 
 3.598756e+01  4.156876e-02 
 3.598795e+01  3.924070e-02 
 3.598835e+01  3.685329e-02 
 3.598875e+01  3.442978e-02 
 3.598915e+01  3.189535e-02 
 3.598955e+01  2.945182e-02 
 3.598994e+01  2.714058e-02 
 3.599034e+01  2.483211e-02 
 3.599074e+01  2.262446e-02 
 3.599114e+01  2.055223e-02 
 3.599153e+01  1.857182e-02 
 3.599193e+01  1.664478e-02 
 3.599233e+01  1.472235e-02 
 3.599273e+01  1.275669e-02 
 3.599312e+01  1.064804e-02 
 3.599352e+01  8.394008e-03 
 3.599392e+01  6.078960e-03 
 3.599432e+01  3.618319e-03 
 3.599472e+01  9.833182e-04 
 3.599511e+01 -1.710318e-03 
 3.599551e+01 -4.506509e-03 
 3.599591e+01 -7.250768e-03 
 3.599631e+01 -1.001367e-02 
 3.599670e+01 -1.264745e-02 
 3.599710e+01 -1.523070e-02 
 3.599750e+01 -1.767675e-02 
 3.599790e+01 -2.001786e-02 
 3.599829e+01 -2.219023e-02 
 3.599869e+01 -2.420826e-02 
 3.599909e+01 -2.613852e-02 
 3.599949e+01 -2.787901e-02 
 3.599989e+01 -2.951325e-02 
 3.600028e+01 -3.098192e-02 
 3.600068e+01 -3.227333e-02 
 3.600108e+01 -3.343932e-02 
 3.600148e+01 -3.450866e-02 
 3.600187e+01 -3.556154e-02 
 3.600227e+01 -3.662650e-02 
 3.600267e+01 -3.768413e-02 
 3.600307e+01 -3.875201e-02 
 3.600346e+01 -3.976133e-02 
 3.600386e+01 -4.079137e-02 
 3.600426e+01 -4.184261e-02 
 3.600466e+01 -4.295807e-02 
 3.600506e+01 -4.410654e-02 
 3.600545e+01 -4.532567e-02 
 3.600585e+01 -4.656384e-02 
 3.600625e+01 -4.773785e-02 
 3.600665e+01 -4.892571e-02 
 3.600704e+01 -5.008940e-02 
 3.600744e+01 -5.124834e-02 
 3.600784e+01 -5.233060e-02 
 3.600824e+01 -5.331723e-02 
 3.600863e+01 -5.413445e-02 
 3.600903e+01 -5.480026e-02 
 3.600943e+01 -5.536397e-02 
 3.600983e+01 -5.587035e-02 
 3.601023e+01 -5.623266e-02 
 3.601062e+01 -5.650660e-02 
 3.601102e+01 -5.661551e-02 
 3.601142e+01 -5.672527e-02 
 3.601182e+01 -5.689293e-02 
 3.601221e+01 -5.727053e-02 
 3.601261e+01 -5.766590e-02 
 3.601301e+01 -5.817004e-02 
 3.601341e+01 -5.869824e-02 
 3.601380e+01 -5.933258e-02 
 3.601420e+01 -6.014509e-02 
 3.601460e+01 -6.100584e-02 
 3.601500e+01 -6.191060e-02 
 3.601540e+01 -6.265611e-02 
 3.601579e+01 -6.327304e-02 
 3.601619e+01 -6.372221e-02 
 3.601659e+01 -6.409233e-02 
 3.601699e+01 -6.437346e-02 
 3.601738e+01 -6.446270e-02 
 3.601778e+01 -6.440733e-02 
 3.601818e+01 -6.413331e-02 
 3.601858e+01 -6.373311e-02 
 3.601897e+01 -6.312956e-02 
 3.601937e+01 -6.247195e-02 
 3.601977e+01 -6.162259e-02 
 3.602017e+01 -6.068230e-02 
 3.602057e+01 -5.975260e-02 
 3.602096e+01 -5.882103e-02 
 3.602136e+01 -5.808348e-02 
 3.602176e+01 -5.738821e-02 
 3.602216e+01 -5.670211e-02 
 3.602255e+01 -5.606594e-02 
 3.602295e+01 -5.547607e-02 
 3.602335e+01 -5.490710e-02 
 3.602375e+01 -5.431185e-02 
 3.602414e+01 -5.365112e-02 
 3.602454e+01 -5.297597e-02 
 3.602494e+01 -5.210137e-02 
 3.602534e+01 -5.118202e-02 
 3.602574e+01 -5.010505e-02 
 3.602613e+01 -4.892679e-02 
 3.602653e+01 -4.759728e-02 
 3.602693e+01 -4.613914e-02 
 3.602733e+01 -4.472081e-02 
 3.602772e+01 -4.307590e-02 
 3.602812e+01 -4.145018e-02 
 3.602852e+01 -3.972948e-02 
 3.602892e+01 -3.803805e-02 
 3.602931e+01 -3.629877e-02 
 3.602971e+01 -3.450307e-02 
 3.603011e+01 -3.270462e-02 
 3.603051e+01 -3.085934e-02 
 3.603091e+01 -2.908355e-02 
 3.603130e+01 -2.736000e-02 
 3.603170e+01 -2.567498e-02 
 3.603210e+01 -2.399149e-02 
 3.603250e+01 -2.229618e-02 
 3.603289e+01 -2.069041e-02 
 3.603329e+01 -1.907256e-02 
 3.603369e+01 -1.746476e-02 
 3.603409e+01 -1.576768e-02 
 3.603448e+01 -1.399560e-02 
 3.603488e+01 -1.209967e-02 
 3.603528e+01 -1.010801e-02 
 3.603568e+01 -8.070566e-03 
 3.603608e+01 -5.964903e-03 
 3.603647e+01 -3.831594e-03 
 3.603687e+01 -1.620166e-03 
 3.603727e+01  6.303599e-04 
 3.603767e+01  2.945271e-03 
 3.603806e+01  5.347990e-03 
 3.603846e+01  7.727327e-03 
 3.603886e+01  1.025726e-02 
 3.603926e+01  1.282860e-02 
 3.603966e+01  1.539020e-02 
 3.604005e+01  1.791664e-02 
 3.604045e+01  2.033674e-02 
 3.604085e+01  2.266307e-02 
 3.604125e+01  2.486534e-02 
 3.604164e+01  2.700449e-02 
 3.604204e+01  2.905091e-02 
 3.604244e+01  3.107126e-02 
 3.604284e+01  3.309750e-02 
 3.604323e+01  3.513438e-02 
 3.604363e+01  3.720406e-02 
 3.604403e+01  3.929253e-02 
 3.604443e+01  4.145806e-02 
 3.604483e+01  4.354174e-02 
 3.604522e+01  4.561657e-02 
 3.604562e+01  4.761219e-02 
 3.604602e+01  4.948023e-02 
 3.604642e+01  5.130164e-02 
 3.604681e+01  5.300606e-02 
 3.604721e+01  5.474595e-02 
 3.604761e+01  5.635013e-02 
 3.604801e+01  5.786936e-02 
 3.604840e+01  5.936787e-02 
 3.604880e+01  6.082596e-02 
 3.604920e+01  6.230666e-02 
 3.604960e+01  6.361870e-02 
 3.605000e+01  6.480485e-02 
 3.605039e+01  6.582826e-02 
 3.605079e+01  6.672233e-02 
 3.605119e+01  6.762698e-02 
 3.605159e+01  6.845227e-02 
 3.605198e+01  6.941307e-02 
 3.605238e+01  7.028263e-02 
 3.605278e+01  7.128836e-02 
 3.605318e+01  7.236333e-02 
 3.605357e+01  7.353347e-02 
 3.605397e+01  7.476294e-02 
 3.605437e+01  7.609083e-02 
 3.605477e+01  7.740566e-02 
 3.605517e+01  7.869630e-02 
 3.605556e+01  7.994368e-02 
 3.605596e+01  8.121470e-02 
 3.605636e+01  8.245703e-02 
 3.605676e+01  8.373808e-02 
 3.605715e+01  8.501374e-02 
 3.605755e+01  8.640520e-02 
 3.605795e+01  8.790020e-02 
 3.605835e+01  8.949082e-02 
 3.605874e+01  9.119063e-02 
 3.605914e+01  9.291821e-02 
 3.605954e+01  9.468748e-02 
 3.605994e+01  9.630015e-02 
 3.606034e+01  9.785027e-02 
 3.606073e+01  9.924201e-02 
 3.606113e+01  1.005097e-01 
 3.606153e+01  1.016779e-01 
 3.606193e+01  1.027374e-01 
 3.606232e+01  1.036859e-01 
 3.606272e+01  1.045658e-01 
 3.606312e+01  1.053326e-01 
 3.606352e+01  1.060514e-01 
 3.606391e+01  1.067319e-01 
 3.606431e+01  1.073184e-01 
 3.606471e+01  1.078190e-01 
 3.606511e+01  1.081113e-01 
 3.606551e+01  1.083166e-01 
 3.606590e+01  1.085182e-01 
 3.606630e+01  1.085743e-01 
 3.606670e+01  1.085905e-01 
 3.606710e+01  1.085075e-01 
 3.606749e+01  1.084081e-01 
 3.606789e+01  1.082831e-01 
 3.606829e+01  1.080436e-01 
 3.606869e+01  1.077808e-01 
 3.606908e+01  1.072040e-01 
 3.606948e+01  1.065125e-01 
 3.606988e+01  1.057289e-01 
 3.607028e+01  1.048322e-01 
 3.607068e+01  1.038787e-01 
 3.607107e+01  1.027992e-01 
 3.607147e+01  1.016079e-01 
 3.607187e+01  1.003584e-01 
 3.607227e+01  9.905807e-02 
 3.607266e+01  9.779455e-02 
 3.607306e+01  9.650056e-02 
 3.607346e+01  9.523296e-02 
 3.607386e+01  9.380617e-02 
 3.607425e+01  9.244198e-02 
 3.607465e+01  9.100465e-02 
 3.607505e+01  8.952607e-02 
 3.607545e+01  8.804056e-02 
 3.607585e+01  8.642097e-02 
 3.607624e+01  8.479838e-02 
 3.607664e+01  8.310218e-02 
 3.607704e+01  8.152102e-02 
 3.607744e+01  8.001562e-02 
 3.607783e+01  7.856214e-02 
 3.607823e+01  7.715472e-02 
 3.607863e+01  7.572028e-02 
 3.607903e+01  7.426325e-02 
 3.607942e+01  7.264657e-02 
 3.607982e+01  7.105908e-02 
 3.608022e+01  6.924969e-02 
 3.608062e+01  6.729259e-02 
 3.608102e+01  6.525782e-02 
 3.608141e+01  6.317952e-02 
 3.608181e+01  6.105113e-02 
 3.608221e+01  5.892898e-02 
 3.608261e+01  5.684393e-02 
 3.608300e+01  5.488933e-02 
 3.608340e+01  5.290609e-02 
 3.608380e+01  5.108288e-02 
 3.608420e+01  4.921791e-02 
 3.608459e+01  4.743571e-02 
 3.608499e+01  4.578286e-02 
 3.608539e+01  4.420042e-02 
 3.608579e+01  4.275362e-02 
 3.608619e+01  4.139689e-02 
 3.608658e+01  4.012773e-02 
 3.608698e+01  3.896880e-02 
 3.608738e+01  3.789453e-02 
 3.608778e+01  3.682741e-02 
 3.608817e+01  3.578707e-02 
 3.608857e+01  3.459051e-02 
 3.608897e+01  3.335865e-02 
 3.608937e+01  3.192185e-02 
 3.608976e+01  3.040125e-02 
 3.609016e+01  2.875473e-02 
 3.609056e+01  2.691095e-02 
 3.609096e+01  2.502022e-02 
 3.609136e+01  2.304111e-02 
 3.609175e+01  2.105693e-02 
 3.609215e+01  1.914981e-02 
 3.609255e+01  1.731266e-02 
 3.609295e+01  1.546775e-02 
 3.609334e+01  1.364847e-02 
 3.609374e+01  1.186891e-02 
 3.609414e+01  1.015933e-02 
 3.609454e+01  8.370227e-03 
 3.609493e+01  6.637407e-03 
 3.609533e+01  4.760752e-03 
 3.609573e+01  2.762046e-03 
 3.609613e+01  7.518823e-04 
 3.609653e+01 -1.302011e-03 
 3.609692e+01 -3.367965e-03 
 3.609732e+01 -5.500147e-03 
 3.609772e+01 -7.728296e-03 
 3.609812e+01 -1.000399e-02 
 3.609851e+01 -1.233624e-02 
 3.609891e+01 -1.481398e-02 
 3.609931e+01 -1.736903e-02 
 3.609971e+01 -2.008892e-02 
 3.610010e+01 -2.284120e-02 
 3.610050e+01 -2.569762e-02 
 3.610090e+01 -2.859462e-02 
 3.610130e+01 -3.139961e-02 
 3.610170e+01 -3.418073e-02 
 3.610209e+01 -3.683043e-02 
 3.610249e+01 -3.925279e-02 
 3.610289e+01 -4.154733e-02 
 3.610329e+01 -4.366982e-02 
 3.610368e+01 -4.564170e-02 
 3.610408e+01 -4.745654e-02 
 3.610448e+01 -4.914995e-02 
 3.610488e+01 -5.084475e-02 
 3.610527e+01 -5.237462e-02 
 3.610567e+01 -5.392948e-02 
 3.610607e+01 -5.537695e-02 
 3.610647e+01 -5.668013e-02 
 3.610687e+01 -5.791151e-02 
 3.610726e+01 -5.901296e-02 
 3.610766e+01 -6.013260e-02 
 3.610806e+01 -6.119674e-02 
 3.610846e+01 -6.226466e-02 
 3.610885e+01 -6.332254e-02 
 3.610925e+01 -6.428515e-02 
 3.610965e+01 -6.527594e-02 
 3.611005e+01 -6.622010e-02 
 3.611044e+01 -6.707174e-02 
 3.611084e+01 -6.773455e-02 
 3.611124e+01 -6.819103e-02 
 3.611164e+01 -6.842594e-02 
 3.611204e+01 -6.847260e-02 
 3.611243e+01 -6.827863e-02 
 3.611283e+01 -6.789237e-02 
 3.611323e+01 -6.730257e-02 
 3.611363e+01 -6.644512e-02 
 3.611402e+01 -6.557930e-02 
 3.611442e+01 -6.479544e-02 
 3.611482e+01 -6.397426e-02 
 3.611522e+01 -6.319225e-02 
 3.611561e+01 -6.236801e-02 
 3.611601e+01 -6.158048e-02 
 3.611641e+01 -6.080696e-02 
 3.611681e+01 -6.015429e-02 
 3.611721e+01 -5.955616e-02 
 3.611760e+01 -5.896599e-02 
 3.611800e+01 -5.838530e-02 
 3.611840e+01 -5.787301e-02 
 3.611880e+01 -5.744612e-02 
 3.611919e+01 -5.711538e-02 
 3.611959e+01 -5.685650e-02 
 3.611999e+01 -5.661540e-02 
 3.612039e+01 -5.630627e-02 
 3.612078e+01 -5.593591e-02 
 3.612118e+01 -5.545643e-02 
 3.612158e+01 -5.479953e-02 
 3.612198e+01 -5.404556e-02 
 3.612238e+01 -5.317777e-02 
 3.612277e+01 -5.222930e-02 
 3.612317e+01 -5.127543e-02 
 3.612357e+01 -5.033750e-02 
 3.612397e+01 -4.956792e-02 
 3.612436e+01 -4.888798e-02 
 3.612476e+01 -4.829590e-02 
 3.612516e+01 -4.777710e-02 
 3.612556e+01 -4.726700e-02 
 3.612595e+01 -4.667193e-02 
 3.612635e+01 -4.608864e-02 
 3.612675e+01 -4.547603e-02 
 3.612715e+01 -4.484488e-02 
 3.612755e+01 -4.420227e-02 
 3.612794e+01 -4.348208e-02 
 3.612834e+01 -4.276610e-02 
 3.612874e+01 -4.202222e-02 
 3.612914e+01 -4.127574e-02 
 3.612953e+01 -4.049347e-02 
 3.612993e+01 -3.965178e-02 
 3.613033e+01 -3.868332e-02 
 3.613073e+01 -3.755356e-02 
 3.613113e+01 -3.631046e-02 
 3.613152e+01 -3.487411e-02 
 3.613192e+01 -3.334357e-02 
 3.613232e+01 -3.155170e-02 
 3.613272e+01 -2.966764e-02 
 3.613311e+01 -2.761397e-02 
 3.613351e+01 -2.557160e-02 
 3.613391e+01 -2.344969e-02 
 3.613431e+01 -2.141301e-02 
 3.613470e+01 -1.938540e-02 
 3.613510e+01 -1.739447e-02 
 3.613550e+01 -1.545386e-02 
 3.613590e+01 -1.350272e-02 
 3.613630e+01 -1.151212e-02 
 3.613669e+01 -9.479915e-03 
 3.613709e+01 -7.368690e-03 
 3.613749e+01 -5.173797e-03 
 3.613789e+01 -2.927318e-03 
 3.613828e+01 -5.603513e-04 
 3.613868e+01  1.799458e-03 
 3.613908e+01  4.272256e-03 
 3.613948e+01  6.710985e-03 
 3.613987e+01  9.292426e-03 
 3.614027e+01  1.197468e-02 
 3.614067e+01  1.470595e-02 
 3.614107e+01  1.753255e-02 
 3.614147e+01  2.041239e-02 
 3.614186e+01  2.337073e-02 
 3.614226e+01  2.640248e-02 
 3.614266e+01  2.943203e-02 
 3.614306e+01  3.242741e-02 
 3.614345e+01  3.530009e-02 
 3.614385e+01  3.796169e-02 
 3.614425e+01  4.052862e-02 
 3.614465e+01  4.297386e-02 
 3.614504e+01  4.540653e-02 
 3.614544e+01  4.773294e-02 
 3.614584e+01  4.998515e-02 
 3.614624e+01  5.234193e-02 
 3.614664e+01  5.460945e-02 
 3.614703e+01  5.696153e-02 
 3.614743e+01  5.929869e-02 
 3.614783e+01  6.156789e-02 
 3.614823e+01  6.371324e-02 
 3.614862e+01  6.569579e-02 
 3.614902e+01  6.762246e-02 
 3.614942e+01  6.941006e-02 
 3.614982e+01  7.100267e-02 
 3.615021e+01  7.251040e-02 
 3.615061e+01  7.381906e-02 
 3.615101e+01  7.511829e-02 
 3.615141e+01  7.630248e-02 
 3.615181e+01  7.746766e-02 
 3.615220e+01  7.857417e-02 
 3.615260e+01  7.948170e-02 
 3.615300e+01  8.028566e-02 
 3.615340e+01  8.096557e-02 
 3.615379e+01  8.151939e-02 
 3.615419e+01  8.205588e-02 
 3.615459e+01  8.246293e-02 
 3.615499e+01  8.286090e-02 
 3.615538e+01  8.320990e-02 
 3.615578e+01  8.353649e-02 
 3.615618e+01  8.388480e-02 
 3.615658e+01  8.415653e-02 
 3.615698e+01  8.442039e-02 
 3.615737e+01  8.468524e-02 
 3.615777e+01  8.486272e-02 
 3.615817e+01  8.509184e-02 
 3.615857e+01  8.535538e-02 
 3.615896e+01  8.567313e-02 
 3.615936e+01  8.600329e-02 
 3.615976e+01  8.639685e-02 
 3.616016e+01  8.686841e-02 
 3.616055e+01  8.745537e-02 
 3.616095e+01  8.817611e-02 
 3.616135e+01  8.912557e-02 
 3.616175e+01  9.011466e-02 
 3.616215e+01  9.116592e-02 
 3.616254e+01  9.215495e-02 
 3.616294e+01  9.313582e-02 
 3.616334e+01  9.414157e-02 
 3.616374e+01  9.508896e-02 
 3.616413e+01  9.614939e-02 
 3.616453e+01  9.717248e-02 
 3.616493e+01  9.817615e-02 
 3.616533e+01  9.923618e-02 
 3.616572e+01  1.002998e-01 
 3.616612e+01  1.014150e-01 
 3.616652e+01  1.024547e-01 
 3.616692e+01  1.034332e-01 
 3.616732e+01  1.042375e-01 
 3.616771e+01  1.049770e-01 
 3.616811e+01  1.055488e-01 
 3.616851e+01  1.061214e-01 
 3.616891e+01  1.064790e-01 
 3.616930e+01  1.067850e-01 
 3.616970e+01  1.069842e-01 
 3.617010e+01  1.070559e-01 
 3.617050e+01  1.071384e-01 
 3.617089e+01  1.071408e-01 
 3.617129e+01  1.070232e-01 
 3.617169e+01  1.067332e-01 
 3.617209e+01  1.063587e-01 
 3.617249e+01  1.058246e-01 
 3.617288e+01  1.052131e-01 
 3.617328e+01  1.045010e-01 
 3.617368e+01  1.037178e-01 
 3.617408e+01  1.027435e-01 
 3.617447e+01  1.017225e-01 
 3.617487e+01  1.005160e-01 
 3.617527e+01  9.915852e-02 
 3.617567e+01  9.764501e-02 
 3.617606e+01  9.593968e-02 
 3.617646e+01  9.412356e-02 
 3.617686e+01  9.214911e-02 
 3.617726e+01  9.013559e-02 
 3.617766e+01  8.800323e-02 
 3.617805e+01  8.580046e-02 
 3.617845e+01  8.351715e-02 
 3.617885e+01  8.121855e-02 
 3.617925e+01  7.889782e-02 
 3.617964e+01  7.659134e-02 
 3.618004e+01  7.431937e-02 
 3.618044e+01  7.209524e-02 
 3.618084e+01  6.987216e-02 
 3.618123e+01  6.774566e-02 
 3.618163e+01  6.561204e-02 
 3.618203e+01  6.344582e-02 
 3.618243e+01  6.125846e-02 
 3.618283e+01  5.904782e-02 
 3.618322e+01  5.691697e-02 
 3.618362e+01  5.463435e-02 
 3.618402e+01  5.238556e-02 
 3.618442e+01  5.004635e-02 
 3.618481e+01  4.763808e-02 
 3.618521e+01  4.519084e-02 
 3.618561e+01  4.273469e-02 
 3.618601e+01  4.024358e-02 
 3.618640e+01  3.763181e-02 
 3.618680e+01  3.501483e-02 
 3.618720e+01  3.246670e-02 
 3.618760e+01  3.001210e-02 
 3.618800e+01  2.773069e-02 
 3.618839e+01  2.563287e-02 
 3.618879e+01  2.358333e-02 
 3.618919e+01  2.168284e-02 
 3.618959e+01  1.997049e-02 
 3.618998e+01  1.850357e-02 
 3.619038e+01  1.709882e-02 
 3.619078e+01  1.579811e-02 
 3.619118e+01  1.445429e-02 
 3.619157e+01  1.312460e-02 
 3.619197e+01  1.179324e-02 
 3.619237e+01  1.054083e-02 
 3.619277e+01  9.334604e-03 
 3.619317e+01  8.091402e-03 
 3.619356e+01  6.813261e-03 
 3.619396e+01  5.600612e-03 
 3.619436e+01  4.449042e-03 
 3.619476e+01  3.265872e-03 
 3.619515e+01  2.119350e-03 
 3.619555e+01  9.140654e-04 
 3.619595e+01 -3.328464e-04 
 3.619635e+01 -1.592570e-03 
 3.619674e+01 -2.775454e-03 
 3.619714e+01 -3.953820e-03 
 3.619754e+01 -5.095839e-03 
 3.619794e+01 -6.246869e-03 
 3.619834e+01 -7.366610e-03 
 3.619873e+01 -8.494607e-03 
 3.619913e+01 -9.592946e-03 
 3.619953e+01 -1.063759e-02 
 3.619993e+01 -1.171195e-02 
 3.620032e+01 -1.289565e-02 
 3.620072e+01 -1.411758e-02 
 3.620112e+01 -1.556536e-02 
 3.620152e+01 -1.712839e-02 
 3.620191e+01 -1.883893e-02 
 3.620231e+01 -2.063746e-02 
 3.620271e+01 -2.267239e-02 
 3.620311e+01 -2.489596e-02 
 3.620351e+01 -2.722177e-02 
 3.620390e+01 -2.969476e-02 
 3.620430e+01 -3.231345e-02 
 3.620470e+01 -3.493595e-02 
 3.620510e+01 -3.763525e-02 
 3.620549e+01 -4.034013e-02 
 3.620589e+01 -4.310661e-02 
 3.620629e+01 -4.563550e-02 
 3.620669e+01 -4.809767e-02 
 3.620708e+01 -5.044385e-02 
 3.620748e+01 -5.267404e-02 
 3.620788e+01 -5.486944e-02 
 3.620828e+01 -5.689924e-02 
 3.620868e+01 -5.875731e-02 
 3.620907e+01 -6.035403e-02 
 3.620947e+01 -6.179845e-02 
 3.620987e+01 -6.321503e-02 
 3.621027e+01 -6.458143e-02 
 3.621066e+01 -6.598146e-02 
 3.621106e+01 -6.738044e-02 
 3.621146e+01 -6.872516e-02 
 3.621186e+01 -7.008823e-02 
 3.621225e+01 -7.142046e-02 
 3.621265e+01 -7.268255e-02 
 3.621305e+01 -7.378607e-02 
 3.621345e+01 -7.470027e-02 
 3.621385e+01 -7.541087e-02 
 3.621424e+01 -7.591509e-02 
 3.621464e+01 -7.618915e-02 
 3.621504e+01 -7.618610e-02 
 3.621544e+01 -7.590220e-02 
 3.621583e+01 -7.535968e-02 
 3.621623e+01 -7.452969e-02 
 3.621663e+01 -7.355997e-02 
 3.621703e+01 -7.238627e-02 
 3.621742e+01 -7.109379e-02 
 3.621782e+01 -6.960060e-02 
 3.621822e+01 -6.810488e-02 
 3.621862e+01 -6.647873e-02 
 3.621902e+01 -6.483956e-02 
 3.621941e+01 -6.315484e-02 
 3.621981e+01 -6.152421e-02 
 3.622021e+01 -5.989066e-02 
 3.622061e+01 -5.829860e-02 
 3.622100e+01 -5.678600e-02 
 3.622140e+01 -5.528593e-02 
 3.622180e+01 -5.383700e-02 
 3.622220e+01 -5.240917e-02 
 3.622260e+01 -5.103129e-02 
 3.622299e+01 -4.961838e-02 
 3.622339e+01 -4.828450e-02 
 3.622379e+01 -4.678772e-02 
 3.622419e+01 -4.536345e-02 
 3.622458e+01 -4.385367e-02 
 3.622498e+01 -4.235622e-02 
 3.622538e+01 -4.088256e-02 
 3.622578e+01 -3.939951e-02 
 3.622617e+01 -3.796322e-02 
 3.622657e+01 -3.661959e-02 
 3.622697e+01 -3.533649e-02 
 3.622737e+01 -3.409668e-02 
 3.622777e+01 -3.278929e-02 
 3.622816e+01 -3.148211e-02 
 3.622856e+01 -3.013724e-02 
 3.622896e+01 -2.880537e-02 
 3.622936e+01 -2.768258e-02 
 3.622975e+01 -2.670131e-02 
 3.623015e+01 -2.587209e-02 
 3.623055e+01 -2.519047e-02 
 3.623095e+01 -2.468162e-02 
 3.623134e+01 -2.428094e-02 
 3.623174e+01 -2.392449e-02 
 3.623214e+01 -2.360585e-02 
 3.623254e+01 -2.319510e-02 
 3.623294e+01 -2.270261e-02 
 3.623333e+01 -2.195889e-02 
 3.623373e+01 -2.116528e-02 
 3.623413e+01 -2.022006e-02 
 3.623453e+01 -1.919510e-02 
 3.623492e+01 -1.808574e-02 
 3.623532e+01 -1.684419e-02 
 3.623572e+01 -1.556999e-02 
 3.623612e+01 -1.409606e-02 
 3.623651e+01 -1.264011e-02 
 3.623691e+01 -1.116760e-02 
 3.623731e+01 -9.599208e-03 
 3.623771e+01 -7.925280e-03 
 3.623811e+01 -6.061032e-03 
 3.623850e+01 -4.154291e-03 
 3.623890e+01 -2.213795e-03 
 3.623930e+01 -2.469219e-04 
 3.623970e+01  1.670961e-03 
 3.624009e+01  3.715177e-03 
 3.624049e+01  5.722171e-03 
 3.624089e+01  7.829412e-03 
 3.624129e+01  9.937615e-03 
 3.624168e+01  1.211901e-02 
 3.624208e+01  1.437830e-02 
 3.624248e+01  1.682908e-02 
 3.624288e+01  1.943970e-02 
 3.624328e+01  2.216233e-02 
 3.624367e+01  2.493103e-02 
 3.624407e+01  2.778396e-02 
 3.624447e+01  3.070447e-02 
 3.624487e+01  3.362090e-02 
 3.624526e+01  3.656122e-02 
 3.624566e+01  3.947990e-02 
 3.624606e+01  4.224548e-02 
 3.624646e+01  4.498533e-02 
 3.624685e+01  4.767957e-02 
 3.624725e+01  5.046575e-02 
 3.624765e+01  5.329343e-02 
 3.624805e+01  5.601932e-02 
 3.624845e+01  5.881650e-02 
 3.624884e+01  6.152978e-02 
 3.624924e+01  6.424524e-02 
 3.624964e+01  6.684903e-02 
 3.625004e+01  6.941518e-02 
 3.625043e+01  7.179618e-02 
 3.625083e+01  7.405676e-02 
 3.625123e+01  7.625863e-02 
 3.625163e+01  7.845457e-02 
 3.625202e+01  8.057956e-02 
 3.625242e+01  8.263968e-02 
 3.625282e+01  8.459290e-02 
 3.625322e+01  8.647746e-02 
 3.625362e+01  8.827249e-02 
 3.625401e+01  8.997680e-02 
 3.625441e+01  9.150764e-02 
 3.625481e+01  9.285521e-02 
 3.625521e+01  9.393038e-02 
 3.625560e+01  9.484697e-02 
 3.625600e+01  9.549851e-02 
 3.625640e+01  9.609931e-02 
 3.625680e+01  9.662242e-02 
 3.625719e+01  9.704286e-02 
 3.625759e+01  9.739788e-02 
 3.625799e+01  9.766151e-02 
 3.625839e+01  9.790585e-02 
 3.625879e+01  9.799292e-02 
 3.625918e+01  9.791271e-02 
 3.625958e+01  9.773785e-02 
 3.625998e+01  9.741285e-02 
 3.626038e+01  9.694986e-02 
 3.626077e+01  9.644207e-02 
 3.626117e+01  9.589847e-02 
 3.626157e+01  9.530909e-02 
 3.626197e+01  9.467571e-02 
 3.626236e+01  9.409399e-02 
 3.626276e+01  9.354589e-02 
 3.626316e+01  9.303930e-02 
 3.626356e+01  9.263502e-02 
 3.626396e+01  9.222857e-02 
 3.626435e+01  9.185195e-02 
 3.626475e+01  9.140682e-02 
 3.626515e+01  9.093600e-02 
 3.626555e+01  9.042983e-02 
 3.626594e+01  8.998582e-02 
 3.626634e+01  8.965625e-02 
 3.626674e+01  8.940273e-02 
 3.626714e+01  8.933971e-02 
 3.626753e+01  8.943954e-02 
 3.626793e+01  8.974104e-02 
 3.626833e+01  9.017312e-02 
 3.626873e+01  9.075494e-02 
 3.626913e+01  9.133492e-02 
 3.626952e+01  9.189793e-02 
 3.626992e+01  9.237093e-02 
 3.627032e+01  9.283485e-02 
 3.627072e+01  9.322365e-02 
 3.627111e+01  9.356088e-02 
 3.627151e+01  9.389014e-02 
 3.627191e+01  9.414947e-02 
 3.627231e+01  9.443605e-02 
 3.627270e+01  9.466997e-02 
 3.627310e+01  9.483924e-02 
 3.627350e+01  9.492632e-02 
 3.627390e+01  9.487919e-02 
 3.627430e+01  9.464053e-02 
 3.627469e+01  9.431088e-02 
 3.627509e+01  9.381349e-02 
 3.627549e+01  9.329524e-02 
 3.627589e+01  9.272307e-02 
 3.627628e+01  9.211941e-02 
 3.627668e+01  9.160941e-02 
 3.627708e+01  9.104496e-02 
 3.627748e+01  9.044411e-02 
 3.627787e+01  8.972320e-02 
 3.627827e+01  8.892051e-02 
 3.627867e+01  8.794090e-02 
 3.627907e+01  8.682053e-02 
 3.627947e+01  8.546722e-02 
 3.627986e+01  8.388590e-02 
 3.628026e+01  8.197830e-02 
 3.628066e+01  7.983121e-02 
 3.628106e+01  7.761944e-02 
 3.628145e+01  7.525000e-02 
 3.628185e+01  7.282763e-02 
 3.628225e+01  7.031610e-02 
 3.628265e+01  6.777926e-02 
 3.628304e+01  6.530251e-02 
 3.628344e+01  6.290983e-02 
 3.628384e+01  6.048527e-02 
 3.628424e+01  5.803720e-02 
 3.628464e+01  5.544376e-02 
 3.628503e+01  5.276537e-02 
 3.628543e+01  5.003781e-02 
 3.628583e+01  4.734140e-02 
 3.628623e+01  4.457918e-02 
 3.628662e+01  4.173956e-02 
 3.628702e+01  3.890741e-02 
 3.628742e+01  3.611339e-02 
 3.628782e+01  3.332241e-02 
 3.628821e+01  3.055919e-02 
 3.628861e+01  2.763961e-02 
 3.628901e+01  2.459052e-02 
 3.628941e+01  2.155195e-02 
 3.628981e+01  1.841400e-02 
 3.629020e+01  1.538456e-02 
 3.629060e+01  1.232685e-02 
 3.629100e+01  9.300379e-03 
 3.629140e+01  6.284210e-03 
 3.629179e+01  3.359756e-03 
 3.629219e+01  6.532464e-04 
 3.629259e+01 -1.906723e-03 
 3.629299e+01 -4.359512e-03 
 3.629338e+01 -6.650359e-03 
 3.629378e+01 -8.873959e-03 
 3.629418e+01 -1.091983e-02 
 3.629458e+01 -1.278976e-02 
 3.629498e+01 -1.443787e-02 
 3.629537e+01 -1.588592e-02 
 3.629577e+01 -1.725840e-02 
 3.629617e+01 -1.846152e-02 
 3.629657e+01 -1.950996e-02 
 3.629696e+01 -2.043236e-02 
 3.629736e+01 -2.126587e-02 
 3.629776e+01 -2.211451e-02 
 3.629816e+01 -2.291922e-02 
 3.629855e+01 -2.382183e-02 
 3.629895e+01 -2.473302e-02 
 3.629935e+01 -2.567342e-02 
 3.629975e+01 -2.657170e-02 
 3.630015e+01 -2.748480e-02 
 3.630054e+01 -2.839954e-02 
 3.630094e+01 -2.933133e-02 
 3.630134e+01 -3.014845e-02 
 3.630174e+01 -3.088474e-02 
 3.630213e+01 -3.148711e-02 
 3.630253e+01 -3.188481e-02 
 3.630293e+01 -3.229840e-02 
 3.630333e+01 -3.262217e-02 
 3.630372e+01 -3.300241e-02 
 3.630412e+01 -3.341234e-02 
 3.630452e+01 -3.383609e-02 
 3.630492e+01 -3.433841e-02 
 3.630532e+01 -3.503230e-02 
 3.630571e+01 -3.584657e-02 
 3.630611e+01 -3.685062e-02 
 3.630651e+01 -3.795219e-02 
 3.630691e+01 -3.920027e-02 
 3.630730e+01 -4.061875e-02 
 3.630770e+01 -4.219338e-02 
 3.630810e+01 -4.387619e-02 
 3.630850e+01 -4.560586e-02 
 3.630889e+01 -4.745131e-02 
 3.630929e+01 -4.928463e-02 
 3.630969e+01 -5.119815e-02 
 3.631009e+01 -5.320060e-02 
 3.631049e+01 -5.514972e-02 
 3.631088e+01 -5.697158e-02 
 3.631128e+01 -5.869632e-02 
 3.631168e+01 -6.030105e-02 
 3.631208e+01 -6.174528e-02 
 3.631247e+01 -6.308779e-02 
 3.631287e+01 -6.436262e-02 
 3.631327e+01 -6.555168e-02 
 3.631367e+01 -6.661230e-02 
 3.631407e+01 -6.775092e-02 
 3.631446e+01 -6.885686e-02 
 3.631486e+01 -6.989135e-02 
 3.631526e+01 -7.087707e-02 
 3.631566e+01 -7.182148e-02 
 3.631605e+01 -7.271934e-02 
 3.631645e+01 -7.356726e-02 
 3.631685e+01 -7.432487e-02 
 3.631725e+01 -7.495440e-02 
 3.631764e+01 -7.538870e-02 
 3.631804e+01 -7.575832e-02 
 3.631844e+01 -7.596446e-02 
 3.631884e+01 -7.597987e-02 
 3.631924e+01 -7.584694e-02 
 3.631963e+01 -7.545276e-02 
 3.632003e+01 -7.491466e-02 
 3.632043e+01 -7.417626e-02 
 3.632083e+01 -7.332258e-02 
 3.632122e+01 -7.222784e-02 
 3.632162e+01 -7.087917e-02 
 3.632202e+01 -6.924926e-02 
 3.632242e+01 -6.746403e-02 
 3.632281e+01 -6.552284e-02 
 3.632321e+01 -6.348387e-02 
 3.632361e+01 -6.131024e-02 
 3.632401e+01 -5.908434e-02 
 3.632441e+01 -5.687939e-02 
 3.632480e+01 -5.463685e-02 
 3.632520e+01 -5.256089e-02 
 3.632560e+01 -5.051976e-02 
 3.632600e+01 -4.841369e-02 
 3.632639e+01 -4.626248e-02 
 3.632679e+01 -4.405132e-02 
 3.632719e+01 -4.178797e-02 
 3.632759e+01 -3.954339e-02 
 3.632798e+01 -3.724168e-02 
 3.632838e+01 -3.499909e-02 
 3.632878e+01 -3.257636e-02 
 3.632918e+01 -3.023899e-02 
 3.632958e+01 -2.788900e-02 
 3.632997e+01 -2.554472e-02 
 3.633037e+01 -2.320871e-02 
 3.633077e+01 -2.080023e-02 
 3.633117e+01 -1.831795e-02 
 3.633156e+01 -1.589791e-02 
 3.633196e+01 -1.351253e-02 
 3.633236e+01 -1.125845e-02 
 3.633276e+01 -9.096722e-03 
 3.633315e+01 -7.069662e-03 
 3.633355e+01 -5.155926e-03 
 3.633395e+01 -3.431367e-03 
 3.633435e+01 -1.872782e-03 
 3.633475e+01 -5.227701e-04 
 3.633514e+01  7.897381e-04 
 3.633554e+01  2.049312e-03 
 3.633594e+01  3.262389e-03 
 3.633634e+01  4.394738e-03 
 3.633673e+01  5.334989e-03 
 3.633713e+01  6.310898e-03 
 3.633753e+01  7.331288e-03 
 3.633793e+01  8.348751e-03 
 3.633832e+01  9.472353e-03 
 3.633872e+01  1.058282e-02 
 3.633912e+01  1.169949e-02 
 3.633952e+01  1.275276e-02 
 3.633992e+01  1.383697e-02 
 3.634031e+01  1.501980e-02 
 3.634071e+01  1.621428e-02 
 3.634111e+01  1.740911e-02 
 3.634151e+01  1.865879e-02 
 3.634190e+01  1.989413e-02 
 3.634230e+01  2.121307e-02 
 3.634270e+01  2.257131e-02 
 3.634310e+01  2.403067e-02 
 3.634349e+01  2.542049e-02 
 3.634389e+01  2.688255e-02 
 3.634429e+01  2.837040e-02 
 3.634469e+01  2.997739e-02 
 3.634509e+01  3.174084e-02 
 3.634548e+01  3.363104e-02 
 3.634588e+01  3.557464e-02 
 3.634628e+01  3.757730e-02 
 3.634668e+01  3.968651e-02 
 3.634707e+01  4.180995e-02 
 3.634747e+01  4.404578e-02 
 3.634787e+01  4.629270e-02 
 3.634827e+01  4.854979e-02 
 3.634866e+01  5.079027e-02 
 3.634906e+01  5.306378e-02 
 3.634946e+01  5.537846e-02 
 3.634986e+01  5.778546e-02 
 3.635026e+01  6.020966e-02 
 3.635065e+01  6.280716e-02 
 3.635105e+01  6.542258e-02 
 3.635145e+01  6.817465e-02 
 3.635185e+01  7.090812e-02 
 3.635224e+01  7.359343e-02 
 3.635264e+01  7.630721e-02 
 3.635304e+01  7.888913e-02 
 3.635344e+01  8.148230e-02 
 3.635383e+01  8.401967e-02 
 3.635423e+01  8.643529e-02 
 3.635463e+01  8.882297e-02 
 3.635503e+01  9.105754e-02 
 3.635543e+01  9.323177e-02 
 3.635582e+01  9.537572e-02 
 3.635622e+01  9.744104e-02 
 3.635662e+01  9.939139e-02 
 3.635702e+01  1.012444e-01 
 3.635741e+01  1.029773e-01 
 3.635781e+01  1.045949e-01 
 3.635821e+01  1.061002e-01 
 3.635861e+01  1.074070e-01 
 3.635900e+01  1.084783e-01 
 3.635940e+01  1.094346e-01 
 3.635980e+01  1.101699e-01 
 3.636020e+01  1.108041e-01 
 3.636060e+01  1.112385e-01 
 3.636099e+01  1.114844e-01 
 3.636139e+01  1.115105e-01 
 3.636179e+01  1.114216e-01 
 3.636219e+01  1.111609e-01 
 3.636258e+01  1.109381e-01 
 3.636298e+01  1.105922e-01 
 3.636338e+01  1.101577e-01 
 3.636378e+01  1.096292e-01 
 3.636417e+01  1.090682e-01 
 3.636457e+01  1.084701e-01 
 3.636497e+01  1.077004e-01 
 3.636537e+01  1.068646e-01 
 3.636577e+01  1.058545e-01 
 3.636616e+01  1.046796e-01 
 3.636656e+01  1.034387e-01 
 3.636696e+01  1.021737e-01 
 3.636736e+01  1.007267e-01 
 3.636775e+01  9.923798e-02 
 3.636815e+01  9.765757e-02 
 3.636855e+01  9.601130e-02 
 3.636895e+01  9.438233e-02 
 3.636934e+01  9.279251e-02 
 3.636974e+01  9.129961e-02 
 3.637014e+01  8.987475e-02 
 3.637054e+01  8.857241e-02 
 3.637094e+01  8.740765e-02 
 3.637133e+01  8.640541e-02 
 3.637173e+01  8.551868e-02 
 3.637213e+01  8.481508e-02 
 3.637253e+01  8.412383e-02 
 3.637292e+01  8.360939e-02 
 3.637332e+01  8.313185e-02 
 3.637372e+01  8.277596e-02 
 3.637412e+01  8.246414e-02 
 3.637451e+01  8.215144e-02 
 3.637491e+01  8.184380e-02 
 3.637531e+01  8.141849e-02 
 3.637571e+01  8.096104e-02 
 3.637611e+01  8.041035e-02 
 3.637650e+01  7.985196e-02 
 3.637690e+01  7.926576e-02 
 3.637730e+01  7.864252e-02 
 3.637770e+01  7.802127e-02 
 3.637809e+01  7.745973e-02 
 3.637849e+01  7.687808e-02 
 3.637889e+01  7.644414e-02 
 3.637929e+01  7.596761e-02 
 3.637968e+01  7.545529e-02 
 3.638008e+01  7.482250e-02 
 3.638048e+01  7.418868e-02 
 3.638088e+01  7.353700e-02 
 3.638128e+01  7.286230e-02 
 3.638167e+01  7.211262e-02 
 3.638207e+01  7.122193e-02 
 3.638247e+01  7.016958e-02 
 3.638287e+01  6.906789e-02 
 3.638326e+01  6.796835e-02 
 3.638366e+01  6.674507e-02 
 3.638406e+01  6.525430e-02 
 3.638446e+01  6.354870e-02 
 3.638485e+01  6.161666e-02 
 3.638525e+01  5.949384e-02 
 3.638565e+01  5.735055e-02 
 3.638605e+01  5.502908e-02 
 3.638645e+01  5.254947e-02 
 3.638684e+01  4.995374e-02 
 3.638724e+01  4.726579e-02 
 3.638764e+01  4.451844e-02 
 3.638804e+01  4.177684e-02 
 3.638843e+01  3.902358e-02 
 3.638883e+01  3.626126e-02 
 3.638923e+01  3.343826e-02 
 3.638963e+01  3.070800e-02 
 3.639002e+01  2.799317e-02 
 3.639042e+01  2.528616e-02 
 3.639082e+01  2.254272e-02 
 3.639122e+01  1.968130e-02 
 3.639162e+01  1.682123e-02 
 3.639201e+01  1.387308e-02 
 3.639241e+01  1.092979e-02 
 3.639281e+01  8.007854e-03 
 3.639321e+01  5.005308e-03 
 3.639360e+01  1.968726e-03 
 3.639400e+01 -1.071354e-03 
 3.639440e+01 -4.147780e-03 
 3.639480e+01 -7.303995e-03 
 3.639519e+01 -1.045042e-02 
 3.639559e+01 -1.357223e-02 
 3.639599e+01 -1.661730e-02 
 3.639639e+01 -1.947175e-02 
 3.639679e+01 -2.218205e-02 
 3.639718e+01 -2.474215e-02 
 3.639758e+01 -2.714232e-02 
 3.639798e+01 -2.927352e-02 
 3.639838e+01 -3.114318e-02 
 3.639877e+01 -3.278969e-02 
 3.639917e+01 -3.426585e-02 
 3.639957e+01 -3.561880e-02 
 3.639997e+01 -3.684249e-02 
 3.640036e+01 -3.807996e-02 
 3.640076e+01 -3.921619e-02 
 3.640116e+01 -4.033602e-02 
 3.640156e+01 -4.149680e-02 
 3.640196e+01 -4.254822e-02 
 3.640235e+01 -4.353640e-02 
 3.640275e+01 -4.451994e-02 
 3.640315e+01 -4.544488e-02 
 3.640355e+01 -4.637809e-02 
 3.640394e+01 -4.731853e-02 
 3.640434e+01 -4.826455e-02 
 3.640474e+01 -4.910310e-02 
 3.640514e+01 -4.981005e-02 
 3.640554e+01 -5.045403e-02 
 3.640593e+01 -5.093789e-02 
 3.640633e+01 -5.132386e-02 
 3.640673e+01 -5.152431e-02 
 3.640713e+01 -5.162934e-02 
 3.640752e+01 -5.147724e-02 
 3.640792e+01 -5.120388e-02 
 3.640832e+01 -5.091953e-02 
 3.640872e+01 -5.057103e-02 
 3.640911e+01 -5.031742e-02 
 3.640951e+01 -5.008377e-02 
 3.640991e+01 -4.996090e-02 
 3.641031e+01 -4.998150e-02 
 3.641071e+01 -5.017309e-02 
 3.641110e+01 -5.047626e-02 
 3.641150e+01 -5.095982e-02 
 3.641190e+01 -5.139473e-02 
 3.641230e+01 -5.199958e-02 
 3.641269e+01 -5.266080e-02 
 3.641309e+01 -5.339397e-02 
 3.641349e+01 -5.424462e-02 
 3.641389e+01 -5.513511e-02 
 3.641428e+01 -5.603940e-02 
 3.641468e+01 -5.689097e-02 
 3.641508e+01 -5.770755e-02 
 3.641548e+01 -5.855612e-02 
 3.641588e+01 -5.939927e-02 
 3.641627e+01 -6.026122e-02 
 3.641667e+01 -6.103819e-02 
 3.641707e+01 -6.172735e-02 
 3.641747e+01 -6.229335e-02 
 3.641786e+01 -6.274449e-02 
 3.641826e+01 -6.320869e-02 
 3.641866e+01 -6.352705e-02 
 3.641906e+01 -6.377290e-02 
 3.641945e+01 -6.404794e-02 
 3.641985e+01 -6.430922e-02 
 3.642025e+01 -6.471003e-02 
 3.642065e+01 -6.517534e-02 
 3.642105e+01 -6.566551e-02 
 3.642144e+01 -6.611861e-02 
 3.642184e+01 -6.650957e-02 
 3.642224e+01 -6.684411e-02 
 3.642264e+01 -6.717063e-02 
 3.642303e+01 -6.728555e-02 
 3.642343e+01 -6.730368e-02 
 3.642383e+01 -6.703830e-02 
 3.642423e+01 -6.652212e-02 
 3.642462e+01 -6.577570e-02 
 3.642502e+01 -6.477296e-02 
 3.642542e+01 -6.350638e-02 
 3.642582e+01 -6.201450e-02 
 3.642622e+01 -6.022327e-02 
 3.642661e+01 -5.827572e-02 
 3.642701e+01 -5.612496e-02 
 3.642741e+01 -5.389821e-02 
 3.642781e+01 -5.168573e-02 
 3.642820e+01 -4.927819e-02 
 3.642860e+01 -4.681073e-02 
 3.642900e+01 -4.427508e-02 
 3.642940e+01 -4.180162e-02 
 3.642979e+01 -3.932847e-02 
 3.643019e+01 -3.687589e-02 
 3.643059e+01 -3.442345e-02 
 3.643099e+01 -3.191165e-02 
 3.643139e+01 -2.939169e-02 
 3.643178e+01 -2.688962e-02 
 3.643218e+01 -2.428614e-02 
 3.643258e+01 -2.167489e-02 
 3.643298e+01 -1.892653e-02 
 3.643337e+01 -1.602680e-02 
 3.643377e+01 -1.313552e-02 
 3.643417e+01 -1.013852e-02 
 3.643457e+01 -7.157890e-03 
 3.643496e+01 -4.221192e-03 
 3.643536e+01 -1.359057e-03 
 3.643576e+01  1.353385e-03 
 3.643616e+01  4.024464e-03 
 3.643656e+01  6.526622e-03 
 3.643695e+01  9.013352e-03 
 3.643735e+01  1.140740e-02 
 3.643775e+01  1.374645e-02 
 3.643815e+01  1.603500e-02 
 3.643854e+01  1.824029e-02 
 3.643894e+01  2.031210e-02 
 3.643934e+01  2.227262e-02 
 3.643974e+01  2.411181e-02 
 3.644013e+01  2.584381e-02 
 3.644053e+01  2.750414e-02 
 3.644093e+01  2.905424e-02 
 3.644133e+01  3.053461e-02 
 3.644173e+01  3.197524e-02 
 3.644212e+01  3.332468e-02 
 3.644252e+01  3.461924e-02 
 3.644292e+01  3.585779e-02 
 3.644332e+01  3.706614e-02 
 3.644371e+01  3.825651e-02 
 3.644411e+01  3.945006e-02 
 3.644451e+01  4.064768e-02 
 3.644491e+01  4.180312e-02 
 3.644530e+01  4.293649e-02 
 3.644570e+01  4.412830e-02 
 3.644610e+01  4.523278e-02 
 3.644650e+01  4.635221e-02 
 3.644690e+01  4.746927e-02 
 3.644729e+01  4.871089e-02 
 3.644769e+01  4.992745e-02 
 3.644809e+01  5.115536e-02 
 3.644849e+01  5.245276e-02 
 3.644888e+01  5.370050e-02 
 3.644928e+01  5.493709e-02 
 3.644968e+01  5.628552e-02 
 3.645008e+01  5.770259e-02 
 3.645047e+01  5.909902e-02 
 3.645087e+01  6.059243e-02 
 3.645127e+01  6.217261e-02 
 3.645167e+01  6.375913e-02 
 3.645207e+01  6.532480e-02 
 3.645246e+01  6.702239e-02 
 3.645286e+01  6.879179e-02 
 3.645326e+01  7.058811e-02 
 3.645366e+01  7.249360e-02 
 3.645405e+01  7.431431e-02 
 3.645445e+01  7.604865e-02 
 3.645485e+01  7.775694e-02 
 3.645525e+01  7.942057e-02 
 3.645564e+01  8.108590e-02 
 3.645604e+01  8.269539e-02 
 3.645644e+01  8.426875e-02 
 3.645684e+01  8.592299e-02 
 3.645724e+01  8.760863e-02 
 3.645763e+01  8.945664e-02 
 3.645803e+01  9.137535e-02 
 3.645843e+01  9.330898e-02 
 3.645883e+01  9.514858e-02 
 3.645922e+01  9.703308e-02 
 3.645962e+01  9.886133e-02 
 3.646002e+01  1.006652e-01 
 3.646042e+01  1.023466e-01 
 3.646081e+01  1.039448e-01 
 3.646121e+01  1.053464e-01 
 3.646161e+01  1.065932e-01 
 3.646201e+01  1.077953e-01 
 3.646241e+01  1.089899e-01 
 3.646280e+01  1.100301e-01 
 3.646320e+01  1.109444e-01 
 3.646360e+01  1.116447e-01 
 3.646400e+01  1.122085e-01 
 3.646439e+01  1.125683e-01 
 3.646479e+01  1.128004e-01 
 3.646519e+01  1.128768e-01 
 3.646559e+01  1.127418e-01 
 3.646598e+01  1.125547e-01 
 3.646638e+01  1.123370e-01 
 3.646678e+01  1.120664e-01 
 3.646718e+01  1.117649e-01 
 3.646758e+01  1.112443e-01 
 3.646797e+01  1.107358e-01 
 3.646837e+01  1.099928e-01 
 3.646877e+01  1.092779e-01 
 3.646917e+01  1.084396e-01 
 3.646956e+01  1.073786e-01 
 3.646996e+01  1.061398e-01 
 3.647036e+01  1.047602e-01 
 3.647076e+01  1.031592e-01 
 3.647115e+01  1.014587e-01 
 3.647155e+01  9.957273e-02 
 3.647195e+01  9.760821e-02 
 3.647235e+01  9.560072e-02 
 3.647275e+01  9.350186e-02 
 3.647314e+01  9.149286e-02 
 3.647354e+01  8.942184e-02 
 3.647394e+01  8.743546e-02 
 3.647434e+01  8.538718e-02 
 3.647473e+01  8.343232e-02 
 3.647513e+01  8.151235e-02 
 3.647553e+01  7.963479e-02 
 3.647593e+01  7.780636e-02 
 3.647632e+01  7.622551e-02 
 3.647672e+01  7.470868e-02 
 3.647712e+01  7.337566e-02 
 3.647752e+01  7.205072e-02 
 3.647792e+01  7.084590e-02 
 3.647831e+01  6.966785e-02 
 3.647871e+01  6.851861e-02 
 3.647911e+01  6.739993e-02 
 3.647951e+01  6.625788e-02 
 3.647990e+01  6.509591e-02 
 3.648030e+01  6.390260e-02 
 3.648070e+01  6.269874e-02 
 3.648110e+01  6.158928e-02 
 3.648149e+01  6.051780e-02 
 3.648189e+01  5.942754e-02 
 3.648229e+01  5.833457e-02 
 3.648269e+01  5.725177e-02 
 3.648309e+01  5.616173e-02 
 3.648348e+01  5.512969e-02 
 3.648388e+01  5.407432e-02 
 3.648428e+01  5.302549e-02 
 3.648468e+01  5.195700e-02 
 3.648507e+01  5.086347e-02 
 3.648547e+01  4.988740e-02 
 3.648587e+01  4.890862e-02 
 3.648627e+01  4.789366e-02 
 3.648666e+01  4.675926e-02 
 3.648706e+01  4.559752e-02 
 3.648746e+01  4.436607e-02 
 3.648786e+01  4.306850e-02 
 3.648826e+01  4.162878e-02 
 3.648865e+01  4.008876e-02 
 3.648905e+01  3.833264e-02 
 3.648945e+01  3.640263e-02 
 3.648985e+01  3.421540e-02 
 3.649024e+01  3.188833e-02 
 3.649064e+01  2.934219e-02 
 3.649104e+01  2.663732e-02 
 3.649144e+01  2.392276e-02 
 3.649183e+01  2.123515e-02 
 3.649223e+01  1.862534e-02 
 3.649263e+01  1.604761e-02 
 3.649303e+01  1.363683e-02 
 3.649343e+01  1.127784e-02 
 3.649382e+01  9.015785e-03 
 3.649422e+01  6.781545e-03 
 3.649462e+01  4.529618e-03 
 3.649502e+01  2.305020e-03 
 3.649541e+01  1.010432e-04 
 3.649581e+01 -2.109804e-03 
 3.649621e+01 -4.315802e-03 
 3.649661e+01 -6.548338e-03 
 3.649701e+01 -8.899942e-03 
 3.649740e+01 -1.132705e-02 
 3.649780e+01 -1.384751e-02 
 3.649820e+01 -1.636506e-02 
 3.649860e+01 -1.889389e-02 
 3.649899e+01 -2.148637e-02 
 3.649939e+01 -2.417346e-02 
 3.649979e+01 -2.688735e-02 
 3.650019e+01 -2.959469e-02 
 3.650058e+01 -3.218003e-02 
 3.650098e+01 -3.453417e-02 
 3.650138e+01 -3.680045e-02 
 3.650178e+01 -3.889482e-02 
 3.650218e+01 -4.085607e-02 
 3.650257e+01 -4.255260e-02 
 3.650297e+01 -4.406337e-02 
 3.650337e+01 -4.537876e-02 
 3.650377e+01 -4.665197e-02 
 3.650416e+01 -4.780756e-02 
 3.650456e+01 -4.893091e-02 
 3.650496e+01 -4.998609e-02 
 3.650536e+01 -5.095737e-02 
 3.650575e+01 -5.192240e-02 
 3.650615e+01 -5.287638e-02 
 3.650655e+01 -5.392495e-02 
 3.650695e+01 -5.483717e-02 
 3.650735e+01 -5.576945e-02 
 3.650774e+01 -5.657289e-02 
 3.650814e+01 -5.730189e-02 
 3.650854e+01 -5.800920e-02 
 3.650894e+01 -5.870873e-02 
 3.650933e+01 -5.932359e-02 
 3.650973e+01 -6.000985e-02 
 3.651013e+01 -6.058979e-02 
 3.651053e+01 -6.116136e-02 
 3.651092e+01 -6.158418e-02 
 3.651132e+01 -6.201711e-02 
 3.651172e+01 -6.224491e-02 
 3.651212e+01 -6.223220e-02 
 3.651252e+01 -6.207036e-02 
 3.651291e+01 -6.168968e-02 
 3.651331e+01 -6.118127e-02 
 3.651371e+01 -6.053146e-02 
 3.651411e+01 -5.978740e-02 
 3.651450e+01 -5.904589e-02 
 3.651490e+01 -5.832764e-02 
 3.651530e+01 -5.771754e-02 
 3.651570e+01 -5.726715e-02 
 3.651609e+01 -5.693248e-02 
 3.651649e+01 -5.671306e-02 
 3.651689e+01 -5.648958e-02 
 3.651729e+01 -5.631779e-02 
 3.651769e+01 -5.614385e-02 
 3.651808e+01 -5.598026e-02 
 3.651848e+01 -5.580368e-02 
 3.651888e+01 -5.567185e-02 
 3.651928e+01 -5.544649e-02 
 3.651967e+01 -5.519245e-02 
 3.652007e+01 -5.491707e-02 
 3.652047e+01 -5.457474e-02 
 3.652087e+01 -5.420985e-02 
 3.652126e+01 -5.381737e-02 
 3.652166e+01 -5.327976e-02 
 3.652206e+01 -5.263061e-02 
 3.652246e+01 -5.190958e-02 
 3.652286e+01 -5.118676e-02 
 3.652325e+01 -5.042856e-02 
 3.652365e+01 -4.969028e-02 
 3.652405e+01 -4.899083e-02 
 3.652445e+01 -4.830167e-02 
 3.652484e+01 -4.765169e-02 
 3.652524e+01 -4.717718e-02 
 3.652564e+01 -4.682845e-02 
 3.652604e+01 -4.648619e-02 
 3.652643e+01 -4.619933e-02 
 3.652683e+01 -4.590477e-02 
 3.652723e+01 -4.550881e-02 
 3.652763e+01 -4.506686e-02 
 3.652803e+01 -4.449714e-02 
 3.652842e+01 -4.385097e-02 
 3.652882e+01 -4.311850e-02 
 3.652922e+01 -4.228040e-02 
 3.652962e+01 -4.142151e-02 
 3.653001e+01 -4.047765e-02 
 3.653041e+01 -3.944223e-02 
 3.653081e+01 -3.828716e-02 
 3.653121e+01 -3.694674e-02 
 3.653160e+01 -3.541354e-02 
 3.653200e+01 -3.366639e-02 
 3.653240e+01 -3.171508e-02 
 3.653280e+01 -2.962593e-02 
 3.653320e+01 -2.737782e-02 
 3.653359e+01 -2.511491e-02 
 3.653399e+01 -2.280969e-02 
 3.653439e+01 -2.040409e-02 
 3.653479e+01 -1.802327e-02 
 3.653518e+01 -1.557644e-02 
 3.653558e+01 -1.307760e-02 
 3.653598e+01 -1.052541e-02 
 3.653638e+01 -7.872578e-03 
 3.653677e+01 -5.178559e-03 
 3.653717e+01 -2.306176e-03 
 3.653757e+01  5.006783e-04 
 3.653797e+01  3.303669e-03 
 3.653837e+01  6.169197e-03 
 3.653876e+01  8.964841e-03 
 3.653916e+01  1.183535e-02 
 3.653956e+01  1.458246e-02 
 3.653996e+01  1.737438e-02 
 3.654035e+01  2.013057e-02 
 3.654075e+01  2.286731e-02 
 3.654115e+01  2.559901e-02 
 3.654155e+01  2.836150e-02 
 3.654194e+01  3.097875e-02 
 3.654234e+01  3.358536e-02 
 3.654274e+01  3.612158e-02 
 3.654314e+01  3.865445e-02 
 3.654354e+01  4.109056e-02 
 3.654393e+01  4.348145e-02 
 3.654433e+01  4.572118e-02 
 3.654473e+01  4.777614e-02 
 3.654513e+01  4.965758e-02 
 3.654552e+01  5.137444e-02 
 3.654592e+01  5.292894e-02 
 3.654632e+01  5.437803e-02 
 3.654672e+01  5.582014e-02 
 3.654711e+01  5.711837e-02 
 3.654751e+01  5.839386e-02 
 3.654791e+01  5.954097e-02 
 3.654831e+01  6.065465e-02 
 3.654871e+01  6.171045e-02 
 3.654910e+01  6.272251e-02 
 3.654950e+01  6.366161e-02 
 3.654990e+01  6.456216e-02 
 3.655030e+01  6.544060e-02 
 3.655069e+01  6.634137e-02 
 3.655109e+01  6.729156e-02 
 3.655149e+01  6.832111e-02 
 3.655189e+01  6.935115e-02 
 3.655228e+01  7.038004e-02 
 3.655268e+01  7.152852e-02 
 3.655308e+01  7.264900e-02 
 3.655348e+01  7.387804e-02 
 3.655388e+01  7.510213e-02 
 3.655427e+01  7.629754e-02 
 3.655467e+01  7.745246e-02 
 3.655507e+01  7.857790e-02 
 3.655547e+01  7.974571e-02 
 3.655586e+01  8.093398e-02 
 3.655626e+01  8.209780e-02 
 3.655666e+01  8.314132e-02 
 3.655706e+01  8.412315e-02 
 3.655745e+01  8.510972e-02 
 3.655785e+01  8.604968e-02 
 3.655825e+01  8.696877e-02 
 3.655865e+01  8.785330e-02 
 3.655905e+01  8.863981e-02 
 3.655944e+01  8.945225e-02 
 3.655984e+01  9.031139e-02 
 3.656024e+01  9.132153e-02 
 3.656064e+01  9.237486e-02 
 3.656103e+01  9.342602e-02 
 3.656143e+01  9.456331e-02 
 3.656183e+01  9.581571e-02 
 3.656223e+01  9.724092e-02 
 3.656262e+01  9.874566e-02 
 3.656302e+01  1.003081e-01 
 3.656342e+01  1.017308e-01 
 3.656382e+01  1.031595e-01 
 3.656422e+01  1.045093e-01 
 3.656461e+01  1.057644e-01 
 3.656501e+01  1.068947e-01 
 3.656541e+01  1.078822e-01 
 3.656581e+01  1.085757e-01 
 3.656620e+01  1.091611e-01 
 3.656660e+01  1.095571e-01 
 3.656700e+01  1.098576e-01 
 3.656740e+01  1.099656e-01 
 3.656779e+01  1.099453e-01 
 3.656819e+01  1.099188e-01 
 3.656859e+01  1.096963e-01 
 3.656899e+01  1.094472e-01 
 3.656939e+01  1.091752e-01 
 3.656978e+01  1.088368e-01 
 3.657018e+01  1.085315e-01 
 3.657058e+01  1.080974e-01 
 3.657098e+01  1.077188e-01 
 3.657137e+01  1.072338e-01 
 3.657177e+01  1.066291e-01 
 3.657217e+01  1.059900e-01 
 3.657257e+01  1.052076e-01 
 3.657296e+01  1.042804e-01 
 3.657336e+01  1.031929e-01 
 3.657376e+01  1.018838e-01 
 3.657416e+01  1.003692e-01 
 3.657456e+01  9.869530e-02 
 3.657495e+01  9.690434e-02 
 3.657535e+01  9.491234e-02 
 3.657575e+01  9.278491e-02 
 3.657615e+01  9.056913e-02 
 3.657654e+01  8.827057e-02 
 3.657694e+01  8.583504e-02 
 3.657734e+01  8.338219e-02 
 3.657774e+01  8.090638e-02 
 3.657813e+01  7.830896e-02 
 3.657853e+01  7.576628e-02 
 3.657893e+01  7.332104e-02 
 3.657933e+01  7.107021e-02 
 3.657973e+01  6.888250e-02 
 3.658012e+01  6.681200e-02 
 3.658052e+01  6.491564e-02 
 3.658092e+01  6.313132e-02 
 3.658132e+01  6.144677e-02 
 3.658171e+01  5.993345e-02 
 3.658211e+01  5.847924e-02 
 3.658251e+01  5.704047e-02 
 3.658291e+01  5.562605e-02 
 3.658330e+01  5.422495e-02 
 3.658370e+01  5.275534e-02 
 3.658410e+01  5.112883e-02 
 3.658450e+01  4.940290e-02 
 3.658490e+01  4.751051e-02 
 3.658529e+01  4.555845e-02 
 3.658569e+01  4.356513e-02 
 3.658609e+01  4.161839e-02 
 3.658649e+01  3.976847e-02 
 3.658688e+01  3.797839e-02 
 3.658728e+01  3.628191e-02 
 3.658768e+01  3.471888e-02 
 3.658808e+01  3.322855e-02 
 3.658847e+01  3.193932e-02 
 3.658887e+01  3.070782e-02 
 3.658927e+01  2.951779e-02 
 3.658967e+01  2.846111e-02 
 3.659007e+01  2.738881e-02 
 3.659046e+01  2.639531e-02 
 3.659086e+01  2.539322e-02 
 3.659126e+01  2.440490e-02 
 3.659166e+01  2.342530e-02 
 3.659205e+01  2.231107e-02 
 3.659245e+01  2.103834e-02 
 3.659285e+01  1.962103e-02 
 3.659325e+01  1.796538e-02 
 3.659365e+01  1.609037e-02 
 3.659404e+01  1.407239e-02 
 3.659444e+01  1.196150e-02 
 3.659484e+01  9.741701e-03 
 3.659524e+01  7.448848e-03 
 3.659563e+01  5.143399e-03 
 3.659603e+01  2.841100e-03 
 3.659643e+01  5.630438e-04 
 3.659683e+01 -1.738026e-03 
 3.659722e+01 -3.970613e-03 
 3.659762e+01 -6.261384e-03 
 3.659802e+01 -8.355587e-03 
 3.659842e+01 -1.033947e-02 
 3.659882e+01 -1.228640e-02 
 3.659921e+01 -1.420806e-02 
 3.659961e+01 -1.624755e-02 
 3.660001e+01 -1.826848e-02 
 3.660041e+01 -2.041102e-02 
 3.660080e+01 -2.256449e-02 
 3.660120e+01 -2.476648e-02 
 3.660160e+01 -2.717455e-02 
 3.660200e+01 -2.969457e-02 
 3.660239e+01 -3.234664e-02 
 3.660279e+01 -3.505681e-02 
 3.660319e+01 -3.782560e-02 
 3.660359e+01 -4.061988e-02 
 3.660399e+01 -4.343599e-02 
 3.660438e+01 -4.624165e-02 
 3.660478e+01 -4.899665e-02 
 3.660518e+01 -5.154476e-02 
 3.660558e+01 -5.386547e-02 
 3.660597e+01 -5.598517e-02 
 3.660637e+01 -5.796772e-02 
 3.660677e+01 -5.976285e-02 
 3.660717e+01 -6.128260e-02 
 3.660756e+01 -6.255639e-02 
 3.660796e+01 -6.361812e-02 
 3.660836e+01 -6.437877e-02 
 3.660876e+01 -6.508545e-02 
 3.660916e+01 -6.569789e-02 
 3.660955e+01 -6.619987e-02 
 3.660995e+01 -6.658872e-02 
 3.661035e+01 -6.683295e-02 
 3.661075e+01 -6.711872e-02 
 3.661114e+01 -6.738900e-02 
 3.661154e+01 -6.771038e-02 
 3.661194e+01 -6.802290e-02 
 3.661234e+01 -6.836483e-02 
 3.661273e+01 -6.869295e-02 
 3.661313e+01 -6.891754e-02 
 3.661353e+01 -6.904249e-02 
 3.661393e+01 -6.911814e-02 
 3.661433e+01 -6.909927e-02 
 3.661472e+01 -6.887971e-02 
 3.661512e+01 -6.847647e-02 
 3.661552e+01 -6.791984e-02 
 3.661592e+01 -6.715838e-02 
 3.661631e+01 -6.631736e-02 
 3.661671e+01 -6.533163e-02 
 3.661711e+01 -6.426007e-02 
 3.661751e+01 -6.308475e-02 
 3.661790e+01 -6.178419e-02 
 3.661830e+01 -6.051718e-02 
 3.661870e+01 -5.925796e-02 
 3.661910e+01 -5.808493e-02 
 3.661950e+01 -5.687703e-02 
 3.661989e+01 -5.584603e-02 
 3.662029e+01 -5.488251e-02 
 3.662069e+01 -5.407877e-02 
 3.662109e+01 -5.340360e-02 
 3.662148e+01 -5.285418e-02 
 3.662188e+01 -5.244789e-02 
 3.662228e+01 -5.206377e-02 
 3.662268e+01 -5.172248e-02 
 3.662307e+01 -5.149303e-02 
 3.662347e+01 -5.117260e-02 
 3.662387e+01 -5.082975e-02 
 3.662427e+01 -5.033020e-02 
 3.662467e+01 -4.975401e-02 
 3.662506e+01 -4.913216e-02 
 3.662546e+01 -4.839972e-02 
 3.662586e+01 -4.765782e-02 
 3.662626e+01 -4.687130e-02 
 3.662665e+01 -4.602233e-02 
 3.662705e+01 -4.509842e-02 
 3.662745e+01 -4.420651e-02 
 3.662785e+01 -4.323930e-02 
 3.662824e+01 -4.234833e-02 
 3.662864e+01 -4.134472e-02 
 3.662904e+01 -4.034390e-02 
 3.662944e+01 -3.937782e-02 
 3.662984e+01 -3.831783e-02 
 3.663023e+01 -3.728451e-02 
 3.663063e+01 -3.619901e-02 
 3.663103e+01 -3.510472e-02 
 3.663143e+01 -3.404566e-02 
 3.663182e+01 -3.296587e-02 
 3.663222e+01 -3.187648e-02 
 3.663262e+01 -3.079880e-02 
 3.663302e+01 -2.969972e-02 
 3.663341e+01 -2.848896e-02 
 3.663381e+01 -2.711363e-02 
 3.663421e+01 -2.558587e-02 
 3.663461e+01 -2.380608e-02 
 3.663501e+01 -2.196641e-02 
 3.663540e+01 -2.003252e-02 
 3.663580e+01 -1.803800e-02 
 3.663620e+01 -1.594940e-02 
 3.663660e+01 -1.367728e-02 
 3.663699e+01 -1.139446e-02 
 3.663739e+01 -8.944721e-03 
 3.663779e+01 -6.437550e-03 
 3.663819e+01 -3.821160e-03 
 3.663858e+01 -1.115514e-03 
 3.663898e+01  1.760052e-03 
 3.663938e+01  4.554570e-03 
 3.663978e+01  7.428593e-03 
 3.664018e+01  1.014611e-02 
 3.664057e+01  1.284253e-02 
 3.664097e+01  1.547121e-02 
 3.664137e+01  1.798059e-02 
 3.664177e+01  2.049845e-02 
 3.664216e+01  2.302620e-02 
 3.664256e+01  2.562076e-02 
 3.664296e+01  2.830812e-02 
 3.664336e+01  3.111073e-02 
 3.664375e+01  3.398309e-02 
 3.664415e+01  3.686851e-02 
 3.664455e+01  3.970368e-02 
 3.664495e+01  4.247654e-02 
 3.664535e+01  4.511239e-02 
 3.664574e+01  4.767191e-02 
 3.664614e+01  5.012880e-02 
 3.664654e+01  5.247891e-02 
 3.664694e+01  5.474301e-02 
 3.664733e+01  5.695033e-02 
 3.664773e+01  5.909612e-02 
 3.664813e+01  6.114570e-02 
 3.664853e+01  6.321291e-02 
 3.664892e+01  6.533064e-02 
 3.664932e+01  6.741042e-02 
 3.664972e+01  6.944885e-02 
 3.665012e+01  7.132289e-02 
 3.665052e+01  7.301241e-02 
 3.665091e+01  7.452312e-02 
 3.665131e+01  7.585407e-02 
 3.665171e+01  7.705042e-02 
 3.665211e+01  7.805414e-02 
 3.665250e+01  7.888458e-02 
 3.665290e+01  7.968703e-02 
 3.665330e+01  8.048391e-02 
 3.665370e+01  8.127996e-02 
 3.665409e+01  8.208105e-02 
 3.665449e+01  8.267169e-02 
 3.665489e+01  8.322941e-02 
 3.665529e+01  8.369793e-02 
 3.665569e+01  8.420772e-02 
 3.665608e+01  8.466335e-02 
 3.665648e+01  8.507575e-02 
 3.665688e+01  8.549099e-02 
 3.665728e+01  8.592787e-02 
 3.665767e+01  8.643705e-02 
 3.665807e+01  8.716557e-02 
 3.665847e+01  8.794210e-02 
 3.665887e+01  8.882460e-02 
 3.665926e+01  8.966234e-02 
 3.665966e+01  9.050752e-02 
 3.666006e+01  9.132022e-02 
 3.666046e+01  9.200542e-02 
 3.666086e+01  9.260139e-02 
 3.666125e+01  9.308206e-02 
 3.666165e+01  9.345708e-02 
 3.666205e+01  9.383160e-02 
 3.666245e+01  9.423062e-02 
 3.666284e+01  9.472595e-02 
 3.666324e+01  9.523270e-02 
 3.666364e+01  9.580003e-02 
 3.666404e+01  9.639182e-02 
 3.666443e+01  9.707956e-02 
 3.666483e+01  9.775521e-02 
 3.666523e+01  9.849183e-02 
 3.666563e+01  9.916043e-02 
 3.666603e+01  9.983506e-02 
 3.666642e+01  1.005424e-01 
 3.666682e+01  1.012816e-01 
 3.666722e+01  1.020433e-01 
 3.666762e+01  1.029052e-01 
 3.666801e+01  1.037035e-01 
 3.666841e+01  1.045164e-01 
 3.666881e+01  1.052544e-01 
 3.666921e+01  1.058856e-01 
 3.666960e+01  1.063888e-01 
 3.667000e+01  1.066446e-01 
 3.667040e+01  1.067460e-01 
 3.667080e+01  1.066175e-01 
 3.667120e+01  1.062422e-01 
 3.667159e+01  1.056978e-01 
 3.667199e+01  1.050841e-01 
 3.667239e+01  1.044118e-01 
 3.667279e+01  1.037118e-01 
 3.667318e+01  1.029196e-01 
 3.667358e+01  1.021057e-01 
 3.667398e+01  1.012360e-01 
 3.667438e+01  1.003850e-01 
 3.667477e+01  9.947868e-02 
 3.667517e+01  9.857161e-02 
 3.667557e+01  9.757422e-02 
 3.667597e+01  9.647195e-02 
 3.667637e+01  9.530149e-02 
 3.667676e+01  9.404898e-02 
 3.667716e+01  9.276576e-02 
 3.667756e+01  9.137947e-02 
 3.667796e+01  8.990991e-02 
 3.667835e+01  8.831506e-02 
 3.667875e+01  8.656597e-02 
 3.667915e+01  8.466239e-02 
 3.667955e+01  8.255884e-02 
 3.667994e+01  8.022597e-02 
 3.668034e+01  7.763662e-02 
 3.668074e+01  7.482238e-02 
 3.668114e+01  7.186436e-02 
 3.668154e+01  6.888179e-02 
 3.668193e+01  6.591332e-02 
 3.668233e+01  6.300355e-02 
 3.668273e+01  6.021745e-02 
 3.668313e+01  5.748871e-02 
 3.668352e+01  5.490692e-02 
 3.668392e+01  5.240310e-02 
 3.668432e+01  5.000698e-02 
 3.668472e+01  4.771925e-02 
 3.668512e+01  4.548125e-02 
 3.668551e+01  4.335337e-02 
 3.668591e+01  4.135239e-02 
 3.668631e+01  3.930933e-02 
 3.668671e+01  3.735941e-02 
 3.668710e+01  3.540773e-02 
 3.668750e+01  3.347908e-02 
 3.668790e+01  3.156828e-02 
 3.668830e+01  2.965321e-02 
 3.668869e+01  2.767053e-02 
 3.668909e+01  2.562565e-02 
 3.668949e+01  2.353448e-02 
 3.668989e+01  2.142623e-02 
 3.669029e+01  1.927043e-02 
 3.669068e+01  1.711679e-02 
 3.669108e+01  1.501802e-02 
 3.669148e+01  1.300231e-02 
 3.669188e+01  1.118515e-02 
 3.669227e+01  9.526419e-03 
 3.669267e+01  8.083448e-03 
 3.669307e+01  6.806031e-03 
 3.669347e+01  5.692409e-03 
 3.669386e+01  4.775030e-03 
 3.669426e+01  3.949811e-03 
 3.669466e+01  3.217803e-03 
 3.669506e+01  2.338515e-03 
 3.669546e+01  1.324958e-03 
 3.669585e+01  1.809089e-04 
 3.669625e+01 -1.120160e-03 
 3.669665e+01 -2.457658e-03 
 3.669705e+01 -3.890885e-03 
 3.669744e+01 -5.421720e-03 
 3.669784e+01 -7.023315e-03 
 3.669824e+01 -8.683294e-03 
 3.669864e+01 -1.041961e-02 
 3.669903e+01 -1.216199e-02 
 3.669943e+01 -1.415210e-02 
 3.669983e+01 -1.628528e-02 
 3.670023e+01 -1.850297e-02 
 3.670063e+01 -2.075895e-02 
 3.670102e+01 -2.294862e-02 
 3.670142e+01 -2.505481e-02 
 3.670182e+01 -2.706006e-02 
 3.670222e+01 -2.900215e-02 
 3.670261e+01 -3.082217e-02 
 3.670301e+01 -3.245642e-02 
 3.670341e+01 -3.392212e-02 
 3.670381e+01 -3.531994e-02 
 3.670420e+01 -3.671954e-02 
 3.670460e+01 -3.816334e-02 
 3.670500e+01 -3.964699e-02 
 3.670540e+01 -4.120445e-02 
 3.670580e+01 -4.283610e-02 
 3.670619e+01 -4.456866e-02 
 3.670659e+01 -4.637821e-02 
 3.670699e+01 -4.822804e-02 
 3.670739e+01 -5.019525e-02 
 3.670778e+01 -5.215743e-02 
 3.670818e+01 -5.410704e-02 
 3.670858e+01 -5.618130e-02 
 3.670898e+01 -5.826441e-02 
 3.670937e+01 -6.038078e-02 
 3.670977e+01 -6.245552e-02 
 3.671017e+01 -6.438317e-02 
 3.671057e+01 -6.618065e-02 
 3.671097e+01 -6.771987e-02 
 3.671136e+01 -6.899507e-02 
 3.671176e+01 -7.007599e-02 
 3.671216e+01 -7.083775e-02 
 3.671256e+01 -7.132959e-02 
 3.671295e+01 -7.157643e-02 
 3.671335e+01 -7.171290e-02 
 3.671375e+01 -7.174280e-02 
 3.671415e+01 -7.181979e-02 
 3.671454e+01 -7.191969e-02 
 3.671494e+01 -7.204170e-02 
 3.671534e+01 -7.217378e-02 
 3.671574e+01 -7.228258e-02 
 3.671614e+01 -7.239917e-02 
 3.671653e+01 -7.245538e-02 
 3.671693e+01 -7.238805e-02 
 3.671733e+01 -7.216098e-02 
 3.671773e+01 -7.171200e-02 
 3.671812e+01 -7.111485e-02 
 3.671852e+01 -7.043446e-02 
 3.671892e+01 -6.965021e-02 
 3.671932e+01 -6.877987e-02 
 3.671971e+01 -6.780107e-02 
 3.672011e+01 -6.668903e-02 
 3.672051e+01 -6.543317e-02 
 3.672091e+01 -6.405391e-02 
 3.672131e+01 -6.250041e-02 
 3.672170e+01 -6.079095e-02 
 3.672210e+01 -5.885097e-02 
 3.672250e+01 -5.684875e-02 
 3.672290e+01 -5.475504e-02 
 3.672329e+01 -5.268117e-02 
 3.672369e+01 -5.067232e-02 
 3.672409e+01 -4.877122e-02 
 3.672449e+01 -4.711725e-02 
 3.672488e+01 -4.561387e-02 
 3.672528e+01 -4.423213e-02 
 3.672568e+01 -4.296571e-02 
 3.672608e+01 -4.170650e-02 
 3.672648e+01 -4.053161e-02 
 3.672687e+01 -3.938142e-02 
 3.672727e+01 -3.832348e-02 
 3.672767e+01 -3.722212e-02 
 3.672807e+01 -3.620328e-02 
 3.672846e+01 -3.523655e-02 
 3.672886e+01 -3.435072e-02 
 3.672926e+01 -3.354985e-02 
 3.672966e+01 -3.283314e-02 
 3.673005e+01 -3.200181e-02 
 3.673045e+01 -3.111961e-02 
 3.673085e+01 -3.010664e-02 
 3.673125e+01 -2.910848e-02 
 3.673165e+01 -2.796548e-02 
 3.673204e+01 -2.673377e-02 
 3.673244e+01 -2.533124e-02 
 3.673284e+01 -2.384804e-02 
 3.673324e+01 -2.233391e-02 
 3.673363e+01 -2.086794e-02 
 3.673403e+01 -1.942291e-02 
 3.673443e+01 -1.806025e-02 
 3.673483e+01 -1.669481e-02 
 3.673522e+01 -1.541589e-02 
 3.673562e+01 -1.416008e-02 
 3.673602e+01 -1.285528e-02 
 3.673642e+01 -1.143014e-02 
 3.673682e+01 -9.852529e-03 
 3.673721e+01 -8.109681e-03 
 3.673761e+01 -6.276700e-03 
 3.673801e+01 -4.379803e-03 
 3.673841e+01 -2.473196e-03 
 3.673880e+01 -5.136592e-04 
 3.673920e+01  1.471652e-03 
 3.673960e+01  3.506853e-03 
 3.674000e+01  5.525407e-03 
 3.674039e+01  7.579092e-03 
 3.674079e+01  9.732889e-03 
 3.674119e+01  1.197188e-02 
 3.674159e+01  1.438252e-02 
 3.674199e+01  1.689876e-02 
 3.674238e+01  1.946596e-02 
 3.674278e+01  2.207785e-02 
 3.674318e+01  2.462535e-02 
 3.674358e+01  2.718147e-02 
 3.674397e+01  2.969883e-02 
 3.674437e+01  3.222734e-02 
 3.674477e+01  3.469681e-02 
 3.674517e+01  3.719985e-02 
 3.674556e+01  3.964871e-02 
 3.674596e+01  4.216415e-02 
 3.674636e+01  4.470959e-02 
 3.674676e+01  4.724375e-02 
 3.674716e+01  4.973234e-02 
 3.674755e+01  5.214152e-02 
 3.674795e+01  5.447318e-02 
 3.674835e+01  5.672064e-02 
 3.674875e+01  5.893087e-02 
 3.674914e+01  6.117024e-02 
 3.674954e+01  6.329491e-02 
 3.674994e+01  6.537440e-02 
 3.675034e+01  6.734652e-02 
 3.675073e+01  6.933989e-02 
 3.675113e+01  7.136685e-02 
 3.675153e+01  7.343434e-02 
 3.675193e+01  7.554652e-02 
 3.675233e+01  7.757728e-02 
 3.675272e+01  7.962384e-02 
 3.675312e+01  8.176363e-02 
 3.675352e+01  8.371193e-02 
 3.675392e+01  8.571595e-02 
 3.675431e+01  8.751393e-02 
 3.675471e+01  8.920860e-02 
 3.675511e+01  9.078722e-02 
 3.675551e+01  9.224565e-02 
 3.675590e+01  9.366596e-02 
 3.675630e+01  9.486899e-02 
 3.675670e+01  9.585858e-02 
 3.675710e+01  9.662496e-02 
 3.675750e+01  9.721101e-02 
 3.675789e+01  9.760772e-02 
 3.675829e+01  9.783965e-02 
 3.675869e+01  9.791401e-02 
 3.675909e+01  9.783585e-02 
 3.675948e+01  9.766048e-02 
 3.675988e+01  9.754992e-02 
 3.676028e+01  9.746558e-02 
 3.676068e+01  9.746509e-02 
 3.676107e+01  9.750804e-02 
 3.676147e+01  9.756332e-02 
 3.676187e+01  9.766770e-02 
 3.676227e+01  9.782901e-02 
 3.676267e+01  9.792953e-02 
 3.676306e+01  9.809626e-02 
 3.676346e+01  9.813088e-02 
 3.676386e+01  9.816749e-02 
 3.676426e+01  9.816365e-02 
 3.676465e+01  9.813860e-02 
 3.676505e+01  9.813387e-02 
 3.676545e+01  9.800672e-02 
 3.676585e+01  9.793012e-02 
 3.676624e+01  9.778593e-02 
 3.676664e+01  9.758890e-02 
 3.676704e+01  9.735807e-02 
 3.676744e+01  9.699767e-02 
 3.676784e+01  9.658329e-02 
 3.676823e+01  9.618432e-02 
 3.676863e+01  9.581251e-02 
 3.676903e+01  9.544527e-02 
 3.676943e+01  9.517204e-02 
 3.676982e+01  9.500614e-02 
 3.677022e+01  9.491690e-02 
 3.677062e+01  9.493141e-02 
 3.677102e+01  9.514351e-02 
 3.677141e+01  9.536871e-02 
 3.677181e+01  9.562713e-02 
 3.677221e+01  9.584395e-02 
 3.677261e+01  9.610502e-02 
 3.677301e+01  9.632483e-02 
 3.677340e+01  9.645988e-02 
 3.677380e+01  9.650878e-02 
 3.677420e+01  9.638422e-02 
 3.677460e+01  9.607219e-02 
 3.677499e+01  9.558280e-02 
 3.677539e+01  9.498066e-02 
 3.677579e+01  9.413226e-02 
 3.677619e+01  9.307274e-02 
 3.677659e+01  9.177365e-02 
 3.677698e+01  9.029046e-02 
 3.677738e+01  8.872234e-02 
 3.677778e+01  8.711868e-02 
 3.677818e+01  8.547172e-02 
 3.677857e+01  8.382127e-02 
 3.677897e+01  8.223718e-02 
 3.677937e+01  8.073112e-02 
 3.677977e+01  7.937097e-02 
 3.678016e+01  7.813472e-02 
 3.678056e+01  7.696112e-02 
 3.678096e+01  7.566064e-02 
 3.678136e+01  7.438552e-02 
 3.678176e+01  7.298794e-02 
 3.678215e+01  7.151682e-02 
 3.678255e+01  6.983969e-02 
 3.678295e+01  6.791903e-02 
 3.678335e+01  6.577527e-02 
 3.678374e+01  6.343491e-02 
 3.678414e+01  6.099029e-02 
 3.678454e+01  5.843489e-02 
 3.678494e+01  5.585126e-02 
 3.678533e+01  5.314999e-02 
 3.678573e+01  5.033003e-02 
 3.678613e+01  4.741704e-02 
 3.678653e+01  4.441818e-02 
 3.678693e+01  4.145571e-02 
 3.678732e+01  3.857708e-02 
 3.678772e+01  3.575571e-02 
 3.678812e+01  3.304196e-02 
 3.678852e+01  3.043164e-02 
 3.678891e+01  2.801181e-02 
 3.678931e+01  2.573276e-02 
 3.678971e+01  2.363686e-02 
 3.679011e+01  2.165225e-02 
 3.679050e+01  1.955004e-02 
 3.679090e+01  1.747454e-02 
 3.679130e+01  1.534708e-02 
 3.679170e+01  1.321858e-02 
 3.679210e+01  1.106773e-02 
 3.679249e+01  8.797256e-03 
 3.679289e+01  6.414051e-03 
 3.679329e+01  3.954724e-03 
 3.679369e+01  1.425044e-03 
 3.679408e+01 -9.900152e-04 
 3.679448e+01 -3.412988e-03 
 3.679488e+01 -5.716534e-03 
 3.679528e+01 -8.084856e-03 
 3.679567e+01 -1.034503e-02 
 3.679607e+01 -1.253596e-02 
 3.679647e+01 -1.452795e-02 
 3.679687e+01 -1.641367e-02 
 3.679727e+01 -1.821289e-02 
 3.679766e+01 -1.992932e-02 
 3.679806e+01 -2.141329e-02 
 3.679846e+01 -2.274480e-02 
 3.679886e+01 -2.378976e-02 
 3.679925e+01 -2.460720e-02 
 3.679965e+01 -2.534009e-02 
 3.680005e+01 -2.592439e-02 
 3.680045e+01 -2.647827e-02 
 3.680084e+01 -2.691265e-02 
 3.680124e+01 -2.749415e-02 
 3.680164e+01 -2.829281e-02 
 3.680204e+01 -2.936665e-02 
 3.680244e+01 -3.058245e-02 
 3.680283e+01 -3.196802e-02 
 3.680323e+01 -3.344048e-02 
 3.680363e+01 -3.496221e-02 
 3.680403e+01 -3.645058e-02 
 3.680442e+01 -3.796404e-02 
 3.680482e+01 -3.942380e-02 
 3.680522e+01 -4.075077e-02 
 3.680562e+01 -4.200081e-02 
 3.680601e+01 -4.325468e-02 
 3.680641e+01 -4.439782e-02 
 3.680681e+01 -4.548600e-02 
 3.680721e+01 -4.653208e-02 
 3.680761e+01 -4.745253e-02 
 3.680800e+01 -4.835330e-02 
 3.680840e+01 -4.912191e-02 
 3.680880e+01 -4.991033e-02 
 3.680920e+01 -5.063435e-02 
 3.680959e+01 -5.136746e-02 
 3.680999e+01 -5.216018e-02 
 3.681039e+01 -5.307812e-02 
 3.681079e+01 -5.408364e-02 
 3.681118e+01 -5.527113e-02 
 3.681158e+01 -5.654635e-02 
 3.681198e+01 -5.797315e-02 
 3.681238e+01 -5.956137e-02 
 3.681278e+01 -6.127567e-02 
 3.681317e+01 -6.289926e-02 
 3.681357e+01 -6.449984e-02 
 3.681397e+01 -6.591960e-02 
 3.681437e+01 -6.717940e-02 
 3.681476e+01 -6.825473e-02 
 3.681516e+01 -6.915284e-02 
 3.681556e+01 -6.985640e-02 
 3.681596e+01 -7.033341e-02 
 3.681635e+01 -7.063199e-02 
 3.681675e+01 -7.085492e-02 
 3.681715e+01 -7.094439e-02 
 3.681755e+01 -7.084232e-02 
 3.681795e+01 -7.063386e-02 
 3.681834e+01 -7.020762e-02 
 3.681874e+01 -6.965036e-02 
 3.681914e+01 -6.897025e-02 
 3.681954e+01 -6.821064e-02 
 3.681993e+01 -6.746171e-02 
 3.682033e+01 -6.658840e-02 
 3.682073e+01 -6.576856e-02 
 3.682113e+01 -6.496229e-02 
 3.682152e+01 -6.418546e-02 
 3.682192e+01 -6.346151e-02 
 3.682232e+01 -6.273017e-02 
 3.682272e+01 -6.191826e-02 
 3.682312e+01 -6.093661e-02 
 3.682351e+01 -5.974018e-02 
 3.682391e+01 -5.841712e-02 
 3.682431e+01 -5.696917e-02 
 3.682471e+01 -5.541406e-02 
 3.682510e+01 -5.373732e-02 
 3.682550e+01 -5.190782e-02 
 3.682590e+01 -5.006907e-02 
 3.682630e+01 -4.821299e-02 
 3.682669e+01 -4.640439e-02 
 3.682709e+01 -4.450997e-02 
 3.682749e+01 -4.258334e-02 
 3.682789e+01 -4.047274e-02 
 3.682829e+01 -3.833880e-02 
 3.682868e+01 -3.623927e-02 
 3.682908e+01 -3.419847e-02 
 3.682948e+01 -3.219892e-02 
 3.682988e+01 -3.017972e-02 
 3.683027e+01 -2.830080e-02 
 3.683067e+01 -2.650676e-02 
 3.683107e+01 -2.499917e-02 
 3.683147e+01 -2.370188e-02 
 3.683186e+01 -2.243049e-02 
 3.683226e+01 -2.115206e-02 
 3.683266e+01 -1.978610e-02 
 3.683306e+01 -1.832620e-02 
 3.683346e+01 -1.681057e-02 
 3.683385e+01 -1.523713e-02 
 3.683425e+01 -1.363863e-02 
 3.683465e+01 -1.188691e-02 
 3.683505e+01 -1.011049e-02 
 3.683544e+01 -8.368690e-03 
 3.683584e+01 -6.704292e-03 
 3.683624e+01 -5.102941e-03 
 3.683664e+01 -3.518113e-03 
 3.683703e+01 -1.936519e-03 
 3.683743e+01 -3.201532e-04 
 3.683783e+01  1.265434e-03 
 3.683823e+01  2.920005e-03 
 3.683863e+01  4.694613e-03 
 3.683902e+01  6.553087e-03 
 3.683942e+01  8.512143e-03 
 3.683982e+01  1.050846e-02 
 3.684022e+01  1.245974e-02 
 3.684061e+01  1.434211e-02 
 3.684101e+01  1.620498e-02 
 3.684141e+01  1.794628e-02 
 3.684181e+01  1.971510e-02 
 3.684220e+01  2.148227e-02 
 3.684260e+01  2.332946e-02 
 3.684300e+01  2.526248e-02 
 3.684340e+01  2.731548e-02 
 3.684380e+01  2.936009e-02 
 3.684419e+01  3.143399e-02 
 3.684459e+01  3.344800e-02 
 3.684499e+01  3.533535e-02 
 3.684539e+01  3.712553e-02 
 3.684578e+01  3.888920e-02 
 3.684618e+01  4.067889e-02 
 3.684658e+01  4.239993e-02 
 3.684698e+01  4.426306e-02 
 3.684737e+01  4.625205e-02 
 3.684777e+01  4.832102e-02 
 3.684817e+01  5.063882e-02 
 3.684857e+01  5.308310e-02 
 3.684897e+01  5.559023e-02 
 3.684936e+01  5.807204e-02 
 3.684976e+01  6.036588e-02 
 3.685016e+01  6.263946e-02 
 3.685056e+01  6.469991e-02 
 3.685095e+01  6.665556e-02 
 3.685135e+01  6.853859e-02 
 3.685175e+01  7.030607e-02 
 3.685215e+01  7.206763e-02 
 3.685254e+01  7.374700e-02 
 3.685294e+01  7.544776e-02 
 3.685334e+01  7.718517e-02 
 3.685374e+01  7.891026e-02 
 3.685414e+01  8.068290e-02 
 3.685453e+01  8.235536e-02 
 3.685493e+01  8.401177e-02 
 3.685533e+01  8.563390e-02 
 3.685573e+01  8.718204e-02 
 3.685612e+01  8.875586e-02 
 3.685652e+01  9.023948e-02 
 3.685692e+01  9.176173e-02 
 3.685732e+01  9.330291e-02 
 3.685771e+01  9.491968e-02 
 3.685811e+01  9.659986e-02 
 3.685851e+01  9.829963e-02 
 3.685891e+01  9.995379e-02 
 3.685931e+01  1.015324e-01 
 3.685970e+01  1.029196e-01 
 3.686010e+01  1.041111e-01 
 3.686050e+01  1.049518e-01 
 3.686090e+01  1.055879e-01 
 3.686129e+01  1.060227e-01 
 3.686169e+01  1.062849e-01 
 3.686209e+01  1.064384e-01 
 3.686249e+01  1.065227e-01 
 3.686288e+01  1.064944e-01 
 3.686328e+01  1.064043e-01 
 3.686368e+01  1.062157e-01 
 3.686408e+01  1.059044e-01 
 3.686448e+01  1.055275e-01 
 3.686487e+01  1.049213e-01 
 3.686527e+01  1.041927e-01 
 3.686567e+01  1.034556e-01 
 3.686607e+01  1.027085e-01 
 3.686646e+01  1.020907e-01 
 3.686686e+01  1.015378e-01 
 3.686726e+01  1.011093e-01 
 3.686766e+01  1.007567e-01 
 3.686806e+01  1.004654e-01 
 3.686845e+01  1.002740e-01 
 3.686885e+01  1.000501e-01 
 3.686925e+01  9.971471e-02 
 3.686965e+01  9.906884e-02 
 3.687004e+01  9.820325e-02 
 3.687044e+01  9.715573e-02 
 3.687084e+01  9.590815e-02 
 3.687124e+01  9.462223e-02 
 3.687163e+01  9.326086e-02 
 3.687203e+01  9.176346e-02 
 3.687243e+01  9.043519e-02 
 3.687283e+01  8.925484e-02 
 3.687323e+01  8.824998e-02 
 3.687362e+01  8.739994e-02 
 3.687402e+01  8.655960e-02 
 3.687442e+01  8.581938e-02 
 3.687482e+01  8.510326e-02 
 3.687521e+01  8.453427e-02 
 3.687561e+01  8.409651e-02 
 3.687601e+01  8.354823e-02 
 3.687641e+01  8.307341e-02 
 3.687680e+01  8.255748e-02 
 3.687720e+01  8.210161e-02 
 3.687760e+01  8.169428e-02 
 3.687800e+01  8.130455e-02 
 3.687840e+01  8.076955e-02 
 3.687879e+01  8.008892e-02 
 3.687919e+01  7.912214e-02 
 3.687959e+01  7.794542e-02 
 3.687999e+01  7.658255e-02 
 3.688038e+01  7.495681e-02 
 3.688078e+01  7.309998e-02 
 3.688118e+01  7.116877e-02 
 3.688158e+01  6.919868e-02 
 3.688197e+01  6.723289e-02 
 3.688237e+01  6.535989e-02 
 3.688277e+01  6.358171e-02 
 3.688317e+01  6.186168e-02 
 3.688357e+01  6.023649e-02 
 3.688396e+01  5.870979e-02 
 3.688436e+01  5.722575e-02 
 3.688476e+01  5.574153e-02 
 3.688516e+01  5.426109e-02 
 3.688555e+01  5.264168e-02 
 3.688595e+01  5.097379e-02 
 3.688635e+01  4.926258e-02 
 3.688675e+01  4.756364e-02 
 3.688714e+01  4.573079e-02 
 3.688754e+01  4.387957e-02 
 3.688794e+01  4.194196e-02 
 3.688834e+01  3.980117e-02 
 3.688874e+01  3.745534e-02 
 3.688913e+01  3.491611e-02 
 3.688953e+01  3.225275e-02 
 3.688993e+01  2.940346e-02 
 3.689033e+01  2.641520e-02 
 3.689072e+01  2.343721e-02 
 3.689112e+01  2.041349e-02 
 3.689152e+01  1.744726e-02 
 3.689192e+01  1.465106e-02 
 3.689231e+01  1.196781e-02 
 3.689271e+01  9.401408e-03 
 3.689311e+01  6.883353e-03 
 3.689351e+01  4.498963e-03 
 3.689391e+01  2.315162e-03 
 3.689430e+01  2.011313e-04 
 3.689470e+01 -1.870287e-03 
 3.689510e+01 -4.006402e-03 
 3.689550e+01 -6.203873e-03 
 3.689589e+01 -8.470386e-03 
 3.689629e+01 -1.076289e-02 
 3.689669e+01 -1.307472e-02 
 3.689709e+01 -1.544724e-02 
 3.689748e+01 -1.794056e-02 
 3.689788e+01 -2.047963e-02 
 3.689828e+01 -2.309610e-02 
 3.689868e+01 -2.568890e-02 
 3.689908e+01 -2.828935e-02 
 3.689947e+01 -3.089756e-02 
 3.689987e+01 -3.343830e-02 
 3.690027e+01 -3.584905e-02 
 3.690067e+01 -3.814374e-02 
 3.690106e+01 -4.019389e-02 
 3.690146e+01 -4.198250e-02 
 3.690186e+01 -4.342476e-02 
 3.690226e+01 -4.454396e-02 
 3.690265e+01 -4.535118e-02 
 3.690305e+01 -4.590105e-02 
 3.690345e+01 -4.629361e-02 
 3.690385e+01 -4.660662e-02 
 3.690425e+01 -4.693630e-02 
 3.690464e+01 -4.728571e-02 
 3.690504e+01 -4.762827e-02 
 3.690544e+01 -4.810059e-02 
 3.690584e+01 -4.870287e-02 
 3.690623e+01 -4.931681e-02 
 3.690663e+01 -4.991581e-02 
 3.690703e+01 -5.061314e-02 
 3.690743e+01 -5.123826e-02 
 3.690782e+01 -5.199285e-02 
 3.690822e+01 -5.281301e-02 
 3.690862e+01 -5.374760e-02 
 3.690902e+01 -5.459351e-02 
 3.690942e+01 -5.541717e-02 
 3.690981e+01 -5.626219e-02 
 3.691021e+01 -5.701297e-02 
 3.691061e+01 -5.771062e-02 
 3.691101e+01 -5.825618e-02 
 3.691140e+01 -5.865490e-02 
 3.691180e+01 -5.891518e-02 
 3.691220e+01 -5.911370e-02 
 3.691260e+01 -5.928644e-02 
 3.691299e+01 -5.947823e-02 
 3.691339e+01 -5.966886e-02 
 3.691379e+01 -5.991274e-02 
 3.691419e+01 -6.022182e-02 
 3.691459e+01 -6.066066e-02 
 3.691498e+01 -6.122074e-02 
 3.691538e+01 -6.185252e-02 
 3.691578e+01 -6.251098e-02 
 3.691618e+01 -6.311677e-02 
 3.691657e+01 -6.373257e-02 
 3.691697e+01 -6.428394e-02 
 3.691737e+01 -6.483542e-02 
 3.691777e+01 -6.535851e-02 
 3.691816e+01 -6.582581e-02 
 3.691856e+01 -6.621622e-02 
 3.691896e+01 -6.660732e-02 
 3.691936e+01 -6.688613e-02 
 3.691976e+01 -6.715399e-02 
 3.692015e+01 -6.726822e-02 
 3.692055e+01 -6.710329e-02 
 3.692095e+01 -6.674154e-02 
 3.692135e+01 -6.611754e-02 
 3.692174e+01 -6.534384e-02 
 3.692214e+01 -6.439866e-02 
 3.692254e+01 -6.336904e-02 
 3.692294e+01 -6.218963e-02 
 3.692333e+01 -6.095559e-02 
 3.692373e+01 -5.968574e-02 
 3.692413e+01 -5.854798e-02 
 3.692453e+01 -5.750235e-02 
 3.692493e+01 -5.644903e-02 
 3.692532e+01 -5.547314e-02 
 3.692572e+01 -5.436036e-02 
 3.692612e+01 -5.324088e-02 
 3.692652e+01 -5.203296e-02 
 3.692691e+01 -5.084911e-02 
 3.692731e+01 -4.950449e-02 
 3.692771e+01 -4.810563e-02 
 3.692811e+01 -4.657842e-02 
 3.692850e+01 -4.500138e-02 
 3.692890e+01 -4.331829e-02 
 3.692930e+01 -4.162171e-02 
 3.692970e+01 -3.975794e-02 
 3.693010e+01 -3.770085e-02 
 3.693049e+01 -3.556960e-02 
 3.693089e+01 -3.336744e-02 
 3.693129e+01 -3.108178e-02 
 3.693169e+01 -2.875382e-02 
 3.693208e+01 -2.642586e-02 
 3.693248e+01 -2.405307e-02 
 3.693288e+01 -2.169101e-02 
 3.693328e+01 -1.946794e-02 
 3.693367e+01 -1.734847e-02 
 3.693407e+01 -1.525044e-02 
 3.693447e+01 -1.306102e-02 
 3.693487e+01 -1.086792e-02 
 3.693527e+01 -8.571307e-03 
 3.693566e+01 -6.170565e-03 
 3.693606e+01 -3.708982e-03 
 3.693646e+01 -1.269004e-03 
 3.693686e+01  1.181596e-03 
 3.693725e+01  3.597475e-03 
 3.693765e+01  5.940251e-03 
 3.693805e+01  8.114541e-03 
 3.693845e+01  1.023241e-02 
 3.693884e+01  1.224639e-02 
 3.693924e+01  1.415933e-02 
 3.693964e+01  1.602356e-02 
 3.694004e+01  1.786536e-02 
 3.694044e+01  1.967094e-02 
 3.694083e+01  2.148184e-02 
 3.694123e+01  2.326032e-02 
 3.694163e+01  2.508787e-02 
 3.694203e+01  2.694410e-02 
 3.694242e+01  2.877518e-02 
 3.694282e+01  3.058591e-02 
 3.694322e+01  3.230960e-02 
 3.694362e+01  3.401041e-02 
 3.694401e+01  3.562006e-02 
 3.694441e+01  3.718572e-02 
 3.694481e+01  3.880548e-02 
 3.694521e+01  4.045132e-02 
 3.694561e+01  4.222850e-02 
 3.694600e+01  4.387859e-02 
 3.694640e+01  4.556518e-02 
 3.694680e+01  4.716255e-02 
 3.694720e+01  4.874670e-02 
 3.694759e+01  5.023432e-02 
 3.694799e+01  5.172467e-02 
 3.694839e+01  5.304771e-02 
 3.694879e+01  5.431649e-02 
 3.694918e+01  5.556014e-02 
 3.694958e+01  5.695444e-02 
 3.694998e+01  5.841307e-02 
 3.695038e+01  5.998832e-02 
 3.695078e+01  6.168950e-02 
 3.695117e+01  6.343748e-02 
 3.695157e+01  6.528477e-02 
 3.695197e+01  6.714144e-02 
 3.695237e+01  6.907563e-02 
 3.695276e+01  7.099936e-02 
 3.695316e+01  7.291221e-02 
 3.695356e+01  7.487116e-02 
 3.695396e+01  7.685798e-02 
 3.695435e+01  7.887483e-02 
 3.695475e+01  8.096891e-02 
 3.695515e+01  8.300236e-02 
 3.695555e+01  8.499693e-02 
 3.695595e+01  8.696251e-02 
 3.695634e+01  8.870811e-02 
 3.695674e+01  9.041124e-02 
 3.695714e+01  9.191066e-02 
 3.695754e+01  9.330434e-02 
 3.695793e+01  9.450291e-02 
 3.695833e+01  9.557446e-02 
 3.695873e+01  9.657749e-02 
 3.695913e+01  9.754380e-02 
 3.695953e+01  9.842127e-02 
 3.695992e+01  9.935355e-02 
 3.696032e+01  1.002495e-01 
 3.696072e+01  1.011792e-01 
 3.696112e+01  1.021782e-01 
 3.696151e+01  1.031480e-01 
 3.696191e+01  1.042540e-01 
 3.696231e+01  1.052697e-01 
 3.696271e+01  1.062956e-01 
 3.696310e+01  1.072353e-01 
 3.696350e+01  1.080850e-01 
 3.696390e+01  1.088739e-01 
 3.696430e+01  1.095688e-01 
 3.696470e+01  1.100985e-01 
 3.696509e+01  1.104121e-01 
 3.696549e+01  1.104949e-01 
 3.696589e+01  1.104030e-01 
 3.696629e+01  1.101234e-01 
 3.696668e+01  1.096297e-01 
 3.696708e+01  1.089085e-01 
 3.696748e+01  1.078821e-01 
 3.696788e+01  1.067627e-01 
 3.696827e+01  1.056112e-01 
 3.696867e+01  1.045539e-01 
 3.696907e+01  1.035118e-01 
 3.696947e+01  1.025026e-01 
 3.696987e+01  1.015124e-01 
 3.697026e+01  1.005496e-01 
 3.697066e+01  9.974631e-02 
 3.697106e+01  9.903761e-02 
 3.697146e+01  9.828757e-02 
 3.697185e+01  9.747715e-02 
 3.697225e+01  9.652380e-02 
 3.697265e+01  9.552037e-02 
 3.697305e+01  9.447153e-02 
 3.697344e+01  9.333059e-02 
 3.697384e+01  9.208653e-02 
 3.697424e+01  9.067885e-02 
 3.697464e+01  8.919244e-02 
 3.697504e+01  8.760288e-02 
 3.697543e+01  8.597487e-02 
 3.697583e+01  8.421905e-02 
 3.697623e+01  8.234550e-02 
 3.697663e+01  8.033385e-02 
 3.697702e+01  7.829262e-02 
 3.697742e+01  7.634565e-02 
 3.697782e+01  7.452282e-02 
 3.697822e+01  7.287277e-02 
 3.697861e+01  7.135003e-02 
 3.697901e+01  6.998151e-02 
 3.697941e+01  6.889196e-02 
 3.697981e+01  6.796852e-02 
 3.698021e+01  6.714577e-02 
 3.698060e+01  6.637266e-02 
 3.698100e+01  6.561843e-02 
 3.698140e+01  6.478276e-02 
 3.698180e+01  6.390172e-02 
 3.698219e+01  6.289690e-02 
 3.698259e+01  6.181726e-02 
 3.698299e+01  6.057007e-02 
 3.698339e+01  5.931961e-02 
 3.698378e+01  5.799372e-02 
 3.698418e+01  5.652455e-02 
 3.698458e+01  5.491738e-02 
 3.698498e+01  5.314481e-02 
 3.698538e+01  5.126989e-02 
 3.698577e+01  4.924974e-02 
 3.698617e+01  4.718328e-02 
 3.698657e+01  4.491344e-02 
 3.698697e+01  4.260494e-02 
 3.698736e+01  4.031559e-02 
 3.698776e+01  3.809443e-02 
 3.698816e+01  3.601529e-02 
 3.698856e+01  3.404246e-02 
 3.698895e+01  3.218004e-02 
 3.698935e+01  3.038393e-02 
 3.698975e+01  2.877273e-02 
 3.699015e+01  2.722996e-02 
 3.699055e+01  2.563937e-02 
 3.699094e+01  2.397981e-02 
 3.699134e+01  2.208867e-02 
 3.699174e+01  2.001229e-02 
 3.699214e+01  1.771261e-02 
 3.699253e+01  1.523889e-02 
 3.699293e+01  1.270902e-02 
 3.699333e+01  9.983302e-03 
 3.699373e+01  7.197938e-03 
 3.699412e+01  4.299285e-03 
 3.699452e+01  1.369259e-03 
 3.699492e+01 -1.561490e-03 
 3.699532e+01 -4.459371e-03 
 3.699572e+01 -7.360081e-03 
 3.699611e+01 -1.025650e-02 
 3.699651e+01 -1.294371e-02 
 3.699691e+01 -1.549032e-02 
 3.699731e+01 -1.776080e-02 
 3.699770e+01 -1.981071e-02 
 3.699810e+01 -2.163307e-02 
 3.699850e+01 -2.325777e-02 
 3.699890e+01 -2.476658e-02 
 3.699929e+01 -2.617382e-02 
 3.699969e+01 -2.756993e-02 
 3.700009e+01 -2.904569e-02 
 3.700049e+01 -3.066058e-02 
 3.700089e+01 -3.240170e-02 
 3.700128e+01 -3.437187e-02 
 3.700168e+01 -3.639900e-02 
 3.700208e+01 -3.856771e-02 
 3.700248e+01 -4.071605e-02 
 3.700287e+01 -4.296576e-02 
 3.700327e+01 -4.517215e-02 
 3.700367e+01 -4.729263e-02 
 3.700407e+01 -4.932803e-02 
 3.700446e+01 -5.117157e-02 
 3.700486e+01 -5.279132e-02 
 3.700526e+01 -5.435929e-02 
 3.700566e+01 -5.582872e-02 
 3.700606e+01 -5.720020e-02 
 3.700645e+01 -5.833452e-02 
 3.700685e+01 -5.932720e-02 
 3.700725e+01 -6.015448e-02 
 3.700765e+01 -6.081108e-02 
 3.700804e+01 -6.137629e-02 
 3.700844e+01 -6.171423e-02 
 3.700884e+01 -6.191620e-02 
 3.700924e+01 -6.191637e-02 
 3.700963e+01 -6.188241e-02 
 3.701003e+01 -6.187763e-02 
 3.701043e+01 -6.192019e-02 
 3.701083e+01 -6.207672e-02 
 3.701123e+01 -6.230825e-02 
 3.701162e+01 -6.258961e-02 
 3.701202e+01 -6.286900e-02 
 3.701242e+01 -6.319589e-02 
 3.701282e+01 -6.353535e-02 
 3.701321e+01 -6.375264e-02 
 3.701361e+01 -6.377137e-02 
 3.701401e+01 -6.369524e-02 
 3.701441e+01 -6.344240e-02 
 3.701480e+01 -6.316730e-02 
 3.701520e+01 -6.286423e-02 
 3.701560e+01 -6.254356e-02 
 3.701600e+01 -6.215565e-02 
 3.701640e+01 -6.168372e-02 
 3.701679e+01 -6.121925e-02 
 3.701719e+01 -6.072987e-02 
 3.701759e+01 -6.019093e-02 
 3.701799e+01 -5.964534e-02 
 3.701838e+01 -5.915196e-02 
 3.701878e+01 -5.850690e-02 
 3.701918e+01 -5.800784e-02 
 3.701958e+01 -5.758179e-02 
 3.701997e+01 -5.720797e-02 
 3.702037e+01 -5.706855e-02 
 3.702077e+01 -5.701180e-02 
 3.702117e+01 -5.718387e-02 
 3.702157e+01 -5.735967e-02 
 3.702196e+01 -5.759983e-02 
 3.702236e+01 -5.791544e-02 
 3.702276e+01 -5.803762e-02 
 3.702316e+01 -5.794909e-02 
 3.702355e+01 -5.776547e-02 
 3.702395e+01 -5.732858e-02 
 3.702435e+01 -5.678682e-02 
 3.702475e+01 -5.615095e-02 
 3.702514e+01 -5.542409e-02 
 3.702554e+01 -5.458308e-02 
 3.702594e+01 -5.367105e-02 
 3.702634e+01 -5.276569e-02 
 3.702674e+01 -5.183143e-02 
 3.702713e+01 -5.083352e-02 
 3.702753e+01 -4.972712e-02 
 3.702793e+01 -4.850240e-02 
 3.702833e+01 -4.716498e-02 
 3.702872e+01 -4.567918e-02 
 3.702912e+01 -4.403437e-02 
 3.702952e+01 -4.236082e-02 
 3.702992e+01 -4.063092e-02 
 3.703031e+01 -3.887347e-02 
 3.703071e+01 -3.709707e-02 
 3.703111e+01 -3.532295e-02 
 3.703151e+01 -3.351759e-02 
 3.703191e+01 -3.167655e-02 
 3.703230e+01 -2.974988e-02 
 3.703270e+01 -2.770350e-02 
 3.703310e+01 -2.552842e-02 
 3.703350e+01 -2.324832e-02 
 3.703389e+01 -2.094373e-02 
 3.703429e+01 -1.859953e-02 
 3.703469e+01 -1.624399e-02 
 3.703509e+01 -1.392292e-02 
 3.703548e+01 -1.157197e-02 
 3.703588e+01 -9.299680e-03 
 3.703628e+01 -7.043908e-03 
 3.703668e+01 -4.812992e-03 
 3.703708e+01 -2.477777e-03 
 3.703747e+01 -1.207802e-04 
 3.703787e+01  2.334633e-03 
 3.703827e+01  4.983041e-03 
 3.703867e+01  7.667310e-03 
 3.703906e+01  1.041480e-02 
 3.703946e+01  1.309520e-02 
 3.703986e+01  1.576053e-02 
 3.704026e+01  1.836396e-02 
 3.704065e+01  2.085040e-02 
 3.704105e+01  2.337578e-02 
 3.704145e+01  2.580549e-02 
 3.704185e+01  2.810984e-02 
 3.704225e+01  3.044604e-02 
 3.704264e+01  3.278134e-02 
 3.704304e+01  3.514851e-02 
 3.704344e+01  3.740890e-02 
 3.704384e+01  3.961013e-02 
 3.704423e+01  4.172104e-02 
 3.704463e+01  4.378292e-02 
 3.704503e+01  4.577425e-02 
 3.704543e+01  4.771663e-02 
 3.704582e+01  4.958241e-02 
 3.704622e+01  5.131736e-02 
 3.704662e+01  5.303456e-02 
 3.704702e+01  5.483038e-02 
 3.704742e+01  5.669561e-02 
 3.704781e+01  5.865759e-02 
 3.704821e+01  6.064037e-02 
 3.704861e+01  6.258350e-02 
 3.704901e+01  6.447023e-02 
 3.704940e+01  6.627773e-02 
 3.704980e+01  6.804335e-02 
 3.705020e+01  6.960440e-02 
 3.705060e+01  7.096030e-02 
 3.705100e+01  7.212643e-02 
 3.705139e+01  7.321937e-02 
 3.705179e+01  7.430677e-02 
 3.705219e+01  7.539498e-02 
 3.705259e+01  7.648375e-02 
 3.705298e+01  7.745177e-02 
 3.705338e+01  7.831967e-02 
 3.705378e+01  7.909690e-02 
 3.705418e+01  7.982237e-02 
 3.705457e+01  8.044230e-02 
 3.705497e+01  8.097346e-02 
 3.705537e+01  8.146405e-02 
 3.705577e+01  8.203287e-02 
 3.705617e+01  8.271878e-02 
 3.705656e+01  8.356918e-02 
 3.705696e+01  8.465390e-02 
 3.705736e+01  8.587777e-02 
 3.705776e+01  8.729846e-02 
 3.705815e+01  8.884365e-02 
 3.705855e+01  9.048180e-02 
 3.705895e+01  9.204310e-02 
 3.705935e+01  9.355587e-02 
 3.705974e+01  9.497163e-02 
 3.706014e+01  9.624696e-02 
 3.706054e+01  9.731558e-02 
 3.706094e+01  9.821491e-02 
 3.706134e+01  9.896100e-02 
 3.706173e+01  9.955838e-02 
 3.706213e+01  1.000827e-01 
 3.706253e+01  1.005246e-01 
 3.706293e+01  1.008956e-01 
 3.706332e+01  1.012208e-01 
 3.706372e+01  1.015847e-01 
 3.706412e+01  1.018836e-01 
 3.706452e+01  1.022933e-01 
 3.706491e+01  1.027407e-01 
 3.706531e+01  1.032345e-01 
 3.706571e+01  1.037548e-01 
 3.706611e+01  1.043480e-01 
 3.706651e+01  1.050344e-01 
 3.706690e+01  1.057967e-01 
 3.706730e+01  1.065183e-01 
 3.706770e+01  1.072316e-01 
 3.706810e+01  1.078682e-01 
 3.706849e+01  1.083180e-01 
 3.706889e+01  1.085253e-01 
 3.706929e+01  1.085145e-01 
 3.706969e+01  1.080603e-01 
 3.707008e+01  1.073056e-01 
 3.707048e+01  1.062816e-01 
 3.707088e+01  1.052299e-01 
 3.707128e+01  1.040237e-01 
 3.707168e+01  1.026582e-01 
 3.707207e+01  1.012522e-01 
 3.707247e+01  9.979878e-02 
 3.707287e+01  9.837378e-02 
 3.707327e+01  9.699549e-02 
 3.707366e+01  9.567335e-02 
 3.707406e+01  9.433066e-02 
 3.707446e+01  9.294422e-02 
 3.707486e+01  9.166721e-02 
 3.707525e+01  9.040993e-02 
 3.707565e+01  8.918206e-02 
 3.707605e+01  8.805217e-02 
 3.707645e+01  8.680822e-02 
 3.707685e+01  8.564541e-02 
 3.707724e+01  8.444214e-02 
 3.707764e+01  8.315971e-02 
 3.707804e+01  8.176348e-02 
 3.707844e+01  8.020509e-02 
 3.707883e+01  7.845981e-02 
 3.707923e+01  7.645532e-02 
 3.707963e+01  7.419205e-02 
 3.708003e+01  7.176494e-02 
 3.708042e+01  6.916269e-02 
 3.708082e+01  6.649190e-02 
 3.708122e+01  6.374126e-02 
 3.708162e+01  6.102403e-02 
 3.708202e+01  5.832264e-02 
 3.708241e+01  5.572150e-02 
 3.708281e+01  5.327360e-02 
 3.708321e+01  5.107079e-02 
 3.708361e+01  4.904446e-02 
 3.708400e+01  4.719883e-02 
 3.708440e+01  4.542903e-02 
 3.708480e+01  4.373433e-02 
 3.708520e+01  4.210150e-02 
 3.708559e+01  4.057893e-02 
 3.708599e+01  3.911849e-02 
 3.708639e+01  3.769413e-02 
 3.708679e+01  3.624352e-02 
 3.708719e+01  3.469820e-02 
 3.708758e+01  3.309817e-02 
 3.708798e+01  3.141902e-02 
 3.708838e+01  2.958018e-02 
 3.708878e+01  2.756137e-02 
 3.708917e+01  2.533057e-02 
 3.708957e+01  2.293928e-02 
 3.708997e+01  2.053965e-02 
 3.709037e+01  1.811048e-02 
 3.709076e+01  1.578621e-02 
 3.709116e+01  1.358886e-02 
 3.709156e+01  1.151964e-02 
 3.709196e+01  9.621456e-03 
 3.709236e+01  8.039565e-03 
 3.709275e+01  6.625207e-03 
 3.709315e+01  5.400589e-03 
 3.709355e+01  4.244719e-03 
 3.709395e+01  3.135464e-03 
 3.709434e+01  1.918810e-03 
 3.709474e+01  6.849922e-04 
 3.709514e+01 -5.828922e-04 
 3.709554e+01 -1.955231e-03 
 3.709593e+01 -3.404772e-03 
 3.709633e+01 -4.965766e-03 
 3.709673e+01 -6.711136e-03 
 3.709713e+01 -8.541828e-03 
 3.709753e+01 -1.052621e-02 
 3.709792e+01 -1.259531e-02 
 3.709832e+01 -1.481808e-02 
 3.709872e+01 -1.719839e-02 
 3.709912e+01 -1.957293e-02 
 3.709951e+01 -2.206466e-02 
 3.709991e+01 -2.443190e-02 
 3.710031e+01 -2.676683e-02 
 3.710071e+01 -2.902112e-02 
 3.710110e+01 -3.121175e-02 
 3.710150e+01 -3.327442e-02 
 3.710190e+01 -3.518176e-02 
 3.710230e+01 -3.686410e-02 
 3.710270e+01 -3.843381e-02 
 3.710309e+01 -3.978435e-02 
 3.710349e+01 -4.110681e-02 
 3.710389e+01 -4.236879e-02 
 3.710429e+01 -4.365220e-02 
 3.710468e+01 -4.495895e-02 
 3.710508e+01 -4.634568e-02 
 3.710548e+01 -4.783013e-02 
 3.710588e+01 -4.946453e-02 
 3.710627e+01 -5.111533e-02 
 3.710667e+01 -5.285781e-02 
 3.710707e+01 -5.455650e-02 
 3.710747e+01 -5.621044e-02 
 3.710787e+01 -5.787914e-02 
 3.710826e+01 -5.953515e-02 
 3.710866e+01 -6.110646e-02 
 3.710906e+01 -6.262708e-02 
 3.710946e+01 -6.401461e-02 
 3.710985e+01 -6.528697e-02 
 3.711025e+01 -6.640583e-02 
 3.711065e+01 -6.741823e-02 
 3.711105e+01 -6.819507e-02 
 3.711144e+01 -6.874550e-02 
 3.711184e+01 -6.910252e-02 
 3.711224e+01 -6.926911e-02 
 3.711264e+01 -6.930605e-02 
 3.711304e+01 -6.922329e-02 
 3.711343e+01 -6.911271e-02 
 3.711383e+01 -6.889153e-02 
 3.711423e+01 -6.862649e-02 
 3.711463e+01 -6.837718e-02 
 3.711502e+01 -6.813505e-02 
 3.711542e+01 -6.787360e-02 
 3.711582e+01 -6.770859e-02 
 3.711622e+01 -6.745506e-02 
 3.711661e+01 -6.720200e-02 
 3.711701e+01 -6.690993e-02 
 3.711741e+01 -6.662045e-02 
 3.711781e+01 -6.625272e-02 
 3.711821e+01 -6.579934e-02 
 3.711860e+01 -6.518081e-02 
 3.711900e+01 -6.430764e-02 
 3.711940e+01 -6.327918e-02 
 3.711980e+01 -6.218792e-02 
 3.712019e+01 -6.097059e-02 
 3.712059e+01 -5.969872e-02 
 3.712099e+01 -5.841808e-02 
 3.712139e+01 -5.707503e-02 
 3.712178e+01 -5.564075e-02 
 3.712218e+01 -5.421855e-02 
 3.712258e+01 -5.281503e-02 
 3.712298e+01 -5.150452e-02 
 3.712338e+01 -5.020030e-02 
 3.712377e+01 -4.897047e-02 
 3.712417e+01 -4.779877e-02 
 3.712457e+01 -4.665467e-02 
 3.712497e+01 -4.558283e-02 
 3.712536e+01 -4.458650e-02 
 3.712576e+01 -4.355021e-02 
 3.712616e+01 -4.246887e-02 
 3.712656e+01 -4.138091e-02 
 3.712695e+01 -4.025931e-02 
 3.712735e+01 -3.916151e-02 
 3.712775e+01 -3.806110e-02 
 3.712815e+01 -3.700720e-02 
 3.712855e+01 -3.586896e-02 
 3.712894e+01 -3.474289e-02 
 3.712934e+01 -3.366995e-02 
 3.712974e+01 -3.260500e-02 
 3.713014e+01 -3.155448e-02 
 3.713053e+01 -3.052170e-02 
 3.713093e+01 -2.943597e-02 
 3.713133e+01 -2.828400e-02 
 3.713173e+01 -2.707400e-02 
 3.713212e+01 -2.579144e-02 
 3.713252e+01 -2.443517e-02 
 3.713292e+01 -2.299738e-02 
 3.713332e+01 -2.153459e-02 
 3.713372e+01 -1.995733e-02 
 3.713411e+01 -1.826635e-02 
 3.713451e+01 -1.642776e-02 
 3.713491e+01 -1.457878e-02 
 3.713531e+01 -1.258893e-02 
 3.713570e+01 -1.057912e-02 
 3.713610e+01 -8.533534e-03 
 3.713650e+01 -6.499279e-03 
 3.713690e+01 -4.396535e-03 
 3.713729e+01 -2.334836e-03 
 3.713769e+01 -2.944849e-04 
 3.713809e+01  1.744355e-03 
 3.713849e+01  3.853214e-03 
 3.713889e+01  6.008717e-03 
 3.713928e+01  8.172626e-03 
 3.713968e+01  1.032804e-02 
 3.714008e+01  1.249829e-02 
 3.714048e+01  1.475134e-02 
 3.714087e+01  1.705791e-02 
 3.714127e+01  1.947832e-02 
 3.714167e+01  2.187856e-02 
 3.714207e+01  2.425494e-02 
 3.714247e+01  2.662329e-02 
 3.714286e+01  2.908803e-02 
 3.714326e+01  3.160054e-02 
 3.714366e+01  3.414381e-02 
 3.714406e+01  3.671023e-02 
 3.714445e+01  3.922949e-02 
 3.714485e+01  4.173474e-02 
 3.714525e+01  4.433057e-02 
 3.714565e+01  4.690857e-02 
 3.714604e+01  4.942974e-02 
 3.714644e+01  5.184817e-02 
 3.714684e+01  5.413954e-02 
 3.714724e+01  5.637942e-02 
 3.714764e+01  5.851774e-02 
 3.714803e+01  6.060281e-02 
 3.714843e+01  6.253752e-02 
 3.714883e+01  6.424318e-02 
 3.714923e+01  6.589341e-02 
 3.714962e+01  6.749219e-02 
 3.715002e+01  6.910642e-02 
 3.715042e+01  7.068850e-02 
 3.715082e+01  7.233451e-02 
 3.715121e+01  7.392974e-02 
 3.715161e+01  7.561271e-02 
 3.715201e+01  7.734692e-02 
 3.715241e+01  7.911145e-02 
 3.715281e+01  8.094687e-02 
 3.715320e+01  8.273382e-02 
 3.715360e+01  8.456243e-02 
 3.715400e+01  8.634100e-02 
 3.715440e+01  8.811798e-02 
 3.715479e+01  8.981189e-02 
 3.715519e+01  9.130764e-02 
 3.715559e+01  9.265070e-02 
 3.715599e+01  9.370900e-02 
 3.715638e+01  9.443170e-02 
 3.715678e+01  9.488948e-02 
 3.715718e+01  9.505087e-02 
 3.715758e+01  9.502101e-02 
 3.715798e+01  9.482271e-02 
 3.715837e+01  9.455925e-02 
 3.715877e+01  9.420485e-02 
 3.715917e+01  9.391352e-02 
 3.715957e+01  9.377758e-02 
 3.715996e+01  9.368208e-02 
 3.716036e+01  9.367570e-02 
 3.716076e+01  9.380371e-02 
 3.716116e+01  9.397734e-02 
 3.716155e+01  9.421726e-02 
 3.716195e+01  9.461747e-02 
 3.716235e+01  9.514018e-02 
 3.716275e+01  9.564505e-02 
 3.716315e+01  9.617623e-02 
 3.716354e+01  9.668943e-02 
 3.716394e+01  9.716000e-02 
 3.716434e+01  9.768413e-02 
 3.716474e+01  9.809720e-02 
 3.716513e+01  9.845046e-02 
 3.716553e+01  9.851055e-02 
 3.716593e+01  9.846550e-02 
 3.716633e+01  9.832150e-02 
 3.716672e+01  9.805441e-02 
 3.716712e+01  9.781536e-02 
 3.716752e+01  9.744516e-02 
 3.716792e+01  9.702152e-02 
 3.716832e+01  9.670910e-02 
 3.716871e+01  9.641117e-02 
 3.716911e+01  9.627963e-02 
 3.716951e+01  9.622630e-02 
 3.716991e+01  9.626746e-02 
 3.717030e+01  9.645016e-02 
 3.717070e+01  9.667542e-02 
 3.717110e+01  9.700660e-02 
 3.717150e+01  9.730452e-02 
 3.717189e+01  9.753569e-02 
 3.717229e+01  9.770674e-02 
 3.717269e+01  9.771443e-02 
 3.717309e+01  9.766505e-02 
 3.717349e+01  9.740534e-02 
 3.717388e+01  9.691155e-02 
 3.717428e+01  9.618124e-02 
 3.717468e+01  9.520073e-02 
 3.717508e+01  9.394888e-02 
 3.717547e+01  9.244922e-02 
 3.717587e+01  9.070365e-02 
 3.717627e+01  8.880090e-02 
 3.717667e+01  8.677750e-02 
 3.717706e+01  8.472994e-02 
 3.717746e+01  8.273631e-02 
 3.717786e+01  8.075600e-02 
 3.717826e+01  7.891111e-02 
 3.717866e+01  7.711206e-02 
 3.717905e+01  7.545167e-02 
 3.717945e+01  7.397635e-02 
 3.717985e+01  7.257581e-02 
 3.718025e+01  7.123417e-02 
 3.718064e+01  6.992894e-02 
 3.718104e+01  6.860525e-02 
 3.718144e+01  6.720560e-02 
 3.718184e+01  6.573213e-02 
 3.718223e+01  6.413022e-02 
 3.718263e+01  6.234528e-02 
 3.718303e+01  6.035842e-02 
 3.718343e+01  5.825369e-02 
 3.718383e+01  5.590308e-02 
 3.718422e+01  5.330777e-02 
 3.718462e+01  5.057395e-02 
 3.718502e+01  4.758193e-02 
 3.718542e+01  4.453263e-02 
 3.718581e+01  4.143973e-02 
 3.718621e+01  3.846152e-02 
 3.718661e+01  3.554864e-02 
 3.718701e+01  3.271549e-02 
 3.718740e+01  3.004217e-02 
 3.718780e+01  2.760282e-02 
 3.718820e+01  2.533853e-02 
 3.718860e+01  2.332966e-02 
 3.718900e+01  2.143038e-02 
 3.718939e+01  1.958101e-02 
 3.718979e+01  1.774262e-02 
 3.719019e+01  1.587267e-02 
 3.719059e+01  1.407580e-02 
 3.719098e+01  1.214780e-02 
 3.719138e+01  1.019240e-02 
 3.719178e+01  8.117393e-03 
 3.719218e+01  5.905141e-03 
 3.719257e+01  3.657370e-03 
 3.719297e+01  1.431486e-03 
 3.719337e+01 -8.030308e-04 
 3.719377e+01 -3.086645e-03 
 3.719417e+01 -5.374623e-03 
 3.719456e+01 -7.593165e-03 
 3.719496e+01 -9.778097e-03 
 3.719536e+01 -1.175463e-02 
 3.719576e+01 -1.352891e-02 
 3.719615e+01 -1.522334e-02 
 3.719655e+01 -1.674364e-02 
 3.719695e+01 -1.812196e-02 
 3.719735e+01 -1.927347e-02 
 3.719774e+01 -2.021234e-02 
 3.719814e+01 -2.095507e-02 
 3.719854e+01 -2.155466e-02 
 3.719894e+01 -2.214918e-02 
 3.719934e+01 -2.271920e-02 
 3.719973e+01 -2.328175e-02 
 3.720013e+01 -2.388210e-02 
 3.720053e+01 -2.464831e-02 
 3.720093e+01 -2.549583e-02 
 3.720132e+01 -2.658733e-02 
 3.720172e+01 -2.786829e-02 
 3.720212e+01 -2.928612e-02 
 3.720252e+01 -3.077189e-02 
 3.720291e+01 -3.225702e-02 
 3.720331e+01 -3.393540e-02 
 3.720371e+01 -3.564791e-02 
 3.720411e+01 -3.746974e-02 
 3.720451e+01 -3.929918e-02 
 3.720490e+01 -4.105051e-02 
 3.720530e+01 -4.277909e-02 
 3.720570e+01 -4.447859e-02 
 3.720610e+01 -4.615621e-02 
 3.720649e+01 -4.772558e-02 
 3.720689e+01 -4.909322e-02 
 3.720729e+01 -5.037951e-02 
 3.720769e+01 -5.145209e-02 
 3.720808e+01 -5.252423e-02 
 3.720848e+01 -5.359002e-02 
 3.720888e+01 -5.459770e-02 
 3.720928e+01 -5.560413e-02 
 3.720968e+01 -5.663339e-02 
 3.721007e+01 -5.774387e-02 
 3.721047e+01 -5.894708e-02 
 3.721087e+01 -6.031553e-02 
 3.721127e+01 -6.181375e-02 
 3.721166e+01 -6.336450e-02 
 3.721206e+01 -6.488563e-02 
 3.721246e+01 -6.638401e-02 
 3.721286e+01 -6.773736e-02 
 3.721325e+01 -6.894581e-02 
 3.721365e+01 -6.989808e-02 
 3.721405e+01 -7.067956e-02 
 3.721445e+01 -7.118804e-02 
 3.721485e+01 -7.147050e-02 
 3.721524e+01 -7.154776e-02 
 3.721564e+01 -7.148353e-02 
 3.721604e+01 -7.119166e-02 
 3.721644e+01 -7.079627e-02 
 3.721683e+01 -7.033269e-02 
 3.721723e+01 -6.979452e-02 
 3.721763e+01 -6.915556e-02 
 3.721803e+01 -6.840779e-02 
 3.721842e+01 -6.761114e-02 
 3.721882e+01 -6.669589e-02 
 3.721922e+01 -6.579344e-02 
 3.721962e+01 -6.483247e-02 
 3.722002e+01 -6.378688e-02 
 3.722041e+01 -6.278386e-02 
 3.722081e+01 -6.177381e-02 
 3.722121e+01 -6.070609e-02 
 3.722161e+01 -5.957008e-02 
 3.722200e+01 -5.831860e-02 
 3.722240e+01 -5.695350e-02 
 3.722280e+01 -5.547319e-02 
 3.722320e+01 -5.394823e-02 
 3.722359e+01 -5.230738e-02 
 3.722399e+01 -5.064693e-02 
 3.722439e+01 -4.885243e-02 
 3.722479e+01 -4.714133e-02 
 3.722519e+01 -4.539713e-02 
 3.722558e+01 -4.372523e-02 
 3.722598e+01 -4.202323e-02 
 3.722638e+01 -4.041496e-02 
 3.722678e+01 -3.874443e-02 
 3.722717e+01 -3.712658e-02 
 3.722757e+01 -3.548595e-02 
 3.722797e+01 -3.382928e-02 
 3.722837e+01 -3.212105e-02 
 3.722876e+01 -3.028508e-02 
 3.722916e+01 -2.854081e-02 
 3.722956e+01 -2.681450e-02 
 3.722996e+01 -2.516181e-02 
 3.723036e+01 -2.357260e-02 
 3.723075e+01 -2.207638e-02 
 3.723115e+01 -2.053817e-02 
 3.723155e+01 -1.906279e-02 
 3.723195e+01 -1.758493e-02 
 3.723234e+01 -1.617411e-02 
 3.723274e+01 -1.475608e-02 
 3.723314e+01 -1.337616e-02 
 3.723354e+01 -1.195647e-02 
 3.723394e+01 -1.050791e-02 
 3.723433e+01 -9.041892e-03 
 3.723473e+01 -7.612895e-03 
 3.723513e+01 -6.254972e-03 
 3.723553e+01 -4.961672e-03 
 3.723592e+01 -3.767154e-03 
 3.723632e+01 -2.504289e-03 
 3.723672e+01 -1.242061e-03 
 3.723712e+01  6.748147e-05 
 3.723751e+01  1.424787e-03 
 3.723791e+01  2.848288e-03 
 3.723831e+01  4.443847e-03 
 3.723871e+01  6.288790e-03 
 3.723911e+01  8.248686e-03 
 3.723950e+01  1.025201e-02 
 3.723990e+01  1.234006e-02 
 3.724030e+01  1.439637e-02 
 3.724070e+01  1.649415e-02 
 3.724109e+01  1.866866e-02 
 3.724149e+01  2.081035e-02 
 3.724189e+01  2.288201e-02 
 3.724229e+01  2.488212e-02 
 3.724268e+01  2.693715e-02 
 3.724308e+01  2.898527e-02 
 3.724348e+01  3.106469e-02 
 3.724388e+01  3.311181e-02 
 3.724428e+01  3.505853e-02 
 3.724467e+01  3.691390e-02 
 3.724507e+01  3.879547e-02 
 3.724547e+01  4.064938e-02 
 3.724587e+01  4.256529e-02 
 3.724626e+01  4.444582e-02 
 3.724666e+01  4.644074e-02 
 3.724706e+01  4.849003e-02 
 3.724746e+01  5.081867e-02 
 3.724785e+01  5.333009e-02 
 3.724825e+01  5.599097e-02 
 3.724865e+01  5.879802e-02 
 3.724905e+01  6.166814e-02 
 3.724945e+01  6.455468e-02 
 3.724984e+01  6.747040e-02 
 3.725024e+01  7.020625e-02 
 3.725064e+01  7.283454e-02 
 3.725104e+01  7.520155e-02 
 3.725143e+01  7.729492e-02 
 3.725183e+01  7.913733e-02 
 3.725223e+01  8.084464e-02 
 3.725263e+01  8.239580e-02 
 3.725302e+01  8.374895e-02 
 3.725342e+01  8.501319e-02 
 3.725382e+01  8.623334e-02 
 3.725422e+01  8.744646e-02 
 3.725462e+01  8.859417e-02 
 3.725501e+01  8.976376e-02 
 3.725541e+01  9.099033e-02 
 3.725581e+01  9.215051e-02 
 3.725621e+01  9.335171e-02 
 3.725660e+01  9.457498e-02 
 3.725700e+01  9.585892e-02 
 3.725740e+01  9.718848e-02 
 3.725780e+01  9.856983e-02 
 3.725819e+01  1.000118e-01 
 3.725859e+01  1.013450e-01 
 3.725899e+01  1.025352e-01 
 3.725939e+01  1.034911e-01 
 3.725979e+01  1.042461e-01 
 3.726018e+01  1.047337e-01 
 3.726058e+01  1.049830e-01 
 3.726098e+01  1.049420e-01 
 3.726138e+01  1.046570e-01 
 3.726177e+01  1.042109e-01 
 3.726217e+01  1.035899e-01 
 3.726257e+01  1.028568e-01 
 3.726297e+01  1.020627e-01 
 3.726336e+01  1.011827e-01 
 3.726376e+01  1.003623e-01 
 3.726416e+01  9.958264e-02 
 3.726456e+01  9.892657e-02 
 3.726496e+01  9.832395e-02 
 3.726535e+01  9.782028e-02 
 3.726575e+01  9.737513e-02 
 3.726615e+01  9.700831e-02 
 3.726655e+01  9.682217e-02 
 3.726694e+01  9.665121e-02 
 3.726734e+01  9.652393e-02 
 3.726774e+01  9.648608e-02 
 3.726814e+01  9.640095e-02 
 3.726853e+01  9.624424e-02 
 3.726893e+01  9.601436e-02 
 3.726933e+01  9.571412e-02 
 3.726973e+01  9.524930e-02 
 3.727013e+01  9.455470e-02 
 3.727052e+01  9.377279e-02 
 3.727092e+01  9.281938e-02 
 3.727132e+01  9.169981e-02 
 3.727172e+01  9.049024e-02 
 3.727211e+01  8.931255e-02 
 3.727251e+01  8.809023e-02 
 3.727291e+01  8.702453e-02 
 3.727331e+01  8.606500e-02 
 3.727370e+01  8.528282e-02 
 3.727410e+01  8.462557e-02 
 3.727450e+01  8.418286e-02 
 3.727490e+01  8.389130e-02 
 3.727530e+01  8.368673e-02 
 3.727569e+01  8.358378e-02 
 3.727609e+01  8.351248e-02 
 3.727649e+01  8.347670e-02 
 3.727689e+01  8.344245e-02 
 3.727728e+01  8.331711e-02 
 3.727768e+01  8.298261e-02 
 3.727808e+01  8.244588e-02 
 3.727848e+01  8.155679e-02 
 3.727887e+01  8.042565e-02 
 3.727927e+01  7.903307e-02 
 3.727967e+01  7.740756e-02 
 3.728007e+01  7.548887e-02 
 3.728047e+01  7.337029e-02 
 3.728086e+01  7.105324e-02 
 3.728126e+01  6.864209e-02 
 3.728166e+01  6.632321e-02 
 3.728206e+01  6.412808e-02 
 3.728245e+01  6.195423e-02 
 3.728285e+01  5.995995e-02 
 3.728325e+01  5.805937e-02 
 3.728365e+01  5.631117e-02 
 3.728404e+01  5.463359e-02 
 3.728444e+01  5.305088e-02 
 3.728484e+01  5.139017e-02 
 3.728524e+01  4.957993e-02 
 3.728564e+01  4.769895e-02 
 3.728603e+01  4.568936e-02 
 3.728643e+01  4.354385e-02 
 3.728683e+01  4.123641e-02 
 3.728723e+01  3.873759e-02 
 3.728762e+01  3.604973e-02 
 3.728802e+01  3.326646e-02 
 3.728842e+01  3.040669e-02 
 3.728882e+01  2.750969e-02 
 3.728921e+01  2.448170e-02 
 3.728961e+01  2.142703e-02 
 3.729001e+01  1.833477e-02 
 3.729041e+01  1.525878e-02 
 3.729081e+01  1.228861e-02 
 3.729120e+01  9.337677e-03 
 3.729160e+01  6.564088e-03 
 3.729200e+01  3.874889e-03 
 3.729240e+01  1.401593e-03 
 3.729279e+01 -8.383978e-04 
 3.729319e+01 -2.895879e-03 
 3.729359e+01 -4.746550e-03 
 3.729399e+01 -6.612312e-03 
 3.729438e+01 -8.378810e-03 
 3.729478e+01 -1.019275e-02 
 3.729518e+01 -1.199745e-02 
 3.729558e+01 -1.384695e-02 
 3.729598e+01 -1.573021e-02 
 3.729637e+01 -1.769856e-02 
 3.729677e+01 -1.975827e-02 
 3.729717e+01 -2.181277e-02 
 3.729757e+01 -2.397889e-02 
 3.729796e+01 -2.608366e-02 
 3.729836e+01 -2.816676e-02 
 3.729876e+01 -3.028816e-02 
 3.729916e+01 -3.232432e-02 
 3.729955e+01 -3.438014e-02 
 3.729995e+01 -3.629276e-02 
 3.730035e+01 -3.799302e-02 
 3.730075e+01 -3.951673e-02 
 3.730115e+01 -4.080302e-02 
 3.730154e+01 -4.196405e-02 
 3.730194e+01 -4.287242e-02 
 3.730234e+01 -4.356425e-02 
 3.730274e+01 -4.407080e-02 
 3.730313e+01 -4.438531e-02 
 3.730353e+01 -4.463729e-02 
 3.730393e+01 -4.488498e-02 
 3.730433e+01 -4.523207e-02 
 3.730472e+01 -4.560010e-02 
 3.730512e+01 -4.611268e-02 
 3.730552e+01 -4.667055e-02 
 3.730592e+01 -4.736541e-02 
 3.730632e+01 -4.818067e-02 
 3.730671e+01 -4.907529e-02 
 3.730711e+01 -5.001460e-02 
 3.730751e+01 -5.092757e-02 
 3.730791e+01 -5.182467e-02 
 3.730830e+01 -5.262998e-02 
 3.730870e+01 -5.337266e-02 
 3.730910e+01 -5.408404e-02 
 3.730950e+01 -5.474971e-02 
 3.730989e+01 -5.539652e-02 
 3.731029e+01 -5.606396e-02 
 3.731069e+01 -5.673645e-02 
 3.731109e+01 -5.737226e-02 
 3.731149e+01 -5.801581e-02 
 3.731188e+01 -5.858415e-02 
 3.731228e+01 -5.913048e-02 
 3.731268e+01 -5.965374e-02 
 3.731308e+01 -6.022022e-02 
 3.731347e+01 -6.082815e-02 
 3.731387e+01 -6.156410e-02 
 3.731427e+01 -6.245635e-02 
 3.731467e+01 -6.347255e-02 
 3.731506e+01 -6.450661e-02 
 3.731546e+01 -6.551748e-02 
 3.731586e+01 -6.641009e-02 
 3.731626e+01 -6.725916e-02 
 3.731666e+01 -6.799134e-02 
 3.731705e+01 -6.859094e-02 
 3.731745e+01 -6.897287e-02 
 3.731785e+01 -6.916970e-02 
 3.731825e+01 -6.923257e-02 
 3.731864e+01 -6.923725e-02 
 3.731904e+01 -6.918560e-02 
 3.731944e+01 -6.908619e-02 
 3.731984e+01 -6.882023e-02 
 3.732023e+01 -6.848503e-02 
 3.732063e+01 -6.805255e-02 
 3.732103e+01 -6.751685e-02 
 3.732143e+01 -6.691440e-02 
 3.732183e+01 -6.611486e-02 
 3.732222e+01 -6.516612e-02 
 3.732262e+01 -6.402967e-02 
 3.732302e+01 -6.287921e-02 
 3.732342e+01 -6.161687e-02 
 3.732381e+01 -6.031310e-02 
 3.732421e+01 -5.888580e-02 
 3.732461e+01 -5.737525e-02 
 3.732501e+01 -5.575179e-02 
 3.732540e+01 -5.407930e-02 
 3.732580e+01 -5.239745e-02 
 3.732620e+01 -5.056587e-02 
 3.732660e+01 -4.869654e-02 
 3.732700e+01 -4.663189e-02 
 3.732739e+01 -4.447226e-02 
 3.732779e+01 -4.217529e-02 
 3.732819e+01 -3.987911e-02 
 3.732859e+01 -3.755804e-02 
 3.732898e+01 -3.528097e-02 
 3.732938e+01 -3.305383e-02 
 3.732978e+01 -3.089066e-02 
 3.733018e+01 -2.881353e-02 
 3.733058e+01 -2.676699e-02 
 3.733097e+01 -2.475251e-02 
 3.733137e+01 -2.270978e-02 
 3.733177e+01 -2.062488e-02 
 3.733217e+01 -1.846084e-02 
 3.733256e+01 -1.630535e-02 
 3.733296e+01 -1.407961e-02 
 3.733336e+01 -1.189941e-02 
 3.733376e+01 -9.632327e-03 
 3.733415e+01 -7.364012e-03 
 3.733455e+01 -5.027398e-03 
 3.733495e+01 -2.687855e-03 
 3.733535e+01 -4.019041e-04 
 3.733575e+01  1.970500e-03 
 3.733614e+01  4.353423e-03 
 3.733654e+01  6.820573e-03 
 3.733694e+01  9.210014e-03 
 3.733734e+01  1.159678e-02 
 3.733773e+01  1.379390e-02 
 3.733813e+01  1.589441e-02 
 3.733853e+01  1.789569e-02 
 3.733893e+01  1.975746e-02 
 3.733932e+01  2.142016e-02 
 3.733972e+01  2.281832e-02 
 3.734012e+01  2.409401e-02 
 3.734052e+01  2.522971e-02 
 3.734092e+01  2.644137e-02 
 3.734131e+01  2.759076e-02 
 3.734171e+01  2.880516e-02 
 3.734211e+01  2.997950e-02 
 3.734251e+01  3.127562e-02 
 3.734290e+01  3.276840e-02 
 3.734330e+01  3.439225e-02 
 3.734370e+01  3.616334e-02 
 3.734410e+01  3.810035e-02 
 3.734449e+01  4.001341e-02 
 3.734489e+01  4.198907e-02 
 3.734529e+01  4.396306e-02 
 3.734569e+01  4.588026e-02 
 3.734609e+01  4.772413e-02 
 3.734648e+01  4.937551e-02 
 3.734688e+01  5.095721e-02 
 3.734728e+01  5.237350e-02 
 3.734768e+01  5.370859e-02 
 3.734807e+01  5.495193e-02 
 3.734847e+01  5.614895e-02 
 3.734887e+01  5.727122e-02 
 3.734927e+01  5.840349e-02 
 3.734966e+01  5.968168e-02 
 3.735006e+01  6.096418e-02 
 3.735046e+01  6.247611e-02 
 3.735086e+01  6.417344e-02 
 3.735126e+01  6.604927e-02 
 3.735165e+01  6.820612e-02 
 3.735205e+01  7.059231e-02 
 3.735245e+01  7.299280e-02 
 3.735285e+01  7.551177e-02 
 3.735324e+01  7.800913e-02 
 3.735364e+01  8.055710e-02 
 3.735404e+01  8.308234e-02 
 3.735444e+01  8.549367e-02 
 3.735483e+01  8.778639e-02 
 3.735523e+01  8.989097e-02 
 3.735563e+01  9.188119e-02 
 3.735603e+01  9.370228e-02 
 3.735643e+01  9.540854e-02 
 3.735682e+01  9.686418e-02 
 3.735722e+01  9.807931e-02 
 3.735762e+01  9.912073e-02 
 3.735802e+01  1.000378e-01 
 3.735841e+01  1.008190e-01 
 3.735881e+01  1.014755e-01 
 3.735921e+01  1.022045e-01 
 3.735961e+01  1.028820e-01 
 3.736000e+01  1.036554e-01 
 3.736040e+01  1.044626e-01 
 3.736080e+01  1.053866e-01 
 3.736120e+01  1.062929e-01 
 3.736160e+01  1.071506e-01 
 3.736199e+01  1.079680e-01 
 3.736239e+01  1.087637e-01 
 3.736279e+01  1.094973e-01 
 3.736319e+01  1.102135e-01 
 3.736358e+01  1.107732e-01 
 3.736398e+01  1.111585e-01 
 3.736438e+01  1.113570e-01 
 3.736478e+01  1.112970e-01 
 3.736517e+01  1.110250e-01 
 3.736557e+01  1.104206e-01 
 3.736597e+01  1.095809e-01 
 3.736637e+01  1.083952e-01 
 3.736677e+01  1.070088e-01 
 3.736716e+01  1.055145e-01 
 3.736756e+01  1.039836e-01 
 3.736796e+01  1.023267e-01 
 3.736836e+01  1.007509e-01 
 3.736875e+01  9.916705e-02 
 3.736915e+01  9.774253e-02 
 3.736955e+01  9.647881e-02 
 3.736995e+01  9.543083e-02 
 3.737034e+01  9.452669e-02 
 3.737074e+01  9.373787e-02 
 3.737114e+01  9.300656e-02 
 3.737154e+01  9.230582e-02 
 3.737194e+01  9.157184e-02 
 3.737233e+01  9.078295e-02 
 3.737273e+01  8.991684e-02 
 3.737313e+01  8.884948e-02 
 3.737353e+01  8.752713e-02 
 3.737392e+01  8.601971e-02 
 3.737432e+01  8.434604e-02 
 3.737472e+01  8.256377e-02 
 3.737512e+01  8.071758e-02 
 3.737551e+01  7.876974e-02 
 3.737591e+01  7.677507e-02 
 3.737631e+01  7.479028e-02 
 3.737671e+01  7.288982e-02 
 3.737711e+01  7.111673e-02 
 3.737750e+01  6.943517e-02 
 3.737790e+01  6.798360e-02 
 3.737830e+01  6.662468e-02 
 3.737870e+01  6.552539e-02 
 3.737909e+01  6.466907e-02 
 3.737949e+01  6.403911e-02 
 3.737989e+01  6.351964e-02 
 3.738029e+01  6.298400e-02 
 3.738068e+01  6.240963e-02 
 3.738108e+01  6.175143e-02 
 3.738148e+01  6.102371e-02 
 3.738188e+01  6.019007e-02 
 3.738228e+01  5.916379e-02 
 3.738267e+01  5.789417e-02 
 3.738307e+01  5.641757e-02 
 3.738347e+01  5.478384e-02 
 3.738387e+01  5.305745e-02 
 3.738426e+01  5.124481e-02 
 3.738466e+01  4.930620e-02 
 3.738506e+01  4.723676e-02 
 3.738546e+01  4.502836e-02 
 3.738585e+01  4.290479e-02 
 3.738625e+01  4.079982e-02 
 3.738665e+01  3.873347e-02 
 3.738705e+01  3.661158e-02 
 3.738745e+01  3.451765e-02 
 3.738784e+01  3.248837e-02 
 3.738824e+01  3.055652e-02 
 3.738864e+01  2.868597e-02 
 3.738904e+01  2.693201e-02 
 3.738943e+01  2.510816e-02 
 3.738983e+01  2.331004e-02 
 3.739023e+01  2.149307e-02 
 3.739063e+01  1.958429e-02 
 3.739102e+01  1.750717e-02 
 3.739142e+01  1.521821e-02 
 3.739182e+01  1.277322e-02 
 3.739222e+01  1.006627e-02 
 3.739262e+01  7.153175e-03 
 3.739301e+01  4.102250e-03 
 3.739341e+01  9.286206e-04 
 3.739381e+01 -2.302246e-03 
 3.739421e+01 -5.496026e-03 
 3.739460e+01 -8.581844e-03 
 3.739500e+01 -1.158462e-02 
 3.739540e+01 -1.438873e-02 
 3.739580e+01 -1.710035e-02 
 3.739619e+01 -1.960317e-02 
 3.739659e+01 -2.197171e-02 
 3.739699e+01 -2.418104e-02 
 3.739739e+01 -2.628514e-02 
 3.739779e+01 -2.834392e-02 
 3.739818e+01 -3.026270e-02 
 3.739858e+01 -3.208896e-02 
 3.739898e+01 -3.381700e-02 
 3.739938e+01 -3.546012e-02 
 3.739977e+01 -3.706952e-02 
 3.740017e+01 -3.872677e-02 
 3.740057e+01 -4.051624e-02 
 3.740097e+01 -4.235457e-02 
 3.740136e+01 -4.421708e-02 
 3.740176e+01 -4.623814e-02 
 3.740216e+01 -4.826305e-02 
 3.740256e+01 -5.033734e-02 
 3.740296e+01 -5.224306e-02 
 3.740335e+01 -5.401645e-02 
 3.740375e+01 -5.562201e-02 
 3.740415e+01 -5.693762e-02 
 3.740455e+01 -5.808406e-02 
 3.740494e+01 -5.896024e-02 
 3.740534e+01 -5.957541e-02 
 3.740574e+01 -5.994212e-02 
 3.740614e+01 -6.020330e-02 
 3.740653e+01 -6.037194e-02 
 3.740693e+01 -6.044785e-02 
 3.740733e+01 -6.055698e-02 
 3.740773e+01 -6.065828e-02 
 3.740813e+01 -6.075656e-02 
 3.740852e+01 -6.084802e-02 
 3.740892e+01 -6.095303e-02 
 3.740932e+01 -6.111730e-02 
 3.740972e+01 -6.130986e-02 
 3.741011e+01 -6.152361e-02 
 3.741051e+01 -6.168754e-02 
 3.741091e+01 -6.174563e-02 
 3.741131e+01 -6.186052e-02 
 3.741170e+01 -6.191909e-02 
 3.741210e+01 -6.202742e-02 
 3.741250e+01 -6.202292e-02 
 3.741290e+01 -6.195143e-02 
 3.741330e+01 -6.173821e-02 
 3.741369e+01 -6.148162e-02 
 3.741409e+01 -6.121935e-02 
 3.741449e+01 -6.095468e-02 
 3.741489e+01 -6.056721e-02 
 3.741528e+01 -6.011371e-02 
 3.741568e+01 -5.975780e-02 
 3.741608e+01 -5.946635e-02 
 3.741648e+01 -5.942045e-02 
 3.741687e+01 -5.946472e-02 
 3.741727e+01 -5.957258e-02 
 3.741767e+01 -5.961614e-02 
 3.741807e+01 -5.960635e-02 
 3.741847e+01 -5.954362e-02 
 3.741886e+01 -5.954013e-02 
 3.741926e+01 -5.943862e-02 
 3.741966e+01 -5.928883e-02 
 3.742006e+01 -5.905074e-02 
 3.742045e+01 -5.877341e-02 
 3.742085e+01 -5.858323e-02 
 3.742125e+01 -5.843506e-02 
 3.742165e+01 -5.826930e-02 
 3.742205e+01 -5.800843e-02 
 3.742244e+01 -5.762668e-02 
 3.742284e+01 -5.711448e-02 
 3.742324e+01 -5.656127e-02 
 3.742364e+01 -5.588030e-02 
 3.742403e+01 -5.506482e-02 
 3.742443e+01 -5.404244e-02 
 3.742483e+01 -5.303378e-02 
 3.742523e+01 -5.199849e-02 
 3.742562e+01 -5.098413e-02 
 3.742602e+01 -5.000783e-02 
 3.742642e+01 -4.900378e-02 
 3.742682e+01 -4.801824e-02 
 3.742722e+01 -4.686090e-02 
 3.742761e+01 -4.565798e-02 
 3.742801e+01 -4.427581e-02 
 3.742841e+01 -4.275448e-02 
 3.742881e+01 -4.109382e-02 
 3.742920e+01 -3.920192e-02 
 3.742960e+01 -3.721151e-02 
 3.743000e+01 -3.503367e-02 
 3.743040e+01 -3.276280e-02 
 3.743079e+01 -3.047481e-02 
 3.743119e+01 -2.810024e-02 
 3.743159e+01 -2.569831e-02 
 3.743199e+01 -2.318921e-02 
 3.743239e+01 -2.056527e-02 
 3.743278e+01 -1.794531e-02 
 3.743318e+01 -1.525901e-02 
 3.743358e+01 -1.259432e-02 
 3.743398e+01 -9.881659e-03 
 3.743437e+01 -7.292646e-03 
 3.743477e+01 -4.799000e-03 
 3.743517e+01 -2.448699e-03 
 3.743557e+01 -2.114736e-04 
 3.743596e+01  1.891614e-03 
 3.743636e+01  3.898595e-03 
 3.743676e+01  6.025496e-03 
 3.743716e+01  8.173835e-03 
 3.743756e+01  1.049340e-02 
 3.743795e+01  1.301463e-02 
 3.743835e+01  1.573562e-02 
 3.743875e+01  1.859667e-02 
 3.743915e+01  2.158322e-02 
 3.743954e+01  2.461986e-02 
 3.743994e+01  2.764315e-02 
 3.744034e+01  3.048827e-02 
 3.744074e+01  3.325304e-02 
 3.744113e+01  3.576733e-02 
 3.744153e+01  3.810948e-02 
 3.744193e+01  4.017759e-02 
 3.744233e+01  4.213151e-02 
 3.744273e+01  4.388997e-02 
 3.744312e+01  4.556479e-02 
 3.744352e+01  4.715815e-02 
 3.744392e+01  4.858882e-02 
 3.744432e+01  4.994664e-02 
 3.744471e+01  5.126584e-02 
 3.744511e+01  5.253670e-02 
 3.744551e+01  5.376510e-02 
 3.744591e+01  5.492365e-02 
 3.744630e+01  5.615209e-02 
 3.744670e+01  5.740531e-02 
 3.744710e+01  5.881340e-02 
 3.744750e+01  6.039139e-02 
 3.744790e+01  6.213853e-02 
 3.744829e+01  6.393273e-02 
 3.744869e+01  6.580328e-02 
 3.744909e+01  6.768969e-02 
 3.744949e+01  6.951094e-02 
 3.744988e+01  7.114735e-02 
 3.745028e+01  7.262495e-02 
 3.745068e+01  7.385502e-02 
 3.745108e+01  7.494942e-02 
 3.745147e+01  7.584734e-02 
 3.745187e+01  7.660101e-02 
 3.745227e+01  7.723497e-02 
 3.745267e+01  7.776867e-02 
 3.745307e+01  7.830203e-02 
 3.745346e+01  7.889297e-02 
 3.745386e+01  7.958906e-02 
 3.745426e+01  8.035904e-02 
 3.745466e+01  8.111670e-02 
 3.745505e+01  8.188414e-02 
 3.745545e+01  8.275389e-02 
 3.745585e+01  8.371832e-02 
 3.745625e+01  8.492357e-02 
 3.745664e+01  8.626952e-02 
 3.745704e+01  8.776880e-02 
 3.745744e+01  8.941542e-02 
 3.745784e+01  9.122674e-02 
 3.745824e+01  9.327175e-02 
 3.745863e+01  9.536779e-02 
 3.745903e+01  9.739972e-02 
 3.745943e+01  9.912380e-02 
 3.745983e+01  1.006416e-01 
 3.746022e+01  1.018956e-01 
 3.746062e+01  1.028504e-01 
 3.746102e+01  1.035739e-01 
 3.746142e+01  1.039410e-01 
 3.746181e+01  1.041043e-01 
 3.746221e+01  1.041342e-01 
 3.746261e+01  1.042504e-01 
 3.746301e+01  1.044059e-01 
 3.746341e+01  1.046914e-01 
 3.746380e+01  1.049538e-01 
 3.746420e+01  1.052312e-01 
 3.746460e+01  1.055585e-01 
 3.746500e+01  1.058855e-01 
 3.746539e+01  1.062556e-01 
 3.746579e+01  1.066328e-01 
 3.746619e+01  1.069919e-01 
 3.746659e+01  1.073519e-01 
 3.746698e+01  1.076870e-01 
 3.746738e+01  1.079698e-01 
 3.746778e+01  1.081521e-01 
 3.746818e+01  1.081062e-01 
 3.746858e+01  1.078143e-01 
 3.746897e+01  1.071684e-01 
 3.746937e+01  1.062863e-01 
 3.746977e+01  1.049898e-01 
 3.747017e+01  1.033764e-01 
 3.747056e+01  1.014294e-01 
 3.747096e+01  9.921902e-02 
 3.747136e+01  9.692972e-02 
 3.747176e+01  9.458930e-02 
 3.747215e+01  9.240687e-02 
 3.747255e+01  9.034396e-02 
 3.747295e+01  8.851847e-02 
 3.747335e+01  8.688819e-02 
 3.747375e+01  8.547508e-02 
 3.747414e+01  8.415752e-02 
 3.747454e+01  8.297898e-02 
 3.747494e+01  8.175030e-02 
 3.747534e+01  8.058444e-02 
 3.747573e+01  7.936106e-02 
 3.747613e+01  7.803558e-02 
 3.747653e+01  7.658958e-02 
 3.747693e+01  7.503707e-02 
 3.747732e+01  7.342455e-02 
 3.747772e+01  7.173286e-02 
 3.747812e+01  6.985894e-02 
 3.747852e+01  6.786753e-02 
 3.747892e+01  6.572662e-02 
 3.747931e+01  6.350157e-02 
 3.747971e+01  6.113401e-02 
 3.748011e+01  5.869656e-02 
 3.748051e+01  5.617288e-02 
 3.748090e+01  5.362329e-02 
 3.748130e+01  5.117536e-02 
 3.748170e+01  4.892430e-02 
 3.748210e+01  4.682640e-02 
 3.748249e+01  4.496867e-02 
 3.748289e+01  4.323418e-02 
 3.748329e+01  4.174739e-02 
 3.748369e+01  4.035403e-02 
 3.748409e+01  3.911878e-02 
 3.748448e+01  3.791061e-02 
 3.748488e+01  3.668746e-02 
 3.748528e+01  3.543152e-02 
 3.748568e+01  3.412739e-02 
 3.748607e+01  3.273980e-02 
 3.748647e+01  3.128654e-02 
 3.748687e+01  2.972859e-02 
 3.748727e+01  2.812481e-02 
 3.748766e+01  2.633826e-02 
 3.748806e+01  2.453720e-02 
 3.748846e+01  2.260876e-02 
 3.748886e+01  2.057972e-02 
 3.748926e+01  1.839917e-02 
 3.748965e+01  1.621940e-02 
 3.749005e+01  1.396557e-02 
 3.749045e+01  1.170066e-02 
 3.749085e+01  9.534913e-03 
 3.749124e+01  7.495064e-03 
 3.749164e+01  5.586477e-03 
 3.749204e+01  3.904952e-03 
 3.749244e+01  2.374783e-03 
 3.749283e+01  1.034520e-03 
 3.749323e+01 -2.799858e-04 
 3.749363e+01 -1.568129e-03 
 3.749403e+01 -2.903873e-03 
 3.749443e+01 -4.282213e-03 
 3.749482e+01 -5.847491e-03 
 3.749522e+01 -7.639993e-03 
 3.749562e+01 -9.644131e-03 
 3.749602e+01 -1.184121e-02 
 3.749641e+01 -1.413081e-02 
 3.749681e+01 -1.658764e-02 
 3.749721e+01 -1.913783e-02 
 3.749761e+01 -2.177777e-02 
 3.749800e+01 -2.445989e-02 
 3.749840e+01 -2.709891e-02 
 3.749880e+01 -2.966793e-02 
 3.749920e+01 -3.208384e-02 
 3.749960e+01 -3.442325e-02 
 3.749999e+01 -3.674981e-02 
 3.750039e+01 -3.886664e-02 
 3.750079e+01 -4.087599e-02 
 3.750119e+01 -4.268899e-02 
 3.750158e+01 -4.425769e-02 
 3.750198e+01 -4.570813e-02 
 3.750238e+01 -4.703991e-02 
 3.750278e+01 -4.834830e-02 
 3.750317e+01 -4.966113e-02 
 3.750357e+01 -5.102188e-02 
 3.750397e+01 -5.245780e-02 
 3.750437e+01 -5.399216e-02 
 3.750477e+01 -5.560143e-02 
 3.750516e+01 -5.725302e-02 
 3.750556e+01 -5.888987e-02 
 3.750596e+01 -6.043388e-02 
 3.750636e+01 -6.180794e-02 
 3.750675e+01 -6.304141e-02 
 3.750715e+01 -6.414313e-02 
 3.750755e+01 -6.511576e-02 
 3.750795e+01 -6.595190e-02 
 3.750834e+01 -6.658744e-02 
 3.750874e+01 -6.713881e-02 
 3.750914e+01 -6.761936e-02 
 3.750954e+01 -6.800683e-02 
 3.750994e+01 -6.841842e-02 
 3.751033e+01 -6.868678e-02 
 3.751073e+01 -6.887312e-02 
 3.751113e+01 -6.890228e-02 
 3.751153e+01 -6.879352e-02 
 3.751192e+01 -6.861493e-02 
 3.751232e+01 -6.838502e-02 
 3.751272e+01 -6.805577e-02 
 3.751312e+01 -6.765796e-02 
 3.751352e+01 -6.723954e-02 
 3.751391e+01 -6.685202e-02 
 3.751431e+01 -6.649631e-02 
 3.751471e+01 -6.617577e-02 
 3.751511e+01 -6.577205e-02 
 3.751550e+01 -6.533341e-02 
 3.751590e+01 -6.475103e-02 
 3.751630e+01 -6.418130e-02 
 3.751670e+01 -6.341748e-02 
 3.751709e+01 -6.257451e-02 
 3.751749e+01 -6.151051e-02 
 3.751789e+01 -6.029103e-02 
 3.751829e+01 -5.905359e-02 
 3.751869e+01 -5.788655e-02 
 3.751908e+01 -5.680627e-02 
 3.751948e+01 -5.569172e-02 
 3.751988e+01 -5.469590e-02 
 3.752028e+01 -5.364844e-02 
 3.752067e+01 -5.261107e-02 
 3.752107e+01 -5.158410e-02 
 3.752147e+01 -5.057578e-02 
 3.752187e+01 -4.954242e-02 
 3.752226e+01 -4.853285e-02 
 3.752266e+01 -4.758648e-02 
 3.752306e+01 -4.671687e-02 
 3.752346e+01 -4.585661e-02 
 3.752386e+01 -4.506738e-02 
 3.752425e+01 -4.427906e-02 
 3.752465e+01 -4.343195e-02 
 3.752505e+01 -4.252947e-02 
 3.752545e+01 -4.144479e-02 
 3.752584e+01 -4.024567e-02 
 3.752624e+01 -3.892867e-02 
 3.752664e+01 -3.752376e-02 
 3.752704e+01 -3.603197e-02 
 3.752743e+01 -3.453913e-02 
 3.752783e+01 -3.306213e-02 
 3.752823e+01 -3.172247e-02 
 3.752863e+01 -3.046793e-02 
 3.752903e+01 -2.931413e-02 
 3.752942e+01 -2.832833e-02 
 3.752982e+01 -2.734601e-02 
 3.753022e+01 -2.630270e-02 
 3.753062e+01 -2.522632e-02 
 3.753101e+01 -2.412424e-02 
 3.753141e+01 -2.289414e-02 
 3.753181e+01 -2.157017e-02 
 3.753221e+01 -2.011508e-02 
 3.753260e+01 -1.846732e-02 
 3.753300e+01 -1.666467e-02 
 3.753340e+01 -1.471753e-02 
 3.753380e+01 -1.265067e-02 
 3.753420e+01 -1.043284e-02 
 3.753459e+01 -8.032201e-03 
 3.753499e+01 -5.425184e-03 
 3.753539e+01 -2.722917e-03 
 3.753579e+01  5.772115e-05 
 3.753618e+01  2.829949e-03 
 3.753658e+01  5.640352e-03 
 3.753698e+01  8.336774e-03 
 3.753738e+01  1.093060e-02 
 3.753777e+01  1.332266e-02 
 3.753817e+01  1.551062e-02 
 3.753857e+01  1.746994e-02 
 3.753897e+01  1.931368e-02 
 3.753937e+01  2.113086e-02 
 3.753976e+01  2.294939e-02 
 3.754016e+01  2.480231e-02 
 3.754056e+01  2.678631e-02 
 3.754096e+01  2.888978e-02 
 3.754135e+01  3.120611e-02 
 3.754175e+01  3.358391e-02 
 3.754215e+01  3.614583e-02 
 3.754255e+01  3.877321e-02 
 3.754294e+01  4.146249e-02 
 3.754334e+01  4.414121e-02 
 3.754374e+01  4.685360e-02 
 3.754414e+01  4.958344e-02 
 3.754454e+01  5.232003e-02 
 3.754493e+01  5.497145e-02 
 3.754533e+01  5.758259e-02 
 3.754573e+01  6.011794e-02 
 3.754613e+01  6.245145e-02 
 3.754652e+01  6.464644e-02 
 3.754692e+01  6.660212e-02 
 3.754732e+01  6.843048e-02 
 3.754772e+01  7.002995e-02 
 3.754811e+01  7.140449e-02 
 3.754851e+01  7.261777e-02 
 3.754891e+01  7.375716e-02 
 3.754931e+01  7.487401e-02 
 3.754971e+01  7.603657e-02 
 3.755010e+01  7.731273e-02 
 3.755050e+01  7.863902e-02 
 3.755090e+01  7.995018e-02 
 3.755130e+01  8.139139e-02 
 3.755169e+01  8.285340e-02 
 3.755209e+01  8.438771e-02 
 3.755249e+01  8.591251e-02 
 3.755289e+01  8.737112e-02 
 3.755328e+01  8.880017e-02 
 3.755368e+01  9.013899e-02 
 3.755408e+01  9.142408e-02 
 3.755448e+01  9.255045e-02 
 3.755488e+01  9.340723e-02 
 3.755527e+01  9.404685e-02 
 3.755567e+01  9.443874e-02 
 3.755607e+01  9.462677e-02 
 3.755647e+01  9.469005e-02 
 3.755686e+01  9.442958e-02 
 3.755726e+01  9.399297e-02 
 3.755766e+01  9.341278e-02 
 3.755806e+01  9.273951e-02 
 3.755845e+01  9.213906e-02 
 3.755885e+01  9.162273e-02 
 3.755925e+01  9.124441e-02 
 3.755965e+01  9.103963e-02 
 3.756005e+01  9.117872e-02 
 3.756044e+01  9.156968e-02 
 3.756084e+01  9.231772e-02 
 3.756124e+01  9.328931e-02 
 3.756164e+01  9.441111e-02 
 3.756203e+01  9.547163e-02 
 3.756243e+01  9.663027e-02 
 3.756283e+01  9.774151e-02 
 3.756323e+01  9.875559e-02 
 3.756362e+01  9.964643e-02 
 3.756402e+01  1.002459e-01 
 3.756442e+01  1.006792e-01 
 3.756482e+01  1.008909e-01 
 3.756522e+01  1.009524e-01 
 3.756561e+01  1.008410e-01 
 3.756601e+01  1.005402e-01 
 3.756641e+01  1.000490e-01 
 3.756681e+01  9.941045e-02 
 3.756720e+01  9.869279e-02 
 3.756760e+01  9.807751e-02 
 3.756800e+01  9.755167e-02 
 3.756840e+01  9.719084e-02 
 3.756879e+01  9.712010e-02 
 3.756919e+01  9.717964e-02 
 3.756959e+01  9.743599e-02 
 3.756999e+01  9.766256e-02 
 3.757039e+01  9.796289e-02 
 3.757078e+01  9.813425e-02 
 3.757118e+01  9.819581e-02 
 3.757158e+01  9.802184e-02 
 3.757198e+01  9.758384e-02 
 3.757237e+01  9.683372e-02 
 3.757277e+01  9.590935e-02 
 3.757317e+01  9.471147e-02 
 3.757357e+01  9.332137e-02 
 3.757396e+01  9.168229e-02 
 3.757436e+01  8.985003e-02 
 3.757476e+01  8.790011e-02 
 3.757516e+01  8.588295e-02 
 3.757556e+01  8.382738e-02 
 3.757595e+01  8.163339e-02 
 3.757635e+01  7.944343e-02 
 3.757675e+01  7.721051e-02 
 3.757715e+01  7.498876e-02 
 3.757754e+01  7.288681e-02 
 3.757794e+01  7.084449e-02 
 3.757834e+01  6.896771e-02 
 3.757874e+01  6.724931e-02 
 3.757913e+01  6.561703e-02 
 3.757953e+01  6.415579e-02 
 3.757993e+01  6.280420e-02 
 3.758033e+01  6.138347e-02 
 3.758073e+01  5.994054e-02 
 3.758112e+01  5.828781e-02 
 3.758152e+01  5.642556e-02 
 3.758192e+01  5.428178e-02 
 3.758232e+01  5.192159e-02 
 3.758271e+01  4.930719e-02 
 3.758311e+01  4.652160e-02 
 3.758351e+01  4.358586e-02 
 3.758391e+01  4.062295e-02 
 3.758430e+01  3.762217e-02 
 3.758470e+01  3.467121e-02 
 3.758510e+01  3.176878e-02 
 3.758550e+01  2.891888e-02 
 3.758590e+01  2.612167e-02 
 3.758629e+01  2.344194e-02 
 3.758669e+01  2.082890e-02 
 3.758709e+01  1.836549e-02 
 3.758749e+01  1.610537e-02 
 3.758788e+01  1.408334e-02 
 3.758828e+01  1.226607e-02 
 3.758868e+01  1.058727e-02 
 3.758908e+01  9.067095e-03 
 3.758947e+01  7.650158e-03 
 3.758987e+01  6.273558e-03 
 3.759027e+01  4.845744e-03 
 3.759067e+01  3.261006e-03 
 3.759107e+01  1.481847e-03 
 3.759146e+01 -4.983498e-04 
 3.759186e+01 -2.432947e-03 
 3.759226e+01 -4.487571e-03 
 3.759266e+01 -6.499527e-03 
 3.759305e+01 -8.474682e-03 
 3.759345e+01 -1.037595e-02 
 3.759385e+01 -1.211000e-02 
 3.759425e+01 -1.357578e-02 
 3.759464e+01 -1.484724e-02 
 3.759504e+01 -1.594708e-02 
 3.759544e+01 -1.692143e-02 
 3.759584e+01 -1.782594e-02 
 3.759624e+01 -1.866104e-02 
 3.759663e+01 -1.945214e-02 
 3.759703e+01 -2.021540e-02 
 3.759743e+01 -2.103188e-02 
 3.759783e+01 -2.190826e-02 
 3.759822e+01 -2.276495e-02 
 3.759862e+01 -2.370760e-02 
 3.759902e+01 -2.466027e-02 
 3.759942e+01 -2.566698e-02 
 3.759981e+01 -2.684861e-02 
 3.760021e+01 -2.820962e-02 
 3.760061e+01 -2.976261e-02 
 3.760101e+01 -3.146530e-02 
 3.760141e+01 -3.329423e-02 
 3.760180e+01 -3.526787e-02 
 3.760220e+01 -3.730949e-02 
 3.760260e+01 -3.943237e-02 
 3.760300e+01 -4.153270e-02 
 3.760339e+01 -4.350901e-02 
 3.760379e+01 -4.538348e-02 
 3.760419e+01 -4.703996e-02 
 3.760459e+01 -4.864116e-02 
 3.760499e+01 -5.020363e-02 
 3.760538e+01 -5.178471e-02 
 3.760578e+01 -5.340080e-02 
 3.760618e+01 -5.508991e-02 
 3.760658e+01 -5.677115e-02 
 3.760697e+01 -5.851448e-02 
 3.760737e+01 -6.017778e-02 
 3.760777e+01 -6.184174e-02 
 3.760817e+01 -6.335608e-02 
 3.760856e+01 -6.464058e-02 
 3.760896e+01 -6.580915e-02 
 3.760936e+01 -6.682954e-02 
 3.760976e+01 -6.784433e-02 
 3.761016e+01 -6.884181e-02 
 3.761055e+01 -6.974758e-02 
 3.761095e+01 -7.059322e-02 
 3.761135e+01 -7.131519e-02 
 3.761175e+01 -7.191026e-02 
 3.761214e+01 -7.245378e-02 
 3.761254e+01 -7.276193e-02 
 3.761294e+01 -7.289073e-02 
 3.761334e+01 -7.264798e-02 
 3.761373e+01 -7.219640e-02 
 3.761413e+01 -7.160395e-02 
 3.761453e+01 -7.080776e-02 
 3.761493e+01 -6.999463e-02 
 3.761533e+01 -6.908270e-02 
 3.761572e+01 -6.817646e-02 
 3.761612e+01 -6.726329e-02 
 3.761652e+01 -6.637784e-02 
 3.761692e+01 -6.554413e-02 
 3.761731e+01 -6.474340e-02 
 3.761771e+01 -6.388830e-02 
 3.761811e+01 -6.301502e-02 
 3.761851e+01 -6.199857e-02 
 3.761890e+01 -6.086479e-02 
 3.761930e+01 -5.960121e-02 
 3.761970e+01 -5.818563e-02 
 3.762010e+01 -5.669811e-02 
 3.762050e+01 -5.510908e-02 
 3.762089e+01 -5.352179e-02 
 3.762129e+01 -5.199475e-02 
 3.762169e+01 -5.041674e-02 
 3.762209e+01 -4.880741e-02 
 3.762248e+01 -4.721579e-02 
 3.762288e+01 -4.543025e-02 
 3.762328e+01 -4.365751e-02 
 3.762368e+01 -4.177417e-02 
 3.762407e+01 -3.992450e-02 
 3.762447e+01 -3.810920e-02 
 3.762487e+01 -3.644335e-02 
 3.762527e+01 -3.501112e-02 
 3.762567e+01 -3.372416e-02 
 3.762606e+01 -3.264547e-02 
 3.762646e+01 -3.162896e-02 
 3.762686e+01 -3.069768e-02 
 3.762726e+01 -2.974251e-02 
 3.762765e+01 -2.861334e-02 
 3.762805e+01 -2.724421e-02 
 3.762845e+01 -2.566579e-02 
 3.762885e+01 -2.387045e-02 
 3.762924e+01 -2.192373e-02 
 3.762964e+01 -1.991407e-02 
 3.763004e+01 -1.781231e-02 
 3.763044e+01 -1.571273e-02 
 3.763084e+01 -1.367383e-02 
 3.763123e+01 -1.174058e-02 
 3.763163e+01 -9.995172e-03 
 3.763203e+01 -8.357218e-03 
 3.763243e+01 -6.827801e-03 
 3.763282e+01 -5.369641e-03 
 3.763322e+01 -4.086715e-03 
 3.763362e+01 -2.893790e-03 
 3.763402e+01 -1.873190e-03 
 3.763441e+01 -9.975984e-04 
 3.763481e+01 -9.253662e-05 
 3.763521e+01  7.157647e-04 
 3.763561e+01  1.581439e-03 
 3.763601e+01  2.409604e-03 
 3.763640e+01  3.251288e-03 
 3.763680e+01  4.377398e-03 
 3.763720e+01  5.688723e-03 
 3.763760e+01  7.372795e-03 
 3.763799e+01  9.265985e-03 
 3.763839e+01  1.133194e-02 
 3.763879e+01  1.359990e-02 
 3.763919e+01  1.592426e-02 
 3.763958e+01  1.835993e-02 
 3.763998e+01  2.078911e-02 
 3.764038e+01  2.308592e-02 
 3.764078e+01  2.532483e-02 
 3.764118e+01  2.743636e-02 
 3.764157e+01  2.954128e-02 
 3.764197e+01  3.161360e-02 
 3.764237e+01  3.368896e-02 
 3.764277e+01  3.579080e-02 
 3.764316e+01  3.799047e-02 
 3.764356e+01  4.017740e-02 
 3.764396e+01  4.245086e-02 
 3.764436e+01  4.471976e-02 
 3.764475e+01  4.695590e-02 
 3.764515e+01  4.924012e-02 
 3.764555e+01  5.153222e-02 
 3.764595e+01  5.392065e-02 
 3.764635e+01  5.648335e-02 
 3.764674e+01  5.917485e-02 
 3.764714e+01  6.219267e-02 
 3.764754e+01  6.533391e-02 
 3.764794e+01  6.870395e-02 
 3.764833e+01  7.203904e-02 
 3.764873e+01  7.534957e-02 
 3.764913e+01  7.860890e-02 
 3.764953e+01  8.158106e-02 
 3.764992e+01  8.435662e-02 
 3.765032e+01  8.674081e-02 
 3.765072e+01  8.870748e-02 
 3.765112e+01  9.034334e-02 
 3.765152e+01  9.167629e-02 
 3.765191e+01  9.276506e-02 
 3.765231e+01  9.370565e-02 
 3.765271e+01  9.444542e-02 
 3.765311e+01  9.504788e-02 
 3.765350e+01  9.551534e-02 
 3.765390e+01  9.594091e-02 
 3.765430e+01  9.634705e-02 
 3.765470e+01  9.668429e-02 
 3.765509e+01  9.699185e-02 
 3.765549e+01  9.734416e-02 
 3.765589e+01  9.778423e-02 
 3.765629e+01  9.840629e-02 
 3.765669e+01  9.910640e-02 
 3.765708e+01  9.985277e-02 
 3.765748e+01  1.005685e-01 
 3.765788e+01  1.012000e-01 
 3.765828e+01  1.018154e-01 
 3.765867e+01  1.021166e-01 
 3.765907e+01  1.022836e-01 
 3.765947e+01  1.019864e-01 
 3.765987e+01  1.014075e-01 
 3.766026e+01  1.004845e-01 
 3.766066e+01  9.928567e-02 
 3.766106e+01  9.795296e-02 
 3.766146e+01  9.643559e-02 
 3.766186e+01  9.496932e-02 
 3.766225e+01  9.358772e-02 
 3.766265e+01  9.245102e-02 
 3.766305e+01  9.157011e-02 
 3.766345e+01  9.081132e-02 
 3.766384e+01  9.031367e-02 
 3.766424e+01  8.992612e-02 
 3.766464e+01  8.974208e-02 
 3.766504e+01  8.967830e-02 
 3.766543e+01  8.971945e-02 
 3.766583e+01  8.987973e-02 
 3.766623e+01  9.002372e-02 
 3.766663e+01  9.028457e-02 
 3.766703e+01  9.057516e-02 
 3.766742e+01  9.086165e-02 
 3.766782e+01  9.114202e-02 
 3.766822e+01  9.126644e-02 
 3.766862e+01  9.129726e-02 
 3.766901e+01  9.098363e-02 
 3.766941e+01  9.053808e-02 
 3.766981e+01  8.987284e-02 
 3.767021e+01  8.903783e-02 
 3.767060e+01  8.818071e-02 
 3.767100e+01  8.731791e-02 
 3.767140e+01  8.655382e-02 
 3.767180e+01  8.591421e-02 
 3.767220e+01  8.539292e-02 
 3.767259e+01  8.506979e-02 
 3.767299e+01  8.495345e-02 
 3.767339e+01  8.500251e-02 
 3.767379e+01  8.506225e-02 
 3.767418e+01  8.523901e-02 
 3.767458e+01  8.533132e-02 
 3.767498e+01  8.551497e-02 
 3.767538e+01  8.557125e-02 
 3.767577e+01  8.559367e-02 
 3.767617e+01  8.543036e-02 
 3.767657e+01  8.501836e-02 
 3.767697e+01  8.439294e-02 
 3.767737e+01  8.351381e-02 
 3.767776e+01  8.243912e-02 
 3.767816e+01  8.105824e-02 
 3.767856e+01  7.932753e-02 
 3.767896e+01  7.725981e-02 
 3.767935e+01  7.487939e-02 
 3.767975e+01  7.224676e-02 
 3.768015e+01  6.940014e-02 
 3.768055e+01  6.646760e-02 
 3.768094e+01  6.348603e-02 
 3.768134e+01  6.051946e-02 
 3.768174e+01  5.764741e-02 
 3.768214e+01  5.486872e-02 
 3.768254e+01  5.229094e-02 
 3.768293e+01  4.980449e-02 
 3.768333e+01  4.741556e-02 
 3.768373e+01  4.504981e-02 
 3.768413e+01  4.247255e-02 
 3.768452e+01  3.983793e-02 
 3.768492e+01  3.704568e-02 
 3.768532e+01  3.422103e-02 
 3.768572e+01  3.118247e-02 
 3.768611e+01  2.807378e-02 
 3.768651e+01  2.478154e-02 
 3.768691e+01  2.139487e-02 
 3.768731e+01  1.790481e-02 
 3.768771e+01  1.438555e-02 
 3.768810e+01  1.094674e-02 
 3.768850e+01  7.396612e-03 
 3.768890e+01  3.913796e-03 
 3.768930e+01  5.299030e-04 
 3.768969e+01 -2.689048e-03 
 3.769009e+01 -5.659347e-03 
 3.769049e+01 -8.414372e-03 
 3.769089e+01 -1.082322e-02 
 3.769128e+01 -1.295767e-02 
 3.769168e+01 -1.476552e-02 
 3.769208e+01 -1.616441e-02 
 3.769248e+01 -1.733617e-02 
 3.769288e+01 -1.829271e-02 
 3.769327e+01 -1.921571e-02 
 3.769367e+01 -2.008361e-02 
 3.769407e+01 -2.095932e-02 
 3.769447e+01 -2.190605e-02 
 3.769486e+01 -2.280675e-02 
 3.769526e+01 -2.384061e-02 
 3.769566e+01 -2.487047e-02 
 3.769606e+01 -2.597101e-02 
 3.769646e+01 -2.693075e-02 
 3.769685e+01 -2.786909e-02 
 3.769725e+01 -2.869166e-02 
 3.769765e+01 -2.939211e-02 
 3.769805e+01 -3.005011e-02 
 3.769844e+01 -3.065869e-02 
 3.769884e+01 -3.115115e-02 
 3.769924e+01 -3.160279e-02 
 3.769964e+01 -3.206231e-02 
 3.770003e+01 -3.247362e-02 
 3.770043e+01 -3.286202e-02 
 3.770083e+01 -3.322168e-02 
 3.770123e+01 -3.359924e-02 
 3.770163e+01 -3.386675e-02 
 3.770202e+01 -3.417915e-02 
 3.770242e+01 -3.458982e-02 
 3.770282e+01 -3.514823e-02 
 3.770322e+01 -3.576495e-02 
 3.770361e+01 -3.656758e-02 
 3.770401e+01 -3.743932e-02 
 3.770441e+01 -3.848800e-02 
 3.770481e+01 -3.965397e-02 
 3.770520e+01 -4.093964e-02 
 3.770560e+01 -4.241448e-02 
 3.770600e+01 -4.394075e-02 
 3.770640e+01 -4.553821e-02 
 3.770680e+01 -4.715728e-02 
 3.770719e+01 -4.881617e-02 
 3.770759e+01 -5.045097e-02 
 3.770799e+01 -5.215569e-02 
 3.770839e+01 -5.379982e-02 
 3.770878e+01 -5.544028e-02 
 3.770918e+01 -5.700241e-02 
 3.770958e+01 -5.853751e-02 
 3.770998e+01 -6.000507e-02 
 3.771037e+01 -6.137303e-02 
 3.771077e+01 -6.263185e-02 
 3.771117e+01 -6.381925e-02 
 3.771157e+01 -6.486998e-02 
 3.771197e+01 -6.596407e-02 
 3.771236e+01 -6.706814e-02 
 3.771276e+01 -6.812958e-02 
 3.771316e+01 -6.916672e-02 
 3.771356e+01 -7.007372e-02 
 3.771395e+01 -7.090905e-02 
 3.771435e+01 -7.158662e-02 
 3.771475e+01 -7.215487e-02 
 3.771515e+01 -7.254976e-02 
 3.771554e+01 -7.273365e-02 
 3.771594e+01 -7.265108e-02 
 3.771634e+01 -7.234447e-02 
 3.771674e+01 -7.185144e-02 
 3.771714e+01 -7.118369e-02 
 3.771753e+01 -7.033322e-02 
 3.771793e+01 -6.934687e-02 
 3.771833e+01 -6.822567e-02 
 3.771873e+01 -6.701684e-02 
 3.771912e+01 -6.569979e-02 
 3.771952e+01 -6.437659e-02 
 3.771992e+01 -6.301303e-02 
 3.772032e+01 -6.160819e-02 
 3.772071e+01 -6.017689e-02 
 3.772111e+01 -5.872518e-02 
 3.772151e+01 -5.722997e-02 
 3.772191e+01 -5.566382e-02 
 3.772231e+01 -5.405878e-02 
 3.772270e+01 -5.236696e-02 
 3.772310e+01 -5.053996e-02 
 3.772350e+01 -4.865514e-02 
 3.772390e+01 -4.649647e-02 
 3.772429e+01 -4.422658e-02 
 3.772469e+01 -4.183162e-02 
 3.772509e+01 -3.931495e-02 
 3.772549e+01 -3.666392e-02 
 3.772588e+01 -3.389774e-02 
 3.772628e+01 -3.105097e-02 
 3.772668e+01 -2.825638e-02 
 3.772708e+01 -2.556218e-02 
 3.772748e+01 -2.311817e-02 
 3.772787e+01 -2.093427e-02 
 3.772827e+01 -1.881257e-02 
 3.772867e+01 -1.688996e-02 
 3.772907e+01 -1.504737e-02 
 3.772946e+01 -1.340277e-02 
 3.772986e+01 -1.178411e-02 
 3.773026e+01 -1.018746e-02 
 3.773066e+01 -8.562896e-03 
 3.773105e+01 -6.863123e-03 
 3.773145e+01 -5.127313e-03 
 3.773185e+01 -3.484588e-03 
 3.773225e+01 -1.844020e-03 
 3.773265e+01 -2.265158e-04 
 3.773304e+01  1.557171e-03 
 3.773344e+01  3.315527e-03 
 3.773384e+01  5.084776e-03 
 3.773424e+01  6.862757e-03 
 3.773463e+01  8.635697e-03 
 3.773503e+01  1.042764e-02 
 3.773543e+01  1.219715e-02 
 3.773583e+01  1.389414e-02 
 3.773622e+01  1.543638e-02 
 3.773662e+01  1.671452e-02 
 3.773702e+01  1.787536e-02 
 3.773742e+01  1.882236e-02 
 3.773782e+01  1.954575e-02 
 3.773821e+01  2.009194e-02 
 3.773861e+01  2.044355e-02 
 3.773901e+01  2.075800e-02 
 3.773941e+01  2.109267e-02 
 3.773980e+01  2.158658e-02 
 3.774020e+01  2.218379e-02 
 3.774060e+01  2.301812e-02 
 3.774100e+01  2.400015e-02 
 3.774139e+01  2.523983e-02 
 3.774179e+01  2.664426e-02 
 3.774219e+01  2.831163e-02 
 3.774259e+01  3.023961e-02 
 3.774299e+01  3.234359e-02 
 3.774338e+01  3.464340e-02 
 3.774378e+01  3.711146e-02 
 3.774418e+01  3.970495e-02 
 3.774458e+01  4.239570e-02 
 3.774497e+01  4.514982e-02 
 3.774537e+01  4.795507e-02 
 3.774577e+01  5.058794e-02 
 3.774617e+01  5.306869e-02 
 3.774656e+01  5.537636e-02 
 3.774696e+01  5.754672e-02 
 3.774736e+01  5.957413e-02 
 3.774776e+01  6.148716e-02 
 3.774816e+01  6.336350e-02 
 3.774855e+01  6.523570e-02 
 3.774895e+01  6.719764e-02 
 3.774935e+01  6.939971e-02 
 3.774975e+01  7.181384e-02 
 3.775014e+01  7.444684e-02 
 3.775054e+01  7.718405e-02 
 3.775094e+01  8.005340e-02 
 3.775134e+01  8.294483e-02 
 3.775173e+01  8.594105e-02 
 3.775213e+01  8.893139e-02 
 3.775253e+01  9.180613e-02 
 3.775293e+01  9.451646e-02 
 3.775333e+01  9.701912e-02 
 3.775372e+01  9.929003e-02 
 3.775412e+01  1.013381e-01 
 3.775452e+01  1.030573e-01 
 3.775492e+01  1.044755e-01 
 3.775531e+01  1.054915e-01 
 3.775571e+01  1.060988e-01 
 3.775611e+01  1.064305e-01 
 3.775651e+01  1.063978e-01 
 3.775690e+01  1.060450e-01 
 3.775730e+01  1.054487e-01 
 3.775770e+01  1.047046e-01 
 3.775810e+01  1.040342e-01 
 3.775850e+01  1.034351e-01 
 3.775889e+01  1.030074e-01 
 3.775929e+01  1.027485e-01 
 3.775969e+01  1.026416e-01 
 3.776009e+01  1.026112e-01 
 3.776048e+01  1.027418e-01 
 3.776088e+01  1.028575e-01 
 3.776128e+01  1.029198e-01 
 3.776168e+01  1.028295e-01 
 3.776207e+01  1.026743e-01 
 3.776247e+01  1.022878e-01 
 3.776287e+01  1.017107e-01 
 3.776327e+01  1.009053e-01 
 3.776367e+01  9.988444e-02 
 3.776406e+01  9.868414e-02 
 3.776446e+01  9.733197e-02 
 3.776486e+01  9.590100e-02 
 3.776526e+01  9.431218e-02 
 3.776565e+01  9.262782e-02 
 3.776605e+01  9.094037e-02 
 3.776645e+01  8.916460e-02 
 3.776685e+01  8.749250e-02 
 3.776724e+01  8.591229e-02 
 3.776764e+01  8.449171e-02 
 3.776804e+01  8.321956e-02 
 3.776844e+01  8.223260e-02 
 3.776884e+01  8.154646e-02 
 3.776923e+01  8.114617e-02 
 3.776963e+01  8.097471e-02 
 3.777003e+01  8.098151e-02 
 3.777043e+01  8.101778e-02 
 3.777082e+01  8.108692e-02 
 3.777122e+01  8.116572e-02 
 3.777162e+01  8.114896e-02 
 3.777202e+01  8.095235e-02 
 3.777241e+01  8.063324e-02 
 3.777281e+01  8.010636e-02 
 3.777321e+01  7.948933e-02 
 3.777361e+01  7.881312e-02 
 3.777401e+01  7.809108e-02 
 3.777440e+01  7.722899e-02 
 3.777480e+01  7.629216e-02 
 3.777520e+01  7.530800e-02 
 3.777560e+01  7.423779e-02 
 3.777599e+01  7.312955e-02 
 3.777639e+01  7.214121e-02 
 3.777679e+01  7.122765e-02 
 3.777719e+01  7.041596e-02 
 3.777758e+01  6.979136e-02 
 3.777798e+01  6.940942e-02 
 3.777838e+01  6.912443e-02 
 3.777878e+01  6.898933e-02 
 3.777918e+01  6.888174e-02 
 3.777957e+01  6.868358e-02 
 3.777997e+01  6.829549e-02 
 3.778037e+01  6.769220e-02 
 3.778077e+01  6.683936e-02 
 3.778116e+01  6.572085e-02 
 3.778156e+01  6.411596e-02 
 3.778196e+01  6.216266e-02 
 3.778236e+01  5.984710e-02 
 3.778275e+01  5.729254e-02 
 3.778315e+01  5.455762e-02 
 3.778355e+01  5.158660e-02 
 3.778395e+01  4.846709e-02 
 3.778435e+01  4.525009e-02 
 3.778474e+01  4.198049e-02 
 3.778514e+01  3.877448e-02 
 3.778554e+01  3.563945e-02 
 3.778594e+01  3.249411e-02 
 3.778633e+01  2.939352e-02 
 3.778673e+01  2.621104e-02 
 3.778713e+01  2.316991e-02 
 3.778753e+01  2.024880e-02 
 3.778793e+01  1.740189e-02 
 3.778832e+01  1.467627e-02 
 3.778872e+01  1.190423e-02 
 3.778912e+01  9.068549e-03 
 3.778952e+01  6.176290e-03 
 3.778991e+01  3.252121e-03 
 3.779031e+01  3.434770e-04 
 3.779071e+01 -2.767768e-03 
 3.779111e+01 -5.928300e-03 
 3.779150e+01 -9.206159e-03 
 3.779190e+01 -1.244604e-02 
 3.779230e+01 -1.543232e-02 
 3.779270e+01 -1.832021e-02 
 3.779310e+01 -2.087961e-02 
 3.779349e+01 -2.331040e-02 
 3.779389e+01 -2.547220e-02 
 3.779429e+01 -2.736482e-02 
 3.779469e+01 -2.894782e-02 
 3.779508e+01 -3.031862e-02 
 3.779548e+01 -3.157700e-02 
 3.779588e+01 -3.273993e-02 
 3.779628e+01 -3.378097e-02 
 3.779667e+01 -3.469606e-02 
 3.779707e+01 -3.542968e-02 
 3.779747e+01 -3.603019e-02 
 3.779787e+01 -3.650564e-02 
 3.779827e+01 -3.688148e-02 
 3.779866e+01 -3.715520e-02 
 3.779906e+01 -3.739108e-02 
 3.779946e+01 -3.762304e-02 
 3.779986e+01 -3.788690e-02 
 3.780025e+01 -3.823972e-02 
 3.780065e+01 -3.872924e-02 
 3.780105e+01 -3.931971e-02 
 3.780145e+01 -3.994317e-02 
 3.780184e+01 -4.060176e-02 
 3.780224e+01 -4.127679e-02 
 3.780264e+01 -4.190450e-02 
 3.780304e+01 -4.239849e-02 
 3.780344e+01 -4.274702e-02 
 3.780383e+01 -4.304833e-02 
 3.780423e+01 -4.323819e-02 
 3.780463e+01 -4.342305e-02 
 3.780503e+01 -4.372036e-02 
 3.780542e+01 -4.404149e-02 
 3.780582e+01 -4.456027e-02 
 3.780622e+01 -4.516519e-02 
 3.780662e+01 -4.595830e-02 
 3.780701e+01 -4.687949e-02 
 3.780741e+01 -4.789845e-02 
 3.780781e+01 -4.895101e-02 
 3.780821e+01 -5.004948e-02 
 3.780861e+01 -5.119086e-02 
 3.780900e+01 -5.228683e-02 
 3.780940e+01 -5.332656e-02 
 3.780980e+01 -5.432750e-02 
 3.781020e+01 -5.535496e-02 
 3.781059e+01 -5.636890e-02 
 3.781099e+01 -5.736810e-02 
 3.781139e+01 -5.835233e-02 
 3.781179e+01 -5.923905e-02 
 3.781218e+01 -5.996809e-02 
 3.781258e+01 -6.060038e-02 
 3.781298e+01 -6.107213e-02 
 3.781338e+01 -6.142865e-02 
 3.781378e+01 -6.170208e-02 
 3.781417e+01 -6.193995e-02 
 3.781457e+01 -6.224663e-02 
 3.781497e+01 -6.263368e-02 
 3.781537e+01 -6.319808e-02 
 3.781576e+01 -6.379584e-02 
 3.781616e+01 -6.454675e-02 
 3.781656e+01 -6.522720e-02 
 3.781696e+01 -6.582447e-02 
 3.781735e+01 -6.620482e-02 
 3.781775e+01 -6.648025e-02 
 3.781815e+01 -6.651299e-02 
 3.781855e+01 -6.626460e-02 
 3.781895e+01 -6.576993e-02 
 3.781934e+01 -6.505351e-02 
 3.781974e+01 -6.412670e-02 
 3.782014e+01 -6.297866e-02 
 3.782054e+01 -6.173858e-02 
 3.782093e+01 -6.033090e-02 
 3.782133e+01 -5.874297e-02 
 3.782173e+01 -5.698231e-02 
 3.782213e+01 -5.513102e-02 
 3.782252e+01 -5.325842e-02 
 3.782292e+01 -5.135069e-02 
 3.782332e+01 -4.937730e-02 
 3.782372e+01 -4.745112e-02 
 3.782412e+01 -4.546627e-02 
 3.782451e+01 -4.346865e-02 
 3.782491e+01 -4.152707e-02 
 3.782531e+01 -3.968387e-02 
 3.782571e+01 -3.773038e-02 
 3.782610e+01 -3.572824e-02 
 3.782650e+01 -3.361728e-02 
 3.782690e+01 -3.142358e-02 
 3.782730e+01 -2.916571e-02 
 3.782769e+01 -2.668673e-02 
 3.782809e+01 -2.398844e-02 
 3.782849e+01 -2.095226e-02 
 3.782889e+01 -1.777633e-02 
 3.782929e+01 -1.460648e-02 
 3.782968e+01 -1.147042e-02 
 3.783008e+01 -8.465485e-03 
 3.783048e+01 -5.556579e-03 
 3.783088e+01 -2.776103e-03 
 3.783127e+01 -2.577984e-04 
 3.783167e+01  1.962643e-03 
 3.783207e+01  3.890723e-03 
 3.783247e+01  5.715064e-03 
 3.783286e+01  7.469872e-03 
 3.783326e+01  9.025934e-03 
 3.783366e+01  1.039622e-02 
 3.783406e+01  1.155869e-02 
 3.783446e+01  1.248188e-02 
 3.783485e+01  1.318082e-02 
 3.783525e+01  1.385782e-02 
 3.783565e+01  1.443131e-02 
 3.783605e+01  1.497292e-02 
 3.783644e+01  1.552360e-02 
 3.783684e+01  1.622977e-02 
 3.783724e+01  1.713659e-02 
 3.783764e+01  1.814699e-02 
 3.783803e+01  1.943582e-02 
 3.783843e+01  2.074065e-02 
 3.783883e+01  2.215163e-02 
 3.783923e+01  2.357081e-02 
 3.783963e+01  2.505917e-02 
 3.784002e+01  2.642318e-02 
 3.784042e+01  2.769289e-02 
 3.784082e+01  2.884451e-02 
 3.784122e+01  2.984418e-02 
 3.784161e+01  3.074293e-02 
 3.784201e+01  3.160689e-02 
 3.784241e+01  3.245585e-02 
 3.784281e+01  3.327499e-02 
 3.784320e+01  3.418086e-02 
 3.784360e+01  3.522179e-02 
 3.784400e+01  3.638207e-02 
 3.784440e+01  3.764856e-02 
 3.784480e+01  3.909348e-02 
 3.784519e+01  4.083963e-02 
 3.784559e+01  4.274801e-02 
 3.784599e+01  4.492794e-02 
 3.784639e+01  4.746921e-02 
 3.784678e+01  5.020007e-02 
 3.784718e+01  5.324362e-02 
 3.784758e+01  5.646692e-02 
 3.784798e+01  5.987450e-02 
 3.784837e+01  6.336279e-02 
 3.784877e+01  6.675912e-02 
 3.784917e+01  7.007616e-02 
 3.784957e+01  7.321101e-02 
 3.784997e+01  7.603268e-02 
 3.785036e+01  7.850044e-02 
 3.785076e+01  8.058969e-02 
 3.785116e+01  8.245371e-02 
 3.785156e+01  8.405945e-02 
 3.785195e+01  8.553150e-02 
 3.785235e+01  8.691058e-02 
 3.785275e+01  8.826309e-02 
 3.785315e+01  8.960318e-02 
 3.785354e+01  9.096126e-02 
 3.785394e+01  9.239694e-02 
 3.785434e+01  9.390125e-02 
 3.785474e+01  9.546217e-02 
 3.785514e+01  9.702315e-02 
 3.785553e+01  9.864674e-02 
 3.785593e+01  1.002199e-01 
 3.785633e+01  1.017750e-01 
 3.785673e+01  1.032497e-01 
 3.785712e+01  1.045787e-01 
 3.785752e+01  1.057698e-01 
 3.785792e+01  1.067356e-01 
 3.785832e+01  1.074031e-01 
 3.785871e+01  1.077296e-01 
 3.785911e+01  1.077079e-01 
 3.785951e+01  1.073722e-01 
 3.785991e+01  1.066606e-01 
 3.786031e+01  1.058111e-01 
 3.786070e+01  1.046725e-01 
 3.786110e+01  1.034061e-01 
 3.786150e+01  1.020766e-01 
 3.786190e+01  1.006711e-01 
 3.786229e+01  9.940767e-02 
 3.786269e+01  9.814374e-02 
 3.786309e+01  9.693716e-02 
 3.786349e+01  9.585702e-02 
 3.786388e+01  9.487294e-02 
 3.786428e+01  9.410855e-02 
 3.786468e+01  9.342028e-02 
 3.786508e+01  9.294824e-02 
 3.786548e+01  9.240752e-02 
 3.786587e+01  9.184072e-02 
 3.786627e+01  9.128405e-02 
 3.786667e+01  9.072863e-02 
 3.786707e+01  9.006538e-02 
 3.786746e+01  8.931455e-02 
 3.786786e+01  8.833513e-02 
 3.786826e+01  8.725201e-02 
 3.786866e+01  8.597873e-02 
 3.786905e+01  8.461383e-02 
 3.786945e+01  8.312297e-02 
 3.786985e+01  8.145777e-02 
 3.787025e+01  7.973959e-02 
 3.787065e+01  7.804531e-02 
 3.787104e+01  7.650569e-02 
 3.787144e+01  7.522980e-02 
 3.787184e+01  7.419607e-02 
 3.787224e+01  7.345051e-02 
 3.787263e+01  7.300220e-02 
 3.787303e+01  7.279254e-02 
 3.787343e+01  7.294108e-02 
 3.787383e+01  7.315425e-02 
 3.787422e+01  7.348536e-02 
 3.787462e+01  7.383129e-02 
 3.787502e+01  7.407736e-02 
 3.787542e+01  7.429455e-02 
 3.787582e+01  7.451438e-02 
 3.787621e+01  7.465177e-02 
 3.787661e+01  7.464886e-02 
 3.787701e+01  7.439646e-02 
 3.787741e+01  7.392066e-02 
 3.787780e+01  7.328327e-02 
 3.787820e+01  7.235544e-02 
 3.787860e+01  7.135090e-02 
 3.787900e+01  7.012606e-02 
 3.787940e+01  6.872153e-02 
 3.787979e+01  6.730077e-02 
 3.788019e+01  6.581492e-02 
 3.788059e+01  6.442340e-02 
 3.788099e+01  6.299978e-02 
 3.788138e+01  6.159877e-02 
 3.788178e+01  6.023663e-02 
 3.788218e+01  5.882083e-02 
 3.788258e+01  5.743120e-02 
 3.788297e+01  5.596688e-02 
 3.788337e+01  5.438824e-02 
 3.788377e+01  5.276912e-02 
 3.788417e+01  5.087227e-02 
 3.788457e+01  4.887586e-02 
 3.788496e+01  4.660298e-02 
 3.788536e+01  4.410755e-02 
 3.788576e+01  4.136645e-02 
 3.788616e+01  3.834474e-02 
 3.788655e+01  3.514522e-02 
 3.788695e+01  3.173220e-02 
 3.788735e+01  2.828897e-02 
 3.788775e+01  2.478728e-02 
 3.788814e+01  2.129736e-02 
 3.788854e+01  1.780178e-02 
 3.788894e+01  1.434979e-02 
 3.788934e+01  1.085376e-02 
 3.788974e+01  7.457545e-03 
 3.789013e+01  4.189565e-03 
 3.789053e+01  1.044992e-03 
 3.789093e+01 -1.975090e-03 
 3.789133e+01 -4.778604e-03 
 3.789172e+01 -7.426888e-03 
 3.789212e+01 -9.902901e-03 
 3.789252e+01 -1.223247e-02 
 3.789292e+01 -1.438265e-02 
 3.789331e+01 -1.643309e-02 
 3.789371e+01 -1.839513e-02 
 3.789411e+01 -2.028756e-02 
 3.789451e+01 -2.203926e-02 
 3.789491e+01 -2.366292e-02 
 3.789530e+01 -2.524448e-02 
 3.789570e+01 -2.670219e-02 
 3.789610e+01 -2.813035e-02 
 3.789650e+01 -2.942792e-02 
 3.789689e+01 -3.064100e-02 
 3.789729e+01 -3.172050e-02 
 3.789769e+01 -3.263407e-02 
 3.789809e+01 -3.342195e-02 
 3.789848e+01 -3.409490e-02 
 3.789888e+01 -3.467002e-02 
 3.789928e+01 -3.510680e-02 
 3.789968e+01 -3.542531e-02 
 3.790008e+01 -3.563634e-02 
 3.790047e+01 -3.571892e-02 
 3.790087e+01 -3.573896e-02 
 3.790127e+01 -3.572789e-02 
 3.790167e+01 -3.579959e-02 
 3.790206e+01 -3.585526e-02 
 3.790246e+01 -3.592128e-02 
 3.790286e+01 -3.595551e-02 
 3.790326e+01 -3.606156e-02 
 3.790365e+01 -3.623412e-02 
 3.790405e+01 -3.655074e-02 
 3.790445e+01 -3.697998e-02 
 3.790485e+01 -3.741381e-02 
 3.790525e+01 -3.788086e-02 
 3.790564e+01 -3.839502e-02 
 3.790604e+01 -3.898081e-02 
 3.790644e+01 -3.968382e-02 
 3.790684e+01 -4.032561e-02 
 3.790723e+01 -4.098382e-02 
 3.790763e+01 -4.161778e-02 
 3.790803e+01 -4.234470e-02 
 3.790843e+01 -4.318351e-02 
 3.790882e+01 -4.406990e-02 
 3.790922e+01 -4.510390e-02 
 3.790962e+01 -4.616964e-02 
 3.791002e+01 -4.726754e-02 
 3.791042e+01 -4.847768e-02 
 3.791081e+01 -4.978534e-02 
 3.791121e+01 -5.120702e-02 
 3.791161e+01 -5.254157e-02 
 3.791201e+01 -5.386641e-02 
 3.791240e+01 -5.515780e-02 
 3.791280e+01 -5.634038e-02 
 3.791320e+01 -5.743733e-02 
 3.791360e+01 -5.846119e-02 
 3.791399e+01 -5.933344e-02 
 3.791439e+01 -5.996607e-02 
 3.791479e+01 -6.037177e-02 
 3.791519e+01 -6.057234e-02 
 3.791559e+01 -6.051648e-02 
 3.791598e+01 -6.026079e-02 
 3.791638e+01 -5.983172e-02 
 3.791678e+01 -5.933008e-02 
 3.791718e+01 -5.872882e-02 
 3.791757e+01 -5.821890e-02 
 3.791797e+01 -5.774911e-02 
 3.791837e+01 -5.730312e-02 
 3.791877e+01 -5.692381e-02 
 3.791916e+01 -5.659319e-02 
 3.791956e+01 -5.620977e-02 
 3.791996e+01 -5.579566e-02 
 3.792036e+01 -5.533509e-02 
 3.792076e+01 -5.481397e-02 
 3.792115e+01 -5.415411e-02 
 3.792155e+01 -5.344575e-02 
 3.792195e+01 -5.246657e-02 
 3.792235e+01 -5.134063e-02 
 3.792274e+01 -5.002596e-02 
 3.792314e+01 -4.857308e-02 
 3.792354e+01 -4.691018e-02 
 3.792394e+01 -4.494729e-02 
 3.792433e+01 -4.292247e-02 
 3.792473e+01 -4.081233e-02 
 3.792513e+01 -3.871856e-02 
 3.792553e+01 -3.666116e-02 
 3.792593e+01 -3.461466e-02 
 3.792632e+01 -3.261969e-02 
 3.792672e+01 -3.065706e-02 
 3.792712e+01 -2.881626e-02 
 3.792752e+01 -2.714618e-02 
 3.792791e+01 -2.550930e-02 
 3.792831e+01 -2.392990e-02 
 3.792871e+01 -2.243835e-02 
 3.792911e+01 -2.100801e-02 
 3.792950e+01 -1.961925e-02 
 3.792990e+01 -1.829284e-02 
 3.793030e+01 -1.680364e-02 
 3.793070e+01 -1.525707e-02 
 3.793110e+01 -1.354836e-02 
 3.793149e+01 -1.174510e-02 
 3.793189e+01 -9.792930e-03 
 3.793229e+01 -7.717510e-03 
 3.793269e+01 -5.445332e-03 
 3.793308e+01 -3.010839e-03 
 3.793348e+01 -5.227314e-04 
 3.793388e+01  2.082179e-03 
 3.793428e+01  4.659798e-03 
 3.793467e+01  7.219598e-03 
 3.793507e+01  9.700163e-03 
 3.793547e+01  1.212212e-02 
 3.793587e+01  1.426118e-02 
 3.793627e+01  1.615351e-02 
 3.793666e+01  1.773111e-02 
 3.793706e+01  1.904595e-02 
 3.793746e+01  2.008699e-02 
 3.793786e+01  2.080193e-02 
 3.793825e+01  2.140499e-02 
 3.793865e+01  2.197597e-02 
 3.793905e+01  2.254860e-02 
 3.793945e+01  2.319878e-02 
 3.793984e+01  2.396765e-02 
 3.794024e+01  2.476578e-02 
 3.794064e+01  2.574639e-02 
 3.794104e+01  2.688300e-02 
 3.794144e+01  2.823781e-02 
 3.794183e+01  2.971358e-02 
 3.794223e+01  3.130193e-02 
 3.794263e+01  3.305486e-02 
 3.794303e+01  3.494374e-02 
 3.794342e+01  3.691696e-02 
 3.794382e+01  3.891837e-02 
 3.794422e+01  4.085313e-02 
 3.794462e+01  4.268961e-02 
 3.794501e+01  4.444131e-02 
 3.794541e+01  4.608982e-02 
 3.794581e+01  4.769710e-02 
 3.794621e+01  4.914823e-02 
 3.794661e+01  5.042703e-02 
 3.794700e+01  5.156811e-02 
 3.794740e+01  5.263693e-02 
 3.794780e+01  5.374052e-02 
 3.794820e+01  5.498710e-02 
 3.794859e+01  5.639794e-02 
 3.794899e+01  5.797518e-02 
 3.794939e+01  5.984000e-02 
 3.794979e+01  6.192069e-02 
 3.795018e+01  6.422681e-02 
 3.795058e+01  6.683167e-02 
 3.795098e+01  6.962461e-02 
 3.795138e+01  7.239023e-02 
 3.795178e+01  7.521529e-02 
 3.795217e+01  7.803038e-02 
 3.795257e+01  8.077069e-02 
 3.795297e+01  8.337464e-02 
 3.795337e+01  8.581082e-02 
 3.795376e+01  8.805988e-02 
 3.795416e+01  9.004215e-02 
 3.795456e+01  9.180350e-02 
 3.795496e+01  9.334423e-02 
 3.795535e+01  9.451473e-02 
 3.795575e+01  9.540140e-02 
 3.795615e+01  9.595995e-02 
 3.795655e+01  9.632653e-02 
 3.795695e+01  9.644188e-02 
 3.795734e+01  9.643210e-02 
 3.795774e+01  9.642830e-02 
 3.795814e+01  9.643257e-02 
 3.795854e+01  9.648152e-02 
 3.795893e+01  9.666585e-02 
 3.795933e+01  9.699091e-02 
 3.795973e+01  9.739653e-02 
 3.796013e+01  9.790842e-02 
 3.796052e+01  9.849082e-02 
 3.796092e+01  9.902742e-02 
 3.796132e+01  9.946014e-02 
 3.796172e+01  9.979604e-02 
 3.796212e+01  1.000002e-01 
 3.796251e+01  9.996701e-02 
 3.796291e+01  9.969104e-02 
 3.796331e+01  9.918072e-02 
 3.796371e+01  9.837310e-02 
 3.796410e+01  9.741630e-02 
 3.796450e+01  9.625951e-02 
 3.796490e+01  9.500404e-02 
 3.796530e+01  9.348040e-02 
 3.796569e+01  9.187657e-02 
 3.796609e+01  9.023803e-02 
 3.796649e+01  8.861316e-02 
 3.796689e+01  8.706147e-02 
 3.796729e+01  8.568304e-02 
 3.796768e+01  8.449297e-02 
 3.796808e+01  8.338949e-02 
 3.796848e+01  8.257231e-02 
 3.796888e+01  8.192333e-02 
 3.796927e+01  8.148932e-02 
 3.796967e+01  8.120408e-02 
 3.797007e+01  8.100507e-02 
 3.797047e+01  8.075555e-02 
 3.797087e+01  8.043954e-02 
 3.797126e+01  8.005428e-02 
 3.797166e+01  7.960388e-02 
 3.797206e+01  7.892232e-02 
 3.797246e+01  7.799302e-02 
 3.797285e+01  7.683535e-02 
 3.797325e+01  7.554777e-02 
 3.797365e+01  7.420106e-02 
 3.797405e+01  7.281155e-02 
 3.797444e+01  7.146394e-02 
 3.797484e+01  7.008257e-02 
 3.797524e+01  6.880331e-02 
 3.797564e+01  6.758386e-02 
 3.797604e+01  6.654507e-02 
 3.797643e+01  6.552416e-02 
 3.797683e+01  6.468561e-02 
 3.797723e+01  6.393937e-02 
 3.797763e+01  6.333072e-02 
 3.797802e+01  6.294882e-02 
 3.797842e+01  6.266866e-02 
 3.797882e+01  6.252347e-02 
 3.797922e+01  6.238387e-02 
 3.797961e+01  6.219585e-02 
 3.798001e+01  6.191393e-02 
 3.798041e+01  6.145496e-02 
 3.798081e+01  6.079269e-02 
 3.798121e+01  5.997120e-02 
 3.798160e+01  5.887971e-02 
 3.798200e+01  5.762499e-02 
 3.798240e+01  5.614787e-02 
 3.798280e+01  5.458924e-02 
 3.798319e+01  5.291783e-02 
 3.798359e+01  5.118345e-02 
 3.798399e+01  4.940969e-02 
 3.798439e+01  4.755650e-02 
 3.798478e+01  4.567294e-02 
 3.798518e+01  4.367055e-02 
 3.798558e+01  4.157836e-02 
 3.798598e+01  3.937890e-02 
 3.798638e+01  3.709007e-02 
 3.798677e+01  3.472191e-02 
 3.798717e+01  3.215057e-02 
 3.798757e+01  2.954461e-02 
 3.798797e+01  2.677051e-02 
 3.798836e+01  2.397581e-02 
 3.798876e+01  2.112084e-02 
 3.798916e+01  1.821549e-02 
 3.798956e+01  1.517680e-02 
 3.798995e+01  1.210356e-02 
 3.799035e+01  8.969327e-03 
 3.799075e+01  5.784579e-03 
 3.799115e+01  2.491967e-03 
 3.799155e+01 -8.654435e-04 
 3.799194e+01 -4.328508e-03 
 3.799234e+01 -7.742339e-03 
 3.799274e+01 -1.110510e-02 
 3.799314e+01 -1.426263e-02 
 3.799353e+01 -1.720546e-02 
 3.799393e+01 -1.989612e-02 
 3.799433e+01 -2.228608e-02 
 3.799473e+01 -2.450949e-02 
 3.799512e+01 -2.652126e-02 
 3.799552e+01 -2.835717e-02 
 3.799592e+01 -2.999835e-02 
 3.799632e+01 -3.147866e-02 
 3.799672e+01 -3.285575e-02 
 3.799711e+01 -3.411092e-02 
 3.799751e+01 -3.527940e-02 
 3.799791e+01 -3.637493e-02 
 3.799831e+01 -3.723413e-02 
 3.799870e+01 -3.802345e-02 
 3.799910e+01 -3.876581e-02 
 3.799950e+01 -3.942301e-02 
 3.799990e+01 -3.995695e-02 
 3.800029e+01 -4.032694e-02 
 3.800069e+01 -4.060518e-02 
 3.800109e+01 -4.077949e-02 
 3.800149e+01 -4.088666e-02 
 3.800189e+01 -4.096191e-02 
 3.800228e+01 -4.089713e-02 
 3.800268e+01 -4.070124e-02 
 3.800308e+01 -4.037973e-02 
 3.800348e+01 -4.001856e-02 
 3.800387e+01 -3.970903e-02 
 3.800427e+01 -3.940210e-02 
 3.800467e+01 -3.908573e-02 
 3.800507e+01 -3.890309e-02 
 3.800546e+01 -3.873223e-02 
 3.800586e+01 -3.885610e-02 
 3.800626e+01 -3.917318e-02 
 3.800666e+01 -3.976075e-02 
 3.800706e+01 -4.044456e-02 
 3.800745e+01 -4.120731e-02 
 3.800785e+01 -4.200863e-02 
 3.800825e+01 -4.293026e-02 
 3.800865e+01 -4.387232e-02 
 3.800904e+01 -4.475603e-02 
 3.800944e+01 -4.557134e-02 
 3.800984e+01 -4.617855e-02 
 3.801024e+01 -4.681675e-02 
 3.801063e+01 -4.743955e-02 
 3.801103e+01 -4.805984e-02 
 3.801143e+01 -4.864843e-02 
 3.801183e+01 -4.920510e-02 
 3.801223e+01 -4.969396e-02 
 3.801262e+01 -5.013994e-02 
 3.801302e+01 -5.062432e-02 
 3.801342e+01 -5.118085e-02 
 3.801382e+01 -5.165108e-02 
 3.801421e+01 -5.228186e-02 
 3.801461e+01 -5.298358e-02 
 3.801501e+01 -5.375900e-02 
 3.801541e+01 -5.464408e-02 
 3.801580e+01 -5.565256e-02 
 3.801620e+01 -5.680850e-02 
 3.801660e+01 -5.792765e-02 
 3.801700e+01 -5.905354e-02 
 3.801740e+01 -6.006437e-02 
 3.801779e+01 -6.084642e-02 
 3.801819e+01 -6.153427e-02 
 3.801859e+01 -6.199021e-02 
 3.801899e+01 -6.222518e-02 
 3.801938e+01 -6.218263e-02 
 3.801978e+01 -6.196535e-02 
 3.802018e+01 -6.153071e-02 
 3.802058e+01 -6.104592e-02 
 3.802097e+01 -6.047384e-02 
 3.802137e+01 -5.986353e-02 
 3.802177e+01 -5.904793e-02 
 3.802217e+01 -5.817317e-02 
 3.802257e+01 -5.723648e-02 
 3.802296e+01 -5.622062e-02 
 3.802336e+01 -5.513841e-02 
 3.802376e+01 -5.408887e-02 
 3.802416e+01 -5.298050e-02 
 3.802455e+01 -5.182896e-02 
 3.802495e+01 -5.072797e-02 
 3.802535e+01 -4.958613e-02 
 3.802575e+01 -4.838498e-02 
 3.802614e+01 -4.696605e-02 
 3.802654e+01 -4.537843e-02 
 3.802694e+01 -4.345932e-02 
 3.802734e+01 -4.133676e-02 
 3.802774e+01 -3.889175e-02 
 3.802813e+01 -3.610294e-02 
 3.802853e+01 -3.287925e-02 
 3.802893e+01 -2.939024e-02 
 3.802933e+01 -2.562827e-02 
 3.802972e+01 -2.170907e-02 
 3.803012e+01 -1.773340e-02 
 3.803052e+01 -1.377845e-02 
 3.803092e+01 -9.958825e-03 
 3.803131e+01 -6.295848e-03 
 3.803171e+01 -2.924925e-03 
 3.803211e+01  2.496496e-04 
 3.803251e+01  3.256573e-03 
 3.803291e+01  6.063139e-03 
 3.803330e+01  8.660841e-03 
 3.803370e+01  1.103977e-02 
 3.803410e+01  1.330245e-02 
 3.803450e+01  1.539041e-02 
 3.803489e+01  1.729278e-02 
 3.803529e+01  1.905959e-02 
 3.803569e+01  2.067624e-02 
 3.803609e+01  2.217434e-02 
 3.803648e+01  2.366269e-02 
 3.803688e+01  2.515451e-02 
 3.803728e+01  2.670968e-02 
 3.803768e+01  2.829098e-02 
 3.803808e+01  2.996264e-02 
 3.803847e+01  3.162402e-02 
 3.803887e+01  3.329058e-02 
 3.803927e+01  3.488305e-02 
 3.803967e+01  3.621402e-02 
 3.804006e+01  3.734144e-02 
 3.804046e+01  3.807601e-02 
 3.804086e+01  3.861888e-02 
 3.804126e+01  3.884827e-02 
 3.804165e+01  3.890680e-02 
 3.804205e+01  3.882649e-02 
 3.804245e+01  3.858549e-02 
 3.804285e+01  3.819445e-02 
 3.804325e+01  3.785860e-02 
 3.804364e+01  3.767616e-02 
 3.804404e+01  3.757834e-02 
 3.804444e+01  3.764355e-02 
 3.804484e+01  3.788028e-02 
 3.804523e+01  3.844432e-02 
 3.804563e+01  3.925550e-02 
 3.804603e+01  4.033389e-02 
 3.804643e+01  4.166868e-02 
 3.804682e+01  4.313654e-02 
 3.804722e+01  4.475296e-02 
 3.804762e+01  4.659906e-02 
 3.804802e+01  4.869209e-02 
 3.804842e+01  5.087436e-02 
 3.804881e+01  5.305723e-02 
 3.804921e+01  5.523396e-02 
 3.804961e+01  5.730778e-02 
 3.805001e+01  5.931152e-02 
 3.805040e+01  6.122445e-02 
 3.805080e+01  6.307666e-02 
 3.805120e+01  6.482013e-02 
 3.805160e+01  6.642470e-02 
 3.805199e+01  6.810362e-02 
 3.805239e+01  6.983501e-02 
 3.805279e+01  7.173490e-02 
 3.805319e+01  7.382207e-02 
 3.805359e+01  7.600278e-02 
 3.805398e+01  7.833253e-02 
 3.805438e+01  8.081041e-02 
 3.805478e+01  8.340668e-02 
 3.805518e+01  8.611102e-02 
 3.805557e+01  8.894905e-02 
 3.805597e+01  9.174614e-02 
 3.805637e+01  9.452876e-02 
 3.805677e+01  9.723418e-02 
 3.805716e+01  9.991768e-02 
 3.805756e+01  1.025038e-01 
 3.805796e+01  1.048959e-01 
 3.805836e+01  1.071020e-01 
 3.805876e+01  1.089435e-01 
 3.805915e+01  1.104869e-01 
 3.805955e+01  1.116241e-01 
 3.805995e+01  1.123809e-01 
 3.806035e+01  1.128462e-01 
 3.806074e+01  1.129496e-01 
 3.806114e+01  1.127670e-01 
 3.806154e+01  1.123838e-01 
 3.806194e+01  1.117877e-01 
 3.806233e+01  1.112121e-01 
 3.806273e+01  1.105114e-01 
 3.806313e+01  1.098941e-01 
 3.806353e+01  1.092557e-01 
 3.806393e+01  1.085694e-01 
 3.806432e+01  1.078427e-01 
 3.806472e+01  1.070913e-01 
 3.806512e+01  1.062795e-01 
 3.806552e+01  1.052405e-01 
 3.806591e+01  1.040597e-01 
 3.806631e+01  1.026503e-01 
 3.806671e+01  1.010242e-01 
 3.806711e+01  9.919632e-02 
 3.806751e+01  9.717190e-02 
 3.806790e+01  9.492178e-02 
 3.806830e+01  9.250729e-02 
 3.806870e+01  8.992537e-02 
 3.806910e+01  8.730186e-02 
 3.806949e+01  8.463564e-02 
 3.806989e+01  8.187563e-02 
 3.807029e+01  7.913309e-02 
 3.807069e+01  7.642519e-02 
 3.807108e+01  7.390376e-02 
 3.807148e+01  7.146778e-02 
 3.807188e+01  6.938850e-02 
 3.807228e+01  6.742911e-02 
 3.807268e+01  6.578699e-02 
 3.807307e+01  6.441318e-02 
 3.807347e+01  6.336704e-02 
 3.807387e+01  6.253117e-02 
 3.807427e+01  6.190413e-02 
 3.807466e+01  6.141811e-02 
 3.807506e+01  6.090773e-02 
 3.807546e+01  6.036809e-02 
 3.807586e+01  5.981993e-02 
 3.807625e+01  5.925513e-02 
 3.807665e+01  5.863258e-02 
 3.807705e+01  5.805707e-02 
 3.807745e+01  5.754748e-02 
 3.807785e+01  5.707654e-02 
 3.807824e+01  5.665648e-02 
 3.807864e+01  5.622831e-02 
 3.807904e+01  5.584647e-02 
 3.807944e+01  5.545004e-02 
 3.807983e+01  5.513533e-02 
 3.808023e+01  5.479986e-02 
 3.808063e+01  5.455979e-02 
 3.808103e+01  5.431345e-02 
 3.808142e+01  5.413075e-02 
 3.808182e+01  5.405416e-02 
 3.808222e+01  5.393051e-02 
 3.808262e+01  5.375376e-02 
 3.808302e+01  5.345623e-02 
 3.808341e+01  5.307547e-02 
 3.808381e+01  5.259290e-02 
 3.808421e+01  5.197609e-02 
 3.808461e+01  5.117465e-02 
 3.808500e+01  5.013094e-02 
 3.808540e+01  4.874902e-02 
 3.808580e+01  4.718942e-02 
 3.808620e+01  4.533628e-02 
 3.808659e+01  4.325172e-02 
 3.808699e+01  4.093550e-02 
 3.808739e+01  3.847132e-02 
 3.808779e+01  3.578857e-02 
 3.808819e+01  3.305691e-02 
 3.808858e+01  3.031114e-02 
 3.808898e+01  2.751110e-02 
 3.808938e+01  2.464575e-02 
 3.808978e+01  2.178921e-02 
 3.809017e+01  1.888224e-02 
 3.809057e+01  1.577826e-02 
 3.809097e+01  1.265030e-02 
 3.809137e+01  9.385696e-03 
 3.809176e+01  6.016993e-03 
 3.809216e+01  2.556375e-03 
 3.809256e+01 -9.326549e-04 
 3.809296e+01 -4.391661e-03 
 3.809336e+01 -7.907277e-03 
 3.809375e+01 -1.130364e-02 
 3.809415e+01 -1.479231e-02 
 3.809455e+01 -1.829808e-02 
 3.809495e+01 -2.179820e-02 
 3.809534e+01 -2.521723e-02 
 3.809574e+01 -2.852535e-02 
 3.809614e+01 -3.157645e-02 
 3.809654e+01 -3.434487e-02 
 3.809693e+01 -3.693348e-02 
 3.809733e+01 -3.923413e-02 
 3.809773e+01 -4.135632e-02 
 3.809813e+01 -4.317312e-02 
 3.809853e+01 -4.480886e-02 
 3.809892e+01 -4.625152e-02 
 3.809932e+01 -4.754128e-02 
 3.809972e+01 -4.880642e-02 
 3.810012e+01 -4.994585e-02 
 3.810051e+01 -5.087220e-02 
 3.810091e+01 -5.174897e-02 
 3.810131e+01 -5.245865e-02 
 3.810171e+01 -5.317651e-02 
 3.810210e+01 -5.381326e-02 
 3.810250e+01 -5.435286e-02 
 3.810290e+01 -5.473356e-02 
 3.810330e+01 -5.496763e-02 
 3.810370e+01 -5.515513e-02 
 3.810409e+01 -5.520826e-02 
 3.810449e+01 -5.520660e-02 
 3.810489e+01 -5.501470e-02 
 3.810529e+01 -5.461370e-02 
 3.810568e+01 -5.404917e-02 
 3.810608e+01 -5.337273e-02 
 3.810648e+01 -5.260270e-02 
 3.810688e+01 -5.171520e-02 
 3.810727e+01 -5.069555e-02 
 3.810767e+01 -4.969880e-02 
 3.810807e+01 -4.865381e-02 
 3.810847e+01 -4.768635e-02 
 3.810887e+01 -4.683740e-02 
 3.810926e+01 -4.607631e-02 
 3.810966e+01 -4.551105e-02 
 3.811006e+01 -4.514706e-02 
 3.811046e+01 -4.497188e-02 
 3.811085e+01 -4.502555e-02 
 3.811125e+01 -4.520309e-02 
 3.811165e+01 -4.546632e-02 
 3.811205e+01 -4.583143e-02 
 3.811244e+01 -4.618213e-02 
 3.811284e+01 -4.657221e-02 
 3.811324e+01 -4.691746e-02 
 3.811364e+01 -4.720238e-02 
 3.811404e+01 -4.747456e-02 
 3.811443e+01 -4.770052e-02 
 3.811483e+01 -4.786987e-02 
 3.811523e+01 -4.795980e-02 
 3.811563e+01 -4.806509e-02 
 3.811602e+01 -4.808945e-02 
 3.811642e+01 -4.819196e-02 
 3.811682e+01 -4.823888e-02 
 3.811722e+01 -4.838880e-02 
 3.811761e+01 -4.852888e-02 
 3.811801e+01 -4.882156e-02 
 3.811841e+01 -4.925536e-02 
 3.811881e+01 -4.987616e-02 
 3.811921e+01 -5.063691e-02 
 3.811960e+01 -5.150974e-02 
 3.812000e+01 -5.236258e-02 
 3.812040e+01 -5.330818e-02 
 3.812080e+01 -5.427339e-02 
 3.812119e+01 -5.519563e-02 
 3.812159e+01 -5.602594e-02 
 3.812199e+01 -5.665293e-02 
 3.812239e+01 -5.705219e-02 
 3.812278e+01 -5.719787e-02 
 3.812318e+01 -5.714027e-02 
 3.812358e+01 -5.682999e-02 
 3.812398e+01 -5.617828e-02 
 3.812438e+01 -5.515510e-02 
 3.812477e+01 -5.380838e-02 
 3.812517e+01 -5.221794e-02 
 3.812557e+01 -5.040149e-02 
 3.812597e+01 -4.846673e-02 
 3.812636e+01 -4.644601e-02 
 3.812676e+01 -4.436622e-02 
 3.812716e+01 -4.233339e-02 
 3.812756e+01 -4.034080e-02 
 3.812795e+01 -3.834432e-02 
 3.812835e+01 -3.637596e-02 
 3.812875e+01 -3.443259e-02 
 3.812915e+01 -3.237118e-02 
 3.812955e+01 -3.023977e-02 
 3.812994e+01 -2.811607e-02 
 3.813034e+01 -2.582218e-02 
 3.813074e+01 -2.340601e-02 
 3.813114e+01 -2.084237e-02 
 3.813153e+01 -1.808518e-02 
 3.813193e+01 -1.501961e-02 
 3.813233e+01 -1.165600e-02 
 3.813273e+01 -8.091206e-03 
 3.813312e+01 -4.297801e-03 
 3.813352e+01 -3.437513e-04 
 3.813392e+01  3.558510e-03 
 3.813432e+01  7.464530e-03 
 3.813472e+01  1.127326e-02 
 3.813511e+01  1.501872e-02 
 3.813551e+01  1.857696e-02 
 3.813591e+01  2.185905e-02 
 3.813631e+01  2.484791e-02 
 3.813670e+01  2.752307e-02 
 3.813710e+01  2.980922e-02 
 3.813750e+01  3.184858e-02 
 3.813790e+01  3.351802e-02 
 3.813829e+01  3.487546e-02 
 3.813869e+01  3.605206e-02 
 3.813909e+01  3.706028e-02 
 3.813949e+01  3.805642e-02 
 3.813989e+01  3.907681e-02 
 3.814028e+01  4.008855e-02 
 3.814068e+01  4.114616e-02 
 3.814108e+01  4.234030e-02 
 3.814148e+01  4.359906e-02 
 3.814187e+01  4.495548e-02 
 3.814227e+01  4.623832e-02 
 3.814267e+01  4.750692e-02 
 3.814307e+01  4.869735e-02 
 3.814346e+01  4.989321e-02 
 3.814386e+01  5.104154e-02 
 3.814426e+01  5.219060e-02 
 3.814466e+01  5.323315e-02 
 3.814506e+01  5.405213e-02 
 3.814545e+01  5.477810e-02 
 3.814585e+01  5.531950e-02 
 3.814625e+01  5.565748e-02 
 3.814665e+01  5.585269e-02 
 3.814704e+01  5.592374e-02 
 3.814744e+01  5.588103e-02 
 3.814784e+01  5.592474e-02 
 3.814824e+01  5.606707e-02 
 3.814863e+01  5.643488e-02 
 3.814903e+01  5.691771e-02 
 3.814943e+01  5.760136e-02 
 3.814983e+01  5.853742e-02 
 3.815023e+01  5.970833e-02 
 3.815062e+01  6.119809e-02 
 3.815102e+01  6.295187e-02 
 3.815142e+01  6.484356e-02 
 3.815182e+01  6.690269e-02 
 3.815221e+01  6.903014e-02 
 3.815261e+01  7.119460e-02 
 3.815301e+01  7.334729e-02 
 3.815341e+01  7.541002e-02 
 3.815380e+01  7.734664e-02 
 3.815420e+01  7.913893e-02 
 3.815460e+01  8.072218e-02 
 3.815500e+01  8.221782e-02 
 3.815540e+01  8.355845e-02 
 3.815579e+01  8.473093e-02 
 3.815619e+01  8.584245e-02 
 3.815659e+01  8.686020e-02 
 3.815699e+01  8.784129e-02 
 3.815738e+01  8.886028e-02 
 3.815778e+01  8.990571e-02 
 3.815818e+01  9.112311e-02 
 3.815858e+01  9.237623e-02 
 3.815898e+01  9.372036e-02 
 3.815937e+01  9.520213e-02 
 3.815977e+01  9.667392e-02 
 3.816017e+01  9.823125e-02 
 3.816057e+01  9.986217e-02 
 3.816096e+01  1.013641e-01 
 3.816136e+01  1.026626e-01 
 3.816176e+01  1.038199e-01 
 3.816216e+01  1.047728e-01 
 3.816255e+01  1.055099e-01 
 3.816295e+01  1.061114e-01 
 3.816335e+01  1.065184e-01 
 3.816375e+01  1.065990e-01 
 3.816415e+01  1.064926e-01 
 3.816454e+01  1.062459e-01 
 3.816494e+01  1.058348e-01 
 3.816534e+01  1.052525e-01 
 3.816574e+01  1.045125e-01 
 3.816613e+01  1.036199e-01 
 3.816653e+01  1.025834e-01 
 3.816693e+01  1.014301e-01 
 3.816733e+01  1.003304e-01 
 3.816772e+01  9.923081e-02 
 3.816812e+01  9.806923e-02 
 3.816852e+01  9.695217e-02 
 3.816892e+01  9.581208e-02 
 3.816932e+01  9.470998e-02 
 3.816971e+01  9.357696e-02 
 3.817011e+01  9.236787e-02 
 3.817051e+01  9.108397e-02 
 3.817091e+01  8.960686e-02 
 3.817130e+01  8.795121e-02 
 3.817170e+01  8.608513e-02 
 3.817210e+01  8.400082e-02 
 3.817250e+01  8.172859e-02 
 3.817289e+01  7.933701e-02 
 3.817329e+01  7.684709e-02 
 3.817369e+01  7.430623e-02 
 3.817409e+01  7.185721e-02 
 3.817449e+01  6.938797e-02 
 3.817488e+01  6.701484e-02 
 3.817528e+01  6.483036e-02 
 3.817568e+01  6.282227e-02 
 3.817608e+01  6.087622e-02 
 3.817647e+01  5.911225e-02 
 3.817687e+01  5.741839e-02 
 3.817727e+01  5.591252e-02 
 3.817767e+01  5.447555e-02 
 3.817806e+01  5.322982e-02 
 3.817846e+01  5.202487e-02 
 3.817886e+01  5.090696e-02 
 3.817926e+01  4.990011e-02 
 3.817966e+01  4.904443e-02 
 3.818005e+01  4.823014e-02 
 3.818045e+01  4.746027e-02 
 3.818085e+01  4.663817e-02 
 3.818125e+01  4.570723e-02 
 3.818164e+01  4.477804e-02 
 3.818204e+01  4.371405e-02 
 3.818244e+01  4.255119e-02 
 3.818284e+01  4.148189e-02 
 3.818323e+01  4.038621e-02 
 3.818363e+01  3.939670e-02 
 3.818403e+01  3.852978e-02 
 3.818443e+01  3.776777e-02 
 3.818483e+01  3.701212e-02 
 3.818522e+01  3.627702e-02 
 3.818562e+01  3.544590e-02 
 3.818602e+01  3.456861e-02 
 3.818642e+01  3.359029e-02 
 3.818681e+01  3.255676e-02 
 3.818721e+01  3.137230e-02 
 3.818761e+01  3.003333e-02 
 3.818801e+01  2.856788e-02 
 3.818840e+01  2.688566e-02 
 3.818880e+01  2.508603e-02 
 3.818920e+01  2.317003e-02 
 3.818960e+01  2.115448e-02 
 3.819000e+01  1.889494e-02 
 3.819039e+01  1.650907e-02 
 3.819079e+01  1.398228e-02 
 3.819119e+01  1.134138e-02 
 3.819159e+01  8.707611e-03 
 3.819198e+01  6.060710e-03 
 3.819238e+01  3.427885e-03 
 3.819278e+01  7.975318e-04 
 3.819318e+01 -1.806184e-03 
 3.819357e+01 -4.229878e-03 
 3.819397e+01 -6.521272e-03 
 3.819437e+01 -8.584243e-03 
 3.819477e+01 -1.061447e-02 
 3.819517e+01 -1.258359e-02 
 3.819556e+01 -1.453570e-02 
 3.819596e+01 -1.643204e-02 
 3.819636e+01 -1.829047e-02 
 3.819676e+01 -2.023022e-02 
 3.819715e+01 -2.224145e-02 
 3.819755e+01 -2.443691e-02 
 3.819795e+01 -2.667448e-02 
 3.819835e+01 -2.876707e-02 
 3.819874e+01 -3.073809e-02 
 3.819914e+01 -3.263224e-02 
 3.819954e+01 -3.444195e-02 
 3.819994e+01 -3.615857e-02 
 3.820034e+01 -3.771674e-02 
 3.820073e+01 -3.914940e-02 
 3.820113e+01 -4.041166e-02 
 3.820153e+01 -4.152078e-02 
 3.820193e+01 -4.256890e-02 
 3.820232e+01 -4.352017e-02 
 3.820272e+01 -4.425843e-02 
 3.820312e+01 -4.486894e-02 
 3.820352e+01 -4.532492e-02 
 3.820391e+01 -4.578852e-02 
 3.820431e+01 -4.627888e-02 
 3.820471e+01 -4.682548e-02 
 3.820511e+01 -4.743884e-02 
 3.820551e+01 -4.808329e-02 
 3.820590e+01 -4.891993e-02 
 3.820630e+01 -4.985942e-02 
 3.820670e+01 -5.095713e-02 
 3.820710e+01 -5.214688e-02 
 3.820749e+01 -5.333780e-02 
 3.820789e+01 -5.448589e-02 
 3.820829e+01 -5.546685e-02 
 3.820869e+01 -5.637052e-02 
 3.820908e+01 -5.705711e-02 
 3.820948e+01 -5.753663e-02 
 3.820988e+01 -5.774908e-02 
 3.821028e+01 -5.779660e-02 
 3.821068e+01 -5.770206e-02 
 3.821107e+01 -5.742034e-02 
 3.821147e+01 -5.709361e-02 
 3.821187e+01 -5.671272e-02 
 3.821227e+01 -5.620509e-02 
 3.821266e+01 -5.564172e-02 
 3.821306e+01 -5.501007e-02 
 3.821346e+01 -5.430475e-02 
 3.821386e+01 -5.351516e-02 
 3.821425e+01 -5.280271e-02 
 3.821465e+01 -5.219680e-02 
 3.821505e+01 -5.167791e-02 
 3.821545e+01 -5.133879e-02 
 3.821585e+01 -5.104940e-02 
 3.821624e+01 -5.099224e-02 
 3.821664e+01 -5.094782e-02 
 3.821704e+01 -5.103566e-02 
 3.821744e+01 -5.099533e-02 
 3.821783e+01 -5.081533e-02 
 3.821823e+01 -5.042432e-02 
 3.821863e+01 -4.976657e-02 
 3.821903e+01 -4.886157e-02 
 3.821942e+01 -4.783959e-02 
 3.821982e+01 -4.660526e-02 
 3.822022e+01 -4.531427e-02 
 3.822062e+01 -4.391730e-02 
 3.822102e+01 -4.256854e-02 
 3.822141e+01 -4.132690e-02 
 3.822181e+01 -4.016612e-02 
 3.822221e+01 -3.904651e-02 
 3.822261e+01 -3.805546e-02 
 3.822300e+01 -3.715308e-02 
 3.822340e+01 -3.629347e-02 
 3.822380e+01 -3.556914e-02 
 3.822420e+01 -3.498104e-02 
 3.822459e+01 -3.445365e-02 
 3.822499e+01 -3.389573e-02 
 3.822539e+01 -3.340444e-02 
 3.822579e+01 -3.292189e-02 
 3.822619e+01 -3.245401e-02 
 3.822658e+01 -3.195258e-02 
 3.822698e+01 -3.134737e-02 
 3.822738e+01 -3.053612e-02 
 3.822778e+01 -2.947463e-02 
 3.822817e+01 -2.821547e-02 
 3.822857e+01 -2.670799e-02 
 3.822897e+01 -2.491189e-02 
 3.822937e+01 -2.296883e-02 
 3.822976e+01 -2.083515e-02 
 3.823016e+01 -1.862530e-02 
 3.823056e+01 -1.641278e-02 
 3.823096e+01 -1.421387e-02 
 3.823136e+01 -1.210043e-02 
 3.823175e+01 -1.005683e-02 
 3.823215e+01 -8.084240e-03 
 3.823255e+01 -6.178987e-03 
 3.823295e+01 -4.403219e-03 
 3.823334e+01 -2.766015e-03 
 3.823374e+01 -1.232142e-03 
 3.823414e+01  2.728881e-04 
 3.823454e+01  1.841290e-03 
 3.823493e+01  3.406996e-03 
 3.823533e+01  5.010258e-03 
 3.823573e+01  6.608829e-03 
 3.823613e+01  8.230591e-03 
 3.823653e+01  9.959901e-03 
 3.823692e+01  1.193693e-02 
 3.823732e+01  1.411348e-02 
 3.823772e+01  1.647455e-02 
 3.823812e+01  1.897416e-02 
 3.823851e+01  2.157922e-02 
 3.823891e+01  2.433313e-02 
 3.823931e+01  2.709431e-02 
 3.823971e+01  2.982110e-02 
 3.824010e+01  3.232170e-02 
 3.824050e+01  3.452786e-02 
 3.824090e+01  3.649408e-02 
 3.824130e+01  3.823715e-02 
 3.824170e+01  3.982284e-02 
 3.824209e+01  4.122956e-02 
 3.824249e+01  4.246508e-02 
 3.824289e+01  4.359350e-02 
 3.824329e+01  4.464079e-02 
 3.824368e+01  4.580875e-02 
 3.824408e+01  4.695718e-02 
 3.824448e+01  4.811954e-02 
 3.824488e+01  4.928103e-02 
 3.824527e+01  5.045284e-02 
 3.824567e+01  5.176386e-02 
 3.824607e+01  5.317774e-02 
 3.824647e+01  5.474004e-02 
 3.824687e+01  5.637281e-02 
 3.824726e+01  5.804535e-02 
 3.824766e+01  5.983194e-02 
 3.824806e+01  6.167746e-02 
 3.824846e+01  6.349668e-02 
 3.824885e+01  6.525033e-02 
 3.824925e+01  6.687270e-02 
 3.824965e+01  6.840014e-02 
 3.825005e+01  6.977088e-02 
 3.825045e+01  7.105945e-02 
 3.825084e+01  7.219923e-02 
 3.825124e+01  7.324207e-02 
 3.825164e+01  7.414837e-02 
 3.825204e+01  7.509552e-02 
 3.825243e+01  7.606206e-02 
 3.825283e+01  7.714464e-02 
 3.825323e+01  7.828582e-02 
 3.825363e+01  7.948612e-02 
 3.825402e+01  8.078651e-02 
 3.825442e+01  8.211151e-02 
 3.825482e+01  8.351092e-02 
 3.825522e+01  8.490438e-02 
 3.825562e+01  8.626509e-02 
 3.825601e+01  8.760345e-02 
 3.825641e+01  8.892540e-02 
 3.825681e+01  9.021937e-02 
 3.825721e+01  9.145360e-02 
 3.825760e+01  9.265179e-02 
 3.825800e+01  9.377226e-02 
 3.825840e+01  9.476287e-02 
 3.825880e+01  9.557492e-02 
 3.825919e+01  9.623467e-02 
 3.825959e+01  9.666585e-02 
 3.825999e+01  9.688959e-02 
 3.826039e+01  9.699134e-02 
 3.826079e+01  9.699643e-02 
 3.826118e+01  9.691280e-02 
 3.826158e+01  9.682157e-02 
 3.826198e+01  9.672095e-02 
 3.826238e+01  9.657984e-02 
 3.826277e+01  9.652802e-02 
 3.826317e+01  9.647053e-02 
 3.826357e+01  9.638557e-02 
 3.826397e+01  9.636502e-02 
 3.826436e+01  9.636717e-02 
 3.826476e+01  9.629952e-02 
 3.826516e+01  9.619900e-02 
 3.826556e+01  9.598999e-02 
 3.826596e+01  9.567265e-02 
 3.826635e+01  9.509551e-02 
 3.826675e+01  9.447170e-02 
 3.826715e+01  9.364979e-02 
 3.826755e+01  9.273818e-02 
 3.826794e+01  9.173294e-02 
 3.826834e+01  9.068583e-02 
 3.826874e+01  8.961071e-02 
 3.826914e+01  8.849622e-02 
 3.826953e+01  8.741439e-02 
 3.826993e+01  8.631615e-02 
 3.827033e+01  8.526697e-02 
 3.827073e+01  8.430466e-02 
 3.827113e+01  8.331739e-02 
 3.827152e+01  8.237328e-02 
 3.827192e+01  8.143187e-02 
 3.827232e+01  8.050055e-02 
 3.827272e+01  7.967173e-02 
 3.827311e+01  7.890200e-02 
 3.827351e+01  7.820085e-02 
 3.827391e+01  7.738253e-02 
 3.827431e+01  7.641810e-02 
 3.827470e+01  7.548124e-02 
 3.827510e+01  7.433233e-02 
 3.827550e+01  7.309064e-02 
 3.827590e+01  7.166714e-02 
 3.827630e+01  7.004420e-02 
 3.827669e+01  6.828571e-02 
 3.827709e+01  6.652556e-02 
 3.827749e+01  6.484447e-02 
 3.827789e+01  6.314151e-02 
 3.827828e+01  6.144522e-02 
 3.827868e+01  5.974088e-02 
 3.827908e+01  5.811238e-02 
 3.827948e+01  5.663215e-02 
 3.827987e+01  5.528133e-02 
 3.828027e+01  5.410503e-02 
 3.828067e+01  5.285795e-02 
 3.828107e+01  5.168274e-02 
 3.828147e+01  5.050355e-02 
 3.828186e+01  4.938333e-02 
 3.828226e+01  4.829269e-02 
 3.828266e+01  4.720827e-02 
 3.828306e+01  4.603881e-02 
 3.828345e+01  4.472101e-02 
 3.828385e+01  4.325433e-02 
 3.828425e+01  4.170563e-02 
 3.828465e+01  3.997260e-02 
 3.828504e+01  3.813264e-02 
 3.828544e+01  3.615354e-02 
 3.828584e+01  3.416651e-02 
 3.828624e+01  3.220532e-02 
 3.828664e+01  3.028853e-02 
 3.828703e+01  2.851796e-02 
 3.828743e+01  2.673177e-02 
 3.828783e+01  2.502235e-02 
 3.828823e+01  2.334930e-02 
 3.828862e+01  2.170840e-02 
 3.828902e+01  2.013647e-02 
 3.828942e+01  1.855239e-02 
 3.828982e+01  1.693448e-02 
 3.829021e+01  1.525098e-02 
 3.829061e+01  1.346318e-02 
 3.829101e+01  1.156465e-02 
 3.829141e+01  9.525324e-03 
 3.829181e+01  7.405046e-03 
 3.829220e+01  5.031960e-03 
 3.829260e+01  2.569445e-03 
 3.829300e+01 -5.210965e-05 
 3.829340e+01 -2.802652e-03 
 3.829379e+01 -5.595729e-03 
 3.829419e+01 -8.482050e-03 
 3.829459e+01 -1.139479e-02 
 3.829499e+01 -1.434742e-02 
 3.829538e+01 -1.722850e-02 
 3.829578e+01 -1.996211e-02 
 3.829618e+01 -2.255357e-02 
 3.829658e+01 -2.491527e-02 
 3.829698e+01 -2.705385e-02 
 3.829737e+01 -2.903821e-02 
 3.829777e+01 -3.069816e-02 
 3.829817e+01 -3.210701e-02 
 3.829857e+01 -3.331821e-02 
 3.829896e+01 -3.442106e-02 
 3.829936e+01 -3.547057e-02 
 3.829976e+01 -3.650194e-02 
 3.830016e+01 -3.756489e-02 
 3.830055e+01 -3.864069e-02 
 3.830095e+01 -3.974760e-02 
 3.830135e+01 -4.089385e-02 
 3.830175e+01 -4.215958e-02 
 3.830215e+01 -4.347340e-02 
 3.830254e+01 -4.483614e-02 
 3.830294e+01 -4.621136e-02 
 3.830334e+01 -4.757068e-02 
 3.830374e+01 -4.885298e-02 
 3.830413e+01 -5.004103e-02 
 3.830453e+01 -5.100371e-02 
 3.830493e+01 -5.171623e-02 
 3.830533e+01 -5.219336e-02 
 3.830572e+01 -5.235391e-02 
 3.830612e+01 -5.225271e-02 
 3.830652e+01 -5.191838e-02 
 3.830692e+01 -5.138226e-02 
 3.830732e+01 -5.075629e-02 
 3.830771e+01 -5.003210e-02 
 3.830811e+01 -4.939093e-02 
 3.830851e+01 -4.878221e-02 
 3.830891e+01 -4.829209e-02 
 3.830930e+01 -4.789725e-02 
 3.830970e+01 -4.771784e-02 
 3.831010e+01 -4.779260e-02 
 3.831050e+01 -4.815034e-02 
 3.831089e+01 -4.867897e-02 
 3.831129e+01 -4.940520e-02 
 3.831169e+01 -5.018352e-02 
 3.831209e+01 -5.109152e-02 
 3.831249e+01 -5.202073e-02 
 3.831288e+01 -5.293596e-02 
 3.831328e+01 -5.367010e-02 
 3.831368e+01 -5.421585e-02 
 3.831408e+01 -5.450511e-02 
 3.831447e+01 -5.468300e-02 
 3.831487e+01 -5.465150e-02 
 3.831527e+01 -5.440699e-02 
 3.831567e+01 -5.386143e-02 
 3.831606e+01 -5.318588e-02 
 3.831646e+01 -5.238853e-02 
 3.831686e+01 -5.161071e-02 
 3.831726e+01 -5.096469e-02 
 3.831766e+01 -5.047511e-02 
 3.831805e+01 -5.005263e-02 
 3.831845e+01 -4.977606e-02 
 3.831885e+01 -4.970564e-02 
 3.831925e+01 -4.986346e-02 
 3.831964e+01 -5.020763e-02 
 3.832004e+01 -5.062955e-02 
 3.832044e+01 -5.116414e-02 
 3.832084e+01 -5.158063e-02 
 3.832123e+01 -5.211740e-02 
 3.832163e+01 -5.263144e-02 
 3.832203e+01 -5.306896e-02 
 3.832243e+01 -5.333957e-02 
 3.832283e+01 -5.336964e-02 
 3.832322e+01 -5.316984e-02 
 3.832362e+01 -5.276908e-02 
 3.832402e+01 -5.211546e-02 
 3.832442e+01 -5.119903e-02 
 3.832481e+01 -4.984035e-02 
 3.832521e+01 -4.818239e-02 
 3.832561e+01 -4.633378e-02 
 3.832601e+01 -4.430586e-02 
 3.832640e+01 -4.229786e-02 
 3.832680e+01 -4.032958e-02 
 3.832720e+01 -3.843129e-02 
 3.832760e+01 -3.669420e-02 
 3.832800e+01 -3.507322e-02 
 3.832839e+01 -3.356776e-02 
 3.832879e+01 -3.216453e-02 
 3.832919e+01 -3.080861e-02 
 3.832959e+01 -2.946828e-02 
 3.832998e+01 -2.807679e-02 
 3.833038e+01 -2.650015e-02 
 3.833078e+01 -2.481454e-02 
 3.833118e+01 -2.296693e-02 
 3.833157e+01 -2.089575e-02 
 3.833197e+01 -1.866285e-02 
 3.833237e+01 -1.617044e-02 
 3.833277e+01 -1.349133e-02 
 3.833317e+01 -1.059655e-02 
 3.833356e+01 -7.519185e-03 
 3.833396e+01 -4.229646e-03 
 3.833436e+01 -8.275229e-04 
 3.833476e+01  2.757112e-03 
 3.833515e+01  6.303453e-03 
 3.833555e+01  9.745231e-03 
 3.833595e+01  1.304015e-02 
 3.833635e+01  1.609729e-02 
 3.833674e+01  1.891004e-02 
 3.833714e+01  2.154502e-02 
 3.833754e+01  2.396293e-02 
 3.833794e+01  2.616164e-02 
 3.833834e+01  2.806695e-02 
 3.833873e+01  2.981953e-02 
 3.833913e+01  3.142822e-02 
 3.833953e+01  3.288134e-02 
 3.833993e+01  3.430388e-02 
 3.834032e+01  3.570413e-02 
 3.834072e+01  3.707125e-02 
 3.834112e+01  3.856005e-02 
 3.834152e+01  4.017601e-02 
 3.834192e+01  4.186987e-02 
 3.834231e+01  4.348792e-02 
 3.834271e+01  4.510348e-02 
 3.834311e+01  4.669883e-02 
 3.834351e+01  4.820498e-02 
 3.834390e+01  4.970824e-02 
 3.834430e+01  5.116833e-02 
 3.834470e+01  5.244897e-02 
 3.834510e+01  5.361184e-02 
 3.834549e+01  5.471475e-02 
 3.834589e+01  5.563437e-02 
 3.834629e+01  5.641230e-02 
 3.834669e+01  5.691305e-02 
 3.834709e+01  5.730236e-02 
 3.834748e+01  5.754876e-02 
 3.834788e+01  5.775095e-02 
 3.834828e+01  5.791926e-02 
 3.834868e+01  5.812719e-02 
 3.834907e+01  5.849737e-02 
 3.834947e+01  5.906642e-02 
 3.834987e+01  5.993152e-02 
 3.835027e+01  6.100604e-02 
 3.835066e+01  6.223124e-02 
 3.835106e+01  6.349494e-02 
 3.835146e+01  6.486879e-02 
 3.835186e+01  6.626600e-02 
 3.835226e+01  6.776458e-02 
 3.835265e+01  6.926479e-02 
 3.835305e+01  7.076970e-02 
 3.835345e+01  7.227030e-02 
 3.835385e+01  7.381104e-02 
 3.835424e+01  7.543113e-02 
 3.835464e+01  7.709826e-02 
 3.835504e+01  7.868463e-02 
 3.835544e+01  8.021054e-02 
 3.835583e+01  8.157830e-02 
 3.835623e+01  8.296524e-02 
 3.835663e+01  8.426767e-02 
 3.835703e+01  8.560915e-02 
 3.835743e+01  8.688094e-02 
 3.835782e+01  8.807461e-02 
 3.835822e+01  8.936777e-02 
 3.835862e+01  9.071332e-02 
 3.835902e+01  9.222054e-02 
 3.835941e+01  9.383804e-02 
 3.835981e+01  9.543317e-02 
 3.836021e+01  9.712802e-02 
 3.836061e+01  9.864902e-02 
 3.836100e+01  1.002202e-01 
 3.836140e+01  1.015862e-01 
 3.836180e+01  1.027260e-01 
 3.836220e+01  1.036136e-01 
 3.836260e+01  1.042167e-01 
 3.836299e+01  1.047091e-01 
 3.836339e+01  1.050003e-01 
 3.836379e+01  1.052132e-01 
 3.836419e+01  1.053506e-01 
 3.836458e+01  1.053235e-01 
 3.836498e+01  1.052279e-01 
 3.836538e+01  1.050192e-01 
 3.836578e+01  1.046932e-01 
 3.836617e+01  1.042502e-01 
 3.836657e+01  1.037739e-01 
 3.836697e+01  1.031091e-01 
 3.836737e+01  1.022840e-01 
 3.836777e+01  1.015337e-01 
 3.836816e+01  1.007070e-01 
 3.836856e+01  9.989034e-02 
 3.836896e+01  9.905177e-02 
 3.836936e+01  9.809669e-02 
 3.836975e+01  9.697540e-02 
 3.837015e+01  9.570797e-02 
 3.837055e+01  9.430541e-02 
 3.837095e+01  9.267620e-02 
 3.837134e+01  9.075380e-02 
 3.837174e+01  8.858065e-02 
 3.837214e+01  8.623519e-02 
 3.837254e+01  8.384150e-02 
 3.837294e+01  8.143608e-02 
 3.837333e+01  7.919987e-02 
 3.837373e+01  7.700422e-02 
 3.837413e+01  7.492079e-02 
 3.837453e+01  7.292094e-02 
 3.837492e+01  7.102753e-02 
 3.837532e+01  6.931138e-02 
 3.837572e+01  6.765212e-02 
 3.837612e+01  6.598671e-02 
 3.837651e+01  6.436108e-02 
 3.837691e+01  6.272635e-02 
 3.837731e+01  6.111080e-02 
 3.837771e+01  5.958230e-02 
 3.837811e+01  5.799698e-02 
 3.837850e+01  5.641903e-02 
 3.837890e+01  5.472579e-02 
 3.837930e+01  5.299690e-02 
 3.837970e+01  5.133155e-02 
 3.838009e+01  4.969992e-02 
 3.838049e+01  4.797666e-02 
 3.838089e+01  4.625882e-02 
 3.838129e+01  4.449460e-02 
 3.838168e+01  4.288479e-02 
 3.838208e+01  4.135194e-02 
 3.838248e+01  3.997373e-02 
 3.838288e+01  3.877470e-02 
 3.838328e+01  3.771353e-02 
 3.838367e+01  3.677297e-02 
 3.838407e+01  3.598807e-02 
 3.838447e+01  3.538040e-02 
 3.838487e+01  3.482324e-02 
 3.838526e+01  3.437806e-02 
 3.838566e+01  3.389728e-02 
 3.838606e+01  3.327549e-02 
 3.838646e+01  3.254966e-02 
 3.838685e+01  3.161893e-02 
 3.838725e+01  3.053788e-02 
 3.838765e+01  2.926450e-02 
 3.838805e+01  2.783224e-02 
 3.838845e+01  2.621737e-02 
 3.838884e+01  2.454390e-02 
 3.838924e+01  2.281659e-02 
 3.838964e+01  2.098647e-02 
 3.839004e+01  1.909921e-02 
 3.839043e+01  1.703893e-02 
 3.839083e+01  1.492526e-02 
 3.839123e+01  1.269816e-02 
 3.839163e+01  1.046627e-02 
 3.839202e+01  8.372344e-03 
 3.839242e+01  6.410487e-03 
 3.839282e+01  4.628398e-03 
 3.839322e+01  3.074990e-03 
 3.839362e+01  1.557168e-03 
 3.839401e+01  1.385925e-04 
 3.839441e+01 -1.329939e-03 
 3.839481e+01 -2.815782e-03 
 3.839521e+01 -4.486768e-03 
 3.839560e+01 -6.384273e-03 
 3.839600e+01 -8.603380e-03 
 3.839640e+01 -1.112664e-02 
 3.839680e+01 -1.390054e-02 
 3.839719e+01 -1.683645e-02 
 3.839759e+01 -1.992475e-02 
 3.839799e+01 -2.310537e-02 
 3.839839e+01 -2.638708e-02 
 3.839879e+01 -2.952208e-02 
 3.839918e+01 -3.266314e-02 
 3.839958e+01 -3.558091e-02 
 3.839998e+01 -3.832790e-02 
 3.840038e+01 -4.088613e-02 
 3.840077e+01 -4.320037e-02 
 3.840117e+01 -4.536895e-02 
 3.840157e+01 -4.728308e-02 
 3.840197e+01 -4.892485e-02 
 3.840236e+01 -5.041476e-02 
 3.840276e+01 -5.165235e-02 
 3.840316e+01 -5.274149e-02 
 3.840356e+01 -5.372731e-02 
 3.840396e+01 -5.452962e-02 
 3.840435e+01 -5.531647e-02 
 3.840475e+01 -5.606444e-02 
 3.840515e+01 -5.693522e-02 
 3.840555e+01 -5.797294e-02 
 3.840594e+01 -5.917298e-02 
 3.840634e+01 -6.052106e-02 
 3.840674e+01 -6.196143e-02 
 3.840714e+01 -6.336713e-02 
 3.840753e+01 -6.470573e-02 
 3.840793e+01 -6.592798e-02 
 3.840833e+01 -6.680705e-02 
 3.840873e+01 -6.732709e-02 
 3.840913e+01 -6.746328e-02 
 3.840952e+01 -6.722239e-02 
 3.840992e+01 -6.665884e-02 
 3.841032e+01 -6.586823e-02 
 3.841072e+01 -6.484306e-02 
 3.841111e+01 -6.350500e-02 
 3.841151e+01 -6.194374e-02 
 3.841191e+01 -6.020974e-02 
 3.841231e+01 -5.845323e-02 
 3.841270e+01 -5.666957e-02 
 3.841310e+01 -5.491081e-02 
 3.841350e+01 -5.321443e-02 
 3.841390e+01 -5.157779e-02 
 3.841430e+01 -5.018406e-02 
 3.841469e+01 -4.915354e-02 
 3.841509e+01 -4.850494e-02 
 3.841549e+01 -4.809624e-02 
 3.841589e+01 -4.796647e-02 
 3.841628e+01 -4.799513e-02 
 3.841668e+01 -4.820228e-02 
 3.841708e+01 -4.855966e-02 
 3.841748e+01 -4.886924e-02 
 3.841787e+01 -4.898729e-02 
 3.841827e+01 -4.879794e-02 
 3.841867e+01 -4.839242e-02 
 3.841907e+01 -4.778575e-02 
 3.841947e+01 -4.702347e-02 
 3.841986e+01 -4.618833e-02 
 3.842026e+01 -4.514077e-02 
 3.842066e+01 -4.407209e-02 
 3.842106e+01 -4.299958e-02 
 3.842145e+01 -4.198183e-02 
 3.842185e+01 -4.109413e-02 
 3.842225e+01 -4.030617e-02 
 3.842265e+01 -3.956011e-02 
 3.842304e+01 -3.902980e-02 
 3.842344e+01 -3.856620e-02 
 3.842384e+01 -3.840579e-02 
 3.842424e+01 -3.839299e-02 
 3.842464e+01 -3.857864e-02 
 3.842503e+01 -3.883889e-02 
 3.842543e+01 -3.921484e-02 
 3.842583e+01 -3.966187e-02 
 3.842623e+01 -4.000816e-02 
 3.842662e+01 -4.027243e-02 
 3.842702e+01 -4.019183e-02 
 3.842742e+01 -3.976316e-02 
 3.842782e+01 -3.896029e-02 
 3.842821e+01 -3.776691e-02 
 3.842861e+01 -3.623437e-02 
 3.842901e+01 -3.442043e-02 
 3.842941e+01 -3.237003e-02 
 3.842981e+01 -3.020082e-02 
 3.843020e+01 -2.799534e-02 
 3.843060e+01 -2.573756e-02 
 3.843100e+01 -2.351549e-02 
 3.843140e+01 -2.135983e-02 
 3.843179e+01 -1.928966e-02 
 3.843219e+01 -1.728836e-02 
 3.843259e+01 -1.533595e-02 
 3.843299e+01 -1.340608e-02 
 3.843339e+01 -1.153335e-02 
 3.843378e+01 -9.744934e-03 
 3.843418e+01 -8.068509e-03 
 3.843458e+01 -6.440609e-03 
 3.843498e+01 -4.754360e-03 
 3.843537e+01 -3.014074e-03 
 3.843577e+01 -1.151073e-03 
 3.843617e+01  8.713918e-04 
 3.843657e+01  3.151673e-03 
 3.843696e+01  5.758058e-03 
 3.843736e+01  8.655438e-03 
 3.843776e+01  1.182655e-02 
 3.843816e+01  1.514844e-02 
 3.843856e+01  1.854106e-02 
 3.843895e+01  2.199371e-02 
 3.843935e+01  2.538893e-02 
 3.843975e+01  2.866350e-02 
 3.844015e+01  3.179871e-02 
 3.844054e+01  3.479362e-02 
 3.844094e+01  3.759876e-02 
 3.844134e+01  4.025110e-02 
 3.844174e+01  4.274623e-02 
 3.844213e+01  4.506195e-02 
 3.844253e+01  4.734074e-02 
 3.844293e+01  4.947671e-02 
 3.844333e+01  5.159075e-02 
 3.844373e+01  5.367209e-02 
 3.844412e+01  5.560385e-02 
 3.844452e+01  5.753602e-02 
 3.844492e+01  5.933594e-02 
 3.844532e+01  6.108409e-02 
 3.844571e+01  6.281832e-02 
 3.844611e+01  6.441606e-02 
 3.844651e+01  6.600534e-02 
