Run22_FR76_s1p00_2_fixed_record
75	0
0.000000	0.000000000e+00
0.005000	2.373719105e-03
0.010000	4.555133605e-03
0.015000	6.367518271e-03
0.020000	7.664044476e-03
0.025000	8.339675377e-03
0.030000	8.339675377e-03
0.035000	7.664044476e-03
0.040000	6.367518271e-03
0.045000	4.555133605e-03
0.050000	2.373719105e-03
0.055000	1.031818096e-18
0.060000	-2.373719105e-03
0.065000	-4.555133605e-03
0.070000	-6.367518271e-03
0.075000	-7.664044476e-03
0.080000	-8.339675377e-03
0.085000	-8.339675377e-03
0.090000	-7.664044476e-03
0.095000	-6.367518271e-03
0.100000	-4.555133605e-03
0.105000	-2.373719105e-03
0.110000	-2.063636192e-18
0.115000	1.624760626e-02
0.120000	3.225828584e-02
0.125000	4.779856697e-02
0.130000	6.264183736e-02
0.135000	7.657164870e-02
0.140000	8.938487298e-02
0.145000	1.008946645e-01
0.150000	1.109331847e-01
0.155000	1.193540492e-01
0.160000	1.260344629e-01
0.165000	1.308770104e-01
0.170000	1.338110763e-01
0.175000	1.347938754e-01
0.180000	1.338110763e-01
0.185000	1.308770104e-01
0.190000	1.260344629e-01
0.195000	1.193540492e-01
0.200000	1.109331847e-01
0.205000	1.008946645e-01
0.210000	8.938487298e-02
0.215000	7.657164870e-02
0.220000	6.264183736e-02
0.225000	4.779856697e-02
0.230000	3.225828584e-02
0.235000	1.624760626e-02
0.240000	1.650748881e-17
0.245000	-1.624760626e-02
0.250000	-3.225828584e-02
0.255000	-4.779856697e-02
0.260000	-6.264183736e-02
0.265000	-7.657164870e-02
0.270000	-8.938487298e-02
0.275000	-1.008946645e-01
0.280000	-1.109331847e-01
0.285000	-1.193540492e-01
0.290000	-1.260344629e-01
0.295000	-1.308770104e-01
0.300000	-1.338110763e-01
0.305000	-1.347938754e-01
0.310000	-1.338110763e-01
0.315000	-1.308770104e-01
0.320000	-1.260344629e-01
0.325000	-1.193540492e-01
0.330000	-1.109331847e-01
0.335000	-1.008946645e-01
0.340000	-8.938487298e-02
0.345000	-7.657164870e-02
0.350000	-6.264183736e-02
0.355000	-4.779856697e-02
0.360000	-3.225828584e-02
0.365000	-1.624760626e-02
0.370000	-3.301497762e-17
