Run23_FR76_s1p50_2_fixed_record
75	0
0.000000	0.000000000e+00
0.005000	3.560578657e-03
0.010000	6.832700408e-03
0.015000	9.551277406e-03
0.020000	1.149606671e-02
0.025000	1.250951306e-02
0.030000	1.250951306e-02
0.035000	1.149606671e-02
0.040000	9.551277406e-03
0.045000	6.832700408e-03
0.050000	3.560578657e-03
0.055000	1.547727144e-18
0.060000	-3.560578657e-03
0.065000	-6.832700408e-03
0.070000	-9.551277406e-03
0.075000	-1.149606671e-02
0.080000	-1.250951306e-02
0.085000	-1.250951306e-02
0.090000	-1.149606671e-02
0.095000	-9.551277406e-03
0.100000	-6.832700408e-03
0.105000	-3.560578657e-03
0.110000	-3.095454288e-18
0.115000	2.437140939e-02
0.120000	4.838742876e-02
0.125000	7.169785045e-02
0.130000	9.396275603e-02
0.135000	1.148574731e-01
0.140000	1.340773095e-01
0.145000	1.513419968e-01
0.150000	1.663997770e-01
0.155000	1.790310738e-01
0.160000	1.890516944e-01
0.165000	1.963155156e-01
0.170000	2.007166145e-01
0.175000	2.021908131e-01
0.180000	2.007166145e-01
0.185000	1.963155156e-01
0.190000	1.890516944e-01
0.195000	1.790310738e-01
0.200000	1.663997770e-01
0.205000	1.513419968e-01
0.210000	1.340773095e-01
0.215000	1.148574731e-01
0.220000	9.396275603e-02
0.225000	7.169785045e-02
0.230000	4.838742876e-02
0.235000	2.437140939e-02
0.240000	2.476123321e-17
0.245000	-2.437140939e-02
0.250000	-4.838742876e-02
0.255000	-7.169785045e-02
0.260000	-9.396275603e-02
0.265000	-1.148574731e-01
0.270000	-1.340773095e-01
0.275000	-1.513419968e-01
0.280000	-1.663997770e-01
0.285000	-1.790310738e-01
0.290000	-1.890516944e-01
0.295000	-1.963155156e-01
0.300000	-2.007166145e-01
0.305000	-2.021908131e-01
0.310000	-2.007166145e-01
0.315000	-1.963155156e-01
0.320000	-1.890516944e-01
0.325000	-1.790310738e-01
0.330000	-1.663997770e-01
0.335000	-1.513419968e-01
0.340000	-1.340773095e-01
0.345000	-1.148574731e-01
0.350000	-9.396275603e-02
0.355000	-7.169785045e-02
0.360000	-4.838742876e-02
0.365000	-2.437140939e-02
0.370000	-4.952246642e-17
