Run25_FR76_s2p00_2_fixed_record
75	0
0.000000	0.000000000e+00
0.005000	4.747438210e-03
0.010000	9.110267210e-03
0.015000	1.273503654e-02
0.020000	1.532808895e-02
0.025000	1.667935075e-02
0.030000	1.667935075e-02
0.035000	1.532808895e-02
0.040000	1.273503654e-02
0.045000	9.110267210e-03
0.050000	4.747438210e-03
0.055000	2.063636192e-18
0.060000	-4.747438210e-03
0.065000	-9.110267210e-03
0.070000	-1.273503654e-02
0.075000	-1.532808895e-02
0.080000	-1.667935075e-02
0.085000	-1.667935075e-02
0.090000	-1.532808895e-02
0.095000	-1.273503654e-02
0.100000	-9.110267210e-03
0.105000	-4.747438210e-03
0.110000	-4.127272384e-18
0.115000	3.249521252e-02
0.120000	6.451657168e-02
0.125000	9.559713393e-02
0.130000	1.252836747e-01
0.135000	1.531432974e-01
0.140000	1.787697460e-01
0.145000	2.017893291e-01
0.150000	2.218663694e-01
0.155000	2.387080984e-01
0.160000	2.520689259e-01
0.165000	2.617540208e-01
0.170000	2.676221526e-01
0.175000	2.695877508e-01
0.180000	2.676221526e-01
0.185000	2.617540208e-01
0.190000	2.520689259e-01
0.195000	2.387080984e-01
0.200000	2.218663694e-01
0.205000	2.017893291e-01
0.210000	1.787697460e-01
0.215000	1.531432974e-01
0.220000	1.252836747e-01
0.225000	9.559713393e-02
0.230000	6.451657168e-02
0.235000	3.249521252e-02
0.240000	3.301497762e-17
0.245000	-3.249521252e-02
0.250000	-6.451657168e-02
0.255000	-9.559713393e-02
0.260000	-1.252836747e-01
0.265000	-1.531432974e-01
0.270000	-1.787697460e-01
0.275000	-2.017893291e-01
0.280000	-2.218663694e-01
0.285000	-2.387080984e-01
0.290000	-2.520689259e-01
0.295000	-2.617540208e-01
0.300000	-2.676221526e-01
0.305000	-2.695877508e-01
0.310000	-2.676221526e-01
0.315000	-2.617540208e-01
0.320000	-2.520689259e-01
0.325000	-2.387080984e-01
0.330000	-2.218663694e-01
0.335000	-2.017893291e-01
0.340000	-1.787697460e-01
0.345000	-1.531432974e-01
0.350000	-1.252836747e-01
0.355000	-9.559713393e-02
0.360000	-6.451657168e-02
0.365000	-3.249521252e-02
0.370000	-6.602995523e-17
