Run24_FR76_s1p75_2_fixed_record
75	0
0.000000	0.000000000e+00
0.005000	4.154008434e-03
0.010000	7.971483809e-03
0.015000	1.114315697e-02
0.020000	1.341207783e-02
0.025000	1.459443191e-02
0.030000	1.459443191e-02
0.035000	1.341207783e-02
0.040000	1.114315697e-02
0.045000	7.971483809e-03
0.050000	4.154008434e-03
0.055000	1.805681668e-18
0.060000	-4.154008434e-03
0.065000	-7.971483809e-03
0.070000	-1.114315697e-02
0.075000	-1.341207783e-02
0.080000	-1.459443191e-02
0.085000	-1.459443191e-02
0.090000	-1.341207783e-02
0.095000	-1.114315697e-02
0.100000	-7.971483809e-03
0.105000	-4.154008434e-03
0.110000	-3.611363336e-18
0.115000	2.843331096e-02
0.120000	5.645200022e-02
0.125000	8.364749219e-02
0.130000	1.096232154e-01
0.135000	1.340003852e-01
0.140000	1.564235277e-01
0.145000	1.765656629e-01
0.150000	1.941330732e-01
0.155000	2.088695861e-01
0.160000	2.205603101e-01
0.165000	2.290347682e-01
0.170000	2.341693835e-01
0.175000	2.358892820e-01
0.180000	2.341693835e-01
0.185000	2.290347682e-01
0.190000	2.205603101e-01
0.195000	2.088695861e-01
0.200000	1.941330732e-01
0.205000	1.765656629e-01
0.210000	1.564235277e-01
0.215000	1.340003852e-01
0.220000	1.096232154e-01
0.225000	8.364749219e-02
0.230000	5.645200022e-02
0.235000	2.843331096e-02
0.240000	2.888810541e-17
0.245000	-2.843331096e-02
0.250000	-5.645200022e-02
0.255000	-8.364749219e-02
0.260000	-1.096232154e-01
0.265000	-1.340003852e-01
0.270000	-1.564235277e-01
0.275000	-1.765656629e-01
0.280000	-1.941330732e-01
0.285000	-2.088695861e-01
0.290000	-2.205603101e-01
0.295000	-2.290347682e-01
0.300000	-2.341693835e-01
0.305000	-2.358892820e-01
0.310000	-2.341693835e-01
0.315000	-2.290347682e-01
0.320000	-2.205603101e-01
0.325000	-2.088695861e-01
0.330000	-1.941330732e-01
0.335000	-1.765656629e-01
0.340000	-1.564235277e-01
0.345000	-1.340003852e-01
0.350000	-1.096232154e-01
0.355000	-8.364749219e-02
0.360000	-5.645200022e-02
0.365000	-2.843331096e-02
0.370000	-5.777621083e-17
