         time Z Displace... 
------------- ------------- 
 2.271974e-04  3.974621e-04 
 5.517651e-04  3.966908e-04 
 8.763329e-04  3.959091e-04 
 1.200901e-03  3.951156e-04 
 1.525468e-03  3.943074e-04 
 1.850036e-03  3.934918e-04 
 2.174604e-03  3.926690e-04 
 2.499172e-03  3.918365e-04 
 2.823739e-03  3.909878e-04 
 3.148307e-03  3.901372e-04 
 3.472875e-03  3.892786e-04 
 3.797442e-03  3.883953e-04 
 4.122010e-03  3.875157e-04 
 4.446578e-03  3.866270e-04 
 4.771146e-03  3.857410e-04 
 5.095713e-03  3.848927e-04 
 5.420281e-03  3.840814e-04 
 5.744849e-03  3.832768e-04 
 6.069417e-03  3.824673e-04 
 6.393985e-03  3.816095e-04 
 6.718553e-03  3.806744e-04 
 7.043121e-03  3.796855e-04 
 7.367689e-03  3.786318e-04 
 7.692257e-03  3.775180e-04 
 8.016825e-03  3.763264e-04 
 8.341393e-03  3.750633e-04 
 8.665961e-03  3.737454e-04 
 8.990529e-03  3.723842e-04 
 9.315097e-03  3.710053e-04 
 9.639665e-03  3.696025e-04 
 9.964233e-03  3.681763e-04 
 1.028880e-02  3.667302e-04 
 1.061337e-02  3.652582e-04 
 1.093794e-02  3.637604e-04 
 1.126250e-02  3.622387e-04 
 1.158707e-02  3.607116e-04 
 1.191164e-02  3.591554e-04 
 1.223621e-02  3.575733e-04 
 1.256078e-02  3.559536e-04 
 1.288534e-02  3.543089e-04 
 1.320991e-02  3.526444e-04 
 1.353448e-02  3.509979e-04 
 1.385905e-02  3.493968e-04 
 1.418362e-02  3.478377e-04 
 1.450818e-02  3.463333e-04 
 1.483275e-02  3.448807e-04 
 1.515571e-02  3.434730e-04 
 1.547867e-02  3.421186e-04 
 1.580163e-02  3.408438e-04 
 1.612458e-02  3.396496e-04 
 1.644754e-02  3.385232e-04 
 1.677050e-02  3.374421e-04 
 1.709346e-02  3.363991e-04 
 1.741641e-02  3.354258e-04 
 1.773937e-02  3.345445e-04 
 1.806233e-02  3.337634e-04 
 1.838529e-02  3.330874e-04 
 1.870824e-02  3.325237e-04 
 1.903120e-02  3.320874e-04 
 1.935416e-02  3.317826e-04 
 1.967712e-02  3.315913e-04 
 2.000007e-02  3.314872e-04 
 2.032303e-02  3.314532e-04 
 2.064599e-02  3.315170e-04 
 2.096895e-02  3.316920e-04 
 2.129191e-02  3.319861e-04 
 2.161486e-02  3.324216e-04 
 2.193782e-02  3.329962e-04 
 2.226078e-02  3.337075e-04 
 2.258374e-02  3.345653e-04 
 2.290670e-02  3.355906e-04 
 2.322965e-02  3.368042e-04 
 2.355261e-02  3.382111e-04 
 2.387557e-02  3.398114e-04 
 2.419853e-02  3.416081e-04 
 2.452149e-02  3.435825e-04 
 2.484445e-02  3.457232e-04 
 2.516740e-02  3.480281e-04 
 2.549036e-02  3.504936e-04 
 2.581332e-02  3.531123e-04 
 2.613628e-02  3.558887e-04 
 2.645924e-02  3.588283e-04 
 2.678220e-02  3.619293e-04 
 2.710515e-02  3.651810e-04 
 2.742811e-02  3.685972e-04 
 2.775107e-02  3.721915e-04 
 2.807403e-02  3.759800e-04 
 2.839699e-02  3.799633e-04 
 2.871995e-02  3.841270e-04 
 2.904291e-02  3.884799e-04 
 2.936587e-02  3.930338e-04 
 2.968883e-02  3.977804e-04 
 3.001178e-02  4.027020e-04 
 3.033474e-02  4.077744e-04 
 3.065770e-02  4.129796e-04 
 3.098066e-02  4.183356e-04 
 3.130362e-02  4.238578e-04 
 3.162658e-02  4.295744e-04 
 3.194954e-02  4.354894e-04 
 3.227250e-02  4.416129e-04 
 3.259546e-02  4.479269e-04 
 3.291842e-02  4.544242e-04 
 3.324138e-02  4.610904e-04 
 3.356434e-02  4.679292e-04 
 3.388730e-02  4.749176e-04 
 3.421026e-02  4.820531e-04 
 3.453322e-02  4.893264e-04 
 3.485618e-02  4.967213e-04 
 3.517914e-02  5.042136e-04 
 3.550210e-02  5.117868e-04 
 3.582506e-02  5.194425e-04 
 3.614802e-02  5.271961e-04 
 3.647098e-02  5.350732e-04 
 3.679394e-02  5.431002e-04 
 3.711690e-02  5.512771e-04 
 3.743986e-02  5.595828e-04 
 3.776282e-02  5.680121e-04 
 3.808578e-02  5.765456e-04 
 3.840874e-02  5.851873e-04 
 3.873170e-02  5.939055e-04 
 3.905466e-02  6.026847e-04 
 3.937762e-02  6.115024e-04 
 3.970058e-02  6.203641e-04 
 4.002354e-02  6.292626e-04 
 4.034650e-02  6.381894e-04 
 4.066946e-02  6.471077e-04 
 4.099242e-02  6.560318e-04 
 4.131538e-02  6.649648e-04 
 4.163834e-02  6.739616e-04 
 4.196130e-02  6.830327e-04 
 4.228426e-02  6.921827e-04 
 4.260722e-02  7.013920e-04 
 4.293018e-02  7.106633e-04 
 4.325314e-02  7.199886e-04 
 4.357610e-02  7.293471e-04 
 4.389906e-02  7.386874e-04 
 4.422202e-02  7.480393e-04 
 4.454498e-02  7.574106e-04 
 4.486794e-02  7.667769e-04 
 4.519090e-02  7.761519e-04 
 4.551386e-02  7.855219e-04 
 4.583682e-02  7.948828e-04 
 4.615978e-02  8.042594e-04 
 4.648274e-02  8.136639e-04 
 4.680570e-02  8.231253e-04 
 4.712866e-02  8.326532e-04 
 4.745162e-02  8.422409e-04 
 4.777458e-02  8.518725e-04 
 4.809753e-02  8.615478e-04 
 4.842049e-02  8.712472e-04 
 4.874345e-02  8.809658e-04 
 4.906641e-02  8.906673e-04 
 4.938937e-02  9.003541e-04 
 4.971233e-02  9.100450e-04 
 5.003529e-02  9.197552e-04 
 5.035825e-02  9.295108e-04 
 5.068121e-02  9.392952e-04 
 5.100416e-02  9.490909e-04 
 5.132712e-02  9.589002e-04 
 5.165008e-02  9.687516e-04 
 5.197304e-02  9.786710e-04 
 5.229600e-02  9.886674e-04 
 5.261896e-02  9.987300e-04 
 5.294191e-02  1.008837e-03 
 5.326487e-02  1.018948e-03 
 5.358783e-02  1.029033e-03 
 5.391079e-02  1.039056e-03 
 5.423374e-02  1.049011e-03 
 5.455670e-02  1.058911e-03 
 5.487966e-02  1.068781e-03 
 5.520261e-02  1.078623e-03 
 5.552557e-02  1.088459e-03 
 5.584853e-02  1.098281e-03 
 5.617148e-02  1.108095e-03 
 5.649444e-02  1.117902e-03 
 5.681740e-02  1.127700e-03 
 5.714180e-02  1.137556e-03 
 5.746637e-02  1.147415e-03 
 5.779094e-02  1.157267e-03 
 5.811551e-02  1.167063e-03 
 5.844007e-02  1.176781e-03 
 5.876464e-02  1.186402e-03 
 5.908921e-02  1.195897e-03 
 5.941377e-02  1.205256e-03 
 5.973834e-02  1.214493e-03 
 6.006291e-02  1.223636e-03 
 6.038585e-02  1.232638e-03 
 6.070879e-02  1.241551e-03 
 6.103173e-02  1.250363e-03 
 6.135467e-02  1.259058e-03 
 6.167761e-02  1.267607e-03 
 6.200055e-02  1.276043e-03 
 6.232350e-02  1.284367e-03 
 6.264644e-02  1.292572e-03 
 6.296938e-02  1.300659e-03 
 6.329232e-02  1.308581e-03 
 6.361526e-02  1.316333e-03 
 6.393820e-02  1.323905e-03 
 6.426114e-02  1.331274e-03 
 6.458409e-02  1.338442e-03 
 6.490703e-02  1.345445e-03 
 6.522997e-02  1.352274e-03 
 6.555291e-02  1.358977e-03 
 6.587585e-02  1.365548e-03 
 6.619880e-02  1.372001e-03 
 6.652174e-02  1.378307e-03 
 6.684468e-02  1.384449e-03 
 6.716762e-02  1.390416e-03 
 6.749057e-02  1.396210e-03 
 6.781351e-02  1.401815e-03 
 6.813645e-02  1.407238e-03 
 6.845939e-02  1.412449e-03 
 6.878234e-02  1.417461e-03 
 6.910528e-02  1.422230e-03 
 6.942822e-02  1.426761e-03 
 6.975116e-02  1.431068e-03 
 7.007411e-02  1.435229e-03 
 7.039705e-02  1.439210e-03 
 7.071999e-02  1.443051e-03 
 7.104294e-02  1.446753e-03 
 7.136588e-02  1.450293e-03 
 7.168882e-02  1.453643e-03 
 7.201177e-02  1.456765e-03 
 7.233471e-02  1.459650e-03 
 7.265765e-02  1.462366e-03 
 7.298060e-02  1.464813e-03 
 7.330354e-02  1.467082e-03 
 7.362648e-02  1.469094e-03 
 7.394943e-02  1.470887e-03 
 7.427237e-02  1.472420e-03 
 7.459531e-02  1.473705e-03 
 7.491826e-02  1.474752e-03 
 7.524120e-02  1.475637e-03 
 7.556415e-02  1.476354e-03 
 7.588709e-02  1.476919e-03 
 7.621003e-02  1.477321e-03 
 7.653298e-02  1.477553e-03 
 7.685592e-02  1.477544e-03 
 7.717886e-02  1.477332e-03 
 7.750181e-02  1.476828e-03 
 7.782475e-02  1.476108e-03 
 7.814770e-02  1.475115e-03 
 7.847064e-02  1.473896e-03 
 7.879359e-02  1.472431e-03 
 7.911653e-02  1.470713e-03 
 7.943947e-02  1.468745e-03 
 7.976242e-02  1.466568e-03 
 8.008536e-02  1.464155e-03 
 8.040831e-02  1.461563e-03 
 8.073125e-02  1.458719e-03 
 8.105420e-02  1.455676e-03 
 8.137714e-02  1.452393e-03 
 8.170009e-02  1.448845e-03 
 8.202303e-02  1.444999e-03 
 8.234597e-02  1.440835e-03 
 8.266892e-02  1.436341e-03 
 8.299186e-02  1.431544e-03 
 8.331481e-02  1.426452e-03 
 8.363775e-02  1.421102e-03 
 8.396070e-02  1.415481e-03 
 8.428364e-02  1.409618e-03 
 8.460659e-02  1.403482e-03 
 8.492953e-02  1.397095e-03 
 8.525248e-02  1.390463e-03 
 8.557543e-02  1.383580e-03 
 8.589837e-02  1.376452e-03 
 8.622132e-02  1.369099e-03 
 8.654426e-02  1.361447e-03 
 8.686721e-02  1.353512e-03 
 8.719015e-02  1.345216e-03 
 8.751310e-02  1.336545e-03 
 8.783604e-02  1.327516e-03 
 8.815899e-02  1.318114e-03 
 8.848194e-02  1.308396e-03 
 8.880488e-02  1.298398e-03 
 8.912783e-02  1.288119e-03 
 8.945077e-02  1.277579e-03 
 8.977372e-02  1.266741e-03 
 9.009666e-02  1.255627e-03 
 9.041961e-02  1.244211e-03 
 9.074256e-02  1.232531e-03 
 9.106550e-02  1.220568e-03 
 9.138845e-02  1.208329e-03 
 9.171139e-02  1.195756e-03 
 9.203434e-02  1.182820e-03 
 9.235728e-02  1.169512e-03 
 9.268023e-02  1.155842e-03 
 9.300318e-02  1.141831e-03 
 9.332612e-02  1.127492e-03 
 9.364907e-02  1.112892e-03 
 9.397201e-02  1.098053e-03 
 9.429496e-02  1.082969e-03 
 9.461791e-02  1.067636e-03 
 9.494085e-02  1.052044e-03 
 9.526380e-02  1.036214e-03 
 9.558674e-02  1.020140e-03 
 9.590969e-02  1.003810e-03 
 9.623263e-02  9.872551e-04 
 9.655558e-02  9.704442e-04 
 9.687853e-02  9.533527e-04 
 9.720147e-02  9.359729e-04 
 9.752442e-02  9.183054e-04 
 9.784736e-02  9.003669e-04 
 9.817031e-02  8.821815e-04 
 9.849325e-02  8.637565e-04 
 9.881620e-02  8.451735e-04 
 9.913914e-02  8.264523e-04 
 9.946209e-02  8.076028e-04 
 9.978503e-02  7.886263e-04 
 1.001080e-01  7.694909e-04 
 1.004309e-01  7.502211e-04 
 1.007539e-01  7.307981e-04 
 1.010768e-01  7.112084e-04 
 1.013998e-01  6.914903e-04 
 1.017227e-01  6.716032e-04 
 1.020456e-01  6.515532e-04 
 1.023686e-01  6.313471e-04 
 1.026915e-01  6.109841e-04 
 1.030145e-01  5.904988e-04 
 1.033374e-01  5.699329e-04 
 1.036604e-01  5.493387e-04 
 1.039833e-01  5.287460e-04 
 1.043063e-01  5.082043e-04 
 1.046292e-01  4.876815e-04 
 1.049521e-01  4.671900e-04 
 1.052751e-01  4.466925e-04 
 1.055980e-01  4.262027e-04 
 1.059210e-01  4.057077e-04 
 1.062439e-01  3.852224e-04 
 1.065669e-01  3.647133e-04 
 1.068898e-01  3.442319e-04 
 1.072128e-01  3.237285e-04 
 1.075357e-01  3.032437e-04 
 1.078586e-01  2.827670e-04 
 1.081816e-01  2.623561e-04 
 1.085045e-01  2.420187e-04 
 1.088275e-01  2.218031e-04 
 1.091504e-01  2.017531e-04 
 1.094734e-01  1.819028e-04 
 1.097964e-01  1.621937e-04 
 1.101193e-01  1.426560e-04 
 1.104423e-01  1.232212e-04 
 1.107652e-01  1.039174e-04 
 1.110882e-01  8.470733e-05 
 1.114112e-01  6.566948e-05 
 1.117341e-01  4.674496e-05 
 1.120571e-01  2.798295e-05 
 1.123800e-01  9.330361e-06 
 1.127030e-01 -9.128221e-06 
 1.130260e-01 -2.740245e-05 
 1.133489e-01 -4.545372e-05 
 1.136719e-01 -6.326223e-05 
 1.139948e-01 -8.079959e-05 
 1.143178e-01 -9.806583e-05 
 1.146408e-01 -1.150576e-04 
 1.149637e-01 -1.317940e-04 
 1.152867e-01 -1.482932e-04 
 1.156096e-01 -1.645941e-04 
 1.159326e-01 -1.807106e-04 
 1.162556e-01 -1.966240e-04 
 1.165785e-01 -2.123165e-04 
 1.169015e-01 -2.277946e-04 
 1.172244e-01 -2.430244e-04 
 1.175474e-01 -2.580104e-04 
 1.178704e-01 -2.727207e-04 
 1.181933e-01 -2.871459e-04 
 1.185163e-01 -3.012621e-04 
 1.188393e-01 -3.150124e-04 
 1.191622e-01 -3.284233e-04 
 1.194852e-01 -3.414819e-04 
 1.198082e-01 -3.542061e-04 
 1.201311e-01 -3.665960e-04 
 1.204541e-01 -3.787144e-04 
 1.207770e-01 -3.905477e-04 
 1.211000e-01 -4.021032e-04 
 1.214230e-01 -4.133861e-04 
 1.217459e-01 -4.243530e-04 
 1.220689e-01 -4.350009e-04 
 1.223919e-01 -4.452887e-04 
 1.227148e-01 -4.552251e-04 
 1.230378e-01 -4.647287e-04 
 1.233608e-01 -4.738493e-04 
 1.236837e-01 -4.825467e-04 
 1.240067e-01 -4.907993e-04 
 1.243297e-01 -4.986208e-04 
 1.246526e-01 -5.060020e-04 
 1.249756e-01 -5.129572e-04 
 1.252985e-01 -5.195160e-04 
 1.256215e-01 -5.257050e-04 
 1.259445e-01 -5.315922e-04 
 1.262674e-01 -5.370273e-04 
 1.265904e-01 -5.420877e-04 
 1.269134e-01 -5.467366e-04 
 1.272363e-01 -5.508403e-04 
 1.275593e-01 -5.544878e-04 
 1.278823e-01 -5.576441e-04 
 1.282052e-01 -5.603137e-04 
 1.285282e-01 -5.624772e-04 
 1.288512e-01 -5.641279e-04 
 1.291741e-01 -5.652095e-04 
 1.294971e-01 -5.658262e-04 
 1.298201e-01 -5.658764e-04 
 1.301430e-01 -5.654533e-04 
 1.304660e-01 -5.647004e-04 
 1.307890e-01 -5.634769e-04 
 1.311119e-01 -5.618242e-04 
 1.314349e-01 -5.596773e-04 
 1.317579e-01 -5.569749e-04 
 1.320808e-01 -5.537595e-04 
 1.324038e-01 -5.499849e-04 
 1.327268e-01 -5.456966e-04 
 1.330497e-01 -5.409426e-04 
 1.333727e-01 -5.354991e-04 
 1.336957e-01 -5.295760e-04 
 1.340186e-01 -5.230231e-04 
 1.343416e-01 -5.160078e-04 
 1.346646e-01 -5.084569e-04 
 1.349875e-01 -5.004358e-04 
 1.353105e-01 -4.920264e-04 
 1.356335e-01 -4.831288e-04 
 1.359564e-01 -4.737812e-04 
 1.362794e-01 -4.640126e-04 
 1.366024e-01 -4.537839e-04 
 1.369253e-01 -4.430529e-04 
 1.372483e-01 -4.318100e-04 
 1.375713e-01 -4.198800e-04 
 1.378943e-01 -4.075894e-04 
 1.382172e-01 -3.946612e-04 
 1.385402e-01 -3.813140e-04 
 1.388632e-01 -3.674091e-04 
 1.391861e-01 -3.529813e-04 
 1.395091e-01 -3.380733e-04 
 1.398321e-01 -3.228973e-04 
 1.401550e-01 -3.072256e-04 
 1.404780e-01 -2.912340e-04 
 1.408010e-01 -2.747275e-04 
 1.411239e-01 -2.578632e-04 
 1.414469e-01 -2.405240e-04 
 1.417699e-01 -2.227852e-04 
 1.420928e-01 -2.045817e-04 
 1.424158e-01 -1.859050e-04 
 1.427388e-01 -1.667570e-04 
 1.430617e-01 -1.471814e-04 
 1.433847e-01 -1.271375e-04 
 1.437077e-01 -1.067817e-04 
 1.440306e-01 -8.600379e-05 
 1.443536e-01 -6.490227e-05 
 1.446766e-01 -4.337652e-05 
 1.449995e-01 -2.163609e-05 
 1.453225e-01  5.746470e-07 
 1.456455e-01  2.299620e-05 
 1.459684e-01  4.586854e-05 
 1.462914e-01  6.896286e-05 
 1.466144e-01  9.249447e-05 
 1.469373e-01  1.163274e-04 
 1.472603e-01  1.406628e-04 
 1.475833e-01  1.653673e-04 
 1.479062e-01  1.904757e-04 
 1.482292e-01  2.158937e-04 
 1.485521e-01  2.415466e-04 
 1.488751e-01  2.676566e-04 
 1.491981e-01  2.938927e-04 
 1.495210e-01  3.204098e-04 
 1.498440e-01  3.471493e-04 
 1.501670e-01  3.741023e-04 
 1.504899e-01  4.013427e-04 
 1.508129e-01  4.289332e-04 
 1.511359e-01  4.566418e-04 
 1.514588e-01  4.846892e-04 
 1.517818e-01  5.130122e-04 
 1.521048e-01  5.416231e-04 
 1.524277e-01  5.705453e-04 
 1.527507e-01  5.998265e-04 
 1.530737e-01  6.294019e-04 
 1.533966e-01  6.591989e-04 
 1.537196e-01  6.891795e-04 
 1.540425e-01  7.193188e-04 
 1.543655e-01  7.496923e-04 
 1.546885e-01  7.802224e-04 
 1.550114e-01  8.110288e-04 
 1.553344e-01  8.419989e-04 
 1.556574e-01  8.731621e-04 
 1.559803e-01  9.044920e-04 
 1.563033e-01  9.360705e-04 
 1.566262e-01  9.678152e-04 
 1.569492e-01  9.998611e-04 
 1.572722e-01  1.032195e-03 
 1.575951e-01  1.064798e-03 
 1.579181e-01  1.097635e-03 
 1.582410e-01  1.130680e-03 
 1.585640e-01  1.163925e-03 
 1.588870e-01  1.197278e-03 
 1.592099e-01  1.230785e-03 
 1.595329e-01  1.264371e-03 
 1.598558e-01  1.298133e-03 
 1.601788e-01  1.332053e-03 
 1.605018e-01  1.366094e-03 
 1.608247e-01  1.400277e-03 
 1.611477e-01  1.434639e-03 
 1.614706e-01  1.469207e-03 
 1.617936e-01  1.503966e-03 
 1.621166e-01  1.538879e-03 
 1.624395e-01  1.573970e-03 
 1.627625e-01  1.609178e-03 
 1.630854e-01  1.644535e-03 
 1.634084e-01  1.680016e-03 
 1.637313e-01  1.715553e-03 
 1.640543e-01  1.751014e-03 
 1.643773e-01  1.786518e-03 
 1.647002e-01  1.822069e-03 
 1.650232e-01  1.857705e-03 
 1.653461e-01  1.893358e-03 
 1.656691e-01  1.929077e-03 
 1.659920e-01  1.964823e-03 
 1.663150e-01  2.000609e-03 
 1.666380e-01  2.036544e-03 
 1.669624e-01  2.072655e-03 
 1.672869e-01  2.108848e-03 
 1.676115e-01  2.145034e-03 
 1.679361e-01  2.181278e-03 
 1.682606e-01  2.217434e-03 
 1.685852e-01  2.253577e-03 
 1.689098e-01  2.289520e-03 
 1.692343e-01  2.325375e-03 
 1.695589e-01  2.361060e-03 
 1.698835e-01  2.396578e-03 
 1.702066e-01  2.431812e-03 
 1.705297e-01  2.466997e-03 
 1.708528e-01  2.502057e-03 
 1.711759e-01  2.537058e-03 
 1.714990e-01  2.571937e-03 
 1.718222e-01  2.606736e-03 
 1.721453e-01  2.641371e-03 
 1.724684e-01  2.675896e-03 
 1.727915e-01  2.710309e-03 
 1.731146e-01  2.744520e-03 
 1.734376e-01  2.778520e-03 
 1.737605e-01  2.812290e-03 
 1.740835e-01  2.845773e-03 
 1.744064e-01  2.879029e-03 
 1.747293e-01  2.912022e-03 
 1.750523e-01  2.944803e-03 
 1.753752e-01  2.977305e-03 
 1.756982e-01  3.009705e-03 
 1.760211e-01  3.041848e-03 
 1.763441e-01  3.073893e-03 
 1.766670e-01  3.105664e-03 
 1.769899e-01  3.137309e-03 
 1.773129e-01  3.168582e-03 
 1.776358e-01  3.199727e-03 
 1.779588e-01  3.230568e-03 
 1.782817e-01  3.261156e-03 
 1.786047e-01  3.291451e-03 
 1.789276e-01  3.321417e-03 
 1.792506e-01  3.351029e-03 
 1.795735e-01  3.380315e-03 
 1.798965e-01  3.409238e-03 
 1.802194e-01  3.437946e-03 
 1.805423e-01  3.466438e-03 
 1.808653e-01  3.494644e-03 
 1.811882e-01  3.522595e-03 
 1.815112e-01  3.550273e-03 
 1.818341e-01  3.577698e-03 
 1.821571e-01  3.604827e-03 
 1.824800e-01  3.631684e-03 
 1.828030e-01  3.658144e-03 
 1.831259e-01  3.684260e-03 
 1.834489e-01  3.709979e-03 
 1.837718e-01  3.735346e-03 
 1.840948e-01  3.760340e-03 
 1.844177e-01  3.785039e-03 
 1.847406e-01  3.809307e-03 
 1.850636e-01  3.833266e-03 
 1.853865e-01  3.856916e-03 
 1.857095e-01  3.880353e-03 
 1.860324e-01  3.903445e-03 
 1.863554e-01  3.926368e-03 
 1.866783e-01  3.948816e-03 
 1.870013e-01  3.971035e-03 
 1.873242e-01  3.992769e-03 
 1.876472e-01  4.014222e-03 
 1.879701e-01  4.035254e-03 
 1.882931e-01  4.055909e-03 
 1.886160e-01  4.076116e-03 
 1.889390e-01  4.095987e-03 
 1.892619e-01  4.115347e-03 
 1.895849e-01  4.134398e-03 
 1.899078e-01  4.153003e-03 
 1.902308e-01  4.171252e-03 
 1.905537e-01  4.189101e-03 
 1.908767e-01  4.206677e-03 
 1.911996e-01  4.223873e-03 
 1.915226e-01  4.240646e-03 
 1.918455e-01  4.257140e-03 
 1.921685e-01  4.273256e-03 
 1.924914e-01  4.288929e-03 
 1.928144e-01  4.304105e-03 
 1.931373e-01  4.318858e-03 
 1.934603e-01  4.333171e-03 
 1.937832e-01  4.347129e-03 
 1.941062e-01  4.360648e-03 
 1.944291e-01  4.373716e-03 
 1.947521e-01  4.386337e-03 
 1.950750e-01  4.398570e-03 
 1.953980e-01  4.410383e-03 
 1.957209e-01  4.421928e-03 
 1.960439e-01  4.433034e-03 
 1.963668e-01  4.443812e-03 
 1.966898e-01  4.454138e-03 
 1.970127e-01  4.464053e-03 
 1.973357e-01  4.473454e-03 
 1.976586e-01  4.482449e-03 
 1.979816e-01  4.490980e-03 
 1.983045e-01  4.499069e-03 
 1.986275e-01  4.506694e-03 
 1.989504e-01  4.513855e-03 
 1.992734e-01  4.520597e-03 
 1.995963e-01  4.526933e-03 
 1.999193e-01  4.532838e-03 
 2.002422e-01  4.538327e-03 
 2.005652e-01  4.543458e-03 
 2.008881e-01  4.548216e-03 
 2.012111e-01  4.552609e-03 
 2.015340e-01  4.556597e-03 
 2.018570e-01  4.560141e-03 
 2.021799e-01  4.563280e-03 
 2.025029e-01  4.565972e-03 
 2.028258e-01  4.568173e-03 
 2.031488e-01  4.570025e-03 
 2.034717e-01  4.571409e-03 
 2.037946e-01  4.572415e-03 
 2.041176e-01  4.572935e-03 
 2.044405e-01  4.573134e-03 
 2.047635e-01  4.572969e-03 
 2.050864e-01  4.572535e-03 
 2.054094e-01  4.571730e-03 
 2.057323e-01  4.570677e-03 
 2.060553e-01  4.569185e-03 
 2.063782e-01  4.567446e-03 
 2.067012e-01  4.565382e-03 
 2.070241e-01  4.562972e-03 
 2.073471e-01  4.560204e-03 
 2.076700e-01  4.557130e-03 
 2.079930e-01  4.553680e-03 
 2.083159e-01  4.549929e-03 
 2.086389e-01  4.545862e-03 
 2.089618e-01  4.541516e-03 
 2.092848e-01  4.536931e-03 
 2.096077e-01  4.532155e-03 
 2.099307e-01  4.527090e-03 
 2.102536e-01  4.521847e-03 
 2.105766e-01  4.516327e-03 
 2.108995e-01  4.510602e-03 
 2.112225e-01  4.504687e-03 
 2.115454e-01  4.498562e-03 
 2.118684e-01  4.492228e-03 
 2.121913e-01  4.485703e-03 
 2.125142e-01  4.478945e-03 
 2.128372e-01  4.471941e-03 
 2.131601e-01  4.464789e-03 
 2.134831e-01  4.457428e-03 
 2.138060e-01  4.449913e-03 
 2.141290e-01  4.442227e-03 
 2.144519e-01  4.434406e-03 
 2.147749e-01  4.426512e-03 
 2.150978e-01  4.418499e-03 
 2.154208e-01  4.410352e-03 
 2.157437e-01  4.402083e-03 
 2.160666e-01  4.393690e-03 
 2.163896e-01  4.385182e-03 
 2.167125e-01  4.376529e-03 
 2.170355e-01  4.367761e-03 
 2.173584e-01  4.358835e-03 
 2.176814e-01  4.349732e-03 
 2.180043e-01  4.340536e-03 
 2.183273e-01  4.331224e-03 
 2.186502e-01  4.321777e-03 
 2.189731e-01  4.312315e-03 
 2.192961e-01  4.302828e-03 
 2.196190e-01  4.293266e-03 
 2.199420e-01  4.283643e-03 
 2.202649e-01  4.273945e-03 
 2.205879e-01  4.264206e-03 
 2.209108e-01  4.254393e-03 
 2.212337e-01  4.244516e-03 
 2.215567e-01  4.234526e-03 
 2.218796e-01  4.224435e-03 
 2.222026e-01  4.214319e-03 
 2.225255e-01  4.204091e-03 
 2.228485e-01  4.193803e-03 
 2.231714e-01  4.183426e-03 
 2.234943e-01  4.173047e-03 
 2.238173e-01  4.162642e-03 
 2.241402e-01  4.152220e-03 
 2.244632e-01  4.141763e-03 
 2.247861e-01  4.131339e-03 
 2.251090e-01  4.120855e-03 
 2.254320e-01  4.110394e-03 
 2.257549e-01  4.099890e-03 
 2.260779e-01  4.089347e-03 
 2.264008e-01  4.078785e-03 
 2.267237e-01  4.068188e-03 
 2.270467e-01  4.057549e-03 
 2.273696e-01  4.046888e-03 
 2.276926e-01  4.036226e-03 
 2.280155e-01  4.025537e-03 
 2.283399e-01  4.014850e-03 
 2.286645e-01  4.004220e-03 
 2.289890e-01  3.993653e-03 
 2.293136e-01  3.983114e-03 
 2.296382e-01  3.972635e-03 
 2.299627e-01  3.962149e-03 
 2.302873e-01  3.951706e-03 
 2.306119e-01  3.941303e-03 
 2.309364e-01  3.930982e-03 
 2.312610e-01  3.920608e-03 
 2.315856e-01  3.910223e-03 
 2.319101e-01  3.899878e-03 
 2.322347e-01  3.889588e-03 
 2.325593e-01  3.879337e-03 
 2.328838e-01  3.869167e-03 
 2.332084e-01  3.859042e-03 
 2.335330e-01  3.849008e-03 
 2.338575e-01  3.839089e-03 
 2.341821e-01  3.829212e-03 
 2.345067e-01  3.819430e-03 
 2.348296e-01  3.809796e-03 
 2.351526e-01  3.800266e-03 
 2.354755e-01  3.790833e-03 
 2.357985e-01  3.781459e-03 
 2.361214e-01  3.772128e-03 
 2.364444e-01  3.762886e-03 
 2.367673e-01  3.753723e-03 
 2.370903e-01  3.744639e-03 
 2.374133e-01  3.735662e-03 
 2.377362e-01  3.726783e-03 
 2.380592e-01  3.718035e-03 
 2.383821e-01  3.709447e-03 
 2.387051e-01  3.700998e-03 
 2.390280e-01  3.692730e-03 
 2.393510e-01  3.684625e-03 
 2.396740e-01  3.676643e-03 
 2.399969e-01  3.668804e-03 
 2.403199e-01  3.661110e-03 
 2.406428e-01  3.653514e-03 
 2.409658e-01  3.646072e-03 
 2.412887e-01  3.638699e-03 
 2.416117e-01  3.631450e-03 
 2.419347e-01  3.624348e-03 
 2.422576e-01  3.617432e-03 
 2.425806e-01  3.610642e-03 
 2.429035e-01  3.604021e-03 
 2.432265e-01  3.597553e-03 
 2.435494e-01  3.591268e-03 
 2.438724e-01  3.585154e-03 
 2.441954e-01  3.579199e-03 
 2.445183e-01  3.573398e-03 
 2.448413e-01  3.567729e-03 
 2.451642e-01  3.562202e-03 
 2.454872e-01  3.556814e-03 
 2.458101e-01  3.551519e-03 
 2.461331e-01  3.546362e-03 
 2.464561e-01  3.541371e-03 
 2.467790e-01  3.536500e-03 
 2.471020e-01  3.531750e-03 
 2.474249e-01  3.527141e-03 
 2.477479e-01  3.522679e-03 
 2.480709e-01  3.518372e-03 
 2.483938e-01  3.514218e-03 
 2.487168e-01  3.510189e-03 
 2.490397e-01  3.506290e-03 
 2.493627e-01  3.502522e-03 
 2.496856e-01  3.498857e-03 
 2.500086e-01  3.495281e-03 
 2.503316e-01  3.491793e-03 
 2.506545e-01  3.488356e-03 
 2.509775e-01  3.484996e-03 
 2.513004e-01  3.481702e-03 
 2.516234e-01  3.478487e-03 
 2.519463e-01  3.475350e-03 
 2.522693e-01  3.472289e-03 
 2.525923e-01  3.469290e-03 
 2.529152e-01  3.466372e-03 
 2.532382e-01  3.463533e-03 
 2.535611e-01  3.460807e-03 
 2.538841e-01  3.458164e-03 
 2.542070e-01  3.455548e-03 
 2.545300e-01  3.452997e-03 
 2.548530e-01  3.450497e-03 
 2.551759e-01  3.448022e-03 
 2.554989e-01  3.445605e-03 
 2.558218e-01  3.443210e-03 
 2.561448e-01  3.440877e-03 
 2.564677e-01  3.438591e-03 
 2.567907e-01  3.436340e-03 
 2.571137e-01  3.434112e-03 
 2.574366e-01  3.431951e-03 
 2.577596e-01  3.429866e-03 
 2.580825e-01  3.427848e-03 
 2.584055e-01  3.425895e-03 
 2.587284e-01  3.423960e-03 
 2.590514e-01  3.422101e-03 
 2.593744e-01  3.420288e-03 
 2.596973e-01  3.418510e-03 
 2.600203e-01  3.416775e-03 
 2.603432e-01  3.415070e-03 
 2.606662e-01  3.413347e-03 
 2.609891e-01  3.411646e-03 
 2.613121e-01  3.409980e-03 
 2.616351e-01  3.408344e-03 
 2.619580e-01  3.406768e-03 
 2.622810e-01  3.405218e-03 
 2.626039e-01  3.403712e-03 
 2.629269e-01  3.402242e-03 
 2.632498e-01  3.400798e-03 
 2.635728e-01  3.399432e-03 
 2.638972e-01  3.398044e-03 
 2.642218e-01  3.396703e-03 
 2.645463e-01  3.395335e-03 
 2.648709e-01  3.393991e-03 
 2.651955e-01  3.392633e-03 
 2.655200e-01  3.391295e-03 
 2.658446e-01  3.389934e-03 
 2.661692e-01  3.388587e-03 
 2.664937e-01  3.387234e-03 
 2.668183e-01  3.385901e-03 
 2.671429e-01  3.384571e-03 
 2.674674e-01  3.383248e-03 
 2.677920e-01  3.381918e-03 
 2.681166e-01  3.380575e-03 
 2.684411e-01  3.379200e-03 
 2.687657e-01  3.377801e-03 
 2.690903e-01  3.376380e-03 
 2.694148e-01  3.374921e-03 
 2.697394e-01  3.373388e-03 
 2.700640e-01  3.371767e-03 
 2.703869e-01  3.370089e-03 
 2.707099e-01  3.368363e-03 
 2.710328e-01  3.366551e-03 
 2.713558e-01  3.364650e-03 
 2.716787e-01  3.362683e-03 
 2.720016e-01  3.360617e-03 
 2.723246e-01  3.358469e-03 
 2.726475e-01  3.356203e-03 
 2.729705e-01  3.353875e-03 
 2.732934e-01  3.351425e-03 
 2.736164e-01  3.348883e-03 
 2.739393e-01  3.346221e-03 
 2.742622e-01  3.343427e-03 
 2.745852e-01  3.340491e-03 
 2.749081e-01  3.337389e-03 
 2.752311e-01  3.334150e-03 
 2.755540e-01  3.330763e-03 
 2.758770e-01  3.327227e-03 
 2.761999e-01  3.323510e-03 
 2.765229e-01  3.319638e-03 
 2.768458e-01  3.315603e-03 
 2.771687e-01  3.311395e-03 
 2.774917e-01  3.307019e-03 
 2.778146e-01  3.302452e-03 
 2.781376e-01  3.297678e-03 
 2.784605e-01  3.292680e-03 
 2.787835e-01  3.287457e-03 
 2.791064e-01  3.282025e-03 
 2.794294e-01  3.276367e-03 
 2.797523e-01  3.270490e-03 
 2.800752e-01  3.264348e-03 
 2.803982e-01  3.257999e-03 
 2.807211e-01  3.251387e-03 
 2.810441e-01  3.244546e-03 
 2.813670e-01  3.237432e-03 
 2.816900e-01  3.230086e-03 
 2.820129e-01  3.222474e-03 
 2.823359e-01  3.214590e-03 
 2.826588e-01  3.206437e-03 
 2.829818e-01  3.198037e-03 
 2.833047e-01  3.189336e-03 
 2.836277e-01  3.180347e-03 
 2.839506e-01  3.171066e-03 
 2.842736e-01  3.161510e-03 
 2.845965e-01  3.151670e-03 
 2.849194e-01  3.141548e-03 
 2.852424e-01  3.131137e-03 
 2.855653e-01  3.120478e-03 
 2.858883e-01  3.109501e-03 
 2.862112e-01  3.098250e-03 
 2.865342e-01  3.086739e-03 
 2.868571e-01  3.074936e-03 
 2.871801e-01  3.062833e-03 
 2.875030e-01  3.050422e-03 
 2.878260e-01  3.037724e-03 
 2.881489e-01  3.024707e-03 
 2.884719e-01  3.011415e-03 
 2.887948e-01  2.997810e-03 
 2.891178e-01  2.983930e-03 
 2.894407e-01  2.969775e-03 
 2.897637e-01  2.955339e-03 
 2.900866e-01  2.940612e-03 
 2.904096e-01  2.925618e-03 
 2.907325e-01  2.910342e-03 
 2.910554e-01  2.894817e-03 
 2.913784e-01  2.879010e-03 
 2.917013e-01  2.862941e-03 
 2.920243e-01  2.846560e-03 
 2.923472e-01  2.829909e-03 
 2.926702e-01  2.812960e-03 
 2.929931e-01  2.795768e-03 
 2.933161e-01  2.778273e-03 
 2.936390e-01  2.760508e-03 
 2.939620e-01  2.742478e-03 
 2.942849e-01  2.724206e-03 
 2.946079e-01  2.705710e-03 
 2.949308e-01  2.686932e-03 
 2.952538e-01  2.667914e-03 
 2.955767e-01  2.648613e-03 
 2.958997e-01  2.629098e-03 
 2.962226e-01  2.609320e-03 
 2.965456e-01  2.589300e-03 
 2.968685e-01  2.569023e-03 
 2.971915e-01  2.548483e-03 
 2.975144e-01  2.527640e-03 
 2.978373e-01  2.506582e-03 
 2.981603e-01  2.485285e-03 
 2.984832e-01  2.463710e-03 
 2.988062e-01  2.441870e-03 
 2.991291e-01  2.419803e-03 
 2.994521e-01  2.397506e-03 
 2.997750e-01  2.374991e-03 
 3.000980e-01  2.352265e-03 
 3.004209e-01  2.329311e-03 
 3.007439e-01  2.306139e-03 
 3.010668e-01  2.282758e-03 
 3.013898e-01  2.259144e-03 
 3.017127e-01  2.235283e-03 
 3.020357e-01  2.211196e-03 
 3.023586e-01  2.186879e-03 
 3.026815e-01  2.162332e-03 
 3.030045e-01  2.137545e-03 
 3.033274e-01  2.112544e-03 
 3.036504e-01  2.087310e-03 
 3.039733e-01  2.061906e-03 
 3.042963e-01  2.036317e-03 
 3.046192e-01  2.010562e-03 
 3.049422e-01  1.984597e-03 
 3.052651e-01  1.958432e-03 
 3.055881e-01  1.932105e-03 
 3.059110e-01  1.905617e-03 
 3.062339e-01  1.878953e-03 
 3.065569e-01  1.852117e-03 
 3.068798e-01  1.825100e-03 
 3.072028e-01  1.797916e-03 
 3.075257e-01  1.770548e-03 
 3.078487e-01  1.743006e-03 
 3.081716e-01  1.715335e-03 
 3.084946e-01  1.687506e-03 
 3.088175e-01  1.659556e-03 
 3.091405e-01  1.631490e-03 
 3.094634e-01  1.603363e-03 
 3.097863e-01  1.575129e-03 
 3.101093e-01  1.546807e-03 
 3.104322e-01  1.518385e-03 
 3.107552e-01  1.489865e-03 
 3.110781e-01  1.461249e-03 
 3.114011e-01  1.432545e-03 
 3.117240e-01  1.403752e-03 
 3.120469e-01  1.374874e-03 
 3.123700e-01  1.345897e-03 
 3.126932e-01  1.316858e-03 
 3.130163e-01  1.287748e-03 
 3.133394e-01  1.258587e-03 
 3.136625e-01  1.229410e-03 
 3.139856e-01  1.200219e-03 
 3.143088e-01  1.171019e-03 
 3.146319e-01  1.141835e-03 
 3.149550e-01  1.112642e-03 
 3.152781e-01  1.083475e-03 
 3.156025e-01  1.054207e-03 
 3.159271e-01  1.024947e-03 
 3.162517e-01  9.956778e-04 
 3.165762e-01  9.664372e-04 
 3.169008e-01  9.372289e-04 
 3.172254e-01  9.080733e-04 
 3.175499e-01  8.789528e-04 
 3.178745e-01  8.498838e-04 
 3.181991e-01  8.208795e-04 
 3.185236e-01  7.919623e-04 
 3.188466e-01  7.632973e-04 
 3.191696e-01  7.347541e-04 
 3.194925e-01  7.063733e-04 
 3.198155e-01  6.781242e-04 
 3.201384e-01  6.499939e-04 
 3.204614e-01  6.219994e-04 
 3.207843e-01  5.941574e-04 
 3.211073e-01  5.664612e-04 
 3.214303e-01  5.388907e-04 
 3.217532e-01  5.114506e-04 
 3.220762e-01  4.841870e-04 
 3.223991e-01  4.570362e-04 
 3.227221e-01  4.300669e-04 
 3.230450e-01  4.032568e-04 
 3.233680e-01  3.766681e-04 
 3.236910e-01  3.502420e-04 
 3.240139e-01  3.240936e-04 
 3.243369e-01  2.981685e-04 
 3.246598e-01  2.724620e-04 
 3.249828e-01  2.470014e-04 
 3.253057e-01  2.217681e-04 
 3.256287e-01  1.967450e-04 
 3.259517e-01  1.719397e-04 
 3.262746e-01  1.473566e-04 
 3.265976e-01  1.229858e-04 
 3.269205e-01  9.885405e-05 
 3.272435e-01  7.496834e-05 
 3.275665e-01  5.130884e-05 
 3.278894e-01  2.790630e-05 
 3.282124e-01  4.773625e-06 
 3.285353e-01 -1.806882e-05 
 3.288583e-01 -4.064086e-05 
 3.291813e-01 -6.293369e-05 
 3.295042e-01 -8.488677e-05 
 3.298272e-01 -1.065491e-04 
 3.301501e-01 -1.279395e-04 
 3.304731e-01 -1.490482e-04 
 3.307961e-01 -1.698992e-04 
 3.311190e-01 -1.904711e-04 
 3.314420e-01 -2.107796e-04 
 3.317649e-01 -2.308520e-04 
 3.320879e-01 -2.506389e-04 
 3.324109e-01 -2.701364e-04 
 3.327338e-01 -2.893107e-04 
 3.330568e-01 -3.082242e-04 
 3.333798e-01 -3.268162e-04 
 3.337027e-01 -3.451112e-04 
 3.340257e-01 -3.630263e-04 
 3.343486e-01 -3.806249e-04 
 3.346716e-01 -3.978925e-04 
 3.349946e-01 -4.148389e-04 
 3.353175e-01 -4.314998e-04 
 3.356405e-01 -4.478191e-04 
 3.359635e-01 -4.638186e-04 
 3.362864e-01 -4.795159e-04 
 3.366094e-01 -4.948354e-04 
 3.369324e-01 -5.098694e-04 
 3.372553e-01 -5.245587e-04 
 3.375783e-01 -5.389090e-04 
 3.379012e-01 -5.528587e-04 
 3.382242e-01 -5.664493e-04 
 3.385472e-01 -5.796086e-04 
 3.388701e-01 -5.924242e-04 
 3.391931e-01 -6.048106e-04 
 3.395161e-01 -6.167858e-04 
 3.398390e-01 -6.283548e-04 
 3.401620e-01 -6.395476e-04 
 3.404850e-01 -6.503801e-04 
 3.408079e-01 -6.608257e-04 
 3.411309e-01 -6.708410e-04 
 3.414539e-01 -6.804974e-04 
 3.417768e-01 -6.897680e-04 
 3.420998e-01 -6.986334e-04 
 3.424227e-01 -7.070751e-04 
 3.427457e-01 -7.150896e-04 
 3.430687e-01 -7.226218e-04 
 3.433916e-01 -7.297774e-04 
 3.437146e-01 -7.364283e-04 
 3.440376e-01 -7.426452e-04 
 3.443605e-01 -7.484117e-04 
 3.446835e-01 -7.537493e-04 
 3.450065e-01 -7.586377e-04 
 3.453294e-01 -7.630775e-04 
 3.456524e-01 -7.670821e-04 
 3.459754e-01 -7.706458e-04 
 3.462983e-01 -7.738200e-04 
 3.466213e-01 -7.765083e-04 
 3.469443e-01 -7.787423e-04 
 3.472672e-01 -7.805128e-04 
 3.475902e-01 -7.818183e-04 
 3.479132e-01 -7.826565e-04 
 3.482361e-01 -7.829947e-04 
 3.485591e-01 -7.828884e-04 
 3.488821e-01 -7.822953e-04 
 3.492050e-01 -7.812176e-04 
 3.495280e-01 -7.796814e-04 
 3.498510e-01 -7.777041e-04 
 3.501739e-01 -7.752851e-04 
 3.504969e-01 -7.724199e-04 
 3.508199e-01 -7.691282e-04 
 3.511428e-01 -7.653511e-04 
 3.514658e-01 -7.611521e-04 
 3.517888e-01 -7.565367e-04 
 3.521117e-01 -7.514950e-04 
 3.524347e-01 -7.459788e-04 
 3.527577e-01 -7.399769e-04 
 3.530806e-01 -7.335317e-04 
 3.534036e-01 -7.266425e-04 
 3.537266e-01 -7.192957e-04 
 3.540495e-01 -7.115281e-04 
 3.543725e-01 -7.032729e-04 
 3.546955e-01 -6.946348e-04 
 3.550184e-01 -6.855816e-04 
 3.553414e-01 -6.761937e-04 
 3.556644e-01 -6.664134e-04 
 3.559873e-01 -6.562619e-04 
 3.563103e-01 -6.456742e-04 
 3.566332e-01 -6.345630e-04 
 3.569562e-01 -6.229666e-04 
 3.572792e-01 -6.108803e-04 
 3.576021e-01 -5.983241e-04 
 3.579251e-01 -5.852870e-04 
 3.582481e-01 -5.717619e-04 
 3.585710e-01 -5.577550e-04 
 3.588940e-01 -5.433254e-04 
 3.592170e-01 -5.284468e-04 
 3.595399e-01 -5.132146e-04 
 3.598629e-01 -4.976039e-04 
 3.601859e-01 -4.816235e-04 
 3.605088e-01 -4.652817e-04 
 3.608318e-01 -4.485790e-04 
 3.611548e-01 -4.315375e-04 
 3.614777e-01 -4.141490e-04 
 3.618007e-01 -3.964159e-04 
 3.621237e-01 -3.782932e-04 
 3.624466e-01 -3.597895e-04 
 3.627696e-01 -3.409180e-04 
 3.630925e-01 -3.216969e-04 
 3.634155e-01 -3.021952e-04 
 3.637385e-01 -2.823709e-04 
 3.640614e-01 -2.623241e-04 
 3.643844e-01 -2.420434e-04 
 3.647074e-01 -2.215708e-04 
 3.650303e-01 -2.009090e-04 
 3.653533e-01 -1.800632e-04 
 3.656763e-01 -1.590573e-04 
 3.659992e-01 -1.378984e-04 
 3.663222e-01 -1.165868e-04 
 3.666451e-01 -9.510452e-05 
 3.669681e-01 -7.341326e-05 
 3.672911e-01 -5.150205e-05 
 3.676140e-01 -2.945583e-05 
 3.679370e-01 -7.264376e-06 
 3.682600e-01  1.505366e-05 
 3.685829e-01  3.744368e-05 
 3.689059e-01  5.988344e-05 
 3.692288e-01  8.235808e-05 
 3.695518e-01  1.048730e-04 
 3.698748e-01  1.274452e-04 
 3.701977e-01  1.500931e-04 
 3.705207e-01  1.728034e-04 
 3.708436e-01  1.955008e-04 
 3.711666e-01  2.182746e-04 
 3.714896e-01  2.410560e-04 
 3.718125e-01  2.638901e-04 
 3.721355e-01  2.867686e-04 
 3.724584e-01  3.096515e-04 
 3.727814e-01  3.325257e-04 
 3.731044e-01  3.553726e-04 
 3.734273e-01  3.781099e-04 
 3.737503e-01  4.008214e-04 
 3.740732e-01  4.233643e-04 
 3.743962e-01  4.457921e-04 
 3.747192e-01  4.680719e-04 
 3.750421e-01  4.902184e-04 
 3.753651e-01  5.122788e-04 
 3.756880e-01  5.341981e-04 
 3.760110e-01  5.560002e-04 
 3.763339e-01  5.776855e-04 
 3.766569e-01  5.992891e-04 
 3.769813e-01  6.208938e-04 
 3.773059e-01  6.424442e-04 
 3.776305e-01  6.638916e-04 
 3.779550e-01  6.851623e-04 
 3.782796e-01  7.062437e-04 
 3.786042e-01  7.271171e-04 
 3.789287e-01  7.476965e-04 
 3.792533e-01  7.680396e-04 
 3.795779e-01  7.880837e-04 
 3.799024e-01  8.078905e-04 
 3.802254e-01  8.273451e-04 
 3.805483e-01  8.466123e-04 
 3.808713e-01  8.656202e-04 
 3.811942e-01  8.844333e-04 
 3.815172e-01  9.029594e-04 
 3.818401e-01  9.212713e-04 
 3.821630e-01  9.392769e-04 
 3.824860e-01  9.570134e-04 
 3.828089e-01  9.744551e-04 
 3.831319e-01  9.916354e-04 
 3.834548e-01  1.008453e-03 
 3.837778e-01  1.024941e-03 
 3.841007e-01  1.041063e-03 
 3.844237e-01  1.056856e-03 
 3.847466e-01  1.072256e-03 
 3.850696e-01  1.087454e-03 
 3.853925e-01  1.102304e-03 
 3.857154e-01  1.116868e-03 
 3.860384e-01  1.131137e-03 
 3.863613e-01  1.145148e-03 
 3.866843e-01  1.158802e-03 
 3.870072e-01  1.172116e-03 
 3.873302e-01  1.185115e-03 
 3.876531e-01  1.197778e-03 
 3.879761e-01  1.210091e-03 
 3.882990e-01  1.222040e-03 
 3.886220e-01  1.233606e-03 
 3.889449e-01  1.244801e-03 
 3.892678e-01  1.255638e-03 
 3.895908e-01  1.266119e-03 
 3.899137e-01  1.276300e-03 
 3.902367e-01  1.286181e-03 
 3.905596e-01  1.295744e-03 
 3.908826e-01  1.305099e-03 
 3.912055e-01  1.314133e-03 
 3.915285e-01  1.322907e-03 
 3.918514e-01  1.331339e-03 
 3.921744e-01  1.339458e-03 
 3.924973e-01  1.347196e-03 
 3.928203e-01  1.354619e-03 
 3.931432e-01  1.361664e-03 
 3.934662e-01  1.368360e-03 
 3.937891e-01  1.374660e-03 
 3.941120e-01  1.380615e-03 
 3.944350e-01  1.386179e-03 
 3.947579e-01  1.391419e-03 
 3.950809e-01  1.396253e-03 
 3.954038e-01  1.400828e-03 
 3.957268e-01  1.405053e-03 
 3.960497e-01  1.408979e-03 
 3.963727e-01  1.412539e-03 
 3.966956e-01  1.415754e-03 
 3.970186e-01  1.418559e-03 
 3.973415e-01  1.420972e-03 
 3.976645e-01  1.423053e-03 
 3.979874e-01  1.424737e-03 
 3.983104e-01  1.426009e-03 
 3.986333e-01  1.426902e-03 
 3.989563e-01  1.427407e-03 
 3.992792e-01  1.427495e-03 
 3.996022e-01  1.427198e-03 
 3.999251e-01  1.426529e-03 
 4.002481e-01  1.425493e-03 
 4.005710e-01  1.424060e-03 
 4.008939e-01  1.422306e-03 
 4.012169e-01  1.420209e-03 
 4.015398e-01  1.417763e-03 
 4.018628e-01  1.414904e-03 
 4.021857e-01  1.411634e-03 
 4.025087e-01  1.407913e-03 
 4.028316e-01  1.403834e-03 
 4.031546e-01  1.399309e-03 
 4.034775e-01  1.394501e-03 
 4.038005e-01  1.389274e-03 
 4.041234e-01  1.383769e-03 
 4.044464e-01  1.377885e-03 
 4.047693e-01  1.371702e-03 
 4.050923e-01  1.365138e-03 
 4.054152e-01  1.358287e-03 
 4.057382e-01  1.351071e-03 
 4.060611e-01  1.343555e-03 
 4.063841e-01  1.335689e-03 
 4.067070e-01  1.327461e-03 
 4.070300e-01  1.318883e-03 
 4.073529e-01  1.309950e-03 
 4.076758e-01  1.300615e-03 
 4.079988e-01  1.290956e-03 
 4.083217e-01  1.280956e-03 
 4.086447e-01  1.270639e-03 
 4.089676e-01  1.260000e-03 
 4.092906e-01  1.249078e-03 
 4.096135e-01  1.237833e-03 
 4.099365e-01  1.226287e-03 
 4.102594e-01  1.214498e-03 
 4.105824e-01  1.202425e-03 
 4.109053e-01  1.190052e-03 
 4.112283e-01  1.177458e-03 
 4.115512e-01  1.164665e-03 
 4.118742e-01  1.151552e-03 
 4.121971e-01  1.138189e-03 
 4.125200e-01  1.124503e-03 
 4.128430e-01  1.110546e-03 
 4.131659e-01  1.096251e-03 
 4.134889e-01  1.081690e-03 
 4.138118e-01  1.066878e-03 
 4.141348e-01  1.051796e-03 
 4.144577e-01  1.036450e-03 
 4.147807e-01  1.020869e-03 
 4.151036e-01  1.005039e-03 
 4.154266e-01  9.889592e-04 
 4.157495e-01  9.726226e-04 
 4.160725e-01  9.560843e-04 
 4.163954e-01  9.392884e-04 
 4.167183e-01  9.222635e-04 
 4.170413e-01  9.049924e-04 
 4.173642e-01  8.874723e-04 
 4.176872e-01  8.696781e-04 
 4.180101e-01  8.516783e-04 
 4.183331e-01  8.334699e-04 
 4.186560e-01  8.150995e-04 
 4.189790e-01  7.965567e-04 
 4.193019e-01  7.778401e-04 
 4.196248e-01  7.589785e-04 
 4.199478e-01  7.399801e-04 
 4.202707e-01  7.208458e-04 
 4.205937e-01  7.016166e-04 
 4.209166e-01  6.822250e-04 
 4.212396e-01  6.627010e-04 
 4.215625e-01  6.430695e-04 
 4.218854e-01  6.233373e-04 
 4.222084e-01  6.034744e-04 
 4.225313e-01  5.834904e-04 
 4.228543e-01  5.633932e-04 
 4.231772e-01  5.431917e-04 
 4.235002e-01  5.228667e-04 
 4.238231e-01  5.025411e-04 
 4.241460e-01  4.822192e-04 
 4.244690e-01  4.619161e-04 
 4.247919e-01  4.415998e-04 
 4.251149e-01  4.213150e-04 
 4.254378e-01  4.009691e-04 
 4.257608e-01  3.806029e-04 
 4.260837e-01  3.602088e-04 
 4.264066e-01  3.398101e-04 
 4.267296e-01  3.193384e-04 
 4.270525e-01  2.988594e-04 
 4.273755e-01  2.783492e-04 
 4.276984e-01  2.578351e-04 
 4.280213e-01  2.372979e-04 
 4.283443e-01  2.167937e-04 
 4.286672e-01  1.963506e-04 
 4.289902e-01  1.759589e-04 
 4.293132e-01  1.556353e-04 
 4.296361e-01  1.354114e-04 
 4.299591e-01  1.152666e-04 
 4.302820e-01  9.518102e-05 
 4.306050e-01  7.522319e-05 
 4.309280e-01  5.532566e-05 
 4.312509e-01  3.552635e-05 
 4.315739e-01  1.582418e-05 
 4.318968e-01 -3.795617e-06 
 4.322198e-01 -2.332435e-05 
 4.325428e-01 -4.272248e-05 
 4.328657e-01 -6.200003e-05 
 4.331887e-01 -8.114708e-05 
 4.335116e-01 -1.001736e-04 
 4.338346e-01 -1.190430e-04 
 4.341576e-01 -1.377415e-04 
 4.344805e-01 -1.562129e-04 
 4.348035e-01 -1.745362e-04 
 4.351265e-01 -1.926213e-04 
 4.354494e-01 -2.105724e-04 
 4.357724e-01 -2.283320e-04 
 4.360953e-01 -2.459340e-04 
 4.364183e-01 -2.633059e-04 
 4.367413e-01 -2.804888e-04 
 4.370642e-01 -2.974462e-04 
 4.373872e-01 -3.141584e-04 
 4.377102e-01 -3.305448e-04 
 4.380331e-01 -3.466614e-04 
 4.383561e-01 -3.624513e-04 
 4.386790e-01 -3.778680e-04 
 4.390020e-01 -3.929081e-04 
 4.393250e-01 -4.076164e-04 
 4.396479e-01 -4.219538e-04 
 4.399709e-01 -4.359150e-04 
 4.402939e-01 -4.495142e-04 
 4.406168e-01 -4.627615e-04 
 4.409398e-01 -4.756477e-04 
 4.412627e-01 -4.881579e-04 
 4.415857e-01 -5.002763e-04 
 4.419087e-01 -5.120282e-04 
 4.422316e-01 -5.233651e-04 
 4.425546e-01 -5.342321e-04 
 4.428776e-01 -5.446440e-04 
 4.432005e-01 -5.546369e-04 
 4.435235e-01 -5.641560e-04 
 4.438465e-01 -5.732332e-04 
 4.441694e-01 -5.818177e-04 
 4.444924e-01 -5.899063e-04 
 4.448154e-01 -5.975337e-04 
 4.451383e-01 -6.046758e-04 
 4.454613e-01 -6.113490e-04 
 4.457842e-01 -6.176379e-04 
 4.461072e-01 -6.234496e-04 
 4.464302e-01 -6.288965e-04 
 4.467531e-01 -6.338479e-04 
 4.470761e-01 -6.383531e-04 
 4.473991e-01 -6.423814e-04 
 4.477220e-01 -6.459464e-04 
 4.480450e-01 -6.490045e-04 
 4.483680e-01 -6.516207e-04 
 4.486909e-01 -6.536940e-04 
 4.490139e-01 -6.553495e-04 
 4.493369e-01 -6.565168e-04 
 4.496598e-01 -6.572667e-04 
 4.499828e-01 -6.575543e-04 
 4.503057e-01 -6.574204e-04 
 4.506287e-01 -6.568638e-04 
 4.509517e-01 -6.558934e-04 
 4.512746e-01 -6.544293e-04 
 4.515976e-01 -6.525477e-04 
 4.519206e-01 -6.502159e-04 
 4.522435e-01 -6.474638e-04 
 4.525665e-01 -6.442240e-04 
 4.528895e-01 -6.405366e-04 
 4.532124e-01 -6.364175e-04 
 4.535354e-01 -6.318513e-04 
 4.538584e-01 -6.268908e-04 
 4.541813e-01 -6.214789e-04 
 4.545043e-01 -6.157173e-04 
 4.548273e-01 -6.095372e-04 
 4.551502e-01 -6.029837e-04 
 4.554732e-01 -5.960333e-04 
 4.557961e-01 -5.887054e-04 
 4.561191e-01 -5.810132e-04 
 4.564421e-01 -5.729639e-04 
 4.567650e-01 -5.644848e-04 
 4.570880e-01 -5.556314e-04 
 4.574110e-01 -5.463769e-04 
 4.577339e-01 -5.367109e-04 
 4.580569e-01 -5.265988e-04 
 4.583799e-01 -5.160800e-04 
 4.587028e-01 -5.051547e-04 
 4.590258e-01 -4.938934e-04 
 4.593488e-01 -4.822421e-04 
 4.596717e-01 -4.702388e-04 
 4.599947e-01 -4.579103e-04 
 4.603176e-01 -4.452604e-04 
 4.606406e-01 -4.322869e-04 
 4.609636e-01 -4.190240e-04 
 4.612865e-01 -4.054374e-04 
 4.616095e-01 -3.915134e-04 
 4.619325e-01 -3.773276e-04 
 4.622554e-01 -3.628088e-04 
 4.625784e-01 -3.480241e-04 
 4.629013e-01 -3.329029e-04 
 4.632243e-01 -3.175001e-04 
 4.635473e-01 -3.018370e-04 
 4.638702e-01 -2.859369e-04 
 4.641932e-01 -2.697916e-04 
 4.645162e-01 -2.534591e-04 
 4.648391e-01 -2.368889e-04 
 4.651621e-01 -2.201241e-04 
 4.654850e-01 -2.031261e-04 
 4.658080e-01 -1.859813e-04 
 4.661310e-01 -1.686422e-04 
 4.664539e-01 -1.511493e-04 
 4.667769e-01 -1.334724e-04 
 4.670998e-01 -1.156449e-04 
 4.674228e-01 -9.767988e-05 
 4.677458e-01 -7.957677e-05 
 4.680687e-01 -6.135530e-05 
 4.683917e-01 -4.302035e-05 
 4.687147e-01 -2.458425e-05 
 4.690376e-01 -6.084115e-06 
 4.693606e-01  1.249829e-05 
 4.696835e-01  3.111707e-05 
 4.700065e-01  4.977719e-05 
 4.703295e-01  6.847783e-05 
 4.706524e-01  8.722867e-05 
 4.709754e-01  1.060210e-04 
 4.712983e-01  1.248531e-04 
 4.716213e-01  1.437483e-04 
 4.719442e-01  1.626723e-04 
 4.722672e-01  1.816595e-04 
 4.725902e-01  2.006747e-04 
 4.729131e-01  2.197360e-04 
 4.732361e-01  2.388190e-04 
 4.735590e-01  2.578671e-04 
 4.738820e-01  2.769202e-04 
 4.742050e-01  2.959626e-04 
 4.745279e-01  3.149605e-04 
 4.748509e-01  3.339076e-04 
 4.751738e-01  3.528175e-04 
 4.754968e-01  3.716596e-04 
 4.758197e-01  3.904759e-04 
 4.761427e-01  4.092313e-04 
 4.764657e-01  4.279203e-04 
 4.767886e-01  4.465442e-04 
 4.771130e-01  4.651956e-04 
 4.774376e-01  4.837951e-04 
 4.777622e-01  5.023076e-04 
 4.780867e-01  5.207370e-04 
 4.784113e-01  5.390661e-04 
 4.787359e-01  5.572710e-04 
 4.790604e-01  5.753430e-04 
 4.793850e-01  5.932812e-04 
 4.797096e-01  6.110647e-04 
 4.800341e-01  6.286758e-04 
 4.803572e-01  6.460034e-04 
 4.806804e-01  6.631575e-04 
 4.810035e-01  6.801434e-04 
 4.813266e-01  6.969672e-04 
 4.816497e-01  7.135968e-04 
 4.819728e-01  7.300537e-04 
 4.822959e-01  7.462969e-04 
 4.826191e-01  7.623703e-04 
 4.829422e-01  7.782167e-04 
 4.832653e-01  7.938319e-04 
 4.835882e-01  8.092125e-04 
 4.839112e-01  8.243541e-04 
 4.842341e-01  8.392408e-04 
 4.845571e-01  8.538785e-04 
 4.848800e-01  8.682452e-04 
 4.852030e-01  8.823738e-04 
 4.855259e-01  8.962498e-04 
 4.858488e-01  9.099175e-04 
 4.861718e-01  9.233254e-04 
 4.864947e-01  9.365066e-04 
 4.868177e-01  9.494315e-04 
 4.871406e-01  9.620848e-04 
 4.874636e-01  9.744657e-04 
 4.877865e-01  9.865883e-04 
 4.881095e-01  9.984014e-04 
 4.884324e-01  1.009967e-03 
 4.887553e-01  1.021234e-03 
 4.890783e-01  1.032159e-03 
 4.894012e-01  1.042792e-03 
 4.897242e-01  1.053210e-03 
 4.900471e-01  1.063324e-03 
 4.903701e-01  1.073156e-03 
 4.906930e-01  1.082714e-03 
 4.910160e-01  1.092035e-03 
 4.913389e-01  1.101103e-03 
 4.916618e-01  1.109940e-03 
 4.919848e-01  1.118540e-03 
 4.923077e-01  1.126933e-03 
 4.926307e-01  1.135066e-03 
 4.929536e-01  1.142967e-03 
 4.932766e-01  1.150606e-03 
 4.935995e-01  1.157984e-03 
 4.939225e-01  1.165115e-03 
 4.942454e-01  1.171959e-03 
 4.945683e-01  1.178544e-03 
 4.948913e-01  1.184840e-03 
 4.952142e-01  1.190900e-03 
 4.955372e-01  1.196683e-03 
 4.958601e-01  1.202255e-03 
 4.961831e-01  1.207568e-03 
 4.965060e-01  1.212629e-03 
 4.968290e-01  1.217431e-03 
 4.971519e-01  1.221955e-03 
 4.974749e-01  1.226234e-03 
 4.977978e-01  1.230200e-03 
 4.981208e-01  1.233910e-03 
 4.984437e-01  1.237302e-03 
 4.987667e-01  1.240437e-03 
 4.990896e-01  1.243287e-03 
 4.994125e-01  1.245828e-03 
 4.997355e-01  1.248107e-03 
 5.000584e-01  1.250097e-03 
 5.003814e-01  1.251804e-03 
 5.007043e-01  1.253212e-03 
 5.010273e-01  1.254372e-03 
 5.013502e-01  1.255272e-03 
 5.016732e-01  1.255819e-03 
 5.019961e-01  1.256110e-03 
 5.023191e-01  1.256097e-03 
 5.026420e-01  1.255817e-03 
 5.029650e-01  1.255205e-03 
 5.032879e-01  1.254314e-03 
 5.036109e-01  1.253079e-03 
 5.039338e-01  1.251546e-03 
 5.042568e-01  1.249699e-03 
 5.045797e-01  1.247555e-03 
 5.049027e-01  1.245132e-03 
 5.052256e-01  1.242439e-03 
 5.055486e-01  1.239478e-03 
 5.058715e-01  1.236213e-03 
 5.061945e-01  1.232703e-03 
 5.065174e-01  1.228900e-03 
 5.068403e-01  1.224812e-03 
 5.071633e-01  1.220400e-03 
 5.074862e-01  1.215690e-03 
 5.078092e-01  1.210657e-03 
 5.081321e-01  1.205307e-03 
 5.084551e-01  1.199638e-03 
 5.087780e-01  1.193688e-03 
 5.091010e-01  1.187432e-03 
 5.094239e-01  1.180880e-03 
 5.097469e-01  1.174039e-03 
 5.100698e-01  1.166930e-03 
 5.103928e-01  1.159550e-03 
 5.107157e-01  1.151921e-03 
 5.110387e-01  1.143984e-03 
 5.113616e-01  1.135798e-03 
 5.116846e-01  1.127311e-03 
 5.120075e-01  1.118548e-03 
 5.123305e-01  1.109502e-03 
 5.126534e-01  1.100234e-03 
 5.129764e-01  1.090655e-03 
 5.132993e-01  1.080811e-03 
 5.136223e-01  1.070693e-03 
 5.139452e-01  1.060293e-03 
 5.142681e-01  1.049604e-03 
 5.145911e-01  1.038655e-03 
 5.149140e-01  1.027434e-03 
 5.152370e-01  1.015974e-03 
 5.155599e-01  1.004220e-03 
 5.158829e-01  9.922430e-04 
 5.162058e-01  9.799740e-04 
 5.165288e-01  9.674722e-04 
 5.168517e-01  9.547010e-04 
 5.171747e-01  9.416610e-04 
 5.174976e-01  9.283708e-04 
 5.178206e-01  9.148019e-04 
 5.181435e-01  9.009799e-04 
 5.184665e-01  8.869255e-04 
 5.187894e-01  8.726414e-04 
 5.191124e-01  8.582058e-04 
 5.194353e-01  8.435148e-04 
 5.197582e-01  8.286556e-04 
 5.200812e-01  8.136149e-04 
 5.204041e-01  7.983909e-04 
 5.207271e-01  7.829863e-04 
 5.210500e-01  7.673873e-04 
 5.213730e-01  7.516224e-04 
 5.216959e-01  7.356733e-04 
 5.220189e-01  7.195954e-04 
 5.223418e-01  7.033198e-04 
 5.226648e-01  6.869003e-04 
 5.229877e-01  6.703206e-04 
 5.233106e-01  6.536107e-04 
 5.236336e-01  6.367508e-04 
 5.239565e-01  6.198319e-04 
 5.242795e-01  6.027781e-04 
 5.246024e-01  5.856362e-04 
 5.249254e-01  5.683890e-04 
 5.252483e-01  5.511242e-04 
 5.255713e-01  5.337577e-04 
 5.258942e-01  5.163527e-04 
 5.262171e-01  4.989072e-04 
 5.265401e-01  4.814124e-04 
 5.268630e-01  4.638554e-04 
 5.271860e-01  4.462471e-04 
 5.275089e-01  4.285571e-04 
 5.278319e-01  4.108534e-04 
 5.281548e-01  3.931065e-04 
 5.284777e-01  3.753447e-04 
 5.288007e-01  3.575573e-04 
 5.291236e-01  3.398124e-04 
 5.294466e-01  3.220814e-04 
 5.297695e-01  3.043542e-04 
 5.300925e-01  2.866338e-04 
 5.304154e-01  2.689606e-04 
 5.307383e-01  2.512941e-04 
 5.310613e-01  2.336838e-04 
 5.313842e-01  2.161110e-04 
 5.317072e-01  1.986027e-04 
 5.320301e-01  1.811359e-04 
 5.323531e-01  1.637133e-04 
 5.326760e-01  1.463596e-04 
 5.329990e-01  1.290914e-04 
 5.333220e-01  1.119235e-04 
 5.336449e-01  9.487213e-05 
 5.339679e-01  7.790039e-05 
 5.342908e-01  6.106511e-05 
 5.346138e-01  4.433737e-05 
 5.349368e-01  2.774716e-05 
 5.352597e-01  1.128469e-05 
 5.355827e-01 -5.033710e-06 
 5.359056e-01 -2.120627e-05 
 5.362286e-01 -3.723814e-05 
 5.365516e-01 -5.306393e-05 
 5.368745e-01 -6.874076e-05 
 5.371975e-01 -8.424884e-05 
 5.375204e-01 -9.961989e-05 
 5.378434e-01 -1.147540e-04 
 5.381664e-01 -1.297274e-04 
 5.384893e-01 -1.444670e-04 
 5.388123e-01 -1.589456e-04 
 5.391352e-01 -1.731767e-04 
 5.394582e-01 -1.871063e-04 
 5.397812e-01 -2.008215e-04 
 5.401041e-01 -2.142424e-04 
 5.404271e-01 -2.273804e-04 
 5.407500e-01 -2.402482e-04 
 5.410730e-01 -2.528533e-04 
 5.413960e-01 -2.652256e-04 
 5.417189e-01 -2.772891e-04 
 5.420419e-01 -2.890713e-04 
 5.423649e-01 -3.005658e-04 
 5.426878e-01 -3.117757e-04 
 5.430108e-01 -3.226569e-04 
 5.433337e-01 -3.332172e-04 
 5.436567e-01 -3.434390e-04 
 5.439797e-01 -3.533169e-04 
 5.443026e-01 -3.628677e-04 
 5.446256e-01 -3.720356e-04 
 5.449485e-01 -3.808911e-04 
 5.452715e-01 -3.893784e-04 
 5.455945e-01 -3.975059e-04 
 5.459174e-01 -4.052994e-04 
 5.462404e-01 -4.127513e-04 
 5.465633e-01 -4.198068e-04 
 5.468863e-01 -4.265222e-04 
 5.472093e-01 -4.328584e-04 
 5.475322e-01 -4.388647e-04 
 5.478552e-01 -4.444515e-04 
 5.481782e-01 -4.497057e-04 
 5.485011e-01 -4.545842e-04 
 5.488241e-01 -4.590844e-04 
 5.491470e-01 -4.631493e-04 
 5.494700e-01 -4.668778e-04 
 5.497930e-01 -4.702099e-04 
 5.501159e-01 -4.731959e-04 
 5.504389e-01 -4.758120e-04 
 5.507618e-01 -4.780586e-04 
 5.510848e-01 -4.799788e-04 
 5.514078e-01 -4.815269e-04 
 5.517307e-01 -4.826969e-04 
 5.520537e-01 -4.834803e-04 
 5.523766e-01 -4.838837e-04 
 5.526996e-01 -4.839076e-04 
 5.530226e-01 -4.835521e-04 
 5.533455e-01 -4.827797e-04 
 5.536685e-01 -4.816582e-04 
 5.539915e-01 -4.800995e-04 
 5.543144e-01 -4.782036e-04 
 5.546374e-01 -4.759060e-04 
 5.549603e-01 -4.732584e-04 
 5.552833e-01 -4.702366e-04 
 5.556063e-01 -4.668431e-04 
 5.559292e-01 -4.631364e-04 
 5.562522e-01 -4.590780e-04 
 5.565751e-01 -4.546910e-04 
 5.568981e-01 -4.499388e-04 
 5.572211e-01 -4.448338e-04 
 5.575440e-01 -4.393952e-04 
 5.578670e-01 -4.336011e-04 
 5.581900e-01 -4.274647e-04 
 5.585129e-01 -4.210061e-04 
 5.588359e-01 -4.142243e-04 
 5.591588e-01 -4.070839e-04 
 5.594818e-01 -3.996274e-04 
 5.598048e-01 -3.918582e-04 
 5.601277e-01 -3.837780e-04 
 5.604507e-01 -3.754118e-04 
 5.607736e-01 -3.667429e-04 
 5.610966e-01 -3.578617e-04 
 5.614196e-01 -3.486830e-04 
 5.617425e-01 -3.392644e-04 
 5.620655e-01 -3.295821e-04 
 5.623885e-01 -3.196431e-04 
 5.627114e-01 -3.094558e-04 
 5.630344e-01 -2.990091e-04 
 5.633573e-01 -2.883170e-04 
 5.636803e-01 -2.773862e-04 
 5.640033e-01 -2.662326e-04 
 5.643262e-01 -2.548774e-04 
 5.646492e-01 -2.432983e-04 
 5.649721e-01 -2.315399e-04 
 5.652951e-01 -2.195913e-04 
 5.656181e-01 -2.074518e-04 
 5.659410e-01 -1.951625e-04 
 5.662640e-01 -1.826933e-04 
 5.665869e-01 -1.700373e-04 
 5.669099e-01 -1.572079e-04 
 5.672329e-01 -1.442151e-04 
 5.675558e-01 -1.310566e-04 
 5.678788e-01 -1.177730e-04 
 5.682017e-01 -1.043265e-04 
 5.685247e-01 -9.077051e-05 
 5.688477e-01 -7.708130e-05 
 5.691706e-01 -6.333053e-05 
 5.694936e-01 -4.944519e-05 
 5.698165e-01 -3.549047e-05 
 5.701395e-01 -2.143726e-05 
 5.704625e-01 -7.305535e-06 
 5.707854e-01  6.926883e-06 
 5.711084e-01  2.121338e-05 
 5.714313e-01  3.554300e-05 
 5.717543e-01  4.993406e-05 
 5.720773e-01  6.442355e-05 
 5.724002e-01  7.896672e-05 
 5.727232e-01  9.358859e-05 
 5.730461e-01  1.082542e-04 
 5.733691e-01  1.230128e-04 
 5.736921e-01  1.377786e-04 
 5.740150e-01  1.526085e-04 
 5.743380e-01  1.674594e-04 
 5.746609e-01  1.823194e-04 
 5.749839e-01  1.971976e-04 
 5.753068e-01  2.120835e-04 
 5.756298e-01  2.269426e-04 
 5.759528e-01  2.418186e-04 
 5.762757e-01  2.566933e-04 
 5.765987e-01  2.715458e-04 
 5.769216e-01  2.863897e-04 
 5.772446e-01  3.012062e-04 
 5.775676e-01  3.160158e-04 
 5.778905e-01  3.307943e-04 
 5.782135e-01  3.455867e-04 
 5.785364e-01  3.603203e-04 
 5.788594e-01  3.750405e-04 
 5.791823e-01  3.896788e-04 
 5.795053e-01  4.042777e-04 
 5.798283e-01  4.188176e-04 
 5.801512e-01  4.333321e-04 
 5.804756e-01  4.478105e-04 
 5.808002e-01  4.622635e-04 
 5.811248e-01  4.766370e-04 
 5.814493e-01  4.909525e-04 
 5.817739e-01  5.051522e-04 
 5.820985e-01  5.193138e-04 
 5.824230e-01  5.333580e-04 
 5.827476e-01  5.473080e-04 
 5.830722e-01  5.611585e-04 
 5.833967e-01  5.749478e-04 
 5.837198e-01  5.885505e-04 
 5.840430e-01  6.020499e-04 
 5.843661e-01  6.154361e-04 
 5.846892e-01  6.286703e-04 
 5.850123e-01  6.417836e-04 
 5.853354e-01  6.547791e-04 
 5.856586e-01  6.676319e-04 
 5.859817e-01  6.803493e-04 
 5.863048e-01  6.929658e-04 
 5.866279e-01  7.054283e-04 
 5.869509e-01  7.177854e-04 
 5.872738e-01  7.300230e-04 
 5.875967e-01  7.421157e-04 
 5.879197e-01  7.540894e-04 
 5.882426e-01  7.659152e-04 
 5.885656e-01  7.775875e-04 
 5.888885e-01  7.891048e-04 
 5.892115e-01  8.004114e-04 
 5.895344e-01  8.115556e-04 
 5.898573e-01  8.225524e-04 
 5.901803e-01  8.333681e-04 
 5.905032e-01  8.439915e-04 
 5.908262e-01  8.544674e-04 
 5.911491e-01  8.647435e-04 
 5.914721e-01  8.748769e-04 
 5.917950e-01  8.847911e-04 
 5.921180e-01  8.945609e-04 
 5.924409e-01  9.041511e-04 
 5.927639e-01  9.135533e-04 
 5.930868e-01  9.227993e-04 
 5.934097e-01  9.318802e-04 
 5.937327e-01  9.407895e-04 
 5.940556e-01  9.495027e-04 
 5.943786e-01  9.579817e-04 
 5.947015e-01  9.663032e-04 
 5.950245e-01  9.743821e-04 
 5.953474e-01  9.822703e-04 
 5.956704e-01  9.899505e-04 
 5.959933e-01  9.974360e-04 
 5.963163e-01  1.004697e-03 
 5.966392e-01  1.011795e-03 
 5.969622e-01  1.018669e-03 
 5.972851e-01  1.025365e-03 
 5.976080e-01  1.031842e-03 
 5.979310e-01  1.038114e-03 
 5.982539e-01  1.044160e-03 
 5.985769e-01  1.050003e-03 
 5.988998e-01  1.055602e-03 
 5.992228e-01  1.060974e-03 
 5.995457e-01  1.066116e-03 
 5.998687e-01  1.071063e-03 
 6.001916e-01  1.075779e-03 
 6.005146e-01  1.080266e-03 
 6.008375e-01  1.084530e-03 
 6.011605e-01  1.088612e-03 
 6.014834e-01  1.092465e-03 
 6.018064e-01  1.096087e-03 
 6.021293e-01  1.099491e-03 
 6.024523e-01  1.102683e-03 
 6.027752e-01  1.105590e-03 
 6.030982e-01  1.108267e-03 
 6.034211e-01  1.110689e-03 
 6.037440e-01  1.112854e-03 
 6.040670e-01  1.114765e-03 
 6.043899e-01  1.116412e-03 
 6.047129e-01  1.117824e-03 
 6.050358e-01  1.118991e-03 
 6.053588e-01  1.119887e-03 
 6.056817e-01  1.120545e-03 
 6.060047e-01  1.120952e-03 
 6.063276e-01  1.121139e-03 
 6.066506e-01  1.121071e-03 
 6.069735e-01  1.120755e-03 
 6.072965e-01  1.120181e-03 
 6.076194e-01  1.119357e-03 
 6.079424e-01  1.118269e-03 
 6.082653e-01  1.116911e-03 
 6.085883e-01  1.115312e-03 
 6.089112e-01  1.113386e-03 
 6.092342e-01  1.111221e-03 
 6.095571e-01  1.108765e-03 
 6.098801e-01  1.106055e-03 
 6.102030e-01  1.103076e-03 
 6.105260e-01  1.099804e-03 
 6.108489e-01  1.096289e-03 
 6.111719e-01  1.092532e-03 
 6.114948e-01  1.088495e-03 
 6.118177e-01  1.084194e-03 
 6.121407e-01  1.079579e-03 
 6.124636e-01  1.074741e-03 
 6.127866e-01  1.069598e-03 
 6.131095e-01  1.064191e-03 
 6.134325e-01  1.058498e-03 
 6.137554e-01  1.052556e-03 
 6.140784e-01  1.046341e-03 
 6.144013e-01  1.039882e-03 
 6.147243e-01  1.033138e-03 
 6.150472e-01  1.026163e-03 
 6.153702e-01  1.018894e-03 
 6.156931e-01  1.011376e-03 
 6.160161e-01  1.003597e-03 
 6.163390e-01  9.955982e-04 
 6.166620e-01  9.873398e-04 
 6.169849e-01  9.788337e-04 
 6.173078e-01  9.700421e-04 
 6.176308e-01  9.610238e-04 
 6.179537e-01  9.517390e-04 
 6.182767e-01  9.422016e-04 
 6.185996e-01  9.324205e-04 
 6.189226e-01  9.224033e-04 
 6.192455e-01  9.121457e-04 
 6.195685e-01  9.016563e-04 
 6.198914e-01  8.909545e-04 
 6.202144e-01  8.800543e-04 
 6.205373e-01  8.689232e-04 
 6.208603e-01  8.576151e-04 
 6.211832e-01  8.461107e-04 
 6.215061e-01  8.343859e-04 
 6.218291e-01  8.224380e-04 
 6.221520e-01  8.102764e-04 
 6.224750e-01  7.979205e-04 
 6.227979e-01  7.853605e-04 
 6.231209e-01  7.726054e-04 
 6.234438e-01  7.596404e-04 
 6.237668e-01  7.464900e-04 
 6.240897e-01  7.331508e-04 
 6.244126e-01  7.196621e-04 
 6.247356e-01  7.059985e-04 
 6.250585e-01  6.921859e-04 
 6.253815e-01  6.782216e-04 
 6.257044e-01  6.641022e-04 
 6.260274e-01  6.498313e-04 
 6.263503e-01  6.354715e-04 
 6.266733e-01  6.209677e-04 
 6.269962e-01  6.063456e-04 
 6.273191e-01  5.915795e-04 
 6.276421e-01  5.767156e-04 
 6.279650e-01  5.617690e-04 
 6.282880e-01  5.467167e-04 
 6.286109e-01  5.315744e-04 
 6.289339e-01  5.163645e-04 
 6.292568e-01  5.010784e-04 
 6.295797e-01  4.857162e-04 
 6.299027e-01  4.703105e-04 
 6.302256e-01  4.548574e-04 
 6.305486e-01  4.393635e-04 
 6.308715e-01  4.238137e-04 
 6.311944e-01  4.082567e-04 
 6.315174e-01  3.926652e-04 
 6.318403e-01  3.770640e-04 
 6.321647e-01  3.613802e-04 
 6.324893e-01  3.457061e-04 
 6.328139e-01  3.300262e-04 
 6.331384e-01  3.143787e-04 
 6.334630e-01  2.987282e-04 
 6.337876e-01  2.831533e-04 
 6.341121e-01  2.676365e-04 
 6.344367e-01  2.521770e-04 
 6.347613e-01  2.368082e-04 
 6.350858e-01  2.215025e-04 
 6.354088e-01  2.063833e-04 
 6.357318e-01  1.913502e-04 
 6.360547e-01  1.763929e-04 
 6.363777e-01  1.615462e-04 
 6.367006e-01  1.468081e-04 
 6.370236e-01  1.321848e-04 
 6.373465e-01  1.176588e-04 
 6.376695e-01  1.032732e-04 
 6.379925e-01  8.903712e-05 
 6.383154e-01  7.494715e-05 
 6.386384e-01  6.098454e-05 
 6.389613e-01  4.718752e-05 
 6.392843e-01  3.356861e-05 
 6.396072e-01  2.012875e-05 
 6.399302e-01  6.828546e-06 
 6.402532e-01 -6.258157e-06 
 6.405761e-01 -1.916501e-05 
 6.408991e-01 -3.187344e-05 
 6.412220e-01 -4.441204e-05 
 6.415450e-01 -5.672827e-05 
 6.418679e-01 -6.884446e-05 
 6.421909e-01 -8.077945e-05 
 6.425139e-01 -9.249275e-05 
 6.428368e-01 -1.040133e-04 
 6.431598e-01 -1.153335e-04 
 6.434827e-01 -1.264291e-04 
 6.438057e-01 -1.372663e-04 
 6.441286e-01 -1.478615e-04 
 6.444516e-01 -1.582493e-04 
 6.447746e-01 -1.684213e-04 
 6.450975e-01 -1.783318e-04 
 6.454205e-01 -1.880113e-04 
 6.457434e-01 -1.974012e-04 
 6.460664e-01 -2.065974e-04 
 6.463894e-01 -2.155205e-04 
 6.467123e-01 -2.241889e-04 
 6.470353e-01 -2.326146e-04 
 6.473582e-01 -2.407653e-04 
 6.476812e-01 -2.486393e-04 
 6.480042e-01 -2.562174e-04 
 6.483271e-01 -2.635275e-04 
 6.486501e-01 -2.706111e-04 
 6.489730e-01 -2.773610e-04 
 6.492960e-01 -2.838135e-04 
 6.496190e-01 -2.899739e-04 
 6.499419e-01 -2.958822e-04 
 6.502649e-01 -3.014937e-04 
 6.505878e-01 -3.068159e-04 
 6.509108e-01 -3.118546e-04 
 6.512337e-01 -3.166129e-04 
 6.515567e-01 -3.210681e-04 
 6.518797e-01 -3.252367e-04 
 6.522026e-01 -3.291125e-04 
 6.525256e-01 -3.327129e-04 
 6.528485e-01 -3.359902e-04 
 6.531715e-01 -3.389687e-04 
 6.534945e-01 -3.416349e-04 
 6.538174e-01 -3.440014e-04 
 6.541404e-01 -3.460196e-04 
 6.544633e-01 -3.477436e-04 
 6.547863e-01 -3.491730e-04 
 6.551093e-01 -3.502770e-04 
 6.554322e-01 -3.510484e-04 
 6.557552e-01 -3.515353e-04 
 6.560782e-01 -3.517372e-04 
 6.564011e-01 -3.516223e-04 
 6.567241e-01 -3.512171e-04 
 6.570470e-01 -3.505245e-04 
 6.573700e-01 -3.495324e-04 
 6.576930e-01 -3.482660e-04 
 6.580159e-01 -3.466747e-04 
 6.583389e-01 -3.448159e-04 
 6.586618e-01 -3.426510e-04 
 6.589848e-01 -3.401984e-04 
 6.593078e-01 -3.374352e-04 
 6.596307e-01 -3.343989e-04 
 6.599537e-01 -3.311050e-04 
 6.602766e-01 -3.275408e-04 
 6.605996e-01 -3.237150e-04 
 6.609226e-01 -3.195880e-04 
 6.612455e-01 -3.152225e-04 
 6.615685e-01 -3.105718e-04 
 6.618915e-01 -3.056520e-04 
 6.622144e-01 -3.004918e-04 
 6.625374e-01 -2.950862e-04 
 6.628603e-01 -2.894117e-04 
 6.631833e-01 -2.835068e-04 
 6.635063e-01 -2.773511e-04 
 6.638292e-01 -2.709509e-04 
 6.641522e-01 -2.643309e-04 
 6.644751e-01 -2.574796e-04 
 6.647981e-01 -2.503758e-04 
 6.651211e-01 -2.430925e-04 
 6.654440e-01 -2.355592e-04 
 6.657670e-01 -2.278208e-04 
 6.660900e-01 -2.198719e-04 
 6.664129e-01 -2.117612e-04 
 6.667359e-01 -2.034016e-04 
 6.670588e-01 -1.948764e-04 
 6.673818e-01 -1.861280e-04 
 6.677048e-01 -1.771960e-04 
 6.680277e-01 -1.680351e-04 
 6.683507e-01 -1.586935e-04 
 6.686736e-01 -1.491735e-04 
 6.689966e-01 -1.394802e-04 
 6.693196e-01 -1.295907e-04 
 6.696425e-01 -1.195620e-04 
 6.699655e-01 -1.093650e-04 
 6.702885e-01 -9.903429e-05 
 6.706114e-01 -8.853012e-05 
 6.709344e-01 -7.789179e-05 
 6.712573e-01 -6.711198e-05 
 6.715803e-01 -5.621856e-05 
 6.719033e-01 -4.517215e-05 
 6.722262e-01 -3.399544e-05 
 6.725492e-01 -2.268628e-05 
 6.728721e-01 -1.125682e-05 
 6.731951e-01  2.890850e-07 
 6.735181e-01  1.194462e-05 
 6.738410e-01  2.370487e-05 
 6.741640e-01  3.556098e-05 
 6.744869e-01  4.751607e-05 
 6.748099e-01  5.957044e-05 
 6.751329e-01  7.169836e-05 
 6.754558e-01  8.390522e-05 
 6.757788e-01  9.617330e-05 
 6.761017e-01  1.085066e-04 
 6.764247e-01  1.208978e-04 
 6.767477e-01  1.333474e-04 
 6.770706e-01  1.458388e-04 
 6.773936e-01  1.583832e-04 
 6.777165e-01  1.709505e-04 
 6.780395e-01  1.835705e-04 
 6.783625e-01  1.962191e-04 
 6.786854e-01  2.088973e-04 
 6.790084e-01  2.215857e-04 
 6.793313e-01  2.343012e-04 
 6.796543e-01  2.470219e-04 
 6.799773e-01  2.597585e-04 
 6.803002e-01  2.724917e-04 
 6.806232e-01  2.852580e-04 
 6.809461e-01  2.979974e-04 
 6.812691e-01  3.107494e-04 
 6.815921e-01  3.235044e-04 
 6.819150e-01  3.362531e-04 
 6.822380e-01  3.490277e-04 
 6.825609e-01  3.617966e-04 
 6.828839e-01  3.745523e-04 
 6.832069e-01  3.872861e-04 
 6.835298e-01  4.000115e-04 
 6.838542e-01  4.127574e-04 
 6.841788e-01  4.254659e-04 
 6.845034e-01  4.381553e-04 
 6.848279e-01  4.508376e-04 
 6.851525e-01  4.634575e-04 
 6.854771e-01  4.760456e-04 
 6.858016e-01  4.885756e-04 
 6.861262e-01  5.010789e-04 
 6.864508e-01  5.135174e-04 
 6.867753e-01  5.259189e-04 
 6.870999e-01  5.382844e-04 
 6.874245e-01  5.505964e-04 
 6.877490e-01  5.628457e-04 
 6.880736e-01  5.750352e-04 
 6.883982e-01  5.872101e-04 
 6.887228e-01  5.993104e-04 
 6.890473e-01  6.113614e-04 
 6.893719e-01  6.233099e-04 
 6.896965e-01  6.351785e-04 
 6.900210e-01  6.469574e-04 
 6.903442e-01  6.586009e-04 
 6.906673e-01  6.701853e-04 
 6.909904e-01  6.816780e-04 
 6.913135e-01  6.930783e-04 
 6.916366e-01  7.043965e-04 
 6.919598e-01  7.156325e-04 
 6.922829e-01  7.267669e-04 
 6.926060e-01  7.377825e-04 
 6.929291e-01  7.486678e-04 
 6.932522e-01  7.594542e-04 
 6.935752e-01  7.701111e-04 
 6.938981e-01  7.806362e-04 
 6.942211e-01  7.909944e-04 
 6.945440e-01  8.012383e-04 
 6.948670e-01  8.113277e-04 
 6.951899e-01  8.212830e-04 
 6.955128e-01  8.310734e-04 
 6.958358e-01  8.407357e-04 
 6.961587e-01  8.502259e-04 
 6.964817e-01  8.595789e-04 
 6.968046e-01  8.687262e-04 
 6.971276e-01  8.777230e-04 
 6.974505e-01  8.865229e-04 
 6.977735e-01  8.951607e-04 
 6.980964e-01  9.035807e-04 
 6.984194e-01  9.118383e-04 
 6.987423e-01  9.198621e-04 
 6.990652e-01  9.277011e-04 
 6.993882e-01  9.353477e-04 
 6.997111e-01  9.427856e-04 
 7.000341e-01  9.500013e-04 
 7.003570e-01  9.570513e-04 
 7.006800e-01  9.638561e-04 
 7.010029e-01  9.704852e-04 
 7.013259e-01  9.768899e-04 
 7.016488e-01  9.830952e-04 
 7.019718e-01  9.890700e-04 
 7.022947e-01  9.948356e-04 
 7.026176e-01  1.000343e-03 
 7.029406e-01  1.005645e-03 
 7.032635e-01  1.010720e-03 
 7.035865e-01  1.015551e-03 
 7.039094e-01  1.020119e-03 
 7.042324e-01  1.024451e-03 
 7.045553e-01  1.028538e-03 
 7.048783e-01  1.032405e-03 
 7.052012e-01  1.035998e-03 
 7.055242e-01  1.039364e-03 
 7.058471e-01  1.042476e-03 
 7.061701e-01  1.045356e-03 
 7.064930e-01  1.047977e-03 
 7.068160e-01  1.050350e-03 
 7.071389e-01  1.052456e-03 
 7.074618e-01  1.054309e-03 
 7.077848e-01  1.055928e-03 
 7.081077e-01  1.057275e-03 
 7.084307e-01  1.058351e-03 
 7.087536e-01  1.059174e-03 
 7.090766e-01  1.059752e-03 
 7.093995e-01  1.060064e-03 
 7.097225e-01  1.060144e-03 
 7.100454e-01  1.059927e-03 
 7.103684e-01  1.059465e-03 
 7.106913e-01  1.058714e-03 
 7.110143e-01  1.057715e-03 
 7.113372e-01  1.056453e-03 
 7.116601e-01  1.054967e-03 
 7.119831e-01  1.053176e-03 
 7.123060e-01  1.051109e-03 
 7.126290e-01  1.048770e-03 
 7.129519e-01  1.046191e-03 
 7.132749e-01  1.043311e-03 
 7.135978e-01  1.040171e-03 
 7.139208e-01  1.036734e-03 
 7.142437e-01  1.033053e-03 
 7.145667e-01  1.029096e-03 
 7.148896e-01  1.024908e-03 
 7.152126e-01  1.020449e-03 
 7.155355e-01  1.015740e-03 
 7.158584e-01  1.010760e-03 
 7.161814e-01  1.005524e-03 
 7.165043e-01  1.000030e-03 
 7.168273e-01  9.942815e-04 
 7.171502e-01  9.882839e-04 
 7.174732e-01  9.820253e-04 
 7.177961e-01  9.755168e-04 
 7.181191e-01  9.687604e-04 
 7.184420e-01  9.617400e-04 
 7.187649e-01  9.544973e-04 
 7.190879e-01  9.470240e-04 
 7.194108e-01  9.393077e-04 
 7.197338e-01  9.313649e-04 
 7.200567e-01  9.231892e-04 
 7.203797e-01  9.148024e-04 
 7.207026e-01  9.061732e-04 
 7.210256e-01  8.973230e-04 
 7.213485e-01  8.882574e-04 
 7.216714e-01  8.790059e-04 
 7.219944e-01  8.695265e-04 
 7.223173e-01  8.598410e-04 
 7.226403e-01  8.499567e-04 
 7.229632e-01  8.398763e-04 
 7.232862e-01  8.295768e-04 
 7.236091e-01  8.191030e-04 
 7.239321e-01  8.084418e-04 
 7.242550e-01  7.976012e-04 
 7.245779e-01  7.865739e-04 
 7.249009e-01  7.753430e-04 
 7.252238e-01  7.639517e-04 
 7.255468e-01  7.524064e-04 
 7.258697e-01  7.406841e-04 
 7.261927e-01  7.288196e-04 
 7.265156e-01  7.167824e-04 
 7.268385e-01  7.046034e-04 
 7.271615e-01  6.922821e-04 
 7.274844e-01  6.798230e-04 
 7.278074e-01  6.672208e-04 
 7.281303e-01  6.544825e-04 
 7.284533e-01  6.416115e-04 
 7.287762e-01  6.286207e-04 
 7.290991e-01  6.155272e-04 
 7.294221e-01  6.023297e-04 
 7.297450e-01  5.890264e-04 
 7.300680e-01  5.756448e-04 
 7.303909e-01  5.621835e-04 
 7.307138e-01  5.486280e-04 
 7.310368e-01  5.349826e-04 
 7.313597e-01  5.212621e-04 
 7.316827e-01  5.074884e-04 
 7.320056e-01  4.936660e-04 
 7.323286e-01  4.797631e-04 
 7.326515e-01  4.658252e-04 
 7.329744e-01  4.518465e-04 
 7.332974e-01  4.378490e-04 
 7.336203e-01  4.238133e-04 
 7.339433e-01  4.097728e-04 
 7.342662e-01  3.957249e-04 
 7.345891e-01  3.816806e-04 
 7.349121e-01  3.676317e-04 
 7.352350e-01  3.536325e-04 
 7.355594e-01  3.395726e-04 
 7.358840e-01  3.255742e-04 
 7.362086e-01  3.116037e-04 
 7.365331e-01  2.976755e-04 
 7.368577e-01  2.838000e-04 
 7.371823e-01  2.699843e-04 
 7.375068e-01  2.562125e-04 
 7.378314e-01  2.425366e-04 
 7.381560e-01  2.288944e-04 
 7.384805e-01  2.153569e-04 
 7.388035e-01  2.019729e-04 
 7.391264e-01  1.886974e-04 
 7.394494e-01  1.755177e-04 
 7.397724e-01  1.624473e-04 
 7.400953e-01  1.494923e-04 
 7.404183e-01  1.366485e-04 
 7.407412e-01  1.239477e-04 
 7.410642e-01  1.113685e-04 
 7.413871e-01  9.892149e-05 
 7.417101e-01  8.663168e-05 
 7.420331e-01  7.448674e-05 
 7.423560e-01  6.246837e-05 
 7.426790e-01  5.061829e-05 
 7.430019e-01  3.894071e-05 
 7.433249e-01  2.741552e-05 
 7.436478e-01  1.604826e-05 
 7.439708e-01  4.867456e-06 
 7.442938e-01 -6.127686e-06 
 7.446167e-01 -1.690534e-05 
 7.449397e-01 -2.751757e-05 
 7.452626e-01 -3.792591e-05 
 7.455856e-01 -4.812933e-05 
 7.459086e-01 -5.815912e-05 
 7.462315e-01 -6.797574e-05 
 7.465545e-01 -7.760918e-05 
 7.468774e-01 -8.700114e-05 
 7.472004e-01 -9.621667e-05 
 7.475233e-01 -1.052578e-04 
 7.478463e-01 -1.140794e-04 
 7.481693e-01 -1.226531e-04 
 7.484922e-01 -1.310108e-04 
 7.488152e-01 -1.391429e-04 
 7.491381e-01 -1.470462e-04 
 7.494611e-01 -1.547072e-04 
 7.497841e-01 -1.621283e-04 
 7.501070e-01 -1.692909e-04 
 7.504300e-01 -1.762433e-04 
 7.507529e-01 -1.829634e-04 
 7.510759e-01 -1.894719e-04 
 7.513989e-01 -1.957555e-04 
 7.517218e-01 -2.018042e-04 
 7.520448e-01 -2.076314e-04 
 7.523677e-01 -2.131937e-04 
 7.526907e-01 -2.185085e-04 
 7.530137e-01 -2.235736e-04 
 7.533366e-01 -2.283713e-04 
 7.536596e-01 -2.329585e-04 
 7.539825e-01 -2.372698e-04 
 7.543055e-01 -2.413067e-04 
 7.546285e-01 -2.450779e-04 
 7.549514e-01 -2.486247e-04 
 7.552744e-01 -2.519393e-04 
 7.555973e-01 -2.550142e-04 
 7.559203e-01 -2.578257e-04 
 7.562433e-01 -2.603845e-04 
 7.565662e-01 -2.626738e-04 
 7.568892e-01 -2.647292e-04 
 7.572122e-01 -2.665064e-04 
 7.575351e-01 -2.680813e-04 
 7.578581e-01 -2.693639e-04 
 7.581810e-01 -2.703937e-04 
 7.585040e-01 -2.711707e-04 
 7.588270e-01 -2.717075e-04 
 7.591499e-01 -2.719977e-04 
 7.594729e-01 -2.720322e-04 
 7.597959e-01 -2.717901e-04 
 7.601188e-01 -2.713164e-04 
 7.604418e-01 -2.705935e-04 
 7.607647e-01 -2.696663e-04 
 7.610877e-01 -2.684771e-04 
 7.614107e-01 -2.670373e-04 
 7.617336e-01 -2.653466e-04 
 7.620566e-01 -2.633907e-04 
 7.623795e-01 -2.611833e-04 
 7.627025e-01 -2.587199e-04 
 7.630255e-01 -2.560142e-04 
 7.633484e-01 -2.530679e-04 
 7.636714e-01 -2.498685e-04 
 7.639944e-01 -2.464286e-04 
 7.643173e-01 -2.427417e-04 
 7.646403e-01 -2.388351e-04 
 7.649632e-01 -2.346808e-04 
 7.652862e-01 -2.303239e-04 
 7.656092e-01 -2.256921e-04 
 7.659321e-01 -2.208528e-04 
 7.662551e-01 -2.157833e-04 
 7.665781e-01 -2.105053e-04 
 7.669010e-01 -2.049900e-04 
 7.672240e-01 -1.992297e-04 
 7.675469e-01 -1.932556e-04 
 7.678699e-01 -1.870764e-04 
 7.681929e-01 -1.806814e-04 
 7.685158e-01 -1.740626e-04 
 7.688388e-01 -1.672309e-04 
 7.691618e-01 -1.601860e-04 
 7.694847e-01 -1.529435e-04 
 7.698077e-01 -1.454965e-04 
 7.701306e-01 -1.378809e-04 
 7.704536e-01 -1.300538e-04 
 7.707766e-01 -1.220411e-04 
 7.710995e-01 -1.138260e-04 
 7.714225e-01 -1.054480e-04 
 7.717455e-01 -9.686948e-05 
 7.720684e-01 -8.813048e-05 
 7.723914e-01 -7.920382e-05 
 7.727143e-01 -7.011148e-05 
 7.730373e-01 -6.084429e-05 
 7.733603e-01 -5.142762e-05 
 7.736832e-01 -4.183358e-05 
 7.740062e-01 -3.212409e-05 
 7.743291e-01 -2.225636e-05 
 7.746521e-01 -1.227929e-05 
 7.749751e-01 -2.152137e-06 
 7.752980e-01  8.114542e-06 
 7.756210e-01  1.851829e-05 
 7.759439e-01  2.903451e-05 
 7.762669e-01  3.966458e-05 
 7.765899e-01  5.040658e-05 
 7.769128e-01  6.128108e-05 
 7.772358e-01  7.226998e-05 
 7.775588e-01  8.334721e-05 
 7.778817e-01  9.450005e-05 
 7.782047e-01  1.057333e-04 
 7.785276e-01  1.170712e-04 
 7.788506e-01  1.284893e-04 
 7.791736e-01  1.399619e-04 
 7.794965e-01  1.514982e-04 
 7.798195e-01  1.631024e-04 
 7.801424e-01  1.747755e-04 
 7.804654e-01  1.865272e-04 
 7.807884e-01  1.983248e-04 
 7.811113e-01  2.101729e-04 
 7.814343e-01  2.220534e-04 
 7.817572e-01  2.339574e-04 
 7.820802e-01  2.458889e-04 
 7.824031e-01  2.578749e-04 
 7.827261e-01  2.698859e-04 
 7.830491e-01  2.819222e-04 
 7.833720e-01  2.939720e-04 
 7.836950e-01  3.060265e-04 
 7.840179e-01  3.180981e-04 
 7.843409e-01  3.301643e-04 
 7.846639e-01  3.422153e-04 
 7.849868e-01  3.542901e-04 
 7.853098e-01  3.663499e-04 
 7.856327e-01  3.783989e-04 
 7.859557e-01  3.904213e-04 
 7.862786e-01  4.024460e-04 
 7.866016e-01  4.144388e-04 
 7.869246e-01  4.264045e-04 
 7.872490e-01  4.383978e-04 
 7.875735e-01  4.503648e-04 
 7.878981e-01  4.622900e-04 
 7.882227e-01  4.741840e-04 
 7.885472e-01  4.860427e-04 
 7.888718e-01  4.978440e-04 
 7.891964e-01  5.095835e-04 
 7.895209e-01  5.212788e-04 
 7.898455e-01  5.329412e-04 
 7.901701e-01  5.445273e-04 
 7.904932e-01  5.559778e-04 
 7.908163e-01  5.673538e-04 
 7.911394e-01  5.786725e-04 
 7.914626e-01  5.899147e-04 
 7.917857e-01  6.010846e-04 
 7.921088e-01  6.121700e-04 
 7.924319e-01  6.231553e-04 
 7.927550e-01  6.340695e-04 
 7.930781e-01  6.448889e-04 
 7.934013e-01  6.556002e-04 
 7.937244e-01  6.662321e-04 
 7.940475e-01  6.767615e-04 
 7.943706e-01  6.871925e-04 
 7.946937e-01  6.975045e-04 
 7.950169e-01  7.076995e-04 
 7.953400e-01  7.177607e-04 
 7.956631e-01  7.276947e-04 
 7.959862e-01  7.375155e-04 
 7.963093e-01  7.472015e-04 
 7.966324e-01  7.567786e-04 
 7.969554e-01  7.661827e-04 
 7.972783e-01  7.754483e-04 
 7.976013e-01  7.845862e-04 
 7.979242e-01  7.935688e-04 
 7.982472e-01  8.023950e-04 
 7.985701e-01  8.110750e-04 
 7.988930e-01  8.195802e-04 
 7.992160e-01  8.279153e-04 
 7.995389e-01  8.360750e-04 
 7.998619e-01  8.440757e-04 
 8.001848e-01  8.518527e-04 
 8.005078e-01  8.594594e-04 
 8.008307e-01  8.668604e-04 
 8.011537e-01  8.741169e-04 
 8.014766e-01  8.811681e-04 
 8.017995e-01  8.880178e-04 
 8.021225e-01  8.946200e-04 
 8.024454e-01  9.010492e-04 
 8.027684e-01  9.072411e-04 
 8.030913e-01  9.132516e-04 
 8.034143e-01  9.190679e-04 
 8.037372e-01  9.246558e-04 
 8.040601e-01  9.299958e-04 
 8.043831e-01  9.351224e-04 
 8.047060e-01  9.400183e-04 
 8.050290e-01  9.446979e-04 
 8.053519e-01  9.491140e-04 
 8.056749e-01  9.533260e-04 
 8.059978e-01  9.572771e-04 
 8.063208e-01  9.610107e-04 
 8.066437e-01  9.645250e-04 
 8.069666e-01  9.677816e-04 
 8.072896e-01  9.707953e-04 
 8.076125e-01  9.735863e-04 
 8.079355e-01  9.760998e-04 
 8.082584e-01  9.783929e-04 
 8.085814e-01  9.804149e-04 
 8.089043e-01  9.822106e-04 
 8.092273e-01  9.837203e-04 
 8.095502e-01  9.849808e-04 
 8.098732e-01  9.859898e-04 
 8.101961e-01  9.867712e-04 
 8.105190e-01  9.872979e-04 
 8.108420e-01  9.875739e-04 
 8.111649e-01  9.876129e-04 
 8.114879e-01  9.873952e-04 
 8.118108e-01  9.869182e-04 
 8.121338e-01  9.862172e-04 
 8.124567e-01  9.852620e-04 
 8.127797e-01  9.840589e-04 
 8.131026e-01  9.825842e-04 
 8.134255e-01  9.808699e-04 
 8.137485e-01  9.788865e-04 
 8.140714e-01  9.766771e-04 
 8.143944e-01  9.742048e-04 
 8.147173e-01  9.715198e-04 
 8.150403e-01  9.685892e-04 
 8.153632e-01  9.654183e-04 
 8.156862e-01  9.620007e-04 
 8.160091e-01  9.583728e-04 
 8.163320e-01  9.545172e-04 
 8.166550e-01  9.504309e-04 
 8.169779e-01  9.461255e-04 
 8.173009e-01  9.415922e-04 
 8.176238e-01  9.368062e-04 
 8.179468e-01  9.318133e-04 
 8.182697e-01  9.265932e-04 
 8.185927e-01  9.211576e-04 
 8.189156e-01  9.154907e-04 
 8.192385e-01  9.096277e-04 
 8.195615e-01  9.035365e-04 
 8.198844e-01  8.972483e-04 
 8.202074e-01  8.907777e-04 
 8.205303e-01  8.840839e-04 
 8.208533e-01  8.772071e-04 
 8.211762e-01  8.701304e-04 
 8.214992e-01  8.628740e-04 
 8.218221e-01  8.554258e-04 
 8.221450e-01  8.477830e-04 
 8.224680e-01  8.399566e-04 
 8.227909e-01  8.319456e-04 
 8.231139e-01  8.237591e-04 
 8.234368e-01  8.154091e-04 
 8.237598e-01  8.069135e-04 
 8.240827e-01  7.982598e-04 
 8.244056e-01  7.894467e-04 
 8.247286e-01  7.804971e-04 
 8.250515e-01  7.713741e-04 
 8.253745e-01  7.621323e-04 
 8.256974e-01  7.527540e-04 
 8.260204e-01  7.432262e-04 
 8.263433e-01  7.335492e-04 
 8.266663e-01  7.237559e-04 
 8.269892e-01  7.138054e-04 
 8.273121e-01  7.037604e-04 
 8.276351e-01  6.935912e-04 
 8.279580e-01  6.833144e-04 
 8.282810e-01  6.729041e-04 
 8.286039e-01  6.623885e-04 
 8.289269e-01  6.517567e-04 
 8.292498e-01  6.410248e-04 
 8.295727e-01  6.302224e-04 
 8.298957e-01  6.193250e-04 
 8.302186e-01  6.083292e-04 
 8.305416e-01  5.972506e-04 
 8.308645e-01  5.860933e-04 
 8.311875e-01  5.748633e-04 
 8.315104e-01  5.635625e-04 
 8.318333e-01  5.521862e-04 
 8.321563e-01  5.407501e-04 
 8.324792e-01  5.292193e-04 
 8.328022e-01  5.176632e-04 
 8.331251e-01  5.060520e-04 
 8.334481e-01  4.944048e-04 
 8.337710e-01  4.826935e-04 
 8.340939e-01  4.709725e-04 
 8.344169e-01  4.592144e-04 
 8.347398e-01  4.474305e-04 
 8.350628e-01  4.356228e-04 
 8.353857e-01  4.238107e-04 
 8.357101e-01  4.119128e-04 
 8.360347e-01  3.999996e-04 
 8.363593e-01  3.880970e-04 
 8.366838e-01  3.762011e-04 
 8.370084e-01  3.643088e-04 
 8.373330e-01  3.524384e-04 
 8.376575e-01  3.405823e-04 
 8.379821e-01  3.287610e-04 
 8.383067e-01  3.169741e-04 
 8.386312e-01  3.052172e-04 
 8.389558e-01  2.934957e-04 
 8.392804e-01  2.818329e-04 
 8.396049e-01  2.702096e-04 
 8.399295e-01  2.586266e-04 
 8.402541e-01  2.471164e-04 
 8.405786e-01  2.356733e-04 
 8.409032e-01  2.243025e-04 
 8.412278e-01  2.130001e-04 
 8.415523e-01  2.017909e-04 
 8.418769e-01  1.906611e-04 
 8.421999e-01  1.796830e-04 
 8.425228e-01  1.688192e-04 
 8.428458e-01  1.580766e-04 
 8.431687e-01  1.474264e-04 
 8.434917e-01  1.369016e-04 
 8.438147e-01  1.264479e-04 
 8.441376e-01  1.161596e-04 
 8.444606e-01  1.060011e-04 
 8.447835e-01  9.599781e-05 
 8.451065e-01  8.610525e-05 
 8.454294e-01  7.635203e-05 
 8.457524e-01  6.674056e-05 
 8.460754e-01  5.727350e-05 
 8.463983e-01  4.795849e-05 
 8.467213e-01  3.883616e-05 
 8.470442e-01  2.983259e-05 
 8.473672e-01  2.100407e-05 
 8.476902e-01  1.233932e-05 
 8.480131e-01  3.860483e-06 
 8.483361e-01 -4.477944e-06 
 8.486590e-01 -1.262874e-05 
 8.489820e-01 -2.058578e-05 
 8.493050e-01 -2.836658e-05 
 8.496279e-01 -3.601176e-05 
 8.499509e-01 -4.344575e-05 
 8.502738e-01 -5.069577e-05 
 8.505968e-01 -5.777506e-05 
 8.509198e-01 -6.464344e-05 
 8.512427e-01 -7.133018e-05 
 8.515657e-01 -7.783792e-05 
 8.518886e-01 -8.412282e-05 
 8.522116e-01 -9.024097e-05 
 8.525346e-01 -9.616522e-05 
 8.528575e-01 -1.019089e-04 
 8.531805e-01 -1.074392e-04 
 8.535034e-01 -1.127845e-04 
 8.538264e-01 -1.178970e-04 
 8.541494e-01 -1.228069e-04 
 8.544723e-01 -1.275226e-04 
 8.547953e-01 -1.320395e-04 
 8.551182e-01 -1.363666e-04 
 8.554412e-01 -1.404706e-04 
 8.557642e-01 -1.443477e-04 
 8.560871e-01 -1.480183e-04 
 8.564101e-01 -1.514936e-04 
 8.567331e-01 -1.547666e-04 
 8.570560e-01 -1.578336e-04 
 8.573790e-01 -1.606749e-04 
 8.577019e-01 -1.632958e-04 
 8.580249e-01 -1.657211e-04 
 8.583479e-01 -1.679282e-04 
 8.586708e-01 -1.699447e-04 
 8.589938e-01 -1.717522e-04 
 8.593167e-01 -1.733186e-04 
 8.596397e-01 -1.746901e-04 
 8.599627e-01 -1.758451e-04 
 8.602856e-01 -1.767829e-04 
 8.606086e-01 -1.775077e-04 
 8.609315e-01 -1.780086e-04 
 8.612545e-01 -1.783050e-04 
 8.615775e-01 -1.783698e-04 
 8.619004e-01 -1.782327e-04 
 8.622234e-01 -1.778999e-04 
 8.625464e-01 -1.773490e-04 
 8.628693e-01 -1.765917e-04 
 8.631923e-01 -1.756304e-04 
 8.635152e-01 -1.744351e-04 
 8.638382e-01 -1.730274e-04 
 8.641612e-01 -1.714213e-04 
 8.644841e-01 -1.696022e-04 
 8.648071e-01 -1.675779e-04 
 8.651300e-01 -1.653272e-04 
 8.654530e-01 -1.628562e-04 
 8.657760e-01 -1.601937e-04 
 8.660989e-01 -1.573242e-04 
 8.664219e-01 -1.542709e-04 
 8.667449e-01 -1.510188e-04 
 8.670678e-01 -1.475600e-04 
 8.673908e-01 -1.438958e-04 
 8.677137e-01 -1.400432e-04 
 8.680367e-01 -1.359814e-04 
 8.683597e-01 -1.317347e-04 
 8.686826e-01 -1.272799e-04 
 8.690056e-01 -1.226261e-04 
 8.693285e-01 -1.177596e-04 
 8.696515e-01 -1.127316e-04 
 8.699745e-01 -1.075051e-04 
 8.702974e-01 -1.021008e-04 
 8.706204e-01 -9.651526e-05 
 8.709433e-01 -9.074365e-05 
 8.712663e-01 -8.479105e-05 
 8.715893e-01 -7.867553e-05 
 8.719122e-01 -7.235274e-05 
 8.722352e-01 -6.586719e-05 
 8.725581e-01 -5.918758e-05 
 8.728811e-01 -5.234289e-05 
 8.732041e-01 -4.533466e-05 
 8.735270e-01 -3.818458e-05 
 8.738500e-01 -3.083842e-05 
 8.741729e-01 -2.334618e-05 
 8.744959e-01 -1.567222e-05 
 8.748189e-01 -7.869197e-06 
 8.751418e-01  9.334939e-08 
 8.754648e-01  8.182063e-06 
 8.757877e-01  1.642737e-05 
 8.761107e-01  2.480155e-05 
 8.764337e-01  3.333751e-05 
 8.767566e-01  4.198736e-05 
 8.770796e-01  5.076906e-05 
 8.774025e-01  5.968423e-05 
 8.777255e-01  6.872437e-05 
 8.780485e-01  7.787121e-05 
 8.783714e-01  8.714406e-05 
 8.786944e-01  9.652094e-05 
 8.790173e-01  1.060189e-04 
 8.793403e-01  1.155959e-04 
 8.796633e-01  1.252758e-04 
 8.799862e-01  1.350412e-04 
 8.803092e-01  1.448914e-04 
 8.806321e-01  1.548136e-04 
 8.809551e-01  1.648302e-04 
 8.812780e-01  1.748965e-04 
 8.816010e-01  1.850313e-04 
 8.819240e-01  1.952298e-04 
 8.822469e-01  2.054835e-04 
 8.825699e-01  2.157998e-04 
 8.828928e-01  2.261697e-04 
 8.832158e-01  2.365575e-04 
 8.835388e-01  2.469790e-04 
 8.838617e-01  2.574413e-04 
 8.841847e-01  2.679303e-04 
 8.845076e-01  2.784436e-04 
 8.848306e-01  2.889505e-04 
 8.851535e-01  2.994598e-04 
 8.854765e-01  3.099779e-04 
 8.857995e-01  3.205083e-04 
 8.861224e-01  3.310300e-04 
 8.864454e-01  3.415498e-04 
 8.867683e-01  3.520465e-04 
 8.870913e-01  3.625380e-04 
 8.874142e-01  3.730131e-04 
 8.877372e-01  3.834847e-04 
 8.880601e-01  3.939199e-04 
 8.883831e-01  4.043134e-04 
 8.887061e-01  4.146737e-04 
 8.890290e-01  4.250011e-04 
 8.893520e-01  4.352812e-04 
 8.896749e-01  4.455103e-04 
 8.899979e-01  4.557029e-04 
 8.903208e-01  4.658366e-04 
 8.906452e-01  4.759482e-04 
 8.909698e-01  4.859978e-04 
 8.912944e-01  4.959999e-04 
 8.916190e-01  5.059275e-04 
 8.919435e-01  5.157930e-04 
 8.922681e-01  5.255953e-04 
 8.925927e-01  5.353186e-04 
 8.929172e-01  5.449560e-04 
 8.932418e-01  5.545014e-04 
 8.935664e-01  5.639582e-04 
 8.938909e-01  5.733060e-04 
 8.942155e-01  5.825770e-04 
 8.945401e-01  5.917481e-04 
 8.948646e-01  6.008152e-04 
 8.951892e-01  6.098011e-04 
 8.955138e-01  6.186751e-04 
 8.958383e-01  6.274308e-04 
 8.961629e-01  6.360748e-04 
 8.964875e-01  6.445946e-04 
 8.968120e-01  6.529959e-04 
 8.971352e-01  6.612578e-04 
 8.974583e-01  6.693930e-04 
 8.977814e-01  6.774020e-04 
 8.981045e-01  6.852911e-04 
 8.984276e-01  6.930601e-04 
 8.987507e-01  7.007204e-04 
 8.990739e-01  7.082542e-04 
 8.993970e-01  7.156358e-04 
 8.997201e-01  7.228743e-04 
 9.000432e-01  7.299695e-04 
 9.003662e-01  7.369270e-04 
 9.006891e-01  7.437254e-04 
 9.010120e-01  7.503683e-04 
 9.013350e-01  7.568628e-04 
 9.016579e-01  7.632161e-04 
 9.019809e-01  7.694036e-04 
 9.023038e-01  7.754268e-04 
 9.026268e-01  7.813025e-04 
 9.029497e-01  7.869926e-04 
 9.032726e-01  7.925217e-04 
 9.035956e-01  7.978880e-04 
 9.039185e-01  8.030988e-04 
 9.042415e-01  8.081133e-04 
 9.045644e-01  8.129621e-04 
 9.048874e-01  8.176342e-04 
 9.052103e-01  8.221306e-04 
 9.055332e-01  8.264564e-04 
 9.058562e-01  8.306037e-04 
 9.061791e-01  8.345665e-04 
 9.065021e-01  8.383598e-04 
 9.068250e-01  8.419718e-04 
 9.071480e-01  8.453832e-04 
 9.074709e-01  8.486079e-04 
 9.077939e-01  8.516430e-04 
 9.081168e-01  8.545085e-04 
 9.084397e-01  8.571802e-04 
 9.087627e-01  8.596511e-04 
 9.090856e-01  8.619179e-04 
 9.094086e-01  8.639900e-04 
 9.097315e-01  8.658472e-04 
 9.100545e-01  8.675458e-04 
 9.103774e-01  8.690483e-04 
 9.107003e-01  8.703411e-04 
 9.110233e-01  8.714113e-04 
 9.113462e-01  8.723077e-04 
 9.116692e-01  8.729899e-04 
 9.119921e-01  8.734678e-04 
 9.123151e-01  8.737603e-04 
 9.126380e-01  8.738687e-04 
 9.129610e-01  8.737669e-04 
 9.132839e-01  8.734583e-04 
 9.136069e-01  8.729368e-04 
 9.139298e-01  8.722317e-04 
 9.142527e-01  8.713216e-04 
 9.145757e-01  8.702019e-04 
 9.148986e-01  8.688952e-04 
 9.152216e-01  8.673868e-04 
 9.155445e-01  8.656850e-04 
 9.158675e-01  8.637773e-04 
 9.161904e-01  8.616944e-04 
 9.165134e-01  8.594230e-04 
 9.168363e-01  8.569534e-04 
 9.171592e-01  8.542940e-04 
 9.174822e-01  8.514669e-04 
 9.178051e-01  8.484607e-04 
 9.181281e-01  8.452863e-04 
 9.184510e-01  8.419241e-04 
 9.187740e-01  8.383786e-04 
 9.190969e-01  8.346731e-04 
 9.194199e-01  8.308024e-04 
 9.197428e-01  8.267579e-04 
 9.200658e-01  8.225325e-04 
 9.203887e-01  8.181290e-04 
 9.207116e-01  8.135497e-04 
 9.210346e-01  8.088122e-04 
 9.213575e-01  8.039433e-04 
 9.216805e-01  7.989307e-04 
 9.220034e-01  7.937623e-04 
 9.223264e-01  7.884373e-04 
 9.226493e-01  7.829733e-04 
 9.229723e-01  7.773792e-04 
 9.232952e-01  7.716237e-04 
 9.236181e-01  7.657326e-04 
 9.239411e-01  7.597142e-04 
 9.242640e-01  7.535650e-04 
 9.245870e-01  7.472743e-04 
 9.249099e-01  7.408695e-04 
 9.252329e-01  7.343489e-04 
 9.255558e-01  7.277005e-04 
 9.258788e-01  7.209583e-04 
 9.262017e-01  7.140902e-04 
 9.265246e-01  7.071209e-04 
 9.268476e-01  7.000497e-04 
 9.271705e-01  6.928763e-04 
 9.274935e-01  6.856023e-04 
 9.278164e-01  6.782254e-04 
 9.281394e-01  6.707288e-04 
 9.284623e-01  6.631510e-04 
 9.287853e-01  6.554755e-04 
 9.291082e-01  6.477255e-04 
 9.294311e-01  6.398784e-04 
 9.297541e-01  6.319571e-04 
 9.300770e-01  6.239323e-04 
 9.304000e-01  6.158345e-04 
 9.307229e-01  6.076675e-04 
 9.310459e-01  5.994541e-04 
 9.313688e-01  5.911479e-04 
 9.316917e-01  5.827911e-04 
 9.320147e-01  5.743439e-04 
 9.323376e-01  5.658381e-04 
 9.326606e-01  5.572788e-04 
 9.329835e-01  5.486591e-04 
 9.333065e-01  5.399805e-04 
 9.336294e-01  5.312478e-04 
 9.339524e-01  5.224476e-04 
 9.342753e-01  5.136190e-04 
 9.345982e-01  5.047134e-04 
 9.349212e-01  4.957839e-04 
 9.352441e-01  4.868162e-04 
 9.355671e-01  4.778294e-04 
 9.358915e-01  4.687508e-04 
 9.362160e-01  4.596423e-04 
 9.365406e-01  4.505117e-04 
 9.368652e-01  4.413613e-04 
 9.371898e-01  4.321936e-04 
 9.375143e-01  4.230165e-04 
 9.378389e-01  4.138016e-04 
 9.381635e-01  4.045818e-04 
 9.384880e-01  3.953694e-04 
 9.388126e-01  3.861576e-04 
 9.391372e-01  3.769284e-04 
 9.394617e-01  3.677207e-04 
 9.397863e-01  3.585173e-04 
 9.401109e-01  3.493413e-04 
 9.404354e-01  3.401659e-04 
 9.407600e-01  3.309998e-04 
 9.410846e-01  3.218491e-04 
 9.414091e-01  3.127331e-04 
 9.417337e-01  3.036422e-04 
 9.420583e-01  2.945814e-04 
 9.423828e-01  2.855733e-04 
 9.427074e-01  2.765944e-04 
 9.430320e-01  2.676524e-04 
 9.433566e-01  2.587682e-04 
 9.436811e-01  2.499250e-04 
 9.440057e-01  2.411351e-04 
 9.443303e-01  2.323997e-04 
 9.446548e-01  2.237267e-04 
 9.449794e-01  2.151208e-04 
 9.453040e-01  2.065920e-04 
 9.456269e-01  1.981730e-04 
 9.459499e-01  1.898272e-04 
 9.462728e-01  1.815541e-04 
 9.465958e-01  1.733789e-04 
 9.469187e-01  1.652805e-04 
 9.472417e-01  1.572612e-04 
 9.475647e-01  1.493201e-04 
 9.478876e-01  1.414822e-04 
 9.482106e-01  1.337291e-04 
 9.485335e-01  1.261008e-04 
 9.488565e-01  1.185644e-04 
 9.491795e-01  1.111366e-04 
 9.495024e-01  1.038024e-04 
 9.498254e-01  9.660352e-05 
 9.501483e-01  8.953411e-05 
 9.504713e-01  8.256356e-05 
 9.507942e-01  7.571323e-05 
 9.511172e-01  6.899417e-05 
 9.514402e-01  6.240213e-05 
 9.517631e-01  5.593752e-05 
 9.520861e-01  4.960057e-05 
 9.524090e-01  4.339824e-05 
 9.527320e-01  3.735855e-05 
 9.530550e-01  3.144563e-05 
 9.533779e-01  2.565308e-05 
 9.537009e-01  2.002073e-05 
 9.540238e-01  1.453437e-05 
 9.543468e-01  9.175378e-06 
 9.546698e-01  3.984600e-06 
 9.549927e-01 -1.040320e-06 
 9.553157e-01 -5.935241e-06 
 9.556386e-01 -1.066718e-05 
 9.559616e-01 -1.522494e-05 
 9.562846e-01 -1.962802e-05 
 9.566075e-01 -2.387461e-05 
 9.569305e-01 -2.793738e-05 
 9.572534e-01 -3.185392e-05 
 9.575764e-01 -3.558604e-05 
 9.578993e-01 -3.914454e-05 
 9.582223e-01 -4.254926e-05 
 9.585453e-01 -4.577340e-05 
 9.588682e-01 -4.883869e-05 
 9.591912e-01 -5.172976e-05 
 9.595141e-01 -5.445377e-05 
 9.598371e-01 -5.698586e-05 
 9.601601e-01 -5.934586e-05 
 9.604830e-01 -6.153803e-05 
 9.608060e-01 -6.354132e-05 
 9.611289e-01 -6.536817e-05 
 9.614519e-01 -6.701592e-05 
 9.617749e-01 -6.850834e-05 
 9.620978e-01 -6.982458e-05 
 9.624208e-01 -7.096764e-05 
 9.627437e-01 -7.191319e-05 
 9.630667e-01 -7.269387e-05 
 9.633897e-01 -7.330762e-05 
 9.637126e-01 -7.376077e-05 
 9.640356e-01 -7.403871e-05 
 9.643585e-01 -7.413801e-05 
 9.646815e-01 -7.405811e-05 
 9.650045e-01 -7.381704e-05 
 9.653274e-01 -7.339406e-05 
 9.656504e-01 -7.281714e-05 
 9.659733e-01 -7.204802e-05 
 9.662963e-01 -7.109981e-05 
 9.666193e-01 -6.999304e-05 
 9.669422e-01 -6.873871e-05 
 9.672652e-01 -6.729351e-05 
 9.675881e-01 -6.569001e-05 
 9.679111e-01 -6.392583e-05 
 9.682340e-01 -6.200150e-05 
 9.685570e-01 -5.988564e-05 
 9.688800e-01 -5.761889e-05 
 9.692029e-01 -5.517960e-05 
 9.695259e-01 -5.256783e-05 
 9.698488e-01 -4.980061e-05 
 9.701718e-01 -4.686828e-05 
 9.704948e-01 -4.376433e-05 
 9.708177e-01 -4.050918e-05 
 9.711407e-01 -3.709148e-05 
 9.714636e-01 -3.353023e-05 
 9.717866e-01 -2.980715e-05 
 9.721096e-01 -2.593462e-05 
 9.724325e-01 -2.188085e-05 
 9.727555e-01 -1.767852e-05 
 9.730784e-01 -1.332087e-05 
 9.734014e-01 -8.812911e-06 
 9.737244e-01 -4.158396e-06 
 9.740473e-01  6.556173e-07 
 9.743703e-01  5.609033e-06 
 9.746932e-01  1.069826e-05 
 9.750162e-01  1.593496e-05 
 9.753391e-01  2.131548e-05 
 9.756621e-01  2.684197e-05 
 9.759851e-01  3.252533e-05 
 9.763080e-01  3.834478e-05 
 9.766310e-01  4.429628e-05 
 9.769539e-01  5.037223e-05 
 9.772769e-01  5.658846e-05 
 9.775999e-01  6.292410e-05 
 9.779228e-01  6.938763e-05 
 9.782458e-01  7.597049e-05 
 9.785687e-01  8.267577e-05 
 9.788917e-01  8.950645e-05 
 9.792146e-01  9.644475e-05 
 9.795376e-01  1.034911e-04 
 9.798606e-01  1.106611e-04 
 9.801835e-01  1.179368e-04 
 9.805065e-01  1.253081e-04 
 9.808294e-01  1.327758e-04 
 9.811524e-01  1.403465e-04 
 9.814753e-01  1.479987e-04 
 9.817983e-01  1.557389e-04 
 9.821213e-01  1.635507e-04 
 9.824442e-01  1.714319e-04 
 9.827672e-01  1.793776e-04 
 9.830901e-01  1.874013e-04 
 9.834131e-01  1.954815e-04 
 9.837361e-01  2.036417e-04 
 9.840590e-01  2.118690e-04 
 9.843820e-01  2.201334e-04 
 9.847049e-01  2.284411e-04 
 9.850279e-01  2.367924e-04 
 9.853508e-01  2.451869e-04 
 9.856738e-01  2.536209e-04 
 9.859968e-01  2.620815e-04 
 9.863197e-01  2.705739e-04 
 9.866427e-01  2.790823e-04 
 9.869656e-01  2.876138e-04 
 9.872886e-01  2.961637e-04 
 9.876115e-01  3.047184e-04 
 9.879345e-01  3.132887e-04 
 9.882575e-01  3.218584e-04 
 9.885804e-01  3.304249e-04 
 9.889034e-01  3.389879e-04 
 9.892263e-01  3.475346e-04 
 9.895493e-01  3.560795e-04 
 9.898722e-01  3.646080e-04 
 9.901952e-01  3.731194e-04 
 9.905182e-01  3.815950e-04 
 9.908411e-01  3.900418e-04 
 9.911641e-01  3.984577e-04 
 9.914870e-01  4.068505e-04 
 9.918100e-01  4.152008e-04 
 9.921329e-01  4.235102e-04 
 9.924559e-01  4.317708e-04 
 9.927789e-01  4.399895e-04 
 9.931018e-01  4.481644e-04 
 9.934248e-01  4.562944e-04 
 9.937477e-01  4.643692e-04 
 9.940721e-01  4.724145e-04 
 9.943967e-01  4.804030e-04 
 9.947213e-01  4.883269e-04 
 9.950458e-01  4.961751e-04 
 9.953704e-01  5.039557e-04 
 9.956950e-01  5.116532e-04 
 9.960195e-01  5.192768e-04 
 9.963441e-01  5.268256e-04 
 9.966687e-01  5.343036e-04 
 9.969932e-01  5.416839e-04 
 9.973178e-01  5.489713e-04 
 9.976424e-01  5.561722e-04 
 9.979669e-01  5.632827e-04 
 9.982915e-01  5.702951e-04 
 9.986161e-01  5.772260e-04 
 9.989407e-01  5.840848e-04 
 9.992652e-01  5.908421e-04 
 9.995898e-01  5.975035e-04 
 9.999144e-01  6.040487e-04 
 1.000239e+00  6.105020e-04 
 1.000562e+00  6.168049e-04 
 1.000885e+00  6.230042e-04 
 1.001208e+00  6.290934e-04 
 1.001531e+00  6.350690e-04 
 1.001855e+00  6.409317e-04 
 1.002178e+00  6.466563e-04 
 1.002501e+00  6.522818e-04 
 1.002824e+00  6.577958e-04 
 1.003147e+00  6.631949e-04 
 1.003470e+00  6.684778e-04 
 1.003793e+00  6.736305e-04 
 1.004116e+00  6.786598e-04 
 1.004439e+00  6.835727e-04 
 1.004762e+00  6.883612e-04 
 1.005085e+00  6.930287e-04 
 1.005408e+00  6.975543e-04 
 1.005731e+00  7.019658e-04 
 1.006054e+00  7.062439e-04 
 1.006377e+00  7.104044e-04 
 1.006700e+00  7.144282e-04 
 1.007022e+00  7.183463e-04 
 1.007345e+00  7.221328e-04 
 1.007668e+00  7.257982e-04 
 1.007991e+00  7.293230e-04 
 1.008314e+00  7.327145e-04 
 1.008637e+00  7.359652e-04 
 1.008960e+00  7.390800e-04 
 1.009283e+00  7.420580e-04 
 1.009606e+00  7.448855e-04 
 1.009929e+00  7.475743e-04 
 1.010252e+00  7.501348e-04 
 1.010575e+00  7.525809e-04 
 1.010898e+00  7.548785e-04 
 1.011221e+00  7.570304e-04 
 1.011544e+00  7.590491e-04 
 1.011867e+00  7.609090e-04 
 1.012190e+00  7.626449e-04 
 1.012513e+00  7.642381e-04 
 1.012835e+00  7.656962e-04 
 1.013158e+00  7.670061e-04 
 1.013481e+00  7.681772e-04 
 1.013804e+00  7.691826e-04 
 1.014127e+00  7.700670e-04 
 1.014450e+00  7.708132e-04 
 1.014773e+00  7.714183e-04 
 1.015096e+00  7.718621e-04 
 1.015419e+00  7.721498e-04 
 1.015742e+00  7.723057e-04 
 1.016065e+00  7.723001e-04 
 1.016388e+00  7.721604e-04 
 1.016711e+00  7.718630e-04 
 1.017034e+00  7.714380e-04 
 1.017357e+00  7.708714e-04 
 1.017680e+00  7.701576e-04 
 1.018003e+00  7.692842e-04 
 1.018326e+00  7.682781e-04 
 1.018649e+00  7.671341e-04 
 1.018971e+00  7.658539e-04 
 1.019294e+00  7.644195e-04 
 1.019617e+00  7.628447e-04 
 1.019940e+00  7.611288e-04 
 1.020263e+00  7.592740e-04 
 1.020586e+00  7.572765e-04 
 1.020909e+00  7.551378e-04 
 1.021232e+00  7.528474e-04 
 1.021555e+00  7.504271e-04 
 1.021878e+00  7.478641e-04 
 1.022201e+00  7.451770e-04 
 1.022524e+00  7.423367e-04 
 1.022847e+00  7.393754e-04 
 1.023170e+00  7.362916e-04 
 1.023493e+00  7.330661e-04 
 1.023816e+00  7.297054e-04 
 1.024139e+00  7.262275e-04 
 1.024462e+00  7.226193e-04 
 1.024784e+00  7.188838e-04 
 1.025107e+00  7.150353e-04 
 1.025430e+00  7.110666e-04 
 1.025753e+00  7.069943e-04 
 1.026076e+00  7.028159e-04 
 1.026399e+00  6.985113e-04 
 1.026722e+00  6.940964e-04 
 1.027045e+00  6.895768e-04 
 1.027368e+00  6.849402e-04 
 1.027691e+00  6.801958e-04 
 1.028014e+00  6.753461e-04 
 1.028337e+00  6.704011e-04 
 1.028660e+00  6.653668e-04 
 1.028983e+00  6.602207e-04 
 1.029306e+00  6.549656e-04 
 1.029629e+00  6.496248e-04 
 1.029952e+00  6.441896e-04 
 1.030274e+00  6.386772e-04 
 1.030597e+00  6.330821e-04 
 1.030920e+00  6.273925e-04 
 1.031243e+00  6.216336e-04 
 1.031566e+00  6.157839e-04 
 1.031889e+00  6.098494e-04 
 1.032212e+00  6.038420e-04 
 1.032535e+00  5.977447e-04 
 1.032858e+00  5.915865e-04 
 1.033181e+00  5.853617e-04 
 1.033504e+00  5.790747e-04 
 1.033827e+00  5.727068e-04 
 1.034150e+00  5.662714e-04 
 1.034473e+00  5.597704e-04 
 1.034796e+00  5.532097e-04 
 1.035119e+00  5.465805e-04 
 1.035442e+00  5.398972e-04 
 1.035765e+00  5.331531e-04 
 1.036087e+00  5.263396e-04 
 1.036410e+00  5.194653e-04 
 1.036733e+00  5.125540e-04 
 1.037056e+00  5.055853e-04 
 1.037379e+00  4.985693e-04 
 1.037702e+00  4.915243e-04 
 1.038025e+00  4.844236e-04 
 1.038348e+00  4.772777e-04 
 1.038671e+00  4.700954e-04 
 1.038994e+00  4.628607e-04 
 1.039318e+00  4.555541e-04 
 1.039643e+00  4.482091e-04 
 1.039967e+00  4.408445e-04 
 1.040292e+00  4.334454e-04 
 1.040617e+00  4.260116e-04 
 1.040941e+00  4.185525e-04 
 1.041266e+00  4.110634e-04 
 1.041590e+00  4.035605e-04 
 1.041915e+00  3.960387e-04 
 1.042239e+00  3.884925e-04 
 1.042564e+00  3.809243e-04 
 1.042889e+00  3.733482e-04 
 1.043213e+00  3.657693e-04 
 1.043538e+00  3.581853e-04 
 1.043862e+00  3.506033e-04 
 1.044187e+00  3.430274e-04 
 1.044511e+00  3.354627e-04 
 1.044836e+00  3.278918e-04 
 1.045161e+00  3.203383e-04 
 1.045485e+00  3.127828e-04 
 1.045810e+00  3.052566e-04 
 1.046134e+00  2.977532e-04 
 1.046459e+00  2.902729e-04 
 1.046783e+00  2.828154e-04 
 1.047108e+00  2.753916e-04 
 1.047433e+00  2.679974e-04 
 1.047757e+00  2.606303e-04 
 1.048082e+00  2.533003e-04 
 1.048406e+00  2.460212e-04 
 1.048731e+00  2.387850e-04 
 1.049055e+00  2.315997e-04 
 1.049380e+00  2.244711e-04 
 1.049705e+00  2.173855e-04 
 1.050029e+00  2.103586e-04 
 1.050354e+00  2.033967e-04 
 1.050678e+00  1.964750e-04 
 1.051003e+00  1.896379e-04 
 1.051327e+00  1.828871e-04 
 1.051652e+00  1.762155e-04 
 1.051976e+00  1.696331e-04 
 1.052299e+00  1.631501e-04 
 1.052622e+00  1.567363e-04 
 1.052945e+00  1.504011e-04 
 1.053268e+00  1.441830e-04 
 1.053591e+00  1.380486e-04 
 1.053914e+00  1.320105e-04 
 1.054237e+00  1.260595e-04 
 1.054560e+00  1.202207e-04 
 1.054883e+00  1.144608e-04 
 1.055206e+00  1.088059e-04 
 1.055529e+00  1.032573e-04 
 1.055852e+00  9.784807e-05 
 1.056175e+00  9.254308e-05 
 1.056498e+00  8.733955e-05 
 1.056821e+00  8.224772e-05 
 1.057144e+00  7.728442e-05 
 1.057467e+00  7.244175e-05 
 1.057790e+00  6.772633e-05 
 1.058113e+00  6.313780e-05 
 1.058436e+00  5.867847e-05 
 1.058759e+00  5.435516e-05 
 1.059082e+00  5.014807e-05 
 1.059404e+00  4.607864e-05 
 1.059727e+00  4.214779e-05 
 1.060050e+00  3.835949e-05 
 1.060373e+00  3.472025e-05 
 1.060696e+00  3.122006e-05 
 1.061019e+00  2.786864e-05 
 1.061342e+00  2.467722e-05 
 1.061665e+00  2.162313e-05 
 1.061988e+00  1.870687e-05 
 1.062311e+00  1.594781e-05 
 1.062634e+00  1.333774e-05 
 1.062957e+00  1.089090e-05 
 1.063280e+00  8.583720e-06 
 1.063603e+00  6.428844e-06 
 1.063926e+00  4.433576e-06 
 1.064249e+00  2.597417e-06 
 1.064572e+00  9.347885e-07 
 1.064895e+00 -5.725236e-07 
 1.065218e+00 -1.929428e-06 
 1.065541e+00 -3.121930e-06 
 1.065864e+00 -4.166510e-06 
 1.066187e+00 -5.041716e-06 
 1.066510e+00 -5.765174e-06 
 1.066833e+00 -6.321898e-06 
 1.067155e+00 -6.715645e-06 
 1.067478e+00 -6.949100e-06 
 1.067801e+00 -7.039395e-06 
 1.068124e+00 -6.962116e-06 
 1.068447e+00 -6.742082e-06 
 1.068770e+00 -6.350842e-06 
 1.069093e+00 -5.816172e-06 
 1.069416e+00 -5.115686e-06 
 1.069739e+00 -4.248544e-06 
 1.070062e+00 -3.222350e-06 
 1.070385e+00 -2.048308e-06 
 1.070708e+00 -7.226594e-07 
 1.071031e+00  7.381889e-07 
 1.071354e+00  2.371909e-06 
 1.071677e+00  4.152768e-06 
 1.072000e+00  6.083591e-06 
 1.072323e+00  8.156138e-06 
 1.072646e+00  1.037690e-05 
 1.072969e+00  1.273860e-05 
 1.073292e+00  1.523385e-05 
 1.073615e+00  1.787492e-05 
 1.073938e+00  2.066942e-05 
 1.074261e+00  2.361059e-05 
 1.074584e+00  2.668495e-05 
 1.074907e+00  2.990147e-05 
 1.075229e+00  3.324548e-05 
 1.075552e+00  3.671543e-05 
 1.075875e+00  4.033409e-05 
 1.076198e+00  4.407079e-05 
 1.076521e+00  4.794952e-05 
 1.076844e+00  5.194661e-05 
 1.077167e+00  5.606599e-05 
 1.077490e+00  6.030291e-05 
 1.077813e+00  6.466507e-05 
 1.078136e+00  6.915373e-05 
 1.078459e+00  7.377194e-05 
 1.078782e+00  7.851596e-05 
 1.079105e+00  8.337598e-05 
 1.079428e+00  8.834895e-05 
 1.079751e+00  9.343555e-05 
 1.080074e+00  9.863276e-05 
 1.080397e+00  1.039477e-04 
 1.080720e+00  1.093662e-04 
 1.081043e+00  1.148911e-04 
 1.081366e+00  1.205292e-04 
 1.081689e+00  1.262657e-04 
 1.082012e+00  1.320912e-04 
 1.082335e+00  1.380196e-04 
 1.082658e+00  1.440364e-04 
 1.082980e+00  1.501567e-04 
 1.083303e+00  1.563674e-04 
 1.083626e+00  1.626496e-04 
 1.083949e+00  1.690154e-04 
 1.084272e+00  1.754644e-04 
 1.084595e+00  1.819891e-04 
 1.084918e+00  1.885984e-04 
 1.085241e+00  1.952756e-04 
 1.085564e+00  2.020254e-04 
 1.085887e+00  2.088259e-04 
 1.086210e+00  2.156906e-04 
 1.086533e+00  2.226151e-04 
 1.086856e+00  2.296012e-04 
 1.087179e+00  2.366286e-04 
 1.087502e+00  2.437090e-04 
 1.087825e+00  2.508423e-04 
 1.088148e+00  2.580087e-04 
 1.088471e+00  2.652215e-04 
 1.088794e+00  2.724592e-04 
 1.089117e+00  2.797319e-04 
 1.089440e+00  2.870303e-04 
 1.089763e+00  2.943493e-04 
 1.090086e+00  3.016852e-04 
 1.090409e+00  3.090422e-04 
 1.090731e+00  3.164037e-04 
 1.091054e+00  3.237680e-04 
 1.091377e+00  3.311465e-04 
 1.091700e+00  3.385085e-04 
 1.092023e+00  3.458645e-04 
 1.092346e+00  3.532174e-04 
 1.092669e+00  3.605620e-04 
 1.092992e+00  3.678984e-04 
 1.093315e+00  3.752128e-04 
 1.093638e+00  3.825016e-04 
 1.093961e+00  3.897564e-04 
 1.094284e+00  3.969894e-04 
 1.094607e+00  4.041962e-04 
 1.094930e+00  4.113664e-04 
 1.095253e+00  4.184917e-04 
 1.095576e+00  4.255671e-04 
 1.095899e+00  4.326130e-04 
 1.096222e+00  4.396100e-04 
 1.096545e+00  4.465611e-04 
 1.096868e+00  4.534698e-04 
 1.097191e+00  4.603199e-04 
 1.097515e+00  4.671385e-04 
 1.097840e+00  4.739310e-04 
 1.098164e+00  4.806549e-04 
 1.098489e+00  4.873210e-04 
 1.098813e+00  4.939262e-04 
 1.099138e+00  5.004706e-04 
 1.099462e+00  5.069471e-04 
 1.099787e+00  5.133578e-04 
 1.100112e+00  5.196947e-04 
 1.100436e+00  5.259639e-04 
 1.100761e+00  5.321510e-04 
 1.101085e+00  5.382607e-04 
 1.101410e+00  5.442952e-04 
 1.101734e+00  5.502535e-04 
 1.102059e+00  5.561302e-04 
 1.102384e+00  5.619274e-04 
 1.102708e+00  5.676338e-04 
 1.103033e+00  5.732581e-04 
 1.103357e+00  5.787809e-04 
 1.103682e+00  5.842184e-04 
 1.104006e+00  5.895623e-04 
 1.104331e+00  5.948109e-04 
 1.104656e+00  5.999774e-04 
 1.104980e+00  6.050403e-04 
 1.105305e+00  6.100052e-04 
 1.105629e+00  6.148750e-04 
 1.105954e+00  6.196464e-04 
 1.106278e+00  6.243134e-04 
 1.106603e+00  6.288863e-04 
 1.106928e+00  6.333514e-04 
 1.107251e+00  6.376926e-04 
 1.107574e+00  6.419405e-04 
 1.107897e+00  6.460692e-04 
 1.108220e+00  6.501056e-04 
 1.108543e+00  6.540305e-04 
 1.108866e+00  6.578371e-04 
 1.109189e+00  6.615402e-04 
 1.109512e+00  6.651408e-04 
 1.109836e+00  6.686223e-04 
 1.110159e+00  6.719952e-04 
 1.110482e+00  6.752587e-04 
 1.110805e+00  6.784001e-04 
 1.111128e+00  6.814344e-04 
 1.111451e+00  6.843588e-04 
 1.111773e+00  6.871702e-04 
 1.112096e+00  6.898646e-04 
 1.112419e+00  6.924405e-04 
 1.112742e+00  6.949101e-04 
 1.113065e+00  6.972489e-04 
 1.113388e+00  6.994759e-04 
 1.113711e+00  7.015926e-04 
 1.114034e+00  7.036004e-04 
 1.114357e+00  7.054806e-04 
 1.114680e+00  7.072555e-04 
 1.115003e+00  7.089171e-04 
 1.115326e+00  7.104476e-04 
 1.115649e+00  7.118607e-04 
 1.115972e+00  7.131580e-04 
 1.116295e+00  7.143112e-04 
 1.116618e+00  7.153649e-04 
 1.116941e+00  7.162850e-04 
 1.117263e+00  7.171017e-04 
 1.117586e+00  7.177960e-04 
 1.117909e+00  7.183624e-04 
 1.118232e+00  7.188147e-04 
 1.118555e+00  7.191336e-04 
 1.118878e+00  7.193471e-04 
 1.119201e+00  7.194503e-04 
 1.119524e+00  7.194176e-04 
 1.119847e+00  7.192791e-04 
 1.120170e+00  7.190050e-04 
 1.120493e+00  7.185999e-04 
 1.120816e+00  7.180736e-04 
 1.121139e+00  7.174278e-04 
 1.121462e+00  7.166518e-04 
 1.121785e+00  7.157557e-04 
 1.122108e+00  7.147287e-04 
 1.122431e+00  7.135873e-04 
 1.122754e+00  7.123076e-04 
 1.123076e+00  7.109120e-04 
 1.123399e+00  7.093939e-04 
 1.123722e+00  7.077478e-04 
 1.124045e+00  7.059679e-04 
 1.124368e+00  7.040645e-04 
 1.124691e+00  7.020378e-04 
 1.125014e+00  6.999043e-04 
 1.125337e+00  6.976296e-04 
 1.125660e+00  6.952263e-04 
 1.125983e+00  6.927094e-04 
 1.126306e+00  6.900714e-04 
 1.126629e+00  6.873182e-04 
 1.126952e+00  6.844360e-04 
 1.127275e+00  6.814446e-04 
 1.127598e+00  6.783312e-04 
 1.127921e+00  6.750883e-04 
 1.128244e+00  6.717353e-04 
 1.128567e+00  6.682665e-04 
 1.128889e+00  6.646839e-04 
 1.129212e+00  6.609916e-04 
 1.129535e+00  6.571851e-04 
 1.129858e+00  6.532670e-04 
 1.130181e+00  6.492371e-04 
 1.130504e+00  6.451051e-04 
 1.130827e+00  6.408659e-04 
 1.131150e+00  6.365261e-04 
 1.131473e+00  6.320889e-04 
 1.131796e+00  6.275560e-04 
 1.132119e+00  6.229232e-04 
 1.132442e+00  6.182017e-04 
 1.132765e+00  6.133909e-04 
 1.133088e+00  6.084888e-04 
 1.133411e+00  6.035002e-04 
 1.133734e+00  5.984293e-04 
 1.134057e+00  5.932572e-04 
 1.134379e+00  5.880026e-04 
 1.134702e+00  5.826796e-04 
 1.135025e+00  5.772683e-04 
 1.135348e+00  5.717792e-04 
 1.135671e+00  5.662135e-04 
 1.135994e+00  5.605834e-04 
 1.136317e+00  5.548801e-04 
 1.136640e+00  5.490935e-04 
 1.136963e+00  5.432407e-04 
 1.137286e+00  5.373326e-04 
 1.137609e+00  5.313736e-04 
 1.137932e+00  5.253598e-04 
 1.138255e+00  5.192829e-04 
 1.138578e+00  5.131399e-04 
 1.138901e+00  5.069420e-04 
 1.139224e+00  5.006902e-04 
 1.139547e+00  4.943762e-04 
 1.139870e+00  4.880153e-04 
 1.140193e+00  4.816219e-04 
 1.140516e+00  4.751745e-04 
 1.140839e+00  4.686838e-04 
 1.141162e+00  4.621613e-04 
 1.141485e+00  4.555933e-04 
 1.141809e+00  4.489901e-04 
 1.142132e+00  4.423683e-04 
 1.142455e+00  4.357035e-04 
 1.142779e+00  4.289801e-04 
 1.143104e+00  4.222234e-04 
 1.143428e+00  4.154349e-04 
 1.143753e+00  4.086252e-04 
 1.144077e+00  4.017958e-04 
 1.144402e+00  3.949423e-04 
 1.144727e+00  3.880720e-04 
 1.145051e+00  3.811981e-04 
 1.145376e+00  3.743090e-04 
 1.145700e+00  3.674114e-04 
 1.146025e+00  3.605163e-04 
 1.146349e+00  3.536158e-04 
 1.146674e+00  3.467155e-04 
 1.146999e+00  3.398084e-04 
 1.147323e+00  3.329173e-04 
 1.147648e+00  3.260462e-04 
 1.147972e+00  3.191810e-04 
 1.148297e+00  3.123252e-04 
 1.148621e+00  3.054882e-04 
 1.148946e+00  2.986719e-04 
 1.149271e+00  2.918813e-04 
 1.149595e+00  2.851305e-04 
 1.149920e+00  2.784158e-04 
 1.150244e+00  2.717241e-04 
 1.150569e+00  2.650929e-04 
 1.150893e+00  2.584883e-04 
 1.151218e+00  2.519290e-04 
 1.151543e+00  2.454128e-04 
 1.151867e+00  2.389593e-04 
 1.152192e+00  2.325582e-04 
 1.152516e+00  2.262182e-04 
 1.152841e+00  2.199376e-04 
 1.153165e+00  2.137111e-04 
 1.153490e+00  2.075521e-04 
 1.153814e+00  2.014708e-04 
 1.154139e+00  1.954296e-04 
 1.154464e+00  1.894823e-04 
 1.154788e+00  1.836100e-04 
 1.155113e+00  1.778242e-04 
 1.155437e+00  1.721175e-04 
 1.155760e+00  1.665321e-04 
 1.156083e+00  1.610261e-04 
 1.156406e+00  1.556108e-04 
 1.156729e+00  1.502968e-04 
 1.157052e+00  1.450721e-04 
 1.157375e+00  1.399345e-04 
 1.157698e+00  1.348944e-04 
 1.158021e+00  1.299662e-04 
 1.158344e+00  1.251281e-04 
 1.158667e+00  1.203992e-04 
 1.158990e+00  1.157863e-04 
 1.159313e+00  1.112997e-04 
 1.159636e+00  1.069088e-04 
 1.159959e+00  1.026406e-04 
 1.160282e+00  9.848882e-05 
 1.160605e+00  9.445869e-05 
 1.160928e+00  9.055065e-05 
 1.161251e+00  8.676118e-05 
 1.161573e+00  8.309803e-05 
 1.161896e+00  7.955863e-05 
 1.162219e+00  7.614903e-05 
 1.162542e+00  7.286218e-05 
 1.162865e+00  6.970355e-05 
 1.163188e+00  6.667989e-05 
 1.163511e+00  6.379790e-05 
 1.163834e+00  6.105200e-05 
 1.164157e+00  5.845901e-05 
 1.164480e+00  5.600173e-05 
 1.164803e+00  5.369876e-05 
 1.165126e+00  5.152981e-05 
 1.165449e+00  4.950072e-05 
 1.165772e+00  4.761047e-05 
 1.166095e+00  4.587694e-05 
 1.166418e+00  4.429055e-05 
 1.166741e+00  4.284713e-05 
 1.167064e+00  4.154181e-05 
 1.167387e+00  4.039569e-05 
 1.167710e+00  3.939774e-05 
 1.168033e+00  3.856992e-05 
 1.168356e+00  3.789038e-05 
 1.168679e+00  3.736051e-05 
 1.169002e+00  3.697853e-05 
 1.169325e+00  3.675389e-05 
 1.169647e+00  3.667871e-05 
 1.169970e+00  3.674574e-05 
 1.170293e+00  3.697560e-05 
 1.170616e+00  3.736082e-05 
 1.170939e+00  3.788489e-05 
 1.171262e+00  3.854658e-05 
 1.171585e+00  3.936310e-05 
 1.171908e+00  4.032260e-05 
 1.172231e+00  4.143487e-05 
 1.172554e+00  4.268165e-05 
 1.172877e+00  4.407973e-05 
 1.173200e+00  4.562054e-05 
 1.173523e+00  4.731019e-05 
 1.173846e+00  4.913191e-05 
 1.174169e+00  5.108672e-05 
 1.174492e+00  5.316785e-05 
 1.174815e+00  5.540151e-05 
 1.175138e+00  5.775564e-05 
 1.175461e+00  6.024675e-05 
 1.175784e+00  6.286211e-05 
 1.176107e+00  6.561001e-05 
 1.176430e+00  6.847033e-05 
 1.176753e+00  7.145498e-05 
 1.177076e+00  7.455998e-05 
 1.177398e+00  7.779243e-05 
 1.177721e+00  8.113961e-05 
 1.178044e+00  8.460452e-05 
 1.178367e+00  8.816987e-05 
 1.178690e+00  9.185197e-05 
 1.179013e+00  9.564844e-05 
 1.179336e+00  9.956977e-05 
 1.179659e+00  1.035872e-04 
 1.179982e+00  1.077127e-04 
 1.180305e+00  1.119308e-04 
 1.180628e+00  1.162463e-04 
 1.180951e+00  1.206638e-04 
 1.181274e+00  1.251661e-04 
 1.181597e+00  1.297696e-04 
 1.181920e+00  1.344779e-04 
 1.182243e+00  1.392768e-04 
 1.182566e+00  1.441582e-04 
 1.182889e+00  1.491358e-04 
 1.183212e+00  1.541941e-04 
 1.183535e+00  1.593350e-04 
 1.183858e+00  1.645445e-04 
 1.184181e+00  1.698412e-04 
 1.184504e+00  1.752056e-04 
 1.184827e+00  1.806576e-04 
 1.185150e+00  1.861677e-04 
 1.185472e+00  1.917478e-04 
 1.185795e+00  1.973876e-04 
 1.186118e+00  2.031046e-04 
 1.186441e+00  2.088890e-04 
 1.186764e+00  2.147343e-04 
 1.187087e+00  2.206294e-04 
 1.187410e+00  2.265898e-04 
 1.187733e+00  2.325917e-04 
 1.188056e+00  2.386486e-04 
 1.188379e+00  2.447496e-04 
 1.188702e+00  2.508992e-04 
 1.189025e+00  2.570847e-04 
 1.189348e+00  2.633105e-04 
 1.189671e+00  2.695652e-04 
 1.189994e+00  2.758482e-04 
 1.190317e+00  2.821711e-04 
 1.190640e+00  2.885280e-04 
 1.190963e+00  2.949117e-04 
 1.191286e+00  3.013140e-04 
 1.191609e+00  3.077309e-04 
 1.191932e+00  3.141665e-04 
 1.192255e+00  3.206134e-04 
 1.192578e+00  3.270675e-04 
 1.192901e+00  3.335318e-04 
 1.193223e+00  3.399970e-04 
 1.193546e+00  3.464608e-04 
 1.193869e+00  3.529251e-04 
 1.194192e+00  3.593762e-04 
 1.194515e+00  3.658242e-04 
 1.194838e+00  3.722622e-04 
 1.195161e+00  3.786793e-04 
 1.195484e+00  3.850643e-04 
 1.195807e+00  3.914321e-04 
 1.196130e+00  3.977713e-04 
 1.196453e+00  4.040880e-04 
 1.196776e+00  4.103666e-04 
 1.197099e+00  4.166115e-04 
 1.197422e+00  4.228203e-04 
 1.197746e+00  4.290185e-04 
 1.198071e+00  4.351755e-04 
 1.198395e+00  4.412925e-04 
 1.198720e+00  4.473591e-04 
 1.199045e+00  4.533759e-04 
 1.199369e+00  4.593548e-04 
 1.199694e+00  4.652821e-04 
 1.200018e+00  4.711519e-04 
 1.200343e+00  4.769751e-04 
 1.200667e+00  4.827270e-04 
 1.200992e+00  4.884227e-04 
 1.201317e+00  4.940572e-04 
 1.201641e+00  4.996390e-04 
 1.201966e+00  5.051591e-04 
 1.202290e+00  5.106169e-04 
 1.202615e+00  5.160078e-04 
 1.202939e+00  5.213276e-04 
 1.203264e+00  5.265775e-04 
 1.203589e+00  5.317591e-04 
 1.203913e+00  5.368614e-04 
 1.204238e+00  5.418836e-04 
 1.204562e+00  5.468088e-04 
 1.204887e+00  5.516679e-04 
 1.205211e+00  5.564453e-04 
 1.205536e+00  5.611471e-04 
 1.205861e+00  5.657555e-04 
 1.206185e+00  5.702920e-04 
 1.206510e+00  5.747403e-04 
 1.206834e+00  5.791035e-04 
 1.207159e+00  5.833694e-04 
 1.207483e+00  5.875491e-04 
 1.207808e+00  5.916441e-04 
 1.208133e+00  5.956392e-04 
 1.208457e+00  5.995456e-04 
 1.208782e+00  6.033560e-04 
 1.209106e+00  6.070663e-04 
 1.209431e+00  6.106753e-04 
 1.209755e+00  6.141982e-04 
 1.210080e+00  6.176165e-04 
 1.210404e+00  6.209463e-04 
 1.210728e+00  6.241581e-04 
 1.211051e+00  6.272701e-04 
 1.211374e+00  6.302729e-04 
 1.211697e+00  6.331879e-04 
 1.212020e+00  6.359986e-04 
 1.212343e+00  6.387186e-04 
 1.212666e+00  6.413215e-04 
 1.212989e+00  6.438336e-04 
 1.213313e+00  6.462298e-04 
 1.213636e+00  6.485227e-04 
 1.213959e+00  6.507177e-04 
 1.214282e+00  6.528094e-04 
 1.214604e+00  6.547870e-04 
 1.214927e+00  6.566624e-04 
 1.215250e+00  6.584248e-04 
 1.215573e+00  6.600750e-04 
 1.215896e+00  6.616203e-04 
 1.216219e+00  6.630583e-04 
 1.216542e+00  6.643878e-04 
 1.216865e+00  6.656054e-04 
 1.217188e+00  6.667178e-04 
 1.217511e+00  6.677269e-04 
 1.217834e+00  6.686287e-04 
 1.218157e+00  6.694247e-04 
 1.218480e+00  6.701065e-04 
 1.218803e+00  6.706708e-04 
 1.219126e+00  6.711409e-04 
 1.219449e+00  6.714954e-04 
 1.219772e+00  6.717402e-04 
 1.220095e+00  6.718877e-04 
 1.220417e+00  6.719365e-04 
 1.220740e+00  6.718649e-04 
 1.221063e+00  6.716954e-04 
 1.221386e+00  6.714217e-04 
 1.221709e+00  6.710496e-04 
 1.222032e+00  6.705627e-04 
 1.222355e+00  6.699789e-04 
 1.222678e+00  6.692909e-04 
 1.223001e+00  6.684777e-04 
 1.223324e+00  6.675627e-04 
 1.223647e+00  6.665454e-04 
 1.223970e+00  6.654173e-04 
 1.224293e+00  6.641874e-04 
 1.224616e+00  6.628409e-04 
 1.224939e+00  6.613895e-04 
 1.225262e+00  6.598268e-04 
 1.225585e+00  6.581661e-04 
 1.225907e+00  6.564063e-04 
 1.226230e+00  6.545436e-04 
 1.226553e+00  6.525721e-04 
 1.226876e+00  6.504918e-04 
 1.227199e+00  6.482970e-04 
 1.227522e+00  6.460015e-04 
 1.227845e+00  6.435983e-04 
 1.228168e+00  6.410893e-04 
 1.228491e+00  6.384813e-04 
 1.228814e+00  6.357637e-04 
 1.229137e+00  6.329452e-04 
 1.229460e+00  6.300218e-04 
 1.229783e+00  6.270047e-04 
 1.230106e+00  6.238846e-04 
 1.230429e+00  6.206666e-04 
 1.230752e+00  6.173503e-04 
 1.231075e+00  6.139280e-04 
 1.231398e+00  6.104119e-04 
 1.231720e+00  6.068048e-04 
 1.232043e+00  6.030988e-04 
 1.232366e+00  5.992920e-04 
 1.232689e+00  5.954045e-04 
 1.233012e+00  5.914361e-04 
 1.233335e+00  5.873676e-04 
 1.233658e+00  5.832157e-04 
 1.233981e+00  5.789888e-04 
 1.234304e+00  5.746698e-04 
 1.234627e+00  5.702597e-04 
 1.234950e+00  5.657969e-04 
 1.235273e+00  5.612555e-04 
 1.235596e+00  5.566255e-04 
 1.235919e+00  5.519250e-04 
 1.236242e+00  5.471479e-04 
 1.236565e+00  5.422911e-04 
 1.236888e+00  5.373756e-04 
 1.237211e+00  5.324021e-04 
 1.237534e+00  5.273622e-04 
 1.237857e+00  5.222583e-04 
 1.238180e+00  5.170968e-04 
 1.238503e+00  5.118767e-04 
 1.238827e+00  5.066046e-04 
 1.239150e+00  5.012857e-04 
 1.239473e+00  4.959207e-04 
 1.239797e+00  4.904804e-04 
 1.240122e+00  4.849904e-04 
 1.240446e+00  4.794669e-04 
 1.240771e+00  4.739015e-04 
 1.241096e+00  4.683089e-04 
 1.241420e+00  4.626787e-04 
 1.241745e+00  4.570099e-04 
 1.242069e+00  4.513075e-04 
 1.242394e+00  4.455792e-04 
 1.242718e+00  4.398282e-04 
 1.243043e+00  4.340508e-04 
 1.243367e+00  4.282523e-04 
 1.243692e+00  4.224232e-04 
 1.244017e+00  4.165779e-04 
 1.244341e+00  4.107231e-04 
 1.244666e+00  4.048631e-04 
 1.244990e+00  3.989841e-04 
 1.245315e+00  3.931024e-04 
 1.245639e+00  3.872030e-04 
 1.245964e+00  3.812859e-04 
 1.246289e+00  3.753806e-04 
 1.246613e+00  3.694859e-04 
 1.246938e+00  3.635924e-04 
 1.247262e+00  3.576998e-04 
 1.247587e+00  3.518187e-04 
 1.247911e+00  3.459432e-04 
 1.248236e+00  3.400784e-04 
 1.248561e+00  3.342315e-04 
 1.248885e+00  3.284093e-04 
 1.249210e+00  3.225955e-04 
 1.249534e+00  3.168076e-04 
 1.249859e+00  3.110412e-04 
 1.250183e+00  3.052895e-04 
 1.250508e+00  2.995759e-04 
 1.250833e+00  2.939032e-04 
 1.251157e+00  2.882474e-04 
 1.251482e+00  2.826368e-04 
 1.251806e+00  2.770673e-04 
 1.252131e+00  2.715479e-04 
 1.252455e+00  2.660749e-04 
 1.252780e+00  2.606499e-04 
 1.253105e+00  2.552780e-04 
 1.253429e+00  2.499525e-04 
 1.253754e+00  2.446864e-04 
 1.254078e+00  2.394891e-04 
 1.254403e+00  2.343452e-04 
 1.254727e+00  2.292661e-04 
 1.255052e+00  2.242535e-04 
 1.255376e+00  2.192979e-04 
 1.255701e+00  2.144214e-04 
 1.256024e+00  2.096477e-04 
 1.256347e+00  2.049569e-04 
 1.256670e+00  2.003399e-04 
 1.256993e+00  1.958000e-04 
 1.257316e+00  1.913329e-04 
 1.257639e+00  1.869388e-04 
 1.257962e+00  1.826417e-04 
 1.258285e+00  1.784286e-04 
 1.258608e+00  1.742952e-04 
 1.258931e+00  1.702542e-04 
 1.259254e+00  1.662995e-04 
 1.259577e+00  1.624287e-04 
 1.259900e+00  1.586574e-04 
 1.260222e+00  1.549902e-04 
 1.260545e+00  1.514141e-04 
 1.260868e+00  1.479437e-04 
 1.261191e+00  1.445758e-04 
 1.261514e+00  1.413137e-04 
 1.261837e+00  1.381529e-04 
 1.262160e+00  1.351026e-04 
 1.262483e+00  1.321521e-04 
 1.262806e+00  1.292993e-04 
 1.263129e+00  1.265563e-04 
 1.263452e+00  1.239268e-04 
 1.263775e+00  1.214066e-04 
 1.264098e+00  1.190020e-04 
 1.264421e+00  1.167079e-04 
 1.264744e+00  1.145346e-04 
 1.265067e+00  1.124822e-04 
 1.265390e+00  1.105472e-04 
 1.265713e+00  1.087342e-04 
 1.266036e+00  1.070328e-04 
 1.266359e+00  1.054428e-04 
 1.266682e+00  1.039821e-04 
 1.267005e+00  1.026292e-04 
 1.267328e+00  1.014062e-04 
 1.267651e+00  1.003092e-04 
 1.267973e+00  9.932602e-05 
 1.268296e+00  9.846893e-05 
 1.268619e+00  9.772716e-05 
 1.268942e+00  9.710482e-05 
 1.269265e+00  9.662705e-05 
 1.269588e+00  9.627104e-05 
 1.269911e+00  9.603600e-05 
 1.270234e+00  9.593572e-05 
 1.270557e+00  9.595032e-05 
 1.270880e+00  9.609363e-05 
 1.271203e+00  9.635285e-05 
 1.271526e+00  9.673600e-05 
 1.271849e+00  9.724719e-05 
 1.272172e+00  9.787163e-05 
 1.272495e+00  9.862249e-05 
 1.272818e+00  9.949300e-05 
 1.273141e+00  1.004851e-04 
 1.273464e+00  1.015975e-04 
 1.273787e+00  1.028402e-04 
 1.274110e+00  1.042049e-04 
 1.274433e+00  1.056891e-04 
 1.274756e+00  1.072921e-04 
 1.275079e+00  1.090069e-04 
 1.275402e+00  1.108358e-04 
 1.275724e+00  1.127674e-04 
 1.276047e+00  1.148135e-04 
 1.276370e+00  1.169620e-04 
 1.276693e+00  1.192185e-04 
 1.277016e+00  1.215853e-04 
 1.277339e+00  1.240427e-04 
 1.277662e+00  1.266009e-04 
 1.277985e+00  1.292585e-04 
 1.278308e+00  1.320190e-04 
 1.278631e+00  1.348652e-04 
 1.278954e+00  1.378023e-04 
 1.279277e+00  1.408432e-04 
 1.279600e+00  1.439825e-04 
 1.279923e+00  1.472018e-04 
 1.280246e+00  1.505000e-04 
 1.280569e+00  1.538857e-04 
 1.280892e+00  1.573444e-04 
 1.281215e+00  1.608881e-04 
 1.281538e+00  1.645038e-04 
 1.281861e+00  1.682046e-04 
 1.282184e+00  1.719823e-04 
 1.282507e+00  1.758293e-04 
 1.282830e+00  1.797516e-04 
 1.283153e+00  1.837463e-04 
 1.283475e+00  1.878109e-04 
 1.283798e+00  1.919456e-04 
 1.284121e+00  1.961377e-04 
 1.284444e+00  2.003927e-04 
 1.284767e+00  2.046957e-04 
 1.285090e+00  2.090575e-04 
 1.285413e+00  2.134715e-04 
 1.285736e+00  2.179361e-04 
 1.286059e+00  2.224498e-04 
 1.286382e+00  2.270083e-04 
 1.286705e+00  2.316170e-04 
 1.287028e+00  2.362678e-04 
 1.287351e+00  2.409666e-04 
 1.287674e+00  2.457114e-04 
 1.287997e+00  2.505005e-04 
 1.288320e+00  2.553260e-04 
 1.288643e+00  2.601843e-04 
 1.288966e+00  2.650671e-04 
 1.289289e+00  2.699826e-04 
 1.289612e+00  2.749331e-04 
 1.289935e+00  2.799000e-04 
 1.290258e+00  2.848891e-04 
 1.290581e+00  2.899012e-04 
 1.290904e+00  2.949451e-04 
 1.291226e+00  2.999998e-04 
 1.291549e+00  3.050682e-04 
 1.291872e+00  3.101671e-04 
 1.292195e+00  3.152788e-04 
 1.292518e+00  3.203982e-04 
 1.292841e+00  3.255303e-04 
 1.293164e+00  3.306659e-04 
 1.293487e+00  3.358070e-04 
 1.293810e+00  3.409498e-04 
 1.294133e+00  3.460896e-04 
 1.294456e+00  3.512268e-04 
 1.294779e+00  3.563606e-04 
 1.295102e+00  3.614875e-04 
 1.295425e+00  3.666061e-04 
 1.295748e+00  3.717128e-04 
 1.296071e+00  3.767981e-04 
 1.296394e+00  3.818702e-04 
 1.296717e+00  3.869229e-04 
 1.297040e+00  3.919568e-04 
 1.297363e+00  3.969729e-04 
 1.297686e+00  4.019589e-04 
 1.298010e+00  4.069328e-04 
 1.298335e+00  4.118794e-04 
 1.298659e+00  4.167893e-04 
 1.298984e+00  4.216637e-04 
 1.299308e+00  4.265016e-04 
 1.299633e+00  4.313115e-04 
 1.299957e+00  4.360766e-04 
 1.300282e+00  4.408016e-04 
 1.300607e+00  4.454858e-04 
 1.300931e+00  4.501356e-04 
 1.301256e+00  4.547403e-04 
 1.301580e+00  4.592973e-04 
 1.301905e+00  4.638167e-04 
 1.302229e+00  4.682901e-04 
 1.302554e+00  4.727167e-04 
 1.302879e+00  4.770989e-04 
 1.303203e+00  4.814249e-04 
 1.303528e+00  4.856975e-04 
 1.303852e+00  4.899082e-04 
 1.304177e+00  4.940639e-04 
 1.304501e+00  4.981584e-04 
 1.304826e+00  5.021892e-04 
 1.305150e+00  5.061607e-04 
 1.305475e+00  5.100706e-04 
 1.305800e+00  5.139256e-04 
 1.306124e+00  5.177088e-04 
 1.306449e+00  5.214381e-04 
 1.306773e+00  5.251048e-04 
 1.307098e+00  5.287071e-04 
 1.307422e+00  5.322342e-04 
 1.307747e+00  5.356941e-04 
 1.308072e+00  5.390749e-04 
 1.308396e+00  5.423878e-04 
 1.308721e+00  5.456387e-04 
 1.309045e+00  5.488111e-04 
 1.309370e+00  5.518867e-04 
 1.309694e+00  5.548936e-04 
 1.310019e+00  5.578315e-04 
 1.310344e+00  5.606985e-04 
 1.310668e+00  5.634945e-04 
 1.310991e+00  5.662040e-04 
 1.311314e+00  5.688216e-04 
 1.311638e+00  5.713520e-04 
 1.311961e+00  5.738075e-04 
 1.312284e+00  5.761845e-04 
 1.312607e+00  5.784907e-04 
 1.312930e+00  5.807066e-04 
 1.313253e+00  5.828302e-04 
 1.313576e+00  5.848709e-04 
 1.313899e+00  5.868275e-04 
 1.314222e+00  5.887133e-04 
 1.314546e+00  5.905192e-04 
 1.314869e+00  5.922410e-04 
 1.315192e+00  5.938798e-04 
 1.315515e+00  5.954338e-04 
 1.315838e+00  5.969073e-04 
 1.316161e+00  5.982884e-04 
 1.316484e+00  5.995835e-04 
 1.316807e+00  6.007855e-04 
 1.317131e+00  6.019033e-04 
 1.317454e+00  6.029298e-04 
 1.317777e+00  6.038783e-04 
 1.318100e+00  6.047391e-04 
 1.318423e+00  6.055152e-04 
 1.318746e+00  6.061925e-04 
 1.319069e+00  6.067815e-04 
 1.319392e+00  6.072864e-04 
 1.319715e+00  6.077054e-04 
 1.320039e+00  6.080424e-04 
 1.320362e+00  6.082997e-04 
 1.320685e+00  6.084672e-04 
 1.321008e+00  6.085342e-04 
 1.321331e+00  6.085327e-04 
 1.321654e+00  6.084433e-04 
 1.321977e+00  6.082716e-04 
 1.322300e+00  6.080217e-04 
 1.322624e+00  6.076876e-04 
 1.322947e+00  6.072575e-04 
 1.323270e+00  6.067465e-04 
 1.323593e+00  6.061514e-04 
 1.323916e+00  6.054849e-04 
 1.324239e+00  6.047309e-04 
 1.324562e+00  6.038907e-04 
 1.324885e+00  6.029582e-04 
 1.325208e+00  6.019536e-04 
 1.325532e+00  6.008660e-04 
 1.325855e+00  5.996944e-04 
 1.326178e+00  5.984447e-04 
 1.326501e+00  5.971142e-04 
 1.326824e+00  5.957004e-04 
 1.327147e+00  5.942107e-04 
 1.327470e+00  5.926333e-04 
 1.327793e+00  5.909788e-04 
 1.328117e+00  5.892386e-04 
 1.328440e+00  5.874267e-04 
 1.328763e+00  5.855337e-04 
 1.329086e+00  5.835649e-04 
 1.329409e+00  5.815068e-04 
 1.329732e+00  5.793744e-04 
 1.330055e+00  5.771617e-04 
 1.330378e+00  5.748721e-04 
 1.330701e+00  5.725089e-04 
 1.331025e+00  5.700686e-04 
 1.331348e+00  5.675495e-04 
 1.331671e+00  5.649525e-04 
 1.331994e+00  5.622824e-04 
 1.332317e+00  5.595336e-04 
 1.332640e+00  5.567159e-04 
 1.332963e+00  5.538324e-04 
 1.333286e+00  5.508826e-04 
 1.333611e+00  5.478456e-04 
 1.333935e+00  5.447435e-04 
 1.334260e+00  5.415666e-04 
 1.334585e+00  5.383206e-04 
 1.334909e+00  5.350139e-04 
 1.335234e+00  5.316578e-04 
 1.335558e+00  5.282375e-04 
 1.335883e+00  5.247543e-04 
 1.336207e+00  5.212074e-04 
 1.336532e+00  5.176068e-04 
 1.336857e+00  5.139548e-04 
 1.337181e+00  5.102490e-04 
 1.337506e+00  5.064822e-04 
 1.337830e+00  5.026690e-04 
 1.338155e+00  4.987995e-04 
 1.338479e+00  4.948773e-04 
 1.338804e+00  4.909121e-04 
 1.339129e+00  4.868902e-04 
 1.339453e+00  4.828218e-04 
 1.339778e+00  4.787132e-04 
 1.340102e+00  4.745585e-04 
 1.340427e+00  4.703624e-04 
 1.340751e+00  4.661344e-04 
 1.341076e+00  4.618692e-04 
 1.341401e+00  4.575729e-04 
 1.341725e+00  4.532614e-04 
 1.342050e+00  4.489149e-04 
 1.342374e+00  4.445427e-04 
 1.342699e+00  4.401375e-04 
 1.343023e+00  4.357012e-04 
 1.343348e+00  4.312423e-04 
 1.343672e+00  4.267669e-04 
 1.343997e+00  4.222793e-04 
 1.344322e+00  4.177775e-04 
 1.344646e+00  4.132610e-04 
 1.344971e+00  4.087317e-04 
 1.345295e+00  4.041945e-04 
 1.345620e+00  3.996587e-04 
 1.345944e+00  3.951095e-04 
 1.346269e+00  3.905580e-04 
 1.346594e+00  3.860055e-04 
 1.346918e+00  3.814512e-04 
 1.347243e+00  3.768857e-04 
 1.347567e+00  3.723239e-04 
 1.347892e+00  3.677601e-04 
 1.348216e+00  3.631978e-04 
 1.348541e+00  3.586506e-04 
 1.348866e+00  3.541159e-04 
 1.349190e+00  3.495941e-04 
 1.349515e+00  3.450932e-04 
 1.349839e+00  3.406042e-04 
 1.350164e+00  3.361313e-04 
 1.350488e+00  3.316760e-04 
 1.350813e+00  3.272481e-04 
 1.351138e+00  3.228533e-04 
 1.351462e+00  3.184776e-04 
 1.351787e+00  3.141247e-04 
 1.352111e+00  3.097941e-04 
 1.352436e+00  3.054967e-04 
 1.352760e+00  3.012182e-04 
 1.353085e+00  2.969864e-04 
 1.353410e+00  2.928085e-04 
 1.353734e+00  2.886573e-04 
 1.354059e+00  2.845554e-04 
 1.354383e+00  2.804982e-04 
 1.354708e+00  2.764810e-04 
 1.355032e+00  2.725234e-04 
 1.355357e+00  2.686173e-04 
 1.355682e+00  2.647601e-04 
 1.356006e+00  2.609544e-04 
 1.356329e+00  2.572197e-04 
 1.356652e+00  2.535380e-04 
 1.356975e+00  2.499213e-04 
 1.357298e+00  2.463573e-04 
 1.357621e+00  2.428492e-04 
 1.357944e+00  2.393958e-04 
 1.358267e+00  2.360193e-04 
 1.358590e+00  2.326962e-04 
 1.358913e+00  2.294362e-04 
 1.359236e+00  2.262501e-04 
 1.359559e+00  2.231319e-04 
 1.359882e+00  2.200764e-04 
 1.360205e+00  2.170895e-04 
 1.360527e+00  2.141701e-04 
 1.360850e+00  2.113151e-04 
 1.361173e+00  2.085311e-04 
 1.361496e+00  2.058249e-04 
 1.361819e+00  2.031989e-04 
 1.362142e+00  2.006593e-04 
 1.362465e+00  1.981992e-04 
 1.362788e+00  1.958148e-04 
 1.363111e+00  1.935094e-04 
 1.363434e+00  1.912863e-04 
 1.363757e+00  1.891454e-04 
 1.364080e+00  1.870834e-04 
 1.364403e+00  1.851131e-04 
 1.364726e+00  1.832223e-04 
 1.365049e+00  1.814218e-04 
 1.365372e+00  1.796954e-04 
 1.365695e+00  1.780550e-04 
 1.366018e+00  1.764985e-04 
 1.366341e+00  1.750179e-04 
 1.366664e+00  1.736255e-04 
 1.366987e+00  1.723263e-04 
 1.367310e+00  1.711091e-04 
 1.367633e+00  1.699782e-04 
 1.367956e+00  1.689374e-04 
 1.368278e+00  1.679868e-04 
 1.368601e+00  1.671298e-04 
 1.368924e+00  1.663591e-04 
 1.369247e+00  1.656686e-04 
 1.369570e+00  1.650770e-04 
 1.369893e+00  1.645734e-04 
 1.370216e+00  1.641526e-04 
 1.370539e+00  1.638174e-04 
 1.370862e+00  1.635719e-04 
 1.371185e+00  1.634151e-04 
 1.371508e+00  1.633529e-04 
 1.371831e+00  1.633767e-04 
 1.372154e+00  1.634951e-04 
 1.372477e+00  1.637007e-04 
 1.372800e+00  1.639910e-04 
 1.373123e+00  1.643685e-04 
 1.373446e+00  1.648348e-04 
 1.373769e+00  1.653952e-04 
 1.374092e+00  1.660432e-04 
 1.374415e+00  1.667813e-04 
 1.374738e+00  1.676033e-04 
 1.375061e+00  1.685072e-04 
 1.375384e+00  1.695017e-04 
 1.375706e+00  1.705771e-04 
 1.376029e+00  1.717440e-04 
 1.376352e+00  1.729918e-04 
 1.376675e+00  1.743213e-04 
 1.376998e+00  1.757289e-04 
 1.377321e+00  1.772162e-04 
 1.377644e+00  1.787829e-04 
 1.377967e+00  1.804257e-04 
 1.378290e+00  1.821467e-04 
 1.378613e+00  1.839363e-04 
 1.378936e+00  1.857884e-04 
 1.379259e+00  1.877159e-04 
 1.379582e+00  1.897201e-04 
 1.379905e+00  1.917971e-04 
 1.380228e+00  1.939410e-04 
 1.380551e+00  1.961483e-04 
 1.380874e+00  1.984166e-04 
 1.381197e+00  2.007561e-04 
 1.381520e+00  2.031619e-04 
 1.381843e+00  2.056252e-04 
 1.382166e+00  2.081453e-04 
 1.382489e+00  2.107294e-04 
 1.382812e+00  2.133702e-04 
 1.383135e+00  2.160776e-04 
 1.383457e+00  2.188435e-04 
 1.383780e+00  2.216604e-04 
 1.384103e+00  2.245273e-04 
 1.384426e+00  2.274439e-04 
 1.384749e+00  2.304048e-04 
 1.385072e+00  2.334197e-04 
 1.385395e+00  2.364849e-04 
 1.385718e+00  2.395983e-04 
 1.386041e+00  2.427529e-04 
 1.386364e+00  2.459422e-04 
 1.386687e+00  2.491705e-04 
 1.387010e+00  2.524416e-04 
 1.387333e+00  2.557438e-04 
 1.387656e+00  2.590858e-04 
 1.387979e+00  2.624674e-04 
 1.388302e+00  2.658838e-04 
 1.388625e+00  2.693330e-04 
 1.388948e+00  2.728124e-04 
 1.389271e+00  2.763188e-04 
 1.389594e+00  2.798523e-04 
 1.389917e+00  2.834184e-04 
 1.390240e+00  2.870046e-04 
 1.390563e+00  2.906117e-04 
 1.390885e+00  2.942376e-04 
 1.391208e+00  2.978854e-04 
 1.391531e+00  3.015493e-04 
 1.391854e+00  3.052314e-04 
 1.392177e+00  3.089306e-04 
 1.392500e+00  3.126498e-04 
 1.392823e+00  3.163801e-04 
 1.393146e+00  3.201184e-04 
 1.393469e+00  3.238672e-04 
 1.393792e+00  3.276263e-04 
 1.394115e+00  3.313976e-04 
 1.394438e+00  3.351826e-04 
 1.394761e+00  3.389743e-04 
 1.395084e+00  3.427698e-04 
 1.395407e+00  3.465665e-04 
 1.395730e+00  3.503670e-04 
 1.396053e+00  3.541670e-04 
 1.396376e+00  3.579682e-04 
 1.396699e+00  3.617657e-04 
 1.397022e+00  3.655635e-04 
 1.397345e+00  3.693461e-04 
 1.397668e+00  3.731258e-04 
 1.397991e+00  3.768932e-04 
 1.398315e+00  3.806714e-04 
 1.398640e+00  3.844468e-04 
 1.398964e+00  3.882022e-04 
 1.399289e+00  3.919372e-04 
 1.399613e+00  3.956542e-04 
 1.399938e+00  3.993448e-04 
 1.400262e+00  4.030173e-04 
 1.400587e+00  4.066738e-04 
 1.400911e+00  4.103057e-04 
 1.401236e+00  4.139174e-04 
 1.401561e+00  4.175059e-04 
 1.401885e+00  4.210573e-04 
 1.402210e+00  4.245807e-04 
 1.402534e+00  4.280880e-04 
 1.402859e+00  4.315629e-04 
 1.403183e+00  4.350096e-04 
 1.403508e+00  4.384229e-04 
 1.403833e+00  4.418095e-04 
 1.404157e+00  4.451577e-04 
 1.404482e+00  4.484664e-04 
 1.404806e+00  4.517331e-04 
 1.405131e+00  4.549668e-04 
 1.405455e+00  4.581734e-04 
 1.405780e+00  4.613399e-04 
 1.406105e+00  4.644741e-04 
 1.406429e+00  4.675933e-04 
 1.406754e+00  4.706579e-04 
 1.407078e+00  4.736840e-04 
 1.407403e+00  4.766662e-04 
 1.407727e+00  4.796051e-04 
 1.408052e+00  4.824969e-04 
 1.408377e+00  4.853359e-04 
 1.408701e+00  4.881346e-04 
 1.409026e+00  4.908771e-04 
 1.409350e+00  4.935755e-04 
 1.409675e+00  4.962214e-04 
 1.409999e+00  4.988301e-04 
 1.410324e+00  5.013869e-04 
 1.410649e+00  5.038968e-04 
 1.410973e+00  5.063447e-04 
 1.411298e+00  5.087490e-04 
 1.411622e+00  5.110991e-04 
 1.411947e+00  5.133924e-04 
 1.412271e+00  5.156285e-04 
 1.412596e+00  5.178074e-04 
 1.412921e+00  5.199225e-04 
 1.413245e+00  5.219808e-04 
 1.413570e+00  5.239799e-04 
 1.413894e+00  5.259329e-04 
 1.414219e+00  5.278302e-04 
 1.414543e+00  5.296643e-04 
 1.414868e+00  5.314325e-04 
 1.415192e+00  5.331449e-04 
 1.415517e+00  5.348015e-04 
 1.415842e+00  5.364024e-04 
 1.416166e+00  5.379374e-04 
 1.416491e+00  5.393999e-04 
 1.416815e+00  5.407987e-04 
 1.417140e+00  5.421318e-04 
 1.417464e+00  5.433918e-04 
 1.417789e+00  5.446016e-04 
 1.418114e+00  5.457480e-04 
 1.418438e+00  5.468204e-04 
 1.418763e+00  5.478283e-04 
 1.419087e+00  5.487711e-04 
 1.419412e+00  5.496439e-04 
 1.419736e+00  5.504525e-04 
 1.420061e+00  5.511917e-04 
 1.420386e+00  5.518552e-04 
 1.420710e+00  5.524459e-04 
 1.421035e+00  5.529674e-04 
 1.421359e+00  5.534232e-04 
 1.421684e+00  5.538172e-04 
 1.422008e+00  5.541374e-04 
 1.422333e+00  5.543880e-04 
 1.422658e+00  5.545659e-04 
 1.422982e+00  5.546779e-04 
 1.423307e+00  5.547152e-04 
 1.423631e+00  5.546870e-04 
 1.423956e+00  5.545957e-04 
 1.424280e+00  5.544490e-04 
 1.424605e+00  5.542297e-04 
 1.424930e+00  5.539480e-04 
 1.425254e+00  5.535992e-04 
 1.425579e+00  5.531892e-04 
 1.425903e+00  5.526965e-04 
 1.426228e+00  5.521395e-04 
 1.426552e+00  5.515183e-04 
 1.426877e+00  5.508377e-04 
 1.427202e+00  5.500906e-04 
 1.427526e+00  5.492781e-04 
 1.427851e+00  5.483863e-04 
 1.428175e+00  5.474243e-04 
 1.428500e+00  5.463974e-04 
 1.428824e+00  5.453101e-04 
 1.429149e+00  5.441626e-04 
 1.429474e+00  5.429570e-04 
 1.429798e+00  5.416862e-04 
 1.430123e+00  5.403341e-04 
 1.430447e+00  5.389243e-04 
 1.430772e+00  5.374468e-04 
 1.431096e+00  5.359009e-04 
 1.431421e+00  5.342998e-04 
 1.431746e+00  5.326315e-04 
 1.432070e+00  5.308946e-04 
 1.432395e+00  5.291222e-04 
 1.432719e+00  5.272865e-04 
 1.433044e+00  5.253848e-04 
 1.433368e+00  5.234241e-04 
 1.433693e+00  5.213995e-04 
 1.434017e+00  5.193146e-04 
 1.434342e+00  5.171878e-04 
 1.434667e+00  5.149964e-04 
 1.434991e+00  5.127337e-04 
 1.435316e+00  5.104135e-04 
 1.435640e+00  5.080311e-04 
 1.435965e+00  5.056048e-04 
 1.436289e+00  5.031243e-04 
 1.436614e+00  5.006094e-04 
 1.436939e+00  4.980511e-04 
 1.437263e+00  4.954319e-04 
 1.437588e+00  4.927515e-04 
 1.437912e+00  4.900294e-04 
 1.438237e+00  4.872623e-04 
 1.438561e+00  4.844479e-04 
 1.438886e+00  4.815853e-04 
 1.439211e+00  4.786732e-04 
 1.439535e+00  4.757154e-04 
 1.439860e+00  4.727269e-04 
 1.440184e+00  4.696967e-04 
 1.440509e+00  4.666315e-04 
 1.440833e+00  4.635255e-04 
 1.441158e+00  4.603825e-04 
 1.441483e+00  4.572063e-04 
 1.441807e+00  4.540023e-04 
 1.442132e+00  4.507716e-04 
 1.442456e+00  4.475041e-04 
 1.442781e+00  4.442089e-04 
 1.443105e+00  4.408799e-04 
 1.443430e+00  4.375104e-04 
 1.443755e+00  4.341182e-04 
 1.444079e+00  4.307177e-04 
 1.444404e+00  4.272904e-04 
 1.444728e+00  4.238481e-04 
 1.445053e+00  4.203995e-04 
 1.445377e+00  4.169355e-04 
 1.445702e+00  4.134569e-04 
 1.446027e+00  4.099598e-04 
 1.446351e+00  4.064377e-04 
 1.446676e+00  4.029058e-04 
 1.447000e+00  3.993675e-04 
 1.447325e+00  3.958188e-04 
 1.447649e+00  3.922618e-04 
 1.447974e+00  3.887012e-04 
 1.448298e+00  3.851395e-04 
 1.448623e+00  3.815717e-04 
 1.448948e+00  3.780032e-04 
 1.449272e+00  3.744363e-04 
 1.449597e+00  3.708781e-04 
 1.449921e+00  3.673265e-04 
 1.450246e+00  3.637835e-04 
 1.450570e+00  3.602482e-04 
 1.450895e+00  3.567208e-04 
 1.451220e+00  3.531979e-04 
 1.451544e+00  3.496894e-04 
 1.451869e+00  3.461945e-04 
 1.452193e+00  3.427106e-04 
 1.452518e+00  3.392473e-04 
 1.452842e+00  3.358031e-04 
 1.453167e+00  3.323706e-04 
 1.453492e+00  3.289628e-04 
 1.453816e+00  3.255763e-04 
 1.454141e+00  3.222115e-04 
 1.454465e+00  3.188744e-04 
 1.454790e+00  3.155642e-04 
 1.455114e+00  3.122757e-04 
 1.455439e+00  3.090239e-04 
 1.455764e+00  3.058022e-04 
 1.456088e+00  3.026068e-04 
 1.456413e+00  2.994420e-04 
 1.456737e+00  2.963185e-04 
 1.457062e+00  2.932324e-04 
 1.457386e+00  2.901813e-04 
 1.457711e+00  2.871767e-04 
 1.458036e+00  2.842094e-04 
 1.458360e+00  2.812824e-04 
 1.458685e+00  2.784087e-04 
 1.459009e+00  2.755794e-04 
 1.459334e+00  2.727947e-04 
 1.459658e+00  2.700743e-04 
 1.459983e+00  2.673970e-04 
 1.460307e+00  2.647564e-04 
 1.460632e+00  2.621707e-04 
 1.460957e+00  2.596313e-04 
 1.461281e+00  2.571384e-04 
 1.461606e+00  2.546910e-04 
 1.461930e+00  2.522972e-04 
 1.462255e+00  2.499600e-04 
 1.462579e+00  2.476811e-04 
 1.462904e+00  2.454653e-04 
 1.463227e+00  2.433294e-04 
 1.463550e+00  2.412539e-04 
 1.463873e+00  2.392344e-04 
 1.464196e+00  2.372715e-04 
 1.464519e+00  2.353595e-04 
 1.464842e+00  2.335081e-04 
 1.465165e+00  2.317194e-04 
 1.465488e+00  2.299892e-04 
 1.465811e+00  2.283214e-04 
 1.466134e+00  2.267257e-04 
 1.466457e+00  2.251836e-04 
 1.466779e+00  2.237019e-04 
 1.467102e+00  2.222882e-04 
 1.467425e+00  2.209391e-04 
 1.467748e+00  2.196595e-04 
 1.468071e+00  2.184497e-04 
 1.468394e+00  2.173193e-04 
 1.468717e+00  2.162502e-04 
 1.469040e+00  2.152491e-04 
 1.469363e+00  2.142948e-04 
 1.469686e+00  2.134083e-04 
 1.470009e+00  2.125864e-04 
 1.470332e+00  2.118385e-04 
 1.470655e+00  2.111505e-04 
 1.470978e+00  2.105362e-04 
 1.471301e+00  2.099895e-04 
 1.471624e+00  2.095119e-04 
 1.471947e+00  2.090995e-04 
 1.472270e+00  2.087598e-04 
 1.472593e+00  2.084855e-04 
 1.472916e+00  2.082770e-04 
 1.473239e+00  2.081308e-04 
 1.473562e+00  2.080562e-04 
 1.473885e+00  2.080457e-04 
 1.474208e+00  2.080991e-04 
 1.474530e+00  2.082241e-04 
 1.474853e+00  2.084144e-04 
 1.475176e+00  2.086681e-04 
 1.475499e+00  2.089834e-04 
 1.475822e+00  2.093735e-04 
 1.476145e+00  2.098340e-04 
 1.476468e+00  2.103609e-04 
 1.476791e+00  2.109562e-04 
 1.477114e+00  2.116186e-04 
 1.477437e+00  2.123472e-04 
 1.477760e+00  2.131394e-04 
 1.478083e+00  2.139966e-04 
 1.478406e+00  2.149212e-04 
 1.478729e+00  2.159061e-04 
 1.479052e+00  2.169545e-04 
 1.479375e+00  2.180552e-04 
 1.479698e+00  2.192254e-04 
 1.480021e+00  2.204542e-04 
 1.480344e+00  2.217432e-04 
 1.480667e+00  2.230922e-04 
 1.480990e+00  2.245015e-04 
 1.481313e+00  2.259644e-04 
 1.481636e+00  2.274872e-04 
 1.481958e+00  2.290654e-04 
 1.482281e+00  2.306923e-04 
 1.482604e+00  2.323708e-04 
 1.482927e+00  2.341021e-04 
 1.483250e+00  2.358880e-04 
 1.483573e+00  2.377342e-04 
 1.483896e+00  2.396317e-04 
 1.484219e+00  2.415841e-04 
 1.484542e+00  2.435772e-04 
 1.484865e+00  2.456169e-04 
 1.485188e+00  2.477055e-04 
 1.485511e+00  2.498390e-04 
 1.485834e+00  2.520226e-04 
 1.486157e+00  2.542602e-04 
 1.486480e+00  2.565437e-04 
 1.486803e+00  2.588641e-04 
 1.487126e+00  2.612277e-04 
 1.487449e+00  2.636242e-04 
 1.487772e+00  2.660574e-04 
 1.488095e+00  2.685256e-04 
 1.488418e+00  2.710363e-04 
 1.488741e+00  2.735831e-04 
 1.489064e+00  2.761673e-04 
 1.489387e+00  2.787870e-04 
 1.489709e+00  2.814385e-04 
 1.490032e+00  2.841171e-04 
 1.490355e+00  2.868249e-04 
 1.490678e+00  2.895564e-04 
 1.491001e+00  2.923162e-04 
 1.491324e+00  2.951072e-04 
 1.491647e+00  2.979263e-04 
 1.491970e+00  3.007678e-04 
 1.492293e+00  3.036356e-04 
 1.492616e+00  3.065205e-04 
 1.492939e+00  3.094311e-04 
 1.493262e+00  3.123618e-04 
 1.493585e+00  3.153152e-04 
 1.493908e+00  3.182854e-04 
 1.494231e+00  3.212739e-04 
 1.494554e+00  3.242795e-04 
 1.494877e+00  3.273016e-04 
 1.495200e+00  3.303401e-04 
 1.495523e+00  3.333894e-04 
 1.495846e+00  3.364502e-04 
 1.496169e+00  3.395250e-04 
 1.496492e+00  3.426077e-04 
 1.496815e+00  3.457025e-04 
 1.497137e+00  3.488073e-04 
 1.497460e+00  3.519224e-04 
 1.497783e+00  3.550474e-04 
 1.498106e+00  3.581795e-04 
 1.498429e+00  3.613131e-04 
 1.498754e+00  3.644686e-04 
 1.499078e+00  3.676243e-04 
 1.499403e+00  3.707765e-04 
 1.499727e+00  3.739261e-04 
 1.500052e+00  3.770709e-04 
 1.500377e+00  3.802126e-04 
 1.500701e+00  3.833475e-04 
 1.501026e+00  3.864768e-04 
 1.501350e+00  3.896029e-04 
 1.501675e+00  3.927121e-04 
 1.501999e+00  3.958176e-04 
 1.502324e+00  3.989151e-04 
 1.502649e+00  4.020053e-04 
 1.502973e+00  4.050767e-04 
 1.503298e+00  4.081395e-04 
 1.503622e+00  4.111870e-04 
 1.503947e+00  4.142132e-04 
 1.504271e+00  4.172196e-04 
 1.504596e+00  4.202149e-04 
 1.504921e+00  4.231825e-04 
 1.505245e+00  4.261258e-04 
 1.505570e+00  4.290378e-04 
 1.505894e+00  4.319292e-04 
 1.506219e+00  4.347936e-04 
 1.506543e+00  4.376442e-04 
 1.506868e+00  4.404674e-04 
 1.507192e+00  4.432762e-04 
 1.507517e+00  4.460564e-04 
 1.507842e+00  4.488049e-04 
 1.508166e+00  4.515119e-04 
 1.508491e+00  4.541823e-04 
 1.508815e+00  4.568135e-04 
 1.509140e+00  4.594132e-04 
 1.509464e+00  4.619773e-04 
 1.509789e+00  4.645099e-04 
 1.510114e+00  4.669946e-04 
 1.510438e+00  4.694522e-04 
 1.510763e+00  4.718706e-04 
 1.511087e+00  4.742505e-04 
 1.511412e+00  4.766026e-04 
 1.511736e+00  4.789128e-04 
 1.512061e+00  4.811748e-04 
 1.512386e+00  4.833979e-04 
 1.512710e+00  4.855759e-04 
 1.513035e+00  4.877088e-04 
 1.513359e+00  4.898020e-04 
 1.513684e+00  4.918364e-04 
 1.514008e+00  4.938190e-04 
 1.514333e+00  4.957547e-04 
 1.514658e+00  4.976423e-04 
 1.514982e+00  4.994869e-04 
 1.515307e+00  5.012828e-04 
 1.515631e+00  5.030309e-04 
 1.515956e+00  5.047260e-04 
 1.516280e+00  5.063681e-04 
 1.516605e+00  5.079537e-04 
 1.516930e+00  5.094834e-04 
 1.517254e+00  5.109576e-04 
 1.517579e+00  5.123798e-04 
 1.517903e+00  5.137422e-04 
 1.518228e+00  5.150504e-04 
 1.518552e+00  5.163022e-04 
 1.518877e+00  5.174952e-04 
 1.519202e+00  5.186313e-04 
 1.519526e+00  5.197036e-04 
 1.519851e+00  5.207158e-04 
 1.520175e+00  5.216737e-04 
 1.520500e+00  5.225738e-04 
 1.520824e+00  5.234193e-04 
 1.521149e+00  5.241998e-04 
 1.521474e+00  5.249200e-04 
 1.521798e+00  5.255684e-04 
 1.522123e+00  5.261618e-04 
 1.522447e+00  5.266934e-04 
 1.522772e+00  5.271686e-04 
 1.523096e+00  5.275787e-04 
 1.523421e+00  5.279151e-04 
 1.523745e+00  5.281816e-04 
 1.524070e+00  5.283830e-04 
 1.524395e+00  5.285257e-04 
 1.524719e+00  5.286142e-04 
 1.525044e+00  5.286480e-04 
 1.525368e+00  5.286106e-04 
 1.525693e+00  5.285051e-04 
 1.526017e+00  5.283398e-04 
 1.526342e+00  5.281118e-04 
 1.526667e+00  5.278203e-04 
 1.526991e+00  5.274642e-04 
 1.527316e+00  5.270423e-04 
 1.527640e+00  5.265574e-04 
 1.527965e+00  5.260058e-04 
 1.528289e+00  5.253958e-04 
 1.528614e+00  5.247215e-04 
 1.528939e+00  5.239904e-04 
 1.529263e+00  5.231972e-04 
 1.529588e+00  5.223279e-04 
 1.529912e+00  5.214104e-04 
 1.530237e+00  5.204373e-04 
 1.530561e+00  5.194052e-04 
 1.530886e+00  5.183243e-04 
 1.531211e+00  5.171785e-04 
 1.531535e+00  5.159654e-04 
 1.531860e+00  5.146933e-04 
 1.532184e+00  5.133569e-04 
 1.532509e+00  5.119649e-04 
 1.532833e+00  5.105190e-04 
 1.533158e+00  5.090200e-04 
 1.533483e+00  5.074654e-04 
 1.533807e+00  5.058577e-04 
 1.534132e+00  5.041957e-04 
 1.534456e+00  5.024821e-04 
 1.534781e+00  5.007071e-04 
 1.535105e+00  4.988776e-04 
 1.535430e+00  4.969966e-04 
 1.535755e+00  4.950697e-04 
 1.536079e+00  4.930966e-04 
 1.536404e+00  4.910704e-04 
 1.536728e+00  4.889837e-04 
 1.537053e+00  4.868411e-04 
 1.537377e+00  4.846556e-04 
 1.537702e+00  4.824351e-04 
 1.538027e+00  4.801692e-04 
 1.538351e+00  4.778590e-04 
 1.538676e+00  4.755007e-04 
 1.539000e+00  4.730928e-04 
 1.539325e+00  4.706603e-04 
 1.539649e+00  4.681907e-04 
 1.539974e+00  4.656770e-04 
 1.540298e+00  4.631330e-04 
 1.540623e+00  4.605499e-04 
 1.540948e+00  4.579226e-04 
 1.541272e+00  4.552596e-04 
 1.541597e+00  4.525778e-04 
 1.541921e+00  4.498587e-04 
 1.542246e+00  4.471060e-04 
 1.542570e+00  4.443172e-04 
 1.542895e+00  4.414936e-04 
 1.543220e+00  4.386445e-04 
 1.543544e+00  4.357791e-04 
 1.543869e+00  4.328855e-04 
 1.544193e+00  4.299619e-04 
 1.544518e+00  4.270173e-04 
 1.544842e+00  4.240447e-04 
 1.545167e+00  4.210539e-04 
 1.545492e+00  4.180532e-04 
 1.545816e+00  4.150313e-04 
 1.546141e+00  4.119963e-04 
 1.546465e+00  4.089446e-04 
 1.546790e+00  4.058776e-04 
 1.547114e+00  4.027959e-04 
 1.547439e+00  3.997048e-04 
 1.547764e+00  3.966014e-04 
 1.548088e+00  3.934943e-04 
 1.548413e+00  3.903823e-04 
 1.548737e+00  3.872762e-04 
 1.549062e+00  3.841735e-04 
 1.549386e+00  3.810650e-04 
 1.549711e+00  3.779473e-04 
 1.550036e+00  3.748264e-04 
 1.550360e+00  3.717007e-04 
 1.550685e+00  3.685872e-04 
 1.551009e+00  3.654952e-04 
 1.551334e+00  3.623993e-04 
 1.551658e+00  3.593122e-04 
 1.551983e+00  3.562396e-04 
 1.552307e+00  3.531720e-04 
 1.552632e+00  3.501173e-04 
 1.552957e+00  3.470766e-04 
 1.553281e+00  3.440584e-04 
 1.553606e+00  3.410519e-04 
 1.553930e+00  3.380592e-04 
 1.554255e+00  3.350853e-04 
 1.554579e+00  3.321360e-04 
 1.554904e+00  3.292039e-04 
 1.555229e+00  3.262967e-04 
 1.555553e+00  3.234102e-04 
 1.555878e+00  3.205545e-04 
 1.556202e+00  3.177228e-04 
 1.556527e+00  3.149165e-04 
 1.556851e+00  3.121412e-04 
 1.557176e+00  3.094046e-04 
 1.557501e+00  3.066997e-04 
 1.557825e+00  3.040201e-04 
 1.558150e+00  3.013831e-04 
 1.558474e+00  2.987716e-04 
 1.558799e+00  2.961843e-04 
 1.559123e+00  2.936453e-04 
 1.559448e+00  2.911514e-04 
 1.559773e+00  2.887011e-04 
 1.560097e+00  2.862957e-04 
 1.560422e+00  2.839284e-04 
 1.560746e+00  2.815980e-04 
 1.561071e+00  2.793033e-04 
 1.561395e+00  2.770617e-04 
 1.561720e+00  2.748599e-04 
 1.562044e+00  2.727019e-04 
 1.562369e+00  2.705901e-04 
 1.562694e+00  2.685295e-04 
 1.563018e+00  2.664997e-04 
 1.563343e+00  2.645212e-04 
 1.563667e+00  2.626011e-04 
 1.563992e+00  2.607339e-04 
 1.564316e+00  2.589225e-04 
 1.564641e+00  2.571661e-04 
 1.564966e+00  2.554572e-04 
 1.565290e+00  2.537994e-04 
 1.565615e+00  2.521922e-04 
 1.565939e+00  2.506386e-04 
 1.566264e+00  2.491363e-04 
 1.566588e+00  2.476955e-04 
 1.566911e+00  2.463138e-04 
 1.567234e+00  2.449808e-04 
 1.567557e+00  2.437068e-04 
 1.567880e+00  2.424812e-04 
 1.568203e+00  2.413124e-04 
 1.568526e+00  2.402050e-04 
 1.568849e+00  2.391646e-04 
 1.569172e+00  2.381852e-04 
 1.569495e+00  2.372665e-04 
 1.569818e+00  2.364091e-04 
 1.570141e+00  2.356008e-04 
 1.570464e+00  2.348456e-04 
 1.570787e+00  2.341553e-04 
 1.571110e+00  2.335178e-04 
 1.571433e+00  2.329383e-04 
 1.571756e+00  2.324214e-04 
 1.572079e+00  2.319689e-04 
 1.572402e+00  2.315719e-04 
 1.572725e+00  2.312432e-04 
 1.573048e+00  2.309740e-04 
 1.573371e+00  2.307634e-04 
 1.573693e+00  2.306132e-04 
 1.574016e+00  2.305255e-04 
 1.574339e+00  2.304990e-04 
 1.574662e+00  2.305314e-04 
 1.574985e+00  2.306285e-04 
 1.575308e+00  2.307872e-04 
 1.575631e+00  2.309969e-04 
 1.575954e+00  2.312698e-04 
 1.576277e+00  2.315977e-04 
 1.576600e+00  2.319770e-04 
 1.576923e+00  2.324229e-04 
 1.577246e+00  2.329311e-04 
 1.577569e+00  2.334944e-04 
 1.577892e+00  2.341213e-04 
 1.578215e+00  2.348091e-04 
 1.578538e+00  2.355572e-04 
 1.578861e+00  2.363656e-04 
 1.579184e+00  2.372247e-04 
 1.579507e+00  2.381364e-04 
 1.579830e+00  2.390998e-04 
 1.580153e+00  2.401181e-04 
 1.580476e+00  2.411968e-04 
 1.580799e+00  2.423322e-04 
 1.581122e+00  2.435130e-04 
 1.581444e+00  2.447391e-04 
 1.581767e+00  2.460164e-04 
 1.582090e+00  2.473463e-04 
 1.582413e+00  2.487369e-04 
 1.582736e+00  2.501795e-04 
 1.583059e+00  2.516726e-04 
 1.583382e+00  2.532155e-04 
 1.583705e+00  2.548056e-04 
 1.584028e+00  2.564412e-04 
 1.584351e+00  2.581343e-04 
 1.584674e+00  2.598756e-04 
 1.584997e+00  2.616567e-04 
 1.585320e+00  2.634829e-04 
 1.585643e+00  2.653492e-04 
 1.585966e+00  2.672569e-04 
 1.586289e+00  2.692104e-04 
 1.586612e+00  2.712086e-04 
 1.586935e+00  2.732463e-04 
 1.587258e+00  2.753255e-04 
 1.587581e+00  2.774484e-04 
 1.587904e+00  2.796100e-04 
 1.588227e+00  2.818034e-04 
 1.588550e+00  2.840381e-04 
 1.588872e+00  2.863077e-04 
 1.589195e+00  2.886059e-04 
 1.589518e+00  2.909371e-04 
 1.589841e+00  2.933064e-04 
 1.590164e+00  2.957057e-04 
 1.590487e+00  2.981359e-04 
 1.590810e+00  3.005953e-04 
 1.591133e+00  3.030805e-04 
 1.591456e+00  3.055919e-04 
 1.591779e+00  3.081328e-04 
 1.592102e+00  3.107015e-04 
 1.592425e+00  3.132975e-04 
 1.592748e+00  3.159152e-04 
 1.593071e+00  3.185566e-04 
 1.593394e+00  3.212202e-04 
 1.593717e+00  3.239020e-04 
 1.594040e+00  3.265968e-04 
 1.594363e+00  3.293028e-04 
 1.594686e+00  3.320256e-04 
 1.595009e+00  3.347651e-04 
 1.595332e+00  3.375188e-04 
 1.595655e+00  3.402903e-04 
 1.595978e+00  3.430791e-04 
 1.596301e+00  3.458778e-04 
 1.596623e+00  3.486843e-04 
 1.596946e+00  3.514987e-04 
 1.597269e+00  3.543184e-04 
 1.597592e+00  3.571429e-04 
 1.597915e+00  3.599723e-04 
 1.598238e+00  3.628061e-04 
 1.598561e+00  3.656436e-04 
 1.598884e+00  3.684792e-04 
 1.599209e+00  3.713312e-04 
 1.599533e+00  3.741761e-04 
 1.599858e+00  3.770219e-04 
 1.600182e+00  3.798564e-04 
 1.600507e+00  3.826885e-04 
 1.600831e+00  3.855166e-04 
 1.601156e+00  3.883400e-04 
 1.601481e+00  3.911574e-04 
 1.601805e+00  3.939703e-04 
 1.602130e+00  3.967629e-04 
 1.602454e+00  3.995455e-04 
 1.602779e+00  4.023165e-04 
 1.603103e+00  4.050852e-04 
 1.603428e+00  4.078365e-04 
 1.603753e+00  4.105780e-04 
 1.604077e+00  4.133045e-04 
 1.604402e+00  4.160084e-04 
 1.604726e+00  4.186888e-04 
 1.605051e+00  4.213583e-04 
 1.605375e+00  4.240042e-04 
 1.605700e+00  4.266240e-04 
 1.606025e+00  4.292149e-04 
 1.606349e+00  4.317802e-04 
 1.606674e+00  4.343179e-04 
 1.606998e+00  4.368372e-04 
 1.607323e+00  4.393273e-04 
 1.607647e+00  4.417967e-04 
 1.607972e+00  4.442385e-04 
 1.608296e+00  4.466521e-04 
 1.608621e+00  4.490272e-04 
 1.608946e+00  4.513700e-04 
 1.609270e+00  4.536729e-04 
 1.609595e+00  4.559453e-04 
 1.609919e+00  4.581760e-04 
 1.610244e+00  4.603717e-04 
 1.610568e+00  4.625352e-04 
 1.610893e+00  4.646571e-04 
 1.611218e+00  4.667420e-04 
 1.611542e+00  4.687866e-04 
 1.611867e+00  4.707966e-04 
 1.612191e+00  4.727641e-04 
 1.612516e+00  4.746883e-04 
 1.612840e+00  4.765672e-04 
 1.613165e+00  4.783991e-04 
 1.613490e+00  4.801873e-04 
 1.613814e+00  4.819261e-04 
 1.614139e+00  4.836195e-04 
 1.614463e+00  4.852592e-04 
 1.614788e+00  4.868499e-04 
 1.615112e+00  4.883873e-04 
 1.615437e+00  4.898766e-04 
 1.615762e+00  4.913154e-04 
 1.616086e+00  4.926991e-04 
 1.616411e+00  4.940370e-04 
 1.616735e+00  4.953215e-04 
 1.617060e+00  4.965465e-04 
 1.617384e+00  4.977168e-04 
 1.617709e+00  4.988349e-04 
 1.618034e+00  4.998923e-04 
 1.618358e+00  5.008925e-04 
 1.618683e+00  5.018427e-04 
 1.619007e+00  5.027336e-04 
 1.619332e+00  5.035729e-04 
 1.619656e+00  5.043617e-04 
 1.619981e+00  5.050915e-04 
 1.620305e+00  5.057593e-04 
 1.620630e+00  5.063644e-04 
 1.620955e+00  5.069094e-04 
 1.621279e+00  5.073978e-04 
 1.621604e+00  5.078266e-04 
 1.621928e+00  5.082088e-04 
 1.622253e+00  5.085323e-04 
 1.622577e+00  5.087957e-04 
 1.622902e+00  5.090016e-04 
 1.623227e+00  5.091506e-04 
 1.623551e+00  5.092448e-04 
 1.623876e+00  5.092820e-04 
 1.624200e+00  5.092511e-04 
 1.624525e+00  5.091590e-04 
 1.624849e+00  5.090081e-04 
 1.625174e+00  5.088011e-04 
 1.625499e+00  5.085418e-04 
 1.625823e+00  5.082264e-04 
 1.626148e+00  5.078533e-04 
 1.626472e+00  5.074244e-04 
 1.626797e+00  5.069200e-04 
 1.627121e+00  5.063674e-04 
 1.627446e+00  5.057618e-04 
 1.627771e+00  5.050981e-04 
 1.628095e+00  5.043826e-04 
 1.628420e+00  5.036083e-04 
 1.628744e+00  5.027659e-04 
 1.629069e+00  5.018720e-04 
 1.629393e+00  5.009219e-04 
 1.629718e+00  4.999184e-04 
 1.630043e+00  4.988688e-04 
 1.630367e+00  4.977694e-04 
 1.630692e+00  4.966136e-04 
 1.631016e+00  4.954060e-04 
 1.631341e+00  4.941526e-04 
 1.631665e+00  4.928502e-04 
 1.631990e+00  4.914952e-04 
 1.632315e+00  4.900907e-04 
 1.632639e+00  4.886303e-04 
 1.632964e+00  4.871247e-04 
 1.633288e+00  4.855760e-04 
 1.633613e+00  4.839739e-04 
 1.633937e+00  4.823217e-04 
 1.634262e+00  4.806218e-04 
 1.634586e+00  4.788783e-04 
 1.634911e+00  4.770962e-04 
 1.635236e+00  4.752713e-04 
 1.635560e+00  4.734014e-04 
 1.635885e+00  4.714778e-04 
 1.636209e+00  4.695107e-04 
 1.636534e+00  4.675215e-04 
 1.636858e+00  4.654992e-04 
 1.637183e+00  4.634323e-04 
 1.637508e+00  4.613379e-04 
 1.637832e+00  4.592076e-04 
 1.638157e+00  4.570356e-04 
 1.638481e+00  4.548281e-04 
 1.638806e+00  4.525989e-04 
 1.639130e+00  4.503355e-04 
 1.639455e+00  4.480379e-04 
 1.639780e+00  4.457091e-04 
 1.640104e+00  4.433525e-04 
 1.640429e+00  4.409741e-04 
 1.640753e+00  4.385803e-04 
 1.641078e+00  4.361595e-04 
 1.641402e+00  4.337067e-04 
 1.641727e+00  4.312399e-04 
 1.642052e+00  4.287440e-04 
 1.642376e+00  4.262303e-04 
 1.642701e+00  4.237015e-04 
 1.643025e+00  4.211491e-04 
 1.643350e+00  4.185774e-04 
 1.643674e+00  4.159869e-04 
 1.643999e+00  4.133845e-04 
 1.644324e+00  4.107675e-04 
 1.644648e+00  4.081373e-04 
 1.644973e+00  4.054920e-04 
 1.645297e+00  4.028375e-04 
 1.645622e+00  4.001821e-04 
 1.645946e+00  3.975307e-04 
 1.646271e+00  3.948858e-04 
 1.646595e+00  3.922310e-04 
 1.646920e+00  3.895636e-04 
 1.647245e+00  3.868761e-04 
 1.647569e+00  3.841772e-04 
 1.647894e+00  3.814848e-04 
 1.648218e+00  3.788089e-04 
 1.648543e+00  3.761228e-04 
 1.648867e+00  3.734376e-04 
 1.649192e+00  3.707621e-04 
 1.649517e+00  3.680861e-04 
 1.649841e+00  3.654185e-04 
 1.650166e+00  3.627619e-04 
 1.650490e+00  3.601207e-04 
 1.650815e+00  3.574899e-04 
 1.651139e+00  3.548674e-04 
 1.651464e+00  3.522502e-04 
 1.651789e+00  3.496457e-04 
 1.652113e+00  3.470544e-04 
 1.652438e+00  3.444839e-04 
 1.652762e+00  3.419148e-04 
 1.653087e+00  3.393776e-04 
 1.653411e+00  3.368588e-04 
 1.653736e+00  3.343561e-04 
 1.654061e+00  3.318717e-04 
 1.654385e+00  3.294195e-04 
 1.654710e+00  3.269909e-04 
 1.655034e+00  3.245853e-04 
 1.655359e+00  3.222145e-04 
 1.655683e+00  3.198603e-04 
 1.656008e+00  3.175382e-04 
 1.656333e+00  3.152419e-04 
 1.656657e+00  3.129797e-04 
 1.656982e+00  3.107456e-04 
 1.657306e+00  3.085499e-04 
 1.657631e+00  3.063858e-04 
 1.657955e+00  3.042589e-04 
 1.658280e+00  3.021691e-04 
 1.658604e+00  3.001124e-04 
 1.658929e+00  2.980878e-04 
 1.659254e+00  2.961103e-04 
 1.659578e+00  2.941702e-04 
 1.659903e+00  2.922641e-04 
 1.660227e+00  2.903939e-04 
 1.660552e+00  2.885606e-04 
 1.660876e+00  2.867737e-04 
 1.661201e+00  2.850295e-04 
 1.661526e+00  2.833195e-04 
 1.661850e+00  2.816548e-04 
 1.662175e+00  2.800254e-04 
 1.662499e+00  2.784299e-04 
 1.662824e+00  2.768861e-04 
 1.663148e+00  2.753932e-04 
 1.663473e+00  2.739518e-04 
 1.663798e+00  2.725733e-04 
 1.664121e+00  2.712418e-04 
 1.664443e+00  2.699429e-04 
 1.664766e+00  2.686992e-04 
 1.665089e+00  2.675025e-04 
 1.665412e+00  2.663491e-04 
 1.665735e+00  2.652401e-04 
 1.666058e+00  2.641814e-04 
 1.666381e+00  2.631766e-04 
 1.666704e+00  2.622186e-04 
 1.667027e+00  2.613112e-04 
 1.667350e+00  2.604584e-04 
 1.667673e+00  2.596518e-04 
 1.667996e+00  2.588925e-04 
 1.668319e+00  2.581801e-04 
 1.668642e+00  2.575205e-04 
 1.668965e+00  2.569152e-04 
 1.669288e+00  2.563615e-04 
 1.669611e+00  2.558528e-04 
 1.669934e+00  2.553943e-04 
 1.670257e+00  2.549841e-04 
 1.670580e+00  2.546202e-04 
 1.670903e+00  2.543127e-04 
 1.671226e+00  2.540511e-04 
 1.671549e+00  2.538426e-04 
 1.671872e+00  2.536868e-04 
 1.672194e+00  2.535851e-04 
 1.672517e+00  2.535433e-04 
 1.672840e+00  2.535504e-04 
 1.673163e+00  2.536067e-04 
 1.673486e+00  2.537096e-04 
 1.673809e+00  2.538637e-04 
 1.674132e+00  2.540685e-04 
 1.674455e+00  2.543384e-04 
 1.674778e+00  2.546530e-04 
 1.675101e+00  2.550160e-04 
 1.675424e+00  2.554307e-04 
 1.675747e+00  2.559004e-04 
 1.676070e+00  2.564232e-04 
 1.676393e+00  2.570023e-04 
 1.676716e+00  2.576290e-04 
 1.677039e+00  2.582951e-04 
 1.677362e+00  2.590111e-04 
 1.677685e+00  2.597814e-04 
 1.678008e+00  2.606009e-04 
 1.678331e+00  2.614651e-04 
 1.678654e+00  2.623776e-04 
 1.678977e+00  2.633289e-04 
 1.679300e+00  2.643277e-04 
 1.679622e+00  2.653681e-04 
 1.679945e+00  2.664573e-04 
 1.680268e+00  2.675904e-04 
 1.680591e+00  2.687690e-04 
 1.680914e+00  2.699918e-04 
 1.681237e+00  2.712572e-04 
 1.681560e+00  2.725752e-04 
 1.681883e+00  2.739356e-04 
 1.682206e+00  2.753372e-04 
 1.682529e+00  2.767775e-04 
 1.682852e+00  2.782553e-04 
 1.683175e+00  2.797691e-04 
 1.683498e+00  2.813224e-04 
 1.683821e+00  2.829159e-04 
 1.684144e+00  2.845485e-04 
 1.684467e+00  2.862206e-04 
 1.684790e+00  2.879291e-04 
 1.685113e+00  2.896747e-04 
 1.685436e+00  2.914500e-04 
 1.685759e+00  2.932605e-04 
 1.686082e+00  2.951072e-04 
 1.686405e+00  2.969807e-04 
 1.686728e+00  2.988816e-04 
 1.687051e+00  3.008176e-04 
 1.687373e+00  3.027816e-04 
 1.687696e+00  3.047732e-04 
 1.688019e+00  3.067901e-04 
 1.688342e+00  3.088299e-04 
 1.688665e+00  3.108847e-04 
 1.688988e+00  3.129709e-04 
 1.689311e+00  3.150834e-04 
 1.689634e+00  3.172218e-04 
 1.689957e+00  3.193873e-04 
 1.690280e+00  3.215734e-04 
 1.690603e+00  3.237758e-04 
 1.690926e+00  3.259962e-04 
 1.691249e+00  3.282323e-04 
 1.691572e+00  3.304795e-04 
 1.691895e+00  3.327441e-04 
 1.692218e+00  3.350216e-04 
 1.692541e+00  3.373149e-04 
 1.692864e+00  3.396229e-04 
 1.693188e+00  3.419555e-04 
 1.693513e+00  3.443078e-04 
 1.693837e+00  3.466684e-04 
 1.694162e+00  3.490367e-04 
 1.694486e+00  3.514149e-04 
 1.694811e+00  3.537960e-04 
 1.695136e+00  3.561842e-04 
 1.695460e+00  3.585772e-04 
 1.695785e+00  3.609746e-04 
 1.696109e+00  3.633732e-04 
 1.696434e+00  3.657731e-04 
 1.696758e+00  3.681680e-04 
 1.697083e+00  3.705661e-04 
 1.697408e+00  3.729592e-04 
 1.697732e+00  3.753470e-04 
 1.698057e+00  3.777329e-04 
 1.698381e+00  3.801134e-04 
 1.698706e+00  3.824931e-04 
 1.699030e+00  3.848659e-04 
 1.699355e+00  3.872211e-04 
 1.699679e+00  3.895693e-04 
 1.700004e+00  3.919067e-04 
 1.700329e+00  3.942393e-04 
 1.700653e+00  3.965597e-04 
 1.700978e+00  3.988704e-04 
 1.701302e+00  4.011667e-04 
 1.701627e+00  4.034419e-04 
 1.701951e+00  4.056995e-04 
 1.702276e+00  4.079473e-04 
 1.702601e+00  4.101751e-04 
 1.702925e+00  4.123824e-04 
 1.703250e+00  4.145627e-04 
 1.703574e+00  4.167255e-04 
 1.703899e+00  4.188614e-04 
 1.704223e+00  4.209783e-04 
 1.704548e+00  4.230792e-04 
 1.704873e+00  4.251588e-04 
 1.705197e+00  4.272133e-04 
 1.705522e+00  4.292414e-04 
 1.705846e+00  4.312353e-04 
 1.706171e+00  4.331988e-04 
 1.706495e+00  4.351321e-04 
 1.706820e+00  4.370370e-04 
 1.707145e+00  4.389078e-04 
 1.707469e+00  4.407563e-04 
 1.707794e+00  4.425741e-04 
 1.708118e+00  4.443635e-04 
 1.708443e+00  4.461195e-04 
 1.708767e+00  4.478495e-04 
 1.709092e+00  4.495408e-04 
 1.709417e+00  4.511921e-04 
 1.709741e+00  4.528067e-04 
 1.710066e+00  4.543787e-04 
 1.710390e+00  4.559129e-04 
 1.710715e+00  4.574109e-04 
 1.711039e+00  4.588670e-04 
 1.711364e+00  4.602856e-04 
 1.711688e+00  4.616650e-04 
 1.712013e+00  4.630113e-04 
 1.712338e+00  4.643173e-04 
 1.712662e+00  4.655854e-04 
 1.712987e+00  4.668104e-04 
 1.713311e+00  4.679934e-04 
 1.713636e+00  4.691423e-04 
 1.713960e+00  4.702452e-04 
 1.714285e+00  4.712969e-04 
 1.714610e+00  4.723004e-04 
 1.714934e+00  4.732619e-04 
 1.715259e+00  4.741720e-04 
 1.715583e+00  4.750385e-04 
 1.715908e+00  4.758679e-04 
 1.716232e+00  4.766527e-04 
 1.716557e+00  4.773880e-04 
 1.716882e+00  4.780827e-04 
 1.717206e+00  4.787274e-04 
 1.717531e+00  4.793189e-04 
 1.717855e+00  4.798630e-04 
 1.718180e+00  4.803567e-04 
 1.718504e+00  4.807991e-04 
 1.718829e+00  4.811964e-04 
 1.719154e+00  4.815468e-04 
 1.719478e+00  4.818486e-04 
 1.719803e+00  4.821079e-04 
 1.720127e+00  4.823200e-04 
 1.720452e+00  4.824849e-04 
 1.720776e+00  4.826005e-04 
 1.721101e+00  4.826684e-04 
 1.721426e+00  4.826856e-04 
 1.721750e+00  4.826514e-04 
 1.722075e+00  4.825674e-04 
 1.722399e+00  4.824397e-04 
 1.722724e+00  4.822602e-04 
 1.723048e+00  4.820344e-04 
 1.723373e+00  4.817569e-04 
 1.723698e+00  4.814343e-04 
 1.724022e+00  4.810617e-04 
 1.724347e+00  4.806475e-04 
 1.724671e+00  4.801876e-04 
 1.724996e+00  4.796831e-04 
 1.725320e+00  4.791319e-04 
 1.725645e+00  4.785352e-04 
 1.725969e+00  4.778922e-04 
 1.726294e+00  4.772104e-04 
 1.726619e+00  4.764839e-04 
 1.726943e+00  4.757158e-04 
 1.727268e+00  4.749063e-04 
 1.727592e+00  4.740547e-04 
 1.727917e+00  4.731563e-04 
 1.728241e+00  4.722182e-04 
 1.728566e+00  4.712448e-04 
 1.728891e+00  4.702275e-04 
 1.729215e+00  4.691712e-04 
 1.729540e+00  4.680712e-04 
 1.729864e+00  4.669275e-04 
 1.730189e+00  4.657461e-04 
 1.730513e+00  4.645308e-04 
 1.730838e+00  4.632822e-04 
 1.731163e+00  4.619973e-04 
 1.731487e+00  4.606814e-04 
 1.731812e+00  4.593273e-04 
 1.732136e+00  4.579373e-04 
 1.732461e+00  4.565149e-04 
 1.732785e+00  4.550561e-04 
 1.733110e+00  4.535585e-04 
 1.733435e+00  4.520284e-04 
 1.733759e+00  4.504687e-04 
 1.734084e+00  4.488820e-04 
 1.734408e+00  4.472653e-04 
 1.734733e+00  4.456268e-04 
 1.735057e+00  4.439623e-04 
 1.735382e+00  4.422698e-04 
 1.735707e+00  4.405485e-04 
 1.736031e+00  4.388020e-04 
 1.736356e+00  4.370295e-04 
 1.736680e+00  4.352357e-04 
 1.737005e+00  4.334152e-04 
 1.737329e+00  4.315739e-04 
 1.737654e+00  4.297081e-04 
 1.737979e+00  4.278272e-04 
 1.738303e+00  4.259258e-04 
 1.738628e+00  4.240068e-04 
 1.738952e+00  4.220724e-04 
 1.739277e+00  4.201234e-04 
 1.739601e+00  4.181592e-04 
 1.739926e+00  4.161838e-04 
 1.740250e+00  4.141914e-04 
 1.740575e+00  4.121808e-04 
 1.740900e+00  4.101519e-04 
 1.741224e+00  4.081107e-04 
 1.741549e+00  4.060555e-04 
 1.741873e+00  4.039929e-04 
 1.742198e+00  4.019211e-04 
 1.742522e+00  3.998386e-04 
 1.742847e+00  3.977534e-04 
 1.743172e+00  3.956653e-04 
 1.743496e+00  3.935759e-04 
 1.743821e+00  3.914827e-04 
 1.744145e+00  3.893868e-04 
 1.744470e+00  3.872786e-04 
 1.744794e+00  3.851670e-04 
 1.745119e+00  3.830612e-04 
 1.745444e+00  3.809566e-04 
 1.745768e+00  3.788518e-04 
 1.746093e+00  3.767538e-04 
 1.746417e+00  3.746584e-04 
 1.746742e+00  3.725597e-04 
 1.747066e+00  3.704739e-04 
 1.747391e+00  3.683953e-04 
 1.747716e+00  3.663229e-04 
 1.748040e+00  3.642606e-04 
 1.748365e+00  3.622034e-04 
 1.748689e+00  3.601525e-04 
 1.749014e+00  3.581093e-04 
 1.749338e+00  3.560792e-04 
 1.749663e+00  3.540619e-04 
 1.749988e+00  3.520659e-04 
 1.750312e+00  3.500791e-04 
 1.750637e+00  3.481057e-04 
 1.750961e+00  3.461401e-04 
 1.751286e+00  3.441874e-04 
 1.751610e+00  3.422546e-04 
 1.751935e+00  3.403372e-04 
 1.752259e+00  3.384433e-04 
 1.752584e+00  3.365644e-04 
 1.752909e+00  3.347050e-04 
 1.753233e+00  3.328675e-04 
 1.753558e+00  3.310530e-04 
 1.753882e+00  3.292534e-04 
 1.754207e+00  3.274793e-04 
 1.754531e+00  3.257281e-04 
 1.754856e+00  3.240056e-04 
 1.755181e+00  3.223136e-04 
 1.755505e+00  3.206449e-04 
 1.755830e+00  3.189917e-04 
 1.756154e+00  3.173607e-04 
 1.756479e+00  3.157619e-04 
 1.756803e+00  3.141971e-04 
 1.757128e+00  3.126629e-04 
 1.757453e+00  3.111664e-04 
 1.757777e+00  3.097058e-04 
 1.758102e+00  3.082714e-04 
 1.758426e+00  3.068611e-04 
 1.758751e+00  3.054873e-04 
 1.759075e+00  3.041448e-04 
 1.759400e+00  3.028340e-04 
 1.759725e+00  3.015495e-04 
 1.760049e+00  3.002950e-04 
 1.760374e+00  2.990767e-04 
 1.760698e+00  2.978928e-04 
 1.761023e+00  2.967442e-04 
 1.761347e+00  2.956397e-04 
 1.761672e+00  2.945737e-04 
 1.761997e+00  2.935389e-04 
 1.762321e+00  2.925408e-04 
 1.762646e+00  2.915788e-04 
 1.762970e+00  2.906515e-04 
 1.763295e+00  2.897635e-04 
 1.763619e+00  2.889117e-04 
 1.763944e+00  2.880984e-04 
 1.764268e+00  2.873280e-04 
 1.764591e+00  2.865957e-04 
 1.764914e+00  2.858951e-04 
 1.765237e+00  2.852336e-04 
 1.765560e+00  2.846213e-04 
 1.765883e+00  2.840471e-04 
 1.766206e+00  2.835133e-04 
 1.766529e+00  2.830243e-04 
 1.766852e+00  2.825736e-04 
 1.767175e+00  2.821533e-04 
 1.767498e+00  2.817700e-04 
 1.767821e+00  2.814339e-04 
 1.768144e+00  2.811425e-04 
 1.768467e+00  2.808940e-04 
 1.768790e+00  2.806806e-04 
 1.769113e+00  2.805071e-04 
 1.769436e+00  2.803753e-04 
 1.769759e+00  2.802797e-04 
 1.770082e+00  2.802266e-04 
 1.770405e+00  2.802178e-04 
 1.770728e+00  2.802505e-04 
 1.771051e+00  2.803179e-04 
 1.771374e+00  2.804216e-04 
 1.771696e+00  2.805628e-04 
 1.772019e+00  2.807429e-04 
 1.772342e+00  2.809605e-04 
 1.772665e+00  2.812212e-04 
 1.772988e+00  2.815238e-04 
 1.773311e+00  2.818682e-04 
 1.773634e+00  2.822461e-04 
 1.773957e+00  2.826611e-04 
 1.774280e+00  2.831126e-04 
 1.774603e+00  2.836034e-04 
 1.774926e+00  2.841356e-04 
 1.775249e+00  2.847106e-04 
 1.775572e+00  2.853229e-04 
 1.775895e+00  2.859751e-04 
 1.776218e+00  2.866658e-04 
 1.776541e+00  2.873919e-04 
 1.776864e+00  2.881521e-04 
 1.777187e+00  2.889460e-04 
 1.777510e+00  2.897711e-04 
 1.777833e+00  2.906373e-04 
 1.778156e+00  2.915411e-04 
 1.778479e+00  2.924757e-04 
 1.778802e+00  2.934420e-04 
 1.779125e+00  2.944418e-04 
 1.779447e+00  2.954742e-04 
 1.779770e+00  2.965379e-04 
 1.780093e+00  2.976328e-04 
 1.780416e+00  2.987626e-04 
 1.780739e+00  2.999212e-04 
 1.781062e+00  3.011088e-04 
 1.781385e+00  3.023263e-04 
 1.781708e+00  3.035740e-04 
 1.782031e+00  3.048538e-04 
 1.782354e+00  3.061622e-04 
 1.782677e+00  3.074954e-04 
 1.783000e+00  3.088571e-04 
 1.783323e+00  3.102419e-04 
 1.783646e+00  3.116544e-04 
 1.783970e+00  3.131005e-04 
 1.784295e+00  3.145738e-04 
 1.784619e+00  3.160745e-04 
 1.784944e+00  3.175922e-04 
 1.785269e+00  3.191303e-04 
 1.785593e+00  3.206812e-04 
 1.785918e+00  3.222526e-04 
 1.786242e+00  3.238436e-04 
 1.786567e+00  3.254641e-04 
 1.786891e+00  3.271024e-04 
 1.787216e+00  3.287554e-04 
 1.787541e+00  3.304260e-04 
 1.787865e+00  3.321127e-04 
 1.788190e+00  3.338197e-04 
 1.788514e+00  3.355458e-04 
 1.788839e+00  3.372863e-04 
 1.789163e+00  3.390376e-04 
 1.789488e+00  3.407997e-04 
 1.789813e+00  3.425722e-04 
 1.790137e+00  3.443509e-04 
 1.790462e+00  3.461399e-04 
 1.790786e+00  3.479409e-04 
 1.791111e+00  3.497488e-04 
 1.791435e+00  3.515621e-04 
 1.791760e+00  3.533826e-04 
 1.792084e+00  3.552078e-04 
 1.792409e+00  3.570364e-04 
 1.792734e+00  3.588732e-04 
 1.793058e+00  3.607124e-04 
 1.793383e+00  3.625542e-04 
 1.793707e+00  3.643995e-04 
 1.794032e+00  3.662442e-04 
 1.794356e+00  3.680883e-04 
 1.794681e+00  3.699340e-04 
 1.795006e+00  3.717787e-04 
 1.795330e+00  3.736171e-04 
 1.795655e+00  3.754553e-04 
 1.795979e+00  3.772893e-04 
 1.796304e+00  3.791217e-04 
 1.796628e+00  3.809490e-04 
 1.796953e+00  3.827709e-04 
 1.797278e+00  3.845810e-04 
 1.797602e+00  3.863858e-04 
 1.797927e+00  3.881792e-04 
 1.798251e+00  3.899598e-04 
 1.798576e+00  3.917316e-04 
 1.798900e+00  3.934888e-04 
 1.799225e+00  3.952403e-04 
 1.799550e+00  3.969784e-04 
 1.799874e+00  3.986953e-04 
 1.800199e+00  4.003967e-04 
 1.800523e+00  4.020880e-04 
 1.800848e+00  4.037720e-04 
 1.801172e+00  4.054323e-04 
 1.801497e+00  4.070846e-04 
 1.801822e+00  4.087368e-04 
 1.802146e+00  4.103616e-04 
 1.802471e+00  4.119631e-04 
 1.802795e+00  4.135498e-04 
 1.803120e+00  4.151076e-04 
 1.803444e+00  4.166444e-04 
 1.803769e+00  4.181528e-04 
 1.804093e+00  4.196424e-04 
 1.804418e+00  4.211014e-04 
 1.804743e+00  4.225461e-04 
 1.805067e+00  4.239641e-04 
 1.805392e+00  4.253669e-04 
 1.805716e+00  4.267469e-04 
 1.806041e+00  4.281097e-04 
 1.806365e+00  4.294400e-04 
 1.806690e+00  4.307434e-04 
 1.807015e+00  4.320215e-04 
 1.807339e+00  4.332755e-04 
 1.807664e+00  4.345009e-04 
 1.807988e+00  4.356984e-04 
 1.808313e+00  4.368610e-04 
 1.808637e+00  4.379943e-04 
 1.808962e+00  4.391004e-04 
 1.809287e+00  4.401881e-04 
 1.809611e+00  4.412480e-04 
 1.809936e+00  4.422783e-04 
 1.810260e+00  4.432735e-04 
 1.810585e+00  4.442345e-04 
 1.810909e+00  4.451697e-04 
 1.811234e+00  4.460757e-04 
 1.811559e+00  4.469445e-04 
 1.811883e+00  4.477729e-04 
 1.812208e+00  4.485653e-04 
 1.812532e+00  4.493248e-04 
 1.812857e+00  4.500462e-04 
 1.813181e+00  4.507406e-04 
 1.813506e+00  4.514043e-04 
 1.813831e+00  4.520257e-04 
 1.814155e+00  4.526143e-04 
 1.814480e+00  4.531706e-04 
 1.814804e+00  4.536893e-04 
 1.815129e+00  4.541773e-04 
 1.815453e+00  4.546309e-04 
 1.815778e+00  4.550439e-04 
 1.816102e+00  4.554246e-04 
 1.816427e+00  4.557708e-04 
 1.816752e+00  4.560769e-04 
 1.817076e+00  4.563519e-04 
 1.817401e+00  4.565954e-04 
 1.817725e+00  4.567977e-04 
 1.818050e+00  4.569568e-04 
 1.818374e+00  4.570840e-04 
 1.818699e+00  4.571767e-04 
 1.819024e+00  4.572350e-04 
 1.819348e+00  4.572576e-04 
 1.819673e+00  4.572508e-04 
 1.819997e+00  4.572045e-04 
 1.820322e+00  4.571248e-04 
 1.820646e+00  4.570135e-04 
 1.820971e+00  4.568688e-04 
 1.821296e+00  4.566892e-04 
 1.821620e+00  4.564696e-04 
 1.821945e+00  4.562112e-04 
 1.822269e+00  4.559192e-04 
 1.822594e+00  4.555984e-04 
 1.822918e+00  4.552457e-04 
 1.823243e+00  4.548554e-04 
 1.823568e+00  4.544303e-04 
 1.823892e+00  4.539684e-04 
 1.824217e+00  4.534751e-04 
 1.824541e+00  4.529488e-04 
 1.824866e+00  4.523992e-04 
 1.825190e+00  4.518171e-04 
 1.825515e+00  4.511985e-04 
 1.825840e+00  4.505472e-04 
 1.826164e+00  4.498667e-04 
 1.826489e+00  4.491521e-04 
 1.826813e+00  4.484078e-04 
 1.827138e+00  4.476353e-04 
 1.827462e+00  4.468320e-04 
 1.827787e+00  4.460088e-04 
 1.828112e+00  4.451606e-04 
 1.828436e+00  4.442815e-04 
 1.828761e+00  4.433790e-04 
 1.829085e+00  4.424509e-04 
 1.829410e+00  4.414905e-04 
 1.829734e+00  4.405071e-04 
 1.830059e+00  4.395002e-04 
 1.830383e+00  4.384592e-04 
 1.830708e+00  4.373928e-04 
 1.831033e+00  4.362986e-04 
 1.831357e+00  4.351817e-04 
 1.831682e+00  4.340396e-04 
 1.832006e+00  4.328814e-04 
 1.832331e+00  4.317026e-04 
 1.832655e+00  4.304991e-04 
 1.832980e+00  4.292688e-04 
 1.833305e+00  4.280157e-04 
 1.833629e+00  4.267428e-04 
 1.833954e+00  4.254545e-04 
 1.834278e+00  4.241453e-04 
 1.834603e+00  4.228140e-04 
 1.834927e+00  4.214613e-04 
 1.835252e+00  4.200931e-04 
 1.835577e+00  4.187101e-04 
 1.835901e+00  4.173159e-04 
 1.836226e+00  4.159112e-04 
 1.836550e+00  4.144895e-04 
 1.836875e+00  4.130503e-04 
 1.837199e+00  4.115960e-04 
 1.837524e+00  4.101294e-04 
 1.837849e+00  4.086502e-04 
 1.838173e+00  4.071572e-04 
 1.838498e+00  4.056558e-04 
 1.838822e+00  4.041394e-04 
 1.839147e+00  4.026154e-04 
 1.839471e+00  4.010854e-04 
 1.839796e+00  3.995473e-04 
 1.840121e+00  3.980052e-04 
 1.840445e+00  3.964599e-04 
 1.840770e+00  3.948942e-04 
 1.841094e+00  3.933279e-04 
 1.841419e+00  3.917526e-04 
 1.841743e+00  3.901714e-04 
 1.842068e+00  3.885836e-04 
 1.842393e+00  3.869921e-04 
 1.842717e+00  3.853938e-04 
 1.843042e+00  3.837901e-04 
 1.843366e+00  3.821920e-04 
 1.843691e+00  3.805955e-04 
 1.844015e+00  3.790107e-04 
 1.844340e+00  3.774189e-04 
 1.844664e+00  3.758263e-04 
 1.844989e+00  3.742252e-04 
 1.845314e+00  3.726277e-04 
 1.845638e+00  3.710349e-04 
 1.845963e+00  3.694457e-04 
 1.846287e+00  3.678657e-04 
 1.846612e+00  3.662832e-04 
 1.846936e+00  3.647068e-04 
 1.847261e+00  3.631415e-04 
 1.847586e+00  3.615828e-04 
 1.847910e+00  3.600269e-04 
 1.848235e+00  3.584778e-04 
 1.848559e+00  3.569429e-04 
 1.848884e+00  3.554172e-04 
 1.849208e+00  3.539028e-04 
 1.849533e+00  3.523945e-04 
 1.849858e+00  3.508903e-04 
 1.850182e+00  3.493983e-04 
 1.850507e+00  3.479215e-04 
 1.850831e+00  3.464630e-04 
 1.851156e+00  3.450183e-04 
 1.851480e+00  3.435910e-04 
 1.851805e+00  3.421727e-04 
 1.852130e+00  3.407662e-04 
 1.852454e+00  3.393686e-04 
 1.852779e+00  3.379909e-04 
 1.853103e+00  3.366283e-04 
 1.853428e+00  3.352828e-04 
 1.853752e+00  3.339523e-04 
 1.854077e+00  3.326398e-04 
 1.854402e+00  3.313477e-04 
 1.854726e+00  3.300760e-04 
 1.855051e+00  3.288261e-04 
 1.855375e+00  3.276071e-04 
 1.855700e+00  3.264082e-04 
 1.856024e+00  3.252275e-04 
 1.856349e+00  3.240656e-04 
 1.856673e+00  3.229239e-04 
 1.856998e+00  3.218058e-04 
 1.857323e+00  3.207099e-04 
 1.857647e+00  3.196385e-04 
 1.857972e+00  3.185943e-04 
 1.858296e+00  3.175754e-04 
 1.858621e+00  3.165807e-04 
 1.858945e+00  3.156152e-04 
 1.859270e+00  3.146724e-04 
 1.859595e+00  3.137606e-04 
 1.859919e+00  3.128751e-04 
 1.860244e+00  3.120066e-04 
 1.860568e+00  3.111696e-04 
 1.860893e+00  3.103545e-04 
 1.861217e+00  3.095612e-04 
 1.861542e+00  3.088047e-04 
 1.861867e+00  3.080818e-04 
 1.862191e+00  3.073815e-04 
 1.862516e+00  3.067152e-04 
 1.862840e+00  3.060800e-04 
 1.863165e+00  3.054689e-04 
 1.863489e+00  3.048841e-04 
 1.863814e+00  3.043328e-04 
 1.864139e+00  3.038187e-04 
 1.864463e+00  3.033344e-04 
 1.864788e+00  3.028746e-04 
 1.865112e+00  3.024411e-04 
 1.865437e+00  3.020411e-04 
 1.865761e+00  3.016732e-04 
 1.866086e+00  3.013370e-04 
 1.866410e+00  3.010326e-04 
 1.866735e+00  3.007658e-04 
 1.867060e+00  3.005254e-04 
 1.867384e+00  3.003126e-04 
 1.867709e+00  3.001242e-04 
 1.868033e+00  2.999735e-04 
 1.868358e+00  2.998534e-04 
 1.868682e+00  2.997642e-04 
 1.869007e+00  2.997051e-04 
 1.869332e+00  2.996838e-04 
 1.869656e+00  2.996906e-04 
 1.869981e+00  2.997341e-04 
 1.870305e+00  2.998117e-04 
 1.870630e+00  2.999248e-04 
 1.870954e+00  3.000652e-04 
 1.871279e+00  3.002312e-04 
 1.871604e+00  3.004280e-04 
 1.871928e+00  3.006574e-04 
 1.872253e+00  3.009196e-04 
 1.872577e+00  3.012105e-04 
 1.872902e+00  3.015312e-04 
 1.873226e+00  3.018851e-04 
 1.873551e+00  3.022720e-04 
 1.873876e+00  3.026907e-04 
 1.874200e+00  3.031400e-04 
 1.874525e+00  3.036221e-04 
 1.874849e+00  3.041277e-04 
 1.875174e+00  3.046631e-04 
 1.875498e+00  3.052307e-04 
 1.875823e+00  3.058244e-04 
 1.876147e+00  3.064474e-04 
 1.876472e+00  3.070992e-04 
 1.876797e+00  3.077797e-04 
 1.877121e+00  3.084892e-04 
 1.877446e+00  3.092265e-04 
 1.877770e+00  3.099949e-04 
 1.878095e+00  3.107894e-04 
 1.878419e+00  3.116142e-04 
 1.878744e+00  3.124630e-04 
 1.879069e+00  3.133343e-04 
 1.879393e+00  3.142326e-04 
 1.879718e+00  3.151526e-04 
 1.880042e+00  3.160968e-04 
 1.880367e+00  3.170643e-04 
 1.880691e+00  3.180577e-04 
 1.881016e+00  3.190745e-04 
 1.881341e+00  3.201111e-04 
 1.881665e+00  3.211768e-04 
 1.881990e+00  3.222653e-04 
 1.882314e+00  3.233776e-04 
 1.882639e+00  3.245088e-04 
 1.882963e+00  3.256589e-04 
 1.883288e+00  3.268257e-04 
 1.883613e+00  3.280130e-04 
 1.883937e+00  3.292202e-04 
 1.884262e+00  3.304408e-04 
 1.884586e+00  3.316767e-04 
 1.884911e+00  3.329317e-04 
 1.885235e+00  3.342051e-04 
 1.885560e+00  3.354964e-04 
 1.885884e+00  3.368017e-04 
 1.886209e+00  3.381189e-04 
 1.886534e+00  3.394459e-04 
 1.886858e+00  3.407885e-04 
 1.887183e+00  3.421432e-04 
 1.887507e+00  3.435083e-04 
 1.887832e+00  3.448875e-04 
 1.888156e+00  3.462796e-04 
 1.888481e+00  3.476815e-04 
 1.888806e+00  3.490955e-04 
 1.889130e+00  3.505198e-04 
 1.889455e+00  3.519505e-04 
 1.889779e+00  3.533928e-04 
 1.890104e+00  3.548457e-04 
 1.890428e+00  3.563054e-04 
 1.890753e+00  3.577706e-04 
 1.891078e+00  3.592404e-04 
 1.891402e+00  3.607091e-04 
 1.891727e+00  3.621821e-04 
 1.892051e+00  3.636612e-04 
 1.892376e+00  3.651409e-04 
 1.892700e+00  3.666260e-04 
 1.893025e+00  3.681094e-04 
 1.893350e+00  3.695958e-04 
 1.893674e+00  3.710807e-04 
 1.893999e+00  3.725584e-04 
 1.894323e+00  3.740361e-04 
 1.894648e+00  3.755202e-04 
 1.894972e+00  3.770021e-04 
 1.895297e+00  3.784735e-04 
 1.895622e+00  3.799461e-04 
 1.895946e+00  3.814149e-04 
 1.896271e+00  3.828773e-04 
 1.896595e+00  3.843355e-04 
 1.896920e+00  3.857900e-04 
 1.897244e+00  3.872386e-04 
 1.897569e+00  3.886732e-04 
 1.897893e+00  3.900907e-04 
 1.898218e+00  3.915016e-04 
 1.898543e+00  3.929038e-04 
 1.898867e+00  3.942993e-04 
 1.899192e+00  3.956864e-04 
 1.899516e+00  3.970624e-04 
 1.899841e+00  3.984307e-04 
 1.900165e+00  3.997876e-04 
 1.900490e+00  4.011249e-04 
 1.900815e+00  4.024551e-04 
 1.901139e+00  4.037734e-04 
 1.901464e+00  4.050777e-04 
 1.901788e+00  4.063615e-04 
 1.902113e+00  4.076294e-04 
 1.902437e+00  4.088797e-04 
 1.902762e+00  4.101154e-04 
 1.903087e+00  4.113341e-04 
 1.903411e+00  4.125409e-04 
 1.903736e+00  4.137334e-04 
 1.904060e+00  4.149044e-04 
 1.904385e+00  4.160535e-04 
 1.904709e+00  4.171811e-04 
 1.905034e+00  4.182945e-04 
 1.905359e+00  4.193888e-04 
 1.905683e+00  4.204559e-04 
 1.906008e+00  4.215053e-04 
 1.906332e+00  4.225295e-04 
 1.906657e+00  4.235372e-04 
 1.906981e+00  4.245234e-04 
 1.907306e+00  4.254897e-04 
 1.907631e+00  4.264345e-04 
 1.907955e+00  4.273588e-04 
 1.908280e+00  4.282608e-04 
 1.908604e+00  4.291395e-04 
 1.908929e+00  4.300107e-04 
 1.909253e+00  4.308504e-04 
 1.909578e+00  4.316685e-04 
 1.909902e+00  4.324624e-04 
 1.910227e+00  4.332249e-04 
 1.910552e+00  4.339611e-04 
 1.910876e+00  4.346745e-04 
 1.911201e+00  4.353722e-04 
 1.911525e+00  4.360387e-04 
 1.911850e+00  4.366802e-04 
 1.912174e+00  4.372892e-04 
 1.912499e+00  4.378721e-04 
 1.912824e+00  4.384262e-04 
 1.913148e+00  4.389604e-04 
 1.913473e+00  4.394696e-04 
 1.913797e+00  4.399538e-04 
 1.914122e+00  4.404033e-04 
 1.914446e+00  4.408198e-04 
 1.914771e+00  4.412120e-04 
 1.915096e+00  4.415765e-04 
 1.915420e+00  4.419092e-04 
 1.915745e+00  4.422189e-04 
 1.916069e+00  4.425025e-04 
 1.916394e+00  4.427596e-04 
 1.916718e+00  4.429903e-04 
 1.917043e+00  4.431952e-04 
 1.917368e+00  4.433683e-04 
 1.917692e+00  4.435155e-04 
 1.918017e+00  4.436363e-04 
 1.918341e+00  4.437286e-04 
 1.918666e+00  4.437868e-04 
 1.918990e+00  4.438092e-04 
 1.919315e+00  4.438066e-04 
 1.919640e+00  4.437700e-04 
 1.919964e+00  4.437068e-04 
 1.920289e+00  4.436209e-04 
 1.920613e+00  4.435077e-04 
 1.920938e+00  4.433587e-04 
 1.921262e+00  4.431865e-04 
 1.921587e+00  4.429856e-04 
 1.921912e+00  4.427624e-04 
 1.922236e+00  4.425101e-04 
 1.922561e+00  4.422258e-04 
 1.922885e+00  4.419110e-04 
 1.923210e+00  4.415653e-04 
 1.923534e+00  4.411912e-04 
 1.923859e+00  4.407921e-04 
 1.924183e+00  4.403679e-04 
 1.924508e+00  4.399131e-04 
 1.924833e+00  4.394336e-04 
 1.925157e+00  4.389241e-04 
 1.925482e+00  4.383935e-04 
 1.925806e+00  4.378355e-04 
 1.926131e+00  4.372534e-04 
 1.926455e+00  4.366507e-04 
 1.926780e+00  4.360207e-04 
 1.927105e+00  4.353632e-04 
 1.927429e+00  4.346825e-04 
 1.927754e+00  4.339768e-04 
 1.928078e+00  4.332477e-04 
 1.928403e+00  4.324935e-04 
 1.928727e+00  4.317121e-04 
 1.929052e+00  4.309063e-04 
 1.929377e+00  4.300863e-04 
 1.929701e+00  4.292432e-04 
 1.930026e+00  4.283781e-04 
 1.930350e+00  4.274889e-04 
 1.930675e+00  4.265751e-04 
 1.930999e+00  4.256367e-04 
 1.931324e+00  4.246778e-04 
 1.931649e+00  4.236992e-04 
 1.931973e+00  4.227043e-04 
 1.932298e+00  4.216850e-04 
 1.932622e+00  4.206387e-04 
 1.932947e+00  4.195756e-04 
 1.933271e+00  4.184930e-04 
 1.933596e+00  4.173971e-04 
 1.933921e+00  4.162837e-04 
 1.934245e+00  4.151560e-04 
 1.934570e+00  4.140099e-04 
 1.934894e+00  4.128493e-04 
 1.935219e+00  4.116703e-04 
 1.935543e+00  4.104768e-04 
 1.935868e+00  4.092748e-04 
 1.936193e+00  4.080529e-04 
 1.936517e+00  4.068186e-04 
 1.936842e+00  4.055678e-04 
 1.937166e+00  4.043032e-04 
 1.937491e+00  4.030246e-04 
 1.937815e+00  4.017352e-04 
 1.938140e+00  4.004398e-04 
 1.938464e+00  3.991287e-04 
 1.938789e+00  3.978044e-04 
 1.939114e+00  3.964710e-04 
 1.939438e+00  3.951279e-04 
 1.939763e+00  3.937748e-04 
 1.940087e+00  3.924154e-04 
 1.940412e+00  3.910479e-04 
 1.940736e+00  3.896699e-04 
 1.941061e+00  3.882911e-04 
 1.941386e+00  3.869036e-04 
 1.941710e+00  3.855062e-04 
 1.942035e+00  3.841023e-04 
 1.942359e+00  3.826946e-04 
 1.942684e+00  3.812856e-04 
 1.943008e+00  3.798793e-04 
 1.943333e+00  3.784698e-04 
 1.943658e+00  3.770523e-04 
 1.943982e+00  3.756365e-04 
 1.944307e+00  3.742233e-04 
 1.944631e+00  3.727990e-04 
 1.944956e+00  3.713876e-04 
 1.945280e+00  3.699762e-04 
 1.945605e+00  3.685617e-04 
 1.945930e+00  3.671457e-04 
 1.946254e+00  3.657309e-04 
 1.946579e+00  3.643187e-04 
 1.946903e+00  3.629083e-04 
 1.947228e+00  3.615088e-04 
 1.947552e+00  3.601103e-04 
 1.947877e+00  3.587228e-04 
 1.948202e+00  3.573414e-04 
 1.948526e+00  3.559670e-04 
 1.948851e+00  3.545912e-04 
 1.949175e+00  3.532288e-04 
 1.949500e+00  3.518734e-04 
 1.949824e+00  3.505231e-04 
 1.950149e+00  3.491876e-04 
 1.950473e+00  3.478590e-04 
 1.950798e+00  3.465407e-04 
 1.951123e+00  3.452424e-04 
 1.951447e+00  3.439510e-04 
 1.951772e+00  3.426688e-04 
 1.952096e+00  3.413984e-04 
 1.952421e+00  3.401440e-04 
 1.952745e+00  3.389084e-04 
 1.953070e+00  3.376896e-04 
 1.953395e+00  3.364836e-04 
 1.953719e+00  3.352836e-04 
 1.954044e+00  3.340981e-04 
 1.954368e+00  3.329313e-04 
 1.954693e+00  3.317914e-04 
 1.955017e+00  3.306681e-04 
 1.955342e+00  3.295672e-04 
 1.955667e+00  3.284892e-04 
 1.955991e+00  3.274258e-04 
 1.956316e+00  3.263802e-04 
 1.956640e+00  3.253618e-04 
 1.956965e+00  3.243678e-04 
 1.957289e+00  3.233894e-04 
 1.957614e+00  3.224230e-04 
 1.957939e+00  3.214829e-04 
 1.958263e+00  3.205654e-04 
 1.958588e+00  3.196764e-04 
 1.958912e+00  3.188144e-04 
 1.959237e+00  3.179833e-04 
 1.959561e+00  3.171623e-04 
 1.959886e+00  3.163643e-04 
 1.960210e+00  3.155953e-04 
 1.960535e+00  3.148533e-04 
 1.960860e+00  3.141435e-04 
 1.961184e+00  3.134555e-04 
 1.961509e+00  3.127980e-04 
 1.961833e+00  3.121610e-04 
 1.962158e+00  3.115496e-04 
 1.962482e+00  3.109684e-04 
 1.962807e+00  3.104290e-04 
 1.963132e+00  3.099110e-04 
 1.963456e+00  3.094259e-04 
 1.963781e+00  3.089653e-04 
 1.964105e+00  3.085371e-04 
 1.964430e+00  3.081323e-04 
 1.964754e+00  3.077554e-04 
 1.965079e+00  3.073986e-04 
 1.965404e+00  3.070778e-04 
 1.965728e+00  3.067846e-04 
 1.966053e+00  3.065253e-04 
 1.966377e+00  3.062971e-04 
 1.966702e+00  3.060965e-04 
 1.967026e+00  3.059210e-04 
 1.967351e+00  3.057763e-04 
 1.967676e+00  3.056666e-04 
 1.968000e+00  3.055897e-04 
 1.968325e+00  3.055449e-04 
 1.968649e+00  3.055255e-04 
 1.968974e+00  3.055318e-04 
 1.969298e+00  3.055673e-04 
 1.969623e+00  3.056395e-04 
 1.969947e+00  3.057385e-04 
 1.970272e+00  3.058738e-04 
 1.970597e+00  3.060367e-04 
 1.970921e+00  3.062297e-04 
 1.971246e+00  3.064558e-04 
 1.971570e+00  3.067094e-04 
 1.971895e+00  3.069926e-04 
 1.972219e+00  3.072984e-04 
 1.972544e+00  3.076360e-04 
 1.972869e+00  3.080013e-04 
 1.973193e+00  3.083988e-04 
 1.973518e+00  3.088268e-04 
 1.973842e+00  3.092858e-04 
 1.974167e+00  3.097732e-04 
 1.974491e+00  3.102872e-04 
 1.974816e+00  3.108259e-04 
 1.975141e+00  3.113939e-04 
 1.975465e+00  3.119913e-04 
 1.975790e+00  3.126177e-04 
 1.976114e+00  3.132675e-04 
 1.976439e+00  3.139421e-04 
 1.976763e+00  3.146399e-04 
 1.977088e+00  3.153678e-04 
 1.977413e+00  3.161250e-04 
 1.977737e+00  3.169099e-04 
 1.978062e+00  3.177188e-04 
 1.978386e+00  3.185529e-04 
 1.978711e+00  3.194089e-04 
 1.979035e+00  3.202942e-04 
 1.979360e+00  3.212038e-04 
 1.979685e+00  3.221366e-04 
 1.980009e+00  3.230879e-04 
 1.980334e+00  3.240542e-04 
 1.980658e+00  3.250376e-04 
 1.980983e+00  3.260468e-04 
 1.981307e+00  3.270806e-04 
 1.981632e+00  3.281380e-04 
 1.981956e+00  3.292148e-04 
 1.982281e+00  3.303109e-04 
 1.982606e+00  3.314263e-04 
 1.982930e+00  3.325634e-04 
 1.983255e+00  3.337188e-04 
 1.983579e+00  3.348931e-04 
 1.983904e+00  3.360827e-04 
 1.984228e+00  3.372856e-04 
 1.984553e+00  3.385037e-04 
 1.984878e+00  3.397335e-04 
 1.985202e+00  3.409810e-04 
 1.985527e+00  3.422431e-04 
 1.985851e+00  3.435185e-04 
 1.986176e+00  3.448051e-04 
 1.986500e+00  3.461040e-04 
 1.986825e+00  3.474150e-04 
 1.987150e+00  3.487382e-04 
 1.987474e+00  3.500765e-04 
 1.987799e+00  3.514257e-04 
 1.988123e+00  3.527791e-04 
 1.988448e+00  3.541405e-04 
 1.988772e+00  3.555115e-04 
 1.989097e+00  3.568920e-04 
 1.989422e+00  3.582808e-04 
 1.989746e+00  3.596774e-04 
 1.990071e+00  3.610809e-04 
 1.990395e+00  3.624865e-04 
 1.990720e+00  3.638981e-04 
 1.991044e+00  3.653122e-04 
 1.991369e+00  3.667293e-04 
 1.991693e+00  3.681470e-04 
 1.992018e+00  3.695742e-04 
 1.992343e+00  3.710049e-04 
 1.992667e+00  3.724329e-04 
 1.992992e+00  3.738583e-04 
 1.993316e+00  3.752850e-04 
 1.993641e+00  3.767086e-04 
 1.993965e+00  3.781337e-04 
 1.994290e+00  3.795558e-04 
 1.994615e+00  3.809704e-04 
 1.994939e+00  3.823791e-04 
 1.995264e+00  3.837795e-04 
 1.995588e+00  3.851791e-04 
 1.995913e+00  3.865722e-04 
 1.996237e+00  3.879647e-04 
 1.996562e+00  3.893489e-04 
 1.996887e+00  3.907310e-04 
 1.997211e+00  3.921049e-04 
 1.997536e+00  3.934738e-04 
 1.997860e+00  3.948299e-04 
 1.998185e+00  3.961750e-04 
 1.998509e+00  3.975043e-04 
 1.998834e+00  3.988200e-04 
 1.999159e+00  4.001218e-04 
 1.999483e+00  4.014153e-04 
 1.999808e+00  4.026941e-04 
 2.000132e+00  4.039638e-04 
 2.000457e+00  4.052205e-04 
 2.000781e+00  4.064666e-04 
 2.001106e+00  4.076979e-04 
 2.001431e+00  4.089174e-04 
 2.001755e+00  4.101202e-04 
 2.002080e+00  4.113069e-04 
 2.002404e+00  4.124772e-04 
 2.002729e+00  4.136299e-04 
 2.003053e+00  4.147614e-04 
 2.003378e+00  4.158711e-04 
 2.003703e+00  4.169632e-04 
 2.004027e+00  4.180414e-04 
 2.004352e+00  4.191011e-04 
 2.004676e+00  4.201464e-04 
 2.005001e+00  4.211744e-04 
 2.005325e+00  4.221794e-04 
 2.005650e+00  4.231672e-04 
 2.005974e+00  4.241332e-04 
 2.006299e+00  4.250730e-04 
 2.006624e+00  4.259912e-04 
 2.006948e+00  4.268908e-04 
 2.007273e+00  4.277661e-04 
 2.007597e+00  4.286181e-04 
 2.007922e+00  4.294448e-04 
 2.008246e+00  4.302469e-04 
 2.008571e+00  4.310316e-04 
 2.008896e+00  4.317942e-04 
 2.009220e+00  4.325274e-04 
 2.009545e+00  4.332506e-04 
 2.009869e+00  4.339414e-04 
 2.010194e+00  4.346074e-04 
 2.010518e+00  4.352475e-04 
 2.010843e+00  4.358644e-04 
 2.011168e+00  4.364553e-04 
 2.011492e+00  4.370162e-04 
 2.011817e+00  4.375542e-04 
 2.012141e+00  4.380613e-04 
 2.012466e+00  4.385440e-04 
 2.012790e+00  4.389990e-04 
 2.013115e+00  4.394291e-04 
 2.013440e+00  4.398261e-04 
 2.013764e+00  4.402001e-04 
 2.014089e+00  4.405477e-04 
 2.014413e+00  4.408661e-04 
 2.014738e+00  4.411606e-04 
 2.015062e+00  4.414207e-04 
 2.015387e+00  4.416518e-04 
 2.015712e+00  4.418532e-04 
 2.016036e+00  4.420251e-04 
 2.016361e+00  4.421692e-04 
 2.016685e+00  4.422898e-04 
 2.017010e+00  4.423820e-04 
 2.017334e+00  4.424471e-04 
 2.017659e+00  4.424834e-04 
 2.017983e+00  4.424835e-04 
 2.018308e+00  4.424626e-04 
 2.018633e+00  4.424192e-04 
 2.018957e+00  4.423461e-04 
 2.019282e+00  4.422360e-04 
 2.019606e+00  4.420933e-04 
 2.019931e+00  4.419204e-04 
 2.020255e+00  4.417194e-04 
 2.020580e+00  4.414873e-04 
 2.020905e+00  4.412306e-04 
 2.021229e+00  4.409478e-04 
 2.021554e+00  4.406284e-04 
 2.021878e+00  4.402809e-04 
 2.022203e+00  4.399110e-04 
 2.022527e+00  4.395181e-04 
 2.022852e+00  4.390950e-04 
 2.023177e+00  4.386430e-04 
 2.023501e+00  4.381623e-04 
 2.023826e+00  4.376532e-04 
 2.024150e+00  4.371142e-04 
 2.024475e+00  4.365496e-04 
 2.024799e+00  4.359573e-04 
 2.025124e+00  4.353381e-04 
 2.025449e+00  4.346945e-04 
 2.025773e+00  4.340223e-04 
 2.026098e+00  4.333255e-04 
 2.026422e+00  4.326007e-04 
 2.026747e+00  4.318491e-04 
 2.027071e+00  4.310741e-04 
 2.027396e+00  4.302781e-04 
 2.027721e+00  4.294558e-04 
 2.028045e+00  4.286103e-04 
 2.028370e+00  4.277387e-04 
 2.028694e+00  4.268420e-04 
 2.029019e+00  4.259178e-04 
 2.029343e+00  4.249707e-04 
 2.029668e+00  4.240008e-04 
 2.029993e+00  4.230177e-04 
 2.030317e+00  4.220117e-04 
 2.030642e+00  4.209777e-04 
 2.030966e+00  4.199236e-04 
 2.031291e+00  4.188523e-04 
 2.031615e+00  4.177610e-04 
 2.031940e+00  4.166516e-04 
 2.032264e+00  4.155308e-04 
 2.032589e+00  4.143832e-04 
 2.032914e+00  4.132118e-04 
 2.033238e+00  4.120208e-04 
 2.033563e+00  4.108083e-04 
 2.033887e+00  4.095826e-04 
 2.034212e+00  4.083434e-04 
 2.034536e+00  4.070861e-04 
 2.034861e+00  4.058158e-04 
 2.035186e+00  4.045348e-04 
 2.035510e+00  4.032427e-04 
 2.035835e+00  4.019386e-04 
 2.036159e+00  4.006218e-04 
 2.036484e+00  3.992940e-04 
 2.036808e+00  3.979562e-04 
 2.037133e+00  3.966070e-04 
 2.037458e+00  3.952421e-04 
 2.037782e+00  3.938641e-04 
 2.038107e+00  3.924720e-04 
 2.038431e+00  3.910720e-04 
 2.038756e+00  3.896637e-04 
 2.039080e+00  3.882553e-04 
 2.039405e+00  3.868384e-04 
 2.039730e+00  3.854156e-04 
 2.040054e+00  3.839889e-04 
 2.040379e+00  3.825572e-04 
 2.040703e+00  3.811203e-04 
 2.041028e+00  3.796825e-04 
 2.041352e+00  3.782408e-04 
 2.041677e+00  3.767969e-04 
 2.042002e+00  3.753487e-04 
 2.042326e+00  3.738916e-04 
 2.042651e+00  3.724348e-04 
 2.042975e+00  3.709785e-04 
 2.043300e+00  3.695269e-04 
 2.043624e+00  3.680850e-04 
 2.043949e+00  3.666473e-04 
 2.044273e+00  3.652038e-04 
 2.044598e+00  3.637706e-04 
 2.044923e+00  3.623453e-04 
 2.045247e+00  3.609093e-04 
 2.045572e+00  3.594911e-04 
 2.045896e+00  3.580768e-04 
 2.046221e+00  3.566648e-04 
 2.046545e+00  3.552577e-04 
 2.046870e+00  3.538575e-04 
 2.047195e+00  3.524617e-04 
 2.047519e+00  3.510741e-04 
 2.047844e+00  3.496997e-04 
 2.048168e+00  3.483340e-04 
 2.048493e+00  3.469944e-04 
 2.048817e+00  3.456636e-04 
 2.049142e+00  3.443478e-04 
 2.049467e+00  3.430377e-04 
 2.049791e+00  3.417382e-04 
 2.050116e+00  3.404537e-04 
 2.050440e+00  3.391837e-04 
 2.050765e+00  3.379346e-04 
 2.051089e+00  3.366985e-04 
 2.051414e+00  3.354775e-04 
 2.051739e+00  3.342750e-04 
 2.052063e+00  3.330891e-04 
 2.052388e+00  3.319177e-04 
 2.052712e+00  3.307658e-04 
 2.053037e+00  3.296421e-04 
 2.053361e+00  3.285375e-04 
 2.053686e+00  3.274547e-04 
 2.054010e+00  3.263892e-04 
 2.054335e+00  3.253400e-04 
 2.054660e+00  3.243066e-04 
 2.054984e+00  3.233008e-04 
 2.055309e+00  3.223275e-04 
 2.055633e+00  3.213774e-04 
 2.055958e+00  3.204522e-04 
 2.056282e+00  3.195536e-04 
 2.056607e+00  3.186758e-04 
 2.056932e+00  3.178181e-04 
 2.057256e+00  3.169935e-04 
 2.057581e+00  3.162008e-04 
 2.057905e+00  3.154337e-04 
 2.058230e+00  3.146859e-04 
 2.058554e+00  3.139668e-04 
 2.058879e+00  3.132724e-04 
 2.059204e+00  3.126077e-04 
 2.059528e+00  3.119790e-04 
 2.059853e+00  3.113812e-04 
 2.060177e+00  3.108065e-04 
 2.060502e+00  3.102533e-04 
 2.060826e+00  3.097292e-04 
 2.061151e+00  3.092344e-04 
 2.061476e+00  3.087770e-04 
 2.061800e+00  3.083501e-04 
 2.062125e+00  3.079585e-04 
 2.062449e+00  3.075915e-04 
 2.062774e+00  3.072529e-04 
 2.063098e+00  3.069474e-04 
 2.063423e+00  3.066833e-04 
 2.063748e+00  3.064485e-04 
 2.064072e+00  3.062481e-04 
 2.064397e+00  3.060742e-04 
 2.064721e+00  3.059312e-04 
 2.065046e+00  3.058141e-04 
 2.065370e+00  3.057267e-04 
 2.065695e+00  3.056654e-04 
 2.066019e+00  3.056429e-04 
 2.066344e+00  3.056532e-04 
 2.066669e+00  3.056988e-04 
 2.066993e+00  3.057760e-04 
 2.067318e+00  3.058830e-04 
 2.067642e+00  3.060207e-04 
 2.067967e+00  3.061883e-04 
 2.068291e+00  3.063886e-04 
 2.068616e+00  3.066224e-04 
 2.068941e+00  3.068910e-04 
 2.069265e+00  3.071841e-04 
 2.069590e+00  3.075026e-04 
 2.069914e+00  3.078548e-04 
 2.070239e+00  3.082406e-04 
 2.070563e+00  3.086542e-04 
 2.070888e+00  3.090996e-04 
 2.071213e+00  3.095772e-04 
 2.071537e+00  3.100860e-04 
 2.071862e+00  3.106230e-04 
 2.072186e+00  3.111837e-04 
 2.072511e+00  3.117724e-04 
 2.072835e+00  3.123860e-04 
 2.073160e+00  3.130290e-04 
 2.073485e+00  3.137009e-04 
 2.073809e+00  3.144017e-04 
 2.074134e+00  3.151311e-04 
 2.074458e+00  3.158893e-04 
 2.074783e+00  3.166728e-04 
 2.075107e+00  3.174837e-04 
 2.075432e+00  3.183207e-04 
 2.075756e+00  3.191818e-04 
 2.076081e+00  3.200662e-04 
 2.076406e+00  3.209795e-04 
 2.076730e+00  3.219114e-04 
 2.077055e+00  3.228629e-04 
 2.077379e+00  3.238348e-04 
 2.077704e+00  3.248311e-04 
 2.078028e+00  3.258537e-04 
 2.078353e+00  3.269008e-04 
 2.078678e+00  3.279674e-04 
 2.079002e+00  3.290554e-04 
 2.079327e+00  3.301627e-04 
 2.079651e+00  3.312883e-04 
 2.079976e+00  3.324348e-04 
 2.080300e+00  3.336039e-04 
 2.080625e+00  3.347852e-04 
 2.080950e+00  3.359724e-04 
 2.081274e+00  3.371710e-04 
 2.081599e+00  3.383917e-04 
 2.081923e+00  3.396303e-04 
 2.082248e+00  3.408891e-04 
 2.082572e+00  3.421625e-04 
 2.082897e+00  3.434484e-04 
 2.083222e+00  3.447451e-04 
 2.083546e+00  3.460528e-04 
 2.083871e+00  3.473731e-04 
 2.084195e+00  3.487131e-04 
 2.084520e+00  3.500602e-04 
 2.084844e+00  3.514161e-04 
 2.085169e+00  3.527774e-04 
 2.085494e+00  3.541365e-04 
 2.085818e+00  3.555079e-04 
 2.086143e+00  3.568977e-04 
 2.086467e+00  3.582958e-04 
 2.086792e+00  3.596950e-04 
 2.087116e+00  3.611012e-04 
 2.087441e+00  3.625148e-04 
 2.087765e+00  3.639299e-04 
 2.088090e+00  3.653511e-04 
 2.088415e+00  3.667760e-04 
 2.088739e+00  3.682038e-04 
 2.089064e+00  3.696270e-04 
 2.089388e+00  3.710472e-04 
 2.089713e+00  3.724700e-04 
 2.090037e+00  3.738970e-04 
 2.090362e+00  3.753227e-04 
 2.090687e+00  3.767466e-04 
 2.091011e+00  3.781678e-04 
 2.091336e+00  3.795858e-04 
 2.091660e+00  3.810046e-04 
 2.091985e+00  3.824135e-04 
 2.092309e+00  3.838209e-04 
 2.092634e+00  3.852242e-04 
 2.092959e+00  3.866280e-04 
 2.093283e+00  3.880190e-04 
 2.093608e+00  3.894035e-04 
 2.093932e+00  3.907767e-04 
 2.094257e+00  3.921444e-04 
 2.094581e+00  3.935050e-04 
 2.094906e+00  3.948541e-04 
 2.095231e+00  3.961946e-04 
 2.095555e+00  3.975191e-04 
 2.095880e+00  3.988313e-04 
 2.096204e+00  4.001304e-04 
 2.096529e+00  4.014220e-04 
 2.096853e+00  4.027042e-04 
 2.097178e+00  4.039715e-04 
 2.097503e+00  4.052273e-04 
 2.097827e+00  4.064677e-04 
 2.098152e+00  4.076955e-04 
 2.098476e+00  4.089055e-04 
 2.098801e+00  4.101040e-04 
 2.099125e+00  4.112824e-04 
 2.099450e+00  4.124350e-04 
 2.099774e+00  4.135702e-04 
 2.100099e+00  4.146862e-04 
 2.100424e+00  4.157797e-04 
 2.100748e+00  4.168632e-04 
 2.101073e+00  4.179295e-04 
 2.101397e+00  4.189780e-04 
 2.101722e+00  4.200075e-04 
 2.102046e+00  4.210142e-04 
 2.102371e+00  4.219949e-04 
 2.102696e+00  4.229652e-04 
 2.103020e+00  4.239137e-04 
 2.103345e+00  4.248367e-04 
 2.103669e+00  4.257451e-04 
 2.103994e+00  4.266117e-04 
 2.104318e+00  4.274570e-04 
 2.104643e+00  4.282823e-04 
 2.104968e+00  4.290822e-04 
 2.105292e+00  4.298639e-04 
 2.105617e+00  4.306251e-04 
 2.105941e+00  4.313660e-04 
 2.106266e+00  4.320764e-04 
 2.106590e+00  4.327630e-04 
 2.106915e+00  4.334259e-04 
 2.107240e+00  4.340646e-04 
 2.107564e+00  4.346735e-04 
 2.107889e+00  4.352584e-04 
 2.108213e+00  4.358146e-04 
 2.108538e+00  4.363404e-04 
 2.108862e+00  4.368395e-04 
 2.109187e+00  4.373074e-04 
 2.109512e+00  4.377479e-04 
 2.109836e+00  4.381598e-04 
 2.110161e+00  4.385449e-04 
 2.110485e+00  4.389046e-04 
 2.110810e+00  4.392387e-04 
 2.111134e+00  4.395508e-04 
 2.111459e+00  4.398318e-04 
 2.111783e+00  4.400814e-04 
 2.112108e+00  4.403000e-04 
 2.112433e+00  4.404927e-04 
 2.112757e+00  4.406606e-04 
 2.113082e+00  4.408056e-04 
 2.113406e+00  4.409139e-04 
 2.113731e+00  4.409893e-04 
 2.114055e+00  4.410340e-04 
 2.114380e+00  4.410471e-04 
 2.114705e+00  4.410337e-04 
 2.115029e+00  4.409979e-04 
 2.115354e+00  4.409324e-04 
 2.115678e+00  4.408316e-04 
 2.116003e+00  4.407026e-04 
 2.116327e+00  4.405442e-04 
 2.116652e+00  4.403565e-04 
 2.116977e+00  4.401445e-04 
 2.117301e+00  4.399084e-04 
 2.117626e+00  4.396377e-04 
 2.117950e+00  4.393384e-04 
 2.118275e+00  4.390062e-04 
 2.118599e+00  4.386485e-04 
 2.118924e+00  4.382626e-04 
 2.119249e+00  4.378550e-04 
 2.119573e+00  4.374188e-04 
 2.119898e+00  4.369504e-04 
 2.120222e+00  4.364497e-04 
 2.120547e+00  4.359168e-04 
 2.120871e+00  4.353606e-04 
 2.121196e+00  4.347854e-04 
 2.121521e+00  4.341896e-04 
 2.121845e+00  4.335622e-04 
 2.122170e+00  4.329049e-04 
 2.122494e+00  4.322193e-04 
 2.122819e+00  4.315089e-04 
 2.123143e+00  4.307725e-04 
 2.123468e+00  4.300145e-04 
 2.123793e+00  4.292331e-04 
 2.124117e+00  4.284312e-04 
 2.124442e+00  4.276011e-04 
 2.124766e+00  4.267458e-04 
 2.125091e+00  4.258677e-04 
 2.125415e+00  4.249698e-04 
 2.125740e+00  4.240514e-04 
 2.126064e+00  4.231108e-04 
 2.126389e+00  4.221562e-04 
 2.126714e+00  4.211723e-04 
 2.127038e+00  4.201629e-04 
 2.127363e+00  4.191308e-04 
 2.127687e+00  4.180719e-04 
 2.128012e+00  4.169921e-04 
 2.128336e+00  4.158972e-04 
 2.128661e+00  4.147845e-04 
 2.128986e+00  4.136567e-04 
 2.129310e+00  4.125112e-04 
 2.129635e+00  4.113548e-04 
 2.129959e+00  4.101811e-04 
 2.130284e+00  4.089885e-04 
 2.130608e+00  4.077847e-04 
 2.130933e+00  4.065675e-04 
 2.131258e+00  4.053336e-04 
 2.131582e+00  4.040819e-04 
 2.131907e+00  4.028151e-04 
 2.132231e+00  4.015278e-04 
 2.132556e+00  4.002344e-04 
 2.132880e+00  3.989263e-04 
 2.133205e+00  3.976128e-04 
 2.133530e+00  3.962872e-04 
 2.133854e+00  3.949511e-04 
 2.134179e+00  3.936097e-04 
 2.134503e+00  3.922583e-04 
 2.134828e+00  3.908968e-04 
 2.135152e+00  3.895270e-04 
 2.135477e+00  3.881501e-04 
 2.135802e+00  3.867671e-04 
 2.136126e+00  3.853761e-04 
 2.136451e+00  3.839787e-04 
 2.136775e+00  3.825788e-04 
 2.137100e+00  3.811769e-04 
 2.137424e+00  3.797739e-04 
 2.137749e+00  3.783727e-04 
 2.138073e+00  3.769703e-04 
 2.138398e+00  3.755592e-04 
 2.138723e+00  3.741514e-04 
 2.139047e+00  3.727451e-04 
 2.139372e+00  3.713266e-04 
 2.139696e+00  3.699180e-04 
 2.140021e+00  3.685097e-04 
 2.140345e+00  3.671035e-04 
 2.140670e+00  3.657018e-04 
 2.140995e+00  3.643082e-04 
 2.141319e+00  3.629174e-04 
 2.141644e+00  3.615317e-04 
 2.141968e+00  3.601582e-04 
 2.142293e+00  3.587893e-04 
 2.142617e+00  3.574342e-04 
 2.142942e+00  3.560823e-04 
 2.143267e+00  3.547380e-04 
 2.143591e+00  3.533978e-04 
 2.143916e+00  3.520663e-04 
 2.144240e+00  3.507483e-04 
 2.144565e+00  3.494412e-04 
 2.144889e+00  3.481511e-04 
 2.145214e+00  3.468736e-04 
 2.145539e+00  3.456100e-04 
 2.145863e+00  3.443678e-04 
 2.146188e+00  3.431366e-04 
 2.146512e+00  3.419128e-04 
 2.146837e+00  3.407007e-04 
 2.147161e+00  3.395058e-04 
 2.147486e+00  3.383311e-04 
 2.147811e+00  3.371739e-04 
 2.148135e+00  3.360353e-04 
 2.148460e+00  3.349054e-04 
 2.148784e+00  3.337914e-04 
 2.149109e+00  3.327003e-04 
 2.149433e+00  3.316405e-04 
 2.149758e+00  3.306056e-04 
 2.150082e+00  3.295957e-04 
 2.150407e+00  3.286073e-04 
 2.150732e+00  3.276314e-04 
 2.151056e+00  3.266702e-04 
 2.151381e+00  3.257371e-04 
 2.151705e+00  3.248290e-04 
 2.152030e+00  3.239469e-04 
 2.152354e+00  3.230868e-04 
 2.152679e+00  3.222491e-04 
 2.153004e+00  3.214337e-04 
 2.153328e+00  3.206441e-04 
 2.153653e+00  3.198838e-04 
 2.153977e+00  3.191537e-04 
 2.154302e+00  3.184523e-04 
 2.154626e+00  3.177688e-04 
 2.154951e+00  3.171085e-04 
 2.155276e+00  3.164740e-04 
 2.155600e+00  3.158745e-04 
 2.155925e+00  3.153005e-04 
 2.156249e+00  3.147598e-04 
 2.156574e+00  3.142449e-04 
 2.156898e+00  3.137557e-04 
 2.157223e+00  3.132940e-04 
 2.157548e+00  3.128636e-04 
 2.157872e+00  3.124630e-04 
 2.158197e+00  3.120955e-04 
 2.158521e+00  3.117559e-04 
 2.158846e+00  3.114374e-04 
 2.159170e+00  3.111516e-04 
 2.159495e+00  3.108920e-04 
 2.159819e+00  3.106604e-04 
 2.160144e+00  3.104721e-04 
 2.160469e+00  3.103163e-04 
 2.160793e+00  3.101857e-04 
 2.161118e+00  3.100818e-04 
 2.161442e+00  3.100074e-04 
 2.161767e+00  3.099567e-04 
 2.162091e+00  3.099324e-04 
 2.162416e+00  3.099419e-04 
 2.162741e+00  3.099858e-04 
 2.163065e+00  3.100604e-04 
 2.163390e+00  3.101620e-04 
 2.163714e+00  3.102946e-04 
 2.164039e+00  3.104652e-04 
 2.164363e+00  3.106682e-04 
 2.164688e+00  3.109023e-04 
 2.165013e+00  3.111631e-04 
 2.165337e+00  3.114522e-04 
 2.165662e+00  3.117637e-04 
 2.165986e+00  3.120983e-04 
 2.166311e+00  3.124534e-04 
 2.166635e+00  3.128396e-04 
 2.166960e+00  3.132523e-04 
 2.167285e+00  3.136967e-04 
 2.167609e+00  3.141695e-04 
 2.167934e+00  3.146775e-04 
 2.168258e+00  3.152168e-04 
 2.168583e+00  3.157889e-04 
 2.168907e+00  3.163896e-04 
 2.169232e+00  3.170172e-04 
 2.169557e+00  3.176647e-04 
 2.169881e+00  3.183292e-04 
 2.170206e+00  3.190174e-04 
 2.170530e+00  3.197317e-04 
 2.170855e+00  3.204698e-04 
 2.171179e+00  3.212265e-04 
 2.171504e+00  3.220042e-04 
 2.171828e+00  3.228090e-04 
 2.172153e+00  3.236429e-04 
 2.172478e+00  3.245043e-04 
 2.172802e+00  3.253873e-04 
 2.173127e+00  3.262927e-04 
 2.173451e+00  3.272133e-04 
 2.173776e+00  3.281534e-04 
 2.174100e+00  3.291172e-04 
 2.174425e+00  3.300996e-04 
 2.174750e+00  3.311001e-04 
 2.175074e+00  3.321115e-04 
 2.175399e+00  3.331391e-04 
 2.175723e+00  3.341866e-04 
 2.176048e+00  3.352551e-04 
 2.176372e+00  3.363489e-04 
 2.176697e+00  3.374579e-04 
 2.177022e+00  3.385806e-04 
 2.177346e+00  3.397120e-04 
 2.177671e+00  3.408553e-04 
 2.177995e+00  3.420127e-04 
 2.178320e+00  3.431857e-04 
 2.178644e+00  3.443718e-04 
 2.178969e+00  3.455690e-04 
 2.179294e+00  3.467770e-04 
 2.179618e+00  3.479902e-04 
 2.179943e+00  3.492151e-04 
 2.180267e+00  3.504562e-04 
 2.180592e+00  3.517096e-04 
 2.180916e+00  3.529669e-04 
 2.181241e+00  3.542292e-04 
 2.181565e+00  3.554990e-04 
 2.181890e+00  3.567678e-04 
 2.182215e+00  3.580474e-04 
 2.182539e+00  3.593320e-04 
 2.182864e+00  3.606168e-04 
 2.183188e+00  3.619017e-04 
 2.183513e+00  3.632005e-04 
 2.183837e+00  3.645030e-04 
 2.184162e+00  3.658081e-04 
 2.184487e+00  3.671152e-04 
 2.184811e+00  3.684251e-04 
 2.185136e+00  3.697315e-04 
 2.185460e+00  3.710342e-04 
 2.185785e+00  3.723406e-04 
 2.186109e+00  3.736433e-04 
 2.186434e+00  3.749455e-04 
 2.186759e+00  3.762419e-04 
 2.187083e+00  3.775409e-04 
 2.187408e+00  3.788351e-04 
 2.187732e+00  3.801267e-04 
 2.188057e+00  3.814119e-04 
 2.188381e+00  3.826940e-04 
 2.188706e+00  3.839738e-04 
 2.189031e+00  3.852456e-04 
 2.189355e+00  3.865014e-04 
 2.189680e+00  3.877496e-04 
 2.190004e+00  3.889871e-04 
 2.190329e+00  3.902186e-04 
 2.190653e+00  3.914438e-04 
 2.190978e+00  3.926635e-04 
 2.191303e+00  3.938712e-04 
 2.191627e+00  3.950688e-04 
 2.191952e+00  3.962523e-04 
 2.192276e+00  3.974271e-04 
 2.192601e+00  3.985916e-04 
 2.192925e+00  3.997441e-04 
 2.193250e+00  4.008826e-04 
 2.193574e+00  4.020010e-04 
 2.193899e+00  4.031055e-04 
 2.194224e+00  4.041966e-04 
 2.194548e+00  4.052704e-04 
 2.194873e+00  4.063404e-04 
 2.195197e+00  4.073984e-04 
 2.195522e+00  4.084380e-04 
 2.195846e+00  4.094579e-04 
 2.196171e+00  4.104580e-04 
 2.196496e+00  4.114374e-04 
 2.196820e+00  4.124040e-04 
 2.197145e+00  4.133544e-04 
 2.197469e+00  4.142868e-04 
 2.197794e+00  4.152107e-04 
 2.198118e+00  4.161010e-04 
 2.198443e+00  4.169779e-04 
 2.198768e+00  4.178375e-04 
 2.199092e+00  4.186799e-04 
 2.199417e+00  4.195056e-04 
 2.199741e+00  4.203100e-04 
 2.200066e+00  4.210946e-04 
 2.200390e+00  4.218510e-04 
 2.200715e+00  4.225821e-04 
 2.201040e+00  4.232930e-04 
 2.201364e+00  4.239804e-04 
 2.201689e+00  4.246442e-04 
 2.202013e+00  4.252930e-04 
 2.202338e+00  4.259186e-04 
 2.202662e+00  4.265258e-04 
 2.202987e+00  4.271109e-04 
 2.203312e+00  4.276718e-04 
 2.203636e+00  4.282096e-04 
 2.203961e+00  4.287205e-04 
 2.204285e+00  4.292042e-04 
 2.204610e+00  4.296669e-04 
 2.204934e+00  4.301045e-04 
 2.205259e+00  4.305220e-04 
 2.205583e+00  4.309122e-04 
 2.205908e+00  4.312758e-04 
 2.206233e+00  4.316121e-04 
 2.206557e+00  4.319315e-04 
 2.206882e+00  4.322317e-04 
 2.207206e+00  4.325128e-04 
 2.207531e+00  4.327635e-04 
 2.207855e+00  4.329843e-04 
 2.208180e+00  4.331785e-04 
 2.208505e+00  4.333441e-04 
 2.208829e+00  4.334784e-04 
 2.209154e+00  4.335901e-04 
 2.209478e+00  4.336767e-04 
 2.209803e+00  4.337322e-04 
 2.210127e+00  4.337636e-04 
 2.210452e+00  4.337688e-04 
 2.210777e+00  4.337549e-04 
 2.211101e+00  4.337165e-04 
 2.211426e+00  4.336533e-04 
 2.211750e+00  4.335631e-04 
 2.212075e+00  4.334482e-04 
 2.212399e+00  4.333027e-04 
 2.212724e+00  4.331344e-04 
 2.213049e+00  4.329403e-04 
 2.213373e+00  4.327196e-04 
 2.213698e+00  4.324773e-04 
 2.214022e+00  4.321996e-04 
 2.214347e+00  4.318999e-04 
 2.214671e+00  4.315753e-04 
 2.214996e+00  4.312259e-04 
 2.215321e+00  4.308601e-04 
 2.215645e+00  4.304724e-04 
 2.215970e+00  4.300531e-04 
 2.216294e+00  4.296064e-04 
 2.216619e+00  4.291365e-04 
 2.216943e+00  4.286427e-04 
 2.217268e+00  4.281245e-04 
 2.217592e+00  4.275865e-04 
 2.217917e+00  4.270278e-04 
 2.218242e+00  4.264485e-04 
 2.218566e+00  4.258456e-04 
 2.218891e+00  4.252205e-04 
 2.219215e+00  4.245752e-04 
 2.219540e+00  4.239077e-04 
 2.219864e+00  4.232199e-04 
 2.220189e+00  4.225068e-04 
 2.220514e+00  4.217757e-04 
 2.220838e+00  4.210199e-04 
 2.221163e+00  4.202411e-04 
 2.221487e+00  4.194419e-04 
 2.221812e+00  4.186262e-04 
 2.222136e+00  4.177928e-04 
 2.222461e+00  4.169371e-04 
 2.222786e+00  4.160626e-04 
 2.223110e+00  4.151756e-04 
 2.223435e+00  4.142730e-04 
 2.223759e+00  4.133602e-04 
 2.224084e+00  4.124250e-04 
 2.224408e+00  4.114689e-04 
 2.224733e+00  4.105024e-04 
 2.225058e+00  4.095147e-04 
 2.225382e+00  4.085167e-04 
 2.225707e+00  4.075103e-04 
 2.226031e+00  4.064904e-04 
 2.226356e+00  4.054496e-04 
 2.226680e+00  4.043962e-04 
 2.227005e+00  4.033294e-04 
 2.227330e+00  4.022519e-04 
 2.227654e+00  4.011600e-04 
 2.227979e+00  4.000576e-04 
 2.228303e+00  3.989463e-04 
 2.228628e+00  3.978170e-04 
 2.228952e+00  3.966721e-04 
 2.229277e+00  3.955221e-04 
 2.229602e+00  3.943648e-04 
 2.229926e+00  3.932062e-04 
 2.230251e+00  3.920376e-04 
 2.230575e+00  3.908649e-04 
 2.230900e+00  3.896834e-04 
 2.231224e+00  3.884947e-04 
 2.231549e+00  3.873022e-04 
 2.231873e+00  3.861089e-04 
 2.232198e+00  3.849114e-04 
 2.232523e+00  3.837002e-04 
 2.232847e+00  3.824840e-04 
 2.233172e+00  3.812658e-04 
 2.233496e+00  3.800363e-04 
 2.233821e+00  3.788136e-04 
 2.234145e+00  3.775901e-04 
 2.234470e+00  3.763638e-04 
 2.234795e+00  3.751400e-04 
 2.235119e+00  3.739139e-04 
 2.235444e+00  3.726892e-04 
 2.235768e+00  3.714629e-04 
 2.236093e+00  3.702469e-04 
 2.236417e+00  3.690303e-04 
 2.236742e+00  3.678206e-04 
 2.237067e+00  3.666108e-04 
 2.237391e+00  3.654078e-04 
 2.237716e+00  3.642052e-04 
 2.238040e+00  3.630089e-04 
 2.238365e+00  3.618239e-04 
 2.238689e+00  3.606420e-04 
 2.239014e+00  3.594723e-04 
 2.239339e+00  3.583048e-04 
 2.239663e+00  3.571461e-04 
 2.239988e+00  3.560007e-04 
 2.240312e+00  3.548606e-04 
 2.240637e+00  3.537230e-04 
 2.240961e+00  3.525958e-04 
 2.241286e+00  3.514804e-04 
 2.241611e+00  3.503813e-04 
 2.241935e+00  3.492975e-04 
 2.242260e+00  3.482256e-04 
 2.242584e+00  3.471613e-04 
 2.242909e+00  3.461080e-04 
 2.243233e+00  3.450691e-04 
 2.243558e+00  3.440495e-04 
 2.243882e+00  3.430449e-04 
 2.244207e+00  3.420624e-04 
 2.244532e+00  3.410951e-04 
 2.244856e+00  3.401396e-04 
 2.245181e+00  3.391915e-04 
 2.245505e+00  3.382683e-04 
 2.245830e+00  3.373655e-04 
 2.246154e+00  3.364840e-04 
 2.246479e+00  3.356216e-04 
 2.246804e+00  3.347754e-04 
 2.247128e+00  3.339437e-04 
 2.247453e+00  3.331276e-04 
 2.247777e+00  3.323311e-04 
 2.248102e+00  3.315614e-04 
 2.248426e+00  3.308143e-04 
 2.248751e+00  3.300819e-04 
 2.249076e+00  3.293670e-04 
 2.249400e+00  3.286761e-04 
 2.249725e+00  3.280139e-04 
 2.250049e+00  3.273763e-04 
 2.250374e+00  3.267642e-04 
 2.250698e+00  3.261739e-04 
 2.251023e+00  3.256077e-04 
 2.251348e+00  3.250581e-04 
 2.251672e+00  3.245329e-04 
 2.251997e+00  3.240291e-04 
 2.252321e+00  3.235519e-04 
 2.252646e+00  3.230974e-04 
 2.252970e+00  3.226660e-04 
 2.253295e+00  3.222584e-04 
 2.253620e+00  3.218745e-04 
 2.253944e+00  3.215115e-04 
 2.254269e+00  3.211781e-04 
 2.254593e+00  3.208780e-04 
 2.254918e+00  3.206039e-04 
 2.255242e+00  3.203550e-04 
 2.255567e+00  3.201272e-04 
 2.255891e+00  3.199194e-04 
 2.256216e+00  3.197327e-04 
 2.256541e+00  3.195753e-04 
 2.256865e+00  3.194474e-04 
 2.257190e+00  3.193525e-04 
 2.257514e+00  3.192848e-04 
 2.257839e+00  3.192396e-04 
 2.258163e+00  3.192145e-04 
 2.258488e+00  3.192150e-04 
 2.258813e+00  3.192459e-04 
 2.259137e+00  3.193029e-04 
 2.259462e+00  3.193775e-04 
 2.259786e+00  3.194809e-04 
 2.260111e+00  3.196056e-04 
 2.260435e+00  3.197456e-04 
 2.260760e+00  3.199151e-04 
 2.261085e+00  3.201107e-04 
 2.261409e+00  3.203377e-04 
 2.261734e+00  3.205875e-04 
 2.262058e+00  3.208664e-04 
 2.262383e+00  3.211643e-04 
 2.262707e+00  3.214885e-04 
 2.263032e+00  3.218330e-04 
 2.263357e+00  3.222031e-04 
 2.263681e+00  3.225908e-04 
 2.264006e+00  3.230001e-04 
 2.264330e+00  3.234325e-04 
 2.264655e+00  3.238919e-04 
 2.264979e+00  3.243737e-04 
 2.265304e+00  3.248783e-04 
 2.265628e+00  3.254004e-04 
 2.265953e+00  3.259485e-04 
 2.266278e+00  3.265165e-04 
 2.266602e+00  3.271036e-04 
 2.266927e+00  3.277077e-04 
 2.267251e+00  3.283294e-04 
 2.267576e+00  3.289669e-04 
 2.267900e+00  3.296234e-04 
 2.268225e+00  3.303028e-04 
 2.268550e+00  3.310028e-04 
 2.268874e+00  3.317239e-04 
 2.269199e+00  3.324612e-04 
 2.269523e+00  3.332174e-04 
 2.269848e+00  3.339930e-04 
 2.270172e+00  3.347840e-04 
 2.270497e+00  3.355943e-04 
 2.270822e+00  3.364172e-04 
 2.271146e+00  3.372522e-04 
 2.271471e+00  3.381003e-04 
 2.271795e+00  3.389582e-04 
 2.272120e+00  3.398298e-04 
 2.272444e+00  3.407151e-04 
 2.272769e+00  3.416194e-04 
 2.273094e+00  3.425374e-04 
 2.273418e+00  3.434701e-04 
 2.273743e+00  3.444143e-04 
 2.274067e+00  3.453663e-04 
 2.274392e+00  3.463318e-04 
 2.274716e+00  3.473091e-04 
 2.275041e+00  3.482950e-04 
 2.275366e+00  3.492892e-04 
 2.275690e+00  3.502942e-04 
 2.276015e+00  3.513048e-04 
 2.276339e+00  3.523250e-04 
 2.276664e+00  3.533542e-04 
 2.276988e+00  3.543879e-04 
 2.277313e+00  3.554285e-04 
 2.277637e+00  3.564801e-04 
 2.277962e+00  3.575374e-04 
 2.278287e+00  3.585960e-04 
 2.278611e+00  3.596599e-04 
 2.278936e+00  3.607277e-04 
 2.279260e+00  3.617915e-04 
 2.279585e+00  3.628610e-04 
 2.279909e+00  3.639332e-04 
 2.280234e+00  3.650059e-04 
 2.280559e+00  3.660798e-04 
 2.280883e+00  3.671639e-04 
 2.281208e+00  3.682514e-04 
 2.281532e+00  3.693361e-04 
 2.281857e+00  3.704186e-04 
 2.282181e+00  3.715005e-04 
 2.282506e+00  3.725797e-04 
 2.282831e+00  3.736565e-04 
 2.283155e+00  3.747345e-04 
 2.283480e+00  3.758066e-04 
 2.283804e+00  3.768716e-04 
 2.284129e+00  3.779311e-04 
 2.284453e+00  3.789906e-04 
 2.284778e+00  3.800479e-04 
 2.285103e+00  3.811032e-04 
 2.285427e+00  3.821531e-04 
 2.285752e+00  3.831958e-04 
 2.286076e+00  3.842344e-04 
 2.286401e+00  3.852666e-04 
 2.286725e+00  3.862816e-04 
 2.287050e+00  3.872935e-04 
 2.287374e+00  3.882965e-04 
 2.287699e+00  3.892938e-04 
 2.288024e+00  3.902804e-04 
 2.288348e+00  3.912648e-04 
 2.288673e+00  3.922406e-04 
 2.288997e+00  3.932076e-04 
 2.289322e+00  3.941638e-04 
 2.289646e+00  3.951108e-04 
 2.289971e+00  3.960456e-04 
 2.290296e+00  3.969680e-04 
 2.290620e+00  3.978754e-04 
 2.290945e+00  3.987651e-04 
 2.291269e+00  3.996503e-04 
 2.291594e+00  4.005229e-04 
 2.291918e+00  4.013758e-04 
 2.292243e+00  4.022216e-04 
 2.292568e+00  4.030601e-04 
 2.292892e+00  4.038838e-04 
 2.293217e+00  4.046951e-04 
 2.293541e+00  4.054907e-04 
 2.293866e+00  4.062721e-04 
 2.294190e+00  4.070392e-04 
 2.294515e+00  4.077878e-04 
 2.294840e+00  4.085164e-04 
 2.295164e+00  4.092451e-04 
 2.295489e+00  4.099471e-04 
 2.295813e+00  4.106395e-04 
 2.296138e+00  4.113174e-04 
 2.296462e+00  4.119792e-04 
 2.296787e+00  4.126250e-04 
 2.297112e+00  4.132526e-04 
 2.297436e+00  4.138673e-04 
 2.297761e+00  4.144623e-04 
 2.298085e+00  4.150375e-04 
 2.298410e+00  4.155932e-04 
 2.298734e+00  4.161316e-04 
 2.299059e+00  4.166499e-04 
 2.299383e+00  4.171580e-04 
 2.299708e+00  4.176468e-04 
 2.300033e+00  4.181207e-04 
 2.300357e+00  4.185749e-04 
 2.300682e+00  4.190063e-04 
 2.301006e+00  4.194188e-04 
 2.301331e+00  4.198130e-04 
 2.301655e+00  4.201850e-04 
 2.301980e+00  4.205414e-04 
 2.302305e+00  4.208762e-04 
 2.302629e+00  4.211953e-04 
 2.302954e+00  4.214953e-04 
 2.303278e+00  4.217755e-04 
 2.303603e+00  4.220325e-04 
 2.303927e+00  4.222795e-04 
 2.304252e+00  4.225081e-04 
 2.304577e+00  4.227179e-04 
 2.304901e+00  4.229017e-04 
 2.305226e+00  4.230619e-04 
 2.305550e+00  4.232043e-04 
 2.305875e+00  4.233236e-04 
 2.306199e+00  4.234181e-04 
 2.306524e+00  4.234966e-04 
 2.306849e+00  4.235566e-04 
 2.307173e+00  4.235934e-04 
 2.307498e+00  4.236171e-04 
 2.307822e+00  4.236222e-04 
 2.308147e+00  4.236102e-04 
 2.308471e+00  4.235744e-04 
 2.308796e+00  4.235162e-04 
 2.309121e+00  4.234369e-04 
 2.309445e+00  4.233376e-04 
 2.309770e+00  4.232116e-04 
 2.310094e+00  4.230684e-04 
 2.310419e+00  4.229020e-04 
 2.310743e+00  4.227103e-04 
 2.311068e+00  4.225025e-04 
 2.311392e+00  4.222775e-04 
 2.311717e+00  4.220378e-04 
 2.312042e+00  4.217793e-04 
 2.312366e+00  4.214992e-04 
 2.312691e+00  4.212011e-04 
 2.313015e+00  4.208859e-04 
 2.313340e+00  4.205472e-04 
 2.313664e+00  4.201873e-04 
 2.313989e+00  4.198075e-04 
 2.314314e+00  4.194085e-04 
 2.314638e+00  4.189843e-04 
 2.314963e+00  4.185425e-04 
 2.315287e+00  4.180838e-04 
 2.315612e+00  4.176145e-04 
 2.315936e+00  4.171300e-04 
 2.316261e+00  4.166246e-04 
 2.316586e+00  4.160984e-04 
 2.316910e+00  4.155548e-04 
 2.317235e+00  4.149937e-04 
 2.317559e+00  4.144140e-04 
 2.317884e+00  4.138215e-04 
 2.318208e+00  4.132102e-04 
 2.318533e+00  4.125782e-04 
 2.318858e+00  4.119281e-04 
 2.319182e+00  4.112617e-04 
 2.319507e+00  4.105828e-04 
 2.319831e+00  4.098922e-04 
 2.320156e+00  4.091866e-04 
 2.320480e+00  4.084704e-04 
 2.320805e+00  4.077373e-04 
 2.321130e+00  4.069940e-04 
 2.321454e+00  4.062291e-04 
 2.321779e+00  4.054478e-04 
 2.322103e+00  4.046592e-04 
 2.322428e+00  4.038592e-04 
 2.322752e+00  4.030501e-04 
 2.323077e+00  4.022271e-04 
 2.323402e+00  4.013880e-04 
 2.323726e+00  4.005327e-04 
 2.324051e+00  3.996723e-04 
 2.324375e+00  3.987979e-04 
 2.324700e+00  3.979232e-04 
 2.325024e+00  3.970367e-04 
 2.325349e+00  3.961395e-04 
 2.325673e+00  3.952337e-04 
 2.325998e+00  3.943205e-04 
 2.326323e+00  3.933969e-04 
 2.326647e+00  3.924659e-04 
 2.326972e+00  3.915314e-04 
 2.327296e+00  3.905898e-04 
 2.327621e+00  3.896262e-04 
 2.327945e+00  3.886610e-04 
 2.328270e+00  3.876900e-04 
 2.328595e+00  3.867114e-04 
 2.328919e+00  3.857350e-04 
 2.329244e+00  3.847531e-04 
 2.329568e+00  3.837652e-04 
 2.329893e+00  3.827695e-04 
 2.330217e+00  3.817773e-04 
 2.330542e+00  3.807832e-04 
 2.330867e+00  3.797983e-04 
 2.331191e+00  3.788060e-04 
 2.331516e+00  3.778113e-04 
 2.331840e+00  3.768074e-04 
 2.332165e+00  3.758036e-04 
 2.332489e+00  3.748015e-04 
 2.332814e+00  3.737981e-04 
 2.333139e+00  3.727986e-04 
 2.333463e+00  3.717947e-04 
 2.333788e+00  3.707940e-04 
 2.334112e+00  3.697975e-04 
 2.334437e+00  3.688087e-04 
 2.334761e+00  3.678199e-04 
 2.335086e+00  3.668330e-04 
 2.335411e+00  3.658508e-04 
 2.335735e+00  3.648727e-04 
 2.336060e+00  3.639040e-04 
 2.336384e+00  3.629388e-04 
 2.336709e+00  3.619751e-04 
 2.337033e+00  3.610116e-04 
 2.337358e+00  3.600579e-04 
 2.337682e+00  3.591100e-04 
 2.338007e+00  3.581696e-04 
 2.338332e+00  3.572485e-04 
 2.338656e+00  3.563351e-04 
 2.338981e+00  3.554304e-04 
 2.339305e+00  3.545237e-04 
 2.339630e+00  3.536366e-04 
 2.339954e+00  3.527570e-04 
 2.340279e+00  3.518916e-04 
 2.340604e+00  3.510355e-04 
 2.340928e+00  3.501891e-04 
 2.341253e+00  3.493500e-04 
 2.341577e+00  3.485190e-04 
 2.341902e+00  3.477019e-04 
 2.342226e+00  3.469041e-04 
 2.342551e+00  3.461208e-04 
 2.342876e+00  3.453480e-04 
 2.343200e+00  3.445910e-04 
 2.343525e+00  3.438477e-04 
 2.343849e+00  3.431229e-04 
 2.344174e+00  3.424104e-04 
 2.344498e+00  3.417113e-04 
 2.344823e+00  3.410272e-04 
 2.345148e+00  3.403541e-04 
 2.345472e+00  3.396931e-04 
 2.345797e+00  3.390539e-04 
 2.346121e+00  3.384265e-04 
 2.346446e+00  3.378152e-04 
 2.346770e+00  3.372256e-04 
 2.347095e+00  3.366547e-04 
 2.347420e+00  3.361045e-04 
 2.347744e+00  3.355697e-04 
 2.348069e+00  3.350459e-04 
 2.348393e+00  3.345494e-04 
 2.348718e+00  3.340740e-04 
 2.349042e+00  3.336148e-04 
 2.349367e+00  3.331766e-04 
 2.349691e+00  3.327546e-04 
 2.350016e+00  3.323484e-04 
 2.350341e+00  3.319593e-04 
 2.350665e+00  3.315883e-04 
 2.350990e+00  3.312441e-04 
 2.351314e+00  3.309250e-04 
 2.351639e+00  3.306239e-04 
 2.351963e+00  3.303422e-04 
 2.352288e+00  3.300844e-04 
 2.352613e+00  3.298442e-04 
 2.352937e+00  3.296249e-04 
 2.353262e+00  3.294237e-04 
 2.353586e+00  3.292408e-04 
 2.353911e+00  3.290772e-04 
 2.354235e+00  3.289329e-04 
 2.354560e+00  3.288065e-04 
 2.354885e+00  3.287061e-04 
 2.355209e+00  3.286290e-04 
 2.355534e+00  3.285659e-04 
 2.355858e+00  3.285230e-04 
 2.356183e+00  3.285102e-04 
 2.356507e+00  3.285160e-04 
 2.356832e+00  3.285387e-04 
 2.357157e+00  3.285902e-04 
 2.357481e+00  3.286624e-04 
 2.357806e+00  3.287434e-04 
 2.358130e+00  3.288455e-04 
 2.358455e+00  3.289696e-04 
 2.358779e+00  3.291229e-04 
 2.359104e+00  3.292939e-04 
 2.359428e+00  3.294844e-04 
 2.359753e+00  3.296890e-04 
 2.360078e+00  3.299134e-04 
 2.360402e+00  3.301550e-04 
 2.360727e+00  3.304174e-04 
 2.361051e+00  3.306988e-04 
 2.361376e+00  3.310018e-04 
 2.361700e+00  3.313191e-04 
 2.362025e+00  3.316524e-04 
 2.362350e+00  3.320044e-04 
 2.362674e+00  3.323772e-04 
 2.362999e+00  3.327670e-04 
 2.363323e+00  3.331756e-04 
 2.363648e+00  3.335996e-04 
 2.363972e+00  3.340431e-04 
 2.364297e+00  3.344973e-04 
 2.364622e+00  3.349686e-04 
 2.364946e+00  3.354569e-04 
 2.365271e+00  3.359617e-04 
 2.365595e+00  3.364831e-04 
 2.365920e+00  3.370191e-04 
 2.366244e+00  3.375693e-04 
 2.366569e+00  3.381315e-04 
 2.366894e+00  3.387128e-04 
 2.367218e+00  3.393073e-04 
 2.367543e+00  3.399165e-04 
 2.367867e+00  3.405378e-04 
 2.368192e+00  3.411664e-04 
 2.368516e+00  3.418103e-04 
 2.368841e+00  3.424696e-04 
 2.369166e+00  3.431406e-04 
 2.369490e+00  3.438258e-04 
 2.369815e+00  3.445257e-04 
 2.370139e+00  3.452390e-04 
 2.370464e+00  3.459630e-04 
 2.370788e+00  3.466974e-04 
 2.371113e+00  3.474406e-04 
 2.371437e+00  3.481889e-04 
 2.371762e+00  3.489471e-04 
 2.372087e+00  3.497141e-04 
 2.372411e+00  3.504837e-04 
 2.372736e+00  3.512615e-04 
 2.373060e+00  3.520540e-04 
 2.373385e+00  3.528488e-04 
 2.373709e+00  3.536555e-04 
 2.374034e+00  3.544679e-04 
 2.374359e+00  3.552817e-04 
 2.374683e+00  3.561032e-04 
 2.375008e+00  3.569440e-04 
 2.375332e+00  3.577917e-04 
 2.375657e+00  3.586394e-04 
 2.375981e+00  3.594909e-04 
 2.376306e+00  3.603446e-04 
 2.376631e+00  3.611984e-04 
 2.376955e+00  3.620541e-04 
 2.377280e+00  3.629226e-04 
 2.377604e+00  3.637959e-04 
 2.377929e+00  3.646671e-04 
 2.378253e+00  3.655337e-04 
 2.378578e+00  3.664077e-04 
 2.378903e+00  3.672846e-04 
 2.379227e+00  3.681659e-04 
 2.379552e+00  3.690449e-04 
 2.379876e+00  3.699262e-04 
 2.380201e+00  3.708081e-04 
 2.380525e+00  3.716881e-04 
 2.380850e+00  3.725610e-04 
 2.381174e+00  3.734338e-04 
 2.381499e+00  3.743117e-04 
 2.381824e+00  3.751881e-04 
 2.382148e+00  3.760621e-04 
 2.382473e+00  3.769364e-04 
 2.382797e+00  3.778100e-04 
 2.383122e+00  3.786781e-04 
 2.383446e+00  3.795456e-04 
 2.383771e+00  3.804119e-04 
 2.384096e+00  3.812686e-04 
 2.384420e+00  3.821230e-04 
 2.384745e+00  3.829699e-04 
 2.385069e+00  3.838116e-04 
 2.385394e+00  3.846523e-04 
 2.385718e+00  3.854913e-04 
 2.386043e+00  3.863250e-04 
 2.386368e+00  3.871499e-04 
 2.386692e+00  3.879708e-04 
 2.387017e+00  3.887849e-04 
 2.387341e+00  3.895925e-04 
 2.387666e+00  3.903959e-04 
 2.387990e+00  3.911919e-04 
 2.388315e+00  3.919757e-04 
 2.388640e+00  3.927529e-04 
 2.388964e+00  3.935177e-04 
 2.389289e+00  3.942726e-04 
 2.389613e+00  3.950227e-04 
 2.389938e+00  3.957698e-04 
 2.390262e+00  3.965084e-04 
 2.390587e+00  3.972345e-04 
 2.390912e+00  3.979482e-04 
 2.391236e+00  3.986524e-04 
 2.391561e+00  3.993465e-04 
 2.391885e+00  4.000336e-04 
 2.392210e+00  4.007063e-04 
 2.392534e+00  4.013669e-04 
 2.392859e+00  4.020144e-04 
 2.393183e+00  4.026530e-04 
 2.393508e+00  4.032844e-04 
 2.393833e+00  4.039050e-04 
 2.394157e+00  4.045173e-04 
 2.394482e+00  4.051104e-04 
 2.394806e+00  4.056864e-04 
 2.395131e+00  4.062511e-04 
 2.395455e+00  4.068066e-04 
 2.395780e+00  4.073448e-04 
 2.396105e+00  4.078770e-04 
 2.396429e+00  4.083951e-04 
 2.396754e+00  4.088956e-04 
 2.397078e+00  4.093863e-04 
 2.397403e+00  4.098646e-04 
 2.397727e+00  4.103284e-04 
 2.398052e+00  4.107777e-04 
 2.398377e+00  4.112109e-04 
 2.398701e+00  4.116226e-04 
 2.399026e+00  4.120165e-04 
 2.399350e+00  4.123970e-04 
 2.399675e+00  4.127629e-04 
 2.399999e+00  4.131138e-04 
 2.400324e+00  4.134530e-04 
 2.400649e+00  4.137723e-04 
 2.400973e+00  4.140715e-04 
 2.401298e+00  4.143672e-04 
 2.401622e+00  4.146459e-04 
 2.401947e+00  4.149089e-04 
 2.402271e+00  4.151681e-04 
 2.402596e+00  4.153998e-04 
 2.402921e+00  4.156111e-04 
 2.403245e+00  4.158071e-04 
 2.403570e+00  4.159861e-04 
 2.403894e+00  4.161467e-04 
 2.404219e+00  4.162957e-04 
 2.404543e+00  4.164316e-04 
 2.404868e+00  4.165411e-04 
 2.405193e+00  4.166369e-04 
 2.405517e+00  4.167157e-04 
 2.405842e+00  4.167812e-04 
 2.406166e+00  4.168271e-04 
 2.406491e+00  4.168640e-04 
 2.406815e+00  4.168798e-04 
 2.407140e+00  4.168746e-04 
 2.407464e+00  4.168475e-04 
 2.407789e+00  4.167991e-04 
 2.408114e+00  4.167354e-04 
 2.408438e+00  4.166570e-04 
 2.408763e+00  4.165644e-04 
 2.409087e+00  4.164497e-04 
 2.409412e+00  4.163187e-04 
 2.409736e+00  4.161767e-04 
 2.410061e+00  4.160129e-04 
 2.410386e+00  4.158373e-04 
 2.410710e+00  4.156416e-04 
 2.411035e+00  4.154288e-04 
 2.411359e+00  4.151974e-04 
 2.411684e+00  4.149536e-04 
 2.412008e+00  4.146902e-04 
 2.412333e+00  4.144043e-04 
 2.412658e+00  4.141004e-04 
 2.412982e+00  4.137816e-04 
 2.413307e+00  4.134427e-04 
 2.413631e+00  4.130887e-04 
 2.413956e+00  4.127254e-04 
 2.414280e+00  4.123420e-04 
 2.414605e+00  4.119446e-04 
 2.414930e+00  4.115335e-04 
 2.415254e+00  4.111052e-04 
 2.415579e+00  4.106587e-04 
 2.415903e+00  4.101940e-04 
 2.416228e+00  4.097132e-04 
 2.416552e+00  4.092168e-04 
 2.416877e+00  4.087052e-04 
 2.417202e+00  4.081783e-04 
 2.417526e+00  4.076347e-04 
 2.417851e+00  4.070775e-04 
 2.418175e+00  4.065084e-04 
 2.418500e+00  4.059202e-04 
 2.418824e+00  4.053213e-04 
 2.419149e+00  4.047090e-04 
 2.419473e+00  4.040814e-04 
 2.419798e+00  4.034500e-04 
 2.420123e+00  4.028092e-04 
 2.420447e+00  4.021537e-04 
 2.420772e+00  4.014854e-04 
 2.421096e+00  4.008003e-04 
 2.421421e+00  4.001022e-04 
 2.421745e+00  3.993890e-04 
 2.422070e+00  3.986657e-04 
 2.422395e+00  3.979347e-04 
 2.422719e+00  3.971950e-04 
 2.423044e+00  3.964450e-04 
 2.423368e+00  3.956883e-04 
 2.423693e+00  3.949228e-04 
 2.424017e+00  3.941416e-04 
 2.424342e+00  3.933648e-04 
 2.424667e+00  3.925790e-04 
 2.424991e+00  3.917711e-04 
 2.425316e+00  3.909593e-04 
 2.425640e+00  3.901381e-04 
 2.425965e+00  3.893003e-04 
 2.426289e+00  3.884587e-04 
 2.426614e+00  3.876153e-04 
 2.426939e+00  3.867624e-04 
 2.427263e+00  3.858984e-04 
 2.427588e+00  3.850390e-04 
 2.427912e+00  3.841702e-04 
 2.428237e+00  3.833016e-04 
 2.428561e+00  3.824335e-04 
 2.428886e+00  3.815600e-04 
 2.429211e+00  3.806772e-04 
 2.429535e+00  3.797943e-04 
 2.429860e+00  3.789097e-04 
 2.430184e+00  3.780158e-04 
 2.430509e+00  3.771272e-04 
 2.430833e+00  3.762317e-04 
 2.431158e+00  3.753357e-04 
 2.431482e+00  3.744443e-04 
 2.431807e+00  3.735541e-04 
 2.432132e+00  3.726596e-04 
 2.432456e+00  3.717670e-04 
 2.432781e+00  3.708815e-04 
 2.433105e+00  3.699921e-04 
 2.433430e+00  3.691039e-04 
 2.433754e+00  3.682171e-04 
 2.434079e+00  3.673230e-04 
 2.434404e+00  3.664333e-04 
 2.434728e+00  3.655561e-04 
 2.435053e+00  3.646830e-04 
 2.435377e+00  3.638119e-04 
 2.435702e+00  3.629491e-04 
 2.436026e+00  3.620959e-04 
 2.436351e+00  3.612443e-04 
 2.436676e+00  3.603985e-04 
 2.437000e+00  3.595684e-04 
 2.437325e+00  3.587398e-04 
 2.437649e+00  3.579160e-04 
 2.437974e+00  3.571012e-04 
 2.438298e+00  3.562972e-04 
 2.438623e+00  3.554985e-04 
 2.438948e+00  3.547141e-04 
 2.439272e+00  3.539335e-04 
 2.439597e+00  3.531623e-04 
 2.439921e+00  3.524003e-04 
 2.440246e+00  3.516504e-04 
 2.440570e+00  3.509124e-04 
 2.440895e+00  3.501891e-04 
 2.441220e+00  3.494809e-04 
 2.441544e+00  3.487763e-04 
 2.441869e+00  3.480821e-04 
 2.442193e+00  3.474027e-04 
 2.442518e+00  3.467302e-04 
 2.442842e+00  3.460717e-04 
 2.443167e+00  3.454283e-04 
 2.443491e+00  3.447963e-04 
 2.443816e+00  3.441772e-04 
 2.444141e+00  3.435773e-04 
 2.444465e+00  3.429899e-04 
 2.444790e+00  3.424173e-04 
 2.445114e+00  3.418563e-04 
 2.445439e+00  3.413014e-04 
 2.445763e+00  3.407661e-04 
 2.446088e+00  3.402524e-04 
 2.446413e+00  3.397544e-04 
 2.446737e+00  3.392709e-04 
 2.447062e+00  3.388037e-04 
 2.447386e+00  3.383485e-04 
 2.447711e+00  3.379084e-04 
 2.448035e+00  3.374872e-04 
 2.448360e+00  3.370851e-04 
 2.448685e+00  3.367052e-04 
 2.449009e+00  3.363388e-04 
 2.449334e+00  3.359862e-04 
 2.449658e+00  3.356552e-04 
 2.449983e+00  3.353425e-04 
 2.450307e+00  3.350487e-04 
 2.450632e+00  3.347764e-04 
 2.450957e+00  3.345159e-04 
 2.451281e+00  3.342716e-04 
 2.451606e+00  3.340435e-04 
 2.451930e+00  3.338291e-04 
 2.452255e+00  3.336371e-04 
 2.452579e+00  3.334673e-04 
 2.452904e+00  3.333114e-04 
 2.453228e+00  3.331710e-04 
 2.453553e+00  3.330568e-04 
 2.453878e+00  3.329600e-04 
 2.454202e+00  3.328794e-04 
 2.454527e+00  3.328219e-04 
 2.454851e+00  3.327899e-04 
 2.455176e+00  3.327670e-04 
 2.455500e+00  3.327642e-04 
 2.455825e+00  3.327808e-04 
 2.456150e+00  3.328232e-04 
 2.456474e+00  3.328775e-04 
 2.456799e+00  3.329542e-04 
 2.457123e+00  3.330402e-04 
 2.457448e+00  3.331500e-04 
 2.457772e+00  3.332767e-04 
 2.458097e+00  3.334240e-04 
 2.458422e+00  3.335848e-04 
 2.458746e+00  3.337700e-04 
 2.459071e+00  3.339715e-04 
 2.459395e+00  3.341926e-04 
 2.459720e+00  3.344283e-04 
 2.460044e+00  3.346804e-04 
 2.460369e+00  3.349423e-04 
 2.460694e+00  3.352183e-04 
 2.461018e+00  3.355127e-04 
 2.461343e+00  3.358279e-04 
 2.461667e+00  3.361595e-04 
 2.461992e+00  3.365079e-04 
 2.462316e+00  3.368711e-04 
 2.462641e+00  3.372464e-04 
 2.462966e+00  3.376398e-04 
 2.463290e+00  3.380509e-04 
 2.463615e+00  3.384785e-04 
 2.463939e+00  3.389205e-04 
 2.464264e+00  3.393784e-04 
 2.464588e+00  3.398475e-04 
 2.464913e+00  3.403310e-04 
 2.465237e+00  3.408254e-04 
 2.465562e+00  3.413305e-04 
 2.465887e+00  3.418512e-04 
 2.466211e+00  3.423903e-04 
 2.466536e+00  3.429340e-04 
 2.466860e+00  3.434951e-04 
 2.467185e+00  3.440738e-04 
 2.467509e+00  3.446657e-04 
 2.467834e+00  3.452719e-04 
 2.468159e+00  3.458877e-04 
 2.468483e+00  3.465108e-04 
 2.468808e+00  3.471368e-04 
 2.469132e+00  3.477822e-04 
 2.469457e+00  3.484375e-04 
 2.469781e+00  3.490980e-04 
 2.470106e+00  3.497715e-04 
 2.470431e+00  3.504576e-04 
 2.470755e+00  3.511503e-04 
 2.471080e+00  3.518522e-04 
 2.471404e+00  3.525673e-04 
 2.471729e+00  3.532883e-04 
 2.472053e+00  3.540163e-04 
 2.472378e+00  3.547500e-04 
 2.472703e+00  3.554916e-04 
 2.473027e+00  3.562390e-04 
 2.473352e+00  3.569929e-04 
 2.473676e+00  3.577504e-04 
 2.474001e+00  3.585173e-04 
 2.474325e+00  3.592935e-04 
 2.474650e+00  3.600776e-04 
 2.474974e+00  3.608652e-04 
 2.475299e+00  3.616563e-04 
 2.475624e+00  3.624505e-04 
 2.475948e+00  3.632547e-04 
 2.476273e+00  3.640645e-04 
 2.476597e+00  3.648764e-04 
 2.476922e+00  3.656934e-04 
 2.477246e+00  3.665078e-04 
 2.477571e+00  3.673221e-04 
 2.477896e+00  3.681415e-04 
 2.478220e+00  3.689553e-04 
 2.478545e+00  3.697737e-04 
 2.478869e+00  3.705970e-04 
 2.479194e+00  3.714196e-04 
 2.479518e+00  3.722434e-04 
 2.479843e+00  3.730712e-04 
 2.480168e+00  3.738986e-04 
 2.480492e+00  3.747274e-04 
 2.480817e+00  3.755545e-04 
 2.481141e+00  3.763813e-04 
 2.481466e+00  3.772055e-04 
 2.481790e+00  3.780290e-04 
 2.482115e+00  3.788483e-04 
 2.482440e+00  3.796655e-04 
 2.482764e+00  3.804844e-04 
 2.483089e+00  3.813016e-04 
 2.483413e+00  3.821130e-04 
 2.483738e+00  3.829211e-04 
 2.484062e+00  3.837285e-04 
 2.484387e+00  3.845328e-04 
 2.484712e+00  3.853322e-04 
 2.485036e+00  3.861306e-04 
 2.485361e+00  3.869262e-04 
 2.485685e+00  3.877173e-04 
 2.486010e+00  3.885019e-04 
 2.486334e+00  3.892757e-04 
 2.486659e+00  3.900424e-04 
 2.486983e+00  3.908004e-04 
 2.487308e+00  3.915589e-04 
 2.487633e+00  3.923102e-04 
 2.487957e+00  3.930568e-04 
 2.488282e+00  3.937954e-04 
 2.488606e+00  3.945247e-04 
 2.488931e+00  3.952442e-04 
 2.489255e+00  3.959576e-04 
 2.489580e+00  3.966626e-04 
 2.489905e+00  3.973596e-04 
 2.490229e+00  3.980490e-04 
 2.490554e+00  3.987288e-04 
 2.490878e+00  3.993983e-04 
 2.491203e+00  4.000606e-04 
 2.491527e+00  4.007137e-04 
 2.491852e+00  4.013589e-04 
 2.492177e+00  4.019884e-04 
 2.492501e+00  4.026069e-04 
 2.492826e+00  4.032120e-04 
 2.493150e+00  4.038054e-04 
 2.493475e+00  4.043900e-04 
 2.493799e+00  4.049649e-04 
 2.494124e+00  4.055273e-04 
 2.494449e+00  4.060777e-04 
 2.494773e+00  4.066165e-04 
 2.495098e+00  4.071383e-04 
 2.495422e+00  4.076487e-04 
 2.495747e+00  4.081457e-04 
 2.496071e+00  4.086257e-04 
 2.496396e+00  4.090834e-04 
 2.496721e+00  4.095299e-04 
 2.497045e+00  4.099620e-04 
 2.497370e+00  4.103835e-04 
 2.497694e+00  4.107928e-04 
 2.498019e+00  4.111876e-04 
 2.498343e+00  4.115655e-04 
 2.498668e+00  4.119273e-04 
 2.498993e+00  4.122743e-04 
 2.499317e+00  4.126068e-04 
 2.499642e+00  4.129208e-04 
 2.499966e+00  4.132175e-04 
 2.500291e+00  4.135001e-04 
 2.500615e+00  4.137649e-04 
 2.500940e+00  4.140135e-04 
 2.501264e+00  4.142415e-04 
 2.501589e+00  4.144481e-04 
 2.501914e+00  4.146453e-04 
 2.502238e+00  4.148238e-04 
 2.502563e+00  4.149868e-04 
 2.502887e+00  4.151521e-04 
 2.503212e+00  4.152918e-04 
 2.503536e+00  4.154072e-04 
 2.503861e+00  4.155052e-04 
 2.504186e+00  4.155857e-04 
 2.504510e+00  4.156462e-04 
 2.504835e+00  4.156926e-04 
 2.505159e+00  4.157222e-04 
 2.505484e+00  4.157259e-04 
 2.505808e+00  4.157131e-04 
 2.506133e+00  4.156847e-04 
 2.506458e+00  4.156402e-04 
 2.506782e+00  4.155740e-04 
 2.507107e+00  4.154993e-04 
 2.507431e+00  4.154033e-04 
 2.507756e+00  4.152860e-04 
 2.508080e+00  4.151517e-04 
 2.508405e+00  4.150000e-04 
 2.508730e+00  4.148303e-04 
 2.509054e+00  4.146453e-04 
 2.509379e+00  4.144388e-04 
 2.509703e+00  4.142124e-04 
 2.510028e+00  4.139702e-04 
 2.510352e+00  4.137175e-04 
 2.510677e+00  4.134446e-04 
 2.511002e+00  4.131580e-04 
 2.511326e+00  4.128482e-04 
 2.511651e+00  4.125230e-04 
 2.511975e+00  4.121863e-04 
 2.512300e+00  4.118370e-04 
 2.512624e+00  4.114680e-04 
 2.512949e+00  4.110742e-04 
 2.513273e+00  4.106620e-04 
 2.513598e+00  4.102299e-04 
 2.513923e+00  4.097794e-04 
 2.514247e+00  4.093195e-04 
 2.514572e+00  4.088496e-04 
 2.514896e+00  4.083552e-04 
 2.515221e+00  4.078459e-04 
 2.515545e+00  4.073239e-04 
 2.515870e+00  4.067867e-04 
 2.516195e+00  4.062368e-04 
 2.516519e+00  4.056686e-04 
 2.516844e+00  4.050832e-04 
 2.517168e+00  4.044861e-04 
 2.517493e+00  4.038741e-04 
 2.517817e+00  4.032525e-04 
 2.518142e+00  4.026193e-04 
 2.518467e+00  4.019730e-04 
 2.518791e+00  4.013151e-04 
 2.519116e+00  4.006382e-04 
 2.519440e+00  3.999485e-04 
 2.519765e+00  3.992490e-04 
 2.520089e+00  3.985385e-04 
 2.520414e+00  3.978174e-04 
 2.520739e+00  3.970896e-04 
 2.521063e+00  3.963491e-04 
 2.521388e+00  3.956009e-04 
 2.521712e+00  3.948434e-04 
 2.522037e+00  3.940751e-04 
 2.522361e+00  3.932920e-04 
 2.522686e+00  3.924981e-04 
 2.523011e+00  3.916975e-04 
 2.523335e+00  3.908899e-04 
 2.523660e+00  3.900758e-04 
 2.523984e+00  3.892518e-04 
 2.524309e+00  3.884199e-04 
 2.524633e+00  3.875803e-04 
 2.524958e+00  3.867372e-04 
 2.525282e+00  3.858889e-04 
 2.525607e+00  3.850397e-04 
 2.525932e+00  3.841845e-04 
 2.526256e+00  3.833206e-04 
 2.526581e+00  3.824472e-04 
 2.526905e+00  3.815676e-04 
 2.527230e+00  3.806919e-04 
 2.527554e+00  3.798105e-04 
 2.527879e+00  3.789173e-04 
 2.528204e+00  3.780293e-04 
 2.528528e+00  3.771391e-04 
 2.528853e+00  3.762362e-04 
 2.529177e+00  3.753464e-04 
 2.529502e+00  3.744584e-04 
 2.529826e+00  3.735708e-04 
 2.530151e+00  3.726863e-04 
 2.530476e+00  3.718003e-04 
 2.530800e+00  3.709108e-04 
 2.531125e+00  3.700173e-04 
 2.531449e+00  3.691279e-04 
 2.531774e+00  3.682371e-04 
 2.532098e+00  3.673523e-04 
 2.532423e+00  3.664730e-04 
 2.532748e+00  3.655981e-04 
 2.533072e+00  3.647216e-04 
 2.533397e+00  3.638564e-04 
 2.533721e+00  3.629945e-04 
 2.534046e+00  3.621306e-04 
 2.534370e+00  3.612821e-04 
 2.534695e+00  3.604343e-04 
 2.535020e+00  3.595951e-04 
 2.535344e+00  3.587719e-04 
 2.535669e+00  3.579514e-04 
 2.535993e+00  3.571341e-04 
 2.536318e+00  3.563240e-04 
 2.536642e+00  3.555276e-04 
 2.536967e+00  3.547393e-04 
 2.537291e+00  3.539679e-04 
 2.537616e+00  3.532054e-04 
 2.537941e+00  3.524451e-04 
 2.538265e+00  3.516953e-04 
 2.538590e+00  3.509628e-04 
 2.538914e+00  3.502472e-04 
 2.539239e+00  3.495371e-04 
 2.539563e+00  3.488459e-04 
 2.539888e+00  3.481623e-04 
 2.540213e+00  3.474833e-04 
 2.540537e+00  3.468140e-04 
 2.540862e+00  3.461652e-04 
 2.541186e+00  3.455282e-04 
 2.541511e+00  3.449064e-04 
 2.541835e+00  3.442985e-04 
 2.542160e+00  3.437067e-04 
 2.542485e+00  3.431309e-04 
 2.542809e+00  3.425674e-04 
 2.543134e+00  3.420204e-04 
 2.543458e+00  3.414919e-04 
 2.543783e+00  3.409761e-04 
 2.544107e+00  3.404766e-04 
 2.544432e+00  3.399942e-04 
 2.544757e+00  3.395260e-04 
 2.545081e+00  3.390771e-04 
 2.545406e+00  3.386379e-04 
 2.545730e+00  3.382158e-04 
 2.546055e+00  3.378107e-04 
 2.546379e+00  3.374178e-04 
 2.546704e+00  3.370451e-04 
 2.547029e+00  3.366961e-04 
 2.547353e+00  3.363619e-04 
 2.547678e+00  3.360481e-04 
 2.548002e+00  3.357532e-04 
 2.548327e+00  3.354769e-04 
 2.548651e+00  3.352179e-04 
 2.548976e+00  3.349739e-04 
 2.549300e+00  3.347416e-04 
 2.549625e+00  3.345281e-04 
 2.549950e+00  3.343356e-04 
 2.550274e+00  3.341611e-04 
 2.550599e+00  3.340051e-04 
 2.550923e+00  3.338669e-04 
 2.551248e+00  3.337483e-04 
 2.551572e+00  3.336466e-04 
 2.551897e+00  3.335648e-04 
 2.552222e+00  3.335026e-04 
 2.552546e+00  3.334614e-04 
 2.552871e+00  3.334366e-04 
 2.553195e+00  3.334299e-04 
 2.553520e+00  3.334447e-04 
 2.553844e+00  3.334768e-04 
 2.554169e+00  3.335197e-04 
 2.554494e+00  3.335838e-04 
 2.554818e+00  3.336658e-04 
 2.555143e+00  3.337645e-04 
 2.555467e+00  3.338871e-04 
 2.555792e+00  3.340262e-04 
 2.556116e+00  3.341857e-04 
 2.556441e+00  3.343620e-04 
 2.556766e+00  3.345576e-04 
 2.557090e+00  3.347685e-04 
 2.557415e+00  3.350006e-04 
 2.557739e+00  3.352451e-04 
 2.558064e+00  3.355070e-04 
 2.558388e+00  3.357818e-04 
 2.558713e+00  3.360762e-04 
 2.559037e+00  3.363838e-04 
 2.559362e+00  3.367091e-04 
 2.559687e+00  3.370537e-04 
 2.560011e+00  3.374188e-04 
 2.560336e+00  3.377949e-04 
 2.560660e+00  3.381877e-04 
 2.560985e+00  3.385905e-04 
 2.561309e+00  3.390107e-04 
 2.561634e+00  3.394505e-04 
 2.561959e+00  3.399049e-04 
 2.562283e+00  3.403751e-04 
 2.562608e+00  3.408599e-04 
 2.562932e+00  3.413576e-04 
 2.563257e+00  3.418665e-04 
 2.563581e+00  3.423906e-04 
 2.563906e+00  3.429282e-04 
 2.564231e+00  3.434800e-04 
 2.564555e+00  3.440418e-04 
 2.564880e+00  3.446195e-04 
 2.565204e+00  3.452121e-04 
 2.565529e+00  3.458167e-04 
 2.565853e+00  3.464356e-04 
 2.566178e+00  3.470649e-04 
 2.566503e+00  3.477049e-04 
 2.566827e+00  3.483555e-04 
 2.567152e+00  3.490144e-04 
 2.567476e+00  3.496849e-04 
 2.567801e+00  3.503638e-04 
 2.568125e+00  3.510537e-04 
 2.568450e+00  3.517562e-04 
 2.568775e+00  3.524680e-04 
 2.569099e+00  3.531878e-04 
 2.569424e+00  3.539169e-04 
 2.569748e+00  3.546536e-04 
 2.570073e+00  3.553990e-04 
 2.570397e+00  3.561532e-04 
 2.570722e+00  3.569139e-04 
 2.571046e+00  3.576820e-04 
 2.571371e+00  3.584594e-04 
 2.571696e+00  3.592439e-04 
 2.572020e+00  3.600346e-04 
 2.572345e+00  3.608296e-04 
 2.572669e+00  3.616270e-04 
 2.572994e+00  3.624288e-04 
 2.573318e+00  3.632381e-04 
 2.573643e+00  3.640552e-04 
 2.573968e+00  3.648764e-04 
 2.574292e+00  3.657040e-04 
 2.574617e+00  3.665297e-04 
 2.574941e+00  3.673579e-04 
 2.575266e+00  3.681882e-04 
 2.575590e+00  3.690165e-04 
 2.575915e+00  3.698484e-04 
 2.576240e+00  3.706846e-04 
 2.576564e+00  3.715241e-04 
 2.576889e+00  3.723610e-04 
 2.577213e+00  3.731984e-04 
 2.577538e+00  3.740377e-04 
 2.577862e+00  3.748809e-04 
 2.578187e+00  3.757220e-04 
 2.578512e+00  3.765606e-04 
 2.578836e+00  3.773969e-04 
 2.579161e+00  3.782275e-04 
 2.579485e+00  3.790542e-04 
 2.579810e+00  3.798843e-04 
 2.580134e+00  3.807138e-04 
 2.580459e+00  3.815391e-04 
 2.580784e+00  3.823587e-04 
 2.581108e+00  3.831758e-04 
 2.581433e+00  3.839877e-04 
 2.581757e+00  3.847993e-04 
 2.582082e+00  3.856055e-04 
 2.582406e+00  3.864062e-04 
 2.582731e+00  3.872018e-04 
 2.583055e+00  3.879926e-04 
 2.583380e+00  3.887768e-04 
 2.583705e+00  3.895559e-04 
 2.584029e+00  3.903240e-04 
 2.584354e+00  3.910850e-04 
 2.584678e+00  3.918375e-04 
 2.585003e+00  3.925873e-04 
 2.585327e+00  3.933310e-04 
 2.585652e+00  3.940669e-04 
 2.585977e+00  3.947934e-04 
 2.586301e+00  3.955118e-04 
 2.586626e+00  3.962224e-04 
 2.586950e+00  3.969263e-04 
 2.587275e+00  3.976181e-04 
 2.587599e+00  3.982958e-04 
 2.587924e+00  3.989648e-04 
 2.588249e+00  3.996214e-04 
 2.588573e+00  4.002680e-04 
 2.588898e+00  4.009089e-04 
 2.589222e+00  4.015434e-04 
 2.589547e+00  4.021621e-04 
 2.589871e+00  4.027690e-04 
 2.590196e+00  4.033616e-04 
 2.590521e+00  4.039377e-04 
 2.590845e+00  4.045045e-04 
 2.591170e+00  4.050620e-04 
 2.591494e+00  4.056073e-04 
 2.591819e+00  4.061418e-04 
 2.592143e+00  4.066590e-04 
 2.592468e+00  4.071615e-04 
 2.592793e+00  4.076536e-04 
 2.593117e+00  4.081297e-04 
 2.593442e+00  4.085873e-04 
 2.593766e+00  4.090437e-04 
 2.594091e+00  4.094745e-04 
 2.594415e+00  4.098908e-04 
 2.594740e+00  4.102943e-04 
 2.595064e+00  4.106792e-04 
 2.595389e+00  4.110493e-04 
 2.595714e+00  4.114026e-04 
 2.596038e+00  4.117438e-04 
 2.596363e+00  4.120643e-04 
 2.596687e+00  4.123742e-04 
 2.597012e+00  4.126638e-04 
 2.597336e+00  4.129361e-04 
 2.597661e+00  4.131883e-04 
 2.597986e+00  4.134296e-04 
 2.598310e+00  4.136525e-04 
 2.598635e+00  4.138600e-04 
 2.598959e+00  4.140518e-04 
 2.599284e+00  4.142207e-04 
 2.599608e+00  4.143690e-04 
 2.599933e+00  4.144999e-04 
 2.600258e+00  4.146130e-04 
 2.600582e+00  4.147132e-04 
 2.600907e+00  4.147999e-04 
 2.601231e+00  4.148719e-04 
 2.601556e+00  4.149213e-04 
 2.601880e+00  4.149492e-04 
 2.602205e+00  4.149514e-04 
 2.602530e+00  4.149404e-04 
 2.602854e+00  4.149197e-04 
 2.603179e+00  4.148834e-04 
 2.603503e+00  4.148244e-04 
 2.603828e+00  4.147432e-04 
 2.604152e+00  4.146453e-04 
 2.604477e+00  4.145270e-04 
 2.604802e+00  4.143891e-04 
 2.605126e+00  4.142381e-04 
 2.605451e+00  4.140726e-04 
 2.605775e+00  4.138817e-04 
 2.606100e+00  4.136750e-04 
 2.606424e+00  4.134523e-04 
 2.606749e+00  4.132131e-04 
 2.607073e+00  4.129559e-04 
 2.607398e+00  4.126789e-04 
 2.607723e+00  4.123845e-04 
 2.608047e+00  4.120720e-04 
 2.608372e+00  4.117394e-04 
 2.608696e+00  4.113884e-04 
 2.609021e+00  4.110204e-04 
 2.609345e+00  4.106391e-04 
 2.609670e+00  4.102443e-04 
 2.609995e+00  4.098318e-04 
 2.610319e+00  4.094059e-04 
 2.610644e+00  4.089608e-04 
 2.610968e+00  4.084947e-04 
 2.611293e+00  4.080143e-04 
 2.611617e+00  4.075237e-04 
 2.611942e+00  4.070164e-04 
 2.612267e+00  4.064978e-04 
 2.612591e+00  4.059615e-04 
 2.612916e+00  4.054079e-04 
 2.613240e+00  4.048379e-04 
 2.613565e+00  4.042537e-04 
 2.613889e+00  4.036559e-04 
 2.614214e+00  4.030524e-04 
 2.614539e+00  4.024341e-04 
 2.614863e+00  4.017975e-04 
 2.615188e+00  4.011497e-04 
 2.615512e+00  4.004908e-04 
 2.615837e+00  3.998225e-04 
 2.616161e+00  3.991432e-04 
 2.616486e+00  3.984547e-04 
 2.616811e+00  3.977527e-04 
 2.617135e+00  3.970374e-04 
 2.617460e+00  3.963067e-04 
 2.617784e+00  3.955676e-04 
 2.618109e+00  3.948231e-04 
 2.618433e+00  3.940683e-04 
 2.618758e+00  3.933044e-04 
 2.619082e+00  3.925382e-04 
 2.619407e+00  3.917617e-04 
 2.619732e+00  3.909786e-04 
 2.620056e+00  3.901885e-04 
 2.620381e+00  3.893905e-04 
 2.620705e+00  3.885861e-04 
 2.621030e+00  3.877762e-04 
 2.621354e+00  3.869598e-04 
 2.621679e+00  3.861395e-04 
 2.622004e+00  3.853126e-04 
 2.622328e+00  3.844753e-04 
 2.622653e+00  3.836328e-04 
 2.622977e+00  3.827883e-04 
 2.623302e+00  3.819425e-04 
 2.623626e+00  3.810927e-04 
 2.623951e+00  3.802425e-04 
 2.624276e+00  3.793916e-04 
 2.624600e+00  3.785402e-04 
 2.624925e+00  3.776845e-04 
 2.625249e+00  3.768233e-04 
 2.625574e+00  3.759647e-04 
 2.625898e+00  3.751070e-04 
 2.626223e+00  3.742339e-04 
 2.626548e+00  3.733677e-04 
 2.626872e+00  3.725037e-04 
 2.627197e+00  3.716396e-04 
 2.627521e+00  3.707823e-04 
 2.627846e+00  3.699269e-04 
 2.628170e+00  3.690730e-04 
 2.628495e+00  3.682172e-04 
 2.628820e+00  3.673664e-04 
 2.629144e+00  3.665189e-04 
 2.629469e+00  3.656848e-04 
 2.629793e+00  3.648545e-04 
 2.630118e+00  3.640282e-04 
 2.630442e+00  3.632013e-04 
 2.630767e+00  3.623796e-04 
 2.631091e+00  3.615633e-04 
 2.631416e+00  3.607521e-04 
 2.631741e+00  3.599551e-04 
 2.632065e+00  3.591615e-04 
 2.632390e+00  3.583758e-04 
 2.632714e+00  3.576040e-04 
 2.633039e+00  3.568407e-04 
 2.633363e+00  3.560854e-04 
 2.633688e+00  3.553381e-04 
 2.634013e+00  3.545996e-04 
 2.634337e+00  3.538689e-04 
 2.634662e+00  3.531537e-04 
 2.634986e+00  3.524439e-04 
 2.635311e+00  3.517401e-04 
 2.635635e+00  3.510454e-04 
 2.635960e+00  3.503667e-04 
 2.636285e+00  3.497014e-04 
 2.636609e+00  3.490492e-04 
 2.636934e+00  3.484147e-04 
 2.637258e+00  3.477960e-04 
 2.637583e+00  3.471870e-04 
 2.637907e+00  3.465839e-04 
 2.638232e+00  3.460009e-04 
 2.638557e+00  3.454312e-04 
 2.638881e+00  3.448766e-04 
 2.639206e+00  3.443358e-04 
 2.639530e+00  3.438117e-04 
 2.639855e+00  3.433014e-04 
 2.640179e+00  3.428045e-04 
 2.640504e+00  3.423202e-04 
 2.640829e+00  3.418560e-04 
 2.641153e+00  3.414077e-04 
 2.641478e+00  3.409733e-04 
 2.641802e+00  3.405541e-04 
 2.642127e+00  3.401542e-04 
 2.642451e+00  3.397721e-04 
 2.642776e+00  3.394040e-04 
 2.643100e+00  3.390514e-04 
 2.643425e+00  3.387165e-04 
 2.643750e+00  3.383991e-04 
 2.644074e+00  3.380948e-04 
 2.644399e+00  3.378118e-04 
 2.644723e+00  3.375400e-04 
 2.645048e+00  3.372875e-04 
 2.645372e+00  3.370538e-04 
 2.645697e+00  3.368396e-04 
 2.646022e+00  3.366447e-04 
 2.646346e+00  3.364658e-04 
 2.646671e+00  3.362970e-04 
 2.646995e+00  3.361495e-04 
 2.647320e+00  3.360285e-04 
 2.647644e+00  3.359252e-04 
 2.647969e+00  3.358425e-04 
 2.648294e+00  3.357755e-04 
 2.648618e+00  3.357223e-04 
 2.648943e+00  3.356835e-04 
 2.649267e+00  3.356590e-04 
 2.649592e+00  3.356563e-04 
 2.649916e+00  3.356747e-04 
 2.650241e+00  3.357133e-04 
 2.650566e+00  3.357670e-04 
 2.650890e+00  3.358441e-04 
 2.651215e+00  3.359378e-04 
 2.651539e+00  3.360460e-04 
 2.651864e+00  3.361704e-04 
 2.652188e+00  3.363129e-04 
 2.652513e+00  3.364739e-04 
 2.652837e+00  3.366511e-04 
 2.653162e+00  3.368389e-04 
 2.653487e+00  3.370428e-04 
 2.653811e+00  3.372644e-04 
 2.654136e+00  3.375017e-04 
 2.654460e+00  3.377568e-04 
 2.654785e+00  3.380346e-04 
 2.655109e+00  3.383263e-04 
 2.655434e+00  3.386344e-04 
 2.655759e+00  3.389584e-04 
 2.656083e+00  3.392976e-04 
 2.656408e+00  3.396494e-04 
 2.656732e+00  3.400149e-04 
 2.657057e+00  3.403964e-04 
 2.657381e+00  3.407950e-04 
 2.657706e+00  3.412065e-04 
 2.658031e+00  3.416276e-04 
 2.658355e+00  3.420631e-04 
 2.658680e+00  3.425139e-04 
 2.659004e+00  3.429803e-04 
 2.659329e+00  3.434607e-04 
 2.659653e+00  3.439565e-04 
 2.659978e+00  3.444674e-04 
 2.660303e+00  3.449879e-04 
 2.660627e+00  3.455180e-04 
 2.660952e+00  3.460606e-04 
 2.661276e+00  3.466133e-04 
 2.661601e+00  3.471749e-04 
 2.661925e+00  3.477465e-04 
 2.662250e+00  3.483294e-04 
 2.662575e+00  3.489273e-04 
 2.662899e+00  3.495341e-04 
 2.663224e+00  3.501542e-04 
 2.663548e+00  3.507856e-04 
 2.663873e+00  3.514278e-04 
 2.664197e+00  3.520784e-04 
 2.664522e+00  3.527381e-04 
 2.664846e+00  3.534058e-04 
 2.665171e+00  3.540790e-04 
 2.665496e+00  3.547597e-04 
 2.665820e+00  3.554480e-04 
 2.666145e+00  3.561477e-04 
 2.666469e+00  3.568549e-04 
 2.666794e+00  3.575666e-04 
 2.667118e+00  3.582867e-04 
 2.667443e+00  3.590123e-04 
 2.667768e+00  3.597441e-04 
 2.668092e+00  3.604823e-04 
 2.668417e+00  3.612296e-04 
 2.668741e+00  3.619841e-04 
 2.669066e+00  3.627427e-04 
 2.669390e+00  3.635025e-04 
 2.669715e+00  3.642619e-04 
 2.670040e+00  3.650251e-04 
 2.670364e+00  3.657919e-04 
 2.670689e+00  3.665638e-04 
 2.671013e+00  3.673400e-04 
 2.671338e+00  3.681172e-04 
 2.671662e+00  3.688979e-04 
 2.671987e+00  3.696751e-04 
 2.672312e+00  3.704555e-04 
 2.672636e+00  3.712378e-04 
 2.672961e+00  3.720177e-04 
 2.673285e+00  3.728002e-04 
 2.673610e+00  3.735845e-04 
 2.673934e+00  3.743711e-04 
 2.674259e+00  3.751559e-04 
 2.674584e+00  3.759406e-04 
 2.674908e+00  3.767218e-04 
 2.675233e+00  3.775030e-04 
 2.675557e+00  3.782800e-04 
 2.675882e+00  3.790564e-04 
 2.676206e+00  3.798310e-04 
 2.676531e+00  3.805977e-04 
 2.676855e+00  3.813590e-04 
 2.677180e+00  3.821209e-04 
 2.677505e+00  3.828820e-04 
 2.677829e+00  3.836396e-04 
 2.678154e+00  3.843901e-04 
 2.678478e+00  3.851372e-04 
 2.678803e+00  3.858789e-04 
 2.679127e+00  3.866125e-04 
 2.679452e+00  3.873354e-04 
 2.679777e+00  3.880513e-04 
 2.680101e+00  3.887622e-04 
 2.680426e+00  3.894648e-04 
 2.680750e+00  3.901605e-04 
 2.681075e+00  3.908523e-04 
 2.681399e+00  3.915362e-04 
 2.681724e+00  3.922129e-04 
 2.682049e+00  3.928818e-04 
 2.682373e+00  3.935446e-04 
 2.682698e+00  3.942006e-04 
 2.683022e+00  3.948482e-04 
 2.683347e+00  3.954827e-04 
 2.683671e+00  3.961056e-04 
 2.683996e+00  3.967205e-04 
 2.684321e+00  3.973250e-04 
 2.684645e+00  3.979132e-04 
 2.684970e+00  3.984920e-04 
 2.685294e+00  3.990618e-04 
 2.685619e+00  3.996214e-04 
 2.685943e+00  4.001714e-04 
 2.686268e+00  4.007116e-04 
 2.686593e+00  4.012408e-04 
 2.686917e+00  4.017615e-04 
 2.687242e+00  4.022671e-04 
 2.687566e+00  4.027556e-04 
 2.687891e+00  4.032432e-04 
 2.688215e+00  4.037066e-04 
 2.688540e+00  4.041580e-04 
 2.688864e+00  4.045971e-04 
 2.689189e+00  4.050223e-04 
 2.689514e+00  4.054339e-04 
 2.689838e+00  4.058327e-04 
 2.690163e+00  4.062239e-04 
 2.690487e+00  4.065975e-04 
 2.690812e+00  4.069573e-04 
 2.691136e+00  4.073008e-04 
 2.691461e+00  4.076300e-04 
 2.691786e+00  4.079411e-04 
 2.692110e+00  4.082457e-04 
 2.692435e+00  4.085317e-04 
 2.692759e+00  4.088018e-04 
 2.693084e+00  4.090578e-04 
 2.693408e+00  4.092934e-04 
 2.693733e+00  4.095143e-04 
 2.694058e+00  4.097233e-04 
 2.694382e+00  4.099152e-04 
 2.694707e+00  4.100924e-04 
 2.695031e+00  4.102572e-04 
 2.695356e+00  4.104103e-04 
 2.695680e+00  4.105457e-04 
 2.696005e+00  4.106639e-04 
 2.696330e+00  4.107594e-04 
 2.696654e+00  4.108428e-04 
 2.696979e+00  4.109123e-04 
 2.697303e+00  4.109678e-04 
 2.697628e+00  4.110037e-04 
 2.697952e+00  4.110203e-04 
 2.698277e+00  4.110226e-04 
 2.698602e+00  4.110051e-04 
 2.698926e+00  4.109702e-04 
 2.699251e+00  4.109238e-04 
 2.699575e+00  4.108646e-04 
 2.699900e+00  4.107818e-04 
 2.700224e+00  4.106877e-04 
 2.700549e+00  4.105781e-04 
 2.700873e+00  4.104542e-04 
 2.701198e+00  4.103137e-04 
 2.701523e+00  4.101584e-04 
 2.701847e+00  4.099872e-04 
 2.702172e+00  4.097993e-04 
 2.702496e+00  4.095899e-04 
 2.702821e+00  4.093664e-04 
 2.703145e+00  4.091272e-04 
 2.703470e+00  4.088739e-04 
 2.703795e+00  4.086080e-04 
 2.704119e+00  4.083236e-04 
 2.704444e+00  4.080284e-04 
 2.704768e+00  4.077167e-04 
 2.705093e+00  4.073880e-04 
 2.705417e+00  4.070465e-04 
 2.705742e+00  4.066944e-04 
 2.706067e+00  4.063231e-04 
 2.706391e+00  4.059374e-04 
 2.706716e+00  4.055367e-04 
 2.707040e+00  4.051212e-04 
 2.707365e+00  4.046922e-04 
 2.707689e+00  4.042483e-04 
 2.708014e+00  4.037939e-04 
 2.708339e+00  4.033317e-04 
 2.708663e+00  4.028537e-04 
 2.708988e+00  4.023614e-04 
 2.709312e+00  4.018574e-04 
 2.709637e+00  4.013408e-04 
 2.709961e+00  4.008130e-04 
 2.710286e+00  4.002733e-04 
 2.710611e+00  3.997228e-04 
 2.710935e+00  3.991607e-04 
 2.711260e+00  3.985834e-04 
 2.711584e+00  3.979924e-04 
 2.711909e+00  3.973923e-04 
 2.712233e+00  3.967819e-04 
 2.712558e+00  3.961625e-04 
 2.712882e+00  3.955355e-04 
 2.713207e+00  3.949049e-04 
 2.713532e+00  3.942641e-04 
 2.713856e+00  3.936144e-04 
 2.714181e+00  3.929556e-04 
 2.714505e+00  3.922884e-04 
 2.714830e+00  3.916139e-04 
 2.715154e+00  3.909314e-04 
 2.715479e+00  3.902455e-04 
 2.715804e+00  3.895535e-04 
 2.716128e+00  3.888480e-04 
 2.716453e+00  3.881384e-04 
 2.716777e+00  3.874233e-04 
 2.717102e+00  3.866913e-04 
 2.717426e+00  3.859652e-04 
 2.717751e+00  3.852321e-04 
 2.718076e+00  3.844942e-04 
 2.718400e+00  3.837596e-04 
 2.718725e+00  3.830185e-04 
 2.719049e+00  3.822697e-04 
 2.719374e+00  3.815161e-04 
 2.719698e+00  3.807627e-04 
 2.720023e+00  3.800071e-04 
 2.720348e+00  3.792521e-04 
 2.720672e+00  3.784950e-04 
 2.720997e+00  3.777390e-04 
 2.721321e+00  3.769756e-04 
 2.721646e+00  3.762169e-04 
 2.721970e+00  3.754582e-04 
 2.722295e+00  3.746986e-04 
 2.722620e+00  3.739437e-04 
 2.722944e+00  3.731860e-04 
 2.723269e+00  3.724280e-04 
 2.723593e+00  3.716807e-04 
 2.723918e+00  3.709324e-04 
 2.724242e+00  3.701814e-04 
 2.724567e+00  3.694326e-04 
 2.724891e+00  3.686872e-04 
 2.725216e+00  3.679436e-04 
 2.725541e+00  3.672102e-04 
 2.725865e+00  3.664815e-04 
 2.726190e+00  3.657502e-04 
 2.726514e+00  3.650216e-04 
 2.726839e+00  3.643019e-04 
 2.727163e+00  3.635920e-04 
 2.727488e+00  3.628867e-04 
 2.727813e+00  3.621939e-04 
 2.728137e+00  3.615082e-04 
 2.728462e+00  3.608259e-04 
 2.728786e+00  3.601452e-04 
 2.729111e+00  3.594770e-04 
 2.729435e+00  3.588138e-04 
 2.729760e+00  3.581597e-04 
 2.730085e+00  3.575125e-04 
 2.730409e+00  3.568716e-04 
 2.730734e+00  3.562408e-04 
 2.731058e+00  3.556222e-04 
 2.731383e+00  3.550109e-04 
 2.731707e+00  3.544158e-04 
 2.732032e+00  3.538275e-04 
 2.732357e+00  3.532493e-04 
 2.732681e+00  3.526796e-04 
 2.733006e+00  3.521233e-04 
 2.733330e+00  3.515814e-04 
 2.733655e+00  3.510478e-04 
 2.733979e+00  3.505257e-04 
 2.734304e+00  3.500157e-04 
 2.734629e+00  3.495131e-04 
 2.734953e+00  3.490220e-04 
 2.735278e+00  3.485461e-04 
 2.735602e+00  3.480790e-04 
 2.735927e+00  3.476275e-04 
 2.736251e+00  3.471911e-04 
 2.736576e+00  3.467695e-04 
 2.736900e+00  3.463621e-04 
 2.737225e+00  3.459640e-04 
 2.737550e+00  3.455752e-04 
 2.737874e+00  3.451998e-04 
 2.738199e+00  3.448408e-04 
 2.738523e+00  3.444990e-04 
 2.738848e+00  3.441705e-04 
 2.739172e+00  3.438524e-04 
 2.739497e+00  3.435520e-04 
 2.739822e+00  3.432621e-04 
 2.740146e+00  3.429890e-04 
 2.740471e+00  3.427335e-04 
 2.740795e+00  3.424955e-04 
 2.741120e+00  3.422765e-04 
 2.741444e+00  3.420702e-04 
 2.741769e+00  3.418787e-04 
 2.742094e+00  3.417012e-04 
 2.742418e+00  3.415380e-04 
 2.742743e+00  3.413872e-04 
 2.743067e+00  3.412502e-04 
 2.743392e+00  3.411258e-04 
 2.743716e+00  3.410205e-04 
 2.744041e+00  3.409261e-04 
 2.744366e+00  3.408503e-04 
 2.744690e+00  3.407935e-04 
 2.745015e+00  3.407566e-04 
 2.745339e+00  3.407329e-04 
 2.745664e+00  3.407272e-04 
 2.745988e+00  3.407318e-04 
 2.746313e+00  3.407546e-04 
 2.746638e+00  3.407913e-04 
 2.746962e+00  3.408425e-04 
 2.747287e+00  3.409042e-04 
 2.747611e+00  3.409810e-04 
 2.747936e+00  3.410757e-04 
 2.748260e+00  3.411865e-04 
 2.748585e+00  3.413127e-04 
 2.748909e+00  3.414566e-04 
 2.749234e+00  3.416137e-04 
 2.749559e+00  3.417853e-04 
 2.749883e+00  3.419752e-04 
 2.750208e+00  3.421767e-04 
 2.750532e+00  3.423891e-04 
 2.750857e+00  3.426139e-04 
 2.751181e+00  3.428521e-04 
 2.751506e+00  3.431035e-04 
 2.751831e+00  3.433710e-04 
 2.752155e+00  3.436501e-04 
 2.752480e+00  3.439443e-04 
 2.752804e+00  3.442489e-04 
 2.753129e+00  3.445668e-04 
 2.753453e+00  3.448998e-04 
 2.753778e+00  3.452436e-04 
 2.754103e+00  3.456042e-04 
 2.754427e+00  3.459755e-04 
 2.754752e+00  3.463570e-04 
 2.755076e+00  3.467501e-04 
 2.755401e+00  3.471516e-04 
 2.755725e+00  3.475642e-04 
 2.756050e+00  3.479884e-04 
 2.756375e+00  3.484235e-04 
 2.756699e+00  3.488698e-04 
 2.757024e+00  3.493276e-04 
 2.757348e+00  3.497967e-04 
 2.757673e+00  3.502751e-04 
 2.757997e+00  3.507643e-04 
 2.758322e+00  3.512618e-04 
 2.758646e+00  3.517687e-04 
 2.758971e+00  3.522837e-04 
 2.759296e+00  3.528084e-04 
 2.759620e+00  3.533440e-04 
 2.759945e+00  3.538888e-04 
 2.760269e+00  3.544419e-04 
 2.760594e+00  3.549995e-04 
 2.760918e+00  3.555607e-04 
 2.761243e+00  3.561326e-04 
 2.761568e+00  3.567114e-04 
 2.761892e+00  3.572968e-04 
 2.762217e+00  3.578880e-04 
 2.762541e+00  3.584869e-04 
 2.762866e+00  3.590909e-04 
 2.763190e+00  3.597003e-04 
 2.763515e+00  3.603146e-04 
 2.763840e+00  3.609332e-04 
 2.764164e+00  3.615560e-04 
 2.764489e+00  3.621840e-04 
 2.764813e+00  3.628178e-04 
 2.765138e+00  3.634560e-04 
 2.765462e+00  3.640951e-04 
 2.765787e+00  3.647376e-04 
 2.766112e+00  3.653830e-04 
 2.766436e+00  3.660304e-04 
 2.766761e+00  3.666806e-04 
 2.767085e+00  3.673336e-04 
 2.767410e+00  3.679887e-04 
 2.767734e+00  3.686449e-04 
 2.768059e+00  3.693058e-04 
 2.768384e+00  3.699692e-04 
 2.768708e+00  3.706320e-04 
 2.769033e+00  3.712932e-04 
 2.769357e+00  3.719534e-04 
 2.769682e+00  3.726128e-04 
 2.770006e+00  3.732747e-04 
 2.770331e+00  3.739307e-04 
 2.770655e+00  3.745873e-04 
 2.770980e+00  3.752427e-04 
 2.771305e+00  3.758994e-04 
 2.771629e+00  3.765544e-04 
 2.771954e+00  3.772125e-04 
 2.772278e+00  3.778681e-04 
 2.772603e+00  3.785217e-04 
 2.772927e+00  3.791722e-04 
 2.773252e+00  3.798178e-04 
 2.773577e+00  3.804580e-04 
 2.773901e+00  3.810918e-04 
 2.774226e+00  3.817209e-04 
 2.774550e+00  3.823462e-04 
 2.774875e+00  3.829694e-04 
 2.775199e+00  3.835931e-04 
 2.775524e+00  3.842129e-04 
 2.775849e+00  3.848278e-04 
 2.776173e+00  3.854403e-04 
 2.776498e+00  3.860462e-04 
 2.776822e+00  3.866442e-04 
 2.777147e+00  3.872358e-04 
 2.777471e+00  3.878240e-04 
 2.777796e+00  3.884043e-04 
 2.778121e+00  3.889763e-04 
 2.778445e+00  3.895394e-04 
 2.778770e+00  3.900958e-04 
 2.779094e+00  3.906422e-04 
 2.779419e+00  3.911845e-04 
 2.779743e+00  3.917234e-04 
 2.780068e+00  3.922560e-04 
 2.780393e+00  3.927826e-04 
 2.780717e+00  3.932984e-04 
 2.781042e+00  3.938014e-04 
 2.781366e+00  3.942993e-04 
 2.781691e+00  3.947850e-04 
 2.782015e+00  3.952546e-04 
 2.782340e+00  3.957189e-04 
 2.782664e+00  3.961723e-04 
 2.782989e+00  3.966191e-04 
 2.783314e+00  3.970576e-04 
 2.783638e+00  3.974891e-04 
 2.783963e+00  3.979093e-04 
 2.784287e+00  3.983167e-04 
 2.784612e+00  3.987152e-04 
 2.784936e+00  3.991029e-04 
 2.785261e+00  3.994781e-04 
 2.785586e+00  3.998430e-04 
 2.785910e+00  4.001966e-04 
 2.786235e+00  4.005374e-04 
 2.786559e+00  4.008676e-04 
 2.786884e+00  4.011829e-04 
 2.787208e+00  4.014835e-04 
 2.787533e+00  4.017822e-04 
 2.787858e+00  4.020641e-04 
 2.788182e+00  4.023336e-04 
 2.788507e+00  4.026058e-04 
 2.788831e+00  4.028583e-04 
 2.789156e+00  4.030980e-04 
 2.789480e+00  4.033249e-04 
 2.789805e+00  4.035368e-04 
 2.790130e+00  4.037346e-04 
 2.790454e+00  4.039207e-04 
 2.790779e+00  4.040979e-04 
 2.791103e+00  4.042573e-04 
 2.791428e+00  4.044051e-04 
 2.791752e+00  4.045373e-04 
 2.792077e+00  4.046569e-04 
 2.792402e+00  4.047611e-04 
 2.792726e+00  4.048618e-04 
 2.793051e+00  4.049509e-04 
 2.793375e+00  4.050260e-04 
 2.793700e+00  4.050849e-04 
 2.794024e+00  4.051287e-04 
 2.794349e+00  4.051586e-04 
 2.794673e+00  4.051778e-04 
 2.794998e+00  4.051797e-04 
 2.795323e+00  4.051693e-04 
 2.795647e+00  4.051504e-04 
 2.795972e+00  4.051222e-04 
 2.796296e+00  4.050769e-04 
 2.796621e+00  4.050204e-04 
 2.796945e+00  4.049453e-04 
 2.797270e+00  4.048563e-04 
 2.797595e+00  4.047600e-04 
 2.797919e+00  4.046542e-04 
 2.798244e+00  4.045371e-04 
 2.798568e+00  4.044019e-04 
 2.798893e+00  4.042545e-04 
 2.799217e+00  4.040899e-04 
 2.799542e+00  4.039061e-04 
 2.799867e+00  4.037128e-04 
 2.800191e+00  4.035141e-04 
 2.800516e+00  4.032963e-04 
 2.800840e+00  4.030681e-04 
 2.801165e+00  4.028289e-04 
 2.801489e+00  4.025796e-04 
 2.801814e+00  4.023193e-04 
 2.802139e+00  4.020454e-04 
 2.802463e+00  4.017607e-04 
 2.802788e+00  4.014661e-04 
 2.803112e+00  4.011581e-04 
 2.803437e+00  4.008384e-04 
 2.803761e+00  4.005080e-04 
 2.804086e+00  4.001677e-04 
 2.804411e+00  3.998164e-04 
 2.804735e+00  3.994470e-04 
 2.805060e+00  3.990675e-04 
 2.805384e+00  3.986766e-04 
 2.805709e+00  3.982783e-04 
 2.806033e+00  3.978742e-04 
 2.806358e+00  3.974670e-04 
 2.806682e+00  3.970505e-04 
 2.807007e+00  3.966211e-04 
 2.807332e+00  3.961844e-04 
 2.807656e+00  3.957373e-04 
 2.807981e+00  3.952641e-04 
 2.808305e+00  3.947897e-04 
 2.808630e+00  3.943083e-04 
 2.808954e+00  3.938173e-04 
 2.809279e+00  3.933219e-04 
 2.809604e+00  3.928149e-04 
 2.809928e+00  3.923009e-04 
 2.810253e+00  3.917763e-04 
 2.810577e+00  3.912530e-04 
 2.810902e+00  3.907213e-04 
 2.811226e+00  3.901903e-04 
 2.811551e+00  3.896524e-04 
 2.811876e+00  3.891073e-04 
 2.812200e+00  3.885417e-04 
 2.812525e+00  3.879733e-04 
 2.812849e+00  3.873994e-04 
 2.813174e+00  3.868176e-04 
 2.813498e+00  3.862355e-04 
 2.813823e+00  3.856495e-04 
 2.814148e+00  3.850570e-04 
 2.814472e+00  3.844728e-04 
 2.814797e+00  3.838840e-04 
 2.815121e+00  3.832878e-04 
 2.815446e+00  3.826883e-04 
 2.815770e+00  3.820895e-04 
 2.816095e+00  3.814850e-04 
 2.816420e+00  3.808803e-04 
 2.816744e+00  3.802711e-04 
 2.817069e+00  3.796485e-04 
 2.817393e+00  3.790208e-04 
 2.817718e+00  3.783908e-04 
 2.818042e+00  3.777633e-04 
 2.818367e+00  3.771341e-04 
 2.818691e+00  3.765155e-04 
 2.819016e+00  3.759024e-04 
 2.819341e+00  3.752856e-04 
 2.819665e+00  3.746620e-04 
 2.819990e+00  3.740441e-04 
 2.820314e+00  3.734231e-04 
 2.820639e+00  3.728052e-04 
 2.820963e+00  3.721849e-04 
 2.821288e+00  3.715638e-04 
 2.821613e+00  3.709462e-04 
 2.821937e+00  3.703346e-04 
 2.822262e+00  3.697227e-04 
 2.822586e+00  3.691188e-04 
 2.822911e+00  3.685179e-04 
 2.823235e+00  3.679191e-04 
 2.823560e+00  3.673237e-04 
 2.823885e+00  3.667346e-04 
 2.824209e+00  3.661553e-04 
 2.824534e+00  3.655780e-04 
 2.824858e+00  3.650026e-04 
 2.825183e+00  3.644322e-04 
 2.825507e+00  3.638581e-04 
 2.825832e+00  3.632877e-04 
 2.826157e+00  3.627279e-04 
 2.826481e+00  3.621718e-04 
 2.826806e+00  3.616253e-04 
 2.827130e+00  3.610879e-04 
 2.827455e+00  3.605610e-04 
 2.827779e+00  3.600400e-04 
 2.828104e+00  3.595224e-04 
 2.828429e+00  3.590072e-04 
 2.828753e+00  3.585011e-04 
 2.829078e+00  3.580069e-04 
 2.829402e+00  3.575210e-04 
 2.829727e+00  3.570455e-04 
 2.830051e+00  3.565766e-04 
 2.830376e+00  3.561156e-04 
 2.830700e+00  3.556586e-04 
 2.831025e+00  3.552098e-04 
 2.831350e+00  3.547708e-04 
 2.831674e+00  3.543457e-04 
 2.831999e+00  3.539314e-04 
 2.832323e+00  3.535265e-04 
 2.832648e+00  3.531318e-04 
 2.832972e+00  3.527505e-04 
 2.833297e+00  3.523772e-04 
 2.833622e+00  3.520160e-04 
 2.833946e+00  3.516637e-04 
 2.834271e+00  3.513232e-04 
 2.834595e+00  3.509934e-04 
 2.834920e+00  3.506707e-04 
 2.835244e+00  3.503561e-04 
 2.835569e+00  3.500511e-04 
 2.835894e+00  3.497572e-04 
 2.836218e+00  3.494733e-04 
 2.836543e+00  3.492062e-04 
 2.836867e+00  3.489516e-04 
 2.837192e+00  3.487132e-04 
 2.837516e+00  3.484858e-04 
 2.837841e+00  3.482710e-04 
 2.838166e+00  3.480633e-04 
 2.838490e+00  3.478650e-04 
 2.838815e+00  3.476825e-04 
 2.839139e+00  3.475139e-04 
 2.839464e+00  3.473516e-04 
 2.839788e+00  3.472013e-04 
 2.840113e+00  3.470631e-04 
 2.840438e+00  3.469376e-04 
 2.840762e+00  3.468268e-04 
 2.841087e+00  3.467316e-04 
 2.841411e+00  3.466480e-04 
 2.841736e+00  3.465841e-04 
 2.842060e+00  3.465322e-04 
 2.842385e+00  3.464918e-04 
 2.842709e+00  3.464622e-04 
 2.843034e+00  3.464445e-04 
 2.843359e+00  3.464320e-04 
 2.843683e+00  3.464281e-04 
 2.844008e+00  3.464318e-04 
 2.844332e+00  3.464513e-04 
 2.844657e+00  3.464820e-04 
 2.844981e+00  3.465318e-04 
 2.845306e+00  3.465983e-04 
 2.845631e+00  3.466805e-04 
 2.845955e+00  3.467736e-04 
 2.846280e+00  3.468754e-04 
 2.846604e+00  3.469854e-04 
 2.846929e+00  3.471063e-04 
 2.847253e+00  3.472394e-04 
 2.847578e+00  3.473815e-04 
 2.847903e+00  3.475352e-04 
 2.848227e+00  3.477006e-04 
 2.848552e+00  3.478747e-04 
 2.848876e+00  3.480600e-04 
 2.849201e+00  3.482575e-04 
 2.849525e+00  3.484683e-04 
 2.849850e+00  3.486941e-04 
