Run07_HU12_s1p50
71	0
0.000000	0.000000000e+00
0.005000	1.138081589e-02
0.010000	2.183962576e-02
0.015000	3.052911904e-02
0.020000	3.674532465e-02
0.025000	3.998464260e-02
0.030000	3.998464260e-02
0.035000	3.674532465e-02
0.040000	3.052911904e-02
0.045000	2.183962576e-02
0.050000	1.138081589e-02
0.055000	4.947060399e-18
0.060000	-1.138081589e-02
0.065000	-2.183962576e-02
0.070000	-3.052911904e-02
0.075000	-3.674532465e-02
0.080000	-3.998464260e-02
0.085000	-3.998464260e-02
0.090000	-3.674532465e-02
0.095000	-3.052911904e-02
0.100000	-2.183962576e-02
0.105000	-1.138081589e-02
0.110000	-9.894120799e-18
0.115000	4.515330978e-03
0.120000	8.953403391e-03
0.125000	1.323828059e-02
0.130000	1.729664714e-02
0.135000	2.105906326e-02
0.140000	2.446115296e-02
0.145000	2.744470556e-02
0.150000	2.995867164e-02
0.155000	3.196003654e-02
0.160000	3.341455636e-02
0.165000	3.429734385e-02
0.170000	3.459329427e-02
0.175000	3.429734385e-02
0.180000	3.341455636e-02
0.185000	3.196003654e-02
0.190000	2.995867164e-02
0.195000	2.744470556e-02
0.200000	2.446115296e-02
0.205000	2.105906326e-02
0.210000	1.729664714e-02
0.215000	1.323828059e-02
0.220000	8.953403391e-03
0.225000	4.515330978e-03
0.230000	4.236456710e-18
0.235000	-4.515330978e-03
0.240000	-8.953403391e-03
0.245000	-1.323828059e-02
0.250000	-1.729664714e-02
0.255000	-2.105906326e-02
0.260000	-2.446115296e-02
0.265000	-2.744470556e-02
0.270000	-2.995867164e-02
0.275000	-3.196003654e-02
0.280000	-3.341455636e-02
0.285000	-3.429734385e-02
0.290000	-3.459329427e-02
0.295000	-3.429734385e-02
0.300000	-3.341455636e-02
0.305000	-3.196003654e-02
0.310000	-2.995867164e-02
0.315000	-2.744470556e-02
0.320000	-2.446115296e-02
0.325000	-2.105906326e-02
0.330000	-1.729664714e-02
0.335000	-1.323828059e-02
0.340000	-8.953403391e-03
0.345000	-4.515330978e-03
0.350000	-8.472913421e-18
