Run16_HU12_s3p50
71	0
0.000000	0.000000000e+00
0.005000	2.655523708e-02
0.010000	5.095912678e-02
0.015000	7.123461109e-02
0.020000	8.573909086e-02
0.025000	9.329749940e-02
0.030000	9.329749940e-02
0.035000	8.573909086e-02
0.040000	7.123461109e-02
0.045000	5.095912678e-02
0.050000	2.655523708e-02
0.055000	1.154314093e-17
0.060000	-2.655523708e-02
0.065000	-5.095912678e-02
0.070000	-7.123461109e-02
0.075000	-8.573909086e-02
0.080000	-9.329749940e-02
0.085000	-9.329749940e-02
0.090000	-8.573909086e-02
0.095000	-7.123461109e-02
0.100000	-5.095912678e-02
0.105000	-2.655523708e-02
0.110000	-2.308628186e-17
0.115000	1.053577228e-02
0.120000	2.089127458e-02
0.125000	3.088932138e-02
0.130000	4.035884332e-02
0.135000	4.913781427e-02
0.140000	5.707602358e-02
0.145000	6.403764632e-02
0.150000	6.990356716e-02
0.155000	7.457341860e-02
0.160000	7.796729816e-02
0.165000	8.002713564e-02
0.170000	8.071768664e-02
0.175000	8.002713564e-02
0.180000	7.796729816e-02
0.185000	7.457341860e-02
0.190000	6.990356716e-02
0.195000	6.403764632e-02
0.200000	5.707602358e-02
0.205000	4.913781427e-02
0.210000	4.035884332e-02
0.215000	3.088932138e-02
0.220000	2.089127458e-02
0.225000	1.053577228e-02
0.230000	9.885065658e-18
0.235000	-1.053577228e-02
0.240000	-2.089127458e-02
0.245000	-3.088932138e-02
0.250000	-4.035884332e-02
0.255000	-4.913781427e-02
0.260000	-5.707602358e-02
0.265000	-6.403764632e-02
0.270000	-6.990356716e-02
0.275000	-7.457341860e-02
0.280000	-7.796729816e-02
0.285000	-8.002713564e-02
0.290000	-8.071768664e-02
0.295000	-8.002713564e-02
0.300000	-7.796729816e-02
0.305000	-7.457341860e-02
0.310000	-6.990356716e-02
0.315000	-6.403764632e-02
0.320000	-5.707602358e-02
0.325000	-4.913781427e-02
0.330000	-4.035884332e-02
0.335000	-3.088932138e-02
0.340000	-2.089127458e-02
0.345000	-1.053577228e-02
0.350000	-1.977013132e-17
