Run12_HU12_s2p25
71	0
0.000000	0.000000000e+00
0.005000	1.707122384e-02
0.010000	3.275943864e-02
0.015000	4.579367856e-02
0.020000	5.511798698e-02
0.025000	5.997696390e-02
0.030000	5.997696390e-02
0.035000	5.511798698e-02
0.040000	4.579367856e-02
0.045000	3.275943864e-02
0.050000	1.707122384e-02
0.055000	7.420590599e-18
0.060000	-1.707122384e-02
0.065000	-3.275943864e-02
0.070000	-4.579367856e-02
0.075000	-5.511798698e-02
0.080000	-5.997696390e-02
0.085000	-5.997696390e-02
0.090000	-5.511798698e-02
0.095000	-4.579367856e-02
0.100000	-3.275943864e-02
0.105000	-1.707122384e-02
0.110000	-1.484118120e-17
0.115000	6.772996467e-03
0.120000	1.343010509e-02
0.125000	1.985742088e-02
0.130000	2.594497071e-02
0.135000	3.158859488e-02
0.140000	3.669172945e-02
0.145000	4.116705835e-02
0.150000	4.493800746e-02
0.155000	4.794005481e-02
0.160000	5.012183453e-02
0.165000	5.144601577e-02
0.170000	5.188994141e-02
0.175000	5.144601577e-02
0.180000	5.012183453e-02
0.185000	4.794005481e-02
0.190000	4.493800746e-02
0.195000	4.116705835e-02
0.200000	3.669172945e-02
0.205000	3.158859488e-02
0.210000	2.594497071e-02
0.215000	1.985742088e-02
0.220000	1.343010509e-02
0.225000	6.772996467e-03
0.230000	6.354685066e-18
0.235000	-6.772996467e-03
0.240000	-1.343010509e-02
0.245000	-1.985742088e-02
0.250000	-2.594497071e-02
0.255000	-3.158859488e-02
0.260000	-3.669172945e-02
0.265000	-4.116705835e-02
0.270000	-4.493800746e-02
0.275000	-4.794005481e-02
0.280000	-5.012183453e-02
0.285000	-5.144601577e-02
0.290000	-5.188994141e-02
0.295000	-5.144601577e-02
0.300000	-5.012183453e-02
0.305000	-4.794005481e-02
0.310000	-4.493800746e-02
0.315000	-4.116705835e-02
0.320000	-3.669172945e-02
0.325000	-3.158859488e-02
0.330000	-2.594497071e-02
0.335000	-1.985742088e-02
0.340000	-1.343010509e-02
0.345000	-6.772996467e-03
0.350000	-1.270937013e-17
