Run18_HU12_s4p50
71	0
0.000000	0.000000000e+00
0.005000	3.414244767e-02
0.010000	6.551887728e-02
0.015000	9.158735711e-02
0.020000	1.102359740e-01
0.025000	1.199539278e-01
0.030000	1.199539278e-01
0.035000	1.102359740e-01
0.040000	9.158735711e-02
0.045000	6.551887728e-02
0.050000	3.414244767e-02
0.055000	1.484118120e-17
0.060000	-3.414244767e-02
0.065000	-6.551887728e-02
0.070000	-9.158735711e-02
0.075000	-1.102359740e-01
0.080000	-1.199539278e-01
0.085000	-1.199539278e-01
0.090000	-1.102359740e-01
0.095000	-9.158735711e-02
0.100000	-6.551887728e-02
0.105000	-3.414244767e-02
0.110000	-2.968236240e-17
0.115000	1.354599293e-02
0.120000	2.686021017e-02
0.125000	3.971484177e-02
0.130000	5.188994141e-02
0.135000	6.317718977e-02
0.140000	7.338345889e-02
0.145000	8.233411669e-02
0.150000	8.987601493e-02
0.155000	9.588010963e-02
0.160000	1.002436691e-01
0.165000	1.028920315e-01
0.170000	1.037798828e-01
0.175000	1.028920315e-01
0.180000	1.002436691e-01
0.185000	9.588010963e-02
0.190000	8.987601493e-02
0.195000	8.233411669e-02
0.200000	7.338345889e-02
0.205000	6.317718977e-02
0.210000	5.188994141e-02
0.215000	3.971484177e-02
0.220000	2.686021017e-02
0.225000	1.354599293e-02
0.230000	1.270937013e-17
0.235000	-1.354599293e-02
0.240000	-2.686021017e-02
0.245000	-3.971484177e-02
0.250000	-5.188994141e-02
0.255000	-6.317718977e-02
0.260000	-7.338345889e-02
0.265000	-8.233411669e-02
0.270000	-8.987601493e-02
0.275000	-9.588010963e-02
0.280000	-1.002436691e-01
0.285000	-1.028920315e-01
0.290000	-1.037798828e-01
0.295000	-1.028920315e-01
0.300000	-1.002436691e-01
0.305000	-9.588010963e-02
0.310000	-8.987601493e-02
0.315000	-8.233411669e-02
0.320000	-7.338345889e-02
0.325000	-6.317718977e-02
0.330000	-5.188994141e-02
0.335000	-3.971484177e-02
0.340000	-2.686021017e-02
0.345000	-1.354599293e-02
0.350000	-2.541874026e-17
