Run23_FR76_s1p50
373	0
0.000000	0.000000000000e+00
0.001000	1.518041810805e-03
0.002000	3.031307300453e-03
0.003000	4.535035175857e-03
0.004000	6.024494152797e-03
0.005000	7.494997842283e-03
0.006000	8.941919495676e-03
0.007000	1.036070656214e-02
0.008000	1.174689501268e-02
0.009000	1.309612338556e-02
0.010000	1.440414650918e-02
0.011000	1.566684885886e-02
0.012000	1.688025750586e-02
0.013000	1.804055461764e-02
0.014000	1.914408947024e-02
0.015000	2.018738993473e-02
0.016000	2.116717340188e-02
0.017000	2.208035711040e-02
0.018000	2.292406784650e-02
0.019000	2.369565098408e-02
0.020000	2.439267883711e-02
0.021000	2.501295829810e-02
0.022000	2.555453773837e-02
0.023000	2.601571314866e-02
0.024000	2.639503350049e-02
0.025000	2.669130531171e-02
0.026000	2.690359640158e-02
0.027000	2.703123882381e-02
0.028000	2.707383096810e-02
0.029000	2.703123882381e-02
0.030000	2.690359640158e-02
0.031000	2.669130531171e-02
0.032000	2.639503350049e-02
0.033000	2.601571314866e-02
0.034000	2.555453773837e-02
0.035000	2.501295829810e-02
0.036000	2.439267883711e-02
0.037000	2.369565098408e-02
0.038000	2.292406784650e-02
0.039000	2.208035711040e-02
0.040000	2.116717340188e-02
0.041000	2.018738993473e-02
0.042000	1.914408947024e-02
0.043000	1.804055461764e-02
0.044000	1.688025750586e-02
0.045000	1.566684885886e-02
0.046000	1.440414650918e-02
0.047000	1.309612338556e-02
0.048000	1.174689501268e-02
0.049000	1.036070656214e-02
0.050000	8.941919495676e-03
0.051000	7.494997842283e-03
0.052000	6.024494152797e-03
0.053000	4.535035175857e-03
0.054000	3.031307300453e-03
0.055000	1.518041810805e-03
0.056000	3.315588043574e-18
0.057000	-1.518041810805e-03
0.058000	-3.031307300453e-03
0.059000	-4.535035175857e-03
0.060000	-6.024494152797e-03
0.061000	-7.494997842283e-03
0.062000	-8.941919495676e-03
0.063000	-1.036070656214e-02
0.064000	-1.174689501268e-02
0.065000	-1.309612338556e-02
0.066000	-1.440414650918e-02
0.067000	-1.566684885886e-02
0.068000	-1.688025750586e-02
0.069000	-1.804055461764e-02
0.070000	-1.914408947024e-02
0.071000	-2.018738993473e-02
0.072000	-2.116717340188e-02
0.073000	-2.208035711040e-02
0.074000	-2.292406784650e-02
0.075000	-2.369565098408e-02
0.076000	-2.439267883711e-02
0.077000	-2.501295829810e-02
0.078000	-2.555453773837e-02
0.079000	-2.601571314866e-02
0.080000	-2.639503350049e-02
0.081000	-2.669130531171e-02
0.082000	-2.690359640158e-02
0.083000	-2.703123882381e-02
0.084000	-2.707383096810e-02
0.085000	-2.703123882381e-02
0.086000	-2.690359640158e-02
0.087000	-2.669130531171e-02
0.088000	-2.639503350049e-02
0.089000	-2.601571314866e-02
0.090000	-2.555453773837e-02
0.091000	-2.501295829810e-02
0.092000	-2.439267883711e-02
0.093000	-2.369565098408e-02
0.094000	-2.292406784650e-02
0.095000	-2.208035711040e-02
0.096000	-2.116717340188e-02
0.097000	-2.018738993473e-02
0.098000	-1.914408947024e-02
0.099000	-1.804055461764e-02
0.100000	-1.688025750586e-02
0.101000	-1.566684885886e-02
0.102000	-1.440414650918e-02
0.103000	-1.309612338556e-02
0.104000	-1.174689501268e-02
0.105000	-1.036070656214e-02
0.106000	-8.941919495676e-03
0.107000	-7.494997842283e-03
0.108000	-6.024494152797e-03
0.109000	-4.535035175857e-03
0.110000	-3.031307300453e-03
0.111000	-1.518041810805e-03
0.112000	0.000000000000e+00
0.113000	4.149607174364e-03
0.114000	8.296791094993e-03
0.115000	1.243912992326e-02
0.116000	1.657420464995e-02
0.117000	2.069960050786e-02
0.118000	2.481290838197e-02
0.119000	2.891172621634e-02
0.120000	3.299366041676e-02
0.121000	3.705632724861e-02
0.122000	4.109735422886e-02
0.123000	4.511438151157e-02
0.124000	4.910506326591e-02
0.125000	5.306706904612e-02
0.126000	5.699808515240e-02
0.127000	6.089581598204e-02
0.128000	6.475798536999e-02
0.129000	6.858233791809e-02
0.130000	7.236664031216e-02
0.131000	7.610868262616e-02
0.132000	7.980627961275e-02
0.133000	8.345727197943e-02
0.134000	8.705952764946e-02
0.135000	9.061094300697e-02
0.136000	9.410944412540e-02
0.137000	9.755298797862e-02
0.138000	1.009395636340e-01
0.139000	1.042671934267e-01
0.140000	1.075339341147e-01
0.141000	1.107378780133e-01
0.142000	1.138771541096e-01
0.143000	1.169499291547e-01
0.144000	1.199544087345e-01
0.145000	1.228888383176e-01
0.146000	1.257515042797e-01
0.147000	1.285407349046e-01
0.148000	1.312549013600e-01
0.149000	1.338924186492e-01
0.150000	1.364517465364e-01
0.151000	1.389313904461e-01
0.152000	1.413299023362e-01
0.153000	1.436458815432e-01
0.154000	1.458779756005e-01
0.155000	1.480248810280e-01
0.156000	1.500853440935e-01
0.157000	1.520581615444e-01
0.158000	1.539421813111e-01
0.159000	1.557363031789e-01
0.160000	1.574394794313e-01
0.161000	1.590507154612e-01
0.162000	1.605690703523e-01
0.163000	1.619936574279e-01
0.164000	1.633236447694e-01
0.165000	1.645582557016e-01
0.166000	1.656967692465e-01
0.167000	1.667385205443e-01
0.168000	1.676829012414e-01
0.169000	1.685293598463e-01
0.170000	1.692774020509e-01
0.171000	1.699265910196e-01
0.172000	1.704765476443e-01
0.173000	1.709269507659e-01
0.174000	1.712775373616e-01
0.175000	1.715281026987e-01
0.176000	1.716785004542e-01
0.177000	1.717286427999e-01
0.178000	1.716785004542e-01
0.179000	1.715281026987e-01
0.180000	1.712775373616e-01
0.181000	1.709269507659e-01
0.182000	1.704765476443e-01
0.183000	1.699265910196e-01
0.184000	1.692774020509e-01
0.185000	1.685293598463e-01
0.186000	1.676829012414e-01
0.187000	1.667385205443e-01
0.188000	1.656967692465e-01
0.189000	1.645582557016e-01
0.190000	1.633236447694e-01
0.191000	1.619936574279e-01
0.192000	1.605690703523e-01
0.193000	1.590507154612e-01
0.194000	1.574394794313e-01
0.195000	1.557363031789e-01
0.196000	1.539421813111e-01
0.197000	1.520581615444e-01
0.198000	1.500853440935e-01
0.199000	1.480248810280e-01
0.200000	1.458779756005e-01
0.201000	1.436458815432e-01
0.202000	1.413299023362e-01
0.203000	1.389313904461e-01
0.204000	1.364517465364e-01
0.205000	1.338924186492e-01
0.206000	1.312549013600e-01
0.207000	1.285407349046e-01
0.208000	1.257515042797e-01
0.209000	1.228888383176e-01
0.210000	1.199544087345e-01
0.211000	1.169499291547e-01
0.212000	1.138771541096e-01
0.213000	1.107378780133e-01
0.214000	1.075339341147e-01
0.215000	1.042671934267e-01
0.216000	1.009395636340e-01
0.217000	9.755298797862e-02
0.218000	9.410944412540e-02
0.219000	9.061094300697e-02
0.220000	8.705952764946e-02
0.221000	8.345727197943e-02
0.222000	7.980627961275e-02
0.223000	7.610868262616e-02
0.224000	7.236664031216e-02
0.225000	6.858233791809e-02
0.226000	6.475798536999e-02
0.227000	6.089581598204e-02
0.228000	5.699808515240e-02
0.229000	5.306706904612e-02
0.230000	4.910506326591e-02
0.231000	4.511438151157e-02
0.232000	4.109735422886e-02
0.233000	3.705632724861e-02
0.234000	3.299366041676e-02
0.235000	2.891172621634e-02
0.236000	2.481290838197e-02
0.237000	2.069960050786e-02
0.238000	1.657420464995e-02
0.239000	1.243912992326e-02
0.240000	8.296791094993e-03
0.241000	4.149607174364e-03
0.242000	2.103069327268e-17
0.243000	-4.149607174364e-03
0.244000	-8.296791094993e-03
0.245000	-1.243912992326e-02
0.246000	-1.657420464995e-02
0.247000	-2.069960050786e-02
0.248000	-2.481290838197e-02
0.249000	-2.891172621634e-02
0.250000	-3.299366041676e-02
0.251000	-3.705632724861e-02
0.252000	-4.109735422886e-02
0.253000	-4.511438151157e-02
0.254000	-4.910506326591e-02
0.255000	-5.306706904612e-02
0.256000	-5.699808515240e-02
0.257000	-6.089581598204e-02
0.258000	-6.475798536999e-02
0.259000	-6.858233791809e-02
0.260000	-7.236664031216e-02
0.261000	-7.610868262616e-02
0.262000	-7.980627961275e-02
0.263000	-8.345727197943e-02
0.264000	-8.705952764946e-02
0.265000	-9.061094300697e-02
0.266000	-9.410944412540e-02
0.267000	-9.755298797862e-02
0.268000	-1.009395636340e-01
0.269000	-1.042671934267e-01
0.270000	-1.075339341147e-01
0.271000	-1.107378780133e-01
0.272000	-1.138771541096e-01
0.273000	-1.169499291547e-01
0.274000	-1.199544087345e-01
0.275000	-1.228888383176e-01
0.276000	-1.257515042797e-01
0.277000	-1.285407349046e-01
0.278000	-1.312549013600e-01
0.279000	-1.338924186492e-01
0.280000	-1.364517465364e-01
0.281000	-1.389313904461e-01
0.282000	-1.413299023362e-01
0.283000	-1.436458815432e-01
0.284000	-1.458779756005e-01
0.285000	-1.480248810280e-01
0.286000	-1.500853440935e-01
0.287000	-1.520581615444e-01
0.288000	-1.539421813111e-01
0.289000	-1.557363031789e-01
0.290000	-1.574394794313e-01
0.291000	-1.590507154612e-01
0.292000	-1.605690703523e-01
0.293000	-1.619936574279e-01
0.294000	-1.633236447694e-01
0.295000	-1.645582557016e-01
0.296000	-1.656967692465e-01
0.297000	-1.667385205443e-01
0.298000	-1.676829012414e-01
0.299000	-1.685293598463e-01
0.300000	-1.692774020509e-01
0.301000	-1.699265910196e-01
0.302000	-1.704765476443e-01
0.303000	-1.709269507659e-01
0.304000	-1.712775373616e-01
0.305000	-1.715281026987e-01
0.306000	-1.716785004542e-01
0.307000	-1.717286427999e-01
0.308000	-1.716785004542e-01
0.309000	-1.715281026987e-01
0.310000	-1.712775373616e-01
0.311000	-1.709269507659e-01
0.312000	-1.704765476443e-01
0.313000	-1.699265910196e-01
0.314000	-1.692774020509e-01
0.315000	-1.685293598463e-01
0.316000	-1.676829012414e-01
0.317000	-1.667385205443e-01
0.318000	-1.656967692465e-01
0.319000	-1.645582557016e-01
0.320000	-1.633236447694e-01
0.321000	-1.619936574279e-01
0.322000	-1.605690703523e-01
0.323000	-1.590507154612e-01
0.324000	-1.574394794313e-01
0.325000	-1.557363031789e-01
0.326000	-1.539421813111e-01
0.327000	-1.520581615444e-01
0.328000	-1.500853440935e-01
0.329000	-1.480248810280e-01
0.330000	-1.458779756005e-01
0.331000	-1.436458815432e-01
0.332000	-1.413299023362e-01
0.333000	-1.389313904461e-01
0.334000	-1.364517465364e-01
0.335000	-1.338924186492e-01
0.336000	-1.312549013600e-01
0.337000	-1.285407349046e-01
0.338000	-1.257515042797e-01
0.339000	-1.228888383176e-01
0.340000	-1.199544087345e-01
0.341000	-1.169499291547e-01
0.342000	-1.138771541096e-01
0.343000	-1.107378780133e-01
0.344000	-1.075339341147e-01
0.345000	-1.042671934267e-01
0.346000	-1.009395636340e-01
0.347000	-9.755298797862e-02
0.348000	-9.410944412540e-02
0.349000	-9.061094300697e-02
0.350000	-8.705952764946e-02
0.351000	-8.345727197943e-02
0.352000	-7.980627961275e-02
0.353000	-7.610868262616e-02
0.354000	-7.236664031216e-02
0.355000	-6.858233791809e-02
0.356000	-6.475798536999e-02
0.357000	-6.089581598204e-02
0.358000	-5.699808515240e-02
0.359000	-5.306706904612e-02
0.360000	-4.910506326591e-02
0.361000	-4.511438151157e-02
0.362000	-4.109735422886e-02
0.363000	-3.705632724861e-02
0.364000	-3.299366041676e-02
0.365000	-2.891172621634e-02
0.366000	-2.481290838197e-02
0.367000	-2.069960050786e-02
0.368000	-1.657420464995e-02
0.369000	-1.243912992326e-02
0.370000	-8.296791094993e-03
0.371000	-4.149607174364e-03
0.372000	0.000000000000e+00
