Run22_FR76_s1p00
373	0
0.000000	0.000000000000e+00
0.001000	1.012027873871e-03
0.002000	2.020871533636e-03
0.003000	3.023356783906e-03
0.004000	4.016329435200e-03
0.005000	4.996665228191e-03
0.006000	5.961279663787e-03
0.007000	6.907137708099e-03
0.008000	7.831263341787e-03
0.009000	8.730748923713e-03
0.010000	9.602764339459e-03
0.011000	1.044456590591e-02
0.012000	1.125350500391e-02
0.013000	1.202703641177e-02
0.014000	1.276272631350e-02
0.015000	1.345825995650e-02
0.016000	1.411144893459e-02
0.017000	1.472023807361e-02
0.018000	1.528271189768e-02
0.019000	1.579710065606e-02
0.020000	1.626178589141e-02
0.021000	1.667530553207e-02
0.022000	1.703635849226e-02
0.023000	1.734380876578e-02
0.024000	1.759668900034e-02
0.025000	1.779420354115e-02
0.026000	1.793573093440e-02
0.027000	1.802082588255e-02
0.028000	1.804922064541e-02
0.029000	1.802082588255e-02
0.030000	1.793573093440e-02
0.031000	1.779420354115e-02
0.032000	1.759668900034e-02
0.033000	1.734380876578e-02
0.034000	1.703635849226e-02
0.035000	1.667530553207e-02
0.036000	1.626178589141e-02
0.037000	1.579710065606e-02
0.038000	1.528271189768e-02
0.039000	1.472023807361e-02
0.040000	1.411144893459e-02
0.041000	1.345825995650e-02
0.042000	1.276272631350e-02
0.043000	1.202703641177e-02
0.044000	1.125350500391e-02
0.045000	1.044456590591e-02
0.046000	9.602764339459e-03
0.047000	8.730748923713e-03
0.048000	7.831263341787e-03
0.049000	6.907137708099e-03
0.050000	5.961279663787e-03
0.051000	4.996665228191e-03
0.052000	4.016329435200e-03
0.053000	3.023356783906e-03
0.054000	2.020871533636e-03
0.055000	1.012027873871e-03
0.056000	2.210392029050e-18
0.057000	-1.012027873871e-03
0.058000	-2.020871533636e-03
0.059000	-3.023356783906e-03
0.060000	-4.016329435200e-03
0.061000	-4.996665228191e-03
0.062000	-5.961279663787e-03
0.063000	-6.907137708099e-03
0.064000	-7.831263341787e-03
0.065000	-8.730748923713e-03
0.066000	-9.602764339459e-03
0.067000	-1.044456590591e-02
0.068000	-1.125350500391e-02
0.069000	-1.202703641177e-02
0.070000	-1.276272631350e-02
0.071000	-1.345825995650e-02
0.072000	-1.411144893459e-02
0.073000	-1.472023807361e-02
0.074000	-1.528271189768e-02
0.075000	-1.579710065606e-02
0.076000	-1.626178589141e-02
0.077000	-1.667530553207e-02
0.078000	-1.703635849226e-02
0.079000	-1.734380876578e-02
0.080000	-1.759668900034e-02
0.081000	-1.779420354115e-02
0.082000	-1.793573093440e-02
0.083000	-1.802082588255e-02
0.084000	-1.804922064541e-02
0.085000	-1.802082588255e-02
0.086000	-1.793573093440e-02
0.087000	-1.779420354115e-02
0.088000	-1.759668900034e-02
0.089000	-1.734380876578e-02
0.090000	-1.703635849226e-02
0.091000	-1.667530553207e-02
0.092000	-1.626178589141e-02
0.093000	-1.579710065606e-02
0.094000	-1.528271189768e-02
0.095000	-1.472023807361e-02
0.096000	-1.411144893459e-02
0.097000	-1.345825995650e-02
0.098000	-1.276272631350e-02
0.099000	-1.202703641177e-02
0.100000	-1.125350500391e-02
0.101000	-1.044456590591e-02
0.102000	-9.602764339459e-03
0.103000	-8.730748923713e-03
0.104000	-7.831263341787e-03
0.105000	-6.907137708099e-03
0.106000	-5.961279663787e-03
0.107000	-4.996665228191e-03
0.108000	-4.016329435200e-03
0.109000	-3.023356783906e-03
0.110000	-2.020871533636e-03
0.111000	-1.012027873871e-03
0.112000	0.000000000000e+00
0.113000	2.766404782909e-03
0.114000	5.531194063328e-03
0.115000	8.292753282175e-03
0.116000	1.104946976663e-02
0.117000	1.379973367190e-02
0.118000	1.654193892131e-02
0.119000	1.927448414422e-02
0.120000	2.199577361117e-02
0.121000	2.470421816574e-02
0.122000	2.739823615257e-02
0.123000	3.007625434104e-02
0.124000	3.273670884394e-02
0.125000	3.537804603075e-02
0.126000	3.799872343493e-02
0.127000	4.059721065469e-02
0.128000	4.317199024666e-02
0.129000	4.572155861206e-02
0.130000	4.824442687477e-02
0.131000	5.073912175077e-02
0.132000	5.320418640850e-02
0.133000	5.563818131962e-02
0.134000	5.803968509963e-02
0.135000	6.040729533797e-02
0.136000	6.273962941693e-02
0.137000	6.503532531908e-02
0.138000	6.729304242266e-02
0.139000	6.951146228447e-02
0.140000	7.168928940977e-02
0.141000	7.382525200885e-02
0.142000	7.591810273971e-02
0.143000	7.796661943645e-02
0.144000	7.996960582301e-02
0.145000	8.192589221175e-02
0.146000	8.383433618649e-02
0.147000	8.569382326971e-02
0.148000	8.750326757332e-02
0.149000	8.926161243279e-02
0.150000	9.096783102423e-02
0.151000	9.262092696405e-02
0.152000	9.421993489076e-02
0.153000	9.576392102877e-02
0.154000	9.725198373364e-02
0.155000	9.868325401867e-02
0.156000	1.000568960623e-01
0.157000	1.013721076963e-01
0.158000	1.026281208741e-01
0.159000	1.038242021193e-01
0.160000	1.049596529542e-01
0.161000	1.060338103075e-01
0.162000	1.070460469015e-01
0.163000	1.079957716186e-01
0.164000	1.088824298463e-01
0.165000	1.097055038011e-01
0.166000	1.104645128310e-01
0.167000	1.111590136962e-01
0.168000	1.117886008276e-01
0.169000	1.123529065642e-01
0.170000	1.128516013672e-01
0.171000	1.132843940130e-01
0.172000	1.136510317629e-01
0.173000	1.139513005106e-01
0.174000	1.141850249077e-01
0.175000	1.143520684658e-01
0.176000	1.144523336361e-01
0.177000	1.144857618666e-01
0.178000	1.144523336361e-01
0.179000	1.143520684658e-01
0.180000	1.141850249077e-01
0.181000	1.139513005106e-01
0.182000	1.136510317629e-01
0.183000	1.132843940130e-01
0.184000	1.128516013672e-01
0.185000	1.123529065642e-01
0.186000	1.117886008276e-01
0.187000	1.111590136962e-01
0.188000	1.104645128310e-01
0.189000	1.097055038011e-01
0.190000	1.088824298463e-01
0.191000	1.079957716186e-01
0.192000	1.070460469015e-01
0.193000	1.060338103075e-01
0.194000	1.049596529542e-01
0.195000	1.038242021193e-01
0.196000	1.026281208741e-01
0.197000	1.013721076963e-01
0.198000	1.000568960623e-01
0.199000	9.868325401867e-02
0.200000	9.725198373364e-02
0.201000	9.576392102877e-02
0.202000	9.421993489076e-02
0.203000	9.262092696405e-02
0.204000	9.096783102423e-02
0.205000	8.926161243279e-02
0.206000	8.750326757332e-02
0.207000	8.569382326971e-02
0.208000	8.383433618649e-02
0.209000	8.192589221175e-02
0.210000	7.996960582301e-02
0.211000	7.796661943645e-02
0.212000	7.591810273971e-02
0.213000	7.382525200885e-02
0.214000	7.168928940977e-02
0.215000	6.951146228447e-02
0.216000	6.729304242266e-02
0.217000	6.503532531908e-02
0.218000	6.273962941693e-02
0.219000	6.040729533797e-02
0.220000	5.803968509963e-02
0.221000	5.563818131962e-02
0.222000	5.320418640850e-02
0.223000	5.073912175077e-02
0.224000	4.824442687477e-02
0.225000	4.572155861206e-02
0.226000	4.317199024666e-02
0.227000	4.059721065469e-02
0.228000	3.799872343493e-02
0.229000	3.537804603075e-02
0.230000	3.273670884394e-02
0.231000	3.007625434104e-02
0.232000	2.739823615258e-02
0.233000	2.470421816574e-02
0.234000	2.199577361117e-02
0.235000	1.927448414422e-02
0.236000	1.654193892131e-02
0.237000	1.379973367190e-02
0.238000	1.104946976663e-02
0.239000	8.292753282175e-03
0.240000	5.531194063328e-03
0.241000	2.766404782909e-03
0.242000	1.402046218179e-17
0.243000	-2.766404782909e-03
0.244000	-5.531194063328e-03
0.245000	-8.292753282175e-03
0.246000	-1.104946976663e-02
0.247000	-1.379973367190e-02
0.248000	-1.654193892131e-02
0.249000	-1.927448414422e-02
0.250000	-2.199577361117e-02
0.251000	-2.470421816574e-02
0.252000	-2.739823615257e-02
0.253000	-3.007625434104e-02
0.254000	-3.273670884394e-02
0.255000	-3.537804603075e-02
0.256000	-3.799872343493e-02
0.257000	-4.059721065469e-02
0.258000	-4.317199024666e-02
0.259000	-4.572155861206e-02
0.260000	-4.824442687477e-02
0.261000	-5.073912175077e-02
0.262000	-5.320418640850e-02
0.263000	-5.563818131962e-02
0.264000	-5.803968509963e-02
0.265000	-6.040729533797e-02
0.266000	-6.273962941693e-02
0.267000	-6.503532531908e-02
0.268000	-6.729304242266e-02
0.269000	-6.951146228447e-02
0.270000	-7.168928940977e-02
0.271000	-7.382525200885e-02
0.272000	-7.591810273971e-02
0.273000	-7.796661943645e-02
0.274000	-7.996960582301e-02
0.275000	-8.192589221175e-02
0.276000	-8.383433618649e-02
0.277000	-8.569382326971e-02
0.278000	-8.750326757332e-02
0.279000	-8.926161243279e-02
0.280000	-9.096783102423e-02
0.281000	-9.262092696405e-02
0.282000	-9.421993489076e-02
0.283000	-9.576392102877e-02
0.284000	-9.725198373364e-02
0.285000	-9.868325401867e-02
0.286000	-1.000568960623e-01
0.287000	-1.013721076963e-01
0.288000	-1.026281208741e-01
0.289000	-1.038242021193e-01
0.290000	-1.049596529542e-01
0.291000	-1.060338103075e-01
0.292000	-1.070460469015e-01
0.293000	-1.079957716186e-01
0.294000	-1.088824298463e-01
0.295000	-1.097055038011e-01
0.296000	-1.104645128310e-01
0.297000	-1.111590136962e-01
0.298000	-1.117886008276e-01
0.299000	-1.123529065642e-01
0.300000	-1.128516013672e-01
0.301000	-1.132843940130e-01
0.302000	-1.136510317629e-01
0.303000	-1.139513005106e-01
0.304000	-1.141850249077e-01
0.305000	-1.143520684658e-01
0.306000	-1.144523336361e-01
0.307000	-1.144857618666e-01
0.308000	-1.144523336361e-01
0.309000	-1.143520684658e-01
0.310000	-1.141850249077e-01
0.311000	-1.139513005106e-01
0.312000	-1.136510317629e-01
0.313000	-1.132843940130e-01
0.314000	-1.128516013672e-01
0.315000	-1.123529065642e-01
0.316000	-1.117886008276e-01
0.317000	-1.111590136962e-01
0.318000	-1.104645128310e-01
0.319000	-1.097055038011e-01
0.320000	-1.088824298463e-01
0.321000	-1.079957716186e-01
0.322000	-1.070460469015e-01
0.323000	-1.060338103075e-01
0.324000	-1.049596529542e-01
0.325000	-1.038242021193e-01
0.326000	-1.026281208741e-01
0.327000	-1.013721076963e-01
0.328000	-1.000568960623e-01
0.329000	-9.868325401867e-02
0.330000	-9.725198373364e-02
0.331000	-9.576392102877e-02
0.332000	-9.421993489076e-02
0.333000	-9.262092696405e-02
0.334000	-9.096783102423e-02
0.335000	-8.926161243279e-02
0.336000	-8.750326757332e-02
0.337000	-8.569382326971e-02
0.338000	-8.383433618649e-02
0.339000	-8.192589221175e-02
0.340000	-7.996960582301e-02
0.341000	-7.796661943645e-02
0.342000	-7.591810273971e-02
0.343000	-7.382525200885e-02
0.344000	-7.168928940977e-02
0.345000	-6.951146228447e-02
0.346000	-6.729304242266e-02
0.347000	-6.503532531908e-02
0.348000	-6.273962941693e-02
0.349000	-6.040729533797e-02
0.350000	-5.803968509963e-02
0.351000	-5.563818131962e-02
0.352000	-5.320418640850e-02
0.353000	-5.073912175077e-02
0.354000	-4.824442687477e-02
0.355000	-4.572155861206e-02
0.356000	-4.317199024666e-02
0.357000	-4.059721065469e-02
0.358000	-3.799872343493e-02
0.359000	-3.537804603075e-02
0.360000	-3.273670884394e-02
0.361000	-3.007625434104e-02
0.362000	-2.739823615258e-02
0.363000	-2.470421816574e-02
0.364000	-2.199577361117e-02
0.365000	-1.927448414422e-02
0.366000	-1.654193892131e-02
0.367000	-1.379973367190e-02
0.368000	-1.104946976663e-02
0.369000	-8.292753282175e-03
0.370000	-5.531194063328e-03
0.371000	-2.766404782909e-03
0.372000	0.000000000000e+00
