Run25_FR76_s2p00
373	0
0.000000	0.000000000000e+00
0.001000	2.024055747741e-03
0.002000	4.041743067272e-03
0.003000	6.046713567812e-03
0.004000	8.032658870399e-03
0.005000	9.993330456382e-03
0.006000	1.192255932757e-02
0.007000	1.381427541620e-02
0.008000	1.566252668357e-02
0.009000	1.746149784743e-02
0.010000	1.920552867892e-02
0.011000	2.088913181183e-02
0.012000	2.250701000782e-02
0.013000	2.405407282354e-02
0.014000	2.552545262700e-02
0.015000	2.691651991299e-02
0.016000	2.822289786918e-02
0.017000	2.944047614721e-02
0.018000	3.056542379535e-02
0.019000	3.159420131212e-02
0.020000	3.252357178283e-02
0.021000	3.335061106414e-02
0.022000	3.407271698451e-02
0.023000	3.468761753156e-02
0.024000	3.519337800067e-02
0.025000	3.558840708230e-02
0.026000	3.587146186880e-02
0.027000	3.604165176509e-02
0.028000	3.609844129081e-02
0.029000	3.604165176509e-02
0.030000	3.587146186880e-02
0.031000	3.558840708230e-02
0.032000	3.519337800067e-02
0.033000	3.468761753156e-02
0.034000	3.407271698451e-02
0.035000	3.335061106414e-02
0.036000	3.252357178283e-02
0.037000	3.159420131212e-02
0.038000	3.056542379535e-02
0.039000	2.944047614721e-02
0.040000	2.822289786918e-02
0.041000	2.691651991299e-02
0.042000	2.552545262700e-02
0.043000	2.405407282354e-02
0.044000	2.250701000782e-02
0.045000	2.088913181183e-02
0.046000	1.920552867892e-02
0.047000	1.746149784743e-02
0.048000	1.566252668357e-02
0.049000	1.381427541620e-02
0.050000	1.192255932757e-02
0.051000	9.993330456382e-03
0.052000	8.032658870399e-03
0.053000	6.046713567812e-03
0.054000	4.041743067272e-03
0.055000	2.024055747741e-03
0.056000	4.420784058100e-18
0.057000	-2.024055747741e-03
0.058000	-4.041743067272e-03
0.059000	-6.046713567812e-03
0.060000	-8.032658870399e-03
0.061000	-9.993330456382e-03
0.062000	-1.192255932757e-02
0.063000	-1.381427541620e-02
0.064000	-1.566252668357e-02
0.065000	-1.746149784743e-02
0.066000	-1.920552867892e-02
0.067000	-2.088913181183e-02
0.068000	-2.250701000782e-02
0.069000	-2.405407282354e-02
0.070000	-2.552545262700e-02
0.071000	-2.691651991299e-02
0.072000	-2.822289786918e-02
0.073000	-2.944047614721e-02
0.074000	-3.056542379535e-02
0.075000	-3.159420131212e-02
0.076000	-3.252357178283e-02
0.077000	-3.335061106414e-02
0.078000	-3.407271698451e-02
0.079000	-3.468761753156e-02
0.080000	-3.519337800067e-02
0.081000	-3.558840708230e-02
0.082000	-3.587146186880e-02
0.083000	-3.604165176509e-02
0.084000	-3.609844129081e-02
0.085000	-3.604165176509e-02
0.086000	-3.587146186880e-02
0.087000	-3.558840708230e-02
0.088000	-3.519337800067e-02
0.089000	-3.468761753156e-02
0.090000	-3.407271698451e-02
0.091000	-3.335061106414e-02
0.092000	-3.252357178283e-02
0.093000	-3.159420131212e-02
0.094000	-3.056542379535e-02
0.095000	-2.944047614721e-02
0.096000	-2.822289786918e-02
0.097000	-2.691651991299e-02
0.098000	-2.552545262700e-02
0.099000	-2.405407282354e-02
0.100000	-2.250701000782e-02
0.101000	-2.088913181183e-02
0.102000	-1.920552867892e-02
0.103000	-1.746149784743e-02
0.104000	-1.566252668357e-02
0.105000	-1.381427541620e-02
0.106000	-1.192255932757e-02
0.107000	-9.993330456382e-03
0.108000	-8.032658870399e-03
0.109000	-6.046713567812e-03
0.110000	-4.041743067272e-03
0.111000	-2.024055747741e-03
0.112000	0.000000000000e+00
0.113000	5.532809565819e-03
0.114000	1.106238812666e-02
0.115000	1.658550656435e-02
0.116000	2.209893953326e-02
0.117000	2.759946734381e-02
0.118000	3.308387784263e-02
0.119000	3.854896828845e-02
0.120000	4.399154722234e-02
0.121000	4.940843633147e-02
0.122000	5.479647230515e-02
0.123000	6.015250868209e-02
0.124000	6.547341768788e-02
0.125000	7.075609206149e-02
0.126000	7.599744686986e-02
0.127000	8.119442130938e-02
0.128000	8.634398049331e-02
0.129000	9.144311722412e-02
0.130000	9.648885374954e-02
0.131000	1.014782435015e-01
0.132000	1.064083728170e-01
0.133000	1.112763626392e-01
0.134000	1.160793701993e-01
0.135000	1.208145906759e-01
0.136000	1.254792588339e-01
0.137000	1.300706506382e-01
0.138000	1.345860848453e-01
0.139000	1.390229245689e-01
0.140000	1.433785788195e-01
0.141000	1.476505040177e-01
0.142000	1.518362054794e-01
0.143000	1.559332388729e-01
0.144000	1.599392116460e-01
0.145000	1.638517844235e-01
0.146000	1.676686723730e-01
0.147000	1.713876465394e-01
0.148000	1.750065351466e-01
0.149000	1.785232248656e-01
0.150000	1.819356620485e-01
0.151000	1.852418539281e-01
0.152000	1.884398697815e-01
0.153000	1.915278420575e-01
0.154000	1.945039674673e-01
0.155000	1.973665080373e-01
0.156000	2.001137921246e-01
0.157000	2.027442153926e-01
0.158000	2.052562417481e-01
0.159000	2.076484042385e-01
0.160000	2.099193059084e-01
0.161000	2.120676206149e-01
0.162000	2.140920938030e-01
0.163000	2.159915432372e-01
0.164000	2.177648596925e-01
0.165000	2.194110076021e-01
0.166000	2.209290256620e-01
0.167000	2.223180273923e-01
0.168000	2.235772016552e-01
0.169000	2.247058131284e-01
0.170000	2.257032027345e-01
0.171000	2.265687880261e-01
0.172000	2.273020635257e-01
0.173000	2.279026010212e-01
0.174000	2.283700498155e-01
0.175000	2.287041369316e-01
0.176000	2.289046672723e-01
0.177000	2.289715237332e-01
0.178000	2.289046672723e-01
0.179000	2.287041369316e-01
0.180000	2.283700498155e-01
0.181000	2.279026010212e-01
0.182000	2.273020635257e-01
0.183000	2.265687880261e-01
0.184000	2.257032027345e-01
0.185000	2.247058131284e-01
0.186000	2.235772016552e-01
0.187000	2.223180273923e-01
0.188000	2.209290256620e-01
0.189000	2.194110076021e-01
0.190000	2.177648596925e-01
0.191000	2.159915432372e-01
0.192000	2.140920938030e-01
0.193000	2.120676206149e-01
0.194000	2.099193059084e-01
0.195000	2.076484042385e-01
0.196000	2.052562417481e-01
0.197000	2.027442153926e-01
0.198000	2.001137921246e-01
0.199000	1.973665080373e-01
0.200000	1.945039674673e-01
0.201000	1.915278420575e-01
0.202000	1.884398697815e-01
0.203000	1.852418539281e-01
0.204000	1.819356620485e-01
0.205000	1.785232248656e-01
0.206000	1.750065351466e-01
0.207000	1.713876465394e-01
0.208000	1.676686723730e-01
0.209000	1.638517844235e-01
0.210000	1.599392116460e-01
0.211000	1.559332388729e-01
0.212000	1.518362054794e-01
0.213000	1.476505040177e-01
0.214000	1.433785788195e-01
0.215000	1.390229245689e-01
0.216000	1.345860848453e-01
0.217000	1.300706506382e-01
0.218000	1.254792588339e-01
0.219000	1.208145906759e-01
0.220000	1.160793701993e-01
0.221000	1.112763626392e-01
0.222000	1.064083728170e-01
0.223000	1.014782435015e-01
0.224000	9.648885374954e-02
0.225000	9.144311722412e-02
0.226000	8.634398049331e-02
0.227000	8.119442130938e-02
0.228000	7.599744686986e-02
0.229000	7.075609206149e-02
0.230000	6.547341768788e-02
0.231000	6.015250868209e-02
0.232000	5.479647230515e-02
0.233000	4.940843633147e-02
0.234000	4.399154722234e-02
0.235000	3.854896828845e-02
0.236000	3.308387784263e-02
0.237000	2.759946734381e-02
0.238000	2.209893953326e-02
0.239000	1.658550656435e-02
0.240000	1.106238812666e-02
0.241000	5.532809565819e-03
0.242000	2.804092436358e-17
0.243000	-5.532809565819e-03
0.244000	-1.106238812666e-02
0.245000	-1.658550656435e-02
0.246000	-2.209893953326e-02
0.247000	-2.759946734381e-02
0.248000	-3.308387784263e-02
0.249000	-3.854896828845e-02
0.250000	-4.399154722234e-02
0.251000	-4.940843633147e-02
0.252000	-5.479647230515e-02
0.253000	-6.015250868209e-02
0.254000	-6.547341768788e-02
0.255000	-7.075609206149e-02
0.256000	-7.599744686986e-02
0.257000	-8.119442130938e-02
0.258000	-8.634398049331e-02
0.259000	-9.144311722412e-02
0.260000	-9.648885374954e-02
0.261000	-1.014782435015e-01
0.262000	-1.064083728170e-01
0.263000	-1.112763626392e-01
0.264000	-1.160793701993e-01
0.265000	-1.208145906759e-01
0.266000	-1.254792588339e-01
0.267000	-1.300706506382e-01
0.268000	-1.345860848453e-01
0.269000	-1.390229245689e-01
0.270000	-1.433785788195e-01
0.271000	-1.476505040177e-01
0.272000	-1.518362054794e-01
0.273000	-1.559332388729e-01
0.274000	-1.599392116460e-01
0.275000	-1.638517844235e-01
0.276000	-1.676686723730e-01
0.277000	-1.713876465394e-01
0.278000	-1.750065351466e-01
0.279000	-1.785232248656e-01
0.280000	-1.819356620485e-01
0.281000	-1.852418539281e-01
0.282000	-1.884398697815e-01
0.283000	-1.915278420575e-01
0.284000	-1.945039674673e-01
0.285000	-1.973665080373e-01
0.286000	-2.001137921246e-01
0.287000	-2.027442153926e-01
0.288000	-2.052562417481e-01
0.289000	-2.076484042385e-01
0.290000	-2.099193059084e-01
0.291000	-2.120676206149e-01
0.292000	-2.140920938030e-01
0.293000	-2.159915432372e-01
0.294000	-2.177648596925e-01
0.295000	-2.194110076021e-01
0.296000	-2.209290256620e-01
0.297000	-2.223180273923e-01
0.298000	-2.235772016552e-01
0.299000	-2.247058131284e-01
0.300000	-2.257032027345e-01
0.301000	-2.265687880261e-01
0.302000	-2.273020635257e-01
0.303000	-2.279026010212e-01
0.304000	-2.283700498155e-01
0.305000	-2.287041369316e-01
0.306000	-2.289046672723e-01
0.307000	-2.289715237332e-01
0.308000	-2.289046672723e-01
0.309000	-2.287041369316e-01
0.310000	-2.283700498155e-01
0.311000	-2.279026010212e-01
0.312000	-2.273020635257e-01
0.313000	-2.265687880261e-01
0.314000	-2.257032027345e-01
0.315000	-2.247058131284e-01
0.316000	-2.235772016552e-01
0.317000	-2.223180273923e-01
0.318000	-2.209290256620e-01
0.319000	-2.194110076021e-01
0.320000	-2.177648596925e-01
0.321000	-2.159915432372e-01
0.322000	-2.140920938030e-01
0.323000	-2.120676206149e-01
0.324000	-2.099193059084e-01
0.325000	-2.076484042385e-01
0.326000	-2.052562417481e-01
0.327000	-2.027442153926e-01
0.328000	-2.001137921246e-01
0.329000	-1.973665080373e-01
0.330000	-1.945039674673e-01
0.331000	-1.915278420575e-01
0.332000	-1.884398697815e-01
0.333000	-1.852418539281e-01
0.334000	-1.819356620485e-01
0.335000	-1.785232248656e-01
0.336000	-1.750065351466e-01
0.337000	-1.713876465394e-01
0.338000	-1.676686723730e-01
0.339000	-1.638517844235e-01
0.340000	-1.599392116460e-01
0.341000	-1.559332388729e-01
0.342000	-1.518362054794e-01
0.343000	-1.476505040177e-01
0.344000	-1.433785788195e-01
0.345000	-1.390229245689e-01
0.346000	-1.345860848453e-01
0.347000	-1.300706506382e-01
0.348000	-1.254792588339e-01
0.349000	-1.208145906759e-01
0.350000	-1.160793701993e-01
0.351000	-1.112763626392e-01
0.352000	-1.064083728170e-01
0.353000	-1.014782435015e-01
0.354000	-9.648885374954e-02
0.355000	-9.144311722412e-02
0.356000	-8.634398049331e-02
0.357000	-8.119442130938e-02
0.358000	-7.599744686986e-02
0.359000	-7.075609206149e-02
0.360000	-6.547341768788e-02
0.361000	-6.015250868209e-02
0.362000	-5.479647230515e-02
0.363000	-4.940843633147e-02
0.364000	-4.399154722234e-02
0.365000	-3.854896828845e-02
0.366000	-3.308387784263e-02
0.367000	-2.759946734381e-02
0.368000	-2.209893953326e-02
0.369000	-1.658550656435e-02
0.370000	-1.106238812666e-02
0.371000	-5.532809565819e-03
0.372000	0.000000000000e+00
