Run24_FR76_s1p75
373	0
0.000000	0.000000000000e+00
0.001000	1.771048779274e-03
0.002000	3.536525183863e-03
0.003000	5.290874371836e-03
0.004000	7.028576511599e-03
0.005000	8.744164149335e-03
0.006000	1.043223941163e-02
0.007000	1.208749098917e-02
0.008000	1.370471084813e-02
0.009000	1.527881061650e-02
0.010000	1.680483759405e-02
0.011000	1.827799033535e-02
0.012000	1.969363375684e-02
0.013000	2.104731372059e-02
0.014000	2.233477104862e-02
0.015000	2.355195492387e-02
0.016000	2.469503563553e-02
0.017000	2.576041662881e-02
0.018000	2.674474582093e-02
0.019000	2.764492614810e-02
0.020000	2.845812530997e-02
0.021000	2.918178468113e-02
0.022000	2.981362736145e-02
0.023000	3.035166534012e-02
0.024000	3.079420575059e-02
0.025000	3.113985619701e-02
0.026000	3.138752913520e-02
0.027000	3.153644529446e-02
0.028000	3.158613612946e-02
0.029000	3.153644529446e-02
0.030000	3.138752913520e-02
0.031000	3.113985619701e-02
0.032000	3.079420575059e-02
0.033000	3.035166534012e-02
0.034000	2.981362736145e-02
0.035000	2.918178468113e-02
0.036000	2.845812530997e-02
0.037000	2.764492614810e-02
0.038000	2.674474582093e-02
0.039000	2.576041662881e-02
0.040000	2.469503563553e-02
0.041000	2.355195492387e-02
0.042000	2.233477104862e-02
0.043000	2.104731372059e-02
0.044000	1.969363375684e-02
0.045000	1.827799033535e-02
0.046000	1.680483759405e-02
0.047000	1.527881061650e-02
0.048000	1.370471084813e-02
0.049000	1.208749098917e-02
0.050000	1.043223941163e-02
0.051000	8.744164149335e-03
0.052000	7.028576511599e-03
0.053000	5.290874371836e-03
0.054000	3.536525183863e-03
0.055000	1.771048779274e-03
0.056000	3.868186050838e-18
0.057000	-1.771048779274e-03
0.058000	-3.536525183863e-03
0.059000	-5.290874371836e-03
0.060000	-7.028576511599e-03
0.061000	-8.744164149335e-03
0.062000	-1.043223941163e-02
0.063000	-1.208749098917e-02
0.064000	-1.370471084813e-02
0.065000	-1.527881061650e-02
0.066000	-1.680483759405e-02
0.067000	-1.827799033535e-02
0.068000	-1.969363375684e-02
0.069000	-2.104731372059e-02
0.070000	-2.233477104862e-02
0.071000	-2.355195492387e-02
0.072000	-2.469503563553e-02
0.073000	-2.576041662881e-02
0.074000	-2.674474582093e-02
0.075000	-2.764492614810e-02
0.076000	-2.845812530997e-02
0.077000	-2.918178468113e-02
0.078000	-2.981362736145e-02
0.079000	-3.035166534012e-02
0.080000	-3.079420575059e-02
0.081000	-3.113985619701e-02
0.082000	-3.138752913520e-02
0.083000	-3.153644529446e-02
0.084000	-3.158613612946e-02
0.085000	-3.153644529446e-02
0.086000	-3.138752913520e-02
0.087000	-3.113985619701e-02
0.088000	-3.079420575059e-02
0.089000	-3.035166534012e-02
0.090000	-2.981362736145e-02
0.091000	-2.918178468113e-02
0.092000	-2.845812530997e-02
0.093000	-2.764492614810e-02
0.094000	-2.674474582093e-02
0.095000	-2.576041662881e-02
0.096000	-2.469503563553e-02
0.097000	-2.355195492387e-02
0.098000	-2.233477104862e-02
0.099000	-2.104731372059e-02
0.100000	-1.969363375684e-02
0.101000	-1.827799033535e-02
0.102000	-1.680483759405e-02
0.103000	-1.527881061650e-02
0.104000	-1.370471084813e-02
0.105000	-1.208749098917e-02
0.106000	-1.043223941163e-02
0.107000	-8.744164149335e-03
0.108000	-7.028576511599e-03
0.109000	-5.290874371836e-03
0.110000	-3.536525183863e-03
0.111000	-1.771048779274e-03
0.112000	0.000000000000e+00
0.113000	4.841208370091e-03
0.114000	9.679589610825e-03
0.115000	1.451231824381e-02
0.116000	1.933657209161e-02
0.117000	2.414953392583e-02
0.118000	2.894839311230e-02
0.119000	3.373034725239e-02
0.120000	3.849260381955e-02
0.121000	4.323238179004e-02
0.122000	4.794691326701e-02
0.123000	5.263344509683e-02
0.124000	5.728924047689e-02
0.125000	6.191158055381e-02
0.126000	6.649776601113e-02
0.127000	7.104511864570e-02
0.128000	7.555098293165e-02
0.129000	8.001272757111e-02
0.130000	8.442774703085e-02
0.131000	8.879346306385e-02
0.132000	9.310732621487e-02
0.133000	9.736681730933e-02
0.134000	1.015694489244e-01
0.135000	1.057127668415e-01
0.136000	1.097943514796e-01
0.137000	1.138118193084e-01
0.138000	1.177628242397e-01
0.139000	1.216450589978e-01
0.140000	1.254562564671e-01
0.141000	1.291941910155e-01
0.142000	1.328566797945e-01
0.143000	1.364415840138e-01
0.144000	1.399468101903e-01
0.145000	1.433703113706e-01
0.146000	1.467100883264e-01
0.147000	1.499641907220e-01
0.148000	1.531307182533e-01
0.149000	1.562078217574e-01
0.150000	1.591937042924e-01
0.151000	1.620866221871e-01
0.152000	1.648848860588e-01
0.153000	1.675868618003e-01
0.154000	1.701909715339e-01
0.155000	1.726956945327e-01
0.156000	1.750995681090e-01
0.157000	1.774011884685e-01
0.158000	1.795992115296e-01
0.159000	1.816923537087e-01
0.160000	1.836793926698e-01
0.161000	1.855591680381e-01
0.162000	1.873305820776e-01
0.163000	1.889926003325e-01
0.164000	1.905442522309e-01
0.165000	1.919846316519e-01
0.166000	1.933128974543e-01
0.167000	1.945282739683e-01
0.168000	1.956300514483e-01
0.169000	1.966175864874e-01
0.170000	1.974903023927e-01
0.171000	1.982476895228e-01
0.172000	1.988893055850e-01
0.173000	1.994147758935e-01
0.174000	1.998237935885e-01
0.175000	2.001161198152e-01
0.176000	2.002915838632e-01
0.177000	2.003500832666e-01
0.178000	2.002915838632e-01
0.179000	2.001161198152e-01
0.180000	1.998237935885e-01
0.181000	1.994147758935e-01
0.182000	1.988893055850e-01
0.183000	1.982476895228e-01
0.184000	1.974903023927e-01
0.185000	1.966175864874e-01
0.186000	1.956300514483e-01
0.187000	1.945282739683e-01
0.188000	1.933128974543e-01
0.189000	1.919846316519e-01
0.190000	1.905442522309e-01
0.191000	1.889926003325e-01
0.192000	1.873305820776e-01
0.193000	1.855591680381e-01
0.194000	1.836793926698e-01
0.195000	1.816923537087e-01
0.196000	1.795992115296e-01
0.197000	1.774011884685e-01
0.198000	1.750995681090e-01
0.199000	1.726956945327e-01
0.200000	1.701909715339e-01
0.201000	1.675868618003e-01
0.202000	1.648848860588e-01
0.203000	1.620866221871e-01
0.204000	1.591937042924e-01
0.205000	1.562078217574e-01
0.206000	1.531307182533e-01
0.207000	1.499641907220e-01
0.208000	1.467100883264e-01
0.209000	1.433703113706e-01
0.210000	1.399468101903e-01
0.211000	1.364415840138e-01
0.212000	1.328566797945e-01
0.213000	1.291941910155e-01
0.214000	1.254562564671e-01
0.215000	1.216450589978e-01
0.216000	1.177628242397e-01
0.217000	1.138118193084e-01
0.218000	1.097943514796e-01
0.219000	1.057127668415e-01
0.220000	1.015694489244e-01
0.221000	9.736681730933e-02
0.222000	9.310732621487e-02
0.223000	8.879346306385e-02
0.224000	8.442774703085e-02
0.225000	8.001272757111e-02
0.226000	7.555098293165e-02
0.227000	7.104511864570e-02
0.228000	6.649776601113e-02
0.229000	6.191158055381e-02
0.230000	5.728924047689e-02
0.231000	5.263344509683e-02
0.232000	4.794691326701e-02
0.233000	4.323238179004e-02
0.234000	3.849260381955e-02
0.235000	3.373034725239e-02
0.236000	2.894839311230e-02
0.237000	2.414953392583e-02
0.238000	1.933657209161e-02
0.239000	1.451231824381e-02
0.240000	9.679589610825e-03
0.241000	4.841208370091e-03
0.242000	2.453580881813e-17
0.243000	-4.841208370091e-03
0.244000	-9.679589610825e-03
0.245000	-1.451231824381e-02
0.246000	-1.933657209161e-02
0.247000	-2.414953392583e-02
0.248000	-2.894839311230e-02
0.249000	-3.373034725239e-02
0.250000	-3.849260381955e-02
0.251000	-4.323238179004e-02
0.252000	-4.794691326701e-02
0.253000	-5.263344509683e-02
0.254000	-5.728924047689e-02
0.255000	-6.191158055381e-02
0.256000	-6.649776601113e-02
0.257000	-7.104511864570e-02
0.258000	-7.555098293165e-02
0.259000	-8.001272757111e-02
0.260000	-8.442774703085e-02
0.261000	-8.879346306385e-02
0.262000	-9.310732621487e-02
0.263000	-9.736681730933e-02
0.264000	-1.015694489244e-01
0.265000	-1.057127668415e-01
0.266000	-1.097943514796e-01
0.267000	-1.138118193084e-01
0.268000	-1.177628242397e-01
0.269000	-1.216450589978e-01
0.270000	-1.254562564671e-01
0.271000	-1.291941910155e-01
0.272000	-1.328566797945e-01
0.273000	-1.364415840138e-01
0.274000	-1.399468101903e-01
0.275000	-1.433703113706e-01
0.276000	-1.467100883264e-01
0.277000	-1.499641907220e-01
0.278000	-1.531307182533e-01
0.279000	-1.562078217574e-01
0.280000	-1.591937042924e-01
0.281000	-1.620866221871e-01
0.282000	-1.648848860588e-01
0.283000	-1.675868618003e-01
0.284000	-1.701909715339e-01
0.285000	-1.726956945327e-01
0.286000	-1.750995681090e-01
0.287000	-1.774011884685e-01
0.288000	-1.795992115296e-01
0.289000	-1.816923537087e-01
0.290000	-1.836793926698e-01
0.291000	-1.855591680381e-01
0.292000	-1.873305820776e-01
0.293000	-1.889926003325e-01
0.294000	-1.905442522309e-01
0.295000	-1.919846316519e-01
0.296000	-1.933128974543e-01
0.297000	-1.945282739683e-01
0.298000	-1.956300514483e-01
0.299000	-1.966175864874e-01
0.300000	-1.974903023927e-01
0.301000	-1.982476895228e-01
0.302000	-1.988893055850e-01
0.303000	-1.994147758935e-01
0.304000	-1.998237935885e-01
0.305000	-2.001161198152e-01
0.306000	-2.002915838632e-01
0.307000	-2.003500832666e-01
0.308000	-2.002915838632e-01
0.309000	-2.001161198152e-01
0.310000	-1.998237935885e-01
0.311000	-1.994147758935e-01
0.312000	-1.988893055850e-01
0.313000	-1.982476895228e-01
0.314000	-1.974903023927e-01
0.315000	-1.966175864874e-01
0.316000	-1.956300514483e-01
0.317000	-1.945282739683e-01
0.318000	-1.933128974543e-01
0.319000	-1.919846316519e-01
0.320000	-1.905442522309e-01
0.321000	-1.889926003325e-01
0.322000	-1.873305820776e-01
0.323000	-1.855591680381e-01
0.324000	-1.836793926698e-01
0.325000	-1.816923537087e-01
0.326000	-1.795992115296e-01
0.327000	-1.774011884685e-01
0.328000	-1.750995681090e-01
0.329000	-1.726956945327e-01
0.330000	-1.701909715339e-01
0.331000	-1.675868618003e-01
0.332000	-1.648848860588e-01
0.333000	-1.620866221871e-01
0.334000	-1.591937042924e-01
0.335000	-1.562078217574e-01
0.336000	-1.531307182533e-01
0.337000	-1.499641907220e-01
0.338000	-1.467100883264e-01
0.339000	-1.433703113706e-01
0.340000	-1.399468101903e-01
0.341000	-1.364415840138e-01
0.342000	-1.328566797945e-01
0.343000	-1.291941910155e-01
0.344000	-1.254562564671e-01
0.345000	-1.216450589978e-01
0.346000	-1.177628242397e-01
0.347000	-1.138118193084e-01
0.348000	-1.097943514796e-01
0.349000	-1.057127668415e-01
0.350000	-1.015694489244e-01
0.351000	-9.736681730933e-02
0.352000	-9.310732621487e-02
0.353000	-8.879346306385e-02
0.354000	-8.442774703085e-02
0.355000	-8.001272757111e-02
0.356000	-7.555098293165e-02
0.357000	-7.104511864570e-02
0.358000	-6.649776601113e-02
0.359000	-6.191158055381e-02
0.360000	-5.728924047689e-02
0.361000	-5.263344509683e-02
0.362000	-4.794691326701e-02
0.363000	-4.323238179004e-02
0.364000	-3.849260381955e-02
0.365000	-3.373034725239e-02
0.366000	-2.894839311230e-02
0.367000	-2.414953392583e-02
0.368000	-1.933657209161e-02
0.369000	-1.451231824381e-02
0.370000	-9.679589610825e-03
0.371000	-4.841208370091e-03
0.372000	0.000000000000e+00
