StratC_run22_T0.3271
697	0
0.000000	0.000000000e+00
0.005000	6.763677640e-03
0.010000	1.346500243e-02
0.015000	2.004219635e-02
0.020000	2.643462569e-02
0.025000	3.258336006e-02
0.030000	3.843171565e-02
0.035000	4.392577775e-02
0.040000	4.901489782e-02
0.045000	5.365216040e-02
0.050000	5.779481558e-02
0.055000	6.140467314e-02
0.060000	6.444845461e-02
0.065000	6.689810003e-02
0.070000	6.873102666e-02
0.075000	6.993033717e-02
0.080000	7.048497537e-02
0.085000	7.038982818e-02
0.090000	6.964577273e-02
0.095000	6.825966832e-02
0.100000	6.624429312e-02
0.105000	6.361822644e-02
0.110000	6.040567741e-02
0.115000	5.663626180e-02
0.120000	5.234472902e-02
0.125000	4.757064177e-02
0.130000	4.235801130e-02
0.135000	3.675489169e-02
0.140000	3.081293686e-02
0.145000	2.458692439e-02
0.150000	1.813425050e-02
0.155000	1.151440097e-02
0.160000	4.788402722e-03
0.165000	-1.981738751e-03
0.170000	-8.733611012e-03
0.175000	-1.540497005e-02
0.180000	-2.193431407e-02
0.185000	-2.826145050e-02
0.190000	-3.432805088e-02
0.195000	-4.007818855e-02
0.200000	-4.545885426e-02
0.205000	-5.042044486e-02
0.210000	-5.491722052e-02
0.215000	-5.890772649e-02
0.220000	-6.235517515e-02
0.225000	-6.522778525e-02
0.230000	-6.749907483e-02
0.235000	-6.914810537e-02
0.240000	-7.015967483e-02
0.245000	-7.052445777e-02
0.250000	-7.023909133e-02
0.255000	-6.930620625e-02
0.260000	-6.773440259e-02
0.265000	-6.553817046e-02
0.270000	-6.273775643e-02
0.275000	-5.935897691e-02
0.280000	-5.543298011e-02
0.285000	-5.099595893e-02
0.290000	-4.608881728e-02
0.295000	-4.075679303e-02
0.300000	-3.504904092e-02
0.305000	-2.901817946e-02
0.310000	-2.271980582e-02
0.315000	-1.621198331e-02
0.320000	-9.554706124e-03
0.325000	-2.809346211e-03
0.330000	3.961912443e-03
0.335000	1.069664710e-02
0.340000	1.733277174e-02
0.345000	2.380910939e-02
0.350000	3.006595613e-02
0.355000	3.604563146e-02
0.360000	4.169301010e-02
0.365000	4.695603010e-02
0.370000	5.178617285e-02
0.375000	5.613891033e-02
0.380000	5.997411561e-02
0.385000	6.325643279e-02
0.390000	6.595560292e-02
0.395000	6.804674293e-02
0.400000	6.951057507e-02
0.405000	7.033360460e-02
0.410000	7.050824419e-02
0.415000	7.003288387e-02
0.420000	6.891190589e-02
0.425000	6.715564430e-02
0.430000	6.478028968e-02
0.435000	6.180773991e-02
0.440000	5.826539825e-02
0.445000	5.418592078e-02
0.450000	4.960691529e-02
0.455000	4.457059462e-02
0.460000	3.912338750e-02
0.465000	3.331551053e-02
0.470000	2.720050524e-02
0.475000	2.083474451e-02
0.480000	1.427691288e-02
0.485000	7.587465546e-03
0.490000	8.280710475e-04
0.495000	-5.938957255e-03
0.500000	-1.265123563e-02
0.505000	-1.924688505e-02
0.510000	-2.566510170e-02
0.515000	-3.184671746e-02
0.520000	-3.773474538e-02
0.525000	-4.327490502e-02
0.530000	-4.841612290e-02
0.535000	-5.311100324e-02
0.540000	-5.731626500e-02
0.545000	-6.099314079e-02
0.550000	-6.410773431e-02
0.555000	-6.663133281e-02
0.560000	-6.854067179e-02
0.565000	-6.981814949e-02
0.570000	-7.045198911e-02
0.575000	-7.043634743e-02
0.580000	-6.977136865e-02
0.585000	-6.846318306e-02
0.590000	-6.652385052e-02
0.595000	-6.397124933e-02
0.600000	-6.082891135e-02
0.605000	-5.712580508e-02
0.610000	-5.289606866e-02
0.615000	-4.817869509e-02
0.620000	-4.301717278e-02
0.625000	-3.745908468e-02
0.630000	-3.155566956e-02
0.635000	-2.536134970e-02
0.640000	-1.893322917e-02
0.645000	-1.233056740e-02
0.650000	-5.614232845e-03
0.655000	1.153858077e-03
0.660000	7.911311836e-03
0.665000	1.459583296e-02
0.670000	2.114579833e-02
0.675000	2.750082527e-02
0.680000	3.360232818e-02
0.685000	3.939405866e-02
0.690000	4.482262403e-02
0.695000	4.983797954e-02
0.700000	5.439388975e-02
0.705000	5.844835472e-02
0.710000	6.196399725e-02
0.715000	6.490840739e-02
0.720000	6.725444128e-02
0.725000	6.898047136e-02
0.730000	7.007058573e-02
0.735000	7.051473488e-02
0.740000	7.030882428e-02
0.745000	6.945475219e-02
0.750000	6.796039211e-02
0.755000	6.583952021e-02
0.760000	6.311168833e-02
0.765000	5.980204377e-02
0.770000	5.594109739e-02
0.775000	5.156444241e-02
0.780000	4.671242625e-02
0.785000	4.142977856e-02
0.790000	3.576519891e-02
0.795000	2.977090781e-02
0.800000	2.350216529e-02
0.805000	1.701676151e-02
0.810000	1.037448397e-02
0.815000	3.636566359e-03
0.820000	-3.134875953e-03
0.825000	-9.877418538e-03
0.830000	-1.652890339e-02
0.835000	-2.302801193e-02
0.840000	-2.931483033e-02
0.845000	-3.533140179e-02
0.850000	-4.102226088e-02
0.855000	-4.633494482e-02
0.860000	-5.122047715e-02
0.865000	-5.563381924e-02
0.870000	-5.953428545e-02
0.875000	-6.288591826e-02
0.880000	-6.565781971e-02
0.885000	-6.782443623e-02
0.890000	-6.936579429e-02
0.895000	-7.026768444e-02
0.900000	-7.052179234e-02
0.905000	-7.012577545e-02
0.910000	-6.908328455e-02
0.915000	-6.740393013e-02
0.920000	-6.510319379e-02
0.925000	-6.220228551e-02
0.930000	-5.872794813e-02
0.935000	-5.471221078e-02
0.940000	-5.019209367e-02
0.945000	-4.520926675e-02
0.950000	-3.980966560e-02
0.955000	-3.404306795e-02
0.960000	-2.796263479e-02
0.965000	-2.162442028e-02
0.970000	-1.508685503e-02
0.975000	-8.410207403e-03
0.980000	-1.656027932e-03
0.985000	-1.656027932e-03
0.990000	-1.652040819e-03
0.995000	-1.640117876e-03
1.000000	-1.620373929e-03
1.005000	-1.592999122e-03
1.010000	-1.558257090e-03
1.015000	-1.516482418e-03
1.020000	-1.468077418e-03
1.025000	-1.413508257e-03
1.030000	-1.353300466e-03
1.035000	-1.288033878e-03
1.040000	-1.218337048e-03
1.045000	-1.144881193e-03
1.050000	-1.068373733e-03
1.055000	-9.895514775e-04
1.060000	-9.091735274e-04
1.065000	-8.280139662e-04
1.070000	-7.468544051e-04
1.075000	-6.664764549e-04
1.080000	-5.876541993e-04
1.085000	-5.111467396e-04
1.090000	-4.376908845e-04
1.095000	-3.679940541e-04
1.100000	-3.027274669e-04
1.105000	-2.425196758e-04
1.110000	-1.879505148e-04
1.115000	-1.395455147e-04
1.120000	-9.777084224e-05
1.125000	-6.302881020e-05
1.130000	-3.565400340e-05
1.135000	-1.591005618e-05
1.140000	-3.987113567e-06
1.145000	-0.000000000e+00
1.150000	0.000000000e+00
1.155000	0.000000000e+00
1.160000	0.000000000e+00
1.165000	0.000000000e+00
1.170000	0.000000000e+00
1.175000	0.000000000e+00
1.180000	0.000000000e+00
1.185000	0.000000000e+00
1.190000	0.000000000e+00
1.195000	0.000000000e+00
1.200000	0.000000000e+00
1.205000	0.000000000e+00
1.210000	0.000000000e+00
1.215000	0.000000000e+00
1.220000	0.000000000e+00
1.225000	0.000000000e+00
1.230000	0.000000000e+00
1.235000	0.000000000e+00
1.240000	0.000000000e+00
1.245000	0.000000000e+00
1.250000	0.000000000e+00
1.255000	0.000000000e+00
1.260000	0.000000000e+00
1.265000	0.000000000e+00
1.270000	0.000000000e+00
1.275000	0.000000000e+00
1.280000	0.000000000e+00
1.285000	0.000000000e+00
1.290000	0.000000000e+00
1.295000	0.000000000e+00
1.300000	0.000000000e+00
1.305000	0.000000000e+00
1.310000	0.000000000e+00
1.315000	0.000000000e+00
1.320000	0.000000000e+00
1.325000	0.000000000e+00
1.330000	0.000000000e+00
1.335000	0.000000000e+00
1.340000	0.000000000e+00
1.345000	0.000000000e+00
1.350000	0.000000000e+00
1.355000	0.000000000e+00
1.360000	0.000000000e+00
1.365000	0.000000000e+00
1.370000	0.000000000e+00
1.375000	0.000000000e+00
1.380000	0.000000000e+00
1.385000	0.000000000e+00
1.390000	0.000000000e+00
1.395000	0.000000000e+00
1.400000	0.000000000e+00
1.405000	0.000000000e+00
1.410000	0.000000000e+00
1.415000	0.000000000e+00
1.420000	0.000000000e+00
1.425000	0.000000000e+00
1.430000	0.000000000e+00
1.435000	0.000000000e+00
1.440000	0.000000000e+00
1.445000	0.000000000e+00
1.450000	0.000000000e+00
1.455000	0.000000000e+00
1.460000	0.000000000e+00
1.465000	0.000000000e+00
1.470000	0.000000000e+00
1.475000	0.000000000e+00
1.480000	0.000000000e+00
1.485000	0.000000000e+00
1.490000	0.000000000e+00
1.495000	0.000000000e+00
1.500000	0.000000000e+00
1.505000	0.000000000e+00
1.510000	0.000000000e+00
1.515000	0.000000000e+00
1.520000	0.000000000e+00
1.525000	0.000000000e+00
1.530000	0.000000000e+00
1.535000	0.000000000e+00
1.540000	0.000000000e+00
1.545000	0.000000000e+00
1.550000	0.000000000e+00
1.555000	0.000000000e+00
1.560000	0.000000000e+00
1.565000	0.000000000e+00
1.570000	0.000000000e+00
1.575000	0.000000000e+00
1.580000	0.000000000e+00
1.585000	0.000000000e+00
1.590000	0.000000000e+00
1.595000	0.000000000e+00
1.600000	0.000000000e+00
1.605000	0.000000000e+00
1.610000	0.000000000e+00
1.615000	0.000000000e+00
1.620000	0.000000000e+00
1.625000	0.000000000e+00
1.630000	0.000000000e+00
1.635000	0.000000000e+00
1.640000	0.000000000e+00
1.645000	0.000000000e+00
1.650000	0.000000000e+00
1.655000	0.000000000e+00
1.660000	0.000000000e+00
1.665000	0.000000000e+00
1.670000	0.000000000e+00
1.675000	0.000000000e+00
1.680000	0.000000000e+00
1.685000	0.000000000e+00
1.690000	0.000000000e+00
1.695000	0.000000000e+00
1.700000	0.000000000e+00
1.705000	0.000000000e+00
1.710000	0.000000000e+00
1.715000	0.000000000e+00
1.720000	0.000000000e+00
1.725000	0.000000000e+00
1.730000	0.000000000e+00
1.735000	0.000000000e+00
1.740000	0.000000000e+00
1.745000	0.000000000e+00
1.750000	0.000000000e+00
1.755000	0.000000000e+00
1.760000	0.000000000e+00
1.765000	0.000000000e+00
1.770000	0.000000000e+00
1.775000	0.000000000e+00
1.780000	0.000000000e+00
1.785000	0.000000000e+00
1.790000	0.000000000e+00
1.795000	0.000000000e+00
1.800000	0.000000000e+00
1.805000	0.000000000e+00
1.810000	0.000000000e+00
1.815000	0.000000000e+00
1.820000	0.000000000e+00
1.825000	0.000000000e+00
1.830000	0.000000000e+00
1.835000	0.000000000e+00
1.840000	0.000000000e+00
1.845000	0.000000000e+00
1.850000	0.000000000e+00
1.855000	0.000000000e+00
1.860000	0.000000000e+00
1.865000	0.000000000e+00
1.870000	0.000000000e+00
1.875000	0.000000000e+00
1.880000	0.000000000e+00
1.885000	0.000000000e+00
1.890000	0.000000000e+00
1.895000	0.000000000e+00
1.900000	0.000000000e+00
1.905000	0.000000000e+00
1.910000	0.000000000e+00
1.915000	0.000000000e+00
1.920000	0.000000000e+00
1.925000	0.000000000e+00
1.930000	0.000000000e+00
1.935000	0.000000000e+00
1.940000	0.000000000e+00
1.945000	0.000000000e+00
1.950000	0.000000000e+00
1.955000	0.000000000e+00
1.960000	0.000000000e+00
1.965000	0.000000000e+00
1.970000	0.000000000e+00
1.975000	0.000000000e+00
1.980000	0.000000000e+00
1.985000	0.000000000e+00
1.990000	0.000000000e+00
1.995000	0.000000000e+00
2.000000	0.000000000e+00
2.005000	0.000000000e+00
2.010000	0.000000000e+00
2.015000	0.000000000e+00
2.020000	0.000000000e+00
2.025000	0.000000000e+00
2.030000	0.000000000e+00
2.035000	0.000000000e+00
2.040000	0.000000000e+00
2.045000	0.000000000e+00
2.050000	0.000000000e+00
2.055000	0.000000000e+00
2.060000	0.000000000e+00
2.065000	0.000000000e+00
2.070000	0.000000000e+00
2.075000	0.000000000e+00
2.080000	0.000000000e+00
2.085000	0.000000000e+00
2.090000	0.000000000e+00
2.095000	0.000000000e+00
2.100000	0.000000000e+00
2.105000	0.000000000e+00
2.110000	0.000000000e+00
2.115000	0.000000000e+00
2.120000	0.000000000e+00
2.125000	0.000000000e+00
2.130000	0.000000000e+00
2.135000	0.000000000e+00
2.140000	0.000000000e+00
2.145000	0.000000000e+00
2.150000	0.000000000e+00
2.155000	0.000000000e+00
2.160000	0.000000000e+00
2.165000	0.000000000e+00
2.170000	0.000000000e+00
2.175000	0.000000000e+00
2.180000	0.000000000e+00
2.185000	0.000000000e+00
2.190000	0.000000000e+00
2.195000	0.000000000e+00
2.200000	0.000000000e+00
2.205000	0.000000000e+00
2.210000	0.000000000e+00
2.215000	0.000000000e+00
2.220000	0.000000000e+00
2.225000	0.000000000e+00
2.230000	0.000000000e+00
2.235000	0.000000000e+00
2.240000	0.000000000e+00
2.245000	0.000000000e+00
2.250000	0.000000000e+00
2.255000	0.000000000e+00
2.260000	0.000000000e+00
2.265000	0.000000000e+00
2.270000	0.000000000e+00
2.275000	0.000000000e+00
2.280000	0.000000000e+00
2.285000	0.000000000e+00
2.290000	0.000000000e+00
2.295000	0.000000000e+00
2.300000	0.000000000e+00
2.305000	0.000000000e+00
2.310000	0.000000000e+00
2.315000	0.000000000e+00
2.320000	0.000000000e+00
2.325000	0.000000000e+00
2.330000	0.000000000e+00
2.335000	0.000000000e+00
2.340000	0.000000000e+00
2.345000	0.000000000e+00
2.350000	0.000000000e+00
2.355000	0.000000000e+00
2.360000	0.000000000e+00
2.365000	0.000000000e+00
2.370000	0.000000000e+00
2.375000	0.000000000e+00
2.380000	0.000000000e+00
2.385000	0.000000000e+00
2.390000	0.000000000e+00
2.395000	0.000000000e+00
2.400000	0.000000000e+00
2.405000	0.000000000e+00
2.410000	0.000000000e+00
2.415000	0.000000000e+00
2.420000	0.000000000e+00
2.425000	0.000000000e+00
2.430000	0.000000000e+00
2.435000	0.000000000e+00
2.440000	0.000000000e+00
2.445000	0.000000000e+00
2.450000	0.000000000e+00
2.455000	0.000000000e+00
2.460000	0.000000000e+00
2.465000	0.000000000e+00
2.470000	0.000000000e+00
2.475000	0.000000000e+00
2.480000	0.000000000e+00
2.485000	0.000000000e+00
2.490000	0.000000000e+00
2.495000	0.000000000e+00
2.500000	0.000000000e+00
2.505000	0.000000000e+00
2.510000	0.000000000e+00
2.515000	0.000000000e+00
2.520000	0.000000000e+00
2.525000	0.000000000e+00
2.530000	0.000000000e+00
2.535000	0.000000000e+00
2.540000	0.000000000e+00
2.545000	0.000000000e+00
2.550000	0.000000000e+00
2.555000	0.000000000e+00
2.560000	0.000000000e+00
2.565000	0.000000000e+00
2.570000	0.000000000e+00
2.575000	0.000000000e+00
2.580000	0.000000000e+00
2.585000	0.000000000e+00
2.590000	0.000000000e+00
2.595000	0.000000000e+00
2.600000	0.000000000e+00
2.605000	0.000000000e+00
2.610000	0.000000000e+00
2.615000	0.000000000e+00
2.620000	0.000000000e+00
2.625000	0.000000000e+00
2.630000	0.000000000e+00
2.635000	0.000000000e+00
2.640000	0.000000000e+00
2.645000	0.000000000e+00
2.650000	0.000000000e+00
2.655000	0.000000000e+00
2.660000	0.000000000e+00
2.665000	0.000000000e+00
2.670000	0.000000000e+00
2.675000	0.000000000e+00
2.680000	0.000000000e+00
2.685000	0.000000000e+00
2.690000	0.000000000e+00
2.695000	0.000000000e+00
2.700000	0.000000000e+00
2.705000	0.000000000e+00
2.710000	0.000000000e+00
2.715000	0.000000000e+00
2.720000	0.000000000e+00
2.725000	0.000000000e+00
2.730000	0.000000000e+00
2.735000	0.000000000e+00
2.740000	0.000000000e+00
2.745000	0.000000000e+00
2.750000	0.000000000e+00
2.755000	0.000000000e+00
2.760000	0.000000000e+00
2.765000	0.000000000e+00
2.770000	0.000000000e+00
2.775000	0.000000000e+00
2.780000	0.000000000e+00
2.785000	0.000000000e+00
2.790000	0.000000000e+00
2.795000	0.000000000e+00
2.800000	0.000000000e+00
2.805000	0.000000000e+00
2.810000	0.000000000e+00
2.815000	0.000000000e+00
2.820000	0.000000000e+00
2.825000	0.000000000e+00
2.830000	0.000000000e+00
2.835000	0.000000000e+00
2.840000	0.000000000e+00
2.845000	0.000000000e+00
2.850000	0.000000000e+00
2.855000	0.000000000e+00
2.860000	0.000000000e+00
2.865000	0.000000000e+00
2.870000	0.000000000e+00
2.875000	0.000000000e+00
2.880000	0.000000000e+00
2.885000	0.000000000e+00
2.890000	0.000000000e+00
2.895000	0.000000000e+00
2.900000	0.000000000e+00
2.905000	0.000000000e+00
2.910000	0.000000000e+00
2.915000	0.000000000e+00
2.920000	0.000000000e+00
2.925000	0.000000000e+00
2.930000	0.000000000e+00
2.935000	0.000000000e+00
2.940000	0.000000000e+00
2.945000	0.000000000e+00
2.950000	0.000000000e+00
2.955000	0.000000000e+00
2.960000	0.000000000e+00
2.965000	0.000000000e+00
2.970000	0.000000000e+00
2.975000	0.000000000e+00
2.980000	0.000000000e+00
2.985000	0.000000000e+00
2.990000	0.000000000e+00
2.995000	0.000000000e+00
3.000000	0.000000000e+00
3.005000	0.000000000e+00
3.010000	0.000000000e+00
3.015000	0.000000000e+00
3.020000	0.000000000e+00
3.025000	0.000000000e+00
3.030000	0.000000000e+00
3.035000	0.000000000e+00
3.040000	0.000000000e+00
3.045000	0.000000000e+00
3.050000	0.000000000e+00
3.055000	0.000000000e+00
3.060000	0.000000000e+00
3.065000	0.000000000e+00
3.070000	0.000000000e+00
3.075000	0.000000000e+00
3.080000	0.000000000e+00
3.085000	0.000000000e+00
3.090000	0.000000000e+00
3.095000	0.000000000e+00
3.100000	0.000000000e+00
3.105000	0.000000000e+00
3.110000	0.000000000e+00
3.115000	0.000000000e+00
3.120000	0.000000000e+00
3.125000	0.000000000e+00
3.130000	0.000000000e+00
3.135000	0.000000000e+00
3.140000	0.000000000e+00
3.145000	0.000000000e+00
3.150000	0.000000000e+00
3.155000	0.000000000e+00
3.160000	0.000000000e+00
3.165000	0.000000000e+00
3.170000	0.000000000e+00
3.175000	0.000000000e+00
3.180000	0.000000000e+00
3.185000	0.000000000e+00
3.190000	0.000000000e+00
3.195000	0.000000000e+00
3.200000	0.000000000e+00
3.205000	0.000000000e+00
3.210000	0.000000000e+00
3.215000	0.000000000e+00
3.220000	0.000000000e+00
3.225000	0.000000000e+00
3.230000	0.000000000e+00
3.235000	0.000000000e+00
3.240000	0.000000000e+00
3.245000	0.000000000e+00
3.250000	0.000000000e+00
3.255000	0.000000000e+00
3.260000	0.000000000e+00
3.265000	0.000000000e+00
3.270000	0.000000000e+00
3.275000	0.000000000e+00
3.280000	0.000000000e+00
3.285000	0.000000000e+00
3.290000	0.000000000e+00
3.295000	0.000000000e+00
3.300000	0.000000000e+00
3.305000	0.000000000e+00
3.310000	0.000000000e+00
3.315000	0.000000000e+00
3.320000	0.000000000e+00
3.325000	0.000000000e+00
3.330000	0.000000000e+00
3.335000	0.000000000e+00
3.340000	0.000000000e+00
3.345000	0.000000000e+00
3.350000	0.000000000e+00
3.355000	0.000000000e+00
3.360000	0.000000000e+00
3.365000	0.000000000e+00
3.370000	0.000000000e+00
3.375000	0.000000000e+00
3.380000	0.000000000e+00
3.385000	0.000000000e+00
3.390000	0.000000000e+00
3.395000	0.000000000e+00
3.400000	0.000000000e+00
3.405000	0.000000000e+00
3.410000	0.000000000e+00
3.415000	0.000000000e+00
3.420000	0.000000000e+00
3.425000	0.000000000e+00
3.430000	0.000000000e+00
3.435000	0.000000000e+00
3.440000	0.000000000e+00
3.445000	0.000000000e+00
3.450000	0.000000000e+00
3.455000	0.000000000e+00
3.460000	0.000000000e+00
3.465000	0.000000000e+00
3.470000	0.000000000e+00
3.475000	0.000000000e+00
3.480000	0.000000000e+00
