StratC_run24_T0.6026
863	0
0.000000	0.000000000e+00
0.005000	5.444687319e-03
0.010000	1.087458181e-02
0.015000	1.627493083e-02
0.020000	2.163106202e-02
0.025000	2.692842315e-02
0.030000	3.215262166e-02
0.035000	3.728946379e-02
0.040000	4.232499308e-02
0.045000	4.724552838e-02
0.050000	5.203770092e-02
0.055000	5.668849072e-02
0.060000	6.118526192e-02
0.065000	6.551579710e-02
0.070000	6.966833051e-02
0.075000	7.363158001e-02
0.080000	7.739477773e-02
0.085000	8.094769933e-02
0.090000	8.428069178e-02
0.095000	8.738469957e-02
0.100000	9.025128933e-02
0.105000	9.287267274e-02
0.110000	9.524172768e-02
0.115000	9.735201762e-02
0.120000	9.919780902e-02
0.125000	1.007740870e-01
0.130000	1.020765690e-01
0.135000	1.031017161e-01
0.140000	1.038467433e-01
0.145000	1.043096261e-01
0.150000	1.044891072e-01
0.155000	1.043846987e-01
0.160000	1.039966844e-01
0.165000	1.033261185e-01
0.170000	1.023748229e-01
0.175000	1.011453821e-01
0.180000	9.964113656e-02
0.185000	9.786617309e-02
0.190000	9.582531416e-02
0.195000	9.352410465e-02
0.200000	9.096879679e-02
0.205000	8.816633316e-02
0.210000	8.512432786e-02
0.215000	8.185104580e-02
0.220000	7.835538026e-02
0.225000	7.464682871e-02
0.230000	7.073546702e-02
0.235000	6.663192209e-02
0.240000	6.234734295e-02
0.245000	5.789337051e-02
0.250000	5.328210589e-02
0.255000	4.852607756e-02
0.260000	4.363820733e-02
0.265000	3.863177519e-02
0.270000	3.352038325e-02
0.275000	2.831791881e-02
0.280000	2.303851659e-02
0.285000	1.769652036e-02
0.290000	1.230644394e-02
0.295000	6.882931779e-03
0.300000	1.440719185e-03
0.305000	-4.005407741e-03
0.310000	-9.440652258e-03
0.315000	-1.485024719e-02
0.320000	-2.021949506e-02
0.325000	-2.553380799e-02
0.330000	-3.077874738e-02
0.335000	-3.594006310e-02
0.340000	-4.100373221e-02
0.345000	-4.595599710e-02
0.350000	-5.078340280e-02
0.355000	-5.547283360e-02
0.360000	-6.001154865e-02
0.365000	-6.438721657e-02
0.370000	-6.858794900e-02
0.375000	-7.260233284e-02
0.380000	-7.641946129e-02
0.385000	-8.002896349e-02
0.390000	-8.342103267e-02
0.395000	-8.658645282e-02
0.400000	-8.951662373e-02
0.405000	-9.220358432e-02
0.410000	-9.464003432e-02
0.415000	-9.681935406e-02
0.420000	-9.873562248e-02
0.425000	-1.003836332e-01
0.430000	-1.017589088e-01
0.435000	-1.028577126e-01
0.440000	-1.036770593e-01
0.445000	-1.042147227e-01
0.450000	-1.044692422e-01
0.455000	-1.044399262e-01
0.460000	-1.041268542e-01
0.465000	-1.035308771e-01
0.470000	-1.026536138e-01
0.475000	-1.014974480e-01
0.480000	-1.000655208e-01
0.485000	-9.836172272e-02
0.490000	-9.639068279e-02
0.495000	-9.415775622e-02
0.500000	-9.166900971e-02
0.505000	-8.893120500e-02
0.510000	-8.595178052e-02
0.515000	-8.273883115e-02
0.520000	-7.930108624e-02
0.525000	-7.564788592e-02
0.530000	-7.178915565e-02
0.535000	-6.773537934e-02
0.540000	-6.349757082e-02
0.545000	-5.908724389e-02
0.550000	-5.451638112e-02
0.555000	-4.979740121e-02
0.560000	-4.494312530e-02
0.565000	-3.996674210e-02
0.570000	-3.488177210e-02
0.575000	-2.970203080e-02
0.580000	-2.444159119e-02
0.585000	-1.911474551e-02
0.590000	-1.373596642e-02
0.595000	-8.319867690e-03
0.600000	-2.881164468e-03
0.605000	2.565366674e-03
0.610000	8.004927897e-03
0.615000	1.342274030e-02
0.620000	1.880408407e-02
0.625000	2.413433847e-02
0.630000	2.939902160e-02
0.635000	3.458382966e-02
0.640000	3.967467592e-02
0.645000	4.465772889e-02
0.650000	4.951944999e-02
0.655000	5.424663025e-02
0.660000	5.882642627e-02
0.665000	6.324639506e-02
0.670000	6.749452788e-02
0.675000	7.155928286e-02
0.680000	7.542961635e-02
0.685000	7.909501292e-02
0.690000	8.254551396e-02
0.695000	8.577174469e-02
0.700000	8.876493967e-02
0.705000	9.151696662e-02
0.710000	9.402034845e-02
0.715000	9.626828368e-02
0.720000	9.825466480e-02
0.725000	9.997409498e-02
0.730000	1.014219026e-01
0.735000	1.025941542e-01
0.740000	1.034876647e-01
0.745000	1.041000065e-01
0.750000	1.044295161e-01
0.755000	1.044752980e-01
0.760000	1.042372280e-01
0.765000	1.037159528e-01
0.770000	1.029128887e-01
0.775000	1.018302177e-01
0.780000	1.004708811e-01
0.785000	9.883857230e-02
0.790000	9.693772610e-02
0.795000	9.477350698e-02
0.800000	9.235179496e-02
0.805000	8.967916967e-02
0.810000	8.676289244e-02
0.815000	8.361088659e-02
0.820000	8.023171589e-02
0.825000	7.663456132e-02
0.830000	7.282919608e-02
0.835000	6.882595908e-02
0.840000	6.463572683e-02
0.845000	6.026988390e-02
0.850000	5.574029197e-02
0.855000	5.105925762e-02
0.860000	4.623949889e-02
0.865000	4.129411073e-02
0.870000	3.623652940e-02
0.875000	3.108049599e-02
0.880000	2.584001907e-02
0.885000	2.052933666e-02
0.890000	1.516287749e-02
0.895000	9.755221869e-03
0.900000	4.321061998e-03
0.905000	-1.124837893e-03
0.910000	-6.567681678e-03
0.915000	-1.199268154e-02
0.920000	-1.738509813e-02
0.925000	-2.273028065e-02
0.930000	-2.801370661e-02
0.935000	-3.322102132e-02
0.940000	-3.833807686e-02
0.945000	-4.335097058e-02
0.950000	-4.824608278e-02
0.955000	-5.301011380e-02
0.960000	-5.763012010e-02
0.965000	-6.209354945e-02
0.970000	-6.638827504e-02
0.975000	-7.050262839e-02
0.980000	-7.442543110e-02
0.985000	-7.814602520e-02
0.990000	-8.165430210e-02
0.995000	-8.494073004e-02
1.000000	-8.799638006e-02
1.005000	-9.081295015e-02
1.010000	-9.338278790e-02
1.015000	-9.569891124e-02
1.020000	-9.775502743e-02
1.025000	-9.954555015e-02
1.030000	-1.010656147e-01
1.035000	-1.023110911e-01
1.040000	-1.032785955e-01
1.045000	-1.039654994e-01
1.050000	-1.043699363e-01
1.055000	-1.044908075e-01
1.060000	-1.043277846e-01
1.065000	-1.038813106e-01
1.070000	-1.031525984e-01
1.075000	-1.021436279e-01
1.080000	-1.008571404e-01
1.085000	-9.929663117e-02
1.090000	-9.746634008e-02
1.095000	-9.537123986e-02
1.100000	-9.301702274e-02
1.105000	-9.041008498e-02
1.110000	-8.755750943e-02
1.115000	-8.446704634e-02
1.120000	-8.114709228e-02
1.125000	-7.760666733e-02
1.130000	-7.385539057e-02
1.135000	-6.990345395e-02
1.140000	-6.576159461e-02
1.145000	-6.144106569e-02
1.150000	-5.695360574e-02
1.155000	-5.231140689e-02
1.160000	-4.752708167e-02
1.165000	-4.261362873e-02
1.170000	-3.758439758e-02
1.175000	-3.245305230e-02
1.180000	-2.723353438e-02
1.185000	-2.194002487e-02
1.190000	-1.658690587e-02
1.195000	-1.118872143e-02
1.200000	-5.760138028e-03
1.205000	-3.159047373e-04
1.210000	5.129186844e-03
1.215000	1.056034279e-02
1.220000	1.596280703e-02
1.225000	2.132190146e-02
1.230000	2.662306580e-02
1.235000	3.185189715e-02
1.240000	3.699418916e-02
1.245000	4.203597058e-02
1.250000	4.696354326e-02
1.255000	5.176351932e-02
1.260000	5.642285757e-02
1.265000	6.092889892e-02
1.270000	6.526940077e-02
1.275000	6.943257030e-02
1.280000	7.340709646e-02
1.285000	7.718218074e-02
1.290000	8.074756652e-02
1.295000	8.409356689e-02
1.300000	8.721109100e-02
1.305000	9.009166877e-02
1.310000	9.272747386e-02
1.315000	9.511134499e-02
1.320000	9.723680535e-02
1.325000	9.909808020e-02
1.330000	1.006901126e-01
1.335000	1.020085771e-01
1.340000	1.030498916e-01
1.345000	1.038112268e-01
1.350000	1.042905142e-01
1.355000	1.044864518e-01
1.360000	1.043985070e-01
1.365000	1.040269189e-01
1.370000	1.033726971e-01
1.375000	1.024376190e-01
1.380000	1.012242251e-01
1.385000	9.973581225e-02
1.390000	9.797642423e-02
1.395000	9.595084122e-02
1.400000	9.366456659e-02
1.405000	9.112381197e-02
1.410000	8.833548042e-02
1.415000	8.530714763e-02
1.420000	8.204704138e-02
1.425000	7.856401914e-02
1.430000	7.486754404e-02
1.435000	7.096765913e-02
1.440000	6.687496012e-02
1.445000	6.260056660e-02
1.450000	5.815609178e-02
1.455000	5.355361098e-02
1.460000	4.880562882e-02
1.465000	4.392504523e-02
1.470000	3.892512041e-02
1.475000	3.381943880e-02
1.480000	2.862187217e-02
1.485000	2.334654195e-02
1.490000	1.800778083e-02
1.495000	1.262009385e-02
1.500000	7.198118969e-03
1.505000	1.756587309e-03
1.510000	-3.689716874e-03
1.515000	-9.125996358e-03
1.520000	-1.453748116e-02
1.525000	-1.990946865e-02
1.530000	-2.522736353e-02
1.535000	-3.047671746e-02
1.540000	-3.564326831e-02
1.545000	-4.071297892e-02
1.550000	-4.567207526e-02
1.555000	-5.050708381e-02
1.560000	-5.520486820e-02
1.565000	-5.975266488e-02
1.570000	-6.413811781e-02
1.575000	-6.834931203e-02
1.580000	-7.237480601e-02
1.585000	-7.620366278e-02
1.590000	-7.982547961e-02
1.595000	-8.323041627e-02
1.600000	-8.640922180e-02
1.605000	-8.935325960e-02
1.610000	-9.205453094e-02
1.615000	-9.450569664e-02
1.620000	-9.670009708e-02
1.625000	-9.863177021e-02
1.630000	-1.002954678e-01
1.635000	-1.016866698e-01
1.640000	-1.028015962e-01
1.645000	-1.036372181e-01
1.650000	-1.041912649e-01
1.655000	-1.044622315e-01
1.660000	-1.044493817e-01
1.665000	-1.041527502e-01
1.670000	-1.035731432e-01
1.675000	-1.027121352e-01
1.680000	-1.015720657e-01
1.685000	-1.001560321e-01
1.690000	-9.846788159e-02
1.695000	-9.651220089e-02
1.700000	-9.429430338e-02
1.705000	-9.182021494e-02
1.710000	-8.909665749e-02
1.715000	-8.613103074e-02
1.720000	-8.293139210e-02
1.725000	-7.950643475e-02
1.730000	-7.586546405e-02
1.735000	-7.201837228e-02
1.740000	-6.797561169e-02
1.745000	-6.374816620e-02
1.750000	-5.934752146e-02
1.755000	-5.478563371e-02
1.760000	-5.007489729e-02
1.765000	-4.522811092e-02
1.770000	-4.025844298e-02
1.775000	-3.517939571e-02
1.780000	-3.000476852e-02
1.785000	-2.474862050e-02
1.790000	-1.942523224e-02
1.795000	-1.404906700e-02
1.800000	-8.634731439e-03
1.805000	-3.196935927e-03
1.810000	2.249545433e-03
1.815000	2.249545433e-03
1.820000	2.247951288e-03
1.825000	2.243173371e-03
1.830000	2.235225226e-03
1.835000	2.224129382e-03
1.840000	2.209917293e-03
1.845000	2.192629244e-03
1.850000	2.172314239e-03
1.855000	2.149029864e-03
1.860000	2.122842120e-03
1.865000	2.093825241e-03
1.870000	2.062061477e-03
1.875000	2.027640866e-03
1.880000	1.990660977e-03
1.885000	1.951226634e-03
1.890000	1.909449618e-03
1.895000	1.865448349e-03
1.900000	1.819347555e-03
1.905000	1.771277913e-03
1.910000	1.721375682e-03
1.915000	1.669782315e-03
1.920000	1.616644059e-03
1.925000	1.562111541e-03
1.930000	1.506339337e-03
1.935000	1.449485542e-03
1.940000	1.391711313e-03
1.945000	1.333180418e-03
1.950000	1.274058768e-03
1.955000	1.214513951e-03
1.960000	1.154714753e-03
1.965000	1.094830680e-03
1.970000	1.035031482e-03
1.975000	9.754866646e-04
1.980000	9.163650150e-04
1.985000	8.578341196e-04
1.990000	8.000598906e-04
1.995000	7.432060955e-04
2.000000	6.874338924e-04
2.005000	6.329013737e-04
2.010000	5.797631178e-04
2.015000	5.281697508e-04
2.020000	4.782675197e-04
2.025000	4.301978778e-04
2.030000	3.840970838e-04
2.035000	3.400958154e-04
2.040000	2.983187988e-04
2.045000	2.588844557e-04
2.050000	2.219045669e-04
2.055000	1.874839560e-04
2.060000	1.557201920e-04
2.065000	1.267033125e-04
2.070000	1.005155693e-04
2.075000	7.723119421e-05
2.080000	5.691618938e-05
2.085000	3.962813990e-05
2.090000	2.541605062e-05
2.095000	1.432020725e-05
2.100000	6.372062157e-06
2.105000	1.594145234e-06
2.110000	0.000000000e+00
2.115000	0.000000000e+00
2.120000	0.000000000e+00
2.125000	0.000000000e+00
2.130000	0.000000000e+00
2.135000	0.000000000e+00
2.140000	0.000000000e+00
2.145000	0.000000000e+00
2.150000	0.000000000e+00
2.155000	0.000000000e+00
2.160000	0.000000000e+00
2.165000	0.000000000e+00
2.170000	0.000000000e+00
2.175000	0.000000000e+00
2.180000	0.000000000e+00
2.185000	0.000000000e+00
2.190000	0.000000000e+00
2.195000	0.000000000e+00
2.200000	0.000000000e+00
2.205000	0.000000000e+00
2.210000	0.000000000e+00
2.215000	0.000000000e+00
2.220000	0.000000000e+00
2.225000	0.000000000e+00
2.230000	0.000000000e+00
2.235000	0.000000000e+00
2.240000	0.000000000e+00
2.245000	0.000000000e+00
2.250000	0.000000000e+00
2.255000	0.000000000e+00
2.260000	0.000000000e+00
2.265000	0.000000000e+00
2.270000	0.000000000e+00
2.275000	0.000000000e+00
2.280000	0.000000000e+00
2.285000	0.000000000e+00
2.290000	0.000000000e+00
2.295000	0.000000000e+00
2.300000	0.000000000e+00
2.305000	0.000000000e+00
2.310000	0.000000000e+00
2.315000	0.000000000e+00
2.320000	0.000000000e+00
2.325000	0.000000000e+00
2.330000	0.000000000e+00
2.335000	0.000000000e+00
2.340000	0.000000000e+00
2.345000	0.000000000e+00
2.350000	0.000000000e+00
2.355000	0.000000000e+00
2.360000	0.000000000e+00
2.365000	0.000000000e+00
2.370000	0.000000000e+00
2.375000	0.000000000e+00
2.380000	0.000000000e+00
2.385000	0.000000000e+00
2.390000	0.000000000e+00
2.395000	0.000000000e+00
2.400000	0.000000000e+00
2.405000	0.000000000e+00
2.410000	0.000000000e+00
2.415000	0.000000000e+00
2.420000	0.000000000e+00
2.425000	0.000000000e+00
2.430000	0.000000000e+00
2.435000	0.000000000e+00
2.440000	0.000000000e+00
2.445000	0.000000000e+00
2.450000	0.000000000e+00
2.455000	0.000000000e+00
2.460000	0.000000000e+00
2.465000	0.000000000e+00
2.470000	0.000000000e+00
2.475000	0.000000000e+00
2.480000	0.000000000e+00
2.485000	0.000000000e+00
2.490000	0.000000000e+00
2.495000	0.000000000e+00
2.500000	0.000000000e+00
2.505000	0.000000000e+00
2.510000	0.000000000e+00
2.515000	0.000000000e+00
2.520000	0.000000000e+00
2.525000	0.000000000e+00
2.530000	0.000000000e+00
2.535000	0.000000000e+00
2.540000	0.000000000e+00
2.545000	0.000000000e+00
2.550000	0.000000000e+00
2.555000	0.000000000e+00
2.560000	0.000000000e+00
2.565000	0.000000000e+00
2.570000	0.000000000e+00
2.575000	0.000000000e+00
2.580000	0.000000000e+00
2.585000	0.000000000e+00
2.590000	0.000000000e+00
2.595000	0.000000000e+00
2.600000	0.000000000e+00
2.605000	0.000000000e+00
2.610000	0.000000000e+00
2.615000	0.000000000e+00
2.620000	0.000000000e+00
2.625000	0.000000000e+00
2.630000	0.000000000e+00
2.635000	0.000000000e+00
2.640000	0.000000000e+00
2.645000	0.000000000e+00
2.650000	0.000000000e+00
2.655000	0.000000000e+00
2.660000	0.000000000e+00
2.665000	0.000000000e+00
2.670000	0.000000000e+00
2.675000	0.000000000e+00
2.680000	0.000000000e+00
2.685000	0.000000000e+00
2.690000	0.000000000e+00
2.695000	0.000000000e+00
2.700000	0.000000000e+00
2.705000	0.000000000e+00
2.710000	0.000000000e+00
2.715000	0.000000000e+00
2.720000	0.000000000e+00
2.725000	0.000000000e+00
2.730000	0.000000000e+00
2.735000	0.000000000e+00
2.740000	0.000000000e+00
2.745000	0.000000000e+00
2.750000	0.000000000e+00
2.755000	0.000000000e+00
2.760000	0.000000000e+00
2.765000	0.000000000e+00
2.770000	0.000000000e+00
2.775000	0.000000000e+00
2.780000	0.000000000e+00
2.785000	0.000000000e+00
2.790000	0.000000000e+00
2.795000	0.000000000e+00
2.800000	0.000000000e+00
2.805000	0.000000000e+00
2.810000	0.000000000e+00
2.815000	0.000000000e+00
2.820000	0.000000000e+00
2.825000	0.000000000e+00
2.830000	0.000000000e+00
2.835000	0.000000000e+00
2.840000	0.000000000e+00
2.845000	0.000000000e+00
2.850000	0.000000000e+00
2.855000	0.000000000e+00
2.860000	0.000000000e+00
2.865000	0.000000000e+00
2.870000	0.000000000e+00
2.875000	0.000000000e+00
2.880000	0.000000000e+00
2.885000	0.000000000e+00
2.890000	0.000000000e+00
2.895000	0.000000000e+00
2.900000	0.000000000e+00
2.905000	0.000000000e+00
2.910000	0.000000000e+00
2.915000	0.000000000e+00
2.920000	0.000000000e+00
2.925000	0.000000000e+00
2.930000	0.000000000e+00
2.935000	0.000000000e+00
2.940000	0.000000000e+00
2.945000	0.000000000e+00
2.950000	0.000000000e+00
2.955000	0.000000000e+00
2.960000	0.000000000e+00
2.965000	0.000000000e+00
2.970000	0.000000000e+00
2.975000	0.000000000e+00
2.980000	0.000000000e+00
2.985000	0.000000000e+00
2.990000	0.000000000e+00
2.995000	0.000000000e+00
3.000000	0.000000000e+00
3.005000	0.000000000e+00
3.010000	0.000000000e+00
3.015000	0.000000000e+00
3.020000	0.000000000e+00
3.025000	0.000000000e+00
3.030000	0.000000000e+00
3.035000	0.000000000e+00
3.040000	0.000000000e+00
3.045000	0.000000000e+00
3.050000	0.000000000e+00
3.055000	0.000000000e+00
3.060000	0.000000000e+00
3.065000	0.000000000e+00
3.070000	0.000000000e+00
3.075000	0.000000000e+00
3.080000	0.000000000e+00
3.085000	0.000000000e+00
3.090000	0.000000000e+00
3.095000	0.000000000e+00
3.100000	0.000000000e+00
3.105000	0.000000000e+00
3.110000	0.000000000e+00
3.115000	0.000000000e+00
3.120000	0.000000000e+00
3.125000	0.000000000e+00
3.130000	0.000000000e+00
3.135000	0.000000000e+00
3.140000	0.000000000e+00
3.145000	0.000000000e+00
3.150000	0.000000000e+00
3.155000	0.000000000e+00
3.160000	0.000000000e+00
3.165000	0.000000000e+00
3.170000	0.000000000e+00
3.175000	0.000000000e+00
3.180000	0.000000000e+00
3.185000	0.000000000e+00
3.190000	0.000000000e+00
3.195000	0.000000000e+00
3.200000	0.000000000e+00
3.205000	0.000000000e+00
3.210000	0.000000000e+00
3.215000	0.000000000e+00
3.220000	0.000000000e+00
3.225000	0.000000000e+00
3.230000	0.000000000e+00
3.235000	0.000000000e+00
3.240000	0.000000000e+00
3.245000	0.000000000e+00
3.250000	0.000000000e+00
3.255000	0.000000000e+00
3.260000	0.000000000e+00
3.265000	0.000000000e+00
3.270000	0.000000000e+00
3.275000	0.000000000e+00
3.280000	0.000000000e+00
3.285000	0.000000000e+00
3.290000	0.000000000e+00
3.295000	0.000000000e+00
3.300000	0.000000000e+00
3.305000	0.000000000e+00
3.310000	0.000000000e+00
3.315000	0.000000000e+00
3.320000	0.000000000e+00
3.325000	0.000000000e+00
3.330000	0.000000000e+00
3.335000	0.000000000e+00
3.340000	0.000000000e+00
3.345000	0.000000000e+00
3.350000	0.000000000e+00
3.355000	0.000000000e+00
3.360000	0.000000000e+00
3.365000	0.000000000e+00
3.370000	0.000000000e+00
3.375000	0.000000000e+00
3.380000	0.000000000e+00
3.385000	0.000000000e+00
3.390000	0.000000000e+00
3.395000	0.000000000e+00
3.400000	0.000000000e+00
3.405000	0.000000000e+00
3.410000	0.000000000e+00
3.415000	0.000000000e+00
3.420000	0.000000000e+00
3.425000	0.000000000e+00
3.430000	0.000000000e+00
3.435000	0.000000000e+00
3.440000	0.000000000e+00
3.445000	0.000000000e+00
3.450000	0.000000000e+00
3.455000	0.000000000e+00
3.460000	0.000000000e+00
3.465000	0.000000000e+00
3.470000	0.000000000e+00
3.475000	0.000000000e+00
3.480000	0.000000000e+00
3.485000	0.000000000e+00
3.490000	0.000000000e+00
3.495000	0.000000000e+00
3.500000	0.000000000e+00
3.505000	0.000000000e+00
3.510000	0.000000000e+00
3.515000	0.000000000e+00
3.520000	0.000000000e+00
3.525000	0.000000000e+00
3.530000	0.000000000e+00
3.535000	0.000000000e+00
3.540000	0.000000000e+00
3.545000	0.000000000e+00
3.550000	0.000000000e+00
3.555000	0.000000000e+00
3.560000	0.000000000e+00
3.565000	0.000000000e+00
3.570000	0.000000000e+00
3.575000	0.000000000e+00
3.580000	0.000000000e+00
3.585000	0.000000000e+00
3.590000	0.000000000e+00
3.595000	0.000000000e+00
3.600000	0.000000000e+00
3.605000	0.000000000e+00
3.610000	0.000000000e+00
3.615000	0.000000000e+00
3.620000	0.000000000e+00
3.625000	0.000000000e+00
3.630000	0.000000000e+00
3.635000	0.000000000e+00
3.640000	0.000000000e+00
3.645000	0.000000000e+00
3.650000	0.000000000e+00
3.655000	0.000000000e+00
3.660000	0.000000000e+00
3.665000	0.000000000e+00
3.670000	0.000000000e+00
3.675000	0.000000000e+00
3.680000	0.000000000e+00
3.685000	0.000000000e+00
3.690000	0.000000000e+00
3.695000	0.000000000e+00
3.700000	0.000000000e+00
3.705000	0.000000000e+00
3.710000	0.000000000e+00
3.715000	0.000000000e+00
3.720000	0.000000000e+00
3.725000	0.000000000e+00
3.730000	0.000000000e+00
3.735000	0.000000000e+00
3.740000	0.000000000e+00
3.745000	0.000000000e+00
3.750000	0.000000000e+00
3.755000	0.000000000e+00
3.760000	0.000000000e+00
3.765000	0.000000000e+00
3.770000	0.000000000e+00
3.775000	0.000000000e+00
3.780000	0.000000000e+00
3.785000	0.000000000e+00
3.790000	0.000000000e+00
3.795000	0.000000000e+00
3.800000	0.000000000e+00
3.805000	0.000000000e+00
3.810000	0.000000000e+00
3.815000	0.000000000e+00
3.820000	0.000000000e+00
3.825000	0.000000000e+00
3.830000	0.000000000e+00
3.835000	0.000000000e+00
3.840000	0.000000000e+00
3.845000	0.000000000e+00
3.850000	0.000000000e+00
3.855000	0.000000000e+00
3.860000	0.000000000e+00
3.865000	0.000000000e+00
3.870000	0.000000000e+00
3.875000	0.000000000e+00
3.880000	0.000000000e+00
3.885000	0.000000000e+00
3.890000	0.000000000e+00
3.895000	0.000000000e+00
3.900000	0.000000000e+00
3.905000	0.000000000e+00
3.910000	0.000000000e+00
3.915000	0.000000000e+00
3.920000	0.000000000e+00
3.925000	0.000000000e+00
3.930000	0.000000000e+00
3.935000	0.000000000e+00
3.940000	0.000000000e+00
3.945000	0.000000000e+00
3.950000	0.000000000e+00
3.955000	0.000000000e+00
3.960000	0.000000000e+00
3.965000	0.000000000e+00
3.970000	0.000000000e+00
3.975000	0.000000000e+00
3.980000	0.000000000e+00
3.985000	0.000000000e+00
3.990000	0.000000000e+00
3.995000	0.000000000e+00
4.000000	0.000000000e+00
4.005000	0.000000000e+00
4.010000	0.000000000e+00
4.015000	0.000000000e+00
4.020000	0.000000000e+00
4.025000	0.000000000e+00
4.030000	0.000000000e+00
4.035000	0.000000000e+00
4.040000	0.000000000e+00
4.045000	0.000000000e+00
4.050000	0.000000000e+00
4.055000	0.000000000e+00
4.060000	0.000000000e+00
4.065000	0.000000000e+00
4.070000	0.000000000e+00
4.075000	0.000000000e+00
4.080000	0.000000000e+00
4.085000	0.000000000e+00
4.090000	0.000000000e+00
4.095000	0.000000000e+00
4.100000	0.000000000e+00
4.105000	0.000000000e+00
4.110000	0.000000000e+00
4.115000	0.000000000e+00
4.120000	0.000000000e+00
4.125000	0.000000000e+00
4.130000	0.000000000e+00
4.135000	0.000000000e+00
4.140000	0.000000000e+00
4.145000	0.000000000e+00
4.150000	0.000000000e+00
4.155000	0.000000000e+00
4.160000	0.000000000e+00
4.165000	0.000000000e+00
4.170000	0.000000000e+00
4.175000	0.000000000e+00
4.180000	0.000000000e+00
4.185000	0.000000000e+00
4.190000	0.000000000e+00
4.195000	0.000000000e+00
4.200000	0.000000000e+00
4.205000	0.000000000e+00
4.210000	0.000000000e+00
4.215000	0.000000000e+00
4.220000	0.000000000e+00
4.225000	0.000000000e+00
4.230000	0.000000000e+00
4.235000	0.000000000e+00
4.240000	0.000000000e+00
4.245000	0.000000000e+00
4.250000	0.000000000e+00
4.255000	0.000000000e+00
4.260000	0.000000000e+00
4.265000	0.000000000e+00
4.270000	0.000000000e+00
4.275000	0.000000000e+00
4.280000	0.000000000e+00
4.285000	0.000000000e+00
4.290000	0.000000000e+00
4.295000	0.000000000e+00
4.300000	0.000000000e+00
4.305000	0.000000000e+00
4.310000	0.000000000e+00
