StratC_run14_T0.3122
688	0
0.000000	0.000000000e+00
0.005000	2.333378689e-03
0.010000	4.643155988e-03
0.015000	6.905969229e-03
0.020000	9.098930768e-03
0.025000	1.119985949e-02
0.030000	1.318750517e-02
0.035000	1.504176339e-02
0.040000	1.674387891e-02
0.045000	1.827663538e-02
0.050000	1.962452945e-02
0.055000	2.077392759e-02
0.060000	2.171320400e-02
0.065000	2.243285820e-02
0.070000	2.292561111e-02
0.075000	2.318647869e-02
0.080000	2.321282236e-02
0.085000	2.300437564e-02
0.090000	2.256324692e-02
0.095000	2.189389807e-02
0.100000	2.100309934e-02
0.105000	1.989986089e-02
0.110000	1.859534162e-02
0.115000	1.710273633e-02
0.120000	1.543714226e-02
0.125000	1.361540636e-02
0.130000	1.165595492e-02
0.135000	9.578607166e-03
0.140000	7.404374824e-03
0.145000	5.155249565e-03
0.150000	2.853980582e-03
0.155000	5.238444861e-04
0.160000	-1.811590132e-03
0.165000	-4.128701087e-03
0.170000	-6.404051533e-03
0.175000	-8.614627016e-03
0.180000	-1.073806826e-02
0.185000	-1.275289734e-02
0.190000	-1.463873487e-02
0.195000	-1.637650622e-02
0.200000	-1.794863438e-02
0.205000	-1.933921775e-02
0.210000	-2.053419104e-02
0.215000	-2.152146746e-02
0.220000	-2.229106102e-02
0.225000	-2.283518753e-02
0.230000	-2.314834331e-02
0.235000	-2.322736091e-02
0.240000	-2.307144107e-02
0.245000	-2.268216087e-02
0.250000	-2.206345778e-02
0.255000	-2.122158976e-02
0.260000	-2.016507206e-02
0.265000	-1.890459101e-02
0.270000	-1.745289598e-02
0.275000	-1.582467042e-02
0.280000	-1.403638330e-02
0.285000	-1.210612259e-02
0.290000	-1.005341227e-02
0.295000	-7.899014850e-03
0.300000	-5.664721388e-03
0.305000	-3.373131055e-03
0.310000	-1.047422566e-03
0.315000	1.288880273e-03
0.320000	3.612146494e-03
0.325000	5.898876992e-03
0.330000	8.125942209e-03
0.335000	1.027081608e-02
0.340000	1.231180389e-02
0.345000	1.422826168e-02
0.350000	1.600080510e-02
0.355000	1.761150541e-02
0.360000	1.904407090e-02
0.365000	2.028401162e-02
0.370000	2.131878596e-02
0.375000	2.213792750e-02
0.380000	2.273315088e-02
0.385000	2.309843561e-02
0.390000	2.323008694e-02
0.395000	2.312677328e-02
0.400000	2.278953959e-02
0.405000	2.222179689e-02
0.410000	2.142928773e-02
0.415000	2.042002808e-02
0.420000	1.920422628e-02
0.425000	1.779417979e-02
0.430000	1.620415078e-02
0.435000	1.445022189e-02
0.440000	1.255013357e-02
0.445000	1.052310460e-02
0.450000	8.389637751e-03
0.455000	6.171312359e-03
0.460000	3.890566088e-03
0.465000	1.570467968e-03
0.470000	-7.655149404e-04
0.475000	-3.093754907e-03
0.480000	-5.390702517e-03
0.485000	-7.633124872e-03
0.490000	-9.798340575e-03
0.495000	-1.186444915e-02
0.500000	-1.381055257e-02
0.505000	-1.561696660e-02
0.510000	-1.726541994e-02
0.515000	-1.873923900e-02
0.520000	-2.002351656e-02
0.525000	-2.110526257e-02
0.530000	-2.197353551e-02
0.535000	-2.261955306e-02
0.540000	-2.303678096e-02
0.545000	-2.322099909e-02
0.550000	-2.317034413e-02
0.555000	-2.288532845e-02
0.560000	-2.236883489e-02
0.565000	-2.162608761e-02
0.570000	-2.066459928e-02
0.575000	-1.949409504e-02
0.580000	-1.812641418e-02
0.585000	-1.657539035e-02
0.590000	-1.485671168e-02
0.595000	-1.298776205e-02
0.600000	-1.098744531e-02
0.605000	-8.875994018e-03
0.610000	-6.674764847e-03
0.615000	-4.406022534e-03
0.620000	-2.092714693e-03
0.625000	2.417602977e-04
0.630000	2.573789959e-03
0.635000	4.879786547e-03
0.640000	7.136425632e-03
0.645000	9.320882022e-03
0.650000	1.141106063e-02
0.655000	1.338581996e-02
0.660000	1.522518594e-02
0.665000	1.691055396e-02
0.670000	1.842487706e-02
0.675000	1.975283834e-02
0.680000	2.088100589e-02
0.685000	2.179796865e-02
0.690000	2.249445183e-02
0.695000	2.296341072e-02
0.700000	2.320010196e-02
0.705000	2.320213147e-02
0.710000	2.296947875e-02
0.715000	2.250449698e-02
0.720000	2.181188933e-02
0.725000	2.089866129e-02
0.730000	1.977404989e-02
0.735000	1.844943020e-02
0.740000	1.693820035e-02
0.745000	1.525564594e-02
0.750000	1.341878548e-02
0.755000	1.144619824e-02
0.760000	9.357836308e-03
0.765000	7.174822816e-03
0.770000	4.919238253e-03
0.775000	2.613897147e-03
0.780000	2.821172947e-04
0.785000	-2.052516085e-03
0.790000	-4.366388911e-03
0.795000	-6.636097091e-03
0.800000	-8.838683241e-03
0.805000	-1.095186890e-02
0.810000	-1.295427985e-02
0.815000	-1.482566235e-02
0.820000	-1.654708795e-02
0.825000	-1.810114497e-02
0.830000	-1.947211462e-02
0.835000	-2.064612997e-02
0.840000	-2.161131622e-02
0.845000	-2.235791083e-02
0.850000	-2.287836221e-02
0.855000	-2.316740618e-02
0.860000	-2.322211914e-02
0.865000	-2.304194768e-02
0.870000	-2.262871419e-02
0.875000	-2.198659839e-02
0.880000	-2.112209508e-02
0.885000	-2.004394844e-02
0.890000	-1.876306358e-02
0.895000	-1.729239625e-02
0.900000	-1.564682178e-02
0.905000	-1.384298465e-02
0.910000	-1.189913009e-02
0.915000	-9.834919577e-03
0.920000	-7.671231956e-03
0.925000	-5.429952244e-03
0.930000	-3.133750277e-03
0.935000	-8.058514134e-04
0.940000	-8.058514134e-04
0.945000	-8.036441443e-04
0.950000	-7.970465200e-04
0.955000	-7.861308257e-04
0.960000	-7.710166559e-04
0.965000	-7.518696046e-04
0.970000	-7.288994509e-04
0.975000	-7.023578607e-04
0.980000	-6.725356292e-04
0.985000	-6.397594949e-04
0.990000	-6.043885601e-04
0.995000	-5.668103561e-04
1.000000	-5.274365976e-04
1.005000	-4.866986717e-04
1.010000	-4.450429117e-04
1.015000	-4.029257067e-04
1.020000	-3.608085018e-04
1.025000	-3.191527418e-04
1.030000	-2.784148159e-04
1.035000	-2.390410574e-04
1.040000	-2.014628534e-04
1.045000	-1.660919185e-04
1.050000	-1.333157843e-04
1.055000	-1.034935527e-04
1.060000	-7.695196251e-05
1.065000	-5.398180886e-05
1.070000	-3.483475758e-05
1.075000	-1.972058776e-05
1.080000	-8.804893418e-06
1.085000	-2.207269180e-06
1.090000	-0.000000000e+00
1.095000	0.000000000e+00
1.100000	0.000000000e+00
1.105000	0.000000000e+00
1.110000	0.000000000e+00
1.115000	0.000000000e+00
1.120000	0.000000000e+00
1.125000	0.000000000e+00
1.130000	0.000000000e+00
1.135000	0.000000000e+00
1.140000	0.000000000e+00
1.145000	0.000000000e+00
1.150000	0.000000000e+00
1.155000	0.000000000e+00
1.160000	0.000000000e+00
1.165000	0.000000000e+00
1.170000	0.000000000e+00
1.175000	0.000000000e+00
1.180000	0.000000000e+00
1.185000	0.000000000e+00
1.190000	0.000000000e+00
1.195000	0.000000000e+00
1.200000	0.000000000e+00
1.205000	0.000000000e+00
1.210000	0.000000000e+00
1.215000	0.000000000e+00
1.220000	0.000000000e+00
1.225000	0.000000000e+00
1.230000	0.000000000e+00
1.235000	0.000000000e+00
1.240000	0.000000000e+00
1.245000	0.000000000e+00
1.250000	0.000000000e+00
1.255000	0.000000000e+00
1.260000	0.000000000e+00
1.265000	0.000000000e+00
1.270000	0.000000000e+00
1.275000	0.000000000e+00
1.280000	0.000000000e+00
1.285000	0.000000000e+00
1.290000	0.000000000e+00
1.295000	0.000000000e+00
1.300000	0.000000000e+00
1.305000	0.000000000e+00
1.310000	0.000000000e+00
1.315000	0.000000000e+00
1.320000	0.000000000e+00
1.325000	0.000000000e+00
1.330000	0.000000000e+00
1.335000	0.000000000e+00
1.340000	0.000000000e+00
1.345000	0.000000000e+00
1.350000	0.000000000e+00
1.355000	0.000000000e+00
1.360000	0.000000000e+00
1.365000	0.000000000e+00
1.370000	0.000000000e+00
1.375000	0.000000000e+00
1.380000	0.000000000e+00
1.385000	0.000000000e+00
1.390000	0.000000000e+00
1.395000	0.000000000e+00
1.400000	0.000000000e+00
1.405000	0.000000000e+00
1.410000	0.000000000e+00
1.415000	0.000000000e+00
1.420000	0.000000000e+00
1.425000	0.000000000e+00
1.430000	0.000000000e+00
1.435000	0.000000000e+00
1.440000	0.000000000e+00
1.445000	0.000000000e+00
1.450000	0.000000000e+00
1.455000	0.000000000e+00
1.460000	0.000000000e+00
1.465000	0.000000000e+00
1.470000	0.000000000e+00
1.475000	0.000000000e+00
1.480000	0.000000000e+00
1.485000	0.000000000e+00
1.490000	0.000000000e+00
1.495000	0.000000000e+00
1.500000	0.000000000e+00
1.505000	0.000000000e+00
1.510000	0.000000000e+00
1.515000	0.000000000e+00
1.520000	0.000000000e+00
1.525000	0.000000000e+00
1.530000	0.000000000e+00
1.535000	0.000000000e+00
1.540000	0.000000000e+00
1.545000	0.000000000e+00
1.550000	0.000000000e+00
1.555000	0.000000000e+00
1.560000	0.000000000e+00
1.565000	0.000000000e+00
1.570000	0.000000000e+00
1.575000	0.000000000e+00
1.580000	0.000000000e+00
1.585000	0.000000000e+00
1.590000	0.000000000e+00
1.595000	0.000000000e+00
1.600000	0.000000000e+00
1.605000	0.000000000e+00
1.610000	0.000000000e+00
1.615000	0.000000000e+00
1.620000	0.000000000e+00
1.625000	0.000000000e+00
1.630000	0.000000000e+00
1.635000	0.000000000e+00
1.640000	0.000000000e+00
1.645000	0.000000000e+00
1.650000	0.000000000e+00
1.655000	0.000000000e+00
1.660000	0.000000000e+00
1.665000	0.000000000e+00
1.670000	0.000000000e+00
1.675000	0.000000000e+00
1.680000	0.000000000e+00
1.685000	0.000000000e+00
1.690000	0.000000000e+00
1.695000	0.000000000e+00
1.700000	0.000000000e+00
1.705000	0.000000000e+00
1.710000	0.000000000e+00
1.715000	0.000000000e+00
1.720000	0.000000000e+00
1.725000	0.000000000e+00
1.730000	0.000000000e+00
1.735000	0.000000000e+00
1.740000	0.000000000e+00
1.745000	0.000000000e+00
1.750000	0.000000000e+00
1.755000	0.000000000e+00
1.760000	0.000000000e+00
1.765000	0.000000000e+00
1.770000	0.000000000e+00
1.775000	0.000000000e+00
1.780000	0.000000000e+00
1.785000	0.000000000e+00
1.790000	0.000000000e+00
1.795000	0.000000000e+00
1.800000	0.000000000e+00
1.805000	0.000000000e+00
1.810000	0.000000000e+00
1.815000	0.000000000e+00
1.820000	0.000000000e+00
1.825000	0.000000000e+00
1.830000	0.000000000e+00
1.835000	0.000000000e+00
1.840000	0.000000000e+00
1.845000	0.000000000e+00
1.850000	0.000000000e+00
1.855000	0.000000000e+00
1.860000	0.000000000e+00
1.865000	0.000000000e+00
1.870000	0.000000000e+00
1.875000	0.000000000e+00
1.880000	0.000000000e+00
1.885000	0.000000000e+00
1.890000	0.000000000e+00
1.895000	0.000000000e+00
1.900000	0.000000000e+00
1.905000	0.000000000e+00
1.910000	0.000000000e+00
1.915000	0.000000000e+00
1.920000	0.000000000e+00
1.925000	0.000000000e+00
1.930000	0.000000000e+00
1.935000	0.000000000e+00
1.940000	0.000000000e+00
1.945000	0.000000000e+00
1.950000	0.000000000e+00
1.955000	0.000000000e+00
1.960000	0.000000000e+00
1.965000	0.000000000e+00
1.970000	0.000000000e+00
1.975000	0.000000000e+00
1.980000	0.000000000e+00
1.985000	0.000000000e+00
1.990000	0.000000000e+00
1.995000	0.000000000e+00
2.000000	0.000000000e+00
2.005000	0.000000000e+00
2.010000	0.000000000e+00
2.015000	0.000000000e+00
2.020000	0.000000000e+00
2.025000	0.000000000e+00
2.030000	0.000000000e+00
2.035000	0.000000000e+00
2.040000	0.000000000e+00
2.045000	0.000000000e+00
2.050000	0.000000000e+00
2.055000	0.000000000e+00
2.060000	0.000000000e+00
2.065000	0.000000000e+00
2.070000	0.000000000e+00
2.075000	0.000000000e+00
2.080000	0.000000000e+00
2.085000	0.000000000e+00
2.090000	0.000000000e+00
2.095000	0.000000000e+00
2.100000	0.000000000e+00
2.105000	0.000000000e+00
2.110000	0.000000000e+00
2.115000	0.000000000e+00
2.120000	0.000000000e+00
2.125000	0.000000000e+00
2.130000	0.000000000e+00
2.135000	0.000000000e+00
2.140000	0.000000000e+00
2.145000	0.000000000e+00
2.150000	0.000000000e+00
2.155000	0.000000000e+00
2.160000	0.000000000e+00
2.165000	0.000000000e+00
2.170000	0.000000000e+00
2.175000	0.000000000e+00
2.180000	0.000000000e+00
2.185000	0.000000000e+00
2.190000	0.000000000e+00
2.195000	0.000000000e+00
2.200000	0.000000000e+00
2.205000	0.000000000e+00
2.210000	0.000000000e+00
2.215000	0.000000000e+00
2.220000	0.000000000e+00
2.225000	0.000000000e+00
2.230000	0.000000000e+00
2.235000	0.000000000e+00
2.240000	0.000000000e+00
2.245000	0.000000000e+00
2.250000	0.000000000e+00
2.255000	0.000000000e+00
2.260000	0.000000000e+00
2.265000	0.000000000e+00
2.270000	0.000000000e+00
2.275000	0.000000000e+00
2.280000	0.000000000e+00
2.285000	0.000000000e+00
2.290000	0.000000000e+00
2.295000	0.000000000e+00
2.300000	0.000000000e+00
2.305000	0.000000000e+00
2.310000	0.000000000e+00
2.315000	0.000000000e+00
2.320000	0.000000000e+00
2.325000	0.000000000e+00
2.330000	0.000000000e+00
2.335000	0.000000000e+00
2.340000	0.000000000e+00
2.345000	0.000000000e+00
2.350000	0.000000000e+00
2.355000	0.000000000e+00
2.360000	0.000000000e+00
2.365000	0.000000000e+00
2.370000	0.000000000e+00
2.375000	0.000000000e+00
2.380000	0.000000000e+00
2.385000	0.000000000e+00
2.390000	0.000000000e+00
2.395000	0.000000000e+00
2.400000	0.000000000e+00
2.405000	0.000000000e+00
2.410000	0.000000000e+00
2.415000	0.000000000e+00
2.420000	0.000000000e+00
2.425000	0.000000000e+00
2.430000	0.000000000e+00
2.435000	0.000000000e+00
2.440000	0.000000000e+00
2.445000	0.000000000e+00
2.450000	0.000000000e+00
2.455000	0.000000000e+00
2.460000	0.000000000e+00
2.465000	0.000000000e+00
2.470000	0.000000000e+00
2.475000	0.000000000e+00
2.480000	0.000000000e+00
2.485000	0.000000000e+00
2.490000	0.000000000e+00
2.495000	0.000000000e+00
2.500000	0.000000000e+00
2.505000	0.000000000e+00
2.510000	0.000000000e+00
2.515000	0.000000000e+00
2.520000	0.000000000e+00
2.525000	0.000000000e+00
2.530000	0.000000000e+00
2.535000	0.000000000e+00
2.540000	0.000000000e+00
2.545000	0.000000000e+00
2.550000	0.000000000e+00
2.555000	0.000000000e+00
2.560000	0.000000000e+00
2.565000	0.000000000e+00
2.570000	0.000000000e+00
2.575000	0.000000000e+00
2.580000	0.000000000e+00
2.585000	0.000000000e+00
2.590000	0.000000000e+00
2.595000	0.000000000e+00
2.600000	0.000000000e+00
2.605000	0.000000000e+00
2.610000	0.000000000e+00
2.615000	0.000000000e+00
2.620000	0.000000000e+00
2.625000	0.000000000e+00
2.630000	0.000000000e+00
2.635000	0.000000000e+00
2.640000	0.000000000e+00
2.645000	0.000000000e+00
2.650000	0.000000000e+00
2.655000	0.000000000e+00
2.660000	0.000000000e+00
2.665000	0.000000000e+00
2.670000	0.000000000e+00
2.675000	0.000000000e+00
2.680000	0.000000000e+00
2.685000	0.000000000e+00
2.690000	0.000000000e+00
2.695000	0.000000000e+00
2.700000	0.000000000e+00
2.705000	0.000000000e+00
2.710000	0.000000000e+00
2.715000	0.000000000e+00
2.720000	0.000000000e+00
2.725000	0.000000000e+00
2.730000	0.000000000e+00
2.735000	0.000000000e+00
2.740000	0.000000000e+00
2.745000	0.000000000e+00
2.750000	0.000000000e+00
2.755000	0.000000000e+00
2.760000	0.000000000e+00
2.765000	0.000000000e+00
2.770000	0.000000000e+00
2.775000	0.000000000e+00
2.780000	0.000000000e+00
2.785000	0.000000000e+00
2.790000	0.000000000e+00
2.795000	0.000000000e+00
2.800000	0.000000000e+00
2.805000	0.000000000e+00
2.810000	0.000000000e+00
2.815000	0.000000000e+00
2.820000	0.000000000e+00
2.825000	0.000000000e+00
2.830000	0.000000000e+00
2.835000	0.000000000e+00
2.840000	0.000000000e+00
2.845000	0.000000000e+00
2.850000	0.000000000e+00
2.855000	0.000000000e+00
2.860000	0.000000000e+00
2.865000	0.000000000e+00
2.870000	0.000000000e+00
2.875000	0.000000000e+00
2.880000	0.000000000e+00
2.885000	0.000000000e+00
2.890000	0.000000000e+00
2.895000	0.000000000e+00
2.900000	0.000000000e+00
2.905000	0.000000000e+00
2.910000	0.000000000e+00
2.915000	0.000000000e+00
2.920000	0.000000000e+00
2.925000	0.000000000e+00
2.930000	0.000000000e+00
2.935000	0.000000000e+00
2.940000	0.000000000e+00
2.945000	0.000000000e+00
2.950000	0.000000000e+00
2.955000	0.000000000e+00
2.960000	0.000000000e+00
2.965000	0.000000000e+00
2.970000	0.000000000e+00
2.975000	0.000000000e+00
2.980000	0.000000000e+00
2.985000	0.000000000e+00
2.990000	0.000000000e+00
2.995000	0.000000000e+00
3.000000	0.000000000e+00
3.005000	0.000000000e+00
3.010000	0.000000000e+00
3.015000	0.000000000e+00
3.020000	0.000000000e+00
3.025000	0.000000000e+00
3.030000	0.000000000e+00
3.035000	0.000000000e+00
3.040000	0.000000000e+00
3.045000	0.000000000e+00
3.050000	0.000000000e+00
3.055000	0.000000000e+00
3.060000	0.000000000e+00
3.065000	0.000000000e+00
3.070000	0.000000000e+00
3.075000	0.000000000e+00
3.080000	0.000000000e+00
3.085000	0.000000000e+00
3.090000	0.000000000e+00
3.095000	0.000000000e+00
3.100000	0.000000000e+00
3.105000	0.000000000e+00
3.110000	0.000000000e+00
3.115000	0.000000000e+00
3.120000	0.000000000e+00
3.125000	0.000000000e+00
3.130000	0.000000000e+00
3.135000	0.000000000e+00
3.140000	0.000000000e+00
3.145000	0.000000000e+00
3.150000	0.000000000e+00
3.155000	0.000000000e+00
3.160000	0.000000000e+00
3.165000	0.000000000e+00
3.170000	0.000000000e+00
3.175000	0.000000000e+00
3.180000	0.000000000e+00
3.185000	0.000000000e+00
3.190000	0.000000000e+00
3.195000	0.000000000e+00
3.200000	0.000000000e+00
3.205000	0.000000000e+00
3.210000	0.000000000e+00
3.215000	0.000000000e+00
3.220000	0.000000000e+00
3.225000	0.000000000e+00
3.230000	0.000000000e+00
3.235000	0.000000000e+00
3.240000	0.000000000e+00
3.245000	0.000000000e+00
3.250000	0.000000000e+00
3.255000	0.000000000e+00
3.260000	0.000000000e+00
3.265000	0.000000000e+00
3.270000	0.000000000e+00
3.275000	0.000000000e+00
3.280000	0.000000000e+00
3.285000	0.000000000e+00
3.290000	0.000000000e+00
3.295000	0.000000000e+00
3.300000	0.000000000e+00
3.305000	0.000000000e+00
3.310000	0.000000000e+00
3.315000	0.000000000e+00
3.320000	0.000000000e+00
3.325000	0.000000000e+00
3.330000	0.000000000e+00
3.335000	0.000000000e+00
3.340000	0.000000000e+00
3.345000	0.000000000e+00
3.350000	0.000000000e+00
3.355000	0.000000000e+00
3.360000	0.000000000e+00
3.365000	0.000000000e+00
3.370000	0.000000000e+00
3.375000	0.000000000e+00
3.380000	0.000000000e+00
3.385000	0.000000000e+00
3.390000	0.000000000e+00
3.395000	0.000000000e+00
3.400000	0.000000000e+00
3.405000	0.000000000e+00
3.410000	0.000000000e+00
3.415000	0.000000000e+00
3.420000	0.000000000e+00
3.425000	0.000000000e+00
3.430000	0.000000000e+00
3.435000	0.000000000e+00
