StratC_run17_T0.3186
597	0
0.000000	0.000000000e+00
0.005000	5.916715237e-03
0.010000	1.177595146e-02
0.015000	1.752078803e-02
0.020000	2.309541570e-02
0.025000	2.844567870e-02
0.030000	3.351960093e-02
0.035000	3.826789085e-02
0.040000	4.264442030e-02
0.045000	4.660667271e-02
0.050000	5.011615603e-02
0.055000	5.313877675e-02
0.060000	5.564517105e-02
0.065000	5.761099013e-02
0.070000	5.901713666e-02
0.075000	5.984995037e-02
0.080000	6.010134074e-02
0.085000	5.976886561e-02
0.090000	5.885575484e-02
0.095000	5.737087904e-02
0.100000	5.532866329e-02
0.105000	5.274894708e-02
0.110000	4.965679154e-02
0.115000	4.608223597e-02
0.120000	4.206000605e-02
0.125000	3.762917648e-02
0.130000	3.283279137e-02
0.135000	2.771744607e-02
0.140000	2.233283455e-02
0.145000	1.673126660e-02
0.150000	1.096715970e-02
0.155000	5.096510303e-03
0.160000	-8.236500767e-04
0.165000	-6.735808956e-03
0.170000	-1.258253158e-02
0.175000	-1.830701889e-02
0.180000	-2.385365931e-02
0.185000	-2.916856897e-02
0.190000	-3.420011521e-02
0.195000	-3.889941814e-02
0.200000	-4.322082554e-02
0.205000	-4.712235628e-02
0.210000	-5.056610824e-02
0.215000	-5.351862645e-02
0.220000	-5.595122814e-02
0.225000	-5.784028134e-02
0.230000	-5.916743450e-02
0.235000	-5.991979475e-02
0.240000	-6.009005315e-02
0.245000	-5.967655569e-02
0.250000	-5.868331937e-02
0.255000	-5.711999316e-02
0.260000	-5.500176429e-02
0.265000	-5.234921067e-02
0.270000	-4.918810103e-02
0.275000	-4.554914455e-02
0.280000	-4.146769254e-02
0.285000	-3.698339501e-02
0.290000	-3.213981550e-02
0.295000	-2.698400784e-02
0.300000	-2.156605909e-02
0.305000	-1.593860289e-02
0.310000	-1.015630820e-02
0.315000	-4.275348197e-03
0.320000	1.647145464e-03
0.325000	7.553637628e-03
0.330000	1.338674859e-02
0.335000	1.908981153e-02
0.340000	2.460742298e-02
0.345000	2.988598111e-02
0.350000	3.487420638e-02
0.355000	3.952363976e-02
0.360000	4.378911349e-02
0.365000	4.762918983e-02
0.370000	5.100656366e-02
0.375000	5.388842486e-02
0.380000	5.624677705e-02
0.385000	5.805870960e-02
0.390000	5.930662015e-02
0.395000	5.997838564e-02
0.400000	6.006748009e-02
0.405000	5.957303796e-02
0.410000	5.849986262e-02
0.415000	5.685837962e-02
0.420000	5.466453544e-02
0.425000	5.193964260e-02
0.430000	4.871017255e-02
0.435000	4.500749858e-02
0.440000	4.086759101e-02
0.445000	3.633066771e-02
0.450000	3.144080347e-02
0.455000	2.624550177e-02
0.460000	2.079523332e-02
0.465000	1.514294575e-02
0.470000	9.343549259e-03
0.475000	3.453383140e-03
0.480000	-2.470331502e-03
0.485000	-2.470331502e-03
0.490000	-2.463994266e-03
0.495000	-2.445047587e-03
0.500000	-2.413685883e-03
0.505000	-2.370230967e-03
0.510000	-2.315128746e-03
0.515000	-2.248944644e-03
0.520000	-2.172357798e-03
0.525000	-2.086154093e-03
0.530000	-1.991218097e-03
0.535000	-1.888523980e-03
0.540000	-1.779125524e-03
0.545000	-1.664145305e-03
0.550000	-1.544763175e-03
0.555000	-1.422204156e-03
0.560000	-1.297725870e-03
0.565000	-1.172605633e-03
0.570000	-1.048127347e-03
0.575000	-9.255683279e-04
0.580000	-8.061861977e-04
0.585000	-6.912059782e-04
0.590000	-5.818075220e-04
0.595000	-4.791134055e-04
0.600000	-3.841774091e-04
0.605000	-2.979737046e-04
0.610000	-2.213868588e-04
0.615000	-1.552027563e-04
0.620000	-1.001005355e-04
0.625000	-5.664561982e-05
0.630000	-2.528391549e-05
0.635000	-6.337236027e-06
0.640000	-0.000000000e+00
0.645000	0.000000000e+00
0.650000	0.000000000e+00
0.655000	0.000000000e+00
0.660000	0.000000000e+00
0.665000	0.000000000e+00
0.670000	0.000000000e+00
0.675000	0.000000000e+00
0.680000	0.000000000e+00
0.685000	0.000000000e+00
0.690000	0.000000000e+00
0.695000	0.000000000e+00
0.700000	0.000000000e+00
0.705000	0.000000000e+00
0.710000	0.000000000e+00
0.715000	0.000000000e+00
0.720000	0.000000000e+00
0.725000	0.000000000e+00
0.730000	0.000000000e+00
0.735000	0.000000000e+00
0.740000	0.000000000e+00
0.745000	0.000000000e+00
0.750000	0.000000000e+00
0.755000	0.000000000e+00
0.760000	0.000000000e+00
0.765000	0.000000000e+00
0.770000	0.000000000e+00
0.775000	0.000000000e+00
0.780000	0.000000000e+00
0.785000	0.000000000e+00
0.790000	0.000000000e+00
0.795000	0.000000000e+00
0.800000	0.000000000e+00
0.805000	0.000000000e+00
0.810000	0.000000000e+00
0.815000	0.000000000e+00
0.820000	0.000000000e+00
0.825000	0.000000000e+00
0.830000	0.000000000e+00
0.835000	0.000000000e+00
0.840000	0.000000000e+00
0.845000	0.000000000e+00
0.850000	0.000000000e+00
0.855000	0.000000000e+00
0.860000	0.000000000e+00
0.865000	0.000000000e+00
0.870000	0.000000000e+00
0.875000	0.000000000e+00
0.880000	0.000000000e+00
0.885000	0.000000000e+00
0.890000	0.000000000e+00
0.895000	0.000000000e+00
0.900000	0.000000000e+00
0.905000	0.000000000e+00
0.910000	0.000000000e+00
0.915000	0.000000000e+00
0.920000	0.000000000e+00
0.925000	0.000000000e+00
0.930000	0.000000000e+00
0.935000	0.000000000e+00
0.940000	0.000000000e+00
0.945000	0.000000000e+00
0.950000	0.000000000e+00
0.955000	0.000000000e+00
0.960000	0.000000000e+00
0.965000	0.000000000e+00
0.970000	0.000000000e+00
0.975000	0.000000000e+00
0.980000	0.000000000e+00
0.985000	0.000000000e+00
0.990000	0.000000000e+00
0.995000	0.000000000e+00
1.000000	0.000000000e+00
1.005000	0.000000000e+00
1.010000	0.000000000e+00
1.015000	0.000000000e+00
1.020000	0.000000000e+00
1.025000	0.000000000e+00
1.030000	0.000000000e+00
1.035000	0.000000000e+00
1.040000	0.000000000e+00
1.045000	0.000000000e+00
1.050000	0.000000000e+00
1.055000	0.000000000e+00
1.060000	0.000000000e+00
1.065000	0.000000000e+00
1.070000	0.000000000e+00
1.075000	0.000000000e+00
1.080000	0.000000000e+00
1.085000	0.000000000e+00
1.090000	0.000000000e+00
1.095000	0.000000000e+00
1.100000	0.000000000e+00
1.105000	0.000000000e+00
1.110000	0.000000000e+00
1.115000	0.000000000e+00
1.120000	0.000000000e+00
1.125000	0.000000000e+00
1.130000	0.000000000e+00
1.135000	0.000000000e+00
1.140000	0.000000000e+00
1.145000	0.000000000e+00
1.150000	0.000000000e+00
1.155000	0.000000000e+00
1.160000	0.000000000e+00
1.165000	0.000000000e+00
1.170000	0.000000000e+00
1.175000	0.000000000e+00
1.180000	0.000000000e+00
1.185000	0.000000000e+00
1.190000	0.000000000e+00
1.195000	0.000000000e+00
1.200000	0.000000000e+00
1.205000	0.000000000e+00
1.210000	0.000000000e+00
1.215000	0.000000000e+00
1.220000	0.000000000e+00
1.225000	0.000000000e+00
1.230000	0.000000000e+00
1.235000	0.000000000e+00
1.240000	0.000000000e+00
1.245000	0.000000000e+00
1.250000	0.000000000e+00
1.255000	0.000000000e+00
1.260000	0.000000000e+00
1.265000	0.000000000e+00
1.270000	0.000000000e+00
1.275000	0.000000000e+00
1.280000	0.000000000e+00
1.285000	0.000000000e+00
1.290000	0.000000000e+00
1.295000	0.000000000e+00
1.300000	0.000000000e+00
1.305000	0.000000000e+00
1.310000	0.000000000e+00
1.315000	0.000000000e+00
1.320000	0.000000000e+00
1.325000	0.000000000e+00
1.330000	0.000000000e+00
1.335000	0.000000000e+00
1.340000	0.000000000e+00
1.345000	0.000000000e+00
1.350000	0.000000000e+00
1.355000	0.000000000e+00
1.360000	0.000000000e+00
1.365000	0.000000000e+00
1.370000	0.000000000e+00
1.375000	0.000000000e+00
1.380000	0.000000000e+00
1.385000	0.000000000e+00
1.390000	0.000000000e+00
1.395000	0.000000000e+00
1.400000	0.000000000e+00
1.405000	0.000000000e+00
1.410000	0.000000000e+00
1.415000	0.000000000e+00
1.420000	0.000000000e+00
1.425000	0.000000000e+00
1.430000	0.000000000e+00
1.435000	0.000000000e+00
1.440000	0.000000000e+00
1.445000	0.000000000e+00
1.450000	0.000000000e+00
1.455000	0.000000000e+00
1.460000	0.000000000e+00
1.465000	0.000000000e+00
1.470000	0.000000000e+00
1.475000	0.000000000e+00
1.480000	0.000000000e+00
1.485000	0.000000000e+00
1.490000	0.000000000e+00
1.495000	0.000000000e+00
1.500000	0.000000000e+00
1.505000	0.000000000e+00
1.510000	0.000000000e+00
1.515000	0.000000000e+00
1.520000	0.000000000e+00
1.525000	0.000000000e+00
1.530000	0.000000000e+00
1.535000	0.000000000e+00
1.540000	0.000000000e+00
1.545000	0.000000000e+00
1.550000	0.000000000e+00
1.555000	0.000000000e+00
1.560000	0.000000000e+00
1.565000	0.000000000e+00
1.570000	0.000000000e+00
1.575000	0.000000000e+00
1.580000	0.000000000e+00
1.585000	0.000000000e+00
1.590000	0.000000000e+00
1.595000	0.000000000e+00
1.600000	0.000000000e+00
1.605000	0.000000000e+00
1.610000	0.000000000e+00
1.615000	0.000000000e+00
1.620000	0.000000000e+00
1.625000	0.000000000e+00
1.630000	0.000000000e+00
1.635000	0.000000000e+00
1.640000	0.000000000e+00
1.645000	0.000000000e+00
1.650000	0.000000000e+00
1.655000	0.000000000e+00
1.660000	0.000000000e+00
1.665000	0.000000000e+00
1.670000	0.000000000e+00
1.675000	0.000000000e+00
1.680000	0.000000000e+00
1.685000	0.000000000e+00
1.690000	0.000000000e+00
1.695000	0.000000000e+00
1.700000	0.000000000e+00
1.705000	0.000000000e+00
1.710000	0.000000000e+00
1.715000	0.000000000e+00
1.720000	0.000000000e+00
1.725000	0.000000000e+00
1.730000	0.000000000e+00
1.735000	0.000000000e+00
1.740000	0.000000000e+00
1.745000	0.000000000e+00
1.750000	0.000000000e+00
1.755000	0.000000000e+00
1.760000	0.000000000e+00
1.765000	0.000000000e+00
1.770000	0.000000000e+00
1.775000	0.000000000e+00
1.780000	0.000000000e+00
1.785000	0.000000000e+00
1.790000	0.000000000e+00
1.795000	0.000000000e+00
1.800000	0.000000000e+00
1.805000	0.000000000e+00
1.810000	0.000000000e+00
1.815000	0.000000000e+00
1.820000	0.000000000e+00
1.825000	0.000000000e+00
1.830000	0.000000000e+00
1.835000	0.000000000e+00
1.840000	0.000000000e+00
1.845000	0.000000000e+00
1.850000	0.000000000e+00
1.855000	0.000000000e+00
1.860000	0.000000000e+00
1.865000	0.000000000e+00
1.870000	0.000000000e+00
1.875000	0.000000000e+00
1.880000	0.000000000e+00
1.885000	0.000000000e+00
1.890000	0.000000000e+00
1.895000	0.000000000e+00
1.900000	0.000000000e+00
1.905000	0.000000000e+00
1.910000	0.000000000e+00
1.915000	0.000000000e+00
1.920000	0.000000000e+00
1.925000	0.000000000e+00
1.930000	0.000000000e+00
1.935000	0.000000000e+00
1.940000	0.000000000e+00
1.945000	0.000000000e+00
1.950000	0.000000000e+00
1.955000	0.000000000e+00
1.960000	0.000000000e+00
1.965000	0.000000000e+00
1.970000	0.000000000e+00
1.975000	0.000000000e+00
1.980000	0.000000000e+00
1.985000	0.000000000e+00
1.990000	0.000000000e+00
1.995000	0.000000000e+00
2.000000	0.000000000e+00
2.005000	0.000000000e+00
2.010000	0.000000000e+00
2.015000	0.000000000e+00
2.020000	0.000000000e+00
2.025000	0.000000000e+00
2.030000	0.000000000e+00
2.035000	0.000000000e+00
2.040000	0.000000000e+00
2.045000	0.000000000e+00
2.050000	0.000000000e+00
2.055000	0.000000000e+00
2.060000	0.000000000e+00
2.065000	0.000000000e+00
2.070000	0.000000000e+00
2.075000	0.000000000e+00
2.080000	0.000000000e+00
2.085000	0.000000000e+00
2.090000	0.000000000e+00
2.095000	0.000000000e+00
2.100000	0.000000000e+00
2.105000	0.000000000e+00
2.110000	0.000000000e+00
2.115000	0.000000000e+00
2.120000	0.000000000e+00
2.125000	0.000000000e+00
2.130000	0.000000000e+00
2.135000	0.000000000e+00
2.140000	0.000000000e+00
2.145000	0.000000000e+00
2.150000	0.000000000e+00
2.155000	0.000000000e+00
2.160000	0.000000000e+00
2.165000	0.000000000e+00
2.170000	0.000000000e+00
2.175000	0.000000000e+00
2.180000	0.000000000e+00
2.185000	0.000000000e+00
2.190000	0.000000000e+00
2.195000	0.000000000e+00
2.200000	0.000000000e+00
2.205000	0.000000000e+00
2.210000	0.000000000e+00
2.215000	0.000000000e+00
2.220000	0.000000000e+00
2.225000	0.000000000e+00
2.230000	0.000000000e+00
2.235000	0.000000000e+00
2.240000	0.000000000e+00
2.245000	0.000000000e+00
2.250000	0.000000000e+00
2.255000	0.000000000e+00
2.260000	0.000000000e+00
2.265000	0.000000000e+00
2.270000	0.000000000e+00
2.275000	0.000000000e+00
2.280000	0.000000000e+00
2.285000	0.000000000e+00
2.290000	0.000000000e+00
2.295000	0.000000000e+00
2.300000	0.000000000e+00
2.305000	0.000000000e+00
2.310000	0.000000000e+00
2.315000	0.000000000e+00
2.320000	0.000000000e+00
2.325000	0.000000000e+00
2.330000	0.000000000e+00
2.335000	0.000000000e+00
2.340000	0.000000000e+00
2.345000	0.000000000e+00
2.350000	0.000000000e+00
2.355000	0.000000000e+00
2.360000	0.000000000e+00
2.365000	0.000000000e+00
2.370000	0.000000000e+00
2.375000	0.000000000e+00
2.380000	0.000000000e+00
2.385000	0.000000000e+00
2.390000	0.000000000e+00
2.395000	0.000000000e+00
2.400000	0.000000000e+00
2.405000	0.000000000e+00
2.410000	0.000000000e+00
2.415000	0.000000000e+00
2.420000	0.000000000e+00
2.425000	0.000000000e+00
2.430000	0.000000000e+00
2.435000	0.000000000e+00
2.440000	0.000000000e+00
2.445000	0.000000000e+00
2.450000	0.000000000e+00
2.455000	0.000000000e+00
2.460000	0.000000000e+00
2.465000	0.000000000e+00
2.470000	0.000000000e+00
2.475000	0.000000000e+00
2.480000	0.000000000e+00
2.485000	0.000000000e+00
2.490000	0.000000000e+00
2.495000	0.000000000e+00
2.500000	0.000000000e+00
2.505000	0.000000000e+00
2.510000	0.000000000e+00
2.515000	0.000000000e+00
2.520000	0.000000000e+00
2.525000	0.000000000e+00
2.530000	0.000000000e+00
2.535000	0.000000000e+00
2.540000	0.000000000e+00
2.545000	0.000000000e+00
2.550000	0.000000000e+00
2.555000	0.000000000e+00
2.560000	0.000000000e+00
2.565000	0.000000000e+00
2.570000	0.000000000e+00
2.575000	0.000000000e+00
2.580000	0.000000000e+00
2.585000	0.000000000e+00
2.590000	0.000000000e+00
2.595000	0.000000000e+00
2.600000	0.000000000e+00
2.605000	0.000000000e+00
2.610000	0.000000000e+00
2.615000	0.000000000e+00
2.620000	0.000000000e+00
2.625000	0.000000000e+00
2.630000	0.000000000e+00
2.635000	0.000000000e+00
2.640000	0.000000000e+00
2.645000	0.000000000e+00
2.650000	0.000000000e+00
2.655000	0.000000000e+00
2.660000	0.000000000e+00
2.665000	0.000000000e+00
2.670000	0.000000000e+00
2.675000	0.000000000e+00
2.680000	0.000000000e+00
2.685000	0.000000000e+00
2.690000	0.000000000e+00
2.695000	0.000000000e+00
2.700000	0.000000000e+00
2.705000	0.000000000e+00
2.710000	0.000000000e+00
2.715000	0.000000000e+00
2.720000	0.000000000e+00
2.725000	0.000000000e+00
2.730000	0.000000000e+00
2.735000	0.000000000e+00
2.740000	0.000000000e+00
2.745000	0.000000000e+00
2.750000	0.000000000e+00
2.755000	0.000000000e+00
2.760000	0.000000000e+00
2.765000	0.000000000e+00
2.770000	0.000000000e+00
2.775000	0.000000000e+00
2.780000	0.000000000e+00
2.785000	0.000000000e+00
2.790000	0.000000000e+00
2.795000	0.000000000e+00
2.800000	0.000000000e+00
2.805000	0.000000000e+00
2.810000	0.000000000e+00
2.815000	0.000000000e+00
2.820000	0.000000000e+00
2.825000	0.000000000e+00
2.830000	0.000000000e+00
2.835000	0.000000000e+00
2.840000	0.000000000e+00
2.845000	0.000000000e+00
2.850000	0.000000000e+00
2.855000	0.000000000e+00
2.860000	0.000000000e+00
2.865000	0.000000000e+00
2.870000	0.000000000e+00
2.875000	0.000000000e+00
2.880000	0.000000000e+00
2.885000	0.000000000e+00
2.890000	0.000000000e+00
2.895000	0.000000000e+00
2.900000	0.000000000e+00
2.905000	0.000000000e+00
2.910000	0.000000000e+00
2.915000	0.000000000e+00
2.920000	0.000000000e+00
2.925000	0.000000000e+00
2.930000	0.000000000e+00
2.935000	0.000000000e+00
2.940000	0.000000000e+00
2.945000	0.000000000e+00
2.950000	0.000000000e+00
2.955000	0.000000000e+00
2.960000	0.000000000e+00
2.965000	0.000000000e+00
2.970000	0.000000000e+00
2.975000	0.000000000e+00
2.980000	0.000000000e+00
