Run08_EC40_s0p40
71	0
0.000000	0.000000000e+00
0.005000	6.894295355e-03
0.010000	1.323005590e-02
0.015000	1.849399600e-02
0.020000	2.225966253e-02
0.025000	2.422198359e-02
0.030000	2.422198359e-02
0.035000	2.225966253e-02
0.040000	1.849399600e-02
0.045000	1.323005590e-02
0.050000	6.894295355e-03
0.055000	2.996840987e-18
0.060000	-6.894295355e-03
0.065000	-1.323005590e-02
0.070000	-1.849399600e-02
0.075000	-2.225966253e-02
0.080000	-2.422198359e-02
0.085000	-2.422198359e-02
0.090000	-2.225966253e-02
0.095000	-1.849399600e-02
0.100000	-1.323005590e-02
0.105000	-6.894295355e-03
0.110000	-5.993681975e-18
0.115000	8.342524202e-03
0.120000	1.654230550e-02
0.125000	2.445904337e-02
0.130000	3.195728022e-02
0.135000	3.890871915e-02
0.140000	4.519441910e-02
0.145000	5.070683002e-02
0.150000	5.535163301e-02
0.155000	5.904935422e-02
0.160000	6.173672461e-02
0.165000	6.336776252e-02
0.170000	6.391456044e-02
0.175000	6.336776252e-02
0.180000	6.173672461e-02
0.185000	5.904935422e-02
0.190000	5.535163301e-02
0.195000	5.070683002e-02
0.200000	4.519441910e-02
0.205000	3.890871915e-02
0.210000	3.195728022e-02
0.215000	2.445904337e-02
0.220000	1.654230550e-02
0.225000	8.342524202e-03
0.230000	7.827276186e-18
0.235000	-8.342524202e-03
0.240000	-1.654230550e-02
0.245000	-2.445904337e-02
0.250000	-3.195728022e-02
0.255000	-3.890871915e-02
0.260000	-4.519441910e-02
0.265000	-5.070683002e-02
0.270000	-5.535163301e-02
0.275000	-5.904935422e-02
0.280000	-6.173672461e-02
0.285000	-6.336776252e-02
0.290000	-6.391456044e-02
0.295000	-6.336776252e-02
0.300000	-6.173672461e-02
0.305000	-5.904935422e-02
0.310000	-5.535163301e-02
0.315000	-5.070683002e-02
0.320000	-4.519441910e-02
0.325000	-3.890871915e-02
0.330000	-3.195728022e-02
0.335000	-2.445904337e-02
0.340000	-1.654230550e-02
0.345000	-8.342524202e-03
0.350000	-1.565455237e-17
