Run02_HU12_s0p75
71	0
0.000000	0.000000000e+00
0.005000	5.690407945e-03
0.010000	1.091981288e-02
0.015000	1.526455952e-02
0.020000	1.837266233e-02
0.025000	1.999232130e-02
0.030000	1.999232130e-02
0.035000	1.837266233e-02
0.040000	1.526455952e-02
0.045000	1.091981288e-02
0.050000	5.690407945e-03
0.055000	2.473530200e-18
0.060000	-5.690407945e-03
0.065000	-1.091981288e-02
0.070000	-1.526455952e-02
0.075000	-1.837266233e-02
0.080000	-1.999232130e-02
0.085000	-1.999232130e-02
0.090000	-1.837266233e-02
0.095000	-1.526455952e-02
0.100000	-1.091981288e-02
0.105000	-5.690407945e-03
0.110000	-4.947060399e-18
0.115000	2.257665489e-03
0.120000	4.476701696e-03
0.125000	6.619140295e-03
0.130000	8.648323569e-03
0.135000	1.052953163e-02
0.140000	1.223057648e-02
0.145000	1.372235278e-02
0.150000	1.497933582e-02
0.155000	1.598001827e-02
0.160000	1.670727818e-02
0.165000	1.714867192e-02
0.170000	1.729664714e-02
0.175000	1.714867192e-02
0.180000	1.670727818e-02
0.185000	1.598001827e-02
0.190000	1.497933582e-02
0.195000	1.372235278e-02
0.200000	1.223057648e-02
0.205000	1.052953163e-02
0.210000	8.648323569e-03
0.215000	6.619140295e-03
0.220000	4.476701696e-03
0.225000	2.257665489e-03
0.230000	2.118228355e-18
0.235000	-2.257665489e-03
0.240000	-4.476701696e-03
0.245000	-6.619140295e-03
0.250000	-8.648323569e-03
0.255000	-1.052953163e-02
0.260000	-1.223057648e-02
0.265000	-1.372235278e-02
0.270000	-1.497933582e-02
0.275000	-1.598001827e-02
0.280000	-1.670727818e-02
0.285000	-1.714867192e-02
0.290000	-1.729664714e-02
0.295000	-1.714867192e-02
0.300000	-1.670727818e-02
0.305000	-1.598001827e-02
0.310000	-1.497933582e-02
0.315000	-1.372235278e-02
0.320000	-1.223057648e-02
0.325000	-1.052953163e-02
0.330000	-8.648323569e-03
0.335000	-6.619140295e-03
0.340000	-4.476701696e-03
0.345000	-2.257665489e-03
0.350000	-4.236456710e-18
