Run03_EC40_s0p20
71	0
0.000000	0.000000000e+00
0.005000	3.447147677e-03
0.010000	6.615027951e-03
0.015000	9.246998001e-03
0.020000	1.112983127e-02
0.025000	1.211099180e-02
0.030000	1.211099180e-02
0.035000	1.112983127e-02
0.040000	9.246998001e-03
0.045000	6.615027951e-03
0.050000	3.447147677e-03
0.055000	1.498420494e-18
0.060000	-3.447147677e-03
0.065000	-6.615027951e-03
0.070000	-9.246998001e-03
0.075000	-1.112983127e-02
0.080000	-1.211099180e-02
0.085000	-1.211099180e-02
0.090000	-1.112983127e-02
0.095000	-9.246998001e-03
0.100000	-6.615027951e-03
0.105000	-3.447147677e-03
0.110000	-2.996840987e-18
0.115000	4.171262101e-03
0.120000	8.271152751e-03
0.125000	1.222952168e-02
0.130000	1.597864011e-02
0.135000	1.945435957e-02
0.140000	2.259720955e-02
0.145000	2.535341501e-02
0.150000	2.767581651e-02
0.155000	2.952467711e-02
0.160000	3.086836230e-02
0.165000	3.168388126e-02
0.170000	3.195728022e-02
0.175000	3.168388126e-02
0.180000	3.086836230e-02
0.185000	2.952467711e-02
0.190000	2.767581651e-02
0.195000	2.535341501e-02
0.200000	2.259720955e-02
0.205000	1.945435957e-02
0.210000	1.597864011e-02
0.215000	1.222952168e-02
0.220000	8.271152751e-03
0.225000	4.171262101e-03
0.230000	3.913638093e-18
0.235000	-4.171262101e-03
0.240000	-8.271152751e-03
0.245000	-1.222952168e-02
0.250000	-1.597864011e-02
0.255000	-1.945435957e-02
0.260000	-2.259720955e-02
0.265000	-2.535341501e-02
0.270000	-2.767581651e-02
0.275000	-2.952467711e-02
0.280000	-3.086836230e-02
0.285000	-3.168388126e-02
0.290000	-3.195728022e-02
0.295000	-3.168388126e-02
0.300000	-3.086836230e-02
0.305000	-2.952467711e-02
0.310000	-2.767581651e-02
0.315000	-2.535341501e-02
0.320000	-2.259720955e-02
0.325000	-1.945435957e-02
0.330000	-1.597864011e-02
0.335000	-1.222952168e-02
0.340000	-8.271152751e-03
0.345000	-4.171262101e-03
0.350000	-7.827276186e-18
