Run01_HU12_s0p50
71	0
0.000000	0.000000000e+00
0.005000	3.793605297e-03
0.010000	7.279875254e-03
0.015000	1.017637301e-02
0.020000	1.224844155e-02
0.025000	1.332821420e-02
0.030000	1.332821420e-02
0.035000	1.224844155e-02
0.040000	1.017637301e-02
0.045000	7.279875254e-03
0.050000	3.793605297e-03
0.055000	1.649020133e-18
0.060000	-3.793605297e-03
0.065000	-7.279875254e-03
0.070000	-1.017637301e-02
0.075000	-1.224844155e-02
0.080000	-1.332821420e-02
0.085000	-1.332821420e-02
0.090000	-1.224844155e-02
0.095000	-1.017637301e-02
0.100000	-7.279875254e-03
0.105000	-3.793605297e-03
0.110000	-3.298040266e-18
0.115000	1.505110326e-03
0.120000	2.984467797e-03
0.125000	4.412760197e-03
0.130000	5.765549046e-03
0.135000	7.019687752e-03
0.140000	8.153717655e-03
0.145000	9.148235188e-03
0.150000	9.986223881e-03
0.155000	1.065334551e-02
0.160000	1.113818545e-02
0.165000	1.143244795e-02
0.170000	1.153109809e-02
0.175000	1.143244795e-02
0.180000	1.113818545e-02
0.185000	1.065334551e-02
0.190000	9.986223881e-03
0.195000	9.148235188e-03
0.200000	8.153717655e-03
0.205000	7.019687752e-03
0.210000	5.765549046e-03
0.215000	4.412760197e-03
0.220000	2.984467797e-03
0.225000	1.505110326e-03
0.230000	1.412152237e-18
0.235000	-1.505110326e-03
0.240000	-2.984467797e-03
0.245000	-4.412760197e-03
0.250000	-5.765549046e-03
0.255000	-7.019687752e-03
0.260000	-8.153717655e-03
0.265000	-9.148235188e-03
0.270000	-9.986223881e-03
0.275000	-1.065334551e-02
0.280000	-1.113818545e-02
0.285000	-1.143244795e-02
0.290000	-1.153109809e-02
0.295000	-1.143244795e-02
0.300000	-1.113818545e-02
0.305000	-1.065334551e-02
0.310000	-9.986223881e-03
0.315000	-9.148235188e-03
0.320000	-8.153717655e-03
0.325000	-7.019687752e-03
0.330000	-5.765549046e-03
0.335000	-4.412760197e-03
0.340000	-2.984467797e-03
0.345000	-1.505110326e-03
0.350000	-2.824304474e-18
