Run20_HU12_s5p50
71	0
0.000000	0.000000000e+00
0.005000	4.172965826e-02
0.010000	8.007862779e-02
0.015000	1.119401031e-01
0.020000	1.347328571e-01
0.025000	1.466103562e-01
0.030000	1.466103562e-01
0.035000	1.347328571e-01
0.040000	1.119401031e-01
0.045000	8.007862779e-02
0.050000	4.172965826e-02
0.055000	1.813922146e-17
0.060000	-4.172965826e-02
0.065000	-8.007862779e-02
0.070000	-1.119401031e-01
0.075000	-1.347328571e-01
0.080000	-1.466103562e-01
0.085000	-1.466103562e-01
0.090000	-1.347328571e-01
0.095000	-1.119401031e-01
0.100000	-8.007862779e-02
0.105000	-4.172965826e-02
0.110000	-3.627844293e-17
0.115000	1.655621359e-02
0.120000	3.282914577e-02
0.125000	4.854036216e-02
0.130000	6.342103950e-02
0.135000	7.721656527e-02
0.140000	8.969089420e-02
0.145000	1.006305871e-01
0.150000	1.098484627e-01
0.155000	1.171868007e-01
0.160000	1.225200400e-01
0.165000	1.257569274e-01
0.170000	1.268420790e-01
0.175000	1.257569274e-01
0.180000	1.225200400e-01
0.185000	1.171868007e-01
0.190000	1.098484627e-01
0.195000	1.006305871e-01
0.200000	8.969089420e-02
0.205000	7.721656527e-02
0.210000	6.342103950e-02
0.215000	4.854036216e-02
0.220000	3.282914577e-02
0.225000	1.655621359e-02
0.230000	1.553367461e-17
0.235000	-1.655621359e-02
0.240000	-3.282914577e-02
0.245000	-4.854036216e-02
0.250000	-6.342103950e-02
0.255000	-7.721656527e-02
0.260000	-8.969089420e-02
0.265000	-1.006305871e-01
0.270000	-1.098484627e-01
0.275000	-1.171868007e-01
0.280000	-1.225200400e-01
0.285000	-1.257569274e-01
0.290000	-1.268420790e-01
0.295000	-1.257569274e-01
0.300000	-1.225200400e-01
0.305000	-1.171868007e-01
0.310000	-1.098484627e-01
0.315000	-1.006305871e-01
0.320000	-8.969089420e-02
0.325000	-7.721656527e-02
0.330000	-6.342103950e-02
0.335000	-4.854036216e-02
0.340000	-3.282914577e-02
0.345000	-1.655621359e-02
0.350000	-3.106734921e-17
