Run25_FR76_s2p00
71	0
0.000000	0.000000000e+00
0.005000	2.748941106e-02
0.010000	5.275179353e-02
0.015000	7.374053941e-02
0.020000	8.875526534e-02
0.025000	9.657956752e-02
0.030000	9.657956752e-02
0.035000	8.875526534e-02
0.040000	7.374053941e-02
0.045000	5.275179353e-02
0.050000	2.748941106e-02
0.055000	1.194921157e-17
0.060000	-2.748941106e-02
0.065000	-5.275179353e-02
0.070000	-7.374053941e-02
0.075000	-8.875526534e-02
0.080000	-9.657956752e-02
0.085000	-9.657956752e-02
0.090000	-8.875526534e-02
0.095000	-7.374053941e-02
0.100000	-5.275179353e-02
0.105000	-2.748941106e-02
0.110000	-2.389842313e-17
0.115000	4.430949833e-02
0.120000	8.786084887e-02
0.125000	1.299088759e-01
0.130000	1.697341261e-01
0.135000	2.066551783e-01
0.140000	2.400403031e-01
0.145000	2.693182718e-01
0.150000	2.939881302e-01
0.155000	3.136277701e-01
0.160000	3.279011520e-01
0.165000	3.365640542e-01
0.170000	3.394682522e-01
0.175000	3.365640542e-01
0.180000	3.279011520e-01
0.185000	3.136277701e-01
0.190000	2.939881302e-01
0.195000	2.693182718e-01
0.200000	2.400403031e-01
0.205000	2.066551783e-01
0.210000	1.697341261e-01
0.215000	1.299088759e-01
0.220000	8.786084887e-02
0.225000	4.430949833e-02
0.230000	4.157287084e-17
0.235000	-4.430949833e-02
0.240000	-8.786084887e-02
0.245000	-1.299088759e-01
0.250000	-1.697341261e-01
0.255000	-2.066551783e-01
0.260000	-2.400403031e-01
0.265000	-2.693182718e-01
0.270000	-2.939881302e-01
0.275000	-3.136277701e-01
0.280000	-3.279011520e-01
0.285000	-3.365640542e-01
0.290000	-3.394682522e-01
0.295000	-3.365640542e-01
0.300000	-3.279011520e-01
0.305000	-3.136277701e-01
0.310000	-2.939881302e-01
0.315000	-2.693182718e-01
0.320000	-2.400403031e-01
0.325000	-2.066551783e-01
0.330000	-1.697341261e-01
0.335000	-1.299088759e-01
0.340000	-8.786084887e-02
0.345000	-4.430949833e-02
0.350000	-8.314574169e-17
