         time Top_Quarte... 
------------- ------------- 
 4.038461e-04 -1.801862e-02 
 8.076922e-04 -1.800850e-02 
 1.211538e-03 -1.799749e-02 
 1.615384e-03 -1.798574e-02 
 2.019230e-03 -1.797346e-02 
 2.423077e-03 -1.796086e-02 
 2.826923e-03 -1.794813e-02 
 3.230769e-03 -1.793506e-02 
 3.634615e-03 -1.792149e-02 
 4.038461e-03 -1.790740e-02 
 4.442307e-03 -1.789288e-02 
 4.846153e-03 -1.787795e-02 
 5.249999e-03 -1.786266e-02 
 5.653845e-03 -1.784711e-02 
 6.057691e-03 -1.783135e-02 
 6.461537e-03 -1.781534e-02 
 6.865383e-03 -1.779917e-02 
 7.269230e-03 -1.778285e-02 
 7.673076e-03 -1.776648e-02 
 8.076922e-03 -1.775033e-02 
 8.480768e-03 -1.773469e-02 
 8.884614e-03 -1.771991e-02 
 9.288460e-03 -1.770606e-02 
 9.692306e-03 -1.769309e-02 
 1.009615e-02 -1.768112e-02 
 1.050000e-02 -1.767010e-02 
 1.090384e-02 -1.765995e-02 
 1.130769e-02 -1.765055e-02 
 1.171154e-02 -1.764175e-02 
 1.211538e-02 -1.763344e-02 
 1.251923e-02 -1.762554e-02 
 1.292307e-02 -1.761804e-02 
 1.332692e-02 -1.761094e-02 
 1.373077e-02 -1.760441e-02 
 1.413461e-02 -1.759838e-02 
 1.453846e-02 -1.759268e-02 
 1.494231e-02 -1.758741e-02 
 1.534615e-02 -1.758262e-02 
 1.575000e-02 -1.757826e-02 
 1.615384e-02 -1.757422e-02 
 1.655769e-02 -1.757051e-02 
 1.696154e-02 -1.756708e-02 
 1.736538e-02 -1.756381e-02 
 1.776923e-02 -1.756058e-02 
 1.817307e-02 -1.755733e-02 
 1.857692e-02 -1.755384e-02 
 1.898077e-02 -1.754993e-02 
 1.938461e-02 -1.754561e-02 
 1.978846e-02 -1.754085e-02 
 2.019230e-02 -1.753550e-02 
 2.059615e-02 -1.752946e-02 
 2.100000e-02 -1.752290e-02 
 2.140384e-02 -1.751604e-02 
 2.180769e-02 -1.750912e-02 
 2.221153e-02 -1.750242e-02 
 2.261538e-02 -1.749597e-02 
 2.301923e-02 -1.748988e-02 
 2.342307e-02 -1.748413e-02 
 2.382692e-02 -1.747863e-02 
 2.423077e-02 -1.747343e-02 
 2.463461e-02 -1.746852e-02 
 2.503846e-02 -1.746365e-02 
 2.544230e-02 -1.745854e-02 
 2.584615e-02 -1.745316e-02 
 2.625000e-02 -1.744752e-02 
 2.665384e-02 -1.744167e-02 
 2.705769e-02 -1.743561e-02 
 2.746153e-02 -1.742934e-02 
 2.786538e-02 -1.742281e-02 
 2.826923e-02 -1.741614e-02 
 2.867307e-02 -1.740936e-02 
 2.907692e-02 -1.740254e-02 
 2.948076e-02 -1.739587e-02 
 2.988461e-02 -1.738948e-02 
 3.028846e-02 -1.738366e-02 
 3.069230e-02 -1.737845e-02 
 3.109615e-02 -1.737370e-02 
 3.149999e-02 -1.736915e-02 
 3.190384e-02 -1.736458e-02 
 3.230769e-02 -1.735979e-02 
 3.271153e-02 -1.735450e-02 
 3.311538e-02 -1.734864e-02 
 3.351923e-02 -1.734204e-02 
 3.392307e-02 -1.733460e-02 
 3.432692e-02 -1.732649e-02 
 3.473076e-02 -1.731776e-02 
 3.513461e-02 -1.730856e-02 
 3.553846e-02 -1.729909e-02 
 3.594230e-02 -1.728939e-02 
 3.634615e-02 -1.727949e-02 
 3.674999e-02 -1.726940e-02 
 3.715384e-02 -1.725919e-02 
 3.755769e-02 -1.724878e-02 
 3.796153e-02 -1.723809e-02 
 3.836538e-02 -1.722706e-02 
 3.876922e-02 -1.721550e-02 
 3.917307e-02 -1.720340e-02 
 3.957692e-02 -1.719058e-02 
 3.998076e-02 -1.717695e-02 
 4.038461e-02 -1.716242e-02 
 4.078845e-02 -1.714693e-02 
 4.119230e-02 -1.713055e-02 
 4.159615e-02 -1.711330e-02 
 4.199999e-02 -1.709518e-02 
 4.240384e-02 -1.707624e-02 
 4.280769e-02 -1.705662e-02 
 4.321153e-02 -1.703652e-02 
 4.361538e-02 -1.701599e-02 
 4.401922e-02 -1.699493e-02 
 4.442307e-02 -1.697317e-02 
 4.482692e-02 -1.695060e-02 
 4.523076e-02 -1.692721e-02 
 4.563461e-02 -1.690303e-02 
 4.603845e-02 -1.687798e-02 
 4.644230e-02 -1.685206e-02 
 4.684615e-02 -1.682526e-02 
 4.724999e-02 -1.679743e-02 
 4.765384e-02 -1.676856e-02 
 4.805768e-02 -1.673866e-02 
 4.846153e-02 -1.670786e-02 
 4.886538e-02 -1.667634e-02 
 4.926922e-02 -1.664429e-02 
 4.967307e-02 -1.661203e-02 
 5.007691e-02 -1.657972e-02 
 5.048076e-02 -1.654751e-02 
 5.088461e-02 -1.651543e-02 
 5.128845e-02 -1.648339e-02 
 5.169230e-02 -1.645139e-02 
 5.209615e-02 -1.641925e-02 
 5.249999e-02 -1.638685e-02 
 5.290384e-02 -1.635403e-02 
 5.330768e-02 -1.632061e-02 
 5.371153e-02 -1.628672e-02 
 5.411538e-02 -1.625247e-02 
 5.451922e-02 -1.621793e-02 
 5.492307e-02 -1.618325e-02 
 5.532691e-02 -1.614855e-02 
 5.573076e-02 -1.611395e-02 
 5.613461e-02 -1.607963e-02 
 5.653845e-02 -1.604576e-02 
 5.694230e-02 -1.601243e-02 
 5.734614e-02 -1.597966e-02 
 5.774999e-02 -1.594755e-02 
 5.815384e-02 -1.591595e-02 
 5.855768e-02 -1.588478e-02 
 5.896153e-02 -1.585389e-02 
 5.936537e-02 -1.582287e-02 
 5.976922e-02 -1.579148e-02 
 6.017307e-02 -1.575951e-02 
 6.057691e-02 -1.572678e-02 
 6.098076e-02 -1.569319e-02 
 6.138461e-02 -1.565889e-02 
 6.178845e-02 -1.562400e-02 
 6.219230e-02 -1.558873e-02 
 6.259614e-02 -1.555335e-02 
 6.299999e-02 -1.551819e-02 
 6.340384e-02 -1.548342e-02 
 6.380768e-02 -1.544888e-02 
 6.421153e-02 -1.541451e-02 
 6.461537e-02 -1.538050e-02 
 6.501922e-02 -1.534683e-02 
 6.542307e-02 -1.531354e-02 
 6.582691e-02 -1.528063e-02 
 6.623076e-02 -1.524800e-02 
 6.663460e-02 -1.521566e-02 
 6.703845e-02 -1.518340e-02 
 6.744230e-02 -1.515130e-02 
 6.784614e-02 -1.511934e-02 
 6.824999e-02 -1.508729e-02 
 6.865383e-02 -1.505503e-02 
 6.905768e-02 -1.502260e-02 
 6.946153e-02 -1.499033e-02 
 6.986537e-02 -1.495845e-02 
 7.026922e-02 -1.492723e-02 
 7.067307e-02 -1.489702e-02 
 7.107691e-02 -1.486820e-02 
 7.148076e-02 -1.484085e-02 
 7.188460e-02 -1.481493e-02 
 7.228845e-02 -1.479034e-02 
 7.269230e-02 -1.476673e-02 
 7.309614e-02 -1.474387e-02 
 7.349999e-02 -1.472185e-02 
 7.390383e-02 -1.470069e-02 
 7.430768e-02 -1.468032e-02 
 7.471153e-02 -1.466052e-02 
 7.511537e-02 -1.464141e-02 
 7.551922e-02 -1.462306e-02 
 7.592306e-02 -1.460567e-02 
 7.632691e-02 -1.458932e-02 
 7.673076e-02 -1.457398e-02 
 7.713460e-02 -1.455967e-02 
 7.753845e-02 -1.454638e-02 
 7.794229e-02 -1.453400e-02 
 7.834614e-02 -1.452266e-02 
 7.874999e-02 -1.451248e-02 
 7.915383e-02 -1.450334e-02 
 7.955768e-02 -1.449501e-02 
 7.996153e-02 -1.448735e-02 
 8.036537e-02 -1.448048e-02 
 8.076922e-02 -1.447425e-02 
 8.117306e-02 -1.446865e-02 
 8.157691e-02 -1.446364e-02 
 8.198076e-02 -1.445928e-02 
 8.238460e-02 -1.445550e-02 
 8.278845e-02 -1.445221e-02 
 8.319229e-02 -1.444948e-02 
 8.359614e-02 -1.444726e-02 
 8.399999e-02 -1.444523e-02 
 8.440383e-02 -1.444338e-02 
 8.480768e-02 -1.444158e-02 
 8.521152e-02 -1.443948e-02 
 8.561537e-02 -1.443686e-02 
 8.601922e-02 -1.443370e-02 
 8.642306e-02 -1.443021e-02 
 8.682691e-02 -1.442667e-02 
 8.723075e-02 -1.442356e-02 
 8.763460e-02 -1.442115e-02 
 8.803845e-02 -1.441957e-02 
 8.844229e-02 -1.441891e-02 
 8.884614e-02 -1.441919e-02 
 8.924999e-02 -1.442058e-02 
 8.965383e-02 -1.442332e-02 
 9.005768e-02 -1.442754e-02 
 9.046152e-02 -1.443345e-02 
 9.086537e-02 -1.444131e-02 
 9.126922e-02 -1.445137e-02 
 9.167306e-02 -1.446390e-02 
 9.207691e-02 -1.447895e-02 
 9.248075e-02 -1.449649e-02 
 9.288460e-02 -1.451640e-02 
 9.328845e-02 -1.453864e-02 
 9.369229e-02 -1.456297e-02 
 9.409614e-02 -1.458910e-02 
 9.449998e-02 -1.461695e-02 
 9.490383e-02 -1.464659e-02 
 9.530768e-02 -1.467831e-02 
 9.571152e-02 -1.471244e-02 
 9.611537e-02 -1.474891e-02 
 9.651921e-02 -1.478731e-02 
 9.692306e-02 -1.482732e-02 
 9.732691e-02 -1.486899e-02 
 9.773075e-02 -1.491237e-02 
 9.813460e-02 -1.495717e-02 
 9.853845e-02 -1.500327e-02 
 9.894229e-02 -1.505023e-02 
 9.934614e-02 -1.509756e-02 
 9.974998e-02 -1.514497e-02 
 1.001538e-01 -1.519212e-02 
 1.005577e-01 -1.523868e-02 
 1.009615e-01 -1.528446e-02 
 1.013654e-01 -1.532939e-02 
 1.017692e-01 -1.537363e-02 
 1.021731e-01 -1.541718e-02 
 1.025769e-01 -1.546011e-02 
 1.029808e-01 -1.550222e-02 
 1.033846e-01 -1.554306e-02 
 1.037884e-01 -1.558231e-02 
 1.041923e-01 -1.561985e-02 
 1.045961e-01 -1.565559e-02 
 1.050000e-01 -1.568937e-02 
 1.054038e-01 -1.572131e-02 
 1.058077e-01 -1.575158e-02 
 1.062115e-01 -1.578054e-02 
 1.066154e-01 -1.580852e-02 
 1.070192e-01 -1.583575e-02 
 1.074231e-01 -1.586235e-02 
 1.078269e-01 -1.588849e-02 
 1.082308e-01 -1.591450e-02 
 1.086346e-01 -1.594062e-02 
 1.090384e-01 -1.596699e-02 
 1.094423e-01 -1.599370e-02 
 1.098461e-01 -1.602076e-02 
 1.102500e-01 -1.604842e-02 
 1.106538e-01 -1.607689e-02 
 1.110577e-01 -1.610636e-02 
 1.114615e-01 -1.613701e-02 
 1.118654e-01 -1.616901e-02 
 1.122692e-01 -1.620229e-02 
 1.126731e-01 -1.623696e-02 
 1.130769e-01 -1.627309e-02 
 1.134808e-01 -1.631048e-02 
 1.138846e-01 -1.634917e-02 
 1.142884e-01 -1.638903e-02 
 1.146923e-01 -1.643005e-02 
 1.150961e-01 -1.647231e-02 
 1.155000e-01 -1.651578e-02 
 1.159038e-01 -1.656001e-02 
 1.163077e-01 -1.660513e-02 
 1.167115e-01 -1.665099e-02 
 1.171154e-01 -1.669722e-02 
 1.175192e-01 -1.674366e-02 
 1.179231e-01 -1.678993e-02 
 1.183269e-01 -1.683547e-02 
 1.187307e-01 -1.688030e-02 
 1.191346e-01 -1.692435e-02 
 1.195384e-01 -1.696790e-02 
 1.199423e-01 -1.701067e-02 
 1.203461e-01 -1.705239e-02 
 1.207500e-01 -1.709336e-02 
 1.211538e-01 -1.713306e-02 
 1.215577e-01 -1.717164e-02 
 1.219615e-01 -1.720929e-02 
 1.223654e-01 -1.724617e-02 
 1.227692e-01 -1.728239e-02 
 1.231731e-01 -1.731799e-02 
 1.235769e-01 -1.735294e-02 
 1.239807e-01 -1.738723e-02 
 1.243846e-01 -1.742044e-02 
 1.247884e-01 -1.745242e-02 
 1.251923e-01 -1.748277e-02 
 1.255961e-01 -1.751101e-02 
 1.260000e-01 -1.753667e-02 
 1.264038e-01 -1.756019e-02 
 1.268077e-01 -1.758129e-02 
 1.272115e-01 -1.760016e-02 
 1.276154e-01 -1.761732e-02 
 1.280192e-01 -1.763314e-02 
 1.284231e-01 -1.764808e-02 
 1.288269e-01 -1.766239e-02 
 1.292307e-01 -1.767646e-02 
 1.296346e-01 -1.769051e-02 
 1.300384e-01 -1.770472e-02 
 1.304423e-01 -1.771908e-02 
 1.308461e-01 -1.773370e-02 
 1.312500e-01 -1.774833e-02 
 1.316538e-01 -1.776289e-02 
 1.320577e-01 -1.777768e-02 
 1.324615e-01 -1.779273e-02 
 1.328654e-01 -1.780818e-02 
 1.332692e-01 -1.782401e-02 
 1.336731e-01 -1.784038e-02 
 1.340769e-01 -1.785725e-02 
 1.344807e-01 -1.787492e-02 
 1.348846e-01 -1.789337e-02 
 1.352884e-01 -1.791252e-02 
 1.356923e-01 -1.793227e-02 
 1.360961e-01 -1.795264e-02 
 1.365000e-01 -1.797362e-02 
 1.369038e-01 -1.799490e-02 
 1.373077e-01 -1.801654e-02 
 1.377115e-01 -1.803833e-02 
 1.381154e-01 -1.805989e-02 
 1.385192e-01 -1.808132e-02 
 1.389231e-01 -1.810258e-02 
 1.393269e-01 -1.812363e-02 
 1.397307e-01 -1.814390e-02 
 1.401346e-01 -1.816315e-02 
 1.405384e-01 -1.818109e-02 
 1.409423e-01 -1.819761e-02 
 1.413461e-01 -1.821274e-02 
 1.417500e-01 -1.822601e-02 
 1.421538e-01 -1.823747e-02 
 1.425577e-01 -1.824664e-02 
 1.429615e-01 -1.825397e-02 
 1.433654e-01 -1.825982e-02 
 1.437692e-01 -1.826381e-02 
 1.441731e-01 -1.826587e-02 
 1.445769e-01 -1.826547e-02 
 1.449807e-01 -1.826302e-02 
 1.453846e-01 -1.825853e-02 
 1.457884e-01 -1.825181e-02 
 1.461923e-01 -1.824279e-02 
 1.465961e-01 -1.823131e-02 
 1.470000e-01 -1.821787e-02 
 1.474038e-01 -1.820233e-02 
 1.478077e-01 -1.818504e-02 
 1.482115e-01 -1.816644e-02 
 1.486154e-01 -1.814683e-02 
 1.490192e-01 -1.812658e-02 
 1.494231e-01 -1.810605e-02 
 1.498269e-01 -1.808547e-02 
 1.502307e-01 -1.806502e-02 
 1.506346e-01 -1.804471e-02 
 1.510384e-01 -1.802451e-02 
 1.514423e-01 -1.800463e-02 
 1.518461e-01 -1.798491e-02 
 1.522500e-01 -1.796552e-02 
 1.526538e-01 -1.794641e-02 
 1.530577e-01 -1.792750e-02 
 1.534615e-01 -1.790880e-02 
 1.538654e-01 -1.789052e-02 
 1.542692e-01 -1.787301e-02 
 1.546731e-01 -1.785656e-02 
 1.550769e-01 -1.784149e-02 
 1.554807e-01 -1.782772e-02 
 1.558846e-01 -1.781500e-02 
 1.562884e-01 -1.780317e-02 
 1.566923e-01 -1.779229e-02 
 1.570961e-01 -1.778218e-02 
 1.575000e-01 -1.777232e-02 
 1.579038e-01 -1.776257e-02 
 1.583077e-01 -1.775256e-02 
 1.587115e-01 -1.774224e-02 
 1.591154e-01 -1.773130e-02 
 1.595192e-01 -1.771944e-02 
 1.599231e-01 -1.770649e-02 
 1.603269e-01 -1.769193e-02 
 1.607307e-01 -1.767562e-02 
 1.611346e-01 -1.765785e-02 
 1.615384e-01 -1.763852e-02 
 1.619423e-01 -1.761756e-02 
 1.623461e-01 -1.759457e-02 
 1.627500e-01 -1.756950e-02 
 1.631538e-01 -1.754297e-02 
 1.635577e-01 -1.751572e-02 
 1.639615e-01 -1.748792e-02 
 1.643654e-01 -1.745941e-02 
 1.647692e-01 -1.742990e-02 
 1.651730e-01 -1.739912e-02 
 1.655769e-01 -1.736723e-02 
 1.659807e-01 -1.733423e-02 
 1.663846e-01 -1.730004e-02 
 1.667884e-01 -1.726466e-02 
 1.671923e-01 -1.722829e-02 
 1.675961e-01 -1.719153e-02 
 1.680000e-01 -1.715467e-02 
 1.684038e-01 -1.711787e-02 
 1.688077e-01 -1.708091e-02 
 1.692115e-01 -1.704374e-02 
 1.696154e-01 -1.700632e-02 
 1.700192e-01 -1.696870e-02 
 1.704230e-01 -1.693120e-02 
 1.708269e-01 -1.689414e-02 
 1.712307e-01 -1.685778e-02 
 1.716346e-01 -1.682216e-02 
 1.720384e-01 -1.678735e-02 
 1.724423e-01 -1.675331e-02 
 1.728461e-01 -1.672031e-02 
 1.732500e-01 -1.668823e-02 
 1.736538e-01 -1.665711e-02 
 1.740577e-01 -1.662704e-02 
 1.744615e-01 -1.659795e-02 
 1.748654e-01 -1.656992e-02 
 1.752692e-01 -1.654303e-02 
 1.756730e-01 -1.651739e-02 
 1.760769e-01 -1.649305e-02 
 1.764807e-01 -1.647004e-02 
 1.768846e-01 -1.644820e-02 
 1.772884e-01 -1.642761e-02 
 1.776923e-01 -1.640818e-02 
 1.780961e-01 -1.638992e-02 
 1.785000e-01 -1.637248e-02 
 1.789038e-01 -1.635595e-02 
 1.793077e-01 -1.634043e-02 
 1.797115e-01 -1.632604e-02 
 1.801154e-01 -1.631266e-02 
 1.805192e-01 -1.630033e-02 
 1.809230e-01 -1.628874e-02 
 1.813269e-01 -1.627765e-02 
 1.817307e-01 -1.626678e-02 
 1.821346e-01 -1.625580e-02 
 1.825384e-01 -1.624439e-02 
 1.829423e-01 -1.623179e-02 
 1.833461e-01 -1.621745e-02 
 1.837500e-01 -1.620167e-02 
 1.841538e-01 -1.618443e-02 
 1.845577e-01 -1.616567e-02 
 1.849615e-01 -1.614539e-02 
 1.853654e-01 -1.612353e-02 
 1.857692e-01 -1.610024e-02 
 1.861730e-01 -1.607574e-02 
 1.865769e-01 -1.604961e-02 
 1.869807e-01 -1.602205e-02 
 1.873846e-01 -1.599278e-02 
 1.877884e-01 -1.596177e-02 
 1.881923e-01 -1.592947e-02 
 1.885961e-01 -1.589586e-02 
 1.890000e-01 -1.586129e-02 
 1.894038e-01 -1.582582e-02 
 1.898077e-01 -1.578942e-02 
 1.902115e-01 -1.575242e-02 
 1.906154e-01 -1.571468e-02 
 1.910192e-01 -1.567636e-02 
 1.914230e-01 -1.563731e-02 
 1.918269e-01 -1.559766e-02 
 1.922307e-01 -1.555772e-02 
 1.926346e-01 -1.551789e-02 
 1.930384e-01 -1.547846e-02 
 1.934423e-01 -1.543993e-02 
 1.938461e-01 -1.540270e-02 
 1.942500e-01 -1.536691e-02 
 1.946538e-01 -1.533280e-02 
 1.950577e-01 -1.530063e-02 
 1.954615e-01 -1.527056e-02 
 1.958654e-01 -1.524300e-02 
 1.962692e-01 -1.521765e-02 
 1.966730e-01 -1.519461e-02 
 1.970769e-01 -1.517388e-02 
 1.974807e-01 -1.515553e-02 
 1.978846e-01 -1.513941e-02 
 1.982884e-01 -1.512549e-02 
 1.986923e-01 -1.511369e-02 
 1.990961e-01 -1.510380e-02 
 1.995000e-01 -1.509578e-02 
 1.999038e-01 -1.508977e-02 
 2.003077e-01 -1.508572e-02 
 2.007115e-01 -1.508314e-02 
 2.011154e-01 -1.508169e-02 
 2.015192e-01 -1.508101e-02 
 2.019230e-01 -1.508115e-02 
 2.023269e-01 -1.508195e-02 
 2.027307e-01 -1.508320e-02 
 2.031346e-01 -1.508466e-02 
 2.035384e-01 -1.508589e-02 
 2.039423e-01 -1.508695e-02 
 2.043461e-01 -1.508761e-02 
 2.047500e-01 -1.508817e-02 
 2.051538e-01 -1.508842e-02 
 2.055577e-01 -1.508780e-02 
 2.059615e-01 -1.508573e-02 
 2.063654e-01 -1.508294e-02 
 2.067692e-01 -1.507902e-02 
 2.071730e-01 -1.507418e-02 
 2.075769e-01 -1.506850e-02 
 2.079807e-01 -1.506187e-02 
 2.083846e-01 -1.505491e-02 
 2.087884e-01 -1.504776e-02 
 2.091923e-01 -1.504072e-02 
 2.095961e-01 -1.503384e-02 
 2.100000e-01 -1.502682e-02 
 2.104038e-01 -1.501978e-02 
 2.108077e-01 -1.501333e-02 
 2.112115e-01 -1.500743e-02 
 2.116153e-01 -1.500238e-02 
 2.120192e-01 -1.499820e-02 
 2.124230e-01 -1.499505e-02 
 2.128269e-01 -1.499292e-02 
 2.132307e-01 -1.499228e-02 
 2.136346e-01 -1.499327e-02 
 2.140384e-01 -1.499622e-02 
 2.144423e-01 -1.500143e-02 
 2.148461e-01 -1.500901e-02 
 2.152500e-01 -1.501924e-02 
 2.156538e-01 -1.503226e-02 
 2.160577e-01 -1.504811e-02 
 2.164615e-01 -1.506695e-02 
 2.168653e-01 -1.508866e-02 
 2.172692e-01 -1.511353e-02 
 2.176730e-01 -1.514149e-02 
 2.180769e-01 -1.517210e-02 
 2.184807e-01 -1.520521e-02 
 2.188846e-01 -1.524079e-02 
 2.192884e-01 -1.527889e-02 
 2.196923e-01 -1.531964e-02 
 2.200961e-01 -1.536292e-02 
 2.205000e-01 -1.540834e-02 
 2.209038e-01 -1.545593e-02 
 2.213077e-01 -1.550575e-02 
 2.217115e-01 -1.555743e-02 
 2.221153e-01 -1.561091e-02 
 2.225192e-01 -1.566604e-02 
 2.229230e-01 -1.572244e-02 
 2.233269e-01 -1.577970e-02 
 2.237307e-01 -1.583686e-02 
 2.241346e-01 -1.589353e-02 
 2.245384e-01 -1.594930e-02 
 2.249423e-01 -1.600373e-02 
 2.253461e-01 -1.605654e-02 
 2.257500e-01 -1.610727e-02 
 2.261538e-01 -1.615578e-02 
 2.265577e-01 -1.620187e-02 
 2.269615e-01 -1.624553e-02 
 2.273653e-01 -1.628694e-02 
 2.277692e-01 -1.632620e-02 
 2.281730e-01 -1.636308e-02 
 2.285769e-01 -1.639773e-02 
 2.289807e-01 -1.643070e-02 
 2.293846e-01 -1.646212e-02 
 2.297884e-01 -1.649189e-02 
 2.301923e-01 -1.651981e-02 
 2.305961e-01 -1.654589e-02 
 2.310000e-01 -1.656979e-02 
 2.314038e-01 -1.659190e-02 
 2.318077e-01 -1.661260e-02 
 2.322115e-01 -1.663205e-02 
 2.326153e-01 -1.665048e-02 
 2.330192e-01 -1.666810e-02 
 2.334230e-01 -1.668510e-02 
 2.338269e-01 -1.670212e-02 
 2.342307e-01 -1.671925e-02 
 2.346346e-01 -1.673679e-02 
 2.350384e-01 -1.675519e-02 
 2.354423e-01 -1.677463e-02 
 2.358461e-01 -1.679564e-02 
 2.362500e-01 -1.681862e-02 
 2.366538e-01 -1.684382e-02 
 2.370577e-01 -1.687106e-02 
 2.374615e-01 -1.690061e-02 
 2.378653e-01 -1.693209e-02 
 2.382692e-01 -1.696569e-02 
 2.386730e-01 -1.700099e-02 
 2.390769e-01 -1.703769e-02 
 2.394807e-01 -1.707553e-02 
 2.398846e-01 -1.711392e-02 
 2.402884e-01 -1.715278e-02 
 2.406923e-01 -1.719181e-02 
 2.410961e-01 -1.723106e-02 
 2.415000e-01 -1.727046e-02 
 2.419038e-01 -1.730993e-02 
 2.423077e-01 -1.734934e-02 
 2.427115e-01 -1.738858e-02 
 2.431153e-01 -1.742762e-02 
 2.435192e-01 -1.746637e-02 
 2.439230e-01 -1.750464e-02 
 2.443269e-01 -1.754184e-02 
 2.447307e-01 -1.757759e-02 
 2.451346e-01 -1.761157e-02 
 2.455384e-01 -1.764388e-02 
 2.459423e-01 -1.767400e-02 
 2.463461e-01 -1.770131e-02 
 2.467500e-01 -1.772582e-02 
 2.471538e-01 -1.774746e-02 
 2.475577e-01 -1.776616e-02 
 2.479615e-01 -1.778183e-02 
 2.483653e-01 -1.779430e-02 
 2.487692e-01 -1.780373e-02 
 2.491730e-01 -1.781000e-02 
 2.495769e-01 -1.781383e-02 
 2.499807e-01 -1.781577e-02 
 2.503846e-01 -1.781609e-02 
 2.507884e-01 -1.781477e-02 
 2.511923e-01 -1.781178e-02 
 2.515961e-01 -1.780755e-02 
 2.520000e-01 -1.780240e-02 
 2.524038e-01 -1.779618e-02 
 2.528077e-01 -1.778867e-02 
 2.532115e-01 -1.778025e-02 
 2.536153e-01 -1.777113e-02 
 2.540192e-01 -1.776166e-02 
 2.544230e-01 -1.775248e-02 
 2.548269e-01 -1.774355e-02 
 2.552307e-01 -1.773472e-02 
 2.556346e-01 -1.772611e-02 
 2.560384e-01 -1.771788e-02 
 2.564423e-01 -1.771050e-02 
 2.568461e-01 -1.770411e-02 
 2.572500e-01 -1.769876e-02 
 2.576538e-01 -1.769420e-02 
 2.580576e-01 -1.769090e-02 
 2.584615e-01 -1.768880e-02 
 2.588653e-01 -1.768769e-02 
 2.592692e-01 -1.768784e-02 
 2.596730e-01 -1.768895e-02 
 2.600769e-01 -1.769120e-02 
 2.604807e-01 -1.769475e-02 
 2.608846e-01 -1.769977e-02 
 2.612884e-01 -1.770623e-02 
 2.616923e-01 -1.771372e-02 
 2.620961e-01 -1.772257e-02 
 2.625000e-01 -1.773246e-02 
 2.629038e-01 -1.774334e-02 
 2.633076e-01 -1.775569e-02 
 2.637115e-01 -1.776911e-02 
 2.641153e-01 -1.778343e-02 
 2.645192e-01 -1.779832e-02 
 2.649230e-01 -1.781316e-02 
 2.653269e-01 -1.782746e-02 
 2.657307e-01 -1.784101e-02 
 2.661346e-01 -1.785336e-02 
 2.665384e-01 -1.786412e-02 
 2.669423e-01 -1.787283e-02 
 2.673461e-01 -1.787939e-02 
 2.677500e-01 -1.788401e-02 
 2.681538e-01 -1.788695e-02 
 2.685576e-01 -1.788823e-02 
 2.689615e-01 -1.788774e-02 
 2.693653e-01 -1.788522e-02 
 2.697692e-01 -1.788117e-02 
 2.701730e-01 -1.787533e-02 
 2.705769e-01 -1.786765e-02 
 2.709807e-01 -1.785838e-02 
 2.713846e-01 -1.784738e-02 
 2.717884e-01 -1.783437e-02 
 2.721923e-01 -1.781964e-02 
 2.725961e-01 -1.780312e-02 
 2.730000e-01 -1.778476e-02 
 2.734038e-01 -1.776436e-02 
 2.738076e-01 -1.774181e-02 
 2.742115e-01 -1.771765e-02 
 2.746153e-01 -1.769264e-02 
 2.750192e-01 -1.766688e-02 
 2.754230e-01 -1.764061e-02 
 2.758269e-01 -1.761454e-02 
 2.762307e-01 -1.758857e-02 
 2.766346e-01 -1.756254e-02 
 2.770384e-01 -1.753686e-02 
 2.774423e-01 -1.751157e-02 
 2.778461e-01 -1.748665e-02 
 2.782500e-01 -1.746234e-02 
 2.786538e-01 -1.743899e-02 
 2.790576e-01 -1.741682e-02 
 2.794615e-01 -1.739577e-02 
 2.798653e-01 -1.737595e-02 
 2.802692e-01 -1.735723e-02 
 2.806730e-01 -1.733962e-02 
 2.810769e-01 -1.732276e-02 
 2.814807e-01 -1.730665e-02 
 2.818846e-01 -1.729105e-02 
 2.822884e-01 -1.727601e-02 
 2.826923e-01 -1.726163e-02 
 2.830961e-01 -1.724748e-02 
 2.835000e-01 -1.723347e-02 
 2.839038e-01 -1.721942e-02 
 2.843076e-01 -1.720488e-02 
 2.847115e-01 -1.719019e-02 
 2.851153e-01 -1.717506e-02 
 2.855192e-01 -1.715927e-02 
 2.859230e-01 -1.714267e-02 
 2.863269e-01 -1.712538e-02 
 2.867307e-01 -1.710725e-02 
 2.871346e-01 -1.708802e-02 
 2.875384e-01 -1.706772e-02 
 2.879423e-01 -1.704591e-02 
 2.883461e-01 -1.702280e-02 
 2.887500e-01 -1.699862e-02 
 2.891538e-01 -1.697339e-02 
 2.895576e-01 -1.694698e-02 
 2.899615e-01 -1.691948e-02 
 2.903653e-01 -1.689112e-02 
 2.907692e-01 -1.686209e-02 
 2.911730e-01 -1.683256e-02 
 2.915769e-01 -1.680235e-02 
 2.919807e-01 -1.677134e-02 
 2.923846e-01 -1.673990e-02 
 2.927884e-01 -1.670820e-02 
 2.931923e-01 -1.667629e-02 
 2.935961e-01 -1.664425e-02 
 2.940000e-01 -1.661208e-02 
 2.944038e-01 -1.657941e-02 
 2.948076e-01 -1.654673e-02 
 2.952115e-01 -1.651467e-02 
 2.956153e-01 -1.648320e-02 
 2.960192e-01 -1.645219e-02 
 2.964230e-01 -1.642136e-02 
 2.968269e-01 -1.639081e-02 
 2.972307e-01 -1.636070e-02 
 2.976346e-01 -1.633098e-02 
 2.980384e-01 -1.630128e-02 
 2.984423e-01 -1.627135e-02 
 2.988461e-01 -1.624114e-02 
 2.992500e-01 -1.621038e-02 
 2.996538e-01 -1.617936e-02 
 3.000576e-01 -1.614825e-02 
 3.004615e-01 -1.611712e-02 
 3.008653e-01 -1.608569e-02 
 3.012692e-01 -1.605425e-02 
 3.016730e-01 -1.602323e-02 
 3.020769e-01 -1.599256e-02 
 3.024807e-01 -1.596257e-02 
 3.028846e-01 -1.593316e-02 
 3.032884e-01 -1.590471e-02 
 3.036923e-01 -1.587745e-02 
 3.040961e-01 -1.585157e-02 
 3.044999e-01 -1.582720e-02 
 3.049038e-01 -1.580394e-02 
 3.053076e-01 -1.578146e-02 
 3.057115e-01 -1.575922e-02 
 3.061153e-01 -1.573691e-02 
 3.065192e-01 -1.571458e-02 
 3.069230e-01 -1.569249e-02 
 3.073269e-01 -1.567086e-02 
 3.077307e-01 -1.564983e-02 
 3.081346e-01 -1.562970e-02 
 3.085384e-01 -1.561052e-02 
 3.089423e-01 -1.559243e-02 
 3.093461e-01 -1.557543e-02 
 3.097499e-01 -1.555943e-02 
 3.101538e-01 -1.554440e-02 
 3.105576e-01 -1.553047e-02 
 3.109615e-01 -1.551758e-02 
 3.113653e-01 -1.550607e-02 
 3.117692e-01 -1.549574e-02 
 3.121730e-01 -1.548585e-02 
 3.125769e-01 -1.547597e-02 
 3.129807e-01 -1.546577e-02 
 3.133846e-01 -1.545505e-02 
 3.137884e-01 -1.544358e-02 
 3.141923e-01 -1.543131e-02 
 3.145961e-01 -1.541843e-02 
 3.149999e-01 -1.540541e-02 
 3.154038e-01 -1.539277e-02 
 3.158076e-01 -1.538099e-02 
 3.162115e-01 -1.537039e-02 
 3.166153e-01 -1.536109e-02 
 3.170192e-01 -1.535303e-02 
 3.174230e-01 -1.534626e-02 
 3.178269e-01 -1.534077e-02 
 3.182307e-01 -1.533635e-02 
 3.186346e-01 -1.533238e-02 
 3.190384e-01 -1.532872e-02 
 3.194423e-01 -1.532555e-02 
 3.198461e-01 -1.532306e-02 
 3.202499e-01 -1.532131e-02 
 3.206538e-01 -1.532042e-02 
 3.210576e-01 -1.532078e-02 
 3.214615e-01 -1.532231e-02 
 3.218653e-01 -1.532509e-02 
 3.222692e-01 -1.532923e-02 
 3.226730e-01 -1.533503e-02 
 3.230769e-01 -1.534243e-02 
 3.234807e-01 -1.535156e-02 
 3.238846e-01 -1.536253e-02 
 3.242884e-01 -1.537528e-02 
 3.246923e-01 -1.538982e-02 
 3.250961e-01 -1.540591e-02 
 3.254999e-01 -1.542318e-02 
 3.259038e-01 -1.544144e-02 
 3.263076e-01 -1.546014e-02 
 3.267115e-01 -1.547870e-02 
 3.271153e-01 -1.549699e-02 
 3.275192e-01 -1.551478e-02 
 3.279230e-01 -1.553199e-02 
 3.283269e-01 -1.554881e-02 
 3.287307e-01 -1.556516e-02 
 3.291346e-01 -1.558127e-02 
 3.295384e-01 -1.559758e-02 
 3.299423e-01 -1.561421e-02 
 3.303461e-01 -1.563102e-02 
 3.307499e-01 -1.564765e-02 
 3.311538e-01 -1.566393e-02 
 3.315576e-01 -1.567978e-02 
 3.319615e-01 -1.569538e-02 
 3.323653e-01 -1.571082e-02 
 3.327692e-01 -1.572607e-02 
 3.331730e-01 -1.574074e-02 
 3.335769e-01 -1.575475e-02 
 3.339807e-01 -1.576828e-02 
 3.343846e-01 -1.578159e-02 
 3.347884e-01 -1.579477e-02 
 3.351923e-01 -1.580798e-02 
 3.355961e-01 -1.582162e-02 
 3.359999e-01 -1.583624e-02 
 3.364038e-01 -1.585221e-02 
 3.368076e-01 -1.586931e-02 
 3.372115e-01 -1.588742e-02 
 3.376153e-01 -1.590612e-02 
 3.380192e-01 -1.592511e-02 
 3.384230e-01 -1.594441e-02 
 3.388269e-01 -1.596405e-02 
 3.392307e-01 -1.598388e-02 
 3.396346e-01 -1.600397e-02 
 3.400384e-01 -1.602462e-02 
 3.404423e-01 -1.604591e-02 
 3.408461e-01 -1.606837e-02 
 3.412499e-01 -1.609172e-02 
 3.416538e-01 -1.611580e-02 
 3.420576e-01 -1.614058e-02 
 3.424615e-01 -1.616604e-02 
 3.428653e-01 -1.619228e-02 
 3.432692e-01 -1.621945e-02 
 3.436730e-01 -1.624782e-02 
 3.440769e-01 -1.627725e-02 
 3.444807e-01 -1.630757e-02 
 3.448846e-01 -1.633913e-02 
 3.452884e-01 -1.637191e-02 
 3.456923e-01 -1.640553e-02 
 3.460961e-01 -1.643927e-02 
 3.464999e-01 -1.647290e-02 
 3.469038e-01 -1.650617e-02 
 3.473076e-01 -1.653896e-02 
 3.477115e-01 -1.657152e-02 
 3.481153e-01 -1.660400e-02 
 3.485192e-01 -1.663637e-02 
 3.489230e-01 -1.666876e-02 
 3.493269e-01 -1.670093e-02 
 3.497307e-01 -1.673305e-02 
 3.501346e-01 -1.676544e-02 
 3.505384e-01 -1.679795e-02 
 3.509422e-01 -1.683040e-02 
 3.513461e-01 -1.686259e-02 
 3.517499e-01 -1.689432e-02 
 3.521538e-01 -1.692559e-02 
 3.525576e-01 -1.695645e-02 
 3.529615e-01 -1.698647e-02 
 3.533653e-01 -1.701505e-02 
 3.537692e-01 -1.704189e-02 
 3.541730e-01 -1.706676e-02 
 3.545769e-01 -1.708939e-02 
 3.549807e-01 -1.710973e-02 
 3.553846e-01 -1.712774e-02 
 3.557884e-01 -1.714347e-02 
 3.561922e-01 -1.715719e-02 
 3.565961e-01 -1.716962e-02 
 3.569999e-01 -1.718112e-02 
 3.574038e-01 -1.719185e-02 
 3.578076e-01 -1.720185e-02 
 3.582115e-01 -1.721124e-02 
 3.586153e-01 -1.722025e-02 
 3.590192e-01 -1.722882e-02 
 3.594230e-01 -1.723679e-02 
 3.598269e-01 -1.724411e-02 
 3.602307e-01 -1.725108e-02 
 3.606346e-01 -1.725784e-02 
 3.610384e-01 -1.726452e-02 
 3.614422e-01 -1.727146e-02 
 3.618461e-01 -1.727841e-02 
 3.622499e-01 -1.728505e-02 
 3.626538e-01 -1.729168e-02 
 3.630576e-01 -1.729864e-02 
 3.634615e-01 -1.730591e-02 
 3.638653e-01 -1.731364e-02 
 3.642692e-01 -1.732229e-02 
 3.646730e-01 -1.733192e-02 
 3.650769e-01 -1.734303e-02 
 3.654807e-01 -1.735547e-02 
 3.658846e-01 -1.736902e-02 
 3.662884e-01 -1.738329e-02 
 3.666922e-01 -1.739767e-02 
 3.670961e-01 -1.741199e-02 
 3.674999e-01 -1.742615e-02 
 3.679038e-01 -1.744017e-02 
 3.683076e-01 -1.745379e-02 
 3.687115e-01 -1.746693e-02 
 3.691153e-01 -1.747961e-02 
 3.695192e-01 -1.749196e-02 
 3.699230e-01 -1.750398e-02 
 3.703269e-01 -1.751579e-02 
 3.707307e-01 -1.752726e-02 
 3.711346e-01 -1.753832e-02 
 3.715384e-01 -1.754904e-02 
 3.719422e-01 -1.755917e-02 
 3.723461e-01 -1.756867e-02 
 3.727499e-01 -1.757749e-02 
 3.731538e-01 -1.758545e-02 
 3.735576e-01 -1.759252e-02 
 3.739615e-01 -1.759840e-02 
 3.743653e-01 -1.760312e-02 
 3.747692e-01 -1.760697e-02 
 3.751730e-01 -1.761001e-02 
 3.755769e-01 -1.761237e-02 
 3.759807e-01 -1.761406e-02 
 3.763846e-01 -1.761542e-02 
 3.767884e-01 -1.761679e-02 
 3.771922e-01 -1.761828e-02 
 3.775961e-01 -1.762000e-02 
 3.779999e-01 -1.762211e-02 
 3.784038e-01 -1.762422e-02 
 3.788076e-01 -1.762619e-02 
 3.792115e-01 -1.762814e-02 
 3.796153e-01 -1.762996e-02 
 3.800192e-01 -1.763143e-02 
 3.804230e-01 -1.763215e-02 
 3.808269e-01 -1.763225e-02 
 3.812307e-01 -1.763178e-02 
 3.816346e-01 -1.763094e-02 
 3.820384e-01 -1.762978e-02 
 3.824422e-01 -1.762828e-02 
 3.828461e-01 -1.762639e-02 
 3.832499e-01 -1.762400e-02 
 3.836538e-01 -1.762114e-02 
 3.840576e-01 -1.761785e-02 
 3.844615e-01 -1.761391e-02 
 3.848653e-01 -1.760900e-02 
 3.852692e-01 -1.760311e-02 
 3.856730e-01 -1.759634e-02 
 3.860769e-01 -1.758857e-02 
 3.864807e-01 -1.757958e-02 
 3.868846e-01 -1.756909e-02 
 3.872884e-01 -1.755694e-02 
 3.876922e-01 -1.754295e-02 
 3.880961e-01 -1.752709e-02 
 3.884999e-01 -1.750978e-02 
 3.889038e-01 -1.749139e-02 
 3.893076e-01 -1.747231e-02 
 3.897115e-01 -1.745269e-02 
 3.901153e-01 -1.743280e-02 
 3.905192e-01 -1.741285e-02 
 3.909230e-01 -1.739286e-02 
 3.913269e-01 -1.737264e-02 
 3.917307e-01 -1.735229e-02 
 3.921346e-01 -1.733180e-02 
 3.925384e-01 -1.731125e-02 
 3.929422e-01 -1.729070e-02 
 3.933461e-01 -1.727032e-02 
 3.937499e-01 -1.725027e-02 
 3.941538e-01 -1.723033e-02 
 3.945576e-01 -1.721045e-02 
 3.949615e-01 -1.719050e-02 
 3.953653e-01 -1.717056e-02 
 3.957692e-01 -1.715074e-02 
 3.961730e-01 -1.713077e-02 
 3.965769e-01 -1.711059e-02 
 3.969807e-01 -1.709035e-02 
 3.973845e-01 -1.707033e-02 
 3.977884e-01 -1.705065e-02 
 3.981922e-01 -1.703113e-02 
 3.985961e-01 -1.701141e-02 
 3.989999e-01 -1.699111e-02 
 3.994038e-01 -1.697035e-02 
 3.998076e-01 -1.694927e-02 
 4.002115e-01 -1.692805e-02 
 4.006153e-01 -1.690693e-02 
 4.010192e-01 -1.688571e-02 
 4.014230e-01 -1.686445e-02 
 4.018269e-01 -1.684342e-02 
 4.022307e-01 -1.682265e-02 
 4.026345e-01 -1.680161e-02 
 4.030384e-01 -1.677995e-02 
 4.034422e-01 -1.675761e-02 
 4.038461e-01 -1.673476e-02 
 4.042499e-01 -1.671166e-02 
 4.046538e-01 -1.668867e-02 
 4.050576e-01 -1.666581e-02 
 4.054615e-01 -1.664296e-02 
 4.058653e-01 -1.662011e-02 
 4.062692e-01 -1.659747e-02 
 4.066730e-01 -1.657505e-02 
 4.070769e-01 -1.655259e-02 
 4.074807e-01 -1.652998e-02 
 4.078845e-01 -1.650744e-02 
 4.082884e-01 -1.648515e-02 
 4.086922e-01 -1.646319e-02 
 4.090961e-01 -1.644150e-02 
 4.094999e-01 -1.642001e-02 
 4.099038e-01 -1.639865e-02 
 4.103076e-01 -1.637740e-02 
 4.107115e-01 -1.635632e-02 
 4.111153e-01 -1.633553e-02 
 4.115192e-01 -1.631487e-02 
 4.119230e-01 -1.629410e-02 
 4.123269e-01 -1.627315e-02 
 4.127307e-01 -1.625241e-02 
 4.131345e-01 -1.623176e-02 
 4.135384e-01 -1.621134e-02 
 4.139422e-01 -1.619121e-02 
 4.143461e-01 -1.617119e-02 
 4.147499e-01 -1.615131e-02 
 4.151538e-01 -1.613184e-02 
 4.155576e-01 -1.611293e-02 
 4.159615e-01 -1.609461e-02 
 4.163653e-01 -1.607682e-02 
 4.167692e-01 -1.605984e-02 
 4.171730e-01 -1.604344e-02 
 4.175769e-01 -1.602764e-02 
 4.179807e-01 -1.601240e-02 
 4.183845e-01 -1.599768e-02 
 4.187884e-01 -1.598323e-02 
 4.191922e-01 -1.596869e-02 
 4.195961e-01 -1.595411e-02 
 4.199999e-01 -1.593961e-02 
 4.204038e-01 -1.592541e-02 
 4.208076e-01 -1.591168e-02 
 4.212115e-01 -1.589853e-02 
 4.216153e-01 -1.588608e-02 
 4.220192e-01 -1.587446e-02 
 4.224230e-01 -1.586392e-02 
 4.228269e-01 -1.585464e-02 
 4.232307e-01 -1.584658e-02 
 4.236345e-01 -1.583929e-02 
 4.240384e-01 -1.583259e-02 
 4.244422e-01 -1.582645e-02 
 4.248461e-01 -1.582095e-02 
 4.252499e-01 -1.581587e-02 
 4.256538e-01 -1.581109e-02 
 4.260576e-01 -1.580650e-02 
 4.264615e-01 -1.580184e-02 
 4.268653e-01 -1.579687e-02 
 4.272692e-01 -1.579130e-02 
 4.276730e-01 -1.578491e-02 
 4.280769e-01 -1.577774e-02 
 4.284807e-01 -1.576972e-02 
 4.288845e-01 -1.576127e-02 
 4.292884e-01 -1.575269e-02 
 4.296922e-01 -1.574414e-02 
 4.300961e-01 -1.573582e-02 
 4.304999e-01 -1.572812e-02 
 4.309038e-01 -1.572116e-02 
 4.313076e-01 -1.571476e-02 
 4.317115e-01 -1.570876e-02 
 4.321153e-01 -1.570338e-02 
 4.325192e-01 -1.569847e-02 
 4.329230e-01 -1.569382e-02 
 4.333269e-01 -1.568954e-02 
 4.337307e-01 -1.568563e-02 
 4.341345e-01 -1.568173e-02 
 4.345384e-01 -1.567786e-02 
 4.349422e-01 -1.567394e-02 
 4.353461e-01 -1.566996e-02 
 4.357499e-01 -1.566587e-02 
 4.361538e-01 -1.566193e-02 
 4.365576e-01 -1.565813e-02 
 4.369615e-01 -1.565462e-02 
 4.373653e-01 -1.565137e-02 
 4.377692e-01 -1.564836e-02 
 4.381730e-01 -1.564558e-02 
 4.385769e-01 -1.564305e-02 
 4.389807e-01 -1.564080e-02 
 4.393845e-01 -1.563876e-02 
 4.397884e-01 -1.563673e-02 
 4.401922e-01 -1.563458e-02 
 4.405961e-01 -1.563251e-02 
 4.409999e-01 -1.563079e-02 
 4.414038e-01 -1.562945e-02 
 4.418076e-01 -1.562844e-02 
 4.422115e-01 -1.562780e-02 
 4.426153e-01 -1.562773e-02 
 4.430192e-01 -1.562859e-02 
 4.434230e-01 -1.563044e-02 
 4.438268e-01 -1.563322e-02 
 4.442307e-01 -1.563672e-02 
 4.446345e-01 -1.564104e-02 
 4.450384e-01 -1.564641e-02 
 4.454422e-01 -1.565326e-02 
 4.458461e-01 -1.566165e-02 
 4.462499e-01 -1.567112e-02 
 4.466538e-01 -1.568187e-02 
 4.470576e-01 -1.569395e-02 
 4.474615e-01 -1.570760e-02 
 4.478653e-01 -1.572274e-02 
 4.482692e-01 -1.573945e-02 
 4.486730e-01 -1.575771e-02 
 4.490768e-01 -1.577753e-02 
 4.494807e-01 -1.579928e-02 
 4.498845e-01 -1.582302e-02 
 4.502884e-01 -1.584876e-02 
 4.506922e-01 -1.587615e-02 
 4.510961e-01 -1.590502e-02 
 4.514999e-01 -1.593537e-02 
 4.519038e-01 -1.596688e-02 
 4.523076e-01 -1.599914e-02 
 4.527115e-01 -1.603181e-02 
 4.531153e-01 -1.606467e-02 
 4.535192e-01 -1.609772e-02 
 4.539230e-01 -1.613078e-02 
 4.543268e-01 -1.616415e-02 
 4.547307e-01 -1.619743e-02 
 4.551345e-01 -1.623031e-02 
 4.555384e-01 -1.626262e-02 
 4.559422e-01 -1.629456e-02 
 4.563461e-01 -1.632623e-02 
 4.567499e-01 -1.635752e-02 
 4.571538e-01 -1.638876e-02 
 4.575576e-01 -1.642002e-02 
 4.579615e-01 -1.645130e-02 
 4.583653e-01 -1.648254e-02 
 4.587692e-01 -1.651340e-02 
 4.591730e-01 -1.654341e-02 
 4.595768e-01 -1.657220e-02 
 4.599807e-01 -1.659965e-02 
 4.603845e-01 -1.662578e-02 
 4.607884e-01 -1.665109e-02 
 4.611922e-01 -1.667546e-02 
 4.615961e-01 -1.669922e-02 
 4.619999e-01 -1.672276e-02 
 4.624038e-01 -1.674579e-02 
 4.628076e-01 -1.676831e-02 
 4.632115e-01 -1.679048e-02 
 4.636153e-01 -1.681247e-02 
 4.640192e-01 -1.683434e-02 
 4.644230e-01 -1.685600e-02 
 4.648268e-01 -1.687782e-02 
 4.652307e-01 -1.689975e-02 
 4.656345e-01 -1.692195e-02 
 4.660384e-01 -1.694448e-02 
 4.664422e-01 -1.696714e-02 
 4.668461e-01 -1.698951e-02 
 4.672499e-01 -1.701145e-02 
 4.676538e-01 -1.703265e-02 
 4.680576e-01 -1.705283e-02 
 4.684615e-01 -1.707165e-02 
 4.688653e-01 -1.708890e-02 
 4.692692e-01 -1.710472e-02 
 4.696730e-01 -1.711952e-02 
 4.700768e-01 -1.713364e-02 
 4.704807e-01 -1.714692e-02 
 4.708845e-01 -1.715973e-02 
 4.712884e-01 -1.717212e-02 
 4.716922e-01 -1.718427e-02 
 4.720961e-01 -1.719650e-02 
 4.724999e-01 -1.720875e-02 
 4.729038e-01 -1.722091e-02 
 4.733076e-01 -1.723262e-02 
 4.737115e-01 -1.724408e-02 
 4.741153e-01 -1.725506e-02 
 4.745192e-01 -1.726550e-02 
 4.749230e-01 -1.727539e-02 
 4.753268e-01 -1.728472e-02 
 4.757307e-01 -1.729366e-02 
 4.761345e-01 -1.730246e-02 
 4.765384e-01 -1.731117e-02 
 4.769422e-01 -1.731992e-02 
 4.773461e-01 -1.732867e-02 
 4.777499e-01 -1.733725e-02 
 4.781538e-01 -1.734567e-02 
 4.785576e-01 -1.735397e-02 
 4.789615e-01 -1.736208e-02 
 4.793653e-01 -1.736972e-02 
 4.797692e-01 -1.737720e-02 
 4.801730e-01 -1.738462e-02 
 4.805768e-01 -1.739165e-02 
 4.809807e-01 -1.739839e-02 
 4.813845e-01 -1.740486e-02 
 4.817884e-01 -1.741100e-02 
 4.821922e-01 -1.741695e-02 
 4.825961e-01 -1.742265e-02 
 4.829999e-01 -1.742783e-02 
 4.834038e-01 -1.743224e-02 
 4.838076e-01 -1.743575e-02 
 4.842115e-01 -1.743849e-02 
 4.846153e-01 -1.744047e-02 
 4.850192e-01 -1.744145e-02 
 4.854230e-01 -1.744159e-02 
 4.858268e-01 -1.744121e-02 
 4.862307e-01 -1.744075e-02 
 4.866345e-01 -1.744033e-02 
 4.870384e-01 -1.743978e-02 
 4.874422e-01 -1.743896e-02 
 4.878461e-01 -1.743777e-02 
 4.882499e-01 -1.743630e-02 
 4.886538e-01 -1.743486e-02 
 4.890576e-01 -1.743338e-02 
 4.894615e-01 -1.743166e-02 
 4.898653e-01 -1.742982e-02 
 4.902691e-01 -1.742807e-02 
 4.906730e-01 -1.742680e-02 
 4.910768e-01 -1.742586e-02 
 4.914807e-01 -1.742499e-02 
 4.918845e-01 -1.742415e-02 
 4.922884e-01 -1.742325e-02 
 4.926922e-01 -1.742249e-02 
 4.930961e-01 -1.742192e-02 
 4.934999e-01 -1.742158e-02 
 4.939038e-01 -1.742141e-02 
 4.943076e-01 -1.742156e-02 
 4.947115e-01 -1.742196e-02 
 4.951153e-01 -1.742267e-02 
 4.955191e-01 -1.742363e-02 
 4.959230e-01 -1.742460e-02 
 4.963268e-01 -1.742570e-02 
 4.967307e-01 -1.742679e-02 
 4.971345e-01 -1.742771e-02 
 4.975384e-01 -1.742853e-02 
 4.979422e-01 -1.742914e-02 
 4.983461e-01 -1.742950e-02 
 4.987499e-01 -1.742932e-02 
 4.991538e-01 -1.742872e-02 
 4.995576e-01 -1.742747e-02 
 4.999615e-01 -1.742544e-02 
 5.003653e-01 -1.742262e-02 
 5.007691e-01 -1.741916e-02 
 5.011730e-01 -1.741533e-02 
 5.015768e-01 -1.741116e-02 
 5.019807e-01 -1.740653e-02 
 5.023845e-01 -1.740153e-02 
 5.027884e-01 -1.739617e-02 
 5.031922e-01 -1.739010e-02 
 5.035961e-01 -1.738326e-02 
 5.039999e-01 -1.737574e-02 
 5.044038e-01 -1.736746e-02 
 5.048076e-01 -1.735840e-02 
 5.052115e-01 -1.734876e-02 
 5.056153e-01 -1.733849e-02 
 5.060191e-01 -1.732740e-02 
 5.064230e-01 -1.731570e-02 
 5.068268e-01 -1.730347e-02 
 5.072307e-01 -1.729046e-02 
 5.076345e-01 -1.727639e-02 
 5.080384e-01 -1.726109e-02 
 5.084422e-01 -1.724462e-02 
 5.088461e-01 -1.722696e-02 
 5.092499e-01 -1.720807e-02 
 5.096538e-01 -1.718778e-02 
 5.100576e-01 -1.716617e-02 
 5.104615e-01 -1.714346e-02 
 5.108653e-01 -1.712001e-02 
 5.112691e-01 -1.709629e-02 
 5.116730e-01 -1.707230e-02 
 5.120768e-01 -1.704793e-02 
 5.124807e-01 -1.702322e-02 
 5.128845e-01 -1.699848e-02 
 5.132884e-01 -1.697397e-02 
 5.136922e-01 -1.694963e-02 
 5.140961e-01 -1.692553e-02 
 5.144999e-01 -1.690183e-02 
 5.149038e-01 -1.687865e-02 
 5.153076e-01 -1.685618e-02 
 5.157115e-01 -1.683427e-02 
 5.161153e-01 -1.681284e-02 
 5.165191e-01 -1.679171e-02 
 5.169230e-01 -1.677093e-02 
 5.173268e-01 -1.675068e-02 
 5.177307e-01 -1.673118e-02 
 5.181345e-01 -1.671264e-02 
 5.185384e-01 -1.669490e-02 
 5.189422e-01 -1.667809e-02 
 5.193461e-01 -1.666217e-02 
 5.197499e-01 -1.664704e-02 
 5.201538e-01 -1.663253e-02 
 5.205576e-01 -1.661866e-02 
 5.209615e-01 -1.660522e-02 
 5.213653e-01 -1.659212e-02 
 5.217691e-01 -1.657918e-02 
 5.221730e-01 -1.656620e-02 
 5.225768e-01 -1.655290e-02 
 5.229807e-01 -1.653901e-02 
 5.233845e-01 -1.652448e-02 
 5.237884e-01 -1.650906e-02 
 5.241922e-01 -1.649231e-02 
 5.245961e-01 -1.647396e-02 
 5.249999e-01 -1.645407e-02 
 5.254038e-01 -1.643258e-02 
 5.258076e-01 -1.640940e-02 
 5.262115e-01 -1.638448e-02 
 5.266153e-01 -1.635787e-02 
 5.270191e-01 -1.632963e-02 
 5.274230e-01 -1.629982e-02 
 5.278268e-01 -1.626870e-02 
 5.282307e-01 -1.623608e-02 
 5.286345e-01 -1.620223e-02 
 5.290384e-01 -1.616760e-02 
 5.294422e-01 -1.613253e-02 
 5.298461e-01 -1.609752e-02 
 5.302499e-01 -1.606250e-02 
 5.306538e-01 -1.602762e-02 
 5.310576e-01 -1.599310e-02 
 5.314615e-01 -1.595928e-02 
 5.318653e-01 -1.592645e-02 
 5.322691e-01 -1.589460e-02 
 5.326730e-01 -1.586376e-02 
 5.330768e-01 -1.583410e-02 
 5.334807e-01 -1.580553e-02 
 5.338845e-01 -1.577819e-02 
 5.342884e-01 -1.575207e-02 
 5.346922e-01 -1.572694e-02 
 5.350961e-01 -1.570289e-02 
 5.354999e-01 -1.568031e-02 
 5.359038e-01 -1.565961e-02 
 5.363076e-01 -1.564085e-02 
 5.367114e-01 -1.562417e-02 
 5.371153e-01 -1.560973e-02 
 5.375191e-01 -1.559756e-02 
 5.379230e-01 -1.558771e-02 
 5.383268e-01 -1.558030e-02 
 5.387307e-01 -1.557501e-02 
 5.391345e-01 -1.557126e-02 
 5.395384e-01 -1.556877e-02 
 5.399422e-01 -1.556721e-02 
 5.403461e-01 -1.556615e-02 
 5.407499e-01 -1.556529e-02 
 5.411538e-01 -1.556463e-02 
 5.415576e-01 -1.556392e-02 
 5.419614e-01 -1.556320e-02 
 5.423653e-01 -1.556241e-02 
 5.427691e-01 -1.556157e-02 
 5.431730e-01 -1.556089e-02 
 5.435768e-01 -1.556026e-02 
 5.439807e-01 -1.555967e-02 
 5.443845e-01 -1.555922e-02 
 5.447884e-01 -1.555900e-02 
 5.451922e-01 -1.555902e-02 
 5.455961e-01 -1.555939e-02 
 5.459999e-01 -1.556007e-02 
 5.464038e-01 -1.556084e-02 
 5.468076e-01 -1.556163e-02 
 5.472114e-01 -1.556243e-02 
 5.476153e-01 -1.556343e-02 
 5.480191e-01 -1.556443e-02 
 5.484230e-01 -1.556515e-02 
 5.488268e-01 -1.556534e-02 
 5.492307e-01 -1.556504e-02 
 5.496345e-01 -1.556423e-02 
 5.500384e-01 -1.556315e-02 
 5.504422e-01 -1.556198e-02 
 5.508461e-01 -1.556075e-02 
 5.512499e-01 -1.555960e-02 
 5.516538e-01 -1.555898e-02 
 5.520576e-01 -1.555904e-02 
 5.524614e-01 -1.555998e-02 
 5.528653e-01 -1.556166e-02 
 5.532691e-01 -1.556395e-02 
 5.536730e-01 -1.556716e-02 
 5.540768e-01 -1.557146e-02 
 5.544807e-01 -1.557689e-02 
 5.548845e-01 -1.558338e-02 
 5.552884e-01 -1.559077e-02 
 5.556922e-01 -1.559907e-02 
 5.560961e-01 -1.560837e-02 
 5.564999e-01 -1.561914e-02 
 5.569038e-01 -1.563121e-02 
 5.573076e-01 -1.564442e-02 
 5.577114e-01 -1.565870e-02 
 5.581153e-01 -1.567426e-02 
 5.585191e-01 -1.569113e-02 
 5.589230e-01 -1.570934e-02 
 5.593268e-01 -1.572873e-02 
 5.597307e-01 -1.574928e-02 
 5.601345e-01 -1.577113e-02 
 5.605384e-01 -1.579418e-02 
 5.609422e-01 -1.581871e-02 
 5.613461e-01 -1.584496e-02 
 5.617499e-01 -1.587272e-02 
 5.621538e-01 -1.590192e-02 
 5.625576e-01 -1.593228e-02 
 5.629614e-01 -1.596381e-02 
 5.633653e-01 -1.599600e-02 
 5.637691e-01 -1.602867e-02 
 5.641730e-01 -1.606182e-02 
 5.645768e-01 -1.609505e-02 
 5.649807e-01 -1.612825e-02 
 5.653845e-01 -1.616125e-02 
 5.657884e-01 -1.619401e-02 
 5.661922e-01 -1.622617e-02 
 5.665961e-01 -1.625761e-02 
 5.669999e-01 -1.628805e-02 
 5.674038e-01 -1.631743e-02 
 5.678076e-01 -1.634525e-02 
 5.682114e-01 -1.637139e-02 
 5.686153e-01 -1.639587e-02 
 5.690191e-01 -1.641874e-02 
 5.694230e-01 -1.644007e-02 
 5.698268e-01 -1.646007e-02 
 5.702307e-01 -1.647911e-02 
 5.706345e-01 -1.649716e-02 
 5.710384e-01 -1.651416e-02 
 5.714422e-01 -1.653026e-02 
 5.718461e-01 -1.654566e-02 
 5.722499e-01 -1.656056e-02 
 5.726538e-01 -1.657513e-02 
 5.730576e-01 -1.658960e-02 
 5.734614e-01 -1.660383e-02 
 5.738653e-01 -1.661768e-02 
 5.742691e-01 -1.663119e-02 
 5.746730e-01 -1.664427e-02 
 5.750768e-01 -1.665676e-02 
 5.754807e-01 -1.666862e-02 
 5.758845e-01 -1.667977e-02 
 5.762884e-01 -1.669035e-02 
 5.766922e-01 -1.670065e-02 
 5.770961e-01 -1.671092e-02 
 5.774999e-01 -1.672118e-02 
 5.779038e-01 -1.673153e-02 
 5.783076e-01 -1.674196e-02 
 5.787114e-01 -1.675260e-02 
 5.791153e-01 -1.676372e-02 
 5.795191e-01 -1.677524e-02 
 5.799230e-01 -1.678700e-02 
 5.803268e-01 -1.679890e-02 
 5.807307e-01 -1.681098e-02 
 5.811345e-01 -1.682300e-02 
 5.815384e-01 -1.683506e-02 
 5.819422e-01 -1.684717e-02 
 5.823461e-01 -1.685921e-02 
 5.827499e-01 -1.687122e-02 
 5.831537e-01 -1.688300e-02 
 5.835576e-01 -1.689459e-02 
 5.839614e-01 -1.690596e-02 
 5.843653e-01 -1.691701e-02 
 5.847691e-01 -1.692780e-02 
 5.851730e-01 -1.693857e-02 
 5.855768e-01 -1.694953e-02 
 5.859807e-01 -1.696088e-02 
 5.863845e-01 -1.697270e-02 
 5.867884e-01 -1.698515e-02 
 5.871922e-01 -1.699814e-02 
 5.875961e-01 -1.701156e-02 
 5.879999e-01 -1.702555e-02 
 5.884037e-01 -1.703993e-02 
 5.888076e-01 -1.705454e-02 
 5.892114e-01 -1.706932e-02 
 5.896153e-01 -1.708417e-02 
 5.900191e-01 -1.709888e-02 
 5.904230e-01 -1.711341e-02 
 5.908268e-01 -1.712781e-02 
 5.912307e-01 -1.714198e-02 
 5.916345e-01 -1.715571e-02 
 5.920384e-01 -1.716888e-02 
 5.924422e-01 -1.718150e-02 
 5.928461e-01 -1.719369e-02 
 5.932499e-01 -1.720529e-02 
 5.936537e-01 -1.721625e-02 
 5.940576e-01 -1.722666e-02 
 5.944614e-01 -1.723650e-02 
 5.948653e-01 -1.724592e-02 
 5.952691e-01 -1.725497e-02 
 5.956730e-01 -1.726353e-02 
 5.960768e-01 -1.727114e-02 
 5.964807e-01 -1.727780e-02 
 5.968845e-01 -1.728362e-02 
 5.972884e-01 -1.728874e-02 
 5.976922e-01 -1.729326e-02 
 5.980961e-01 -1.729698e-02 
 5.984999e-01 -1.729975e-02 
 5.989037e-01 -1.730149e-02 
 5.993076e-01 -1.730237e-02 
 5.997114e-01 -1.730268e-02 
 6.001153e-01 -1.730261e-02 
 6.005191e-01 -1.730240e-02 
 6.009230e-01 -1.730228e-02 
 6.013268e-01 -1.730271e-02 
 6.017307e-01 -1.730404e-02 
 6.021345e-01 -1.730651e-02 
 6.025384e-01 -1.730992e-02 
 6.029422e-01 -1.731443e-02 
 6.033461e-01 -1.731995e-02 
 6.037499e-01 -1.732629e-02 
 6.041537e-01 -1.733349e-02 
 6.045576e-01 -1.734147e-02 
 6.049614e-01 -1.735017e-02 
 6.053653e-01 -1.735950e-02 
 6.057691e-01 -1.736954e-02 
 6.061730e-01 -1.738018e-02 
 6.065768e-01 -1.739122e-02 
 6.069807e-01 -1.740244e-02 
 6.073845e-01 -1.741361e-02 
 6.077884e-01 -1.742464e-02 
 6.081922e-01 -1.743523e-02 
 6.085961e-01 -1.744509e-02 
 6.089999e-01 -1.745398e-02 
 6.094037e-01 -1.746173e-02 
 6.098076e-01 -1.746812e-02 
 6.102114e-01 -1.747300e-02 
 6.106153e-01 -1.747655e-02 
 6.110191e-01 -1.747866e-02 
 6.114230e-01 -1.747932e-02 
 6.118268e-01 -1.747852e-02 
 6.122307e-01 -1.747621e-02 
 6.126345e-01 -1.747239e-02 
 6.130384e-01 -1.746707e-02 
 6.134422e-01 -1.746037e-02 
 6.138461e-01 -1.745236e-02 
 6.142499e-01 -1.744315e-02 
 6.146537e-01 -1.743260e-02 
 6.150576e-01 -1.742102e-02 
 6.154614e-01 -1.740857e-02 
 6.158653e-01 -1.739526e-02 
 6.162691e-01 -1.738093e-02 
 6.166730e-01 -1.736581e-02 
 6.170768e-01 -1.735005e-02 
 6.174807e-01 -1.733383e-02 
 6.178845e-01 -1.731752e-02 
 6.182884e-01 -1.730130e-02 
 6.186922e-01 -1.728516e-02 
 6.190961e-01 -1.726910e-02 
 6.194999e-01 -1.725329e-02 
 6.199037e-01 -1.723771e-02 
 6.203076e-01 -1.722212e-02 
 6.207114e-01 -1.720663e-02 
 6.211153e-01 -1.719109e-02 
 6.215191e-01 -1.717554e-02 
 6.219230e-01 -1.716016e-02 
 6.223268e-01 -1.714497e-02 
 6.227307e-01 -1.712984e-02 
 6.231345e-01 -1.711459e-02 
 6.235384e-01 -1.709908e-02 
 6.239422e-01 -1.708315e-02 
 6.243461e-01 -1.706679e-02 
 6.247499e-01 -1.704989e-02 
 6.251537e-01 -1.703228e-02 
 6.255576e-01 -1.701409e-02 
 6.259614e-01 -1.699545e-02 
 6.263653e-01 -1.697636e-02 
 6.267691e-01 -1.695686e-02 
 6.271730e-01 -1.693692e-02 
 6.275768e-01 -1.691632e-02 
 6.279807e-01 -1.689472e-02 
 6.283845e-01 -1.687198e-02 
 6.287884e-01 -1.684806e-02 
 6.291922e-01 -1.682282e-02 
 6.295960e-01 -1.679633e-02 
 6.299999e-01 -1.676872e-02 
 6.304037e-01 -1.674021e-02 
 6.308076e-01 -1.671094e-02 
 6.312114e-01 -1.668112e-02 
 6.316153e-01 -1.665070e-02 
 6.320191e-01 -1.661965e-02 
 6.324230e-01 -1.658810e-02 
 6.328268e-01 -1.655590e-02 
 6.332307e-01 -1.652324e-02 
 6.336345e-01 -1.649012e-02 
 6.340384e-01 -1.645645e-02 
 6.344422e-01 -1.642251e-02 
 6.348460e-01 -1.638851e-02 
 6.352499e-01 -1.635461e-02 
 6.356537e-01 -1.632107e-02 
 6.360576e-01 -1.628812e-02 
 6.364614e-01 -1.625585e-02 
 6.368653e-01 -1.622407e-02 
 6.372691e-01 -1.619275e-02 
 6.376730e-01 -1.616185e-02 
 6.380768e-01 -1.613123e-02 
 6.384807e-01 -1.610090e-02 
 6.388845e-01 -1.607100e-02 
 6.392884e-01 -1.604147e-02 
 6.396922e-01 -1.601234e-02 
 6.400960e-01 -1.598364e-02 
 6.404999e-01 -1.595547e-02 
 6.409037e-01 -1.592793e-02 
 6.413076e-01 -1.590115e-02 
 6.417114e-01 -1.587525e-02 
 6.421153e-01 -1.585050e-02 
 6.425191e-01 -1.582716e-02 
 6.429230e-01 -1.580521e-02 
 6.433268e-01 -1.578497e-02 
 6.437307e-01 -1.576644e-02 
 6.441345e-01 -1.574969e-02 
 6.445384e-01 -1.573473e-02 
 6.449422e-01 -1.572166e-02 
 6.453460e-01 -1.571039e-02 
 6.457499e-01 -1.570074e-02 
 6.461537e-01 -1.569258e-02 
 6.465576e-01 -1.568576e-02 
 6.469614e-01 -1.568022e-02 
 6.473653e-01 -1.567574e-02 
 6.477691e-01 -1.567215e-02 
 6.481730e-01 -1.566925e-02 
 6.485768e-01 -1.566683e-02 
 6.489807e-01 -1.566468e-02 
 6.493845e-01 -1.566263e-02 
 6.497884e-01 -1.566062e-02 
 6.501922e-01 -1.565861e-02 
 6.505960e-01 -1.565661e-02 
 6.509999e-01 -1.565450e-02 
 6.514037e-01 -1.565237e-02 
 6.518076e-01 -1.565020e-02 
 6.522114e-01 -1.564783e-02 
 6.526153e-01 -1.564537e-02 
 6.530191e-01 -1.564283e-02 
 6.534230e-01 -1.564006e-02 
 6.538268e-01 -1.563724e-02 
 6.542307e-01 -1.563445e-02 
 6.546345e-01 -1.563169e-02 
 6.550384e-01 -1.562886e-02 
 6.554422e-01 -1.562599e-02 
 6.558460e-01 -1.562320e-02 
 6.562499e-01 -1.562039e-02 
 6.566537e-01 -1.561761e-02 
 6.570576e-01 -1.561499e-02 
 6.574614e-01 -1.561268e-02 
 6.578653e-01 -1.561062e-02 
 6.582691e-01 -1.560896e-02 
 6.586730e-01 -1.560795e-02 
 6.590768e-01 -1.560749e-02 
 6.594807e-01 -1.560805e-02 
 6.598845e-01 -1.560961e-02 
 6.602884e-01 -1.561258e-02 
 6.606922e-01 -1.561709e-02 
 6.610960e-01 -1.562293e-02 
 6.614999e-01 -1.563016e-02 
 6.619037e-01 -1.563889e-02 
 6.623076e-01 -1.564896e-02 
 6.627114e-01 -1.566019e-02 
 6.631153e-01 -1.567263e-02 
 6.635191e-01 -1.568626e-02 
 6.639230e-01 -1.570049e-02 
 6.643268e-01 -1.571503e-02 
 6.647307e-01 -1.572974e-02 
 6.651345e-01 -1.574446e-02 
 6.655384e-01 -1.575923e-02 
 6.659422e-01 -1.577436e-02 
 6.663460e-01 -1.578986e-02 
 6.667499e-01 -1.580591e-02 
 6.671537e-01 -1.582261e-02 
 6.675576e-01 -1.584000e-02 
 6.679614e-01 -1.585807e-02 
 6.683653e-01 -1.587642e-02 
 6.687691e-01 -1.589508e-02 
 6.691730e-01 -1.591386e-02 
 6.695768e-01 -1.593270e-02 
 6.699807e-01 -1.595120e-02 
 6.703845e-01 -1.596939e-02 
 6.707884e-01 -1.598720e-02 
 6.711922e-01 -1.600451e-02 
 6.715960e-01 -1.602144e-02 
 6.719999e-01 -1.603799e-02 
 6.724037e-01 -1.605433e-02 
 6.728076e-01 -1.607055e-02 
 6.732114e-01 -1.608672e-02 
 6.736153e-01 -1.610291e-02 
 6.740191e-01 -1.611919e-02 
 6.744230e-01 -1.613574e-02 
 6.748268e-01 -1.615270e-02 
 6.752307e-01 -1.617024e-02 
 6.756345e-01 -1.618815e-02 
 6.760383e-01 -1.620654e-02 
 6.764422e-01 -1.622526e-02 
 6.768460e-01 -1.624422e-02 
 6.772499e-01 -1.626341e-02 
 6.776537e-01 -1.628273e-02 
 6.780576e-01 -1.630205e-02 
 6.784614e-01 -1.632125e-02 
 6.788653e-01 -1.634008e-02 
 6.792691e-01 -1.635838e-02 
 6.796730e-01 -1.637617e-02 
 6.800768e-01 -1.639339e-02 
 6.804807e-01 -1.640980e-02 
 6.808845e-01 -1.642543e-02 
 6.812883e-01 -1.644038e-02 
 6.816922e-01 -1.645455e-02 
 6.820960e-01 -1.646801e-02 
 6.824999e-01 -1.648084e-02 
 6.829037e-01 -1.649288e-02 
 6.833076e-01 -1.650400e-02 
 6.837114e-01 -1.651437e-02 
 6.841153e-01 -1.652405e-02 
 6.845191e-01 -1.653324e-02 
 6.849230e-01 -1.654203e-02 
 6.853268e-01 -1.655064e-02 
 6.857307e-01 -1.655952e-02 
 6.861345e-01 -1.656909e-02 
 6.865383e-01 -1.657940e-02 
 6.869422e-01 -1.659050e-02 
 6.873460e-01 -1.660253e-02 
 6.877499e-01 -1.661554e-02 
 6.881537e-01 -1.662945e-02 
 6.885576e-01 -1.664435e-02 
 6.889614e-01 -1.666009e-02 
 6.893653e-01 -1.667641e-02 
 6.897691e-01 -1.669340e-02 
 6.901730e-01 -1.671111e-02 
 6.905768e-01 -1.672930e-02 
 6.909807e-01 -1.674799e-02 
 6.913845e-01 -1.676710e-02 
 6.917883e-01 -1.678663e-02 
 6.921922e-01 -1.680660e-02 
 6.925960e-01 -1.682708e-02 
 6.929999e-01 -1.684815e-02 
 6.934037e-01 -1.686975e-02 
 6.938076e-01 -1.689162e-02 
 6.942114e-01 -1.691362e-02 
 6.946153e-01 -1.693572e-02 
 6.950191e-01 -1.695771e-02 
 6.954230e-01 -1.697930e-02 
 6.958268e-01 -1.700033e-02 
 6.962307e-01 -1.702072e-02 
 6.966345e-01 -1.704037e-02 
 6.970383e-01 -1.705922e-02 
 6.974422e-01 -1.707730e-02 
 6.978460e-01 -1.709451e-02 
 6.982499e-01 -1.711066e-02 
 6.986537e-01 -1.712564e-02 
 6.990576e-01 -1.713928e-02 
 6.994614e-01 -1.715155e-02 
 6.998653e-01 -1.716241e-02 
 7.002691e-01 -1.717203e-02 
 7.006730e-01 -1.718085e-02 
 7.010768e-01 -1.718918e-02 
 7.014807e-01 -1.719733e-02 
 7.018845e-01 -1.720564e-02 
 7.022883e-01 -1.721416e-02 
 7.026922e-01 -1.722294e-02 
 7.030960e-01 -1.723167e-02 
 7.034999e-01 -1.724029e-02 
 7.039037e-01 -1.724901e-02 
 7.043076e-01 -1.725787e-02 
 7.047114e-01 -1.726678e-02 
 7.051153e-01 -1.727579e-02 
 7.055191e-01 -1.728489e-02 
 7.059230e-01 -1.729399e-02 
 7.063268e-01 -1.730336e-02 
 7.067307e-01 -1.731331e-02 
 7.071345e-01 -1.732401e-02 
 7.075383e-01 -1.733550e-02 
 7.079422e-01 -1.734788e-02 
 7.083460e-01 -1.736134e-02 
 7.087499e-01 -1.737582e-02 
 7.091537e-01 -1.739124e-02 
 7.095576e-01 -1.740733e-02 
 7.099614e-01 -1.742424e-02 
 7.103653e-01 -1.744207e-02 
 7.107691e-01 -1.746055e-02 
 7.111730e-01 -1.747957e-02 
 7.115768e-01 -1.749866e-02 
 7.119807e-01 -1.751736e-02 
 7.123845e-01 -1.753546e-02 
 7.127883e-01 -1.755287e-02 
 7.131922e-01 -1.756967e-02 
 7.135960e-01 -1.758567e-02 
 7.139999e-01 -1.760094e-02 
 7.144037e-01 -1.761546e-02 
 7.148076e-01 -1.762914e-02 
 7.152114e-01 -1.764206e-02 
 7.156153e-01 -1.765418e-02 
 7.160191e-01 -1.766528e-02 
 7.164230e-01 -1.767520e-02 
 7.168268e-01 -1.768384e-02 
 7.172307e-01 -1.769092e-02 
 7.176345e-01 -1.769624e-02 
 7.180383e-01 -1.769976e-02 
 7.184422e-01 -1.770137e-02 
 7.188460e-01 -1.770099e-02 
 7.192499e-01 -1.769861e-02 
 7.196537e-01 -1.769425e-02 
 7.200576e-01 -1.768796e-02 
 7.204614e-01 -1.767975e-02 
 7.208653e-01 -1.766966e-02 
 7.212691e-01 -1.765780e-02 
 7.216730e-01 -1.764428e-02 
 7.220768e-01 -1.762930e-02 
 7.224806e-01 -1.761310e-02 
 7.228845e-01 -1.759587e-02 
 7.232883e-01 -1.757781e-02 
 7.236922e-01 -1.755887e-02 
 7.240960e-01 -1.753906e-02 
 7.244999e-01 -1.751840e-02 
 7.249037e-01 -1.749698e-02 
 7.253076e-01 -1.747473e-02 
 7.257114e-01 -1.745177e-02 
 7.261153e-01 -1.742832e-02 
 7.265191e-01 -1.740450e-02 
 7.269230e-01 -1.738056e-02 
 7.273268e-01 -1.735662e-02 
 7.277306e-01 -1.733289e-02 
 7.281345e-01 -1.730943e-02 
 7.285383e-01 -1.728652e-02 
 7.289422e-01 -1.726436e-02 
 7.293460e-01 -1.724301e-02 
 7.297499e-01 -1.722245e-02 
 7.301537e-01 -1.720242e-02 
 7.305576e-01 -1.718301e-02 
 7.309614e-01 -1.716417e-02 
 7.313653e-01 -1.714580e-02 
 7.317691e-01 -1.712779e-02 
 7.321730e-01 -1.710998e-02 
 7.325768e-01 -1.709244e-02 
 7.329806e-01 -1.707522e-02 
 7.333845e-01 -1.705835e-02 
 7.337883e-01 -1.704159e-02 
 7.341922e-01 -1.702481e-02 
 7.345960e-01 -1.700768e-02 
 7.349999e-01 -1.699015e-02 
 7.354037e-01 -1.697192e-02 
 7.358076e-01 -1.695259e-02 
 7.362114e-01 -1.693185e-02 
 7.366153e-01 -1.690949e-02 
 7.370191e-01 -1.688544e-02 
 7.374230e-01 -1.685976e-02 
 7.378268e-01 -1.683257e-02 
 7.382306e-01 -1.680397e-02 
 7.386345e-01 -1.677381e-02 
 7.390383e-01 -1.674201e-02 
 7.394422e-01 -1.670860e-02 
 7.398460e-01 -1.667350e-02 
 7.402499e-01 -1.663675e-02 
 7.406537e-01 -1.659857e-02 
 7.410576e-01 -1.655941e-02 
 7.414614e-01 -1.651973e-02 
 7.418653e-01 -1.647998e-02 
 7.422691e-01 -1.644050e-02 
 7.426730e-01 -1.640176e-02 
 7.430768e-01 -1.636376e-02 
 7.434806e-01 -1.632650e-02 
 7.438845e-01 -1.628994e-02 
 7.442883e-01 -1.625383e-02 
 7.446922e-01 -1.621803e-02 
 7.450960e-01 -1.618275e-02 
 7.454999e-01 -1.614805e-02 
 7.459037e-01 -1.611441e-02 
 7.463076e-01 -1.608215e-02 
 7.467114e-01 -1.605131e-02 
 7.471153e-01 -1.602220e-02 
 7.475191e-01 -1.599514e-02 
 7.479230e-01 -1.596995e-02 
 7.483268e-01 -1.594659e-02 
 7.487306e-01 -1.592530e-02 
 7.491345e-01 -1.590626e-02 
 7.495383e-01 -1.588910e-02 
 7.499422e-01 -1.587440e-02 
 7.503460e-01 -1.586187e-02 
 7.507499e-01 -1.585142e-02 
 7.511537e-01 -1.584294e-02 
 7.515576e-01 -1.583616e-02 
 7.519614e-01 -1.583120e-02 
 7.523653e-01 -1.582727e-02 
 7.527691e-01 -1.582416e-02 
 7.531730e-01 -1.582197e-02 
 7.535768e-01 -1.582053e-02 
 7.539806e-01 -1.581998e-02 
 7.543845e-01 -1.582009e-02 
 7.547883e-01 -1.582078e-02 
 7.551922e-01 -1.582194e-02 
 7.555960e-01 -1.582361e-02 
 7.559999e-01 -1.582582e-02 
 7.564037e-01 -1.582835e-02 
 7.568076e-01 -1.583101e-02 
 7.572114e-01 -1.583357e-02 
 7.576153e-01 -1.583587e-02 
 7.580191e-01 -1.583797e-02 
 7.584230e-01 -1.583952e-02 
 7.588268e-01 -1.584045e-02 
 7.592306e-01 -1.584047e-02 
 7.596345e-01 -1.583959e-02 
 7.600383e-01 -1.583784e-02 
 7.604422e-01 -1.583524e-02 
 7.608460e-01 -1.583195e-02 
 7.612499e-01 -1.582792e-02 
 7.616537e-01 -1.582322e-02 
 7.620576e-01 -1.581811e-02 
 7.624614e-01 -1.581267e-02 
 7.628653e-01 -1.580690e-02 
 7.632691e-01 -1.580094e-02 
 7.636730e-01 -1.579477e-02 
 7.640768e-01 -1.578848e-02 
 7.644806e-01 -1.578200e-02 
 7.648845e-01 -1.577533e-02 
 7.652883e-01 -1.576871e-02 
 7.656922e-01 -1.576225e-02 
 7.660960e-01 -1.575599e-02 
 7.664999e-01 -1.575021e-02 
 7.669037e-01 -1.574514e-02 
 7.673076e-01 -1.574108e-02 
 7.677114e-01 -1.573818e-02 
 7.681153e-01 -1.573653e-02 
 7.685191e-01 -1.573615e-02 
 7.689229e-01 -1.573667e-02 
 7.693268e-01 -1.573809e-02 
 7.697306e-01 -1.574050e-02 
 7.701345e-01 -1.574409e-02 
 7.705383e-01 -1.574847e-02 
 7.709422e-01 -1.575330e-02 
 7.713460e-01 -1.575885e-02 
 7.717499e-01 -1.576501e-02 
 7.721537e-01 -1.577188e-02 
 7.725576e-01 -1.577961e-02 
 7.729614e-01 -1.578816e-02 
 7.733653e-01 -1.579772e-02 
 7.737691e-01 -1.580825e-02 
 7.741729e-01 -1.582002e-02 
 7.745768e-01 -1.583298e-02 
 7.749806e-01 -1.584690e-02 
 7.753845e-01 -1.586137e-02 
 7.757883e-01 -1.587630e-02 
 7.761922e-01 -1.589157e-02 
 7.765960e-01 -1.590676e-02 
 7.769999e-01 -1.592155e-02 
 7.774037e-01 -1.593558e-02 
 7.778076e-01 -1.594849e-02 
 7.782114e-01 -1.596034e-02 
 7.786153e-01 -1.597096e-02 
 7.790191e-01 -1.598016e-02 
 7.794229e-01 -1.598788e-02 
 7.798268e-01 -1.599379e-02 
 7.802306e-01 -1.599823e-02 
 7.806345e-01 -1.600111e-02 
 7.810383e-01 -1.600273e-02 
 7.814422e-01 -1.600333e-02 
 7.818460e-01 -1.600312e-02 
 7.822499e-01 -1.600259e-02 
 7.826537e-01 -1.600187e-02 
 7.830576e-01 -1.600108e-02 
 7.834614e-01 -1.600038e-02 
 7.838653e-01 -1.599952e-02 
 7.842691e-01 -1.599860e-02 
 7.846729e-01 -1.599769e-02 
 7.850768e-01 -1.599677e-02 
 7.854806e-01 -1.599603e-02 
 7.858845e-01 -1.599565e-02 
 7.862883e-01 -1.599607e-02 
 7.866922e-01 -1.599738e-02 
 7.870960e-01 -1.599947e-02 
 7.874999e-01 -1.600269e-02 
 7.879037e-01 -1.600699e-02 
 7.883076e-01 -1.601237e-02 
 7.887114e-01 -1.601886e-02 
 7.891153e-01 -1.602640e-02 
 7.895191e-01 -1.603487e-02 
 7.899229e-01 -1.604440e-02 
 7.903268e-01 -1.605523e-02 
 7.907306e-01 -1.606746e-02 
 7.911345e-01 -1.608101e-02 
 7.915383e-01 -1.609576e-02 
 7.919422e-01 -1.611142e-02 
 7.923460e-01 -1.612793e-02 
 7.927499e-01 -1.614514e-02 
 7.931537e-01 -1.616290e-02 
 7.935576e-01 -1.618098e-02 
 7.939614e-01 -1.619969e-02 
 7.943653e-01 -1.621924e-02 
 7.947691e-01 -1.623980e-02 
 7.951729e-01 -1.626135e-02 
 7.955768e-01 -1.628385e-02 
 7.959806e-01 -1.630708e-02 
 7.963845e-01 -1.633088e-02 
 7.967883e-01 -1.635563e-02 
 7.971922e-01 -1.638103e-02 
 7.975960e-01 -1.640696e-02 
 7.979999e-01 -1.643312e-02 
 7.984037e-01 -1.645948e-02 
 7.988076e-01 -1.648610e-02 
 7.992114e-01 -1.651280e-02 
 7.996153e-01 -1.653934e-02 
 8.000191e-01 -1.656563e-02 
 8.004229e-01 -1.659108e-02 
 8.008268e-01 -1.661590e-02 
 8.012306e-01 -1.664007e-02 
 8.016345e-01 -1.666353e-02 
 8.020383e-01 -1.668631e-02 
 8.024422e-01 -1.670837e-02 
 8.028460e-01 -1.673001e-02 
 8.032499e-01 -1.675111e-02 
 8.036537e-01 -1.677180e-02 
 8.040576e-01 -1.679199e-02 
 8.044614e-01 -1.681122e-02 
 8.048653e-01 -1.682943e-02 
 8.052691e-01 -1.684636e-02 
 8.056729e-01 -1.686242e-02 
 8.060768e-01 -1.687754e-02 
 8.064806e-01 -1.689198e-02 
 8.068845e-01 -1.690588e-02 
 8.072883e-01 -1.691933e-02 
 8.076922e-01 -1.693217e-02 
 8.080960e-01 -1.694456e-02 
 8.084999e-01 -1.695688e-02 
 8.089037e-01 -1.696931e-02 
 8.093076e-01 -1.698166e-02 
 8.097114e-01 -1.699404e-02 
 8.101153e-01 -1.700659e-02 
 8.105191e-01 -1.701932e-02 
 8.109229e-01 -1.703248e-02 
 8.113268e-01 -1.704580e-02 
 8.117306e-01 -1.705930e-02 
 8.121345e-01 -1.707282e-02 
 8.125383e-01 -1.708639e-02 
 8.129422e-01 -1.710035e-02 
 8.133460e-01 -1.711513e-02 
 8.137499e-01 -1.713099e-02 
 8.141537e-01 -1.714766e-02 
 8.145576e-01 -1.716557e-02 
 8.149614e-01 -1.718482e-02 
 8.153652e-01 -1.720537e-02 
 8.157691e-01 -1.722696e-02 
 8.161729e-01 -1.724929e-02 
 8.165768e-01 -1.727238e-02 
 8.169806e-01 -1.729609e-02 
 8.173845e-01 -1.732029e-02 
 8.177883e-01 -1.734483e-02 
 8.181922e-01 -1.736943e-02 
 8.185960e-01 -1.739343e-02 
 8.189999e-01 -1.741647e-02 
 8.194037e-01 -1.743838e-02 
 8.198076e-01 -1.745835e-02 
 8.202114e-01 -1.747598e-02 
 8.206152e-01 -1.749135e-02 
 8.210191e-01 -1.750460e-02 
 8.214229e-01 -1.751593e-02 
 8.218268e-01 -1.752556e-02 
 8.222306e-01 -1.753352e-02 
 8.226345e-01 -1.753956e-02 
 8.230383e-01 -1.754365e-02 
 8.234422e-01 -1.754563e-02 
 8.238460e-01 -1.754574e-02 
 8.242499e-01 -1.754361e-02 
 8.246537e-01 -1.753907e-02 
 8.250576e-01 -1.753221e-02 
 8.254614e-01 -1.752311e-02 
 8.258652e-01 -1.751218e-02 
 8.262691e-01 -1.749987e-02 
 8.266729e-01 -1.748632e-02 
 8.270768e-01 -1.747177e-02 
 8.274806e-01 -1.745631e-02 
 8.278845e-01 -1.744019e-02 
 8.282883e-01 -1.742364e-02 
 8.286922e-01 -1.740695e-02 
 8.290960e-01 -1.739020e-02 
 8.294999e-01 -1.737366e-02 
 8.299037e-01 -1.735760e-02 
 8.303076e-01 -1.734208e-02 
 8.307114e-01 -1.732720e-02 
 8.311152e-01 -1.731322e-02 
 8.315191e-01 -1.730008e-02 
 8.319229e-01 -1.728760e-02 
 8.323268e-01 -1.727545e-02 
 8.327306e-01 -1.726352e-02 
 8.331345e-01 -1.725186e-02 
 8.335383e-01 -1.724043e-02 
 8.339422e-01 -1.722910e-02 
 8.343460e-01 -1.721795e-02 
 8.347499e-01 -1.720673e-02 
 8.351537e-01 -1.719544e-02 
 8.355576e-01 -1.718413e-02 
 8.359614e-01 -1.717290e-02 
 8.363652e-01 -1.716135e-02 
 8.367691e-01 -1.714914e-02 
 8.371729e-01 -1.713627e-02 
 8.375768e-01 -1.712298e-02 
 8.379806e-01 -1.710931e-02 
 8.383845e-01 -1.709545e-02 
 8.387883e-01 -1.708107e-02 
 8.391922e-01 -1.706617e-02 
 8.395960e-01 -1.705059e-02 
 8.399999e-01 -1.703410e-02 
 8.404037e-01 -1.701676e-02 
 8.408076e-01 -1.699831e-02 
 8.412114e-01 -1.697857e-02 
 8.416152e-01 -1.695756e-02 
 8.420191e-01 -1.693563e-02 
 8.424229e-01 -1.691302e-02 
 8.428268e-01 -1.688971e-02 
 8.432306e-01 -1.686582e-02 
 8.436345e-01 -1.684133e-02 
 8.440383e-01 -1.681620e-02 
 8.444422e-01 -1.679062e-02 
 8.448460e-01 -1.676462e-02 
 8.452499e-01 -1.673817e-02 
 8.456537e-01 -1.671138e-02 
 8.460576e-01 -1.668463e-02 
 8.464614e-01 -1.665799e-02 
 8.468652e-01 -1.663177e-02 
 8.472691e-01 -1.660595e-02 
 8.476729e-01 -1.658055e-02 
 8.480768e-01 -1.655559e-02 
 8.484806e-01 -1.653090e-02 
 8.488845e-01 -1.650653e-02 
 8.492883e-01 -1.648258e-02 
 8.496922e-01 -1.645904e-02 
 8.500960e-01 -1.643596e-02 
 8.504999e-01 -1.641325e-02 
 8.509037e-01 -1.639103e-02 
 8.513076e-01 -1.636917e-02 
 8.517114e-01 -1.634785e-02 
 8.521152e-01 -1.632707e-02 
 8.525191e-01 -1.630686e-02 
 8.529229e-01 -1.628712e-02 
 8.533268e-01 -1.626814e-02 
 8.537306e-01 -1.625039e-02 
 8.541345e-01 -1.623405e-02 
 8.545383e-01 -1.621913e-02 
 8.549422e-01 -1.620543e-02 
 8.553460e-01 -1.619280e-02 
 8.557499e-01 -1.618142e-02 
 8.561537e-01 -1.617112e-02 
 8.565576e-01 -1.616222e-02 
 8.569614e-01 -1.615457e-02 
 8.573652e-01 -1.614801e-02 
 8.577691e-01 -1.614251e-02 
 8.581729e-01 -1.613846e-02 
 8.585768e-01 -1.613597e-02 
 8.589806e-01 -1.613463e-02 
 8.593845e-01 -1.613401e-02 
 8.597883e-01 -1.613371e-02 
 8.601922e-01 -1.613332e-02 
 8.605960e-01 -1.613269e-02 
 8.609999e-01 -1.613169e-02 
 8.614037e-01 -1.613019e-02 
 8.618075e-01 -1.612827e-02 
 8.622114e-01 -1.612624e-02 
 8.626152e-01 -1.612433e-02 
 8.630191e-01 -1.612272e-02 
 8.634229e-01 -1.612111e-02 
 8.638268e-01 -1.611900e-02 
 8.642306e-01 -1.611633e-02 
 8.646345e-01 -1.611291e-02 
 8.650383e-01 -1.610871e-02 
 8.654422e-01 -1.610346e-02 
 8.658460e-01 -1.609726e-02 
 8.662499e-01 -1.609033e-02 
 8.666537e-01 -1.608279e-02 
 8.670575e-01 -1.607488e-02 
 8.674614e-01 -1.606672e-02 
 8.678652e-01 -1.605819e-02 
 8.682691e-01 -1.604914e-02 
 8.686729e-01 -1.603980e-02 
 8.690768e-01 -1.603021e-02 
 8.694806e-01 -1.602041e-02 
 8.698845e-01 -1.601066e-02 
 8.702883e-01 -1.600130e-02 
 8.706922e-01 -1.599259e-02 
 8.710960e-01 -1.598482e-02 
 8.714999e-01 -1.597821e-02 
 8.719037e-01 -1.597273e-02 
 8.723075e-01 -1.596842e-02 
 8.727114e-01 -1.596503e-02 
 8.731152e-01 -1.596251e-02 
 8.735191e-01 -1.596113e-02 
 8.739229e-01 -1.596069e-02 
 8.743268e-01 -1.596143e-02 
 8.747306e-01 -1.596347e-02 
 8.751345e-01 -1.596642e-02 
 8.755383e-01 -1.596992e-02 
 8.759422e-01 -1.597349e-02 
 8.763460e-01 -1.597709e-02 
 8.767499e-01 -1.598053e-02 
 8.771537e-01 -1.598360e-02 
 8.775575e-01 -1.598639e-02 
 8.779614e-01 -1.598900e-02 
 8.783652e-01 -1.599154e-02 
 8.787691e-01 -1.599415e-02 
 8.791729e-01 -1.599688e-02 
 8.795768e-01 -1.599944e-02 
 8.799806e-01 -1.600134e-02 
 8.803845e-01 -1.600214e-02 
 8.807883e-01 -1.600204e-02 
 8.811922e-01 -1.600125e-02 
 8.815960e-01 -1.599960e-02 
 8.819999e-01 -1.599706e-02 
 8.824037e-01 -1.599388e-02 
 8.828075e-01 -1.599022e-02 
 8.832114e-01 -1.598618e-02 
 8.836152e-01 -1.598174e-02 
 8.840191e-01 -1.597672e-02 
 8.844229e-01 -1.597093e-02 
 8.848268e-01 -1.596416e-02 
 8.852306e-01 -1.595648e-02 
 8.856345e-01 -1.594825e-02 
 8.860383e-01 -1.593973e-02 
 8.864422e-01 -1.593129e-02 
 8.868460e-01 -1.592329e-02 
 8.872499e-01 -1.591600e-02 
 8.876537e-01 -1.590951e-02 
 8.880575e-01 -1.590380e-02 
 8.884614e-01 -1.589880e-02 
 8.888652e-01 -1.589449e-02 
 8.892691e-01 -1.589080e-02 
 8.896729e-01 -1.588771e-02 
 8.900768e-01 -1.588513e-02 
 8.904806e-01 -1.588303e-02 
 8.908845e-01 -1.588145e-02 
 8.912883e-01 -1.588048e-02 
 8.916922e-01 -1.588004e-02 
 8.920960e-01 -1.588015e-02 
 8.924999e-01 -1.588079e-02 
 8.929037e-01 -1.588204e-02 
 8.933075e-01 -1.588383e-02 
 8.937114e-01 -1.588638e-02 
 8.941152e-01 -1.588965e-02 
 8.945191e-01 -1.589383e-02 
 8.949229e-01 -1.589911e-02 
 8.953268e-01 -1.590548e-02 
 8.957306e-01 -1.591282e-02 
 8.961345e-01 -1.592105e-02 
 8.965383e-01 -1.593014e-02 
 8.969422e-01 -1.594027e-02 
 8.973460e-01 -1.595157e-02 
 8.977499e-01 -1.596415e-02 
 8.981537e-01 -1.597792e-02 
 8.985575e-01 -1.599297e-02 
 8.989614e-01 -1.600972e-02 
 8.993652e-01 -1.602814e-02 
 8.997691e-01 -1.604800e-02 
 9.001729e-01 -1.606895e-02 
 9.005768e-01 -1.609073e-02 
 9.009806e-01 -1.611311e-02 
 9.013845e-01 -1.613634e-02 
 9.017883e-01 -1.616057e-02 
 9.021922e-01 -1.618570e-02 
 9.025960e-01 -1.621163e-02 
 9.029999e-01 -1.623833e-02 
 9.034037e-01 -1.626626e-02 
 9.038075e-01 -1.629532e-02 
 9.042114e-01 -1.632515e-02 
 9.046152e-01 -1.635507e-02 
 9.050191e-01 -1.638470e-02 
 9.054229e-01 -1.641395e-02 
 9.058268e-01 -1.644286e-02 
 9.062306e-01 -1.647171e-02 
 9.066345e-01 -1.650049e-02 
 9.070383e-01 -1.652916e-02 
 9.074422e-01 -1.655776e-02 
 9.078460e-01 -1.658612e-02 
 9.082498e-01 -1.661408e-02 
 9.086537e-01 -1.664128e-02 
 9.090575e-01 -1.666708e-02 
 9.094614e-01 -1.669147e-02 
 9.098652e-01 -1.671452e-02 
 9.102691e-01 -1.673654e-02 
 9.106729e-01 -1.675791e-02 
 9.110768e-01 -1.677867e-02 
 9.114806e-01 -1.679893e-02 
 9.118845e-01 -1.681890e-02 
 9.122883e-01 -1.683866e-02 
 9.126922e-01 -1.685825e-02 
 9.130960e-01 -1.687768e-02 
 9.134998e-01 -1.689696e-02 
 9.139037e-01 -1.691630e-02 
 9.143075e-01 -1.693583e-02 
 9.147114e-01 -1.695586e-02 
 9.151152e-01 -1.697663e-02 
 9.155191e-01 -1.699807e-02 
 9.159229e-01 -1.702002e-02 
 9.163268e-01 -1.704229e-02 
 9.167306e-01 -1.706474e-02 
 9.171345e-01 -1.708739e-02 
 9.175383e-01 -1.711018e-02 
 9.179422e-01 -1.713316e-02 
 9.183460e-01 -1.715639e-02 
 9.187498e-01 -1.717998e-02 
 9.191537e-01 -1.720403e-02 
 9.195575e-01 -1.722860e-02 
 9.199614e-01 -1.725342e-02 
 9.203652e-01 -1.727792e-02 
 9.207691e-01 -1.730166e-02 
 9.211729e-01 -1.732448e-02 
 9.215768e-01 -1.734636e-02 
 9.219806e-01 -1.736750e-02 
 9.223845e-01 -1.738781e-02 
 9.227883e-01 -1.740719e-02 
 9.231922e-01 -1.742552e-02 
 9.235960e-01 -1.744276e-02 
 9.239998e-01 -1.745888e-02 
 9.244037e-01 -1.747386e-02 
 9.248075e-01 -1.748735e-02 
 9.252114e-01 -1.749893e-02 
 9.256152e-01 -1.750857e-02 
 9.260191e-01 -1.751656e-02 
 9.264229e-01 -1.752315e-02 
 9.268268e-01 -1.752835e-02 
 9.272306e-01 -1.753220e-02 
 9.276345e-01 -1.753489e-02 
 9.280383e-01 -1.753642e-02 
 9.284422e-01 -1.753679e-02 
 9.288460e-01 -1.753592e-02 
 9.292498e-01 -1.753357e-02 
 9.296537e-01 -1.752958e-02 
 9.300575e-01 -1.752401e-02 
 9.304614e-01 -1.751706e-02 
 9.308652e-01 -1.750904e-02 
 9.312691e-01 -1.750031e-02 
 9.316729e-01 -1.749087e-02 
 9.320768e-01 -1.748076e-02 
 9.324806e-01 -1.747011e-02 
 9.328845e-01 -1.745898e-02 
 9.332883e-01 -1.744753e-02 
 9.336922e-01 -1.743582e-02 
 9.340960e-01 -1.742404e-02 
 9.344998e-01 -1.741237e-02 
 9.349037e-01 -1.740107e-02 
 9.353075e-01 -1.739020e-02 
 9.357114e-01 -1.737976e-02 
 9.361152e-01 -1.736973e-02 
 9.365191e-01 -1.735988e-02 
 9.369229e-01 -1.735014e-02 
 9.373268e-01 -1.734060e-02 
 9.377306e-01 -1.733142e-02 
 9.381345e-01 -1.732275e-02 
 9.385383e-01 -1.731463e-02 
 9.389422e-01 -1.730718e-02 
 9.393460e-01 -1.730025e-02 
 9.397498e-01 -1.729379e-02 
 9.401537e-01 -1.728769e-02 
 9.405575e-01 -1.728167e-02 
 9.409614e-01 -1.727530e-02 
 9.413652e-01 -1.726828e-02 
 9.417691e-01 -1.726062e-02 
 9.421729e-01 -1.725258e-02 
 9.425768e-01 -1.724448e-02 
 9.429806e-01 -1.723642e-02 
 9.433845e-01 -1.722824e-02 
 9.437883e-01 -1.721996e-02 
 9.441922e-01 -1.721171e-02 
 9.445960e-01 -1.720340e-02 
 9.449998e-01 -1.719488e-02 
 9.454037e-01 -1.718582e-02 
 9.458075e-01 -1.717595e-02 
 9.462114e-01 -1.716528e-02 
 9.466152e-01 -1.715420e-02 
 9.470191e-01 -1.714293e-02 
 9.474229e-01 -1.713128e-02 
 9.478268e-01 -1.711892e-02 
 9.482306e-01 -1.710572e-02 
 9.486345e-01 -1.709176e-02 
 9.490383e-01 -1.707687e-02 
 9.494422e-01 -1.706078e-02 
 9.498460e-01 -1.704338e-02 
 9.502498e-01 -1.702463e-02 
 9.506537e-01 -1.700447e-02 
 9.510575e-01 -1.698362e-02 
 9.514614e-01 -1.696242e-02 
 9.518652e-01 -1.694125e-02 
 9.522691e-01 -1.692006e-02 
 9.526729e-01 -1.689896e-02 
 9.530768e-01 -1.687815e-02 
 9.534806e-01 -1.685789e-02 
 9.538845e-01 -1.683837e-02 
 9.542883e-01 -1.681946e-02 
 9.546921e-01 -1.680109e-02 
 9.550960e-01 -1.678327e-02 
 9.554998e-01 -1.676615e-02 
 9.559037e-01 -1.674980e-02 
 9.563075e-01 -1.673422e-02 
 9.567114e-01 -1.671918e-02 
 9.571152e-01 -1.670483e-02 
 9.575191e-01 -1.669119e-02 
 9.579229e-01 -1.667834e-02 
 9.583268e-01 -1.666657e-02 
 9.587306e-01 -1.665597e-02 
 9.591345e-01 -1.664655e-02 
 9.595383e-01 -1.663818e-02 
 9.599421e-01 -1.663082e-02 
 9.603460e-01 -1.662437e-02 
 9.607498e-01 -1.661853e-02 
 9.611537e-01 -1.661315e-02 
 9.615575e-01 -1.660787e-02 
 9.619614e-01 -1.660257e-02 
 9.623652e-01 -1.659727e-02 
 9.627691e-01 -1.659209e-02 
 9.631729e-01 -1.658705e-02 
 9.635768e-01 -1.658203e-02 
 9.639806e-01 -1.657686e-02 
 9.643845e-01 -1.657142e-02 
 9.647883e-01 -1.656564e-02 
 9.651921e-01 -1.655930e-02 
 9.655960e-01 -1.655201e-02 
 9.659998e-01 -1.654356e-02 
 9.664037e-01 -1.653412e-02 
 9.668075e-01 -1.652404e-02 
 9.672114e-01 -1.651361e-02 
 9.676152e-01 -1.650305e-02 
 9.680191e-01 -1.649238e-02 
 9.684229e-01 -1.648146e-02 
 9.688268e-01 -1.647010e-02 
 9.692306e-01 -1.645835e-02 
 9.696345e-01 -1.644603e-02 
 9.700383e-01 -1.643274e-02 
 9.704421e-01 -1.641831e-02 
 9.708460e-01 -1.640272e-02 
 9.712498e-01 -1.638628e-02 
 9.716537e-01 -1.636931e-02 
 9.720575e-01 -1.635190e-02 
 9.724614e-01 -1.633418e-02 
 9.728652e-01 -1.631621e-02 
 9.732691e-01 -1.629794e-02 
 9.736729e-01 -1.627951e-02 
 9.740768e-01 -1.626107e-02 
 9.744806e-01 -1.624261e-02 
 9.748845e-01 -1.622430e-02 
 9.752883e-01 -1.620627e-02 
 9.756921e-01 -1.618860e-02 
 9.760960e-01 -1.617125e-02 
 9.764998e-01 -1.615470e-02 
 9.769037e-01 -1.613850e-02 
 9.773075e-01 -1.612277e-02 
 9.777114e-01 -1.610780e-02 
 9.781152e-01 -1.609368e-02 
 9.785191e-01 -1.608065e-02 
 9.789229e-01 -1.606878e-02 
 9.793268e-01 -1.605831e-02 
 9.797306e-01 -1.604933e-02 
 9.801345e-01 -1.604150e-02 
 9.805383e-01 -1.603494e-02 
 9.809421e-01 -1.602914e-02 
 9.813460e-01 -1.602403e-02 
 9.817498e-01 -1.601930e-02 
 9.821537e-01 -1.601479e-02 
 9.825575e-01 -1.601054e-02 
 9.829614e-01 -1.600653e-02 
 9.833652e-01 -1.600276e-02 
 9.837691e-01 -1.599921e-02 
 9.841729e-01 -1.599586e-02 
 9.845768e-01 -1.599255e-02 
 9.849806e-01 -1.598942e-02 
 9.853845e-01 -1.598637e-02 
 9.857883e-01 -1.598366e-02 
 9.861921e-01 -1.598113e-02 
 9.865960e-01 -1.597877e-02 
 9.869998e-01 -1.597666e-02 
 9.874037e-01 -1.597478e-02 
 9.878075e-01 -1.597320e-02 
 9.882114e-01 -1.597174e-02 
 9.886152e-01 -1.597000e-02 
 9.890191e-01 -1.596785e-02 
 9.894229e-01 -1.596488e-02 
 9.898268e-01 -1.596098e-02 
 9.902306e-01 -1.595595e-02 
 9.906345e-01 -1.594968e-02 
 9.910383e-01 -1.594198e-02 
 9.914421e-01 -1.593284e-02 
 9.918460e-01 -1.592279e-02 
 9.922498e-01 -1.591215e-02 
 9.926537e-01 -1.590103e-02 
 9.930575e-01 -1.588966e-02 
 9.934614e-01 -1.587817e-02 
 9.938652e-01 -1.586686e-02 
 9.942691e-01 -1.585599e-02 
 9.946729e-01 -1.584562e-02 
 9.950768e-01 -1.583580e-02 
 9.954806e-01 -1.582643e-02 
 9.958845e-01 -1.581732e-02 
 9.962883e-01 -1.580871e-02 
 9.966921e-01 -1.580071e-02 
 9.970960e-01 -1.579336e-02 
 9.974998e-01 -1.578676e-02 
 9.979037e-01 -1.578095e-02 
 9.983075e-01 -1.577621e-02 
 9.987114e-01 -1.577284e-02 
 9.991152e-01 -1.577111e-02 
 9.995191e-01 -1.577109e-02 
 9.999229e-01 -1.577264e-02 
 1.000327e+00 -1.577565e-02 
 1.000731e+00 -1.577994e-02 
 1.001134e+00 -1.578534e-02 
 1.001538e+00 -1.579155e-02 
 1.001942e+00 -1.579858e-02 
 1.002346e+00 -1.580638e-02 
 1.002750e+00 -1.581487e-02 
 1.003154e+00 -1.582421e-02 
 1.003558e+00 -1.583457e-02 
 1.003961e+00 -1.584588e-02 
 1.004365e+00 -1.585791e-02 
 1.004769e+00 -1.587051e-02 
 1.005173e+00 -1.588370e-02 
 1.005577e+00 -1.589731e-02 
 1.005981e+00 -1.591148e-02 
 1.006384e+00 -1.592628e-02 
 1.006788e+00 -1.594172e-02 
 1.007192e+00 -1.595784e-02 
 1.007596e+00 -1.597485e-02 
 1.008000e+00 -1.599287e-02 
 1.008404e+00 -1.601187e-02 
 1.008808e+00 -1.603165e-02 
 1.009211e+00 -1.605186e-02 
 1.009615e+00 -1.607230e-02 
 1.010019e+00 -1.609298e-02 
 1.010423e+00 -1.611387e-02 
 1.010827e+00 -1.613486e-02 
 1.011231e+00 -1.615594e-02 
 1.011634e+00 -1.617718e-02 
 1.012038e+00 -1.619874e-02 
 1.012442e+00 -1.622082e-02 
 1.012846e+00 -1.624354e-02 
 1.013250e+00 -1.626676e-02 
 1.013654e+00 -1.629021e-02 
 1.014058e+00 -1.631376e-02 
 1.014461e+00 -1.633756e-02 
 1.014865e+00 -1.636160e-02 
 1.015269e+00 -1.638561e-02 
 1.015673e+00 -1.640934e-02 
 1.016077e+00 -1.643263e-02 
 1.016481e+00 -1.645571e-02 
 1.016884e+00 -1.647866e-02 
 1.017288e+00 -1.650162e-02 
 1.017692e+00 -1.652466e-02 
 1.018096e+00 -1.654769e-02 
 1.018500e+00 -1.657095e-02 
 1.018904e+00 -1.659439e-02 
 1.019308e+00 -1.661828e-02 
 1.019711e+00 -1.664263e-02 
 1.020115e+00 -1.666716e-02 
 1.020519e+00 -1.669180e-02 
 1.020923e+00 -1.671639e-02 
 1.021327e+00 -1.674103e-02 
 1.021731e+00 -1.676573e-02 
 1.022134e+00 -1.679048e-02 
 1.022538e+00 -1.681527e-02 
 1.022942e+00 -1.683997e-02 
 1.023346e+00 -1.686480e-02 
 1.023750e+00 -1.688970e-02 
 1.024154e+00 -1.691484e-02 
 1.024558e+00 -1.694026e-02 
 1.024961e+00 -1.696556e-02 
 1.025365e+00 -1.699067e-02 
 1.025769e+00 -1.701540e-02 
 1.026173e+00 -1.703975e-02 
 1.026577e+00 -1.706406e-02 
 1.026981e+00 -1.708828e-02 
 1.027384e+00 -1.711226e-02 
 1.027788e+00 -1.713596e-02 
 1.028192e+00 -1.715915e-02 
 1.028596e+00 -1.718167e-02 
 1.029000e+00 -1.720334e-02 
 1.029404e+00 -1.722379e-02 
 1.029808e+00 -1.724268e-02 
 1.030211e+00 -1.725975e-02 
 1.030615e+00 -1.727501e-02 
 1.031019e+00 -1.728857e-02 
 1.031423e+00 -1.730039e-02 
 1.031827e+00 -1.731037e-02 
 1.032231e+00 -1.731857e-02 
 1.032634e+00 -1.732507e-02 
 1.033038e+00 -1.732988e-02 
 1.033442e+00 -1.733304e-02 
 1.033846e+00 -1.733454e-02 
 1.034250e+00 -1.733442e-02 
 1.034654e+00 -1.733273e-02 
 1.035058e+00 -1.732951e-02 
 1.035461e+00 -1.732539e-02 
 1.035865e+00 -1.732002e-02 
 1.036269e+00 -1.731346e-02 
 1.036673e+00 -1.730568e-02 
 1.037077e+00 -1.729687e-02 
 1.037481e+00 -1.728746e-02 
 1.037884e+00 -1.727758e-02 
 1.038288e+00 -1.726756e-02 
 1.038692e+00 -1.725754e-02 
 1.039096e+00 -1.724792e-02 
 1.039500e+00 -1.723904e-02 
 1.039904e+00 -1.723117e-02 
 1.040308e+00 -1.722438e-02 
 1.040711e+00 -1.721863e-02 
 1.041115e+00 -1.721353e-02 
 1.041519e+00 -1.720911e-02 
 1.041923e+00 -1.720538e-02 
 1.042327e+00 -1.720225e-02 
 1.042731e+00 -1.719979e-02 
 1.043134e+00 -1.719793e-02 
 1.043538e+00 -1.719653e-02 
 1.043942e+00 -1.719554e-02 
 1.044346e+00 -1.719516e-02 
 1.044750e+00 -1.719523e-02 
 1.045154e+00 -1.719533e-02 
 1.045558e+00 -1.719525e-02 
 1.045961e+00 -1.719467e-02 
 1.046365e+00 -1.719328e-02 
 1.046769e+00 -1.719137e-02 
 1.047173e+00 -1.718898e-02 
 1.047577e+00 -1.718595e-02 
 1.047981e+00 -1.718233e-02 
 1.048384e+00 -1.717786e-02 
 1.048788e+00 -1.717241e-02 
 1.049192e+00 -1.716600e-02 
 1.049596e+00 -1.715834e-02 
 1.050000e+00 -1.714918e-02 
 1.050404e+00 -1.713863e-02 
 1.050808e+00 -1.712672e-02 
 1.051211e+00 -1.711385e-02 
 1.051615e+00 -1.710025e-02 
 1.052019e+00 -1.708611e-02 
 1.052423e+00 -1.707154e-02 
 1.052827e+00 -1.705670e-02 
 1.053231e+00 -1.704180e-02 
 1.053634e+00 -1.702714e-02 
 1.054038e+00 -1.701267e-02 
 1.054442e+00 -1.699829e-02 
 1.054846e+00 -1.698410e-02 
 1.055250e+00 -1.697017e-02 
 1.055654e+00 -1.695670e-02 
 1.056058e+00 -1.694370e-02 
 1.056461e+00 -1.693099e-02 
 1.056865e+00 -1.691848e-02 
 1.057269e+00 -1.690618e-02 
 1.057673e+00 -1.689421e-02 
 1.058077e+00 -1.688306e-02 
 1.058481e+00 -1.687289e-02 
 1.058884e+00 -1.686361e-02 
 1.059288e+00 -1.685538e-02 
 1.059692e+00 -1.684839e-02 
 1.060096e+00 -1.684256e-02 
 1.060500e+00 -1.683782e-02 
 1.060904e+00 -1.683378e-02 
 1.061308e+00 -1.683005e-02 
 1.061711e+00 -1.682625e-02 
 1.062115e+00 -1.682230e-02 
 1.062519e+00 -1.681815e-02 
 1.062923e+00 -1.681380e-02 
 1.063327e+00 -1.680922e-02 
 1.063731e+00 -1.680431e-02 
 1.064134e+00 -1.679915e-02 
 1.064538e+00 -1.679401e-02 
 1.064942e+00 -1.678918e-02 
 1.065346e+00 -1.678460e-02 
 1.065750e+00 -1.678036e-02 
 1.066154e+00 -1.677638e-02 
 1.066558e+00 -1.677261e-02 
 1.066961e+00 -1.676914e-02 
 1.067365e+00 -1.676619e-02 
 1.067769e+00 -1.676365e-02 
 1.068173e+00 -1.676148e-02 
 1.068577e+00 -1.675949e-02 
 1.068981e+00 -1.675735e-02 
 1.069384e+00 -1.675491e-02 
 1.069788e+00 -1.675196e-02 
 1.070192e+00 -1.674815e-02 
 1.070596e+00 -1.674342e-02 
 1.071000e+00 -1.673785e-02 
 1.071404e+00 -1.673150e-02 
 1.071808e+00 -1.672474e-02 
 1.072211e+00 -1.671768e-02 
 1.072615e+00 -1.671026e-02 
 1.073019e+00 -1.670240e-02 
 1.073423e+00 -1.669400e-02 
 1.073827e+00 -1.668498e-02 
 1.074231e+00 -1.667540e-02 
 1.074634e+00 -1.666508e-02 
 1.075038e+00 -1.665389e-02 
 1.075442e+00 -1.664175e-02 
 1.075846e+00 -1.662865e-02 
 1.076250e+00 -1.661458e-02 
 1.076654e+00 -1.659924e-02 
 1.077058e+00 -1.658240e-02 
 1.077461e+00 -1.656413e-02 
 1.077865e+00 -1.654446e-02 
 1.078269e+00 -1.652356e-02 
 1.078673e+00 -1.650168e-02 
 1.079077e+00 -1.647903e-02 
 1.079481e+00 -1.645578e-02 
 1.079884e+00 -1.643218e-02 
 1.080288e+00 -1.640852e-02 
 1.080692e+00 -1.638503e-02 
 1.081096e+00 -1.636164e-02 
 1.081500e+00 -1.633812e-02 
 1.081904e+00 -1.631436e-02 
 1.082308e+00 -1.629044e-02 
 1.082711e+00 -1.626659e-02 
 1.083115e+00 -1.624298e-02 
 1.083519e+00 -1.621977e-02 
 1.083923e+00 -1.619706e-02 
 1.084327e+00 -1.617497e-02 
 1.084731e+00 -1.615378e-02 
 1.085134e+00 -1.613351e-02 
 1.085538e+00 -1.611426e-02 
 1.085942e+00 -1.609605e-02 
 1.086346e+00 -1.607866e-02 
 1.086750e+00 -1.606220e-02 
 1.087154e+00 -1.604678e-02 
 1.087558e+00 -1.603253e-02 
 1.087961e+00 -1.601931e-02 
 1.088365e+00 -1.600688e-02 
 1.088769e+00 -1.599496e-02 
 1.089173e+00 -1.598325e-02 
 1.089577e+00 -1.597155e-02 
 1.089981e+00 -1.595961e-02 
 1.090384e+00 -1.594724e-02 
 1.090788e+00 -1.593427e-02 
 1.091192e+00 -1.592072e-02 
 1.091596e+00 -1.590674e-02 
 1.092000e+00 -1.589269e-02 
 1.092404e+00 -1.587888e-02 
 1.092808e+00 -1.586544e-02 
 1.093211e+00 -1.585237e-02 
 1.093615e+00 -1.583953e-02 
 1.094019e+00 -1.582702e-02 
 1.094423e+00 -1.581490e-02 
 1.094827e+00 -1.580319e-02 
 1.095231e+00 -1.579186e-02 
 1.095634e+00 -1.578072e-02 
 1.096038e+00 -1.576996e-02 
 1.096442e+00 -1.575969e-02 
 1.096846e+00 -1.575014e-02 
 1.097250e+00 -1.574125e-02 
 1.097654e+00 -1.573284e-02 
 1.098058e+00 -1.572498e-02 
 1.098461e+00 -1.571780e-02 
 1.098865e+00 -1.571164e-02 
 1.099269e+00 -1.570653e-02 
 1.099673e+00 -1.570262e-02 
 1.100077e+00 -1.569995e-02 
 1.100481e+00 -1.569856e-02 
 1.100884e+00 -1.569846e-02 
 1.101288e+00 -1.569959e-02 
 1.101692e+00 -1.570163e-02 
 1.102096e+00 -1.570435e-02 
 1.102500e+00 -1.570743e-02 
 1.102904e+00 -1.571098e-02 
 1.103308e+00 -1.571518e-02 
 1.103711e+00 -1.571995e-02 
 1.104115e+00 -1.572512e-02 
 1.104519e+00 -1.573055e-02 
 1.104923e+00 -1.573628e-02 
 1.105327e+00 -1.574233e-02 
 1.105731e+00 -1.574875e-02 
 1.106134e+00 -1.575555e-02 
 1.106538e+00 -1.576278e-02 
 1.106942e+00 -1.577056e-02 
 1.107346e+00 -1.577918e-02 
 1.107750e+00 -1.578874e-02 
 1.108154e+00 -1.579957e-02 
 1.108558e+00 -1.581151e-02 
 1.108961e+00 -1.582430e-02 
 1.109365e+00 -1.583787e-02 
 1.109769e+00 -1.585224e-02 
 1.110173e+00 -1.586736e-02 
 1.110577e+00 -1.588295e-02 
 1.110981e+00 -1.589901e-02 
 1.111384e+00 -1.591545e-02 
 1.111788e+00 -1.593241e-02 
 1.112192e+00 -1.595007e-02 
 1.112596e+00 -1.596854e-02 
 1.113000e+00 -1.598791e-02 
 1.113404e+00 -1.600808e-02 
 1.113808e+00 -1.602904e-02 
 1.114211e+00 -1.605078e-02 
 1.114615e+00 -1.607335e-02 
 1.115019e+00 -1.609671e-02 
 1.115423e+00 -1.612062e-02 
 1.115827e+00 -1.614488e-02 
 1.116231e+00 -1.616944e-02 
 1.116634e+00 -1.619405e-02 
 1.117038e+00 -1.621875e-02 
 1.117442e+00 -1.624336e-02 
 1.117846e+00 -1.626769e-02 
 1.118250e+00 -1.629160e-02 
 1.118654e+00 -1.631512e-02 
 1.119058e+00 -1.633835e-02 
 1.119461e+00 -1.636136e-02 
 1.119865e+00 -1.638412e-02 
 1.120269e+00 -1.640642e-02 
 1.120673e+00 -1.642814e-02 
 1.121077e+00 -1.644943e-02 
 1.121481e+00 -1.647024e-02 
 1.121884e+00 -1.649050e-02 
 1.122288e+00 -1.651014e-02 
 1.122692e+00 -1.652909e-02 
 1.123096e+00 -1.654729e-02 
 1.123500e+00 -1.656501e-02 
 1.123904e+00 -1.658243e-02 
 1.124308e+00 -1.659971e-02 
 1.124711e+00 -1.661683e-02 
 1.125115e+00 -1.663378e-02 
 1.125519e+00 -1.665076e-02 
 1.125923e+00 -1.666785e-02 
 1.126327e+00 -1.668498e-02 
 1.126731e+00 -1.670221e-02 
 1.127134e+00 -1.671968e-02 
 1.127538e+00 -1.673754e-02 
 1.127942e+00 -1.675604e-02 
 1.128346e+00 -1.677544e-02 
 1.128750e+00 -1.679565e-02 
 1.129154e+00 -1.681641e-02 
 1.129558e+00 -1.683750e-02 
 1.129961e+00 -1.685862e-02 
 1.130365e+00 -1.687954e-02 
 1.130769e+00 -1.690016e-02 
 1.131173e+00 -1.692027e-02 
 1.131577e+00 -1.693953e-02 
 1.131981e+00 -1.695784e-02 
 1.132384e+00 -1.697529e-02 
 1.132788e+00 -1.699192e-02 
 1.133192e+00 -1.700770e-02 
 1.133596e+00 -1.702262e-02 
 1.134000e+00 -1.703652e-02 
 1.134404e+00 -1.704923e-02 
 1.134808e+00 -1.706082e-02 
 1.135211e+00 -1.707120e-02 
 1.135615e+00 -1.708040e-02 
 1.136019e+00 -1.708823e-02 
 1.136423e+00 -1.709467e-02 
 1.136827e+00 -1.709963e-02 
 1.137231e+00 -1.710325e-02 
 1.137634e+00 -1.710580e-02 
 1.138038e+00 -1.710736e-02 
 1.138442e+00 -1.710800e-02 
 1.138846e+00 -1.710773e-02 
 1.139250e+00 -1.710674e-02 
 1.139654e+00 -1.710530e-02 
 1.140058e+00 -1.710366e-02 
 1.140461e+00 -1.710194e-02 
 1.140865e+00 -1.710005e-02 
 1.141269e+00 -1.709802e-02 
 1.141673e+00 -1.709595e-02 
 1.142077e+00 -1.709385e-02 
 1.142481e+00 -1.709163e-02 
 1.142884e+00 -1.708922e-02 
 1.143288e+00 -1.708672e-02 
 1.143692e+00 -1.708426e-02 
 1.144096e+00 -1.708205e-02 
 1.144500e+00 -1.708021e-02 
 1.144904e+00 -1.707870e-02 
 1.145308e+00 -1.707753e-02 
 1.145711e+00 -1.707654e-02 
 1.146115e+00 -1.707591e-02 
 1.146519e+00 -1.707582e-02 
 1.146923e+00 -1.707621e-02 
 1.147327e+00 -1.707707e-02 
 1.147731e+00 -1.707838e-02 
 1.148134e+00 -1.708026e-02 
 1.148538e+00 -1.708280e-02 
 1.148942e+00 -1.708583e-02 
 1.149346e+00 -1.708898e-02 
 1.149750e+00 -1.709204e-02 
 1.150154e+00 -1.709476e-02 
 1.150558e+00 -1.709707e-02 
 1.150961e+00 -1.709886e-02 
 1.151365e+00 -1.710009e-02 
 1.151769e+00 -1.710067e-02 
 1.152173e+00 -1.710064e-02 
 1.152577e+00 -1.710014e-02 
 1.152981e+00 -1.709943e-02 
 1.153384e+00 -1.709859e-02 
 1.153788e+00 -1.709759e-02 
 1.154192e+00 -1.709628e-02 
 1.154596e+00 -1.709448e-02 
 1.155000e+00 -1.709230e-02 
 1.155404e+00 -1.708971e-02 
 1.155808e+00 -1.708659e-02 
 1.156211e+00 -1.708295e-02 
 1.156615e+00 -1.707876e-02 
 1.157019e+00 -1.707411e-02 
 1.157423e+00 -1.706918e-02 
 1.157827e+00 -1.706416e-02 
 1.158231e+00 -1.705923e-02 
 1.158634e+00 -1.705450e-02 
 1.159038e+00 -1.704994e-02 
 1.159442e+00 -1.704555e-02 
 1.159846e+00 -1.704151e-02 
 1.160250e+00 -1.703785e-02 
 1.160654e+00 -1.703453e-02 
 1.161058e+00 -1.703150e-02 
 1.161461e+00 -1.702855e-02 
 1.161865e+00 -1.702565e-02 
 1.162269e+00 -1.702287e-02 
 1.162673e+00 -1.702024e-02 
 1.163077e+00 -1.701771e-02 
 1.163481e+00 -1.701517e-02 
 1.163884e+00 -1.701261e-02 
 1.164288e+00 -1.701020e-02 
 1.164692e+00 -1.700803e-02 
 1.165096e+00 -1.700615e-02 
 1.165500e+00 -1.700462e-02 
 1.165904e+00 -1.700336e-02 
 1.166307e+00 -1.700237e-02 
 1.166711e+00 -1.700174e-02 
 1.167115e+00 -1.700142e-02 
 1.167519e+00 -1.700147e-02 
 1.167923e+00 -1.700188e-02 
 1.168327e+00 -1.700244e-02 
 1.168731e+00 -1.700312e-02 
 1.169134e+00 -1.700385e-02 
 1.169538e+00 -1.700431e-02 
 1.169942e+00 -1.700418e-02 
 1.170346e+00 -1.700338e-02 
 1.170750e+00 -1.700203e-02 
 1.171154e+00 -1.700021e-02 
 1.171557e+00 -1.699800e-02 
 1.171961e+00 -1.699543e-02 
 1.172365e+00 -1.699251e-02 
 1.172769e+00 -1.698925e-02 
 1.173173e+00 -1.698567e-02 
 1.173577e+00 -1.698173e-02 
 1.173981e+00 -1.697721e-02 
 1.174384e+00 -1.697199e-02 
 1.174788e+00 -1.696593e-02 
 1.175192e+00 -1.695897e-02 
 1.175596e+00 -1.695115e-02 
 1.176000e+00 -1.694233e-02 
 1.176404e+00 -1.693247e-02 
 1.176807e+00 -1.692151e-02 
 1.177211e+00 -1.690947e-02 
 1.177615e+00 -1.689657e-02 
 1.178019e+00 -1.688302e-02 
 1.178423e+00 -1.686886e-02 
 1.178827e+00 -1.685429e-02 
 1.179231e+00 -1.683947e-02 
 1.179634e+00 -1.682436e-02 
 1.180038e+00 -1.680899e-02 
 1.180442e+00 -1.679355e-02 
 1.180846e+00 -1.677805e-02 
 1.181250e+00 -1.676252e-02 
 1.181654e+00 -1.674685e-02 
 1.182057e+00 -1.673094e-02 
 1.182461e+00 -1.671482e-02 
 1.182865e+00 -1.669859e-02 
 1.183269e+00 -1.668225e-02 
 1.183673e+00 -1.666580e-02 
 1.184077e+00 -1.664913e-02 
 1.184481e+00 -1.663223e-02 
 1.184884e+00 -1.661514e-02 
 1.185288e+00 -1.659798e-02 
 1.185692e+00 -1.658073e-02 
 1.186096e+00 -1.656330e-02 
 1.186500e+00 -1.654565e-02 
 1.186904e+00 -1.652787e-02 
 1.187307e+00 -1.650996e-02 
 1.187711e+00 -1.649201e-02 
 1.188115e+00 -1.647398e-02 
 1.188519e+00 -1.645585e-02 
 1.188923e+00 -1.643761e-02 
 1.189327e+00 -1.641924e-02 
 1.189731e+00 -1.640069e-02 
 1.190134e+00 -1.638192e-02 
 1.190538e+00 -1.636279e-02 
 1.190942e+00 -1.634304e-02 
 1.191346e+00 -1.632275e-02 
 1.191750e+00 -1.630210e-02 
 1.192154e+00 -1.628109e-02 
 1.192557e+00 -1.625968e-02 
 1.192961e+00 -1.623793e-02 
 1.193365e+00 -1.621611e-02 
 1.193769e+00 -1.619424e-02 
 1.194173e+00 -1.617237e-02 
 1.194577e+00 -1.615053e-02 
 1.194981e+00 -1.612869e-02 
 1.195384e+00 -1.610689e-02 
 1.195788e+00 -1.608527e-02 
 1.196192e+00 -1.606392e-02 
 1.196596e+00 -1.604285e-02 
 1.197000e+00 -1.602208e-02 
 1.197404e+00 -1.600160e-02 
 1.197807e+00 -1.598153e-02 
 1.198211e+00 -1.596211e-02 
 1.198615e+00 -1.594349e-02 
 1.199019e+00 -1.592582e-02 
 1.199423e+00 -1.590924e-02 
 1.199827e+00 -1.589373e-02 
 1.200231e+00 -1.587940e-02 
 1.200634e+00 -1.586627e-02 
 1.201038e+00 -1.585427e-02 
 1.201442e+00 -1.584331e-02 
 1.201846e+00 -1.583325e-02 
 1.202250e+00 -1.582400e-02 
 1.202654e+00 -1.581562e-02 
 1.203057e+00 -1.580829e-02 
 1.203461e+00 -1.580215e-02 
 1.203865e+00 -1.579731e-02 
 1.204269e+00 -1.579363e-02 
 1.204673e+00 -1.579109e-02 
 1.205077e+00 -1.578969e-02 
 1.205481e+00 -1.578935e-02 
 1.205884e+00 -1.579009e-02 
 1.206288e+00 -1.579180e-02 
 1.206692e+00 -1.579437e-02 
 1.207096e+00 -1.579789e-02 
 1.207500e+00 -1.580248e-02 
 1.207904e+00 -1.580834e-02 
 1.208307e+00 -1.581546e-02 
 1.208711e+00 -1.582363e-02 
 1.209115e+00 -1.583284e-02 
 1.209519e+00 -1.584316e-02 
 1.209923e+00 -1.585431e-02 
 1.210327e+00 -1.586614e-02 
 1.210731e+00 -1.587822e-02 
 1.211134e+00 -1.589045e-02 
 1.211538e+00 -1.590257e-02 
 1.211942e+00 -1.591458e-02 
 1.212346e+00 -1.592652e-02 
 1.212750e+00 -1.593826e-02 
 1.213154e+00 -1.594958e-02 
 1.213557e+00 -1.596043e-02 
 1.213961e+00 -1.597100e-02 
 1.214365e+00 -1.598133e-02 
 1.214769e+00 -1.599150e-02 
 1.215173e+00 -1.600136e-02 
 1.215577e+00 -1.601098e-02 
 1.215981e+00 -1.602053e-02 
 1.216384e+00 -1.603013e-02 
 1.216788e+00 -1.603977e-02 
 1.217192e+00 -1.604931e-02 
 1.217596e+00 -1.605861e-02 
 1.218000e+00 -1.606766e-02 
 1.218404e+00 -1.607656e-02 
 1.218807e+00 -1.608541e-02 
 1.219211e+00 -1.609437e-02 
 1.219615e+00 -1.610353e-02 
 1.220019e+00 -1.611300e-02 
 1.220423e+00 -1.612277e-02 
 1.220827e+00 -1.613293e-02 
 1.221231e+00 -1.614357e-02 
 1.221634e+00 -1.615467e-02 
 1.222038e+00 -1.616630e-02 
 1.222442e+00 -1.617830e-02 
 1.222846e+00 -1.619084e-02 
 1.223250e+00 -1.620404e-02 
 1.223654e+00 -1.621788e-02 
 1.224057e+00 -1.623259e-02 
 1.224461e+00 -1.624813e-02 
 1.224865e+00 -1.626438e-02 
 1.225269e+00 -1.628119e-02 
 1.225673e+00 -1.629843e-02 
 1.226077e+00 -1.631617e-02 
 1.226481e+00 -1.633423e-02 
 1.226884e+00 -1.635240e-02 
 1.227288e+00 -1.637063e-02 
 1.227692e+00 -1.638876e-02 
 1.228096e+00 -1.640687e-02 
 1.228500e+00 -1.642497e-02 
 1.228904e+00 -1.644287e-02 
 1.229307e+00 -1.646039e-02 
 1.229711e+00 -1.647736e-02 
 1.230115e+00 -1.649369e-02 
 1.230519e+00 -1.650950e-02 
 1.230923e+00 -1.652467e-02 
 1.231327e+00 -1.653909e-02 
 1.231731e+00 -1.655268e-02 
 1.232134e+00 -1.656539e-02 
 1.232538e+00 -1.657726e-02 
 1.232942e+00 -1.658831e-02 
 1.233346e+00 -1.659853e-02 
 1.233750e+00 -1.660791e-02 
 1.234154e+00 -1.661647e-02 
 1.234557e+00 -1.662418e-02 
 1.234961e+00 -1.663121e-02 
 1.235365e+00 -1.663766e-02 
 1.235769e+00 -1.664340e-02 
 1.236173e+00 -1.664848e-02 
 1.236577e+00 -1.665307e-02 
 1.236981e+00 -1.665740e-02 
 1.237384e+00 -1.666145e-02 
 1.237788e+00 -1.666523e-02 
 1.238192e+00 -1.666873e-02 
 1.238596e+00 -1.667207e-02 
 1.239000e+00 -1.667520e-02 
 1.239404e+00 -1.667823e-02 
 1.239807e+00 -1.668129e-02 
 1.240211e+00 -1.668430e-02 
 1.240615e+00 -1.668721e-02 
 1.241019e+00 -1.669002e-02 
 1.241423e+00 -1.669274e-02 
 1.241827e+00 -1.669528e-02 
 1.242231e+00 -1.669767e-02 
 1.242634e+00 -1.669990e-02 
 1.243038e+00 -1.670196e-02 
 1.243442e+00 -1.670400e-02 
 1.243846e+00 -1.670616e-02 
 1.244250e+00 -1.670857e-02 
 1.244654e+00 -1.671125e-02 
 1.245057e+00 -1.671403e-02 
 1.245461e+00 -1.671691e-02 
 1.245865e+00 -1.671987e-02 
 1.246269e+00 -1.672304e-02 
 1.246673e+00 -1.672649e-02 
 1.247077e+00 -1.673021e-02 
 1.247481e+00 -1.673411e-02 
 1.247884e+00 -1.673818e-02 
 1.248288e+00 -1.674266e-02 
 1.248692e+00 -1.674785e-02 
 1.249096e+00 -1.675384e-02 
 1.249500e+00 -1.676059e-02 
 1.249904e+00 -1.676807e-02 
 1.250307e+00 -1.677632e-02 
 1.250711e+00 -1.678550e-02 
 1.251115e+00 -1.679573e-02 
 1.251519e+00 -1.680692e-02 
 1.251923e+00 -1.681894e-02 
 1.252327e+00 -1.683166e-02 
 1.252731e+00 -1.684504e-02 
 1.253134e+00 -1.685911e-02 
 1.253538e+00 -1.687366e-02 
 1.253942e+00 -1.688844e-02 
 1.254346e+00 -1.690342e-02 
 1.254750e+00 -1.691804e-02 
 1.255154e+00 -1.693241e-02 
 1.255557e+00 -1.694640e-02 
 1.255961e+00 -1.695971e-02 
 1.256365e+00 -1.697236e-02 
 1.256769e+00 -1.698423e-02 
 1.257173e+00 -1.699547e-02 
 1.257577e+00 -1.700619e-02 
 1.257981e+00 -1.701644e-02 
 1.258384e+00 -1.702627e-02 
 1.258788e+00 -1.703522e-02 
 1.259192e+00 -1.704329e-02 
 1.259596e+00 -1.705040e-02 
 1.260000e+00 -1.705649e-02 
 1.260404e+00 -1.706121e-02 
 1.260807e+00 -1.706462e-02 
 1.261211e+00 -1.706696e-02 
 1.261615e+00 -1.706824e-02 
 1.262019e+00 -1.706866e-02 
 1.262423e+00 -1.706837e-02 
 1.262827e+00 -1.706744e-02 
 1.263231e+00 -1.706605e-02 
 1.263634e+00 -1.706457e-02 
 1.264038e+00 -1.706334e-02 
 1.264442e+00 -1.706268e-02 
 1.264846e+00 -1.706277e-02 
 1.265250e+00 -1.706366e-02 
 1.265654e+00 -1.706533e-02 
 1.266057e+00 -1.706766e-02 
 1.266461e+00 -1.707051e-02 
 1.266865e+00 -1.707392e-02 
 1.267269e+00 -1.707785e-02 
 1.267673e+00 -1.708237e-02 
 1.268077e+00 -1.708757e-02 
 1.268481e+00 -1.709347e-02 
 1.268884e+00 -1.710012e-02 
 1.269288e+00 -1.710744e-02 
 1.269692e+00 -1.711538e-02 
 1.270096e+00 -1.712363e-02 
 1.270500e+00 -1.713193e-02 
 1.270904e+00 -1.714031e-02 
 1.271307e+00 -1.714872e-02 
 1.271711e+00 -1.715717e-02 
 1.272115e+00 -1.716545e-02 
 1.272519e+00 -1.717325e-02 
 1.272923e+00 -1.718039e-02 
 1.273327e+00 -1.718675e-02 
 1.273731e+00 -1.719229e-02 
 1.274134e+00 -1.719672e-02 
 1.274538e+00 -1.719978e-02 
 1.274942e+00 -1.720154e-02 
 1.275346e+00 -1.720189e-02 
 1.275750e+00 -1.720099e-02 
 1.276154e+00 -1.719882e-02 
 1.276557e+00 -1.719537e-02 
 1.276961e+00 -1.719062e-02 
 1.277365e+00 -1.718476e-02 
 1.277769e+00 -1.717808e-02 
 1.278173e+00 -1.717090e-02 
 1.278577e+00 -1.716330e-02 
 1.278981e+00 -1.715529e-02 
 1.279384e+00 -1.714666e-02 
 1.279788e+00 -1.713737e-02 
 1.280192e+00 -1.712751e-02 
 1.280596e+00 -1.711713e-02 
 1.281000e+00 -1.710607e-02 
 1.281404e+00 -1.709439e-02 
 1.281807e+00 -1.708220e-02 
 1.282211e+00 -1.706970e-02 
 1.282615e+00 -1.705701e-02 
 1.283019e+00 -1.704421e-02 
 1.283423e+00 -1.703128e-02 
 1.283827e+00 -1.701836e-02 
 1.284231e+00 -1.700532e-02 
 1.284634e+00 -1.699224e-02 
 1.285038e+00 -1.697909e-02 
 1.285442e+00 -1.696566e-02 
 1.285846e+00 -1.695190e-02 
 1.286250e+00 -1.693764e-02 
 1.286654e+00 -1.692276e-02 
 1.287057e+00 -1.690724e-02 
 1.287461e+00 -1.689101e-02 
 1.287865e+00 -1.687418e-02 
 1.288269e+00 -1.685655e-02 
 1.288673e+00 -1.683830e-02 
 1.289077e+00 -1.681952e-02 
 1.289481e+00 -1.680032e-02 
 1.289884e+00 -1.678087e-02 
 1.290288e+00 -1.676102e-02 
 1.290692e+00 -1.674075e-02 
 1.291096e+00 -1.671999e-02 
 1.291500e+00 -1.669882e-02 
 1.291904e+00 -1.667737e-02 
 1.292307e+00 -1.665568e-02 
 1.292711e+00 -1.663364e-02 
 1.293115e+00 -1.661111e-02 
 1.293519e+00 -1.658830e-02 
 1.293923e+00 -1.656545e-02 
 1.294327e+00 -1.654264e-02 
 1.294731e+00 -1.651973e-02 
 1.295134e+00 -1.649674e-02 
 1.295538e+00 -1.647378e-02 
 1.295942e+00 -1.645117e-02 
 1.296346e+00 -1.642911e-02 
 1.296750e+00 -1.640770e-02 
 1.297154e+00 -1.638687e-02 
 1.297557e+00 -1.636646e-02 
 1.297961e+00 -1.634648e-02 
 1.298365e+00 -1.632702e-02 
 1.298769e+00 -1.630811e-02 
 1.299173e+00 -1.628960e-02 
 1.299577e+00 -1.627128e-02 
 1.299981e+00 -1.625298e-02 
 1.300384e+00 -1.623464e-02 
 1.300788e+00 -1.621614e-02 
 1.301192e+00 -1.619736e-02 
 1.301596e+00 -1.617810e-02 
 1.302000e+00 -1.615828e-02 
 1.302404e+00 -1.613807e-02 
 1.302807e+00 -1.611774e-02 
 1.303211e+00 -1.609736e-02 
 1.303615e+00 -1.607681e-02 
 1.304019e+00 -1.605608e-02 
 1.304423e+00 -1.603522e-02 
 1.304827e+00 -1.601441e-02 
 1.305231e+00 -1.599389e-02 
 1.305634e+00 -1.597378e-02 
 1.306038e+00 -1.595425e-02 
 1.306442e+00 -1.593541e-02 
 1.306846e+00 -1.591743e-02 
 1.307250e+00 -1.590029e-02 
 1.307654e+00 -1.588404e-02 
 1.308057e+00 -1.586873e-02 
 1.308461e+00 -1.585452e-02 
 1.308865e+00 -1.584153e-02 
 1.309269e+00 -1.582989e-02 
 1.309673e+00 -1.581982e-02 
 1.310077e+00 -1.581145e-02 
 1.310481e+00 -1.580469e-02 
 1.310884e+00 -1.579957e-02 
 1.311288e+00 -1.579610e-02 
 1.311692e+00 -1.579427e-02 
 1.312096e+00 -1.579402e-02 
 1.312500e+00 -1.579535e-02 
 1.312904e+00 -1.579794e-02 
 1.313307e+00 -1.580158e-02 
 1.313711e+00 -1.580608e-02 
 1.314115e+00 -1.581146e-02 
 1.314519e+00 -1.581762e-02 
 1.314923e+00 -1.582439e-02 
 1.315327e+00 -1.583148e-02 
 1.315731e+00 -1.583872e-02 
 1.316134e+00 -1.584611e-02 
 1.316538e+00 -1.585382e-02 
 1.316942e+00 -1.586199e-02 
 1.317346e+00 -1.587044e-02 
 1.317750e+00 -1.587913e-02 
 1.318154e+00 -1.588804e-02 
 1.318557e+00 -1.589721e-02 
 1.318961e+00 -1.590682e-02 
 1.319365e+00 -1.591667e-02 
 1.319769e+00 -1.592656e-02 
 1.320173e+00 -1.593637e-02 
 1.320577e+00 -1.594595e-02 
 1.320981e+00 -1.595541e-02 
 1.321384e+00 -1.596482e-02 
 1.321788e+00 -1.597419e-02 
 1.322192e+00 -1.598352e-02 
 1.322596e+00 -1.599294e-02 
 1.323000e+00 -1.600261e-02 
 1.323404e+00 -1.601275e-02 
 1.323807e+00 -1.602362e-02 
 1.324211e+00 -1.603513e-02 
 1.324615e+00 -1.604724e-02 
 1.325019e+00 -1.605986e-02 
 1.325423e+00 -1.607283e-02 
 1.325827e+00 -1.608600e-02 
 1.326231e+00 -1.609921e-02 
 1.326634e+00 -1.611239e-02 
 1.327038e+00 -1.612552e-02 
 1.327442e+00 -1.613857e-02 
 1.327846e+00 -1.615149e-02 
 1.328250e+00 -1.616411e-02 
 1.328654e+00 -1.617652e-02 
 1.329057e+00 -1.618875e-02 
 1.329461e+00 -1.620077e-02 
 1.329865e+00 -1.621253e-02 
 1.330269e+00 -1.622412e-02 
 1.330673e+00 -1.623541e-02 
 1.331077e+00 -1.624633e-02 
 1.331481e+00 -1.625682e-02 
 1.331884e+00 -1.626677e-02 
 1.332288e+00 -1.627621e-02 
 1.332692e+00 -1.628516e-02 
 1.333096e+00 -1.629347e-02 
 1.333500e+00 -1.630082e-02 
 1.333904e+00 -1.630710e-02 
 1.334307e+00 -1.631229e-02 
 1.334711e+00 -1.631638e-02 
 1.335115e+00 -1.631943e-02 
 1.335519e+00 -1.632158e-02 
 1.335923e+00 -1.632285e-02 
 1.336327e+00 -1.632334e-02 
 1.336731e+00 -1.632344e-02 
 1.337134e+00 -1.632364e-02 
 1.337538e+00 -1.632417e-02 
 1.337942e+00 -1.632509e-02 
 1.338346e+00 -1.632665e-02 
 1.338750e+00 -1.632903e-02 
 1.339154e+00 -1.633252e-02 
 1.339557e+00 -1.633711e-02 
 1.339961e+00 -1.634255e-02 
 1.340365e+00 -1.634857e-02 
 1.340769e+00 -1.635487e-02 
 1.341173e+00 -1.636130e-02 
 1.341577e+00 -1.636777e-02 
 1.341981e+00 -1.637418e-02 
 1.342384e+00 -1.638044e-02 
 1.342788e+00 -1.638659e-02 
 1.343192e+00 -1.639282e-02 
 1.343596e+00 -1.639945e-02 
 1.344000e+00 -1.640653e-02 
 1.344404e+00 -1.641401e-02 
 1.344807e+00 -1.642173e-02 
 1.345211e+00 -1.642943e-02 
 1.345615e+00 -1.643688e-02 
 1.346019e+00 -1.644400e-02 
 1.346423e+00 -1.645061e-02 
 1.346827e+00 -1.645652e-02 
 1.347231e+00 -1.646179e-02 
 1.347634e+00 -1.646658e-02 
 1.348038e+00 -1.647114e-02 
 1.348442e+00 -1.647554e-02 
 1.348846e+00 -1.647976e-02 
 1.349250e+00 -1.648400e-02 
 1.349654e+00 -1.648838e-02 
 1.350057e+00 -1.649306e-02 
 1.350461e+00 -1.649819e-02 
 1.350865e+00 -1.650398e-02 
 1.351269e+00 -1.651042e-02 
 1.351673e+00 -1.651756e-02 
 1.352077e+00 -1.652535e-02 
 1.352481e+00 -1.653392e-02 
 1.352884e+00 -1.654314e-02 
 1.353288e+00 -1.655304e-02 
 1.353692e+00 -1.656350e-02 
 1.354096e+00 -1.657440e-02 
 1.354500e+00 -1.658577e-02 
 1.354904e+00 -1.659772e-02 
 1.355307e+00 -1.661034e-02 
 1.355711e+00 -1.662353e-02 
 1.356115e+00 -1.663730e-02 
 1.356519e+00 -1.665162e-02 
 1.356923e+00 -1.666656e-02 
 1.357327e+00 -1.668224e-02 
 1.357731e+00 -1.669875e-02 
 1.358134e+00 -1.671602e-02 
 1.358538e+00 -1.673398e-02 
 1.358942e+00 -1.675265e-02 
 1.359346e+00 -1.677202e-02 
 1.359750e+00 -1.679200e-02 
 1.360154e+00 -1.681235e-02 
 1.360557e+00 -1.683260e-02 
 1.360961e+00 -1.685249e-02 
 1.361365e+00 -1.687187e-02 
 1.361769e+00 -1.689074e-02 
 1.362173e+00 -1.690916e-02 
 1.362577e+00 -1.692715e-02 
 1.362981e+00 -1.694467e-02 
 1.363384e+00 -1.696186e-02 
 1.363788e+00 -1.697895e-02 
 1.364192e+00 -1.699618e-02 
 1.364596e+00 -1.701368e-02 
 1.365000e+00 -1.703141e-02 
 1.365404e+00 -1.704915e-02 
 1.365807e+00 -1.706669e-02 
 1.366211e+00 -1.708386e-02 
 1.366615e+00 -1.710049e-02 
 1.367019e+00 -1.711650e-02 
 1.367423e+00 -1.713190e-02 
 1.367827e+00 -1.714652e-02 
 1.368231e+00 -1.716055e-02 
 1.368634e+00 -1.717410e-02 
 1.369038e+00 -1.718714e-02 
 1.369442e+00 -1.719966e-02 
 1.369846e+00 -1.721166e-02 
 1.370250e+00 -1.722320e-02 
 1.370654e+00 -1.723446e-02 
 1.371057e+00 -1.724543e-02 
 1.371461e+00 -1.725637e-02 
 1.371865e+00 -1.726710e-02 
 1.372269e+00 -1.727733e-02 
 1.372673e+00 -1.728698e-02 
 1.373077e+00 -1.729574e-02 
 1.373481e+00 -1.730368e-02 
 1.373884e+00 -1.731064e-02 
 1.374288e+00 -1.731656e-02 
 1.374692e+00 -1.732145e-02 
 1.375096e+00 -1.732533e-02 
 1.375500e+00 -1.732825e-02 
 1.375904e+00 -1.733029e-02 
 1.376307e+00 -1.733148e-02 
 1.376711e+00 -1.733167e-02 
 1.377115e+00 -1.733097e-02 
 1.377519e+00 -1.732946e-02 
 1.377923e+00 -1.732738e-02 
 1.378327e+00 -1.732474e-02 
 1.378731e+00 -1.732164e-02 
 1.379134e+00 -1.731811e-02 
 1.379538e+00 -1.731425e-02 
 1.379942e+00 -1.731022e-02 
 1.380346e+00 -1.730601e-02 
 1.380750e+00 -1.730147e-02 
 1.381154e+00 -1.729622e-02 
 1.381557e+00 -1.729008e-02 
 1.381961e+00 -1.728304e-02 
 1.382365e+00 -1.727531e-02 
 1.382769e+00 -1.726702e-02 
 1.383173e+00 -1.725819e-02 
 1.383577e+00 -1.724889e-02 
 1.383981e+00 -1.723923e-02 
 1.384384e+00 -1.722944e-02 
 1.384788e+00 -1.721959e-02 
 1.385192e+00 -1.720975e-02 
 1.385596e+00 -1.719968e-02 
 1.386000e+00 -1.718899e-02 
 1.386404e+00 -1.717771e-02 
 1.386807e+00 -1.716578e-02 
 1.387211e+00 -1.715313e-02 
 1.387615e+00 -1.713967e-02 
 1.388019e+00 -1.712525e-02 
 1.388423e+00 -1.711002e-02 
 1.388827e+00 -1.709384e-02 
 1.389231e+00 -1.707702e-02 
 1.389634e+00 -1.705974e-02 
 1.390038e+00 -1.704191e-02 
 1.390442e+00 -1.702338e-02 
 1.390846e+00 -1.700413e-02 
 1.391250e+00 -1.698438e-02 
 1.391654e+00 -1.696425e-02 
 1.392057e+00 -1.694392e-02 
 1.392461e+00 -1.692341e-02 
 1.392865e+00 -1.690280e-02 
 1.393269e+00 -1.688206e-02 
 1.393673e+00 -1.686095e-02 
 1.394077e+00 -1.683958e-02 
 1.394481e+00 -1.681781e-02 
 1.394884e+00 -1.679562e-02 
 1.395288e+00 -1.677306e-02 
 1.395692e+00 -1.675033e-02 
 1.396096e+00 -1.672760e-02 
 1.396500e+00 -1.670506e-02 
 1.396904e+00 -1.668281e-02 
 1.397307e+00 -1.666090e-02 
 1.397711e+00 -1.663943e-02 
 1.398115e+00 -1.661845e-02 
 1.398519e+00 -1.659810e-02 
 1.398923e+00 -1.657844e-02 
 1.399327e+00 -1.655951e-02 
 1.399731e+00 -1.654121e-02 
 1.400134e+00 -1.652360e-02 
 1.400538e+00 -1.650656e-02 
 1.400942e+00 -1.648995e-02 
 1.401346e+00 -1.647356e-02 
 1.401750e+00 -1.645719e-02 
 1.402154e+00 -1.644083e-02 
 1.402557e+00 -1.642467e-02 
 1.402961e+00 -1.640897e-02 
 1.403365e+00 -1.639391e-02 
 1.403769e+00 -1.637949e-02 
 1.404173e+00 -1.636586e-02 
 1.404577e+00 -1.635325e-02 
 1.404981e+00 -1.634166e-02 
 1.405384e+00 -1.633100e-02 
 1.405788e+00 -1.632092e-02 
 1.406192e+00 -1.631107e-02 
 1.406596e+00 -1.630126e-02 
 1.407000e+00 -1.629139e-02 
 1.407404e+00 -1.628157e-02 
 1.407807e+00 -1.627187e-02 
 1.408211e+00 -1.626211e-02 
 1.408615e+00 -1.625217e-02 
 1.409019e+00 -1.624212e-02 
 1.409423e+00 -1.623189e-02 
 1.409827e+00 -1.622151e-02 
 1.410231e+00 -1.621095e-02 
 1.410634e+00 -1.620022e-02 
 1.411038e+00 -1.618923e-02 
 1.411442e+00 -1.617808e-02 
 1.411846e+00 -1.616706e-02 
 1.412250e+00 -1.615622e-02 
 1.412654e+00 -1.614560e-02 
 1.413057e+00 -1.613490e-02 
 1.413461e+00 -1.612403e-02 
 1.413865e+00 -1.611286e-02 
 1.414269e+00 -1.610149e-02 
 1.414673e+00 -1.608980e-02 
 1.415077e+00 -1.607780e-02 
 1.415481e+00 -1.606552e-02 
 1.415884e+00 -1.605304e-02 
 1.416288e+00 -1.604046e-02 
 1.416692e+00 -1.602809e-02 
 1.417096e+00 -1.601625e-02 
 1.417500e+00 -1.600505e-02 
 1.417904e+00 -1.599475e-02 
 1.418307e+00 -1.598545e-02 
 1.418711e+00 -1.597734e-02 
 1.419115e+00 -1.597047e-02 
 1.419519e+00 -1.596498e-02 
 1.419923e+00 -1.596081e-02 
 1.420327e+00 -1.595799e-02 
 1.420731e+00 -1.595639e-02 
 1.421134e+00 -1.595593e-02 
 1.421538e+00 -1.595639e-02 
 1.421942e+00 -1.595742e-02 
 1.422346e+00 -1.595886e-02 
 1.422750e+00 -1.596070e-02 
 1.423154e+00 -1.596315e-02 
 1.423557e+00 -1.596649e-02 
 1.423961e+00 -1.597079e-02 
 1.424365e+00 -1.597607e-02 
 1.424769e+00 -1.598216e-02 
 1.425173e+00 -1.598897e-02 
 1.425577e+00 -1.599645e-02 
 1.425981e+00 -1.600427e-02 
 1.426384e+00 -1.601199e-02 
 1.426788e+00 -1.601936e-02 
 1.427192e+00 -1.602628e-02 
 1.427596e+00 -1.603284e-02 
 1.428000e+00 -1.603908e-02 
 1.428404e+00 -1.604512e-02 
 1.428807e+00 -1.605092e-02 
 1.429211e+00 -1.605650e-02 
 1.429615e+00 -1.606193e-02 
 1.430019e+00 -1.606735e-02 
 1.430423e+00 -1.607286e-02 
 1.430827e+00 -1.607833e-02 
 1.431231e+00 -1.608359e-02 
 1.431634e+00 -1.608852e-02 
 1.432038e+00 -1.609325e-02 
 1.432442e+00 -1.609776e-02 
 1.432846e+00 -1.610203e-02 
 1.433250e+00 -1.610607e-02 
 1.433654e+00 -1.610968e-02 
 1.434057e+00 -1.611274e-02 
 1.434461e+00 -1.611531e-02 
 1.434865e+00 -1.611753e-02 
 1.435269e+00 -1.611933e-02 
 1.435673e+00 -1.612077e-02 
 1.436077e+00 -1.612202e-02 
 1.436481e+00 -1.612344e-02 
 1.436884e+00 -1.612520e-02 
 1.437288e+00 -1.612735e-02 
 1.437692e+00 -1.612996e-02 
 1.438096e+00 -1.613299e-02 
 1.438500e+00 -1.613638e-02 
 1.438904e+00 -1.614018e-02 
 1.439307e+00 -1.614437e-02 
 1.439711e+00 -1.614883e-02 
 1.440115e+00 -1.615345e-02 
 1.440519e+00 -1.615810e-02 
 1.440923e+00 -1.616271e-02 
 1.441327e+00 -1.616711e-02 
 1.441731e+00 -1.617114e-02 
 1.442134e+00 -1.617471e-02 
 1.442538e+00 -1.617779e-02 
 1.442942e+00 -1.618036e-02 
 1.443346e+00 -1.618268e-02 
 1.443750e+00 -1.618504e-02 
 1.444154e+00 -1.618763e-02 
 1.444557e+00 -1.619057e-02 
 1.444961e+00 -1.619394e-02 
 1.445365e+00 -1.619786e-02 
 1.445769e+00 -1.620234e-02 
 1.446173e+00 -1.620736e-02 
 1.446577e+00 -1.621270e-02 
 1.446981e+00 -1.621813e-02 
 1.447384e+00 -1.622356e-02 
 1.447788e+00 -1.622917e-02 
 1.448192e+00 -1.623515e-02 
 1.448596e+00 -1.624157e-02 
 1.449000e+00 -1.624849e-02 
 1.449404e+00 -1.625592e-02 
 1.449807e+00 -1.626394e-02 
 1.450211e+00 -1.627263e-02 
 1.450615e+00 -1.628192e-02 
 1.451019e+00 -1.629173e-02 
 1.451423e+00 -1.630186e-02 
 1.451827e+00 -1.631225e-02 
 1.452231e+00 -1.632289e-02 
 1.452634e+00 -1.633393e-02 
 1.453038e+00 -1.634524e-02 
 1.453442e+00 -1.635660e-02 
 1.453846e+00 -1.636767e-02 
 1.454250e+00 -1.637819e-02 
 1.454654e+00 -1.638805e-02 
 1.455057e+00 -1.639721e-02 
 1.455461e+00 -1.640570e-02 
 1.455865e+00 -1.641345e-02 
 1.456269e+00 -1.642057e-02 
 1.456673e+00 -1.642725e-02 
 1.457077e+00 -1.643382e-02 
 1.457481e+00 -1.644053e-02 
 1.457884e+00 -1.644740e-02 
 1.458288e+00 -1.645448e-02 
 1.458692e+00 -1.646189e-02 
 1.459096e+00 -1.646974e-02 
 1.459500e+00 -1.647809e-02 
 1.459904e+00 -1.648709e-02 
 1.460307e+00 -1.649682e-02 
 1.460711e+00 -1.650739e-02 
 1.461115e+00 -1.651889e-02 
 1.461519e+00 -1.653128e-02 
 1.461923e+00 -1.654450e-02 
 1.462327e+00 -1.655856e-02 
 1.462731e+00 -1.657343e-02 
 1.463134e+00 -1.658921e-02 
 1.463538e+00 -1.660606e-02 
 1.463942e+00 -1.662422e-02 
 1.464346e+00 -1.664389e-02 
 1.464750e+00 -1.666515e-02 
 1.465154e+00 -1.668802e-02 
 1.465557e+00 -1.671222e-02 
 1.465961e+00 -1.673740e-02 
 1.466365e+00 -1.676313e-02 
 1.466769e+00 -1.678886e-02 
 1.467173e+00 -1.681431e-02 
 1.467577e+00 -1.683926e-02 
 1.467981e+00 -1.686368e-02 
 1.468384e+00 -1.688779e-02 
 1.468788e+00 -1.691143e-02 
 1.469192e+00 -1.693464e-02 
 1.469596e+00 -1.695719e-02 
 1.470000e+00 -1.697897e-02 
 1.470404e+00 -1.699994e-02 
 1.470807e+00 -1.702006e-02 
 1.471211e+00 -1.703931e-02 
 1.471615e+00 -1.705749e-02 
 1.472019e+00 -1.707464e-02 
 1.472423e+00 -1.709083e-02 
 1.472827e+00 -1.710612e-02 
 1.473231e+00 -1.712069e-02 
 1.473634e+00 -1.713441e-02 
 1.474038e+00 -1.714729e-02 
 1.474442e+00 -1.715907e-02 
 1.474846e+00 -1.716974e-02 
 1.475250e+00 -1.717932e-02 
 1.475654e+00 -1.718776e-02 
 1.476057e+00 -1.719505e-02 
 1.476461e+00 -1.720122e-02 
 1.476865e+00 -1.720665e-02 
 1.477269e+00 -1.721178e-02 
 1.477673e+00 -1.721699e-02 
 1.478077e+00 -1.722264e-02 
 1.478481e+00 -1.722885e-02 
 1.478884e+00 -1.723556e-02 
 1.479288e+00 -1.724282e-02 
 1.479692e+00 -1.725063e-02 
 1.480096e+00 -1.725890e-02 
 1.480500e+00 -1.726739e-02 
 1.480904e+00 -1.727577e-02 
 1.481307e+00 -1.728383e-02 
 1.481711e+00 -1.729141e-02 
 1.482115e+00 -1.729827e-02 
 1.482519e+00 -1.730437e-02 
 1.482923e+00 -1.730972e-02 
 1.483327e+00 -1.731428e-02 
 1.483731e+00 -1.731812e-02 
 1.484134e+00 -1.732120e-02 
 1.484538e+00 -1.732362e-02 
 1.484942e+00 -1.732541e-02 
 1.485346e+00 -1.732635e-02 
 1.485750e+00 -1.732629e-02 
 1.486154e+00 -1.732494e-02 
 1.486557e+00 -1.732214e-02 
 1.486961e+00 -1.731772e-02 
 1.487365e+00 -1.731156e-02 
 1.487769e+00 -1.730359e-02 
 1.488173e+00 -1.729395e-02 
 1.488577e+00 -1.728291e-02 
 1.488981e+00 -1.727074e-02 
 1.489384e+00 -1.725760e-02 
 1.489788e+00 -1.724363e-02 
 1.490192e+00 -1.722880e-02 
 1.490596e+00 -1.721313e-02 
 1.491000e+00 -1.719669e-02 
 1.491404e+00 -1.717967e-02 
 1.491807e+00 -1.716218e-02 
 1.492211e+00 -1.714440e-02 
 1.492615e+00 -1.712662e-02 
 1.493019e+00 -1.710907e-02 
 1.493423e+00 -1.709199e-02 
 1.493827e+00 -1.707524e-02 
 1.494231e+00 -1.705858e-02 
 1.494634e+00 -1.704184e-02 
 1.495038e+00 -1.702473e-02 
 1.495442e+00 -1.700718e-02 
 1.495846e+00 -1.698921e-02 
 1.496250e+00 -1.697077e-02 
 1.496654e+00 -1.695183e-02 
 1.497057e+00 -1.693239e-02 
 1.497461e+00 -1.691271e-02 
 1.497865e+00 -1.689302e-02 
 1.498269e+00 -1.687350e-02 
 1.498673e+00 -1.685421e-02 
 1.499077e+00 -1.683506e-02 
 1.499481e+00 -1.681599e-02 
 1.499884e+00 -1.679697e-02 
 1.500288e+00 -1.677797e-02 
 1.500692e+00 -1.675895e-02 
 1.501096e+00 -1.673990e-02 
 1.501500e+00 -1.672066e-02 
 1.501904e+00 -1.670132e-02 
 1.502307e+00 -1.668191e-02 
 1.502711e+00 -1.666246e-02 
 1.503115e+00 -1.664300e-02 
 1.503519e+00 -1.662371e-02 
 1.503923e+00 -1.660492e-02 
 1.504327e+00 -1.658688e-02 
 1.504731e+00 -1.656985e-02 
 1.505134e+00 -1.655414e-02 
 1.505538e+00 -1.653990e-02 
 1.505942e+00 -1.652708e-02 
 1.506346e+00 -1.651557e-02 
 1.506750e+00 -1.650501e-02 
 1.507154e+00 -1.649517e-02 
 1.507557e+00 -1.648588e-02 
 1.507961e+00 -1.647705e-02 
 1.508365e+00 -1.646874e-02 
 1.508769e+00 -1.646103e-02 
 1.509173e+00 -1.645405e-02 
 1.509577e+00 -1.644790e-02 
 1.509981e+00 -1.644255e-02 
 1.510384e+00 -1.643788e-02 
 1.510788e+00 -1.643371e-02 
 1.511192e+00 -1.642984e-02 
 1.511596e+00 -1.642601e-02 
 1.512000e+00 -1.642212e-02 
 1.512404e+00 -1.641808e-02 
 1.512807e+00 -1.641386e-02 
 1.513211e+00 -1.640941e-02 
 1.513615e+00 -1.640469e-02 
 1.514019e+00 -1.639970e-02 
 1.514423e+00 -1.639431e-02 
 1.514827e+00 -1.638822e-02 
 1.515231e+00 -1.638131e-02 
 1.515634e+00 -1.637349e-02 
 1.516038e+00 -1.636484e-02 
 1.516442e+00 -1.635547e-02 
 1.516846e+00 -1.634566e-02 
 1.517250e+00 -1.633569e-02 
 1.517654e+00 -1.632577e-02 
 1.518057e+00 -1.631622e-02 
 1.518461e+00 -1.630733e-02 
 1.518865e+00 -1.629925e-02 
 1.519269e+00 -1.629186e-02 
 1.519673e+00 -1.628516e-02 
 1.520077e+00 -1.627919e-02 
 1.520481e+00 -1.627400e-02 
 1.520884e+00 -1.626959e-02 
 1.521288e+00 -1.626599e-02 
 1.521692e+00 -1.626317e-02 
 1.522096e+00 -1.626106e-02 
 1.522500e+00 -1.625950e-02 
 1.522904e+00 -1.625852e-02 
 1.523307e+00 -1.625806e-02 
 1.523711e+00 -1.625813e-02 
 1.524115e+00 -1.625880e-02 
 1.524519e+00 -1.626008e-02 
 1.524923e+00 -1.626198e-02 
 1.525327e+00 -1.626462e-02 
 1.525731e+00 -1.626777e-02 
 1.526134e+00 -1.627125e-02 
 1.526538e+00 -1.627483e-02 
 1.526942e+00 -1.627805e-02 
 1.527346e+00 -1.628058e-02 
 1.527750e+00 -1.628224e-02 
 1.528154e+00 -1.628291e-02 
 1.528557e+00 -1.628256e-02 
 1.528961e+00 -1.628117e-02 
 1.529365e+00 -1.627887e-02 
 1.529769e+00 -1.627578e-02 
 1.530173e+00 -1.627203e-02 
 1.530577e+00 -1.626767e-02 
 1.530981e+00 -1.626253e-02 
 1.531384e+00 -1.625657e-02 
 1.531788e+00 -1.624978e-02 
 1.532192e+00 -1.624232e-02 
 1.532596e+00 -1.623426e-02 
 1.533000e+00 -1.622583e-02 
 1.533404e+00 -1.621723e-02 
 1.533807e+00 -1.620850e-02 
 1.534211e+00 -1.619966e-02 
 1.534615e+00 -1.619078e-02 
 1.535019e+00 -1.618181e-02 
 1.535423e+00 -1.617263e-02 
 1.535827e+00 -1.616329e-02 
 1.536231e+00 -1.615401e-02 
 1.536634e+00 -1.614516e-02 
 1.537038e+00 -1.613688e-02 
 1.537442e+00 -1.612928e-02 
 1.537846e+00 -1.612242e-02 
 1.538250e+00 -1.611650e-02 
 1.538654e+00 -1.611156e-02 
 1.539057e+00 -1.610754e-02 
 1.539461e+00 -1.610412e-02 
 1.539865e+00 -1.610140e-02 
 1.540269e+00 -1.609888e-02 
 1.540673e+00 -1.609652e-02 
 1.541077e+00 -1.609437e-02 
 1.541481e+00 -1.609211e-02 
 1.541884e+00 -1.608964e-02 
 1.542288e+00 -1.608694e-02 
 1.542692e+00 -1.608402e-02 
 1.543096e+00 -1.608101e-02 
 1.543500e+00 -1.607793e-02 
 1.543904e+00 -1.607492e-02 
 1.544307e+00 -1.607207e-02 
 1.544711e+00 -1.606931e-02 
 1.545115e+00 -1.606682e-02 
 1.545519e+00 -1.606466e-02 
 1.545923e+00 -1.606291e-02 
 1.546327e+00 -1.606153e-02 
 1.546731e+00 -1.606031e-02 
 1.547134e+00 -1.605921e-02 
 1.547538e+00 -1.605818e-02 
 1.547942e+00 -1.605725e-02 
 1.548346e+00 -1.605660e-02 
 1.548750e+00 -1.605640e-02 
 1.549154e+00 -1.605702e-02 
 1.549557e+00 -1.605854e-02 
 1.549961e+00 -1.606109e-02 
 1.550365e+00 -1.606474e-02 
 1.550769e+00 -1.606938e-02 
 1.551173e+00 -1.607487e-02 
 1.551577e+00 -1.608106e-02 
 1.551981e+00 -1.608785e-02 
 1.552384e+00 -1.609510e-02 
 1.552788e+00 -1.610297e-02 
 1.553192e+00 -1.611148e-02 
 1.553596e+00 -1.612064e-02 
 1.554000e+00 -1.613040e-02 
 1.554404e+00 -1.614062e-02 
 1.554807e+00 -1.615114e-02 
 1.555211e+00 -1.616149e-02 
 1.555615e+00 -1.617148e-02 
 1.556019e+00 -1.618075e-02 
 1.556423e+00 -1.618924e-02 
 1.556827e+00 -1.619698e-02 
 1.557231e+00 -1.620415e-02 
 1.557634e+00 -1.621108e-02 
 1.558038e+00 -1.621796e-02 
 1.558442e+00 -1.622495e-02 
 1.558846e+00 -1.623222e-02 
 1.559250e+00 -1.623992e-02 
 1.559654e+00 -1.624796e-02 
 1.560057e+00 -1.625618e-02 
 1.560461e+00 -1.626449e-02 
 1.560865e+00 -1.627300e-02 
 1.561269e+00 -1.628166e-02 
 1.561673e+00 -1.629054e-02 
 1.562077e+00 -1.629970e-02 
 1.562481e+00 -1.630919e-02 
 1.562884e+00 -1.631897e-02 
 1.563288e+00 -1.632912e-02 
 1.563692e+00 -1.633992e-02 
 1.564096e+00 -1.635159e-02 
 1.564500e+00 -1.636420e-02 
 1.564904e+00 -1.637790e-02 
 1.565307e+00 -1.639282e-02 
 1.565711e+00 -1.640896e-02 
 1.566115e+00 -1.642621e-02 
 1.566519e+00 -1.644444e-02 
 1.566923e+00 -1.646350e-02 
 1.567327e+00 -1.648294e-02 
 1.567731e+00 -1.650256e-02 
 1.568134e+00 -1.652233e-02 
 1.568538e+00 -1.654223e-02 
 1.568942e+00 -1.656231e-02 
 1.569346e+00 -1.658252e-02 
 1.569750e+00 -1.660288e-02 
 1.570154e+00 -1.662348e-02 
 1.570557e+00 -1.664432e-02 
 1.570961e+00 -1.666534e-02 
 1.571365e+00 -1.668653e-02 
 1.571769e+00 -1.670760e-02 
 1.572173e+00 -1.672827e-02 
 1.572577e+00 -1.674838e-02 
 1.572981e+00 -1.676787e-02 
 1.573384e+00 -1.678682e-02 
 1.573788e+00 -1.680524e-02 
 1.574192e+00 -1.682302e-02 
 1.574596e+00 -1.684008e-02 
 1.575000e+00 -1.685637e-02 
 1.575404e+00 -1.687194e-02 
 1.575807e+00 -1.688680e-02 
 1.576211e+00 -1.690086e-02 
 1.576615e+00 -1.691413e-02 
 1.577019e+00 -1.692678e-02 
 1.577423e+00 -1.693908e-02 
 1.577827e+00 -1.695127e-02 
 1.578231e+00 -1.696364e-02 
 1.578634e+00 -1.697628e-02 
 1.579038e+00 -1.698925e-02 
 1.579442e+00 -1.700256e-02 
 1.579846e+00 -1.701628e-02 
 1.580250e+00 -1.703037e-02 
 1.580654e+00 -1.704461e-02 
 1.581057e+00 -1.705877e-02 
 1.581461e+00 -1.707279e-02 
 1.581865e+00 -1.708650e-02 
 1.582269e+00 -1.709971e-02 
 1.582673e+00 -1.711215e-02 
 1.583077e+00 -1.712377e-02 
 1.583481e+00 -1.713463e-02 
 1.583884e+00 -1.714471e-02 
 1.584288e+00 -1.715415e-02 
 1.584692e+00 -1.716316e-02 
 1.585096e+00 -1.717175e-02 
 1.585500e+00 -1.717984e-02 
 1.585904e+00 -1.718744e-02 
 1.586307e+00 -1.719449e-02 
 1.586711e+00 -1.720077e-02 
 1.587115e+00 -1.720593e-02 
 1.587519e+00 -1.720980e-02 
 1.587923e+00 -1.721223e-02 
 1.588327e+00 -1.721324e-02 
 1.588731e+00 -1.721287e-02 
 1.589134e+00 -1.721136e-02 
 1.589538e+00 -1.720892e-02 
 1.589942e+00 -1.720565e-02 
 1.590346e+00 -1.720167e-02 
 1.590750e+00 -1.719715e-02 
 1.591154e+00 -1.719211e-02 
 1.591557e+00 -1.718646e-02 
 1.591961e+00 -1.718014e-02 
 1.592365e+00 -1.717314e-02 
 1.592769e+00 -1.716558e-02 
 1.593173e+00 -1.715749e-02 
 1.593577e+00 -1.714894e-02 
 1.593981e+00 -1.714007e-02 
 1.594384e+00 -1.713093e-02 
 1.594788e+00 -1.712151e-02 
 1.595192e+00 -1.711184e-02 
 1.595596e+00 -1.710202e-02 
 1.596000e+00 -1.709211e-02 
 1.596404e+00 -1.708205e-02 
 1.596807e+00 -1.707180e-02 
 1.597211e+00 -1.706138e-02 
 1.597615e+00 -1.705091e-02 
 1.598019e+00 -1.704058e-02 
 1.598423e+00 -1.703051e-02 
 1.598827e+00 -1.702068e-02 
 1.599231e+00 -1.701105e-02 
 1.599634e+00 -1.700170e-02 
 1.600038e+00 -1.699258e-02 
 1.600442e+00 -1.698366e-02 
 1.600846e+00 -1.697488e-02 
 1.601250e+00 -1.696615e-02 
 1.601654e+00 -1.695746e-02 
 1.602057e+00 -1.694874e-02 
 1.602461e+00 -1.694011e-02 
 1.602865e+00 -1.693162e-02 
 1.603269e+00 -1.692312e-02 
 1.603673e+00 -1.691466e-02 
 1.604077e+00 -1.690639e-02 
 1.604481e+00 -1.689841e-02 
 1.604884e+00 -1.689071e-02 
 1.605288e+00 -1.688324e-02 
 1.605692e+00 -1.687596e-02 
 1.606096e+00 -1.686879e-02 
 1.606500e+00 -1.686150e-02 
 1.606904e+00 -1.685394e-02 
 1.607307e+00 -1.684608e-02 
 1.607711e+00 -1.683781e-02 
 1.608115e+00 -1.682904e-02 
 1.608519e+00 -1.681972e-02 
 1.608923e+00 -1.681001e-02 
 1.609327e+00 -1.679991e-02 
 1.609731e+00 -1.678930e-02 
 1.610134e+00 -1.677827e-02 
 1.610538e+00 -1.676693e-02 
 1.610942e+00 -1.675530e-02 
 1.611346e+00 -1.674343e-02 
 1.611750e+00 -1.673141e-02 
 1.612154e+00 -1.671927e-02 
 1.612557e+00 -1.670692e-02 
 1.612961e+00 -1.669433e-02 
 1.613365e+00 -1.668161e-02 
 1.613769e+00 -1.666884e-02 
 1.614173e+00 -1.665614e-02 
 1.614577e+00 -1.664365e-02 
 1.614981e+00 -1.663146e-02 
 1.615384e+00 -1.661953e-02 
 1.615788e+00 -1.660782e-02 
 1.616192e+00 -1.659640e-02 
 1.616596e+00 -1.658534e-02 
 1.617000e+00 -1.657476e-02 
 1.617404e+00 -1.656471e-02 
 1.617807e+00 -1.655532e-02 
 1.618211e+00 -1.654684e-02 
 1.618615e+00 -1.653949e-02 
 1.619019e+00 -1.653337e-02 
 1.619423e+00 -1.652848e-02 
 1.619827e+00 -1.652471e-02 
 1.620231e+00 -1.652198e-02 
 1.620634e+00 -1.652028e-02 
 1.621038e+00 -1.651946e-02 
 1.621442e+00 -1.651939e-02 
 1.621846e+00 -1.652004e-02 
 1.622250e+00 -1.652135e-02 
 1.622654e+00 -1.652324e-02 
 1.623057e+00 -1.652569e-02 
 1.623461e+00 -1.652870e-02 
 1.623865e+00 -1.653217e-02 
 1.624269e+00 -1.653607e-02 
 1.624673e+00 -1.654035e-02 
 1.625077e+00 -1.654490e-02 
 1.625481e+00 -1.654954e-02 
 1.625884e+00 -1.655403e-02 
 1.626288e+00 -1.655822e-02 
 1.626692e+00 -1.656192e-02 
 1.627096e+00 -1.656501e-02 
 1.627500e+00 -1.656730e-02 
 1.627904e+00 -1.656865e-02 
 1.628307e+00 -1.656912e-02 
 1.628711e+00 -1.656878e-02 
 1.629115e+00 -1.656769e-02 
 1.629519e+00 -1.656603e-02 
 1.629923e+00 -1.656381e-02 
 1.630327e+00 -1.656087e-02 
 1.630730e+00 -1.655710e-02 
 1.631134e+00 -1.655246e-02 
 1.631538e+00 -1.654704e-02 
 1.631942e+00 -1.654081e-02 
 1.632346e+00 -1.653377e-02 
 1.632750e+00 -1.652610e-02 
 1.633154e+00 -1.651787e-02 
 1.633557e+00 -1.650919e-02 
 1.633961e+00 -1.650018e-02 
 1.634365e+00 -1.649088e-02 
 1.634769e+00 -1.648118e-02 
 1.635173e+00 -1.647084e-02 
 1.635577e+00 -1.645970e-02 
 1.635980e+00 -1.644784e-02 
 1.636384e+00 -1.643531e-02 
 1.636788e+00 -1.642218e-02 
 1.637192e+00 -1.640853e-02 
 1.637596e+00 -1.639446e-02 
 1.638000e+00 -1.637995e-02 
 1.638404e+00 -1.636520e-02 
 1.638807e+00 -1.635037e-02 
 1.639211e+00 -1.633557e-02 
 1.639615e+00 -1.632083e-02 
 1.640019e+00 -1.630603e-02 
 1.640423e+00 -1.629112e-02 
 1.640827e+00 -1.627619e-02 
 1.641230e+00 -1.626124e-02 
 1.641634e+00 -1.624622e-02 
 1.642038e+00 -1.623115e-02 
 1.642442e+00 -1.621608e-02 
 1.642846e+00 -1.620106e-02 
 1.643250e+00 -1.618640e-02 
 1.643654e+00 -1.617217e-02 
 1.644057e+00 -1.615846e-02 
 1.644461e+00 -1.614537e-02 
 1.644865e+00 -1.613297e-02 
 1.645269e+00 -1.612130e-02 
 1.645673e+00 -1.611033e-02 
 1.646077e+00 -1.610004e-02 
 1.646480e+00 -1.609025e-02 
 1.646884e+00 -1.608079e-02 
 1.647288e+00 -1.607153e-02 
 1.647692e+00 -1.606248e-02 
 1.648096e+00 -1.605355e-02 
 1.648500e+00 -1.604466e-02 
 1.648904e+00 -1.603585e-02 
 1.649307e+00 -1.602730e-02 
 1.649711e+00 -1.601914e-02 
 1.650115e+00 -1.601147e-02 
 1.650519e+00 -1.600432e-02 
 1.650923e+00 -1.599768e-02 
 1.651327e+00 -1.599140e-02 
 1.651730e+00 -1.598531e-02 
 1.652134e+00 -1.597934e-02 
 1.652538e+00 -1.597329e-02 
 1.652942e+00 -1.596709e-02 
 1.653346e+00 -1.596067e-02 
 1.653750e+00 -1.595409e-02 
 1.654154e+00 -1.594751e-02 
 1.654557e+00 -1.594087e-02 
 1.654961e+00 -1.593425e-02 
 1.655365e+00 -1.592773e-02 
 1.655769e+00 -1.592135e-02 
 1.656173e+00 -1.591511e-02 
 1.656577e+00 -1.590916e-02 
 1.656980e+00 -1.590363e-02 
 1.657384e+00 -1.589864e-02 
 1.657788e+00 -1.589427e-02 
 1.658192e+00 -1.589062e-02 
 1.658596e+00 -1.588792e-02 
 1.659000e+00 -1.588633e-02 
 1.659404e+00 -1.588605e-02 
 1.659807e+00 -1.588729e-02 
 1.660211e+00 -1.589020e-02 
 1.660615e+00 -1.589486e-02 
 1.661019e+00 -1.590131e-02 
 1.661423e+00 -1.590955e-02 
 1.661827e+00 -1.591951e-02 
 1.662230e+00 -1.593096e-02 
 1.662634e+00 -1.594372e-02 
 1.663038e+00 -1.595763e-02 
 1.663442e+00 -1.597272e-02 
 1.663846e+00 -1.598897e-02 
 1.664250e+00 -1.600641e-02 
 1.664654e+00 -1.602499e-02 
 1.665057e+00 -1.604467e-02 
 1.665461e+00 -1.606534e-02 
 1.665865e+00 -1.608691e-02 
 1.666269e+00 -1.610903e-02 
 1.666673e+00 -1.613148e-02 
 1.667077e+00 -1.615399e-02 
 1.667480e+00 -1.617628e-02 
 1.667884e+00 -1.619819e-02 
 1.668288e+00 -1.621967e-02 
 1.668692e+00 -1.624074e-02 
 1.669096e+00 -1.626133e-02 
 1.669500e+00 -1.628144e-02 
 1.669904e+00 -1.630122e-02 
 1.670307e+00 -1.632076e-02 
 1.670711e+00 -1.634001e-02 
 1.671115e+00 -1.635888e-02 
 1.671519e+00 -1.637725e-02 
 1.671923e+00 -1.639505e-02 
 1.672327e+00 -1.641219e-02 
 1.672730e+00 -1.642872e-02 
 1.673134e+00 -1.644473e-02 
 1.673538e+00 -1.646040e-02 
 1.673942e+00 -1.647574e-02 
 1.674346e+00 -1.649083e-02 
 1.674750e+00 -1.650583e-02 
 1.675154e+00 -1.652077e-02 
 1.675557e+00 -1.653573e-02 
 1.675961e+00 -1.655079e-02 
 1.676365e+00 -1.656588e-02 
 1.676769e+00 -1.658110e-02 
 1.677173e+00 -1.659645e-02 
 1.677577e+00 -1.661195e-02 
 1.677980e+00 -1.662767e-02 
 1.678384e+00 -1.664356e-02 
 1.678788e+00 -1.665953e-02 
 1.679192e+00 -1.667558e-02 
 1.679596e+00 -1.669171e-02 
 1.680000e+00 -1.670789e-02 
 1.680404e+00 -1.672400e-02 
 1.680807e+00 -1.673988e-02 
 1.681211e+00 -1.675550e-02 
 1.681615e+00 -1.677083e-02 
 1.682019e+00 -1.678600e-02 
 1.682423e+00 -1.680105e-02 
 1.682827e+00 -1.681606e-02 
 1.683230e+00 -1.683098e-02 
 1.683634e+00 -1.684584e-02 
 1.684038e+00 -1.686063e-02 
 1.684442e+00 -1.687535e-02 
 1.684846e+00 -1.689000e-02 
 1.685250e+00 -1.690449e-02 
 1.685654e+00 -1.691882e-02 
 1.686057e+00 -1.693293e-02 
 1.686461e+00 -1.694684e-02 
 1.686865e+00 -1.696047e-02 
 1.687269e+00 -1.697368e-02 
 1.687673e+00 -1.698637e-02 
 1.688077e+00 -1.699856e-02 
 1.688480e+00 -1.701023e-02 
 1.688884e+00 -1.702140e-02 
 1.689288e+00 -1.703213e-02 
 1.689692e+00 -1.704254e-02 
 1.690096e+00 -1.705257e-02 
 1.690500e+00 -1.706215e-02 
 1.690904e+00 -1.707130e-02 
 1.691307e+00 -1.707994e-02 
 1.691711e+00 -1.708786e-02 
 1.692115e+00 -1.709498e-02 
 1.692519e+00 -1.710123e-02 
 1.692923e+00 -1.710655e-02 
 1.693327e+00 -1.711085e-02 
 1.693730e+00 -1.711407e-02 
 1.694134e+00 -1.711625e-02 
 1.694538e+00 -1.711737e-02 
 1.694942e+00 -1.711729e-02 
 1.695346e+00 -1.711590e-02 
 1.695750e+00 -1.711318e-02 
 1.696154e+00 -1.710905e-02 
 1.696557e+00 -1.710345e-02 
 1.696961e+00 -1.709649e-02 
 1.697365e+00 -1.708836e-02 
 1.697769e+00 -1.707913e-02 
 1.698173e+00 -1.706887e-02 
 1.698577e+00 -1.705771e-02 
 1.698980e+00 -1.704579e-02 
 1.699384e+00 -1.703327e-02 
 1.699788e+00 -1.702032e-02 
 1.700192e+00 -1.700716e-02 
 1.700596e+00 -1.699404e-02 
 1.701000e+00 -1.698112e-02 
 1.701404e+00 -1.696863e-02 
 1.701807e+00 -1.695686e-02 
 1.702211e+00 -1.694600e-02 
 1.702615e+00 -1.693620e-02 
 1.703019e+00 -1.692757e-02 
 1.703423e+00 -1.692017e-02 
 1.703827e+00 -1.691421e-02 
 1.704230e+00 -1.690964e-02 
 1.704634e+00 -1.690653e-02 
 1.705038e+00 -1.690489e-02 
 1.705442e+00 -1.690456e-02 
 1.705846e+00 -1.690538e-02 
 1.706250e+00 -1.690714e-02 
 1.706654e+00 -1.690972e-02 
 1.707057e+00 -1.691292e-02 
 1.707461e+00 -1.691656e-02 
 1.707865e+00 -1.692048e-02 
 1.708269e+00 -1.692452e-02 
 1.708673e+00 -1.692873e-02 
 1.709077e+00 -1.693311e-02 
 1.709480e+00 -1.693762e-02 
 1.709884e+00 -1.694206e-02 
 1.710288e+00 -1.694613e-02 
 1.710692e+00 -1.694966e-02 
 1.711096e+00 -1.695232e-02 
 1.711500e+00 -1.695401e-02 
 1.711904e+00 -1.695452e-02 
 1.712307e+00 -1.695375e-02 
 1.712711e+00 -1.695155e-02 
 1.713115e+00 -1.694779e-02 
 1.713519e+00 -1.694260e-02 
 1.713923e+00 -1.693612e-02 
 1.714327e+00 -1.692851e-02 
 1.714730e+00 -1.691990e-02 
 1.715134e+00 -1.691057e-02 
 1.715538e+00 -1.690076e-02 
 1.715942e+00 -1.689041e-02 
 1.716346e+00 -1.687963e-02 
 1.716750e+00 -1.686860e-02 
 1.717154e+00 -1.685746e-02 
 1.717557e+00 -1.684611e-02 
 1.717961e+00 -1.683481e-02 
 1.718365e+00 -1.682385e-02 
 1.718769e+00 -1.681333e-02 
 1.719173e+00 -1.680347e-02 
 1.719577e+00 -1.679443e-02 
 1.719980e+00 -1.678633e-02 
 1.720384e+00 -1.677924e-02 
 1.720788e+00 -1.677323e-02 
 1.721192e+00 -1.676820e-02 
 1.721596e+00 -1.676417e-02 
 1.722000e+00 -1.676103e-02 
 1.722404e+00 -1.675874e-02 
 1.722807e+00 -1.675725e-02 
 1.723211e+00 -1.675649e-02 
 1.723615e+00 -1.675636e-02 
 1.724019e+00 -1.675674e-02 
 1.724423e+00 -1.675773e-02 
 1.724827e+00 -1.675922e-02 
 1.725230e+00 -1.676117e-02 
 1.725634e+00 -1.676351e-02 
 1.726038e+00 -1.676592e-02 
 1.726442e+00 -1.676815e-02 
 1.726846e+00 -1.677002e-02 
 1.727250e+00 -1.677134e-02 
 1.727654e+00 -1.677187e-02 
 1.728057e+00 -1.677149e-02 
 1.728461e+00 -1.677017e-02 
 1.728865e+00 -1.676797e-02 
 1.729269e+00 -1.676506e-02 
 1.729673e+00 -1.676161e-02 
 1.730077e+00 -1.675768e-02 
 1.730480e+00 -1.675325e-02 
 1.730884e+00 -1.674839e-02 
 1.731288e+00 -1.674295e-02 
 1.731692e+00 -1.673689e-02 
 1.732096e+00 -1.673015e-02 
 1.732500e+00 -1.672256e-02 
 1.732904e+00 -1.671412e-02 
 1.733307e+00 -1.670493e-02 
 1.733711e+00 -1.669506e-02 
 1.734115e+00 -1.668456e-02 
 1.734519e+00 -1.667347e-02 
 1.734923e+00 -1.666198e-02 
 1.735327e+00 -1.665013e-02 
 1.735730e+00 -1.663797e-02 
 1.736134e+00 -1.662562e-02 
 1.736538e+00 -1.661295e-02 
 1.736942e+00 -1.659975e-02 
 1.737346e+00 -1.658593e-02 
 1.737750e+00 -1.657142e-02 
 1.738154e+00 -1.655618e-02 
 1.738557e+00 -1.654027e-02 
 1.738961e+00 -1.652374e-02 
 1.739365e+00 -1.650683e-02 
 1.739769e+00 -1.648968e-02 
 1.740173e+00 -1.647236e-02 
 1.740577e+00 -1.645505e-02 
 1.740980e+00 -1.643783e-02 
 1.741384e+00 -1.642062e-02 
 1.741788e+00 -1.640331e-02 
 1.742192e+00 -1.638593e-02 
 1.742596e+00 -1.636847e-02 
 1.743000e+00 -1.635088e-02 
 1.743404e+00 -1.633330e-02 
 1.743807e+00 -1.631581e-02 
 1.744211e+00 -1.629849e-02 
 1.744615e+00 -1.628146e-02 
 1.745019e+00 -1.626484e-02 
 1.745423e+00 -1.624869e-02 
 1.745827e+00 -1.623316e-02 
 1.746230e+00 -1.621821e-02 
 1.746634e+00 -1.620374e-02 
 1.747038e+00 -1.618973e-02 
 1.747442e+00 -1.617619e-02 
 1.747846e+00 -1.616312e-02 
 1.748250e+00 -1.615051e-02 
 1.748654e+00 -1.613844e-02 
 1.749057e+00 -1.612686e-02 
 1.749461e+00 -1.611581e-02 
 1.749865e+00 -1.610550e-02 
 1.750269e+00 -1.609599e-02 
 1.750673e+00 -1.608728e-02 
 1.751077e+00 -1.607925e-02 
 1.751480e+00 -1.607165e-02 
 1.751884e+00 -1.606414e-02 
 1.752288e+00 -1.605652e-02 
 1.752692e+00 -1.604851e-02 
 1.753096e+00 -1.603993e-02 
 1.753500e+00 -1.603080e-02 
 1.753904e+00 -1.602111e-02 
 1.754307e+00 -1.601100e-02 
 1.754711e+00 -1.600058e-02 
 1.755115e+00 -1.598992e-02 
 1.755519e+00 -1.597923e-02 
 1.755923e+00 -1.596866e-02 
 1.756327e+00 -1.595828e-02 
 1.756730e+00 -1.594809e-02 
 1.757134e+00 -1.593817e-02 
 1.757538e+00 -1.592864e-02 
 1.757942e+00 -1.591949e-02 
 1.758346e+00 -1.591067e-02 
 1.758750e+00 -1.590220e-02 
 1.759154e+00 -1.589412e-02 
 1.759557e+00 -1.588657e-02 
 1.759961e+00 -1.587970e-02 
 1.760365e+00 -1.587371e-02 
 1.760769e+00 -1.586879e-02 
 1.761173e+00 -1.586495e-02 
 1.761577e+00 -1.586237e-02 
 1.761980e+00 -1.586119e-02 
 1.762384e+00 -1.586156e-02 
 1.762788e+00 -1.586349e-02 
 1.763192e+00 -1.586707e-02 
 1.763596e+00 -1.587238e-02 
 1.764000e+00 -1.587936e-02 
 1.764404e+00 -1.588789e-02 
 1.764807e+00 -1.589786e-02 
 1.765211e+00 -1.590915e-02 
 1.765615e+00 -1.592161e-02 
 1.766019e+00 -1.593511e-02 
 1.766423e+00 -1.594951e-02 
 1.766827e+00 -1.596455e-02 
 1.767230e+00 -1.598001e-02 
 1.767634e+00 -1.599583e-02 
 1.768038e+00 -1.601198e-02 
 1.768442e+00 -1.602850e-02 
 1.768846e+00 -1.604533e-02 
 1.769250e+00 -1.606248e-02 
 1.769654e+00 -1.607993e-02 
 1.770057e+00 -1.609751e-02 
 1.770461e+00 -1.611517e-02 
 1.770865e+00 -1.613276e-02 
 1.771269e+00 -1.615014e-02 
 1.771673e+00 -1.616715e-02 
 1.772077e+00 -1.618379e-02 
 1.772480e+00 -1.620002e-02 
 1.772884e+00 -1.621592e-02 
 1.773288e+00 -1.623159e-02 
 1.773692e+00 -1.624711e-02 
 1.774096e+00 -1.626264e-02 
 1.774500e+00 -1.627829e-02 
 1.774904e+00 -1.629421e-02 
 1.775307e+00 -1.631044e-02 
 1.775711e+00 -1.632690e-02 
 1.776115e+00 -1.634351e-02 
 1.776519e+00 -1.636027e-02 
 1.776923e+00 -1.637717e-02 
 1.777327e+00 -1.639416e-02 
 1.777730e+00 -1.641118e-02 
 1.778134e+00 -1.642814e-02 
 1.778538e+00 -1.644495e-02 
 1.778942e+00 -1.646151e-02 
 1.779346e+00 -1.647786e-02 
 1.779750e+00 -1.649406e-02 
 1.780154e+00 -1.651012e-02 
 1.780557e+00 -1.652613e-02 
 1.780961e+00 -1.654210e-02 
 1.781365e+00 -1.655818e-02 
 1.781769e+00 -1.657440e-02 
 1.782173e+00 -1.659070e-02 
 1.782577e+00 -1.660717e-02 
 1.782980e+00 -1.662377e-02 
 1.783384e+00 -1.664051e-02 
 1.783788e+00 -1.665726e-02 
 1.784192e+00 -1.667393e-02 
 1.784596e+00 -1.669044e-02 
 1.785000e+00 -1.670647e-02 
 1.785404e+00 -1.672187e-02 
 1.785807e+00 -1.673639e-02 
 1.786211e+00 -1.675008e-02 
 1.786615e+00 -1.676280e-02 
 1.787019e+00 -1.677448e-02 
 1.787423e+00 -1.678525e-02 
 1.787827e+00 -1.679522e-02 
 1.788230e+00 -1.680453e-02 
 1.788634e+00 -1.681338e-02 
 1.789038e+00 -1.682197e-02 
 1.789442e+00 -1.683040e-02 
 1.789846e+00 -1.683878e-02 
 1.790250e+00 -1.684720e-02 
 1.790654e+00 -1.685568e-02 
 1.791057e+00 -1.686414e-02 
 1.791461e+00 -1.687251e-02 
 1.791865e+00 -1.688061e-02 
 1.792269e+00 -1.688836e-02 
 1.792673e+00 -1.689556e-02 
 1.793077e+00 -1.690213e-02 
 1.793480e+00 -1.690799e-02 
 1.793884e+00 -1.691308e-02 
 1.794288e+00 -1.691735e-02 
 1.794692e+00 -1.692081e-02 
 1.795096e+00 -1.692353e-02 
 1.795500e+00 -1.692561e-02 
 1.795904e+00 -1.692711e-02 
 1.796307e+00 -1.692811e-02 
 1.796711e+00 -1.692865e-02 
 1.797115e+00 -1.692872e-02 
 1.797519e+00 -1.692832e-02 
 1.797923e+00 -1.692740e-02 
 1.798327e+00 -1.692595e-02 
 1.798730e+00 -1.692388e-02 
 1.799134e+00 -1.692120e-02 
 1.799538e+00 -1.691793e-02 
 1.799942e+00 -1.691416e-02 
 1.800346e+00 -1.690997e-02 
 1.800750e+00 -1.690561e-02 
 1.801154e+00 -1.690128e-02 
 1.801557e+00 -1.689705e-02 
 1.801961e+00 -1.689303e-02 
 1.802365e+00 -1.688926e-02 
 1.802769e+00 -1.688574e-02 
 1.803173e+00 -1.688251e-02 
 1.803577e+00 -1.687963e-02 
 1.803980e+00 -1.687724e-02 
 1.804384e+00 -1.687554e-02 
 1.804788e+00 -1.687461e-02 
 1.805192e+00 -1.687458e-02 
 1.805596e+00 -1.687557e-02 
 1.806000e+00 -1.687752e-02 
 1.806404e+00 -1.688041e-02 
 1.806807e+00 -1.688406e-02 
 1.807211e+00 -1.688837e-02 
 1.807615e+00 -1.689320e-02 
 1.808019e+00 -1.689835e-02 
 1.808423e+00 -1.690390e-02 
 1.808827e+00 -1.690971e-02 
 1.809230e+00 -1.691572e-02 
 1.809634e+00 -1.692186e-02 
 1.810038e+00 -1.692826e-02 
 1.810442e+00 -1.693487e-02 
 1.810846e+00 -1.694151e-02 
 1.811250e+00 -1.694828e-02 
 1.811654e+00 -1.695493e-02 
 1.812057e+00 -1.696127e-02 
 1.812461e+00 -1.696705e-02 
 1.812865e+00 -1.697210e-02 
 1.813269e+00 -1.697634e-02 
 1.813673e+00 -1.697965e-02 
 1.814077e+00 -1.698218e-02 
 1.814480e+00 -1.698385e-02 
 1.814884e+00 -1.698486e-02 
 1.815288e+00 -1.698533e-02 
 1.815692e+00 -1.698548e-02 
 1.816096e+00 -1.698553e-02 
 1.816500e+00 -1.698537e-02 
 1.816904e+00 -1.698483e-02 
 1.817307e+00 -1.698382e-02 
 1.817711e+00 -1.698220e-02 
 1.818115e+00 -1.697994e-02 
 1.818519e+00 -1.697701e-02 
 1.818923e+00 -1.697335e-02 
 1.819327e+00 -1.696883e-02 
 1.819730e+00 -1.696352e-02 
 1.820134e+00 -1.695767e-02 
 1.820538e+00 -1.695142e-02 
 1.820942e+00 -1.694502e-02 
 1.821346e+00 -1.693870e-02 
 1.821750e+00 -1.693272e-02 
 1.822154e+00 -1.692730e-02 
 1.822557e+00 -1.692253e-02 
 1.822961e+00 -1.691848e-02 
 1.823365e+00 -1.691522e-02 
 1.823769e+00 -1.691264e-02 
 1.824173e+00 -1.691068e-02 
 1.824577e+00 -1.690935e-02 
 1.824980e+00 -1.690883e-02 
 1.825384e+00 -1.690905e-02 
 1.825788e+00 -1.691000e-02 
 1.826192e+00 -1.691173e-02 
 1.826596e+00 -1.691406e-02 
 1.827000e+00 -1.691675e-02 
 1.827404e+00 -1.691959e-02 
 1.827807e+00 -1.692251e-02 
 1.828211e+00 -1.692528e-02 
 1.828615e+00 -1.692794e-02 
 1.829019e+00 -1.693062e-02 
 1.829423e+00 -1.693336e-02 
 1.829827e+00 -1.693614e-02 
 1.830230e+00 -1.693904e-02 
 1.830634e+00 -1.694205e-02 
 1.831038e+00 -1.694509e-02 
 1.831442e+00 -1.694810e-02 
 1.831846e+00 -1.695086e-02 
 1.832250e+00 -1.695319e-02 
 1.832654e+00 -1.695495e-02 
 1.833057e+00 -1.695597e-02 
 1.833461e+00 -1.695615e-02 
 1.833865e+00 -1.695544e-02 
 1.834269e+00 -1.695374e-02 
 1.834673e+00 -1.695087e-02 
 1.835077e+00 -1.694678e-02 
 1.835480e+00 -1.694156e-02 
 1.835884e+00 -1.693523e-02 
 1.836288e+00 -1.692772e-02 
 1.836692e+00 -1.691919e-02 
 1.837096e+00 -1.690964e-02 
 1.837500e+00 -1.689908e-02 
 1.837904e+00 -1.688752e-02 
 1.838307e+00 -1.687487e-02 
 1.838711e+00 -1.686113e-02 
 1.839115e+00 -1.684624e-02 
 1.839519e+00 -1.683023e-02 
 1.839923e+00 -1.681318e-02 
 1.840327e+00 -1.679536e-02 
 1.840730e+00 -1.677680e-02 
 1.841134e+00 -1.675767e-02 
 1.841538e+00 -1.673811e-02 
 1.841942e+00 -1.671824e-02 
 1.842346e+00 -1.669820e-02 
 1.842750e+00 -1.667815e-02 
 1.843154e+00 -1.665821e-02 
 1.843557e+00 -1.663831e-02 
 1.843961e+00 -1.661856e-02 
 1.844365e+00 -1.659898e-02 
 1.844769e+00 -1.657968e-02 
 1.845173e+00 -1.656066e-02 
 1.845577e+00 -1.654198e-02 
 1.845980e+00 -1.652374e-02 
 1.846384e+00 -1.650603e-02 
 1.846788e+00 -1.648890e-02 
 1.847192e+00 -1.647236e-02 
 1.847596e+00 -1.645651e-02 
 1.848000e+00 -1.644121e-02 
 1.848404e+00 -1.642647e-02 
 1.848807e+00 -1.641233e-02 
 1.849211e+00 -1.639881e-02 
 1.849615e+00 -1.638580e-02 
 1.850019e+00 -1.637317e-02 
 1.850423e+00 -1.636089e-02 
 1.850827e+00 -1.634881e-02 
 1.851230e+00 -1.633674e-02 
 1.851634e+00 -1.632463e-02 
 1.852038e+00 -1.631239e-02 
 1.852442e+00 -1.629990e-02 
 1.852846e+00 -1.628716e-02 
 1.853250e+00 -1.627421e-02 
 1.853654e+00 -1.626108e-02 
 1.854057e+00 -1.624780e-02 
 1.854461e+00 -1.623443e-02 
 1.854865e+00 -1.622112e-02 
 1.855269e+00 -1.620798e-02 
 1.855673e+00 -1.619509e-02 
 1.856077e+00 -1.618248e-02 
 1.856480e+00 -1.617017e-02 
 1.856884e+00 -1.615813e-02 
 1.857288e+00 -1.614630e-02 
 1.857692e+00 -1.613460e-02 
 1.858096e+00 -1.612298e-02 
 1.858500e+00 -1.611143e-02 
 1.858904e+00 -1.609983e-02 
 1.859307e+00 -1.608820e-02 
 1.859711e+00 -1.607653e-02 
 1.860115e+00 -1.606472e-02 
 1.860519e+00 -1.605286e-02 
 1.860923e+00 -1.604118e-02 
 1.861327e+00 -1.602981e-02 
 1.861730e+00 -1.601897e-02 
 1.862134e+00 -1.600881e-02 
 1.862538e+00 -1.599937e-02 
 1.862942e+00 -1.599071e-02 
 1.863346e+00 -1.598300e-02 
 1.863750e+00 -1.597628e-02 
 1.864154e+00 -1.597045e-02 
 1.864557e+00 -1.596546e-02 
 1.864961e+00 -1.596124e-02 
 1.865365e+00 -1.595763e-02 
 1.865769e+00 -1.595459e-02 
 1.866173e+00 -1.595211e-02 
 1.866577e+00 -1.595014e-02 
 1.866980e+00 -1.594878e-02 
 1.867384e+00 -1.594817e-02 
 1.867788e+00 -1.594834e-02 
 1.868192e+00 -1.594940e-02 
 1.868596e+00 -1.595137e-02 
 1.869000e+00 -1.595425e-02 
 1.869404e+00 -1.595814e-02 
 1.869807e+00 -1.596323e-02 
 1.870211e+00 -1.596975e-02 
 1.870615e+00 -1.597762e-02 
 1.871019e+00 -1.598688e-02 
 1.871423e+00 -1.599750e-02 
 1.871827e+00 -1.600931e-02 
 1.872230e+00 -1.602218e-02 
 1.872634e+00 -1.603596e-02 
 1.873038e+00 -1.605039e-02 
 1.873442e+00 -1.606531e-02 
 1.873846e+00 -1.608059e-02 
 1.874250e+00 -1.609628e-02 
 1.874654e+00 -1.611233e-02 
 1.875057e+00 -1.612868e-02 
 1.875461e+00 -1.614537e-02 
 1.875865e+00 -1.616242e-02 
 1.876269e+00 -1.617974e-02 
 1.876673e+00 -1.619713e-02 
 1.877077e+00 -1.621434e-02 
 1.877480e+00 -1.623125e-02 
 1.877884e+00 -1.624756e-02 
 1.878288e+00 -1.626305e-02 
 1.878692e+00 -1.627773e-02 
 1.879096e+00 -1.629161e-02 
 1.879500e+00 -1.630469e-02 
 1.879904e+00 -1.631703e-02 
 1.880307e+00 -1.632872e-02 
 1.880711e+00 -1.633985e-02 
 1.881115e+00 -1.635050e-02 
 1.881519e+00 -1.636073e-02 
 1.881923e+00 -1.637067e-02 
 1.882327e+00 -1.638022e-02 
 1.882730e+00 -1.638940e-02 
 1.883134e+00 -1.639823e-02 
 1.883538e+00 -1.640673e-02 
 1.883942e+00 -1.641491e-02 
 1.884346e+00 -1.642279e-02 
 1.884750e+00 -1.643030e-02 
 1.885154e+00 -1.643746e-02 
 1.885557e+00 -1.644445e-02 
 1.885961e+00 -1.645139e-02 
 1.886365e+00 -1.645845e-02 
 1.886769e+00 -1.646573e-02 
 1.887173e+00 -1.647331e-02 
 1.887577e+00 -1.648126e-02 
 1.887980e+00 -1.648970e-02 
 1.888384e+00 -1.649860e-02 
 1.888788e+00 -1.650797e-02 
 1.889192e+00 -1.651786e-02 
 1.889596e+00 -1.652835e-02 
 1.890000e+00 -1.653942e-02 
 1.890404e+00 -1.655098e-02 
 1.890807e+00 -1.656306e-02 
 1.891211e+00 -1.657551e-02 
 1.891615e+00 -1.658810e-02 
 1.892019e+00 -1.660057e-02 
 1.892423e+00 -1.661271e-02 
 1.892827e+00 -1.662428e-02 
 1.893230e+00 -1.663504e-02 
 1.893634e+00 -1.664489e-02 
 1.894038e+00 -1.665394e-02 
 1.894442e+00 -1.666219e-02 
 1.894846e+00 -1.666961e-02 
 1.895250e+00 -1.667634e-02 
 1.895654e+00 -1.668253e-02 
 1.896057e+00 -1.668822e-02 
 1.896461e+00 -1.669355e-02 
 1.896865e+00 -1.669860e-02 
 1.897269e+00 -1.670324e-02 
 1.897673e+00 -1.670742e-02 
 1.898077e+00 -1.671109e-02 
 1.898480e+00 -1.671419e-02 
 1.898884e+00 -1.671665e-02 
 1.899288e+00 -1.671847e-02 
 1.899692e+00 -1.671964e-02 
 1.900096e+00 -1.672015e-02 
 1.900500e+00 -1.672004e-02 
 1.900904e+00 -1.671933e-02 
 1.901307e+00 -1.671815e-02 
 1.901711e+00 -1.671664e-02 
 1.902115e+00 -1.671487e-02 
 1.902519e+00 -1.671299e-02 
 1.902923e+00 -1.671110e-02 
 1.903327e+00 -1.670940e-02 
 1.903730e+00 -1.670790e-02 
 1.904134e+00 -1.670665e-02 
 1.904538e+00 -1.670573e-02 
 1.904942e+00 -1.670504e-02 
 1.905346e+00 -1.670445e-02 
 1.905750e+00 -1.670389e-02 
 1.906154e+00 -1.670319e-02 
 1.906557e+00 -1.670233e-02 
 1.906961e+00 -1.670123e-02 
 1.907365e+00 -1.669982e-02 
 1.907769e+00 -1.669806e-02 
 1.908173e+00 -1.669610e-02 
 1.908577e+00 -1.669406e-02 
 1.908980e+00 -1.669206e-02 
 1.909384e+00 -1.669010e-02 
 1.909788e+00 -1.668828e-02 
 1.910192e+00 -1.668661e-02 
 1.910596e+00 -1.668523e-02 
 1.911000e+00 -1.668431e-02 
 1.911404e+00 -1.668401e-02 
 1.911807e+00 -1.668459e-02 
 1.912211e+00 -1.668621e-02 
 1.912615e+00 -1.668888e-02 
 1.913019e+00 -1.669259e-02 
 1.913423e+00 -1.669738e-02 
 1.913827e+00 -1.670319e-02 
 1.914230e+00 -1.670994e-02 
 1.914634e+00 -1.671768e-02 
 1.915038e+00 -1.672635e-02 
 1.915442e+00 -1.673596e-02 
 1.915846e+00 -1.674638e-02 
 1.916250e+00 -1.675756e-02 
 1.916654e+00 -1.676956e-02 
 1.917057e+00 -1.678223e-02 
 1.917461e+00 -1.679540e-02 
 1.917865e+00 -1.680896e-02 
 1.918269e+00 -1.682278e-02 
 1.918673e+00 -1.683660e-02 
 1.919077e+00 -1.685029e-02 
 1.919480e+00 -1.686375e-02 
 1.919884e+00 -1.687675e-02 
 1.920288e+00 -1.688909e-02 
 1.920692e+00 -1.690072e-02 
 1.921096e+00 -1.691149e-02 
 1.921500e+00 -1.692124e-02 
 1.921904e+00 -1.693002e-02 
 1.922307e+00 -1.693789e-02 
 1.922711e+00 -1.694492e-02 
 1.923115e+00 -1.695110e-02 
 1.923519e+00 -1.695650e-02 
 1.923923e+00 -1.696115e-02 
 1.924327e+00 -1.696497e-02 
 1.924730e+00 -1.696789e-02 
 1.925134e+00 -1.696976e-02 
 1.925538e+00 -1.697049e-02 
 1.925942e+00 -1.697015e-02 
 1.926346e+00 -1.696876e-02 
 1.926750e+00 -1.696664e-02 
 1.927154e+00 -1.696409e-02 
 1.927557e+00 -1.696130e-02 
 1.927961e+00 -1.695859e-02 
 1.928365e+00 -1.695611e-02 
 1.928769e+00 -1.695404e-02 
 1.929173e+00 -1.695257e-02 
 1.929577e+00 -1.695173e-02 
 1.929980e+00 -1.695152e-02 
 1.930384e+00 -1.695191e-02 
 1.930788e+00 -1.695301e-02 
 1.931192e+00 -1.695489e-02 
 1.931596e+00 -1.695751e-02 
 1.932000e+00 -1.696084e-02 
 1.932404e+00 -1.696481e-02 
 1.932807e+00 -1.696930e-02 
 1.933211e+00 -1.697416e-02 
 1.933615e+00 -1.697915e-02 
 1.934019e+00 -1.698403e-02 
 1.934423e+00 -1.698866e-02 
 1.934827e+00 -1.699291e-02 
 1.935230e+00 -1.699672e-02 
 1.935634e+00 -1.700000e-02 
 1.936038e+00 -1.700281e-02 
 1.936442e+00 -1.700499e-02 
 1.936846e+00 -1.700637e-02 
 1.937250e+00 -1.700682e-02 
 1.937654e+00 -1.700623e-02 
 1.938057e+00 -1.700435e-02 
 1.938461e+00 -1.700098e-02 
 1.938865e+00 -1.699608e-02 
 1.939269e+00 -1.698968e-02 
 1.939673e+00 -1.698172e-02 
 1.940077e+00 -1.697226e-02 
 1.940480e+00 -1.696139e-02 
 1.940884e+00 -1.694922e-02 
 1.941288e+00 -1.693586e-02 
 1.941692e+00 -1.692149e-02 
 1.942096e+00 -1.690641e-02 
 1.942500e+00 -1.689065e-02 
 1.942904e+00 -1.687436e-02 
 1.943307e+00 -1.685767e-02 
 1.943711e+00 -1.684078e-02 
 1.944115e+00 -1.682385e-02 
 1.944519e+00 -1.680702e-02 
 1.944923e+00 -1.679056e-02 
 1.945327e+00 -1.677459e-02 
 1.945730e+00 -1.675921e-02 
 1.946134e+00 -1.674444e-02 
 1.946538e+00 -1.673027e-02 
 1.946942e+00 -1.671669e-02 
 1.947346e+00 -1.670363e-02 
 1.947750e+00 -1.669099e-02 
 1.948154e+00 -1.667873e-02 
 1.948557e+00 -1.666674e-02 
 1.948961e+00 -1.665486e-02 
 1.949365e+00 -1.664310e-02 
 1.949769e+00 -1.663142e-02 
 1.950173e+00 -1.661974e-02 
 1.950577e+00 -1.660800e-02 
 1.950980e+00 -1.659619e-02 
 1.951384e+00 -1.658436e-02 
 1.951788e+00 -1.657251e-02 
 1.952192e+00 -1.656071e-02 
 1.952596e+00 -1.654886e-02 
 1.953000e+00 -1.653685e-02 
 1.953404e+00 -1.652463e-02 
 1.953807e+00 -1.651223e-02 
 1.954211e+00 -1.649959e-02 
 1.954615e+00 -1.648668e-02 
 1.955019e+00 -1.647369e-02 
 1.955423e+00 -1.646068e-02 
 1.955827e+00 -1.644767e-02 
 1.956230e+00 -1.643464e-02 
 1.956634e+00 -1.642161e-02 
 1.957038e+00 -1.640855e-02 
 1.957442e+00 -1.639537e-02 
 1.957846e+00 -1.638201e-02 
 1.958250e+00 -1.636845e-02 
 1.958654e+00 -1.635478e-02 
 1.959057e+00 -1.634103e-02 
 1.959461e+00 -1.632728e-02 
 1.959865e+00 -1.631373e-02 
 1.960269e+00 -1.630052e-02 
 1.960673e+00 -1.628770e-02 
 1.961077e+00 -1.627544e-02 
 1.961480e+00 -1.626377e-02 
 1.961884e+00 -1.625268e-02 
 1.962288e+00 -1.624207e-02 
 1.962692e+00 -1.623190e-02 
 1.963096e+00 -1.622207e-02 
 1.963500e+00 -1.621250e-02 
 1.963904e+00 -1.620312e-02 
 1.964307e+00 -1.619387e-02 
 1.964711e+00 -1.618479e-02 
 1.965115e+00 -1.617582e-02 
 1.965519e+00 -1.616696e-02 
 1.965923e+00 -1.615824e-02 
 1.966327e+00 -1.614952e-02 
 1.966730e+00 -1.614074e-02 
 1.967134e+00 -1.613190e-02 
 1.967538e+00 -1.612322e-02 
 1.967942e+00 -1.611478e-02 
 1.968346e+00 -1.610671e-02 
 1.968750e+00 -1.609917e-02 
 1.969154e+00 -1.609231e-02 
 1.969557e+00 -1.608616e-02 
 1.969961e+00 -1.608081e-02 
 1.970365e+00 -1.607633e-02 
 1.970769e+00 -1.607273e-02 
 1.971173e+00 -1.606999e-02 
 1.971577e+00 -1.606814e-02 
 1.971980e+00 -1.606723e-02 
 1.972384e+00 -1.606732e-02 
 1.972788e+00 -1.606834e-02 
 1.973192e+00 -1.607017e-02 
 1.973596e+00 -1.607283e-02 
 1.974000e+00 -1.607630e-02 
 1.974404e+00 -1.608054e-02 
 1.974807e+00 -1.608562e-02 
 1.975211e+00 -1.609143e-02 
 1.975615e+00 -1.609795e-02 
 1.976019e+00 -1.610533e-02 
 1.976423e+00 -1.611363e-02 
 1.976827e+00 -1.612273e-02 
 1.977230e+00 -1.613250e-02 
 1.977634e+00 -1.614273e-02 
 1.978038e+00 -1.615310e-02 
 1.978442e+00 -1.616329e-02 
 1.978846e+00 -1.617305e-02 
 1.979250e+00 -1.618222e-02 
 1.979654e+00 -1.619073e-02 
 1.980057e+00 -1.619856e-02 
 1.980461e+00 -1.620577e-02 
 1.980865e+00 -1.621239e-02 
 1.981269e+00 -1.621838e-02 
 1.981673e+00 -1.622371e-02 
 1.982077e+00 -1.622829e-02 
 1.982480e+00 -1.623221e-02 
 1.982884e+00 -1.623560e-02 
 1.983288e+00 -1.623844e-02 
 1.983692e+00 -1.624082e-02 
 1.984096e+00 -1.624288e-02 
 1.984500e+00 -1.624467e-02 
 1.984904e+00 -1.624623e-02 
 1.985307e+00 -1.624762e-02 
 1.985711e+00 -1.624898e-02 
 1.986115e+00 -1.625033e-02 
 1.986519e+00 -1.625182e-02 
 1.986923e+00 -1.625368e-02 
 1.987327e+00 -1.625597e-02 
 1.987730e+00 -1.625869e-02 
 1.988134e+00 -1.626191e-02 
 1.988538e+00 -1.626575e-02 
 1.988942e+00 -1.627022e-02 
 1.989346e+00 -1.627526e-02 
 1.989750e+00 -1.628094e-02 
 1.990154e+00 -1.628717e-02 
 1.990557e+00 -1.629384e-02 
 1.990961e+00 -1.630084e-02 
 1.991365e+00 -1.630797e-02 
 1.991769e+00 -1.631522e-02 
 1.992173e+00 -1.632253e-02 
 1.992577e+00 -1.632984e-02 
 1.992980e+00 -1.633723e-02 
 1.993384e+00 -1.634462e-02 
 1.993788e+00 -1.635203e-02 
 1.994192e+00 -1.635950e-02 
 1.994596e+00 -1.636705e-02 
 1.995000e+00 -1.637470e-02 
 1.995404e+00 -1.638234e-02 
 1.995807e+00 -1.638993e-02 
 1.996211e+00 -1.639746e-02 
 1.996615e+00 -1.640487e-02 
 1.997019e+00 -1.641212e-02 
 1.997423e+00 -1.641909e-02 
 1.997827e+00 -1.642574e-02 
 1.998230e+00 -1.643190e-02 
 1.998634e+00 -1.643760e-02 
 1.999038e+00 -1.644283e-02 
 1.999442e+00 -1.644757e-02 
 1.999846e+00 -1.645186e-02 
 2.000250e+00 -1.645581e-02 
 2.000654e+00 -1.645953e-02 
 2.001057e+00 -1.646311e-02 
 2.001461e+00 -1.646670e-02 
 2.001865e+00 -1.647040e-02 
 2.002269e+00 -1.647430e-02 
 2.002673e+00 -1.647842e-02 
 2.003077e+00 -1.648287e-02 
 2.003480e+00 -1.648770e-02 
 2.003884e+00 -1.649293e-02 
 2.004288e+00 -1.649848e-02 
 2.004692e+00 -1.650431e-02 
 2.005096e+00 -1.651034e-02 
 2.005500e+00 -1.651631e-02 
 2.005904e+00 -1.652213e-02 
 2.006307e+00 -1.652755e-02 
 2.006711e+00 -1.653250e-02 
 2.007115e+00 -1.653697e-02 
 2.007519e+00 -1.654094e-02 
 2.007923e+00 -1.654443e-02 
 2.008327e+00 -1.654748e-02 
 2.008730e+00 -1.655012e-02 
 2.009134e+00 -1.655244e-02 
 2.009538e+00 -1.655451e-02 
 2.009942e+00 -1.655646e-02 
 2.010346e+00 -1.655836e-02 
 2.010750e+00 -1.656036e-02 
 2.011154e+00 -1.656258e-02 
 2.011557e+00 -1.656499e-02 
 2.011961e+00 -1.656754e-02 
 2.012365e+00 -1.657027e-02 
 2.012769e+00 -1.657315e-02 
 2.013173e+00 -1.657618e-02 
 2.013577e+00 -1.657931e-02 
 2.013980e+00 -1.658256e-02 
 2.014384e+00 -1.658602e-02 
 2.014788e+00 -1.658979e-02 
 2.015192e+00 -1.659401e-02 
 2.015596e+00 -1.659891e-02 
 2.016000e+00 -1.660457e-02 
 2.016404e+00 -1.661116e-02 
 2.016807e+00 -1.661887e-02 
 2.017211e+00 -1.662777e-02 
 2.017615e+00 -1.663793e-02 
 2.018019e+00 -1.664917e-02 
 2.018423e+00 -1.666136e-02 
 2.018827e+00 -1.667431e-02 
 2.019230e+00 -1.668784e-02 
 2.019634e+00 -1.670186e-02 
 2.020038e+00 -1.671627e-02 
 2.020442e+00 -1.673100e-02 
 2.020846e+00 -1.674599e-02 
 2.021250e+00 -1.676137e-02 
 2.021654e+00 -1.677713e-02 
 2.022057e+00 -1.679311e-02 
 2.022461e+00 -1.680920e-02 
 2.022865e+00 -1.682518e-02 
 2.023269e+00 -1.684095e-02 
 2.023673e+00 -1.685633e-02 
 2.024077e+00 -1.687133e-02 
 2.024480e+00 -1.688590e-02 
 2.024884e+00 -1.689994e-02 
 2.025288e+00 -1.691343e-02 
 2.025692e+00 -1.692631e-02 
 2.026096e+00 -1.693865e-02 
 2.026500e+00 -1.695041e-02 
 2.026904e+00 -1.696147e-02 
 2.027307e+00 -1.697183e-02 
 2.027711e+00 -1.698153e-02 
 2.028115e+00 -1.699056e-02 
 2.028519e+00 -1.699895e-02 
 2.028923e+00 -1.700677e-02 
 2.029327e+00 -1.701409e-02 
 2.029730e+00 -1.702103e-02 
 2.030134e+00 -1.702767e-02 
 2.030538e+00 -1.703421e-02 
 2.030942e+00 -1.704074e-02 
 2.031346e+00 -1.704725e-02 
 2.031750e+00 -1.705374e-02 
 2.032154e+00 -1.706018e-02 
 2.032557e+00 -1.706652e-02 
 2.032961e+00 -1.707273e-02 
 2.033365e+00 -1.707884e-02 
 2.033769e+00 -1.708479e-02 
 2.034173e+00 -1.709056e-02 
 2.034577e+00 -1.709620e-02 
 2.034980e+00 -1.710191e-02 
 2.035384e+00 -1.710785e-02 
 2.035788e+00 -1.711411e-02 
 2.036192e+00 -1.712073e-02 
 2.036596e+00 -1.712772e-02 
 2.037000e+00 -1.713499e-02 
 2.037404e+00 -1.714244e-02 
 2.037807e+00 -1.714991e-02 
 2.038211e+00 -1.715721e-02 
 2.038615e+00 -1.716408e-02 
 2.039019e+00 -1.717030e-02 
 2.039423e+00 -1.717574e-02 
 2.039827e+00 -1.718039e-02 
 2.040230e+00 -1.718425e-02 
 2.040634e+00 -1.718729e-02 
 2.041038e+00 -1.718950e-02 
 2.041442e+00 -1.719088e-02 
 2.041846e+00 -1.719140e-02 
 2.042250e+00 -1.719109e-02 
 2.042654e+00 -1.718989e-02 
 2.043057e+00 -1.718776e-02 
 2.043461e+00 -1.718465e-02 
 2.043865e+00 -1.718048e-02 
 2.044269e+00 -1.717521e-02 
 2.044673e+00 -1.716880e-02 
 2.045077e+00 -1.716120e-02 
 2.045480e+00 -1.715247e-02 
 2.045884e+00 -1.714265e-02 
 2.046288e+00 -1.713166e-02 
 2.046692e+00 -1.711946e-02 
 2.047096e+00 -1.710599e-02 
 2.047500e+00 -1.709129e-02 
 2.047904e+00 -1.707543e-02 
 2.048307e+00 -1.705861e-02 
 2.048711e+00 -1.704098e-02 
 2.049115e+00 -1.702260e-02 
 2.049519e+00 -1.700357e-02 
 2.049923e+00 -1.698402e-02 
 2.050327e+00 -1.696409e-02 
 2.050730e+00 -1.694387e-02 
 2.051134e+00 -1.692356e-02 
 2.051538e+00 -1.690344e-02 
 2.051942e+00 -1.688367e-02 
 2.052346e+00 -1.686442e-02 
 2.052750e+00 -1.684589e-02 
 2.053154e+00 -1.682815e-02 
 2.053557e+00 -1.681115e-02 
 2.053961e+00 -1.679489e-02 
 2.054365e+00 -1.677928e-02 
 2.054769e+00 -1.676425e-02 
 2.055173e+00 -1.674985e-02 
 2.055577e+00 -1.673612e-02 
 2.055980e+00 -1.672316e-02 
 2.056384e+00 -1.671101e-02 
 2.056788e+00 -1.669964e-02 
 2.057192e+00 -1.668904e-02 
 2.057596e+00 -1.667926e-02 
 2.058000e+00 -1.667034e-02 
 2.058404e+00 -1.666222e-02 
 2.058807e+00 -1.665488e-02 
 2.059211e+00 -1.664814e-02 
 2.059615e+00 -1.664178e-02 
 2.060019e+00 -1.663563e-02 
 2.060423e+00 -1.662960e-02 
 2.060827e+00 -1.662353e-02 
 2.061230e+00 -1.661729e-02 
 2.061634e+00 -1.661076e-02 
 2.062038e+00 -1.660387e-02 
 2.062442e+00 -1.659662e-02 
 2.062846e+00 -1.658902e-02 
 2.063250e+00 -1.658101e-02 
 2.063654e+00 -1.657249e-02 
 2.064057e+00 -1.656336e-02 
 2.064461e+00 -1.655356e-02 
 2.064865e+00 -1.654307e-02 
 2.065269e+00 -1.653194e-02 
 2.065673e+00 -1.652016e-02 
 2.066077e+00 -1.650778e-02 
 2.066480e+00 -1.649491e-02 
 2.066884e+00 -1.648166e-02 
 2.067288e+00 -1.646814e-02 
 2.067692e+00 -1.645443e-02 
 2.068096e+00 -1.644064e-02 
 2.068500e+00 -1.642675e-02 
 2.068904e+00 -1.641279e-02 
 2.069307e+00 -1.639879e-02 
 2.069711e+00 -1.638482e-02 
 2.070115e+00 -1.637090e-02 
 2.070519e+00 -1.635712e-02 
 2.070923e+00 -1.634357e-02 
 2.071327e+00 -1.633031e-02 
 2.071730e+00 -1.631735e-02 
 2.072134e+00 -1.630483e-02 
 2.072538e+00 -1.629280e-02 
 2.072942e+00 -1.628134e-02 
 2.073346e+00 -1.627045e-02 
 2.073750e+00 -1.626011e-02 
 2.074154e+00 -1.625034e-02 
 2.074557e+00 -1.624104e-02 
 2.074961e+00 -1.623212e-02 
 2.075365e+00 -1.622366e-02 
 2.075769e+00 -1.621577e-02 
 2.076173e+00 -1.620848e-02 
 2.076577e+00 -1.620186e-02 
 2.076980e+00 -1.619594e-02 
 2.077384e+00 -1.619070e-02 
 2.077788e+00 -1.618604e-02 
 2.078192e+00 -1.618191e-02 
 2.078596e+00 -1.617827e-02 
 2.079000e+00 -1.617498e-02 
 2.079404e+00 -1.617195e-02 
 2.079807e+00 -1.616916e-02 
 2.080211e+00 -1.616670e-02 
 2.080615e+00 -1.616463e-02 
 2.081019e+00 -1.616303e-02 
 2.081423e+00 -1.616205e-02 
 2.081827e+00 -1.616175e-02 
 2.082230e+00 -1.616221e-02 
 2.082634e+00 -1.616351e-02 
 2.083038e+00 -1.616573e-02 
 2.083442e+00 -1.616879e-02 
 2.083846e+00 -1.617263e-02 
 2.084250e+00 -1.617716e-02 
 2.084654e+00 -1.618223e-02 
 2.085057e+00 -1.618782e-02 
 2.085461e+00 -1.619383e-02 
 2.085865e+00 -1.620009e-02 
 2.086269e+00 -1.620652e-02 
 2.086673e+00 -1.621301e-02 
 2.087077e+00 -1.621941e-02 
 2.087480e+00 -1.622562e-02 
 2.087884e+00 -1.623145e-02 
 2.088288e+00 -1.623671e-02 
 2.088692e+00 -1.624131e-02 
 2.089096e+00 -1.624525e-02 
 2.089500e+00 -1.624844e-02 
 2.089904e+00 -1.625096e-02 
 2.090307e+00 -1.625278e-02 
 2.090711e+00 -1.625393e-02 
 2.091115e+00 -1.625442e-02 
 2.091519e+00 -1.625421e-02 
 2.091923e+00 -1.625327e-02 
 2.092327e+00 -1.625163e-02 
 2.092730e+00 -1.624919e-02 
 2.093134e+00 -1.624603e-02 
 2.093538e+00 -1.624226e-02 
 2.093942e+00 -1.623787e-02 
 2.094346e+00 -1.623300e-02 
 2.094750e+00 -1.622770e-02 
 2.095153e+00 -1.622215e-02 
 2.095557e+00 -1.621645e-02 
 2.095961e+00 -1.621074e-02 
 2.096365e+00 -1.620522e-02 
 2.096769e+00 -1.620006e-02 
 2.097173e+00 -1.619525e-02 
 2.097577e+00 -1.619088e-02 
 2.097980e+00 -1.618695e-02 
 2.098384e+00 -1.618351e-02 
 2.098788e+00 -1.618056e-02 
 2.099192e+00 -1.617827e-02 
 2.099596e+00 -1.617669e-02 
 2.100000e+00 -1.617595e-02 
 2.100403e+00 -1.617611e-02 
 2.100807e+00 -1.617726e-02 
 2.101211e+00 -1.617950e-02 
 2.101615e+00 -1.618284e-02 
 2.102019e+00 -1.618722e-02 
 2.102423e+00 -1.619269e-02 
 2.102827e+00 -1.619910e-02 
 2.103230e+00 -1.620630e-02 
 2.103634e+00 -1.621412e-02 
 2.104038e+00 -1.622243e-02 
 2.104442e+00 -1.623111e-02 
 2.104846e+00 -1.623999e-02 
 2.105250e+00 -1.624902e-02 
 2.105653e+00 -1.625817e-02 
 2.106057e+00 -1.626735e-02 
 2.106461e+00 -1.627648e-02 
 2.106865e+00 -1.628559e-02 
 2.107269e+00 -1.629457e-02 
 2.107673e+00 -1.630343e-02 
 2.108077e+00 -1.631217e-02 
 2.108480e+00 -1.632071e-02 
 2.108884e+00 -1.632902e-02 
 2.109288e+00 -1.633703e-02 
 2.109692e+00 -1.634480e-02 
 2.110096e+00 -1.635234e-02 
 2.110500e+00 -1.635969e-02 
 2.110903e+00 -1.636687e-02 
 2.111307e+00 -1.637394e-02 
 2.111711e+00 -1.638084e-02 
 2.112115e+00 -1.638753e-02 
 2.112519e+00 -1.639393e-02 
 2.112923e+00 -1.640006e-02 
 2.113327e+00 -1.640582e-02 
 2.113730e+00 -1.641120e-02 
 2.114134e+00 -1.641629e-02 
 2.114538e+00 -1.642124e-02 
 2.114942e+00 -1.642611e-02 
 2.115346e+00 -1.643099e-02 
 2.115750e+00 -1.643598e-02 
 2.116153e+00 -1.644105e-02 
 2.116557e+00 -1.644622e-02 
 2.116961e+00 -1.645153e-02 
 2.117365e+00 -1.645704e-02 
 2.117769e+00 -1.646271e-02 
 2.118173e+00 -1.646849e-02 
 2.118577e+00 -1.647429e-02 
 2.118980e+00 -1.648004e-02 
 2.119384e+00 -1.648563e-02 
 2.119788e+00 -1.649097e-02 
 2.120192e+00 -1.649604e-02 
 2.120596e+00 -1.650086e-02 
 2.121000e+00 -1.650552e-02 
 2.121403e+00 -1.651012e-02 
 2.121807e+00 -1.651485e-02 
 2.122211e+00 -1.651998e-02 
 2.122615e+00 -1.652569e-02 
 2.123019e+00 -1.653224e-02 
 2.123423e+00 -1.653996e-02 
 2.123827e+00 -1.654900e-02 
 2.124230e+00 -1.655937e-02 
 2.124634e+00 -1.657102e-02 
 2.125038e+00 -1.658380e-02 
 2.125442e+00 -1.659767e-02 
 2.125846e+00 -1.661249e-02 
 2.126250e+00 -1.662830e-02 
 2.126653e+00 -1.664508e-02 
 2.127057e+00 -1.666276e-02 
 2.127461e+00 -1.668129e-02 
 2.127865e+00 -1.670059e-02 
 2.128269e+00 -1.672060e-02 
 2.128673e+00 -1.674109e-02 
 2.129077e+00 -1.676181e-02 
 2.129480e+00 -1.678264e-02 
 2.129884e+00 -1.680331e-02 
 2.130288e+00 -1.682373e-02 
 2.130692e+00 -1.684378e-02 
 2.131096e+00 -1.686342e-02 
 2.131500e+00 -1.688245e-02 
 2.131903e+00 -1.690076e-02 
 2.132307e+00 -1.691825e-02 
 2.132711e+00 -1.693478e-02 
 2.133115e+00 -1.695022e-02 
 2.133519e+00 -1.696454e-02 
 2.133923e+00 -1.697768e-02 
 2.134327e+00 -1.698954e-02 
 2.134730e+00 -1.700017e-02 
 2.135134e+00 -1.700967e-02 
 2.135538e+00 -1.701807e-02 
 2.135942e+00 -1.702542e-02 
 2.136346e+00 -1.703172e-02 
 2.136750e+00 -1.703703e-02 
 2.137153e+00 -1.704140e-02 
 2.137557e+00 -1.704490e-02 
 2.137961e+00 -1.704771e-02 
 2.138365e+00 -1.704999e-02 
 2.138769e+00 -1.705195e-02 
 2.139173e+00 -1.705365e-02 
 2.139577e+00 -1.705524e-02 
 2.139980e+00 -1.705682e-02 
 2.140384e+00 -1.705850e-02 
 2.140788e+00 -1.706029e-02 
 2.141192e+00 -1.706227e-02 
 2.141596e+00 -1.706455e-02 
 2.142000e+00 -1.706708e-02 
 2.142403e+00 -1.706997e-02 
 2.142807e+00 -1.707331e-02 
 2.143211e+00 -1.707719e-02 
 2.143615e+00 -1.708153e-02 
 2.144019e+00 -1.708629e-02 
 2.144423e+00 -1.709131e-02 
 2.144827e+00 -1.709642e-02 
 2.145230e+00 -1.710137e-02 
 2.145634e+00 -1.710598e-02 
 2.146038e+00 -1.711010e-02 
 2.146442e+00 -1.711362e-02 
 2.146846e+00 -1.711639e-02 
 2.147250e+00 -1.711833e-02 
 2.147653e+00 -1.711939e-02 
 2.148057e+00 -1.711946e-02 
 2.148461e+00 -1.711844e-02 
 2.148865e+00 -1.711626e-02 
 2.149269e+00 -1.711278e-02 
 2.149673e+00 -1.710783e-02 
 2.150077e+00 -1.710130e-02 
 2.150480e+00 -1.709321e-02 
 2.150884e+00 -1.708357e-02 
 2.151288e+00 -1.707255e-02 
 2.151692e+00 -1.706023e-02 
 2.152096e+00 -1.704669e-02 
 2.152500e+00 -1.703202e-02 
 2.152903e+00 -1.701636e-02 
 2.153307e+00 -1.699988e-02 
 2.153711e+00 -1.698274e-02 
 2.154115e+00 -1.696512e-02 
 2.154519e+00 -1.694724e-02 
 2.154923e+00 -1.692931e-02 
 2.155327e+00 -1.691157e-02 
 2.155730e+00 -1.689429e-02 
 2.156134e+00 -1.687762e-02 
 2.156538e+00 -1.686165e-02 
 2.156942e+00 -1.684632e-02 
 2.157346e+00 -1.683154e-02 
 2.157750e+00 -1.681736e-02 
 2.158153e+00 -1.680395e-02 
 2.158557e+00 -1.679136e-02 
 2.158961e+00 -1.677957e-02 
 2.159365e+00 -1.676864e-02 
 2.159769e+00 -1.675848e-02 
 2.160173e+00 -1.674895e-02 
 2.160577e+00 -1.673998e-02 
 2.160980e+00 -1.673152e-02 
 2.161384e+00 -1.672332e-02 
 2.161788e+00 -1.671514e-02 
 2.162192e+00 -1.670683e-02 
 2.162596e+00 -1.669832e-02 
 2.163000e+00 -1.668958e-02 
 2.163403e+00 -1.668057e-02 
 2.163807e+00 -1.667130e-02 
 2.164211e+00 -1.666179e-02 
 2.164615e+00 -1.665197e-02 
 2.165019e+00 -1.664178e-02 
 2.165423e+00 -1.663127e-02 
 2.165827e+00 -1.662045e-02 
 2.166230e+00 -1.660932e-02 
 2.166634e+00 -1.659800e-02 
 2.167038e+00 -1.658660e-02 
 2.167442e+00 -1.657528e-02 
 2.167846e+00 -1.656408e-02 
 2.168250e+00 -1.655309e-02 
 2.168653e+00 -1.654231e-02 
 2.169057e+00 -1.653172e-02 
 2.169461e+00 -1.652123e-02 
 2.169865e+00 -1.651077e-02 
 2.170269e+00 -1.650042e-02 
 2.170673e+00 -1.649018e-02 
 2.171077e+00 -1.648017e-02 
 2.171480e+00 -1.647055e-02 
 2.171884e+00 -1.646143e-02 
 2.172288e+00 -1.645293e-02 
 2.172692e+00 -1.644502e-02 
 2.173096e+00 -1.643772e-02 
 2.173500e+00 -1.643101e-02 
 2.173903e+00 -1.642477e-02 
 2.174307e+00 -1.641893e-02 
 2.174711e+00 -1.641345e-02 
 2.175115e+00 -1.640831e-02 
 2.175519e+00 -1.640353e-02 
 2.175923e+00 -1.639915e-02 
 2.176327e+00 -1.639507e-02 
 2.176730e+00 -1.639116e-02 
 2.177134e+00 -1.638727e-02 
 2.177538e+00 -1.638317e-02 
 2.177942e+00 -1.637868e-02 
 2.178346e+00 -1.637369e-02 
 2.178750e+00 -1.636825e-02 
 2.179153e+00 -1.636247e-02 
 2.179557e+00 -1.635643e-02 
 2.179961e+00 -1.635025e-02 
 2.180365e+00 -1.634409e-02 
 2.180769e+00 -1.633798e-02 
 2.181173e+00 -1.633182e-02 
 2.181577e+00 -1.632556e-02 
 2.181980e+00 -1.631924e-02 
 2.182384e+00 -1.631288e-02 
 2.182788e+00 -1.630651e-02 
 2.183192e+00 -1.630033e-02 
 2.183596e+00 -1.629443e-02 
 2.184000e+00 -1.628883e-02 
 2.184403e+00 -1.628348e-02 
 2.184807e+00 -1.627831e-02 
 2.185211e+00 -1.627330e-02 
 2.185615e+00 -1.626839e-02 
 2.186019e+00 -1.626362e-02 
 2.186423e+00 -1.625910e-02 
 2.186827e+00 -1.625498e-02 
 2.187230e+00 -1.625134e-02 
 2.187634e+00 -1.624833e-02 
 2.188038e+00 -1.624601e-02 
 2.188442e+00 -1.624435e-02 
 2.188846e+00 -1.624325e-02 
 2.189250e+00 -1.624260e-02 
 2.189653e+00 -1.624229e-02 
 2.190057e+00 -1.624215e-02 
 2.190461e+00 -1.624201e-02 
 2.190865e+00 -1.624174e-02 
 2.191269e+00 -1.624132e-02 
 2.191673e+00 -1.624074e-02 
 2.192077e+00 -1.624002e-02 
 2.192480e+00 -1.623920e-02 
 2.192884e+00 -1.623822e-02 
 2.193288e+00 -1.623693e-02 
 2.193692e+00 -1.623529e-02 
 2.194096e+00 -1.623320e-02 
 2.194500e+00 -1.623073e-02 
 2.194903e+00 -1.622784e-02 
 2.195307e+00 -1.622454e-02 
 2.195711e+00 -1.622090e-02 
 2.196115e+00 -1.621713e-02 
 2.196519e+00 -1.621336e-02 
 2.196923e+00 -1.620970e-02 
 2.197327e+00 -1.620615e-02 
 2.197730e+00 -1.620268e-02 
 2.198134e+00 -1.619930e-02 
 2.198538e+00 -1.619603e-02 
 2.198942e+00 -1.619287e-02 
 2.199346e+00 -1.618985e-02 
 2.199750e+00 -1.618704e-02 
 2.200153e+00 -1.618445e-02 
 2.200557e+00 -1.618209e-02 
 2.200961e+00 -1.617998e-02 
 2.201365e+00 -1.617811e-02 
 2.201769e+00 -1.617643e-02 
 2.202173e+00 -1.617492e-02 
 2.202577e+00 -1.617367e-02 
 2.202980e+00 -1.617271e-02 
 2.203384e+00 -1.617211e-02 
 2.203788e+00 -1.617177e-02 
 2.204192e+00 -1.617158e-02 
 2.204596e+00 -1.617148e-02 
 2.205000e+00 -1.617140e-02 
 2.205403e+00 -1.617122e-02 
 2.205807e+00 -1.617086e-02 
 2.206211e+00 -1.617036e-02 
 2.206615e+00 -1.616979e-02 
 2.207019e+00 -1.616933e-02 
 2.207423e+00 -1.616918e-02 
 2.207827e+00 -1.616956e-02 
 2.208230e+00 -1.617054e-02 
 2.208634e+00 -1.617206e-02 
 2.209038e+00 -1.617401e-02 
 2.209442e+00 -1.617623e-02 
 2.209846e+00 -1.617857e-02 
 2.210250e+00 -1.618096e-02 
 2.210653e+00 -1.618336e-02 
 2.211057e+00 -1.618584e-02 
 2.211461e+00 -1.618848e-02 
 2.211865e+00 -1.619150e-02 
 2.212269e+00 -1.619505e-02 
 2.212673e+00 -1.619927e-02 
 2.213077e+00 -1.620409e-02 
 2.213480e+00 -1.620958e-02 
 2.213884e+00 -1.621569e-02 
 2.214288e+00 -1.622234e-02 
 2.214692e+00 -1.622953e-02 
 2.215096e+00 -1.623726e-02 
 2.215500e+00 -1.624552e-02 
 2.215903e+00 -1.625428e-02 
 2.216307e+00 -1.626349e-02 
 2.216711e+00 -1.627316e-02 
 2.217115e+00 -1.628320e-02 
 2.217519e+00 -1.629341e-02 
 2.217923e+00 -1.630353e-02 
 2.218327e+00 -1.631343e-02 
 2.218730e+00 -1.632295e-02 
 2.219134e+00 -1.633211e-02 
 2.219538e+00 -1.634095e-02 
 2.219942e+00 -1.634953e-02 
 2.220346e+00 -1.635794e-02 
 2.220750e+00 -1.636631e-02 
 2.221153e+00 -1.637473e-02 
 2.221557e+00 -1.638314e-02 
 2.221961e+00 -1.639152e-02 
 2.222365e+00 -1.639981e-02 
 2.222769e+00 -1.640798e-02 
 2.223173e+00 -1.641609e-02 
 2.223577e+00 -1.642426e-02 
 2.223980e+00 -1.643284e-02 
 2.224384e+00 -1.644191e-02 
 2.224788e+00 -1.645147e-02 
 2.225192e+00 -1.646153e-02 
 2.225596e+00 -1.647203e-02 
 2.226000e+00 -1.648286e-02 
 2.226403e+00 -1.649392e-02 
 2.226807e+00 -1.650522e-02 
 2.227211e+00 -1.651682e-02 
 2.227615e+00 -1.652881e-02 
 2.228019e+00 -1.654129e-02 
 2.228423e+00 -1.655443e-02 
 2.228827e+00 -1.656829e-02 
 2.229230e+00 -1.658285e-02 
 2.229634e+00 -1.659798e-02 
 2.230038e+00 -1.661360e-02 
 2.230442e+00 -1.662964e-02 
 2.230846e+00 -1.664594e-02 
 2.231250e+00 -1.666246e-02 
 2.231653e+00 -1.667916e-02 
 2.232057e+00 -1.669600e-02 
 2.232461e+00 -1.671293e-02 
 2.232865e+00 -1.672993e-02 
 2.233269e+00 -1.674687e-02 
 2.233673e+00 -1.676354e-02 
 2.234077e+00 -1.677982e-02 
 2.234480e+00 -1.679555e-02 
 2.234884e+00 -1.681068e-02 
 2.235288e+00 -1.682519e-02 
 2.235692e+00 -1.683912e-02 
 2.236096e+00 -1.685249e-02 
 2.236500e+00 -1.686526e-02 
 2.236903e+00 -1.687738e-02 
 2.237307e+00 -1.688877e-02 
 2.237711e+00 -1.689937e-02 
 2.238115e+00 -1.690916e-02 
 2.238519e+00 -1.691809e-02 
 2.238923e+00 -1.692622e-02 
 2.239327e+00 -1.693371e-02 
 2.239730e+00 -1.694075e-02 
 2.240134e+00 -1.694743e-02 
 2.240538e+00 -1.695392e-02 
 2.240942e+00 -1.696035e-02 
 2.241346e+00 -1.696672e-02 
 2.241750e+00 -1.697300e-02 
 2.242153e+00 -1.697914e-02 
 2.242557e+00 -1.698493e-02 
 2.242961e+00 -1.699040e-02 
 2.243365e+00 -1.699567e-02 
 2.243769e+00 -1.700079e-02 
 2.244173e+00 -1.700596e-02 
 2.244577e+00 -1.701129e-02 
 2.244980e+00 -1.701690e-02 
 2.245384e+00 -1.702285e-02 
 2.245788e+00 -1.702911e-02 
 2.246192e+00 -1.703568e-02 
 2.246596e+00 -1.704244e-02 
 2.247000e+00 -1.704928e-02 
 2.247403e+00 -1.705606e-02 
 2.247807e+00 -1.706276e-02 
 2.248211e+00 -1.706938e-02 
 2.248615e+00 -1.707592e-02 
 2.249019e+00 -1.708226e-02 
 2.249423e+00 -1.708821e-02 
 2.249827e+00 -1.709366e-02 
 2.250230e+00 -1.709831e-02 
 2.250634e+00 -1.710200e-02 
 2.251038e+00 -1.710471e-02 
 2.251442e+00 -1.710643e-02 
 2.251846e+00 -1.710718e-02 
 2.252250e+00 -1.710708e-02 
 2.252653e+00 -1.710625e-02 
 2.253057e+00 -1.710470e-02 
 2.253461e+00 -1.710246e-02 
 2.253865e+00 -1.709953e-02 
 2.254269e+00 -1.709582e-02 
 2.254673e+00 -1.709132e-02 
 2.255077e+00 -1.708596e-02 
 2.255480e+00 -1.707976e-02 
 2.255884e+00 -1.707277e-02 
 2.256288e+00 -1.706506e-02 
 2.256692e+00 -1.705671e-02 
 2.257096e+00 -1.704778e-02 
 2.257500e+00 -1.703827e-02 
 2.257903e+00 -1.702809e-02 
 2.258307e+00 -1.701725e-02 
 2.258711e+00 -1.700582e-02 
 2.259115e+00 -1.699376e-02 
 2.259519e+00 -1.698124e-02 
 2.259923e+00 -1.696838e-02 
 2.260327e+00 -1.695533e-02 
 2.260730e+00 -1.694218e-02 
 2.261134e+00 -1.692907e-02 
 2.261538e+00 -1.691611e-02 
 2.261942e+00 -1.690342e-02 
 2.262346e+00 -1.689109e-02 
 2.262750e+00 -1.687910e-02 
 2.263153e+00 -1.686743e-02 
 2.263557e+00 -1.685613e-02 
 2.263961e+00 -1.684524e-02 
 2.264365e+00 -1.683485e-02 
 2.264769e+00 -1.682502e-02 
 2.265173e+00 -1.681579e-02 
 2.265577e+00 -1.680726e-02 
 2.265980e+00 -1.679952e-02 
 2.266384e+00 -1.679254e-02 
 2.266788e+00 -1.678630e-02 
 2.267192e+00 -1.678074e-02 
 2.267596e+00 -1.677588e-02 
 2.268000e+00 -1.677167e-02 
 2.268403e+00 -1.676805e-02 
 2.268807e+00 -1.676500e-02 
 2.269211e+00 -1.676239e-02 
 2.269615e+00 -1.675999e-02 
 2.270019e+00 -1.675757e-02 
 2.270423e+00 -1.675497e-02 
 2.270827e+00 -1.675203e-02 
 2.271230e+00 -1.674868e-02 
 2.271634e+00 -1.674496e-02 
 2.272038e+00 -1.674096e-02 
 2.272442e+00 -1.673690e-02 
 2.272846e+00 -1.673287e-02 
 2.273250e+00 -1.672888e-02 
 2.273653e+00 -1.672494e-02 
 2.274057e+00 -1.672091e-02 
 2.274461e+00 -1.671653e-02 
 2.274865e+00 -1.671170e-02 
 2.275269e+00 -1.670634e-02 
 2.275673e+00 -1.670038e-02 
 2.276077e+00 -1.669388e-02 
 2.276480e+00 -1.668696e-02 
 2.276884e+00 -1.667974e-02 
 2.277288e+00 -1.667230e-02 
 2.277692e+00 -1.666478e-02 
 2.278096e+00 -1.665715e-02 
 2.278500e+00 -1.664947e-02 
 2.278903e+00 -1.664176e-02 
 2.279307e+00 -1.663407e-02 
 2.279711e+00 -1.662650e-02 
 2.280115e+00 -1.661916e-02 
 2.280519e+00 -1.661214e-02 
 2.280923e+00 -1.660559e-02 
 2.281327e+00 -1.659956e-02 
 2.281730e+00 -1.659408e-02 
 2.282134e+00 -1.658905e-02 
 2.282538e+00 -1.658441e-02 
 2.282942e+00 -1.658006e-02 
 2.283346e+00 -1.657589e-02 
 2.283750e+00 -1.657182e-02 
 2.284153e+00 -1.656783e-02 
 2.284557e+00 -1.656394e-02 
 2.284961e+00 -1.656015e-02 
 2.285365e+00 -1.655650e-02 
 2.285769e+00 -1.655303e-02 
 2.286173e+00 -1.654977e-02 
 2.286577e+00 -1.654678e-02 
 2.286980e+00 -1.654411e-02 
 2.287384e+00 -1.654172e-02 
 2.287788e+00 -1.653957e-02 
 2.288192e+00 -1.653760e-02 
 2.288596e+00 -1.653579e-02 
 2.289000e+00 -1.653404e-02 
 2.289403e+00 -1.653228e-02 
 2.289807e+00 -1.653040e-02 
 2.290211e+00 -1.652827e-02 
 2.290615e+00 -1.652566e-02 
 2.291019e+00 -1.652234e-02 
 2.291423e+00 -1.651835e-02 
 2.291827e+00 -1.651370e-02 
 2.292230e+00 -1.650843e-02 
 2.292634e+00 -1.650272e-02 
 2.293038e+00 -1.649681e-02 
 2.293442e+00 -1.649085e-02 
 2.293846e+00 -1.648498e-02 
 2.294250e+00 -1.647930e-02 
 2.294653e+00 -1.647382e-02 
 2.295057e+00 -1.646850e-02 
 2.295461e+00 -1.646329e-02 
 2.295865e+00 -1.645822e-02 
 2.296269e+00 -1.645322e-02 
 2.296673e+00 -1.644825e-02 
 2.297077e+00 -1.644325e-02 
 2.297480e+00 -1.643815e-02 
 2.297884e+00 -1.643288e-02 
 2.298288e+00 -1.642730e-02 
 2.298692e+00 -1.642128e-02 
 2.299096e+00 -1.641476e-02 
 2.299500e+00 -1.640777e-02 
 2.299903e+00 -1.640032e-02 
 2.300307e+00 -1.639251e-02 
 2.300711e+00 -1.638433e-02 
 2.301115e+00 -1.637577e-02 
 2.301519e+00 -1.636674e-02 
 2.301923e+00 -1.635721e-02 
 2.302327e+00 -1.634715e-02 
 2.302730e+00 -1.633648e-02 
 2.303134e+00 -1.632521e-02 
 2.303538e+00 -1.631342e-02 
 2.303942e+00 -1.630115e-02 
 2.304346e+00 -1.628845e-02 
 2.304750e+00 -1.627545e-02 
 2.305153e+00 -1.626230e-02 
 2.305557e+00 -1.624906e-02 
 2.305961e+00 -1.623585e-02 
 2.306365e+00 -1.622278e-02 
 2.306769e+00 -1.620995e-02 
 2.307173e+00 -1.619744e-02 
 2.307577e+00 -1.618535e-02 
 2.307980e+00 -1.617375e-02 
 2.308384e+00 -1.616272e-02 
 2.308788e+00 -1.615237e-02 
 2.309192e+00 -1.614276e-02 
 2.309596e+00 -1.613399e-02 
 2.310000e+00 -1.612607e-02 
 2.310403e+00 -1.611900e-02 
 2.310807e+00 -1.611276e-02 
 2.311211e+00 -1.610736e-02 
 2.311615e+00 -1.610274e-02 
 2.312019e+00 -1.609892e-02 
 2.312423e+00 -1.609593e-02 
 2.312827e+00 -1.609383e-02 
 2.313230e+00 -1.609265e-02 
 2.313634e+00 -1.609242e-02 
 2.314038e+00 -1.609323e-02 
 2.314442e+00 -1.609499e-02 
 2.314846e+00 -1.609758e-02 
 2.315250e+00 -1.610084e-02 
 2.315653e+00 -1.610461e-02 
 2.316057e+00 -1.610865e-02 
 2.316461e+00 -1.611287e-02 
 2.316865e+00 -1.611713e-02 
 2.317269e+00 -1.612133e-02 
 2.317673e+00 -1.612538e-02 
 2.318077e+00 -1.612922e-02 
 2.318480e+00 -1.613286e-02 
 2.318884e+00 -1.613636e-02 
 2.319288e+00 -1.613970e-02 
 2.319692e+00 -1.614284e-02 
 2.320096e+00 -1.614587e-02 
 2.320500e+00 -1.614882e-02 
 2.320903e+00 -1.615179e-02 
 2.321307e+00 -1.615491e-02 
 2.321711e+00 -1.615827e-02 
 2.322115e+00 -1.616189e-02 
 2.322519e+00 -1.616574e-02 
 2.322923e+00 -1.616980e-02 
 2.323327e+00 -1.617399e-02 
 2.323730e+00 -1.617822e-02 
 2.324134e+00 -1.618253e-02 
 2.324538e+00 -1.618696e-02 
 2.324942e+00 -1.619161e-02 
 2.325346e+00 -1.619659e-02 
 2.325750e+00 -1.620208e-02 
 2.326153e+00 -1.620823e-02 
 2.326557e+00 -1.621513e-02 
 2.326961e+00 -1.622286e-02 
 2.327365e+00 -1.623142e-02 
 2.327769e+00 -1.624083e-02 
 2.328173e+00 -1.625108e-02 
 2.328577e+00 -1.626206e-02 
 2.328980e+00 -1.627371e-02 
 2.329384e+00 -1.628592e-02 
 2.329788e+00 -1.629855e-02 
 2.330192e+00 -1.631152e-02 
 2.330596e+00 -1.632481e-02 
 2.331000e+00 -1.633835e-02 
 2.331403e+00 -1.635214e-02 
 2.331807e+00 -1.636611e-02 
 2.332211e+00 -1.638022e-02 
 2.332615e+00 -1.639444e-02 
 2.333019e+00 -1.640871e-02 
 2.333423e+00 -1.642300e-02 
 2.333827e+00 -1.643726e-02 
 2.334230e+00 -1.645145e-02 
 2.334634e+00 -1.646558e-02 
 2.335038e+00 -1.647973e-02 
 2.335442e+00 -1.649396e-02 
 2.335846e+00 -1.650828e-02 
 2.336250e+00 -1.652279e-02 
 2.336653e+00 -1.653761e-02 
 2.337057e+00 -1.655279e-02 
 2.337461e+00 -1.656836e-02 
 2.337865e+00 -1.658437e-02 
 2.338269e+00 -1.660075e-02 
 2.338673e+00 -1.661738e-02 
 2.339077e+00 -1.663418e-02 
 2.339480e+00 -1.665096e-02 
 2.339884e+00 -1.666763e-02 
 2.340288e+00 -1.668397e-02 
 2.340692e+00 -1.669988e-02 
 2.341096e+00 -1.671536e-02 
 2.341500e+00 -1.673038e-02 
 2.341903e+00 -1.674490e-02 
 2.342307e+00 -1.675884e-02 
 2.342711e+00 -1.677214e-02 
 2.343115e+00 -1.678471e-02 
 2.343519e+00 -1.679648e-02 
 2.343923e+00 -1.680739e-02 
 2.344327e+00 -1.681742e-02 
 2.344730e+00 -1.682653e-02 
 2.345134e+00 -1.683470e-02 
 2.345538e+00 -1.684205e-02 
 2.345942e+00 -1.684867e-02 
 2.346346e+00 -1.685462e-02 
 2.346750e+00 -1.686002e-02 
 2.347153e+00 -1.686494e-02 
 2.347557e+00 -1.686932e-02 
 2.347961e+00 -1.687320e-02 
 2.348365e+00 -1.687659e-02 
 2.348769e+00 -1.687950e-02 
 2.349173e+00 -1.688196e-02 
 2.349577e+00 -1.688394e-02 
 2.349980e+00 -1.688544e-02 
 2.350384e+00 -1.688651e-02 
 2.350788e+00 -1.688722e-02 
 2.351192e+00 -1.688769e-02 
 2.351596e+00 -1.688808e-02 
 2.352000e+00 -1.688856e-02 
 2.352403e+00 -1.688928e-02 
 2.352807e+00 -1.689042e-02 
 2.353211e+00 -1.689212e-02 
 2.353615e+00 -1.689436e-02 
 2.354019e+00 -1.689710e-02 
 2.354423e+00 -1.690023e-02 
 2.354827e+00 -1.690365e-02 
 2.355230e+00 -1.690719e-02 
 2.355634e+00 -1.691074e-02 
 2.356038e+00 -1.691417e-02 
 2.356442e+00 -1.691732e-02 
 2.356846e+00 -1.692005e-02 
 2.357250e+00 -1.692227e-02 
 2.357653e+00 -1.692396e-02 
 2.358057e+00 -1.692506e-02 
 2.358461e+00 -1.692554e-02 
 2.358865e+00 -1.692538e-02 
 2.359269e+00 -1.692462e-02 
 2.359673e+00 -1.692325e-02 
 2.360077e+00 -1.692122e-02 
 2.360480e+00 -1.691849e-02 
 2.360884e+00 -1.691496e-02 
 2.361288e+00 -1.691058e-02 
 2.361692e+00 -1.690540e-02 
 2.362096e+00 -1.689949e-02 
 2.362500e+00 -1.689293e-02 
 2.362903e+00 -1.688574e-02 
 2.363307e+00 -1.687797e-02 
 2.363711e+00 -1.686969e-02 
 2.364115e+00 -1.686099e-02 
 2.364519e+00 -1.685193e-02 
 2.364923e+00 -1.684264e-02 
 2.365327e+00 -1.683330e-02 
 2.365730e+00 -1.682410e-02 
 2.366134e+00 -1.681527e-02 
 2.366538e+00 -1.680705e-02 
 2.366942e+00 -1.679965e-02 
 2.367346e+00 -1.679321e-02 
 2.367750e+00 -1.678783e-02 
 2.368153e+00 -1.678353e-02 
 2.368557e+00 -1.678029e-02 
 2.368961e+00 -1.677805e-02 
 2.369365e+00 -1.677674e-02 
 2.369769e+00 -1.677628e-02 
 2.370173e+00 -1.677656e-02 
 2.370577e+00 -1.677743e-02 
 2.370980e+00 -1.677881e-02 
 2.371384e+00 -1.678056e-02 
 2.371788e+00 -1.678258e-02 
 2.372192e+00 -1.678474e-02 
 2.372596e+00 -1.678686e-02 
 2.373000e+00 -1.678892e-02 
 2.373403e+00 -1.679081e-02 
 2.373807e+00 -1.679249e-02 
 2.374211e+00 -1.679394e-02 
 2.374615e+00 -1.679511e-02 
 2.375019e+00 -1.679596e-02 
 2.375423e+00 -1.679641e-02 
 2.375827e+00 -1.679637e-02 
 2.376230e+00 -1.679569e-02 
 2.376634e+00 -1.679427e-02 
 2.377038e+00 -1.679209e-02 
 2.377442e+00 -1.678907e-02 
 2.377846e+00 -1.678526e-02 
 2.378250e+00 -1.678078e-02 
 2.378653e+00 -1.677581e-02 
 2.379057e+00 -1.677052e-02 
 2.379461e+00 -1.676504e-02 
 2.379865e+00 -1.675959e-02 
 2.380269e+00 -1.675434e-02 
 2.380673e+00 -1.674932e-02 
 2.381077e+00 -1.674453e-02 
 2.381480e+00 -1.673998e-02 
 2.381884e+00 -1.673570e-02 
 2.382288e+00 -1.673165e-02 
 2.382692e+00 -1.672784e-02 
 2.383096e+00 -1.672426e-02 
 2.383500e+00 -1.672090e-02 
 2.383903e+00 -1.671779e-02 
 2.384307e+00 -1.671501e-02 
 2.384711e+00 -1.671266e-02 
 2.385115e+00 -1.671078e-02 
 2.385519e+00 -1.670935e-02 
 2.385923e+00 -1.670840e-02 
 2.386327e+00 -1.670788e-02 
 2.386730e+00 -1.670772e-02 
 2.387134e+00 -1.670786e-02 
 2.387538e+00 -1.670814e-02 
 2.387942e+00 -1.670841e-02 
 2.388346e+00 -1.670850e-02 
 2.388750e+00 -1.670821e-02 
 2.389153e+00 -1.670740e-02 
 2.389557e+00 -1.670597e-02 
 2.389961e+00 -1.670383e-02 
 2.390365e+00 -1.670092e-02 
 2.390769e+00 -1.669725e-02 
 2.391173e+00 -1.669274e-02 
 2.391577e+00 -1.668742e-02 
 2.391980e+00 -1.668138e-02 
 2.392384e+00 -1.667469e-02 
 2.392788e+00 -1.666744e-02 
 2.393192e+00 -1.665979e-02 
 2.393596e+00 -1.665190e-02 
 2.394000e+00 -1.664392e-02 
 2.394403e+00 -1.663594e-02 
 2.394807e+00 -1.662802e-02 
 2.395211e+00 -1.662016e-02 
 2.395615e+00 -1.661233e-02 
 2.396019e+00 -1.660447e-02 
 2.396423e+00 -1.659654e-02 
 2.396827e+00 -1.658845e-02 
 2.397230e+00 -1.658017e-02 
 2.397634e+00 -1.657168e-02 
 2.398038e+00 -1.656307e-02 
 2.398442e+00 -1.655439e-02 
 2.398846e+00 -1.654572e-02 
 2.399250e+00 -1.653714e-02 
 2.399653e+00 -1.652876e-02 
 2.400057e+00 -1.652063e-02 
 2.400461e+00 -1.651271e-02 
 2.400865e+00 -1.650496e-02 
 2.401269e+00 -1.649730e-02 
 2.401673e+00 -1.648956e-02 
 2.402077e+00 -1.648160e-02 
 2.402480e+00 -1.647339e-02 
 2.402884e+00 -1.646484e-02 
 2.403288e+00 -1.645586e-02 
 2.403692e+00 -1.644629e-02 
 2.404096e+00 -1.643607e-02 
 2.404500e+00 -1.642511e-02 
 2.404903e+00 -1.641334e-02 
 2.405307e+00 -1.640068e-02 
 2.405711e+00 -1.638714e-02 
 2.406115e+00 -1.637275e-02 
 2.406519e+00 -1.635764e-02 
 2.406923e+00 -1.634199e-02 
 2.407327e+00 -1.632597e-02 
 2.407730e+00 -1.630971e-02 
 2.408134e+00 -1.629332e-02 
 2.408538e+00 -1.627695e-02 
 2.408942e+00 -1.626062e-02 
 2.409346e+00 -1.624434e-02 
 2.409750e+00 -1.622810e-02 
 2.410153e+00 -1.621191e-02 
 2.410557e+00 -1.619576e-02 
 2.410961e+00 -1.617982e-02 
 2.411365e+00 -1.616422e-02 
 2.411769e+00 -1.614909e-02 
 2.412173e+00 -1.613457e-02 
 2.412577e+00 -1.612074e-02 
 2.412980e+00 -1.610767e-02 
 2.413384e+00 -1.609534e-02 
 2.413788e+00 -1.608371e-02 
 2.414192e+00 -1.607273e-02 
 2.414596e+00 -1.606237e-02 
 2.415000e+00 -1.605254e-02 
 2.415403e+00 -1.604322e-02 
 2.415807e+00 -1.603448e-02 
 2.416211e+00 -1.602635e-02 
 2.416615e+00 -1.601886e-02 
 2.417019e+00 -1.601207e-02 
 2.417423e+00 -1.600597e-02 
 2.417827e+00 -1.600054e-02 
 2.418230e+00 -1.599581e-02 
 2.418634e+00 -1.599176e-02 
 2.419038e+00 -1.598832e-02 
 2.419442e+00 -1.598542e-02 
 2.419846e+00 -1.598296e-02 
 2.420250e+00 -1.598091e-02 
 2.420653e+00 -1.597924e-02 
 2.421057e+00 -1.597790e-02 
 2.421461e+00 -1.597689e-02 
 2.421865e+00 -1.597622e-02 
 2.422269e+00 -1.597595e-02 
 2.422673e+00 -1.597612e-02 
 2.423077e+00 -1.597676e-02 
 2.423480e+00 -1.597796e-02 
 2.423884e+00 -1.597971e-02 
 2.424288e+00 -1.598199e-02 
 2.424692e+00 -1.598485e-02 
 2.425096e+00 -1.598842e-02 
 2.425500e+00 -1.599270e-02 
 2.425903e+00 -1.599771e-02 
 2.426307e+00 -1.600348e-02 
 2.426711e+00 -1.601008e-02 
 2.427115e+00 -1.601758e-02 
 2.427519e+00 -1.602606e-02 
 2.427923e+00 -1.603548e-02 
 2.428327e+00 -1.604575e-02 
 2.428730e+00 -1.605674e-02 
 2.429134e+00 -1.606822e-02 
 2.429538e+00 -1.607999e-02 
 2.429942e+00 -1.609191e-02 
 2.430346e+00 -1.610387e-02 
 2.430750e+00 -1.611583e-02 
 2.431153e+00 -1.612787e-02 
 2.431557e+00 -1.613999e-02 
 2.431961e+00 -1.615225e-02 
 2.432365e+00 -1.616464e-02 
 2.432769e+00 -1.617723e-02 
 2.433173e+00 -1.619002e-02 
 2.433577e+00 -1.620301e-02 
 2.433980e+00 -1.621621e-02 
 2.434384e+00 -1.622964e-02 
 2.434788e+00 -1.624332e-02 
 2.435192e+00 -1.625722e-02 
 2.435596e+00 -1.627135e-02 
 2.436000e+00 -1.628573e-02 
 2.436403e+00 -1.630028e-02 
 2.436807e+00 -1.631496e-02 
 2.437211e+00 -1.632979e-02 
 2.437615e+00 -1.634476e-02 
 2.438019e+00 -1.635973e-02 
 2.438423e+00 -1.637477e-02 
 2.438827e+00 -1.638993e-02 
 2.439230e+00 -1.640523e-02 
 2.439634e+00 -1.642069e-02 
 2.440038e+00 -1.643636e-02 
 2.440442e+00 -1.645216e-02 
 2.440846e+00 -1.646807e-02 
 2.441250e+00 -1.648406e-02 
 2.441653e+00 -1.650009e-02 
 2.442057e+00 -1.651604e-02 
 2.442461e+00 -1.653177e-02 
 2.442865e+00 -1.654735e-02 
 2.443269e+00 -1.656276e-02 
 2.443673e+00 -1.657804e-02 
 2.444077e+00 -1.659311e-02 
 2.444480e+00 -1.660791e-02 
 2.444884e+00 -1.662233e-02 
 2.445288e+00 -1.663625e-02 
 2.445692e+00 -1.664969e-02 
 2.446096e+00 -1.666269e-02 
 2.446500e+00 -1.667519e-02 
 2.446903e+00 -1.668702e-02 
 2.447307e+00 -1.669810e-02 
 2.447711e+00 -1.670846e-02 
 2.448115e+00 -1.671814e-02 
 2.448519e+00 -1.672709e-02 
 2.448923e+00 -1.673544e-02 
 2.449327e+00 -1.674330e-02 
 2.449730e+00 -1.675076e-02 
 2.450134e+00 -1.675785e-02 
 2.450538e+00 -1.676455e-02 
 2.450942e+00 -1.677096e-02 
 2.451346e+00 -1.677713e-02 
 2.451750e+00 -1.678307e-02 
 2.452153e+00 -1.678884e-02 
 2.452557e+00 -1.679449e-02 
 2.452961e+00 -1.680002e-02 
 2.453365e+00 -1.680549e-02 
 2.453769e+00 -1.681091e-02 
 2.454173e+00 -1.681635e-02 
 2.454577e+00 -1.682175e-02 
 2.454980e+00 -1.682707e-02 
 2.455384e+00 -1.683241e-02 
 2.455788e+00 -1.683775e-02 
 2.456192e+00 -1.684310e-02 
 2.456596e+00 -1.684853e-02 
 2.457000e+00 -1.685390e-02 
 2.457403e+00 -1.685910e-02 
 2.457807e+00 -1.686414e-02 
 2.458211e+00 -1.686892e-02 
 2.458615e+00 -1.687343e-02 
 2.459019e+00 -1.687768e-02 
 2.459423e+00 -1.688166e-02 
 2.459827e+00 -1.688539e-02 
 2.460230e+00 -1.688887e-02 
 2.460634e+00 -1.689204e-02 
 2.461038e+00 -1.689476e-02 
 2.461442e+00 -1.689685e-02 
 2.461846e+00 -1.689818e-02 
 2.462250e+00 -1.689860e-02 
 2.462653e+00 -1.689806e-02 
 2.463057e+00 -1.689655e-02 
 2.463461e+00 -1.689413e-02 
 2.463865e+00 -1.689093e-02 
 2.464269e+00 -1.688703e-02 
 2.464673e+00 -1.688253e-02 
 2.465077e+00 -1.687757e-02 
 2.465480e+00 -1.687231e-02 
 2.465884e+00 -1.686691e-02 
 2.466288e+00 -1.686156e-02 
 2.466692e+00 -1.685640e-02 
 2.467096e+00 -1.685159e-02 
 2.467500e+00 -1.684722e-02 
 2.467903e+00 -1.684327e-02 
 2.468307e+00 -1.683977e-02 
 2.468711e+00 -1.683674e-02 
 2.469115e+00 -1.683410e-02 
 2.469519e+00 -1.683179e-02 
 2.469923e+00 -1.682972e-02 
 2.470327e+00 -1.682794e-02 
 2.470730e+00 -1.682644e-02 
 2.471134e+00 -1.682531e-02 
 2.471538e+00 -1.682470e-02 
 2.471942e+00 -1.682466e-02 
 2.472346e+00 -1.682529e-02 
 2.472750e+00 -1.682658e-02 
 2.473153e+00 -1.682854e-02 
 2.473557e+00 -1.683117e-02 
 2.473961e+00 -1.683436e-02 
 2.474365e+00 -1.683809e-02 
 2.474769e+00 -1.684227e-02 
 2.475173e+00 -1.684678e-02 
 2.475577e+00 -1.685158e-02 
 2.475980e+00 -1.685668e-02 
 2.476384e+00 -1.686209e-02 
 2.476788e+00 -1.686777e-02 
 2.477192e+00 -1.687357e-02 
 2.477596e+00 -1.687944e-02 
 2.478000e+00 -1.688531e-02 
 2.478403e+00 -1.689114e-02 
 2.478807e+00 -1.689687e-02 
 2.479211e+00 -1.690243e-02 
 2.479615e+00 -1.690768e-02 
 2.480019e+00 -1.691258e-02 
 2.480423e+00 -1.691714e-02 
 2.480827e+00 -1.692138e-02 
 2.481230e+00 -1.692529e-02 
 2.481634e+00 -1.692880e-02 
 2.482038e+00 -1.693193e-02 
 2.482442e+00 -1.693468e-02 
 2.482846e+00 -1.693698e-02 
 2.483250e+00 -1.693878e-02 
 2.483653e+00 -1.694004e-02 
 2.484057e+00 -1.694078e-02 
 2.484461e+00 -1.694108e-02 
 2.484865e+00 -1.694094e-02 
 2.485269e+00 -1.694036e-02 
 2.485673e+00 -1.693933e-02 
 2.486077e+00 -1.693782e-02 
 2.486480e+00 -1.693600e-02 
 2.486884e+00 -1.693391e-02 
 2.487288e+00 -1.693155e-02 
 2.487692e+00 -1.692904e-02 
 2.488096e+00 -1.692639e-02 
 2.488500e+00 -1.692355e-02 
 2.488903e+00 -1.692045e-02 
 2.489307e+00 -1.691707e-02 
 2.489711e+00 -1.691338e-02 
 2.490115e+00 -1.690932e-02 
 2.490519e+00 -1.690491e-02 
 2.490923e+00 -1.690028e-02 
 2.491327e+00 -1.689559e-02 
 2.491730e+00 -1.689094e-02 
 2.492134e+00 -1.688639e-02 
 2.492538e+00 -1.688198e-02 
 2.492942e+00 -1.687770e-02 
 2.493346e+00 -1.687349e-02 
 2.493750e+00 -1.686906e-02 
 2.494153e+00 -1.686427e-02 
 2.494557e+00 -1.685893e-02 
 2.494961e+00 -1.685293e-02 
 2.495365e+00 -1.684626e-02 
 2.495769e+00 -1.683900e-02 
 2.496173e+00 -1.683120e-02 
 2.496577e+00 -1.682293e-02 
 2.496980e+00 -1.681427e-02 
 2.497384e+00 -1.680523e-02 
 2.497788e+00 -1.679582e-02 
 2.498192e+00 -1.678606e-02 
 2.498596e+00 -1.677597e-02 
 2.499000e+00 -1.676565e-02 
 2.499403e+00 -1.675509e-02 
 2.499807e+00 -1.674428e-02 
 2.500211e+00 -1.673325e-02 
 2.500615e+00 -1.672199e-02 
 2.501019e+00 -1.671046e-02 
 2.501423e+00 -1.669859e-02 
 2.501827e+00 -1.668630e-02 
 2.502230e+00 -1.667341e-02 
 2.502634e+00 -1.665993e-02 
 2.503038e+00 -1.664586e-02 
 2.503442e+00 -1.663121e-02 
 2.503846e+00 -1.661602e-02 
 2.504250e+00 -1.660032e-02 
 2.504653e+00 -1.658421e-02 
 2.505057e+00 -1.656783e-02 
 2.505461e+00 -1.655128e-02 
 2.505865e+00 -1.653470e-02 
 2.506269e+00 -1.651821e-02 
 2.506673e+00 -1.650190e-02 
 2.507077e+00 -1.648591e-02 
 2.507480e+00 -1.647025e-02 
 2.507884e+00 -1.645502e-02 
 2.508288e+00 -1.644020e-02 
 2.508692e+00 -1.642575e-02 
 2.509096e+00 -1.641169e-02 
 2.509500e+00 -1.639792e-02 
 2.509903e+00 -1.638426e-02 
 2.510307e+00 -1.637068e-02 
 2.510711e+00 -1.635711e-02 
 2.511115e+00 -1.634347e-02 
 2.511519e+00 -1.632975e-02 
 2.511923e+00 -1.631600e-02 
 2.512327e+00 -1.630223e-02 
 2.512730e+00 -1.628839e-02 
 2.513134e+00 -1.627450e-02 
 2.513538e+00 -1.626068e-02 
 2.513942e+00 -1.624696e-02 
 2.514346e+00 -1.623331e-02 
 2.514750e+00 -1.621974e-02 
 2.515153e+00 -1.620630e-02 
 2.515557e+00 -1.619306e-02 
 2.515961e+00 -1.618017e-02 
 2.516365e+00 -1.616769e-02 
 2.516769e+00 -1.615566e-02 
 2.517173e+00 -1.614408e-02 
 2.517577e+00 -1.613289e-02 
 2.517980e+00 -1.612210e-02 
 2.518384e+00 -1.611172e-02 
 2.518788e+00 -1.610172e-02 
 2.519192e+00 -1.609223e-02 
 2.519596e+00 -1.608332e-02 
 2.520000e+00 -1.607508e-02 
 2.520403e+00 -1.606754e-02 
 2.520807e+00 -1.606077e-02 
 2.521211e+00 -1.605477e-02 
 2.521615e+00 -1.604943e-02 
 2.522019e+00 -1.604456e-02 
 2.522423e+00 -1.604013e-02 
 2.522827e+00 -1.603604e-02 
 2.523230e+00 -1.603235e-02 
 2.523634e+00 -1.602919e-02 
 2.524038e+00 -1.602671e-02 
 2.524442e+00 -1.602490e-02 
 2.524846e+00 -1.602386e-02 
 2.525250e+00 -1.602362e-02 
 2.525653e+00 -1.602405e-02 
 2.526057e+00 -1.602501e-02 
 2.526461e+00 -1.602625e-02 
 2.526865e+00 -1.602765e-02 
 2.527269e+00 -1.602910e-02 
 2.527673e+00 -1.603051e-02 
 2.528077e+00 -1.603198e-02 
 2.528480e+00 -1.603362e-02 
 2.528884e+00 -1.603545e-02 
 2.529288e+00 -1.603756e-02 
 2.529692e+00 -1.603995e-02 
 2.530096e+00 -1.604257e-02 
 2.530500e+00 -1.604530e-02 
 2.530903e+00 -1.604819e-02 
 2.531307e+00 -1.605133e-02 
 2.531711e+00 -1.605491e-02 
 2.532115e+00 -1.605914e-02 
 2.532519e+00 -1.606411e-02 
 2.532923e+00 -1.606990e-02 
 2.533327e+00 -1.607664e-02 
 2.533730e+00 -1.608428e-02 
 2.534134e+00 -1.609285e-02 
 2.534538e+00 -1.610237e-02 
 2.534942e+00 -1.611272e-02 
 2.535346e+00 -1.612373e-02 
 2.535750e+00 -1.613530e-02 
 2.536153e+00 -1.614757e-02 
 2.536557e+00 -1.616051e-02 
 2.536961e+00 -1.617403e-02 
 2.537365e+00 -1.618807e-02 
 2.537769e+00 -1.620260e-02 
 2.538173e+00 -1.621763e-02 
 2.538577e+00 -1.623306e-02 
 2.538980e+00 -1.624888e-02 
 2.539384e+00 -1.626508e-02 
 2.539788e+00 -1.628144e-02 
 2.540192e+00 -1.629790e-02 
 2.540596e+00 -1.631438e-02 
 2.541000e+00 -1.633081e-02 
 2.541403e+00 -1.634709e-02 
 2.541807e+00 -1.636308e-02 
 2.542211e+00 -1.637864e-02 
 2.542615e+00 -1.639360e-02 
 2.543019e+00 -1.640775e-02 
 2.543423e+00 -1.642103e-02 
 2.543827e+00 -1.643340e-02 
 2.544230e+00 -1.644483e-02 
 2.544634e+00 -1.645528e-02 
 2.545038e+00 -1.646474e-02 
 2.545442e+00 -1.647330e-02 
 2.545846e+00 -1.648100e-02 
 2.546250e+00 -1.648794e-02 
 2.546653e+00 -1.649425e-02 
 2.547057e+00 -1.649996e-02 
 2.547461e+00 -1.650526e-02 
 2.547865e+00 -1.651028e-02 
 2.548269e+00 -1.651515e-02 
 2.548673e+00 -1.651989e-02 
 2.549077e+00 -1.652458e-02 
 2.549480e+00 -1.652924e-02 
 2.549884e+00 -1.653389e-02 
 2.550288e+00 -1.653850e-02 
 2.550692e+00 -1.654308e-02 
 2.551096e+00 -1.654761e-02 
 2.551500e+00 -1.655223e-02 
 2.551903e+00 -1.655704e-02 
 2.552307e+00 -1.656219e-02 
 2.552711e+00 -1.656775e-02 
 2.553115e+00 -1.657363e-02 
 2.553519e+00 -1.657971e-02 
 2.553923e+00 -1.658585e-02 
 2.554327e+00 -1.659185e-02 
 2.554730e+00 -1.659760e-02 
 2.555134e+00 -1.660294e-02 
 2.555538e+00 -1.660793e-02 
 2.555942e+00 -1.661266e-02 
 2.556346e+00 -1.661722e-02 
 2.556750e+00 -1.662178e-02 
 2.557153e+00 -1.662641e-02 
 2.557557e+00 -1.663111e-02 
 2.557961e+00 -1.663574e-02 
 2.558365e+00 -1.664021e-02 
 2.558769e+00 -1.664450e-02 
 2.559173e+00 -1.664847e-02 
 2.559577e+00 -1.665198e-02 
 2.559980e+00 -1.665502e-02 
 2.560384e+00 -1.665760e-02 
 2.560788e+00 -1.665982e-02 
 2.561192e+00 -1.666173e-02 
 2.561596e+00 -1.666341e-02 
 2.562000e+00 -1.666500e-02 
 2.562403e+00 -1.666652e-02 
 2.562807e+00 -1.666798e-02 
 2.563211e+00 -1.666950e-02 
 2.563615e+00 -1.667116e-02 
 2.564019e+00 -1.667303e-02 
 2.564423e+00 -1.667519e-02 
 2.564826e+00 -1.667774e-02 
 2.565230e+00 -1.668067e-02 
 2.565634e+00 -1.668392e-02 
 2.566038e+00 -1.668749e-02 
 2.566442e+00 -1.669139e-02 
 2.566846e+00 -1.669552e-02 
 2.567250e+00 -1.669981e-02 
 2.567653e+00 -1.670425e-02 
 2.568057e+00 -1.670875e-02 
 2.568461e+00 -1.671324e-02 
 2.568865e+00 -1.671767e-02 
 2.569269e+00 -1.672192e-02 
 2.569673e+00 -1.672588e-02 
 2.570076e+00 -1.672949e-02 
 2.570480e+00 -1.673269e-02 
 2.570884e+00 -1.673550e-02 
 2.571288e+00 -1.673788e-02 
 2.571692e+00 -1.673988e-02 
 2.572096e+00 -1.674161e-02 
 2.572500e+00 -1.674316e-02 
 2.572903e+00 -1.674466e-02 
 2.573307e+00 -1.674617e-02 
 2.573711e+00 -1.674773e-02 
 2.574115e+00 -1.674929e-02 
 2.574519e+00 -1.675078e-02 
 2.574923e+00 -1.675216e-02 
 2.575326e+00 -1.675333e-02 
 2.575730e+00 -1.675428e-02 
 2.576134e+00 -1.675506e-02 
 2.576538e+00 -1.675581e-02 
 2.576942e+00 -1.675671e-02 
 2.577346e+00 -1.675789e-02 
 2.577750e+00 -1.675948e-02 
 2.578153e+00 -1.676161e-02 
 2.578557e+00 -1.676437e-02 
 2.578961e+00 -1.676769e-02 
 2.579365e+00 -1.677158e-02 
 2.579769e+00 -1.677605e-02 
 2.580173e+00 -1.678104e-02 
 2.580576e+00 -1.678647e-02 
 2.580980e+00 -1.679231e-02 
 2.581384e+00 -1.679852e-02 
 2.581788e+00 -1.680499e-02 
 2.582192e+00 -1.681158e-02 
 2.582596e+00 -1.681823e-02 
 2.583000e+00 -1.682487e-02 
 2.583403e+00 -1.683134e-02 
 2.583807e+00 -1.683761e-02 
 2.584211e+00 -1.684362e-02 
 2.584615e+00 -1.684933e-02 
 2.585019e+00 -1.685480e-02 
 2.585423e+00 -1.685999e-02 
 2.585826e+00 -1.686492e-02 
 2.586230e+00 -1.686963e-02 
 2.586634e+00 -1.687405e-02 
 2.587038e+00 -1.687816e-02 
 2.587442e+00 -1.688192e-02 
 2.587846e+00 -1.688530e-02 
 2.588250e+00 -1.688831e-02 
 2.588653e+00 -1.689098e-02 
 2.589057e+00 -1.689349e-02 
 2.589461e+00 -1.689589e-02 
 2.589865e+00 -1.689821e-02 
 2.590269e+00 -1.690054e-02 
 2.590673e+00 -1.690295e-02 
 2.591076e+00 -1.690552e-02 
 2.591480e+00 -1.690831e-02 
 2.591884e+00 -1.691136e-02 
 2.592288e+00 -1.691472e-02 
 2.592692e+00 -1.691840e-02 
 2.593096e+00 -1.692238e-02 
 2.593500e+00 -1.692659e-02 
 2.593903e+00 -1.693088e-02 
 2.594307e+00 -1.693508e-02 
 2.594711e+00 -1.693911e-02 
 2.595115e+00 -1.694282e-02 
 2.595519e+00 -1.694617e-02 
 2.595923e+00 -1.694916e-02 
 2.596326e+00 -1.695178e-02 
 2.596730e+00 -1.695405e-02 
 2.597134e+00 -1.695594e-02 
 2.597538e+00 -1.695737e-02 
 2.597942e+00 -1.695823e-02 
 2.598346e+00 -1.695827e-02 
 2.598750e+00 -1.695736e-02 
 2.599153e+00 -1.695539e-02 
 2.599557e+00 -1.695222e-02 
 2.599961e+00 -1.694772e-02 
 2.600365e+00 -1.694174e-02 
 2.600769e+00 -1.693423e-02 
 2.601173e+00 -1.692505e-02 
 2.601576e+00 -1.691411e-02 
 2.601980e+00 -1.690142e-02 
 2.602384e+00 -1.688701e-02 
 2.602788e+00 -1.687095e-02 
 2.603192e+00 -1.685334e-02 
 2.603596e+00 -1.683433e-02 
 2.604000e+00 -1.681424e-02 
 2.604403e+00 -1.679332e-02 
 2.604807e+00 -1.677184e-02 
 2.605211e+00 -1.675009e-02 
 2.605615e+00 -1.672828e-02 
 2.606019e+00 -1.670663e-02 
 2.606423e+00 -1.668530e-02 
 2.606826e+00 -1.666443e-02 
 2.607230e+00 -1.664416e-02 
 2.607634e+00 -1.662456e-02 
 2.608038e+00 -1.660566e-02 
 2.608442e+00 -1.658746e-02 
 2.608846e+00 -1.657004e-02 
 2.609250e+00 -1.655334e-02 
 2.609653e+00 -1.653746e-02 
 2.610057e+00 -1.652234e-02 
 2.610461e+00 -1.650803e-02 
 2.610865e+00 -1.649454e-02 
 2.611269e+00 -1.648185e-02 
 2.611673e+00 -1.647000e-02 
 2.612076e+00 -1.645892e-02 
 2.612480e+00 -1.644857e-02 
 2.612884e+00 -1.643888e-02 
 2.613288e+00 -1.642979e-02 
 2.613692e+00 -1.642122e-02 
 2.614096e+00 -1.641308e-02 
 2.614500e+00 -1.640517e-02 
 2.614903e+00 -1.639724e-02 
 2.615307e+00 -1.638911e-02 
 2.615711e+00 -1.638058e-02 
 2.616115e+00 -1.637148e-02 
 2.616519e+00 -1.636175e-02 
 2.616923e+00 -1.635144e-02 
 2.617326e+00 -1.634062e-02 
 2.617730e+00 -1.632930e-02 
 2.618134e+00 -1.631757e-02 
 2.618538e+00 -1.630545e-02 
 2.618942e+00 -1.629291e-02 
 2.619346e+00 -1.628001e-02 
 2.619750e+00 -1.626685e-02 
 2.620153e+00 -1.625352e-02 
 2.620557e+00 -1.624016e-02 
 2.620961e+00 -1.622688e-02 
 2.621365e+00 -1.621387e-02 
 2.621769e+00 -1.620128e-02 
 2.622173e+00 -1.618922e-02 
 2.622576e+00 -1.617771e-02 
 2.622980e+00 -1.616678e-02 
 2.623384e+00 -1.615656e-02 
 2.623788e+00 -1.614704e-02 
 2.624192e+00 -1.613820e-02 
 2.624596e+00 -1.613013e-02 
 2.625000e+00 -1.612289e-02 
 2.625403e+00 -1.611647e-02 
 2.625807e+00 -1.611090e-02 
 2.626211e+00 -1.610620e-02 
 2.626615e+00 -1.610243e-02 
 2.627019e+00 -1.609955e-02 
 2.627423e+00 -1.609765e-02 
 2.627826e+00 -1.609684e-02 
 2.628230e+00 -1.609702e-02 
 2.628634e+00 -1.609814e-02 
 2.629038e+00 -1.610012e-02 
 2.629442e+00 -1.610279e-02 
 2.629846e+00 -1.610608e-02 
 2.630250e+00 -1.610994e-02 
 2.630653e+00 -1.611423e-02 
 2.631057e+00 -1.611895e-02 
 2.631461e+00 -1.612407e-02 
 2.631865e+00 -1.612960e-02 
 2.632269e+00 -1.613548e-02 
 2.632673e+00 -1.614175e-02 
 2.633076e+00 -1.614826e-02 
 2.633480e+00 -1.615488e-02 
 2.633884e+00 -1.616151e-02 
 2.634288e+00 -1.616806e-02 
 2.634692e+00 -1.617440e-02 
 2.635096e+00 -1.618043e-02 
 2.635500e+00 -1.618618e-02 
 2.635903e+00 -1.619165e-02 
 2.636307e+00 -1.619694e-02 
 2.636711e+00 -1.620214e-02 
 2.637115e+00 -1.620735e-02 
 2.637519e+00 -1.621267e-02 
 2.637923e+00 -1.621818e-02 
 2.638326e+00 -1.622395e-02 
 2.638730e+00 -1.622996e-02 
 2.639134e+00 -1.623616e-02 
 2.639538e+00 -1.624250e-02 
 2.639942e+00 -1.624892e-02 
 2.640346e+00 -1.625532e-02 
 2.640750e+00 -1.626167e-02 
 2.641153e+00 -1.626789e-02 
 2.641557e+00 -1.627393e-02 
 2.641961e+00 -1.627971e-02 
 2.642365e+00 -1.628520e-02 
 2.642769e+00 -1.629044e-02 
 2.643173e+00 -1.629539e-02 
 2.643576e+00 -1.629997e-02 
 2.643980e+00 -1.630421e-02 
 2.644384e+00 -1.630818e-02 
 2.644788e+00 -1.631192e-02 
 2.645192e+00 -1.631551e-02 
 2.645596e+00 -1.631911e-02 
 2.646000e+00 -1.632285e-02 
 2.646403e+00 -1.632674e-02 
 2.646807e+00 -1.633081e-02 
 2.647211e+00 -1.633509e-02 
 2.647615e+00 -1.633963e-02 
 2.648019e+00 -1.634446e-02 
 2.648423e+00 -1.634958e-02 
 2.648826e+00 -1.635501e-02 
 2.649230e+00 -1.636075e-02 
 2.649634e+00 -1.636677e-02 
 2.650038e+00 -1.637306e-02 
 2.650442e+00 -1.637958e-02 
 2.650846e+00 -1.638628e-02 
 2.651250e+00 -1.639315e-02 
 2.651653e+00 -1.640019e-02 
 2.652057e+00 -1.640743e-02 
 2.652461e+00 -1.641496e-02 
 2.652865e+00 -1.642274e-02 
 2.653269e+00 -1.643073e-02 
 2.653673e+00 -1.643886e-02 
 2.654076e+00 -1.644698e-02 
 2.654480e+00 -1.645500e-02 
 2.654884e+00 -1.646288e-02 
 2.655288e+00 -1.647046e-02 
 2.655692e+00 -1.647770e-02 
 2.656096e+00 -1.648453e-02 
 2.656500e+00 -1.649089e-02 
 2.656903e+00 -1.649679e-02 
 2.657307e+00 -1.650221e-02 
 2.657711e+00 -1.650711e-02 
 2.658115e+00 -1.651146e-02 
 2.658519e+00 -1.651521e-02 
 2.658923e+00 -1.651832e-02 
 2.659326e+00 -1.652084e-02 
 2.659730e+00 -1.652272e-02 
 2.660134e+00 -1.652400e-02 
 2.660538e+00 -1.652474e-02 
 2.660942e+00 -1.652494e-02 
 2.661346e+00 -1.652454e-02 
 2.661750e+00 -1.652353e-02 
 2.662153e+00 -1.652198e-02 
 2.662557e+00 -1.651993e-02 
 2.662961e+00 -1.651748e-02 
 2.663365e+00 -1.651480e-02 
 2.663769e+00 -1.651205e-02 
 2.664173e+00 -1.650939e-02 
 2.664576e+00 -1.650702e-02 
 2.664980e+00 -1.650503e-02 
 2.665384e+00 -1.650352e-02 
 2.665788e+00 -1.650246e-02 
 2.666192e+00 -1.650180e-02 
 2.666596e+00 -1.650154e-02 
 2.667000e+00 -1.650166e-02 
 2.667403e+00 -1.650214e-02 
 2.667807e+00 -1.650305e-02 
 2.668211e+00 -1.650441e-02 
 2.668615e+00 -1.650634e-02 
 2.669019e+00 -1.650884e-02 
 2.669423e+00 -1.651201e-02 
 2.669826e+00 -1.651590e-02 
 2.670230e+00 -1.652056e-02 
 2.670634e+00 -1.652594e-02 
 2.671038e+00 -1.653202e-02 
 2.671442e+00 -1.653882e-02 
 2.671846e+00 -1.654629e-02 
 2.672250e+00 -1.655438e-02 
 2.672653e+00 -1.656307e-02 
 2.673057e+00 -1.657225e-02 
 2.673461e+00 -1.658186e-02 
 2.673865e+00 -1.659176e-02 
 2.674269e+00 -1.660188e-02 
 2.674673e+00 -1.661202e-02 
 2.675076e+00 -1.662210e-02 
 2.675480e+00 -1.663203e-02 
 2.675884e+00 -1.664172e-02 
 2.676288e+00 -1.665117e-02 
 2.676692e+00 -1.666044e-02 
 2.677096e+00 -1.666966e-02 
 2.677500e+00 -1.667898e-02 
 2.677903e+00 -1.668851e-02 
 2.678307e+00 -1.669831e-02 
 2.678711e+00 -1.670838e-02 
 2.679115e+00 -1.671873e-02 
 2.679519e+00 -1.672932e-02 
 2.679923e+00 -1.674007e-02 
 2.680326e+00 -1.675093e-02 
 2.680730e+00 -1.676182e-02 
 2.681134e+00 -1.677261e-02 
 2.681538e+00 -1.678326e-02 
 2.681942e+00 -1.679369e-02 
 2.682346e+00 -1.680386e-02 
 2.682750e+00 -1.681368e-02 
 2.683153e+00 -1.682313e-02 
 2.683557e+00 -1.683219e-02 
 2.683961e+00 -1.684082e-02 
 2.684365e+00 -1.684910e-02 
 2.684769e+00 -1.685713e-02 
 2.685173e+00 -1.686497e-02 
 2.685576e+00 -1.687266e-02 
 2.685980e+00 -1.688026e-02 
 2.686384e+00 -1.688787e-02 
 2.686788e+00 -1.689548e-02 
 2.687192e+00 -1.690313e-02 
 2.687596e+00 -1.691076e-02 
 2.688000e+00 -1.691830e-02 
 2.688403e+00 -1.692570e-02 
 2.688807e+00 -1.693281e-02 
 2.689211e+00 -1.693961e-02 
 2.689615e+00 -1.694603e-02 
 2.690019e+00 -1.695196e-02 
 2.690423e+00 -1.695742e-02 
 2.690826e+00 -1.696247e-02 
 2.691230e+00 -1.696718e-02 
 2.691634e+00 -1.697162e-02 
 2.692038e+00 -1.697590e-02 
 2.692442e+00 -1.698015e-02 
 2.692846e+00 -1.698451e-02 
 2.693250e+00 -1.698904e-02 
 2.693653e+00 -1.699371e-02 
 2.694057e+00 -1.699836e-02 
 2.694461e+00 -1.700279e-02 
 2.694865e+00 -1.700680e-02 
 2.695269e+00 -1.701033e-02 
 2.695673e+00 -1.701338e-02 
 2.696076e+00 -1.701596e-02 
 2.696480e+00 -1.701824e-02 
 2.696884e+00 -1.702031e-02 
 2.697288e+00 -1.702228e-02 
 2.697692e+00 -1.702426e-02 
 2.698096e+00 -1.702626e-02 
 2.698500e+00 -1.702826e-02 
 2.698903e+00 -1.703009e-02 
 2.699307e+00 -1.703166e-02 
 2.699711e+00 -1.703290e-02 
 2.700115e+00 -1.703368e-02 
 2.700519e+00 -1.703396e-02 
 2.700923e+00 -1.703374e-02 
 2.701326e+00 -1.703303e-02 
 2.701730e+00 -1.703181e-02 
 2.702134e+00 -1.703016e-02 
 2.702538e+00 -1.702808e-02 
 2.702942e+00 -1.702553e-02 
 2.703346e+00 -1.702249e-02 
 2.703750e+00 -1.701887e-02 
 2.704153e+00 -1.701462e-02 
 2.704557e+00 -1.700970e-02 
 2.704961e+00 -1.700405e-02 
 2.705365e+00 -1.699771e-02 
 2.705769e+00 -1.699072e-02 
 2.706173e+00 -1.698304e-02 
 2.706576e+00 -1.697465e-02 
 2.706980e+00 -1.696559e-02 
 2.707384e+00 -1.695584e-02 
 2.707788e+00 -1.694536e-02 
 2.708192e+00 -1.693413e-02 
 2.708596e+00 -1.692219e-02 
 2.709000e+00 -1.690949e-02 
 2.709403e+00 -1.689604e-02 
 2.709807e+00 -1.688191e-02 
 2.710211e+00 -1.686718e-02 
 2.710615e+00 -1.685198e-02 
 2.711019e+00 -1.683647e-02 
 2.711423e+00 -1.682083e-02 
 2.711826e+00 -1.680519e-02 
 2.712230e+00 -1.678968e-02 
 2.712634e+00 -1.677440e-02 
 2.713038e+00 -1.675942e-02 
 2.713442e+00 -1.674476e-02 
 2.713846e+00 -1.673034e-02 
 2.714250e+00 -1.671608e-02 
 2.714653e+00 -1.670186e-02 
 2.715057e+00 -1.668760e-02 
 2.715461e+00 -1.667320e-02 
 2.715865e+00 -1.665865e-02 
 2.716269e+00 -1.664400e-02 
 2.716673e+00 -1.662936e-02 
 2.717076e+00 -1.661491e-02 
 2.717480e+00 -1.660083e-02 
 2.717884e+00 -1.658726e-02 
 2.718288e+00 -1.657433e-02 
 2.718692e+00 -1.656202e-02 
 2.719096e+00 -1.655032e-02 
 2.719500e+00 -1.653909e-02 
 2.719903e+00 -1.652823e-02 
 2.720307e+00 -1.651774e-02 
 2.720711e+00 -1.650761e-02 
 2.721115e+00 -1.649780e-02 
 2.721519e+00 -1.648822e-02 
 2.721923e+00 -1.647875e-02 
 2.722326e+00 -1.646928e-02 
 2.722730e+00 -1.645965e-02 
 2.723134e+00 -1.644977e-02 
 2.723538e+00 -1.643956e-02 
 2.723942e+00 -1.642900e-02 
 2.724346e+00 -1.641804e-02 
 2.724750e+00 -1.640672e-02 
 2.725153e+00 -1.639516e-02 
 2.725557e+00 -1.638349e-02 
 2.725961e+00 -1.637183e-02 
 2.726365e+00 -1.636027e-02 
 2.726769e+00 -1.634893e-02 
 2.727173e+00 -1.633785e-02 
 2.727576e+00 -1.632714e-02 
 2.727980e+00 -1.631695e-02 
 2.728384e+00 -1.630731e-02 
 2.728788e+00 -1.629823e-02 
 2.729192e+00 -1.628971e-02 
 2.729596e+00 -1.628179e-02 
 2.730000e+00 -1.627452e-02 
 2.730403e+00 -1.626796e-02 
 2.730807e+00 -1.626205e-02 
 2.731211e+00 -1.625689e-02 
 2.731615e+00 -1.625255e-02 
 2.732019e+00 -1.624905e-02 
 2.732423e+00 -1.624635e-02 
 2.732826e+00 -1.624453e-02 
 2.733230e+00 -1.624344e-02 
 2.733634e+00 -1.624300e-02 
 2.734038e+00 -1.624321e-02 
 2.734442e+00 -1.624406e-02 
 2.734846e+00 -1.624549e-02 
 2.735250e+00 -1.624741e-02 
 2.735653e+00 -1.624981e-02 
 2.736057e+00 -1.625258e-02 
 2.736461e+00 -1.625574e-02 
 2.736865e+00 -1.625923e-02 
 2.737269e+00 -1.626305e-02 
 2.737673e+00 -1.626716e-02 
 2.738076e+00 -1.627142e-02 
 2.738480e+00 -1.627575e-02 
 2.738884e+00 -1.628008e-02 
 2.739288e+00 -1.628430e-02 
 2.739692e+00 -1.628834e-02 
 2.740096e+00 -1.629220e-02 
 2.740500e+00 -1.629576e-02 
 2.740903e+00 -1.629898e-02 
 2.741307e+00 -1.630177e-02 
 2.741711e+00 -1.630413e-02 
 2.742115e+00 -1.630604e-02 
 2.742519e+00 -1.630749e-02 
 2.742923e+00 -1.630864e-02 
 2.743326e+00 -1.630955e-02 
 2.743730e+00 -1.631031e-02 
 2.744134e+00 -1.631096e-02 
 2.744538e+00 -1.631164e-02 
 2.744942e+00 -1.631244e-02 
 2.745346e+00 -1.631338e-02 
 2.745750e+00 -1.631459e-02 
 2.746153e+00 -1.631606e-02 
 2.746557e+00 -1.631772e-02 
 2.746961e+00 -1.631949e-02 
 2.747365e+00 -1.632125e-02 
 2.747769e+00 -1.632288e-02 
 2.748173e+00 -1.632424e-02 
 2.748576e+00 -1.632528e-02 
 2.748980e+00 -1.632601e-02 
 2.749384e+00 -1.632644e-02 
 2.749788e+00 -1.632668e-02 
 2.750192e+00 -1.632674e-02 
 2.750596e+00 -1.632662e-02 
 2.751000e+00 -1.632636e-02 
 2.751403e+00 -1.632584e-02 
 2.751807e+00 -1.632510e-02 
 2.752211e+00 -1.632415e-02 
 2.752615e+00 -1.632301e-02 
 2.753019e+00 -1.632167e-02 
 2.753423e+00 -1.632011e-02 
 2.753826e+00 -1.631830e-02 
 2.754230e+00 -1.631618e-02 
 2.754634e+00 -1.631359e-02 
 2.755038e+00 -1.631051e-02 
 2.755442e+00 -1.630690e-02 
 2.755846e+00 -1.630277e-02 
 2.756250e+00 -1.629817e-02 
 2.756653e+00 -1.629325e-02 
 2.757057e+00 -1.628810e-02 
 2.757461e+00 -1.628288e-02 
 2.757865e+00 -1.627781e-02 
 2.758269e+00 -1.627307e-02 
 2.758673e+00 -1.626884e-02 
 2.759076e+00 -1.626529e-02 
 2.759480e+00 -1.626246e-02 
 2.759884e+00 -1.626038e-02 
 2.760288e+00 -1.625907e-02 
 2.760692e+00 -1.625846e-02 
 2.761096e+00 -1.625851e-02 
 2.761500e+00 -1.625919e-02 
 2.761903e+00 -1.626052e-02 
 2.762307e+00 -1.626245e-02 
 2.762711e+00 -1.626499e-02 
 2.763115e+00 -1.626810e-02 
 2.763519e+00 -1.627169e-02 
 2.763923e+00 -1.627577e-02 
 2.764326e+00 -1.628027e-02 
 2.764730e+00 -1.628509e-02 
 2.765134e+00 -1.629006e-02 
 2.765538e+00 -1.629507e-02 
 2.765942e+00 -1.630006e-02 
 2.766346e+00 -1.630494e-02 
 2.766750e+00 -1.630960e-02 
 2.767153e+00 -1.631406e-02 
 2.767557e+00 -1.631832e-02 
 2.767961e+00 -1.632234e-02 
 2.768365e+00 -1.632614e-02 
 2.768769e+00 -1.632975e-02 
 2.769173e+00 -1.633310e-02 
 2.769576e+00 -1.633613e-02 
 2.769980e+00 -1.633881e-02 
 2.770384e+00 -1.634116e-02 
 2.770788e+00 -1.634324e-02 
 2.771192e+00 -1.634514e-02 
 2.771596e+00 -1.634702e-02 
 2.772000e+00 -1.634901e-02 
 2.772403e+00 -1.635120e-02 
 2.772807e+00 -1.635372e-02 
 2.773211e+00 -1.635669e-02 
 2.773615e+00 -1.636011e-02 
 2.774019e+00 -1.636394e-02 
 2.774423e+00 -1.636814e-02 
 2.774826e+00 -1.637270e-02 
 2.775230e+00 -1.637762e-02 
 2.775634e+00 -1.638297e-02 
 2.776038e+00 -1.638887e-02 
 2.776442e+00 -1.639543e-02 
 2.776846e+00 -1.640286e-02 
 2.777250e+00 -1.641134e-02 
 2.777653e+00 -1.642107e-02 
 2.778057e+00 -1.643214e-02 
 2.778461e+00 -1.644454e-02 
 2.778865e+00 -1.645812e-02 
 2.779269e+00 -1.647265e-02 
 2.779673e+00 -1.648787e-02 
 2.780076e+00 -1.650351e-02 
 2.780480e+00 -1.651939e-02 
 2.780884e+00 -1.653537e-02 
 2.781288e+00 -1.655137e-02 
 2.781692e+00 -1.656734e-02 
 2.782096e+00 -1.658320e-02 
 2.782500e+00 -1.659892e-02 
 2.782903e+00 -1.661443e-02 
 2.783307e+00 -1.662966e-02 
 2.783711e+00 -1.664463e-02 
 2.784115e+00 -1.665933e-02 
 2.784519e+00 -1.667374e-02 
 2.784923e+00 -1.668782e-02 
 2.785326e+00 -1.670157e-02 
 2.785730e+00 -1.671503e-02 
 2.786134e+00 -1.672826e-02 
 2.786538e+00 -1.674131e-02 
 2.786942e+00 -1.675422e-02 
 2.787346e+00 -1.676695e-02 
 2.787750e+00 -1.677950e-02 
 2.788153e+00 -1.679191e-02 
 2.788557e+00 -1.680419e-02 
 2.788961e+00 -1.681625e-02 
 2.789365e+00 -1.682804e-02 
 2.789769e+00 -1.683957e-02 
 2.790173e+00 -1.685082e-02 
 2.790576e+00 -1.686191e-02 
 2.790980e+00 -1.687294e-02 
 2.791384e+00 -1.688401e-02 
 2.791788e+00 -1.689515e-02 
 2.792192e+00 -1.690637e-02 
 2.792596e+00 -1.691772e-02 
 2.793000e+00 -1.692917e-02 
 2.793403e+00 -1.694069e-02 
 2.793807e+00 -1.695214e-02 
 2.794211e+00 -1.696339e-02 
 2.794615e+00 -1.697425e-02 
 2.795019e+00 -1.698452e-02 
 2.795423e+00 -1.699409e-02 
 2.795826e+00 -1.700286e-02 
 2.796230e+00 -1.701071e-02 
 2.796634e+00 -1.701760e-02 
 2.797038e+00 -1.702352e-02 
 2.797442e+00 -1.702854e-02 
 2.797846e+00 -1.703274e-02 
 2.798250e+00 -1.703618e-02 
 2.798653e+00 -1.703897e-02 
 2.799057e+00 -1.704116e-02 
 2.799461e+00 -1.704281e-02 
 2.799865e+00 -1.704394e-02 
 2.800269e+00 -1.704456e-02 
 2.800673e+00 -1.704468e-02 
 2.801076e+00 -1.704418e-02 
 2.801480e+00 -1.704309e-02 
 2.801884e+00 -1.704136e-02 
 2.802288e+00 -1.703901e-02 
 2.802692e+00 -1.703612e-02 
 2.803096e+00 -1.703280e-02 
 2.803500e+00 -1.702919e-02 
 2.803903e+00 -1.702533e-02 
 2.804307e+00 -1.702134e-02 
 2.804711e+00 -1.701723e-02 
 2.805115e+00 -1.701305e-02 
 2.805519e+00 -1.700879e-02 
 2.805923e+00 -1.700441e-02 
 2.806326e+00 -1.699982e-02 
 2.806730e+00 -1.699496e-02 
 2.807134e+00 -1.698974e-02 
 2.807538e+00 -1.698411e-02 
 2.807942e+00 -1.697806e-02 
 2.808346e+00 -1.697163e-02 
 2.808750e+00 -1.696481e-02 
 2.809153e+00 -1.695765e-02 
 2.809557e+00 -1.695012e-02 
 2.809961e+00 -1.694213e-02 
 2.810365e+00 -1.693367e-02 
 2.810769e+00 -1.692476e-02 
 2.811173e+00 -1.691534e-02 
 2.811576e+00 -1.690532e-02 
 2.811980e+00 -1.689461e-02 
 2.812384e+00 -1.688314e-02 
 2.812788e+00 -1.687091e-02 
 2.813192e+00 -1.685797e-02 
 2.813596e+00 -1.684441e-02 
 2.814000e+00 -1.683024e-02 
 2.814403e+00 -1.681554e-02 
 2.814807e+00 -1.680035e-02 
 2.815211e+00 -1.678472e-02 
 2.815615e+00 -1.676873e-02 
 2.816019e+00 -1.675247e-02 
 2.816423e+00 -1.673602e-02 
 2.816826e+00 -1.671956e-02 
 2.817230e+00 -1.670330e-02 
 2.817634e+00 -1.668744e-02 
 2.818038e+00 -1.667226e-02 
 2.818442e+00 -1.665797e-02 
 2.818846e+00 -1.664466e-02 
 2.819250e+00 -1.663236e-02 
 2.819653e+00 -1.662109e-02 
 2.820057e+00 -1.661077e-02 
 2.820461e+00 -1.660127e-02 
 2.820865e+00 -1.659254e-02 
 2.821269e+00 -1.658446e-02 
 2.821673e+00 -1.657691e-02 
 2.822076e+00 -1.656979e-02 
 2.822480e+00 -1.656301e-02 
 2.822884e+00 -1.655654e-02 
 2.823288e+00 -1.655036e-02 
 2.823692e+00 -1.654441e-02 
 2.824096e+00 -1.653865e-02 
 2.824500e+00 -1.653302e-02 
 2.824903e+00 -1.652743e-02 
 2.825307e+00 -1.652179e-02 
 2.825711e+00 -1.651600e-02 
 2.826115e+00 -1.650999e-02 
 2.826519e+00 -1.650365e-02 
 2.826923e+00 -1.649693e-02 
 2.827326e+00 -1.648987e-02 
 2.827730e+00 -1.648241e-02 
 2.828134e+00 -1.647454e-02 
 2.828538e+00 -1.646624e-02 
 2.828942e+00 -1.645750e-02 
 2.829346e+00 -1.644835e-02 
 2.829750e+00 -1.643882e-02 
 2.830153e+00 -1.642893e-02 
 2.830557e+00 -1.641872e-02 
 2.830961e+00 -1.640830e-02 
 2.831365e+00 -1.639789e-02 
 2.831769e+00 -1.638769e-02 
 2.832173e+00 -1.637793e-02 
 2.832576e+00 -1.636871e-02 
 2.832980e+00 -1.636007e-02 
 2.833384e+00 -1.635213e-02 
 2.833788e+00 -1.634490e-02 
 2.834192e+00 -1.633833e-02 
 2.834596e+00 -1.633232e-02 
 2.835000e+00 -1.632686e-02 
 2.835403e+00 -1.632184e-02 
 2.835807e+00 -1.631721e-02 
 2.836211e+00 -1.631304e-02 
 2.836615e+00 -1.630935e-02 
 2.837019e+00 -1.630613e-02 
 2.837423e+00 -1.630345e-02 
 2.837826e+00 -1.630129e-02 
 2.838230e+00 -1.629966e-02 
 2.838634e+00 -1.629852e-02 
 2.839038e+00 -1.629787e-02 
 2.839442e+00 -1.629758e-02 
 2.839846e+00 -1.629755e-02 
 2.840250e+00 -1.629771e-02 
 2.840653e+00 -1.629800e-02 
 2.841057e+00 -1.629840e-02 
 2.841461e+00 -1.629882e-02 
 2.841865e+00 -1.629924e-02 
 2.842269e+00 -1.629966e-02 
 2.842673e+00 -1.630005e-02 
 2.843076e+00 -1.630038e-02 
 2.843480e+00 -1.630064e-02 
 2.843884e+00 -1.630080e-02 
 2.844288e+00 -1.630081e-02 
 2.844692e+00 -1.630057e-02 
 2.845096e+00 -1.630015e-02 
 2.845500e+00 -1.629951e-02 
 2.845903e+00 -1.629864e-02 
 2.846307e+00 -1.629756e-02 
 2.846711e+00 -1.629639e-02 
 2.847115e+00 -1.629516e-02 
 2.847519e+00 -1.629393e-02 
 2.847923e+00 -1.629278e-02 
 2.848326e+00 -1.629175e-02 
 2.848730e+00 -1.629088e-02 
 2.849134e+00 -1.629019e-02 
 2.849538e+00 -1.628970e-02 
 2.849942e+00 -1.628942e-02 
 2.850346e+00 -1.628934e-02 
 2.850750e+00 -1.628944e-02 
 2.851153e+00 -1.628972e-02 
 2.851557e+00 -1.629017e-02 
 2.851961e+00 -1.629081e-02 
 2.852365e+00 -1.629153e-02 
 2.852769e+00 -1.629231e-02 
 2.853173e+00 -1.629308e-02 
 2.853576e+00 -1.629368e-02 
 2.853980e+00 -1.629408e-02 
 2.854384e+00 -1.629412e-02 
 2.854788e+00 -1.629354e-02 
 2.855192e+00 -1.629223e-02 
 2.855596e+00 -1.629017e-02 
 2.856000e+00 -1.628736e-02 
 2.856403e+00 -1.628389e-02 
 2.856807e+00 -1.627984e-02 
 2.857211e+00 -1.627534e-02 
 2.857615e+00 -1.627047e-02 
 2.858019e+00 -1.626532e-02 
 2.858423e+00 -1.626001e-02 
 2.858826e+00 -1.625461e-02 
 2.859230e+00 -1.624918e-02 
 2.859634e+00 -1.624385e-02 
 2.860038e+00 -1.623862e-02 
 2.860442e+00 -1.623351e-02 
 2.860846e+00 -1.622852e-02 
 2.861250e+00 -1.622361e-02 
 2.861653e+00 -1.621876e-02 
 2.862057e+00 -1.621402e-02 
 2.862461e+00 -1.620943e-02 
 2.862865e+00 -1.620504e-02 
 2.863269e+00 -1.620090e-02 
 2.863673e+00 -1.619715e-02 
 2.864076e+00 -1.619385e-02 
 2.864480e+00 -1.619107e-02 
 2.864884e+00 -1.618887e-02 
 2.865288e+00 -1.618722e-02 
 2.865692e+00 -1.618612e-02 
 2.866096e+00 -1.618556e-02 
 2.866500e+00 -1.618554e-02 
 2.866903e+00 -1.618608e-02 
 2.867307e+00 -1.618709e-02 
 2.867711e+00 -1.618859e-02 
 2.868115e+00 -1.619055e-02 
 2.868519e+00 -1.619295e-02 
 2.868923e+00 -1.619575e-02 
 2.869326e+00 -1.619895e-02 
 2.869730e+00 -1.620247e-02 
 2.870134e+00 -1.620618e-02 
 2.870538e+00 -1.621008e-02 
 2.870942e+00 -1.621419e-02 
 2.871346e+00 -1.621842e-02 
 2.871750e+00 -1.622279e-02 
 2.872153e+00 -1.622733e-02 
 2.872557e+00 -1.623203e-02 
 2.872961e+00 -1.623695e-02 
 2.873365e+00 -1.624208e-02 
 2.873769e+00 -1.624743e-02 
 2.874173e+00 -1.625309e-02 
 2.874576e+00 -1.625907e-02 
 2.874980e+00 -1.626547e-02 
 2.875384e+00 -1.627229e-02 
 2.875788e+00 -1.627947e-02 
 2.876192e+00 -1.628699e-02 
 2.876596e+00 -1.629484e-02 
 2.877000e+00 -1.630303e-02 
 2.877403e+00 -1.631160e-02 
 2.877807e+00 -1.632057e-02 
 2.878211e+00 -1.633003e-02 
 2.878615e+00 -1.634004e-02 
 2.879019e+00 -1.635062e-02 
 2.879423e+00 -1.636180e-02 
 2.879826e+00 -1.637355e-02 
 2.880230e+00 -1.638587e-02 
 2.880634e+00 -1.639868e-02 
 2.881038e+00 -1.641196e-02 
 2.881442e+00 -1.642571e-02 
 2.881846e+00 -1.643987e-02 
 2.882250e+00 -1.645439e-02 
 2.882653e+00 -1.646926e-02 
 2.883057e+00 -1.648442e-02 
 2.883461e+00 -1.649987e-02 
 2.883865e+00 -1.651566e-02 
 2.884269e+00 -1.653176e-02 
 2.884673e+00 -1.654818e-02 
 2.885076e+00 -1.656486e-02 
 2.885480e+00 -1.658168e-02 
 2.885884e+00 -1.659852e-02 
 2.886288e+00 -1.661528e-02 
 2.886692e+00 -1.663180e-02 
 2.887096e+00 -1.664801e-02 
 2.887500e+00 -1.666385e-02 
 2.887903e+00 -1.667928e-02 
 2.888307e+00 -1.669437e-02 
 2.888711e+00 -1.670923e-02 
 2.889115e+00 -1.672394e-02 
 2.889519e+00 -1.673855e-02 
 2.889923e+00 -1.675316e-02 
 2.890326e+00 -1.676775e-02 
 2.890730e+00 -1.678228e-02 
 2.891134e+00 -1.679665e-02 
 2.891538e+00 -1.681081e-02 
 2.891942e+00 -1.682466e-02 
 2.892346e+00 -1.683811e-02 
 2.892750e+00 -1.685119e-02 
 2.893153e+00 -1.686388e-02 
 2.893557e+00 -1.687617e-02 
 2.893961e+00 -1.688803e-02 
 2.894365e+00 -1.689940e-02 
 2.894769e+00 -1.691030e-02 
 2.895173e+00 -1.692068e-02 
 2.895576e+00 -1.693049e-02 
 2.895980e+00 -1.693973e-02 
 2.896384e+00 -1.694843e-02 
 2.896788e+00 -1.695666e-02 
 2.897192e+00 -1.696450e-02 
 2.897596e+00 -1.697198e-02 
 2.898000e+00 -1.697912e-02 
 2.898403e+00 -1.698593e-02 
 2.898807e+00 -1.699242e-02 
 2.899211e+00 -1.699867e-02 
 2.899615e+00 -1.700467e-02 
 2.900019e+00 -1.701038e-02 
 2.900423e+00 -1.701575e-02 
 2.900826e+00 -1.702068e-02 
 2.901230e+00 -1.702512e-02 
 2.901634e+00 -1.702902e-02 
 2.902038e+00 -1.703234e-02 
 2.902442e+00 -1.703512e-02 
 2.902846e+00 -1.703739e-02 
 2.903250e+00 -1.703921e-02 
 2.903653e+00 -1.704064e-02 
 2.904057e+00 -1.704170e-02 
 2.904461e+00 -1.704238e-02 
 2.904865e+00 -1.704267e-02 
 2.905269e+00 -1.704256e-02 
 2.905673e+00 -1.704196e-02 
 2.906076e+00 -1.704086e-02 
 2.906480e+00 -1.703927e-02 
 2.906884e+00 -1.703726e-02 
 2.907288e+00 -1.703483e-02 
 2.907692e+00 -1.703208e-02 
 2.908096e+00 -1.702901e-02 
 2.908500e+00 -1.702564e-02 
 2.908903e+00 -1.702194e-02 
 2.909307e+00 -1.701789e-02 
 2.909711e+00 -1.701341e-02 
 2.910115e+00 -1.700845e-02 
 2.910519e+00 -1.700291e-02 
 2.910923e+00 -1.699679e-02 
 2.911326e+00 -1.699012e-02 
 2.911730e+00 -1.698297e-02 
 2.912134e+00 -1.697541e-02 
 2.912538e+00 -1.696747e-02 
 2.912942e+00 -1.695919e-02 
 2.913346e+00 -1.695058e-02 
 2.913750e+00 -1.694166e-02 
 2.914153e+00 -1.693237e-02 
 2.914557e+00 -1.692270e-02 
 2.914961e+00 -1.691259e-02 
 2.915365e+00 -1.690204e-02 
 2.915769e+00 -1.689110e-02 
 2.916173e+00 -1.687983e-02 
 2.916576e+00 -1.686840e-02 
 2.916980e+00 -1.685687e-02 
 2.917384e+00 -1.684535e-02 
 2.917788e+00 -1.683394e-02 
 2.918192e+00 -1.682261e-02 
 2.918596e+00 -1.681131e-02 
 2.919000e+00 -1.680001e-02 
 2.919403e+00 -1.678862e-02 
 2.919807e+00 -1.677707e-02 
 2.920211e+00 -1.676534e-02 
 2.920615e+00 -1.675347e-02 
 2.921019e+00 -1.674154e-02 
 2.921423e+00 -1.672970e-02 
 2.921826e+00 -1.671809e-02 
 2.922230e+00 -1.670684e-02 
 2.922634e+00 -1.669602e-02 
 2.923038e+00 -1.668567e-02 
 2.923442e+00 -1.667581e-02 
 2.923846e+00 -1.666640e-02 
 2.924250e+00 -1.665740e-02 
 2.924653e+00 -1.664882e-02 
 2.925057e+00 -1.664060e-02 
 2.925461e+00 -1.663271e-02 
 2.925865e+00 -1.662511e-02 
 2.926269e+00 -1.661776e-02 
 2.926673e+00 -1.661066e-02 
 2.927076e+00 -1.660381e-02 
 2.927480e+00 -1.659733e-02 
 2.927884e+00 -1.659124e-02 
 2.928288e+00 -1.658560e-02 
 2.928692e+00 -1.658041e-02 
 2.929096e+00 -1.657570e-02 
 2.929500e+00 -1.657148e-02 
 2.929903e+00 -1.656770e-02 
 2.930307e+00 -1.656434e-02 
 2.930711e+00 -1.656140e-02 
 2.931115e+00 -1.655888e-02 
 2.931519e+00 -1.655687e-02 
 2.931923e+00 -1.655544e-02 
 2.932326e+00 -1.655457e-02 
 2.932730e+00 -1.655419e-02 
 2.933134e+00 -1.655417e-02 
 2.933538e+00 -1.655443e-02 
 2.933942e+00 -1.655484e-02 
 2.934346e+00 -1.655535e-02 
 2.934750e+00 -1.655582e-02 
 2.935153e+00 -1.655613e-02 
 2.935557e+00 -1.655622e-02 
 2.935961e+00 -1.655601e-02 
 2.936365e+00 -1.655552e-02 
 2.936769e+00 -1.655480e-02 
 2.937173e+00 -1.655386e-02 
 2.937576e+00 -1.655270e-02 
 2.937980e+00 -1.655141e-02 
 2.938384e+00 -1.655004e-02 
 2.938788e+00 -1.654866e-02 
 2.939192e+00 -1.654728e-02 
 2.939596e+00 -1.654593e-02 
 2.940000e+00 -1.654467e-02 
 2.940403e+00 -1.654353e-02 
 2.940807e+00 -1.654244e-02 
 2.941211e+00 -1.654137e-02 
 2.941615e+00 -1.654019e-02 
 2.942019e+00 -1.653884e-02 
 2.942423e+00 -1.653725e-02 
 2.942826e+00 -1.653533e-02 
 2.943230e+00 -1.653304e-02 
 2.943634e+00 -1.653035e-02 
 2.944038e+00 -1.652727e-02 
 2.944442e+00 -1.652384e-02 
 2.944846e+00 -1.652008e-02 
 2.945250e+00 -1.651598e-02 
 2.945653e+00 -1.651152e-02 
 2.946057e+00 -1.650663e-02 
 2.946461e+00 -1.650127e-02 
 2.946865e+00 -1.649542e-02 
 2.947269e+00 -1.648912e-02 
 2.947673e+00 -1.648234e-02 
 2.948076e+00 -1.647509e-02 
 2.948480e+00 -1.646752e-02 
 2.948884e+00 -1.645969e-02 
 2.949288e+00 -1.645172e-02 
 2.949692e+00 -1.644371e-02 
 2.950096e+00 -1.643571e-02 
 2.950500e+00 -1.642767e-02 
 2.950903e+00 -1.641951e-02 
 2.951307e+00 -1.641115e-02 
 2.951711e+00 -1.640256e-02 
 2.952115e+00 -1.639377e-02 
 2.952519e+00 -1.638483e-02 
 2.952923e+00 -1.637579e-02 
 2.953326e+00 -1.636686e-02 
 2.953730e+00 -1.635814e-02 
 2.954134e+00 -1.634972e-02 
 2.954538e+00 -1.634170e-02 
 2.954942e+00 -1.633427e-02 
 2.955346e+00 -1.632738e-02 
 2.955750e+00 -1.632105e-02 
 2.956153e+00 -1.631532e-02 
 2.956557e+00 -1.631021e-02 
 2.956961e+00 -1.630572e-02 
 2.957365e+00 -1.630180e-02 
 2.957769e+00 -1.629845e-02 
 2.958173e+00 -1.629557e-02 
 2.958576e+00 -1.629301e-02 
 2.958980e+00 -1.629085e-02 
 2.959384e+00 -1.628908e-02 
 2.959788e+00 -1.628760e-02 
 2.960192e+00 -1.628632e-02 
 2.960596e+00 -1.628515e-02 
 2.961000e+00 -1.628399e-02 
 2.961403e+00 -1.628269e-02 
 2.961807e+00 -1.628114e-02 
 2.962211e+00 -1.627926e-02 
 2.962615e+00 -1.627698e-02 
 2.963019e+00 -1.627423e-02 
 2.963423e+00 -1.627097e-02 
 2.963826e+00 -1.626721e-02 
 2.964230e+00 -1.626293e-02 
 2.964634e+00 -1.625819e-02 
 2.965038e+00 -1.625293e-02 
 2.965442e+00 -1.624709e-02 
 2.965846e+00 -1.624059e-02 
 2.966250e+00 -1.623340e-02 
 2.966653e+00 -1.622551e-02 
 2.967057e+00 -1.621697e-02 
 2.967461e+00 -1.620792e-02 
 2.967865e+00 -1.619856e-02 
 2.968269e+00 -1.618910e-02 
 2.968673e+00 -1.617978e-02 
 2.969076e+00 -1.617080e-02 
 2.969480e+00 -1.616232e-02 
 2.969884e+00 -1.615448e-02 
 2.970288e+00 -1.614735e-02 
 2.970692e+00 -1.614097e-02 
 2.971096e+00 -1.613551e-02 
 2.971500e+00 -1.613103e-02 
 2.971903e+00 -1.612761e-02 
 2.972307e+00 -1.612532e-02 
 2.972711e+00 -1.612430e-02 
 2.973115e+00 -1.612458e-02 
 2.973519e+00 -1.612608e-02 
 2.973923e+00 -1.612874e-02 
 2.974326e+00 -1.613254e-02 
 2.974730e+00 -1.613741e-02 
 2.975134e+00 -1.614325e-02 
 2.975538e+00 -1.614996e-02 
 2.975942e+00 -1.615749e-02 
 2.976346e+00 -1.616569e-02 
 2.976750e+00 -1.617446e-02 
 2.977153e+00 -1.618385e-02 
 2.977557e+00 -1.619373e-02 
 2.977961e+00 -1.620396e-02 
 2.978365e+00 -1.621436e-02 
 2.978769e+00 -1.622479e-02 
 2.979173e+00 -1.623505e-02 
 2.979576e+00 -1.624501e-02 
 2.979980e+00 -1.625454e-02 
 2.980384e+00 -1.626363e-02 
 2.980788e+00 -1.627223e-02 
 2.981192e+00 -1.628042e-02 
 2.981596e+00 -1.628838e-02 
 2.982000e+00 -1.629621e-02 
 2.982403e+00 -1.630394e-02 
 2.982807e+00 -1.631160e-02 
 2.983211e+00 -1.631920e-02 
 2.983615e+00 -1.632678e-02 
 2.984019e+00 -1.633432e-02 
 2.984423e+00 -1.634177e-02 
 2.984826e+00 -1.634910e-02 
 2.985230e+00 -1.635641e-02 
 2.985634e+00 -1.636373e-02 
 2.986038e+00 -1.637117e-02 
 2.986442e+00 -1.637882e-02 
 2.986846e+00 -1.638682e-02 
 2.987250e+00 -1.639533e-02 
 2.987653e+00 -1.640451e-02 
 2.988057e+00 -1.641452e-02 
 2.988461e+00 -1.642544e-02 
 2.988865e+00 -1.643734e-02 
 2.989269e+00 -1.645026e-02 
 2.989673e+00 -1.646420e-02 
 2.990076e+00 -1.647914e-02 
 2.990480e+00 -1.649495e-02 
 2.990884e+00 -1.651149e-02 
 2.991288e+00 -1.652854e-02 
 2.991692e+00 -1.654592e-02 
 2.992096e+00 -1.656352e-02 
 2.992500e+00 -1.658119e-02 
 2.992903e+00 -1.659883e-02 
 2.993307e+00 -1.661633e-02 
 2.993711e+00 -1.663357e-02 
 2.994115e+00 -1.665042e-02 
 2.994519e+00 -1.666671e-02 
 2.994923e+00 -1.668238e-02 
 2.995326e+00 -1.669742e-02 
 2.995730e+00 -1.671184e-02 
 2.996134e+00 -1.672567e-02 
 2.996538e+00 -1.673902e-02 
 2.996942e+00 -1.675193e-02 
 2.997346e+00 -1.676440e-02 
 2.997750e+00 -1.677632e-02 
 2.998153e+00 -1.678761e-02 
 2.998557e+00 -1.679814e-02 
 2.998961e+00 -1.680776e-02 
 2.999365e+00 -1.681642e-02 
 2.999769e+00 -1.682416e-02 
 3.000173e+00 -1.683106e-02 
 3.000576e+00 -1.683713e-02 
 3.000980e+00 -1.684253e-02 
 3.001384e+00 -1.684733e-02 
 3.001788e+00 -1.685161e-02 
 3.002192e+00 -1.685543e-02 
 3.002596e+00 -1.685894e-02 
 3.003000e+00 -1.686220e-02 
 3.003403e+00 -1.686526e-02 
 3.003807e+00 -1.686815e-02 
 3.004211e+00 -1.687087e-02 
 3.004615e+00 -1.687338e-02 
 3.005019e+00 -1.687562e-02 
 3.005423e+00 -1.687749e-02 
 3.005826e+00 -1.687892e-02 
 3.006230e+00 -1.687981e-02 
 3.006634e+00 -1.688003e-02 
 3.007038e+00 -1.687952e-02 
 3.007442e+00 -1.687833e-02 
 3.007846e+00 -1.687657e-02 
 3.008250e+00 -1.687430e-02 
 3.008653e+00 -1.687164e-02 
 3.009057e+00 -1.686866e-02 
 3.009461e+00 -1.686548e-02 
 3.009865e+00 -1.686219e-02 
 3.010269e+00 -1.685877e-02 
 3.010673e+00 -1.685518e-02 
 3.011076e+00 -1.685139e-02 
 3.011480e+00 -1.684737e-02 
 3.011884e+00 -1.684314e-02 
 3.012288e+00 -1.683878e-02 
 3.012692e+00 -1.683434e-02 
 3.013096e+00 -1.682993e-02 
 3.013500e+00 -1.682563e-02 
 3.013903e+00 -1.682149e-02 
 3.014307e+00 -1.681763e-02 
 3.014711e+00 -1.681401e-02 
 3.015115e+00 -1.681062e-02 
 3.015519e+00 -1.680742e-02 
 3.015923e+00 -1.680437e-02 
 3.016326e+00 -1.680144e-02 
 3.016730e+00 -1.679859e-02 
 3.017134e+00 -1.679579e-02 
 3.017538e+00 -1.679306e-02 
 3.017942e+00 -1.679046e-02 
 3.018346e+00 -1.678794e-02 
 3.018750e+00 -1.678540e-02 
 3.019153e+00 -1.678278e-02 
 3.019557e+00 -1.677998e-02 
 3.019961e+00 -1.677690e-02 
 3.020365e+00 -1.677349e-02 
 3.020769e+00 -1.676972e-02 
 3.021173e+00 -1.676557e-02 
 3.021576e+00 -1.676089e-02 
 3.021980e+00 -1.675565e-02 
 3.022384e+00 -1.674988e-02 
 3.022788e+00 -1.674355e-02 
 3.023192e+00 -1.673669e-02 
 3.023596e+00 -1.672932e-02 
 3.024000e+00 -1.672157e-02 
 3.024403e+00 -1.671352e-02 
 3.024807e+00 -1.670526e-02 
 3.025211e+00 -1.669683e-02 
 3.025615e+00 -1.668822e-02 
 3.026019e+00 -1.667936e-02 
 3.026423e+00 -1.667022e-02 
 3.026826e+00 -1.666088e-02 
 3.027230e+00 -1.665145e-02 
 3.027634e+00 -1.664209e-02 
 3.028038e+00 -1.663306e-02 
 3.028442e+00 -1.662466e-02 
 3.028846e+00 -1.661715e-02 
 3.029249e+00 -1.661076e-02 
 3.029653e+00 -1.660562e-02 
 3.030057e+00 -1.660186e-02 
 3.030461e+00 -1.659947e-02 
 3.030865e+00 -1.659835e-02 
 3.031269e+00 -1.659842e-02 
 3.031673e+00 -1.659949e-02 
 3.032076e+00 -1.660148e-02 
 3.032480e+00 -1.660433e-02 
 3.032884e+00 -1.660793e-02 
 3.033288e+00 -1.661221e-02 
 3.033692e+00 -1.661710e-02 
 3.034096e+00 -1.662249e-02 
 3.034499e+00 -1.662826e-02 
 3.034903e+00 -1.663431e-02 
 3.035307e+00 -1.664049e-02 
 3.035711e+00 -1.664666e-02 
 3.036115e+00 -1.665266e-02 
 3.036519e+00 -1.665841e-02 
 3.036923e+00 -1.666385e-02 
 3.037326e+00 -1.666890e-02 
 3.037730e+00 -1.667348e-02 
 3.038134e+00 -1.667743e-02 
 3.038538e+00 -1.668069e-02 
 3.038942e+00 -1.668311e-02 
 3.039346e+00 -1.668458e-02 
 3.039749e+00 -1.668505e-02 
 3.040153e+00 -1.668454e-02 
 3.040557e+00 -1.668306e-02 
 3.040961e+00 -1.668067e-02 
 3.041365e+00 -1.667742e-02 
 3.041769e+00 -1.667347e-02 
 3.042173e+00 -1.666895e-02 
 3.042576e+00 -1.666394e-02 
 3.042980e+00 -1.665858e-02 
 3.043384e+00 -1.665301e-02 
 3.043788e+00 -1.664726e-02 
 3.044192e+00 -1.664142e-02 
 3.044596e+00 -1.663564e-02 
 3.044999e+00 -1.663004e-02 
 3.045403e+00 -1.662471e-02 
 3.045807e+00 -1.661973e-02 
 3.046211e+00 -1.661511e-02 
 3.046615e+00 -1.661087e-02 
 3.047019e+00 -1.660701e-02 
 3.047423e+00 -1.660347e-02 
 3.047826e+00 -1.660022e-02 
 3.048230e+00 -1.659723e-02 
 3.048634e+00 -1.659454e-02 
 3.049038e+00 -1.659215e-02 
 3.049442e+00 -1.659006e-02 
 3.049846e+00 -1.658817e-02 
 3.050249e+00 -1.658641e-02 
 3.050653e+00 -1.658461e-02 
 3.051057e+00 -1.658261e-02 
 3.051461e+00 -1.658029e-02 
 3.051865e+00 -1.657752e-02 
 3.052269e+00 -1.657421e-02 
 3.052673e+00 -1.657041e-02 
 3.053076e+00 -1.656610e-02 
 3.053480e+00 -1.656129e-02 
 3.053884e+00 -1.655589e-02 
 3.054288e+00 -1.654982e-02 
 3.054692e+00 -1.654303e-02 
 3.055096e+00 -1.653545e-02 
 3.055499e+00 -1.652706e-02 
 3.055903e+00 -1.651785e-02 
 3.056307e+00 -1.650792e-02 
 3.056711e+00 -1.649738e-02 
 3.057115e+00 -1.648637e-02 
 3.057519e+00 -1.647498e-02 
 3.057923e+00 -1.646325e-02 
 3.058326e+00 -1.645118e-02 
 3.058730e+00 -1.643870e-02 
 3.059134e+00 -1.642579e-02 
 3.059538e+00 -1.641249e-02 
 3.059942e+00 -1.639879e-02 
 3.060346e+00 -1.638480e-02 
 3.060749e+00 -1.637069e-02 
 3.061153e+00 -1.635667e-02 
 3.061557e+00 -1.634298e-02 
 3.061961e+00 -1.632975e-02 
 3.062365e+00 -1.631703e-02 
 3.062769e+00 -1.630487e-02 
 3.063173e+00 -1.629320e-02 
 3.063576e+00 -1.628190e-02 
 3.063980e+00 -1.627090e-02 
 3.064384e+00 -1.626008e-02 
 3.064788e+00 -1.624932e-02 
