         time total_shea... 
------------- ------------- 
 1.988478e-04 -7.968898e-01 
 5.965434e-04 -9.207715e-01 
 9.942391e-04 -1.131434e+00 
 1.391935e-03 -1.190814e+00 
 1.789630e-03 -1.436464e+00 
 2.187326e-03 -1.267862e+00 
 2.585022e-03 -8.169405e-01 
 2.982717e-03 -6.841026e-01 
 3.380413e-03 -4.019354e-01 
 3.778108e-03 -1.829103e-01 
 4.175804e-03 -5.732750e-02 
 4.573500e-03  7.237891e-02 
 4.971195e-03  1.675221e-01 
 5.368891e-03  2.148631e-01 
 5.766587e-03  7.371189e-01 
 6.164282e-03  8.946225e-01 
 6.561978e-03  9.799954e-01 
 6.959673e-03  9.195178e-01 
 7.357369e-03  6.117807e-01 
 7.755065e-03  2.911387e-01 
 8.152760e-03  5.312502e-01 
 8.550456e-03  1.001027e+00 
 8.948152e-03  9.663105e-01 
 9.345847e-03  7.090211e-01 
 9.743543e-03  4.398353e-01 
 1.014124e-02  1.834853e-01 
 1.053893e-02  1.071993e-01 
 1.093663e-02  1.620323e-01 
 1.133433e-02 -4.990177e-02 
 1.173202e-02 -1.981412e-02 
 1.212972e-02  2.236348e-01 
 1.252741e-02  4.219077e-01 
 1.292511e-02  3.493686e-01 
 1.332280e-02  4.566243e-01 
 1.372050e-02  4.252508e-01 
 1.411819e-02  8.228707e-01 
 1.451589e-02  1.406562e+00 
 1.491359e-02  1.601725e+00 
 1.531128e-02  1.536704e+00 
 1.570898e-02  1.545839e+00 
 1.610667e-02  1.423542e+00 
 1.650437e-02  1.284676e+00 
 1.690206e-02  1.120153e+00 
 1.729976e-02  1.035844e+00 
 1.769746e-02  1.516204e+00 
 1.809515e-02  2.047842e+00 
 1.849285e-02  2.264847e+00 
 1.889054e-02  2.588596e+00 
 1.928824e-02  2.576151e+00 
 1.968593e-02  2.390123e+00 
 2.008363e-02  2.372733e+00 
 2.048132e-02  2.505567e+00 
 2.087902e-02  2.413355e+00 
 2.127672e-02  2.422898e+00 
 2.167441e-02  2.362147e+00 
 2.207211e-02  2.265889e+00 
 2.246980e-02  2.325613e+00 
 2.286750e-02  2.003917e+00 
 2.326519e-02  1.544515e+00 
 2.366289e-02  1.327907e+00 
 2.406059e-02  1.208132e+00 
 2.445828e-02  9.904077e-01 
 2.485598e-02  1.160736e+00 
 2.525367e-02  6.193855e-01 
 2.565137e-02  2.362395e-01 
 2.604906e-02  3.741963e-02 
 2.644676e-02 -3.564706e-01 
 2.684445e-02 -3.227287e-01 
 2.724215e-02  1.425139e-01 
 2.763985e-02  5.063849e-01 
 2.803754e-02  8.894558e-01 
 2.843524e-02  1.174523e+00 
 2.883293e-02  1.112751e+00 
 2.923063e-02  1.167205e+00 
 2.962832e-02  1.260468e+00 
 3.002602e-02  1.687062e+00 
 3.042372e-02  1.969064e+00 
 3.082141e-02  2.518043e+00 
 3.121911e-02  3.297630e+00 
 3.161680e-02  4.010115e+00 
 3.201450e-02  4.494860e+00 
 3.241219e-02  4.774751e+00 
 3.280989e-02  5.323509e+00 
 3.320758e-02  5.813165e+00 
 3.360528e-02  6.096436e+00 
 3.400298e-02  6.152008e+00 
 3.440067e-02  6.140643e+00 
 3.479837e-02  6.285629e+00 
 3.519606e-02  6.037063e+00 
 3.559376e-02  5.670066e+00 
 3.599145e-02  5.174799e+00 
 3.638915e-02  4.774797e+00 
 3.678685e-02  4.576135e+00 
 3.718454e-02  4.863036e+00 
 3.758224e-02  5.114215e+00 
 3.797993e-02  5.033259e+00 
 3.837763e-02  4.510353e+00 
 3.877532e-02  4.127356e+00 
 3.917302e-02  3.802835e+00 
 3.957071e-02  3.312672e+00 
 3.996841e-02  3.046016e+00 
 4.036611e-02  2.869503e+00 
 4.076380e-02  2.708393e+00 
 4.116150e-02  2.451471e+00 
 4.155919e-02  2.221514e+00 
 4.195689e-02  1.847404e+00 
 4.235458e-02  1.691564e+00 
 4.275228e-02  1.258007e+00 
 4.314998e-02  8.404591e-01 
 4.354767e-02  2.265000e-01 
 4.394537e-02 -6.129500e-01 
 4.434306e-02 -1.421856e+00 
 4.474076e-02 -2.110770e+00 
 4.513845e-02 -2.774732e+00 
 4.553615e-02 -3.118858e+00 
 4.593385e-02 -2.565109e+00 
 4.633154e-02 -2.246578e+00 
 4.672924e-02 -1.847540e+00 
 4.712693e-02 -1.362286e+00 
 4.752463e-02 -1.130995e+00 
 4.792232e-02 -1.220574e+00 
 4.832002e-02 -1.171358e+00 
 4.871771e-02 -1.529408e+00 
 4.911541e-02 -1.728223e+00 
 4.951311e-02 -1.352523e+00 
 4.991080e-02 -1.034902e+00 
 5.030850e-02 -3.435786e-01 
 5.070619e-02 -1.506956e-02 
 5.110389e-02 -1.584075e-01 
 5.150158e-02 -6.817877e-01 
 5.189928e-02 -1.301536e+00 
 5.229698e-02 -1.843775e+00 
 5.269467e-02 -2.413587e+00 
 5.309237e-02 -2.962174e+00 
 5.349006e-02 -3.136545e+00 
 5.388776e-02 -3.003397e+00 
 5.428545e-02 -3.211121e+00 
 5.468315e-02 -3.511532e+00 
 5.508084e-02 -3.824188e+00 
 5.547854e-02 -4.171676e+00 
 5.587624e-02 -4.376145e+00 
 5.627393e-02 -4.467592e+00 
 5.667163e-02 -4.867765e+00 
 5.706932e-02 -5.365562e+00 
 5.746702e-02 -5.580093e+00 
 5.786471e-02 -5.667688e+00 
 5.826241e-02 -5.405818e+00 
 5.866011e-02 -5.206545e+00 
 5.905780e-02 -5.280545e+00 
 5.945550e-02 -5.281665e+00 
 5.985319e-02 -4.931766e+00 
 6.025089e-02 -4.612548e+00 
 6.064858e-02 -4.517253e+00 
 6.104628e-02 -4.558084e+00 
 6.144397e-02 -4.368354e+00 
 6.184167e-02 -4.290147e+00 
 6.223937e-02 -3.985258e+00 
 6.263706e-02 -3.619098e+00 
 6.303476e-02 -3.778040e+00 
 6.343245e-02 -3.695083e+00 
 6.383015e-02 -3.520058e+00 
 6.422784e-02 -3.427993e+00 
 6.462554e-02 -3.664050e+00 
 6.502324e-02 -3.613901e+00 
 6.542093e-02 -3.151852e+00 
 6.581863e-02 -2.141396e+00 
 6.621632e-02 -1.286843e+00 
 6.661402e-02 -9.178649e-01 
 6.701171e-02 -5.314186e-01 
 6.740941e-02 -6.227747e-01 
 6.780710e-02 -8.331997e-01 
 6.820480e-02 -6.216168e-01 
 6.860250e-02 -4.679798e-01 
 6.900019e-02 -6.214244e-01 
 6.939789e-02 -8.850834e-01 
 6.979558e-02 -1.255874e+00 
 7.019328e-02 -1.848042e+00 
 7.059097e-02 -2.009137e+00 
 7.098867e-02 -2.468043e+00 
 7.138637e-02 -3.172155e+00 
 7.178406e-02 -3.592931e+00 
 7.218176e-02 -4.147188e+00 
 7.257945e-02 -4.685796e+00 
 7.297715e-02 -4.720254e+00 
 7.337484e-02 -4.870300e+00 
 7.377254e-02 -5.121187e+00 
 7.417023e-02 -5.342883e+00 
 7.456793e-02 -5.706815e+00 
 7.496563e-02 -5.650952e+00 
 7.536332e-02 -5.262411e+00 
 7.576102e-02 -4.616576e+00 
 7.615871e-02 -4.305975e+00 
 7.655641e-02 -4.355805e+00 
 7.695410e-02 -4.315512e+00 
 7.735180e-02 -4.475022e+00 
 7.774950e-02 -4.656211e+00 
 7.814719e-02 -4.663173e+00 
 7.854489e-02 -4.486396e+00 
 7.894258e-02 -4.428833e+00 
 7.934028e-02 -4.027386e+00 
 7.973797e-02 -3.723623e+00 
 8.013567e-02 -3.697694e+00 
 8.053336e-02 -3.603364e+00 
 8.093106e-02 -3.179383e+00 
 8.132876e-02 -2.746077e+00 
 8.172645e-02 -2.384515e+00 
 8.212415e-02 -2.094305e+00 
 8.252184e-02 -1.743283e+00 
 8.291954e-02 -1.477577e+00 
 8.331723e-02 -1.814942e+00 
 8.371493e-02 -1.895636e+00 
 8.411263e-02 -1.877150e+00 
 8.451032e-02 -1.530855e+00 
 8.490802e-02 -9.647371e-01 
 8.530571e-02 -6.418249e-01 
 8.570341e-02 -6.134753e-01 
 8.610110e-02 -3.258707e-01 
 8.649880e-02 -1.721742e-01 
 8.689649e-02 -1.066144e-01 
 8.729419e-02 -2.421969e-01 
 8.769189e-02 -6.376284e-01 
 8.808958e-02 -9.348668e-01 
 8.848728e-02 -8.989055e-01 
 8.888497e-02 -8.245784e-01 
 8.928267e-02 -6.997511e-01 
 8.968036e-02 -5.567469e-01 
 9.007806e-02 -8.310667e-01 
 9.047576e-02 -9.494808e-01 
 9.087345e-02 -1.093122e+00 
 9.127115e-02 -1.276864e+00 
 9.166884e-02 -1.010050e+00 
 9.206654e-02 -8.086055e-01 
 9.246423e-02 -1.086713e+00 
 9.286193e-02 -1.232315e+00 
 9.325962e-02 -1.063641e+00 
 9.365732e-02 -8.021152e-01 
 9.405502e-02 -5.004039e-02 
 9.445271e-02  8.416766e-01 
 9.485041e-02  1.173016e+00 
 9.524810e-02  1.245934e+00 
 9.564580e-02  8.359382e-01 
 9.604349e-02  2.576514e-01 
 9.644119e-02 -5.069004e-01 
 9.683889e-02 -8.696372e-01 
 9.723658e-02 -9.590201e-01 
 9.763428e-02 -8.246632e-01 
 9.803197e-02 -8.724603e-01 
 9.842967e-02 -8.208614e-01 
 9.882736e-02 -1.143498e+00 
 9.922506e-02 -1.612347e+00 
 9.962275e-02 -1.829336e+00 
 1.000205e-01 -2.190815e+00 
 1.004181e-01 -2.467635e+00 
 1.008158e-01 -2.853118e+00 
 1.012135e-01 -2.895645e+00 
 1.016112e-01 -2.625399e+00 
 1.020089e-01 -2.057684e+00 
 1.024066e-01 -2.115123e+00 
 1.028043e-01 -2.602388e+00 
 1.032020e-01 -2.918746e+00 
 1.035997e-01 -3.133528e+00 
 1.039974e-01 -3.095245e+00 
 1.043951e-01 -3.000558e+00 
 1.047928e-01 -2.754899e+00 
 1.051905e-01 -2.679940e+00 
 1.055882e-01 -2.704840e+00 
 1.059859e-01 -2.633411e+00 
 1.063836e-01 -2.519619e+00 
 1.067813e-01 -2.445834e+00 
 1.071790e-01 -1.887493e+00 
 1.075767e-01 -1.240973e+00 
 1.079744e-01 -8.390104e-01 
 1.083721e-01 -4.641578e-01 
 1.087698e-01 -3.174119e-01 
 1.091674e-01  9.786686e-02 
 1.095651e-01  6.073231e-01 
 1.099628e-01  1.023347e+00 
 1.103605e-01  1.410437e+00 
 1.107582e-01  1.739875e+00 
 1.111559e-01  1.790603e+00 
 1.115536e-01  1.810828e+00 
 1.119513e-01  1.958191e+00 
 1.123490e-01  1.925041e+00 
 1.127467e-01  1.949193e+00 
 1.131444e-01  2.225546e+00 
 1.135421e-01  2.519948e+00 
 1.139398e-01  2.788998e+00 
 1.143375e-01  2.934582e+00 
 1.147352e-01  2.651822e+00 
 1.151329e-01  2.786267e+00 
 1.155306e-01  2.789922e+00 
 1.159283e-01  2.655586e+00 
 1.163260e-01  2.725133e+00 
 1.167237e-01  2.933733e+00 
 1.171214e-01  3.121588e+00 
 1.175191e-01  3.361434e+00 
 1.179168e-01  3.368278e+00 
 1.183144e-01  3.133582e+00 
 1.187121e-01  2.798375e+00 
 1.191098e-01  2.173355e+00 
 1.195075e-01  1.907802e+00 
 1.199052e-01  2.184832e+00 
 1.203029e-01  2.327866e+00 
 1.207006e-01  2.447336e+00 
 1.210983e-01  2.792088e+00 
 1.214960e-01  2.518161e+00 
 1.218937e-01  2.379597e+00 
 1.222914e-01  2.439283e+00 
 1.226891e-01  2.659046e+00 
 1.230868e-01  3.085934e+00 
 1.234845e-01  3.543427e+00 
 1.238822e-01  3.757947e+00 
 1.242799e-01  3.903162e+00 
 1.246776e-01  4.145741e+00 
 1.250753e-01  4.360386e+00 
 1.254730e-01  4.799114e+00 
 1.258707e-01  5.324160e+00 
 1.262684e-01  5.633314e+00 
 1.266661e-01  6.159785e+00 
 1.270638e-01  6.847810e+00 
 1.274614e-01  7.260157e+00 
 1.278591e-01  7.468927e+00 
 1.282568e-01  7.648178e+00 
 1.286545e-01  7.748544e+00 
 1.290522e-01  7.159424e+00 
 1.294499e-01  6.844663e+00 
 1.298476e-01  6.854663e+00 
 1.302453e-01  6.643672e+00 
 1.306430e-01  6.484133e+00 
 1.310407e-01  6.276901e+00 
 1.314384e-01  5.639781e+00 
 1.318361e-01  4.977704e+00 
 1.322338e-01  4.190107e+00 
 1.326315e-01  3.807723e+00 
 1.330292e-01  3.604182e+00 
 1.334269e-01  3.241019e+00 
 1.338246e-01  2.886223e+00 
 1.342223e-01  2.673781e+00 
 1.346200e-01  2.548216e+00 
 1.350177e-01  2.356494e+00 
 1.354154e-01  2.595630e+00 
 1.358131e-01  2.565254e+00 
 1.362108e-01  2.367859e+00 
 1.366084e-01  2.338647e+00 
 1.370061e-01  2.068921e+00 
 1.374038e-01  2.026346e+00 
 1.378015e-01  1.827546e+00 
 1.381992e-01  1.717870e+00 
 1.385969e-01  1.741913e+00 
 1.389946e-01  1.686483e+00 
 1.393923e-01  1.412221e+00 
 1.397900e-01  1.269736e+00 
 1.401877e-01  9.951558e-01 
 1.405854e-01  4.961843e-01 
 1.409831e-01  4.340447e-01 
 1.413808e-01  6.767602e-01 
 1.417785e-01  7.401893e-01 
 1.421762e-01  1.109689e+00 
 1.425739e-01  1.581471e+00 
 1.429716e-01  1.812678e+00 
 1.433693e-01  2.256191e+00 
 1.437670e-01  2.619515e+00 
 1.441647e-01  2.675537e+00 
 1.445624e-01  2.773264e+00 
 1.449601e-01  2.931343e+00 
 1.453578e-01  3.430354e+00 
 1.457554e-01  3.970065e+00 
 1.461531e-01  4.412257e+00 
 1.465508e-01  4.710971e+00 
 1.469485e-01  4.367955e+00 
 1.473462e-01  3.503679e+00 
 1.477439e-01  3.018001e+00 
 1.481416e-01  2.757966e+00 
 1.485393e-01  2.477479e+00 
 1.489370e-01  2.199615e+00 
 1.493347e-01  2.322737e+00 
 1.497324e-01  2.310980e+00 
 1.501301e-01  1.990098e+00 
 1.505278e-01  1.538985e+00 
 1.509255e-01  1.183941e+00 
 1.513232e-01  5.954286e-01 
 1.517209e-01 -1.595824e-01 
 1.521186e-01 -7.301982e-01 
 1.525163e-01 -9.158753e-01 
 1.529140e-01 -8.319532e-01 
 1.533117e-01 -8.973155e-01 
 1.537094e-01 -1.043718e+00 
 1.541071e-01 -9.607558e-01 
 1.545048e-01 -9.642852e-01 
 1.549024e-01 -6.755141e-01 
 1.553001e-01 -1.577787e-01 
 1.556978e-01 -7.904279e-02 
 1.560955e-01 -1.788069e-01 
 1.564932e-01 -3.310222e-01 
 1.568909e-01 -6.035748e-01 
 1.572886e-01 -8.405179e-01 
 1.576863e-01 -1.013953e+00 
 1.580840e-01 -1.432785e+00 
 1.584817e-01 -1.900036e+00 
 1.588794e-01 -1.889464e+00 
 1.592771e-01 -1.729033e+00 
 1.596748e-01 -1.713500e+00 
 1.600725e-01 -1.955341e+00 
 1.604702e-01 -2.465536e+00 
 1.608679e-01 -2.390747e+00 
 1.612656e-01 -2.222125e+00 
 1.616633e-01 -1.879419e+00 
 1.620610e-01 -1.445705e+00 
 1.624587e-01 -1.629474e+00 
 1.628564e-01 -2.129394e+00 
 1.632541e-01 -2.188565e+00 
 1.636518e-01 -2.088751e+00 
 1.640494e-01 -2.201162e+00 
 1.644471e-01 -1.831237e+00 
 1.648448e-01 -1.625704e+00 
 1.652425e-01 -2.160320e+00 
 1.656402e-01 -2.823763e+00 
 1.660379e-01 -3.525615e+00 
 1.664356e-01 -4.361838e+00 
 1.668333e-01 -4.602209e+00 
 1.672310e-01 -5.028826e+00 
 1.676287e-01 -5.379628e+00 
 1.680264e-01 -5.367340e+00 
 1.684241e-01 -5.481490e+00 
 1.688218e-01 -5.486520e+00 
 1.692195e-01 -5.191207e+00 
 1.696172e-01 -5.578667e+00 
 1.700149e-01 -6.190977e+00 
 1.704126e-01 -6.126958e+00 
 1.708103e-01 -5.488287e+00 
 1.712080e-01 -5.158737e+00 
 1.716057e-01 -4.746482e+00 
 1.720034e-01 -4.523709e+00 
 1.724011e-01 -4.665109e+00 
 1.727988e-01 -4.534563e+00 
 1.731964e-01 -4.135785e+00 
 1.735941e-01 -3.644298e+00 
 1.739918e-01 -3.245883e+00 
 1.743895e-01 -2.999407e+00 
 1.747872e-01 -2.762458e+00 
 1.751849e-01 -2.343315e+00 
 1.755826e-01 -2.090376e+00 
 1.759803e-01 -2.265481e+00 
 1.763780e-01 -2.033185e+00 
 1.767757e-01 -2.071568e+00 
 1.771734e-01 -2.150134e+00 
 1.775711e-01 -1.546791e+00 
 1.779688e-01 -8.683970e-01 
 1.783665e-01 -8.206316e-01 
 1.787642e-01 -8.150076e-01 
 1.791619e-01 -8.840494e-01 
 1.795596e-01 -1.158548e+00 
 1.799573e-01 -1.522750e+00 
 1.803550e-01 -1.785878e+00 
 1.807527e-01 -2.284577e+00 
 1.811504e-01 -2.710221e+00 
 1.815481e-01 -2.821084e+00 
 1.819457e-01 -2.705812e+00 
 1.823434e-01 -2.225302e+00 
 1.827411e-01 -2.144297e+00 
 1.831388e-01 -2.316143e+00 
 1.835365e-01 -2.488862e+00 
 1.839342e-01 -3.037796e+00 
 1.843319e-01 -3.208093e+00 
 1.847296e-01 -3.554090e+00 
 1.851273e-01 -4.227437e+00 
 1.855250e-01 -4.382403e+00 
 1.859227e-01 -4.563865e+00 
 1.863204e-01 -4.641988e+00 
 1.867181e-01 -4.531772e+00 
 1.871158e-01 -4.216838e+00 
 1.875135e-01 -4.419735e+00 
 1.879112e-01 -4.616104e+00 
 1.883089e-01 -4.907703e+00 
 1.887066e-01 -5.336918e+00 
 1.891043e-01 -5.298520e+00 
 1.895020e-01 -5.483831e+00 
 1.898997e-01 -5.502246e+00 
 1.902974e-01 -4.907901e+00 
 1.906951e-01 -4.639162e+00 
 1.910927e-01 -4.806843e+00 
 1.914904e-01 -5.020256e+00 
 1.918881e-01 -5.781566e+00 
 1.922858e-01 -6.710175e+00 
 1.926835e-01 -7.001543e+00 
 1.930812e-01 -6.898392e+00 
 1.934789e-01 -6.448307e+00 
 1.938766e-01 -6.009976e+00 
 1.942743e-01 -5.789311e+00 
 1.946720e-01 -5.648464e+00 
 1.950697e-01 -5.675932e+00 
 1.954674e-01 -5.619514e+00 
 1.958651e-01 -5.199842e+00 
 1.962628e-01 -4.824559e+00 
 1.966605e-01 -4.487853e+00 
 1.970582e-01 -4.027051e+00 
 1.974559e-01 -3.429949e+00 
 1.978536e-01 -2.986041e+00 
 1.982513e-01 -2.837453e+00 
 1.986490e-01 -2.756340e+00 
 1.990467e-01 -2.680788e+00 
 1.994444e-01 -2.469650e+00 
 1.998421e-01 -2.067581e+00 
 2.002397e-01 -1.616155e+00 
 2.006374e-01 -1.374699e+00 
 2.010351e-01 -1.241129e+00 
 2.014328e-01 -1.228323e+00 
 2.018305e-01 -1.118587e+00 
 2.022282e-01 -4.961352e-01 
 2.026259e-01  1.190681e-01 
 2.030236e-01  7.040381e-01 
 2.034213e-01  6.205776e-01 
 2.038190e-01  5.040456e-01 
 2.042167e-01  5.842543e-01 
 2.046144e-01  1.193802e+00 
 2.050121e-01  1.736242e+00 
 2.054098e-01  2.376102e+00 
 2.058075e-01  2.721814e+00 
 2.062052e-01  2.438267e+00 
 2.066029e-01  1.997966e+00 
 2.070006e-01  2.134865e+00 
 2.073983e-01  1.630013e+00 
 2.077960e-01  1.105728e+00 
 2.081937e-01  8.048386e-01 
 2.085914e-01  6.013025e-01 
 2.089891e-01  6.013012e-01 
 2.093867e-01  4.449127e-01 
 2.097844e-01 -3.737179e-02 
 2.101821e-01 -5.467738e-01 
 2.105798e-01 -1.202169e+00 
 2.109775e-01 -1.790529e+00 
 2.113752e-01 -1.447360e+00 
 2.117729e-01 -1.526666e+00 
 2.121706e-01 -2.162087e+00 
 2.125683e-01 -2.532449e+00 
 2.129660e-01 -2.792211e+00 
 2.133637e-01 -3.142260e+00 
 2.137614e-01 -2.944395e+00 
 2.141591e-01 -3.079998e+00 
 2.145568e-01 -3.657409e+00 
 2.149545e-01 -4.232258e+00 
 2.153522e-01 -4.869289e+00 
 2.157499e-01 -4.765584e+00 
 2.161476e-01 -4.532168e+00 
 2.165453e-01 -4.473195e+00 
 2.169430e-01 -4.537612e+00 
 2.173407e-01 -4.622329e+00 
 2.177384e-01 -4.945703e+00 
 2.181361e-01 -4.749875e+00 
 2.185337e-01 -4.175834e+00 
 2.189314e-01 -3.861735e+00 
 2.193291e-01 -3.621873e+00 
 2.197268e-01 -3.424250e+00 
 2.201245e-01 -3.105160e+00 
 2.205222e-01 -2.952093e+00 
 2.209199e-01 -2.517478e+00 
 2.213176e-01 -2.242112e+00 
 2.217153e-01 -1.840831e+00 
 2.221130e-01 -9.355461e-01 
 2.225107e-01  2.827552e-01 
 2.229084e-01  1.280840e+00 
 2.233061e-01  2.090681e+00 
 2.237038e-01  2.565741e+00 
 2.241015e-01  2.417239e+00 
 2.244992e-01  2.194795e+00 
 2.248969e-01  2.249677e+00 
 2.252946e-01  2.539877e+00 
 2.256923e-01  2.966019e+00 
 2.260900e-01  3.208924e+00 
 2.264877e-01  3.240105e+00 
 2.268854e-01  2.933833e+00 
 2.272831e-01  2.497370e+00 
 2.276807e-01  2.384207e+00 
 2.280784e-01  2.562535e+00 
 2.284761e-01  2.566115e+00 
 2.288738e-01  2.363882e+00 
 2.292715e-01  2.542336e+00 
 2.296692e-01  2.484498e+00 
 2.300669e-01  2.340641e+00 
 2.304646e-01  2.819226e+00 
 2.308623e-01  3.199902e+00 
 2.312600e-01  3.718559e+00 
 2.316577e-01  4.427540e+00 
 2.320554e-01  4.843656e+00 
 2.324531e-01  4.986259e+00 
 2.328508e-01  4.749854e+00 
 2.332485e-01  4.577652e+00 
 2.336462e-01  4.750265e+00 
 2.340439e-01  5.667528e+00 
 2.344416e-01  5.873603e+00 
 2.348393e-01  6.312055e+00 
 2.352370e-01  6.373521e+00 
 2.356347e-01  5.841161e+00 
 2.360324e-01  5.301727e+00 
 2.364301e-01  5.299786e+00 
 2.368277e-01  5.454547e+00 
 2.372254e-01  5.346018e+00 
 2.376231e-01  5.163589e+00 
 2.380208e-01  5.171082e+00 
 2.384185e-01  5.555158e+00 
 2.388162e-01  5.380697e+00 
 2.392139e-01  5.220395e+00 
 2.396116e-01  4.953156e+00 
 2.400093e-01  4.171199e+00 
 2.404070e-01  3.788075e+00 
 2.408047e-01  3.561980e+00 
 2.412024e-01  3.581322e+00 
 2.416001e-01  3.314275e+00 
 2.419978e-01  2.892113e+00 
 2.423955e-01  2.489118e+00 
 2.427932e-01  2.171422e+00 
 2.431909e-01  1.393679e+00 
 2.435886e-01  6.037728e-01 
 2.439863e-01  2.109929e-01 
 2.443840e-01 -2.675987e-01 
 2.447817e-01 -5.528697e-01 
 2.451794e-01 -7.478254e-01 
 2.455771e-01 -7.793365e-01 
 2.459747e-01 -8.280903e-01 
 2.463724e-01 -8.352585e-01 
 2.467701e-01 -1.076063e+00 
 2.471678e-01 -1.305902e+00 
 2.475655e-01 -1.672027e+00 
 2.479632e-01 -1.764588e+00 
 2.483609e-01 -1.675859e+00 
 2.487586e-01 -1.328808e+00 
 2.491563e-01 -8.239555e-01 
 2.495540e-01 -2.772742e-01 
 2.499517e-01  1.893547e-01 
 2.503494e-01  9.117669e-01 
 2.507471e-01  1.788975e+00 
 2.511448e-01  2.281205e+00 
 2.515425e-01  3.024806e+00 
 2.519402e-01  3.695955e+00 
 2.523379e-01  4.033182e+00 
 2.527356e-01  4.176042e+00 
 2.531333e-01  4.005938e+00 
 2.535310e-01  4.171788e+00 
 2.539287e-01  4.628616e+00 
 2.543264e-01  4.942723e+00 
 2.547240e-01  5.270045e+00 
 2.551217e-01  5.468857e+00 
 2.555194e-01  5.008930e+00 
 2.559171e-01  4.415242e+00 
 2.563148e-01  4.852772e+00 
 2.567125e-01  4.819592e+00 
 2.571102e-01  5.003629e+00 
 2.575079e-01  5.372657e+00 
 2.579056e-01  5.170923e+00 
 2.583033e-01  4.649988e+00 
 2.587010e-01  4.419591e+00 
 2.590987e-01  4.208012e+00 
 2.594964e-01  4.396379e+00 
 2.598941e-01  4.604354e+00 
 2.602918e-01  4.702678e+00 
 2.606895e-01  4.786990e+00 
 2.610872e-01  4.563881e+00 
 2.614849e-01  4.042689e+00 
 2.618826e-01  3.754287e+00 
 2.622803e-01  3.336338e+00 
 2.626780e-01  3.146887e+00 
 2.630757e-01  3.506797e+00 
 2.634734e-01  3.630412e+00 
 2.638710e-01  3.849281e+00 
 2.642687e-01  3.622726e+00 
 2.646664e-01  3.346949e+00 
 2.650641e-01  3.161593e+00 
 2.654618e-01  2.967840e+00 
 2.658595e-01  2.747940e+00 
 2.662572e-01  2.635365e+00 
 2.666549e-01  2.582922e+00 
 2.670526e-01  2.401120e+00 
 2.674503e-01  2.407971e+00 
 2.678480e-01  2.308392e+00 
 2.682457e-01  1.960045e+00 
 2.686434e-01  1.114197e+00 
 2.690411e-01  4.825030e-01 
 2.694388e-01 -1.522299e-01 
 2.698365e-01 -6.113955e-01 
 2.702342e-01 -8.971160e-01 
 2.706319e-01 -1.458185e+00 
 2.710296e-01 -2.508688e+00 
 2.714273e-01 -3.240458e+00 
 2.718250e-01 -3.694411e+00 
 2.722227e-01 -4.147643e+00 
 2.726204e-01 -4.663323e+00 
 2.730180e-01 -5.047987e+00 
 2.734157e-01 -5.898293e+00 
 2.738134e-01 -6.415558e+00 
 2.742111e-01 -6.661872e+00 
 2.746088e-01 -6.968238e+00 
 2.750065e-01 -7.332784e+00 
 2.754042e-01 -7.865274e+00 
 2.758019e-01 -8.435390e+00 
 2.761996e-01 -8.942228e+00 
 2.765973e-01 -9.261744e+00 
 2.769950e-01 -9.648895e+00 
 2.773927e-01 -9.273957e+00 
 2.777904e-01 -9.144470e+00 
 2.781881e-01 -8.838170e+00 
 2.785858e-01 -8.242313e+00 
 2.789835e-01 -7.626195e+00 
 2.793812e-01 -7.588388e+00 
 2.797789e-01 -7.022066e+00 
 2.801766e-01 -6.434478e+00 
 2.805743e-01 -5.990225e+00 
 2.809720e-01 -5.470592e+00 
 2.813697e-01 -5.084829e+00 
 2.817674e-01 -4.221362e+00 
 2.821650e-01 -3.125548e+00 
 2.825627e-01 -2.311837e+00 
 2.829604e-01 -1.203721e+00 
 2.833581e-01 -6.898089e-02 
 2.837558e-01  3.894318e-01 
 2.841535e-01  6.748652e-01 
 2.845512e-01  1.063758e+00 
 2.849489e-01  1.300405e+00 
 2.853466e-01  1.509336e+00 
 2.857443e-01  2.164811e+00 
 2.861420e-01  3.005778e+00 
 2.865397e-01  3.614103e+00 
 2.869374e-01  3.321052e+00 
 2.873351e-01  2.986749e+00 
 2.877328e-01  2.526394e+00 
 2.881305e-01  1.899116e+00 
 2.885282e-01  1.602472e+00 
 2.889259e-01  1.427009e+00 
 2.893236e-01  1.282295e+00 
 2.897213e-01  1.009306e+00 
 2.901190e-01  1.050302e+00 
 2.905167e-01  9.541228e-01 
 2.909144e-01  9.630921e-01 
 2.913120e-01  4.787100e-01 
 2.917097e-01 -1.775836e-02 
 2.921074e-01 -4.496865e-01 
 2.925051e-01 -7.884836e-01 
 2.929028e-01 -9.505207e-01 
 2.933005e-01 -1.244119e+00 
 2.936982e-01 -1.718893e+00 
 2.940959e-01 -2.191292e+00 
 2.944936e-01 -2.827489e+00 
 2.948913e-01 -3.610059e+00 
 2.952890e-01 -4.059810e+00 
 2.956867e-01 -4.458411e+00 
 2.960844e-01 -4.780861e+00 
 2.964821e-01 -5.297728e+00 
 2.968798e-01 -5.660140e+00 
 2.972775e-01 -6.195662e+00 
 2.976752e-01 -6.614055e+00 
 2.980729e-01 -6.785641e+00 
 2.984706e-01 -6.525164e+00 
 2.988683e-01 -6.278499e+00 
 2.992660e-01 -6.285463e+00 
 2.996637e-01 -6.051055e+00 
 3.000614e-01 -6.041336e+00 
 3.004590e-01 -5.736828e+00 
 3.008567e-01 -5.463227e+00 
 3.012544e-01 -4.907988e+00 
 3.016521e-01 -4.767576e+00 
 3.020498e-01 -4.582621e+00 
 3.024475e-01 -4.436445e+00 
 3.028452e-01 -4.170523e+00 
 3.032429e-01 -3.718142e+00 
 3.036406e-01 -3.935616e+00 
 3.040383e-01 -3.945317e+00 
 3.044360e-01 -4.018428e+00 
 3.048337e-01 -4.190692e+00 
 3.052314e-01 -3.971469e+00 
 3.056291e-01 -3.383388e+00 
 3.060268e-01 -3.160288e+00 
 3.064245e-01 -2.979300e+00 
 3.068222e-01 -2.625286e+00 
 3.072199e-01 -2.146032e+00 
 3.076176e-01 -1.388118e+00 
 3.080153e-01 -7.820760e-01 
 3.084130e-01 -3.249224e-01 
 3.088107e-01  1.995633e-01 
 3.092084e-01  4.386948e-01 
 3.096060e-01  6.121414e-01 
 3.100037e-01  1.240028e+00 
 3.104014e-01  1.301168e+00 
 3.107991e-01  1.650420e+00 
 3.111968e-01  2.331665e+00 
 3.115945e-01  3.362457e+00 
 3.119922e-01  4.101267e+00 
 3.123899e-01  4.528485e+00 
 3.127876e-01  4.443913e+00 
 3.131853e-01  3.851619e+00 
 3.135830e-01  3.268185e+00 
 3.139807e-01  2.942022e+00 
 3.143784e-01  2.891636e+00 
 3.147761e-01  2.618905e+00 
 3.151738e-01  2.242709e+00 
 3.155715e-01  1.808237e+00 
 3.159692e-01  1.131406e+00 
 3.163669e-01  7.011451e-01 
 3.167646e-01  1.102849e-01 
 3.171623e-01 -4.914091e-01 
 3.175600e-01 -1.057604e+00 
 3.179577e-01 -1.591446e+00 
 3.183554e-01 -1.771475e+00 
 3.187530e-01 -1.679910e+00 
 3.191507e-01 -1.896682e+00 
 3.195484e-01 -2.280930e+00 
 3.199461e-01 -2.756782e+00 
 3.203438e-01 -3.859070e+00 
 3.207415e-01 -4.893881e+00 
 3.211392e-01 -5.357897e+00 
 3.215369e-01 -5.477796e+00 
 3.219346e-01 -5.905423e+00 
 3.223323e-01 -6.338528e+00 
 3.227300e-01 -7.195548e+00 
 3.231277e-01 -8.056642e+00 
 3.235254e-01 -8.582673e+00 
 3.239231e-01 -9.110827e+00 
 3.243208e-01 -9.224664e+00 
 3.247185e-01 -9.538636e+00 
 3.251162e-01 -9.480202e+00 
 3.255139e-01 -9.067260e+00 
 3.259116e-01 -8.709552e+00 
 3.263093e-01 -8.563280e+00 
 3.267070e-01 -8.010233e+00 
 3.271047e-01 -7.357815e+00 
 3.275023e-01 -7.179927e+00 
 3.279000e-01 -6.586816e+00 
 3.282977e-01 -5.980539e+00 
 3.286954e-01 -5.481490e+00 
 3.290931e-01 -5.124876e+00 
 3.294908e-01 -4.372911e+00 
 3.298885e-01 -3.193308e+00 
 3.302862e-01 -2.309064e+00 
 3.306839e-01 -1.802996e+00 
 3.310816e-01 -1.090807e+00 
 3.314793e-01 -6.207415e-01 
 3.318770e-01 -6.341403e-01 
 3.322747e-01 -3.118635e-01 
 3.326724e-01 -9.053039e-02 
 3.330701e-01 -8.827250e-02 
 3.334678e-01  1.512332e-01 
 3.338655e-01  7.071265e-01 
 3.342632e-01  1.600623e+00 
 3.346609e-01  2.564297e+00 
 3.350586e-01  2.971546e+00 
 3.354563e-01  2.925349e+00 
 3.358540e-01  2.324475e+00 
 3.362517e-01  2.140643e+00 
 3.366493e-01  2.390153e+00 
 3.370470e-01  2.769014e+00 
 3.374447e-01  3.451871e+00 
 3.378424e-01  3.646249e+00 
 3.382401e-01  3.388151e+00 
 3.386378e-01  3.288531e+00 
 3.390355e-01  3.627430e+00 
 3.394332e-01  3.451172e+00 
 3.398309e-01  3.476940e+00 
 3.402286e-01  3.661851e+00 
 3.406263e-01  3.693685e+00 
 3.410240e-01  4.023897e+00 
 3.414217e-01  3.864972e+00 
 3.418194e-01  3.656592e+00 
 3.422171e-01  3.554497e+00 
 3.426148e-01  3.552392e+00 
 3.430125e-01  3.321950e+00 
 3.434102e-01  3.467782e+00 
 3.438079e-01  3.721418e+00 
 3.442056e-01  3.563925e+00 
 3.446033e-01  3.409326e+00 
 3.450010e-01  3.736988e+00 
 3.453987e-01  4.001571e+00 
 3.457963e-01  4.255410e+00 
 3.461940e-01  4.368473e+00 
 3.465917e-01  4.565785e+00 
 3.469894e-01  4.228908e+00 
 3.473871e-01  4.004730e+00 
 3.477848e-01  4.231240e+00 
 3.481825e-01  4.110223e+00 
 3.485802e-01  3.547256e+00 
 3.489779e-01  2.924153e+00 
 3.493756e-01  2.518490e+00 
 3.497733e-01  1.982546e+00 
 3.501710e-01  1.902912e+00 
 3.505687e-01  1.762268e+00 
 3.509664e-01  1.488042e+00 
 3.513641e-01  9.884146e-01 
 3.517618e-01  3.781579e-01 
 3.521595e-01  1.042895e-01 
 3.525572e-01  1.612791e-01 
 3.529549e-01 -1.611677e-01 
 3.533526e-01 -2.368094e-01 
 3.537503e-01 -2.935347e-01 
 3.541480e-01 -5.327016e-01 
 3.545457e-01 -5.889861e-01 
 3.549433e-01 -2.996244e-01 
 3.553410e-01 -2.854503e-02 
 3.557387e-01  8.708284e-02 
 3.561364e-01 -6.724982e-03 
 3.565341e-01 -2.020941e-01 
 3.569318e-01 -2.478847e-02 
 3.573295e-01  9.053513e-02 
 3.577272e-01  5.327121e-01 
 3.581249e-01  1.049688e+00 
 3.585226e-01  1.363245e+00 
 3.589203e-01  2.123994e+00 
 3.593180e-01  3.050751e+00 
 3.597157e-01  3.852287e+00 
 3.601134e-01  4.433348e+00 
 3.605111e-01  4.563175e+00 
 3.609088e-01  4.852226e+00 
 3.613065e-01  5.380728e+00 
 3.617042e-01  5.740973e+00 
 3.621019e-01  5.959614e+00 
 3.624996e-01  6.381385e+00 
 3.628973e-01  6.877222e+00 
 3.632950e-01  7.935980e+00 
 3.636927e-01  8.652265e+00 
 3.640903e-01  8.494113e+00 
 3.644880e-01  8.001916e+00 
 3.648857e-01  7.162651e+00 
 3.652834e-01  6.476932e+00 
 3.656811e-01  6.348623e+00 
 3.660788e-01  6.343187e+00 
 3.664765e-01  6.131831e+00 
 3.668742e-01  5.816765e+00 
 3.672719e-01  5.449476e+00 
 3.676696e-01  5.269535e+00 
 3.680673e-01  5.072520e+00 
 3.684650e-01  4.767171e+00 
 3.688627e-01  4.319836e+00 
 3.692604e-01  3.959818e+00 
 3.696581e-01  3.173783e+00 
 3.700558e-01  2.739488e+00 
 3.704535e-01  2.431568e+00 
 3.708512e-01  1.855045e+00 
 3.712489e-01  1.550116e+00 
 3.716466e-01  1.056315e+00 
 3.720443e-01  5.317315e-01 
 3.724420e-01  1.957219e-01 
 3.728397e-01  2.472824e-01 
 3.732373e-01  4.104384e-01 
 3.736350e-01  3.059454e-01 
 3.740327e-01 -1.403298e-01 
 3.744304e-01 -7.752228e-01 
 3.748281e-01 -7.252653e-01 
 3.752258e-01 -8.595327e-01 
 3.756235e-01 -1.116103e+00 
 3.760212e-01 -1.186508e+00 
 3.764189e-01 -1.275498e+00 
 3.768166e-01 -1.455812e+00 
 3.772143e-01 -1.382427e+00 
 3.776120e-01 -1.131635e+00 
 3.780097e-01 -9.884725e-01 
 3.784074e-01 -8.800064e-01 
 3.788051e-01 -9.655836e-01 
 3.792028e-01 -6.832917e-01 
 3.796005e-01 -7.669679e-01 
 3.799982e-01 -9.550901e-01 
 3.803959e-01 -9.214556e-01 
 3.807936e-01 -8.668755e-01 
 3.811913e-01 -5.318858e-01 
 3.815890e-01 -5.182027e-02 
 3.819867e-01  1.160936e-01 
 3.823843e-01  1.459058e-01 
 3.827820e-01 -2.199788e-01 
 3.831797e-01 -1.244358e+00 
 3.835774e-01 -2.063602e+00 
 3.839751e-01 -2.692452e+00 
 3.843728e-01 -2.582162e+00 
 3.847705e-01 -2.496571e+00 
 3.851682e-01 -2.402043e+00 
 3.855659e-01 -2.242061e+00 
 3.859636e-01 -1.645234e+00 
 3.863613e-01 -1.441577e+00 
 3.867590e-01 -1.038504e+00 
 3.871567e-01 -7.298993e-01 
 3.875544e-01 -1.136247e+00 
 3.879521e-01 -1.448685e+00 
 3.883498e-01 -1.103349e+00 
 3.887475e-01 -5.828082e-01 
 3.891452e-01 -1.593912e-01 
 3.895429e-01  2.864982e-02 
 3.899406e-01  1.082043e-02 
 3.903383e-01 -1.580316e-02 
 3.907360e-01 -1.692097e-01 
 3.911337e-01 -2.478965e-01 
 3.915313e-01 -1.651775e-01 
 3.919290e-01 -1.608818e-01 
 3.923267e-01 -6.442604e-01 
 3.927244e-01 -8.866740e-01 
 3.931221e-01 -1.300095e+00 
 3.935198e-01 -1.438505e+00 
 3.939175e-01 -1.480277e+00 
 3.943152e-01 -1.291505e+00 
 3.947129e-01 -1.149151e+00 
 3.951106e-01 -1.188994e+00 
 3.955083e-01 -1.148048e+00 
 3.959060e-01 -1.007445e+00 
 3.963037e-01 -1.288696e+00 
 3.967014e-01 -1.573922e+00 
 3.970991e-01 -1.562014e+00 
 3.974968e-01 -1.521234e+00 
 3.978945e-01 -1.731041e+00 
 3.982922e-01 -1.886899e+00 
 3.986899e-01 -1.901527e+00 
 3.990876e-01 -2.045813e+00 
 3.994853e-01 -1.917529e+00 
 3.998830e-01 -2.248202e+00 
 4.002806e-01 -2.370686e+00 
 4.006783e-01 -2.726673e+00 
 4.010760e-01 -3.012880e+00 
 4.014737e-01 -3.106115e+00 
 4.018714e-01 -3.109959e+00 
 4.022691e-01 -3.345706e+00 
 4.026668e-01 -3.523980e+00 
 4.030645e-01 -3.363105e+00 
 4.034622e-01 -3.592067e+00 
 4.038599e-01 -3.328453e+00 
 4.042576e-01 -3.434873e+00 
 4.046553e-01 -3.383814e+00 
 4.050530e-01 -3.219691e+00 
 4.054507e-01 -3.392550e+00 
 4.058484e-01 -3.482476e+00 
 4.062461e-01 -3.427209e+00 
 4.066438e-01 -2.996609e+00 
 4.070415e-01 -2.216166e+00 
 4.074392e-01 -1.353798e+00 
 4.078369e-01 -1.097141e+00 
 4.082346e-01 -1.059961e+00 
 4.086323e-01 -1.166390e+00 
 4.090300e-01 -1.334487e+00 
 4.094276e-01 -1.222414e+00 
 4.098253e-01 -1.225291e+00 
 4.102230e-01 -1.268638e+00 
 4.106207e-01 -1.079073e+00 
 4.110184e-01 -8.346183e-01 
 4.114161e-01 -9.557342e-01 
 4.118138e-01 -1.176114e+00 
 4.122115e-01 -1.542770e+00 
 4.126092e-01 -1.583196e+00 
 4.130069e-01 -1.685866e+00 
 4.134046e-01 -1.575068e+00 
 4.138023e-01 -1.455678e+00 
 4.142000e-01 -1.485996e+00 
 4.145977e-01 -1.337230e+00 
 4.149954e-01 -9.054439e-01 
 4.153931e-01 -8.544948e-01 
 4.157908e-01 -1.172145e+00 
 4.161885e-01 -1.414755e+00 
 4.165862e-01 -2.020459e+00 
 4.169839e-01 -2.262245e+00 
 4.173816e-01 -2.350155e+00 
 4.177793e-01 -2.675635e+00 
 4.181770e-01 -2.663045e+00 
 4.185746e-01 -2.584996e+00 
 4.189723e-01 -2.929452e+00 
 4.193700e-01 -2.790243e+00 
 4.197677e-01 -2.421018e+00 
 4.201654e-01 -2.334819e+00 
 4.205631e-01 -2.366024e+00 
 4.209608e-01 -2.221421e+00 
 4.213585e-01 -2.421600e+00 
 4.217562e-01 -2.904187e+00 
 4.221539e-01 -2.681912e+00 
 4.225516e-01 -2.436017e+00 
 4.229493e-01 -2.014525e+00 
 4.233470e-01 -2.045239e+00 
 4.237447e-01 -2.342398e+00 
 4.241424e-01 -2.513741e+00 
 4.245401e-01 -2.644715e+00 
 4.249378e-01 -2.402216e+00 
 4.253355e-01 -2.307358e+00 
 4.257332e-01 -2.379722e+00 
 4.261309e-01 -2.562049e+00 
 4.265286e-01 -3.007607e+00 
 4.269263e-01 -3.588738e+00 
 4.273240e-01 -4.036630e+00 
 4.277216e-01 -4.290595e+00 
 4.281193e-01 -4.425999e+00 
 4.285170e-01 -4.239329e+00 
 4.289147e-01 -4.249192e+00 
 4.293124e-01 -3.921545e+00 
 4.297101e-01 -3.774585e+00 
 4.301078e-01 -3.953594e+00 
 4.305055e-01 -3.999617e+00 
 4.309032e-01 -4.269745e+00 
 4.313009e-01 -4.660269e+00 
 4.316986e-01 -4.849138e+00 
 4.320963e-01 -4.521942e+00 
 4.324940e-01 -4.107966e+00 
 4.328917e-01 -3.610417e+00 
 4.332894e-01 -3.340944e+00 
 4.336871e-01 -3.027060e+00 
 4.340848e-01 -2.623567e+00 
 4.344825e-01 -2.716192e+00 
 4.348802e-01 -2.675298e+00 
 4.352779e-01 -2.433163e+00 
 4.356756e-01 -2.117717e+00 
 4.360733e-01 -1.868321e+00 
 4.364710e-01 -1.169751e+00 
 4.368686e-01 -7.388369e-01 
 4.372663e-01 -3.038766e-01 
 4.376640e-01 -1.611477e-01 
 4.380617e-01 -6.840932e-02 
 4.384594e-01  1.901555e-01 
 4.388571e-01  1.653551e-02 
 4.392548e-01 -2.832247e-01 
 4.396525e-01 -2.984281e-01 
 4.400502e-01 -6.158301e-01 
 4.404479e-01 -9.679383e-01 
 4.408456e-01 -7.440725e-01 
 4.412433e-01 -7.263553e-01 
 4.416410e-01 -7.291582e-01 
 4.420387e-01 -7.773832e-01 
 4.424364e-01 -1.067569e+00 
 4.428341e-01 -1.473276e+00 
 4.432318e-01 -1.768674e+00 
 4.436295e-01 -1.907056e+00 
 4.440272e-01 -2.597901e+00 
 4.444249e-01 -3.217607e+00 
 4.448226e-01 -3.907915e+00 
 4.452203e-01 -4.268570e+00 
 4.456180e-01 -4.229244e+00 
 4.460156e-01 -4.082479e+00 
 4.464133e-01 -3.844239e+00 
 4.468110e-01 -3.940127e+00 
 4.472087e-01 -3.700041e+00 
 4.476064e-01 -3.506138e+00 
 4.480041e-01 -3.326795e+00 
 4.484018e-01 -2.948039e+00 
 4.487995e-01 -2.353855e+00 
 4.491972e-01 -2.257850e+00 
 4.495949e-01 -2.076646e+00 
 4.499926e-01 -1.992368e+00 
 4.503903e-01 -1.458533e+00 
 4.507880e-01 -8.331586e-01 
 4.511857e-01 -2.375713e-01 
 4.515834e-01  1.450620e-01 
 4.519811e-01  6.292416e-01 
 4.523788e-01  6.644594e-01 
 4.527765e-01  9.250169e-01 
 4.531742e-01  1.123630e+00 
 4.535719e-01  1.250750e+00 
 4.539696e-01  1.494858e+00 
 4.543673e-01  2.033501e+00 
 4.547650e-01  3.054525e+00 
 4.551626e-01  3.919362e+00 
 4.555603e-01  4.318432e+00 
 4.559580e-01  4.373145e+00 
 4.563557e-01  4.541711e+00 
 4.567534e-01  4.816622e+00 
 4.571511e-01  5.128758e+00 
 4.575488e-01  5.626462e+00 
 4.579465e-01  5.996816e+00 
 4.583442e-01  6.148656e+00 
 4.587419e-01  6.549614e+00 
 4.591396e-01  6.903989e+00 
 4.595373e-01  6.860549e+00 
 4.599350e-01  6.419146e+00 
 4.603327e-01  5.938456e+00 
 4.607304e-01  5.504492e+00 
 4.611281e-01  5.203908e+00 
 4.615258e-01  4.969429e+00 
 4.619235e-01  5.323833e+00 
 4.623212e-01  5.229079e+00 
 4.627189e-01  4.917037e+00 
 4.631166e-01  4.850049e+00 
 4.635143e-01  4.660830e+00 
 4.639119e-01  4.425737e+00 
 4.643096e-01  4.557536e+00 
 4.647073e-01  4.372176e+00 
 4.651050e-01  3.868711e+00 
 4.655027e-01  3.553355e+00 
 4.659004e-01  3.378379e+00 
 4.662981e-01  3.724319e+00 
 4.666958e-01  3.973114e+00 
 4.670935e-01  3.879662e+00 
 4.674912e-01  3.521486e+00 
 4.678889e-01  3.389115e+00 
 4.682866e-01  3.108291e+00 
 4.686843e-01  3.010694e+00 
 4.690820e-01  3.258529e+00 
 4.694797e-01  3.139174e+00 
 4.698774e-01  2.954251e+00 
 4.702751e-01  2.696202e+00 
 4.706728e-01  2.482323e+00 
 4.710705e-01  2.483753e+00 
 4.714682e-01  2.235895e+00 
 4.718659e-01  2.071404e+00 
 4.722636e-01  1.809586e+00 
 4.726613e-01  1.460639e+00 
 4.730589e-01  1.212242e+00 
 4.734566e-01  1.080731e+00 
 4.738543e-01  1.064702e+00 
 4.742520e-01  1.189017e+00 
 4.746497e-01  1.194750e+00 
 4.750474e-01  1.209685e+00 
 4.754451e-01  1.397544e+00 
 4.758428e-01  1.678419e+00 
 4.762405e-01  1.874990e+00 
 4.766382e-01  1.770959e+00 
 4.770359e-01  1.663805e+00 
 4.774336e-01  1.812967e+00 
 4.778313e-01  1.645605e+00 
 4.782290e-01  1.296460e+00 
 4.786267e-01  9.025757e-01 
 4.790244e-01  1.959666e-01 
 4.794221e-01 -3.259346e-01 
 4.798198e-01 -1.308167e-01 
 4.802175e-01  5.502741e-01 
 4.806152e-01  1.149478e+00 
 4.810129e-01  1.558038e+00 
 4.814106e-01  1.714417e+00 
 4.818083e-01  1.890093e+00 
 4.822059e-01  2.260376e+00 
 4.826036e-01  2.109805e+00 
 4.830013e-01  2.398082e+00 
 4.833990e-01  2.722854e+00 
 4.837967e-01  3.309808e+00 
 4.841944e-01  4.167665e+00 
 4.845921e-01  4.961889e+00 
 4.849898e-01  5.150549e+00 
 4.853875e-01  5.106785e+00 
 4.857852e-01  4.868049e+00 
 4.861829e-01  4.482553e+00 
 4.865806e-01  4.601507e+00 
 4.869783e-01  4.528322e+00 
 4.873760e-01  4.219306e+00 
 4.877737e-01  3.813476e+00 
 4.881714e-01  3.493713e+00 
 4.885691e-01  2.858511e+00 
 4.889668e-01  2.478145e+00 
 4.893645e-01  2.182836e+00 
 4.897622e-01  2.029175e+00 
 4.901599e-01  1.723903e+00 
 4.905576e-01  1.096070e+00 
 4.909553e-01  3.889410e-01 
 4.913529e-01 -2.989467e-01 
 4.917506e-01 -8.141125e-01 
 4.921483e-01 -1.091653e+00 
 4.925460e-01 -1.147835e+00 
 4.929437e-01 -1.463936e+00 
 4.933414e-01 -1.533795e+00 
 4.937391e-01 -2.091198e+00 
 4.941368e-01 -2.694112e+00 
 4.945345e-01 -3.065958e+00 
 4.949322e-01 -3.372017e+00 
 4.953299e-01 -3.451647e+00 
 4.957276e-01 -3.462096e+00 
 4.961253e-01 -3.894206e+00 
 4.965230e-01 -4.289911e+00 
 4.969207e-01 -4.617394e+00 
 4.973184e-01 -4.817028e+00 
 4.977161e-01 -4.825230e+00 
 4.981138e-01 -4.671100e+00 
 4.985115e-01 -4.333274e+00 
 4.989092e-01 -4.137736e+00 
 4.993069e-01 -4.293228e+00 
 4.997046e-01 -4.042033e+00 
 5.001023e-01 -3.862588e+00 
 5.004999e-01 -3.677981e+00 
 5.008976e-01 -3.691242e+00 
 5.012953e-01 -3.520912e+00 
 5.016930e-01 -3.342952e+00 
 5.020907e-01 -2.567032e+00 
 5.024884e-01 -1.491508e+00 
 5.028861e-01 -5.755084e-01 
 5.032838e-01 -7.132088e-02 
 5.036815e-01  1.690639e-01 
 5.040792e-01  4.286387e-01 
 5.044769e-01  9.042545e-01 
 5.048746e-01  1.236152e+00 
 5.052723e-01  1.355068e+00 
 5.056700e-01  1.574606e+00 
 5.060677e-01  1.636269e+00 
 5.064654e-01  2.010637e+00 
 5.068631e-01  2.460249e+00 
 5.072608e-01  2.501186e+00 
 5.076585e-01  2.050309e+00 
 5.080562e-01  1.670404e+00 
 5.084539e-01  1.425460e+00 
 5.088516e-01  1.572057e+00 
 5.092493e-01  1.915128e+00 
 5.096469e-01  2.354202e+00 
 5.100446e-01  2.676766e+00 
 5.104423e-01  2.610068e+00 
 5.108400e-01  2.464416e+00 
 5.112377e-01  2.258050e+00 
 5.116354e-01  1.781634e+00 
 5.120331e-01  1.266841e+00 
 5.124308e-01  9.766427e-01 
 5.128285e-01  8.838506e-01 
 5.132262e-01  9.913510e-01 
 5.136239e-01  1.226729e+00 
 5.140216e-01  1.202713e+00 
 5.144193e-01  1.080578e+00 
 5.148170e-01  6.211918e-01 
 5.152147e-01  1.771847e-02 
 5.156124e-01  1.557726e-01 
 5.160101e-01  3.986450e-01 
 5.164078e-01  1.616672e-01 
 5.168055e-01 -4.644356e-01 
 5.172032e-01 -1.118169e+00 
 5.176009e-01 -1.627887e+00 
 5.179986e-01 -9.926862e-01 
 5.183963e-01 -9.715865e-01 
 5.187939e-01 -9.082256e-01 
 5.191916e-01 -1.328365e+00 
 5.195893e-01 -1.882608e+00 
 5.199870e-01 -2.718618e+00 
 5.203847e-01 -3.037357e+00 
 5.207824e-01 -3.341662e+00 
 5.211801e-01 -3.839494e+00 
 5.215778e-01 -4.365408e+00 
 5.219755e-01 -4.737985e+00 
 5.223732e-01 -5.032172e+00 
 5.227709e-01 -5.458097e+00 
 5.231686e-01 -5.654941e+00 
 5.235663e-01 -5.943479e+00 
 5.239640e-01 -6.345535e+00 
 5.243617e-01 -6.719711e+00 
 5.247594e-01 -6.660585e+00 
 5.251571e-01 -6.951031e+00 
 5.255548e-01 -6.956987e+00 
 5.259525e-01 -7.080846e+00 
 5.263502e-01 -7.391664e+00 
 5.267479e-01 -7.685017e+00 
 5.271456e-01 -7.587604e+00 
 5.275433e-01 -7.392765e+00 
 5.279409e-01 -6.919718e+00 
 5.283386e-01 -6.641207e+00 
 5.287363e-01 -6.695860e+00 
 5.291340e-01 -6.520949e+00 
 5.295317e-01 -6.771300e+00 
 5.299294e-01 -6.814515e+00 
 5.303271e-01 -6.632845e+00 
 5.307248e-01 -6.530500e+00 
 5.311225e-01 -6.336504e+00 
 5.315202e-01 -5.465629e+00 
 5.319179e-01 -4.654107e+00 
 5.323156e-01 -4.012551e+00 
 5.327133e-01 -3.420646e+00 
 5.331110e-01 -3.164060e+00 
 5.335087e-01 -3.079113e+00 
 5.339064e-01 -3.178394e+00 
 5.343041e-01 -3.367970e+00 
 5.347018e-01 -3.370517e+00 
 5.350995e-01 -2.944880e+00 
 5.354972e-01 -2.444113e+00 
 5.358949e-01 -1.539515e+00 
 5.362926e-01 -5.195581e-01 
 5.366902e-01  1.283426e-01 
 5.370879e-01  2.386426e-01 
 5.374856e-01  4.433768e-02 
 5.378833e-01 -1.844992e-01 
 5.382810e-01 -2.696239e-01 
 5.386787e-01 -4.808067e-01 
 5.390764e-01 -4.338754e-01 
 5.394741e-01 -6.691924e-01 
 5.398718e-01 -1.259582e+00 
 5.402695e-01 -1.540181e+00 
 5.406672e-01 -1.981962e+00 
 5.410649e-01 -2.143853e+00 
 5.414626e-01 -2.237600e+00 
 5.418603e-01 -2.231840e+00 
 5.422580e-01 -2.087277e+00 
 5.426557e-01 -2.281338e+00 
 5.430534e-01 -2.469205e+00 
 5.434511e-01 -2.633892e+00 
 5.438488e-01 -2.582470e+00 
 5.442465e-01 -2.435279e+00 
 5.446442e-01 -2.075230e+00 
 5.450419e-01 -1.911271e+00 
 5.454396e-01 -1.939674e+00 
 5.458372e-01 -2.036664e+00 
 5.462349e-01 -2.252293e+00 
 5.466326e-01 -2.161120e+00 
 5.470303e-01 -1.906344e+00 
 5.474280e-01 -2.329106e+00 
 5.478257e-01 -2.648153e+00 
 5.482234e-01 -2.540257e+00 
 5.486211e-01 -2.663265e+00 
 5.490188e-01 -2.670457e+00 
 5.494165e-01 -2.300867e+00 
 5.498142e-01 -2.193772e+00 
 5.502119e-01 -1.708692e+00 
 5.506096e-01 -1.060552e+00 
 5.510073e-01 -8.455720e-01 
 5.514050e-01 -4.083135e-01 
 5.518027e-01 -1.610157e-01 
 5.522004e-01 -4.145007e-01 
 5.525981e-01 -4.036960e-01 
 5.529958e-01 -3.323634e-01 
 5.533935e-01 -2.552605e-01 
 5.537912e-01  1.358128e-01 
 5.541889e-01  8.668371e-01 
 5.545866e-01  1.187783e+00 
 5.549842e-01  1.250831e+00 
 5.553819e-01  9.171473e-01 
 5.557796e-01  4.106433e-01 
 5.561773e-01  6.905094e-02 
 5.565750e-01 -1.967220e-01 
 5.569727e-01 -2.254786e-01 
 5.573704e-01  1.682657e-01 
 5.577681e-01  4.353924e-01 
 5.581658e-01  7.710509e-01 
 5.585635e-01  1.095039e+00 
 5.589612e-01  1.383052e+00 
 5.593589e-01  1.556636e+00 
 5.597566e-01  1.878051e+00 
 5.601543e-01  2.100151e+00 
 5.605520e-01  2.367685e+00 
 5.609497e-01  2.596189e+00 
 5.613474e-01  3.125870e+00 
 5.617451e-01  3.790740e+00 
 5.621428e-01  4.041532e+00 
 5.625405e-01  4.511052e+00 
 5.629382e-01  4.771688e+00 
 5.633359e-01  4.563481e+00 
 5.637336e-01  4.510331e+00 
 5.641312e-01  4.990427e+00 
 5.645289e-01  5.214522e+00 
 5.649266e-01  5.390395e+00 
 5.653243e-01  5.441676e+00 
 5.657220e-01  5.723546e+00 
 5.661197e-01  5.230547e+00 
 5.665174e-01  4.667053e+00 
 5.669151e-01  4.308762e+00 
 5.673128e-01  4.172731e+00 
 5.677105e-01  4.092944e+00 
 5.681082e-01  3.531212e+00 
 5.685059e-01  2.911891e+00 
 5.689036e-01  2.555870e+00 
 5.693013e-01  2.711579e+00 
 5.696990e-01  2.582325e+00 
 5.700967e-01  2.648803e+00 
 5.704944e-01  2.707015e+00 
 5.708921e-01  2.418489e+00 
 5.712898e-01  1.936707e+00 
 5.716875e-01  1.881899e+00 
 5.720852e-01  1.399144e+00 
 5.724829e-01  1.168984e+00 
 5.728806e-01  1.074039e+00 
 5.732782e-01  7.205002e-01 
 5.736759e-01  3.267085e-01 
 5.740736e-01 -5.853819e-02 
 5.744713e-01 -6.343622e-01 
 5.748690e-01 -9.614053e-01 
 5.752667e-01 -1.127274e+00 
 5.756644e-01 -1.441137e+00 
 5.760621e-01 -1.454552e+00 
 5.764598e-01 -1.668346e+00 
 5.768575e-01 -1.784629e+00 
 5.772552e-01 -1.709150e+00 
 5.776529e-01 -1.803100e+00 
 5.780506e-01 -1.789869e+00 
 5.784483e-01 -1.377782e+00 
 5.788460e-01 -1.159661e+00 
 5.792437e-01 -1.064964e+00 
 5.796414e-01 -1.880112e-01 
 5.800391e-01  3.193564e-01 
 5.804368e-01  5.270967e-01 
 5.808345e-01  7.943631e-01 
 5.812322e-01  7.550905e-01 
 5.816299e-01  4.898093e-01 
 5.820276e-01  5.137306e-01 
 5.824252e-01  6.372576e-01 
 5.828229e-01  1.212282e+00 
 5.832206e-01  1.863664e+00 
 5.836183e-01  2.236490e+00 
 5.840160e-01  2.601787e+00 
 5.844137e-01  2.668967e+00 
 5.848114e-01  2.328742e+00 
 5.852091e-01  2.267433e+00 
 5.856068e-01  2.117851e+00 
 5.860045e-01  1.877914e+00 
 5.864022e-01  2.115241e+00 
 5.867999e-01  2.529443e+00 
 5.871976e-01  3.079416e+00 
 5.875953e-01  3.365746e+00 
 5.879930e-01  4.071062e+00 
 5.883907e-01  4.541932e+00 
 5.887884e-01  4.718491e+00 
 5.891861e-01  4.904997e+00 
 5.895838e-01  4.756973e+00 
 5.899815e-01  4.746113e+00 
 5.903792e-01  4.905059e+00 
 5.907769e-01  5.138134e+00 
 5.911746e-01  5.469010e+00 
 5.915722e-01  5.824016e+00 
 5.919699e-01  6.220540e+00 
 5.923676e-01  6.075141e+00 
 5.927653e-01  6.264953e+00 
 5.931630e-01  6.513644e+00 
 5.935607e-01  6.613994e+00 
 5.939584e-01  6.699897e+00 
 5.943561e-01  6.310557e+00 
 5.947538e-01  5.778202e+00 
 5.951515e-01  5.482984e+00 
 5.955492e-01  5.278597e+00 
 5.959469e-01  4.982384e+00 
 5.963446e-01  4.934290e+00 
 5.967423e-01  4.641189e+00 
 5.971400e-01  4.241294e+00 
 5.975377e-01  3.955645e+00 
 5.979354e-01  3.958109e+00 
 5.983331e-01  4.205272e+00 
 5.987308e-01  3.933065e+00 
 5.991285e-01  3.420978e+00 
 5.995262e-01  2.908625e+00 
 5.999239e-01  2.241462e+00 
 6.003216e-01  1.527591e+00 
 6.007192e-01  1.461339e+00 
 6.011169e-01  1.222969e+00 
 6.015146e-01  4.447057e-01 
 6.019123e-01  9.486377e-02 
 6.023100e-01 -4.590258e-01 
 6.027077e-01 -8.943803e-01 
 6.031054e-01 -1.321719e+00 
 6.035031e-01 -1.510903e+00 
 6.039008e-01 -2.128400e+00 
 6.042985e-01 -2.421316e+00 
 6.046962e-01 -2.959087e+00 
 6.050939e-01 -2.764496e+00 
 6.054916e-01 -2.367200e+00 
 6.058893e-01 -2.169337e+00 
 6.062870e-01 -1.940657e+00 
 6.066847e-01 -1.669326e+00 
 6.070824e-01 -2.049520e+00 
 6.074801e-01 -2.223960e+00 
 6.078778e-01 -2.561417e+00 
 6.082755e-01 -2.915726e+00 
 6.086732e-01 -3.080944e+00 
 6.090709e-01 -2.693665e+00 
 6.094685e-01 -1.892018e+00 
 6.098662e-01 -1.545441e+00 
 6.102639e-01 -1.550388e+00 
 6.106616e-01 -1.552177e+00 
 6.110593e-01 -1.652907e+00 
 6.114570e-01 -1.592702e+00 
 6.118547e-01 -1.269102e+00 
 6.122524e-01 -8.189605e-01 
 6.126501e-01 -5.701311e-01 
 6.130478e-01 -6.053009e-01 
 6.134455e-01 -4.698051e-01 
 6.138432e-01 -2.469716e-01 
 6.142409e-01 -2.423105e-01 
 6.146386e-01 -6.690302e-01 
 6.150363e-01 -1.058531e+00 
 6.154340e-01 -1.140695e+00 
 6.158317e-01 -1.406380e+00 
 6.162294e-01 -1.561945e+00 
 6.166271e-01 -1.158730e+00 
 6.170248e-01 -1.130753e+00 
 6.174225e-01 -1.282907e+00 
 6.178202e-01 -1.715213e+00 
 6.182179e-01 -2.082812e+00 
 6.186155e-01 -2.070472e+00 
 6.190132e-01 -1.854399e+00 
 6.194109e-01 -1.635696e+00 
 6.198086e-01 -1.860553e+00 
 6.202063e-01 -2.203637e+00 
 6.206040e-01 -2.281819e+00 
 6.210017e-01 -2.131013e+00 
 6.213994e-01 -2.177819e+00 
 6.217971e-01 -1.852275e+00 
 6.221948e-01 -2.058662e+00 
 6.225925e-01 -2.523108e+00 
 6.229902e-01 -2.831589e+00 
 6.233879e-01 -2.953304e+00 
 6.237856e-01 -3.488472e+00 
 6.241833e-01 -3.801156e+00 
 6.245810e-01 -3.984354e+00 
 6.249787e-01 -4.425945e+00 
 6.253764e-01 -4.769124e+00 
 6.257741e-01 -4.907421e+00 
 6.261718e-01 -5.109751e+00 
 6.265695e-01 -4.958979e+00 
 6.269672e-01 -4.939360e+00 
 6.273649e-01 -4.772642e+00 
 6.277625e-01 -4.460529e+00 
 6.281602e-01 -4.753089e+00 
 6.285579e-01 -5.224139e+00 
 6.289556e-01 -5.507873e+00 
 6.293533e-01 -5.928761e+00 
 6.297510e-01 -6.045320e+00 
 6.301487e-01 -5.758587e+00 
 6.305464e-01 -5.616860e+00 
 6.309441e-01 -5.378255e+00 
 6.313418e-01 -5.060406e+00 
 6.317395e-01 -4.790386e+00 
 6.321372e-01 -4.492220e+00 
 6.325349e-01 -4.266651e+00 
 6.329326e-01 -4.448521e+00 
 6.333303e-01 -4.881307e+00 
 6.337280e-01 -5.421109e+00 
 6.341257e-01 -5.586583e+00 
 6.345234e-01 -5.451668e+00 
 6.349211e-01 -4.786699e+00 
 6.353188e-01 -4.477597e+00 
 6.357165e-01 -4.269943e+00 
 6.361142e-01 -3.976661e+00 
 6.365119e-01 -3.809810e+00 
 6.369095e-01 -3.782293e+00 
 6.373072e-01 -3.586191e+00 
 6.377049e-01 -3.057991e+00 
 6.381026e-01 -2.621435e+00 
 6.385003e-01 -1.718321e+00 
 6.388980e-01 -5.429089e-01 
 6.392957e-01  4.041617e-01 
 6.396934e-01  1.419894e+00 
 6.400911e-01  2.489991e+00 
 6.404888e-01  2.902650e+00 
 6.408865e-01  3.269028e+00 
 6.412842e-01  3.444630e+00 
 6.416819e-01  3.712116e+00 
 6.420796e-01  3.818321e+00 
 6.424773e-01  3.714729e+00 
 6.428750e-01  3.844208e+00 
 6.432727e-01  4.101454e+00 
 6.436704e-01  3.838217e+00 
 6.440681e-01  3.331851e+00 
 6.444658e-01  3.384029e+00 
 6.448635e-01  3.152534e+00 
 6.452612e-01  2.966519e+00 
 6.456589e-01  2.869555e+00 
 6.460565e-01  2.704739e+00 
 6.464542e-01  2.022919e+00 
 6.468519e-01  1.329020e+00 
 6.472496e-01  7.005473e-01 
 6.476473e-01  5.580530e-01 
 6.480450e-01  5.276645e-01 
 6.484427e-01  3.813999e-01 
 6.488404e-01  2.974849e-01 
 6.492381e-01 -1.566263e-01 
 6.496358e-01 -4.457099e-01 
 6.500335e-01 -4.499971e-01 
 6.504312e-01 -5.929984e-01 
 6.508289e-01 -1.387297e+00 
 6.512266e-01 -2.140354e+00 
 6.516243e-01 -3.280702e+00 
 6.520220e-01 -4.089479e+00 
 6.524197e-01 -4.538932e+00 
 6.528174e-01 -4.797638e+00 
 6.532151e-01 -4.988799e+00 
 6.536128e-01 -5.212652e+00 
 6.540105e-01 -5.584702e+00 
 6.544082e-01 -5.851709e+00 
 6.548059e-01 -5.949200e+00 
 6.552035e-01 -6.041831e+00 
 6.556012e-01 -6.006788e+00 
 6.559989e-01 -6.240862e+00 
 6.563966e-01 -6.137440e+00 
 6.567943e-01 -5.823766e+00 
 6.571920e-01 -5.088381e+00 
 6.575897e-01 -4.327112e+00 
 6.579874e-01 -3.881948e+00 
 6.583851e-01 -3.521897e+00 
 6.587828e-01 -3.197151e+00 
 6.591805e-01 -2.550613e+00 
 6.595782e-01 -2.174355e+00 
 6.599759e-01 -2.048262e+00 
 6.603736e-01 -1.791704e+00 
 6.607713e-01 -1.409551e+00 
 6.611690e-01 -6.967706e-01 
 6.615667e-01 -3.758010e-01 
 6.619644e-01 -4.626848e-02 
 6.623621e-01 -3.771912e-02 
 6.627598e-01 -2.672496e-01 
 6.631575e-01 -3.498938e-01 
 6.635552e-01  1.290920e-01 
 6.639529e-01  4.910948e-01 
 6.643505e-01  8.865110e-01 
 6.647482e-01  1.074185e+00 
 6.651459e-01  1.332607e+00 
 6.655436e-01  1.839892e+00 
 6.659413e-01  2.109618e+00 
 6.663390e-01  2.529344e+00 
 6.667367e-01  3.067268e+00 
 6.671344e-01  3.347765e+00 
 6.675321e-01  3.382947e+00 
 6.679298e-01  3.844181e+00 
 6.683275e-01  4.276414e+00 
 6.687252e-01  4.446950e+00 
 6.691229e-01  4.187977e+00 
 6.695206e-01  3.464978e+00 
 6.699183e-01  3.024356e+00 
 6.703160e-01  2.818916e+00 
 6.707137e-01  2.582954e+00 
 6.711114e-01  2.609271e+00 
 6.715091e-01  2.463600e+00 
 6.719068e-01  1.550531e+00 
 6.723045e-01  1.177559e+00 
 6.727022e-01  1.090269e+00 
 6.730999e-01  7.353140e-01 
 6.734975e-01  2.888927e-01 
 6.738952e-01 -7.389652e-02 
 6.742929e-01 -3.287843e-01 
 6.746906e-01 -5.950062e-01 
 6.750883e-01 -9.475016e-01 
 6.754860e-01 -1.227015e+00 
 6.758837e-01 -1.230690e+00 
 6.762814e-01 -1.863720e+00 
 6.766791e-01 -2.002252e+00 
 6.770768e-01 -2.051293e+00 
 6.774745e-01 -2.252498e+00 
 6.778722e-01 -2.275830e+00 
 6.782699e-01 -2.014714e+00 
 6.786676e-01 -1.995144e+00 
 6.790653e-01 -2.054138e+00 
 6.794630e-01 -1.953864e+00 
 6.798607e-01 -1.920766e+00 
 6.802584e-01 -1.852492e+00 
 6.806561e-01 -1.960691e+00 
 6.810538e-01 -2.117067e+00 
 6.814515e-01 -2.085865e+00 
 6.818492e-01 -1.568600e+00 
 6.822468e-01 -1.214160e+00 
 6.826445e-01 -6.661261e-01 
 6.830422e-01 -1.744257e-01 
 6.834399e-01  1.926057e-01 
 6.838376e-01  7.126033e-01 
 6.842353e-01  1.073126e+00 
 6.846330e-01  1.310643e+00 
 6.850307e-01  9.895521e-01 
 6.854284e-01  9.847477e-01 
 6.858261e-01  1.382618e+00 
 6.862238e-01  2.315830e+00 
 6.866215e-01  3.613083e+00 
 6.870192e-01  4.452792e+00 
 6.874169e-01  4.938685e+00 
 6.878146e-01  5.320277e+00 
 6.882123e-01  5.536207e+00 
 6.886100e-01  5.532917e+00 
 6.890077e-01  5.828063e+00 
 6.894054e-01  6.321091e+00 
 6.898031e-01  6.526072e+00 
 6.902008e-01  6.668712e+00 
 6.905985e-01  6.777854e+00 
 6.909962e-01  6.826299e+00 
 6.913938e-01  7.148911e+00 
 6.917915e-01  6.918955e+00 
 6.921892e-01  6.525994e+00 
 6.925869e-01  6.476450e+00 
 6.929846e-01  6.168228e+00 
 6.933823e-01  5.793251e+00 
 6.937800e-01  6.031569e+00 
 6.941777e-01  5.861960e+00 
 6.945754e-01  5.686503e+00 
 6.949731e-01  5.524552e+00 
 6.953708e-01  5.304131e+00 
 6.957685e-01  5.030134e+00 
 6.961662e-01  4.967562e+00 
 6.965639e-01  4.761293e+00 
 6.969616e-01  4.421226e+00 
 6.973593e-01  3.874195e+00 
 6.977570e-01  3.378465e+00 
 6.981547e-01  2.955921e+00 
 6.985524e-01  2.363273e+00 
 6.989501e-01  2.074020e+00 
 6.993478e-01  2.125622e+00 
 6.997455e-01  2.090871e+00 
 7.001432e-01  2.058781e+00 
 7.005408e-01  2.181467e+00 
 7.009385e-01  2.171842e+00 
 7.013362e-01  2.091488e+00 
 7.017339e-01  1.850601e+00 
 7.021316e-01  1.449297e+00 
 7.025293e-01  9.793543e-01 
 7.029270e-01  4.379068e-01 
 7.033247e-01  3.694479e-02 
 7.037224e-01 -1.755841e-01 
 7.041201e-01 -2.351308e-01 
 7.045178e-01 -2.017845e-01 
 7.049155e-01 -1.298360e-01 
 7.053132e-01 -3.364516e-02 
 7.057109e-01 -1.672424e-01 
 7.061086e-01 -2.729674e-01 
 7.065063e-01 -3.998938e-01 
 7.069040e-01 -2.571897e-01 
 7.073017e-01 -3.686304e-02 
 7.076994e-01 -2.159899e-01 
 7.080971e-01 -1.424310e-01 
 7.084948e-01  1.288676e-02 
 7.088925e-01  4.378121e-01 
 7.092902e-01  4.651928e-01 
 7.096878e-01  1.425142e-01 
 7.100855e-01  9.341832e-02 
 7.104832e-01  4.258009e-02 
 7.108809e-01 -2.305877e-01 
 7.112786e-01 -6.630847e-01 
 7.116763e-01 -9.029251e-01 
 7.120740e-01 -9.458538e-01 
 7.124717e-01 -7.525863e-01 
 7.128694e-01 -7.190427e-01 
 7.132671e-01 -7.747166e-01 
 7.136648e-01 -8.810610e-01 
 7.140625e-01 -1.334526e+00 
 7.144602e-01 -1.714951e+00 
 7.148579e-01 -1.304823e+00 
 7.152556e-01 -9.855785e-01 
 7.156533e-01 -8.739161e-01 
 7.160510e-01 -2.604355e-01 
 7.164487e-01  1.697182e-01 
 7.168464e-01  1.536925e-01 
 7.172441e-01  3.743175e-01 
 7.176418e-01  4.180590e-01 
 7.180395e-01  4.542025e-01 
 7.184372e-01  4.497475e-01 
 7.188348e-01  2.844437e-01 
 7.192325e-01  3.564896e-01 
 7.196302e-01  1.785284e-01 
 7.200279e-01 -1.093926e-01 
 7.204256e-01 -2.354947e-01 
 7.208233e-01 -7.390119e-01 
 7.212210e-01 -1.601915e+00 
 7.216187e-01 -2.249217e+00 
 7.220164e-01 -2.450176e+00 
 7.224141e-01 -2.512752e+00 
 7.228118e-01 -2.727740e+00 
 7.232095e-01 -3.321854e+00 
 7.236072e-01 -3.820528e+00 
 7.240049e-01 -3.980351e+00 
 7.244026e-01 -4.377969e+00 
 7.248003e-01 -4.690053e+00 
 7.251980e-01 -4.743949e+00 
 7.255957e-01 -4.837582e+00 
 7.259934e-01 -4.800457e+00 
 7.263911e-01 -4.544852e+00 
 7.267888e-01 -4.396293e+00 
 7.271865e-01 -4.292101e+00 
 7.275842e-01 -4.374048e+00 
 7.279818e-01 -4.093840e+00 
 7.283795e-01 -4.430214e+00 
 7.287772e-01 -4.578238e+00 
 7.291749e-01 -4.771337e+00 
 7.295726e-01 -4.396388e+00 
 7.299703e-01 -4.257222e+00 
 7.303680e-01 -4.149467e+00 
 7.307657e-01 -4.212708e+00 
 7.311634e-01 -4.611041e+00 
 7.315611e-01 -4.764189e+00 
 7.319588e-01 -5.010038e+00 
 7.323565e-01 -5.164636e+00 
 7.327542e-01 -5.179925e+00 
 7.331519e-01 -4.885251e+00 
 7.335496e-01 -4.036851e+00 
 7.339473e-01 -3.223698e+00 
 7.343450e-01 -2.265845e+00 
 7.347427e-01 -1.225557e+00 
 7.351404e-01 -5.702166e-01 
 7.355381e-01 -3.771117e-01 
 7.359358e-01  2.208230e-02 
 7.363335e-01  2.590448e-01 
 7.367312e-01 -2.378853e-01 
 7.371288e-01 -5.369711e-02 
 7.375265e-01  3.105523e-01 
 7.379242e-01  5.066605e-01 
 7.383219e-01  8.170500e-01 
 7.387196e-01  1.273950e+00 
 7.391173e-01  1.102765e+00 
 7.395150e-01  1.007792e+00 
 7.399127e-01  7.088663e-01 
 7.403104e-01  1.091235e-01 
 7.407081e-01 -1.259919e-01 
 7.411058e-01 -6.139602e-01 
 7.415035e-01 -7.363730e-01 
 7.419012e-01 -6.422775e-01 
 7.422989e-01 -7.615872e-01 
 7.426966e-01 -6.890108e-01 
 7.430943e-01 -2.009126e-01 
 7.434920e-01 -7.510891e-03 
 7.438897e-01  1.966375e-01 
 7.442874e-01  5.498617e-01 
 7.446851e-01  7.040487e-01 
 7.450828e-01  6.079745e-01 
 7.454805e-01  7.979655e-01 
 7.458782e-01  9.507946e-01 
 7.462758e-01  9.595747e-01 
 7.466735e-01  8.208289e-01 
 7.470712e-01  6.960021e-01 
 7.474689e-01  7.288535e-01 
 7.478666e-01  8.649451e-01 
 7.482643e-01  9.370238e-01 
 7.486620e-01  1.108660e+00 
 7.490597e-01  7.855949e-01 
 7.494574e-01  1.141952e-01 
 7.498551e-01 -5.730186e-01 
 7.502528e-01 -7.847273e-01 
 7.506505e-01 -6.917685e-01 
 7.510482e-01 -9.537100e-01 
 7.514459e-01 -1.123567e+00 
 7.518436e-01 -1.410233e+00 
 7.522413e-01 -1.564880e+00 
 7.526390e-01 -1.405867e+00 
 7.530367e-01 -1.193956e+00 
 7.534344e-01 -1.320297e+00 
 7.538321e-01 -1.669663e+00 
 7.542298e-01 -1.998169e+00 
 7.546275e-01 -2.341301e+00 
 7.550251e-01 -2.307688e+00 
 7.554228e-01 -2.206647e+00 
 7.558205e-01 -2.085842e+00 
 7.562182e-01 -1.590111e+00 
 7.566159e-01 -1.428026e+00 
 7.570136e-01 -1.240237e+00 
 7.574113e-01 -1.444733e+00 
 7.578090e-01 -2.273064e+00 
 7.582067e-01 -2.727067e+00 
 7.586044e-01 -3.009293e+00 
 7.590021e-01 -3.350310e+00 
 7.593998e-01 -3.908533e+00 
 7.597975e-01 -3.738094e+00 
 7.601952e-01 -3.767717e+00 
 7.605929e-01 -3.978950e+00 
 7.609906e-01 -4.055503e+00 
 7.613883e-01 -4.056542e+00 
 7.617860e-01 -3.551135e+00 
 7.621837e-01 -3.419890e+00 
 7.625814e-01 -3.394811e+00 
 7.629791e-01 -2.967884e+00 
 7.633768e-01 -2.943729e+00 
 7.637745e-01 -2.871425e+00 
 7.641721e-01 -2.462402e+00 
 7.645698e-01 -2.452647e+00 
 7.649675e-01 -2.907860e+00 
 7.653652e-01 -2.957659e+00 
 7.657629e-01 -3.135980e+00 
 7.661606e-01 -3.042639e+00 
 7.665583e-01 -2.829261e+00 
 7.669560e-01 -2.651865e+00 
 7.673537e-01 -2.591296e+00 
 7.677514e-01 -2.614493e+00 
 7.681491e-01 -2.677290e+00 
 7.685468e-01 -2.707937e+00 
 7.689445e-01 -2.527785e+00 
 7.693422e-01 -2.658317e+00 
 7.697399e-01 -2.872581e+00 
 7.701376e-01 -2.766420e+00 
 7.705353e-01 -2.729365e+00 
 7.709330e-01 -2.689731e+00 
 7.713307e-01 -2.378593e+00 
 7.717284e-01 -2.122113e+00 
 7.721261e-01 -2.049495e+00 
 7.725238e-01 -2.321254e+00 
 7.729215e-01 -2.574186e+00 
 7.733191e-01 -2.502753e+00 
 7.737168e-01 -2.060610e+00 
 7.741145e-01 -1.432563e+00 
 7.745122e-01 -1.137266e+00 
 7.749099e-01 -8.005424e-01 
 7.753076e-01 -6.321555e-01 
 7.757053e-01 -5.497056e-01 
 7.761030e-01 -5.442681e-01 
 7.765007e-01 -4.839315e-01 
 7.768984e-01 -2.196251e-01 
 7.772961e-01  2.028012e-01 
 7.776938e-01  6.786878e-01 
 7.780915e-01  1.022491e+00 
 7.784892e-01  1.270954e+00 
 7.788869e-01  1.209803e+00 
 7.792846e-01  1.445405e+00 
 7.796823e-01  1.996501e+00 
 7.800800e-01  1.741026e+00 
 7.804777e-01  1.585169e+00 
 7.808754e-01  1.790859e+00 
 7.812731e-01  2.051866e+00 
 7.816708e-01  2.461027e+00 
 7.820685e-01  2.805516e+00 
 7.824661e-01  3.164586e+00 
 7.828638e-01  3.303702e+00 
 7.832615e-01  3.236353e+00 
 7.836592e-01  2.818723e+00 
 7.840569e-01  2.956333e+00 
 7.844546e-01  3.103110e+00 
 7.848523e-01  2.936490e+00 
 7.852500e-01  3.425101e+00 
 7.856477e-01  3.772008e+00 
 7.860454e-01  3.577602e+00 
 7.864431e-01  3.629466e+00 
 7.868408e-01  3.571818e+00 
 7.872385e-01  3.010377e+00 
 7.876362e-01  3.049413e+00 
 7.880339e-01  2.663426e+00 
 7.884316e-01  2.520984e+00 
 7.888293e-01  2.347912e+00 
 7.892270e-01  2.409849e+00 
 7.896247e-01  2.744657e+00 
 7.900224e-01  3.263939e+00 
 7.904201e-01  3.174254e+00 
 7.908178e-01  3.250090e+00 
 7.912155e-01  3.465932e+00 
 7.916131e-01  3.227152e+00 
 7.920108e-01  2.967452e+00 
 7.924085e-01  3.018975e+00 
 7.928062e-01  3.015633e+00 
 7.932039e-01  2.652157e+00 
 7.936016e-01  3.008850e+00 
 7.939993e-01  3.186624e+00 
 7.943970e-01  3.930356e+00 
 7.947947e-01  4.498822e+00 
 7.951924e-01  4.759683e+00 
 7.955901e-01  4.843628e+00 
 7.959878e-01  4.777139e+00 
 7.963855e-01  4.631866e+00 
 7.967832e-01  4.520341e+00 
 7.971809e-01  4.656304e+00 
 7.975786e-01  4.478137e+00 
 7.979763e-01  4.269783e+00 
 7.983740e-01  4.011849e+00 
 7.987717e-01  3.541945e+00 
 7.991694e-01  2.886353e+00 
 7.995671e-01  2.863320e+00 
 7.999648e-01  2.936929e+00 
 8.003625e-01  3.097443e+00 
 8.007601e-01  2.821271e+00 
 8.011578e-01  2.154492e+00 
 8.015555e-01  1.403998e+00 
 8.019532e-01  1.209361e+00 
 8.023509e-01  1.180392e+00 
 8.027486e-01  1.149116e+00 
 8.031463e-01  1.738020e+00 
 8.035440e-01  1.935489e+00 
 8.039417e-01  1.993761e+00 
 8.043394e-01  1.978382e+00 
 8.047371e-01  1.664403e+00 
 8.051348e-01  1.328112e+00 
 8.055325e-01  6.511683e-01 
 8.059302e-01  9.486058e-02 
 8.063279e-01 -1.109719e-01 
 8.067256e-01  1.276748e-01 
 8.071233e-01  9.761322e-03 
 8.075210e-01  2.695183e-02 
 8.079187e-01  4.098572e-01 
 8.083164e-01  8.519361e-02 
 8.087141e-01 -5.393198e-02 
 8.091118e-01 -2.648123e-01 
 8.095095e-01 -5.501040e-01 
 8.099071e-01 -7.959232e-01 
 8.103048e-01 -1.138859e+00 
 8.107025e-01 -9.804922e-01 
 8.111002e-01 -5.129639e-01 
 8.114979e-01 -2.973201e-01 
 8.118956e-01 -3.693447e-02 
 8.122933e-01  4.101585e-01 
 8.126910e-01  3.209675e-01 
 8.130887e-01  4.105982e-01 
 8.134864e-01  7.596567e-01 
 8.138841e-01  8.515284e-01 
 8.142818e-01  6.348595e-01 
 8.146795e-01  5.011132e-01 
 8.150772e-01  3.272296e-01 
 8.154749e-01  1.688467e-01 
 8.158726e-01  1.600231e-01 
 8.162703e-01 -1.518573e-01 
 8.166680e-01 -4.210664e-01 
 8.170657e-01 -5.494251e-01 
 8.174634e-01 -7.385215e-01 
 8.178611e-01 -7.977033e-01 
 8.182588e-01 -4.577904e-01 
 8.186564e-01 -5.348270e-01 
 8.190541e-01 -5.405319e-01 
 8.194518e-01 -8.304028e-01 
 8.198495e-01 -8.863268e-01 
 8.202472e-01 -9.086549e-01 
 8.206449e-01 -7.039575e-01 
 8.210426e-01 -4.457481e-01 
 8.214403e-01 -2.372312e-01 
 8.218380e-01 -2.158292e-02 
 8.222357e-01 -1.769589e-01 
 8.226334e-01  2.252546e-01 
 8.230311e-01  9.039958e-01 
 8.234288e-01  1.668523e+00 
 8.238265e-01  1.756688e+00 
 8.242242e-01  1.507976e+00 
 8.246219e-01  1.061881e+00 
 8.250196e-01  8.006912e-01 
 8.254173e-01  5.300548e-01 
 8.258150e-01  4.096786e-01 
 8.262127e-01  1.463069e-01 
 8.266104e-01 -4.312964e-01 
 8.270081e-01 -1.030408e+00 
 8.274058e-01 -1.346930e+00 
 8.278034e-01 -1.668036e+00 
 8.282011e-01 -2.412350e+00 
 8.285988e-01 -2.411003e+00 
 8.289965e-01 -2.149396e+00 
 8.293942e-01 -1.658954e+00 
 8.297919e-01 -1.330499e+00 
 8.301896e-01 -1.075179e+00 
 8.305873e-01 -1.022985e+00 
 8.309850e-01 -1.125261e+00 
 8.313827e-01 -9.800554e-01 
 8.317804e-01 -1.216096e+00 
 8.321781e-01 -1.001771e+00 
 8.325758e-01 -9.347896e-01 
 8.329735e-01 -1.090672e+00 
 8.333712e-01 -7.854511e-01 
 8.337689e-01 -8.351654e-01 
 8.341666e-01 -1.110396e+00 
 8.345643e-01 -1.323797e+00 
 8.349620e-01 -1.862224e+00 
 8.353597e-01 -2.391827e+00 
 8.357574e-01 -2.449281e+00 
 8.361551e-01 -2.514035e+00 
 8.365528e-01 -2.468737e+00 
 8.369504e-01 -2.301397e+00 
 8.373481e-01 -2.073900e+00 
 8.377458e-01 -1.689756e+00 
 8.381435e-01 -1.488269e+00 
 8.385412e-01 -1.323495e+00 
 8.389389e-01 -1.130837e+00 
 8.393366e-01 -5.374109e-01 
 8.397343e-01 -4.329917e-01 
 8.401320e-01 -4.889513e-01 
 8.405297e-01 -1.435025e-01 
 8.409274e-01  2.852743e-01 
 8.413251e-01  6.863193e-01 
 8.417228e-01  9.914979e-01 
 8.421205e-01  1.399835e+00 
 8.425182e-01  1.613723e+00 
 8.429159e-01  1.358058e+00 
 8.433136e-01  9.047953e-01 
 8.437113e-01  5.507994e-01 
 8.441090e-01  1.676541e-01 
 8.445067e-01 -1.694513e-01 
 8.449044e-01 -7.021981e-01 
 8.453021e-01 -1.149021e+00 
 8.456998e-01 -1.738388e+00 
 8.460974e-01 -1.962053e+00 
 8.464951e-01 -1.849797e+00 
 8.468928e-01 -1.643778e+00 
 8.472905e-01 -1.719388e+00 
 8.476882e-01 -1.922637e+00 
 8.480859e-01 -2.258835e+00 
 8.484836e-01 -2.788485e+00 
 8.488813e-01 -3.168656e+00 
 8.492790e-01 -3.310824e+00 
 8.496767e-01 -3.320594e+00 
 8.500744e-01 -2.990119e+00 
 8.504721e-01 -2.776455e+00 
 8.508698e-01 -2.654487e+00 
 8.512675e-01 -1.952291e+00 
 8.516652e-01 -1.458829e+00 
 8.520629e-01 -1.507351e+00 
 8.524606e-01 -1.789492e+00 
 8.528583e-01 -2.309073e+00 
 8.532560e-01 -3.044139e+00 
 8.536537e-01 -3.916182e+00 
 8.540514e-01 -4.224406e+00 
 8.544491e-01 -4.421251e+00 
 8.548468e-01 -4.075130e+00 
 8.552444e-01 -4.022613e+00 
 8.556421e-01 -3.698275e+00 
 8.560398e-01 -3.478974e+00 
 8.564375e-01 -3.759433e+00 
 8.568352e-01 -3.639485e+00 
 8.572329e-01 -3.662730e+00 
 8.576306e-01 -3.750787e+00 
 8.580283e-01 -3.590819e+00 
 8.584260e-01 -3.253618e+00 
 8.588237e-01 -2.800605e+00 
 8.592214e-01 -2.264857e+00 
 8.596191e-01 -1.985697e+00 
 8.600168e-01 -1.788062e+00 
 8.604145e-01 -1.768093e+00 
 8.608122e-01 -2.064620e+00 
 8.612099e-01 -2.312041e+00 
 8.616076e-01 -2.435365e+00 
 8.620053e-01 -2.556004e+00 
 8.624030e-01 -2.500080e+00 
 8.628007e-01 -2.536182e+00 
 8.631984e-01 -2.333427e+00 
 8.635961e-01 -2.166041e+00 
 8.639938e-01 -2.273962e+00 
 8.643914e-01 -2.506658e+00 
 8.647891e-01 -2.468956e+00 
 8.651868e-01 -2.332536e+00 
 8.655845e-01 -2.444186e+00 
 8.659822e-01 -2.625064e+00 
 8.663799e-01 -3.010171e+00 
 8.667776e-01 -3.103783e+00 
 8.671753e-01 -2.793469e+00 
 8.675730e-01 -2.456063e+00 
 8.679707e-01 -2.223638e+00 
 8.683684e-01 -2.091455e+00 
 8.687661e-01 -1.893329e+00 
 8.691638e-01 -1.680788e+00 
 8.695615e-01 -1.225018e+00 
 8.699592e-01 -5.950181e-01 
 8.703569e-01 -1.977513e-01 
 8.707546e-01  8.445802e-02 
 8.711523e-01  4.026602e-01 
 8.715500e-01  4.351014e-01 
 8.719477e-01  2.527326e-01 
 8.723454e-01  3.266311e-01 
 8.727431e-01  5.614552e-01 
 8.731408e-01  7.411069e-01 
 8.735384e-01  8.412171e-01 
 8.739361e-01  1.067687e+00 
 8.743338e-01  9.160606e-01 
 8.747315e-01  9.939135e-01 
 8.751292e-01  1.055488e+00 
 8.755269e-01  1.218974e+00 
 8.759246e-01  1.040278e+00 
 8.763223e-01  6.272034e-01 
 8.767200e-01  2.393475e-01 
 8.771177e-01  2.125437e-01 
 8.775154e-01  2.570857e-01 
 8.779131e-01  3.795856e-01 
 8.783108e-01  3.813766e-01 
 8.787085e-01  1.380715e-01 
 8.791062e-01  5.871562e-02 
 8.795039e-01  4.006513e-02 
 8.799016e-01 -4.037514e-01 
 8.802993e-01 -2.394910e-01 
 8.806970e-01 -1.560619e-01 
 8.810947e-01 -3.918768e-01 
 8.814924e-01 -3.568236e-01 
 8.818901e-01 -7.587568e-01 
 8.822878e-01 -1.105834e+00 
 8.826854e-01 -1.349266e+00 
 8.830831e-01 -1.464817e+00 
 8.834808e-01 -1.496526e+00 
 8.838785e-01 -1.521253e+00 
 8.842762e-01 -1.463995e+00 
 8.846739e-01 -1.463738e+00 
 8.850716e-01 -1.209565e+00 
 8.854693e-01 -9.808298e-01 
 8.858670e-01 -6.731170e-01 
 8.862647e-01 -6.784223e-01 
 8.866624e-01 -7.878296e-01 
 8.870601e-01 -8.443002e-01 
 8.874578e-01 -5.882839e-01 
 8.878555e-01 -3.006085e-01 
 8.882532e-01  1.600645e-01 
 8.886509e-01  6.999024e-01 
 8.890486e-01  1.170287e+00 
 8.894463e-01  1.178274e+00 
 8.898440e-01  1.340775e+00 
 8.902417e-01  1.736547e+00 
 8.906394e-01  2.204201e+00 
 8.910371e-01  2.660058e+00 
 8.914347e-01  3.013614e+00 
 8.918324e-01  3.277832e+00 
 8.922301e-01  3.417399e+00 
 8.926278e-01  3.380627e+00 
 8.930255e-01  2.986682e+00 
 8.934232e-01  3.126298e+00 
 8.938209e-01  3.255927e+00 
 8.942186e-01  3.186793e+00 
 8.946163e-01  3.049804e+00 
 8.950140e-01  2.681999e+00 
 8.954117e-01  2.245073e+00 
 8.958094e-01  1.983350e+00 
 8.962071e-01  1.980707e+00 
 8.966048e-01  1.995008e+00 
 8.970025e-01  1.985252e+00 
 8.974002e-01  2.197677e+00 
 8.977979e-01  2.634480e+00 
 8.981956e-01  3.467632e+00 
 8.985933e-01  3.737081e+00 
 8.989910e-01  3.786863e+00 
 8.993887e-01  4.011801e+00 
 8.997864e-01  3.835414e+00 
 9.001841e-01  3.469809e+00 
 9.005817e-01  3.392145e+00 
 9.009794e-01  3.366765e+00 
 9.013771e-01  2.889222e+00 
 9.017748e-01  2.793013e+00 
 9.021725e-01  2.716901e+00 
 9.025702e-01  2.738478e+00 
 9.029679e-01  3.036341e+00 
 9.033656e-01  2.510777e+00 
 9.037633e-01  2.126495e+00 
 9.041610e-01  1.476809e+00 
 9.045587e-01  6.434670e-01 
 9.049564e-01  1.718426e-02 
 9.053541e-01 -2.827759e-01 
 9.057518e-01 -4.495623e-01 
 9.061495e-01 -3.842367e-01 
 9.065472e-01  7.828715e-02 
 9.069449e-01  7.257066e-01 
 9.073426e-01  1.115838e+00 
 9.077403e-01  1.036272e+00 
 9.081380e-01  1.056463e+00 
 9.085357e-01  6.801042e-01 
 9.089334e-01  2.829873e-01 
 9.093311e-01  1.025422e-01 
 9.097287e-01  4.257193e-01 
 9.101264e-01  4.150373e-01 
 9.105241e-01  5.572251e-01 
 9.109218e-01  6.776180e-01 
 9.113195e-01  8.932761e-01 
 9.117172e-01  1.077833e+00 
 9.121149e-01  9.338040e-01 
 9.125126e-01  3.633795e-01 
 9.129103e-01  6.032074e-02 
 9.133080e-01 -1.225264e-01 
 9.137057e-01  4.558689e-02 
 9.141034e-01  4.512179e-01 
 9.145011e-01  1.131327e+00 
 9.148988e-01  1.782951e+00 
 9.152965e-01  1.964743e+00 
 9.156942e-01  2.116730e+00 
 9.160919e-01  2.269822e+00 
 9.164896e-01  2.868435e+00 
 9.168873e-01  3.381536e+00 
 9.172850e-01  3.936739e+00 
 9.176827e-01  4.165211e+00 
 9.180804e-01  4.434655e+00 
 9.184781e-01  4.793129e+00 
 9.188757e-01  5.440445e+00 
 9.192734e-01  5.996322e+00 
 9.196711e-01  6.068862e+00 
 9.200688e-01  6.088042e+00 
 9.204665e-01  5.776154e+00 
 9.208642e-01  5.489856e+00 
 9.212619e-01  4.686958e+00 
 9.216596e-01  4.101721e+00 
 9.220573e-01  3.331552e+00 
 9.224550e-01  2.371397e+00 
 9.228527e-01  1.842118e+00 
 9.232504e-01  1.380229e+00 
 9.236481e-01  9.913821e-01 
 9.240458e-01  7.208099e-01 
 9.244435e-01  4.783832e-01 
 9.248412e-01  3.440754e-02 
 9.252389e-01  1.505092e-01 
 9.256366e-01  1.298042e-01 
 9.260343e-01 -1.110076e-01 
 9.264320e-01 -3.724969e-02 
 9.268297e-01 -2.340064e-01 
 9.272274e-01 -4.705982e-01 
 9.276251e-01 -5.177851e-01 
 9.280227e-01 -1.011642e+00 
 9.284204e-01 -1.178351e+00 
 9.288181e-01 -1.499834e+00 
 9.292158e-01 -1.709129e+00 
 9.296135e-01 -2.058802e+00 
 9.300112e-01 -2.515955e+00 
 9.304089e-01 -2.974028e+00 
 9.308066e-01 -3.371607e+00 
 9.312043e-01 -3.732926e+00 
 9.316020e-01 -4.115517e+00 
 9.319997e-01 -3.866451e+00 
 9.323974e-01 -3.743318e+00 
 9.327951e-01 -4.034089e+00 
 9.331928e-01 -4.377422e+00 
 9.335905e-01 -4.642101e+00 
 9.339882e-01 -4.696676e+00 
 9.343859e-01 -4.287694e+00 
 9.347836e-01 -3.829867e+00 
 9.351813e-01 -3.535915e+00 
 9.355790e-01 -3.127854e+00 
 9.359767e-01 -2.585176e+00 
 9.363744e-01 -2.165496e+00 
 9.367721e-01 -1.622030e+00 
 9.371697e-01 -1.127524e+00 
 9.375674e-01 -1.034311e+00 
 9.379651e-01 -9.225200e-01 
 9.383628e-01 -6.341311e-01 
 9.387605e-01 -7.384131e-01 
 9.391582e-01 -9.535647e-01 
 9.395559e-01 -9.819518e-01 
 9.399536e-01 -8.293280e-01 
 9.403513e-01 -6.735405e-01 
 9.407490e-01 -8.972279e-01 
 9.411467e-01 -9.912089e-01 
 9.415444e-01 -1.081578e+00 
 9.419421e-01 -1.241762e+00 
 9.423398e-01 -1.420492e+00 
 9.427375e-01 -1.243538e+00 
 9.431352e-01 -1.223117e+00 
 9.435329e-01 -1.386528e+00 
 9.439306e-01 -1.329610e+00 
 9.443283e-01 -1.169309e+00 
 9.447260e-01 -1.019224e+00 
 9.451237e-01 -6.951325e-01 
 9.455214e-01 -2.062458e-01 
 9.459191e-01  5.066798e-02 
 9.463167e-01  4.318775e-01 
 9.467144e-01  3.916492e-01 
 9.471121e-01  2.154591e-01 
 9.475098e-01  3.023562e-01 
 9.479075e-01  2.566655e-01 
 9.483052e-01 -3.425189e-01 
 9.487029e-01 -5.341026e-01 
 9.491006e-01 -8.727054e-01 
 9.494983e-01 -1.345536e+00 
 9.498960e-01 -1.132459e+00 
 9.502937e-01 -1.242866e+00 
 9.506914e-01 -1.209350e+00 
 9.510891e-01 -1.520975e+00 
 9.514868e-01 -2.179799e+00 
 9.518845e-01 -2.564428e+00 
 9.522822e-01 -2.644160e+00 
 9.526799e-01 -2.817507e+00 
 9.530776e-01 -2.704334e+00 
 9.534753e-01 -2.306675e+00 
 9.538730e-01 -2.063710e+00 
 9.542707e-01 -1.798937e+00 
 9.546684e-01 -1.101308e+00 
 9.550661e-01 -6.743118e-01 
 9.554637e-01 -9.395738e-01 
 9.558614e-01 -1.477158e+00 
 9.562591e-01 -2.115963e+00 
 9.566568e-01 -2.479298e+00 
 9.570545e-01 -2.808274e+00 
 9.574522e-01 -2.753815e+00 
 9.578499e-01 -2.255765e+00 
 9.582476e-01 -1.802337e+00 
 9.586453e-01 -1.354495e+00 
 9.590430e-01 -1.092519e+00 
 9.594407e-01 -1.031100e+00 
 9.598384e-01 -1.319098e+00 
 9.602361e-01 -1.664769e+00 
 9.606338e-01 -1.869719e+00 
 9.610315e-01 -1.768660e+00 
 9.614292e-01 -1.693944e+00 
 9.618269e-01 -1.657847e+00 
 9.622246e-01 -1.659194e+00 
 9.626223e-01 -1.283422e+00 
 9.630200e-01 -7.231396e-01 
 9.634177e-01 -3.518851e-01 
 9.638154e-01 -9.252364e-02 
 9.642130e-01  5.168331e-02 
 9.646107e-01  5.646042e-02 
 9.650084e-01 -1.392861e-01 
 9.654061e-01 -1.730029e-01 
 9.658038e-01 -1.660890e-01 
 9.662015e-01  6.161942e-02 
 9.665992e-01  3.175674e-01 
 9.669969e-01  5.001400e-01 
 9.673946e-01  3.256628e-01 
 9.677923e-01  3.320487e-01 
 9.681900e-01  3.337942e-01 
 9.685877e-01  1.613592e-01 
 9.689854e-01 -3.306997e-01 
 9.693831e-01 -9.428382e-01 
 9.697808e-01 -1.246595e+00 
 9.701785e-01 -1.674864e+00 
 9.705762e-01 -1.928964e+00 
 9.709739e-01 -2.021596e+00 
 9.713716e-01 -2.397487e+00 
 9.717693e-01 -3.028044e+00 
 9.721670e-01 -3.025877e+00 
 9.725647e-01 -3.478459e+00 
 9.729624e-01 -3.779929e+00 
 9.733600e-01 -3.605440e+00 
 9.737577e-01 -4.046608e+00 
 9.741554e-01 -4.187619e+00 
 9.745531e-01 -4.039460e+00 
 9.749508e-01 -4.028321e+00 
 9.753485e-01 -3.745483e+00 
 9.757462e-01 -3.173814e+00 
 9.761439e-01 -3.024782e+00 
 9.765416e-01 -2.969065e+00 
 9.769393e-01 -2.705450e+00 
 9.773370e-01 -2.899160e+00 
 9.777347e-01 -2.890388e+00 
 9.781324e-01 -2.795867e+00 
 9.785301e-01 -2.771949e+00 
 9.789278e-01 -2.508716e+00 
 9.793255e-01 -2.263551e+00 
 9.797232e-01 -2.137315e+00 
 9.801209e-01 -1.582023e+00 
 9.805186e-01 -1.119376e+00 
 9.809163e-01 -1.252396e+00 
 9.813140e-01 -1.125422e+00 
 9.817117e-01 -7.273543e-01 
 9.821094e-01 -4.331471e-01 
 9.825070e-01 -2.790889e-01 
 9.829047e-01 -4.543719e-02 
 9.833024e-01  1.590426e-01 
 9.837001e-01  4.281085e-01 
 9.840978e-01  7.767291e-01 
 9.844955e-01  7.148667e-01 
 9.848932e-01  4.630784e-01 
 9.852909e-01  5.526874e-01 
 9.856886e-01  7.806472e-01 
 9.860863e-01  1.158170e+00 
 9.864840e-01  1.446607e+00 
 9.868817e-01  1.595474e+00 
 9.872794e-01  1.676763e+00 
 9.876771e-01  1.718085e+00 
 9.880748e-01  1.584677e+00 
 9.884725e-01  1.393222e+00 
 9.888702e-01  1.163031e+00 
 9.892679e-01  9.870861e-01 
 9.896656e-01  6.741591e-01 
 9.900633e-01  9.871473e-02 
 9.904610e-01 -4.195460e-01 
 9.908587e-01 -5.314745e-01 
 9.912564e-01 -2.731537e-01 
 9.916540e-01 -1.181286e-01 
 9.920517e-01  2.021440e-01 
 9.924494e-01  5.268740e-01 
 9.928471e-01  5.305660e-01 
 9.932448e-01  9.278474e-01 
 9.936425e-01  1.217118e+00 
 9.940402e-01  1.544394e+00 
 9.944379e-01  1.977394e+00 
 9.948356e-01  2.319862e+00 
 9.952333e-01  2.306207e+00 
 9.956310e-01  2.667503e+00 
 9.960287e-01  2.922479e+00 
 9.964264e-01  2.626037e+00 
 9.968241e-01  2.766140e+00 
 9.972218e-01  2.541218e+00 
 9.976195e-01  2.592647e+00 
 9.980172e-01  2.594148e+00 
 9.984149e-01  2.624387e+00 
 9.988126e-01  2.724520e+00 
 9.992103e-01  2.435839e+00 
 9.996080e-01  1.804802e+00 
 1.000006e+00  1.318100e+00 
 1.000403e+00  1.171185e+00 
 1.000801e+00  8.189769e-01 
 1.001199e+00  1.059094e+00 
 1.001596e+00  1.578493e+00 
 1.001994e+00  1.571497e+00 
 1.002392e+00  1.800588e+00 
 1.002790e+00  2.079323e+00 
 1.003187e+00  1.965603e+00 
 1.003585e+00  1.638366e+00 
 1.003983e+00  1.530282e+00 
 1.004380e+00  1.666171e+00 
 1.004778e+00  2.078388e+00 
 1.005176e+00  2.479143e+00 
 1.005573e+00  2.730613e+00 
 1.005971e+00  2.821936e+00 
 1.006369e+00  3.089346e+00 
 1.006766e+00  2.930002e+00 
 1.007164e+00  2.502226e+00 
 1.007562e+00  2.199578e+00 
 1.007960e+00  1.950373e+00 
 1.008357e+00  1.654014e+00 
 1.008755e+00  1.548857e+00 
 1.009153e+00  1.540326e+00 
 1.009550e+00  1.591773e+00 
 1.009948e+00  1.805173e+00 
 1.010346e+00  2.136315e+00 
 1.010743e+00  2.560239e+00 
 1.011141e+00  2.645094e+00 
 1.011539e+00  2.705172e+00 
 1.011937e+00  2.808322e+00 
 1.012334e+00  2.759638e+00 
 1.012732e+00  2.987028e+00 
 1.013130e+00  2.944164e+00 
 1.013527e+00  3.157324e+00 
 1.013925e+00  3.746861e+00 
 1.014323e+00  4.684636e+00 
 1.014720e+00  5.400990e+00 
 1.015118e+00  5.612399e+00 
 1.015516e+00  5.451577e+00 
 1.015913e+00  4.896676e+00 
 1.016311e+00  3.803308e+00 
 1.016709e+00  2.819409e+00 
 1.017107e+00  2.298741e+00 
 1.017504e+00  1.675193e+00 
 1.017902e+00  1.493348e+00 
 1.018300e+00  1.230028e+00 
 1.018697e+00  5.721645e-01 
 1.019095e+00  2.506130e-01 
 1.019493e+00  1.123206e-01 
 1.019890e+00 -1.715515e-03 
 1.020288e+00 -1.109201e-01 
 1.020686e+00 -6.174278e-01 
 1.021084e+00 -7.098463e-01 
 1.021481e+00 -8.531247e-01 
 1.021879e+00 -9.678725e-01 
 1.022277e+00 -6.723399e-01 
 1.022674e+00 -2.956423e-01 
 1.023072e+00 -2.509101e-01 
 1.023470e+00  5.425887e-02 
 1.023867e+00  3.394737e-01 
 1.024265e+00 -4.984207e-02 
 1.024663e+00 -4.718209e-01 
 1.025060e+00 -6.678004e-01 
 1.025458e+00 -1.248508e+00 
 1.025856e+00 -1.576063e+00 
 1.026254e+00 -1.786916e+00 
 1.026651e+00 -1.778761e+00 
 1.027049e+00 -1.396295e+00 
 1.027447e+00 -9.260562e-01 
 1.027844e+00 -7.468314e-01 
 1.028242e+00 -6.799323e-01 
 1.028640e+00 -9.424220e-01 
 1.029037e+00 -1.207514e+00 
 1.029435e+00 -1.418838e+00 
 1.029833e+00 -1.209406e+00 
 1.030231e+00 -7.307176e-01 
 1.030628e+00 -5.133726e-01 
 1.031026e+00  1.896395e-01 
 1.031424e+00  9.689497e-01 
 1.031821e+00  1.578560e+00 
 1.032219e+00  1.698213e+00 
 1.032617e+00  1.681818e+00 
 1.033014e+00  1.832857e+00 
 1.033412e+00  1.777180e+00 
 1.033810e+00  1.637049e+00 
 1.034207e+00  1.425813e+00 
 1.034605e+00  1.011987e+00 
 1.035003e+00  6.741700e-01 
 1.035401e+00  5.196011e-01 
 1.035798e+00  3.236432e-01 
 1.036196e+00 -2.047002e-01 
 1.036594e+00 -6.041167e-01 
 1.036991e+00 -7.821005e-01 
 1.037389e+00 -9.677134e-01 
 1.037787e+00 -1.450956e+00 
 1.038184e+00 -1.538923e+00 
 1.038582e+00 -1.853132e+00 
 1.038980e+00 -1.982904e+00 
 1.039378e+00 -1.859614e+00 
 1.039775e+00 -2.093760e+00 
 1.040173e+00 -2.029692e+00 
 1.040571e+00 -1.549843e+00 
 1.040968e+00 -1.190285e+00 
 1.041366e+00 -1.147104e+00 
 1.041764e+00 -8.535324e-01 
 1.042161e+00 -8.624956e-01 
 1.042559e+00 -5.092098e-01 
 1.042957e+00 -3.539046e-01 
 1.043354e+00 -1.539404e-01 
 1.043752e+00  3.039811e-01 
 1.044150e+00  1.635681e-01 
 1.044548e+00 -3.997289e-01 
 1.044945e+00 -8.083780e-01 
 1.045343e+00 -9.601426e-01 
 1.045741e+00 -1.137704e+00 
 1.046138e+00 -1.024407e+00 
 1.046536e+00 -1.062946e+00 
 1.046934e+00 -1.356425e+00 
 1.047331e+00 -1.706308e+00 
 1.047729e+00 -1.999170e+00 
 1.048127e+00 -1.976484e+00 
 1.048525e+00 -1.621064e+00 
 1.048922e+00 -1.344775e+00 
 1.049320e+00 -9.752061e-01 
 1.049718e+00 -6.446548e-01 
 1.050115e+00 -5.232550e-01 
 1.050513e+00 -3.681479e-01 
 1.050911e+00 -5.267445e-01 
 1.051308e+00 -7.729616e-01 
 1.051706e+00 -1.236972e+00 
 1.052104e+00 -1.548566e+00 
 1.052501e+00 -1.387632e+00 
 1.052899e+00 -9.768427e-01 
 1.053297e+00 -1.070876e+00 
 1.053695e+00 -1.048460e+00 
 1.054092e+00 -1.189692e+00 
 1.054490e+00 -1.354831e+00 
 1.054888e+00 -1.798783e+00 
 1.055285e+00 -1.984877e+00 
 1.055683e+00 -2.130364e+00 
 1.056081e+00 -2.317134e+00 
 1.056478e+00 -2.474977e+00 
 1.056876e+00 -2.878275e+00 
 1.057274e+00 -3.057478e+00 
 1.057672e+00 -2.874977e+00 
 1.058069e+00 -2.670976e+00 
 1.058467e+00 -2.650930e+00 
 1.058865e+00 -2.583451e+00 
 1.059262e+00 -2.456635e+00 
 1.059660e+00 -2.148909e+00 
 1.060058e+00 -2.257980e+00 
 1.060455e+00 -2.230845e+00 
 1.060853e+00 -2.112152e+00 
 1.061251e+00 -2.005457e+00 
 1.061648e+00 -1.072155e+00 
 1.062046e+00 -4.498388e-01 
 1.062444e+00 -2.740432e-01 
 1.062842e+00 -9.589912e-04 
 1.063239e+00 -2.101205e-01 
 1.063637e+00 -3.479652e-01 
 1.064035e+00 -4.449226e-01 
 1.064432e+00 -6.567087e-01 
 1.064830e+00 -9.535506e-01 
 1.065228e+00 -1.059030e+00 
 1.065625e+00 -1.248548e+00 
 1.066023e+00 -1.225868e+00 
 1.066421e+00 -8.424474e-01 
 1.066819e+00 -8.877988e-01 
 1.067216e+00 -9.464039e-01 
 1.067614e+00 -1.315205e+00 
 1.068012e+00 -1.779700e+00 
 1.068409e+00 -2.301271e+00 
 1.068807e+00 -2.205325e+00 
 1.069205e+00 -2.047586e+00 
 1.069602e+00 -1.996750e+00 
 1.070000e+00 -1.890318e+00 
 1.070398e+00 -1.668747e+00 
 1.070795e+00 -1.278101e+00 
 1.071193e+00 -9.832249e-01 
 1.071591e+00 -5.864468e-01 
 1.071989e+00 -3.528691e-01 
 1.072386e+00 -7.779441e-01 
 1.072784e+00 -1.063160e+00 
 1.073182e+00 -1.156902e+00 
 1.073579e+00 -1.461621e+00 
 1.073977e+00 -1.624210e+00 
 1.074375e+00 -1.820868e+00 
 1.074772e+00 -1.567909e+00 
 1.075170e+00 -1.006900e+00 
 1.075568e+00 -8.229745e-01 
 1.075966e+00 -9.624945e-01 
 1.076363e+00 -1.374393e+00 
 1.076761e+00 -1.828928e+00 
 1.077159e+00 -2.483483e+00 
 1.077556e+00 -2.822480e+00 
 1.077954e+00 -2.931968e+00 
 1.078352e+00 -3.092624e+00 
 1.078749e+00 -3.052937e+00 
 1.079147e+00 -2.670163e+00 
 1.079545e+00 -2.522915e+00 
 1.079942e+00 -2.526986e+00 
 1.080340e+00 -2.742802e+00 
 1.080738e+00 -2.795396e+00 
 1.081136e+00 -2.763770e+00 
 1.081533e+00 -2.438162e+00 
 1.081931e+00 -2.109071e+00 
 1.082329e+00 -1.873210e+00 
 1.082726e+00 -1.541253e+00 
 1.083124e+00 -1.415000e+00 
 1.083522e+00 -1.543870e+00 
 1.083919e+00 -1.560835e+00 
 1.084317e+00 -1.516733e+00 
 1.084715e+00 -1.984163e+00 
 1.085113e+00 -2.013867e+00 
 1.085510e+00 -2.432073e+00 
 1.085908e+00 -3.187365e+00 
 1.086306e+00 -3.082349e+00 
 1.086703e+00 -3.012363e+00 
 1.087101e+00 -2.607800e+00 
 1.087499e+00 -2.129600e+00 
 1.087896e+00 -1.704190e+00 
 1.088294e+00 -1.278655e+00 
 1.088692e+00 -6.345038e-01 
 1.089089e+00 -4.124458e-01 
 1.089487e+00  2.195287e-02 
 1.089885e+00  6.863237e-01 
 1.090283e+00  1.311153e+00 
 1.090680e+00  2.013768e+00 
 1.091078e+00  2.463300e+00 
 1.091476e+00  2.876173e+00 
 1.091873e+00  3.347316e+00 
 1.092271e+00  3.621720e+00 
 1.092669e+00  3.622551e+00 
 1.093066e+00  3.998605e+00 
 1.093464e+00  4.092178e+00 
 1.093862e+00  3.830998e+00 
 1.094260e+00  3.787736e+00 
 1.094657e+00  3.777581e+00 
 1.095055e+00  3.529965e+00 
 1.095453e+00  3.710153e+00 
 1.095850e+00  3.732003e+00 
 1.096248e+00  3.375787e+00 
 1.096646e+00  3.115618e+00 
 1.097043e+00  2.969994e+00 
 1.097441e+00  2.759484e+00 
 1.097839e+00  2.558730e+00 
 1.098236e+00  2.531028e+00 
 1.098634e+00  2.260068e+00 
 1.099032e+00  2.086616e+00 
 1.099430e+00  2.164707e+00 
 1.099827e+00  2.337851e+00 
 1.100225e+00  2.589200e+00 
 1.100623e+00  2.700102e+00 
 1.101020e+00  2.356953e+00 
 1.101418e+00  1.956992e+00 
 1.101816e+00  1.595668e+00 
 1.102213e+00  1.384035e+00 
 1.102611e+00  1.189137e+00 
 1.103009e+00  6.687602e-01 
 1.103407e+00  1.853223e-01 
 1.103804e+00 -3.330853e-01 
 1.104202e+00 -3.370847e-01 
 1.104600e+00 -3.619377e-01 
 1.104997e+00 -5.009377e-01 
 1.105395e+00 -4.271276e-01 
 1.105793e+00 -4.732850e-01 
 1.106190e+00 -6.174068e-01 
 1.106588e+00 -1.026377e+00 
 1.106986e+00 -1.320764e+00 
 1.107383e+00 -1.178927e+00 
 1.107781e+00 -7.377187e-01 
 1.108179e+00 -7.229795e-01 
 1.108577e+00  3.200463e-02 
 1.108974e+00  7.912310e-01 
 1.109372e+00  1.172469e+00 
 1.109770e+00  1.708036e+00 
 1.110167e+00  1.888426e+00 
 1.110565e+00  2.063383e+00 
 1.110963e+00  2.486468e+00 
 1.111360e+00  2.601249e+00 
 1.111758e+00  2.378091e+00 
 1.112156e+00  1.957880e+00 
 1.112554e+00  1.518438e+00 
 1.112951e+00  1.478419e+00 
 1.113349e+00  1.673397e+00 
 1.113747e+00  1.644829e+00 
 1.114144e+00  1.604444e+00 
 1.114542e+00  1.344707e+00 
 1.114940e+00  9.782921e-01 
 1.115337e+00  1.055113e+00 
 1.115735e+00  1.179839e+00 
 1.116133e+00  1.328803e+00 
 1.116530e+00  1.630642e+00 
 1.116928e+00  1.777712e+00 
 1.117326e+00  1.782943e+00 
 1.117724e+00  2.277688e+00 
 1.118121e+00  2.851988e+00 
 1.118519e+00  3.360108e+00 
 1.118917e+00  3.752803e+00 
 1.119314e+00  3.755984e+00 
 1.119712e+00  3.544939e+00 
 1.120110e+00  3.248576e+00 
 1.120507e+00  3.053623e+00 
 1.120905e+00  2.854810e+00 
 1.121303e+00  2.755138e+00 
 1.121701e+00  2.673228e+00 
 1.122098e+00  2.463198e+00 
 1.122496e+00  2.502945e+00 
 1.122894e+00  2.813715e+00 
 1.123291e+00  2.759178e+00 
 1.123689e+00  2.364161e+00 
 1.124087e+00  1.468267e+00 
 1.124484e+00  7.532289e-01 
 1.124882e+00  4.913454e-01 
 1.125280e+00  2.713817e-01 
 1.125677e+00  3.391651e-01 
 1.126075e+00  5.331593e-01 
 1.126473e+00  7.239776e-01 
 1.126871e+00  1.097547e+00 
 1.127268e+00  1.236689e+00 
 1.127666e+00  1.180298e+00 
 1.128064e+00  1.266588e+00 
 1.128461e+00  9.637600e-01 
 1.128859e+00  7.058640e-01 
 1.129257e+00  2.097687e-01 
 1.129654e+00 -6.110972e-02 
 1.130052e+00 -4.816995e-01 
 1.130450e+00 -3.615217e-01 
 1.130848e+00 -3.034050e-01 
 1.131245e+00 -2.014152e-01 
 1.131643e+00 -3.489488e-01 
 1.132041e+00 -5.121324e-01 
 1.132438e+00 -9.748548e-01 
 1.132836e+00 -1.977298e+00 
 1.133234e+00 -2.437016e+00 
 1.133631e+00 -2.802928e+00 
 1.134029e+00 -2.771816e+00 
 1.134427e+00 -2.451236e+00 
 1.134824e+00 -2.238782e+00 
 1.135222e+00 -1.938949e+00 
 1.135620e+00 -1.803814e+00 
 1.136018e+00 -1.783827e+00 
 1.136415e+00 -1.336668e+00 
 1.136813e+00 -9.922496e-01 
 1.137211e+00 -9.945661e-01 
 1.137608e+00 -8.339245e-01 
 1.138006e+00 -5.226732e-01 
 1.138404e+00 -3.373669e-01 
 1.138801e+00  2.081245e-01 
 1.139199e+00  7.850815e-01 
 1.139597e+00  8.765889e-01 
 1.139995e+00  1.083588e+00 
 1.140392e+00  1.121144e+00 
 1.140790e+00  6.296876e-01 
 1.141188e+00  4.350002e-01 
 1.141585e+00  1.524748e-01 
 1.141983e+00  5.896273e-02 
 1.142381e+00 -4.871027e-02 
 1.142778e+00  2.862252e-02 
 1.143176e+00  3.897531e-02 
 1.143574e+00  8.774665e-02 
 1.143971e+00  5.569028e-01 
 1.144369e+00  9.727748e-01 
 1.144767e+00  1.079482e+00 
 1.145165e+00  8.503166e-01 
 1.145562e+00  5.444735e-01 
 1.145960e+00  3.057706e-01 
 1.146358e+00  3.000353e-01 
 1.146755e+00  2.029246e-01 
 1.147153e+00  1.971610e-01 
 1.147551e+00  1.832026e-01 
 1.147948e+00 -8.357170e-02 
 1.148346e+00  7.117387e-02 
 1.148744e+00  1.256715e-01 
 1.149142e+00  1.890690e-01 
 1.149539e+00  2.948234e-01 
 1.149937e+00  1.931193e-01 
 1.150335e+00 -8.641673e-02 
 1.150732e+00 -3.955807e-01 
 1.151130e+00 -3.929324e-01 
 1.151528e+00 -3.549734e-01 
 1.151925e+00 -5.162371e-01 
 1.152323e+00 -4.553454e-01 
 1.152721e+00 -9.033577e-01 
 1.153118e+00 -1.394756e+00 
 1.153516e+00 -1.522895e+00 
 1.153914e+00 -1.666726e+00 
 1.154312e+00 -1.753621e+00 
 1.154709e+00 -1.960678e+00 
 1.155107e+00 -1.938516e+00 
 1.155505e+00 -2.015130e+00 
 1.155902e+00 -1.860117e+00 
 1.156300e+00 -1.879546e+00 
 1.156698e+00 -1.686850e+00 
 1.157095e+00 -1.397647e+00 
 1.157493e+00 -1.612122e+00 
 1.157891e+00 -1.821817e+00 
 1.158289e+00 -2.310326e+00 
 1.158686e+00 -2.654190e+00 
 1.159084e+00 -2.791304e+00 
 1.159482e+00 -3.167964e+00 
 1.159879e+00 -3.251064e+00 
 1.160277e+00 -3.526955e+00 
 1.160675e+00 -3.691621e+00 
 1.161072e+00 -3.959261e+00 
 1.161470e+00 -4.236267e+00 
 1.161868e+00 -4.853159e+00 
 1.162265e+00 -5.033588e+00 
 1.162663e+00 -4.955670e+00 
 1.163061e+00 -5.209279e+00 
 1.163459e+00 -5.272586e+00 
 1.163856e+00 -5.381107e+00 
 1.164254e+00 -5.580987e+00 
 1.164652e+00 -5.257634e+00 
 1.165049e+00 -4.875365e+00 
 1.165447e+00 -4.359421e+00 
 1.165845e+00 -3.887937e+00 
 1.166242e+00 -3.467155e+00 
 1.166640e+00 -2.848632e+00 
 1.167038e+00 -2.583881e+00 
 1.167436e+00 -2.013811e+00 
 1.167833e+00 -1.718464e+00 
 1.168231e+00 -1.467159e+00 
 1.168629e+00 -1.133521e+00 
 1.169026e+00 -7.043762e-01 
 1.169424e+00 -5.623506e-02 
 1.169822e+00  5.066347e-01 
 1.170219e+00  1.050769e+00 
 1.170617e+00  1.421864e+00 
 1.171015e+00  1.719439e+00 
 1.171412e+00  1.594353e+00 
 1.171810e+00  1.452944e+00 
 1.172208e+00  1.380834e+00 
 1.172606e+00  1.400520e+00 
 1.173003e+00  1.606830e+00 
 1.173401e+00  1.420355e+00 
 1.173799e+00  1.285577e+00 
 1.174196e+00  1.234223e+00 
 1.174594e+00  1.554802e+00 
 1.174992e+00  1.886764e+00 
 1.175389e+00  1.749339e+00 
 1.175787e+00  1.639685e+00 
 1.176185e+00  1.347546e+00 
 1.176583e+00  9.209886e-01 
 1.176980e+00  5.531791e-01 
 1.177378e+00  6.372482e-01 
 1.177776e+00  7.268234e-01 
 1.178173e+00  1.046995e+00 
 1.178571e+00  1.103762e+00 
 1.178969e+00  9.009061e-01 
 1.179366e+00  3.275460e-01 
 1.179764e+00 -1.406554e-01 
 1.180162e+00 -6.902573e-01 
 1.180559e+00 -1.490976e+00 
 1.180957e+00 -2.730021e+00 
 1.181355e+00 -3.611647e+00 
 1.181753e+00 -4.091280e+00 
 1.182150e+00 -4.292075e+00 
 1.182548e+00 -4.208303e+00 
 1.182946e+00 -4.395655e+00 
 1.183343e+00 -4.180028e+00 
 1.183741e+00 -3.948765e+00 
 1.184139e+00 -4.136269e+00 
 1.184536e+00 -4.275187e+00 
 1.184934e+00 -4.137416e+00 
 1.185332e+00 -4.297180e+00 
 1.185730e+00 -4.198713e+00 
 1.186127e+00 -3.279687e+00 
 1.186525e+00 -2.865821e+00 
 1.186923e+00 -2.390594e+00 
 1.187320e+00 -2.097432e+00 
 1.187718e+00 -1.828610e+00 
 1.188116e+00 -1.420601e+00 
 1.188513e+00 -1.210053e+00 
 1.188911e+00 -1.197018e+00 
 1.189309e+00 -1.155632e+00 
 1.189706e+00 -1.085203e+00 
 1.190104e+00 -1.146786e+00 
 1.190502e+00 -9.434617e-01 
 1.190900e+00 -8.662152e-01 
 1.191297e+00 -7.997179e-01 
 1.191695e+00 -8.488430e-01 
 1.192093e+00 -3.942919e-01 
 1.192490e+00 -4.539411e-01 
 1.192888e+00 -4.645627e-01 
 1.193286e+00 -2.992209e-01 
 1.193683e+00  6.754883e-02 
 1.194081e+00  6.029028e-01 
 1.194479e+00  9.133873e-01 
 1.194877e+00  1.383198e+00 
 1.195274e+00  1.887313e+00 
 1.195672e+00  2.825689e+00 
 1.196070e+00  3.385353e+00 
 1.196467e+00  3.786102e+00 
 1.196865e+00  3.670092e+00 
 1.197263e+00  3.471951e+00 
 1.197660e+00  3.387672e+00 
 1.198058e+00  3.462142e+00 
 1.198456e+00  3.603463e+00 
 1.198853e+00  3.804455e+00 
 1.199251e+00  3.961065e+00 
 1.199649e+00  3.601650e+00 
 1.200047e+00  3.310265e+00 
 1.200444e+00  3.312264e+00 
 1.200842e+00  3.035439e+00 
 1.201240e+00  2.690411e+00 
 1.201637e+00  2.281708e+00 
 1.202035e+00  1.907316e+00 
 1.202433e+00  1.751602e+00 
 1.202830e+00  1.826589e+00 
 1.203228e+00  1.765743e+00 
 1.203626e+00  1.806756e+00 
 1.204024e+00  2.058803e+00 
 1.204421e+00  1.871198e+00 
 1.204819e+00  2.131861e+00 
 1.205217e+00  2.130157e+00 
 1.205614e+00  1.778572e+00 
 1.206012e+00  1.691889e+00 
 1.206410e+00  1.449824e+00 
 1.206807e+00  1.440226e+00 
 1.207205e+00  1.234969e+00 
 1.207603e+00  8.774185e-01 
 1.208000e+00  2.781564e-01 
 1.208398e+00 -1.032387e-01 
 1.208796e+00 -4.360855e-01 
 1.209194e+00 -1.031158e+00 
 1.209591e+00 -1.314797e+00 
 1.209989e+00 -1.914330e+00 
 1.210387e+00 -2.220069e+00 
 1.210784e+00 -2.354285e+00 
 1.211182e+00 -2.416624e+00 
 1.211580e+00 -1.937854e+00 
 1.211977e+00 -1.784973e+00 
 1.212375e+00 -1.368519e+00 
 1.212773e+00 -1.001514e+00 
 1.213171e+00 -6.831103e-01 
 1.213568e+00 -5.209312e-01 
 1.213966e+00 -3.329669e-01 
 1.214364e+00  1.409435e-01 
 1.214761e+00  3.408973e-01 
 1.215159e+00  4.198837e-01 
 1.215557e+00  3.089355e-01 
 1.215954e+00  7.731134e-01 
 1.216352e+00  1.235048e+00 
 1.216750e+00  1.756175e+00 
 1.217147e+00  1.981528e+00 
 1.217545e+00  2.086007e+00 
 1.217943e+00  1.759014e+00 
 1.218341e+00  1.977436e+00 
 1.218738e+00  2.258560e+00 
 1.219136e+00  2.212574e+00 
 1.219534e+00  1.861986e+00 
 1.219931e+00  1.781169e+00 
 1.220329e+00  1.579347e+00 
 1.220727e+00  1.438943e+00 
 1.221124e+00  1.892834e+00 
 1.221522e+00  2.422753e+00 
 1.221920e+00  2.884246e+00 
 1.222318e+00  3.122777e+00 
 1.222715e+00  3.536653e+00 
 1.223113e+00  3.490453e+00 
 1.223511e+00  3.394106e+00 
 1.223908e+00  3.502434e+00 
 1.224306e+00  3.644541e+00 
 1.224704e+00  3.744226e+00 
 1.225101e+00  3.905834e+00 
 1.225499e+00  4.171109e+00 
 1.225897e+00  4.358615e+00 
 1.226294e+00  4.320216e+00 
 1.226692e+00  3.922987e+00 
 1.227090e+00  3.530451e+00 
 1.227488e+00  3.346635e+00 
 1.227885e+00  2.826036e+00 
 1.228283e+00  2.338596e+00 
 1.228681e+00  1.702392e+00 
 1.229078e+00  1.032268e+00 
 1.229476e+00  1.020903e+00 
 1.229874e+00  1.205456e+00 
 1.230271e+00  1.284785e+00 
 1.230669e+00  1.244637e+00 
 1.231067e+00  9.789358e-01 
 1.231465e+00  8.884356e-01 
 1.231862e+00  6.179860e-01 
 1.232260e+00  2.830179e-01 
 1.232658e+00 -2.840424e-01 
 1.233055e+00 -2.282366e-01 
 1.233453e+00 -4.260119e-01 
 1.233851e+00 -3.183056e-01 
 1.234248e+00  7.455280e-02 
 1.234646e+00  9.110603e-02 
 1.235044e+00  6.987398e-02 
 1.235441e+00 -5.048998e-01 
 1.235839e+00 -1.052832e+00 
 1.236237e+00 -1.687080e+00 
 1.236635e+00 -2.301697e+00 
 1.237032e+00 -2.898642e+00 
 1.237430e+00 -3.296400e+00 
 1.237828e+00 -3.212104e+00 
 1.238225e+00 -3.332747e+00 
 1.238623e+00 -3.265971e+00 
 1.239021e+00 -3.004899e+00 
 1.239418e+00 -2.934038e+00 
 1.239816e+00 -2.816798e+00 
 1.240214e+00 -2.755126e+00 
 1.240612e+00 -2.876849e+00 
 1.241009e+00 -2.947630e+00 
 1.241407e+00 -3.055521e+00 
 1.241805e+00 -3.088461e+00 
 1.242202e+00 -2.848255e+00 
 1.242600e+00 -2.384202e+00 
 1.242998e+00 -1.747801e+00 
 1.243395e+00 -1.074766e+00 
 1.243793e+00 -2.978763e-01 
 1.244191e+00 -1.310434e-01 
 1.244588e+00  1.874373e-02 
 1.244986e+00  3.662592e-01 
 1.245384e+00  8.455882e-01 
 1.245782e+00  8.886815e-01 
 1.246179e+00  9.470196e-01 
 1.246577e+00  1.208478e+00 
 1.246975e+00  1.471053e+00 
 1.247372e+00  2.019447e+00 
 1.247770e+00  2.234482e+00 
 1.248168e+00  2.109073e+00 
 1.248565e+00  1.871301e+00 
 1.248963e+00  1.380380e+00 
 1.249361e+00  9.124466e-01 
 1.249759e+00  7.376821e-01 
 1.250156e+00  9.889476e-01 
 1.250554e+00  9.236054e-01 
 1.250952e+00  1.006956e+00 
 1.251349e+00  6.325941e-01 
 1.251747e+00  6.722073e-01 
 1.252145e+00  8.780818e-01 
 1.252542e+00  9.042628e-01 
 1.252940e+00  8.401847e-01 
 1.253338e+00  5.544234e-01 
 1.253735e+00  1.414655e-01 
 1.254133e+00 -1.626617e-01 
 1.254531e+00 -4.052471e-01 
 1.254929e+00 -8.358568e-01 
 1.255326e+00 -1.149874e+00 
 1.255724e+00 -1.409059e+00 
 1.256122e+00 -1.585594e+00 
 1.256519e+00 -1.486563e+00 
 1.256917e+00 -1.433754e+00 
 1.257315e+00 -1.946899e+00 
 1.257712e+00 -2.485333e+00 
 1.258110e+00 -3.321235e+00 
 1.258508e+00 -3.609060e+00 
 1.258906e+00 -3.972299e+00 
 1.259303e+00 -3.815809e+00 
 1.259701e+00 -3.813407e+00 
 1.260099e+00 -4.045021e+00 
 1.260496e+00 -3.956585e+00 
 1.260894e+00 -3.851544e+00 
 1.261292e+00 -3.699049e+00 
 1.261689e+00 -3.585181e+00 
 1.262087e+00 -3.412312e+00 
 1.262485e+00 -3.088006e+00 
 1.262882e+00 -2.723547e+00 
 1.263280e+00 -2.217868e+00 
 1.263678e+00 -1.798544e+00 
 1.264076e+00 -1.580482e+00 
 1.264473e+00 -1.475645e+00 
 1.264871e+00 -1.484528e+00 
 1.265269e+00 -1.404000e+00 
 1.265666e+00 -1.007691e+00 
 1.266064e+00 -6.050491e-01 
 1.266462e+00 -4.291280e-01 
 1.266859e+00 -5.626473e-01 
 1.267257e+00 -8.278156e-01 
 1.267655e+00 -1.130131e+00 
 1.268053e+00 -1.237838e+00 
 1.268450e+00 -1.147063e+00 
 1.268848e+00 -1.263412e+00 
 1.269246e+00 -1.202354e+00 
 1.269643e+00 -1.200052e+00 
 1.270041e+00 -1.178997e+00 
 1.270439e+00 -1.704395e+00 
 1.270836e+00 -1.825560e+00 
 1.271234e+00 -2.038437e+00 
 1.271632e+00 -2.122840e+00 
 1.272029e+00 -2.037090e+00 
 1.272427e+00 -1.669347e+00 
 1.272825e+00 -1.297698e+00 
 1.273223e+00 -9.249195e-01 
 1.273620e+00 -6.906559e-01 
 1.274018e+00 -8.194546e-01 
 1.274416e+00 -9.676483e-01 
 1.274813e+00 -1.338149e+00 
 1.275211e+00 -1.223029e+00 
 1.275609e+00 -1.220017e+00 
 1.276006e+00 -1.760760e+00 
 1.276404e+00 -2.070810e+00 
 1.276802e+00 -2.381132e+00 
 1.277200e+00 -2.697957e+00 
 1.277597e+00 -2.749912e+00 
 1.277995e+00 -2.499883e+00 
 1.278393e+00 -2.349745e+00 
 1.278790e+00 -2.204170e+00 
 1.279188e+00 -1.892762e+00 
 1.279586e+00 -1.586769e+00 
 1.279983e+00 -1.629003e+00 
 1.280381e+00 -1.930992e+00 
 1.280779e+00 -1.787608e+00 
 1.281176e+00 -1.092024e+00 
 1.281574e+00 -5.336774e-01 
 1.281972e+00  1.164346e-02 
 1.282370e+00  3.921068e-01 
 1.282767e+00  6.531293e-01 
 1.283165e+00  7.765649e-01 
 1.283563e+00  7.404997e-01 
 1.283960e+00  5.791424e-01 
 1.284358e+00  4.243513e-01 
 1.284756e+00  2.338773e-01 
 1.285153e+00  3.643974e-02 
 1.285551e+00  2.251188e-01 
 1.285949e+00  4.825913e-01 
 1.286347e+00  1.958579e-01 
 1.286744e+00 -8.969541e-02 
 1.287142e+00 -1.080903e-01 
 1.287540e+00 -3.488541e-01 
 1.287937e+00 -5.548725e-01 
 1.288335e+00 -8.428422e-01 
 1.288733e+00 -9.206885e-01 
 1.289130e+00 -8.572858e-01 
 1.289528e+00 -7.496862e-01 
 1.289926e+00 -4.619512e-01 
 1.290323e+00 -1.931818e-01 
 1.290721e+00  3.072607e-01 
 1.291119e+00  6.877005e-01 
 1.291517e+00  1.099386e+00 
 1.291914e+00  1.512449e+00 
 1.292312e+00  1.423061e+00 
 1.292710e+00  1.154811e+00 
 1.293107e+00  7.524378e-01 
 1.293505e+00  6.014006e-01 
 1.293903e+00  1.652526e-01 
 1.294300e+00  3.478351e-01 
 1.294698e+00  4.696083e-01 
 1.295096e+00  2.467624e-01 
 1.295494e+00  6.055261e-02 
 1.295891e+00 -5.036543e-01 
 1.296289e+00 -1.048728e+00 
 1.296687e+00 -1.497757e+00 
 1.297084e+00 -1.877831e+00 
 1.297482e+00 -2.418491e+00 
 1.297880e+00 -2.493566e+00 
 1.298277e+00 -2.609221e+00 
 1.298675e+00 -2.575196e+00 
 1.299073e+00 -2.067856e+00 
 1.299470e+00 -1.852996e+00 
 1.299868e+00 -1.556780e+00 
 1.300266e+00 -1.203399e+00 
 1.300664e+00 -1.006087e+00 
 1.301061e+00 -8.034678e-01 
 1.301459e+00 -4.266648e-01 
 1.301857e+00 -1.326007e-01 
 1.302254e+00  1.561897e-04 
 1.302652e+00 -1.980974e-01 
 1.303050e+00 -4.437645e-01 
 1.303447e+00 -2.818496e-01 
 1.303845e+00 -1.740808e-01 
 1.304243e+00 -1.326623e-01 
 1.304641e+00 -1.756080e-01 
 1.305038e+00 -1.494767e-01 
 1.305436e+00 -3.270559e-01 
 1.305834e+00 -4.067659e-01 
 1.306231e+00 -3.852353e-01 
 1.306629e+00  9.807309e-02 
 1.307027e+00  5.028777e-01 
 1.307424e+00  1.287859e+00 
 1.307822e+00  2.052326e+00 
 1.308220e+00  2.584554e+00 
 1.308617e+00  2.807842e+00 
 1.309015e+00  2.892259e+00 
 1.309413e+00  3.141549e+00 
 1.309811e+00  3.264648e+00 
 1.310208e+00  3.733611e+00 
 1.310606e+00  4.242887e+00 
 1.311004e+00  4.553000e+00 
 1.311401e+00  4.523732e+00 
 1.311799e+00  4.628828e+00 
 1.312197e+00  4.917689e+00 
 1.312594e+00  4.852236e+00 
 1.312992e+00  4.726222e+00 
 1.313390e+00  4.751854e+00 
 1.313788e+00  4.521321e+00 
 1.314185e+00  4.162535e+00 
 1.314583e+00  3.882602e+00 
 1.314981e+00  3.246836e+00 
 1.315378e+00  2.857340e+00 
 1.315776e+00  2.239011e+00 
 1.316174e+00  1.976822e+00 
 1.316571e+00  1.484241e+00 
 1.316969e+00  1.461185e+00 
 1.317367e+00  1.376934e+00 
 1.317764e+00  1.159442e+00 
 1.318162e+00  8.527600e-01 
 1.318560e+00  1.467705e-01 
 1.318958e+00  2.774727e-02 
 1.319355e+00  6.953724e-02 
 1.319753e+00  2.323026e-01 
 1.320151e+00  1.817289e-01 
 1.320548e+00  8.466125e-03 
 1.320946e+00 -1.669407e-01 
 1.321344e+00 -4.169191e-01 
 1.321741e+00 -6.187787e-01 
 1.322139e+00 -9.107352e-01 
 1.322537e+00 -1.046592e+00 
 1.322935e+00 -1.264405e+00 
 1.323332e+00 -1.203069e+00 
 1.323730e+00 -1.334192e+00 
 1.324128e+00 -1.569094e+00 
 1.324525e+00 -1.428716e+00 
 1.324923e+00 -1.295222e+00 
 1.325321e+00 -1.360577e+00 
 1.325718e+00 -1.170519e+00 
 1.326116e+00 -8.595612e-01 
 1.326514e+00 -9.567170e-01 
 1.326911e+00 -5.778629e-01 
 1.327309e+00 -4.898570e-01 
 1.327707e+00 -1.345328e-01 
 1.328105e+00 -1.580295e-02 
 1.328502e+00  2.351472e-01 
 1.328900e+00  4.805590e-01 
 1.329298e+00  1.042285e+00 
 1.329695e+00  1.434683e+00 
 1.330093e+00  1.761541e+00 
 1.330491e+00  2.056826e+00 
 1.330888e+00  2.205117e+00 
 1.331286e+00  2.285109e+00 
 1.331684e+00  1.835740e+00 
 1.332082e+00  1.669143e+00 
 1.332479e+00  1.579631e+00 
 1.332877e+00  2.003434e+00 
 1.333275e+00  2.141689e+00 
 1.333672e+00  2.342230e+00 
 1.334070e+00  2.427598e+00 
 1.334468e+00  2.434955e+00 
 1.334865e+00  2.326795e+00 
 1.335263e+00  2.260622e+00 
 1.335661e+00  2.374340e+00 
 1.336058e+00  2.189995e+00 
 1.336456e+00  2.073560e+00 
 1.336854e+00  2.318789e+00 
 1.337252e+00  2.392116e+00 
 1.337649e+00  2.174214e+00 
 1.338047e+00  2.128100e+00 
 1.338445e+00  2.537246e+00 
 1.338842e+00  2.623125e+00 
 1.339240e+00  2.529661e+00 
 1.339638e+00  2.266441e+00 
 1.340035e+00  2.126437e+00 
 1.340433e+00  1.825163e+00 
 1.340831e+00  1.661093e+00 
 1.341229e+00  1.453877e+00 
 1.341626e+00  1.428930e+00 
 1.342024e+00  1.192245e+00 
 1.342422e+00  1.107553e+00 
 1.342819e+00  9.900529e-01 
 1.343217e+00  5.582573e-01 
 1.343615e+00  9.186482e-02 
 1.344012e+00 -7.457107e-01 
 1.344410e+00 -1.531112e+00 
 1.344808e+00 -2.122735e+00 
 1.345205e+00 -2.579176e+00 
 1.345603e+00 -2.571830e+00 
 1.346001e+00 -2.207109e+00 
 1.346399e+00 -2.267050e+00 
 1.346796e+00 -2.396811e+00 
 1.347194e+00 -2.365317e+00 
 1.347592e+00 -2.702994e+00 
 1.347989e+00 -2.545031e+00 
 1.348387e+00 -2.508167e+00 
 1.348785e+00 -2.748587e+00 
 1.349182e+00 -3.152560e+00 
 1.349580e+00 -3.356920e+00 
 1.349978e+00 -3.399224e+00 
 1.350376e+00 -2.921620e+00 
 1.350773e+00 -2.490455e+00 
 1.351171e+00 -2.155002e+00 
 1.351569e+00 -1.900128e+00 
 1.351966e+00 -1.952950e+00 
 1.352364e+00 -2.137752e+00 
 1.352762e+00 -2.315529e+00 
 1.353159e+00 -2.230127e+00 
 1.353557e+00 -2.304903e+00 
 1.353955e+00 -2.365711e+00 
 1.354352e+00 -2.470108e+00 
 1.354750e+00 -2.243715e+00 
 1.355148e+00 -2.021401e+00 
 1.355546e+00 -1.587837e+00 
 1.355943e+00 -1.275997e+00 
 1.356341e+00 -9.253500e-01 
 1.356739e+00 -7.687471e-01 
 1.357136e+00 -5.720651e-01 
 1.357534e+00 -2.872232e-01 
 1.357932e+00 -3.056225e-01 
 1.358329e+00 -5.329761e-02 
 1.358727e+00  1.075121e-01 
 1.359125e+00  5.134868e-01 
 1.359523e+00  1.025609e+00 
 1.359920e+00  1.323751e+00 
 1.360318e+00  1.738091e+00 
 1.360716e+00  1.614768e+00 
 1.361113e+00  1.532563e+00 
 1.361511e+00  1.370502e+00 
 1.361909e+00  1.360548e+00 
 1.362306e+00  9.396739e-01 
 1.362704e+00  6.766301e-01 
 1.363102e+00  4.716002e-01 
 1.363499e+00  1.122436e-01 
 1.363897e+00  3.215408e-01 
 1.364295e+00  1.469386e-01 
 1.364693e+00 -1.900544e-01 
 1.365090e+00 -5.734899e-01 
 1.365488e+00 -8.721903e-01 
 1.365886e+00 -1.328376e+00 
 1.366283e+00 -1.376130e+00 
 1.366681e+00 -1.227242e+00 
 1.367079e+00 -9.783088e-01 
 1.367476e+00 -1.169830e+00 
 1.367874e+00 -1.309293e+00 
 1.368272e+00 -1.206805e+00 
 1.368670e+00 -9.707612e-01 
 1.369067e+00 -4.998885e-01 
 1.369465e+00 -4.530726e-02 
 1.369863e+00 -2.753082e-01 
 1.370260e+00 -6.691275e-01 
 1.370658e+00 -1.021205e+00 
 1.371056e+00 -1.361147e+00 
 1.371453e+00 -1.659334e+00 
 1.371851e+00 -2.075545e+00 
 1.372249e+00 -2.633381e+00 
 1.372646e+00 -2.846420e+00 
 1.373044e+00 -3.297821e+00 
 1.373442e+00 -3.717434e+00 
 1.373840e+00 -3.759060e+00 
 1.374237e+00 -3.800788e+00 
 1.374635e+00 -3.766446e+00 
 1.375033e+00 -3.749464e+00 
 1.375430e+00 -3.788758e+00 
 1.375828e+00 -3.850035e+00 
 1.376226e+00 -3.770507e+00 
 1.376623e+00 -3.708937e+00 
 1.377021e+00 -3.534664e+00 
 1.377419e+00 -3.403621e+00 
 1.377817e+00 -3.329236e+00 
 1.378214e+00 -3.597968e+00 
 1.378612e+00 -3.571313e+00 
 1.379010e+00 -3.373542e+00 
 1.379407e+00 -3.268703e+00 
 1.379805e+00 -3.156708e+00 
 1.380203e+00 -3.055818e+00 
 1.380600e+00 -2.928846e+00 
 1.380998e+00 -2.967704e+00 
 1.381396e+00 -3.086881e+00 
 1.381793e+00 -3.048666e+00 
 1.382191e+00 -2.845297e+00 
 1.382589e+00 -2.682320e+00 
 1.382987e+00 -2.721713e+00 
 1.383384e+00 -2.859306e+00 
 1.383782e+00 -2.667706e+00 
 1.384180e+00 -2.539114e+00 
 1.384577e+00 -2.110004e+00 
 1.384975e+00 -1.491683e+00 
 1.385373e+00 -9.578300e-01 
 1.385770e+00 -5.033973e-01 
 1.386168e+00  2.723755e-01 
 1.386566e+00  1.224357e+00 
 1.386964e+00  1.787118e+00 
 1.387361e+00  1.971660e+00 
 1.387759e+00  2.136098e+00 
 1.388157e+00  2.378964e+00 
 1.388554e+00  2.605749e+00 
 1.388952e+00  2.622189e+00 
 1.389350e+00  3.097840e+00 
 1.389747e+00  3.731198e+00 
 1.390145e+00  3.711807e+00 
 1.390543e+00  3.780026e+00 
 1.390940e+00  3.270944e+00 
 1.391338e+00  2.652993e+00 
 1.391736e+00  2.240993e+00 
 1.392134e+00  2.015215e+00 
 1.392531e+00  1.854729e+00 
 1.392929e+00  1.761053e+00 
 1.393327e+00  1.479767e+00 
 1.393724e+00  1.204573e+00 
 1.394122e+00  1.145528e+00 
 1.394520e+00  9.236740e-01 
 1.394917e+00  1.089325e+00 
 1.395315e+00  1.407735e+00 
 1.395713e+00  1.238585e+00 
 1.396111e+00  7.509286e-01 
 1.396508e+00  2.937610e-01 
 1.396906e+00 -2.303834e-01 
 1.397304e+00 -5.439847e-01 
 1.397701e+00 -6.599857e-01 
 1.398099e+00 -6.788079e-01 
 1.398497e+00 -8.813370e-01 
 1.398894e+00 -1.349274e+00 
 1.399292e+00 -2.148206e+00 
 1.399690e+00 -2.683633e+00 
 1.400087e+00 -3.163448e+00 
 1.400485e+00 -3.730709e+00 
 1.400883e+00 -4.173403e+00 
 1.401281e+00 -4.349528e+00 
 1.401678e+00 -4.429914e+00 
 1.402076e+00 -4.357184e+00 
 1.402474e+00 -3.895234e+00 
 1.402871e+00 -3.650724e+00 
 1.403269e+00 -3.360034e+00 
 1.403667e+00 -3.235548e+00 
 1.404064e+00 -3.080372e+00 
 1.404462e+00 -2.766621e+00 
 1.404860e+00 -2.269087e+00 
 1.405258e+00 -1.792191e+00 
 1.405655e+00 -1.558381e+00 
 1.406053e+00 -1.214257e+00 
 1.406451e+00 -7.785052e-01 
 1.406848e+00 -4.632459e-01 
 1.407246e+00  4.500610e-01 
 1.407644e+00  1.045368e+00 
 1.408041e+00  1.509662e+00 
 1.408439e+00  1.743087e+00 
 1.408837e+00  1.998951e+00 
 1.409234e+00  1.871840e+00 
 1.409632e+00  1.784482e+00 
 1.410030e+00  1.998214e+00 
 1.410428e+00  2.169395e+00 
 1.410825e+00  2.609161e+00 
 1.411223e+00  2.786005e+00 
 1.411621e+00  2.919466e+00 
 1.412018e+00  3.118630e+00 
 1.412416e+00  2.985758e+00 
 1.412814e+00  3.036417e+00 
 1.413211e+00  3.683681e+00 
 1.413609e+00  3.737404e+00 
 1.414007e+00  3.921669e+00 
 1.414405e+00  4.218462e+00 
 1.414802e+00  4.519301e+00 
 1.415200e+00  4.776353e+00 
 1.415598e+00  4.950575e+00 
 1.415995e+00  5.106675e+00 
 1.416393e+00  5.223783e+00 
 1.416791e+00  4.743398e+00 
 1.417188e+00  4.083537e+00 
 1.417586e+00  3.895794e+00 
 1.417984e+00  3.818240e+00 
 1.418381e+00  3.566223e+00 
 1.418779e+00  3.614475e+00 
 1.419177e+00  3.450729e+00 
 1.419575e+00  2.785979e+00 
 1.419972e+00  2.195394e+00 
 1.420370e+00  1.982744e+00 
 1.420768e+00  2.139467e+00 
 1.421165e+00  1.852782e+00 
 1.421563e+00  1.531941e+00 
 1.421961e+00  1.056184e+00 
 1.422358e+00  5.598914e-01 
 1.422756e+00  2.337451e-02 
 1.423154e+00 -1.667204e-01 
 1.423551e+00 -3.816389e-01 
 1.423949e+00 -3.811165e-01 
 1.424347e+00 -3.986090e-01 
 1.424745e+00 -4.029347e-01 
 1.425142e+00 -6.522878e-01 
 1.425540e+00 -8.203553e-01 
 1.425938e+00 -1.225248e+00 
 1.426335e+00 -1.664881e+00 
 1.426733e+00 -1.848184e+00 
 1.427131e+00 -1.952343e+00 
 1.427528e+00 -2.048215e+00 
 1.427926e+00 -2.181602e+00 
 1.428324e+00 -2.315263e+00 
 1.428722e+00 -2.409649e+00 
 1.429119e+00 -2.446346e+00 
 1.429517e+00 -2.443776e+00 
 1.429915e+00 -2.147546e+00 
 1.430312e+00 -1.586613e+00 
 1.430710e+00 -1.187204e+00 
 1.431108e+00 -1.176687e+00 
 1.431505e+00 -1.102619e+00 
 1.431903e+00 -9.549882e-01 
 1.432301e+00 -9.781571e-01 
 1.432698e+00 -6.528323e-01 
 1.433096e+00 -1.764491e-01 
 1.433494e+00  4.955999e-01 
 1.433892e+00  1.061036e+00 
 1.434289e+00  1.818686e+00 
 1.434687e+00  2.154891e+00 
 1.435085e+00  1.908567e+00 
 1.435482e+00  2.061478e+00 
 1.435880e+00  2.262905e+00 
 1.436278e+00  2.984693e+00 
 1.436675e+00  3.709010e+00 
 1.437073e+00  4.051600e+00 
 1.437471e+00  4.556940e+00 
 1.437869e+00  4.732052e+00 
 1.438266e+00  4.473821e+00 
 1.438664e+00  4.264018e+00 
 1.439062e+00  3.985034e+00 
 1.439459e+00  3.684461e+00 
 1.439857e+00  3.520706e+00 
 1.440255e+00  3.263646e+00 
 1.440652e+00  2.834322e+00 
 1.441050e+00  2.794704e+00 
 1.441448e+00  3.156626e+00 
 1.441845e+00  3.182232e+00 
 1.442243e+00  3.166350e+00 
 1.442641e+00  2.487732e+00 
 1.443039e+00  2.286356e+00 
 1.443436e+00  1.932401e+00 
 1.443834e+00  1.743838e+00 
 1.444232e+00  1.689845e+00 
 1.444629e+00  1.722058e+00 
 1.445027e+00  1.303131e+00 
 1.445425e+00  1.185758e+00 
 1.445822e+00  1.008754e+00 
 1.446220e+00  7.039481e-01 
 1.446618e+00  6.359965e-01 
 1.447016e+00  4.658788e-01 
 1.447413e+00 -2.202855e-03 
 1.447811e+00 -6.084487e-01 
 1.448209e+00 -1.053438e+00 
 1.448606e+00 -1.542286e+00 
 1.449004e+00 -1.884508e+00 
 1.449402e+00 -1.790563e+00 
 1.449799e+00 -1.633124e+00 
 1.450197e+00 -1.682743e+00 
 1.450595e+00 -1.908310e+00 
 1.450992e+00 -2.181237e+00 
 1.451390e+00 -2.391368e+00 
 1.451788e+00 -3.034557e+00 
 1.452186e+00 -3.366950e+00 
 1.452583e+00 -3.500499e+00 
 1.452981e+00 -3.192325e+00 
 1.453379e+00 -2.926231e+00 
 1.453776e+00 -2.608117e+00 
 1.454174e+00 -2.193183e+00 
 1.454572e+00 -2.238168e+00 
 1.454969e+00 -2.274775e+00 
 1.455367e+00 -2.358332e+00 
 1.455765e+00 -2.221574e+00 
 1.456163e+00 -2.523457e+00 
 1.456560e+00 -2.507335e+00 
 1.456958e+00 -2.567836e+00 
 1.457356e+00 -2.927601e+00 
 1.457753e+00 -3.012500e+00 
 1.458151e+00 -2.985815e+00 
 1.458549e+00 -2.952127e+00 
 1.458946e+00 -2.727562e+00 
 1.459344e+00 -2.776917e+00 
 1.459742e+00 -2.826673e+00 
 1.460139e+00 -2.596197e+00 
 1.460537e+00 -3.255890e+00 
 1.460935e+00 -3.540439e+00 
 1.461333e+00 -3.679196e+00 
 1.461730e+00 -3.807666e+00 
 1.462128e+00 -3.347732e+00 
 1.462526e+00 -2.237283e+00 
 1.462923e+00 -1.285633e+00 
 1.463321e+00 -7.653426e-01 
 1.463719e+00 -2.707830e-01 
 1.464116e+00  2.958409e-01 
 1.464514e+00  7.661310e-01 
 1.464912e+00  1.102528e+00 
 1.465310e+00  1.313082e+00 
 1.465707e+00  1.638616e+00 
 1.466105e+00  1.710644e+00 
 1.466503e+00  1.562245e+00 
 1.466900e+00  1.736232e+00 
 1.467298e+00  1.831448e+00 
 1.467696e+00  1.853281e+00 
 1.468093e+00  1.678902e+00 
 1.468491e+00  1.499530e+00 
 1.468889e+00  1.413770e+00 
 1.469286e+00  1.235240e+00 
 1.469684e+00  9.566843e-01 
 1.470082e+00  1.056475e+00 
 1.470480e+00  9.993835e-01 
 1.470877e+00  1.024207e+00 
 1.471275e+00  7.952791e-01 
 1.471673e+00  5.778340e-01 
 1.472070e+00  5.253202e-01 
 1.472468e+00  7.031542e-01 
 1.472866e+00  7.347171e-01 
 1.473263e+00  6.560370e-01 
 1.473661e+00  6.678722e-01 
 1.474059e+00  9.353807e-02 
 1.474457e+00 -5.488713e-01 
 1.474854e+00 -9.439501e-01 
 1.475252e+00 -1.236122e+00 
 1.475650e+00 -1.428960e+00 
 1.476047e+00 -1.722997e+00 
 1.476445e+00 -1.995684e+00 
 1.476843e+00 -2.472908e+00 
 1.477240e+00 -2.982440e+00 
 1.477638e+00 -3.297114e+00 
 1.478036e+00 -3.619740e+00 
 1.478433e+00 -4.027016e+00 
 1.478831e+00 -4.782984e+00 
 1.479229e+00 -5.380171e+00 
 1.479627e+00 -5.601463e+00 
 1.480024e+00 -5.505578e+00 
 1.480422e+00 -5.462525e+00 
 1.480820e+00 -5.371645e+00 
 1.481217e+00 -4.874023e+00 
 1.481615e+00 -4.314762e+00 
 1.482013e+00 -3.794021e+00 
 1.482410e+00 -2.931272e+00 
 1.482808e+00 -2.842374e+00 
 1.483206e+00 -2.727474e+00 
 1.483604e+00 -2.506220e+00 
 1.484001e+00 -2.487452e+00 
 1.484399e+00 -2.377801e+00 
 1.484797e+00 -1.977322e+00 
 1.485194e+00 -1.648593e+00 
 1.485592e+00 -1.220463e+00 
 1.485990e+00 -9.704875e-01 
 1.486387e+00 -1.102709e+00 
 1.486785e+00 -1.393830e+00 
 1.487183e+00 -1.543074e+00 
 1.487580e+00 -1.763455e+00 
 1.487978e+00 -1.740987e+00 
 1.488376e+00 -1.464278e+00 
 1.488774e+00 -1.244287e+00 
 1.489171e+00 -5.030197e-01 
 1.489569e+00 -2.894543e-01 
 1.489967e+00 -4.035915e-01 
 1.490364e+00 -5.391316e-01 
 1.490762e+00 -3.171588e-01 
 1.491160e+00  1.277679e-01 
 1.491557e+00  7.311471e-01 
 1.491955e+00  1.148693e+00 
 1.492353e+00  1.304898e+00 
 1.492751e+00  1.547507e+00 
 1.493148e+00  1.821282e+00 
 1.493546e+00  2.173222e+00 
 1.493944e+00  2.304231e+00 
 1.494341e+00  2.008701e+00 
 1.494739e+00  1.670050e+00 
 1.495137e+00  1.251076e+00 
 1.495534e+00  9.280750e-01 
 1.495932e+00  7.436105e-01 
 1.496330e+00  7.935803e-01 
 1.496727e+00  5.442205e-01 
 1.497125e+00  3.682863e-01 
 1.497523e+00  4.952330e-01 
 1.497921e+00  6.264300e-01 
 1.498318e+00  6.923290e-01 
 1.498716e+00  5.924767e-01 
 1.499114e+00  5.985773e-01 
 1.499511e+00  1.783366e-01 
 1.499909e+00 -1.670968e-01 
 1.500307e+00 -2.664007e-01 
 1.500704e+00 -1.579272e-01 
 1.501102e+00  2.144529e-02 
 1.501500e+00  7.781493e-02 
 1.501898e+00  1.751970e-01 
 1.502295e+00  3.120470e-01 
 1.502693e+00  1.601819e-01 
 1.503091e+00 -2.388439e-01 
 1.503488e+00 -4.916591e-01 
 1.503886e+00 -8.251085e-01 
 1.504284e+00 -1.276648e+00 
 1.504681e+00 -1.216444e+00 
 1.505079e+00 -1.220393e+00 
 1.505477e+00 -1.839098e+00 
 1.505874e+00 -2.094713e+00 
 1.506272e+00 -2.369671e+00 
 1.506670e+00 -2.703014e+00 
 1.507068e+00 -2.784844e+00 
 1.507465e+00 -3.079164e+00 
 1.507863e+00 -3.179284e+00 
 1.508261e+00 -3.304578e+00 
 1.508658e+00 -3.429987e+00 
 1.509056e+00 -3.407265e+00 
 1.509454e+00 -3.045299e+00 
 1.509851e+00 -2.615932e+00 
 1.510249e+00 -2.301829e+00 
 1.510647e+00 -1.486768e+00 
 1.511045e+00 -9.455625e-01 
 1.511442e+00 -5.095881e-01 
 1.511840e+00 -2.402099e-01 
 1.512238e+00 -3.516616e-02 
 1.512635e+00  8.613519e-02 
 1.513033e+00 -9.401673e-02 
 1.513431e+00  1.037915e-01 
 1.513828e+00  8.937300e-01 
 1.514226e+00  1.511128e+00 
 1.514624e+00  1.770578e+00 
 1.515021e+00  2.097815e+00 
 1.515419e+00  2.240729e+00 
 1.515817e+00  2.401538e+00 
 1.516215e+00  2.217589e+00 
 1.516612e+00  2.264419e+00 
 1.517010e+00  2.592987e+00 
 1.517408e+00  2.781881e+00 
 1.517805e+00  2.958626e+00 
 1.518203e+00  3.396190e+00 
 1.518601e+00  3.951644e+00 
 1.518998e+00  3.967924e+00 
 1.519396e+00  3.943679e+00 
 1.519794e+00  3.954381e+00 
 1.520192e+00  4.111101e+00 
 1.520589e+00  4.274443e+00 
 1.520987e+00  4.411600e+00 
 1.521385e+00  4.588015e+00 
 1.521782e+00  4.614825e+00 
 1.522180e+00  4.372757e+00 
 1.522578e+00  4.150372e+00 
 1.522975e+00  3.917977e+00 
 1.523373e+00  3.693761e+00 
 1.523771e+00  3.630368e+00 
 1.524168e+00  3.479634e+00 
 1.524566e+00  3.230428e+00 
 1.524964e+00  3.305848e+00 
 1.525362e+00  2.900319e+00 
 1.525759e+00  2.451370e+00 
 1.526157e+00  2.362060e+00 
 1.526555e+00  1.975369e+00 
 1.526952e+00  1.554615e+00 
 1.527350e+00  1.624257e+00 
 1.527748e+00  1.453724e+00 
 1.528145e+00  8.415496e-01 
 1.528543e+00  4.330594e-01 
 1.528941e+00  2.302599e-02 
 1.529339e+00 -3.055409e-01 
 1.529736e+00 -5.229681e-01 
 1.530134e+00 -5.160397e-01 
 1.530532e+00 -5.815770e-01 
 1.530929e+00 -9.288800e-01 
 1.531327e+00 -9.566305e-01 
 1.531725e+00 -7.578358e-01 
 1.532122e+00 -8.805794e-01 
 1.532520e+00 -7.162142e-01 
 1.532918e+00 -5.386010e-01 
 1.533315e+00 -2.116899e-01 
 1.533713e+00 -3.721735e-01 
 1.534111e+00 -6.695686e-01 
 1.534509e+00 -1.159945e+00 
 1.534906e+00 -1.463572e+00 
 1.535304e+00 -1.557733e+00 
 1.535702e+00 -1.958441e+00 
 1.536099e+00 -1.542723e+00 
 1.536497e+00 -1.424680e+00 
 1.536895e+00 -9.701813e-01 
 1.537292e+00 -4.650594e-01 
 1.537690e+00 -1.426868e-01 
 1.538088e+00 -3.001325e-01 
 1.538486e+00 -2.581988e-01 
 1.538883e+00 -1.146981e-01 
 1.539281e+00  5.159452e-02 
 1.539679e+00  5.072293e-01 
 1.540076e+00  8.235275e-01 
 1.540474e+00  1.300226e+00 
 1.540872e+00  1.676571e+00 
 1.541269e+00  2.120314e+00 
 1.541667e+00  2.227509e+00 
 1.542065e+00  2.248757e+00 
 1.542462e+00  2.382687e+00 
 1.542860e+00  2.440500e+00 
 1.543258e+00  2.556288e+00 
 1.543656e+00  2.454425e+00 
 1.544053e+00  2.540430e+00 
 1.544451e+00  2.593394e+00 
 1.544849e+00  2.862955e+00 
 1.545246e+00  3.013447e+00 
 1.545644e+00  2.794776e+00 
 1.546042e+00  2.469208e+00 
 1.546439e+00  2.102626e+00 
 1.546837e+00  1.806514e+00 
 1.547235e+00  1.832547e+00 
 1.547633e+00  1.774540e+00 
 1.548030e+00  1.424762e+00 
 1.548428e+00  1.405778e+00 
 1.548826e+00  1.234643e+00 
 1.549223e+00  1.142503e+00 
 1.549621e+00  1.442034e+00 
 1.550019e+00  1.557104e+00 
 1.550416e+00  1.587725e+00 
 1.550814e+00  1.466588e+00 
 1.551212e+00  9.679247e-01 
 1.551609e+00  5.386291e-01 
 1.552007e+00  1.783568e-01 
 1.552405e+00 -2.013514e-01 
 1.552803e+00 -3.217272e-01 
 1.553200e+00 -5.413505e-01 
 1.553598e+00 -1.004165e+00 
 1.553996e+00 -1.245551e+00 
 1.554393e+00 -1.465837e+00 
 1.554791e+00 -2.062069e+00 
 1.555189e+00 -2.667743e+00 
 1.555586e+00 -3.062880e+00 
 1.555984e+00 -3.392588e+00 
 1.556382e+00 -3.454747e+00 
 1.556780e+00 -3.602584e+00 
 1.557177e+00 -3.613746e+00 
 1.557575e+00 -3.428746e+00 
 1.557973e+00 -3.256860e+00 
 1.558370e+00 -2.940798e+00 
 1.558768e+00 -2.368406e+00 
 1.559166e+00 -2.048147e+00 
 1.559563e+00 -2.094379e+00 
 1.559961e+00 -2.147046e+00 
 1.560359e+00 -2.324371e+00 
 1.560756e+00 -2.060440e+00 
 1.561154e+00 -1.937870e+00 
 1.561552e+00 -1.605951e+00 
 1.561950e+00 -1.362578e+00 
 1.562347e+00 -1.185566e+00 
 1.562745e+00 -1.423210e+00 
 1.563143e+00 -1.773035e+00 
 1.563540e+00 -1.824686e+00 
 1.563938e+00 -2.196569e+00 
 1.564336e+00 -2.888275e+00 
 1.564733e+00 -2.990651e+00 
 1.565131e+00 -2.729427e+00 
 1.565529e+00 -2.214065e+00 
 1.565927e+00 -1.653126e+00 
 1.566324e+00 -1.027348e+00 
 1.566722e+00 -4.736126e-01 
 1.567120e+00 -5.293367e-01 
 1.567517e+00 -4.708049e-01 
 1.567915e+00 -3.761597e-01 
 1.568313e+00 -9.338152e-02 
 1.568710e+00  1.817723e-01 
 1.569108e+00 -7.805761e-03 
 1.569506e+00  4.525077e-01 
 1.569903e+00  8.016760e-01 
 1.570301e+00  1.179332e+00 
 1.570699e+00  1.608514e+00 
 1.571097e+00  2.088849e+00 
 1.571494e+00  2.020711e+00 
 1.571892e+00  2.055400e+00 
 1.572290e+00  1.691661e+00 
 1.572687e+00  1.149812e+00 
 1.573085e+00  1.129588e+00 
 1.573483e+00  6.603568e-01 
 1.573880e+00  5.460694e-01 
 1.574278e+00  3.200649e-01 
 1.574676e+00 -3.791919e-02 
 1.575074e+00 -2.601683e-01 
 1.575471e+00 -1.096276e-01 
 1.575869e+00 -2.117336e-01 
 1.576267e+00 -1.335923e-01 
 1.576664e+00 -3.161122e-02 
 1.577062e+00 -5.234793e-02 
 1.577460e+00  1.603461e-02 
 1.577857e+00  7.550470e-04 
 1.578255e+00 -2.554573e-01 
 1.578653e+00 -4.066326e-01 
 1.579050e+00 -7.649814e-01 
 1.579448e+00 -1.035427e+00 
 1.579846e+00 -1.032896e+00 
 1.580244e+00 -1.098335e+00 
 1.580641e+00 -1.485898e+00 
 1.581039e+00 -1.597771e+00 
 1.581437e+00 -2.080135e+00 
 1.581834e+00 -2.919877e+00 
 1.582232e+00 -3.710271e+00 
 1.582630e+00 -4.427968e+00 
 1.583027e+00 -4.843948e+00 
 1.583425e+00 -5.268329e+00 
 1.583823e+00 -5.529817e+00 
 1.584221e+00 -5.444968e+00 
 1.584618e+00 -5.408910e+00 
 1.585016e+00 -5.374313e+00 
 1.585414e+00 -5.413144e+00 
 1.585811e+00 -5.381033e+00 
 1.586209e+00 -5.111273e+00 
 1.586607e+00 -4.821977e+00 
 1.587004e+00 -4.324943e+00 
 1.587402e+00 -4.023897e+00 
 1.587800e+00 -3.604213e+00 
 1.588197e+00 -3.154080e+00 
 1.588595e+00 -2.639755e+00 
 1.588993e+00 -2.104668e+00 
 1.589391e+00 -1.547003e+00 
 1.589788e+00 -1.436184e+00 
 1.590186e+00 -1.321972e+00 
 1.590584e+00 -1.325139e+00 
 1.590981e+00 -1.192602e+00 
 1.591379e+00 -1.293577e+00 
 1.591777e+00 -1.287398e+00 
 1.592174e+00 -9.656829e-01 
 1.592572e+00 -8.809378e-01 
 1.592970e+00 -4.419841e-01 
 1.593368e+00 -1.851349e-01 
 1.593765e+00  7.878655e-02 
 1.594163e+00  5.596789e-01 
 1.594561e+00  1.048620e+00 
 1.594958e+00  1.067312e+00 
 1.595356e+00  1.074822e+00 
 1.595754e+00  1.065686e+00 
 1.596151e+00  1.202640e+00 
 1.596549e+00  1.794298e+00 
 1.596947e+00  1.724757e+00 
 1.597344e+00  1.477262e+00 
 1.597742e+00  1.469926e+00 
 1.598140e+00  1.306700e+00 
 1.598538e+00  1.488180e+00 
 1.598935e+00  1.787609e+00 
 1.599333e+00  1.917162e+00 
 1.599731e+00  1.777209e+00 
 1.600128e+00  1.711367e+00 
 1.600526e+00  1.199266e+00 
 1.600924e+00  9.239209e-01 
 1.601321e+00  6.341435e-01 
 1.601719e+00  2.187239e-01 
 1.602117e+00  3.005924e-01 
 1.602515e+00  2.494928e-01 
 1.602912e+00 -1.704216e-01 
 1.603310e+00 -4.430673e-01 
 1.603708e+00 -7.899883e-01 
 1.604105e+00 -9.757742e-01 
 1.604503e+00 -8.564270e-01 
 1.604901e+00 -8.099580e-01 
 1.605298e+00 -5.717187e-01 
 1.605696e+00  2.277617e-02 
 1.606094e+00  3.410080e-01 
 1.606491e+00  1.960469e-01 
 1.606889e+00  3.091982e-01 
 1.607287e+00  1.171570e-01 
 1.607685e+00 -1.849665e-01 
 1.608082e+00 -6.044938e-01 
 1.608480e+00 -5.577237e-01 
 1.608878e+00 -5.048579e-01 
 1.609275e+00 -3.803387e-01 
 1.609673e+00 -5.289801e-02 
 1.610071e+00  3.590212e-02 
 1.610468e+00 -8.432383e-02 
 1.610866e+00 -8.168618e-01 
 1.611264e+00 -1.306848e+00 
 1.611662e+00 -1.587544e+00 
 1.612059e+00 -1.706188e+00 
 1.612457e+00 -1.807456e+00 
 1.612855e+00 -1.741884e+00 
 1.613252e+00 -1.768825e+00 
 1.613650e+00 -1.539268e+00 
 1.614048e+00 -1.573343e+00 
 1.614445e+00 -1.267831e+00 
 1.614843e+00 -9.159905e-01 
 1.615241e+00 -8.845909e-01 
 1.615638e+00 -1.057672e+00 
 1.616036e+00 -1.328602e+00 
 1.616434e+00 -1.136580e+00 
 1.616832e+00 -9.111330e-01 
 1.617229e+00 -5.238457e-01 
 1.617627e+00  2.605854e-01 
 1.618025e+00  1.107344e+00 
 1.618422e+00  1.519523e+00 
 1.618820e+00  1.817053e+00 
 1.619218e+00  2.246285e+00 
 1.619615e+00  2.209867e+00 
 1.620013e+00  2.267034e+00 
 1.620411e+00  2.346556e+00 
 1.620809e+00  2.733825e+00 
 1.621206e+00  3.208260e+00 
 1.621604e+00  3.659673e+00 
 1.622002e+00  4.385995e+00 
 1.622399e+00  4.706414e+00 
 1.622797e+00  4.768789e+00 
 1.623195e+00  4.637784e+00 
 1.623592e+00  4.458140e+00 
 1.623990e+00  3.966354e+00 
 1.624388e+00  3.968990e+00 
 1.624785e+00  4.353727e+00 
 1.625183e+00  4.386781e+00 
 1.625581e+00  4.731716e+00 
 1.625979e+00  4.620478e+00 
 1.626376e+00  4.268830e+00 
 1.626774e+00  4.206918e+00 
 1.627172e+00  4.080852e+00 
 1.627569e+00  3.825096e+00 
 1.627967e+00  4.032187e+00 
 1.628365e+00  3.987270e+00 
 1.628762e+00  3.390311e+00 
 1.629160e+00  2.538663e+00 
 1.629558e+00  1.820466e+00 
 1.629956e+00  1.134033e+00 
 1.630353e+00  4.565381e-01 
 1.630751e+00  2.824979e-01 
 1.631149e+00  1.396445e-01 
 1.631546e+00 -4.434282e-01 
 1.631944e+00 -9.687048e-01 
 1.632342e+00 -8.547007e-01 
 1.632739e+00 -1.234439e+00 
 1.633137e+00 -1.626583e+00 
 1.633535e+00 -2.253992e+00 
 1.633932e+00 -2.224296e+00 
 1.634330e+00 -2.338758e+00 
 1.634728e+00 -2.041188e+00 
 1.635126e+00 -1.761629e+00 
 1.635523e+00 -1.809947e+00 
 1.635921e+00 -1.585047e+00 
 1.636319e+00 -1.578191e+00 
 1.636716e+00 -1.586911e+00 
 1.637114e+00 -1.532552e+00 
 1.637512e+00 -1.468491e+00 
 1.637909e+00 -1.145379e+00 
 1.638307e+00 -5.448494e-01 
 1.638705e+00 -1.013519e-01 
 1.639103e+00  1.185873e-01 
 1.639500e+00 -8.783001e-02 
 1.639898e+00 -6.823514e-02 
 1.640296e+00  2.230704e-01 
 1.640693e+00  6.860755e-01 
 1.641091e+00  1.032370e+00 
 1.641489e+00  9.885251e-01 
 1.641886e+00  8.459340e-01 
 1.642284e+00  4.783051e-01 
 1.642682e+00  3.086819e-01 
 1.643079e+00  2.980212e-01 
 1.643477e+00  7.698181e-01 
 1.643875e+00  9.981723e-01 
 1.644273e+00  1.514651e+00 
 1.644670e+00  2.035432e+00 
 1.645068e+00  1.609903e+00 
 1.645466e+00  1.842698e+00 
 1.645863e+00  2.257389e+00 
 1.646261e+00  2.397546e+00 
 1.646659e+00  2.034692e+00 
 1.647056e+00  2.239036e+00 
 1.647454e+00  2.301660e+00 
 1.647852e+00  2.475686e+00 
 1.648250e+00  2.664834e+00 
 1.648647e+00  2.249772e+00 
 1.649045e+00  2.045425e+00 
 1.649443e+00  1.745135e+00 
 1.649840e+00  1.549795e+00 
 1.650238e+00  2.093791e+00 
 1.650636e+00  2.214833e+00 
 1.651033e+00  1.901334e+00 
 1.651431e+00  1.288945e+00 
 1.651829e+00  6.755408e-01 
 1.652226e+00  2.397454e-01 
 1.652624e+00  9.901832e-02 
 1.653022e+00  3.552813e-01 
 1.653420e+00  8.945052e-01 
 1.653817e+00  1.400854e+00 
 1.654215e+00  1.420743e+00 
 1.654613e+00  1.440044e+00 
 1.655010e+00  1.435797e+00 
 1.655408e+00  1.020396e+00 
 1.655806e+00  5.600882e-01 
 1.656203e+00  2.507676e-01 
 1.656601e+00  3.649334e-01 
 1.656999e+00  7.427504e-01 
 1.657397e+00  8.489415e-01 
 1.657794e+00  3.915388e-01 
 1.658192e+00 -3.726675e-01 
 1.658590e+00 -9.415458e-01 
 1.658987e+00 -1.736418e+00 
 1.659385e+00 -2.011477e+00 
 1.659783e+00 -2.306086e+00 
 1.660180e+00 -2.747210e+00 
 1.660578e+00 -2.982030e+00 
 1.660976e+00 -2.969113e+00 
 1.661373e+00 -2.391143e+00 
 1.661771e+00 -1.979213e+00 
 1.662169e+00 -1.934568e+00 
 1.662567e+00 -1.989695e+00 
 1.662964e+00 -2.302738e+00 
 1.663362e+00 -2.395951e+00 
 1.663760e+00 -2.306100e+00 
 1.664157e+00 -2.034279e+00 
 1.664555e+00 -1.733668e+00 
 1.664953e+00 -1.695453e+00 
 1.665350e+00 -1.642974e+00 
 1.665748e+00 -1.391697e+00 
 1.666146e+00 -1.069482e+00 
 1.666544e+00 -7.998897e-01 
 1.666941e+00 -7.501543e-01 
 1.667339e+00 -1.111529e+00 
 1.667737e+00 -1.968458e+00 
 1.668134e+00 -2.148801e+00 
 1.668532e+00 -2.284576e+00 
 1.668930e+00 -2.140837e+00 
 1.669327e+00 -1.736511e+00 
 1.669725e+00 -1.705637e+00 
 1.670123e+00 -1.721167e+00 
 1.670520e+00 -1.806387e+00 
 1.670918e+00 -1.893971e+00 
 1.671316e+00 -2.395601e+00 
 1.671714e+00 -2.203749e+00 
 1.672111e+00 -2.279304e+00 
 1.672509e+00 -1.968956e+00 
 1.672907e+00 -1.313506e+00 
 1.673304e+00 -7.844873e-01 
 1.673702e+00 -1.635722e-01 
 1.674100e+00  1.407191e-01 
 1.674497e+00  3.762805e-01 
 1.674895e+00  3.186807e-01 
 1.675293e+00 -1.142029e-01 
 1.675691e+00 -8.004994e-02 
 1.676088e+00 -2.742827e-02 
 1.676486e+00  2.021629e-02 
 1.676884e+00  3.091630e-02 
 1.677281e+00 -2.908875e-01 
 1.677679e+00 -4.476510e-01 
 1.678077e+00 -7.629667e-01 
 1.678474e+00 -7.847382e-01 
 1.678872e+00 -8.906524e-01 
 1.679270e+00 -5.216803e-01 
 1.679667e+00 -2.848518e-01 
 1.680065e+00 -3.626285e-01 
 1.680463e+00 -6.428014e-01 
 1.680861e+00 -1.101128e+00 
 1.681258e+00 -1.520645e+00 
 1.681656e+00 -1.514350e+00 
 1.682054e+00 -8.589122e-01 
 1.682451e+00 -3.657728e-01 
 1.682849e+00  1.173500e-01 
 1.683247e+00  1.597018e-01 
 1.683644e+00  2.270643e-01 
 1.684042e+00  6.132976e-02 
 1.684440e+00 -5.307429e-01 
 1.684838e+00 -9.861073e-01 
 1.685235e+00 -1.594787e+00 
 1.685633e+00 -2.049710e+00 
 1.686031e+00 -2.225976e+00 
 1.686428e+00 -2.498559e+00 
 1.686826e+00 -3.117263e+00 
 1.687224e+00 -3.401360e+00 
 1.687621e+00 -3.816585e+00 
 1.688019e+00 -3.781429e+00 
 1.688417e+00 -3.809286e+00 
 1.688814e+00 -3.967732e+00 
 1.689212e+00 -4.305650e+00 
 1.689610e+00 -4.470106e+00 
 1.690008e+00 -4.697113e+00 
 1.690405e+00 -4.665134e+00 
 1.690803e+00 -4.395424e+00 
 1.691201e+00 -4.317683e+00 
 1.691598e+00 -4.062829e+00 
 1.691996e+00 -3.919986e+00 
 1.692394e+00 -3.569420e+00 
 1.692791e+00 -3.043527e+00 
 1.693189e+00 -2.874198e+00 
 1.693587e+00 -2.535109e+00 
 1.693985e+00 -2.017894e+00 
 1.694382e+00 -1.753661e+00 
 1.694780e+00 -1.438172e+00 
 1.695178e+00 -7.415889e-01 
 1.695575e+00 -2.929324e-01 
 1.695973e+00 -3.289719e-01 
 1.696371e+00 -3.930321e-01 
 1.696768e+00 -6.061454e-01 
 1.697166e+00  5.010338e-02 
 1.697564e+00  4.254665e-01 
 1.697961e+00  6.386766e-01 
 1.698359e+00  8.130534e-01 
 1.698757e+00  7.374166e-01 
 1.699155e+00  8.328336e-01 
 1.699552e+00  8.197614e-01 
 1.699950e+00  1.209731e+00 
 1.700348e+00  1.428038e+00 
 1.700745e+00  1.568869e+00 
 1.701143e+00  1.801366e+00 
 1.701541e+00  2.338951e+00 
 1.701938e+00  2.772805e+00 
 1.702336e+00  3.066177e+00 
 1.702734e+00  2.998476e+00 
 1.703132e+00  2.908806e+00 
 1.703529e+00  2.188440e+00 
 1.703927e+00  1.456281e+00 
 1.704325e+00  1.010308e+00 
 1.704722e+00  1.002765e+00 
 1.705120e+00  1.110513e+00 
 1.705518e+00  1.193037e+00 
 1.705915e+00  1.202238e+00 
 1.706313e+00  8.666295e-01 
 1.706711e+00  5.258034e-01 
 1.707108e+00 -2.774356e-02 
 1.707506e+00 -4.600084e-01 
 1.707904e+00 -9.474336e-01 
 1.708302e+00 -6.891594e-01 
 1.708699e+00 -5.644846e-01 
 1.709097e+00 -6.103398e-01 
 1.709495e+00 -4.452124e-01 
 1.709892e+00 -7.790446e-01 
 1.710290e+00 -1.255882e+00 
 1.710688e+00 -1.394929e+00 
 1.711085e+00 -1.382351e+00 
 1.711483e+00 -1.259829e+00 
 1.711881e+00 -7.740834e-01 
 1.712279e+00 -8.557046e-01 
 1.712676e+00 -6.113212e-01 
 1.713074e+00 -3.496291e-01 
 1.713472e+00 -3.073374e-01 
 1.713869e+00 -1.415045e-01 
 1.714267e+00  7.955622e-02 
 1.714665e+00 -2.517077e-01 
 1.715062e+00 -2.929417e-01 
 1.715460e+00 -2.234348e-01 
 1.715858e+00 -3.288882e-01 
 1.716255e+00  9.991216e-02 
 1.716653e+00  9.165192e-02 
 1.717051e+00  1.443707e-01 
 1.717449e+00  4.450473e-01 
 1.717846e+00  5.449561e-01 
 1.718244e+00  4.328458e-01 
 1.718642e+00  3.353026e-01 
 1.719039e+00 -2.297226e-01 
 1.719437e+00 -1.025443e+00 
 1.719835e+00 -9.875806e-01 
 1.720232e+00 -9.390784e-01 
 1.720630e+00 -6.479509e-01 
 1.721028e+00 -1.589418e-01 
 1.721426e+00  4.333674e-01 
 1.721823e+00  6.935830e-01 
 1.722221e+00  5.330697e-01 
 1.722619e+00  7.188759e-01 
 1.723016e+00  5.976868e-01 
 1.723414e+00  6.114786e-01 
 1.723812e+00  8.091659e-01 
 1.724209e+00  1.102685e+00 
 1.724607e+00  1.186244e+00 
 1.725005e+00  1.085498e+00 
 1.725402e+00  1.410849e+00 
 1.725800e+00  1.643397e+00 
 1.726198e+00  1.648941e+00 
 1.726596e+00  1.773190e+00 
 1.726993e+00  1.744714e+00 
 1.727391e+00  1.720209e+00 
 1.727789e+00  1.776334e+00 
 1.728186e+00  1.862735e+00 
 1.728584e+00  1.764792e+00 
 1.728982e+00  1.777064e+00 
 1.729379e+00  2.050232e+00 
 1.729777e+00  2.265978e+00 
 1.730175e+00  2.468799e+00 
 1.730573e+00  2.836254e+00 
 1.730970e+00  3.091108e+00 
 1.731368e+00  3.128474e+00 
 1.731766e+00  3.178879e+00 
 1.732163e+00  3.004399e+00 
 1.732561e+00  2.458469e+00 
 1.732959e+00  2.134660e+00 
 1.733356e+00  1.863212e+00 
 1.733754e+00  2.007258e+00 
 1.734152e+00  2.486461e+00 
 1.734549e+00  2.782049e+00 
 1.734947e+00  2.833872e+00 
 1.735345e+00  2.535318e+00 
 1.735743e+00  1.883578e+00 
 1.736140e+00  1.042170e+00 
 1.736538e+00  6.366892e-01 
 1.736936e+00 -5.658971e-02 
 1.737333e+00 -2.559562e-01 
 1.737731e+00 -1.804035e-01 
 1.738129e+00 -3.770766e-01 
 1.738526e+00 -3.498606e-01 
 1.738924e+00 -3.679168e-01 
 1.739322e+00 -3.287065e-01 
 1.739720e+00 -2.240705e-01 
 1.740117e+00 -4.856594e-01 
 1.740515e+00 -7.215689e-01 
 1.740913e+00 -4.362415e-01 
 1.741310e+00 -4.504376e-01 
 1.741708e+00 -3.296925e-01 
 1.742106e+00  2.031117e-01 
 1.742503e+00  3.869218e-01 
 1.742901e+00  3.008768e-01 
 1.743299e+00  6.032177e-01 
 1.743696e+00  8.803255e-01 
 1.744094e+00  1.029127e+00 
 1.744492e+00  6.860253e-01 
 1.744890e+00  5.936012e-01 
 1.745287e+00  7.717743e-01 
 1.745685e+00  5.515336e-01 
 1.746083e+00  3.508706e-01 
 1.746480e+00  7.031131e-01 
 1.746878e+00  1.092853e+00 
 1.747276e+00  8.149260e-01 
 1.747673e+00  6.014325e-01 
 1.748071e+00  8.912223e-01 
 1.748469e+00  5.911753e-01 
 1.748867e+00  7.823526e-01 
 1.749264e+00  1.355739e+00 
 1.749662e+00  1.818074e+00 
 1.750060e+00  2.015491e+00 
 1.750457e+00  2.207987e+00 
 1.750855e+00  2.091914e+00 
 1.751253e+00  1.991459e+00 
 1.751650e+00  1.948572e+00 
 1.752048e+00  1.867154e+00 
 1.752446e+00  1.832661e+00 
 1.752843e+00  2.092146e+00 
 1.753241e+00  2.253962e+00 
 1.753639e+00  1.928956e+00 
 1.754037e+00  1.538108e+00 
 1.754434e+00  1.055850e+00 
 1.754832e+00  4.177967e-01 
 1.755230e+00  7.782563e-02 
 1.755627e+00 -1.856496e-01 
 1.756025e+00 -3.321584e-01 
 1.756423e+00 -1.722366e-01 
 1.756820e+00  5.256301e-02 
 1.757218e+00  3.242070e-01 
 1.757616e+00  7.063040e-01 
 1.758014e+00  7.226902e-01 
 1.758411e+00  4.281988e-01 
 1.758809e+00  2.499691e-01 
 1.759207e+00 -2.698986e-01 
 1.759604e+00 -2.632067e-01 
 1.760002e+00 -5.078826e-02 
 1.760400e+00  1.837404e-01 
 1.760797e+00  5.588026e-01 
 1.761195e+00  8.218096e-01 
 1.761593e+00  4.661975e-01 
 1.761990e+00  4.912625e-01 
 1.762388e+00  3.954532e-01 
 1.762786e+00 -1.337320e-01 
 1.763184e+00 -1.005812e-01 
 1.763581e+00 -5.733953e-01 
 1.763979e+00 -1.257742e+00 
 1.764377e+00 -1.515873e+00 
 1.764774e+00 -1.680831e+00 
 1.765172e+00 -2.102024e+00 
 1.765570e+00 -2.455384e+00 
 1.765967e+00 -2.588018e+00 
 1.766365e+00 -3.059532e+00 
 1.766763e+00 -3.265879e+00 
 1.767161e+00 -3.334266e+00 
 1.767558e+00 -3.027923e+00 
 1.767956e+00 -2.802960e+00 
 1.768354e+00 -2.771667e+00 
 1.768751e+00 -2.549904e+00 
 1.769149e+00 -2.129804e+00 
 1.769547e+00 -1.815360e+00 
 1.769944e+00 -1.570132e+00 
 1.770342e+00 -1.352633e+00 
 1.770740e+00 -1.677040e+00 
 1.771137e+00 -2.064360e+00 
 1.771535e+00 -2.014879e+00 
 1.771933e+00 -1.926353e+00 
 1.772331e+00 -1.883956e+00 
 1.772728e+00 -1.874687e+00 
 1.773126e+00 -2.104936e+00 
 1.773524e+00 -2.223512e+00 
 1.773921e+00 -2.412664e+00 
 1.774319e+00 -2.433451e+00 
 1.774717e+00 -2.541646e+00 
 1.775114e+00 -2.430672e+00 
 1.775512e+00 -2.196725e+00 
 1.775910e+00 -2.143680e+00 
 1.776308e+00 -2.136943e+00 
 1.776705e+00 -1.993590e+00 
 1.777103e+00 -1.820972e+00 
 1.777501e+00 -1.294091e+00 
 1.777898e+00 -6.362021e-01 
 1.778296e+00 -3.131836e-01 
 1.778694e+00 -1.245064e-01 
 1.779091e+00  4.071538e-01 
 1.779489e+00  1.517248e-01 
 1.779887e+00 -6.138370e-02 
 1.780284e+00 -1.096913e-01 
 1.780682e+00 -3.065180e-01 
 1.781080e+00 -4.810357e-01 
 1.781478e+00 -4.137482e-01 
 1.781875e+00 -2.098116e-01 
 1.782273e+00 -6.195118e-02 
 1.782671e+00 -1.109141e-01 
 1.783068e+00 -2.153574e-01 
 1.783466e+00 -4.567517e-01 
 1.783864e+00 -1.202822e+00 
 1.784261e+00 -1.529918e+00 
 1.784659e+00 -1.691859e+00 
 1.785057e+00 -1.985618e+00 
 1.785455e+00 -1.681290e+00 
 1.785852e+00 -1.047847e+00 
 1.786250e+00 -9.588281e-01 
 1.786648e+00 -7.285971e-01 
 1.787045e+00 -6.673962e-01 
 1.787443e+00 -7.868579e-01 
 1.787841e+00 -1.108958e+00 
 1.788238e+00 -1.379878e+00 
 1.788636e+00 -1.275835e+00 
 1.789034e+00 -9.858827e-01 
 1.789431e+00 -8.033533e-01 
 1.789829e+00 -6.023485e-01 
 1.790227e+00 -1.473277e-01 
 1.790625e+00  1.982271e-01 
 1.791022e+00  3.447435e-01 
 1.791420e+00  6.778843e-01 
 1.791818e+00  3.312759e-01 
 1.792215e+00 -2.876162e-01 
 1.792613e+00 -9.907563e-01 
 1.793011e+00 -1.108571e+00 
 1.793408e+00 -1.043187e+00 
 1.793806e+00 -9.190557e-01 
 1.794204e+00 -1.097180e+00 
 1.794602e+00 -1.084902e+00 
 1.794999e+00 -1.048260e+00 
 1.795397e+00 -1.416469e+00 
 1.795795e+00 -1.437804e+00 
 1.796192e+00 -1.159977e+00 
 1.796590e+00 -1.114975e+00 
 1.796988e+00 -1.064224e+00 
 1.797385e+00 -1.302045e+00 
 1.797783e+00 -1.328619e+00 
 1.798181e+00 -1.310230e+00 
 1.798578e+00 -1.339459e+00 
 1.798976e+00 -1.530340e+00 
 1.799374e+00 -1.977030e+00 
 1.799772e+00 -2.202328e+00 
 1.800169e+00 -2.130467e+00 
 1.800567e+00 -1.827106e+00 
 1.800965e+00 -1.410908e+00 
 1.801362e+00 -1.163632e+00 
 1.801760e+00 -1.380932e+00 
 1.802158e+00 -1.734151e+00 
 1.802555e+00 -1.835635e+00 
 1.802953e+00 -1.820567e+00 
 1.803351e+00 -1.970088e+00 
 1.803749e+00 -1.945907e+00 
 1.804146e+00 -1.723110e+00 
 1.804544e+00 -1.209671e+00 
 1.804942e+00 -1.041644e+00 
 1.805339e+00 -7.444012e-01 
 1.805737e+00 -3.094158e-01 
 1.806135e+00 -4.745780e-01 
 1.806532e+00 -4.355491e-01 
 1.806930e+00 -7.633908e-02 
 1.807328e+00 -1.561054e-01 
 1.807725e+00  1.417202e-01 
 1.808123e+00  7.132586e-01 
 1.808521e+00  9.084837e-01 
 1.808919e+00  1.310873e+00 
 1.809316e+00  1.687086e+00 
 1.809714e+00  1.722226e+00 
 1.810112e+00  1.938647e+00 
 1.810509e+00  1.851207e+00 
 1.810907e+00  1.557028e+00 
 1.811305e+00  1.785660e+00 
 1.811702e+00  1.904136e+00 
 1.812100e+00  2.015924e+00 
 1.812498e+00  2.161633e+00 
 1.812896e+00  1.957465e+00 
 1.813293e+00  1.525932e+00 
 1.813691e+00  1.420428e+00 
 1.814089e+00  1.278151e+00 
 1.814486e+00  1.000118e+00 
 1.814884e+00  5.283511e-01 
 1.815282e+00  1.492093e-01 
 1.815679e+00 -8.040240e-02 
 1.816077e+00 -1.354486e-01 
 1.816475e+00 -2.343971e-01 
 1.816872e+00 -1.786535e-01 
 1.817270e+00 -1.975689e-01 
 1.817668e+00 -4.043273e-01 
 1.818066e+00 -7.840558e-01 
 1.818463e+00 -9.861447e-01 
 1.818861e+00 -9.831897e-01 
 1.819259e+00 -8.298620e-01 
 1.819656e+00 -5.849759e-01 
 1.820054e+00 -7.396457e-01 
 1.820452e+00 -1.071016e+00 
 1.820849e+00 -1.564903e+00 
 1.821247e+00 -1.833858e+00 
 1.821645e+00 -1.929858e+00 
 1.822043e+00 -2.244478e+00 
 1.822440e+00 -2.031469e+00 
 1.822838e+00 -1.949370e+00 
 1.823236e+00 -1.934639e+00 
 1.823633e+00 -1.928625e+00 
 1.824031e+00 -1.865783e+00 
 1.824429e+00 -1.943639e+00 
 1.824826e+00 -1.798687e+00 
 1.825224e+00 -1.373388e+00 
 1.825622e+00 -7.964283e-01 
 1.826019e+00 -4.151773e-01 
 1.826417e+00 -9.795523e-02 
 1.826815e+00  2.843488e-01 
 1.827213e+00  6.442850e-01 
 1.827610e+00  5.626395e-01 
 1.828008e+00  7.070297e-01 
 1.828406e+00  1.047054e+00 
 1.828803e+00  1.583426e+00 
 1.829201e+00  2.491675e+00 
 1.829599e+00  3.109112e+00 
 1.829996e+00  3.461630e+00 
 1.830394e+00  3.756998e+00 
 1.830792e+00  3.455119e+00 
 1.831190e+00  3.361638e+00 
 1.831587e+00  3.360928e+00 
 1.831985e+00  3.049659e+00 
 1.832383e+00  3.075740e+00 
 1.832780e+00  3.134160e+00 
 1.833178e+00  2.859701e+00 
 1.833576e+00  3.018282e+00 
 1.833973e+00  3.192751e+00 
 1.834371e+00  3.351583e+00 
 1.834769e+00  3.559727e+00 
 1.835166e+00  3.676878e+00 
 1.835564e+00  3.550794e+00 
 1.835962e+00  3.155331e+00 
 1.836360e+00  2.872682e+00 
 1.836757e+00  2.959241e+00 
 1.837155e+00  3.483485e+00 
 1.837553e+00  3.739989e+00 
 1.837950e+00  4.272654e+00 
 1.838348e+00  4.745884e+00 
 1.838746e+00  4.551471e+00 
 1.839143e+00  4.063793e+00 
 1.839541e+00  3.305432e+00 
 1.839939e+00  2.603731e+00 
 1.840337e+00  1.900959e+00 
 1.840734e+00  1.657486e+00 
 1.841132e+00  1.363875e+00 
 1.841530e+00  1.299344e+00 
 1.841927e+00  1.332314e+00 
 1.842325e+00  1.104054e+00 
 1.842723e+00  7.106112e-01 
 1.843120e+00  2.554575e-01 
 1.843518e+00 -6.336940e-01 
 1.843916e+00 -1.247498e+00 
 1.844313e+00 -1.504235e+00 
 1.844711e+00 -1.268414e+00 
 1.845109e+00 -1.063739e+00 
 1.845507e+00 -1.067383e+00 
 1.845904e+00 -9.683354e-01 
 1.846302e+00 -7.975276e-01 
 1.846700e+00 -7.971239e-01 
 1.847097e+00 -9.940476e-01 
 1.847495e+00 -7.885989e-01 
 1.847893e+00 -6.904138e-01 
 1.848290e+00 -6.738952e-01 
 1.848688e+00 -9.460126e-01 
 1.849086e+00 -1.157835e+00 
 1.849484e+00 -1.343110e+00 
 1.849881e+00 -1.564610e+00 
 1.850279e+00 -1.703632e+00 
 1.850677e+00 -1.509190e+00 
 1.851074e+00 -1.341466e+00 
 1.851472e+00 -1.253792e+00 
 1.851870e+00 -8.207139e-01 
 1.852267e+00 -5.341316e-01 
 1.852665e+00 -2.421965e-01 
 1.853063e+00 -5.024654e-01 
 1.853460e+00 -5.394590e-01 
 1.853858e+00 -2.322214e-01 
 1.854256e+00 -3.208190e-01 
 1.854654e+00 -5.036011e-02 
 1.855051e+00  8.483181e-01 
 1.855449e+00  1.031012e+00 
 1.855847e+00  1.449435e+00 
 1.856244e+00  2.050761e+00 
 1.856642e+00  2.175185e+00 
 1.857040e+00  2.060903e+00 
 1.857437e+00  2.247452e+00 
 1.857835e+00  2.426896e+00 
 1.858233e+00  2.535098e+00 
 1.858631e+00  2.159545e+00 
 1.859028e+00  1.900605e+00 
 1.859426e+00  1.682910e+00 
 1.859824e+00  1.455722e+00 
 1.860221e+00  1.335515e+00 
 1.860619e+00  1.486781e+00 
 1.861017e+00  1.334901e+00 
 1.861414e+00  7.768064e-01 
 1.861812e+00  2.879971e-01 
 1.862210e+00 -3.285052e-01 
 1.862607e+00 -7.695189e-01 
 1.863005e+00 -8.126195e-01 
 1.863403e+00 -3.112912e-01 
 1.863801e+00 -2.912986e-02 
 1.864198e+00  7.389263e-02 
 1.864596e+00  3.671697e-02 
 1.864994e+00 -3.304985e-01 
 1.865391e+00 -3.785659e-01 
 1.865789e+00 -5.617220e-01 
 1.866187e+00 -9.864769e-01 
 1.866584e+00 -1.389298e+00 
 1.866982e+00 -1.473549e+00 
 1.867380e+00 -1.529262e+00 
 1.867778e+00 -1.713568e+00 
 1.868175e+00 -1.879700e+00 
 1.868573e+00 -2.139664e+00 
 1.868971e+00 -2.738040e+00 
 1.869368e+00 -2.792660e+00 
 1.869766e+00 -3.044530e+00 
 1.870164e+00 -3.049791e+00 
 1.870561e+00 -2.741365e+00 
 1.870959e+00 -2.415444e+00 
 1.871357e+00 -2.560392e+00 
 1.871754e+00 -2.875205e+00 
 1.872152e+00 -2.991229e+00 
 1.872550e+00 -3.306127e+00 
 1.872948e+00 -2.873960e+00 
 1.873345e+00 -2.388954e+00 
 1.873743e+00 -1.731237e+00 
 1.874141e+00 -1.287191e+00 
 1.874538e+00 -1.057316e+00 
 1.874936e+00 -9.070851e-01 
 1.875334e+00 -1.034227e+00 
 1.875731e+00 -1.233934e+00 
 1.876129e+00 -1.199587e+00 
 1.876527e+00 -1.111203e+00 
 1.876925e+00 -1.297325e+00 
 1.877322e+00 -7.627078e-01 
 1.877720e+00 -7.042736e-01 
 1.878118e+00 -9.475487e-01 
 1.878515e+00 -7.930189e-01 
 1.878913e+00 -1.060542e+00 
 1.879311e+00 -1.497652e+00 
 1.879708e+00 -1.523301e+00 
 1.880106e+00 -1.211801e+00 
 1.880504e+00 -7.160690e-01 
 1.880901e+00 -5.755643e-01 
 1.881299e+00 -5.176455e-01 
 1.881697e+00 -2.121984e-01 
 1.882095e+00 -1.415442e-01 
 1.882492e+00 -1.322643e-01 
 1.882890e+00  4.068153e-02 
 1.883288e+00  1.365805e-01 
 1.883685e+00 -1.508801e-01 
 1.884083e+00 -7.437002e-02 
 1.884481e+00  1.746615e-01 
 1.884878e+00  3.834451e-01 
 1.885276e+00  8.216910e-01 
 1.885674e+00  1.011339e+00 
 1.886072e+00  1.442503e+00 
 1.886469e+00  1.737096e+00 
 1.886867e+00  1.638985e+00 
 1.887265e+00  1.091656e+00 
 1.887662e+00  3.645361e-01 
 1.888060e+00 -1.612381e-01 
 1.888458e+00 -5.796742e-01 
 1.888855e+00 -3.754960e-01 
 1.889253e+00  1.338021e-02 
 1.889651e+00  3.696167e-01 
 1.890048e+00  6.873566e-01 
 1.890446e+00  2.579347e-01 
 1.890844e+00 -3.400913e-01 
 1.891242e+00 -7.786340e-01 
 1.891639e+00 -9.669334e-01 
 1.892037e+00 -1.083204e+00 
 1.892435e+00 -1.195313e+00 
 1.892832e+00 -1.092742e+00 
 1.893230e+00 -1.085751e+00 
 1.893628e+00 -1.058257e+00 
 1.894025e+00 -9.512296e-01 
 1.894423e+00 -8.964033e-01 
 1.894821e+00 -1.371434e+00 
 1.895219e+00 -2.114354e+00 
 1.895616e+00 -2.406255e+00 
 1.896014e+00 -2.441992e+00 
 1.896412e+00 -2.503642e+00 
 1.896809e+00 -2.612433e+00 
 1.897207e+00 -2.807301e+00 
 1.897605e+00 -2.956367e+00 
 1.898002e+00 -3.507201e+00 
 1.898400e+00 -3.411820e+00 
 1.898798e+00 -3.117692e+00 
 1.899195e+00 -3.090699e+00 
 1.899593e+00 -2.997724e+00 
 1.899991e+00 -3.038370e+00 
 1.900389e+00 -3.412122e+00 
 1.900786e+00 -3.772273e+00 
 1.901184e+00 -3.948264e+00 
 1.901582e+00 -4.055524e+00 
 1.901979e+00 -3.616695e+00 
 1.902377e+00 -3.312906e+00 
 1.902775e+00 -2.678001e+00 
 1.903172e+00 -1.957191e+00 
 1.903570e+00 -1.778748e+00 
 1.903968e+00 -1.515899e+00 
 1.904366e+00 -1.244441e+00 
 1.904763e+00 -1.346087e+00 
 1.905161e+00 -1.189975e+00 
 1.905559e+00 -8.456922e-01 
 1.905956e+00 -7.009644e-01 
 1.906354e+00 -3.773300e-01 
 1.906752e+00  5.696804e-02 
 1.907149e+00  2.490442e-01 
 1.907547e+00  7.969972e-01 
 1.907945e+00  1.064749e+00 
 1.908342e+00  9.313347e-01 
 1.908740e+00  9.441475e-01 
 1.909138e+00  1.075741e+00 
 1.909536e+00  8.411195e-01 
 1.909933e+00  6.294577e-01 
 1.910331e+00  3.398242e-01 
 1.910729e+00  6.938304e-02 
 1.911126e+00  2.300998e-01 
 1.911524e+00  7.696046e-01 
 1.911922e+00  1.072318e+00 
 1.912319e+00  1.345060e+00 
 1.912717e+00  1.439182e+00 
 1.913115e+00  1.170928e+00 
 1.913513e+00  1.123737e+00 
 1.913910e+00  9.142210e-01 
 1.914308e+00  1.079454e+00 
 1.914706e+00  1.258489e+00 
 1.915103e+00  1.594161e+00 
 1.915501e+00  1.580399e+00 
 1.915899e+00  1.347236e+00 
 1.916296e+00  8.120580e-01 
 1.916694e+00  4.226540e-01 
 1.917092e+00  3.299043e-01 
 1.917489e+00  2.525899e-01 
 1.917887e+00  1.441757e-01 
 1.918285e+00  3.995608e-01 
 1.918683e+00  4.910719e-01 
 1.919080e+00  2.448359e-01 
 1.919478e+00 -7.659601e-02 
 1.919876e+00 -1.680909e-01 
 1.920273e+00 -5.100573e-01 
 1.920671e+00 -6.631065e-01 
 1.921069e+00 -5.235009e-01 
 1.921466e+00 -6.642982e-01 
 1.921864e+00 -6.076957e-01 
 1.922262e+00 -1.480861e-01 
 1.922660e+00 -1.978520e-01 
 1.923057e+00 -2.261319e-01 
 1.923455e+00 -3.184570e-01 
 1.923853e+00 -6.133352e-01 
 1.924250e+00 -6.076065e-01 
 1.924648e+00 -5.228579e-01 
 1.925046e+00 -1.375534e-01 
 1.925443e+00  6.195884e-01 
 1.925841e+00  7.054835e-01 
 1.926239e+00  4.429914e-01 
 1.926636e+00  4.651864e-01 
 1.927034e+00  2.025161e-02 
 1.927432e+00 -2.159536e-01 
 1.927830e+00 -3.305373e-01 
 1.928227e+00 -2.387732e-01 
 1.928625e+00 -3.259333e-01 
 1.929023e+00 -2.507249e-01 
 1.929420e+00 -1.342495e-01 
 1.929818e+00  2.247422e-01 
 1.930216e+00  4.364235e-01 
 1.930613e+00  4.610724e-01 
 1.931011e+00  7.053367e-01 
 1.931409e+00  9.844313e-01 
 1.931807e+00  1.441967e+00 
 1.932204e+00  2.170382e+00 
 1.932602e+00  2.709837e+00 
 1.933000e+00  3.088828e+00 
 1.933397e+00  3.481856e+00 
 1.933795e+00  3.822473e+00 
 1.934193e+00  3.943587e+00 
 1.934590e+00  3.951577e+00 
 1.934988e+00  3.818689e+00 
 1.935386e+00  3.496867e+00 
 1.935783e+00  3.390219e+00 
 1.936181e+00  3.395246e+00 
 1.936579e+00  3.309577e+00 
 1.936977e+00  3.376715e+00 
 1.937374e+00  3.359388e+00 
 1.937772e+00  3.525195e+00 
 1.938170e+00  3.300568e+00 
 1.938567e+00  2.864331e+00 
 1.938965e+00  2.162264e+00 
 1.939363e+00  1.696277e+00 
 1.939760e+00  1.480306e+00 
 1.940158e+00  1.305304e+00 
 1.940556e+00  1.532464e+00 
 1.940954e+00  2.150332e+00 
 1.941351e+00  2.516902e+00 
 1.941749e+00  2.264609e+00 
 1.942147e+00  1.960306e+00 
 1.942544e+00  1.589928e+00 
 1.942942e+00  1.349930e+00 
 1.943340e+00  1.030345e+00 
 1.943737e+00  1.054540e+00 
 1.944135e+00  8.059454e-01 
 1.944533e+00  5.764418e-01 
 1.944930e+00  7.538033e-02 
 1.945328e+00  1.462838e-01 
 1.945726e+00  1.491781e-01 
 1.946124e+00 -2.479230e-01 
 1.946521e+00 -3.716243e-01 
 1.946919e+00 -4.936054e-01 
 1.947317e+00 -1.101542e+00 
 1.947714e+00 -1.176075e+00 
 1.948112e+00 -1.069377e+00 
 1.948510e+00 -1.168075e+00 
 1.948907e+00 -1.028378e+00 
 1.949305e+00 -1.122331e+00 
 1.949703e+00 -1.097651e+00 
 1.950101e+00 -7.767236e-01 
 1.950498e+00 -5.769396e-01 
 1.950896e+00 -2.699214e-01 
 1.951294e+00  1.876132e-01 
 1.951691e+00  1.811302e-01 
 1.952089e+00  1.200346e-01 
 1.952487e+00  2.291997e-01 
 1.952884e+00 -2.855852e-02 
 1.953282e+00 -2.117441e-02 
 1.953680e+00 -9.904706e-02 
 1.954077e+00 -9.604971e-02 
 1.954475e+00  1.986035e-01 
 1.954873e+00  6.101092e-01 
 1.955271e+00  4.914547e-01 
 1.955668e+00  3.187090e-01 
 1.956066e+00 -1.410491e-01 
 1.956464e+00 -9.095101e-01 
 1.956861e+00 -1.271938e+00 
 1.957259e+00 -1.107265e+00 
 1.957657e+00 -1.058626e+00 
 1.958054e+00 -9.773546e-01 
 1.958452e+00 -6.327769e-01 
 1.958850e+00 -1.712784e-01 
 1.959248e+00  3.861302e-01 
 1.959645e+00  6.662169e-01 
 1.960043e+00  4.850703e-01 
 1.960441e+00  3.666260e-01 
 1.960838e+00  5.609548e-01 
 1.961236e+00  5.407213e-01 
 1.961634e+00  6.126058e-01 
 1.962031e+00  6.906730e-01 
 1.962429e+00  6.609119e-01 
 1.962827e+00  6.116277e-01 
 1.963224e+00  1.131020e+00 
 1.963622e+00  1.574738e+00 
 1.964020e+00  1.670890e+00 
 1.964418e+00  1.531647e+00 
 1.964815e+00  1.233249e+00 
 1.965213e+00  8.514859e-01 
 1.965611e+00  4.926223e-01 
 1.966008e+00  6.084514e-01 
 1.966406e+00  8.815619e-01 
 1.966804e+00  1.116282e+00 
 1.967201e+00  9.333480e-01 
 1.967599e+00  7.934703e-01 
 1.967997e+00  7.356799e-01 
 1.968395e+00  3.083856e-01 
 1.968792e+00  3.850179e-01 
 1.969190e+00  8.088007e-01 
 1.969588e+00  5.206550e-01 
 1.969985e+00  3.919774e-01 
 1.970383e+00  3.554649e-01 
 1.970781e+00 -2.778683e-01 
 1.971178e+00 -6.877256e-01 
 1.971576e+00 -9.703078e-01 
 1.971974e+00 -1.268233e+00 
 1.972371e+00 -1.466795e+00 
 1.972769e+00 -1.719030e+00 
 1.973167e+00 -1.864940e+00 
 1.973565e+00 -1.665151e+00 
 1.973962e+00 -2.188065e+00 
 1.974360e+00 -2.655920e+00 
 1.974758e+00 -2.916019e+00 
 1.975155e+00 -3.061556e+00 
 1.975553e+00 -3.238923e+00 
 1.975951e+00 -3.254238e+00 
 1.976348e+00 -3.149825e+00 
 1.976746e+00 -2.906923e+00 
 1.977144e+00 -2.365826e+00 
 1.977542e+00 -2.234444e+00 
 1.977939e+00 -1.595358e+00 
 1.978337e+00 -1.594758e+00 
 1.978735e+00 -1.773347e+00 
 1.979132e+00 -2.050632e+00 
 1.979530e+00 -1.644308e+00 
 1.979928e+00 -1.287377e+00 
 1.980325e+00 -9.484959e-01 
 1.980723e+00 -5.055123e-01 
 1.981121e+00 -1.188063e-01 
 1.981518e+00  2.545265e-01 
 1.981916e+00  3.996148e-01 
 1.982314e+00  2.837493e-01 
 1.982712e+00 -4.007451e-03 
 1.983109e+00 -3.298044e-01 
 1.983507e+00 -4.719971e-01 
 1.983905e+00 -4.455311e-01 
 1.984302e+00 -5.867836e-01 
 1.984700e+00 -7.352648e-01 
 1.985098e+00 -9.804672e-01 
 1.985495e+00 -1.113754e+00 
 1.985893e+00 -1.212293e+00 
 1.986291e+00 -1.558100e+00 
 1.986689e+00 -1.856076e+00 
 1.987086e+00 -1.858490e+00 
 1.987484e+00 -1.521643e+00 
 1.987882e+00 -1.446319e+00 
 1.988279e+00 -1.513569e+00 
 1.988677e+00 -1.591091e+00 
 1.989075e+00 -1.711897e+00 
 1.989472e+00 -1.793759e+00 
 1.989870e+00 -2.017499e+00 
 1.990268e+00 -1.907672e+00 
 1.990665e+00 -1.945530e+00 
 1.991063e+00 -2.260629e+00 
 1.991461e+00 -2.334595e+00 
 1.991859e+00 -2.239065e+00 
 1.992256e+00 -1.727342e+00 
 1.992654e+00 -8.647758e-01 
 1.993052e+00 -5.069959e-01 
 1.993449e+00 -3.095541e-01 
 1.993847e+00 -4.827041e-01 
 1.994245e+00 -8.012133e-01 
 1.994642e+00 -6.009055e-01 
 1.995040e+00 -4.069360e-01 
 1.995438e+00 -2.608873e-01 
 1.995836e+00  9.684218e-02 
 1.996233e+00  1.697799e-01 
 1.996631e+00 -8.650831e-02 
 1.997029e+00  1.935521e-01 
 1.997426e+00  3.433901e-01 
 1.997824e+00  4.512513e-01 
 1.998222e+00  6.810908e-01 
 1.998619e+00  4.967369e-01 
 1.999017e+00  4.719598e-01 
 1.999415e+00  7.971273e-01 
 1.999812e+00  5.708279e-01 
 2.000210e+00  2.922947e-01 
 2.000608e+00  7.216014e-02 
 2.001006e+00 -3.125389e-01 
 2.001403e+00 -4.964959e-01 
 2.001801e+00 -3.774664e-01 
 2.002199e+00 -4.165606e-01 
 2.002596e+00 -4.690363e-01 
 2.002994e+00 -5.613059e-01 
 2.003392e+00 -1.187086e+00 
 2.003789e+00 -1.963475e+00 
 2.004187e+00 -2.653580e+00 
 2.004585e+00 -3.414232e+00 
 2.004983e+00 -4.001747e+00 
 2.005380e+00 -4.287367e+00 
 2.005778e+00 -4.465842e+00 
 2.006176e+00 -4.450443e+00 
 2.006573e+00 -4.205964e+00 
 2.006971e+00 -3.928502e+00 
 2.007369e+00 -3.900521e+00 
 2.007766e+00 -4.116411e+00 
 2.008164e+00 -4.207792e+00 
 2.008562e+00 -3.917288e+00 
 2.008959e+00 -3.736899e+00 
 2.009357e+00 -3.563361e+00 
 2.009755e+00 -3.010099e+00 
 2.010153e+00 -2.616771e+00 
 2.010550e+00 -1.683112e+00 
 2.010948e+00 -1.185387e+00 
 2.011346e+00 -4.714138e-01 
 2.011743e+00 -2.939070e-01 
 2.012141e+00 -3.271714e-01 
 2.012539e+00 -3.778276e-01 
 2.012936e+00 -5.718624e-02 
 2.013334e+00  3.039399e-02 
 2.013732e+00  2.724224e-01 
 2.014130e+00  5.233189e-01 
 2.014527e+00  6.026743e-01 
 2.014925e+00  8.610200e-01 
 2.015323e+00  1.057140e+00 
 2.015720e+00  1.294549e+00 
 2.016118e+00  1.603335e+00 
 2.016516e+00  1.568832e+00 
 2.016913e+00  1.605240e+00 
 2.017311e+00  1.681784e+00 
 2.017709e+00  1.253866e+00 
 2.018106e+00  1.498095e+00 
 2.018504e+00  1.985784e+00 
 2.018902e+00  2.031961e+00 
 2.019300e+00  2.344464e+00 
 2.019697e+00  2.515940e+00 
 2.020095e+00  2.550888e+00 
 2.020493e+00  2.801548e+00 
 2.020890e+00  3.217888e+00 
 2.021288e+00  3.383828e+00 
 2.021686e+00  3.620147e+00 
 2.022083e+00  3.503980e+00 
 2.022481e+00  2.721972e+00 
 2.022879e+00  2.313640e+00 
 2.023277e+00  1.916329e+00 
 2.023674e+00  1.500604e+00 
 2.024072e+00  1.449183e+00 
 2.024470e+00  1.223032e+00 
 2.024867e+00  1.289034e+00 
 2.025265e+00  1.140344e+00 
 2.025663e+00  1.148416e+00 
 2.026060e+00  1.197454e+00 
 2.026458e+00  1.175384e+00 
 2.026856e+00  6.389549e-01 
 2.027253e+00  2.645457e-01 
 2.027651e+00  3.757505e-01 
 2.028049e+00  7.231127e-01 
 2.028447e+00  8.111863e-01 
 2.028844e+00  1.042325e+00 
 2.029242e+00  1.198219e+00 
 2.029640e+00  1.150075e+00 
 2.030037e+00  6.734950e-01 
 2.030435e+00  3.728231e-01 
 2.030833e+00  2.699340e-01 
 2.031230e+00 -4.185113e-02 
 2.031628e+00 -1.462982e-01 
 2.032026e+00 -2.319541e-01 
 2.032424e+00 -4.721743e-01 
 2.032821e+00 -8.147043e-01 
 2.033219e+00 -9.637060e-01 
 2.033617e+00 -1.467051e+00 
 2.034014e+00 -1.696690e+00 
 2.034412e+00 -2.061200e+00 
 2.034810e+00 -2.334368e+00 
 2.035207e+00 -2.032613e+00 
 2.035605e+00 -2.027108e+00 
 2.036003e+00 -1.856025e+00 
 2.036400e+00 -1.697301e+00 
 2.036798e+00 -1.383485e+00 
 2.037196e+00 -1.039550e+00 
 2.037594e+00 -1.015115e+00 
 2.037991e+00 -1.106530e+00 
 2.038389e+00 -7.547084e-01 
 2.038787e+00 -2.557792e-01 
 2.039184e+00  1.009172e-01 
 2.039582e+00  8.644726e-01 
 2.039980e+00  1.154789e+00 
 2.040377e+00  1.543204e+00 
 2.040775e+00  1.832275e+00 
 2.041173e+00  1.744288e+00 
 2.041571e+00  2.171152e+00 
 2.041968e+00  2.554315e+00 
 2.042366e+00  2.773458e+00 
 2.042764e+00  2.981944e+00 
 2.043161e+00  3.230920e+00 
 2.043559e+00  3.419658e+00 
 2.043957e+00  4.026469e+00 
 2.044354e+00  4.443964e+00 
 2.044752e+00  4.657994e+00 
 2.045150e+00  4.606550e+00 
 2.045547e+00  4.696775e+00 
 2.045945e+00  4.598250e+00 
 2.046343e+00  5.026421e+00 
 2.046741e+00  4.940342e+00 
 2.047138e+00  5.041396e+00 
 2.047536e+00  4.937462e+00 
 2.047934e+00  4.413438e+00 
 2.048331e+00  4.356693e+00 
 2.048729e+00  4.436605e+00 
 2.049127e+00  4.417321e+00 
 2.049524e+00  3.885561e+00 
 2.049922e+00  3.424107e+00 
 2.050320e+00  2.802455e+00 
 2.050718e+00  2.256050e+00 
 2.051115e+00  1.861384e+00 
 2.051513e+00  9.081395e-01 
 2.051911e+00  5.742334e-02 
 2.052308e+00 -4.640579e-01 
 2.052706e+00 -9.181061e-01 
 2.053104e+00 -1.402136e+00 
 2.053501e+00 -1.682019e+00 
 2.053899e+00 -1.951798e+00 
 2.054297e+00 -1.927896e+00 
 2.054694e+00 -1.873614e+00 
 2.055092e+00 -1.850884e+00 
 2.055490e+00 -2.142971e+00 
 2.055888e+00 -2.679264e+00 
 2.056285e+00 -3.078290e+00 
 2.056683e+00 -3.096505e+00 
 2.057081e+00 -3.054242e+00 
 2.057478e+00 -2.807221e+00 
 2.057876e+00 -2.262866e+00 
 2.058274e+00 -1.907351e+00 
 2.058671e+00 -1.640547e+00 
 2.059069e+00 -1.888783e+00 
 2.059467e+00 -1.885308e+00 
 2.059865e+00 -1.840209e+00 
 2.060262e+00 -2.059000e+00 
 2.060660e+00 -1.842368e+00 
 2.061058e+00 -1.626572e+00 
 2.061455e+00 -1.299937e+00 
 2.061853e+00 -5.357086e-01 
 2.062251e+00 -7.226567e-02 
 2.062648e+00  2.223484e-01 
 2.063046e+00  4.140835e-01 
 2.063444e+00  1.522114e-01 
 2.063841e+00 -1.613747e-01 
 2.064239e+00  1.889967e-01 
 2.064637e+00  1.986853e-01 
 2.065035e+00  4.285341e-01 
 2.065432e+00  5.438510e-01 
 2.065830e+00  4.190234e-01 
 2.066228e+00  4.492320e-01 
 2.066625e+00  6.646934e-01 
 2.067023e+00  7.426246e-01 
 2.067421e+00  7.311353e-01 
 2.067818e+00  6.906934e-01 
 2.068216e+00  7.437224e-01 
 2.068614e+00  7.628256e-01 
 2.069012e+00  4.628972e-01 
 2.069409e+00  1.754002e-01 
 2.069807e+00  4.709883e-01 
 2.070205e+00  5.105720e-01 
 2.070602e+00  4.132535e-01 
 2.071000e+00  7.842688e-01 
 2.071398e+00  1.115312e+00 
 2.071795e+00  1.458745e+00 
 2.072193e+00  1.450517e+00 
 2.072591e+00  1.487307e+00 
 2.072988e+00  1.523475e+00 
 2.073386e+00  1.155379e+00 
 2.073784e+00  9.722076e-01 
 2.074182e+00  6.013202e-01 
 2.074579e+00  7.044354e-01 
 2.074977e+00  6.498510e-01 
 2.075375e+00  7.486323e-01 
 2.075772e+00  9.782046e-01 
 2.076170e+00  9.149208e-01 
 2.076568e+00  7.746832e-01 
 2.076965e+00  6.197151e-01 
 2.077363e+00  7.641850e-01 
 2.077761e+00  5.685530e-01 
 2.078159e+00 -2.221843e-01 
 2.078556e+00 -1.081156e+00 
 2.078954e+00 -1.350707e+00 
 2.079352e+00 -1.905270e+00 
 2.079749e+00 -2.078828e+00 
 2.080147e+00 -1.781630e+00 
 2.080545e+00 -1.491745e+00 
 2.080942e+00 -1.568679e+00 
 2.081340e+00 -1.975688e+00 
 2.081738e+00 -2.761933e+00 
 2.082135e+00 -3.194732e+00 
 2.082533e+00 -3.685529e+00 
 2.082931e+00 -3.904023e+00 
 2.083329e+00 -3.493403e+00 
 2.083726e+00 -3.597280e+00 
 2.084124e+00 -3.233597e+00 
 2.084522e+00 -3.207418e+00 
 2.084919e+00 -3.360837e+00 
 2.085317e+00 -3.626128e+00 
 2.085715e+00 -3.953709e+00 
 2.086112e+00 -4.067954e+00 
 2.086510e+00 -3.645627e+00 
 2.086908e+00 -3.290414e+00 
 2.087306e+00 -3.158537e+00 
 2.087703e+00 -2.777871e+00 
 2.088101e+00 -2.488783e+00 
 2.088499e+00 -2.145295e+00 
 2.088896e+00 -1.726499e+00 
 2.089294e+00 -1.478016e+00 
 2.089692e+00 -1.137291e+00 
 2.090089e+00 -1.065376e+00 
 2.090487e+00 -6.490742e-01 
 2.090885e+00 -2.270684e-01 
 2.091282e+00 -2.005221e-01 
 2.091680e+00 -5.770990e-01 
 2.092078e+00 -5.507084e-01 
 2.092476e+00 -4.570002e-01 
 2.092873e+00 -3.084761e-01 
 2.093271e+00  1.033381e-01 
 2.093669e+00  3.503327e-01 
 2.094066e+00  4.333913e-01 
 2.094464e+00  3.730796e-01 
 2.094862e+00  4.038498e-02 
 2.095259e+00  1.530691e-01 
 2.095657e+00  1.772258e-01 
 2.096055e+00  2.209445e-01 
 2.096453e+00  2.818064e-01 
 2.096850e+00  1.240590e-01 
 2.097248e+00 -6.003007e-02 
 2.097646e+00 -4.202458e-01 
 2.098043e+00 -2.388575e-01 
 2.098441e+00 -1.202588e-01 
 2.098839e+00 -3.457425e-01 
 2.099236e+00 -5.026497e-01 
 2.099634e+00 -9.547632e-01 
 2.100032e+00 -9.792822e-01 
 2.100429e+00 -8.704032e-01 
 2.100827e+00 -1.138088e+00 
 2.101225e+00 -1.491552e+00 
 2.101623e+00 -1.680126e+00 
 2.102020e+00 -1.861133e+00 
 2.102418e+00 -1.759919e+00 
 2.102816e+00 -1.552498e+00 
 2.103213e+00 -1.603639e+00 
 2.103611e+00 -1.646959e+00 
 2.104009e+00 -1.733987e+00 
 2.104406e+00 -1.646402e+00 
 2.104804e+00 -1.426917e+00 
 2.105202e+00 -1.011254e+00 
 2.105600e+00 -3.372660e-01 
 2.105997e+00  4.542246e-03 
 2.106395e+00  2.762490e-01 
 2.106793e+00  4.544807e-01 
 2.107190e+00 -7.950029e-02 
 2.107588e+00 -2.775540e-01 
 2.107986e+00 -5.177304e-01 
 2.108383e+00 -1.016195e+00 
 2.108781e+00 -6.742744e-01 
 2.109179e+00 -3.648871e-01 
 2.109576e+00 -1.162558e-01 
 2.109974e+00  1.017265e-01 
 2.110372e+00 -2.602487e-01 
 2.110770e+00 -9.805257e-01 
 2.111167e+00 -1.524435e+00 
 2.111565e+00 -2.093882e+00 
 2.111963e+00 -2.526751e+00 
 2.112360e+00 -2.596689e+00 
 2.112758e+00 -2.683273e+00 
 2.113156e+00 -2.524081e+00 
 2.113553e+00 -2.391605e+00 
 2.113951e+00 -2.565590e+00 
 2.114349e+00 -2.586072e+00 
 2.114747e+00 -2.523471e+00 
 2.115144e+00 -2.590399e+00 
 2.115542e+00 -2.478623e+00 
 2.115940e+00 -1.970599e+00 
 2.116337e+00 -1.761155e+00 
 2.116735e+00 -1.485076e+00 
 2.117133e+00 -1.811551e+00 
 2.117530e+00 -1.957214e+00 
 2.117928e+00 -1.672965e+00 
 2.118326e+00 -1.436358e+00 
 2.118723e+00 -1.153292e+00 
 2.119121e+00 -5.461840e-01 
 2.119519e+00  4.489543e-02 
 2.119917e+00 -1.946403e-02 
 2.120314e+00 -3.768391e-01 
 2.120712e+00 -2.563821e-01 
 2.121110e+00 -6.902827e-02 
 2.121507e+00  4.138737e-01 
 2.121905e+00  9.044474e-01 
 2.122303e+00  1.193759e+00 
 2.122700e+00  1.975701e+00 
 2.123098e+00  2.396839e+00 
 2.123496e+00  2.910267e+00 
 2.123894e+00  3.394693e+00 
 2.124291e+00  3.888782e+00 
 2.124689e+00  4.148454e+00 
 2.125087e+00  4.127492e+00 
 2.125484e+00  4.045581e+00 
 2.125882e+00  3.738287e+00 
 2.126280e+00  3.156126e+00 
 2.126677e+00  3.052346e+00 
 2.127075e+00  3.076662e+00 
 2.127473e+00  2.756322e+00 
 2.127870e+00  2.490739e+00 
 2.128268e+00  2.517939e+00 
 2.128666e+00  2.374368e+00 
 2.129064e+00  2.010776e+00 
 2.129461e+00  1.104017e+00 
 2.129859e+00  1.349239e-01 
 2.130257e+00 -3.650659e-01 
 2.130654e+00 -1.150282e+00 
 2.131052e+00 -1.258039e+00 
 2.131450e+00 -9.147542e-01 
 2.131847e+00 -5.452464e-01 
 2.132245e+00 -7.219605e-02 
 2.132643e+00 -2.619217e-04 
 2.133041e+00 -2.060984e-01 
 2.133438e+00 -4.326855e-01 
 2.133836e+00 -5.270026e-01 
 2.134234e+00 -3.110271e-01 
 2.134631e+00  7.938565e-02 
 2.135029e+00  2.639786e-01 
 2.135427e+00  3.738247e-01 
 2.135824e+00  9.556772e-01 
 2.136222e+00  1.020506e+00 
 2.136620e+00  1.167882e+00 
 2.137017e+00  1.221070e+00 
 2.137415e+00  1.238866e+00 
 2.137813e+00  1.487340e+00 
 2.138211e+00  1.705936e+00 
 2.138608e+00  1.700441e+00 
 2.139006e+00  1.960252e+00 
 2.139404e+00  1.926184e+00 
 2.139801e+00  1.362756e+00 
 2.140199e+00  1.561329e+00 
 2.140597e+00  1.583191e+00 
 2.140994e+00  1.174091e+00 
 2.141392e+00  1.148236e+00 
 2.141790e+00  1.348555e+00 
 2.142187e+00  1.473587e+00 
 2.142585e+00  1.384394e+00 
 2.142983e+00  1.019772e+00 
 2.143381e+00  7.828097e-01 
 2.143778e+00  5.776573e-01 
 2.144176e+00  7.524893e-01 
 2.144574e+00  7.397328e-01 
 2.144971e+00  9.712803e-01 
 2.145369e+00  7.177374e-01 
 2.145767e+00  2.009486e-01 
 2.146164e+00  2.845737e-02 
 2.146562e+00 -4.976567e-01 
 2.146960e+00 -6.520183e-01 
 2.147358e+00 -4.483427e-01 
 2.147755e+00 -2.112598e-01 
 2.148153e+00 -1.741857e-01 
 2.148551e+00 -2.759388e-01 
 2.148948e+00 -3.003070e-01 
 2.149346e+00 -5.216927e-02 
 2.149744e+00  2.853036e-01 
 2.150141e+00  7.340321e-01 
 2.150539e+00  1.143667e+00 
 2.150937e+00  1.202498e+00 
 2.151334e+00  1.344535e+00 
 2.151732e+00  1.739817e+00 
 2.152130e+00  1.882174e+00 
 2.152528e+00  2.246285e+00 
 2.152925e+00  2.648810e+00 
 2.153323e+00  2.992828e+00 
 2.153721e+00  3.006306e+00 
 2.154118e+00  2.867348e+00 
 2.154516e+00  2.888827e+00 
 2.154914e+00  2.654255e+00 
 2.155311e+00  2.207944e+00 
 2.155709e+00  2.240628e+00 
 2.156107e+00  2.092680e+00 
 2.156505e+00  2.016742e+00 
 2.156902e+00  2.416860e+00 
 2.157300e+00  2.510294e+00 
 2.157698e+00  2.229119e+00 
 2.158095e+00  1.864136e+00 
 2.158493e+00  1.331963e+00 
 2.158891e+00  4.477574e-01 
 2.159288e+00 -1.317877e-01 
 2.159686e+00 -6.712173e-01 
 2.160084e+00 -8.001717e-01 
 2.160481e+00 -6.333403e-01 
 2.160879e+00 -7.682219e-01 
 2.161277e+00 -5.070984e-01 
 2.161675e+00 -6.580044e-01 
 2.162072e+00 -1.346434e+00 
 2.162470e+00 -1.716322e+00 
 2.162868e+00 -1.762388e+00 
 2.163265e+00 -2.073377e+00 
 2.163663e+00 -2.124547e+00 
 2.164061e+00 -2.079368e+00 
 2.164458e+00 -2.298220e+00 
 2.164856e+00 -2.258354e+00 
 2.165254e+00 -2.015184e+00 
 2.165652e+00 -1.613849e+00 
 2.166049e+00 -1.371139e+00 
 2.166447e+00 -1.290914e+00 
 2.166845e+00 -1.198783e+00 
 2.167242e+00 -9.994048e-01 
 2.167640e+00 -5.137771e-01 
 2.168038e+00 -3.409783e-01 
 2.168435e+00 -3.400796e-01 
 2.168833e+00 -1.767525e-01 
 2.169231e+00 -1.763191e-01 
 2.169628e+00  4.433157e-02 
 2.170026e+00  1.599879e-02 
 2.170424e+00  3.927868e-01 
 2.170822e+00  9.169104e-01 
 2.171219e+00  8.758133e-01 
 2.171617e+00  9.192135e-01 
 2.172015e+00  6.684415e-01 
 2.172412e+00  7.704622e-01 
 2.172810e+00  7.317378e-01 
 2.173208e+00  5.465406e-01 
 2.173605e+00  3.775815e-01 
 2.174003e+00  3.157125e-01 
 2.174401e+00  9.397035e-02 
 2.174799e+00 -1.321497e-02 
 2.175196e+00  2.335259e-01 
 2.175594e+00  2.129564e-01 
 2.175992e+00  1.212120e-01 
 2.176389e+00 -7.998544e-02 
 2.176787e+00 -2.995943e-01 
 2.177185e+00 -7.320830e-01 
 2.177582e+00 -1.411883e+00 
 2.177980e+00 -1.574557e+00 
 2.178378e+00 -1.095562e+00 
 2.178775e+00 -1.280831e+00 
 2.179173e+00 -1.100915e+00 
 2.179571e+00 -4.775413e-01 
 2.179969e+00 -3.860402e-01 
 2.180366e+00 -6.645749e-01 
 2.180764e+00 -8.987320e-01 
 2.181162e+00 -9.228349e-01 
 2.181559e+00 -1.083932e+00 
 2.181957e+00 -1.066968e+00 
 2.182355e+00 -8.322659e-01 
 2.182752e+00 -2.687439e-01 
 2.183150e+00 -8.230178e-03 
 2.183548e+00  6.337325e-01 
 2.183946e+00  1.420189e+00 
 2.184343e+00  1.614473e+00 
 2.184741e+00  1.422890e+00 
 2.185139e+00  1.314271e+00 
 2.185536e+00  8.473202e-01 
 2.185934e+00  6.264124e-01 
 2.186332e+00  2.802953e-01 
 2.186729e+00  1.960050e-01 
 2.187127e+00  1.748851e-01 
 2.187525e+00 -3.337529e-02 
 2.187922e+00 -3.475814e-01 
 2.188320e+00 -3.042677e-01 
 2.188718e+00 -4.354826e-01 
 2.189116e+00 -9.122419e-01 
 2.189513e+00 -1.343157e+00 
 2.189911e+00 -1.768537e+00 
 2.190309e+00 -2.104851e+00 
 2.190706e+00 -2.821664e+00 
 2.191104e+00 -3.240564e+00 
 2.191502e+00 -3.351160e+00 
 2.191899e+00 -3.193515e+00 
 2.192297e+00 -3.223041e+00 
 2.192695e+00 -3.457866e+00 
 2.193093e+00 -3.317758e+00 
 2.193490e+00 -3.231586e+00 
 2.193888e+00 -3.001027e+00 
 2.194286e+00 -2.856836e+00 
 2.194683e+00 -3.493741e+00 
 2.195081e+00 -3.810072e+00 
 2.195479e+00 -4.097034e+00 
 2.195876e+00 -4.091746e+00 
 2.196274e+00 -3.720616e+00 
 2.196672e+00 -3.206901e+00 
 2.197069e+00 -2.935285e+00 
 2.197467e+00 -2.818880e+00 
 2.197865e+00 -2.871494e+00 
 2.198263e+00 -2.833671e+00 
 2.198660e+00 -2.750736e+00 
 2.199058e+00 -2.459713e+00 
 2.199456e+00 -2.058810e+00 
 2.199853e+00 -2.023323e+00 
 2.200251e+00 -1.739842e+00 
 2.200649e+00 -9.732177e-01 
 2.201046e+00 -3.863052e-01 
 2.201444e+00 -4.300010e-02 
 2.201842e+00  6.293440e-01 
 2.202240e+00  7.135962e-01 
 2.202637e+00  6.215930e-01 
 2.203035e+00  5.780896e-01 
 2.203433e+00  4.815173e-01 
 2.203830e+00  4.657204e-01 
 2.204228e+00  2.972973e-01 
 2.204626e+00  2.384752e-01 
 2.205023e+00  3.362996e-01 
 2.205421e+00  1.588962e-01 
 2.205819e+00 -2.337260e-01 
 2.206216e+00 -2.416417e-01 
 2.206614e+00 -4.680940e-01 
 2.207012e+00 -1.067615e+00 
 2.207410e+00 -1.131686e+00 
 2.207807e+00 -1.179149e+00 
 2.208205e+00 -1.334384e+00 
 2.208603e+00 -1.618096e+00 
 2.209000e+00 -1.750622e+00 
 2.209398e+00 -1.527803e+00 
 2.209796e+00 -1.404943e+00 
 2.210193e+00 -1.574289e+00 
 2.210591e+00 -1.407227e+00 
 2.210989e+00 -1.138488e+00 
 2.211387e+00 -9.958824e-01 
 2.211784e+00 -8.616466e-01 
 2.212182e+00 -1.087523e-01 
 2.212580e+00  4.432483e-01 
 2.212977e+00  7.796646e-01 
 2.213375e+00  1.027082e+00 
 2.213773e+00  7.453707e-01 
 2.214170e+00  2.806669e-01 
 2.214568e+00  1.285780e-01 
 2.214966e+00  2.832594e-01 
 2.215363e+00  3.354280e-01 
 2.215761e+00  4.283656e-01 
 2.216159e+00  4.882625e-01 
 2.216557e+00  5.421260e-01 
 2.216954e+00  6.774336e-01 
 2.217352e+00  6.509857e-01 
 2.217750e+00  6.707110e-01 
 2.218147e+00  2.214621e-01 
 2.218545e+00  2.631672e-01 
 2.218943e+00  3.849876e-01 
 2.219340e+00  3.027893e-01 
 2.219738e+00  2.778962e-01 
 2.220136e+00  2.313598e-01 
 2.220534e+00  3.260709e-01 
 2.220931e+00 -1.088246e-01 
 2.221329e+00 -5.523983e-01 
 2.221727e+00 -7.060121e-01 
 2.222124e+00 -6.013487e-01 
 2.222522e+00 -8.004504e-01 
 2.222920e+00 -5.897131e-01 
 2.223317e+00 -7.448528e-01 
 2.223715e+00 -1.314318e+00 
 2.224113e+00 -1.799511e+00 
 2.224510e+00 -1.874736e+00 
 2.224908e+00 -1.884483e+00 
 2.225306e+00 -1.841982e+00 
 2.225704e+00 -1.818494e+00 
 2.226101e+00 -1.746076e+00 
 2.226499e+00 -1.345275e+00 
 2.226897e+00 -1.341206e+00 
 2.227294e+00 -6.508723e-01 
 2.227692e+00  5.901098e-02 
 2.228090e+00  1.914570e-01 
 2.228487e+00  1.820745e-01 
 2.228885e+00  3.363136e-01 
 2.229283e+00  5.885693e-01 
 2.229681e+00  1.017117e+00 
 2.230078e+00  1.594888e+00 
 2.230476e+00  2.009198e+00 
 2.230874e+00  2.517462e+00 
 2.231271e+00  2.680086e+00 
 2.231669e+00  2.901927e+00 
 2.232067e+00  3.303758e+00 
 2.232464e+00  3.272359e+00 
 2.232862e+00  3.147808e+00 
 2.233260e+00  3.137999e+00 
 2.233657e+00  3.160061e+00 
 2.234055e+00  2.911878e+00 
 2.234453e+00  2.694502e+00 
 2.234851e+00  2.619232e+00 
 2.235248e+00  2.671821e+00 
 2.235646e+00  2.885174e+00 
 2.236044e+00  3.095311e+00 
 2.236441e+00  3.143120e+00 
 2.236839e+00  2.697635e+00 
 2.237237e+00  2.004479e+00 
 2.237634e+00  1.522432e+00 
 2.238032e+00  1.331988e+00 
 2.238430e+00  1.260836e+00 
 2.238828e+00  1.253912e+00 
 2.239225e+00  1.084268e+00 
 2.239623e+00  1.062338e+00 
 2.240021e+00  1.163418e+00 
 2.240418e+00  8.809465e-01 
 2.240816e+00  7.147796e-01 
 2.241214e+00  8.478114e-01 
 2.241611e+00  5.954274e-01 
 2.242009e+00  3.165092e-01 
 2.242407e+00 -2.692561e-01 
 2.242804e+00 -5.122222e-01 
 2.243202e+00 -4.583422e-01 
 2.243600e+00 -5.724429e-01 
 2.243998e+00 -5.078958e-01 
 2.244395e+00 -3.032844e-01 
 2.244793e+00  9.910870e-02 
 2.245191e+00  6.711098e-01 
 2.245588e+00  1.075478e+00 
 2.245986e+00  1.035638e+00 
 2.246384e+00  6.155488e-01 
 2.246781e+00  3.255682e-01 
 2.247179e+00  1.153665e-02 
 2.247577e+00  1.050236e-01 
 2.247975e+00  2.210496e-01 
 2.248372e+00  6.229090e-01 
 2.248770e+00  1.201148e+00 
 2.249168e+00  8.805745e-01 
 2.249565e+00  6.143360e-01 
 2.249963e+00  6.238283e-01 
 2.250361e+00  3.611387e-01 
 2.250758e+00  1.382082e-02 
 2.251156e+00  1.772471e-01 
 2.251554e+00  1.296337e-01 
 2.251951e+00  1.690264e-01 
 2.252349e+00  1.752666e-01 
 2.252747e+00  2.162472e-01 
 2.253145e+00  2.119937e-01 
 2.253542e+00  1.237351e-02 
 2.253940e+00 -1.621660e-01 
 2.254338e+00 -6.922635e-02 
 2.254735e+00 -1.587286e-01 
 2.255133e+00 -5.806634e-01 
 2.255531e+00 -4.712970e-01 
 2.255928e+00 -3.672392e-01 
 2.256326e+00 -2.826699e-02 
 2.256724e+00  2.777948e-01 
 2.257122e+00  5.917871e-01 
 2.257519e+00  7.528191e-01 
 2.257917e+00  5.115141e-01 
 2.258315e+00  2.200978e-01 
 2.258712e+00  4.600059e-01 
 2.259110e+00  1.003837e+00 
 2.259508e+00  1.209801e+00 
 2.259905e+00  1.204563e+00 
 2.260303e+00  1.708372e+00 
 2.260701e+00  1.953150e+00 
 2.261098e+00  2.232920e+00 
 2.261496e+00  2.439295e+00 
 2.261894e+00  2.657476e+00 
 2.262292e+00  2.817783e+00 
 2.262689e+00  2.960710e+00 
 2.263087e+00  2.859622e+00 
 2.263485e+00  2.834340e+00 
 2.263882e+00  2.996134e+00 
 2.264280e+00  3.256417e+00 
 2.264678e+00  3.484532e+00 
 2.265075e+00  3.108797e+00 
 2.265473e+00  2.718615e+00 
 2.265871e+00  2.180908e+00 
 2.266269e+00  1.799468e+00 
 2.266666e+00  1.482100e+00 
 2.267064e+00  9.896726e-01 
 2.267462e+00  7.241736e-01 
 2.267859e+00  3.797347e-01 
 2.268257e+00  1.705886e-01 
 2.268655e+00  5.407078e-02 
 2.269052e+00 -2.361218e-01 
 2.269450e+00 -7.128996e-01 
 2.269848e+00 -7.940385e-01 
 2.270245e+00 -1.118444e+00 
 2.270643e+00 -1.740297e+00 
 2.271041e+00 -1.643785e+00 
 2.271439e+00 -1.375011e+00 
 2.271836e+00 -1.721237e+00 
 2.272234e+00 -1.792891e+00 
 2.272632e+00 -1.865248e+00 
 2.273029e+00 -2.074033e+00 
 2.273427e+00 -2.068280e+00 
 2.273825e+00 -1.675948e+00 
 2.274222e+00 -1.230811e+00 
 2.274620e+00 -9.876163e-01 
 2.275018e+00 -1.155735e+00 
 2.275416e+00 -1.313494e+00 
 2.275813e+00 -1.715810e+00 
 2.276211e+00 -1.931982e+00 
 2.276609e+00 -1.862183e+00 
 2.277006e+00 -1.654838e+00 
 2.277404e+00 -1.524674e+00 
 2.277802e+00 -1.002493e+00 
 2.278199e+00 -9.353843e-01 
 2.278597e+00 -9.006583e-01 
 2.278995e+00 -6.033233e-01 
 2.279392e+00 -5.053393e-01 
 2.279790e+00 -4.071809e-01 
 2.280188e+00 -9.254553e-02 
 2.280586e+00 -4.903085e-02 
 2.280983e+00 -3.245266e-01 
 2.281381e+00 -2.855299e-01 
 2.281779e+00 -4.172517e-01 
 2.282176e+00 -5.253679e-01 
 2.282574e+00 -5.730160e-01 
 2.282972e+00 -4.968976e-01 
 2.283369e+00 -4.474066e-01 
 2.283767e+00 -4.805886e-01 
 2.284165e+00 -8.970657e-01 
 2.284563e+00 -1.279461e+00 
 2.284960e+00 -1.487829e+00 
 2.285358e+00 -1.627458e+00 
 2.285756e+00 -1.761962e+00 
 2.286153e+00 -2.049040e+00 
 2.286551e+00 -2.166138e+00 
 2.286949e+00 -2.023848e+00 
 2.287346e+00 -1.877235e+00 
 2.287744e+00 -1.587182e+00 
 2.288142e+00 -1.187800e+00 
 2.288539e+00 -1.403491e+00 
 2.288937e+00 -1.532630e+00 
 2.289335e+00 -1.452994e+00 
 2.289733e+00 -1.279142e+00 
 2.290130e+00 -1.258892e+00 
 2.290528e+00 -1.158361e+00 
 2.290926e+00 -8.644603e-01 
 2.291323e+00 -6.880487e-01 
 2.291721e+00 -6.912827e-01 
 2.292119e+00 -2.696069e-01 
 2.292516e+00  2.608669e-01 
 2.292914e+00  2.081920e-01 
 2.293312e+00 -1.660542e-01 
 2.293710e+00 -2.375581e-01 
 2.294107e+00 -6.990798e-01 
 2.294505e+00 -7.371706e-01 
 2.294903e+00 -5.976919e-01 
 2.295300e+00 -4.812921e-01 
 2.295698e+00 -5.632892e-01 
 2.296096e+00 -4.705861e-01 
 2.296493e+00 -3.998790e-03 
 2.296891e+00  3.054004e-01 
 2.297289e+00 -1.533730e-02 
 2.297686e+00 -3.347826e-01 
 2.298084e+00 -8.494267e-01 
 2.298482e+00 -1.809836e+00 
 2.298880e+00 -2.417997e+00 
 2.299277e+00 -2.859815e+00 
 2.299675e+00 -2.800845e+00 
 2.300073e+00 -2.438439e+00 
 2.300470e+00 -2.228822e+00 
 2.300868e+00 -2.360347e+00 
 2.301266e+00 -2.282863e+00 
 2.301663e+00 -2.918877e+00 
 2.302061e+00 -3.672650e+00 
 2.302459e+00 -3.724735e+00 
 2.302857e+00 -4.117557e+00 
 2.303254e+00 -4.447112e+00 
 2.303652e+00 -4.191039e+00 
 2.304050e+00 -3.749072e+00 
 2.304447e+00 -3.408656e+00 
 2.304845e+00 -3.221221e+00 
 2.305243e+00 -2.931380e+00 
 2.305640e+00 -2.798409e+00 
 2.306038e+00 -2.425707e+00 
 2.306436e+00 -2.208046e+00 
 2.306833e+00 -1.789187e+00 
 2.307231e+00 -1.351547e+00 
 2.307629e+00 -1.308976e+00 
 2.308027e+00 -9.208584e-01 
 2.308424e+00 -5.310613e-01 
 2.308822e+00 -6.633562e-02 
 2.309220e+00  1.177178e-01 
 2.309617e+00  3.084899e-01 
 2.310015e+00  4.448642e-01 
 2.310413e+00  8.791866e-01 
 2.310810e+00  8.398335e-01 
 2.311208e+00  3.988865e-01 
 2.311606e+00  2.641626e-01 
 2.312004e+00  3.401727e-01 
 2.312401e+00  5.128611e-01 
 2.312799e+00  7.887277e-01 
 2.313197e+00  1.198013e+00 
 2.313594e+00  1.574880e+00 
 2.313992e+00  1.523359e+00 
 2.314390e+00  1.311422e+00 
 2.314787e+00  1.076515e+00 
 2.315185e+00  8.277276e-01 
 2.315583e+00  8.719561e-01 
 2.315980e+00  1.247970e+00 
 2.316378e+00  1.322744e+00 
 2.316776e+00  9.771289e-01 
 2.317174e+00  7.265372e-01 
 2.317571e+00  4.378958e-01 
 2.317969e+00  3.654891e-01 
 2.318367e+00  3.246547e-01 
 2.318764e+00  3.442366e-01 
 2.319162e+00  6.783531e-01 
 2.319560e+00  5.985631e-01 
 2.319957e+00  2.397500e-01 
 2.320355e+00  3.303121e-01 
 2.320753e+00  4.957115e-01 
 2.321151e+00  4.091969e-01 
 2.321548e+00  2.287728e-01 
 2.321946e+00  2.450379e-03 
 2.322344e+00  5.845884e-02 
 2.322741e+00  4.139577e-01 
 2.323139e+00  6.625039e-01 
 2.323537e+00  1.119535e+00 
 2.323934e+00  1.215597e+00 
 2.324332e+00  9.097721e-01 
 2.324730e+00  9.134912e-01 
 2.325127e+00  9.272345e-01 
 2.325525e+00  1.225319e+00 
 2.325923e+00  1.409791e+00 
 2.326321e+00  1.322306e+00 
 2.326718e+00  7.851061e-01 
 2.327116e+00  1.662410e-01 
 2.327514e+00 -2.638693e-01 
 2.327911e+00 -2.988944e-01 
 2.328309e+00 -3.796499e-01 
 2.328707e+00 -5.340563e-01 
 2.329104e+00 -5.731066e-01 
 2.329502e+00 -6.511165e-01 
 2.329900e+00 -7.335142e-01 
 2.330298e+00 -8.916498e-01 
 2.330695e+00 -1.201863e+00 
 2.331093e+00 -1.731912e+00 
 2.331491e+00 -1.801114e+00 
 2.331888e+00 -1.833640e+00 
 2.332286e+00 -1.852814e+00 
 2.332684e+00 -1.514154e+00 
 2.333081e+00 -1.083959e+00 
 2.333479e+00 -1.094817e+00 
 2.333877e+00 -1.187117e+00 
 2.334274e+00 -1.240523e+00 
 2.334672e+00 -1.005994e+00 
 2.335070e+00 -5.914451e-01 
 2.335468e+00 -4.717206e-01 
 2.335865e+00 -1.856204e-01 
 2.336263e+00  5.406673e-02 
 2.336661e+00  9.685058e-02 
 2.337058e+00  1.763212e-01 
 2.337456e+00  1.712438e-01 
 2.337854e+00  1.593067e-01 
 2.338251e+00  5.077715e-01 
 2.338649e+00  1.128908e+00 
 2.339047e+00  1.659875e+00 
 2.339445e+00  2.202211e+00 
 2.339842e+00  2.596261e+00 
 2.340240e+00  2.740957e+00 
 2.340638e+00  3.021284e+00 
 2.341035e+00  2.957017e+00 
 2.341433e+00  3.239272e+00 
 2.341831e+00  3.705769e+00 
 2.342228e+00  3.805610e+00 
 2.342626e+00  3.796244e+00 
 2.343024e+00  3.717904e+00 
 2.343421e+00  3.687079e+00 
 2.343819e+00  3.685143e+00 
 2.344217e+00  3.909824e+00 
 2.344615e+00  3.858436e+00 
 2.345012e+00  3.583011e+00 
 2.345410e+00  2.773365e+00 
 2.345808e+00  2.166493e+00 
 2.346205e+00  1.742120e+00 
 2.346603e+00  1.202466e+00 
 2.347001e+00  9.349391e-01 
 2.347398e+00  9.127384e-01 
 2.347796e+00  8.895542e-01 
 2.348194e+00  1.080498e+00 
 2.348592e+00  1.133572e+00 
 2.348989e+00  1.077942e+00 
 2.349387e+00  6.622046e-01 
 2.349785e+00 -1.604635e-01 
 2.350182e+00 -7.818940e-01 
 2.350580e+00 -9.563247e-01 
 2.350978e+00 -9.298436e-01 
 2.351375e+00 -8.411479e-01 
 2.351773e+00 -4.679735e-01 
 2.352171e+00  7.012102e-02 
 2.352568e+00  3.371736e-01 
 2.352966e+00  2.247512e-01 
 2.353364e+00 -1.664174e-02 
 2.353762e+00 -1.936899e-01 
 2.354159e+00 -2.830777e-01 
 2.354557e+00 -6.372349e-01 
 2.354955e+00 -6.282849e-01 
 2.355352e+00 -4.154614e-01 
 2.355750e+00 -2.898124e-01 
 2.356148e+00 -4.030171e-02 
 2.356545e+00  2.877157e-01 
 2.356943e+00  7.295679e-01 
 2.357341e+00  9.275425e-01 
 2.357739e+00  1.043551e+00 
 2.358136e+00  1.178380e+00 
 2.358534e+00  1.253771e+00 
 2.358932e+00  1.140704e+00 
 2.359329e+00  1.094601e+00 
 2.359727e+00  1.268932e+00 
 2.360125e+00  1.198026e+00 
 2.360522e+00  1.155705e+00 
 2.360920e+00  1.108472e+00 
 2.361318e+00  1.374097e+00 
 2.361715e+00  1.733678e+00 
 2.362113e+00  1.528232e+00 
 2.362511e+00  1.115877e+00 
 2.362909e+00  9.003860e-01 
 2.363306e+00  4.184341e-01 
 2.363704e+00  2.321379e-01 
 2.364102e+00  7.224557e-01 
 2.364499e+00  8.995597e-01 
 2.364897e+00  8.759965e-01 
 2.365295e+00  1.121959e+00 
 2.365692e+00  8.434104e-01 
 2.366090e+00  6.104074e-01 
 2.366488e+00  3.672200e-01 
 2.366886e+00  5.245964e-01 
 2.367283e+00  1.131180e+00 
 2.367681e+00  1.340034e+00 
 2.368079e+00  1.435034e+00 
 2.368476e+00  1.833343e+00 
 2.368874e+00  1.935440e+00 
 2.369272e+00  1.729554e+00 
 2.369669e+00  1.961783e+00 
 2.370067e+00  1.947343e+00 
 2.370465e+00  1.909992e+00 
 2.370862e+00  1.964921e+00 
 2.371260e+00  1.756389e+00 
 2.371658e+00  1.596448e+00 
 2.372056e+00  1.301084e+00 
 2.372453e+00  8.890871e-01 
 2.372851e+00  4.021021e-01 
 2.373249e+00  3.190579e-01 
 2.373646e+00  2.224154e-01 
 2.374044e+00  6.802615e-02 
 2.374442e+00 -2.139557e-01 
 2.374839e+00 -3.971990e-01 
 2.375237e+00 -9.377333e-01 
 2.375635e+00 -1.262759e+00 
 2.376033e+00 -1.644346e+00 
 2.376430e+00 -2.009081e+00 
 2.376828e+00 -2.143734e+00 
 2.377226e+00 -1.886034e+00 
 2.377623e+00 -1.899415e+00 
 2.378021e+00 -2.412640e+00 
 2.378419e+00 -3.054907e+00 
 2.378816e+00 -3.641659e+00 
 2.379214e+00 -3.837899e+00 
 2.379612e+00 -3.511404e+00 
 2.380009e+00 -3.024483e+00 
 2.380407e+00 -3.094617e+00 
 2.380805e+00 -2.806524e+00 
 2.381203e+00 -2.794208e+00 
 2.381600e+00 -2.685466e+00 
 2.381998e+00 -2.687634e+00 
 2.382396e+00 -2.491797e+00 
 2.382793e+00 -2.238159e+00 
 2.383191e+00 -2.088259e+00 
 2.383589e+00 -1.951841e+00 
 2.383986e+00 -1.638005e+00 
 2.384384e+00 -1.245403e+00 
 2.384782e+00 -1.048474e+00 
 2.385180e+00 -7.922302e-01 
 2.385577e+00 -6.605770e-01 
 2.385975e+00 -5.164498e-01 
 2.386373e+00 -8.813188e-02 
 2.386770e+00  1.966206e-02 
 2.387168e+00 -1.950098e-01 
 2.387566e+00  5.605287e-02 
 2.387963e+00  9.729972e-02 
 2.388361e+00  1.648698e-01 
 2.388759e+00 -1.006285e-01 
 2.389156e+00 -4.890557e-01 
 2.389554e+00 -8.117109e-01 
 2.389952e+00 -7.479583e-01 
 2.390350e+00 -8.197746e-01 
 2.390747e+00 -5.824316e-01 
 2.391145e+00 -4.245215e-01 
 2.391543e+00 -5.881253e-01 
 2.391940e+00 -8.580195e-01 
 2.392338e+00 -1.308626e+00 
 2.392736e+00 -1.629548e+00 
 2.393133e+00 -1.405461e+00 
 2.393531e+00 -1.641458e+00 
 2.393929e+00 -1.924604e+00 
 2.394327e+00 -2.162611e+00 
 2.394724e+00 -2.603071e+00 
 2.395122e+00 -2.613479e+00 
 2.395520e+00 -2.379184e+00 
 2.395917e+00 -2.101386e+00 
 2.396315e+00 -2.119202e+00 
 2.396713e+00 -2.294265e+00 
 2.397110e+00 -2.595213e+00 
 2.397508e+00 -2.780280e+00 
 2.397906e+00 -2.827769e+00 
 2.398303e+00 -2.575698e+00 
 2.398701e+00 -2.409875e+00 
 2.399099e+00 -2.147190e+00 
 2.399497e+00 -1.755787e+00 
 2.399894e+00 -1.039539e+00 
 2.400292e+00 -2.961817e-01 
 2.400690e+00 -2.418711e-02 
 2.401087e+00  2.428794e-02 
 2.401485e+00 -1.810507e-01 
 2.401883e+00 -5.519478e-02 
 2.402280e+00  3.266470e-01 
 2.402678e+00  5.228703e-01 
 2.403076e+00  9.292504e-01 
 2.403474e+00  1.460300e+00 
 2.403871e+00  1.808315e+00 
 2.404269e+00  1.625156e+00 
 2.404667e+00  1.347382e+00 
 2.405064e+00  1.240469e+00 
 2.405462e+00  7.702277e-01 
 2.405860e+00  2.411942e-01 
 2.406257e+00 -2.242809e-01 
 2.406655e+00 -5.139935e-01 
 2.407053e+00 -9.416537e-01 
 2.407450e+00 -9.680451e-01 
 2.407848e+00 -8.244995e-01 
 2.408246e+00 -8.342714e-01 
 2.408644e+00 -7.211664e-01 
 2.409041e+00 -6.442848e-01 
 2.409439e+00 -8.062297e-01 
 2.409837e+00 -1.036615e+00 
 2.410234e+00 -1.923487e+00 
 2.410632e+00 -2.339724e+00 
 2.411030e+00 -2.189208e+00 
 2.411427e+00 -2.276680e+00 
 2.411825e+00 -2.395408e+00 
 2.412223e+00 -2.144362e+00 
 2.412621e+00 -2.024515e+00 
 2.413018e+00 -2.062029e+00 
 2.413416e+00 -1.669767e+00 
 2.413814e+00 -1.670288e+00 
 2.414211e+00 -1.528431e+00 
 2.414609e+00 -1.982372e+00 
 2.415007e+00 -2.250700e+00 
 2.415404e+00 -2.190006e+00 
 2.415802e+00 -2.100105e+00 
 2.416200e+00 -2.124906e+00 
 2.416597e+00 -1.411542e+00 
 2.416995e+00 -8.417318e-01 
 2.417393e+00 -4.136912e-01 
 2.417791e+00 -9.613025e-02 
 2.418188e+00  9.870222e-02 
 2.418586e+00  2.688150e-01 
 2.418984e+00  5.115625e-01 
 2.419381e+00  8.350059e-01 
 2.419779e+00  1.244233e+00 
 2.420177e+00  1.476135e+00 
 2.420574e+00  1.493484e+00 
 2.420972e+00  1.674232e+00 
 2.421370e+00  1.894009e+00 
 2.421768e+00  2.085831e+00 
 2.422165e+00  1.819633e+00 
 2.422563e+00  1.556972e+00 
 2.422961e+00  1.247753e+00 
 2.423358e+00  9.692121e-01 
 2.423756e+00  8.802001e-01 
 2.424154e+00  5.771840e-01 
 2.424551e+00  4.662908e-01 
 2.424949e+00  2.427022e-01 
 2.425347e+00 -1.366528e-01 
 2.425744e+00 -3.338369e-01 
 2.426142e+00 -2.943369e-01 
 2.426540e+00 -1.482067e-01 
 2.426938e+00 -2.866058e-01 
 2.427335e+00 -4.538924e-01 
 2.427733e+00 -7.176933e-01 
 2.428131e+00 -1.202500e+00 
 2.428528e+00 -1.106172e+00 
 2.428926e+00 -9.626247e-01 
 2.429324e+00 -9.089306e-01 
 2.429721e+00 -8.010761e-01 
 2.430119e+00 -8.462714e-01 
 2.430517e+00 -1.052115e+00 
 2.430915e+00 -1.138243e+00 
 2.431312e+00 -9.726016e-01 
 2.431710e+00 -9.714819e-01 
 2.432108e+00 -8.306165e-01 
 2.432505e+00 -7.643499e-01 
 2.432903e+00 -1.053639e+00 
 2.433301e+00 -9.543530e-01 
 2.433698e+00 -8.544118e-01 
 2.434096e+00 -9.550181e-01 
 2.434494e+00 -8.570180e-01 
 2.434891e+00 -8.656979e-01 
 2.435289e+00 -7.294193e-01 
 2.435687e+00 -2.774663e-01 
 2.436085e+00  2.881324e-01 
 2.436482e+00  6.106440e-01 
 2.436880e+00  6.200689e-01 
 2.437278e+00  7.091479e-01 
 2.437675e+00  1.131843e+00 
 2.438073e+00  1.423359e+00 
 2.438471e+00  1.159511e+00 
 2.438868e+00  1.296648e+00 
 2.439266e+00  1.369387e+00 
 2.439664e+00  1.360927e+00 
 2.440062e+00  1.449460e+00 
 2.440459e+00  1.423010e+00 
 2.440857e+00  1.209144e+00 
 2.441255e+00  9.646092e-01 
 2.441652e+00  8.256001e-01 
 2.442050e+00  1.040727e+00 
 2.442448e+00  1.446004e+00 
 2.442845e+00  1.748624e+00 
 2.443243e+00  1.843515e+00 
 2.443641e+00  1.628361e+00 
 2.444038e+00  1.490932e+00 
 2.444436e+00  1.572661e+00 
 2.444834e+00  1.641947e+00 
 2.445232e+00  1.807666e+00 
 2.445629e+00  1.958422e+00 
 2.446027e+00  2.114264e+00 
 2.446425e+00  2.005920e+00 
 2.446822e+00  2.225689e+00 
 2.447220e+00  2.564069e+00 
 2.447618e+00  2.675080e+00 
 2.448015e+00  2.864789e+00 
 2.448413e+00  2.921513e+00 
 2.448811e+00  2.399444e+00 
 2.449209e+00  2.341806e+00 
 2.449606e+00  2.264776e+00 
 2.450004e+00  2.259410e+00 
 2.450402e+00  1.991887e+00 
 2.450799e+00  1.773772e+00 
 2.451197e+00  1.854446e+00 
 2.451595e+00  1.895870e+00 
 2.451992e+00  2.069478e+00 
 2.452390e+00  1.829891e+00 
 2.452788e+00  1.705375e+00 
 2.453185e+00  1.623798e+00 
 2.453583e+00  1.237390e+00 
 2.453981e+00  6.643384e-01 
 2.454379e+00  3.384261e-01 
 2.454776e+00  4.426859e-01 
 2.455174e+00  4.629105e-01 
 2.455572e+00  6.157686e-01 
 2.455969e+00  5.585318e-01 
 2.456367e+00  1.553098e-01 
 2.456765e+00 -4.146278e-02 
 2.457162e+00 -3.254101e-01 
 2.457560e+00 -4.825213e-01 
 2.457958e+00 -6.046645e-01 
 2.458356e+00 -1.004315e+00 
 2.458753e+00 -9.642621e-01 
 2.459151e+00 -9.286809e-01 
 2.459549e+00 -1.112233e+00 
 2.459946e+00 -1.090165e+00 
 2.460344e+00 -4.382200e-01 
 2.460742e+00 -1.463430e-01 
 2.461139e+00 -8.958603e-03 
 2.461537e+00 -1.998126e-02 
 2.461935e+00 -9.065120e-02 
 2.462332e+00  6.449570e-02 
 2.462730e+00  2.103270e-01 
 2.463128e+00  3.425562e-01 
 2.463526e+00  9.265967e-01 
 2.463923e+00  1.160815e+00 
 2.464321e+00  1.442253e+00 
 2.464719e+00  1.932969e+00 
 2.465116e+00  2.556873e+00 
 2.465514e+00  2.737256e+00 
 2.465912e+00  2.559123e+00 
 2.466309e+00  2.246148e+00 
 2.466707e+00  1.810448e+00 
 2.467105e+00  1.338952e+00 
 2.467503e+00  9.886837e-01 
 2.467900e+00  1.137327e+00 
 2.468298e+00  1.349871e+00 
 2.468696e+00  1.532313e+00 
 2.469093e+00  1.605318e+00 
 2.469491e+00  1.473759e+00 
 2.469889e+00  8.293801e-01 
 2.470286e+00  6.314218e-01 
 2.470684e+00  5.096371e-01 
 2.471082e+00  3.307716e-01 
 2.471479e+00  2.978523e-01 
 2.471877e+00 -4.549400e-02 
 2.472275e+00 -3.327753e-01 
 2.472673e+00 -5.685858e-01 
 2.473070e+00 -8.283785e-01 
 2.473468e+00 -1.043478e+00 
 2.473866e+00 -1.092348e+00 
 2.474263e+00 -1.220550e+00 
 2.474661e+00 -1.230788e+00 
 2.475059e+00 -1.632269e+00 
 2.475456e+00 -1.772616e+00 
 2.475854e+00 -1.650495e+00 
 2.476252e+00 -1.730611e+00 
 2.476650e+00 -1.698269e+00 
 2.477047e+00 -1.620689e+00 
 2.477445e+00 -1.496918e+00 
 2.477843e+00 -1.470596e+00 
 2.478240e+00 -1.102183e+00 
 2.478638e+00 -1.210567e+00 
 2.479036e+00 -1.361040e+00 
 2.479433e+00 -1.298921e+00 
 2.479831e+00 -1.478336e+00 
 2.480229e+00 -1.219952e+00 
 2.480626e+00 -9.891043e-01 
 2.481024e+00 -5.771329e-01 
 2.481422e+00 -6.664970e-02 
 2.481820e+00  5.973019e-02 
 2.482217e+00 -1.618768e-01 
 2.482615e+00 -2.809579e-01 
 2.483013e+00 -4.484895e-01 
 2.483410e+00 -5.712802e-01 
 2.483808e+00 -5.499544e-01 
 2.484206e+00 -3.425329e-01 
 2.484603e+00 -4.820001e-01 
 2.485001e+00 -7.259960e-01 
 2.485399e+00 -1.012374e+00 
 2.485797e+00 -1.026576e+00 
 2.486194e+00 -1.190521e+00 
 2.486592e+00 -1.462964e+00 
 2.486990e+00 -1.309745e+00 
 2.487387e+00 -1.324201e+00 
 2.487785e+00 -1.434025e+00 
 2.488183e+00 -1.650375e+00 
 2.488580e+00 -1.682640e+00 
 2.488978e+00 -1.598037e+00 
 2.489376e+00 -1.761790e+00 
 2.489773e+00 -1.854807e+00 
 2.490171e+00 -1.898105e+00 
 2.490569e+00 -1.793977e+00 
 2.490967e+00 -1.816770e+00 
 2.491364e+00 -1.528281e+00 
 2.491762e+00 -1.293918e+00 
 2.492160e+00 -1.416928e+00 
 2.492557e+00 -1.441317e+00 
 2.492955e+00 -1.371830e+00 
 2.493353e+00 -1.151209e+00 
 2.493750e+00 -5.516209e-01 
 2.494148e+00 -7.807190e-02 
 2.494546e+00  1.147909e-01 
 2.494944e+00  2.531323e-01 
 2.495341e+00  8.383642e-02 
 2.495739e+00 -8.436886e-02 
 2.496137e+00  1.977795e-01 
 2.496534e+00  2.919584e-01 
 2.496932e+00  8.101114e-01 
 2.497330e+00  1.025503e+00 
 2.497727e+00  1.068254e+00 
 2.498125e+00  9.322733e-01 
 2.498523e+00  7.995277e-01 
 2.498920e+00  6.203137e-01 
 2.499318e+00  6.485420e-01 
 2.499716e+00  3.307060e-01 
 2.500114e+00 -1.866173e-01 
 2.500511e+00 -4.573972e-01 
 2.500909e+00 -8.005014e-01 
 2.501307e+00 -1.149193e+00 
 2.501704e+00 -1.390196e+00 
 2.502102e+00 -1.732616e+00 
 2.502500e+00 -2.125444e+00 
 2.502897e+00 -1.705907e+00 
 2.503295e+00 -2.002092e+00 
 2.503693e+00 -1.905242e+00 
 2.504091e+00 -2.011711e+00 
 2.504488e+00 -1.939048e+00 
 2.504886e+00 -1.939248e+00 
 2.505284e+00 -2.143216e+00 
 2.505681e+00 -2.221185e+00 
 2.506079e+00 -2.136439e+00 
 2.506477e+00 -2.117357e+00 
 2.506874e+00 -1.873007e+00 
 2.507272e+00 -1.423585e+00 
 2.507670e+00 -1.369506e+00 
 2.508067e+00 -1.498546e+00 
 2.508465e+00 -1.136439e+00 
 2.508863e+00 -1.349939e+00 
 2.509261e+00 -1.581826e+00 
 2.509658e+00 -1.709577e+00 
 2.510056e+00 -1.520502e+00 
 2.510454e+00 -1.318972e+00 
 2.510851e+00 -1.433580e+00 
 2.511249e+00 -1.247184e+00 
 2.511647e+00 -9.123195e-01 
 2.512044e+00 -5.132268e-01 
 2.512442e+00 -1.950001e-01 
 2.512840e+00  1.339279e-01 
 2.513238e+00  1.615023e-01 
 2.513635e+00 -1.189319e-01 
 2.514033e+00 -3.853669e-01 
 2.514431e+00 -2.508551e-01 
 2.514828e+00 -8.380027e-02 
 2.515226e+00  3.724651e-01 
 2.515624e+00  3.656268e-01 
 2.516021e+00  3.587687e-01 
 2.516419e+00  4.382779e-01 
 2.516817e+00  5.952203e-01 
 2.517214e+00  3.063263e-01 
 2.517612e+00 -1.581427e-01 
 2.518010e+00 -7.064243e-01 
 2.518408e+00 -1.511524e+00 
 2.518805e+00 -2.355554e+00 
 2.519203e+00 -2.696075e+00 
 2.519601e+00 -2.440966e+00 
 2.519998e+00 -2.131059e+00 
 2.520396e+00 -1.539521e+00 
 2.520794e+00 -1.161854e+00 
 2.521191e+00 -1.482716e+00 
 2.521589e+00 -1.510995e+00 
 2.521987e+00 -1.649469e+00 
 2.522385e+00 -1.680951e+00 
 2.522782e+00 -1.574036e+00 
 2.523180e+00 -1.557307e+00 
 2.523578e+00 -1.450760e+00 
 2.523975e+00 -7.082892e-01 
 2.524373e+00 -2.975603e-01 
 2.524771e+00 -1.047569e-02 
 2.525168e+00  7.164691e-01 
 2.525566e+00  1.047132e+00 
 2.525964e+00  1.134218e+00 
 2.526361e+00  1.270497e+00 
 2.526759e+00  1.062989e+00 
 2.527157e+00  9.401784e-01 
 2.527555e+00  6.981166e-01 
 2.527952e+00  2.437049e-01 
 2.528350e+00  1.982830e-01 
 2.528748e+00 -1.043234e-01 
 2.529145e+00  4.381976e-02 
 2.529543e+00  4.717984e-01 
 2.529941e+00  4.539380e-01 
 2.530338e+00  1.600579e-01 
 2.530736e+00  1.044749e-01 
 2.531134e+00  9.921402e-02 
 2.531532e+00 -4.007039e-01 
 2.531929e+00 -2.569229e-01 
 2.532327e+00 -7.726132e-02 
 2.532725e+00  4.564668e-02 
 2.533122e+00  2.585961e-01 
 2.533520e+00  3.422316e-01 
 2.533918e+00  5.941511e-01 
 2.534315e+00  5.774912e-01 
 2.534713e+00  4.672380e-01 
 2.535111e+00  2.191534e-01 
 2.535508e+00  1.601913e-01 
 2.535906e+00  9.693393e-02 
 2.536304e+00 -5.869259e-02 
 2.536702e+00 -8.527521e-02 
 2.537099e+00 -9.922805e-02 
 2.537497e+00 -1.952515e-01 
 2.537895e+00 -4.631873e-02 
 2.538292e+00  1.728758e-01 
 2.538690e+00  5.586436e-01 
 2.539088e+00  5.631463e-01 
 2.539485e+00  5.875234e-01 
 2.539883e+00  6.958996e-01 
 2.540281e+00  6.615290e-01 
 2.540679e+00  9.176941e-01 
 2.541076e+00  1.257433e+00 
 2.541474e+00  1.452857e+00 
 2.541872e+00  1.471726e+00 
 2.542269e+00  1.425286e+00 
 2.542667e+00  1.690456e+00 
 2.543065e+00  2.359978e+00 
 2.543462e+00  2.776487e+00 
 2.543860e+00  2.920682e+00 
 2.544258e+00  2.901368e+00 
 2.544655e+00  2.642740e+00 
 2.545053e+00  2.610151e+00 
 2.545451e+00  2.543405e+00 
 2.545849e+00  2.419552e+00 
 2.546246e+00  2.476156e+00 
 2.546644e+00  2.201093e+00 
 2.547042e+00  1.606286e+00 
 2.547439e+00  1.203418e+00 
 2.547837e+00  9.713451e-01 
 2.548235e+00  6.857177e-01 
 2.548632e+00  9.239888e-01 
 2.549030e+00  9.643136e-01 
 2.549428e+00  8.064629e-01 
 2.549826e+00  5.877924e-01 
 2.550223e+00  1.748902e-01 
 2.550621e+00  6.281012e-02 
 2.551019e+00 -1.174843e-01 
 2.551416e+00 -5.407806e-01 
 2.551814e+00 -4.136783e-01 
 2.552212e+00 -2.901043e-01 
 2.552609e+00 -1.711056e-01 
 2.553007e+00 -7.458095e-03 
 2.553405e+00 -1.003337e-02 
 2.553802e+00 -1.479039e-01 
 2.554200e+00 -3.221735e-01 
 2.554598e+00 -2.697296e-01 
 2.554996e+00 -1.151254e-01 
 2.555393e+00  3.262164e-01 
 2.555791e+00  6.219161e-01 
 2.556189e+00  7.617960e-01 
 2.556586e+00  8.687300e-01 
 2.556984e+00  6.159905e-01 
 2.557382e+00  3.856468e-01 
 2.557779e+00  4.070152e-01 
 2.558177e+00  9.808235e-01 
 2.558575e+00  1.556025e+00 
 2.558973e+00  2.019492e+00 
 2.559370e+00  2.224408e+00 
 2.559768e+00  2.355715e+00 
 2.560166e+00  2.395859e+00 
 2.560563e+00  2.237802e+00 
 2.560961e+00  2.207839e+00 
 2.561359e+00  2.371495e+00 
 2.561756e+00  2.228756e+00 
 2.562154e+00  2.235988e+00 
 2.562552e+00  1.903206e+00 
 2.562949e+00  1.742600e+00 
 2.563347e+00  1.662378e+00 
 2.563745e+00  1.564509e+00 
 2.564143e+00  1.650644e+00 
 2.564540e+00  1.805125e+00 
 2.564938e+00  1.695257e+00 
 2.565336e+00  1.346849e+00 
 2.565733e+00  1.075750e+00 
 2.566131e+00  8.290274e-01 
 2.566529e+00  5.443605e-01 
 2.566926e+00  2.326435e-01 
 2.567324e+00  1.968335e-02 
 2.567722e+00  1.973722e-01 
 2.568120e+00  2.072718e-01 
 2.568517e+00  2.771701e-01 
 2.568915e+00  1.043926e-01 
 2.569313e+00 -1.506987e-01 
 2.569710e+00 -4.789727e-01 
 2.570108e+00 -8.455689e-01 
 2.570506e+00 -1.038374e+00 
 2.570903e+00 -9.820519e-01 
 2.571301e+00 -6.785946e-01 
 2.571699e+00 -3.400001e-01 
 2.572096e+00  8.089019e-02 
 2.572494e+00 -2.444137e-01 
 2.572892e+00 -5.654083e-01 
 2.573290e+00 -6.761143e-01 
 2.573687e+00 -8.890828e-01 
 2.574085e+00 -9.651283e-01 
 2.574483e+00 -8.881231e-01 
 2.574880e+00 -9.283590e-01 
 2.575278e+00 -1.042954e+00 
 2.575676e+00 -1.155160e+00 
 2.576073e+00 -1.383065e+00 
 2.576471e+00 -1.302945e+00 
 2.576869e+00 -1.347638e+00 
 2.577267e+00 -1.274296e+00 
 2.577664e+00 -1.231506e+00 
 2.578062e+00 -1.281269e+00 
 2.578460e+00 -1.711403e+00 
 2.578857e+00 -1.565526e+00 
 2.579255e+00 -1.529563e+00 
 2.579653e+00 -1.943374e+00 
 2.580050e+00 -1.932996e+00 
 2.580448e+00 -1.751273e+00 
 2.580846e+00 -1.432920e+00 
 2.581243e+00 -1.182231e+00 
 2.581641e+00 -6.099103e-01 
 2.582039e+00 -1.766352e-01 
 2.582437e+00 -6.767915e-02 
 2.582834e+00 -1.061534e-01 
 2.583232e+00 -2.559186e-01 
 2.583630e+00 -2.219350e-02 
 2.584027e+00  2.386295e-01 
 2.584425e+00  6.430049e-01 
 2.584823e+00  1.045044e+00 
 2.585220e+00  1.349632e+00 
 2.585618e+00  1.348265e+00 
 2.586016e+00  1.113516e+00 
 2.586414e+00  8.778197e-01 
 2.586811e+00  8.134977e-01 
 2.587209e+00  7.943884e-01 
 2.587607e+00  1.150009e+00 
 2.588004e+00  1.221847e+00 
 2.588402e+00  1.086902e+00 
 2.588800e+00  9.570359e-01 
 2.589197e+00  8.149181e-01 
 2.589595e+00  6.913124e-01 
 2.589993e+00  7.299147e-01 
 2.590390e+00  5.493097e-01 
 2.590788e+00  4.130933e-01 
 2.591186e+00  3.432881e-01 
 2.591584e+00 -3.521566e-02 
 2.591981e+00 -3.566458e-01 
 2.592379e+00 -3.454084e-01 
 2.592777e+00 -5.353362e-01 
 2.593174e+00 -8.248111e-01 
 2.593572e+00 -1.222835e+00 
 2.593970e+00 -1.218055e+00 
 2.594367e+00 -1.209725e+00 
 2.594765e+00 -1.362452e+00 
 2.595163e+00 -1.970939e+00 
 2.595561e+00 -2.547411e+00 
 2.595958e+00 -3.315441e+00 
 2.596356e+00 -3.785986e+00 
 2.596754e+00 -3.762903e+00 
 2.597151e+00 -3.948591e+00 
 2.597549e+00 -3.738371e+00 
 2.597947e+00 -3.867486e+00 
 2.598344e+00 -4.133645e+00 
 2.598742e+00 -4.124532e+00 
 2.599140e+00 -3.987332e+00 
 2.599537e+00 -3.736677e+00 
 2.599935e+00 -3.000070e+00 
 2.600333e+00 -2.372551e+00 
 2.600731e+00 -2.174609e+00 
 2.601128e+00 -2.103006e+00 
 2.601526e+00 -1.767894e+00 
 2.601924e+00 -1.685053e+00 
 2.602321e+00 -1.588882e+00 
 2.602719e+00 -1.219268e+00 
 2.603117e+00 -1.073901e+00 
 2.603514e+00 -6.974560e-01 
 2.603912e+00 -6.156288e-01 
 2.604310e+00 -2.192703e-01 
 2.604708e+00 -3.122707e-02 
 2.605105e+00 -9.145556e-02 
 2.605503e+00 -6.655002e-02 
 2.605901e+00 -8.051698e-02 
 2.606298e+00  9.772577e-02 
 2.606696e+00  2.263903e-01 
 2.607094e+00  4.452803e-01 
 2.607491e+00  3.733620e-01 
 2.607889e+00  4.946256e-01 
 2.608287e+00  7.260815e-01 
 2.608684e+00  5.016780e-01 
 2.609082e+00  4.693211e-01 
 2.609480e+00  5.567277e-01 
 2.609878e+00  8.448359e-01 
 2.610275e+00  1.177666e+00 
 2.610673e+00  1.266767e+00 
 2.611071e+00  1.324514e+00 
 2.611468e+00  1.180218e+00 
 2.611866e+00  7.938587e-01 
 2.612264e+00  3.476461e-01 
 2.612661e+00  1.639585e-01 
 2.613059e+00 -1.360501e-01 
 2.613457e+00 -5.290313e-01 
 2.613855e+00 -7.736772e-01 
 2.614252e+00 -1.027440e+00 
 2.614650e+00 -1.360047e+00 
 2.615048e+00 -1.730355e+00 
 2.615445e+00 -1.699487e+00 
 2.615843e+00 -1.870141e+00 
 2.616241e+00 -2.261172e+00 
 2.616638e+00 -2.525252e+00 
 2.617036e+00 -2.637656e+00 
 2.617434e+00 -2.622514e+00 
 2.617831e+00 -2.393831e+00 
 2.618229e+00 -2.306576e+00 
 2.618627e+00 -2.217035e+00 
 2.619025e+00 -1.676972e+00 
 2.619422e+00 -1.577256e+00 
 2.619820e+00 -1.195630e+00 
 2.620218e+00 -7.159563e-01 
 2.620615e+00 -6.803815e-01 
 2.621013e+00 -6.431248e-01 
 2.621411e+00 -6.710389e-01 
 2.621808e+00 -1.143117e+00 
 2.622206e+00 -1.471386e+00 
 2.622604e+00 -1.236861e+00 
 2.623002e+00 -9.200306e-01 
 2.623399e+00 -7.522047e-01 
 2.623797e+00 -6.427176e-01 
 2.624195e+00 -1.215969e+00 
 2.624592e+00 -1.602315e+00 
 2.624990e+00 -1.823178e+00 
 2.625388e+00 -1.585910e+00 
 2.625785e+00 -1.430605e+00 
 2.626183e+00 -1.349490e+00 
 2.626581e+00 -1.529420e+00 
 2.626978e+00 -1.293983e+00 
 2.627376e+00 -9.430112e-01 
 2.627774e+00 -6.135702e-01 
 2.628172e+00 -1.077081e-02 
 2.628569e+00  3.709759e-01 
 2.628967e+00  8.153795e-01 
 2.629365e+00  9.334274e-01 
 2.629762e+00  9.839241e-01 
 2.630160e+00  7.090335e-01 
 2.630558e+00  4.331303e-01 
 2.630955e+00  4.439758e-02 
 2.631353e+00 -1.283663e-01 
 2.631751e+00  1.946623e-02 
 2.632149e+00  2.068631e-01 
 2.632546e+00  5.391050e-01 
 2.632944e+00  7.281886e-01 
 2.633342e+00  7.155109e-01 
 2.633739e+00  8.235084e-01 
 2.634137e+00  7.144057e-01 
 2.634535e+00  4.246275e-01 
 2.634932e+00  3.157014e-01 
 2.635330e+00  1.084506e-01 
 2.635728e+00 -6.568709e-02 
 2.636125e+00 -1.030778e-01 
 2.636523e+00  3.738086e-01 
 2.636921e+00  1.016450e+00 
 2.637319e+00  1.305607e+00 
 2.637716e+00  1.508930e+00 
 2.638114e+00  1.795821e+00 
 2.638512e+00  1.710809e+00 
 2.638909e+00  1.680821e+00 
 2.639307e+00  2.013729e+00 
 2.639705e+00  1.702223e+00 
 2.640102e+00  1.512498e+00 
 2.640500e+00  1.398576e+00 
 2.640898e+00  1.516432e+00 
 2.641296e+00  1.402248e+00 
 2.641693e+00  1.225136e+00 
 2.642091e+00  1.128664e+00 
 2.642489e+00  1.060489e+00 
 2.642886e+00  6.495382e-01 
 2.643284e+00  3.574949e-01 
 2.643682e+00  7.176235e-01 
 2.644079e+00  6.913371e-01 
 2.644477e+00  3.686215e-01 
 2.644875e+00 -4.497037e-03 
 2.645272e+00 -1.944415e-01 
 2.645670e+00 -2.391692e-01 
 2.646068e+00  4.206109e-02 
 2.646466e+00  6.020896e-01 
 2.646863e+00  7.953464e-01 
 2.647261e+00  6.279589e-01 
 2.647659e+00  3.501513e-01 
 2.648056e+00  3.978660e-01 
 2.648454e+00  5.836657e-01 
 2.648852e+00  6.859696e-01 
 2.649249e+00  1.138123e+00 
 2.649647e+00  1.254815e+00 
 2.650045e+00  1.146568e+00 
 2.650443e+00  1.073403e+00 
 2.650840e+00  1.010723e+00 
 2.651238e+00  1.079587e+00 
 2.651636e+00  1.516682e+00 
 2.652033e+00  1.667289e+00 
 2.652431e+00  1.777276e+00 
 2.652829e+00  1.480850e+00 
 2.653226e+00  1.246533e+00 
 2.653624e+00  1.004847e+00 
 2.654022e+00  9.470694e-01 
 2.654419e+00  1.174909e+00 
 2.654817e+00  1.325721e+00 
 2.655215e+00  1.457171e+00 
 2.655613e+00  1.390783e+00 
 2.656010e+00  1.767360e+00 
 2.656408e+00  2.066158e+00 
 2.656806e+00  1.742757e+00 
 2.657203e+00  1.683660e+00 
 2.657601e+00  1.599079e+00 
 2.657999e+00  1.504805e+00 
 2.658396e+00  1.403530e+00 
 2.658794e+00  1.392070e+00 
 2.659192e+00  1.492978e+00 
 2.659590e+00  1.500215e+00 
 2.659987e+00  1.287214e+00 
 2.660385e+00  1.208631e+00 
 2.660783e+00  1.100210e+00 
 2.661180e+00  1.244335e+00 
 2.661578e+00  1.447693e+00 
 2.661976e+00  1.420024e+00 
 2.662373e+00  1.446184e+00 
 2.662771e+00  1.400308e+00 
 2.663169e+00  1.288374e+00 
 2.663566e+00  1.156819e+00 
 2.663964e+00  9.878046e-01 
 2.664362e+00  2.244086e-01 
 2.664760e+00  3.335764e-01 
 2.665157e+00  5.758126e-01 
 2.665555e+00  8.249386e-01 
 2.665953e+00  1.086032e+00 
 2.666350e+00  1.184242e+00 
 2.666748e+00  1.101134e+00 
 2.667146e+00  1.113613e+00 
 2.667543e+00  1.063338e+00 
 2.667941e+00  7.634577e-01 
 2.668339e+00  7.269739e-01 
 2.668737e+00  6.737417e-01 
 2.669134e+00  8.543926e-01 
 2.669532e+00  9.633407e-01 
 2.669930e+00  8.262013e-01 
 2.670327e+00  4.480124e-01 
 2.670725e+00  3.114098e-01 
 2.671123e+00 -1.906523e-01 
 2.671520e+00 -3.649373e-01 
 2.671918e+00 -2.996432e-01 
 2.672316e+00 -4.412100e-01 
 2.672713e+00 -5.191984e-01 
 2.673111e+00 -8.102110e-01 
 2.673509e+00 -1.522634e+00 
 2.673907e+00 -2.165655e+00 
 2.674304e+00 -2.448479e+00 
 2.674702e+00 -2.223012e+00 
 2.675100e+00 -1.728426e+00 
 2.675497e+00 -1.389007e+00 
 2.675895e+00 -1.726697e+00 
 2.676293e+00 -2.000131e+00 
 2.676690e+00 -2.333698e+00 
 2.677088e+00 -2.152548e+00 
 2.677486e+00 -1.754348e+00 
 2.677884e+00 -1.338237e+00 
 2.678281e+00 -9.535203e-01 
 2.678679e+00 -4.785194e-01 
 2.679077e+00 -2.744028e-01 
 2.679474e+00 -2.988034e-01 
 2.679872e+00 -2.696847e-02 
 2.680270e+00  2.223380e-01 
 2.680667e+00  4.879749e-01 
 2.681065e+00  7.745590e-01 
 2.681463e+00  9.125813e-01 
 2.681860e+00  1.159362e+00 
 2.682258e+00  8.801729e-01 
 2.682656e+00  8.241280e-01 
 2.683054e+00  7.557340e-01 
 2.683451e+00  7.490721e-01 
 2.683849e+00  9.217621e-01 
 2.684247e+00  1.182823e+00 
 2.684644e+00  1.418061e+00 
 2.685042e+00  1.374557e+00 
 2.685440e+00  1.155105e+00 
 2.685837e+00  8.503294e-01 
 2.686235e+00  5.927937e-01 
 2.686633e+00  2.157987e-02 
 2.687031e+00 -2.509258e-01 
 2.687428e+00 -1.221720e-02 
 2.687826e+00  1.971457e-01 
 2.688224e+00  4.219079e-01 
 2.688621e+00  6.604720e-01 
 2.689019e+00  1.311141e-01 
 2.689417e+00 -4.377351e-01 
 2.689814e+00 -9.407152e-01 
 2.690212e+00 -1.219329e+00 
 2.690610e+00 -1.489348e+00 
 2.691007e+00 -1.879289e+00 
 2.691405e+00 -2.465614e+00 
 2.691803e+00 -2.702343e+00 
 2.692201e+00 -2.882639e+00 
 2.692598e+00 -3.440155e+00 
 2.692996e+00 -3.390649e+00 
 2.693394e+00 -3.262841e+00 
 2.693791e+00 -3.260139e+00 
 2.694189e+00 -3.166343e+00 
 2.694587e+00 -2.964156e+00 
 2.694984e+00 -2.533808e+00 
 2.695382e+00 -2.139544e+00 
 2.695780e+00 -1.811223e+00 
 2.696178e+00 -1.538350e+00 
 2.696575e+00 -1.406683e+00 
 2.696973e+00 -1.524336e+00 
 2.697371e+00 -1.150484e+00 
 2.697768e+00 -6.707083e-01 
 2.698166e+00 -8.684644e-02 
 2.698564e+00  1.263030e-01 
 2.698961e+00 -9.066738e-02 
 2.699359e+00 -1.564997e-01 
 2.699757e+00 -3.218014e-01 
 2.700154e+00 -2.792068e-01 
 2.700552e+00 -2.180257e-01 
 2.700950e+00  1.401378e-01 
 2.701348e+00  3.266818e-01 
 2.701745e+00  1.967119e-01 
 2.702143e+00  2.305053e-01 
 2.702541e+00 -2.917197e-02 
 2.702938e+00 -1.062826e-01 
 2.703336e+00  3.292187e-02 
 2.703734e+00  8.601479e-03 
 2.704131e+00  4.191681e-01 
 2.704529e+00  5.061929e-01 
 2.704927e+00  3.750470e-01 
 2.705325e+00  4.034482e-01 
 2.705722e+00  4.606133e-01 
 2.706120e+00  6.497688e-01 
 2.706518e+00  9.850452e-01 
 2.706915e+00  1.286731e+00 
 2.707313e+00  1.499171e+00 
 2.707711e+00  1.189555e+00 
 2.708108e+00  7.203812e-01 
 2.708506e+00  1.182957e-01 
 2.708904e+00 -2.835479e-01 
 2.709301e+00 -6.646811e-01 
 2.709699e+00 -9.784212e-01 
 2.710097e+00 -1.442447e+00 
 2.710495e+00 -1.752832e+00 
 2.710892e+00 -1.609967e+00 
 2.711290e+00 -1.884658e+00 
 2.711688e+00 -2.214845e+00 
 2.712085e+00 -2.687257e+00 
 2.712483e+00 -3.005259e+00 
 2.712881e+00 -3.023624e+00 
 2.713278e+00 -2.779972e+00 
 2.713676e+00 -2.600884e+00 
 2.714074e+00 -2.317196e+00 
 2.714472e+00 -2.033427e+00 
 2.714869e+00 -2.170196e+00 
 2.715267e+00 -2.320187e+00 
 2.715665e+00 -2.526291e+00 
 2.716062e+00 -2.528215e+00 
 2.716460e+00 -1.999376e+00 
 2.716858e+00 -1.527977e+00 
 2.717255e+00 -1.479638e+00 
 2.717653e+00 -1.558270e+00 
 2.718051e+00 -1.943215e+00 
 2.718448e+00 -2.226005e+00 
 2.718846e+00 -2.199890e+00 
 2.719244e+00 -2.523171e+00 
 2.719642e+00 -2.688406e+00 
 2.720039e+00 -2.768010e+00 
 2.720437e+00 -2.820645e+00 
 2.720835e+00 -2.986513e+00 
 2.721232e+00 -2.768550e+00 
 2.721630e+00 -2.677209e+00 
 2.722028e+00 -2.649439e+00 
 2.722425e+00 -2.377490e+00 
 2.722823e+00 -2.121991e+00 
 2.723221e+00 -1.788542e+00 
 2.723619e+00 -1.355352e+00 
 2.724016e+00 -8.831806e-01 
 2.724414e+00 -5.617645e-01 
 2.724812e+00 -3.631568e-01 
 2.725209e+00 -4.491919e-01 
 2.725607e+00 -2.549548e-01 
 2.726005e+00  2.577141e-01 
 2.726402e+00  8.329115e-01 
 2.726800e+00  1.328126e+00 
 2.727198e+00  1.449204e+00 
 2.727595e+00  1.316736e+00 
 2.727993e+00  1.125026e+00 
 2.728391e+00  1.049950e+00 
 2.728789e+00  1.220282e+00 
 2.729186e+00  9.196104e-01 
 2.729584e+00  1.049500e+00 
 2.729982e+00  1.216476e+00 
 2.730379e+00  8.315062e-01 
 2.730777e+00  7.332147e-01 
 2.731175e+00  6.015437e-01 
 2.731572e+00  4.207972e-01 
 2.731970e+00  6.564238e-01 
 2.732368e+00  8.413001e-01 
 2.732766e+00  8.426734e-01 
 2.733163e+00  7.378230e-01 
 2.733561e+00  6.536840e-01 
 2.733959e+00  2.948445e-01 
 2.734356e+00  5.267477e-01 
 2.734754e+00  5.214607e-01 
 2.735152e+00  7.316525e-01 
 2.735549e+00  1.204241e+00 
 2.735947e+00  1.143456e+00 
 2.736345e+00  1.031938e+00 
 2.736742e+00  8.484038e-01 
 2.737140e+00  7.513696e-01 
 2.737538e+00  2.816804e-01 
 2.737936e+00 -3.832617e-02 
 2.738333e+00 -5.400938e-01 
 2.738731e+00 -6.361348e-01 
 2.739129e+00 -5.256017e-01 
 2.739526e+00 -4.471305e-01 
 2.739924e+00  2.769011e-01 
 2.740322e+00  3.525253e-01 
 2.740719e+00 -5.589183e-02 
 2.741117e+00 -4.825148e-01 
 2.741515e+00 -6.096247e-01 
 2.741913e+00 -8.064453e-01 
 2.742310e+00 -6.119013e-01 
 2.742708e+00 -2.350659e-01 
 2.743106e+00 -3.010849e-01 
 2.743503e+00 -2.980219e-01 
 2.743901e+00 -6.662756e-01 
 2.744299e+00 -5.133684e-01 
 2.744696e+00 -5.403116e-02 
 2.745094e+00  5.122937e-01 
 2.745492e+00  5.316029e-01 
 2.745889e+00  7.705082e-01 
 2.746287e+00  9.370054e-01 
 2.746685e+00  7.332305e-01 
 2.747083e+00  9.221654e-01 
 2.747480e+00  8.878470e-01 
 2.747878e+00  7.632089e-01 
 2.748276e+00  3.880822e-01 
 2.748673e+00  3.689179e-01 
 2.749071e+00  7.054369e-01 
 2.749469e+00  1.054383e+00 
 2.749866e+00  1.362887e+00 
 2.750264e+00  1.680100e+00 
 2.750662e+00  1.641224e+00 
 2.751060e+00  1.873083e+00 
 2.751457e+00  1.626829e+00 
 2.751855e+00  1.577057e+00 
 2.752253e+00  1.879268e+00 
 2.752650e+00  2.149228e+00 
 2.753048e+00  2.119025e+00 
 2.753446e+00  2.134749e+00 
 2.753843e+00  2.183919e+00 
 2.754241e+00  2.462176e+00 
 2.754639e+00  2.861077e+00 
 2.755036e+00  3.304727e+00 
 2.755434e+00  3.744361e+00 
 2.755832e+00  3.715874e+00 
 2.756230e+00  3.531541e+00 
 2.756627e+00  3.438343e+00 
 2.757025e+00  3.357072e+00 
 2.757423e+00  3.291594e+00 
 2.757820e+00  3.534673e+00 
 2.758218e+00  3.569178e+00 
 2.758616e+00  3.390579e+00 
 2.759013e+00  3.134842e+00 
 2.759411e+00  2.571728e+00 
 2.759809e+00  2.195099e+00 
 2.760207e+00  1.719850e+00 
 2.760604e+00  1.574190e+00 
 2.761002e+00  1.494058e+00 
 2.761400e+00  1.025986e+00 
 2.761797e+00  4.996272e-01 
 2.762195e+00  5.817347e-01 
 2.762593e+00  6.080705e-01 
 2.762990e+00  3.092520e-01 
 2.763388e+00  4.416247e-01 
 2.763786e+00  2.113576e-01 
 2.764183e+00 -2.412268e-01 
 2.764581e+00 -2.993646e-01 
 2.764979e+00 -6.644335e-01 
 2.765377e+00 -9.100684e-01 
 2.765774e+00 -7.666985e-01 
 2.766172e+00 -9.264767e-01 
 2.766570e+00 -1.331540e+00 
 2.766967e+00 -1.771359e+00 
 2.767365e+00 -2.159593e+00 
 2.767763e+00 -2.563560e+00 
 2.768160e+00 -2.197295e+00 
 2.768558e+00 -1.759343e+00 
 2.768956e+00 -1.743563e+00 
 2.769354e+00 -1.763241e+00 
 2.769751e+00 -1.857272e+00 
 2.770149e+00 -2.302038e+00 
 2.770547e+00 -2.155889e+00 
 2.770944e+00 -2.169610e+00 
 2.771342e+00 -1.958984e+00 
 2.771740e+00 -1.798661e+00 
 2.772137e+00 -1.800436e+00 
 2.772535e+00 -1.362910e+00 
 2.772933e+00 -9.367452e-01 
 2.773330e+00 -2.947656e-01 
 2.773728e+00  1.505014e-01 
 2.774126e+00  6.230097e-01 
 2.774524e+00  7.039003e-01 
 2.774921e+00  9.974721e-01 
 2.775319e+00  1.336738e+00 
 2.775717e+00  1.889036e+00 
 2.776114e+00  2.034011e+00 
 2.776512e+00  2.066644e+00 
 2.776910e+00  1.813368e+00 
 2.777307e+00  1.435059e+00 
 2.777705e+00  1.694299e+00 
 2.778103e+00  2.156728e+00 
 2.778501e+00  2.455412e+00 
 2.778898e+00  2.578157e+00 
 2.779296e+00  2.449391e+00 
 2.779694e+00  2.047971e+00 
 2.780091e+00  1.726853e+00 
 2.780489e+00  1.474834e+00 
 2.780887e+00  1.193710e+00 
 2.781284e+00  1.153200e+00 
 2.781682e+00  1.020421e+00 
 2.782080e+00  1.117235e+00 
 2.782477e+00  1.298982e+00 
 2.782875e+00  1.203817e+00 
 2.783273e+00  1.508325e+00 
 2.783671e+00  1.762756e+00 
 2.784068e+00  1.398557e+00 
 2.784466e+00  1.179228e+00 
 2.784864e+00  8.672250e-01 
 2.785261e+00  2.883962e-01 
 2.785659e+00 -1.160395e-01 
 2.786057e+00 -4.390227e-01 
 2.786454e+00 -7.017208e-01 
 2.786852e+00 -5.284455e-01 
 2.787250e+00 -8.069699e-01 
 2.787648e+00 -1.436527e+00 
 2.788045e+00 -1.563849e+00 
 2.788443e+00 -1.894088e+00 
 2.788841e+00 -2.135034e+00 
 2.789238e+00 -2.263517e+00 
 2.789636e+00 -2.324550e+00 
 2.790034e+00 -2.628299e+00 
 2.790431e+00 -2.698848e+00 
 2.790829e+00 -2.323695e+00 
 2.791227e+00 -1.651804e+00 
 2.791624e+00 -1.176332e+00 
 2.792022e+00 -1.048278e+00 
 2.792420e+00 -1.108597e+00 
 2.792818e+00 -1.300778e+00 
 2.793215e+00 -1.604033e+00 
 2.793613e+00 -1.643805e+00 
 2.794011e+00 -1.382773e+00 
 2.794408e+00 -1.188027e+00 
 2.794806e+00 -1.092244e+00 
 2.795204e+00 -9.966862e-01 
 2.795601e+00 -1.071794e+00 
 2.795999e+00 -7.354367e-01 
 2.796397e+00 -9.497953e-01 
 2.796795e+00 -1.177018e+00 
 2.797192e+00 -1.137276e+00 
 2.797590e+00 -1.266053e+00 
 2.797988e+00 -1.326724e+00 
 2.798385e+00 -1.115594e+00 
 2.798783e+00 -7.531384e-01 
 2.799181e+00 -7.464625e-01 
 2.799578e+00 -9.748903e-01 
 2.799976e+00 -1.011526e+00 
 2.800374e+00 -5.418838e-01 
 2.800771e+00 -7.394145e-02 
 2.801169e+00  5.226894e-01 
 2.801567e+00  1.189972e+00 
 2.801965e+00  1.520919e+00 
 2.802362e+00  1.482254e+00 
 2.802760e+00  1.394809e+00 
 2.803158e+00  1.073341e+00 
 2.803555e+00  7.975104e-01 
 2.803953e+00  8.196431e-01 
 2.804351e+00  7.637669e-01 
 2.804748e+00  7.791558e-01 
 2.805146e+00  5.595419e-01 
 2.805544e+00 -2.258316e-02 
 2.805942e+00 -2.467265e-01 
 2.806339e+00 -8.526815e-01 
 2.806737e+00 -9.817776e-01 
 2.807135e+00 -9.676097e-01 
 2.807532e+00 -1.141296e+00 
 2.807930e+00 -1.307362e+00 
 2.808328e+00 -1.625069e+00 
 2.808725e+00 -1.986030e+00 
 2.809123e+00 -1.806703e+00 
 2.809521e+00 -1.619901e+00 
 2.809918e+00 -1.693672e+00 
 2.810316e+00 -1.323655e+00 
 2.810714e+00 -1.334683e+00 
 2.811112e+00 -1.623476e+00 
 2.811509e+00 -1.792228e+00 
 2.811907e+00 -1.597487e+00 
 2.812305e+00 -1.702246e+00 
 2.812702e+00 -1.818507e+00 
 2.813100e+00 -2.010994e+00 
 2.813498e+00 -1.921269e+00 
 2.813895e+00 -2.104589e+00 
 2.814293e+00 -2.129161e+00 
 2.814691e+00 -2.221009e+00 
 2.815089e+00 -2.539764e+00 
 2.815486e+00 -3.023986e+00 
 2.815884e+00 -3.381359e+00 
 2.816282e+00 -3.333590e+00 
 2.816679e+00 -3.451014e+00 
 2.817077e+00 -3.378026e+00 
 2.817475e+00 -2.952547e+00 
 2.817872e+00 -2.907383e+00 
 2.818270e+00 -2.849547e+00 
 2.818668e+00 -2.711775e+00 
 2.819065e+00 -2.612427e+00 
 2.819463e+00 -1.970233e+00 
 2.819861e+00 -1.353932e+00 
 2.820259e+00 -8.316681e-01 
 2.820656e+00 -7.076789e-01 
 2.821054e+00 -7.844336e-01 
 2.821452e+00 -9.527567e-01 
 2.821849e+00 -8.846897e-01 
 2.822247e+00 -6.870965e-01 
 2.822645e+00 -5.568329e-01 
 2.823042e+00 -4.372371e-01 
 2.823440e+00 -4.230190e-01 
 2.823838e+00 -2.957627e-01 
 2.824236e+00 -3.062106e-01 
 2.824633e+00 -3.595233e-01 
 2.825031e+00 -4.485863e-01 
 2.825429e+00 -7.318576e-01 
 2.825826e+00 -1.028750e+00 
 2.826224e+00 -1.309867e+00 
 2.826622e+00 -1.466410e+00 
 2.827019e+00 -1.279961e+00 
 2.827417e+00 -1.087264e+00 
 2.827815e+00 -1.071618e+00 
 2.828212e+00 -1.092612e+00 
 2.828610e+00 -1.224446e+00 
 2.829008e+00 -1.552782e+00 
 2.829406e+00 -9.342703e-01 
 2.829803e+00 -4.953183e-01 
 2.830201e+00  1.078016e-01 
 2.830599e+00  6.440853e-01 
 2.830996e+00  5.431470e-01 
 2.831394e+00  6.057822e-01 
 2.831792e+00  7.689604e-01 
 2.832189e+00  2.615639e-01 
 2.832587e+00  2.552765e-02 
 2.832985e+00  2.831794e-01 
 2.833383e+00  4.925523e-01 
 2.833780e+00  5.916224e-01 
 2.834178e+00  7.322694e-01 
 2.834576e+00  8.390121e-01 
 2.834973e+00  9.041724e-01 
 2.835371e+00  9.369640e-01 
 2.835769e+00  9.690257e-01 
 2.836166e+00  8.697525e-01 
 2.836564e+00  7.368578e-01 
 2.836962e+00  5.825069e-01 
 2.837359e+00  5.397837e-01 
 2.837757e+00  7.033141e-01 
 2.838155e+00  1.172616e+00 
 2.838553e+00  1.533288e+00 
 2.838950e+00  1.785410e+00 
 2.839348e+00  1.862946e+00 
 2.839746e+00  1.927324e+00 
 2.840143e+00  1.870682e+00 
 2.840541e+00  1.871712e+00 
 2.840939e+00  1.940217e+00 
 2.841336e+00  1.613185e+00 
 2.841734e+00  1.206561e+00 
 2.842132e+00  1.054629e+00 
 2.842530e+00  1.352411e+00 
 2.842927e+00  2.022006e+00 
 2.843325e+00  2.241970e+00 
 2.843723e+00  2.042006e+00 
 2.844120e+00  1.560520e+00 
 2.844518e+00  6.317719e-01 
 2.844916e+00 -1.665895e-02 
 2.845313e+00  1.940878e-01 
 2.845711e+00  3.511052e-01 
 2.846109e+00  5.747387e-01 
 2.846506e+00  4.043787e-01 
 2.846904e+00  4.695569e-01 
 2.847302e+00  1.574756e-01 
 2.847700e+00  7.484362e-02 
 2.848097e+00 -2.132496e-02 
 2.848495e+00  3.039451e-01 
 2.848893e+00  1.788141e-01 
 2.849290e+00 -3.411714e-02 
 2.849688e+00  1.587639e-01 
 2.850086e+00  2.782766e-01 
 2.850483e+00  2.874572e-01 
 2.850881e+00  5.070298e-01 
 2.851279e+00  5.593323e-01 
 2.851676e+00  8.038635e-01 
 2.852074e+00  1.205306e+00 
 2.852472e+00  1.599646e+00 
 2.852870e+00  2.042246e+00 
 2.853267e+00  2.002332e+00 
 2.853665e+00  1.716188e+00 
 2.854063e+00  1.538131e+00 
 2.854460e+00  9.404184e-01 
 2.854858e+00  4.624366e-01 
 2.855256e+00  3.256985e-01 
 2.855653e+00  2.940276e-01 
 2.856051e+00  4.317653e-01 
 2.856449e+00  4.870002e-01 
 2.856847e+00  4.356384e-01 
 2.857244e+00  5.830732e-01 
 2.857642e+00  5.106445e-01 
 2.858040e+00  5.498696e-01 
 2.858437e+00  5.361159e-01 
 2.858835e+00  6.716364e-01 
 2.859233e+00  4.652572e-01 
 2.859630e+00  5.618956e-01 
 2.860028e+00  5.857247e-01 
 2.860426e+00  6.359618e-01 
 2.860823e+00  6.076768e-01 
 2.861221e+00  5.941200e-01 
 2.861619e+00  8.944162e-01 
 2.862017e+00  1.147302e+00 
 2.862414e+00  1.032409e+00 
 2.862812e+00  9.099426e-01 
 2.863210e+00  1.037060e+00 
 2.863607e+00  1.027726e+00 
 2.864005e+00  8.353923e-01 
 2.864403e+00  1.112660e+00 
 2.864800e+00  6.315784e-01 
 2.865198e+00  4.615773e-01 
 2.865596e+00  5.275653e-01 
 2.865994e+00  5.092669e-01 
 2.866391e+00  6.169278e-01 
 2.866789e+00  7.084559e-01 
 2.867187e+00  7.207389e-01 
 2.867584e+00  6.056621e-01 
 2.867982e+00  7.803931e-01 
 2.868380e+00  7.625308e-01 
 2.868777e+00  8.950037e-01 
 2.869175e+00  1.387994e+00 
 2.869573e+00  1.673712e+00 
 2.869970e+00  1.550847e+00 
 2.870368e+00  1.308360e+00 
 2.870766e+00  1.269429e+00 
 2.871164e+00  1.380853e+00 
 2.871561e+00  1.570678e+00 
 2.871959e+00  1.861583e+00 
 2.872357e+00  1.556018e+00 
 2.872754e+00  8.062130e-01 
 2.873152e+00  3.251083e-01 
 2.873550e+00 -9.844710e-02 
 2.873947e+00 -3.267490e-01 
 2.874345e+00 -2.930124e-01 
 2.874743e+00 -3.496820e-01 
 2.875141e+00 -3.132802e-01 
 2.875538e+00 -2.992806e-01 
 2.875936e+00 -6.887986e-01 
 2.876334e+00 -6.352341e-01 
 2.876731e+00 -6.261203e-01 
 2.877129e+00 -9.049159e-01 
 2.877527e+00 -7.921226e-01 
 2.877924e+00 -7.881287e-01 
 2.878322e+00 -3.991596e-01 
 2.878720e+00 -3.538628e-03 
 2.879117e+00  4.684424e-01 
 2.879515e+00  7.786307e-01 
 2.879913e+00  6.177929e-01 
 2.880311e+00  2.084067e-01 
 2.880708e+00  2.889391e-02 
 2.881106e+00  5.676409e-01 
 2.881504e+00  8.456798e-01 
 2.881901e+00  8.071903e-01 
 2.882299e+00  7.518063e-01 
 2.882697e+00  7.792014e-01 
 2.883094e+00  3.901241e-01 
 2.883492e+00  9.668259e-02 
 2.883890e+00 -1.639847e-01 
 2.884288e+00 -2.495432e-01 
 2.884685e+00 -2.001174e-01 
 2.885083e+00 -1.969263e-01 
 2.885481e+00 -1.289101e-01 
 2.885878e+00  3.261528e-01 
 2.886276e+00  6.103255e-01 
 2.886674e+00  1.114994e+00 
 2.887071e+00  1.321712e+00 
 2.887469e+00  1.034771e+00 
 2.887867e+00  9.090178e-01 
 2.888264e+00  6.855043e-01 
 2.888662e+00  3.893975e-01 
 2.889060e+00  5.870794e-01 
 2.889458e+00  7.966155e-01 
 2.889855e+00  9.963236e-01 
 2.890253e+00  1.097193e+00 
 2.890651e+00  1.582512e+00 
 2.891048e+00  1.201050e+00 
 2.891446e+00  8.023026e-01 
 2.891844e+00  9.020660e-01 
 2.892241e+00  9.203339e-01 
 2.892639e+00  4.661595e-01 
 2.893037e+00  2.657517e-01 
 2.893435e+00 -4.382592e-02 
 2.893832e+00 -3.780474e-01 
 2.894230e+00 -2.737398e-01 
 2.894628e+00  3.471268e-02 
 2.895025e+00  3.069774e-01 
 2.895423e+00  4.970916e-01 
 2.895821e+00  4.639442e-01 
 2.896218e+00  1.807034e-02 
 2.896616e+00  3.527055e-02 
 2.897014e+00 -1.604067e-01 
 2.897411e+00 -2.373044e-01 
 2.897809e+00  5.490626e-02 
 2.898207e+00  1.726548e-02 
 2.898605e+00 -1.528943e-01 
 2.899002e+00 -3.770230e-01 
 2.899400e+00 -6.298801e-01 
 2.899798e+00 -7.613466e-01 
 2.900195e+00 -1.268830e+00 
 2.900593e+00 -1.987138e+00 
 2.900991e+00 -2.407065e+00 
 2.901388e+00 -2.968127e+00 
 2.901786e+00 -3.460601e+00 
 2.902184e+00 -3.479273e+00 
 2.902582e+00 -4.196898e+00 
 2.902979e+00 -4.740264e+00 
 2.903377e+00 -4.950474e+00 
 2.903775e+00 -4.623029e+00 
 2.904172e+00 -4.472380e+00 
 2.904570e+00 -4.145810e+00 
 2.904968e+00 -3.888893e+00 
 2.905365e+00 -3.833094e+00 
 2.905763e+00 -4.018583e+00 
 2.906161e+00 -4.256713e+00 
 2.906558e+00 -4.211333e+00 
 2.906956e+00 -3.793162e+00 
 2.907354e+00 -3.177708e+00 
 2.907752e+00 -2.263046e+00 
 2.908149e+00 -1.635727e+00 
 2.908547e+00 -1.464856e+00 
 2.908945e+00 -1.454762e+00 
 2.909342e+00 -1.406823e+00 
 2.909740e+00 -1.569972e+00 
 2.910138e+00 -1.556635e+00 
 2.910535e+00 -1.193801e+00 
 2.910933e+00 -1.213811e+00 
 2.911331e+00 -8.119519e-01 
 2.911729e+00 -8.440534e-01 
 2.912126e+00 -9.262672e-01 
 2.912524e+00 -8.536066e-01 
 2.912922e+00 -3.740494e-01 
 2.913319e+00  1.146408e-01 
 2.913717e+00  1.336032e-01 
 2.914115e+00  2.519801e-01 
 2.914512e+00  1.889548e-01 
 2.914910e+00  2.026279e-01 
 2.915308e+00  3.533611e-01 
 2.915705e+00  4.897595e-01 
 2.916103e+00  3.024838e-01 
 2.916501e+00 -1.053026e-01 
 2.916899e+00 -3.549813e-01 
 2.917296e+00 -4.000744e-01 
 2.917694e+00 -4.411520e-01 
 2.918092e+00 -4.736293e-01 
 2.918489e+00 -6.481842e-01 
 2.918887e+00 -7.496971e-01 
 2.919285e+00 -1.080302e+00 
 2.919682e+00 -1.518528e+00 
 2.920080e+00 -1.481175e+00 
 2.920478e+00 -1.515776e+00 
 2.920876e+00 -1.494911e+00 
 2.921273e+00 -1.686978e+00 
 2.921671e+00 -2.152789e+00 
 2.922069e+00 -2.317849e+00 
 2.922466e+00 -2.495735e+00 
 2.922864e+00 -2.397814e+00 
 2.923262e+00 -1.724406e+00 
 2.923659e+00 -1.512481e+00 
 2.924057e+00 -1.835963e+00 
 2.924455e+00 -1.430787e+00 
 2.924852e+00 -1.229165e+00 
 2.925250e+00 -1.322481e+00 
 2.925648e+00 -8.557147e-01 
 2.926046e+00 -2.688240e-01 
 2.926443e+00  3.495140e-01 
 2.926841e+00  5.549105e-01 
 2.927239e+00  8.742413e-01 
 2.927636e+00  1.035140e+00 
 2.928034e+00  9.147192e-01 
 2.928432e+00  6.063475e-01 
 2.928829e+00  3.239736e-01 
 2.929227e+00  4.646644e-01 
 2.929625e+00  2.658858e-01 
 2.930023e+00  3.560133e-01 
 2.930420e+00  1.088166e+00 
 2.930818e+00  1.410411e+00 
 2.931216e+00  1.210902e+00 
 2.931613e+00  8.777247e-01 
 2.932011e+00  3.739474e-01 
 2.932409e+00  5.327266e-02 
 2.932806e+00  2.026437e-01 
 2.933204e+00  2.587051e-01 
 2.933602e+00  2.990269e-01 
 2.933999e+00  5.408421e-01 
 2.934397e+00  2.987902e-01 
 2.934795e+00 -1.284644e-04 
 2.935193e+00 -5.991058e-01 
 2.935590e+00 -7.508685e-01 
 2.935988e+00 -6.974355e-01 
 2.936386e+00 -3.846312e-01 
 2.936783e+00 -1.854129e-01 
 2.937181e+00 -1.685504e-01 
 2.937579e+00 -1.074450e-01 
 2.937976e+00 -3.142679e-01 
 2.938374e+00 -4.102424e-01 
 2.938772e+00 -1.902396e-01 
 2.939170e+00 -1.260310e-01 
 2.939567e+00 -1.033530e-01 
 2.939965e+00 -3.505017e-01 
 2.940363e+00 -3.717083e-01 
 2.940760e+00 -6.115032e-01 
 2.941158e+00 -5.462992e-01 
 2.941556e+00  2.155491e-02 
 2.941953e+00  4.044207e-01 
 2.942351e+00  4.286311e-01 
 2.942749e+00  3.961585e-01 
 2.943146e+00  4.043072e-01 
 2.943544e+00  5.091978e-01 
 2.943942e+00  4.785351e-01 
 2.944340e+00  5.104577e-01 
 2.944737e+00  5.502291e-01 
 2.945135e+00  1.583791e-01 
 2.945533e+00  4.549983e-01 
 2.945930e+00  8.250681e-01 
 2.946328e+00  1.125179e+00 
 2.946726e+00  1.460207e+00 
 2.947123e+00  1.775563e+00 
 2.947521e+00  1.647536e+00 
 2.947919e+00  1.444563e+00 
 2.948317e+00  1.358017e+00 
 2.948714e+00  1.140541e+00 
 2.949112e+00  1.062560e+00 
 2.949510e+00  6.364480e-01 
 2.949907e+00  6.525516e-01 
 2.950305e+00  3.478353e-01 
 2.950703e+00  2.016971e-01 
 2.951100e+00  3.905740e-01 
 2.951498e+00  7.215340e-01 
 2.951896e+00  7.411611e-01 
 2.952293e+00  5.028652e-01 
 2.952691e+00  3.780763e-01 
 2.953089e+00  1.666421e-01 
 2.953487e+00  6.209978e-02 
 2.953884e+00  2.219284e-01 
 2.954282e+00  1.792826e-01 
 2.954680e+00  2.647771e-01 
 2.955077e+00  6.014731e-01 
 2.955475e+00  9.509318e-01 
 2.955873e+00  1.281272e+00 
 2.956270e+00  1.488278e+00 
 2.956668e+00  1.754310e+00 
 2.957066e+00  1.850468e+00 
 2.957464e+00  1.351215e+00 
 2.957861e+00  5.595367e-01 
 2.958259e+00  4.286261e-01 
 2.958657e+00  5.040266e-01 
 2.959054e+00  8.414849e-01 
 2.959452e+00  1.553289e+00 
 2.959850e+00  1.723379e+00 
 2.960247e+00  1.759530e+00 
 2.960645e+00  1.205766e+00 
 2.961043e+00  5.915762e-01 
 2.961440e+00  1.112697e-02 
 2.961838e+00 -5.887312e-01 
 2.962236e+00 -5.553867e-01 
 2.962634e+00 -4.201328e-01 
 2.963031e+00 -2.174758e-01 
 2.963429e+00 -5.755241e-01 
 2.963827e+00 -4.986992e-01 
 2.964224e+00 -3.409911e-01 
 2.964622e+00 -2.528254e-01 
 2.965020e+00  3.457614e-01 
 2.965417e+00  6.455792e-01 
 2.965815e+00  6.404540e-01 
 2.966213e+00  4.029652e-01 
 2.966611e+00  3.042575e-01 
 2.967008e+00  3.644892e-01 
 2.967406e+00  2.611007e-01 
 2.967804e+00  3.794061e-01 
 2.968201e+00  5.648563e-01 
 2.968599e+00  4.874602e-01 
 2.968997e+00  5.391726e-01 
 2.969394e+00  6.865096e-01 
 2.969792e+00  8.827713e-01 
 2.970190e+00  1.233562e+00 
 2.970587e+00  1.183092e+00 
 2.970985e+00  8.291851e-01 
 2.971383e+00  1.091615e+00 
 2.971781e+00  9.967131e-01 
 2.972178e+00  9.756329e-01 
 2.972576e+00  1.526622e+00 
 2.972974e+00  1.774668e+00 
 2.973371e+00  1.411083e+00 
 2.973769e+00  1.676350e+00 
 2.974167e+00  2.286885e+00 
 2.974564e+00  3.086753e+00 
 2.974962e+00  3.499977e+00 
 2.975360e+00  3.777800e+00 
 2.975758e+00  3.281479e+00 
 2.976155e+00  2.898274e+00 
 2.976553e+00  2.490952e+00 
 2.976951e+00  2.378892e+00 
 2.977348e+00  2.787642e+00 
 2.977746e+00  2.801401e+00 
 2.978144e+00  2.533035e+00 
 2.978541e+00  2.091162e+00 
 2.978939e+00  1.649314e+00 
 2.979337e+00  1.408228e+00 
 2.979734e+00  1.199843e+00 
 2.980132e+00  1.048535e+00 
 2.980530e+00  8.795016e-01 
 2.980928e+00  6.550739e-01 
 2.981325e+00  2.628118e-01 
 2.981723e+00  3.704703e-01 
 2.982121e+00  6.904513e-01 
 2.982518e+00  1.004916e+00 
 2.982916e+00  8.140307e-01 
 2.983314e+00  6.337931e-01 
 2.983711e+00  5.256954e-01 
 2.984109e+00  1.374565e-01 
 2.984507e+00 -1.907352e-01 
 2.984905e+00 -1.552976e-01 
 2.985302e+00 -1.948834e-01 
 2.985700e+00 -1.935581e-01 
 2.986098e+00 -2.444521e-01 
 2.986495e+00 -4.234311e-01 
 2.986893e+00 -8.361037e-01 
 2.987291e+00 -1.046085e+00 
 2.987688e+00 -1.148031e+00 
 2.988086e+00 -1.131829e+00 
 2.988484e+00 -1.011225e+00 
 2.988881e+00 -1.394818e+00 
 2.989279e+00 -1.600783e+00 
 2.989677e+00 -1.759646e+00 
 2.990075e+00 -2.084969e+00 
 2.990472e+00 -2.030853e+00 
 2.990870e+00 -1.984077e+00 
 2.991268e+00 -2.054745e+00 
 2.991665e+00 -1.961510e+00 
 2.992063e+00 -1.883231e+00 
 2.992461e+00 -1.679123e+00 
 2.992858e+00 -1.225321e+00 
 2.993256e+00 -1.062581e+00 
 2.993654e+00 -8.159897e-01 
 2.994052e+00 -7.009806e-01 
 2.994449e+00 -1.124620e+00 
 2.994847e+00 -1.234975e+00 
 2.995245e+00 -1.060449e+00 
 2.995642e+00 -9.710914e-01 
 2.996040e+00 -1.017414e+00 
 2.996438e+00 -1.167435e+00 
 2.996835e+00 -1.428143e+00 
 2.997233e+00 -2.000269e+00 
 2.997631e+00 -2.030648e+00 
 2.998028e+00 -1.639210e+00 
 2.998426e+00 -1.277565e+00 
 2.998824e+00 -1.017400e+00 
 2.999222e+00 -8.008204e-01 
 2.999619e+00 -8.124429e-01 
 3.000017e+00 -8.763549e-01 
 3.000415e+00 -7.684589e-01 
 3.000812e+00 -2.704880e-01 
 3.001210e+00 -1.907336e-01 
 3.001608e+00 -4.287371e-02 
 3.002005e+00  1.373031e-01 
 3.002403e+00  1.695191e-01 
 3.002801e+00  6.657998e-01 
 3.003199e+00  1.367985e+00 
 3.003596e+00  1.657020e+00 
 3.003994e+00  1.513576e+00 
 3.004392e+00  9.087156e-01 
 3.004789e+00  5.131920e-01 
 3.005187e+00 -1.225415e-01 
 3.005585e+00 -5.081717e-01 
 3.005982e+00 -6.271738e-01 
 3.006380e+00 -3.130440e-01 
 3.006778e+00 -5.102451e-01 
 3.007175e+00 -6.293349e-01 
 3.007573e+00 -8.942940e-01 
 3.007971e+00 -1.147660e+00 
 3.008369e+00 -1.165626e+00 
 3.008766e+00 -1.377255e+00 
 3.009164e+00 -1.884683e+00 
 3.009562e+00 -2.621966e+00 
 3.009959e+00 -3.006947e+00 
 3.010357e+00 -3.173968e+00 
 3.010755e+00 -2.829411e+00 
 3.011152e+00 -2.399770e+00 
 3.011550e+00 -2.241830e+00 
 3.011948e+00 -1.938277e+00 
 3.012346e+00 -2.404158e+00 
 3.012743e+00 -3.024428e+00 
 3.013141e+00 -3.542277e+00 
 3.013539e+00 -3.846371e+00 
 3.013936e+00 -3.766904e+00 
 3.014334e+00 -3.715630e+00 
 3.014732e+00 -3.408398e+00 
 3.015129e+00 -2.955425e+00 
 3.015527e+00 -3.124323e+00 
 3.015925e+00 -3.016354e+00 
 3.016322e+00 -2.842136e+00 
 3.016720e+00 -2.781050e+00 
 3.017118e+00 -3.063892e+00 
 3.017516e+00 -3.020621e+00 
 3.017913e+00 -3.111601e+00 
 3.018311e+00 -2.833035e+00 
 3.018709e+00 -2.289792e+00 
 3.019106e+00 -1.836027e+00 
 3.019504e+00 -1.116374e+00 
 3.019902e+00 -9.953067e-01 
 3.020299e+00 -7.371242e-01 
 3.020697e+00  4.158376e-02 
 3.021095e+00  9.049196e-01 
 3.021493e+00  1.587854e+00 
 3.021890e+00  1.963605e+00 
 3.022288e+00  2.149114e+00 
 3.022686e+00  1.775457e+00 
 3.023083e+00  1.310560e+00 
 3.023481e+00  1.065804e+00 
 3.023879e+00  1.403389e+00 
 3.024276e+00  2.056942e+00 
 3.024674e+00  2.134408e+00 
 3.025072e+00  1.980161e+00 
 3.025469e+00  1.993142e+00 
 3.025867e+00  1.813582e+00 
 3.026265e+00  1.534866e+00 
 3.026663e+00  1.496172e+00 
 3.027060e+00  1.380453e+00 
 3.027458e+00  1.195936e+00 
 3.027856e+00  7.896092e-01 
 3.028253e+00  5.834063e-01 
 3.028651e+00  4.490898e-01 
 3.029049e+00  2.213391e-01 
 3.029446e+00  1.642665e-01 
 3.029844e+00  7.459081e-02 
 3.030242e+00  4.327718e-02 
 3.030640e+00 -2.182555e-01 
 3.031037e+00 -4.335462e-01 
 3.031435e+00 -7.352124e-01 
 3.031833e+00 -7.677720e-01 
 3.032230e+00 -1.037638e+00 
 3.032628e+00 -1.159430e+00 
 3.033026e+00 -1.172181e+00 
 3.033423e+00 -1.011745e+00 
 3.033821e+00 -1.006232e+00 
 3.034219e+00 -7.562311e-01 
 3.034616e+00 -6.880885e-01 
 3.035014e+00 -1.032998e+00 
 3.035412e+00 -1.416434e+00 
 3.035810e+00 -1.979647e+00 
 3.036207e+00 -2.119869e+00 
 3.036605e+00 -2.066141e+00 
 3.037003e+00 -1.924017e+00 
 3.037400e+00 -1.316385e+00 
 3.037798e+00 -1.258200e+00 
 3.038196e+00 -1.796850e+00 
 3.038593e+00 -1.988870e+00 
 3.038991e+00 -2.052878e+00 
 3.039389e+00 -2.082124e+00 
 3.039787e+00 -1.574644e+00 
 3.040184e+00 -1.134546e+00 
 3.040582e+00 -1.271987e+00 
 3.040980e+00 -1.435960e+00 
 3.041377e+00 -1.416587e+00 
 3.041775e+00 -1.159766e+00 
 3.042173e+00 -9.894512e-01 
 3.042570e+00 -6.412060e-01 
 3.042968e+00 -2.415078e-01 
 3.043366e+00  1.242480e-01 
 3.043763e+00  2.446626e-01 
 3.044161e+00  6.048810e-01 
 3.044559e+00  7.350091e-01 
 3.044957e+00  7.364034e-01 
 3.045354e+00  5.812321e-01 
 3.045752e+00  2.198703e-01 
 3.046150e+00  7.946638e-02 
 3.046547e+00  3.169406e-01 
 3.046945e+00  7.133767e-01 
 3.047343e+00  1.056828e+00 
 3.047740e+00  1.425749e+00 
 3.048138e+00  1.154220e+00 
 3.048536e+00  8.247045e-01 
 3.048934e+00  7.436317e-01 
 3.049331e+00  8.182002e-01 
 3.049729e+00  1.170083e+00 
 3.050127e+00  1.813845e+00 
 3.050524e+00  2.341441e+00 
 3.050922e+00  2.540640e+00 
 3.051320e+00  2.430475e+00 
 3.051717e+00  2.275271e+00 
 3.052115e+00  2.046838e+00 
 3.052513e+00  1.988220e+00 
 3.052910e+00  2.053866e+00 
 3.053308e+00  2.003698e+00 
 3.053706e+00  1.911790e+00 
 3.054104e+00  1.852576e+00 
 3.054501e+00  2.065146e+00 
 3.054899e+00  2.236862e+00 
 3.055297e+00  2.033263e+00 
 3.055694e+00  1.820318e+00 
 3.056092e+00  1.219447e+00 
 3.056490e+00  6.290009e-01 
 3.056887e+00  6.053641e-02 
 3.057285e+00 -6.077594e-01 
 3.057683e+00 -9.777118e-01 
 3.058081e+00 -1.110730e+00 
 3.058478e+00 -1.228376e+00 
 3.058876e+00 -1.092922e+00 
 3.059274e+00 -9.869676e-01 
 3.059671e+00 -6.691018e-01 
 3.060069e+00 -3.009938e-01 
 3.060467e+00 -8.320248e-01 
 3.060864e+00 -9.659874e-01 
 3.061262e+00 -1.402227e+00 
 3.061660e+00 -1.549022e+00 
 3.062057e+00 -1.356929e+00 
 3.062455e+00 -8.411991e-01 
 3.062853e+00 -9.864923e-02 
 3.063251e+00  5.469816e-01 
 3.063648e+00  6.438777e-01 
 3.064046e+00  5.094532e-01 
 3.064444e+00  4.026689e-01 
 3.064841e+00  4.496534e-02 
 3.065239e+00  8.422341e-02 
 3.065637e+00  5.935580e-01 
 3.066034e+00  7.799189e-01 
 3.066432e+00  9.724644e-01 
 3.066830e+00  1.178632e+00 
 3.067228e+00  1.039287e+00 
 3.067625e+00  1.349759e+00 
 3.068023e+00  1.779367e+00 
 3.068421e+00  2.230766e+00 
 3.068818e+00  2.511241e+00 
 3.069216e+00  2.771738e+00 
 3.069614e+00  2.784700e+00 
 3.070011e+00  2.893943e+00 
 3.070409e+00  3.066720e+00 
 3.070807e+00  3.240404e+00 
 3.071204e+00  3.329607e+00 
 3.071602e+00  3.152756e+00 
 3.072000e+00  3.091994e+00 
 3.072398e+00  3.526269e+00 
 3.072795e+00  3.569431e+00 
 3.073193e+00  3.666772e+00 
 3.073591e+00  3.688854e+00 
 3.073988e+00  3.180479e+00 
 3.074386e+00  1.876821e+00 
 3.074784e+00  1.029114e+00 
 3.075181e+00  9.191780e-01 
 3.075579e+00  1.142824e+00 
 3.075977e+00  1.476979e+00 
 3.076375e+00  1.444629e+00 
 3.076772e+00  1.407359e+00 
 3.077170e+00  1.354356e+00 
 3.077568e+00  1.182929e+00 
 3.077965e+00  1.050954e+00 
 3.078363e+00  1.082333e+00 
 3.078761e+00  7.250608e-01 
 3.079158e+00  5.369504e-01 
 3.079556e+00  4.417893e-01 
 3.079954e+00  4.133454e-01 
 3.080351e+00  3.456057e-01 
 3.080749e+00  4.921462e-01 
 3.081147e+00  7.127741e-01 
 3.081545e+00  8.363046e-01 
 3.081942e+00  9.925063e-01 
 3.082340e+00  1.315045e+00 
 3.082738e+00  1.168129e+00 
 3.083135e+00  9.346275e-01 
 3.083533e+00  6.620577e-01 
 3.083931e+00  1.199159e-01 
 3.084328e+00 -2.653037e-02 
 3.084726e+00 -1.722119e-01 
 3.085124e+00 -3.264078e-01 
 3.085522e+00 -3.488887e-02 
 3.085919e+00 -1.274126e-01 
 3.086317e+00 -3.741991e-01 
 3.086715e+00 -5.985448e-01 
 3.087112e+00 -6.715660e-01 
 3.087510e+00 -8.279054e-01 
 3.087908e+00 -5.803455e-01 
 3.088305e+00 -4.809418e-01 
 3.088703e+00 -4.069338e-01 
 3.089101e+00 -2.877015e-01 
 3.089498e+00 -5.810255e-01 
 3.089896e+00 -9.890595e-01 
 3.090294e+00 -1.424016e+00 
 3.090692e+00 -1.697207e+00 
 3.091089e+00 -1.408746e+00 
 3.091487e+00 -9.790939e-01 
 3.091885e+00 -9.389899e-01 
 3.092282e+00 -1.147800e+00 
 3.092680e+00 -1.683435e+00 
 3.093078e+00 -2.024165e+00 
 3.093475e+00 -2.107338e+00 
 3.093873e+00 -2.135709e+00 
 3.094271e+00 -1.557721e+00 
 3.094669e+00 -1.033854e+00 
 3.095066e+00 -5.953586e-01 
 3.095464e+00 -4.936491e-01 
 3.095862e+00 -2.772266e-01 
 3.096259e+00 -1.527417e-01 
 3.096657e+00  8.389925e-04 
 3.097055e+00 -6.733159e-02 
 3.097452e+00 -2.089205e-01 
 3.097850e+00 -1.082330e-01 
 3.098248e+00  7.508545e-02 
 3.098645e+00  4.314860e-01 
 3.099043e+00  5.256650e-01 
 3.099441e+00  4.172299e-01 
 3.099839e+00  6.020541e-02 
 3.100236e+00 -3.290269e-01 
 3.100634e+00 -6.358286e-01 
 3.101032e+00 -9.834226e-01 
 3.101429e+00 -9.552861e-01 
 3.101827e+00 -1.061910e+00 
 3.102225e+00 -1.205193e+00 
 3.102622e+00 -1.378114e+00 
 3.103020e+00 -1.750034e+00 
 3.103418e+00 -2.064539e+00 
 3.103816e+00 -2.217550e+00 
 3.104213e+00 -2.482840e+00 
 3.104611e+00 -2.515008e+00 
 3.105009e+00 -2.437487e+00 
 3.105406e+00 -2.659917e+00 
 3.105804e+00 -2.614430e+00 
 3.106202e+00 -2.340188e+00 
 3.106599e+00 -2.277318e+00 
 3.106997e+00 -2.134241e+00 
 3.107395e+00 -2.246452e+00 
 3.107792e+00 -2.145590e+00 
 3.108190e+00 -2.470437e+00 
 3.108588e+00 -2.638805e+00 
 3.108986e+00 -2.612663e+00 
 3.109383e+00 -2.383165e+00 
 3.109781e+00 -1.990783e+00 
 3.110179e+00 -1.612666e+00 
 3.110576e+00 -1.372146e+00 
 3.110974e+00 -9.269086e-01 
 3.111372e+00 -6.942197e-01 
 3.111769e+00 -5.477808e-01 
 3.112167e+00 -6.667318e-01 
 3.112565e+00 -5.828690e-01 
 3.112963e+00 -1.057241e+00 
 3.113360e+00 -9.048650e-01 
 3.113758e+00 -4.154570e-01 
 3.114156e+00  2.471923e-02 
 3.114553e+00  9.099860e-01 
 3.114951e+00  1.139515e+00 
 3.115349e+00  1.229361e+00 
 3.115746e+00  1.456324e+00 
 3.116144e+00  1.343054e+00 
 3.116542e+00  9.943041e-01 
 3.116939e+00  1.106699e+00 
 3.117337e+00  1.293181e+00 
 3.117735e+00  1.112199e+00 
 3.118133e+00  9.463423e-01 
 3.118530e+00  5.316213e-01 
 3.118928e+00  2.577345e-01 
 3.119326e+00 -6.206790e-02 
 3.119723e+00 -1.502103e-01 
 3.120121e+00 -3.274308e-01 
 3.120519e+00 -4.627769e-01 
 3.120916e+00 -9.080367e-01 
 3.121314e+00 -1.329405e+00 
 3.121712e+00 -1.609539e+00 
 3.122110e+00 -1.809354e+00 
 3.122507e+00 -2.248476e+00 
 3.122905e+00 -2.468426e+00 
 3.123303e+00 -2.123207e+00 
 3.123700e+00 -1.930421e+00 
 3.124098e+00 -1.588159e+00 
 3.124496e+00 -1.428975e+00 
 3.124893e+00 -1.106129e+00 
 3.125291e+00 -1.303760e+00 
 3.125689e+00 -1.999900e+00 
 3.126086e+00 -2.336112e+00 
 3.126484e+00 -2.562408e+00 
 3.126882e+00 -2.437351e+00 
 3.127280e+00 -1.874522e+00 
 3.127677e+00 -1.276939e+00 
 3.128075e+00 -8.603051e-01 
 3.128473e+00 -4.915579e-01 
 3.128870e+00 -4.633857e-01 
 3.129268e+00 -4.792669e-01 
 3.129666e+00 -8.255742e-01 
 3.130063e+00 -1.050665e+00 
 3.130461e+00 -1.059493e+00 
 3.130859e+00 -1.370044e+00 
 3.131257e+00 -1.243168e+00 
 3.131654e+00 -1.104128e+00 
 3.132052e+00 -9.023461e-01 
 3.132450e+00 -5.274911e-01 
 3.132847e+00 -2.524004e-01 
 3.133245e+00 -2.713458e-01 
 3.133643e+00 -2.851419e-01 
 3.134040e+00 -2.687284e-01 
 3.134438e+00 -8.594139e-01 
 3.134836e+00 -1.009145e+00 
 3.135233e+00 -1.047940e+00 
 3.135631e+00 -1.084409e+00 
 3.136029e+00 -1.169542e+00 
 3.136427e+00 -1.068586e+00 
 3.136824e+00 -7.780391e-01 
 3.137222e+00 -3.793089e-01 
 3.137620e+00 -3.949263e-01 
 3.138017e+00  5.568201e-02 
 3.138415e+00  2.212038e-01 
 3.138813e+00 -5.798972e-02 
 3.139210e+00 -1.215675e-01 
 3.139608e+00 -2.524219e-01 
 3.140006e+00 -3.784481e-01 
 3.140404e+00 -2.479247e-01 
 3.140801e+00 -5.935371e-02 
 3.141199e+00 -1.697109e-01 
 3.141597e+00 -7.483507e-01 
 3.141994e+00 -9.314884e-01 
 3.142392e+00 -6.245428e-01 
 3.142790e+00 -2.720185e-01 
 3.143187e+00 -1.084981e-01 
 3.143585e+00 -3.854076e-02 
 3.143983e+00 -3.960494e-01 
 3.144380e+00 -4.072466e-01 
 3.144778e+00 -5.671985e-01 
 3.145176e+00 -6.257299e-01 
 3.145574e+00 -5.705553e-01 
 3.145971e+00 -1.919824e-01 
 3.146369e+00 -4.784677e-02 
 3.146767e+00  5.731750e-02 
 3.147164e+00  2.391299e-01 
 3.147562e+00  1.237551e-01 
 3.147960e+00  7.808202e-02 
 3.148357e+00 -3.305441e-01 
 3.148755e+00 -6.411113e-01 
 3.149153e+00 -1.188585e+00 
 3.149551e+00 -8.509699e-01 
 3.149948e+00 -5.794117e-01 
 3.150346e+00 -8.749476e-02 
 3.150744e+00  1.496464e-01 
 3.151141e+00  3.403158e-02 
 3.151539e+00 -2.446025e-01 
 3.151937e+00 -8.896307e-01 
 3.152334e+00 -1.458830e+00 
 3.152732e+00 -1.381658e+00 
 3.153130e+00 -1.041536e+00 
 3.153527e+00 -1.005550e+00 
 3.153925e+00 -6.496535e-01 
 3.154323e+00 -5.307643e-01 
 3.154721e+00 -4.869161e-01 
