StratC_run25_T0.3524_N2.601
684	0
0.000000	0.000000000e+00
0.005000	1.060131407e-01
0.010000	2.111844390e-01
0.015000	3.146787376e-01
0.020000	4.156741959e-01
0.025000	5.133688167e-01
0.030000	6.069868142e-01
0.035000	6.957847751e-01
0.040000	7.790575614e-01
0.045000	8.561439101e-01
0.050000	9.264316843e-01
0.055000	9.893627342e-01
0.060000	1.044437329e+00
0.065000	1.091218125e+00
0.070000	1.129333640e+00
0.075000	1.158481202e+00
0.080000	1.178429351e+00
0.085000	1.189019682e+00
0.090000	1.190168096e+00
0.095000	1.181865476e+00
0.100000	1.164177750e+00
0.105000	1.137245376e+00
0.110000	1.101282222e+00
0.115000	1.056573868e+00
0.120000	1.003475341e+00
0.125000	9.424082921e-01
0.130000	8.738576493e-01
0.135000	7.983677685e-01
0.140000	7.165381093e-01
0.145000	6.290184749e-01
0.150000	5.365038519e-01
0.155000	4.397288922e-01
0.160000	3.394620784e-01
0.165000	2.364996217e-01
0.170000	1.316591393e-01
0.175000	2.577316161e-02
0.180000	-8.031747886e-02
0.185000	-1.857703243e-01
0.190000	-2.897479815e-01
0.195000	-3.914247717e-01
0.200000	-4.899932873e-01
0.205000	-5.846708030e-01
0.210000	-6.747054918e-01
0.215000	-7.593823949e-01
0.220000	-8.380290995e-01
0.225000	-9.100210780e-01
0.230000	-9.747866475e-01
0.235000	-1.031811509e+00
0.240000	-1.080642834e+00
0.245000	-1.120892854e+00
0.250000	-1.152241949e+00
0.255000	-1.174441177e+00
0.260000	-1.187314256e+00
0.265000	-1.190758962e+00
0.270000	-1.184747940e+00
0.275000	-1.169328924e+00
0.280000	-1.144624354e+00
0.285000	-1.110830409e+00
0.290000	-1.068215443e+00
0.295000	-1.017117858e+00
0.300000	-9.579434168e-01
0.305000	-8.911620188e-01
0.310000	-8.173039703e-01
0.315000	-7.369557723e-01
0.320000	-6.507554639e-01
0.325000	-5.593875552e-01
0.330000	-4.635775920e-01
0.335000	-3.640863940e-01
0.340000	-2.617040132e-01
0.345000	-1.572434606e-01
0.350000	-5.153424945e-02
0.355000	5.458419130e-02
0.360000	1.602691831e-01
0.365000	2.646814893e-01
0.370000	3.669919798e-01
0.375000	4.663882144e-01
0.380000	5.620808954e-01
0.385000	6.533101341e-01
0.390000	7.393514862e-01
0.395000	8.195217037e-01
0.400000	8.931841608e-01
0.405000	9.597539097e-01
0.410000	1.018702325e+00
0.415000	1.069561301e+00
0.420000	1.111926972e+00
0.425000	1.145462914e+00
0.430000	1.169902821e+00
0.435000	1.185052618e+00
0.440000	1.190792001e+00
0.445000	1.187075394e+00
0.450000	1.173932311e+00
0.455000	1.151467119e+00
0.460000	1.119858214e+00
0.465000	1.079356598e+00
0.470000	1.030283893e+00
0.475000	9.730297808e-01
0.480000	9.080489124e-01
0.485000	8.358572957e-01
0.490000	7.570281990e-01
0.495000	6.721875983e-01
0.500000	5.820092063e-01
0.505000	4.872091230e-01
0.510000	3.885401487e-01
0.515000	2.867858062e-01
0.520000	1.827541192e-01
0.525000	7.727119543e-02
0.530000	-2.882533308e-02
0.535000	-1.346929618e-01
0.540000	-2.394910038e-01
0.545000	-3.423872657e-01
0.550000	-4.425646561e-01
0.555000	-5.392276739e-01
0.560000	-6.316087251e-01
0.565000	-7.189742190e-01
0.570000	-8.006303925e-01
0.575000	-8.759288203e-01
0.580000	-9.442715632e-01
0.585000	-1.005115916e+00
0.590000	-1.057978720e+00
0.595000	-1.102440194e+00
0.600000	-1.138147273e+00
0.605000	-1.164816410e+00
0.610000	-1.182235827e+00
0.615000	-1.190267199e+00
0.620000	-1.188846748e+00
0.625000	-1.177985755e+00
0.630000	-1.157770465e+00
0.635000	-1.128361407e+00
0.640000	-1.089992115e+00
0.645000	-1.042967278e+00
0.650000	-9.876603169e-01
0.655000	-9.245104189e-01
0.660000	-8.540190532e-01
0.665000	-7.767459863e-01
0.670000	-6.933048380e-01
0.675000	-6.043582079e-01
0.680000	-5.106124148e-01
0.685000	-4.128118869e-01
0.690000	-3.117332507e-01
0.695000	-2.081791643e-01
0.700000	-1.029719427e-01
0.705000	3.052971274e-03
0.710000	1.090536419e-01
0.715000	2.141883257e-01
0.720000	3.176221561e-01
0.725000	4.185337729e-01
0.730000	5.161218444e-01
0.735000	6.096114311e-01
0.740000	6.982601392e-01
0.745000	7.813640160e-01
0.750000	8.582631399e-01
0.755000	9.283468607e-01
0.760000	9.910586488e-01
0.765000	1.045900515e+00
0.770000	1.092436963e+00
0.775000	1.130298452e+00
0.780000	1.159184325e+00
0.785000	1.178865203e+00
0.790000	1.189184801e+00
0.795000	1.190061172e+00
0.800000	1.181487356e+00
0.805000	1.163531438e+00
0.810000	1.136336004e+00
0.815000	1.100117012e+00
0.820000	1.055162073e+00
0.825000	1.001828171e+00
0.830000	9.405388269e-01
0.835000	8.717807347e-01
0.840000	7.960998972e-01
0.845000	7.140972902e-01
0.850000	6.264240903e-01
0.855000	5.337765038e-01
0.860000	4.368902381e-01
0.865000	3.365346599e-01
0.870000	2.335066853e-01
0.875000	1.286244515e-01
0.880000	2.272082074e-02
0.885000	-8.336323441e-02
0.890000	-1.887853084e-01
0.895000	-2.927082524e-01
0.900000	-3.943068222e-01
0.905000	-4.927742311e-01
0.910000	-5.873285569e-01
0.915000	-6.772189507e-01
0.920000	-6.772189507e-01
0.925000	-6.757745024e-01
0.930000	-6.714534809e-01
0.935000	-6.642927518e-01
0.940000	-6.543534077e-01
0.945000	-6.417202478e-01
0.950000	-6.265010536e-01
0.955000	-6.088256700e-01
0.960000	-5.888448971e-01
0.965000	-5.667292038e-01
0.970000	-5.426672734e-01
0.975000	-5.168643938e-01
0.980000	-4.895407061e-01
0.985000	-4.609293264e-01
0.990000	-4.312743568e-01
0.995000	-4.008288032e-01
1.000000	-3.698524161e-01
1.005000	-3.386094753e-01
1.010000	-3.073665346e-01
1.015000	-2.763901475e-01
1.020000	-2.459445939e-01
1.025000	-2.162896243e-01
1.030000	-1.876782446e-01
1.035000	-1.603545569e-01
1.040000	-1.345516773e-01
1.045000	-1.104897469e-01
1.050000	-8.837405361e-02
1.055000	-6.839328070e-02
1.060000	-5.071789709e-02
1.065000	-3.549870291e-02
1.070000	-2.286554297e-02
1.075000	-1.292619894e-02
1.080000	-5.765469783e-03
1.085000	-1.444448327e-03
1.090000	-0.000000000e+00
1.095000	0.000000000e+00
1.100000	0.000000000e+00
1.105000	0.000000000e+00
1.110000	0.000000000e+00
1.115000	0.000000000e+00
1.120000	0.000000000e+00
1.125000	0.000000000e+00
1.130000	0.000000000e+00
1.135000	0.000000000e+00
1.140000	0.000000000e+00
1.145000	0.000000000e+00
1.150000	0.000000000e+00
1.155000	0.000000000e+00
1.160000	0.000000000e+00
1.165000	0.000000000e+00
1.170000	0.000000000e+00
1.175000	0.000000000e+00
1.180000	0.000000000e+00
1.185000	0.000000000e+00
1.190000	0.000000000e+00
1.195000	0.000000000e+00
1.200000	0.000000000e+00
1.205000	0.000000000e+00
1.210000	0.000000000e+00
1.215000	0.000000000e+00
1.220000	0.000000000e+00
1.225000	0.000000000e+00
1.230000	0.000000000e+00
1.235000	0.000000000e+00
1.240000	0.000000000e+00
1.245000	0.000000000e+00
1.250000	0.000000000e+00
1.255000	0.000000000e+00
1.260000	0.000000000e+00
1.265000	0.000000000e+00
1.270000	0.000000000e+00
1.275000	0.000000000e+00
1.280000	0.000000000e+00
1.285000	0.000000000e+00
1.290000	0.000000000e+00
1.295000	0.000000000e+00
1.300000	0.000000000e+00
1.305000	0.000000000e+00
1.310000	0.000000000e+00
1.315000	0.000000000e+00
1.320000	0.000000000e+00
1.325000	0.000000000e+00
1.330000	0.000000000e+00
1.335000	0.000000000e+00
1.340000	0.000000000e+00
1.345000	0.000000000e+00
1.350000	0.000000000e+00
1.355000	0.000000000e+00
1.360000	0.000000000e+00
1.365000	0.000000000e+00
1.370000	0.000000000e+00
1.375000	0.000000000e+00
1.380000	0.000000000e+00
1.385000	0.000000000e+00
1.390000	0.000000000e+00
1.395000	0.000000000e+00
1.400000	0.000000000e+00
1.405000	0.000000000e+00
1.410000	0.000000000e+00
1.415000	0.000000000e+00
1.420000	0.000000000e+00
1.425000	0.000000000e+00
1.430000	0.000000000e+00
1.435000	0.000000000e+00
1.440000	0.000000000e+00
1.445000	0.000000000e+00
1.450000	0.000000000e+00
1.455000	0.000000000e+00
1.460000	0.000000000e+00
1.465000	0.000000000e+00
1.470000	0.000000000e+00
1.475000	0.000000000e+00
1.480000	0.000000000e+00
1.485000	0.000000000e+00
1.490000	0.000000000e+00
1.495000	0.000000000e+00
1.500000	0.000000000e+00
1.505000	0.000000000e+00
1.510000	0.000000000e+00
1.515000	0.000000000e+00
1.520000	0.000000000e+00
1.525000	0.000000000e+00
1.530000	0.000000000e+00
1.535000	0.000000000e+00
1.540000	0.000000000e+00
1.545000	0.000000000e+00
1.550000	0.000000000e+00
1.555000	0.000000000e+00
1.560000	0.000000000e+00
1.565000	0.000000000e+00
1.570000	0.000000000e+00
1.575000	0.000000000e+00
1.580000	0.000000000e+00
1.585000	0.000000000e+00
1.590000	0.000000000e+00
1.595000	0.000000000e+00
1.600000	0.000000000e+00
1.605000	0.000000000e+00
1.610000	0.000000000e+00
1.615000	0.000000000e+00
1.620000	0.000000000e+00
1.625000	0.000000000e+00
1.630000	0.000000000e+00
1.635000	0.000000000e+00
1.640000	0.000000000e+00
1.645000	0.000000000e+00
1.650000	0.000000000e+00
1.655000	0.000000000e+00
1.660000	0.000000000e+00
1.665000	0.000000000e+00
1.670000	0.000000000e+00
1.675000	0.000000000e+00
1.680000	0.000000000e+00
1.685000	0.000000000e+00
1.690000	0.000000000e+00
1.695000	0.000000000e+00
1.700000	0.000000000e+00
1.705000	0.000000000e+00
1.710000	0.000000000e+00
1.715000	0.000000000e+00
1.720000	0.000000000e+00
1.725000	0.000000000e+00
1.730000	0.000000000e+00
1.735000	0.000000000e+00
1.740000	0.000000000e+00
1.745000	0.000000000e+00
1.750000	0.000000000e+00
1.755000	0.000000000e+00
1.760000	0.000000000e+00
1.765000	0.000000000e+00
1.770000	0.000000000e+00
1.775000	0.000000000e+00
1.780000	0.000000000e+00
1.785000	0.000000000e+00
1.790000	0.000000000e+00
1.795000	0.000000000e+00
1.800000	0.000000000e+00
1.805000	0.000000000e+00
1.810000	0.000000000e+00
1.815000	0.000000000e+00
1.820000	0.000000000e+00
1.825000	0.000000000e+00
1.830000	0.000000000e+00
1.835000	0.000000000e+00
1.840000	0.000000000e+00
1.845000	0.000000000e+00
1.850000	0.000000000e+00
1.855000	0.000000000e+00
1.860000	0.000000000e+00
1.865000	0.000000000e+00
1.870000	0.000000000e+00
1.875000	0.000000000e+00
1.880000	0.000000000e+00
1.885000	0.000000000e+00
1.890000	0.000000000e+00
1.895000	0.000000000e+00
1.900000	0.000000000e+00
1.905000	0.000000000e+00
1.910000	0.000000000e+00
1.915000	0.000000000e+00
1.920000	0.000000000e+00
1.925000	0.000000000e+00
1.930000	0.000000000e+00
1.935000	0.000000000e+00
1.940000	0.000000000e+00
1.945000	0.000000000e+00
1.950000	0.000000000e+00
1.955000	0.000000000e+00
1.960000	0.000000000e+00
1.965000	0.000000000e+00
1.970000	0.000000000e+00
1.975000	0.000000000e+00
1.980000	0.000000000e+00
1.985000	0.000000000e+00
1.990000	0.000000000e+00
1.995000	0.000000000e+00
2.000000	0.000000000e+00
2.005000	0.000000000e+00
2.010000	0.000000000e+00
2.015000	0.000000000e+00
2.020000	0.000000000e+00
2.025000	0.000000000e+00
2.030000	0.000000000e+00
2.035000	0.000000000e+00
2.040000	0.000000000e+00
2.045000	0.000000000e+00
2.050000	0.000000000e+00
2.055000	0.000000000e+00
2.060000	0.000000000e+00
2.065000	0.000000000e+00
2.070000	0.000000000e+00
2.075000	0.000000000e+00
2.080000	0.000000000e+00
2.085000	0.000000000e+00
2.090000	0.000000000e+00
2.095000	0.000000000e+00
2.100000	0.000000000e+00
2.105000	0.000000000e+00
2.110000	0.000000000e+00
2.115000	0.000000000e+00
2.120000	0.000000000e+00
2.125000	0.000000000e+00
2.130000	0.000000000e+00
2.135000	0.000000000e+00
2.140000	0.000000000e+00
2.145000	0.000000000e+00
2.150000	0.000000000e+00
2.155000	0.000000000e+00
2.160000	0.000000000e+00
2.165000	0.000000000e+00
2.170000	0.000000000e+00
2.175000	0.000000000e+00
2.180000	0.000000000e+00
2.185000	0.000000000e+00
2.190000	0.000000000e+00
2.195000	0.000000000e+00
2.200000	0.000000000e+00
2.205000	0.000000000e+00
2.210000	0.000000000e+00
2.215000	0.000000000e+00
2.220000	0.000000000e+00
2.225000	0.000000000e+00
2.230000	0.000000000e+00
2.235000	0.000000000e+00
2.240000	0.000000000e+00
2.245000	0.000000000e+00
2.250000	0.000000000e+00
2.255000	0.000000000e+00
2.260000	0.000000000e+00
2.265000	0.000000000e+00
2.270000	0.000000000e+00
2.275000	0.000000000e+00
2.280000	0.000000000e+00
2.285000	0.000000000e+00
2.290000	0.000000000e+00
2.295000	0.000000000e+00
2.300000	0.000000000e+00
2.305000	0.000000000e+00
2.310000	0.000000000e+00
2.315000	0.000000000e+00
2.320000	0.000000000e+00
2.325000	0.000000000e+00
2.330000	0.000000000e+00
2.335000	0.000000000e+00
2.340000	0.000000000e+00
2.345000	0.000000000e+00
2.350000	0.000000000e+00
2.355000	0.000000000e+00
2.360000	0.000000000e+00
2.365000	0.000000000e+00
2.370000	0.000000000e+00
2.375000	0.000000000e+00
2.380000	0.000000000e+00
2.385000	0.000000000e+00
2.390000	0.000000000e+00
2.395000	0.000000000e+00
2.400000	0.000000000e+00
2.405000	0.000000000e+00
2.410000	0.000000000e+00
2.415000	0.000000000e+00
2.420000	0.000000000e+00
2.425000	0.000000000e+00
2.430000	0.000000000e+00
2.435000	0.000000000e+00
2.440000	0.000000000e+00
2.445000	0.000000000e+00
2.450000	0.000000000e+00
2.455000	0.000000000e+00
2.460000	0.000000000e+00
2.465000	0.000000000e+00
2.470000	0.000000000e+00
2.475000	0.000000000e+00
2.480000	0.000000000e+00
2.485000	0.000000000e+00
2.490000	0.000000000e+00
2.495000	0.000000000e+00
2.500000	0.000000000e+00
2.505000	0.000000000e+00
2.510000	0.000000000e+00
2.515000	0.000000000e+00
2.520000	0.000000000e+00
2.525000	0.000000000e+00
2.530000	0.000000000e+00
2.535000	0.000000000e+00
2.540000	0.000000000e+00
2.545000	0.000000000e+00
2.550000	0.000000000e+00
2.555000	0.000000000e+00
2.560000	0.000000000e+00
2.565000	0.000000000e+00
2.570000	0.000000000e+00
2.575000	0.000000000e+00
2.580000	0.000000000e+00
2.585000	0.000000000e+00
2.590000	0.000000000e+00
2.595000	0.000000000e+00
2.600000	0.000000000e+00
2.605000	0.000000000e+00
2.610000	0.000000000e+00
2.615000	0.000000000e+00
2.620000	0.000000000e+00
2.625000	0.000000000e+00
2.630000	0.000000000e+00
2.635000	0.000000000e+00
2.640000	0.000000000e+00
2.645000	0.000000000e+00
2.650000	0.000000000e+00
2.655000	0.000000000e+00
2.660000	0.000000000e+00
2.665000	0.000000000e+00
2.670000	0.000000000e+00
2.675000	0.000000000e+00
2.680000	0.000000000e+00
2.685000	0.000000000e+00
2.690000	0.000000000e+00
2.695000	0.000000000e+00
2.700000	0.000000000e+00
2.705000	0.000000000e+00
2.710000	0.000000000e+00
2.715000	0.000000000e+00
2.720000	0.000000000e+00
2.725000	0.000000000e+00
2.730000	0.000000000e+00
2.735000	0.000000000e+00
2.740000	0.000000000e+00
2.745000	0.000000000e+00
2.750000	0.000000000e+00
2.755000	0.000000000e+00
2.760000	0.000000000e+00
2.765000	0.000000000e+00
2.770000	0.000000000e+00
2.775000	0.000000000e+00
2.780000	0.000000000e+00
2.785000	0.000000000e+00
2.790000	0.000000000e+00
2.795000	0.000000000e+00
2.800000	0.000000000e+00
2.805000	0.000000000e+00
2.810000	0.000000000e+00
2.815000	0.000000000e+00
2.820000	0.000000000e+00
2.825000	0.000000000e+00
2.830000	0.000000000e+00
2.835000	0.000000000e+00
2.840000	0.000000000e+00
2.845000	0.000000000e+00
2.850000	0.000000000e+00
2.855000	0.000000000e+00
2.860000	0.000000000e+00
2.865000	0.000000000e+00
2.870000	0.000000000e+00
2.875000	0.000000000e+00
2.880000	0.000000000e+00
2.885000	0.000000000e+00
2.890000	0.000000000e+00
2.895000	0.000000000e+00
2.900000	0.000000000e+00
2.905000	0.000000000e+00
2.910000	0.000000000e+00
2.915000	0.000000000e+00
2.920000	0.000000000e+00
2.925000	0.000000000e+00
2.930000	0.000000000e+00
2.935000	0.000000000e+00
2.940000	0.000000000e+00
2.945000	0.000000000e+00
2.950000	0.000000000e+00
2.955000	0.000000000e+00
2.960000	0.000000000e+00
2.965000	0.000000000e+00
2.970000	0.000000000e+00
2.975000	0.000000000e+00
2.980000	0.000000000e+00
2.985000	0.000000000e+00
2.990000	0.000000000e+00
2.995000	0.000000000e+00
3.000000	0.000000000e+00
3.005000	0.000000000e+00
3.010000	0.000000000e+00
3.015000	0.000000000e+00
3.020000	0.000000000e+00
3.025000	0.000000000e+00
3.030000	0.000000000e+00
3.035000	0.000000000e+00
3.040000	0.000000000e+00
3.045000	0.000000000e+00
3.050000	0.000000000e+00
3.055000	0.000000000e+00
3.060000	0.000000000e+00
3.065000	0.000000000e+00
3.070000	0.000000000e+00
3.075000	0.000000000e+00
3.080000	0.000000000e+00
3.085000	0.000000000e+00
3.090000	0.000000000e+00
3.095000	0.000000000e+00
3.100000	0.000000000e+00
3.105000	0.000000000e+00
3.110000	0.000000000e+00
3.115000	0.000000000e+00
3.120000	0.000000000e+00
3.125000	0.000000000e+00
3.130000	0.000000000e+00
3.135000	0.000000000e+00
3.140000	0.000000000e+00
3.145000	0.000000000e+00
3.150000	0.000000000e+00
3.155000	0.000000000e+00
3.160000	0.000000000e+00
3.165000	0.000000000e+00
3.170000	0.000000000e+00
3.175000	0.000000000e+00
3.180000	0.000000000e+00
3.185000	0.000000000e+00
3.190000	0.000000000e+00
3.195000	0.000000000e+00
3.200000	0.000000000e+00
3.205000	0.000000000e+00
3.210000	0.000000000e+00
3.215000	0.000000000e+00
3.220000	0.000000000e+00
3.225000	0.000000000e+00
3.230000	0.000000000e+00
3.235000	0.000000000e+00
3.240000	0.000000000e+00
3.245000	0.000000000e+00
3.250000	0.000000000e+00
3.255000	0.000000000e+00
3.260000	0.000000000e+00
3.265000	0.000000000e+00
3.270000	0.000000000e+00
3.275000	0.000000000e+00
3.280000	0.000000000e+00
3.285000	0.000000000e+00
3.290000	0.000000000e+00
3.295000	0.000000000e+00
3.300000	0.000000000e+00
3.305000	0.000000000e+00
3.310000	0.000000000e+00
3.315000	0.000000000e+00
3.320000	0.000000000e+00
3.325000	0.000000000e+00
3.330000	0.000000000e+00
3.335000	0.000000000e+00
3.340000	0.000000000e+00
3.345000	0.000000000e+00
3.350000	0.000000000e+00
3.355000	0.000000000e+00
3.360000	0.000000000e+00
3.365000	0.000000000e+00
3.370000	0.000000000e+00
3.375000	0.000000000e+00
3.380000	0.000000000e+00
3.385000	0.000000000e+00
3.390000	0.000000000e+00
3.395000	0.000000000e+00
3.400000	0.000000000e+00
3.405000	0.000000000e+00
3.410000	0.000000000e+00
3.415000	0.000000000e+00
