Run23_FR76_s1p50
71	0
0.000000	0.000000000e+00
0.005000	2.061705830e-02
0.010000	3.956384515e-02
0.015000	5.530540456e-02
0.020000	6.656644901e-02
0.025000	7.243467564e-02
0.030000	7.243467564e-02
0.035000	6.656644901e-02
0.040000	5.530540456e-02
0.045000	3.956384515e-02
0.050000	2.061705830e-02
0.055000	8.961908675e-18
0.060000	-2.061705830e-02
0.065000	-3.956384515e-02
0.070000	-5.530540456e-02
0.075000	-6.656644901e-02
0.080000	-7.243467564e-02
0.085000	-7.243467564e-02
0.090000	-6.656644901e-02
0.095000	-5.530540456e-02
0.100000	-3.956384515e-02
0.105000	-2.061705830e-02
0.110000	-1.792381735e-17
0.115000	3.323212375e-02
0.120000	6.589563665e-02
0.125000	9.743165694e-02
0.130000	1.273005946e-01
0.135000	1.549913837e-01
0.140000	1.800302273e-01
0.145000	2.019887038e-01
0.150000	2.204910976e-01
0.155000	2.352208276e-01
0.160000	2.459258640e-01
0.165000	2.524230407e-01
0.170000	2.546011891e-01
0.175000	2.524230407e-01
0.180000	2.459258640e-01
0.185000	2.352208276e-01
0.190000	2.204910976e-01
0.195000	2.019887038e-01
0.200000	1.800302273e-01
0.205000	1.549913837e-01
0.210000	1.273005946e-01
0.215000	9.743165694e-02
0.220000	6.589563665e-02
0.225000	3.323212375e-02
0.230000	3.117965313e-17
0.235000	-3.323212375e-02
0.240000	-6.589563665e-02
0.245000	-9.743165694e-02
0.250000	-1.273005946e-01
0.255000	-1.549913837e-01
0.260000	-1.800302273e-01
0.265000	-2.019887038e-01
0.270000	-2.204910976e-01
0.275000	-2.352208276e-01
0.280000	-2.459258640e-01
0.285000	-2.524230407e-01
0.290000	-2.546011891e-01
0.295000	-2.524230407e-01
0.300000	-2.459258640e-01
0.305000	-2.352208276e-01
0.310000	-2.204910976e-01
0.315000	-2.019887038e-01
0.320000	-1.800302273e-01
0.325000	-1.549913837e-01
0.330000	-1.273005946e-01
0.335000	-9.743165694e-02
0.340000	-6.589563665e-02
0.345000	-3.323212375e-02
0.350000	-6.235930626e-17
