         time Z Displace... 
------------- ------------- 
 3.216086e-04 -5.363144e-04 
 7.236146e-04 -5.388855e-04 
 1.125621e-03 -5.397593e-04 
 1.527627e-03 -5.380251e-04 
 1.929633e-03 -5.367386e-04 
 2.331639e-03 -5.357304e-04 
 2.733645e-03 -5.380096e-04 
 3.135651e-03 -5.426350e-04 
 3.537657e-03 -5.468714e-04 
 3.939663e-03 -5.509247e-04 
 4.341669e-03 -5.532674e-04 
 4.743684e-03 -5.515652e-04 
 5.145701e-03 -5.476690e-04 
 5.547718e-03 -5.387202e-04 
 5.949735e-03 -5.296742e-04 
 6.351752e-03 -5.194216e-04 
 6.753769e-03 -5.075660e-04 
 7.155786e-03 -4.964389e-04 
 7.557803e-03 -4.839840e-04 
 7.959820e-03 -4.711665e-04 
 8.361837e-03 -4.571996e-04 
 8.763868e-03 -4.424618e-04 
 9.165902e-03 -4.267464e-04 
 9.567935e-03 -4.082374e-04 
 9.969968e-03 -3.884606e-04 
 1.037200e-02 -3.668456e-04 
 1.077403e-02 -3.447112e-04 
 1.117607e-02 -3.209217e-04 
 1.157810e-02 -2.954854e-04 
 1.198013e-02 -2.694773e-04 
 1.238217e-02 -2.433012e-04 
 1.278419e-02 -2.176492e-04 
 1.318621e-02 -1.922365e-04 
 1.358823e-02 -1.696570e-04 
 1.399025e-02 -1.482711e-04 
 1.439227e-02 -1.283578e-04 
 1.479429e-02 -1.097714e-04 
 1.519631e-02 -9.360143e-05 
 1.559833e-02 -7.822834e-05 
 1.600035e-02 -6.411637e-05 
 1.640237e-02 -5.010850e-05 
 1.680437e-02 -3.682869e-05 
 1.720636e-02 -2.444696e-05 
 1.760835e-02 -1.311099e-05 
 1.801034e-02 -2.578987e-06 
 1.841234e-02  5.987454e-06 
 1.881433e-02  1.416585e-05 
 1.921632e-02  2.151586e-05 
 1.961831e-02  3.028145e-05 
 2.002031e-02  3.983550e-05 
 2.042230e-02  5.057621e-05 
 2.082430e-02  6.275005e-05 
 2.122631e-02  7.527408e-05 
 2.162832e-02  8.703650e-05 
 2.203033e-02  9.734277e-05 
 2.243234e-02  1.066596e-04 
 2.283434e-02  1.122273e-04 
 2.323635e-02  1.156479e-04 
 2.363836e-02  1.164727e-04 
 2.404037e-02  1.172320e-04 
 2.444238e-02  1.177141e-04 
 2.484602e-02  1.184623e-04 
 2.524984e-02  1.198617e-04 
 2.565366e-02  1.208990e-04 
 2.605748e-02  1.217123e-04 
 2.646130e-02  1.223007e-04 
 2.686512e-02  1.208588e-04 
 2.726894e-02  1.168696e-04 
 2.767276e-02  1.119977e-04 
 2.807658e-02  1.074387e-04 
 2.848040e-02  1.033840e-04 
 2.888424e-02  1.012690e-04 
 2.928808e-02  1.019604e-04 
 2.969191e-02  1.060773e-04 
 3.009575e-02  1.158522e-04 
 3.049959e-02  1.284555e-04 
 3.090343e-02  1.438098e-04 
 3.130726e-02  1.634561e-04 
 3.171110e-02  1.867089e-04 
 3.211494e-02  2.118349e-04 
 3.251878e-02  2.368651e-04 
 3.292260e-02  2.631362e-04 
 3.332642e-02  2.911896e-04 
 3.373024e-02  3.166890e-04 
 3.413407e-02  3.397242e-04 
 3.453789e-02  3.620867e-04 
 3.494171e-02  3.838537e-04 
 3.534553e-02  4.051637e-04 
 3.574935e-02  4.267347e-04 
 3.615318e-02  4.496430e-04 
 3.655700e-02  4.752597e-04 
 3.696083e-02  5.017085e-04 
 3.736466e-02  5.297506e-04 
 3.776850e-02  5.574668e-04 
 3.817233e-02  5.840719e-04 
 3.857616e-02  6.103279e-04 
 3.897999e-02  6.363617e-04 
 3.938382e-02  6.632088e-04 
 3.978766e-02  6.909937e-04 
 4.019149e-02  7.199599e-04 
 4.059532e-02  7.497293e-04 
 4.099734e-02  7.803561e-04 
 4.139936e-02  8.103541e-04 
 4.180137e-02  8.404431e-04 
 4.220339e-02  8.695918e-04 
 4.260541e-02  8.973406e-04 
 4.300743e-02  9.232212e-04 
 4.340945e-02  9.466760e-04 
 4.381146e-02  9.700264e-04 
 4.421348e-02  9.913611e-04 
 4.461550e-02  1.012159e-03 
 4.501747e-02  1.031166e-03 
 4.541944e-02  1.047395e-03 
 4.582142e-02  1.060081e-03 
 4.622339e-02  1.068049e-03 
 4.662536e-02  1.070091e-03 
 4.702733e-02  1.066904e-03 
 4.742931e-02  1.057895e-03 
 4.783128e-02  1.044775e-03 
 4.823325e-02  1.026435e-03 
 4.863522e-02  1.007616e-03 
 4.903721e-02  9.890784e-04 
 4.943920e-02  9.710521e-04 
 4.984119e-02  9.567714e-04 
 5.024318e-02  9.459256e-04 
 5.064517e-02  9.405873e-04 
 5.104716e-02  9.373090e-04 
 5.144915e-02  9.368606e-04 
 5.185114e-02  9.381806e-04 
 5.225313e-02  9.410945e-04 
 5.265512e-02  9.417893e-04 
 5.305711e-02  9.410289e-04 
 5.345910e-02  9.362706e-04 
 5.386108e-02  9.266837e-04 
 5.426307e-02  9.131318e-04 
 5.466506e-02  8.944591e-04 
 5.506705e-02  8.731899e-04 
 5.546904e-02  8.509308e-04 
 5.587102e-02  8.280065e-04 
 5.627301e-02  8.053306e-04 
 5.667500e-02  7.855027e-04 
 5.707699e-02  7.685692e-04 
 5.747898e-02  7.537814e-04 
 5.788097e-02  7.417021e-04 
 5.828296e-02  7.308255e-04 
 5.868494e-02  7.232773e-04 
 5.908693e-02  7.170006e-04 
 5.948892e-02  7.139384e-04 
 5.989091e-02  7.137490e-04 
 6.029290e-02  7.141326e-04 
 6.069489e-02  7.183937e-04 
 6.109850e-02  7.237102e-04 
 6.150229e-02  7.331238e-04 
 6.190609e-02  7.431095e-04 
 6.230988e-02  7.542186e-04 
 6.271367e-02  7.638484e-04 
 6.311747e-02  7.741396e-04 
 6.352126e-02  7.840565e-04 
 6.392505e-02  7.967102e-04 
 6.432884e-02  8.107422e-04 
 6.473264e-02  8.262164e-04 
 6.513642e-02  8.429566e-04 
 6.554020e-02  8.585904e-04 
 6.594399e-02  8.728017e-04 
 6.634777e-02  8.853168e-04 
 6.675156e-02  8.925252e-04 
 6.715534e-02  8.968602e-04 
 6.755913e-02  8.975812e-04 
 6.796291e-02  8.934896e-04 
 6.836669e-02  8.880505e-04 
 6.877048e-02  8.824866e-04 
 6.917610e-02  8.791471e-04 
 6.958193e-02  8.789249e-04 
 6.998775e-02  8.840360e-04 
 7.039358e-02  8.958699e-04 
 7.079941e-02  9.131775e-04 
 7.120523e-02  9.363588e-04 
 7.161106e-02  9.640257e-04 
 7.201689e-02  9.970040e-04 
 7.242271e-02  1.029052e-03 
 7.282854e-02  1.058062e-03 
 7.323436e-02  1.081591e-03 
 7.364018e-02  1.097015e-03 
 7.404601e-02  1.105559e-03 
 7.445183e-02  1.106209e-03 
 7.485765e-02  1.098105e-03 
 7.526348e-02  1.085582e-03 
 7.566930e-02  1.066880e-03 
 7.607512e-02  1.048638e-03 
 7.648095e-02  1.029464e-03 
 7.688677e-02  1.011085e-03 
 7.729056e-02  9.935109e-04 
 7.769435e-02  9.750050e-04 
 7.809814e-02  9.586872e-04 
 7.850192e-02  9.421541e-04 
 7.890571e-02  9.262919e-04 
 7.930950e-02  9.117742e-04 
 7.971329e-02  8.995255e-04 
 8.011708e-02  8.885006e-04 
 8.052086e-02  8.768062e-04 
 8.092465e-02  8.641532e-04 
 8.132665e-02  8.509433e-04 
 8.172865e-02  8.364167e-04 
 8.213064e-02  8.193892e-04 
 8.253264e-02  7.987775e-04 
 8.293464e-02  7.766004e-04 
 8.333663e-02  7.537469e-04 
 8.373863e-02  7.303449e-04 
 8.414063e-02  7.084697e-04 
 8.454262e-02  6.871404e-04 
 8.494462e-02  6.680532e-04 
 8.534663e-02  6.479548e-04 
 8.574864e-02  6.286002e-04 
 8.615065e-02  6.083079e-04 
 8.655266e-02  5.870899e-04 
 8.695468e-02  5.618924e-04 
 8.735669e-02  5.337137e-04 
 8.775870e-02  5.016546e-04 
 8.816071e-02  4.687936e-04 
 8.856272e-02  4.344948e-04 
 8.896473e-02  4.017527e-04 
 8.936676e-02  3.722290e-04 
 8.976878e-02  3.467129e-04 
 9.017081e-02  3.264623e-04 
 9.057284e-02  3.105367e-04 
 9.097486e-02  3.025398e-04 
 9.137689e-02  3.005168e-04 
 9.177892e-02  3.035647e-04 
 9.218094e-02  3.088767e-04 
 9.258297e-02  3.156492e-04 
 9.298500e-02  3.213130e-04 
 9.338702e-02  3.214999e-04 
 9.378905e-02  3.175544e-04 
 9.419108e-02  3.075725e-04 
 9.459311e-02  2.906393e-04 
 9.499514e-02  2.661184e-04 
 9.539716e-02  2.348757e-04 
 9.579919e-02  2.015750e-04 
 9.620122e-02  1.666185e-04 
 9.660325e-02  1.311642e-04 
 9.700528e-02  9.708532e-05 
 9.740727e-02  6.416758e-05 
 9.780927e-02  3.196109e-05 
 9.821127e-02  2.543536e-06 
 9.861327e-02 -2.398165e-05 
 9.901527e-02 -4.986534e-05 
 9.941727e-02 -7.248450e-05 
 9.981927e-02 -9.162175e-05 
 1.002213e-01 -1.086436e-04 
 1.006233e-01 -1.245966e-04 
 1.010253e-01 -1.404039e-04 
 1.014289e-01 -1.548483e-04 
 1.018327e-01 -1.702478e-04 
 1.022366e-01 -1.906551e-04 
 1.026404e-01 -2.138071e-04 
 1.030442e-01 -2.406277e-04 
 1.034480e-01 -2.703746e-04 
 1.038519e-01 -3.007989e-04 
 1.042557e-01 -3.319733e-04 
 1.046595e-01 -3.618384e-04 
 1.050633e-01 -3.905900e-04 
 1.054672e-01 -4.184807e-04 
 1.058710e-01 -4.448557e-04 
 1.062748e-01 -4.726112e-04 
 1.066786e-01 -5.014347e-04 
 1.070824e-01 -5.314847e-04 
 1.074863e-01 -5.635915e-04 
 1.078901e-01 -5.961343e-04 
 1.082939e-01 -6.292663e-04 
 1.086977e-01 -6.615468e-04 
 1.091015e-01 -6.934598e-04 
 1.095054e-01 -7.224615e-04 
 1.099092e-01 -7.471316e-04 
 1.103130e-01 -7.671881e-04 
 1.107168e-01 -7.825282e-04 
 1.111207e-01 -7.918003e-04 
 1.115245e-01 -7.954515e-04 
 1.119283e-01 -7.940568e-04 
 1.123322e-01 -7.905514e-04 
 1.127360e-01 -7.843832e-04 
 1.131398e-01 -7.787804e-04 
 1.135436e-01 -7.751955e-04 
 1.139475e-01 -7.749613e-04 
 1.143513e-01 -7.781871e-04 
 1.147551e-01 -7.853294e-04 
 1.151589e-01 -7.969625e-04 
 1.155628e-01 -8.095007e-04 
 1.159666e-01 -8.230773e-04 
 1.163704e-01 -8.378411e-04 
 1.167742e-01 -8.513827e-04 
 1.171780e-01 -8.630547e-04 
 1.175819e-01 -8.712017e-04 
 1.179857e-01 -8.773551e-04 
 1.183895e-01 -8.800127e-04 
 1.187934e-01 -8.782729e-04 
 1.191972e-01 -8.719522e-04 
 1.196010e-01 -8.624079e-04 
 1.200048e-01 -8.479938e-04 
 1.204087e-01 -8.281921e-04 
 1.208125e-01 -8.071033e-04 
 1.212163e-01 -7.835467e-04 
 1.216201e-01 -7.581702e-04 
 1.220239e-01 -7.329703e-04 
 1.224277e-01 -7.090722e-04 
 1.228316e-01 -6.894117e-04 
 1.232354e-01 -6.718118e-04 
 1.236392e-01 -6.559064e-04 
 1.240430e-01 -6.408710e-04 
 1.244468e-01 -6.268859e-04 
 1.248506e-01 -6.131826e-04 
 1.252544e-01 -5.986593e-04 
 1.256564e-01 -5.844665e-04 
 1.260585e-01 -5.692709e-04 
 1.264605e-01 -5.548164e-04 
 1.268625e-01 -5.399410e-04 
 1.272645e-01 -5.251349e-04 
 1.276666e-01 -5.112214e-04 
 1.280686e-01 -4.977862e-04 
 1.284706e-01 -4.841740e-04 
 1.288726e-01 -4.700497e-04 
 1.292746e-01 -4.539646e-04 
 1.296766e-01 -4.373992e-04 
 1.300786e-01 -4.181344e-04 
 1.304806e-01 -3.975493e-04 
 1.308825e-01 -3.752534e-04 
 1.312845e-01 -3.520108e-04 
 1.316865e-01 -3.266363e-04 
 1.320885e-01 -3.012874e-04 
 1.324905e-01 -2.758271e-04 
 1.328924e-01 -2.528599e-04 
 1.332944e-01 -2.322949e-04 
 1.336980e-01 -2.154297e-04 
 1.341018e-01 -2.029744e-04 
 1.345056e-01 -1.946529e-04 
 1.349093e-01 -1.898760e-04 
 1.353131e-01 -1.879892e-04 
 1.357169e-01 -1.880857e-04 
 1.361207e-01 -1.880480e-04 
 1.365245e-01 -1.888135e-04 
 1.369282e-01 -1.890194e-04 
 1.373320e-01 -1.880998e-04 
 1.377358e-01 -1.856981e-04 
 1.381396e-01 -1.840818e-04 
 1.385434e-01 -1.825330e-04 
 1.389472e-01 -1.805381e-04 
 1.393510e-01 -1.770926e-04 
 1.397548e-01 -1.705846e-04 
 1.401586e-01 -1.604999e-04 
 1.405624e-01 -1.472623e-04 
 1.409662e-01 -1.296481e-04 
 1.413700e-01 -1.101748e-04 
 1.417739e-01 -8.973052e-05 
 1.421777e-01 -6.614211e-05 
 1.425815e-01 -4.365194e-05 
 1.429853e-01 -2.246882e-05 
 1.433891e-01 -2.308896e-06 
 1.437930e-01  1.736259e-05 
 1.441968e-01  3.501564e-05 
 1.446006e-01  5.261995e-05 
 1.450044e-01  7.163212e-05 
 1.454083e-01  8.993219e-05 
 1.458121e-01  1.096179e-04 
 1.462159e-01  1.289891e-04 
 1.466197e-01  1.517397e-04 
 1.470235e-01  1.762047e-04 
 1.474273e-01  1.981079e-04 
 1.478311e-01  2.239922e-04 
 1.482349e-01  2.533698e-04 
 1.486388e-01  2.853418e-04 
 1.490426e-01  3.189816e-04 
 1.494464e-01  3.561261e-04 
 1.498502e-01  3.962113e-04 
 1.502540e-01  4.380142e-04 
 1.506578e-01  4.834788e-04 
 1.510616e-01  5.276530e-04 
 1.514655e-01  5.740041e-04 
 1.518693e-01  6.200617e-04 
 1.522731e-01  6.665514e-04 
 1.526769e-01  7.082938e-04 
 1.530807e-01  7.480040e-04 
 1.534845e-01  7.849483e-04 
 1.538883e-01  8.192964e-04 
 1.542921e-01  8.489253e-04 
 1.546959e-01  8.801822e-04 
 1.550997e-01  9.091187e-04 
 1.555035e-01  9.411160e-04 
 1.559073e-01  9.737873e-04 
 1.563111e-01  1.010689e-03 
 1.567149e-01  1.049365e-03 
 1.571187e-01  1.090226e-03 
 1.575225e-01  1.130565e-03 
 1.579245e-01  1.170265e-03 
 1.583265e-01  1.207693e-03 
 1.587285e-01  1.241313e-03 
 1.591305e-01  1.272333e-03 
 1.595324e-01  1.303833e-03 
 1.599344e-01  1.333656e-03 
 1.603364e-01  1.362584e-03 
 1.607384e-01  1.393505e-03 
 1.611404e-01  1.424937e-03 
 1.615424e-01  1.459049e-03 
 1.619444e-01  1.494346e-03 
 1.623464e-01  1.530874e-03 
 1.627484e-01  1.568061e-03 
 1.631505e-01  1.607385e-03 
 1.635525e-01  1.646796e-03 
 1.639545e-01  1.685933e-03 
 1.643565e-01  1.726422e-03 
 1.647585e-01  1.764627e-03 
 1.651605e-01  1.802188e-03 
 1.655625e-01  1.839129e-03 
 1.659646e-01  1.873381e-03 
 1.663666e-01  1.906345e-03 
 1.667686e-01  1.936236e-03 
 1.671706e-01  1.965607e-03 
 1.675726e-01  1.995012e-03 
 1.679746e-01  2.022585e-03 
 1.683766e-01  2.051767e-03 
 1.687786e-01  2.083471e-03 
 1.691806e-01  2.118076e-03 
 1.695826e-01  2.156454e-03 
 1.699847e-01  2.197563e-03 
 1.703867e-01  2.242852e-03 
 1.707887e-01  2.288750e-03 
 1.711907e-01  2.337537e-03 
 1.715928e-01  2.387367e-03 
 1.719948e-01  2.435912e-03 
 1.723968e-01  2.484534e-03 
 1.727988e-01  2.530627e-03 
 1.732009e-01  2.573288e-03 
 1.736029e-01  2.613006e-03 
 1.740065e-01  2.648815e-03 
 1.744104e-01  2.681047e-03 
 1.748142e-01  2.711816e-03 
 1.752180e-01  2.744292e-03 
 1.756218e-01  2.777996e-03 
 1.760257e-01  2.818151e-03 
 1.764295e-01  2.862289e-03 
 1.768333e-01  2.911583e-03 
 1.772371e-01  2.963654e-03 
 1.776410e-01  3.017816e-03 
 1.780448e-01  3.068956e-03 
 1.784486e-01  3.117609e-03 
 1.788524e-01  3.161128e-03 
 1.792563e-01  3.198666e-03 
 1.796601e-01  3.232640e-03 
 1.800639e-01  3.261884e-03 
 1.804677e-01  3.289073e-03 
 1.808716e-01  3.315173e-03 
 1.812754e-01  3.341429e-03 
 1.816792e-01  3.369741e-03 
 1.820812e-01  3.397395e-03 
 1.824833e-01  3.426899e-03 
 1.828853e-01  3.458596e-03 
 1.832873e-01  3.490683e-03 
 1.836893e-01  3.524864e-03 
 1.840914e-01  3.560989e-03 
 1.844934e-01  3.598517e-03 
 1.848954e-01  3.634690e-03 
 1.852974e-01  3.669596e-03 
 1.856995e-01  3.701753e-03 
 1.861015e-01  3.730779e-03 
 1.865035e-01  3.752493e-03 
 1.869055e-01  3.769662e-03 
 1.873075e-01  3.781646e-03 
 1.877095e-01  3.791120e-03 
 1.881115e-01  3.795569e-03 
 1.885135e-01  3.800326e-03 
 1.889155e-01  3.807293e-03 
 1.893175e-01  3.814059e-03 
 1.897195e-01  3.824153e-03 
 1.901232e-01  3.837140e-03 
 1.905270e-01  3.854288e-03 
 1.909308e-01  3.874210e-03 
 1.913347e-01  3.896613e-03 
 1.917385e-01  3.920513e-03 
 1.921423e-01  3.944527e-03 
 1.925461e-01  3.967917e-03 
 1.929500e-01  3.987863e-03 
 1.933538e-01  4.005143e-03 
 1.937576e-01  4.019046e-03 
 1.941596e-01  4.029881e-03 
 1.945616e-01  4.037513e-03 
 1.949637e-01  4.044295e-03 
 1.953657e-01  4.053179e-03 
 1.957677e-01  4.066397e-03 
 1.961697e-01  4.083408e-03 
 1.965717e-01  4.105708e-03 
 1.969737e-01  4.133480e-03 
 1.973757e-01  4.165664e-03 
 1.977777e-01  4.200934e-03 
 1.981797e-01  4.235319e-03 
 1.985817e-01  4.267370e-03 
 1.989837e-01  4.297620e-03 
 1.993857e-01  4.323725e-03 
 1.997877e-01  4.345981e-03 
 2.001897e-01  4.365779e-03 
 2.005917e-01  4.383835e-03 
 2.009937e-01  4.401239e-03 
 2.013958e-01  4.420651e-03 
 2.017978e-01  4.443102e-03 
 2.021998e-01  4.467067e-03 
 2.026018e-01  4.495523e-03 
 2.030038e-01  4.528291e-03 
 2.034058e-01  4.565272e-03 
 2.038078e-01  4.607119e-03 
 2.042098e-01  4.651697e-03 
 2.046118e-01  4.699268e-03 
 2.050139e-01  4.749220e-03 
 2.054159e-01  4.797868e-03 
 2.058179e-01  4.844650e-03 
 2.062199e-01  4.888502e-03 
 2.066219e-01  4.928205e-03 
 2.070239e-01  4.961796e-03 
 2.074259e-01  4.989116e-03 
 2.078279e-01  5.010844e-03 
 2.082299e-01  5.028829e-03 
 2.086319e-01  5.043638e-03 
 2.090339e-01  5.057261e-03 
 2.094359e-01  5.071209e-03 
 2.098378e-01  5.084974e-03 
 2.102415e-01  5.099564e-03 
 2.106453e-01  5.116863e-03 
 2.110491e-01  5.138532e-03 
 2.114529e-01  5.162586e-03 
 2.118568e-01  5.187196e-03 
 2.122606e-01  5.212146e-03 
 2.126644e-01  5.237340e-03 
 2.130682e-01  5.261579e-03 
 2.134720e-01  5.281721e-03 
 2.138759e-01  5.297754e-03 
 2.142797e-01  5.307606e-03 
 2.146835e-01  5.312772e-03 
 2.150873e-01  5.315535e-03 
 2.154911e-01  5.316529e-03 
 2.158949e-01  5.316601e-03 
 2.162987e-01  5.318916e-03 
 2.167025e-01  5.322601e-03 
 2.171063e-01  5.328493e-03 
 2.175101e-01  5.332524e-03 
 2.179139e-01  5.336669e-03 
 2.183177e-01  5.338650e-03 
 2.187215e-01  5.335790e-03 
 2.191253e-01  5.328408e-03 
 2.195291e-01  5.317066e-03 
 2.199329e-01  5.303679e-03 
 2.203367e-01  5.287955e-03 
 2.207405e-01  5.271492e-03 
 2.211443e-01  5.255560e-03 
 2.215482e-01  5.240433e-03 
 2.219520e-01  5.225024e-03 
 2.223558e-01  5.212916e-03 
 2.227596e-01  5.204050e-03 
 2.231634e-01  5.199768e-03 
 2.235672e-01  5.198705e-03 
 2.239710e-01  5.202925e-03 
 2.243748e-01  5.210271e-03 
 2.247786e-01  5.221641e-03 
 2.251824e-01  5.233900e-03 
 2.255862e-01  5.246778e-03 
 2.259900e-01  5.256832e-03 
 2.263919e-01  5.263969e-03 
 2.267939e-01  5.267342e-03 
 2.271959e-01  5.266655e-03 
 2.275979e-01  5.261243e-03 
 2.279999e-01  5.251628e-03 
 2.284018e-01  5.238846e-03 
 2.288038e-01  5.223463e-03 
 2.292058e-01  5.206522e-03 
 2.296078e-01  5.188432e-03 
 2.300098e-01  5.171401e-03 
 2.304117e-01  5.155742e-03 
 2.308137e-01  5.143920e-03 
 2.312157e-01  5.136349e-03 
 2.316177e-01  5.133766e-03 
 2.320197e-01  5.134719e-03 
 2.324217e-01  5.139787e-03 
 2.328237e-01  5.147087e-03 
 2.332257e-01  5.155223e-03 
 2.336277e-01  5.161476e-03 
 2.340297e-01  5.166574e-03 
 2.344317e-01  5.168312e-03 
 2.348337e-01  5.164963e-03 
 2.352357e-01  5.158918e-03 
 2.356376e-01  5.150950e-03 
 2.360396e-01  5.140500e-03 
 2.364416e-01  5.126888e-03 
 2.368436e-01  5.111578e-03 
 2.372455e-01  5.094646e-03 
 2.376475e-01  5.076678e-03 
 2.380495e-01  5.053820e-03 
 2.384531e-01  5.026086e-03 
 2.388569e-01  4.994123e-03 
 2.392606e-01  4.959680e-03 
 2.396644e-01  4.920402e-03 
 2.400682e-01  4.880642e-03 
 2.404720e-01  4.838408e-03 
 2.408757e-01  4.799889e-03 
 2.412795e-01  4.760959e-03 
 2.416833e-01  4.725499e-03 
 2.420871e-01  4.690265e-03 
 2.424891e-01  4.658377e-03 
 2.428910e-01  4.628109e-03 
 2.432930e-01  4.599880e-03 
 2.436950e-01  4.572505e-03 
 2.440970e-01  4.547439e-03 
 2.444990e-01  4.522287e-03 
 2.449010e-01  4.498195e-03 
 2.453029e-01  4.473246e-03 
 2.457049e-01  4.446448e-03 
 2.461069e-01  4.417386e-03 
 2.465089e-01  4.383268e-03 
 2.469109e-01  4.348493e-03 
 2.473129e-01  4.312664e-03 
 2.477149e-01  4.273606e-03 
 2.481169e-01  4.233428e-03 
 2.485189e-01  4.192970e-03 
 2.489209e-01  4.151681e-03 
 2.493229e-01  4.109893e-03 
 2.497249e-01  4.067934e-03 
 2.501269e-01  4.027772e-03 
 2.505307e-01  3.989967e-03 
 2.509347e-01  3.956584e-03 
 2.513387e-01  3.928049e-03 
 2.517427e-01  3.905263e-03 
 2.521467e-01  3.889685e-03 
 2.525507e-01  3.879690e-03 
 2.529547e-01  3.874791e-03 
 2.533587e-01  3.871379e-03 
 2.537628e-01  3.870591e-03 
 2.541668e-01  3.870643e-03 
 2.545706e-01  3.869938e-03 
 2.549744e-01  3.868455e-03 
 2.553782e-01  3.867189e-03 
 2.557821e-01  3.865946e-03 
 2.561859e-01  3.866126e-03 
 2.565897e-01  3.866013e-03 
 2.569935e-01  3.863445e-03 
 2.573973e-01  3.859924e-03 
 2.578012e-01  3.852302e-03 
 2.582050e-01  3.838804e-03 
 2.586088e-01  3.819352e-03 
 2.590126e-01  3.795486e-03 
 2.594165e-01  3.768917e-03 
 2.598203e-01  3.741255e-03 
 2.602241e-01  3.713446e-03 
 2.606279e-01  3.687661e-03 
 2.610318e-01  3.665950e-03 
 2.614356e-01  3.649818e-03 
 2.618394e-01  3.638350e-03 
 2.622432e-01  3.631579e-03 
 2.626470e-01  3.629883e-03 
 2.630508e-01  3.629324e-03 
 2.634547e-01  3.630724e-03 
 2.638585e-01  3.632588e-03 
 2.642623e-01  3.633032e-03 
 2.646661e-01  3.631008e-03 
 2.650699e-01  3.624733e-03 
 2.654737e-01  3.613965e-03 
 2.658775e-01  3.597203e-03 
 2.662813e-01  3.574014e-03 
 2.666851e-01  3.545435e-03 
 2.670889e-01  3.512214e-03 
 2.674927e-01  3.476649e-03 
 2.678966e-01  3.438595e-03 
 2.683004e-01  3.399280e-03 
 2.687042e-01  3.359390e-03 
 2.691080e-01  3.320556e-03 
 2.695118e-01  3.283561e-03 
 2.699156e-01  3.246790e-03 
 2.703194e-01  3.210145e-03 
 2.707214e-01  3.177027e-03 
 2.711235e-01  3.145974e-03 
 2.715255e-01  3.119097e-03 
 2.719275e-01  3.096281e-03 
 2.723295e-01  3.077505e-03 
 2.727315e-01  3.062581e-03 
 2.731335e-01  3.049444e-03 
 2.735355e-01  3.037586e-03 
 2.739375e-01  3.026326e-03 
 2.743395e-01  3.015260e-03 
 2.747416e-01  3.002981e-03 
 2.751436e-01  2.991916e-03 
 2.755456e-01  2.981711e-03 
 2.759476e-01  2.974134e-03 
 2.763496e-01  2.968879e-03 
 2.767516e-01  2.964203e-03 
 2.771536e-01  2.958500e-03 
 2.775556e-01  2.950326e-03 
 2.779576e-01  2.937799e-03 
 2.783596e-01  2.921511e-03 
 2.787616e-01  2.900078e-03 
 2.791636e-01  2.875796e-03 
 2.795657e-01  2.850687e-03 
 2.799677e-01  2.826688e-03 
 2.803697e-01  2.805100e-03 
 2.807717e-01  2.789920e-03 
 2.811738e-01  2.781412e-03 
 2.815758e-01  2.780563e-03 
 2.819778e-01  2.785498e-03 
 2.823799e-01  2.796304e-03 
 2.827835e-01  2.814301e-03 
 2.831873e-01  2.835655e-03 
 2.835912e-01  2.857842e-03 
 2.839950e-01  2.879553e-03 
 2.843988e-01  2.899198e-03 
 2.848027e-01  2.914463e-03 
 2.852065e-01  2.923622e-03 
 2.856103e-01  2.923902e-03 
 2.860141e-01  2.916643e-03 
 2.864180e-01  2.901857e-03 
 2.868218e-01  2.882961e-03 
 2.872256e-01  2.859762e-03 
 2.876294e-01  2.834137e-03 
 2.880333e-01  2.810135e-03 
 2.884371e-01  2.787891e-03 
 2.888409e-01  2.766430e-03 
 2.892447e-01  2.747717e-03 
 2.896485e-01  2.731914e-03 
 2.900523e-01  2.716846e-03 
 2.904562e-01  2.702036e-03 
 2.908582e-01  2.688490e-03 
 2.912602e-01  2.677078e-03 
 2.916622e-01  2.664301e-03 
 2.920642e-01  2.651644e-03 
 2.924662e-01  2.638266e-03 
 2.928682e-01  2.621364e-03 
 2.932702e-01  2.600825e-03 
 2.936722e-01  2.575655e-03 
 2.940742e-01  2.548073e-03 
 2.944762e-01  2.517388e-03 
 2.948782e-01  2.484968e-03 
 2.952802e-01  2.453309e-03 
 2.956822e-01  2.424006e-03 
 2.960842e-01  2.398214e-03 
 2.964862e-01  2.373879e-03 
 2.968882e-01  2.350604e-03 
 2.972902e-01  2.325725e-03 
 2.976922e-01  2.296080e-03 
 2.980942e-01  2.262096e-03 
 2.984962e-01  2.221681e-03 
 2.988982e-01  2.175501e-03 
 2.993002e-01  2.124905e-03 
 2.997022e-01  2.072054e-03 
 3.001042e-01  2.019444e-03 
 3.005062e-01  1.968793e-03 
 3.009083e-01  1.922892e-03 
 3.013103e-01  1.883760e-03 
 3.017123e-01  1.851226e-03 
 3.021143e-01  1.824235e-03 
 3.025163e-01  1.803042e-03 
 3.029183e-01  1.788846e-03 
 3.033203e-01  1.780564e-03 
 3.037223e-01  1.774384e-03 
 3.041243e-01  1.769158e-03 
 3.045263e-01  1.762929e-03 
 3.049284e-01  1.754763e-03 
 3.053304e-01  1.742237e-03 
 3.057324e-01  1.723250e-03 
 3.061344e-01  1.697102e-03 
 3.065364e-01  1.664908e-03 
 3.069384e-01  1.628426e-03 
 3.073404e-01  1.589256e-03 
 3.077424e-01  1.549334e-03 
 3.081443e-01  1.511835e-03 
 3.085463e-01  1.479123e-03 
 3.089483e-01  1.450149e-03 
 3.093503e-01  1.426826e-03 
 3.097523e-01  1.406648e-03 
 3.101542e-01  1.390269e-03 
 3.105562e-01  1.377943e-03 
 3.109582e-01  1.368938e-03 
 3.113602e-01  1.361870e-03 
 3.117622e-01  1.354946e-03 
 3.121642e-01  1.347927e-03 
 3.125662e-01  1.339749e-03 
 3.129681e-01  1.328732e-03 
 3.133701e-01  1.313555e-03 
 3.137721e-01  1.293799e-03 
 3.141741e-01  1.269276e-03 
 3.145761e-01  1.242577e-03 
 3.149797e-01  1.214877e-03 
 3.153835e-01  1.187191e-03 
 3.157873e-01  1.162603e-03 
 3.161911e-01  1.141984e-03 
 3.165948e-01  1.124466e-03 
 3.169986e-01  1.108182e-03 
 3.174024e-01  1.092293e-03 
 3.178062e-01  1.073858e-03 
 3.182100e-01  1.051113e-03 
 3.186138e-01  1.023476e-03 
 3.190158e-01  9.908094e-04 
 3.194177e-01  9.529546e-04 
 3.198197e-01  9.110913e-04 
 3.202217e-01  8.686525e-04 
 3.206237e-01  8.273449e-04 
 3.210257e-01  7.871642e-04 
 3.214277e-01  7.507301e-04 
 3.218297e-01  7.180389e-04 
 3.222316e-01  6.898849e-04 
 3.226336e-01  6.654910e-04 
 3.230372e-01  6.458851e-04 
 3.234410e-01  6.299993e-04 
 3.238448e-01  6.176985e-04 
 3.242486e-01  6.051408e-04 
 3.246524e-01  5.915596e-04 
 3.250562e-01  5.754706e-04 
 3.254600e-01  5.554953e-04 
 3.258638e-01  5.301729e-04 
 3.262676e-01  4.995958e-04 
 3.266714e-01  4.637094e-04 
 3.270734e-01  4.249325e-04 
 3.274754e-01  3.838994e-04 
 3.278774e-01  3.424994e-04 
 3.282794e-01  3.032983e-04 
 3.286813e-01  2.657261e-04 
 3.290833e-01  2.310982e-04 
 3.294853e-01  2.017071e-04 
 3.298873e-01  1.774485e-04 
 3.302893e-01  1.582162e-04 
 3.306913e-01  1.448993e-04 
 3.310933e-01  1.365611e-04 
 3.314953e-01  1.324091e-04 
 3.318973e-01  1.301623e-04 
 3.322993e-01  1.292857e-04 
 3.327014e-01  1.272324e-04 
 3.331034e-01  1.217558e-04 
 3.335054e-01  1.116613e-04 
 3.339074e-01  9.690958e-05 
 3.343094e-01  7.736462e-05 
 3.347114e-01  5.629699e-05 
 3.351134e-01  3.475970e-05 
 3.355154e-01  1.545004e-05 
 3.359174e-01 -1.138512e-06 
 3.363194e-01 -1.325933e-05 
 3.367214e-01 -2.161514e-05 
 3.371234e-01 -2.638710e-05 
 3.375253e-01 -3.050381e-05 
 3.379273e-01 -3.484345e-05 
 3.383293e-01 -4.149982e-05 
 3.387313e-01 -5.094444e-05 
 3.391333e-01 -6.412542e-05 
 3.395353e-01 -8.004406e-05 
 3.399373e-01 -9.905610e-05 
 3.403393e-01 -1.202908e-04 
 3.407413e-01 -1.422401e-04 
 3.411433e-01 -1.652402e-04 
 3.415453e-01 -1.893391e-04 
 3.419472e-01 -2.139403e-04 
 3.423492e-01 -2.385680e-04 
 3.427512e-01 -2.617687e-04 
 3.431549e-01 -2.848276e-04 
 3.435587e-01 -3.053470e-04 
 3.439625e-01 -3.248061e-04 
 3.443663e-01 -3.426201e-04 
 3.447701e-01 -3.604708e-04 
 3.451739e-01 -3.792073e-04 
 3.455777e-01 -4.010839e-04 
 3.459815e-01 -4.268990e-04 
 3.463853e-01 -4.574662e-04 
 3.467891e-01 -4.913215e-04 
 3.471930e-01 -5.273252e-04 
 3.475968e-01 -5.660662e-04 
 3.480006e-01 -6.061485e-04 
 3.484044e-01 -6.468421e-04 
 3.488082e-01 -6.865467e-04 
 3.492121e-01 -7.254976e-04 
 3.496159e-01 -7.648055e-04 
 3.500197e-01 -8.017234e-04 
 3.504235e-01 -8.351157e-04 
 3.508274e-01 -8.648553e-04 
 3.512312e-01 -8.910234e-04 
 3.516351e-01 -9.130975e-04 
 3.520389e-01 -9.307467e-04 
 3.524428e-01 -9.460472e-04 
 3.528466e-01 -9.606420e-04 
 3.532505e-01 -9.769865e-04 
 3.536543e-01 -9.957274e-04 
 3.540582e-01 -1.017355e-03 
 3.544620e-01 -1.041243e-03 
 3.548659e-01 -1.064887e-03 
 3.552697e-01 -1.087905e-03 
 3.556735e-01 -1.107429e-03 
 3.560773e-01 -1.122132e-03 
 3.564812e-01 -1.129742e-03 
 3.568850e-01 -1.132187e-03 
 3.572888e-01 -1.130209e-03 
 3.576927e-01 -1.124440e-03 
 3.580965e-01 -1.117172e-03 
 3.585003e-01 -1.108687e-03 
 3.589041e-01 -1.100446e-03 
 3.593080e-01 -1.091715e-03 
 3.597118e-01 -1.082463e-03 
 3.601157e-01 -1.071679e-03 
 3.605195e-01 -1.059506e-03 
 3.609233e-01 -1.046128e-03 
 3.613272e-01 -1.031856e-03 
 3.617310e-01 -1.017772e-03 
 3.621348e-01 -1.003683e-03 
 3.625387e-01 -9.902266e-04 
 3.629425e-01 -9.765340e-04 
 3.633464e-01 -9.625522e-04 
 3.637502e-01 -9.484319e-04 
 3.641541e-01 -9.336140e-04 
 3.645579e-01 -9.175994e-04 
 3.649618e-01 -9.005241e-04 
 3.653656e-01 -8.830272e-04 
 3.657695e-01 -8.661925e-04 
 3.661733e-01 -8.496219e-04 
 3.665772e-01 -8.339167e-04 
 3.669810e-01 -8.189206e-04 
 3.673848e-01 -8.045797e-04 
 3.677886e-01 -7.910497e-04 
 3.681925e-01 -7.796159e-04 
 3.685963e-01 -7.706309e-04 
 3.690001e-01 -7.635867e-04 
 3.694039e-01 -7.597868e-04 
 3.698078e-01 -7.597469e-04 
 3.702116e-01 -7.607986e-04 
 3.706154e-01 -7.629060e-04 
 3.710192e-01 -7.665512e-04 
 3.714230e-01 -7.691424e-04 
 3.718269e-01 -7.719338e-04 
 3.722307e-01 -7.728974e-04 
 3.726345e-01 -7.748022e-04 
 3.730383e-01 -7.777348e-04 
 3.734421e-01 -7.814431e-04 
 3.738459e-01 -7.864508e-04 
 3.742497e-01 -7.934225e-04 
 3.746535e-01 -7.998017e-04 
 3.750573e-01 -8.044569e-04 
 3.754593e-01 -8.082479e-04 
 3.758613e-01 -8.089157e-04 
 3.762633e-01 -8.049346e-04 
 3.766653e-01 -7.969958e-04 
 3.770673e-01 -7.858360e-04 
 3.774694e-01 -7.743504e-04 
 3.778714e-01 -7.617241e-04 
 3.782734e-01 -7.494720e-04 
 3.786754e-01 -7.390143e-04 
 3.790774e-01 -7.285487e-04 
 3.794794e-01 -7.198610e-04 
 3.798814e-01 -7.116176e-04 
 3.802834e-01 -7.025068e-04 
 3.806854e-01 -6.929920e-04 
 3.810874e-01 -6.825609e-04 
 3.814894e-01 -6.716320e-04 
 3.818914e-01 -6.601589e-04 
 3.822934e-01 -6.475371e-04 
 3.826954e-01 -6.339931e-04 
 3.830974e-01 -6.192127e-04 
 3.834994e-01 -6.030769e-04 
 3.839014e-01 -5.844143e-04 
 3.843034e-01 -5.633980e-04 
 3.847054e-01 -5.396012e-04 
 3.851074e-01 -5.132214e-04 
 3.855095e-01 -4.854655e-04 
 3.859115e-01 -4.550306e-04 
 3.863135e-01 -4.214131e-04 
 3.867155e-01 -3.845998e-04 
 3.871175e-01 -3.464375e-04 
 3.875195e-01 -3.048431e-04 
 3.879215e-01 -2.614768e-04 
 3.883235e-01 -2.177324e-04 
 3.887255e-01 -1.746321e-04 
 3.891275e-01 -1.344582e-04 
 3.895295e-01 -9.855666e-05 
 3.899315e-01 -6.718273e-05 
 3.903336e-01 -3.953103e-05 
 3.907356e-01 -1.400058e-05 
 3.911376e-01  9.547211e-06 
 3.915396e-01  3.160681e-05 
 3.919416e-01  5.451150e-05 
 3.923436e-01  7.867287e-05 
 3.927456e-01  1.031408e-04 
 3.931476e-01  1.274665e-04 
 3.935496e-01  1.511636e-04 
 3.939516e-01  1.767481e-04 
 3.943536e-01  2.035390e-04 
 3.947556e-01  2.314627e-04 
 3.951576e-01  2.618137e-04 
 3.955596e-01  2.952420e-04 
 3.959616e-01  3.309243e-04 
 3.963635e-01  3.691210e-04 
 3.967655e-01  4.067836e-04 
 3.971675e-01  4.421936e-04 
 3.975695e-01  4.728937e-04 
 3.979714e-01  4.979714e-04 
 3.983734e-01  5.165746e-04 
 3.987754e-01  5.275344e-04 
 3.991774e-01  5.334151e-04 
 3.995810e-01  5.347395e-04 
 3.999848e-01  5.319029e-04 
 4.003885e-01  5.275523e-04 
 4.007923e-01  5.200871e-04 
 4.011961e-01  5.104264e-04 
 4.015999e-01  4.997609e-04 
 4.020037e-01  4.902210e-04 
 4.024074e-01  4.816889e-04 
 4.028112e-01  4.727974e-04 
 4.032150e-01  4.652304e-04 
 4.036188e-01  4.592084e-04 
 4.040226e-01  4.533052e-04 
 4.044263e-01  4.485477e-04 
 4.048301e-01  4.434047e-04 
 4.052339e-01  4.376945e-04 
 4.056377e-01  4.339802e-04 
 4.060414e-01  4.297887e-04 
 4.064452e-01  4.271285e-04 
 4.068490e-01  4.250090e-04 
 4.072528e-01  4.235294e-04 
 4.076548e-01  4.270347e-04 
 4.080567e-01  4.303352e-04 
 4.084587e-01  4.360159e-04 
 4.088607e-01  4.394854e-04 
 4.092627e-01  4.404782e-04 
 4.096647e-01  4.362875e-04 
 4.100667e-01  4.292914e-04 
 4.104687e-01  4.169062e-04 
 4.108707e-01  4.009886e-04 
 4.112727e-01  3.835285e-04 
 4.116747e-01  3.649478e-04 
 4.120767e-01  3.489299e-04 
 4.124787e-01  3.335765e-04 
 4.128806e-01  3.190915e-04 
 4.132826e-01  3.093046e-04 
 4.136846e-01  3.033079e-04 
 4.140866e-01  3.030347e-04 
 4.144886e-01  3.089998e-04 
 4.148906e-01  3.173532e-04 
 4.152926e-01  3.356149e-04 
 4.156946e-01  3.581072e-04 
 4.160966e-01  3.868852e-04 
 4.164986e-01  4.156374e-04 
 4.169006e-01  4.458719e-04 
 4.173026e-01  4.719133e-04 
 4.177046e-01  4.930104e-04 
 4.181066e-01  5.069955e-04 
 4.185086e-01  5.150152e-04 
 4.189106e-01  5.156502e-04 
 4.193126e-01  5.081138e-04 
 4.197162e-01  4.957988e-04 
 4.201200e-01  4.816114e-04 
 4.205238e-01  4.614314e-04 
 4.209276e-01  4.406093e-04 
 4.213313e-01  4.197293e-04 
 4.217351e-01  4.006162e-04 
 4.221389e-01  3.844963e-04 
 4.225427e-01  3.688308e-04 
 4.229465e-01  3.571683e-04 
 4.233503e-01  3.487150e-04 
 4.237523e-01  3.438543e-04 
 4.241543e-01  3.396709e-04 
 4.245562e-01  3.366990e-04 
 4.249582e-01  3.302094e-04 
 4.253602e-01  3.209544e-04 
 4.257622e-01  3.067769e-04 
 4.261642e-01  2.912945e-04 
 4.265662e-01  2.742553e-04 
 4.269682e-01  2.534386e-04 
 4.273702e-01  2.348193e-04 
 4.277721e-01  2.160959e-04 
 4.281741e-01  1.980964e-04 
 4.285761e-01  1.786451e-04 
 4.289781e-01  1.556554e-04 
 4.293801e-01  1.284663e-04 
 4.297821e-01  9.811530e-05 
 4.301841e-01  6.298306e-05 
 4.305860e-01  2.276916e-05 
 4.309880e-01 -1.989732e-05 
 4.313900e-01 -6.392136e-05 
 4.317920e-01 -1.070865e-04 
 4.321940e-01 -1.478957e-04 
 4.325960e-01 -1.874388e-04 
 4.329980e-01 -2.234636e-04 
 4.334000e-01 -2.559499e-04 
 4.338020e-01 -2.829858e-04 
 4.342040e-01 -3.038357e-04 
 4.346060e-01 -3.182628e-04 
 4.350079e-01 -3.254733e-04 
 4.354099e-01 -3.240720e-04 
 4.358119e-01 -3.150737e-04 
 4.362140e-01 -2.994336e-04 
 4.366160e-01 -2.834147e-04 
 4.370180e-01 -2.669469e-04 
 4.374200e-01 -2.521945e-04 
 4.378220e-01 -2.415806e-04 
 4.382240e-01 -2.360184e-04 
 4.386260e-01 -2.393729e-04 
 4.390281e-01 -2.497389e-04 
 4.394301e-01 -2.659985e-04 
 4.398339e-01 -2.859198e-04 
 4.402379e-01 -3.080789e-04 
 4.406419e-01 -3.308452e-04 
 4.410459e-01 -3.529819e-04 
 4.414499e-01 -3.717859e-04 
 4.418539e-01 -3.842028e-04 
 4.422579e-01 -3.912822e-04 
 4.426619e-01 -3.924296e-04 
 4.430659e-01 -3.844199e-04 
 4.434699e-01 -3.678328e-04 
 4.438719e-01 -3.441451e-04 
 4.442739e-01 -3.169582e-04 
 4.446760e-01 -2.861656e-04 
 4.450780e-01 -2.551540e-04 
 4.454800e-01 -2.254102e-04 
 4.458820e-01 -1.991263e-04 
 4.462840e-01 -1.754778e-04 
 4.466860e-01 -1.560202e-04 
 4.470881e-01 -1.426825e-04 
 4.474901e-01 -1.298733e-04 
 4.478937e-01 -1.189537e-04 
 4.482975e-01 -1.088654e-04 
 4.487014e-01 -1.013316e-04 
 4.491052e-01 -9.579820e-05 
 4.495090e-01 -9.267015e-05 
 4.499128e-01 -9.231346e-05 
 4.503167e-01 -9.640111e-05 
 4.507205e-01 -1.037511e-04 
 4.511243e-01 -1.139834e-04 
 4.515281e-01 -1.239568e-04 
 4.519302e-01 -1.333605e-04 
 4.523322e-01 -1.418641e-04 
 4.527342e-01 -1.502118e-04 
 4.531362e-01 -1.571594e-04 
 4.535382e-01 -1.627653e-04 
 4.539402e-01 -1.670749e-04 
 4.543423e-01 -1.690027e-04 
 4.547443e-01 -1.700114e-04 
 4.551463e-01 -1.678237e-04 
 4.555483e-01 -1.616410e-04 
 4.559503e-01 -1.537177e-04 
 4.563524e-01 -1.442914e-04 
 4.567544e-01 -1.359379e-04 
 4.571565e-01 -1.287062e-04 
 4.575585e-01 -1.254451e-04 
 4.579605e-01 -1.290956e-04 
 4.583626e-01 -1.408031e-04 
 4.587646e-01 -1.604839e-04 
 4.591667e-01 -1.871482e-04 
 4.595687e-01 -2.208330e-04 
 4.599707e-01 -2.589881e-04 
 4.603726e-01 -3.006686e-04 
 4.607746e-01 -3.442713e-04 
 4.611766e-01 -3.890827e-04 
 4.615786e-01 -4.303763e-04 
 4.619806e-01 -4.665894e-04 
 4.623825e-01 -4.953075e-04 
 4.627845e-01 -5.187196e-04 
 4.631865e-01 -5.335832e-04 
 4.635885e-01 -5.407345e-04 
 4.639905e-01 -5.425079e-04 
 4.643925e-01 -5.401183e-04 
 4.647945e-01 -5.353780e-04 
 4.651965e-01 -5.290118e-04 
 4.655985e-01 -5.220543e-04 
 4.660005e-01 -5.165251e-04 
 4.664026e-01 -5.143286e-04 
 4.668046e-01 -5.140111e-04 
 4.672066e-01 -5.151495e-04 
 4.676086e-01 -5.188953e-04 
 4.680122e-01 -5.246053e-04 
 4.684160e-01 -5.342511e-04 
 4.688198e-01 -5.452664e-04 
 4.692236e-01 -5.587850e-04 
 4.696274e-01 -5.755609e-04 
 4.700312e-01 -5.927998e-04 
 4.704351e-01 -6.085756e-04 
 4.708389e-01 -6.245703e-04 
 4.712427e-01 -6.370313e-04 
 4.716465e-01 -6.473305e-04 
 4.720485e-01 -6.522302e-04 
 4.724505e-01 -6.540255e-04 
 4.728525e-01 -6.513975e-04 
 4.732545e-01 -6.453691e-04 
 4.736565e-01 -6.364560e-04 
 4.740585e-01 -6.243280e-04 
 4.744605e-01 -6.115098e-04 
 4.748625e-01 -5.964425e-04 
 4.752646e-01 -5.796455e-04 
 4.756666e-01 -5.605714e-04 
 4.760686e-01 -5.403971e-04 
 4.764706e-01 -5.192425e-04 
 4.768726e-01 -4.991985e-04 
 4.772746e-01 -4.805353e-04 
 4.776766e-01 -4.641909e-04 
 4.780786e-01 -4.520334e-04 
 4.784806e-01 -4.461977e-04 
 4.788827e-01 -4.440774e-04 
 4.792847e-01 -4.474726e-04 
 4.796867e-01 -4.543244e-04 
 4.800903e-01 -4.657267e-04 
 4.804941e-01 -4.817824e-04 
 4.808979e-01 -4.999318e-04 
 4.813017e-01 -5.190689e-04 
 4.817055e-01 -5.378748e-04 
 4.821093e-01 -5.543758e-04 
 4.825131e-01 -5.667414e-04 
 4.829169e-01 -5.759212e-04 
 4.833207e-01 -5.792944e-04 
 4.837245e-01 -5.779214e-04 
 4.841265e-01 -5.703145e-04 
 4.845284e-01 -5.596420e-04 
 4.849304e-01 -5.473365e-04 
 4.853324e-01 -5.333386e-04 
 4.857344e-01 -5.211473e-04 
 4.861364e-01 -5.124939e-04 
 4.865383e-01 -5.069967e-04 
 4.869403e-01 -5.039757e-04 
 4.873423e-01 -5.025564e-04 
 4.877443e-01 -5.044616e-04 
 4.881463e-01 -5.119272e-04 
 4.885482e-01 -5.228046e-04 
 4.889502e-01 -5.365282e-04 
 4.893522e-01 -5.543500e-04 
 4.897542e-01 -5.743499e-04 
 4.901562e-01 -5.954390e-04 
 4.905582e-01 -6.165672e-04 
 4.909601e-01 -6.347128e-04 
 4.913621e-01 -6.478799e-04 
 4.917641e-01 -6.561050e-04 
 4.921661e-01 -6.558530e-04 
 4.925681e-01 -6.478062e-04 
 4.929701e-01 -6.315490e-04 
 4.933721e-01 -6.100154e-04 
 4.937741e-01 -5.841925e-04 
 4.941761e-01 -5.571098e-04 
 4.945782e-01 -5.292417e-04 
 4.949802e-01 -5.002552e-04 
 4.953822e-01 -4.711432e-04 
 4.957842e-01 -4.432113e-04 
 4.961862e-01 -4.147179e-04 
 4.965882e-01 -3.867813e-04 
 4.969902e-01 -3.582670e-04 
 4.973922e-01 -3.283795e-04 
 4.977942e-01 -2.998738e-04 
 4.981962e-01 -2.723160e-04 
 4.985982e-01 -2.463593e-04 
 4.990002e-01 -2.202151e-04 
 4.994022e-01 -1.954599e-04 
 4.998042e-01 -1.710060e-04 
 5.002062e-01 -1.483338e-04 
 5.006082e-01 -1.264563e-04 
 5.010102e-01 -1.052412e-04 
 5.014122e-01 -8.315119e-05 
 5.018142e-01 -6.168350e-05 
 5.022162e-01 -4.022269e-05 
 5.026182e-01 -1.628860e-05 
 5.030202e-01  9.686623e-06 
 5.034222e-01  3.758149e-05 
 5.038242e-01  6.757749e-05 
 5.042262e-01  1.004669e-04 
 5.046282e-01  1.354231e-04 
 5.050302e-01  1.671779e-04 
 5.054322e-01  2.013942e-04 
 5.058341e-01  2.336569e-04 
 5.062361e-01  2.638858e-04 
 5.066381e-01  2.922604e-04 
 5.070401e-01  3.187819e-04 
 5.074421e-01  3.439528e-04 
 5.078441e-01  3.627073e-04 
 5.082460e-01  3.754616e-04 
 5.086480e-01  3.814491e-04 
 5.090500e-01  3.801652e-04 
 5.094520e-01  3.707442e-04 
 5.098540e-01  3.539868e-04 
 5.102559e-01  3.300676e-04 
 5.106579e-01  3.037138e-04 
 5.110599e-01  2.765795e-04 
 5.114619e-01  2.509488e-04 
 5.118638e-01  2.281052e-04 
 5.122658e-01  2.096920e-04 
 5.126679e-01  1.961811e-04 
 5.130699e-01  1.880396e-04 
 5.134719e-01  1.829264e-04 
 5.138739e-01  1.799193e-04 
 5.142759e-01  1.772044e-04 
 5.146779e-01  1.734560e-04 
 5.150799e-01  1.700171e-04 
 5.154819e-01  1.628954e-04 
 5.158839e-01  1.536865e-04 
 5.162860e-01  1.401214e-04 
 5.166880e-01  1.248263e-04 
 5.170900e-01  1.071285e-04 
 5.174921e-01  8.863848e-05 
 5.178941e-01  6.874458e-05 
 5.182961e-01  4.897147e-05 
 5.186981e-01  2.942770e-05 
 5.191002e-01  1.160813e-05 
 5.195022e-01 -4.735632e-06 
 5.199042e-01 -1.913829e-05 
 5.203079e-01 -3.048371e-05 
 5.207117e-01 -3.939431e-05 
 5.211155e-01 -4.736036e-05 
 5.215193e-01 -5.178322e-05 
 5.219232e-01 -5.525046e-05 
 5.223270e-01 -5.942992e-05 
 5.227308e-01 -6.160503e-05 
 5.231346e-01 -6.210083e-05 
 5.235384e-01 -6.207040e-05 
 5.239423e-01 -6.147363e-05 
 5.243461e-01 -5.958171e-05 
 5.247499e-01 -5.733604e-05 
 5.251538e-01 -5.448152e-05 
 5.255576e-01 -5.094558e-05 
 5.259614e-01 -4.615518e-05 
 5.263653e-01 -3.899918e-05 
 5.267691e-01 -2.806302e-05 
 5.271729e-01 -1.326774e-05 
 5.275768e-01  4.112260e-06 
 5.279806e-01  2.177091e-05 
 5.283844e-01  3.927997e-05 
 5.287882e-01  5.331629e-05 
 5.291920e-01  6.218472e-05 
 5.295958e-01  6.276352e-05 
 5.299996e-01  5.579577e-05 
 5.304034e-01  4.267585e-05 
 5.308072e-01  2.734649e-05 
 5.312111e-01  1.122477e-05 
 5.316149e-01 -3.056495e-06 
 5.320187e-01 -1.234591e-05 
 5.324207e-01 -1.716894e-05 
 5.328227e-01 -1.758900e-05 
 5.332247e-01 -1.310790e-05 
 5.336268e-01 -4.001001e-06 
 5.340288e-01  8.197164e-06 
 5.344308e-01  2.131868e-05 
 5.348328e-01  3.589142e-05 
 5.352348e-01  5.079416e-05 
 5.356369e-01  6.338909e-05 
 5.360389e-01  7.284111e-05 
 5.364409e-01  7.929392e-05 
 5.368429e-01  8.139329e-05 
 5.372449e-01  7.937757e-05 
 5.376469e-01  7.321988e-05 
 5.380490e-01  6.363295e-05 
 5.384510e-01  5.180548e-05 
 5.388530e-01  3.789833e-05 
 5.392550e-01  2.402430e-05 
 5.396570e-01  1.008418e-05 
 5.400590e-01 -4.145132e-06 
 5.404610e-01 -1.836547e-05 
 5.408630e-01 -3.202271e-05 
 5.412650e-01 -4.549717e-05 
 5.416670e-01 -5.813997e-05 
 5.420690e-01 -7.045489e-05 
 5.424710e-01 -8.272234e-05 
 5.428730e-01 -9.466510e-05 
 5.432750e-01 -1.059072e-04 
 5.436770e-01 -1.196319e-04 
 5.440790e-01 -1.347427e-04 
 5.444811e-01 -1.514379e-04 
 5.448831e-01 -1.687101e-04 
 5.452851e-01 -1.877779e-04 
 5.456871e-01 -2.071141e-04 
 5.460891e-01 -2.251690e-04 
 5.464911e-01 -2.401919e-04 
 5.468931e-01 -2.513523e-04 
 5.472952e-01 -2.567844e-04 
 5.476972e-01 -2.580618e-04 
 5.480992e-01 -2.553539e-04 
 5.485012e-01 -2.503685e-04 
 5.489032e-01 -2.466258e-04 
 5.493052e-01 -2.441633e-04 
 5.497072e-01 -2.464119e-04 
 5.501092e-01 -2.548957e-04 
 5.505112e-01 -2.666905e-04 
 5.509132e-01 -2.809347e-04 
 5.513152e-01 -2.956086e-04 
 5.517172e-01 -3.103447e-04 
 5.521192e-01 -3.228409e-04 
 5.525212e-01 -3.306130e-04 
 5.529232e-01 -3.337008e-04 
 5.533252e-01 -3.315194e-04 
 5.537272e-01 -3.243399e-04 
 5.541293e-01 -3.122266e-04 
 5.545313e-01 -2.963317e-04 
 5.549333e-01 -2.758379e-04 
 5.553353e-01 -2.529230e-04 
 5.557373e-01 -2.278890e-04 
 5.561393e-01 -2.030136e-04 
 5.565414e-01 -1.778755e-04 
 5.569434e-01 -1.535995e-04 
 5.573454e-01 -1.327041e-04 
 5.577474e-01 -1.155505e-04 
 5.581494e-01 -1.026610e-04 
 5.585514e-01 -9.222941e-05 
 5.589534e-01 -8.423090e-05 
 5.593554e-01 -7.738240e-05 
 5.597574e-01 -7.143741e-05 
 5.601594e-01 -6.649480e-05 
 5.605614e-01 -6.105269e-05 
 5.609634e-01 -5.511412e-05 
 5.613653e-01 -4.838396e-05 
 5.617673e-01 -4.090488e-05 
 5.621693e-01 -3.157052e-05 
 5.625712e-01 -2.121426e-05 
 5.629732e-01 -9.516335e-06 
 5.633752e-01  1.483167e-06 
 5.637771e-01  1.211871e-05 
 5.641791e-01  2.105669e-05 
 5.645845e-01  2.666926e-05 
 5.649903e-01  2.787420e-05 
 5.653962e-01  2.527369e-05 
 5.658020e-01  1.778538e-05 
 5.662078e-01  8.361103e-06 
 5.666136e-01 -7.196884e-07 
 5.670194e-01 -7.304027e-06 
 5.674253e-01 -1.042048e-05 
 5.678311e-01 -1.036017e-05 
 5.682369e-01 -9.170218e-06 
 5.686407e-01 -7.419952e-06 
 5.690445e-01 -6.082921e-06 
 5.694483e-01 -7.023596e-06 
 5.698521e-01 -1.511049e-05 
 5.702559e-01 -2.791779e-05 
 5.706597e-01 -4.624967e-05 
 5.710635e-01 -7.025383e-05 
 5.714673e-01 -9.820976e-05 
 5.718711e-01 -1.266483e-04 
 5.722749e-01 -1.575652e-04 
 5.726769e-01 -1.873003e-04 
 5.730789e-01 -2.163976e-04 
 5.734809e-01 -2.458331e-04 
 5.738829e-01 -2.714420e-04 
 5.742849e-01 -2.925447e-04 
 5.746869e-01 -3.121531e-04 
 5.750889e-01 -3.267062e-04 
 5.754909e-01 -3.370138e-04 
 5.758929e-01 -3.422669e-04 
 5.762949e-01 -3.454561e-04 
 5.766969e-01 -3.453352e-04 
 5.770989e-01 -3.446537e-04 
 5.775009e-01 -3.466005e-04 
 5.779029e-01 -3.501979e-04 
 5.783049e-01 -3.560207e-04 
 5.787069e-01 -3.627582e-04 
 5.791089e-01 -3.729116e-04 
 5.795109e-01 -3.841873e-04 
 5.799129e-01 -4.000464e-04 
 5.803149e-01 -4.167197e-04 
 5.807169e-01 -4.341765e-04 
 5.811188e-01 -4.539722e-04 
 5.815208e-01 -4.729184e-04 
 5.819228e-01 -4.898703e-04 
 5.823247e-01 -5.041840e-04 
 5.827267e-01 -5.164081e-04 
 5.831287e-01 -5.243562e-04 
 5.835306e-01 -5.271758e-04 
 5.839326e-01 -5.267730e-04 
 5.843346e-01 -5.245521e-04 
 5.847366e-01 -5.210311e-04 
 5.851386e-01 -5.181269e-04 
 5.855406e-01 -5.156433e-04 
 5.859426e-01 -5.141171e-04 
 5.863446e-01 -5.125692e-04 
 5.867466e-01 -5.092879e-04 
 5.871485e-01 -5.043504e-04 
 5.875505e-01 -4.969966e-04 
 5.879525e-01 -4.877883e-04 
 5.883545e-01 -4.749853e-04 
 5.887565e-01 -4.606404e-04 
 5.891585e-01 -4.468884e-04 
 5.895605e-01 -4.346903e-04 
 5.899625e-01 -4.256298e-04 
 5.903644e-01 -4.210346e-04 
 5.907664e-01 -4.190052e-04 
 5.911684e-01 -4.203419e-04 
 5.915704e-01 -4.248013e-04 
 5.919723e-01 -4.303729e-04 
 5.923743e-01 -4.359839e-04 
 5.927763e-01 -4.431499e-04 
 5.931783e-01 -4.503603e-04 
 5.935804e-01 -4.609045e-04 
 5.939824e-01 -4.711496e-04 
 5.943844e-01 -4.822035e-04 
 5.947864e-01 -4.917410e-04 
 5.951884e-01 -4.995953e-04 
 5.955904e-01 -5.048519e-04 
 5.959924e-01 -5.066852e-04 
 5.963944e-01 -5.052881e-04 
 5.967964e-01 -5.016646e-04 
 5.971984e-01 -4.979642e-04 
 5.976005e-01 -4.955034e-04 
 5.980025e-01 -4.949005e-04 
 5.984045e-01 -4.967394e-04 
 5.988065e-01 -5.020459e-04 
 5.992085e-01 -5.102611e-04 
 5.996105e-01 -5.228233e-04 
 6.000125e-01 -5.408526e-04 
 6.004145e-01 -5.637781e-04 
 6.008182e-01 -5.904238e-04 
 6.012220e-01 -6.233175e-04 
 6.016258e-01 -6.599764e-04 
 6.020296e-01 -6.970173e-04 
 6.024335e-01 -7.312439e-04 
 6.028373e-01 -7.619263e-04 
 6.032411e-01 -7.885166e-04 
 6.036449e-01 -8.077495e-04 
 6.040487e-01 -8.208828e-04 
 6.044525e-01 -8.278790e-04 
 6.048564e-01 -8.303998e-04 
 6.052602e-01 -8.307023e-04 
 6.056641e-01 -8.291182e-04 
 6.060679e-01 -8.243749e-04 
 6.064717e-01 -8.171850e-04 
 6.068756e-01 -8.057858e-04 
 6.072794e-01 -7.915302e-04 
 6.076832e-01 -7.737473e-04 
 6.080871e-01 -7.538755e-04 
 6.084909e-01 -7.319420e-04 
 6.088947e-01 -7.110238e-04 
 6.092985e-01 -6.916193e-04 
 6.097024e-01 -6.742192e-04 
 6.101062e-01 -6.590613e-04 
 6.105100e-01 -6.461184e-04 
 6.109138e-01 -6.338217e-04 
 6.113177e-01 -6.205070e-04 
 6.117215e-01 -6.037684e-04 
 6.121253e-01 -5.847737e-04 
 6.125291e-01 -5.644418e-04 
 6.129312e-01 -5.427117e-04 
 6.133332e-01 -5.193774e-04 
 6.137352e-01 -4.948237e-04 
 6.141372e-01 -4.693377e-04 
 6.145393e-01 -4.414409e-04 
 6.149413e-01 -4.112692e-04 
 6.153433e-01 -3.782059e-04 
 6.157454e-01 -3.432289e-04 
 6.161474e-01 -3.038637e-04 
 6.165494e-01 -2.614149e-04 
 6.169514e-01 -2.183035e-04 
 6.173534e-01 -1.739355e-04 
 6.177554e-01 -1.302503e-04 
 6.181574e-01 -8.678447e-05 
 6.185594e-01 -4.495781e-05 
 6.189614e-01 -4.838462e-06 
 6.193634e-01  3.180996e-05 
 6.197655e-01  6.368837e-05 
 6.201675e-01  8.954651e-05 
 6.205695e-01  1.086221e-04 
 6.209731e-01  1.217593e-04 
 6.213769e-01  1.270744e-04 
 6.217807e-01  1.268642e-04 
 6.221845e-01  1.238467e-04 
 6.225883e-01  1.207970e-04 
 6.229921e-01  1.181835e-04 
 6.233959e-01  1.193433e-04 
 6.237997e-01  1.248165e-04 
 6.242035e-01  1.337448e-04 
 6.246073e-01  1.463203e-04 
 6.250111e-01  1.613798e-04 
 6.254150e-01  1.772577e-04 
 6.258188e-01  1.939549e-04 
 6.262226e-01  2.119252e-04 
 6.266264e-01  2.301153e-04 
 6.270303e-01  2.484512e-04 
 6.274341e-01  2.666259e-04 
 6.278379e-01  2.844557e-04 
 6.282417e-01  3.004980e-04 
 6.286456e-01  3.125173e-04 
 6.290494e-01  3.184513e-04 
 6.294532e-01  3.163856e-04 
 6.298571e-01  3.073184e-04 
 6.302609e-01  2.923888e-04 
 6.306647e-01  2.737407e-04 
 6.310686e-01  2.527151e-04 
 6.314724e-01  2.326511e-04 
 6.318762e-01  2.163288e-04 
 6.322801e-01  2.050028e-04 
 6.326839e-01  1.984778e-04 
 6.330879e-01  1.963588e-04 
 6.334919e-01  1.974731e-04 
 6.338960e-01  2.017011e-04 
 6.343000e-01  2.077493e-04 
 6.347040e-01  2.151584e-04 
 6.351081e-01  2.239424e-04 
 6.355121e-01  2.337178e-04 
 6.359161e-01  2.447476e-04 
 6.363202e-01  2.566691e-04 
 6.367242e-01  2.699750e-04 
 6.371280e-01  2.831029e-04 
 6.375318e-01  2.967763e-04 
 6.379356e-01  3.103218e-04 
 6.383395e-01  3.249235e-04 
 6.387433e-01  3.397445e-04 
 6.391471e-01  3.540054e-04 
 6.395509e-01  3.683376e-04 
 6.399547e-01  3.801642e-04 
 6.403585e-01  3.883723e-04 
 6.407624e-01  3.920115e-04 
 6.411662e-01  3.898774e-04 
 6.415700e-01  3.832811e-04 
 6.419738e-01  3.724999e-04 
 6.423776e-01  3.606191e-04 
 6.427814e-01  3.485003e-04 
 6.431852e-01  3.381187e-04 
 6.435890e-01  3.312193e-04 
 6.439928e-01  3.274251e-04 
 6.443966e-01  3.271367e-04 
 6.448004e-01  3.287699e-04 
 6.452042e-01  3.330721e-04 
 6.456080e-01  3.380745e-04 
 6.460118e-01  3.446499e-04 
 6.464156e-01  3.527408e-04 
 6.468194e-01  3.622361e-04 
 6.472232e-01  3.713623e-04 
 6.476270e-01  3.807935e-04 
 6.480308e-01  3.889441e-04 
 6.484346e-01  3.918054e-04 
 6.488384e-01  3.886643e-04 
 6.492404e-01  3.753132e-04 
 6.496424e-01  3.528190e-04 
 6.500444e-01  3.215456e-04 
 6.504463e-01  2.848356e-04 
 6.508483e-01  2.433519e-04 
 6.512503e-01  1.997897e-04 
 6.516523e-01  1.563965e-04 
 6.520543e-01  1.149460e-04 
 6.524562e-01  7.671479e-05 
 6.528582e-01  4.351282e-05 
 6.532602e-01  1.661928e-05 
 6.536622e-01 -5.360060e-06 
 6.540642e-01 -2.529286e-05 
 6.544661e-01 -4.097325e-05 
 6.548681e-01 -5.499837e-05 
 6.552701e-01 -6.821162e-05 
 6.556721e-01 -8.069298e-05 
 6.560740e-01 -9.546960e-05 
 6.564760e-01 -1.121751e-04 
 6.568780e-01 -1.301599e-04 
 6.572800e-01 -1.484328e-04 
 6.576820e-01 -1.672988e-04 
 6.580839e-01 -1.836255e-04 
 6.584859e-01 -1.974640e-04 
 6.588879e-01 -2.076648e-04 
 6.592899e-01 -2.165779e-04 
 6.596919e-01 -2.224218e-04 
 6.600938e-01 -2.271377e-04 
 6.604958e-01 -2.311666e-04 
 6.608978e-01 -2.354319e-04 
 6.612998e-01 -2.404082e-04 
 6.617018e-01 -2.455569e-04 
 6.621038e-01 -2.501069e-04 
 6.625057e-01 -2.536881e-04 
 6.629077e-01 -2.543182e-04 
 6.633097e-01 -2.526197e-04 
 6.637117e-01 -2.464284e-04 
 6.641137e-01 -2.368122e-04 
 6.645157e-01 -2.230380e-04 
 6.649177e-01 -2.069750e-04 
 6.653196e-01 -1.879630e-04 
 6.657216e-01 -1.675319e-04 
 6.661236e-01 -1.443479e-04 
 6.665256e-01 -1.184681e-04 
 6.669276e-01 -8.906528e-05 
 6.673296e-01 -5.661904e-05 
 6.677316e-01 -2.197132e-05 
 6.681335e-01  1.220499e-05 
 6.685355e-01  4.439404e-05 
 6.689375e-01  7.274167e-05 
 6.693395e-01  9.436080e-05 
 6.697415e-01  1.094176e-04 
 6.701434e-01  1.159587e-04 
 6.705454e-01  1.171998e-04 
 6.709474e-01  1.123874e-04 
 6.713494e-01  1.048092e-04 
 6.717513e-01  9.481196e-05 
 6.721533e-01  8.704398e-05 
 6.725553e-01  7.991906e-05 
 6.729572e-01  7.502887e-05 
 6.733592e-01  7.248356e-05 
 6.737612e-01  7.215109e-05 
 6.741632e-01  7.394104e-05 
 6.745652e-01  7.690581e-05 
 6.749672e-01  8.159686e-05 
 6.753692e-01  8.466378e-05 
 6.757712e-01  8.586060e-05 
 6.761732e-01  8.300143e-05 
 6.765752e-01  7.490254e-05 
 6.769772e-01  6.213074e-05 
 6.773808e-01  4.504491e-05 
 6.777846e-01  2.584532e-05 
 6.781885e-01  3.500546e-06 
 6.785923e-01 -1.963377e-05 
 6.789961e-01 -4.238837e-05 
 6.793999e-01 -6.419737e-05 
 6.798037e-01 -8.506835e-05 
 6.802075e-01 -1.070731e-04 
 6.806113e-01 -1.304275e-04 
 6.810151e-01 -1.556550e-04 
 6.814189e-01 -1.829768e-04 
 6.818227e-01 -2.127124e-04 
 6.822264e-01 -2.428962e-04 
 6.826302e-01 -2.734008e-04 
 6.830340e-01 -3.024468e-04 
 6.834378e-01 -3.304637e-04 
 6.838415e-01 -3.562710e-04 
 6.842453e-01 -3.812506e-04 
 6.846491e-01 -4.060393e-04 
 6.850529e-01 -4.287778e-04 
 6.854549e-01 -4.515491e-04 
 6.858569e-01 -4.719850e-04 
 6.862590e-01 -4.890801e-04 
 6.866610e-01 -5.024529e-04 
 6.870631e-01 -5.121705e-04 
 6.874651e-01 -5.172259e-04 
 6.878671e-01 -5.187418e-04 
 6.882692e-01 -5.167700e-04 
 6.886712e-01 -5.124726e-04 
 6.890733e-01 -5.083070e-04 
 6.894753e-01 -5.051694e-04 
 6.898773e-01 -5.045402e-04 
 6.902793e-01 -5.064794e-04 
 6.906814e-01 -5.100931e-04 
 6.910834e-01 -5.162915e-04 
 6.914854e-01 -5.237895e-04 
 6.918874e-01 -5.304422e-04 
 6.922895e-01 -5.362353e-04 
 6.926915e-01 -5.397104e-04 
 6.930935e-01 -5.400215e-04 
 6.934972e-01 -5.367468e-04 
 6.939010e-01 -5.292028e-04 
 6.943048e-01 -5.183739e-04 
 6.947087e-01 -5.040780e-04 
 6.951125e-01 -4.887047e-04 
 6.955163e-01 -4.712144e-04 
 6.959202e-01 -4.537332e-04 
 6.963240e-01 -4.362079e-04 
 6.967278e-01 -4.206338e-04 
 6.971317e-01 -4.073231e-04 
 6.975355e-01 -3.957971e-04 
 6.979393e-01 -3.863392e-04 
 6.983432e-01 -3.789465e-04 
 6.987470e-01 -3.731393e-04 
 6.991508e-01 -3.681555e-04 
 6.995547e-01 -3.654687e-04 
 6.999585e-01 -3.635176e-04 
 7.003623e-01 -3.639529e-04 
 7.007662e-01 -3.681479e-04 
 7.011700e-01 -3.758448e-04 
 7.015738e-01 -3.867267e-04 
 7.019777e-01 -3.996050e-04 
 7.023815e-01 -4.139793e-04 
 7.027853e-01 -4.277237e-04 
 7.031892e-01 -4.417728e-04 
 7.035930e-01 -4.550617e-04 
 7.039969e-01 -4.679704e-04 
 7.044007e-01 -4.813117e-04 
 7.048045e-01 -4.959303e-04 
 7.052084e-01 -5.129725e-04 
 7.056122e-01 -5.313901e-04 
 7.060160e-01 -5.513490e-04 
 7.064199e-01 -5.720866e-04 
 7.068237e-01 -5.923692e-04 
 7.072276e-01 -6.108585e-04 
 7.076314e-01 -6.271904e-04 
 7.080352e-01 -6.416972e-04 
 7.084391e-01 -6.544002e-04 
 7.088429e-01 -6.665724e-04 
 7.092468e-01 -6.781703e-04 
 7.096506e-01 -6.901734e-04 
 7.100544e-01 -7.029104e-04 
 7.104582e-01 -7.156700e-04 
 7.108621e-01 -7.294444e-04 
 7.112659e-01 -7.438570e-04 
 7.116697e-01 -7.584673e-04 
 7.120735e-01 -7.734355e-04 
 7.124774e-01 -7.888021e-04 
 7.128812e-01 -8.036908e-04 
 7.132850e-01 -8.185875e-04 
 7.136888e-01 -8.316509e-04 
 7.140927e-01 -8.423465e-04 
 7.144965e-01 -8.499268e-04 
 7.149004e-01 -8.531781e-04 
 7.153042e-01 -8.529165e-04 
 7.157080e-01 -8.479314e-04 
 7.161119e-01 -8.383312e-04 
 7.165157e-01 -8.249719e-04 
 7.169195e-01 -8.087109e-04 
 7.173234e-01 -7.894869e-04 
 7.177254e-01 -7.665726e-04 
 7.181275e-01 -7.407582e-04 
 7.185295e-01 -7.117982e-04 
 7.189315e-01 -6.804175e-04 
 7.193336e-01 -6.475196e-04 
 7.197356e-01 -6.145912e-04 
 7.201376e-01 -5.827147e-04 
 7.205397e-01 -5.532525e-04 
 7.209417e-01 -5.263485e-04 
 7.213438e-01 -5.016815e-04 
 7.217458e-01 -4.789903e-04 
 7.221478e-01 -4.570780e-04 
 7.225498e-01 -4.340184e-04 
 7.229518e-01 -4.094474e-04 
 7.233539e-01 -3.823979e-04 
 7.237559e-01 -3.532697e-04 
 7.241579e-01 -3.228806e-04 
 7.245599e-01 -2.913339e-04 
 7.249619e-01 -2.612150e-04 
 7.253639e-01 -2.330871e-04 
 7.257659e-01 -2.078918e-04 
 7.261679e-01 -1.846637e-04 
 7.265699e-01 -1.630206e-04 
 7.269720e-01 -1.422090e-04 
 7.273740e-01 -1.228217e-04 
 7.277760e-01 -1.028725e-04 
 7.281780e-01 -8.163985e-05 
 7.285800e-01 -6.043305e-05 
 7.289820e-01 -3.836650e-05 
 7.293840e-01 -1.773681e-05 
 7.297859e-01  1.537999e-06 
 7.301879e-01  1.990162e-05 
 7.305899e-01  3.530585e-05 
 7.309919e-01  4.803769e-05 
 7.313939e-01  5.776826e-05 
 7.317959e-01  6.372755e-05 
 7.321978e-01  6.575049e-05 
 7.325998e-01  6.466554e-05 
 7.330018e-01  6.020836e-05 
 7.334038e-01  5.246230e-05 
 7.338058e-01  4.269169e-05 
 7.342078e-01  3.067146e-05 
 7.346098e-01  1.776711e-05 
 7.350118e-01  5.190993e-06 
 7.354138e-01 -6.655171e-06 
 7.358158e-01 -1.638483e-05 
 7.362178e-01 -2.348098e-05 
 7.366198e-01 -2.805558e-05 
 7.370218e-01 -2.922646e-05 
 7.374238e-01 -2.692478e-05 
 7.378258e-01 -1.805152e-05 
 7.382278e-01 -5.053545e-06 
 7.386298e-01  1.255427e-05 
 7.390318e-01  3.163125e-05 
 7.394338e-01  5.183798e-05 
 7.398358e-01  7.137873e-05 
 7.402378e-01  8.837107e-05 
 7.406398e-01  1.007275e-04 
 7.410418e-01  1.076951e-04 
 7.414438e-01  1.113027e-04 
 7.418476e-01  1.114455e-04 
 7.422516e-01  1.082700e-04 
 7.426556e-01  1.052070e-04 
 7.430596e-01  1.030320e-04 
 7.434636e-01  1.048688e-04 
 7.438675e-01  1.096579e-04 
 7.442715e-01  1.179572e-04 
 7.446755e-01  1.287901e-04 
 7.450795e-01  1.427013e-04 
 7.454835e-01  1.578045e-04 
 7.458873e-01  1.742571e-04 
 7.462911e-01  1.923322e-04 
 7.466949e-01  2.111821e-04 
 7.470987e-01  2.322133e-04 
 7.475026e-01  2.543152e-04 
 7.479064e-01  2.781031e-04 
 7.483102e-01  3.029989e-04 
 7.487140e-01  3.286304e-04 
 7.491178e-01  3.542706e-04 
 7.495216e-01  3.786145e-04 
 7.499254e-01  4.017604e-04 
 7.503292e-01  4.235212e-04 
 7.507330e-01  4.439814e-04 
 7.511367e-01  4.612703e-04 
 7.515405e-01  4.745920e-04 
 7.519443e-01  4.833502e-04 
 7.523481e-01  4.862595e-04 
 7.527519e-01  4.828882e-04 
 7.531557e-01  4.750247e-04 
 7.535594e-01  4.601658e-04 
 7.539632e-01  4.412035e-04 
 7.543670e-01  4.196651e-04 
 7.547708e-01  3.962734e-04 
 7.551745e-01  3.721944e-04 
 7.555783e-01  3.474666e-04 
 7.559821e-01  3.222749e-04 
 7.563859e-01  2.973829e-04 
 7.567896e-01  2.749076e-04 
 7.571934e-01  2.545290e-04 
 7.575972e-01  2.398320e-04 
 7.579992e-01  2.285221e-04 
 7.584012e-01  2.199305e-04 
 7.588032e-01  2.118572e-04 
 7.592052e-01  2.050389e-04 
 7.596072e-01  1.978537e-04 
 7.600092e-01  1.878276e-04 
 7.604112e-01  1.718272e-04 
 7.608132e-01  1.478969e-04 
 7.612152e-01  1.163527e-04 
 7.616172e-01  7.734903e-05 
 7.620192e-01  3.345291e-05 
 7.624212e-01 -1.372429e-05 
 7.628232e-01 -6.374971e-05 
 7.632252e-01 -1.127066e-04 
 7.636272e-01 -1.594613e-04 
 7.640292e-01 -2.031917e-04 
 7.644312e-01 -2.433716e-04 
 7.648332e-01 -2.778728e-04 
 7.652352e-01 -3.071799e-04 
 7.656371e-01 -3.305109e-04 
 7.660392e-01 -3.514135e-04 
 7.664412e-01 -3.679863e-04 
 7.668432e-01 -3.805038e-04 
 7.672452e-01 -3.887663e-04 
 7.676472e-01 -3.937563e-04 
 7.680492e-01 -3.964361e-04 
 7.684512e-01 -3.953061e-04 
 7.688532e-01 -3.938019e-04 
 7.692552e-01 -3.912053e-04 
 7.696572e-01 -3.904878e-04 
 7.700592e-01 -3.914757e-04 
 7.704613e-01 -3.931732e-04 
 7.708633e-01 -3.972430e-04 
 7.712653e-01 -4.033724e-04 
 7.716673e-01 -4.113420e-04 
 7.720693e-01 -4.207278e-04 
 7.724713e-01 -4.315844e-04 
 7.728733e-01 -4.427269e-04 
 7.732753e-01 -4.556086e-04 
 7.736773e-01 -4.675742e-04 
 7.740793e-01 -4.798033e-04 
 7.744814e-01 -4.922323e-04 
 7.748834e-01 -5.037705e-04 
 7.752854e-01 -5.113394e-04 
 7.756874e-01 -5.162671e-04 
 7.760894e-01 -5.175472e-04 
 7.764915e-01 -5.146855e-04 
 7.768935e-01 -5.094691e-04 
 7.772955e-01 -4.993004e-04 
 7.776975e-01 -4.860217e-04 
 7.781012e-01 -4.683879e-04 
 7.785050e-01 -4.479750e-04 
 7.789088e-01 -4.245471e-04 
 7.793126e-01 -4.013370e-04 
 7.797164e-01 -3.788844e-04 
 7.801203e-01 -3.596531e-04 
 7.805241e-01 -3.462254e-04 
 7.809279e-01 -3.404149e-04 
 7.813317e-01 -3.422969e-04 
 7.817355e-01 -3.512140e-04 
 7.821393e-01 -3.665783e-04 
 7.825432e-01 -3.883041e-04 
 7.829470e-01 -4.137714e-04 
 7.833508e-01 -4.405789e-04 
 7.837546e-01 -4.672748e-04 
 7.841584e-01 -4.913417e-04 
 7.845622e-01 -5.134571e-04 
 7.849660e-01 -5.319653e-04 
 7.853698e-01 -5.459362e-04 
 7.857737e-01 -5.557934e-04 
 7.861757e-01 -5.632951e-04 
 7.865777e-01 -5.678679e-04 
 7.869798e-01 -5.661141e-04 
 7.873818e-01 -5.607292e-04 
 7.877838e-01 -5.536184e-04 
 7.881858e-01 -5.464651e-04 
 7.885879e-01 -5.391842e-04 
 7.889899e-01 -5.316791e-04 
 7.893919e-01 -5.260950e-04 
 7.897940e-01 -5.224607e-04 
 7.901976e-01 -5.224270e-04 
 7.906014e-01 -5.256364e-04 
 7.910052e-01 -5.335289e-04 
 7.914090e-01 -5.453071e-04 
 7.918128e-01 -5.602327e-04 
 7.922166e-01 -5.786139e-04 
 7.926204e-01 -5.971329e-04 
 7.930242e-01 -6.165694e-04 
 7.934280e-01 -6.346673e-04 
 7.938318e-01 -6.501323e-04 
 7.942357e-01 -6.620924e-04 
 7.946395e-01 -6.694572e-04 
 7.950433e-01 -6.731375e-04 
 7.954471e-01 -6.726656e-04 
 7.958510e-01 -6.688322e-04 
 7.962548e-01 -6.616173e-04 
 7.966586e-01 -6.513427e-04 
 7.970625e-01 -6.379081e-04 
 7.974663e-01 -6.204187e-04 
 7.978701e-01 -6.000568e-04 
 7.982721e-01 -5.755456e-04 
 7.986742e-01 -5.493161e-04 
 7.990762e-01 -5.209748e-04 
 7.994782e-01 -4.930910e-04 
 7.998802e-01 -4.658073e-04 
 8.002822e-01 -4.411138e-04 
 8.006843e-01 -4.209736e-04 
 8.010863e-01 -4.062860e-04 
 8.014883e-01 -3.966060e-04 
 8.018903e-01 -3.915294e-04 
 8.022923e-01 -3.925245e-04 
 8.026943e-01 -3.965299e-04 
 8.030963e-01 -4.014841e-04 
 8.034983e-01 -4.065001e-04 
 8.039003e-01 -4.096565e-04 
 8.043023e-01 -4.100387e-04 
 8.047043e-01 -4.082891e-04 
 8.051063e-01 -4.036687e-04 
 8.055083e-01 -3.951208e-04 
 8.059103e-01 -3.829897e-04 
 8.063123e-01 -3.671613e-04 
 8.067143e-01 -3.489076e-04 
 8.071163e-01 -3.278998e-04 
 8.075183e-01 -3.039284e-04 
 8.079203e-01 -2.787985e-04 
 8.083223e-01 -2.532253e-04 
 8.087243e-01 -2.285759e-04 
 8.091263e-01 -2.047435e-04 
 8.095283e-01 -1.845109e-04 
 8.099303e-01 -1.696946e-04 
 8.103322e-01 -1.608697e-04 
 8.107342e-01 -1.584048e-04 
 8.111362e-01 -1.609547e-04 
 8.115382e-01 -1.699067e-04 
 8.119402e-01 -1.832816e-04 
 8.123421e-01 -2.008319e-04 
 8.127441e-01 -2.228591e-04 
 8.131461e-01 -2.454320e-04 
 8.135481e-01 -2.672543e-04 
 8.139500e-01 -2.881146e-04 
 8.143520e-01 -3.055057e-04 
 8.147540e-01 -3.200792e-04 
 8.151560e-01 -3.293949e-04 
 8.155580e-01 -3.361974e-04 
 8.159600e-01 -3.384340e-04 
 8.163620e-01 -3.389387e-04 
 8.167640e-01 -3.376440e-04 
 8.171660e-01 -3.361335e-04 
 8.175680e-01 -3.342388e-04 
 8.179699e-01 -3.313914e-04 
 8.183719e-01 -3.287523e-04 
 8.187739e-01 -3.251279e-04 
 8.191759e-01 -3.211159e-04 
 8.195779e-01 -3.165386e-04 
 8.199799e-01 -3.137425e-04 
 8.203819e-01 -3.127252e-04 
 8.207839e-01 -3.156309e-04 
 8.211859e-01 -3.229492e-04 
 8.215879e-01 -3.338643e-04 
 8.219899e-01 -3.487380e-04 
 8.223935e-01 -3.655566e-04 
 8.227973e-01 -3.829628e-04 
 8.232011e-01 -3.990845e-04 
 8.236049e-01 -4.138310e-04 
 8.240086e-01 -4.248273e-04 
 8.244124e-01 -4.318889e-04 
 8.248162e-01 -4.347583e-04 
 8.252200e-01 -4.336641e-04 
 8.256238e-01 -4.286117e-04 
 8.260276e-01 -4.207377e-04 
 8.264313e-01 -4.096986e-04 
 8.268351e-01 -3.955840e-04 
 8.272389e-01 -3.779391e-04 
 8.276427e-01 -3.561928e-04 
 8.280465e-01 -3.340441e-04 
 8.284503e-01 -3.101136e-04 
 8.288541e-01 -2.844906e-04 
 8.292579e-01 -2.591153e-04 
 8.296617e-01 -2.337314e-04 
 8.300655e-01 -2.111857e-04 
 8.304693e-01 -1.916616e-04 
 8.308730e-01 -1.754406e-04 
 8.312768e-01 -1.631178e-04 
 8.316806e-01 -1.548495e-04 
 8.320844e-01 -1.520569e-04 
 8.324882e-01 -1.513924e-04 
 8.328920e-01 -1.519345e-04 
 8.332957e-01 -1.507855e-04 
 8.336995e-01 -1.477289e-04 
 8.341033e-01 -1.437631e-04 
 8.345053e-01 -1.356658e-04 
 8.349073e-01 -1.247842e-04 
 8.353093e-01 -1.110853e-04 
 8.357113e-01 -9.424193e-05 
 8.361132e-01 -7.557387e-05 
 8.365152e-01 -5.546428e-05 
 8.369172e-01 -3.431606e-05 
 8.373192e-01 -1.450494e-05 
 8.377212e-01  4.612081e-06 
 8.381232e-01  2.192549e-05 
 8.385268e-01  3.791250e-05 
 8.389306e-01  5.138136e-05 
 8.393344e-01  6.204090e-05 
 8.397382e-01  6.876305e-05 
 8.401420e-01  7.209696e-05 
 8.405457e-01  7.136230e-05 
 8.409495e-01  6.514351e-05 
 8.413533e-01  5.399328e-05 
 8.417571e-01  3.971464e-05 
 8.421609e-01  2.144931e-05 
 8.425629e-01  2.045571e-06 
 8.429648e-01 -1.779555e-05 
 8.433668e-01 -3.562005e-05 
 8.437688e-01 -5.135621e-05 
 8.441708e-01 -6.592195e-05 
 8.445727e-01 -7.816394e-05 
 8.449747e-01 -8.970611e-05 
 8.453767e-01 -9.953954e-05 
 8.457787e-01 -1.086364e-04 
 8.461806e-01 -1.193442e-04 
 8.465826e-01 -1.290807e-04 
 8.469846e-01 -1.390266e-04 
 8.473866e-01 -1.467632e-04 
 8.477886e-01 -1.544071e-04 
 8.481906e-01 -1.605594e-04 
 8.485926e-01 -1.649683e-04 
 8.489946e-01 -1.689087e-04 
 8.493966e-01 -1.708345e-04 
 8.497986e-01 -1.726317e-04 
 8.502006e-01 -1.735506e-04 
 8.506026e-01 -1.753889e-04 
 8.510046e-01 -1.773724e-04 
 8.514066e-01 -1.799853e-04 
 8.518085e-01 -1.834554e-04 
 8.522105e-01 -1.893169e-04 
 8.526125e-01 -1.975325e-04 
 8.530145e-01 -2.065260e-04 
 8.534165e-01 -2.166233e-04 
 8.538185e-01 -2.261539e-04 
 8.542205e-01 -2.333798e-04 
 8.546225e-01 -2.381375e-04 
 8.550246e-01 -2.378867e-04 
 8.554266e-01 -2.335153e-04 
 8.558286e-01 -2.256062e-04 
 8.562306e-01 -2.155357e-04 
 8.566326e-01 -2.040765e-04 
 8.570346e-01 -1.914040e-04 
 8.574367e-01 -1.785904e-04 
 8.578387e-01 -1.658721e-04 
 8.582407e-01 -1.517752e-04 
 8.586427e-01 -1.376023e-04 
 8.590448e-01 -1.221918e-04 
 8.594468e-01 -1.075830e-04 
 8.598488e-01 -9.442671e-05 
 8.602508e-01 -8.354558e-05 
 8.606529e-01 -7.575028e-05 
 8.610549e-01 -7.130770e-05 
 8.614569e-01 -7.068476e-05 
 8.618589e-01 -7.235773e-05 
 8.622610e-01 -7.622024e-05 
 8.626630e-01 -7.947133e-05 
 8.630650e-01 -8.216360e-05 
 8.634670e-01 -8.288884e-05 
 8.638691e-01 -8.229794e-05 
 8.642711e-01 -8.063858e-05 
 8.646731e-01 -7.782291e-05 
 8.650751e-01 -7.571323e-05 
 8.654772e-01 -7.425272e-05 
 8.658792e-01 -7.483250e-05 
 8.662812e-01 -7.765779e-05 
 8.666849e-01 -8.375840e-05 
 8.670887e-01 -9.107502e-05 
 8.674925e-01 -1.005719e-04 
 8.678963e-01 -1.108572e-04 
 8.683002e-01 -1.215818e-04 
 8.687040e-01 -1.325421e-04 
 8.691078e-01 -1.419576e-04 
 8.695116e-01 -1.504608e-04 
 8.699155e-01 -1.572428e-04 
 8.703193e-01 -1.640985e-04 
 8.707231e-01 -1.710869e-04 
 8.711269e-01 -1.787004e-04 
 8.715307e-01 -1.875396e-04 
 8.719345e-01 -1.987384e-04 
 8.723383e-01 -2.129440e-04 
 8.727422e-01 -2.300793e-04 
 8.731460e-01 -2.492738e-04 
 8.735498e-01 -2.700992e-04 
 8.739536e-01 -2.921966e-04 
 8.743574e-01 -3.154746e-04 
 8.747594e-01 -3.380472e-04 
 8.751614e-01 -3.592460e-04 
 8.755635e-01 -3.782812e-04 
 8.759655e-01 -3.943779e-04 
 8.763675e-01 -4.081102e-04 
 8.767695e-01 -4.191300e-04 
 8.771715e-01 -4.270852e-04 
 8.775735e-01 -4.326837e-04 
 8.779756e-01 -4.357463e-04 
 8.783776e-01 -4.353612e-04 
 8.787796e-01 -4.314813e-04 
 8.791816e-01 -4.244782e-04 
 8.795837e-01 -4.154956e-04 
 8.799857e-01 -4.053234e-04 
 8.803877e-01 -3.941729e-04 
 8.807898e-01 -3.828332e-04 
 8.811918e-01 -3.736243e-04 
 8.815938e-01 -3.665971e-04 
 8.819958e-01 -3.611705e-04 
 8.823979e-01 -3.560559e-04 
 8.827999e-01 -3.501561e-04 
 8.832019e-01 -3.424367e-04 
 8.836039e-01 -3.332301e-04 
 8.840059e-01 -3.223557e-04 
 8.844080e-01 -3.104298e-04 
 8.848100e-01 -2.985405e-04 
 8.852120e-01 -2.856943e-04 
 8.856140e-01 -2.734072e-04 
 8.860160e-01 -2.618806e-04 
 8.864180e-01 -2.519661e-04 
 8.868201e-01 -2.422606e-04 
 8.872221e-01 -2.321143e-04 
 8.876241e-01 -2.212636e-04 
 8.880261e-01 -2.096975e-04 
 8.884281e-01 -1.976194e-04 
 8.888301e-01 -1.844172e-04 
 8.892321e-01 -1.701577e-04 
 8.896342e-01 -1.542410e-04 
 8.900362e-01 -1.364886e-04 
 8.904382e-01 -1.182038e-04 
 8.908402e-01 -9.855026e-05 
 8.912421e-01 -7.916865e-05 
 8.916441e-01 -6.151500e-05 
 8.920461e-01 -4.721266e-05 
 8.924481e-01 -3.646446e-05 
 8.928500e-01 -3.059921e-05 
 8.932520e-01 -2.977699e-05 
 8.936540e-01 -3.319910e-05 
 8.940560e-01 -3.982999e-05 
 8.944579e-01 -4.899797e-05 
 8.948600e-01 -5.963288e-05 
 8.952620e-01 -7.113377e-05 
 8.956640e-01 -8.432242e-05 
 8.960660e-01 -9.929805e-05 
 8.964680e-01 -1.154380e-04 
 8.968700e-01 -1.318429e-04 
 8.972720e-01 -1.477674e-04 
 8.976740e-01 -1.615995e-04 
 8.980760e-01 -1.715921e-04 
 8.984780e-01 -1.780071e-04 
 8.988800e-01 -1.792151e-04 
 8.992820e-01 -1.772351e-04 
 8.996841e-01 -1.723246e-04 
 9.000861e-01 -1.668627e-04 
 9.004881e-01 -1.611420e-04 
 9.008901e-01 -1.557230e-04 
 9.012921e-01 -1.537300e-04 
 9.016941e-01 -1.558882e-04 
 9.020961e-01 -1.620050e-04 
 9.024981e-01 -1.720328e-04 
 9.029036e-01 -1.836959e-04 
 9.033094e-01 -1.986498e-04 
 9.037152e-01 -2.157028e-04 
 9.041210e-01 -2.335955e-04 
 9.045268e-01 -2.515945e-04 
 9.049326e-01 -2.682695e-04 
 9.053385e-01 -2.852138e-04 
 9.057443e-01 -3.014515e-04 
 9.061501e-01 -3.155806e-04 
 9.065559e-01 -3.273397e-04 
 9.069597e-01 -3.358881e-04 
 9.073635e-01 -3.399424e-04 
 9.077673e-01 -3.401626e-04 
 9.081711e-01 -3.360463e-04 
 9.085749e-01 -3.288396e-04 
 9.089787e-01 -3.200539e-04 
 9.093824e-01 -3.082477e-04 
 9.097862e-01 -2.954846e-04 
 9.101900e-01 -2.811369e-04 
 9.105938e-01 -2.673530e-04 
 9.109958e-01 -2.540118e-04 
 9.113977e-01 -2.401050e-04 
 9.117997e-01 -2.284853e-04 
 9.122017e-01 -2.185966e-04 
 9.126036e-01 -2.107486e-04 
 9.130056e-01 -2.060832e-04 
 9.134076e-01 -2.040872e-04 
 9.138095e-01 -2.046880e-04 
 9.142115e-01 -2.078826e-04 
 9.146135e-01 -2.121896e-04 
 9.150173e-01 -2.171485e-04 
 9.154213e-01 -2.219730e-04 
 9.158253e-01 -2.278902e-04 
 9.162292e-01 -2.336350e-04 
 9.166332e-01 -2.386540e-04 
 9.170372e-01 -2.419346e-04 
 9.174412e-01 -2.433078e-04 
 9.178452e-01 -2.417793e-04 
 9.182492e-01 -2.360301e-04 
 9.186532e-01 -2.250247e-04 
 9.190552e-01 -2.102601e-04 
 9.194572e-01 -1.909117e-04 
 9.198592e-01 -1.668066e-04 
 9.202612e-01 -1.425583e-04 
 9.206632e-01 -1.174743e-04 
 9.210652e-01 -9.474789e-05 
 9.214672e-01 -7.642987e-05 
 9.218692e-01 -6.372120e-05 
 9.222711e-01 -5.578669e-05 
 9.226731e-01 -5.288605e-05 
 9.230751e-01 -5.539415e-05 
 9.234771e-01 -6.434509e-05 
 9.238790e-01 -7.598850e-05 
 9.242810e-01 -9.294828e-05 
 9.246829e-01 -1.127426e-04 
 9.250849e-01 -1.354476e-04 
 9.254868e-01 -1.581897e-04 
 9.258888e-01 -1.780425e-04 
 9.262908e-01 -1.958175e-04 
 9.266927e-01 -2.092444e-04 
 9.270947e-01 -2.191637e-04 
 9.274967e-01 -2.228292e-04 
 9.278987e-01 -2.217266e-04 
 9.283007e-01 -2.167925e-04 
 9.287026e-01 -2.100493e-04 
 9.291046e-01 -2.025738e-04 
 9.295066e-01 -1.956748e-04 
 9.299086e-01 -1.894721e-04 
 9.303106e-01 -1.840188e-04 
 9.307126e-01 -1.793432e-04 
 9.311145e-01 -1.777338e-04 
 9.315165e-01 -1.786761e-04 
 9.319185e-01 -1.823750e-04 
 9.323205e-01 -1.899547e-04 
 9.327225e-01 -2.003606e-04 
 9.331245e-01 -2.131102e-04 
 9.335265e-01 -2.275376e-04 
 9.339284e-01 -2.417280e-04 
 9.343304e-01 -2.555762e-04 
 9.347324e-01 -2.672127e-04 
 9.351344e-01 -2.772738e-04 
 9.355364e-01 -2.848600e-04 
 9.359384e-01 -2.918802e-04 
 9.363404e-01 -2.981129e-04 
 9.367424e-01 -3.030053e-04 
 9.371444e-01 -3.062876e-04 
 9.375464e-01 -3.074163e-04 
 9.379484e-01 -3.063589e-04 
 9.383504e-01 -3.010071e-04 
 9.387524e-01 -2.918221e-04 
 9.391544e-01 -2.776212e-04 
 9.395565e-01 -2.591674e-04 
 9.399585e-01 -2.374644e-04 
 9.403606e-01 -2.146956e-04 
 9.407626e-01 -1.916867e-04 
 9.411646e-01 -1.692317e-04 
 9.415667e-01 -1.486560e-04 
 9.419687e-01 -1.315304e-04 
 9.423707e-01 -1.180774e-04 
 9.427728e-01 -1.101259e-04 
 9.431764e-01 -1.090038e-04 
 9.435802e-01 -1.132026e-04 
 9.439841e-01 -1.228676e-04 
 9.443879e-01 -1.379047e-04 
 9.447917e-01 -1.574320e-04 
 9.451955e-01 -1.795190e-04 
 9.455994e-01 -2.018875e-04 
 9.460032e-01 -2.225653e-04 
 9.464070e-01 -2.388621e-04 
 9.468108e-01 -2.498401e-04 
 9.472147e-01 -2.558495e-04 
 9.476185e-01 -2.550577e-04 
 9.480223e-01 -2.481870e-04 
 9.484261e-01 -2.383507e-04 
 9.488299e-01 -2.256342e-04 
 9.492337e-01 -2.126304e-04 
 9.496376e-01 -2.005797e-04 
 9.500414e-01 -1.918646e-04 
 9.504452e-01 -1.865325e-04 
 9.508490e-01 -1.846900e-04 
 9.512528e-01 -1.880325e-04 
 9.516566e-01 -1.970177e-04 
 9.520605e-01 -2.102953e-04 
 9.524643e-01 -2.289133e-04 
 9.528681e-01 -2.514825e-04 
 9.532719e-01 -2.767851e-04 
 9.536757e-01 -3.040598e-04 
 9.540795e-01 -3.318845e-04 
 9.544834e-01 -3.597607e-04 
 9.548872e-01 -3.854927e-04 
 9.552910e-01 -4.078352e-04 
 9.556948e-01 -4.269915e-04 
 9.560986e-01 -4.429947e-04 
 9.565024e-01 -4.577250e-04 
 9.569062e-01 -4.701112e-04 
 9.573100e-01 -4.821835e-04 
 9.577139e-01 -4.935722e-04 
 9.581177e-01 -5.031125e-04 
 9.585215e-01 -5.102389e-04 
 9.589253e-01 -5.139766e-04 
 9.593273e-01 -5.146400e-04 
 9.597293e-01 -5.118636e-04 
 9.601314e-01 -5.073550e-04 
 9.605334e-01 -5.006087e-04 
 9.609354e-01 -4.929741e-04 
 9.613374e-01 -4.845859e-04 
 9.617395e-01 -4.774619e-04 
 9.621415e-01 -4.710121e-04 
 9.625435e-01 -4.660596e-04 
 9.629455e-01 -4.633991e-04 
 9.633475e-01 -4.629035e-04 
 9.637495e-01 -4.646981e-04 
 9.641515e-01 -4.689006e-04 
 9.645535e-01 -4.767445e-04 
 9.649556e-01 -4.860039e-04 
 9.653576e-01 -4.950617e-04 
 9.657596e-01 -5.006771e-04 
 9.661616e-01 -5.012487e-04 
 9.665636e-01 -4.951886e-04 
 9.669656e-01 -4.824769e-04 
 9.673676e-01 -4.636093e-04 
 9.677696e-01 -4.379290e-04 
 9.681717e-01 -4.066348e-04 
 9.685737e-01 -3.718397e-04 
 9.689757e-01 -3.338306e-04 
 9.693777e-01 -2.935725e-04 
 9.697798e-01 -2.517612e-04 
 9.701818e-01 -2.109939e-04 
 9.705838e-01 -1.714838e-04 
 9.709859e-01 -1.350485e-04 
 9.713895e-01 -1.014569e-04 
 9.717933e-01 -7.370727e-05 
 9.721971e-01 -5.238562e-05 
 9.726010e-01 -3.735449e-05 
 9.730048e-01 -2.632211e-05 
 9.734086e-01 -1.768002e-05 
 9.738124e-01 -1.053619e-05 
 9.742162e-01 -3.413646e-06 
 9.746200e-01  4.648787e-06 
 9.750239e-01  1.442628e-05 
 9.754277e-01  2.732127e-05 
 9.758314e-01  4.336811e-05 
 9.762352e-01  6.101124e-05 
 9.766390e-01  8.005847e-05 
 9.770428e-01  1.002427e-04 
 9.774466e-01  1.214140e-04 
 9.778504e-01  1.419063e-04 
 9.782542e-01  1.609495e-04 
 9.786580e-01  1.785634e-04 
 9.790618e-01  1.939856e-04 
 9.794638e-01  2.056857e-04 
 9.798657e-01  2.153056e-04 
 9.802677e-01  2.212380e-04 
 9.806697e-01  2.249315e-04 
 9.810717e-01  2.266764e-04 
 9.814737e-01  2.260005e-04 
 9.818757e-01  2.230920e-04 
 9.822777e-01  2.178781e-04 
 9.826796e-01  2.107137e-04 
 9.830816e-01  2.016763e-04 
 9.834836e-01  1.909936e-04 
 9.838856e-01  1.777633e-04 
 9.842876e-01  1.619922e-04 
 9.846896e-01  1.435614e-04 
 9.850916e-01  1.232188e-04 
 9.854936e-01  1.019254e-04 
 9.858956e-01  8.167626e-05 
 9.862976e-01  6.330262e-05 
 9.866996e-01  4.785965e-05 
 9.871016e-01  3.449866e-05 
 9.875036e-01  2.544633e-05 
 9.879056e-01  2.017278e-05 
 9.883076e-01  1.876407e-05 
 9.887096e-01  2.082094e-05 
 9.891116e-01  2.601141e-05 
 9.895136e-01  3.207256e-05 
 9.899156e-01  3.834256e-05 
 9.903176e-01  4.580267e-05 
 9.907197e-01  5.318994e-05 
 9.911217e-01  6.109561e-05 
 9.915237e-01  6.690659e-05 
 9.919256e-01  6.979928e-05 
 9.923276e-01  6.904853e-05 
 9.927296e-01  6.495060e-05 
 9.931316e-01  5.856869e-05 
 9.935336e-01  5.116868e-05 
 9.939356e-01  4.337859e-05 
 9.943376e-01  3.499850e-05 
 9.947396e-01  2.892969e-05 
 9.951415e-01  2.743931e-05 
 9.955435e-01  2.928271e-05 
 9.959455e-01  3.568083e-05 
 9.963474e-01  4.423045e-05 
 9.967494e-01  5.394529e-05 
 9.971514e-01  6.502068e-05 
 9.975533e-01  7.822340e-05 
 9.979553e-01  9.235795e-05 
 9.983573e-01  1.066398e-04 
 9.987592e-01  1.204412e-04 
 9.991612e-01  1.326844e-04 
 9.995632e-01  1.420287e-04 
 9.999651e-01  1.484656e-04 
 1.000367e+00  1.510115e-04 
 1.000769e+00  1.507206e-04 
 1.001171e+00  1.471475e-04 
 1.001573e+00  1.415648e-04 
 1.001975e+00  1.352996e-04 
 1.002377e+00  1.288556e-04 
 1.002779e+00  1.219135e-04 
 1.003181e+00  1.159455e-04 
 1.003583e+00  1.081089e-04 
 1.003985e+00  1.001712e-04 
 1.004387e+00  8.934023e-05 
 1.004789e+00  7.758165e-05 
 1.005191e+00  6.435017e-05 
 1.005593e+00  5.039937e-05 
 1.005995e+00  3.543530e-05 
 1.006397e+00  2.127781e-05 
 1.006799e+00  7.062702e-06 
 1.007201e+00 -8.219858e-06 
 1.007603e+00 -2.264360e-05 
 1.008005e+00 -3.718882e-05 
 1.008407e+00 -5.175187e-05 
 1.008809e+00 -6.691762e-05 
 1.009211e+00 -8.175793e-05 
 1.009613e+00 -9.562448e-05 
 1.010015e+00 -1.085954e-04 
 1.010417e+00 -1.215380e-04 
 1.010819e+00 -1.320833e-04 
 1.011221e+00 -1.426226e-04 
 1.011623e+00 -1.539341e-04 
 1.012024e+00 -1.664591e-04 
 1.012426e+00 -1.802823e-04 
 1.012828e+00 -1.955342e-04 
 1.013230e+00 -2.108458e-04 
 1.013632e+00 -2.256757e-04 
 1.014034e+00 -2.417485e-04 
 1.014436e+00 -2.584394e-04 
 1.014838e+00 -2.755742e-04 
 1.015240e+00 -2.913900e-04 
 1.015644e+00 -3.069742e-04 
 1.016048e+00 -3.208825e-04 
 1.016452e+00 -3.331785e-04 
 1.016856e+00 -3.435005e-04 
 1.017260e+00 -3.514734e-04 
 1.017664e+00 -3.543250e-04 
 1.018068e+00 -3.546218e-04 
 1.018472e+00 -3.526877e-04 
 1.018876e+00 -3.483801e-04 
 1.019280e+00 -3.419889e-04 
 1.019684e+00 -3.352913e-04 
 1.020088e+00 -3.285616e-04 
 1.020492e+00 -3.224579e-04 
 1.020896e+00 -3.174409e-04 
 1.021300e+00 -3.130977e-04 
 1.021704e+00 -3.103628e-04 
 1.022108e+00 -3.079501e-04 
 1.022512e+00 -3.048145e-04 
 1.022916e+00 -3.006844e-04 
 1.023321e+00 -2.955863e-04 
 1.023723e+00 -2.902176e-04 
 1.024124e+00 -2.839698e-04 
 1.024526e+00 -2.774405e-04 
 1.024928e+00 -2.705842e-04 
 1.025330e+00 -2.634541e-04 
 1.025732e+00 -2.569520e-04 
 1.026134e+00 -2.500652e-04 
 1.026536e+00 -2.445675e-04 
 1.026938e+00 -2.382323e-04 
 1.027340e+00 -2.334673e-04 
 1.027742e+00 -2.308269e-04 
 1.028144e+00 -2.311937e-04 
 1.028547e+00 -2.344566e-04 
 1.028949e+00 -2.402553e-04 
 1.029351e+00 -2.489547e-04 
 1.029753e+00 -2.584430e-04 
 1.030155e+00 -2.674578e-04 
 1.030557e+00 -2.757618e-04 
 1.030959e+00 -2.827243e-04 
 1.031361e+00 -2.891003e-04 
 1.031763e+00 -2.941167e-04 
 1.032165e+00 -2.995417e-04 
 1.032567e+00 -3.055339e-04 
 1.032969e+00 -3.133319e-04 
 1.033371e+00 -3.221677e-04 
 1.033773e+00 -3.320086e-04 
 1.034175e+00 -3.436239e-04 
 1.034577e+00 -3.579782e-04 
 1.034979e+00 -3.740554e-04 
 1.035381e+00 -3.924558e-04 
 1.035783e+00 -4.139424e-04 
 1.036185e+00 -4.383935e-04 
 1.036587e+00 -4.660835e-04 
 1.036989e+00 -4.955265e-04 
 1.037391e+00 -5.232794e-04 
 1.037793e+00 -5.485098e-04 
 1.038195e+00 -5.711569e-04 
 1.038597e+00 -5.900181e-04 
 1.038999e+00 -6.047557e-04 
 1.039401e+00 -6.170423e-04 
 1.039803e+00 -6.257888e-04 
 1.040205e+00 -6.322723e-04 
 1.040607e+00 -6.373843e-04 
 1.041009e+00 -6.411309e-04 
 1.041411e+00 -6.438135e-04 
 1.041813e+00 -6.451673e-04 
 1.042215e+00 -6.462100e-04 
 1.042617e+00 -6.464161e-04 
 1.043019e+00 -6.466420e-04 
 1.043421e+00 -6.468953e-04 
 1.043825e+00 -6.473303e-04 
 1.044228e+00 -6.479342e-04 
 1.044632e+00 -6.472874e-04 
 1.045036e+00 -6.458015e-04 
 1.045440e+00 -6.427111e-04 
 1.045844e+00 -6.378046e-04 
 1.046247e+00 -6.307643e-04 
 1.046651e+00 -6.216489e-04 
 1.047055e+00 -6.102437e-04 
 1.047459e+00 -5.975072e-04 
 1.047863e+00 -5.844802e-04 
 1.048267e+00 -5.716159e-04 
 1.048670e+00 -5.579842e-04 
 1.049074e+00 -5.445836e-04 
 1.049478e+00 -5.308663e-04 
 1.049882e+00 -5.171875e-04 
 1.050286e+00 -5.026953e-04 
 1.050690e+00 -4.868496e-04 
 1.051094e+00 -4.687560e-04 
 1.051497e+00 -4.480716e-04 
 1.051901e+00 -4.246697e-04 
 1.052305e+00 -3.991802e-04 
 1.052709e+00 -3.720392e-04 
 1.053113e+00 -3.431496e-04 
 1.053517e+00 -3.130711e-04 
 1.053920e+00 -2.825576e-04 
 1.054324e+00 -2.532216e-04 
 1.054728e+00 -2.262873e-04 
 1.055132e+00 -2.020745e-04 
 1.055536e+00 -1.823434e-04 
 1.055940e+00 -1.668101e-04 
 1.056343e+00 -1.554775e-04 
 1.056747e+00 -1.484475e-04 
 1.057151e+00 -1.448770e-04 
 1.057555e+00 -1.426875e-04 
 1.057959e+00 -1.402721e-04 
 1.058363e+00 -1.372259e-04 
 1.058766e+00 -1.316975e-04 
 1.059170e+00 -1.234517e-04 
 1.059574e+00 -1.113106e-04 
 1.059978e+00 -9.623093e-05 
 1.060382e+00 -7.780006e-05 
 1.060785e+00 -5.784551e-05 
 1.061189e+00 -3.619432e-05 
 1.061593e+00 -1.480968e-05 
 1.061997e+00  5.518302e-06 
 1.062401e+00  2.355222e-05 
 1.062805e+00  3.882316e-05 
 1.063208e+00  5.025739e-05 
 1.063612e+00  5.711510e-05 
 1.064014e+00  5.860989e-05 
 1.064416e+00  5.591695e-05 
 1.064818e+00  4.906222e-05 
 1.065220e+00  4.010346e-05 
 1.065622e+00  2.912576e-05 
 1.066024e+00  1.745855e-05 
 1.066426e+00  6.413882e-06 
 1.066828e+00 -3.946934e-06 
 1.067230e+00 -1.290311e-05 
 1.067632e+00 -2.027700e-05 
 1.068034e+00 -2.732826e-05 
 1.068436e+00 -3.382442e-05 
 1.068838e+00 -4.039259e-05 
 1.069240e+00 -4.730177e-05 
 1.069642e+00 -5.355076e-05 
 1.070045e+00 -6.000584e-05 
 1.070447e+00 -6.519059e-05 
 1.070849e+00 -6.948906e-05 
 1.071251e+00 -7.171079e-05 
 1.071653e+00 -7.215068e-05 
 1.072055e+00 -7.059041e-05 
 1.072457e+00 -6.654251e-05 
 1.072859e+00 -6.069741e-05 
 1.073261e+00 -5.307532e-05 
 1.073663e+00 -4.325621e-05 
 1.074065e+00 -3.163168e-05 
 1.074467e+00 -2.034919e-05 
 1.074869e+00 -1.002335e-05 
 1.075271e+00 -2.061182e-06 
 1.075673e+00  3.296866e-06 
 1.076075e+00  5.071226e-06 
 1.076477e+00  3.213113e-06 
 1.076879e+00 -2.373285e-06 
 1.077281e+00 -9.568405e-06 
 1.077683e+00 -1.666703e-05 
 1.078085e+00 -2.222989e-05 
 1.078487e+00 -2.467978e-05 
 1.078889e+00 -2.322785e-05 
 1.079290e+00 -1.675753e-05 
 1.079692e+00 -4.772753e-06 
 1.080094e+00  1.293458e-05 
 1.080496e+00  3.482595e-05 
 1.080898e+00  6.078030e-05 
 1.081300e+00  8.882199e-05 
 1.081702e+00  1.187258e-04 
 1.082104e+00  1.483453e-04 
 1.082506e+00  1.759183e-04 
 1.082908e+00  1.993370e-04 
 1.083310e+00  2.174804e-04 
 1.083712e+00  2.301037e-04 
 1.084114e+00  2.360525e-04 
 1.084516e+00  2.362356e-04 
 1.084918e+00  2.294019e-04 
 1.085320e+00  2.197515e-04 
 1.085722e+00  2.018942e-04 
 1.086124e+00  1.816097e-04 
 1.086526e+00  1.617976e-04 
 1.086928e+00  1.402242e-04 
 1.087330e+00  1.178234e-04 
 1.087732e+00  9.966792e-05 
 1.088134e+00  8.207363e-05 
 1.088536e+00  6.549258e-05 
 1.088938e+00  5.221797e-05 
 1.089340e+00  3.953668e-05 
 1.089742e+00  2.745213e-05 
 1.090144e+00  1.597103e-05 
 1.090546e+00  1.646103e-06 
 1.090948e+00 -1.191409e-05 
 1.091350e+00 -2.708839e-05 
 1.091752e+00 -4.546864e-05 
 1.092155e+00 -6.024890e-05 
 1.092559e+00 -7.572180e-05 
 1.092963e+00 -9.346932e-05 
 1.093367e+00 -1.093461e-04 
 1.093770e+00 -1.236112e-04 
 1.094174e+00 -1.384168e-04 
 1.094578e+00 -1.560851e-04 
 1.094982e+00 -1.747753e-04 
 1.095386e+00 -1.943733e-04 
 1.095789e+00 -2.183309e-04 
 1.096191e+00 -2.441306e-04 
 1.096593e+00 -2.720514e-04 
 1.096995e+00 -2.995620e-04 
 1.097397e+00 -3.293877e-04 
 1.097799e+00 -3.574211e-04 
 1.098201e+00 -3.817243e-04 
 1.098603e+00 -4.017552e-04 
 1.099005e+00 -4.178847e-04 
 1.099407e+00 -4.287299e-04 
 1.099809e+00 -4.346625e-04 
 1.100211e+00 -4.345954e-04 
 1.100613e+00 -4.308117e-04 
 1.101015e+00 -4.213456e-04 
 1.101417e+00 -4.077928e-04 
 1.101819e+00 -3.908087e-04 
 1.102221e+00 -3.712713e-04 
 1.102623e+00 -3.498350e-04 
 1.103025e+00 -3.292243e-04 
 1.103427e+00 -3.108976e-04 
 1.103829e+00 -2.951771e-04 
 1.104233e+00 -2.845638e-04 
 1.104637e+00 -2.775348e-04 
 1.105040e+00 -2.772768e-04 
 1.105444e+00 -2.794625e-04 
 1.105848e+00 -2.836901e-04 
 1.106252e+00 -2.917213e-04 
 1.106656e+00 -2.986129e-04 
 1.107059e+00 -3.044988e-04 
 1.107463e+00 -3.058411e-04 
 1.107867e+00 -3.038778e-04 
 1.108269e+00 -2.995079e-04 
 1.108671e+00 -2.904733e-04 
 1.109073e+00 -2.775415e-04 
 1.109475e+00 -2.607546e-04 
 1.109877e+00 -2.415423e-04 
 1.110279e+00 -2.210379e-04 
 1.110681e+00 -2.001677e-04 
 1.111083e+00 -1.810785e-04 
 1.111485e+00 -1.639238e-04 
 1.111887e+00 -1.496114e-04 
 1.112291e+00 -1.378784e-04 
 1.112695e+00 -1.301211e-04 
 1.113098e+00 -1.253765e-04 
 1.113502e+00 -1.230105e-04 
 1.113906e+00 -1.241084e-04 
 1.114310e+00 -1.276790e-04 
 1.114714e+00 -1.347342e-04 
 1.115117e+00 -1.463137e-04 
 1.115521e+00 -1.617639e-04 
 1.115925e+00 -1.790413e-04 
 1.116327e+00 -2.009144e-04 
 1.116729e+00 -2.250154e-04 
 1.117131e+00 -2.503783e-04 
 1.117533e+00 -2.744112e-04 
 1.117935e+00 -2.981081e-04 
 1.118337e+00 -3.212576e-04 
 1.118739e+00 -3.429738e-04 
 1.119141e+00 -3.626997e-04 
 1.119543e+00 -3.810631e-04 
 1.119945e+00 -3.973728e-04 
 1.120347e+00 -4.120636e-04 
 1.120749e+00 -4.256358e-04 
 1.121151e+00 -4.378410e-04 
 1.121553e+00 -4.490275e-04 
 1.121955e+00 -4.597798e-04 
 1.122357e+00 -4.711670e-04 
 1.122759e+00 -4.824642e-04 
 1.123161e+00 -4.939845e-04 
 1.123563e+00 -5.057525e-04 
 1.123966e+00 -5.200698e-04 
 1.124369e+00 -5.352748e-04 
 1.124773e+00 -5.533032e-04 
 1.125177e+00 -5.725062e-04 
 1.125581e+00 -5.940170e-04 
 1.125985e+00 -6.175286e-04 
 1.126388e+00 -6.394101e-04 
 1.126792e+00 -6.622293e-04 
 1.127196e+00 -6.805038e-04 
 1.127600e+00 -6.967677e-04 
 1.128004e+00 -7.082811e-04 
 1.128406e+00 -7.163801e-04 
 1.128808e+00 -7.194905e-04 
 1.129210e+00 -7.174687e-04 
 1.129612e+00 -7.104114e-04 
 1.130014e+00 -6.996291e-04 
 1.130416e+00 -6.858008e-04 
 1.130818e+00 -6.682638e-04 
 1.131220e+00 -6.493004e-04 
 1.131622e+00 -6.280073e-04 
 1.132024e+00 -6.066278e-04 
 1.132428e+00 -5.843867e-04 
 1.132832e+00 -5.636668e-04 
 1.133236e+00 -5.438332e-04 
 1.133639e+00 -5.259124e-04 
 1.134043e+00 -5.106545e-04 
 1.134447e+00 -4.978553e-04 
 1.134851e+00 -4.870931e-04 
 1.135255e+00 -4.794962e-04 
 1.135659e+00 -4.738838e-04 
 1.136062e+00 -4.694432e-04 
 1.136464e+00 -4.664077e-04 
 1.136866e+00 -4.634306e-04 
 1.137268e+00 -4.595047e-04 
 1.137671e+00 -4.528966e-04 
 1.138073e+00 -4.447474e-04 
 1.138475e+00 -4.352862e-04 
 1.138877e+00 -4.241118e-04 
 1.139279e+00 -4.123285e-04 
 1.139681e+00 -3.990711e-04 
 1.140083e+00 -3.856355e-04 
 1.140485e+00 -3.731846e-04 
 1.140887e+00 -3.617424e-04 
 1.141289e+00 -3.521594e-04 
 1.141691e+00 -3.435418e-04 
 1.142093e+00 -3.361552e-04 
 1.142495e+00 -3.309851e-04 
 1.142897e+00 -3.275268e-04 
 1.143299e+00 -3.261552e-04 
 1.143701e+00 -3.277331e-04 
 1.144103e+00 -3.316368e-04 
 1.144507e+00 -3.396203e-04 
 1.144911e+00 -3.481219e-04 
 1.145314e+00 -3.595278e-04 
 1.145718e+00 -3.717343e-04 
 1.146122e+00 -3.860189e-04 
 1.146526e+00 -4.023016e-04 
 1.146930e+00 -4.196232e-04 
 1.147333e+00 -4.371654e-04 
 1.147737e+00 -4.545462e-04 
 1.148141e+00 -4.710070e-04 
 1.148545e+00 -4.862854e-04 
 1.148949e+00 -4.991702e-04 
 1.149352e+00 -5.085889e-04 
 1.149756e+00 -5.148001e-04 
 1.150160e+00 -5.185272e-04 
 1.150564e+00 -5.206045e-04 
 1.150968e+00 -5.185136e-04 
 1.151372e+00 -5.148217e-04 
 1.151775e+00 -5.100348e-04 
 1.152179e+00 -5.044669e-04 
 1.152581e+00 -4.983530e-04 
 1.152983e+00 -4.917494e-04 
 1.153385e+00 -4.852665e-04 
 1.153787e+00 -4.794318e-04 
 1.154189e+00 -4.762544e-04 
 1.154591e+00 -4.736423e-04 
 1.154993e+00 -4.721852e-04 
 1.155395e+00 -4.723127e-04 
 1.155797e+00 -4.733068e-04 
 1.156199e+00 -4.746295e-04 
 1.156603e+00 -4.743094e-04 
 1.157007e+00 -4.720988e-04 
 1.157411e+00 -4.660163e-04 
 1.157815e+00 -4.555122e-04 
 1.158219e+00 -4.404815e-04 
 1.158623e+00 -4.207198e-04 
 1.159027e+00 -3.962952e-04 
 1.159431e+00 -3.679938e-04 
 1.159835e+00 -3.362088e-04 
 1.160239e+00 -3.027583e-04 
 1.160641e+00 -2.690000e-04 
 1.161043e+00 -2.364764e-04 
 1.161445e+00 -2.039338e-04 
 1.161847e+00 -1.731354e-04 
 1.162249e+00 -1.445768e-04 
 1.162651e+00 -1.164611e-04 
 1.163053e+00 -8.977958e-05 
 1.163455e+00 -6.464152e-05 
 1.163857e+00 -4.179919e-05 
 1.164259e+00 -1.932567e-05 
 1.164661e+00  1.261618e-06 
 1.165063e+00  2.155347e-05 
 1.165465e+00  4.114797e-05 
 1.165867e+00  5.969775e-05 
 1.166269e+00  7.574673e-05 
 1.166671e+00  9.078829e-05 
 1.167073e+00  1.044887e-04 
 1.167475e+00  1.171876e-04 
 1.167877e+00  1.273655e-04 
 1.168279e+00  1.357236e-04 
 1.168681e+00  1.422323e-04 
 1.169083e+00  1.465716e-04 
 1.169485e+00  1.496023e-04 
 1.169887e+00  1.508829e-04 
 1.170289e+00  1.499550e-04 
 1.170691e+00  1.474923e-04 
 1.171093e+00  1.438086e-04 
 1.171495e+00  1.386620e-04 
 1.171897e+00  1.331215e-04 
 1.172299e+00  1.268132e-04 
 1.172701e+00  1.192563e-04 
 1.173103e+00  1.117364e-04 
 1.173505e+00  1.020708e-04 
 1.173907e+00  9.020357e-05 
 1.174309e+00  7.475826e-05 
 1.174711e+00  5.517547e-05 
 1.175113e+00  3.134117e-05 
 1.175515e+00  3.756310e-06 
 1.175917e+00 -2.797150e-05 
 1.176319e+00 -6.211523e-05 
 1.176721e+00 -9.639704e-05 
 1.177123e+00 -1.291521e-04 
 1.177525e+00 -1.596777e-04 
 1.177927e+00 -1.877902e-04 
 1.178329e+00 -2.108902e-04 
 1.178731e+00 -2.276983e-04 
 1.179133e+00 -2.395630e-04 
 1.179535e+00 -2.466409e-04 
 1.179937e+00 -2.508427e-04 
 1.180339e+00 -2.539286e-04 
 1.180741e+00 -2.562767e-04 
 1.181143e+00 -2.581208e-04 
 1.181545e+00 -2.600092e-04 
 1.181947e+00 -2.633314e-04 
 1.182349e+00 -2.669790e-04 
 1.182751e+00 -2.720388e-04 
 1.183153e+00 -2.761582e-04 
 1.183555e+00 -2.792039e-04 
 1.183957e+00 -2.823703e-04 
 1.184359e+00 -2.836971e-04 
 1.184762e+00 -2.833872e-04 
 1.185166e+00 -2.794732e-04 
 1.185570e+00 -2.721935e-04 
 1.185974e+00 -2.625431e-04 
 1.186378e+00 -2.498355e-04 
 1.186781e+00 -2.350291e-04 
 1.187185e+00 -2.172763e-04 
 1.187589e+00 -1.992725e-04 
 1.187993e+00 -1.817118e-04 
 1.188397e+00 -1.647641e-04 
 1.188799e+00 -1.487682e-04 
 1.189201e+00 -1.335564e-04 
 1.189603e+00 -1.197205e-04 
 1.190005e+00 -1.086485e-04 
 1.190407e+00 -9.895473e-05 
 1.190809e+00 -9.085059e-05 
 1.191210e+00 -8.406597e-05 
 1.191612e+00 -7.842026e-05 
 1.192014e+00 -7.418765e-05 
 1.192416e+00 -6.906323e-05 
 1.192818e+00 -6.227448e-05 
 1.193220e+00 -5.505086e-05 
 1.193622e+00 -4.771825e-05 
 1.194024e+00 -4.204397e-05 
 1.194427e+00 -3.913147e-05 
 1.194829e+00 -3.778725e-05 
 1.195231e+00 -3.993459e-05 
 1.195633e+00 -4.611803e-05 
 1.196035e+00 -5.534028e-05 
 1.196437e+00 -6.845127e-05 
 1.196840e+00 -8.314893e-05 
 1.197244e+00 -9.879059e-05 
 1.197648e+00 -1.149528e-04 
 1.198052e+00 -1.311998e-04 
 1.198455e+00 -1.463579e-04 
 1.198859e+00 -1.594394e-04 
 1.199263e+00 -1.714358e-04 
 1.199667e+00 -1.825251e-04 
 1.200071e+00 -1.935058e-04 
 1.200474e+00 -2.036836e-04 
 1.200878e+00 -2.146110e-04 
 1.201282e+00 -2.274932e-04 
 1.201686e+00 -2.419417e-04 
 1.202090e+00 -2.586492e-04 
 1.202494e+00 -2.769904e-04 
 1.202897e+00 -2.961315e-04 
 1.203301e+00 -3.164134e-04 
 1.203705e+00 -3.370490e-04 
 1.204109e+00 -3.575731e-04 
 1.204513e+00 -3.773623e-04 
 1.204915e+00 -3.954267e-04 
 1.205317e+00 -4.117107e-04 
 1.205719e+00 -4.264180e-04 
 1.206121e+00 -4.386474e-04 
 1.206523e+00 -4.480323e-04 
 1.206925e+00 -4.541513e-04 
 1.207327e+00 -4.572179e-04 
 1.207729e+00 -4.583879e-04 
 1.208131e+00 -4.593964e-04 
 1.208533e+00 -4.606522e-04 
 1.208935e+00 -4.617402e-04 
 1.209337e+00 -4.634826e-04 
 1.209739e+00 -4.650380e-04 
 1.210141e+00 -4.686149e-04 
 1.210543e+00 -4.721920e-04 
 1.210945e+00 -4.755572e-04 
 1.211347e+00 -4.779845e-04 
 1.211749e+00 -4.790182e-04 
 1.212151e+00 -4.784069e-04 
 1.212553e+00 -4.744311e-04 
 1.212955e+00 -4.669421e-04 
 1.213357e+00 -4.563362e-04 
 1.213759e+00 -4.414960e-04 
 1.214161e+00 -4.238917e-04 
 1.214563e+00 -4.024123e-04 
 1.214965e+00 -3.790436e-04 
 1.215367e+00 -3.556234e-04 
 1.215769e+00 -3.335197e-04 
 1.216171e+00 -3.139007e-04 
 1.216573e+00 -2.958473e-04 
 1.216977e+00 -2.798045e-04 
 1.217381e+00 -2.649842e-04 
 1.217785e+00 -2.529717e-04 
 1.218188e+00 -2.415906e-04 
 1.218592e+00 -2.312697e-04 
 1.218996e+00 -2.205684e-04 
 1.219400e+00 -2.103834e-04 
 1.219804e+00 -2.005154e-04 
 1.220208e+00 -1.905424e-04 
 1.220611e+00 -1.802159e-04 
 1.221015e+00 -1.702601e-04 
 1.221419e+00 -1.615214e-04 
 1.221823e+00 -1.548119e-04 
 1.222227e+00 -1.496345e-04 
 1.222630e+00 -1.459456e-04 
 1.223034e+00 -1.447418e-04 
 1.223438e+00 -1.464107e-04 
 1.223842e+00 -1.496683e-04 
 1.224246e+00 -1.544640e-04 
 1.224650e+00 -1.603569e-04 
 1.225052e+00 -1.671638e-04 
 1.225454e+00 -1.756270e-04 
 1.225856e+00 -1.849010e-04 
 1.226258e+00 -1.960112e-04 
 1.226660e+00 -2.080444e-04 
 1.227062e+00 -2.214131e-04 
 1.227464e+00 -2.360647e-04 
 1.227866e+00 -2.519008e-04 
 1.228268e+00 -2.688837e-04 
 1.228670e+00 -2.863507e-04 
 1.229073e+00 -3.047660e-04 
 1.229477e+00 -3.244175e-04 
 1.229881e+00 -3.454173e-04 
 1.230285e+00 -3.675006e-04 
 1.230689e+00 -3.896017e-04 
 1.231092e+00 -4.111505e-04 
 1.231496e+00 -4.324871e-04 
 1.231900e+00 -4.525316e-04 
 1.232304e+00 -4.702215e-04 
 1.232708e+00 -4.844816e-04 
 1.233112e+00 -4.949387e-04 
 1.233515e+00 -5.011443e-04 
 1.233919e+00 -5.027358e-04 
 1.234323e+00 -4.998755e-04 
 1.234727e+00 -4.932774e-04 
 1.235131e+00 -4.843872e-04 
 1.235534e+00 -4.743961e-04 
 1.235938e+00 -4.643074e-04 
 1.236342e+00 -4.544914e-04 
 1.236746e+00 -4.446473e-04 
 1.237148e+00 -4.360678e-04 
 1.237550e+00 -4.282679e-04 
 1.237952e+00 -4.216346e-04 
 1.238354e+00 -4.148753e-04 
 1.238756e+00 -4.078956e-04 
 1.239158e+00 -3.996434e-04 
 1.239560e+00 -3.903223e-04 
 1.239962e+00 -3.785476e-04 
 1.240364e+00 -3.638962e-04 
 1.240766e+00 -3.467486e-04 
 1.241168e+00 -3.264367e-04 
 1.241570e+00 -3.044821e-04 
 1.241972e+00 -2.793403e-04 
 1.242374e+00 -2.522903e-04 
 1.242776e+00 -2.229130e-04 
 1.243178e+00 -1.924064e-04 
 1.243580e+00 -1.606757e-04 
 1.243982e+00 -1.283579e-04 
 1.244384e+00 -9.600477e-05 
 1.244786e+00 -6.318669e-05 
 1.245188e+00 -3.184585e-05 
 1.245590e+00 -2.794900e-06 
 1.245992e+00  2.395196e-05 
 1.246394e+00  4.798113e-05 
 1.246796e+00  6.882731e-05 
 1.247198e+00  8.575944e-05 
 1.247600e+00  9.839404e-05 
 1.248002e+00  1.078202e-04 
 1.248404e+00  1.149990e-04 
 1.248806e+00  1.209749e-04 
 1.249208e+00  1.265846e-04 
 1.249610e+00  1.313005e-04 
 1.250012e+00  1.399230e-04 
 1.250414e+00  1.449308e-04 
 1.250816e+00  1.523010e-04 
 1.251218e+00  1.592707e-04 
 1.251620e+00  1.659972e-04 
 1.252022e+00  1.715927e-04 
 1.252424e+00  1.782126e-04 
 1.252826e+00  1.833637e-04 
 1.253227e+00  1.900054e-04 
 1.253629e+00  1.964362e-04 
 1.254031e+00  2.021437e-04 
 1.254433e+00  2.070090e-04 
 1.254835e+00  2.121984e-04 
 1.255237e+00  2.143315e-04 
 1.255639e+00  2.135211e-04 
 1.256041e+00  2.093935e-04 
 1.256443e+00  2.030887e-04 
 1.256845e+00  1.947992e-04 
 1.257247e+00  1.829003e-04 
 1.257649e+00  1.683306e-04 
 1.258051e+00  1.511722e-04 
 1.258453e+00  1.323448e-04 
 1.258855e+00  1.127021e-04 
 1.259257e+00  9.158790e-05 
 1.259659e+00  6.955245e-05 
 1.260061e+00  4.604069e-05 
 1.260463e+00  2.392165e-05 
 1.260865e+00  2.932502e-06 
 1.261267e+00 -1.731738e-05 
 1.261669e+00 -3.435250e-05 
 1.262071e+00 -5.031786e-05 
 1.262473e+00 -6.315566e-05 
 1.262875e+00 -7.483376e-05 
 1.263277e+00 -8.185876e-05 
 1.263679e+00 -8.786955e-05 
 1.264081e+00 -9.138494e-05 
 1.264483e+00 -9.192044e-05 
 1.264885e+00 -9.176984e-05 
 1.265287e+00 -9.175169e-05 
 1.265689e+00 -9.331527e-05 
 1.266091e+00 -9.686733e-05 
 1.266493e+00 -1.024533e-04 
 1.266895e+00 -1.115591e-04 
 1.267297e+00 -1.243043e-04 
 1.267699e+00 -1.397968e-04 
 1.268101e+00 -1.568880e-04 
 1.268503e+00 -1.738198e-04 
 1.268905e+00 -1.905531e-04 
 1.269309e+00 -2.064590e-04 
 1.269712e+00 -2.200445e-04 
 1.270116e+00 -2.298716e-04 
 1.270520e+00 -2.360076e-04 
 1.270924e+00 -2.396820e-04 
 1.271328e+00 -2.392930e-04 
 1.271731e+00 -2.361855e-04 
 1.272135e+00 -2.306513e-04 
 1.272539e+00 -2.218901e-04 
 1.272943e+00 -2.132427e-04 
 1.273347e+00 -2.032103e-04 
 1.273750e+00 -1.949670e-04 
 1.274154e+00 -1.860167e-04 
 1.274558e+00 -1.789638e-04 
 1.274962e+00 -1.739458e-04 
 1.275366e+00 -1.724338e-04 
 1.275769e+00 -1.738998e-04 
 1.276173e+00 -1.784504e-04 
 1.276577e+00 -1.863843e-04 
 1.276981e+00 -1.981245e-04 
 1.277384e+00 -2.126123e-04 
 1.277788e+00 -2.271988e-04 
 1.278192e+00 -2.437314e-04 
 1.278596e+00 -2.606433e-04 
 1.279000e+00 -2.788177e-04 
 1.279403e+00 -2.964796e-04 
 1.279807e+00 -3.148158e-04 
 1.280211e+00 -3.346532e-04 
 1.280615e+00 -3.550174e-04 
 1.281019e+00 -3.748303e-04 
 1.281421e+00 -3.942172e-04 
 1.281823e+00 -4.120517e-04 
 1.282225e+00 -4.286867e-04 
 1.282627e+00 -4.427570e-04 
 1.283029e+00 -4.545962e-04 
 1.283431e+00 -4.643709e-04 
 1.283833e+00 -4.726671e-04 
 1.284235e+00 -4.769238e-04 
 1.284637e+00 -4.790173e-04 
 1.285039e+00 -4.784707e-04 
 1.285442e+00 -4.773754e-04 
 1.285846e+00 -4.754710e-04 
 1.286250e+00 -4.737219e-04 
 1.286654e+00 -4.742283e-04 
 1.287057e+00 -4.798672e-04 
 1.287461e+00 -4.893592e-04 
 1.287865e+00 -5.045432e-04 
 1.288269e+00 -5.244738e-04 
 1.288673e+00 -5.448103e-04 
 1.289077e+00 -5.653032e-04 
 1.289480e+00 -5.838637e-04 
 1.289884e+00 -5.983706e-04 
 1.290288e+00 -6.093074e-04 
 1.290692e+00 -6.146488e-04 
 1.291096e+00 -6.146483e-04 
 1.291499e+00 -6.099466e-04 
 1.291903e+00 -5.996153e-04 
 1.292307e+00 -5.847318e-04 
 1.292711e+00 -5.656811e-04 
 1.293115e+00 -5.443765e-04 
 1.293517e+00 -5.216556e-04 
 1.293919e+00 -4.991247e-04 
 1.294321e+00 -4.776812e-04 
 1.294723e+00 -4.584714e-04 
 1.295125e+00 -4.422652e-04 
 1.295527e+00 -4.303965e-04 
 1.295929e+00 -4.221123e-04 
 1.296331e+00 -4.168773e-04 
 1.296733e+00 -4.141226e-04 
 1.297135e+00 -4.136965e-04 
 1.297537e+00 -4.139011e-04 
 1.297939e+00 -4.144421e-04 
 1.298341e+00 -4.130487e-04 
 1.298743e+00 -4.096074e-04 
 1.299145e+00 -4.049446e-04 
 1.299547e+00 -3.980417e-04 
 1.299949e+00 -3.896600e-04 
 1.300351e+00 -3.790940e-04 
 1.300753e+00 -3.675179e-04 
 1.301155e+00 -3.569447e-04 
 1.301559e+00 -3.467059e-04 
 1.301962e+00 -3.352062e-04 
 1.302366e+00 -3.228885e-04 
 1.302770e+00 -3.104182e-04 
 1.303174e+00 -2.969686e-04 
 1.303578e+00 -2.824757e-04 
 1.303982e+00 -2.648563e-04 
 1.304385e+00 -2.463128e-04 
 1.304789e+00 -2.267184e-04 
 1.305193e+00 -2.057883e-04 
 1.305597e+00 -1.849188e-04 
 1.306001e+00 -1.650716e-04 
 1.306405e+00 -1.481977e-04 
 1.306808e+00 -1.348654e-04 
 1.307212e+00 -1.272652e-04 
 1.307616e+00 -1.246250e-04 
 1.308020e+00 -1.291971e-04 
 1.308424e+00 -1.392359e-04 
 1.308828e+00 -1.534827e-04 
 1.309231e+00 -1.701263e-04 
 1.309633e+00 -1.893220e-04 
 1.310035e+00 -2.070492e-04 
 1.310437e+00 -2.223953e-04 
 1.310839e+00 -2.345871e-04 
 1.311241e+00 -2.420338e-04 
 1.311643e+00 -2.452239e-04 
 1.312045e+00 -2.446620e-04 
 1.312447e+00 -2.406660e-04 
 1.312849e+00 -2.347987e-04 
 1.313251e+00 -2.277068e-04 
 1.313653e+00 -2.200419e-04 
 1.314055e+00 -2.127584e-04 
 1.314457e+00 -2.068397e-04 
 1.314859e+00 -2.048959e-04 
 1.315261e+00 -2.077969e-04 
 1.315663e+00 -2.157720e-04 
 1.316065e+00 -2.291491e-04 
 1.316467e+00 -2.471111e-04 
 1.316869e+00 -2.686482e-04 
 1.317271e+00 -2.918403e-04 
 1.317673e+00 -3.156959e-04 
 1.318075e+00 -3.374631e-04 
 1.318477e+00 -3.561543e-04 
 1.318879e+00 -3.719544e-04 
 1.319281e+00 -3.833769e-04 
 1.319683e+00 -3.904073e-04 
 1.320085e+00 -3.932036e-04 
 1.320487e+00 -3.924610e-04 
 1.320889e+00 -3.887639e-04 
 1.321291e+00 -3.817944e-04 
 1.321693e+00 -3.721463e-04 
 1.322095e+00 -3.611333e-04 
 1.322497e+00 -3.490108e-04 
 1.322899e+00 -3.359732e-04 
 1.323301e+00 -3.223208e-04 
 1.323703e+00 -3.079251e-04 
 1.324105e+00 -2.917573e-04 
 1.324507e+00 -2.733024e-04 
 1.324909e+00 -2.518121e-04 
 1.325311e+00 -2.283856e-04 
 1.325713e+00 -2.033422e-04 
 1.326115e+00 -1.774972e-04 
 1.326517e+00 -1.515659e-04 
 1.326919e+00 -1.266902e-04 
 1.327321e+00 -1.048619e-04 
 1.327723e+00 -8.629635e-05 
 1.328125e+00 -7.095104e-05 
 1.328527e+00 -5.901282e-05 
 1.328929e+00 -5.051737e-05 
 1.329331e+00 -4.475259e-05 
 1.329733e+00 -4.020720e-05 
 1.330135e+00 -3.537757e-05 
 1.330537e+00 -3.005701e-05 
 1.330939e+00 -2.294786e-05 
 1.331341e+00 -1.427851e-05 
 1.331743e+00 -3.539352e-06 
 1.332145e+00  8.684114e-06 
 1.332547e+00  2.318046e-05 
 1.332949e+00  3.748399e-05 
 1.333351e+00  5.428360e-05 
 1.333755e+00  7.080710e-05 
 1.334159e+00  8.668201e-05 
 1.334563e+00  1.013465e-04 
 1.334966e+00  1.116669e-04 
 1.335370e+00  1.172308e-04 
 1.335774e+00  1.178561e-04 
 1.336178e+00  1.119967e-04 
 1.336581e+00  1.003145e-04 
 1.336985e+00  8.273256e-05 
 1.337389e+00  5.944768e-05 
 1.337793e+00  3.411331e-05 
 1.338197e+00  8.682631e-06 
 1.338600e+00 -1.552998e-05 
 1.339004e+00 -3.793103e-05 
 1.339408e+00 -5.736648e-05 
 1.339812e+00 -7.341433e-05 
 1.340215e+00 -8.508336e-05 
 1.340619e+00 -9.478185e-05 
 1.341023e+00 -1.031266e-04 
 1.341427e+00 -1.090633e-04 
 1.341829e+00 -1.153925e-04 
 1.342231e+00 -1.200304e-04 
 1.342633e+00 -1.270193e-04 
 1.343035e+00 -1.337891e-04 
 1.343437e+00 -1.424317e-04 
 1.343839e+00 -1.513938e-04 
 1.344241e+00 -1.604930e-04 
 1.344643e+00 -1.688306e-04 
 1.345045e+00 -1.780182e-04 
 1.345447e+00 -1.861265e-04 
 1.345849e+00 -1.917162e-04 
 1.346251e+00 -1.968684e-04 
 1.346653e+00 -2.015151e-04 
 1.347055e+00 -2.073041e-04 
 1.347457e+00 -2.132278e-04 
 1.347859e+00 -2.202530e-04 
 1.348261e+00 -2.284559e-04 
 1.348663e+00 -2.402053e-04 
 1.349065e+00 -2.526382e-04 
 1.349467e+00 -2.642842e-04 
 1.349869e+00 -2.754607e-04 
 1.350271e+00 -2.862864e-04 
 1.350673e+00 -2.955869e-04 
 1.351075e+00 -3.026310e-04 
 1.351477e+00 -3.064597e-04 
 1.351879e+00 -3.091416e-04 
 1.352281e+00 -3.100928e-04 
 1.352683e+00 -3.085760e-04 
 1.353085e+00 -3.049740e-04 
 1.353487e+00 -2.984147e-04 
 1.353888e+00 -2.914210e-04 
 1.354290e+00 -2.830829e-04 
 1.354692e+00 -2.748006e-04 
 1.355094e+00 -2.674058e-04 
 1.355496e+00 -2.610767e-04 
 1.355898e+00 -2.580114e-04 
 1.356300e+00 -2.576894e-04 
 1.356702e+00 -2.605688e-04 
 1.357104e+00 -2.668575e-04 
 1.357506e+00 -2.746033e-04 
 1.357908e+00 -2.849796e-04 
 1.358310e+00 -2.964617e-04 
 1.358712e+00 -3.072291e-04 
 1.359114e+00 -3.168425e-04 
 1.359516e+00 -3.248700e-04 
 1.359918e+00 -3.310267e-04 
 1.360320e+00 -3.336293e-04 
 1.360722e+00 -3.338454e-04 
 1.361124e+00 -3.309895e-04 
 1.361526e+00 -3.270480e-04 
 1.361928e+00 -3.231197e-04 
 1.362330e+00 -3.185737e-04 
 1.362732e+00 -3.153307e-04 
 1.363134e+00 -3.143781e-04 
 1.363536e+00 -3.159462e-04 
 1.363938e+00 -3.190344e-04 
 1.364340e+00 -3.226509e-04 
 1.364742e+00 -3.284332e-04 
 1.365144e+00 -3.371822e-04 
 1.365546e+00 -3.461031e-04 
 1.365950e+00 -3.556305e-04 
 1.366354e+00 -3.659229e-04 
 1.366758e+00 -3.768727e-04 
 1.367162e+00 -3.898189e-04 
 1.367566e+00 -4.031596e-04 
 1.367970e+00 -4.170294e-04 
 1.368374e+00 -4.307036e-04 
 1.368778e+00 -4.444351e-04 
 1.369182e+00 -4.566142e-04 
 1.369586e+00 -4.677122e-04 
 1.369988e+00 -4.770992e-04 
 1.370390e+00 -4.848460e-04 
 1.370792e+00 -4.904561e-04 
 1.371194e+00 -4.939066e-04 
 1.371596e+00 -4.950493e-04 
 1.371998e+00 -4.943795e-04 
 1.372400e+00 -4.918333e-04 
 1.372802e+00 -4.888121e-04 
 1.373204e+00 -4.855300e-04 
 1.373606e+00 -4.810474e-04 
 1.374010e+00 -4.763444e-04 
 1.374414e+00 -4.705546e-04 
 1.374818e+00 -4.654796e-04 
 1.375221e+00 -4.593178e-04 
 1.375625e+00 -4.522631e-04 
 1.376029e+00 -4.453851e-04 
 1.376433e+00 -4.388010e-04 
 1.376837e+00 -4.331094e-04 
 1.377241e+00 -4.279787e-04 
 1.377644e+00 -4.224137e-04 
 1.378048e+00 -4.180750e-04 
 1.378452e+00 -4.130910e-04 
 1.378856e+00 -4.077851e-04 
 1.379260e+00 -4.016117e-04 
 1.379663e+00 -3.940451e-04 
 1.380067e+00 -3.852080e-04 
 1.380471e+00 -3.742798e-04 
 1.380875e+00 -3.612110e-04 
 1.381279e+00 -3.461618e-04 
 1.381683e+00 -3.300706e-04 
 1.382085e+00 -3.131758e-04 
 1.382487e+00 -2.965283e-04 
 1.382889e+00 -2.803143e-04 
 1.383291e+00 -2.659583e-04 
 1.383693e+00 -2.537708e-04 
 1.384095e+00 -2.440726e-04 
 1.384497e+00 -2.363023e-04 
 1.384899e+00 -2.316171e-04 
 1.385301e+00 -2.278894e-04 
 1.385703e+00 -2.248392e-04 
 1.386105e+00 -2.232051e-04 
 1.386507e+00 -2.221830e-04 
 1.386909e+00 -2.222496e-04 
 1.387311e+00 -2.251895e-04 
 1.387713e+00 -2.294284e-04 
 1.388115e+00 -2.353547e-04 
 1.388517e+00 -2.416734e-04 
 1.388919e+00 -2.490420e-04 
 1.389321e+00 -2.559356e-04 
 1.389723e+00 -2.610338e-04 
 1.390127e+00 -2.648586e-04 
 1.390531e+00 -2.672272e-04 
 1.390935e+00 -2.671928e-04 
 1.391339e+00 -2.661190e-04 
 1.391742e+00 -2.645190e-04 
 1.392146e+00 -2.640826e-04 
 1.392550e+00 -2.660355e-04 
 1.392954e+00 -2.703340e-04 
 1.393358e+00 -2.771389e-04 
 1.393762e+00 -2.859972e-04 
 1.394165e+00 -2.973348e-04 
 1.394569e+00 -3.098948e-04 
 1.394973e+00 -3.227220e-04 
 1.395377e+00 -3.348802e-04 
 1.395781e+00 -3.454682e-04 
 1.396185e+00 -3.532005e-04 
 1.396588e+00 -3.579543e-04 
 1.396992e+00 -3.594124e-04 
 1.397396e+00 -3.596557e-04 
 1.397800e+00 -3.597851e-04 
 1.398202e+00 -3.601364e-04 
 1.398604e+00 -3.609128e-04 
 1.399006e+00 -3.623098e-04 
 1.399408e+00 -3.644765e-04 
 1.399810e+00 -3.665839e-04 
 1.400212e+00 -3.692899e-04 
 1.400614e+00 -3.717198e-04 
 1.401016e+00 -3.738895e-04 
 1.401418e+00 -3.757005e-04 
 1.401820e+00 -3.761061e-04 
 1.402222e+00 -3.770058e-04 
 1.402624e+00 -3.774741e-04 
 1.403026e+00 -3.772813e-04 
 1.403428e+00 -3.761943e-04 
 1.403830e+00 -3.740775e-04 
 1.404232e+00 -3.700933e-04 
 1.404634e+00 -3.638533e-04 
 1.405036e+00 -3.559016e-04 
 1.405438e+00 -3.457912e-04 
 1.405840e+00 -3.341214e-04 
 1.406244e+00 -3.198864e-04 
 1.406648e+00 -3.051387e-04 
 1.407051e+00 -2.905214e-04 
 1.407455e+00 -2.766884e-04 
 1.407859e+00 -2.640979e-04 
 1.408263e+00 -2.527023e-04 
 1.408667e+00 -2.425105e-04 
 1.409070e+00 -2.340553e-04 
 1.409474e+00 -2.247625e-04 
 1.409878e+00 -2.144553e-04 
 1.410282e+00 -2.026606e-04 
 1.410686e+00 -1.882645e-04 
 1.411089e+00 -1.712253e-04 
 1.411493e+00 -1.509496e-04 
 1.411897e+00 -1.293604e-04 
 1.412301e+00 -1.077296e-04 
 1.412705e+00 -8.692803e-05 
 1.413108e+00 -6.732654e-05 
 1.413512e+00 -4.954443e-05 
 1.413916e+00 -3.418462e-05 
 1.414318e+00 -2.182173e-05 
 1.414720e+00 -1.168672e-05 
 1.415122e+00 -3.512544e-06 
 1.415524e+00  4.666024e-06 
 1.415926e+00  1.338344e-05 
 1.416328e+00  2.307137e-05 
 1.416730e+00  3.409952e-05 
 1.417132e+00  4.460568e-05 
 1.417534e+00  5.835846e-05 
 1.417936e+00  7.057571e-05 
 1.418339e+00  8.302206e-05 
 1.418743e+00  9.444039e-05 
 1.419147e+00  1.033646e-04 
 1.419551e+00  1.100603e-04 
 1.419954e+00  1.139089e-04 
 1.420358e+00  1.128309e-04 
 1.420762e+00  1.094518e-04 
 1.421166e+00  1.036757e-04 
 1.421569e+00  9.590760e-05 
 1.421973e+00  8.600281e-05 
 1.422377e+00  7.484011e-05 
 1.422781e+00  6.223540e-05 
 1.423185e+00  4.893571e-05 
 1.423588e+00  3.698860e-05 
 1.423992e+00  2.649062e-05 
 1.424396e+00  2.002059e-05 
 1.424800e+00  1.621251e-05 
 1.425204e+00  1.776549e-05 
 1.425607e+00  2.190785e-05 
 1.426011e+00  2.902076e-05 
 1.426413e+00  3.688985e-05 
 1.426815e+00  4.487813e-05 
 1.427217e+00  5.013462e-05 
 1.427619e+00  5.251433e-05 
 1.428021e+00  4.918600e-05 
 1.428423e+00  4.224479e-05 
 1.428825e+00  3.038112e-05 
 1.429227e+00  1.439854e-05 
 1.429629e+00 -2.928049e-06 
 1.430031e+00 -1.992950e-05 
 1.430433e+00 -3.584421e-05 
 1.430835e+00 -4.820689e-05 
 1.431237e+00 -5.734801e-05 
 1.431639e+00 -6.260995e-05 
 1.432041e+00 -6.448705e-05 
 1.432443e+00 -6.233989e-05 
 1.432845e+00 -5.971992e-05 
 1.433247e+00 -5.620196e-05 
 1.433649e+00 -5.288383e-05 
 1.434051e+00 -5.146566e-05 
 1.434453e+00 -5.137238e-05 
 1.434855e+00 -5.424764e-05 
 1.435257e+00 -5.788500e-05 
 1.435659e+00 -6.288023e-05 
 1.436061e+00 -6.858600e-05 
 1.436463e+00 -7.439253e-05 
 1.436865e+00 -8.015664e-05 
 1.437267e+00 -8.452875e-05 
 1.437669e+00 -8.944021e-05 
 1.438071e+00 -9.312626e-05 
 1.438473e+00 -9.540185e-05 
 1.438875e+00 -9.809127e-05 
 1.439276e+00 -1.010048e-04 
 1.439678e+00 -1.045963e-04 
 1.440080e+00 -1.105717e-04 
 1.440482e+00 -1.171174e-04 
 1.440884e+00 -1.269498e-04 
 1.441286e+00 -1.386042e-04 
 1.441688e+00 -1.529007e-04 
 1.442090e+00 -1.683799e-04 
 1.442494e+00 -1.857416e-04 
 1.442898e+00 -2.046856e-04 
 1.443301e+00 -2.236092e-04 
 1.443705e+00 -2.399497e-04 
 1.444109e+00 -2.532530e-04 
 1.444513e+00 -2.631313e-04 
 1.444917e+00 -2.693962e-04 
 1.445320e+00 -2.700842e-04 
 1.445724e+00 -2.661044e-04 
 1.446128e+00 -2.584264e-04 
 1.446532e+00 -2.483857e-04 
 1.446936e+00 -2.373799e-04 
 1.447339e+00 -2.293839e-04 
 1.447743e+00 -2.257685e-04 
 1.448147e+00 -2.280515e-04 
 1.448551e+00 -2.354561e-04 
 1.448955e+00 -2.492991e-04 
 1.449358e+00 -2.684892e-04 
 1.449762e+00 -2.916753e-04 
 1.450166e+00 -3.170744e-04 
 1.450568e+00 -3.433772e-04 
 1.450970e+00 -3.682319e-04 
 1.451372e+00 -3.907122e-04 
 1.451774e+00 -4.090724e-04 
 1.452176e+00 -4.230351e-04 
 1.452578e+00 -4.339713e-04 
 1.452980e+00 -4.429271e-04 
 1.453382e+00 -4.506870e-04 
 1.453784e+00 -4.570658e-04 
 1.454186e+00 -4.637388e-04 
 1.454588e+00 -4.719017e-04 
 1.454990e+00 -4.815939e-04 
 1.455392e+00 -4.922777e-04 
 1.455794e+00 -5.030364e-04 
 1.456196e+00 -5.149478e-04 
 1.456598e+00 -5.276025e-04 
 1.457000e+00 -5.401082e-04 
 1.457402e+00 -5.527228e-04 
 1.457804e+00 -5.650725e-04 
 1.458206e+00 -5.772565e-04 
 1.458609e+00 -5.901334e-04 
 1.459013e+00 -6.022158e-04 
 1.459417e+00 -6.132823e-04 
 1.459821e+00 -6.236865e-04 
 1.460225e+00 -6.334711e-04 
 1.460628e+00 -6.428146e-04 
 1.461032e+00 -6.512593e-04 
 1.461436e+00 -6.587953e-04 
 1.461840e+00 -6.663874e-04 
 1.462244e+00 -6.752791e-04 
 1.462647e+00 -6.832973e-04 
 1.463051e+00 -6.909243e-04 
 1.463455e+00 -6.972205e-04 
 1.463859e+00 -7.008547e-04 
 1.464263e+00 -7.007008e-04 
 1.464667e+00 -6.958584e-04 
 1.465070e+00 -6.850639e-04 
 1.465474e+00 -6.696795e-04 
 1.465878e+00 -6.483187e-04 
 1.466282e+00 -6.232868e-04 
 1.466686e+00 -5.956277e-04 
 1.467090e+00 -5.676438e-04 
 1.467493e+00 -5.410311e-04 
 1.467897e+00 -5.174339e-04 
 1.468301e+00 -4.978250e-04 
 1.468705e+00 -4.828486e-04 
 1.469109e+00 -4.744389e-04 
 1.469513e+00 -4.713635e-04 
 1.469916e+00 -4.728743e-04 
 1.470320e+00 -4.767356e-04 
 1.470722e+00 -4.818871e-04 
 1.471124e+00 -4.858576e-04 
 1.471526e+00 -4.881069e-04 
 1.471928e+00 -4.878676e-04 
 1.472330e+00 -4.861331e-04 
 1.472733e+00 -4.811854e-04 
 1.473135e+00 -4.742947e-04 
 1.473537e+00 -4.658533e-04 
 1.473939e+00 -4.558511e-04 
 1.474341e+00 -4.451803e-04 
 1.474744e+00 -4.344057e-04 
 1.475148e+00 -4.247366e-04 
 1.475552e+00 -4.154525e-04 
 1.475956e+00 -4.057747e-04 
 1.476360e+00 -3.973817e-04 
 1.476763e+00 -3.916288e-04 
 1.477167e+00 -3.879839e-04 
 1.477571e+00 -3.866165e-04 
 1.477975e+00 -3.885997e-04 
 1.478379e+00 -3.940948e-04 
 1.478782e+00 -4.022135e-04 
 1.479186e+00 -4.121745e-04 
 1.479590e+00 -4.228289e-04 
 1.479994e+00 -4.334265e-04 
 1.480398e+00 -4.440505e-04 
 1.480802e+00 -4.540480e-04 
 1.481205e+00 -4.625356e-04 
 1.481609e+00 -4.695750e-04 
 1.482013e+00 -4.756315e-04 
 1.482417e+00 -4.808563e-04 
 1.482821e+00 -4.858287e-04 
 1.483225e+00 -4.903643e-04 
 1.483628e+00 -4.938362e-04 
 1.484032e+00 -4.958579e-04 
 1.484436e+00 -4.950229e-04 
 1.484840e+00 -4.911311e-04 
 1.485244e+00 -4.838709e-04 
 1.485647e+00 -4.720204e-04 
 1.486051e+00 -4.562762e-04 
 1.486455e+00 -4.370683e-04 
 1.486857e+00 -4.165258e-04 
 1.487259e+00 -3.948629e-04 
 1.487661e+00 -3.741092e-04 
 1.488063e+00 -3.559418e-04 
 1.488465e+00 -3.411648e-04 
 1.488867e+00 -3.301588e-04 
 1.489269e+00 -3.219157e-04 
 1.489671e+00 -3.171205e-04 
 1.490073e+00 -3.142934e-04 
 1.490475e+00 -3.117098e-04 
 1.490877e+00 -3.080754e-04 
 1.491279e+00 -3.025616e-04 
 1.491681e+00 -2.947647e-04 
 1.492083e+00 -2.835285e-04 
 1.492485e+00 -2.692313e-04 
 1.492887e+00 -2.520346e-04 
 1.493290e+00 -2.326819e-04 
 1.493692e+00 -2.113560e-04 
 1.494094e+00 -1.888294e-04 
 1.494496e+00 -1.644557e-04 
 1.494898e+00 -1.388258e-04 
 1.495300e+00 -1.112446e-04 
 1.495702e+00 -8.179661e-05 
 1.496104e+00 -5.010463e-05 
 1.496506e+00 -1.854348e-05 
 1.496908e+00  1.109803e-05 
 1.497310e+00  3.772555e-05 
 1.497712e+00  6.131340e-05 
 1.498114e+00  8.057993e-05 
 1.498516e+00  9.455556e-05 
 1.498919e+00  1.037740e-04 
 1.499323e+00  1.094529e-04 
 1.499727e+00  1.120103e-04 
 1.500131e+00  1.135089e-04 
 1.500534e+00  1.148957e-04 
 1.500938e+00  1.165066e-04 
 1.501342e+00  1.189864e-04 
 1.501746e+00  1.219343e-04 
 1.502150e+00  1.251102e-04 
 1.502553e+00  1.281552e-04 
 1.502955e+00  1.305010e-04 
 1.503357e+00  1.325017e-04 
 1.503759e+00  1.346527e-04 
 1.504161e+00  1.355187e-04 
 1.504563e+00  1.363710e-04 
 1.504965e+00  1.365535e-04 
 1.505367e+00  1.364474e-04 
 1.505769e+00  1.351884e-04 
 1.506171e+00  1.332042e-04 
 1.506573e+00  1.312561e-04 
 1.506975e+00  1.286007e-04 
 1.507377e+00  1.234899e-04 
 1.507779e+00  1.156232e-04 
 1.508181e+00  1.049850e-04 
 1.508583e+00  9.089837e-05 
 1.508985e+00  7.428112e-05 
 1.509387e+00  5.488471e-05 
 1.509789e+00  3.337491e-05 
 1.510191e+00  1.152587e-05 
 1.510593e+00 -9.718179e-06 
 1.510995e+00 -2.990495e-05 
 1.511397e+00 -4.839531e-05 
 1.511799e+00 -6.319408e-05 
 1.512201e+00 -7.575180e-05 
 1.512603e+00 -8.633825e-05 
 1.513005e+00 -9.654155e-05 
 1.513407e+00 -1.063695e-04 
 1.513809e+00 -1.149327e-04 
 1.514211e+00 -1.232577e-04 
 1.514613e+00 -1.293348e-04 
 1.515017e+00 -1.330127e-04 
 1.515421e+00 -1.339597e-04 
 1.515825e+00 -1.314461e-04 
 1.516228e+00 -1.248274e-04 
 1.516632e+00 -1.157582e-04 
 1.517036e+00 -1.038464e-04 
 1.517440e+00 -9.146781e-05 
 1.517844e+00 -7.959126e-05 
 1.518247e+00 -7.014959e-05 
 1.518651e+00 -6.295949e-05 
 1.519053e+00 -5.967865e-05 
 1.519455e+00 -5.842032e-05 
 1.519857e+00 -5.850462e-05 
 1.520259e+00 -5.879285e-05 
 1.520661e+00 -5.813935e-05 
 1.521063e+00 -5.795656e-05 
 1.521465e+00 -5.602856e-05 
 1.521867e+00 -5.302394e-05 
 1.522269e+00 -4.796525e-05 
 1.522671e+00 -4.008244e-05 
 1.523073e+00 -3.216790e-05 
 1.523475e+00 -2.256510e-05 
 1.523877e+00 -1.247894e-05 
 1.524279e+00 -1.209762e-06 
 1.524681e+00  9.811281e-06 
 1.525083e+00  2.044199e-05 
 1.525485e+00  3.143419e-05 
 1.525887e+00  4.154086e-05 
 1.526289e+00  5.047718e-05 
 1.526691e+00  5.845426e-05 
 1.527093e+00  6.388701e-05 
 1.527495e+00  6.709301e-05 
 1.527897e+00  6.673493e-05 
 1.528299e+00  6.251616e-05 
 1.528701e+00  5.621564e-05 
 1.529103e+00  4.638994e-05 
 1.529505e+00  3.467827e-05 
 1.529907e+00  2.105518e-05 
 1.530309e+00  8.299399e-06 
 1.530711e+00 -3.943007e-06 
 1.531113e+00 -1.353015e-05 
 1.531515e+00 -2.037518e-05 
 1.531917e+00 -2.581790e-05 
 1.532319e+00 -2.978971e-05 
 1.532721e+00 -3.427393e-05 
 1.533123e+00 -4.074048e-05 
 1.533525e+00 -4.950805e-05 
 1.533927e+00 -6.149341e-05 
 1.534329e+00 -7.483890e-05 
 1.534731e+00 -8.913745e-05 
 1.535133e+00 -1.042893e-04 
 1.535535e+00 -1.172221e-04 
 1.535937e+00 -1.273749e-04 
 1.536339e+00 -1.338394e-04 
 1.536741e+00 -1.377590e-04 
 1.537143e+00 -1.403558e-04 
 1.537545e+00 -1.431937e-04 
 1.537947e+00 -1.462731e-04 
 1.538349e+00 -1.503637e-04 
 1.538751e+00 -1.559988e-04 
 1.539153e+00 -1.636642e-04 
 1.539555e+00 -1.726921e-04 
 1.539957e+00 -1.830527e-04 
 1.540359e+00 -1.943778e-04 
 1.540761e+00 -2.058521e-04 
 1.541163e+00 -2.165410e-04 
 1.541565e+00 -2.264008e-04 
 1.541967e+00 -2.338497e-04 
 1.542369e+00 -2.405834e-04 
 1.542771e+00 -2.460202e-04 
 1.543173e+00 -2.492504e-04 
 1.543575e+00 -2.515206e-04 
 1.543977e+00 -2.517441e-04 
 1.544379e+00 -2.509291e-04 
 1.544781e+00 -2.487901e-04 
 1.545183e+00 -2.451243e-04 
 1.545585e+00 -2.409219e-04 
 1.545987e+00 -2.360819e-04 
 1.546389e+00 -2.311960e-04 
 1.546791e+00 -2.251991e-04 
 1.547193e+00 -2.192376e-04 
 1.547595e+00 -2.136708e-04 
 1.547997e+00 -2.092176e-04 
 1.548399e+00 -2.063537e-04 
 1.548801e+00 -2.047540e-04 
 1.549203e+00 -2.043304e-04 
 1.549605e+00 -2.046883e-04 
 1.550007e+00 -2.046718e-04 
 1.550409e+00 -2.028138e-04 
 1.550811e+00 -1.985702e-04 
 1.551215e+00 -1.930205e-04 
 1.551619e+00 -1.853478e-04 
 1.552023e+00 -1.757844e-04 
 1.552426e+00 -1.653499e-04 
 1.552830e+00 -1.564484e-04 
 1.553234e+00 -1.497259e-04 
 1.553638e+00 -1.462762e-04 
 1.554042e+00 -1.460884e-04 
 1.554446e+00 -1.494027e-04 
 1.554849e+00 -1.560290e-04 
 1.555253e+00 -1.645133e-04 
 1.555657e+00 -1.733068e-04 
 1.556061e+00 -1.813267e-04 
 1.556465e+00 -1.884998e-04 
 1.556869e+00 -1.940235e-04 
 1.557272e+00 -1.991748e-04 
 1.557676e+00 -2.031729e-04 
 1.558080e+00 -2.080223e-04 
 1.558484e+00 -2.139604e-04 
 1.558888e+00 -2.217742e-04 
 1.559292e+00 -2.315538e-04 
 1.559695e+00 -2.433219e-04 
 1.560099e+00 -2.568294e-04 
 1.560503e+00 -2.715057e-04 
 1.560907e+00 -2.868950e-04 
 1.561311e+00 -3.035307e-04 
 1.561714e+00 -3.215269e-04 
 1.562118e+00 -3.413033e-04 
 1.562522e+00 -3.618989e-04 
 1.562926e+00 -3.832294e-04 
 1.563330e+00 -4.047487e-04 
 1.563733e+00 -4.250161e-04 
 1.564137e+00 -4.442869e-04 
 1.564541e+00 -4.612309e-04 
 1.564945e+00 -4.761201e-04 
 1.565349e+00 -4.884394e-04 
 1.565753e+00 -4.969943e-04 
 1.566156e+00 -5.021662e-04 
 1.566560e+00 -5.048956e-04 
 1.566964e+00 -5.056140e-04 
 1.567366e+00 -5.057998e-04 
 1.567768e+00 -5.052093e-04 
 1.568170e+00 -5.054519e-04 
 1.568572e+00 -5.064995e-04 
 1.568974e+00 -5.081564e-04 
 1.569376e+00 -5.090059e-04 
 1.569778e+00 -5.098750e-04 
 1.570180e+00 -5.098820e-04 
 1.570582e+00 -5.072150e-04 
 1.570984e+00 -5.012465e-04 
 1.571386e+00 -4.917069e-04 
 1.571788e+00 -4.781791e-04 
 1.572190e+00 -4.613560e-04 
 1.572592e+00 -4.426378e-04 
 1.572994e+00 -4.228450e-04 
 1.573396e+00 -4.042181e-04 
 1.573798e+00 -3.867552e-04 
 1.574200e+00 -3.708355e-04 
 1.574602e+00 -3.562326e-04 
 1.575004e+00 -3.431691e-04 
 1.575406e+00 -3.315376e-04 
 1.575808e+00 -3.206382e-04 
 1.576210e+00 -3.089626e-04 
 1.576612e+00 -2.959940e-04 
 1.577014e+00 -2.824064e-04 
 1.577416e+00 -2.676625e-04 
 1.577818e+00 -2.519082e-04 
 1.578220e+00 -2.345409e-04 
 1.578622e+00 -2.162424e-04 
 1.579024e+00 -1.976277e-04 
 1.579426e+00 -1.784409e-04 
 1.579828e+00 -1.588361e-04 
 1.580230e+00 -1.394194e-04 
 1.580632e+00 -1.208192e-04 
 1.581034e+00 -1.034020e-04 
 1.581436e+00 -8.858867e-05 
 1.581838e+00 -7.580819e-05 
 1.582240e+00 -6.581047e-05 
 1.582642e+00 -5.982405e-05 
 1.583044e+00 -5.687078e-05 
 1.583448e+00 -5.609663e-05 
 1.583851e+00 -5.803751e-05 
 1.584255e+00 -6.155717e-05 
 1.584659e+00 -6.506045e-05 
 1.585063e+00 -6.633020e-05 
 1.585467e+00 -6.484980e-05 
 1.585870e+00 -6.180699e-05 
 1.586274e+00 -5.509433e-05 
 1.586678e+00 -4.716388e-05 
 1.587082e+00 -3.697657e-05 
 1.587484e+00 -2.584616e-05 
 1.587886e+00 -1.516081e-05 
 1.588288e+00 -5.990463e-06 
 1.588690e+00  2.278407e-07 
 1.589092e+00  4.112733e-06 
 1.589494e+00  4.815223e-06 
 1.589896e+00  2.615877e-06 
 1.590298e+00 -1.578060e-06 
 1.590700e+00 -6.124826e-06 
 1.591102e+00 -1.075323e-05 
 1.591505e+00 -1.544363e-05 
 1.591909e+00 -2.008818e-05 
 1.592313e+00 -2.505575e-05 
 1.592717e+00 -3.044323e-05 
 1.593120e+00 -3.685472e-05 
 1.593524e+00 -4.547245e-05 
 1.593928e+00 -5.492261e-05 
 1.594332e+00 -6.627142e-05 
 1.594736e+00 -7.842636e-05 
 1.595139e+00 -9.182802e-05 
 1.595541e+00 -1.052800e-04 
 1.595943e+00 -1.178678e-04 
 1.596345e+00 -1.283878e-04 
 1.596747e+00 -1.372677e-04 
 1.597149e+00 -1.448861e-04 
 1.597551e+00 -1.505873e-04 
 1.597953e+00 -1.556068e-04 
 1.598355e+00 -1.595771e-04 
 1.598757e+00 -1.621029e-04 
 1.599159e+00 -1.629848e-04 
 1.599561e+00 -1.629389e-04 
 1.599963e+00 -1.625830e-04 
 1.600365e+00 -1.613991e-04 
 1.600767e+00 -1.599290e-04 
 1.601169e+00 -1.586989e-04 
 1.601571e+00 -1.589815e-04 
 1.601973e+00 -1.613671e-04 
 1.602375e+00 -1.672410e-04 
 1.602777e+00 -1.763318e-04 
 1.603179e+00 -1.874061e-04 
 1.603582e+00 -2.003253e-04 
 1.603986e+00 -2.151289e-04 
 1.604390e+00 -2.283622e-04 
 1.604794e+00 -2.394771e-04 
 1.605198e+00 -2.464503e-04 
 1.605601e+00 -2.485770e-04 
 1.606005e+00 -2.465779e-04 
 1.606409e+00 -2.380875e-04 
 1.606813e+00 -2.256802e-04 
 1.607217e+00 -2.097311e-04 
 1.607619e+00 -1.925027e-04 
 1.608021e+00 -1.738432e-04 
 1.608423e+00 -1.568554e-04 
 1.608824e+00 -1.422228e-04 
 1.609226e+00 -1.294265e-04 
 1.609628e+00 -1.199770e-04 
 1.610030e+00 -1.132264e-04 
 1.610432e+00 -1.091215e-04 
 1.610834e+00 -1.073875e-04 
 1.611236e+00 -1.069880e-04 
 1.611638e+00 -1.083418e-04 
 1.612040e+00 -1.100940e-04 
 1.612442e+00 -1.142511e-04 
 1.612844e+00 -1.196628e-04 
 1.613246e+00 -1.264692e-04 
 1.613648e+00 -1.342521e-04 
 1.614050e+00 -1.441073e-04 
 1.614452e+00 -1.526412e-04 
 1.614854e+00 -1.599145e-04 
 1.615256e+00 -1.650242e-04 
 1.615658e+00 -1.683511e-04 
 1.616060e+00 -1.693311e-04 
 1.616462e+00 -1.677065e-04 
 1.616864e+00 -1.649324e-04 
 1.617266e+00 -1.611228e-04 
 1.617668e+00 -1.575306e-04 
 1.618070e+00 -1.539008e-04 
 1.618472e+00 -1.500780e-04 
 1.618874e+00 -1.468129e-04 
 1.619276e+00 -1.434900e-04 
 1.619678e+00 -1.411512e-04 
 1.620080e+00 -1.393512e-04 
 1.620482e+00 -1.379868e-04 
 1.620884e+00 -1.377892e-04 
 1.621286e+00 -1.391588e-04 
 1.621688e+00 -1.422840e-04 
 1.622090e+00 -1.480723e-04 
 1.622492e+00 -1.570965e-04 
 1.622894e+00 -1.695213e-04 
 1.623296e+00 -1.847098e-04 
 1.623698e+00 -2.008746e-04 
 1.624101e+00 -2.184594e-04 
 1.624503e+00 -2.354273e-04 
 1.624905e+00 -2.495398e-04 
 1.625307e+00 -2.598585e-04 
 1.625709e+00 -2.650040e-04 
 1.626111e+00 -2.645567e-04 
 1.626513e+00 -2.589741e-04 
 1.626915e+00 -2.494900e-04 
 1.627317e+00 -2.372304e-04 
 1.627719e+00 -2.244169e-04 
 1.628121e+00 -2.138507e-04 
 1.628523e+00 -2.049145e-04 
 1.628925e+00 -1.994095e-04 
 1.629327e+00 -1.975240e-04 
 1.629729e+00 -2.001821e-04 
 1.630131e+00 -2.058772e-04 
 1.630533e+00 -2.136660e-04 
 1.630935e+00 -2.238827e-04 
 1.631337e+00 -2.354866e-04 
 1.631739e+00 -2.493816e-04 
 1.632141e+00 -2.644111e-04 
 1.632543e+00 -2.803108e-04 
 1.632945e+00 -2.967075e-04 
 1.633347e+00 -3.138426e-04 
 1.633749e+00 -3.306462e-04 
 1.634151e+00 -3.465953e-04 
 1.634553e+00 -3.613474e-04 
 1.634955e+00 -3.728469e-04 
 1.635357e+00 -3.804482e-04 
 1.635761e+00 -3.836677e-04 
 1.636165e+00 -3.817690e-04 
 1.636569e+00 -3.760730e-04 
 1.636972e+00 -3.669713e-04 
 1.637376e+00 -3.553337e-04 
 1.637780e+00 -3.431097e-04 
 1.638184e+00 -3.306377e-04 
 1.638588e+00 -3.197812e-04 
 1.638992e+00 -3.104291e-04 
 1.639395e+00 -3.027172e-04 
 1.639797e+00 -2.963529e-04 
 1.640199e+00 -2.908808e-04 
 1.640601e+00 -2.867745e-04 
 1.641003e+00 -2.836324e-04 
 1.641405e+00 -2.822123e-04 
 1.641807e+00 -2.832966e-04 
 1.642209e+00 -2.864371e-04 
 1.642612e+00 -2.907682e-04 
 1.643014e+00 -2.957753e-04 
 1.643416e+00 -2.999086e-04 
 1.643818e+00 -3.050440e-04 
 1.644220e+00 -3.081762e-04 
 1.644622e+00 -3.097055e-04 
 1.645024e+00 -3.076318e-04 
 1.645426e+00 -3.026929e-04 
 1.645828e+00 -2.936422e-04 
 1.646230e+00 -2.815372e-04 
 1.646632e+00 -2.670948e-04 
 1.647034e+00 -2.497113e-04 
 1.647436e+00 -2.323335e-04 
 1.647838e+00 -2.160413e-04 
 1.648240e+00 -2.022811e-04 
 1.648642e+00 -1.918297e-04 
 1.649044e+00 -1.855149e-04 
 1.649446e+00 -1.826208e-04 
 1.649848e+00 -1.832489e-04 
 1.650250e+00 -1.858865e-04 
 1.650652e+00 -1.904532e-04 
 1.651054e+00 -1.962610e-04 
 1.651456e+00 -2.040499e-04 
 1.651858e+00 -2.136555e-04 
 1.652260e+00 -2.246179e-04 
 1.652662e+00 -2.369069e-04 
 1.653064e+00 -2.511909e-04 
 1.653466e+00 -2.668352e-04 
 1.653868e+00 -2.823239e-04 
 1.654270e+00 -2.968322e-04 
 1.654672e+00 -3.086490e-04 
 1.655074e+00 -3.166047e-04 
 1.655476e+00 -3.204187e-04 
 1.655880e+00 -3.198637e-04 
 1.656284e+00 -3.146107e-04 
 1.656687e+00 -3.043877e-04 
 1.657091e+00 -2.902374e-04 
 1.657495e+00 -2.737852e-04 
 1.657899e+00 -2.561237e-04 
 1.658303e+00 -2.393041e-04 
 1.658707e+00 -2.230010e-04 
 1.659110e+00 -2.085737e-04 
 1.659514e+00 -1.971715e-04 
 1.659918e+00 -1.878020e-04 
 1.660322e+00 -1.807039e-04 
 1.660726e+00 -1.752261e-04 
 1.661129e+00 -1.709295e-04 
 1.661533e+00 -1.681668e-04 
 1.661937e+00 -1.654323e-04 
 1.662341e+00 -1.629045e-04 
 1.662745e+00 -1.596337e-04 
 1.663149e+00 -1.551573e-04 
 1.663552e+00 -1.491034e-04 
 1.663956e+00 -1.405364e-04 
 1.664360e+00 -1.292153e-04 
 1.664764e+00 -1.140968e-04 
 1.665168e+00 -9.599621e-05 
 1.665571e+00 -7.395759e-05 
 1.665975e+00 -4.910769e-05 
 1.666379e+00 -2.226185e-05 
 1.666783e+00  5.197518e-06 
 1.667187e+00  3.210270e-05 
 1.667590e+00  5.731183e-05 
 1.667994e+00  7.889953e-05 
 1.668398e+00  9.687666e-05 
 1.668802e+00  1.107979e-04 
 1.669206e+00  1.215129e-04 
 1.669609e+00  1.296506e-04 
 1.670013e+00  1.357768e-04 
 1.670417e+00  1.417256e-04 
 1.670821e+00  1.477883e-04 
 1.671224e+00  1.547321e-04 
 1.671628e+00  1.603650e-04 
 1.672030e+00  1.643710e-04 
 1.672432e+00  1.670446e-04 
 1.672834e+00  1.678222e-04 
 1.673236e+00  1.663514e-04 
 1.673638e+00  1.614729e-04 
 1.674040e+00  1.546265e-04 
 1.674442e+00  1.470349e-04 
 1.674844e+00  1.402301e-04 
 1.675246e+00  1.351112e-04 
 1.675648e+00  1.319216e-04 
 1.676052e+00  1.314636e-04 
 1.676455e+00  1.335283e-04 
 1.676859e+00  1.386715e-04 
 1.677263e+00  1.445567e-04 
 1.677667e+00  1.499397e-04 
 1.678071e+00  1.537472e-04 
 1.678474e+00  1.560209e-04 
 1.678878e+00  1.551783e-04 
 1.679282e+00  1.497932e-04 
 1.679686e+00  1.409234e-04 
 1.680088e+00  1.282361e-04 
 1.680490e+00  1.117005e-04 
 1.680892e+00  9.126286e-05 
 1.681294e+00  6.771684e-05 
 1.681696e+00  4.130823e-05 
 1.682098e+00  1.411334e-05 
 1.682500e+00 -1.377317e-05 
 1.682902e+00 -4.167095e-05 
 1.683304e+00 -6.813652e-05 
 1.683706e+00 -9.367719e-05 
 1.684108e+00 -1.160392e-04 
 1.684510e+00 -1.350086e-04 
 1.684912e+00 -1.513128e-04 
 1.685314e+00 -1.630996e-04 
 1.685715e+00 -1.725677e-04 
 1.686117e+00 -1.796824e-04 
 1.686519e+00 -1.849427e-04 
 1.686921e+00 -1.905397e-04 
 1.687323e+00 -1.974564e-04 
 1.687725e+00 -2.059915e-04 
 1.688127e+00 -2.180802e-04 
 1.688529e+00 -2.333317e-04 
 1.688931e+00 -2.496994e-04 
 1.689333e+00 -2.664240e-04 
 1.689735e+00 -2.835768e-04 
 1.690137e+00 -2.964443e-04 
 1.690539e+00 -3.078023e-04 
 1.690941e+00 -3.147720e-04 
 1.691343e+00 -3.176544e-04 
 1.691745e+00 -3.167241e-04 
 1.692149e+00 -3.136266e-04 
 1.692553e+00 -3.104491e-04 
 1.692956e+00 -3.066600e-04 
 1.693360e+00 -3.039492e-04 
 1.693764e+00 -3.025318e-04 
 1.694168e+00 -3.021062e-04 
 1.694572e+00 -3.009978e-04 
 1.694975e+00 -2.988430e-04 
 1.695379e+00 -2.951932e-04 
 1.695783e+00 -2.892810e-04 
 1.696185e+00 -2.804910e-04 
 1.696587e+00 -2.686058e-04 
 1.696989e+00 -2.546704e-04 
 1.697391e+00 -2.375587e-04 
 1.697793e+00 -2.202122e-04 
 1.698195e+00 -2.022987e-04 
 1.698597e+00 -1.852971e-04 
 1.698999e+00 -1.690210e-04 
 1.699401e+00 -1.552359e-04 
 1.699803e+00 -1.446811e-04 
 1.700206e+00 -1.362213e-04 
 1.700610e+00 -1.304595e-04 
 1.701014e+00 -1.268995e-04 
 1.701418e+00 -1.260082e-04 
 1.701822e+00 -1.269498e-04 
 1.702225e+00 -1.308861e-04 
 1.702629e+00 -1.371618e-04 
 1.703033e+00 -1.447348e-04 
 1.703437e+00 -1.540740e-04 
 1.703840e+00 -1.631261e-04 
 1.704244e+00 -1.708344e-04 
 1.704648e+00 -1.762664e-04 
 1.705052e+00 -1.790082e-04 
 1.705456e+00 -1.795814e-04 
 1.705859e+00 -1.777988e-04 
 1.706263e+00 -1.751115e-04 
 1.706667e+00 -1.719768e-04 
 1.707071e+00 -1.715040e-04 
 1.707474e+00 -1.737126e-04 
 1.707878e+00 -1.796772e-04 
 1.708282e+00 -1.896481e-04 
 1.708686e+00 -2.027517e-04 
 1.709090e+00 -2.188154e-04 
 1.709494e+00 -2.360698e-04 
 1.709897e+00 -2.547094e-04 
 1.710301e+00 -2.722836e-04 
 1.710705e+00 -2.875536e-04 
 1.711109e+00 -3.004929e-04 
 1.711513e+00 -3.102027e-04 
 1.711916e+00 -3.182113e-04 
 1.712320e+00 -3.250971e-04 
 1.712724e+00 -3.321491e-04 
 1.713128e+00 -3.392023e-04 
 1.713532e+00 -3.470665e-04 
 1.713936e+00 -3.560036e-04 
 1.714339e+00 -3.658758e-04 
 1.714743e+00 -3.768851e-04 
 1.715147e+00 -3.869710e-04 
 1.715551e+00 -3.957737e-04 
 1.715955e+00 -4.038050e-04 
 1.716357e+00 -4.095283e-04 
 1.716759e+00 -4.138556e-04 
 1.717161e+00 -4.169811e-04 
 1.717563e+00 -4.201669e-04 
 1.717965e+00 -4.234227e-04 
 1.718367e+00 -4.261556e-04 
 1.718769e+00 -4.284575e-04 
 1.719171e+00 -4.304945e-04 
 1.719573e+00 -4.323560e-04 
 1.719975e+00 -4.346775e-04 
 1.720377e+00 -4.359648e-04 
 1.720779e+00 -4.368321e-04 
 1.721181e+00 -4.383229e-04 
 1.721583e+00 -4.392937e-04 
 1.721985e+00 -4.410924e-04 
 1.722387e+00 -4.420843e-04 
 1.722789e+00 -4.430267e-04 
 1.723191e+00 -4.439815e-04 
 1.723593e+00 -4.441948e-04 
 1.723995e+00 -4.429968e-04 
 1.724397e+00 -4.401892e-04 
 1.724799e+00 -4.359956e-04 
 1.725201e+00 -4.300639e-04 
 1.725603e+00 -4.219361e-04 
 1.726005e+00 -4.120523e-04 
 1.726407e+00 -4.001983e-04 
 1.726809e+00 -3.881621e-04 
 1.727211e+00 -3.760820e-04 
 1.727613e+00 -3.658570e-04 
 1.728015e+00 -3.573265e-04 
 1.728417e+00 -3.503333e-04 
 1.728819e+00 -3.452717e-04 
 1.729221e+00 -3.410463e-04 
 1.729623e+00 -3.373209e-04 
 1.730025e+00 -3.327035e-04 
 1.730427e+00 -3.261822e-04 
 1.730829e+00 -3.172291e-04 
 1.731231e+00 -3.066984e-04 
 1.731633e+00 -2.941042e-04 
 1.732035e+00 -2.809389e-04 
 1.732437e+00 -2.682600e-04 
 1.732839e+00 -2.561388e-04 
 1.733241e+00 -2.459269e-04 
 1.733643e+00 -2.373172e-04 
 1.734045e+00 -2.310649e-04 
 1.734447e+00 -2.278032e-04 
 1.734849e+00 -2.262487e-04 
 1.735251e+00 -2.255207e-04 
 1.735653e+00 -2.258105e-04 
 1.736055e+00 -2.262944e-04 
 1.736457e+00 -2.275450e-04 
 1.736859e+00 -2.294164e-04 
 1.737261e+00 -2.323389e-04 
 1.737663e+00 -2.367594e-04 
 1.738065e+00 -2.428425e-04 
 1.738467e+00 -2.499758e-04 
 1.738869e+00 -2.583061e-04 
 1.739271e+00 -2.681784e-04 
 1.739673e+00 -2.786314e-04 
 1.740075e+00 -2.885819e-04 
 1.740477e+00 -2.972637e-04 
 1.740879e+00 -3.037742e-04 
 1.741281e+00 -3.088061e-04 
 1.741683e+00 -3.127758e-04 
 1.742085e+00 -3.159265e-04 
 1.742487e+00 -3.184888e-04 
 1.742889e+00 -3.204072e-04 
 1.743292e+00 -3.223612e-04 
 1.743694e+00 -3.244701e-04 
 1.744096e+00 -3.266152e-04 
 1.744499e+00 -3.287971e-04 
 1.744903e+00 -3.303265e-04 
 1.745307e+00 -3.316657e-04 
 1.745711e+00 -3.317092e-04 
 1.746114e+00 -3.302531e-04 
 1.746518e+00 -3.275093e-04 
 1.746922e+00 -3.228258e-04 
 1.747326e+00 -3.168572e-04 
 1.747730e+00 -3.096203e-04 
 1.748134e+00 -2.993311e-04 
 1.748537e+00 -2.876169e-04 
 1.748941e+00 -2.733862e-04 
 1.749345e+00 -2.574671e-04 
 1.749749e+00 -2.390741e-04 
 1.750153e+00 -2.181048e-04 
 1.750556e+00 -1.945876e-04 
 1.750960e+00 -1.692682e-04 
 1.751364e+00 -1.425596e-04 
 1.751768e+00 -1.159136e-04 
 1.752172e+00 -9.090666e-05 
 1.752574e+00 -6.755306e-05 
 1.752976e+00 -4.707082e-05 
 1.753378e+00 -2.976668e-05 
 1.753780e+00 -1.517636e-05 
 1.754182e+00 -3.145506e-06 
 1.754584e+00  7.543898e-06 
 1.754986e+00  1.817092e-05 
 1.755388e+00  2.894210e-05 
 1.755790e+00  4.130339e-05 
 1.756192e+00  5.397672e-05 
 1.756594e+00  6.640918e-05 
 1.756996e+00  7.856822e-05 
 1.757398e+00  8.999036e-05 
 1.757800e+00  9.933902e-05 
 1.758202e+00  1.059505e-04 
 1.758604e+00  1.098581e-04 
 1.759006e+00  1.112356e-04 
 1.759408e+00  1.104802e-04 
 1.759810e+00  1.084350e-04 
 1.760212e+00  1.069427e-04 
 1.760614e+00  1.065908e-04 
 1.761016e+00  1.072621e-04 
 1.761418e+00  1.090900e-04 
 1.761820e+00  1.115943e-04 
 1.762222e+00  1.143439e-04 
 1.762624e+00  1.164634e-04 
 1.763026e+00  1.166337e-04 
 1.763428e+00  1.133170e-04 
 1.763830e+00  1.057022e-04 
 1.764232e+00  9.420384e-05 
 1.764634e+00  7.872874e-05 
 1.765036e+00  5.986789e-05 
 1.765438e+00  3.837699e-05 
 1.765840e+00  1.641775e-05 
 1.766242e+00 -5.213553e-06 
 1.766644e+00 -2.554053e-05 
 1.767046e+00 -4.496870e-05 
 1.767448e+00 -6.199974e-05 
 1.767850e+00 -7.692554e-05 
 1.768252e+00 -9.013653e-05 
 1.768654e+00 -1.009491e-04 
 1.769056e+00 -1.095814e-04 
 1.769458e+00 -1.155791e-04 
 1.769860e+00 -1.193515e-04 
 1.770262e+00 -1.210920e-04 
 1.770663e+00 -1.215123e-04 
 1.771065e+00 -1.209451e-04 
 1.771467e+00 -1.203576e-04 
 1.771869e+00 -1.210535e-04 
 1.772271e+00 -1.244005e-04 
 1.772673e+00 -1.308794e-04 
 1.773075e+00 -1.404021e-04 
 1.773477e+00 -1.529989e-04 
 1.773879e+00 -1.687959e-04 
 1.774281e+00 -1.853599e-04 
 1.774683e+00 -2.006298e-04 
 1.775085e+00 -2.143008e-04 
 1.775487e+00 -2.244253e-04 
 1.775889e+00 -2.291602e-04 
 1.776291e+00 -2.287053e-04 
 1.776693e+00 -2.238519e-04 
 1.777095e+00 -2.157944e-04 
 1.777497e+00 -2.054474e-04 
 1.777899e+00 -1.953221e-04 
 1.778301e+00 -1.856612e-04 
 1.778703e+00 -1.783577e-04 
 1.779105e+00 -1.707446e-04 
 1.779507e+00 -1.645409e-04 
 1.779909e+00 -1.571814e-04 
 1.780311e+00 -1.484197e-04 
 1.780715e+00 -1.384034e-04 
 1.781118e+00 -1.254308e-04 
 1.781522e+00 -1.109856e-04 
 1.781926e+00 -9.488609e-05 
 1.782330e+00 -7.727258e-05 
 1.782734e+00 -6.040545e-05 
 1.783137e+00 -4.391697e-05 
 1.783541e+00 -3.087196e-05 
 1.783945e+00 -2.021126e-05 
 1.784349e+00 -1.358203e-05 
 1.784752e+00 -9.924236e-06 
 1.785156e+00 -9.447792e-06 
 1.785560e+00 -1.155652e-05 
 1.785964e+00 -1.586147e-05 
 1.786368e+00 -2.139105e-05 
 1.786771e+00 -2.704147e-05 
 1.787175e+00 -3.229642e-05 
 1.787579e+00 -3.700335e-05 
 1.787983e+00 -4.108582e-05 
 1.788387e+00 -4.330099e-05 
 1.788789e+00 -4.494813e-05 
 1.789191e+00 -4.505367e-05 
 1.789593e+00 -4.392216e-05 
 1.789995e+00 -4.198132e-05 
 1.790397e+00 -3.838925e-05 
 1.790799e+00 -3.521480e-05 
 1.791201e+00 -3.288582e-05 
 1.791603e+00 -3.357911e-05 
 1.792005e+00 -3.763407e-05 
 1.792407e+00 -4.684800e-05 
 1.792810e+00 -6.266980e-05 
 1.793214e+00 -8.556888e-05 
 1.793618e+00 -1.148982e-04 
 1.794022e+00 -1.499698e-04 
 1.794426e+00 -1.890076e-04 
 1.794829e+00 -2.291817e-04 
 1.795233e+00 -2.688241e-04 
 1.795637e+00 -3.057150e-04 
 1.796041e+00 -3.370331e-04 
 1.796445e+00 -3.627889e-04 
 1.796847e+00 -3.831383e-04 
 1.797249e+00 -3.991504e-04 
 1.797651e+00 -4.109499e-04 
 1.798053e+00 -4.200103e-04 
 1.798455e+00 -4.285064e-04 
 1.798857e+00 -4.363431e-04 
 1.799259e+00 -4.450627e-04 
 1.799661e+00 -4.539950e-04 
 1.800063e+00 -4.642543e-04 
 1.800465e+00 -4.740720e-04 
 1.800868e+00 -4.833926e-04 
 1.801272e+00 -4.911238e-04 
 1.801676e+00 -4.968085e-04 
 1.802080e+00 -5.011758e-04 
 1.802484e+00 -5.042718e-04 
 1.802888e+00 -5.066207e-04 
 1.803291e+00 -5.094089e-04 
 1.803695e+00 -5.126040e-04 
 1.804099e+00 -5.168229e-04 
 1.804503e+00 -5.205350e-04 
 1.804905e+00 -5.244397e-04 
 1.805307e+00 -5.280987e-04 
 1.805709e+00 -5.303687e-04 
 1.806111e+00 -5.317646e-04 
 1.806513e+00 -5.309501e-04 
 1.806915e+00 -5.272781e-04 
 1.807317e+00 -5.209864e-04 
 1.807719e+00 -5.136290e-04 
 1.808121e+00 -5.029036e-04 
 1.808523e+00 -4.910412e-04 
 1.808925e+00 -4.767484e-04 
 1.809327e+00 -4.601316e-04 
 1.809729e+00 -4.416866e-04 
 1.810131e+00 -4.213209e-04 
 1.810533e+00 -3.996798e-04 
 1.810935e+00 -3.773407e-04 
 1.811337e+00 -3.554961e-04 
 1.811739e+00 -3.343812e-04 
 1.812141e+00 -3.164805e-04 
 1.812543e+00 -3.021328e-04 
 1.812947e+00 -2.936005e-04 
 1.813350e+00 -2.905940e-04 
 1.813754e+00 -2.932253e-04 
 1.814158e+00 -3.010867e-04 
 1.814562e+00 -3.121672e-04 
 1.814966e+00 -3.240400e-04 
 1.815370e+00 -3.354966e-04 
 1.815773e+00 -3.444382e-04 
 1.816177e+00 -3.493491e-04 
 1.816581e+00 -3.495520e-04 
 1.816983e+00 -3.457735e-04 
 1.817385e+00 -3.380699e-04 
 1.817787e+00 -3.274991e-04 
 1.818189e+00 -3.148103e-04 
 1.818591e+00 -3.010516e-04 
 1.818993e+00 -2.877603e-04 
 1.819395e+00 -2.756448e-04 
 1.819797e+00 -2.654955e-04 
 1.820199e+00 -2.568987e-04 
 1.820601e+00 -2.504084e-04 
 1.821003e+00 -2.472873e-04 
 1.821405e+00 -2.471661e-04 
 1.821807e+00 -2.505150e-04 
 1.822209e+00 -2.573983e-04 
 1.822611e+00 -2.673372e-04 
 1.823013e+00 -2.798220e-04 
 1.823415e+00 -2.939797e-04 
 1.823817e+00 -3.096898e-04 
 1.824219e+00 -3.257590e-04 
 1.824621e+00 -3.422717e-04 
 1.825023e+00 -3.588733e-04 
 1.825425e+00 -3.741980e-04 
 1.825827e+00 -3.876526e-04 
 1.826229e+00 -3.984492e-04 
 1.826631e+00 -4.062392e-04 
 1.827033e+00 -4.106712e-04 
 1.827435e+00 -4.119583e-04 
 1.827837e+00 -4.107117e-04 
 1.828239e+00 -4.077366e-04 
 1.828641e+00 -4.031229e-04 
 1.829043e+00 -3.969814e-04 
 1.829445e+00 -3.892776e-04 
 1.829847e+00 -3.812716e-04 
 1.830249e+00 -3.722408e-04 
 1.830651e+00 -3.616891e-04 
 1.831053e+00 -3.491329e-04 
 1.831455e+00 -3.353798e-04 
 1.831858e+00 -3.202618e-04 
 1.832260e+00 -3.044520e-04 
 1.832662e+00 -2.895768e-04 
 1.833064e+00 -2.765039e-04 
 1.833466e+00 -2.656063e-04 
 1.833868e+00 -2.563630e-04 
 1.834270e+00 -2.487048e-04 
 1.834672e+00 -2.425523e-04 
 1.835074e+00 -2.363048e-04 
 1.835476e+00 -2.291146e-04 
 1.835878e+00 -2.187946e-04 
 1.836280e+00 -2.050877e-04 
 1.836682e+00 -1.870621e-04 
 1.837084e+00 -1.653301e-04 
 1.837486e+00 -1.400071e-04 
 1.837888e+00 -1.114193e-04 
 1.838290e+00 -8.118714e-05 
 1.838692e+00 -5.021227e-05 
 1.839094e+00 -1.909094e-05 
 1.839496e+00  1.228114e-05 
 1.839898e+00  4.304453e-05 
 1.840300e+00  7.224985e-05 
 1.840702e+00  9.911168e-05 
 1.841105e+00  1.226693e-04 
 1.841509e+00  1.422259e-04 
 1.841913e+00  1.558841e-04 
 1.842317e+00  1.635200e-04 
 1.842720e+00  1.641190e-04 
 1.843124e+00  1.592219e-04 
 1.843528e+00  1.496223e-04 
 1.843932e+00  1.366159e-04 
 1.844335e+00  1.203711e-04 
 1.844739e+00  1.044161e-04 
 1.845143e+00  8.751514e-05 
 1.845547e+00  7.361318e-05 
 1.845951e+00  6.101797e-05 
 1.846354e+00  5.252682e-05 
 1.846758e+00  4.616581e-05 
 1.847162e+00  4.130919e-05 
 1.847566e+00  3.883223e-05 
 1.847969e+00  3.721403e-05 
 1.848373e+00  3.498322e-05 
 1.848777e+00  3.007198e-05 
 1.849181e+00  2.328417e-05 
 1.849584e+00  1.311499e-05 
 1.849988e+00 -1.301307e-07 
 1.850392e+00 -1.594389e-05 
 1.850796e+00 -3.172505e-05 
 1.851200e+00 -4.913744e-05 
 1.851603e+00 -6.543988e-05 
 1.852007e+00 -8.109760e-05 
 1.852411e+00 -9.669011e-05 
 1.852815e+00 -1.125829e-04 
 1.853218e+00 -1.286397e-04 
 1.853622e+00 -1.449264e-04 
 1.854026e+00 -1.608513e-04 
 1.854430e+00 -1.762876e-04 
 1.854834e+00 -1.915864e-04 
 1.855237e+00 -2.040748e-04 
 1.855641e+00 -2.140176e-04 
 1.856045e+00 -2.214432e-04 
 1.856449e+00 -2.260592e-04 
 1.856853e+00 -2.273124e-04 
 1.857257e+00 -2.262726e-04 
 1.857660e+00 -2.228013e-04 
 1.858064e+00 -2.178464e-04 
 1.858468e+00 -2.087695e-04 
 1.858872e+00 -1.977055e-04 
 1.859276e+00 -1.849014e-04 
 1.859680e+00 -1.692034e-04 
 1.860084e+00 -1.515049e-04 
 1.860488e+00 -1.319807e-04 
 1.860892e+00 -1.118451e-04 
 1.861294e+00 -9.229631e-05 
 1.861696e+00 -7.359966e-05 
 1.862098e+00 -5.800859e-05 
 1.862500e+00 -4.641210e-05 
 1.862902e+00 -3.893993e-05 
 1.863304e+00 -3.581535e-05 
 1.863706e+00 -3.597287e-05 
 1.864108e+00 -3.805856e-05 
 1.864510e+00 -4.076345e-05 
 1.864912e+00 -4.345146e-05 
 1.865314e+00 -4.363135e-05 
 1.865716e+00 -3.905143e-05 
 1.866118e+00 -3.265826e-05 
 1.866520e+00 -2.038229e-05 
 1.866922e+00 -5.646714e-06 
 1.867324e+00  1.209743e-05 
 1.867726e+00  3.102164e-05 
 1.868128e+00  4.790787e-05 
 1.868530e+00  6.375164e-05 
 1.868932e+00  7.500262e-05 
 1.869334e+00  8.106072e-05 
 1.869736e+00  8.338653e-05 
 1.870138e+00  8.088065e-05 
 1.870540e+00  7.461256e-05 
 1.870942e+00  6.635961e-05 
 1.871344e+00  5.527399e-05 
 1.871746e+00  4.264768e-05 
 1.872148e+00  2.799110e-05 
 1.872550e+00  1.390951e-05 
 1.872952e+00 -1.475368e-07 
 1.873355e+00 -1.634012e-05 
 1.873759e+00 -3.185657e-05 
 1.874163e+00 -4.849939e-05 
 1.874567e+00 -6.472307e-05 
 1.874971e+00 -8.139525e-05 
 1.875374e+00 -9.844939e-05 
 1.875778e+00 -1.145998e-04 
 1.876182e+00 -1.319230e-04 
 1.876586e+00 -1.495633e-04 
 1.876990e+00 -1.679941e-04 
 1.877392e+00 -1.889328e-04 
 1.877794e+00 -2.120683e-04 
 1.878196e+00 -2.372412e-04 
 1.878598e+00 -2.642286e-04 
 1.879000e+00 -2.924449e-04 
 1.879402e+00 -3.219497e-04 
 1.879804e+00 -3.500252e-04 
 1.880206e+00 -3.756973e-04 
 1.880608e+00 -3.980769e-04 
 1.881010e+00 -4.186417e-04 
 1.881413e+00 -4.371810e-04 
 1.881817e+00 -4.538669e-04 
 1.882221e+00 -4.709942e-04 
 1.882625e+00 -4.876904e-04 
 1.883029e+00 -5.052208e-04 
 1.883432e+00 -5.242184e-04 
 1.883836e+00 -5.447121e-04 
 1.884240e+00 -5.659005e-04 
 1.884644e+00 -5.861275e-04 
 1.885048e+00 -6.046719e-04 
 1.885450e+00 -6.196183e-04 
 1.885852e+00 -6.298112e-04 
 1.886254e+00 -6.352631e-04 
 1.886656e+00 -6.349987e-04 
 1.887058e+00 -6.299006e-04 
 1.887460e+00 -6.206921e-04 
 1.887862e+00 -6.084591e-04 
 1.888264e+00 -5.955621e-04 
 1.888666e+00 -5.815314e-04 
 1.889068e+00 -5.690748e-04 
 1.889472e+00 -5.574501e-04 
 1.889875e+00 -5.460286e-04 
 1.890279e+00 -5.362330e-04 
 1.890683e+00 -5.269769e-04 
 1.891087e+00 -5.185851e-04 
 1.891491e+00 -5.099749e-04 
 1.891895e+00 -5.000989e-04 
 1.892298e+00 -4.904043e-04 
 1.892702e+00 -4.801290e-04 
 1.893106e+00 -4.691105e-04 
 1.893510e+00 -4.586443e-04 
 1.893914e+00 -4.480906e-04 
 1.894318e+00 -4.363062e-04 
 1.894721e+00 -4.231942e-04 
 1.895125e+00 -4.092921e-04 
 1.895529e+00 -3.938844e-04 
 1.895933e+00 -3.791592e-04 
 1.896337e+00 -3.654754e-04 
 1.896741e+00 -3.535284e-04 
 1.897144e+00 -3.435791e-04 
 1.897546e+00 -3.380276e-04 
 1.897949e+00 -3.365538e-04 
 1.898351e+00 -3.401958e-04 
 1.898753e+00 -3.466638e-04 
 1.899155e+00 -3.556790e-04 
 1.899557e+00 -3.669337e-04 
 1.899959e+00 -3.797891e-04 
 1.900361e+00 -3.920922e-04 
 1.900763e+00 -4.033061e-04 
 1.901165e+00 -4.135343e-04 
 1.901568e+00 -4.220606e-04 
 1.901972e+00 -4.282465e-04 
 1.902376e+00 -4.312135e-04 
 1.902780e+00 -4.335877e-04 
 1.903184e+00 -4.365932e-04 
 1.903588e+00 -4.402354e-04 
 1.903991e+00 -4.448427e-04 
 1.904395e+00 -4.502822e-04 
 1.904799e+00 -4.570099e-04 
 1.905203e+00 -4.648008e-04 
 1.905605e+00 -4.729934e-04 
 1.906007e+00 -4.811543e-04 
 1.906409e+00 -4.879665e-04 
 1.906811e+00 -4.943021e-04 
 1.907213e+00 -4.988003e-04 
 1.907615e+00 -5.026130e-04 
 1.908017e+00 -5.047353e-04 
 1.908419e+00 -5.062588e-04 
 1.908821e+00 -5.057303e-04 
 1.909223e+00 -5.044744e-04 
 1.909625e+00 -5.012138e-04 
 1.910027e+00 -4.964355e-04 
 1.910429e+00 -4.899161e-04 
 1.910831e+00 -4.829825e-04 
 1.911233e+00 -4.740576e-04 
 1.911635e+00 -4.631672e-04 
 1.912038e+00 -4.510369e-04 
 1.912440e+00 -4.375115e-04 
 1.912842e+00 -4.232254e-04 
 1.913244e+00 -4.076833e-04 
 1.913646e+00 -3.914351e-04 
 1.914048e+00 -3.739102e-04 
 1.914450e+00 -3.551225e-04 
 1.914852e+00 -3.350025e-04 
 1.915254e+00 -3.135825e-04 
 1.915656e+00 -2.906845e-04 
 1.916058e+00 -2.673229e-04 
 1.916460e+00 -2.430795e-04 
 1.916862e+00 -2.180375e-04 
 1.917264e+00 -1.950516e-04 
 1.917666e+00 -1.735380e-04 
 1.918068e+00 -1.542373e-04 
 1.918470e+00 -1.378970e-04 
 1.918872e+00 -1.244232e-04 
 1.919274e+00 -1.127540e-04 
 1.919676e+00 -1.020312e-04 
 1.920078e+00 -9.210090e-05 
 1.920480e+00 -8.186497e-05 
 1.920882e+00 -6.994821e-05 
 1.921284e+00 -5.555777e-05 
 1.921688e+00 -3.890118e-05 
 1.922091e+00 -1.926223e-05 
 1.922495e+00  2.509185e-06 
 1.922899e+00  2.457180e-05 
 1.923303e+00  4.707330e-05 
 1.923707e+00  6.786355e-05 
 1.924111e+00  8.721809e-05 
 1.924514e+00  1.031053e-04 
 1.924918e+00  1.144633e-04 
 1.925322e+00  1.219306e-04 
 1.925726e+00  1.243422e-04 
 1.926130e+00  1.231775e-04 
 1.926533e+00  1.198699e-04 
 1.926937e+00  1.148862e-04 
 1.927341e+00  1.068805e-04 
 1.927745e+00  9.658062e-05 
 1.928149e+00  8.529805e-05 
 1.928552e+00  7.395497e-05 
 1.928956e+00  6.239099e-05 
 1.929360e+00  5.059693e-05 
 1.929764e+00  3.893929e-05 
 1.930167e+00  2.925806e-05 
 1.930571e+00  2.048637e-05 
 1.930975e+00  1.366804e-05 
 1.931379e+00  8.535343e-06 
 1.931783e+00  3.769506e-06 
 1.932186e+00 -4.374518e-07 
 1.932590e+00 -5.525404e-06 
 1.932994e+00 -1.143283e-05 
 1.933398e+00 -1.898973e-05 
 1.933801e+00 -2.735418e-05 
 1.934205e+00 -3.635204e-05 
 1.934609e+00 -4.708241e-05 
 1.935013e+00 -5.861891e-05 
 1.935417e+00 -7.128583e-05 
 1.935820e+00 -8.415426e-05 
 1.936224e+00 -9.552607e-05 
 1.936628e+00 -1.058013e-04 
 1.937032e+00 -1.152568e-04 
 1.937435e+00 -1.245888e-04 
 1.937837e+00 -1.333813e-04 
 1.938239e+00 -1.400364e-04 
 1.938641e+00 -1.458868e-04 
 1.939043e+00 -1.502069e-04 
 1.939445e+00 -1.533795e-04 
 1.939847e+00 -1.543751e-04 
 1.940249e+00 -1.537775e-04 
 1.940651e+00 -1.505821e-04 
 1.941053e+00 -1.435894e-04 
 1.941455e+00 -1.348581e-04 
 1.941857e+00 -1.231986e-04 
 1.942259e+00 -1.091154e-04 
 1.942661e+00 -9.332575e-05 
 1.943063e+00 -7.475585e-05 
 1.943465e+00 -5.660627e-05 
 1.943867e+00 -3.882338e-05 
 1.944269e+00 -2.114125e-05 
 1.944671e+00 -4.971299e-06 
 1.945073e+00  8.813098e-06 
 1.945475e+00  2.021048e-05 
 1.945877e+00  3.050881e-05 
 1.946279e+00  3.846081e-05 
 1.946681e+00  4.526220e-05 
 1.947083e+00  4.961500e-05 
 1.947485e+00  5.229897e-05 
 1.947887e+00  5.353471e-05 
 1.948289e+00  5.245232e-05 
 1.948691e+00  5.086030e-05 
 1.949093e+00  4.767080e-05 
 1.949495e+00  4.500858e-05 
 1.949897e+00  4.395281e-05 
 1.950299e+00  4.432205e-05 
 1.950701e+00  4.856009e-05 
 1.951103e+00  5.558620e-05 
 1.951505e+00  6.446390e-05 
 1.951907e+00  7.469604e-05 
 1.952309e+00  8.426340e-05 
 1.952711e+00  9.194252e-05 
 1.953112e+00  9.619045e-05 
 1.953514e+00  9.770776e-05 
 1.953916e+00  9.480078e-05 
 1.954318e+00  8.748556e-05 
 1.954720e+00  7.696584e-05 
 1.955122e+00  6.307470e-05 
 1.955524e+00  4.744356e-05 
 1.955926e+00  2.878081e-05 
 1.956328e+00  9.132670e-06 
 1.956730e+00 -1.159654e-05 
 1.957132e+00 -3.303307e-05 
 1.957534e+00 -5.464116e-05 
 1.957936e+00 -7.630404e-05 
 1.958338e+00 -9.588079e-05 
 1.958740e+00 -1.132119e-04 
 1.959142e+00 -1.274612e-04 
 1.959544e+00 -1.394240e-04 
 1.959946e+00 -1.493340e-04 
 1.960348e+00 -1.559328e-04 
 1.960750e+00 -1.604978e-04 
 1.961152e+00 -1.638069e-04 
 1.961554e+00 -1.661754e-04 
 1.961956e+00 -1.668656e-04 
 1.962358e+00 -1.688105e-04 
 1.962760e+00 -1.714539e-04 
 1.963162e+00 -1.759383e-04 
 1.963564e+00 -1.818304e-04 
 1.963966e+00 -1.892615e-04 
 1.964368e+00 -1.986619e-04 
 1.964770e+00 -2.096831e-04 
 1.965172e+00 -2.220174e-04 
 1.965574e+00 -2.353829e-04 
 1.965976e+00 -2.498383e-04 
 1.966378e+00 -2.632617e-04 
 1.966780e+00 -2.778430e-04 
 1.967182e+00 -2.922551e-04 
 1.967584e+00 -3.061952e-04 
 1.967986e+00 -3.212073e-04 
 1.968388e+00 -3.359424e-04 
 1.968790e+00 -3.512620e-04 
 1.969192e+00 -3.650158e-04 
 1.969594e+00 -3.781839e-04 
 1.969996e+00 -3.897831e-04 
 1.970398e+00 -3.979343e-04 
 1.970800e+00 -4.016000e-04 
 1.971202e+00 -4.006951e-04 
 1.971604e+00 -3.972402e-04 
 1.972006e+00 -3.897552e-04 
 1.972408e+00 -3.800088e-04 
 1.972810e+00 -3.694424e-04 
 1.973212e+00 -3.603804e-04 
 1.973614e+00 -3.524840e-04 
 1.974016e+00 -3.471457e-04 
 1.974418e+00 -3.452696e-04 
 1.974820e+00 -3.481134e-04 
 1.975222e+00 -3.535459e-04 
 1.975624e+00 -3.629838e-04 
 1.976026e+00 -3.749350e-04 
 1.976429e+00 -3.893203e-04 
 1.976831e+00 -4.046959e-04 
 1.977233e+00 -4.199721e-04 
 1.977635e+00 -4.336234e-04 
 1.978037e+00 -4.447187e-04 
 1.978439e+00 -4.517154e-04 
 1.978841e+00 -4.550775e-04 
 1.979243e+00 -4.541753e-04 
 1.979645e+00 -4.494599e-04 
 1.980047e+00 -4.407655e-04 
 1.980449e+00 -4.278399e-04 
 1.980851e+00 -4.124662e-04 
 1.981253e+00 -3.955943e-04 
 1.981655e+00 -3.790286e-04 
 1.982057e+00 -3.635117e-04 
 1.982459e+00 -3.503901e-04 
 1.982861e+00 -3.406941e-04 
 1.983263e+00 -3.357920e-04 
 1.983665e+00 -3.345033e-04 
 1.984067e+00 -3.376733e-04 
 1.984469e+00 -3.448831e-04 
 1.984871e+00 -3.543501e-04 
 1.985273e+00 -3.657645e-04 
 1.985675e+00 -3.780030e-04 
 1.986079e+00 -3.892867e-04 
 1.986483e+00 -3.991215e-04 
 1.986886e+00 -4.073287e-04 
 1.987290e+00 -4.134993e-04 
 1.987694e+00 -4.184048e-04 
 1.988098e+00 -4.213155e-04 
 1.988502e+00 -4.232898e-04 
 1.988905e+00 -4.248479e-04 
 1.989309e+00 -4.250068e-04 
 1.989713e+00 -4.229416e-04 
 1.990117e+00 -4.197445e-04 
 1.990521e+00 -4.150479e-04 
 1.990925e+00 -4.080017e-04 
 1.991328e+00 -3.992247e-04 
 1.991732e+00 -3.887880e-04 
 1.992136e+00 -3.770002e-04 
 1.992540e+00 -3.645758e-04 
 1.992944e+00 -3.528826e-04 
 1.993347e+00 -3.418207e-04 
 1.993751e+00 -3.326323e-04 
 1.994155e+00 -3.257648e-04 
 1.994559e+00 -3.218850e-04 
 1.994963e+00 -3.206249e-04 
 1.995367e+00 -3.227902e-04 
 1.995770e+00 -3.283328e-04 
 1.996174e+00 -3.361290e-04 
 1.996578e+00 -3.450303e-04 
 1.996982e+00 -3.546028e-04 
 1.997386e+00 -3.637634e-04 
 1.997790e+00 -3.714328e-04 
 1.998192e+00 -3.752837e-04 
 1.998594e+00 -3.754487e-04 
 1.998996e+00 -3.704932e-04 
 1.999398e+00 -3.609372e-04 
 1.999800e+00 -3.464747e-04 
 2.000202e+00 -3.280232e-04 
 2.000604e+00 -3.065864e-04 
 2.001006e+00 -2.834013e-04 
 2.001408e+00 -2.594823e-04 
 2.001810e+00 -2.355902e-04 
 2.002212e+00 -2.126532e-04 
 2.002614e+00 -1.916260e-04 
 2.003016e+00 -1.745722e-04 
 2.003418e+00 -1.617742e-04 
 2.003820e+00 -1.539503e-04 
 2.004222e+00 -1.507305e-04 
 2.004624e+00 -1.514651e-04 
 2.005026e+00 -1.547483e-04 
 2.005428e+00 -1.596022e-04 
 2.005830e+00 -1.643321e-04 
 2.006232e+00 -1.671090e-04 
 2.006634e+00 -1.676221e-04 
 2.007036e+00 -1.655654e-04 
 2.007438e+00 -1.612496e-04 
 2.007840e+00 -1.539358e-04 
 2.008242e+00 -1.435417e-04 
 2.008644e+00 -1.313585e-04 
 2.009046e+00 -1.181847e-04 
 2.009448e+00 -1.042191e-04 
 2.009850e+00 -9.060723e-05 
 2.010252e+00 -7.730668e-05 
 2.010654e+00 -6.479059e-05 
 2.011056e+00 -5.295663e-05 
 2.011458e+00 -4.093013e-05 
 2.011860e+00 -3.000141e-05 
 2.012262e+00 -1.935885e-05 
 2.012664e+00 -9.682262e-06 
 2.013066e+00 -9.059390e-07 
 2.013468e+00  6.119475e-06 
 2.013870e+00  1.132405e-05 
 2.014272e+00  1.449053e-05 
 2.014674e+00  1.426804e-05 
 2.015076e+00  1.066512e-05 
 2.015478e+00  3.667462e-06 
 2.015880e+00 -6.455885e-06 
 2.016282e+00 -1.887801e-05 
 2.016684e+00 -3.400004e-05 
 2.017086e+00 -5.091157e-05 
 2.017488e+00 -6.764158e-05 
 2.017890e+00 -8.318583e-05 
 2.018292e+00 -9.725069e-05 
 2.018694e+00 -1.086179e-04 
 2.019096e+00 -1.169734e-04 
 2.019498e+00 -1.225482e-04 
 2.019900e+00 -1.259542e-04 
 2.020302e+00 -1.274696e-04 
 2.020704e+00 -1.269209e-04 
 2.021106e+00 -1.237838e-04 
 2.021508e+00 -1.187227e-04 
 2.021910e+00 -1.132370e-04 
 2.022312e+00 -1.075583e-04 
 2.022714e+00 -1.031891e-04 
 2.023116e+00 -1.022250e-04 
 2.023518e+00 -1.047316e-04 
 2.023920e+00 -1.109675e-04 
 2.024322e+00 -1.213902e-04 
 2.024724e+00 -1.351249e-04 
 2.025126e+00 -1.490244e-04 
 2.025528e+00 -1.644283e-04 
 2.025930e+00 -1.781862e-04 
 2.026331e+00 -1.895364e-04 
 2.026733e+00 -1.963945e-04 
 2.027135e+00 -1.985340e-04 
 2.027537e+00 -1.959787e-04 
 2.027939e+00 -1.895955e-04 
 2.028341e+00 -1.796667e-04 
 2.028743e+00 -1.669424e-04 
 2.029145e+00 -1.510313e-04 
 2.029547e+00 -1.338388e-04 
 2.029949e+00 -1.148795e-04 
 2.030353e+00 -9.630062e-05 
 2.030757e+00 -7.778810e-05 
 2.031161e+00 -5.980225e-05 
 2.031564e+00 -4.218955e-05 
 2.031968e+00 -2.444242e-05 
 2.032372e+00 -8.199074e-06 
 2.032776e+00  7.213927e-06 
 2.033180e+00  2.094677e-05 
 2.033583e+00  3.466950e-05 
 2.033987e+00  4.718969e-05 
 2.034391e+00  5.729390e-05 
 2.034795e+00  6.622036e-05 
 2.035199e+00  7.156705e-05 
 2.035602e+00  7.536387e-05 
 2.036006e+00  7.587731e-05 
 2.036410e+00  7.403615e-05 
 2.036814e+00  7.048989e-05 
 2.037217e+00  6.511851e-05 
 2.037621e+00  5.944983e-05 
 2.038025e+00  5.260276e-05 
 2.038427e+00  4.568651e-05 
 2.038829e+00  3.965649e-05 
 2.039231e+00  3.386198e-05 
 2.039633e+00  2.984181e-05 
 2.040035e+00  2.495281e-05 
 2.040437e+00  2.148004e-05 
 2.040839e+00  1.885136e-05 
 2.041241e+00  1.674770e-05 
 2.041643e+00  1.436733e-05 
 2.042045e+00  1.239247e-05 
 2.042447e+00  7.351698e-06 
 2.042849e+00 -6.386096e-08 
 2.043251e+00 -1.059219e-05 
 2.043653e+00 -2.367795e-05 
 2.044055e+00 -4.177665e-05 
 2.044457e+00 -6.332070e-05 
 2.044859e+00 -8.888593e-05 
 2.045261e+00 -1.161839e-04 
 2.045663e+00 -1.440806e-04 
 2.046065e+00 -1.715083e-04 
 2.046467e+00 -1.977178e-04 
 2.046869e+00 -2.207615e-04 
 2.047271e+00 -2.425551e-04 
 2.047673e+00 -2.607593e-04 
 2.048075e+00 -2.776510e-04 
 2.048477e+00 -2.924335e-04 
 2.048879e+00 -3.039034e-04 
 2.049281e+00 -3.129075e-04 
 2.049683e+00 -3.209998e-04 
 2.050085e+00 -3.277721e-04 
 2.050487e+00 -3.339256e-04 
 2.050889e+00 -3.389645e-04 
 2.051291e+00 -3.450160e-04 
 2.051693e+00 -3.518124e-04 
 2.052095e+00 -3.584793e-04 
 2.052497e+00 -3.662312e-04 
 2.052899e+00 -3.739620e-04 
 2.053301e+00 -3.818001e-04 
 2.053703e+00 -3.887058e-04 
 2.054105e+00 -3.958716e-04 
 2.054507e+00 -4.029047e-04 
 2.054909e+00 -4.103446e-04 
 2.055311e+00 -4.171624e-04 
 2.055713e+00 -4.238109e-04 
 2.056115e+00 -4.303615e-04 
 2.056517e+00 -4.362821e-04 
 2.056919e+00 -4.413332e-04 
 2.057321e+00 -4.447996e-04 
 2.057723e+00 -4.469860e-04 
 2.058125e+00 -4.471478e-04 
 2.058527e+00 -4.467388e-04 
 2.058929e+00 -4.449717e-04 
 2.059331e+00 -4.413630e-04 
 2.059733e+00 -4.364648e-04 
 2.060135e+00 -4.307531e-04 
 2.060537e+00 -4.247300e-04 
 2.060939e+00 -4.181710e-04 
 2.061341e+00 -4.099788e-04 
 2.061743e+00 -4.009730e-04 
 2.062145e+00 -3.904919e-04 
 2.062549e+00 -3.804093e-04 
 2.062953e+00 -3.702852e-04 
 2.063357e+00 -3.598309e-04 
 2.063761e+00 -3.524693e-04 
 2.064164e+00 -3.477432e-04 
 2.064568e+00 -3.460265e-04 
 2.064972e+00 -3.466805e-04 
 2.065376e+00 -3.493091e-04 
 2.065780e+00 -3.539326e-04 
 2.066184e+00 -3.592437e-04 
 2.066588e+00 -3.645046e-04 
 2.066991e+00 -3.693479e-04 
 2.067395e+00 -3.739004e-04 
 2.067799e+00 -3.779696e-04 
 2.068203e+00 -3.819937e-04 
 2.068607e+00 -3.854924e-04 
 2.069011e+00 -3.878774e-04 
 2.069414e+00 -3.897489e-04 
 2.069818e+00 -3.912129e-04 
 2.070222e+00 -3.929193e-04 
 2.070624e+00 -3.943499e-04 
 2.071026e+00 -3.957004e-04 
 2.071428e+00 -3.980703e-04 
 2.071830e+00 -4.016905e-04 
 2.072232e+00 -4.069407e-04 
 2.072634e+00 -4.138294e-04 
 2.073036e+00 -4.210896e-04 
 2.073438e+00 -4.290106e-04 
 2.073840e+00 -4.373620e-04 
 2.074242e+00 -4.456130e-04 
 2.074646e+00 -4.539236e-04 
 2.075050e+00 -4.625077e-04 
 2.075453e+00 -4.714745e-04 
 2.075857e+00 -4.800796e-04 
 2.076261e+00 -4.886495e-04 
 2.076665e+00 -4.970937e-04 
 2.077069e+00 -5.042433e-04 
 2.077473e+00 -5.098810e-04 
 2.077876e+00 -5.137509e-04 
 2.078280e+00 -5.153960e-04 
 2.078684e+00 -5.151186e-04 
 2.079088e+00 -5.121728e-04 
 2.079492e+00 -5.072980e-04 
 2.079896e+00 -5.013703e-04 
 2.080299e+00 -4.944811e-04 
 2.080703e+00 -4.862098e-04 
 2.081107e+00 -4.761173e-04 
 2.081511e+00 -4.641373e-04 
 2.081915e+00 -4.512763e-04 
 2.082319e+00 -4.365839e-04 
 2.082722e+00 -4.210336e-04 
 2.083126e+00 -4.045444e-04 
 2.083530e+00 -3.874172e-04 
 2.083934e+00 -3.703066e-04 
 2.084338e+00 -3.540202e-04 
 2.084742e+00 -3.376698e-04 
 2.085145e+00 -3.220351e-04 
 2.085549e+00 -3.070107e-04 
 2.085953e+00 -2.921353e-04 
 2.086357e+00 -2.773287e-04 
 2.086759e+00 -2.626895e-04 
 2.087161e+00 -2.470496e-04 
 2.087563e+00 -2.305825e-04 
 2.087965e+00 -2.145805e-04 
 2.088367e+00 -1.986702e-04 
 2.088769e+00 -1.825619e-04 
 2.089171e+00 -1.670073e-04 
 2.089573e+00 -1.513840e-04 
 2.089975e+00 -1.366181e-04 
 2.090377e+00 -1.219671e-04 
 2.090779e+00 -1.072879e-04 
 2.091181e+00 -9.283929e-05 
 2.091583e+00 -7.924996e-05 
 2.091985e+00 -6.625403e-05 
 2.092387e+00 -5.405241e-05 
 2.092789e+00 -4.204830e-05 
 2.093191e+00 -3.020378e-05 
 2.093593e+00 -1.915664e-05 
 2.093995e+00 -8.629720e-06 
 2.094397e+00  1.556505e-06 
 2.094799e+00  9.953739e-06 
 2.095201e+00  1.638660e-05 
 2.095603e+00  2.076136e-05 
 2.096005e+00  2.317909e-05 
 2.096407e+00  2.407864e-05 
 2.096809e+00  2.277925e-05 
 2.097211e+00  2.173438e-05 
 2.097613e+00  1.951720e-05 
 2.098015e+00  1.733670e-05 
 2.098417e+00  1.498485e-05 
 2.098819e+00  1.312728e-05 
 2.099221e+00  1.201954e-05 
 2.099623e+00  1.135631e-05 
 2.100025e+00  1.078228e-05 
 2.100427e+00  1.100334e-05 
 2.100829e+00  1.140882e-05 
 2.101231e+00  1.251246e-05 
 2.101633e+00  1.392645e-05 
 2.102035e+00  1.463183e-05 
 2.102437e+00  1.442554e-05 
 2.102839e+00  1.350886e-05 
 2.103241e+00  1.246790e-05 
 2.103643e+00  1.167546e-05 
 2.104045e+00  9.452850e-06 
 2.104447e+00  6.147018e-06 
 2.104849e+00  2.246475e-06 
 2.105251e+00 -2.037557e-06 
 2.105653e+00 -8.138549e-06 
 2.106055e+00 -1.276602e-05 
 2.106457e+00 -1.909511e-05 
 2.106861e+00 -2.398042e-05 
 2.107265e+00 -2.792612e-05 
 2.107669e+00 -3.353399e-05 
 2.108073e+00 -3.971997e-05 
 2.108477e+00 -4.544090e-05 
 2.108881e+00 -5.242929e-05 
 2.109285e+00 -5.920347e-05 
 2.109689e+00 -6.642113e-05 
 2.110092e+00 -7.426192e-05 
 2.110496e+00 -8.179398e-05 
 2.110898e+00 -8.783879e-05 
 2.111300e+00 -9.286315e-05 
 2.111702e+00 -9.630563e-05 
 2.112104e+00 -9.698106e-05 
 2.112506e+00 -9.514073e-05 
 2.112908e+00 -8.999664e-05 
 2.113310e+00 -8.272486e-05 
 2.113712e+00 -7.380062e-05 
 2.114114e+00 -6.280718e-05 
 2.114516e+00 -5.207014e-05 
 2.114920e+00 -4.152088e-05 
 2.115324e+00 -3.278208e-05 
 2.115728e+00 -2.549291e-05 
 2.116131e+00 -2.103655e-05 
 2.116535e+00 -1.852211e-05 
 2.116939e+00 -1.760127e-05 
 2.117343e+00 -1.878972e-05 
 2.117747e+00 -2.171007e-05 
 2.118150e+00 -2.532229e-05 
 2.118554e+00 -2.857395e-05 
 2.118956e+00 -3.136921e-05 
 2.119358e+00 -3.327563e-05 
 2.119760e+00 -3.453224e-05 
 2.120162e+00 -3.423118e-05 
 2.120564e+00 -3.239657e-05 
 2.120966e+00 -2.975572e-05 
 2.121368e+00 -2.528960e-05 
 2.121770e+00 -2.067254e-05 
 2.122172e+00 -1.646628e-05 
 2.122574e+00 -1.242246e-05 
 2.122976e+00 -1.076512e-05 
 2.123378e+00 -1.116649e-05 
 2.123780e+00 -1.371051e-05 
 2.124182e+00 -2.080893e-05 
 2.124584e+00 -2.982962e-05 
 2.124986e+00 -4.152048e-05 
 2.125388e+00 -5.513449e-05 
 2.125790e+00 -6.998083e-05 
 2.126192e+00 -8.693994e-05 
 2.126594e+00 -1.050216e-04 
 2.126996e+00 -1.239975e-04 
 2.127398e+00 -1.430766e-04 
 2.127800e+00 -1.632240e-04 
 2.128202e+00 -1.839386e-04 
 2.128604e+00 -2.058782e-04 
 2.129006e+00 -2.293236e-04 
 2.129408e+00 -2.533706e-04 
 2.129810e+00 -2.794252e-04 
 2.130212e+00 -3.074992e-04 
 2.130614e+00 -3.361513e-04 
 2.131018e+00 -3.642526e-04 
 2.131422e+00 -3.909349e-04 
 2.131825e+00 -4.146258e-04 
 2.132229e+00 -4.364250e-04 
 2.132633e+00 -4.532416e-04 
 2.133037e+00 -4.655793e-04 
 2.133441e+00 -4.738276e-04 
 2.133844e+00 -4.790767e-04 
 2.134248e+00 -4.827246e-04 
 2.134652e+00 -4.847839e-04 
 2.135054e+00 -4.867875e-04 
 2.135456e+00 -4.899232e-04 
 2.135858e+00 -4.948102e-04 
 2.136260e+00 -5.020492e-04 
 2.136662e+00 -5.112067e-04 
 2.137064e+00 -5.234702e-04 
 2.137466e+00 -5.376697e-04 
 2.137868e+00 -5.537467e-04 
 2.138270e+00 -5.703729e-04 
 2.138672e+00 -5.864594e-04 
 2.139074e+00 -6.009199e-04 
 2.139476e+00 -6.122570e-04 
 2.139878e+00 -6.196178e-04 
 2.140280e+00 -6.225936e-04 
 2.140682e+00 -6.203184e-04 
 2.141084e+00 -6.121032e-04 
 2.141486e+00 -5.992712e-04 
 2.141888e+00 -5.832725e-04 
 2.142290e+00 -5.653467e-04 
 2.142692e+00 -5.458953e-04 
 2.143094e+00 -5.265333e-04 
 2.143496e+00 -5.076212e-04 
 2.143899e+00 -4.905021e-04 
 2.144301e+00 -4.750749e-04 
 2.144703e+00 -4.611300e-04 
 2.145105e+00 -4.500692e-04 
 2.145507e+00 -4.404142e-04 
 2.145909e+00 -4.329571e-04 
 2.146311e+00 -4.264927e-04 
 2.146713e+00 -4.203511e-04 
 2.147116e+00 -4.146901e-04 
 2.147520e+00 -4.097280e-04 
 2.147924e+00 -4.047741e-04 
 2.148328e+00 -4.002988e-04 
 2.148732e+00 -3.969994e-04 
 2.149135e+00 -3.943815e-04 
 2.149539e+00 -3.932714e-04 
 2.149943e+00 -3.945122e-04 
 2.150347e+00 -3.970442e-04 
 2.150751e+00 -4.007181e-04 
 2.151155e+00 -4.045252e-04 
 2.151558e+00 -4.075571e-04 
 2.151962e+00 -4.099743e-04 
 2.152366e+00 -4.092305e-04 
 2.152770e+00 -4.057162e-04 
 2.153174e+00 -3.993005e-04 
 2.153578e+00 -3.901171e-04 
 2.153981e+00 -3.795552e-04 
 2.154385e+00 -3.683318e-04 
 2.154789e+00 -3.581232e-04 
 2.155191e+00 -3.501818e-04 
 2.155593e+00 -3.452599e-04 
 2.155995e+00 -3.450108e-04 
 2.156397e+00 -3.493180e-04 
 2.156799e+00 -3.590577e-04 
 2.157201e+00 -3.733229e-04 
 2.157603e+00 -3.919855e-04 
 2.158005e+00 -4.144171e-04 
 2.158407e+00 -4.388167e-04 
 2.158809e+00 -4.641178e-04 
 2.159211e+00 -4.887778e-04 
 2.159613e+00 -5.113008e-04 
 2.160015e+00 -5.303134e-04 
 2.160417e+00 -5.437997e-04 
 2.160819e+00 -5.519597e-04 
 2.161221e+00 -5.539224e-04 
 2.161623e+00 -5.509005e-04 
 2.162026e+00 -5.437532e-04 
 2.162428e+00 -5.332823e-04 
 2.162830e+00 -5.210948e-04 
 2.163232e+00 -5.084053e-04 
 2.163634e+00 -4.956615e-04 
 2.164036e+00 -4.836506e-04 
 2.164438e+00 -4.732408e-04 
 2.164840e+00 -4.649121e-04 
 2.165242e+00 -4.583283e-04 
 2.165644e+00 -4.529350e-04 
 2.166046e+00 -4.493645e-04 
 2.166448e+00 -4.469030e-04 
 2.166850e+00 -4.452124e-04 
 2.167254e+00 -4.432598e-04 
 2.167657e+00 -4.413444e-04 
 2.168061e+00 -4.380862e-04 
 2.168465e+00 -4.335994e-04 
 2.168869e+00 -4.264082e-04 
 2.169273e+00 -4.169639e-04 
 2.169677e+00 -4.058773e-04 
 2.170080e+00 -3.930208e-04 
 2.170484e+00 -3.792258e-04 
 2.170888e+00 -3.631693e-04 
 2.171292e+00 -3.454109e-04 
 2.171696e+00 -3.254375e-04 
 2.172099e+00 -3.031859e-04 
 2.172503e+00 -2.788368e-04 
 2.172907e+00 -2.523104e-04 
 2.173311e+00 -2.240073e-04 
 2.173715e+00 -1.949830e-04 
 2.174119e+00 -1.656652e-04 
 2.174522e+00 -1.371628e-04 
 2.174926e+00 -1.101162e-04 
 2.175330e+00 -8.645614e-05 
 2.175734e+00 -6.652264e-05 
 2.176137e+00 -5.101680e-05 
 2.176541e+00 -3.994606e-05 
 2.176945e+00 -3.346112e-05 
 2.177349e+00 -3.221878e-05 
 2.177753e+00 -3.578260e-05 
 2.178156e+00 -4.278631e-05 
 2.178560e+00 -5.209653e-05 
 2.178964e+00 -6.232634e-05 
 2.179368e+00 -7.309671e-05 
 2.179771e+00 -8.199060e-05 
 2.180175e+00 -8.838752e-05 
 2.180579e+00 -9.144723e-05 
 2.180983e+00 -9.098110e-05 
 2.181387e+00 -8.765702e-05 
 2.181790e+00 -8.129196e-05 
 2.182194e+00 -7.267876e-05 
 2.182598e+00 -6.271173e-05 
 2.183002e+00 -5.146699e-05 
 2.183404e+00 -4.070089e-05 
 2.183806e+00 -3.104335e-05 
 2.184208e+00 -2.286010e-05 
 2.184610e+00 -1.731348e-05 
 2.185012e+00 -1.422573e-05 
 2.185414e+00 -1.433490e-05 
 2.185816e+00 -1.758588e-05 
 2.186218e+00 -2.454719e-05 
 2.186620e+00 -3.437353e-05 
 2.187022e+00 -4.662023e-05 
 2.187424e+00 -6.053506e-05 
 2.187826e+00 -7.485606e-05 
 2.188228e+00 -8.897543e-05 
 2.188630e+00 -1.010087e-04 
 2.189032e+00 -1.114348e-04 
 2.189434e+00 -1.198177e-04 
 2.189836e+00 -1.262687e-04 
 2.190238e+00 -1.282890e-04 
 2.190640e+00 -1.275046e-04 
 2.191042e+00 -1.233472e-04 
 2.191444e+00 -1.154172e-04 
 2.191845e+00 -1.051721e-04 
 2.192247e+00 -9.172721e-05 
 2.192649e+00 -7.681209e-05 
 2.193051e+00 -6.063166e-05 
 2.193453e+00 -4.288388e-05 
 2.193855e+00 -2.494077e-05 
 2.194257e+00 -7.880086e-06 
 2.194659e+00  8.457521e-06 
 2.195061e+00  2.284789e-05 
 2.195463e+00  3.520643e-05 
 2.195865e+00  4.543703e-05 
 2.196267e+00  5.245609e-05 
 2.196669e+00  5.757116e-05 
 2.197071e+00  6.002554e-05 
 2.197473e+00  6.114497e-05 
 2.197875e+00  6.167116e-05 
 2.198277e+00  6.159918e-05 
 2.198679e+00  6.257782e-05 
 2.199081e+00  6.432533e-05 
 2.199483e+00  6.780486e-05 
 2.199885e+00  7.312992e-05 
 2.200287e+00  8.070695e-05 
 2.200689e+00  9.148886e-05 
 2.201091e+00  1.047994e-04 
 2.201493e+00  1.196213e-04 
 2.201895e+00  1.361881e-04 
 2.202297e+00  1.532557e-04 
 2.202699e+00  1.716932e-04 
 2.203101e+00  1.898803e-04 
 2.203503e+00  2.063456e-04 
 2.203905e+00  2.187207e-04 
 2.204307e+00  2.299571e-04 
 2.204709e+00  2.377219e-04 
 2.205111e+00  2.433901e-04 
 2.205513e+00  2.447570e-04 
 2.205915e+00  2.426212e-04 
 2.206317e+00  2.366948e-04 
 2.206719e+00  2.270094e-04 
 2.207121e+00  2.148339e-04 
 2.207524e+00  1.995337e-04 
 2.207928e+00  1.812830e-04 
 2.208332e+00  1.602118e-04 
 2.208736e+00  1.386959e-04 
 2.209139e+00  1.150608e-04 
 2.209543e+00  9.163416e-05 
 2.209947e+00  6.794071e-05 
 2.210351e+00  4.507247e-05 
 2.210754e+00  2.538892e-05 
 2.211158e+00  7.916425e-06 
 2.211562e+00 -8.533650e-06 
 2.211966e+00 -2.258598e-05 
 2.212369e+00 -3.424285e-05 
 2.212773e+00 -4.544106e-05 
 2.213177e+00 -5.563020e-05 
 2.213581e+00 -6.705773e-05 
 2.213984e+00 -7.913733e-05 
 2.214388e+00 -9.398546e-05 
 2.214792e+00 -1.104999e-04 
 2.215196e+00 -1.312355e-04 
 2.215600e+00 -1.543998e-04 
 2.216003e+00 -1.820480e-04 
 2.216407e+00 -2.108699e-04 
 2.216811e+00 -2.416903e-04 
 2.217215e+00 -2.749500e-04 
 2.217619e+00 -3.079534e-04 
 2.218022e+00 -3.390775e-04 
 2.218426e+00 -3.681078e-04 
 2.218830e+00 -3.931881e-04 
 2.219234e+00 -4.143283e-04 
 2.219638e+00 -4.305983e-04 
 2.220041e+00 -4.428725e-04 
 2.220445e+00 -4.509784e-04 
 2.220849e+00 -4.546819e-04 
 2.221253e+00 -4.563409e-04 
 2.221657e+00 -4.561728e-04 
 2.222060e+00 -4.553033e-04 
 2.222464e+00 -4.530722e-04 
 2.222868e+00 -4.505407e-04 
 2.223272e+00 -4.471148e-04 
 2.223674e+00 -4.427963e-04 
 2.224076e+00 -4.385729e-04 
 2.224478e+00 -4.341003e-04 
 2.224880e+00 -4.291814e-04 
 2.225282e+00 -4.254754e-04 
 2.225684e+00 -4.204726e-04 
 2.226086e+00 -4.166649e-04 
 2.226488e+00 -4.135713e-04 
 2.226890e+00 -4.103351e-04 
 2.227292e+00 -4.082552e-04 
 2.227694e+00 -4.070593e-04 
 2.228096e+00 -4.070286e-04 
 2.228498e+00 -4.079267e-04 
 2.228900e+00 -4.098669e-04 
 2.229302e+00 -4.121982e-04 
 2.229704e+00 -4.149248e-04 
 2.230106e+00 -4.173157e-04 
 2.230508e+00 -4.183049e-04 
 2.230910e+00 -4.167423e-04 
 2.231312e+00 -4.128662e-04 
 2.231716e+00 -4.075685e-04 
 2.232120e+00 -4.004699e-04 
 2.232524e+00 -3.905723e-04 
 2.232927e+00 -3.786181e-04 
 2.233331e+00 -3.670427e-04 
 2.233735e+00 -3.556037e-04 
 2.234139e+00 -3.459492e-04 
 2.234543e+00 -3.386766e-04 
 2.234947e+00 -3.352573e-04 
 2.235350e+00 -3.361595e-04 
 2.235754e+00 -3.417654e-04 
 2.236158e+00 -3.536127e-04 
 2.236562e+00 -3.699164e-04 
 2.236966e+00 -3.903765e-04 
 2.237369e+00 -4.130532e-04 
 2.237773e+00 -4.359956e-04 
 2.238177e+00 -4.574648e-04 
 2.238581e+00 -4.756601e-04 
 2.238985e+00 -4.903907e-04 
 2.239389e+00 -5.014541e-04 
 2.239792e+00 -5.077448e-04 
 2.240196e+00 -5.102768e-04 
 2.240600e+00 -5.098765e-04 
 2.241004e+00 -5.077421e-04 
 2.241408e+00 -5.061503e-04 
 2.241812e+00 -5.055202e-04 
 2.242215e+00 -5.059692e-04 
 2.242619e+00 -5.084621e-04 
 2.243023e+00 -5.121295e-04 
 2.243427e+00 -5.187343e-04 
 2.243829e+00 -5.273784e-04 
 2.244231e+00 -5.369957e-04 
 2.244633e+00 -5.469621e-04 
 2.245035e+00 -5.566990e-04 
 2.245437e+00 -5.658521e-04 
 2.245839e+00 -5.742998e-04 
 2.246241e+00 -5.812451e-04 
 2.246643e+00 -5.859134e-04 
 2.247045e+00 -5.887441e-04 
 2.247447e+00 -5.895121e-04 
 2.247849e+00 -5.889424e-04 
 2.248252e+00 -5.867797e-04 
 2.248654e+00 -5.834475e-04 
 2.249056e+00 -5.804306e-04 
 2.249458e+00 -5.776638e-04 
 2.249860e+00 -5.740329e-04 
 2.250262e+00 -5.706926e-04 
 2.250664e+00 -5.668305e-04 
 2.251066e+00 -5.605957e-04 
 2.251468e+00 -5.529809e-04 
 2.251870e+00 -5.431178e-04 
 2.252272e+00 -5.303419e-04 
 2.252674e+00 -5.137975e-04 
 2.253076e+00 -4.939941e-04 
 2.253478e+00 -4.719084e-04 
 2.253880e+00 -4.482905e-04 
 2.254282e+00 -4.224018e-04 
 2.254684e+00 -3.966725e-04 
 2.255086e+00 -3.724170e-04 
 2.255488e+00 -3.508636e-04 
 2.255890e+00 -3.325043e-04 
 2.256292e+00 -3.182252e-04 
 2.256694e+00 -3.085084e-04 
 2.257096e+00 -3.013463e-04 
 2.257498e+00 -2.967507e-04 
 2.257900e+00 -2.923215e-04 
 2.258302e+00 -2.867385e-04 
 2.258704e+00 -2.784688e-04 
 2.259106e+00 -2.674274e-04 
 2.259508e+00 -2.534491e-04 
 2.259910e+00 -2.355283e-04 
 2.260312e+00 -2.144579e-04 
 2.260714e+00 -1.923714e-04 
 2.261116e+00 -1.703207e-04 
 2.261518e+00 -1.503339e-04 
 2.261920e+00 -1.327196e-04 
 2.262322e+00 -1.171540e-04 
 2.262724e+00 -1.050873e-04 
 2.263126e+00 -9.663827e-05 
 2.263528e+00 -9.178241e-05 
 2.263931e+00 -9.128425e-05 
 2.264333e+00 -9.392323e-05 
 2.264735e+00 -9.837088e-05 
 2.265137e+00 -1.041476e-04 
 2.265539e+00 -1.094689e-04 
 2.265941e+00 -1.146668e-04 
 2.266343e+00 -1.187836e-04 
 2.266745e+00 -1.212950e-04 
 2.267147e+00 -1.221449e-04 
 2.267549e+00 -1.212933e-04 
 2.267951e+00 -1.197493e-04 
 2.268353e+00 -1.183422e-04 
 2.268755e+00 -1.169100e-04 
 2.269157e+00 -1.172894e-04 
 2.269559e+00 -1.195986e-04 
 2.269961e+00 -1.244088e-04 
 2.270363e+00 -1.304072e-04 
 2.270765e+00 -1.383535e-04 
 2.271167e+00 -1.477040e-04 
 2.271569e+00 -1.568533e-04 
 2.271971e+00 -1.653687e-04 
 2.272373e+00 -1.712376e-04 
 2.272775e+00 -1.735925e-04 
 2.273177e+00 -1.724526e-04 
 2.273579e+00 -1.676237e-04 
 2.273981e+00 -1.596414e-04 
 2.274383e+00 -1.487616e-04 
 2.274785e+00 -1.361167e-04 
 2.275187e+00 -1.229779e-04 
 2.275589e+00 -1.106723e-04 
 2.275991e+00 -9.937525e-05 
 2.276393e+00 -9.047850e-05 
 2.276795e+00 -8.474937e-05 
 2.277197e+00 -8.138561e-05 
 2.277599e+00 -8.012184e-05 
 2.278000e+00 -7.942340e-05 
 2.278402e+00 -7.834760e-05 
 2.278804e+00 -7.516356e-05 
 2.279206e+00 -7.018905e-05 
 2.279608e+00 -6.220382e-05 
 2.280010e+00 -5.101105e-05 
 2.280412e+00 -3.617070e-05 
 2.280814e+00 -1.888729e-05 
 2.281216e+00 -5.331315e-07 
 2.281618e+00  1.818113e-05 
 2.282020e+00  3.782819e-05 
 2.282422e+00  5.740412e-05 
 2.282824e+00  7.640541e-05 
 2.283226e+00  9.339345e-05 
 2.283628e+00  1.078180e-04 
 2.284030e+00  1.204217e-04 
 2.284432e+00  1.321245e-04 
 2.284834e+00  1.422363e-04 
 2.285236e+00  1.521300e-04 
 2.285638e+00  1.616435e-04 
 2.286040e+00  1.716239e-04 
 2.286442e+00  1.826103e-04 
 2.286844e+00  1.940157e-04 
 2.287246e+00  2.064319e-04 
 2.287648e+00  2.194120e-04 
 2.288050e+00  2.309271e-04 
 2.288452e+00  2.402288e-04 
 2.288854e+00  2.483801e-04 
 2.289256e+00  2.516494e-04 
 2.289658e+00  2.529637e-04 
 2.290060e+00  2.497941e-04 
 2.290462e+00  2.431048e-04 
 2.290864e+00  2.337832e-04 
 2.291266e+00  2.213869e-04 
 2.291668e+00  2.076073e-04 
 2.292072e+00  1.936786e-04 
 2.292475e+00  1.800962e-04 
 2.292879e+00  1.671149e-04 
 2.293283e+00  1.560995e-04 
 2.293687e+00  1.465308e-04 
 2.294091e+00  1.373202e-04 
 2.294494e+00  1.293610e-04 
 2.294898e+00  1.217113e-04 
 2.295302e+00  1.131009e-04 
 2.295706e+00  1.025846e-04 
 2.296108e+00  8.845069e-05 
 2.296510e+00  7.168960e-05 
 2.296912e+00  5.061529e-05 
 2.297314e+00  2.578244e-05 
 2.297716e+00 -2.335239e-06 
 2.298117e+00 -3.299689e-05 
 2.298519e+00 -6.534893e-05 
 2.298921e+00 -9.843344e-05 
 2.299323e+00 -1.326898e-04 
 2.299725e+00 -1.656413e-04 
 2.300127e+00 -1.981521e-04 
 2.300529e+00 -2.286781e-04 
 2.300931e+00 -2.586824e-04 
 2.301333e+00 -2.868219e-04 
 2.301735e+00 -3.132169e-04 
 2.302137e+00 -3.377925e-04 
 2.302539e+00 -3.592000e-04 
 2.302941e+00 -3.785194e-04 
 2.303343e+00 -3.960111e-04 
 2.303745e+00 -4.111740e-04 
 2.304147e+00 -4.249350e-04 
 2.304549e+00 -4.365780e-04 
 2.304951e+00 -4.465107e-04 
 2.305353e+00 -4.539743e-04 
 2.305755e+00 -4.590604e-04 
 2.306157e+00 -4.630049e-04 
 2.306559e+00 -4.643743e-04 
 2.306961e+00 -4.631793e-04 
 2.307363e+00 -4.600564e-04 
 2.307765e+00 -4.558695e-04 
 2.308167e+00 -4.513944e-04 
 2.308569e+00 -4.474289e-04 
 2.308971e+00 -4.435660e-04 
 2.309373e+00 -4.404817e-04 
 2.309775e+00 -4.384003e-04 
 2.310177e+00 -4.354598e-04 
 2.310579e+00 -4.326234e-04 
 2.310981e+00 -4.278622e-04 
 2.311383e+00 -4.220168e-04 
 2.311786e+00 -4.140331e-04 
 2.312188e+00 -4.032298e-04 
 2.312590e+00 -3.903604e-04 
 2.312992e+00 -3.742735e-04 
 2.313394e+00 -3.566255e-04 
 2.313796e+00 -3.368957e-04 
 2.314198e+00 -3.154567e-04 
 2.314600e+00 -2.939607e-04 
 2.315002e+00 -2.725801e-04 
 2.315404e+00 -2.538717e-04 
 2.315806e+00 -2.371997e-04 
 2.316209e+00 -2.238156e-04 
 2.316613e+00 -2.129492e-04 
 2.317017e+00 -2.063844e-04 
 2.317421e+00 -2.031515e-04 
 2.317825e+00 -2.027635e-04 
 2.318228e+00 -2.042632e-04 
 2.318632e+00 -2.087368e-04 
 2.319036e+00 -2.168678e-04 
 2.319440e+00 -2.275738e-04 
 2.319844e+00 -2.405955e-04 
 2.320247e+00 -2.547055e-04 
 2.320651e+00 -2.707341e-04 
 2.321055e+00 -2.876695e-04 
 2.321459e+00 -3.045672e-04 
 2.321863e+00 -3.220560e-04 
 2.322266e+00 -3.386057e-04 
 2.322670e+00 -3.538175e-04 
 2.323074e+00 -3.679221e-04 
 2.323478e+00 -3.805403e-04 
 2.323882e+00 -3.921256e-04 
 2.324285e+00 -4.022348e-04 
 2.324689e+00 -4.112866e-04 
 2.325093e+00 -4.189938e-04 
 2.325497e+00 -4.261544e-04 
 2.325901e+00 -4.336492e-04 
 2.326305e+00 -4.409566e-04 
 2.326708e+00 -4.498950e-04 
 2.327112e+00 -4.597040e-04 
 2.327516e+00 -4.705419e-04 
 2.327920e+00 -4.830484e-04 
 2.328322e+00 -4.975220e-04 
 2.328724e+00 -5.152248e-04 
 2.329126e+00 -5.343413e-04 
 2.329528e+00 -5.536056e-04 
 2.329930e+00 -5.719702e-04 
 2.330332e+00 -5.891047e-04 
 2.330734e+00 -6.037713e-04 
 2.331136e+00 -6.152142e-04 
 2.331538e+00 -6.220172e-04 
 2.331940e+00 -6.247249e-04 
 2.332342e+00 -6.222821e-04 
 2.332744e+00 -6.146078e-04 
 2.333146e+00 -6.030797e-04 
 2.333548e+00 -5.878990e-04 
 2.333950e+00 -5.694626e-04 
 2.334352e+00 -5.485029e-04 
 2.334754e+00 -5.259614e-04 
 2.335156e+00 -5.028208e-04 
 2.335558e+00 -4.802414e-04 
 2.335961e+00 -4.592200e-04 
 2.336363e+00 -4.390705e-04 
 2.336765e+00 -4.205079e-04 
 2.337167e+00 -4.027830e-04 
 2.337569e+00 -3.859983e-04 
 2.337971e+00 -3.699220e-04 
 2.338373e+00 -3.537330e-04 
 2.338775e+00 -3.372927e-04 
 2.339177e+00 -3.224098e-04 
 2.339579e+00 -3.086193e-04 
 2.339981e+00 -2.959070e-04 
 2.340383e+00 -2.839292e-04 
 2.340785e+00 -2.726276e-04 
 2.341187e+00 -2.631970e-04 
 2.341589e+00 -2.527878e-04 
 2.341991e+00 -2.413771e-04 
 2.342393e+00 -2.288723e-04 
 2.342795e+00 -2.139060e-04 
 2.343197e+00 -1.973831e-04 
 2.343599e+00 -1.792584e-04 
 2.344001e+00 -1.604295e-04 
 2.344403e+00 -1.406814e-04 
 2.344805e+00 -1.203406e-04 
 2.345207e+00 -1.013146e-04 
 2.345609e+00 -8.290370e-05 
 2.346011e+00 -6.635261e-05 
 2.346413e+00 -5.302864e-05 
 2.346815e+00 -4.366670e-05 
 2.347217e+00 -3.848922e-05 
 2.347619e+00 -3.814661e-05 
 2.348021e+00 -4.281985e-05 
 2.348423e+00 -5.368912e-05 
 2.348825e+00 -6.866619e-05 
 2.349227e+00 -8.700915e-05 
 2.349629e+00 -1.083146e-04 
 2.350031e+00 -1.301227e-04 
 2.350433e+00 -1.519214e-04 
 2.350835e+00 -1.723479e-04 
 2.351237e+00 -1.901665e-04 
 2.351639e+00 -2.044990e-04 
 2.352041e+00 -2.141437e-04 
 2.352443e+00 -2.195093e-04 
 2.352845e+00 -2.205535e-04 
 2.353247e+00 -2.185786e-04 
 2.353649e+00 -2.141253e-04 
 2.354051e+00 -2.079430e-04 
 2.354453e+00 -2.006816e-04 
 2.354855e+00 -1.939080e-04 
 2.355257e+00 -1.884311e-04 
 2.355659e+00 -1.849751e-04 
 2.356061e+00 -1.847075e-04 
 2.356463e+00 -1.865205e-04 
 2.356865e+00 -1.903062e-04 
 2.357267e+00 -1.952625e-04 
 2.357668e+00 -2.004499e-04 
 2.358070e+00 -2.056139e-04 
 2.358472e+00 -2.098590e-04 
 2.358874e+00 -2.130230e-04 
 2.359276e+00 -2.147065e-04 
 2.359678e+00 -2.146466e-04 
 2.360080e+00 -2.135854e-04 
 2.360484e+00 -2.105389e-04 
 2.360888e+00 -2.061643e-04 
 2.361292e+00 -2.011880e-04 
 2.361695e+00 -1.945654e-04 
 2.362099e+00 -1.855605e-04 
 2.362503e+00 -1.739604e-04 
 2.362907e+00 -1.596227e-04 
 2.363311e+00 -1.416954e-04 
 2.363714e+00 -1.208285e-04 
 2.364118e+00 -9.700477e-05 
 2.364522e+00 -7.187600e-05 
 2.364926e+00 -4.477782e-05 
 2.365329e+00 -1.674247e-05 
 2.365733e+00  1.044070e-05 
 2.366137e+00  3.610424e-05 
 2.366541e+00  5.940209e-05 
 2.366945e+00  7.944246e-05 
 2.367348e+00  9.481890e-05 
 2.367752e+00  1.069164e-04 
 2.368156e+00  1.135541e-04 
 2.368560e+00  1.159332e-04 
 2.368963e+00  1.131641e-04 
 2.369367e+00  1.071650e-04 
 2.369771e+00  9.947874e-05 
 2.370175e+00  9.112649e-05 
 2.370579e+00  8.249915e-05 
 2.370982e+00  7.506613e-05 
 2.371386e+00  7.069691e-05 
 2.371790e+00  7.025232e-05 
 2.372194e+00  7.341415e-05 
 2.372596e+00  8.070262e-05 
 2.372998e+00  9.096408e-05 
 2.373400e+00  1.038078e-04 
 2.373802e+00  1.178617e-04 
 2.374204e+00  1.314439e-04 
 2.374606e+00  1.429427e-04 
 2.375008e+00  1.509029e-04 
 2.375410e+00  1.545273e-04 
 2.375812e+00  1.523275e-04 
 2.376214e+00  1.451767e-04 
 2.376617e+00  1.330610e-04 
 2.377021e+00  1.173899e-04 
 2.377425e+00  9.792904e-05 
 2.377828e+00  7.635008e-05 
 2.378232e+00  5.429312e-05 
 2.378636e+00  3.257488e-05 
 2.379040e+00  1.195238e-05 
 2.379444e+00 -7.361803e-06 
 2.379847e+00 -2.519930e-05 
 2.380251e+00 -4.138626e-05 
 2.380655e+00 -5.620706e-05 
 2.381059e+00 -6.964049e-05 
 2.381463e+00 -8.173572e-05 
 2.381866e+00 -9.240196e-05 
 2.382270e+00 -1.010627e-04 
 2.382674e+00 -1.079788e-04 
 2.383078e+00 -1.130574e-04 
 2.383481e+00 -1.166477e-04 
 2.383885e+00 -1.183922e-04 
 2.384289e+00 -1.189945e-04 
 2.384691e+00 -1.191074e-04 
 2.385093e+00 -1.188204e-04 
 2.385495e+00 -1.183748e-04 
 2.385897e+00 -1.182403e-04 
 2.386299e+00 -1.187001e-04 
 2.386701e+00 -1.211786e-04 
 2.387103e+00 -1.261640e-04 
 2.387505e+00 -1.330516e-04 
 2.387907e+00 -1.422775e-04 
 2.388309e+00 -1.534993e-04 
 2.388711e+00 -1.671594e-04 
 2.389113e+00 -1.822931e-04 
 2.389515e+00 -1.973405e-04 
 2.389917e+00 -2.115633e-04 
 2.390319e+00 -2.234341e-04 
 2.390721e+00 -2.326569e-04 
 2.391123e+00 -2.383621e-04 
 2.391525e+00 -2.394221e-04 
 2.391927e+00 -2.364429e-04 
 2.392329e+00 -2.292880e-04 
 2.392731e+00 -2.177440e-04 
 2.393133e+00 -2.035332e-04 
 2.393535e+00 -1.881340e-04 
 2.393937e+00 -1.724695e-04 
 2.394339e+00 -1.576133e-04 
 2.394741e+00 -1.448660e-04 
 2.395143e+00 -1.356657e-04 
 2.395545e+00 -1.299070e-04 
 2.395947e+00 -1.274741e-04 
 2.396349e+00 -1.289807e-04 
 2.396751e+00 -1.340776e-04 
 2.397153e+00 -1.425624e-04 
 2.397555e+00 -1.528666e-04 
 2.397957e+00 -1.639626e-04 
 2.398359e+00 -1.757307e-04 
 2.398761e+00 -1.872201e-04 
 2.399163e+00 -1.974457e-04 
 2.399565e+00 -2.053501e-04 
 2.399967e+00 -2.116345e-04 
 2.400369e+00 -2.166077e-04 
 2.400771e+00 -2.207207e-04 
 2.401173e+00 -2.234472e-04 
 2.401575e+00 -2.254050e-04 
 2.401977e+00 -2.270003e-04 
 2.402379e+00 -2.285328e-04 
 2.402781e+00 -2.302552e-04 
 2.403183e+00 -2.317839e-04 
 2.403585e+00 -2.338333e-04 
 2.403987e+00 -2.366145e-04 
 2.404389e+00 -2.398517e-04 
 2.404791e+00 -2.441594e-04 
 2.405193e+00 -2.497217e-04 
 2.405595e+00 -2.564013e-04 
 2.405997e+00 -2.640418e-04 
 2.406399e+00 -2.731276e-04 
 2.406801e+00 -2.833596e-04 
 2.407203e+00 -2.941336e-04 
 2.407605e+00 -3.056217e-04 
 2.408007e+00 -3.173517e-04 
 2.408410e+00 -3.295222e-04 
 2.408813e+00 -3.415836e-04 
 2.409217e+00 -3.531997e-04 
 2.409621e+00 -3.637904e-04 
 2.410025e+00 -3.722920e-04 
 2.410429e+00 -3.783631e-04 
 2.410832e+00 -3.823902e-04 
 2.411236e+00 -3.842119e-04 
 2.411640e+00 -3.830144e-04 
 2.412044e+00 -3.789622e-04 
 2.412448e+00 -3.725444e-04 
 2.412852e+00 -3.644278e-04 
 2.413255e+00 -3.552785e-04 
 2.413659e+00 -3.457021e-04 
 2.414063e+00 -3.357253e-04 
 2.414467e+00 -3.264941e-04 
 2.414871e+00 -3.174680e-04 
 2.415275e+00 -3.093179e-04 
 2.415678e+00 -3.025165e-04 
 2.416082e+00 -2.978793e-04 
 2.416486e+00 -2.957626e-04 
 2.416890e+00 -2.950340e-04 
 2.417294e+00 -2.953877e-04 
 2.417698e+00 -2.972811e-04 
 2.418101e+00 -2.999559e-04 
 2.418505e+00 -3.024841e-04 
 2.418909e+00 -3.043496e-04 
 2.419313e+00 -3.058324e-04 
 2.419717e+00 -3.064037e-04 
 2.420120e+00 -3.061634e-04 
 2.420524e+00 -3.043243e-04 
 2.420926e+00 -3.018563e-04 
 2.421328e+00 -2.990798e-04 
 2.421730e+00 -2.948201e-04 
 2.422132e+00 -2.894298e-04 
 2.422534e+00 -2.834626e-04 
 2.422936e+00 -2.771747e-04 
 2.423338e+00 -2.703480e-04 
 2.423740e+00 -2.635433e-04 
 2.424142e+00 -2.574896e-04 
 2.424544e+00 -2.523781e-04 
 2.424948e+00 -2.489821e-04 
 2.425352e+00 -2.471440e-04 
 2.425756e+00 -2.464820e-04 
 2.426159e+00 -2.473440e-04 
 2.426563e+00 -2.497530e-04 
 2.426967e+00 -2.531609e-04 
 2.427371e+00 -2.564089e-04 
 2.427775e+00 -2.596077e-04 
 2.428179e+00 -2.625264e-04 
 2.428582e+00 -2.647854e-04 
 2.428986e+00 -2.665416e-04 
 2.429390e+00 -2.672434e-04 
 2.429794e+00 -2.667409e-04 
 2.430198e+00 -2.646827e-04 
 2.430601e+00 -2.617580e-04 
 2.431005e+00 -2.577229e-04 
 2.431409e+00 -2.525711e-04 
 2.431813e+00 -2.460390e-04 
 2.432217e+00 -2.389925e-04 
 2.432621e+00 -2.320961e-04 
 2.433023e+00 -2.253138e-04 
 2.433425e+00 -2.187657e-04 
 2.433827e+00 -2.131069e-04 
 2.434229e+00 -2.077675e-04 
 2.434631e+00 -2.025296e-04 
 2.435033e+00 -1.969783e-04 
 2.435435e+00 -1.916171e-04 
 2.435837e+00 -1.864347e-04 
 2.436239e+00 -1.811360e-04 
 2.436641e+00 -1.764195e-04 
 2.437043e+00 -1.714986e-04 
 2.437445e+00 -1.668838e-04 
 2.437847e+00 -1.623941e-04 
 2.438249e+00 -1.583788e-04 
 2.438651e+00 -1.542177e-04 
 2.439053e+00 -1.495028e-04 
 2.439455e+00 -1.439432e-04 
 2.439857e+00 -1.373292e-04 
 2.440259e+00 -1.302195e-04 
 2.440661e+00 -1.232620e-04 
 2.441063e+00 -1.162365e-04 
 2.441465e+00 -1.088972e-04 
 2.441867e+00 -1.014965e-04 
 2.442269e+00 -9.443016e-05 
 2.442671e+00 -8.727888e-05 
 2.443073e+00 -7.980278e-05 
 2.443475e+00 -7.191118e-05 
 2.443877e+00 -6.431961e-05 
 2.444279e+00 -5.640088e-05 
 2.444681e+00 -4.847772e-05 
 2.445084e+00 -4.068224e-05 
 2.445488e+00 -3.377574e-05 
 2.445892e+00 -2.778603e-05 
 2.446296e+00 -2.226925e-05 
 2.446699e+00 -1.721363e-05 
 2.447103e+00 -1.273990e-05 
 2.447507e+00 -8.530212e-06 
 2.447911e+00 -4.559431e-06 
 2.448315e+00 -1.552217e-07 
 2.448718e+00  4.250552e-06 
 2.449120e+00  7.756304e-06 
 2.449522e+00  1.132926e-05 
 2.449924e+00  1.484648e-05 
 2.450326e+00  1.786363e-05 
 2.450728e+00  2.064265e-05 
 2.451130e+00  2.304535e-05 
 2.451532e+00  2.555959e-05 
 2.451934e+00  2.720125e-05 
 2.452336e+00  2.791123e-05 
 2.452738e+00  2.765691e-05 
 2.453142e+00  2.561884e-05 
 2.453546e+00  2.262813e-05 
 2.453950e+00  1.854153e-05 
 2.454353e+00  1.350188e-05 
 2.454757e+00  7.753316e-06 
 2.455161e+00  1.070060e-06 
 2.455565e+00 -4.544653e-06 
 2.455968e+00 -9.745286e-06 
 2.456372e+00 -1.409092e-05 
 2.456776e+00 -1.829171e-05 
 2.457178e+00 -2.162564e-05 
 2.457580e+00 -2.392755e-05 
 2.457982e+00 -2.577561e-05 
 2.458384e+00 -2.834801e-05 
 2.458786e+00 -3.064507e-05 
 2.459188e+00 -3.451379e-05 
 2.459590e+00 -3.831499e-05 
 2.459992e+00 -4.373882e-05 
 2.460394e+00 -5.081628e-05 
 2.460796e+00 -5.871087e-05 
 2.461198e+00 -6.807680e-05 
 2.461600e+00 -7.753905e-05 
 2.462002e+00 -8.837837e-05 
 2.462404e+00 -9.985692e-05 
 2.462806e+00 -1.108692e-04 
 2.463208e+00 -1.211534e-04 
 2.463610e+00 -1.299896e-04 
 2.464012e+00 -1.364198e-04 
 2.464414e+00 -1.403877e-04 
 2.464816e+00 -1.418972e-04 
 2.465219e+00 -1.415950e-04 
 2.465623e+00 -1.392584e-04 
 2.466027e+00 -1.358915e-04 
 2.466431e+00 -1.324177e-04 
 2.466834e+00 -1.286363e-04 
 2.467238e+00 -1.252940e-04 
 2.467642e+00 -1.217244e-04 
 2.468046e+00 -1.193686e-04 
 2.468450e+00 -1.178470e-04 
 2.468853e+00 -1.181144e-04 
 2.469255e+00 -1.194995e-04 
 2.469657e+00 -1.225945e-04 
 2.470059e+00 -1.266521e-04 
 2.470461e+00 -1.311171e-04 
 2.470863e+00 -1.358976e-04 
 2.471265e+00 -1.405272e-04 
 2.471667e+00 -1.451565e-04 
 2.472069e+00 -1.497076e-04 
 2.472471e+00 -1.548959e-04 
 2.472873e+00 -1.603948e-04 
 2.473276e+00 -1.669901e-04 
 2.473678e+00 -1.750008e-04 
 2.474080e+00 -1.838604e-04 
 2.474482e+00 -1.937217e-04 
 2.474884e+00 -2.038900e-04 
 2.475286e+00 -2.139904e-04 
 2.475688e+00 -2.238219e-04 
 2.476090e+00 -2.320089e-04 
 2.476492e+00 -2.398857e-04 
 2.476894e+00 -2.468145e-04 
 2.477296e+00 -2.527888e-04 
 2.477698e+00 -2.573292e-04 
 2.478100e+00 -2.623924e-04 
 2.478502e+00 -2.678093e-04 
 2.478904e+00 -2.747658e-04 
 2.479306e+00 -2.825744e-04 
 2.479708e+00 -2.919121e-04 
 2.480110e+00 -3.038544e-04 
 2.480512e+00 -3.180254e-04 
 2.480914e+00 -3.353347e-04 
 2.481316e+00 -3.544728e-04 
 2.481718e+00 -3.752739e-04 
 2.482120e+00 -3.968194e-04 
 2.482522e+00 -4.184668e-04 
 2.482924e+00 -4.393047e-04 
 2.483326e+00 -4.577924e-04 
 2.483728e+00 -4.729353e-04 
 2.484130e+00 -4.852111e-04 
 2.484532e+00 -4.929761e-04 
 2.484934e+00 -4.970546e-04 
 2.485336e+00 -4.978960e-04 
 2.485738e+00 -4.957043e-04 
 2.486140e+00 -4.913469e-04 
 2.486542e+00 -4.852171e-04 
 2.486944e+00 -4.776507e-04 
 2.487346e+00 -4.694092e-04 
 2.487748e+00 -4.621110e-04 
 2.488150e+00 -4.559079e-04 
 2.488552e+00 -4.512041e-04 
 2.488954e+00 -4.481255e-04 
 2.489356e+00 -4.475287e-04 
 2.489758e+00 -4.488324e-04 
 2.490160e+00 -4.516328e-04 
 2.490562e+00 -4.546487e-04 
 2.490964e+00 -4.581863e-04 
 2.491366e+00 -4.605392e-04 
 2.491768e+00 -4.615679e-04 
 2.492170e+00 -4.601823e-04 
 2.492572e+00 -4.566909e-04 
 2.492974e+00 -4.517196e-04 
 2.493376e+00 -4.449351e-04 
 2.493778e+00 -4.360594e-04 
 2.494180e+00 -4.263712e-04 
 2.494582e+00 -4.152866e-04 
 2.494984e+00 -4.028953e-04 
 2.495386e+00 -3.887426e-04 
 2.495788e+00 -3.738124e-04 
 2.496190e+00 -3.572804e-04 
 2.496592e+00 -3.407050e-04 
 2.496994e+00 -3.240749e-04 
 2.497398e+00 -3.083258e-04 
 2.497802e+00 -2.941997e-04 
 2.498206e+00 -2.815469e-04 
 2.498610e+00 -2.724943e-04 
 2.499013e+00 -2.660388e-04 
 2.499417e+00 -2.625156e-04 
 2.499821e+00 -2.618098e-04 
 2.500225e+00 -2.638549e-04 
 2.500629e+00 -2.689151e-04 
 2.501033e+00 -2.762821e-04 
 2.501436e+00 -2.856239e-04 
 2.501840e+00 -2.956382e-04 
 2.502244e+00 -3.065542e-04 
 2.502648e+00 -3.175944e-04 
 2.503052e+00 -3.277905e-04 
 2.503456e+00 -3.363139e-04 
 2.503859e+00 -3.425107e-04 
 2.504263e+00 -3.466131e-04 
 2.504667e+00 -3.485928e-04 
 2.505071e+00 -3.481973e-04 
 2.505475e+00 -3.458568e-04 
 2.505879e+00 -3.424616e-04 
 2.506282e+00 -3.386285e-04 
 2.506686e+00 -3.345283e-04 
 2.507090e+00 -3.306286e-04 
 2.507494e+00 -3.279630e-04 
 2.507898e+00 -3.271930e-04 
 2.508302e+00 -3.284909e-04 
 2.508705e+00 -3.325713e-04 
 2.509109e+00 -3.386399e-04 
 2.509511e+00 -3.475845e-04 
 2.509913e+00 -3.585855e-04 
 2.510315e+00 -3.711259e-04 
 2.510717e+00 -3.841377e-04 
 2.511119e+00 -3.960027e-04 
 2.511521e+00 -4.061037e-04 
 2.511924e+00 -4.134550e-04 
 2.512326e+00 -4.171069e-04 
 2.512728e+00 -4.164809e-04 
 2.513130e+00 -4.117324e-04 
 2.513532e+00 -4.026694e-04 
 2.513934e+00 -3.896972e-04 
 2.514336e+00 -3.728691e-04 
 2.514738e+00 -3.520402e-04 
 2.515140e+00 -3.285990e-04 
 2.515542e+00 -3.030479e-04 
 2.515944e+00 -2.757667e-04 
 2.516346e+00 -2.474714e-04 
 2.516748e+00 -2.190207e-04 
 2.517150e+00 -1.922200e-04 
 2.517552e+00 -1.676307e-04 
 2.517954e+00 -1.456199e-04 
 2.518356e+00 -1.270071e-04 
 2.518758e+00 -1.112729e-04 
 2.519160e+00 -9.834133e-05 
 2.519562e+00 -8.703799e-05 
 2.519964e+00 -7.687660e-05 
 2.520366e+00 -6.742078e-05 
 2.520768e+00 -5.840945e-05 
 2.521170e+00 -4.896817e-05 
 2.521572e+00 -3.878902e-05 
 2.521974e+00 -2.776216e-05 
 2.522376e+00 -1.577784e-05 
 2.522778e+00 -2.679488e-06 
 2.523180e+00  1.179473e-05 
 2.523582e+00  2.748209e-05 
 2.523984e+00  4.364091e-05 
 2.524386e+00  6.077776e-05 
 2.524788e+00  7.771299e-05 
 2.525190e+00  9.406332e-05 
 2.525592e+00  1.100054e-04 
 2.525993e+00  1.248199e-04 
 2.526395e+00  1.381946e-04 
 2.526797e+00  1.501508e-04 
 2.527199e+00  1.599785e-04 
 2.527601e+00  1.682021e-04 
 2.528003e+00  1.734895e-04 
 2.528405e+00  1.762143e-04 
 2.528807e+00  1.762840e-04 
 2.529209e+00  1.729809e-04 
 2.529613e+00  1.665721e-04 
 2.530017e+00  1.575415e-04 
 2.530420e+00  1.456617e-04 
 2.530824e+00  1.321353e-04 
 2.531228e+00  1.185404e-04 
 2.531632e+00  1.057480e-04 
 2.532036e+00  9.415546e-05 
 2.532439e+00  8.474515e-05 
 2.532843e+00  7.778439e-05 
 2.533247e+00  7.465308e-05 
 2.533651e+00  7.395803e-05 
 2.534055e+00  7.605012e-05 
 2.534458e+00  8.183365e-05 
 2.534862e+00  8.899352e-05 
 2.535266e+00  9.774929e-05 
 2.535670e+00  1.077707e-04 
 2.536074e+00  1.184490e-04 
 2.536477e+00  1.279459e-04 
 2.536881e+00  1.353533e-04 
 2.537285e+00  1.403869e-04 
 2.537689e+00  1.418297e-04 
 2.538093e+00  1.388105e-04 
 2.538497e+00  1.315898e-04 
 2.538901e+00  1.217291e-04 
 2.539305e+00  1.096542e-04 
 2.539709e+00  9.597027e-05 
 2.540113e+00  8.277059e-05 
 2.540517e+00  7.093459e-05 
 2.540921e+00  6.053742e-05 
 2.541325e+00  5.262602e-05 
 2.541727e+00  4.919577e-05 
 2.542129e+00  4.778721e-05 
 2.542531e+00  4.889763e-05 
 2.542933e+00  5.247494e-05 
 2.543335e+00  5.843814e-05 
 2.543737e+00  6.588310e-05 
 2.544139e+00  7.332788e-05 
 2.544541e+00  8.012956e-05 
 2.544943e+00  8.580052e-05 
 2.545344e+00  8.920259e-05 
 2.545746e+00  9.074932e-05 
 2.546148e+00  8.982144e-05 
 2.546550e+00  8.603656e-05 
 2.546952e+00  7.982072e-05 
 2.547354e+00  7.248509e-05 
 2.547756e+00  6.323171e-05 
 2.548158e+00  5.258609e-05 
 2.548560e+00  4.013053e-05 
 2.548962e+00  2.723003e-05 
 2.549364e+00  1.377950e-05 
 2.549768e+00 -7.942199e-07 
 2.550172e+00 -1.641845e-05 
 2.550576e+00 -3.215965e-05 
 2.550979e+00 -4.810133e-05 
 2.551383e+00 -6.399127e-05 
 2.551787e+00 -8.046533e-05 
 2.552191e+00 -9.615895e-05 
 2.552595e+00 -1.117683e-04 
 2.552998e+00 -1.259105e-04 
 2.553402e+00 -1.394789e-04 
 2.553804e+00 -1.509911e-04 
 2.554206e+00 -1.619286e-04 
 2.554608e+00 -1.708881e-04 
 2.555010e+00 -1.778563e-04 
 2.555412e+00 -1.843235e-04 
 2.555814e+00 -1.907387e-04 
 2.556216e+00 -1.966339e-04 
 2.556618e+00 -2.031009e-04 
 2.557020e+00 -2.108927e-04 
 2.557422e+00 -2.220020e-04 
 2.557824e+00 -2.355038e-04 
 2.558226e+00 -2.525490e-04 
 2.558628e+00 -2.726946e-04 
 2.559030e+00 -2.962128e-04 
 2.559432e+00 -3.215178e-04 
 2.559834e+00 -3.482685e-04 
 2.560236e+00 -3.746785e-04 
 2.560638e+00 -3.992782e-04 
 2.561040e+00 -4.218937e-04 
 2.561442e+00 -4.407533e-04 
 2.561844e+00 -4.542014e-04 
 2.562246e+00 -4.631146e-04 
 2.562648e+00 -4.678791e-04 
 2.563050e+00 -4.691593e-04 
 2.563452e+00 -4.665642e-04 
 2.563854e+00 -4.615163e-04 
 2.564256e+00 -4.560076e-04 
 2.564658e+00 -4.505941e-04 
 2.565060e+00 -4.458660e-04 
 2.565462e+00 -4.423975e-04 
 2.565864e+00 -4.414720e-04 
 2.566266e+00 -4.420118e-04 
 2.566668e+00 -4.440588e-04 
 2.567070e+00 -4.469535e-04 
 2.567472e+00 -4.503347e-04 
 2.567874e+00 -4.533032e-04 
 2.568276e+00 -4.550503e-04 
 2.568678e+00 -4.554366e-04 
 2.569080e+00 -4.544662e-04 
 2.569482e+00 -4.516304e-04 
 2.569886e+00 -4.478404e-04 
 2.570290e+00 -4.427592e-04 
 2.570694e+00 -4.367879e-04 
 2.571097e+00 -4.302633e-04 
 2.571501e+00 -4.230170e-04 
 2.571905e+00 -4.161177e-04 
 2.572309e+00 -4.101832e-04 
 2.572713e+00 -4.053639e-04 
 2.573117e+00 -4.022264e-04 
 2.573520e+00 -3.994164e-04 
 2.573924e+00 -3.974053e-04 
 2.574328e+00 -3.957778e-04 
 2.574732e+00 -3.939763e-04 
 2.575136e+00 -3.906577e-04 
 2.575539e+00 -3.863871e-04 
 2.575943e+00 -3.821625e-04 
 2.576347e+00 -3.781552e-04 
 2.576751e+00 -3.747099e-04 
 2.577155e+00 -3.719721e-04 
 2.577559e+00 -3.718310e-04 
 2.577961e+00 -3.742706e-04 
 2.578363e+00 -3.793999e-04 
 2.578765e+00 -3.874497e-04 
 2.579167e+00 -3.980462e-04 
 2.579569e+00 -4.114215e-04 
 2.579971e+00 -4.268423e-04 
 2.580373e+00 -4.428306e-04 
 2.580775e+00 -4.585617e-04 
 2.581177e+00 -4.727642e-04 
 2.581579e+00 -4.846081e-04 
 2.581981e+00 -4.935028e-04 
 2.582383e+00 -4.985058e-04 
 2.582785e+00 -5.000180e-04 
 2.583187e+00 -4.987926e-04 
 2.583589e+00 -4.953078e-04 
 2.583991e+00 -4.897242e-04 
 2.584393e+00 -4.834527e-04 
 2.584795e+00 -4.775648e-04 
 2.585197e+00 -4.723384e-04 
 2.585599e+00 -4.681665e-04 
 2.586001e+00 -4.657127e-04 
 2.586403e+00 -4.653317e-04 
 2.586805e+00 -4.661998e-04 
 2.587207e+00 -4.675842e-04 
 2.587609e+00 -4.690703e-04 
 2.588012e+00 -4.697912e-04 
 2.588414e+00 -4.696523e-04 
 2.588816e+00 -4.673854e-04 
 2.589218e+00 -4.625205e-04 
 2.589620e+00 -4.549428e-04 
 2.590022e+00 -4.453922e-04 
 2.590424e+00 -4.338820e-04 
 2.590826e+00 -4.206027e-04 
 2.591228e+00 -4.062593e-04 
 2.591630e+00 -3.917583e-04 
 2.592032e+00 -3.779475e-04 
 2.592434e+00 -3.651305e-04 
 2.592836e+00 -3.529899e-04 
 2.593238e+00 -3.426719e-04 
 2.593640e+00 -3.343781e-04 
 2.594042e+00 -3.273266e-04 
 2.594444e+00 -3.206136e-04 
 2.594846e+00 -3.137247e-04 
 2.595248e+00 -3.067724e-04 
 2.595650e+00 -2.983088e-04 
 2.596052e+00 -2.885783e-04 
 2.596454e+00 -2.775203e-04 
 2.596856e+00 -2.653412e-04 
 2.597258e+00 -2.525047e-04 
 2.597660e+00 -2.399260e-04 
 2.598062e+00 -2.279909e-04 
 2.598464e+00 -2.170256e-04 
 2.598866e+00 -2.072834e-04 
 2.599269e+00 -1.987329e-04 
 2.599671e+00 -1.916829e-04 
 2.600073e+00 -1.855097e-04 
 2.600475e+00 -1.802775e-04 
 2.600877e+00 -1.758812e-04 
 2.601279e+00 -1.717728e-04 
 2.601681e+00 -1.674505e-04 
 2.602084e+00 -1.623987e-04 
 2.602488e+00 -1.568834e-04 
 2.602892e+00 -1.505127e-04 
 2.603296e+00 -1.434840e-04 
 2.603700e+00 -1.355292e-04 
 2.604103e+00 -1.272964e-04 
 2.604507e+00 -1.188155e-04 
 2.604911e+00 -1.103883e-04 
 2.605315e+00 -1.020197e-04 
 2.605719e+00 -9.353639e-05 
 2.606122e+00 -8.547904e-05 
 2.606526e+00 -7.839941e-05 
 2.606930e+00 -7.198415e-05 
 2.607334e+00 -6.663635e-05 
 2.607738e+00 -6.149542e-05 
 2.608141e+00 -5.745430e-05 
 2.608545e+00 -5.366800e-05 
 2.608949e+00 -4.918759e-05 
 2.609353e+00 -4.402580e-05 
 2.609757e+00 -3.789215e-05 
 2.610160e+00 -3.065246e-05 
 2.610564e+00 -2.324718e-05 
 2.610968e+00 -1.545599e-05 
 2.611372e+00 -8.174159e-06 
 2.611776e+00 -1.233213e-06 
 2.612179e+00  4.170915e-06 
 2.612583e+00  7.599114e-06 
 2.612987e+00  9.473615e-06 
 2.613391e+00  9.634473e-06 
 2.613794e+00  7.659079e-06 
 2.614198e+00  4.286258e-06 
 2.614602e+00  1.598180e-07 
 2.615006e+00 -3.926766e-06 
 2.615410e+00 -7.327024e-06 
 2.615813e+00 -9.497950e-06 
 2.616217e+00 -1.036577e-05 
 2.616621e+00 -9.052322e-06 
 2.617025e+00 -4.792173e-06 
 2.617429e+00  1.805550e-06 
 2.617832e+00  9.263395e-06 
 2.618234e+00  1.669197e-05 
 2.618636e+00  2.486327e-05 
 2.619038e+00  3.281633e-05 
 2.619440e+00  4.030249e-05 
 2.619842e+00  4.618196e-05 
 2.620244e+00  5.104674e-05 
 2.620646e+00  5.448697e-05 
 2.621048e+00  5.601095e-05 
 2.621450e+00  5.614408e-05 
 2.621852e+00  5.497507e-05 
 2.622256e+00  5.285843e-05 
 2.622660e+00  4.901711e-05 
 2.623063e+00  4.545586e-05 
 2.623467e+00  4.107069e-05 
 2.623871e+00  3.726614e-05 
 2.624275e+00  3.394026e-05 
 2.624679e+00  3.170761e-05 
 2.625082e+00  3.050915e-05 
 2.625486e+00  3.088457e-05 
 2.625890e+00  3.296293e-05 
 2.626292e+00  3.633763e-05 
 2.626694e+00  4.014049e-05 
 2.627096e+00  4.477218e-05 
 2.627498e+00  4.934478e-05 
 2.627900e+00  5.406247e-05 
 2.628302e+00  5.808191e-05 
 2.628704e+00  6.046732e-05 
 2.629106e+00  6.213722e-05 
 2.629508e+00  6.309707e-05 
 2.629910e+00  6.291257e-05 
 2.630312e+00  6.130815e-05 
 2.630714e+00  5.772685e-05 
 2.631116e+00  5.265693e-05 
 2.631518e+00  4.512357e-05 
 2.631920e+00  3.544389e-05 
 2.632322e+00  2.355575e-05 
 2.632724e+00  9.506859e-06 
 2.633125e+00 -4.464808e-06 
 2.633527e+00 -1.882518e-05 
 2.633929e+00 -3.512009e-05 
 2.634331e+00 -5.080471e-05 
 2.634733e+00 -6.585773e-05 
 2.635135e+00 -8.019642e-05 
 2.635537e+00 -9.305888e-05 
 2.635939e+00 -1.051145e-04 
 2.636341e+00 -1.140987e-04 
 2.636743e+00 -1.204711e-04 
 2.637145e+00 -1.245978e-04 
 2.637547e+00 -1.257462e-04 
 2.637949e+00 -1.258093e-04 
 2.638351e+00 -1.244169e-04 
 2.638753e+00 -1.234039e-04 
 2.639155e+00 -1.222841e-04 
 2.639557e+00 -1.217763e-04 
 2.639959e+00 -1.221113e-04 
 2.640361e+00 -1.237958e-04 
 2.640763e+00 -1.270034e-04 
 2.641165e+00 -1.321629e-04 
 2.641567e+00 -1.382299e-04 
 2.641969e+00 -1.463473e-04 
 2.642373e+00 -1.566189e-04 
 2.642777e+00 -1.681662e-04 
 2.643180e+00 -1.811977e-04 
 2.643584e+00 -1.950293e-04 
 2.643988e+00 -2.086843e-04 
 2.644392e+00 -2.221382e-04 
 2.644796e+00 -2.333484e-04 
 2.645199e+00 -2.428170e-04 
 2.645603e+00 -2.503949e-04 
 2.646007e+00 -2.550996e-04 
 2.646409e+00 -2.571634e-04 
 2.646811e+00 -2.564671e-04 
 2.647213e+00 -2.543295e-04 
 2.647615e+00 -2.502304e-04 
 2.648017e+00 -2.460012e-04 
 2.648419e+00 -2.430101e-04 
 2.648821e+00 -2.405748e-04 
 2.649223e+00 -2.402089e-04 
 2.649625e+00 -2.412498e-04 
 2.650027e+00 -2.447051e-04 
 2.650431e+00 -2.514217e-04 
 2.650834e+00 -2.615505e-04 
 2.651238e+00 -2.742405e-04 
 2.651642e+00 -2.899548e-04 
 2.652046e+00 -3.079375e-04 
 2.652450e+00 -3.278767e-04 
 2.652853e+00 -3.482056e-04 
 2.653257e+00 -3.671158e-04 
 2.653661e+00 -3.844591e-04 
 2.654065e+00 -3.989145e-04 
 2.654469e+00 -4.107729e-04 
 2.654872e+00 -4.185272e-04 
 2.655276e+00 -4.216573e-04 
 2.655680e+00 -4.221356e-04 
 2.656084e+00 -4.198319e-04 
 2.656488e+00 -4.149580e-04 
 2.656891e+00 -4.073903e-04 
 2.657295e+00 -3.972774e-04 
 2.657699e+00 -3.867768e-04 
 2.658103e+00 -3.756269e-04 
 2.658507e+00 -3.651003e-04 
 2.658911e+00 -3.556127e-04 
 2.659314e+00 -3.466716e-04 
 2.659718e+00 -3.404105e-04 
 2.660122e+00 -3.351636e-04 
 2.660526e+00 -3.312743e-04 
 2.660930e+00 -3.284789e-04 
 2.661334e+00 -3.259520e-04 
 2.661737e+00 -3.253829e-04 
 2.662141e+00 -3.255373e-04 
 2.662543e+00 -3.262977e-04 
 2.662945e+00 -3.281387e-04 
 2.663347e+00 -3.310581e-04 
 2.663749e+00 -3.345412e-04 
 2.664151e+00 -3.380142e-04 
 2.664553e+00 -3.403412e-04 
 2.664955e+00 -3.418638e-04 
 2.665357e+00 -3.414801e-04 
 2.665760e+00 -3.387601e-04 
 2.666162e+00 -3.343134e-04 
 2.666564e+00 -3.275584e-04 
 2.666966e+00 -3.199502e-04 
 2.667368e+00 -3.107974e-04 
 2.667770e+00 -3.010307e-04 
 2.668172e+00 -2.908643e-04 
 2.668574e+00 -2.807230e-04 
 2.668976e+00 -2.716212e-04 
 2.669378e+00 -2.636643e-04 
 2.669780e+00 -2.586636e-04 
 2.670182e+00 -2.570353e-04 
 2.670586e+00 -2.591473e-04 
 2.670989e+00 -2.661367e-04 
 2.671393e+00 -2.774817e-04 
 2.671797e+00 -2.922739e-04 
 2.672201e+00 -3.110534e-04 
 2.672605e+00 -3.319404e-04 
 2.673009e+00 -3.528387e-04 
 2.673412e+00 -3.720338e-04 
 2.673816e+00 -3.894152e-04 
 2.674220e+00 -4.032110e-04 
 2.674624e+00 -4.123067e-04 
 2.675028e+00 -4.160055e-04 
 2.675431e+00 -4.146955e-04 
 2.675835e+00 -4.093975e-04 
 2.676239e+00 -4.011081e-04 
 2.676643e+00 -3.904905e-04 
 2.677047e+00 -3.786723e-04 
 2.677451e+00 -3.677581e-04 
 2.677854e+00 -3.579990e-04 
 2.678258e+00 -3.514582e-04 
 2.678662e+00 -3.473842e-04 
 2.679066e+00 -3.459880e-04 
 2.679470e+00 -3.476140e-04 
 2.679874e+00 -3.514841e-04 
 2.680277e+00 -3.569868e-04 
 2.680681e+00 -3.624579e-04 
 2.681085e+00 -3.682064e-04 
 2.681489e+00 -3.729825e-04 
 2.681893e+00 -3.765913e-04 
 2.682297e+00 -3.792443e-04 
 2.682699e+00 -3.807560e-04 
 2.683101e+00 -3.816727e-04 
 2.683503e+00 -3.814477e-04 
 2.683905e+00 -3.807366e-04 
 2.684307e+00 -3.783726e-04 
 2.684709e+00 -3.738639e-04 
 2.685111e+00 -3.666163e-04 
 2.685513e+00 -3.571874e-04 
 2.685915e+00 -3.460739e-04 
 2.686317e+00 -3.328635e-04 
 2.686719e+00 -3.174654e-04 
 2.687121e+00 -3.013164e-04 
 2.687523e+00 -2.842889e-04 
 2.687925e+00 -2.662799e-04 
 2.688327e+00 -2.477597e-04 
 2.688729e+00 -2.287625e-04 
 2.689131e+00 -2.097379e-04 
 2.689533e+00 -1.914974e-04 
 2.689935e+00 -1.747921e-04 
 2.690337e+00 -1.603815e-04 
 2.690739e+00 -1.494207e-04 
 2.691141e+00 -1.424206e-04 
 2.691543e+00 -1.397747e-04 
 2.691945e+00 -1.407693e-04 
 2.692347e+00 -1.451257e-04 
 2.692749e+00 -1.512073e-04 
 2.693151e+00 -1.578354e-04 
 2.693553e+00 -1.622796e-04 
 2.693955e+00 -1.643489e-04 
 2.694357e+00 -1.612105e-04 
 2.694760e+00 -1.535275e-04 
 2.695164e+00 -1.404950e-04 
 2.695568e+00 -1.222341e-04 
 2.695972e+00 -1.009647e-04 
 2.696376e+00 -7.725800e-05 
 2.696779e+00 -5.230579e-05 
 2.697183e+00 -2.774131e-05 
 2.697587e+00 -5.921281e-06 
 2.697991e+00  1.199717e-05 
 2.698395e+00  2.496686e-05 
 2.698797e+00  3.270663e-05 
 2.699198e+00  3.490254e-05 
 2.699600e+00  3.201436e-05 
 2.700002e+00  2.470065e-05 
 2.700404e+00  1.431241e-05 
 2.700806e+00  3.603610e-06 
 2.701208e+00 -7.530418e-06 
 2.701610e+00 -1.808510e-05 
 2.702012e+00 -2.827443e-05 
 2.702414e+00 -3.698559e-05 
 2.702816e+00 -4.401898e-05 
 2.703218e+00 -5.031133e-05 
 2.703620e+00 -5.547768e-05 
 2.704022e+00 -5.966743e-05 
 2.704424e+00 -6.193428e-05 
 2.704826e+00 -6.249179e-05 
 2.705228e+00 -6.169395e-05 
 2.705630e+00 -5.953533e-05 
 2.706032e+00 -5.619599e-05 
 2.706434e+00 -5.246631e-05 
 2.706838e+00 -4.777020e-05 
 2.707242e+00 -4.322495e-05 
 2.707645e+00 -3.847401e-05 
 2.708049e+00 -3.332717e-05 
 2.708453e+00 -2.782237e-05 
 2.708857e+00 -2.190648e-05 
 2.709261e+00 -1.737688e-05 
 2.709664e+00 -1.110467e-05 
 2.710068e+00 -7.615797e-06 
 2.710472e+00 -3.490666e-06 
 2.710876e+00 -2.535127e-06 
 2.711280e+00 -2.683702e-06 
 2.711683e+00 -4.988952e-06 
 2.712087e+00 -8.610490e-06 
 2.712491e+00 -1.409464e-05 
 2.712895e+00 -1.957754e-05 
 2.713298e+00 -2.361757e-05 
 2.713702e+00 -2.501732e-05 
 2.714106e+00 -2.396756e-05 
 2.714510e+00 -1.873889e-05 
 2.714912e+00 -8.013539e-06 
 2.715314e+00  7.543707e-06 
 2.715716e+00  2.726364e-05 
 2.716118e+00  4.926352e-05 
 2.716520e+00  7.421537e-05 
 2.716922e+00  9.818643e-05 
 2.717324e+00  1.216997e-04 
 2.717726e+00  1.413613e-04 
 2.718128e+00  1.568571e-04 
 2.718530e+00  1.663041e-04 
 2.718933e+00  1.699877e-04 
 2.719337e+00  1.679111e-04 
 2.719741e+00  1.601687e-04 
 2.720145e+00  1.468693e-04 
 2.720548e+00  1.306165e-04 
 2.720952e+00  1.125263e-04 
 2.721356e+00  9.353267e-05 
 2.721760e+00  7.477819e-05 
 2.722164e+00  5.731133e-05 
 2.722567e+00  4.197230e-05 
 2.722969e+00  2.822986e-05 
 2.723371e+00  1.740225e-05 
 2.723773e+00  7.390201e-06 
 2.724175e+00 -1.085673e-06 
 2.724577e+00 -7.863477e-06 
 2.724979e+00 -1.376755e-05 
 2.725381e+00 -1.889628e-05 
 2.725783e+00 -2.478698e-05 
 2.726185e+00 -3.190019e-05 
 2.726587e+00 -3.873747e-05 
 2.726989e+00 -4.764337e-05 
 2.727391e+00 -5.845390e-05 
 2.727793e+00 -7.071080e-05 
 2.728195e+00 -8.510159e-05 
 2.728597e+00 -1.002369e-04 
 2.728999e+00 -1.162736e-04 
 2.729401e+00 -1.333920e-04 
 2.729803e+00 -1.518015e-04 
 2.730205e+00 -1.704237e-04 
 2.730607e+00 -1.901787e-04 
 2.731009e+00 -2.106086e-04 
 2.731411e+00 -2.331382e-04 
 2.731813e+00 -2.555044e-04 
 2.732215e+00 -2.776568e-04 
 2.732617e+00 -2.994681e-04 
 2.733019e+00 -3.197864e-04 
 2.733421e+00 -3.387001e-04 
 2.733823e+00 -3.547296e-04 
 2.734225e+00 -3.673115e-04 
 2.734627e+00 -3.762285e-04 
 2.735029e+00 -3.811907e-04 
 2.735431e+00 -3.824602e-04 
 2.735833e+00 -3.793659e-04 
 2.736235e+00 -3.741660e-04 
 2.736637e+00 -3.677997e-04 
 2.737039e+00 -3.603040e-04 
 2.737441e+00 -3.542309e-04 
 2.737843e+00 -3.509906e-04 
 2.738245e+00 -3.499516e-04 
 2.738647e+00 -3.522349e-04 
 2.739049e+00 -3.572671e-04 
 2.739451e+00 -3.646705e-04 
 2.739853e+00 -3.742618e-04 
 2.740255e+00 -3.854997e-04 
 2.740657e+00 -3.969205e-04 
 2.741059e+00 -4.073807e-04 
 2.741461e+00 -4.158288e-04 
 2.741863e+00 -4.222833e-04 
 2.742265e+00 -4.253415e-04 
 2.742667e+00 -4.242781e-04 
 2.743071e+00 -4.195006e-04 
 2.743475e+00 -4.109777e-04 
 2.743879e+00 -3.994256e-04 
 2.744282e+00 -3.856409e-04 
 2.744686e+00 -3.704675e-04 
 2.745090e+00 -3.546096e-04 
 2.745494e+00 -3.392875e-04 
 2.745898e+00 -3.254979e-04 
 2.746302e+00 -3.140681e-04 
 2.746705e+00 -3.047745e-04 
 2.747109e+00 -2.988341e-04 
 2.747513e+00 -2.968675e-04 
 2.747917e+00 -2.981665e-04 
 2.748321e+00 -3.014171e-04 
 2.748725e+00 -3.066636e-04 
 2.749128e+00 -3.135070e-04 
 2.749532e+00 -3.217083e-04 
 2.749936e+00 -3.303453e-04 
 2.750340e+00 -3.398038e-04 
 2.750744e+00 -3.495709e-04 
 2.751148e+00 -3.606620e-04 
 2.751551e+00 -3.721572e-04 
 2.751955e+00 -3.838562e-04 
 2.752359e+00 -3.952431e-04 
 2.752763e+00 -4.071739e-04 
 2.753167e+00 -4.182641e-04 
 2.753570e+00 -4.284507e-04 
 2.753974e+00 -4.377821e-04 
 2.754378e+00 -4.461040e-04 
 2.754782e+00 -4.531623e-04 
 2.755186e+00 -4.603836e-04 
 2.755589e+00 -4.669057e-04 
 2.755993e+00 -4.738169e-04 
 2.756397e+00 -4.810098e-04 
 2.756801e+00 -4.890858e-04 
 2.757205e+00 -4.984975e-04 
 2.757609e+00 -5.094780e-04 
 2.758012e+00 -5.230920e-04 
 2.758416e+00 -5.386411e-04 
 2.758820e+00 -5.546896e-04 
 2.759222e+00 -5.708920e-04 
 2.759624e+00 -5.860858e-04 
 2.760026e+00 -5.999559e-04 
 2.760428e+00 -6.111790e-04 
 2.760830e+00 -6.187688e-04 
 2.761232e+00 -6.235802e-04 
 2.761634e+00 -6.241567e-04 
 2.762036e+00 -6.215933e-04 
 2.762438e+00 -6.154174e-04 
 2.762840e+00 -6.060723e-04 
 2.763244e+00 -5.932997e-04 
 2.763648e+00 -5.778493e-04 
 2.764052e+00 -5.603638e-04 
 2.764456e+00 -5.418752e-04 
 2.764859e+00 -5.222131e-04 
 2.765263e+00 -5.028526e-04 
 2.765667e+00 -4.847990e-04 
 2.766071e+00 -4.670253e-04 
 2.766475e+00 -4.498411e-04 
 2.766879e+00 -4.330146e-04 
 2.767282e+00 -4.168522e-04 
 2.767686e+00 -4.013250e-04 
 2.768090e+00 -3.860340e-04 
 2.768494e+00 -3.701047e-04 
 2.768898e+00 -3.530814e-04 
 2.769301e+00 -3.355267e-04 
 2.769705e+00 -3.168286e-04 
 2.770109e+00 -2.962830e-04 
 2.770513e+00 -2.748562e-04 
 2.770917e+00 -2.517897e-04 
 2.771319e+00 -2.292946e-04 
 2.771721e+00 -2.074319e-04 
 2.772123e+00 -1.856919e-04 
 2.772525e+00 -1.646015e-04 
 2.772927e+00 -1.447900e-04 
 2.773329e+00 -1.255885e-04 
 2.773731e+00 -1.068487e-04 
 2.774133e+00 -8.908012e-05 
 2.774535e+00 -7.221392e-05 
 2.774937e+00 -5.711301e-05 
 2.775339e+00 -4.451238e-05 
 2.775741e+00 -3.394092e-05 
 2.776143e+00 -2.479853e-05 
 2.776545e+00 -1.880672e-05 
 2.776947e+00 -1.580908e-05 
 2.777349e+00 -1.585174e-05 
 2.777751e+00 -1.803443e-05 
 2.778153e+00 -2.239522e-05 
 2.778555e+00 -2.734710e-05 
 2.778957e+00 -3.237044e-05 
 2.779359e+00 -3.664685e-05 
 2.779761e+00 -3.944322e-05 
 2.780163e+00 -4.034883e-05 
 2.780565e+00 -3.875126e-05 
 2.780967e+00 -3.481904e-05 
 2.781369e+00 -2.825026e-05 
 2.781771e+00 -2.012727e-05 
 2.782173e+00 -1.190319e-05 
 2.782575e+00 -3.771606e-06 
 2.782977e+00  3.843610e-06 
 2.783379e+00  1.040211e-05 
 2.783781e+00  1.456769e-05 
 2.784183e+00  1.666346e-05 
 2.784585e+00  1.637023e-05 
 2.784987e+00  1.345973e-05 
 2.785389e+00  8.452422e-06 
 2.785791e+00  1.877684e-06 
 2.786193e+00 -5.634547e-06 
 2.786595e+00 -1.400644e-05 
 2.786997e+00 -2.265348e-05 
 2.787400e+00 -2.995834e-05 
 2.787804e+00 -3.572715e-05 
 2.788208e+00 -3.964605e-05 
 2.788611e+00 -4.077721e-05 
 2.789015e+00 -3.956827e-05 
 2.789419e+00 -3.676733e-05 
 2.789823e+00 -3.192928e-05 
 2.790227e+00 -2.560754e-05 
 2.790630e+00 -1.757735e-05 
 2.791034e+00 -9.917558e-06 
 2.791436e+00 -2.440818e-06 
 2.791838e+00  3.696801e-06 
 2.792240e+00  9.010955e-06 
 2.792642e+00  1.302936e-05 
 2.793044e+00  1.604414e-05 
 2.793446e+00  1.754063e-05 
 2.793848e+00  1.774123e-05 
 2.794250e+00  1.743880e-05 
 2.794652e+00  1.675351e-05 
 2.795054e+00  1.574450e-05 
 2.795457e+00  1.459075e-05 
 2.795861e+00  1.301431e-05 
 2.796265e+00  1.110899e-05 
 2.796669e+00  8.308691e-06 
 2.797073e+00  4.260032e-06 
 2.797476e+00  3.767983e-07 
 2.797880e+00 -3.069953e-06 
 2.798284e+00 -6.297562e-06 
 2.798688e+00 -8.938296e-06 
 2.799092e+00 -9.484632e-06 
 2.799494e+00 -8.585704e-06 
 2.799896e+00 -4.499427e-06 
 2.800298e+00  2.567520e-06 
 2.800700e+00  1.221056e-05 
 2.801102e+00  2.374542e-05 
 2.801504e+00  3.643578e-05 
 2.801906e+00  4.872963e-05 
 2.802308e+00  5.956538e-05 
 2.802710e+00  6.856589e-05 
 2.803112e+00  7.326337e-05 
 2.803514e+00  7.465811e-05 
 2.803916e+00  7.152053e-05 
 2.804318e+00  6.380223e-05 
 2.804719e+00  5.196000e-05 
 2.805121e+00  3.607892e-05 
 2.805523e+00  1.645671e-05 
 2.805925e+00 -4.369225e-06 
 2.806327e+00 -2.752502e-05 
 2.806729e+00 -5.150659e-05 
 2.807131e+00 -7.627249e-05 
 2.807533e+00 -9.868511e-05 
 2.807935e+00 -1.175713e-04 
 2.808337e+00 -1.321364e-04 
 2.808739e+00 -1.436893e-04 
 2.809141e+00 -1.515122e-04 
 2.809543e+00 -1.553907e-04 
 2.809945e+00 -1.582213e-04 
 2.810347e+00 -1.597190e-04 
 2.810749e+00 -1.617901e-04 
 2.811151e+00 -1.669246e-04 
 2.811553e+00 -1.748618e-04 
 2.811955e+00 -1.863638e-04 
 2.812357e+00 -2.013256e-04 
 2.812759e+00 -2.205759e-04 
 2.813161e+00 -2.419968e-04 
 2.813563e+00 -2.649361e-04 
 2.813965e+00 -2.889541e-04 
 2.814367e+00 -3.129081e-04 
 2.814769e+00 -3.357778e-04 
 2.815171e+00 -3.555800e-04 
 2.815575e+00 -3.745927e-04 
 2.815979e+00 -3.910351e-04 
 2.816383e+00 -4.056290e-04 
 2.816786e+00 -4.176945e-04 
 2.817190e+00 -4.290977e-04 
 2.817594e+00 -4.360958e-04 
 2.817998e+00 -4.424508e-04 
 2.818402e+00 -4.455236e-04 
 2.818805e+00 -4.479189e-04 
 2.819209e+00 -4.453719e-04 
 2.819611e+00 -4.415348e-04 
 2.820013e+00 -4.340762e-04 
 2.820415e+00 -4.247351e-04 
 2.820817e+00 -4.142556e-04 
 2.821219e+00 -4.022394e-04 
 2.821621e+00 -3.898465e-04 
 2.822023e+00 -3.763704e-04 
 2.822425e+00 -3.646605e-04 
 2.822827e+00 -3.562227e-04 
 2.823229e+00 -3.506064e-04 
 2.823633e+00 -3.488199e-04 
 2.824037e+00 -3.503198e-04 
 2.824441e+00 -3.542921e-04 
 2.824845e+00 -3.613974e-04 
 2.825249e+00 -3.696768e-04 
 2.825653e+00 -3.793600e-04 
 2.826057e+00 -3.882490e-04 
 2.826461e+00 -3.967485e-04 
 2.826865e+00 -4.024826e-04 
 2.827270e+00 -4.066210e-04 
 2.827672e+00 -4.072889e-04 
 2.828074e+00 -4.035256e-04 
 2.828476e+00 -3.957055e-04 
 2.828878e+00 -3.835898e-04 
 2.829280e+00 -3.671231e-04 
 2.829682e+00 -3.479887e-04 
 2.830084e+00 -3.280365e-04 
 2.830486e+00 -3.078127e-04 
 2.830888e+00 -2.896364e-04 
 2.831290e+00 -2.761307e-04 
 2.831693e+00 -2.670363e-04 
 2.832097e+00 -2.655788e-04 
 2.832501e+00 -2.697621e-04 
 2.832905e+00 -2.803888e-04 
 2.833309e+00 -2.964690e-04 
 2.833712e+00 -3.152800e-04 
 2.834116e+00 -3.355798e-04 
 2.834520e+00 -3.557568e-04 
 2.834924e+00 -3.736676e-04 
 2.835328e+00 -3.889229e-04 
 2.835731e+00 -3.997289e-04 
 2.836135e+00 -4.063455e-04 
 2.836539e+00 -4.093290e-04 
 2.836943e+00 -4.097292e-04 
 2.837347e+00 -4.064211e-04 
 2.837751e+00 -4.018037e-04 
 2.838154e+00 -3.951285e-04 
 2.838558e+00 -3.883152e-04 
 2.838962e+00 -3.804763e-04 
 2.839366e+00 -3.728128e-04 
 2.839768e+00 -3.657712e-04 
 2.840170e+00 -3.584150e-04 
 2.840572e+00 -3.519683e-04 
 2.840974e+00 -3.468655e-04 
 2.841376e+00 -3.433722e-04 
 2.841778e+00 -3.408049e-04 
 2.842180e+00 -3.408840e-04 
 2.842582e+00 -3.436873e-04 
 2.842984e+00 -3.496356e-04 
 2.843386e+00 -3.572794e-04 
 2.843788e+00 -3.666033e-04 
 2.844190e+00 -3.768731e-04 
 2.844592e+00 -3.877921e-04 
 2.844995e+00 -3.996144e-04 
 2.845397e+00 -4.101259e-04 
 2.845799e+00 -4.184896e-04 
 2.846201e+00 -4.243684e-04 
 2.846603e+00 -4.260975e-04 
 2.847005e+00 -4.246951e-04 
 2.847407e+00 -4.185788e-04 
 2.847809e+00 -4.084643e-04 
 2.848211e+00 -3.928871e-04 
 2.848613e+00 -3.738002e-04 
 2.849015e+00 -3.507947e-04 
 2.849417e+00 -3.254520e-04 
 2.849819e+00 -2.994851e-04 
