Velocity, Vel [m/s]
1386,0
0.00000000,0.0000000000000000
0.00390000,-0.0005462687581920
0.00790000,-0.0005530700107193
0.01180000,-0.0005697023976816
0.01570000,-0.0005921610957310
0.01960000,-0.0006112137223506
0.02350000,-0.0006157031585819
0.02740000,-0.0005976890469955
0.03130000,-0.0005557968849462
0.03520000,-0.0004965521135571
0.03910000,-0.0004331923986891
0.04300000,-0.0003813800823136
0.04690000,-0.0003551238373330
0.05080000,-0.0003628718242848
0.05470000,-0.0004059909339994
0.05860000,-0.0004794321709535
0.06250000,-0.0005739098048195
0.06640000,-0.0006836137868380
0.07040000,-0.0008084621048122
0.07430000,-0.0009503719945070
0.07820000,-0.0011149927030636
0.08210000,-0.0013030260490544
0.08600000,-0.0015028620525733
0.08990000,-0.0016961728610306
0.09380000,-0.0018603363322217
0.09770000,-0.0019713755820368
0.10160000,-0.0020055701916948
0.10550000,-0.0019405318837373
0.10940000,-0.0017599754031191
0.11330000,-0.0014605170980728
0.11720000,-0.0010584278972836
0.12110000,-0.0005946111077951
0.12500000,-0.0001375828248040
0.12890000,0.0002265319701316
0.13290000,0.0004100394088857
0.13680000,0.0003505706684720
0.14070000,0.0000506552575488
0.14460000,-0.0004131170468601
0.14850000,-0.0009078212737436
0.15240000,-0.0012697704767858
0.15630000,-0.0013408134484564
0.16020000,-0.0009987017421626
0.16410000,-0.0001794289786642
0.16800000,0.0011095161834577
0.17190000,0.0028026412780453
0.17580000,0.0047961449719259
0.17970000,0.0069776340972472
0.18360000,0.0092408262552070
0.18750000,0.0114664175532015
0.19140000,0.0135598337828820
0.19540000,0.0154116987370377
0.19930000,0.0168658676333549
0.20320000,0.0178396791620200
0.20710000,0.0183046661951266
0.21100000,0.0182593423732579
0.21490000,0.0177953781307304
0.21880000,0.0170862136902344
0.22270000,0.0163738747188460
0.22660000,0.0159315005554027
0.23050000,0.0159944879027613
0.23440000,0.0167107160949775
0.23830000,0.0180954425459391
0.24220000,0.0200209508159696
0.24610000,0.0222309403807534
0.25000000,0.0243746208253931
0.25390000,0.0261116779950024
0.25790000,0.0271718548890973
0.26180000,0.0273965551304721
0.26570000,0.0268271682582108
0.26960000,0.0256542771968601
0.27350000,0.0241406031166253
0.27740000,0.0225540785143066
0.28130000,0.0210730449976444
0.28520000,0.0197575231619023
0.28910000,0.0185474899748635
0.29300000,0.0173012768695913
0.29690000,0.0158559539763537
0.30080000,0.0140970840563689
0.30470000,0.0119936892794382
0.30860000,0.0096076693233813
0.31250000,0.0071082118418923
0.31640000,0.0046800370152820
0.32040000,0.0025451646896665
0.32430000,0.0009706416418515
0.32820000,0.0000724405999642
0.33210000,-0.0001632566024035
0.33600000,0.0001728599300622
0.33990000,0.0008676005627749
0.34380000,0.0016509059229937
0.34770000,0.0022438737992764
0.35160000,0.0024065148440534
0.35550000,0.0019979764052604
0.35940000,0.0010001645958457
0.36330000,-0.0004751658786672
0.36720000,-0.0022244869768807
0.37110000,-0.0040080395623573
0.37500000,-0.0055942106693239
0.37890000,-0.0068276970624912
0.38290000,-0.0076356551636825
0.38680000,-0.0080196885075810
0.39070000,-0.0080978458079775
0.39460000,-0.0080371002857939
0.39850000,-0.0079668753079981
0.40240000,-0.0079545813152068
0.40630000,-0.0079847481207278
0.41020000,-0.0079881433155575
0.41410000,-0.0078919975866305
0.41800000,-0.0076593952152478
0.42190000,-0.0073157806277478
0.42580000,-0.0069413267530592
0.42970000,-0.0066407376875048
0.43360000,-0.0064990988446425
0.43750000,-0.0065458055247659
0.44140000,-0.0067675960928014
0.44540000,-0.0071292189316273
0.44930000,-0.0076000795257906
0.45320000,-0.0081943904836684
0.45710000,-0.0089463074487258
0.46100000,-0.0098680839504902
0.46490000,-0.0109369416303128
0.46880000,-0.0120877015733822
0.47270000,-0.0132293917110236
0.47660000,-0.0142705631684194
0.48050000,-0.0151416920076036
0.48440000,-0.0158121925126328
0.48830000,-0.0162935941716110
0.49220000,-0.0166235373014671
0.49610000,-0.0168366965864754
0.50000000,-0.0169416189578123
0.50390000,-0.0169060843265717
0.50790000,-0.0166745953701806
0.51180000,-0.0161939578890806
0.51570000,-0.0154170733558320
0.51960000,-0.0143261364584405
0.52350000,-0.0129524890926181
0.52740000,-0.0113729932276636
0.53130000,-0.0096969388345413
0.53520000,-0.0080349994843021
0.53910000,-0.0064710971911591
0.54300000,-0.0050543321521426
0.54690000,-0.0038206180717829
0.55080000,-0.0028157643117452
0.55470000,-0.0021148446042826
0.55860000,-0.0018166469472948
0.56250000,-0.0020033501184728
0.56640000,-0.0027496154617923
0.57040000,-0.0040563837158212
0.57430000,-0.0057951092299180
0.57820000,-0.0077935950408544
0.58210000,-0.0098238732079095
0.58600000,-0.0116094010521602
0.58990000,-0.0129144248585118
0.59380000,-0.0135657921175351
0.59770000,-0.0134751001560194
0.60160000,-0.0126529174138020
0.60550000,-0.0112083351740204
0.60940000,-0.0093420521484421
0.61330000,-0.0073113325173439
0.61720000,-0.0053772528632506
0.62110000,-0.0037517731919379
0.62500000,-0.0025677191522288
0.62890000,-0.0018649167769204
0.63290000,-0.0016096700030846
0.63680000,-0.0017214650623268
0.64070000,-0.0020785548201830
0.64460000,-0.0025513250287436
0.64850000,-0.0030358880427872
0.65240000,-0.0034638124303995
0.65630000,-0.0038096668485392
0.66020000,-0.0040863289034337
0.66410000,-0.0043367191976781
0.66800000,-0.0046224366211539
0.67190000,-0.0049986992150898
0.67580000,-0.0054833487885424
0.67970000,-0.0060349792282415
0.68360000,-0.0065593542407446
0.68750000,-0.0069448039102737
0.69140000,-0.0071031314897381
0.69540000,-0.0070066447231973
0.69930000,-0.0067072810986426
0.70320000,-0.0063316044576830
0.70710000,-0.0060724019702627
0.71100000,-0.0061637819343701
0.71490000,-0.0068340277145152
0.71880000,-0.0082555590653786
0.72270000,-0.0105040566210016
0.72660000,-0.0135403024933932
0.73050000,-0.0172121999707707
0.73440000,-0.0212776817842267
0.73830000,-0.0254335404383766
0.74220000,-0.0293648802330755
0.74610000,-0.0327986407859254
0.75000000,-0.0355310337122055
0.75390000,-0.0374770153238959
0.75790000,-0.0386263647322798
0.76180000,-0.0389902168728590
0.76570000,-0.0386593464890333
0.76960000,-0.0377625711335700
0.77350000,-0.0364232770952522
0.77740000,-0.0347812258528357
0.78130000,-0.0329681769112525
0.78520000,-0.0311117013884094
0.78910000,-0.0293529444958561
0.79300000,-0.0278447151745276
0.79690000,-0.0267548542901205
0.80080000,-0.0262325208723877
0.80470000,-0.0263968103044655
0.80860000,-0.0273230560509021
0.81250000,-0.0289907088850535
0.81640000,-0.0313562802829791
0.82040000,-0.0342676549106566
0.82430000,-0.0374072903878269
0.82820000,-0.0405292078831979
0.83210000,-0.0434256593319640
0.83600000,-0.0458771301187670
0.83990000,-0.0477588027037306
0.84380000,-0.0490136588509196
0.84770000,-0.0496563770193470
0.85160000,-0.0497721930490767
0.85550000,-0.0494834721920189
0.85940000,-0.0489349631486251
0.86330000,-0.0482706479916764
0.86720000,-0.0476317885727890
0.87110000,-0.0471537622797963
0.87500000,-0.0469447471995596
0.87890000,-0.0470713663261353
0.88290000,-0.0475179764562867
0.88680000,-0.0481603083826778
0.89070000,-0.0487955513762565
0.89460000,-0.0491451500550915
0.89850000,-0.0488722157952113
0.90240000,-0.0476439928470667
0.90630000,-0.0451932893811059
0.91020000,-0.0413888786125979
0.91410000,-0.0362892426373349
0.91800000,-0.0301607650299791
0.92190000,-0.0234610655648346
0.92580000,-0.0167855354256109
0.92970000,-0.0107798000762122
0.93360000,-0.0060198930611538
0.93750000,-0.0028789675869580
0.94140000,-0.0014134903039309
0.94540000,-0.0013211502446969
0.94930000,-0.0019867946007084
0.95320000,-0.0025962686406977
0.95710000,-0.0023044693945535
0.96100000,-0.0004154024264691
0.96490000,0.0034660228602824
0.96880000,0.0093372963713814
0.97270000,0.0167968108788666
0.97660000,0.0251423005844902
0.98050000,0.0335325829581674
0.98440000,0.0411838457303838
0.98830000,0.0475262841272442
0.99220000,0.0523217078752087
0.99610000,0.0557012604954865
1.00000000,0.0580869089121192
1.00390000,0.0601371964352001
1.00790000,0.0625106656498186
1.01180000,0.0656435702560304
1.01570000,0.0698082010222443
1.01960000,0.0750237539202109
1.02350000,0.0810297740651784
1.02740000,0.0874446239480146
1.03130000,0.0938419390644445
1.03520000,0.0998591414171832
1.03910000,0.1052874519213968
1.04300000,0.1100868839016237
1.04690000,0.1143798085740414
1.05080000,0.1183653413648797
1.05470000,0.1222547382298006
1.05860000,0.1262082987598926
1.06250000,0.1302417233107852
1.06640000,0.1343356043995528
1.07040000,0.1383447613837707
1.07430000,0.1419455674344474
1.07820000,0.1449693109585801
1.08210000,0.1473360456613110
1.08600000,0.1489456642166438
1.08990000,0.1497801428989362
1.09380000,0.1498337598966613
1.09770000,0.1491119861879479
1.10160000,0.1476552342955891
1.10550000,0.1455428904575660
1.10940000,0.1429279128544301
1.11330000,0.1400452681795044
1.11720000,0.1372176728322774
1.12110000,0.1348251472620716
1.12500000,0.1332225935344643
1.12890000,0.1326421929166960
1.13290000,0.1330698603576716
1.13680000,0.1341669047736050
1.14070000,0.1353025337870312
1.14460000,0.1356219943654459
1.14850000,0.1341851714712311
1.15240000,0.1301704546097575
1.15630000,0.1230669699162125
1.16020000,0.1128140267116856
1.16410000,0.0998255779472709
1.16800000,0.0849157272519865
1.17190000,0.0690775948279335
1.17580000,0.0533022436428135
1.17970000,0.0383347933413655
1.18360000,0.0245212675354289
1.18750000,0.0119168047227061
1.19140000,-0.0000020770660273
1.19540000,-0.0118531060628190
1.19930000,-0.0238611841935962
1.20320000,-0.0365156919703043
1.20710000,-0.0501700923067297
1.21100000,-0.0646881409335823
1.21490000,-0.0798518776089893
1.21880000,-0.0953026240460511
1.22270000,-0.1106598657424539
1.22660000,-0.1256612411826516
1.23050000,-0.1401561152494535
1.23440000,-0.1541646563134890
1.23830000,-0.1677511165129676
1.24220000,-0.1809730960855381
1.24610000,-0.1938215080164924
1.25000000,-0.2060590218107728
1.25390000,-0.2175407654492626
1.25790000,-0.2279448447659960
1.26180000,-0.2365489857258638
1.26570000,-0.2430084063156578
1.26960000,-0.2471547867900982
1.27350000,-0.2487571670440190
1.27740000,-0.2478590420821208
1.28130000,-0.2446437743619912
1.28520000,-0.2394197071580028
1.28910000,-0.2326150929674344
1.29300000,-0.2247086028185378
1.29690000,-0.2162179626971402
1.30080000,-0.2076692288476894
1.30470000,-0.1995592470145304
1.30860000,-0.1923060846975940
1.31250000,-0.1862341251014674
1.31640000,-0.1813994391431420
1.32040000,-0.1776509621432424
1.32430000,-0.1747324184456694
1.32820000,-0.1720845964401289
1.33210000,-0.1690474287633243
1.33600000,-0.1650911018439736
1.33990000,-0.1598143899948838
1.34380000,-0.1530711854117610
1.34770000,-0.1449935236604659
1.35160000,-0.1359402553784258
1.35550000,-0.1264296146115402
1.35940000,-0.1169852931745570
1.36330000,-0.1080478725386951
1.36720000,-0.0998729611950652
1.37110000,-0.0924970595061089
1.37500000,-0.0858347324847970
1.37890000,-0.0795406350842269
1.38290000,-0.0732594209513904
1.38680000,-0.0668601848482243
1.39070000,-0.0600577229776623
1.39460000,-0.0525983229401745
1.39850000,-0.0444343713652595
1.40240000,-0.0355250789679304
1.40630000,-0.0259182316865131
1.41020000,-0.0157623929224664
1.41410000,-0.0053056159861687
1.41800000,0.0050819406199208
1.42190000,0.0149678396719646
1.42580000,0.0239018740333231
1.42970000,0.0314906283182006
1.43360000,0.0374641948494371
1.43750000,0.0417123365014823
1.44140000,0.0443436302690289
1.44540000,0.0456187925718122
1.44930000,0.0458497489722983
1.45320000,0.0454096126170081
1.45710000,0.0446376018097088
1.46100000,0.0437646930969069
1.46490000,0.0429374230418890
1.46880000,0.0422121528514911
1.47270000,0.0415915762468814
1.47660000,0.0410763871188307
1.48050000,0.0406935704626176
1.48440000,0.0405012995801088
1.48830000,0.0405532079274481
1.49220000,0.0408625296985524
1.49610000,0.0413834478573207
1.50000000,0.0420123121597337
1.50390000,0.0426264687600932
1.50790000,0.0431016018016896
1.51180000,0.0433354031074176
1.51570000,0.0433207340521515
1.51960000,0.0431685762476398
1.52350000,0.0431028224147142
1.52740000,0.0434487870915619
1.53130000,0.0445722173994046
1.53520000,0.0468142336047796
1.53910000,0.0504288367729881
1.54300000,0.0555085396350644
1.54690000,0.0619561415323904
1.55080000,0.0694549994141464
1.55470000,0.0775282787854250
1.55860000,0.0856298658787892
1.56250000,0.0931769393092323
1.56640000,0.0997966870481897
1.57040000,0.1052243162317307
1.57430000,0.1091819874368967
1.57820000,0.1117436976950101
1.58210000,0.1131653022924934
1.58600000,0.1136853631661897
1.58990000,0.1136379365689745
1.59380000,0.1133457147389104
1.59770000,0.1131013536116279
1.60160000,0.1131631961237525
1.60550000,0.1137038488563469
1.60940000,0.1147866909958308
1.61330000,0.1163318388419832
1.61720000,0.1181249728894750
1.62110000,0.1198578911047649
1.62500000,0.1211939109325268
1.62890000,0.1218294625447991
1.63290000,0.1215663941945244
1.63680000,0.1203702902734733
1.64070000,0.1183700480023730
1.64460000,0.1158398570251529
1.64850000,0.1131399156761567
1.65240000,0.1106227473144031
1.65630000,0.1085662323116717
1.66020000,0.1071335453554700
1.66410000,0.1063615059566201
1.66800000,0.1061746453868668
1.67190000,0.1064145166643152
1.67580000,0.1068887174698661
1.67970000,0.1074140543397578
1.68360000,0.1078402687201889
1.68750000,0.1080551701866301
1.69140000,0.1079540269091704
1.69540000,0.1074471171165792
1.69930000,0.1064797307143134
1.70320000,0.1050088485215932
1.70710000,0.1030306655264879
1.71100000,0.1006050665713862
1.71490000,0.0978450052801404
1.71880000,0.0949232386245911
1.72270000,0.0920569274016916
1.72660000,0.0894714940300301
1.73050000,0.0873580500967805
1.73440000,0.0858345673238629
1.73830000,0.0849307934030345
1.74220000,0.0845873128293453
1.74610000,0.0846615381247766
1.75000000,0.0849410654693292
1.75390000,0.0851654013191401
1.75790000,0.0850749151053224
1.76180000,0.0844648130696839
1.76570000,0.0832105052833819
1.76960000,0.0812833453430141
1.77350000,0.0787519099578596
1.77740000,0.0757681524969827
1.78130000,0.0725489324590113
1.78520000,0.0693378215311198
1.78910000,0.0663553376413594
1.79300000,0.0637603478757813
1.79690000,0.0616367293762210
1.80080000,0.0600059215806342
1.80470000,0.0588448286037428
1.80860000,0.0580973344696018
1.81250000,0.0576809028337903
1.81640000,0.0574866023423167
1.82040000,0.0573910106138120
1.82430000,0.0572652882359761
1.82820000,0.0569658957023988
1.83210000,0.0563466904670532
1.83600000,0.0552872878349796
1.83990000,0.0537204761569774
1.84380000,0.0516557318551706
1.84770000,0.0491749665383156
1.85160000,0.0464061381016187
1.85550000,0.0434970593291621
1.85940000,0.0405919052502286
1.86330000,0.0378209400205456
1.86720000,0.0352860090074845
1.87110000,0.0330578901460615
1.87500000,0.0312027276779677
1.87890000,0.0297743239465690
1.88290000,0.0288536250901941
1.88680000,0.0285634068959728
1.89070000,0.0289729529601161
1.89460000,0.0300972156345995
1.89850000,0.0319135967027803
1.90240000,0.0343339831954613
1.90630000,0.0372243444308031
1.91020000,0.0404124790751161
1.91410000,0.0436977401066209
1.91800000,0.0468772994922293
1.92190000,0.0497544176105945
1.92580000,0.0521512594075997
1.92970000,0.0538995728624981
1.93360000,0.0548452601276193
1.93750000,0.0548986571425100
1.94140000,0.0540229251544494
1.94540000,0.0523156896188265
1.94930000,0.0500572341966063
1.95320000,0.0475608052533813
1.95710000,0.0451651985853937
1.96100000,0.0432146646982347
1.96490000,0.0419227637554341
1.96880000,0.0413274453559312
1.97270000,0.0412616791168563
1.97660000,0.0413696890689494
1.98050000,0.0412009119739813
1.98440000,0.0402759992969173
1.98830000,0.0382124425420455
1.99220000,0.0347650083796381
1.99610000,0.0298504608146642
2.00000000,0.0236474795167932
2.00390000,0.0163115040655615
2.00790000,0.0081427670278997
2.01180000,-0.0002721376917293
2.01570000,-0.0086756519839569
2.01960000,-0.0169446437336585
2.02350000,-0.0248558928362777
2.02740000,-0.0323369726418425
2.03130000,-0.0393719896801156
2.03520000,-0.0460092341448846
2.03910000,-0.0523695309729633
2.04300000,-0.0585734405972326
2.04690000,-0.0647506449289929
2.05080000,-0.0709788388423237
2.05470000,-0.0772798095641717
2.05860000,-0.0836042500372479
2.06250000,-0.0897632567564092
2.06640000,-0.0956221979653524
2.07040000,-0.1009956710663173
2.07430000,-0.1055562906921260
2.07820000,-0.1092368475399592
2.08210000,-0.1121065075338484
2.08600000,-0.1142290336131939
2.08990000,-0.1158256163945553
2.09380000,-0.1171794021908002
2.09770000,-0.1185798956979903
2.10160000,-0.1202665793467389
2.10550000,-0.1223542399524600
2.10940000,-0.1248332281813945
2.11330000,-0.1275709875592469
2.11720000,-0.1303443221018746
2.12110000,-0.1328782162791764
2.12500000,-0.1348899894641369
2.12890000,-0.1361562074145310
2.13290000,-0.1365419268681386
2.13680000,-0.1360067377091546
2.14070000,-0.1346225489899230
2.14460000,-0.1325403161731566
2.14850000,-0.1299513876635467
2.15240000,-0.1270667986297423
2.15630000,-0.1240745126936555
2.16020000,-0.1211063732689609
2.16410000,-0.1182284435206762
2.16800000,-0.1154618484553056
2.17190000,-0.1128199794033602
2.17580000,-0.1103384829403033
2.17970000,-0.1080779640032854
2.18360000,-0.1061126053729784
2.18750000,-0.1045262177968641
2.19140000,-0.1033795774780999
2.19540000,-0.1027122466802932
2.19930000,-0.1025377493451440
2.20320000,-0.1027802770539278
2.20710000,-0.1032944944476680
2.21100000,-0.1039032387772233
2.21490000,-0.1044061128717461
2.21880000,-0.1046227754692687
2.22270000,-0.1044337987566114
2.22660000,-0.1038226916056040
2.23050000,-0.1028999772524866
2.23440000,-0.1019005606953939
2.23830000,-0.1011237901738047
2.24220000,-0.1008692138479142
2.24610000,-0.1013728401121341
2.25000000,-0.1027276089292626
2.25390000,-0.1049501204219361
2.25790000,-0.1078985459809964
2.26180000,-0.1112210643637736
2.26570000,-0.1146059665071010
2.26960000,-0.1177760022902706
2.27350000,-0.1204716983237310
2.27740000,-0.1225786832643972
2.28130000,-0.1241008716993055
2.28520000,-0.1251501585970212
2.28910000,-0.1259256001916204
2.29300000,-0.1266538913952854
2.29690000,-0.1275384814413121
2.30080000,-0.1286937008458374
2.30470000,-0.1301147389242725
2.30860000,-0.1316818685955124
2.31250000,-0.1331853005870869
2.31640000,-0.1343858715033014
2.32040000,-0.1350395492325404
2.32430000,-0.1349204459501015
2.32820000,-0.1338934326050483
2.33210000,-0.1319207789453347
2.33600000,-0.1290474273963044
2.33990000,-0.1253955365464891
2.34380000,-0.1211274889384481
2.34770000,-0.1164199899465201
2.35160000,-0.1114397354571624
2.35550000,-0.1063252703240670
2.35940000,-0.1011538449446335
2.36330000,-0.0959597795124062
2.36720000,-0.0907438372660838
2.37110000,-0.0855034380133842
2.37500000,-0.0803191187413953
2.37890000,-0.0752021378400596
2.38290000,-0.0702251174759973
2.38680000,-0.0656405478438200
2.39070000,-0.0615225772050700
2.39460000,-0.0578914797986200
2.39850000,-0.0548475323799944
2.40240000,-0.0524088848850274
2.40630000,-0.0505739074379317
2.41020000,-0.0493226343482943
2.41410000,-0.0486065389572480
2.41800000,-0.0483653155606610
2.42190000,-0.0485081815967210
2.42580000,-0.0489263849631032
2.42970000,-0.0495065227699129
2.43360000,-0.0501461004796071
2.43750000,-0.0507563916121039
2.44140000,-0.0512704245042765
2.44540000,-0.0516489933803511
2.44930000,-0.0518971827402946
2.45320000,-0.0520996878535064
2.45710000,-0.0524103306413384
2.46100000,-0.0530165666403438
2.46490000,-0.0541047852972982
2.46880000,-0.0558150448760277
2.47270000,-0.0582048349768281
2.47660000,-0.0612212828992019
2.48050000,-0.0646900980969056
2.48440000,-0.0683289270889185
2.48830000,-0.0717974533911201
2.49220000,-0.0747574292334258
2.49610000,-0.0769271968529107
2.50000000,-0.0781289767715950
2.50390000,-0.0782747039601231
2.50790000,-0.0773993245104873
2.51180000,-0.0756756648035459
2.51570000,-0.0733110729537590
2.51960000,-0.0705284336616136
2.52350000,-0.0675580528600966
2.52740000,-0.0645915115640885
2.53130000,-0.0617951973006561
2.53520000,-0.0593085751274798
2.53910000,-0.0572304033297740
2.54300000,-0.0556120864674765
2.54690000,-0.0544515008464707
2.55080000,-0.0537070300000235
2.55470000,-0.0533030215788314
2.55860000,-0.0531271436007089
2.56250000,-0.0530338102809176
2.56640000,-0.0528289909215629
2.57040000,-0.0523076717594176
2.57430000,-0.0512894565764438
2.57820000,-0.0495805817133276
2.58210000,-0.0469978366988010
2.58600000,-0.0434066567717139
2.58990000,-0.0387308273217809
2.59380000,-0.0329883524074012
2.59770000,-0.0263022127815971
2.60160000,-0.0188951851797468
2.60550000,-0.0110869739933969
2.60940000,-0.0032644254397173
2.61330000,0.0041514532762101
2.61720000,0.0107764079782693
2.62110000,0.0163312438780331
2.62500000,0.0206569369340851
2.62890000,0.0237872454759001
2.63290000,0.0258577982890127
2.63680000,0.0270033847982099
2.64070000,0.0274619969581902
2.64460000,0.0274695042501240
2.64850000,0.0271557886674590
2.65240000,0.0265931387448678
2.65630000,0.0257811827967783
2.66020000,0.0246880930178037
2.66410000,0.0233033022294126
2.66800000,0.0216577294285503
2.67190000,0.0198560338097749
2.67580000,0.0180714915461489
2.67970000,0.0165508361335915
2.68360000,0.0155935184562347
2.68750000,0.0154763727588652
2.69140000,0.0164718005367830
2.69540000,0.0187358584984836
2.69930000,0.0222268736680292
2.70320000,0.0268710776071115
2.70710000,0.0325084352931524
2.71100000,0.0388396572509443
2.71490000,0.0455309856960631
2.71880000,0.0522339407069036
2.72270000,0.0586417053134388
2.72660000,0.0645358601980868
2.73050000,0.0697877351452336
2.73440000,0.0743655160764902
2.73830000,0.0783044959011838
2.74220000,0.0816852834572512
2.74610000,0.0845997466158638
2.75000000,0.0870951824491931
2.75390000,0.0892176672812547
2.75790000,0.0909709692939875
2.76180000,0.0922983995182503
2.76570000,0.0932410408192325
2.76960000,0.0939047176694422
2.77350000,0.0944095238496571
2.77740000,0.0949447851072595
2.78130000,0.0957347314297944
2.78520000,0.0970114404925977
2.78910000,0.0989736764749237
2.79300000,0.1017216452411899
2.79690000,0.1052409908498302
2.80080000,0.1093879646652660
2.80470000,0.1139267726574623
2.80860000,0.1185693372222591
2.81250000,0.1229741567812438
2.81640000,0.1268930769930969
2.82040000,0.1301240989297488
2.82430000,0.1324585975252655
2.82820000,0.1339159507252940
2.83210000,0.1346371990230843
2.83600000,0.1347588101352671
2.83990000,0.1344781007006374
2.84380000,0.1339762149282764
2.84770000,0.1333846608939094
2.85160000,0.1327681054165975
2.85550000,0.1321144674585929
2.85940000,0.1313683647267528
2.86330000,0.1304702581433352
2.86720000,0.1293813054176816
2.87110000,0.1280913743833381
2.87500000,0.1266369593243103
2.87890000,0.1250474656416838
2.88290000,0.1233789505459449
2.88680000,0.1217391296004119
2.89070000,0.1201594030811912
2.89460000,0.1186273443787801
2.89850000,0.1171376387444346
2.90240000,0.1156562744537835
2.90630000,0.1141487204130750
2.91020000,0.1125778671599859
2.91410000,0.1108993166783476
2.91800000,0.1090836074446655
2.92190000,0.1071272694702930
2.92580000,0.1050716990667710
2.92970000,0.1029860862757595
2.93360000,0.1009424910752912
2.93750000,0.0990173018117837
2.94140000,0.0972334974178443
2.94540000,0.0955988186094262
2.94930000,0.0941359065078019
2.95320000,0.0927634764057666
2.95710000,0.0913422283909069
2.96100000,0.0897402263072034
2.96490000,0.0878111091409803
2.96880000,0.0854404460808421
2.97270000,0.0825689708511425
2.97660000,0.0792115626203347
2.98050000,0.0754831463962245
2.98440000,0.0715783639544586
2.98830000,0.0677382957252930
2.99220000,0.0641804322314658
2.99610000,0.0610434359181860
3.00000000,0.0583886217375715
3.00390000,0.0561445370286111
3.00790000,0.0541817540171800
3.01180000,0.0523915923503602
3.01570000,0.0505882077490733
3.01960000,0.0485999739011959
3.02350000,0.0463540885518028
3.02740000,0.0438236817996707
3.03130000,0.0410414481083078
3.03520000,0.0380804910910284
3.03910000,0.0350310864769787
3.04300000,0.0319943939096376
3.04690000,0.0290533493224164
3.05080000,0.0262677887900141
3.05470000,0.0236676872854654
3.05860000,0.0212677626284672
3.06250000,0.0191094870628803
3.06640000,0.0172201074967718
3.07040000,0.0156470966353740
3.07430000,0.0144822632366395
3.07820000,0.0137449546632844
3.08210000,0.0134332298318106
3.08600000,0.0135799019450524
3.08990000,0.0142076964299359
3.09380000,0.0153441645948272
3.09770000,0.0170159211347462
3.10160000,0.0192441861694929
3.10550000,0.0220352695291492
3.10940000,0.0253777495349309
3.11330000,0.0292172295152107
3.11720000,0.0334765990901939
3.12110000,0.0380777984358649
3.12500000,0.0428914513884643
3.12890000,0.0478858084006113
3.13290000,0.0529776972923843
3.13680000,0.0579040284399143
3.14070000,0.0625797548237323
3.14460000,0.0669782050848698
3.14850000,0.0709855031687492
3.15240000,0.0745426815575932
3.15630000,0.0775852417624163
3.16020000,0.0800651601266906
3.16410000,0.0819850974875023
3.16800000,0.0833835785478336
3.17190000,0.0843413770919710
3.17580000,0.0849585213824387
3.17970000,0.0853495218003425
3.18360000,0.0856343001147671
3.18750000,0.0859167981032260
3.19140000,0.0862794014631467
3.19540000,0.0867637797702950
3.19930000,0.0873704635308820
3.20320000,0.0880997538547521
3.20710000,0.0889461914136423
3.21100000,0.0898803491059689
3.21490000,0.0908509877293702
3.21880000,0.0917846532825140
3.22270000,0.0925973286984203
3.22660000,0.0931974737248420
3.23050000,0.0934858849293210
3.23440000,0.0933396624366187
3.23830000,0.0926398239450305
3.24220000,0.0912820284373493
3.24610000,0.0891921807810870
3.25000000,0.0863865456883816
3.25390000,0.0828356365184218
3.25790000,0.0785835878144348
3.26180000,0.0738589431324160
3.26570000,0.0687653647882105
3.26960000,0.0633779571536175
3.27350000,0.0578521095760084
3.27740000,0.0522864500639991
3.28130000,0.0467811955884509
3.28520000,0.0414303801629457
3.28910000,0.0362911964755260
3.29300000,0.0313936633392364
3.29690000,0.0267165618911794
3.30080000,0.0222288020157851
3.30470000,0.0178931315744044
3.30860000,0.0136691848983578
3.31250000,0.0095644642841845
3.31640000,0.0055094471502033
3.32040000,0.0014865524731130
3.32430000,-0.0023514908019077
3.32820000,-0.0059696337820871
3.33210000,-0.0093570760362377
3.33600000,-0.0124268020169857
3.33990000,-0.0151553573368181
3.34380000,-0.0175393757824654
3.34770000,-0.0196054829690663
3.35160000,-0.0214243478458204
3.35550000,-0.0230782412077793
3.35940000,-0.0246560655234297
3.36330000,-0.0262185980147935
3.36720000,-0.0278070409455596
3.37110000,-0.0294594968409147
3.37500000,-0.0311925467812366
3.37890000,-0.0330554893589653
3.38290000,-0.0350436011035410
3.38680000,-0.0370243304138634
3.39070000,-0.0388859433256668
3.39460000,-0.0404974245802977
3.39850000,-0.0416690954191929
3.40240000,-0.0422380034401803
3.40630000,-0.0420670815366375
3.41020000,-0.0410727566796251
3.41410000,-0.0392428586529290
3.41800000,-0.0366310494821815
3.42190000,-0.0333293814471087
3.42580000,-0.0294616720901930
3.42970000,-0.0251574836388036
3.43360000,-0.0205394257077931
3.43750000,-0.0157738735635913
3.44140000,-0.0109275409691764
3.44540000,-0.0061050964786340
3.44930000,-0.0015845694505215
3.45320000,0.0024946596369171
3.45710000,0.0060219380941871
3.46100000,0.0088113702350643
3.46490000,0.0107659713996434
3.46880000,0.0118295169461978
3.47270000,0.0119857378584632
3.47660000,0.0112601112406763
3.48050000,0.0097050687926516
3.48440000,0.0073938409208348
3.48830000,0.0044219699347541
3.49220000,0.0008819975116618
3.49610000,-0.0031476646934258
3.50000000,-0.0075354833386755
3.50390000,-0.0122406946648620
3.50790000,-0.0171677391484029
3.51180000,-0.0220397237265227
3.51570000,-0.0267556928453798
3.51960000,-0.0312640525251001
3.52350000,-0.0354269996598342
3.52740000,-0.0391883162435668
3.53130000,-0.0425244073308520
3.53520000,-0.0454506880331959
3.53910000,-0.0480177589948794
3.54300000,-0.0502634102224799
3.54690000,-0.0522074984866781
3.55080000,-0.0538426597407790
3.55470000,-0.0551434250040775
3.55860000,-0.0560704568176823
3.56250000,-0.0565772105244550
3.56640000,-0.0566132367415999
3.57040000,-0.0561517243476411
3.57430000,-0.0552139313692732
3.57820000,-0.0538490670311606
3.58210000,-0.0521313882742836
3.58600000,-0.0501590981658444
3.58990000,-0.0480409246624585
3.59380000,-0.0458940962423642
3.59770000,-0.0438283026742475
3.60160000,-0.0419240148800963
3.60550000,-0.0402240239458404
3.60940000,-0.0387366903260789
3.61330000,-0.0374530259288372
3.61720000,-0.0363522411960704
3.62110000,-0.0353995868982704
3.62500000,-0.0345541527061589
3.62890000,-0.0337586662759535
3.63290000,-0.0329722635586217
3.63680000,-0.0321963001268572
3.64070000,-0.0314305314725085
3.64460000,-0.0306894093728862
3.64850000,-0.0300251504344685
3.65240000,-0.0295151362467265
3.65630000,-0.0292638489610265
3.66020000,-0.0293813949906901
3.66410000,-0.0299585963278007
3.66800000,-0.0310490490138241
3.67190000,-0.0326712486371879
3.67580000,-0.0347949634113899
3.67970000,-0.0373430344085750
3.68360000,-0.0401935625939751
3.68750000,-0.0431607754582500
3.69140000,-0.0461158077147026
3.69540000,-0.0489317863047720
3.69930000,-0.0514165004451834
3.70320000,-0.0535099210664890
3.70710000,-0.0552072038856272
3.71100000,-0.0564839142835543
3.71490000,-0.0573924180351295
3.71880000,-0.0580190670348338
3.72270000,-0.0584715912608130
3.72660000,-0.0588766548747576
3.73050000,-0.0593586420439682
3.73440000,-0.0600456946785812
3.73830000,-0.0610353892985394
3.74220000,-0.0623770348808964
3.74610000,-0.0640593065363673
3.75000000,-0.0659874198892761
3.75390000,-0.0680638744088280
3.75790000,-0.0701371568641982
3.76180000,-0.0719518988706469
3.76570000,-0.0733118901889859
3.76960000,-0.0740503737101122
3.77350000,-0.0739994390372564
3.77740000,-0.0730738499288901
3.78130000,-0.0712494602763265
3.78520000,-0.0685663287204915
3.78910000,-0.0651357921178117
3.79300000,-0.0611330805578539
3.79690000,-0.0567761596588494
3.80080000,-0.0522996408033883
3.80470000,-0.0479156794779489
3.80860000,-0.0437912930397917
3.81250000,-0.0400740820999630
3.81640000,-0.0368048424263658
3.82040000,-0.0339878132359811
3.82430000,-0.0316623785047169
3.82820000,-0.0297318097519052
3.83210000,-0.0280630718821130
3.83600000,-0.0265893151100189
3.83990000,-0.0252420396199156
3.84380000,-0.0239911547462996
3.84770000,-0.0228501059760909
3.85160000,-0.0218778818058815
3.85550000,-0.0211804366323988
3.85940000,-0.0208914478584979
3.86330000,-0.0211334510785048
3.86720000,-0.0220021249659377
3.87110000,-0.0235563439866053
3.87500000,-0.0257674171459715
3.87890000,-0.0286138981743290
3.88290000,-0.0319842086404620
3.88680000,-0.0356025908418400
3.89070000,-0.0392948229274673
3.89460000,-0.0429312502862103
3.89850000,-0.0463485109839756
3.90240000,-0.0494559998013537
3.90630000,-0.0521920316812846
3.91020000,-0.0545284205543585
3.91410000,-0.0564777803171759
3.91800000,-0.0580658250967878
3.92190000,-0.0593180150993009
3.92580000,-0.0602437192092658
3.92970000,-0.0608438714343975
3.93360000,-0.0611260083431084
3.93750000,-0.0611172173951873
3.94140000,-0.0608456090152624
3.94540000,-0.0603455658863419
3.94930000,-0.0596702590795272
3.95320000,-0.0588633533019599
3.95710000,-0.0579697584870044
3.96100000,-0.0570402485889005
3.96490000,-0.0561102063053962
3.96880000,-0.0552080124393186
3.97270000,-0.0543625803317848
3.97660000,-0.0536044993636162
3.98050000,-0.0529607396705152
3.98440000,-0.0524433732720942
3.98830000,-0.0520495848806009
3.99220000,-0.0517680184000797
3.99610000,-0.0515828152764617
4.00000000,-0.0514696334673380
4.00390000,-0.0513851466006221
4.00790000,-0.0512732551909248
4.01180000,-0.0510808543947803
4.01570000,-0.0507614312456999
4.01960000,-0.0502793103173484
4.02350000,-0.0496110433603417
4.02740000,-0.0487464378149320
4.03130000,-0.0477003829243751
4.03520000,-0.0465170517194257
4.03910000,-0.0452581112384080
4.04300000,-0.0439849495908818
4.04690000,-0.0427395018184096
4.05080000,-0.0415463307480626
4.05470000,-0.0404112828100250
4.05860000,-0.0393187911271140
4.06250000,-0.0382449056959745
4.06640000,-0.0371278018765093
4.07040000,-0.0359202412515608
4.07430000,-0.0346368623697842
4.07820000,-0.0332716933563158
4.08210000,-0.0318191309790865
4.08600000,-0.0302972472889457
4.08990000,-0.0287056580308962
4.09380000,-0.0270402798408565
4.09770000,-0.0252882500614858
4.10160000,-0.0234180561661536
4.10550000,-0.0213924855928021
4.10940000,-0.0191770359794415
4.11330000,-0.0167729317932197
4.11720000,-0.0142215440471257
4.12110000,-0.0115983445484147
4.12500000,-0.0090294495588332
4.12890000,-0.0066193083860320
4.13290000,-0.0045054210188311
4.13680000,-0.0028982802586348
4.14070000,-0.0019073014127205
4.14460000,-0.0015735042220207
4.14850000,-0.0019234814892050
4.15240000,-0.0029119578260173
4.15630000,-0.0044571939332916
4.16020000,-0.0064413724312936
4.16410000,-0.0087078661272678
4.16800000,-0.0110850296736991
4.17190000,-0.0134032398615841
4.17580000,-0.0155182902768113
4.17970000,-0.0173147167714820
4.18360000,-0.0187020417478391
4.18750000,-0.0196165629524232
4.19140000,-0.0200215933458377
4.19540000,-0.0199155838938440
4.19930000,-0.0193289792837857
4.20320000,-0.0183008160182663
4.20710000,-0.0168788160918408
4.21100000,-0.0151312202349331
4.21490000,-0.0131501890334189
4.21880000,-0.0110506191249803
4.22270000,-0.0089575987650582
4.22660000,-0.0069960861463671
4.23050000,-0.0052860871620776
4.23440000,-0.0039412295926986
4.23830000,-0.0030513315056376
4.24220000,-0.0026647076931723
4.24610000,-0.0027757455865074
4.25000000,-0.0033162136430403
4.25390000,-0.0042037261704867
4.25790000,-0.0053284122161855
4.26180000,-0.0065376202111623
4.26570000,-0.0077228067600827
4.26960000,-0.0088140391627647
4.27350000,-0.0097701731734955
4.27740000,-0.0106149649378376
4.28130000,-0.0114082071009634
4.28520000,-0.0122235945263147
4.28910000,-0.0131362708294692
4.29300000,-0.0142080903941992
4.29690000,-0.0154841825386392
4.30080000,-0.0169706035090054
4.30470000,-0.0186275459282213
4.30860000,-0.0203749836454348
4.31250000,-0.0220940204058238
4.31640000,-0.0236810281744913
4.32040000,-0.0250187658774642
4.32430000,-0.0259475380629030
4.32820000,-0.0263621603355842
4.33210000,-0.0261961791588618
4.33600000,-0.0253985534673805
4.33990000,-0.0239678201927610
4.34380000,-0.0219260289493162
4.34770000,-0.0193123825974942
4.35160000,-0.0161827263600177
4.35550000,-0.0126099268229295
4.35940000,-0.0086712645156875
4.36330000,-0.0044584795778215
4.36720000,-0.0000687517242923
4.37110000,0.0043935270460048
4.37500000,0.0087681765572824
4.37890000,0.0129759295329614
4.38290000,0.0169254845802762
4.38680000,0.0204192616063376
4.39070000,0.0234247782756692
4.39460000,0.0259595326167875
4.39850000,0.0279767500309021
4.40240000,0.0294936631738960
4.40630000,0.0305430827706989
4.41020000,0.0311683482681800
4.41410000,0.0314214219798902
4.41800000,0.0313426336039432
4.42190000,0.0309701586417046
4.42580000,0.0303417226896170
4.42970000,0.0294908264013304
4.43360000,0.0284410286725825
4.43750000,0.0272252409433042
4.44140000,0.0258552135109926
4.44540000,0.0243695822253030
4.44930000,0.0228697229463807
4.45320000,0.0214169297816661
4.45710000,0.0200669242606675
4.46100000,0.0189139600549081
4.46490000,0.0180501258117826
4.46880000,0.0175687761774253
4.47270000,0.0175405448336074
4.47660000,0.0179956815254902
4.48050000,0.0189258809712101
4.48440000,0.0202964343651599
4.48830000,0.0220437145317771
4.49220000,0.0240849502562839
4.49610000,0.0263315054361393
4.50000000,0.0286782961108318
4.50390000,0.0311027451114846
4.50790000,0.0335988286672270
4.51180000,0.0360995942580906
4.51570000,0.0386385812930388
4.51960000,0.0412717398517488
4.52350000,0.0439976619088461
4.52740000,0.0468240644564767
4.53130000,0.0497204760245197
4.53520000,0.0526131349353413
4.53910000,0.0554005055142993
4.54300000,0.0579638951119376
4.54690000,0.0601870712180451
4.55080000,0.0619632121369694
4.55470000,0.0631976543219953
4.55860000,0.0638169379803703
4.56250000,0.0637970900177900
4.56640000,0.0631363720092641
4.57040000,0.0618812688255701
4.57430000,0.0601427390097534
4.57820000,0.0580066435217873
4.58210000,0.0555628016409337
4.58600000,0.0529355763755783
4.58990000,0.0502340691645798
4.59380000,0.0475472457128463
4.59770000,0.0449326461088984
4.60160000,0.0424168734472260
4.60550000,0.0400138868967191
4.60940000,0.0377161050456093
4.61330000,0.0355014388011744
4.61720000,0.0333281109162163
4.62110000,0.0311452168833585
4.62500000,0.0289341162692564
4.62890000,0.0266367621865868
4.63290000,0.0242119782401418
4.63680000,0.0216928089931925
4.64070000,0.0190380076211324
4.64460000,0.0162102658189696
4.64850000,0.0132477395364929
4.65240000,0.0101818294371490
4.65630000,0.0070544723756965
4.66020000,0.0039140981368817
4.66410000,0.0008083873403048
4.66800000,-0.0022127098447808
4.67190000,-0.0051304837005273
4.67580000,-0.0079532824192585
4.67970000,-0.0107101525469562
4.68360000,-0.0134250632936407
4.68750000,-0.0160693578643451
4.69140000,-0.0186372721651175
4.69540000,-0.0210899964441135
4.69930000,-0.0232986997861749
4.70320000,-0.0252053536178170
4.70710000,-0.0267616594847231
4.71100000,-0.0278722343501017
4.71490000,-0.0284748551643080
4.71880000,-0.0285113727345813
4.72270000,-0.0279229299560057
4.72660000,-0.0266535319380378
4.73050000,-0.0246633418285444
4.73440000,-0.0219408192276847
4.73830000,-0.0185285420411346
4.74220000,-0.0145075094510196
4.74610000,-0.0099883038018841
4.75000000,-0.0051742957000826
4.75390000,-0.0002077515452071
4.75790000,0.0047142238329371
4.76180000,0.0092499578439679
4.76570000,0.0132867190224313
4.76960000,0.0168163861603235
4.77350000,0.0197798103697608
4.77740000,0.0222015433360925
4.78130000,0.0241199542802501
4.78520000,0.0255870870567914
4.78910000,0.0266736245895026
4.79300000,0.0274360642848580
4.79690000,0.0279304317900383
4.80080000,0.0282128122763851
4.80470000,0.0283576494906363
4.80860000,0.0284593561135883
4.81250000,0.0286111055324443
4.81640000,0.0289055853770122
4.82040000,0.0294086350568457
4.82430000,0.0301417239225350
4.82820000,0.0311137145681988
4.83210000,0.0322954841102848
4.83600000,0.0336001920526399
4.83990000,0.0349112842716431
4.84380000,0.0360980706363917
4.84770000,0.0370352755697704
4.85160000,0.0376147633321350
4.85550000,0.0377569388999902
4.85940000,0.0374225133557043
4.86330000,0.0366304196007332
4.86720000,0.0354491989219487
4.87110000,0.0339740079474102
4.87500000,0.0323229321682516
4.87890000,0.0305710066129667
4.88290000,0.0287974464229352
4.88680000,0.0271303574556107
4.89070000,0.0256219754010964
4.89460000,0.0242877607100055
4.89850000,0.0231586152544521
4.90240000,0.0222403342547349
4.90630000,0.0215425880322638
4.91020000,0.0210730017098076
4.91410000,0.0208233341656696
4.91800000,0.0207740705774432
4.92190000,0.0209004837430836
4.92580000,0.0211806589080272
4.92970000,0.0215934872069304
4.93360000,0.0221115823280515
4.93750000,0.0226934246485093
4.94140000,0.0233151730403817
4.94540000,0.0239638179579858
4.94930000,0.0246198012981023
4.95320000,0.0252926461413920
4.95710000,0.0259916859646366
4.96100000,0.0267040348802628
4.96490000,0.0274153196904901
4.96880000,0.0280969272706791
4.97270000,0.0286985804815121
4.97660000,0.0291489630225349
4.98050000,0.0293704667446380
4.98440000,0.0292945073266541
4.98830000,0.0288774430784715
4.99220000,0.0280930319294696
4.99610000,0.0269301923221696
5.00000000,0.0254279647241020
5.00390000,0.0236288399910995
5.00790000,0.0216328760922464
5.01180000,0.0196287009637505
5.01570000,0.0177318964388970
5.01960000,0.0160204019880025
5.02350000,0.0145876366832735
5.02740000,0.0134810597774718
5.03130000,0.0127180356202349
5.03520000,0.0122739496744959
5.03910000,0.0120771435202702
5.04300000,0.0120345791728503
5.04690000,0.0120401155833545
5.05080000,0.0119929984324956
5.05470000,0.0117965243041134
5.05860000,0.0113641321742633
5.06250000,0.0106482715932441
5.06640000,0.0096048584201820
5.07040000,0.0082265713264943
5.07430000,0.0065689511291724
5.07820000,0.0046573403887582
5.08210000,0.0025329054572634
5.08600000,0.0002968178060516
5.08990000,-0.0019413140817293
5.09380000,-0.0040677460942080
5.09770000,-0.0059824900471745
5.10160000,-0.0076082967165225
5.10550000,-0.0088878696420387
5.10940000,-0.0097921388559233
5.11330000,-0.0103276951774301
5.11720000,-0.0105327996939014
5.12110000,-0.0104605069352024
5.12500000,-0.0101677724063911
5.12890000,-0.0096881974840057
5.13290000,-0.0090528058884337
5.13680000,-0.0083106321210783
5.14070000,-0.0074830982104085
5.14460000,-0.0065757269654935
5.14850000,-0.0056064988003622
5.15240000,-0.0045992109253079
5.15630000,-0.0035920123902032
5.16020000,-0.0026302177633904
5.16410000,-0.0017538716244197
5.16800000,-0.0009957482314388
5.17190000,-0.0003886844975371
5.17580000,0.0000307075332348
5.17970000,0.0002267161252876
5.18360000,0.0001777678754711
5.18750000,-0.0001066961652155
5.19140000,-0.0006103570576938
5.19540000,-0.0012959466257231
5.19930000,-0.0020893471781717
5.20320000,-0.0029258538347167
5.20710000,-0.0037363462930548
5.21100000,-0.0044428758799205
5.21490000,-0.0049943366544199
5.21880000,-0.0053645229912816
5.22270000,-0.0055491935087126
5.22660000,-0.0055627438574398
5.23050000,-0.0054350183306879
5.23440000,-0.0052128882958244
5.23830000,-0.0049503669955646
5.24220000,-0.0046946499760065
5.24610000,-0.0044762185286742
5.25000000,-0.0043090059097340
5.25390000,-0.0042013026556943
5.25790000,-0.0041572062728824
5.26180000,-0.0041726997483648
5.26570000,-0.0042397239324313
5.26960000,-0.0043463133589541
5.27350000,-0.0044792531226095
5.27740000,-0.0046272851008957
5.28130000,-0.0047759710372519
5.28520000,-0.0049048965982836
5.28910000,-0.0049909684070609
5.29300000,-0.0050152665512728
5.29690000,-0.0049675736899116
5.30080000,-0.0048461669605633
5.30470000,-0.0046555756029770
5.30860000,-0.0044067041129352
5.31250000,-0.0041187728293665
5.31640000,-0.0038154732603783
5.32040000,-0.0035204945409557
5.32430000,-0.0032519486119046
5.32820000,-0.0030163539411762
5.33210000,-0.0028121152053647
5.33600000,-0.0026334540050291
5.33990000,-0.0024705125389894
5.34380000,-0.0023114640756045
5.34770000,-0.0021455309626002
5.35160000,-0.0019663576723322
5.35550000,-0.0017741255492676
5.35940000,-0.0015736605288260
5.36330000,-0.0013728956706154
5.36720000,-0.0011804814445456
5.37110000,-0.0010047543082180
5.37500000,-0.0008538186545503
5.37890000,-0.0007314315192287
5.38290000,-0.0006392291836506
5.38680000,-0.0005771927237824
5.39070000,-0.0005409574876150
5.39460000,-0.0005251759047542
5.39850000,-0.0005243169715654
5.40240000,-0.0005319487067956
5.40630000,-0.0005413483843342
5.41020000,0.0000000000000000
