Velocity, Vel [m/s]
1453,0
0.00000000,0.0000000000000000
0.00390000,-0.0006636746250830
0.00780000,-0.0006608715027576
0.01180000,-0.0006726033780208
0.01570000,-0.0007030074522008
0.01960000,-0.0007446503969114
0.02350000,-0.0007816530741953
0.02740000,-0.0007945252685639
0.03130000,-0.0007694227636528
0.03520000,-0.0007032583120332
0.03910000,-0.0006057178488013
0.04300000,-0.0004978369605264
0.04690000,-0.0004052627995267
0.05080000,-0.0003513097886144
0.05470000,-0.0003499658748477
0.05860000,-0.0004041529090784
0.06250000,-0.0005079355215999
0.06640000,-0.0006489449051286
0.07030000,-0.0008172107981792
0.07430000,-0.0010067805094290
0.07820000,-0.0012137780607011
0.08210000,-0.0014466684393072
0.08600000,-0.0017159054187071
0.08990000,-0.0020173971030229
0.09380000,-0.0023319877604298
0.09770000,-0.0026242496896889
0.10160000,-0.0028504499876274
0.10550000,-0.0029680165689712
0.10940000,-0.0029402656456487
0.11330000,-0.0027405737993590
0.11720000,-0.0023593881411097
0.12110000,-0.0018135120483949
0.12500000,-0.0011535027828929
0.12890000,-0.0004680124698887
0.13280000,0.0001328402773523
0.13680000,0.0005253804040512
0.14070000,0.0005899671995861
0.14460000,0.0002734459828230
0.14850000,-0.0003805691558031
0.15240000,-0.0012284304199765
0.15630000,-0.0020365964046037
0.16020000,-0.0025375065297295
0.16410000,-0.0024880054758271
0.16800000,-0.0017152353020796
0.17190000,-0.0001522275594173
0.17580000,0.0021639810379488
0.17970000,0.0051019856776095
0.18360000,0.0084814573164422
0.18750000,0.0121148151194746
0.19140000,0.0157961611063275
0.19530000,0.0193838610350948
0.19930000,0.0227157318371173
0.20320000,0.0255250686306969
0.20710000,0.0276491689618292
0.21100000,0.0289934968525108
0.21490000,0.0294824823497621
0.21880000,0.0291769770492251
0.22270000,0.0282515880264193
0.22660000,0.0269959032982472
0.23050000,0.0257974972950182
0.23440000,0.0250622135856174
0.23830000,0.0251403735262645
0.24220000,0.0262259417807481
0.24610000,0.0283106638789400
0.25000000,0.0311785083938536
0.25390000,0.0344142600492210
0.25780000,0.0375479973878777
0.26180000,0.0400954622155619
0.26570000,0.0416110656290132
0.26960000,0.0419339460494966
0.27350000,0.0411581305231745
0.27740000,0.0395254686873843
0.28130000,0.0373992195333950
0.28520000,0.0351214687711737
0.28910000,0.0329345356721928
0.29300000,0.0309139611391561
0.29690000,0.0289556434185830
0.30080000,0.0268438819978925
0.30470000,0.0243527609956232
0.30860000,0.0213335187772056
0.31250000,0.0177782270646537
0.31640000,0.0138800182749005
0.32030000,0.0098825997153010
0.32430000,0.0061221367874821
0.32820000,0.0030559339867064
0.33210000,0.0009367457718691
0.33600000,-0.0001487378660804
0.33990000,-0.0002123436855600
0.34380000,0.0005177692218572
0.34770000,0.0016813307678712
0.35160000,0.0028477003806757
0.35550000,0.0035799381619328
0.35940000,0.0035309375047598
0.36330000,0.0025013438292600
0.36720000,0.0005080529831184
0.37110000,-0.0022184068622406
0.37500000,-0.0052964772200490
0.37890000,-0.0082786908503100
0.38280000,-0.0108242848967541
0.38680000,-0.0127239245114471
0.39070000,-0.0138807597918470
0.39460000,-0.0144263746816524
0.39850000,-0.0146157778812675
0.40240000,-0.0146856316712471
0.40630000,-0.0148161419173558
0.41020000,-0.0150452477725351
0.41410000,-0.0152774611327230
0.41800000,-0.0153631423706274
0.42190000,-0.0151861914862210
0.42580000,-0.0147354736639264
0.42970000,-0.0141070348946773
0.43360000,-0.0134646127668935
0.43750000,-0.0129770734799442
0.44140000,-0.0127572771734031
0.44530000,-0.0128450083388495
0.44930000,-0.0132055691188895
0.45320000,-0.0137622465945893
0.45710000,-0.0144727005714034
0.46100000,-0.0153478436224767
0.46490000,-0.0164278839786355
0.46880000,-0.0177465154597349
0.47270000,-0.0192798715379241
0.47660000,-0.0209339421839251
0.48050000,-0.0225717029626078
0.48440000,-0.0240556546436080
0.48830000,-0.0252843616543880
0.49220000,-0.0262114194541535
0.49610000,-0.0268459368718059
0.50000000,-0.0272340660097029
0.50390000,-0.0274251034058276
0.50780000,-0.0274230212865586
0.51180000,-0.0271729730785230
0.51570000,-0.0265843899525526
0.51960000,-0.0255596572138583
0.52350000,-0.0240475070392451
0.52740000,-0.0220741015274405
0.53130000,-0.0197328534942967
0.53520000,-0.0171658377894307
0.53910000,-0.0145330251310828
0.54300000,-0.0119790790118294
0.54690000,-0.0096067046919113
0.55080000,-0.0074775674612512
0.55470000,-0.0056344881843204
0.55860000,-0.0041481732779879
0.56250000,-0.0031465023917627
0.56640000,-0.0027851865009705
0.57030000,-0.0032372647437401
0.57430000,-0.0045907734755993
0.57820000,-0.0067649620951400
0.58210000,-0.0095835318089697
0.58600000,-0.0127491506787992
0.58990000,-0.0158449161042758
0.59380000,-0.0184432122711821
0.59770000,-0.0201727549957124
0.60160000,-0.0207934817136626
0.60550000,-0.0202388423343371
0.60940000,-0.0186104631015126
0.61330000,-0.0161507804476282
0.61720000,-0.0132013984217322
0.62110000,-0.0101472641379307
0.62500000,-0.0073506220796628
0.62890000,-0.0050975396388140
0.63280000,-0.0035311223591886
0.63680000,-0.0026706539669089
0.64070000,-0.0024582110691033
0.64460000,-0.0027342117074467
0.64850000,-0.0032941772844553
0.65240000,-0.0039496655546088
0.65630000,-0.0045435907649793
0.66020000,-0.0049958863492322
0.66410000,-0.0053133431182625
0.66800000,-0.0055673526462956
0.67190000,-0.0058591466089681
0.67580000,-0.0062796882624139
0.67970000,-0.0068799229312414
0.68360000,-0.0076474237044847
0.68750000,-0.0084949107374185
0.69140000,-0.0092709556934588
0.69530000,-0.0098094339107303
0.69930000,-0.0099883824537491
0.70320000,-0.0097806499335972
0.70710000,-0.0092917755017597
0.71100000,-0.0087507344940935
0.71490000,-0.0084760901143063
0.71880000,-0.0088323694148753
0.72270000,-0.0101570884968731
0.72660000,-0.0126808400646311
0.73050000,-0.0164654088695828
0.73440000,-0.0213767585876106
0.73830000,-0.0271214890721494
0.74220000,-0.0332950591334944
0.74610000,-0.0394532538846065
0.75000000,-0.0451717460463475
0.75390000,-0.0500646842733992
0.75780000,-0.0539092413531720
0.76180000,-0.0565934902861263
0.76570000,-0.0580386186650602
0.76960000,-0.0583484462902367
0.77350000,-0.0577029381129017
0.77740000,-0.0562576699526781
0.78130000,-0.0542115576919300
0.78520000,-0.0517602870840704
0.78910000,-0.0490884939519026
0.79300000,-0.0463830142407627
0.79690000,-0.0438343973177280
0.80080000,-0.0416721520564613
0.80470000,-0.0401400670174133
0.80860000,-0.0394753134561342
0.81250000,-0.0398668856293695
0.81640000,-0.0413737085444359
0.82030000,-0.0440151350209707
0.82430000,-0.0476608661480835
0.82820000,-0.0519417174313771
0.83210000,-0.0565246630331186
0.83600000,-0.0610704310440868
0.83990000,-0.0651956037876689
0.84380000,-0.0686355246492661
0.84770000,-0.0712245488838273
0.85160000,-0.0729004931257150
0.85550000,-0.0737065427151595
0.85940000,-0.0737636957475895
0.86330000,-0.0732618009290121
0.86720000,-0.0724219483942132
0.87110000,-0.0714718005850368
0.87500000,-0.0706291030341024
0.87890000,-0.0700842637798131
0.88280000,-0.0699904212464628
0.88680000,-0.0704125916173319
0.89070000,-0.0712790770232957
0.89460000,-0.0723926258794061
0.89850000,-0.0734310022779760
0.90240000,-0.0739657005168398
0.90630000,-0.0735147934477766
0.91020000,-0.0715975862818279
0.91410000,-0.0678224868209882
0.91800000,-0.0619939364327245
0.92190000,-0.0542085903187205
0.92580000,-0.0448930440634584
0.92970000,-0.0347804864682093
0.93360000,-0.0248021127135271
0.93750000,-0.0159285843662332
0.94140000,-0.0090069390159102
0.94530000,-0.0045032742959360
0.94930000,-0.0024113833704654
0.95320000,-0.0022573432209793
0.95710000,-0.0030385313775553
0.96100000,-0.0034788605760611
0.96490000,-0.0023525682198570
0.96880000,0.0013138603003915
0.97270000,0.0079991430117301
0.97660000,0.0175738422146127
0.98050000,0.0293331024858824
0.98440000,0.0421508234363023
0.98830000,0.0547637994004193
0.99220000,0.0660470897165573
0.99610000,0.0752637619217764
1.00000000,0.0821995145203473
1.00390000,0.0871269847265115
1.00780000,0.0907986613429213
1.01180000,0.0941556508635879
1.01570000,0.0980051959302109
1.01960000,0.1030379571899222
1.02350000,0.1096067581301547
1.02740000,0.1176047970479116
1.03130000,0.1266424125469468
1.03520000,0.1361415477512505
1.03910000,0.1454978476813312
1.04300000,0.1542402928131022
1.04690000,0.1621087664899704
1.05080000,0.1691111745493054
1.05470000,0.1754446012091079
1.05860000,0.1814093654045591
1.06250000,0.1872957786270440
1.06640000,0.1932193299782113
1.07030000,0.1992668999610289
1.07430000,0.2053351158720549
1.07820000,0.2110170767934489
1.08210000,0.2160798249218452
1.08600000,0.2203670727845237
1.08990000,0.2236690367144191
1.09380000,0.2259131998548541
1.09770000,0.2270670497211486
1.10160000,0.2271158213957931
1.10550000,0.2260717753117998
1.10940000,0.2239721302535265
1.11330000,0.2209322801220893
1.11720000,0.2171750539599645
1.12110000,0.2130517864479869
1.12500000,0.2090327207907506
1.12890000,0.2056632149072999
1.13280000,0.2034296380995213
1.13680000,0.2026209389162099
1.14070000,0.2031873894131540
1.14460000,0.2045870699218034
1.14850000,0.2058246700855434
1.15240000,0.2056253493227174
1.15630000,0.2026496623572459
1.16020000,0.1957894776887517
1.16410000,0.1844246128581455
1.16800000,0.1685721995381877
1.17190000,0.1489359388271581
1.17580000,0.1266960145094609
1.17970000,0.1033015965947568
1.18360000,0.0800821784266318
1.18750000,0.0579404942268869
1.19140000,0.0374161527691691
1.19530000,0.0181073587726741
1.19930000,-0.0006594468849524
1.20320000,-0.0191042491946227
1.20710000,-0.0380242599145223
1.21100000,-0.0581079219189538
1.21490000,-0.0793098532232094
1.21880000,-0.1014490815703800
1.22270000,-0.1240900017596516
1.22660000,-0.1467123913753630
1.23050000,-0.1689168777430408
1.23440000,-0.1904162324622671
1.23830000,-0.2111703713583927
1.24220000,-0.2312478569518515
1.24610000,-0.2507946551314183
1.25000000,-0.2699409899432650
1.25390000,-0.2885033300164335
1.25780000,-0.3064681472101478
1.26180000,-0.3235168898115305
1.26570000,-0.3386261357838000
1.26960000,-0.3513010651925365
1.27350000,-0.3612135482333118
1.27740000,-0.3678103039786760
1.28130000,-0.3708978389881890
1.28520000,-0.3704661654121716
1.28910000,-0.3666993907452693
1.29300000,-0.3599923759101570
1.29690000,-0.3508655042538629
1.30080000,-0.3399701062189865
1.30470000,-0.3280581717258302
1.30860000,-0.3159211896604136
1.31250000,-0.3043082697876135
1.31640000,-0.2939232201409274
1.32030000,-0.2851204434161139
1.32430000,-0.2780146262774420
1.32820000,-0.2726074379740981
1.33210000,-0.2683074690143099
1.33600000,-0.2642178784368689
1.33990000,-0.2595186853090111
1.34380000,-0.2534399346306114
1.34770000,-0.2454938627351445
1.35160000,-0.2355421113579964
1.35550000,-0.2237751415618705
1.35940000,-0.2106986492092312
1.36330000,-0.1969641752177673
1.36720000,-0.1832663299596048
1.37110000,-0.1701576518417493
1.37500000,-0.1579345912558087
1.37890000,-0.1467283436374335
1.38280000,-0.1362198526635927
1.38680000,-0.1259985066875988
1.39070000,-0.1159191348015332
1.39460000,-0.1055000660716350
1.39850000,-0.0942744192436930
1.40240000,-0.0821227973352992
1.40630000,-0.0689507472950902
1.41020000,-0.0547725922374386
1.41410000,-0.0396789432096202
1.41800000,-0.0238353369415366
1.42190000,-0.0075914288712359
1.42580000,0.0085312762503710
1.42970000,0.0238506684979182
1.43360000,0.0376531317086598
1.43750000,0.0493329112869816
1.44140000,0.0584609219345762
1.44530000,0.0649888991641722
1.44930000,0.0691354359211273
1.45320000,0.0712082940144739
1.45710000,0.0717717366105466
1.46100000,0.0714203911192647
1.46490000,0.0705763044494387
1.46880000,0.0695715269773362
1.47270000,0.0685912492241969
1.47660000,0.0677040057949535
1.48050000,0.0669257441042317
1.48440000,0.0662616850211530
1.48830000,0.0657609093232598
1.49220000,0.0655053856980241
1.49610000,0.0655759436496402
1.50000000,0.0660010447652240
1.50390000,0.0667114032702869
1.50780000,0.0675645533779255
1.51180000,0.0683579597843517
1.51570000,0.0688700406865815
1.51960000,0.0689847574116439
1.52350000,0.0687351830886792
1.52740000,0.0683162300303502
1.53130000,0.0681039964476895
1.53520000,0.0685904001950695
1.53910000,0.0702959190522176
1.54300000,0.0736803086251327
1.54690000,0.0790348262057961
1.55080000,0.0864448089792570
1.55470000,0.0957138470703266
1.55860000,0.1063999674834264
1.56250000,0.1178822979475428
1.56640000,0.1293406013022181
1.57030000,0.1401638045021737
1.57430000,0.1497882647469392
1.57820000,0.1575261058802588
1.58210000,0.1632569800760115
1.58600000,0.1671661961273980
1.58990000,0.1694287247476463
1.59380000,0.1704396510418615
1.59770000,0.1706348785010521
1.60160000,0.1704505682182587
1.60550000,0.1703128401409058
1.60940000,0.1705614039999115
1.61330000,0.1714358889476994
1.61720000,0.1730105885642416
1.62110000,0.1751740886124740
1.62500000,0.1776377065258972
1.62890000,0.1799764432614737
1.63280000,0.1817426924404534
1.63680000,0.1825486679946900
1.64070000,0.1821441433588833
1.64460000,0.1805287670488298
1.64850000,0.1779348248582762
1.65240000,0.1747488832250335
1.65630000,0.1714366553874388
1.66020000,0.1684264283072530
1.66410000,0.1660277798304903
1.66800000,0.1643973631734115
1.67190000,0.1635419705577544
1.67580000,0.1633471033888349
1.67970000,0.1636165554929208
1.68360000,0.1641167900925108
1.68750000,0.1646204649261112
1.69140000,0.1649408996895872
1.69530000,0.1649187435618553
1.69930000,0.1644251688859348
1.70320000,0.1633673392320921
1.70710000,0.1616573643706568
1.71100000,0.1592462957478623
1.71490000,0.1561579688314358
1.71880000,0.1524797731892746
1.72270000,0.1483698141192554
1.72660000,0.1440529475829837
1.73050000,0.1398038642300433
1.73440000,0.1359130847246980
1.73830000,0.1326313048028855
1.74220000,0.1301207046100237
1.74610000,0.1284238018081660
1.75000000,0.1274597272418340
1.75390000,0.1270423582720036
1.75780000,0.1268931507589469
1.76180000,0.1266791331752025
1.76570000,0.1260659068422330
1.76960000,0.1247581083710018
1.77350000,0.1225657643798764
1.77740000,0.1194496629786489
1.78130000,0.1155200587388422
1.78520000,0.1110193364887474
1.78910000,0.1062741870126396
1.79300000,0.1016277055803121
1.79690000,0.0973737854986057
1.80080000,0.0937141513784900
1.80470000,0.0907544187263816
1.80860000,0.0885250820093917
1.81250000,0.0870048703456206
1.81640000,0.0861288410312432
1.82030000,0.0857774425114620
1.82430000,0.0857738703100806
1.82820000,0.0858977276848077
1.83210000,0.0859046603703972
1.83600000,0.0855583897904663
1.83990000,0.0846596808379257
1.84380000,0.0830660355604713
1.84770000,0.0807143038262980
1.85160000,0.0776330419225160
1.85550000,0.0739362236581690
1.85940000,0.0698059930585744
1.86330000,0.0654549075995667
1.86720000,0.0611037597766531
1.87110000,0.0569457917048167
1.87500000,0.0531245838025968
1.87890000,0.0497607483459405
1.88280000,0.0468998821171512
1.88680000,0.0446164876352698
1.89070000,0.0431058179166104
1.89460000,0.0425173588219721
1.89850000,0.0429737367813293
1.90240000,0.0445768361972435
1.90630000,0.0472899039164563
1.91020000,0.0509593760147848
1.91410000,0.0553402836986445
1.91800000,0.0601339913423033
1.92190000,0.0650413406233642
1.92580000,0.0697705686154469
1.92970000,0.0740450195453264
1.93360000,0.0775876853370541
1.93750000,0.0801233596110842
1.94140000,0.0814289240632569
1.94530000,0.0813422084730127
1.94930000,0.0798690463486651
1.95320000,0.0772619335093021
1.95710000,0.0739040497141105
1.96100000,0.0702897735731672
1.96490000,0.0669744052625666
1.96880000,0.0644107217196196
1.97270000,0.0628616673827426
1.97660000,0.0623210932501736
1.98050000,0.0624802932614377
1.98440000,0.0628022768577882
1.98830000,0.0625926114844613
1.99220000,0.0611826247002628
1.99610000,0.0580181818032287
2.00000000,0.0527337279490824
2.00390000,0.0453306686698757
2.00780000,0.0358214366011426
2.01180000,0.0245010281419708
2.01570000,0.0121674359577985
2.01960000,-0.0007411919250721
2.02350000,-0.0139137636829002
2.02740000,-0.0268777799283243
2.03130000,-0.0393645448016030
2.03520000,-0.0511842939559060
2.03910000,-0.0622538300262509
2.04300000,-0.0726371407230223
2.04690000,-0.0824625361257313
2.05080000,-0.0919375470948588
2.05470000,-0.1012436629473284
2.05860000,-0.1105170612234908
2.06250000,-0.1198141143194660
2.06640000,-0.1289812370100278
2.07030000,-0.1379249567471251
2.07430000,-0.1464129893064392
2.07820000,-0.1539189808604401
2.08210000,-0.1602729506968202
2.08600000,-0.1654863500917294
2.08990000,-0.1695360962807417
2.09380000,-0.1726288233544285
2.09770000,-0.1750765875526565
2.10160000,-0.1772555482288414
2.10550000,-0.1795556790708864
2.10940000,-0.1822614826987557
2.11330000,-0.1855204652871822
2.11720000,-0.1892955656963050
2.12110000,-0.1933874616556096
2.12500000,-0.1974767635035468
2.12890000,-0.2011601975606488
2.13280000,-0.2040793954061984
2.13680000,-0.2059329166476074
2.14070000,-0.2064774961962872
2.14460000,-0.2056792116566444
2.14850000,-0.2036591068061343
2.15240000,-0.2006109128590224
2.15630000,-0.1968118565782920
2.16020000,-0.1925485354921225
2.16410000,-0.1880707063411657
2.16800000,-0.1835629556544441
2.17190000,-0.1791352400808320
2.17580000,-0.1748471513791204
2.17970000,-0.1707494386009728
2.18360000,-0.1669092766229664
2.18750000,-0.1634183700858207
2.19140000,-0.1604078865663019
2.19530000,-0.1579773858296483
2.19930000,-0.1562204543724963
2.20320000,-0.1552426140763932
2.20710000,-0.1550111271553929
2.21100000,-0.1553837079292699
2.21490000,-0.1561597188492969
2.21880000,-0.1570526287745143
2.22270000,-0.1577596576394769
2.22660000,-0.1580217816631247
2.23050000,-0.1576838801188800
2.23440000,-0.1567469952797608
2.23830000,-0.1553927137871610
2.24220000,-0.1539509507637477
2.24610000,-0.1528411859491949
2.25000000,-0.1524839716422602
2.25390000,-0.1531739667383773
2.25780000,-0.1551062467457045
2.26180000,-0.1582553254913557
2.26570000,-0.1622967501748346
2.26960000,-0.1668600240363103
2.27350000,-0.1715281525894161
2.27740000,-0.1758499862514240
2.28130000,-0.1795245380760501
2.28520000,-0.1824187679418346
2.28910000,-0.1845793369545155
2.29300000,-0.1862077869208703
2.29690000,-0.1875816808756518
2.30080000,-0.1889913759488393
2.30470000,-0.1906545154862649
2.30860000,-0.1926660463354840
2.31250000,-0.1949738462021375
2.31640000,-0.1973687905036642
2.32030000,-0.1995713967628493
2.32430000,-0.2012413686961169
2.32820000,-0.2019940026209562
2.33210000,-0.2015604719129202
2.33600000,-0.1997934396776563
2.33990000,-0.1966524681254778
2.34380000,-0.1922457290508634
2.34770000,-0.1867777367985235
2.35160000,-0.1805001956405977
2.35550000,-0.1736615211595982
2.35940000,-0.1664760562890401
2.36330000,-0.1590844371609868
2.36720000,-0.1515782622762922
2.37110000,-0.1439926949910655
2.37500000,-0.1363267981845494
2.37890000,-0.1286710481387986
2.38280000,-0.1209937414196126
2.38680000,-0.1133652389620796
2.39070000,-0.1061504444026861
2.39460000,-0.0994573895115922
2.39850000,-0.0933244385923370
2.40240000,-0.0879283792678010
2.40630000,-0.0833369628785828
2.41020000,-0.0795936948676352
2.41410000,-0.0767060798378091
2.41800000,-0.0746297609941501
2.42190000,-0.0733088133402958
2.42580000,-0.0726587397664730
2.42970000,-0.0725750014980698
2.43360000,-0.0729296588520945
2.43750000,-0.0735804757696510
2.44140000,-0.0743787515776939
2.44530000,-0.0751983659467874
2.44930000,-0.0759391323473340
2.45320000,-0.0765355488863951
2.45710000,-0.0770195546025784
2.46100000,-0.0775204593679046
2.46490000,-0.0782400088617402
2.46880000,-0.0794319020840466
2.47270000,-0.0813384881161027
2.47660000,-0.0841298897281236
2.48050000,-0.0878525200804746
2.48440000,-0.0923929472290553
2.48830000,-0.0974723550744715
2.49220000,-0.1026765141818883
2.49610000,-0.1075230072987105
2.50000000,-0.1115495214974761
2.50390000,-0.1143961392884553
2.50780000,-0.1158466658226039
2.51180000,-0.1158478342633196
2.51570000,-0.1145023378760981
2.51960000,-0.1120222919381432
2.52350000,-0.1086895492373668
2.52740000,-0.1048127329587192
2.53130000,-0.1006817712401447
2.53520000,-0.0965520516255709
2.53910000,-0.0926413616849214
2.54300000,-0.0891283962017155
2.54690000,-0.0861481922428666
2.55080000,-0.0837794595618819
2.55470000,-0.0820416189677395
2.55860000,-0.0808923805306384
2.56250000,-0.0802273938260628
2.56640000,-0.0798855805440445
2.57030000,-0.0796269060722542
2.57430000,-0.0791635119195906
2.57820000,-0.0782037595761284
2.58210000,-0.0764346076605146
2.58600000,-0.0735623061393152
2.58990000,-0.0693503568965495
2.59380000,-0.0636191805747845
2.59770000,-0.0562851280352697
2.60160000,-0.0473893601769314
2.60550000,-0.0371124427825342
2.60940000,-0.0257921887128728
2.61330000,-0.0138956460040332
2.61720000,-0.0020047354123624
2.62110000,0.0092700068857825
2.62500000,0.0193882555341534
2.62890000,0.0279022459649338
2.63280000,0.0346686429104880
2.63680000,0.0397040869738121
2.64070000,0.0430108285801623
2.64460000,0.0448759291108973
2.64850000,0.0456661041324466
2.65240000,0.0456171206158020
2.65630000,0.0449485210267604
2.66020000,0.0437798454831891
2.66410000,0.0421512622692534
2.66800000,0.0400844693118903
2.67190000,0.0376132113513058
2.67580000,0.0348516814053142
2.67970000,0.0320024238590314
2.68360000,0.0293680566675577
2.68750000,0.0273307864062802
2.69140000,0.0262789891237957
2.69530000,0.0266181532784485
2.69930000,0.0286491296568297
2.70320000,0.0324655353797123
2.70710000,0.0380808958781224
2.71100000,0.0453608419736002
2.71490000,0.0539668555176626
2.71880000,0.0634544212764343
2.72270000,0.0733013156054641
2.72660000,0.0829894799272760
2.73050000,0.0920957539436105
2.73440000,0.1003346133745012
2.73830000,0.1075911327634372
2.74220000,0.1138828796721587
2.74610000,0.1193198896080564
2.75000000,0.1240431241351434
2.75390000,0.1281295986443844
2.75780000,0.1316656671339085
2.76180000,0.1346692616303426
2.76570000,0.1370428742199887
2.76960000,0.1388292422741404
2.77350000,0.1401510121302274
2.77740000,0.1411273642255613
2.78130000,0.1419742364575940
2.78520000,0.1429622068820150
2.78910000,0.1444033647737391
2.79300000,0.1466231739241263
2.79690000,0.1498740341554563
2.80080000,0.1542952350561362
2.80470000,0.1598368004364669
2.80860000,0.1662709432271777
2.81250000,0.1732336952939250
2.81640000,0.1802188799361243
2.82030000,0.1868433050870851
2.82430000,0.1927471351083536
2.82820000,0.1974852349810036
2.83210000,0.2009629732045945
2.83600000,0.2032737858015850
2.83990000,0.2045033039124154
2.84380000,0.2048724207607923
2.84770000,0.2046173996589263
2.85160000,0.2039501909610586
2.85550000,0.2030336078094365
2.85940000,0.2019357890324634
2.86330000,0.2006436229409854
2.86720000,0.1990988603904705
2.87110000,0.1972486337643399
2.87500000,0.1950860181667307
2.87890000,0.1926905288204285
2.88280000,0.1901307258429046
2.88680000,0.1875005637856844
2.89070000,0.1849610213718159
2.89460000,0.1825575116463054
2.89850000,0.1802853865930733
2.90240000,0.1781618637489934
2.90630000,0.1761472191887159
2.91020000,0.1741788392516290
2.91410000,0.1721780113682360
2.91800000,0.1700539017571572
2.92190000,0.1677328131848672
2.92580000,0.1651590140575659
2.92970000,0.1623285590259002
2.93360000,0.1592884735455306
2.93750000,0.1561238590400819
2.94140000,0.1529669370308494
2.94530000,0.1498796778394801
2.94930000,0.1469193111302457
2.95320000,0.1442039189934715
2.95710000,0.1416974400534357
2.96100000,0.1392662728416686
2.96490000,0.1367603961023630
2.96880000,0.1339569075160432
2.97270000,0.1306540883808722
2.97660000,0.1267230502680557
2.98050000,0.1221285456137515
2.98440000,0.1169557665078901
2.98830000,0.1113851195750866
2.99220000,0.1056844846196498
2.99610000,0.1001472138636132
3.00000000,0.0950237776416052
3.00390000,0.0905065805996667
3.00780000,0.0865944250794444
3.01180000,0.0831884910316214
3.01570000,0.0802052184722024
3.01960000,0.0773843369703185
3.02350000,0.0744315349563565
3.02740000,0.0711739216437944
3.03130000,0.0675023973309350
3.03520000,0.0634283327399683
3.03910000,0.0590554445806684
3.04300000,0.0545198975866864
3.04690000,0.0499651665074136
3.05080000,0.0455002451633744
3.05470000,0.0412102313179160
3.05860000,0.0371475436321128
3.06250000,0.0333373368336633
3.06640000,0.0298296223418420
3.07030000,0.0266297721270140
3.07430000,0.0237904867526191
3.07820000,0.0214767090586170
3.08210000,0.0197452504698473
3.08600000,0.0186092760951726
3.08990000,0.0181268025473314
3.09380000,0.0183310187130220
3.09770000,0.0192723737595047
3.10160000,0.0210093066231432
3.10550000,0.0235928063575363
3.10940000,0.0270544615428621
3.11330000,0.0314090227960213
3.11720000,0.0366162800860253
3.12110000,0.0425942739800207
3.12500000,0.0492333976053141
3.12890000,0.0563211051278315
3.13280000,0.0637889701669108
3.13680000,0.0715051065657419
3.14070000,0.0790757173872426
3.14460000,0.0863705793895211
3.14850000,0.0933359491722579
3.15240000,0.0997885106013035
3.15630000,0.1056445267107371
3.16020000,0.1108187107287257
3.16410000,0.1152312852181499
3.16800000,0.1188441018187636
3.17190000,0.1216509885502169
3.17580000,0.1237170626670059
3.17970000,0.1251610642534670
3.18360000,0.1261451167665608
3.18750000,0.1268528143710350
3.19140000,0.1274572631769608
3.19530000,0.1281206441192638
3.19930000,0.1289530588852631
3.20320000,0.1299855744785549
3.20710000,0.1312238342678259
3.21100000,0.1326483746415166
3.21490000,0.1342106482358545
3.21880000,0.1358525926525202
3.22270000,0.1374918739249399
3.22660000,0.1390194762082901
3.23050000,0.1403021423283907
3.23440000,0.1411947820723423
3.23830000,0.1415298414451930
3.24220000,0.1411462895361255
3.24610000,0.1398902553741442
3.25000000,0.1376311250026063
3.25390000,0.1343464732711642
3.25780000,0.1299539128032308
3.26180000,0.1244694681549846
3.26570000,0.1181552858069855
3.26960000,0.1111291489415881
3.27350000,0.1035000001649905
3.27740000,0.0955059144473623
3.28130000,0.0873148664444441
3.28520000,0.0790790852571889
3.28910000,0.0709264251223108
3.29300000,0.0629437400897412
3.29690000,0.0552133195400016
3.30080000,0.0477761330909572
3.30470000,0.0406618061991572
3.30860000,0.0338630843171421
3.31250000,0.0273299232040462
3.31640000,0.0210532145955333
3.32030000,0.0148819529633035
3.32430000,0.0087240088354839
3.32820000,0.0027346314340090
3.33210000,-0.0031044085378860
3.33600000,-0.0088186566035649
3.33990000,-0.0142753391347510
3.34380000,-0.0194002922223723
3.34770000,-0.0241233692264728
3.35160000,-0.0284022015261574
3.35550000,-0.0322469077857070
3.35940000,-0.0356826822927703
3.36330000,-0.0387652018235696
3.36720000,-0.0415516115610807
3.37110000,-0.0441113344542651
3.37500000,-0.0465303652798097
3.37890000,-0.0488744862230043
3.38280000,-0.0512613541306218
3.38680000,-0.0537581976421066
3.39070000,-0.0562837071366962
3.39460000,-0.0587782888775578
3.39850000,-0.0611324212012752
3.40240000,-0.0631250780043745
3.40630000,-0.0645280357327733
3.41020000,-0.0651053327809964
3.41410000,-0.0646565813529573
3.41800000,-0.0630595714879994
3.42190000,-0.0602940951581139
3.42580000,-0.0564240645542315
3.42970000,-0.0515929928512667
3.43360000,-0.0459636690661195
3.43750000,-0.0396747832771018
3.44140000,-0.0329153804434352
3.44530000,-0.0257166136298405
3.44930000,-0.0181876343589598
3.45320000,-0.0107380456227516
3.45710000,-0.0035926870459973
3.46100000,0.0030339595707171
3.46490000,0.0087746575278958
3.46880000,0.0133758004931754
3.47270000,0.0166425321212588
3.47660000,0.0184583697119078
3.48050000,0.0187973451591593
3.48440000,0.0176972457921434
3.48830000,0.0152448884737125
3.49220000,0.0115776800846065
3.49610000,0.0068432403616692
3.50000000,0.0011731335341264
3.50390000,-0.0052256333944528
3.50780000,-0.0122954409356135
3.51180000,-0.0198911121400511
3.51570000,-0.0275655916083111
3.51960000,-0.0351149128498215
3.52350000,-0.0423985213375456
3.52740000,-0.0491511346578255
3.53130000,-0.0552512933139924
3.53520000,-0.0606428524199679
3.53910000,-0.0653408488379784
3.54300000,-0.0694310887996023
3.54690000,-0.0730032005242905
3.55080000,-0.0761435014867303
3.55470000,-0.0789000947981441
3.55860000,-0.0812808042379923
3.56250000,-0.0832521327166287
3.56640000,-0.0847372626445619
3.57030000,-0.0856477923718071
3.57430000,-0.0858953393379110
3.57820000,-0.0854096663840961
3.58210000,-0.0841923464933678
3.58600000,-0.0823080451594675
3.58990000,-0.0798598873893921
3.59380000,-0.0769861189949641
3.59770000,-0.0738382463785983
3.60160000,-0.0705680710470042
3.60550000,-0.0673159907866901
3.60940000,-0.0641998973495991
3.61330000,-0.0613070291809033
3.61720000,-0.0586967565360835
3.62110000,-0.0563998654908816
3.62500000,-0.0544178611307512
3.62890000,-0.0527353219430127
3.63280000,-0.0512919978578380
3.63680000,-0.0500244889304356
3.64070000,-0.0489096566383326
3.64460000,-0.0479048236005499
3.64850000,-0.0469825292940341
3.65240000,-0.0461642847434828
3.65630000,-0.0454952647744522
3.66020000,-0.0450601872161541
3.66410000,-0.0449760526844448
3.66800000,-0.0453730051573977
3.67190000,-0.0463648302323447
3.67580000,-0.0480321861801918
3.67970000,-0.0503884739867189
3.68360000,-0.0533821631170238
3.68750000,-0.0569036298537548
3.69140000,-0.0607492630715608
3.69530000,-0.0647759784325924
3.69930000,-0.0688125630738375
3.70320000,-0.0725716821921856
3.70710000,-0.0759457915175281
3.71100000,-0.0788957100577344
3.71490000,-0.0813338818350875
3.71880000,-0.0832641639617835
3.72270000,-0.0847398034508955
3.72660000,-0.0858663923581878
3.73050000,-0.0868010783438760
3.73440000,-0.0877086347602857
3.73830000,-0.0887627739754907
3.74220000,-0.0901075853666705
3.74610000,-0.0918491494555471
3.75000000,-0.0940382349664030
3.75390000,-0.0966176558162538
3.75780000,-0.0995206467584233
3.76180000,-0.1025860733486652
3.76570000,-0.1054834333060487
3.76960000,-0.1079479495333937
3.77350000,-0.1097252634810255
3.77740000,-0.1105235136677407
3.78130000,-0.1101517437954753
3.78520000,-0.1085079647088223
3.78910000,-0.1055886732801583
3.79300000,-0.1014874674117187
3.79690000,-0.0963790457546092
3.80080000,-0.0905025532808410
3.80470000,-0.0841552848762819
3.80860000,-0.0776501716809262
3.81250000,-0.0712745261580123
3.81640000,-0.0653149620910904
3.82030000,-0.0598897808768461
3.82430000,-0.0550637802038007
3.82820000,-0.0509687695792991
3.83210000,-0.0475011089813766
3.83600000,-0.0444840589354268
3.83990000,-0.0418406544507181
3.84380000,-0.0394760641944780
3.84770000,-0.0373395736168426
3.85160000,-0.0354176808851894
3.85550000,-0.0337278040170979
3.85940000,-0.0323406832566752
3.86330000,-0.0313831233965794
3.86720000,-0.0310148794794973
3.87110000,-0.0314070231063060
3.87500000,-0.0327096334317663
3.87890000,-0.0349683230481733
3.88280000,-0.0382304293106468
3.88680000,-0.0424159034982463
3.89070000,-0.0472135124614158
3.89460000,-0.0524009326620368
3.89850000,-0.0577742309824297
3.90240000,-0.0630647200693603
3.90630000,-0.0680903268831682
3.91020000,-0.0727126824449032
3.91410000,-0.0768448631494833
3.91800000,-0.0804596336302996
3.92190000,-0.0835576403631995
3.92580000,-0.0861549600873886
3.92970000,-0.0882566116753573
3.93360000,-0.0898534518935513
3.93750000,-0.0909332927952864
3.94140000,-0.0915006998012292
3.94530000,-0.0915766683454353
3.94930000,-0.0912054040895702
3.95320000,-0.0904574334954127
3.95710000,-0.0894030144799365
3.96100000,-0.0881178048841180
3.96490000,-0.0866861325750838
3.96880000,-0.0851832265803732
3.97270000,-0.0836762795310024
3.97660000,-0.0822273519943169
3.98050000,-0.0808956336363427
3.98440000,-0.0797354152223195
3.98830000,-0.0787863546731078
3.99220000,-0.0780669710758122
3.99610000,-0.0775742993844201
4.00000000,-0.0772875057826859
4.00390000,-0.0771676712628587
4.00780000,-0.0771529949474569
4.01180000,-0.0771573634800135
4.01570000,-0.0770804936580324
4.01960000,-0.0768272948213624
4.02350000,-0.0763233112919504
4.02740000,-0.0755207126821227
4.03130000,-0.0743983519742652
4.03520000,-0.0729641148874294
4.03910000,-0.0712596320405887
4.04300000,-0.0693586845186176
4.04690000,-0.0673579170702597
4.05080000,-0.0653517043591112
4.05470000,-0.0634192620504014
4.05860000,-0.0616063582660091
4.06250000,-0.0599161632766516
4.06640000,-0.0583287503280995
4.07030000,-0.0567599040262293
4.07430000,-0.0551283530153930
4.07820000,-0.0534232963401513
4.08210000,-0.0516055957544937
4.08600000,-0.0496484182571858
4.08990000,-0.0475694505315696
4.09380000,-0.0453643322726244
4.09770000,-0.0430212648910232
4.10160000,-0.0405199985133046
4.10550000,-0.0378257432991932
4.10940000,-0.0349030108452975
4.11330000,-0.0317078514490937
4.11720000,-0.0282237284170418
4.12110000,-0.0244718292266231
4.12500000,-0.0205209279827970
4.12890000,-0.0165328385944570
4.13280000,-0.0126421225612810
4.13680000,-0.0090460606735871
4.14070000,-0.0060795732771640
4.14460000,-0.0039336982302548
4.14850000,-0.0027154082570289
4.15240000,-0.0025255679017998
4.15630000,-0.0033428000666560
4.16020000,-0.0050780782053413
4.16410000,-0.0075835634608756
4.16800000,-0.0106526183293541
4.17190000,-0.0140477924583962
4.17580000,-0.0175147810651047
4.17970000,-0.0208168327677614
4.18360000,-0.0237568208957250
4.18750000,-0.0261863208474703
4.19140000,-0.0279989892374972
4.19530000,-0.0291344128462399
4.19930000,-0.0295653113703705
4.20320000,-0.0292847696373034
4.20710000,-0.0283242807382716
4.21100000,-0.0267402576408563
4.21490000,-0.0246050543359402
4.21880000,-0.0220232815406698
4.22270000,-0.0191300221299233
4.22660000,-0.0160850361537192
4.23050000,-0.0130629780271687
4.23440000,-0.0102404535024831
4.23830000,-0.0077938841129766
4.24220000,-0.0058828917916772
4.24610000,-0.0046327026158056
4.25000000,-0.0041101731385295
4.25390000,-0.0042936662302298
4.25780000,-0.0051123596577700
4.26180000,-0.0064297862158897
4.26570000,-0.0080369735765672
4.26960000,-0.0097611748738507
4.27350000,-0.0114621110970498
4.27740000,-0.0130250392508599
4.28130000,-0.0144165266290658
4.28520000,-0.0156693546378814
4.28910000,-0.0168664279186994
4.29300000,-0.0181219670702357
4.29690000,-0.0195500279876047
4.30080000,-0.0212514489511966
4.30470000,-0.0232779590203960
4.30860000,-0.0256187714169176
4.31250000,-0.0281972866687963
4.31640000,-0.0308573062701573
4.32030000,-0.0334564286539579
4.32430000,-0.0358245505053339
4.32820000,-0.0377177074835377
4.33210000,-0.0389783849541435
4.33600000,-0.0394857482346341
4.33990000,-0.0391082525124086
4.34380000,-0.0377845293269762
4.34770000,-0.0355031615299703
4.35160000,-0.0323009680624086
4.35550000,-0.0282541869716080
4.35940000,-0.0234674031651067
4.36330000,-0.0180464870162510
4.36720000,-0.0121102766501913
4.37110000,-0.0057692428750301
4.37500000,0.0008718349481564
4.37890000,0.0076164219045240
4.38280000,0.0143782577834491
4.38680000,0.0210079698956755
4.39070000,0.0271410075515150
4.39460000,0.0326733678171975
4.39850000,0.0375808937887722
4.40240000,0.0417229290654295
4.40630000,0.0450534481027748
4.41020000,0.0475530976412674
4.41410000,0.0492447792513181
4.41800000,0.0502056659782109
4.42190000,0.0505266427967781
4.42580000,0.0503087884357401
4.42970000,0.0496466569110256
4.43360000,0.0486164604331798
4.43750000,0.0472671126026660
4.44140000,0.0456459877652372
4.44530000,0.0437541213403558
4.44930000,0.0416207964417777
4.45320000,0.0393684199444671
4.45710000,0.0370751223247740
4.46100000,0.0348195620059783
4.46490000,0.0327311303768194
4.46880000,0.0309293798760987
4.47270000,0.0295456785642437
4.47660000,0.0287099678626913
4.48050000,0.0285278269392238
4.48440000,0.0290617344345131
4.48830000,0.0303234657951899
4.49220000,0.0322601392000692
4.49610000,0.0347723731535283
4.50000000,0.0377374442718028
4.50390000,0.0409914579385605
4.50780000,0.0444730192425915
4.51180000,0.0481327470940345
4.51570000,0.0518320987961736
4.51960000,0.0555896475223447
4.52350000,0.0594667400807106
4.52740000,0.0634489543785410
4.53130000,0.0675509004202536
4.53520000,0.0717559501949059
4.53910000,0.0760041552834549
4.54300000,0.0801939380460838
4.54690000,0.0841750371173517
4.55080000,0.0877765536478183
4.55470000,0.0908288917523628
4.55860000,0.0931825399270242
4.56250000,0.0947195063089514
4.56640000,0.0953747716416494
4.57030000,0.0951135963359007
4.57430000,0.0939611949996820
4.57820000,0.0920235278791207
4.58210000,0.0894076905250737
4.58600000,0.0862398283157885
4.58990000,0.0826852357469643
4.59380000,0.0789006905007702
4.59770000,0.0750263733209438
4.60160000,0.0711682384517150
4.60550000,0.0673896647233569
4.60940000,0.0637296996287850
4.61330000,0.0601977366762833
4.61720000,0.0567884787038096
4.62110000,0.0534657616437063
4.62500000,0.0501615236141904
4.62890000,0.0468337497938051
4.63280000,0.0433761037133407
4.63680000,0.0397258654239175
4.64070000,0.0359555776493420
4.64460000,0.0320305443755011
4.64850000,0.0279019668181341
4.65240000,0.0236074951630738
4.65630000,0.0191600992226568
4.66020000,0.0145884253051632
4.66410000,0.0099338131751301
4.66800000,0.0052395496859763
4.67190000,0.0005642543039101
4.67580000,-0.0040619391543612
4.67970000,-0.0086328114700301
4.68360000,-0.0131745277184959
4.68750000,-0.0177188727346391
4.69140000,-0.0222177121921801
4.69530000,-0.0266588691807994
4.69930000,-0.0309601912433702
4.70320000,-0.0348848659063127
4.70710000,-0.0383465284959282
4.71100000,-0.0413027909885945
4.71490000,-0.0436329538830413
4.71880000,-0.0452573472721094
4.72270000,-0.0460843779139118
4.72660000,-0.0460162043501057
4.73050000,-0.0449623936723689
4.73440000,-0.0428500079996013
4.73830000,-0.0396272850480570
4.74220000,-0.0352995945169313
4.74610000,-0.0299103824435087
4.75000000,-0.0235354855402627
4.75390000,-0.0163972018964694
4.75780000,-0.0086335134875354
4.76180000,-0.0005248909562953
4.76570000,0.0073315071695629
4.76960000,0.0146465822084500
4.77350000,0.0212777202994914
4.77740000,0.0270163713708905
4.78130000,0.0318271535859334
4.78520000,0.0357248829032168
4.78910000,0.0387615921786574
4.79300000,0.0410341687680176
4.79690000,0.0426383284075114
4.80080000,0.0436874503268580
4.80470000,0.0442973054096975
4.80860000,0.0445976986685021
4.81250000,0.0447333590813097
4.81640000,0.0448470206712525
4.82030000,0.0450840932941809
4.82430000,0.0455638673217756
4.82820000,0.0463584049404046
4.83210000,0.0475216015600707
4.83600000,0.0490590275904371
4.83990000,0.0508973756575969
4.84380000,0.0528985408342538
4.84770000,0.0548713277242211
4.85160000,0.0566047716346525
4.85550000,0.0579025630995730
4.85940000,0.0586122544472590
4.86330000,0.0586362790898307
4.86720000,0.0579507490066966
4.87110000,0.0565975616873342
4.87500000,0.0546705625055634
4.87890000,0.0523297891163814
4.88280000,0.0496988295772504
4.88680000,0.0469236919506413
4.89070000,0.0442287564181653
4.89460000,0.0417172962201761
4.89850000,0.0394322925613150
4.90240000,0.0374341626422513
4.90630000,0.0357338482360480
4.91020000,0.0343443095531770
4.91410000,0.0332843648944953
4.91800000,0.0325629092575732
4.92190000,0.0321752912633909
4.92580000,0.0320938102673923
4.92970000,0.0322758245257649
4.93360000,0.0326758669945373
4.93750000,0.0332528375790408
4.94140000,0.0339593867722813
4.94530000,0.0347702183654651
4.94930000,0.0356597617616895
4.95320000,0.0365817363839007
4.95710000,0.0375336954652127
4.96100000,0.0385277833053127
4.96490000,0.0395587011350558
4.96880000,0.0406249773560297
4.97270000,0.0417075315527334
4.97660000,0.0427569154437148
4.98050000,0.0436862352819905
4.98440000,0.0443804384052723
4.98830000,0.0447149274731569
4.99220000,0.0445899533282630
4.99610000,0.0439362549425938
5.00000000,0.0427132422537529
5.00390000,0.0409427729627760
5.00780000,0.0386349983861509
5.01180000,0.0358761220151001
5.01570000,0.0328999466650914
5.01960000,0.0298838622504575
5.02350000,0.0269905439840612
5.02740000,0.0244156742183011
5.03130000,0.0222823780708757
5.03520000,0.0206605909012568
5.03910000,0.0195580709464384
5.04300000,0.0189148357153062
5.04690000,0.0186299485803725
5.05080000,0.0185663920861924
5.05470000,0.0185762919125480
5.05860000,0.0185034245476383
5.06250000,0.0181922153182610
5.06640000,0.0175255976569904
5.07030000,0.0163930976259795
5.07430000,0.0147441616776772
5.07820000,0.0126236750054878
5.08210000,0.0100514379002722
5.08600000,0.0070646502561859
5.08990000,0.0037704590732827
5.09380000,0.0002986718445923
5.09770000,-0.0031889876131877
5.10160000,-0.0065208900032674
5.10550000,-0.0095412276158221
5.10940000,-0.0121219966840742
5.11330000,-0.0141781529689298
5.11720000,-0.0156747580464262
5.12110000,-0.0166230550345799
5.12500000,-0.0170655633497203
5.12890000,-0.0170655792157176
5.13280000,-0.0166704819859468
5.13680000,-0.0159290728159974
5.14070000,-0.0149142136939550
5.14460000,-0.0136721978417212
5.14850000,-0.0122387704351983
5.15240000,-0.0106596293291681
5.15630000,-0.0089762304200623
5.16020000,-0.0072456081289213
5.16410000,-0.0055405533121486
5.16800000,-0.0039368157037619
5.17190000,-0.0025021349727337
5.17580000,-0.0012941225172325
5.17970000,-0.0003634845143104
5.18360000,0.0002403950663887
5.18750000,0.0004739856830045
5.19140000,0.0003209874940643
5.19530000,-0.0002287981733598
5.19930000,-0.0011513206299832
5.20320000,-0.0023619784160790
5.20710000,-0.0037761896178129
5.21100000,-0.0052885506891752
5.21490000,-0.0067627637121970
5.21880000,-0.0080847251312445
5.22270000,-0.0091714243288034
5.22660000,-0.0099778344709664
5.23050000,-0.0104948548824796
5.23440000,-0.0107405163754534
5.23830000,-0.0107635291240286
5.24220000,-0.0106388693731890
5.24610000,-0.0104566336439656
5.25000000,-0.0103020882409182
5.25390000,-0.0102371138960157
5.25780000,-0.0103046804482207
5.26180000,-0.0105277639390464
5.26570000,-0.0109087740268617
5.26960000,-0.0114481428463731
5.27350000,-0.0121411918034599
5.27740000,-0.0129761209367733
5.28130000,-0.0139421469935278
5.28520000,-0.0150200086163445
5.28910000,-0.0161724431538949
5.29300000,-0.0173418991786871
5.29690000,-0.0184579395027425
5.30080000,-0.0194493373013196
5.30470000,-0.0202532370509508
5.30860000,-0.0208202616023444
5.31250000,-0.0211232514636335
5.31640000,-0.0211730082539997
5.32030000,-0.0210190731012318
5.32430000,-0.0207514142252605
5.32820000,-0.0204862301725657
5.33210000,-0.0203206489757242
5.33600000,-0.0203158913289342
5.33990000,-0.0204938545745964
5.34380000,-0.0208264663362700
5.34770000,-0.0212404158740486
5.35160000,-0.0216239550460159
5.35550000,-0.0218416112960544
5.35940000,-0.0217650735201494
5.36330000,-0.0212850452530670
5.36720000,-0.0203346367747897
5.37110000,-0.0188827189922689
5.37500000,-0.0169313489557640
5.37890000,-0.0145522850852477
5.38280000,-0.0117850736014782
5.38680000,-0.0087037134031290
5.39070000,-0.0054721502068330
5.39460000,-0.0021324087143808
5.39850000,0.0013091685094318
5.40240000,0.0047833495294646
5.40630000,0.0082357769649249
5.41020000,0.0115862261890758
5.41410000,0.0147385340852005
5.41800000,0.0176000983879712
5.42190000,0.0200817399400918
5.42580000,0.0221160415557573
5.42970000,0.0236613667754152
5.43360000,0.0247054115725765
5.43750000,0.0252615848798891
5.44140000,0.0253674703571605
5.44530000,0.0250754906440692
5.44930000,0.0244579538860458
5.45320000,0.0236055319224080
5.45710000,0.0225947267098450
5.46100000,0.0214816932189363
5.46490000,0.0203057501746510
5.46880000,0.0190874287794538
5.47270000,0.0178394319834294
5.47660000,0.0165696535344782
5.48050000,0.0152811751756802
5.48440000,0.0139789312149509
5.48830000,0.0126730477264185
5.49220000,0.0113860455950706
5.49610000,0.0101461457639650
5.50000000,0.0089771792950900
5.50390000,0.0078990079107678
5.50780000,0.0068993199299969
5.51180000,0.0059544147254069
5.51570000,0.0050459945516515
5.51960000,0.0041157604249128
5.52350000,0.0030953893271666
5.52740000,0.0019384609493736
5.53130000,0.0006100630896511
5.53520000,-0.0009021795693045
5.53910000,-0.0025916017952902
5.54300000,-0.0044365705200780
5.54690000,-0.0063904625792631
5.55080000,-0.0083860785331378
5.55470000,-0.0103289239074611
5.55860000,-0.0121159650604053
5.56250000,-0.0136523626727898
5.56640000,-0.0148430227206337
5.57030000,-0.0156534118102126
5.57430000,-0.0160630351615909
5.57820000,-0.0160361077853578
5.58210000,-0.0156196241123980
5.58600000,-0.0148885408261755
5.58990000,-0.0139035910029727
5.59380000,-0.0127418526712046
5.59770000,-0.0114760821352712
5.60160000,-0.0101721568804365
5.60550000,-0.0088872855123654
5.60940000,-0.0076644614886254
5.61330000,-0.0065331269501130
5.61720000,-0.0055111398928558
5.62110000,-0.0046068207540668
5.62500000,-0.0038209755196981
5.62890000,-0.0031507125243555
5.63280000,-0.0025857246920242
5.63680000,-0.0021159081201384
5.64070000,-0.0017339018825730
5.64460000,-0.0014278051020066
5.64850000,-0.0011865894121085
5.65240000,-0.0010017806929353
5.65630000,-0.0008652851604013
5.66020000,-0.0007700234070748
5.66410000,-0.0007094623639996
5.66800000,-0.0006773770448944
5.67190000,-0.0000000000000000
