Velocity, Vel [m/s]
1474,0
0.00000000,0.0000000000000000
0.00390000,-0.0004093619890554
0.00780000,-0.0003996115943783
0.01170000,-0.0004039897225939
0.01560000,-0.0004330937310046
0.01960000,-0.0004848248277081
0.02350000,-0.0005420282938493
0.02740000,-0.0005802750737807
0.03130000,-0.0005777855944887
0.03520000,-0.0005221045446692
0.03910000,-0.0004178672098656
0.04300000,-0.0002856128638698
0.04690000,-0.0001560166361175
0.05080000,-0.0000614051384534
0.05470000,-0.0000255753422468
0.05860000,-0.0000591185074958
0.06250000,-0.0001582082307036
0.06640000,-0.0003091908415341
0.07030000,-0.0004957150202318
0.07420000,-0.0007044392566964
0.07810000,-0.0009365415524659
0.08210000,-0.0012040935076813
0.08600000,-0.0015159199082139
0.08990000,-0.0018791486203306
0.09380000,-0.0022839642480442
0.09770000,-0.0026923541242023
0.10160000,-0.0030513258564195
0.10550000,-0.0033009957891659
0.10940000,-0.0033863121300911
0.11330000,-0.0032662671097116
0.11720000,-0.0029175106303922
0.12110000,-0.0023415943519928
0.12500000,-0.0015725850777785
0.12890000,-0.0006862066264841
0.13280000,0.0001970767356878
0.13670000,0.0009225691701579
0.14060000,0.0013244850094587
0.14460000,0.0012756166147785
0.14850000,0.0007463513766532
0.15240000,-0.0001653859722936
0.15630000,-0.0012334908638367
0.16020000,-0.0021470029421448
0.16410000,-0.0025849388399647
0.16800000,-0.0022829403794667
0.17190000,-0.0010824082748005
0.17580000,0.0010485503875628
0.17970000,0.0040215383831256
0.18360000,0.0076687144694668
0.18750000,0.0117786204696219
0.19140000,0.0161348092223716
0.19530000,0.0205286270389653
0.19920000,0.0247244115210078
0.20310000,0.0285307098969358
0.20710000,0.0317433775242413
0.21100000,0.0340988521141229
0.21490000,0.0354807540992637
0.21880000,0.0358876539397167
0.22270000,0.0353843389907327
0.22660000,0.0342047652231930
0.23050000,0.0327182044195160
0.23440000,0.0313896833741797
0.23830000,0.0307022286126259
0.24220000,0.0310339242000891
0.24610000,0.0325718816866031
0.25000000,0.0352455454170399
0.25390000,0.0387297119754057
0.25780000,0.0425053887408691
0.26170000,0.0459601549673646
0.26560000,0.0485640958971025
0.26960000,0.0499617150093897
0.27350000,0.0500101226651314
0.27740000,0.0488537989878075
0.28130000,0.0468302414097793
0.28520000,0.0443334451455080
0.28910000,0.0417295501336286
0.29300000,0.0392593701279699
0.29690000,0.0369630944862828
0.30080000,0.0346794256913186
0.30470000,0.0321444270068323
0.30860000,0.0290983801646773
0.31250000,0.0254051115884972
0.31640000,0.0211074418930791
0.32030000,0.0164302117922494
0.32420000,0.0117762368584737
0.32810000,0.0075388711904808
0.33210000,0.0041016331789402
0.33600000,0.0018407158349951
0.33990000,0.0008309331847475
0.34380000,0.0009174398746976
0.34770000,0.0018307703166220
0.35160000,0.0031254760203966
0.35550000,0.0042886181168844
0.35940000,0.0048247527174906
0.36330000,0.0043494788240034
0.36720000,0.0027015186350125
0.37110000,-0.0000203458181979
0.37500000,-0.0034721974238546
0.37890000,-0.0071671950284233
0.38280000,-0.0106075877596977
0.38670000,-0.0133921795997418
0.39060000,-0.0153361444840627
0.39460000,-0.0164684014409196
0.39850000,-0.0169689181132663
0.40240000,-0.0171539016212981
0.40630000,-0.0173210573592424
0.41020000,-0.0176115762421162
0.41410000,-0.0180059911593518
0.41800000,-0.0183518841227885
0.42190000,-0.0184613371023577
0.42580000,-0.0182158253928261
0.42970000,-0.0176222171708669
0.43360000,-0.0168189695760828
0.43750000,-0.0160171861010051
0.44140000,-0.0154198993568132
0.44530000,-0.0151511844379503
0.44920000,-0.0152241556175146
0.45310000,-0.0155916396849181
0.45710000,-0.0161915779457561
0.46100000,-0.0169827574014449
0.46490000,-0.0179967821980213
0.46880000,-0.0192901706651299
0.47270000,-0.0208777890848053
0.47660000,-0.0227138697403815
0.48050000,-0.0246783025601549
0.48440000,-0.0266041127386076
0.48830000,-0.0283262948324218
0.49220000,-0.0297287835555988
0.49610000,-0.0307704987266708
0.50000000,-0.0314799467523545
0.50390000,-0.0319128683496450
0.50780000,-0.0320996906989743
0.51170000,-0.0320221452853806
0.51560000,-0.0315879197070174
0.51960000,-0.0306891103498264
0.52350000,-0.0292707182149760
0.52740000,-0.0273064161793838
0.53130000,-0.0248393546940035
0.53520000,-0.0220018596146740
0.53910000,-0.0189634685006321
0.54300000,-0.0159019653898410
0.54690000,-0.0129642744048075
0.55080000,-0.0102489086968582
0.55470000,-0.0078200746133410
0.55860000,-0.0057507656723410
0.56250000,-0.0041481271743456
0.56640000,-0.0031711826459593
0.57030000,-0.0030097535821876
0.57420000,-0.0037977013112686
0.57810000,-0.0056333280280628
0.58210000,-0.0084436525724404
0.58600000,-0.0118844353363891
0.58990000,-0.0155527904612543
0.59380000,-0.0189815019522489
0.59770000,-0.0216568671119301
0.60160000,-0.0232004027551520
0.60550000,-0.0234028343168945
0.60940000,-0.0222557824256054
0.61330000,-0.0199508444635594
0.61720000,-0.0168282203356016
0.62110000,-0.0133205448828395
0.62500000,-0.0098702630373971
0.62890000,-0.0068566751252312
0.63280000,-0.0045420025890852
0.63670000,-0.0030475008638584
0.64060000,-0.0023575389004843
0.64460000,-0.0023424824651848
0.64850000,-0.0027958583944631
0.65240000,-0.0034813499528685
0.65630000,-0.0041866207665464
0.66020000,-0.0047689133066677
0.66410000,-0.0051776936770370
0.66800000,-0.0054516478270337
0.67190000,-0.0056937750313290
0.67580000,-0.0060328044255061
0.67970000,-0.0065787125248777
0.68360000,-0.0073776396345880
0.68750000,-0.0083825403000792
0.69140000,-0.0094517407996218
0.69530000,-0.0103855678316168
0.69920000,-0.0109941312115385
0.70310000,-0.0111572312881163
0.70710000,-0.0108829822175625
0.71100000,-0.0103375202863737
0.71490000,-0.0098170492421710
0.71880000,-0.0097131973207216
0.72270000,-0.0104473217250494
0.72660000,-0.0123726748638403
0.73050000,-0.0156966737234626
0.73440000,-0.0204307026925658
0.73830000,-0.0263818143271056
0.74220000,-0.0331816686741511
0.74610000,-0.0403480940347937
0.75000000,-0.0473553332542597
0.75390000,-0.0537167203195034
0.75780000,-0.0590524620243908
0.76170000,-0.0631105455605291
0.76560000,-0.0658100397004111
0.76960000,-0.0671790505816384
0.77350000,-0.0672866635585554
0.77740000,-0.0663075468803271
0.78130000,-0.0644650480102622
0.78520000,-0.0619725679768700
0.78910000,-0.0590603418700337
0.79300000,-0.0559523093565059
0.79690000,-0.0528733472077825
0.80080000,-0.0500669028940763
0.80470000,-0.0477848660569583
0.80860000,-0.0462976337811457
0.81250000,-0.0458473041552130
0.81640000,-0.0466255501060283
0.82030000,-0.0487325965554901
0.82420000,-0.0520734562710904
0.82810000,-0.0564999801062809
0.83210000,-0.0616863140685784
0.83600000,-0.0670491732323009
0.83990000,-0.0721737891532627
0.84380000,-0.0767462146028744
0.84770000,-0.0804527400975527
0.85160000,-0.0831557858515911
0.85550000,-0.0848265055405549
0.85940000,-0.0855326191477658
0.86330000,-0.0854319052670225
0.86720000,-0.0847272249055031
0.87110000,-0.0836646944739580
0.87500000,-0.0825035804542520
0.87890000,-0.0815059873140660
0.88280000,-0.0809121743952726
0.88670000,-0.0808859861686051
0.89060000,-0.0815021142040937
0.89460000,-0.0826687023838762
0.89850000,-0.0840763360049634
0.90240000,-0.0852915571512936
0.90630000,-0.0857784788066364
0.91020000,-0.0849427979344176
0.91410000,-0.0822568207807987
0.91800000,-0.0773440453287208
0.92190000,-0.0700786593891910
0.92580000,-0.0606673027249575
0.92970000,-0.0496756078968278
0.93360000,-0.0379905742016769
0.93750000,-0.0266978746386766
0.94140000,-0.0168922343957198
0.94530000,-0.0094495072699142
0.94920000,-0.0048093180809475
0.95310000,-0.0028226908499308
0.95710000,-0.0027317498036753
0.96100000,-0.0033021579770359
0.96490000,-0.0030738863574862
0.96880000,-0.0006854815366931
0.97270000,0.0048153413485208
0.97660000,0.0137599340415392
0.98050000,0.0257858102756245
0.98440000,0.0399264179560597
0.98830000,0.0548394674902070
0.99220000,0.0691033084086589
0.99610000,0.0815442296103444
1.00000000,0.0914647307888011
1.00390000,0.0987812693295576
1.00780000,0.1040011030912557
1.01170000,0.1079973922501504
1.01560000,0.1119029729624237
1.01960000,0.1167083289571212
1.02350000,0.1229255312110182
1.02740000,0.1308083795390264
1.03130000,0.1402310898010093
1.03520000,0.1506509093927478
1.03910000,0.1614184941682698
1.04300000,0.1719013476019815
1.04690000,0.1816443323344152
1.05080000,0.1904735425387046
1.05470000,0.1984610274403157
1.05860000,0.2058778625678400
1.06250000,0.2130390767824757
1.06640000,0.2202090116447378
1.07030000,0.2275233765575223
1.07420000,0.2348697530723233
1.07810000,0.2421155070458161
1.08210000,0.2489755618036521
1.08600000,0.2549175992497498
1.08990000,0.2597066171497164
1.09380000,0.2632649299425116
1.09770000,0.2654730362840143
1.10160000,0.2663449333045175
1.10550000,0.2659111499178098
1.10940000,0.2642149772967137
1.11330000,0.2613506623052381
1.11720000,0.2574742687800330
1.12110000,0.2528756116423405
1.12500000,0.2479959170969989
1.12890000,0.2434203954642121
1.13280000,0.2397903159729027
1.13670000,0.2376292029616635
1.14060000,0.2371866877816503
1.14460000,0.2382464373104693
1.14850000,0.2400235104261604
1.15240000,0.2412876731997503
1.15630000,0.2405230031039373
1.16020000,0.2361987561475733
1.16410000,0.2271294395098208
1.16800000,0.2127441299355606
1.17190000,0.1932313702918919
1.17580000,0.1694898467621176
1.17970000,0.1429514356539444
1.18360000,0.1152013321313646
1.18750000,0.0877239607716692
1.19140000,0.0615538501366554
1.19530000,0.0370822799355453
1.19920000,0.0143127844125379
1.20310000,-0.0076645674825706
1.20710000,-0.0297905033195726
1.21100000,-0.0521781825995882
1.21490000,-0.0754151454986769
1.21880000,-0.0998959476212245
1.22270000,-0.1252277042376367
1.22660000,-0.1510284476435858
1.23050000,-0.1768154190428178
1.23440000,-0.2021768501358615
1.23830000,-0.2269377449343770
1.24220000,-0.2510476574389929
1.24610000,-0.2746238008052518
1.25000000,-0.2977335859097863
1.25390000,-0.3203571269899637
1.25780000,-0.3423433542840023
1.26170000,-0.3631797463796432
1.26560000,-0.3825467151755734
1.26960000,-0.3998795786856398
1.27350000,-0.4140047414857911
1.27740000,-0.4244324565452691
1.28130000,-0.4309999289548728
1.28520000,-0.4334369345107091
1.28910000,-0.4318931103290178
1.29300000,-0.4266973504012750
1.29690000,-0.4183402281291651
1.30080000,-0.4074897849659576
1.30470000,-0.3949021282276420
1.30860000,-0.3814181178552140
1.31250000,-0.3679067136344381
1.31640000,-0.3551882593305064
1.32030000,-0.3439323181435458
1.32420000,-0.3346115999982336
1.32810000,-0.3272232234529300
1.33210000,-0.3213977287233032
1.33600000,-0.3165894507606614
1.33990000,-0.3118091998347428
1.34380000,-0.3059768395741030
1.34770000,-0.2983068223254023
1.35160000,-0.2883005546822526
1.35550000,-0.2759018699132350
1.35940000,-0.2614741309309150
1.36330000,-0.2456713969713372
1.36720000,-0.2293164187253195
1.37110000,-0.2131621861978895
1.37500000,-0.1977963261592253
1.37890000,-0.1835109361034954
1.38280000,-0.1702714784614062
1.38670000,-0.1579117957582402
1.39060000,-0.1458430832108990
1.39460000,-0.1335079715713842
1.39850000,-0.1208024748557024
1.40240000,-0.1073043384687452
1.40630000,-0.0926283859296039
1.41020000,-0.0767728432685891
1.41410000,-0.0597273893213501
1.41800000,-0.0416218624940749
1.42190000,-0.0227399067482802
1.42580000,-0.0035204601245124
1.42970000,0.0153792833213596
1.43360000,0.0331764490280750
1.43750000,0.0490483575887677
1.44140000,0.0622986742899867
1.44530000,0.0725048729860832
1.44920000,0.0795805351040840
1.45310000,0.0838336793374816
1.45710000,0.0858125916218261
1.46100000,0.0861113444501955
1.46490000,0.0853691169654493
1.46880000,0.0841241088322269
1.47270000,0.0827158652397128
1.47660000,0.0813538160084558
1.48050000,0.0801383305001377
1.48440000,0.0791226161399075
1.48830000,0.0783673440855196
1.49220000,0.0779491408238997
1.49610000,0.0779462277060554
1.50000000,0.0783856667160390
1.50390000,0.0792039776691573
1.50780000,0.0802432188708300
1.51170000,0.0812819219646305
1.51560000,0.0821023145774192
1.51960000,0.0825324195111250
1.52350000,0.0824914254902472
1.52740000,0.0820741140816859
1.53130000,0.0815731830182561
1.53520000,0.0814523188963402
1.53910000,0.0822984423678045
1.54300000,0.0847188474991738
1.54690000,0.0892292352641355
1.55080000,0.0961480329019992
1.55470000,0.1054883743461284
1.55860000,0.1169381616744987
1.56250000,0.1298531717016377
1.56640000,0.1433822201456159
1.57030000,0.1566232881088147
1.57420000,0.1686731592039276
1.57810000,0.1789937640011190
1.58210000,0.1872456054799184
1.58600000,0.1930887794298397
1.58990000,0.1967197924731014
1.59380000,0.1985998214864941
1.59770000,0.1991516157885762
1.60160000,0.1989377601329445
1.60550000,0.1984949629997455
1.60940000,0.1982865445139842
1.61330000,0.1986782199925461
1.61720000,0.1998634756569015
1.62110000,0.2018484647798911
1.62500000,0.2044297080618871
1.62890000,0.2072240444208396
1.63280000,0.2097353810123297
1.63670000,0.2114617709960921
1.64060000,0.2119760007934935
1.64460000,0.2110514603200968
1.64850000,0.2087533834192142
1.65240000,0.2053755911048765
1.65630000,0.2013967711270867
1.66020000,0.1973859447558005
1.66410000,0.1938413777203300
1.66800000,0.1911070849699588
1.67190000,0.1893333845390007
1.67580000,0.1884871706692298
1.67970000,0.1884051857004334
1.68360000,0.1888494046061464
1.68750000,0.1895684214488833
1.69140000,0.1903272875710744
1.69530000,0.1909151428954692
1.69920000,0.1911530195039238
1.70310000,0.1908542208217610
1.70710000,0.1898560782072687
1.71100000,0.1880647190490395
1.71490000,0.1854119464761070
1.71880000,0.1819130649156664
1.72270000,0.1777128106516256
1.72660000,0.1730469837870189
1.73050000,0.1682292584219277
1.73440000,0.1636069723178795
1.73830000,0.1595058012431452
1.74220000,0.1561856733493846
1.74610000,0.1537933505604499
1.75000000,0.1523404289172081
1.75390000,0.1516910203147682
1.75780000,0.1515728354002681
1.76170000,0.1516231950420252
1.76560000,0.1514155798019854
1.76960000,0.1505569606606147
1.77350000,0.1487821335918035
1.77740000,0.1459392318051184
1.78130000,0.1420354292283740
1.78520000,0.1372545395023939
1.78910000,0.1318918340225624
1.79300000,0.1263063807503652
1.79690000,0.1208497754668722
1.80080000,0.1158060496749083
1.80470000,0.1113709989370982
1.80860000,0.1076519651790203
1.81250000,0.1046880515907879
1.81640000,0.1024638352605136
1.82030000,0.1009181941968847
1.82420000,0.0999500440370857
1.82810000,0.0993944719225690
1.83210000,0.0990294362023293
1.83600000,0.0985987604914696
1.83990000,0.0978127626686626
1.84380000,0.0964086169558032
1.84770000,0.0942127818150178
1.85160000,0.0911603631746856
1.85550000,0.0873095261672078
1.85940000,0.0828233611299275
1.86330000,0.0779321128057343
1.86720000,0.0728943546840243
1.87110000,0.0679547318014553
1.87500000,0.0633247605703485
1.87890000,0.0591736312035746
1.88280000,0.0556375146491095
1.88670000,0.0528517778081046
1.89060000,0.0509370497309663
1.89460000,0.0500296994051724
1.89850000,0.0502893492632150
1.90240000,0.0517960703395356
1.90630000,0.0545426687095650
1.91020000,0.0584404676366091
1.91410000,0.0632835173780689
1.91800000,0.0687825228654540
1.92190000,0.0746027391862230
1.92580000,0.0803968209660801
1.92970000,0.0858363324198275
1.93360000,0.0906006633275536
1.93750000,0.0943886619148289
1.94140000,0.0969162833627272
1.94530000,0.0979475832761125
1.94920000,0.0973923315661919
1.95310000,0.0952497698642427
1.95710000,0.0917456902394857
1.96100000,0.0874267593336728
1.96490000,0.0828650574044345
1.96880000,0.0786488573056433
1.97270000,0.0753456894022931
1.97660000,0.0732454959837609
1.98050000,0.0723079225010527
1.98440000,0.0721420826909649
1.98830000,0.0720627098131547
1.99220000,0.0712744281933474
1.99610000,0.0689835388877307
2.00000000,0.0646040259537673
2.00390000,0.0578006961743593
2.00780000,0.0485028500370816
2.01170000,0.0370596972101523
2.01560000,0.0237175497242252
2.01960000,0.0089467732156521
2.02350000,-0.0062558221277104
2.02740000,-0.0214394215422023
2.03130000,-0.0363441175715732
2.03520000,-0.0505123452865213
2.03910000,-0.0637811593622346
2.04300000,-0.0761235761692572
2.04690000,-0.0876493397531481
2.05080000,-0.0986012225896012
2.05470000,-0.1092140151006605
2.05860000,-0.1197209333325469
2.06250000,-0.1302437039266199
2.06640000,-0.1407902484745675
2.07030000,-0.1512483699816556
2.07420000,-0.1612968629051666
2.07810000,-0.1707228487477709
2.08210000,-0.1792502349084933
2.08600000,-0.1863894126704102
2.08990000,-0.1920818324067853
2.09380000,-0.1965115716408828
2.09770000,-0.1998703187474987
2.10160000,-0.2025849034911779
2.10550000,-0.2051326377571376
2.10940000,-0.2079405953923308
2.11330000,-0.2113102934454935
2.11720000,-0.2153275055988518
2.12110000,-0.2198877094142244
2.12500000,-0.2247150595939969
2.12890000,-0.2294221469516123
2.13280000,-0.2335750664496890
2.13670000,-0.2367601097701499
2.14060000,-0.2386713068957507
2.14460000,-0.2391448006016647
2.14850000,-0.2381641171692696
2.15240000,-0.2358792813316325
2.15630000,-0.2325557262068767
2.16020000,-0.2285036334779817
2.16410000,-0.2240234390575707
2.16800000,-0.2193402088281148
2.17190000,-0.2145837781727805
2.17580000,-0.2098198286926259
2.17970000,-0.2051047163293722
2.18360000,-0.2005229111237045
2.18750000,-0.1961972974063880
2.19140000,-0.1922730482753713
2.19530000,-0.1888995737470121
2.19920000,-0.1862263393596585
2.20310000,-0.1843459487672365
2.20710000,-0.1832943362502324
2.21100000,-0.1830538307419315
2.21490000,-0.1834688666738588
2.21880000,-0.1842808801399378
2.22270000,-0.1851796001885848
2.22660000,-0.1858156691772857
2.23050000,-0.1858883383116888
2.23440000,-0.1852357496281601
2.23830000,-0.1839052512987902
2.24220000,-0.1821621433633359
2.24610000,-0.1804391781441844
2.25000000,-0.1792126719161479
2.25390000,-0.1789022156678561
2.25780000,-0.1797966741562555
2.26170000,-0.1819640658733186
2.26560000,-0.1853720963776428
2.26960000,-0.1897771978577679
2.27350000,-0.1946526083591228
2.27740000,-0.1995591940666952
2.28130000,-0.2041265164132498
2.28520000,-0.2080147749140733
2.28910000,-0.2110992958442955
2.29300000,-0.2134334822227464
2.29690000,-0.2152303691518158
2.30080000,-0.2168132085738408
2.30470000,-0.2185029670798434
2.30860000,-0.2205309618017991
2.31250000,-0.2229600276476399
2.31640000,-0.2256731984031129
2.32030000,-0.2284059876926605
2.32420000,-0.2307955790680178
2.32810000,-0.2324551072795307
2.33210000,-0.2330212125785647
2.33600000,-0.2322006426787030
2.33990000,-0.2298444150083122
2.34380000,-0.2259566870298270
2.34770000,-0.2206742427354394
2.35160000,-0.2142422689405288
2.35550000,-0.2069621228398283
2.35940000,-0.1991378482701376
2.36330000,-0.1910176826417312
2.36720000,-0.1827657271402423
2.37110000,-0.1744294452461166
2.37500000,-0.1660029892347570
2.37890000,-0.1574601164992529
2.38280000,-0.1488022251193160
2.38670000,-0.1401895000262089
2.39060000,-0.1316726359784657
2.39460000,-0.1233984616623487
2.39850000,-0.1157990252188670
2.40240000,-0.1089904396907035
2.40630000,-0.1029820807197209
2.41020000,-0.0979128696963248
2.41410000,-0.0937988073001350
2.41800000,-0.0906428291982336
2.42190000,-0.0884264210182055
2.42580000,-0.0870760919761062
2.42970000,-0.0864859393150238
2.43360000,-0.0864956312875078
2.43750000,-0.0869253095349797
2.44140000,-0.0876001281970803
2.44530000,-0.0883685550076711
2.44920000,-0.0891038370909972
2.45310000,-0.0897143964562192
2.45710000,-0.0901631998769887
2.46100000,-0.0904947370125377
2.46490000,-0.0908674630775902
2.46880000,-0.0915322747771089
2.47270000,-0.0927808527663765
2.47660000,-0.0948886811750166
2.48050000,-0.0980415642846589
2.48440000,-0.1022675548650292
2.48830000,-0.1073949408439065
2.49220000,-0.1130666723857445
2.49610000,-0.1187973561727670
2.50000000,-0.1240644568720118
2.50390000,-0.1283797531216669
2.50780000,-0.1313498476556044
2.51170000,-0.1327485126763146
2.51560000,-0.1324808796633367
2.51960000,-0.1306443284858652
2.52350000,-0.1275523491033501
2.52740000,-0.1235324444493184
2.53130000,-0.1189166041679883
2.53520000,-0.1140565932787665
2.53910000,-0.1092426359252916
2.54300000,-0.1047247450555852
2.54690000,-0.1007051845977002
2.55080000,-0.0973263185776727
2.55470000,-0.0946806255634394
2.55860000,-0.0927978056462224
2.56250000,-0.0916390377686720
2.56640000,-0.0910717022568972
2.57030000,-0.0908627374903989
2.57420000,-0.0907190904834696
2.57810000,-0.0902909267903950
2.58210000,-0.0892438594039861
2.58600000,-0.0872986405153840
2.58990000,-0.0841291361047372
2.59380000,-0.0794018179064629
2.59770000,-0.0728560245127964
2.60160000,-0.0643287922309828
2.60550000,-0.0538335677274775
2.60940000,-0.0415988730497091
2.61330000,-0.0280698980673566
2.61720000,-0.0138880827326917
2.62110000,0.0002003056039024
2.62500000,0.0134374746764289
2.62890000,0.0251805580322555
2.63280000,0.0349883882459706
2.63670000,0.0426107823820049
2.64060000,0.0481006308116355
2.64460000,0.0516702115086533
2.64850000,0.0535336731560826
2.65240000,0.0540946768080945
2.65630000,0.0537624094575925
2.66020000,0.0527696441463707
2.66410000,0.0512570572332754
2.66800000,0.0492475287597677
2.67190000,0.0467190643075044
2.67580000,0.0437051494141940
2.67970000,0.0403380953587574
2.68360000,0.0369034045730710
2.68750000,0.0337978885447255
2.69140000,0.0315006423630232
2.69530000,0.0305123189055028
2.69920000,0.0312198134282227
2.70310000,0.0339989582939019
2.70710000,0.0390262042892108
2.71100000,0.0461181081084366
2.71490000,0.0550803071019311
2.71880000,0.0655747834373249
2.72270000,0.0770052863177269
2.72660000,0.0887509112526303
2.73050000,0.1002032335689437
2.73440000,0.1108745894992604
2.73830000,0.1204803495690985
2.74220000,0.1289176538644661
2.74610000,0.1362425422546981
2.75000000,0.1425793837884755
2.75390000,0.1480651922248145
2.75780000,0.1528052249874082
2.76170000,0.1568205331824805
2.76560000,0.1601531737879664
2.76960000,0.1628221837011544
2.77350000,0.1647890007232606
2.77740000,0.1661803884716960
2.78130000,0.1672206361244632
2.78520000,0.1681442520084139
2.78910000,0.1692718565547105
2.79300000,0.1709480157241968
2.79690000,0.1734978590015686
2.80080000,0.1771775393462917
2.80470000,0.1820947436962859
2.80860000,0.1881914562902542
2.81250000,0.1952079074308433
2.81640000,0.2027254553231637
2.82030000,0.2102396689022717
2.82420000,0.2171977285175652
2.82810000,0.2232539077885355
2.83210000,0.2281848108708081
2.83600000,0.2317602692614554
2.83990000,0.2340591363481333
2.84380000,0.2352963556699421
2.84770000,0.2356463672485054
2.85160000,0.2353623294429562
2.85550000,0.2346697216972777
2.85940000,0.2337271234371838
2.86330000,0.2326141270464931
2.86720000,0.2313217816852581
2.87110000,0.2297936188331941
2.87500000,0.2279701857822696
2.87890000,0.2258226576481375
2.88280000,0.2233756948294391
2.88670000,0.2207454977155031
2.89060000,0.2180468837483435
2.89460000,0.2154186715141535
2.89850000,0.2130352797816241
2.90240000,0.2108990425903399
2.90630000,0.2089071437545545
2.91020000,0.2069559225676223
2.91410000,0.2049069989277839
2.91800000,0.2026513777297947
2.92190000,0.2001190968487211
2.92580000,0.1972682630773495
2.92970000,0.1940990984560264
2.93360000,0.1906403737433749
2.93750000,0.1869663681689927
2.94140000,0.1831780310808737
2.94530000,0.1793867643937042
2.94920000,0.1757369014909557
2.95310000,0.1722835811024681
2.95710000,0.1690505043665512
2.96100000,0.1660853006581027
2.96490000,0.1632355435707605
2.96880000,0.1602531523237999
2.97270000,0.1569273625768242
2.97660000,0.1530368696470757
2.98050000,0.1484361055887561
2.98440000,0.1430900730551790
2.98830000,0.1370839564872477
2.99220000,0.1306354571822810
2.99610000,0.1240319914039669
3.00000000,0.1175874734587942
3.00390000,0.1115617718767375
3.00780000,0.1061054641937276
3.01170000,0.1012837839429234
3.01560000,0.0969531708764137
3.01960000,0.0929017871734347
3.02350000,0.0890020422473084
3.02740000,0.0849949112451238
3.03130000,0.0806581147868496
3.03520000,0.0759586270462695
3.03910000,0.0709270565645450
3.04300000,0.0656756129734274
3.04690000,0.0603527340947152
3.05080000,0.0550956405929602
3.05470000,0.0500276788025257
3.05860000,0.0452293441094645
3.06250000,0.0407570795752961
3.06640000,0.0366535087983858
3.07030000,0.0329680997973694
3.07420000,0.0297893627257380
3.07810000,0.0271588546920714
3.08210000,0.0251049696823518
3.08600000,0.0236944021808936
3.08990000,0.0229136414168112
3.09380000,0.0227594415531905
3.09770000,0.0233094853377055
3.10160000,0.0246459879420902
3.10550000,0.0268572145600150
3.10940000,0.0300153359316857
3.11330000,0.0341609535895111
3.11720000,0.0392861837321993
3.12110000,0.0453493966114666
3.12500000,0.0522503303246551
3.12890000,0.0598640803598379
3.13280000,0.0680538087131436
3.13670000,0.0765611425004868
3.14060000,0.0852679454580453
3.14460000,0.0939787684456955
3.14850000,0.1022351544977610
3.15240000,0.1099275172216440
3.15630000,0.1170632778660719
3.16020000,0.1234928771019277
3.16410000,0.1291451497263680
3.16800000,0.1339287264680380
3.17190000,0.1377762905596286
3.17580000,0.1407072660851800
3.17970000,0.1428073500548838
3.18360000,0.1442456954810784
3.18750000,0.1452282834747167
3.19140000,0.1459695528668480
3.19530000,0.1466571652778254
3.19920000,0.1474159081043748
3.20310000,0.1483393827716618
3.20710000,0.1494813371624640
3.21100000,0.1508497461018504
3.21490000,0.1524692889010428
3.21880000,0.1543341819621205
3.22270000,0.1563671719180795
3.22660000,0.1584556662188181
3.23050000,0.1604646939672051
3.23440000,0.1622506023487026
3.23830000,0.1636489909728967
3.24220000,0.1644656396034480
3.24610000,0.1644549833395229
3.25000000,0.1633796121801299
3.25390000,0.1610388824059107
3.25780000,0.1573057086919214
3.26170000,0.1522397599431415
3.26560000,0.1458387462918313
3.26960000,0.1382323948178684
3.27350000,0.1298566066941899
3.27740000,0.1208910965795851
3.28130000,0.1114464794339723
3.28520000,0.1017813267748932
3.28910000,0.0920634218614143
3.29300000,0.0824631256199442
3.29690000,0.0731310425374403
3.30080000,0.0641501907518811
3.30470000,0.0555668684960609
3.30860000,0.0473515981940181
3.31250000,0.0394624546249868
3.31640000,0.0318396118329303
3.32030000,0.0244093720059908
3.32420000,0.0171798041067353
3.32810000,0.0100172708157331
3.33210000,0.0028639548502452
3.33600000,-0.0040593495132955
3.33990000,-0.0107508244272173
3.34380000,-0.0172314673520619
3.34770000,-0.0233461325772879
3.35160000,-0.0290155145951678
3.35550000,-0.0341760219967247
3.35940000,-0.0388063009540349
3.36330000,-0.0429498229014764
3.36720000,-0.0466641695333747
3.37110000,-0.0500359834688037
3.37500000,-0.0531478667880748
3.37890000,-0.0560958177066215
3.38280000,-0.0589925855107043
3.38670000,-0.0619071760349526
3.39060000,-0.0649344436372071
3.39460000,-0.0680607675800086
3.39850000,-0.0710573170870099
3.40240000,-0.0737222238022050
3.40630000,-0.0758236207089709
3.41020000,-0.0770500754655084
3.41410000,-0.0771584112768153
3.41800000,-0.0759731035677181
3.42190000,-0.0734154206681552
3.42580000,-0.0695123108230994
3.42970000,-0.0643802930791289
3.43360000,-0.0581815086920733
3.43750000,-0.0511192405133274
3.44140000,-0.0433890013251091
3.44530000,-0.0351553598871756
3.44920000,-0.0266588002579381
3.45310000,-0.0179864493155146
3.45710000,-0.0093364629758241
3.46100000,-0.0012474490580219
3.46490000,0.0059964007082982
3.46880000,0.0121919701978101
3.47270000,0.0170234453498553
3.47660000,0.0203289336346874
3.48050000,0.0219958457783761
3.48440000,0.0219674753769708
3.48830000,0.0202659283933343
3.49220000,0.0169757736171557
3.49610000,0.0122276513218838
3.50000000,0.0061996103475713
3.50390000,-0.0009215702407065
3.50780000,-0.0089499252730640
3.51170000,-0.0175728857969909
3.51560000,-0.0266319696777343
3.51960000,-0.0358671581081710
3.52350000,-0.0446939763680485
3.52740000,-0.0528880357918558
3.53130000,-0.0603714403880978
3.53520000,-0.0669730994372809
3.53910000,-0.0727249539769663
3.54300000,-0.0777206101067546
3.54690000,-0.0820755201862612
3.55080000,-0.0859034393562710
3.55470000,-0.0892528015522429
3.55860000,-0.0921360729097872
3.56250000,-0.0945328318577672
3.56640000,-0.0964028874772143
3.57030000,-0.0976841073732385
3.57420000,-0.0983022523051121
3.57810000,-0.0981729086450803
3.58210000,-0.0972479636684330
3.58600000,-0.0955561242845045
3.58990000,-0.0931651387300436
3.59380000,-0.0901950617858157
3.59770000,-0.0868258603423071
3.60160000,-0.0832559986124767
3.60550000,-0.0796796408303684
3.60940000,-0.0762561520707266
3.61330000,-0.0730944256055810
3.61720000,-0.0702638632582088
3.62110000,-0.0677999134099401
3.62500000,-0.0657075747744604
3.62890000,-0.0639450814610399
3.63280000,-0.0624214285341539
3.63670000,-0.0610357633321190
3.64060000,-0.0596828973202771
3.64460000,-0.0583126168427850
3.64850000,-0.0569625672446286
3.65240000,-0.0556714887461564
3.65630000,-0.0545007897957073
3.66020000,-0.0535624927285765
3.66410000,-0.0529822713074171
3.66800000,-0.0529025651820198
3.67190000,-0.0534649806583152
3.67580000,-0.0547890954064276
3.67970000,-0.0569449179291261
3.68360000,-0.0599355536028206
3.68750000,-0.0636622191636014
3.69140000,-0.0679390376328348
3.69530000,-0.0725295929788561
3.69920000,-0.0771422812851540
3.70310000,-0.0816030717194117
3.70710000,-0.0857507802650553
3.71100000,-0.0893252722237753
3.71490000,-0.0922684610245060
3.71880000,-0.0946189722470982
3.72270000,-0.0963917343600068
3.72660000,-0.0977014518530335
3.73050000,-0.0986920725240907
3.73440000,-0.0995277623939023
3.73830000,-0.1003985307293279
3.74220000,-0.1014843873384094
3.74610000,-0.1029562151175760
3.75000000,-0.1049248018446338
3.75390000,-0.1074284998144531
3.75780000,-0.1104255630755461
3.76170000,-0.1137510097958151
3.76560000,-0.1172299239419100
3.76960000,-0.1205881053660146
3.77350000,-0.1233880759652512
3.77740000,-0.1253164842077393
3.78130000,-0.1261386308702646
3.78520000,-0.1256304173107027
3.78910000,-0.1236971036898800
3.79300000,-0.1203369486433442
3.79690000,-0.1156520813949611
3.80080000,-0.1098561546538051
3.80470000,-0.1032482165632401
3.80860000,-0.0961672514130902
3.81250000,-0.0889550080044282
3.81640000,-0.0819055938943776
3.82030000,-0.0752413585078345
3.82420000,-0.0691651284001673
3.82810000,-0.0637163608442572
3.83210000,-0.0588983216037784
3.83600000,-0.0548033647436682
3.83990000,-0.0513113598272703
3.84380000,-0.0482427586650167
3.84770000,-0.0455188084271018
3.85160000,-0.0430468890211713
3.85550000,-0.0408037972922459
3.85940000,-0.0388507310480131
3.86330000,-0.0373223664775148
3.86720000,-0.0364077423889462
3.87110000,-0.0363091705875369
3.87500000,-0.0371850996166151
3.87890000,-0.0391387034962674
3.88280000,-0.0422118475146248
3.88670000,-0.0463039154003259
3.89060000,-0.0513397724456607
3.89460000,-0.0571098823045228
3.89850000,-0.0631451476714205
3.90240000,-0.0691646632990481
3.90630000,-0.0749702568858522
3.91020000,-0.0803149523884393
3.91410000,-0.0850964778683048
3.91800000,-0.0892823356621115
3.92190000,-0.0928907630786767
3.92580000,-0.0959666378311440
3.92970000,-0.0985247722888419
3.93360000,-0.1005558421520641
3.93750000,-0.1020372999376421
3.94140000,-0.1029612240709017
3.94530000,-0.1033490810232788
3.94920000,-0.1032588371520976
3.95310000,-0.1027499834045020
3.95710000,-0.1018951799468739
3.96100000,-0.1007959108049420
3.96490000,-0.0995216285918624
3.96880000,-0.0981268714940995
3.97270000,-0.0966758906603784
3.97660000,-0.0952255536267621
3.98050000,-0.0938400966973383
3.98440000,-0.0925837568794686
3.98830000,-0.0915040577735578
3.99220000,-0.0906263342433824
3.99610000,-0.0899582760705391
4.00000000,-0.0895047579726535
4.00390000,-0.0892707377820806
4.00780000,-0.0892449534357263
4.01170000,-0.0893753996787450
4.01560000,-0.0895651564228913
4.01960000,-0.0896847252630115
4.02350000,-0.0895951860637288
4.02740000,-0.0891801346173231
4.03130000,-0.0883625426605847
4.03520000,-0.0871189215479708
4.03910000,-0.0854881140007785
4.04300000,-0.0835575107940302
4.04690000,-0.0814367745665389
4.05080000,-0.0792292866718430
4.05470000,-0.0770196342008593
4.05860000,-0.0748643447073159
4.06250000,-0.0727996141505658
4.06640000,-0.0708273630149791
4.07030000,-0.0689053337048998
4.07420000,-0.0669802098984266
4.07810000,-0.0649409918655231
4.08210000,-0.0627109117219822
4.08600000,-0.0603245288456152
4.08990000,-0.0577730109861535
4.09380000,-0.0550493905596552
4.09770000,-0.0521928120904072
4.10160000,-0.0491991612854203
4.10550000,-0.0460364234289515
4.10940000,-0.0426432031133589
4.11330000,-0.0389407477297171
4.11720000,-0.0348838073543185
4.12110000,-0.0304767795319973
4.12500000,-0.0258023608309769
4.12890000,-0.0209991445539850
4.13280000,-0.0162395033802450
4.13670000,-0.0117599868173105
4.14060000,-0.0077521951190499
4.14460000,-0.0044428165719607
4.14850000,-0.0021490581879667
4.15240000,-0.0010106006046838
4.15630000,-0.0010549062190589
4.16020000,-0.0022868255681995
4.16410000,-0.0045895126852758
4.16800000,-0.0077739174949800
4.17190000,-0.0115904872313782
4.17580000,-0.0157472929201305
4.17970000,-0.0199618366864171
4.18360000,-0.0239807813125797
4.18750000,-0.0275978055563783
4.19140000,-0.0306435988347556
4.19530000,-0.0329766062036264
4.19920000,-0.0344892643810895
4.20310000,-0.0351047179072096
4.20710000,-0.0347990674790380
4.21100000,-0.0336142882061042
4.21490000,-0.0316258582229840
4.21880000,-0.0289481999683204
4.22270000,-0.0257408235081398
4.22660000,-0.0221883504551875
4.23050000,-0.0184950556295945
4.23440000,-0.0148773926407426
4.23830000,-0.0115603554063357
4.24220000,-0.0087657471351740
4.24610000,-0.0066893274861424
4.25000000,-0.0054572381058575
4.25390000,-0.0051025823862006
4.25780000,-0.0055637488779421
4.26170000,-0.0066831062124506
4.26560000,-0.0082903082562045
4.26960000,-0.0101819369107195
4.27350000,-0.0121051305173115
4.27740000,-0.0139108525146361
4.28130000,-0.0155359785592729
4.28520000,-0.0169617922213720
4.28910000,-0.0182537132260547
4.29300000,-0.0195155638494954
4.29690000,-0.0208712522310845
4.30080000,-0.0224532157025825
4.30470000,-0.0243668436913122
4.30860000,-0.0266711500763009
4.31250000,-0.0293447754730476
4.31640000,-0.0322923445813745
4.32030000,-0.0353656603222650
4.32420000,-0.0383612346598795
4.32810000,-0.0411026022222156
4.33210000,-0.0433898317837663
4.33600000,-0.0449546874581953
4.33990000,-0.0456224101884940
4.34380000,-0.0452724161708740
4.34770000,-0.0437935960526777
4.35160000,-0.0411556300425222
4.35550000,-0.0373860518923539
4.35940000,-0.0325687486084035
4.36330000,-0.0268309006954034
4.36720000,-0.0203226043431762
4.37110000,-0.0131799458196077
4.37500000,-0.0055488083413448
4.37890000,0.0024206882466929
4.38280000,0.0105644672134961
4.38670000,0.0186115637459810
4.39060000,0.0264351669835537
4.39460000,0.0338642871218795
4.39850000,0.0404989540121965
4.40240000,0.0462337991177236
4.40630000,0.0510661980780668
4.41020000,0.0548913104455423
4.41410000,0.0577320171190055
4.41800000,0.0596351398753939
4.42190000,0.0606655742314924
4.42580000,0.0609184349962360
4.42970000,0.0604904891090303
4.43360000,0.0594896743921873
4.43750000,0.0580199198561512
4.44140000,0.0561634893367993
4.44530000,0.0539761034584043
4.44920000,0.0515328512264755
4.45310000,0.0488655316012283
4.45710000,0.0460422488508771
4.46100000,0.0432373958984576
4.46490000,0.0405549637526833
4.46880000,0.0381082930256856
4.47270000,0.0360912298343129
4.47660000,0.0346713395372149
4.48050000,0.0339839134517233
4.48440000,0.0341055098815762
4.48830000,0.0350519413032736
4.49220000,0.0367965375987361
4.49610000,0.0392809833708467
4.50000000,0.0423960929039063
4.50390000,0.0459948161726942
4.50780000,0.0499216080763126
4.51170000,0.0539972367791449
4.51560000,0.0581840440753311
4.51960000,0.0624697773816991
4.52350000,0.0667401507460697
4.52740000,0.0710626393752841
4.53130000,0.0755450959140146
4.53520000,0.0801799488309467
4.53910000,0.0849500176580561
4.54300000,0.0897640048174423
4.54690000,0.0944757099938414
4.55080000,0.0989209785205866
4.55470000,0.1029204345270153
4.55860000,0.1062923053405091
4.56250000,0.1088638750526642
4.56640000,0.1104903161372851
4.57030000,0.1110794383254538
4.57420000,0.1106329605561782
4.57810000,0.1091736453150374
4.58210000,0.1067895553111701
4.58600000,0.1036773747737248
4.58990000,0.0999811305196761
4.59380000,0.0958408937597924
4.59770000,0.0914407392604204
4.60160000,0.0869230454417636
4.60550000,0.0824074688064525
4.60940000,0.0779882287511552
4.61330000,0.0737233660909138
4.61720000,0.0696407596209266
4.62110000,0.0657088632130555
4.62500000,0.0618637650444854
4.62890000,0.0580209729925087
4.63280000,0.0540995318902932
4.63670000,0.0500849165225614
4.64060000,0.0458872073394311
4.64460000,0.0414498292333637
4.64850000,0.0368632654129825
4.65240000,0.0320842910418292
4.65630000,0.0270575672403932
4.66020000,0.0218366506112573
4.66410000,0.0164469599237105
4.66800000,0.0109359147573797
4.67190000,0.0053639950059994
4.67580000,-0.0002248444750251
4.67970000,-0.0057979851549436
4.68360000,-0.0113642046553066
4.68750000,-0.0169259687611476
4.69140000,-0.0224611048538892
4.69530000,-0.0279109957116915
4.69920000,-0.0331370998994414
4.70310000,-0.0380803697167881
4.70710000,-0.0426486283975358
4.71100000,-0.0466009692734195
4.71490000,-0.0498501273840371
4.71880000,-0.0523489707197024
4.72270000,-0.0539698426039923
4.72660000,-0.0546328682605678
4.73050000,-0.0542452423469507
4.73440000,-0.0527073598428756
4.73830000,-0.0499349886635450
4.74220000,-0.0458781930191977
4.74610000,-0.0405215356686220
4.75000000,-0.0339231657547415
4.75390000,-0.0262022411232814
4.75780000,-0.0175483551955881
4.76170000,-0.0083476453365180
4.76560000,0.0011266241127500
4.76960000,0.0105064623393150
4.77350000,0.0191500362730139
4.77740000,0.0268351405321806
4.78130000,0.0335211283415049
4.78520000,0.0390705834913063
4.78910000,0.0435220239404371
4.79300000,0.0469557622025324
4.79690000,0.0494819016615106
4.80080000,0.0512463531448957
4.80470000,0.0523786107151709
4.80860000,0.0530240396787924
4.81250000,0.0533309031111919
4.81640000,0.0534602501819603
4.82030000,0.0535787931547341
4.82420000,0.0538346487623976
4.82810000,0.0543826732344121
4.83210000,0.0553397775465275
4.83600000,0.0567345987329488
4.83990000,0.0585526098865859
4.84380000,0.0606973034590419
4.84770000,0.0629759430311427
4.85160000,0.0651635611545390
4.85550000,0.0670252069323206
4.85940000,0.0683447729093152
4.86330000,0.0689505835320864
4.86720000,0.0687411692927738
4.87110000,0.0676972183735741
4.87500000,0.0658919896056911
4.87890000,0.0634622945890290
4.88280000,0.0605756761840973
4.88670000,0.0574435596035968
4.89060000,0.0542097266843469
4.89460000,0.0510224049634835
4.89850000,0.0480996720987349
4.90240000,0.0455078564347990
4.90630000,0.0432502387439231
4.91020000,0.0413732363636051
4.91410000,0.0398864336117856
4.91800000,0.0388002124791652
4.92190000,0.0381124610085220
4.92580000,0.0377945027348483
4.92970000,0.0378068633483942
4.93360000,0.0381026271496063
4.93750000,0.0386322184776307
4.94140000,0.0393440626003392
4.94530000,0.0401887161594196
4.94920000,0.0411146867950242
4.95310000,0.0421087690422260
4.95710000,0.0431633804384777
4.96100000,0.0442398232729186
4.96490000,0.0453405694893700
4.96880000,0.0464809305085567
4.97270000,0.0476537210082831
4.97660000,0.0488442467177490
4.98050000,0.0499948237435963
4.98440000,0.0509987330212313
4.98830000,0.0517184377003105
4.99220000,0.0520179255945603
4.99610000,0.0517809738337380
5.00000000,0.0509331966779064
5.00390000,0.0494355650791318
5.00780000,0.0472879949484907
5.01170000,0.0445824379677271
5.01560000,0.0414019834191361
5.01960000,0.0379080311206328
5.02350000,0.0344101625110014
5.02740000,0.0311063504018648
5.03130000,0.0281495534058126
5.03520000,0.0257194314775265
5.03910000,0.0238902348905645
5.04300000,0.0226594550279032
5.04690000,0.0219531186661302
5.05080000,0.0216392846525250
5.05470000,0.0215690369919952
5.05860000,0.0215688975194401
5.06250000,0.0214616770989865
5.06640000,0.0210709249514365
5.07030000,0.0202427586098414
5.07420000,0.0188969495692691
5.07810000,0.0169499377195822
5.08210000,0.0143778631919353
5.08600000,0.0112808842440301
5.08990000,0.0077187335347480
5.09380000,0.0037843860906410
5.09770000,-0.0003343699438229
5.10160000,-0.0044546025650330
5.10550000,-0.0083871142306365
5.10940000,-0.0119510653445953
5.11330000,-0.0149933457554583
5.11720000,-0.0174007629574185
5.12110000,-0.0191223575568239
5.12500000,-0.0201724700137037
5.12890000,-0.0206087827490910
5.13280000,-0.0205022557331551
5.13670000,-0.0199342858327916
5.14060000,-0.0189530486318223
5.14460000,-0.0176136909439697
5.14850000,-0.0160127514670917
5.15240000,-0.0141946520811497
5.15630000,-0.0121943510430192
5.16020000,-0.0100894104067931
5.16410000,-0.0079661181347586
5.16800000,-0.0059245069142060
5.17190000,-0.0040567416732772
5.17580000,-0.0024342964599488
5.17970000,-0.0011169881338234
5.18360000,-0.0001619257802764
5.18750000,0.0003830380965613
5.19140000,0.0004874808742925
5.19530000,0.0001441837010520
5.19920000,-0.0006148681210359
5.20310000,-0.0017655864785046
5.20710000,-0.0032440986158964
5.21100000,-0.0048995720242227
5.21490000,-0.0066013840308568
5.21880000,-0.0082261495024900
5.22270000,-0.0096468478068798
5.22660000,-0.0107930098088716
5.23050000,-0.0116275754784408
5.23440000,-0.0121412569286101
5.23830000,-0.0123620576839515
5.24220000,-0.0123563234217898
5.24610000,-0.0122266046502407
5.25000000,-0.0120800347596080
5.25390000,-0.0120037768673813
5.25780000,-0.0120556038248433
5.26170000,-0.0122621835563673
5.26560000,-0.0126441949374751
5.26960000,-0.0132028355188117
5.27350000,-0.0139089673415956
5.27740000,-0.0147522128628207
5.28130000,-0.0157354746758091
5.28520000,-0.0168554465240318
5.28910000,-0.0181020115863852
5.29300000,-0.0194339611273097
5.29690000,-0.0207792472847117
5.30080000,-0.0220526353733006
5.30470000,-0.0231711071107299
5.30860000,-0.0240623988334809
5.31250000,-0.0246695230889668
5.31640000,-0.0249639270454178
5.32030000,-0.0249655393158431
5.32420000,-0.0247540834845246
5.32810000,-0.0244440095669358
5.33210000,-0.0241581437139811
5.33600000,-0.0240047702937030
5.33990000,-0.0240433244916197
5.34380000,-0.0242821385109176
5.34770000,-0.0246783411271066
5.35160000,-0.0251270183371683
5.35550000,-0.0254806927133132
5.35940000,-0.0255815012654345
5.36330000,-0.0252901973740758
5.36720000,-0.0245096681328127
5.37110000,-0.0231734210865856
5.37500000,-0.0212612557679187
5.37890000,-0.0187922714734123
5.38280000,-0.0158213952983832
5.38670000,-0.0124728029710796
5.39060000,-0.0087931559312801
5.39460000,-0.0048396408196564
5.39850000,-0.0007795614309059
5.40240000,0.0033633363856418
5.40630000,0.0075878574890661
5.41020000,0.0117948531976065
5.41410000,0.0159050742550840
5.41800000,0.0198136443684741
5.42190000,0.0234017873701872
5.42580000,0.0265641754319963
5.42970000,0.0292140183405853
5.43360000,0.0313030733646693
5.43750000,0.0328157336617696
5.44140000,0.0337616777803049
5.44530000,0.0341728112648943
5.44920000,0.0341159894629052
5.45310000,0.0336699012817669
5.45710000,0.0329309553024217
5.46100000,0.0320088043457583
5.46490000,0.0309568876537058
5.46880000,0.0297816118528355
5.47270000,0.0284941209392231
5.47660000,0.0271078416108468
5.48050000,0.0256324003799532
5.48440000,0.0240731754986654
5.48830000,0.0224384363265035
5.49220000,0.0207568769274572
5.49610000,0.0190705066373191
5.50000000,0.0174267718426434
5.50390000,0.0158587163992850
5.50780000,0.0143768842316402
5.51170000,0.0129820274536991
5.51560000,0.0116148810415185
5.51960000,0.0101850760862634
5.52350000,0.0086077335260462
5.52740000,0.0067365841526987
5.53130000,0.0044311694771446
5.53520000,0.0016134508372641
5.53910000,-0.0017713392007178
5.54300000,-0.0057445574385646
5.54690000,-0.0102894104101856
5.55080000,-0.0153362331836470
5.55470000,-0.0207349252917823
5.55860000,-0.0262761293062912
5.56250000,-0.0317019445924394
5.56640000,-0.0367505473585395
5.57030000,-0.0411862932088443
5.57420000,-0.0447812319565204
5.57810000,-0.0474392640124430
5.58210000,-0.0491111200381870
5.58600000,-0.0497157367872719
5.58990000,-0.0493399838364473
5.59380000,-0.0481304893859815
5.59770000,-0.0462028544009947
5.60160000,-0.0437228286730020
5.60550000,-0.0408572154577206
5.60940000,-0.0377595669911389
5.61330000,-0.0345631103996629
5.61720000,-0.0313711077828037
5.62110000,-0.0282645649247891
5.62500000,-0.0253080137345345
5.62890000,-0.0225452997243175
5.63280000,-0.0199968217122094
5.63670000,-0.0176772299734176
5.64060000,-0.0155673607098679
5.64460000,-0.0136534201408157
5.64850000,-0.0119496698894113
5.65240000,-0.0104284138628309
5.65630000,-0.0090558578845495
5.66020000,-0.0078212159992143
5.66410000,-0.0067116948921135
5.66800000,-0.0057215812972129
5.67190000,-0.0048477743651986
5.67580000,-0.0040859568306409
5.67970000,-0.0034328429810908
5.68360000,-0.0028823471361616
5.68750000,-0.0024252493841532
5.69140000,-0.0020473667051855
5.69530000,-0.0017315434124820
5.69920000,-0.0014630246752287
5.70310000,-0.0012282240425628
5.70710000,-0.0010195691429199
5.71100000,-0.0008359281839605
5.71490000,-0.0006752118860586
5.71880000,-0.0005375005023328
5.72270000,-0.0004259457458792
5.72660000,-0.0003436573022630
5.73050000,-0.0002931652555194
5.73440000,-0.0002749567273958
5.73830000,-0.0002860798328788
5.74220000,-0.0003191953443755
5.74610000,-0.0003623238504669
5.75000000,-0.0004001488713195
5.75390000,0.0000000000000000
