Velocity, Vel [m/s]
1138,0
0.00000000,-0.0000000000000000
0.00390000,0.0004187540564334
0.00780000,0.0004218238132816
0.01180000,0.0004285825810460
0.01570000,0.0004375988221189
0.01960000,0.0004453802370099
0.02350000,0.0004484103250250
0.02740000,0.0004455132081304
0.03130000,0.0004395475027534
0.03520000,0.0004368340997675
0.03910000,0.0004448990772313
0.04300000,0.0004692938400585
0.04690000,0.0005101089849057
0.05080000,0.0005593230587981
0.05470000,0.0006011998410249
0.05860000,0.0006164083701793
0.06250000,0.0005889087475424
0.06640000,0.0005135262482551
0.07030000,0.0003951686887909
0.07430000,0.0002500715637623
0.07820000,0.0001070142814245
0.08210000,-0.0000060749724722
0.08600000,-0.0000655040920648
0.08990000,-0.0000546404977748
0.09380000,0.0000246214562415
0.09770000,0.0001537388878898
0.10160000,0.0003037564805101
0.10550000,0.0004427371457874
0.10940000,0.0005427221988601
0.11330000,0.0005831537759362
0.11720000,0.0005564459164693
0.12110000,0.0004716354065503
0.12500000,0.0003521461839766
0.12890000,0.0002265627966140
0.13280000,0.0001143449392239
0.13680000,0.0000227962572777
0.14070000,-0.0000463538267954
0.14460000,-0.0000954012698265
0.14850000,-0.0001272785356917
0.15240000,-0.0001460364962437
0.15630000,-0.0001590737527655
0.16020000,-0.0001699129975488
0.16410000,-0.0001735584249764
0.16800000,-0.0001600464237492
0.17190000,-0.0001213456342083
0.17580000,-0.0000538566561129
0.17970000,0.0000444888098088
0.18360000,0.0001754271137426
0.18750000,0.0003345002115013
0.19140000,0.0005021754081940
0.19530000,0.0006467905504153
0.19930000,0.0007342303190529
0.20320000,0.0007402874093967
0.20710000,0.0006631152507006
0.21100000,0.0005190695475622
0.21490000,0.0003371477300154
0.21880000,0.0001614593375874
0.22270000,0.0000462768310144
0.22660000,0.0000410290265158
0.23050000,0.0001715765083833
0.23440000,0.0004311773398756
0.23830000,0.0007896160531380
0.24220000,0.0012082586155866
0.24610000,0.0016509965873988
0.25000000,0.0020853059906026
0.25390000,0.0024790263196978
0.25780000,0.0028141222814885
0.26180000,0.0030847354225047
0.26570000,0.0032871847351898
0.26960000,0.0034274203413463
0.27350000,0.0035057421535347
0.27740000,0.0035129038301263
0.28130000,0.0034509214013494
0.28520000,0.0033375231105275
0.28910000,0.0032014001346955
0.29300000,0.0030729296540004
0.29690000,0.0029793761848616
0.30080000,0.0029501125597348
0.30470000,0.0030131528697997
0.30860000,0.0031841504317963
0.31250000,0.0034543287616837
0.31640000,0.0037865796957856
0.32030000,0.0041378149494740
0.32430000,0.0044630755039445
0.32820000,0.0047130225485421
0.33210000,0.0048579023834433
0.33600000,0.0048845911237116
0.33990000,0.0047968756840060
0.34380000,0.0046278940268048
0.34770000,0.0044236110453702
0.35160000,0.0042221906195411
0.35550000,0.0040423178023204
0.35940000,0.0038854116624734
0.36330000,0.0037436659739541
0.36720000,0.0036031660383083
0.37110000,0.0034417749256505
0.37500000,0.0032338433871880
0.37890000,0.0029677519452624
0.38280000,0.0026462142605549
0.38680000,0.0022944462605336
0.39070000,0.0019574106910106
0.39460000,0.0016650983895606
0.39850000,0.0014393740500063
0.40240000,0.0013045271924477
0.40630000,0.0012706431511204
0.41020000,0.0013263297635277
0.41410000,0.0014335470711546
0.41800000,0.0015380606891922
0.42190000,0.0015921818056135
0.42580000,0.0015665110649515
0.42970000,0.0014507666885476
0.43360000,0.0012479911613130
0.43750000,0.0009759359702766
0.44140000,0.0006736234029652
0.44530000,0.0003873393770979
0.44930000,0.0001586371345389
0.45320000,0.0000143639048436
0.45710000,-0.0000504049701133
0.46100000,-0.0000559341504686
0.46490000,-0.0000208657815236
0.46880000,0.0000343949917211
0.47270000,0.0000911355925211
0.47660000,0.0001372140263661
0.48050000,0.0001743418407520
0.48440000,0.0002187339520771
0.48830000,0.0002868595239959
0.49220000,0.0003799565031806
0.49610000,0.0004818676676312
0.50000000,0.0005719981420351
0.50390000,0.0006383012829462
0.50780000,0.0006782858267791
0.51180000,0.0006907452168355
0.51570000,0.0006711468046385
0.51960000,0.0006156788387636
0.52350000,0.0005240462114768
0.52740000,0.0003960444961472
0.53130000,0.0002273699060174
0.53520000,0.0000122941513151
0.53910000,-0.0002454587090123
0.54300000,-0.0005242790491156
0.54690000,-0.0007902361451661
0.55080000,-0.0010141228764634
0.55470000,-0.0011847311194018
0.55860000,-0.0013053851486712
0.56250000,-0.0013808828808383
0.56640000,-0.0014117774390802
0.57030000,-0.0013980906616476
0.57430000,-0.0013467616424819
0.57820000,-0.0012695163829153
0.58210000,-0.0011711057726935
0.58600000,-0.0010500722911166
0.58990000,-0.0009090004116610
0.59380000,-0.0007587640311269
0.59770000,-0.0006130778745825
0.60160000,-0.0004779135382946
0.60550000,-0.0003495438442519
0.60940000,-0.0002235475882147
0.61330000,-0.0001041240015280
0.61720000,-0.0000025045268942
0.62110000,0.0000718817404642
0.62500000,0.0001155705395548
0.62890000,0.0001253491777393
0.63280000,0.0000858137182659
0.63680000,-0.0000247398591433
0.64070000,-0.0002164939097419
0.64460000,-0.0004831318571673
0.64850000,-0.0008005659197292
0.65240000,-0.0011350076450125
0.65630000,-0.0014532868314256
0.66020000,-0.0017202409699039
0.66410000,-0.0018990790774940
0.66800000,-0.0019615051540468
0.67190000,-0.0019006286395510
0.67580000,-0.0017333460209515
0.67970000,-0.0014897112806325
0.68360000,-0.0011999304086363
0.68750000,-0.0008923457820832
0.69140000,-0.0006009533484881
0.69530000,-0.0003594375280853
0.69930000,-0.0001936831971013
0.70320000,-0.0001140466481238
0.70710000,-0.0001051469663791
0.71100000,-0.0001433233535890
0.71490000,-0.0002125048639133
0.71880000,-0.0002992291510001
0.72270000,-0.0003898093482845
0.72660000,-0.0004718968280180
0.73050000,-0.0005423195876120
0.73440000,-0.0006109472153421
0.73830000,-0.0006917001491135
0.74220000,-0.0007897945158803
0.74610000,-0.0008980702952994
0.75000000,-0.0010047644785132
0.75390000,-0.0011010635575540
0.75780000,-0.0011812609699056
0.76180000,-0.0012343480413824
0.76570000,-0.0012433248784349
0.76960000,-0.0012016603512231
0.77350000,-0.0011247994472471
0.77740000,-0.0010468180255460
0.78130000,-0.0010074979750062
0.78520000,-0.0010398968375276
0.78910000,-0.0011704018064671
0.79300000,-0.0014223113477658
0.79690000,-0.0018091200166268
0.80080000,-0.0023238241114153
0.80470000,-0.0029331962269943
0.80860000,-0.0035895968798592
0.81250000,-0.0042465238938728
0.81640000,-0.0048594389829681
0.82030000,-0.0053942824418802
0.82430000,-0.0058138098062334
0.82820000,-0.0060762309891457
0.83210000,-0.0061767013138505
0.83600000,-0.0061371566925805
0.83990000,-0.0059810028094605
0.84380000,-0.0057329265396757
0.84770000,-0.0054143423808903
0.85160000,-0.0050538026428724
0.85550000,-0.0046916395296667
0.85940000,-0.0043670313292110
0.86330000,-0.0041083220790880
0.86720000,-0.0039311227572147
0.87110000,-0.0038510424412484
0.87500000,-0.0038902396271795
0.87890000,-0.0040641912826718
0.88280000,-0.0043827311508092
0.88680000,-0.0048339900990153
0.89070000,-0.0053803844139185
0.89460000,-0.0059955432620189
0.89850000,-0.0066489378846723
0.90240000,-0.0072879377618750
0.90630000,-0.0078579154923235
0.91020000,-0.0083146493686411
0.91410000,-0.0086386403204355
0.91800000,-0.0088336656336860
0.92190000,-0.0089114870386420
0.92580000,-0.0088853617189192
0.92970000,-0.0087743428705907
0.93360000,-0.0086104104666533
0.93750000,-0.0084345840858694
0.94140000,-0.0082844447424797
0.94530000,-0.0081844735877983
0.94930000,-0.0081492810822764
0.95320000,-0.0081891846814411
0.95710000,-0.0083027348101371
0.96100000,-0.0084651219326653
0.96490000,-0.0086241020351689
0.96880000,-0.0087104611202014
0.97270000,-0.0086586451737548
0.97660000,-0.0084187981618576
0.98050000,-0.0079570116986237
0.98440000,-0.0072582289115535
0.98830000,-0.0063368803469390
0.99220000,-0.0052513066641605
0.99610000,-0.0040984397080488
1.00000000,-0.0029906125860320
1.00390000,-0.0020350084734444
1.00780000,-0.0013037004515637
1.01180000,-0.0008390940007888
1.01570000,-0.0006555447161216
1.01960000,-0.0006940953569764
1.02350000,-0.0008335779050017
1.02740000,-0.0009275889960232
1.03130000,-0.0008317074289510
1.03520000,-0.0004468201138014
1.03910000,0.0002625808566128
1.04300000,0.0012685308202457
1.04690000,0.0024854108856837
1.05080000,0.0037871207546741
1.05470000,0.0050306791771529
1.05860000,0.0060927210974842
1.06250000,0.0069031974122857
1.06640000,0.0074566092051622
1.07030000,0.0078107563423294
1.07430000,0.0080599418268043
1.07820000,0.0083107344703152
1.08210000,0.0086817249266032
1.08600000,0.0092721189781848
1.08990000,0.0101257360689243
1.09380000,0.0112242163767972
1.09770000,0.0124962797124415
1.10160000,0.0138489371439612
1.10550000,0.0151970397721894
1.10940000,0.0164744410540218
1.11330000,0.0176423946052981
1.11720000,0.0186901495072641
1.12110000,0.0196412412399042
1.12500000,0.0205461537573059
1.12890000,0.0214473111642971
1.13280000,0.0223838484063578
1.13680000,0.0233557620188536
1.14070000,0.0243096075385445
1.14460000,0.0252195111701357
1.14850000,0.0260652103823789
1.15240000,0.0268016886834886
1.15630000,0.0273930721938739
1.16020000,0.0278140571183666
1.16410000,0.0280595159329784
1.16800000,0.0281405374051413
1.17190000,0.0280665211760849
1.17580000,0.0278438998759502
1.17970000,0.0274878497055454
1.18360000,0.0270380927918811
1.18750000,0.0265600400985909
1.19140000,0.0261323462029864
1.19530000,0.0258265816822458
1.19930000,0.0256984485682128
1.20320000,0.0257779704904250
1.20710000,0.0260397706110819
1.21100000,0.0263853895324801
1.21490000,0.0266476835018006
1.21880000,0.0266199906560108
1.22270000,0.0261109753663725
1.22660000,0.0249899899800929
1.23050000,0.0232089037994397
1.23440000,0.0208128844427321
1.23830000,0.0179305553459202
1.24220000,0.0147647650639285
1.24610000,0.0115456388744194
1.25000000,0.0084735974384342
1.25390000,0.0057012211778991
1.25780000,0.0032531867984240
1.26180000,0.0010991531417501
1.26570000,-0.0007705799796290
1.26960000,-0.0024777692309797
1.27350000,-0.0041837898286949
1.27740000,-0.0060001434458064
1.28130000,-0.0080210366918125
1.28520000,-0.0102781580610492
1.28910000,-0.0127505979888079
1.29300000,-0.0153966295446147
1.29690000,-0.0181609231522168
1.30080000,-0.0209967085291331
1.30470000,-0.0238558595370416
1.30860000,-0.0267051720554781
1.31250000,-0.0295326404059610
1.31640000,-0.0323039875807899
1.32030000,-0.0350201895681949
1.32430000,-0.0376286748023597
1.32820000,-0.0399598455392419
1.33210000,-0.0419224720563693
1.33600000,-0.0434512876848528
1.33990000,-0.0444443700649185
1.34380000,-0.0448537694343126
1.34770000,-0.0446683384558375
1.35160000,-0.0439262201997272
1.35550000,-0.0427169940349037
1.35940000,-0.0411537087426627
1.36330000,-0.0393585518711575
1.36720000,-0.0374549105926711
1.37110000,-0.0355691048088662
1.37500000,-0.0338257088119369
1.37890000,-0.0323395779469830
1.38280000,-0.0311688243918392
1.38680000,-0.0303268390017416
1.39070000,-0.0298058025959373
1.39460000,-0.0295235315422526
1.39850000,-0.0293499862642374
1.40240000,-0.0291441819714357
1.40630000,-0.0287563029319658
1.41020000,-0.0280738999869161
1.41410000,-0.0270469702468514
1.41800000,-0.0256889668546155
1.42190000,-0.0240684131755360
1.42580000,-0.0222858566345309
1.42970000,-0.0204641171741068
1.43360000,-0.0187246086425974
1.43750000,-0.0171572427337715
1.44140000,-0.0158070285128026
1.44530000,-0.0146362480536713
1.44930000,-0.0135750136900611
1.45320000,-0.0125784956300866
1.45710000,-0.0115724075105087
1.46100000,-0.0104843422171365
1.46490000,-0.0092753333071660
1.46880000,-0.0079152303126886
1.47270000,-0.0064034505840956
1.47660000,-0.0047664507833252
1.48050000,-0.0030459768709316
1.48440000,-0.0012982896056387
1.48830000,0.0004090137782467
1.49220000,0.0019955215561536
1.49610000,0.0033816793106066
1.50000000,0.0045079717643840
1.50390000,0.0053433306842191
1.50780000,0.0058912680715973
1.51180000,0.0061716516094213
1.51570000,0.0062092696193797
1.51960000,0.0060575185138450
1.52350000,0.0057921242363239
1.52740000,0.0054893567227117
1.53130000,0.0052115666407610
1.53520000,0.0049900954576766
1.53910000,0.0048314857054645
1.54300000,0.0047340925544871
1.54690000,0.0046958065187526
1.55080000,0.0047143475495015
1.55470000,0.0047835813217941
1.55860000,0.0048965558333489
1.56250000,0.0050483121416530
1.56640000,0.0052298977404959
1.57030000,0.0054267070256970
1.57430000,0.0056125299606834
1.57820000,0.0057559034954120
1.58210000,0.0058476161235729
1.58600000,0.0059010682011990
1.58990000,0.0059396631985276
1.59380000,0.0059954937049966
1.59770000,0.0061100277897167
1.60160000,0.0063419901683795
1.60550000,0.0067649003783010
1.60940000,0.0074431589363735
1.61330000,0.0084142166474848
1.61720000,0.0096723249623473
1.62110000,0.0111763141577524
1.62500000,0.0128565719379125
1.62890000,0.0146000317211648
1.63280000,0.0163075143465282
1.63680000,0.0178705049207666
1.64070000,0.0191556360052608
1.64460000,0.0201271603218276
1.64850000,0.0208047783405233
1.65240000,0.0212075669055183
1.65630000,0.0213916221576470
1.66020000,0.0214273228896305
1.66410000,0.0213955799297494
1.66800000,0.0213783923615278
1.67190000,0.0214351660078113
1.67580000,0.0216004464718823
1.67970000,0.0218840085537497
1.68360000,0.0222770013443080
1.68750000,0.0227482534550670
1.69140000,0.0232349503651634
1.69530000,0.0236582635706513
1.69930000,0.0239379216787016
1.70320000,0.0240099548033361
1.70710000,0.0238577027081978
1.71100000,0.0235030799495862
1.71490000,0.0229928086521043
1.71880000,0.0224016266200215
1.72270000,0.0218193545379259
1.72660000,0.0213311235084616
1.73050000,0.0209937765601781
1.73440000,0.0208216654068393
1.73830000,0.0207948221317167
1.74220000,0.0208771924512812
1.74610000,0.0210302228405507
1.75000000,0.0212142571352888
1.75390000,0.0213869308709661
1.75780000,0.0215101588450408
1.76180000,0.0215569586935399
1.76570000,0.0215109471635523
1.76960000,0.0213623623316508
1.77350000,0.0211028927244376
1.77740000,0.0207294283966469
1.78130000,0.0202548746446934
1.78520000,0.0197114264323669
1.78910000,0.0191431557595124
1.79300000,0.0185937166748776
1.79690000,0.0181000461319095
1.80080000,0.0176957968692690
1.80470000,0.0174116328659334
1.80860000,0.0172652951738388
1.81250000,0.0172486465034233
1.81640000,0.0173257276966140
1.82030000,0.0174491172372322
1.82430000,0.0175695162187227
1.82820000,0.0176357129585034
1.83210000,0.0176009800476731
1.83600000,0.0174260988211959
1.83990000,0.0170896750512964
1.84380000,0.0166008187071206
1.84770000,0.0159936550301327
1.85160000,0.0153144720873186
1.85550000,0.0146124066211852
1.85940000,0.0139368264419318
1.86330000,0.0133354643629670
1.86720000,0.0128455741466516
1.87110000,0.0124823003462223
1.87500000,0.0122359926051632
1.87890000,0.0120839704988086
1.88280000,0.0120045125334968
1.88680000,0.0119817310134940
1.89070000,0.0119979899552589
1.89460000,0.0120238562513832
1.89850000,0.0120227630726956
1.90240000,0.0119625482085613
1.90630000,0.0118195830957613
1.91020000,0.0115769791406622
1.91410000,0.0112240744364492
1.91800000,0.0107634183255339
1.92190000,0.0102190133765016
1.92580000,0.0096310559628689
1.92970000,0.0090407842617823
1.93360000,0.0084753662401095
1.93750000,0.0079488881739408
1.94140000,0.0074790672927775
1.94530000,0.0070857588801198
1.94930000,0.0067929577729520
1.95320000,0.0066253714511006
1.95710000,0.0065864339180034
1.96100000,0.0066753505283714
1.96490000,0.0069002419526433
1.96880000,0.0072608684571772
1.97270000,0.0077420249634311
1.97660000,0.0083137042981213
1.98050000,0.0089401706586092
1.98440000,0.0095884479471030
1.98830000,0.0102240819107551
1.99220000,0.0108067273841732
1.99610000,0.0112918511889080
2.00000000,0.0116410934772504
2.00390000,0.0118327381712144
2.00780000,0.0118551331289124
2.01180000,0.0117047964018562
2.01570000,0.0113923687017478
2.01960000,0.0109446105413486
2.02350000,0.0104179716878549
2.02740000,0.0098932369831260
2.03130000,0.0094447516103652
2.03520000,0.0091208719559705
2.03910000,0.0089371381325271
2.04300000,0.0088774447662273
2.04690000,0.0088982926631717
2.05080000,0.0089257445856724
2.05470000,0.0088702544539221
2.05860000,0.0086443579587467
2.06250000,0.0081837773153801
2.06640000,0.0074715324549453
2.07030000,0.0064946104302990
2.07430000,0.0052708899906305
2.07820000,0.0038815068037399
2.08210000,0.0023893136332610
2.08600000,0.0008632273051499
2.08990000,-0.0006080523089143
2.09380000,-0.0019743367076540
2.09770000,-0.0032130284828677
2.10160000,-0.0043214139029166
2.10550000,-0.0053148032807993
2.10940000,-0.0062223593139381
2.11330000,-0.0070949468549765
2.11720000,-0.0079866488381006
2.12110000,-0.0089397153831888
2.12500000,-0.0099732312106943
2.12890000,-0.0110699223699136
2.13280000,-0.0122205837598401
2.13680000,-0.0133941171294056
2.14070000,-0.0145052817648017
2.14460000,-0.0155003759589389
2.14850000,-0.0163445863162956
2.15240000,-0.0170099090070979
2.15630000,-0.0175181195769585
2.16020000,-0.0179147617254314
2.16410000,-0.0182547116690324
2.16800000,-0.0185990301312079
2.17190000,-0.0190059565728863
2.17580000,-0.0195245396655429
2.17970000,-0.0201722883252620
2.18360000,-0.0209275618302232
2.18750000,-0.0217374894486311
2.19140000,-0.0225291642360425
2.19530000,-0.0232426384439675
2.19930000,-0.0238195069521353
2.20320000,-0.0241908899843629
2.20710000,-0.0243275981128835
2.21100000,-0.0242386044487058
2.21490000,-0.0239569521216726
2.21880000,-0.0235420940943934
2.22270000,-0.0230514046889462
2.22660000,-0.0225297277123645
2.23050000,-0.0220134273310250
2.23440000,-0.0215320401774009
2.23830000,-0.0211049971489325
2.24220000,-0.0207342858588245
2.24610000,-0.0204087877529918
2.25000000,-0.0201199141350920
2.25390000,-0.0198752136045675
2.25780000,-0.0196921563054612
2.26180000,-0.0195874504234339
2.26570000,-0.0195705300447623
2.26960000,-0.0196376542001517
2.27350000,-0.0197791295584346
2.27740000,-0.0199791296544774
2.28130000,-0.0202041129416414
2.28520000,-0.0204046044263089
2.28910000,-0.0205316610389556
2.29300000,-0.0205573707005881
2.29690000,-0.0204822562005800
2.30080000,-0.0203299557336088
2.30470000,-0.0201380899071384
2.30860000,-0.0199587033620339
2.31250000,-0.0198582645286048
2.31640000,-0.0199005323159632
2.32030000,-0.0201370241127932
2.32430000,-0.0205770781781707
2.32820000,-0.0211766289742946
2.33210000,-0.0218813370367096
2.33600000,-0.0226284802106832
2.33990000,-0.0233417620194327
2.34380000,-0.0239528718644620
2.34770000,-0.0244132172962716
2.35160000,-0.0247127154826713
2.35550000,-0.0248841650252488
2.35940000,-0.0249836356297050
2.36330000,-0.0250689012334228
2.36720000,-0.0251843340193274
2.37110000,-0.0253604579434840
2.37500000,-0.0256123852032003
2.37890000,-0.0259273490788471
2.38280000,-0.0262665957154372
2.38680000,-0.0265655005498569
2.39070000,-0.0267479727725302
2.39460000,-0.0267648148494046
2.39850000,-0.0265897651239272
2.40240000,-0.0262060839902642
2.40630000,-0.0256145583852649
2.41020000,-0.0248367278656838
2.41410000,-0.0239162310094899
2.41800000,-0.0229061945381928
2.42190000,-0.0218517820056681
2.42580000,-0.0207797823940556
2.42970000,-0.0197072121481997
2.43360000,-0.0186453533704101
2.43750000,-0.0175983943015498
2.44140000,-0.0165727729799384
2.44530000,-0.0155485170858040
2.44930000,-0.0145199404486035
2.45320000,-0.0135326511725843
2.45710000,-0.0126096821814485
2.46100000,-0.0117662804121344
2.46490000,-0.0110290572531032
2.46880000,-0.0104054462092112
2.47270000,-0.0099036853908634
2.47660000,-0.0095316788600259
2.48050000,-0.0092851992705266
2.48440000,-0.0091469082819571
2.48830000,-0.0090910594964788
2.49220000,-0.0090976507096771
2.49610000,-0.0091552876439783
2.50000000,-0.0092525075571136
2.50390000,-0.0093690154506797
2.50780000,-0.0094821837972117
2.51180000,-0.0095776500688171
2.51570000,-0.0096528151254878
2.51960000,-0.0097155162117315
2.52350000,-0.0097754097297074
2.52740000,-0.0098456087190349
2.53130000,-0.0099543575058334
2.53520000,-0.0101443900591208
2.53910000,-0.0104572323977841
2.54300000,-0.0109127154064626
2.54690000,-0.0115000033684779
2.55080000,-0.0121847327830509
2.55470000,-0.0129182111202829
2.55860000,-0.0136400256042255
2.56250000,-0.0142798013119032
2.56640000,-0.0147683217358916
2.57030000,-0.0150575008333427
2.57430000,-0.0151302303135626
2.57820000,-0.0149950485146168
2.58210000,-0.0146771800029302
2.58600000,-0.0142106082783430
2.58990000,-0.0136387021917592
2.59380000,-0.0130161158150828
2.59770000,-0.0123980715179481
2.60160000,-0.0118252199792473
2.60550000,-0.0113186674606169
2.60940000,-0.0108893702453911
2.61330000,-0.0105490525596385
2.61720000,-0.0103085488337407
2.62110000,-0.0101658681279578
2.62500000,-0.0101000484138872
2.62890000,-0.0100796365982563
2.63280000,-0.0100731077554262
2.63680000,-0.0100524842968351
2.64070000,-0.0099881092964723
2.64460000,-0.0098424769712900
2.64850000,-0.0095786408688871
2.65240000,-0.0091708993728748
2.65630000,-0.0086043098386642
2.66020000,-0.0078697906438440
2.66410000,-0.0069622493810598
2.66800000,-0.0058882404764391
2.67190000,-0.0046784354215071
2.67580000,-0.0033874246226165
2.67970000,-0.0020838681241007
2.68360000,-0.0008346232101327
2.68750000,0.0003003323547831
2.69140000,0.0012595956483264
2.69530000,0.0020016371615164
2.69930000,0.0025047006412236
2.70320000,0.0027641963354781
2.70710000,0.0028231319989833
2.71100000,0.0027389993971351
2.71490000,0.0025534060375659
2.71880000,0.0023055541369267
2.72270000,0.0020280488150391
2.72660000,0.0017446618605001
2.73050000,0.0014651367300593
2.73440000,0.0011829904141542
2.73830000,0.0008911689256774
2.74220000,0.0005968681235879
2.74610000,0.0003270102209538
2.75000000,0.0001188323870511
2.75390000,0.0000066318190232
2.75780000,0.0000286175224508
2.76180000,0.0002254109287705
2.76570000,0.0006303500436987
2.76960000,0.0012689392884920
2.77350000,0.0021381491873127
2.77740000,0.0032005564192897
2.78130000,0.0044051246401565
2.78520000,0.0056962358073881
2.78910000,0.0070160777374221
2.79300000,0.0083062164655410
2.79690000,0.0095144991738667
2.80080000,0.0106104104095959
2.80470000,0.0115870367519033
2.80860000,0.0124535727707102
2.81250000,0.0132219908491525
2.81640000,0.0138950203437385
2.82030000,0.0144882553772325
2.82430000,0.0150181842983651
2.82820000,0.0154811772407296
2.83210000,0.0158821749813245
2.83600000,0.0162224341303785
2.83990000,0.0164985817173516
2.84380000,0.0167326233451613
2.84770000,0.0169630208712755
2.85160000,0.0172327581948447
2.85550000,0.0175831450465166
2.85940000,0.0180503804887436
2.86330000,0.0186693642510375
2.86720000,0.0194574554087292
2.87110000,0.0204024151274536
2.87500000,0.0214595998126693
2.87890000,0.0225527101264059
2.88280000,0.0236233408295785
2.88680000,0.0246124196739480
2.89070000,0.0254351401528870
2.89460000,0.0260540812525897
2.89850000,0.0264647385069106
2.90240000,0.0266767226296685
2.90630000,0.0267381463182157
2.91020000,0.0267025159553220
2.91410000,0.0266107972166209
2.91800000,0.0264896050562075
2.92190000,0.0263534755033539
2.92580000,0.0262108793236776
2.92970000,0.0260609674574390
2.93360000,0.0258916554209124
2.93750000,0.0256868138967010
2.94140000,0.0254428411501793
2.94530000,0.0251664972806388
2.94930000,0.0248745920018681
2.95320000,0.0245888509746848
2.95710000,0.0243138564036140
2.96100000,0.0240511297430590
2.96490000,0.0238114600763809
2.96880000,0.0235999913402171
2.97270000,0.0234097550580342
2.97660000,0.0232218092450478
2.98050000,0.0230162116770274
2.98440000,0.0227835662542089
2.98830000,0.0225204999121801
2.99220000,0.0222231749841086
2.99610000,0.0218860376957315
3.00000000,0.0215113832439740
3.00390000,0.0211200874538491
3.00780000,0.0207327958442139
3.01180000,0.0203649825758459
3.01570000,0.0200296317226865
3.01960000,0.0197193899436854
3.02350000,0.0194243240949962
3.02740000,0.0191393012784985
3.03130000,0.0188423448665612
3.03520000,0.0184972999006575
3.03910000,0.0180682425306963
3.04300000,0.0175369416993587
3.04690000,0.0169107016247558
3.05080000,0.0162108975470630
3.05470000,0.0154657815058706
3.05860000,0.0147082590217470
3.06250000,0.0139776599142508
3.06640000,0.0133181424670240
3.07030000,0.0127464625613072
3.07430000,0.0122544143795697
3.07820000,0.0118277802564986
3.08210000,0.0114299463353154
3.08600000,0.0110257447080006
3.08990000,0.0105941339954314
3.09380000,0.0101110690348672
3.09770000,0.0095633831925812
3.10160000,0.0089597638161193
3.10550000,0.0083286130277289
3.10940000,0.0077044346605154
3.11330000,0.0071083927645886
3.11720000,0.0065482335395129
3.12110000,0.0060287174354085
3.12500000,0.0055596342802715
3.12890000,0.0051541011800144
3.13280000,0.0048096295651638
3.13680000,0.0045172885706783
3.14070000,0.0042798780262101
3.14460000,0.0040978185922092
3.14850000,0.0039720297232994
3.15240000,0.0039048005901294
3.15630000,0.0038929791339282
3.16020000,0.0039414279463217
3.16410000,0.0040681131722339
3.16800000,0.0042965540776077
3.17190000,0.0046418199285898
3.17580000,0.0051075830761165
3.17970000,0.0056902254252968
3.18360000,0.0063898326084092
3.18750000,0.0072073154039876
3.19140000,0.0081202370402717
3.19530000,0.0091101941478062
3.19930000,0.0101448236156493
3.20320000,0.0111647940942654
3.20710000,0.0121555296840500
3.21100000,0.0131108421264452
3.21490000,0.0139977638751248
3.21880000,0.0147933179579926
3.22270000,0.0154814930681631
3.22660000,0.0160553198447046
3.23050000,0.0165127764055025
3.23440000,0.0168491827523029
3.23830000,0.0170670774435402
3.24220000,0.0171838881280678
3.24610000,0.0172317289847921
3.25000000,0.0172448293809495
3.25390000,0.0172476037558913
3.25780000,0.0172558533704625
3.26180000,0.0172850385698386
3.26570000,0.0173527278341775
3.26960000,0.0174706190661942
3.27350000,0.0176352312704300
3.27740000,0.0178308510093143
3.28130000,0.0180414183212236
3.28520000,0.0182568333439710
3.28910000,0.0184680749619632
3.29300000,0.0186587182204913
3.29690000,0.0188054094321172
3.30080000,0.0188830566244524
3.30470000,0.0188735851868019
3.30860000,0.0187603035830274
3.31250000,0.0185201568699762
3.31640000,0.0181351491360391
3.32030000,0.0175827450877657
3.32430000,0.0168661124634400
3.32820000,0.0160282442234759
3.33210000,0.0150881617905127
3.33600000,0.0140549365639322
3.33990000,0.0129559543477986
3.34380000,0.0118213117176309
3.34770000,0.0106871670801479
3.35160000,0.0095814255761153
3.35550000,0.0085153716859101
3.35940000,0.0074948482696752
3.36330000,0.0065253291793789
3.36720000,0.0056158201620881
3.37110000,0.0047686234871807
3.37500000,0.0039751493165122
3.37890000,0.0032317784039571
3.38280000,0.0025286004170784
3.38680000,0.0018678630169729
3.39070000,0.0012699123797151
3.39460000,0.0007186173785296
3.39850000,0.0001873369707789
3.40240000,-0.0003267236061572
3.40630000,-0.0008191611157831
3.41020000,-0.0012797793923020
3.41410000,-0.0017032801434350
3.41800000,-0.0020897165516302
3.42190000,-0.0024333014083234
3.42580000,-0.0027237981571827
3.42970000,-0.0029546051283758
3.43360000,-0.0031331437293663
3.43750000,-0.0032781159642237
3.44140000,-0.0034054194463068
3.44530000,-0.0035264107557385
3.44930000,-0.0036490691287542
3.45320000,-0.0037810604714159
3.45710000,-0.0039353771147084
3.46100000,-0.0041125106162521
3.46490000,-0.0042895201714118
3.46880000,-0.0044336362708522
3.47270000,-0.0045158280023831
3.47660000,-0.0045167319863596
3.48050000,-0.0044209376020503
3.48440000,-0.0042134444652813
3.48830000,-0.0038848037301189
3.49220000,-0.0034428349382702
3.49610000,-0.0029098207854117
3.50000000,-0.0023102728214181
3.50390000,-0.0016695879422759
3.50780000,-0.0009963467416153
3.51180000,-0.0003091680073591
3.51570000,0.0003446191881007
3.51960000,0.0009430816847139
3.52350000,0.0014809183135969
3.52740000,0.0019463163434956
3.53130000,0.0023274324433322
3.53520000,0.0025998789040716
3.53910000,0.0027379086493593
3.54300000,0.0027287913782636
3.54690000,0.0025725636039342
3.55080000,0.0022714857564798
3.55470000,0.0018265403690231
3.55860000,0.0012418589015102
3.56250000,0.0005349795059976
3.56640000,-0.0002518466153205
3.57030000,-0.0010919134938289
3.57430000,-0.0019604559145644
3.57820000,-0.0028088397195115
3.58210000,-0.0036165483502791
3.58600000,-0.0043665744118151
3.58990000,-0.0050310073791566
3.59380000,-0.0056078332924381
3.59770000,-0.0061051905721582
3.60160000,-0.0065291412368531
3.60550000,-0.0068811178275593
3.60940000,-0.0071623238321414
3.61330000,-0.0073855849200897
3.61720000,-0.0075702540118954
3.62110000,-0.0077298339029398
3.62500000,-0.0078643288337423
3.62890000,-0.0079650926972487
3.63280000,-0.0080266166635570
3.63680000,-0.0080470524476715
3.64070000,-0.0080214287441894
3.64460000,-0.0079421973579514
3.64850000,-0.0078037050285938
3.65240000,-0.0076097483539910
3.65630000,-0.0073758278610060
3.66020000,-0.0071183691649333
3.66410000,-0.0068457022053199
3.66800000,-0.0065617952159631
3.67190000,-0.0062769873964333
3.67580000,-0.0060105505287640
3.67970000,-0.0057802552396176
3.68360000,-0.0055911979734564
3.68750000,-0.0054371862056070
3.69140000,-0.0053123965782001
3.69530000,-0.0052167511267176
3.69930000,-0.0051513242527663
3.70320000,-0.0051105518222174
3.70710000,-0.0050808934582438
3.71100000,-0.0050527720823107
3.71490000,-0.0050290125042478
3.71880000,-0.0050193875869331
3.72270000,-0.0050320483295878
3.72660000,-0.0050729292596157
3.73050000,-0.0051538552610669
3.73440000,-0.0052952353031106
3.73830000,-0.0055191192388392
3.74220000,-0.0058335132875548
3.74610000,-0.0062307838493567
3.75000000,-0.0066978156602642
3.75390000,-0.0072174885050277
3.75780000,-0.0077839250427971
3.76180000,-0.0083751630087072
3.76570000,-0.0089365428265113
3.76960000,-0.0094360517339380
3.77350000,-0.0098620676538598
3.77740000,-0.0102065827690288
3.78130000,-0.0104735627496057
3.78520000,-0.0106647165535567
3.78910000,-0.0107860755298156
3.79300000,-0.0108592839431141
3.79690000,-0.0109163363178007
3.80080000,-0.0109889946075972
3.80470000,-0.0110960123589988
3.80860000,-0.0112480160877960
3.81250000,-0.0114565301290608
3.81640000,-0.0117280081640442
3.82030000,-0.0120644340990507
3.82430000,-0.0124435221534934
3.82820000,-0.0128143208482467
3.83210000,-0.0131389690106782
3.83600000,-0.0133895731017640
3.83990000,-0.0135327321829649
3.84380000,-0.0135367550002820
3.84770000,-0.0133731487973631
3.85160000,-0.0130306588134151
3.85550000,-0.0125219796929815
3.85940000,-0.0118748025395101
3.86330000,-0.0111191382948003
3.86720000,-0.0102870857957867
3.87110000,-0.0094183728386665
3.87500000,-0.0085612014876907
3.87890000,-0.0077674411969621
3.88280000,-0.0070587962076995
3.88680000,-0.0064403218430829
3.89070000,-0.0059267914071304
3.89460000,-0.0055117034798480
3.89850000,-0.0051809687095044
3.90240000,-0.0049219930211149
3.90630000,-0.0047071047951646
3.91020000,-0.0045142309807552
3.91410000,-0.0043378872768161
3.91800000,-0.0041856575477543
3.92190000,-0.0040686086182006
3.92580000,-0.0039959916964890
3.92970000,-0.0039802291079409
3.93360000,-0.0040442860506611
3.93750000,-0.0042162335655515
3.94140000,-0.0045081060670279
3.94530000,-0.0049239826986666
3.94930000,-0.0054504329684297
3.95320000,-0.0060525464580345
3.95710000,-0.0067123682142604
3.96100000,-0.0074075309468233
3.96490000,-0.0080936891539194
3.96880000,-0.0087323457427935
3.97270000,-0.0092999765925060
3.97660000,-0.0097921364129177
3.98050000,-0.0102141799917228
3.98440000,-0.0105682933448987
3.98830000,-0.0108550800878452
3.99220000,-0.0110787232661474
3.99610000,-0.0112466776548422
4.00000000,-0.0113619938935698
4.00390000,-0.0114197590506695
4.00780000,-0.0114116854212346
4.01180000,-0.0113389909271724
4.01570000,-0.0112169413524934
4.01960000,-0.0110613286211345
4.02350000,-0.0108805097382953
4.02740000,-0.0106785879829064
4.03130000,-0.0104625964376392
4.03520000,-0.0102469650662663
4.03910000,-0.0100459784541115
4.04300000,-0.0098643431591049
4.04690000,-0.0096987919761358
4.05080000,-0.0095490474120418
4.05470000,-0.0094243799011581
4.05860000,-0.0093370432671682
4.06250000,-0.0092909769779603
4.06640000,-0.0092790046791759
4.07030000,-0.0092912610016929
4.07430000,-0.0093204214078172
4.07820000,-0.0093575964478645
4.08210000,-0.0093870941498917
4.08600000,-0.0093859149206654
4.08990000,-0.0093341268116163
4.09380000,-0.0092265216985131
4.09770000,-0.0090700503791320
4.10160000,-0.0088722545498016
4.10550000,-0.0086359568870153
4.10940000,-0.0083671712675308
4.11330000,-0.0080834983426588
4.11720000,-0.0078102446281472
4.12110000,-0.0075652884256721
4.12500000,-0.0073505809465189
4.12890000,-0.0071595983963782
4.13280000,-0.0069813531488720
4.13680000,-0.0068073697506083
4.14070000,-0.0066320302135239
4.14460000,-0.0064397863331172
4.14850000,-0.0062171216805911
4.15240000,-0.0059658053294912
4.15630000,-0.0056953551881152
4.16020000,-0.0054129680883309
4.16410000,-0.0051144695948057
4.16800000,-0.0047887265061844
4.17190000,-0.0044315866956061
4.17580000,-0.0040480093592482
4.17970000,-0.0036451242868929
4.18360000,-0.0032221469804208
4.18750000,-0.0027746129121231
4.19140000,-0.0023133860556736
4.19530000,-0.0018574703132463
4.19930000,-0.0014364638953321
4.20320000,-0.0010884203297204
4.20710000,-0.0008282291890612
4.21100000,-0.0006656377919025
4.21490000,-0.0006201402215113
4.21880000,-0.0007003418550613
4.22270000,-0.0008982164886030
4.22660000,-0.0011892370854264
4.23050000,-0.0015438482840986
4.23440000,-0.0019379019445147
4.23830000,-0.0023481112624489
4.24220000,-0.0027439996813275
4.24610000,-0.0030891038538170
4.25000000,-0.0033535352761686
4.25390000,-0.0035235164374550
4.25780000,-0.0035994987364364
4.26180000,-0.0035843141472734
4.26570000,-0.0034777514111710
4.26960000,-0.0032854508030733
4.27350000,-0.0030238056484746
4.27740000,-0.0027148799252356
4.28130000,-0.0023775221127921
4.28520000,-0.0020230804474955
4.28910000,-0.0016624913928799
4.29300000,-0.0013142223043094
4.29690000,-0.0010011454362265
4.30080000,-0.0007400934231817
4.30470000,-0.0005355841257122
4.30860000,-0.0003852032168547
4.31250000,-0.0002877595124594
4.31640000,-0.0002428718774746
4.32030000,-0.0002465980014849
4.32430000,-0.0002855433245058
4.32820000,-0.0003401174198200
4.33210000,-0.0003967251600574
4.33600000,-0.0004480150121372
4.33990000,-0.0004876269699272
4.34380000,-0.0005094131842462
4.34770000,-0.0005093543275962
4.35160000,-0.0004896134340518
4.35550000,-0.0004580197441224
4.35940000,-0.0004224028415300
4.36330000,-0.0003865753261545
4.36720000,-0.0003506208582172
4.37110000,-0.0003144531708324
4.37500000,-0.0002790315648158
4.37890000,-0.0002439011437418
4.38280000,-0.0002069696342646
4.38680000,-0.0001644823683839
4.39070000,-0.0001132774782619
4.39460000,-0.0000541987288745
4.39850000,0.0000103091358034
4.40240000,0.0000780839991754
4.40630000,0.0001464477729337
4.41020000,0.0002119820517234
4.41410000,0.0002709341980727
4.41800000,0.0003204034662073
4.42190000,0.0003590401348407
4.42580000,0.0003868540366842
4.42970000,0.0004047062735702
4.43360000,0.0004142250716309
4.43750000,0.0004177808655410
4.44140000,0.0000000000000000
