Velocity, Vel [m/s]
1150,0
0.00000000,-0.0000000000000000
0.00390000,0.0010753731132371
0.00780000,0.0010751619295722
0.01170000,0.0010773941274458
0.01560000,0.0010832985728524
0.01950000,0.0010922368024510
0.02340000,0.0011011895108493
0.02740000,0.0011051612226728
0.03130000,0.0010987371003483
0.03520000,0.0010783126661043
0.03910000,0.0010453218713416
0.04300000,0.0010086905944979
0.04690000,0.0009839562781415
0.05080000,0.0009899553322959
0.05470000,0.0010446978635738
0.05860000,0.0011622598764471
0.06250000,0.0013506877574750
0.06640000,0.0016108158245554
0.07030000,0.0019356175251841
0.07420000,0.0023121824540700
0.07810000,0.0027248999078710
0.08200000,0.0031551632802184
0.08590000,0.0035850060517035
0.08990000,0.0039906899899354
0.09380000,0.0043379911530132
0.09770000,0.0046027392536481
0.10160000,0.0047757050059706
0.10550000,0.0048603658470574
0.10940000,0.0048801941969669
0.11330000,0.0048761695838424
0.11720000,0.0049079918574187
0.12110000,0.0050501912776375
0.12500000,0.0053736747427334
0.12890000,0.0059223867311565
0.13280000,0.0066926902598815
0.13670000,0.0076298188203274
0.14060000,0.0086381487174480
0.14450000,0.0095961729995001
0.14840000,0.0103847457202878
0.15240000,0.0109086000910261
0.15630000,0.0111173683049296
0.16020000,0.0110341795777911
0.16410000,0.0107391328722182
0.16800000,0.0103305072915386
0.17190000,0.0098963204013524
0.17580000,0.0094896638037408
0.17970000,0.0091234524653592
0.18360000,0.0087734984138960
0.18750000,0.0083855660605397
0.19140000,0.0078901497826035
0.19530000,0.0072333627574458
0.19920000,0.0064022184757293
0.20310000,0.0054335925509472
0.20700000,0.0044138812035653
0.21090000,0.0034336939686549
0.21490000,0.0025928415105478
0.21880000,0.0020056908138574
0.22270000,0.0017219466878170
0.22660000,0.0017285069650588
0.23050000,0.0019680562182140
0.23440000,0.0023291381532047
0.23830000,0.0026866748252936
0.24220000,0.0029289819235993
0.24610000,0.0029704968978093
0.25000000,0.0027643298234931
0.25390000,0.0023095460840264
0.25780000,0.0016612733982832
0.26170000,0.0009195851073307
0.26560000,0.0001987620834483
0.26950000,-0.0004048756314164
0.27340000,-0.0008421721738494
0.27740000,-0.0011043322376000
0.28130000,-0.0012063888629866
0.28520000,-0.0011949366045656
0.28910000,-0.0011293753024820
0.29300000,-0.0010568974076385
0.29690000,-0.0010023519526804
0.30080000,-0.0009592448083917
0.30470000,-0.0009035259050583
0.30860000,-0.0008172058505586
0.31250000,-0.0007004541399061
0.31640000,-0.0005689356145276
0.32030000,-0.0004418406220954
0.32420000,-0.0003367264888919
0.32810000,-0.0002700357346669
0.33200000,-0.0002550480229070
0.33590000,-0.0003024302222871
0.33990000,-0.0004171519170613
0.34380000,-0.0006020962450678
0.34770000,-0.0008725816656282
0.35160000,-0.0012491504558135
0.35550000,-0.0017378376230971
0.35940000,-0.0023176899042989
0.36330000,-0.0029398072668027
0.36720000,-0.0035452672860064
0.37110000,-0.0040853517603616
0.37500000,-0.0045301582442710
0.37890000,-0.0048657248912228
0.38280000,-0.0050901417900404
0.38670000,-0.0052099160026408
0.39060000,-0.0052352324573839
0.39450000,-0.0051742324932156
0.39840000,-0.0050163476089334
0.40240000,-0.0047423069864397
0.40630000,-0.0043462490367224
0.41020000,-0.0038325759091074
0.41410000,-0.0032254273817163
0.41800000,-0.0025657604061992
0.42190000,-0.0018924328971920
0.42580000,-0.0012425719837478
0.42970000,-0.0006521110545910
0.43360000,-0.0001518261526323
0.43750000,0.0002399287305691
0.44140000,0.0005161829585231
0.44530000,0.0006721325679658
0.44920000,0.0006891118218645
0.45310000,0.0005335186688158
0.45700000,0.0001827520583497
0.46090000,-0.0003771418746208
0.46490000,-0.0011217585641071
0.46880000,-0.0019720771044750
0.47270000,-0.0028510599579050
0.47660000,-0.0036686166045190
0.48050000,-0.0043112117541240
0.48440000,-0.0046865956934650
0.48830000,-0.0047395633270213
0.49220000,-0.0044652952691620
0.49610000,-0.0039067944724491
0.50000000,-0.0031384250263393
0.50390000,-0.0022562592623842
0.50780000,-0.0013673445512269
0.51170000,-0.0005768651388502
0.51560000,0.0000321154982852
0.51950000,0.0004174082232991
0.52340000,0.0005799929560022
0.52740000,0.0005520341263641
0.53130000,0.0003819011922025
0.53520000,0.0001253632511429
0.53910000,-0.0001566411627086
0.54300000,-0.0004079360139824
0.54690000,-0.0005955562489745
0.55080000,-0.0007194256725300
0.55470000,-0.0008045764990166
0.55860000,-0.0008825671667781
0.56250000,-0.0009776649095276
0.56640000,-0.0011038536861389
0.57030000,-0.0012652015685184
0.57420000,-0.0014510397611900
0.57810000,-0.0016306070726084
0.58200000,-0.0017599371756662
0.58590000,-0.0018014019999511
0.58990000,-0.0017485135306681
0.59380000,-0.0016364521830487
0.59770000,-0.0015305994586506
0.60160000,-0.0015144972174983
0.60550000,-0.0016821080608086
0.60940000,-0.0021278183945381
0.61330000,-0.0029287342492695
0.61720000,-0.0041173516489720
0.62110000,-0.0056624318017921
0.62500000,-0.0074722343289586
0.62890000,-0.0094173701580951
0.63280000,-0.0113533671390689
0.63670000,-0.0131384849080100
0.64060000,-0.0146487783104982
0.64450000,-0.0157918063449565
0.64840000,-0.0165319563790268
0.65240000,-0.0168804799494591
0.65630000,-0.0168691882224174
0.66020000,-0.0165529110677240
0.66410000,-0.0159911894261174
0.66800000,-0.0152422853457793
0.67190000,-0.0143785319025419
0.67580000,-0.0134764885647285
0.67970000,-0.0126080918809988
0.68360000,-0.0118422263432332
0.68750000,-0.0112487630618567
0.69140000,-0.0109075226854942
0.69530000,-0.0108900238211361
0.69920000,-0.0112455075313605
0.70310000,-0.0119900452248962
0.70700000,-0.0130854997088560
0.71090000,-0.0144919780247662
0.71490000,-0.0161220429853510
0.71880000,-0.0178011771008622
0.72270000,-0.0193958577543622
0.72660000,-0.0208009629889460
0.73050000,-0.0219199486701222
0.73440000,-0.0227205863056939
0.73830000,-0.0232034993805448
0.74220000,-0.0233913223885585
0.74610000,-0.0233312645543291
0.75000000,-0.0230897361576968
0.75390000,-0.0227509474244627
0.75780000,-0.0223972036357529
0.76170000,-0.0220984103788781
0.76560000,-0.0219110157156991
0.76950000,-0.0218747655731073
0.77340000,-0.0220096422747655
0.77740000,-0.0222866779832985
0.78130000,-0.0226086055979359
0.78520000,-0.0228379245699889
0.78910000,-0.0228149493465560
0.79300000,-0.0223758836410781
0.79690000,-0.0213819778539989
0.80080000,-0.0197391812618428
0.80470000,-0.0174296721275556
0.80860000,-0.0145424814156050
0.81250000,-0.0112785472525313
0.81640000,-0.0079247580592012
0.82030000,-0.0048005838608768
0.82420000,-0.0022022859837812
0.82810000,-0.0003504626221291
0.83200000,0.0006620759595755
0.83590000,0.0008977709295376
0.83990000,0.0005891663980439
0.84380000,0.0001070579664630
0.84770000,-0.0001390071082310
0.85160000,0.0002174792770580
0.85550000,0.0014333371651055
0.85940000,0.0035977626737884
0.86330000,0.0066159000906442
0.86720000,0.0102232124335188
0.87110000,0.0140406708905190
0.87500000,0.0176635970749883
0.87890000,0.0207661767302886
0.88280000,0.0231729545540537
0.88670000,0.0248920608470886
0.89060000,0.0260987850978337
0.89450000,0.0270675261342735
0.89840000,0.0281480515771001
0.90240000,0.0296439805446947
0.90630000,0.0317003362683271
0.91020000,0.0343623561846541
0.91410000,0.0375402114466042
0.91800000,0.0410141028182649
0.92190000,0.0445472862571708
0.92580000,0.0479264614956050
0.92970000,0.0510028744862368
0.93360000,0.0537200117576758
0.93750000,0.0561076238695638
0.94140000,0.0582690862605725
0.94530000,0.0603254484319140
0.94920000,0.0623718029674669
0.95310000,0.0644486431002155
0.95700000,0.0665177114170525
0.96090000,0.0685393442874250
0.96490000,0.0704395281643136
0.96880000,0.0720745821390574
0.97270000,0.0733739022039190
0.97660000,0.0743059463075051
0.98050000,0.0748344555416957
0.98440000,0.0749700285607409
0.98830000,0.0747291978019266
0.99220000,0.0741264541055882
0.99610000,0.0731907524832090
1.00000000,0.0719799111178178
1.00390000,0.0706028816717841
1.00780000,0.0692105227522972
1.01170000,0.0679803171397591
1.01560000,0.0670910859931055
1.01950000,0.0666787897351960
1.02340000,0.0668007590164376
1.02740000,0.0673625462058123
1.03130000,0.0680747790889905
1.03520000,0.0685183168241322
1.03910000,0.0682090908661682
1.04300000,0.0666877262313639
1.04690000,0.0636334533416233
1.05080000,0.0589313610123506
1.05470000,0.0527096179320398
1.05860000,0.0453246886878296
1.06250000,0.0372969404593938
1.06640000,0.0291776052206955
1.07030000,0.0214399754372646
1.07420000,0.0143714130971771
1.07810000,0.0080359653644156
1.08200000,0.0023611794462930
1.08590000,-0.0029737107689884
1.08990000,-0.0083228667330506
1.09380000,-0.0138562690017627
1.09770000,-0.0198427312330912
1.10160000,-0.0264533727315342
1.10550000,-0.0336053829742600
1.10940000,-0.0411678054286070
1.11330000,-0.0489532629793866
1.11720000,-0.0567716496189083
1.12110000,-0.0644825499328768
1.12500000,-0.0719876694437497
1.12890000,-0.0792611072532216
1.13280000,-0.0862964170137101
1.13670000,-0.0930769370922882
1.14060000,-0.0995383926451559
1.14450000,-0.1054994848171033
1.14840000,-0.1108173610467666
1.15240000,-0.1152942873225008
1.15630000,-0.1185939026987105
1.16020000,-0.1205766079145444
1.16410000,-0.1212124173113528
1.16800000,-0.1204795734027855
1.17190000,-0.1185047554851106
1.17580000,-0.1154868063294822
1.17970000,-0.1116673575610302
1.18360000,-0.1073182985968334
1.18750000,-0.1027164062869599
1.19140000,-0.0981463270842236
1.19530000,-0.0938788598587141
1.19920000,-0.0901395607583452
1.20310000,-0.0870774303117095
1.20700000,-0.0847581775363146
1.21090000,-0.0831170693903086
1.21490000,-0.0819803617607721
1.21880000,-0.0811015710155589
1.22270000,-0.0801234441232515
1.22660000,-0.0786810643749566
1.23050000,-0.0765163619678249
1.23440000,-0.0735003719365732
1.23830000,-0.0696647584405932
1.24220000,-0.0651835438181891
1.24610000,-0.0603291156544411
1.25000000,-0.0554260691799296
1.25390000,-0.0507717811414132
1.25780000,-0.0465809767980824
1.26170000,-0.0429345328292761
1.26560000,-0.0397787033532517
1.26950000,-0.0369960100871474
1.27340000,-0.0343674705880005
1.27740000,-0.0316800673332589
1.28130000,-0.0288207843937108
1.28520000,-0.0256207474749624
1.28910000,-0.0219531861890964
1.29300000,-0.0178200177325470
1.29690000,-0.0132607258099751
1.30080000,-0.0083725880762355
1.30470000,-0.0033054130638789
1.30860000,0.0017457237350030
1.31250000,0.0065442522215910
1.31640000,0.0108559619992737
1.32030000,0.0144872777556658
1.32420000,0.0173153050955929
1.32810000,0.0192975567958260
1.33200000,0.0204715448136912
1.33590000,0.0209477482451480
1.33990000,0.0208942370772663
1.34380000,0.0205052453150821
1.34770000,0.0199548323225356
1.35160000,0.0193667820230586
1.35550000,0.0188125241782470
1.35940000,0.0183288961960543
1.36330000,0.0179390646606472
1.36720000,0.0176602485599985
1.37110000,0.0175049304144805
1.37500000,0.0174846017026594
1.37890000,0.0176147064354969
1.38280000,0.0179059486876327
1.38670000,0.0183468942304470
1.39060000,0.0188902541711830
1.39450000,0.0194544098870181
1.39840000,0.0199610014576829
1.40240000,0.0203523945068621
1.40630000,0.0205982468094003
1.41020000,0.0207292093628551
1.41410000,0.0208334255996830
1.41800000,0.0210485131342912
1.42190000,0.0215606093320081
1.42580000,0.0225631913937353
1.42970000,0.0242111398438152
1.43360000,0.0265868853457082
1.43750000,0.0296774431834599
1.44140000,0.0333789121904328
1.44530000,0.0374914656391210
1.44920000,0.0417456424145376
1.45310000,0.0458466511424201
1.45700000,0.0495033454614135
1.46090000,0.0525497081628978
1.46490000,0.0549002924952437
1.46880000,0.0564818187829556
1.47270000,0.0573751032311836
1.47660000,0.0577380602438650
1.48050000,0.0577238244382606
1.48440000,0.0575273515038543
1.48830000,0.0573259502739287
1.49220000,0.0572574755976847
1.49610000,0.0574172014617429
1.50000000,0.0578468892600014
1.50390000,0.0585327179235969
1.50780000,0.0593932030549783
1.51170000,0.0602828635560496
1.51560000,0.0610205777125648
1.51950000,0.0614408620656500
1.52340000,0.0614192580397500
1.52740000,0.0609097615476459
1.53130000,0.0599656981256310
1.53520000,0.0587007159060882
1.53910000,0.0572865362846739
1.54300000,0.0559319167908650
1.54690000,0.0548153915862777
1.55080000,0.0540475794735744
1.55470000,0.0536560567804515
1.55860000,0.0535995007543343
1.56250000,0.0537974289140042
1.56640000,0.0541470086232516
1.57030000,0.0545385093518781
1.57420000,0.0548681984785694
1.57810000,0.0550546216318361
1.58200000,0.0550518975127426
1.58590000,0.0548256092820220
1.58990000,0.0543522359887312
1.59380000,0.0536291267884705
1.59770000,0.0526535705451735
1.60160000,0.0514502348086451
1.60550000,0.0500862568997258
1.60940000,0.0486449452243758
1.61330000,0.0472210343048695
1.61720000,0.0459153738690170
1.62110000,0.0448259722142707
1.62500000,0.0440314422805739
1.62890000,0.0435646818628087
1.63280000,0.0434018834525107
1.63670000,0.0434693702099948
1.64060000,0.0436620884466445
1.64450000,0.0438608022159112
1.64840000,0.0439338789954648
1.65240000,0.0437557034950219
1.65630000,0.0432366063033839
1.66020000,0.0423362304581464
1.66410000,0.0410797385035946
1.66800000,0.0395506791548895
1.67190000,0.0378614054686762
1.67580000,0.0361377108736579
1.67970000,0.0345060363725954
1.68360000,0.0330758679387681
1.68750000,0.0319193474963382
1.69140000,0.0310588552114890
1.69530000,0.0304756514245370
1.69920000,0.0301301211060227
1.70310000,0.0299752385765880
1.70700000,0.0299545462591080
1.71090000,0.0299944463068970
1.71490000,0.0300084259637357
1.71880000,0.0299130046970450
1.72270000,0.0296404082148813
1.72660000,0.0291419116629948
1.73050000,0.0283869065568653
1.73440000,0.0273680734293981
1.73830000,0.0261133186856195
1.74220000,0.0246888179352637
1.74610000,0.0231830366908728
1.75000000,0.0216811387989950
1.75390000,0.0202481747357100
1.75780000,0.0189326891295504
1.76170000,0.0177768564801937
1.76560000,0.0168200479781322
1.76950000,0.0160981804002462
1.77340000,0.0156382870359439
1.77740000,0.0154708075651917
1.78130000,0.0156362647782056
1.78520000,0.0161583329865075
1.78910000,0.0170283234506498
1.79300000,0.0182018924833846
1.79690000,0.0196041787575257
1.80080000,0.0211524582504973
1.80470000,0.0227653404836860
1.80860000,0.0243562759120237
1.81250000,0.0258306333372392
1.81640000,0.0270881192309220
1.82030000,0.0280408426131760
1.82420000,0.0286175442086057
1.82810000,0.0287638511539725
1.83200000,0.0284635164659040
1.83590000,0.0277244881217937
1.83990000,0.0266308643695813
1.84380000,0.0253701464350147
1.84770000,0.0241240707759709
1.85160000,0.0230509149176691
1.85550000,0.0222793542975834
1.85940000,0.0218504810890382
1.86330000,0.0217188334401523
1.86720000,0.0217472812511125
1.87110000,0.0217182464702456
1.87500000,0.0213904275014206
1.87890000,0.0205443492379875
1.88280000,0.0190479074175291
1.88670000,0.0168600251700693
1.89060000,0.0140163414128371
1.89450000,0.0106607382108782
1.89840000,0.0069069255943477
1.90240000,0.0029274272738963
1.90630000,-0.0009799311118824
1.91020000,-0.0047037669096909
1.91410000,-0.0082306248109413
1.91800000,-0.0115213064637547
1.92190000,-0.0146146556070699
1.92580000,-0.0175687370244900
1.92970000,-0.0204612144084192
1.93360000,-0.0233895606535154
1.93750000,-0.0264246328508318
1.94140000,-0.0296057956276712
1.94530000,-0.0329164888225370
1.94920000,-0.0363011976602545
1.95310000,-0.0396754832004777
1.95700000,-0.0428977844305505
1.96090000,-0.0458616394419553
1.96490000,-0.0484507527433378
1.96880000,-0.0505085624165191
1.97270000,-0.0520400011823197
1.97660000,-0.0531413184414562
1.98050000,-0.0539072381938106
1.98440000,-0.0544898994348295
1.98830000,-0.0550503547973449
1.99220000,-0.0557389156315923
1.99610000,-0.0566701882329117
2.00000000,-0.0578823347829097
2.00390000,-0.0593357237937638
2.00780000,-0.0609233882112821
2.01170000,-0.0624995048183765
2.01560000,-0.0639034331946174
2.01950000,-0.0649788390040192
2.02340000,-0.0656024202265553
2.02740000,-0.0657077921389948
2.03130000,-0.0652983559304028
2.03520000,-0.0644452156599424
2.03910000,-0.0632550410818171
2.04300000,-0.0618383641230087
2.04690000,-0.0602987645081478
2.05080000,-0.0587267136330897
2.05470000,-0.0571925471894937
2.05860000,-0.0557382848972774
2.06250000,-0.0543792314911945
2.06640000,-0.0531215681453805
2.07030000,-0.0519832795290704
2.07420000,-0.0510013430728695
2.07810000,-0.0502208960412731
2.08200000,-0.0496795906753915
2.08590000,-0.0493986971011175
2.08990000,-0.0493820106078836
2.09380000,-0.0496101914572644
2.09770000,-0.0500260019276766
2.10160000,-0.0505298011320018
2.10550000,-0.0509968324352074
2.10940000,-0.0513108910986289
2.11330000,-0.0513948964794131
2.11720000,-0.0512242487027849
2.12110000,-0.0508299207033954
2.12500000,-0.0502968657576656
2.12890000,-0.0497652542071949
2.13280000,-0.0494033470250818
2.13670000,-0.0493728805777413
2.14060000,-0.0497887090834630
2.14450000,-0.0506731686029949
2.14840000,-0.0520028249524009
2.15240000,-0.0536734462897207
2.15630000,-0.0554752335616169
2.16020000,-0.0572319888718862
2.16410000,-0.0587968965267195
2.16800000,-0.0600479352363539
2.17190000,-0.0609622254769506
2.17580000,-0.0615900038842722
2.17970000,-0.0620276597284484
2.18360000,-0.0623906578153224
2.18750000,-0.0627839714180229
2.19140000,-0.0632880929904960
2.19530000,-0.0639350698424590
2.19920000,-0.0646907925271788
2.20310000,-0.0654553990533053
2.20700000,-0.0660898473145636
2.21090000,-0.0664515019999202
2.21490000,-0.0664234827999141
2.21880000,-0.0659283237839592
2.22270000,-0.0649288740336742
2.22660000,-0.0634377187102725
2.23050000,-0.0615230731985537
2.23440000,-0.0592924580044740
2.23830000,-0.0568634283279959
2.24220000,-0.0543342666368912
2.24610000,-0.0517709843721319
2.25000000,-0.0492162178989270
2.25390000,-0.0466880415470412
2.25780000,-0.0441903127294580
2.26170000,-0.0417100598231375
2.26560000,-0.0392312111969018
2.26950000,-0.0367837091178954
2.27340000,-0.0343784725371501
2.27740000,-0.0320622552173448
2.28130000,-0.0299607737860771
2.28520000,-0.0281075800576683
2.28910000,-0.0265087924778950
2.29300000,-0.0252115771015554
2.29690000,-0.0242246953514824
2.30080000,-0.0235391358845433
2.30470000,-0.0231277841802951
2.30860000,-0.0229499602587730
2.31250000,-0.0229694392906247
2.31640000,-0.0231457968293613
2.32030000,-0.0234304419656010
2.32420000,-0.0237654106629090
2.32810000,-0.0240956700636935
2.33200000,-0.0243822543528501
2.33590000,-0.0246096373776149
2.33990000,-0.0247808017240312
2.34380000,-0.0249159779980325
2.34770000,-0.0250683974576878
2.35160000,-0.0253242592642826
2.35550000,-0.0257834439561165
2.35940000,-0.0265308163018580
2.36330000,-0.0276072672884410
2.36720000,-0.0289990272143154
2.37110000,-0.0306390038180437
2.37500000,-0.0324118781560362
2.37890000,-0.0341591619307581
2.38280000,-0.0357030498572576
2.38670000,-0.0368800261289347
2.39060000,-0.0375761314720776
2.39450000,-0.0377535241450056
2.39840000,-0.0374160314078264
2.40240000,-0.0366171855115609
2.40630000,-0.0354718792803295
2.41020000,-0.0340889938723187
2.41410000,-0.0325800540739929
2.41800000,-0.0310626933022536
2.42190000,-0.0296183562887083
2.42580000,-0.0283046067684936
2.42970000,-0.0271672409197254
2.43360000,-0.0262436045795344
2.43750000,-0.0255573670182632
2.44140000,-0.0251000544021731
2.44530000,-0.0248325476854652
2.44920000,-0.0246946953626144
2.45310000,-0.0246153640767519
2.45700000,-0.0245176300089858
2.46090000,-0.0242964837260662
2.46490000,-0.0238392635802970
2.46880000,-0.0230574381876347
2.47270000,-0.0218659927229438
2.47660000,-0.0202008928218147
2.48050000,-0.0180331951926774
2.48440000,-0.0153611330684626
2.48830000,-0.0122343026359963
2.49220000,-0.0087642225469878
2.49610000,-0.0051142289633331
2.50000000,-0.0014779142847372
2.50390000,0.0019507894957646
2.50780000,0.0049962622660924
2.51170000,0.0075208888707219
2.51560000,0.0094455000117383
2.51950000,0.0107606050388609
2.52340000,0.0115380205865570
2.52740000,0.0118930295836451
2.53130000,0.0119374990044748
2.53520000,0.0117827086254775
2.53910000,0.0115156466680376
2.54300000,0.0111803924962330
2.54690000,0.0107872212736646
2.55080000,0.0103113245256695
2.55470000,0.0097149497321198
2.55860000,0.0089833282033791
2.56250000,0.0081457689659561
2.56640000,0.0072857923220571
2.57030000,0.0065193727150397
2.57420000,0.0059846193840194
2.57810000,0.0058328863136949
2.58200000,0.0061931463843167
2.58590000,0.0072009399100451
2.58990000,0.0089173119232294
2.59380000,0.0112653456524891
2.59770000,0.0141594295739006
2.60160000,0.0174796625313483
2.60550000,0.0210413087252692
2.60940000,0.0246657638572318
2.61330000,0.0281792548391715
2.61720000,0.0314411016894024
2.62110000,0.0343696738007434
2.62500000,0.0369347310506744
2.62890000,0.0391471774595867
2.63280000,0.0410323761261616
2.63670000,0.0426235075046178
2.64060000,0.0439594650459492
2.64450000,0.0450674958093055
2.64840000,0.0459747001265913
2.65240000,0.0466841379283326
2.65630000,0.0471737702554306
2.66020000,0.0474774747488214
2.66410000,0.0476792760390296
2.66800000,0.0478817656885607
2.67190000,0.0482088134711393
2.67580000,0.0487798043758816
2.67970000,0.0496996921648173
2.68360000,0.0510453071020577
2.68750000,0.0528344465690044
2.69140000,0.0550136344590203
2.69530000,0.0574563171800041
2.69920000,0.0599947947540845
2.70310000,0.0624535084043545
2.70700000,0.0646544575905927
2.71090000,0.0664771871269390
2.71490000,0.0678389574740850
2.71880000,0.0686773493687151
2.72270000,0.0690493643192352
2.72660000,0.0690722053149356
2.73050000,0.0688488491661819
2.73440000,0.0684844845223624
2.73830000,0.0680598620332207
2.74220000,0.0676301206249177
2.74610000,0.0672215352573922
2.75000000,0.0668208455786464
2.75390000,0.0663852574446369
2.75780000,0.0658688671787141
2.76170000,0.0652474242115760
2.76560000,0.0645256378886575
2.76950000,0.0637361750688792
2.77340000,0.0629012678746647
2.77740000,0.0620506141739085
2.78130000,0.0612417129561783
2.78520000,0.0604954103296936
2.78910000,0.0598032488493650
2.79300000,0.0591459018324035
2.79690000,0.0584805872727913
2.80080000,0.0577707366138575
2.80470000,0.0569948941589591
2.80860000,0.0561399578106478
2.81250000,0.0552007407338025
2.81640000,0.0541804371384088
2.82030000,0.0531051496542998
2.82420000,0.0520202679707992
2.82810000,0.0509732559094991
2.83200000,0.0500049154374629
2.83590000,0.0491193577597436
2.83990000,0.0483109837267099
2.84380000,0.0475851801930336
2.84770000,0.0468949781301273
2.85160000,0.0461568074981576
2.85550000,0.0452874769430481
2.85940000,0.0442097717737515
2.86330000,0.0428871283742106
2.86720000,0.0413282366479075
2.87110000,0.0395759781292421
2.87500000,0.0377048535230026
2.87890000,0.0358114930734746
2.88280000,0.0340066270926962
2.88670000,0.0323832672883569
2.89060000,0.0309851358562764
2.89450000,0.0298074663239183
2.89840000,0.0287821052274750
2.90240000,0.0278286006913135
2.90630000,0.0268953218850419
2.91020000,0.0259021320603395
2.91410000,0.0247767160140493
2.91800000,0.0234994207827500
2.92190000,0.0220846660757925
2.92580000,0.0205824230127217
2.92970000,0.0190516769653831
2.93360000,0.0175372410093206
2.93750000,0.0160727725533886
2.94140000,0.0146841742067065
2.94530000,0.0133962440776577
2.94920000,0.0122248248277795
2.95310000,0.0111745920229512
2.95700000,0.0102563568820537
2.96090000,0.0094781425422863
2.96490000,0.0088612842927806
2.96880000,0.0084434679283959
2.97270000,0.0082266705272605
2.97660000,0.0082021855786238
2.98050000,0.0083842869157113
2.98440000,0.0087967771075843
2.98830000,0.0094691854656248
2.99220000,0.0104220751354656
2.99610000,0.0116644205633039
3.00000000,0.0131976070717301
3.00390000,0.0150208785747522
3.00780000,0.0171120234474230
3.01170000,0.0194270362531342
3.01560000,0.0219091097752077
3.01950000,0.0244725171956678
3.02340000,0.0270908870995534
3.02740000,0.0297202057621528
3.03130000,0.0322226001875727
3.03520000,0.0345454068255459
3.03910000,0.0366660209464830
3.04300000,0.0385278598306487
3.04690000,0.0401152148656912
3.05080000,0.0414124941116392
3.05470000,0.0424080010217960
3.05860000,0.0431146387545225
3.06250000,0.0435692829829335
3.06640000,0.0438350187026630
3.07030000,0.0439781479269723
3.07420000,0.0440583013673566
3.07810000,0.0441295742681691
3.08200000,0.0442408729997251
3.08590000,0.0444377666969785
3.08990000,0.0447411695590743
3.09380000,0.0451360200206393
3.09770000,0.0456000948029242
3.10160000,0.0461129472157701
3.10550000,0.0466515923655660
3.10940000,0.0471865185526620
3.11330000,0.0476712037427034
3.11720000,0.0480480949825117
3.12110000,0.0482585758812140
3.12500000,0.0482491559273217
3.12890000,0.0479601796931089
3.13280000,0.0473357076535072
3.13670000,0.0463291287364961
3.14060000,0.0449174558941445
3.14450000,0.0431373681998113
3.14840000,0.0409980346461633
3.15240000,0.0385385715436520
3.15630000,0.0358910146488077
3.16020000,0.0331129488832546
3.16410000,0.0302517519398725
3.16800000,0.0274015778553755
3.17190000,0.0246103763884855
3.17580000,0.0219087610367238
3.17970000,0.0193174042267893
3.18360000,0.0168453258249352
3.18750000,0.0144985080281129
3.19140000,0.0122596790811727
3.19530000,0.0101044465064564
3.19920000,0.0080096448928746
3.20310000,0.0059636067579279
3.20700000,0.0039879713977723
3.21090000,0.0020687780125237
3.21490000,0.0002093724369746
3.21880000,-0.0015115199942926
3.22270000,-0.0030680387293855
3.22660000,-0.0044480355204435
3.23050000,-0.0056173431336025
3.23440000,-0.0065877084435078
3.23830000,-0.0073858021386104
3.24220000,-0.0080431383709012
3.24610000,-0.0085989584784619
3.25000000,-0.0090949945569116
3.25390000,-0.0095833292641011
3.25780000,-0.0101084505721655
3.26170000,-0.0106996579408580
3.26560000,-0.0113711336672257
3.26950000,-0.0121177397477943
3.27340000,-0.0129483155976393
3.27740000,-0.0138476830977231
3.28130000,-0.0147377947539370
3.28520000,-0.0155445321986979
3.28910000,-0.0161882347638175
3.29300000,-0.0165754374646783
3.29690000,-0.0166373724023713
3.30080000,-0.0163207567154381
3.30470000,-0.0155959376917300
3.30860000,-0.0144709254927137
3.31250000,-0.0129949635095085
3.31640000,-0.0112434077385777
3.32030000,-0.0093007240363361
3.32420000,-0.0072418416883620
3.32810000,-0.0051324063836556
3.33200000,-0.0030581629725615
3.33590000,-0.0010701778845615
3.33990000,0.0007768405518341
3.34380000,0.0023858145870953
3.34770000,0.0037322609410328
3.35160000,0.0048066494166556
3.35550000,0.0055628840195969
3.35940000,0.0059805147067355
3.36330000,0.0060510011593302
3.36720000,0.0057758710363969
3.37110000,0.0051620474658340
3.37500000,0.0042189455332900
3.37890000,0.0029664801972101
3.38280000,0.0014467484758375
3.38670000,-0.0002902136865209
3.39060000,-0.0022039512265563
3.39450000,-0.0042405247756479
3.39840000,-0.0063924636602379
3.40240000,-0.0086227564388611
3.40630000,-0.0108066232315646
3.41020000,-0.0129024728493744
3.41410000,-0.0148994536929920
3.41800000,-0.0167487448586243
3.42190000,-0.0184281970770241
3.42580000,-0.0199177305441392
3.42970000,-0.0212115182443202
3.43360000,-0.0223262085707310
3.43750000,-0.0232790901671677
3.44140000,-0.0240774834799585
3.44530000,-0.0247121544684257
3.44920000,-0.0251681499148400
3.45310000,-0.0254343209453681
3.45700000,-0.0255053129401259
3.46090000,-0.0253682153175782
3.46490000,-0.0250136377089352
3.46880000,-0.0244564682011042
3.47270000,-0.0237254060041722
3.47660000,-0.0228635403531379
3.48050000,-0.0219215962225303
3.48440000,-0.0209417271524159
3.48830000,-0.0199644997850982
3.49220000,-0.0190327227857187
3.49610000,-0.0181839584209542
3.50000000,-0.0174387365308649
3.50390000,-0.0167931987960596
3.50780000,-0.0162301778953562
3.51170000,-0.0157323792228056
3.51560000,-0.0152864660331352
3.51950000,-0.0148804654178257
3.52340000,-0.0144902109492243
3.52740000,-0.0140975951912821
3.53130000,-0.0137128289674787
3.53520000,-0.0133555518140451
3.53910000,-0.0130537806189234
3.54300000,-0.0128440685790841
3.54690000,-0.0127636942164443
3.55080000,-0.0128587740023437
3.55470000,-0.0131775584514650
3.55860000,-0.0137528777312598
3.56250000,-0.0145871067229001
3.56640000,-0.0156564405701447
3.57030000,-0.0169176857450685
3.57420000,-0.0183192124241217
3.57810000,-0.0198001905832736
3.58200000,-0.0212731790345694
3.58590000,-0.0226760184202701
3.58990000,-0.0239530559839063
3.59380000,-0.0250306453959378
3.59770000,-0.0259038076215574
3.60160000,-0.0265912156601495
3.60550000,-0.0270958821881249
3.60940000,-0.0274535734887048
3.61330000,-0.0277193884022061
3.61720000,-0.0279589727820097
3.62110000,-0.0282367571989701
3.62500000,-0.0286004262061648
3.62890000,-0.0290896898117269
3.63280000,-0.0297313342096325
3.63670000,-0.0305333820300516
3.64060000,-0.0314726660688927
3.64450000,-0.0324804747680056
3.64840000,-0.0334842505037035
3.65240000,-0.0343954619742938
3.65630000,-0.0350925491176349
3.66020000,-0.0354898961487514
3.66410000,-0.0355202323142620
3.66800000,-0.0351223108407743
3.67190000,-0.0342821799832065
3.67580000,-0.0330216862289571
3.67970000,-0.0313901492544591
3.68360000,-0.0294594124153987
3.68750000,-0.0273220677101199
3.69140000,-0.0250891957239115
3.69530000,-0.0228798221677164
3.69920000,-0.0207950773219313
3.70310000,-0.0188996883440232
3.70700000,-0.0172356626897632
3.71090000,-0.0157964448978791
3.71490000,-0.0145669136059182
3.71880000,-0.0135526735138983
3.72270000,-0.0126986791360062
3.72660000,-0.0119336714829314
3.73050000,-0.0112249294492574
3.73440000,-0.0105559880708507
3.73830000,-0.0099388394658273
3.74220000,-0.0094045132335372
3.74610000,-0.0089982410492438
3.75000000,-0.0087821491763155
3.75390000,-0.0088307590555031
3.75780000,-0.0092062947720413
3.76170000,-0.0099426535861589
3.76560000,-0.0110396059807499
3.76950000,-0.0124465170074332
3.77340000,-0.0141294505646294
3.77740000,-0.0160190221104980
3.78130000,-0.0179613766474665
3.78520000,-0.0198622740164221
3.78910000,-0.0216594771627775
3.79300000,-0.0232840104366959
3.79690000,-0.0247153350908136
3.80080000,-0.0259440808970949
3.80470000,-0.0269648415591745
3.80860000,-0.0277826641085127
3.81250000,-0.0284091084167792
3.81640000,-0.0288623354159364
3.82030000,-0.0291554802665386
3.82420000,-0.0292946231070608
3.82810000,-0.0292869587252770
3.83200000,-0.0291526907461736
3.83590000,-0.0289135928139886
3.83990000,-0.0285910102331733
3.84380000,-0.0282086725746606
3.84770000,-0.0277774029102983
3.85160000,-0.0273117844348449
3.85550000,-0.0268383657818936
3.85940000,-0.0263768233299360
3.86330000,-0.0259375282748196
3.86720000,-0.0255266413940235
3.87110000,-0.0251552392473596
3.87500000,-0.0248413548769918
3.87890000,-0.0245979136640370
3.88280000,-0.0244236449846813
3.88670000,-0.0243051378337512
3.89060000,-0.0242266684668978
3.89450000,-0.0241750636094898
3.89840000,-0.0241319565583941
3.90240000,-0.0240690133102085
3.90630000,-0.0239532803327571
3.91020000,-0.0237563145858482
3.91410000,-0.0234652631410903
3.91800000,-0.0230813880857421
3.92190000,-0.0226092191992736
3.92580000,-0.0220566956782973
3.92970000,-0.0214432732692340
3.93360000,-0.0208021068227858
3.93750000,-0.0201692462588276
3.94140000,-0.0195639811171884
3.94530000,-0.0189856634854191
3.94920000,-0.0184215805397538
3.95310000,-0.0178583400144522
3.95700000,-0.0172913891894248
3.96090000,-0.0167005769925165
3.96490000,-0.0160689577377134
3.96880000,-0.0154079182776597
3.97270000,-0.0147182026219335
3.97660000,-0.0139994347007402
3.98050000,-0.0132555993897050
3.98440000,-0.0124704415283867
3.98830000,-0.0116229235791958
3.99220000,-0.0106972487443666
3.99610000,-0.0096828618432887
4.00000000,-0.0085737635336120
4.00390000,-0.0073636851092959
4.00780000,-0.0060617916756978
4.01170000,-0.0047024818986205
4.01560000,-0.0033449366452248
4.01950000,-0.0020710963621124
4.02340000,-0.0009429060405431
4.02740000,-0.0000250079072780
4.03130000,0.0005900865618185
4.03520000,0.0008536869969896
4.03910000,0.0007533695834475
4.04300000,0.0002983120115626
4.04690000,-0.0004577694039064
4.05080000,-0.0014456776152034
4.05470000,-0.0025921895413490
4.05860000,-0.0038165026616654
4.06250000,-0.0050312573240805
4.06640000,-0.0061470667317123
4.07030000,-0.0070926796439064
4.07420000,-0.0078238621026255
4.07810000,-0.0083171619303170
4.08200000,-0.0085612640461284
4.08590000,-0.0085445018582445
4.08990000,-0.0082715136717524
4.09380000,-0.0077766076398476
4.09770000,-0.0070962161683562
4.10160000,-0.0062647044448288
4.10550000,-0.0053204580789347
4.10940000,-0.0043059880579677
4.11330000,-0.0032782554552338
4.11720000,-0.0023026033244759
4.12110000,-0.0014400484723305
4.12500000,-0.0007412415540853
4.12890000,-0.0002491060600939
4.13280000,0.0000030696325806
4.13670000,0.0000000043305477
4.14060000,-0.0002429978620652
4.14450000,-0.0006717119542295
4.14840000,-0.0012265978435459
4.15240000,-0.0018466766621867
4.15630000,-0.0024633059115957
4.16020000,-0.0030380162457583
4.16410000,-0.0035474006228320
4.16800000,-0.0039764484126528
4.17190000,-0.0043465209487097
4.17580000,-0.0047035062204684
4.17970000,-0.0050986831781312
4.18360000,-0.0055720586893589
4.18750000,-0.0061450297044965
4.19140000,-0.0068284607024356
4.19530000,-0.0076183809829602
4.19920000,-0.0084876526417602
4.20310000,-0.0093814457459608
4.20700000,-0.0102219977836085
4.21090000,-0.0109432707729096
4.21490000,-0.0114868771789791
4.21880000,-0.0117853586373047
4.22270000,-0.0117919395970860
4.22660000,-0.0114743469085625
4.23050000,-0.0108152854665864
4.23440000,-0.0098324546398982
4.23830000,-0.0085610588702889
4.24220000,-0.0070383333239239
4.24610000,-0.0053002555712962
4.25000000,-0.0033906219152109
4.25390000,-0.0013633884516503
4.25780000,0.0007182329628771
4.26170000,0.0027950617885469
4.26560000,0.0048112545926806
4.26950000,0.0066871557083765
4.27340000,0.0083745476655748
4.27740000,0.0098271260215549
4.28130000,0.0109747709227104
4.28520000,0.0118286315708650
4.28910000,0.0124263321000481
4.29300000,0.0127772816207648
4.29690000,0.0129085781048701
4.30080000,0.0128525700592856
4.30470000,0.0126469717316551
4.30860000,0.0123274100099326
4.31250000,0.0119135000405375
4.31640000,0.0114150291777863
4.32030000,0.0108433410596302
4.32420000,0.0102169998797181
4.32810000,0.0095563592109451
4.33200000,0.0088814723086043
4.33590000,0.0081993516981877
4.33990000,0.0075249178828029
4.34380000,0.0068953906240686
4.34770000,0.0063352197930866
4.35160000,0.0058593684309755
4.35550000,0.0054821726517015
4.35940000,0.0052108724416969
4.36330000,0.0050530179324647
4.36720000,0.0050104359385663
4.37110000,0.0050711459745444
4.37500000,0.0052091996236493
4.37890000,0.0053938111292466
4.38280000,0.0055954880840268
4.38670000,0.0057904310242596
4.39060000,0.0059597343242150
4.39450000,0.0060836341995964
4.39840000,0.0061606254343595
4.40240000,0.0061933074238427
4.40630000,0.0061754953318972
4.41020000,0.0061159860994449
4.41410000,0.0060209186786688
4.41800000,0.0058855786607737
4.42190000,0.0057082529714265
4.42580000,0.0054867678936997
4.42970000,0.0052191181627111
4.43360000,0.0049053094627681
4.43750000,0.0045488611299969
4.44140000,0.0041582861782881
4.44530000,0.0037461562576464
4.44920000,0.0033269242936266
4.45310000,0.0029153880305053
4.45700000,0.0025262931017672
4.46090000,0.0021720837652900
4.46490000,0.0018629028023453
4.46880000,0.0016055881738695
4.47270000,0.0014021083084308
4.47660000,0.0012513556713244
4.48050000,0.0011501179097984
4.48440000,0.0010935153404130
4.48830000,0.0000000000000000
