Velocity, Vel [m/s]
2561,0
0.00000000,-0.0193185127436713
0.00390630,-0.0191799367947638
0.00781250,-0.0190676677625377
0.01171900,-0.0189817523029275
0.01562500,-0.0189167893736958
0.01953100,-0.0188627371848964
0.02343800,-0.0188112490772153
0.02734400,-0.0187607318212255
0.03125000,-0.0187144502186559
0.03515600,-0.0186741364535572
0.03906300,-0.0186371281904863
0.04296900,-0.0185995726651033
0.04687500,-0.0185609315008709
0.05078100,-0.0185233771539039
0.05468800,-0.0184873348010348
0.05859400,-0.0184495432038255
0.06250000,-0.0184069448287383
0.06640600,-0.0183608097461362
0.07031300,-0.0183153160507849
0.07421900,-0.0182719668130600
0.07812500,-0.0182274327009318
0.08203100,-0.0181775221484374
0.08593800,-0.0181223446672731
0.08984400,-0.0180657144544780
0.09375000,-0.0180096933166396
0.09765600,-0.0179513934528307
0.10156000,-0.0178864307780721
0.10547000,-0.0178146226733826
0.10938000,-0.0177401426043706
0.11328000,-0.0176663384652646
0.11719000,-0.0175919133776446
0.12109000,-0.0175125769015184
0.12500000,-0.0174276473597401
0.12891000,-0.0173409476743923
0.13281000,-0.0172565676585957
0.13672000,-0.0171743181182491
0.14063000,-0.0170904688126360
0.14453000,-0.0170035231254383
0.14844000,-0.0169168544806730
0.15234000,-0.0168344306021667
0.15625000,-0.0167566954068506
0.16016000,-0.0166803568892298
0.16406000,-0.0166036961480185
0.16797000,-0.0165298229511250
0.17188000,-0.0164628842717796
0.17578000,-0.0164032846887434
0.17969000,-0.0163480569922629
0.18359000,-0.0162948634727661
0.18750000,-0.0162467074864744
0.19141000,-0.0162077919547223
0.19531000,-0.0161782506739501
0.19922000,-0.0161538538339468
0.20313000,-0.0161295485840176
0.20703000,-0.0161046697081112
0.21094000,-0.0160821951465455
0.21484000,-0.0160617630852371
0.21875000,-0.0160397633826636
0.22266000,-0.0160118390766710
0.22656000,-0.0159785222811490
0.23047000,-0.0159449089887898
0.23438000,-0.0159137694501928
0.23828000,-0.0158830477212750
0.24219000,-0.0158494933065147
0.24609000,-0.0158117999833484
0.25000000,-0.0157723251381785
0.25391000,-0.0157310952926308
0.25781000,-0.0156840215506416
0.26172000,-0.0156270393380288
0.26563000,-0.0155603551209596
0.26953000,-0.0154892864009851
0.27344000,-0.0154193203276189
0.27734000,-0.0153511079892710
0.28125000,-0.0152833174652235
0.28516000,-0.0152164651766071
0.28906000,-0.0151540811120473
0.29297000,-0.0150986461159355
0.29688000,-0.0150468559005281
0.30078000,-0.0149922714173413
0.30469000,-0.0149316560547345
0.30859000,-0.0148660982419274
0.31250000,-0.0147985452028550
0.31641000,-0.0147285706731380
0.32031000,-0.0146537616822042
0.32422000,-0.0145747527991530
0.32813000,-0.0144963410220800
0.33203000,-0.0144236714241732
0.33594000,-0.0143572612884132
0.33984000,-0.0142923885264946
0.34375000,-0.0142258051366285
0.34766000,-0.0141588015421977
0.35156000,-0.0140951333817039
0.35547000,-0.0140361828643557
0.35938000,-0.0139788905883723
0.36328000,-0.0139200400250884
0.36719000,-0.0138603609808371
0.37109000,-0.0138022613123433
0.37500000,-0.0137467953104667
0.37891000,-0.0136912824950950
0.38281000,-0.0136336784417108
0.38672000,-0.0135769213519832
0.39063000,-0.0135261025644176
0.39453000,-0.0134831622034223
0.39844000,-0.0134450675855983
0.40234000,-0.0134062823705233
0.40625000,-0.0133654982086106
0.41016000,-0.0133243475090528
0.41406000,-0.0132835390735150
0.41797000,-0.0132407422726232
0.42188000,-0.0131923192813939
0.42578000,-0.0131386452177499
0.42969000,-0.0130845639096854
0.43359000,-0.0130331180378683
0.43750000,-0.0129830619402269
0.44141000,-0.0129299007796173
0.44531000,-0.0128715281609614
0.44922000,-0.0128099101710803
0.45313000,-0.0127461324926802
0.45703000,-0.0126772493290262
0.46094000,-0.0125987879801177
0.46484000,-0.0125095148934077
0.46875000,-0.0124139889029925
0.47266000,-0.0123174373571470
0.47656000,-0.0122207815985706
0.48047000,-0.0121212770375307
0.48438000,-0.0120173122973377
0.48828000,-0.0119116006056534
0.49219000,-0.0118086044136379
0.49609000,-0.0117098810046790
0.50000000,-0.0116141633787042
0.50391000,-0.0115211037963193
0.50781000,-0.0114339580343617
0.51172000,-0.0113570256456612
0.51563000,-0.0112902519015738
0.51953000,-0.0112288503225852
0.52344000,-0.0111688282697088
0.52734000,-0.0111102464099458
0.53125000,-0.0110564342403062
0.53516000,-0.0110075255114540
0.53906000,-0.0109593114656930
0.54297000,-0.0109081741804668
0.54688000,-0.0108545330656924
0.55078000,-0.0108020401317951
0.55469000,-0.0107526625215554
0.55859000,-0.0107032924506482
0.56250000,-0.0106510071823181
0.56641000,-0.0105963113931810
0.57031000,-0.0105425646011604
0.57422000,-0.0104913563620675
0.57813000,-0.0104392600556203
0.58203000,-0.0103819497257346
0.58594000,-0.0103195796741842
0.58984000,-0.0102556215412565
0.59375000,-0.0101928215026860
0.59766000,-0.0101284226260661
0.60156000,-0.0100573184135769
0.60547000,-0.0099783601003239
0.60938000,-0.0098951954140040
0.61328000,-0.0098118038401415
0.61719000,-0.0097278376660570
0.62109000,-0.0096393741283192
0.62500000,-0.0095450147767051
0.62891000,-0.0094475250667372
0.63281000,-0.0093504489521277
0.63672000,-0.0092539593911715
0.64063000,-0.0091555257235821
0.64453000,-0.0090551488946209
0.64844000,-0.0089573881146812
0.65234000,-0.0088664047856522
0.65625000,-0.0087810064886786
0.66016000,-0.0086952105481914
0.66406000,-0.0086049097463174
0.66797000,-0.0085120249434673
0.67188000,-0.0084209507729142
0.67578000,-0.0083330239090305
0.67969000,-0.0082460144684711
0.68359000,-0.0081587461149601
0.68750000,-0.0080754953909421
0.69141000,-0.0080022401859051
0.69531000,-0.0079404992153472
0.69922000,-0.0078862964301383
0.70313000,-0.0078342778356032
0.70703000,-0.0077831863339021
0.71094000,-0.0077353746938400
0.71484000,-0.0076904097884853
0.71875000,-0.0076443428439931
0.72266000,-0.0075922937657135
0.72656000,-0.0075339832915050
0.73047000,-0.0074735865008362
0.73438000,-0.0074135382798941
0.73828000,-0.0073521071406028
0.74219000,-0.0072869528965568
0.74609000,-0.0072187063766579
0.75000000,-0.0071514704874677
0.75391000,-0.0070866374750614
0.75781000,-0.0070204163825828
0.76172000,-0.0069478674269384
0.76563000,-0.0068678465596045
0.76953000,-0.0067840364348969
0.77344000,-0.0066997216479008
0.77734000,-0.0066127023648593
0.78125000,-0.0065184611828317
0.78516000,-0.0064160458618394
0.78906000,-0.0063103074565319
0.79297000,-0.0062067337071861
0.79688000,-0.0061056167352661
0.80078000,-0.0060031376349196
0.80469000,-0.0058974009983304
0.80859000,-0.0057911557854759
0.81250000,-0.0056884901547059
0.81641000,-0.0055895638609237
0.82031000,-0.0054911867090952
0.82422000,-0.0053923045780206
0.82813000,-0.0052962403081835
0.83203000,-0.0052069061197796
0.83594000,-0.0051237583787160
0.83984000,-0.0050413743252152
0.84375000,-0.0049555964758842
0.84766000,-0.0048671584154515
0.85156000,-0.0047800164208095
0.85547000,-0.0046964210882968
0.85938000,-0.0046148359580262
0.86328000,-0.0045337135488674
0.86719000,-0.0044552085514137
0.87109000,-0.0043826748077544
0.87500000,-0.0043166584919157
0.87891000,-0.0042530072306234
0.88281000,-0.0041878623934271
0.88672000,-0.0041226308408694
0.89063000,-0.0040615429753674
0.89453000,-0.0040062941211082
0.89844000,-0.0039540541172405
0.90234000,-0.0039001464964824
0.90625000,-0.0038446626543819
0.91016000,-0.0037913934920207
0.91406000,-0.0037429919296220
0.91797000,-0.0036976029747360
0.92188000,-0.0036500577676954
0.92578000,-0.0035975339658162
0.92969000,-0.0035413322106932
0.93359000,-0.0034820804415133
0.93750000,-0.0034179838633533
0.94141000,-0.0033456500218998
0.94531000,-0.0032647664618991
0.94922000,-0.0031788457822057
0.95313000,-0.0030902947006831
0.95703000,-0.0029970360748947
0.96094000,-0.0028948441728152
0.96484000,-0.0027826549493225
0.96875000,-0.0026648875617343
0.97266000,-0.0025470507680644
0.97656000,-0.0024308528247020
0.98047000,-0.0023146301884331
0.98438000,-0.0021978990073262
0.98828000,-0.0020837144599075
0.99219000,-0.0019756207210405
0.99609000,-0.0018731715774646
1.00000000,-0.0017724994270483
1.00390000,-0.0016709068064389
1.00780000,-0.0015701805374618
1.01170000,-0.0014736321442267
1.01560000,-0.0013813329961072
1.01950000,-0.0012896395135513
1.02340000,-0.0011956388638813
1.02730000,-0.0011007669236294
1.03130000,-0.0010096190348078
1.03520000,-0.0009224465006869
1.03910000,-0.0008378446955540
1.04300000,-0.0007540477914261
1.04690000,-0.0006734408705003
1.05080000,-0.0006007558220091
1.05470000,-0.0005375520988806
1.05860000,-0.0004799348553309
1.06250000,-0.0004223028750223
1.06640000,-0.0003623144553565
1.07030000,-0.0003010407878060
1.07420000,-0.0002387253877420
1.07810000,-0.0001722570492263
1.08200000,-0.0000980141912360
1.08590000,-0.0000165020397590
1.08980000,0.0000675119353463
1.09380000,0.0001492301693869
1.09770000,0.0002314732231095
1.10160000,0.0003169201056491
1.10550000,0.0004062278995584
1.10940000,0.0004958392672684
1.11330000,0.0005826785520442
1.11720000,0.0006685695447138
1.12110000,0.0007585517050791
1.12500000,0.0008555026681697
1.12890000,0.0009580659455087
1.13280000,0.0010640760620867
1.13670000,0.0011742924434673
1.14060000,0.0012911617371364
1.14450000,0.0014142745562522
1.14840000,0.0015387643404949
1.15230000,0.0016592977697663
1.15630000,0.0017749565699199
1.16020000,0.0018891095157899
1.16410000,0.0020036522827217
1.16800000,0.0021155547425011
1.17190000,0.0022196978255346
1.17580000,0.0023146640204985
1.17970000,0.0024038269906593
1.18360000,0.0024903788603480
1.18750000,0.0025729405685956
1.19140000,0.0026476114037621
1.19530000,0.0027138610808325
1.19920000,0.0027765693287056
1.20310000,0.0028415099891299
1.20700000,0.0029099559238179
1.21090000,0.0029789542879515
1.21480000,0.0030463367375267
1.21880000,0.0031121125112462
1.22270000,0.0031806259513093
1.22660000,0.0032487241901068
1.23050000,0.0033121526204411
1.23440000,0.0033695372508913
1.23830000,0.0034248847210383
1.24220000,0.0034837112175859
1.24610000,0.0035473493056070
1.25000000,0.0036124500450471
1.25390000,0.0036762207052126
1.25780000,0.0037404978944287
1.26170000,0.0038093244262747
1.26560000,0.0038833438021988
1.26950000,0.0039585057182530
1.27340000,0.0040309071676581
1.27730000,0.0041013685997937
1.28130000,0.0041725018490238
1.28520000,0.0042477924808285
1.28910000,0.0043226282652289
1.29300000,0.0043933361321290
1.29690000,0.0044610351424959
1.30080000,0.0045308510310902
1.30470000,0.0046065094445860
1.30860000,0.0046872855515003
1.31250000,0.0047707833672484
1.31640000,0.0048571176541388
1.32030000,0.0049483084726980
1.32420000,0.0050436952666350
1.32810000,0.0051379772368620
1.33200000,0.0052251576530983
1.33590000,0.0053039404771158
1.33980000,0.0053779071193188
1.34380000,0.0054491262266740
1.34770000,0.0055188832922189
1.35160000,0.0055827718184995
1.35550000,0.0056405025529583
1.35940000,0.0056960766073148
1.36330000,0.0057537564022754
1.36720000,0.0058141221211085
1.37110000,0.0058752106800747
1.37500000,0.0059369497552313
1.37890000,0.0060027556695678
1.38280000,0.0060758733457705
1.38670000,0.0061552948361027
1.39060000,0.0062369304303947
1.39450000,0.0063186764431832
1.39840000,0.0064028073576870
1.40230000,0.0064926740741063
1.40630000,0.0065874706155086
1.41020000,0.0066846520525300
1.41410000,0.0067812792777256
1.41800000,0.0068796497297953
1.42190000,0.0069841077039553
1.42580000,0.0070959979898369
1.42970000,0.0072128050439872
1.43360000,0.0073324800827683
1.43750000,0.0074569647362572
1.44140000,0.0075899356801956
1.44530000,0.0077316607134397
1.44920000,0.0078778280325594
1.45310000,0.0080241373118385
1.45700000,0.0081709022609738
1.46090000,0.0083216905176253
1.46480000,0.0084779195636651
1.46880000,0.0086376056410420
1.47270000,0.0087948568793730
1.47660000,0.0089508784082794
1.48050000,0.0091094865489792
1.48440000,0.0092731776872003
1.48830000,0.0094400809438305
1.49220000,0.0096066630862169
1.49610000,0.0097723693448655
1.50000000,0.0099398606192407
1.50390000,0.0101104300495647
1.50780000,0.0102808504752171
1.51170000,0.0104460869978344
1.51560000,0.0106044963794094
1.51950000,0.0107590226360410
1.52340000,0.0109132965328833
1.52730000,0.0110680028920957
1.53130000,0.0112229315240057
1.53520000,0.0113771675270537
1.53910000,0.0115353863858751
1.54300000,0.0116999142337449
1.54690000,0.0118676348611910
1.55080000,0.0120320863091933
1.55470000,0.0121896683919339
1.55860000,0.0123424509073962
1.56250000,0.0124944625143645
1.56640000,0.0126467438437236
1.57030000,0.0127975292287085
1.57420000,0.0129467306597037
1.57810000,0.0130982486278431
1.58200000,0.0132566531567594
1.58590000,0.0134224549901837
1.58980000,0.0135922624538450
1.59380000,0.0137650674018673
1.59770000,0.0139400663959293
1.60160000,0.0141222082164484
1.60550000,0.0143117070998904
1.60940000,0.0145046893085667
1.61330000,0.0146977689070333
1.61720000,0.0148920171333405
1.62110000,0.0150913000454822
1.62500000,0.0152971785966952
1.62890000,0.0155068598660086
1.63280000,0.0157165982833432
1.63670000,0.0159259155972107
1.64060000,0.0161370996818133
1.64450000,0.0163509003995427
1.64840000,0.0165645324811794
1.65230000,0.0167748778041923
1.65630000,0.0169849280666711
1.66020000,0.0171937921031926
1.66410000,0.0174050354968194
1.66800000,0.0176142871427164
1.67190000,0.0178149989989333
1.67580000,0.0180045292674039
1.67970000,0.0181852270365956
1.68360000,0.0183593820935086
1.68750000,0.0185250757351254
1.69140000,0.0186785738688606
1.69530000,0.0188200122999597
1.69920000,0.0189547128410997
1.70310000,0.0190882115553375
1.70700000,0.0192214610775107
1.71090000,0.0193521046389366
1.71480000,0.0194793636546619
1.71880000,0.0196059845633262
1.72270000,0.0197339272978571
1.72660000,0.0198618771040015
1.73050000,0.0199857842522213
1.73440000,0.0201039653321060
1.73830000,0.0202191405441229
1.74220000,0.0203349559565168
1.74610000,0.0204516793678094
1.75000000,0.0205669310536994
1.75390000,0.0206806038744622
1.75780000,0.0207974208890994
1.76170000,0.0209235054359888
1.76560000,0.0210610401764840
1.76950000,0.0212075918235641
1.77340000,0.0213605472728836
1.77730000,0.0215205186537714
1.78130000,0.0216904927216031
1.78520000,0.0218659497635118
1.78910000,0.0220419416182204
1.79300000,0.0222129130641526
1.79690000,0.0223787320929543
1.80080000,0.0225434158847933
1.80470000,0.0227095928181090
1.80860000,0.0228758549468115
1.81250000,0.0230401420088313
1.81640000,0.0232041316463688
1.82030000,0.0233723211898939
1.82420000,0.0235466216614456
1.82810000,0.0237233754855810
1.83200000,0.0238967156295755
1.83590000,0.0240640136850217
1.83980000,0.0242265876593293
1.84380000,0.0243861246351163
1.84770000,0.0245371538083906
1.85160000,0.0246759486132018
1.85550000,0.0248020078413724
1.85940000,0.0249202477590898
1.86330000,0.0250363000758057
1.86720000,0.0251520930297361
1.87110000,0.0252671713233606
1.87500000,0.0253834172840228
1.87890000,0.0255063325404293
1.88280000,0.0256406095434002
1.88670000,0.0257855577024181
1.89060000,0.0259364596671781
1.89450000,0.0260900901883376
1.89840000,0.0262472947741154
1.90230000,0.0264096975033417
1.90630000,0.0265763943847970
1.91020000,0.0267395865187036
1.91410000,0.0268970021545122
1.91800000,0.0270506192666433
1.92190000,0.0272052183012266
1.92580000,0.0273627982750500
1.92970000,0.0275211573666597
1.93360000,0.0276782907884094
1.93750000,0.0278365284973101
1.94140000,0.0280008977098295
1.94530000,0.0281738948095415
1.94920000,0.0283533045841260
1.95310000,0.0285354943252680
1.95700000,0.0287195228452573
1.96090000,0.0289066105898379
1.96480000,0.0290960210568576
1.96880000,0.0292853361132750
1.97270000,0.0294671376180773
1.97660000,0.0296436979915274
1.98050000,0.0298188163357320
1.98440000,0.0299947116560481
1.98830000,0.0301698382721833
1.99220000,0.0303422239159446
1.99610000,0.0305136916118887
2.00000000,0.0306891327563206
2.00390000,0.0308715831839936
2.00780000,0.0310593212229588
2.01170000,0.0312485152173643
2.01560000,0.0314377361765045
2.01950000,0.0316285240080202
2.02340000,0.0318215405754470
2.02730000,0.0320136945343658
2.03130000,0.0322023559784592
2.03520000,0.0323834781667298
2.03910000,0.0325631925037466
2.04300000,0.0327460230988135
2.04690000,0.0329316370811261
2.05080000,0.0331159388071712
2.05470000,0.0332965562013266
2.05860000,0.0334752548987599
2.06250000,0.0336543170310785
2.06640000,0.0338320209254791
2.07030000,0.0340034713250466
2.07420000,0.0341660283408540
2.07810000,0.0343224963396120
2.08200000,0.0344781148733180
2.08590000,0.0346353592811562
2.08980000,0.0347931563799970
2.09380000,0.0349519846311796
2.09770000,0.0351126125381287
2.10160000,0.0352794248059537
2.10550000,0.0354521306478149
2.10940000,0.0356268257142566
2.11330000,0.0358007495998562
2.11720000,0.0359759950532743
2.12110000,0.0361574324265035
2.12500000,0.0363472558544183
2.12890000,0.0365430110033242
2.13280000,0.0367416122659576
2.13670000,0.0369438171515348
2.14060000,0.0371529943459514
2.14450000,0.0373698937064818
2.14840000,0.0375905592333285
2.15230000,0.0378103099185711
2.15630000,0.0380310412469119
2.16020000,0.0382501654363914
2.16410000,0.0384705114911630
2.16800000,0.0386875017023085
2.17190000,0.0388955425843834
2.17580000,0.0390935839081162
2.17970000,0.0392851856536580
2.18360000,0.0394731043620813
2.18750000,0.0396555341886298
2.19140000,0.0398288060751678
2.19530000,0.0399929678253294
2.19920000,0.0401529682205683
2.20310000,0.0403137732588071
2.20700000,0.0404756832528370
2.21090000,0.0406358689291671
2.21480000,0.0407937334268741
2.21880000,0.0409537572815326
2.22270000,0.0411174967591918
2.22660000,0.0412855873657590
2.23050000,0.0414548363668269
2.23440000,0.0416242164873032
2.23830000,0.0417968611182602
2.24220000,0.0419759992981850
2.24610000,0.0421599743911779
2.25000000,0.0423433842051525
2.25390000,0.0425235525016854
2.25780000,0.0427040507369649
2.26170000,0.0428906559984408
2.26560000,0.0430849043633243
2.26950000,0.0432831784214365
2.27340000,0.0434820673611086
2.27730000,0.0436828145779309
2.28130000,0.0438914422193964
2.28520000,0.0441042616900233
2.28910000,0.0443197083774198
2.29300000,0.0445338090621562
2.29690000,0.0447469960485588
2.30080000,0.0449628790508090
2.30470000,0.0451830840538426
2.30860000,0.0454050553337990
2.31250000,0.0456255542435708
2.31640000,0.0458450169129026
2.32030000,0.0460667469834907
2.32420000,0.0462918424655822
2.32810000,0.0465166381238242
2.33200000,0.0467363630376630
2.33590000,0.0469504911224937
2.33980000,0.0471626301785591
2.34380000,0.0473774118085590
2.34770000,0.0475875449877601
2.35160000,0.0477914863160544
2.35550000,0.0479895705358192
2.35940000,0.0481867062527760
2.36330000,0.0483865682197905
2.36720000,0.0485870789489710
2.37110000,0.0487829911941687
2.37500000,0.0489723326795267
2.37890000,0.0491587035524291
2.38280000,0.0493468804244009
2.38670000,0.0495377126205071
2.39060000,0.0497286845866524
2.39450000,0.0499187193070301
2.39840000,0.0501105082772220
2.40230000,0.0503073666143978
2.40630000,0.0505110029118064
2.41020000,0.0507133610032062
2.41410000,0.0509138309862186
2.41800000,0.0511135146944078
2.42190000,0.0513143288779226
2.42580000,0.0515144313400458
2.42970000,0.0517088656013435
2.43360000,0.0518954470468145
2.43750000,0.0520785371762394
2.44140000,0.0522654721265306
2.44530000,0.0524596301409314
2.44920000,0.0526582737614152
2.45310000,0.0528572021230854
2.45700000,0.0530559025285242
2.46090000,0.0532566991850425
2.46480000,0.0534596819742290
2.46880000,0.0536630317969230
2.47270000,0.0538590008913701
2.47660000,0.0540510843332619
2.48050000,0.0542439190858423
2.48440000,0.0544394486786294
2.48830000,0.0546344459371657
2.49220000,0.0548245780017671
2.49610000,0.0550099003199222
2.50000000,0.0551947476081421
2.50390000,0.0553820409127594
2.50780000,0.0555693909307780
2.51170000,0.0557520056938722
2.51560000,0.0559285461083365
2.51950000,0.0561025166697344
2.52340000,0.0562779460217987
2.52730000,0.0564553257635805
2.53130000,0.0566341414174883
2.53520000,0.0568109895457286
2.53910000,0.0569894857294943
2.54300000,0.0571705194609044
2.54690000,0.0573505077548438
2.55080000,0.0575240943214125
2.55470000,0.0576899859763752
2.55860000,0.0578524657846105
2.56250000,0.0580165628613607
2.56640000,0.0581829294921314
2.57030000,0.0583486197033407
2.57420000,0.0585124283057689
2.57810000,0.0586777966656080
2.58200000,0.0588494688678613
2.58590000,0.0590282597980928
2.58980000,0.0592108581085767
2.59380000,0.0593965278080500
2.59770000,0.0595839842236997
2.60160000,0.0597785286341805
2.60550000,0.0599802757846520
2.60940000,0.0601851376689813
2.61330000,0.0603894681723420
2.61720000,0.0605939769669140
2.62110000,0.0608018586467827
2.62500000,0.0610135914168880
2.62890000,0.0612253034337242
2.63280000,0.0614331572867387
2.63670000,0.0616383274942320
2.64060000,0.0618459962046065
2.64450000,0.0620595320895159
2.64840000,0.0622773722353646
2.65230000,0.0624961326000073
2.65630000,0.0627176817498918
2.66020000,0.0629387052126825
2.66410000,0.0631615383143237
2.66800000,0.0633819247068628
2.67190000,0.0635952637111938
2.67580000,0.0638015839870561
2.67970000,0.0640053751934341
2.68360000,0.0642103063336069
2.68750000,0.0644154228105468
2.69140000,0.0646175452662193
2.69530000,0.0648166449710823
2.69920000,0.0650170700250353
2.70310000,0.0652225525579190
2.70700000,0.0654311853228143
2.71090000,0.0656370687459920
2.71480000,0.0658365031460620
2.71880000,0.0660324965791544
2.72270000,0.0662232872248919
2.72660000,0.0664094326501294
2.73050000,0.0665876157628269
2.73440000,0.0667575744519305
2.73830000,0.0669236434250715
2.74220000,0.0670904825912165
2.74610000,0.0672584687641164
2.75000000,0.0674247458718562
2.75390000,0.0675885410449045
2.75780000,0.0677537509245127
2.76170000,0.0679253032318150
2.76560000,0.0681037392934277
2.76950000,0.0682848123219486
2.77340000,0.0684646944658566
2.77730000,0.0686442656434108
2.78130000,0.0688288418264547
2.78520000,0.0690165273970491
2.78910000,0.0692064939312956
2.79300000,0.0693967748771700
2.79690000,0.0695899488516757
2.80080000,0.0697910660030435
2.80470000,0.0700015399613805
2.80860000,0.0702168331691696
2.81250000,0.0704310230929189
2.81640000,0.0706424377738611
2.82030000,0.0708533478430024
2.82420000,0.0710645509596722
2.82810000,0.0712724143908224
2.83200000,0.0714725765692766
2.83590000,0.0716654123918793
2.83980000,0.0718557003661955
2.84380000,0.0720483376464850
2.84770000,0.0722372562255021
2.85160000,0.0724198525801943
2.85550000,0.0725959602416523
2.85940000,0.0727704954489344
2.86330000,0.0729477125602155
2.86720000,0.0731261806460874
2.87110000,0.0733008571273575
2.87500000,0.0734693220790985
2.87890000,0.0736341062907983
2.88280000,0.0737985592943589
2.88670000,0.0739622716747461
2.89060000,0.0741223452687892
2.89450000,0.0742785026546306
2.89840000,0.0744348547175249
2.90230000,0.0745956940727889
2.90630000,0.0747616639399527
2.91020000,0.0749260985303525
2.91410000,0.0750880590534900
2.91800000,0.0752513924065757
2.92190000,0.0754221492050296
2.92580000,0.0756022653086312
2.92970000,0.0757890128048685
2.93360000,0.0759809014596878
2.93750000,0.0761819005981431
2.94140000,0.0763979766648953
2.94530000,0.0766298393178117
2.94920000,0.0768705387627654
2.95310000,0.0771100836149343
2.95700000,0.0773397584269503
2.96090000,0.0775491547904988
2.96480000,0.0777192636738677
2.96880000,0.0778212509419339
2.97270000,0.0778275723637144
2.97660000,0.0777211871404391
2.98050000,0.0775021946971523
2.98440000,0.0771832376718508
2.98830000,0.0767827549408349
2.99220000,0.0763215077015103
2.99610000,0.0758212997088401
3.00000000,0.0753014134494970
3.00390000,0.0747732117969660
3.00780000,0.0742387415580467
3.01170000,0.0736958410493565
3.01560000,0.0731446249978324
3.01950000,0.0725887279582349
3.02340000,0.0720311723411497
3.02730000,0.0714713076929911
3.03130000,0.0708898866815748
3.03520000,0.0703242943078400
3.03910000,0.0697636237012736
3.04300000,0.0692131736821316
3.04690000,0.0686718346880131
3.05080000,0.0681339252058620
3.05470000,0.0675956192839707
3.05860000,0.0670578350864820
3.06250000,0.0665225620293928
3.06640000,0.0659878679810554
3.07030000,0.0654484731471816
3.07420000,0.0649013550143448
3.07810000,0.0643491725304823
3.08200000,0.0637971671258992
3.08590000,0.0632473856042696
3.08980000,0.0626976662791412
3.09380000,0.0621289433346244
3.09770000,0.0615773779046440
3.10160000,0.0610285909005699
3.10550000,0.0604823718444676
3.10940000,0.0599354304087893
3.11330000,0.0593855857768762
3.11720000,0.0588345021614619
3.12110000,0.0582851063221746
3.12500000,0.0577368817085401
3.12890000,0.0571855049994845
3.13280000,0.0566279345503371
3.13670000,0.0560664849763330
3.14060000,0.0555062064111161
3.14450000,0.0549487439372416
3.14840000,0.0543902907296793
3.15230000,0.0538262939128159
3.15630000,0.0532395303178802
3.16020000,0.0526705866877574
3.16410000,0.0521061614010247
3.16800000,0.0515459674602657
3.17190000,0.0509875371049955
3.17580000,0.0504312146111630
3.17970000,0.0498806345286544
3.18360000,0.0493379393062952
3.18750000,0.0488000490393540
3.19140000,0.0482611674340442
3.19530000,0.0477182911035272
3.19920000,0.0471726251509154
3.20310000,0.0466253364202743
3.20700000,0.0460735171721259
3.21090000,0.0455123467169508
3.21480000,0.0449409833011917
3.21880000,0.0443460729607630
3.22270000,0.0437680201790242
3.22660000,0.0431884399333278
3.23050000,0.0426030089009915
3.23440000,0.0420095080043098
3.23830000,0.0414106535765558
3.24220000,0.0408107305699847
3.24610000,0.0402108484398369
3.25000000,0.0396092663458406
3.25390000,0.0390060607502151
3.25780000,0.0384053635691738
3.26170000,0.0378115554024268
3.26560000,0.0372240623091846
3.26950000,0.0366374897146604
3.27340000,0.0360472082240733
3.27730000,0.0354540403501516
3.28130000,0.0348441018573923
3.28520000,0.0342561413825352
3.28910000,0.0336700193436103
3.29300000,0.0330838609939103
3.29690000,0.0324997705227523
3.30080000,0.0319215737744794
3.30470000,0.0313493089524643
3.30860000,0.0307779832016123
3.31250000,0.0302026227963637
3.31640000,0.0296233424581971
3.32030000,0.0290438915136319
3.32420000,0.0284655707132317
3.32810000,0.0278844201951067
3.33200000,0.0272955044929170
3.33590000,0.0266987852923750
3.33980000,0.0260992170787492
3.34380000,0.0254826726059941
3.34770000,0.0248855171087422
3.35160000,0.0242864880375744
3.35550000,0.0236860253160109
3.35940000,0.0230891599476430
3.36330000,0.0225009994541349
3.36720000,0.0219227680687278
3.37110000,0.0213537962042419
3.37500000,0.0207967428065804
3.37890000,0.0202588770312309
3.38280000,0.0197475254222694
3.38670000,0.0192658634223627
3.39060000,0.0188146178982705
3.39450000,0.0183974234008485
3.39840000,0.0180225763402001
3.40230000,0.0176978776724793
3.40630000,0.0174139231464621
3.41020000,0.0171839563316179
3.41410000,0.0169882889577323
3.41800000,0.0168183394775769
3.42190000,0.0166639156401320
3.42580000,0.0165087037544864
3.42970000,0.0163310759547391
3.43360000,0.0161108199581000
3.43750000,0.0158348281781916
3.44140000,0.0154962024644494
3.44530000,0.0150897491048741
3.44920000,0.0146109783531834
3.45310000,0.0140602803986637
3.45700000,0.0134461104279231
3.46090000,0.0127813234126936
3.46480000,0.0120759814178348
3.46880000,0.0113128058242331
3.47270000,0.0105399739182185
3.47660000,0.0097430191174494
3.48050000,0.0089314487318284
3.48440000,0.0081106380994036
3.48830000,0.0072789994203720
3.49220000,0.0064319224340841
3.49610000,0.0055677045640471
3.50000000,0.0046880482849304
3.50390000,0.0037933552655683
3.50780000,0.0028802777929649
3.51170000,0.0019454681542989
3.51560000,0.0009913174869271
3.51950000,0.0000263574978900
3.52340000,-0.0009404975155851
3.52730000,-0.0019050582425777
3.53130000,-0.0028942329546961
3.53520000,-0.0038495950471714
3.53910000,-0.0047918739627036
3.54300000,-0.0057142405185572
3.54690000,-0.0066149157197806
3.55080000,-0.0074961377662030
3.55470000,-0.0083587866629289
3.55860000,-0.0091996104428346
3.56250000,-0.0100147258650634
3.56640000,-0.0108044773080222
3.57030000,-0.0115729011433769
3.57420000,-0.0123225416415487
3.57810000,-0.0130520980432109
3.58200000,-0.0137608243442841
3.58590000,-0.0144539812034340
3.58980000,-0.0151415733950664
3.59380000,-0.0158519569212460
3.59770000,-0.0165440487160088
3.60160000,-0.0172347844693836
3.60550000,-0.0179221938877061
3.60940000,-0.0186079604115353
3.61330000,-0.0192931744666508
3.61720000,-0.0199745266935490
3.62110000,-0.0206465460989402
3.62500000,-0.0213072815172445
3.62890000,-0.0219597554525894
3.63280000,-0.0226073347398061
3.63670000,-0.0232493498889256
3.64060000,-0.0238828932581767
3.64450000,-0.0245083283499819
3.64840000,-0.0251310497249548
3.65230000,-0.0257569875693966
3.65630000,-0.0264063735935877
3.66020000,-0.0270370611036066
3.66410000,-0.0276659150170933
3.66800000,-0.0282956326335692
3.67190000,-0.0289308624612270
3.67580000,-0.0295726566619291
3.67970000,-0.0302179928137031
3.68360000,-0.0308644415087397
3.68750000,-0.0315132653323886
3.69140000,-0.0321669320281560
3.69530000,-0.0328245999357011
3.69920000,-0.0334819266958325
3.70310000,-0.0341362150860059
3.70700000,-0.0347903919563196
3.71090000,-0.0354500240275125
3.71480000,-0.0361168712494596
3.71880000,-0.0368075296648689
3.72270000,-0.0374774443714817
3.72660000,-0.0381479172682627
3.73050000,-0.0388237498941014
3.73440000,-0.0395078117080071
3.73830000,-0.0401983428296066
3.74220000,-0.0408924547376397
3.74610000,-0.0415906065729564
3.75000000,-0.0422956677930133
3.75390000,-0.0430076575593704
3.75780000,-0.0437213918091873
3.76170000,-0.0444306152272197
3.76560000,-0.0451335488008164
3.76950000,-0.0458330619854151
3.77340000,-0.0465316990345396
3.77730000,-0.0472280635242957
3.78130000,-0.0479401282784077
3.78520000,-0.0486272801385573
3.78910000,-0.0493158897781160
3.79300000,-0.0500103761394850
3.79690000,-0.0507093045376302
3.80080000,-0.0514077013295797
3.80470000,-0.0521033283904197
3.80860000,-0.0527990360417915
3.81250000,-0.0534986502093875
3.81640000,-0.0542022283069485
3.82030000,-0.0549068435457598
3.82420000,-0.0556114629571476
3.82810000,-0.0563190898964763
3.83200000,-0.0570329764021437
3.83590000,-0.0577519747270791
3.83980000,-0.0584715129432383
3.84380000,-0.0592107792773072
3.84770000,-0.0599297139453735
3.85160000,-0.0606543535341597
3.85550000,-0.0613853867261951
3.85940000,-0.0621192171955186
3.86330000,-0.0628527459826748
3.86720000,-0.0635875034667106
3.87110000,-0.0643282911706716
3.87500000,-0.0650786480700982
3.87890000,-0.0658393393625226
3.88280000,-0.0666114171874642
3.88670000,-0.0673987457204268
3.89060000,-0.0682053039133941
3.89450000,-0.0690300396593263
3.89840000,-0.0698657794106560
3.90230000,-0.0707038001297840
3.90630000,-0.0715634292500435
3.91020000,-0.0723941707853246
3.91410000,-0.0732188719958768
3.91800000,-0.0740334391809341
3.92190000,-0.0748341229701786
3.92580000,-0.0756217842022367
3.92970000,-0.0764015878526746
3.93360000,-0.0771777615509956
3.93750000,-0.0779499801051351
3.94140000,-0.0787161966674572
3.94530000,-0.0794783050667517
3.94920000,-0.0802428667292289
3.95310000,-0.0810154100875170
3.95700000,-0.0817953803926580
3.96090000,-0.0825780526641038
3.96480000,-0.0833605957412125
3.96880000,-0.0841673463600900
3.97270000,-0.0849529213362045
3.97660000,-0.0857370089359550
3.98050000,-0.0865131816502861
3.98440000,-0.0872779196535294
3.98830000,-0.0880334802283995
3.99220000,-0.0887845501034907
3.99610000,-0.0895335587257732
4.00000000,-0.0902809460735888
4.00390000,-0.0910296772186481
4.00780000,-0.0917871744055266
4.01170000,-0.0925611085616604
4.01560000,-0.0933537369653431
4.01950000,-0.0941614823967219
4.02340000,-0.0949798494192936
4.02730000,-0.0958070015964012
4.03130000,-0.0966658220181445
4.03520000,-0.0975014005867137
4.03910000,-0.0983286433893807
4.04300000,-0.0991410655183306
4.04690000,-0.0999410390235743
4.05080000,-0.1007377843154446
4.05470000,-0.1015398905300918
4.05860000,-0.1023507435789795
4.06250000,-0.1031707451708819
4.06640000,-0.1040016552083787
4.07030000,-0.1048462665863517
4.07420000,-0.1057039862774808
4.07810000,-0.1065694197492388
4.08200000,-0.1074369620438891
4.08590000,-0.1083059244844799
4.08980000,-0.1091797121063411
4.09380000,-0.1100856367534009
4.09770000,-0.1109689407813950
4.10160000,-0.1118503937437935
4.10550000,-0.1127293834780077
4.10940000,-0.1136100993252099
4.11330000,-0.1144960802228277
4.11720000,-0.1153858340490400
4.12110000,-0.1162751331627723
4.12500000,-0.1171626767356936
4.12890000,-0.1180513915582110
4.13280000,-0.1189439174774658
4.13670000,-0.1198385902023294
4.14060000,-0.1207314116418979
4.14450000,-0.1216214826834895
4.14840000,-0.1225126674591387
4.15230000,-0.1234089066180932
4.15630000,-0.1243350122294760
4.16020000,-0.1252332300311107
4.16410000,-0.1261269182485243
4.16800000,-0.1270196158082705
4.17190000,-0.1279174441185943
4.17580000,-0.1288227752049271
4.17970000,-0.1297333517528825
4.18360000,-0.1306474138142513
4.18750000,-0.1315676012249981
4.19140000,-0.1324982754752564
4.19530000,-0.1334396852118242
4.19920000,-0.1343867802091595
4.20310000,-0.1353342232983753
4.20700000,-0.1362809240587358
4.21090000,-0.1372281258676516
4.21480000,-0.1381738774751751
4.21880000,-0.1391390503078047
4.22270000,-0.1400640918217441
4.22660000,-0.1409770087452527
4.23050000,-0.1418833103299037
4.23440000,-0.1427871858908903
4.23830000,-0.1436885971230198
4.24220000,-0.1445869318352105
4.24610000,-0.1454856141599857
4.25000000,-0.1463907272294714
4.25390000,-0.1473048534763904
4.25780000,-0.1482238991370584
4.26170000,-0.1491407862448800
4.26560000,-0.1500512297393431
4.26950000,-0.1509550191425158
4.27340000,-0.1518523456950414
4.27730000,-0.1527409903196343
4.28130000,-0.1536442349582785
4.28520000,-0.1545129139454092
4.28910000,-0.1553791470501314
4.29300000,-0.1562485774158992
4.29690000,-0.1571214536662167
4.30080000,-0.1579948680561330
4.30470000,-0.1588687822647388
4.30860000,-0.1597481316401604
4.31250000,-0.1606386549685578
4.31640000,-0.1615419016746187
4.32030000,-0.1624555378935549
4.32420000,-0.1633779184215980
4.32810000,-0.1643101335724940
4.33200000,-0.1652524319610005
4.33590000,-0.1662000311423808
4.33980000,-0.1671450114329004
4.34380000,-0.1681100561756797
4.34770000,-0.1690433326972562
4.35160000,-0.1699776629737318
4.35550000,-0.1709158972258320
4.35940000,-0.1718568110897623
4.36330000,-0.1727994671432021
4.36720000,-0.1737468303808013
4.37110000,-0.1747034918036739
4.37500000,-0.1756705991018957
4.37890000,-0.1766449766974983
4.38280000,-0.1776239846374647
4.38670000,-0.1786096696952250
4.39060000,-0.1796063167946507
4.39450000,-0.1806143658290508
4.39840000,-0.1816284030636672
4.40230000,-0.1826417139566694
4.40630000,-0.1836808022050348
4.41020000,-0.1846894272630022
4.41410000,-0.1856978422073808
4.41800000,-0.1867045739750011
4.42190000,-0.1877092398830981
4.42580000,-0.1887174256518050
4.42970000,-0.1897397289291488
4.43360000,-0.1907853509085443
4.43750000,-0.1918570652702913
4.44140000,-0.1929520216205677
4.44530000,-0.1940655522619257
4.44920000,-0.1951922051862856
4.45310000,-0.1963230276859304
4.45700000,-0.1974442464180016
4.46090000,-0.1985418202254929
4.46480000,-0.1996081354622453
4.46880000,-0.2006730374203080
4.47270000,-0.2016802211169662
4.47660000,-0.2026600865974385
4.48050000,-0.2036124041979021
4.48440000,-0.2045409423188574
4.48830000,-0.2054550169146218
4.49220000,-0.2063652256148263
4.49610000,-0.2072786462199094
4.50000000,-0.2081991810321147
4.50390000,-0.2091318801224852
4.50780000,-0.2100843760433594
4.51170000,-0.2110624649138665
4.51560000,-0.2120647884189212
4.51950000,-0.2130832929172205
4.52340000,-0.2141096952122379
4.52730000,-0.2151410109777184
4.53130000,-0.2162082722302593
4.53520000,-0.2172527048329634
4.53910000,-0.2183021461734472
4.54300000,-0.2193562135324927
4.54690000,-0.2204198039316295
4.55080000,-0.2215009516291285
4.55470000,-0.2226046301619978
4.55860000,-0.2237298829209758
4.56250000,-0.2248736490505281
4.56640000,-0.2260358901548407
4.57030000,-0.2272191694488149
4.57420000,-0.2284236398290622
4.57810000,-0.2296450352763972
4.58200000,-0.2308791854178340
4.58590000,-0.2321276395995786
4.58980000,-0.2333970164840244
4.59380000,-0.2347290410112284
4.59770000,-0.2360516449144714
4.60160000,-0.2374002595256549
4.60550000,-0.2387780601918570
4.60940000,-0.2401920672883135
4.61330000,-0.2416468908719084
4.61720000,-0.2431402543781689
4.62110000,-0.2446664188017571
4.62500000,-0.2462236814604645
4.62890000,-0.2478175132332040
4.63280000,-0.2494570769910023
4.63670000,-0.2511511147544936
4.64060000,-0.2529085980969094
4.64450000,-0.2547417314755735
4.64840000,-0.2566644027423919
4.65230000,-0.2586843400488450
4.65630000,-0.2608541895674689
4.66020000,-0.2630459134723804
4.66410000,-0.2653044296152185
4.66800000,-0.2676251276141638
4.67190000,-0.2700087916049232
4.67580000,-0.2724555170597177
4.67970000,-0.2749632186862715
4.68360000,-0.2775318963062989
4.68750000,-0.2801666955754958
4.69140000,-0.2828739673065259
4.69530000,-0.2856542086835085
4.69920000,-0.2885008198445071
4.70310000,-0.2914066079115133
4.70700000,-0.2943705014449381
4.71090000,-0.2973973017600958
4.71480000,-0.3004924223146913
4.71880000,-0.3037431247446363
4.72270000,-0.3069835317332083
4.72660000,-0.3103027987335295
4.73050000,-0.3137056505347192
4.73440000,-0.3171914365347157
4.73830000,-0.3207530020997574
4.74220000,-0.3243819683063681
4.74610000,-0.3280736099638378
4.75000000,-0.3318244644267104
4.75390000,-0.3356254258452639
4.75780000,-0.3394591244239938
4.76170000,-0.3433050339980958
4.76560000,-0.3471467221139458
4.76950000,-0.3509731699645867
4.77340000,-0.3547730526692075
4.77730000,-0.3585288282576277
4.78130000,-0.3623147791829409
4.78520000,-0.3659111590058424
4.78910000,-0.3693917336791006
4.79300000,-0.3727293964748767
4.79690000,-0.3758908427053799
4.80080000,-0.3788401660688481
4.80470000,-0.3815462617660346
4.80860000,-0.3839855620186923
4.81250000,-0.3861368137160648
4.81640000,-0.3879741152768731
4.82030000,-0.3894659984333058
4.82420000,-0.3905803062535107
4.82810000,-0.3912872347320874
4.83200000,-0.3915560207084527
4.83590000,-0.3913504927277271
4.83980000,-0.3906308447279729
4.84380000,-0.3893314642817806
4.84770000,-0.3874836184902816
4.85160000,-0.3850359682070932
4.85550000,-0.3819667820614489
4.85940000,-0.3782527791910515
4.86330000,-0.3738720943145882
4.86720000,-0.3688062671997466
4.87110000,-0.3630378897347376
4.87500000,-0.3565482147408121
4.87890000,-0.3493188776272919
4.88280000,-0.3413362961765967
4.88670000,-0.3325949225592753
4.89060000,-0.3230957129740494
4.89450000,-0.3128423017478416
4.89840000,-0.3018408100408247
4.90230000,-0.2901038630414651
4.90630000,-0.2773380919168405
4.91020000,-0.2642063688916422
4.91410000,-0.2504262289447924
4.91800000,-0.2360334439534774
4.92190000,-0.2210704811184504
4.92580000,-0.2055918592241084
4.92970000,-0.1896622356885538
4.93360000,-0.1733472244036779
4.93750000,-0.1567047874602112
4.94140000,-0.1397835134928117
4.94530000,-0.1226256784001361
4.94920000,-0.1052695408849126
4.95310000,-0.0877489598640336
4.95700000,-0.0700949248286111
4.96090000,-0.0523405295140711
4.96480000,-0.0345238413252254
4.96880000,-0.0162285587800995
4.97270000,0.0016092254649359
4.97660000,0.0194373765676846
4.98050000,0.0372757895099569
4.98440000,0.0551696102137816
4.98830000,0.0731806272663092
4.99220000,0.0913696727797389
4.99610000,0.1097740495812210
5.00000000,0.1283885930077988
5.00390000,0.1471585929913092
5.00780000,0.1659868719733029
5.01170000,0.1847510014549635
5.01560000,0.2033245357420062
5.01950000,0.2215940371996182
5.02340000,0.2394690235923588
5.02730000,0.2568854113940841
5.03130000,0.2742325441650855
5.03520000,0.2906221236430974
5.03910000,0.3064607099366133
5.04300000,0.3217167396658647
5.04690000,0.3363477456350051
5.05080000,0.3503036088470268
5.05470000,0.3635334451237014
5.05860000,0.3759909613655050
5.06250000,0.3876371336815766
5.06640000,0.3984419290446498
5.07030000,0.4083864095360039
5.07420000,0.4174654104754161
5.07810000,0.4256875404211094
5.08200000,0.4330709726797237
5.08590000,0.4396367499812706
5.08980000,0.4454041933991031
5.09380000,0.4505152788211909
5.09770000,0.4547378962448644
5.10160000,0.4582162023176435
5.10550000,0.4609720049409806
5.10940000,0.4630323343680576
5.11330000,0.4644345125212710
5.11720000,0.4652275685752242
5.12110000,0.4654657969063004
5.12500000,0.4651987768499192
5.12890000,0.4644661212701970
5.13280000,0.4632991308791065
5.13670000,0.4617234968522413
5.14060000,0.4597578133189019
5.14450000,0.4574102296996014
5.14840000,0.4546799810660761
5.15230000,0.4515659198982955
5.15630000,0.4479830673670858
5.16020000,0.4441348011102064
5.16410000,0.4399519050030191
5.16800000,0.4354582911635745
5.17190000,0.4306801672482343
5.17580000,0.4256508188266960
5.17970000,0.4204111832670118
5.18360000,0.4150067890156169
5.18750000,0.4094848861723466
5.19140000,0.4038946377854650
5.19530000,0.3982878850316898
5.19920000,0.3927162777912155
5.20310000,0.3872257270927452
5.20700000,0.3818521966235079
5.21090000,0.3766226592042886
5.21480000,0.3715581575094507
5.21880000,0.3665454617481542
5.22270000,0.3618483346946128
5.22660000,0.3573365213002590
5.23050000,0.3530012222140095
5.23440000,0.3488313425434695
5.23830000,0.3448161699849570
5.24220000,0.3409439209815196
5.24610000,0.3372011668379574
5.25000000,0.3335771378583345
5.25390000,0.3300694813255009
5.25780000,0.3266860979331075
5.26170000,0.3234404741876217
5.26560000,0.3203449105653468
5.26950000,0.3174077477349307
5.27340000,0.3146355664498852
5.27730000,0.3120352344050970
5.28130000,0.3095462422792278
5.28520000,0.3072972037351846
5.28910000,0.3052129945114401
5.29300000,0.3032787894455066
5.29690000,0.3014785773448276
5.30080000,0.2997962704977885
5.30470000,0.2982149777527241
5.30860000,0.2967178653454284
5.31250000,0.2952913706551595
5.31640000,0.2939271151546485
5.32030000,0.2926193027981058
5.32420000,0.2913603393657269
5.32810000,0.2901402394492008
5.33200000,0.2889508732007127
5.33590000,0.2877901365639525
5.33980000,0.2866611095761191
5.34380000,0.2855363712548922
5.34770000,0.2844797549890762
5.35160000,0.2834605112613960
5.35550000,0.2824800175796433
5.35940000,0.2815393453786444
5.36330000,0.2806349176237664
5.36720000,0.2797564810839209
5.37110000,0.2788907791955696
5.37500000,0.2780275013372274
5.37890000,0.2771611766499668
5.38280000,0.2762884576484229
5.38670000,0.2754057672922963
5.39060000,0.2745105806628590
5.39450000,0.2736040074454573
5.39840000,0.2726900076200163
5.40230000,0.2717707812515449
5.40630000,0.2708165468646492
5.41020000,0.2698752371880005
5.41410000,0.2689164777298937
5.41800000,0.2679418372782166
5.42190000,0.2669556775269630
5.42580000,0.2659614993417371
5.42970000,0.2649610819322588
5.43360000,0.2639564723203691
5.43750000,0.2629509800740329
5.44140000,0.2619467287313458
5.44530000,0.2609416142100379
5.44920000,0.2599298786924787
5.45310000,0.2589060321731830
5.45700000,0.2578678557903140
5.46090000,0.2568154644801895
5.46480000,0.2557485523292864
5.46880000,0.2546352113990281
5.47270000,0.2535380337506619
5.47660000,0.2524306398694543
5.48050000,0.2513192852570715
5.48440000,0.2502084081118637
5.48830000,0.2490999215373720
5.49220000,0.2479960255788329
5.49610000,0.2469011584321851
5.50000000,0.2458197391630725
5.50390000,0.2447518444398510
5.50780000,0.2436918120800934
5.51170000,0.2426314548065943
5.51560000,0.2415644791618759
5.51950000,0.2404878628321917
5.52340000,0.2393998269205329
5.52730000,0.2382982481981326
5.53130000,0.2371507624496739
5.53520000,0.2360248340584885
5.53910000,0.2348974913922694
5.54300000,0.2337785288977734
5.54690000,0.2326751011500253
5.55080000,0.2315916654638249
5.55470000,0.2305321626567509
5.55860000,0.2295002466031679
5.56250000,0.2284965295862297
5.56640000,0.2275166693478849
5.57030000,0.2265534733338822
5.57420000,0.2256009350182742
5.57810000,0.2246557260044236
5.58200000,0.2237147857080059
5.58590000,0.2227729110400152
5.58980000,0.2218242485077681
5.59380000,0.2208381888040594
5.59770000,0.2198711685685653
5.60160000,0.2188974182562483
5.60550000,0.2179164597612633
5.60940000,0.2169260168041105
5.61330000,0.2159258599611407
5.61720000,0.2149200830750605
5.62110000,0.2139148459739373
5.62500000,0.2129144337942028
5.62890000,0.2119203770236593
5.63280000,0.2109341296314834
5.63670000,0.2099593263492317
5.64060000,0.2090002714403450
5.64450000,0.2080585527786532
5.64840000,0.2071320471143797
5.65230000,0.2062172538731458
5.65630000,0.2052854123334992
5.66020000,0.2043873872423253
5.66410000,0.2034937866034897
5.66800000,0.2026012820057517
5.67190000,0.2017100648652903
5.67580000,0.2008260080592090
5.67970000,0.1999579112775403
5.68360000,0.1991122786697502
5.68750000,0.1982909276572418
5.69140000,0.1974936670633596
5.69530000,0.1967222569198936
5.69920000,0.1959798537115829
5.70310000,0.1952658836701204
5.70700000,0.1945724846871554
5.71090000,0.1938865531707971
5.71480000,0.1931947177156188
5.71880000,0.1924646299521062
5.72270000,0.1917293085103806
5.72660000,0.1909588727253720
5.73050000,0.1901487507595439
5.73440000,0.1893016782438409
5.73830000,0.1884269330976931
5.74220000,0.1875355531540203
5.74610000,0.1866360128922366
5.75000000,0.1857344338627537
5.75390000,0.1848377984429861
5.75780000,0.1839550976073548
5.76170000,0.1830945380202925
5.76560000,0.1822601943737472
5.76950000,0.1814521624231865
5.77340000,0.1806694858011014
5.77730000,0.1799115907295108
5.78130000,0.1791542037763972
5.78520000,0.1784346048494820
5.78910000,0.1777206009028213
5.79300000,0.1770030672700822
5.79690000,0.1762770877744773
5.80080000,0.1755406730522688
5.80470000,0.1747916041852718
5.80860000,0.1740269544633586
5.81250000,0.1732461309749614
5.81640000,0.1724533231830768
5.82030000,0.1716554178097690
5.82420000,0.1708568912596745
5.82810000,0.1700572653965052
5.83200000,0.1692536900255528
5.83590000,0.1684449218296921
5.83980000,0.1676315347938854
5.84380000,0.1667889781497330
5.84770000,0.1659632547532919
5.85160000,0.1651292208208565
5.85550000,0.1642902623722791
5.85940000,0.1634525965930192
5.86330000,0.1626202025166476
5.86720000,0.1617923533193508
5.87110000,0.1609664092269355
5.87500000,0.1601419303573315
5.87890000,0.1593209827925964
5.88280000,0.1585045804919197
5.88670000,0.1576899306436266
5.89060000,0.1568721553201822
5.89450000,0.1560486530041952
5.89840000,0.1552206672074221
5.90230000,0.1543905700817704
5.90630000,0.1535348362471427
5.91020000,0.1527034052985865
5.91410000,0.1518761186473270
5.91800000,0.1510602455959203
5.92190000,0.1502613146620934
5.92580000,0.1494787137937500
5.92970000,0.1487067042324729
5.93360000,0.1479397002555294
5.93750000,0.1471756742268736
5.94140000,0.1464143966831510
5.94530000,0.1456537634697022
5.94920000,0.1448897192225662
5.95310000,0.1441199684914850
5.95700000,0.1433463477979064
5.96090000,0.1425723961884882
5.96480000,0.1417990702271015
5.96880000,0.1410012084257292
5.97270000,0.1402231656218949
5.97660000,0.1394430323420273
5.98050000,0.1386626068468914
5.98440000,0.1378809136194840
5.98830000,0.1370944711780393
5.99220000,0.1363013475300313
5.99610000,0.1355036278776791
6.00000000,0.1347051955959492
6.00390000,0.1339076385195607
6.00780000,0.1331090629139882
6.01170000,0.1323068289939662
6.01560000,0.1315004586074934
6.01950000,0.1306910422213360
6.02340000,0.1298781590715314
6.02730000,0.1290590354653927
6.03130000,0.1282072548858506
6.03520000,0.1273732020446061
6.03910000,0.1265366775116607
6.04300000,0.1257002829829703
6.04690000,0.1248630046787860
6.05080000,0.1240225280131589
6.05470000,0.1231788913284439
6.05860000,0.1223349258738044
6.06250000,0.1214926403297153
6.06640000,0.1206499879224680
6.07030000,0.1198023585251741
6.07420000,0.1189469784427693
6.07810000,0.1180848233620185
6.08200000,0.1172182654230189
6.08590000,0.1163480316287046
6.08980000,0.1154733951398504
6.09380000,0.1145689151718463
6.09770000,0.1136876734311243
6.10160000,0.1128046117227770
6.10550000,0.1119173580699871
6.10940000,0.1110222588192988
6.11330000,0.1101180897636235
6.11720000,0.1092076247612434
6.12110000,0.1082952445483167
6.12500000,0.1073837038533810
6.12890000,0.1064741313973584
6.13280000,0.1055687654120597
6.13670000,0.1046722353166884
6.14060000,0.1037889792353462
6.14450000,0.1029198389460363
6.14840000,0.1020620790101676
6.15230000,0.1012129639890596
6.15630000,0.1003474122503400
6.16020000,0.0995149942833748
6.16410000,0.0986886007286325
6.16800000,0.0978634684201158
6.17190000,0.0970358671847576
6.17580000,0.0962054527709261
6.17970000,0.0953735643229282
6.18360000,0.0945395323875142
6.18750000,0.0936996076618811
6.19140000,0.0928502130086768
6.19530000,0.0919917502265050
6.19920000,0.0911281983304281
6.20310000,0.0902630389684728
6.20700000,0.0893964635146327
6.21090000,0.0885268460403738
6.21480000,0.0876539953296378
6.21880000,0.0867541125065433
6.22270000,0.0858794822871052
6.22660000,0.0850029007444149
6.23050000,0.0841215750503618
6.23440000,0.0832351418233319
6.23830000,0.0823462792722131
6.24220000,0.0814573595338992
6.24610000,0.0805678661907945
6.25000000,0.0796759628898178
6.25390000,0.0787819175229066
6.25780000,0.0778887908890217
6.26170000,0.0769994142331515
6.26560000,0.0761137111163165
6.26950000,0.0752300556100732
6.27340000,0.0743491938440183
6.27730000,0.0734753152577936
6.28130000,0.0725870333645161
6.28520000,0.0717345244920778
6.28910000,0.0708883295047061
6.29300000,0.0700450625602647
6.29690000,0.0692050680691824
6.30080000,0.0683701442839583
6.30470000,0.0675391435141652
6.30860000,0.0667070156514547
6.31250000,0.0658686531990597
6.31640000,0.0650228893372997
6.32030000,0.0641720196860844
6.32420000,0.0633184355129176
6.32810000,0.0624632464089024
6.33200000,0.0616080402027441
6.33590000,0.0607562985437546
6.33980000,0.0599113500453570
6.34380000,0.0590480123841991
6.34770000,0.0582108542102198
6.35160000,0.0573704081923088
6.35550000,0.0565260240083752
6.35940000,0.0556804563874585
6.36330000,0.0548352740297344
6.36720000,0.0539886023255179
6.37110000,0.0531381266867688
6.37500000,0.0522849758355943
6.37890000,0.0514332435667536
6.38280000,0.0505855124446627
6.38670000,0.0497400800258974
6.39060000,0.0488935796006990
6.39450000,0.0480456095319767
6.39840000,0.0471992880108128
6.40230000,0.0463570636959663
6.40630000,0.0454925581364109
6.41020000,0.0446510679782056
6.41410000,0.0438061382526981
6.41800000,0.0429600071948968
6.42190000,0.0421155443135071
6.42580000,0.0412723671024363
6.42970000,0.0404274723142970
6.43360000,0.0395795974864125
6.43750000,0.0387314590923194
6.44140000,0.0378864431382725
6.44530000,0.0370440332127488
6.44920000,0.0362001739469514
6.45310000,0.0353522446848145
6.45700000,0.0345025027930063
6.46090000,0.0336556159554337
6.46480000,0.0328135737262461
6.46880000,0.0319498061590232
6.47270000,0.0311116954265474
6.47660000,0.0302758853389038
6.48050000,0.0294449775952547
6.48440000,0.0286185323045253
6.48830000,0.0277926853954082
6.49220000,0.0269644718833671
6.49610000,0.0261353839576420
6.50000000,0.0253095536787515
6.50390000,0.0244890853804979
6.50780000,0.0236723531444711
6.51170000,0.0228573484625521
6.51560000,0.0220454870074183
6.51950000,0.0212402121790456
6.52340000,0.0204416962332137
6.52730000,0.0196446212595096
6.53130000,0.0188183632500659
6.53520000,0.0180073556631280
6.53910000,0.0171896401549622
6.54300000,0.0163679332064247
6.54690000,0.0155423688161981
6.55080000,0.0147113784577964
6.55470000,0.0138749239650684
6.55860000,0.0130346696977028
6.56250000,0.0121901757707308
6.56640000,0.0113362581835312
6.57030000,0.0104657625973343
6.57420000,0.0095752266672258
6.57810000,0.0086670799346519
6.58200000,0.0077467361434223
6.58590000,0.0068192838362155
6.58980000,0.0058906149950827
6.59380000,0.0049450095339690
6.59770000,0.0040536207566540
6.60160000,0.0032102933278505
6.60550000,0.0024331621111468
6.60940000,0.0017364404230256
6.61330000,0.0011317590978681
6.61720000,0.0006271143654575
6.62110000,0.0002218712255823
6.62500000,-0.0000975158211119
6.62890000,-0.0003556682540698
6.63280000,-0.0005810927537744
6.63670000,-0.0008000788912462
6.64060000,-0.0010360295955407
6.64450000,-0.0013113874943982
6.64840000,-0.0016461944628920
6.65230000,-0.0020524407691266
6.65630000,-0.0025455035579058
6.66020000,-0.0030854192891516
6.66410000,-0.0036764585191205
6.66800000,-0.0043099363506210
6.67190000,-0.0049786982460311
6.67580000,-0.0056748436167954
6.67970000,-0.0063908353344211
6.68360000,-0.0071234595369744
6.68750000,-0.0078749733990783
6.69140000,-0.0086488775124076
6.69530000,-0.0094451335106860
6.69920000,-0.0102602405876822
6.70310000,-0.0110913292102051
6.70700000,-0.0119384949171013
6.71090000,-0.0128023114842504
6.71480000,-0.0136799667655608
6.71880000,-0.0145914694717063
6.72270000,-0.0154810008836577
6.72660000,-0.0163753989426258
6.73050000,-0.0172783172715913
6.73440000,-0.0181910948235430
6.73830000,-0.0191115124639722
6.74220000,-0.0200375232233694
6.74610000,-0.0209705808302181
6.75000000,-0.0219138224084927
6.75390000,-0.0228672287141520
6.75780000,-0.0238257494441359
6.76170000,-0.0247824596038601
6.76560000,-0.0257327679972112
6.76950000,-0.0266747424280432
6.77340000,-0.0276058385556722
6.77730000,-0.0285212164988719
6.78130000,-0.0294427588506893
6.78520000,-0.0303188378451591
6.78910000,-0.0311810921192218
6.79300000,-0.0320356812519371
6.79690000,-0.0328857232313008
6.80080000,-0.0337321170227406
6.80470000,-0.0345768328431117
6.80860000,-0.0354233903981920
6.81250000,-0.0362735494791799
6.81640000,-0.0371246509621882
6.82030000,-0.0379714914992411
6.82420000,-0.0388107233032700
6.82810000,-0.0396421740836081
6.83200000,-0.0404655950309885
6.83590000,-0.0412776000975385
6.83980000,-0.0420735215582763
6.84380000,-0.0428755209344101
6.84770000,-0.0436421633546201
6.85160000,-0.0444036447288771
6.85550000,-0.0451644794897223
6.85940000,-0.0459260830900692
6.86330000,-0.0466907318096990
6.86720000,-0.0474638965542567
6.87110000,-0.0482509717107474
6.87500000,-0.0490524927725329
6.87890000,-0.0498639450443274
6.88280000,-0.0506804312401939
6.88670000,-0.0515003060885404
6.89060000,-0.0523235694541149
6.89450000,-0.0531478300135028
6.89840000,-0.0539678652766222
6.90230000,-0.0547795240047199
6.90630000,-0.0556064867292707
6.91020000,-0.0564034579588598
6.91410000,-0.0571943669071001
6.91800000,-0.0579767074695132
6.92190000,-0.0587490256634305
6.92580000,-0.0595143629379881
6.92970000,-0.0602788788501244
6.93360000,-0.0610472025960742
6.93750000,-0.0618202139893674
6.94140000,-0.0625976068138233
6.94530000,-0.0633812556155480
6.94920000,-0.0641736279544304
6.95310000,-0.0649715673166372
6.95700000,-0.0657621611426109
6.96090000,-0.0665247111655647
6.96480000,-0.0672354201389792
6.96880000,-0.0678892846173589
6.97270000,-0.0684233320006859
6.97660000,-0.0688369815823822
6.98050000,-0.0691225240224626
6.98440000,-0.0692907482066945
6.98830000,-0.0693679528361058
6.99220000,-0.0693844641359036
6.99610000,-0.0693640813451438
7.00000000,-0.0693222337807007
7.00390000,-0.0692706782772866
7.00780000,-0.0692203204061120
7.01170000,-0.0691784292196851
7.01560000,-0.0691451882029620
7.01950000,-0.0691157230003467
7.02340000,-0.0690865901420906
7.02730000,-0.0690598267594431
7.03130000,-0.0690431507715641
7.03520000,-0.0690341224379199
7.03910000,-0.0690343784081150
7.04300000,-0.0690425293343466
7.04690000,-0.0690598749018738
7.05080000,-0.0690883189048117
7.05470000,-0.0691257858179311
7.05860000,-0.0691656920572784
7.06250000,-0.0692019242412548
7.06640000,-0.0692335205618562
7.07030000,-0.0692634336799075
7.07420000,-0.0692934625553325
7.07810000,-0.0693221078389078
7.08200000,-0.0693477563601282
7.08590000,-0.0693726185521910
7.08980000,-0.0694016847464752
7.09380000,-0.0694413739281941
7.09770000,-0.0694804678747950
7.10160000,-0.0695179181783531
7.10550000,-0.0695522277798766
7.10940000,-0.0695860708070887
7.11330000,-0.0696217233020570
7.11720000,-0.0696576589353731
7.12110000,-0.0696904378529821
7.12500000,-0.0697189591640325
7.12890000,-0.0697452444851953
7.13280000,-0.0697706185446939
7.13670000,-0.0697926417669790
7.14060000,-0.0698073382855920
7.14450000,-0.0698139130865714
7.14840000,-0.0698157356473411
7.15230000,-0.0698165438787304
7.15630000,-0.0698204102431841
7.16020000,-0.0698209491724569
7.16410000,-0.0698240867760132
7.16800000,-0.0698356049486965
7.17190000,-0.0698595210795046
7.17580000,-0.0698939773133340
7.17970000,-0.0699328539330097
7.18360000,-0.0699712972108995
7.18750000,-0.0700088099709337
7.19140000,-0.0700468892866495
7.19530000,-0.0700849828874811
7.19920000,-0.0701200663968085
7.20310000,-0.0701499441271826
7.20700000,-0.0701756991866845
7.21090000,-0.0701999630243552
7.21480000,-0.0702231285543752
7.21880000,-0.0702464024692580
7.22270000,-0.0702613090337988
7.22660000,-0.0702746158846182
7.23050000,-0.0702914740133458
7.23440000,-0.0703138468622540
7.23830000,-0.0703389935462019
7.24220000,-0.0703630393738114
7.24610000,-0.0703849239849701
7.25000000,-0.0704060736624972
7.25390000,-0.0704269056073128
7.25780000,-0.0704454915515669
7.26170000,-0.0704604776855202
7.26560000,-0.0704742184522324
7.26950000,-0.0704915612504278
7.27340000,-0.0705153131255849
7.27730000,-0.0705438480520757
7.28130000,-0.0705774974456888
7.28520000,-0.0706069143895352
7.28910000,-0.0706364817346540
7.29300000,-0.0706655280143578
7.29690000,-0.0706903397880905
7.30080000,-0.0707069266193576
7.30470000,-0.0707153663416503
7.30860000,-0.0707200644544652
7.31250000,-0.0707251307144492
7.31640000,-0.0707304463014940
7.32030000,-0.0707329426258109
7.32420000,-0.0707307505164805
7.32810000,-0.0707248090124024
7.33200000,-0.0707163957438447
7.33590000,-0.0707044736707942
7.33980000,-0.0706869211098061
7.34380000,-0.0706668114348781
7.34770000,-0.0706434587014515
7.35160000,-0.0706238960884596
7.35550000,-0.0706085882177282
7.35940000,-0.0705944416233008
7.36330000,-0.0705793996573377
7.36720000,-0.0705654859935661
7.37110000,-0.0705567462930798
7.37500000,-0.0705550301495891
7.37890000,-0.0705591457568158
7.38280000,-0.0705679979116721
7.38670000,-0.0705828927364213
7.39060000,-0.0706057488791319
7.39450000,-0.0706358583154423
7.39840000,-0.0706700979208306
7.40230000,-0.0707067215113992
7.40630000,-0.0707517343875038
7.41020000,-0.0707998314191548
7.41410000,-0.0708548756957286
7.41800000,-0.0709123732171501
7.42190000,-0.0709674231497410
7.42580000,-0.0710189027352841
7.42970000,-0.0710688582077432
7.43360000,-0.0711178000840323
7.43750000,-0.0711621121880174
7.44140000,-0.0711972530105996
7.44530000,-0.0712227672943839
7.44920000,-0.0712427141901479
7.45310000,-0.0712610287739399
7.45700000,-0.0712778797137613
7.46090000,-0.0712915711244555
7.46480000,-0.0713028958680228
7.46880000,-0.0713190369144523
7.47270000,-0.0713356495244335
7.47660000,-0.0713539803999275
7.48050000,-0.0713693968909693
7.48440000,-0.0713796933064639
7.48830000,-0.0713865187400665
7.49220000,-0.0713917526038168
7.49610000,-0.0713938155040636
7.50000000,-0.0713890081151699
7.50390000,-0.0713761192847672
7.50780000,-0.0713580927870908
7.51170000,-0.0713386260978792
7.51560000,-0.0713183349296236
7.51950000,-0.0712956695346185
7.52340000,-0.0712713355324108
7.52730000,-0.0712500710403501
7.53130000,-0.0712397786365209
7.53520000,-0.0712357838382119
7.53910000,-0.0712372183461618
7.54300000,-0.0712408509248282
7.54690000,-0.0712473707376003
7.55080000,-0.0712592859712232
7.55470000,-0.0712761001410782
7.55860000,-0.0712930015291367
7.56250000,-0.0713046630678405
7.56640000,-0.0713094770375163
7.57030000,-0.0713093725709449
7.57420000,-0.0713060810010769
7.57810000,-0.0712992137288714
7.58200000,-0.0712886671840363
7.58590000,-0.0712773698212280
7.58980000,-0.0712696580255011
7.59380000,-0.0712697050225689
7.59770000,-0.0712680272477101
7.60160000,-0.0712633498434333
7.60550000,-0.0712553090734336
7.60940000,-0.0712468678206528
7.61330000,-0.0712391047114799
7.61720000,-0.0712280367058001
7.62110000,-0.0712077735515449
7.62500000,-0.0711763618469419
7.62890000,-0.0711374340034146
7.63280000,-0.0710961394009324
7.63670000,-0.0710548000785602
7.64060000,-0.0710135133137084
7.64450000,-0.0709738436156331
7.64840000,-0.0709395726018357
7.65230000,-0.0709128922275628
7.65630000,-0.0708935035657048
7.66020000,-0.0708705909512016
7.66410000,-0.0708431974005336
7.66800000,-0.0708125736943272
7.67190000,-0.0707814684522534
7.67580000,-0.0707500076387278
7.67970000,-0.0707160025478602
7.68360000,-0.0706789363912545
7.68750000,-0.0706420647171088
7.69140000,-0.0706097104989150
7.69530000,-0.0705830537325090
7.69920000,-0.0705595996359704
7.70310000,-0.0705368629913221
7.70700000,-0.0705153504335809
7.71090000,-0.0704969229655565
7.71480000,-0.0704809031046017
7.71880000,-0.0704661278333452
7.72270000,-0.0704446019230097
7.72660000,-0.0704204153153089
7.73050000,-0.0703971640546662
7.73440000,-0.0703755919762471
7.73830000,-0.0703523492014089
7.74220000,-0.0703240380269511
7.74610000,-0.0702912511625645
7.75000000,-0.0702573321392316
7.75390000,-0.0702235470234265
7.75780000,-0.0701871140786142
7.76170000,-0.0701447848076512
7.76560000,-0.0700973106910350
7.76950000,-0.0700490395544540
7.77340000,-0.0700035750852377
7.77730000,-0.0699612785196564
7.78130000,-0.0699232870377706
7.78520000,-0.0698865238163335
7.78910000,-0.0698552001444372
7.79300000,-0.0698291282384646
7.79690000,-0.0698040227750892
7.80080000,-0.0697747280379250
7.80470000,-0.0697400863752758
7.80860000,-0.0697035675606857
7.81250000,-0.0696686777129385
7.81640000,-0.0696346455938077
7.82030000,-0.0695975684651067
7.82420000,-0.0695550854255383
7.82810000,-0.0695082578405450
7.83200000,-0.0694585392295084
7.83590000,-0.0694043434334496
7.83980000,-0.0693422842066289
7.84380000,-0.0692731931485850
7.84770000,-0.0691991650310289
7.85160000,-0.0691269788134279
7.85550000,-0.0690583500844495
7.85940000,-0.0689912890478010
7.86330000,-0.0689243778784289
7.86720000,-0.0688592001690193
7.87110000,-0.0687978387913981
7.87500000,-0.0687390997332304
7.87890000,-0.0686788698196713
7.88280000,-0.0686147116192651
7.88670000,-0.0685489662488462
7.89060000,-0.0684860867212383
7.89450000,-0.0684274634155048
7.89840000,-0.0683702705680990
7.90230000,-0.0683114050369135
7.90630000,-0.0682525856220148
7.91020000,-0.0681934095600575
7.91410000,-0.0681363665683372
7.91800000,-0.0680795892672057
7.92190000,-0.0680211681913039
7.92580000,-0.0679623024182131
7.92970000,-0.0679058782466037
7.93360000,-0.0678517155154859
7.93750000,-0.0677948421233098
7.94140000,-0.0677295839150647
7.94530000,-0.0676546971271302
7.94920000,-0.0675733167376249
7.95310000,-0.0674882276540075
7.95700000,-0.0673988441650266
7.96090000,-0.0673035456526706
7.96480000,-0.0672037377850182
7.96880000,-0.0671041201756092
7.97270000,-0.0670062613989107
7.97660000,-0.0669081140921940
7.98050000,-0.0668051116903996
7.98440000,-0.0666960410290094
7.98830000,-0.0665841384643964
7.99220000,-0.0664725867895250
7.99610000,-0.0663605860346512
8.00000000,-0.0662451497273731
8.00390000,-0.0661259217007308
8.00780000,-0.0660065400265569
8.01170000,-0.0658908302449768
8.01560000,-0.0657787728658085
8.01950000,-0.0656675000155136
8.02340000,-0.0655559974682969
8.02730000,-0.0654470749846071
8.03130000,-0.0653441781037755
8.03520000,-0.0652456733541614
8.03910000,-0.0651474118619845
8.04300000,-0.0650461163775706
8.04690000,-0.0649428654375900
8.05080000,-0.0648407748696582
8.05470000,-0.0647405061857355
8.05860000,-0.0646396200050279
8.06250000,-0.0645365205568866
8.06640000,-0.0644335718763589
8.07030000,-0.0643349954721377
8.07420000,-0.0642419923040621
8.07810000,-0.0641512832022676
8.08200000,-0.0640590552830363
8.08590000,-0.0639654076445965
8.08980000,-0.0638735517540237
8.09380000,-0.0637854614611654
8.09770000,-0.0636964342328903
8.10160000,-0.0636025883774903
8.10550000,-0.0635028866968793
8.10940000,-0.0633998519921189
8.11330000,-0.0632948879877182
8.11720000,-0.0631855036411845
8.12110000,-0.0630684312515229
8.12500000,-0.0629446422141373
8.12890000,-0.0628195287510797
8.13280000,-0.0626976930352516
8.13670000,-0.0625788687810035
8.14060000,-0.0624598801049352
8.14450000,-0.0623395252872468
8.14840000,-0.0622196824568380
8.15230000,-0.0621014511711592
8.15630000,-0.0619820690175834
8.16020000,-0.0618576842838181
8.16410000,-0.0617277076668385
8.16800000,-0.0615960871034492
8.17190000,-0.0614666825339564
8.17580000,-0.0613390172402189
8.17970000,-0.0612099115049476
8.18360000,-0.0610789383451063
8.18750000,-0.0609505698418119
8.19140000,-0.0608300279517850
8.19530000,-0.0607178383386995
8.19920000,-0.0606097672458338
8.20310000,-0.0605020476754704
8.20700000,-0.0603951765946461
8.21090000,-0.0602915753973031
8.21480000,-0.0601905091090879
8.21880000,-0.0600874286056268
8.22270000,-0.0599771622337787
8.22660000,-0.0598599470684809
8.23050000,-0.0597390615013021
8.23440000,-0.0596165978940172
8.23830000,-0.0594919150020578
8.24220000,-0.0593649512039118
8.24610000,-0.0592391914865742
8.25000000,-0.0591194273810976
8.25390000,-0.0590066130400415
8.25780000,-0.0588965108688743
8.26170000,-0.0587842711282715
8.26560000,-0.0586693711710178
8.26950000,-0.0585547393109062
8.27340000,-0.0584414023886385
8.27730000,-0.0583257483403759
8.28130000,-0.0582026292291725
8.28520000,-0.0580711680550412
8.28910000,-0.0579340102377558
8.29300000,-0.0577939042690666
8.29690000,-0.0576502586292351
8.30080000,-0.0575010796053834
8.30470000,-0.0573471759555951
8.30860000,-0.0571926849701659
8.31250000,-0.0570410036269534
8.31640000,-0.0568916188332284
8.32030000,-0.0567422346260745
8.32420000,-0.0565932790825890
8.32810000,-0.0564485413322333
8.33200000,-0.0563107296869327
8.33590000,-0.0561775539194781
8.33980000,-0.0560436324746750
8.34380000,-0.0559054999530567
8.34770000,-0.0557663728339358
8.35160000,-0.0556291654045280
8.35550000,-0.0554945391155530
8.35940000,-0.0553608005754976
8.36330000,-0.0552281004758661
8.36720000,-0.0551000978576801
8.37110000,-0.0549802451625796
8.37500000,-0.0548671722844726
8.37890000,-0.0547553752315359
8.38280000,-0.0546408382862651
8.38670000,-0.0545247202601248
8.39060000,-0.0544106074973491
8.39450000,-0.0542990772710418
8.39840000,-0.0541866074016765
8.40230000,-0.0540700487341970
8.40630000,-0.0539505934500934
8.41020000,-0.0538328113513988
8.41410000,-0.0537187879656948
8.41800000,-0.0536067591106086
8.42190000,-0.0534944192381388
8.42580000,-0.0533827396828555
8.42970000,-0.0532749203653011
8.43360000,-0.0531719460091401
8.43750000,-0.0530708549214095
8.44140000,-0.0529682358651190
8.44530000,-0.0528643523794510
8.44920000,-0.0527624502918613
8.45310000,-0.0526641360308787
8.45700000,-0.0525667979695058
8.46090000,-0.0524663400307687
8.46480000,-0.0523616082540172
8.46880000,-0.0522549773985376
8.47270000,-0.0521475406495044
8.47660000,-0.0520370721199026
8.48050000,-0.0519199099685297
8.48440000,-0.0517961417354085
8.48830000,-0.0516703140462371
8.49220000,-0.0515466368467391
8.49610000,-0.0514246142248639
8.50000000,-0.0513005843355372
8.50390000,-0.0511729436671112
8.50780000,-0.0510440504266149
8.51170000,-0.0509164828095544
8.51560000,-0.0507890084142633
8.51950000,-0.0506579787824529
8.52340000,-0.0505224522793125
8.52730000,-0.0503862983385103
8.53130000,-0.0502539175372039
8.53520000,-0.0501269902914468
8.53910000,-0.0500012974241554
8.54300000,-0.0498736495804150
8.54690000,-0.0497453031003406
8.55080000,-0.0496201063705281
8.55470000,-0.0494997824893540
8.55860000,-0.0493827030660256
8.56250000,-0.0492675955176821
8.56640000,-0.0491567300440938
8.57030000,-0.0490537273869634
8.57420000,-0.0489585392491254
8.57810000,-0.0488662641784969
8.58200000,-0.0487716238710775
8.58590000,-0.0486735561638993
8.58980000,-0.0485743063837777
8.59380000,-0.0484749112635771
8.59770000,-0.0483718038040466
8.60160000,-0.0482623727408675
8.60550000,-0.0481479566594885
8.60940000,-0.0480329835588424
8.61330000,-0.0479195514639960
8.61720000,-0.0478047847292507
8.62110000,-0.0476844476006926
8.62500000,-0.0475582603042427
8.62890000,-0.0474301668586575
8.63280000,-0.0473031299385788
8.63670000,-0.0471751022018346
8.64060000,-0.0470413466977892
8.64450000,-0.0468998581676430
8.64840000,-0.0467528838396840
8.65230000,-0.0466031893508871
8.65630000,-0.0464494374971627
8.66020000,-0.0462915943932164
8.66410000,-0.0461286824680352
8.66800000,-0.0459641579304980
8.67190000,-0.0458014559462726
8.67580000,-0.0456403770752674
8.67970000,-0.0454783823387810
8.68360000,-0.0453154865456029
8.68750000,-0.0451561482866144
8.69140000,-0.0450053235189386
8.69530000,-0.0448635110254410
8.69920000,-0.0447271866543798
8.70310000,-0.0445942552269068
8.70700000,-0.0444673752441672
8.71090000,-0.0443505920953000
8.71480000,-0.0442434404325888
8.71880000,-0.0441401857131038
8.72270000,-0.0440342678762831
8.72660000,-0.0439244420713368
8.73050000,-0.0438126723940279
8.73440000,-0.0436992835412152
8.73830000,-0.0435813348033527
8.74220000,-0.0434566238688409
8.74610000,-0.0433275911549763
8.75000000,-0.0431993628601022
8.75390000,-0.0430741001093087
8.75780000,-0.0429488067137333
8.76170000,-0.0428192794123110
8.76560000,-0.0426849323316746
8.76950000,-0.0425482192752554
8.77340000,-0.0424098130892831
8.77730000,-0.0422663751630864
8.78130000,-0.0421130723764797
8.78520000,-0.0419528339311183
8.78910000,-0.0417901370329664
8.79300000,-0.0416301576088029
8.79690000,-0.0414735493708574
8.80080000,-0.0413181788624613
8.80470000,-0.0411639652215483
8.80860000,-0.0410139380420043
8.81250000,-0.0408701111405183
8.81640000,-0.0407301023739327
8.82030000,-0.0405894100497437
8.82420000,-0.0404465281544015
8.82810000,-0.0403041132528113
8.83200000,-0.0401645081853328
8.83590000,-0.0400254761892814
8.83980000,-0.0398820143755282
8.84380000,-0.0397312786981446
8.84770000,-0.0395792483527258
8.85160000,-0.0394307196141567
8.85550000,-0.0392878095902355
8.85940000,-0.0391485091548681
8.86330000,-0.0390112262043186
8.86720000,-0.0388777622074098
8.87110000,-0.0387506551179734
8.87500000,-0.0386286839423504
8.87890000,-0.0385066736184915
8.88280000,-0.0383799713189573
8.88670000,-0.0382479069774690
8.89060000,-0.0381119893770579
8.89450000,-0.0379718047852665
8.89840000,-0.0378246515806987
8.90230000,-0.0376696244012700
8.90630000,-0.0375092492882997
8.91020000,-0.0373519052808948
8.91410000,-0.0371990662964003
8.91800000,-0.0370490101401329
8.92190000,-0.0368995784640734
8.92580000,-0.0367522475244669
8.92970000,-0.0366108292887734
8.93360000,-0.0364765781095681
8.93750000,-0.0363462414284916
8.94140000,-0.0362156082985008
8.94530000,-0.0360840698566688
8.94920000,-0.0359543247298853
8.95310000,-0.0358275258807072
8.95700000,-0.0357002466686584
8.96090000,-0.0355674612263310
8.96480000,-0.0354279198488848
8.96880000,-0.0352842823084227
8.97270000,-0.0351420279280425
8.97660000,-0.0350000843129349
8.98050000,-0.0348555738348858
8.98440000,-0.0347075968552507
8.98830000,-0.0345583641913559
8.99220000,-0.0344090574926982
8.99610000,-0.0342561946359455
9.00000000,-0.0340937530994379
9.00390000,-0.0339189030743369
9.00780000,-0.0337344139557271
9.01170000,-0.0335449489584662
9.01560000,-0.0333524529947354
9.01950000,-0.0331565888266404
9.02340000,-0.0329588881677118
9.02730000,-0.0327642954335559
9.03130000,-0.0325755539541624
9.03520000,-0.0323969964715261
9.03910000,-0.0322232554061910
9.04300000,-0.0320520767400220
9.04690000,-0.0318851547829626
9.05080000,-0.0317254196099352
9.05470000,-0.0315725703225920
9.05860000,-0.0314228474082653
9.06250000,-0.0312732814019178
9.06640000,-0.0311247880392433
9.07030000,-0.0309800716634671
9.07420000,-0.0308391470093962
9.07810000,-0.0306984860277199
9.08200000,-0.0305552416786101
9.08590000,-0.0304112383454219
9.08980000,-0.0302712195724936
9.09380000,-0.0301365273914525
9.09770000,-0.0300052928508453
9.10160000,-0.0298721951760181
9.10550000,-0.0297360248080470
9.10940000,-0.0295989504569933
9.11330000,-0.0294620427989042
9.11720000,-0.0293226824285629
9.12110000,-0.0291773661571390
9.12500000,-0.0290262847015391
9.12890000,-0.0288735962362568
9.13280000,-0.0287227664471735
9.13670000,-0.0285730850496089
9.14060000,-0.0284220053261710
9.14450000,-0.0282699666737069
9.14840000,-0.0281209895307533
9.15230000,-0.0279782201169866
9.15630000,-0.0278397615711166
9.16020000,-0.0277039137842148
9.16410000,-0.0275692944771227
9.16800000,-0.0274388623975804
9.17190000,-0.0273148589363699
9.17580000,-0.0271947966711651
9.17970000,-0.0270732766690328
9.18360000,-0.0269476929033323
9.18750000,-0.0268206808297160
9.19140000,-0.0266962130551801
9.19530000,-0.0265743502032642
9.19920000,-0.0264513595169523
9.20310000,-0.0263250443373725
9.20700000,-0.0261984207936978
9.21090000,-0.0260769248961464
9.21480000,-0.0259626564694315
9.21880000,-0.0258529944007564
9.22270000,-0.0257456095865879
9.22660000,-0.0256425293812214
9.23050000,-0.0255483940041545
9.23440000,-0.0254645591390318
9.23830000,-0.0253870911620444
9.24220000,-0.0253108914621304
9.24610000,-0.0252343793425753
9.25000000,-0.0251590903015116
9.25390000,-0.0250854981491192
9.25780000,-0.0250112244864254
9.26170000,-0.0249342562872050
9.26560000,-0.0248565250274306
9.26950000,-0.0247821907691221
9.27340000,-0.0247121768621977
9.27730000,-0.0246422015189231
9.28130000,-0.0245680601907444
9.28520000,-0.0244877862272094
9.28910000,-0.0244062061153102
9.29300000,-0.0243260872852554
9.29690000,-0.0242451201972519
9.30080000,-0.0241586423823049
9.30470000,-0.0240654901562688
9.30860000,-0.0239697164489463
9.31250000,-0.0238761891061394
9.31640000,-0.0237859213786991
9.32030000,-0.0236969021428261
9.32420000,-0.0236085970714203
9.32810000,-0.0235238194991814
9.33200000,-0.0234455166666091
9.33590000,-0.0233729514718029
9.33980000,-0.0233028483275125
9.34380000,-0.0232352563516603
9.34770000,-0.0231716804201014
9.35160000,-0.0231169143392440
9.35550000,-0.0230701712669889
9.35940000,-0.0230263805003075
9.36330000,-0.0229813294848413
9.36720000,-0.0229351622178624
9.37110000,-0.0228902952805432
9.37500000,-0.0228470517208763
9.37890000,-0.0228030596221945
9.38280000,-0.0227570026329408
9.38670000,-0.0227111349220334
9.39060000,-0.0226686768887357
9.39450000,-0.0226292187263960
9.39840000,-0.0225883014863978
9.40230000,-0.0225421726718595
9.40630000,-0.0224931628944149
9.41020000,-0.0224420720464664
9.41410000,-0.0223913772702174
9.41800000,-0.0223377840262163
9.42190000,-0.0222776966759807
9.42580000,-0.0222120614975135
9.42970000,-0.0221457463156173
9.43360000,-0.0220820771166949
9.43750000,-0.0220194655178990
9.44140000,-0.0219540830712322
9.44530000,-0.0218845116449974
9.44920000,-0.0218122484425978
9.45310000,-0.0217378647989366
9.45700000,-0.0216583548317176
9.46090000,-0.0215694214166948
9.46480000,-0.0214696521575229
9.46880000,-0.0213609610907942
9.47270000,-0.0212452876799915
9.47660000,-0.0211213972446094
9.48050000,-0.0209875617487569
9.48440000,-0.0208457489752449
9.48830000,-0.0207016894788366
9.49220000,-0.0205599105680479
9.49610000,-0.0204196770252474
9.50000000,-0.0202768485811073
9.50390000,-0.0201291520048034
9.50780000,-0.0199783236080160
9.51170000,-0.0198268859241799
9.51560000,-0.0196741936408350
9.51950000,-0.0195171930407767
9.52340000,-0.0193548122223065
9.52730000,-0.0191899888262324
9.53130000,-0.0190250930507833
9.53520000,-0.0188636751838034
9.53910000,-0.0187013641863372
9.54300000,-0.0185361986314735
9.54690000,-0.0183701768981101
9.55080000,-0.0182070113676545
9.55470000,-0.0180475430828739
9.55860000,-0.0178890473470461
9.56250000,-0.0177295072542601
9.56640000,-0.0175711239526660
9.57030000,-0.0174182717009262
9.57420000,-0.0172725261111654
9.57810000,-0.0171313480393712
9.58200000,-0.0169919573091445
9.58590000,-0.0168548142807001
9.58980000,-0.0167219383678167
9.59380000,-0.0165917859428472
9.59770000,-0.0164607565138307
9.60160000,-0.0163233638617999
9.60550000,-0.0161791156944442
9.60940000,-0.0160309132920684
9.61330000,-0.0158802117440941
9.61720000,-0.0157246727594095
9.62110000,-0.0155614453756202
9.62500000,-0.0153916958246497
9.62890000,-0.0152203339808895
9.63280000,-0.0150512214214501
9.63670000,-0.0148840074068612
9.64060000,-0.0147165602405226
9.64450000,-0.0145493421853542
9.64840000,-0.0143855146760471
9.65230000,-0.0142266207909137
9.65630000,-0.0140682772267760
9.66020000,-0.0139082204135152
9.66410000,-0.0137432989863991
9.66800000,-0.0135764639522304
9.67190000,-0.0134114582784364
9.67580000,-0.0132487518743186
9.67970000,-0.0130865478027533
9.68360000,-0.0129250864176927
9.68750000,-0.0127683383249143
9.69140000,-0.0126208441886226
9.69530000,-0.0124835062414490
9.69920000,-0.0123533950765018
9.70310000,-0.0122277324092676
9.70700000,-0.0121067738932606
9.71090000,-0.0119917660894240
9.71480000,-0.0118809713560293
9.71880000,-0.0117695338522232
9.72270000,-0.0116551154485437
9.72660000,-0.0115398253537466
9.73050000,-0.0114280339727715
9.73440000,-0.0113206110113878
9.73830000,-0.0112139996083958
9.74220000,-0.0111050637509265
9.74610000,-0.0109954498004415
9.75000000,-0.0108899623981841
9.75390000,-0.0107911737720784
9.75780000,-0.0106971224578808
9.76170000,-0.0106047202631296
9.76560000,-0.0105139320628948
9.76950000,-0.0104269857514293
9.77340000,-0.0103438634190178
9.77730000,-0.0102603539688783
9.78130000,-0.0101718143145348
9.78520000,-0.0100764410865738
9.78910000,-0.0099773616000854
9.79300000,-0.0098764020258196
9.79690000,-0.0097709696193599
9.80080000,-0.0096566887662236
9.80470000,-0.0095328031526621
9.80860000,-0.0094034287479110
9.81250000,-0.0092733663566406
9.81640000,-0.0091440270354563
9.82030000,-0.0090143675254485
9.82420000,-0.0088848290162437
9.82810000,-0.0087583146634543
9.83200000,-0.0086366372405289
9.83590000,-0.0085173512935533
9.83980000,-0.0083956641782999
9.84380000,-0.0082688451894131
9.84770000,-0.0081404655398720
9.85160000,-0.0080129116642466
9.85550000,-0.0078858213078612
9.85940000,-0.0077567394480786
9.86330000,-0.0076261436139508
9.86720000,-0.0074992286685693
9.87110000,-0.0073816179751653
9.87500000,-0.0072740932198602
9.87890000,-0.0071727072757160
9.88280000,-0.0070740333375350
9.88670000,-0.0069788817837109
9.89060000,-0.0068899158753481
9.89450000,-0.0068066247149577
9.89840000,-0.0067243122523822
9.90230000,-0.0066383000359458
9.90630000,-0.0065481217541157
9.91020000,-0.0064552125184125
9.91410000,-0.0063604146650825
9.91800000,-0.0062616155796534
9.92190000,-0.0061574333938953
9.92580000,-0.0060504862173712
9.92970000,-0.0059454198859869
9.93360000,-0.0058436282199916
9.93750000,-0.0057415294560282
9.94140000,-0.0056348952529831
9.94530000,-0.0055239123576868
9.94920000,-0.0054127636688642
9.95310000,-0.0053045895268343
9.95700000,-0.0051983122165114
9.96090000,-0.0050909984606546
9.96480000,-0.0049822113811182
9.96880000,-0.0048740833809442
9.97270000,-0.0047677802527946
9.97660000,-0.0046595960750033
9.98050000,-0.0045445698400585
9.98440000,-0.0044213349728452
9.98830000,-0.0042925229630952
9.99220000,-0.0041595850097375
9.99610000,-0.0040185548366489
10.00000000,-0.0038626292622040
