Velocity, Vel [m/s]
2561,0
0.00000000,-0.0105843040412996
0.00390630,-0.0106753993854284
0.00781250,-0.0107130957024173
0.01171900,-0.0107138559946040
0.01562500,-0.0106933587528476
0.01953100,-0.0106613852153803
0.02343800,-0.0106236808797034
0.02734400,-0.0105859776832154
0.03125000,-0.0105540524290646
0.03515600,-0.0105297824792899
0.03906300,-0.0105093559505140
0.04296900,-0.0104870026518567
0.04687500,-0.0104604736854059
0.05078100,-0.0104317667695091
0.05468800,-0.0104027743129912
0.05859400,-0.0103716966050003
0.06250000,-0.0103352234468750
0.06640600,-0.0102935128206199
0.07031300,-0.0102511384098774
0.07421900,-0.0102121738616613
0.07812500,-0.0101755651921068
0.08203100,-0.0101365168800953
0.08593800,-0.0100920012896430
0.08984400,-0.0100432341582051
0.09375000,-0.0099923672365715
0.09765600,-0.0099382751456423
0.10156000,-0.0098775870944928
0.10547000,-0.0098098400161318
0.10938000,-0.0097395890781760
0.11328000,-0.0096721654605684
0.11719000,-0.0096084364214685
0.12109000,-0.0095454069355213
0.12500000,-0.0094815042452808
0.12891000,-0.0094193300995846
0.13281000,-0.0093626408583091
0.13672000,-0.0093118817980618
0.14063000,-0.0092639671391796
0.14453000,-0.0092170472511898
0.14844000,-0.0091741888200245
0.15234000,-0.0091403493400782
0.15625000,-0.0091172462557754
0.16016000,-0.0091014411048234
0.16406000,-0.0090892019738740
0.16797000,-0.0090815094291247
0.17188000,-0.0090816422761385
0.17578000,-0.0090899525489339
0.17969000,-0.0091022125526238
0.18359000,-0.0091122399165097
0.18750000,-0.0091185960435701
0.19141000,-0.0091231020639775
0.19531000,-0.0091266540609443
0.19922000,-0.0091269478485809
0.20313000,-0.0091203318922796
0.20703000,-0.0091069867221539
0.21094000,-0.0090912032746854
0.21484000,-0.0090754888142874
0.21875000,-0.0090582801278460
0.22266000,-0.0090356962524330
0.22656000,-0.0090070898135955
0.23047000,-0.0089760363206874
0.23438000,-0.0089449876528904
0.23828000,-0.0089116301267397
0.24219000,-0.0088713181355322
0.24609000,-0.0088220358323782
0.25000000,-0.0087667208239345
0.25391000,-0.0087089270966500
0.25781000,-0.0086486955994052
0.26172000,-0.0085836883165545
0.26563000,-0.0085139076480480
0.26953000,-0.0084435840977868
0.27344000,-0.0083772123903872
0.27734000,-0.0083149974671115
0.28125000,-0.0082536530687705
0.28516000,-0.0081914581427700
0.28906000,-0.0081310080530064
0.29297000,-0.0080760537332646
0.29688000,-0.0080265009475467
0.30078000,-0.0079783766522646
0.30469000,-0.0079290386949454
0.30859000,-0.0078805364691412
0.31250000,-0.0078374712724946
0.31641000,-0.0078010949506743
0.32031000,-0.0077682329338037
0.32422000,-0.0077364453189849
0.32813000,-0.0077076894669588
0.33203000,-0.0076863369711880
0.33594000,-0.0076738235138944
0.33984000,-0.0076658841692239
0.34375000,-0.0076578187425385
0.34766000,-0.0076484114860113
0.35156000,-0.0076399519198537
0.35547000,-0.0076337925907919
0.35938000,-0.0076268921492369
0.36328000,-0.0076156443116648
0.36719000,-0.0076010127431891
0.37109000,-0.0075869692972786
0.37500000,-0.0075761465870743
0.37891000,-0.0075655962337981
0.38281000,-0.0075502468936520
0.38672000,-0.0075286327143868
0.39063000,-0.0075029105558699
0.39453000,-0.0074747354786155
0.39844000,-0.0074419325077401
0.40234000,-0.0074002772004191
0.40625000,-0.0073495155562182
0.41016000,-0.0072940583759491
0.41406000,-0.0072384547272588
0.41797000,-0.0071829251846639
0.42188000,-0.0071247756527889
0.42578000,-0.0070636931127661
0.42969000,-0.0070034067356743
0.43359000,-0.0069474905651135
0.43750000,-0.0068952113199312
0.44141000,-0.0068426828191099
0.44531000,-0.0067882840161911
0.44922000,-0.0067350514536667
0.45313000,-0.0066866688719659
0.45703000,-0.0066425641814601
0.46094000,-0.0065987513427221
0.46484000,-0.0065532384439461
0.46875000,-0.0065099800696529
0.47266000,-0.0064749684614005
0.47656000,-0.0064499857035880
0.48047000,-0.0064316469132729
0.48438000,-0.0064158065452929
0.48828000,-0.0064024431534181
0.49219000,-0.0063944427013000
0.49609000,-0.0063914002002255
0.50000000,-0.0063892900296886
0.50391000,-0.0063835172436896
0.50781000,-0.0063736360758909
0.51172000,-0.0063625608632570
0.51563000,-0.0063507142441512
0.51953000,-0.0063344194029651
0.52344000,-0.0063102453393197
0.52734000,-0.0062789716269222
0.53125000,-0.0062454609357811
0.53516000,-0.0062123636444425
0.53906000,-0.0061776035123075
0.54297000,-0.0061383540458602
0.54688000,-0.0060959216212144
0.55078000,-0.0060558550803725
0.55469000,-0.0060223313264111
0.55859000,-0.0059933191106781
0.56250000,-0.0059636999007819
0.56641000,-0.0059305145573702
0.57031000,-0.0058951012257021
0.57422000,-0.0058594063586279
0.57813000,-0.0058216486143127
0.58203000,-0.0057781553327432
0.58594000,-0.0057284457035982
0.58984000,-0.0056763394503766
0.59375000,-0.0056260518496752
0.59766000,-0.0055771980929191
0.60156000,-0.0055258700101105
0.60547000,-0.0054699936040564
0.60938000,-0.0054114823535682
0.61328000,-0.0053528801918677
0.61719000,-0.0052931171995901
0.62109000,-0.0052284495298462
0.62500000,-0.0051578076015804
0.62891000,-0.0050852886413044
0.63281000,-0.0050166379433218
0.63672000,-0.0049539011801550
0.64063000,-0.0048947235854742
0.64453000,-0.0048368076435819
0.64844000,-0.0047817318321001
0.65234000,-0.0047327620896624
0.65625000,-0.0046903064598228
0.66016000,-0.0046507550221884
0.66406000,-0.0046108889680436
0.66797000,-0.0045718251346797
0.67188000,-0.0045369128488959
0.67578000,-0.0045071425053538
0.67969000,-0.0044797862541955
0.68359000,-0.0044513192838217
0.68750000,-0.0044223387511963
0.69141000,-0.0043960575942913
0.69531000,-0.0043738786715844
0.69922000,-0.0043534322341463
0.70313000,-0.0043308566284400
0.70703000,-0.0043052274255971
0.71094000,-0.0042786276928558
0.71484000,-0.0042514101135082
0.71875000,-0.0042207441900439
0.72266000,-0.0041825864576701
0.72656000,-0.0041365128509299
0.73047000,-0.0040862743284566
0.73438000,-0.0040348718069264
0.73828000,-0.0039809415606208
0.74219000,-0.0039210904374561
0.74609000,-0.0038551433837554
0.75000000,-0.0037875556185021
0.75391000,-0.0037226152721464
0.75781000,-0.0036597722103836
0.76172000,-0.0035950350272168
0.76563000,-0.0035263396335662
0.76953000,-0.0034559581729245
0.77344000,-0.0033869060058222
0.77734000,-0.0033186813717539
0.78125000,-0.0032480995222414
0.78516000,-0.0031741765001485
0.78906000,-0.0031001370347554
0.79297000,-0.0030296654597238
0.79688000,-0.0029627196300914
0.80078000,-0.0028963241982806
0.80469000,-0.0028295449898109
0.80859000,-0.0027660161002001
0.81250000,-0.0027104755321838
0.81641000,-0.0026633664541094
0.82031000,-0.0026203706700641
0.82422000,-0.0025778480362208
0.82813000,-0.0025368367338626
0.83203000,-0.0025013031145916
0.83594000,-0.0024730145823099
0.83984000,-0.0024491085000151
0.84375000,-0.0024265580750240
0.84766000,-0.0024056310468160
0.85156000,-0.0023892677173391
0.85547000,-0.0023785675533424
0.85938000,-0.0023698168588177
0.86328000,-0.0023586951147606
0.86719000,-0.0023456670051786
0.87109000,-0.0023342795548086
0.87500000,-0.0023266667270665
0.87891000,-0.0023194745166808
0.88281000,-0.0023077256146184
0.88672000,-0.0022906461950360
0.89063000,-0.0022712038549883
0.89453000,-0.0022515454933374
0.89844000,-0.0022298228060705
0.90234000,-0.0022021195402745
0.90625000,-0.0021684986269835
0.91016000,-0.0021325834752651
0.91406000,-0.0020965585196144
0.91797000,-0.0020576966689886
0.92188000,-0.0020110043252242
0.92578000,-0.0019555266769301
0.92969000,-0.0018959329081049
0.93359000,-0.0018377002386599
0.93750000,-0.0017822331523381
0.94141000,-0.0017272027966465
0.94531000,-0.0016714012082852
0.94922000,-0.0016172027325073
0.95313000,-0.0015671739364036
0.95703000,-0.0015199502277269
0.96094000,-0.0014714255917034
0.96484000,-0.0014197690135364
0.96875000,-0.0013685264276328
0.97266000,-0.0013226869537320
0.97656000,-0.0012832273524712
0.98047000,-0.0012472163582594
0.98438000,-0.0012128120602072
0.98828000,-0.0011828889540465
0.99219000,-0.0011619459886254
0.99609000,-0.0011495046322054
1.00000000,-0.0011403001224838
1.00390000,-0.0011286289741906
1.00780000,-0.0011141027928243
1.01170000,-0.0010995179403881
1.01560000,-0.0010856837977028
1.01950000,-0.0010695817413273
1.02340000,-0.0010484777947633
1.02730000,-0.0010244467552051
1.03130000,-0.0010040782205682
1.03520000,-0.0009878493885799
1.03910000,-0.0009741572661558
1.04300000,-0.0009586709460505
1.04690000,-0.0009409518003658
1.05080000,-0.0009242792108060
1.05470000,-0.0009101039701523
1.05860000,-0.0008946149196032
1.06250000,-0.0008722258740344
1.06640000,-0.0008415064365309
1.07030000,-0.0008059465088546
1.07420000,-0.0007689200679795
1.07810000,-0.0007297140731865
1.08200000,-0.0006857688174558
1.08590000,-0.0006378053029997
1.08980000,-0.0005906359494725
1.09380000,-0.0005487650206835
1.09770000,-0.0005095489814954
1.10160000,-0.0004690533080519
1.10550000,-0.0004253566446408
1.10940000,-0.0003807954796423
1.11330000,-0.0003375306926090
1.11720000,-0.0002931399261705
1.12110000,-0.0002423916558642
1.12500000,-0.0001832342539948
1.12890000,-0.0001194574769693
1.13280000,-0.0000566821569178
1.13670000,0.0000034415843621
1.14060000,0.0000637211811799
1.14450000,0.0001262937701819
1.14840000,0.0001888523225915
1.15230000,0.0002470727951685
1.15630000,0.0002993656188793
1.16020000,0.0003492907670222
1.16410000,0.0003993550617265
1.16800000,0.0004488755688478
1.17190000,0.0004951703215080
1.17580000,0.0005380336666202
1.17970000,0.0005809794910935
1.18360000,0.0006269984900281
1.18750000,0.0006741761721502
1.19140000,0.0007173668823569
1.19530000,0.0007540765055562
1.19920000,0.0007868792303085
1.20310000,0.0008194282828964
1.20700000,0.0008515882921435
1.21090000,0.0008799684285791
1.21480000,0.0009029824441307
1.21880000,0.0009226700788011
1.22270000,0.0009462807309890
1.22660000,0.0009740400596366
1.23050000,0.0010033630483238
1.23440000,0.0010324662007661
1.23830000,0.0010638428684333
1.24220000,0.0011018115598837
1.24610000,0.0011474669058905
1.25000000,0.0011975343079850
1.25390000,0.0012484763283841
1.25780000,0.0013006600515656
1.26170000,0.0013572961621985
1.26560000,0.0014195965035122
1.26950000,0.0014846788231617
1.27340000,0.0015490628806478
1.27730000,0.0016130032790663
1.28130000,0.0016797039176490
1.28520000,0.0017503804546862
1.28910000,0.0018219441404147
1.29300000,0.0018902704528504
1.29690000,0.0019545974535337
1.30080000,0.0020172407579798
1.30470000,0.0020791684997378
1.30860000,0.0021374882879763
1.31250000,0.0021885515427427
1.31640000,0.0022329262084884
1.32030000,0.0022755488335936
1.32420000,0.0023203905005874
1.32810000,0.0023664572302874
1.33200000,0.0024101601268502
1.33590000,0.0024504508833407
1.33980000,0.0024898959031576
1.34380000,0.0025298802391255
1.34770000,0.0025695011764753
1.35160000,0.0026033327478425
1.35550000,0.0026292486607759
1.35940000,0.0026497678393225
1.36330000,0.0026684964135460
1.36720000,0.0026859493393594
1.37110000,0.0027001476597747
1.37500000,0.0027107248433722
1.37890000,0.0027209908573512
1.38280000,0.0027354070735299
1.38670000,0.0027557337783402
1.39060000,0.0027808678245877
1.39450000,0.0028105973773632
1.39840000,0.0028479000633067
1.40230000,0.0028959303880811
1.40630000,0.0029528670150079
1.41020000,0.0030128238006562
1.41410000,0.0030701919586705
1.41800000,0.0031254250394502
1.42190000,0.0031829738937288
1.42580000,0.0032455594915681
1.42970000,0.0033119290320087
1.43360000,0.0033803828489843
1.43750000,0.0034526846724171
1.44140000,0.0035326833477423
1.44530000,0.0036211956946579
1.44920000,0.0037142006823247
1.45310000,0.0038072086071661
1.45700000,0.0039000798139172
1.46090000,0.0039959744860755
1.46480000,0.0040959868211500
1.46880000,0.0041972750949905
1.47270000,0.0042928781267691
1.47660000,0.0043820488726075
1.48050000,0.0044672894612584
1.48440000,0.0045506084803845
1.48830000,0.0046300279298585
1.49220000,0.0047020643179132
1.49610000,0.0047670106986805
1.50000000,0.0048299503443968
1.50390000,0.0048958307078580
1.50780000,0.0049645612967488
1.51170000,0.0050321029073728
1.51560000,0.0050959185756776
1.51950000,0.0051577456330993
1.52340000,0.0052202914680274
1.52730000,0.0052826357504800
1.53130000,0.0053408352970818
1.53520000,0.0053940352203797
1.53910000,0.0054455483476597
1.54300000,0.0054998002790419
1.54690000,0.0055572007587193
1.55080000,0.0056147751397524
1.55470000,0.0056716581851744
1.55860000,0.0057321670308712
1.56250000,0.0058020854715007
1.56640000,0.0058825679627283
1.57030000,0.0059693964401513
1.57420000,0.0060584752681740
1.57810000,0.0061502865005572
1.58200000,0.0062478468498182
1.58590000,0.0063513227329803
1.58980000,0.0064563430496726
1.59380000,0.0065590302143670
1.59770000,0.0066569835177289
1.60160000,0.0067538872655902
1.60550000,0.0068510192989503
1.60940000,0.0069459654653126
1.61330000,0.0070362943956347
1.61720000,0.0071241237159778
1.62110000,0.0072149703645568
1.62500000,0.0073119313978395
1.62890000,0.0074126270964469
1.63280000,0.0075127035766024
1.63670000,0.0076111718335819
1.64060000,0.0077106812935634
1.64450000,0.0078126934407765
1.64840000,0.0079141934564524
1.65230000,0.0080105290366232
1.65630000,0.0081014648098679
1.66020000,0.0081895585187787
1.66410000,0.0082788177150353
1.66800000,0.0083680831413717
1.67190000,0.0084536819242216
1.67580000,0.0085348584387684
1.67970000,0.0086153811869447
1.68360000,0.0086990913627822
1.68750000,0.0087851204774114
1.69140000,0.0088690783010115
1.69530000,0.0089486176343601
1.69920000,0.0090259747064330
1.70310000,0.0091043919579038
1.70700000,0.0091835518294941
1.71090000,0.0092600722160228
1.71480000,0.0093322084975063
1.71880000,0.0094026358530729
1.72270000,0.0094753237881036
1.72660000,0.0095515873742703
1.73050000,0.0096293873972770
1.73440000,0.0097076468566740
1.73830000,0.0097891050872578
1.74220000,0.0098777123211712
1.74610000,0.0099737956632522
1.75000000,0.0100730873124350
1.75390000,0.0101708775761986
1.75780000,0.0102661066706171
1.76170000,0.0103604025065094
1.76560000,0.0104540080188887
1.76950000,0.0105446410487622
1.77340000,0.0106311193833812
1.77730000,0.0107166701597405
1.78130000,0.0108073627581439
1.78520000,0.0109043744339412
1.78910000,0.0110058951263721
1.79300000,0.0111087512417033
1.79690000,0.0112135434365436
1.80080000,0.0113238603953938
1.80470000,0.0114411234303963
1.80860000,0.0115615812368848
1.81250000,0.0116791850572337
1.81640000,0.0117907459940582
1.82030000,0.0118970866061132
1.82420000,0.0119992857874437
1.82810000,0.0120955530070840
1.83200000,0.0121830341338575
1.83590000,0.0122619567990266
1.83980000,0.0123363247971421
1.84380000,0.0124100569703955
1.84770000,0.0124826326387098
1.85160000,0.0125517152977526
1.85550000,0.0126171920736272
1.85940000,0.0126828008607746
1.86330000,0.0127520672161733
1.86720000,0.0128239045743390
1.87110000,0.0128936013295247
1.87500000,0.0129580317115207
1.87890000,0.0130186227711037
1.88280000,0.0130785538212374
1.88670000,0.0131383042372422
1.89060000,0.0131957779898397
1.89450000,0.0132507525929682
1.89840000,0.0133072394927870
1.90230000,0.0133700960419316
1.90630000,0.0134403107352708
1.91020000,0.0135148504133027
1.91410000,0.0135921063586527
1.91800000,0.0136747126934096
1.92190000,0.0137667554686975
1.92580000,0.0138683532773256
1.92970000,0.0139745783499881
1.93360000,0.0140803288389135
1.93750000,0.0141853139655648
1.94140000,0.0142930191146889
1.94530000,0.0144052347973159
1.94920000,0.0145194282574596
1.95310000,0.0146321198288665
1.95700000,0.0147434529725655
1.96090000,0.0148568403811179
1.96480000,0.0149741605611665
1.96880000,0.0150942980002979
1.97270000,0.0152107740311435
1.97660000,0.0153243860912516
1.98050000,0.0154377338693384
1.98440000,0.0155516590530505
1.98830000,0.0156624849421139
1.99220000,0.0157657122677336
1.99610000,0.0158616853504938
2.00000000,0.0159557068773570
2.00390000,0.0160520312386642
2.00780000,0.0161491146732840
2.01170000,0.0162417960316132
2.01560000,0.0163271293601256
2.01950000,0.0164064613650724
2.02340000,0.0164818599348314
2.02730000,0.0165524527536075
2.03130000,0.0166158264302327
2.03520000,0.0166729821977529
2.03910000,0.0167291006938627
2.04300000,0.0167895588277321
2.04690000,0.0168550647627368
2.05080000,0.0169225061184886
2.05470000,0.0169902568767249
2.05860000,0.0170611558444586
2.06250000,0.0171393904584283
2.06640000,0.0172252419114474
2.07030000,0.0173147044753547
2.07420000,0.0174048188056135
2.07810000,0.0174978192169118
2.08200000,0.0175985320711619
2.08590000,0.0177081108662500
2.08980000,0.0178221060694860
2.09380000,0.0179367330111417
2.09770000,0.0180495447913965
2.10160000,0.0181652865845177
2.10550000,0.0182852974444066
2.10940000,0.0184064917715862
2.11330000,0.0185254664168512
2.11720000,0.0186430190691672
2.12110000,0.0187629756173208
2.12500000,0.0188867784143686
2.12890000,0.0190108789267875
2.13280000,0.0191304966812236
2.13670000,0.0192448703122424
2.14060000,0.0193571466112280
2.14450000,0.0194692213002330
2.14840000,0.0195785463184279
2.15230000,0.0196810968075510
2.15630000,0.0197769797179601
2.16020000,0.0198675459075230
2.16410000,0.0199547923211314
2.16800000,0.0200354458897411
2.17190000,0.0201051125555739
2.17580000,0.0201642035912181
2.17970000,0.0202189611321223
2.18360000,0.0202761204722112
2.18750000,0.0203374279317751
2.19140000,0.0204003107725596
2.19530000,0.0204631888860309
2.19920000,0.0205281741571204
2.20310000,0.0205978031456245
2.20700000,0.0206706105199047
2.21090000,0.0207419879714374
2.21480000,0.0208095997762634
2.21880000,0.0208761682553818
2.22270000,0.0209458670432250
2.22660000,0.0210189411904706
2.23050000,0.0210918727699164
2.23440000,0.0211627775136241
2.23830000,0.0212348098639190
2.24220000,0.0213129932152399
2.24610000,0.0213984676734890
2.25000000,0.0214874341076314
2.25390000,0.0215760627793951
2.25780000,0.0216648739987706
2.26170000,0.0217569801229612
2.26560000,0.0218530908439317
2.26950000,0.0219504055903591
2.27340000,0.0220468698413818
2.27730000,0.0221448499035497
2.28130000,0.0222499388559899
2.28520000,0.0223616018080908
2.28910000,0.0224769765999007
2.29300000,0.0225915486566613
2.29690000,0.0227053045749240
2.30080000,0.0228217354755994
2.30470000,0.0229419259884572
2.30860000,0.0230615662242254
2.31250000,0.0231749402753403
2.31640000,0.0232809367048458
2.32030000,0.0233835707817435
2.32420000,0.0234866683929417
2.32810000,0.0235895427762556
2.33200000,0.0236886874811571
2.33590000,0.0237826888243737
2.33980000,0.0238737447721892
2.34380000,0.0239646436701287
2.34770000,0.0240528408129147
2.35160000,0.0241357338528826
2.35550000,0.0242131735664866
2.35940000,0.0242891771352358
2.36330000,0.0243673255879931
2.36720000,0.0244465017483761
2.37110000,0.0245226788430059
2.37500000,0.0245944737953578
2.37890000,0.0246653375535102
2.38280000,0.0247396584109953
2.38670000,0.0248177500777983
2.39060000,0.0248959970645575
2.39450000,0.0249717843547139
2.39840000,0.0250466136000614
2.40230000,0.0251234555979460
2.40630000,0.0252025722080683
2.41020000,0.0252802144351246
2.41410000,0.0253550429995692
2.41800000,0.0254303213799062
2.42190000,0.0255116334629409
2.42580000,0.0256012441671802
2.42970000,0.0256963701360316
2.43360000,0.0257935336120037
2.43750000,0.0258932663807556
2.44140000,0.0259989256550465
2.44530000,0.0261116419737857
2.44920000,0.0262286472837318
2.45310000,0.0263471888351929
2.45700000,0.0264684162964259
2.46090000,0.0265955797547362
2.46480000,0.0267286237197771
2.46880000,0.0268639945199215
2.47270000,0.0269922160902743
2.47660000,0.0271135224001022
2.48050000,0.0272307752075967
2.48440000,0.0273459084901451
2.48830000,0.0274568466818803
2.49220000,0.0275605386123804
2.49610000,0.0276578623104683
2.50000000,0.0277537187387615
2.50390000,0.0278519318689716
2.50780000,0.0279514399984544
2.51170000,0.0280485702477589
2.51560000,0.0281423603875279
2.51950000,0.0282359725085470
2.52340000,0.0283321765467947
2.52730000,0.0284287668552420
2.53130000,0.0285206790801742
2.53520000,0.0286033312962522
2.53910000,0.0286790966992450
2.54300000,0.0287513516299909
2.54690000,0.0288204097963197
2.55080000,0.0288841305911519
2.55470000,0.0289428028538493
2.55860000,0.0290012357245643
2.56250000,0.0290646496276401
2.56640000,0.0291334156591104
2.57030000,0.0292035892997494
2.57420000,0.0292727296089714
2.57810000,0.0293434534859311
2.58200000,0.0294201415696228
2.58590000,0.0295032931234310
2.58980000,0.0295891970077292
2.59380000,0.0296761252495661
2.59770000,0.0297666480488733
2.60160000,0.0298675328435274
2.60550000,0.0299811153286082
2.60940000,0.0301036996677836
2.61330000,0.0302300443610598
2.61720000,0.0303582995687302
2.62110000,0.0304894083580256
2.62500000,0.0306224831029635
2.62890000,0.0307529078379474
2.63280000,0.0308762215462669
2.63670000,0.0309929521847468
2.64060000,0.0311077424655970
2.64450000,0.0312232743272120
2.64840000,0.0313366917176705
2.65230000,0.0314432753716849
2.65630000,0.0315433755074623
2.66020000,0.0316396106036601
2.66410000,0.0317360496531514
2.66800000,0.0318308562060308
2.67190000,0.0319202158220253
2.67580000,0.0320044728140939
2.67970000,0.0320890848104774
2.68360000,0.0321790503313482
2.68750000,0.0322740632864598
2.69140000,0.0323704010567969
2.69530000,0.0324664529200749
2.69920000,0.0325643575359398
2.70310000,0.0326657275027177
2.70700000,0.0327674619098646
2.71090000,0.0328636382455162
2.71480000,0.0329513698493874
2.71880000,0.0330336356609183
2.72270000,0.0331138741551394
2.72660000,0.0331930441961482
2.73050000,0.0332684657219743
2.73440000,0.0333394117925256
2.73830000,0.0334100507066877
2.74220000,0.0334858439174744
2.74610000,0.0335677478805766
2.75000000,0.0336518276384629
2.75390000,0.0337350473200291
2.75780000,0.0338197196622979
2.76170000,0.0339107781437187
2.76560000,0.0340094642491675
2.76950000,0.0341115350357966
2.77340000,0.0342121449814340
2.77730000,0.0343111582467335
2.78130000,0.0344131453238267
2.78520000,0.0345184227932631
2.78910000,0.0346258318617741
2.79300000,0.0347332893066129
2.79690000,0.0348430944734071
2.80080000,0.0349600698887577
2.80470000,0.0350851700942895
2.80860000,0.0352126083957500
2.81250000,0.0353342987329094
2.81640000,0.0354463731002102
2.82030000,0.0355503178390666
2.82420000,0.0356483729931143
2.82810000,0.0357399187456601
2.83200000,0.0358235586222317
2.83590000,0.0359015709252273
2.83980000,0.0359800789864656
2.84380000,0.0360643000440896
2.84770000,0.0361526067798994
2.85160000,0.0362412179150776
2.85550000,0.0363283524717221
2.85940000,0.0364164341359498
2.86330000,0.0365077756426969
2.86720000,0.0366001024727180
2.87110000,0.0366878842657864
2.87500000,0.0367678230742434
2.87890000,0.0368415812296984
2.88280000,0.0369124795913286
2.88670000,0.0369806654341786
2.89060000,0.0370432980053106
2.89450000,0.0370995776693538
2.89840000,0.0371537913249048
2.90230000,0.0372122000348771
2.90630000,0.0372776861761144
2.91020000,0.0373491946101871
2.91410000,0.0374257091216724
2.91800000,0.0375095845292507
2.92190000,0.0376040173495184
2.92580000,0.0377084030673382
2.92970000,0.0378180644969386
2.93360000,0.0379290437216632
2.93750000,0.0380416888752212
2.94140000,0.0381582916484362
2.94530000,0.0382778630227964
2.94920000,0.0383947808148041
2.95310000,0.0385027915673749
2.95700000,0.0385983811677382
2.96090000,0.0386781139339861
2.96480000,0.0387329324066633
2.96880000,0.0387461098837098
2.97270000,0.0387060041968002
2.97660000,0.0386066409530595
2.98050000,0.0384547686333529
2.98440000,0.0382624598408993
2.98830000,0.0380407446210816
2.99220000,0.0377985659907485
2.99610000,0.0375450429580646
3.00000000,0.0372893480937128
3.00390000,0.0370368280682945
3.00780000,0.0367862585690815
3.01170000,0.0365328093725174
3.01560000,0.0362740624849185
3.01950000,0.0360120169140752
3.02340000,0.0357490619095036
3.02730000,0.0354837493429465
3.03130000,0.0352036096488927
3.03520000,0.0349251591639076
3.03910000,0.0346432893539403
3.04300000,0.0343615429770049
3.04690000,0.0340786689383493
3.05080000,0.0337899441389064
3.05470000,0.0334930098857460
3.05860000,0.0331907451429759
3.06250000,0.0328877868756938
3.06640000,0.0325857801951383
3.07030000,0.0322836576493907
3.07420000,0.0319821786537269
3.07810000,0.0316862498989680
3.08200000,0.0314014074364328
3.08590000,0.0311284183330384
3.08980000,0.0308626034870025
3.09380000,0.0305904228225638
3.09770000,0.0303280258165050
3.10160000,0.0300687264928221
3.10550000,0.0298122359697972
3.10940000,0.0295551396053693
3.11330000,0.0292951054871356
3.11720000,0.0290344712136033
3.12110000,0.0287779770484402
3.12500000,0.0285273522719765
3.12890000,0.0282797886471062
3.13280000,0.0280321221279879
3.13670000,0.0277849590931966
3.14060000,0.0275409872108747
3.14450000,0.0272995407477833
3.14840000,0.0270548119610536
3.15230000,0.0268006009530381
3.15630000,0.0265274728933312
3.16020000,0.0262564762125925
3.16410000,0.0259823845703657
3.16800000,0.0257043715454512
3.17190000,0.0254203137365277
3.17580000,0.0251316687846532
3.17970000,0.0248434849380164
3.18360000,0.0245589185372384
3.18750000,0.0242753258585242
3.19140000,0.0239872587933638
3.19530000,0.0236926666324339
3.19920000,0.0233946617184494
3.20310000,0.0230971579201646
3.20700000,0.0228003235502252
3.21090000,0.0225015359272192
3.21480000,0.0222002632240789
3.21880000,0.0218906333167533
3.22270000,0.0215951545420752
3.22660000,0.0213032871779894
3.23050000,0.0210104133362197
3.23440000,0.0207143923987415
3.23830000,0.0204185069607834
3.24220000,0.0201274819818787
3.24610000,0.0198418607128666
3.25000000,0.0195580639973442
3.25390000,0.0192738727863673
3.25780000,0.0189919269240023
3.26170000,0.0187164826970777
3.26560000,0.0184476319002850
3.26950000,0.0181805959576309
3.27340000,0.0179111223543878
3.27730000,0.0176400623264459
3.28130000,0.0173626877593791
3.28520000,0.0170975221845366
3.28910000,0.0168328590459343
3.29300000,0.0165656108154962
3.29690000,0.0162970457523205
3.30080000,0.0160313799714811
3.30470000,0.0157704747466292
3.30860000,0.0155117112225444
3.31250000,0.0152519330050859
3.31640000,0.0149922667951944
3.32030000,0.0147371180901426
3.32420000,0.0144881893888873
3.32810000,0.0142414079943704
3.33200000,0.0139910713761702
3.33590000,0.0137359628716523
3.33980000,0.0134796730615718
3.34380000,0.0132166946535667
3.34770000,0.0129616021532877
3.35160000,0.0127024301492573
3.35550000,0.0124395918124495
3.35940000,0.0121785772831836
3.36330000,0.0119247848802258
3.36720000,0.0116787903754408
3.37110000,0.0114381069077924
3.37500000,0.0112028262728956
3.37890000,0.0109772277139672
3.38280000,0.0107649840691272
3.38670000,0.0105644731309503
3.39060000,0.0103706772058165
3.39450000,0.0101812701208126
3.39840000,0.0099992494429329
3.40230000,0.0098291411862805
3.40630000,0.0096661169130563
3.41020000,0.0095193877049569
3.41410000,0.0093825048556554
3.41800000,0.0092587643526487
3.42190000,0.0091514430539968
3.42580000,0.0090584252117733
3.42970000,0.0089722483828664
3.43360000,0.0088854462983292
3.43750000,0.0087946253598303
3.44140000,0.0086986645537044
3.44530000,0.0085939426407030
3.44920000,0.0084735213263448
3.45310000,0.0083320194575162
3.45700000,0.0081697124743225
3.46090000,0.0079899078426883
3.46480000,0.0077927164891586
3.46880000,0.0075659638387656
3.47270000,0.0073196040193156
3.47660000,0.0070465681195368
3.48050000,0.0067511430361160
3.48440000,0.0064364124202662
3.48830000,0.0061020395686779
3.49220000,0.0057476150860212
3.49610000,0.0053766128655465
3.50000000,0.0049950988478376
3.50390000,0.0046062045082622
3.50780000,0.0042072306506745
3.51170000,0.0037933948764672
3.51560000,0.0033637024281230
3.51950000,0.0029217878872170
3.52340000,0.0024712093174187
3.52730000,0.0020115075874943
3.53130000,0.0015263074539331
3.53520000,0.0010437682544513
3.53910000,0.0005550708982429
3.54300000,0.0000651125144825
3.54690000,-0.0004263556030471
3.55080000,-0.0009233506719531
3.55470000,-0.0014276708877294
3.55860000,-0.0019361025167551
3.56250000,-0.0024440353717915
3.56640000,-0.0029504556114799
3.57030000,-0.0034576970568392
3.57420000,-0.0039663527442630
3.57810000,-0.0044722333350179
3.58200000,-0.0049697339072401
3.58590000,-0.0054573815109340
3.58980000,-0.0059383516644688
3.59380000,-0.0064295134721097
3.59770000,-0.0069017007393840
3.60160000,-0.0073658141662754
3.60550000,-0.0078216816080911
3.60940000,-0.0082725168414915
3.61330000,-0.0087201563189888
3.61720000,-0.0091613289164441
3.62110000,-0.0095903531925660
3.62500000,-0.0100050484044075
3.62890000,-0.0104080927018646
3.63280000,-0.0108021833641743
3.63670000,-0.0111858072674620
3.64060000,-0.0115555440765401
3.64450000,-0.0119120212582559
3.64840000,-0.0122618997235900
3.65230000,-0.0126131354505041
3.65630000,-0.0129800071752344
3.66020000,-0.0133395777284605
3.66410000,-0.0137020130035723
3.66800000,-0.0140700867962893
3.67190000,-0.0144467967173033
3.67580000,-0.0148302508769269
3.67970000,-0.0152139452628413
3.68360000,-0.0155929253520446
3.68750000,-0.0159684785771997
3.69140000,-0.0163455461052830
3.69530000,-0.0167263699306318
3.69920000,-0.0171086296616430
3.70310000,-0.0174900106453708
3.70700000,-0.0178724239352249
3.71090000,-0.0182597432711193
3.71480000,-0.0186518271107190
3.71880000,-0.0190547481574872
3.72270000,-0.0194389206864419
3.72660000,-0.0198150811727401
3.73050000,-0.0201860665363854
3.73440000,-0.0205530857767234
3.73830000,-0.0209135258187905
3.74220000,-0.0212650107932115
3.74610000,-0.0216100409399483
3.75000000,-0.0219545158108974
3.75390000,-0.0223013278003393
3.75780000,-0.0226470355248856
3.76170000,-0.0229862750861781
3.76560000,-0.0233188150304869
3.76950000,-0.0236505549086082
3.77340000,-0.0239872201926634
3.77730000,-0.0243287439419470
3.78130000,-0.0246815806036048
3.78520000,-0.0250225621692128
3.78910000,-0.0253640254067045
3.79300000,-0.0257076479848503
3.79690000,-0.0260510234239349
3.80080000,-0.0263898820307060
3.80470000,-0.0267240210433725
3.80860000,-0.0270590396772532
3.81250000,-0.0274011990281243
3.81640000,-0.0277516564409183
3.82030000,-0.0281072230379225
3.82420000,-0.0284663302098265
3.82810000,-0.0288321419853712
3.83200000,-0.0292085531399464
3.83590000,-0.0295941041016394
3.83980000,-0.0299819866900829
3.84380000,-0.0303783372861224
3.84770000,-0.0307610371994381
3.85160000,-0.0311469755023066
3.85550000,-0.0315390445827738
3.85940000,-0.0319354940989714
3.86330000,-0.0323341624245152
3.86720000,-0.0327368668687528
3.87110000,-0.0331478541872624
3.87500000,-0.0335679469548500
3.87890000,-0.0339922097665477
3.88280000,-0.0344149229076120
3.88670000,-0.0348354933690208
3.89060000,-0.0352574409839726
3.89450000,-0.0356821622108831
3.89840000,-0.0361062137443844
3.90230000,-0.0365257123003217
3.90630000,-0.0369542012406460
3.91020000,-0.0373718630633368
3.91410000,-0.0377934654177617
3.91800000,-0.0382153354431006
3.92190000,-0.0386319829757364
3.92580000,-0.0390424706727536
3.92970000,-0.0394505861774358
3.93360000,-0.0398587015497639
3.93750000,-0.0402634691289141
3.94140000,-0.0406590926777558
3.94530000,-0.0410440667056998
3.94920000,-0.0414229382956460
3.95310000,-0.0418010694468820
3.95700000,-0.0421791411697306
3.96090000,-0.0425544083807486
3.96480000,-0.0429265592685744
3.96880000,-0.0433112776721457
3.97270000,-0.0436905674312703
3.97660000,-0.0440755844315901
3.98050000,-0.0444623554741523
3.98440000,-0.0448488203096762
3.98830000,-0.0452375671570519
3.99220000,-0.0456319073299378
3.99610000,-0.0460305323674095
4.00000000,-0.0464280094880067
4.00390000,-0.0468206849534325
4.00780000,-0.0472103875397506
4.01170000,-0.0476012186072836
4.01560000,-0.0479938170765111
4.01950000,-0.0483845196430176
4.02340000,-0.0487703382733911
4.02730000,-0.0491531285232707
4.03130000,-0.0495490669431971
4.03520000,-0.0499366908374507
4.03910000,-0.0503248769386656
4.04300000,-0.0507111594470162
4.04690000,-0.0510979945826690
4.05080000,-0.0514907806825302
4.05470000,-0.0518919854437439
4.05860000,-0.0522992348866395
4.06250000,-0.0527094874116311
4.06640000,-0.0531237568727641
4.07030000,-0.0535461752322143
4.07420000,-0.0539783493577850
4.07810000,-0.0544163576914053
4.08200000,-0.0548543465951282
4.08590000,-0.0552901926831280
4.08980000,-0.0557259810591986
4.09380000,-0.0561758465183490
4.09770000,-0.0566105629589094
4.10160000,-0.0570381437351171
4.10550000,-0.0574575749702220
4.10940000,-0.0578725677735831
4.11330000,-0.0582866993476659
4.11720000,-0.0586994531815407
4.12110000,-0.0591084572023802
4.12500000,-0.0595148782944578
4.12890000,-0.0599244552921458
4.13280000,-0.0603419705544126
4.13670000,-0.0607656641508217
4.14060000,-0.0611885346675284
4.14450000,-0.0616048049782793
4.14840000,-0.0620138629214086
4.15230000,-0.0624179657598376
4.15630000,-0.0628300745886564
4.16020000,-0.0632258357807825
4.16410000,-0.0636193582004693
4.16800000,-0.0640166676204626
4.17190000,-0.0644236559065857
4.17580000,-0.0648408777937357
4.17970000,-0.0652637421808826
4.18360000,-0.0656881362040665
4.18750000,-0.0661146719853960
4.19140000,-0.0665463719635462
4.19530000,-0.0669833126337559
4.19920000,-0.0674218784973268
4.20310000,-0.0678599461561195
4.20700000,-0.0683012458385534
4.21090000,-0.0687526641401030
4.21480000,-0.0692172426262965
4.21880000,-0.0697054250549101
4.22270000,-0.0701840235651786
4.22660000,-0.0706652035689742
4.23050000,-0.0711504762700162
4.23440000,-0.0716394973100664
4.23830000,-0.0721274077684261
4.24220000,-0.0726083539899342
4.24610000,-0.0730811690464639
4.25000000,-0.0735497170679217
4.25390000,-0.0740170587447442
4.25780000,-0.0744811854493962
4.26170000,-0.0749379651793681
4.26560000,-0.0753870727021736
4.26950000,-0.0758329460303483
4.27340000,-0.0762797936219466
4.27730000,-0.0767272137250397
4.28130000,-0.0771850832902692
4.28520000,-0.0776261878121224
4.28910000,-0.0780666595867641
4.29300000,-0.0785091958393111
4.29690000,-0.0789523235633869
4.30080000,-0.0793924655071184
4.30470000,-0.0798292773036347
4.30860000,-0.0802669482770638
4.31250000,-0.0807093808085316
4.31640000,-0.0811554844791593
4.32030000,-0.0816005916530609
4.32420000,-0.0820422537158419
4.32810000,-0.0824833209240959
4.33200000,-0.0829283651889035
4.33590000,-0.0833779412258299
4.33980000,-0.0838280891879224
4.34380000,-0.0842890107270142
4.34770000,-0.0847363234799987
4.35160000,-0.0851877661206630
4.35550000,-0.0856445055059613
4.35940000,-0.0861029835058196
4.36330000,-0.0865596419896327
4.36720000,-0.0870153608702624
4.37110000,-0.0874737173195347
4.37500000,-0.0879355721197385
4.37890000,-0.0883978262461228
4.38280000,-0.0888584136663941
4.38670000,-0.0893208732912152
4.39060000,-0.0897923021177015
4.39450000,-0.0902767555519201
4.39840000,-0.0907720527823870
4.40230000,-0.0912733348670644
4.40630000,-0.0917929005709671
4.41020000,-0.0923016567822264
4.41410000,-0.0928128204807381
4.41800000,-0.0933209779667261
4.42190000,-0.0938207155398488
4.42580000,-0.0943121861836964
4.42970000,-0.0948011095657886
4.43360000,-0.0952926697270718
4.43750000,-0.0957867327069174
4.44140000,-0.0962800464356187
4.44530000,-0.0967722091383892
4.44920000,-0.0972676396738599
4.45310000,-0.0977710438425763
4.45700000,-0.0982823833284973
4.46090000,-0.0987976600084914
4.46480000,-0.0993139470108355
4.46880000,-0.0998465664768430
4.47270000,-0.1003653330548347
4.47660000,-0.1008805569559277
4.48050000,-0.1013851028160041
4.48440000,-0.1018759289833421
4.48830000,-0.1023569569436122
4.49220000,-0.1028350349953757
4.49610000,-0.1033141228820816
4.50000000,-0.1037949474610650
4.50390000,-0.1042798807260443
4.50780000,-0.1047755414191191
4.51170000,-0.1052888543537677
4.51560000,-0.1058211585288443
4.51950000,-0.1063677480205775
4.52340000,-0.1069235534440668
4.52730000,-0.1074878860692807
4.53130000,-0.1080791602444904
4.53520000,-0.1086637799520188
4.53910000,-0.1092536555088612
4.54300000,-0.1098448079084330
4.54690000,-0.1104383083315046
4.55080000,-0.1110384608436984
4.55470000,-0.1116469296389861
4.55860000,-0.1122605965356851
4.56250000,-0.1128760564089567
4.56640000,-0.1134947821558023
4.57030000,-0.1141220725725611
4.57420000,-0.1147611222099066
4.57810000,-0.1154099606528434
4.58200000,-0.1160653740682052
4.58590000,-0.1167284910186507
4.58980000,-0.1174043616136610
4.59380000,-0.1181156044919317
4.59770000,-0.1188209228147870
4.60160000,-0.1195351495130514
4.60550000,-0.1202569263109619
4.60940000,-0.1209894477530619
4.61330000,-0.1217365970451970
4.61720000,-0.1224993305790116
4.62110000,-0.1232772082919452
4.62500000,-0.1240730038767291
4.62890000,-0.1248936229973827
4.63280000,-0.1257450722307095
4.63670000,-0.1266276766912935
4.64060000,-0.1275377060389944
4.64450000,-0.1284731324584447
4.64840000,-0.1294362896595445
4.65230000,-0.1304306017329577
4.65630000,-0.1314843420930568
4.66020000,-0.1325394141491177
4.66410000,-0.1336249521415175
4.66800000,-0.1347476513024263
4.67190000,-0.1359154885397544
4.67580000,-0.1371315244791459
4.67970000,-0.1383935208739739
4.68360000,-0.1396994690308336
4.68750000,-0.1410514157095380
4.69140000,-0.1424527084751110
4.69530000,-0.1439028881212814
4.69920000,-0.1453975738934761
4.70310000,-0.1469343936338128
4.70700000,-0.1485175939905948
4.71090000,-0.1501549031803023
4.71480000,-0.1518499748350861
4.71880000,-0.1536457304927921
4.72270000,-0.1554423048438204
4.72660000,-0.1572823898703194
4.73050000,-0.1591647611785402
4.73440000,-0.1610860327403650
4.73830000,-0.1630382274467968
4.74220000,-0.1650123925834510
4.74610000,-0.1670033056875447
4.75000000,-0.1690084032958906
4.75390000,-0.1710220229653856
4.75780000,-0.1730325529775024
4.76170000,-0.1750262964972807
4.76560000,-0.1769932869413156
4.76950000,-0.1789278618627517
4.77340000,-0.1808234788567721
4.77730000,-0.1826688322720901
4.78130000,-0.1844979408821140
4.78520000,-0.1862061529227415
4.78910000,-0.1878357128503993
4.79300000,-0.1893805756223345
4.79690000,-0.1908288999562845
4.80080000,-0.1921651334459682
4.80470000,-0.1933758279290798
4.80860000,-0.1944506533507819
4.81250000,-0.1953766015252011
4.81640000,-0.1961325916164223
4.82030000,-0.1966915552539842
4.82420000,-0.1970277765220264
4.82810000,-0.1971215155594361
4.83200000,-0.1969569961364469
4.83590000,-0.1965180556063381
4.83980000,-0.1957882042068853
4.84380000,-0.1947302958593183
4.84770000,-0.1933875674870012
4.85160000,-0.1917308155774706
4.85550000,-0.1897511830348206
4.85940000,-0.1874348964806135
4.86330000,-0.1847689477153902
4.86720000,-0.1817457613166795
4.87110000,-0.1783612816890128
4.87500000,-0.1746097698399338
4.87890000,-0.1704828660345157
4.88280000,-0.1659747547603784
4.88670000,-0.1610865836422051
4.89060000,-0.1558250478587677
4.89450000,-0.1501968425879417
4.89840000,-0.1442065587617346
4.90230000,-0.1378607002613087
4.90630000,-0.1310021304714551
4.91020000,-0.1239895026128478
4.91410000,-0.1166762012937277
4.91800000,-0.1090890076621726
4.92190000,-0.1012615894855625
4.92580000,-0.0932367966906200
4.92970000,-0.0850618789884419
4.93360000,-0.0767789211245433
4.93750000,-0.0684194866188829
4.94140000,-0.0600053829459079
4.94530000,-0.0515530613195897
4.94920000,-0.0430762948234601
4.95310000,-0.0345844567556574
4.95700000,-0.0260823293339526
4.96090000,-0.0175741208907957
4.96480000,-0.0090680569533504
4.96880000,-0.0003588224229919
4.97270000,0.0081177020374733
4.97660000,0.0165905521070525
4.98050000,0.0250945436343291
4.98440000,0.0336841958529848
4.98830000,0.0424241666317527
4.99220000,0.0513741401693828
4.99610000,0.0605723756245940
5.00000000,0.0700217425810454
5.00390000,0.0796811127722875
5.00780000,0.0894693772767209
5.01170000,0.0992822804775551
5.01560000,0.1090126973327559
5.01950000,0.1185651717950143
5.02340000,0.1278612730716943
5.02730000,0.1368409346897935
5.03130000,0.1456829477911330
5.03520000,0.1539271964413710
5.03910000,0.1617857571113941
5.04300000,0.1692561431213170
5.04690000,0.1763324244806974
5.05080000,0.1830036975284946
5.05470000,0.1892582934230414
5.05860000,0.1950864562720078
5.06250000,0.2004799605423817
5.06640000,0.2054311545854368
5.07030000,0.2099344909967099
5.07420000,0.2139899699259790
5.07810000,0.2176032729837400
5.08200000,0.2207821668951939
5.08590000,0.2235333853917262
5.08980000,0.2258644847723947
5.09380000,0.2278367623522864
5.09770000,0.2293769589180245
5.10160000,0.2305588059579859
5.10550000,0.2314066937278089
5.10940000,0.2319417030787601
5.11330000,0.2321851405893303
5.11720000,0.2321614519880821
5.12110000,0.2318953661192989
5.12500000,0.2314058768022853
5.12890000,0.2307043184036682
5.13280000,0.2297984805928492
5.13670000,0.2286968570039578
5.14060000,0.2274073865147564
5.14450000,0.2259336082171442
5.14840000,0.2242751205251639
5.15230000,0.2224335113200084
5.15630000,0.2203646672698448
5.16020000,0.2181923389145594
5.16410000,0.2158827428506603
5.16800000,0.2134546835060278
5.17190000,0.2109267548832366
5.17580000,0.2083192917685696
5.17970000,0.2056534706455283
5.18360000,0.2029481341978467
5.18750000,0.2002187391870006
5.19140000,0.1974804745607215
5.19530000,0.1947520108350095
5.19920000,0.1920546201371443
5.20310000,0.1894064564852008
5.20700000,0.1868180794850575
5.21090000,0.1842943481509111
5.21480000,0.1818401406257873
5.21880000,0.1793999732354535
5.22270000,0.1771053396408307
5.22660000,0.1748948068919006
5.23050000,0.1727669021351213
5.23440000,0.1707227541283334
5.23830000,0.1687678722842722
5.24220000,0.1669078042740759
5.24610000,0.1651432580047963
5.25000000,0.1634711154829051
5.25390000,0.1618896360383035
5.25780000,0.1604003118858294
5.26170000,0.1590035257287651
5.26560000,0.1576934623118445
5.26950000,0.1564587014357585
5.27340000,0.1552879759366620
5.27730000,0.1541745332121792
5.28130000,0.1530857881730914
5.28520000,0.1520748788736155
5.28910000,0.1511062934099977
5.29300000,0.1501754599407935
5.29690000,0.1492834115675523
5.30080000,0.1484348351258228
5.30470000,0.1476326192776567
5.30860000,0.1468757885256134
5.31250000,0.1461627934867625
5.31640000,0.1454948776846888
5.32030000,0.1448740306929946
5.32420000,0.1442972492853035
5.32810000,0.1437544905787636
5.33200000,0.1432338561285493
5.33590000,0.1427282489938647
5.33980000,0.1422355650329460
5.34380000,0.1417387809656045
5.34770000,0.1412588399525673
5.35160000,0.1407731328987216
5.35550000,0.1402781209479562
5.35940000,0.1397766736262040
5.36330000,0.1392733055959441
5.36720000,0.1387692986337043
5.37110000,0.1382637537525642
5.37500000,0.1377583544476570
5.37890000,0.1372583040416718
5.38280000,0.1367672946263566
5.38670000,0.1362830307595202
5.39060000,0.1357996589115351
5.39450000,0.1353142714953395
5.39840000,0.1348295467374396
5.40230000,0.1343497697419121
5.40630000,0.1338615923670844
5.41020000,0.1333894347723260
5.41410000,0.1329162950806167
5.41800000,0.1324420394798388
5.42190000,0.1319668976179566
5.42580000,0.1314880384225187
5.42970000,0.1310011195901604
5.43360000,0.1305057012351066
5.43750000,0.1300071397096730
5.44140000,0.1295116904522696
5.44530000,0.1290203100294022
5.44920000,0.1285289813371756
5.45310000,0.1280357723867958
5.45700000,0.1275460395285719
5.46090000,0.1270690032714188
5.46480000,0.1266093695618598
5.46880000,0.1261503659928850
5.47270000,0.1257107314125280
5.47660000,0.1252715891680062
5.48050000,0.1248303759942986
5.48440000,0.1243847773095026
5.48830000,0.1239314837973375
5.49220000,0.1234689269256459
5.49610000,0.1229997849108966
5.50000000,0.1225284193651864
5.50390000,0.1220551364462421
5.50780000,0.1215742547779235
5.51170000,0.1210793469332251
5.51560000,0.1205698582412793
5.51950000,0.1200515658953576
5.52340000,0.1195309548798739
5.52730000,0.1190103973363865
5.53130000,0.1184743485765618
5.53520000,0.1179545868883347
5.53910000,0.1174406369001730
5.54300000,0.1169359993927392
5.54690000,0.1164392397353531
5.55080000,0.1159460921309939
5.55470000,0.1154548158763030
5.55860000,0.1149678404985866
5.56250000,0.1144878250788175
5.56640000,0.1140134115026376
5.57030000,0.1135402765828608
5.57420000,0.1130662205064743
5.57810000,0.1125937301876422
5.58200000,0.1121268037707067
5.58590000,0.1116661873846906
5.58980000,0.1112095855678001
5.59380000,0.1107431729043756
5.59770000,0.1102977950855984
5.60160000,0.1098653081566858
5.60550000,0.1094468982235989
5.60940000,0.1090387853737922
5.61330000,0.1086360935740666
5.61720000,0.1082360510359211
5.62110000,0.1078367238426548
5.62500000,0.1074342268682690
5.62890000,0.1070234258301190
5.63280000,0.1066024002012662
5.63670000,0.1061752514210800
5.64060000,0.1057491913853402
5.64450000,0.1053287538595387
5.64840000,0.1049136328453817
5.65230000,0.1045021832792916
5.65630000,0.1040835528023052
5.66020000,0.1036858738634927
5.66410000,0.1032985982623836
5.66800000,0.1029191321110865
5.67190000,0.1025438389636858
5.67580000,0.1021726136796945
5.67970000,0.1018087848636055
5.68360000,0.1014543095344939
5.68750000,0.1011065306757681
5.69140000,0.1007607233716224
5.69530000,0.1004147509273381
5.69920000,0.1000694206779853
5.70310000,0.0997242716725254
5.70700000,0.0993748066351616
5.71090000,0.0990155335558415
5.71480000,0.0986455017675586
5.71880000,0.0982577994912470
5.72270000,0.0978803508459116
5.72660000,0.0975030054276375
5.73050000,0.0971243343309200
5.73440000,0.0967441711970095
5.73830000,0.0963645591241635
5.74220000,0.0959864642195484
5.74610000,0.0956069138260413
5.75000000,0.0952208042599822
5.75390000,0.0948256066681752
5.75780000,0.0944231460713912
5.76170000,0.0940160987529191
5.76560000,0.0936037015117188
5.76950000,0.0931823140697220
5.77340000,0.0927504443914851
5.77730000,0.0923120140898407
5.78130000,0.0918607034779993
5.78520000,0.0914267703941552
5.78910000,0.0909973146030820
5.79300000,0.0905714370827400
5.79690000,0.0901502856673763
5.80080000,0.0897357351120272
5.80470000,0.0893267333580200
5.80860000,0.0889190662401261
5.81250000,0.0885096405816114
5.81640000,0.0880998012495396
5.82030000,0.0876930394406735
5.82420000,0.0872898889308774
5.82810000,0.0868865525770192
5.83200000,0.0864791490659717
5.83590000,0.0860682466061153
5.83980000,0.0856576711594895
5.84380000,0.0852367001321250
5.84770000,0.0848263446576778
5.85160000,0.0844093857636068
5.85550000,0.0839846623505596
5.85940000,0.0835551012931531
5.86330000,0.0831230173218258
5.86720000,0.0826867462308397
5.87110000,0.0822430169362831
5.87500000,0.0817915999445719
5.87890000,0.0813359768849522
5.88280000,0.0808790363720023
5.88670000,0.0804193820121352
5.89060000,0.0799530731881008
5.89450000,0.0794784456929878
5.89840000,0.0789979099032262
5.90230000,0.0785148709290898
5.90630000,0.0780162555781178
5.91020000,0.0775302763984391
5.91410000,0.0770449314492917
5.91800000,0.0765657300853476
5.92190000,0.0760974356106335
5.92580000,0.0756398759180342
5.92970000,0.0751891677772944
5.93360000,0.0747430539655211
5.93750000,0.0743034857496856
5.94140000,0.0738731030586259
5.94530000,0.0734504712375487
5.94920000,0.0730303871200315
5.95310000,0.0726088909570250
5.95700000,0.0721866523383548
5.96090000,0.0717667894297234
5.96480000,0.0713505457057127
5.96880000,0.0709241455143355
5.97270000,0.0705117161498387
5.97660000,0.0701034283758534
5.98050000,0.0697032573590990
5.98440000,0.0693124982232337
5.98830000,0.0689285934105071
5.99220000,0.0685486257284621
5.99610000,0.0681729510419870
6.00000000,0.0678037960809670
6.00390000,0.0674404378062861
6.00780000,0.0670774932325290
6.01170000,0.0667088964510332
6.01560000,0.0663328895164404
6.01950000,0.0659519095826486
6.02340000,0.0655674985428639
6.02730000,0.0651769859743021
6.03130000,0.0647644230152713
6.03520000,0.0643541227083030
6.03910000,0.0639388209845345
6.04300000,0.0635228162976914
6.04690000,0.0631061852207685
6.05080000,0.0626873591896829
6.05470000,0.0622679833962754
6.05860000,0.0618531654718130
6.06250000,0.0614464865133906
6.06640000,0.0610457811162332
6.07030000,0.0606447212962978
6.07420000,0.0602381574466755
6.07810000,0.0598250298474938
6.08200000,0.0594059774784177
6.08590000,0.0589796613287527
6.08980000,0.0585433650637461
6.09380000,0.0580838595167536
6.09770000,0.0576320412275858
6.10160000,0.0571801329369932
6.10550000,0.0567301050375133
6.10940000,0.0562806185181367
6.11330000,0.0558318455983090
6.11720000,0.0553887217429332
6.12110000,0.0549580571078721
6.12500000,0.0545425356158001
6.12890000,0.0541388364393054
6.13280000,0.0537418711851420
6.13670000,0.0533490995094318
6.14060000,0.0529596089887169
6.14450000,0.0525702700904607
6.14840000,0.0521752101118006
6.15230000,0.0517701670537494
6.15630000,0.0513441321927436
6.16020000,0.0509271881338621
6.16410000,0.0505102888402022
6.16800000,0.0500921144297996
6.17190000,0.0496701016031757
6.17580000,0.0492449390758395
6.17970000,0.0488198980457899
6.18360000,0.0483961645955182
6.18750000,0.0479710032600092
6.19140000,0.0475412768547441
6.19530000,0.0471076167067024
6.19920000,0.0466737148628636
6.20310000,0.0462415608447102
6.20700000,0.0458090504607287
6.21090000,0.0453733525984126
6.21480000,0.0449359594122640
6.21880000,0.0444897292189375
6.22270000,0.0440648230306772
6.22660000,0.0436467725656656
6.23050000,0.0432301642289617
6.23440000,0.0428119182246437
6.23830000,0.0423938519088112
6.24220000,0.0419788347600873
6.24610000,0.0415659486161208
6.25000000,0.0411513293715880
6.25390000,0.0407336188856948
6.25780000,0.0403164518171787
6.26170000,0.0399042873062610
6.26560000,0.0394968403771987
6.26950000,0.0390893478383366
6.27340000,0.0386780909687594
6.27730000,0.0382637948304433
6.28130000,0.0378365843672371
6.28520000,0.0374213097781000
6.28910000,0.0370029826916244
6.29300000,0.0365807423344245
6.29690000,0.0361578407756662
6.30080000,0.0357386013365697
6.30470000,0.0353236936039110
6.30860000,0.0349098464875252
6.31250000,0.0344946688543067
6.31640000,0.0340803989102128
6.32030000,0.0336715780530649
6.32420000,0.0332695454024509
6.32810000,0.0328706951022772
6.33200000,0.0324705776855702
6.33590000,0.0320684624602292
6.33980000,0.0316665991103272
6.34380000,0.0312534216802251
6.34770000,0.0308496806233788
6.35160000,0.0304395268892574
6.35550000,0.0300235669382017
6.35940000,0.0296065066824865
6.36330000,0.0291919999119729
6.36720000,0.0287788223941105
6.37110000,0.0283628613419395
6.37500000,0.0279419551775924
6.37890000,0.0275169839137962
6.38280000,0.0270881006423747
6.38670000,0.0266520725337499
6.39060000,0.0262052076504454
6.39450000,0.0257483860055871
6.39840000,0.0252870978219061
6.40230000,0.0248258577177409
6.40630000,0.0243500687718776
6.41020000,0.0238825548727005
6.41410000,0.0234078391422213
6.41800000,0.0229295179832308
6.42190000,0.0224530242306381
6.42580000,0.0219805960929733
6.42970000,0.0215111241163900
6.43360000,0.0210443596746676
6.43750000,0.0205831148617131
6.44140000,0.0201300296060641
6.44530000,0.0196832101448902
6.44920000,0.0192368220384959
6.45310000,0.0187865994663227
6.45700000,0.0183338624219512
6.46090000,0.0178832020436027
6.46480000,0.0174371052246425
6.46880000,0.0169813612907975
6.47270000,0.0165414649527944
6.47660000,0.0161069740481577
6.48050000,0.0156815806293486
6.48440000,0.0152648256474821
6.48830000,0.0148512381248297
6.49220000,0.0144355575083215
6.49610000,0.0140177647280483
6.50000000,0.0136014944487630
6.50390000,0.0131882579608832
6.50780000,0.0127750137339935
6.51170000,0.0123578402808467
6.51560000,0.0119365272373667
6.51950000,0.0115141353841499
6.52340000,0.0110923864369678
6.52730000,0.0106692909887684
6.53130000,0.0102296445085996
6.53520000,0.0098006616154289
6.53910000,0.0093752869456679
6.54300000,0.0089574803674936
6.54690000,0.0085451759567702
6.55080000,0.0081323479830510
6.55470000,0.0077145967235810
6.55860000,0.0072914440032988
6.56250000,0.0068631194388383
6.56640000,0.0064270406105313
6.57030000,0.0059795729764091
6.57420000,0.0055211948372049
6.57810000,0.0050581616028562
6.58200000,0.0045980868780065
6.58590000,0.0041448731445080
6.58980000,0.0036995152004235
6.59380000,0.0032523208345466
6.59770000,0.0028369261398333
6.60160000,0.0024489301252094
6.60550000,0.0020922888362027
6.60940000,0.0017665508817620
6.61330000,0.0014725159403592
6.61720000,0.0012157545879907
6.62110000,0.0010026044938293
6.62500000,0.0008331977174750
6.62890000,0.0007000374741565
6.63280000,0.0005933888278318
6.63670000,0.0005063767029392
6.64060000,0.0004339695340632
6.64450000,0.0003685165448796
6.64840000,0.0002987602833661
6.65230000,0.0002142742832131
6.65630000,0.0001056676313100
6.66020000,-0.0000183734271137
6.66410000,-0.0001629857864909
6.66800000,-0.0003321043163705
6.67190000,-0.0005299412638161
6.67580000,-0.0007565099504043
6.67970000,-0.0010079289312743
6.68360000,-0.0012811469816260
6.68750000,-0.0015764567130195
6.69140000,-0.0018942942080231
6.69530000,-0.0022308927978121
6.69920000,-0.0025793390105672
6.70310000,-0.0029357418352226
6.70700000,-0.0033029667998645
6.71090000,-0.0036868138976292
6.71480000,-0.0040890181026517
6.71880000,-0.0045178584727351
6.72270000,-0.0049434051562102
6.72660000,-0.0053775259045675
6.73050000,-0.0058228987752648
6.73440000,-0.0062803462639987
6.73830000,-0.0067471901677013
6.74220000,-0.0072214983335390
6.74610000,-0.0077062740194089
6.75000000,-0.0082074472964377
6.75390000,-0.0087278109974791
6.75780000,-0.0092643425871107
6.76170000,-0.0098117431191324
6.76560000,-0.0103670091870627
6.76950000,-0.0109291651111372
6.77340000,-0.0114951500958056
6.77730000,-0.0120580391862285
6.78130000,-0.0126269295037960
6.78520000,-0.0131684186245412
6.78910000,-0.0137024118367634
6.79300000,-0.0142326775749412
6.79690000,-0.0147583166752513
6.80080000,-0.0152757901025658
6.80470000,-0.0157846386709495
6.80860000,-0.0162891473101575
6.81250000,-0.0167936583381330
6.81640000,-0.0172975977910043
6.82030000,-0.0177966997110829
6.82420000,-0.0182887832558606
6.82810000,-0.0187762586625074
6.83200000,-0.0192620144053690
6.83590000,-0.0197444817849644
6.83980000,-0.0202187253094838
6.84380000,-0.0206957328966943
6.84770000,-0.0211503912293033
6.85160000,-0.0215999053119090
6.85550000,-0.0220444663573617
6.85940000,-0.0224811857286721
6.86330000,-0.0229088199255078
6.86720000,-0.0233306973976923
6.87110000,-0.0237520404152016
6.87500000,-0.0241752783406633
6.87890000,-0.0245993015788539
6.88280000,-0.0250233639946969
6.88670000,-0.0254501245037608
6.89060000,-0.0258832941437565
6.89450000,-0.0263225476275361
6.89840000,-0.0267625094795898
6.90230000,-0.0271974981520448
6.90630000,-0.0276392246545133
6.91020000,-0.0280647066856860
6.91410000,-0.0284876638519378
6.91800000,-0.0289051883814197
6.92190000,-0.0293144585846591
6.92580000,-0.0297175250554569
6.92970000,-0.0301203331534361
6.93360000,-0.0305268770288390
6.93750000,-0.0309357524866262
6.94140000,-0.0313430704093239
6.94530000,-0.0317471893953221
6.94920000,-0.0321484651624229
6.95310000,-0.0325440588015376
6.95700000,-0.0329244781630858
6.96090000,-0.0332761163416432
6.96480000,-0.0335865639380890
6.96880000,-0.0338553813390693
6.97270000,-0.0340588679977384
6.97660000,-0.0342005421934925
6.98050000,-0.0342810725995820
6.98440000,-0.0343105763314950
6.98830000,-0.0343065988717565
6.99220000,-0.0342861619367782
6.99610000,-0.0342589017252085
7.00000000,-0.0342275689630621
7.00390000,-0.0341936059181499
7.00780000,-0.0341601516445296
7.01170000,-0.0341293772431549
7.01560000,-0.0340990961144762
7.01950000,-0.0340645372630899
7.02340000,-0.0340240937124889
7.02730000,-0.0339822550574125
7.03130000,-0.0339468101723899
7.03520000,-0.0339194530355656
7.03910000,-0.0338996875342117
7.04300000,-0.0338860405963028
7.04690000,-0.0338809021606398
7.05080000,-0.0338884857808548
7.05470000,-0.0339094287501509
7.05860000,-0.0339392604022371
7.06250000,-0.0339728787969179
7.06640000,-0.0340093189392632
7.07030000,-0.0340509208376528
7.07420000,-0.0340984394296912
7.07810000,-0.0341486627681624
7.08200000,-0.0341973286958941
7.08590000,-0.0342430647575778
7.08980000,-0.0342870605114331
7.09380000,-0.0343320535262142
7.09770000,-0.0343692598996026
7.10160000,-0.0343989683365945
7.10550000,-0.0344234089429314
7.10940000,-0.0344487738877274
7.11330000,-0.0344793724995204
7.11720000,-0.0345135008437623
7.12110000,-0.0345459510349803
7.12500000,-0.0345737250653910
7.12890000,-0.0345976943272843
7.13280000,-0.0346186272575707
7.13670000,-0.0346335691564242
7.14060000,-0.0346377977960670
7.14450000,-0.0346298448762608
7.14840000,-0.0346129990291206
7.15230000,-0.0345913764285205
7.15630000,-0.0345670197552098
7.16020000,-0.0345366792693867
7.16410000,-0.0345031169201775
7.16800000,-0.0344720370109007
7.17190000,-0.0344491342797131
7.17580000,-0.0344355171667353
7.17970000,-0.0344285772498260
7.18360000,-0.0344271268543976
7.18750000,-0.0344338680979804
7.19140000,-0.0344518265775379
7.19530000,-0.0344794139116100
7.19920000,-0.0345108456051108
7.20310000,-0.0345417780729996
7.20700000,-0.0345731112405500
7.21090000,-0.0346083939518757
7.21480000,-0.0346485043237936
7.21880000,-0.0346933235805241
7.22270000,-0.0347345739933456
7.22660000,-0.0347766861633402
7.23050000,-0.0348234707580170
7.23440000,-0.0348754378405403
7.23830000,-0.0349278007064036
7.24220000,-0.0349748976673544
7.24610000,-0.0350154997224640
7.25000000,-0.0350524138122968
7.25390000,-0.0350875208179053
7.25780000,-0.0351192109835414
7.26170000,-0.0351455502697555
7.26560000,-0.0351685175759048
7.26950000,-0.0351929278832100
7.27340000,-0.0352208161396263
7.27730000,-0.0352486726836335
7.28130000,-0.0352739156840637
7.28520000,-0.0352914606572043
7.28910000,-0.0353082376853694
7.29300000,-0.0353281880838695
7.29690000,-0.0353500966195752
7.30080000,-0.0353697192852016
7.30470000,-0.0353854747081482
7.30860000,-0.0354000860354836
7.31250000,-0.0354163242376052
7.31640000,-0.0354328579632145
7.32030000,-0.0354457110159209
7.32420000,-0.0354531558716374
7.32810000,-0.0354574686189099
7.33200000,-0.0354614802926570
7.33590000,-0.0354647727818001
7.33980000,-0.0354645819329582
7.34380000,-0.0354616905942896
7.34770000,-0.0354555692996129
7.35160000,-0.0354509029316508
7.35550000,-0.0354467894008603
7.35940000,-0.0354392385420904
7.36330000,-0.0354266905927416
7.36720000,-0.0354133322915908
7.37110000,-0.0354057882404713
7.37500000,-0.0354071096501929
7.37890000,-0.0354152259988112
7.38280000,-0.0354271210014780
7.38670000,-0.0354427000214560
7.39060000,-0.0354631522023281
7.39450000,-0.0354864785647830
7.39840000,-0.0355071436584191
7.40230000,-0.0355214050404450
7.40630000,-0.0355338210726633
7.41020000,-0.0355467360535724
7.41410000,-0.0355658802172934
7.41800000,-0.0355894029503641
7.42190000,-0.0356135477285518
7.42580000,-0.0356374288295213
7.42970000,-0.0356627963460565
7.43360000,-0.0356897543191244
7.43750000,-0.0357145366542085
7.44140000,-0.0357324438898011
7.44530000,-0.0357422712634550
7.44920000,-0.0357465068054084
7.45310000,-0.0357470193235559
7.45700000,-0.0357419445034387
7.46090000,-0.0357280783912844
7.46480000,-0.0357058020924868
7.46880000,-0.0356809097962594
7.47270000,-0.0356554022826362
7.47660000,-0.0356298226922228
7.48050000,-0.0356009437311123
7.48440000,-0.0355684381371685
7.48830000,-0.0355364626026266
7.49220000,-0.0355091374732424
7.49610000,-0.0354858102840925
7.50000000,-0.0354619969309747
7.50390000,-0.0354346174145574
7.50780000,-0.0354047983121298
7.51170000,-0.0353749976137519
7.51560000,-0.0353450123956045
7.51950000,-0.0353125775733390
7.52340000,-0.0352775208294774
7.52730000,-0.0352434249669627
7.53130000,-0.0352151638209924
7.53520000,-0.0351906754953324
7.53910000,-0.0351675646143217
7.54300000,-0.0351440194601858
7.54690000,-0.0351229686048206
7.55080000,-0.0351094146400826
7.55470000,-0.0351051871472338
7.55860000,-0.0351074175019065
7.56250000,-0.0351124474135432
7.56640000,-0.0351200949951915
7.57030000,-0.0351326416651839
7.57420000,-0.0351501863567675
7.57810000,-0.0351690388313989
7.58200000,-0.0351854623654190
7.58590000,-0.0351997774103926
7.58980000,-0.0352152744636235
7.59380000,-0.0352354493010797
7.59770000,-0.0352529638385851
7.60160000,-0.0352666774343292
7.60550000,-0.0352778084764485
7.60940000,-0.0352914125390522
7.61330000,-0.0353101652947218
7.61720000,-0.0353304949122014
7.62110000,-0.0353460850504366
7.62500000,-0.0353542555033000
7.62890000,-0.0353573112119307
7.63280000,-0.0353576588859742
7.63670000,-0.0353534783803220
7.64060000,-0.0353406285671966
7.64450000,-0.0353180045526267
7.64840000,-0.0352890462288164
7.65230000,-0.0352574741173007
7.65630000,-0.0352241101387722
7.66020000,-0.0351849933690134
7.66410000,-0.0351413761415984
7.66800000,-0.0350976485088249
7.67190000,-0.0350580379218063
7.67580000,-0.0350221597087721
7.67970000,-0.0349862241465173
7.68360000,-0.0349485821024529
7.68750000,-0.0349126135891056
7.69140000,-0.0348831735030180
7.69530000,-0.0348610325920486
7.69920000,-0.0348424049567217
7.70310000,-0.0348239083295772
7.70700000,-0.0348063038924211
7.71090000,-0.0347923744321847
7.71480000,-0.0347821023678599
7.71880000,-0.0347733755681658
7.72270000,-0.0347608304516271
7.72660000,-0.0347487955974485
7.73050000,-0.0347429591788482
7.73440000,-0.0347454880102495
7.73830000,-0.0347526407595657
7.74220000,-0.0347592281824197
7.74610000,-0.0347639498700541
7.75000000,-0.0347688213208058
7.75390000,-0.0347741903227662
7.75780000,-0.0347766501166254
7.76170000,-0.0347726565928277
7.76560000,-0.0347627909180559
7.76950000,-0.0347507324723765
7.77340000,-0.0347380420432943
7.77730000,-0.0347218559558229
7.78130000,-0.0347001332666462
7.78520000,-0.0346724373149439
7.78910000,-0.0346463988404315
7.79300000,-0.0346269741146801
7.79690000,-0.0346130276195489
7.80080000,-0.0345997108005098
7.80470000,-0.0345844706425980
7.80860000,-0.0345691060916613
7.81250000,-0.0345555718072403
7.81640000,-0.0345415435618783
7.82030000,-0.0345221624689311
7.82420000,-0.0344958384902770
7.82810000,-0.0344662902149018
7.83200000,-0.0344380224538036
7.83590000,-0.0344112377929930
7.83980000,-0.0343828408922427
7.84380000,-0.0343527791172042
7.84770000,-0.0343226014506924
7.85160000,-0.0342970185029832
7.85550000,-0.0342748536209486
7.85940000,-0.0342505131494727
7.86330000,-0.0342201097844018
7.86720000,-0.0341854147272443
7.87110000,-0.0341507491414209
7.87500000,-0.0341171553936142
7.87890000,-0.0340812531096689
7.88280000,-0.0340396561761418
7.88670000,-0.0339929784576022
7.89060000,-0.0339445769884811
7.89450000,-0.0338961254067720
7.89840000,-0.0338463781883305
7.90230000,-0.0337951304533748
7.90630000,-0.0337471231813821
7.91020000,-0.0337075002449518
7.91410000,-0.0336786764754861
7.91800000,-0.0336563685820533
7.92190000,-0.0336346787434839
7.92580000,-0.0336118334583712
7.92970000,-0.0335901988486708
7.93360000,-0.0335711156947008
7.93750000,-0.0335517354158417
7.94140000,-0.0335282032193362
7.94530000,-0.0335007981969393
7.94920000,-0.0334738453292182
7.95310000,-0.0334502521003523
7.95700000,-0.0334278547636331
7.96090000,-0.0334023738492140
7.96480000,-0.0333728584198109
7.96880000,-0.0333433455486633
7.97270000,-0.0333143171094868
7.97660000,-0.0332843907872950
7.98050000,-0.0332488031337015
7.98440000,-0.0332059700227817
7.98830000,-0.0331590189240230
7.99220000,-0.0331110849582750
7.99610000,-0.0330606165184490
8.00000000,-0.0330029400626186
8.00390000,-0.0329359243589697
8.00780000,-0.0328624902762003
8.01170000,-0.0327872382526711
8.01560000,-0.0327118495646053
8.01950000,-0.0326351857994888
8.02340000,-0.0325577249871208
8.02730000,-0.0324839374835134
8.03130000,-0.0324189383096366
8.03520000,-0.0323633145296412
8.03910000,-0.0323132323835242
8.04300000,-0.0322651737463525
8.04690000,-0.0322196969892067
8.05080000,-0.0321792256089815
8.05470000,-0.0321430401252854
8.05860000,-0.0321063541255911
8.06250000,-0.0320650698589356
8.06640000,-0.0320202717554696
8.07030000,-0.0319766252873081
8.07420000,-0.0319367911545303
8.07810000,-0.0318990857473297
8.08200000,-0.0318609837574638
8.08590000,-0.0318233419718547
8.08980000,-0.0317897201753385
8.09380000,-0.0317628057092846
8.09770000,-0.0317380094663202
8.10160000,-0.0317123813232930
8.10550000,-0.0316851291020467
8.10940000,-0.0316585462123387
8.11330000,-0.0316334894380408
8.11720000,-0.0316066740258390
8.12110000,-0.0315735718044833
8.12500000,-0.0315332241669878
8.12890000,-0.0314887585671309
8.13280000,-0.0314429638661050
8.13670000,-0.0313947762433665
8.14060000,-0.0313413298790364
8.14450000,-0.0312826762015498
8.14840000,-0.0312225050698061
8.15230000,-0.0311635249989195
8.15630000,-0.0311036669885708
8.16020000,-0.0310375763134990
8.16410000,-0.0309634536984646
8.16800000,-0.0308844246799410
8.17190000,-0.0308041599847166
8.17580000,-0.0307218540361454
8.17970000,-0.0306333803759470
8.18360000,-0.0305370783379570
8.18750000,-0.0304367028170267
8.19140000,-0.0303379063539741
8.19530000,-0.0302429938266840
8.19920000,-0.0301505991615578
8.20310000,-0.0300602037214145
8.20700000,-0.0299752333715405
8.21090000,-0.0299006137295899
8.21480000,-0.0298378921430850
8.21880000,-0.0297845976318279
8.22270000,-0.0297374075234038
8.22660000,-0.0296980038512016
8.23050000,-0.0296694260620169
8.23440000,-0.0296506499225289
8.23830000,-0.0296351533806853
8.24220000,-0.0296158179261921
8.24610000,-0.0295902469741038
8.25000000,-0.0295604420023882
8.25390000,-0.0295280173075015
8.25780000,-0.0294914537733679
8.26170000,-0.0294488592582301
8.26560000,-0.0294022210824991
8.26950000,-0.0293567116279040
8.27340000,-0.0293151847803426
8.27730000,-0.0292749813033807
8.28130000,-0.0292319686404495
8.28520000,-0.0291839148385091
8.28910000,-0.0291343544437274
8.29300000,-0.0290850280029448
8.29690000,-0.0290327368256703
8.30080000,-0.0289722066702314
8.30470000,-0.0289019318060249
8.30860000,-0.0288256365073163
8.31250000,-0.0287476954509404
8.31640000,-0.0286687855809514
8.32030000,-0.0285874566405730
8.32420000,-0.0285050168464985
8.32810000,-0.0284266098797416
8.33200000,-0.0283565664171357
8.33590000,-0.0282939067858851
8.33980000,-0.0282338579329143
8.34380000,-0.0281735438747928
8.34770000,-0.0281139028659885
8.35160000,-0.0280568374713126
8.35550000,-0.0279999447810236
8.35940000,-0.0279376062160007
8.36330000,-0.0278670152331948
8.36720000,-0.0277917660198280
8.37110000,-0.0277184006186442
8.37500000,-0.0276502855749591
8.37890000,-0.0275862728716603
8.38280000,-0.0275250576293075
8.38670000,-0.0274688815773328
8.39060000,-0.0274214173313407
8.39450000,-0.0273825403007581
8.39840000,-0.0273470929231347
8.40230000,-0.0273097856420425
8.40630000,-0.0272708771998837
8.41020000,-0.0272322118543611
8.41410000,-0.0271956150530722
8.41800000,-0.0271580583447797
8.42190000,-0.0271162339871195
8.42580000,-0.0270711441136496
8.42970000,-0.0270272762524013
8.43360000,-0.0269872929766787
8.43750000,-0.0269491892613585
8.44140000,-0.0269097950943405
8.44530000,-0.0268699308767976
8.44920000,-0.0268340726569255
8.45310000,-0.0268047337957929
8.45700000,-0.0267789355745917
8.46090000,-0.0267512583498865
8.46480000,-0.0267193393719154
8.46880000,-0.0266857921542843
8.47270000,-0.0266508255024362
8.47660000,-0.0266132672010732
8.48050000,-0.0265692509200250
8.48440000,-0.0265179193990444
8.48830000,-0.0264625358717570
8.49220000,-0.0264059484612118
8.49610000,-0.0263464658596809
8.50000000,-0.0262799711384099
8.50390000,-0.0262055343429178
8.50780000,-0.0261272317084472
8.51170000,-0.0260501074225146
8.51560000,-0.0259754792456106
8.51950000,-0.0259013746637998
8.52340000,-0.0258271219687213
8.52730000,-0.0257556304939889
8.53130000,-0.0256900635331099
8.53520000,-0.0256293466680603
8.53910000,-0.0255686355827974
8.54300000,-0.0255046837361351
8.54690000,-0.0254391742586126
8.55080000,-0.0253759920857947
8.55470000,-0.0253161603796218
8.55860000,-0.0252570504800600
8.56250000,-0.0251968122973017
8.56640000,-0.0251380452628149
8.57030000,-0.0250856519994441
8.57420000,-0.0250413730232599
8.57810000,-0.0250019388338595
8.58200000,-0.0249631655403162
8.58590000,-0.0249245478541301
8.58980000,-0.0248884881703776
8.59380000,-0.0248563726402988
8.59770000,-0.0248231287834491
8.60160000,-0.0247855612349715
8.60550000,-0.0247435377294988
8.60940000,-0.0247000938464402
8.61330000,-0.0246562890874316
8.61720000,-0.0246086205679354
8.62110000,-0.0245528106582411
8.62500000,-0.0244891861988646
8.62890000,-0.0244228277106490
8.63280000,-0.0243584044297643
8.63670000,-0.0242959447752577
8.64060000,-0.0242325006155539
8.64450000,-0.0241672758874048
8.64840000,-0.0241033023400903
8.65230000,-0.0240433553871676
8.65630000,-0.0239858738717117
8.66020000,-0.0239257095923570
8.66410000,-0.0238602990055346
8.66800000,-0.0237909273350642
8.67190000,-0.0237196182030442
8.67580000,-0.0236453938126015
8.67970000,-0.0235650841257416
8.68360000,-0.0234775506569493
8.68750000,-0.0233856415080885
8.69140000,-0.0232931096059524
8.69530000,-0.0232004998597641
8.69920000,-0.0231057574792764
8.70310000,-0.0230090830418728
8.70700000,-0.0229153772426669
8.71090000,-0.0228305335974034
8.71480000,-0.0227559654925080
8.71880000,-0.0226880346890024
8.72270000,-0.0226235204556459
8.72660000,-0.0225631958153233
8.73050000,-0.0225099949480368
8.73440000,-0.0224635388039704
8.73830000,-0.0224189701169403
8.74220000,-0.0223717453441447
8.74610000,-0.0223222620922141
8.75000000,-0.0222746252644612
8.75390000,-0.0222314935735811
8.75780000,-0.0221914894073513
8.76170000,-0.0221519343471317
8.76560000,-0.0221126348959147
8.76950000,-0.0220751230371753
8.77340000,-0.0220383195772211
8.77730000,-0.0219969750909421
8.78130000,-0.0219460510403196
8.78520000,-0.0218844481748921
8.78910000,-0.0218167558331562
8.79300000,-0.0217465681561831
8.79690000,-0.0216729035082268
8.80080000,-0.0215927257448247
8.80470000,-0.0215066734980476
8.80860000,-0.0214202844644999
8.81250000,-0.0213386525359698
8.81640000,-0.0212612532696797
8.82030000,-0.0211835775475863
8.82420000,-0.0211031860631309
8.82810000,-0.0210221502454394
8.83200000,-0.0209431287988729
8.83590000,-0.0208649239201774
8.83980000,-0.0207836615886346
8.84380000,-0.0206974393576366
8.84770000,-0.0206106791106866
8.85160000,-0.0205267237092486
8.85550000,-0.0204452897380980
8.85940000,-0.0203628207241470
8.86330000,-0.0202779830417944
8.86720000,-0.0201945429897261
8.87110000,-0.0201178278334150
8.87500000,-0.0200492892012220
8.87890000,-0.0199859808490452
8.88280000,-0.0199252951245209
8.88670000,-0.0198685382705732
8.89060000,-0.0198185908875644
8.89450000,-0.0197747314905950
8.89840000,-0.0197314275251040
8.90230000,-0.0196829685317686
8.90630000,-0.0196285938918142
8.91020000,-0.0195707019744757
8.91410000,-0.0195112122031057
8.91800000,-0.0194485269592358
8.92190000,-0.0193813183499366
8.92580000,-0.0193126142690176
8.92970000,-0.0192481054362776
8.93360000,-0.0191901234309045
8.93750000,-0.0191351079456760
8.94140000,-0.0190780639604591
8.94530000,-0.0190183254605608
8.94920000,-0.0189593373604276
8.95310000,-0.0189031787277962
8.95700000,-0.0188472705967434
8.96090000,-0.0187873333883860
8.96480000,-0.0187224849226313
8.96880000,-0.0186557348723238
8.97270000,-0.0185896578440580
8.97660000,-0.0185223529672097
8.98050000,-0.0184504473991487
8.98440000,-0.0183743731543862
8.98830000,-0.0182990194205242
8.99220000,-0.0182283476040063
8.99610000,-0.0181608767681178
9.00000000,-0.0180919026549859
9.00390000,-0.0180194412212295
9.00780000,-0.0179463367088599
9.01170000,-0.0178760015056307
9.01560000,-0.0178072722224878
9.01950000,-0.0177350371411701
9.02340000,-0.0176558430706592
9.02730000,-0.0175711990118298
9.03130000,-0.0174838633021674
9.03520000,-0.0173954134465986
9.03910000,-0.0173028211080461
9.04300000,-0.0172057569408092
9.04690000,-0.0171088824853316
9.05080000,-0.0170188468367014
9.05470000,-0.0169388768220517
9.05860000,-0.0168674800204608
9.06250000,-0.0168025002169522
9.06640000,-0.0167448266125451
9.07030000,-0.0166967238189043
9.07420000,-0.0166572905150404
9.07810000,-0.0166217000061600
9.08200000,-0.0165856746137155
9.08590000,-0.0165494340042052
9.08980000,-0.0165159964895737
9.09380000,-0.0164868837482248
9.09770000,-0.0164567733201129
9.10160000,-0.0164221288517389
9.10550000,-0.0163822382096362
9.10940000,-0.0163395708783744
9.11330000,-0.0162951977843738
9.11720000,-0.0162465686393011
9.12110000,-0.0161909762925191
9.12500000,-0.0161302128513869
9.12890000,-0.0160701813524098
9.13280000,-0.0160154821127396
9.13670000,-0.0159652864970251
9.14060000,-0.0159153474278612
9.14450000,-0.0158633078220402
9.14840000,-0.0158103878124507
9.15230000,-0.0157574459840289
9.15630000,-0.0157014674711154
9.16020000,-0.0156372673016749
9.16410000,-0.0155640037204427
9.16800000,-0.0154858332365436
9.17190000,-0.0154074326811004
9.17580000,-0.0153293794329834
9.17970000,-0.0152493910104113
9.18360000,-0.0151675435985508
9.18750000,-0.0150882041290172
9.19140000,-0.0150157242294244
9.19530000,-0.0149493976871857
9.19920000,-0.0148843844043629
9.20310000,-0.0148174033368674
9.20700000,-0.0147497587813601
9.21090000,-0.0146841476617013
9.21480000,-0.0146198771539514
9.21880000,-0.0145528068964564
9.22270000,-0.0144808350231545
9.22660000,-0.0144068072649922
9.23050000,-0.0143365998667303
9.23440000,-0.0142734224204304
9.23830000,-0.0142161000363549
9.24220000,-0.0141632320962669
9.24610000,-0.0141171405822307
9.25000000,-0.0140820082023768
9.25390000,-0.0140587021394969
9.25780000,-0.0140430571784187
9.26170000,-0.0140297978273913
9.26560000,-0.0140170354722401
9.26950000,-0.0140056939174811
9.27340000,-0.0139950122321668
9.27730000,-0.0139806193657103
9.28130000,-0.0139594215058530
9.28520000,-0.0139303637760097
9.28910000,-0.0138996479610581
9.29300000,-0.0138707032537345
9.29690000,-0.0138416695396255
9.30080000,-0.0138086518990037
9.30470000,-0.0137712836567220
9.30860000,-0.0137331326927943
9.31250000,-0.0136962250491350
9.31640000,-0.0136568729769043
9.32030000,-0.0136086512954131
9.32420000,-0.0135490894651082
9.32810000,-0.0134818119873273
9.33200000,-0.0134119299164540
9.33590000,-0.0133408680518233
9.33980000,-0.0132668030032712
9.34380000,-0.0131889992558278
9.34770000,-0.0131117617832979
9.35160000,-0.0130386419908654
9.35550000,-0.0129695132734236
9.35940000,-0.0129011290040185
9.36330000,-0.0128328441672984
9.36720000,-0.0127693240967144
9.37110000,-0.0127162766830703
9.37500000,-0.0126744240951880
9.37890000,-0.0126391519448775
9.38280000,-0.0126061410117368
9.38670000,-0.0125756641114421
9.39060000,-0.0125500472285080
9.39450000,-0.0125279517087369
9.39840000,-0.0125035052060345
9.40230000,-0.0124718299166148
9.40630000,-0.0124343760541641
9.41020000,-0.0123945009140187
9.41410000,-0.0123554716289810
9.41800000,-0.0123163001862076
9.42190000,-0.0122761938846529
9.42580000,-0.0122381972092798
9.42970000,-0.0122072180492493
9.43360000,-0.0121847588597358
9.43750000,-0.0121671366619520
9.44140000,-0.0121496603520639
9.44530000,-0.0121317248870407
9.44920000,-0.0121163420380196
9.45310000,-0.0121047686162817
9.45700000,-0.0120934163512099
9.46090000,-0.0120771319873952
9.46480000,-0.0120545294032072
9.46880000,-0.0120292055013164
9.47270000,-0.0120009291021162
9.47660000,-0.0119672460640424
9.48050000,-0.0119230075103555
9.48440000,-0.0118676372795984
9.48830000,-0.0118065109712523
9.49220000,-0.0117454435890159
9.49610000,-0.0116852018611413
9.50000000,-0.0116225621017835
9.50390000,-0.0115558252458510
9.50780000,-0.0114871889070059
9.51170000,-0.0114190152122136
9.51560000,-0.0113494845793437
9.51950000,-0.0112738525253194
9.52340000,-0.0111898518369185
9.52730000,-0.0111001526244728
9.53130000,-0.0110079240406326
9.53520000,-0.0109152226124621
9.53910000,-0.0108187765891715
9.54300000,-0.0107180461494128
9.54690000,-0.0106172355874439
9.55080000,-0.0105222077247787
9.55470000,-0.0104352998156874
9.55860000,-0.0103543708980969
9.56250000,-0.0102771250605909
9.56640000,-0.0102049296906105
9.57030000,-0.0101406557539038
9.57420000,-0.0100832526683267
9.57810000,-0.0100266387928428
9.58200000,-0.0099648090040234
9.58590000,-0.0098969939221978
9.58980000,-0.0098268698631034
9.59380000,-0.0097572050934010
9.59770000,-0.0096879808164647
9.60160000,-0.0096178218484721
9.60550000,-0.0095490252666449
9.60940000,-0.0094865911461636
9.61330000,-0.0094329510438529
9.61720000,-0.0093849120605568
9.62110000,-0.0093368109130984
9.62500000,-0.0092858885586009
9.62890000,-0.0092332382525064
9.63280000,-0.0091796777850672
9.63670000,-0.0091226309902550
9.64060000,-0.0090583965044615
9.64450000,-0.0089866483639636
9.64840000,-0.0089109767958879
9.65230000,-0.0088344478786719
9.65630000,-0.0087553875519492
9.66020000,-0.0086711686508063
9.66410000,-0.0085804537932988
9.66800000,-0.0084865233067074
9.67190000,-0.0083928009891742
9.67580000,-0.0082988063075034
9.67970000,-0.0082015986744110
9.68360000,-0.0081008888509253
9.68750000,-0.0080008811172376
9.69140000,-0.0079059595704519
9.69530000,-0.0078155920257855
9.69920000,-0.0077251219778694
9.70310000,-0.0076313869348985
9.70700000,-0.0075360354739316
9.71090000,-0.0074426673806422
9.71480000,-0.0073517452023184
9.71880000,-0.0072591220017252
9.72270000,-0.0071639083319572
9.72660000,-0.0070673326445102
9.73050000,-0.0069737082534842
9.73440000,-0.0068842934914451
9.73830000,-0.0067961649818753
9.74220000,-0.0067068412393241
9.74610000,-0.0066183553399575
9.75000000,-0.0065352099780092
9.75390000,-0.0064589102546798
9.75780000,-0.0063862821950881
9.76170000,-0.0063135932425708
9.76560000,-0.0062410744724826
9.76950000,-0.0061723007963967
9.77340000,-0.0061095413458348
9.77730000,-0.0060513177828873
9.78130000,-0.0059953684395287
9.78520000,-0.0059421468187119
9.78910000,-0.0058946723327145
9.79300000,-0.0058534756221932
9.79690000,-0.0058142795101887
9.80080000,-0.0057713334652714
9.80470000,-0.0057226835874961
9.80860000,-0.0056709056508418
9.81250000,-0.0056182203853872
9.81640000,-0.0055622474934908
9.82030000,-0.0054980479152106
9.82420000,-0.0054236807567596
9.82810000,-0.0053419920900510
9.83200000,-0.0052566199479179
9.83590000,-0.0051678413096642
9.83980000,-0.0050737810854644
9.84380000,-0.0049739398736517
9.84770000,-0.0048745892827173
9.85160000,-0.0047787746065873
9.85550000,-0.0046860803347720
9.85940000,-0.0045929173723538
9.86330000,-0.0044980361618877
9.86720000,-0.0044051856839014
9.87110000,-0.0043193927691456
9.87500000,-0.0042415101910945
9.87890000,-0.0041679335493458
9.88280000,-0.0040956457187710
9.88670000,-0.0040258342379657
9.89060000,-0.0039614444549047
9.89450000,-0.0039020778805870
9.89840000,-0.0038433044835115
9.90230000,-0.0037816903048666
9.90630000,-0.0037188823200208
9.91020000,-0.0036598125775267
9.91410000,-0.0036065521530179
9.91800000,-0.0035566319781631
9.92190000,-0.0035067590766912
9.92580000,-0.0034571245277916
9.92970000,-0.0034104653554341
9.93360000,-0.0033672605370344
9.93750000,-0.0033237847681238
9.94140000,-0.0032761993059243
9.94530000,-0.0032255174136637
9.94920000,-0.0031765654374310
9.95310000,-0.0031320318100210
9.95700000,-0.0030893728543096
9.96090000,-0.0030445206542390
9.96480000,-0.0029972965120224
9.96880000,-0.0029515972907202
9.97270000,-0.0029084947447220
9.97660000,-0.0028643251840561
9.98050000,-0.0028117927789664
9.98440000,-0.0027455194316986
9.98830000,-0.0026628507023349
9.99220000,-0.0025591409609295
9.99610000,-0.0024243353284489
10.00000000,-0.0022470054273869
