Velocity, Vel [m/s]
2561,0
0.00000000,-0.0344870796075431
0.00390620,-0.0345626962240127
0.00781250,-0.0345588026546598
0.01171900,-0.0344933312662660
0.01562500,-0.0343888702979933
0.01953100,-0.0342642323328687
0.02343800,-0.0341302702122598
0.02734400,-0.0339922087019207
0.03125000,-0.0338544018382360
0.03515600,-0.0337214228656995
0.03906300,-0.0335954012321836
0.04296900,-0.0334741033558785
0.04687500,-0.0333536423015322
0.05078100,-0.0332328204903882
0.05468800,-0.0331139131430676
0.05859400,-0.0329985854960107
0.06250000,-0.0328846328371060
0.06640600,-0.0327678172567340
0.07031300,-0.0326466337109850
0.07421900,-0.0325234797219253
0.07812500,-0.0324012117759295
0.08203100,-0.0322795362120366
0.08593800,-0.0321561816401382
0.08984400,-0.0320310514500104
0.09375000,-0.0319080422773392
0.09765600,-0.0317914683751586
0.10156000,-0.0316814839523722
0.10547000,-0.0315746351298733
0.10938000,-0.0314679294845283
0.11328000,-0.0313620139888863
0.11719000,-0.0312595235587473
0.12109000,-0.0311588119497955
0.12500000,-0.0310562184802357
0.12891000,-0.0309490587356525
0.13281000,-0.0308399124412570
0.13672000,-0.0307345606844365
0.14063000,-0.0306348078014963
0.14453000,-0.0305378690996261
0.14844000,-0.0304414587555331
0.15234000,-0.0303456898567890
0.15625000,-0.0302541484579628
0.16016000,-0.0301673364075375
0.16406000,-0.0300818997335439
0.16797000,-0.0299950397050960
0.17188000,-0.0299063289968248
0.17578000,-0.0298176079906410
0.17969000,-0.0297295227354294
0.18359000,-0.0296377801960399
0.18750000,-0.0295392520526602
0.19141000,-0.0294340007544258
0.19531000,-0.0293252540947710
0.19922000,-0.0292148730123110
0.20313000,-0.0290989441672573
0.20703000,-0.0289722487803916
0.21094000,-0.0288348945898091
0.21484000,-0.0286921178888715
0.21875000,-0.0285509795316523
0.22266000,-0.0284141609923717
0.22656000,-0.0282809901514092
0.23047000,-0.0281521449936403
0.23438000,-0.0280298797832991
0.23828000,-0.0279154298208544
0.24219000,-0.0278067996157986
0.24609000,-0.0276988691901203
0.25000000,-0.0275902018441964
0.25391000,-0.0274828045027528
0.25781000,-0.0273791168585732
0.26172000,-0.0272785443336900
0.26563000,-0.0271766689466352
0.26953000,-0.0270709629970710
0.27344000,-0.0269641614082904
0.27734000,-0.0268593833548967
0.28125000,-0.0267575718110109
0.28516000,-0.0266553137468365
0.28906000,-0.0265501111240669
0.29297000,-0.0264442498328342
0.29688000,-0.0263405391148450
0.30078000,-0.0262382710567506
0.30469000,-0.0261337066084217
0.30859000,-0.0260231178111815
0.31250000,-0.0259088757487332
0.31641000,-0.0257953355289205
0.32031000,-0.0256838416727849
0.32422000,-0.0255716774540111
0.32813000,-0.0254548539346501
0.33203000,-0.0253336672226268
0.33594000,-0.0252127013442187
0.33984000,-0.0250942756804097
0.34375000,-0.0249775540618600
0.34766000,-0.0248596354800303
0.35156000,-0.0247403125359987
0.35547000,-0.0246225502458203
0.35938000,-0.0245070935021677
0.36328000,-0.0243910877783476
0.36719000,-0.0242716502253848
0.37109000,-0.0241482209720013
0.37500000,-0.0240243189285876
0.37891000,-0.0239016808757802
0.38281000,-0.0237778699356355
0.38672000,-0.0236492956668577
0.39063000,-0.0235148666817312
0.39453000,-0.0233779139544430
0.39844000,-0.0232425319474296
0.40234000,-0.0231080037581293
0.40625000,-0.0229713936780097
0.41016000,-0.0228309290219522
0.41406000,-0.0226887268572988
0.41797000,-0.0225483057147385
0.42188000,-0.0224097476255488
0.42578000,-0.0222708261605956
0.42969000,-0.0221316123825928
0.43359000,-0.0219949775948053
0.43750000,-0.0218649783359515
0.44141000,-0.0217415928368627
0.44531000,-0.0216217638220181
0.44922000,-0.0215045742416258
0.45313000,-0.0213923663298314
0.45703000,-0.0212886046221385
0.46094000,-0.0211941825016334
0.46484000,-0.0211049129123061
0.46875000,-0.0210178895415566
0.47266000,-0.0209327469984187
0.47656000,-0.0208508566067743
0.48047000,-0.0207719418139886
0.48438000,-0.0206912976038247
0.48828000,-0.0206048405777857
0.49219000,-0.0205135525975127
0.49609000,-0.0204196747035216
0.50000000,-0.0203246638797749
0.50391000,-0.0202257303817393
0.50781000,-0.0201203818302430
0.51172000,-0.0200109735283352
0.51563000,-0.0199017347949246
0.51953000,-0.0197943416094153
0.52344000,-0.0196862002562218
0.52734000,-0.0195721671657107
0.53125000,-0.0194518096539704
0.53516000,-0.0193282143916015
0.53906000,-0.0192042231154789
0.54297000,-0.0190795547951058
0.54688000,-0.0189513951635181
0.55078000,-0.0188194546972021
0.55469000,-0.0186873790152109
0.55859000,-0.0185574508908586
0.56250000,-0.0184288733534707
0.56641000,-0.0182982386739869
0.57031000,-0.0181648162274018
0.57422000,-0.0180323400346548
0.57813000,-0.0179038858374379
0.58203000,-0.0177784503567828
0.58594000,-0.0176528923564449
0.58984000,-0.0175253954231487
0.59375000,-0.0173994642096984
0.59766000,-0.0172790397898497
0.60156000,-0.0171642543326278
0.60547000,-0.0170521172461604
0.60938000,-0.0169396894271776
0.61328000,-0.0168278502828866
0.61719000,-0.0167195231882368
0.62109000,-0.0166134569410298
0.62500000,-0.0165061606157293
0.62891000,-0.0163945174787143
0.63281000,-0.0162797245652230
0.63672000,-0.0161656142500949
0.64063000,-0.0160524284383020
0.64453000,-0.0159368439878946
0.64844000,-0.0158172034594307
0.65234000,-0.0156957635505841
0.65625000,-0.0155786823118109
0.66016000,-0.0154688951271817
0.66406000,-0.0153642853818241
0.66797000,-0.0152616713344381
0.67188000,-0.0151593627859139
0.67578000,-0.0150577869493368
0.67969000,-0.0149566587258234
0.68359000,-0.0148515545544502
0.68750000,-0.0147394187733907
0.69141000,-0.0146207906992750
0.69531000,-0.0144999176873057
0.69922000,-0.0143803299698928
0.70313000,-0.0142605271482213
0.70703000,-0.0141374120267481
0.71094000,-0.0140113737559800
0.71484000,-0.0138849413487671
0.71875000,-0.0137603441769403
0.72266000,-0.0136351609729318
0.72656000,-0.0135055628382609
0.73047000,-0.0133717848095222
0.73438000,-0.0132375276786341
0.73828000,-0.0131059543688048
0.74219000,-0.0129764374694948
0.74609000,-0.0128449461718564
0.75000000,-0.0127103824462370
0.75391000,-0.0125747166820646
0.75781000,-0.0124402632656817
0.76172000,-0.0123065972750128
0.76563000,-0.0121703683279721
0.76953000,-0.0120304169143860
0.77344000,-0.0118903718615009
0.77734000,-0.0117539314013692
0.78125000,-0.0116215383863113
0.78516000,-0.0114890407020277
0.78906000,-0.0113530231479841
0.79297000,-0.0112149362612731
0.79688000,-0.0110779563170975
0.80078000,-0.0109429959273431
0.80469000,-0.0108084510992846
0.80859000,-0.0106727472333197
0.81250000,-0.0105390320292873
0.81641000,-0.0104117538487649
0.82031000,-0.0102922897823683
0.82422000,-0.0101783608030814
0.82813000,-0.0100665071710995
0.83203000,-0.0099565124542237
0.83594000,-0.0098510525493099
0.83984000,-0.0097497462349969
0.84375000,-0.0096498125538962
0.84766000,-0.0095473184913925
0.85156000,-0.0094418056019851
0.85547000,-0.0093364714749799
0.85938000,-0.0092320445676897
0.86328000,-0.0091251248702190
0.86719000,-0.0090121292542811
0.87109000,-0.0088922056754993
0.87500000,-0.0087691743819590
0.87891000,-0.0086451059990371
0.88281000,-0.0085179794663634
0.88672000,-0.0083850825100429
0.89063000,-0.0082465675746673
0.89453000,-0.0081065995800486
0.89844000,-0.0079694212834124
0.90234000,-0.0078344596286587
0.90625000,-0.0076995024245366
0.91016000,-0.0075639939942417
0.91406000,-0.0074308705785062
0.91797000,-0.0073032366973500
0.92188000,-0.0071793722312436
0.92578000,-0.0070548136600848
0.92969000,-0.0069280407978549
0.93359000,-0.0068010538294267
0.93750000,-0.0066776903063454
0.94141000,-0.0065577872014838
0.94531000,-0.0064381516009784
0.94922000,-0.0063178340170587
0.95313000,-0.0061994798699464
0.95703000,-0.0060869445626769
0.96094000,-0.0059807223330923
0.96484000,-0.0058752429517625
0.96875000,-0.0057655780968159
0.97266000,-0.0056502105961635
0.97656000,-0.0055311222142827
0.98047000,-0.0054098466650454
0.98438000,-0.0052839669205958
0.98828000,-0.0051510779333054
0.99219000,-0.0050134253372925
0.99609000,-0.0048755406395764
1.00000000,-0.0047405345187735
1.00390000,-0.0046059673422492
1.00780000,-0.0044685064389348
1.01170000,-0.0043279090865206
1.01560000,-0.0041872165239108
1.01950000,-0.0040483474708981
1.02340000,-0.0039093258810244
1.02730000,-0.0037666625643304
1.03130000,-0.0036212154367096
1.03520000,-0.0034723667919945
1.03910000,-0.0033239224019275
1.04300000,-0.0031748779983974
1.04690000,-0.0030231198022431
1.05080000,-0.0028694608477534
1.05470000,-0.0027177251524677
1.05860000,-0.0025703230638260
1.06250000,-0.0024250241125190
1.06640000,-0.0022773042021385
1.07030000,-0.0021254665763275
1.07420000,-0.0019721052255304
1.07810000,-0.0018201986430932
1.08200000,-0.0016691251504138
1.08590000,-0.0015158508388919
1.08980000,-0.0013593752657299
1.09380000,-0.0012034829375247
1.09770000,-0.0010479697885487
1.10160000,-0.0008933549196547
1.10550000,-0.0007365757277560
1.10940000,-0.0005762740481696
1.11330000,-0.0004145197225660
1.11720000,-0.0002540463862194
1.12110000,-0.0000945958205585
1.12500000,0.0000667377158339
1.12890000,0.0002313927317703
1.13280000,0.0003966088108581
1.13670000,0.0005576341557997
1.14060000,0.0007122305856421
1.14450000,0.0008620298173264
1.14840000,0.0010093885758881
1.15230000,0.0011540849298063
1.15630000,0.0012925303858959
1.16020000,0.0014287913860392
1.16410000,0.0015651043698882
1.16800000,0.0017053545097456
1.17190000,0.0018493332649574
1.17580000,0.0019936738144626
1.17970000,0.0021364230072926
1.18360000,0.0022792890788217
1.18750000,0.0024248927416162
1.19140000,0.0025728303343350
1.19530000,0.0027200143268286
1.19920000,0.0028652605742395
1.20310000,0.0030120467909019
1.20700000,0.0031653944418413
1.21090000,0.0033264646590245
1.21480000,0.0034914735987092
1.21880000,0.0036549572415367
1.22270000,0.0038186537286607
1.22660000,0.0039835954190032
1.23050000,0.0041503906021835
1.23440000,0.0043164414636604
1.23830000,0.0044792209680823
1.24220000,0.0046397716448367
1.24610000,0.0048014124338499
1.25000000,0.0049653159451870
1.25390000,0.0051289991415012
1.25780000,0.0052898125588340
1.26170000,0.0054486667332147
1.26560000,0.0056088136515100
1.26950000,0.0057709744677742
1.27340000,0.0059310898740485
1.27730000,0.0060839221852108
1.28130000,0.0062265588097518
1.28520000,0.0063655422030207
1.28910000,0.0065022792146806
1.29300000,0.0066363202736047
1.29690000,0.0067653721074921
1.30080000,0.0068891399029426
1.30470000,0.0070099637439217
1.30860000,0.0071296291502255
1.31250000,0.0072469760812755
1.31640000,0.0073599199677937
1.32030000,0.0074693893280824
1.32420000,0.0075797515906941
1.32810000,0.0076946792094818
1.33200000,0.0078134704868638
1.33590000,0.0079325734297933
1.33980000,0.0080504670242739
1.34380000,0.0081675516146124
1.34770000,0.0082924115539763
1.35160000,0.0084235459057375
1.35550000,0.0085584974583093
1.35940000,0.0086955961790652
1.36330000,0.0088365024813629
1.36720000,0.0089835443981450
1.37110000,0.0091353254487382
1.37500000,0.0092866882928032
1.37890000,0.0094334951923848
1.38280000,0.0095763640032616
1.38670000,0.0097188049616454
1.39060000,0.0098624440480318
1.39450000,0.0100058618265491
1.39840000,0.0101485857716090
1.40230000,0.0102945010577558
1.40630000,0.0104481536857173
1.41020000,0.0106148350445014
1.41410000,0.0107900562720506
1.41800000,0.0109688341068385
1.42190000,0.0111489361094703
1.42580000,0.0113311752569828
1.42970000,0.0115159035054934
1.43360000,0.0117009821502502
1.43750000,0.0118841997944318
1.44140000,0.0120668591303965
1.44530000,0.0122535454727322
1.44920000,0.0124481516481559
1.45310000,0.0126511960396134
1.45700000,0.0128616016297791
1.46090000,0.0130800340988051
1.46480000,0.0133089496480711
1.46880000,0.0135496350728841
1.47270000,0.0137963201640265
1.47660000,0.0140430072032574
1.48050000,0.0142854111562608
1.48440000,0.0145234784341452
1.48830000,0.0147582955662429
1.49220000,0.0149889787434098
1.49610000,0.0152138579340741
1.50000000,0.0154339106294865
1.50390000,0.0156533701618191
1.50780000,0.0158763608251150
1.51170000,0.0161037721149882
1.51560000,0.0163345097979222
1.51950000,0.0165695532782203
1.52340000,0.0168132793594046
1.52730000,0.0170698219003655
1.53130000,0.0173401993864726
1.53520000,0.0176168233879775
1.53910000,0.0178978123580831
1.54300000,0.0181847138473459
1.54690000,0.0184817764917372
1.55080000,0.0187909113023421
1.55470000,0.0191103372967586
1.55860000,0.0194379942018967
1.56250000,0.0197745075264776
1.56640000,0.0201215300333822
1.57030000,0.0204774949906507
1.57420000,0.0208366042209309
1.57810000,0.0211929562475778
1.58200000,0.0215446170522517
1.58590000,0.0218923001394172
1.58980000,0.0222345975519928
1.59380000,0.0225695502675054
1.59770000,0.0228862470648636
1.60160000,0.0231881483089459
1.60550000,0.0234798947905733
1.60940000,0.0237651861291653
1.61330000,0.0240435478872388
1.61720000,0.0243129427471573
1.62110000,0.0245743883724302
1.62500000,0.0248321735710620
1.62890000,0.0250891715680516
1.63280000,0.0253435765126918
1.63670000,0.0255916351711681
1.64060000,0.0258326359001585
1.64450000,0.0260694385339828
1.64840000,0.0263040554701017
1.65230000,0.0265344417390165
1.65630000,0.0267573375232307
1.66020000,0.0269721863778001
1.66410000,0.0271841225098064
1.66800000,0.0273981769517570
1.67190000,0.0276151244223975
1.67580000,0.0278327401348606
1.67970000,0.0280508327681156
1.68360000,0.0282732415867685
1.68750000,0.0285042439209608
1.69140000,0.0287440061712693
1.69530000,0.0289888956195554
1.69920000,0.0292362914982146
1.70310000,0.0294876591008260
1.70700000,0.0297458180895512
1.71090000,0.0300099343920340
1.71480000,0.0302748372782497
1.71880000,0.0305369471299770
1.72270000,0.0307931448247065
1.72660000,0.0310469267462261
1.73050000,0.0312985224222796
1.73440000,0.0315448691936389
1.73830000,0.0317835548040530
1.74220000,0.0320168307693476
1.74610000,0.0322501585354244
1.75000000,0.0324867633096106
1.75390000,0.0327251453127082
1.75780000,0.0329626053458434
1.76170000,0.0331996388366161
1.76560000,0.0334391266612492
1.76950000,0.0336817077185383
1.77340000,0.0339240228417505
1.77730000,0.0341623761849243
1.78130000,0.0343975971422610
1.78520000,0.0346320268240053
1.78910000,0.0348686122599479
1.79300000,0.0351055839446560
1.79690000,0.0353395387133653
1.80080000,0.0355698605694290
1.80470000,0.0357991625757672
1.80860000,0.0360291453181168
1.81250000,0.0362574233209803
1.81640000,0.0364797211142259
1.82030000,0.0366947474296863
1.82420000,0.0369055285273086
1.82810000,0.0371155249066537
1.83200000,0.0373246236766458
1.83590000,0.0375303532788219
1.83980000,0.0377326256903813
1.84380000,0.0379352116999917
1.84770000,0.0381427034907131
1.85160000,0.0383549082187354
1.85550000,0.0385685011497030
1.85940000,0.0387817969473701
1.86330000,0.0389974354554005
1.86720000,0.0392193611493174
1.87110000,0.0394480579780521
1.87500000,0.0396803121581442
1.87890000,0.0399138606422408
1.88280000,0.0401506833060457
1.88670000,0.0403945314169194
1.89060000,0.0406461758660778
1.89450000,0.0409027529396920
1.89840000,0.0411617662102876
1.90230000,0.0414242352524438
1.90630000,0.0416943351514071
1.91020000,0.0419689322678341
1.91410000,0.0422451639438252
1.91800000,0.0425185863685676
1.92190000,0.0427891689068484
1.92580000,0.0430603471888041
1.92970000,0.0433337261513701
1.93360000,0.0436064573838290
1.93750000,0.0438746135716110
1.94140000,0.0441378159223423
1.94530000,0.0443990294801947
1.94920000,0.0446600160437349
1.95310000,0.0449187287280236
1.95700000,0.0451723076443151
1.96090000,0.0454218144513064
1.96480000,0.0456722572234865
1.96880000,0.0459284267676960
1.97270000,0.0461863692830858
1.97660000,0.0464425217237273
1.98050000,0.0466946765164710
1.98440000,0.0469447637989564
1.98830000,0.0471952015110108
1.99220000,0.0474452722673488
1.99610000,0.0476924911168220
2.00000000,0.0479371201044179
2.00390000,0.0481835436823093
2.00780000,0.0484360812623041
2.01170000,0.0486944229171440
2.01560000,0.0489548288001545
2.01950000,0.0492155714879935
2.02340000,0.0494794132509013
2.02730000,0.0497499484922994
2.03130000,0.0500283219588237
2.03520000,0.0503066333856891
2.03910000,0.0505830394914903
2.04300000,0.0508586344537171
2.04690000,0.0511367965120866
2.05080000,0.0514180976085927
2.05470000,0.0516992206578056
2.05860000,0.0519770991706704
2.06250000,0.0522524810803569
2.06640000,0.0525282434333083
2.07030000,0.0528051877251409
2.07420000,0.0530813129796431
2.07810000,0.0533554828739244
2.08200000,0.0536303468130652
2.08590000,0.0539101725577654
2.08980000,0.0541958170787941
2.09380000,0.0544850539701813
2.09770000,0.0547688496535463
2.10160000,0.0550479389693529
2.10550000,0.0553248928912384
2.10940000,0.0556015306034049
2.11330000,0.0558762432835686
2.11720000,0.0561465249358093
2.12110000,0.0564129341100194
2.12500000,0.0566789313011535
2.12890000,0.0569466972405272
2.13280000,0.0572145599780664
2.13670000,0.0574797227490072
2.14060000,0.0577429870474442
2.14450000,0.0580090625242307
2.14840000,0.0582814670622775
2.15230000,0.0585584043693020
2.15630000,0.0588366985713101
2.16020000,0.0591107702500663
2.16410000,0.0593844028434863
2.16800000,0.0596601175870574
2.17190000,0.0599368546737698
2.17580000,0.0602113582299160
2.17970000,0.0604829625159900
2.18360000,0.0607552657579366
2.18750000,0.0610322028608002
2.19140000,0.0613133491164748
2.19530000,0.0615943735728525
2.19920000,0.0618720356592232
2.20310000,0.0621475060674736
2.20700000,0.0624240826897864
2.21090000,0.0627026416235395
2.21480000,0.0629810671122056
2.21880000,0.0632601466551543
2.22270000,0.0635400440232878
2.22660000,0.0638278785802610
2.23050000,0.0641256435857163
2.23440000,0.0644304274953871
2.23830000,0.0647383240308963
2.24220000,0.0650484780690054
2.24610000,0.0653624658458138
2.25000000,0.0656805340970580
2.25390000,0.0660001653456103
2.25780000,0.0663189128933780
2.26170000,0.0666373467643026
2.26560000,0.0669576323825086
2.26950000,0.0672792398254526
2.27340000,0.0675976219754724
2.27730000,0.0679083617953859
2.28130000,0.0682146320217588
2.28520000,0.0685173983689797
2.28910000,0.0688236212143698
2.29300000,0.0691323937835085
2.29690000,0.0694396911933507
2.30080000,0.0697441494741759
2.30470000,0.0700486858382376
2.30860000,0.0703562921027119
2.31250000,0.0706661265328468
2.31640000,0.0709751245458614
2.32030000,0.0712826203981452
2.32420000,0.0715913897430063
2.32810000,0.0719033990557715
2.33200000,0.0722160887719348
2.33590000,0.0725246956084568
2.33980000,0.0728280908871632
2.34380000,0.0731330128262818
2.34770000,0.0734401254021925
2.35160000,0.0737524901429493
2.35550000,0.0740667976068310
2.35940000,0.0743810793299273
2.36330000,0.0746977589813879
2.36720000,0.0750204213908715
2.37110000,0.0753486686259949
2.37500000,0.0756779038289818
2.37890000,0.0760044636615122
2.38280000,0.0763294996802713
2.38670000,0.0766564111580480
2.39060000,0.0769852190977844
2.39450000,0.0773115887151250
2.39840000,0.0776318719746150
2.40230000,0.0779473543386998
2.40630000,0.0782646499741257
2.41020000,0.0785795595509320
2.41410000,0.0788913304651101
2.41800000,0.0791968407416964
2.42190000,0.0794980281583222
2.42580000,0.0798005569190635
2.42970000,0.0801078970741896
2.43360000,0.0804182752778628
2.43750000,0.0807280224506368
2.44140000,0.0810364479760562
2.44530000,0.0813458090934555
2.44920000,0.0816568078136581
2.45310000,0.0819659414832255
2.45700000,0.0822684391627063
2.46090000,0.0825632276448354
2.46480000,0.0828536182035829
2.46880000,0.0831446549231226
2.47270000,0.0834311963957043
2.47660000,0.0837113790427183
2.48050000,0.0839839364481175
2.48440000,0.0842521320612860
2.48830000,0.0845202317172385
2.49220000,0.0847892970595693
2.49610000,0.0850576427355016
2.50000000,0.0853249511513368
2.50390000,0.0855941184692038
2.50780000,0.0858679222481583
2.51170000,0.0861449506865820
2.51560000,0.0864207752605319
2.51950000,0.0866933681981393
2.52340000,0.0869657385247092
2.52730000,0.0872424294512699
2.53130000,0.0875264333731849
2.53520000,0.0878118667496991
2.53910000,0.0880988009011680
2.54300000,0.0883889612625540
2.54690000,0.0886852592976380
2.55080000,0.0889874692320192
2.55470000,0.0892919028516143
2.55860000,0.0895961765740560
2.56250000,0.0899030277839429
2.56640000,0.0902177820870379
2.57030000,0.0905425532458679
2.57420000,0.0908744679621222
2.57810000,0.0912094783860021
2.58200000,0.0915462339270197
2.58590000,0.0918850884329465
2.58980000,0.0922241805552629
2.59380000,0.0925616811171181
2.59770000,0.0928874291761342
2.60160000,0.0932056863878723
2.60550000,0.0935212809891872
2.60940000,0.0938372832156870
2.61330000,0.0941521588321325
2.61720000,0.0944627246401862
2.62110000,0.0947688332929611
2.62500000,0.0950736984965204
2.62890000,0.0953794435752258
2.63280000,0.0956839144970373
2.63670000,0.0959831265365618
2.64060000,0.0962760849090524
2.64450000,0.0965656341202076
2.64840000,0.0968543929474203
2.65230000,0.0971413245204272
2.65630000,0.0974251621837462
2.66020000,0.0977016404691215
2.66410000,0.0979751397490543
2.66800000,0.0982480090739477
2.67190000,0.0985190604494444
2.67580000,0.0987853765741760
2.67970000,0.0990473686795622
2.68360000,0.0993106129618104
2.68750000,0.0995816880027144
2.69140000,0.0998629122442045
2.69530000,0.1001523745955456
2.69920000,0.1004489425364375
2.70310000,0.1007555007413637
2.70700000,0.1010760070495401
2.71090000,0.1014102624596149
2.71480000,0.1017533353317169
2.71880000,0.1021037200307023
2.72270000,0.1024532828149637
2.72660000,0.1028058494405639
2.73050000,0.1031592123075447
2.73440000,0.1035082331763235
2.73830000,0.1038493634685421
2.74220000,0.1041842233965155
2.74610000,0.1045172509476811
2.75000000,0.1048500720727473
2.75390000,0.1051795934745426
2.75780000,0.1055021135375652
2.76170000,0.1058181314842807
2.76560000,0.1061315649785723
2.76950000,0.1064445143815891
2.77340000,0.1067548046109959
2.77730000,0.1070596675697215
2.78130000,0.1073627751147328
2.78520000,0.1076645575846854
2.78910000,0.1079701158097202
2.79300000,0.1082770968019643
2.79690000,0.1085811389758047
2.80080000,0.1088812838834374
2.80470000,0.1091806878322661
2.80860000,0.1094818739430020
2.81250000,0.1097829024237623
2.81640000,0.1100793868193700
2.82030000,0.1103694447259521
2.82420000,0.1106549909451397
2.82810000,0.1109378522826164
2.83200000,0.1112161061618180
2.83590000,0.1114857372386315
2.83980000,0.1117457048059444
2.84380000,0.1120008134812150
2.84770000,0.1122535762057370
2.85160000,0.1125056488807662
2.85550000,0.1127541467143848
2.85940000,0.1129975373700719
2.86330000,0.1132385103917032
2.86720000,0.1134812416850501
2.87110000,0.1137267871341789
2.87500000,0.1139725029776008
2.87890000,0.1142159788334705
2.88280000,0.1144582533685363
2.88670000,0.1147021825517890
2.89060000,0.1149483287249115
2.89450000,0.1151940902100279
2.89840000,0.1154374966025035
2.90230000,0.1156805966053933
2.90630000,0.1159285643608196
2.91020000,0.1161818174669111
2.91410000,0.1164399557289671
2.91800000,0.1167018026152973
2.92190000,0.1169693456132479
2.92580000,0.1172460394425517
2.92970000,0.1175323431429768
2.93360000,0.1178243427503259
2.93750000,0.1181175638057860
2.94140000,0.1184112544509767
2.94530000,0.1187075647724001
2.94920000,0.1190069232012896
2.95310000,0.1193059877441592
2.95700000,0.1196009266920525
2.96090000,0.1198918337091417
2.96480000,0.1201827354845274
2.96880000,0.1204793402314124
2.97270000,0.1207775655606494
2.97660000,0.1210775702169430
2.98050000,0.1213791838759968
2.98440000,0.1216835465839881
2.98830000,0.1219874636421168
2.99220000,0.1222779001365051
2.99610000,0.1225312980150459
3.00000000,0.1227168223635524
3.00390000,0.1228000358383765
3.00780000,0.1227467275123514
3.01170000,0.1225301622666300
3.01560000,0.1221418213162734
3.01950000,0.1215984275956457
3.02340000,0.1209369640922848
3.02730000,0.1201990182641058
3.03130000,0.1193903696426652
3.03520000,0.1185795350255198
3.03910000,0.1177508306446984
3.04300000,0.1169135916200607
3.04690000,0.1160765600567130
3.05080000,0.1152435043895122
3.05470000,0.1144123968145704
3.05860000,0.1135805017362587
3.06250000,0.1127492346602124
3.06640000,0.1119228422578339
3.07030000,0.1111030078472977
3.07420000,0.1102866897600554
3.07810000,0.1094701194063381
3.08200000,0.1086534688731624
3.08590000,0.1078399327083331
3.08980000,0.1070306203439487
3.09380000,0.1061957006061712
3.09770000,0.1053827457611641
3.10160000,0.1045643349516968
3.10550000,0.1037429166740813
3.10940000,0.1029197151364444
3.11330000,0.1020918608337303
3.11720000,0.1012555660447063
3.12110000,0.1004113280559658
3.12500000,0.0995644265289336
3.12890000,0.0987199498298698
3.13280000,0.0978785674103737
3.13670000,0.0970380410378889
3.14060000,0.0961979880412070
3.14450000,0.0953610099509724
3.14840000,0.0945283692326858
3.15230000,0.0936963738112096
3.15630000,0.0928316896348991
3.16020000,0.0919848010045953
3.16410000,0.0911302169633975
3.16800000,0.0902708259836548
3.17190000,0.0894066088535996
3.17580000,0.0885351360443508
3.17970000,0.0876559101064192
3.18360000,0.0867722977492109
3.18750000,0.0858881821785333
3.19140000,0.0850041371965978
3.19530000,0.0841186323605254
3.19920000,0.0832327770983515
3.20310000,0.0823519467165288
3.20700000,0.0814816695574340
3.21090000,0.0806228828833704
3.21480000,0.0797723728550732
3.21880000,0.0789007014412569
3.22270000,0.0780643341374472
3.22660000,0.0772399160932441
3.23050000,0.0764271985416532
3.23440000,0.0756202703836341
3.23830000,0.0748121301386033
3.24220000,0.0739999082979396
3.24610000,0.0731850012314871
3.25000000,0.0723691878990606
3.25390000,0.0715522577924486
3.25780000,0.0707339238854180
3.26170000,0.0699164625047188
3.26560000,0.0691033933945871
3.26950000,0.0682953094857509
3.27340000,0.0674883465354323
3.27730000,0.0666778559913537
3.28130000,0.0658365910728532
3.28520000,0.0650198293994379
3.28910000,0.0642018354209662
3.29300000,0.0633785535996987
3.29690000,0.0625445702034170
3.30080000,0.0616986417309266
3.30470000,0.0608445366100624
3.30860000,0.0599860232686920
3.31250000,0.0591222790547207
3.31640000,0.0582496310205955
3.32030000,0.0573671608668094
3.32420000,0.0564786944099067
3.32810000,0.0555887269989864
3.33200000,0.0546977941767074
3.33590000,0.0538033325067927
3.33980000,0.0529044810785343
3.34380000,0.0519752923667672
3.34770000,0.0510755807854942
3.35160000,0.0501753050967109
3.35550000,0.0492702758570297
3.35940000,0.0483588095876549
3.36330000,0.0474442347388867
3.36720000,0.0465312379556265
3.37110000,0.0456206799828808
3.37500000,0.0447097869607665
3.37890000,0.0437971049650152
3.38280000,0.0428853503024775
3.38670000,0.0419784444386285
3.39060000,0.0410769037880714
3.39450000,0.0401779353620431
3.39840000,0.0392803530499176
3.40230000,0.0383882313537119
3.40630000,0.0374809301238480
3.41020000,0.0366210588081236
3.41410000,0.0357857199762688
3.41800000,0.0349834453044141
3.42190000,0.0342300548083557
3.42580000,0.0335459978430580
3.42970000,0.0329484908781580
3.43360000,0.0324455108349684
3.43750000,0.0320358333454818
3.44140000,0.0317116974917224
3.44530000,0.0314582548761487
3.44920000,0.0312499771015559
3.45310000,0.0310504759537770
3.45700000,0.0308193995864348
3.46090000,0.0305218633644429
3.46480000,0.0301331078972580
3.46880000,0.0296184519261748
3.47270000,0.0290032388408534
3.47660000,0.0282644181189853
3.48050000,0.0274071355181709
3.48440000,0.0264463119707179
3.48830000,0.0254004647551442
3.49220000,0.0242850504301846
3.49610000,0.0231118144317942
3.50000000,0.0218927891386555
3.50390000,0.0206419390091831
3.50780000,0.0193716407535296
3.51170000,0.0180884939730930
3.51560000,0.0167941437290214
3.51950000,0.0154904263777206
3.52340000,0.0141824685498591
3.52730000,0.0128758559843760
3.53130000,0.0115326958690515
3.53520000,0.0102272623737525
3.53910000,0.0089170907363317
3.54300000,0.0076024295663711
3.54690000,0.0062858230137552
3.55080000,0.0049691456961769
3.55470000,0.0036540618071441
3.55860000,0.0023457362389858
3.56250000,0.0010547475328593
3.56640000,-0.0002066997622444
3.57030000,-0.0014311643424938
3.57420000,-0.0026181297827100
3.57810000,-0.0037701212478621
3.58200000,-0.0048884396145600
3.58590000,-0.0059738692625498
3.58980000,-0.0070303509387069
3.59380000,-0.0080977619392531
3.59770000,-0.0091197815173664
3.60160000,-0.0101325949750015
3.60550000,-0.0111373118915016
3.60940000,-0.0121357878963131
3.61330000,-0.0131323463239821
3.61720000,-0.0141310426956475
3.62110000,-0.0151321448910377
3.62500000,-0.0161328409399645
3.62890000,-0.0171315431598187
3.63280000,-0.0181303367315647
3.63670000,-0.0191323398287353
3.64060000,-0.0201374568684274
3.64450000,-0.0211421872162961
3.64840000,-0.0221438528060505
3.65230000,-0.0231439266724478
3.65630000,-0.0241771089298424
3.66020000,-0.0251811922294671
3.66410000,-0.0261828040357478
3.66800000,-0.0271768177040858
3.67190000,-0.0281622959499055
3.67580000,-0.0291418021866497
3.67970000,-0.0301167329277743
3.68360000,-0.0310852518007442
3.68750000,-0.0320456945980270
3.69140000,-0.0330010838390896
3.69530000,-0.0339586505328927
3.69920000,-0.0349243631408852
3.70310000,-0.0358990825475011
3.70700000,-0.0368809915066528
3.71090000,-0.0378704726642276
3.71480000,-0.0388704720185817
3.71880000,-0.0399132726284149
3.72270000,-0.0409314773742499
3.72660000,-0.0419497366431996
3.73050000,-0.0429644350129479
3.73440000,-0.0439766820471221
3.73830000,-0.0449884098772891
3.74220000,-0.0459986046914491
3.74610000,-0.0470046840580314
3.75000000,-0.0480069158403889
3.75390000,-0.0490097955207934
3.75780000,-0.0500182585594299
3.76170000,-0.0510336440698921
3.76560000,-0.0520547852006778
3.76950000,-0.0530825619561821
3.77340000,-0.0541213359091945
3.77730000,-0.0551749330058917
3.78130000,-0.0562748070338494
3.78520000,-0.0573491170774748
3.78910000,-0.0584256823180928
3.79300000,-0.0595041775978807
3.79690000,-0.0605864967803767
3.80080000,-0.0616717408214756
3.80470000,-0.0627554908484226
3.80860000,-0.0638344566283088
3.81250000,-0.0649104555040644
3.81640000,-0.0659885950919551
3.82030000,-0.0670721465755755
3.82420000,-0.0681609760868435
3.82810000,-0.0692555427714962
3.83200000,-0.0703606673005831
3.83590000,-0.0714830832944614
3.83980000,-0.0726251437172903
3.84380000,-0.0738176933046708
3.84770000,-0.0749837199600588
3.85160000,-0.0761552544466306
3.85550000,-0.0773326219986971
3.85940000,-0.0785150192093418
3.86330000,-0.0796979315479163
3.86720000,-0.0808761366915337
3.87110000,-0.0820480277920631
3.87500000,-0.0832153265336232
3.87890000,-0.0843784346640777
3.88280000,-0.0855337941240281
3.88670000,-0.0866774833928087
3.89060000,-0.0878108989499811
3.89450000,-0.0889413100308275
3.89840000,-0.0900763493303466
3.90230000,-0.0912189628152462
3.90630000,-0.0924035460280462
3.91020000,-0.0935607531961441
3.91410000,-0.0947288248899506
3.91800000,-0.0959091958424576
3.92190000,-0.0970973706408373
3.92580000,-0.0982849705829384
3.92970000,-0.0994661038007785
3.93360000,-0.1006407129230398
3.93750000,-0.1018115143550615
3.94140000,-0.1029793498103358
3.94530000,-0.1041430715335010
3.94920000,-0.1053034255888356
3.95310000,-0.1064653091412534
3.95700000,-0.1076347671247968
3.96090000,-0.1088143246446318
3.96480000,-0.1100025852575414
3.96880000,-0.1112343986535380
3.97270000,-0.1124387455443877
3.97660000,-0.1136533641728081
3.98050000,-0.1148760163939934
3.98440000,-0.1161011737882254
3.98830000,-0.1173249530718680
3.99220000,-0.1185484255008605
3.99610000,-0.1197750535177123
4.00000000,-0.1210054875274961
4.00390000,-0.1222361694443421
4.00780000,-0.1234632733684325
4.01170000,-0.1246867992989950
4.01560000,-0.1259094636232957
4.01950000,-0.1271319358711350
4.02340000,-0.1283509448943407
4.02730000,-0.1295629899897618
4.03130000,-0.1308051302948957
4.03520000,-0.1320082020573481
4.03910000,-0.1332101061106300
4.04300000,-0.1344070356756148
4.04690000,-0.1355933475401682
4.05080000,-0.1367676069811410
4.05470000,-0.1379339459588638
4.05860000,-0.1390972042241403
4.06250000,-0.1402582999792429
4.06640000,-0.1414155498134060
4.07030000,-0.1425696806318205
4.07420000,-0.1437253217566283
4.07810000,-0.1448869877319153
4.08200000,-0.1460551376467078
4.08590000,-0.1472276098474651
4.08980000,-0.1484042895360744
4.09380000,-0.1496241463115866
4.09770000,-0.1508175622407422
4.10160000,-0.1520179019769190
4.10550000,-0.1532200005296558
4.10940000,-0.1544219640518905
4.11330000,-0.1556276949339532
4.11720000,-0.1568426833135606
4.12110000,-0.1580682873553089
4.12500000,-0.1593013697901700
4.12890000,-0.1605392333264835
4.13280000,-0.1617831787369515
4.13670000,-0.1630363240956325
4.14060000,-0.1642992049929345
4.14450000,-0.1655693536866098
4.14840000,-0.1668454119442483
4.15230000,-0.1681300961157720
4.15630000,-0.1694665137640621
4.16020000,-0.1707780143914138
4.16410000,-0.1721001302763404
4.16800000,-0.1734297432665250
4.17190000,-0.1747677524034513
4.17580000,-0.1761171035838953
4.17970000,-0.1774772802639200
4.18360000,-0.1788424861563670
4.18750000,-0.1802060450158519
4.19140000,-0.1815659673232566
4.19530000,-0.1829252946167229
4.19920000,-0.1842873171166459
4.20310000,-0.1856521878041661
4.20700000,-0.1870189692776649
4.21090000,-0.1883895553002565
4.21480000,-0.1897683073392818
4.21880000,-0.1911986529283984
4.22270000,-0.1925958028051842
4.22660000,-0.1939965083052165
4.23050000,-0.1953992581341734
4.23440000,-0.1968060416949262
4.23830000,-0.1982178153960315
4.24220000,-0.1996306958812249
4.24610000,-0.2010381981809130
4.25000000,-0.2024368406556680
4.25390000,-0.2038278857807202
4.25780000,-0.2052132655624508
4.26170000,-0.2065913156598861
4.26560000,-0.2079580188021886
4.26950000,-0.2093125332141532
4.27340000,-0.2106598707461985
4.27730000,-0.2120070327153611
4.28130000,-0.2133972069359468
4.28520000,-0.2147478816928886
4.28910000,-0.2160958555446956
4.29300000,-0.2174402293193072
4.29690000,-0.2187811750952487
4.30080000,-0.2201169137406228
4.30470000,-0.2214448244241037
4.30860000,-0.2227665713209296
4.31250000,-0.2240911834623977
4.31640000,-0.2254315157783567
4.32030000,-0.2267974772542007
4.32420000,-0.2281936397433626
4.32810000,-0.2296233316803062
4.33200000,-0.2310927126640214
4.33590000,-0.2326084587885161
4.33980000,-0.2341711438358093
4.34380000,-0.2358183286152264
4.34770000,-0.2374415867336786
4.35160000,-0.2390719940969764
4.35550000,-0.2406965616656061
4.35940000,-0.2423037924995277
4.36330000,-0.2438837200171652
4.36720000,-0.2454313895644002
4.37110000,-0.2469500721705625
4.37500000,-0.2484488733609245
4.37890000,-0.2499355787236931
4.38280000,-0.2514117758875016
4.38670000,-0.2528751500614043
4.39060000,-0.2543251272373664
4.39450000,-0.2557640984782604
4.39840000,-0.2571933835933563
4.40230000,-0.2586103425838163
4.40630000,-0.2600527925766096
4.41020000,-0.2614387288043129
4.41410000,-0.2628159157306449
4.41800000,-0.2641907424742630
4.42190000,-0.2655646053526828
4.42580000,-0.2669352469472705
4.42970000,-0.2683021506222355
4.43360000,-0.2696686830286237
4.43750000,-0.2710383638518119
4.44140000,-0.2724105999330005
4.44530000,-0.2737818904277067
4.44920000,-0.2751514126197580
4.45310000,-0.2765239678642841
4.45700000,-0.2779061365582131
4.46090000,-0.2793000801822623
4.46480000,-0.2807027187324330
4.46880000,-0.2821529233649957
4.47270000,-0.2835695271165090
4.47660000,-0.2849991485872769
4.48050000,-0.2864441214148635
4.48440000,-0.2879024750975833
4.48830000,-0.2893716461174914
4.49220000,-0.2908519595093786
4.49610000,-0.2923449837237616
4.50000000,-0.2938489586763784
4.50390000,-0.2953579731796796
4.50780000,-0.2968667090588215
4.51170000,-0.2983746496416591
4.51560000,-0.2998837650892374
4.51950000,-0.3013924100852862
4.52340000,-0.3028931813322112
4.52730000,-0.3043775468900876
4.53130000,-0.3058850444948449
4.53520000,-0.3073318540024869
4.53910000,-0.3087650119092462
4.54300000,-0.3101872344138006
4.54690000,-0.3116028254614626
4.55080000,-0.3130224973781701
4.55470000,-0.3144631221869812
4.55860000,-0.3159411893190652
4.56250000,-0.3174662824541978
4.56640000,-0.3190403908587523
4.57030000,-0.3206609892351929
4.57420000,-0.3223217072545675
4.57810000,-0.3240093262249977
4.58200000,-0.3257025165446736
4.58590000,-0.3273773469978444
4.58980000,-0.3290164669148108
4.59380000,-0.3306601006473558
4.59770000,-0.3322167037344759
4.60160000,-0.3337362756985184
4.60550000,-0.3352239430244075
4.60940000,-0.3366901310665812
4.61330000,-0.3381515587829819
4.61720000,-0.3396269154680506
4.62110000,-0.3411317531762179
4.62500000,-0.3426782571678990
4.62890000,-0.3442797796009847
4.63280000,-0.3459534220133345
4.63670000,-0.3477159416097692
4.64060000,-0.3495772089730611
4.64450000,-0.3515389837759280
4.64840000,-0.3536001562640226
4.65230000,-0.3557616444079240
4.65630000,-0.3580885200237622
4.66020000,-0.3604510213246650
4.66410000,-0.3629053631640646
4.66800000,-0.3654444482436388
4.67190000,-0.3680656938249393
4.67580000,-0.3707695970168772
4.67970000,-0.3735553158612119
4.68360000,-0.3764197702460356
4.68750000,-0.3793616782302649
4.69140000,-0.3823849419651234
4.69530000,-0.3854966199671296
4.69920000,-0.3887016665055831
4.70310000,-0.3920008656165465
4.70700000,-0.3953946187438358
4.71090000,-0.3988877845025013
4.71480000,-0.4024895830313134
4.71880000,-0.4063095488618917
4.72270000,-0.4101499414735980
4.72660000,-0.4141129879244090
4.73050000,-0.4182014808318006
4.73440000,-0.4224211587538836
4.73830000,-0.4267777602463811
4.74220000,-0.4312720501926103
4.74610000,-0.4358992459184588
4.75000000,-0.4406524605023697
4.75390000,-0.4455248070203157
4.75780000,-0.4505090159557784
4.76170000,-0.4555970526097269
4.76560000,-0.4607824126405902
4.76950000,-0.4660641392592399
4.77340000,-0.4714460580489623
4.77730000,-0.4769298903454362
4.78130000,-0.4826571286003121
4.78520000,-0.4883147536267575
4.78910000,-0.4940325888760824
4.79300000,-0.4997934174682723
4.79690000,-0.5055800225205791
4.80080000,-0.5113711699524890
4.80470000,-0.5171421823706991
4.80860000,-0.5228681910840840
4.81250000,-0.5285250925786793
4.81640000,-0.5340862965026475
4.82030000,-0.5395188997662549
4.82420000,-0.5447855994918464
4.82810000,-0.5498506231588163
4.83200000,-0.5546829806185900
4.83590000,-0.5592528294895975
4.83980000,-0.5635249711272516
4.84380000,-0.5675633060132319
4.84770000,-0.5711105636222384
4.85160000,-0.5742321556603186
4.85550000,-0.5768904157651158
4.85940000,-0.5790453820311683
4.86330000,-0.5806513728293927
4.86720000,-0.5816603344695762
4.87110000,-0.5820270071218412
4.87500000,-0.5817083863212185
4.87890000,-0.5806586938220929
4.88280000,-0.5788279065396552
4.88670000,-0.5761668038684813
4.89060000,-0.5726322292515167
4.89450000,-0.5681857128560854
4.89840000,-0.5627874457814072
4.90230000,-0.5563932384681156
4.90630000,-0.5487736119669107
4.91020000,-0.5402603117460887
4.91410000,-0.5306376320903143
4.91800000,-0.5198812781081763
4.92190000,-0.5079711633953397
4.92580000,-0.4948916013296031
4.92970000,-0.4806336006109476
4.93360000,-0.4651958217366071
4.93750000,-0.4485840031161143
4.94140000,-0.4308117262513829
4.94530000,-0.4119038590467788
4.94920000,-0.3919007642991960
4.95310000,-0.3708604039431597
4.95700000,-0.3488562348058893
4.96090000,-0.3259741478874115
4.96480000,-0.3023101728206491
4.96880000,-0.2773468153238994
4.97270000,-0.2524176740764949
4.97660000,-0.2269800038530502
4.98050000,-0.2010772281541789
4.98440000,-0.1747191025589268
4.98830000,-0.1478941488999120
4.99220000,-0.1205887847634324
4.99610000,-0.0928053052196114
5.00000000,-0.0645762299474841
5.00390000,-0.0359717637401478
5.00780000,-0.0071003703898826
5.01170000,0.0219004094717256
5.01560000,0.0508848095286285
5.01950000,0.0797225583602251
5.02340000,0.1083138004512036
5.02730000,0.1365881397164250
5.03130000,0.1652051003649693
5.03520000,0.1927086681832408
5.03910000,0.2197876355150297
5.04300000,0.2464347336245645
5.04690000,0.2726507281656275
5.05080000,0.2984365760864096
5.05470000,0.3237869215994037
5.05860000,0.3486851225112663
5.06250000,0.3730971287827364
5.06640000,0.3969653610885004
5.07030000,0.4202096672920882
5.07420000,0.4427397566207700
5.07810000,0.4644743291654321
5.08200000,0.4853550404155048
5.08590000,0.5053482229138454
5.08980000,0.5244381909316519
5.09380000,0.5430804334129892
5.09770000,0.5603517309661984
5.10160000,0.5767050856965962
5.10550000,0.5921181165428552
5.10940000,0.6065498868265859
5.11330000,0.6199483647572523
5.11720000,0.6322645792621132
5.12110000,0.6434631412111518
5.12500000,0.6535256867270358
5.12890000,0.6624485816450574
5.13280000,0.6702410085630899
5.13670000,0.6769247755465495
5.14060000,0.6825316379983540
5.14450000,0.6870985162839035
5.14840000,0.6906627707445473
5.15230000,0.6932609582800671
5.15630000,0.6949700349434951
5.16020000,0.6957630906447592
5.16410000,0.6957341946823937
5.16800000,0.6949446651705898
5.17190000,0.6934544046379327
5.17580000,0.6913183840253064
5.17970000,0.6885857474252987
5.18360000,0.6852984079769150
5.18750000,0.6814874323900861
5.19140000,0.6771720270821877
5.19530000,0.6723669986830562
5.19920000,0.6670949203970081
5.20310000,0.6613919473708672
5.20700000,0.6553032256139812
5.21090000,0.6488748576082527
5.21480000,0.6421510328831648
5.21880000,0.6349923252023768
5.22270000,0.6278132163375063
5.22660000,0.6204723670975256
5.23050000,0.6130080368575587
5.23440000,0.6054554242704671
5.23830000,0.5978514496418892
5.24220000,0.5902364765852722
5.24610000,0.5826497209419139
5.25000000,0.5751229380459874
5.25390000,0.5676798488395819
5.25780000,0.5603428351977370
5.26170000,0.5531396352534746
5.26560000,0.5461027695128385
5.26950000,0.5392616977599191
5.27340000,0.5326353585518904
5.27730000,0.5262323605140400
5.28130000,0.5198930093250985
5.28520000,0.5139497027310858
5.28910000,0.5082442767671067
5.29300000,0.5027817054462066
5.29690000,0.4975646672396841
5.30080000,0.4925910582421215
5.30470000,0.4878503575664066
5.30860000,0.4833220969837606
5.31250000,0.4789794955287531
5.31640000,0.4747995981343273
5.32030000,0.4707724577918196
5.32420000,0.4669030676304784
5.32810000,0.4632043977794855
5.33200000,0.4596866637184696
5.33590000,0.4563509944130267
5.33980000,0.4531904270487352
5.34380000,0.4501128599959295
5.34770000,0.4472743005956902
5.35160000,0.4445850192733905
5.35550000,0.4420382062446919
5.35940000,0.4396269369468078
5.36330000,0.4373425651605179
5.36720000,0.4351729248371791
5.37110000,0.4331034969982380
5.37500000,0.4311224790527381
5.37890000,0.4292259497623321
5.38280000,0.4274181944427907
5.38670000,0.4257058513370111
5.39060000,0.4240898198365278
5.39450000,0.4225612241570176
5.39840000,0.4211042253748101
5.40230000,0.4197010907443936
5.40630000,0.4182929934005077
5.41020000,0.4169415194068132
5.41410000,0.4155860245929021
5.41800000,0.4142099048484706
5.42190000,0.4128025244659077
5.42580000,0.4113590057158026
5.42970000,0.4098797888684520
5.43360000,0.4083723155898671
5.43750000,0.4068524253952799
5.44140000,0.4053411610226512
5.44530000,0.4038570401146784
5.44920000,0.4024089390448013
5.45310000,0.4009948877587116
5.45700000,0.3996071199623579
5.46090000,0.3982376206769531
5.46480000,0.3968782218864811
5.46880000,0.3954758964843289
5.47270000,0.3940928164472968
5.47660000,0.3926676333338463
5.48050000,0.3911848333951158
5.48440000,0.3896391754225474
5.48830000,0.3880367237408964
5.49220000,0.3863943508412378
5.49610000,0.3847390487189755
5.50000000,0.3831040647148484
5.50390000,0.3815186863619389
5.50780000,0.3799958454696807
5.51170000,0.3785276800798670
5.51560000,0.3770935879861583
5.51950000,0.3756735791250875
5.52340000,0.3742562334480689
5.52730000,0.3728378783529041
5.53130000,0.3713760044373981
5.53520000,0.3699551339199338
5.53910000,0.3685357798571257
5.54300000,0.3671225527158966
5.54690000,0.3657201777390912
5.55080000,0.3643322323984839
5.55470000,0.3629617967977853
5.55860000,0.3616107841401497
5.56250000,0.3602757896266801
5.56640000,0.3589439393549363
5.57030000,0.3575950328229409
5.57420000,0.3562114520101862
5.57810000,0.3547887782501410
5.58200000,0.3533372843312561
5.58590000,0.3518727332074728
5.58980000,0.3504055889602286
5.59380000,0.3488944175646707
5.59770000,0.3474230251468443
5.60160000,0.3459466491469244
5.60550000,0.3444656915254091
5.60940000,0.3429785839033286
5.61330000,0.3414788224897526
5.61720000,0.3399564410532986
5.62110000,0.3384012246781390
5.62500000,0.3368044505485077
5.62890000,0.3351607243807083
5.63280000,0.3334718637116216
5.63670000,0.3317510490002133
5.64060000,0.3300225940735441
5.64450000,0.3283144091037745
5.64840000,0.3266467142031759
5.65230000,0.3250258032071369
5.65630000,0.3234018883626006
5.66020000,0.3218623029818625
5.66410000,0.3203599183106401
5.66800000,0.3188949067408750
5.67190000,0.3174646094976635
5.67580000,0.3160636131572667
5.67970000,0.3146877477126155
5.68360000,0.3133372811998197
5.68750000,0.3120158675756723
5.69140000,0.3107268929831576
5.69530000,0.3094705680674573
5.69920000,0.3082432967024563
5.70310000,0.3070383837822506
5.70700000,0.3058464560701514
5.71090000,0.3046561126016919
5.71480000,0.3034566028146330
5.71880000,0.3022050503292328
5.72270000,0.3009751760967019
5.72660000,0.2997336876152826
5.73050000,0.2984818476457086
5.73440000,0.2972162130909705
5.73830000,0.2959314661623232
5.74220000,0.2946250245887921
5.74610000,0.2932976728906804
5.75000000,0.2919494495370735
5.75390000,0.2905764140603471
5.75780000,0.2891731721501728
5.76170000,0.2877393031655257
5.76560000,0.2862837981786914
5.76950000,0.2848235870037718
5.77340000,0.2833775889221928
5.77730000,0.2819608207967110
5.78130000,0.2805403324755998
5.78520000,0.2791984571159450
5.78910000,0.2778883565477155
5.79300000,0.2766028574110628
5.79690000,0.2753404104185019
5.80080000,0.2741083041109199
5.80470000,0.2729180929070809
5.80860000,0.2717763766846334
5.81250000,0.2706788132466144
5.81640000,0.2696120886599562
5.82030000,0.2685606699689919
5.82420000,0.2675115110524601
5.82810000,0.2664539952350118
5.83200000,0.2653778884307135
5.83590000,0.2642728226465537
5.83980000,0.2631300941554480
5.84380000,0.2619085793317479
5.84770000,0.2606793926417362
5.85160000,0.2594093874601464
5.85550000,0.2581039776286610
5.85940000,0.2567688256719187
5.86330000,0.2554065333940214
5.86720000,0.2540148437055406
5.87110000,0.2525896630845254
5.87500000,0.2511325220815062
5.87890000,0.2496574428100049
5.88280000,0.2481904798385400
5.88670000,0.2467600597931343
5.89060000,0.2453845089233233
5.89450000,0.2440663716406593
5.89840000,0.2427973268002206
5.90230000,0.2415677524506163
5.90630000,0.2403361526452822
5.91020000,0.2391739273598350
5.91410000,0.2380453960148032
5.91800000,0.2369516683064846
5.92190000,0.2358925722542377
5.92580000,0.2348627709119879
5.92970000,0.2338486442597328
5.93360000,0.2328308908155477
5.93750000,0.2317926959320898
5.94140000,0.2307259680136043
5.94530000,0.2296295977314292
5.94920000,0.2285027435695003
5.95310000,0.2273412928668581
5.95700000,0.2261406164656514
5.96090000,0.2249000641436443
5.96480000,0.2236232132977218
5.96880000,0.2222748255075539
5.97270000,0.2209354593999716
5.97660000,0.2195696278704177
5.98050000,0.2181882923013249
5.98440000,0.2168106971482781
5.98830000,0.2154578850395225
5.99220000,0.2141438972059695
5.99610000,0.2128723493007046
6.00000000,0.2116397408024922
6.00390000,0.2104404669447827
6.00780000,0.2092694585867187
6.01170000,0.2081230812996402
6.01560000,0.2070001492305920
6.01950000,0.2059023650808275
6.02340000,0.2048314315513154
6.02730000,0.2037831977157448
6.03130000,0.2027118038567811
6.03520000,0.2016621600470708
6.03910000,0.2005844085032461
6.04300000,0.1994684107644326
6.04690000,0.1983098819965016
6.05080000,0.1971053025450779
6.05470000,0.1958498519495443
6.05860000,0.1945402018500494
6.06250000,0.1931777488730111
6.06640000,0.1917677920626254
6.07030000,0.1903167208443713
6.07420000,0.1888327993345190
6.07810000,0.1873304704776368
6.08200000,0.1858309873200975
6.08590000,0.1843547420805861
6.08980000,0.1829116440116068
6.09380000,0.1814578819956233
6.09770000,0.1800716288085369
6.10160000,0.1787108715054845
6.10550000,0.1773812152008203
6.10940000,0.1760871363682509
6.11330000,0.1748257274943444
6.11720000,0.1735863910065355
6.12110000,0.1723543973601333
6.12500000,0.1711136779453253
6.12890000,0.1698482215406847
6.13280000,0.1685448289611767
6.13670000,0.1671972832891641
6.14060000,0.1658079950114151
6.14450000,0.1643841761191080
6.14840000,0.1629314317253390
6.15230000,0.1614512541006290
6.15630000,0.1599013076393257
6.16020000,0.1583796355815327
6.16410000,0.1568610997419825
6.16800000,0.1553683496179679
6.17190000,0.1539189653892420
6.17580000,0.1525214407230268
6.17970000,0.1511770574650192
6.18360000,0.1498834054673995
6.18750000,0.1486361233733357
6.19140000,0.1474292238184916
6.19530000,0.1462558394815323
6.19920000,0.1451088543576302
6.20310000,0.1439789908084715
6.20700000,0.1428512706047608
6.21090000,0.1417053018687273
6.21480000,0.1405229117446306
6.21880000,0.1392609464073447
6.22270000,0.1380014481365515
6.22660000,0.1367204882547138
6.23050000,0.1354249152922723
6.23440000,0.1341120704182270
6.23830000,0.1327764636356451
6.24220000,0.1314184203156670
6.24610000,0.1300473714715135
6.25000000,0.1286793669234916
6.25390000,0.1273325798665013
6.25780000,0.1260228688260428
6.26170000,0.1247592057077225
6.26560000,0.1235402324872604
6.26950000,0.1223555237574947
6.27340000,0.1211925116073892
6.27730000,0.1200442521990385
6.28130000,0.1188762714128798
6.28520000,0.1177590292308770
6.28910000,0.1166513753382574
6.29300000,0.1155377193636980
6.29690000,0.1144011127415341
6.30080000,0.1132332916992668
6.30470000,0.1120376614595669
6.30860000,0.1108236912967832
6.31250000,0.1095993966434456
6.31640000,0.1083686800897728
6.32030000,0.1071339138661779
6.32420000,0.1058992683762741
6.32810000,0.1046713243408821
6.33200000,0.1034578293805344
6.33590000,0.1022669710944824
6.33980000,0.1011060953842022
6.34380000,0.0999430307703767
6.34770000,0.0988402077829971
6.35160000,0.0977483914292240
6.35550000,0.0966526034849908
6.35940000,0.0955453262314830
6.36330000,0.0944270954696448
6.36720000,0.0932993269576844
6.37110000,0.0921569515535803
6.37500000,0.0909886830280855
6.37890000,0.0897840194617345
6.38280000,0.0885393072963480
6.38670000,0.0872580474070396
6.39060000,0.0859479109002227
6.39450000,0.0846187879046150
6.39840000,0.0832823858517460
6.40230000,0.0819508712814628
6.40630000,0.0805947642939875
6.41020000,0.0792988691782254
6.41410000,0.0780268768035664
6.41800000,0.0767813889611963
6.42190000,0.0755644909461504
6.42580000,0.0743744995423209
6.42970000,0.0732033231514621
6.43360000,0.0720384895201976
6.43750000,0.0708683298345246
6.44140000,0.0696849055333204
6.44530000,0.0684823249123483
6.44920000,0.0672536058862632
6.45310000,0.0659910203196185
6.45700000,0.0646908764018707
6.46090000,0.0633580905978865
6.46480000,0.0620052120434487
6.46880000,0.0606057521396999
6.47270000,0.0592509476374046
6.47660000,0.0579066772680700
6.48050000,0.0565778574987119
6.48440000,0.0552687735232946
6.48830000,0.0539817593272386
6.49220000,0.0527163368599269
6.49610000,0.0514701151212122
6.50000000,0.0502394023054210
6.50390000,0.0490175224053616
6.50780000,0.0477929213918296
6.51170000,0.0465513862356137
6.51560000,0.0452826063260029
6.51950000,0.0439857592847909
6.52340000,0.0426685927502837
6.52730000,0.0413407290523052
6.53130000,0.0399679697389000
6.53520000,0.0386319116450578
6.53910000,0.0372962138158911
6.54300000,0.0359692742953631
6.54690000,0.0346616527614866
6.55080000,0.0333801595108324
6.55470000,0.0321250051630347
6.55860000,0.0308919431647987
6.56250000,0.0296755600639051
6.56640000,0.0284700980777175
6.57030000,0.0272689768556878
6.57420000,0.0260656734363622
6.57810000,0.0248555395498882
6.58200000,0.0236354190280186
6.58590000,0.0224001662351192
6.58980000,0.0211396427366736
6.59380000,0.0198018169468715
6.59770000,0.0184554587137916
6.60160000,0.0170613914768905
6.60550000,0.0156262342461897
6.60940000,0.0141571799173601
6.61330000,0.0126583989257309
6.61720000,0.0111336599877956
6.62110000,0.0095911698647212
6.62500000,0.0080447976503529
6.62890000,0.0065111288282235
6.63280000,0.0050074566740601
6.63670000,0.0035538099827915
6.64060000,0.0021755546805566
6.64450000,0.0009013469682096
6.64840000,-0.0002439063346722
6.65230000,-0.0012464126472824
6.65630000,-0.0021348570335098
6.66020000,-0.0028699461062126
6.66410000,-0.0035105321492959
6.66800000,-0.0041014162374856
6.67190000,-0.0046950703742565
6.67580000,-0.0053402936983280
6.67970000,-0.0060708495606616
6.68360000,-0.0069009700919562
6.68750000,-0.0078289908076456
6.69140000,-0.0088439311558934
6.69530000,-0.0099292630290888
6.69920000,-0.0110641159223414
6.70310000,-0.0122260507109750
6.70700000,-0.0133967602415236
6.71090000,-0.0145670238722242
6.71480000,-0.0157366500845123
6.71880000,-0.0169454470135575
6.72270000,-0.0181258110410870
6.72660000,-0.0193165938256378
6.73050000,-0.0205220418893772
6.73440000,-0.0217469565091422
6.73830000,-0.0229932504064318
6.74220000,-0.0242581878334018
6.74610000,-0.0255373687748574
6.75000000,-0.0268288417907489
6.75390000,-0.0281327596851643
6.75780000,-0.0294469032033227
6.76170000,-0.0307643472325690
6.76560000,-0.0320770954073653
6.76950000,-0.0333817615707869
6.77340000,-0.0346804306020150
6.77730000,-0.0359756656168299
6.78130000,-0.0373044937335015
6.78520000,-0.0385845004086945
6.78910000,-0.0398511823988463
6.79300000,-0.0411062993770700
6.79690000,-0.0423548056420466
6.80080000,-0.0436011772540187
6.80470000,-0.0448482260057843
6.80860000,-0.0460986297826890
6.81250000,-0.0473555447066229
6.81640000,-0.0486205008910119
6.82030000,-0.0498912790663130
6.82420000,-0.0511632687745071
6.82810000,-0.0524335046935924
6.83200000,-0.0537024648105802
6.83590000,-0.0549711244784864
6.83980000,-0.0562369774803268
6.84380000,-0.0575320896741022
6.84770000,-0.0587758580828218
6.85160000,-0.0600055326569546
6.85550000,-0.0612235425864499
6.85940000,-0.0624316666572264
6.86330000,-0.0636297133156644
6.86720000,-0.0648177396906009
6.87110000,-0.0659984427808225
6.87500000,-0.0671761264620611
6.87890000,-0.0683532773064866
6.88280000,-0.0695292255177018
6.88670000,-0.0707026700247367
6.89060000,-0.0718746626840416
6.89450000,-0.0730479770059829
6.89840000,-0.0742234544203359
6.90230000,-0.0753979956787801
6.90630000,-0.0766027597895677
6.91020000,-0.0777650406053158
6.91410000,-0.0789224055145557
6.91800000,-0.0800766524165221
6.92190000,-0.0812266906548249
6.92580000,-0.0823704348379429
6.92970000,-0.0835084968327183
6.93360000,-0.0846444153183497
6.93750000,-0.0857808107568884
6.94140000,-0.0869163629322315
6.94530000,-0.0880479534541167
6.94920000,-0.0891758498526169
6.95310000,-0.0903055420101331
6.95700000,-0.0914435719303910
6.96090000,-0.0925921200899335
6.96480000,-0.0937485080711167
6.96880000,-0.0949447262048683
6.97270000,-0.0961092750681190
6.97660000,-0.0972782960908932
6.98050000,-0.0984507177287375
6.98440000,-0.0996227137879828
6.98830000,-0.1007894250807375
6.99220000,-0.1019441751153820
6.99610000,-0.1030724443040617
7.00000000,-0.1041456528751836
7.00390000,-0.1051226338449088
7.00780000,-0.1059613976596483
7.01170000,-0.1066345697025580
7.01560000,-0.1071381994282834
7.01950000,-0.1074895987294576
7.02340000,-0.1077184122860976
7.02730000,-0.1078577797366027
7.03130000,-0.1079461920639976
7.03520000,-0.1079929119169944
7.03910000,-0.1080214878410356
7.04300000,-0.1080394261307302
7.04690000,-0.1080495825066693
7.05080000,-0.1080541928923701
7.05470000,-0.1080557667619256
7.05860000,-0.1080555893001537
7.06250000,-0.1080534669802472
7.06640000,-0.1080500977088232
7.07030000,-0.1080492018522224
7.07420000,-0.1080558445793583
7.07810000,-0.1080719366033176
7.08200000,-0.1080941261104586
7.08590000,-0.1081169455631621
7.08980000,-0.1081377471108291
7.09380000,-0.1081641112419079
7.09770000,-0.1081862245991870
7.10160000,-0.1082102080877037
7.10550000,-0.1082340566029374
7.10940000,-0.1082566775162357
7.11330000,-0.1082789007124134
7.11720000,-0.1083011505296024
7.12110000,-0.1083212095207003
7.12500000,-0.1083354771744709
7.12890000,-0.1083425700874431
7.13280000,-0.1083450149246598
7.13670000,-0.1083471556523784
7.14060000,-0.1083521693360695
7.14450000,-0.1083618098051167
7.14840000,-0.1083786094582662
7.15230000,-0.1084068299997760
7.15630000,-0.1084566290978645
7.16020000,-0.1085141042959679
7.16410000,-0.1085819942657407
7.16800000,-0.1086570158784459
7.17190000,-0.1087391094395823
7.17580000,-0.1088292432726860
7.17970000,-0.1089254886137431
7.18360000,-0.1090225850654661
7.18750000,-0.1091157030256129
7.19140000,-0.1092038248261102
7.19530000,-0.1092887584734212
7.19920000,-0.1093714646697681
7.20310000,-0.1094506906607586
7.20700000,-0.1095255699535649
7.21090000,-0.1095985374805574
7.21480000,-0.1096745070690626
7.21880000,-0.1097647589350759
7.22270000,-0.1098541015184296
7.22660000,-0.1099489861345685
7.23050000,-0.1100492842415711
7.23440000,-0.1101551154058251
7.23830000,-0.1102639222101819
7.24220000,-0.1103698217639055
7.24610000,-0.1104667064033259
7.25000000,-0.1105519181053287
7.25390000,-0.1106262335089546
7.25780000,-0.1106901614389332
7.26170000,-0.1107412613706311
7.26560000,-0.1107760377670474
7.26950000,-0.1107943071714973
7.27340000,-0.1108010421001174
7.27730000,-0.1108038920499589
7.28130000,-0.1108152386432729
7.28520000,-0.1108285899586995
7.28910000,-0.1108547436932572
7.29300000,-0.1108993702006626
7.29690000,-0.1109654748261517
7.30080000,-0.1110499374181883
7.30470000,-0.1111446836660068
7.30860000,-0.1112420325983009
7.31250000,-0.1113383901453411
7.31640000,-0.1114326006734413
7.32030000,-0.1115222010462678
7.32420000,-0.1116030717027580
7.32810000,-0.1116728902970498
7.33200000,-0.1117335272857659
7.33590000,-0.1117889347963926
7.33980000,-0.1118410379932693
7.34380000,-0.1118958004871807
7.34770000,-0.1119398923906841
7.35160000,-0.1119844394074814
7.35550000,-0.1120355225804720
7.35940000,-0.1120956086234944
7.36330000,-0.1121615845564960
7.36720000,-0.1122282211015070
7.37110000,-0.1122925286610848
7.37500000,-0.1123539455525930
7.37890000,-0.1124111301823462
7.38280000,-0.1124604855872736
7.38670000,-0.1124988123139784
7.39060000,-0.1125267345121872
7.39450000,-0.1125485652630693
7.39840000,-0.1125687670478514
7.40230000,-0.1125891509977214
7.40630000,-0.1126159064818977
7.41020000,-0.1126379829594503
7.41410000,-0.1126635975239175
7.41800000,-0.1126931380663274
7.42190000,-0.1127234879519666
7.42580000,-0.1127505281589792
7.42970000,-0.1127737780950673
7.43360000,-0.1127976925775890
7.43750000,-0.1128277536767088
7.44140000,-0.1128658092388368
7.44530000,-0.1129097197560574
7.44920000,-0.1129567129152497
7.45310000,-0.1130056565652759
7.45700000,-0.1130558566192014
7.46090000,-0.1131050343009633
7.46480000,-0.1131499798003854
7.46880000,-0.1131958373493038
7.47270000,-0.1132310670039387
7.47660000,-0.1132643182830057
7.48050000,-0.1132952215277919
7.48440000,-0.1133211976209824
7.48830000,-0.1133412322370098
7.49220000,-0.1133584449339033
7.49610000,-0.1133779256068385
7.50000000,-0.1134022926182365
7.50390000,-0.1134302867795133
7.50780000,-0.1134597708566794
7.51170000,-0.1134907654219893
7.51560000,-0.1135243202134403
7.51950000,-0.1135588010988228
7.52340000,-0.1135888513438685
7.52730000,-0.1136088406611011
7.53130000,-0.1136223083192435
7.53520000,-0.1136186774759313
7.53910000,-0.1136041138775175
7.54300000,-0.1135772913685848
7.54690000,-0.1135376700148049
7.55080000,-0.1134882373602874
7.55470000,-0.1134340545855802
7.55860000,-0.1133776616017687
7.56250000,-0.1133168121176760
7.56640000,-0.1132475400987121
7.57030000,-0.1131688082353745
7.57420000,-0.1130830971318475
7.57810000,-0.1129930117327018
7.58200000,-0.1128990336066451
7.58590000,-0.1128013382490214
7.58980000,-0.1127028366723114
7.59380000,-0.1126118850756855
7.59770000,-0.1125256728836908
7.60160000,-0.1124453769914203
7.60550000,-0.1123658778418000
7.60940000,-0.1122843801106421
7.61330000,-0.1122029473653949
7.61720000,-0.1121255446444425
7.62110000,-0.1120539141369046
7.62500000,-0.1119872251127868
7.62890000,-0.1119250256048300
7.63280000,-0.1118690214520104
7.63670000,-0.1118211671754394
7.64060000,-0.1117804943072630
7.64450000,-0.1117430826964120
7.64840000,-0.1117056530287013
7.65230000,-0.1116681397445802
7.65630000,-0.1116364698987533
7.66020000,-0.1116008193714919
7.66410000,-0.1115625375254175
7.66800000,-0.1115193110792616
7.67190000,-0.1114723408395382
7.67580000,-0.1114246334361937
7.67970000,-0.1113771256859060
7.68360000,-0.1113276362954845
7.68750000,-0.1112739418854701
7.69140000,-0.1112169142281347
7.69530000,-0.1111595962926310
7.69920000,-0.1111034126910419
7.70310000,-0.1110465704521810
7.70700000,-0.1109866606335918
7.71090000,-0.1109237171285980
7.71480000,-0.1108597097345528
7.71880000,-0.1107993060697002
7.72270000,-0.1107333376082291
7.72660000,-0.1106641898162921
7.73050000,-0.1105934212015090
7.73440000,-0.1105245969546783
7.73830000,-0.1104590441137272
7.74220000,-0.1103935235035612
7.74610000,-0.1103229633416140
7.75000000,-0.1102450790120975
7.75390000,-0.1101615246619010
7.75780000,-0.1100749912554421
7.76170000,-0.1099866279180656
7.76560000,-0.1098972030966939
7.76950000,-0.1098099376387771
7.77340000,-0.1097302293274924
7.77730000,-0.1096614826507444
7.78130000,-0.1096056362935742
7.78520000,-0.1095491909655714
7.78910000,-0.1094916769449811
7.79300000,-0.1094325561242652
7.79690000,-0.1093731880409119
7.80080000,-0.1093136371638855
7.80470000,-0.1092523840381764
7.80860000,-0.1091888235975005
7.81250000,-0.1091245430148994
7.81640000,-0.1090610950289397
7.82030000,-0.1089970921726632
7.82420000,-0.1089290236032366
7.82810000,-0.1088555554135515
7.83200000,-0.1087801838938739
7.83590000,-0.1087087850428940
7.83980000,-0.1086447384581767
7.84380000,-0.1085911441163432
7.84770000,-0.1085378978853908
7.85160000,-0.1084886391910885
7.85550000,-0.1084441020156460
7.85940000,-0.1084027630588960
7.86330000,-0.1083600210827444
7.86720000,-0.1083113953635696
7.87110000,-0.1082558408345724
7.87500000,-0.1081952641094254
7.87890000,-0.1081311834715734
7.88280000,-0.1080630206098826
7.88670000,-0.1079902278190407
7.89060000,-0.1079151593375067
7.89450000,-0.1078423979891108
7.89840000,-0.1077745906909039
7.90230000,-0.1077095369432581
7.90630000,-0.1076458302855145
7.91020000,-0.1075723230159392
7.91410000,-0.1074915837812139
7.91800000,-0.1074028066167421
7.92190000,-0.1073035710267473
7.92580000,-0.1071914392975234
7.92970000,-0.1070671855570336
7.93360000,-0.1069352453181615
7.93750000,-0.1068004309435607
7.94140000,-0.1066650201357548
7.94530000,-0.1065300261359379
7.94920000,-0.1063986525116744
7.95310000,-0.1062766585303494
7.95700000,-0.1061683228346686
7.96090000,-0.1060725429376084
7.96480000,-0.1059839447334159
7.96880000,-0.1059012068221133
7.97270000,-0.1058174646619806
7.97660000,-0.1057373346470811
7.98050000,-0.1056599304468443
7.98440000,-0.1055813432683201
7.98830000,-0.1054979646503286
7.99220000,-0.1054092009395101
7.99610000,-0.1053160557943745
8.00000000,-0.1052176945271020
8.00390000,-0.1051109620401428
8.00780000,-0.1049938318750668
8.01170000,-0.1048681991195636
8.01560000,-0.1047381625783429
8.01950000,-0.1046058679327844
8.02340000,-0.1044703331896381
8.02730000,-0.1043308977298738
8.03130000,-0.1041924729479433
8.03520000,-0.1040570312582347
8.03910000,-0.1039294993560412
8.04300000,-0.1038081147576151
8.04690000,-0.1036888844781299
8.05080000,-0.1035698815173797
8.05470000,-0.1034520712541799
8.05860000,-0.1033361761213171
8.06250000,-0.1032201084266489
8.06640000,-0.1031006556620544
8.07030000,-0.1029772490149337
8.07420000,-0.1028527017669085
8.07810000,-0.1027297870262716
8.08200000,-0.1026082305705879
8.08590000,-0.1024862565102931
8.08980000,-0.1023643921462454
8.09380000,-0.1022483215484006
8.09770000,-0.1021357457602074
8.10160000,-0.1020269198967655
8.10550000,-0.1019167242250204
8.10940000,-0.1018017874468392
8.11330000,-0.1016829888376109
8.11720000,-0.1015628566342469
8.12110000,-0.1014417478740307
8.12500000,-0.1013181028169677
8.12890000,-0.1011921025061856
8.13280000,-0.1010673215567347
8.13670000,-0.1009478453399372
8.14060000,-0.1008344402574885
8.14450000,-0.1007245556544061
8.14840000,-0.1006159622499300
8.15230000,-0.1005092121912232
8.15630000,-0.1004084489332221
8.16020000,-0.1003072543394831
8.16410000,-0.1002049780094881
8.16800000,-0.1000996775980906
8.17190000,-0.0999930166695170
8.17580000,-0.0998877950789157
8.17970000,-0.0997837366564585
8.18360000,-0.0996769574072396
8.18750000,-0.0995639616638259
8.19140000,-0.0994450987869069
8.19530000,-0.0993232910535449
8.19920000,-0.0992000202880750
8.20310000,-0.0990738491517553
8.20700000,-0.0989430973598166
8.21090000,-0.0988087015417131
8.21480000,-0.0986733410229718
8.21880000,-0.0985398423914360
8.22270000,-0.0984021524200443
8.22660000,-0.0982588758132371
8.23050000,-0.0981093557062356
8.23440000,-0.0979556650125352
8.23830000,-0.0977990674664053
8.24220000,-0.0976375766986898
8.24610000,-0.0974681542163572
8.25000000,-0.0972908126802507
8.25390000,-0.0971093791721389
8.25780000,-0.0969279619760659
8.26170000,-0.0967475053554015
8.26560000,-0.0965665987306918
8.26950000,-0.0963851916285595
8.27340000,-0.0962061565618540
8.27730000,-0.0960325018615023
8.28130000,-0.0958648502348625
8.28520000,-0.0956979368484592
8.28910000,-0.0955303662446568
8.29300000,-0.0953628837290442
8.29690000,-0.0951969500491394
8.30080000,-0.0950309116684891
8.30470000,-0.0948601021530196
8.30860000,-0.0946811424826366
8.31250000,-0.0944950170748261
8.31640000,-0.0943049044993541
8.32030000,-0.0941116973493676
8.32420000,-0.0939132389743445
8.32810000,-0.0937080690361942
8.33200000,-0.0934983656263580
8.33590000,-0.0932881547446095
8.33980000,-0.0930793160594554
8.34380000,-0.0928706964886672
8.34770000,-0.0926615870109552
8.35160000,-0.0924538703930090
8.35550000,-0.0922500097476216
8.35940000,-0.0920484643818708
8.36330000,-0.0918429533113703
8.36720000,-0.0916272357223199
8.37110000,-0.0914003677581064
8.37500000,-0.0911667694725530
8.37890000,-0.0909315572319215
8.38280000,-0.0906969263264611
8.38670000,-0.0904632662202606
8.39060000,-0.0902323475259479
8.39450000,-0.0900076299896412
8.39840000,-0.0897910487349491
8.40230000,-0.0895808181963713
8.40630000,-0.0893735894940518
8.41020000,-0.0891685592688199
8.41410000,-0.0889676870743544
8.41800000,-0.0887721925841750
8.42190000,-0.0885796245193945
8.42580000,-0.0883857468174204
8.42970000,-0.0881889039838541
8.43360000,-0.0879913811999424
8.43750000,-0.0877961446557767
8.44140000,-0.0876031476438447
8.44530000,-0.0874098948792798
8.44920000,-0.0872154386524119
8.45310000,-0.0870225251586682
8.45700000,-0.0868350005383731
8.46090000,-0.0866537305543985
8.46480000,-0.0864760420107647
8.46880000,-0.0862996689108180
8.47270000,-0.0861224799360708
8.47660000,-0.0859452678942174
8.48050000,-0.0857658148659741
8.48440000,-0.0855800645857571
8.48830000,-0.0853864916194826
8.49220000,-0.0851887794945678
8.49610000,-0.0849928862346305
8.50000000,-0.0848017206196402
8.50390000,-0.0846135965223184
8.50780000,-0.0844256685663383
8.51170000,-0.0842375437759263
8.51560000,-0.0840507402110117
8.51950000,-0.0838655038184270
8.52340000,-0.0836799055195088
8.52730000,-0.0834925097753478
8.53130000,-0.0833050600479147
8.53520000,-0.0831192758915090
8.53910000,-0.0829357740378617
8.54300000,-0.0827515101517342
8.54690000,-0.0825632849475936
8.55080000,-0.0823710019434643
8.55470000,-0.0821769214104268
8.55860000,-0.0819816871754691
8.56250000,-0.0817823256757872
8.56640000,-0.0815753047658348
8.57030000,-0.0813610616699747
8.57420000,-0.0811441789738783
8.57810000,-0.0809288585848268
8.58200000,-0.0807152373900112
8.58590000,-0.0805006574553333
8.58980000,-0.0802836105283061
8.59380000,-0.0800647184897610
8.59770000,-0.0798457594029707
8.60160000,-0.0796250232600414
8.60550000,-0.0794006689498356
8.60940000,-0.0791742527590796
8.61330000,-0.0789514744228639
8.61720000,-0.0787379705475938
8.62110000,-0.0785347388345903
8.62500000,-0.0783385072794398
8.62890000,-0.0781462755152956
8.63280000,-0.0779583793587773
8.63670000,-0.0777767270700721
8.64060000,-0.0776010576227348
8.64450000,-0.0774282156956378
8.64840000,-0.0772551397008722
8.65230000,-0.0770814691345973
8.65630000,-0.0769089831666354
8.66020000,-0.0767351232300974
8.66410000,-0.0765568325545443
8.66800000,-0.0763710648490134
8.67190000,-0.0761786226766125
8.67580000,-0.0759826060520700
8.67970000,-0.0757841905610856
8.68360000,-0.0755813839428302
8.68750000,-0.0753725038330472
8.69140000,-0.0751598410633021
8.69530000,-0.0749484162434831
8.69920000,-0.0747410022659023
8.70310000,-0.0745355819947453
8.70700000,-0.0743282616889227
8.71090000,-0.0741177434791695
8.71480000,-0.0739055836162964
8.71880000,-0.0736918714343977
8.72270000,-0.0734741568298196
8.72660000,-0.0732486133253603
8.73050000,-0.0730156436576869
8.73440000,-0.0727796620182943
8.73830000,-0.0725447133980063
8.74220000,-0.0723111354892258
8.74610000,-0.0720773262517354
8.75000000,-0.0718438318868483
8.75390000,-0.0716139149835585
8.75780000,-0.0713896119285918
8.76170000,-0.0711685861036560
8.76560000,-0.0709463335167919
8.76950000,-0.0707213248119734
8.77340000,-0.0704966504061083
8.77730000,-0.0702760587695890
8.78130000,-0.0700591054672455
8.78520000,-0.0698435336524850
8.78910000,-0.0696276076462592
8.79300000,-0.0694141003092034
8.79690000,-0.0692066395892902
8.80080000,-0.0690049777964798
8.80470000,-0.0688047161379204
8.80860000,-0.0686017121547488
8.81250000,-0.0683956990234910
8.81640000,-0.0681888278881622
8.82030000,-0.0679815263235177
8.82420000,-0.0677713926499536
8.82810000,-0.0675564441226065
8.83200000,-0.0673380896556544
8.83590000,-0.0671195573774175
8.83980000,-0.0669017779619584
8.84380000,-0.0666817573304082
8.84770000,-0.0664580145936657
8.85160000,-0.0662311768845996
8.85550000,-0.0660051131632477
8.85940000,-0.0657822175038933
8.86330000,-0.0655613775421659
8.86720000,-0.0653405741740909
8.87110000,-0.0651203439955906
8.87500000,-0.0649032819354850
8.87890000,-0.0646902402238421
8.88280000,-0.0644784097031283
8.88670000,-0.0642639233531592
8.89060000,-0.0640456515839000
8.89450000,-0.0638252404944658
8.89840000,-0.0636033835335728
8.90230000,-0.0633775049170879
8.90630000,-0.0631433626183698
8.91020000,-0.0629026946764599
8.91410000,-0.0626582776756723
8.91800000,-0.0624134124090847
8.92190000,-0.0621678645368790
8.92580000,-0.0619193930333920
8.92970000,-0.0616675894777659
8.93360000,-0.0614148536584494
8.93750000,-0.0611633883287481
8.94140000,-0.0609123986480249
8.94530000,-0.0606592667330013
8.94920000,-0.0604032053922576
8.95310000,-0.0601466794480839
8.95700000,-0.0598926549143804
8.96090000,-0.0596412838543091
8.96480000,-0.0593907422523933
8.96880000,-0.0591400414843976
8.97270000,-0.0588959286815131
8.97660000,-0.0586613998917816
8.98050000,-0.0584362111912807
8.98440000,-0.0582156289611529
8.98830000,-0.0579953786892566
8.99220000,-0.0577755014773658
8.99610000,-0.0575585424775220
9.00000000,-0.0573447398227841
9.00390000,-0.0571305478298284
9.00780000,-0.0569123634255500
9.01170000,-0.0566905758622128
9.01560000,-0.0564685949388502
9.01950000,-0.0562481585349157
9.02340000,-0.0560270389832332
9.02730000,-0.0558019545798982
9.03130000,-0.0555718972982825
9.03520000,-0.0553410800950652
9.03910000,-0.0551095202822636
9.04300000,-0.0548739304120132
9.04690000,-0.0546304013264236
9.05080000,-0.0543794561714792
9.05470000,-0.0541261192632397
9.05860000,-0.0538749825897911
9.06250000,-0.0536265903357457
9.06640000,-0.0533792447070435
9.07030000,-0.0531330288648027
9.07420000,-0.0528901474304201
9.07810000,-0.0526510164157721
9.08200000,-0.0524115640507651
9.08590000,-0.0521657176183364
9.08980000,-0.0519104364259046
9.09380000,-0.0516458090132994
9.09770000,-0.0513787561210962
9.10160000,-0.0511092534225413
9.10550000,-0.0508377456148858
9.10940000,-0.0505668409405663
9.11330000,-0.0503019443736550
9.11720000,-0.0500472519025609
9.12110000,-0.0498017601163302
9.12500000,-0.0495603795415475
9.12890000,-0.0493190938684858
9.13280000,-0.0490781775330074
9.13670000,-0.0488400034758654
9.14060000,-0.0486049322131530
9.14450000,-0.0483708049045549
9.14840000,-0.0481362661474977
9.15230000,-0.0479030709948509
9.15630000,-0.0476730904273806
9.16020000,-0.0474477500766858
9.16410000,-0.0472225546234210
9.16800000,-0.0469947713347318
9.17190000,-0.0467660921298597
9.17580000,-0.0465406517639423
9.17970000,-0.0463200273767139
9.18360000,-0.0461016813512061
9.18750000,-0.0458827298252484
9.19140000,-0.0456642066570189
9.19530000,-0.0454505163213445
9.19920000,-0.0452448600462519
9.20310000,-0.0450463281289675
9.20700000,-0.0448518798391686
9.21090000,-0.0446600545419834
9.21480000,-0.0444713695915915
9.21880000,-0.0442854673795002
9.22270000,-0.0440984248740417
9.22660000,-0.0439067280967284
9.23050000,-0.0437104620700499
9.23440000,-0.0435135740612996
9.23830000,-0.0433192901543747
9.24220000,-0.0431265150778766
9.24610000,-0.0429317623716620
9.25000000,-0.0427342237043427
9.25390000,-0.0425374637469865
9.25780000,-0.0423455847083670
9.26170000,-0.0421590561039650
9.26560000,-0.0419754703712177
9.26950000,-0.0417935849328702
9.27340000,-0.0416149768987257
9.27730000,-0.0414414797126453
9.28130000,-0.0412730225197734
9.28520000,-0.0411059657230399
9.28910000,-0.0409404182824073
9.29300000,-0.0407791605470235
9.29690000,-0.0406254874483461
9.30080000,-0.0404793672965432
9.30470000,-0.0403374379545932
9.30860000,-0.0401970087296851
9.31250000,-0.0400590177939192
9.31640000,-0.0399263545271566
9.32030000,-0.0398000986573196
9.32420000,-0.0396784509213424
9.32810000,-0.0395591644246204
9.33200000,-0.0394418803529608
9.33590000,-0.0393272958393327
9.33980000,-0.0392145221799171
9.34380000,-0.0391026004140524
9.34770000,-0.0389851161887526
9.35160000,-0.0388648274027305
9.35550000,-0.0387442044874155
9.35940000,-0.0386241607316993
9.36330000,-0.0385033540551862
9.36720000,-0.0383811406029929
9.37110000,-0.0382604958203989
9.37500000,-0.0381467346892967
9.37890000,-0.0380425858819410
9.38280000,-0.0379452171237001
9.38670000,-0.0378491160957550
9.39060000,-0.0377515117353999
9.39450000,-0.0376537611247921
9.39840000,-0.0375575656758515
9.40230000,-0.0374615220814113
9.40630000,-0.0373647946483416
9.41020000,-0.0372614149171039
9.41410000,-0.0371557695455944
9.41800000,-0.0370499884403483
9.42190000,-0.0369432517377642
9.42580000,-0.0368330351345537
9.42970000,-0.0367192208172916
9.43360000,-0.0366052490583160
9.43750000,-0.0364942311013286
9.44140000,-0.0363848133634940
9.44530000,-0.0362719655708407
9.44920000,-0.0361516043584107
9.45310000,-0.0360232484448595
9.45700000,-0.0358877403090066
9.46090000,-0.0357435981941852
9.46480000,-0.0355872054902928
9.46880000,-0.0354174244955710
9.47270000,-0.0352359284514362
9.47660000,-0.0350476590087596
9.48050000,-0.0348539866131478
9.48440000,-0.0346527484903229
9.48830000,-0.0344422505375236
9.49220000,-0.0342241903111048
9.49610000,-0.0340017746837391
9.50000000,-0.0337759283775162
9.50390000,-0.0335447334695945
9.50780000,-0.0333069568720015
9.51170000,-0.0330651454847337
9.51560000,-0.0328237266364080
9.51950000,-0.0325840573696621
9.52340000,-0.0323427410451550
9.52730000,-0.0320952294264183
9.53130000,-0.0318383308963407
9.53520000,-0.0315767131310303
9.53910000,-0.0313097000401736
9.54300000,-0.0310364009427972
9.54690000,-0.0307564206107539
9.55080000,-0.0304728358189228
9.55470000,-0.0301911795687601
9.55860000,-0.0299146491485506
9.56250000,-0.0296409899378583
9.56640000,-0.0293649879813766
9.57030000,-0.0290836406927801
9.57420000,-0.0287977560809247
9.57810000,-0.0285086280427487
9.58200000,-0.0282148149554737
9.58590000,-0.0279134844804556
9.58980000,-0.0276044288452350
9.59380000,-0.0272880302569180
9.59770000,-0.0269745374539098
9.60160000,-0.0266617826785414
9.60550000,-0.0263491659987532
9.60940000,-0.0260385570997258
9.61330000,-0.0257353187121306
9.61720000,-0.0254444462790309
9.62110000,-0.0251663632917828
9.62500000,-0.0248974129181859
9.62890000,-0.0246342941335345
9.63280000,-0.0243768106297683
9.63670000,-0.0241258258719229
9.64060000,-0.0238799575205308
9.64450000,-0.0236360097583222
9.64840000,-0.0233927915384255
9.65230000,-0.0231531768315176
9.65630000,-0.0229201737413583
9.66020000,-0.0226967839483088
9.66410000,-0.0224787099976801
9.66800000,-0.0222627101542014
9.67190000,-0.0220488693014539
9.67580000,-0.0218391355351216
9.67970000,-0.0216331671485414
9.68360000,-0.0214269782641042
9.68750000,-0.0212162539756047
9.69140000,-0.0210001953777422
9.69530000,-0.0207810661969714
9.69920000,-0.0205603343713526
9.70310000,-0.0203365945868526
9.70700000,-0.0201077777345950
9.71090000,-0.0198744985733606
9.71480000,-0.0196400844238388
9.71880000,-0.0194061108292409
9.72270000,-0.0191747314976966
9.72660000,-0.0189436750275869
9.73050000,-0.0187143806531895
9.73440000,-0.0184910862534431
9.73830000,-0.0182770139296487
9.74220000,-0.0180711313811192
9.74610000,-0.0178694106262808
9.75000000,-0.0176688968473231
9.75390000,-0.0174694740430493
9.75780000,-0.0172714700154777
9.76170000,-0.0170729418937909
9.76560000,-0.0168708525985872
9.76950000,-0.0166648967418807
9.77340000,-0.0164589219489521
9.77730000,-0.0162578451829483
9.78130000,-0.0160635094647306
9.78520000,-0.0158754139415893
9.78910000,-0.0156932533891711
9.79300000,-0.0155193546315959
9.79690000,-0.0153555069528522
9.80080000,-0.0151990080291486
9.80470000,-0.0150430866908630
9.80860000,-0.0148817809450438
9.81250000,-0.0147137466588593
9.81640000,-0.0145407673715488
9.82030000,-0.0143635094583731
9.82420000,-0.0141803054944138
9.82810000,-0.0139903067961746
9.83200000,-0.0137963011969314
9.83590000,-0.0136029148737327
9.83980000,-0.0134123292523501
9.84380000,-0.0132230627433427
9.84770000,-0.0130335315141017
9.85160000,-0.0128446375085347
9.85550000,-0.0126587132707602
9.85940000,-0.0124756045087219
9.86330000,-0.0122916485788892
9.86720000,-0.0121031904883577
9.87110000,-0.0119103934912496
9.87500000,-0.0117166613778140
9.87890000,-0.0115245830204274
9.88280000,-0.0113335679673943
9.88670000,-0.0111420023375975
9.89060000,-0.0109508298628985
9.89450000,-0.0107635174550381
9.89840000,-0.0105821317451867
9.90230000,-0.0104045844359449
9.90630000,-0.0102269723543133
9.91020000,-0.0100470933062646
9.91410000,-0.0098666528858616
9.91800000,-0.0096873255636793
9.92190000,-0.0095079049064246
9.92580000,-0.0093252696166867
9.92970000,-0.0091381673480380
9.93360000,-0.0089488655808838
9.93750000,-0.0087604639277136
9.94140000,-0.0085732843964506
9.94530000,-0.0083849345178029
9.94920000,-0.0081938692581631
9.95310000,-0.0080015526531095
9.95700000,-0.0078102540890066
9.96090000,-0.0076194462181549
9.96480000,-0.0074256461839416
9.96880000,-0.0072258516242994
9.97270000,-0.0070222853196243
9.97660000,-0.0068191892471749
9.98050000,-0.0066216524746402
9.98440000,-0.0064357836708985
9.98830000,-0.0062728302612526
9.99220000,-0.0061516321683956
9.99610000,-0.0060950346485705
10.00000000,-0.0061216354426811
