Velocity, Vel [m/s]
2561,0
0.00000000,-0.0164303709450514
0.00390630,-0.0164400671707617
0.00781250,-0.0164218487743379
0.01171900,-0.0163835509578641
0.01562500,-0.0163313902019448
0.01953100,-0.0162675822141191
0.02343800,-0.0161927103666761
0.02734400,-0.0161092217246529
0.03125000,-0.0160217113103163
0.03515600,-0.0159339580611295
0.03906300,-0.0158469623775231
0.04296900,-0.0157602406870421
0.04687500,-0.0156745477725786
0.05078100,-0.0155922919607901
0.05468800,-0.0155151501421862
0.05859400,-0.0154419954872223
0.06250000,-0.0153703901995923
0.06640600,-0.0152997085593703
0.07031300,-0.0152317675982543
0.07421900,-0.0151680879950389
0.07812500,-0.0151077139094281
0.08203100,-0.0150483924534612
0.08593800,-0.0149898212007819
0.08984400,-0.0149344226435363
0.09375000,-0.0148845792877632
0.09765600,-0.0148395253615386
0.10156000,-0.0147958374146510
0.10547000,-0.0147509717282697
0.10938000,-0.0147046614289001
0.11328000,-0.0146575997446341
0.11719000,-0.0146096786926734
0.12109000,-0.0145586563421923
0.12500000,-0.0145041462111020
0.12891000,-0.0144477463847159
0.13281000,-0.0143918748324608
0.13672000,-0.0143373840042350
0.14063000,-0.0142822850221902
0.14453000,-0.0142252048950119
0.14844000,-0.0141680944932143
0.15234000,-0.0141134427332621
0.15625000,-0.0140624200539463
0.16016000,-0.0140128663084881
0.16406000,-0.0139622210177569
0.16797000,-0.0139102269293811
0.17188000,-0.0138569466144565
0.17578000,-0.0138010786640449
0.17969000,-0.0137405147151026
0.18359000,-0.0136742141458864
0.18750000,-0.0136057751361030
0.19141000,-0.0135404790436814
0.19531000,-0.0134814641686852
0.19922000,-0.0134282483557569
0.20313000,-0.0133778626874409
0.20703000,-0.0133285182777468
0.21094000,-0.0132804888472621
0.21484000,-0.0132324588265831
0.21875000,-0.0131819626509186
0.22266000,-0.0131260504671512
0.22656000,-0.0130646338871351
0.23047000,-0.0130007206616961
0.23438000,-0.0129364168123213
0.23828000,-0.0128714300614352
0.24219000,-0.0128050308784513
0.24609000,-0.0127377102904147
0.25000000,-0.0126725603589740
0.25391000,-0.0126116787042363
0.25781000,-0.0125544886340653
0.26172000,-0.0124993149164687
0.26563000,-0.0124452966331414
0.26953000,-0.0123938591869276
0.27344000,-0.0123467949269085
0.27734000,-0.0123021254167250
0.28125000,-0.0122563934085449
0.28516000,-0.0122068738012727
0.28906000,-0.0121542897898417
0.29297000,-0.0121014236902522
0.29688000,-0.0120486741963129
0.30078000,-0.0119941414908739
0.30469000,-0.0119369696423363
0.30859000,-0.0118783161235924
0.31250000,-0.0118214734421740
0.31641000,-0.0117674500526156
0.32031000,-0.0117142633330962
0.32422000,-0.0116598808459874
0.32813000,-0.0116039221454762
0.33203000,-0.0115476749472159
0.33594000,-0.0114915190690738
0.33984000,-0.0114323525309957
0.34375000,-0.0113673597652414
0.34766000,-0.0112960345686234
0.35156000,-0.0112207467673009
0.35547000,-0.0111440160462320
0.35938000,-0.0110656463524908
0.36328000,-0.0109846217375956
0.36719000,-0.0109022074233090
0.37109000,-0.0108213021354705
0.37500000,-0.0107446704579690
0.37891000,-0.0106722896406120
0.38281000,-0.0106029658701201
0.38672000,-0.0105372579509558
0.39063000,-0.0104766440637246
0.39453000,-0.0104212130352535
0.39844000,-0.0103683695888668
0.40234000,-0.0103133990997759
0.40625000,-0.0102545298456333
0.41016000,-0.0101927811826709
0.41406000,-0.0101299079230562
0.41797000,-0.0100662952469420
0.42188000,-0.0100010296547759
0.42578000,-0.0099352030730789
0.42969000,-0.0098726943963266
0.43359000,-0.0098162108843561
0.43750000,-0.0097658963443101
0.44141000,-0.0097188202258466
0.44531000,-0.0096726553673600
0.44922000,-0.0096279950579525
0.45313000,-0.0095853386706588
0.45703000,-0.0095432433114012
0.46094000,-0.0094996434656698
0.46484000,-0.0094532917578721
0.46875000,-0.0094064497439540
0.47266000,-0.0093610927196537
0.47656000,-0.0093165877794240
0.48047000,-0.0092705832994006
0.48438000,-0.0092209797902577
0.48828000,-0.0091686486632973
0.49219000,-0.0091164014490562
0.49609000,-0.0090647355421004
0.50000000,-0.0090129506192283
0.50391000,-0.0089603015663350
0.50781000,-0.0089080808995404
0.51172000,-0.0088585120550788
0.51563000,-0.0088109727625772
0.51953000,-0.0087622710294671
0.52344000,-0.0087098233566204
0.52734000,-0.0086528772058126
0.53125000,-0.0085934391585541
0.53516000,-0.0085317978021365
0.53906000,-0.0084651937052260
0.54297000,-0.0083904281269291
0.54688000,-0.0083065329431062
0.55078000,-0.0082158408479689
0.55469000,-0.0081215099497185
0.55859000,-0.0080247443668533
0.56250000,-0.0079263650068093
0.56641000,-0.0078285611747664
0.57031000,-0.0077348685129879
0.57422000,-0.0076472490467386
0.57813000,-0.0075634739214487
0.58203000,-0.0074793925146845
0.58594000,-0.0073934193576925
0.58984000,-0.0073072377707952
0.59375000,-0.0072239567561702
0.59766000,-0.0071443287148138
0.60156000,-0.0070673112369939
0.60547000,-0.0069934400150502
0.60938000,-0.0069255514050376
0.61328000,-0.0068666983347686
0.61719000,-0.0068171254659789
0.62109000,-0.0067727442081286
0.62500000,-0.0067300134435956
0.62891000,-0.0066873460564014
0.63281000,-0.0066446997420351
0.63672000,-0.0066015346754892
0.64063000,-0.0065554008770274
0.64453000,-0.0065050700069905
0.64844000,-0.0064523909957430
0.65234000,-0.0063987787173572
0.65625000,-0.0063434590798500
0.66016000,-0.0062822182429257
0.66406000,-0.0062117018881207
0.66797000,-0.0061328694022114
0.67188000,-0.0060489777731454
0.67578000,-0.0059623047107968
0.67969000,-0.0058729952848259
0.68359000,-0.0057807583814406
0.68750000,-0.0056880418623372
0.69141000,-0.0055985218294486
0.69531000,-0.0055141282187714
0.69922000,-0.0054339316589063
0.70313000,-0.0053556527776384
0.70703000,-0.0052788679857366
0.71094000,-0.0052052566368444
0.71484000,-0.0051347840756321
0.71875000,-0.0050651757460310
0.72266000,-0.0049930205499641
0.72656000,-0.0049170639004045
0.73047000,-0.0048385904384605
0.73438000,-0.0047581215107789
0.73828000,-0.0046741880594265
0.74219000,-0.0045852038057587
0.74609000,-0.0044915577035630
0.75000000,-0.0043965795506506
0.75391000,-0.0043030709490961
0.75781000,-0.0042109468828238
0.76172000,-0.0041182244167664
0.76563000,-0.0040234626113085
0.76953000,-0.0039274798849051
0.77344000,-0.0038318884553619
0.77734000,-0.0037361225247551
0.78125000,-0.0036380367948881
0.78516000,-0.0035359591848227
0.78906000,-0.0034308320746399
0.79297000,-0.0033250699758934
0.79688000,-0.0032195023069525
0.80078000,-0.0031131435286003
0.80469000,-0.0030059759195658
0.80859000,-0.0029005553954241
0.81250000,-0.0028006684949441
0.81641000,-0.0027077533666080
0.82031000,-0.0026203116702045
0.82422000,-0.0025365120935333
0.82813000,-0.0024555194905931
0.83203000,-0.0023767140114029
0.83594000,-0.0022976776382026
0.83984000,-0.0022135220544345
0.84375000,-0.0021211422429955
0.84766000,-0.0020213610720485
0.85156000,-0.0019181801410816
0.85547000,-0.0018150744364815
0.85938000,-0.0017125805690603
0.86328000,-0.0016100230097718
0.86719000,-0.0015081799681819
0.87109000,-0.0014087226483131
0.87500000,-0.0013121281258748
0.87891000,-0.0012160186948117
0.88281000,-0.0011174897432068
0.88672000,-0.0010164022820320
0.89063000,-0.0009151403762739
0.89453000,-0.0008157408973551
0.89844000,-0.0007178148914634
0.90234000,-0.0006194552892620
0.90625000,-0.0005206925249307
0.91016000,-0.0004236733863241
0.91406000,-0.0003303996789192
0.91797000,-0.0002406714874838
0.92188000,-0.0001525440554339
0.92578000,-0.0000655141925148
0.92969000,0.0000182945565134
0.93359000,0.0000973857981400
0.93750000,0.0001727050867309
0.94141000,0.0002477864210151
0.94531000,0.0003254096219378
0.94922000,0.0004056393357740
0.95313000,0.0004880920734726
0.95703000,0.0005738264825273
0.96094000,0.0006646906117220
0.96484000,0.0007612623159498
0.96875000,0.0008608130313303
0.97266000,0.0009599021352652
0.97656000,0.0010571568066991
0.98047000,0.0011533789287679
0.98438000,0.0012496516855679
0.98828000,0.0013455286562982
0.99219000,0.0014400532822230
0.99609000,0.0015346715148237
1.00000000,0.0016329436064855
1.00390000,0.0017385000535663
1.00780000,0.0018518125334361
1.01170000,0.0019709164423514
1.01560000,0.0020944478428865
1.01950000,0.0022233249469829
1.02340000,0.0023588753378991
1.02730000,0.0024999971524106
1.03130000,0.0026437069059002
1.03520000,0.0027862422918939
1.03910000,0.0029282716473564
1.04300000,0.0030714726254766
1.04690000,0.0032156940992587
1.05080000,0.0033583363657213
1.05470000,0.0034973487385475
1.05860000,0.0036337718586339
1.06250000,0.0037704617564411
1.06640000,0.0039088187074928
1.07030000,0.0040479283178253
1.07420000,0.0041870062740878
1.07810000,0.0043274222446414
1.08200000,0.0044713282944093
1.08590000,0.0046185579929258
1.08980000,0.0047658631472866
1.09380000,0.0049101622139425
1.09770000,0.0050494824922712
1.10160000,0.0051858060173938
1.10550000,0.0053204240267966
1.10940000,0.0054528295849751
1.11330000,0.0055819418714337
1.11720000,0.0057081033004856
1.12110000,0.0058329150075521
1.12500000,0.0059570178271628
1.12890000,0.0060789636524548
1.13280000,0.0061971436887729
1.13670000,0.0063124857131689
1.14060000,0.0064282742571016
1.14450000,0.0065469923259865
1.14840000,0.0066680335109957
1.15230000,0.0067891233109072
1.15630000,0.0069093148861090
1.16020000,0.0070301193148331
1.16410000,0.0071527093060786
1.16800000,0.0072764401920456
1.17190000,0.0073997376112393
1.17580000,0.0075227354665194
1.17970000,0.0076481157101499
1.18360000,0.0077786540289488
1.18750000,0.0079141897314879
1.19140000,0.0080518266078422
1.19530000,0.0081891524244400
1.19920000,0.0083264445554124
1.20310000,0.0084654036096926
1.20700000,0.0086065460801662
1.21090000,0.0087487528874702
1.21480000,0.0088912148501433
1.21880000,0.0090353413520010
1.22270000,0.0091814776338813
1.22660000,0.0093294510699508
1.23050000,0.0094764840531996
1.23440000,0.0096205698954675
1.23830000,0.0097626746328935
1.24220000,0.0099051224961151
1.24610000,0.0100480148678683
1.25000000,0.0101883101540370
1.25390000,0.0103227984209030
1.25780000,0.0104512960216450
1.26170000,0.0105761099703391
1.26560000,0.0106984358571078
1.26950000,0.0108163148175199
1.27340000,0.0109266880408906
1.27730000,0.0110288477320807
1.28130000,0.0111243554981003
1.28520000,0.0112172255217392
1.28910000,0.0113073155454334
1.29300000,0.0113943225542452
1.29690000,0.0114797744176772
1.30080000,0.0115670323765066
1.30470000,0.0116581608827007
1.30860000,0.0117521368869214
1.31250000,0.0118473527423050
1.31640000,0.0119452224978024
1.32030000,0.0120499775951186
1.32420000,0.0121646749246527
1.32810000,0.0122880710651979
1.33200000,0.0124158312683409
1.33590000,0.0125444701354616
1.33980000,0.0126735515102333
1.34380000,0.0128042694552664
1.34770000,0.0129361564359303
1.35160000,0.0130680153273201
1.35550000,0.0131995285759784
1.35940000,0.0133326378223890
1.36330000,0.0134698432884272
1.36720000,0.0136116863351592
1.37110000,0.0137568355455917
1.37500000,0.0139048413726714
1.37890000,0.0140578750108351
1.38280000,0.0142188173589589
1.38670000,0.0143879572686580
1.39060000,0.0145625420010360
1.39450000,0.0147396275221846
1.39840000,0.0149186131619333
1.40230000,0.0151006658158983
1.40630000,0.0152878572036237
1.41020000,0.0154758755347162
1.41410000,0.0156650919161412
1.41800000,0.0158562619592078
1.42190000,0.0160517060683095
1.42580000,0.0162529737289733
1.42970000,0.0164598449479593
1.43360000,0.0166721494687103
1.43750000,0.0168917925854005
1.44140000,0.0171217814513854
1.44530000,0.0173630553210509
1.44920000,0.0176130393596125
1.45310000,0.0178677182809144
1.45700000,0.0181247066321788
1.46090000,0.0183836811207051
1.46480000,0.0186440678573187
1.46880000,0.0189069513091832
1.47270000,0.0191626695041986
1.47660000,0.0194144934113263
1.48050000,0.0196656520858878
1.48440000,0.0199204993977763
1.48830000,0.0201819105065059
1.49220000,0.0204515401094608
1.49610000,0.0207319209480444
1.50000000,0.0210266665803780
1.50390000,0.0213376918649505
1.50780000,0.0216626897795665
1.51170000,0.0219964130978458
1.51560000,0.0223349230511721
1.51950000,0.0226779193017916
1.52340000,0.0230264711841118
1.52730000,0.0233795514393002
1.53130000,0.0237398529332215
1.53520000,0.0240930602693331
1.53910000,0.0244449040780132
1.54300000,0.0247957975516064
1.54690000,0.0251440725928111
1.55080000,0.0254862438017775
1.55470000,0.0258202337098071
1.55860000,0.0261473603344008
1.56250000,0.0264701066795579
1.56640000,0.0267883311818248
1.57030000,0.0270987894727941
1.57420000,0.0273986255128531
1.57810000,0.0276885872601329
1.58200000,0.0279721008027073
1.58590000,0.0282515821909914
1.58980000,0.0285266564812913
1.59380000,0.0287998760364841
1.59770000,0.0290647167051906
1.60160000,0.0293279106459144
1.60550000,0.0295916558324640
1.60940000,0.0298553458538841
1.61330000,0.0301171748795039
1.61720000,0.0303771983789370
1.62110000,0.0306375397206798
1.62500000,0.0308993964053613
1.62890000,0.0311610085128414
1.63280000,0.0314194147903107
1.63670000,0.0316738462255893
1.64060000,0.0319263879278259
1.64450000,0.0321789815348467
1.64840000,0.0324306189155052
1.65230000,0.0326783120353307
1.65630000,0.0329235768824085
1.66020000,0.0331619276185558
1.66410000,0.0333989873353557
1.66800000,0.0336356072886834
1.67190000,0.0338707583044857
1.67580000,0.0341038052763306
1.67970000,0.0343359170095567
1.68360000,0.0345687042008718
1.68750000,0.0348021477135027
1.69140000,0.0350348931714940
1.69530000,0.0352667626630579
1.69920000,0.0355001263257225
1.70310000,0.0357378956617822
1.70700000,0.0359803384765459
1.71090000,0.0362245949019867
1.71480000,0.0364673344842910
1.71880000,0.0367102194103685
1.72270000,0.0369479377274081
1.72660000,0.0371843094297421
1.73050000,0.0374198452668018
1.73440000,0.0376560143758779
1.73830000,0.0378961280650196
1.74220000,0.0381436124191837
1.74610000,0.0383991943507838
1.75000000,0.0386602932815896
1.75390000,0.0389232573812759
1.75780000,0.0391857432772218
1.76170000,0.0394465438890097
1.76560000,0.0397034497503244
1.76950000,0.0399524914807523
1.77340000,0.0401904687056804
1.77730000,0.0404181810288456
1.78130000,0.0406428387398601
1.78520000,0.0408645768675554
1.78910000,0.0410885971038394
1.79300000,0.0413156493153407
1.79690000,0.0415468487420337
1.80080000,0.0417841810160383
1.80470000,0.0420285050418188
1.80860000,0.0422781565426833
1.81250000,0.0425306371956327
1.81640000,0.0427855720520602
1.82030000,0.0430450615205501
1.82420000,0.0433108138548268
1.82810000,0.0435816047561546
1.83200000,0.0438542070670358
1.83590000,0.0441266313085106
1.83980000,0.0443996349977058
1.84380000,0.0446786078706698
1.84770000,0.0449552515177776
1.85160000,0.0452307299682960
1.85550000,0.0455032679930888
1.85940000,0.0457741032591513
1.86330000,0.0460457072861096
1.86720000,0.0463185774290701
1.87110000,0.0465907969001178
1.87500000,0.0468606115119658
1.87890000,0.0471282641970042
1.88280000,0.0473945201228492
1.88670000,0.0476580344731422
1.89060000,0.0479156221734988
1.89450000,0.0481659498850082
1.89840000,0.0484124169069315
1.90230000,0.0486612192713020
1.90630000,0.0489197206950065
1.91020000,0.0491806637744524
1.91410000,0.0494446403832655
1.91800000,0.0497100991054566
1.92190000,0.0499770705345536
1.92580000,0.0502451357207009
1.92970000,0.0505125557784081
1.93360000,0.0507781331868992
1.93750000,0.0510433542941118
1.94140000,0.0513114978819959
1.94530000,0.0515841057737633
1.94920000,0.0518589091960866
1.95310000,0.0521319904125978
1.95700000,0.0524017846152880
1.96090000,0.0526702793441561
1.96480000,0.0529404511342077
1.96880000,0.0532172623992915
1.97270000,0.0534926113069005
1.97660000,0.0537703335430423
1.98050000,0.0540516610317408
1.98440000,0.0543371523384720
1.98830000,0.0546248772806129
1.99220000,0.0549116220859406
1.99610000,0.0551961662759815
2.00000000,0.0554804457396099
2.00390000,0.0557669415562971
2.00780000,0.0560557340531106
2.01170000,0.0563451168616627
2.01560000,0.0566347513726600
2.01950000,0.0569269866714019
2.02340000,0.0572246845136297
2.02730000,0.0575285105883257
2.03130000,0.0578418938222904
2.03520000,0.0581548907200776
2.03910000,0.0584739622339142
2.04300000,0.0588010901617350
2.04690000,0.0591354557425101
2.05080000,0.0594734147878938
2.05470000,0.0598117956080231
2.05860000,0.0601504164537167
2.06250000,0.0604909721795736
2.06640000,0.0608342662053221
2.07030000,0.0611795084631681
2.07420000,0.0615263699060943
2.07810000,0.0618765798211084
2.08200000,0.0622322692145424
2.08590000,0.0625925504574508
2.08980000,0.0629525435940595
2.09380000,0.0633125257784693
2.09770000,0.0636585979015851
2.10160000,0.0639986525710936
2.10550000,0.0643358193521428
2.10940000,0.0646717184921456
2.11330000,0.0650071017590282
2.11720000,0.0653437711300792
2.12110000,0.0656840546436483
2.12500000,0.0660279063669449
2.12890000,0.0663716304583871
2.13280000,0.0667107085077001
2.13670000,0.0670437842107651
2.14060000,0.0673730191783182
2.14450000,0.0677005673690990
2.14840000,0.0680257267072991
2.15230000,0.0683464235317617
2.15630000,0.0686680622931764
2.16020000,0.0689850219396911
2.16410000,0.0693069115856919
2.16800000,0.0696350301000642
2.17190000,0.0699674645084388
2.17580000,0.0703025447808907
2.17970000,0.0706406840898373
2.18360000,0.0709823568218879
2.18750000,0.0713253611463918
2.19140000,0.0716654368982877
2.19530000,0.0719999250514518
2.19920000,0.0723301302119470
2.20310000,0.0726594306234213
2.20700000,0.0729894905261070
2.21090000,0.0733194241976690
2.21480000,0.0736486099026540
2.21880000,0.0739840999915582
2.22270000,0.0743179436425499
2.22660000,0.0746556972787823
2.23050000,0.0749950806362665
2.23440000,0.0753344217688891
2.23830000,0.0756753562208608
2.24220000,0.0760216448236155
2.24610000,0.0763754587469087
2.25000000,0.0767357152323162
2.25390000,0.0771003367871832
2.25780000,0.0774691397391225
2.26170000,0.0778436180726632
2.26560000,0.0782242786898995
2.26950000,0.0786093023454893
2.27340000,0.0789963819916024
2.27730000,0.0793853320417194
2.28130000,0.0797848229330702
2.28520000,0.0801819593949222
2.28910000,0.0805815649215691
2.29300000,0.0809805845005195
2.29690000,0.0813781419690849
2.30080000,0.0817757772201785
2.30470000,0.0821746762507138
2.30860000,0.0825737142137526
2.31250000,0.0829707275302541
2.31640000,0.0833652015838227
2.32030000,0.0837589746863072
2.32420000,0.0841540879219988
2.32810000,0.0845504609133795
2.33200000,0.0849463738845211
2.33590000,0.0853411955277832
2.33980000,0.0857368464105620
2.34380000,0.0861430631990297
2.34770000,0.0865465168519688
2.35160000,0.0869528656256168
2.35550000,0.0873610841433005
2.35940000,0.0877721288442757
2.36330000,0.0881873062373753
2.36720000,0.0886054321702577
2.37110000,0.0890229121733058
2.37500000,0.0894370642537744
2.37890000,0.0898485808624396
2.38280000,0.0902602204357965
2.38670000,0.0906736089436579
2.39060000,0.0910882413292527
2.39450000,0.0915035685376743
2.39840000,0.0919207057802290
2.40230000,0.0923407453125342
2.40630000,0.0927691394567439
2.41020000,0.0931852733166899
2.41410000,0.0935919210839405
2.41800000,0.0939885643090423
2.42190000,0.0943783631450950
2.42580000,0.0947641659340502
2.42970000,0.0951459975033595
2.43360000,0.0955227655173736
2.43750000,0.0958954837980902
2.44140000,0.0962674980532532
2.44530000,0.0966414404599510
2.44920000,0.0970172268059647
2.45310000,0.0973938240555675
2.45700000,0.0977721962925226
2.46090000,0.0981551172509822
2.46480000,0.0985435280586857
2.46880000,0.0989408484708500
2.47270000,0.0993281470878521
2.47660000,0.0997097810097763
2.48050000,0.1000874335876970
2.48440000,0.1004634213588185
2.48830000,0.1008372430846738
2.49220000,0.1012065572685732
2.49610000,0.1015709143210526
2.50000000,0.1019331587522224
2.50390000,0.1022967606065159
2.50780000,0.1026626514433882
2.51170000,0.1030295246704645
2.51560000,0.1033968637433892
2.51950000,0.1037663673135739
2.52340000,0.1041395637795466
2.52730000,0.1045146357899499
2.53130000,0.1048932452922687
2.53520000,0.1052593643426629
2.53910000,0.1056206271178400
2.54300000,0.1059816150828375
2.54690000,0.1063461980849506
2.55080000,0.1067157648749813
2.55470000,0.1070909983248361
2.55860000,0.1074737826386756
2.56250000,0.1078659867167122
2.56640000,0.1082666215115095
2.57030000,0.1086715722149801
2.57420000,0.1090766360229844
2.57810000,0.1094802806092289
2.58200000,0.1098832577093649
2.58590000,0.1102862157593867
2.58980000,0.1106885999493802
2.59380000,0.1110971001147850
2.59770000,0.1114988031798380
2.60160000,0.1119027136487542
2.60550000,0.1123084794828702
2.60940000,0.1127122842907065
2.61330000,0.1131093169464159
2.61720000,0.1134972742012316
2.62110000,0.1138768924835666
2.62500000,0.1142492621172110
2.62890000,0.1146137747259817
2.63280000,0.1149695082095204
2.63670000,0.1153179909560420
2.64060000,0.1156632286236341
2.64450000,0.1160085496857047
2.64840000,0.1163543328463817
2.65230000,0.1166995584429613
2.65630000,0.1170506416586154
2.66020000,0.1173993946740553
2.66410000,0.1177541704900332
2.66800000,0.1181147127093555
2.67190000,0.1184788366808405
2.67580000,0.1188458575057171
2.67970000,0.1192179520580230
2.68360000,0.1195974865934540
2.68750000,0.1199839082056119
2.69140000,0.1203744526175034
2.69530000,0.1207677271368887
2.69920000,0.1211654036170298
2.70310000,0.1215696608425393
2.70700000,0.1219795174042285
2.71090000,0.1223907704847061
2.71480000,0.1227997146331766
2.71880000,0.1232131314135252
2.72270000,0.1236178764324701
2.72660000,0.1240205973465802
2.73050000,0.1244180363337274
2.73440000,0.1248070828685215
2.73830000,0.1251875838458588
2.74220000,0.1255614387555706
2.74610000,0.1259293801875715
2.75000000,0.1262901359597585
2.75390000,0.1266433712351091
2.75780000,0.1269925541207804
2.76170000,0.1273436338196572
2.76560000,0.1277007575353014
2.76950000,0.1280640208427500
2.77340000,0.1284313653349143
2.77730000,0.1288016240389783
2.78130000,0.1291811992765221
2.78520000,0.1295561556292712
2.78910000,0.1299289260466943
2.79300000,0.1302949289385020
2.79690000,0.1306525057015711
2.80080000,0.1310037050294424
2.80470000,0.1313516296506698
2.80860000,0.1316981254852189
2.81250000,0.1320446003870655
2.81640000,0.1323941589963949
2.82030000,0.1327513406654497
2.82420000,0.1331189229190794
2.82810000,0.1334953083650384
2.83200000,0.1338757623726348
2.83590000,0.1342563575756294
2.83980000,0.1346361756776834
2.84380000,0.1350221346969802
2.84770000,0.1354001745391840
2.85160000,0.1357744719642228
2.85550000,0.1361440264170973
2.85940000,0.1365108521515518
2.86330000,0.1368780557153231
2.86720000,0.1372465361113890
2.87110000,0.1376145543842168
2.87500000,0.1379806087836118
2.87890000,0.1383456040500166
2.88280000,0.1387112024516086
2.88670000,0.1390764206462498
2.89060000,0.1394370864036844
2.89450000,0.1397891537478884
2.89840000,0.1401318688893174
2.90230000,0.1404670260873557
2.90630000,0.1408008822074185
2.91020000,0.1411217362573869
2.91410000,0.1414331363645270
2.91800000,0.1417355472860755
2.92190000,0.1420316011511414
2.92580000,0.1423237540969557
2.92970000,0.1426126755649694
2.93360000,0.1428982927715531
2.93750000,0.1431816080104958
2.94140000,0.1434642529356539
2.94530000,0.1437462982332003
2.94920000,0.1440259054647229
2.95310000,0.1443023457023244
2.95700000,0.1445793701465205
2.96090000,0.1448645807656898
2.96480000,0.1451646976577718
2.96880000,0.1454863232296518
2.97270000,0.1458162255980694
2.97660000,0.1461526724457772
2.98050000,0.1464839870285998
2.98440000,0.1467868580399675
2.98830000,0.1470209374401152
2.99220000,0.1471324658789216
2.99610000,0.1470682093018382
3.00000000,0.1467924830571193
3.00390000,0.1462977944018528
3.00780000,0.1456043592907911
3.01170000,0.1447505896585949
3.01560000,0.1437803302174350
3.01950000,0.1427319546419978
3.02340000,0.1416325119424888
3.02730000,0.1404981473136380
3.03130000,0.1393062930877269
3.03520000,0.1381325575820070
3.03910000,0.1369542583508360
3.04300000,0.1357791809955954
3.04690000,0.1346102904832194
3.05080000,0.1334472232471991
3.05470000,0.1322901704760893
3.05860000,0.1311419632290128
3.06250000,0.1300062551331672
3.06640000,0.1288840599443295
3.07030000,0.1277731394028616
3.07420000,0.1266709491767163
3.07810000,0.1255770491784418
3.08200000,0.1244921662196879
3.08590000,0.1234155541402102
3.08980000,0.1223441903688762
3.09380000,0.1212444595794832
3.09770000,0.1201774132640107
3.10160000,0.1191149453915052
3.10550000,0.1180591600953317
3.10940000,0.1170095407669930
3.11330000,0.1159640021786336
3.11720000,0.1149212434115461
3.12110000,0.1138811304461750
3.12500000,0.1128427832121227
3.12890000,0.1118033513001537
3.13280000,0.1107598121352000
3.13670000,0.1097116491063663
3.14060000,0.1086604689769344
3.14450000,0.1076067881283691
3.14840000,0.1065482343873222
3.15230000,0.1054818616951387
3.15630000,0.1043770282046437
3.16020000,0.1032986327375167
3.16410000,0.1022192854609941
3.16800000,0.1011391775532422
3.17190000,0.1000558220621462
3.17580000,0.0989670189778143
3.17970000,0.0978727873120842
3.18360000,0.0967744277530268
3.18750000,0.0956727627509531
3.19140000,0.0945685382379180
3.19530000,0.0934645470022262
3.19920000,0.0923658391129381
3.20310000,0.0912767951063736
3.20700000,0.0901986774101191
3.21090000,0.0891307015950310
3.21480000,0.0880726379872424
3.21880000,0.0869947896980063
3.22270000,0.0859555554103444
3.22660000,0.0849191167950877
3.23050000,0.0838776688955238
3.23440000,0.0828261422732421
3.23830000,0.0817647854906378
3.24220000,0.0806968695709181
3.24610000,0.0796243647311063
3.25000000,0.0785465821875476
3.25390000,0.0774625844729138
3.25780000,0.0763737105302084
3.26170000,0.0752830018277727
3.26560000,0.0741923520637898
3.26950000,0.0731010724537907
3.27340000,0.0720075368676587
3.27730000,0.0709114773696360
3.28130000,0.0697825544652678
3.28520000,0.0686836657966468
3.28910000,0.0675820615520609
3.29300000,0.0664764790612366
3.29690000,0.0653680277117852
3.30080000,0.0642598254887070
3.30470000,0.0631539765133982
3.30860000,0.0620491224676545
3.31250000,0.0609419346946780
3.31640000,0.0598308827105811
3.32030000,0.0587172863268926
3.32420000,0.0576023888370632
3.32810000,0.0564844110734701
3.33200000,0.0553595844004230
3.33590000,0.0542259957436689
3.33980000,0.0530852901158982
3.34380000,0.0519073994043694
3.34770000,0.0507568401169348
3.35160000,0.0495970018517664
3.35550000,0.0484240011958808
3.35940000,0.0472375128232656
3.36330000,0.0460402338688836
3.36720000,0.0448347275611803
3.37110000,0.0436219885095879
3.37500000,0.0424029348055322
3.37890000,0.0411796705694379
3.38280000,0.0399541660152341
3.38670000,0.0387264018888613
3.39060000,0.0374954981087754
3.39450000,0.0362639222559557
3.39840000,0.0350408946249086
3.40230000,0.0338415656551755
3.40630000,0.0326506384784032
3.41020000,0.0315519438565852
3.41410000,0.0305319830944652
3.41800000,0.0296112246327766
3.42190000,0.0288061388468142
3.42580000,0.0281211636564380
3.42970000,0.0275435204315778
3.43360000,0.0270442087262362
3.43750000,0.0265831138549916
3.44140000,0.0261142483760010
3.44530000,0.0255900370990023
3.44920000,0.0249665011798168
3.45310000,0.0242101064813523
3.45700000,0.0233028902796059
3.46090000,0.0222420021556677
3.46480000,0.0210345772897260
3.46880000,0.0196551395068673
3.47270000,0.0181942771113978
3.47660000,0.0166332666421280
3.48050000,0.0149931312966930
3.48440000,0.0132939951863576
3.48830000,0.0115528069255224
3.49220000,0.0097841239412338
3.49610000,0.0080024271426897
3.50000000,0.0062222356982502
3.50390000,0.0044549697974440
3.50780000,0.0027055264704775
3.51170000,0.0009722604587438
3.51560000,-0.0007496489931708
3.51950000,-0.0024648122159764
3.52340000,-0.0041768830651739
3.52730000,-0.0058894962665448
3.53130000,-0.0076527346499205
3.53520000,-0.0093714639755694
3.53910000,-0.0110866231718450
3.54300000,-0.0127885328315744
3.54690000,-0.0144680874323254
3.55080000,-0.0161186682863993
3.55470000,-0.0177349192528219
3.55860000,-0.0193115989673374
3.56250000,-0.0208448242598989
3.56640000,-0.0223344230831625
3.57030000,-0.0237839919009798
3.57420000,-0.0251978923568896
3.57810000,-0.0265786879211131
3.58200000,-0.0279281960130450
3.58590000,-0.0292507591457490
3.58980000,-0.0305541440124496
3.59380000,-0.0318825695075130
3.59770000,-0.0331677989414972
3.60160000,-0.0344472411060597
3.60550000,-0.0357225029940101
3.60940000,-0.0369980227637875
3.61330000,-0.0382791950484567
3.61720000,-0.0395688893867003
3.62110000,-0.0408665320068137
3.62500000,-0.0421704204961984
3.62890000,-0.0434795984923561
3.63280000,-0.0447927079128827
3.63670000,-0.0461059803579614
3.64060000,-0.0474139449018573
3.64450000,-0.0487126992374105
3.64840000,-0.0500019947915305
3.65230000,-0.0512834959406892
3.65630000,-0.0525930823140088
3.66020000,-0.0538567185708830
3.66410000,-0.0551086392025287
3.66800000,-0.0563517328716090
3.67190000,-0.0575928863058190
3.67580000,-0.0588389862323809
3.67970000,-0.0600939925645371
3.68360000,-0.0613598948765454
3.68750000,-0.0626393905336717
3.69140000,-0.0639361142461853
3.69530000,-0.0652519408098520
3.69920000,-0.0665851104149277
3.70310000,-0.0679316824881534
3.70700000,-0.0692885007652471
3.71090000,-0.0706541115068993
3.71480000,-0.0720270035847647
3.71880000,-0.0734426994600400
3.72270000,-0.0748211636496261
3.72660000,-0.0762003480601168
3.73050000,-0.0775829117919632
3.73440000,-0.0789721069595480
3.73830000,-0.0803689475251806
3.74220000,-0.0817720562630890
3.74610000,-0.0831801133354146
3.75000000,-0.0845936353357046
3.75390000,-0.0860137318714056
3.75780000,-0.0874397908943572
3.76170000,-0.0888695743482846
3.76560000,-0.0903016284857928
3.76950000,-0.0917364890268586
3.77340000,-0.0931745195253254
3.77730000,-0.0946128506488946
3.78130000,-0.0960855731576513
3.78520000,-0.0975080926959336
3.78910000,-0.0989195310810099
3.79300000,-0.1003221265544502
3.79690000,-0.1017179643211490
3.80080000,-0.1031080392038199
3.80470000,-0.1044944746649875
3.80860000,-0.1058823974979827
3.81250000,-0.1072784265964341
3.81640000,-0.1086872296442629
3.82030000,-0.1101102031801759
3.82420000,-0.1115476151016580
3.82810000,-0.1130010532409671
3.83200000,-0.1144728514801253
3.83590000,-0.1159634116209141
3.83980000,-0.1174701703918655
3.84380000,-0.1190320413256274
3.84770000,-0.1205636797049723
3.85160000,-0.1221072702055149
3.85550000,-0.1236608043082224
3.85940000,-0.1252188684422769
3.86330000,-0.1267753603740693
3.86720000,-0.1283272577186907
3.87110000,-0.1298751726954268
3.87500000,-0.1314206739977481
3.87890000,-0.1329641634188053
3.88280000,-0.1345059853624201
3.88670000,-0.1360490858435784
3.89060000,-0.1375991846539239
3.89450000,-0.1391615233467490
3.89840000,-0.1407378619054896
3.90230000,-0.1423271674057160
3.90630000,-0.1439733611292822
3.91020000,-0.1455904562761955
3.91410000,-0.1472257026595422
3.91800000,-0.1488792151213583
3.92190000,-0.1505473782502766
3.92580000,-0.1522255245115202
3.92970000,-0.1539104784703925
3.93360000,-0.1556000976842721
3.93750000,-0.1572915127886020
3.94140000,-0.1589812040148842
3.94530000,-0.1606670480471704
3.94920000,-0.1623495996985536
3.95310000,-0.1640306189396619
3.95700000,-0.1657100866966485
3.96090000,-0.1673854396711859
3.96480000,-0.1690544397654562
3.96880000,-0.1707641957669074
3.97270000,-0.1724277594676932
3.97660000,-0.1740958933877427
3.98050000,-0.1757723469587014
3.98440000,-0.1774604105031850
3.98830000,-0.1791628004577734
3.99220000,-0.1808786560415006
3.99610000,-0.1826002681113486
4.00000000,-0.1843139591192382
4.00390000,-0.1860056689260215
4.00780000,-0.1876667510399738
4.01170000,-0.1892955029767856
4.01560000,-0.1908948324605539
4.01950000,-0.1924702679557763
4.02340000,-0.1940305708113423
4.02730000,-0.1955884813110264
4.03130000,-0.1972010268184548
4.03520000,-0.1987899631361986
4.03910000,-0.2003979705006172
4.04300000,-0.2020173780144488
4.04690000,-0.2036389844192801
4.05080000,-0.2052550422975370
4.05470000,-0.2068584737629781
4.05860000,-0.2084419139856855
4.06250000,-0.2099995858830593
4.06640000,-0.2115304947463091
4.07030000,-0.2130391742909465
4.07420000,-0.2145326833252790
4.07810000,-0.2160169711454003
4.08200000,-0.2174963992976864
4.08590000,-0.2189758649532869
4.08980000,-0.2204617765126182
4.09380000,-0.2220014293741257
4.09770000,-0.2235141590656989
4.10160000,-0.2250408908597825
4.10550000,-0.2265812421792888
4.10940000,-0.2281364947123627
4.11330000,-0.2297070884478723
4.11720000,-0.2312894461784033
4.12110000,-0.2328767386802493
4.12500000,-0.2344633801459069
4.12890000,-0.2360485097530670
4.13280000,-0.2376349012831072
4.13670000,-0.2392250798325850
4.14060000,-0.2408191793092289
4.14450000,-0.2424165110509329
4.14840000,-0.2440180889197476
4.15230000,-0.2456263997478737
4.15630000,-0.2472875390096990
4.16020000,-0.2489119556136076
4.16410000,-0.2505436216567493
4.16800000,-0.2521842205268455
4.17190000,-0.2538370998767304
4.17580000,-0.2555040004798410
4.17970000,-0.2571828180787109
4.18360000,-0.2588691911334600
4.18750000,-0.2605602502037899
4.19140000,-0.2622563396039741
4.19530000,-0.2639593722658503
4.19920000,-0.2656711272133129
4.20310000,-0.2673944355913032
4.20700000,-0.2691357822778043
4.21090000,-0.2709056502148309
4.21480000,-0.2727148475444220
4.21880000,-0.2746197236839499
4.22270000,-0.2765167618763388
4.22660000,-0.2784476774684678
4.23050000,-0.2803997684408853
4.23440000,-0.2823580181031213
4.23830000,-0.2843060515686769
4.24220000,-0.2862291773455163
4.24610000,-0.2881188636390548
4.25000000,-0.2899747086906537
4.25390000,-0.2918016670001095
4.25780000,-0.2936054773751448
4.26170000,-0.2953910751829013
4.26560000,-0.2971641227099285
4.26950000,-0.2989318891191789
4.27340000,-0.3007011079459972
4.27730000,-0.3024749163781133
4.28130000,-0.3043016163520302
4.28520000,-0.3060834369379254
4.28910000,-0.3078711860335309
4.29300000,-0.3096682495035299
4.29690000,-0.3114758707069503
4.30080000,-0.3132924618351536
4.30470000,-0.3151167794088278
4.30860000,-0.3169510232569768
4.31250000,-0.3187996696174147
4.31640000,-0.3206653391647556
4.32030000,-0.3225465588589050
4.32420000,-0.3244395792475515
4.32810000,-0.3263415117041569
4.33200000,-0.3282510744784488
4.33590000,-0.3301669858184114
4.33980000,-0.3320871222722762
4.34380000,-0.3340625371593358
4.34770000,-0.3359895167241423
4.35160000,-0.3379219645779393
4.35550000,-0.3398580059453566
4.35940000,-0.3417912514872276
4.36330000,-0.3437140110565783
4.36720000,-0.3456212343756201
4.37110000,-0.3475112762157372
4.37500000,-0.3493835434689823
4.37890000,-0.3512365630685647
4.38280000,-0.3530691106293423
4.38670000,-0.3548831372613139
4.39060000,-0.3566845156201082
4.39450000,-0.3584803617769779
4.39840000,-0.3602762231822901
4.40230000,-0.3620759830180182
4.40630000,-0.3639328867279156
4.41020000,-0.3657523799052756
4.41410000,-0.3675865984790223
4.41800000,-0.3694347006369674
4.42190000,-0.3712930707874872
4.42580000,-0.3731589732940123
4.42970000,-0.3750332688640199
4.43360000,-0.3769188841890235
4.43750000,-0.3788173303755667
4.44140000,-0.3807280142832117
4.44530000,-0.3826506679710323
4.44920000,-0.3845871851296041
4.45310000,-0.3865404159224947
4.45700000,-0.3885112401727570
4.46090000,-0.3904972856864182
4.46480000,-0.3924947646844715
4.46880000,-0.3945554259753394
4.47270000,-0.3965685405689697
4.47660000,-0.3985855129386707
4.48050000,-0.4006006806062030
4.48440000,-0.4026073863572473
4.48830000,-0.4046001398748932
4.49220000,-0.4065744264446309
4.49610000,-0.4085244879323395
4.50000000,-0.4104424810862812
4.50390000,-0.4123213469620899
4.50780000,-0.4141592680962629
4.51170000,-0.4159614858086524
4.51560000,-0.4177385020294555
4.51950000,-0.4195035733347080
4.52340000,-0.4212714866582746
4.52730000,-0.4230573158743408
4.53130000,-0.4249221950700019
4.53520000,-0.4267694699473639
4.53910000,-0.4286398825421229
4.54300000,-0.4305172491166626
4.54690000,-0.4323855389671454
4.55080000,-0.4342338863525037
4.55470000,-0.4360566861419303
4.55860000,-0.4378518339008688
4.56250000,-0.4396212041285082
4.56640000,-0.4413731370927714
4.57030000,-0.4431227831613088
4.57420000,-0.4448889846929896
4.57810000,-0.4466907944688914
4.58200000,-0.4485465957352958
4.58590000,-0.4504746760886769
4.58980000,-0.4524920605761943
4.59380000,-0.4546679354293670
4.59770000,-0.4568906705933264
4.60160000,-0.4592127331119152
4.60550000,-0.4616260501189357
4.60940000,-0.4641231991488268
4.61330000,-0.4666972359711508
4.61720000,-0.4693398964175828
4.62110000,-0.4720422085258963
4.62500000,-0.4747976489074557
4.62890000,-0.4776042469921997
4.63280000,-0.4804628633736299
4.63670000,-0.4833733447792988
4.64060000,-0.4863333954302932
4.64450000,-0.4893418099267257
4.64840000,-0.4924021843707173
4.65230000,-0.4955224572583856
4.65630000,-0.4987956810860763
4.66020000,-0.5020584950873572
4.66410000,-0.5054017136019954
4.66800000,-0.5088344802744432
4.67190000,-0.5123686168765772
4.67580000,-0.5160143191701787
4.67970000,-0.5197770387984196
4.68360000,-0.5236595301423411
4.68750000,-0.5276666900843432
4.69140000,-0.5318070883681612
4.69530000,-0.5360906720588495
4.69920000,-0.5405250926787636
4.70310000,-0.5451145584375355
4.70700000,-0.5498625123620610
4.71090000,-0.5547727800664718
4.71480000,-0.5598488045721192
4.71880000,-0.5652303499332416
4.72270000,-0.5706438173091591
4.72660000,-0.5762289707484322
4.73050000,-0.5819898271460403
4.73440000,-0.5879292556240637
4.73830000,-0.5940445777466513
4.74220000,-0.6003275675199952
4.74610000,-0.6067690424722978
4.75000000,-0.6133619243737520
4.75390000,-0.6201010479415052
4.75780000,-0.6269797175296314
4.76170000,-0.6339868377041011
4.76560000,-0.6411078697177437
4.76950000,-0.6483259792802255
4.77340000,-0.6556224191480104
4.77730000,-0.6629751900593306
4.78130000,-0.6705507783762288
4.78520000,-0.6779379706962039
4.78910000,-0.6853042098496684
4.79300000,-0.6926252010215793
4.79690000,-0.6998743538534953
4.80080000,-0.7070214433785392
4.80470000,-0.7140345229713668
4.80860000,-0.7208835589531273
4.81250000,-0.7275400480014420
4.81640000,-0.7339724260703669
4.82030000,-0.7401424337853623
4.82420000,-0.7460070293932658
4.82810000,-0.7515237450222592
4.83200000,-0.7566543212868487
4.83590000,-0.7613635595178352
4.83980000,-0.7656154958622925
4.84380000,-0.7694695094154766
4.84770000,-0.7726814660500763
4.85160000,-0.7752978133117946
4.85550000,-0.7772559781980987
4.85940000,-0.7784824264991445
4.86330000,-0.7788949105140153
4.86720000,-0.7784077966164671
4.87110000,-0.7769374406444274
4.87500000,-0.7744060711884946
4.87890000,-0.7707457207041977
4.88280000,-0.7659026731207561
4.88670000,-0.7598384777045950
4.89060000,-0.7525252049433724
4.89450000,-0.7439360730909990
4.89840000,-0.7340379876626751
4.90230000,-0.7227921153199277
4.90630000,-0.7098408527636263
4.91020000,-0.6957984014571674
4.91410000,-0.6803255224143177
4.91800000,-0.6634088245174349
4.92190000,-0.6450381686604820
4.92580000,-0.6252089632891166
4.92970000,-0.6039242686457654
4.93360000,-0.5811944141797339
4.93750000,-0.5570343204172742
4.94140000,-0.5314623511917050
4.94530000,-0.5045008875285183
4.94920000,-0.4761747972854871
4.95310000,-0.4465079918428144
4.95700000,-0.4155226609232220
4.96090000,-0.3832480721621107
4.96480000,-0.3497377876576860
4.96880000,-0.3141978401174494
4.97270000,-0.2785304602980492
4.97660000,-0.2420107383983424
4.98050000,-0.2048150478993271
4.98440000,-0.1671209100505718
4.98830000,-0.1290930293354162
4.99220000,-0.0908710505911251
4.99610000,-0.0525678373540947
5.00000000,-0.0142799930849734
5.00390000,0.0238838271711298
5.00780000,0.0617671446194816
5.01170000,0.0991559006705596
5.01560000,0.1358000732748477
5.01950000,0.1714521272177184
5.02340000,0.2059046992342329
5.02730000,0.2390191009639965
5.03130000,0.2715518084367860
5.03520000,0.3019145009041903
5.03910000,0.3310247247843243
5.04300000,0.3590385773084172
5.04690000,0.3861272680115332
5.05080000,0.4124421117474188
5.05470000,0.4380865996183917
5.05860000,0.4630987998351982
5.06250000,0.4874448536869314
5.06640000,0.5110252882758957
5.07030000,0.5336910852975028
5.07420000,0.5552647234901690
5.07810000,0.5755640905101943
5.08200000,0.5944315597716955
5.08590000,0.6117712929714930
5.08980000,0.6275796559940358
5.09380000,0.6423056939568141
5.09770000,0.6553623637532853
5.10160000,0.6673027749758318
5.10550000,0.6783467260586723
5.10940000,0.6887046419783276
5.11330000,0.6985152120835607
5.11720000,0.7078021574253338
5.12110000,0.7164818825567550
5.12500000,0.7244135948230516
5.12890000,0.7314538234365205
5.13280000,0.7374893222164959
5.13670000,0.7424491211743190
5.14060000,0.7463019440308070
5.14450000,0.7490487477112354
5.14840000,0.7507251135328199
5.15230000,0.7514132452271020
5.15630000,0.7512309508827302
5.16020000,0.7503231855673097
5.16410000,0.7487735805986219
5.16800000,0.7466223083584846
5.17190000,0.7438758159171434
5.17580000,0.7405326498582820
5.17970000,0.7366041352685355
5.18360000,0.7321220275375081
5.18750000,0.7271333282632858
5.19140000,0.7216921743444608
5.19530000,0.7158572937566537
5.19920000,0.7096937272075369
5.20310000,0.7032716803668658
5.20700000,0.6966594459514990
5.21090000,0.6899167084004332
5.21480000,0.6830920570398313
5.21880000,0.6760442847295248
5.22270000,0.6691596801121686
5.22660000,0.6622769500670788
5.23050000,0.6554043206644009
5.23440000,0.6485440878265989
5.23830000,0.6416973997034942
5.24220000,0.6348688477522922
5.24610000,0.6280683796876206
5.25000000,0.6213128298415512
5.25390000,0.6146278321136373
5.25780000,0.6080462896109428
5.26170000,0.6016035922730713
5.26560000,0.5953318780222018
5.26950000,0.5892558242731099
5.27340000,0.5833903523932015
5.27730000,0.5777385234575386
5.28130000,0.5721491052204780
5.28520000,0.5668945299142619
5.28910000,0.5618271998936882
5.29300000,0.5569553411897110
5.29690000,0.5522934925660629
5.30080000,0.5478498800492827
5.30470000,0.5436181912437347
5.30860000,0.5395789143966326
5.31250000,0.5357076979895531
5.31640000,0.5319856424094591
5.32030000,0.5284061100507164
5.32420000,0.5249731758256093
5.32810000,0.5216941666593611
5.33200000,0.5185737313451446
5.33590000,0.5156117554286012
5.33980000,0.5128008169843524
5.34380000,0.5100506018786124
5.34770000,0.5074751112843184
5.35160000,0.5049715777592119
5.35550000,0.5025179261729749
5.35940000,0.5001048407698329
5.36330000,0.4977306575920674
5.36720000,0.4953948030615271
5.37110000,0.4930961679721413
5.37500000,0.4908354604184261
5.37890000,0.4886168509324987
5.38280000,0.4864455239080864
5.38670000,0.4843227995780369
5.39060000,0.4822442593233310
5.39450000,0.4802038202565876
5.39840000,0.4782003540290778
5.40230000,0.4762402501837318
5.40630000,0.4742816404082979
5.41020000,0.4724354452092595
5.41410000,0.4706506141107295
5.41800000,0.4689218485238714
5.42190000,0.4672396222385514
5.42580000,0.4655921900208487
5.42970000,0.4639685909445632
5.43360000,0.4623619960537241
5.43750000,0.4607696318445952
5.44140000,0.4591872135811847
5.44530000,0.4576022499702516
5.44920000,0.4559940814203126
5.45310000,0.4543439421586520
5.45700000,0.4526492117088269
5.46090000,0.4509303397696756
5.46480000,0.4492231561563254
5.46880000,0.4475169708768644
5.47270000,0.4459244889261973
5.47660000,0.4444052930660297
5.48050000,0.4429512726432255
5.48440000,0.4415483868579759
5.48830000,0.4401854069453067
5.49220000,0.4388589089745845
5.49610000,0.4375709209210247
5.50000000,0.4363214047721955
5.50390000,0.4351016377210254
5.50780000,0.4338940017413095
5.51170000,0.4326793293157136
5.51560000,0.4314473864017825
5.51950000,0.4302026686704432
5.52340000,0.4289606329945126
5.52730000,0.4277370231877022
5.53130000,0.4265042512076077
5.53520000,0.4253228883572835
5.53910000,0.4241429650761440
5.54300000,0.4229461937910397
5.54690000,0.4217198536117451
5.55080000,0.4204616683534638
5.55470000,0.4191797874073349
5.55860000,0.4178867982069392
5.56250000,0.4165901614783050
5.56640000,0.4152862428359134
5.57030000,0.4139641960712059
5.57420000,0.4126174408525897
5.57810000,0.4112530361804444
5.58200000,0.4098911638906277
5.58590000,0.4085561760484823
5.58980000,0.4072666667383422
5.59380000,0.4059966798952337
5.59770000,0.4048166456301036
5.60160000,0.4036899718729910
5.60550000,0.4026147267487566
5.60940000,0.4015903557047810
5.61330000,0.4006167059064711
5.61720000,0.3996891673442639
5.62110000,0.3987925131346324
5.62500000,0.3979005169300894
5.62890000,0.3969853263741914
5.63280000,0.3960307963630438
5.63670000,0.3950389165573051
5.64060000,0.3940241490501917
5.64450000,0.3930005159549824
5.64840000,0.3919713268635228
5.65230000,0.3909277058747305
5.65630000,0.3898240964843105
5.66020000,0.3887078630894207
5.66410000,0.3875412922779349
5.66800000,0.3863250155046108
5.67190000,0.3850665125838035
5.67580000,0.3837766301204721
5.67970000,0.3824639574371860
5.68360000,0.3811299485516308
5.68750000,0.3797690752126144
5.69140000,0.3783750248580725
5.69530000,0.3769482376380764
5.69920000,0.3754977811058385
5.70310000,0.3740352096482209
5.70700000,0.3725658988222393
5.71090000,0.3710861376710725
5.71480000,0.3695887910560671
5.71880000,0.3680296927805651
5.72270000,0.3664978643891364
5.72660000,0.3649596991664954
5.73050000,0.3634197309637366
5.73440000,0.3618759513416583
5.73830000,0.3603217033912709
5.74220000,0.3587486850653038
5.74610000,0.3571484412792139
5.75000000,0.3555131482206912
5.75390000,0.3538368567671676
5.75780000,0.3521167932918235
5.76170000,0.3503540100665966
5.76560000,0.3485541887011909
5.76950000,0.3467295530930821
5.77340000,0.3449001702335288
5.77730000,0.3430911573005785
5.78130000,0.3412767369208122
5.78520000,0.3395651449784182
5.78910000,0.3379064626685990
5.79300000,0.3362895567621488
5.79690000,0.3347001950496918
5.80080000,0.3331250635366921
5.80470000,0.3315527037889596
5.80860000,0.3299737807456592
5.81250000,0.3283820583238163
5.81640000,0.3267748393968252
5.82030000,0.3251517415064569
5.82420000,0.3235132812798655
5.82810000,0.3218614865735976
5.83200000,0.3202022494020981
5.83590000,0.3185461102472190
5.83980000,0.3169045278057269
5.84380000,0.3152390341681023
5.84770000,0.3136372589183823
5.85160000,0.3120509589704149
5.85550000,0.3104816648062030
5.85940000,0.3089380230807016
5.86330000,0.3074296560523261
5.86720000,0.3059590315454591
5.87110000,0.3045191865399585
5.87500000,0.3030987008411629
5.87890000,0.3016877420018994
5.88280000,0.3002783331354904
5.88670000,0.2988599722602593
5.89060000,0.2974186375655391
5.89450000,0.2959424114846768
5.89840000,0.2944272960630418
5.90230000,0.2928770407925318
5.90630000,0.2912550493441447
5.91020000,0.2896543711227322
5.91410000,0.2880365542358851
5.91800000,0.2864066872366907
5.92190000,0.2847701073608013
5.92580000,0.2831305067059430
5.92970000,0.2814885357784230
5.93360000,0.2798433721121386
5.93750000,0.2781959340245821
5.94140000,0.2765497031853511
5.94530000,0.2749077212846552
5.94920000,0.2732691849823233
5.95310000,0.2716296563323131
5.95700000,0.2699848121647165
5.96090000,0.2683338300072684
5.96480000,0.2666792350493544
5.96880000,0.2649785027310917
5.97270000,0.2633229378015458
5.97660000,0.2616646594391732
5.98050000,0.2599992488215408
5.98440000,0.2583207567654044
5.98830000,0.2566221628347173
5.99220000,0.2548981299886378
5.99610000,0.2531499208630391
6.00000000,0.2513891280230142
6.00390000,0.2496357610128861
6.00780000,0.2479099058942161
6.01170000,0.2462227152513104
6.01560000,0.2445740935217308
6.01950000,0.2429569246158000
6.02340000,0.2413622560111104
6.02730000,0.2397826655445315
6.03130000,0.2381713020009765
6.03520000,0.2366155553213768
6.03910000,0.2350761878302365
6.04300000,0.2335555907951101
6.04690000,0.2320504357623655
6.05080000,0.2305519806291920
6.05470000,0.2290523441196076
6.05860000,0.2275522914909668
6.06250000,0.2260630135774658
6.06640000,0.2245992784291507
6.07030000,0.2231703447994244
6.07420000,0.2217771883675534
6.07810000,0.2204166719696754
6.08200000,0.2190865575278039
6.08590000,0.2177867303378363
6.08980000,0.2165164635510594
6.09380000,0.2152347572454451
6.09770000,0.2139959693520006
6.10160000,0.2127405634620072
6.10550000,0.2114417200863720
6.10940000,0.2100806541254208
6.11330000,0.2086537693019062
6.11720000,0.2071715295205130
6.12110000,0.2056495062618659
6.12500000,0.2040977999690353
6.12890000,0.2025163724495446
6.13280000,0.2008994849193784
6.13670000,0.1992449184219887
6.14060000,0.1975596935488043
6.14450000,0.1958580618417365
6.14840000,0.1941544852666879
6.15230000,0.1924574382555603
6.15630000,0.1907209027590039
6.16020000,0.1890307171059626
6.16410000,0.1873294811936238
6.16800000,0.1856054113114673
6.17190000,0.1838497462095107
6.17580000,0.1820583157173196
6.17970000,0.1802295704055141
6.18360000,0.1783612721822803
6.18750000,0.1764512786028748
6.19140000,0.1745049651156362
6.19530000,0.1725430107684933
6.19920000,0.1705993130934735
6.20310000,0.1687073679027138
6.20700000,0.1668853674079671
6.21090000,0.1651316282701130
6.21480000,0.1634321286221651
6.21880000,0.1617266310504643
6.22270000,0.1600975428454522
6.22660000,0.1584966590482778
6.23050000,0.1569244962105750
6.23440000,0.1553825847471504
6.23830000,0.1538714985974926
6.24220000,0.1523887701102778
6.24610000,0.1509291004678797
6.25000000,0.1494885681763731
6.25390000,0.1480698131600433
6.25780000,0.1466819602433916
6.26170000,0.1453330247396422
6.26560000,0.1440199459812500
6.26950000,0.1427250866214046
6.27340000,0.1414235783620386
6.27730000,0.1400963108843326
6.28130000,0.1387005883182076
6.28520000,0.1373191626868902
6.28910000,0.1359245843313289
6.29300000,0.1345229747422623
6.29690000,0.1331152139272086
6.30080000,0.1317001732959735
6.30470000,0.1302773172726560
6.30860000,0.1288470093676569
6.31250000,0.1274104547891827
6.31640000,0.1259701595512546
6.32030000,0.1245288783512146
6.32420000,0.1230859608352314
6.32810000,0.1216346543388096
6.33200000,0.1201644759447935
6.33590000,0.1186675826068759
6.33980000,0.1171433431001042
6.34380000,0.1155546079781080
6.34770000,0.1139938493037274
6.35160000,0.1124254671198368
6.35550000,0.1108577636774761
6.35940000,0.1093018532640755
6.36330000,0.1077698257714639
6.36720000,0.1062709590548759
6.37110000,0.1048094807814602
6.37500000,0.1033849127612844
6.37890000,0.1019933908828434
6.38280000,0.1006287554945659
6.38670000,0.0992840626353206
6.39060000,0.0979544725889239
6.39450000,0.0966401384386444
6.39840000,0.0953460721607105
6.40230000,0.0940781274293156
6.40630000,0.0928032955185026
6.41020000,0.0915878235756619
6.41410000,0.0903929066362970
6.41800000,0.0892170717760251
6.42190000,0.0880589608474578
6.42580000,0.0869120316087080
6.42970000,0.0857640794858945
6.43360000,0.0846040285456488
6.43750000,0.0834291241871190
6.44140000,0.0822440531849762
6.44530000,0.0810528519109198
6.44920000,0.0798529761886832
6.45310000,0.0786377498700404
6.45700000,0.0774029453828099
6.46090000,0.0761492705658617
6.46480000,0.0748788297116226
6.46880000,0.0735549049399690
6.47270000,0.0722460923901885
6.47660000,0.0709137229733011
6.48050000,0.0695574715355232
6.48440000,0.0681786580601582
6.48830000,0.0667798842071039
6.49220000,0.0653671758168586
6.49610000,0.0639522784505288
6.50000000,0.0625505340153337
6.50390000,0.0611737454611138
6.50780000,0.0598243996713364
6.51170000,0.0584974465066023
6.51560000,0.0571878166981534
6.51950000,0.0558965241583766
6.52340000,0.0546303407793121
6.52730000,0.0533962871366583
6.53130000,0.0521627417628548
6.53520000,0.0509936555327834
6.53910000,0.0498492769417295
6.54300000,0.0487241158730859
6.54690000,0.0476149394914312
6.55080000,0.0465212887390373
6.55470000,0.0454445792493738
6.55860000,0.0443850788861142
6.56250000,0.0433382540086396
6.56640000,0.0422941190690446
6.57030000,0.0412416172676426
6.57420000,0.0401749524174699
6.57810000,0.0390957314482920
6.58200000,0.0380081820316075
6.58590000,0.0369120937951540
6.58980000,0.0358010201499125
6.59380000,0.0346351480446828
6.59770000,0.0334751464058128
6.60160000,0.0322914938536157
6.60550000,0.0310894701836028
6.60940000,0.0298735900115556
6.61330000,0.0286468184640326
6.61720000,0.0274118719843747
6.62110000,0.0261719643832120
6.62500000,0.0249302712124681
6.62890000,0.0236900828013670
6.63280000,0.0224566406884387
6.63670000,0.0212382471325248
6.64060000,0.0200439887022855
6.64450000,0.0188790495487035
6.64840000,0.0177423584765913
6.65230000,0.0166294009810955
6.65630000,0.0155065545507551
6.66020000,0.0144372576108000
6.66410000,0.0133937030184645
6.66800000,0.0123759864797881
6.67190000,0.0113803778011706
6.67580000,0.0104028981058778
6.67970000,0.0094423040360454
6.68360000,0.0084983660976855
6.68750000,0.0075675071346888
6.69140000,0.0066416162998309
6.69530000,0.0057121045087762
6.69920000,0.0047751076640820
6.70310000,0.0038321370582044
6.70700000,0.0028855839410010
6.71090000,0.0019347405837364
6.71480000,0.0009765654590864
6.71880000,-0.0000189713718426
6.72270000,-0.0009970704525659
6.72660000,-0.0019861931021320
6.73050000,-0.0029880226516723
6.73440000,-0.0040034772518846
6.73830000,-0.0050303760740265
6.74220000,-0.0060637645114117
6.74610000,-0.0070988983814035
6.75000000,-0.0081327360264122
6.75390000,-0.0091613558313884
6.75780000,-0.0101759198993184
6.76170000,-0.0111619853892199
6.76560000,-0.0121032347686359
6.76950000,-0.0129853017136317
6.77340000,-0.0137957328497892
6.77730000,-0.0145216730827032
6.78130000,-0.0151690595674643
6.78520000,-0.0156912786087064
6.78910000,-0.0161091768928279
6.79300000,-0.0164371033853891
6.79690000,-0.0166994079540479
6.80080000,-0.0169262807023074
6.80470000,-0.0171505554300651
6.80860000,-0.0174046240452607
6.81250000,-0.0177158818299257
6.81640000,-0.0181019125450311
6.82030000,-0.0185687839920362
6.82420000,-0.0191140896033867
6.82810000,-0.0197315739556111
6.83200000,-0.0204130686747201
6.83590000,-0.0211478611627015
6.83980000,-0.0219230580580186
6.84380000,-0.0227502880624280
6.84770000,-0.0235751889676848
6.85160000,-0.0244187820589770
6.85550000,-0.0252808568311285
6.85940000,-0.0261614323324187
6.86330000,-0.0270611397545784
6.86720000,-0.0279823319437854
6.87110000,-0.0289283182206594
6.87500000,-0.0299004375667588
6.87890000,-0.0308954187535757
6.88280000,-0.0319059542275308
6.88670000,-0.0329243155854692
6.89060000,-0.0339453377766551
6.89450000,-0.0349659217357673
6.89840000,-0.0359828727493944
6.90230000,-0.0369926900315297
6.90630000,-0.0380218731868428
6.91020000,-0.0390133672870681
6.91410000,-0.0399955657561611
6.91800000,-0.0409654269136849
6.92190000,-0.0419173265960843
6.92580000,-0.0428462145241798
6.92970000,-0.0437502350446638
6.93360000,-0.0446301341155948
6.93750000,-0.0454869255073948
6.94140000,-0.0463213934358441
6.94530000,-0.0471360246415772
6.94920000,-0.0479360031240791
6.95310000,-0.0487270293786807
6.95700000,-0.0495117623095555
6.96090000,-0.0502889584022156
6.96480000,-0.0510565324435079
6.96880000,-0.0518372675290280
6.97270000,-0.0525892126474451
6.97660000,-0.0533363369220057
6.98050000,-0.0540775690003578
6.98440000,-0.0548112062559659
6.98830000,-0.0555377459541071
6.99220000,-0.0562596174388677
6.99610000,-0.0569777962116384
7.00000000,-0.0576895466501130
7.00390000,-0.0583905645122829
7.00780000,-0.0590791089084348
7.01170000,-0.0597572074596470
7.01560000,-0.0604276147072850
7.01950000,-0.0610906366160002
7.02340000,-0.0617448383652245
7.02730000,-0.0623901050691691
7.03130000,-0.0630475801197219
7.03520000,-0.0636799883328344
7.03910000,-0.0643045706809357
7.04300000,-0.0649174628933168
7.04690000,-0.0655166753895320
7.05080000,-0.0661036618983943
7.05470000,-0.0666809091409735
7.05860000,-0.0672491439235923
7.06250000,-0.0678082322243247
7.06640000,-0.0683605268554922
7.07030000,-0.0689119387156611
7.07420000,-0.0694686656451403
7.07810000,-0.0700326396049777
7.08200000,-0.0706004936839580
7.08590000,-0.0711669097611000
7.08980000,-0.0717284635351536
7.09380000,-0.0723010843885814
7.09770000,-0.0728495081401168
7.10160000,-0.0733893198396710
7.10550000,-0.0739207297878895
7.10940000,-0.0744472194291356
7.11330000,-0.0749736092719867
7.11720000,-0.0755023477662325
7.12110000,-0.0760321722378713
7.12500000,-0.0765604426881085
7.12890000,-0.0770860303478531
7.13280000,-0.0776091455122158
7.13670000,-0.0781286976695055
7.14060000,-0.0786411094722272
7.14450000,-0.0791425548885794
7.14840000,-0.0796318094979514
7.15230000,-0.0801100209369212
7.15630000,-0.0805927123637985
7.16020000,-0.0810490666124373
7.16410000,-0.0814928277960122
7.16800000,-0.0819256600443299
7.17190000,-0.0823517143213733
7.17580000,-0.0827739938202999
7.17970000,-0.0831916949629393
7.18360000,-0.0836016803712904
7.18750000,-0.0840020866912203
7.19140000,-0.0843937363495616
7.19530000,-0.0847785000689104
7.19920000,-0.0851576306881745
7.20310000,-0.0855323064403709
7.20700000,-0.0859053411299245
7.21090000,-0.0862812396082154
7.21480000,-0.0866634852104779
7.21880000,-0.0870644415816503
7.22270000,-0.0874547133903122
7.22660000,-0.0878433089653996
7.23050000,-0.0882289790004410
7.23440000,-0.0886118916840586
7.23830000,-0.0889913792448665
7.24220000,-0.0893661636795683
7.24610000,-0.0897367268980052
7.25000000,-0.0901061925931043
7.25390000,-0.0904778374929265
7.25780000,-0.0908517723924142
7.26170000,-0.0912247508583905
7.26560000,-0.0915933906373556
7.26950000,-0.0919568288300864
7.27340000,-0.0923156429878337
7.27730000,-0.0926689874261706
7.28130000,-0.0930259355736660
7.28520000,-0.0933617098033809
7.28910000,-0.0936899497537697
7.29300000,-0.0940143166470756
7.29690000,-0.0943357438379554
7.30080000,-0.0946506386404775
7.30470000,-0.0949542586848698
7.30860000,-0.0952453967320682
7.31250000,-0.0955272128069653
7.31640000,-0.0958043322532584
7.32030000,-0.0960803187264983
7.32420000,-0.0963579860049375
7.32810000,-0.0966408766998788
7.33200000,-0.0969324989886240
7.33590000,-0.0972331989412220
7.33980000,-0.0975387200691177
7.34380000,-0.0978537846761829
7.34770000,-0.0981543747735324
7.35160000,-0.0984526023890716
7.35550000,-0.0987511263448616
7.35940000,-0.0990502678371517
7.36330000,-0.0993482112961265
7.36720000,-0.0996440077174057
7.37110000,-0.0999392504062412
7.37500000,-0.1002363341930165
7.37890000,-0.1005356529614947
7.38280000,-0.1008352897509169
7.38670000,-0.1011332682981508
7.39060000,-0.1014288806249883
7.39450000,-0.1017210916378454
7.39840000,-0.1020064635770094
7.40230000,-0.1022800072793878
7.40630000,-0.1025480420417951
7.41020000,-0.1027926604340968
7.41410000,-0.1030264543142907
7.41800000,-0.1032516807701495
7.42190000,-0.1034687508917592
7.42580000,-0.1036780623776175
7.42970000,-0.1038815853701826
7.43360000,-0.1040820456262217
7.43750000,-0.1042810459999105
7.44140000,-0.1044786819398814
7.44530000,-0.1046750316772729
7.44920000,-0.1048713709489777
7.45310000,-0.1050693159960423
7.45700000,-0.1052688111402656
7.46090000,-0.1054675740286975
7.46480000,-0.1056631310124384
7.46880000,-0.1058629719364957
7.47270000,-0.1060534938173992
7.47660000,-0.1062431850581514
7.48050000,-0.1064302109313411
7.48440000,-0.1066119447473022
7.48830000,-0.1067878564086116
7.49220000,-0.1069598452633888
7.49610000,-0.1071299789983944
7.50000000,-0.1072986591199794
7.50390000,-0.1074653517009837
7.50780000,-0.1076305921523359
7.51170000,-0.1077961439979014
7.51560000,-0.1079628487186823
7.51950000,-0.1081292637324154
7.52340000,-0.1082932539679720
7.52730000,-0.1084547292968068
7.53130000,-0.1086228382769942
7.53520000,-0.1087858120271766
7.53910000,-0.1089499602856903
7.54300000,-0.1091133144032126
7.54690000,-0.1092758072017500
7.55080000,-0.1094406522115854
7.55470000,-0.1096118530103787
7.55860000,-0.1097905953994649
7.56250000,-0.1099747404721033
7.56640000,-0.1101616863866763
7.57030000,-0.1103504764375891
7.57420000,-0.1105405231176176
7.57810000,-0.1107292877095576
7.58200000,-0.1109126074006743
7.58590000,-0.1110878803444502
7.58980000,-0.1112562655530850
7.59380000,-0.1114275995415215
7.59770000,-0.1115884447864347
7.60160000,-0.1117424972312959
7.60550000,-0.1118861507259114
7.60940000,-0.1120190434822996
7.61330000,-0.1121437060918898
7.61720000,-0.1122623477695216
7.62110000,-0.1123752456495433
7.62500000,-0.1124825257422623
7.62890000,-0.1125863762170933
7.63280000,-0.1126902057045583
7.63670000,-0.1127953338927855
7.64060000,-0.1128992297005586
7.64450000,-0.1129978202079665
7.64840000,-0.1130893089046019
7.65230000,-0.1131748968717112
7.65630000,-0.1132607066022610
7.66020000,-0.1133363938245676
7.66410000,-0.1134051293477515
7.66800000,-0.1134673706854017
7.67190000,-0.1135263299981076
7.67580000,-0.1135855500032186
7.67970000,-0.1136460617137334
7.68360000,-0.1137064232711847
7.68750000,-0.1137653297833235
7.69140000,-0.1138230465062589
7.69530000,-0.1138800072259920
7.69920000,-0.1139352569258212
7.70310000,-0.1139873774628460
7.70700000,-0.1140367299279569
7.71090000,-0.1140859359440549
7.71480000,-0.1141376949901008
7.71880000,-0.1141964312068212
7.72270000,-0.1142523797774530
7.72660000,-0.1143091315596903
7.73050000,-0.1143688942090242
7.73440000,-0.1144342210500030
7.73830000,-0.1145045838350124
7.74220000,-0.1145761942660391
7.74610000,-0.1146449985266014
7.75000000,-0.1147089494837575
7.75390000,-0.1147673128611407
7.75780000,-0.1148188344415633
7.76170000,-0.1148617090772268
7.76560000,-0.1148956298417608
7.76950000,-0.1149230958184904
7.77340000,-0.1149476156777851
7.77730000,-0.1149703835916671
7.78130000,-0.1149925321572466
7.78520000,-0.1150052543279229
7.78910000,-0.1150115741376562
7.79300000,-0.1150132741682695
7.79690000,-0.1150113459957458
7.80080000,-0.1150050034906188
7.80470000,-0.1149937199184271
7.80860000,-0.1149793090380194
7.81250000,-0.1149649810607291
7.81640000,-0.1149524055069442
7.82030000,-0.1149405645838769
7.82420000,-0.1149279704859088
7.82810000,-0.1149153232473206
7.83200000,-0.1149048834859867
7.83590000,-0.1148971614695151
7.83980000,-0.1148892685349375
7.84380000,-0.1148796431918092
7.84770000,-0.1148624338692123
7.85160000,-0.1148422963534630
7.85550000,-0.1148222694443950
7.85940000,-0.1148030893229098
7.86330000,-0.1147833247965409
7.86720000,-0.1147620936884547
7.87110000,-0.1147404975499491
7.87500000,-0.1147198349651546
7.87890000,-0.1146990267203335
7.88280000,-0.1146746119779796
7.88670000,-0.1146432848485186
7.89060000,-0.1146037901237577
7.89450000,-0.1145559075004353
7.89840000,-0.1144980584797715
7.90230000,-0.1144272355883177
7.90630000,-0.1143424676748088
7.91020000,-0.1142454206247547
7.91410000,-0.1141413824572535
7.91800000,-0.1140338133787329
7.92190000,-0.1139235911121029
7.92580000,-0.1138112375705556
7.92970000,-0.1136987667672660
7.93360000,-0.1135882214086414
7.93750000,-0.1134786102613728
7.94140000,-0.1133653782652845
7.94530000,-0.1132437733253343
7.94920000,-0.1131126473432642
7.95310000,-0.1129745920370506
7.95700000,-0.1128328093547044
7.96090000,-0.1126888178472215
7.96480000,-0.1125433727975335
7.96880000,-0.1123972673416158
7.97270000,-0.1122553531962062
7.97660000,-0.1121171743389029
7.98050000,-0.1119801842968838
7.98440000,-0.1118409566393139
7.98830000,-0.1116985613340964
7.99220000,-0.1115548689069229
7.99610000,-0.1114115738910737
8.00000000,-0.1112678495507182
8.00390000,-0.1111214612178157
8.00780000,-0.1109713832077151
8.01170000,-0.1108181871480063
8.01560000,-0.1106619434723698
8.01950000,-0.1105008880944276
8.02340000,-0.1103329527677437
8.02730000,-0.1101584432158244
8.03130000,-0.1099785801300230
8.03520000,-0.1098008951994238
8.03910000,-0.1096244914777177
8.04300000,-0.1094481060653863
8.04690000,-0.1092707037029562
8.05080000,-0.1090930874748996
8.05470000,-0.1089167854727356
8.05860000,-0.1087422870551296
8.06250000,-0.1085694828263952
8.06640000,-0.1083996961893934
8.07030000,-0.1082361175851841
8.07420000,-0.1080813387004766
8.07810000,-0.1079345825160295
8.08200000,-0.1077921662405519
8.08590000,-0.1076508623638531
8.08980000,-0.1075100468996938
8.09380000,-0.1073691769299276
8.09770000,-0.1072292912824350
8.10160000,-0.1070868934422738
8.10550000,-0.1069407090162128
8.10940000,-0.1067921972155738
8.11330000,-0.1066436838170324
8.11720000,-0.1064948585511678
8.12110000,-0.1063418779289140
8.12500000,-0.1061804948277599
8.12890000,-0.1060096012751495
8.13280000,-0.1058312571427327
8.13670000,-0.1056478188084159
8.14060000,-0.1054601065502627
8.14450000,-0.1052686498769439
8.14840000,-0.1050757669043890
8.15230000,-0.1048851339420360
8.15630000,-0.1046964361523784
8.16020000,-0.1045123718769823
8.16410000,-0.1043273178401122
8.16800000,-0.1041403803096982
8.17190000,-0.1039541719900321
8.17580000,-0.1037717991255186
8.17970000,-0.1035937912159259
8.18360000,-0.1034185467337355
8.18750000,-0.1032451623771937
8.19140000,-0.1030745865791619
8.19530000,-0.1029073890074165
8.19920000,-0.1027411742562509
8.20310000,-0.1025715574509745
8.20700000,-0.1023959901479142
8.21090000,-0.1022158684053145
8.21480000,-0.1020345662707385
8.21880000,-0.1018519537585422
8.22270000,-0.1016721231991787
8.22660000,-0.1014926624556934
8.23050000,-0.1013145352547289
8.23440000,-0.1011385331564486
8.23830000,-0.1009628920188379
8.24220000,-0.1007837224114548
8.24610000,-0.1005986346556802
8.25000000,-0.1004094418230687
8.25390000,-0.1002204878170491
8.25780000,-0.1000344962714256
8.26170000,-0.0998508431565271
8.26560000,-0.0996676725019093
8.26950000,-0.0994844425328043
8.27340000,-0.0993017037679219
8.27730000,-0.0991190043391995
8.28130000,-0.0989321403986270
8.28520000,-0.0987445485586529
8.28910000,-0.0985560976398759
8.29300000,-0.0983708732877518
8.29690000,-0.0981912643601172
8.30080000,-0.0980161322340411
8.30470000,-0.0978426950615741
8.30860000,-0.0976693914558998
8.31250000,-0.0974959550963856
8.31640000,-0.0973208590273826
8.32030000,-0.0971401258033269
8.32420000,-0.0969497588481894
8.32810000,-0.0967491608971268
8.33200000,-0.0965415854526824
8.33590000,-0.0963312176230868
8.33980000,-0.0961203314785581
8.34380000,-0.0959064656797041
8.34770000,-0.0956961523233689
8.35160000,-0.0954877468978896
8.35550000,-0.0952815646088433
8.35940000,-0.0950757647661982
8.36330000,-0.0948677204565154
8.36720000,-0.0946565092038484
8.37110000,-0.0944436379777944
8.37500000,-0.0942310078146955
8.37890000,-0.0940184556768884
8.38280000,-0.0938040968707561
8.38670000,-0.0935872671638280
8.39060000,-0.0933703037412312
8.39450000,-0.0931568063341409
8.39840000,-0.0929485631091312
8.40230000,-0.0927447663586759
8.40630000,-0.0925411500463988
8.41020000,-0.0923424343169763
8.41410000,-0.0921451929171851
8.41800000,-0.0919468716123551
8.42190000,-0.0917434068493192
8.42580000,-0.0915322692598643
8.42970000,-0.0913148892813320
8.43360000,-0.0910953620894693
8.43750000,-0.0908767632567293
8.44140000,-0.0906593582310718
8.44530000,-0.0904423813794644
8.44920000,-0.0902266165574335
8.45310000,-0.0900141943363640
8.45700000,-0.0898056728418014
8.46090000,-0.0895983715740017
8.46480000,-0.0893885579097826
8.46880000,-0.0891717812493307
8.47270000,-0.0889554952251245
8.47660000,-0.0887380440554275
8.48050000,-0.0885192876334105
8.48440000,-0.0882987778663596
8.48830000,-0.0880777079717270
8.49220000,-0.0878583921547315
8.49610000,-0.0876415281769097
8.50000000,-0.0874250285436665
8.50390000,-0.0872065589889259
8.50780000,-0.0869869530908818
8.51170000,-0.0867701242762991
8.51560000,-0.0865592781795138
8.51950000,-0.0863537218418344
8.52340000,-0.0861495734159922
8.52730000,-0.0859430696566925
8.53130000,-0.0857295867144155
8.53520000,-0.0855146501788145
8.53910000,-0.0852940685252209
8.54300000,-0.0850664371719922
8.54690000,-0.0848324022189630
8.55080000,-0.0845953280669968
8.55470000,-0.0843587187613856
8.55860000,-0.0841231917049518
8.56250000,-0.0838865828702987
8.56640000,-0.0836467320550112
8.57030000,-0.0834033671374069
8.57420000,-0.0831570691705866
8.57810000,-0.0829072963050858
8.58200000,-0.0826526496889251
8.58590000,-0.0823933603026114
8.58980000,-0.0821327141068888
8.59380000,-0.0818707759404539
8.59770000,-0.0816176508556488
8.60160000,-0.0813666605405993
8.60550000,-0.0811138886956575
8.60940000,-0.0808574869192178
8.61330000,-0.0805982428538672
8.61720000,-0.0803370340499366
8.62110000,-0.0800729743169514
8.62500000,-0.0798048962598833
8.62890000,-0.0795340982753502
8.63280000,-0.0792642355134682
8.63670000,-0.0789979626506020
8.64060000,-0.0787343762752160
8.64450000,-0.0784703042161755
8.64840000,-0.0782036321627976
8.65230000,-0.0779344992586023
8.65630000,-0.0776589224166508
8.66020000,-0.0773858323414962
8.66410000,-0.0771106854500604
8.66800000,-0.0768360139827346
8.67190000,-0.0765662229570676
8.67580000,-0.0763042501570677
8.67970000,-0.0760493796313527
8.68360000,-0.0757987950085512
8.68750000,-0.0755508621195043
8.69140000,-0.0753062346823651
8.69530000,-0.0750657271022011
8.69920000,-0.0748278773726941
8.70310000,-0.0745893277531915
8.70700000,-0.0743476750642071
8.71090000,-0.0741033090323721
8.71480000,-0.0738579354930356
8.71880000,-0.0736079021248310
8.72270000,-0.0733600031741169
8.72660000,-0.0731099263500175
8.73050000,-0.0728596854693137
8.73440000,-0.0726118242350593
8.73830000,-0.0723667017605321
8.74220000,-0.0721224638749840
8.74610000,-0.0718776485615427
8.75000000,-0.0716328138776624
8.75390000,-0.0713888277778243
8.75780000,-0.0711439986885381
8.76170000,-0.0708940047291926
8.76560000,-0.0706351533788567
8.76950000,-0.0703673102027300
8.77340000,-0.0700931355850944
8.77730000,-0.0698147255891147
8.78130000,-0.0695268721670251
8.78520000,-0.0692386775370887
8.78910000,-0.0689463473198608
8.79300000,-0.0686529493536488
8.79690000,-0.0683608723786482
8.80080000,-0.0680703683690444
8.80470000,-0.0677810981966131
8.80860000,-0.0674943889117220
8.81250000,-0.0672127880259815
8.81640000,-0.0669370161828959
8.82030000,-0.0666640695114647
8.82420000,-0.0663892052682834
8.82810000,-0.0661099265123947
8.83200000,-0.0658274665544893
8.83590000,-0.0655442409075073
8.83980000,-0.0652607349169892
8.84380000,-0.0649708321647336
8.84770000,-0.0646851091507210
8.85160000,-0.0644018186328564
8.85550000,-0.0641244339811921
8.85940000,-0.0638533257600366
8.86330000,-0.0635857559891051
8.86720000,-0.0633189159081205
8.87110000,-0.0630521105657149
8.87500000,-0.0627855173148801
8.87890000,-0.0625176721966687
8.88280000,-0.0622455598488454
8.88670000,-0.0619675709265877
8.89060000,-0.0616853978359373
8.89450000,-0.0614021428262506
8.89840000,-0.0611190793658505
8.90230000,-0.0608352446836769
8.90630000,-0.0605452152461143
8.91020000,-0.0602617704378876
8.91410000,-0.0599842308397212
8.91800000,-0.0597153218448348
8.92190000,-0.0594544441385204
8.92580000,-0.0591992710113942
8.92970000,-0.0589479348612465
8.93360000,-0.0586989545009434
8.93750000,-0.0584497985329775
8.94140000,-0.0581970479502190
8.94530000,-0.0579387050665664
8.94920000,-0.0576759821251976
8.95310000,-0.0574121420508708
8.95700000,-0.0571492961716256
8.96090000,-0.0568866060457841
8.96480000,-0.0566218999047014
8.96880000,-0.0563498651142329
8.97270000,-0.0560811271411718
8.97660000,-0.0558123647306954
8.98050000,-0.0555434797487022
8.98440000,-0.0552740201645294
8.98830000,-0.0550051140434036
8.99220000,-0.0547393758118916
8.99610000,-0.0544786528028019
9.00000000,-0.0542224126383355
9.00390000,-0.0539687207475368
9.00780000,-0.0537165282544947
9.01170000,-0.0534665079374934
9.01560000,-0.0532195812575136
9.01950000,-0.0529751928773331
9.02340000,-0.0527317774213281
9.02730000,-0.0524889172830740
9.03130000,-0.0522441836897915
9.03520000,-0.0520073161952160
9.03910000,-0.0517741165462213
9.04300000,-0.0515426252954881
9.04690000,-0.0513113631453510
9.05080000,-0.0510807101847490
9.05470000,-0.0508517485544763
9.05860000,-0.0506240395992837
9.06250000,-0.0503952814498285
9.06640000,-0.0501635490871261
9.07030000,-0.0499291365134008
9.07420000,-0.0496932750755862
9.07810000,-0.0494553596878266
9.08200000,-0.0492125911098273
9.08590000,-0.0489628683272563
9.08980000,-0.0487073729471944
9.09380000,-0.0484450199322360
9.09770000,-0.0481867140086422
9.10160000,-0.0479269263545884
9.10550000,-0.0476637089878178
9.10940000,-0.0473973233825413
9.11330000,-0.0471303877665890
9.11720000,-0.0468652372504112
9.12110000,-0.0466019936605287
9.12500000,-0.0463397190483848
9.12890000,-0.0460789580008957
9.13280000,-0.0458220016275516
9.13670000,-0.0455703203815179
9.14060000,-0.0453227084981358
9.14450000,-0.0450768889599737
9.14840000,-0.0448325608261778
9.15230000,-0.0445917913872231
9.15630000,-0.0443523087257896
9.16020000,-0.0441207916131622
9.16410000,-0.0438904478296333
9.16800000,-0.0436596737115522
9.17190000,-0.0434293218223013
9.17580000,-0.0432007593080477
9.17970000,-0.0429734461030432
9.18360000,-0.0427452046555752
9.18750000,-0.0425149784018682
9.19140000,-0.0422844730771838
9.19530000,-0.0420561959420723
9.19920000,-0.0418301444659230
9.20310000,-0.0416035652952657
9.20700000,-0.0413743573918205
9.21090000,-0.0411438974596499
9.21480000,-0.0409159285212087
9.21880000,-0.0406895461063880
9.22270000,-0.0404721163229949
9.22660000,-0.0402591632217599
9.23050000,-0.0400504834062668
9.23440000,-0.0398459136512961
9.23830000,-0.0396436149866759
9.24220000,-0.0394402333850823
9.24610000,-0.0392334784186406
9.25000000,-0.0390241280305256
9.25390000,-0.0388149113721629
9.25780000,-0.0386074959069791
9.26170000,-0.0384010220907028
9.26560000,-0.0381937255529654
9.26950000,-0.0379854201064018
9.27340000,-0.0377776603474014
9.27730000,-0.0375713198614082
9.28130000,-0.0373615883359954
9.28520000,-0.0371522959082231
9.28910000,-0.0369392941448783
9.29300000,-0.0367235828831330
9.29690000,-0.0365058788428178
9.30080000,-0.0362851254383733
9.30470000,-0.0360596768949002
9.30860000,-0.0358295306608106
9.31250000,-0.0355966277409787
9.31640000,-0.0353627503646917
9.32030000,-0.0351279763220508
9.32420000,-0.0348920715915715
9.32810000,-0.0346569197866853
9.33200000,-0.0344264035528399
9.33590000,-0.0342034356691007
9.33980000,-0.0339874320412010
9.34380000,-0.0337717277914058
9.34770000,-0.0335605814427623
9.35160000,-0.0333511310606762
9.35550000,-0.0331455739772617
9.35940000,-0.0329447148963054
9.36330000,-0.0327474168766169
9.36720000,-0.0325529006979294
9.37110000,-0.0323620207985504
9.37500000,-0.0321753848455126
9.37890000,-0.0319909395916744
9.38280000,-0.0318045925844709
9.38670000,-0.0316135368730137
9.39060000,-0.0314185159408929
9.39450000,-0.0312223698641765
9.39840000,-0.0310265556553622
9.40230000,-0.0308299440178271
9.40630000,-0.0306282294777471
9.41020000,-0.0304288407213752
9.41410000,-0.0302316386785508
9.41800000,-0.0300379541034776
9.42190000,-0.0298462119785932
9.42580000,-0.0296541218423189
9.42970000,-0.0294615453011113
9.43360000,-0.0292705591568123
9.43750000,-0.0290826012852500
9.44140000,-0.0288963587394395
9.44530000,-0.0287093382815335
9.44920000,-0.0285211451791231
9.45310000,-0.0283339997017382
9.45700000,-0.0281497586576983
9.46090000,-0.0279675395102131
9.46480000,-0.0277850230963336
9.46880000,-0.0275986736013492
9.47270000,-0.0274152584031003
9.47660000,-0.0272333574081617
9.48050000,-0.0270521531165043
9.48440000,-0.0268696764314935
9.48830000,-0.0266855402654395
9.49220000,-0.0265017066325481
9.49610000,-0.0263202006736711
9.50000000,-0.0261409011990573
9.50390000,-0.0259622924777027
9.50780000,-0.0257840715882018
9.51170000,-0.0256083191441476
9.51560000,-0.0254377470319324
9.51950000,-0.0252729495015988
9.52340000,-0.0251117317213897
9.52730000,-0.0249513536680995
9.53130000,-0.0247890205852689
9.53520000,-0.0246301707365063
9.53910000,-0.0244730557476076
9.54300000,-0.0243162210949774
9.54690000,-0.0241582218190739
9.55080000,-0.0239994780859102
9.55470000,-0.0238415100070539
9.55860000,-0.0236847664413787
9.56250000,-0.0235280970208639
9.56640000,-0.0233704661537957
9.57030000,-0.0232124566034676
9.57420000,-0.0230554966563804
9.57810000,-0.0228999050873435
9.58200000,-0.0227445659579751
9.58590000,-0.0225887918300025
9.58980000,-0.0224338063015132
9.59380000,-0.0222797170387619
9.59770000,-0.0221309570181930
9.60160000,-0.0219838960003837
9.60550000,-0.0218364481771661
9.60940000,-0.0216879739298846
9.61330000,-0.0215389374113468
9.61720000,-0.0213889821181233
9.62110000,-0.0212363302242492
9.62500000,-0.0210799021298238
9.62890000,-0.0209216406952613
9.63280000,-0.0207656580655916
9.63670000,-0.0206146699316606
9.64060000,-0.0204678013764808
9.64450000,-0.0203221344517818
9.64840000,-0.0201757708109610
9.65230000,-0.0200289354812336
9.65630000,-0.0198806522155508
9.66020000,-0.0197345184525813
9.66410000,-0.0195884618235647
9.66800000,-0.0194443945748941
9.67190000,-0.0193067865664326
9.67580000,-0.0191796083774148
9.67970000,-0.0190628497374463
9.68360000,-0.0189526496071050
9.68750000,-0.0188447681821912
9.69140000,-0.0187372401553774
9.69530000,-0.0186295808419592
9.69920000,-0.0185204619456055
9.70310000,-0.0184074628748589
9.70700000,-0.0182893681960857
9.71090000,-0.0181678682460267
9.71480000,-0.0180461072027471
9.71880000,-0.0179243879267917
9.72270000,-0.0178040116832674
9.72660000,-0.0176822282631700
9.73050000,-0.0175591804233173
9.73440000,-0.0174359444394533
9.73830000,-0.0173117965006993
9.74220000,-0.0171831605870536
9.74610000,-0.0170459480072424
9.75000000,-0.0168986142928201
9.75390000,-0.0167420425082196
9.75780000,-0.0165764920955029
9.76170000,-0.0163999652150618
9.76560000,-0.0162103932474682
9.76950000,-0.0160089576746748
9.77340000,-0.0158005683175164
9.77730000,-0.0155908982632094
9.78130000,-0.0153796819815430
9.78520000,-0.0151743923713226
9.78910000,-0.0149717280493555
9.79300000,-0.0147722468718955
9.79690000,-0.0145748615575326
9.80080000,-0.0143753801063436
9.80470000,-0.0141686789110931
9.80860000,-0.0139526166529338
9.81250000,-0.0137293408462578
9.81640000,-0.0135028086554971
9.82030000,-0.0132756840902248
9.82420000,-0.0130488540288052
9.82810000,-0.0128231766546956
9.83200000,-0.0126004168889964
9.83590000,-0.0123818480240025
9.83980000,-0.0121665319811538
9.84380000,-0.0119481542878642
9.84770000,-0.0117319557875603
9.85160000,-0.0115139462406005
9.85550000,-0.0112942702955132
9.85940000,-0.0110717316222264
9.86330000,-0.0108441965445183
9.86720000,-0.0106109833145675
9.87110000,-0.0103742853477548
9.87500000,-0.0101375433022134
9.87890000,-0.0099025680020305
9.88280000,-0.0096689703781475
9.88670000,-0.0094363785774113
9.89060000,-0.0092063432607751
9.89450000,-0.0089813218268491
9.89840000,-0.0087618969826020
9.90230000,-0.0085456557546611
9.90630000,-0.0083254056607786
9.91020000,-0.0081068695079723
9.91410000,-0.0078865238508163
9.91800000,-0.0076643564656322
9.92190000,-0.0074389548487045
9.92580000,-0.0072094038626817
9.92970000,-0.0069777247478273
9.93360000,-0.0067481692434702
9.93750000,-0.0065236423715062
9.94140000,-0.0063034317647483
9.94530000,-0.0060850058399278
9.94920000,-0.0058675431904455
9.95310000,-0.0056526059447718
9.95700000,-0.0054412110399981
9.96090000,-0.0052312917371876
9.96480000,-0.0050188013935257
9.96880000,-0.0047973093724315
9.97270000,-0.0045749037865668
9.97660000,-0.0043501200162998
9.98050000,-0.0041259262039639
9.98440000,-0.0039080260097690
9.98830000,-0.0037086940765527
9.99220000,-0.0035473499147805
9.99610000,-0.0034456680197572
10.00000000,-0.0034202619856467
