Run24_FR76_s1p75_3_adaptive_wall
50	0
0.000000	0.000000000e+00
0.005000	3.972551019e-03
0.010000	7.623269580e-03
0.015000	1.065639618e-02
0.020000	1.282620493e-02
0.025000	1.395691084e-02
0.030000	1.395691084e-02
0.035000	1.282620493e-02
0.040000	1.065639618e-02
0.045000	7.623269580e-03
0.050000	3.972551019e-03
0.055000	1.726805004e-18
0.060000	-3.972551019e-03
0.065000	-7.623269580e-03
0.070000	-1.065639618e-02
0.075000	-1.282620493e-02
0.080000	-1.395691084e-02
0.085000	-1.395691084e-02
0.090000	-1.282620493e-02
0.095000	-1.065639618e-02
0.100000	-7.623269580e-03
0.105000	-3.972551019e-03
0.110000	-3.453610008e-18
0.115000	2.278283022e-02
0.120000	4.433743217e-02
0.125000	6.350179167e-02
0.130000	7.924275314e-02
0.135000	9.071171729e-02
0.140000	9.729038927e-02
0.145000	9.862411119e-02
0.150000	9.464098174e-02
0.155000	8.555573247e-02
0.160000	7.185815152e-02
0.165000	5.428667902e-02
0.170000	3.378859760e-02
0.175000	1.146896414e-02
0.180000	-1.146896414e-02
0.185000	-3.378859760e-02
0.190000	-5.428667902e-02
0.195000	-7.185815152e-02
0.200000	-8.555573247e-02
0.205000	-9.464098174e-02
0.210000	-9.862411119e-02
0.215000	-9.729038927e-02
0.220000	-9.071171729e-02
0.225000	-7.924275314e-02
0.230000	-6.350179167e-02
0.235000	-4.433743217e-02
0.240000	-2.278283022e-02
0.245000	-2.419687770e-17
