Run25_FR76_s2p00_3_adaptive_wall
50	0
0.000000	0.000000000e+00
0.005000	4.540058308e-03
0.010000	8.712308092e-03
0.015000	1.217873849e-02
0.020000	1.465851992e-02
0.025000	1.595075525e-02
0.030000	1.595075525e-02
0.035000	1.465851992e-02
0.040000	1.217873849e-02
0.045000	8.712308092e-03
0.050000	4.540058308e-03
0.055000	1.973491433e-18
0.060000	-4.540058308e-03
0.065000	-8.712308092e-03
0.070000	-1.217873849e-02
0.075000	-1.465851992e-02
0.080000	-1.595075525e-02
0.085000	-1.595075525e-02
0.090000	-1.465851992e-02
0.095000	-1.217873849e-02
0.100000	-8.712308092e-03
0.105000	-4.540058308e-03
0.110000	-3.946982867e-18
0.115000	2.603752025e-02
0.120000	5.067135105e-02
0.125000	7.257347619e-02
0.130000	9.056314645e-02
0.135000	1.036705340e-01
0.140000	1.111890163e-01
0.145000	1.127132699e-01
0.150000	1.081611220e-01
0.155000	9.777797997e-02
0.160000	8.212360174e-02
0.165000	6.204191888e-02
0.170000	3.861554012e-02
0.175000	1.310738759e-02
0.180000	-1.310738759e-02
0.185000	-3.861554012e-02
0.190000	-6.204191888e-02
0.195000	-8.212360174e-02
0.200000	-9.777797997e-02
0.205000	-1.081611220e-01
0.210000	-1.127132699e-01
0.215000	-1.111890163e-01
0.220000	-1.036705340e-01
0.225000	-9.056314645e-02
0.230000	-7.257347619e-02
0.235000	-5.067135105e-02
0.240000	-2.603752025e-02
0.245000	-2.765357452e-17
