Run23_FR76_s1p50_3_adaptive_wall
50	0
0.000000	0.000000000e+00
0.005000	3.405043731e-03
0.010000	6.534231069e-03
0.015000	9.134053867e-03
0.020000	1.099388994e-02
0.025000	1.196306644e-02
0.030000	1.196306644e-02
0.035000	1.099388994e-02
0.040000	9.134053867e-03
0.045000	6.534231069e-03
0.050000	3.405043731e-03
0.055000	1.480118575e-18
0.060000	-3.405043731e-03
0.065000	-6.534231069e-03
0.070000	-9.134053867e-03
0.075000	-1.099388994e-02
0.080000	-1.196306644e-02
0.085000	-1.196306644e-02
0.090000	-1.099388994e-02
0.095000	-9.134053867e-03
0.100000	-6.534231069e-03
0.105000	-3.405043731e-03
0.110000	-2.960237150e-18
0.115000	1.952814019e-02
0.120000	3.800351329e-02
0.125000	5.443010714e-02
0.130000	6.792235984e-02
0.135000	7.775290053e-02
0.140000	8.339176223e-02
0.145000	8.453495245e-02
0.150000	8.112084149e-02
0.155000	7.333348498e-02
0.160000	6.159270130e-02
0.165000	4.653143916e-02
0.170000	2.896165509e-02
0.175000	9.830540694e-03
0.180000	-9.830540694e-03
0.185000	-2.896165509e-02
0.190000	-4.653143916e-02
0.195000	-6.159270130e-02
0.200000	-7.333348498e-02
0.205000	-8.112084149e-02
0.210000	-8.453495245e-02
0.215000	-8.339176223e-02
0.220000	-7.775290053e-02
0.225000	-6.792235984e-02
0.230000	-5.443010714e-02
0.235000	-3.800351329e-02
0.240000	-1.952814019e-02
0.245000	-2.074018089e-17
