Run22_FR76_s1p00_3_adaptive_wall
50	0
0.000000	0.000000000e+00
0.005000	2.270029154e-03
0.010000	4.356154046e-03
0.015000	6.089369244e-03
0.020000	7.329259961e-03
0.025000	7.975377625e-03
0.030000	7.975377625e-03
0.035000	7.329259961e-03
0.040000	6.089369244e-03
0.045000	4.356154046e-03
0.050000	2.270029154e-03
0.055000	9.867457167e-19
0.060000	-2.270029154e-03
0.065000	-4.356154046e-03
0.070000	-6.089369244e-03
0.075000	-7.329259961e-03
0.080000	-7.975377625e-03
0.085000	-7.975377625e-03
0.090000	-7.329259961e-03
0.095000	-6.089369244e-03
0.100000	-4.356154046e-03
0.105000	-2.270029154e-03
0.110000	-1.973491433e-18
0.115000	1.301876013e-02
0.120000	2.533567552e-02
0.125000	3.628673810e-02
0.130000	4.528157323e-02
0.135000	5.183526702e-02
0.140000	5.559450815e-02
0.145000	5.635663496e-02
0.150000	5.408056099e-02
0.155000	4.888898998e-02
0.160000	4.106180087e-02
0.165000	3.102095944e-02
0.170000	1.930777006e-02
0.175000	6.553693796e-03
0.180000	-6.553693796e-03
0.185000	-1.930777006e-02
0.190000	-3.102095944e-02
0.195000	-4.106180087e-02
0.200000	-4.888898998e-02
0.205000	-5.408056099e-02
0.210000	-5.635663496e-02
0.215000	-5.559450815e-02
0.220000	-5.183526702e-02
0.225000	-4.528157323e-02
0.230000	-3.628673810e-02
0.235000	-2.533567552e-02
0.240000	-1.301876013e-02
0.245000	-1.382678726e-17
