StratC_run25_T0.4003_beta0.780_s-1
621	0
0.000000	0.000000000e+00
0.005000	2.094594958e-02
0.010000	4.177366674e-02
0.015000	6.236564677e-02
0.020000	8.260583586e-02
0.025000	1.023803454e-01
0.030000	1.215781531e-01
0.035000	1.400917860e-01
0.040000	1.578179822e-01
0.045000	1.746583263e-01
0.050000	1.905198553e-01
0.055000	2.053156305e-01
0.060000	2.189652728e-01
0.065000	2.313954574e-01
0.070000	2.425403651e-01
0.075000	2.523420872e-01
0.080000	2.607509823e-01
0.085000	2.677259814e-01
0.090000	2.732348411e-01
0.095000	2.772543417e-01
0.100000	2.797704304e-01
0.105000	2.805692306e-01
0.110000	2.794438046e-01
0.115000	2.764081351e-01
0.120000	2.714915926e-01
0.125000	2.647351242e-01
0.130000	2.561910013e-01
0.135000	2.459224982e-01
0.140000	2.340035022e-01
0.145000	2.205180595e-01
0.150000	2.055598572e-01
0.155000	1.892316472e-01
0.160000	1.716446134e-01
0.165000	1.529176877e-01
0.170000	1.331768179e-01
0.175000	1.125541922e-01
0.180000	9.118742605e-02
0.185000	6.921871504e-02
0.190000	4.679395949e-02
0.195000	2.406186664e-02
0.200000	1.173035355e-03
0.205000	-2.172097082e-02
0.210000	-4.446855646e-02
0.215000	-6.691902737e-02
0.220000	-8.892351802e-02
0.225000	-1.103359078e-01
0.230000	-1.310137205e-01
0.235000	-1.508190009e-01
0.240000	-1.696191643e-01
0.245000	-1.872878122e-01
0.250000	-2.037055104e-01
0.255000	-2.187605242e-01
0.260000	-2.323495058e-01
0.265000	-2.443781308e-01
0.270000	-2.547616784e-01
0.275000	-2.634255531e-01
0.280000	-2.703057435e-01
0.285000	-2.753492169e-01
0.290000	-2.785142448e-01
0.295000	-2.797706605e-01
0.300000	-2.791000446e-01
0.305000	-2.766976744e-01
0.310000	-2.727803781e-01
0.315000	-2.673724717e-01
0.320000	-2.604965533e-01
0.325000	-2.521842567e-01
0.330000	-2.424760562e-01
0.335000	-2.314210177e-01
0.340000	-2.190764966e-01
0.345000	-2.055077850e-01
0.350000	-1.907877095e-01
0.355000	-1.749961834e-01
0.360000	-1.582197144e-01
0.365000	-1.405508725e-01
0.370000	-1.220877200e-01
0.375000	-1.029332082e-01
0.380000	-8.319454335e-02
0.385000	-6.298252735e-02
0.390000	-4.241087534e-02
0.395000	-2.159551600e-02
0.400000	-6.538779941e-04
0.405000	2.029583280e-02
0.410000	4.113536082e-02
0.415000	6.174712864e-02
0.420000	8.201496068e-02
0.425000	1.018247982e-01
0.430000	1.210654014e-01
0.435000	1.396290341e-01
0.440000	1.574121264e-01
0.445000	1.743159129e-01
0.450000	1.902470401e-01
0.455000	2.051181409e-01
0.460000	2.188483726e-01
0.465000	2.313639144e-01
0.470000	2.425984216e-01
0.475000	2.524934343e-01
0.480000	2.609987366e-01
0.485000	2.680726664e-01
0.490000	2.736823712e-01
0.495000	2.778040108e-01
0.500000	2.804229036e-01
0.505000	2.813390228e-01
0.510000	2.803446686e-01
0.515000	2.774384942e-01
0.520000	2.726490732e-01
0.525000	2.660165702e-01
0.530000	2.575924936e-01
0.535000	2.474393789e-01
0.540000	2.356304032e-01
0.545000	2.222489355e-01
0.550000	2.073880229e-01
0.555000	1.911498186e-01
0.560000	1.736449526e-01
0.565000	1.549918509e-01
0.570000	1.353160069e-01
0.575000	1.147492087e-01
0.580000	9.342872825e-02
0.585000	7.149647603e-02
0.590000	4.909812805e-02
0.595000	2.638222902e-02
0.600000	3.499278121e-03
0.605000	3.499278121e-03
0.610000	3.493604580e-03
0.615000	3.476620754e-03
0.620000	3.448436789e-03
0.625000	3.409235469e-03
0.630000	3.359271030e-03
0.635000	3.298867509e-03
0.640000	3.228416647e-03
0.645000	3.148375346e-03
0.650000	3.059262702e-03
0.655000	2.961656647e-03
0.660000	2.856190193e-03
0.665000	2.743547330e-03
0.670000	2.624458591e-03
0.675000	2.499696311e-03
0.680000	2.370069622e-03
0.685000	2.236419203e-03
0.690000	2.099611827e-03
0.695000	1.960534744e-03
0.700000	1.820089922e-03
0.705000	1.679188199e-03
0.710000	1.538743376e-03
0.715000	1.399666293e-03
0.720000	1.262858918e-03
0.725000	1.129208499e-03
0.730000	9.995818100e-04
0.735000	8.748195302e-04
0.740000	7.557307907e-04
0.745000	6.430879277e-04
0.750000	5.376214734e-04
0.755000	4.400154183e-04
0.760000	3.509027750e-04
0.765000	2.708614733e-04
0.770000	2.004106116e-04
0.775000	1.400070910e-04
0.780000	9.004265135e-05
0.785000	5.084133125e-05
0.790000	2.265736631e-05
0.795000	5.673540349e-06
0.800000	0.000000000e+00
0.805000	0.000000000e+00
0.810000	0.000000000e+00
0.815000	0.000000000e+00
0.820000	0.000000000e+00
0.825000	0.000000000e+00
0.830000	0.000000000e+00
0.835000	0.000000000e+00
0.840000	0.000000000e+00
0.845000	0.000000000e+00
0.850000	0.000000000e+00
0.855000	0.000000000e+00
0.860000	0.000000000e+00
0.865000	0.000000000e+00
0.870000	0.000000000e+00
0.875000	0.000000000e+00
0.880000	0.000000000e+00
0.885000	0.000000000e+00
0.890000	0.000000000e+00
0.895000	0.000000000e+00
0.900000	0.000000000e+00
0.905000	0.000000000e+00
0.910000	0.000000000e+00
0.915000	0.000000000e+00
0.920000	0.000000000e+00
0.925000	0.000000000e+00
0.930000	0.000000000e+00
0.935000	0.000000000e+00
0.940000	0.000000000e+00
0.945000	0.000000000e+00
0.950000	0.000000000e+00
0.955000	0.000000000e+00
0.960000	0.000000000e+00
0.965000	0.000000000e+00
0.970000	0.000000000e+00
0.975000	0.000000000e+00
0.980000	0.000000000e+00
0.985000	0.000000000e+00
0.990000	0.000000000e+00
0.995000	0.000000000e+00
1.000000	0.000000000e+00
1.005000	0.000000000e+00
1.010000	0.000000000e+00
1.015000	0.000000000e+00
1.020000	0.000000000e+00
1.025000	0.000000000e+00
1.030000	0.000000000e+00
1.035000	0.000000000e+00
1.040000	0.000000000e+00
1.045000	0.000000000e+00
1.050000	0.000000000e+00
1.055000	0.000000000e+00
1.060000	0.000000000e+00
1.065000	0.000000000e+00
1.070000	0.000000000e+00
1.075000	0.000000000e+00
1.080000	0.000000000e+00
1.085000	0.000000000e+00
1.090000	0.000000000e+00
1.095000	0.000000000e+00
1.100000	0.000000000e+00
1.105000	0.000000000e+00
1.110000	0.000000000e+00
1.115000	0.000000000e+00
1.120000	0.000000000e+00
1.125000	0.000000000e+00
1.130000	0.000000000e+00
1.135000	0.000000000e+00
1.140000	0.000000000e+00
1.145000	0.000000000e+00
1.150000	0.000000000e+00
1.155000	0.000000000e+00
1.160000	0.000000000e+00
1.165000	0.000000000e+00
1.170000	0.000000000e+00
1.175000	0.000000000e+00
1.180000	0.000000000e+00
1.185000	0.000000000e+00
1.190000	0.000000000e+00
1.195000	0.000000000e+00
1.200000	0.000000000e+00
1.205000	0.000000000e+00
1.210000	0.000000000e+00
1.215000	0.000000000e+00
1.220000	0.000000000e+00
1.225000	0.000000000e+00
1.230000	0.000000000e+00
1.235000	0.000000000e+00
1.240000	0.000000000e+00
1.245000	0.000000000e+00
1.250000	0.000000000e+00
1.255000	0.000000000e+00
1.260000	0.000000000e+00
1.265000	0.000000000e+00
1.270000	0.000000000e+00
1.275000	0.000000000e+00
1.280000	0.000000000e+00
1.285000	0.000000000e+00
1.290000	0.000000000e+00
1.295000	0.000000000e+00
1.300000	0.000000000e+00
1.305000	0.000000000e+00
1.310000	0.000000000e+00
1.315000	0.000000000e+00
1.320000	0.000000000e+00
1.325000	0.000000000e+00
1.330000	0.000000000e+00
1.335000	0.000000000e+00
1.340000	0.000000000e+00
1.345000	0.000000000e+00
1.350000	0.000000000e+00
1.355000	0.000000000e+00
1.360000	0.000000000e+00
1.365000	0.000000000e+00
1.370000	0.000000000e+00
1.375000	0.000000000e+00
1.380000	0.000000000e+00
1.385000	0.000000000e+00
1.390000	0.000000000e+00
1.395000	0.000000000e+00
1.400000	0.000000000e+00
1.405000	0.000000000e+00
1.410000	0.000000000e+00
1.415000	0.000000000e+00
1.420000	0.000000000e+00
1.425000	0.000000000e+00
1.430000	0.000000000e+00
1.435000	0.000000000e+00
1.440000	0.000000000e+00
1.445000	0.000000000e+00
1.450000	0.000000000e+00
1.455000	0.000000000e+00
1.460000	0.000000000e+00
1.465000	0.000000000e+00
1.470000	0.000000000e+00
1.475000	0.000000000e+00
1.480000	0.000000000e+00
1.485000	0.000000000e+00
1.490000	0.000000000e+00
1.495000	0.000000000e+00
1.500000	0.000000000e+00
1.505000	0.000000000e+00
1.510000	0.000000000e+00
1.515000	0.000000000e+00
1.520000	0.000000000e+00
1.525000	0.000000000e+00
1.530000	0.000000000e+00
1.535000	0.000000000e+00
1.540000	0.000000000e+00
1.545000	0.000000000e+00
1.550000	0.000000000e+00
1.555000	0.000000000e+00
1.560000	0.000000000e+00
1.565000	0.000000000e+00
1.570000	0.000000000e+00
1.575000	0.000000000e+00
1.580000	0.000000000e+00
1.585000	0.000000000e+00
1.590000	0.000000000e+00
1.595000	0.000000000e+00
1.600000	0.000000000e+00
1.605000	0.000000000e+00
1.610000	0.000000000e+00
1.615000	0.000000000e+00
1.620000	0.000000000e+00
1.625000	0.000000000e+00
1.630000	0.000000000e+00
1.635000	0.000000000e+00
1.640000	0.000000000e+00
1.645000	0.000000000e+00
1.650000	0.000000000e+00
1.655000	0.000000000e+00
1.660000	0.000000000e+00
1.665000	0.000000000e+00
1.670000	0.000000000e+00
1.675000	0.000000000e+00
1.680000	0.000000000e+00
1.685000	0.000000000e+00
1.690000	0.000000000e+00
1.695000	0.000000000e+00
1.700000	0.000000000e+00
1.705000	0.000000000e+00
1.710000	0.000000000e+00
1.715000	0.000000000e+00
1.720000	0.000000000e+00
1.725000	0.000000000e+00
1.730000	0.000000000e+00
1.735000	0.000000000e+00
1.740000	0.000000000e+00
1.745000	0.000000000e+00
1.750000	0.000000000e+00
1.755000	0.000000000e+00
1.760000	0.000000000e+00
1.765000	0.000000000e+00
1.770000	0.000000000e+00
1.775000	0.000000000e+00
1.780000	0.000000000e+00
1.785000	0.000000000e+00
1.790000	0.000000000e+00
1.795000	0.000000000e+00
1.800000	0.000000000e+00
1.805000	0.000000000e+00
1.810000	0.000000000e+00
1.815000	0.000000000e+00
1.820000	0.000000000e+00
1.825000	0.000000000e+00
1.830000	0.000000000e+00
1.835000	0.000000000e+00
1.840000	0.000000000e+00
1.845000	0.000000000e+00
1.850000	0.000000000e+00
1.855000	0.000000000e+00
1.860000	0.000000000e+00
1.865000	0.000000000e+00
1.870000	0.000000000e+00
1.875000	0.000000000e+00
1.880000	0.000000000e+00
1.885000	0.000000000e+00
1.890000	0.000000000e+00
1.895000	0.000000000e+00
1.900000	0.000000000e+00
1.905000	0.000000000e+00
1.910000	0.000000000e+00
1.915000	0.000000000e+00
1.920000	0.000000000e+00
1.925000	0.000000000e+00
1.930000	0.000000000e+00
1.935000	0.000000000e+00
1.940000	0.000000000e+00
1.945000	0.000000000e+00
1.950000	0.000000000e+00
1.955000	0.000000000e+00
1.960000	0.000000000e+00
1.965000	0.000000000e+00
1.970000	0.000000000e+00
1.975000	0.000000000e+00
1.980000	0.000000000e+00
1.985000	0.000000000e+00
1.990000	0.000000000e+00
1.995000	0.000000000e+00
2.000000	0.000000000e+00
2.005000	0.000000000e+00
2.010000	0.000000000e+00
2.015000	0.000000000e+00
2.020000	0.000000000e+00
2.025000	0.000000000e+00
2.030000	0.000000000e+00
2.035000	0.000000000e+00
2.040000	0.000000000e+00
2.045000	0.000000000e+00
2.050000	0.000000000e+00
2.055000	0.000000000e+00
2.060000	0.000000000e+00
2.065000	0.000000000e+00
2.070000	0.000000000e+00
2.075000	0.000000000e+00
2.080000	0.000000000e+00
2.085000	0.000000000e+00
2.090000	0.000000000e+00
2.095000	0.000000000e+00
2.100000	0.000000000e+00
2.105000	0.000000000e+00
2.110000	0.000000000e+00
2.115000	0.000000000e+00
2.120000	0.000000000e+00
2.125000	0.000000000e+00
2.130000	0.000000000e+00
2.135000	0.000000000e+00
2.140000	0.000000000e+00
2.145000	0.000000000e+00
2.150000	0.000000000e+00
2.155000	0.000000000e+00
2.160000	0.000000000e+00
2.165000	0.000000000e+00
2.170000	0.000000000e+00
2.175000	0.000000000e+00
2.180000	0.000000000e+00
2.185000	0.000000000e+00
2.190000	0.000000000e+00
2.195000	0.000000000e+00
2.200000	0.000000000e+00
2.205000	0.000000000e+00
2.210000	0.000000000e+00
2.215000	0.000000000e+00
2.220000	0.000000000e+00
2.225000	0.000000000e+00
2.230000	0.000000000e+00
2.235000	0.000000000e+00
2.240000	0.000000000e+00
2.245000	0.000000000e+00
2.250000	0.000000000e+00
2.255000	0.000000000e+00
2.260000	0.000000000e+00
2.265000	0.000000000e+00
2.270000	0.000000000e+00
2.275000	0.000000000e+00
2.280000	0.000000000e+00
2.285000	0.000000000e+00
2.290000	0.000000000e+00
2.295000	0.000000000e+00
2.300000	0.000000000e+00
2.305000	0.000000000e+00
2.310000	0.000000000e+00
2.315000	0.000000000e+00
2.320000	0.000000000e+00
2.325000	0.000000000e+00
2.330000	0.000000000e+00
2.335000	0.000000000e+00
2.340000	0.000000000e+00
2.345000	0.000000000e+00
2.350000	0.000000000e+00
2.355000	0.000000000e+00
2.360000	0.000000000e+00
2.365000	0.000000000e+00
2.370000	0.000000000e+00
2.375000	0.000000000e+00
2.380000	0.000000000e+00
2.385000	0.000000000e+00
2.390000	0.000000000e+00
2.395000	0.000000000e+00
2.400000	0.000000000e+00
2.405000	0.000000000e+00
2.410000	0.000000000e+00
2.415000	0.000000000e+00
2.420000	0.000000000e+00
2.425000	0.000000000e+00
2.430000	0.000000000e+00
2.435000	0.000000000e+00
2.440000	0.000000000e+00
2.445000	0.000000000e+00
2.450000	0.000000000e+00
2.455000	0.000000000e+00
2.460000	0.000000000e+00
2.465000	0.000000000e+00
2.470000	0.000000000e+00
2.475000	0.000000000e+00
2.480000	0.000000000e+00
2.485000	0.000000000e+00
2.490000	0.000000000e+00
2.495000	0.000000000e+00
2.500000	0.000000000e+00
2.505000	0.000000000e+00
2.510000	0.000000000e+00
2.515000	0.000000000e+00
2.520000	0.000000000e+00
2.525000	0.000000000e+00
2.530000	0.000000000e+00
2.535000	0.000000000e+00
2.540000	0.000000000e+00
2.545000	0.000000000e+00
2.550000	0.000000000e+00
2.555000	0.000000000e+00
2.560000	0.000000000e+00
2.565000	0.000000000e+00
2.570000	0.000000000e+00
2.575000	0.000000000e+00
2.580000	0.000000000e+00
2.585000	0.000000000e+00
2.590000	0.000000000e+00
2.595000	0.000000000e+00
2.600000	0.000000000e+00
2.605000	0.000000000e+00
2.610000	0.000000000e+00
2.615000	0.000000000e+00
2.620000	0.000000000e+00
2.625000	0.000000000e+00
2.630000	0.000000000e+00
2.635000	0.000000000e+00
2.640000	0.000000000e+00
2.645000	0.000000000e+00
2.650000	0.000000000e+00
2.655000	0.000000000e+00
2.660000	0.000000000e+00
2.665000	0.000000000e+00
2.670000	0.000000000e+00
2.675000	0.000000000e+00
2.680000	0.000000000e+00
2.685000	0.000000000e+00
2.690000	0.000000000e+00
2.695000	0.000000000e+00
2.700000	0.000000000e+00
2.705000	0.000000000e+00
2.710000	0.000000000e+00
2.715000	0.000000000e+00
2.720000	0.000000000e+00
2.725000	0.000000000e+00
2.730000	0.000000000e+00
2.735000	0.000000000e+00
2.740000	0.000000000e+00
2.745000	0.000000000e+00
2.750000	0.000000000e+00
2.755000	0.000000000e+00
2.760000	0.000000000e+00
2.765000	0.000000000e+00
2.770000	0.000000000e+00
2.775000	0.000000000e+00
2.780000	0.000000000e+00
2.785000	0.000000000e+00
2.790000	0.000000000e+00
2.795000	0.000000000e+00
2.800000	0.000000000e+00
2.805000	0.000000000e+00
2.810000	0.000000000e+00
2.815000	0.000000000e+00
2.820000	0.000000000e+00
2.825000	0.000000000e+00
2.830000	0.000000000e+00
2.835000	0.000000000e+00
2.840000	0.000000000e+00
2.845000	0.000000000e+00
2.850000	0.000000000e+00
2.855000	0.000000000e+00
2.860000	0.000000000e+00
2.865000	0.000000000e+00
2.870000	0.000000000e+00
2.875000	0.000000000e+00
2.880000	0.000000000e+00
2.885000	0.000000000e+00
2.890000	0.000000000e+00
2.895000	0.000000000e+00
2.900000	0.000000000e+00
2.905000	0.000000000e+00
2.910000	0.000000000e+00
2.915000	0.000000000e+00
2.920000	0.000000000e+00
2.925000	0.000000000e+00
2.930000	0.000000000e+00
2.935000	0.000000000e+00
2.940000	0.000000000e+00
2.945000	0.000000000e+00
2.950000	0.000000000e+00
2.955000	0.000000000e+00
2.960000	0.000000000e+00
2.965000	0.000000000e+00
2.970000	0.000000000e+00
2.975000	0.000000000e+00
2.980000	0.000000000e+00
2.985000	0.000000000e+00
2.990000	0.000000000e+00
2.995000	0.000000000e+00
3.000000	0.000000000e+00
3.005000	0.000000000e+00
3.010000	0.000000000e+00
3.015000	0.000000000e+00
3.020000	0.000000000e+00
3.025000	0.000000000e+00
3.030000	0.000000000e+00
3.035000	0.000000000e+00
3.040000	0.000000000e+00
3.045000	0.000000000e+00
3.050000	0.000000000e+00
3.055000	0.000000000e+00
3.060000	0.000000000e+00
3.065000	0.000000000e+00
3.070000	0.000000000e+00
3.075000	0.000000000e+00
3.080000	0.000000000e+00
3.085000	0.000000000e+00
3.090000	0.000000000e+00
3.095000	0.000000000e+00
3.100000	0.000000000e+00
