StratC_run24_T0.6000
681	0
0.000000	0.000000000e+00
0.005000	9.876016026e-03
0.010000	1.972496258e-02
0.015000	2.951984438e-02
0.020000	3.923381434e-02
0.025000	4.884024714e-02
0.030000	5.831281222e-02
0.035000	6.762554593e-02
0.040000	7.675292273e-02
0.045000	8.566992509e-02
0.050000	9.435211215e-02
0.055000	1.027756866e-01
0.060000	1.109175601e-01
0.065000	1.187554162e-01
0.070000	1.262677720e-01
0.075000	1.334340366e-01
0.080000	1.402345678e-01
0.085000	1.466507258e-01
0.090000	1.526649244e-01
0.095000	1.582606790e-01
0.100000	1.634226520e-01
0.105000	1.681366950e-01
0.110000	1.723898869e-01
0.115000	1.761705702e-01
0.120000	1.794683822e-01
0.125000	1.822742838e-01
0.130000	1.845805842e-01
0.135000	1.863809622e-01
0.140000	1.876704828e-01
0.145000	1.884456117e-01
0.150000	1.887042243e-01
0.155000	1.884456117e-01
0.160000	1.876704828e-01
0.165000	1.863809622e-01
0.170000	1.845805842e-01
0.175000	1.822742838e-01
0.180000	1.794683822e-01
0.185000	1.761705702e-01
0.190000	1.723898869e-01
0.195000	1.681366950e-01
0.200000	1.634226520e-01
0.205000	1.582606790e-01
0.210000	1.526649244e-01
0.215000	1.466507258e-01
0.220000	1.402345678e-01
0.225000	1.334340366e-01
0.230000	1.262677720e-01
0.235000	1.187554162e-01
0.240000	1.109175601e-01
0.245000	1.027756866e-01
0.250000	9.435211215e-02
0.255000	8.566992509e-02
0.260000	7.675292273e-02
0.265000	6.762554593e-02
0.270000	5.831281222e-02
0.275000	4.884024714e-02
0.280000	3.923381434e-02
0.285000	2.951984438e-02
0.290000	1.972496258e-02
0.295000	9.876016026e-03
0.300000	2.310960243e-17
0.305000	-9.876016026e-03
0.310000	-1.972496258e-02
0.315000	-2.951984438e-02
0.320000	-3.923381434e-02
0.325000	-4.884024714e-02
0.330000	-5.831281222e-02
0.335000	-6.762554593e-02
0.340000	-7.675292273e-02
0.345000	-8.566992509e-02
0.350000	-9.435211215e-02
0.355000	-1.027756866e-01
0.360000	-1.109175601e-01
0.365000	-1.187554162e-01
0.370000	-1.262677720e-01
0.375000	-1.334340366e-01
0.380000	-1.402345678e-01
0.385000	-1.466507258e-01
0.390000	-1.526649244e-01
0.395000	-1.582606790e-01
0.400000	-1.634226520e-01
0.405000	-1.681366950e-01
0.410000	-1.723898869e-01
0.415000	-1.761705702e-01
0.420000	-1.794683822e-01
0.425000	-1.822742838e-01
0.430000	-1.845805842e-01
0.435000	-1.863809622e-01
0.440000	-1.876704828e-01
0.445000	-1.884456117e-01
0.450000	-1.887042243e-01
0.455000	-1.884456117e-01
0.460000	-1.876704828e-01
0.465000	-1.863809622e-01
0.470000	-1.845805842e-01
0.475000	-1.822742838e-01
0.480000	-1.794683822e-01
0.485000	-1.761705702e-01
0.490000	-1.723898869e-01
0.495000	-1.681366950e-01
0.500000	-1.634226520e-01
0.505000	-1.582606790e-01
0.510000	-1.526649244e-01
0.515000	-1.466507258e-01
0.520000	-1.402345678e-01
0.525000	-1.334340366e-01
0.530000	-1.262677720e-01
0.535000	-1.187554162e-01
0.540000	-1.109175601e-01
0.545000	-1.027756866e-01
0.550000	-9.435211215e-02
0.555000	-8.566992509e-02
0.560000	-7.675292273e-02
0.565000	-6.762554593e-02
0.570000	-5.831281222e-02
0.575000	-4.884024714e-02
0.580000	-3.923381434e-02
0.585000	-2.951984438e-02
0.590000	-1.972496258e-02
0.595000	-9.876016026e-03
0.600000	-4.621920485e-17
0.605000	9.876016026e-03
0.610000	1.972496258e-02
0.615000	2.951984438e-02
0.620000	3.923381434e-02
0.625000	4.884024714e-02
0.630000	5.831281222e-02
0.635000	6.762554593e-02
0.640000	7.675292273e-02
0.645000	8.566992509e-02
0.650000	9.435211215e-02
0.655000	1.027756866e-01
0.660000	1.109175601e-01
0.665000	1.187554162e-01
0.670000	1.262677720e-01
0.675000	1.334340366e-01
0.680000	1.402345678e-01
0.685000	1.466507258e-01
0.690000	1.526649244e-01
0.695000	1.582606790e-01
0.700000	1.634226520e-01
0.705000	1.681366950e-01
0.710000	1.723898869e-01
0.715000	1.761705702e-01
0.720000	1.794683822e-01
0.725000	1.822742838e-01
0.730000	1.845805842e-01
0.735000	1.863809622e-01
0.740000	1.876704828e-01
0.745000	1.884456117e-01
0.750000	1.887042243e-01
0.755000	1.884456117e-01
0.760000	1.876704828e-01
0.765000	1.863809622e-01
0.770000	1.845805842e-01
0.775000	1.822742838e-01
0.780000	1.794683822e-01
0.785000	1.761705702e-01
0.790000	1.723898869e-01
0.795000	1.681366950e-01
0.800000	1.634226520e-01
0.805000	1.582606790e-01
0.810000	1.526649244e-01
0.815000	1.466507258e-01
0.820000	1.402345678e-01
0.825000	1.334340366e-01
0.830000	1.262677720e-01
0.835000	1.187554162e-01
0.840000	1.109175601e-01
0.845000	1.027756866e-01
0.850000	9.435211215e-02
0.855000	8.566992509e-02
0.860000	7.675292273e-02
0.865000	6.762554593e-02
0.870000	5.831281222e-02
0.875000	4.884024714e-02
0.880000	3.923381434e-02
0.885000	2.951984438e-02
0.890000	1.972496258e-02
0.895000	9.876016026e-03
0.900000	6.932880728e-17
0.905000	6.932880728e-17
0.910000	6.927967727e-17
0.915000	6.913242651e-17
0.920000	6.888747239e-17
0.925000	6.854550927e-17
0.930000	6.810750647e-17
0.935000	6.757470556e-17
0.940000	6.694861682e-17
0.945000	6.623101498e-17
0.950000	6.542393414e-17
0.955000	6.452966208e-17
0.960000	6.355073369e-17
0.965000	6.248992387e-17
0.970000	6.135023958e-17
0.975000	6.013491139e-17
0.980000	5.884738428e-17
0.985000	5.749130789e-17
0.990000	5.607052615e-17
0.995000	5.458906644e-17
1.000000	5.305112810e-17
1.005000	5.146107060e-17
1.010000	4.982340111e-17
1.015000	4.814276181e-17
1.020000	4.642391663e-17
1.025000	4.467173783e-17
1.030000	4.289119216e-17
1.035000	4.108732676e-17
1.040000	3.926525489e-17
1.045000	3.743014141e-17
1.050000	3.558718814e-17
1.055000	3.374161914e-17
1.060000	3.189866587e-17
1.065000	3.006355239e-17
1.070000	2.824148052e-17
1.075000	2.643761512e-17
1.080000	2.465706945e-17
1.085000	2.290489066e-17
1.090000	2.118604548e-17
1.095000	1.950540617e-17
1.100000	1.786773669e-17
1.105000	1.627767918e-17
1.110000	1.473974085e-17
1.115000	1.325828113e-17
1.120000	1.183749939e-17
1.125000	1.048142300e-17
1.130000	9.193895891e-18
1.135000	7.978567703e-18
1.140000	6.838883416e-18
1.145000	5.778073590e-18
1.150000	4.799145205e-18
1.155000	3.904873140e-18
1.160000	3.097792305e-18
1.165000	2.380190460e-18
1.170000	1.754101725e-18
1.175000	1.221300817e-18
1.180000	7.832980163e-19
1.185000	4.413348910e-19
1.190000	1.963807722e-19
1.195000	4.913000914e-20
1.200000	0.000000000e+00
1.205000	0.000000000e+00
1.210000	0.000000000e+00
1.215000	0.000000000e+00
1.220000	0.000000000e+00
1.225000	0.000000000e+00
1.230000	0.000000000e+00
1.235000	0.000000000e+00
1.240000	0.000000000e+00
1.245000	0.000000000e+00
1.250000	0.000000000e+00
1.255000	0.000000000e+00
1.260000	0.000000000e+00
1.265000	0.000000000e+00
1.270000	0.000000000e+00
1.275000	0.000000000e+00
1.280000	0.000000000e+00
1.285000	0.000000000e+00
1.290000	0.000000000e+00
1.295000	0.000000000e+00
1.300000	0.000000000e+00
1.305000	0.000000000e+00
1.310000	0.000000000e+00
1.315000	0.000000000e+00
1.320000	0.000000000e+00
1.325000	0.000000000e+00
1.330000	0.000000000e+00
1.335000	0.000000000e+00
1.340000	0.000000000e+00
1.345000	0.000000000e+00
1.350000	0.000000000e+00
1.355000	0.000000000e+00
1.360000	0.000000000e+00
1.365000	0.000000000e+00
1.370000	0.000000000e+00
1.375000	0.000000000e+00
1.380000	0.000000000e+00
1.385000	0.000000000e+00
1.390000	0.000000000e+00
1.395000	0.000000000e+00
1.400000	0.000000000e+00
1.405000	0.000000000e+00
1.410000	0.000000000e+00
1.415000	0.000000000e+00
1.420000	0.000000000e+00
1.425000	0.000000000e+00
1.430000	0.000000000e+00
1.435000	0.000000000e+00
1.440000	0.000000000e+00
1.445000	0.000000000e+00
1.450000	0.000000000e+00
1.455000	0.000000000e+00
1.460000	0.000000000e+00
1.465000	0.000000000e+00
1.470000	0.000000000e+00
1.475000	0.000000000e+00
1.480000	0.000000000e+00
1.485000	0.000000000e+00
1.490000	0.000000000e+00
1.495000	0.000000000e+00
1.500000	0.000000000e+00
1.505000	0.000000000e+00
1.510000	0.000000000e+00
1.515000	0.000000000e+00
1.520000	0.000000000e+00
1.525000	0.000000000e+00
1.530000	0.000000000e+00
1.535000	0.000000000e+00
1.540000	0.000000000e+00
1.545000	0.000000000e+00
1.550000	0.000000000e+00
1.555000	0.000000000e+00
1.560000	0.000000000e+00
1.565000	0.000000000e+00
1.570000	0.000000000e+00
1.575000	0.000000000e+00
1.580000	0.000000000e+00
1.585000	0.000000000e+00
1.590000	0.000000000e+00
1.595000	0.000000000e+00
1.600000	0.000000000e+00
1.605000	0.000000000e+00
1.610000	0.000000000e+00
1.615000	0.000000000e+00
1.620000	0.000000000e+00
1.625000	0.000000000e+00
1.630000	0.000000000e+00
1.635000	0.000000000e+00
1.640000	0.000000000e+00
1.645000	0.000000000e+00
1.650000	0.000000000e+00
1.655000	0.000000000e+00
1.660000	0.000000000e+00
1.665000	0.000000000e+00
1.670000	0.000000000e+00
1.675000	0.000000000e+00
1.680000	0.000000000e+00
1.685000	0.000000000e+00
1.690000	0.000000000e+00
1.695000	0.000000000e+00
1.700000	0.000000000e+00
1.705000	0.000000000e+00
1.710000	0.000000000e+00
1.715000	0.000000000e+00
1.720000	0.000000000e+00
1.725000	0.000000000e+00
1.730000	0.000000000e+00
1.735000	0.000000000e+00
1.740000	0.000000000e+00
1.745000	0.000000000e+00
1.750000	0.000000000e+00
1.755000	0.000000000e+00
1.760000	0.000000000e+00
1.765000	0.000000000e+00
1.770000	0.000000000e+00
1.775000	0.000000000e+00
1.780000	0.000000000e+00
1.785000	0.000000000e+00
1.790000	0.000000000e+00
1.795000	0.000000000e+00
1.800000	0.000000000e+00
1.805000	0.000000000e+00
1.810000	0.000000000e+00
1.815000	0.000000000e+00
1.820000	0.000000000e+00
1.825000	0.000000000e+00
1.830000	0.000000000e+00
1.835000	0.000000000e+00
1.840000	0.000000000e+00
1.845000	0.000000000e+00
1.850000	0.000000000e+00
1.855000	0.000000000e+00
1.860000	0.000000000e+00
1.865000	0.000000000e+00
1.870000	0.000000000e+00
1.875000	0.000000000e+00
1.880000	0.000000000e+00
1.885000	0.000000000e+00
1.890000	0.000000000e+00
1.895000	0.000000000e+00
1.900000	0.000000000e+00
1.905000	0.000000000e+00
1.910000	0.000000000e+00
1.915000	0.000000000e+00
1.920000	0.000000000e+00
1.925000	0.000000000e+00
1.930000	0.000000000e+00
1.935000	0.000000000e+00
1.940000	0.000000000e+00
1.945000	0.000000000e+00
1.950000	0.000000000e+00
1.955000	0.000000000e+00
1.960000	0.000000000e+00
1.965000	0.000000000e+00
1.970000	0.000000000e+00
1.975000	0.000000000e+00
1.980000	0.000000000e+00
1.985000	0.000000000e+00
1.990000	0.000000000e+00
1.995000	0.000000000e+00
2.000000	0.000000000e+00
2.005000	0.000000000e+00
2.010000	0.000000000e+00
2.015000	0.000000000e+00
2.020000	0.000000000e+00
2.025000	0.000000000e+00
2.030000	0.000000000e+00
2.035000	0.000000000e+00
2.040000	0.000000000e+00
2.045000	0.000000000e+00
2.050000	0.000000000e+00
2.055000	0.000000000e+00
2.060000	0.000000000e+00
2.065000	0.000000000e+00
2.070000	0.000000000e+00
2.075000	0.000000000e+00
2.080000	0.000000000e+00
2.085000	0.000000000e+00
2.090000	0.000000000e+00
2.095000	0.000000000e+00
2.100000	0.000000000e+00
2.105000	0.000000000e+00
2.110000	0.000000000e+00
2.115000	0.000000000e+00
2.120000	0.000000000e+00
2.125000	0.000000000e+00
2.130000	0.000000000e+00
2.135000	0.000000000e+00
2.140000	0.000000000e+00
2.145000	0.000000000e+00
2.150000	0.000000000e+00
2.155000	0.000000000e+00
2.160000	0.000000000e+00
2.165000	0.000000000e+00
2.170000	0.000000000e+00
2.175000	0.000000000e+00
2.180000	0.000000000e+00
2.185000	0.000000000e+00
2.190000	0.000000000e+00
2.195000	0.000000000e+00
2.200000	0.000000000e+00
2.205000	0.000000000e+00
2.210000	0.000000000e+00
2.215000	0.000000000e+00
2.220000	0.000000000e+00
2.225000	0.000000000e+00
2.230000	0.000000000e+00
2.235000	0.000000000e+00
2.240000	0.000000000e+00
2.245000	0.000000000e+00
2.250000	0.000000000e+00
2.255000	0.000000000e+00
2.260000	0.000000000e+00
2.265000	0.000000000e+00
2.270000	0.000000000e+00
2.275000	0.000000000e+00
2.280000	0.000000000e+00
2.285000	0.000000000e+00
2.290000	0.000000000e+00
2.295000	0.000000000e+00
2.300000	0.000000000e+00
2.305000	0.000000000e+00
2.310000	0.000000000e+00
2.315000	0.000000000e+00
2.320000	0.000000000e+00
2.325000	0.000000000e+00
2.330000	0.000000000e+00
2.335000	0.000000000e+00
2.340000	0.000000000e+00
2.345000	0.000000000e+00
2.350000	0.000000000e+00
2.355000	0.000000000e+00
2.360000	0.000000000e+00
2.365000	0.000000000e+00
2.370000	0.000000000e+00
2.375000	0.000000000e+00
2.380000	0.000000000e+00
2.385000	0.000000000e+00
2.390000	0.000000000e+00
2.395000	0.000000000e+00
2.400000	0.000000000e+00
2.405000	0.000000000e+00
2.410000	0.000000000e+00
2.415000	0.000000000e+00
2.420000	0.000000000e+00
2.425000	0.000000000e+00
2.430000	0.000000000e+00
2.435000	0.000000000e+00
2.440000	0.000000000e+00
2.445000	0.000000000e+00
2.450000	0.000000000e+00
2.455000	0.000000000e+00
2.460000	0.000000000e+00
2.465000	0.000000000e+00
2.470000	0.000000000e+00
2.475000	0.000000000e+00
2.480000	0.000000000e+00
2.485000	0.000000000e+00
2.490000	0.000000000e+00
2.495000	0.000000000e+00
2.500000	0.000000000e+00
2.505000	0.000000000e+00
2.510000	0.000000000e+00
2.515000	0.000000000e+00
2.520000	0.000000000e+00
2.525000	0.000000000e+00
2.530000	0.000000000e+00
2.535000	0.000000000e+00
2.540000	0.000000000e+00
2.545000	0.000000000e+00
2.550000	0.000000000e+00
2.555000	0.000000000e+00
2.560000	0.000000000e+00
2.565000	0.000000000e+00
2.570000	0.000000000e+00
2.575000	0.000000000e+00
2.580000	0.000000000e+00
2.585000	0.000000000e+00
2.590000	0.000000000e+00
2.595000	0.000000000e+00
2.600000	0.000000000e+00
2.605000	0.000000000e+00
2.610000	0.000000000e+00
2.615000	0.000000000e+00
2.620000	0.000000000e+00
2.625000	0.000000000e+00
2.630000	0.000000000e+00
2.635000	0.000000000e+00
2.640000	0.000000000e+00
2.645000	0.000000000e+00
2.650000	0.000000000e+00
2.655000	0.000000000e+00
2.660000	0.000000000e+00
2.665000	0.000000000e+00
2.670000	0.000000000e+00
2.675000	0.000000000e+00
2.680000	0.000000000e+00
2.685000	0.000000000e+00
2.690000	0.000000000e+00
2.695000	0.000000000e+00
2.700000	0.000000000e+00
2.705000	0.000000000e+00
2.710000	0.000000000e+00
2.715000	0.000000000e+00
2.720000	0.000000000e+00
2.725000	0.000000000e+00
2.730000	0.000000000e+00
2.735000	0.000000000e+00
2.740000	0.000000000e+00
2.745000	0.000000000e+00
2.750000	0.000000000e+00
2.755000	0.000000000e+00
2.760000	0.000000000e+00
2.765000	0.000000000e+00
2.770000	0.000000000e+00
2.775000	0.000000000e+00
2.780000	0.000000000e+00
2.785000	0.000000000e+00
2.790000	0.000000000e+00
2.795000	0.000000000e+00
2.800000	0.000000000e+00
2.805000	0.000000000e+00
2.810000	0.000000000e+00
2.815000	0.000000000e+00
2.820000	0.000000000e+00
2.825000	0.000000000e+00
2.830000	0.000000000e+00
2.835000	0.000000000e+00
2.840000	0.000000000e+00
2.845000	0.000000000e+00
2.850000	0.000000000e+00
2.855000	0.000000000e+00
2.860000	0.000000000e+00
2.865000	0.000000000e+00
2.870000	0.000000000e+00
2.875000	0.000000000e+00
2.880000	0.000000000e+00
2.885000	0.000000000e+00
2.890000	0.000000000e+00
2.895000	0.000000000e+00
2.900000	0.000000000e+00
2.905000	0.000000000e+00
2.910000	0.000000000e+00
2.915000	0.000000000e+00
2.920000	0.000000000e+00
2.925000	0.000000000e+00
2.930000	0.000000000e+00
2.935000	0.000000000e+00
2.940000	0.000000000e+00
2.945000	0.000000000e+00
2.950000	0.000000000e+00
2.955000	0.000000000e+00
2.960000	0.000000000e+00
2.965000	0.000000000e+00
2.970000	0.000000000e+00
2.975000	0.000000000e+00
2.980000	0.000000000e+00
2.985000	0.000000000e+00
2.990000	0.000000000e+00
2.995000	0.000000000e+00
3.000000	0.000000000e+00
3.005000	0.000000000e+00
3.010000	0.000000000e+00
3.015000	0.000000000e+00
3.020000	0.000000000e+00
3.025000	0.000000000e+00
3.030000	0.000000000e+00
3.035000	0.000000000e+00
3.040000	0.000000000e+00
3.045000	0.000000000e+00
3.050000	0.000000000e+00
3.055000	0.000000000e+00
3.060000	0.000000000e+00
3.065000	0.000000000e+00
3.070000	0.000000000e+00
3.075000	0.000000000e+00
3.080000	0.000000000e+00
3.085000	0.000000000e+00
3.090000	0.000000000e+00
3.095000	0.000000000e+00
3.100000	0.000000000e+00
3.105000	0.000000000e+00
3.110000	0.000000000e+00
3.115000	0.000000000e+00
3.120000	0.000000000e+00
3.125000	0.000000000e+00
3.130000	0.000000000e+00
3.135000	0.000000000e+00
3.140000	0.000000000e+00
3.145000	0.000000000e+00
3.150000	0.000000000e+00
3.155000	0.000000000e+00
3.160000	0.000000000e+00
3.165000	0.000000000e+00
3.170000	0.000000000e+00
3.175000	0.000000000e+00
3.180000	0.000000000e+00
3.185000	0.000000000e+00
3.190000	0.000000000e+00
3.195000	0.000000000e+00
3.200000	0.000000000e+00
3.205000	0.000000000e+00
3.210000	0.000000000e+00
3.215000	0.000000000e+00
3.220000	0.000000000e+00
3.225000	0.000000000e+00
3.230000	0.000000000e+00
3.235000	0.000000000e+00
3.240000	0.000000000e+00
3.245000	0.000000000e+00
3.250000	0.000000000e+00
3.255000	0.000000000e+00
3.260000	0.000000000e+00
3.265000	0.000000000e+00
3.270000	0.000000000e+00
3.275000	0.000000000e+00
3.280000	0.000000000e+00
3.285000	0.000000000e+00
3.290000	0.000000000e+00
3.295000	0.000000000e+00
3.300000	0.000000000e+00
3.305000	0.000000000e+00
3.310000	0.000000000e+00
3.315000	0.000000000e+00
3.320000	0.000000000e+00
3.325000	0.000000000e+00
3.330000	0.000000000e+00
3.335000	0.000000000e+00
3.340000	0.000000000e+00
3.345000	0.000000000e+00
3.350000	0.000000000e+00
3.355000	0.000000000e+00
3.360000	0.000000000e+00
3.365000	0.000000000e+00
3.370000	0.000000000e+00
3.375000	0.000000000e+00
3.380000	0.000000000e+00
3.385000	0.000000000e+00
3.390000	0.000000000e+00
3.395000	0.000000000e+00
3.400000	0.000000000e+00
