StratC_run19_T0.2580
578	0
0.000000	0.000000000e+00
0.005000	9.020353156e-03
0.010000	1.790709968e-02
0.015000	2.652861186e-02
0.020000	3.475719059e-02
0.025000	4.247095673e-02
0.030000	4.955565640e-02
0.035000	5.590635327e-02
0.040000	6.142898280e-02
0.045000	6.604174554e-02
0.050000	6.967631870e-02
0.055000	7.227886812e-02
0.060000	7.381084566e-02
0.065000	7.424956015e-02
0.070000	7.358851349e-02
0.075000	7.183749689e-02
0.080000	6.902244587e-02
0.085000	6.518505606e-02
0.090000	6.038216569e-02
0.095000	5.468491366e-02
0.100000	4.817768587e-02
0.105000	4.095686534e-02
0.110000	3.312940459e-02
0.115000	2.481124150e-02
0.120000	1.612558211e-02
0.125000	7.201075663e-03
0.130000	-1.830090855e-03
0.135000	-1.083415064e-02
0.140000	-1.967773839e-02
0.145000	-2.822986567e-02
0.150000	-3.636386105e-02
0.155000	-4.395924634e-02
0.160000	-5.090352109e-02
0.165000	-5.709382888e-02
0.170000	-6.243848083e-02
0.175000	-6.685831361e-02
0.180000	-7.028786207e-02
0.185000	-7.267632879e-02
0.190000	-7.398833658e-02
0.195000	-7.420445238e-02
0.200000	-7.332147514e-02
0.205000	-7.135248326e-02
0.210000	-6.832664082e-02
0.215000	-6.428876564e-02
0.220000	-5.929866547e-02
0.225000	-5.343025211e-02
0.230000	-4.677044664e-02
0.235000	-3.941789201e-02
0.240000	-3.148149195e-02
0.245000	-2.307879793e-02
0.250000	-1.433426800e-02
0.255000	-5.377423404e-03
0.260000	3.659069900e-03
0.265000	1.264136621e-02
0.270000	2.143642258e-02
0.275000	2.991396939e-02
0.280000	3.794843989e-02
0.285000	4.542083002e-02
0.290000	5.222046109e-02
0.295000	5.824661910e-02
0.300000	6.341004650e-02
0.305000	6.763426421e-02
0.310000	7.085670445e-02
0.315000	7.302963746e-02
0.320000	7.412087842e-02
0.325000	7.411426423e-02
0.330000	7.300989284e-02
0.335000	7.082412187e-02
0.340000	6.758932626e-02
0.345000	6.335341878e-02
0.350000	5.817914038e-02
0.355000	5.214313084e-02
0.360000	4.533479362e-02
0.365000	3.785497169e-02
0.370000	2.981445381e-02
0.375000	2.133233362e-02
0.380000	1.253424560e-02
0.385000	3.550504275e-03
0.390000	3.550504275e-03
0.395000	3.536505882e-03
0.400000	3.494731465e-03
0.405000	3.425839832e-03
0.410000	3.330917445e-03
0.415000	3.211461286e-03
0.420000	3.069355252e-03
0.425000	2.906840438e-03
0.430000	2.726479801e-03
0.435000	2.531117735e-03
0.440000	2.323835217e-03
0.445000	2.107901217e-03
0.450000	1.886721142e-03
0.455000	1.663783134e-03
0.460000	1.442603058e-03
0.465000	1.226669058e-03
0.470000	1.019386540e-03
0.475000	8.240244744e-04
0.480000	6.436638372e-04
0.485000	4.811490235e-04
0.490000	3.390429890e-04
0.495000	2.195868307e-04
0.500000	1.246644435e-04
0.505000	5.577281036e-05
0.510000	1.399839335e-05
0.515000	0.000000000e+00
0.520000	0.000000000e+00
0.525000	0.000000000e+00
0.530000	0.000000000e+00
0.535000	0.000000000e+00
0.540000	0.000000000e+00
0.545000	0.000000000e+00
0.550000	0.000000000e+00
0.555000	0.000000000e+00
0.560000	0.000000000e+00
0.565000	0.000000000e+00
0.570000	0.000000000e+00
0.575000	0.000000000e+00
0.580000	0.000000000e+00
0.585000	0.000000000e+00
0.590000	0.000000000e+00
0.595000	0.000000000e+00
0.600000	0.000000000e+00
0.605000	0.000000000e+00
0.610000	0.000000000e+00
0.615000	0.000000000e+00
0.620000	0.000000000e+00
0.625000	0.000000000e+00
0.630000	0.000000000e+00
0.635000	0.000000000e+00
0.640000	0.000000000e+00
0.645000	0.000000000e+00
0.650000	0.000000000e+00
0.655000	0.000000000e+00
0.660000	0.000000000e+00
0.665000	0.000000000e+00
0.670000	0.000000000e+00
0.675000	0.000000000e+00
0.680000	0.000000000e+00
0.685000	0.000000000e+00
0.690000	0.000000000e+00
0.695000	0.000000000e+00
0.700000	0.000000000e+00
0.705000	0.000000000e+00
0.710000	0.000000000e+00
0.715000	0.000000000e+00
0.720000	0.000000000e+00
0.725000	0.000000000e+00
0.730000	0.000000000e+00
0.735000	0.000000000e+00
0.740000	0.000000000e+00
0.745000	0.000000000e+00
0.750000	0.000000000e+00
0.755000	0.000000000e+00
0.760000	0.000000000e+00
0.765000	0.000000000e+00
0.770000	0.000000000e+00
0.775000	0.000000000e+00
0.780000	0.000000000e+00
0.785000	0.000000000e+00
0.790000	0.000000000e+00
0.795000	0.000000000e+00
0.800000	0.000000000e+00
0.805000	0.000000000e+00
0.810000	0.000000000e+00
0.815000	0.000000000e+00
0.820000	0.000000000e+00
0.825000	0.000000000e+00
0.830000	0.000000000e+00
0.835000	0.000000000e+00
0.840000	0.000000000e+00
0.845000	0.000000000e+00
0.850000	0.000000000e+00
0.855000	0.000000000e+00
0.860000	0.000000000e+00
0.865000	0.000000000e+00
0.870000	0.000000000e+00
0.875000	0.000000000e+00
0.880000	0.000000000e+00
0.885000	0.000000000e+00
0.890000	0.000000000e+00
0.895000	0.000000000e+00
0.900000	0.000000000e+00
0.905000	0.000000000e+00
0.910000	0.000000000e+00
0.915000	0.000000000e+00
0.920000	0.000000000e+00
0.925000	0.000000000e+00
0.930000	0.000000000e+00
0.935000	0.000000000e+00
0.940000	0.000000000e+00
0.945000	0.000000000e+00
0.950000	0.000000000e+00
0.955000	0.000000000e+00
0.960000	0.000000000e+00
0.965000	0.000000000e+00
0.970000	0.000000000e+00
0.975000	0.000000000e+00
0.980000	0.000000000e+00
0.985000	0.000000000e+00
0.990000	0.000000000e+00
0.995000	0.000000000e+00
1.000000	0.000000000e+00
1.005000	0.000000000e+00
1.010000	0.000000000e+00
1.015000	0.000000000e+00
1.020000	0.000000000e+00
1.025000	0.000000000e+00
1.030000	0.000000000e+00
1.035000	0.000000000e+00
1.040000	0.000000000e+00
1.045000	0.000000000e+00
1.050000	0.000000000e+00
1.055000	0.000000000e+00
1.060000	0.000000000e+00
1.065000	0.000000000e+00
1.070000	0.000000000e+00
1.075000	0.000000000e+00
1.080000	0.000000000e+00
1.085000	0.000000000e+00
1.090000	0.000000000e+00
1.095000	0.000000000e+00
1.100000	0.000000000e+00
1.105000	0.000000000e+00
1.110000	0.000000000e+00
1.115000	0.000000000e+00
1.120000	0.000000000e+00
1.125000	0.000000000e+00
1.130000	0.000000000e+00
1.135000	0.000000000e+00
1.140000	0.000000000e+00
1.145000	0.000000000e+00
1.150000	0.000000000e+00
1.155000	0.000000000e+00
1.160000	0.000000000e+00
1.165000	0.000000000e+00
1.170000	0.000000000e+00
1.175000	0.000000000e+00
1.180000	0.000000000e+00
1.185000	0.000000000e+00
1.190000	0.000000000e+00
1.195000	0.000000000e+00
1.200000	0.000000000e+00
1.205000	0.000000000e+00
1.210000	0.000000000e+00
1.215000	0.000000000e+00
1.220000	0.000000000e+00
1.225000	0.000000000e+00
1.230000	0.000000000e+00
1.235000	0.000000000e+00
1.240000	0.000000000e+00
1.245000	0.000000000e+00
1.250000	0.000000000e+00
1.255000	0.000000000e+00
1.260000	0.000000000e+00
1.265000	0.000000000e+00
1.270000	0.000000000e+00
1.275000	0.000000000e+00
1.280000	0.000000000e+00
1.285000	0.000000000e+00
1.290000	0.000000000e+00
1.295000	0.000000000e+00
1.300000	0.000000000e+00
1.305000	0.000000000e+00
1.310000	0.000000000e+00
1.315000	0.000000000e+00
1.320000	0.000000000e+00
1.325000	0.000000000e+00
1.330000	0.000000000e+00
1.335000	0.000000000e+00
1.340000	0.000000000e+00
1.345000	0.000000000e+00
1.350000	0.000000000e+00
1.355000	0.000000000e+00
1.360000	0.000000000e+00
1.365000	0.000000000e+00
1.370000	0.000000000e+00
1.375000	0.000000000e+00
1.380000	0.000000000e+00
1.385000	0.000000000e+00
1.390000	0.000000000e+00
1.395000	0.000000000e+00
1.400000	0.000000000e+00
1.405000	0.000000000e+00
1.410000	0.000000000e+00
1.415000	0.000000000e+00
1.420000	0.000000000e+00
1.425000	0.000000000e+00
1.430000	0.000000000e+00
1.435000	0.000000000e+00
1.440000	0.000000000e+00
1.445000	0.000000000e+00
1.450000	0.000000000e+00
1.455000	0.000000000e+00
1.460000	0.000000000e+00
1.465000	0.000000000e+00
1.470000	0.000000000e+00
1.475000	0.000000000e+00
1.480000	0.000000000e+00
1.485000	0.000000000e+00
1.490000	0.000000000e+00
1.495000	0.000000000e+00
1.500000	0.000000000e+00
1.505000	0.000000000e+00
1.510000	0.000000000e+00
1.515000	0.000000000e+00
1.520000	0.000000000e+00
1.525000	0.000000000e+00
1.530000	0.000000000e+00
1.535000	0.000000000e+00
1.540000	0.000000000e+00
1.545000	0.000000000e+00
1.550000	0.000000000e+00
1.555000	0.000000000e+00
1.560000	0.000000000e+00
1.565000	0.000000000e+00
1.570000	0.000000000e+00
1.575000	0.000000000e+00
1.580000	0.000000000e+00
1.585000	0.000000000e+00
1.590000	0.000000000e+00
1.595000	0.000000000e+00
1.600000	0.000000000e+00
1.605000	0.000000000e+00
1.610000	0.000000000e+00
1.615000	0.000000000e+00
1.620000	0.000000000e+00
1.625000	0.000000000e+00
1.630000	0.000000000e+00
1.635000	0.000000000e+00
1.640000	0.000000000e+00
1.645000	0.000000000e+00
1.650000	0.000000000e+00
1.655000	0.000000000e+00
1.660000	0.000000000e+00
1.665000	0.000000000e+00
1.670000	0.000000000e+00
1.675000	0.000000000e+00
1.680000	0.000000000e+00
1.685000	0.000000000e+00
1.690000	0.000000000e+00
1.695000	0.000000000e+00
1.700000	0.000000000e+00
1.705000	0.000000000e+00
1.710000	0.000000000e+00
1.715000	0.000000000e+00
1.720000	0.000000000e+00
1.725000	0.000000000e+00
1.730000	0.000000000e+00
1.735000	0.000000000e+00
1.740000	0.000000000e+00
1.745000	0.000000000e+00
1.750000	0.000000000e+00
1.755000	0.000000000e+00
1.760000	0.000000000e+00
1.765000	0.000000000e+00
1.770000	0.000000000e+00
1.775000	0.000000000e+00
1.780000	0.000000000e+00
1.785000	0.000000000e+00
1.790000	0.000000000e+00
1.795000	0.000000000e+00
1.800000	0.000000000e+00
1.805000	0.000000000e+00
1.810000	0.000000000e+00
1.815000	0.000000000e+00
1.820000	0.000000000e+00
1.825000	0.000000000e+00
1.830000	0.000000000e+00
1.835000	0.000000000e+00
1.840000	0.000000000e+00
1.845000	0.000000000e+00
1.850000	0.000000000e+00
1.855000	0.000000000e+00
1.860000	0.000000000e+00
1.865000	0.000000000e+00
1.870000	0.000000000e+00
1.875000	0.000000000e+00
1.880000	0.000000000e+00
1.885000	0.000000000e+00
1.890000	0.000000000e+00
1.895000	0.000000000e+00
1.900000	0.000000000e+00
1.905000	0.000000000e+00
1.910000	0.000000000e+00
1.915000	0.000000000e+00
1.920000	0.000000000e+00
1.925000	0.000000000e+00
1.930000	0.000000000e+00
1.935000	0.000000000e+00
1.940000	0.000000000e+00
1.945000	0.000000000e+00
1.950000	0.000000000e+00
1.955000	0.000000000e+00
1.960000	0.000000000e+00
1.965000	0.000000000e+00
1.970000	0.000000000e+00
1.975000	0.000000000e+00
1.980000	0.000000000e+00
1.985000	0.000000000e+00
1.990000	0.000000000e+00
1.995000	0.000000000e+00
2.000000	0.000000000e+00
2.005000	0.000000000e+00
2.010000	0.000000000e+00
2.015000	0.000000000e+00
2.020000	0.000000000e+00
2.025000	0.000000000e+00
2.030000	0.000000000e+00
2.035000	0.000000000e+00
2.040000	0.000000000e+00
2.045000	0.000000000e+00
2.050000	0.000000000e+00
2.055000	0.000000000e+00
2.060000	0.000000000e+00
2.065000	0.000000000e+00
2.070000	0.000000000e+00
2.075000	0.000000000e+00
2.080000	0.000000000e+00
2.085000	0.000000000e+00
2.090000	0.000000000e+00
2.095000	0.000000000e+00
2.100000	0.000000000e+00
2.105000	0.000000000e+00
2.110000	0.000000000e+00
2.115000	0.000000000e+00
2.120000	0.000000000e+00
2.125000	0.000000000e+00
2.130000	0.000000000e+00
2.135000	0.000000000e+00
2.140000	0.000000000e+00
2.145000	0.000000000e+00
2.150000	0.000000000e+00
2.155000	0.000000000e+00
2.160000	0.000000000e+00
2.165000	0.000000000e+00
2.170000	0.000000000e+00
2.175000	0.000000000e+00
2.180000	0.000000000e+00
2.185000	0.000000000e+00
2.190000	0.000000000e+00
2.195000	0.000000000e+00
2.200000	0.000000000e+00
2.205000	0.000000000e+00
2.210000	0.000000000e+00
2.215000	0.000000000e+00
2.220000	0.000000000e+00
2.225000	0.000000000e+00
2.230000	0.000000000e+00
2.235000	0.000000000e+00
2.240000	0.000000000e+00
2.245000	0.000000000e+00
2.250000	0.000000000e+00
2.255000	0.000000000e+00
2.260000	0.000000000e+00
2.265000	0.000000000e+00
2.270000	0.000000000e+00
2.275000	0.000000000e+00
2.280000	0.000000000e+00
2.285000	0.000000000e+00
2.290000	0.000000000e+00
2.295000	0.000000000e+00
2.300000	0.000000000e+00
2.305000	0.000000000e+00
2.310000	0.000000000e+00
2.315000	0.000000000e+00
2.320000	0.000000000e+00
2.325000	0.000000000e+00
2.330000	0.000000000e+00
2.335000	0.000000000e+00
2.340000	0.000000000e+00
2.345000	0.000000000e+00
2.350000	0.000000000e+00
2.355000	0.000000000e+00
2.360000	0.000000000e+00
2.365000	0.000000000e+00
2.370000	0.000000000e+00
2.375000	0.000000000e+00
2.380000	0.000000000e+00
2.385000	0.000000000e+00
2.390000	0.000000000e+00
2.395000	0.000000000e+00
2.400000	0.000000000e+00
2.405000	0.000000000e+00
2.410000	0.000000000e+00
2.415000	0.000000000e+00
2.420000	0.000000000e+00
2.425000	0.000000000e+00
2.430000	0.000000000e+00
2.435000	0.000000000e+00
2.440000	0.000000000e+00
2.445000	0.000000000e+00
2.450000	0.000000000e+00
2.455000	0.000000000e+00
2.460000	0.000000000e+00
2.465000	0.000000000e+00
2.470000	0.000000000e+00
2.475000	0.000000000e+00
2.480000	0.000000000e+00
2.485000	0.000000000e+00
2.490000	0.000000000e+00
2.495000	0.000000000e+00
2.500000	0.000000000e+00
2.505000	0.000000000e+00
2.510000	0.000000000e+00
2.515000	0.000000000e+00
2.520000	0.000000000e+00
2.525000	0.000000000e+00
2.530000	0.000000000e+00
2.535000	0.000000000e+00
2.540000	0.000000000e+00
2.545000	0.000000000e+00
2.550000	0.000000000e+00
2.555000	0.000000000e+00
2.560000	0.000000000e+00
2.565000	0.000000000e+00
2.570000	0.000000000e+00
2.575000	0.000000000e+00
2.580000	0.000000000e+00
2.585000	0.000000000e+00
2.590000	0.000000000e+00
2.595000	0.000000000e+00
2.600000	0.000000000e+00
2.605000	0.000000000e+00
2.610000	0.000000000e+00
2.615000	0.000000000e+00
2.620000	0.000000000e+00
2.625000	0.000000000e+00
2.630000	0.000000000e+00
2.635000	0.000000000e+00
2.640000	0.000000000e+00
2.645000	0.000000000e+00
2.650000	0.000000000e+00
2.655000	0.000000000e+00
2.660000	0.000000000e+00
2.665000	0.000000000e+00
2.670000	0.000000000e+00
2.675000	0.000000000e+00
2.680000	0.000000000e+00
2.685000	0.000000000e+00
2.690000	0.000000000e+00
2.695000	0.000000000e+00
2.700000	0.000000000e+00
2.705000	0.000000000e+00
2.710000	0.000000000e+00
2.715000	0.000000000e+00
2.720000	0.000000000e+00
2.725000	0.000000000e+00
2.730000	0.000000000e+00
2.735000	0.000000000e+00
2.740000	0.000000000e+00
2.745000	0.000000000e+00
2.750000	0.000000000e+00
2.755000	0.000000000e+00
2.760000	0.000000000e+00
2.765000	0.000000000e+00
2.770000	0.000000000e+00
2.775000	0.000000000e+00
2.780000	0.000000000e+00
2.785000	0.000000000e+00
2.790000	0.000000000e+00
2.795000	0.000000000e+00
2.800000	0.000000000e+00
2.805000	0.000000000e+00
2.810000	0.000000000e+00
2.815000	0.000000000e+00
2.820000	0.000000000e+00
2.825000	0.000000000e+00
2.830000	0.000000000e+00
2.835000	0.000000000e+00
2.840000	0.000000000e+00
2.845000	0.000000000e+00
2.850000	0.000000000e+00
2.855000	0.000000000e+00
2.860000	0.000000000e+00
2.865000	0.000000000e+00
2.870000	0.000000000e+00
2.875000	0.000000000e+00
2.880000	0.000000000e+00
2.885000	0.000000000e+00
