Run22_FR76_s1p00
354	0
0.000000	0.000000000000e+00
0.001000	3.503870266632e-04
0.002000	6.996716061098e-04
0.003000	1.046754759830e-03
0.004000	1.390544435814e-03
0.005000	1.729958944551e-03
0.006000	2.063930362425e-03
0.007000	2.391407891798e-03
0.008000	2.711361167208e-03
0.009000	3.022783497279e-03
0.010000	3.324695032145e-03
0.011000	3.616145846422e-03
0.012000	3.896218928020e-03
0.013000	4.164033063409e-03
0.014000	4.418745610237e-03
0.015000	4.659555148596e-03
0.016000	4.885704002588e-03
0.017000	5.096480624252e-03
0.018000	5.291221832356e-03
0.019000	5.469314899012e-03
0.020000	5.630199477543e-03
0.021000	5.773369365545e-03
0.022000	5.898374097583e-03
0.023000	6.004820362521e-03
0.024000	6.092373241028e-03
0.025000	6.160757259359e-03
0.026000	6.209757256091e-03
0.027000	6.239219059107e-03
0.028000	6.249049970673e-03
0.029000	6.239219059107e-03
0.030000	6.209757256091e-03
0.031000	6.160757259359e-03
0.032000	6.092373241028e-03
0.033000	6.004820362521e-03
0.034000	5.898374097583e-03
0.035000	5.773369365545e-03
0.036000	5.630199477543e-03
0.037000	5.469314899012e-03
0.038000	5.291221832356e-03
0.039000	5.096480624252e-03
0.040000	4.885704002588e-03
0.041000	4.659555148596e-03
0.042000	4.418745610237e-03
0.043000	4.164033063409e-03
0.044000	3.896218928020e-03
0.045000	3.616145846422e-03
0.046000	3.324695032145e-03
0.047000	3.022783497279e-03
0.048000	2.711361167208e-03
0.049000	2.391407891798e-03
0.050000	2.063930362425e-03
0.051000	1.729958944551e-03
0.052000	1.390544435814e-03
0.053000	1.046754759830e-03
0.054000	6.996716061098e-04
0.055000	3.503870266632e-04
0.056000	7.652879044297e-19
0.057000	-3.503870266632e-04
0.058000	-6.996716061098e-04
0.059000	-1.046754759830e-03
0.060000	-1.390544435814e-03
0.061000	-1.729958944551e-03
0.062000	-2.063930362425e-03
0.063000	-2.391407891798e-03
0.064000	-2.711361167208e-03
0.065000	-3.022783497279e-03
0.066000	-3.324695032145e-03
0.067000	-3.616145846422e-03
0.068000	-3.896218928020e-03
0.069000	-4.164033063409e-03
0.070000	-4.418745610237e-03
0.071000	-4.659555148596e-03
0.072000	-4.885704002588e-03
0.073000	-5.096480624252e-03
0.074000	-5.291221832356e-03
0.075000	-5.469314899012e-03
0.076000	-5.630199477543e-03
0.077000	-5.773369365545e-03
0.078000	-5.898374097583e-03
0.079000	-6.004820362521e-03
0.080000	-6.092373241028e-03
0.081000	-6.160757259359e-03
0.082000	-6.209757256091e-03
0.083000	-6.239219059107e-03
0.084000	-6.249049970673e-03
0.085000	-6.239219059107e-03
0.086000	-6.209757256091e-03
0.087000	-6.160757259359e-03
0.088000	-6.092373241028e-03
0.089000	-6.004820362521e-03
0.090000	-5.898374097583e-03
0.091000	-5.773369365545e-03
0.092000	-5.630199477543e-03
0.093000	-5.469314899012e-03
0.094000	-5.291221832356e-03
0.095000	-5.096480624252e-03
0.096000	-4.885704002588e-03
0.097000	-4.659555148596e-03
0.098000	-4.418745610237e-03
0.099000	-4.164033063409e-03
0.100000	-3.896218928020e-03
0.101000	-3.616145846422e-03
0.102000	-3.324695032145e-03
0.103000	-3.022783497279e-03
0.104000	-2.711361167208e-03
0.105000	-2.391407891798e-03
0.106000	-2.063930362425e-03
0.107000	-1.729958944551e-03
0.108000	-1.390544435814e-03
0.109000	-1.046754759830e-03
0.110000	-6.996716061098e-04
0.111000	-3.503870266632e-04
0.112000	0.000000000000e+00
0.113000	3.088005354248e-03
0.114000	6.173911869637e-03
0.115000	9.255622133833e-03
0.116000	1.233104158659e-02
0.117000	1.539807994337e-02
0.118000	1.845465261605e-02
0.119000	2.149868212975e-02
0.120000	2.452809953490e-02
0.121000	2.754084581336e-02
0.122000	3.053487327796e-02
0.123000	3.350814696424e-02
0.124000	3.645864601352e-02
0.125000	3.938436504650e-02
0.126000	4.228331552622e-02
0.127000	4.515352710960e-02
0.128000	4.799304898670e-02
0.129000	5.079995120656e-02
0.130000	5.357232598898e-02
0.131000	5.630828902121e-02
0.132000	5.900598073860e-02
0.133000	6.166356758858e-02
0.134000	6.427924327681e-02
0.135000	6.685122999492e-02
0.136000	6.937777962882e-02
0.137000	7.185717494685e-02
0.138000	7.428773076695e-02
0.139000	7.666779510202e-02
0.140000	7.899575028274e-02
0.141000	8.127001405706e-02
0.142000	8.348904066562e-02
0.143000	8.565132189235e-02
0.144000	8.775538808960e-02
0.145000	8.979980917698e-02
0.146000	9.178319561335e-02
0.147000	9.370419934130e-02
0.148000	9.556151470336e-02
0.149000	9.735387932942e-02
0.150000	9.908007499473e-02
0.151000	1.007389284479e-01
0.152000	1.023293122084e-01
0.153000	1.038501453327e-01
0.154000	1.053003941491e-01
0.155000	1.066790729604e-01
0.156000	1.079852447135e-01
0.157000	1.092180216366e-01
0.158000	1.103765658427e-01
0.159000	1.114600898984e-01
0.160000	1.124678573602e-01
0.161000	1.133991832740e-01
0.162000	1.142534346412e-01
0.163000	1.150300308488e-01
0.164000	1.157284440642e-01
0.165000	1.163481995936e-01
0.166000	1.168888762048e-01
0.167000	1.173501064138e-01
0.168000	1.177315767340e-01
0.169000	1.180330278898e-01
0.170000	1.182542549924e-01
0.171000	1.183951076794e-01
0.172000	1.184554902169e-01
0.173000	1.184353615643e-01
0.174000	1.183347354025e-01
0.175000	1.181536801247e-01
0.176000	1.178923187895e-01
0.177000	1.175508290375e-01
0.178000	1.171294429707e-01
0.179000	1.166284469945e-01
0.180000	1.160481816232e-01
0.181000	1.153890412483e-01
0.182000	1.146514738709e-01
0.183000	1.138359807968e-01
0.184000	1.129431162959e-01
0.185000	1.119734872256e-01
0.186000	1.109277526182e-01
0.187000	1.098066232328e-01
0.188000	1.086108610728e-01
0.189000	1.073412788672e-01
0.190000	1.059987395189e-01
0.191000	1.045841555179e-01
0.192000	1.030984883209e-01
0.193000	1.015427476982e-01
0.194000	9.991799104727e-02
0.195000	9.822532267394e-02
0.196000	9.646589304195e-02
0.197000	9.464089799095e-02
0.198000	9.275157792376e-02
0.199000	9.079921696328e-02
0.200000	8.878514207969e-02
0.201000	8.671072218857e-02
0.202000	8.457736722047e-02
0.203000	8.238652716262e-02
0.204000	8.013969107339e-02
0.205000	7.783838607024e-02
0.206000	7.548417629177e-02
0.207000	7.307866183461e-02
0.208000	7.062347766589e-02
0.209000	6.812029251196e-02
0.210000	6.557080772424e-02
0.211000	6.297675612283e-02
0.212000	6.033990081876e-02
0.213000	5.766203401565e-02
0.214000	5.494497579159e-02
0.215000	5.219057286210e-02
0.216000	4.940069732494e-02
0.217000	4.657724538770e-02
0.218000	4.372213607899e-02
0.219000	4.083730994414e-02
0.220000	3.792472772625e-02
0.221000	3.498636903353e-02
0.222000	3.202423099381e-02
0.223000	2.904032689711e-02
0.224000	2.603668482733e-02
0.225000	2.301534628373e-02
0.226000	1.997836479344e-02
0.227000	1.692780451569e-02
0.228000	1.386573883887e-02
0.229000	1.079424897130e-02
0.230000	7.715422526690e-03
0.231000	4.631352105218e-03
0.232000	1.544133871272e-03
0.233000	-1.544133871272e-03
0.234000	-4.631352105218e-03
0.235000	-7.715422526690e-03
0.236000	-1.079424897130e-02
0.237000	-1.386573883887e-02
0.238000	-1.692780451569e-02
0.239000	-1.997836479344e-02
0.240000	-2.301534628373e-02
0.241000	-2.603668482733e-02
0.242000	-2.904032689711e-02
0.243000	-3.202423099381e-02
0.244000	-3.498636903353e-02
0.245000	-3.792472772625e-02
0.246000	-4.083730994414e-02
0.247000	-4.372213607899e-02
0.248000	-4.657724538770e-02
0.249000	-4.940069732494e-02
0.250000	-5.219057286210e-02
0.251000	-5.494497579159e-02
0.252000	-5.766203401565e-02
0.253000	-6.033990081876e-02
0.254000	-6.297675612283e-02
0.255000	-6.557080772424e-02
0.256000	-6.812029251196e-02
0.257000	-7.062347766589e-02
0.258000	-7.307866183461e-02
0.259000	-7.548417629177e-02
0.260000	-7.783838607024e-02
0.261000	-8.013969107339e-02
0.262000	-8.238652716262e-02
0.263000	-8.457736722047e-02
0.264000	-8.671072218857e-02
0.265000	-8.878514207969e-02
0.266000	-9.079921696328e-02
0.267000	-9.275157792376e-02
0.268000	-9.464089799095e-02
0.269000	-9.646589304195e-02
0.270000	-9.822532267394e-02
0.271000	-9.991799104727e-02
0.272000	-1.015427476982e-01
0.273000	-1.030984883209e-01
0.274000	-1.045841555179e-01
0.275000	-1.059987395189e-01
0.276000	-1.073412788672e-01
0.277000	-1.086108610728e-01
0.278000	-1.098066232328e-01
0.279000	-1.109277526182e-01
0.280000	-1.119734872256e-01
0.281000	-1.129431162959e-01
0.282000	-1.138359807968e-01
0.283000	-1.146514738709e-01
0.284000	-1.153890412483e-01
0.285000	-1.160481816232e-01
0.286000	-1.166284469945e-01
0.287000	-1.171294429707e-01
0.288000	-1.175508290375e-01
0.289000	-1.178923187895e-01
0.290000	-1.181536801247e-01
0.291000	-1.183347354025e-01
0.292000	-1.184353615643e-01
0.293000	-1.184554902169e-01
0.294000	-1.183951076794e-01
0.295000	-1.182542549924e-01
0.296000	-1.180330278898e-01
0.297000	-1.177315767340e-01
0.298000	-1.173501064138e-01
0.299000	-1.168888762048e-01
0.300000	-1.163481995936e-01
0.301000	-1.157284440642e-01
0.302000	-1.150300308488e-01
0.303000	-1.142534346412e-01
0.304000	-1.133991832740e-01
0.305000	-1.124678573602e-01
0.306000	-1.114600898984e-01
0.307000	-1.103765658427e-01
0.308000	-1.092180216366e-01
0.309000	-1.079852447135e-01
0.310000	-1.066790729604e-01
0.311000	-1.053003941491e-01
0.312000	-1.038501453327e-01
0.313000	-1.023293122084e-01
0.314000	-1.007389284479e-01
0.315000	-9.908007499473e-02
0.316000	-9.735387932942e-02
0.317000	-9.556151470336e-02
0.318000	-9.370419934130e-02
0.319000	-9.178319561335e-02
0.320000	-8.979980917698e-02
0.321000	-8.775538808960e-02
0.322000	-8.565132189235e-02
0.323000	-8.348904066562e-02
0.324000	-8.127001405706e-02
0.325000	-7.899575028274e-02
0.326000	-7.666779510202e-02
0.327000	-7.428773076695e-02
0.328000	-7.185717494685e-02
0.329000	-6.937777962882e-02
0.330000	-6.685122999492e-02
0.331000	-6.427924327681e-02
0.332000	-6.166356758858e-02
0.333000	-5.900598073860e-02
0.334000	-5.630828902121e-02
0.335000	-5.357232598898e-02
0.336000	-5.079995120656e-02
0.337000	-4.799304898670e-02
0.338000	-4.515352710960e-02
0.339000	-4.228331552622e-02
0.340000	-3.938436504650e-02
0.341000	-3.645864601352e-02
0.342000	-3.350814696424e-02
0.343000	-3.053487327796e-02
0.344000	-2.754084581336e-02
0.345000	-2.452809953490e-02
0.346000	-2.149868212975e-02
0.347000	-1.845465261605e-02
0.348000	-1.539807994337e-02
0.349000	-1.233104158659e-02
0.350000	-9.255622133833e-03
0.351000	-6.173911869637e-03
0.352000	-3.088005354248e-03
0.353000	0.000000000000e+00
