Run25_FR76_s2p00
354	0
0.000000	0.000000000000e+00
0.001000	7.007740533264e-04
0.002000	1.399343212220e-03
0.003000	2.093509519660e-03
0.004000	2.781088871628e-03
0.005000	3.459917889102e-03
0.006000	4.127860724850e-03
0.007000	4.782815783596e-03
0.008000	5.422722334416e-03
0.009000	6.045566994558e-03
0.010000	6.649390064291e-03
0.011000	7.232291692844e-03
0.012000	7.792437856041e-03
0.013000	8.328066126819e-03
0.014000	8.837491220473e-03
0.015000	9.319110297192e-03
0.016000	9.771408005177e-03
0.017000	1.019296124850e-02
0.018000	1.058244366471e-02
0.019000	1.093862979802e-02
0.020000	1.126039895509e-02
0.021000	1.154673873109e-02
0.022000	1.179674819517e-02
0.023000	1.200964072504e-02
0.024000	1.218474648206e-02
0.025000	1.232151451872e-02
0.026000	1.241951451218e-02
0.027000	1.247843811821e-02
0.028000	1.249809994135e-02
0.029000	1.247843811821e-02
0.030000	1.241951451218e-02
0.031000	1.232151451872e-02
0.032000	1.218474648206e-02
0.033000	1.200964072504e-02
0.034000	1.179674819517e-02
0.035000	1.154673873109e-02
0.036000	1.126039895509e-02
0.037000	1.093862979802e-02
0.038000	1.058244366471e-02
0.039000	1.019296124850e-02
0.040000	9.771408005177e-03
0.041000	9.319110297192e-03
0.042000	8.837491220473e-03
0.043000	8.328066126819e-03
0.044000	7.792437856041e-03
0.045000	7.232291692844e-03
0.046000	6.649390064291e-03
0.047000	6.045566994558e-03
0.048000	5.422722334416e-03
0.049000	4.782815783596e-03
0.050000	4.127860724850e-03
0.051000	3.459917889102e-03
0.052000	2.781088871628e-03
0.053000	2.093509519660e-03
0.054000	1.399343212220e-03
0.055000	7.007740533264e-04
0.056000	1.530575808859e-18
0.057000	-7.007740533264e-04
0.058000	-1.399343212220e-03
0.059000	-2.093509519660e-03
0.060000	-2.781088871628e-03
0.061000	-3.459917889102e-03
0.062000	-4.127860724850e-03
0.063000	-4.782815783596e-03
0.064000	-5.422722334416e-03
0.065000	-6.045566994558e-03
0.066000	-6.649390064291e-03
0.067000	-7.232291692844e-03
0.068000	-7.792437856041e-03
0.069000	-8.328066126819e-03
0.070000	-8.837491220473e-03
0.071000	-9.319110297192e-03
0.072000	-9.771408005177e-03
0.073000	-1.019296124850e-02
0.074000	-1.058244366471e-02
0.075000	-1.093862979802e-02
0.076000	-1.126039895509e-02
0.077000	-1.154673873109e-02
0.078000	-1.179674819517e-02
0.079000	-1.200964072504e-02
0.080000	-1.218474648206e-02
0.081000	-1.232151451872e-02
0.082000	-1.241951451218e-02
0.083000	-1.247843811821e-02
0.084000	-1.249809994135e-02
0.085000	-1.247843811821e-02
0.086000	-1.241951451218e-02
0.087000	-1.232151451872e-02
0.088000	-1.218474648206e-02
0.089000	-1.200964072504e-02
0.090000	-1.179674819517e-02
0.091000	-1.154673873109e-02
0.092000	-1.126039895509e-02
0.093000	-1.093862979802e-02
0.094000	-1.058244366471e-02
0.095000	-1.019296124850e-02
0.096000	-9.771408005177e-03
0.097000	-9.319110297192e-03
0.098000	-8.837491220473e-03
0.099000	-8.328066126819e-03
0.100000	-7.792437856041e-03
0.101000	-7.232291692844e-03
0.102000	-6.649390064291e-03
0.103000	-6.045566994558e-03
0.104000	-5.422722334416e-03
0.105000	-4.782815783596e-03
0.106000	-4.127860724850e-03
0.107000	-3.459917889102e-03
0.108000	-2.781088871628e-03
0.109000	-2.093509519660e-03
0.110000	-1.399343212220e-03
0.111000	-7.007740533264e-04
0.112000	0.000000000000e+00
0.113000	6.176010708496e-03
0.114000	1.234782373927e-02
0.115000	1.851124426767e-02
0.116000	2.466208317318e-02
0.117000	3.079615988674e-02
0.118000	3.690930523209e-02
0.119000	4.299736425951e-02
0.120000	4.905619906979e-02
0.121000	5.508169162672e-02
0.122000	6.106974655593e-02
0.123000	6.701629392847e-02
0.124000	7.291729202704e-02
0.125000	7.876873009301e-02
0.126000	8.456663105243e-02
0.127000	9.030705421921e-02
0.128000	9.598609797340e-02
0.129000	1.015999024131e-01
0.130000	1.071446519780e-01
0.131000	1.126165780424e-01
0.132000	1.180119614772e-01
0.133000	1.233271351772e-01
0.134000	1.285584865536e-01
0.135000	1.337024599898e-01
0.136000	1.387555592576e-01
0.137000	1.437143498937e-01
0.138000	1.485754615339e-01
0.139000	1.533355902040e-01
0.140000	1.579915005655e-01
0.141000	1.625400281141e-01
0.142000	1.669780813312e-01
0.143000	1.713026437847e-01
0.144000	1.755107761792e-01
0.145000	1.795996183540e-01
0.146000	1.835663912267e-01
0.147000	1.874083986826e-01
0.148000	1.911230294067e-01
0.149000	1.947077586588e-01
0.150000	1.981601499895e-01
0.151000	2.014778568958e-01
0.152000	2.046586244168e-01
0.153000	2.077002906654e-01
0.154000	2.106007882983e-01
0.155000	2.133581459208e-01
0.156000	2.159704894270e-01
0.157000	2.184360432733e-01
0.158000	2.207531316853e-01
0.159000	2.229201797969e-01
0.160000	2.249357147204e-01
0.161000	2.267983665480e-01
0.162000	2.285068692824e-01
0.163000	2.300600616977e-01
0.164000	2.314568881284e-01
0.165000	2.326963991871e-01
0.166000	2.337777524096e-01
0.167000	2.347002128276e-01
0.168000	2.354631534680e-01
0.169000	2.360660557796e-01
0.170000	2.365085099848e-01
0.171000	2.367902153589e-01
0.172000	2.369109804338e-01
0.173000	2.368707231286e-01
0.174000	2.366694708051e-01
0.175000	2.363073602495e-01
0.176000	2.357846375790e-01
0.177000	2.351016580751e-01
0.178000	2.342588859415e-01
0.179000	2.332568939891e-01
0.180000	2.320963632464e-01
0.181000	2.307780824966e-01
0.182000	2.293029477418e-01
0.183000	2.276719615936e-01
0.184000	2.258862325918e-01
0.185000	2.239469744512e-01
0.186000	2.218555052363e-01
0.187000	2.196132464656e-01
0.188000	2.172217221455e-01
0.189000	2.146825577344e-01
0.190000	2.119974790379e-01
0.191000	2.091683110358e-01
0.192000	2.061969766418e-01
0.193000	2.030854953964e-01
0.194000	1.998359820945e-01
0.195000	1.964506453479e-01
0.196000	1.929317860839e-01
0.197000	1.892817959819e-01
0.198000	1.855031558475e-01
0.199000	1.815984339266e-01
0.200000	1.775702841594e-01
0.201000	1.734214443771e-01
0.202000	1.691547344409e-01
0.203000	1.647730543252e-01
0.204000	1.602793821468e-01
0.205000	1.556767721405e-01
0.206000	1.509683525835e-01
0.207000	1.461573236692e-01
0.208000	1.412469553318e-01
0.209000	1.362405850239e-01
0.210000	1.311416154485e-01
0.211000	1.259535122457e-01
0.212000	1.206798016375e-01
0.213000	1.153240680313e-01
0.214000	1.098899515832e-01
0.215000	1.043811457242e-01
0.216000	9.880139464989e-02
0.217000	9.315449077540e-02
0.218000	8.744427215797e-02
0.219000	8.167461988827e-02
0.220000	7.584945545250e-02
0.221000	6.997273806706e-02
0.222000	6.404846198761e-02
0.223000	5.808065379423e-02
0.224000	5.207336965466e-02
0.225000	4.603069256747e-02
0.226000	3.995672958688e-02
0.227000	3.385560903138e-02
0.228000	2.773147767774e-02
0.229000	2.158849794261e-02
0.230000	1.543084505338e-02
0.231000	9.262704210435e-03
0.232000	3.088267742545e-03
0.233000	-3.088267742545e-03
0.234000	-9.262704210435e-03
0.235000	-1.543084505338e-02
0.236000	-2.158849794261e-02
0.237000	-2.773147767774e-02
0.238000	-3.385560903138e-02
0.239000	-3.995672958688e-02
0.240000	-4.603069256747e-02
0.241000	-5.207336965466e-02
0.242000	-5.808065379423e-02
0.243000	-6.404846198761e-02
0.244000	-6.997273806706e-02
0.245000	-7.584945545250e-02
0.246000	-8.167461988827e-02
0.247000	-8.744427215797e-02
0.248000	-9.315449077540e-02
0.249000	-9.880139464989e-02
0.250000	-1.043811457242e-01
0.251000	-1.098899515832e-01
0.252000	-1.153240680313e-01
0.253000	-1.206798016375e-01
0.254000	-1.259535122457e-01
0.255000	-1.311416154485e-01
0.256000	-1.362405850239e-01
0.257000	-1.412469553318e-01
0.258000	-1.461573236692e-01
0.259000	-1.509683525835e-01
0.260000	-1.556767721405e-01
0.261000	-1.602793821468e-01
0.262000	-1.647730543252e-01
0.263000	-1.691547344409e-01
0.264000	-1.734214443771e-01
0.265000	-1.775702841594e-01
0.266000	-1.815984339266e-01
0.267000	-1.855031558475e-01
0.268000	-1.892817959819e-01
0.269000	-1.929317860839e-01
0.270000	-1.964506453479e-01
0.271000	-1.998359820945e-01
0.272000	-2.030854953964e-01
0.273000	-2.061969766418e-01
0.274000	-2.091683110358e-01
0.275000	-2.119974790379e-01
0.276000	-2.146825577344e-01
0.277000	-2.172217221455e-01
0.278000	-2.196132464656e-01
0.279000	-2.218555052363e-01
0.280000	-2.239469744512e-01
0.281000	-2.258862325918e-01
0.282000	-2.276719615936e-01
0.283000	-2.293029477418e-01
0.284000	-2.307780824966e-01
0.285000	-2.320963632464e-01
0.286000	-2.332568939891e-01
0.287000	-2.342588859415e-01
0.288000	-2.351016580751e-01
0.289000	-2.357846375790e-01
0.290000	-2.363073602495e-01
0.291000	-2.366694708051e-01
0.292000	-2.368707231286e-01
0.293000	-2.369109804338e-01
0.294000	-2.367902153589e-01
0.295000	-2.365085099848e-01
0.296000	-2.360660557796e-01
0.297000	-2.354631534680e-01
0.298000	-2.347002128276e-01
0.299000	-2.337777524096e-01
0.300000	-2.326963991871e-01
0.301000	-2.314568881284e-01
0.302000	-2.300600616977e-01
0.303000	-2.285068692824e-01
0.304000	-2.267983665480e-01
0.305000	-2.249357147204e-01
0.306000	-2.229201797969e-01
0.307000	-2.207531316853e-01
0.308000	-2.184360432733e-01
0.309000	-2.159704894270e-01
0.310000	-2.133581459208e-01
0.311000	-2.106007882983e-01
0.312000	-2.077002906654e-01
0.313000	-2.046586244168e-01
0.314000	-2.014778568958e-01
0.315000	-1.981601499895e-01
0.316000	-1.947077586588e-01
0.317000	-1.911230294067e-01
0.318000	-1.874083986826e-01
0.319000	-1.835663912267e-01
0.320000	-1.795996183540e-01
0.321000	-1.755107761792e-01
0.322000	-1.713026437847e-01
0.323000	-1.669780813312e-01
0.324000	-1.625400281141e-01
0.325000	-1.579915005655e-01
0.326000	-1.533355902040e-01
0.327000	-1.485754615339e-01
0.328000	-1.437143498937e-01
0.329000	-1.387555592576e-01
0.330000	-1.337024599898e-01
0.331000	-1.285584865536e-01
0.332000	-1.233271351772e-01
0.333000	-1.180119614772e-01
0.334000	-1.126165780424e-01
0.335000	-1.071446519780e-01
0.336000	-1.015999024131e-01
0.337000	-9.598609797340e-02
0.338000	-9.030705421921e-02
0.339000	-8.456663105243e-02
0.340000	-7.876873009301e-02
0.341000	-7.291729202704e-02
0.342000	-6.701629392847e-02
0.343000	-6.106974655593e-02
0.344000	-5.508169162672e-02
0.345000	-4.905619906979e-02
0.346000	-4.299736425951e-02
0.347000	-3.690930523209e-02
0.348000	-3.079615988674e-02
0.349000	-2.466208317318e-02
0.350000	-1.851124426767e-02
0.351000	-1.234782373927e-02
0.352000	-6.176010708496e-03
0.353000	0.000000000000e+00
