Run24_FR76_s1p75
354	0
0.000000	0.000000000000e+00
0.001000	6.131772966614e-04
0.002000	1.224425310694e-03
0.003000	1.831820829705e-03
0.004000	2.433452762677e-03
0.005000	3.027428152968e-03
0.006000	3.611878134248e-03
0.007000	4.184963810652e-03
0.008000	4.744882042620e-03
0.009000	5.289871120245e-03
0.010000	5.818216306262e-03
0.011000	6.328255231246e-03
0.012000	6.818383124044e-03
0.013000	7.287057860975e-03
0.014000	7.732804817924e-03
0.015000	8.154221510053e-03
0.016000	8.549982004540e-03
0.017000	8.918841092453e-03
0.018000	9.259638206635e-03
0.019000	9.571301073282e-03
0.020000	9.852849085713e-03
0.021000	1.010339638972e-02
0.022000	1.032215467078e-02
0.023000	1.050843563442e-02
0.024000	1.066165317181e-02
0.025000	1.078132520389e-02
0.026000	1.086707519817e-02
0.027000	1.091863335345e-02
0.028000	1.093583744869e-02
0.029000	1.091863335345e-02
0.030000	1.086707519817e-02
0.031000	1.078132520389e-02
0.032000	1.066165317181e-02
0.033000	1.050843563442e-02
0.034000	1.032215467078e-02
0.035000	1.010339638972e-02
0.036000	9.852849085713e-03
0.037000	9.571301073282e-03
0.038000	9.259638206635e-03
0.039000	8.918841092453e-03
0.040000	8.549982004540e-03
0.041000	8.154221510053e-03
0.042000	7.732804817924e-03
0.043000	7.287057860975e-03
0.044000	6.818383124044e-03
0.045000	6.328255231246e-03
0.046000	5.818216306262e-03
0.047000	5.289871120245e-03
0.048000	4.744882042620e-03
0.049000	4.184963810652e-03
0.050000	3.611878134248e-03
0.051000	3.027428152968e-03
0.052000	2.433452762677e-03
0.053000	1.831820829705e-03
0.054000	1.224425310694e-03
0.055000	6.131772966614e-04
0.056000	1.339253832754e-18
0.057000	-6.131772966614e-04
0.058000	-1.224425310694e-03
0.059000	-1.831820829705e-03
0.060000	-2.433452762677e-03
0.061000	-3.027428152968e-03
0.062000	-3.611878134248e-03
0.063000	-4.184963810652e-03
0.064000	-4.744882042620e-03
0.065000	-5.289871120245e-03
0.066000	-5.818216306262e-03
0.067000	-6.328255231246e-03
0.068000	-6.818383124044e-03
0.069000	-7.287057860975e-03
0.070000	-7.732804817924e-03
0.071000	-8.154221510053e-03
0.072000	-8.549982004540e-03
0.073000	-8.918841092453e-03
0.074000	-9.259638206635e-03
0.075000	-9.571301073282e-03
0.076000	-9.852849085713e-03
0.077000	-1.010339638972e-02
0.078000	-1.032215467078e-02
0.079000	-1.050843563442e-02
0.080000	-1.066165317181e-02
0.081000	-1.078132520389e-02
0.082000	-1.086707519817e-02
0.083000	-1.091863335345e-02
0.084000	-1.093583744869e-02
0.085000	-1.091863335345e-02
0.086000	-1.086707519817e-02
0.087000	-1.078132520389e-02
0.088000	-1.066165317181e-02
0.089000	-1.050843563442e-02
0.090000	-1.032215467078e-02
0.091000	-1.010339638972e-02
0.092000	-9.852849085713e-03
0.093000	-9.571301073282e-03
0.094000	-9.259638206635e-03
0.095000	-8.918841092453e-03
0.096000	-8.549982004540e-03
0.097000	-8.154221510053e-03
0.098000	-7.732804817924e-03
0.099000	-7.287057860975e-03
0.100000	-6.818383124044e-03
0.101000	-6.328255231246e-03
0.102000	-5.818216306262e-03
0.103000	-5.289871120245e-03
0.104000	-4.744882042620e-03
0.105000	-4.184963810652e-03
0.106000	-3.611878134248e-03
0.107000	-3.027428152968e-03
0.108000	-2.433452762677e-03
0.109000	-1.831820829705e-03
0.110000	-1.224425310694e-03
0.111000	-6.131772966614e-04
0.112000	0.000000000000e+00
0.113000	5.404009369934e-03
0.114000	1.080434577186e-02
0.115000	1.619733873421e-02
0.116000	2.157932277654e-02
0.117000	2.694663990090e-02
0.118000	3.229564207808e-02
0.119000	3.762269372707e-02
0.120000	4.292417418607e-02
0.121000	4.819648017338e-02
0.122000	5.343602823644e-02
0.123000	5.863925718741e-02
0.124000	6.380263052366e-02
0.125000	6.892263883138e-02
0.126000	7.399580217088e-02
0.127000	7.901867244181e-02
0.128000	8.398783572672e-02
0.129000	8.889991461148e-02
0.130000	9.375157048072e-02
0.131000	9.853950578712e-02
0.132000	1.032604662926e-01
0.133000	1.079112432800e-01
0.134000	1.124886757344e-01
0.135000	1.169896524911e-01
0.136000	1.214111143504e-01
0.137000	1.257500561570e-01
0.138000	1.300035288422e-01
0.139000	1.341686414285e-01
0.140000	1.382425629948e-01
0.141000	1.422225245998e-01
0.142000	1.461058211648e-01
0.143000	1.498898133116e-01
0.144000	1.535719291568e-01
0.145000	1.571496660597e-01
0.146000	1.606205923234e-01
0.147000	1.639823488473e-01
0.148000	1.672326507309e-01
0.149000	1.703692888265e-01
0.150000	1.733901312408e-01
0.151000	1.762931247839e-01
0.152000	1.790762963647e-01
0.153000	1.817377543322e-01
0.154000	1.842756897610e-01
0.155000	1.866883776807e-01
0.156000	1.889741782486e-01
0.157000	1.911315378641e-01
0.158000	1.931589902246e-01
0.159000	1.950551573223e-01
0.160000	1.968187503804e-01
0.161000	1.984485707295e-01
0.162000	1.999435106221e-01
0.163000	2.013025539855e-01
0.164000	2.025247771124e-01
0.165000	2.036093492888e-01
0.166000	2.045555333584e-01
0.167000	2.053626862241e-01
0.168000	2.060302592845e-01
0.169000	2.065577988071e-01
0.170000	2.069449462367e-01
0.171000	2.071914384390e-01
0.172000	2.072971078796e-01
0.173000	2.072618827375e-01
0.174000	2.070857869545e-01
0.175000	2.067689402183e-01
0.176000	2.063115578816e-01
0.177000	2.057139508157e-01
0.178000	2.049765251988e-01
0.179000	2.040997822405e-01
0.180000	2.030843178406e-01
0.181000	2.019308221846e-01
0.182000	2.006400792741e-01
0.183000	1.992129663944e-01
0.184000	1.976504535179e-01
0.185000	1.959536026448e-01
0.186000	1.941235670818e-01
0.187000	1.921615906574e-01
0.188000	1.900690068773e-01
0.189000	1.878472380176e-01
0.190000	1.854977941582e-01
0.191000	1.830222721563e-01
0.192000	1.804223545615e-01
0.193000	1.776998084718e-01
0.194000	1.748564843327e-01
0.195000	1.718943146794e-01
0.196000	1.688153128234e-01
0.197000	1.656215714842e-01
0.198000	1.623152613666e-01
0.199000	1.588986296857e-01
0.200000	1.553739986395e-01
0.201000	1.517437638300e-01
0.202000	1.480103926358e-01
0.203000	1.441764225346e-01
0.204000	1.402444593784e-01
0.205000	1.362171756229e-01
0.206000	1.320973085106e-01
0.207000	1.278876582106e-01
0.208000	1.235910859153e-01
0.209000	1.192105118959e-01
0.210000	1.147489135174e-01
0.211000	1.102093232150e-01
0.212000	1.055948264328e-01
0.213000	1.009085595274e-01
0.214000	9.615370763529e-02
0.215000	9.133350250868e-02
0.216000	8.645122031865e-02
0.217000	8.151017942847e-02
0.218000	7.651373813823e-02
0.219000	7.146529240224e-02
0.220000	6.636827352094e-02
0.221000	6.122614580868e-02
0.222000	5.604240423916e-02
0.223000	5.082057206995e-02
0.224000	4.556419844783e-02
0.225000	4.027685599653e-02
0.226000	3.496213838852e-02
0.227000	2.962365790246e-02
0.228000	2.426504296802e-02
0.229000	1.888993569978e-02
0.230000	1.350198942171e-02
0.231000	8.104866184131e-03
0.232000	2.702234274726e-03
0.233000	-2.702234274726e-03
0.234000	-8.104866184131e-03
0.235000	-1.350198942171e-02
0.236000	-1.888993569978e-02
0.237000	-2.426504296802e-02
0.238000	-2.962365790246e-02
0.239000	-3.496213838852e-02
0.240000	-4.027685599653e-02
0.241000	-4.556419844783e-02
0.242000	-5.082057206995e-02
0.243000	-5.604240423916e-02
0.244000	-6.122614580868e-02
0.245000	-6.636827352094e-02
0.246000	-7.146529240224e-02
0.247000	-7.651373813823e-02
0.248000	-8.151017942847e-02
0.249000	-8.645122031865e-02
0.250000	-9.133350250868e-02
0.251000	-9.615370763529e-02
0.252000	-1.009085595274e-01
0.253000	-1.055948264328e-01
0.254000	-1.102093232150e-01
0.255000	-1.147489135174e-01
0.256000	-1.192105118959e-01
0.257000	-1.235910859153e-01
0.258000	-1.278876582106e-01
0.259000	-1.320973085106e-01
0.260000	-1.362171756229e-01
0.261000	-1.402444593784e-01
0.262000	-1.441764225346e-01
0.263000	-1.480103926358e-01
0.264000	-1.517437638300e-01
0.265000	-1.553739986395e-01
0.266000	-1.588986296857e-01
0.267000	-1.623152613666e-01
0.268000	-1.656215714842e-01
0.269000	-1.688153128234e-01
0.270000	-1.718943146794e-01
0.271000	-1.748564843327e-01
0.272000	-1.776998084718e-01
0.273000	-1.804223545615e-01
0.274000	-1.830222721563e-01
0.275000	-1.854977941582e-01
0.276000	-1.878472380176e-01
0.277000	-1.900690068773e-01
0.278000	-1.921615906574e-01
0.279000	-1.941235670818e-01
0.280000	-1.959536026448e-01
0.281000	-1.976504535179e-01
0.282000	-1.992129663944e-01
0.283000	-2.006400792741e-01
0.284000	-2.019308221846e-01
0.285000	-2.030843178406e-01
0.286000	-2.040997822405e-01
0.287000	-2.049765251988e-01
0.288000	-2.057139508157e-01
0.289000	-2.063115578816e-01
0.290000	-2.067689402183e-01
0.291000	-2.070857869545e-01
0.292000	-2.072618827375e-01
0.293000	-2.072971078796e-01
0.294000	-2.071914384390e-01
0.295000	-2.069449462367e-01
0.296000	-2.065577988071e-01
0.297000	-2.060302592845e-01
0.298000	-2.053626862241e-01
0.299000	-2.045555333584e-01
0.300000	-2.036093492888e-01
0.301000	-2.025247771124e-01
0.302000	-2.013025539855e-01
0.303000	-1.999435106221e-01
0.304000	-1.984485707295e-01
0.305000	-1.968187503804e-01
0.306000	-1.950551573223e-01
0.307000	-1.931589902246e-01
0.308000	-1.911315378641e-01
0.309000	-1.889741782486e-01
0.310000	-1.866883776807e-01
0.311000	-1.842756897610e-01
0.312000	-1.817377543322e-01
0.313000	-1.790762963647e-01
0.314000	-1.762931247839e-01
0.315000	-1.733901312408e-01
0.316000	-1.703692888265e-01
0.317000	-1.672326507309e-01
0.318000	-1.639823488473e-01
0.319000	-1.606205923234e-01
0.320000	-1.571496660597e-01
0.321000	-1.535719291568e-01
0.322000	-1.498898133116e-01
0.323000	-1.461058211648e-01
0.324000	-1.422225245998e-01
0.325000	-1.382425629948e-01
0.326000	-1.341686414285e-01
0.327000	-1.300035288422e-01
0.328000	-1.257500561570e-01
0.329000	-1.214111143504e-01
0.330000	-1.169896524911e-01
0.331000	-1.124886757344e-01
0.332000	-1.079112432800e-01
0.333000	-1.032604662926e-01
0.334000	-9.853950578712e-02
0.335000	-9.375157048072e-02
0.336000	-8.889991461148e-02
0.337000	-8.398783572672e-02
0.338000	-7.901867244181e-02
0.339000	-7.399580217088e-02
0.340000	-6.892263883138e-02
0.341000	-6.380263052366e-02
0.342000	-5.863925718741e-02
0.343000	-5.343602823644e-02
0.344000	-4.819648017338e-02
0.345000	-4.292417418607e-02
0.346000	-3.762269372707e-02
0.347000	-3.229564207808e-02
0.348000	-2.694663990090e-02
0.349000	-2.157932277654e-02
0.350000	-1.619733873421e-02
0.351000	-1.080434577186e-02
0.352000	-5.404009369934e-03
0.353000	0.000000000000e+00
