Run23_FR76_s1p50
354	0
0.000000	0.000000000000e+00
0.001000	5.255805399945e-04
0.002000	1.049507409164e-03
0.003000	1.570132139744e-03
0.004000	2.085816653720e-03
0.005000	2.594938416825e-03
0.006000	3.095895543636e-03
0.007000	3.587111837695e-03
0.008000	4.067041750810e-03
0.009000	4.534175245916e-03
0.010000	4.987042548216e-03
0.011000	5.424218769630e-03
0.012000	5.844328392028e-03
0.013000	6.246049595111e-03
0.014000	6.628118415352e-03
0.015000	6.989332722890e-03
0.016000	7.328556003879e-03
0.017000	7.644720936374e-03
0.018000	7.936832748530e-03
0.019000	8.203972348513e-03
0.020000	8.445299216310e-03
0.021000	8.660054048314e-03
0.022000	8.847561146369e-03
0.023000	9.007230543776e-03
0.024000	9.138559861538e-03
0.025000	9.241135889034e-03
0.026000	9.314635884132e-03
0.027000	9.358828588655e-03
0.028000	9.373574956005e-03
0.029000	9.358828588655e-03
0.030000	9.314635884132e-03
0.031000	9.241135889034e-03
0.032000	9.138559861538e-03
0.033000	9.007230543776e-03
0.034000	8.847561146369e-03
0.035000	8.660054048314e-03
0.036000	8.445299216310e-03
0.037000	8.203972348513e-03
0.038000	7.936832748530e-03
0.039000	7.644720936374e-03
0.040000	7.328556003879e-03
0.041000	6.989332722890e-03
0.042000	6.628118415352e-03
0.043000	6.246049595111e-03
0.044000	5.844328392028e-03
0.045000	5.424218769630e-03
0.046000	4.987042548216e-03
0.047000	4.534175245916e-03
0.048000	4.067041750810e-03
0.049000	3.587111837695e-03
0.050000	3.095895543636e-03
0.051000	2.594938416825e-03
0.052000	2.085816653720e-03
0.053000	1.570132139744e-03
0.054000	1.049507409164e-03
0.055000	5.255805399945e-04
0.056000	1.147931856644e-18
0.057000	-5.255805399945e-04
0.058000	-1.049507409164e-03
0.059000	-1.570132139744e-03
0.060000	-2.085816653720e-03
0.061000	-2.594938416825e-03
0.062000	-3.095895543636e-03
0.063000	-3.587111837695e-03
0.064000	-4.067041750810e-03
0.065000	-4.534175245916e-03
0.066000	-4.987042548216e-03
0.067000	-5.424218769630e-03
0.068000	-5.844328392028e-03
0.069000	-6.246049595111e-03
0.070000	-6.628118415352e-03
0.071000	-6.989332722890e-03
0.072000	-7.328556003879e-03
0.073000	-7.644720936374e-03
0.074000	-7.936832748530e-03
0.075000	-8.203972348513e-03
0.076000	-8.445299216310e-03
0.077000	-8.660054048314e-03
0.078000	-8.847561146369e-03
0.079000	-9.007230543776e-03
0.080000	-9.138559861538e-03
0.081000	-9.241135889034e-03
0.082000	-9.314635884132e-03
0.083000	-9.358828588655e-03
0.084000	-9.373574956005e-03
0.085000	-9.358828588655e-03
0.086000	-9.314635884132e-03
0.087000	-9.241135889034e-03
0.088000	-9.138559861538e-03
0.089000	-9.007230543776e-03
0.090000	-8.847561146369e-03
0.091000	-8.660054048314e-03
0.092000	-8.445299216310e-03
0.093000	-8.203972348513e-03
0.094000	-7.936832748530e-03
0.095000	-7.644720936374e-03
0.096000	-7.328556003879e-03
0.097000	-6.989332722890e-03
0.098000	-6.628118415352e-03
0.099000	-6.246049595111e-03
0.100000	-5.844328392028e-03
0.101000	-5.424218769630e-03
0.102000	-4.987042548216e-03
0.103000	-4.534175245916e-03
0.104000	-4.067041750810e-03
0.105000	-3.587111837695e-03
0.106000	-3.095895543636e-03
0.107000	-2.594938416825e-03
0.108000	-2.085816653720e-03
0.109000	-1.570132139744e-03
0.110000	-1.049507409164e-03
0.111000	-5.255805399945e-04
0.112000	0.000000000000e+00
0.113000	4.632008031372e-03
0.114000	9.260867804455e-03
0.115000	1.388343320075e-02
0.116000	1.849656237989e-02
0.117000	2.309711991506e-02
0.118000	2.768197892407e-02
0.119000	3.224802319463e-02
0.120000	3.679214930235e-02
0.121000	4.131126872004e-02
0.122000	4.580230991694e-02
0.123000	5.026222044635e-02
0.124000	5.468796902028e-02
0.125000	5.907654756975e-02
0.126000	6.342497328933e-02
0.127000	6.773029066440e-02
0.128000	7.198957348005e-02
0.129000	7.619992680984e-02
0.130000	8.035848898348e-02
0.131000	8.446243353182e-02
0.132000	8.850897110791e-02
0.133000	9.249535138287e-02
0.134000	9.641886491521e-02
0.135000	1.002768449924e-01
0.136000	1.040666694432e-01
0.137000	1.077857624203e-01
0.138000	1.114315961504e-01
0.139000	1.150016926530e-01
0.140000	1.184936254241e-01
0.141000	1.219050210856e-01
0.142000	1.252335609984e-01
0.143000	1.284769828385e-01
0.144000	1.316330821344e-01
0.145000	1.346997137655e-01
0.146000	1.376747934200e-01
0.147000	1.405562990120e-01
0.148000	1.433422720550e-01
0.149000	1.460308189941e-01
0.150000	1.486201124921e-01
0.151000	1.511083926719e-01
0.152000	1.534939683126e-01
0.153000	1.557752179990e-01
0.154000	1.579505912237e-01
0.155000	1.600186094406e-01
0.156000	1.619778670702e-01
0.157000	1.638270324550e-01
0.158000	1.655648487640e-01
0.159000	1.671901348477e-01
0.160000	1.687017860403e-01
0.161000	1.700987749110e-01
0.162000	1.713801519618e-01
0.163000	1.725450462732e-01
0.164000	1.735926660963e-01
0.165000	1.745222993904e-01
0.166000	1.753333143072e-01
0.167000	1.760251596207e-01
0.168000	1.765973651010e-01
0.169000	1.770495418347e-01
0.170000	1.773813824886e-01
0.171000	1.775926615192e-01
0.172000	1.776832353253e-01
0.173000	1.776530423464e-01
0.174000	1.775021031038e-01
0.175000	1.772305201871e-01
0.176000	1.768384781842e-01
0.177000	1.763262435563e-01
0.178000	1.756941644561e-01
0.179000	1.749426704918e-01
0.180000	1.740722724348e-01
0.181000	1.730835618725e-01
0.182000	1.719772108064e-01
0.183000	1.707539711952e-01
0.184000	1.694146744439e-01
0.185000	1.679602308384e-01
0.186000	1.663916289272e-01
0.187000	1.647099348492e-01
0.188000	1.629162916092e-01
0.189000	1.610119183008e-01
0.190000	1.589981092784e-01
0.191000	1.568762332768e-01
0.192000	1.546477324813e-01
0.193000	1.523141215473e-01
0.194000	1.498769865709e-01
0.195000	1.473379840109e-01
0.196000	1.446988395629e-01
0.197000	1.419613469864e-01
0.198000	1.391273668856e-01
0.199000	1.361988254449e-01
0.200000	1.331777131195e-01
0.201000	1.300660832829e-01
0.202000	1.268660508307e-01
0.203000	1.235797907439e-01
0.204000	1.202095366101e-01
0.205000	1.167575791054e-01
0.206000	1.132262644377e-01
0.207000	1.096179927519e-01
0.208000	1.059352164988e-01
0.209000	1.021804387679e-01
0.210000	9.835621158637e-02
0.211000	9.446513418425e-02
0.212000	9.050985122814e-02
0.213000	8.649305102347e-02
0.214000	8.241746368739e-02
0.215000	7.828585929316e-02
0.216000	7.410104598741e-02
0.217000	6.986586808155e-02
0.218000	6.558320411848e-02
0.219000	6.125596491620e-02
0.220000	5.688709158937e-02
0.221000	5.247955355030e-02
0.222000	4.803634649071e-02
0.223000	4.356049034567e-02
0.224000	3.905502724100e-02
0.225000	3.452301942560e-02
0.226000	2.996754719016e-02
0.227000	2.539170677354e-02
0.228000	2.079860825831e-02
0.229000	1.619137345696e-02
0.230000	1.157313379003e-02
0.231000	6.947028157826e-03
0.232000	2.316200806908e-03
0.233000	-2.316200806908e-03
0.234000	-6.947028157826e-03
0.235000	-1.157313379003e-02
0.236000	-1.619137345696e-02
0.237000	-2.079860825831e-02
0.238000	-2.539170677354e-02
0.239000	-2.996754719016e-02
0.240000	-3.452301942560e-02
0.241000	-3.905502724100e-02
0.242000	-4.356049034567e-02
0.243000	-4.803634649071e-02
0.244000	-5.247955355030e-02
0.245000	-5.688709158937e-02
0.246000	-6.125596491620e-02
0.247000	-6.558320411848e-02
0.248000	-6.986586808155e-02
0.249000	-7.410104598741e-02
0.250000	-7.828585929316e-02
0.251000	-8.241746368739e-02
0.252000	-8.649305102347e-02
0.253000	-9.050985122814e-02
0.254000	-9.446513418425e-02
0.255000	-9.835621158637e-02
0.256000	-1.021804387679e-01
0.257000	-1.059352164988e-01
0.258000	-1.096179927519e-01
0.259000	-1.132262644377e-01
0.260000	-1.167575791054e-01
0.261000	-1.202095366101e-01
0.262000	-1.235797907439e-01
0.263000	-1.268660508307e-01
0.264000	-1.300660832829e-01
0.265000	-1.331777131195e-01
0.266000	-1.361988254449e-01
0.267000	-1.391273668856e-01
0.268000	-1.419613469864e-01
0.269000	-1.446988395629e-01
0.270000	-1.473379840109e-01
0.271000	-1.498769865709e-01
0.272000	-1.523141215473e-01
0.273000	-1.546477324813e-01
0.274000	-1.568762332768e-01
0.275000	-1.589981092784e-01
0.276000	-1.610119183008e-01
0.277000	-1.629162916092e-01
0.278000	-1.647099348492e-01
0.279000	-1.663916289272e-01
0.280000	-1.679602308384e-01
0.281000	-1.694146744439e-01
0.282000	-1.707539711952e-01
0.283000	-1.719772108064e-01
0.284000	-1.730835618725e-01
0.285000	-1.740722724348e-01
0.286000	-1.749426704918e-01
0.287000	-1.756941644561e-01
0.288000	-1.763262435563e-01
0.289000	-1.768384781842e-01
0.290000	-1.772305201871e-01
0.291000	-1.775021031038e-01
0.292000	-1.776530423464e-01
0.293000	-1.776832353253e-01
0.294000	-1.775926615192e-01
0.295000	-1.773813824886e-01
0.296000	-1.770495418347e-01
0.297000	-1.765973651010e-01
0.298000	-1.760251596207e-01
0.299000	-1.753333143072e-01
0.300000	-1.745222993904e-01
0.301000	-1.735926660963e-01
0.302000	-1.725450462732e-01
0.303000	-1.713801519618e-01
0.304000	-1.700987749110e-01
0.305000	-1.687017860403e-01
0.306000	-1.671901348477e-01
0.307000	-1.655648487640e-01
0.308000	-1.638270324550e-01
0.309000	-1.619778670702e-01
0.310000	-1.600186094406e-01
0.311000	-1.579505912237e-01
0.312000	-1.557752179990e-01
0.313000	-1.534939683126e-01
0.314000	-1.511083926719e-01
0.315000	-1.486201124921e-01
0.316000	-1.460308189941e-01
0.317000	-1.433422720550e-01
0.318000	-1.405562990120e-01
0.319000	-1.376747934200e-01
0.320000	-1.346997137655e-01
0.321000	-1.316330821344e-01
0.322000	-1.284769828385e-01
0.323000	-1.252335609984e-01
0.324000	-1.219050210856e-01
0.325000	-1.184936254241e-01
0.326000	-1.150016926530e-01
0.327000	-1.114315961504e-01
0.328000	-1.077857624203e-01
0.329000	-1.040666694432e-01
0.330000	-1.002768449924e-01
0.331000	-9.641886491521e-02
0.332000	-9.249535138287e-02
0.333000	-8.850897110791e-02
0.334000	-8.446243353182e-02
0.335000	-8.035848898348e-02
0.336000	-7.619992680984e-02
0.337000	-7.198957348005e-02
0.338000	-6.773029066440e-02
0.339000	-6.342497328933e-02
0.340000	-5.907654756975e-02
0.341000	-5.468796902028e-02
0.342000	-5.026222044635e-02
0.343000	-4.580230991694e-02
0.344000	-4.131126872004e-02
0.345000	-3.679214930235e-02
0.346000	-3.224802319463e-02
0.347000	-2.768197892407e-02
0.348000	-2.309711991506e-02
0.349000	-1.849656237989e-02
0.350000	-1.388343320075e-02
0.351000	-9.260867804455e-03
0.352000	-4.632008031372e-03
0.353000	0.000000000000e+00
