expfull_T9_run18
3335	0
0.000000	0.000000000e+00
0.005000	2.199498930e-04
0.010001	-8.230310426e-04
0.015001	2.198737769e-04
0.020001	8.228026941e-04
0.025001	2.767945394e-04
0.030002	-2.283476431e-07
0.035002	5.773041841e-05
0.040002	6.116620200e-04
0.045002	1.050599920e-03
0.050003	-8.323350092e-04
0.055003	7.635395255e-04
0.060003	1.442464282e-03
0.065004	-1.538410511e-03
0.070004	-2.275408202e-03
0.075004	-5.708531410e-07
0.080004	1.271321429e-03
0.085005	-1.884543779e-03
0.090005	-1.100624769e-03
0.095005	3.211101021e-03
0.100005	9.941843885e-04
0.105006	-1.223732188e-03
0.110006	2.191507320e-04
0.115006	-1.769778385e-03
0.120007	-1.215846775e-03
0.125007	7.730062444e-04
0.130007	5.529802461e-04
0.135007	3.096802871e-03
0.140008	1.049286903e-04
0.145008	-4.034882617e-03
0.150008	-8.330960257e-04
0.155008	1.432741829e-03
0.160009	1.270712660e-03
0.165009	-1.215189229e-03
0.170009	-1.642848284e-04
0.175010	2.044556152e-03
0.180010	1.212563682e-03
0.185010	3.895707199e-04
0.190010	-7.754035104e-04
0.195011	-4.984567141e-04
0.200011	-2.215099165e-04
0.205011	-5.555296545e-04
0.210012	-1.053540409e-03
0.215012	3.803430264e-04
0.220012	9.932714277e-04
0.225012	-1.272642494e-03
0.230013	-3.847291505e-04
0.235013	1.766115023e-03
0.240013	3.811528560e-04
0.245013	2.181237647e-04
0.250014	7.150585285e-04
0.255014	-9.378889559e-04
0.260014	-1.550893397e-03
0.265015	-6.629800419e-04
0.270015	1.603857790e-03
0.275015	1.489826026e-03
0.280015	-1.494048554e-03
0.285016	-9.961138324e-04
0.290016	1.049736111e-03
0.295016	7.147164578e-04
0.300016	-2.212702782e-04
0.305017	-3.942987997e-04
0.310017	-9.493063980e-04
0.315017	-8.253511813e-04
0.320018	1.660474677e-03
0.325018	-1.722378033e-03
0.330018	-1.165039751e-04
0.335018	4.944245785e-04
0.340019	-2.488450031e-03
0.345019	1.326303052e-03
0.350019	1.489256148e-03
0.355019	3.322815400e-04
0.360020	1.277191813e-03
0.365020	-2.237639504e-04
0.370020	-2.220692547e-03
0.375021	-3.948305165e-04
0.380021	-1.168837037e-04
0.385021	-1.053870346e-03
0.390021	5.403101505e-05
0.395022	-3.003817277e-06
0.400022	1.048900616e-03
0.405022	2.816765838e-03
0.410022	3.370697551e-03
0.415023	-1.714061899e-03
0.420023	-3.653993591e-03
0.425023	9.337171983e-04
0.430024	1.382654673e-03
0.435024	-3.282895516e-04
0.440024	-1.753358598e-04
0.445024	-1.753737857e-04
0.450025	-1.438342537e-03
0.455025	-1.609371092e-03
0.460025	6.094694623e-04
0.465025	1.104588776e-04
0.470026	9.903727717e-04
0.475026	2.425256273e-03
0.480026	7.123121855e-04
0.485027	-5.486566535e-04
0.490027	-2.603582004e-03
0.495027	1.582288339e-04
0.500027	-4.427761419e-04
0.505028	1.111556293e-04
0.510028	1.822024038e-03
0.515028	7.130468943e-04
0.520028	1.486966627e-03
0.525029	-1.609901632e-03
0.530029	-5.010002392e-04
0.535029	1.266865065e-03
0.540030	-2.240911396e-04
0.545030	-2.269016999e-03
0.550030	1.209754609e-03
0.555030	-4.441926579e-04
0.560031	-3.981036793e-03
0.565031	2.643562527e-03
0.570031	2.204548730e-03
0.575031	-2.243560770e-04
0.580032	-2.823907335e-04
0.585032	6.555200655e-04
0.590032	3.784974110e-04
0.595033	-1.993410502e-03
0.600033	-7.695153541e-04
0.605033	1.673955157e-04
0.610033	-6.745961791e-04
0.615034	4.353052241e-04
0.620034	3.302731740e-04
0.625034	-1.187400320e-04
0.630035	3.301975851e-04
0.635035	1.715083944e-03
0.640035	-5.598292437e-04
0.645035	2.620879579e-04
0.650036	2.307938128e-03
0.655036	-1.380897605e-03
0.660036	-1.265941670e-03
0.665036	-7.220092250e-04
0.670037	2.149017004e-04
0.675037	7.698335515e-04
0.680037	8.257927362e-04
0.685038	-8.941508074e-04
0.690038	-1.448158205e-03
0.695038	1.045667470e-03
0.700038	1.096810025e-04
0.705039	-3.393321320e-04
0.710039	8.735637147e-04
0.715039	-1.382350445e-03
0.720039	-5.346094211e-05
0.725040	-3.874803557e-04
0.730040	-7.884960949e-04
0.735040	2.087308698e-03
0.740041	5.483552937e-04
0.745041	-1.334579265e-03
0.750041	-3.876688112e-04
0.755041	-7.226881401e-04
0.760042	1.562260482e-04
0.765042	-1.677938730e-04
0.770042	9.401077839e-04
0.775042	2.711067678e-04
0.780043	4.910570686e-04
0.785043	7.680042530e-04
0.790043	-1.553906217e-03
0.795044	9.996556342e-05
0.800044	-3.045899767e-03
0.805044	-6.103884057e-06
0.810044	1.150795132e-03
0.815045	-1.691701881e-04
0.820045	-6.661805760e-04
0.825045	1.207679188e-03
0.830045	2.039596025e-03
0.835046	-1.106269267e-03
0.840046	-1.287296939e-03
0.845046	-8.943560424e-04
0.850047	1.714463495e-03
0.855047	3.635320719e-03
0.860047	1.809383162e-03
0.865047	-2.597413034e-03
0.870048	-1.765496151e-03
0.875048	7.683275233e-04
0.880048	5.952994591e-04
0.885048	-8.956564155e-04
0.890049	-2.491606534e-03
0.895049	1.159155989e-03
0.900049	-6.481449049e-05
0.905050	-1.115794439e-03
0.910050	1.265037657e-03
0.915050	-6.930175679e-06
0.920050	-2.491831569e-03
0.925051	-4.469810530e-04
0.930051	3.031790933e-03
0.935051	1.923814143e-03
0.940051	-1.211113231e-04
0.945052	-9.431037636e-04
0.950052	1.320734790e-03
0.955052	-2.713081725e-03
0.960053	-1.718173659e-03
0.965053	2.860538127e-03
0.970053	1.865555194e-03
0.975053	9.865659135e-04
0.980054	-3.046250623e-03
0.985054	3.265272383e-04
0.990054	1.875405002e-03
0.995054	-2.444395796e-03
1.000055	1.554244205e-04
1.005055	1.273325810e-03
1.010055	-5.046141880e-04
1.015056	4.931810338e-05
1.020056	-1.661625550e-03
1.025056	-7.753489178e-06
1.030056	4.920604223e-05
1.035057	-2.387697829e-03
1.040057	-1.393789601e-03
1.045057	7.090578968e-04
1.050058	1.874956719e-03
1.055058	9.859680953e-04
1.060058	-4.569901800e-04
1.065058	-2.607909673e-03
1.070059	1.769813264e-03
1.075059	2.094758182e-03
1.080059	-8.401183519e-04
1.085059	-8.201187441e-06
1.090060	1.817661545e-03
1.095060	-6.202421857e-04
1.100060	-3.220137037e-03
1.105061	1.043592195e-03
1.110061	1.636031578e-04
1.115061	-1.165361281e-03
1.120061	2.534398862e-03
1.125062	4.884737066e-04
1.130062	-1.117475539e-03
1.135062	4.314024315e-04
1.140062	6.033558245e-04
1.145063	8.233065963e-04
1.150063	-1.672593876e-03
1.155063	4.827470548e-05
1.160064	1.101179879e-03
1.165064	-1.117735740e-03
1.170064	-8.987848750e-04
1.175064	4.881020297e-04
1.180065	5.460617282e-04
1.185065	-3.429267005e-04
1.190065	-7.839396571e-04
1.195065	-9.019202979e-06
1.200066	7.089043809e-04
1.205066	5.448762777e-04
1.210066	1.433790512e-03
1.215067	-7.841250821e-04
1.220067	-7.831621976e-04
1.225067	3.827368909e-04
1.230067	-4.582540939e-04
1.235068	8.226387128e-04
1.240068	-8.893045531e-04
1.245068	-1.233835245e-04
1.250068	-1.280357170e-03
1.255069	-9.463782034e-06
1.260069	2.313371999e-03
1.265069	-9.537762436e-06
1.270070	-1.061517125e-03
1.275070	-1.778514825e-03
1.280070	2.810196886e-03
1.285070	2.533175105e-03
1.290071	-3.661522554e-03
1.295071	-2.055647445e-03
1.300071	2.256079471e-03
1.305071	-2.112718167e-03
1.310072	-2.298582024e-04
1.315072	2.924932106e-03
1.320072	-1.003889603e-03
1.325073	-1.176917011e-03
1.330073	2.312854977e-03
1.335073	9.848908443e-04
1.340073	-3.384906677e-03
1.345074	7.638292458e-04
1.350074	-1.109105012e-03
1.355074	-4.491779873e-04
1.360074	2.140643345e-03
1.365075	1.699630688e-03
1.370075	2.589545143e-03
1.375075	-1.663258723e-03
1.380076	-2.113270860e-03
1.385076	-2.874076394e-04
1.390076	7.065011573e-04
1.395076	1.097442988e-03
1.400077	1.212399944e-03
1.405077	-2.390439465e-03
1.410077	-1.893503412e-03
1.415078	-8.425976901e-04
1.420078	-1.224613477e-03
1.425078	1.155219477e-03
1.430078	1.309174354e-03
1.435079	6.491738209e-04
1.440079	4.861460779e-04
1.445079	1.146073271e-03
1.450079	1.030937426e-04
1.455080	-9.478853379e-04
1.460080	-6.797016478e-05
1.465080	-1.740009811e-04
1.470081	-7.850041301e-04
1.475081	4.868896035e-04
1.480081	2.090765164e-03
1.485081	5.338138547e-04
1.490082	-2.448059401e-03
1.495082	3.227522756e-04
1.500082	1.986624590e-03
1.505082	-2.057190473e-03
1.510083	-7.282997915e-04
1.515083	4.375998271e-04
1.520083	-1.264057964e-04
1.525084	1.862448769e-03
1.530084	-7.284458207e-04
1.535084	-6.224881079e-04
1.540084	2.368311611e-03
1.545085	-1.388519089e-03
1.550085	-1.559546175e-03
1.555085	-8.906192551e-04
1.560085	2.082841250e-04
1.565086	-1.267339480e-04
1.570086	-2.114661480e-03
1.575086	2.808032501e-03
1.580087	1.976041679e-03
1.585087	-1.674794743e-03
1.590087	-5.088949699e-04
1.595087	-4.519344486e-04
1.600088	9.339532973e-04
1.605088	1.927862523e-03
1.610088	-2.410550117e-04
1.615088	-2.611961472e-03
1.620089	-4.521160736e-04
1.625089	1.421744999e-03
1.630089	-5.091855267e-04
1.635090	1.507420556e-04
1.640090	-8.922370821e-04
1.645090	-3.953005509e-04
1.650090	1.479560522e-03
1.655091	-2.000285115e-03
1.660091	3.125519914e-04
1.665091	1.583446176e-03
1.670091	4.844701716e-04
1.675092	-7.764969498e-04
1.680092	-1.283505355e-03
1.685092	7.513470324e-04
1.690093	1.023464268e-04
1.695093	3.222982394e-04
1.700093	-1.277132424e-04
1.705093	7.612019533e-04
1.710094	-3.957707853e-04
1.715094	-3.468095622e-04
1.720094	-7.868215464e-04
1.725094	8.180544813e-04
1.730095	1.477982276e-03
1.735095	-8.919239728e-04
1.740095	-7.299688811e-04
1.745096	1.248886710e-03
1.750096	3.698988373e-04
1.755096	-1.332043950e-03
1.760096	-1.181464270e-04
1.765097	-7.401483395e-04
1.770097	-5.111968475e-04
1.775097	8.186943572e-04
1.780097	5.896709563e-04
1.785098	-3.393140956e-04
1.790098	1.486549980e-03
1.795098	-1.843944108e-04
1.800099	-1.456360642e-03
1.805099	6.554878058e-04
1.810099	9.324367638e-04
1.815099	-1.122486548e-03
1.820100	-2.173464835e-03
1.825100	-5.105917487e-04
1.830100	1.420266672e-03
1.835101	-1.766816754e-04
1.840101	2.152610568e-04
1.845101	2.137120007e-03
1.850101	9.219623197e-05
1.855102	-1.170770359e-03
1.860102	-1.008814981e-03
1.865102	9.810402937e-04
1.870102	-4.059194691e-04
1.875103	-3.330794987e-03
1.880103	-7.309730831e-04
1.885103	2.862794394e-03
1.890104	1.314843499e-03
1.895104	-1.238052343e-03
1.900104	1.037787356e-03
1.905104	1.209742298e-03
1.910105	-5.691958963e-04
1.915105	-5.692315091e-04
1.920105	1.199636007e-03
1.925105	3.686459314e-04
1.930106	-1.725274960e-03
1.935106	-2.003295297e-03
1.940106	-1.390364418e-03
1.945107	2.748373363e-03
1.950107	-2.444982417e-04
1.955107	-1.195405982e-04
1.960107	1.811318148e-03
1.965108	-7.405775700e-04
1.970108	3.203288499e-04
1.975108	-1.206824564e-04
1.980108	-1.238656672e-03
1.985109	-1.008704701e-03
1.990109	4.220231869e-05
1.995109	-4.068084971e-04
2.000110	3.139961849e-03
2.005110	1.371023353e-03
2.010110	-2.394805759e-03
2.015110	-1.497145949e-05
2.020111	-6.300417089e-05
2.025111	-1.285972517e-03
2.030111	-1.870680202e-04
2.035111	2.469751162e-03
2.040112	1.972743095e-03
2.045112	-7.218017864e-05
2.050112	-2.109103877e-03
2.055113	6.537095540e-04
2.060113	-1.181225180e-03
2.065113	-9.042755701e-04
2.070113	1.591552525e-03
2.075114	3.195869969e-04
2.080114	2.615549952e-04
2.085114	-1.181401140e-03
2.090114	-9.044514613e-04
2.095115	-2.355232379e-04
2.100115	2.044175412e-04
2.105115	-6.460283583e-05
2.110116	-1.564555780e-03
2.115116	2.043122544e-04
2.120116	1.590201279e-03
2.125116	-3.497275260e-04
2.130117	-1.621692902e-03
2.135117	1.313111330e-03
2.140117	2.259024508e-03
2.145117	-1.588589364e-05
2.150118	-1.309145790e-04
2.155118	-7.295272501e-05
2.160118	-1.344918016e-03
2.165119	-1.790168161e-04
2.170119	9.308874651e-04
2.175119	8.889866667e-05
2.180119	-2.950969738e-03
2.185120	-1.613077901e-03
2.190120	4.180569906e-03
2.195120	1.026707787e-03
2.200120	-3.496079340e-03
2.205121	-2.549166031e-03
2.210121	1.646569352e-03
2.215121	2.239502078e-03
2.220122	-7.340602788e-05
2.225122	1.555466620e-04
2.230122	1.092460591e-03
2.235122	-1.947407655e-03
2.240123	8.054068459e-04
2.245123	4.227184722e-03
2.250123	-2.616475144e-03
2.255124	-2.224531294e-03
2.260124	2.086197938e-03
2.265124	3.172601713e-04
2.270124	-1.173692806e-03
2.275125	4.120603036e-05
2.280125	-7.337861308e-04
2.285125	-1.737765735e-03
2.290125	1.800005921e-03
2.295126	1.817970374e-03
2.300126	-1.728869912e-03
2.305126	-2.061886205e-03
2.310127	8.729185364e-04
2.315127	1.741836443e-03
2.320127	1.448894207e-04
2.325127	1.367787970e-03
2.330128	8.717806790e-04
2.335128	3.747734585e-04
2.340128	-1.346166711e-03
2.345128	3.072346433e-05
2.350129	-1.802993738e-04
2.355129	-2.502206582e-03
2.360129	8.625747616e-04
2.365130	2.860430988e-03
2.370130	9.754797847e-05
2.375130	-1.624392029e-03
2.380130	-4.664897510e-04
2.385131	9.744507425e-05
2.390131	-1.174519532e-03
2.395131	-4.095956836e-04
2.400131	1.693254901e-03
2.405132	1.311241599e-03
2.410132	4.792529581e-04
2.415132	-1.327477161e-04
2.420133	-3.517698982e-04
2.425133	-7.347830826e-04
2.430133	-1.785649546e-05
2.435133	4.790821564e-04
2.440134	-1.671834151e-03
2.445134	-2.445825858e-03
2.450134	6.989678169e-04
2.455134	3.649520443e-04
2.460135	7.558965813e-04
2.465135	1.692811231e-03
2.470135	-2.284004975e-03
2.475136	-1.950057268e-03
2.480136	2.524663662e-03
2.485136	-1.728137380e-03
2.490136	-6.772288928e-04
2.495137	8.126555676e-04
2.500137	-1.833284045e-05
2.505137	1.415554719e-03
2.510137	-1.840063122e-05
2.515138	7.565230531e-04
2.520138	-4.104468878e-04
2.525138	-1.013447701e-03
2.530139	-1.815270893e-04
2.535139	-1.856982169e-05
2.540139	-2.385915616e-04
2.545139	-7.563426093e-05
2.550140	-1.509589480e-03
2.555140	5.932616048e-04
2.560140	-1.337323017e-04
2.565140	-7.937298610e-04
2.570141	2.085078774e-03
2.575141	1.750063449e-03
2.580141	-5.168460491e-04
2.585142	-2.179788610e-03
2.590142	-1.241873604e-03
2.595142	4.789985359e-04
2.600142	1.529828015e-04
2.605143	1.423879620e-03
2.610143	4.199010522e-04
2.615143	3.058737578e-04
2.620143	6.498213969e-04
2.625144	-7.361361992e-04
2.630144	-1.185145095e-03
2.635144	-6.212094541e-04
2.640145	1.415645532e-03
2.645145	-1.797211936e-03
2.650145	-9.572913589e-04
2.655145	-1.937613212e-05
2.660146	2.581448034e-03
2.665146	1.806457112e-03
2.670146	1.995117733e-04
2.675147	-1.176446199e-03
2.680147	-2.385308857e-04
2.685147	8.603756272e-04
2.690147	-1.453530921e-03
2.695148	1.146293421e-03
2.700148	-1.463596882e-03
2.705148	-9.566578765e-04
2.710148	1.921151292e-03
2.715149	-9.087269086e-04
2.720149	-6.317752545e-04
2.725149	1.471076412e-03
2.730150	2.188004003e-03
2.735150	5.920582898e-04
2.740150	-1.558857010e-03
2.745150	-1.405898477e-03
2.750151	-8.029645707e-04
2.755151	1.365883587e-03
2.760151	9.738720220e-04
2.765151	-6.320730373e-04
2.770152	-3.451217537e-04
2.775152	-1.789075650e-03
2.780152	-2.020549562e-05
2.785153	2.742610237e-03
2.790153	-9.582199945e-04
2.795153	-1.616216866e-03
2.800153	8.596146394e-04
2.805154	-2.037003746e-05
2.810154	-1.397327477e-03
2.815154	-2.984205024e-04
2.820154	1.194464912e-03
2.825155	3.054808003e-04
2.830155	5.244360246e-04
2.835155	-2.056689047e-05
2.840156	-1.255938850e-04
2.845156	-1.617544899e-03
2.850156	-2.986498455e-04
2.855156	9.732478001e-04
2.860157	1.992575184e-04
2.865157	3.052190597e-04
2.870157	3.141859319e-04
2.875157	1.699077462e-03
2.880158	-2.408488865e-04
2.885158	-5.748631736e-04
2.890158	-2.409140268e-04
2.895159	-1.684867485e-03
2.900159	-6.329576240e-04
2.905159	5.909428355e-04
2.910159	-2.105613313e-05
2.915160	3.138930521e-04
2.920160	-1.130060313e-03
2.925160	-4.701288894e-04
2.930160	1.470732395e-03
2.935161	-5.191910098e-04
2.940161	-7.872087059e-04
2.945161	-6.232500427e-04
2.950162	1.193618109e-03
2.955162	3.793443396e-03
2.960162	3.605991149e-04
2.965162	-2.785260866e-03
2.970163	3.135371497e-04
2.975163	6.384871091e-04
2.980163	-1.934995463e-04
2.985163	1.030401215e-03
2.990164	-1.398497938e-03
2.995164	-6.335720000e-04
3.000164	6.473256974e-04
3.005165	3.532708884e-05
3.010165	-1.073644281e-03
3.015165	-1.357277407e-04
3.020165	2.349104094e-03
3.025166	-6.979547287e-05
3.030166	-2.506694034e-03
3.035166	4.171138152e-04
3.040167	1.087045130e-03
3.045167	4.750466762e-04
3.050167	-2.195805639e-05
3.055167	-1.454911507e-03
3.060168	-6.339883843e-04
3.065168	1.907840503e-03
3.070168	-2.420736205e-04
3.075168	-1.178054212e-03
3.080169	2.185729715e-03
3.085169	-6.911445338e-04
3.090169	-3.501022432e-03
3.095170	4.747280364e-04
3.100170	6.366874083e-04
3.105170	-1.273024854e-04
3.110170	9.246081830e-04
3.115171	6.945890831e-04
3.120171	-2.240332514e-05
3.125171	-1.131374245e-03
3.130171	4.745061621e-04
3.135172	-4.624741375e-04
3.140172	-9.684780220e-04
3.145172	-6.915247694e-04
3.150173	9.233552244e-04
3.155173	9.136925423e-05
3.160173	8.233823053e-05
3.165173	-1.366812719e-04
3.170174	-2.450586016e-03
3.175174	3.122312050e-04
3.180174	4.116991379e-03
3.185174	1.802086750e-03
3.190175	-1.896742061e-03
3.195175	-1.016821631e-03
3.200175	3.408945308e-05
3.205176	-5.199115403e-04
3.210176	-1.017915580e-03
3.215176	1.744901803e-03
3.220176	1.076907115e-03
3.225177	-1.074006333e-03
3.230177	-4.050742052e-04
3.235177	3.487048514e-05
3.240177	-5.781271338e-04
3.245178	1.027753739e-03
3.250178	4.747528750e-04
3.255178	-3.283072438e-03
3.260179	-1.677191504e-03
3.265179	2.347556968e-03
3.270179	1.687562047e-03
3.275179	-1.954269536e-03
3.280180	-6.923696789e-04
3.285180	1.965506275e-04
3.290180	-7.246562462e-05
3.295180	-2.349927192e-05
3.300181	-5.205029953e-04
3.305181	8.653901750e-04
3.310181	-1.571507258e-03
3.315182	2.437445338e-05
3.320182	1.792246765e-03
3.325182	-5.206573955e-04
3.330182	1.363208605e-03
3.335183	3.682323031e-04
3.340183	1.744126168e-03
3.345183	-1.388014585e-04
3.350183	-2.069726435e-03
3.355184	7.500884090e-04
3.360184	5.310697128e-04
3.365184	-2.393056034e-05
3.370185	-4.639371105e-04
3.375185	-4.059709136e-04
3.380185	-5.779920988e-04
3.385185	-1.849953018e-03
3.390186	-4.650594340e-04
3.395186	2.135767574e-03
3.400186	2.346725499e-03
3.405186	-7.501353846e-04
3.410187	9.078807902e-05
3.415187	3.107455748e-04
3.420187	-1.352193781e-03
3.425188	-3.022816989e-04
3.430188	-7.412880467e-04
3.435188	2.404509286e-03
3.440188	1.466530310e-03
3.445189	-7.423790345e-04
3.450189	-4.644245640e-04
3.455189	-2.844324500e-03
3.460190	-2.185390852e-03
3.465190	1.419381472e-03
3.470190	1.744333455e-03
3.475190	-7.425605334e-04
3.480191	-3.226454664e-03
3.485191	7.982947446e-04
3.490191	1.628219158e-03
3.495191	-3.497026199e-04
3.500192	1.247179831e-03
3.505192	1.351144071e-03
3.510192	-1.076752996e-03
3.515193	-1.515758973e-03
3.520193	1.858026244e-03
3.525193	2.182978469e-03
3.530193	3.306626536e-05
3.535194	-1.897857910e-03
3.540194	-2.347863174e-03
3.545194	3.569587927e-04
3.550194	1.685856142e-03
3.555195	-1.076022433e-03
3.560195	5.288598446e-04
3.565195	1.245790778e-03
3.570196	-2.441573940e-04
3.575196	-3.501813421e-04
3.580196	-1.297159208e-03
3.585196	1.947293698e-04
3.590197	5.296813365e-04
3.595197	7.967631806e-05
3.600197	1.512568195e-03
3.605197	-7.423379232e-04
3.610198	-3.561213130e-03
3.615198	-2.013327484e-03
3.620198	2.689385394e-03
3.625199	1.628413973e-03
3.630199	4.714478335e-04
3.635199	8.633968814e-04
3.640199	-5.805534948e-04
3.645200	8.623380378e-04
3.650200	-1.876338714e-04
3.655200	2.993100646e-04
3.660200	3.562775733e-04
3.665201	-7.426915839e-04
3.670201	3.092214768e-04
3.675201	-2.013680599e-03
3.680202	-2.950658560e-03
3.685202	1.026094374e-03
3.690202	1.073062568e-03
3.695202	7.480511583e-04
3.700203	1.370554350e-04
3.705203	-1.134904064e-03
3.710203	3.079877664e-04
3.715203	-1.296953449e-03
3.720204	-1.621964743e-03
3.725204	1.856815650e-03
3.730204	5.178599358e-04
3.735205	-5.231120757e-04
3.740205	1.025774088e-03
3.745205	-2.569058001e-03
3.750205	-1.355153443e-03
3.755206	1.130681473e-03
3.760206	6.996761699e-04
3.765206	-2.631295373e-05
3.770206	2.426434523e-04
3.775207	-4.183491844e-04
3.780207	-9.643480960e-04
3.785207	-7.442563034e-05
3.790208	8.054974065e-04
3.795208	-6.854496794e-04
3.800208	-9.154658036e-04
3.805208	1.511372578e-03
3.810209	-9.055237222e-04
3.815209	-1.517518855e-03
3.820209	1.353619884e-04
3.825209	5.853087402e-04
3.830210	-4.086654000e-04
3.835210	-2.671487662e-05
3.840210	-1.887345360e-04
3.845211	2.122545489e-05
3.850211	-4.187789316e-04
3.855211	-4.668047631e-04
3.860211	1.931306537e-04
3.865212	-7.438464418e-04
3.870212	-1.136853307e-03
3.875212	-8.393934218e-05
3.880213	4.700019756e-04
3.885213	2.499857074e-04
3.890213	8.796628660e-05
3.895213	3.094113923e-05
3.900214	-7.440446610e-04
3.905214	2.988472788e-05
3.910214	1.301786867e-03
3.915214	-1.991591002e-04
3.920215	3.547824099e-04
3.925215	1.692681006e-03
3.930215	-2.235131967e-03
3.935216	-1.078223410e-03
3.940216	-1.423027239e-04
3.945216	-2.016228117e-03
3.950216	3.127462155e-03
3.955217	2.458470815e-03
3.960217	-2.293296884e-03
3.965217	-8.544574147e-05
3.970217	1.789423663e-03
3.975218	-8.450158412e-05
3.980218	-1.901429929e-03
3.985218	-7.915185537e-04
3.990219	2.954248479e-03
3.995219	-4.775913430e-04
4.000219	-2.570504474e-03
4.005219	-2.767148261e-05
4.010220	2.502855817e-04
4.015220	-4.677027809e-04
4.020220	1.024187845e-03
4.025220	7.721207337e-05
4.030221	-9.167610995e-04
4.035221	4.701353509e-04
4.040221	-2.952704742e-03
4.045222	-8.508474011e-04
4.050222	2.570937672e-03
4.055222	2.237928421e-03
4.060222	-7.539351777e-04
4.065223	-3.124832762e-03
4.070223	8.609215209e-04
4.075223	1.184876388e-03
4.080223	1.349065297e-04
4.085224	-2.234991010e-03
4.090224	-2.122024513e-03
4.095224	1.022775955e-03
4.100225	6.317701050e-04
4.105225	-4.201995184e-04
4.110225	-1.185184835e-03
4.115225	3.737518356e-03
4.120226	2.514558173e-03
4.125226	-1.690238668e-03
4.130226	-2.571217531e-03
4.135226	-3.289205296e-03
4.140227	-3.623926635e-04
4.145227	4.695347323e-04
4.150227	4.105109511e-04
4.155228	2.619362983e-03
4.160228	2.016369046e-03
4.165228	-2.399416038e-03
4.170228	-1.136512120e-03
4.175229	1.519315531e-03
4.180229	-1.336207982e-04
4.185229	-1.691562305e-03
4.190229	-7.456409250e-04
4.195230	-9.086587820e-04
4.200230	4.112421663e-04
4.205230	2.075124300e-03
4.210231	-1.740693415e-03
4.215231	1.818356731e-05
4.220231	5.261290890e-04
4.225231	-4.108462246e-04
4.230232	3.530853278e-04
4.235232	-8.591720872e-05
4.240232	-6.309139142e-04
4.245233	1.330177152e-04
4.250233	1.127936719e-03
4.255233	8.596731028e-05
4.260233	-5.260256229e-04
4.265234	-1.243012780e-03
4.270234	1.738797504e-03
4.275234	-4.781074495e-04
4.280234	-1.243091900e-03
4.285235	1.136751432e-03
4.290235	-5.261837856e-04
4.295235	9.647082862e-04
4.300236	-8.042210739e-04
4.305236	-2.792138414e-03
4.310236	-2.013065084e-04
4.315236	-6.883060025e-04
4.320237	2.006191694e-04
4.325237	-4.783697571e-04
4.330237	-1.472341406e-03
4.335237	1.910447254e-03
4.340238	1.681433761e-03
4.345238	-2.409368195e-03
4.350238	-2.678379445e-03
4.355239	8.594008306e-04
4.360239	-3.635581192e-04
4.365239	-1.445960175e-04
4.370239	1.136307947e-03
4.375240	-2.572514772e-03
4.380240	-1.436736273e-04
4.385240	1.079233593e-03
4.390240	-1.186668076e-03
4.395241	3.532218355e-04
4.400241	-1.473703824e-03
4.405241	-1.139747810e-03
4.410242	-1.081776653e-03
4.415242	-2.075747855e-03
4.420242	1.969004997e-03
4.425242	2.350958488e-03
4.430243	-9.768848061e-04
4.435243	-7.469229368e-04
4.440243	-4.119667915e-04
4.445243	1.078926069e-03
4.450244	-7.000019538e-04
4.455244	-1.577979296e-03
4.460244	3.182734555e-03
4.465245	-8.811167433e-05
4.470245	-2.515004101e-03
4.475245	2.948166815e-04
4.480245	2.512669913e-03
4.485246	-1.846116622e-03
4.490246	-2.516105168e-03
4.495246	2.339603667e-03
4.500246	3.516873583e-04
4.505247	6.966433038e-04
4.510247	2.466428164e-04
4.515247	-2.018258241e-03
4.520248	8.495596069e-04
4.525248	-8.623716830e-04
4.530248	1.885457315e-04
4.535248	-1.359394486e-03
4.540249	-2.897335225e-03
4.545249	1.240413204e-03
4.550249	-4.705180057e-04
4.555249	7.442725647e-05
4.560250	-6.995552158e-04
4.565250	-1.740523038e-03
4.570250	1.355282594e-03
4.575251	2.235209617e-03
4.580251	4.662817476e-04
4.585251	-2.296591656e-03
4.590251	-8.626948917e-04
4.595252	3.032165776e-04
4.600252	-3.647714821e-04
4.605252	-1.244747904e-03
4.610252	-8.047965913e-04
4.615253	-3.658451966e-04
4.620253	-9.688367067e-04
4.625253	6.870480907e-04
4.630254	-1.740843414e-03
4.635254	-6.339284941e-04
4.640254	2.176893129e-03
4.645254	6.869503353e-04
4.650255	-1.579949877e-03
4.655255	-1.522977341e-03
4.660255	4.088925331e-04
4.665256	-1.695016523e-03
4.670256	-1.361261657e-04
4.675256	-8.051137583e-04
4.680256	-3.118035277e-05
4.685257	2.129677118e-03
4.690257	-7.481894102e-04
4.695257	-2.512407510e-04
4.700257	1.124659795e-03
4.705258	-9.772491491e-04
4.710258	-5.852946559e-04
4.715258	1.688556793e-03
4.720259	-1.522291331e-03
4.725259	-6.433634264e-04
4.730259	1.296506398e-03
4.735259	-1.694353691e-03
4.740260	-9.674173778e-04
4.745260	1.020449902e-03
4.750260	1.287411464e-03
4.755260	-1.945311577e-04
4.760261	-1.522482185e-03
4.765261	-5.865571786e-04
4.770261	9.623342837e-04
4.775262	9.633105542e-04
4.780262	-3.566407994e-04
4.785262	1.019260222e-03
4.790262	2.176173266e-03
4.795263	-1.579644590e-03
4.800263	-1.685662319e-03
4.805263	7.421811999e-04
4.810263	-2.037904677e-04
4.815264	-8.537783183e-04
4.820264	-1.407771398e-03
4.825264	2.509990630e-03
4.830265	1.736009655e-03
4.835265	-3.023752988e-03
4.840265	1.124996474e-03
4.845265	1.019978945e-03
4.850266	-3.089715204e-04
4.855266	5.229596902e-04
4.860266	4.169423011e-04
4.865266	1.869317317e-04
4.870267	-1.914976284e-03
4.875267	2.589430275e-05
4.880267	-3.101103759e-04
4.885268	1.516766512e-03
4.890268	1.679734561e-03
4.895268	-1.753100417e-03
4.900268	-1.132157394e-03
4.905269	2.624613907e-03
4.910269	4.077124177e-04
4.915269	2.571045853e-05
4.920269	7.896457644e-04
4.925270	-1.084274424e-03
4.930270	-3.003401564e-04
4.935270	6.275862537e-04
4.940271	-2.517264239e-03
4.945271	7.985314435e-04
4.950271	3.332369983e-03
4.955271	-1.026413936e-03
4.960272	-3.569297283e-03
4.965272	3.024680639e-04
4.970272	4.335224623e-03
4.975272	7.243556142e-05
4.980273	-1.800484365e-03
4.985273	-4.145827502e-04
4.990273	-1.418550212e-03
4.995274	-3.676301918e-04
5.000274	-4.146500081e-04
5.005274	-3.177521047e-03
5.010274	3.389096963e-03
5.015275	3.217084079e-03
5.020275	-8.647146337e-04
5.025275	2.071102324e-03
5.030275	6.941555227e-04
5.035276	-2.346700116e-03
5.040276	8.461028535e-04
5.045276	7.212311505e-05
5.050277	-3.177720990e-03
5.055277	7.207894557e-05
5.060277	1.238992991e-03
5.065277	-4.719353135e-04
5.070278	2.068903540e-03
5.075278	7.979511963e-04
5.080278	-8.639797039e-04
5.085279	1.352876982e-03
5.090279	4.059069817e-04
5.095279	-1.915987684e-03
5.100279	-6.440791546e-04
5.105280	1.677771898e-03
5.110280	1.132779999e-03
5.115280	-3.581600608e-04
5.120280	-2.078087549e-03
5.125281	-7.021845687e-04
5.130281	9.027058998e-04
5.135281	-6.922283462e-04
5.140282	1.238644327e-03
5.145282	-4.832829044e-04
5.150282	-1.859229056e-03
5.155282	2.011537457e-03
5.160283	7.975824927e-04
5.165283	2.012494527e-03
5.170283	1.678491427e-03
5.175283	-1.792339839e-03
5.180284	8.554938034e-04
5.185284	2.925033335e-04
5.190284	-3.350008652e-05
5.195285	3.503284956e-03
5.200285	2.345433250e-05
5.205285	-1.525482018e-03
5.210285	1.457333456e-03
5.215286	-3.360601119e-05
5.220286	8.463246979e-04
5.225286	1.293429006e-04
5.230286	-1.027614769e-03
5.235287	-6.356572439e-04
5.240287	1.132224951e-03
5.245287	2.613122894e-03
5.250288	-2.057436320e-04
5.255288	7.411836171e-04
5.260288	4.051811629e-04
5.265288	-2.538035714e-04
5.270289	1.745066152e-03
5.275289	1.291338905e-04
5.280289	-1.037822932e-03
5.285289	2.679952737e-03
5.290290	4.114853470e-03
5.295290	-2.539278968e-04
5.300290	-4.727703483e-03
5.305291	-1.418905294e-03
5.310291	3.770789908e-03
5.315291	-9.139740314e-04
5.320291	-1.248976179e-03
5.325292	5.209064178e-04
5.330292	3.008980323e-04
5.335292	1.283823792e-03
5.340292	-2.194006101e-03
5.345293	-5.301175773e-04
5.350293	2.680686251e-03
5.355293	1.179748174e-03
5.360294	-9.711542733e-04
5.365294	1.676680480e-03
5.370294	7.877089768e-04
5.375294	-2.740117965e-03
5.380295	-6.372532717e-04
5.385295	2.508554329e-03
5.390295	1.734576649e-03
5.395295	-1.410271146e-03
5.400296	7.875884656e-04
5.405296	1.236543896e-03
5.410296	-2.405276588e-03
5.415297	5.675406706e-04
5.420297	5.205233578e-04
5.425297	2.353072096e-05
5.430297	6.824748035e-04
5.435298	-1.468427187e-03
5.440298	7.046876177e-05
5.445298	9.594003397e-04
5.450298	-1.965560521e-04
5.455299	-6.465510791e-04
5.460299	2.423805909e-04
5.465299	-1.525542191e-03
5.470300	5.763231073e-04
5.475300	2.727185753e-03
5.480300	2.902997027e-04
5.485300	-9.706507233e-04
5.490301	-1.639633541e-03
5.495301	-1.497345707e-04
5.500301	7.923349210e-05
5.505302	1.906114067e-03
5.510302	2.126082685e-03
5.515302	-7.037816259e-04
5.520302	1.896056707e-03
5.525303	4.621160025e-04
5.530303	-1.917772861e-03
5.535303	-1.803798283e-03
5.540303	-1.526832602e-03
5.545304	3.000482209e-04
5.550304	1.293974696e-03
5.555304	1.270195548e-04
5.560305	-1.305920987e-03
5.565305	5.189600692e-04
5.570305	1.513886614e-03
5.575305	1.236882854e-03
5.580306	1.120870307e-03
5.585306	5.188844089e-04
5.590306	-6.940679954e-04
5.595306	-1.028068509e-03
5.600307	-9.313849157e-05
5.605307	2.611694619e-03
5.610307	-1.192115758e-03
5.615308	-2.243076879e-03
5.620308	1.341708130e-03
5.625308	2.417497553e-04
5.630308	-2.903096588e-03
5.635309	-1.803175389e-03
5.640309	3.004542764e-03
5.645309	1.618600179e-03
5.650309	6.966655144e-05
5.655310	-1.470267537e-03
5.660310	-1.861264523e-03
5.665310	2.125498751e-03
5.670311	1.245528610e-03
5.675311	-7.043828982e-04
5.680311	4.615349692e-04
5.685311	7.385015565e-04
5.690312	-1.086416704e-03
5.695312	-3.409307658e-03
5.700312	-8.194676534e-04
5.705312	2.124352995e-03
5.710313	1.408374124e-03
5.715313	6.813958868e-04
5.720313	-1.919479684e-03
5.725314	2.413839731e-04
5.730314	2.182259711e-03
5.735314	-6.466032782e-04
5.740314	-7.046179967e-04
5.745315	5.182971592e-04
5.750315	1.015252108e-03
5.755315	9.592373751e-04
5.760315	-1.803629071e-03
5.765316	3.552349499e-04
5.770316	3.663036074e-03
5.775316	6.811817178e-04
5.780317	-4.747726123e-04
5.785317	-1.746720558e-03
5.790317	1.841561087e-04
5.795317	9.580961728e-04
5.800318	-1.365794062e-03
5.805318	-1.144823647e-03
5.810318	-1.573817603e-03
5.815318	6.240446000e-04
5.820319	3.223884818e-03
5.825319	-1.574869708e-03
5.830319	-2.578832044e-03
5.835320	-3.709702612e-04
5.840320	5.749606699e-04
5.845320	2.841819285e-03
5.850320	1.120896345e-03
5.855321	-9.820056418e-04
5.860321	-3.130594121e-04
5.865321	5.748748555e-04
5.870322	-1.308039084e-03
5.875322	2.988558697e-04
5.880322	3.558357453e-04
5.885322	-1.585074922e-03
5.890323	1.738118039e-04
5.895323	1.454724740e-03
5.900323	-8.320790139e-05
5.905323	1.015715067e-03
5.910324	2.229631769e-03
5.915324	-7.532216368e-04
5.920324	-2.140162420e-03
5.925325	-3.410109578e-03
5.930325	-4.182901239e-04
5.935325	1.845569234e-03
5.940325	7.286137924e-04
5.945326	-3.703426025e-04
5.950326	5.755890354e-04
5.955326	9.005547163e-04
5.960326	1.072528809e-03
5.965327	9.575186520e-04
5.970327	-1.968337521e-03
5.975327	-5.904293810e-04
5.980328	1.455442207e-03
5.985328	1.014450033e-03
5.990328	1.834792521e-04
5.995328	-8.684793933e-04
6.000329	-2.035431708e-03
6.005329	-2.406427585e-03
6.010329	3.554049835e-04
6.015329	2.448274224e-03
6.020330	2.669246022e-03
6.025330	-8.105794531e-04
6.030330	-1.250571389e-03
6.035331	7.833982411e-05
6.040331	7.372877639e-04
6.045331	9.572597792e-04
6.050331	-8.586566663e-04
6.055332	-9.471437935e-05
6.060332	5.082367577e-04
6.065332	2.124762405e-05
6.070332	-1.470686436e-03
6.075333	-1.422704805e-03
6.080333	5.651706099e-04
6.085333	2.391054930e-03
6.090334	3.117999471e-03
6.095334	-2.072731840e-03
6.100334	-2.082746869e-03
6.105334	2.333995679e-03
6.110335	1.512025186e-03
6.115335	1.291021812e-03
6.120335	1.177012609e-03
6.125335	-5.909059748e-04
6.130336	1.673954597e-03
6.135336	1.845929829e-03
6.140336	-1.585897523e-03
6.145337	5.179719641e-04
6.150337	-5.339856693e-04
6.155337	-9.502492829e-05
6.160337	-9.729920256e-04
6.165338	-2.197940086e-03
6.170338	1.682832244e-03
6.175338	1.071850623e-03
6.180338	1.176829821e-03
6.185339	1.177814747e-03
6.190339	-2.360006471e-03
6.195339	-2.303024545e-03
6.200340	-1.968057812e-03
6.205340	2.562679150e-03
6.210340	2.773652740e-03
6.215340	-1.920105001e-03
6.220341	-8.021810191e-04
6.225341	4.017382863e-04
6.230341	1.257386806e-04
6.235341	7.946873528e-04
6.240342	1.558630855e-03
6.245342	1.826915931e-04
6.250342	-2.303186844e-03
6.255343	-3.182153259e-03
6.260343	6.326232799e-04
6.265343	1.396566948e-03
6.270343	1.004573960e-03
6.275344	1.903510301e-03
6.280344	3.545807457e-04
6.285344	-6.493786246e-04
6.290345	-1.089368851e-03
6.295345	-9.173925610e-04
6.300345	2.170424060e-03
6.305345	-1.041414251e-03
6.310346	-3.297304886e-03
6.315346	7.944568478e-04
6.320346	8.514396020e-04
6.325346	-2.026416868e-03
6.330347	-1.031485419e-03
6.335347	2.008334064e-03
6.340347	1.731335243e-03
6.345348	1.674324408e-03
6.350348	2.055289617e-03
6.355348	4.593631354e-04
6.360348	-2.293499947e-03
6.365349	-2.131522643e-03
6.370349	1.253399561e-04
6.375349	2.873173268e-04
6.380349	-1.251612110e-03
6.385350	-1.308622678e-03
6.390350	8.982427934e-04
6.395350	1.453198774e-03
6.400351	2.026366639e-05
6.405351	-1.194683347e-03
6.410351	8.421915686e-04
6.415351	-1.031719286e-03
6.420352	-1.529705468e-03
6.425352	4.591721777e-04
6.430352	-8.117716013e-04
6.435352	1.453090995e-03
6.440353	1.013101772e-03
6.445353	7.713974643e-05
6.450353	1.821207417e-04
6.455354	2.887959320e-03
6.460354	-1.193830306e-03
6.465354	-3.794701008e-03
6.470354	2.960618180e-04
6.475355	-1.031878537e-03
6.480355	-9.838942176e-04
6.485355	4.590137343e-04
6.490355	1.070967232e-03
6.495356	7.929695060e-04
6.500356	-1.251931412e-03
6.505356	-1.318940626e-03
6.510357	9.559219280e-04
6.515357	1.013905935e-03
6.520357	-2.100398115e-04
6.525357	-5.930315841e-04
6.530358	4.009012622e-04
6.535358	9.088607593e-04
6.540358	1.071839185e-03
6.545358	1.238784913e-04
6.550359	-5.360979416e-04
6.555359	-8.120953714e-04
6.560359	-7.551110049e-04
6.565360	6.208011571e-04
6.570360	1.982162841e-05
6.575360	5.747788223e-04
6.580360	9.557455797e-04
6.585361	-2.084100269e-03
6.590361	-8.701790655e-04
6.595361	1.012705533e-03
6.600361	5.157205119e-04
6.605362	-9.525823166e-05
6.610362	2.397112487e-04
6.615362	-1.415210250e-03
6.620363	1.337626871e-03
6.625363	9.556357215e-04
6.630363	-3.078155383e-03
6.635363	-1.366261147e-03
6.640364	3.336469313e-03
6.645364	1.289569487e-03
6.650364	-1.194306371e-03
6.655364	9.555640129e-04
6.660365	-8.713477590e-04
6.665365	-6.493717155e-04
6.670365	-3.841694251e-05
6.675366	-4.214076965e-04
6.680366	8.415114364e-04
6.685366	-1.366379299e-03
6.690366	-2.963303462e-03
6.695367	4.711264604e-03
6.700367	-3.848680996e-05
6.705367	-4.176271707e-03
6.710368	-1.535035276e-04
6.715368	1.949369840e-03
6.720368	1.787367290e-03
6.725368	1.232386297e-03
6.730369	-1.032501008e-03
6.735369	-1.089509206e-03
6.740369	5.153916063e-04
6.745369	-3.155741332e-04
6.750370	7.353570891e-04
6.755370	-2.247490722e-03
6.760370	7.943315266e-04
6.765371	1.338290619e-03
6.770371	-1.043590005e-03
6.775371	-1.309586482e-03
6.780371	-8.566452875e-05
6.785372	1.404242891e-03
6.790372	-9.668584576e-05
6.795372	-2.639557480e-03
6.800372	-7.556715360e-04
6.805373	3.001111863e-03
6.810373	1.926437462e-05
6.815373	-4.207222984e-04
6.820374	-1.864653950e-03
6.825374	-8.227217200e-04
6.830374	2.551082827e-03
6.835374	2.481983235e-04
6.840375	4.111787978e-04
6.845375	-3.880712097e-05
6.850375	-9.277689623e-04
6.855375	-1.424752238e-03
6.860376	3.531399245e-04
6.865376	2.226026919e-03
6.870376	-1.807762541e-03
6.875377	-1.529788124e-03
6.880377	1.615029310e-03
6.885377	2.390943817e-04
6.890377	-9.178525060e-04
6.895378	-1.204847007e-03
6.900378	6.607319902e-05
6.905378	1.957959429e-03
6.910378	5.720252211e-04
6.915379	-1.481872367e-03
6.920379	6.210024103e-04
6.925379	2.560886150e-03
6.930380	1.810065191e-04
6.935380	-2.361864150e-03
6.940380	-5.359740630e-04
6.945380	1.231919235e-03
6.950381	1.509894171e-03
6.955381	-9.602767654e-05
6.960381	-3.136870898e-03
6.965381	-1.692959717e-03
6.970382	1.329305777e-04
6.975382	1.069869595e-03
6.980382	-3.730610058e-04
6.985383	-8.700433823e-04
6.990383	5.728680270e-04
6.995383	-4.310865129e-04
7.000383	1.288809795e-03
7.005384	1.508788289e-03
7.010384	-1.540054147e-03
7.015384	2.958359125e-04
7.020384	1.232775243e-03
7.025385	-1.922061284e-03
7.030385	-1.635086286e-03
7.035385	1.565729155e-03
7.040386	6.580209282e-05
7.045386	-7.081646960e-04
7.050386	1.451707862e-03
7.055386	-1.195156278e-03
7.060387	-2.592166143e-04
7.065387	5.727287795e-04
7.070387	-1.442409570e-04
7.075388	1.393665841e-03
7.080388	1.279663149e-03
7.085388	1.807144385e-04
7.090388	-1.033227939e-03
7.095389	-1.368218422e-03
7.100389	2.178578522e-03
7.105389	1.069630498e-03
7.110389	-9.731431389e-05
7.115390	-1.644238279e-03
7.120390	-3.518144301e-03
7.125390	1.068595859e-03
7.130391	2.276333328e-04
7.135391	-1.253294108e-03
7.140391	-4.783450686e-04
7.145391	2.226498304e-03
7.150392	2.780459517e-03
7.155392	7.345631597e-04
7.160392	-6.993666800e-04
7.165392	-5.363839485e-04
7.170393	-9.283707859e-04
7.175393	-1.865327740e-03
7.180393	1.346488110e-03
7.185394	1.174489329e-03
7.190394	-1.263385314e-03
7.195394	-1.415385121e-03
7.200394	-2.014597046e-04
7.205395	8.394752213e-04
7.210395	-1.138424475e-03
7.215395	-4.794685576e-04
7.220395	7.244575464e-04
7.225396	-8.704630204e-04
7.230396	-1.472437936e-03
7.235396	6.774364629e-04
7.240397	2.944496232e-04
7.245397	-4.225188890e-04
7.250397	1.891346634e-03
7.255397	5.724111615e-04
7.260398	-2.802411673e-03
7.265398	-7.085339966e-04
7.270398	5.153913630e-04
7.275398	1.011356629e-03
7.280399	1.566318698e-03
7.285399	3.433781791e-04
7.290399	-4.795842116e-04
7.295400	-2.026068114e-04
7.300400	-3.962313247e-05
7.305400	5.633364839e-04
7.310400	1.834259551e-03
7.315401	-2.506335474e-04
7.320401	3.423267222e-04
7.325401	1.394261889e-03
7.330401	-1.090609197e-03
7.335402	-2.524537808e-03
7.340402	1.957209612e-03
7.345402	1.729215022e-03
7.350403	-2.247574210e-03
7.355403	-8.726565217e-04
7.360403	8.288256755e-06
7.365403	7.527765120e-05
7.370404	-6.996868048e-04
7.375404	-1.033675378e-03
7.380404	-9.673352558e-05
7.385404	2.551114655e-03
7.390405	1.802377490e-04
7.395405	-2.582617653e-03
7.400405	-3.167484451e-04
7.405406	7.341873404e-04
7.410406	-1.447711375e-04
7.415406	-1.750689764e-03
7.420406	6.761707672e-04
7.425407	2.006091414e-03
7.430407	-1.147742327e-03
7.435407	-8.717638843e-04
7.440407	3.991600996e-04
7.445408	5.141474302e-04
7.450408	-8.682599039e-05
7.455408	1.289092349e-03
7.460409	-4.318196612e-04
7.465409	-8.138049697e-04
7.470409	1.714332416e-05
7.475409	-4.318382442e-04
7.480410	-2.018569643e-04
7.485410	1.801160264e-04
7.490410	-3.178627522e-04
7.495411	-4.228630189e-04
7.500411	1.069049286e-03
7.505411	-1.033841484e-03
7.510411	1.833995531e-03
7.515412	1.232022626e-03
7.520412	-1.253847063e-03
7.525412	-1.980813051e-03
7.530412	5.150444796e-04
7.535413	1.843965960e-03
7.540413	-1.206872643e-03
7.545413	6.505202961e-05
7.550414	2.370369821e-04
7.555414	-4.229324634e-04
7.560414	-7.569197276e-04
7.565414	-1.368891731e-03
7.570415	9.549755037e-04
7.575415	1.011966932e-03
7.580415	3.519976637e-04
7.585415	2.939954611e-04
7.590416	-3.749732430e-04
7.595416	2.330873248e-03
7.600416	6.499207856e-05
7.605417	-2.467874432e-03
7.610417	-6.999764629e-04
7.615417	-1.253951288e-03
7.620417	8.969257768e-04
7.625418	2.168851018e-03
7.630418	-2.020241881e-04
7.635418	-4.003808427e-05
7.640418	-2.362915848e-03
7.645419	-8.630029517e-04
7.650419	1.115883746e-03
7.655419	1.229332487e-04
7.660420	-8.706009623e-05
7.665420	-1.311997817e-03
7.670420	-4.900476104e-04
7.675420	2.225798902e-03
7.680421	1.403839217e-03
7.685421	-6.520528493e-04
7.690421	5.148786044e-04
7.695421	1.173837916e-03
7.700422	-7.580608349e-04
7.705422	-8.040628414e-04
7.710422	5.048609778e-04
7.715423	-1.369040842e-03
7.720423	5.148515566e-04
7.725423	7.338351792e-04
7.730423	-1.255060236e-03
7.735424	-1.703040012e-03
7.740424	-9.190872263e-04
7.745424	3.171684479e-03
7.750424	2.445720035e-03
7.755425	-2.258026508e-03
7.760425	-2.316027465e-03
7.765425	7.383754202e-05
7.770426	5.718062052e-04
7.775426	8.397875006e-04
7.780426	2.378164795e-04
7.785426	-1.474093714e-03
7.790427	-1.140115926e-03
7.795427	-3.651622554e-04
7.800427	6.667773759e-04
7.805427	6.197761371e-04
7.810428	6.297718123e-04
7.815428	-7.571559667e-04
7.820428	-4.019894081e-05
7.825429	1.797853402e-04
7.830429	-9.771549282e-04
7.835429	4.567629365e-04
7.840429	-1.646125450e-03
7.845430	2.367678950e-04
7.850430	3.276597910e-03
7.855430	-1.149163145e-03
7.860430	-1.484148218e-03
7.865431	1.451687600e-03
7.870431	-5.842042418e-04
7.875431	-2.029128416e-03
7.880432	1.670665667e-03
7.885432	8.387079922e-04
7.890432	-1.035192579e-03
7.895432	-8.042084007e-04
7.900433	2.377313972e-04
7.905433	1.775644066e-03
7.910433	-4.322380700e-04
7.915434	-7.572232977e-04
7.920434	-7.572262891e-04
7.925434	-5.372412936e-04
7.930434	5.136982259e-04
7.935435	4.087010924e-04
7.940435	2.947044876e-04
7.945435	2.847022226e-04
7.950435	4.566900258e-04
7.955436	-1.196222185e-03
7.960436	-2.692756593e-04
7.965436	-2.602788217e-04
7.970437	-1.474214968e-03
7.975437	1.010646337e-03
7.980437	6.856615743e-04
7.985437	1.059638565e-03
7.990438	-9.292549931e-04
7.995438	-4.322846674e-04
8.000438	1.345615537e-03
8.005438	-1.752217177e-03
8.010439	-1.263246305e-03
8.015439	-1.751221890e-03
8.020439	7.906366147e-04
8.025440	2.502540613e-03
8.030440	1.785577677e-03
8.035440	-4.223035651e-04
8.040440	-2.143211443e-03
8.045441	-1.311259106e-03
8.050441	1.565581266e-03
8.055441	2.109549448e-03
8.060441	-2.123253715e-04
8.065442	-4.223158240e-04
8.070442	-2.411208809e-03
8.075442	6.465370449e-05
8.080443	1.796455601e-04
8.085443	-7.003080549e-04
8.090443	5.146236281e-04
8.095443	1.336576871e-03
8.100444	-1.484270333e-03
8.105444	-9.203028891e-04
8.110444	-4.035271574e-05
8.115444	1.174579146e-03
8.120445	-7.573166024e-04
8.125445	-8.723118278e-04
8.130445	7.915955512e-04
8.135446	-3.083456566e-04
8.140446	-1.553554523e-04
8.145446	-1.818265754e-03
8.150446	4.096108792e-04
8.155447	-8.736321008e-05
8.160447	-1.370294216e-03
8.165447	1.000574693e-03
8.170447	1.069569713e-03
8.175448	-1.196307349e-03
8.180448	1.216193377e-04
8.185448	7.335847263e-04
8.190449	1.727529230e-03
8.195449	-1.589290128e-03
8.200449	-4.223550283e-04
8.205449	1.796110515e-04
8.210450	-1.368305083e-03
8.215450	-2.603666437e-04
8.220450	-4.323580664e-04
8.225450	2.946013108e-04
8.230451	1.125555028e-03
8.235451	7.615522948e-06
8.240451	-1.426306640e-03
8.245452	1.010559228e-03
8.250452	1.670522454e-03
8.255452	2.177494096e-03
8.260452	1.345539106e-03
8.265453	1.226055669e-04
8.270453	-1.589301155e-03
8.275453	-2.421256037e-03
8.280453	-2.420256504e-03
8.285454	-1.359314989e-03
8.290454	8.485637437e-04
8.295454	1.278539889e-03
8.300455	1.785511853e-03
8.305455	6.865718092e-04
8.310455	-7.093519326e-04
8.315455	6.765719982e-04
8.320456	-1.589304024e-03
8.325456	-1.254322461e-03
8.330456	2.942447626e-03
8.335457	1.718514644e-03
8.340457	-3.960174314e-03
8.345457	-8.633438750e-04
8.350457	4.166380734e-03
8.355458	-3.743704411e-04
8.360458	-1.589303737e-03
8.365458	-1.197325009e-03
8.370458	2.387478883e-03
8.375459	1.833509493e-03
8.380459	-2.526251416e-03
8.385459	-2.583247953e-03
8.390460	-1.091329290e-03
8.395460	-8.053445412e-04
8.400460	1.173547522e-03
8.405460	9.535600551e-04
8.410461	9.055632040e-04
8.415461	2.273488838e-03
8.420461	-2.420253492e-03
8.425461	-2.746235010e-03
8.430462	2.005505398e-03
8.435462	2.063502921e-03
8.440462	-4.903564677e-04
8.445463	-2.603682933e-04
8.450463	-4.223586141e-04
8.455463	6.461555681e-05
8.460463	9.535677470e-04
8.465464	-2.603648508e-04
8.470464	-1.369303163e-03
8.475464	1.173558549e-03
8.480464	2.120507706e-03
8.485465	1.796150675e-04
8.490465	1.842525083e-03
8.495465	8.485806512e-04
8.500466	-1.588284715e-03
8.505466	1.671537944e-03
8.510466	1.786209489e-04
8.515466	-1.914263150e-03
8.520467	-2.477231007e-03
8.525467	1.216279967e-04
8.530467	-9.835857402e-05
8.535467	-6.523268166e-04
8.540468	1.763794121e-05
8.545468	-5.853275461e-04
8.550468	7.905986175e-04
8.555469	4.576184147e-04
8.560469	-9.763014533e-04
8.565469	1.796368666e-04
8.570469	-9.834624097e-05
8.575470	-1.370274874e-03
8.580470	-9.762947135e-04
8.585470	2.846379991e-04
8.590470	1.669563956e-03
8.595471	-1.473262063e-03
8.600471	8.976099651e-04
8.605471	6.286266154e-04
8.610472	-1.150274000e-03
8.615472	-3.173176315e-04
8.620472	2.120550871e-03
8.625472	3.276489620e-03
8.630473	-3.854117736e-03
8.635473	-1.923221359e-03
8.640473	8.486289938e-04
8.645473	1.392601405e-03
8.650474	6.766428581e-04
8.655474	-2.248194671e-03
8.660474	5.036569205e-04
8.665475	2.836531495e-03
8.670475	1.768826817e-05
8.675475	-1.980199887e-03
8.680475	9.536418796e-04
8.685476	-9.729806909e-05
8.690476	1.769815904e-05
8.695476	-8.052542051e-04
8.700477	-7.002573577e-04
8.705477	2.110591325e-03
8.710477	-7.002520545e-04
8.715477	-1.426209588e-03
8.720478	-4.028275473e-05
8.725478	-1.914177344e-03
8.730478	3.996987370e-04
8.735478	1.890619927e-03
8.740479	-7.092347934e-04
8.745479	-5.952381170e-04
8.750479	-8.622205385e-04
8.755480	-5.842327725e-04
8.760480	3.266559345e-03
8.765480	8.966922068e-04
8.770480	-1.914150743e-03
8.775481	-2.804098866e-03
8.780481	-1.750153421e-03
8.785481	2.063640902e-03
8.790481	1.890653618e-03
8.795482	5.137323105e-04
8.800482	-1.752140273e-03
8.805482	-4.322092177e-04
8.810483	7.817276790e-04
8.815483	6.477036749e-05
8.820483	-9.761691636e-04
8.825483	3.527615420e-04
8.830484	-2.032044800e-04
8.835484	6.767508876e-04
8.840484	9.537393157e-04
8.845484	-8.151601661e-04
8.850485	-1.451931902e-04
8.855485	3.276623101e-03
8.860485	1.116745140e-03
8.865486	-2.687042747e-03
8.870486	-1.646095947e-03
8.875486	1.612729414e-03
8.880486	-9.771248535e-04
8.885487	-2.248051324e-03
8.890487	2.722680382e-03
8.895487	-1.646076347e-03
8.900487	4.568125035e-04
8.905488	1.068783048e-03
8.910488	-3.171369457e-04
8.915488	-4.321265135e-04
8.920489	-1.971038057e-03
8.925489	-6.421066377e-04
8.930489	-2.131258922e-04
8.935489	3.418479883e-04
8.940490	1.623782088e-03
8.945490	-1.254055943e-03
8.950490	-8.150756026e-04
8.955490	1.890780615e-03
8.960491	1.174824284e-03
8.965491	9.068434514e-04
8.970491	-3.022936787e-03
8.975492	-5.470678295e-04
8.980492	5.618760303e-04
8.985492	-5.850565187e-04
8.990492	-4.008169886e-05
8.995493	-4.007699509e-05
9.000493	1.899151477e-04
9.005493	-1.425991573e-03
9.010493	8.388891891e-04
9.015494	1.693905403e-05
9.020494	2.369318868e-04
9.025494	1.219431023e-04
9.030495	6.495117681e-05
9.035495	6.769226474e-04
9.040495	-1.692942530e-03
9.045495	-3.650102015e-04
9.050496	-9.701978427e-05
9.055496	8.969309073e-04
9.060496	1.125923532e-03
9.065496	-2.467874432e-03
9.070497	-7.569629025e-04
9.075497	1.508918267e-03
9.080497	2.269937869e-04
9.085498	-5.949558506e-04
9.090498	1.240948975e-03
9.095498	1.948915615e-03
9.100498	-7.089333632e-04
9.105499	-6.519309993e-04
9.110499	-2.599469471e-04
9.115499	-7.569141711e-04
9.120500	6.770128844e-04
9.125500	2.167936854e-03
9.130500	-2.582797283e-03
9.135500	-2.247809932e-03
9.140501	1.843971694e-03
9.145501	-5.368921357e-04
9.150501	-2.029046232e-04
9.155501	-3.990771010e-05
9.160502	1.060037921e-03
9.165502	5.140737355e-04
9.170502	-4.328684532e-04
9.175503	6.200798586e-04
9.180503	-4.788539346e-04
9.185503	-9.786874825e-05
9.190503	8.970828462e-04
9.195504	-1.253793225e-03
9.200504	-2.630711651e-03
9.205504	-1.196783994e-03
9.210504	4.571316505e-04
9.215505	1.175098593e-03
9.220505	1.012113820e-03
9.225505	1.288105040e-03
9.230506	-7.567765891e-04
9.235506	-3.980945091e-05
9.240506	-1.320732852e-03
9.245506	-3.575602874e-03
9.250507	-6.427569944e-04
9.255507	-3.747651242e-04
9.260507	-4.317554193e-04
9.265507	-3.167550990e-04
9.270508	1.823320775e-05
9.275508	2.178121599e-03
9.280508	7.524349962e-05
9.285509	-1.206679529e-03
9.290509	-1.368663861e-03
9.295509	1.232200519e-03
9.300509	2.372618780e-04
9.305510	-3.471528088e-03
9.310510	7.922453190e-04
9.315510	1.795197359e-03
9.320510	-5.366679169e-04
9.325511	-2.419557748e-03
9.330511	-1.980574714e-03
9.335511	6.772868267e-04
9.340512	1.681238988e-03
9.345512	-3.965957459e-05
9.350512	-1.865552351e-03
9.355512	1.891249141e-03
9.360513	2.283234960e-03
9.365513	-4.016412681e-03
9.370513	-2.974462390e-03
9.375513	2.780229817e-03
9.380514	5.723581730e-04
9.385514	-2.247479918e-03
9.390514	-6.515598277e-04
9.395515	2.446278037e-03
9.400515	1.403342729e-03
9.405515	-2.305446533e-03
9.410515	-5.365357765e-04
9.415516	1.337369264e-03
9.420516	-8.705020986e-04
9.425516	-2.190422060e-03
9.430516	-2.025231573e-04
9.435517	1.011418171e-03
9.440517	-7.654766568e-04
9.445517	-1.310438923e-03
9.450518	-2.024916841e-04
9.455518	-4.314711864e-04
9.460518	1.451433677e-03
9.465518	-8.624315644e-04
9.470519	-2.476335108e-03
9.475519	-1.319390378e-03
9.480519	-1.033397911e-03
9.485519	-8.044022860e-04
9.490520	-1.301366865e-03
9.495520	1.117508888e-03
9.500520	3.995564828e-04
9.505521	-1.751317406e-03
9.510521	-3.163876560e-04
9.515521	8.405573543e-04
9.520521	-1.367313308e-03
9.525522	-3.136207978e-03
9.530522	-2.363241832e-03
9.535522	-2.028251663e-03
9.540523	1.232578291e-03
9.545523	4.006324441e-04
9.550523	-4.793107395e-04
9.555523	-2.075214675e-03
9.560524	-9.182693498e-04
9.565524	-4.892841193e-04
9.570524	-5.362727845e-04
9.575524	1.901602488e-03
9.580525	-3.634085489e-03
9.585525	-6.395925356e-03
9.590525	-5.850946304e-03
9.595526	-1.807158848e-03
9.600526	4.577260730e-04
9.605526	1.336686937e-03
9.610526	1.623680258e-03
9.615527	7.577411297e-05
9.620527	1.012731905e-03
9.625527	-5.361741160e-04
9.630527	-1.425116249e-03
9.635528	6.581130650e-05
9.640528	6.777870372e-04
9.645528	4.578083693e-04
9.650529	-6.777786015e-03
9.655529	-5.392852515e-03
9.660529	3.554666813e-03
9.665529	8.408248740e-04
9.670530	-1.980011170e-03
9.675530	7.588571996e-05
9.680530	1.069840808e-03
9.685530	-7.090521998e-04
9.690531	-4.512834268e-03
9.695531	-9.377558194e-03
9.700531	-3.575866290e-03
9.705532	3.334764912e-03
9.710532	-1.424964660e-03
9.715532	-2.523894701e-03
9.720532	-1.309951385e-03
9.725533	-1.529929497e-03
9.730533	-9.189530870e-04
9.735533	-3.159762039e-04
9.740533	1.566930611e-03
9.745534	2.780874101e-03
9.750534	-7.079248037e-04
9.755534	-2.524815245e-03
9.760535	1.231989075e-03
9.765535	-6.508976827e-04
9.770535	-1.089863490e-03
9.775535	1.240802071e-04
9.780536	6.200632616e-04
9.785536	-6.418573681e-04
9.790536	-2.686735080e-03
9.795536	-6.498363190e-04
9.800537	1.950031643e-03
9.805537	-3.884903290e-05
9.810537	-1.253772064e-03
9.815538	1.290099068e-03
9.820538	1.233112685e-03
9.825538	-2.597950174e-04
9.830538	-1.032742118e-03
9.835539	-1.643698056e-03
9.840539	1.118161309e-03
9.845539	2.121117044e-03
9.850539	-2.686608931e-03
9.855540	-2.677306778e-04
9.860540	2.886107356e-03
9.865540	1.902658145e-04
9.870541	-1.864610799e-03
9.875541	-8.226569927e-04
9.880541	3.532895089e-04
9.885541	1.013264305e-03
9.890542	1.932972066e-05
9.895542	-1.033601598e-03
9.900542	6.203188622e-04
9.905543	1.333566138e-04
9.910543	-1.644534895e-03
9.915543	-8.225687658e-04
9.920543	2.953811868e-04
9.925544	2.963923491e-04
9.930544	1.510337113e-03
9.935544	1.128369319e-03
9.940544	-1.032501008e-03
9.945545	7.354135168e-04
9.950545	1.395388758e-03
9.955545	-6.504877648e-04
9.960546	-1.032455387e-03
9.965546	-7.554590667e-04
9.970546	-6.414537852e-04
9.975546	1.245158221e-04
9.980547	4.025121901e-04
9.985547	-3.845202988e-05
9.990547	1.012502071e-03
9.995547	1.856820583e-05
10.000548	-2.684043460e-04
10.005548	7.658852325e-05
10.010548	-2.483818792e-04
10.015549	-1.533752499e-04
10.020549	-2.695224165e-03
10.025549	5.736087008e-04
10.030549	7.826091888e-04
10.035550	-1.533275803e-04
10.040550	2.237553473e-03
10.045550	-2.003009672e-04
10.050550	-1.807200885e-03
10.055551	1.394635854e-03
10.060551	-5.452457588e-04
10.065551	1.247297195e-04
10.070552	2.122632501e-03
10.075552	-1.969131150e-03
10.080552	-2.582125832e-04
10.085552	8.407395357e-04
10.090553	-5.351727619e-04
10.095553	-1.911085026e-03
10.100553	1.248158778e-04
10.105553	2.666689103e-03
10.110554	-1.253083731e-03
10.115554	-2.132023078e-03
10.120554	9.088229194e-04
10.125555	4.598600895e-04
10.130555	-5.440723106e-04
10.135555	5.158822829e-04
10.140555	-1.253008152e-03
10.145556	-7.640222189e-04
10.150556	1.787850763e-03
10.155556	-1.147975657e-03
10.160556	-9.269749447e-04
10.165557	5.739556991e-04
10.170557	-8.029560024e-04
10.175557	-1.690894451e-03
10.180558	-1.260905050e-03
10.185558	1.671947301e-03
10.190558	3.995833040e-03
10.195558	-2.569209814e-04
10.200559	-1.748826182e-03
10.205559	-1.529004718e-04
10.210559	-9.278448737e-04
10.215559	1.129055656e-03
10.220560	1.014075175e-03
10.225560	5.061162512e-04
10.230560	-5.348134481e-04
10.235561	2.016947725e-05
10.240561	5.171556127e-04
10.245561	2.391842266e-04
10.250561	-7.557478577e-04
10.255562	1.242174025e-04
10.260562	1.014182149e-03
10.265562	-2.407616914e-03
10.270562	7.942212763e-04
10.275563	5.732469697e-04
10.280563	-6.496724265e-04
10.285563	-5.916619463e-04
10.290564	-7.546393291e-04
10.295564	2.008223072e-03
10.300564	1.511264048e-03
10.305564	-1.031582887e-03
10.310565	1.243676253e-04
10.315565	1.223321293e-03
10.320565	-1.193532443e-03
10.325566	-1.528500172e-03
10.330566	3.444112059e-04
10.335566	1.788346112e-03
10.340566	-2.245418931e-03
10.345567	-2.188407996e-03
10.350567	8.414401496e-04
10.355567	-1.524912874e-04
10.360567	1.071455835e-03
10.365568	-5.344420181e-04
10.370568	-1.994461413e-04
10.375568	1.291486458e-03
10.380569	-5.343992465e-04
10.385569	3.545663888e-04
10.390569	2.447466117e-03
10.395569	-5.343561758e-04
10.400570	-3.240193552e-03
10.405570	2.113527680e-03
10.410570	5.656269493e-04
10.415570	-2.580186229e-03
10.420571	9.566346139e-04
10.425571	1.845600515e-03
10.430571	1.247093918e-04
10.435572	-3.631070246e-03
10.440572	-9.162042516e-04
10.445572	2.944599012e-03
10.450572	2.342646737e-03
10.455573	-1.700117050e-03
10.460573	-1.748099601e-03
10.465573	1.453739887e-03
10.470573	-3.716356785e-05
10.475574	-1.031094209e-03
10.480574	1.061806115e-03
10.485574	-3.051040323e-04
10.490575	-8.110613014e-04
10.495575	4.038872076e-04
10.500575	-5.340463361e-04
10.505575	-5.930279875e-04
10.510576	1.829446632e-04
10.515576	1.731875011e-03
10.520576	3.549656424e-04
10.525576	-8.109552498e-04
10.530577	-4.769582605e-04
10.535577	1.830209075e-04
10.540577	-3.709334039e-04
10.545578	-1.030881877e-03
10.550578	-1.365848117e-03
10.555578	1.291021812e-03
10.560578	2.447973924e-03
10.565579	-1.029820083e-03
10.570579	4.601138572e-04
10.575579	1.014099093e-03
10.580579	5.751387452e-04
10.585580	2.276061228e-03
10.590580	1.340128165e-03
10.595580	-1.249714279e-03
10.600581	4.273998925e-03
10.605581	1.438746078e-02
10.610581	1.571640380e-02
10.615581	9.913737453e-03
10.620582	1.617207729e-03
10.625582	4.132895727e-04
10.630582	1.187263119e-03
10.635582	4.101119494e-03
10.640583	2.506222850e-03
10.645583	-6.955857514e-04
10.650583	3.280212559e-03
10.655584	1.837307687e-03
10.660584	-2.034464122e-03
10.665584	1.731345787e-03
10.670584	4.943186070e-03
10.675585	2.401341517e-03
10.680585	-1.250442211e-03
10.685585	-1.030437967e-03
10.690585	-7.634362642e-04
10.695586	1.224471216e-03
10.700586	9.685016268e-04
10.705586	-6.953908173e-04
10.710587	2.333459747e-03
10.715587	-4.183730454e-04
10.720587	2.416073278e-04
10.725587	-8.113184500e-04
10.730588	-1.643256299e-03
10.735588	2.277545574e-03
10.740588	1.455607242e-03
10.745589	-2.244173437e-03
10.750589	-3.182105352e-03
10.755589	-8.425827630e-05
10.760589	2.506616599e-03
10.765590	6.227365907e-04
10.770590	1.015731909e-03
10.775590	-3.701753089e-04
10.780590	-2.302052592e-03
10.785591	4.608130241e-04
10.790591	5.188268182e-04
10.795591	7.948287050e-04
10.800592	-1.511024501e-04
10.805592	-3.700733892e-04
10.810592	-1.087017022e-03
10.815592	-4.190364759e-04
10.820593	2.391826736e-03
10.825593	-9.239744605e-04
10.830593	-3.955791178e-03
10.835593	5.179810505e-04
10.840594	3.175852769e-03
10.845594	7.257646531e-03
10.850594	1.311734295e-02
10.855595	4.446835224e-03
10.860595	-9.248531467e-04
10.865595	5.154831317e-03
10.870595	6.435778642e-03
10.875596	3.558953722e-03
10.880596	2.057053529e-03
10.885596	1.627094657e-03
10.890596	8.531546565e-04
10.895597	-2.657664174e-04
10.900597	-1.421685433e-03
10.905597	-1.134683447e-03
10.910598	5.192437046e-04
10.915598	1.235222259e-03
10.920598	2.412944982e-04
10.925598	9.022761285e-04
10.930599	-3.565463620e-05
10.935599	-4.186157652e-04
10.940599	1.263723131e-04
10.945599	-9.359767977e-05
10.950600	-4.745588235e-04
10.955600	-2.080452845e-03
10.960600	-2.139431561e-03
10.965601	-1.087471092e-03
10.970601	1.733392525e-03
10.975601	6.824682335e-04
10.980601	1.905419432e-03
10.985602	2.506404728e-03
10.990602	6.955643812e-05
10.995602	3.119407671e-03
11.000602	5.986268958e-03
11.005603	1.894511403e-03
11.010603	6.345987777e-04
11.015603	3.445463226e-03
11.020604	2.334542503e-03
11.025604	-1.135248992e-03
11.030604	2.996909105e-04
11.035604	1.226658666e-03
11.040605	-1.421177754e-03
11.045605	-1.402293235e-04
11.050605	-1.402107048e-04
11.055605	2.179907282e-05
11.060606	1.015763315e-03
11.065606	-1.971515394e-04
11.070606	-3.691233757e-04
11.075607	-5.330956190e-04
11.080607	-4.170831660e-04
11.085607	2.335784896e-03
11.090607	1.454852015e-03
11.095608	-1.190984171e-03
11.100608	-1.467950070e-03
11.105608	-3.500958963e-05
11.110609	4.039853603e-04
11.115609	-2.549595241e-04
11.120609	7.104167668e-05
11.125609	1.512981788e-03
11.130610	3.003919247e-03
11.135610	1.504020546e-03
11.140610	6.340873725e-04
11.145610	7.970976554e-04
11.150611	1.237092799e-03
11.155611	-3.118030947e-04
11.160611	-9.717476454e-04
11.165612	-9.277645242e-05
11.170612	9.021884184e-04
11.175612	3.572376621e-04
11.180612	-1.028667004e-03
11.185613	6.832586912e-04
11.190613	-1.200618639e-03
11.195613	-1.641574968e-03
11.200613	1.188289590e-03
11.205614	-8.085814594e-04
11.210614	-2.079492239e-03
11.215614	-1.908481963e-03
11.220615	-7.035282850e-04
11.225615	2.345160209e-05
11.230615	-8.094830428e-04
11.235615	3.474733556e-04
11.240616	1.017456456e-03
11.245616	-3.446610252e-05
11.250616	2.255063200e-05
11.255616	7.975280740e-04
11.260617	-1.306336778e-03
11.265617	-9.238331749e-05
11.270617	-2.063570955e-04
11.275618	-4.733224636e-04
11.280618	-3.593086675e-04
11.285618	-7.512671287e-04
11.290618	7.406712586e-04
11.295619	6.826945661e-04
11.300619	1.275142162e-05
11.305619	1.236704578e-03
11.310619	-1.028151152e-03
11.315620	-1.200121479e-03
11.320620	-3.581473105e-04
11.325620	-6.941085954e-04
11.330621	4.048515586e-04
11.335621	-6.450705617e-04
11.340621	-1.028029182e-03
11.345621	-3.690448391e-04
11.350622	-1.142981984e-03
11.355622	-2.843868330e-03
11.360622	-9.592478179e-03
11.365622	-8.331526686e-03
11.370623	-8.274509222e-03
11.375623	-1.020538285e-02
11.380623	-2.844765349e-03
11.385624	-3.235723259e-03
11.390624	-4.124653864e-03
11.395624	-5.119578635e-03
11.400624	-4.956566796e-03
11.405625	-9.707643031e-04
11.410625	7.401628158e-04
11.415625	-3.130604323e-03
11.420625	-6.457195342e-04
11.425626	2.509128590e-03
11.430626	1.133224896e-03
11.435626	6.832705178e-04
11.440627	4.063066942e-04
11.445627	1.515266993e-03
11.450627	3.674169815e-03
11.455627	6.542033838e-03
11.460628	8.311958024e-03
11.465628	1.285273048e-02
11.470628	5.157173156e-03
11.475628	7.147291839e-05
11.480629	3.225321426e-03
11.485629	3.006354694e-03
11.490629	2.786388047e-03
11.495630	3.169388405e-03
11.500630	-1.409339451e-03
11.505630	-1.850293906e-03
11.510630	1.018570389e-03
11.515631	-1.028296050e-03
11.520631	3.486500175e-04
11.525631	1.306834684e-04
11.530632	-1.524204350e-03
11.535632	-1.363191597e-03
11.540632	2.069641986e-03
11.545632	5.434479323e-03
11.550633	5.711485812e-03
11.555633	1.458740427e-03
11.560633	3.838631798e-03
11.565633	4.287628955e-03
11.570634	2.908696378e-04
11.575634	5.688762188e-04
11.580634	-1.905966396e-03
11.585635	-1.361974324e-03
11.590635	2.096882450e-02
11.595635	2.688552237e-02
11.600635	7.202622363e-03
11.605636	2.681891950e-03
11.610636	5.491760065e-03
11.615636	1.725988360e-03
11.620636	5.800731938e-04
11.625637	4.334889641e-03
11.630637	3.120978257e-03
11.635637	8.216685359e-05
11.640638	-2.192686363e-03
11.645638	1.292086823e-04
11.650638	2.070124624e-03
11.655638	2.625116502e-03
11.660639	-1.581630788e-03
11.665639	-2.297569242e-03
11.670639	-2.526588804e-04
11.675639	-9.225997959e-04
11.680640	3.007207387e-03
11.685640	6.373596344e-04
11.690640	6.152080069e-03
11.695641	2.096829108e-02
11.700641	9.363949197e-03
11.705641	-2.240392662e-03
11.710641	2.567366608e-03
11.715642	4.001310693e-03
11.720642	8.150106113e-03
11.725642	1.018601729e-02
11.730642	4.881330536e-03
11.735643	3.456431316e-03
11.740643	3.122472374e-03
11.745643	-1.255265059e-03
11.750644	-1.473029184e-04
11.755644	2.395580660e-03
11.760644	-3.092483139e-04
11.765644	-1.351168337e-03
11.770645	9.617279233e-04
11.775645	-1.858094666e-03
11.780645	5.329534660e-03
11.785645	2.307158594e-02
11.790646	2.025276339e-02
11.795646	6.659530975e-03
11.800646	3.122747797e-03
11.805647	5.129138775e-04
11.810647	-2.520210594e-04
11.815647	4.649628667e-04
11.820647	3.284831645e-03
11.825648	3.724830799e-03
11.830648	1.295987109e-03
11.835648	8.570344594e-04
11.840648	1.790949281e-04
11.845649	4.651026292e-04
11.850649	1.354077334e-03
11.855649	1.354100755e-03
11.860650	5.221697710e-04
11.865650	-8.637308435e-04
11.870650	4.662198216e-04
11.875650	1.455647163e-02
11.880651	2.722080156e-02
11.885651	1.500349430e-02
11.890651	1.784241943e-03
11.895651	2.951201676e-03
11.900652	3.735182413e-03
11.905652	1.794312420e-03
11.910652	1.010379089e-03
11.915653	1.296387184e-03
11.920653	1.851380575e-03
11.925653	1.517422682e-03
11.930653	6.274952680e-04
11.935654	4.655280111e-04
11.940654	-1.129360736e-03
11.945654	-5.283697247e-04
11.950655	4.556375737e-03
11.955655	2.397517962e-03
11.960655	-4.813003518e-04
11.965655	4.076749979e-04
11.970656	-2.644283032e-02
11.975656	-3.484534601e-02
11.980656	-1.496141094e-02
11.985656	-3.076252136e-02
11.990657	-3.667117356e-02
11.995657	-3.672914618e-02
12.000657	-3.280933664e-02
12.005658	-3.628812184e-02
12.010658	-3.937592843e-02
12.015658	-3.799997948e-02
12.020658	-4.264570068e-02
12.025659	-3.623002770e-02
12.030659	-3.612500906e-02
12.035659	-3.524703272e-02
12.040659	-3.712090563e-02
12.045660	-3.617393301e-02
12.050660	-2.710140541e-02
12.055660	-3.700483846e-02
12.060661	-2.932923429e-02
12.065661	-3.424194063e-02
12.070661	-4.125853171e-02
12.075661	-3.827767033e-02
12.080662	-4.645919755e-02
12.085662	-5.772855562e-02
12.090662	-6.706901931e-02
12.095662	-7.304166743e-02
12.100663	-8.575494633e-02
12.105663	-9.680631624e-02
12.110663	-1.096915857e-01
12.115664	-1.196910131e-01
12.120664	-1.334452349e-01
12.125664	-1.422397283e-01
12.130664	-1.556139709e-01
12.135665	-1.660613737e-01
12.140665	-1.690441853e-01
12.145665	-1.619125509e-01
12.150665	-1.515780919e-01
12.155666	-1.425175630e-01
12.160666	-1.353289316e-01
12.165666	-1.155409903e-01
12.170667	-8.508763309e-02
12.175667	-6.319580692e-02
12.180667	-3.916409794e-02
12.185667	-1.236154069e-02
12.190668	1.234913117e-02
12.195668	3.727879105e-02
12.200668	4.341448032e-02
12.205668	5.589982184e-02
12.210669	6.667325715e-02
12.215669	7.016109152e-02
12.220669	6.624333153e-02
12.225670	6.596637215e-02
12.230670	6.320254901e-02
12.235670	6.004774731e-02
12.240670	6.175867913e-02
12.245671	5.524006173e-02
12.250671	5.158928727e-02
12.255671	5.236327049e-02
12.260671	5.308025686e-02
12.265672	5.280329770e-02
12.270672	4.999347729e-02
12.275672	4.971551824e-02
12.280673	5.098547443e-02
12.285673	5.059352167e-02
12.290673	4.916162590e-02
12.295673	4.800471509e-02
12.300674	5.125556289e-02
12.305674	5.230653121e-02
12.310674	5.413145716e-02
12.315674	4.977372177e-02
12.320675	4.838582374e-02
12.325675	4.650395280e-02
12.330675	4.518605099e-02
12.335676	5.048878659e-02
12.340676	5.258169803e-02
12.345676	5.164777527e-02
12.350676	5.104583435e-02
12.355677	6.031635274e-02
12.360677	6.871891870e-02
12.365677	7.172078048e-02
12.370678	8.182425332e-02
12.375678	8.806693765e-02
12.380678	8.332622358e-02
12.385678	8.508415359e-02
12.390679	9.221478936e-02
12.395679	8.215936645e-02
12.400679	8.016150225e-02
12.405679	7.839362548e-02
12.410680	5.683783253e-02
12.415680	5.214311611e-02
12.420680	4.606447552e-02
12.425681	2.976639468e-02
12.430681	3.689803061e-02
12.435681	3.246230011e-02
12.440681	2.550270787e-02
12.445682	3.330430718e-02
12.450682	1.683323594e-02
12.455682	4.558934868e-03
12.460682	1.406144109e-02
12.465683	2.959461704e-02
12.470683	1.721632174e-02
12.475683	3.566096133e-03
12.480684	5.252894655e-04
12.485684	-1.484584184e-02
12.490684	-2.821808260e-02
12.495684	-1.174795781e-02
12.500685	6.313910508e-04
12.505685	-2.136437732e-02
12.510685	-3.042685402e-02
12.515685	-1.014193807e-02
12.520686	-2.240623936e-02
12.525686	-3.766237676e-02
12.530686	-1.290470571e-02
12.535687	-2.937377663e-02
12.540687	-4.154208308e-02
12.545687	-3.877120772e-02
12.550687	-3.617132298e-02
12.555688	-4.474582619e-02
12.560688	-6.066092732e-02
12.565688	-5.436124514e-02
12.570688	-5.645510322e-02
12.575689	-6.468562516e-02
12.580689	-6.159776700e-02
12.585689	-5.347218472e-02
12.590690	-5.629300288e-02
12.595690	-5.016531114e-02
12.600690	-4.661947795e-02
12.605690	-3.147727988e-02
12.610691	-7.435569221e-03
12.615691	-2.732799330e-03
12.620691	-2.570780714e-03
12.625691	-3.010729103e-03
12.630692	-4.673610487e-03
12.635692	1.224549041e-02
12.640692	3.872406775e-02
12.645693	3.987203249e-02
12.650693	4.329487266e-02
12.655693	4.678270929e-02
12.660693	3.728025743e-02
12.665694	4.021612434e-02
12.670694	5.341742904e-02
12.675694	4.352299872e-02
12.680694	3.739536212e-02
12.685695	3.893530559e-02
12.690695	4.064623971e-02
12.695695	4.960277702e-02
12.700696	3.817143100e-02
12.705696	3.048487991e-02
12.710696	4.921088221e-02
12.715696	5.026285254e-02
12.720697	4.308327375e-02
12.725697	5.132385042e-02
12.730697	5.812050619e-02
12.735698	5.772755577e-02
12.740698	5.423877493e-02
12.745698	5.689665746e-02
12.750698	4.900111803e-02
12.755699	4.495836760e-02
12.760699	5.363692044e-02
12.765699	5.336896332e-02
12.770699	4.993917939e-02
12.775700	5.015819564e-02
12.780700	4.098072657e-02
12.785700	3.871587891e-02
12.790701	3.789295230e-02
12.795701	3.407019002e-02
12.800701	3.677607018e-02
12.805701	1.290640593e-02
12.810702	-4.088363762e-04
12.815702	1.579083183e-03
12.820702	6.328851497e-03
12.825702	2.515088865e-03
12.830703	-3.677543452e-03
12.835703	2.354154722e-03
12.840703	2.019201624e-03
12.845704	-3.616393950e-04
12.850704	3.653493918e-04
12.855704	1.360323525e-03
12.860704	-9.165231197e-04
12.865705	-1.943248032e-02
12.870705	-3.700048941e-02
12.875705	-1.494766853e-02
12.880705	-3.042379215e-02
12.885706	-3.274663616e-02
12.890706	-1.108679368e-02
12.895706	-3.771730630e-02
12.900707	-2.550094656e-02
12.905707	-2.539592345e-02
12.910707	-4.109203488e-02
12.915707	-1.677433786e-02
12.920708	-3.246944930e-02
12.925708	-2.649474758e-02
12.930708	-1.174552642e-02
12.935708	-3.833904088e-02
12.940709	-2.472575746e-02
12.945709	9.208669121e-04
12.950709	-7.434646380e-03
12.955710	-2.959240369e-02
12.960710	-2.909540179e-02
12.965710	-7.157574199e-03
12.970710	-1.190728489e-02
12.975711	-3.319508976e-02
12.980711	-2.407655997e-02
12.985711	-1.046427629e-02
12.990711	-2.937221144e-02
12.995712	-2.705930884e-02
13.000712	-1.886672825e-02
13.005712	-4.030752460e-02
13.010713	-1.953563294e-02
13.015713	-7.328272169e-03
13.020713	-3.877752028e-02
13.025713	-2.638916938e-02
13.030714	-4.824321062e-03
13.035714	-1.743260104e-02
13.040714	-3.728648415e-02
13.045714	-1.494767815e-02
13.050715	1.914427838e-03
13.055715	-6.659073034e-03
13.060715	-5.608101021e-03
13.065716	-1.688286113e-03
13.070716	1.189585885e-03
13.075716	-1.230251936e-03
13.080716	1.245642123e-03
13.085717	-8.225545955e-05
13.090717	1.694184183e-02
13.095717	3.522787003e-02
13.100717	1.567097093e-02
13.105718	8.272405927e-03
13.110718	3.159615827e-02
13.115718	2.716043104e-02
13.120719	6.551589643e-03
13.125719	1.291827080e-02
13.130719	2.522962639e-02
13.135719	2.119587723e-02
13.140720	1.119745479e-02
13.145720	4.171869536e-03
13.150720	-1.968612087e-04
13.155721	-6.278076061e-04
13.160721	-4.637865681e-04
13.165721	-4.946511003e-03
13.170721	-2.942914001e-02
13.175722	-2.682925232e-02
13.180722	-2.127575135e-03
13.185722	-3.586418893e-04
13.190722	-7.885881877e-04
13.195723	-2.844445412e-03
13.200723	-2.567430387e-03
13.205723	-2.175421639e-03
13.210724	2.248822097e-05
13.215724	-8.147582247e-05
13.220724	-8.554031499e-04
13.225724	8.101136602e-03
13.230725	2.954999216e-02
13.235725	2.893805603e-02
13.240725	7.050285205e-03
13.245725	1.362595544e-02
13.250726	3.440684768e-02
13.255726	1.782278643e-02
13.260726	9.127430601e-04
13.265727	5.877913364e-04
13.270727	-5.491845179e-03
13.275727	-1.743116073e-02
13.280727	-2.223886687e-02
13.285728	-1.042448339e-02
13.290728	-3.560828727e-03
13.295728	-5.271704415e-03
13.300728	-2.545156853e-02
13.305729	-3.230416256e-02
13.310729	-7.594485246e-03
13.315729	-5.208419815e-04
13.320730	-2.681692917e-03
13.325730	-8.467626831e-04
13.330730	-3.282598516e-03
13.335730	-3.282567741e-03
13.340731	-3.560521719e-03
13.345731	-2.958523872e-03
13.350731	7.503038331e-04
13.355731	2.958213766e-03
13.360732	3.178232597e-03
13.365732	2.634293291e-03
13.370732	1.114185825e-02
13.375733	2.749699342e-02
13.380733	2.125436629e-02
13.385733	8.379102465e-03
13.390733	2.783206802e-02
13.395734	2.850006246e-02
13.400734	6.505298178e-03
13.405734	5.502384177e-03
13.410734	1.334998545e-02
13.415735	3.418787526e-02
13.420735	2.070064509e-02
13.425735	2.070696616e-03
13.430736	2.538272997e-04
13.435736	1.696779462e-03
13.440736	3.456714283e-03
13.445736	1.979240024e-04
13.450737	2.022855305e-03
13.455737	1.920994523e-02
13.460737	3.264024095e-02
13.465737	1.219239220e-02
13.470738	-1.121847236e-03
13.475738	-1.790779241e-03
13.480738	1.295083121e-03
13.485739	5.321563044e-04
13.490739	3.691966473e-04
13.495739	7.982045880e-04
13.500739	-6.816828999e-04
13.505740	-9.016393747e-04
13.510740	1.873324799e-04
13.515740	4.173514000e-04
13.520740	1.493976144e-04
13.525741	2.023326537e-03
13.530741	-7.952671029e-05
13.535741	3.449864300e-05
13.540742	1.965424504e-03
13.545742	8.565168776e-04
13.550742	-5.763729839e-04
13.555742	5.895948337e-04
13.560743	-1.156970750e-02
13.565743	-1.969423079e-02
13.570743	-1.118766497e-02
13.575744	-1.329051803e-02
13.580744	-4.666958573e-03
13.585744	6.947795584e-04
13.590744	-1.190449856e-02
13.595745	-3.478821337e-02
13.600745	-2.350779934e-02
13.605745	-1.235987308e-03
13.610745	-1.245934070e-02
13.615746	-2.826844292e-02
13.620746	-2.610852928e-02
13.625746	-6.981544922e-03
13.630747	-1.615701040e-02
13.635747	-3.506494281e-02
13.640747	-1.898779136e-02
13.645747	-2.784646779e-03
13.650748	-2.506629955e-03
13.655748	1.918159767e-03
13.660748	1.145234190e-03
13.665748	-5.186425700e-04
13.670749	-6.916009689e-04
13.675749	-1.846505567e-03
13.680749	-2.392443499e-03
13.685750	-2.679395597e-03
13.690750	-4.446266620e-03
13.695750	-2.328820241e-02
13.700750	-2.903385548e-02
13.705751	-7.095024818e-03
13.710751	-2.067267910e-03
13.715751	2.129534529e-03
13.720751	-2.983001781e-04
13.725752	-6.702917056e-03
13.730752	-1.079366065e-02
13.735752	-2.975858955e-02
13.740753	-2.224596863e-02
13.745753	1.411768038e-03
13.750753	-2.172003245e-03
13.755753	-5.106810053e-03
13.760754	-5.049780707e-03
13.765754	-1.168238495e-02
13.770754	-2.489262891e-02
13.775754	-2.466360893e-02
13.780755	-4.227695669e-03
13.785755	1.909000784e-03
13.790755	5.781821249e-03
13.795756	2.451782767e-02
13.800756	1.971912311e-02
13.805756	2.742085591e-03
13.810756	2.961106251e-03
13.815757	5.178017503e-03
13.820757	4.950062680e-03
13.825757	-1.568547582e-03
13.830757	7.932964744e-03
13.835758	3.125672004e-02
13.840758	1.971838476e-02
13.845758	2.637353082e-03
13.850759	5.112250333e-03
13.855759	3.735358565e-03
13.860759	2.857439487e-03
13.865759	2.522490689e-03
13.870760	2.579520439e-03
13.875760	7.536533352e-04
13.880760	-2.402593175e-04
13.885760	-9.561871776e-04
13.890761	5.347641084e-04
13.895761	-2.678026961e-03
13.900761	-5.220854707e-03
13.905762	-1.438631971e-02
13.910762	-3.190932695e-02
13.915762	-1.500022003e-02
13.920762	-6.309739908e-04
13.925763	-2.724826238e-03
13.930763	-2.620798847e-03
13.935763	-2.345862444e-02
13.940764	-3.544493482e-02
13.945764	-9.913300060e-03
13.950764	1.146127369e-03
13.955764	-2.667630573e-03
13.960765	1.357182181e-03
13.965765	1.366214899e-03
13.970765	-1.836576453e-03
13.975765	-4.445400319e-03
13.980766	1.529305708e-03
13.985766	3.402236408e-03
13.990766	-8.034999421e-04
13.995767	-1.348436779e-03
14.000767	3.155054203e-04
14.005767	-1.280373821e-03
14.010767	-1.176346150e-03
14.015768	8.927133863e-03
14.020768	2.915505937e-02
14.025768	1.634579436e-02
14.030768	-1.242701262e-04
14.035769	3.240579034e-03
14.040769	3.459600510e-03
14.045769	2.026712478e-03
14.050770	-2.838987519e-03
14.055770	9.748371184e-04
14.060770	3.298743376e-03
14.065770	8.695284451e-05
14.070771	9.498597805e-05
14.075771	-4.053753203e-03
14.080771	-8.143495598e-03
14.085771	-1.819991118e-02
14.090772	-2.019876806e-02
14.095772	-3.058673174e-03
14.100772	2.581051609e-03
14.105773	2.963064377e-03
14.110773	1.396649542e-02
14.115773	1.694936577e-02
14.120773	7.771902168e-03
14.125774	5.621053729e-03
14.130774	2.084281213e-03
14.135774	2.189309252e-03
14.140774	8.604158429e-04
14.145775	8.939007198e-03
14.150775	3.237775729e-02
14.155775	2.070543044e-02
14.160776	6.224257455e-03
14.165776	5.458333294e-03
14.170776	6.615303832e-03
14.175776	2.827615138e-02
14.180777	2.646028477e-02
14.185777	5.726454328e-03
14.190777	4.675545857e-03
14.195777	2.093568927e-02
14.200778	3.054119717e-02
14.205778	1.396713896e-02
14.210778	1.684401543e-02
14.215779	3.667896311e-02
14.220779	1.854599033e-02
14.225779	1.080980977e-03
14.230779	2.292381873e-02
14.235780	3.315229263e-02
14.240780	1.103253827e-02
14.245780	4.560926869e-03
14.250780	8.383751653e-03
14.255781	2.834369261e-02
14.260781	2.729278437e-02
14.265781	3.232136391e-03
14.270782	4.122121871e-03
14.275782	2.315255075e-03
14.280782	1.329768782e-02
14.285782	2.893686552e-02
14.290783	2.026637470e-02
14.295783	5.507217369e-03
14.300783	2.582411881e-03
14.305783	5.727273970e-03
14.310784	3.854410897e-03
14.315784	2.126447238e-04
14.320784	-1.069250685e-03
14.325785	-1.346201121e-03
14.330785	1.254690838e-03
14.335785	1.473713269e-03
14.340785	-2.168052828e-03
14.345786	-1.713617743e-05
14.350786	-6.210762477e-03
14.355786	-3.251728717e-02
14.360787	-2.572162487e-02
14.365787	-2.836843760e-03
14.370787	-6.769275270e-04
14.375787	-1.068534481e-02
14.380788	-2.759438413e-02
14.385788	-2.554846161e-02
14.390788	-8.639353139e-03
14.395788	-1.830278926e-02
14.400789	-3.483084939e-02
14.405789	-1.345698541e-02
14.410789	-2.396556539e-03
14.415790	-2.360836009e-02
14.420790	-3.406575265e-02
14.425790	-1.477677442e-02
14.430790	-9.534968181e-04
14.435791	-1.813952080e-02
14.440791	-3.417060803e-02
14.445791	-1.616155964e-02
14.450791	-3.390224364e-03
14.455792	-1.011319873e-03
14.460792	1.474578772e-03
14.465792	-7.978868644e-03
14.470793	-1.029270709e-02
14.475793	-2.588181842e-02
14.480793	-2.615976834e-02
14.485793	-2.062053311e-03
14.490794	-7.330912128e-04
14.495794	-2.840809050e-04
14.500794	1.742842994e-03
14.505794	-4.996752946e-03
14.510795	-6.200652065e-03
14.515795	-1.261426583e-02
14.520795	-3.206716541e-02
14.525796	-1.897184767e-02
14.530796	2.469013007e-03
14.535796	-2.358038352e-04
14.540796	-1.294907250e-02
14.545797	-3.516382074e-02
14.550797	-2.085456941e-02
14.555797	1.304252010e-03
14.560797	-2.892483049e-03
14.565798	-1.239492750e-02
14.570798	-2.135140184e-02
14.575798	-2.677206982e-02
14.580799	-1.084590696e-02
14.585799	-7.586050354e-03
14.590799	-8.522963872e-03
14.595799	-9.019901475e-03
14.600800	-3.057568566e-02
14.605800	-1.725937979e-02
14.610800	1.743614625e-03
14.615800	1.567367735e-04
14.620801	-3.217043195e-03
14.625801	-5.712871235e-03
14.630801	-2.663003003e-03
14.635802	-2.557973467e-03
14.640802	-4.546829234e-03
14.645802	-3.885830122e-03
14.650802	-6.046676442e-03
14.655803	-1.101736885e-02
14.660803	-1.046236390e-02
14.665803	-1.647499921e-02
14.670803	-8.799384227e-03
14.675804	3.216745998e-05
14.680804	-7.897521147e-04
14.685804	5.402104640e-04
14.690805	-1.563638873e-03
14.695805	7.012725247e-04
14.700805	8.173016305e-04
14.705805	-1.332545148e-03
14.710806	4.823909341e-04
14.715806	-1.865369288e-04
14.720806	-1.343438052e-03
14.725806	1.575152652e-04
14.730807	-2.384309979e-03
14.735807	-3.227228261e-03
14.740807	-1.180304808e-03
14.745808	-5.683027514e-04
14.750808	-3.402796510e-04
14.755808	-1.113201716e-03
14.760808	-4.439983891e-03
14.765809	-1.201153357e-02
14.770809	-1.034758906e-02
14.775809	7.556465977e-03
14.780810	9.660386409e-03
14.785810	-1.618960138e-03
14.790810	-7.145621750e-03
14.795810	-1.393321429e-02
14.800811	-1.421816297e-02
14.805811	-1.179841354e-03
14.810811	1.341639494e-02
14.815811	1.684824273e-02
14.820812	9.984654417e-03
14.825812	2.415104782e-03
14.830812	9.902186120e-04
14.835813	1.649218319e-03
14.840813	-9.606029265e-04
14.845813	-1.180555054e-03
14.850813	3.524223100e-03
14.855814	4.900183587e-03
14.860814	1.477406916e-03
14.865814	1.287281866e-02
14.870814	2.635011638e-02
14.875815	1.501277323e-02
14.880815	8.112187090e-03
14.885815	6.955286375e-03
14.890816	6.286358946e-03
14.895816	2.613130797e-02
14.900816	2.066264345e-02
14.905816	8.771330712e-03
14.910817	6.611484988e-03
14.915817	1.867486026e-02
14.920817	3.326109737e-02
14.925817	1.153332343e-02
14.930818	4.795728474e-03
14.935818	3.906813198e-03
14.940818	3.198888021e-03
14.945819	2.784157439e-02
14.950819	2.933352875e-02
14.955819	9.661642270e-03
14.960819	3.409020824e-03
14.965820	2.436290928e-02
14.970820	3.165654592e-02
14.975820	6.898938033e-03
14.980820	2.252228677e-03
14.985821	5.406092090e-03
14.990821	2.906683234e-02
14.995821	2.905686906e-02
15.000822	8.609025186e-03
15.005822	6.115197970e-03
15.010822	7.664149341e-03
15.015822	2.585418928e-02
15.020823	2.431530980e-02
15.025823	1.126706070e-02
15.030823	3.734509509e-03
15.035823	2.148657348e-02
15.040824	3.342495588e-02
15.045824	9.106324111e-03
15.050824	1.153795970e-03
15.055825	3.228777851e-04
15.060825	8.678842511e-04
15.065825	-1.234964248e-03
15.070825	-3.548801180e-03
15.075826	-7.803531798e-03
15.080826	-1.614803841e-02
15.085826	-2.073575077e-02
15.090826	-1.056427148e-02
15.095827	3.858974940e-03
15.100827	-1.062319546e-02
15.105827	-3.505482092e-02
15.110828	-2.510332955e-02
15.115828	-9.476161334e-04
15.120828	-5.086037356e-04
15.125828	-8.022155761e-03
15.130829	-2.963493555e-02
15.135829	-3.058084727e-02
15.140829	-2.831330645e-03
15.145829	5.425210619e-04
15.150830	-8.691936658e-03
15.155830	-1.714143736e-02
15.160830	-3.074265589e-02
15.165831	-1.786732454e-02
15.170831	-2.057153930e-03
15.175831	2.657553974e-04
15.180831	-1.388117455e-03
15.185832	-5.201871999e-03
15.190832	-2.830965270e-03
15.195832	-6.800464828e-04
15.200833	-1.559961685e-03
15.205833	-6.800678649e-05
15.210833	1.318953873e-03
15.215833	-5.649063139e-04
15.220834	1.510911137e-04
15.225834	3.801152228e-04
15.230834	-1.728178303e-04
15.235834	9.831555286e-04
15.240835	8.102016830e-04
15.245835	5.912503663e-04
15.250835	8.212744686e-04
15.255836	-7.801216563e-03
15.260836	-3.123989609e-02
15.265836	-2.073343481e-02
15.270836	-3.935120995e-04
15.275837	-4.934226654e-03
15.280837	-2.217338703e-03
15.285837	2.195645935e-04
15.290837	-6.865010605e-03
15.295838	-1.211268640e-02
15.300838	-1.930025594e-02
15.305838	-2.400296157e-02
15.310839	-5.314948308e-03
15.315839	9.267466526e-04
15.320839	-1.559080367e-03
15.325839	-2.772977041e-03
15.330840	-4.492845995e-03
15.335840	6.019118202e-04
15.340840	-1.052960675e-03
15.345840	-1.501899211e-03
15.350841	-2.274819994e-03
15.355841	-2.054795152e-03
15.360841	1.806030291e-03
15.365842	3.746960896e-03
15.370842	4.807939705e-03
15.375842	7.641981106e-04
15.380842	1.169963611e-02
15.385843	2.927871024e-02
15.390843	1.314363092e-02
15.395843	2.256264188e-03
15.400843	7.285025731e-03
15.405844	6.594255981e-04
15.410844	1.403173018e-02
15.415844	3.320871684e-02
15.420845	1.812458001e-02
15.425845	4.521362080e-03
15.430845	2.281739702e-02
15.435845	3.265389530e-02
15.440846	1.358397681e-02
15.445846	5.401462013e-03
15.450846	1.148116608e-02
15.455846	3.017817910e-02
15.460847	2.370557068e-02
15.465847	4.348667942e-03
15.470847	2.371813302e-03
15.475848	2.476844645e-03
15.480848	2.087687397e-02
15.485848	2.989241729e-02
15.490848	1.502826853e-02
15.495849	3.641929293e-03
15.500849	1.320144285e-02
15.505849	3.348636898e-02
15.510849	1.700630875e-02
15.515850	1.310205589e-03
15.520850	6.184975761e-03
15.525850	1.157288304e-03
15.530851	1.872736316e-02
15.535851	3.348659198e-02
15.540851	1.358471921e-02
15.545851	1.759404097e-03
15.550852	3.031371643e-03
15.555852	5.125294177e-03
15.560852	-1.939281666e-03
15.565853	2.371519463e-03
15.570853	3.177594621e-02
15.575853	2.326844942e-02
15.580853	4.072538045e-03
15.585854	2.027687306e-03
15.590854	3.268177344e-04
15.595854	-3.911056664e-04
15.600854	7.088713727e-04
15.605855	-1.058994508e-03
15.610855	1.320912443e-03
15.615855	3.308840870e-03
15.620856	7.080206326e-04
15.625856	-1.145027613e-02
15.630856	-2.210765509e-02
15.635856	9.861173851e-04
15.640857	-5.617604948e-04
15.645857	-2.421042790e-02
15.650857	-6.919337582e-03
15.655857	2.143203420e-03
15.660858	-7.246021392e-04
15.665858	-1.705951062e-04
15.670858	-1.336493866e-03
15.675859	-2.769377997e-03
15.680859	-3.152319627e-03
15.685859	-7.856024599e-03
15.690859	-2.356012707e-02
15.695860	-2.118022000e-02
15.700860	-4.539094020e-03
15.705860	-4.815041477e-03
15.710860	-3.209092000e-03
15.715861	7.667276843e-04
15.720861	-6.641829097e-03
15.725861	-2.007205606e-02
15.730862	-2.470776470e-02
15.735862	-1.580821466e-02
15.740862	-2.051930629e-03
15.745862	-4.040784219e-03
15.750863	-2.963034518e-02
15.755863	-3.057625588e-02
15.760863	-8.132447638e-03
15.765863	-1.440776639e-03
15.770864	-6.697451218e-03
15.775864	-2.526139694e-02
15.780864	-3.123703213e-02
15.785865	-7.807277862e-03
15.790865	-5.036403514e-04
15.795865	-7.138239430e-03
15.800865	-2.597817001e-02
15.805866	-2.923795392e-02
15.810866	-9.298008480e-03
15.815866	-2.224358343e-03
15.820866	-1.292973443e-02
15.825867	-3.636841311e-02
15.830867	-1.996527394e-02
15.835867	1.656610686e-04
15.840868	-4.920022793e-03
15.845868	-6.257911918e-03
15.850868	-8.360759140e-03
15.855868	-2.520379903e-02
15.860869	-2.603571585e-02
15.865869	-3.102934269e-03
15.870869	-4.756806060e-03
15.875869	-6.974646956e-03
15.880870	-1.387623132e-02
15.885870	-2.056682723e-02
15.890870	-1.641901676e-02
15.895871	-9.785342435e-03
15.900871	-3.274661371e-03
15.905871	-7.797603553e-04
15.910871	4.432103299e-04
15.915872	2.049814958e-02
15.920872	2.707482705e-02
15.925872	5.022072578e-03
15.930872	4.583134307e-03
15.935873	5.969096090e-03
15.940873	1.054688306e-02
15.945873	3.021984327e-02
15.950874	2.005943746e-02
15.955874	6.571213934e-03
15.960874	7.346209205e-03
15.965874	2.287939617e-02
15.970875	3.387083189e-02
15.975875	1.304301037e-02
15.980875	2.679829472e-02
15.985876	3.325997855e-02
15.990876	6.906459695e-03
15.995876	1.685695245e-02
16.000876	3.641491901e-02
16.005877	1.784097407e-02
16.010877	5.356695605e-03
16.015877	1.878899768e-02
16.020877	3.194231504e-02
16.025878	1.735315187e-02
16.030878	1.248845609e-02
16.035878	3.470427711e-02
16.040879	1.889318088e-02
16.045879	3.638054206e-03
16.050879	6.514934437e-03
16.055879	2.815174877e-03
16.060880	2.375236780e-03
16.065880	-2.815798937e-04
16.070880	1.152379383e-03
16.075880	2.537341347e-03
16.080881	-1.046424545e-03
16.085881	-1.992334910e-03
16.090881	-4.405958857e-06
16.095882	2.156513522e-03
16.100882	3.140497467e-03
16.105882	4.346835087e-04
16.110882	-1.323182366e-03
16.115883	1.104722507e-03
16.120883	6.547850047e-04
16.125883	-4.649886598e-03
16.130883	-1.509727653e-02
16.135884	-2.736256689e-02
16.140884	-1.923697406e-02
16.145884	2.739951862e-04
16.150885	-1.292724390e-02
16.155885	-3.802983114e-02
16.160885	-2.288862255e-02
16.165885	1.210095440e-03
16.170886	-1.338706718e-02
16.175886	-3.824966755e-02
16.180886	-2.150154695e-02
16.185886	-6.580326296e-03
16.190887	-3.316383240e-02
16.195887	-2.620517562e-02
16.200887	-1.099597073e-02
16.205888	-3.824844019e-02
16.210888	-2.775397706e-02
16.215888	-3.148286805e-03
16.220888	-1.199976408e-02
16.225889	-3.029572408e-02
16.230889	-2.575593480e-02
16.235889	-8.568838212e-03
16.240889	-1.327054276e-02
16.245890	-2.028712053e-02
16.250890	-2.332691609e-02
16.255890	-1.033658964e-02
16.260891	-2.097002980e-03
16.265891	-9.970252785e-04
16.270891	7.139189630e-04
16.275891	1.152932871e-03
16.280892	-9.969114243e-04
16.285892	-1.770831078e-03
16.290892	8.760619122e-04
16.295892	-4.998247659e-04
16.300893	-8.237690568e-04
16.305893	1.106163209e-03
16.310893	-1.494656372e-03
16.315894	4.372757894e-04
16.320894	1.259268745e-03
16.325894	-1.274554498e-03
16.330894	-5.565558420e-04
16.335895	6.004187732e-04
16.340895	2.377359435e-03
16.345895	-5.146954930e-05
16.350895	-2.430301270e-03
16.355896	-3.816187372e-03
16.360896	-3.989139905e-03
16.365896	-4.412962256e-04
16.370897	-4.927969820e-05
16.375897	-2.717095580e-03
16.380897	3.317754341e-04
16.385897	-5.571378753e-04
16.390898	-1.780032890e-03
16.395898	5.590456251e-05
16.400898	3.821736316e-03
16.405899	5.082705264e-03
16.410899	1.756925432e-03
16.415899	1.022649956e-02
16.420899	2.255686224e-02
16.425900	1.790215520e-02
16.430900	1.082858064e-02
16.435900	8.342754817e-03
16.440900	2.161106613e-02
16.445901	2.989865024e-02
16.450901	8.066884002e-03
16.455901	1.930258137e-03
16.460902	7.673981580e-03
16.465902	5.198155213e-03
16.470902	7.724356446e-04
16.475902	-6.134504158e-04
16.480903	5.655092306e-05
16.485903	2.656446562e-03
16.490903	8.343173135e-03
16.495903	7.186274538e-03
16.500904	3.927491063e-03
16.505904	-1.883152644e-03
16.510904	-1.150058785e-02
16.515905	-8.346722545e-03
16.520905	1.547773573e-03
16.525905	6.678598117e-04
16.530905	-3.155892713e-03
16.535906	-7.849845213e-04
16.540906	2.206889661e-03
16.545906	-9.379000484e-04
16.550906	-4.978860981e-04
16.555907	4.702867105e-03
16.560907	2.250093035e-02
16.565907	2.254796582e-02
16.570908	6.346891218e-03
16.575908	2.868119806e-03
16.580908	1.662223908e-03
16.585908	3.755147332e-03
16.590909	2.103275862e-03
16.595909	2.714280453e-03
16.600909	3.143295012e-03
16.605909	4.394811588e-04
16.610910	-2.774415174e-04
16.615910	2.379451021e-03
16.620910	8.885707359e-04
16.625911	1.718671614e-02
16.630911	2.962307305e-02
16.635911	8.670258706e-03
16.640911	3.316589989e-03
16.645912	-1.051845394e-04
16.650912	-2.322025062e-03
16.655912	4.645631376e-03
16.660912	4.147696708e-03
16.665913	3.976744131e-03
16.670913	0.000000000e+00
