expfull_T9_run01
3514	0
0.000000	0.000000000e+00
0.005000	-1.442920420e-03
0.010001	6.029643967e-04
0.015001	5.699390448e-05
0.020001	-8.799547613e-04
0.025001	6.599583012e-04
0.030002	-6.689684822e-04
0.035002	-4.969790548e-04
0.040002	1.165927142e-03
0.045003	2.769757964e-04
0.050003	6.109561805e-04
0.055003	1.443908709e-03
0.060003	1.596899197e-03
0.065004	-1.150062060e-04
0.070004	-5.449831736e-04
0.075004	-1.662921735e-03
0.080004	-1.002959549e-03
0.085005	6.689461448e-04
0.090005	-9.949619380e-04
0.095005	6.599447051e-04
0.100006	2.704829577e-03
0.105006	-1.376943527e-03
0.110006	-3.038851722e-03
0.115006	1.041919497e-03
0.120007	2.331846515e-03
0.125007	-7.079847563e-04
0.130007	-1.500941460e-03
0.135008	-3.340075757e-04
0.140008	-2.770117285e-04
0.145008	1.041913671e-03
0.150008	1.777871615e-03
0.155009	1.050911227e-03
0.160009	-5.060028287e-04
0.165009	-8.789829778e-04
0.170009	7.739237772e-04
0.175010	-2.200217062e-04
0.180010	-1.547948545e-03
0.185010	2.779485529e-04
0.190011	-8.229909575e-04
0.195011	5.595900413e-05
0.200011	7.649184555e-04
0.205011	-7.259992841e-04
0.210012	1.719496170e-04
0.215012	7.749149857e-04
0.220012	-8.319962784e-04
0.225013	-4.904095772e-05
0.230013	1.166890192e-03
0.235013	-6.110115264e-04
0.240013	-1.940938253e-03
0.245014	-1.150411549e-04
0.250014	6.689141102e-04
0.255014	1.051891760e-03
0.260015	1.873844904e-03
0.265015	-1.376974588e-03
0.270015	-1.988941395e-03
0.275015	-1.150469759e-04
0.280016	5.549146532e-04
0.285016	7.739014581e-04
0.290016	3.249255524e-04
0.295016	1.059368076e-04
0.300017	-4.805556565e-05
0.305017	-1.060532978e-04
0.310017	1.653847485e-03
0.315018	8.328923457e-04
0.320018	-1.490978893e-03
0.325018	-8.330165937e-04
0.330018	1.050877268e-03
0.335019	9.378826060e-04
0.340019	-5.540350766e-04
0.345019	-3.830455916e-04
0.350020	-8.800188173e-04
0.355020	5.792785215e-05
0.360020	-5.540389539e-04
0.365020	2.321799532e-03
0.370021	2.045813970e-03
0.375021	-2.598927705e-03
0.380021	-2.045959543e-03
0.385021	1.049194140e-04
0.390022	7.738811000e-04
0.395022	-8.800275388e-04
0.400022	-7.170376066e-04
0.405023	1.548834931e-03
0.410023	-4.970518249e-04
0.415023	1.212851751e-03
0.420023	1.213850726e-03
0.425024	-1.709987018e-03
0.430024	7.748732953e-04
0.435024	-1.150779912e-04
0.440025	1.767815927e-03
0.445025	-1.768987598e-03
0.450025	-7.170472907e-04
0.455025	3.348930162e-04
0.460026	-7.740460449e-04
0.465026	1.376832914e-03
0.470026	-1.825989256e-03
0.475027	-2.200798739e-04
0.480027	1.328832690e-03
0.485027	-8.230481483e-04
0.490027	-1.272024052e-03
0.495028	3.202725176e-03
0.500028	8.798538840e-04
0.505028	-9.795969741e-08
0.510028	-9.370466215e-04
0.515029	-3.039930194e-03
0.520029	2.045784927e-03
0.525029	-2.200895472e-04
0.530030	-2.780872764e-04
0.535030	3.818749141e-04
0.540030	6.598584288e-04
0.545030	-2.200934143e-04
0.550031	-9.370543563e-04
0.555031	1.214824548e-03
0.560031	-8.800594710e-04
0.565032	-2.599964423e-03
0.570032	-2.870945062e-04
0.575032	3.268706024e-03
0.580032	1.443806933e-03
0.585033	-1.721038239e-04
0.590033	-2.770989284e-04
0.595033	1.222816372e-03
0.600033	6.688463323e-04
0.605034	-1.051058619e-03
0.610034	-1.549031785e-03
0.615034	-2.217995405e-03
0.620035	7.178397352e-04
0.625035	-3.820998255e-04
0.630035	1.098816537e-03
0.635035	2.102759526e-03
0.640036	-1.376047233e-03
0.645036	-2.771095466e-04
0.650036	-1.272054968e-03
0.655037	-8.900772569e-04
0.660037	1.041813930e-03
0.665037	9.948155892e-04
0.670037	7.838264034e-04
0.675038	-8.230848544e-04
0.680038	-1.052073035e-03
0.685038	7.178271954e-04
0.690039	-1.109071781e-03
0.695039	-6.131004329e-04
0.700039	7.168243599e-04
0.705039	1.051804696e-03
0.710040	2.704711458e-03
0.715040	3.348427936e-04
0.720040	-2.428003933e-03
0.725040	-1.664047544e-03
0.730041	1.720762535e-03
0.735041	1.328783454e-03
0.740041	-6.111092136e-04
0.745042	3.348370159e-04
0.750042	7.158147851e-04
0.755042	-1.549059740e-03
0.760042	-5.541162454e-04
0.765043	1.156787280e-03
0.770043	-1.597059947e-03
0.775043	-8.891004312e-04
0.780044	4.968212373e-04
0.785044	5.538170937e-04
0.790044	-9.461001345e-04
0.795044	-9.940984165e-04
0.800045	1.940736784e-03
0.805045	1.271773168e-03
0.810045	-1.109094881e-03
0.815045	2.768267887e-04
0.820046	9.367889852e-04
0.825046	1.107778479e-03
0.830046	-1.712065063e-03
0.835047	-2.485022873e-03
0.840047	8.887878225e-04
0.845047	-7.261229848e-04
0.850047	4.968077845e-04
0.855048	-6.021318267e-04
0.860048	-6.691290465e-04
0.865048	2.264706211e-03
0.870049	1.051772964e-03
0.875049	-4.971415266e-04
0.880049	3.348110700e-04
0.885049	4.398042496e-04
0.890050	-8.321257035e-04
0.895050	-1.712077539e-03
0.900050	1.108764028e-03
0.905051	1.883719807e-03
0.910051	5.537930922e-04
0.915051	2.198107785e-04
0.920051	-6.111437914e-04
0.925052	-2.658030481e-03
0.930052	-1.932071966e-03
0.935052	1.385741858e-03
0.940052	3.248001277e-04
0.945053	-3.921608052e-04
0.950053	1.718067538e-04
0.955053	9.947598549e-04
0.960054	3.257962430e-04
0.965054	-1.051806545e-04
0.970054	-7.181473922e-04
0.975054	-7.751451668e-04
0.980055	2.197983336e-04
0.985055	-1.903417708e-07
0.990055	-1.108129447e-03
0.995056	1.617987030e-04
1.000056	3.325621126e-03
1.005056	2.380672922e-03
1.010056	-1.721855193e-04
1.015057	-1.329121888e-03
1.020057	-1.826095100e-03
1.025057	-2.771825235e-04
1.030058	2.777855402e-04
1.035058	-1.052141171e-03
1.040058	5.537682240e-04
1.045058	1.213730427e-03
1.050059	-6.111686516e-04
1.055059	-1.711108201e-03
1.060059	-1.320130982e-03
1.065059	6.117602160e-04
1.070060	2.197811448e-04
1.075060	2.542650516e-03
1.080060	-5.820524325e-05
1.085061	-1.826107503e-03
1.090061	1.883684444e-03
1.095061	1.767689967e-03
1.100061	-1.721116222e-03
1.105062	-6.591764577e-04
1.110062	9.367334977e-04
1.115062	-2.715063591e-03
1.120063	-1.654123771e-03
1.125063	2.265656454e-03
1.130063	1.605692345e-03
1.135063	-2.428083419e-03
1.140064	-4.971921629e-04
1.145064	4.957514546e-04
1.150064	-1.051163139e-03
1.155064	2.103659791e-03
1.160065	1.047704291e-04
1.165065	-2.438088565e-03
1.170065	2.287616067e-04
1.175066	-9.941710726e-04
1.180066	-1.664134621e-03
1.185066	1.547685128e-03
1.190066	1.931662743e-03
1.195067	2.197573612e-04
1.200067	1.442688142e-03
1.205067	1.617587011e-04
1.210068	-1.826131273e-03
1.215068	8.897161653e-04
1.220068	7.737216924e-04
1.225068	-9.371837438e-04
1.230069	8.327165029e-04
1.235069	-2.202256640e-04
1.240069	-5.552079110e-04
1.245070	1.491676873e-03
1.250070	-1.826138855e-03
1.255070	-7.272011510e-04
1.260070	1.652665045e-03
1.265071	-2.093126791e-03
1.270071	1.147490069e-04
1.275071	1.881649423e-03
1.280071	-6.592096788e-04
1.285072	-2.872313904e-04
1.290072	1.327677511e-03
1.295072	1.281679133e-03
1.300073	-7.262097206e-04
1.305073	-3.352324921e-04
1.310073	7.747046004e-04
1.315073	2.197346372e-04
1.320074	-1.100192622e-03
1.325074	-2.046140758e-03
1.330074	-1.443175363e-03
1.335075	2.485604368e-03
1.340075	2.656593878e-03
1.345075	6.117070917e-04
1.350075	-1.386182319e-03
1.355076	-2.486121857e-03
1.360076	-1.052557126e-04
1.365076	-1.271191566e-03
1.370076	-2.046149246e-03
1.375077	7.736923927e-04
1.380077	2.379601800e-03
1.385077	1.491650429e-03
1.390078	3.250551296e-03
1.395078	3.237137464e-04
1.400078	-2.257143117e-03
1.405078	-1.262199601e-03
1.410079	4.872627508e-05
1.415079	2.867567972e-03
1.420079	1.137207661e-04
1.425080	-1.214206042e-03
1.430080	1.328651062e-03
1.435080	6.596874679e-04
1.440080	-2.323146954e-03
1.445081	-4.140046464e-03
1.450081	2.767060306e-04
1.455081	1.988609524e-03
1.460082	-5.542494581e-04
1.465082	-2.813218272e-07
1.470082	1.375640929e-03
1.475082	6.596799598e-04
1.480083	2.777003464e-04
1.485083	-1.632759733e-04
1.490083	-7.172459848e-04
1.495083	1.098651705e-03
1.500084	-1.272216877e-03
1.505084	-9.932333876e-04
1.510084	1.605620594e-03
1.515085	2.276965814e-04
1.520085	-3.912698003e-04
1.525085	-2.282798348e-04
1.530085	1.137001388e-04
1.535086	7.256650406e-04
1.540086	-8.322489230e-04
1.545086	1.710608186e-03
1.550087	2.196904832e-04
1.555087	-2.380165313e-03
1.560087	1.108638989e-03
1.565087	1.706904172e-04
1.570088	-1.549214502e-03
1.575088	-2.657153584e-03
1.580088	7.736539572e-04
1.585088	9.936407437e-04
1.590089	1.056893816e-04
1.595089	1.988583336e-03
1.600089	-2.112947867e-04
1.605090	-2.266181004e-03
1.610090	1.491608285e-03
1.615090	1.825588709e-03
1.620090	-1.721214220e-03
1.625091	4.966610356e-04
1.630091	8.316414048e-04
1.635091	-2.160192505e-03
1.640092	-1.623049679e-04
1.645092	2.856690942e-04
1.650092	4.386596240e-04
1.655092	1.653590871e-03
1.660093	-1.769218978e-03
1.665093	-2.045204500e-03
1.670093	1.385603045e-03
1.675094	6.586427001e-04
1.680094	-1.882216383e-03
1.685094	5.667444970e-05
1.690094	4.956490164e-04
1.695095	2.766603144e-04
1.700095	1.931567002e-03
1.705095	-2.773106134e-04
1.710095	-1.435246897e-03
1.715096	3.816507475e-04
1.720096	2.934507307e-03
1.725096	9.466173566e-04
1.730097	-2.830172728e-03
1.735097	-4.493065657e-04
1.740097	3.916455631e-04
1.745097	-9.942779917e-04
1.750098	-4.973066595e-04
1.755098	1.777565421e-03
1.760098	2.196514684e-04
1.765099	-5.543062485e-04
1.770099	-1.653245823e-03
1.775099	-6.133048009e-04
1.780099	1.213592289e-03
1.785100	3.826377553e-04
1.790100	8.216123273e-04
1.795100	-1.633336095e-04
1.800100	-3.436299861e-07
1.805101	-2.045230395e-03
1.810101	-1.491262241e-03
1.815101	8.886039813e-04
1.820102	1.548566218e-03
1.825102	2.102534373e-03
1.830102	-6.613122544e-04
1.835102	-1.224281746e-03
1.840103	-1.882245934e-03
1.845103	1.882542976e-03
1.850103	6.686098256e-04
1.855104	-1.213286035e-03
1.860104	1.317571760e-03
1.865104	-5.553246023e-04
1.870104	-7.643138530e-04
1.875105	5.663939967e-05
1.880105	-1.386280966e-03
1.885105	3.826193680e-04
1.890106	2.436503793e-03
1.895106	-2.213487479e-04
1.900106	1.434557895e-03
1.905106	5.546061027e-04
1.910107	-8.323173871e-04
1.915107	5.763201614e-05
1.920107	-5.553346795e-04
1.925107	-1.941258224e-03
1.930108	-6.023338843e-04
1.935108	-9.943129157e-04
1.940108	-8.313229282e-04
1.945109	1.327555638e-03
1.950109	2.761474676e-03
1.955109	-6.593352683e-04
1.960109	-3.729675167e-07
1.965110	1.050567451e-03
1.970110	-1.606285141e-03
1.975110	8.795751738e-04
1.980111	8.885737603e-04
1.985111	-3.833561446e-04
1.990111	-1.883273322e-03
1.995111	-1.443298794e-03
2.000112	1.716101435e-04
2.005112	8.885692093e-04
2.010112	-4.973543303e-04
2.015112	-4.403584212e-04
2.020113	1.595527016e-03
2.025113	8.215693141e-04
2.030113	-3.823643840e-04
2.035114	-6.113525084e-04
2.040114	-3.923656409e-04
2.045114	2.933447787e-03
2.050114	-2.683743768e-04
2.055115	-2.151270170e-03
2.060115	2.675938897e-04
2.065115	1.434527839e-03
2.070116	4.385825327e-04
2.075116	-2.486255092e-03
2.080116	5.555741913e-04
2.085116	2.195920429e-04
2.090117	9.455506117e-04
2.095117	-2.203852036e-04
2.100117	-2.935234550e-03
2.105118	1.547514296e-03
2.110118	2.484461087e-03
2.115118	-9.943456099e-04
2.120118	-2.093285164e-03
2.125119	4.759441882e-05
2.130119	2.484457478e-03
2.135119	4.965675514e-04
2.140119	-2.380272749e-03
2.145120	-1.328332375e-03
2.150120	2.265466100e-03
2.155120	1.490508462e-03
2.160121	-4.092071539e-07
2.165121	-1.434330058e-03
2.170121	5.658581236e-05
2.175121	1.108526189e-03
2.180122	-7.743695967e-04
2.185122	6.595494561e-04
2.190122	-5.741141720e-05
2.195123	3.335658588e-04
2.200123	2.765681435e-04
2.205123	-1.769318541e-03
2.210123	-1.054123257e-04
2.215124	4.395563550e-04
2.220124	8.785309532e-04
2.225124	2.819421707e-03
2.230124	5.535473048e-04
2.235125	-1.328348533e-03
2.240125	-4.235589887e-07
2.245125	-5.463939742e-04
2.250126	-8.313789586e-04
2.255126	1.653481430e-03
2.260126	-9.953715904e-04
2.265126	-3.374239682e-03
2.270127	1.443490474e-03
2.275127	6.685328441e-04
2.280127	-2.935266864e-03
2.285128	1.045625447e-04
2.290128	1.653475185e-03
2.295128	2.195543434e-04
2.300128	-9.373819607e-04
2.305129	1.328490656e-03
2.310129	3.335453096e-04
2.315129	1.327488933e-03
2.320130	-2.774223613e-04
2.325130	-1.051380044e-03
2.330130	-7.163996323e-04
2.335130	-1.051381820e-03
2.340131	2.264432186e-03
2.345131	1.165492648e-03
2.350131	-7.753998883e-04
2.355131	-3.155267918e-03
2.360132	-1.624358800e-04
2.365132	2.045439979e-03
2.370132	-1.825344819e-03
2.375133	-1.272376574e-03
2.380133	9.354992861e-04
2.385133	5.545196700e-04
2.390133	1.625406683e-04
2.395134	7.165088591e-04
2.400134	-4.519995954e-07
2.405134	-3.834315026e-04
2.410135	1.328472047e-03
2.415135	1.319471667e-03
2.420135	3.915225886e-04
2.425135	-5.845317290e-05
2.430136	5.535117828e-04
2.435136	-2.045344016e-03
2.440136	-2.486320279e-03
2.445136	1.720443997e-03
2.450137	1.262468684e-03
2.455137	-4.616917381e-07
2.460137	-1.932354722e-03
2.465138	-3.354447487e-04
2.470138	2.322405998e-03
2.475138	-7.174251806e-04
2.480138	1.882428804e-03
2.485139	-4.669595906e-07
2.490139	-3.269285353e-03
2.495139	1.615222442e-04
2.500140	-1.051410919e-03
2.505140	-5.454400409e-04
2.510140	1.050469992e-03
2.515140	9.934722987e-04
2.520141	5.652372971e-05
2.525141	-1.714644168e-04
2.530141	1.768426414e-03
2.535142	-8.234297677e-04
2.540142	-1.214408814e-03
2.545142	-7.264369279e-04
2.550142	-1.166413238e-03
2.555143	1.433440752e-03
2.560143	3.335012853e-04
2.565143	1.720422989e-03
2.570143	2.704367189e-03
2.575144	-2.204704010e-04
2.580144	-3.244654653e-04
2.585144	-1.166419332e-03
2.590145	-9.944298029e-04
2.595145	-7.754428966e-04
2.600145	-6.134528081e-04
2.605145	-2.684729347e-04
2.610146	-4.887625514e-07
2.615146	4.964826267e-04
2.620146	1.883404334e-03
2.625147	-4.494662985e-04
2.630147	-9.944367413e-04
2.635147	6.114727426e-04
2.640147	-5.849072163e-05
2.645148	-9.944393367e-04
2.650148	1.044984502e-04
2.655148	1.044975863e-04
2.660148	-3.145321855e-03
2.665149	-2.204859982e-04
2.670149	1.271429852e-03
2.675149	3.344812953e-04
2.680150	5.534682083e-04
2.685150	4.384737663e-04
2.690150	-4.974748453e-04
2.695150	1.109434588e-03
2.700151	1.614866467e-04
2.705151	-2.983338652e-03
2.710151	-3.344873849e-04
2.715152	2.674781509e-04
2.720152	1.882387139e-03
2.725152	1.719395380e-03
2.730152	-1.271438514e-03
2.735153	-7.744671148e-04
2.740153	-1.663418346e-03
2.745153	-1.214444267e-03
2.750154	3.593286483e-03
2.755154	1.595397160e-03
2.760154	-9.374622972e-04
2.765154	-6.594786709e-04
2.770155	6.594468449e-04
2.775155	2.150362760e-03
2.780155	-2.785025019e-04
2.785155	-1.635097748e-04
2.790156	-5.197268678e-07
2.795156	-5.751739758e-05
2.800156	2.294657293e-04
2.805157	-1.052463558e-03
2.810157	1.318403236e-03
2.815157	2.160355383e-03
2.820157	-1.711429324e-03
2.825158	-2.324395955e-03
2.830158	7.734302578e-04
2.835158	1.386395189e-03
2.840159	-1.988417259e-03
2.845159	-7.844853176e-04
2.850159	3.234519834e-04
2.855159	7.834254576e-04
2.860160	9.464155115e-04
2.865160	-9.474796078e-04
2.870160	5.746344453e-05
2.875160	8.894161546e-04
2.880161	-1.941426658e-03
2.885161	-1.735261968e-04
2.890161	2.819305883e-03
2.895162	-3.245194563e-04
2.900162	-1.549451918e-03
2.905162	9.934052830e-04
2.910162	1.051401203e-03
2.915163	1.134527214e-04
2.920163	-1.214473989e-03
2.925163	-2.600397460e-03
2.930164	1.825354629e-03
2.935164	2.599310582e-03
2.940164	-1.664452232e-03
2.945164	-2.295331769e-04
2.950165	1.386375775e-03
2.955165	2.764368988e-04
2.960165	4.384270171e-04
2.965166	3.344319846e-04
2.970166	-2.657401833e-03
2.975166	-8.895013637e-04
2.980166	-1.635427274e-04
2.985167	7.734041308e-04
2.990167	-2.205412177e-04
2.995167	-1.434474285e-03
3.000167	2.982278313e-03
3.005168	6.594071539e-04
3.010168	-9.375045320e-04
3.015168	3.334236842e-04
3.020169	-9.945030170e-04
3.025169	-1.166494248e-03
3.030169	1.987328856e-03
3.035169	-6.605241584e-04
3.040170	-1.214494064e-03
3.045170	1.443356729e-03
3.050170	-1.635543949e-04
3.055171	1.815334303e-03
3.060171	6.593980038e-04
3.065171	-3.040396283e-03
3.070171	-1.491483580e-03
3.075172	-5.676395768e-07
3.080172	3.087259154e-03
3.085172	2.819273287e-03
3.090173	-3.251388643e-03
3.095173	-2.543428992e-03
3.100173	1.042370004e-03
3.105173	4.973996011e-04
3.110174	1.107364725e-03
3.115174	-5.465437700e-04
3.120174	-5.545441476e-04
3.125174	4.742142379e-05
3.130175	-1.883471607e-03
3.135175	2.774069387e-04
3.140175	9.933661477e-04
3.145176	-4.985513873e-04
3.150176	-1.635709091e-04
3.155176	-1.271509879e-03
3.160176	5.641516874e-05
3.165177	1.547331118e-03
3.170177	-2.195710638e-04
3.175177	-9.945286205e-04
3.180178	-1.606495276e-03
3.185178	1.157349613e-03
3.190178	5.533825124e-04
3.195178	-1.817485950e-03
3.200179	9.933563167e-04
3.205179	1.758312797e-03
3.210179	-2.205775470e-04
3.215179	-5.455602200e-04
3.220180	7.743652798e-04
3.225180	8.793586042e-04
3.230180	-1.214525318e-03
3.235181	-1.540507933e-03
3.240181	1.930297495e-03
3.245181	-7.265549978e-04
3.250181	-2.775808740e-04
3.255182	2.599257714e-03
3.260182	2.193897599e-04
3.265182	-4.395742637e-04
3.270183	-1.377522712e-03
3.275183	5.533686852e-04
3.280183	1.328324614e-03
3.285183	-1.109540100e-03
3.290184	3.813758608e-04
3.295184	2.102278983e-03
3.300184	-4.975766862e-04
3.305185	-2.935441398e-03
3.310185	-1.167540898e-03
3.315185	1.050334482e-03
3.320185	1.606302640e-03
3.325186	6.593546990e-04
3.330186	1.050332068e-03
3.335186	1.548303465e-03
3.340186	-8.225649836e-04
3.345187	-1.654519342e-03
3.350187	-1.721516404e-03
3.355187	8.313402795e-04
3.360188	2.193736414e-04
3.365188	-1.223546608e-03
3.370188	-6.156788259e-07
3.375188	-6.035828178e-04
3.380189	5.543517407e-04
3.385189	2.761227742e-03
3.390189	-3.346002305e-04
3.395190	-2.715468116e-03
3.400190	-1.549534002e-03
3.405190	5.553476956e-04
3.410190	1.442297385e-03
3.415191	-2.696078433e-04
3.420191	4.737366569e-05
3.425191	4.963478066e-04
3.430191	1.337300066e-03
3.435192	9.943184189e-04
3.440192	-1.166561743e-03
3.445192	-1.884522455e-03
3.450193	6.113374202e-04
3.455193	1.711275224e-03
3.460193	-1.606540349e-03
3.465193	-1.769532041e-03
3.470194	7.733252126e-04
3.475194	9.453148213e-04
3.480194	9.933113525e-04
3.485195	-6.115998416e-04
3.490195	-8.315883490e-04
3.495195	1.108302568e-03
3.500195	1.703541419e-04
3.505196	-9.475842356e-04
3.510196	-2.542495985e-03
3.515196	-3.356199709e-04
3.520197	2.485221769e-03
3.525197	-1.626311982e-04
3.530197	-1.272570020e-03
3.535197	7.173181103e-04
3.540198	9.353051578e-04
3.545198	-1.100581971e-03
3.550198	-1.156579627e-03
3.555198	9.353028112e-04
3.560199	-1.156393008e-04
3.565199	-2.207523301e-03
3.570199	6.683153738e-04
3.575200	1.043460779e-04
3.580200	-4.976210961e-04
3.585200	1.547263969e-03
3.590200	1.539263637e-03
3.595201	-1.626421308e-04
3.600201	1.133416853e-04
3.605201	2.322217597e-03
3.610202	-1.654561173e-03
3.615202	-2.543512323e-03
3.620202	2.093228054e-03
3.625202	1.327270040e-03
3.630203	-6.036229413e-04
3.635203	3.823212446e-04
3.640203	-2.866421831e-04
3.645203	-4.976311769e-04
3.650204	5.063120058e-04
3.655204	-4.406359018e-04
3.660204	2.763233029e-04
3.665205	6.023043347e-04
3.670205	7.632945776e-04
3.675205	-3.089491108e-03
3.680205	-2.208541056e-03
3.685206	3.088162485e-03
3.690206	1.108272246e-03
3.695206	-2.486527840e-03
3.700207	-7.746241745e-04
3.705207	2.819174434e-03
3.710207	-1.052610187e-03
3.715207	-2.160549101e-03
3.720208	2.193172776e-04
3.725208	1.720232725e-03
3.730208	1.940219680e-03
3.735209	-2.306598922e-04
3.740209	-1.664580605e-03
3.745209	-6.606374124e-04
3.750209	1.606235277e-03
3.755210	3.913023409e-04
3.760210	-1.884571368e-03
3.765210	9.942671606e-04
3.770210	6.112877816e-04
3.775211	-3.930459432e-03
3.780211	4.382959225e-04
3.785211	2.991152651e-03
3.790212	-1.271610135e-03
3.795212	-4.496567776e-04
3.800212	2.160196771e-03
3.805212	3.912947651e-04
3.810213	-2.776686444e-04
3.815213	-7.746416548e-04
3.820213	2.762989225e-04
3.825214	1.327239500e-03
3.830214	-9.476342564e-04
3.835214	-1.051629203e-03
3.840214	1.213243609e-03
3.845215	4.392860643e-04
3.850215	1.723002186e-04
3.855215	2.182969011e-04
3.860215	9.922529456e-04
3.865216	-4.396678654e-04
3.870216	-2.265566682e-03
3.875216	1.612970900e-04
3.880217	-1.636855147e-04
3.885217	-1.213627648e-03
3.890217	4.402792766e-04
3.895217	1.384225835e-03
3.900218	3.812810803e-04
3.905218	1.319227975e-03
3.910218	-1.110637121e-03
3.915219	-2.103582432e-03
3.920219	-4.769794497e-05
3.925219	1.939190394e-03
3.930219	8.792488247e-04
3.935220	-1.549616324e-03
3.940220	-1.100642128e-03
3.945220	2.323165997e-03
3.950221	6.582582018e-04
3.955221	-2.266579257e-03
3.960221	2.202811756e-04
3.965221	-7.176672005e-04
3.970222	-1.109646055e-03
3.975222	9.932358146e-04
3.980222	-1.874604823e-03
3.985222	1.491206544e-03
3.990223	2.761134916e-03
3.995223	-1.330637394e-03
4.000223	8.892379476e-04
4.005224	1.443206289e-03
4.010224	-2.307009965e-04
4.015224	1.042795713e-04
4.020224	-2.590570719e-03
4.025225	-1.328641897e-03
4.030225	2.484144523e-03
4.035225	-3.836961083e-04
4.040226	-3.203539418e-03
4.045226	-2.777034825e-04
4.050226	1.491197040e-03
4.055226	1.042737386e-04
4.060227	5.627569161e-05
4.065227	1.223209821e-03
4.070227	2.036163712e-03
4.075227	-1.052664578e-03
4.080228	-1.540638060e-03
4.085228	1.271204244e-03
4.090228	4.962467829e-04
4.095229	-2.820568777e-03
4.100229	-2.380594061e-03
4.105229	1.709176905e-03
4.110229	1.710176128e-03
4.115230	1.606181214e-03
4.120230	4.962424569e-04
4.125230	-9.946750310e-04
4.130231	8.892190815e-04
4.135231	-1.501648165e-03
4.140231	1.042614669e-04
4.145231	1.997155079e-03
4.150232	-6.126999412e-04
4.155232	-1.664641932e-03
4.160232	-3.837141548e-04
4.165233	-2.777207862e-04
4.170233	5.542320560e-04
4.175233	-7.376757218e-07
4.180233	-4.977106446e-04
4.185234	5.532299743e-04
4.190234	-4.407152497e-04
4.195234	1.883154309e-03
4.200234	5.532278421e-04
4.205235	-2.495602665e-03
4.210235	-1.328668519e-03
4.215235	-1.067374420e-04
4.220236	1.824154057e-03
4.225236	2.772397073e-04
4.230236	-1.147391169e-04
4.235236	1.987142839e-03
4.240237	-7.177068675e-04
4.245237	-1.769648847e-03
4.250237	-1.109686394e-03
4.255238	-1.051690335e-03
4.260238	6.592134498e-04
4.265238	1.988138560e-03
4.270238	3.332302436e-04
4.275239	-1.637427139e-04
4.280239	1.940139135e-03
4.285239	-9.377009080e-04
4.290239	-1.884648744e-03
4.295240	2.867085290e-03
4.300240	-7.747121034e-04
4.305240	-3.257378651e-04
4.310241	2.322113621e-03
4.315241	-3.040587701e-03
4.320241	-1.606668446e-03
4.325241	1.433161159e-03
4.330242	-3.827381620e-04
4.335242	5.723658224e-05
4.340242	1.595150034e-03
4.345243	5.523530784e-05
4.350243	-6.607254155e-04
4.355243	-4.977352061e-04
4.360243	-8.317172523e-04
4.365244	-1.997652854e-03
4.370244	9.361826740e-04
4.375244	2.437098196e-03
4.380245	6.681962569e-04
4.385245	-5.557361045e-04
4.390245	-2.207554922e-04
4.395245	3.822101604e-04
4.400246	-2.777536829e-04
4.405246	-2.926606495e-03
4.410246	-7.177304912e-04
4.415246	3.097055863e-03
4.420247	-7.718834636e-07
4.425247	-1.167707422e-03
4.430247	-2.266646755e-03
4.435248	6.111919064e-04
4.440248	2.150105315e-03
4.445248	5.622152632e-05
4.450248	3.342053279e-04
4.455249	-1.386699281e-03
4.460249	1.612136274e-04
4.465249	1.108160086e-03
4.470250	1.710125803e-03
4.475250	2.924057359e-03
4.480250	-4.397555315e-04
4.485250	-2.486641939e-03
4.490251	-1.434701339e-03
4.495251	8.891682563e-04
4.500251	-1.214714967e-03
4.505251	-1.329709221e-03
4.510252	9.931604319e-04
4.515252	7.161752229e-04
4.520252	2.647066759e-03
4.525253	-1.052727369e-03
4.530253	-4.407622020e-04
4.535253	2.045098355e-03
4.540253	-6.597513147e-04
4.545254	-3.757579045e-03
4.550254	-2.161668805e-03
4.555254	2.322080221e-03
4.560255	1.622001315e-04
4.565255	-7.914349012e-07
4.570255	1.547121487e-03
4.575255	-1.663699931e-03
4.580256	1.721969154e-04
4.585256	1.050147241e-03
4.590256	-1.435714647e-03
4.595257	7.161645614e-04
4.600257	6.011703200e-04
4.605257	3.921813266e-04
4.610257	-2.265670958e-03
4.615258	1.547115533e-03
4.620258	1.987090313e-03
4.625258	-7.993701975e-07
4.630258	-2.207877464e-04
4.635259	-3.269618201e-03
4.640259	4.961709167e-04
4.645259	3.268015522e-03
4.650260	1.386119925e-03
4.655260	-2.600658166e-03
4.660260	-1.109742050e-03
4.665260	-8.807554857e-04
4.670261	-1.377728394e-03
4.675261	1.538108177e-03
4.680261	1.711097869e-03
4.685262	2.771772680e-04
4.690262	-1.272736857e-03
4.695262	-2.103691117e-03
4.700262	-1.223740889e-03
4.705263	5.618701089e-05
4.710263	1.489106371e-03
4.715263	1.432108906e-03
4.720263	-1.628027026e-04
4.725264	4.971598098e-04
4.730264	-6.027794299e-04
4.735264	5.718308381e-05
4.740265	-8.143214358e-07
4.745265	-2.046700751e-03
4.750265	-5.547846798e-04
4.755265	1.881078696e-03
4.760266	1.432103120e-03
4.765266	-3.927956440e-04
4.770266	-2.208058845e-04
4.775267	-1.098757511e-03
4.780267	-4.977916978e-04
4.785267	1.432099928e-03
4.790267	1.157114643e-03
4.795268	-1.156756820e-03
4.800268	-5.567909485e-04
4.805268	1.270106430e-03
4.810269	-1.156758723e-03
4.815269	-1.988712912e-03
4.820269	-8.245194909e-07
4.825269	8.301284604e-04
4.830270	1.385096848e-03
4.835270	-1.148200492e-04
4.840270	-8.327805986e-04
4.845270	3.241541859e-04
4.850271	1.653079370e-03
4.855271	-6.027953232e-04
4.860271	-1.491746324e-03
4.865272	9.921143866e-04
4.870272	2.599024054e-03
4.875272	1.491085280e-03
4.880272	-4.417585490e-03
4.885273	-6.037990204e-04
4.890273	1.596077547e-03
4.895273	-1.825732051e-03
4.900274	1.156100865e-03
4.905274	-8.327887258e-04
4.910274	2.291513705e-04
4.915274	1.662070757e-03
4.920275	-4.418124118e-04
4.925275	3.241442098e-04
4.930275	-3.348196211e-04
4.935275	-2.778234202e-04
4.940276	-2.046725287e-03
4.945276	-1.058342539e-04
4.950276	-5.783754852e-05
4.955277	-1.728317434e-04
4.960277	2.102040647e-03
4.965277	-1.271771622e-03
4.970277	-9.947876969e-04
4.975278	2.542014248e-03
4.980278	1.611465497e-04
4.985278	-6.608081749e-04
4.990279	-5.784244546e-05
4.995279	-8.462364070e-07
5.000279	2.281403719e-04
5.005279	-1.271776502e-03
5.010280	2.150031867e-03
5.015280	3.037981690e-03
5.020280	-1.711753760e-03
5.025281	-1.883744763e-03
5.030281	-8.898008550e-04
5.035281	1.663056027e-03
5.040281	-6.598149007e-04
5.045282	-2.543710334e-03
5.050282	6.581103216e-04
5.055282	-1.052794767e-03
5.060282	7.731027009e-04
5.065283	1.490062077e-03
5.070283	1.109082746e-03
5.075283	-7.168159206e-04
5.080284	-2.984689913e-03
5.085284	1.041370550e-04
5.090284	3.251241222e-04
5.095284	-5.458278521e-04
5.100285	1.385063760e-03
5.105285	2.761250732e-04
5.110285	-4.978323138e-04
5.115286	2.150019276e-03
5.120286	-2.208489613e-04
5.125286	-8.908121517e-04
5.130286	-8.624241324e-07
5.135287	4.971091864e-04
5.140287	2.589991761e-03
5.145287	-2.036750538e-03
5.150288	-2.706713725e-03
5.155288	2.035020979e-03
5.160288	1.270063096e-03
5.165288	-2.428731003e-03
5.170289	-1.213799412e-03
5.175289	2.044018135e-03
5.180289	1.107069856e-03
5.185289	-2.208565946e-04
5.190290	1.653038212e-03
5.195290	-5.786685761e-05
5.200290	-2.380737763e-03
5.205291	-2.648723383e-03
5.210291	-4.978440365e-04
5.215291	4.195893355e-03
5.220291	-6.608360945e-04
5.225292	-1.214805746e-03
5.230292	1.328051721e-03
5.235292	-2.209751356e-03
5.240293	-5.548443173e-04
5.245293	3.364936285e-03
5.250293	6.100895012e-04
5.255293	-7.178369401e-04
5.260294	2.101106843e-04
5.265294	1.222053620e-03
5.270294	2.851053546e-04
5.275294	-1.663786418e-03
5.280295	-5.548488949e-04
5.285295	9.360673051e-04
5.290295	-1.386803588e-03
5.295296	-1.874776915e-03
5.300296	1.767019214e-03
5.305296	1.261046894e-03
5.310296	-2.657734904e-03
5.315297	-1.205816523e-03
5.320297	3.535918204e-03
5.325297	-1.728753150e-04
5.330298	-1.874780868e-03
5.335298	1.328039771e-03
5.340298	2.102995948e-03
5.345298	-2.208748820e-04
5.350299	-3.938657846e-04
5.355299	8.790625945e-04
5.360299	-1.058829790e-04
5.365300	-1.272818392e-03
5.370300	-7.748467486e-04
5.375300	-1.628814681e-04
5.380300	-1.663798234e-03
5.385301	-3.358729213e-04
5.390301	-3.838707960e-04
5.395301	-2.208804485e-04
5.400301	2.483968000e-03
5.405302	1.710965644e-04
5.410302	-3.918725589e-04
5.415302	8.210591781e-04
5.420303	9.450517062e-04
5.425303	3.340852645e-04
5.430303	-6.128624203e-04
5.435303	-8.328506871e-04
5.440304	2.760868590e-04
5.445304	-4.398737185e-04
5.450304	1.710916285e-04
5.455305	2.760852223e-04
5.460305	-8.318534708e-04
5.465305	-1.271829452e-03
5.470305	1.610900116e-04
5.475306	2.148978495e-03
5.480306	1.140915521e-04
5.485306	-7.748593625e-04
5.490306	2.190846104e-04
5.495307	-1.638945488e-04
5.500307	1.271024808e-03
5.505307	-9.938492923e-04
5.510308	6.580579524e-04
5.515308	1.766995509e-03
5.520308	-1.156841802e-03
5.525308	-2.266780374e-03
5.530309	-8.338609012e-04
5.535309	1.986981091e-03
5.540309	-1.099847118e-03
5.545310	-1.213841286e-03
5.550310	7.640477661e-04
5.555310	1.317016366e-03
5.560310	1.051030685e-03
5.565311	-7.078716525e-04
5.570311	-1.989800617e-03
5.575311	8.790387019e-04
5.580312	9.930318114e-04
5.585312	5.608359084e-05
5.590312	3.340675470e-04
5.595312	-1.940805982e-03
5.600313	-9.468619931e-04
5.605313	8.300382877e-04
5.610313	1.604994503e-03
5.615313	5.540526506e-04
5.620314	5.607992924e-05
5.625314	6.100484836e-04
5.630314	-1.491834697e-03
5.635315	-2.600773309e-03
5.640315	-9.378666596e-04
5.645315	1.767981768e-03
5.650315	1.871975446e-03
5.655316	-5.548895890e-04
5.660316	-7.178810050e-04
5.665316	-9.388691826e-04
5.670317	-4.398975514e-04
5.675317	1.328003242e-03
5.680317	2.206953662e-03
5.685317	-7.268830666e-04
5.690318	-1.663831272e-03
5.695318	1.604985735e-03
5.700318	-5.458947000e-04
5.705318	3.820529886e-04
5.710319	5.440434378e-04
5.715319	-2.151806572e-03
5.720319	1.130664841e-04
5.725320	2.043958186e-03
5.730320	1.710622364e-04
5.735320	5.540403525e-04
5.740320	6.010372257e-04
5.745321	1.269999378e-03
5.750321	6.120356075e-04
5.755321	-2.103813280e-03
5.760322	-5.559001932e-04
5.765322	1.327994138e-03
5.770322	-2.779167100e-04
5.775322	-2.209809359e-03
5.780323	-6.128990047e-04
5.785323	1.652974006e-03
5.790323	6.680284948e-04
5.795324	-2.199224300e-04
5.800324	2.190525698e-04
5.805324	1.610553140e-04
5.810324	-3.359174351e-04
5.815325	-1.157872041e-03
5.820325	8.890131994e-04
5.825325	1.155997804e-03
5.830325	-1.998826566e-03
5.835326	-4.989107885e-04
5.840326	1.489977693e-03
5.845326	-1.548853151e-03
5.850327	4.480348853e-04
5.855327	-8.808914129e-04
5.860327	-2.103823627e-03
5.865327	1.872953883e-03
5.870328	2.321928335e-03
5.875328	-6.029088679e-04
5.880328	-2.103825561e-03
5.885329	9.930010761e-04
5.890329	9.930005954e-04
5.895329	-8.328979531e-04
5.900329	-8.228989905e-04
5.905330	-3.919235284e-04
5.910330	2.598909030e-03
5.915330	1.164988602e-03
5.920330	-1.052888061e-03
5.925331	1.766954045e-03
5.930331	1.620431652e-04
5.935331	-3.536750822e-03
5.940332	-5.559177014e-04
5.945332	1.269979895e-03
5.950332	-1.385872313e-03
5.955332	-4.409255359e-04
5.960333	7.250089053e-04
5.965333	1.595959815e-03
5.970333	-5.549205802e-04
5.975334	-3.261769937e-03
5.980334	-5.559214593e-04
5.985334	2.264920600e-03
5.990334	1.710370261e-04
5.995335	-8.319074489e-04
6.000335	7.640029947e-04
6.005335	9.919898040e-04
6.010336	-9.948997397e-04
6.015336	1.050985586e-03
6.020336	1.546957437e-03
6.025336	-2.093839774e-03
6.030337	7.170028503e-04
6.035337	2.369910117e-03
6.040337	-1.100896581e-03
6.045337	-2.037844733e-03
6.050338	5.603791874e-05
6.055338	2.541898689e-03
6.060338	-9.949043225e-04
6.065339	-2.218836450e-03
6.070339	1.930931434e-03
6.075339	5.703559259e-05
6.080339	-8.339151215e-04
6.085340	1.986926953e-03
6.090340	-4.979347790e-04
6.095340	-2.779475094e-04
6.100341	5.540055978e-04
6.105341	-1.769865119e-03
6.110341	1.881930571e-03
6.115341	1.140288182e-04
6.120342	-2.275838212e-03
6.125342	2.190220664e-04
6.130342	2.044919691e-03
6.135342	2.760179972e-04
6.140343	-4.360723597e-03
6.145343	-1.434887375e-03
6.150343	2.704881080e-03
6.155344	1.620225956e-04
6.160344	-8.899191188e-04
6.165344	-4.979414398e-04
6.170344	-9.949141340e-04
6.175345	1.431949948e-03
6.180345	9.929740179e-04
6.185345	-3.349522856e-04
6.190346	1.164963546e-03
6.195346	2.760127382e-04
6.200346	7.159877432e-04
6.205346	-6.029390597e-04
6.210347	-1.711877584e-03
6.215347	1.375949606e-03
6.220347	1.260955595e-03
6.225348	-4.989465871e-04
6.230348	8.879755589e-04
6.235348	-1.051916574e-03
6.240348	-3.359569694e-04
6.245349	1.140174844e-04
6.250349	-1.873871966e-03
6.255349	-4.979492024e-04
6.260349	-3.359586695e-04
6.265350	2.321892532e-03
6.270350	1.710926217e-03
6.275350	-1.387901211e-03
6.280351	-7.189389772e-04
6.285351	-1.491896246e-03
6.290351	-1.768881203e-03
6.295351	1.269948735e-03
6.300352	1.326945135e-03
6.305352	4.959911069e-04
6.310352	3.909965522e-04
6.315353	-9.819806799e-07
6.320353	-8.889328250e-04
6.325353	4.389926294e-04
6.330353	9.919613468e-04
6.335354	-1.271912684e-03
6.340354	2.770004363e-04
6.345354	1.049956875e-03
6.350354	-6.129507021e-04
6.355355	-9.949297869e-04
6.360355	-1.099924334e-03
6.365355	-1.051927421e-03
6.370356	-3.929646141e-04
6.375356	1.546926685e-03
6.380356	8.879630668e-04
6.385356	1.882907119e-03
6.390357	1.823910010e-03
6.395357	-1.329914330e-03
6.400357	1.050051636e-04
6.405358	5.600749780e-05
6.410358	-2.209774397e-04
6.415358	-2.779746573e-04
6.420358	4.959817376e-04
6.425359	9.359567779e-04
6.430359	-3.839699338e-04
6.435359	8.309618459e-04
6.440360	6.019742337e-04
6.445360	-8.899428742e-04
6.450360	-4.409683324e-04
6.455360	-1.540907321e-03
6.460361	-4.499686154e-04
6.465361	-6.119599637e-04
6.470361	-1.157929876e-03
6.475361	1.929897355e-03
6.480362	1.213936935e-03
6.485362	-2.208872374e-03
6.490362	-1.435915912e-03
6.495363	8.869540262e-04
6.500363	1.433923105e-03
6.505363	-2.869812096e-04
6.510363	-1.435917454e-03
6.515364	2.493862781e-03
6.520364	3.339829740e-04
6.525364	-3.212819406e-03
6.530365	-8.329526445e-04
6.535365	1.881895418e-03
6.540365	1.824898220e-03
6.545365	2.759843098e-04
6.550366	5.539684133e-04
6.555366	-1.639918835e-04
6.560366	-1.884896190e-03
6.565366	-2.102884396e-03
6.570367	-3.259839670e-04
6.575367	7.729543103e-04
6.580367	-6.119687490e-04
6.585368	-4.979754851e-04
6.590368	-1.607913894e-03
6.595368	-1.329929783e-03
6.600368	1.767896909e-03
6.605369	2.158874714e-03
6.610369	2.541852965e-03
6.615369	-5.800226429e-05
6.620370	-1.157941227e-03
6.625370	-1.006178854e-06
6.630370	-5.549756185e-04
6.635370	-3.349882637e-04
6.640371	-5.900403417e-05
6.645371	-1.549921166e-03
6.650371	9.359396980e-04
6.655372	1.384914273e-03
6.660372	-5.900548023e-05
6.665372	1.619818236e-04
6.670372	5.549595267e-04
6.675373	1.269919256e-03
6.680373	-1.010151068e-06
6.685373	-2.789949887e-04
6.690373	-1.100949458e-03
6.695374	-7.749680110e-04
6.700374	-1.160051517e-04
6.705374	1.164922987e-03
6.710375	-3.349936319e-04
6.715375	-3.489817864e-03
6.720375	1.661894189e-03
6.725375	4.367742784e-03
6.730376	-2.046899465e-03
6.735376	-9.949585382e-04
6.740376	1.374908816e-03
6.745377	3.239671383e-04
6.750377	-1.156950535e-03
6.755377	-6.039817493e-04
6.760377	9.449314379e-04
6.765378	-2.200038725e-04
6.770378	-2.870004749e-04
6.775378	2.179709932e-04
6.780378	1.719886807e-03
6.785379	-2.820860044e-03
6.790379	-2.820860383e-03
6.795379	4.702719272e-03
6.800380	1.383904208e-03
6.805380	-6.699814696e-04
6.810380	-1.548932738e-03
6.815380	-1.157954900e-03
6.820381	1.594891087e-03
6.825381	-1.214952386e-03
6.830381	-1.630114433e-04
6.835382	1.619700826e-04
6.840382	-6.129869862e-04
6.845382	3.329598756e-04
6.850382	1.384900821e-03
6.855383	-7.749789314e-04
6.860383	-1.711926954e-03
6.865383	1.374900396e-03
6.870384	8.209309953e-04
6.875384	-1.042965277e-03
6.880384	4.379517253e-04
6.885384	-2.300113092e-04
6.890385	4.489504646e-04
6.895385	2.215851505e-03
6.900385	-1.329950871e-03
6.905385	-5.702225314e-05
6.910386	3.339556007e-04
6.915386	-1.026017629e-06
6.920386	-1.026335619e-06
6.925387	1.431893354e-03
6.930387	2.759575681e-04
6.935387	-3.756817616e-03
6.940387	-2.780121366e-04
6.945388	7.149321180e-04
6.950388	-7.179882018e-04
6.955388	-1.549942070e-03
6.960389	1.039652887e-04
6.965389	2.484832065e-03
6.970389	8.879209037e-04
6.975389	-5.902654159e-05
6.980390	7.159298880e-04
6.985390	-1.630213515e-04
6.990390	-2.763876464e-03
6.995390	-1.031006833e-06
7.000391	5.596550647e-05
7.005391	-1.271960666e-03
7.010391	6.599311826e-04
7.015392	-1.032221193e-06
7.020392	1.823865602e-03
7.025392	2.761812940e-03
7.030392	-2.217909365e-03
7.035393	-1.654941092e-03
7.040393	-4.420091030e-04
7.045393	-1.386956648e-03
7.050394	2.818808267e-03
7.055394	2.043851233e-03
7.060394	-9.369826555e-04
7.065394	-4.410106375e-04
7.070395	5.429341402e-04
7.075395	-9.369835353e-04
7.080395	-1.098974784e-03
7.085396	1.609545895e-04
7.090396	-3.930147750e-04
7.095396	-1.606947296e-03
7.100396	3.329441207e-04
7.105397	8.309160337e-04
7.110397	4.479371270e-04
7.115397	-1.434958045e-03
7.120397	2.669466601e-04
7.125398	3.038791637e-03
7.130398	-1.051980278e-03
7.135398	-1.940930934e-03
7.140399	2.279477056e-04
7.145399	2.990793188e-03
7.150399	-3.930181896e-04
7.155399	-2.600895213e-03
7.160400	5.539283893e-04
7.165400	6.009254882e-04
7.170400	1.154894286e-03
7.175401	7.249180137e-04
7.180401	-1.376964923e-03
7.185401	2.659430870e-04
7.190401	1.609486750e-04
7.195402	-6.600057674e-04
7.200402	2.189448932e-04
7.205402	1.604867253e-03
7.210403	6.109224701e-04
7.215403	-7.180036113e-04
7.220403	6.099219884e-04
7.225403	-3.930222893e-04
7.230404	-9.949889510e-04
7.235404	1.385877870e-03
7.240404	7.639123269e-04
7.245404	-1.607955527e-03
7.250405	-8.799964288e-04
7.255405	1.327880053e-03
7.260405	7.149140106e-04
7.265406	-9.479934178e-04
7.270406	3.909315763e-04
7.275406	-3.830254764e-04
7.280406	-1.385969745e-03
7.285407	-1.271976366e-03
7.290407	1.383875113e-03
7.295407	3.200773428e-03
7.300408	-1.777948887e-03
7.305408	-3.307863733e-03
7.310408	-1.712953023e-03
7.315408	-1.778949591e-03
7.320409	2.598805767e-03
7.325409	3.095777773e-03
7.330409	-3.920277690e-04
7.335409	-3.830285205e-04
7.340410	-1.654957763e-03
7.345410	9.348974101e-04
7.350410	2.540807513e-03
7.355411	-3.830295084e-04
7.360411	1.619398236e-04
7.365411	4.389241169e-04
7.370411	-1.653959290e-03
7.375412	2.206824938e-03
7.380412	7.149079829e-04
7.385412	-2.983885771e-03
7.390413	7.729042647e-04
7.395413	4.959194885e-04
7.400413	-6.030194009e-04
7.405413	-7.170132745e-04
7.410414	3.819251404e-04
7.415414	-1.730441139e-04
7.420414	8.209001641e-04
7.425415	-3.840328040e-04
7.430415	-2.151934343e-03
7.435415	-9.380023438e-04
7.440415	2.264818626e-03
7.445416	2.598799751e-03
7.450416	-2.983888823e-03
7.455416	-5.805238791e-05
7.460416	1.661851370e-03
7.465417	-7.270154980e-04
7.470417	-7.840125425e-04
7.475417	-4.980287331e-04
7.480418	6.679059535e-04
7.485418	9.918876433e-04
7.490418	2.483804134e-03
7.495418	-3.250392838e-04
7.500419	-2.600912454e-03
7.505419	9.358898826e-04
7.510419	6.109078053e-04
7.515420	-2.208934995e-03
7.520420	-1.109996561e-03
7.525420	1.546854902e-03
7.530420	6.679037537e-04
7.535421	-1.160526970e-04
7.540421	4.959129253e-04
7.545421	1.604850805e-03
7.550421	-3.930378752e-04
7.555422	-1.768961276e-03
7.560422	1.270868814e-03
7.565422	-1.160539712e-04
7.570423	-8.240146584e-04
7.575423	5.593600942e-05
7.580423	-9.950055291e-04
7.585423	-6.120271159e-04
7.590424	-1.224993103e-03
7.595424	4.959106219e-04
7.600424	1.605848455e-03
7.605425	-7.660193382e-04
7.610425	5.593457334e-05
7.615425	3.095764672e-03
7.620425	-2.300498642e-04
7.625426	-1.444982240e-03
7.630426	1.278865501e-03
7.635426	-1.213995533e-03
7.640427	6.019028966e-04
7.645427	6.099022534e-04
7.650427	3.909142826e-04
7.655427	2.669210096e-04
7.660428	-2.600919086e-03
7.665428	6.109014194e-04
7.670428	1.211867678e-03
7.675428	-1.053006076e-03
7.680429	-3.350463474e-04
7.685429	-1.654972852e-03
7.690429	-5.806218900e-05
7.695430	5.449039620e-04
7.700430	-1.491982515e-03
7.705430	-2.210536518e-04
7.710430	-2.210538374e-04
7.715431	1.139272774e-04
7.720431	8.878838871e-04
7.725431	6.578965432e-04
7.730432	-5.560358708e-04
7.735432	1.164867878e-03
7.740432	8.308863419e-04
7.745432	7.738893442e-04
7.750433	-1.640584733e-04
7.755433	-5.080394483e-04
7.760433	1.317858443e-03
7.765433	-1.816966730e-03
7.770434	-4.400437729e-04
7.775434	1.269860597e-03
7.780434	3.229132866e-04
7.785435	1.881826087e-03
7.790435	3.909091460e-04
7.795435	2.669158969e-04
7.800435	-1.653977039e-03
7.805436	-1.548983069e-03
7.810436	2.981763831e-03
7.815436	-1.712974251e-03
7.820437	-1.932962137e-03
7.825437	1.049871180e-03
7.830437	1.213861860e-03
7.835437	4.959017758e-04
7.840438	-1.884965475e-03
7.845438	-1.385993493e-03
7.850438	3.819076520e-04
7.855439	-7.180311043e-04
7.860439	5.528977856e-04
7.865439	1.384851182e-03
7.870439	-3.260534639e-04
7.875440	8.788791129e-04
7.880440	-9.950164327e-04
7.885440	-1.597982928e-03
7.890440	2.369795415e-03
7.895441	1.609185723e-04
7.900441	-6.130383743e-04
7.905441	-8.800236220e-04
7.910442	-8.810237176e-04
7.915442	2.206803753e-03
7.920442	-1.376996330e-03
7.925442	-9.470204823e-04
7.930443	1.432846513e-03
7.935443	1.546840002e-03
7.940443	1.709830757e-03
7.945444	-1.654981547e-03
7.950444	-4.410494595e-04
7.955444	2.379792922e-03
7.960444	-1.711978796e-03
7.965445	-3.097901568e-03
7.970445	-7.270340637e-04
7.975445	1.269854319e-03
7.980445	6.098910223e-04
7.985446	-8.900253828e-04
7.990446	-1.150687827e-04
7.995446	-1.630662400e-04
8.000447	-5.460449959e-04
8.005447	9.918690144e-04
8.010447	2.759088489e-04
8.015447	-1.329001690e-03
8.020448	1.154859515e-03
8.025448	1.546837501e-03
8.030448	-4.980484728e-04
8.035449	-2.543934390e-03
8.040449	-1.076475408e-06
8.045449	2.818765978e-03
8.050449	-9.940212994e-04
8.055450	-1.214009145e-03
8.060450	2.598777879e-03
8.065450	5.528919668e-04
8.070451	-3.930553492e-04
8.075451	-7.750341481e-04
8.080451	-1.158012890e-03
8.085451	8.298760138e-04
8.090452	2.426786745e-03
8.095452	1.710826594e-03
8.100452	-1.272007006e-03
8.105452	-1.502994229e-03
8.110453	-4.990503919e-04
8.115453	8.888720107e-04
8.120453	2.189092964e-04
8.125454	1.107859556e-03
8.130454	-1.060727893e-04
8.135454	-2.381945850e-03
8.140454	1.490837838e-03
8.145455	-1.052020317e-03
8.150455	-2.266952603e-03
8.155455	2.933756956e-03
8.160456	-4.980515700e-04
8.165456	-2.935915583e-03
8.170456	1.326846340e-03
8.175456	1.326846235e-03
8.180457	-1.605990144e-03
8.185457	-2.200676173e-04
8.190457	5.528891289e-04
8.195457	8.788708286e-04
8.200458	1.049861182e-03
8.205458	-1.378003383e-03
8.210458	-2.657932030e-03
8.215459	4.958918079e-04
8.220459	1.489836223e-03
8.225459	4.378948506e-04
8.230459	1.050860535e-03
8.235460	-1.052022166e-03
8.240460	-8.810318060e-04
8.245460	2.541777021e-03
8.250461	6.008852789e-04
8.255461	-2.046966996e-03
8.260461	-8.890317289e-04
8.265461	2.279058274e-04
8.270462	2.158797945e-03
8.275462	2.254792498e-03
8.280462	3.338996449e-04
8.285463	-8.220359113e-04
8.290463	-1.941973476e-03
8.295463	-3.930600300e-04
8.300463	6.108838403e-04
8.305464	-1.640729807e-04
8.310464	1.432837789e-03
8.315464	1.489834525e-03
8.320464	-2.543940368e-03
8.325465	-1.157017874e-03
8.330465	3.328988723e-04
8.335465	-3.930606789e-04
8.340466	2.761763125e-03
8.345466	8.298708969e-04
8.350466	-1.874978179e-03
8.355466	-2.208959609e-03
8.360467	2.099052829e-04
8.365467	1.609079453e-04
8.370467	-1.491999853e-03
8.375468	7.738735830e-04
8.380468	-4.410586632e-04
8.385468	1.327842518e-03
8.390468	6.678792919e-04
8.395469	-1.330009243e-03
8.400469	2.189042216e-04
8.405469	-2.790680449e-04
8.410469	2.206793116e-03
8.415470	-2.200714677e-04
8.420470	-2.266957263e-03
8.425470	4.958884377e-04
8.430471	9.358638143e-04
8.435471	2.158795483e-03
8.440471	9.458631354e-04
8.445471	-1.998972527e-03
8.450472	-2.438948023e-03
8.455472	-2.210718945e-04
8.460472	4.958880246e-04
8.465473	1.490832426e-03
8.470473	1.882810489e-03
8.475473	-2.780689331e-04
8.480473	-8.340379489e-04
8.485474	-2.790689823e-04
8.490474	9.368630866e-04
8.495474	-1.654992272e-03
8.500475	5.591216619e-05
8.505475	-1.084700561e-06
8.510475	-2.323955073e-03
8.515475	7.158751802e-04
8.520476	4.958874151e-04
8.525476	7.168750333e-04
8.530476	8.878654434e-04
8.535476	-1.931977181e-03
8.540477	1.050856258e-03
8.545477	2.645767180e-03
8.550477	-1.216017275e-03
8.555478	9.458619973e-04
8.560478	-2.880691571e-04
8.565478	-1.998973683e-03
8.570478	3.908928640e-04
8.575479	8.308682658e-04
8.580479	9.938591311e-04
8.585479	-2.210730795e-04
8.590480	-1.053026669e-03
8.595480	1.049855903e-03
8.600480	-4.908277997e-05
8.605480	-6.600487038e-04
8.610481	1.213846655e-03
8.615481	-1.111023588e-03
8.620481	-2.209962268e-03
8.625481	-1.630765639e-04
8.630482	1.489831135e-03
8.635482	7.738710777e-04
8.640482	-1.109023834e-03
8.645483	2.189020096e-04
8.650483	2.923750987e-03
8.655483	-3.815872794e-03
8.660483	-3.097912896e-03
8.665484	3.086741823e-03
8.670484	1.050855457e-03
8.675484	-1.070799200e-04
8.680485	8.868645744e-04
8.685485	-8.320394845e-04
8.690485	7.738708484e-04
8.695485	2.279013118e-04
8.700486	-1.884980751e-03
8.705486	9.928585791e-04
8.710486	-5.460555235e-04
8.715487	-1.720989945e-03
8.720487	2.089023072e-04
8.725487	9.928585322e-04
8.730487	-3.250679037e-04
8.735488	6.108798380e-04
8.740488	-2.790704880e-04
8.745488	4.958862428e-04
8.750488	6.008803754e-04
8.755489	-7.180460002e-04
8.760489	-3.830647050e-04
8.765489	1.547827499e-03
8.770490	-4.980582916e-04
8.775490	-1.999974448e-03
8.780490	2.264787469e-03
8.785490	4.488888421e-04
8.790491	-2.485947319e-03
8.795491	-1.711990523e-03
8.800491	1.609049242e-04
8.805492	1.489830740e-03
8.810492	2.656765600e-03
8.815492	3.248957823e-04
8.820492	-2.046971801e-03
8.825493	-4.990582071e-04
8.830493	1.374837190e-03
8.835493	-3.830646660e-04
8.840493	-1.988975006e-03
8.845494	-1.435005921e-03
8.850494	1.986803067e-03
8.855494	2.540772153e-03
8.860495	-2.045971777e-03
8.865495	-9.470331119e-04
8.870495	3.267731612e-03
8.875495	7.738708484e-04
8.880496	-3.317900710e-03
8.885496	-1.378008988e-03
8.890496	1.212846395e-03
8.895497	1.929806389e-03
8.900497	1.609051587e-04
8.905497	-2.780703145e-04
8.910497	1.107852338e-03
8.915498	5.591108514e-05
8.920498	-1.330011522e-03
8.925498	5.538833334e-04
8.930499	-8.800365923e-04
8.935499	8.298679777e-04
8.940499	5.528834674e-04
8.945499	-3.040915880e-03
8.950500	3.238963071e-04
8.955500	9.358621734e-04
8.960500	-3.830641666e-04
8.965500	-4.980577158e-04
8.970501	3.238964305e-04
8.975501	6.008810007e-04
8.980501	2.159794008e-03
8.985502	3.338959738e-04
8.990502	-1.827983303e-03
8.995502	5.691150867e-05
9.000502	5.538838023e-04
9.005503	-8.340386782e-04
9.010503	1.652822531e-03
9.015503	-2.200728740e-04
9.020504	5.591175986e-05
9.025504	1.432834934e-03
9.030504	-6.600481872e-04
9.035504	-2.266958437e-03
9.040505	-2.543942930e-03
9.045505	1.049856490e-03
9.050505	5.428848375e-04
9.055505	1.050856527e-03
9.060506	-2.680697960e-04
9.065506	-2.208961396e-03
9.070506	-3.360659020e-04
9.075507	7.638727439e-04
9.080507	1.049095820e-04
9.085507	-1.070785316e-04
9.090507	-4.908171637e-05
9.095508	-1.768985648e-03
9.100508	-3.360655869e-04
9.105508	1.872811157e-03
9.110509	5.538848433e-04
9.115509	1.050857157e-03
9.120509	-8.810349363e-04
9.125509	5.528850736e-04
9.130510	2.751762380e-03
9.135510	-3.270656822e-04
9.140510	-2.045969662e-03
9.145511	1.619071449e-04
9.150511	5.528853817e-04
9.155511	8.308699273e-04
9.160511	-1.596994471e-03
9.165512	-1.941975146e-03
9.170512	2.761762332e-03
9.175512	3.338979366e-04
9.180512	-1.884978125e-03
9.185513	-7.180432004e-04
9.190513	-7.750399483e-04
9.195513	-9.950275962e-04
9.200514	3.095744107e-03
9.205514	1.766818368e-03
9.210514	-8.320364766e-04
9.215514	-1.052024121e-03
9.220515	-1.826980783e-03
9.225515	-9.950271511e-04
9.230515	5.528865133e-04
9.235516	1.049858848e-03
9.240516	9.938620527e-04
9.245516	1.929809883e-03
9.250516	-7.670394838e-04
9.255517	-8.330357180e-04
9.260517	8.218719786e-04
9.265517	3.918960654e-04
9.270518	-1.053023187e-03
9.275518	-1.932973979e-03
9.280518	9.358659531e-04
9.285518	8.208724594e-04
9.290519	-1.654989237e-03
9.295519	4.958907777e-04
9.300519	1.049859942e-03
9.305519	-6.120471917e-04
9.310520	-3.350625634e-04
9.315520	1.719822814e-03
9.320520	-6.030474183e-04
9.325521	-1.664988041e-03
9.330521	1.652826835e-03
9.335521	1.719823190e-03
9.340521	-5.807746161e-05
9.345522	-1.884975377e-03
9.350522	-6.620435499e-04
9.355522	7.158796259e-04
9.360523	-7.170402811e-04
9.365523	-1.548993736e-03
9.370523	6.098858448e-04
9.375523	8.878704285e-04
9.380524	-1.079842377e-06
9.385524	6.578834748e-04
9.390524	-1.940971338e-03
9.395524	-1.160731082e-04
9.400525	3.200741836e-03
9.405525	-3.250612272e-04
9.410525	-1.596990113e-03
9.415526	1.489837673e-03
9.420526	-6.610421433e-04
9.425526	-1.931971082e-03
9.430526	1.260850789e-03
9.435527	-8.900290246e-04
9.440527	1.139150433e-04
9.445527	2.321791902e-03
9.450528	-5.907506980e-05
9.455528	-1.273007185e-03
9.460528	-1.272007124e-03
9.465528	-7.750347502e-04
9.470529	9.448693543e-04
9.475529	2.321792607e-03
9.480529	1.155857816e-03
9.485530	-1.272006527e-03
9.490530	-4.500522903e-04
9.495530	1.374845957e-03
9.500530	-1.378000240e-03
9.505531	-3.422885959e-03
9.510531	1.139167231e-04
9.515531	1.212855501e-03
9.520531	2.981756879e-03
9.525532	3.315738362e-03
9.530532	-2.161955714e-03
9.535532	-4.254838749e-03
9.540533	-1.060702244e-04
9.545533	4.195689760e-03
9.550533	1.594835086e-03
9.555533	-1.548989275e-03
9.560534	-8.800264864e-04
9.565534	-7.670326592e-04
9.570534	1.212856949e-03
9.575535	-1.730655450e-04
9.580535	-9.950195214e-04
9.585535	-1.272003920e-03
9.590535	-2.210624500e-04
9.595536	1.489842178e-03
9.600536	-1.215006681e-03
9.605536	-8.320279194e-04
9.610536	1.767827086e-03
9.615537	-4.907134180e-05
9.620537	-7.280332940e-04
9.625537	3.085753945e-03
9.630538	-6.040399243e-04
9.635538	-4.400489321e-04
9.640538	3.909048275e-04
9.645538	-1.052014472e-03
9.650539	1.757828817e-03
9.655539	-1.597983693e-03
9.660539	-4.807006615e-05
9.665540	8.778783947e-04
9.670540	-1.664979496e-03
9.675540	9.938722263e-04
9.680540	1.385850499e-03
9.685541	2.179158549e-04
9.690541	-3.480877502e-03
9.695541	-1.215003838e-03
9.700542	8.208826662e-04
9.705542	5.592552930e-05
9.710542	5.592568924e-05
9.715542	1.767830282e-03
9.720543	4.959014499e-04
9.725543	-2.046956432e-03
9.730543	7.158894949e-04
9.735543	2.923766404e-03
9.740544	-2.210578703e-04
9.745544	-2.428934449e-03
9.750544	-6.600330316e-04
9.755545	6.678930041e-04
9.760545	6.008969127e-04
9.765545	-8.900196870e-04
9.770545	1.139244377e-04
9.775546	3.339123279e-04
9.780546	9.928757129e-04
9.785546	3.249131750e-04
9.790547	6.108973835e-04
9.795547	7.248911942e-04
9.800547	-6.130339403e-04
9.805547	-2.218944114e-03
9.810548	-1.769969001e-03
9.815548	8.298860394e-04
9.820548	3.909107241e-04
9.825548	1.039269247e-04
9.830549	1.757834775e-03
9.835549	-8.220210221e-04
9.840549	2.289204909e-04
9.845550	1.609244699e-04
9.850550	-1.989955273e-03
9.855550	3.339151812e-04
9.860550	1.375857200e-03
9.865551	-1.160593267e-04
9.870551	1.327860253e-03
9.875551	2.541792673e-03
9.880552	-2.706914127e-03
9.885552	1.139285884e-04
9.890552	8.788860751e-04
9.895552	-2.219940740e-03
9.900553	-4.410398556e-04
9.905553	1.442855169e-03
9.910553	-1.988953055e-03
9.915554	-9.470110272e-04
9.920554	2.866776263e-03
9.925554	-1.101002038e-03
9.930554	-1.640541461e-04
9.935555	1.384859584e-03
9.940555	-8.330164034e-04
9.945555	-1.223994377e-03
9.950555	2.216813740e-03
9.955556	1.165872611e-03
9.960556	-1.998950509e-03
9.965556	1.609291181e-04
9.970557	-1.156997104e-03
9.975557	1.384861201e-03
9.980557	4.309698127e-03
9.985557	-9.950055291e-04
9.990558	-2.380927952e-03
9.995558	-5.805741829e-05
10.000558	5.529086837e-04
10.005559	-2.790446619e-04
10.010559	-1.491976738e-03
10.015559	-3.350411128e-04
10.020559	1.432860406e-03
10.025560	-8.810102075e-04
10.030560	4.959131398e-04
10.035560	1.872836488e-03
10.040560	1.139348954e-04
10.045561	-1.157993882e-03
10.050561	-2.104940800e-03
10.055561	-2.780425687e-04
10.060562	6.119079691e-04
10.065562	-7.760143292e-04
10.070562	2.043828473e-03
10.075562	1.156878210e-03
10.080563	-2.486918151e-03
10.085563	2.597798217e-03
10.090563	2.981777005e-03
10.095564	-1.606966601e-03
10.100564	-1.721959955e-03
10.105564	-2.370923499e-03
10.110564	-1.262985122e-03
10.115565	1.871840104e-03
10.120565	-1.720959097e-03
10.125565	-1.988943906e-03
10.130566	3.267762868e-03
10.135566	1.986834608e-03
10.140566	4.694313656e-05
10.145566	-1.816952577e-03
10.150567	-2.046939503e-03
10.155567	1.929838728e-03
10.160567	9.448939489e-04
10.165567	-1.053005946e-06
10.170568	-9.469999600e-04
10.175568	-5.550216033e-04
10.180568	4.479226468e-04
10.185569	-6.140178293e-04
10.190569	6.589113504e-04
10.195569	7.269077969e-04
10.200569	1.039428173e-04
10.205570	7.729057162e-04
10.210570	-5.550199069e-04
10.215570	-1.607960880e-03
10.220571	8.879000338e-04
10.225571	1.825847920e-03
10.230571	-2.151929771e-03
10.235571	-1.827947608e-03
10.240572	9.928951670e-04
10.245572	-9.939936634e-04
10.250572	-5.550179178e-04
10.255572	1.211883697e-03
10.260573	-1.730387362e-04
10.265573	9.938963733e-04
10.270573	1.709425699e-04
10.275574	-1.215979749e-03
10.280574	1.986841709e-03
10.285574	-1.385969745e-03
10.290574	-1.272975795e-03
10.295575	2.598808321e-03
10.300575	-1.099984933e-03
10.305575	1.546867566e-03
10.310576	8.789051174e-04
10.315576	-4.253808084e-03
10.320576	1.269883817e-03
10.325576	2.043840874e-03
10.330577	1.039494345e-04
10.335577	3.329369171e-04
10.340577	-5.450138044e-04
10.345578	-3.930220219e-04
10.350578	-1.005987534e-03
10.355578	-3.930214844e-04
10.360578	-1.490959922e-03
10.365579	-6.030092209e-04
10.370579	1.880852388e-03
10.375579	4.959299746e-04
10.380579	-5.550110829e-04
10.385580	4.959305220e-04
10.390580	3.909366584e-04
10.395580	-1.385963870e-03
10.400581	-3.360222064e-04
10.405581	1.719863301e-03
10.410581	2.761805412e-03
10.415581	1.546873515e-03
10.420582	-1.930932055e-03
10.425582	-2.161918879e-03
10.430582	8.779117028e-04
10.435583	1.605871347e-03
10.440583	-2.983872146e-03
10.445583	-1.740287223e-04
10.450583	3.096788968e-03
10.455584	-1.988926834e-03
10.460584	-1.492954235e-03
10.465584	-1.640281357e-04
10.470584	9.359107481e-04
10.475585	-1.156972127e-03
10.480585	-3.260854387e-03
10.485585	4.959361798e-04
10.490586	2.091847379e-03
10.495586	8.779154397e-04
10.500586	-2.110234766e-04
10.505586	3.339463944e-04
10.510587	8.219194480e-04
10.515587	-1.640252155e-04
10.520587	-1.989922987e-03
10.525588	-5.803053870e-05
10.530588	1.709569762e-04
10.535588	6.009332717e-04
10.540588	2.866807078e-03
10.545589	-4.902984325e-05
10.550589	7.159277542e-04
10.555589	1.098906677e-03
10.560590	-1.768932922e-03
10.565590	-1.272960306e-03
10.570590	-1.215963183e-03
10.575590	1.490886012e-03
10.580591	2.189573244e-04
10.585591	-3.814817181e-03
10.590591	1.108908258e-03
10.595591	3.257788605e-03
10.600592	-6.139949415e-04
10.605592	-4.970011621e-04
10.610592	1.882866292e-03
10.615593	-1.100966822e-03
10.620593	-1.386950544e-03
10.625593	7.159323761e-04
10.630593	-6.139930656e-04
10.635594	6.099389235e-04
10.640594	4.489482272e-04
10.645594	2.199613277e-04
10.650595	-2.210137367e-04
10.655595	-2.600880561e-03
10.660595	-1.025379187e-06
10.665595	1.154910411e-03
10.670596	1.212907494e-03
10.675596	2.279628013e-04
10.680596	-3.930022101e-04
10.685596	1.098914827e-03
10.690597	-1.873918889e-03
10.695597	-3.350044742e-04
10.700597	1.317903578e-03
10.705598	-5.569914285e-04
10.710598	1.938869567e-03
10.715598	-4.399973032e-04
10.720598	-3.976799530e-03
10.725599	-2.266894656e-03
10.730599	8.779301139e-04
10.735599	2.207856202e-03
10.740600	-1.630111105e-04
10.745600	-4.979920765e-04
10.750600	-2.780040231e-04
10.755600	1.881875736e-03
10.760601	9.919257538e-04
10.765601	-1.597929330e-03
10.770601	4.389572979e-04
10.775602	4.959544545e-04
10.780602	8.309360932e-04
10.785602	-2.300043393e-04
10.790602	-9.949612944e-04
10.795603	9.359312545e-04
10.800603	1.129775387e-04
10.805603	-1.100954350e-03
10.810603	-5.549844846e-04
10.815604	1.270913929e-03
10.820604	9.939297374e-04
10.825604	-6.709769720e-04
10.830605	3.229678881e-04
10.835605	5.549552855e-04
10.840605	-1.013328373e-06
10.845605	-9.959574354e-04
10.850606	-8.229667421e-04
10.855606	1.221919453e-03
10.860606	2.669731153e-04
10.865607	-5.549806458e-04
10.870607	-2.119994390e-04
10.875607	-8.329644187e-04
10.880607	6.019558318e-04
10.885608	-1.051951482e-03
10.890608	-1.711914282e-03
10.895608	2.207867253e-03
10.900608	-1.329934890e-03
10.905609	-6.619718194e-04
10.910609	2.263865205e-03
10.915609	4.959642598e-04
10.920610	-8.799585668e-04
10.925610	-1.629982287e-04
10.930610	-2.299941250e-04
10.935610	5.529625305e-04
10.940611	2.540851921e-03
10.945611	-5.700268686e-05
10.950611	-9.939500147e-04
10.955612	-3.369863223e-04
10.960612	-3.700798168e-03
10.965612	6.119614399e-04
10.970612	1.824894097e-03
10.975613	-8.909539185e-04
10.980613	2.646848954e-03
10.985613	-2.543860900e-03
10.990614	-2.648854666e-03
10.995614	3.975775886e-03
11.000614	1.374921454e-03
11.005614	-1.491918128e-03
11.010615	-4.979732389e-04
11.015615	6.689619937e-04
11.020615	2.759843098e-04
11.025615	-1.159934290e-04
11.030616	-8.319530807e-04
11.035616	-1.377922221e-03
11.040616	1.106939441e-03
11.045617	8.209557886e-04
11.050617	-3.259798005e-04
11.055617	-1.262927111e-03
11.060617	-2.869812096e-04
11.065618	3.239850681e-04
11.070618	1.546917183e-03
11.075618	4.959762394e-04
11.080619	-7.659529253e-04
11.085619	1.432924710e-03
11.090619	-4.979671082e-04
11.095619	-1.052935737e-03
11.100620	1.619968298e-04
11.105620	-1.318920106e-03
11.110620	4.600408908e-05
11.115620	-9.928941530e-07
11.120621	-4.798987659e-05
11.125621	1.106946043e-03
11.130621	-4.499666458e-04
11.135622	4.959809426e-04
11.140622	7.819653745e-04
11.145622	1.757911290e-03
11.150622	-2.299773368e-04
11.155623	-1.262919273e-03
11.160623	-3.259711781e-04
11.165623	-1.720892905e-03
11.170624	9.359591771e-04
11.175624	1.384934516e-03
11.180624	-2.380854854e-03
11.185624	-1.157922721e-03
11.190625	8.299667095e-04
11.195625	3.819921237e-04
11.200625	-4.399615838e-04
11.205626	1.374937506e-03
11.210626	6.579779389e-04
11.215626	-2.428849329e-03
11.220626	8.309691003e-04
11.225627	3.096843018e-03
11.230627	6.589795235e-04
11.235627	-1.827881234e-03
11.240627	6.099830838e-04
11.245628	1.050958880e-03
11.250628	-1.654889651e-03
11.255628	-2.265855128e-03
11.260629	7.649760907e-04
11.265629	2.598874130e-03
11.270629	-4.989525155e-04
11.275629	-1.664887008e-03
11.280630	-4.409549157e-04
11.285630	-7.749358511e-04
11.290630	1.710117617e-04
11.295631	2.159901153e-03
11.300631	5.439917838e-04
11.305631	6.009890250e-04
11.310631	1.107961147e-03
11.315632	-8.239305797e-04
11.320632	5.702066626e-05
11.325632	3.820029502e-04
11.330633	-3.359565424e-04
11.335633	1.212957417e-03
11.340633	6.679882683e-04
11.345633	-1.051915288e-03
11.350634	-1.280902075e-03
11.355634	3.330082591e-04
11.360634	-2.699576485e-04
11.365634	-2.762818051e-03
11.370635	3.820068211e-04
11.375635	1.929920842e-03
11.380635	1.327954882e-03
11.385636	1.269958555e-03
11.390636	-1.769871309e-03
11.395636	-1.639605223e-04
11.400636	-2.779537207e-04
11.405637	-2.934804962e-03
11.410637	5.440012715e-04
11.415637	1.441951583e-03
11.420638	-3.259492820e-04
11.425638	1.432952968e-03
11.430638	1.432953411e-03
11.435638	-8.329196526e-04
11.440639	-4.914691342e-03
11.445639	5.703155445e-05
11.450639	4.587779069e-03
11.455639	-1.549877847e-03
11.460640	-1.224895542e-03
11.465640	2.321906904e-03
11.470640	-3.829416480e-04
11.475641	1.140310577e-04
11.480641	-9.620724722e-07
11.485641	-5.559306401e-04
11.490641	-1.329886982e-03
11.495642	-1.549874249e-03
11.500642	2.101922342e-03
11.505642	-9.369075602e-04
11.510643	1.155976059e-03
11.515643	6.010074956e-04
11.520643	-2.763804206e-03
11.525643	2.216918200e-03
11.530644	1.327968284e-03
11.535644	1.040370693e-04
11.540644	1.269972440e-03
11.545645	-1.100894745e-03
11.550645	-1.329881501e-03
11.555645	8.219988313e-04
11.560645	2.190329546e-04
11.565646	-2.779388385e-04
11.570646	1.107984256e-03
11.575646	3.910247452e-04
11.580646	-1.052894182e-03
11.585647	-4.979246970e-04
11.590647	9.939924833e-04
11.595647	5.604531241e-05
11.600648	-1.549864568e-03
11.605648	1.154984902e-03
11.610648	4.480248381e-04
11.615648	-8.899000008e-04
11.620649	1.987939814e-03
11.625649	-2.679337783e-04
11.630649	-1.051889540e-03
11.635650	1.489969033e-03
11.640650	-7.279066783e-04
11.645650	-3.814733880e-03
11.650650	-6.609094668e-04
11.655651	2.541912211e-03
11.660651	-1.629363117e-04
11.665651	-5.894163873e-05
11.670651	1.269984653e-03
11.675652	8.310096386e-04
11.680652	-7.179034120e-04
11.685652	-2.438806860e-03
11.690653	-4.409179111e-04
11.695653	1.824956079e-03
11.700653	-3.929196238e-04
11.705653	5.705574063e-05
11.710654	2.436923369e-03
11.715654	-1.549853582e-03
11.720654	-1.108877713e-03
11.725655	9.360086183e-04
11.730655	-2.789230694e-04
11.735655	8.880122750e-04
11.740655	1.212994623e-03
11.745656	-1.215869295e-03
11.750656	-1.491853397e-03
11.755656	1.375986997e-03
11.760657	-1.739259856e-04
11.765657	-1.328861017e-03
11.770657	-1.595845619e-03
11.775657	3.910439576e-04
11.780658	1.488983160e-03
11.785658	-7.278925851e-04
11.790658	-7.748894643e-04
11.795658	1.710582258e-04
11.800659	1.213000558e-03
11.805659	2.158948249e-03
11.810659	-1.629216311e-04
11.815660	-1.108868322e-03
11.820660	5.606714641e-05
11.825660	-2.658780794e-03
11.830660	-6.698913210e-04
11.835661	3.267889355e-03
11.840661	2.216948529e-03
11.845661	-2.600782014e-03
11.850662	-1.281855138e-03
11.855662	7.640311569e-04
11.860662	-1.377848764e-03
11.865662	-7.658824191e-04
11.870663	1.547988917e-03
11.875663	1.814974523e-03
11.880663	2.190641255e-04
11.885663	3.910550354e-04
11.890664	-1.069166530e-04
11.895664	-2.265795620e-03
11.900664	-5.691841779e-05
11.905665	8.790298468e-04
11.910665	-9.205145534e-07
11.915665	-2.219076621e-04
11.920665	-5.558885010e-04
11.925666	2.990914015e-03
11.930666	4.960538092e-04
11.935666	-3.651714121e-03
11.940667	7.730393845e-04
11.945667	2.760676483e-04
11.950667	1.595994484e-03
11.955667	2.321954479e-03
11.960668	-2.926751988e-03
11.965668	-8.898651749e-04
11.970668	5.708248519e-05
11.975669	2.190739665e-04
11.980669	-2.788977087e-04
11.985669	-1.059068399e-04
11.990669	4.960600818e-04
11.995670	-2.778961843e-04
12.000670	7.170488007e-04
12.005670	-4.978828463e-04
12.010670	-3.828887362e-04
12.015671	-5.558785486e-04
12.020671	-1.989797968e-03
12.025671	4.960637894e-04
12.030672	8.210461797e-04
12.035672	-1.329833213e-03
12.040672	2.216969319e-03
12.045672	2.598948530e-03
12.050673	-4.978780532e-04
12.055673	-1.385827947e-03
12.060673	-1.492821437e-03
12.065674	1.107033963e-03
12.070674	-7.838599390e-04
12.075674	-7.748599023e-04
12.080674	2.493958155e-03
12.085675	-8.328555843e-04
12.090675	-2.495762211e-03
12.095675	1.328024867e-03
12.100675	1.720003527e-03
12.105676	-1.434819810e-03
12.110676	2.180884600e-04
12.115676	6.020675691e-04
12.120677	-2.198859994e-04
12.125677	-4.988698787e-04
12.130677	-2.104779681e-03
12.135677	1.051044691e-03
12.140678	1.490020734e-03
12.145678	-1.157830900e-03
12.150678	9.940495208e-04
12.155679	-1.638852864e-04
12.160679	2.190938850e-04
12.165679	1.930998869e-03
12.170679	-8.808436058e-04
12.175680	-6.128580127e-04
12.180680	1.548021910e-03
12.185680	-1.638819679e-04
12.190681	-1.549804043e-03
12.195681	2.190977641e-04
12.200681	7.160705774e-04
12.205681	-4.978610966e-04
12.210682	-2.208760010e-04
12.215682	-6.128535595e-04
12.220682	-7.748439565e-04
12.225682	1.051054673e-03
12.230683	8.780648912e-04
12.235683	-5.548545535e-04
12.240683	2.291022445e-04
12.245684	1.489032472e-03
12.250684	-8.837888960e-07
12.255684	-2.046769012e-03
12.260684	-1.158762390e-04
12.265685	1.883012739e-03
12.270685	1.621093755e-04
12.275685	-3.479686752e-03
12.280686	-2.208681086e-04
12.285686	9.920647481e-04
12.290686	-1.434799202e-03
12.295686	1.157056678e-03
12.300687	-3.838567292e-04
12.305687	-6.618406387e-04
12.310687	8.790739117e-04
12.315687	3.341049081e-04
12.320688	1.872019627e-03
12.325688	2.191124763e-04
12.330688	-1.099813319e-03
12.335689	-4.508489714e-04
12.340689	5.712324765e-05
12.345689	5.712382511e-05
12.350689	-3.358536586e-04
12.355690	1.720032150e-03
12.360690	1.051070074e-03
12.365690	-2.778551576e-04
12.370691	6.580931737e-04
12.375691	1.155066012e-03
12.380691	-2.208565946e-04
12.385691	-1.433788299e-03
12.390692	-1.214799941e-03
12.395692	8.200870456e-04
12.400692	-2.778510765e-04
12.405693	-1.988754979e-03
12.410693	7.730914266e-04
12.415693	1.940026869e-03
12.420693	-9.468113840e-04
12.425694	-1.271792653e-03
12.430694	-9.378107086e-04
12.435694	-1.167797280e-03
12.440694	1.051079441e-03
12.445695	1.271067752e-03
12.450695	-5.785746829e-05
12.455695	-9.388076962e-04
12.460696	-5.885622637e-05
12.465696	7.171010496e-04
12.470696	-2.688433148e-04
12.475696	-1.654765350e-03
12.480697	-3.317671921e-03
12.485697	1.432063520e-03
12.490697	3.755934386e-03
12.495698	2.208021398e-03
12.500698	-2.657706372e-03
12.505698	-3.203675294e-03
12.510698	1.719050493e-03
12.515699	5.714387081e-05
12.520699	9.360954046e-04
12.525699	1.490065081e-03
12.530699	6.111147521e-04
12.535700	1.825047588e-03
12.540700	-2.103732482e-03
12.545700	-2.160728696e-03
12.550701	-1.158422464e-04
12.555701	-1.158416400e-04
12.560701	2.484013829e-03
12.565701	-1.068409276e-04
12.570702	-3.202667494e-03
12.575702	-2.198334023e-04
12.580702	2.762000746e-03
12.585703	2.181433678e-04
12.590703	7.731129975e-04
12.595703	-1.653750910e-03
12.600703	4.481323640e-04
12.605704	1.155093511e-03
12.610704	-1.500757611e-03
12.615704	-1.213773018e-03
12.620705	-1.435760010e-03
12.625705	8.781114328e-04
12.630705	1.214093293e-03
12.635705	-2.208259849e-04
12.640706	1.547075939e-03
12.645706	1.442082419e-03
12.650706	-2.657688091e-03
12.655706	-7.267952635e-04
12.660707	1.223096504e-03
12.665707	2.437029357e-03
12.670707	2.761506103e-04
12.675708	-1.214765536e-03
12.680708	1.375090507e-03
12.685708	-9.957765142e-04
12.690708	-8.327849887e-04
12.695709	4.961414486e-04
12.700709	-8.217843518e-04
12.705709	3.251522466e-04
12.710710	-6.137947091e-04
12.715710	-8.237823586e-04
12.720710	6.121381091e-04
12.725710	9.941174141e-04
12.730711	-5.882317521e-05
12.735711	-1.224757456e-03
12.740711	1.490091618e-03
12.745711	1.385098111e-03
12.750712	1.711665115e-04
12.755712	1.270105796e-03
12.760712	-1.941714269e-03
12.765713	-2.925658706e-03
12.770713	1.271107643e-03
12.775713	9.931237978e-04
12.780713	-3.317634916e-03
12.785714	-1.280747989e-03
12.790714	2.322051521e-03
12.795714	1.442101283e-03
12.800715	-8.807684027e-04
12.805715	-1.883711773e-03
12.810715	2.091720310e-04
12.815715	1.327110263e-03
12.820716	1.329110793e-03
12.825716	1.109123716e-03
12.830716	-2.787981599e-04
12.835717	-2.208007540e-04
12.840717	3.911657270e-04
12.845717	-1.826709814e-03
12.850717	-2.197988752e-04
12.855718	2.924026266e-03
12.860718	-8.098072386e-07
12.865718	-2.777936970e-04
12.870718	-7.757652494e-04
12.875719	-3.827865388e-04
12.880719	8.311463424e-04
12.885719	-2.486667789e-03
12.890720	-1.052747188e-03
12.895720	1.041888774e-04
12.900720	-1.727950079e-04
12.905720	1.214128219e-03
12.910721	1.271125691e-03
12.915721	-4.417780318e-04
12.920721	-1.157737409e-03
12.925722	1.051139935e-03
12.930722	-3.357819834e-04
12.935722	-6.697626822e-04
12.940722	7.171605494e-04
12.945723	3.341825871e-04
12.950723	-2.209674743e-03
12.955723	-9.957418518e-04
12.960723	3.870987121e-03
12.965724	1.997092392e-03
12.970724	-9.947399267e-04
12.975724	-2.829636831e-03
12.980725	-2.323664415e-03
12.985725	2.281937894e-04
12.990725	3.331885916e-04
12.995725	2.671929400e-04
13.000726	1.098147216e-03
13.005726	2.599064093e-03
13.010726	-1.627810603e-04
13.015727	-1.434709388e-03
13.020727	6.101771231e-04
13.025727	-3.357694011e-04
13.030727	-9.947319457e-04
13.035728	-1.042728597e-03
13.040728	-7.860940126e-07
13.045728	2.671996161e-04
13.050729	4.391906857e-04
13.055729	5.531849937e-04
13.060729	-2.777679457e-04
13.065729	5.721402680e-05
13.070730	4.961901944e-04
13.075730	-3.357626873e-04
13.080730	4.961915434e-04
13.085730	-1.042721871e-03
13.090731	-1.214711593e-03
13.095731	1.490138084e-03
13.100731	-1.720681993e-03
13.105732	-3.927554471e-04
13.110732	8.881737232e-04
13.115732	-7.747327652e-04
13.120732	-2.207630109e-04
13.125733	1.108163482e-03
13.130733	5.531951441e-04
13.135733	-4.407486869e-04
13.140734	1.050168764e-03
13.145734	1.653135787e-03
13.150734	8.221828583e-04
13.155734	-7.167305471e-04
13.160735	-4.977420874e-04
13.165735	-1.167704001e-03
13.170735	1.490148309e-03
13.175735	1.605142576e-03
13.180736	-4.140535982e-03
13.185736	-2.982599936e-03
13.190736	1.825132359e-03
13.195737	2.484096261e-03
13.200737	-1.548677918e-03
13.205737	-1.377686773e-03
13.210737	1.261166603e-03
13.215738	-9.467094504e-04
13.220738	-5.457311430e-04
13.225738	-4.977331297e-04
13.230739	1.270168870e-03
13.235739	1.132341501e-04
13.240739	-2.103641397e-03
13.245739	2.533100450e-03
13.250740	-2.777419379e-04
13.255740	-2.926593368e-03
13.260740	2.762089756e-03
13.265741	7.172046098e-04
13.270741	2.762299256e-04
13.275741	1.442165536e-03
13.280741	-1.157688627e-03
13.285742	-6.127183503e-04
13.290742	8.791990635e-04
13.295742	7.732056818e-04
13.300742	-1.606660759e-03
13.305743	2.192380116e-04
13.310743	-1.637399055e-04
13.315743	-7.177082764e-04
13.320744	1.711156835e-03
13.325744	1.548166639e-03
13.330744	-1.215678363e-03
13.335744	-2.777300179e-04
13.340745	1.050196557e-03
13.345745	1.213188165e-03
13.350745	5.725340314e-05
13.355746	-1.989631620e-03
13.360746	-3.357232414e-04
13.365746	7.172186873e-04
13.370746	-1.156675992e-03
13.375747	-7.756965492e-04
13.380747	1.596171752e-03
13.385747	-7.176983637e-04
13.390748	-5.567066385e-04
13.395748	4.392384756e-04
13.400748	-8.216904189e-04
13.405748	7.252239384e-04
13.410749	2.102147786e-03
13.415749	-1.051675435e-03
13.420749	-1.444652781e-03
13.425749	2.599122190e-03
13.430750	-4.977042109e-04
13.435750	-1.883626123e-03
13.440750	6.582326948e-04
13.445751	-3.927079171e-04
13.450751	1.940162569e-03
13.455751	1.768172891e-03
13.460751	-3.756517971e-03
13.465752	2.762576195e-04
13.470752	1.270202854e-03
13.475752	-3.537528030e-03
13.480753	-1.998613217e-03
13.485753	3.478081768e-03
13.490753	2.379143840e-03
13.495753	-1.434642529e-03
13.500754	7.742348853e-04
13.505754	-5.771794466e-05
13.510754	-7.756771378e-04
13.515754	-7.656769689e-04
13.520755	1.940172704e-03
13.525755	1.434201678e-03
13.530755	-1.721621418e-03
13.535756	4.962554975e-04
13.540756	1.712743696e-04
13.545756	7.152447329e-04
13.550756	2.192731518e-04
13.555757	-1.826611904e-03
13.560757	-5.870986572e-05
13.565757	1.271216623e-03
13.570758	-7.116372303e-07
13.575758	-5.546799778e-04
13.580758	6.122556122e-04
13.585758	-9.956538905e-04
13.590759	-5.870546035e-05
13.595759	7.742487759e-04
13.600759	-2.705556226e-03
13.605760	-3.836851078e-04
13.610760	2.647146433e-03
13.615760	-5.546740858e-04
13.620760	7.732525213e-04
13.625761	-7.035326538e-07
13.630761	-2.657554473e-03
13.635761	-4.406774900e-04
13.640761	5.629550766e-05
13.645762	-3.926786863e-04
13.650762	7.732569674e-04
13.655762	-6.596622964e-04
13.660763	-3.346796951e-04
13.665763	-9.956420525e-04
13.670763	8.872535789e-04
13.675763	4.531050908e-03
13.680764	-1.271624410e-03
13.685764	-2.381561701e-03
13.690764	-8.796447990e-04
13.695765	7.162668561e-04
13.700765	1.815206255e-03
13.705765	2.282955938e-04
13.710765	1.108247219e-03
13.715766	8.222639341e-04
13.720766	-1.052630649e-03
13.725766	-1.817587194e-03
13.730766	1.491228841e-03
13.735767	2.103011014e-04
13.740767	-1.272615362e-03
13.745767	-6.856147178e-07
13.750768	-1.214617093e-03
13.755768	-5.456536841e-04
13.760768	1.768217898e-03
13.765768	1.043115412e-04
13.770769	-8.326353977e-04
13.775769	2.714167357e-03
13.780769	9.462668075e-04
13.785770	-2.658531196e-03
13.790770	-2.878518157e-03
13.795770	-1.826576124e-03
13.800770	1.710227192e-03
13.805771	3.260141427e-03
13.810771	-3.826544527e-04
13.815771	-1.492591729e-03
13.820772	1.613167017e-04
13.825772	-2.206612126e-04
13.830772	-1.146663675e-04
13.835772	4.963002878e-04
13.840773	-1.636621063e-04
13.845773	5.532986330e-04
13.850773	-2.206573963e-04
13.855773	-1.051610243e-03
13.860774	-1.491584916e-03
13.865774	1.143261995e-04
13.870774	3.374144985e-03
13.875775	-1.166600759e-03
13.880775	-1.444584473e-03
13.885775	4.963079444e-04
13.890775	-1.768564850e-03
13.895776	3.211157925e-03
13.900776	1.824236120e-03
13.905776	-1.502577389e-03
13.910777	-5.546295381e-04
13.915777	3.913184253e-04
13.920777	1.719245065e-03
13.925777	-1.056522869e-04
13.930778	-3.926354931e-04
13.935778	3.253251998e-04
13.940778	-1.596566736e-03
13.945778	2.193326653e-04
13.950779	1.203278511e-03
13.955779	3.333278519e-04
13.960779	7.273066339e-04
13.965780	-5.764876912e-05
13.970780	-8.336046740e-04
13.975780	-1.492567110e-03
13.980780	8.323038817e-04
13.985781	5.734792250e-05
13.990781	-1.664555172e-03
13.995781	-1.989536251e-03
14.000782	6.683161539e-04
14.005782	1.491270993e-03
14.010782	6.013214558e-04
14.015782	6.583190556e-04
14.020783	2.773411061e-04
14.025783	8.313109633e-04
14.030783	-1.817540380e-03
14.035784	-1.166575937e-03
14.040784	-3.916184149e-04
14.045784	-4.976117129e-04
14.050784	2.704210329e-03
14.055785	-5.456074624e-04
14.060785	-2.206248184e-04
14.065785	3.813423634e-04
14.070785	-2.206232443e-04
14.075786	1.825263331e-03
14.080786	-5.763076713e-05
14.085786	-4.406085984e-04
14.090787	-3.480438109e-03
14.095787	-1.434551532e-03
14.100787	1.605279559e-03
14.105787	1.759271753e-03
14.110788	1.043649303e-04
14.115788	-1.654536087e-03
14.120788	2.437236281e-03
14.125789	2.484234450e-03
14.130789	-4.496009738e-04
14.135789	-2.206129632e-04
14.140789	-5.465939708e-04
14.145790	3.813550211e-04
14.150790	-2.296100762e-04
14.155790	-1.376545252e-03
14.160790	-1.319547638e-03
14.165791	-1.156140508e-04
14.170791	1.155315796e-03
14.175791	-1.873514320e-03
14.180792	4.393573614e-04
14.185792	1.814281405e-03
14.190792	-5.455860555e-04
14.195792	-1.156551148e-03
14.200793	1.043792602e-04
14.205793	-4.975863340e-04
14.210793	-2.196010513e-04
14.215794	1.156322939e-03
14.220794	1.613792845e-04
14.225794	-2.983444352e-03
14.230794	-1.099548718e-03
14.235795	2.714239180e-03
14.240795	1.816290113e-03
14.245795	-3.925857712e-04
14.250796	-4.415822307e-04
14.255796	2.045279745e-03
14.260796	1.166329619e-03
14.265796	-3.097431548e-03
14.270797	-2.543461667e-03
14.275797	2.493257964e-03
14.280797	1.816296564e-03
14.285797	-3.925793160e-04
14.290798	-1.065944721e-04
14.295798	7.743571580e-04
14.300798	-3.925768874e-04
14.305799	-1.052539234e-03
14.310799	-5.971481928e-07
14.315799	1.825301732e-03
14.320799	6.113703120e-04
14.325800	-1.444514105e-03
14.330800	-1.145875357e-04
14.335800	4.493817939e-04
14.340801	4.483826636e-04
14.345801	1.054026249e-04
14.350801	-5.075623413e-04
14.355801	1.776310976e-03
14.360802	1.882305875e-03
14.365802	-1.386510826e-03
14.370802	-1.376510568e-03
14.375802	-1.883481449e-03
14.380803	-5.857444889e-07
14.385803	1.825313142e-03
14.390803	1.652323618e-03
14.395804	4.393921494e-04
14.400804	-2.705431470e-03
14.405804	-5.465511704e-04
14.410804	2.542277215e-03
14.415805	7.643772879e-04
14.420805	-1.271508237e-03
14.425805	-1.596489273e-03
14.430806	-1.052518818e-03
14.435806	-5.767199364e-07
14.440806	-2.658427521e-03
14.445806	-1.635659741e-04
14.450807	4.206190907e-03
14.455807	2.542284620e-03
14.460807	-5.555416180e-04
14.465808	-2.046457562e-03
14.470808	-7.175309234e-04
14.475808	1.758331687e-03
14.480808	1.054247882e-04
14.485809	-5.684673470e-07
14.490809	3.334137158e-04
14.495809	-1.596477719e-03
14.500809	2.764185546e-04
14.505810	1.156370260e-03
14.510810	-5.756114209e-05
14.515810	-3.825421698e-04
14.520811	-3.825413393e-04
14.525811	-6.125276693e-04
14.530811	-8.335145012e-04
14.535811	1.605350180e-03
14.540812	1.606350957e-03
14.545812	-2.983391986e-03
14.550812	-7.745144647e-04
14.555813	2.809286302e-03
14.560813	-2.438419909e-03
14.565813	-1.759456978e-03
14.570813	2.656297346e-03
14.575814	1.156381915e-03
14.580814	-3.345340181e-04
14.585814	-7.745086200e-04
14.590814	9.933935229e-04
14.595815	-1.874445542e-03
14.600815	-2.314420142e-03
14.605815	1.376374656e-03
14.610816	7.064128952e-04
14.615816	-4.405222377e-04
14.620816	9.464011762e-04
14.625816	-7.745019139e-04
14.630817	6.014221149e-04
14.635817	9.934010732e-04
14.640817	-1.873438043e-03
14.645818	-2.103424363e-03
14.650818	1.107397234e-03
14.655818	2.877299271e-03
14.660818	-5.545083041e-04
14.665819	9.934061263e-04
14.670819	9.364101519e-04
14.675819	2.764478387e-04
14.680820	-3.345172094e-04
14.685820	-3.925131267e-04
14.690820	3.914439541e-04
14.695820	1.165401593e-03
14.700821	2.264341091e-03
14.705821	1.873363764e-03
14.710821	1.987358248e-03
14.715821	1.385392700e-03
14.720822	3.344522173e-04
14.725822	-9.474753702e-04
14.730822	4.394480532e-04
14.735823	1.443392857e-03
14.740823	1.929366577e-03
14.745823	-5.248360795e-07
14.750823	-2.982357524e-03
14.755824	-1.625140915e-04
14.760824	4.394531549e-04
14.765824	-7.854776111e-04
14.770825	-8.804714559e-04
14.775825	1.714706717e-04
14.780825	9.934256388e-04
14.785825	-1.271447070e-03
14.790826	-1.882412109e-03
14.795826	-6.114822050e-04
14.800826	2.207361287e-03
14.805826	2.044371241e-03
14.810827	-8.234678055e-04
14.815827	-1.826410960e-03
14.820827	3.244698227e-04
14.825828	-1.051452509e-03
14.830828	-3.254921790e-04
14.835828	2.656342217e-03
14.840828	-1.548422193e-03
14.845829	-2.103390353e-03
14.850829	-1.624978455e-04
14.855829	1.777394718e-03
14.860830	1.767396136e-03
14.865830	3.244775477e-04
14.870830	-1.989392419e-03
14.875830	-3.824812648e-04
14.880831	1.376421405e-03
14.885831	-5.849762851e-05
14.890831	2.762345759e-03
14.895832	5.749762044e-05
14.900832	-2.323368604e-03
14.905832	-1.052438691e-03
14.910832	5.650026575e-05
14.915833	1.768405562e-03
14.920833	-6.594580372e-04
14.925833	-8.324475152e-04
14.930833	-5.848985648e-05
14.935834	-6.594554418e-04
14.940834	1.213440869e-03
14.945834	2.427373967e-03
14.950835	-1.931381837e-03
14.955835	-1.492405476e-03
14.960835	1.987401130e-03
14.965835	-1.051428358e-03
14.970836	-5.544552333e-04
14.975836	1.605425059e-03
14.980836	1.213447811e-03
14.985837	-4.504584317e-04
14.990837	-1.042424515e-03
14.995837	-1.214414043e-03
15.000837	-3.924590587e-04
15.005838	2.437383835e-03
15.010838	-5.747601683e-05
15.015838	-9.374260215e-04
15.020838	1.882417432e-03
15.025839	-1.501392793e-03
15.030839	-1.434395660e-03
15.035839	-4.747221247e-05
15.040840	8.794769140e-04
15.045840	1.155462381e-03
15.050840	2.195155051e-04
15.055840	-7.744281328e-04
15.060841	-4.404459022e-04
15.065841	1.715208101e-04
15.070841	-2.103351318e-03
15.075842	-1.003411847e-03
15.080842	-7.754236973e-04
15.085842	7.734907110e-04
15.090842	6.694973940e-04
15.095843	7.254951457e-04
15.100843	2.647388733e-03
15.105843	-1.004406525e-03
15.110844	-2.600316554e-03
15.115844	6.695017866e-04
15.120844	2.379407210e-03
15.125844	-4.590528178e-07
15.130845	-5.745499057e-05
15.135845	-4.504321717e-04
15.140845	-3.366268513e-03
15.145845	-4.394310231e-04
15.150846	-2.874386263e-04
15.155846	-1.989342735e-03
15.160846	1.109485155e-03
15.165847	2.714396443e-03
15.170847	1.270477934e-03
15.175847	1.433469718e-03
15.180847	-1.548362936e-03
15.185848	-1.329374277e-03
15.190848	1.662459588e-03
15.195848	1.099491901e-03
15.200849	-9.473929454e-04
15.205849	-1.492361636e-03
15.210849	-8.223981512e-04
15.215849	7.835130848e-04
15.220850	7.165177117e-04
15.225850	-1.109379470e-03
15.230850	2.485420737e-03
15.235850	4.395358372e-04
15.240851	-2.381305800e-03
15.245851	7.735189695e-04
15.250851	-4.369351351e-07
15.255852	-7.173960212e-04
15.260852	1.165499755e-03
15.265852	-3.924123838e-04
15.270852	1.873462013e-03
15.275853	6.695301140e-04
15.280853	1.108506499e-03
15.285853	5.435389301e-04
15.290854	-1.826327879e-03
15.295854	-2.256302984e-03
15.300854	-1.654335696e-03
15.305854	1.433492817e-03
15.310855	6.115395964e-04
15.315855	-1.271354397e-03
15.320855	5.445451237e-04
15.325856	9.365241356e-04
15.330856	-2.591278029e-03
15.335856	-1.051363100e-03
15.340856	2.093462234e-03
15.345857	1.547493608e-03
15.350857	-1.768320389e-03
15.355857	2.195695320e-04
15.360857	1.987471735e-03
15.365858	4.385591003e-04
15.370858	-5.553845152e-04
15.375858	-1.376337788e-03
15.380859	-2.925250421e-03
15.385859	9.365348915e-04
15.390859	1.768489346e-03
15.395859	-9.373587003e-04
15.400860	-1.054042453e-04
15.405860	5.535598673e-04
15.410860	-1.282336743e-03
15.415861	-8.883578371e-04
15.420861	1.548507025e-03
15.425861	8.875448238e-04
15.430861	-6.593679180e-04
15.435862	-2.773883407e-04
15.440862	4.965693546e-04
15.445862	4.965702567e-04
15.450863	1.327524771e-03
15.455863	-1.051341525e-03
15.460863	-4.973715478e-04
15.465863	-9.953428450e-04
15.470864	1.145960960e-04
15.475864	1.883498250e-03
15.480864	7.645616198e-04
15.485864	-1.109332865e-03
15.490865	-1.157329280e-03
15.495865	1.270536089e-03
15.500865	-4.973643121e-04
15.505866	-9.363389003e-04
15.510866	-4.393657377e-04
15.515866	-9.473364735e-04
15.520866	-5.073601285e-04
15.525867	4.495873567e-04
15.530867	1.003557339e-03
15.535867	1.432534299e-03
15.540868	-7.753415377e-04
15.545868	-2.773684289e-04
15.550868	2.776014984e-04
15.555868	6.115837628e-04
15.560869	7.155788666e-04
15.565869	-9.943247678e-04
15.570869	1.768521905e-03
15.575869	1.432541572e-03
15.580870	-2.266251031e-03
15.585870	-4.922101857e-03
15.590870	-2.485236984e-03
15.595871	1.327551077e-03
15.600871	-9.903821016e-03
15.605871	-3.371449086e-02
15.610871	-1.889831707e-02
15.615872	1.442548306e-03
15.620872	-2.381237317e-03
15.625872	-1.664276428e-03
15.630873	1.501547752e-03
15.635873	2.160511879e-03
15.640873	-1.005310474e-03
15.645873	6.595974965e-04
15.650874	-3.537167303e-03
15.655874	-2.785580879e-02
15.660874	-3.193658006e-02
15.665875	-4.148130450e-03
15.670875	-1.680442299e-02
15.675875	-4.012012047e-02
15.680875	-1.635644617e-02
15.685876	-3.270175797e-03
15.690876	-3.476641659e-02
15.695876	-3.332249628e-02
15.700876	-1.998244051e-03
15.705877	-7.743114594e-04
15.710877	-3.919134980e-03
15.715877	-5.640037992e-03
15.720878	-6.576984768e-03
15.725878	-7.675922500e-03
15.730878	-8.842856436e-03
15.735878	-8.333026530e-04
15.740879	4.090423398e-03
15.745879	6.854270025e-03
15.750879	9.454125808e-03
15.755880	1.605564877e-03
15.760880	2.096437262e-04
15.765880	4.635397578e-03
15.770880	1.386579866e-03
15.775881	1.146517936e-04
15.780881	-2.046226652e-03
15.785881	1.873461417e-02
15.790881	3.315980980e-02
15.795882	1.083005729e-02
15.800882	3.765452599e-03
15.805882	5.639348912e-03
15.810883	1.548578204e-03
15.815883	2.686505806e-04
15.820883	-4.493084148e-04
15.825883	6.686301003e-04
15.830884	2.186561451e-04
15.835884	-1.215262881e-03
15.840884	-3.536132392e-03
15.845885	-3.343102096e-04
15.850885	8.306256833e-04
15.855885	1.442486771e-02
15.860885	2.896405698e-02
15.865886	1.453786325e-02
15.870886	4.529422902e-03
15.875886	1.548590236e-03
15.880887	1.826575644e-03
15.885887	4.530425628e-03
15.890887	7.646367829e-04
15.895887	7.176403347e-04
15.900888	7.256408164e-04
15.905888	1.613478152e-02
15.910888	3.227088165e-02
15.915888	1.342993438e-02
15.920889	1.050626390e-03
15.925889	3.269503450e-03
15.930889	4.970409426e-03
15.935890	2.255561914e-03
15.940890	-2.590166641e-03
15.945890	1.716801084e-04
15.950890	4.966628971e-04
15.955891	1.043810884e-02
15.960891	3.045399238e-02
15.965891	2.089452697e-02
15.970892	6.026607058e-04
15.975892	5.546643174e-04
15.980892	1.222627960e-03
15.985892	5.745376409e-03
15.990893	5.190408323e-03
15.995893	-6.612640720e-04
16.000893	7.736567564e-04
16.005893	1.156636310e-03
16.010894	-1.142918061e-04
16.015894	1.711607196e-03
16.020894	-2.208173046e-03
16.025895	-1.712199799e-03
16.030895	3.096532686e-03
16.035895	1.548620034e-03
16.040895	-1.988181588e-03
16.045896	-1.549205158e-03
16.050896	-1.501206902e-03
16.055896	3.916883624e-04
16.060897	2.044597024e-03
16.065897	1.214644293e-03
16.070897	-2.102752235e-04
16.075897	-1.100224605e-03
16.080898	8.786658599e-04
16.085898	1.041657698e-03
16.090898	-3.814070291e-03
16.095899	-4.531029329e-03
16.100899	-3.374092978e-03
16.105899	-3.643077023e-03
16.110899	-2.171806704e-02
16.115900	-2.929764297e-02
16.120900	-7.246873024e-03
16.125900	-2.782611101e-04
16.130900	1.051665586e-03
16.135901	2.714573693e-03
16.140901	-1.052679488e-04
16.145901	-5.811948431e-03
16.150902	-5.420969318e-03
16.155902	6.116948471e-04
16.160902	-1.052641877e-04
16.165902	-1.377192241e-03
16.170903	-8.312217789e-04
16.175903	-2.495127949e-03
16.180903	-1.152598649e-04
16.185904	2.877574001e-03
16.190904	1.165670510e-03
16.195904	7.736933348e-04
16.200904	8.796883599e-04
16.205905	2.207615171e-03
16.210905	2.657590993e-03
16.215905	-7.172196637e-04
16.220905	-9.382063838e-04
16.225906	5.773896054e-05
16.230906	-5.725367634e-05
16.235906	9.356918359e-04
16.240907	8.287282375e-03
16.245907	2.797018451e-02
16.250907	2.227250353e-02
16.255907	2.427612326e-03
16.260908	2.380615895e-03
16.265908	-7.172102230e-04
16.270908	-3.481054985e-03
16.275909	3.421560619e-03
16.280909	5.410450534e-03
16.285909	9.936980470e-04
16.290909	-1.711150008e-03
16.295910	-2.102328508e-04
16.300910	3.928537047e-03
16.305910	-1.778143429e-03
16.310911	9.387234207e-03
16.315911	3.548277836e-02
16.320911	1.873571422e-02
16.325911	9.467082439e-04
16.330912	3.096589174e-03
16.335912	1.617539597e-04
16.340912	-1.157171463e-03
16.345912	1.491681612e-03
16.350913	5.581454247e-03
16.355913	2.206643596e-03
16.360913	-7.161922870e-04
16.365914	1.443688086e-03
16.370914	7.637269939e-04
16.375914	-1.329155221e-03
16.380914	-2.202161784e-04
16.385915	-1.622184665e-04
16.390915	-9.361743103e-04
16.395915	-6.121914468e-04
16.400916	-1.051165991e-03
16.405916	7.737330840e-04
16.410916	2.656628921e-03
16.415916	-2.772063457e-04
16.420917	9.367268370e-04
16.425917	6.117459302e-04
16.430917	-1.492135669e-03
16.435917	-2.275091008e-03
16.440918	-2.600071915e-03
16.445918	-9.951605576e-04
16.450918	-1.052092876e-04
16.455919	2.867697822e-04
16.460919	-1.778113993e-03
16.465919	-2.871962712e-04
16.470919	3.917667780e-04
16.475920	-3.918991619e-03
16.480920	-2.323079759e-03
16.485920	-1.353545287e-02
16.490921	-3.200442088e-02
16.495921	-1.366044399e-02
16.500921	4.541540835e-03
16.505921	-1.329130479e-03
16.510922	-1.884098544e-03
16.515922	1.051738516e-03
16.520922	-5.541708793e-04
16.525923	-5.551698691e-04
16.530923	1.604710509e-03
16.535923	-6.021653362e-04
16.540923	-1.930090249e-03
16.545924	-6.591602444e-04
16.550924	1.617948807e-04
16.555924	4.967771356e-04
16.560924	1.270734885e-03
16.565925	-6.691558645e-04
16.570925	-3.154016190e-03
16.575925	-2.314062125e-03
16.580926	-1.051844804e-04
16.585926	-1.721797841e-04
16.590926	-2.201761482e-04
16.595926	6.117783642e-04
16.600927	9.937579969e-04
16.605927	-3.921636766e-04
16.610927	-2.275057606e-03
16.615928	-2.046069432e-03
16.620928	3.347986121e-04
16.625928	-2.771662673e-04
16.630928	7.737760211e-04
16.635929	1.720724115e-03
16.640929	-2.771633940e-04
16.645929	-7.261373718e-04
16.650929	-1.215109117e-03
16.655930	1.718144163e-04
16.660930	8.897752943e-04
16.665930	-1.052115340e-03
16.670931	4.967991498e-04
16.675931	1.156763266e-03
16.680931	7.167887868e-04
16.685931	-1.492086943e-03
16.690932	-4.971415266e-04
16.695932	2.704680690e-03
16.700932	-7.751240890e-04
16.705933	-2.151046318e-03
16.710933	-2.191532067e-04
16.715933	3.202656730e-03
16.720933	6.018028833e-04
16.725934	-3.831411716e-04
16.730934	1.327764277e-03
16.735934	-2.981994169e-03
16.740935	-1.621506269e-04
16.745935	6.018076856e-04
16.750935	-1.052099023e-03
16.755935	2.160722581e-03
16.760936	-9.941003391e-04
16.765936	-2.266028372e-03
16.770936	-1.151474843e-04
16.775936	4.398224959e-04
16.780937	3.040678264e-03
16.785937	-1.052092294e-03
16.790937	-1.874045446e-03
16.795938	1.711755337e-03
16.800938	1.375775055e-03
16.805938	1.212785117e-03
16.810938	1.605764141e-03
16.815939	4.978269543e-04
16.820939	-1.214076515e-03
16.825939	1.442776128e-03
16.830940	1.930749849e-03
16.835940	-1.711045883e-03
16.840940	-9.940849450e-04
16.845940	2.045746318e-03
16.850941	-7.740952995e-04
16.855941	-1.443056991e-03
16.860941	1.490780190e-03
16.865941	-1.356155813e-07
16.870942	-4.971069082e-04
16.875942	1.327792180e-03
16.880942	-7.170926997e-04
16.885943	-1.434051711e-03
16.890943	5.538382783e-04
16.895943	1.815768795e-03
16.900943	3.248529901e-04
16.905944	2.868560758e-04
16.910944	1.718634598e-04
16.915944	-1.223057703e-03
16.920945	-1.721154080e-04
16.925945	4.388514494e-04
16.930945	-6.020894747e-04
16.935945	-1.377045247e-03
16.940946	-4.970934059e-04
16.945946	1.329805572e-03
16.950946	1.825778849e-03
16.955947	3.338631017e-04
16.960947	-1.052058563e-03
16.965947	-1.328042191e-03
16.970947	-1.549028888e-03
16.975948	4.968578652e-04
16.980948	1.051827850e-03
16.985948	1.327813409e-03
16.990948	1.548802038e-03
16.995949	-2.102993133e-03
17.000949	-6.690722159e-04
17.005949	1.653799075e-03
17.010950	-1.051017669e-04
17.015950	-1.548020249e-03
17.020950	8.308479165e-04
17.025950	4.968675278e-04
17.030951	-1.150973423e-04
17.035951	1.270826255e-03
17.040951	5.789493421e-05
17.045952	-1.434020812e-03
17.050952	-4.970721504e-04
17.055952	2.159780497e-03
17.060952	3.248838981e-04
17.065953	-2.290842091e-04
17.070953	1.108842068e-03
17.075953	-2.599949920e-03
17.080953	-1.492010803e-03
17.085954	1.777807626e-03
17.090954	-7.740489483e-04
17.095954	2.150788739e-03
17.100955	2.485771007e-03
17.105955	-1.492005964e-03
17.110955	-8.900386015e-04
17.115955	-1.156022785e-03
17.120956	-7.640436990e-04
17.125956	2.668997165e-04
17.130956	1.619065460e-04
17.135957	9.468636939e-04
17.140957	6.018839209e-04
17.145957	3.338998498e-04
17.150957	-7.640378889e-04
17.155958	2.109086530e-04
17.160958	-2.300657608e-04
17.165958	-1.630685321e-04
17.170959	-1.262006215e-03
17.175959	-8.320292495e-04
17.180959	1.653832945e-03
17.185959	6.688888992e-04
17.190960	-1.490989556e-03
17.195960	-9.940163304e-04
17.200960	3.039759452e-03
17.205960	-9.940143921e-04
17.210961	-2.981902448e-03
17.215961	1.629229601e-04
17.220961	1.872828473e-03
17.225962	3.153757934e-03
17.230962	1.051876242e-03
17.235962	-3.258882138e-03
17.240962	-3.699856551e-03
17.245963	1.710842364e-03
17.250963	1.490855615e-03
17.255963	-8.890105587e-04
17.260964	-8.880096448e-04
17.265964	-2.647910428e-03
17.270964	-1.596968127e-03
17.275964	-2.380923393e-03
17.280965	-1.050996666e-03
17.285965	-5.705118361e-05
17.290965	1.432866611e-03
17.295965	1.940839224e-03
17.300966	-5.540205298e-04
17.305966	-1.166985341e-03
17.310966	-8.790004472e-04
17.315967	-1.620395015e-04
17.320967	-1.434967470e-03
17.325967	3.829320159e-04
17.330967	-1.140392701e-04
17.335968	2.769398738e-04
17.340968	1.376879440e-03
17.345968	1.270886327e-03
17.350969	1.719486465e-04
17.355969	-4.400162198e-04
17.360969	-6.130055920e-04
17.365969	-2.761884659e-03
17.370970	1.386884705e-03
17.375970	1.881858043e-03
17.380970	5.439337042e-04
17.385971	-6.110008504e-04
17.390971	-1.987923012e-03
17.395971	2.189547586e-04
17.400971	2.160847323e-03
17.405972	2.779534067e-04
17.410972	1.156905310e-03
17.415972	4.399463052e-04
17.420972	-1.329953919e-03
17.425973	-7.179871109e-04
17.430973	-2.866866178e-03
17.435973	9.379223893e-04
17.440974	9.359234719e-04
17.445974	-4.802062797e-05
17.450974	-3.250041942e-04
17.455974	-6.689840203e-04
17.460975	2.924816326e-03
17.465975	-8.799702997e-04
17.470975	-3.478824247e-03
17.475976	2.207859263e-03
17.480976	3.249653477e-04
17.485976	-1.490932308e-03
17.490976	3.153809369e-03
17.495977	1.653894073e-03
17.500977	-2.484873907e-03
17.505977	-8.219657685e-04
17.510978	1.930881524e-03
17.515978	2.199780071e-04
17.520978	-8.309623526e-04
17.525978	8.309458420e-04
17.530979	-1.629976995e-04
17.535979	-2.656857508e-03
17.540979	-1.213937088e-03
17.545979	9.369438097e-04
17.550980	2.199848055e-04
17.555980	8.309516693e-04
17.560980	1.548912560e-03
17.565981	0.000000000e+00
