expfull_T9_run14
3786	0
0.000000	0.000000000e+00
0.005000	-8.319968649e-04
0.010001	-5.708634164e-05
0.015001	1.711766897e-03
0.020001	-6.121439832e-04
0.025001	-7.171827450e-04
0.030002	1.883622546e-03
0.035002	2.924517740e-03
0.040002	-1.158291768e-03
0.045003	-2.648250711e-03
0.050003	1.051491245e-03
0.055003	-5.554609547e-04
0.060003	-8.884865751e-04
0.065004	1.768315490e-03
0.070004	1.489286759e-03
0.075004	-9.376181826e-04
0.080005	-7.746723859e-04
0.085005	1.825132966e-03
0.090005	7.731487848e-04
0.095005	-2.380714257e-03
0.100006	-1.654800904e-03
0.105006	4.960303261e-04
0.110006	3.249953747e-04
0.115007	-1.630213072e-04
0.120007	4.958959097e-04
0.125007	4.378544482e-04
0.130007	-5.551331282e-04
0.135008	9.927328577e-04
0.140008	-4.925189324e-05
0.145008	-3.041124264e-03
0.150009	9.925984554e-04
0.155009	-5.553571319e-04
0.160009	-2.047315946e-03
0.165010	2.264390756e-03
0.170010	1.604672139e-04
0.175010	1.546342543e-03
0.180010	1.719287780e-03
0.185011	-7.186165106e-04
0.190011	-3.356833746e-04
0.195011	1.269179338e-03
0.200012	1.326131264e-03
0.205012	-1.157770370e-03
0.210012	-1.721782653e-03
0.215012	-1.225856023e-03
0.220013	1.130220255e-04
0.225013	3.899612792e-04
0.230013	2.157814608e-03
0.235014	-5.080765301e-04
0.240014	-2.047032616e-03
0.245014	-1.651858527e-04
0.250014	1.373680679e-03
0.255015	-3.852627235e-04
0.260015	-4.423042109e-04
0.265015	2.483482392e-03
0.270016	-2.984247255e-03
0.275016	-2.822301358e-03
0.280016	1.708392753e-03
0.285016	2.712290129e-03
0.290017	1.708303227e-03
0.295017	-2.000527783e-03
0.300017	-2.211560382e-03
0.305018	-1.657230499e-04
0.310018	2.742068379e-04
0.315018	-4.417966519e-04
0.320018	1.766031349e-03
0.325019	2.261958016e-03
0.330019	2.205916496e-03
0.335019	1.599896624e-04
0.340020	-1.111981775e-03
0.345020	-9.400364282e-04
0.350020	1.688549211e-04
0.355020	-1.112115991e-03
0.360021	-4.266978902e-03
0.365021	4.367052730e-04
0.370021	6.086506307e-04
0.375022	4.456152967e-04
0.380022	7.715517839e-04
0.385022	-4.524223996e-04
0.390022	1.878398544e-03
0.395023	8.284143372e-04
0.400023	-3.874359344e-03
0.405023	-1.055566517e-03
0.410024	5.502962185e-04
0.415024	-1.542627870e-03
0.420024	1.823133441e-03
0.425024	1.429111444e-03
0.430025	-5.598186295e-04
0.435025	-7.298535303e-04
0.440025	-3.940064978e-06
0.445026	1.659919346e-03
0.450026	-3.950069137e-04
0.455026	-6.730355794e-04
0.460027	1.266807934e-03
0.465027	1.380756683e-03
0.470027	5.378847954e-05
0.475027	-6.632148751e-04
0.480028	-7.212562051e-04
0.485028	-1.333265605e-03
0.490028	-7.213455414e-04
0.495029	6.555304381e-04
0.500029	2.423383887e-03
0.505029	-6.644828080e-04
0.510029	-6.645274623e-04
0.515030	-1.160543529e-03
0.520030	-2.002539652e-03
0.525030	9.312466157e-04
0.530031	8.272079676e-04
0.535031	1.324134687e-03
0.540031	-1.678239636e-04
0.545031	3.201032811e-04
0.550032	7.700327191e-04
0.555032	1.100261302e-04
0.560032	2.088867458e-03
0.565033	-1.276983176e-03
0.570033	-3.044925901e-03
0.575033	-5.591137805e-04
0.580033	-1.681809214e-04
0.585034	1.982650512e-03
0.590034	-1.773177629e-03
0.595034	-1.382244759e-03
0.600035	2.422491365e-03
0.605035	-2.823973350e-04
0.610035	-3.884358118e-04
0.615035	1.983382907e-03
0.620036	7.694082924e-04
0.625036	-1.496505692e-03
0.630036	-1.774534241e-03
0.635037	-5.680755276e-06
0.640037	8.742239675e-04
0.645037	-8.957185856e-04
0.650037	9.401310506e-04
0.655038	1.486055034e-03
0.660038	9.300425296e-04
0.665038	-2.213820823e-03
0.670039	-9.989353827e-04
0.675039	3.482761784e-03
0.680039	-1.440998975e-03
0.685039	-1.784023733e-03
0.690040	8.737785635e-04
0.695040	6.057494909e-04
0.700040	-3.892376802e-04
0.705041	-5.612722767e-04
0.710041	5.966164828e-04
0.715041	6.625681790e-04
0.720041	-4.464124048e-04
0.725042	-3.404630050e-04
0.730042	7.104319387e-04
0.735042	-5.605392957e-04
0.740043	-6.665776647e-04
0.745043	-7.246187955e-04
0.750043	-3.406853943e-04
0.755044	2.364114252e-03
0.760044	1.436123273e-03
0.765044	-8.287906491e-04
0.770044	-6.758439166e-04
0.775045	9.806703228e-05
0.780045	-6.179361450e-04
0.785045	-6.089810995e-04
0.790046	4.419139002e-04
0.795046	-1.220980224e-04
0.800046	8.718002720e-04
0.805046	-2.261808662e-04
0.810047	4.997328829e-04
0.815047	1.100653841e-03
0.820047	-2.943101663e-04
0.825048	9.865716132e-04
0.830048	-8.863648366e-04
0.835048	-3.994372885e-04
0.840048	1.597403243e-03
0.845049	-1.278475388e-03
0.850049	-4.155353957e-03
0.855049	-1.546548679e-03
0.860050	2.917149699e-03
0.865050	1.980159344e-03
0.870050	-1.604678401e-03
0.875050	-1.890706263e-03
0.880051	1.092077488e-03
0.885051	1.206026584e-03
0.890051	8.240042714e-04
0.895052	-5.629601178e-04
0.900052	1.059570107e-04
0.905052	7.198773144e-04
0.910052	-1.222055073e-03
0.915053	-2.886003477e-03
0.920053	1.310710355e-03
0.925053	4.522480957e-03
0.930054	-1.662206883e-03
0.935054	-3.325155321e-03
0.940054	3.745871752e-04
0.945054	1.425482340e-03
0.950055	4.414947879e-04
0.955055	1.769374001e-03
0.960055	1.644336956e-03
0.965056	-1.451528863e-03
0.970056	-9.456022607e-04
0.975056	-2.286878122e-04
0.980056	4.882266423e-04
0.985057	3.251918175e-04
0.990057	5.361354450e-04
0.995057	-1.949765493e-03
1.000058	-2.550775057e-03
1.005058	3.088855714e-03
1.010058	1.376910189e-03
1.015058	-7.260127964e-04
1.020059	-1.777996345e-03
1.025059	2.093736341e-03
1.030059	2.370676215e-03
1.035060	-2.609080943e-03
1.040060	-1.222205027e-03
1.045060	-9.319076088e-06
1.050061	-2.393499586e-04
1.055061	-6.693693087e-04
1.060061	-9.463974697e-04
1.065061	2.584889678e-04
1.070062	3.244410527e-04
1.075062	-1.715744676e-04
1.080062	1.644276778e-03
1.085063	-8.426239878e-04
1.090063	-1.614623582e-03
1.095063	2.036121931e-03
1.100063	8.211478805e-04
1.105064	-6.688103153e-04
1.110064	-1.835787119e-03
1.115064	-1.061875776e-03
1.120065	8.219716042e-04
1.125065	3.819529239e-04
1.130065	1.318854894e-03
1.135065	1.528780669e-04
1.140066	-9.481024989e-04
1.145066	2.097867555e-04
1.150066	1.863647432e-03
1.155067	2.034593582e-03
1.160067	-1.941221269e-03
1.165067	-1.616283980e-03
1.170067	1.595486937e-03
1.175068	2.370398307e-03
1.180068	-5.074797934e-04
1.185068	-4.207310514e-03
1.190069	-3.445770852e-04
1.195069	-1.511553769e-03
1.200069	-8.426362542e-04
1.205069	2.590121978e-03
1.210070	1.612180456e-04
1.215070	4.618076444e-05
1.220070	7.540960611e-04
1.225071	2.090835759e-04
1.230071	3.240330622e-04
1.235071	4.600520483e-05
1.240071	-1.004978097e-03
1.245072	-9.480252452e-04
1.250072	-4.031005095e-04
1.255072	8.107856792e-04
1.260073	-5.091820893e-04
1.265073	1.040684751e-03
1.270073	2.865535751e-03
1.275073	-1.005284980e-03
1.280074	-1.664290811e-03
1.285074	1.976455556e-03
1.290074	-8.434257203e-04
1.295075	-1.445434813e-03
1.300075	2.084260891e-04
1.305075	1.422312356e-03
1.310075	1.023446662e-04
1.315076	-3.548488680e-03
1.320076	-3.457170151e-04
1.325076	1.871111481e-03
1.330077	2.651603056e-04
1.335077	3.612978145e-05
1.340077	1.480002850e-03
1.345078	-1.195487062e-05
1.350078	-1.942887283e-03
1.355078	-9.489882565e-04
1.360078	-1.850759662e-04
1.365079	2.658543706e-04
1.370079	8.777754373e-04
1.375079	2.647671095e-04
1.380080	9.273337510e-05
1.385080	-1.122240242e-03
1.390080	-2.323351632e-04
1.395080	2.310474662e-03
1.400081	1.316488333e-03
1.405081	-1.340402147e-03
1.410081	-1.006464991e-03
1.415082	8.193861887e-04
1.420082	-1.504523457e-03
1.425082	-1.756436172e-04
1.430082	1.202233407e-03
1.435083	-3.467208756e-04
1.440083	1.492069963e-04
1.445083	7.611281920e-04
1.450084	2.641133084e-04
1.455084	-1.724815582e-03
1.460084	-1.446875111e-03
1.465084	1.363919391e-03
1.470085	1.143888580e-03
1.475085	-6.108545707e-05
1.480085	8.188203562e-04
1.485086	-9.011239829e-04
1.490086	-7.881739491e-04
1.495086	1.142671322e-03
1.500086	-1.447222851e-03
1.505087	7.706058980e-04
1.510087	2.065949841e-04
1.515087	-1.619343191e-03
1.520088	5.404889285e-04
1.525088	7.604328602e-04
1.530088	1.038373459e-03
1.535088	-7.295680220e-04
1.540089	-2.011537502e-03
1.545089	-3.486766930e-04
1.550089	2.758100907e-03
1.555090	-4.627567992e-04
1.560090	-2.288694890e-03
1.565090	-1.386931323e-05
1.570090	7.700421999e-04
1.575091	2.140309472e-04
1.580091	-7.199585605e-05
1.585091	-1.446959890e-03
1.590092	-1.781983850e-03
1.595092	1.639775682e-03
1.600092	2.748668524e-03
1.605093	-2.921994597e-04
1.610093	-1.678162811e-03
1.615093	1.419615433e-03
1.620093	2.423514364e-03
1.625094	-3.331197171e-03
1.630094	-1.514345073e-03
1.635094	1.037464677e-03
1.640095	1.370402318e-03
1.645095	7.013977148e-04
1.650095	-3.965821549e-04
1.655095	1.037292066e-03
1.660096	-1.286617129e-03
1.665096	-1.830628896e-03
1.670096	-1.477665996e-05
1.675097	1.247107513e-03
1.680097	1.085073763e-03
1.685097	-1.198998697e-04
1.690097	-2.919330238e-04
1.695098	-6.749540075e-04
1.700098	-5.690031622e-04
1.705098	1.303845861e-03
1.710099	-3.980990775e-04
1.715099	-2.328030866e-03
1.720099	7.597481677e-04
1.725099	2.632597233e-03
1.730100	-4.072705548e-04
1.735100	-6.273008489e-04
1.740100	-1.507293096e-03
1.745101	4.335520917e-04
1.750101	1.868426451e-03
1.755101	-2.452367459e-03
1.760101	-1.067490196e-03
1.765102	3.138224502e-03
1.770102	-8.475886817e-04
1.775102	2.613045190e-04
1.780103	2.422137103e-03
1.785103	-1.400685442e-03
1.790103	-9.047568813e-04
1.795103	3.751265080e-04
1.800104	1.590013654e-03
1.805104	-6.848980591e-04
1.810104	-1.789700312e-04
1.815105	8.159298266e-04
1.820105	-1.343988481e-03
1.825105	-1.403027859e-03
1.830105	7.008081201e-04
1.835106	1.035746058e-03
1.840106	-9.051848262e-04
1.845106	3.187019009e-04
1.850107	1.426595324e-03
1.855107	7.575911680e-04
1.860107	-1.507320999e-03
1.865107	-1.402369739e-03
1.870108	-1.125428379e-03
1.875108	1.554551305e-04
1.880108	2.086301192e-03
1.885109	3.083610158e-04
1.890109	-3.516435797e-04
1.895109	4.902652757e-04
1.900110	9.771946013e-04
1.905110	-4.087681201e-04
1.910110	-2.062715385e-03
1.915110	-4.568505130e-04
1.920111	1.589988956e-03
1.925111	8.149910687e-04
1.930111	-1.565914253e-03
1.935112	-3.171864225e-03
1.940112	6.528728235e-04
1.945112	1.751766984e-03
1.950112	-1.242102962e-03
1.955113	-1.623123485e-03
1.960113	3.747189014e-04
1.965113	3.166797877e-04
1.970114	4.806278921e-04
1.975114	1.856506161e-03
1.980114	-9.643736849e-04
1.985114	-1.224646179e-04
1.990115	9.294323588e-04
1.995115	-2.006440823e-03
2.000115	8.739612710e-05
2.005116	1.311283228e-03
2.010116	-9.546285301e-04
2.015116	-1.843619632e-03
2.020116	-9.547131892e-04
2.025117	1.750088610e-03
2.030117	-6.868132443e-04
2.035117	1.751003966e-03
2.040118	1.540537276e-04
2.045118	-1.288905374e-03
2.050118	2.247848538e-03
2.055118	-1.330564813e-04
2.060119	-1.290032028e-03
2.065119	-1.394068247e-03
2.070119	2.587942909e-04
2.075120	2.487526800e-04
2.080120	-1.802647713e-04
2.085120	-1.233102183e-04
2.090120	5.266101726e-04
2.095121	9.185454447e-04
2.100121	-1.234366287e-04
2.105121	7.554706028e-04
2.110122	7.464290228e-04
2.115122	-1.891461035e-03
2.120122	3.838566595e-05
2.125122	-3.536338033e-04
2.130123	-1.013637815e-03
2.135123	2.467119540e-03
2.140123	6.501822322e-04
2.145124	-3.538019158e-04
2.150124	-1.126799363e-03
2.155124	-1.808958644e-04
2.160124	-5.739151855e-04
2.165125	-3.539698208e-04
2.170125	2.589529082e-04
2.175125	-1.281000272e-03
2.180126	2.578691179e-04
2.185126	8.597925203e-04
2.190126	1.088737432e-03
2.195127	-5.162119493e-04
2.200127	-1.844177281e-03
2.205127	-6.312890376e-04
2.210127	8.695826215e-04
2.215128	3.858868767e-05
2.220128	1.425408829e-04
2.225128	-2.390354938e-03
2.230129	-9.654788450e-04
2.235129	3.182240334e-03
2.240129	2.361245891e-03
2.245129	-3.536393870e-04
2.250130	-1.119636973e-03
2.255130	-2.967261192e-04
2.260130	1.422068779e-04
2.265131	-4.028034032e-04
2.270131	-1.127803297e-03
2.275131	-1.127844959e-03
2.280131	-1.995046224e-05
2.285132	3.735791444e-03
2.290132	5.339343548e-04
2.295132	-2.447935399e-03
2.300133	-6.790789403e-04
2.305133	3.618194871e-04
2.310133	1.910688652e-03
2.315133	2.097451295e-04
2.320134	-7.952384898e-04
2.325134	9.746179808e-04
2.330134	-5.743342597e-04
2.335135	-9.103563917e-04
2.340135	-7.954045009e-04
2.345135	2.417368866e-03
2.350135	2.857302055e-03
2.355136	-3.509372453e-03
2.360136	8.683338167e-04
2.365136	1.030283070e-03
2.370137	-2.735541292e-03
2.375137	-1.234669177e-03
2.380137	4.761908493e-04
2.385137	2.130054175e-03
2.390138	-3.458444720e-04
2.395138	-4.028825123e-04
2.400138	1.020994111e-03
2.405139	-1.731888529e-03
2.410139	-1.731929811e-03
2.415139	7.428862871e-04
2.420139	5.328571366e-04
2.425140	3.584454045e-05
2.430140	1.355727245e-03
2.435140	1.250692087e-03
2.440141	-1.283203073e-03
2.445141	1.192613055e-03
2.450141	-9.673036289e-04
2.455141	-4.613739403e-04
2.460142	2.635406443e-03
2.465142	-6.234468609e-04
2.470142	-9.674681423e-04
2.475143	-7.965190884e-04
2.480143	-2.895893834e-04
2.485143	5.343220677e-04
2.490144	-7.486450394e-04
2.495144	-9.116766774e-04
2.500144	-2.176898510e-05
2.505144	6.951486922e-04
2.510145	1.699049845e-03
2.515145	-8.438445733e-04
2.520145	-2.989169384e-04
2.525146	1.965911588e-03
2.530146	1.909873889e-03
2.535146	-1.904947163e-03
2.540146	-2.345962644e-03
2.545147	1.398532061e-04
2.550147	3.581833408e-05
2.555147	9.727234843e-04
2.560148	-8.542120602e-04
2.565148	-9.592468286e-04
2.570148	2.577508529e-03
2.575148	3.461429379e-05
2.580149	-2.957254050e-03
2.585149	9.144820477e-04
2.590149	1.306418714e-03
2.595150	-3.465267500e-04
2.600150	1.420330706e-03
2.605150	-5.785947872e-04
2.610150	-9.686129918e-04
2.615151	-7.966635689e-04
2.620151	-1.179682146e-03
2.625151	2.128086580e-03
2.630152	-7.397887540e-04
2.635152	-4.618453772e-04
2.640152	7.510441311e-04
2.645152	-1.734853170e-03
2.650153	-2.999764245e-04
2.655153	1.908855731e-03
2.660153	-7.970288440e-04
2.665154	-4.060918844e-04
2.670154	2.022727641e-03
2.675154	-8.019163811e-05
2.680154	-1.075174755e-03
2.685155	-1.907167250e-03
2.690155	-8.031296754e-05
2.695155	-1.853473274e-04
2.700156	-1.373904886e-04
2.705156	1.385532266e-04
2.710156	2.625057177e-04
2.715156	2.242351263e-03
2.720157	1.133374845e-03
2.725157	-1.954487507e-03
2.730157	-1.180572411e-03
2.735158	8.131457847e-05
2.740158	1.907169080e-03
2.745158	1.363160182e-03
2.750158	-1.237730154e-03
2.755159	5.871244548e-04
2.760159	-1.686784694e-03
2.765159	-2.680767593e-03
2.770160	1.246965869e-03
2.775160	1.083935113e-03
2.780160	1.141891636e-03
2.785161	-1.905972824e-03
2.790161	-2.565974889e-03
2.795161	2.575688693e-03
2.800161	2.575648625e-03
2.805162	5.867232014e-04
2.810162	-1.688185724e-03
2.815162	5.306463775e-04
2.820163	2.078517165e-03
2.825163	-2.959232477e-03
2.830163	-1.849336414e-03
2.835163	-3.014655752e-04
2.840164	-3.025054507e-04
2.845164	6.923972909e-04
2.850164	1.132332034e-03
2.855165	1.801253597e-03
2.860165	9.031233714e-05
2.865165	-1.397142563e-04
2.870165	-6.837227369e-04
2.875166	3.219618555e-05
2.880166	-2.548270718e-04
2.885166	-1.630787553e-03
2.890167	2.517933576e-03
2.895167	2.050271293e-04
2.900167	-3.065824091e-03
2.905167	-2.550258008e-04
2.910168	1.469113377e-04
2.915168	-3.500996970e-04
2.920168	1.958291773e-04
2.925169	-1.401911012e-04
2.930169	5.767279531e-04
2.935169	2.020605127e-03
2.940169	-6.272818577e-04
2.945170	-1.182289446e-03
2.950170	1.522515109e-03
2.955170	9.695074413e-04
2.960171	-1.688378898e-03
2.965171	-1.679418919e-03
2.970171	-3.113375762e-03
2.975171	6.333688298e-04
2.980172	1.963252732e-03
2.985172	1.026267299e-03
2.990172	1.073225176e-03
2.995173	-1.354674294e-03
3.000173	-1.564701571e-03
3.005173	-7.427883043e-04
3.010173	2.955959178e-03
3.015174	-1.851803061e-03
3.020174	-3.456749873e-03
3.025174	3.788793249e-03
3.030175	1.913862033e-03
3.035175	-1.021008076e-03
3.040175	-2.610465402e-05
3.045175	1.938434492e-04
3.050176	-1.966071270e-03
3.055176	-1.402142955e-03
3.060176	3.232550765e-03
3.065177	1.627604115e-03
3.070177	-3.562135911e-03
3.075177	-8.583308533e-04
3.080178	3.232394290e-03
3.085178	-1.414503389e-04
3.090178	-1.240426058e-03
3.095178	-8.484876862e-04
3.100179	5.853906535e-04
3.105179	3.013211727e-03
3.110179	-2.014537490e-03
3.115180	-3.066515826e-03
3.120180	2.735110858e-03
3.125180	1.407148464e-03
3.130180	-7.427665392e-04
3.135181	8.714673794e-05
3.140181	1.186044531e-03
3.145181	7.960281540e-04
3.150182	-1.469880090e-03
3.155182	2.999464890e-05
3.160182	-4.100187908e-04
3.165182	3.091701580e-05
3.170183	6.908402201e-04
3.175183	-6.961185879e-04
3.180183	1.917915141e-04
3.185184	-1.404155212e-03
3.190184	9.666694621e-04
3.195184	3.012512885e-03
3.200184	-1.795248676e-03
3.205185	-1.403309896e-03
3.210185	-7.443864839e-04
3.215185	1.953089596e-05
3.220186	-8.494575951e-04
3.225186	-1.069483469e-03
3.230186	-6.965434991e-04
3.235186	-3.146040287e-04
3.240187	3.063216871e-04
3.245187	2.075181262e-03
3.250187	6.322259653e-04
3.255188	-1.795672547e-03
3.260188	1.921744646e-04
3.265188	-1.021793973e-03
3.270188	-3.058736168e-04
3.275189	2.676916110e-03
3.280189	5.270016727e-04
3.285189	-2.959892209e-04
3.290190	-5.830109851e-04
3.295190	-2.130960058e-03
3.300190	2.018672250e-04
3.305190	2.017724322e-03
3.310191	2.007686672e-03
3.315191	-1.195166945e-03
3.320191	-2.953103819e-03
3.325192	-1.461227972e-03
3.330192	-4.203261135e-04
3.335192	1.682514561e-03
3.340192	8.605238232e-04
3.345193	-7.646026733e-05
3.350193	1.357419020e-03
3.355193	-4.775132789e-04
3.360194	-9.745226679e-04
3.365194	2.483688388e-04
3.370194	-9.655991898e-04
3.375195	1.023248212e-03
3.380195	5.252389592e-04
3.385195	9.651756694e-04
3.390195	6.311570052e-04
3.395196	-5.838108669e-04
3.400196	1.854010758e-03
3.405196	-1.519832651e-03
3.410197	3.060242831e-04
3.415197	1.079941864e-03
3.420197	-1.414952142e-03
3.425197	-2.906979042e-05
3.430198	-8.610595952e-04
3.435198	-2.743988811e-03
3.440198	-9.081323328e-04
3.445199	1.518690106e-03
3.450199	4.721467843e-03
3.455199	2.351566774e-03
3.460199	-1.741234978e-03
3.465200	-3.671161364e-03
3.470200	-1.855303612e-03
3.475200	2.675397693e-03
3.480201	1.405433332e-03
3.485201	-1.473438281e-03
3.490201	-7.465176894e-04
3.495201	-1.844491902e-03
3.500202	9.063120873e-04
3.505202	2.560179317e-03
3.510202	-1.683613529e-03
3.515203	-9.666922589e-04
3.520203	-8.037390409e-04
3.525203	-1.918116784e-04
3.530203	1.577049026e-03
3.535204	1.890916906e-04
3.540204	-1.636840383e-03
3.545204	-8.696699488e-05
3.550205	7.439478496e-04
3.555205	1.795849979e-03
3.560205	4.108925730e-04
3.565205	-8.040746089e-04
3.570206	2.468276397e-04
3.575206	-1.417113625e-03
3.580206	-8.822735562e-05
3.585207	-1.243197912e-03
3.590207	2.769174107e-05
3.595207	2.234527473e-03
3.600207	-1.856273818e-03
3.605208	-9.673620875e-04
3.610208	1.297470365e-03
3.615208	7.924624743e-04
3.620209	-8.614791783e-04
3.625209	-1.684468701e-03
3.630209	1.957284479e-03
3.635209	-3.656185557e-04
3.640210	-7.476334297e-04
3.645210	1.795183149e-03
3.650210	6.862102144e-04
3.655211	1.240141462e-03
3.660211	-8.047774882e-04
3.665211	-1.798756987e-03
3.670212	1.135037165e-03
3.675212	1.320582276e-04
3.680212	-1.416889222e-03
3.685212	-8.000297146e-05
3.690213	1.794852296e-03
3.695213	1.297844283e-03
3.700213	-4.140936876e-04
3.705214	-2.601391747e-04
3.710214	-3.185007197e-03
3.715214	-5.851936046e-04
3.720214	2.731578688e-03
3.725215	6.376628400e-04
3.730215	-8.062904464e-04
3.735215	-7.003330381e-04
3.740216	-1.083347427e-03
3.745216	7.995076155e-04
3.750216	9.064650311e-04
3.755216	1.404727796e-04
3.760217	-9.115029680e-04
3.765217	-3.290402218e-03
3.770217	-1.465543725e-03
3.775218	4.269089456e-03
3.780218	1.841193095e-03
3.785218	-1.293662500e-03
3.790218	3.042091635e-04
3.795219	-2.631657856e-03
3.800219	4.071308057e-04
3.805219	1.842011928e-03
3.810220	-1.465833587e-03
3.815220	-2.999369180e-04
3.820220	-3.198847497e-05
3.825220	-2.040146526e-04
3.830221	1.239866061e-03
3.835221	-1.141032767e-03
3.840221	-8.640847543e-04
3.845222	7.517861135e-04
3.850222	-5.771732753e-04
3.855222	1.009699308e-03
3.860222	1.777113214e-04
3.865223	-3.662932406e-04
3.870223	1.631555724e-03
3.875223	-1.352308176e-03
3.880224	-9.041675142e-05
3.885224	-1.474492902e-04
3.890224	-1.351415705e-03
3.895224	8.564212689e-04
3.900225	-1.141499342e-03
3.905225	4.083755966e-04
3.910225	8.235867246e-05
3.915226	-1.629578354e-03
3.920226	7.228789299e-05
3.925226	1.458172373e-03
3.930226	3.504018840e-03
3.935227	-8.167677383e-04
3.940227	-2.910682637e-03
3.945227	-1.905776109e-03
3.950228	1.850971843e-03
3.955228	1.075980998e-03
3.960228	-2.183866613e-03
3.965229	7.879266470e-04
3.970229	1.782833865e-03
3.975229	9.618457617e-04
3.980229	-1.639039737e-03
3.985230	-1.190100985e-03
3.990230	1.467710485e-03
3.995230	1.353681729e-03
4.000231	-1.304200393e-03
4.005231	-1.258238324e-03
4.010231	-9.134083593e-05
4.015231	-1.304306165e-03
4.020232	-2.054047118e-04
4.025232	-5.784184040e-04
4.030232	1.133447768e-03
4.035233	3.331285954e-03
4.040233	3.004255124e-04
4.045233	-6.445551230e-04
4.050233	-9.805708321e-04
4.055234	-9.716064005e-04
4.060234	4.072791009e-04
4.065234	1.458183528e-03
4.070235	2.323124755e-05
4.075235	-1.028743082e-03
4.080235	-1.085774731e-03
4.085235	2.508983178e-03
4.090236	-1.572816462e-03
4.095236	-5.879080912e-04
4.100236	2.230894609e-03
4.105237	-9.129590183e-04
4.110237	-5.880125414e-04
4.115237	-9.140285238e-04
4.120237	-1.491073573e-04
4.125238	-5.311200654e-04
4.130238	-5.311547647e-04
4.135238	-9.121479778e-05
4.140239	1.792641975e-03
4.145239	1.122645958e-03
4.150239	-1.966210627e-03
4.155239	-1.191289872e-03
4.160240	1.342529536e-03
4.165240	-3.442564151e-05
4.170240	-5.794287433e-04
4.175241	-5.314659961e-04
4.180241	1.781366242e-03
4.185241	1.122369782e-03
4.190241	-3.351406796e-03
4.195242	7.036160229e-05
4.200242	3.005158090e-03
4.205242	7.929237257e-05
4.210243	-6.367006839e-04
4.215243	-3.476967302e-05
4.220243	2.901773254e-04
4.225244	-6.948001567e-04
4.230244	-4.748470591e-04
4.235244	1.733991436e-03
4.240244	8.005258053e-05
4.245245	-2.634825105e-03
4.250245	-7.609672317e-04
4.255245	6.819155044e-04
4.260246	1.359128912e-04
4.265246	3.558661574e-04
4.270246	-9.214205523e-05
4.275246	9.027665959e-04
4.280247	-1.584124060e-03
4.285247	-5.902153029e-04
4.290247	2.427027571e-04
4.295248	1.188614329e-03
4.300248	4.136251074e-04
4.305248	-1.756283696e-03
4.310248	7.865359137e-04
4.315249	1.365395611e-04
4.320249	4.614870435e-04
4.325249	1.064418529e-03
4.330250	1.188377644e-03
4.335250	-2.555728522e-04
4.340250	2.893620494e-04
4.345250	-1.527566902e-03
4.350251	-1.469603885e-03
4.355251	1.272704632e-04
4.360251	4.612176232e-04
4.365252	2.981934500e-04
4.370252	-6.477855741e-04
4.375252	2.901268511e-04
4.380252	-1.689792534e-03
4.385253	1.187008196e-03
4.390253	1.732943286e-03
4.395253	-1.306914937e-03
4.400254	-2.138900382e-03
4.405254	-8.110102841e-04
4.410254	5.758764385e-04
4.415254	2.334741748e-03
4.420255	-3.615490564e-05
4.425255	-2.025073549e-03
4.430255	1.120711902e-03
4.435256	2.997259967e-04
4.440256	1.257028297e-04
4.445256	7.946311053e-04
4.450256	-3.623353612e-04
4.455257	-1.757288087e-03
4.460257	-7.053818082e-04
4.465257	4.125206917e-04
4.470258	1.350433590e-03
4.475258	-1.985101598e-04
4.480258	1.254381739e-04
4.485258	-4.285628678e-04
4.490259	1.833689188e-04
4.495259	1.235275373e-03
4.500259	-3.616654844e-04
4.505260	-1.470634440e-03
4.510260	6.802087543e-04
4.515260	1.397134616e-03
4.520261	-2.464675608e-03
4.525261	3.451296845e-04
4.530261	1.455032974e-03
4.535261	3.550636511e-04
4.540262	-3.239299083e-04
4.545262	-1.423899180e-03
4.550262	5.739530353e-04
4.555263	-3.704436658e-05
4.560263	-1.585987686e-03
4.565263	7.788385459e-05
4.570263	8.528066538e-04
4.575264	-1.470091983e-03
4.580264	-5.351783533e-04
4.585264	-4.292169226e-04
4.590265	1.172522759e-05
4.595265	1.567603146e-03
4.600265	-8.022926541e-04
4.605265	-6.483338869e-04
4.610266	2.007480715e-03
4.615266	1.348486387e-03
4.620266	-1.863360785e-03
4.625267	5.644670343e-04
4.630267	9.004154417e-04
4.635267	-8.115180983e-04
4.640267	1.615309856e-03
4.645268	7.363283619e-04
4.650268	-1.748560552e-03
4.655268	-1.031633972e-03
4.660269	2.122152188e-03
4.665269	2.024127984e-05
4.670269	-2.694634275e-03
4.675269	-7.557780158e-04
4.680270	-1.528765437e-03
4.685270	5.740814236e-04
4.690270	2.446941565e-03
4.695271	-5.349184725e-04
4.700271	7.701439293e-05
4.705271	2.289737945e-04
4.710271	1.394874785e-03
4.715272	1.992224046e-05
4.720272	-1.414026878e-03
4.725272	1.127794892e-03
4.730273	3.448083093e-04
4.735273	-7.641594600e-04
4.740273	-4.782075971e-04
4.745273	1.917221621e-04
4.750274	-9.282448943e-04
4.755274	7.826249246e-04
4.760274	5.166087048e-04
4.765275	6.305706120e-04
4.770275	5.735424004e-04
4.775275	-1.204386603e-03
4.780275	-2.199360705e-03
4.785276	4.014579821e-04
4.790276	3.173266841e-03
4.795276	-8.025353856e-04
4.800277	-1.204543556e-03
4.805277	-1.702546167e-03
4.810277	-8.606259754e-04
4.815278	3.383098184e-03
4.820278	-5.357071936e-04
4.825278	-2.791608384e-03
4.830278	1.231924465e-04
4.835279	1.118103954e-03
4.840279	4.021140929e-04
4.845279	1.891997127e-03
4.850280	-1.253852639e-03
4.855280	-4.072721223e-03
4.860280	5.159832950e-04
4.865280	5.719490778e-04
4.870281	1.508864115e-03
4.875281	1.557830355e-03
4.880281	-3.160925549e-04
4.885282	6.298220446e-04
4.890282	-7.081317014e-04
4.895282	-1.205133888e-03
4.900282	9.067135961e-04
4.905283	-8.042185729e-04
4.910283	-1.368216817e-03
4.915283	-2.693108725e-04
4.920284	2.956258734e-04
4.925284	1.567521902e-03
4.930284	8.405331601e-04
4.935284	2.945340145e-04
4.940285	8.964687366e-04
4.945285	-3.950787879e-05
4.950285	-7.554971456e-04
4.955286	8.428322017e-06
4.960286	3.513780793e-04
4.965286	-1.587540624e-03
4.970286	-1.032603030e-03
4.975287	2.942901012e-04
4.980287	-1.703625120e-03
4.985287	1.461162141e-03
4.990288	2.780055815e-03
4.995288	2.216058035e-03
5.000288	-3.984220819e-05
5.005288	-1.970761153e-03
5.010289	-1.090842070e-03
5.015289	-2.599201350e-04
5.020289	-2.029535668e-04
5.025290	-1.530907153e-03
5.030290	-1.760923990e-03
5.035290	7.908988735e-04
5.040290	1.240842903e-03
5.045291	-4.011328136e-05
5.050291	7.853971047e-06
5.055291	-1.541666465e-04
5.060292	-1.197136464e-03
5.065292	1.797542806e-04
5.070292	3.114555265e-03
5.075292	1.670396090e-05
5.080293	-2.583176016e-03
5.085293	1.058584308e-03
5.090293	3.415958691e-04
5.095294	-1.474329206e-03
5.100294	2.062437252e-03
5.105294	-4.047122769e-05
5.110295	1.224897305e-04
5.115295	-1.455244449e-04
5.120295	-1.531474162e-03
5.125295	-3.745704042e-04
5.130296	-1.556125616e-04
5.135296	1.172281397e-03
5.140296	-8.767546926e-05
5.145297	-1.808605740e-03
5.150297	-3.277205147e-04
5.155297	-8.627190788e-04
5.160297	9.051496627e-04
5.165298	2.330038200e-03
5.170298	-2.306723881e-03
5.175298	4.560876029e-04
5.180299	7.330423836e-04
5.185299	-3.300754363e-03
5.190299	3.420064904e-04
5.195299	7.909514433e-04
5.200300	5.709349792e-04
5.205300	-2.710456106e-04
5.210300	-5.950560247e-04
5.215301	-4.111700974e-05
5.220301	-8.740980333e-04
5.225301	1.956709814e-03
5.230301	2.559646090e-03
5.235302	-1.590143689e-03
5.240302	-1.752163269e-03
5.245302	2.549559918e-03
5.250303	5.606456857e-04
5.255303	-1.083288401e-03
5.260303	1.306128336e-04
5.265303	-2.613933491e-04
5.270304	6.355917586e-05
5.275304	6.453040154e-05
5.280304	9.044533040e-04
5.285305	-4.814954800e-04
5.290305	-1.646456972e-03
5.295305	-4.335554795e-04
5.300305	-4.245845719e-04
5.305306	-1.857530533e-03
5.310306	1.115269616e-03
5.315306	3.714091348e-03
5.320307	3.502567569e-04
5.325307	-1.704653243e-03
5.330307	-4.907516077e-04
5.335307	-7.587645354e-04
5.340308	-1.478280913e-04
5.345308	1.513420002e-05
5.350308	-7.678489616e-04
5.355309	5.130489567e-04
5.360309	-1.972836003e-03
5.365309	-2.709622891e-04
5.370309	3.551789220e-03
5.375310	2.919489528e-04
5.380310	-4.247817519e-03
5.385310	-4.240659804e-04
5.390311	1.735781484e-03
5.395311	1.778432458e-04
5.400311	-2.141621598e-04
5.405312	-6.551647125e-04
5.410312	1.448686095e-03
5.415312	1.181673573e-03
5.420312	-8.162391624e-04
5.425313	-2.317180511e-03
5.430313	-1.256269478e-03
5.435313	1.008572196e-03
5.440314	-4.239499819e-05
5.445314	-9.841950541e-05
5.450314	2.345335984e-04
5.455314	5.684866739e-04
5.460315	2.924749331e-04
5.465315	1.774539430e-04
5.470315	-5.395323243e-04
5.475316	-2.078471190e-03
5.480316	8.363332881e-04
5.485316	3.393344302e-04
5.490316	1.432568920e-05
5.495317	2.500154979e-03
5.500317	1.286197530e-03
5.505317	9.511894537e-04
5.510318	-1.925672097e-03
5.515318	-2.422670779e-03
5.520318	7.321201039e-04
5.525318	-2.135741877e-03
5.530319	-1.696794412e-03
5.535319	1.771978463e-03
5.540319	2.049935266e-03
5.545320	7.319840763e-04
5.550320	1.769889443e-04
5.555320	9.029200175e-04
5.560320	-4.250305070e-04
5.565321	-1.763980368e-03
5.570321	2.278759635e-03
5.575321	-4.821082167e-04
5.580322	-3.196978689e-03
5.585322	-1.011840216e-04
5.590322	-5.401856012e-04
5.595322	7.175227957e-05
5.600323	6.726908241e-04
5.605323	-1.591205491e-03
5.610323	1.123611283e-03
5.615324	3.216463932e-03
5.620324	-1.592285624e-03
5.625324	-1.143338171e-03
5.630324	-7.123896498e-04
5.635325	3.395231125e-04
5.640325	9.514612620e-04
5.645325	1.764793747e-04
5.650326	-7.034964315e-04
5.655326	-6.465262073e-04
5.660326	2.718253406e-03
5.665326	3.393640777e-04
5.670327	5.683244796e-04
5.675327	-1.210599367e-03
5.680327	-2.146571766e-03
5.685328	-7.026812941e-04
5.690328	1.425110462e-05
5.695328	1.064164343e-03
5.700329	-7.617566446e-04
5.705329	-7.027862347e-04
5.710329	-1.151786518e-03
5.715329	2.811047679e-04
5.720330	-4.838772443e-04
5.725330	1.227998024e-03
5.730330	4.094806759e-03
5.735331	-8.189360544e-04
5.740331	-2.585860200e-03
5.745331	6.996078620e-05
5.750331	2.899221900e-04
5.755332	-3.210684851e-04
5.760332	3.478671034e-04
5.765332	-8.180915261e-04
5.770333	1.383472948e-05
5.775333	-1.152123839e-03
5.780333	6.147485929e-04
5.785333	2.057639728e-03
5.790334	-1.487181647e-03
5.795334	1.007648922e-03
5.800334	1.895572133e-03
5.805335	-1.373265057e-03
5.810335	-1.698271879e-03
5.815335	-1.143329385e-03
5.820335	7.205377009e-04
5.825336	3.553561395e-06
5.830336	-4.844437448e-04
5.835336	7.294608929e-04
5.840337	3.954547730e-04
5.845337	-5.415165653e-04
5.850337	-4.457051467e-05
5.855337	-5.415671489e-04
5.860338	-5.985891096e-04
5.865338	7.034712078e-05
5.870338	1.843153667e-04
5.875339	3.942781110e-04
5.880339	1.561185734e-03
5.885339	1.609157876e-03
5.890339	-2.922606005e-03
5.895340	-2.529653684e-03
5.900340	7.871301574e-04
5.905340	2.278019262e-03
5.910341	7.200841127e-04
5.915341	2.774940776e-03
5.920341	-1.095861013e-03
5.925341	-2.922780567e-03
5.930342	1.789923008e-03
5.935342	1.006943349e-03
5.940342	-1.095960206e-03
5.945343	-1.315972248e-03
5.950343	-9.350188950e-04
5.955343	1.607809893e-03
5.960343	-4.850941149e-04
5.965344	-4.460889574e-03
5.970344	2.277697491e-03
5.975344	3.109625008e-03
5.980345	-1.594128402e-03
5.985345	-4.372195527e-04
5.990345	8.346827008e-04
5.995346	-2.751135047e-03
6.000346	-3.304127556e-03
6.005346	7.766129080e-04
6.010346	5.145336805e-03
6.015347	1.340531804e-03
6.020347	-9.253618596e-04
6.025347	-3.804174903e-04
6.030348	-1.479378346e-03
6.035348	6.234762984e-04
6.040348	-1.097448648e-03
6.045348	9.494092858e-04
6.050349	8.913885628e-04
6.055349	-2.148460275e-03
6.060349	-1.202538796e-03
6.065350	5.663352844e-04
6.070350	-5.426247435e-04
6.075350	1.168252743e-03
6.080350	7.862508805e-04
6.085351	6.712336625e-04
6.090351	-3.807295245e-04
6.095351	-9.247219561e-04
6.100352	1.284126988e-03
6.105352	-6.017880410e-04
6.110352	4.981248779e-04
6.115352	2.801137851e-04
6.120353	-1.919783053e-03
6.125353	1.501996143e-03
6.130353	1.827953794e-03
6.135354	-2.196837774e-03
6.140354	8.429635324e-04
6.145354	1.502902030e-03
6.150354	-1.478949551e-03
6.155355	-2.180456260e-04
6.160355	-1.767979670e-03
6.165355	-2.808943017e-03
6.170356	1.838611881e-04
6.175356	-2.081394969e-04
6.180356	-4.951462012e-04
6.185356	3.098623463e-03
6.190357	1.110714852e-03
6.195357	-2.197117656e-03
6.200357	-7.542239334e-04
6.205358	-1.512817695e-04
6.210358	1.215616397e-03
6.215358	-1.432254019e-03
6.220358	2.306271522e-04
6.225359	2.878451590e-03
6.230359	-2.914237483e-03
6.235359	-9.833716608e-04
6.240360	2.315354570e-04
6.245360	1.052536390e-05
6.250360	2.266372553e-03
6.255360	-3.235009504e-04
6.260361	-9.834856478e-04
6.265361	8.903836519e-04
6.270361	1.779309749e-03
6.275362	-1.652515101e-03
6.280362	-6.585949902e-04
6.285362	1.837238592e-03
6.290363	-3.806561250e-04
6.295363	-2.666852034e-04
6.300363	7.362345170e-04
6.305363	-7.157042481e-04
6.310364	-1.537679288e-03
6.315364	-2.577754346e-04
6.320364	1.053126665e-03
6.325365	-1.327758433e-03
6.330365	-2.255727235e-03
6.335365	1.396040048e-03
6.340365	1.329021691e-03
6.345366	4.510501042e-04
6.350366	-4.694334977e-05
6.355366	2.880152226e-04
6.360367	-2.659749394e-04
6.365367	-1.328935735e-03
6.370367	-1.700936321e-03
6.375367	8.428950755e-04
6.380368	1.223851159e-03
6.385368	-3.250814991e-04
6.390368	2.218749995e-03
6.395369	1.728460441e-04
6.400369	-8.211185012e-04
6.405369	1.158057020e-04
6.410369	1.147839948e-04
6.415370	-4.882029864e-04
6.420370	-2.255122853e-03
6.425370	1.339648299e-03
6.430371	1.223633349e-03
6.435371	-2.647165166e-03
6.440371	-9.262859172e-04
6.445371	1.280565356e-03
6.450372	2.437477174e-03
6.455372	-1.043978018e-04
6.460372	-4.383999922e-04
6.465373	9.552783278e-06
6.470373	-8.794173570e-04
6.475373	9.474560118e-04
6.480373	-4.750795426e-05
6.485374	-2.533385961e-03
6.490374	1.338369652e-03
6.495374	7.743809458e-04
6.500375	-2.370458984e-03
6.505375	-1.041556719e-03
6.510375	-6.595998454e-04
6.515375	1.778238573e-03
6.520376	7.362775782e-04
6.525376	-1.146634917e-03
6.530376	-3.347026930e-04
6.535377	3.912345202e-04
6.540377	-9.267104375e-04
6.545377	8.891640244e-04
6.550377	2.552047337e-03
6.555378	-1.318750392e-03
6.560378	-2.208719884e-03
6.565378	2.291188637e-04
6.570379	-9.268352325e-04
6.575379	7.270487633e-04
6.580379	3.920474187e-04
6.585380	-2.313817252e-03
6.590380	3.340095588e-04
6.595380	3.373813811e-03
6.600380	6.698387579e-05
6.605381	-1.309957253e-03
6.610381	-4.805043472e-05
6.615381	-2.200609417e-04
6.620382	-1.205024562e-03
6.625382	8.885121685e-06
6.630382	1.777762854e-03
6.635382	1.997729888e-03
6.640383	9.467702042e-04
6.645383	-2.094074763e-03
6.650383	-4.981869278e-04
6.655384	-1.873127840e-03
6.660384	-1.147189801e-03
6.665384	6.106887979e-04
6.670384	2.379566796e-03
6.675385	1.443600717e-03
6.680385	-1.377256696e-03
6.685385	-5.453245990e-04
6.690386	3.436042466e-04
6.695386	-4.313709778e-04
6.700386	-3.823936562e-04
6.705386	-1.634260983e-04
6.710387	1.441461617e-03
6.715387	-1.587383575e-03
6.720387	-3.254760253e-04
6.725388	1.490399631e-03
6.730388	-2.036416762e-03
6.735388	1.233375167e-03
6.740388	1.385346820e-03
6.745389	1.134005716e-04
6.750389	-1.922501614e-03
6.755389	-2.534485831e-03
6.760390	8.303007902e-04
6.765390	1.719230137e-03
6.770390	1.443226657e-03
6.775390	-9.366555360e-04
6.780391	-9.672326464e-05
6.785391	1.337174808e-03
6.790391	-1.874659336e-03
6.795392	-2.777705897e-04
6.800392	1.328117671e-03
6.805392	-2.199698160e-03
6.810392	3.431361683e-04
6.815393	8.400884421e-04
6.820393	-1.377802784e-03
6.825393	8.300509515e-04
6.830394	8.880286260e-04
6.835394	8.400124431e-04
6.840394	-8.719078095e-04
6.845395	-9.768871772e-07
6.850395	6.689656525e-04
6.855395	-1.367935769e-03
6.860395	1.129601001e-04
6.865396	-8.240046471e-04
6.870396	5.628967068e-04
6.875396	3.338912250e-04
6.880397	-2.314974758e-03
6.885397	1.164806077e-03
6.890397	9.458001208e-04
6.895397	-1.980049797e-03
6.900398	3.907950518e-04
6.905398	9.447446486e-04
6.910398	-2.692038304e-04
6.915399	-6.611996476e-04
6.920399	1.221673460e-03
6.925399	1.059664456e-03
6.930399	-1.100229369e-03
6.935400	-4.312861963e-04
6.940400	-1.436246516e-03
6.945400	-1.321271348e-03
6.950401	6.195986206e-04
6.955401	2.770456521e-03
6.960401	1.135915425e-04
6.965401	-9.373659567e-04
6.970402	-5.944037583e-04
6.975402	-2.704404309e-04
6.980402	-3.844518274e-04
6.985403	6.550430677e-05
6.990403	1.050429643e-03
6.995403	9.444178876e-04
7.000403	-1.646450622e-03
7.005404	-1.827457987e-03
7.010404	1.442335800e-03
7.015404	3.383206213e-03
7.020405	-4.425909875e-04
7.025405	-3.252446706e-03
7.030405	-2.686362993e-04
7.035405	-1.932557993e-03
7.040406	-5.466554254e-04
7.045406	3.267107251e-03
7.050406	9.442236375e-04
7.055407	-9.296858172e-04
7.060407	4.002201150e-04
7.065407	-1.077679941e-04
7.070407	-2.797754327e-04
7.075408	1.108127260e-03
7.080408	-3.758044993e-04
7.085408	4.461308806e-04
7.090409	7.250975881e-04
7.095409	-1.980763644e-03
7.100409	-6.038601457e-04
7.105409	-9.120073971e-07
7.110410	8.290230832e-04
7.115410	1.210468436e-04
7.120410	-2.699476304e-04
7.125411	-1.482894698e-03
7.130411	-6.609590087e-04
7.135411	2.816823649e-03
7.140412	-1.541942010e-03
7.145412	-2.257917582e-03
7.150412	1.498849100e-03
7.155412	4.468929609e-04
7.160413	1.798916164e-04
7.165413	8.398368831e-04
7.170413	7.708241969e-04
7.175414	2.168394958e-04
7.180414	-9.291110536e-04
7.185414	-2.144057592e-03
7.190414	3.897798485e-04
7.195415	1.938674089e-03
7.200415	-1.160163770e-03
7.205415	1.117465036e-04
7.210416	1.441653469e-03
7.215416	-1.426197599e-03
7.220416	-3.472096004e-03
7.225416	-8.822615488e-04
7.230417	3.103492490e-03
7.235417	8.866040429e-04
7.240417	6.096038282e-04
7.245418	7.235811148e-04
7.250418	-1.436310513e-03
7.255418	-4.333843899e-04
7.260418	3.985516223e-04
7.265419	1.705487573e-04
7.270419	-2.545310689e-03
7.275419	5.514948952e-04
7.280420	7.814657398e-04
7.285420	-1.150438784e-03
7.290420	6.654407285e-04
7.295420	-1.075305193e-04
7.300421	-1.426470266e-03
7.305421	6.093966723e-04
7.310421	3.046240536e-03
7.315422	-1.312523911e-03
7.320422	-1.435532444e-03
7.325422	2.743534214e-04
7.330422	1.392273439e-03
7.335423	-8.726115460e-04
7.340423	-2.593527847e-03
7.345423	-1.656597294e-03
7.350424	2.100170777e-03
7.355424	2.214148830e-03
7.360424	-1.207669302e-03
7.365424	9.441913700e-04
7.370425	-2.807533056e-04
7.375425	2.262022382e-04
7.380425	1.613107102e-03
7.385426	-1.217744914e-03
7.390426	-1.216760105e-03
7.395426	2.110033062e-03
7.400426	-3.768386743e-04
7.405427	8.280768536e-04
7.410427	-5.468588974e-04
7.415427	-2.152781301e-03
7.420428	1.680700170e-04
7.425428	2.360512108e-04
7.430428	1.048989505e-03
7.435429	-1.089585763e-04
7.440429	-8.739292712e-04
7.445429	5.509738587e-04
7.450429	-1.080028748e-04
7.455430	-2.130115003e-04
7.460430	1.382881880e-03
7.465430	-1.379973494e-03
7.470431	-2.535921444e-03
7.475431	-9.880251921e-04
7.480431	-9.880396929e-04
7.485431	-7.680668372e-04
7.490432	8.858234119e-04
7.495432	2.654707069e-03
7.500432	2.108724175e-03
7.505433	5.597991194e-04
7.510433	-1.275109419e-03
7.515433	8.857517882e-04
7.520433	1.335711636e-03
7.525434	-1.380146024e-03
7.530434	-2.489096261e-03
7.535434	-9.881968770e-04
7.540435	2.166607222e-03
7.545435	6.371437573e-05
7.550435	-6.632577342e-04
7.555435	-1.829204509e-03
7.560436	-9.882669127e-04
7.565436	2.271531312e-03
7.570436	-9.872947372e-04
7.575437	-1.208295831e-03
7.580437	-1.275305765e-03
7.585437	-1.876284889e-03
7.590437	1.554503658e-03
7.595438	2.255665593e-04
7.600438	-8.253865247e-04
7.605438	5.551966667e-06
7.610439	8.944871509e-04
7.615439	1.685154434e-04
7.620439	6.564738083e-04
7.625439	5.497849441e-06
7.630440	-1.591423556e-03
7.635440	1.105407610e-03
7.640440	-7.684977602e-04
7.645441	-2.709399234e-03
7.650441	-3.568480082e-06
7.655441	9.523631623e-04
7.660441	-8.835442561e-04
7.665442	1.220321298e-03
7.670442	1.000320820e-03
7.675442	-9.985770981e-04
7.680443	1.391272080e-03
7.685443	-1.045600525e-03
7.690443	-3.673589448e-06
7.695443	2.051195002e-03
7.700444	9.432459132e-04
7.705444	-1.657617098e-03
7.710444	-2.862560525e-03
7.715445	1.219191392e-03
7.720445	1.219178592e-03
7.725445	3.402164837e-04
7.730446	-2.137643183e-04
7.735446	-2.594639794e-03
7.740446	-1.389721896e-03
7.745446	1.111789785e-04
7.750447	4.541466249e-04
7.755447	-5.488081227e-04
7.760447	1.544058742e-03
7.765448	-2.718490806e-04
7.770448	-2.421737619e-03
7.775448	7.800654410e-04
7.780448	-4.438763917e-04
7.785449	-1.772812137e-03
7.790449	-9.992085335e-05
7.795449	3.217875665e-03
7.800450	1.324972530e-03
7.805450	-2.212835768e-03
7.810450	-6.059405369e-04
7.815450	3.299933996e-04
7.820451	1.437917459e-03
7.825451	1.199813661e-04
7.830451	-1.044963509e-03
7.835452	6.296065855e-05
7.840452	-2.150352627e-04
7.845452	-1.045999279e-03
7.850452	-1.437988558e-03
7.855453	-6.640449990e-04
7.860453	6.190136242e-05
7.865453	-1.161039919e-03
7.870454	-5.490869158e-04
7.875454	2.710713518e-03
7.880454	-4.911136051e-04
7.885454	-2.721378457e-04
7.890455	1.323758593e-03
7.895455	-1.266103692e-03
7.900455	-1.486102525e-03
7.905456	8.367521238e-04
7.910456	3.307698449e-04
7.915456	9.897204628e-04
7.920456	-1.572248032e-04
7.925457	-1.572361350e-04
7.930457	1.486657825e-03
7.935457	-5.492360997e-04
7.940458	-6.552412147e-04
7.945458	-1.104226527e-03
7.950458	2.246857310e-04
7.955458	3.876652215e-04
7.960459	4.456507992e-04
7.965459	2.246524917e-04
7.970459	-2.041227926e-03
7.975460	-1.543267597e-03
7.980460	7.695881685e-04
7.985460	2.375484715e-03
7.990460	1.554521166e-03
7.995461	6.259632295e-05
8.000461	-2.261280536e-03
8.005461	1.543489426e-03
8.010462	1.105612915e-04
8.015462	-2.203316035e-03
8.020462	1.438463429e-03
8.025463	-1.705365992e-03
8.030463	-1.811370458e-03
8.035463	1.675049536e-04
8.040463	4.444784879e-04
8.045464	3.864713645e-04
8.050464	-1.161449854e-03
8.055464	-8.264795535e-04
8.060465	-5.495058745e-04
8.065465	1.772349987e-03
8.070465	7.693975049e-04
8.075465	-1.380488839e-03
8.080466	-5.975441760e-04
8.085466	-2.725730823e-04
8.090466	-4.445733100e-04
8.095467	-5.495773628e-04
8.100467	7.793359789e-04
8.105467	1.333294020e-03
8.110467	2.547214062e-03
8.115468	3.293319269e-04
8.120468	-4.143420216e-03
8.125468	-2.814506693e-03
8.130469	1.093149463e-04
8.135469	-1.820583641e-03
8.140469	-2.757539419e-03
8.145469	2.154167760e-03
8.150470	1.496195976e-03
8.155470	-5.272442370e-05
8.160470	1.380183360e-03
8.165471	-1.046686367e-03
8.170471	-5.275321155e-05
8.175471	-1.380686202e-03
8.180471	9.991671512e-04
8.185472	6.161797730e-04
8.190472	-2.700638482e-03
8.195472	-6.067685372e-04
8.200473	7.691428221e-04
8.205473	-1.659726499e-03
8.210473	4.441429782e-04
8.215473	3.368965177e-03
8.220474	-2.375712933e-03
8.225474	-2.365722669e-03
8.230474	1.830026392e-03
8.235475	1.878014539e-03
8.240475	-2.040768658e-03
8.245475	-8.268476352e-04
8.250475	2.546948943e-03
8.255476	7.210452349e-04
8.260476	-2.249091514e-04
8.265476	1.610976171e-03
8.270477	8.360120034e-04
8.275477	-3.541744486e-03
8.280477	-2.374820500e-03
8.285477	2.211906428e-03
8.290478	6.629870120e-04
8.295478	-1.428901075e-03
8.300478	-2.719763655e-04
8.305479	2.096878532e-03
8.310479	9.399366709e-04
8.315479	-3.694804716e-03
8.320480	-6.639878599e-04
8.325480	2.986793302e-03
8.330480	-1.706944575e-03
8.335480	3.869263901e-04
8.340481	2.269809552e-03
8.345481	-2.480924931e-03
8.350481	-1.162009192e-03
8.355482	8.828647431e-04
8.360482	5.588752411e-04
8.365482	-1.100943419e-04
8.370482	7.108502427e-04
8.375483	6.638448868e-04
8.380483	-5.312182015e-05
8.385483	-2.423993170e-03
8.390484	-2.424001125e-03
8.395484	1.046790923e-03
8.400484	7.797984284e-04
8.405484	1.829730072e-03
8.410485	-1.555082658e-03
8.415485	-1.707081670e-03
8.420485	1.390732057e-03
8.425486	8.837535770e-04
8.430486	-5.501714428e-04
8.435486	-1.162143798e-03
8.440486	1.542692724e-03
8.445487	2.817578438e-04
8.450487	-6.551956717e-04
8.455487	-1.112345009e-04
8.460488	-7.122073068e-04
8.465488	-2.041138121e-03
8.470488	-1.162196146e-03
8.475488	1.103665932e-03
8.480489	3.287033003e-04
8.485489	1.379635473e-03
8.490489	-4.352671499e-04
8.495490	-1.314223678e-03
8.500490	-1.113001550e-04
8.505490	-5.512819090e-04
8.510490	1.495593047e-03
8.515491	-3.873054729e-04
8.520491	1.055604365e-03
8.525491	1.877550029e-03
8.530492	-2.833323597e-04
8.535492	-9.902985061e-04
8.540492	-2.089242025e-03
8.545492	3.386112318e-04
8.550493	-1.683663303e-04
8.555493	-5.337970168e-05
8.560493	1.096041975e-04
8.565494	-5.395845351e-06
8.570494	8.935457115e-04
8.575494	1.609497852e-03
8.580494	-6.415577957e-06
8.585495	-9.423681592e-04
8.590495	8.355228879e-04
8.595495	5.005357444e-04
8.600496	1.495471990e-03
8.605496	-3.035273264e-03
8.610496	-7.704101353e-04
8.615497	1.762437585e-03
8.620497	-1.601374812e-03
8.625497	-2.154609164e-04
8.630497	-1.684698168e-04
8.635498	3.384948097e-04
8.640498	5.004793555e-04
8.645498	-1.496411638e-03
8.650499	7.204545512e-04
8.655499	1.828384689e-03
8.660499	-1.585067700e-04
8.665499	-8.844708643e-04
8.670500	5.146929687e-05
8.675500	2.804502395e-04
8.680500	-1.706441072e-03
8.685501	3.864325212e-04
8.690501	7.104080996e-04
8.695501	-7.705122626e-04
8.700501	1.184308285e-04
8.705502	1.664224235e-04
8.710502	6.633881795e-04
8.715502	-3.305601010e-04
8.720503	-2.758425703e-03
8.725503	1.664002376e-04
8.730503	-1.439512662e-03
8.735503	-2.204473993e-03
8.740504	2.546246826e-03
8.745504	2.536242059e-03
8.750504	1.160316051e-03
8.755505	7.303355629e-04
8.760505	-2.538481276e-03
8.765505	-2.155508544e-03
8.770505	4.423365734e-04
8.775506	3.540152913e-03
8.780506	6.163163392e-04
8.785506	-3.323461645e-03
8.790507	8.252942357e-04
8.795507	2.813206126e-04
8.800507	-1.106617333e-04
8.805507	7.202854760e-04
8.810508	6.632838979e-04
8.815508	5.582851230e-04
8.820508	-5.506557541e-04
8.825509	-3.306731848e-04
8.830509	-1.267623900e-03
8.835509	-2.166891478e-04
8.840509	2.155169512e-03
8.845510	-1.773608663e-03
8.850510	-1.597062451e-04
8.855510	2.489136562e-03
8.860511	-4.936960198e-04
8.865511	-3.307098696e-04
8.870511	-1.107269673e-04
8.875511	-1.880629344e-03
8.880512	1.045197685e-03
8.885512	1.055192801e-03
8.890512	-7.707062375e-04
8.895513	-7.707104715e-04
8.900513	-1.926648048e-03
8.905513	-7.697188859e-04
8.910514	6.051977496e-04
8.915514	5.571964300e-04
8.920514	-1.107691218e-04
8.925514	-5.027505424e-04
8.930515	2.384079104e-03
8.935515	1.055151757e-03
8.940515	-2.271660407e-03
8.945516	4.431792629e-04
8.950516	1.054140224e-03
8.955516	-8.857517624e-04
8.960516	-2.213678982e-03
8.965517	1.715090874e-03
8.970517	2.221058035e-03
8.975517	-1.153751104e-03
8.980518	5.491471471e-04
8.985518	-1.544735742e-03
8.990518	-9.437739078e-04
8.995518	3.807948740e-03
9.000519	-9.327814904e-04
9.005519	-2.042720939e-03
9.010519	7.781131041e-04
9.015520	1.820049709e-03
9.020520	4.431257583e-04
9.025520	-8.178048403e-04
9.030520	9.980872700e-04
9.035521	-1.937746724e-03
9.040521	2.231255784e-04
9.045521	1.658039757e-03
9.050522	-2.838514098e-04
9.055522	3.381096965e-04
9.060522	-1.764772118e-03
9.065522	-2.377739764e-03
9.070523	1.218050062e-03
9.075523	2.154993163e-03
9.080523	-1.588763430e-04
9.085524	-1.588791679e-04
9.090524	-1.440808074e-03
9.095524	3.105957357e-06
9.100524	1.876995245e-03
9.105525	5.109780101e-05
9.110525	2.330846729e-04
9.115525	-2.738887107e-04
9.120526	-8.378587724e-04
9.125526	4.090175006e-06
9.130526	1.828982509e-03
9.135526	3.850632734e-04
9.140527	-1.821811953e-03
9.145527	1.217010529e-03
9.150527	-6.658832954e-04
9.155528	-2.987751783e-03
9.160528	2.230608982e-04
9.165528	1.436988704e-03
9.170528	6.630311165e-04
9.175529	-9.328790622e-04
9.180529	-5.979004877e-04
9.185529	1.274989489e-03
9.190530	1.045000699e-03
9.195530	-7.708966528e-04
9.200530	2.163932232e-03
9.205531	1.321978823e-03
9.210531	-2.711790593e-03
9.215531	3.860290091e-04
9.220531	3.539845421e-03
9.225532	-1.267879277e-03
9.230532	-2.481811062e-03
9.235532	8.349960678e-04
9.240533	3.750826345e-03
9.245533	9.979833644e-04
9.250533	-4.527699770e-03
9.255533	7.099968010e-04
9.260534	1.180293933e-04
9.265534	8.349865849e-04
9.270534	1.991918456e-03
9.275535	-2.261837798e-03
9.280535	3.280115639e-04
9.285535	-3.889484541e-04
9.290535	-7.229305073e-04
9.295536	1.494940404e-03
9.300536	1.493939235e-03
9.305536	1.660145776e-04
9.310537	1.829917528e-03
9.315537	3.367827777e-03
9.320537	-2.169666973e-04
9.325537	-1.095917082e-03
9.330538	2.593869258e-03
9.335538	1.599925576e-03
9.340538	-1.649888056e-03
9.345539	-1.162917014e-03
9.350539	-6.659465118e-04
9.355539	1.666918219e-03
9.360539	2.603863438e-03
9.365540	2.096891913e-03
9.370540	1.080058325e-04
9.375540	-2.424848860e-03
9.380541	8.829598672e-04
9.385541	1.216940024e-03
9.390541	-4.459646952e-04
9.395541	1.265936121e-03
9.400542	-5.398829050e-05
9.405542	-1.927880738e-03
9.410542	-3.789704162e-04
9.415543	1.437924498e-03
9.420543	-3.889705466e-04
9.425543	-1.105929523e-03
9.430543	-2.159810745e-04
9.435544	-6.659553641e-04
9.440544	-1.544904893e-03
9.445544	-3.789722387e-04
9.450545	1.101942299e-03
9.455545	9.969482761e-04
9.460545	4.005465717e-06
9.465546	5.100275710e-05
9.470546	-1.162927243e-03
9.475546	-1.381914547e-03
9.480546	-1.822889021e-03
9.485547	-2.319860230e-03
9.490547	1.275932718e-03
9.495547	2.163881765e-03
9.500548	-2.817830860e-03
9.505548	-1.325916547e-03
9.510548	8.829564825e-04
9.515548	-3.265804038e-03
9.520549	1.714909315e-03
9.525549	4.152769259e-03
9.530549	2.809928869e-04
9.535550	-3.319712650e-04
9.540550	-2.259768159e-04
9.545550	-6.079542061e-04
9.550550	-2.309855487e-03
9.555551	-3.093809635e-03
9.560551	-5.398412473e-05
9.565551	2.430873408e-03
9.570552	1.158947495e-03
9.575552	-1.266911876e-03
9.580552	6.629777530e-04
9.585552	2.430876755e-03
9.590553	6.101426889e-05
9.595553	-3.036806226e-03
9.600553	-3.877756754e-03
9.605554	-1.689694636e-04
9.610554	4.429963453e-04
9.615554	3.870006883e-04
9.620554	1.943912111e-03
9.625555	1.493939235e-03
9.630555	2.039908996e-03
9.635555	-9.909150624e-04
9.640556	-2.424831119e-03
9.645556	5.010015938e-04
9.650556	-5.396504537e-05
9.655556	-1.602874363e-03
9.660557	2.153910571e-03
9.665557	2.871870680e-03
9.670557	5.580055608e-04
9.675558	1.053978538e-03
9.680558	-2.433818849e-03
9.685558	-8.279097665e-04
9.690558	-1.689460714e-04
9.695559	-7.709096675e-04
9.700559	1.054986847e-03
9.705559	-2.873784938e-03
9.710560	-1.210878955e-03
9.715560	9.979955986e-04
9.720560	-9.998873597e-04
9.725560	-9.428887111e-04
9.730561	2.048940830e-03
9.735561	4.093824984e-03
9.740561	1.055002167e-03
9.745562	-1.430852482e-03
9.750562	-8.288850557e-04
9.755562	7.210277739e-04
9.760563	1.379991989e-03
9.765563	2.268942987e-03
9.770563	3.931849416e-03
9.775563	3.253890794e-03
9.780564	6.070456835e-04
9.785564	-2.539770575e-03
9.790564	1.102021953e-03
9.795565	2.545941188e-03
9.800565	6.720516780e-04
9.805565	3.922866850e-03
9.810565	2.699939897e-03
9.815566	-1.118954446e-04
9.820566	1.770998677e-03
9.825566	-1.588874202e-04
9.830567	-8.278461519e-04
9.835567	2.546962097e-03
9.840567	1.275038190e-03
9.845567	9.400603214e-04
9.850568	5.010884832e-04
9.855568	1.045060032e-03
9.860568	2.231103400e-04
9.865569	-8.178266935e-04
9.870569	1.217059040e-03
9.875569	-8.378194826e-04
9.880569	2.650982530e-03
9.885570	2.985966346e-03
9.890570	-2.156734103e-03
9.895570	6.151093424e-04
9.900571	-1.588428186e-04
9.905571	-1.105784972e-03
9.910571	1.600062388e-03
9.915571	1.437075126e-03
9.920572	-1.152772230e-03
9.925572	-4.358101326e-04
9.930572	1.217098060e-03
9.935573	1.657076196e-03
9.940573	-1.688150414e-04
9.945573	5.491471471e-04
9.950573	1.275108912e-03
9.955574	-8.197667119e-04
9.960574	5.491580706e-04
9.965574	8.261458223e-04
9.970575	-4.367776384e-04
9.975575	1.322124779e-03
9.980575	-5.379209488e-05
9.985575	-1.046731005e-03
9.990576	-1.429705032e-03
9.995576	2.049098410e-03
10.000576	1.934109013e-03
10.005577	-2.816613174e-03
10.010577	3.282096274e-04
10.015577	1.714133838e-03
10.020577	-1.107568643e-04
10.025578	7.211993473e-04
10.030578	1.112181011e-03
10.035578	1.662397630e-04
10.040579	-1.821641397e-03
10.045579	6.125439315e-05
10.050579	1.819157424e-03
10.055580	-6.656949826e-04
10.060580	-1.324652585e-03
10.065580	-2.747086408e-04
10.070580	-6.076849569e-04
10.075581	1.672749098e-04
10.080581	3.952663372e-04
10.085581	-6.086711979e-04
10.090582	1.662887798e-04
10.095582	1.772200904e-03
10.100582	5.002789245e-04
10.105582	-2.873521879e-03
10.110583	-3.306636437e-04
10.115583	3.862998615e-04
10.120583	2.326192922e-03
10.125584	-4.366429458e-04
10.130584	-2.653510243e-03
10.135584	1.055280981e-03
10.140584	5.134385243e-05
10.145585	-8.855971002e-04
10.150585	1.218286731e-03
10.155585	6.063271221e-04
10.160586	-7.135916473e-04
10.165586	1.887263652e-03
10.170586	6.063427091e-04
10.175586	-1.660521374e-03
10.180587	-7.135706430e-04
10.185587	-1.106000506e-04
10.190587	-1.162534043e-03
10.195588	5.583721924e-04
10.200588	1.600317596e-03
10.205588	5.483837140e-04
10.210588	2.814046293e-04
10.215589	-8.745231852e-04
10.220589	-6.565301468e-04
10.225589	-3.315432379e-04
10.230590	3.294243442e-04
10.235590	1.094427353e-04
10.240590	-3.795233340e-04
10.245590	4.434350226e-04
10.250591	7.114254008e-04
10.255591	-5.352465195e-05
10.260591	-1.764420150e-03
10.265592	-5.351282120e-05
10.270592	1.830384574e-03
10.275592	-2.481360917e-03
10.280592	2.704865292e-04
10.285593	2.316374699e-03
10.290593	-1.372406585e-03
10.295593	-6.074445171e-04
10.300594	3.526462555e-06
10.305594	3.955101001e-04
10.310594	8.844881844e-04
10.315594	1.332468668e-03
10.320595	1.494465671e-03
10.325595	-1.439358866e-03
10.330595	-2.491291826e-03
10.335596	-7.133878429e-04
10.340596	2.604427426e-03
10.345596	3.369389862e-03
10.350597	-1.267336346e-03
10.355597	-1.267329750e-03
10.360597	-8.273484733e-04
10.365597	-1.382309818e-03
10.370598	2.716015685e-04
10.375598	2.816077361e-04
10.380598	4.526046619e-04
10.385599	2.236246767e-04
10.390599	-2.051237360e-03
10.395599	-9.422943814e-04
10.400599	1.772556080e-03
10.405600	1.160598314e-03
10.410600	-1.683180939e-04
10.415600	-1.984206400e-03
10.420601	-1.429231310e-03
10.425601	-8.282588341e-04
10.430601	6.636623296e-04
10.435601	2.489564282e-03
10.440602	-9.902279436e-04
10.445602	-2.538131474e-03
10.450602	-4.452447990e-04
10.455603	1.877628658e-03
10.460603	1.934632741e-03
10.465603	6.637133940e-04
10.470603	3.387395655e-04
10.475604	1.275693044e-03
10.480604	-1.266152945e-03
10.485604	-1.764116693e-03
10.490605	1.322712991e-03
10.495605	1.087905788e-04
10.500605	-3.781736936e-04
10.505605	-2.151753890e-04
10.510606	-6.651417205e-04
10.515606	6.627895181e-04
10.520606	1.217765342e-03
10.525607	5.498116834e-04
10.530607	-1.266075779e-03
10.535607	-1.984026482e-03
10.540607	8.828162467e-04
10.545608	1.829769662e-03
10.550608	1.495796938e-03
10.555608	-1.324032480e-03
10.560609	-9.900436272e-04
10.565609	6.628692476e-04
10.570609	-8.850333666e-04
10.575609	1.438840911e-03
10.580610	1.217861895e-03
10.585610	-1.580505218e-04
10.590610	1.438865763e-03
10.595611	1.045896769e-03
10.600611	3.289464832e-04
10.605611	-8.269784662e-04
10.610611	5.019534098e-04
10.615612	9.979333283e-04
10.620612	-2.758841615e-03
10.625612	-8.849410382e-04
10.630613	3.149835036e-03
10.635613	-6.549370314e-04
10.640613	-9.899090396e-04
10.645614	2.250296618e-04
10.650614	-2.155824362e-03
10.655614	1.322983937e-03
10.660614	2.269938193e-03
10.665615	-2.432781904e-03
10.670615	-2.375776284e-03
10.675615	1.390015621e-03
10.680616	-2.728795624e-04
10.685616	-6.068513001e-04
10.690616	2.881956678e-03
10.695616	6.212828216e-05
10.700617	-1.381779377e-03
10.705617	4.441245500e-04
10.710617	-9.417863786e-04
10.715618	3.861463207e-04
10.720618	5.591456194e-04
10.725618	3.391676031e-04
10.730618	2.241835721e-04
10.735619	-1.056733226e-03
10.740619	1.104151649e-03
10.745619	-7.687309585e-04
10.750620	-1.601673466e-03
10.755620	5.582115764e-04
10.760620	-5.274365193e-05
10.765620	1.324186587e-03
10.770621	8.942210005e-04
10.775621	-2.098596844e-03
10.780621	-2.156583796e-03
10.785622	7.212600852e-04
10.790622	9.992538416e-04
10.795622	2.823049763e-04
10.800622	1.161264169e-03
10.805623	-8.266113752e-04
10.810623	-6.066141312e-04
10.815623	-6.556013484e-04
10.820624	-9.895721047e-04
10.825624	1.209311198e-03
10.830624	1.495304783e-03
10.835624	-2.480455975e-03
10.840625	5.410896532e-06
10.845625	2.270290540e-03
10.850625	9.993740011e-04
10.855626	-6.065231959e-04
10.860626	-5.505161381e-04
10.865626	-7.704931382e-04
10.870626	-1.046466875e-03
10.875627	1.382403535e-03
10.880627	1.104872704e-04
10.885627	8.834531882e-04
10.890628	3.864923326e-04
10.895628	-9.314211724e-04
10.900628	1.057474775e-03
10.905628	-1.094473595e-04
10.910629	-2.653290101e-03
10.915629	-1.984317973e-03
10.920629	7.795334558e-04
10.925630	1.879480818e-03
10.930630	8.835490085e-04
10.935630	-1.104325595e-03
10.940631	5.605893137e-04
10.945631	2.270501665e-03
10.950631	-1.219286269e-03
10.955631	-1.323269304e-03
10.960632	-1.046274260e-03
10.965632	-1.103171584e-04
10.970632	8.846365792e-04
10.975633	-1.265228400e-03
10.980633	7.216682406e-04
10.985633	1.657625487e-03
10.990633	-1.428185443e-03
10.995634	-4.342314673e-04
11.000634	-6.642069165e-04
11.005634	-1.161166942e-03
11.010635	2.817612650e-04
11.015635	-9.891540832e-04
11.020635	-3.861773944e-04
11.025635	6.657734543e-04
11.030636	6.067883662e-04
11.035636	-5.216210787e-05
11.040636	-3.191351370e-04
11.045637	8.358099195e-04
11.050637	3.298507358e-04
11.055637	-3.860963096e-04
11.060637	1.198862567e-04
11.065638	-9.410408344e-04
11.070638	-1.161016357e-03
11.075638	-5.206843383e-05
11.080639	-1.485973921e-03
11.085639	5.599200738e-04
11.090639	3.035789324e-03
11.095639	1.495890053e-03
11.100640	-6.539740281e-04
11.105640	-8.259520657e-04
11.110640	-7.789426885e-04
11.115641	-9.889184645e-04
11.120641	1.113972497e-03
11.125641	3.310298142e-04
11.130641	6.305748813e-05
11.135642	-1.705828299e-03
11.140642	-5.008854431e-04
11.145642	2.547951179e-03
11.150643	-3.868673045e-04
11.155643	-7.208356482e-04
11.160643	-2.039747190e-03
11.165643	1.671380990e-04
11.170644	2.605010112e-03
11.175644	-5.477956296e-04
11.180644	2.261723510e-04
11.185645	1.611105155e-03
11.190645	-3.867670417e-04
11.195645	-3.044601167e-03
11.200645	-1.045703641e-03
11.205646	1.278175191e-03
11.210646	-2.137260238e-04
11.215646	-9.316718092e-04
11.220647	-1.600620383e-03
11.225647	3.882778979e-04
11.230647	-4.436612107e-04
11.235648	9.992686074e-04
11.240648	3.217153798e-03
11.245648	-1.666381318e-04
11.250648	-4.436090829e-04
11.255649	5.603461773e-04
11.260649	-7.105674182e-04
11.265649	-1.484509620e-03
11.270650	1.104116870e-04
11.275650	4.454056439e-04
11.280650	-5.155241520e-05
11.285650	5.345486776e-05
11.290651	-3.285097478e-04
11.295651	-8.744648766e-04
11.300651	-6.054669385e-04
11.305652	8.284638959e-04
11.310652	1.219454874e-03
11.315652	5.538384176e-06
11.320652	-8.254001426e-04
11.325653	5.605335998e-04
11.330653	-6.063854923e-04
11.335653	-5.003779123e-04
11.340654	1.936495367e-03
11.345654	9.995631261e-04
11.350654	-1.312289838e-03
11.355654	-2.133393430e-04
11.360655	1.707563815e-03
11.365655	1.716577197e-03
11.370655	1.276616491e-03
11.375656	-2.154171808e-03
11.380656	-1.427199698e-03
11.385656	1.000674419e-03
11.390656	3.887237662e-04
11.395657	-2.317106173e-03
11.400657	-1.562165638e-04
11.405657	2.157664264e-03
11.410658	-3.264009046e-03
11.415658	5.607847722e-04
11.420658	1.937719705e-03
11.425658	-1.935042768e-03
11.430659	2.828437677e-04
11.435659	1.208674990e-04
11.440659	5.038598571e-04
11.445660	9.428490231e-04
11.450660	-2.650929353e-03
11.455660	1.599231844e-04
11.460660	2.768787398e-03
11.465661	2.359479822e-04
11.470661	5.975878663e-06
11.475661	-1.160942190e-03
11.480662	-2.799782506e-04
11.485662	-9.869227590e-04
11.490662	-2.258834671e-03
11.495662	-4.429245106e-04
11.500663	8.950132324e-04
11.505663	1.601987375e-03
11.510663	-8.248578337e-04
11.515664	3.990865844e-04
11.520664	2.157000263e-03
11.525664	-2.138480680e-04
11.530665	-1.045785057e-03
11.535665	-5.082730140e-05
11.540665	3.891624740e-04
11.545665	-1.713701162e-03
11.550666	-8.727344262e-04
11.555666	1.112241033e-04
11.560666	-3.847320394e-04
11.565667	-1.207669302e-03
11.570667	1.682667413e-04
11.575667	1.881183398e-03
11.580667	-7.666485844e-04
11.585668	-8.256297369e-04
11.590668	1.937226513e-03
11.595668	1.948241396e-03
11.600669	1.123627575e-04
11.605669	-5.061226180e-05
11.610669	-8.255519765e-04
11.615669	-1.217513729e-03
11.620670	-1.598476080e-03
11.625670	-6.045176382e-04
11.630670	-9.304830896e-04
11.635671	1.278405401e-03
11.640671	1.937383254e-03
11.645671	-3.196305007e-03
11.650671	-1.044413127e-03
11.655672	6.675041452e-04
11.660672	2.845421875e-04
11.665672	1.382494914e-03
11.670673	3.885682380e-04
11.675673	1.278533021e-03
11.680673	-1.643677095e-04
11.685673	-3.033186225e-03
11.690674	-2.133325639e-04
11.695674	2.756554678e-04
11.700674	-1.264239534e-03
11.705675	-8.252485514e-04
11.710675	1.106656424e-03
11.715675	9.446821114e-04
11.720675	-5.024416031e-05
11.725676	-2.039113113e-03
11.730676	5.617534461e-04
11.735676	2.215674616e-03
11.740677	2.838024818e-04
11.745677	3.418156984e-04
11.750677	-1.656052563e-03
11.755677	1.105804891e-03
11.760678	1.221814868e-03
11.765678	-2.037980560e-03
11.770678	-8.250337335e-04
11.775679	1.699256907e-04
11.780679	-1.101984203e-03
11.785679	6.669306845e-04
11.790679	1.661890212e-03
11.795680	-4.999422073e-05
11.800680	1.700100392e-04
11.805680	6.403312106e-05
11.810681	-2.699306230e-04
11.815681	1.130643465e-04
11.820681	-3.848898774e-04
11.825682	-3.268761093e-04
11.830682	8.121729582e-06
11.835682	-2.315727158e-03
11.840682	-6.048085500e-04
11.845683	2.655020823e-03
11.850683	-6.517713109e-04
11.855683	-2.257661440e-03
11.860684	1.604133343e-03
11.865684	1.719144101e-03
11.870684	-2.038621905e-03
11.875684	-8.236744722e-04
11.880685	3.432757614e-04
11.885685	1.775210757e-03
11.890685	-2.216565987e-04
11.895686	-3.806432403e-03
11.900686	8.963141865e-04
11.905686	1.939271737e-03
11.910686	6.673627363e-04
11.915687	5.043898575e-04
11.920687	-1.263490491e-03
11.925687	2.854380360e-04
11.930688	8.864212301e-04
11.935688	-1.273436424e-03
11.940688	-9.854351238e-04
11.945688	2.436385598e-03
11.950689	1.705341542e-04
11.955689	-1.761336504e-03
11.960689	-2.694044537e-04
11.965690	1.662502273e-03
11.970690	9.445617543e-04
11.975690	-1.149299431e-03
11.980690	-6.613093844e-04
11.985691	1.706608717e-04
11.990691	-1.101247584e-03
11.995691	-1.425210639e-03
12.000692	1.002667741e-03
12.005692	3.897214086e-04
12.010692	2.111640544e-03
12.015692	2.287674697e-04
12.020693	-9.391467760e-04
12.025693	3.897951095e-04
12.030693	7.257942556e-04
12.035694	1.499768194e-03
12.040694	-8.810760111e-04
12.045694	-2.648955509e-03
12.050694	-8.230420968e-04
12.055695	8.398807432e-04
12.060695	-3.270332893e-04
12.065695	-2.037915937e-03
12.070696	-3.259958197e-04
12.075696	8.309563164e-04
12.080696	-1.702878801e-03
12.085697	1.279968170e-03
12.090697	2.331926459e-03
12.095697	-1.262847411e-03
12.100697	3.900763088e-04
12.105698	1.212047953e-03
12.110698	1.711269967e-04
12.115698	1.500069490e-03
12.120699	-1.099761554e-03
12.125699	-1.597713703e-03
12.130699	2.217085623e-03
12.135699	-2.036650000e-03
12.140700	-1.655652705e-03
12.145700	1.442188042e-03
12.150700	6.628666083e-05
12.155701	-4.876620593e-04
12.160701	-4.886426153e-04
12.165701	1.002290878e-03
12.170701	-2.206191871e-04
12.175702	-3.255936491e-04
12.180702	-2.105807562e-04
12.185702	2.854102130e-04
12.190703	8.403978154e-04
12.195703	-3.825120821e-04
12.200703	-5.454830342e-04
12.205703	-2.114825951e-04
12.210704	-4.847226788e-05
12.215704	1.003486859e-03
12.220704	-3.254167622e-04
12.225705	-8.803649563e-04
12.230705	2.855877013e-04
12.235705	-3.253571988e-04
12.240705	-8.793053505e-04
12.245706	-1.053300019e-04
12.250706	7.826388102e-04
12.255706	7.826588312e-04
12.260707	-7.172346691e-04
12.265707	-9.372019029e-04
12.270707	7.837190362e-04
12.275707	-1.204146241e-03
12.280708	-1.654100120e-03
12.285708	1.776722371e-03
12.290708	1.337767924e-03
12.295709	-1.261062008e-03
12.300709	-1.826009127e-03
12.305709	1.050845424e-03
12.310709	1.060865234e-03
12.315710	9.458922808e-04
12.320710	5.629348057e-04
12.325710	-2.093891585e-03
12.330711	2.769922920e-04
12.335711	2.870122674e-04
12.340711	-1.203881221e-03
12.345711	1.720970828e-03
12.350712	1.776988252e-03
12.355712	-1.099825262e-03
12.360712	-2.590718619e-03
12.365713	-1.366768409e-03
12.370713	-3.818043917e-04
12.375713	7.161531459e-04
12.380714	2.944045594e-03
12.385714	7.841909571e-04
12.390714	-6.597049104e-04
12.395714	4.012548912e-04
12.400715	-1.046949678e-04
12.405715	-7.736354001e-04
12.410715	-1.538570267e-03
12.415716	-1.041577831e-03
12.420716	1.825278055e-03
12.425716	1.778301908e-03
12.430716	1.281351727e-03
12.435717	-1.099489845e-03
12.440717	-9.834752877e-04
12.445717	4.494634035e-04
12.450718	-1.654394034e-03
12.455718	-3.244493417e-04
12.460718	1.004495441e-03
12.465718	1.061513562e-03
12.470719	-5.923696782e-04
12.475719	-3.757165807e-03
12.480719	1.606546569e-03
12.485720	2.610510245e-03
12.490720	-8.222703413e-04
12.495720	-1.622867753e-04
12.500720	-2.254144578e-03
12.505721	-9.261994440e-04
12.510721	1.940657030e-03
12.515721	-1.539120685e-03
12.520722	-1.710089065e-03
12.525722	1.387754194e-03
12.530722	1.834750263e-03
12.535722	1.003820016e-03
12.540723	-1.213030323e-03
12.545723	-1.594986382e-03
12.550723	6.799044692e-04
12.555724	2.380828432e-03
12.560724	-1.537923691e-03
12.565724	-2.972818934e-03
12.570724	-4.696547128e-05
12.575725	6.710152717e-04
12.580725	1.548986826e-03
12.585725	6.220624356e-04
12.590726	-1.203810113e-03
12.595726	2.301294959e-04
12.600726	1.731550639e-04
12.605726	1.052126722e-03
12.610727	-6.577523825e-04
12.615727	-2.809605982e-03
12.620727	5.642219852e-04
12.625728	1.062215730e-03
12.630728	1.339222242e-03
12.635728	-1.929566856e-03
12.640728	-1.212585636e-03
12.645729	1.941255171e-03
12.650729	5.653570754e-04
12.655729	-4.285630030e-04
12.660730	2.204222641e-04
12.665730	1.164509589e-04
12.670730	-8.684695419e-04
12.675731	6.224672968e-04
12.680731	1.110461971e-03
12.685731	-1.270377982e-03
12.690731	6.856771221e-05
12.695732	1.836488715e-03
12.700732	-6.013478567e-04
12.705732	-2.148235745e-03
12.710733	1.005605478e-03
12.715733	9.466318994e-04
12.720733	-1.375211230e-03
12.725733	-2.652521146e-04
12.730734	6.227198266e-04
12.735734	6.227429753e-04
12.740734	-6.581600198e-04
12.745735	-8.781241288e-04
12.750735	7.768037374e-04
12.755735	2.047753765e-03
12.760735	1.176827269e-03
12.765736	-1.537992925e-03
12.770736	-7.620142752e-04
12.775736	8.429166313e-04
12.780737	9.885906365e-07
12.785737	-5.999533072e-04
12.790737	-8.679143642e-04
12.795737	-3.229222429e-04
12.800738	4.510567126e-04
12.805738	-1.862786338e-03
12.810738	-1.708771588e-03
12.815739	-4.584377123e-05
12.820739	-1.365744011e-03
12.825739	-5.427677218e-04
12.830739	1.216154658e-03
12.835740	4.512225271e-04
12.840740	-1.507189655e-04
12.845740	3.942734715e-04
12.850741	-8.196326884e-04
12.855741	-1.154589474e-03
12.860741	-8.205847824e-04
12.865741	1.780289293e-03
12.870742	6.041241942e-05
12.875742	-1.317484132e-03
12.880742	1.063402716e-03
12.885743	-1.096448706e-03
12.890743	-1.202418469e-03
12.895743	1.168469050e-03
12.900743	-6.004048117e-04
12.905744	-6.473778808e-04
12.910744	-1.478305737e-03
12.915744	-3.803447298e-04
12.920745	1.053596944e-03
12.925745	-1.316242125e-03
12.930745	-4.272689795e-04
12.935745	2.897141093e-04
12.940746	-6.572068740e-04
12.945746	6.717410074e-04
12.950746	-5.991612414e-04
12.955747	1.885720082e-03
12.960747	1.731753522e-03
12.965747	-1.699024152e-03
12.970748	-1.764995721e-03
12.975748	2.544780552e-03
12.980748	1.999836650e-03
12.985748	-2.032906207e-03
12.990749	-5.989640965e-04
12.995749	-9.819172414e-04
13.000749	-5.999144424e-04
13.005750	-5.418929402e-04
13.010750	2.115978754e-03
13.015750	8.340775429e-04
13.020750	-1.211779608e-03
13.025751	-1.860717238e-03
13.030751	-1.257726989e-03
13.035751	1.724126187e-03
13.040752	1.560160700e-03
13.045752	-4.946957784e-04
13.050752	-1.095636020e-03
13.055752	9.022739882e-04
13.060753	1.064289836e-03
13.065753	-1.870515804e-03
13.070753	-1.430515916e-03
13.075754	7.873815370e-04
13.080754	1.245150752e-05
13.085754	-1.154455900e-03
13.090754	-8.184498954e-04
13.095755	2.393390395e-03
13.100755	-1.478361031e-03
13.105755	-1.927309694e-03
13.110756	1.389524637e-03
13.115756	-8.763192510e-04
13.120756	1.176490166e-04
13.125756	1.276740230e-04
13.130757	-1.698195131e-03
13.135757	9.986750840e-04
13.140757	2.106636904e-03
13.145758	-1.087153320e-03
13.150758	-1.258117730e-03
13.155758	1.332758715e-03
13.160758	-3.791168258e-04
13.165759	-3.210943419e-04
13.170759	-8.650371343e-04
13.175759	1.283864906e-03
13.180760	1.332887999e-03
13.185760	-2.088888842e-03
13.190760	-5.999486755e-04
13.195760	5.110133058e-04
13.200761	1.342991396e-03
13.205761	-2.638899229e-04
13.210761	-2.471736576e-03
13.215762	1.332070328e-03
13.220762	2.002057875e-03
13.225762	-2.634648703e-03
13.230762	1.762155183e-04
13.235763	1.496165697e-03
13.240763	-6.556840027e-04
13.245763	-4.266708896e-04
13.250764	1.342253503e-03
13.255764	-1.592550981e-03
13.260764	-1.592524581e-03
13.265765	5.583778874e-04
13.270765	7.313943782e-04
13.275765	-1.533448598e-03
13.280765	-1.764408765e-03
13.285766	7.874707134e-04
13.290766	1.285352725e-04
13.295766	8.455205623e-04
13.300767	-1.649309010e-03
13.305767	7.315804432e-04
13.310767	8.935978075e-04
13.315767	-3.304133530e-03
13.320768	6.256667428e-04
13.325768	1.716630658e-03
13.330768	-3.212250717e-04
13.335769	1.562693202e-03
13.340769	-2.031072795e-03
13.345769	-2.862997938e-03
13.350769	-1.199066896e-03
13.355770	8.458422189e-04
13.360770	1.446834581e-03
13.365770	-3.464855311e-03
13.370771	2.829557483e-04
13.375771	1.274925666e-03
13.380771	-1.973859976e-03
13.385771	-5.969121867e-04
13.390772	1.944968493e-03
13.395772	1.291003552e-04
13.400772	-7.598211764e-04
13.405773	-2.585688679e-03
13.410773	-3.531606867e-03
13.415773	-7.117420603e-04
13.420773	1.343166863e-03
13.425774	1.228200873e-03
13.430774	-1.591609198e-03
13.435774	-2.470531100e-03
13.440775	-2.804484380e-03
13.445775	-3.024444202e-03
13.450775	-3.742375293e-03
13.455775	-1.810459076e-03
13.460776	-1.313460130e-03
13.465776	-8.174610974e-04
13.470776	-1.811376166e-03
13.475777	-2.977281293e-03
13.480777	1.831469268e-03
13.485777	-1.475312414e-03
13.490777	-2.585220681e-03
13.495778	3.608450150e-03
13.500778	4.066625045e-04
13.505778	-3.971057339e-03
13.510779	-1.647163391e-03
13.515779	1.563679467e-03
13.520779	-9.221493253e-04
13.525779	1.778152491e-04
13.530780	-9.310928423e-04
13.535780	-4.744845015e-03
13.540780	-2.192964032e-03
13.545781	1.563847534e-03
13.550781	1.668869596e-03
13.555781	-7.589623361e-04
13.560782	1.210151198e-04
13.565782	-7.019092509e-04
13.570782	-7.588777376e-04
13.575782	1.220036469e-03
13.580783	1.009076916e-03
13.585783	-1.638742165e-03
13.590783	-3.301617982e-03
13.595784	2.932032102e-04
13.600784	-9.874579732e-05
13.605784	-5.795389048e-03
13.610784	-4.515434355e-03
13.615785	-1.810561758e-03
13.620785	6.335875957e-05
13.625785	-1.925498069e-03
13.630786	-2.307447480e-03
13.635786	-6.435147749e-04
13.640786	-1.971409611e-03
13.645786	-4.804668781e-04
13.650787	-1.982351629e-03
13.655787	-4.914088394e-04
13.660787	4.555653300e-04
13.665788	1.784517513e-03
13.670788	1.125584294e-03
13.675788	-2.250192316e-03
13.680788	3.976839386e-04
13.685789	1.565645514e-03
13.690789	7.907190937e-04
13.695789	2.257805993e-04
13.700790	-2.131651282e-04
13.705790	2.938346545e-04
13.710790	1.878697929e-04
13.715790	-5.380593096e-04
13.720791	-1.589969596e-03
13.725791	-1.034972467e-03
13.730791	1.278923320e-03
13.735792	-1.197904759e-03
13.740792	-1.809840290e-03
13.745792	-2.129030981e-04
13.750792	1.346036312e-03
13.755793	2.062024333e-03
13.760793	1.781622198e-04
13.765793	-2.027864830e-04
13.770794	-3.747472024e-04
13.775794	-4.327144635e-04
13.780794	-3.656889004e-04
13.785794	1.631853720e-05
13.790795	-1.761549516e-03
13.795795	-1.556125616e-04
13.800795	2.397269845e-03
13.805796	6.863980145e-04
13.810796	4.564408617e-04
13.815796	1.794864455e-04
13.820796	3.415067576e-04
13.825797	-1.867336261e-03
13.830797	1.658486725e-05
13.835797	2.955985201e-04
13.840798	-1.473269772e-03
13.845798	2.549528168e-03
13.850798	3.416852311e-04
13.855799	-2.851100913e-03
13.860799	-8.721850924e-04
13.865799	6.197588216e-04
13.870799	7.482015613e-05
13.875800	-8.150985993e-04
13.880800	-3.740940329e-04
13.885800	1.786811437e-03
13.890801	1.067882910e-03
13.895801	-2.305892581e-03
13.900801	-2.524849869e-03
13.905801	1.703375454e-05
13.910802	9.540099018e-04
13.915802	-9.689935441e-05
13.920802	-1.750773832e-03
13.925803	1.948043223e-03
13.930803	3.821965481e-03
13.935803	-3.978166724e-05
13.940803	-9.187006987e-04
13.945804	-1.090660447e-03
13.950804	-4.796652930e-04
13.955804	-5.946282719e-04
13.960805	-2.116199232e-04
13.965805	1.323907003e-04
13.970805	9.543738038e-04
13.975805	1.814488548e-04
13.980806	-1.445018276e-04
13.985806	5.624879851e-04
13.990806	-2.594340583e-04
13.995807	2.503437321e-03
14.000807	1.226051774e-04
14.005807	-1.196288142e-03
14.010807	-1.196257449e-03
14.015808	1.509617324e-03
14.020808	8.986832828e-04
14.025808	-2.200107347e-03
14.030809	-4.221790120e-04
14.035809	-2.021608623e-04
14.040809	2.713701943e-03
14.045809	6.208534455e-04
14.050810	-1.912969610e-03
14.055810	1.809406482e-04
14.060810	7.829369178e-04
14.065811	-1.414905421e-03
14.070811	-2.489416011e-04
14.075811	1.508988129e-03
14.080811	-1.921783072e-03
14.085812	-8.128158864e-04
14.090812	1.013110005e-03
14.095812	3.431797678e-04
14.100813	-5.937350552e-04
14.105813	1.233190859e-03
14.110813	1.175225432e-03
14.115813	-4.786479901e-04
14.120814	-2.084524152e-03
14.125814	-3.725915040e-04
14.130814	2.122296046e-03
14.135815	-2.362414118e-03
14.140815	-2.256388837e-03
14.145815	1.070450845e-03
14.150816	7.455010179e-04
14.155816	-1.366345797e-03
14.160816	-9.538754844e-05
14.165816	6.775994264e-04
14.170817	1.816595604e-04
14.175817	3.536812238e-04
14.180817	-9.282132921e-04
14.185818	-8.121883486e-04
14.190818	-3.631825697e-04
14.195818	1.337751082e-03
14.200818	2.504715535e-03
14.205819	-2.480940747e-04
14.210819	4.588969408e-04
14.215819	1.778852655e-03
14.220820	-2.312879709e-03
14.225820	-2.743823032e-03
14.230820	1.949938316e-03
14.235820	9.560274917e-04
14.240821	-1.690788044e-03
14.245821	-1.691756043e-03
14.250821	5.741453360e-04
14.255822	1.282136529e-03
14.260822	4.592159802e-04
14.265822	1.013216100e-03
14.270822	-6.976532209e-04
14.275823	-6.496238879e-04
14.280823	2.276239611e-03
14.285823	2.973858127e-04
14.290824	-1.644470092e-03
14.295824	-1.308457253e-03
14.300824	1.406418510e-03
14.305824	1.453448056e-03
14.310825	-4.294111461e-04
14.315825	-8.023573438e-04
14.320825	-3.623503691e-04
14.325826	1.061599923e-03
14.330826	7.376509789e-04
14.335826	-1.690176686e-03
14.340826	2.724601312e-03
14.345827	3.824570379e-03
14.350827	-4.844897481e-03
14.355827	-1.299069326e-03
14.360828	1.003830489e-03
14.365828	-2.034961810e-03
14.370828	-4.760190669e-04
14.375828	2.399722838e-04
14.380829	-2.082861202e-03
14.385829	-5.909145210e-04
14.390829	3.786865864e-03
14.395830	5.047825908e-03
14.400830	1.502063006e-03
14.405830	1.569091912e-03
14.410830	6.491840990e-03
14.415831	2.832084734e-03
14.420831	-3.137011186e-04
14.425831	4.331064057e-03
14.430832	5.651020878e-03
14.435832	-5.815869941e-04
14.440832	-2.359451584e-03
14.445833	6.844145884e-05
14.450833	-5.334908537e-04
14.455833	5.384201110e-03
14.460833	9.302008359e-03
14.465834	7.037171961e-03
14.470834	5.775277785e-03
14.475834	3.557438728e-03
14.480835	1.455593012e-03
14.485835	4.606835235e-04
14.490835	7.277013310e-04
14.495835	2.887598503e-04
14.500836	2.507952849e-04
14.505836	1.627749198e-03
14.510836	-5.900896840e-04
14.515837	-7.060496795e-04
14.520837	5.179131253e-04
14.525837	1.244904597e-03
14.530837	1.780907101e-03
14.535838	1.740331317e-04
14.540838	9.580213930e-04
14.545838	1.016051519e-03
14.550839	-9.148037045e-04
14.555839	-8.007767567e-04
14.560839	2.067091502e-03
14.565839	2.278112909e-03
14.570840	2.115155894e-03
14.575840	2.412975096e-04
14.580840	-9.364954352e-05
14.585841	3.563581882e-04
14.590841	1.374044991e-04
14.595841	-3.705325104e-04
14.600841	-2.531374233e-03
14.605842	1.179445665e-03
14.610842	-6.374158331e-04
14.615842	-2.554040356e-04
14.620843	1.618521802e-03
14.625843	-1.250278996e-03
14.630843	9.586275842e-04
14.635843	-5.322525794e-04
14.640844	-5.322186454e-04
14.645844	1.284710599e-03
14.650844	-6.951413109e-04
14.655845	-1.794043969e-03
14.660845	5.668539974e-04
14.665845	1.560830768e-03
14.670845	2.295348274e-05
14.675846	2.429749075e-04
14.680846	-4.179528713e-04
14.685846	-1.583851523e-03
14.690847	1.733991436e-03
14.695847	2.421116200e-04
14.700847	-5.888062655e-04
14.705848	1.122129377e-03
14.710848	-1.583680404e-03
14.715848	-5.327066774e-04
14.720848	7.962510517e-04
14.725849	1.373233736e-04
14.730849	1.283582597e-04
14.735849	-2.022483386e-03
14.740850	-3.179382293e-03
14.745850	2.336334258e-03
14.750850	1.561413384e-03
14.755850	9.594825638e-04
14.760851	1.855616798e-04
14.765851	-2.902225824e-03
14.770851	1.906531590e-03
14.775852	2.436620103e-04
14.780852	-8.662394152e-04
14.785852	1.847346441e-04
14.790852	-1.859112908e-03
14.795853	2.438005719e-04
14.800853	2.680694826e-03
14.805853	2.428700517e-04
14.810854	-1.420999305e-03
14.815854	-6.460091988e-04
14.820854	-1.361933142e-03
14.825854	4.629964992e-04
14.830855	5.200280544e-04
14.835855	-4.738797976e-04
14.840855	1.294053199e-03
14.845856	-8.077907520e-04
14.850856	-1.638707928e-03
14.855856	1.352154657e-03
14.860856	6.922276730e-04
14.865857	-4.826696082e-04
14.870857	1.433677608e-05
14.875857	-8.075808022e-04
14.880858	-1.084529766e-03
14.885858	9.603874764e-04
14.890858	3.574573466e-04
14.895858	-1.384789266e-04
14.900859	-5.304211703e-04
14.905859	-2.576268070e-03
14.910859	7.261447837e-05
14.915860	3.608445932e-03
14.920860	2.623537955e-03
14.925860	-1.952643048e-04
14.930860	1.122695042e-03
14.935861	3.445596493e-03
14.940861	5.549510588e-03
14.945861	4.392612638e-03
14.950862	-3.309689626e-05
14.955862	-1.246991516e-03
14.960862	-1.950167025e-04
14.965862	2.439934608e-04
14.970863	2.059924290e-03
14.975863	-2.049096692e-04
14.980863	-2.402747467e-03
14.985864	2.514816066e-05
14.990864	-7.497715995e-04
14.995864	-1.198710125e-03
15.000865	-3.521540628e-03
15.005865	-6.323343504e-03
15.010865	-3.570466493e-03
15.015865	1.536253368e-05
15.020866	-2.183475026e-03
15.025866	-1.743464649e-03
15.030866	6.274344662e-04
15.035867	4.058272516e-03
15.040867	9.614867979e-04
15.045867	-3.014248241e-03
15.050867	4.175898184e-04
15.055868	6.266136420e-04
15.060868	3.016682624e-04
15.065868	-1.026219292e-03
15.070869	1.726657987e-03
15.075869	3.027760100e-04
15.080869	-1.848064048e-03
15.085869	2.486401239e-05
15.090870	6.848620002e-04
15.095870	-3.190440931e-04
15.100870	-2.520118864e-04
15.105871	1.746909001e-03
15.110871	2.360321922e-04
15.115871	-1.810813705e-03
15.120871	-7.968359856e-04
15.125872	6.951142082e-04
15.130872	-3.087917311e-04
15.135872	1.842120528e-03
15.140873	1.872521500e-04
15.145873	-2.632549067e-03
15.150873	-3.086467123e-04
15.155873	1.794268401e-03
15.160874	1.737308017e-03
15.165874	-1.685458362e-03
15.170874	-1.303444002e-03
15.175875	8.484683737e-04
15.180875	1.125488828e-03
15.185875	2.455759824e-04
15.190875	-1.350295578e-03
15.195876	1.354585015e-03
15.200876	1.306920585e-04
15.205876	-1.359185546e-03
15.210877	-2.468085087e-03
15.215877	-4.241663140e-04
15.220877	1.688748504e-03
15.225877	-2.783957104e-03
15.230878	-1.244009221e-03
15.235878	2.893788960e-03
15.240878	2.061873585e-03
15.245879	-3.079531341e-04
15.250879	3.610450302e-04
15.255879	-1.416815763e-03
15.260879	7.413507197e-05
15.265880	1.991646510e-04
15.270880	-1.244715327e-03
15.275880	-6.997099101e-04
15.280881	-6.906735823e-04
15.285881	2.349188089e-03
15.290881	9.633048537e-04
15.295882	-6.425656823e-04
15.300882	-1.243494116e-03
15.305882	2.646964600e-05
15.310882	3.514878892e-04
15.315883	-1.024395818e-03
15.320883	1.795478680e-03
15.325883	2.952449038e-03
15.330884	-2.076224083e-03
15.335884	-1.187238238e-03
15.340884	-3.026781770e-05
15.345884	2.776595927e-05
15.350885	1.240733194e-03
15.355885	1.565751625e-03
15.360885	1.795775552e-03
15.365886	1.240844740e-03
15.370886	3.668742037e-03
15.375886	4.395737384e-03
15.380886	1.910917860e-03
15.385887	8.500162910e-04
15.390887	6.154747869e-03
15.395887	1.395533562e-02
15.400888	1.561827713e-02
15.405888	6.545837377e-03
15.410888	1.825097526e-05
15.415888	2.848125290e-03
15.420889	2.293194704e-03
15.425889	1.566274051e-03
15.430889	4.177161049e-03
15.435890	8.543436226e-05
15.440890	-2.595082445e-04
15.445890	1.634420135e-03
15.450890	-1.081385790e-03
15.455891	1.325818189e-04
15.460891	1.796523514e-03
15.465891	9.646090748e-04
15.470892	5.826687221e-04
15.475892	-1.138194444e-03
15.480892	-2.687067502e-03
15.485892	5.257850254e-04
15.490893	1.739752775e-03
15.495893	-1.741008881e-03
15.500893	-5.260411482e-04
15.505894	3.529459680e-04
15.510894	2.479898124e-04
15.515894	2.294909656e-03
15.520894	2.351944205e-03
15.525895	3.124937510e-03
15.530895	3.229969331e-03
15.535895	7.718893235e-05
15.540896	8.928716702e-03
15.545896	1.135561477e-02
15.550896	7.149895111e-03
15.555896	1.080172262e-02
15.560897	5.554063053e-03
15.565897	3.064035078e-04
15.570897	3.680247095e-03
15.575898	3.010323758e-03
15.580898	-6.404277639e-04
15.585898	-5.723935926e-04
15.590899	1.128546488e-03
15.595899	2.179524048e-03
15.600899	1.137622247e-03
15.605899	2.849561753e-03
15.610900	1.625670480e-03
15.615900	2.387886201e-04
15.620900	4.208163580e-04
15.625901	-2.016004951e-03
15.630901	-1.853976022e-03
15.635901	2.571807191e-03
15.640901	2.017877423e-03
15.645902	-1.193899146e-03
15.650902	1.014011949e-03
15.655902	1.463024435e-03
15.660903	3.957919029e-03
15.665903	3.402989414e-03
15.670903	-1.356697847e-03
15.675903	5.220961500e-03
15.680904	9.149773529e-03
15.685904	5.000051171e-03
15.690904	7.322955791e-03
15.695905	7.714971715e-03
15.700905	7.208039468e-03
15.705905	4.676223940e-03
15.710905	5.058240497e-03
15.715906	3.012396999e-03
15.720906	-3.043732316e-04
15.725906	5.746147398e-04
15.730907	4.340436352e-03
15.735907	6.052376355e-03
15.740907	-1.900126627e-03
15.745907	-1.576106596e-03
15.750908	1.625747595e-03
15.755908	1.856773023e-03
15.760908	1.187850338e-03
15.765909	-1.136976894e-03
15.770909	-7.875549726e-03
15.775909	-2.859831658e-02
15.780909	-2.544445951e-02
15.785910	-3.181703740e-03
15.790910	-1.998569639e-02
15.795910	-3.926554633e-02
15.800911	-1.483391551e-02
15.805911	-1.467188591e-02
15.810911	-3.971540362e-02
15.815911	-1.693667747e-02
15.820912	-1.378182032e-02
15.825912	-4.104421008e-02
15.830912	-1.710855056e-02
15.835913	-2.177372059e-03
15.840913	-3.324354255e-02
15.845913	-3.307151339e-02
15.850913	-3.123200321e-03
15.855914	-1.810229791e-02
15.860914	-4.026098170e-02
15.865914	-9.700703846e-03
15.870915	-1.727022842e-02
15.875915	-3.920792489e-02
15.880915	-1.727015004e-02
15.885916	-3.369316430e-02
15.890916	-4.761132291e-02
15.895916	-4.545040819e-02
15.900916	-5.374789071e-02
15.905917	-5.982650108e-02
15.910917	-6.706304471e-02
15.915917	-7.641146659e-02
15.920918	-8.271106418e-02
15.925918	-9.022459179e-02
15.930918	-9.757512877e-02
15.935918	-9.835004471e-02
15.940919	-1.008448615e-01
15.945919	-9.652307115e-02
15.950919	-9.281424545e-02
15.955920	-8.382072431e-02
15.960920	-8.016789535e-02
15.965920	-6.601067177e-02
15.970920	-5.380533569e-02
15.975921	-3.810820083e-02
15.980921	-8.808849900e-03
15.985921	-2.291185961e-03
15.990922	-3.782060444e-03
15.995922	1.981861897e-02
16.000922	3.468380187e-02
16.005922	3.087106125e-02
16.010923	4.319039091e-02
16.015923	4.396438598e-02
16.020923	3.982666415e-02
16.025924	3.789481520e-02
16.030924	3.583997336e-02
16.035924	3.788789508e-02
16.040924	3.905286770e-02
16.045925	4.010284697e-02
16.050925	3.579313516e-02
16.055925	3.733208628e-02
16.060926	4.114490636e-02
16.065926	3.944504418e-02
16.070926	4.027603616e-02
16.075926	3.230353553e-02
16.080927	1.975329874e-02
16.085927	3.623238891e-02
16.090927	2.220023757e-02
16.095928	1.629463091e-03
16.100928	1.444776430e-02
16.105928	3.601256143e-02
16.110928	1.960054731e-02
16.115929	1.409635738e-03
16.120929	3.236089194e-02
16.125929	3.110000467e-02
16.130930	1.440100716e-02
16.135930	3.407291348e-02
16.140930	4.298244010e-02
16.145930	4.258950286e-02
16.150931	4.794223450e-02
16.155931	5.065811813e-02
16.160931	5.315301451e-02
16.165932	4.944426844e-02
16.170932	4.827737590e-02
16.175932	5.330512635e-02
16.180933	5.711994672e-02
16.185933	5.375518089e-02
16.190933	4.911948833e-02
16.195933	4.286788892e-02
16.200934	4.358388795e-02
16.205934	3.717029791e-02
16.210934	3.733332885e-02
16.215935	3.734336862e-02
16.220935	1.998340950e-02
16.225935	3.435062184e-02
16.230935	2.540417786e-02
16.235936	1.304607215e-03
16.240936	7.050316498e-03
16.245936	2.390338564e-02
16.250937	2.169455341e-02
16.255937	8.102377249e-03
16.260937	4.564621636e-03
16.265937	1.525837281e-03
16.270938	3.571759892e-03
16.275938	4.159823122e-04
16.280938	-2.460811331e-03
16.285939	-2.291126304e-05
16.290939	2.071160682e-04
16.295939	-5.165533683e-03
16.300939	-1.616785896e-02
16.305940	-2.859510210e-02
16.310940	-9.974134638e-03
16.315940	2.692176024e-03
16.320941	-2.896114424e-04
16.325941	-2.565439580e-03
16.330941	-2.743796537e-02
16.335941	-3.202566024e-02
16.340942	-7.928008328e-03
16.345942	-3.401346417e-02
16.350942	-3.031463657e-02
16.355943	-2.174008996e-02
16.360943	-3.799011261e-02
16.365943	-3.312635210e-02
16.370943	-4.003691298e-02
16.375944	-3.982488435e-02
16.380944	-3.715899713e-02
16.385944	-2.919641516e-02
16.390945	-3.727290878e-02
16.395945	-2.556354272e-02
16.400945	-3.627988417e-02
16.405945	-2.770533741e-02
16.410946	-9.678374271e-04
16.415946	-2.736694508e-03
16.420946	-2.507666718e-03
16.425947	-3.328578402e-03
16.430947	1.422188814e-03
16.435947	-2.019571791e-03
16.440947	2.517590189e-02
16.445948	3.386444220e-02
16.450948	2.401905070e-02
16.455948	3.695334635e-02
16.460949	1.871443863e-02
16.465949	2.346520595e-02
16.470949	3.463960307e-02
16.475950	1.650568934e-02
16.480950	3.667456810e-02
16.485950	2.849308081e-02
16.490950	1.998661227e-02
16.495951	3.667669157e-02
16.500951	1.424102585e-02
16.505951	2.502244571e-02
16.510952	3.926666602e-02
16.515952	2.125774521e-02
16.520952	3.474500918e-02
16.525952	2.523359865e-02
16.530953	3.164827027e-02
16.535953	3.226027632e-02
16.540953	2.357981795e-02
16.545954	3.749805715e-02
16.550954	3.790007535e-02
16.555954	3.358936517e-02
16.560954	2.970763029e-02
16.565955	4.032705967e-02
16.570955	2.165017751e-02
16.575955	3.225060801e-02
16.580956	3.573944840e-02
16.585956	1.380175421e-02
16.590956	3.297669058e-02
16.595956	2.235734411e-02
16.600957	5.504356916e-03
16.605957	1.863608271e-03
16.610957	3.345564401e-03
16.615958	1.688882541e-02
16.620958	1.733884104e-02
16.625958	1.098224898e-02
16.630958	4.845644246e-03
16.635959	1.308889691e-03
16.640959	-7.371568399e-03
16.645959	-2.445254232e-02
16.650960	-1.273317610e-02
16.655960	9.512622105e-05
16.660960	9.416795461e-05
16.665960	1.413133630e-03
16.670961	-1.739642959e-03
16.675961	-2.477727350e-02
16.680961	-3.638256291e-02
16.685962	-1.058200814e-02
16.690962	-7.657184922e-05
16.695962	-2.118331362e-02
16.700962	-3.550244657e-02
16.705963	-1.074483164e-02
16.710963	-8.503600790e-04
16.715963	-1.327760203e-02
16.720964	-3.312341640e-02
16.725964	-2.538882032e-02
16.730964	-2.121119453e-03
16.735964	-3.670988248e-03
16.740965	-9.578605878e-03
16.745965	-1.488325824e-02
16.750965	-1.764605710e-02
16.755966	-1.986288740e-02
16.760966	-5.935648129e-03
16.765966	-1.249410615e-04
16.770967	-8.421420934e-03
16.775967	-2.649633723e-02
16.780967	-2.909714533e-02
16.785967	-7.589342895e-03
16.790968	1.702163627e-03
16.795968	-1.242624618e-03
16.800968	-2.102044270e-02
16.805969	-3.505259192e-02
16.810969	-1.422275034e-02
16.815969	-4.105042990e-04
16.820969	-9.634930561e-03
16.825970	-3.246157287e-02
16.830970	-2.809278253e-02
16.835970	-1.233523678e-04
16.840971	1.634588468e-03
16.845971	-2.953104963e-03
16.850971	-3.775015416e-03
16.855971	-6.365823909e-03
16.860972	-3.831927744e-03
16.865972	2.687738719e-03
16.870972	-1.785961218e-03
16.875973	-5.149922293e-04
16.880973	7.559767722e-04
16.885973	4.220382827e-04
16.890973	5.726774829e-03
16.895974	-1.671756479e-03
16.900974	6.004843393e-03
16.905974	2.539876797e-02
16.910975	2.258897223e-02
16.915975	9.656759898e-03
16.920975	5.183060083e-03
16.925975	9.283476601e-04
16.930976	6.061094216e-03
16.935976	1.628054762e-02
16.940976	1.677856132e-02
16.945977	1.540168308e-02
16.950977	6.291250570e-03
16.955977	2.362519432e-03
16.960977	-7.645861303e-03
16.965978	-2.936356718e-02
16.970978	-1.638227286e-02
16.975978	-1.622081063e-03
16.980979	-2.386994484e-03
16.985979	-5.720565794e-04
16.990979	-8.489981005e-04
16.995979	4.799678360e-04
17.000980	-7.919163195e-04
17.005980	-7.908738267e-04
17.010980	-2.778716696e-03
17.015981	4.791381188e-04
17.020981	3.463008736e-03
17.025981	-1.726649567e-03
17.030981	4.571030087e-03
17.035982	2.452092293e-02
17.040982	2.584988897e-02
17.045982	7.334998691e-03
17.050983	4.018232505e-03
17.055983	4.734233907e-03
17.060983	1.808445211e-03
17.065984	2.257462023e-03
17.070984	1.466263801e-04
17.075984	-4.072989817e-04
17.080984	2.027085861e-04
17.085985	-1.345159469e-03
17.090985	-2.004078746e-03
17.095985	-1.444131919e-02
17.100986	-3.792692286e-02
17.105986	-1.676309982e-02
17.110986	2.248847242e-03
17.115986	-1.669884104e-03
17.120987	2.631910781e-03
17.125987	-1.308871642e-04
17.130987	-4.211609142e-03
17.135988	-1.286734867e-03
17.140988	8.161867919e-04
17.145988	-2.166598431e-03
17.150988	-1.296605693e-03
17.155989	-7.895920243e-04
17.160989	8.733550348e-04
17.165989	2.614332133e-04
17.170990	3.184728480e-04
17.175990	7.556098651e-03
17.180990	2.247728163e-02
17.185990	2.424522269e-02
17.190991	1.115002038e-02
17.195991	4.629439162e-03
17.200991	1.370669962e-03
17.205992	2.690636884e-03
17.210992	1.512596320e-02
17.215992	2.171162666e-02
17.220992	7.555485557e-03
17.225993	3.627754964e-03
17.230993	9.926434997e-03
17.235993	4.410795941e-03
17.240994	3.359899577e-03
17.245994	4.180895339e-03
17.250994	2.087059104e-03
17.255994	-6.257414479e-04
17.260995	-1.767242165e-04
17.265995	2.622936014e-04
17.270995	2.079232015e-03
17.275996	4.253704730e-04
17.280996	-5.148265148e-03
17.285996	1.925370333e-03
17.290996	9.224713042e-04
17.295997	-1.284249486e-04
17.300997	2.193484422e-03
17.305997	-3.102167171e-03
17.310998	-5.592705171e-04
17.315998	2.356604651e-03
17.320998	3.107657892e-04
17.325999	1.008211286e-04
17.330999	2.528724449e-03
17.335999	2.250783727e-03
17.340999	1.591864971e-03
17.346000	2.031882890e-03
17.351000	-5.679239859e-04
17.356000	-9.028613847e-04
17.361001	-8.938185986e-04
17.366001	-3.273638124e-03
17.371001	-1.561693464e-03
17.376001	-7.073605693e-05
17.381002	-2.671542818e-03
17.386002	-5.596211808e-04
17.391002	-6.036262178e-03
17.396003	-2.842192864e-02
17.401003	-2.847988192e-02
17.406003	-5.271176125e-03
17.411003	2.090443001e-03
17.416004	-2.384255696e-03
17.421004	-6.867953865e-03
17.426004	-2.660677282e-02
17.431005	-3.345033496e-02
17.436005	-7.354795491e-03
17.441005	2.638088779e-04
17.446005	-3.471124470e-04
17.451006	3.118930469e-04
17.456006	-2.832882225e-03
17.461006	5.419667632e-04
17.466007	6.560036924e-04
17.471007	8.180378644e-04
17.476007	-1.848608156e-04
17.481007	-9.017759689e-04
17.486008	1.364136976e-03
17.491008	1.479173892e-03
17.496008	-2.106575894e-03
17.501009	-3.215468421e-03
17.506009	-9.074087196e-03
17.511009	-2.333622164e-02
17.516009	-2.516307276e-02
17.521010	-6.475106216e-03
17.526010	5.425329392e-04
17.531010	-1.340314930e-03
17.536011	-6.813092873e-04
17.541011	1.096631876e-03
17.546011	2.167262290e-04
17.551011	-2.890051067e-03
17.556012	-3.338981536e-03
17.561012	-3.940903179e-03
17.566012	-1.332731853e-02
17.571013	-2.924335755e-02
17.576013	-2.067780752e-02
17.581013	-5.089262284e-04
17.586013	-9.018598746e-04
17.591014	-2.611717614e-03
17.596014	3.362981767e-03
17.601014	1.645827077e-02
17.606015	2.607476028e-02
17.611015	1.413549213e-02
17.616015	3.688138004e-03
17.621016	1.929283138e-03
17.626016	2.425298323e-03
17.631016	1.421399961e-03
17.636016	-9.484196691e-04
17.641017	2.085574464e-04
17.646017	2.359477285e-03
17.651017	1.040597109e-03
17.656018	-3.462791407e-04
17.661018	2.657294145e-04
17.666018	3.237699047e-04
17.671018	-6.801283941e-04
17.676019	3.708548847e-04
17.681019	7.158788581e-04
17.686019	-2.495892170e-03
17.691020	-2.056873599e-03
17.696020	6.000171563e-04
17.701020	2.196969007e-03
17.706020	1.146073470e-03
17.711021	-6.781266572e-05
17.716021	-7.847274362e-04
17.721021	1.317195341e-03
17.726022	3.201130689e-03
17.731022	-5.478325150e-03
17.736022	-7.361172694e-03
17.741022	-1.216885166e-02
17.746023	-2.732093444e-02
17.751023	-1.814441935e-02
17.756023	-1.501334582e-03
17.761024	1.526140720e-04
17.766024	-2.056214641e-03
17.771024	1.260638188e-03
17.776024	1.375675556e-03
17.781025	-2.657048019e-03
17.786025	-3.211972024e-03
17.791025	-2.300998607e-04
17.796026	1.805826828e-03
17.801026	5.339441641e-04
17.806026	-1.719711114e-04
17.811026	-8.898856884e-04
17.816027	-1.835787119e-03
17.821027	3.731296340e-04
17.826027	2.428055269e-03
17.831028	-1.061699530e-03
17.836028	1.203358982e-02
17.841028	1.679635941e-02
17.846028	1.320295450e-03
17.851029	3.421218467e-03
17.856029	7.063052683e-03
17.861029	2.973332502e-03
17.866030	7.085071523e-04
17.871030	1.146526035e-03
17.876030	-5.736044734e-05
17.881030	-1.165252456e-03
17.886031	-3.661064467e-03
17.891031	-7.637791121e-03
17.896031	-1.216848584e-02
17.901032	-1.332437506e-02
17.906032	-7.025693901e-03
17.911032	-4.490287600e-04
17.916033	2.801828066e-03
17.921033	3.355840327e-03
17.926033	1.431025318e-02
17.931033	2.619261256e-02
17.936034	1.501830079e-02
17.941034	3.308019906e-03
17.946034	3.202070234e-03
17.951035	3.162807793e-04
17.956035	-5.626243331e-04
17.961035	8.173916388e-03
17.966035	1.922432376e-02
17.971036	6.845081470e-03
17.976036	1.480866676e-02
17.981036	1.938644719e-02
17.986037	3.747392788e-03
17.991037	-1.703371446e-04
17.996037	1.206627776e-03
18.001037	1.862266831e-02
18.006038	2.646926038e-02
18.011038	1.662387210e-02
18.016038	7.170461236e-03
18.021039	1.320842679e-03
18.026039	3.480762509e-03
18.031039	1.391920522e-02
18.036039	1.590813492e-02
18.041040	1.568819193e-02
18.046040	1.369935089e-02
18.051040	6.291822149e-03
18.056041	1.427146864e-03
18.061041	3.586066790e-03
18.066041	2.375594869e-02
18.071041	2.590686908e-02
18.076042	8.671906763e-03
18.081042	3.978221650e-03
18.086042	1.149429061e-03
18.091043	1.761438173e-03
18.096043	4.360332778e-03
18.101043	1.980514329e-03
18.106043	7.106319153e-04
18.111044	1.044657068e-03
18.116044	1.425679517e-03
18.121044	-6.761549326e-04
18.126045	-1.996034444e-03
18.131045	7.188535106e-04
18.136045	5.093643365e-05
18.141045	-1.000958508e-03
18.146046	1.159961388e-03
18.151046	2.697917194e-03
18.156046	-3.418631651e-04
18.161047	-4.709566986e-03
18.166047	-5.426481210e-03
18.171047	-1.282601029e-02
18.176047	-2.637118516e-02
18.181048	-1.713567297e-02
18.186048	-3.045440562e-03
18.191048	-3.495370151e-03
18.196049	-8.075061722e-03
18.201049	-2.553901072e-02
18.206049	-2.658990566e-02
18.211050	-5.092100159e-03
18.216050	3.286319278e-04
18.221050	-1.497218335e-03
18.226050	-3.323068593e-03
18.231051	-8.790708958e-03
18.236051	-2.831153938e-02
18.241051	-2.803351088e-02
18.246052	-5.969737967e-03
18.251052	1.089562286e-04
18.256052	1.101943536e-03
18.261052	-3.409287649e-04
18.266053	-6.178682588e-04
18.271053	-4.448336822e-04
18.276053	-2.156690469e-03
18.281054	-6.965368770e-03
18.286054	-1.012814193e-02
18.291054	-1.559678218e-02
18.296054	-2.045245777e-02
18.301055	-1.106495423e-02
18.306055	-3.427349833e-03
18.311055	-2.815340525e-03
18.316056	3.765201010e-04
18.321056	2.259456169e-03
18.326056	-1.544280016e-03
18.331056	-9.512695980e-04
18.336057	-6.227623455e-05
18.341057	-1.271850221e-02
18.346057	-3.383524057e-02
18.351058	-2.094893864e-02
18.356058	8.848476125e-04
18.361058	-2.213929177e-03
18.366058	4.339628364e-04
18.371059	2.040914846e-03
18.376059	-5.424610261e-03
18.381059	-1.653192548e-02
18.386060	-2.680828858e-02
18.391060	-2.072859434e-02
18.396060	-4.373492297e-03
18.401060	-4.446740851e-04
18.406061	-2.816388340e-04
18.411061	1.003837993e-04
18.416061	-1.675561046e-04
18.421062	-1.658425524e-03
18.426062	7.124824927e-04
18.431062	2.041450563e-03
18.436062	-3.875163776e-03
18.441063	-4.649074503e-03
18.446063	-7.692534389e-04
18.451063	-2.252401171e-04
18.456064	-2.107086982e-03
18.461064	-2.603013718e-03
18.466064	-4.811841732e-03
18.471064	-7.460644385e-03
18.476065	-1.305227743e-02
18.481065	-2.161673914e-02
18.486065	-1.248822055e-02
18.491066	-1.188887423e-04
18.496066	7.131080072e-04
18.501066	9.901367441e-04
18.506067	-1.169694071e-03
18.511067	-2.708560673e-03
18.516067	-2.881505994e-03
18.521067	3.303536080e-04
18.526068	2.491273782e-03
18.531068	1.593370250e-03
18.536068	-1.608400500e-03
18.541069	-8.264008459e-04
18.546069	1.104532593e-03
18.551069	-3.358827289e-06
18.556069	-3.372948511e-04
18.561070	-1.226198888e-03
18.566070	3.255587546e-03
18.571070	7.807749148e-04
18.576071	-4.370883438e-03
18.581071	-1.169023231e-03
18.586071	2.213826547e-03
18.591071	1.047938487e-03
18.596072	-7.769115930e-04
18.601072	-2.798954882e-04
18.606072	-1.943754842e-03
18.611073	-7.197806307e-04
18.616073	2.818060227e-03
18.621073	2.865102273e-03
18.626073	-1.044627636e-03
18.631074	-3.644433039e-03
18.636074	1.096338497e-03
18.641074	1.431363953e-03
18.646075	5.448807372e-05
18.651075	-3.644253986e-03
18.656075	-1.644097720e-04
18.661075	1.978448527e-02
18.666076	2.132344135e-02
18.671076	1.270098307e-02
18.676076	7.071352302e-03
18.681077	4.203562361e-03
18.686077	3.649639065e-03
18.691077	6.008595580e-04
18.696077	1.154872411e-03
18.701078	1.177430516e-02
18.706078	1.741402491e-02
18.711078	1.276933738e-02
18.716079	1.337134748e-02
18.721079	8.667663355e-03
18.726079	6.794816084e-03
18.731079	4.367000800e-03
18.736080	-1.330626033e-03
18.741080	1.269268920e-03
18.746080	4.749113160e-03
18.751081	2.078023403e-02
18.756081	2.901980395e-02
18.761081	1.182283987e-02
18.766081	3.095387662e-03
18.771082	-2.693736142e-04
18.776082	-1.435261618e-03
18.781082	1.204400633e-02
18.786083	2.221446497e-02
18.791083	1.602886627e-02
18.796083	1.188015018e-02
18.801084	6.622498005e-03
18.806084	1.824819319e-03
18.811084	1.709594443e-04
18.816084	6.680629077e-03
18.821085	1.784603038e-02
18.826085	1.801806528e-02
18.831085	1.570524338e-02
18.836086	8.181721802e-03
18.841086	3.306047616e-03
18.846086	2.599133170e-03
18.851086	1.940215958e-03
18.856087	1.873264629e-03
18.861087	-1.725726492e-04
18.866087	2.217334425e-03
18.871088	2.436366616e-03
18.876088	-2.485304917e-03
18.881088	1.625872903e-04
18.886088	4.242396971e-03
18.891089	-1.052253064e-03
18.896089	-5.132973063e-03
18.901089	-2.420382913e-02
18.906090	-3.492916617e-02
18.911090	-8.401650230e-03
18.916090	-9.460351084e-04
18.921090	-1.434962114e-03
18.926091	0.000000000e+00
