expfull_T9_run21
3743	0
0.000000	0.000000000e+00
0.005000	-4.399045691e-04
0.010001	4.090912421e-03
0.015001	1.156147604e-03
0.020001	-1.881611443e-03
0.025001	-1.616370012e-04
0.030002	6.023909892e-04
0.035002	-6.114702269e-04
0.040002	-1.873328755e-03
0.045003	4.406124145e-04
0.050003	1.214639843e-03
0.055003	-1.595131978e-03
0.060003	-1.041447113e-04
0.065004	4.891749999e-05
0.070004	-4.479838810e-04
0.075004	-3.239200467e-04
0.080004	-9.358149876e-04
0.085005	1.549116598e-03
0.090005	3.204094674e-03
0.095005	-2.756396237e-04
0.100006	-8.785350722e-04
0.105006	-1.107451471e-03
0.110006	1.557184648e-06
0.115006	2.821470001e-03
0.120007	1.698728529e-06
0.125007	-1.107168383e-03
0.130007	1.158338821e-04
0.135008	3.938890782e-04
0.140008	-1.120118130e-04
0.145008	-1.440866607e-03
0.150008	-5.528455829e-04
0.155009	-8.197598655e-04
0.160009	4.992370137e-04
0.165009	-1.221595829e-03
0.170010	-4.365690422e-04
0.175010	1.723380725e-03
0.180010	-2.174397999e-04
0.185010	-8.863315753e-04
0.190011	7.196492179e-04
0.195011	1.502676108e-03
0.200011	6.137966497e-04
0.205011	1.044843252e-03
0.210012	-1.544940932e-03
0.215012	-1.869851988e-03
0.220012	2.710988266e-04
0.225013	1.541098426e-03
0.230013	-3.217264884e-04
0.235013	-4.356493717e-04
0.240013	-2.165909097e-04
0.245014	1.944358773e-03
0.250014	8.824889825e-04
0.255014	-3.036220781e-03
0.260015	4.526545086e-04
0.265015	2.237380520e-04
0.270015	5.007932501e-04
0.275015	1.436811533e-03
0.280016	7.689196580e-04
0.285016	-9.319143584e-04
0.290016	-2.251769719e-03
0.295017	-3.308066197e-04
0.300017	4.442206671e-04
0.305017	1.055257137e-03
0.310017	1.055327828e-03
0.315018	1.094515038e-04
0.320018	-2.872310781e-03
0.325018	-5.973675290e-04
0.330018	3.599468063e-03
0.335019	-2.480120704e-03
0.340019	-2.987021633e-03
0.345019	2.881720294e-03
0.350020	1.227883605e-03
0.355020	6.649858011e-04
0.360020	9.420409431e-04
0.365020	-8.837861231e-04
0.370021	-2.814607312e-03
0.375021	-1.591605169e-03
0.380021	2.710224506e-03
0.385022	1.659354015e-03
0.390022	-1.093421146e-03
0.395022	-6.533751599e-04
0.400022	-1.266270196e-03
0.405023	4.447045889e-04
0.410023	1.000744065e-03
0.415023	7.808270035e-04
0.420024	-1.103996801e-03
0.425024	-2.202864635e-03
0.430024	1.497998663e-03
0.435024	2.100035542e-03
0.440025	-1.867671604e-03
0.445025	-1.541619274e-03
0.450025	1.058305677e-03
0.455025	-3.765433632e-04
0.460026	-4.424690900e-04
0.465026	3.161399611e-03
0.470026	2.836313835e-04
0.475027	-2.039167936e-03
0.480027	1.936679914e-03
0.485027	-4.331167819e-04
0.490027	-2.697919364e-03
0.495028	-1.713903938e-03
0.500028	1.450989319e-03
0.505028	1.996029326e-03
0.510029	-1.077822949e-04
0.515029	3.992598298e-04
0.520029	1.223458635e-04
0.525029	-2.695616666e-04
0.530030	3.894719285e-04
0.535030	1.001508151e-03
0.540030	-3.173474708e-04
0.545031	1.696957425e-04
0.550031	-1.062183117e-04
0.555031	-3.575953466e-03
0.560031	-1.321009300e-03
0.565032	2.377853978e-03
0.570032	2.850416769e-04
0.575032	-8.228258023e-04
0.580032	1.385120974e-03
0.585033	1.613178649e-03
0.590033	1.393261413e-03
0.595033	4.483847808e-04
0.600034	4.004578986e-04
0.605034	7.255101176e-04
0.610034	-2.036264757e-03
0.615034	1.236846657e-04
0.620035	1.717523821e-04
0.625035	-2.476028897e-03
0.630035	-7.660542863e-04
0.635036	2.289603671e-04
0.640036	2.379910263e-03
0.645036	-1.538774263e-04
0.650036	-1.586726792e-03
0.655037	2.380121365e-03
0.660037	-4.306508286e-04
0.665037	-2.915441289e-03
0.670038	1.714561403e-04
0.675038	1.715264746e-04
0.680038	-1.424313801e-03
0.685038	-9.842681259e-04
0.690039	7.267063499e-04
0.695039	6.207825944e-04
0.700039	-1.701017043e-03
0.705039	1.721861518e-03
0.710040	3.317842407e-03
0.715040	-1.595812066e-03
0.720040	-1.088770192e-03
0.725041	2.332108452e-03
0.730041	1.835206548e-03
0.735041	-2.091503238e-03
0.740041	-1.212482231e-03
0.745042	-9.447461744e-05
0.750042	1.453508903e-03
0.755042	2.306476275e-04
0.760043	-2.426133333e-03
0.765043	1.080036950e-05
0.770043	1.004814891e-03
0.775043	-8.220125830e-04
0.780044	6.219767170e-04
0.785044	6.240467800e-04
0.790044	5.661201960e-04
0.795045	1.162155612e-04
0.800045	-4.286837602e-04
0.805045	3.453430292e-04
0.810045	-2.311438009e-03
0.815046	1.943393783e-03
0.820046	9.485196356e-04
0.825046	-4.293330673e-04
0.830046	2.392578967e-03
0.835047	-5.991833475e-04
0.840047	-2.369014118e-03
0.845047	-2.081960116e-03
0.850048	-5.419763061e-04
0.855048	2.334932606e-03
0.860048	1.723036938e-03
0.865048	-1.210728675e-03
0.870049	-1.987153250e-04
0.875049	6.233086592e-04
0.880049	-7.135464333e-04
0.885050	8.444363079e-04
0.890050	1.943444750e-03
0.895050	-1.144312290e-03
0.900050	7.966489718e-04
0.905051	-1.822134356e-03
0.910051	-2.702015100e-03
0.915051	1.790803190e-03
0.920052	4.529480819e-04
0.925052	1.180367839e-04
0.930052	-3.698659533e-04
0.935052	1.281760715e-04
0.940053	1.007196746e-03
0.945053	2.164201840e-03
0.950053	1.505308643e-03
0.955053	-1.038478978e-03
0.960054	-1.143403224e-03
0.965054	-4.439491972e-05
0.970054	-1.037269446e-03
0.975055	-1.524172324e-03
0.980055	1.561724654e-03
0.985055	1.838778962e-03
0.990055	-3.210302352e-04
0.995056	-3.779572380e-04
1.000056	7.208735076e-05
1.005056	4.541357385e-04
1.010057	-1.753670810e-03
1.015057	-9.069419511e-05
1.020057	1.562282970e-03
1.025057	-7.595172234e-04
1.030058	-9.794351663e-04
1.035058	-4.823932807e-04
1.040058	6.264590600e-05
1.045059	1.767092240e-04
1.050059	-5.301814818e-04
1.055059	-1.471332521e-04
1.060059	4.549027002e-04
1.065060	-2.049906695e-04
1.070060	4.540420690e-04
1.075060	1.066077429e-03
1.080060	-1.695698233e-03
1.085061	-1.484640432e-03
1.090061	2.883184511e-03
1.095061	7.241156106e-05
1.100062	-1.361438530e-03
1.105062	1.726458078e-03
1.110062	7.895801268e-04
1.115062	2.926775190e-04
1.120063	-1.197169479e-03
1.125063	-3.661464942e-04
1.130063	4.163669287e-03
1.135064	-2.040165387e-04
1.140064	-3.577758053e-03
1.145064	9.530576389e-04
1.150064	1.115118040e-03
1.155065	-8.157043350e-04
1.160065	-7.576381313e-04
1.165065	-8.625628090e-04
1.170066	-5.375115839e-04
1.175066	8.954775673e-04
1.180066	-2.513887797e-04
1.185066	-3.173156884e-04
1.190067	3.987135890e-04
1.195067	4.657792070e-04
1.200067	3.610672405e-03
1.205067	1.727847225e-03
1.210068	-2.582841968e-03
1.215068	-1.970806925e-03
1.220068	-1.415768701e-03
1.225069	-2.248652743e-03
1.230069	-5.946761015e-04
1.235069	2.780204129e-03
1.240069	2.374158330e-04
1.245070	-2.305372476e-03
1.250070	1.231498644e-03
1.255070	-3.173453661e-04
1.260071	-7.472520674e-04
1.265071	-5.841919969e-04
1.270071	9.547909872e-04
1.275071	1.614823194e-03
1.280072	-1.913909973e-03
1.285072	-9.768933071e-04
1.290072	2.871050299e-04
1.295073	2.618043588e-03
1.300073	1.241189830e-03
1.305073	-1.969561213e-03
1.310073	-5.355724496e-04
1.315074	1.012409915e-03
1.320074	-9.764096146e-04
1.325074	-1.309321915e-03
1.330075	4.586480877e-04
1.335075	-1.635165600e-03
1.340075	6.877732891e-04
1.345075	2.943715918e-03
1.350076	7.839058872e-04
1.355076	9.549652766e-04
1.360076	-1.136848590e-03
1.365076	-1.518758252e-03
1.370077	2.561082142e-03
1.375077	1.929344088e-05
1.380077	-1.309563218e-03
1.385078	2.782276464e-03
1.390078	1.185434789e-03
1.395078	-3.747220040e-03
1.400078	-1.423281369e-03
1.405079	2.734554561e-03
1.410079	-1.422154723e-04
1.415079	8.517976544e-04
1.420080	-8.690371576e-04
1.425080	-2.579872544e-03
1.430080	5.740195527e-04
1.435080	7.360792259e-04
1.440081	-4.767840971e-04
1.445081	2.972412678e-04
1.450081	-5.336434808e-04
1.455082	5.173663399e-04
1.460082	1.463382028e-03
1.465082	-1.984562173e-04
1.470082	-2.083870101e-04
1.475083	2.396565287e-04
1.480083	-3.622411335e-04
1.485083	-7.531506291e-04
1.490083	-1.981131276e-04
1.495084	-6.950167152e-04
1.500084	-2.569726896e-04
1.505084	2.980647676e-04
1.510085	2.991332411e-04
1.515085	5.751862962e-04
1.520085	7.372457218e-04
1.525085	1.398277182e-03
1.530086	9.003735460e-04
1.535086	-5.334776768e-04
1.540086	-2.014326282e-03
1.545087	-8.336601906e-05
1.550087	2.172576025e-03
1.555087	3.557461939e-04
1.560087	-1.401576454e-04
1.565088	4.048801905e-04
1.570088	-5.899957291e-04
1.575088	-2.080843882e-03
1.580089	3.570878751e-04
1.585089	1.073116071e-03
1.590089	-1.248685582e-03
1.595089	2.183190451e-03
1.600090	6.243460292e-04
1.605090	-1.861446484e-03
1.610090	1.945065752e-04
1.615090	2.258441579e-05
1.620091	8.436066196e-04
1.625091	3.007052092e-04
1.630091	-2.787053664e-03
1.635092	-1.248071726e-03
1.640092	2.890764563e-03
1.645092	-5.319755946e-04
1.650092	-2.241811718e-03
1.655093	1.791030459e-03
1.660093	2.517057855e-03
1.665093	-9.172796222e-05
1.670094	-6.456289024e-04
1.675094	7.513608597e-04
1.680094	1.018413900e-03
1.685094	-1.468378817e-03
1.690095	-9.133419412e-04
1.695095	-1.085264361e-03
1.700095	6.347072258e-04
1.705096	1.388029208e-04
1.710096	-1.027063872e-03
1.715096	1.399868063e-03
1.720096	1.290071176e-04
1.725097	8.207759532e-05
1.730097	4.731235224e-04
1.735097	-9.077707519e-05
1.740097	-2.355582412e-03
1.745098	-2.126527462e-03
1.750098	5.213919756e-04
1.755098	2.509348364e-03
1.760099	1.458474959e-03
1.765099	-2.523614946e-04
1.770099	-3.572879226e-04
1.775099	-1.303167261e-03
1.780100	-1.141108679e-03
1.785100	-1.467022781e-03
1.790100	1.190895957e-03
1.795101	1.688935666e-03
1.800101	2.509645708e-05
1.805101	-9.787797381e-04
1.810101	-1.140703114e-03
1.815102	9.142493117e-04
1.820102	-3.576119253e-04
1.825102	1.884249881e-04
1.830103	1.908396124e-03
1.835103	-6.343939739e-04
1.840103	1.306306188e-04
1.845103	1.077644999e-03
1.850104	9.627188471e-04
1.855104	5.218109371e-04
1.860104	-1.407013644e-03
1.865104	-9.669709377e-04
1.870105	8.303758221e-05
1.875105	1.239040146e-03
1.880105	-5.277935819e-04
1.885106	8.423941642e-05
1.890106	1.411232347e-03
1.895106	8.483311236e-04
1.900106	-8.754922559e-05
1.905107	-1.073426793e-03
1.910107	2.657877832e-05
1.915107	-5.753203352e-04
1.920108	2.457008259e-04
1.925108	3.517620175e-04
1.930108	3.618285676e-04
1.935108	4.098929701e-04
1.940109	-2.238891579e-03
1.945109	6.960110759e-04
1.950109	1.461035260e-03
1.955110	-5.277863150e-04
1.960110	-2.974721362e-05
1.965110	-7.946373870e-04
1.970110	-7.465731182e-04
1.975111	1.844348690e-03
1.980111	2.751738464e-05
1.985111	-3.787202026e-03
1.990111	-1.129284029e-03
1.995112	2.188596980e-03
2.000112	1.022729132e-03
2.005112	5.248238482e-04
2.010113	4.188965872e-04
2.015113	-4.689868912e-04
2.020113	-6.979073019e-04
2.025113	2.481064523e-04
2.030114	9.651330137e-04
2.035114	1.422458152e-04
2.040114	-6.886409551e-04
2.045115	-3.625925524e-04
2.050115	1.136390127e-03
2.055115	1.413441234e-03
2.060115	6.885484466e-04
2.065116	-2.628199176e-03
2.070116	-1.342723096e-04
2.075116	1.242717103e-03
2.080117	-6.301114630e-04
2.085117	1.439116845e-04
2.090117	3.539664030e-04
2.095117	4.110296710e-04
2.100118	2.911750827e-05
2.105118	-7.447727179e-04
2.110118	-4.107250270e-04
2.115118	8.602701590e-04
2.120119	-2.073499141e-03
2.125119	-1.355473021e-03
2.130119	1.693422512e-03
2.135120	1.577495305e-03
2.140120	-8.534527064e-05
2.145120	-1.404205136e-03
2.150120	1.415703141e-03
2.155121	2.237723310e-03
2.160121	-1.632993673e-03
2.165121	-1.297946267e-03
2.170122	-4.099298581e-04
2.175122	1.751015225e-03
2.180122	3.017773004e-05
2.185122	-1.461672614e-03
2.190123	2.502975560e-04
2.195123	1.024320244e-03
2.200123	1.750345600e-03
2.205124	-1.403411736e-03
2.210124	2.985589081e-04
2.215124	-1.412279297e-03
2.220124	-2.234167320e-03
2.225125	5.847406929e-04
2.230125	1.301766423e-03
2.235125	2.181783001e-03
2.240125	-4.660028281e-04
2.245126	-1.402884518e-03
2.250126	2.030913296e-04
2.255126	4.141452933e-04
2.260127	1.292161874e-03
2.265127	1.452918595e-04
2.270127	-9.615804177e-04
2.275127	-9.045179163e-04
2.280128	3.654766193e-04
2.285128	1.464480711e-03
2.290128	1.946174750e-04
2.295129	-2.932895853e-04
2.300129	-1.508155947e-03
2.305129	-1.297102205e-03
2.310129	1.303817644e-03
2.315130	1.360879967e-03
2.320130	-4.649522604e-04
2.325130	-1.075852566e-03
2.330131	-3.018304719e-04
2.335131	3.014049214e-03
2.340131	9.682292196e-04
2.345131	-1.344575843e-03
2.350132	-1.458504100e-03
2.355132	-6.364848084e-04
2.360132	-1.239385721e-03
2.365132	-1.018332812e-03
2.370133	9.126242926e-04
2.375133	1.752642484e-03
2.380133	5.387757032e-04
2.385134	-1.391211238e-04
2.390134	1.247866359e-03
2.395134	-2.439849196e-04
2.400134	3.100491757e-04
2.405135	-1.294795820e-03
2.410135	-9.127521372e-04
2.415135	1.915154515e-03
2.420136	-1.467234736e-05
2.425136	5.303621351e-04
2.430136	-1.865327175e-04
2.435136	-1.676384296e-03
2.440137	8.158217225e-05
2.445137	3.364977603e-05
2.450137	1.141652605e-03
2.455138	4.727549454e-04
2.460138	1.248776323e-03
2.465138	4.168877460e-04
2.470138	-1.017967079e-03
2.475139	3.403876725e-05
2.480139	4.260815583e-04
2.485139	1.086109314e-03
2.490139	-4.147419106e-04
2.495140	-1.400622006e-03
2.500140	-1.399557410e-03
2.505140	1.363352453e-03
2.510141	2.911330349e-03
2.515141	-1.179375923e-03
2.520141	-1.514292604e-03
2.525141	2.577542721e-03
2.530142	1.977405374e-04
2.535142	-1.016126982e-03
2.540142	-1.281122644e-04
2.545143	-7.400135524e-04
2.550143	4.749827993e-04
2.555143	5.800413008e-04
2.560143	2.551238631e-04
2.565144	-6.727598235e-04
2.570144	2.072551936e-04
2.575144	-7.476270303e-04
2.580145	-2.415911141e-04
2.585145	1.143395542e-03
2.590145	-4.614503486e-04
2.595145	2.555736738e-04
2.600146	-1.407269018e-03
2.605146	-4.042610653e-04
2.610146	1.315706701e-03
2.615146	-9.001050913e-04
2.620147	1.240839043e-03
2.625147	-1.840171060e-04
2.630147	-2.114844938e-03
2.635148	-3.558794827e-04
2.640148	4.851373668e-04
2.645148	1.145164329e-03
2.650148	-1.926968200e-04
2.655149	-1.129580456e-03
2.660149	2.521278895e-03
2.665149	2.244358239e-03
2.670150	-2.276324724e-03
2.675150	-1.665295171e-03
2.680150	5.906422154e-04
2.685150	6.967000034e-04
2.690151	6.387669517e-04
2.695151	5.808338740e-04
2.700151	8.698813339e-04
2.705152	-1.280934561e-03
2.710152	-9.008922501e-04
2.715152	1.031063102e-03
2.720152	-4.117925279e-04
2.725153	-3.457327078e-04
2.730153	-1.339613540e-03
2.735153	-1.568537249e-03
2.740153	1.194371426e-03
2.745154	2.637354010e-03
2.750154	-2.122315982e-03
2.755154	-5.733393877e-04
2.760155	2.417556410e-03
2.765155	-1.342373394e-04
2.770155	-1.118118944e-03
2.775155	-4.590926036e-04
2.780156	1.031887107e-03
2.785156	3.239899630e-04
2.790156	3.806915493e-05
2.795157	-7.448238415e-04
2.800157	-1.625711376e-03
2.805157	7.072210377e-04
2.810157	1.205256208e-03
2.815158	2.361254494e-03
2.820158	1.643357722e-03
2.825158	-3.613284834e-03
2.830159	-1.509339729e-03
2.835159	6.506022122e-04
2.840159	4.786747483e-04
2.845159	2.189641785e-03
2.850160	1.194760365e-03
2.855160	-1.338034934e-03
2.860160	-1.174981272e-03
2.865160	-2.379709909e-04
2.870161	5.360483926e-04
2.875161	3.731202327e-04
2.880161	-1.785696153e-03
2.885162	-8.486859821e-04
2.890162	9.852739172e-04
2.895162	-3.525885380e-04
2.900162	-4.095227736e-04
2.905163	5.364867819e-04
2.910163	2.916415987e-03
2.915163	-1.233512454e-04
2.920164	-7.529147387e-05
2.925164	1.310693324e-03
2.930164	-1.279099198e-03
2.935164	-1.288036318e-03
2.940165	-9.539926781e-04
2.945165	1.749918183e-03
2.950165	-5.138927124e-04
2.955166	-1.163794041e-03
2.960166	2.247077134e-03
2.965166	8.052201116e-04
2.970166	-1.507588152e-03
2.975167	3.173717742e-04
2.980167	-8.395012973e-04
2.985167	-6.764483345e-04
2.990167	-1.304168532e-04
2.995168	2.606232815e-04
3.000168	2.362567549e-03
3.005168	2.607472671e-04
3.010169	-1.392098194e-03
3.015169	-4.560887009e-04
3.020169	1.856843633e-03
3.025169	-1.229921591e-03
3.030170	-1.115866142e-03
3.035170	-4.568412496e-04
3.040170	-1.506720660e-03
3.045171	1.256186324e-03
3.050171	1.924210626e-03
3.055171	-1.507535449e-03
3.060171	-1.229489360e-03
3.065172	2.421367767e-03
3.070172	1.589475972e-03
3.075172	-1.727276661e-03
3.080173	-1.449230690e-03
3.085173	5.967162214e-04
3.090173	1.532725277e-03
3.095173	-9.520740757e-04
3.100174	-4.550404890e-04
3.105174	2.861835112e-03
3.110174	-1.726846479e-03
3.115174	-5.128531422e-04
3.120175	2.528037829e-03
3.125175	-1.945650292e-03
3.130175	3.672813972e-04
3.135176	2.030249465e-03
3.140176	-3.265392703e-03
3.145176	-3.964922464e-04
3.150176	5.965132603e-04
3.155177	-1.773822879e-04
3.160177	4.836417551e-04
3.165177	1.036671818e-03
3.170178	5.397606635e-04
3.175178	-4.541226823e-04
3.180178	-1.840984045e-03
3.185178	-2.002914054e-03
3.190179	2.040920316e-03
3.195179	2.250969409e-03
3.200179	-9.027930999e-04
3.205180	-2.336651982e-03
3.210180	7.602353109e-04
3.215180	5.973051755e-04
3.220180	-3.385816924e-04
3.225181	2.261333347e-03
3.230181	4.351822675e-05
3.235181	-1.896312496e-03
3.240181	1.362565539e-03
3.245182	1.037644294e-03
3.250182	-6.641998523e-04
3.255182	-1.285104579e-03
3.260183	1.142819879e-03
3.265183	-7.200153415e-04
3.270183	-1.943886386e-03
3.275183	2.796908422e-03
3.280184	1.927017487e-03
3.285184	3.301672431e-04
3.290184	-6.817157999e-04
3.295185	-2.896775164e-04
3.300185	-4.526081769e-04
3.305185	-6.725356759e-04
3.310185	2.367354191e-03
3.315186	5.415165867e-04
3.320186	-3.101219274e-03
3.325186	1.258596562e-03
3.330187	3.582526409e-03
3.335187	-2.392078924e-03
3.340187	-2.278025351e-03
3.345187	1.267835953e-03
3.350188	-6.239981753e-04
3.355188	7.039873025e-04
3.360188	1.600776050e-04
3.365188	1.501379647e-04
3.370189	-7.297529761e-04
3.375189	-8.336874148e-04
3.380189	6.572887738e-04
3.385190	2.646237036e-03
3.390190	5.424145275e-04
3.395190	-2.832336821e-03
3.400190	9.245123146e-04
3.405191	-2.313633906e-04
3.410191	3.226650900e-04
3.415191	6.577058051e-04
3.420192	8.787528735e-04
3.425192	-7.280976986e-04
3.430192	-1.942970260e-03
3.435192	1.373903295e-03
3.440193	-6.895656028e-05
3.445193	-1.673807374e-03
3.450193	-1.119779152e-03
3.455194	1.766118415e-03
3.460194	6.012428577e-04
3.465194	-2.171542663e-03
3.470194	-2.795895170e-04
3.475195	1.433373623e-03
3.480195	1.366436433e-03
3.485195	-6.703904446e-04
3.490195	1.606220002e-04
3.495196	8.686413016e-04
3.500196	4.867216244e-04
3.505196	1.212739852e-03
3.510197	-6.700958160e-04
3.515197	1.260854850e-03
3.520197	1.432904009e-03
3.525197	-2.275829478e-03
3.530198	4.300776783e-04
3.535198	-1.386761852e-03
3.540198	-1.386703191e-03
3.545199	6.022440271e-04
3.550199	2.093246346e-04
3.555199	6.583580458e-04
3.560199	-1.003490333e-03
3.565200	9.844568074e-04
3.570200	9.365179567e-04
3.575200	-1.998259218e-03
3.580201	2.666723062e-04
3.585201	4.877182873e-04
3.590201	-2.291832250e-04
3.595201	1.424782422e-03
3.600202	-7.830356422e-04
3.605202	1.433898402e-03
3.610202	1.595947519e-03
3.615202	-3.048734143e-03
3.620203	7.081135400e-04
3.625203	2.093094052e-03
3.630203	-1.653638012e-03
3.635204	9.942716872e-04
3.640204	-5.625831130e-04
3.645204	-2.608410557e-03
3.650204	1.424421462e-03
3.655205	3.835376567e-04
3.660205	2.206046377e-04
3.665205	2.036560735e-03
3.670206	-4.482422906e-04
3.675206	-1.834106909e-03
3.680206	6.508116128e-04
3.685206	1.931797539e-03
3.690207	-1.824934375e-03
3.695207	-7.249383792e-04
3.700207	1.092017421e-03
3.705208	-2.273736498e-03
3.710208	-9.937506885e-04
3.715208	2.983084020e-03
3.720208	8.242623887e-04
3.725209	-2.052519060e-03
3.730209	1.148359010e-03
3.735209	1.262409958e-03
3.740210	-1.546375404e-03
3.745210	-1.106342787e-03
3.750210	1.205584939e-03
3.755210	2.696945600e-04
3.760211	-5.522022394e-04
3.765211	8.237778095e-04
3.770211	1.866776476e-03
3.775211	1.148873746e-03
3.780212	-1.938896269e-03
3.785212	-3.899260510e-04
3.790212	6.050751630e-04
3.795213	-8.857844101e-04
3.800213	-3.327585092e-04
3.805213	-3.151543768e-03
3.810213	1.149272126e-03
3.815214	1.646301057e-03
3.820214	-2.711398104e-03
3.825214	2.373373769e-03
3.830215	2.535421358e-03
3.835215	-3.893581766e-04
3.840215	-2.109205242e-03
3.845215	-5.612353943e-04
3.850216	1.828687255e-03
3.855216	-7.801101225e-04
3.860216	-6.097027749e-06
3.865217	3.090785913e-03
3.870217	3.279970538e-04
3.875217	-4.469031951e-04
3.880217	-5.608405046e-04
3.885218	-1.688061927e-04
3.890218	-5.507285629e-04
3.895218	-7.706600432e-04
3.900218	2.143409446e-04
3.905219	9.940351059e-05
3.910219	8.824157406e-04
3.915219	-8.844292325e-04
3.920220	2.202453871e-03
3.925220	1.761534552e-03
3.930220	-2.825152573e-03
3.935220	-2.099137332e-03
3.940221	-2.759044494e-03
3.945221	2.374723769e-03
3.950221	2.259786007e-03
3.955222	9.319161529e-04
3.960222	1.323949920e-03
3.965222	-3.924700381e-03
3.970222	6.630982815e-04
3.975223	3.197011958e-03
3.980223	-3.967311543e-04
3.985223	-1.323623690e-03
3.990224	9.413049434e-04
3.995224	4.913856155e-04
4.000224	-2.270404247e-03
4.005224	-9.404233523e-04
4.010225	2.375446264e-03
4.015225	9.885792722e-04
4.020225	-1.275238633e-03
4.025225	-7.782112278e-04
4.030226	7.117605197e-04
4.035226	-2.151323867e-04
4.040226	1.047852001e-03
4.045227	1.314892141e-03
4.050227	-7.129392070e-04
4.055227	-2.699772889e-03
4.060227	-1.723772575e-03
4.065228	1.869081116e-03
4.070228	1.161175681e-03
4.075228	1.102894216e-04
4.080229	-8.256033173e-04
4.085229	-8.835452732e-04
4.090229	2.734446774e-04
4.095229	2.481375721e-03
4.100230	6.555326828e-04
4.105230	-9.973200832e-04
4.110230	6.076446227e-04
4.115231	-3.282483803e-04
4.120231	-2.231997306e-04
4.125231	-7.211173430e-04
4.130231	-1.323029168e-03
4.135232	1.650858667e-03
4.140232	1.096944077e-03
4.145232	-3.289217074e-04
4.150232	-1.568770387e-04
4.155233	-5.982820705e-05
4.160233	1.708126989e-03
4.165233	-1.599633532e-03
4.170234	-1.159604027e-03
4.175234	1.603295321e-03
4.180234	2.043324749e-03
4.185234	-3.374878493e-04
4.190235	-3.452560840e-06
4.195235	1.382523764e-03
4.200235	-2.373211932e-03
4.205236	-1.436210535e-03
4.210236	1.545676277e-03
4.215236	2.099699050e-03
4.220236	1.660777406e-03
4.225237	-3.318889923e-03
4.230237	-1.330947588e-03
4.235237	3.486836191e-03
4.240238	2.180729077e-04
4.245238	1.384061168e-03
4.250238	-2.487668416e-03
4.255238	-1.933645953e-03
4.260239	2.100181545e-03
4.265239	-4.986194608e-04
4.270239	-7.185537608e-04
4.275239	-6.705031113e-04
4.280240	1.049453845e-03
4.285240	-1.044375604e-03
4.290240	1.126128101e-04
4.295241	3.037502154e-03
4.300241	-2.266147611e-03
4.305241	1.212710623e-03
4.310241	1.661738536e-03
4.315242	-2.199992117e-03
4.320242	2.179254286e-04
4.325242	1.039847596e-04
4.330243	-1.931848292e-03
4.335243	1.271025165e-03
4.340243	1.002093060e-03
4.345243	-2.127860972e-04
4.350244	2.672397644e-04
4.355244	-1.328618131e-03
4.360244	5.533291214e-04
4.365245	8.873630419e-04
4.370245	7.254247050e-04
4.375245	-3.834606273e-04
4.380245	-1.634204408e-04
4.385246	-2.773615858e-04
4.390246	-3.923027147e-04
4.395246	1.930619557e-03
4.400246	2.857640479e-04
4.405247	-1.320093686e-03
4.410247	3.238664987e-04
4.415247	-6.600261550e-04
4.420248	-7.069713330e-04
4.425248	-1.720862387e-03
4.430248	-1.434826297e-03
4.435248	2.389011578e-03
4.440249	-2.767870630e-04
4.445249	-2.274623161e-03
4.450249	3.594100047e-03
4.455250	2.714201246e-03
4.460250	3.923831748e-04
4.465250	-7.645001916e-04
4.470250	-1.663398050e-03
4.475251	-1.144330684e-04
4.480251	-1.931279588e-03
4.485251	-2.312206582e-03
4.490252	1.167650116e-03
4.495252	3.096593650e-03
4.500252	-1.052122410e-03
4.505252	-1.825027610e-03
4.510253	3.432729334e-03
4.515253	1.606883034e-03
4.520253	2.780088546e-04
4.525253	7.750323543e-04
4.530254	-1.652780349e-03
4.535254	-1.375744608e-03
4.540254	3.922075762e-04
4.545255	4.402560619e-04
4.550255	-6.106339352e-04
4.555255	6.703454042e-04
4.560255	-4.955382337e-04
4.565256	2.266358068e-03
4.570256	2.305230792e-04
4.575256	-1.490329595e-03
4.580257	1.272566527e-03
4.585257	-3.322927276e-04
4.590257	9.956836905e-04
4.595257	1.078962519e-05
4.600258	-1.155094343e-03
4.605258	5.558604976e-04
4.610258	1.931834061e-03
4.615259	9.959370853e-04
4.620259	-2.196833511e-03
4.625259	-2.206782438e-03
4.630259	5.561132692e-04
4.635260	6.711572571e-04
4.640260	-4.947270440e-04
4.645260	3.842740665e-04
4.650260	6.613088551e-04
4.655261	-5.995702502e-04
4.660261	-1.096492191e-03
4.665261	-4.954756766e-04
4.670262	7.755032675e-04
4.675262	1.885491188e-03
4.680262	1.771547626e-03
4.685262	-8.202571778e-04
4.690263	2.317338651e-04
4.695263	1.158731867e-03
4.700263	-2.263026572e-03
4.705264	2.238839660e-04
4.710264	1.330871760e-03
4.715264	-1.536917838e-03
4.720264	2.800301022e-04
4.725265	7.190551855e-04
4.730265	-2.817697066e-03
4.735265	-1.487721975e-03
4.740266	6.152097757e-04
4.745266	4.266054776e-03
4.750266	9.972873430e-04
4.755266	-2.654458679e-03
4.760267	1.111379752e-03
4.765267	1.169425836e-03
4.770267	8.354938351e-04
4.775267	-1.765311227e-03
4.780268	-1.268289860e-03
4.785268	6.068486076e-05
4.790268	6.726997005e-04
4.795269	1.666693100e-03
4.800269	2.228230173e-04
4.805269	4.438596296e-04
4.810269	-2.203943100e-03
4.815270	-1.315943934e-03
4.820270	2.163910003e-03
4.825270	2.106962015e-03
4.830271	-1.372794283e-03
4.835271	-2.261695755e-03
4.840271	2.812104944e-04
4.845271	-5.372209434e-05
4.850272	2.432187261e-03
4.855272	-1.006222975e-04
4.860272	6.141714563e-05
4.865273	1.992357458e-03
4.870273	-2.147362217e-03
4.875273	-1.430353991e-03
4.880273	1.773514887e-03
4.885274	8.356157278e-04
4.890274	3.956886305e-04
4.895274	-1.648148665e-03
4.900274	-1.487109514e-03
4.905275	2.048740551e-03
4.910275	5.588720931e-04
4.915275	-9.889931596e-04
4.920276	-5.489698098e-04
4.925276	1.333972670e-03
4.930276	-8.748556896e-04
4.935276	-1.926748900e-03
4.940277	2.777035436e-03
4.945277	1.171173169e-03
4.950277	-2.757559023e-03
4.955278	-2.146537749e-04
4.960278	3.541183485e-03
4.965278	1.334354707e-03
4.970278	-1.428442972e-03
4.975279	6.644873058e-04
4.980279	-1.004223754e-04
4.985279	-2.153685090e-04
4.990280	1.057607567e-03
4.995280	-1.371209041e-03
5.000280	-1.601148865e-03
5.005280	7.317677043e-04
5.010281	2.825697617e-03
5.015281	4.458780874e-04
5.020281	-1.265978903e-03
5.025281	-6.539661123e-04
5.030282	-1.590866602e-03
5.035282	-1.207841073e-03
5.040282	6.651009525e-04
5.045283	1.276113622e-03
5.050283	-4.327438038e-04
5.055283	-3.757001926e-04
5.060283	2.003213312e-03
5.065284	-7.105879542e-04
5.070284	-1.982470036e-03
5.075284	2.386331869e-03
5.080285	-7.674448855e-04
5.085285	6.075246324e-04
5.090285	2.826446831e-03
5.095285	-2.364215960e-03
5.100286	-1.371225179e-03
5.105286	5.037161528e-04
5.110286	2.387656936e-03
5.115287	2.051722023e-03
5.120287	-1.657024003e-03
5.125287	-7.010313753e-04
5.130287	-1.035966479e-03
5.135288	-7.669354605e-04
5.140288	2.272940301e-03
5.145288	-1.321812336e-03
5.150288	-1.255770082e-03
5.155289	9.531520911e-04
5.160289	2.272386170e-04
5.165289	6.429356234e-05
5.170290	-2.706419034e-04
5.175290	1.058329380e-03
5.180290	3.994119715e-04
5.185290	-5.954866619e-04
5.190291	-7.094346881e-04
5.195291	-8.233827598e-04
5.200291	1.995504837e-03
5.205292	1.890556170e-03
5.210292	-1.809191176e-03
5.215292	-7.102073735e-04
5.220292	-5.471711887e-04
5.225293	-3.271382423e-04
5.230293	1.890782744e-03
5.235293	1.393855761e-03
5.240294	-1.817919194e-03
5.245294	-1.531890127e-03
5.250294	1.392991075e-03
5.255294	1.882008680e-03
5.260295	8.401119938e-04
5.265295	-5.467654134e-04
5.270295	6.524516344e-05
5.275295	6.772556943e-04
5.280296	6.203036518e-04
5.285296	-9.761141212e-05
5.290296	-4.895447824e-04
5.295297	7.254317884e-04
5.300297	-1.263412221e-03
5.305297	-1.426358557e-03
5.310297	-4.313698020e-04
5.315298	4.006280370e-04
5.320298	1.222626390e-03
5.325298	7.256985775e-04
5.330299	-4.791896240e-04
5.335299	-3.917001323e-05
5.340299	1.442791186e-03
5.345299	-1.044025346e-03
5.350300	-1.205972155e-03
5.355300	1.709947858e-04
5.360300	-2.858791471e-03
5.365301	1.291020053e-03
5.370301	3.545937675e-03
5.375301	-1.482736751e-03
5.380301	-2.084659194e-03
5.385302	-1.147667887e-03
5.390302	9.452586225e-04
5.395302	7.833113943e-04
5.400302	-3.725802037e-04
5.405303	6.204077795e-04
5.410303	2.551343176e-03
5.415303	-9.274184446e-04
5.420304	-9.853717323e-04
5.425304	2.217492275e-03
5.430304	-3.153224747e-04
5.435304	-1.644204711e-03
5.440305	2.551603534e-03
5.445305	5.057613657e-04
5.450305	-2.371034303e-03
5.455306	7.838321101e-04
5.460306	7.948745813e-04
5.465306	-8.119923656e-04
5.470306	-1.319920918e-03
5.475307	-5.449213824e-04
5.480307	3.440717206e-04
5.485307	-2.668512043e-04
5.490308	2.171055040e-03
5.495308	4.011969395e-04
5.500308	-1.367661264e-03
5.505308	1.396226577e-03
5.510309	1.999235416e-03
5.515309	1.443309126e-03
5.520309	-1.204500032e-03
5.525309	-2.474386424e-03
5.530310	-7.644397818e-04
5.535310	1.233490681e-03
5.540310	-5.433674549e-04
5.545311	-1.423275882e-03
5.550311	1.119623911e-03
5.555311	1.720632433e-03
5.560311	4.587452597e-04
5.565312	-2.671719844e-04
5.570312	-9.260930290e-04
5.575312	8.518493748e-04
5.580313	-1.520524411e-04
5.585313	-9.259671878e-04
5.590313	4.499975896e-04
5.595313	1.006008250e-03
5.600314	4.510810922e-04
5.605314	-7.648090886e-04
5.610314	-6.967712382e-04
5.615315	-9.247168559e-04
5.620315	6.222380552e-04
5.625315	1.253074087e-04
5.630315	-2.091526944e-03
5.635316	-7.055631589e-04
5.640316	2.228313870e-03
5.645316	1.281408236e-03
5.650316	-5.424483221e-04
5.655317	1.837459593e-03
5.660317	1.339528665e-03
5.665317	-9.334993976e-05
5.670318	-1.317240299e-03
5.675318	-2.197149975e-03
5.680318	2.407544487e-04
5.685318	9.477557828e-04
5.690319	-3.711294491e-04
5.695319	1.780790849e-03
5.700319	7.758879321e-04
5.705320	-1.145963670e-03
5.710320	-8.669386048e-04
5.715320	1.283981555e-03
5.720320	2.391960088e-03
5.725321	-6.478290858e-04
5.730321	-3.190646147e-03
5.735321	-3.707636545e-04
5.740322	2.277128423e-03
5.745322	-1.364627226e-03
5.750322	2.323236242e-04
5.755322	3.873159935e-03
5.760323	3.553971933e-04
5.765323	-1.421463116e-03
5.770323	-1.258432139e-03
5.775323	-9.244107890e-04
5.780324	5.085489534e-04
5.785324	1.618526739e-03
5.790324	-9.232909651e-04
5.795325	-3.530084281e-05
5.800325	1.559649629e-03
5.805325	-1.097161781e-03
5.810325	-6.461473282e-04
5.815326	2.328431015e-04
5.820326	1.063836171e-03
5.825326	1.904828630e-03
5.830327	3.469554160e-04
5.835327	-2.424849848e-03
5.840327	-8.189003860e-04
5.845327	-2.195783887e-03
5.850328	9.020819049e-04
5.855328	2.498031779e-03
5.860328	-1.975678398e-03
5.865329	-2.471611444e-03
5.870329	2.332761628e-04
5.875329	2.173206570e-03
5.880329	1.121304519e-03
5.885330	-6.465574770e-04
5.890330	2.424316512e-04
5.895330	1.618393451e-03
5.900330	-2.032363221e-03
5.905331	-5.884053288e-04
5.910331	2.833441720e-03
5.915331	6.246041276e-04
5.920332	-7.042828057e-04
5.925332	-1.152219136e-03
5.930332	-1.754146891e-03
5.935332	2.997765345e-04
5.940333	8.447844334e-04
5.945333	1.227801357e-03
5.950333	1.562820918e-03
5.955334	1.189400772e-04
5.960334	-8.669664678e-04
5.965334	4.060004038e-04
5.970334	-2.539245016e-04
5.975335	1.342024178e-03
5.980335	-8.168168644e-04
5.985335	-1.085763821e-03
5.990336	1.724116708e-03
5.995336	-4.837217401e-04
6.000336	2.432753636e-04
6.005336	-7.026338732e-04
6.010337	-2.194512577e-03
6.015337	1.863917303e-04
6.020337	-3.775390544e-04
6.025337	1.008420885e-03
6.030338	5.099229259e-03
6.035338	9.035017628e-04
6.040338	-4.229173300e-03
6.045339	5.105985704e-04
6.050339	2.881503085e-03
6.055339	-2.805141098e-03
6.060339	-9.025595282e-05
6.065340	2.289647906e-03
6.070340	-5.311569619e-04
6.075340	-8.751006247e-04
6.080341	5.128586473e-04
6.085341	3.499047449e-04
6.090341	-1.419959195e-03
6.095341	-9.229501679e-04
6.100342	4.211799021e-03
6.105342	1.783971785e-03
6.110342	-2.968725272e-03
6.115343	7.214105542e-05
6.120343	-1.478100097e-04
6.125343	1.862078431e-04
6.130343	1.239185372e-03
6.135344	-2.078592318e-03
6.140344	-9.966675931e-05
6.145344	-1.566272092e-04
6.150344	-3.675790841e-04
6.155345	5.694046871e-04
6.160345	-3.675066244e-04
6.165345	3.014920561e-04
6.170346	-4.814279836e-04
6.175346	1.229512229e-03
6.180346	3.965948878e-04
6.185346	-1.810245543e-03
6.190347	-1.373033552e-04
6.195347	7.986800629e-04
6.200347	-4.812124456e-04
6.205348	1.831693740e-03
6.210348	1.449750829e-03
6.215348	-4.711059286e-04
6.220348	-7.500547113e-04
6.225349	1.840835697e-03
6.230349	2.720821893e-03
6.235349	-3.189723923e-04
6.240350	-3.520757655e-03
6.245350	-2.307790266e-03
6.250350	7.311164812e-05
6.255350	-1.962739080e-03
6.260351	2.396051937e-03
6.265351	2.837062362e-03
6.270351	-2.297614937e-03
6.275352	-5.396783844e-04
6.280352	8.382794012e-04
6.285352	-2.036273135e-04
6.290352	1.459314405e-03
6.295353	1.125367930e-03
6.300353	1.646481254e-05
6.305353	-1.198432419e-03
6.310353	-5.294352306e-04
6.315354	1.288497547e-03
6.320354	1.450523030e-03
6.325354	1.876282800e-04
6.330355	-2.086209893e-03
6.335355	-6.432563181e-04
6.340355	1.877314848e-04
6.345355	7.377216794e-05
6.350356	9.057598108e-04
6.355356	1.308374145e-04
6.360356	-4.230974126e-04
6.365357	1.219061498e-04
6.370357	1.564859361e-03
6.375357	-9.679647732e-04
6.380357	-2.599704972e-04
6.385358	8.390018255e-04
6.390358	-8.628690115e-04
6.395358	-1.458753962e-04
6.400359	1.881396198e-04
6.405359	1.183117559e-03
6.410359	1.792074159e-04
6.415359	-8.727000909e-04
6.420360	2.178162529e-03
6.425360	-1.358605891e-03
6.430360	-3.682442306e-03
6.435360	1.125321742e-03
6.440361	-1.545732561e-04
6.445361	-1.301475756e-03
6.450361	1.125421501e-03
6.455362	8.394706691e-04
6.460362	-1.416369870e-03
6.465362	9.625299184e-04
6.470362	3.506420412e-03
6.475363	-4.793233823e-04
6.480363	-2.086200484e-03
6.485363	2.952550099e-03
6.490364	1.623657321e-03
6.495364	-2.965052908e-03
6.500364	7.917693254e-04
6.505364	1.947737196e-03
6.510365	-2.572977000e-03
6.515365	-3.640682159e-04
6.520365	1.785843820e-03
6.525366	-6.429877139e-04
6.530366	-6.419554119e-04
6.535366	1.786940838e-03
6.540366	-1.138863016e-03
6.545367	-1.741797041e-03
6.550367	4.050910622e-03
6.555367	1.013112883e-03
6.560367	-2.466660151e-03
6.565368	-1.311692859e-03
6.570368	1.892550000e-04
6.575368	-3.636821435e-04
6.580369	-1.147606401e-03
6.585369	2.722208604e-03
6.590369	-2.495932034e-04
6.595369	-1.578487093e-03
6.600370	1.174390319e-03
6.605370	1.127424514e-03
6.610370	-3.644604051e-04
6.615371	-1.033391476e-03
6.620371	1.290509752e-03
6.625371	-3.063694451e-04
6.630371	-6.993161357e-04
6.635372	-8.731917256e-05
6.640372	6.296718558e-04
6.645372	-3.825959113e-05
6.650373	-1.080170143e-03
6.655373	2.560656944e-03
6.660373	1.509746789e-03
6.665373	-1.358061643e-03
6.670374	-1.358030773e-03
6.675374	7.358827512e-04
6.680374	-8.129997225e-04
6.685374	-4.789877221e-04
6.690375	1.289943846e-03
6.695375	-9.658991871e-04
6.700375	-6.408868433e-04
6.705376	-2.098804906e-04
6.710376	1.902031651e-03
6.715376	-2.488174783e-04
6.720376	-8.607528650e-04
6.725377	1.729132341e-03
6.730377	-9.573520935e-05
6.735377	-2.408575479e-03
6.740378	4.102967387e-04
6.745378	3.775138320e-03
6.750378	-1.308546900e-03
6.755378	-2.236464963e-03
6.760379	2.399305264e-03
6.765379	-1.089469457e-03
6.770379	-2.132381240e-03
6.775380	7.652476859e-05
6.780380	1.915480146e-04
6.785380	2.504448090e-03
6.790380	1.961686193e-05
6.795381	-2.351220806e-03
6.800381	-4.202994953e-04
6.805381	1.242636773e-03
6.810381	2.561592255e-03
6.815382	2.387516825e-04
6.820382	-1.089144677e-03
6.825382	-5.251470672e-04
6.830383	1.356776663e-03
6.835383	2.724729130e-03
6.840383	-1.747991285e-03
6.845383	-1.032002406e-03
6.850384	-6.399954327e-04
6.855384	-6.399665568e-04
6.860384	1.834923633e-03
6.865385	3.540353553e-04
6.870385	-2.469022678e-04
6.875385	3.550926712e-04
6.880385	8.990908045e-04
6.885386	-1.633738765e-03
6.890386	-1.958692065e-03
6.895386	-2.577589016e-04
6.900387	3.542352053e-04
6.905387	2.285155377e-03
6.910387	-2.566739606e-04
6.915387	-1.996489299e-04
6.920388	6.313326922e-04
6.925388	1.939508646e-05
6.930388	2.008311736e-03
6.935388	3.644318270e-04
6.940389	2.047904613e-05
6.945389	1.824978681e-04
6.950389	-2.746252780e-05
6.955390	1.129500452e-03
6.960390	-6.973694802e-04
6.965390	-2.856220871e-03
6.970390	-1.308279956e-03
6.975391	1.128611108e-03
6.980391	-1.299225379e-03
6.985391	-1.739173275e-03
6.990392	1.569668782e-03
6.995392	1.951674734e-03
7.000392	-1.032130829e-03
7.005392	-1.250091379e-03
7.010393	-4.761075491e-04
7.015393	-4.680808678e-04
7.020393	1.072859891e-03
7.025394	1.015890103e-03
7.030394	4.119508997e-04
7.035394	-1.419911593e-04
7.040394	-2.129852951e-03
7.045395	-2.416810075e-03
7.050395	3.279897564e-03
7.055395	2.074991749e-03
7.060395	4.131114773e-04
7.065396	1.904054542e-03
7.070396	-2.579667772e-03
7.075396	-5.327559608e-04
7.080397	7.471987569e-04
7.085397	-9.736784856e-04
7.090397	5.182642470e-04
7.095397	-1.986693429e-04
7.100398	-1.967544062e-03
7.105398	-6.385923651e-04
7.110398	2.564254308e-03
7.115399	1.015367100e-03
7.120399	-2.024436647e-03
7.125399	-1.470441761e-03
7.130399	6.894631127e-04
7.135400	-8.004276212e-04
7.140400	-7.424051186e-04
7.145400	3.997355076e-03
7.150401	1.255975987e-04
7.155401	-4.175135904e-03
7.160401	3.281471937e-03
7.165401	2.066565467e-03
7.170402	-2.732140308e-03
7.175402	3.073029163e-05
7.180402	-3.624064756e-05
7.185402	-6.471811712e-04
7.190403	-1.527106683e-03
7.195403	7.477910289e-04
7.200403	4.718315743e-04
7.205404	-6.470807169e-04
7.210404	1.014851164e-03
7.215404	3.659124355e-04
7.220404	1.847854288e-03
7.225405	5.749503999e-04
7.230405	-1.966882463e-03
7.235405	-1.248897984e-03
7.240406	2.510426372e-04
7.245406	7.380399439e-04
7.250406	6.340702984e-04
7.255406	9.110792563e-04
7.260407	-1.527759710e-03
7.265407	-5.327910814e-04
7.270407	-6.947577012e-04
7.275408	-1.977612893e-04
7.280408	1.628160625e-03
7.285408	-1.239654591e-03
7.290408	2.565156362e-03
7.295409	2.507183638e-03
7.300409	-2.626504820e-03
7.305409	-7.525858737e-04
7.310409	1.895289663e-03
7.315410	1.944087441e-04
7.320410	5.774110382e-04
7.325410	-1.363456549e-03
7.330411	-1.297436611e-03
7.335411	1.407435453e-03
7.340411	-4.174388006e-04
7.345411	-1.248368787e-03
7.350412	-1.746317481e-03
7.355412	6.335725625e-04
7.360412	1.236562085e-03
7.365413	-5.793129525e-04
7.370413	5.286481716e-04
7.375413	-6.952601383e-04
7.380413	1.847136444e-04
7.385414	6.917082637e-04
7.390414	-5.222007748e-04
7.395414	1.628701647e-03
7.400415	4.617898632e-04
7.405415	-1.966051344e-03
7.410415	-8.213413604e-05
7.415415	-2.692965206e-03
7.420416	-5.330635696e-04
7.425416	3.234747941e-03
7.430416	-1.390405594e-04
7.435416	-2.184903502e-03
7.440417	-1.802902500e-03
7.445417	-2.549668656e-04
7.450417	-1.879483325e-04
7.455418	-7.418950717e-04
7.460418	1.017028575e-03
7.465418	9.020571327e-04
7.470418	-3.598501186e-04
7.475419	5.201225937e-04
7.480419	-1.802725341e-03
7.485419	-1.631713028e-03
7.490420	1.852070304e-04
7.495420	1.792138795e-03
7.500420	1.084200174e-03
7.505420	-8.271279472e-05
7.510421	-2.797539111e-03
7.515421	-1.133610766e-03
7.520421	7.503052007e-04
7.525422	-6.365956712e-04
7.530422	1.896283829e-03
7.535422	-1.410509611e-03
7.540422	-2.567423536e-03
7.545423	2.994370867e-04
7.550423	2.424614343e-04
7.555423	6.364604632e-04
7.560423	-1.085422041e-03
7.565424	-3.124443545e-04
7.570424	1.466476926e-03
7.575424	8.555320212e-04
7.580425	4.155774811e-04
7.585425	1.848517972e-03
7.590425	1.571554188e-03
7.595425	-7.512950498e-04
7.600426	1.376757416e-04
7.605426	-1.515211139e-03
7.610426	1.457642808e-03
7.615427	3.617542236e-03
7.620427	-2.681084579e-03
7.625427	-3.456020866e-03
7.630427	1.131742392e-03
7.635428	2.231700966e-03
7.640428	-1.468071654e-03
7.645428	-1.410054829e-03
7.650429	8.558382636e-04
7.655429	2.068790280e-03
7.660429	-4.160506237e-04
7.665429	-3.178876013e-03
7.670430	-3.020173731e-04
7.675430	1.629894142e-03
7.680430	3.009882589e-04
7.685430	1.016967772e-03
7.690431	2.728891439e-03
7.695431	3.406189786e-05
7.700431	-8.558688037e-04
7.705432	-1.859793177e-03
7.710432	1.961109930e-04
7.715432	-5.208295702e-04
7.720432	-1.964729469e-03
7.725433	1.897073370e-03
7.730433	7.411572245e-04
7.735433	1.190151121e-03
7.740434	-1.247693330e-03
7.745434	-2.404609591e-03
7.750434	2.346143166e-03
7.755434	8.128885347e-05
7.760435	-8.068331218e-05
7.765435	4.643048637e-04
7.770435	-1.801549565e-03
7.775436	5.783357121e-04
7.780436	4.723601804e-04
7.785436	-1.375871781e-04
7.790436	-5.875435561e-04
7.795437	-2.355678857e-05
7.800437	1.306387016e-03
7.805437	-7.514794657e-04
7.810437	-1.362427055e-03
7.815438	-1.800384392e-03
7.820438	-9.604133716e-04
7.825438	1.017493849e-03
7.830439	3.485492783e-04
7.835439	1.190520015e-03
7.840439	8.565565647e-04
7.845439	4.155990507e-04
7.850440	1.410561044e-03
7.855440	2.465634761e-05
7.860440	-1.393168547e-04
7.865441	3.016759977e-04
7.870441	9.716559654e-04
7.875441	-9.702178185e-04
7.880441	-1.582166157e-03
7.885442	1.411683464e-03
7.890442	-1.027162655e-03
7.895442	-1.190136316e-03
7.900443	1.744716436e-03
7.905443	-3.001519240e-04
7.910443	2.448345843e-04
7.915443	2.069749338e-03
7.920444	2.488080492e-05
7.925444	-9.700465998e-04
7.930444	-1.247014280e-03
7.935444	1.969215844e-04
7.940445	1.917841875e-03
7.945445	4.649398934e-04
7.950445	6.839442001e-04
7.955446	5.209698460e-04
7.960446	8.201089375e-05
7.965446	1.572943779e-03
7.970446	-1.523866407e-03
7.975447	-2.507795005e-03
7.980447	2.184958352e-03
7.985447	9.140457137e-04
7.990448	-4.148637341e-04
7.995448	1.458047407e-03
8.000448	-1.409775953e-03
8.005448	-1.523753630e-03
8.010449	2.176055001e-03
8.015449	-5.197781660e-04
8.020449	4.161851694e-04
8.025450	-1.947649010e-04
8.030450	-7.487182221e-04
8.035450	1.239186014e-03
8.040450	-1.074668840e-03
8.045451	2.442727522e-04
8.050451	2.348170317e-03
8.055451	6.362815687e-04
8.060451	-2.126548368e-03
8.065452	-1.848548698e-03
8.070452	-4.716106437e-04
8.075452	2.013265290e-03
8.080453	3.619190400e-03
8.085453	-2.995750752e-04
8.090453	-1.905470167e-03
8.095453	-8.955699319e-05
8.100454	1.353377015e-03
8.105454	1.630376277e-03
8.110454	-3.339330620e-03
8.115455	-2.424894310e-04
8.120455	1.459429838e-03
8.125455	-1.083413177e-03
8.130455	-1.954484299e-04
8.135456	2.555361944e-05
8.140456	9.715150012e-04
8.145456	6.945448286e-04
8.150457	5.795655238e-04
8.155457	-5.773554738e-04
8.160457	8.262169484e-05
8.165457	9.145891710e-04
8.170458	-3.083283044e-04
8.175458	-8.632832547e-04
8.180458	-2.331640144e-05
8.185458	1.190629445e-03
8.190459	3.026929719e-04
8.195459	-1.523191019e-03
8.200459	-7.482207581e-04
8.205460	-9.111980152e-04
8.210460	-8.023100762e-05
8.215460	1.965667886e-03
8.220460	1.573703281e-03
8.225461	-8.631468363e-04
8.230461	-8.631335153e-04
8.235461	7.997865978e-04
8.240462	6.948056834e-04
8.245462	1.630766401e-03
8.250462	8.286619672e-05
8.255462	2.548695916e-04
8.260463	4.648707995e-04
8.265463	-2.516949258e-03
8.270463	-6.240424363e-04
8.275464	1.354859509e-03
8.280464	2.835789291e-03
8.285464	1.191894055e-03
8.290464	-3.118851853e-03
8.295465	-8.059688499e-04
8.300465	9.139473108e-04
8.305465	1.631919538e-03
8.310465	1.411944247e-03
8.315466	-2.077847940e-03
8.320466	-3.014783187e-03
8.325466	2.462922184e-03
8.330467	1.354996398e-03
8.335467	-3.558716261e-03
8.340467	4.650703779e-04
8.345467	1.297035751e-03
8.350468	-7.958350959e-04
8.355468	8.000873664e-04
8.360468	3.031270054e-04
8.365469	-1.350768607e-03
8.370469	6.851290335e-04
8.375469	1.574090863e-03
8.380469	-2.180817470e-05
8.385470	4.661759983e-04
8.390470	2.621209277e-05
8.395470	1.402170974e-04
8.400471	5.792038391e-04
8.405471	6.952086143e-04
8.410471	2.789102537e-03
8.415471	1.077209587e-03
8.420472	-5.186899197e-04
8.425472	-1.857603880e-03
8.430472	-2.169574081e-05
8.435472	1.852210211e-03
8.440473	-2.459537399e-03
8.445473	1.020278479e-03
8.450473	2.071230354e-03
8.455474	-1.015586048e-03
8.460474	-5.286026996e-04
8.465474	-3.566017656e-04
8.470474	9.633348066e-04
8.475475	9.153479459e-04
8.480475	-7.395489608e-04
8.485475	5.803874351e-04
8.490476	8.583821378e-04
8.495476	4.654143663e-04
8.500476	5.234212742e-04
8.505476	-1.905432572e-03
8.510477	4.754440997e-04
8.515477	9.064299383e-04
8.520477	2.129371356e-03
8.525478	2.080383963e-03
8.530478	-8.634413312e-04
8.535478	8.351536930e-05
8.540478	-1.015413386e-03
8.545479	4.665132293e-04
8.550479	-3.144930804e-05
8.555479	-1.684347209e-03
8.560479	7.425262976e-04
8.565480	2.903414645e-03
8.570480	9.155353314e-04
8.575480	-7.939966194e-05
8.580481	-1.579306428e-03
8.585481	7.435726100e-04
8.590481	1.909516396e-03
8.595481	-2.020254435e-03
8.600482	1.297568693e-03
8.605482	2.578505860e-03
8.610482	-7.382994837e-04
8.615483	-8.622837359e-04
8.620483	1.459594945e-03
8.625483	2.741531821e-03
8.630483	-1.847202510e-03
8.635484	-1.188230857e-03
8.640484	-7.482469953e-04
8.645484	-5.852476772e-04
8.650485	1.967617711e-03
8.655485	1.135672644e-03
8.660485	1.019687413e-03
8.665485	-1.408168376e-03
8.670486	-2.401104602e-03
8.675486	-3.552111100e-04
8.680486	1.192710217e-03
8.685487	8.577369574e-04
8.690487	1.077732551e-03
8.695487	-1.244129528e-03
8.700487	-3.081741577e-04
8.705488	5.227870353e-04
8.710488	1.029766317e-03
8.715488	1.517746605e-03
8.720488	-4.701344789e-04
8.725489	-1.293080877e-03
8.730489	1.517769115e-03
8.735489	1.574773308e-03
8.740490	-2.457993466e-03
8.745490	-1.903017286e-03
8.750490	-1.361090529e-04
8.755490	-3.570895253e-04
8.760491	-1.940915657e-04
8.765491	5.818719988e-04
8.770491	-7.908400520e-05
8.775492	4.088955727e-04
8.780492	1.078864897e-03
8.785492	1.411853039e-03
8.790492	1.622847955e-03
8.795493	-2.563910843e-03
8.800493	-2.726895096e-03
8.805493	2.469448783e-04
8.810494	2.696369933e-05
8.815494	-8.049832589e-04
8.820494	-3.560020289e-04
8.825494	6.379486148e-04
8.830495	-2.018896297e-03
8.835495	-3.549833007e-04
8.840495	3.343815650e-03
8.845495	7.999642311e-04
8.850496	-5.759526704e-04
8.855496	-7.797459945e-05
8.860496	-7.469312206e-04
8.865497	4.180093712e-04
8.870497	1.574950352e-03
8.875497	6.870058199e-04
8.880497	-4.129268965e-04
8.885498	-7.958998335e-04
8.890498	2.460473517e-04
8.895498	9.640126259e-04
8.900499	3.607003826e-05
8.905499	-4.138993829e-04
8.910499	1.890721551e-04
8.915499	3.239906514e-03
8.920500	1.747995281e-03
8.925500	-2.458763937e-03
8.930500	-1.081835990e-03
8.935501	1.298035716e-03
8.940501	1.135049805e-03
8.945501	2.406983455e-03
8.950501	4.190996485e-04
8.955502	-1.464790043e-03
8.960502	1.681038461e-03
8.965502	1.461055446e-03
8.970502	1.412062793e-03
8.975503	1.250076410e-03
8.980503	-3.558291492e-04
8.985503	1.136091704e-03
8.990504	1.633068231e-03
8.995504	-5.278064195e-04
9.000504	5.811357086e-04
9.005504	3.041554114e-04
9.010505	3.621562905e-04
9.015505	1.411727379e-04
9.020505	-1.407736489e-03
9.025506	1.078128213e-03
9.030506	1.021135296e-03
9.035506	1.411884188e-04
9.040506	-7.477580138e-04
9.045507	-3.289611916e-03
9.050507	1.356131501e-03
9.055507	2.350079417e-03
9.060508	-2.407719184e-04
9.065508	-1.684687561e-03
9.070508	-2.190655802e-03
9.075508	3.563025255e-03
9.080509	1.527142595e-03
9.085509	-4.597428696e-04
9.090509	2.472207076e-04
9.095509	-4.707359562e-04
9.100510	6.962017362e-04
9.105510	5.812111779e-04
9.110510	-8.874835256e-05
9.115511	-1.023693099e-03
9.120511	1.690157704e-03
9.125511	1.250185112e-03
9.130511	-1.291669799e-03
9.135512	-2.507254651e-04
9.140512	1.575174840e-03
9.145512	-2.238609002e-03
9.150513	-1.139668094e-03
9.155513	2.962104547e-03
9.160513	-4.127040622e-04
9.165513	-8.046798176e-04
9.170514	4.762506580e-04
9.175514	1.852175753e-03
9.180514	-3.077011497e-04
9.185515	1.982725577e-04
9.190515	9.732311382e-04
9.195515	-1.023655073e-03
9.200515	2.130170134e-03
9.205516	4.182678406e-04
9.210516	-1.024649580e-03
9.215516	1.022237455e-03
9.220516	-2.343572371e-03
9.225517	-1.072641989e-03
9.230517	2.177177484e-03
9.235517	1.632209467e-03
9.240518	1.422943231e-04
9.245518	-5.846636184e-04
9.250518	1.250234875e-03
9.255518	-1.349618273e-03
9.260519	-2.180570567e-03
9.265519	1.250238352e-03
9.270519	1.517224436e-03
9.275520	6.302751003e-04
9.280520	1.796210710e-03
9.285520	1.469229888e-03
9.290520	-4.126638932e-04
9.295521	-2.496722804e-04
9.300521	3.124139415e-03
9.305521	2.789158803e-03
9.310522	-9.676301912e-04
9.315522	-9.666297420e-04
9.320522	-2.563539844e-03
9.325522	-7.386416810e-04
9.330523	2.177195312e-03
9.335523	3.043004917e-04
9.340523	-4.126591390e-04
9.345523	1.633226407e-03
9.350524	-1.071621989e-03
9.355524	-1.684587623e-03
9.360524	2.072201906e-03
9.365525	1.461236041e-03
9.370525	1.423097738e-04
9.375525	6.392817273e-04
9.380525	-1.684588366e-03
9.385526	8.431222028e-05
9.390526	1.795215996e-03
9.395526	-9.096329348e-04
9.400527	-2.068323547e-05
9.405527	-7.956403900e-04
9.410527	-1.521600349e-03
9.415527	6.382779800e-04
9.420528	2.073196859e-03
9.425528	1.404233529e-03
9.430528	2.630985321e-05
9.435529	5.232810936e-04
9.440529	-7.956460057e-04
9.445529	-8.516439090e-04
9.450529	1.910200284e-03
9.455530	7.532639320e-04
9.460530	-1.626603975e-03
9.465530	1.183237351e-03
9.470530	-1.446896012e-04
9.475531	-1.903592471e-03
9.480531	1.852195689e-03
9.485531	8.429320424e-05
9.490532	-1.626612532e-03
9.495532	2.629324418e-05
9.500532	-6.896683440e-04
9.505532	-4.606829240e-04
9.510533	2.627142296e-03
9.515533	1.843184338e-03
9.520533	1.738188288e-03
9.525534	-7.946718214e-04
9.530534	-1.512633654e-03
9.535534	2.727797656e-05
9.540534	-1.856618664e-03
9.545535	-1.627633719e-03
9.550535	6.392370121e-04
9.555535	3.042534295e-04
9.560536	1.078207669e-03
9.565536	2.562512460e-04
9.570536	8.112176337e-04
9.575536	6.292252435e-04
9.580537	-1.457339903e-04
9.585537	-2.074369525e-05
9.590537	-1.846644178e-03
9.595537	-4.707240742e-04
9.600538	4.192231928e-04
9.605538	1.194176842e-03
9.610538	-1.357516610e-04
9.615539	-5.287327074e-04
9.620539	1.518149515e-03
9.625539	3.450038120e-03
9.630539	9.151768749e-04
9.635540	-1.952665777e-03
9.640540	-1.300705654e-03
9.645540	1.241148545e-03
9.650541	2.562002431e-04
9.655541	-1.521703700e-03
9.660541	1.794106967e-03
9.665541	-9.097452272e-04
9.670542	-1.797699200e-03
9.675542	1.981852260e-04
9.680542	-1.742709884e-03
9.685543	1.022131350e-03
9.690543	3.735975380e-03
9.695543	-6.327839080e-04
9.700543	-3.117648784e-03
9.705544	2.521031231e-03
9.710544	2.569024355e-03
9.715544	-5.848032268e-04
9.720544	3.041426718e-04
9.725545	-4.128215320e-04
9.730545	-9.667949253e-04
9.735545	-2.076737235e-03
9.740546	2.464003867e-03
9.745546	7.530951031e-04
9.750546	-2.955701806e-03
9.755546	-3.548522172e-04
9.760547	8.010782515e-04
9.765547	1.891076919e-04
9.770547	-1.024829207e-03
9.775548	-1.358839609e-04
9.780548	1.470021065e-03
9.785548	1.193031504e-03
9.790548	-4.698804826e-04
9.795549	8.408329094e-05
9.800549	2.460689623e-04
9.805549	-2.992089185e-05
9.810550	-1.929171348e-04
9.815550	3.610464018e-04
9.820550	1.078000749e-03
9.825550	9.730010795e-04
9.830551	1.134986395e-03
9.835551	-2.238830286e-03
9.840551	-1.291889059e-03
9.845551	1.182966521e-03
9.850552	1.420189839e-04
9.855552	1.077960650e-03
9.860552	-1.929741233e-04
9.865553	-5.749587510e-04
9.870553	-1.082936380e-03
9.875553	-7.479612876e-04
9.880553	1.297917908e-03
9.885554	1.307911086e-03
9.890554	6.959390454e-04
9.895554	-3.080110973e-04
9.900555	-7.903036329e-05
9.905555	2.521817449e-03
9.910555	9.159008483e-04
9.915555	-2.353922606e-03
9.920556	-9.670069714e-04
9.925556	5.229028344e-04
9.930556	-9.110236370e-04
9.935557	1.192851659e-03
9.940557	5.238822190e-04
9.945557	-1.072035356e-03
9.950557	1.402818982e-03
9.955558	-7.000703128e-04
9.960558	-4.130935373e-04
9.965558	8.387141625e-05
9.970558	-9.670769811e-04
9.975559	9.148102762e-04
9.980559	2.300725257e-03
9.985559	-1.684058976e-03
9.990560	-1.302087876e-03
9.995560	6.947927034e-04
10.000560	1.689729349e-03
10.005560	1.412737184e-03
10.010561	-2.621044600e-03
10.015561	-1.187132721e-03
10.020561	2.568649036e-03
10.025562	4.667588584e-04
10.030562	-4.701966334e-04
10.035562	3.027520335e-04
10.040562	-2.182116868e-03
10.045563	-8.531994628e-04
10.050563	-1.362478363e-04
10.055563	1.412657128e-03
10.060564	3.617076678e-04
10.065564	2.467057200e-04
10.070564	8.576630478e-04
10.075564	1.737605249e-03
10.080565	1.240624521e-03
10.085565	3.792472951e-03
10.090565	3.123501739e-03
10.095565	-2.125212991e-03
10.100566	5.796266912e-04
10.105566	-1.914242474e-03
10.110566	1.747543487e-03
10.115567	4.729367477e-03
10.120567	-1.685282238e-03
10.125567	-1.129322478e-03
10.130567	9.635511313e-04
10.135568	2.683445574e-03
10.140568	3.343399332e-03
10.145568	-3.142095685e-05
10.150569	-1.790331821e-03
10.155569	-2.899279153e-03
10.160569	3.726340195e-03
10.165569	3.620336564e-03
10.170570	-2.679320181e-03
10.175570	1.020462885e-03
10.180570	7.424687119e-04
10.185571	2.960334671e-03
10.190571	4.509238045e-03
10.195571	1.460398907e-03
10.200571	1.078410324e-03
10.205572	2.798303943e-03
10.210572	2.521309360e-03
10.215572	-9.685053110e-04
10.220572	2.348298678e-03
10.225573	4.003195703e-03
10.230573	-1.579501910e-03
10.235573	-1.627509613e-03
10.240574	-9.105602250e-04
10.245574	-1.188555163e-03
10.250574	1.191300958e-03
10.255574	1.746259244e-03
10.260575	-4.706272609e-04
10.265575	-2.850504694e-03
10.270575	-2.516534206e-03
10.275576	1.354238106e-03
10.280576	3.602828622e-04
10.285576	-2.563564335e-03
10.290576	7.522388878e-04
10.295577	3.122095040e-03
10.300577	2.568114916e-03
10.305577	1.182181336e-03
10.310578	-1.301690800e-03
10.315578	1.982138486e-04
10.320578	2.451998259e-04
10.325578	-8.527501205e-04
10.330579	6.951516640e-04
10.335579	1.573090919e-03
10.340579	3.601472377e-04
10.345579	-4.708178987e-04
10.350580	-1.938451562e-04
10.355580	3.031152049e-04
10.360580	1.077059992e-03
10.365581	-1.569803659e-03
10.370581	8.580483648e-04
10.375581	9.040337534e-04
10.380581	-1.513842900e-03
10.385582	-5.759075925e-04
10.390582	5.800154460e-04
10.395582	3.030186927e-04
10.400583	3.447830204e-03
10.405583	4.058783594e-03
10.410583	-4.139783040e-04
10.415583	-5.759817329e-04
10.420584	-1.370188840e-04
10.425584	2.567816981e-03
10.430584	1.965838022e-03
10.435585	-2.990478452e-04
10.440585	-8.060322420e-04
10.445585	-5.290606114e-04
10.450585	1.965786724e-03
10.455586	1.688789269e-03
10.460586	5.228415510e-04
10.465586	-5.291126108e-04
10.470586	-9.111043597e-04
10.475587	-2.511545326e-04
10.480587	1.018761068e-03
10.485587	-9.111441476e-04
10.490588	1.192724622e-03
10.495588	3.074605767e-03
10.500588	-1.963125535e-03
10.505588	-2.522349278e-04
10.510589	1.018680267e-03
10.515589	-3.572563302e-04
10.520589	-1.942791897e-04
10.525590	-9.112528160e-04
10.530590	-1.943068232e-04
10.535590	9.616145216e-04
10.540590	1.526568912e-03
10.545591	3.606202022e-04
10.550591	2.446126207e-04
10.555591	-1.743290163e-03
10.560592	6.375622750e-04
10.565592	2.013470947e-03
10.570592	-7.493886005e-04
10.575592	3.685344070e-04
10.580593	1.736443353e-03
10.585593	1.077465779e-03
10.590593	-3.167310990e-03
10.595593	-1.246433194e-03
10.600594	1.572394245e-03
10.605594	-4.145091766e-04
10.610594	1.020395668e-03
10.615595	-3.256018593e-05
10.620595	-1.524491508e-03
10.625595	1.354332279e-03
10.630595	1.689298505e-03
10.635596	6.943391708e-04
10.640596	6.363272939e-04
10.645596	-2.526380943e-04
10.650597	-3.096501432e-04
10.655597	-1.131619400e-03
10.660597	-1.376904350e-04
10.665597	-3.271173215e-05
10.670598	-6.916902934e-04
10.675598	2.520114261e-03
10.680598	-1.957491973e-04
10.685599	-6.917370626e-04
10.690599	3.031914989e-04
10.695599	2.290064437e-03
10.700599	-1.514738255e-03
10.705600	-1.963728984e-03
10.710600	4.058917712e-03
10.715600	-2.518568111e-04
10.720600	-7.978422811e-04
10.725601	1.573008801e-03
10.730601	1.678986695e-03
10.735601	-1.016878521e-03
10.740602	4.170248720e-04
10.745602	9.129807472e-04
10.750602	-1.247914609e-03
10.755602	-1.469927373e-04
10.760603	-3.090001790e-04
10.765603	-9.119829767e-04
10.770603	-9.119996081e-04
10.775604	1.801831684e-03
10.780604	1.132852409e-03
10.785604	-1.246031140e-03
10.790604	1.850778525e-03
10.795605	6.838269723e-04
10.800605	-3.339964609e-03
10.805605	7.507892063e-04
10.810606	1.963704170e-03
10.815606	-2.681052801e-03
10.820606	-1.638128431e-03
10.825606	4.058535197e-03
10.830607	2.739591755e-03
10.835607	-2.403137552e-03
10.840607	-9.132384501e-04
10.845607	4.156696122e-04
10.850608	-1.801223761e-03
10.855608	3.496381434e-04
10.860608	1.907533206e-03
10.865609	2.241496771e-03
10.870609	-2.533812609e-04
10.875609	-2.241287749e-03
10.880609	1.296496178e-03
10.885610	9.704964815e-04
10.890610	-1.353391359e-03
10.895610	1.353438943e-03
10.900611	2.070380652e-03
10.905611	-2.241396006e-03
10.910611	-9.134886356e-04
10.915611	1.353366082e-03
10.920612	-2.435628245e-04
10.925612	-1.133531389e-03
10.930612	-1.476050915e-04
10.935613	3.013512277e-04
10.940613	8.563015522e-04
10.945613	1.076270584e-03
10.950613	-1.572599741e-03
10.955614	6.352578223e-04
10.960614	1.792174198e-03
10.965614	-3.677236891e-04
10.970614	1.237167478e-03
10.975615	-5.217529845e-04
10.980615	-1.514716410e-03
10.985615	5.211504435e-04
10.990616	4.641344752e-04
10.995616	-1.467776526e-03
11.000616	-1.075817758e-03
11.005616	1.027045114e-03
11.010617	2.011970551e-03
11.015617	2.920474465e-04
11.020617	-3.009388418e-04
11.025618	-2.439615957e-04
11.030618	-3.399297675e-05
11.035618	1.189918788e-03
11.040618	1.246895863e-03
11.045619	-1.142990056e-03
11.050619	-1.490655791e-04
11.055619	4.148829259e-04
11.060620	-2.068997898e-03
11.065620	-1.132070400e-03
11.070620	2.508705582e-03
11.075620	1.074765773e-03
11.080621	-2.405059490e-03
11.085621	2.011672855e-03
11.090621	1.524679830e-03
11.095621	-1.468172882e-03
11.100622	-4.172521680e-04
11.105622	-2.127176859e-03
11.110622	1.954573966e-03
11.115623	3.340475745e-03
11.120623	-1.075297545e-03
11.125623	-2.443647928e-04
11.130623	-9.139412027e-05
11.135624	-2.064084930e-04
11.140624	2.525449260e-04
11.145624	6.355025452e-04
11.150625	-5.314530723e-04
11.155625	8.049160644e-05
11.160625	2.288346832e-03
11.165625	-1.875356349e-04
11.170626	-1.735470138e-03
11.175626	-8.095432745e-04
11.180626	-3.685893011e-04
11.185627	1.467286477e-03
11.190627	4.143240210e-04
11.195627	-4.166509270e-04
11.200627	-1.907588963e-03
11.205628	8.027807516e-05
11.210628	3.674055100e-03
11.215628	1.852288081e-04
11.220629	-1.639690746e-03
11.225629	8.541477234e-04
11.230629	-1.076766006e-03
11.235629	-2.184725891e-03
11.240630	-2.548560000e-04
11.245630	1.017050691e-03
11.250630	1.514000736e-03
11.255630	9.690090900e-04
11.260631	-1.630867506e-03
11.265631	4.039962218e-04
11.270631	2.517855468e-03
11.275632	-2.289897620e-03
11.280632	-1.249978329e-03
11.285632	4.619032653e-04
11.290632	1.906799759e-03
11.295633	-1.354040207e-03
11.300633	-1.144074650e-03
11.305633	1.905731773e-03
11.310634	-8.001394484e-04
11.315634	4.137697025e-04
11.320634	7.977252881e-04
11.325634	-3.692323065e-04
11.330635	-3.032590212e-04
11.335635	2.240575408e-03
11.340635	4.626518684e-04
11.345636	-3.792132983e-03
11.350636	-2.684218288e-03
11.355636	-4.173685679e-04
11.360636	1.131521313e-03
11.365637	1.905454548e-03
11.370637	2.460399994e-03
11.375637	8.534664839e-04
11.380637	-1.087448374e-03
11.385638	2.392333066e-03
11.390638	-1.850452962e-03
11.395638	-5.110294107e-03
11.400639	-1.415962386e-04
11.405639	2.983552566e-04
11.410639	-1.086591080e-03
11.415639	-2.625528847e-03
11.420640	-4.746733580e-04
11.425640	6.822377522e-04
11.430640	-1.469665846e-03
11.435641	-1.851668644e-03
11.440641	-1.793696143e-03
11.445641	-1.747723026e-03
11.450641	-9.727907975e-04
11.455642	-9.138185200e-04
11.460642	-2.578749732e-03
11.465642	-5.808861750e-04
11.470643	-1.309359658e-04
11.475643	-1.641875971e-03
11.480643	-3.352804829e-03
11.485643	-1.908910464e-03
11.490644	1.187891256e-03
11.495644	-9.150158118e-04
11.500644	1.015851108e-03
11.505644	-1.078056575e-03
11.510645	-5.445836941e-03
11.515645	-1.470084734e-03
11.520645	-2.521051006e-03
11.525646	-4.451968042e-03
11.530646	-1.136179033e-03
11.535646	1.732634958e-03
11.540646	1.684612283e-03
11.545647	-3.612985336e-04
11.550647	1.120592981e-03
11.555647	-2.788213594e-03
11.560648	-2.846235931e-03
11.565648	1.951469678e-03
11.570648	1.847449808e-03
11.575648	2.783371628e-03
11.580649	3.003333499e-03
11.585649	4.134527103e-04
11.590649	-1.298477313e-03
11.595650	-1.995648437e-04
11.600650	-3.400411574e-03
11.605650	-4.786360023e-03
11.610650	1.789245497e-03
11.615651	3.453126098e-03
11.620651	-1.308633417e-03
11.625651	-2.072616927e-03
11.630651	-2.349627771e-03
11.635652	-2.025672333e-03
11.640652	4.601619489e-04
11.645652	1.361535725e-04
11.650653	-1.354789492e-03
11.655653	-9.488670280e-05
11.660653	3.550614016e-04
11.665653	-1.134881884e-03
11.670654	3.550078570e-04
11.675654	-1.021941868e-03
11.680654	7.949294468e-04
11.685655	2.094583611e-05
11.690655	-1.966969830e-03
11.695655	-4.770803637e-04
11.700655	9.088148729e-04
11.705656	1.626747471e-03
11.710656	-3.618661843e-05
11.715656	-6.491795765e-04
11.720657	-1.194176398e-03
11.725657	8.626809793e-04
11.730657	1.346942983e-04
11.735657	-1.523171392e-04
11.740658	1.731549764e-03
11.745658	1.625528079e-03
11.750658	-5.813759777e-04
11.755658	8.045186561e-04
11.760659	3.545160752e-04
11.765659	-3.748980908e-05
11.770659	-8.594716624e-04
11.775660	-4.765210661e-04
11.780660	3.442231414e-03
11.785660	-3.625835166e-04
11.790660	-2.570487954e-03
11.795661	-7.536178987e-04
11.800661	-3.716675191e-04
11.805661	2.392699791e-04
11.810662	2.017142056e-03
11.815662	1.922158926e-04
11.820662	-1.528716150e-03
11.825662	-3.782816132e-05
11.830663	2.501271569e-04
11.835663	9.090616399e-04
11.840663	9.560303486e-04
11.845664	-8.598966449e-04
11.850664	-1.471891132e-03
11.855664	1.127934412e-03
11.860664	-4.200077556e-04
11.865665	-7.540179774e-04
11.870665	2.017797770e-03
11.875665	-1.529032590e-03
11.880665	1.885160866e-05
11.885666	-9.171251101e-04
11.890666	-3.151880311e-04
11.895666	3.727556253e-03
11.900667	5.267062414e-04
11.905667	4.016838796e-04
11.910667	-2.638175258e-03
11.915667	-1.681258334e-03
11.920668	5.155890795e-04
11.925668	-5.933783817e-04
11.930668	2.122439854e-03
11.935669	7.464872399e-04
11.940669	-1.577412327e-03
11.945669	2.886307835e-03
11.950669	8.513919725e-04
11.955670	-2.686439757e-03
11.960670	-7.555778747e-04
11.965670	-4.686239613e-04
11.970671	1.128256521e-03
11.975671	-4.776836402e-04
11.980671	-1.080680037e-03
11.985671	1.013172446e-03
11.990672	-1.252730908e-03
11.995672	1.013111833e-03
12.000672	1.290065931e-03
12.005672	-1.243822573e-03
12.010673	1.013020511e-03
12.015673	1.452965318e-03
12.020673	-1.692889067e-03
12.025674	-2.409879561e-03
12.030674	1.184888364e-03
12.035674	3.539041481e-04
12.040674	1.844789817e-03
12.045675	9.068114880e-04
12.050675	1.883030482e-05
12.055675	-5.361695841e-04
12.060676	-2.022193220e-04
12.065676	2.387248933e-04
12.070676	-1.081232306e-03
12.075676	8.506282873e-04
12.080677	-1.749257322e-03
12.085677	-4.223629476e-04
12.090677	2.955654854e-04
12.095678	-1.300376521e-03
12.100678	3.392329154e-03
12.105678	-3.164946032e-04
12.110678	-2.133424390e-03
12.115679	1.461342627e-03
12.120679	1.903821509e-04
12.125679	1.509276548e-03
12.130679	2.064213685e-03
12.135680	-1.693607646e-03
12.140680	-1.253664173e-03
12.145680	1.823264382e-05
12.150681	-6.417623750e-04
12.155681	2.063054069e-03
12.160681	-5.368323903e-04
12.165681	-5.268650968e-04
12.170682	2.950566613e-04
12.175682	-1.692864237e-03
12.180682	2.949921039e-04
12.185683	1.287904125e-03
12.190683	1.737846508e-03
12.195683	1.451830064e-03
12.200683	-2.189998453e-03
12.205684	-1.579065246e-03
12.210684	1.450732413e-03
12.215684	5.727489176e-04
12.220685	-1.452435925e-04
12.225685	-3.652640497e-04
12.230685	-3.652968824e-04
12.235685	3.516300709e-04
12.240686	1.896062070e-04
12.245686	6.765459381e-04
12.250686	7.825069575e-04
12.255686	-1.359406158e-03
12.260687	2.648305947e-05
12.265687	2.674301536e-03
12.270687	-4.805549958e-04
12.275688	-1.693520358e-03
12.280688	-4.226249083e-04
12.285688	-4.067971570e-05
12.290688	1.461202690e-03
12.295689	4.572254118e-04
12.300689	7.901731919e-04
12.305689	-6.337806654e-04
12.310690	-1.311776361e-03
12.315690	7.820726237e-04
12.320690	4.570570513e-04
12.325690	-4.239274301e-04
12.330691	-9.209334727e-04
12.335691	1.020923817e-03
12.340691	2.846787552e-03
12.345692	-4.230633231e-04
12.350692	-2.411986003e-03
12.355692	-7.011159826e-04
12.360692	1.288738358e-03
12.365693	1.317689192e-04
12.370693	-9.782032041e-04
12.375693	1.841604490e-03
12.380693	-7.012874709e-04
12.385694	-4.223375521e-04
12.390694	1.565516589e-03
12.395694	-4.814033101e-04
12.400695	2.233410006e-03
12.405695	1.669406936e-03
12.410695	-2.698383112e-03
12.415695	-2.297440338e-03
12.420696	6.283609517e-04
12.425696	-4.236149907e-04
12.430696	1.303190584e-04
12.435697	1.312840309e-04
12.440697	-1.140679744e-03
12.445697	1.727124536e-03
12.450697	1.841083025e-03
12.455698	-4.818220352e-04
12.460698	-1.092823041e-03
12.465698	-5.288899131e-04
12.470699	-4.819278782e-04
12.475699	5.119810609e-04
12.480699	2.453836848e-03
12.485699	1.449857598e-03
12.490700	-1.524011357e-03
12.495700	-1.418052884e-03
12.500700	-9.916240649e-05
12.505700	2.452658956e-03
12.510701	8.477131132e-04
12.515701	-2.690124508e-03
12.520701	-1.473027951e-04
12.525702	-3.093296184e-04
12.530702	1.448535962e-03
12.535702	8.945309935e-04
12.540702	-2.680304811e-03
12.545703	1.678414926e-03
12.550703	5.694408914e-04
12.555703	-4.815364432e-04
12.560704	1.009343786e-03
12.565704	-8.075907447e-04
12.570704	2.353144763e-04
12.575704	7.902469808e-04
12.580705	2.922384159e-04
12.585705	6.161837575e-04
12.590705	2.911654006e-04
12.595706	-6.448187833e-04
12.600706	-9.218399305e-04
12.605706	-1.256857880e-03
12.610706	-2.078848602e-03
12.615707	-1.140937957e-03
12.620707	-4.830116796e-04
12.625707	3.489048009e-04
12.630707	2.358741629e-04
12.635708	-2.079033185e-03
12.640708	8.457659082e-04
12.645708	2.279648466e-03
12.650709	-2.032147176e-03
12.655709	-1.859194086e-03
12.660709	-5.873026058e-04
12.665709	-4.253490015e-04
12.670710	4.065670237e-04
12.675710	-5.974141617e-04
12.680710	-4.254612688e-04
12.685711	1.954367897e-03
12.690711	7.873956905e-04
12.695711	-1.372520945e-03
12.700711	-9.063042846e-05
12.705712	-9.216216063e-04
12.710712	3.962667937e-04
12.715712	1.237181862e-03
12.720713	-8.077414672e-04
12.725713	-9.227729513e-04
12.730713	-2.146742367e-03
12.735713	-6.568638524e-04
12.740714	1.017004306e-03
12.745714	2.440094779e-04
12.750714	-4.839879208e-04
12.755714	1.227877959e-03
12.760715	5.678766513e-04
12.765715	-2.138010104e-03
12.770715	7.082778750e-05
12.775716	6.827550815e-04
12.780716	4.057321213e-04
12.785716	-3.523086329e-03
12.790716	-1.477239508e-03
12.795717	2.613492718e-03
12.800717	-3.693788707e-04
12.805717	-3.524240875e-03
12.810718	-1.210409263e-03
12.815718	2.334710294e-04
12.820718	-1.305481641e-03
12.825718	-1.640501800e-03
12.830719	-2.195509686e-03
12.835719	3.109154142e-03
12.840719	2.001177132e-03
12.845720	-2.968583606e-03
12.850720	-3.189610398e-03
12.855720	2.173049983e-03
12.860720	1.791032109e-03
12.865721	-1.813805284e-03
12.870721	-8.189003860e-04
12.875721	2.330012696e-04
12.880721	2.171853192e-03
12.885722	7.958907488e-04
12.890722	-7.610616056e-04
12.895722	-4.841167372e-04
12.900723	-1.201116241e-03
12.905723	-1.814121619e-03
12.910723	-4.852358243e-04
12.915723	4.616713187e-04
12.920724	-2.653278216e-04
12.925724	-2.414247361e-03
12.930724	-1.974115014e-04
12.935725	8.904875474e-04
12.940725	-7.144626098e-04
12.945725	1.844469275e-04
12.950725	-7.525407443e-04
12.955726	-1.364546669e-03
12.960726	5.093081086e-04
12.965726	5.672645572e-04
12.970727	1.617165392e-03
12.975727	-1.537698287e-03
12.980727	-2.138705073e-03
12.985727	6.810964729e-04
12.990728	-3.419714364e-03
12.995728	-3.916727121e-03
13.000728	-1.307913903e-03
13.005728	6.896827446e-05
13.010729	-7.004676231e-03
13.015729	-7.005716965e-03
13.020729	8.907998625e-04
13.025730	1.952699490e-03
13.030730	3.003599685e-03
13.035730	1.172629182e-05
13.040730	-9.832590075e-04
13.045731	-9.263032809e-04
13.050731	-3.572196200e-03
13.055731	-2.589292438e-03
13.060732	-1.044728558e-04
13.065732	-1.527434423e-03
13.070732	2.114320255e-03
13.075732	1.139667981e-05
13.080733	-2.196521062e-03
13.085733	3.452950858e-04
13.090733	-2.140607181e-03
13.095734	6.801932432e-04
13.100734	-2.091693100e-03
13.105734	-5.514543027e-03
13.110734	-1.998824433e-04
13.115735	1.166999232e-03
13.120735	-1.155912454e-03
13.125735	-7.629763180e-04
13.130735	-1.479978056e-03
13.135736	-1.863998494e-03
13.140736	7.368138213e-04
13.145736	2.333682326e-03
13.150737	7.847269994e-04
13.155737	1.177662848e-03
13.160737	-1.041255045e-03
13.165737	-1.262284900e-03
13.170738	1.061542644e-03
13.175738	-1.514317410e-04
13.180738	-3.724617389e-04
13.185739	-5.924918403e-04
13.190739	-1.260496895e-03
13.195739	-1.041551682e-03
13.200739	-2.586381067e-04
13.205740	2.872886959e-04
13.210740	2.276134624e-03
13.215740	2.160098413e-03
13.220741	-1.643731270e-03
13.225741	-6.968271187e-04
13.230741	1.328016604e-03
13.235741	1.662954941e-03
13.240742	-1.088933857e-03
13.245742	-3.192858999e-03
13.250742	-1.586991996e-03
13.255742	1.730779066e-03
13.260743	2.379699579e-03
13.265743	6.687522356e-04
13.270743	8.506988126e-04
13.275744	-1.529211152e-03
13.280744	-1.653247529e-03
13.285744	1.002560331e-03
13.290744	8.975227952e-04
13.295745	-9.264185006e-04
13.300745	5.634545296e-04
13.305745	-8.235113377e-04
13.310746	8.983486038e-04
13.315746	8.983049528e-04
13.320746	4.492864050e-04
13.325746	2.389133995e-03
13.330747	-1.310702548e-03
13.335747	-1.042761397e-03
13.340747	-8.708149157e-04
13.345748	-1.204840138e-03
13.350748	-1.214883556e-03
13.355748	1.001948239e-03
13.360748	3.105786317e-03
13.365749	2.111797877e-03
13.370749	-1.922020331e-03
13.375749	-2.027058659e-03
13.380749	2.331652923e-03
13.385750	2.277264719e-04
13.390750	-2.420169555e-03
13.395750	1.614560037e-03
13.400751	1.671512403e-03
13.405751	-1.368361806e-03
13.410751	2.845010705e-04
13.415751	-1.818425715e-03
13.420752	-1.147507926e-03
13.425752	8.983327989e-04
13.430752	2.550195547e-03
13.435753	2.272166354e-03
13.440753	-2.696600129e-03
13.445753	-1.262725308e-03
13.450753	1.880053740e-03
13.455754	5.040858655e-04
13.460754	-1.090869788e-03
13.465754	-8.709271516e-04
13.470755	2.664829700e-03
13.475755	3.333747095e-03
13.480755	-2.037997181e-03
13.485755	-1.713060608e-03
13.490756	1.775698693e-03
13.495756	1.508668334e-03
13.500756	3.516877801e-04
13.505756	-2.641189979e-03
13.510757	-1.321309368e-03
13.515757	1.125648120e-04
13.520757	1.278453958e-03
13.525758	1.010423381e-03
13.530758	-1.264494823e-03
13.535758	7.388249456e-06
13.540758	1.670249375e-03
13.545759	5.612657239e-04
13.550759	-1.379671370e-03
13.555759	-8.727456291e-04
13.560760	1.011102937e-03
13.565760	2.740982673e-04
13.570760	-1.044873848e-03
13.575760	-8.149327719e-04
13.580761	6.397190625e-05
13.585761	1.229860464e-03
13.590761	-1.704021371e-03
13.595762	-3.424971194e-03
13.600762	2.051675756e-03
13.605762	2.606598358e-03
13.610762	-8.732530737e-04
13.615763	4.556260837e-04
13.620763	1.205984018e-04
13.625763	-1.762342617e-03
13.630763	-5.048504684e-05
13.635764	4.155232782e-03
13.640764	2.386285244e-03
13.645764	-1.705532221e-03
13.650765	-3.766533772e-04
13.655765	-2.717060179e-04
13.660765	-1.647675748e-03
13.665765	-4.181255333e-05
13.670766	8.850886296e-04
13.675766	6.308773476e-05
13.680766	-1.255885366e-03
13.685767	9.419444909e-04
13.690767	7.799064942e-04
13.695767	6.758652044e-04
13.700767	2.155735146e-03
13.705768	-6.071572943e-04
13.710768	-9.791837056e-04
13.715768	3.396951210e-04
13.720769	-1.266262259e-03
13.725769	8.945693165e-04
13.730769	2.108453892e-03
13.735769	-1.046416856e-03
13.740770	-1.208455295e-03
13.745770	6.242595554e-05
13.750770	2.813660877e-04
13.755771	5.023060638e-04
13.760771	6.172519334e-04
13.765771	-2.627465080e-04
13.770771	-8.267626934e-04
13.775772	-1.820754837e-03
13.780772	-1.428824658e-03
13.785772	2.164926123e-03
13.790772	5.109708164e-04
13.795773	6.194797073e-05
13.800773	9.408506961e-04
13.805773	2.248427186e-04
13.810774	1.767972808e-04
13.815774	-3.792197459e-04
13.820774	-8.842396729e-04
13.825774	5.596311874e-04
13.830775	7.205738688e-04
13.835775	-1.869329401e-03
13.840775	-1.256412125e-03
13.845776	-2.155188648e-04
13.850776	7.773770403e-04
13.855776	-9.905724459e-04
13.860776	8.932734651e-04
13.865777	1.992163303e-03
13.870777	-6.077397101e-04
13.875777	6.151430960e-04
13.880778	1.449431690e-02
13.885778	1.724911381e-02
13.890778	6.189684495e-03
13.895778	3.874765303e-03
13.900779	1.885827807e-03
13.905779	1.446803449e-03
13.910779	8.927854886e-04
13.915779	-4.941858554e-04
13.920780	-4.362381811e-04
13.925780	-1.048253021e-03
13.930780	-8.863112574e-04
13.935781	-2.032296272e-03
13.940781	-3.036289283e-03
13.945781	1.609401190e-03
13.950781	3.654237311e-03
13.955782	1.493308979e-03
13.960782	-1.430576657e-03
13.965782	-2.319576323e-03
13.970783	1.886138583e-03
13.975783	3.874977627e-03
13.980783	3.711937169e-03
13.985783	3.595894036e-03
13.990784	1.215977674e-03
13.995784	2.277868473e-03
14.000784	3.434753908e-03
14.005785	1.771797258e-03
14.010785	1.608756546e-03
14.015785	5.192505911e-03
14.020785	4.141514854e-03
14.025786	-4.952753820e-04
14.030786	-1.871248319e-03
14.035786	1.283524908e-03
14.040786	9.484935773e-04
14.045787	-7.144634097e-04
14.050787	-2.185413707e-04
14.055787	1.216328030e-03
14.060788	2.602200134e-03
14.065788	-1.036985992e-04
14.070788	-2.702603367e-03
14.075788	-1.766706183e-03
14.080789	1.598054904e-03
14.085789	5.909063657e-05
14.090789	-2.089448647e-04
14.095790	1.272921570e-03
14.100790	-6.680203050e-04
14.105790	-1.432028149e-03
14.110790	1.560753526e-03
14.115791	-4.381852250e-04
14.120791	-8.312139738e-04
14.125791	2.763533856e-03
14.130792	4.427389806e-03
14.135792	5.918255405e-03
14.140792	8.518058843e-03
14.145792	3.815271304e-03
14.150793	-3.707358320e-03
14.155793	2.716230802e-03
14.160793	4.647071548e-03
14.165793	5.085995826e-03
14.170794	1.028565338e-02
14.175794	5.917846833e-03
14.180794	3.814913372e-03
14.185795	2.658926826e-03
14.190795	-9.369230897e-04
14.195795	1.882867575e-03
14.200795	1.989810161e-03
14.205796	-5.540988025e-04
14.210796	1.883713136e-03
14.215796	1.727574321e-04
14.220797	-2.428148461e-03
14.225797	3.826424625e-04
14.230797	1.726025609e-04
14.235797	1.224491930e-03
14.240798	2.867348155e-03
14.245798	8.314104117e-04
14.250798	-2.665799126e-04
14.255799	6.593163523e-04
14.260799	2.192890906e-04
14.265799	-2.677355790e-04
14.270799	-1.156737772e-03
14.275800	-1.148481657e-04
14.280800	2.484954132e-03
14.285800	1.050982345e-03
14.290800	7.259484004e-04
14.295801	1.139304909e-04
14.300801	-2.265988428e-03
14.305801	-9.371151386e-04
14.310802	2.150659584e-03
14.315802	9.936720410e-04
14.320802	-7.662817658e-04
14.325802	1.547536190e-03
14.330803	2.599424795e-03
14.335803	1.280446167e-03
14.340803	-3.355158652e-04
14.345804	-5.858396983e-05
14.350804	3.373171165e-03
14.355804	4.952797017e-04
14.360804	-1.156680473e-03
14.365805	1.883096500e-03
14.370805	8.870995011e-04
14.375805	1.130900281e-04
14.380806	1.432963224e-03
14.385806	-1.214941359e-03
14.390806	-1.597972852e-03
14.395806	5.588151771e-05
14.400807	-7.181281526e-04
14.405807	-1.221377583e-06
14.410807	2.100607780e-03
14.415807	4.946445947e-04
14.420808	-9.953251275e-04
14.425808	1.498481955e-03
14.430808	-9.954316081e-04
14.435809	-8.904907885e-04
14.440809	2.157285146e-03
14.445809	5.043243582e-04
14.450809	-3.261518113e-03
14.455810	3.802244325e-04
14.460810	2.206068659e-03
14.465810	-1.769762167e-03
14.470811	-4.988869310e-04
14.475811	5.040032773e-04
14.480811	2.269651435e-04
14.485811	5.492108954e-05
14.490812	3.798491584e-04
14.495812	-1.771084123e-03
14.500812	1.440682159e-03
14.505813	4.031483186e-03
14.510813	1.497571242e-03
14.515813	2.845852658e-04
14.520813	-1.608362660e-03
14.525814	-3.506557657e-06
14.530814	-1.111498530e-03
14.535814	6.093509976e-04
14.540814	9.432781773e-04
14.545815	-2.938558530e-03
14.550815	-6.627402045e-04
14.555815	8.281220534e-04
14.560816	2.261987466e-03
14.565816	8.860102368e-04
14.570816	-2.430858309e-03
14.575816	-3.860272350e-04
14.580817	-7.200629438e-04
14.585817	5.988087199e-04
14.590817	1.266716810e-03
14.595818	-2.651118262e-03
14.600818	-4.902938751e-04
14.605818	1.936515575e-03
14.610818	1.812467876e-03
14.615819	-6.724476143e-04
14.620819	-6.065060311e-04
14.625819	2.653256609e-03
14.630820	-2.246369811e-04
14.635820	-3.866487815e-03
14.640820	-2.708607548e-03
14.645820	1.822083749e-03
14.650821	9.420780948e-04
14.655821	1.580670260e-04
14.660821	1.580120056e-04
14.665821	-8.829847426e-04
14.670822	4.448857771e-04
14.675822	1.762756820e-03
14.680822	7.697572709e-04
14.685823	-2.040140539e-03
14.690823	-5.012819874e-04
14.695823	-1.773554167e-04
14.700823	-1.936312208e-03
14.705824	1.381446586e-03
14.710824	2.977301796e-03
14.715824	-7.215464407e-04
14.720825	5.357371606e-06
14.725825	1.438221602e-03
14.730825	1.045188075e-03
14.735825	-2.605662998e-03
14.740826	-4.477613756e-03
14.745826	-1.437839686e-03
14.750826	-1.945866918e-03
14.755827	-4.641771631e-03
14.760827	-2.156966583e-03
14.765827	-9.430903800e-04
14.770827	-1.439118431e-03
14.775828	-6.325137487e-05
14.780828	-3.312922698e-04
14.785828	5.496024398e-04
14.790828	1.005716104e-04
14.795829	-6.347521913e-05
14.800829	1.991353622e-03
14.805829	1.437328565e-03
14.810830	3.183351193e-04
14.815830	3.808083473e-03
14.820830	3.207060940e-03
14.825830	-5.507847958e-04
14.830831	-1.118656545e-04
14.835831	4.189837073e-03
14.840831	1.646923173e-03
14.845832	-7.140009577e-04
14.850832	1.331828027e-03
14.855832	3.253663921e-03
14.860832	-4.561847553e-04
14.865833	-3.104092953e-03
14.870833	4.426518125e-04
14.875833	1.656107362e-04
14.880834	7.685203328e-04
14.885834	4.581250092e-03
14.890834	1.703354599e-03
14.895834	-4.317364881e-03
14.900835	-9.436106391e-04
14.905835	1.642704932e-04
14.910835	2.222104036e-04
14.915835	-2.268213227e-04
14.920836	1.044050573e-03
14.925836	1.783905283e-02
14.930836	2.303970453e-02
14.935837	1.027836235e-02
14.940837	5.078596562e-03
14.945837	5.517514885e-03
14.950837	6.405408022e-03
14.955838	2.544567130e-03
14.960838	2.216400557e-04
14.965838	1.646503009e-03
14.970839	1.026896275e-02
14.975839	1.049689268e-02
14.980839	1.021985086e-02
14.985839	1.077376246e-02
14.990840	7.017915444e-03
14.995840	5.909920070e-03
15.000840	2.917030245e-03
15.005841	2.973969545e-03
15.010841	1.654985886e-03
15.015841	4.694758030e-03
15.020841	3.805750216e-03
15.025842	1.654813055e-03
15.030842	-3.911300217e-04
15.035842	-2.332079014e-03
15.040842	-1.719171098e-03
15.045843	-6.672878061e-04
15.050843	8.225709179e-04
15.055843	2.973392583e-03
15.060844	1.298177406e-02
15.065844	2.171822676e-02
15.070844	1.270367376e-02
15.075844	3.088154396e-03
15.080845	4.303028319e-03
15.085845	4.416963877e-03
15.090845	3.975930489e-03
15.095846	4.243857354e-03
15.100846	3.633833365e-03
15.105846	1.042920303e-03
15.110846	-1.329005059e-03
15.115847	1.055327108e-02
15.120847	2.972813868e-02
15.125847	1.574286375e-02
15.130848	2.973520679e-03
15.135848	2.590483738e-03
15.140848	-1.883324087e-03
15.145848	1.758413453e-03
15.150849	1.098391928e-03
15.155849	2.371262096e-03
15.160849	3.029166678e-03
15.165849	1.423198040e-03
15.170850	1.157154312e-03
15.175850	2.762005750e-03
15.180850	-2.398847930e-04
15.185851	-1.233887844e-03
15.190851	-1.150092827e-04
15.195851	1.375848408e-03
15.200851	2.027273105e-02
15.205852	2.005368445e-02
15.210852	7.293340344e-03
15.215852	7.732256828e-03
15.220853	2.369498267e-03
15.225853	5.435415557e-04
15.230853	1.097451500e-03
15.235853	2.866293356e-03
15.240854	5.457089136e-03
15.245854	4.080107144e-03
15.250854	1.602675594e-04
15.255855	6.402858682e-03
15.260855	1.888710014e-02
15.265855	2.077093536e-02
15.270855	1.259733392e-02
15.275856	7.118581500e-03
15.280856	2.645772696e-03
15.285856	8.208155373e-04
15.290856	3.802589092e-03
15.295857	1.488659258e-03
15.300857	1.584594402e-03
15.305857	1.260553038e-03
15.310858	6.575272700e-04
15.315858	2.090387427e-03
15.320858	1.211377055e-03
15.325858	-1.963651477e-02
15.330859	-3.543768933e-02
15.335859	-1.769674281e-02
15.340859	-3.002711185e-02
15.345860	-4.372540430e-02
15.350860	-4.604833398e-02
15.355860	-4.720532900e-02
15.360860	-4.841932087e-02
15.365861	-4.958531545e-02
15.370861	-4.494963505e-02
15.375861	-4.987241926e-02
15.380862	-5.119140537e-02
15.385862	-5.455627690e-02
15.390862	-3.931019099e-02
15.395862	-4.594387948e-02
15.400863	-5.549240473e-02
15.405863	-4.930881126e-02
15.410863	-4.246525479e-02
15.415863	-3.842154152e-02
15.420864	-5.052292389e-02
15.425864	-4.572425297e-02
15.430864	-4.483536306e-02
15.435865	-5.361993132e-02
15.440865	-6.092358257e-02
15.445865	-7.252799294e-02
15.450865	-8.401840972e-02
15.455866	-9.617778906e-02
15.460866	-1.090531283e-01
15.465866	-1.241453434e-01
15.470867	-1.406734782e-01
15.475867	-1.548707435e-01
15.480867	-1.702989398e-01
15.485867	-1.894739264e-01
15.490868	-1.977615228e-01
15.495868	-2.006384224e-01
15.500868	-2.094799878e-01
15.505869	-2.117549212e-01
15.510869	-2.084871650e-01
15.515869	-2.008016564e-01
15.520869	-1.845606270e-01
15.525870	-1.665426972e-01
15.530870	-1.345955476e-01
15.535870	-9.683772365e-02
15.540870	-5.483513745e-02
15.545871	-1.687632477e-02
15.550871	-2.778175530e-03
15.555871	2.789704509e-02
15.560872	5.343955320e-02
15.565872	6.808367176e-02
15.570872	8.299477534e-02
15.575872	8.228775375e-02
15.580873	8.443957199e-02
15.585873	8.869327247e-02
15.590873	8.680931672e-02
15.595874	7.979264845e-02
15.600874	7.968759300e-02
15.605874	7.713567458e-02
15.610874	7.134293767e-02
15.615875	7.106489181e-02
15.620875	7.144780890e-02
15.625875	6.863690487e-02
15.630876	6.294016247e-02
15.635876	6.072322510e-02
15.640876	5.807331197e-02
15.645876	5.569438362e-02
15.650877	5.867715490e-02
15.655877	5.890508047e-02
15.660877	5.691813008e-02
15.665877	5.835098809e-02
15.670878	6.182973148e-02
15.675878	6.343757963e-02
15.680878	6.559639689e-02
15.685879	6.995509090e-02
15.690879	7.282286839e-02
15.695879	7.305179367e-02
15.700879	8.294617750e-02
15.705880	9.035470055e-02
15.710880	9.460840029e-02
15.715880	9.991304114e-02
15.720881	1.025718302e-01
15.725881	1.089184126e-01
15.730881	1.128361310e-01
15.735881	1.151119414e-01
15.740882	1.136769597e-01
15.745882	1.125109628e-01
15.750882	1.038893835e-01
15.755883	9.891859973e-02
15.760883	9.145295566e-02
15.765883	8.006753113e-02
15.770883	7.703863848e-02
15.775884	6.901802541e-02
15.780884	6.419923296e-02
15.785884	5.807351369e-02
15.790884	4.641110454e-02
15.795885	4.337021241e-02
15.800885	4.132526447e-02
15.805885	3.187073156e-02
15.810886	3.182267170e-02
15.815886	1.789538928e-02
15.820886	4.130097756e-03
15.825886	1.866022120e-02
15.830887	2.690069695e-02
15.835887	1.346938663e-02
15.840887	6.777698759e-03
15.845888	3.169979219e-04
15.850888	-1.736807420e-02
15.855888	-2.715658868e-02
15.860888	-8.582691940e-03
15.865889	-9.300714570e-03
15.870889	-3.317943985e-02
15.875889	-2.388702328e-02
15.880890	-3.074070230e-02
15.885890	-3.528251085e-02
15.890890	-3.511958296e-02
15.895890	-4.190626581e-02
15.900891	-4.168734111e-02
15.905891	-5.136986181e-02
15.910891	-5.213488205e-02
15.915891	-6.290834168e-02
15.920892	-6.927404825e-02
15.925892	-6.766820138e-02
15.930892	-8.092752184e-02
15.935893	-8.070759739e-02
15.940893	-7.490398574e-02
15.945893	-8.026774857e-02
15.950893	-7.928386699e-02
15.955894	-6.966646906e-02
15.960894	-6.092002236e-02
15.965894	-4.804480697e-02
15.970895	-4.423008407e-02
15.975895	-3.715654375e-02
15.980895	-9.694145552e-03
15.985895	6.011911162e-03
15.990896	2.878157217e-02
15.995896	3.441119328e-02
16.000896	3.839690644e-02
16.005897	4.767932288e-02
16.010897	5.088107990e-02
16.015897	5.602372818e-02
16.020897	5.767857180e-02
16.025898	6.023036516e-02
16.030898	5.619552744e-02
16.035898	5.231468108e-02
16.040898	6.039216483e-02
16.045899	5.824122151e-02
16.050899	4.668480502e-02
16.055899	4.933259285e-02
16.060900	5.596515743e-02
16.065900	5.237129484e-02
16.070900	5.000136366e-02
16.075900	6.664336748e-02
16.080901	6.580235060e-02
16.085901	6.497033320e-02
16.090901	7.171889113e-02
16.095902	8.156527552e-02
16.100902	8.272114668e-02
16.105902	7.933727212e-02
16.110902	8.536887012e-02
16.115903	8.653474065e-02
16.120903	8.188893670e-02
16.125903	7.509325316e-02
16.130904	6.442478653e-02
16.135904	5.679614959e-02
16.140904	5.397724321e-02
16.145904	3.607218187e-02
16.150905	3.712405861e-02
16.155905	3.673301615e-02
16.160905	8.656524501e-03
16.165906	2.452457122e-02
16.170906	3.528990376e-02
16.175906	1.351305915e-02
16.180906	1.916644251e-03
16.185907	1.137205009e-02
16.190907	3.651257728e-02
16.195907	2.020442624e-02
16.200907	3.236312144e-03
16.205908	-1.389379290e-02
16.210908	-3.610761320e-02
16.215908	-1.207702396e-02
16.220909	-5.654448402e-03
16.225909	-3.340295874e-02
16.230909	-2.185567030e-02
16.235909	-2.101478216e-02
16.240910	-3.870785584e-02
16.245910	-2.279381208e-02
16.250910	-3.373926378e-02
16.255911	-4.047695121e-02
16.260911	-3.964506268e-02
16.265911	-3.164457573e-02
16.270911	-3.489445861e-02
16.275912	-4.130016472e-02
16.280912	-3.827039941e-02
16.285912	-2.030847055e-02
16.290913	-2.843308046e-02
16.295913	-3.644269683e-02
16.300913	-2.682730050e-02
16.305913	-3.837571869e-02
16.310914	-1.522408066e-02
16.315914	-2.926535925e-02
16.320914	-2.986739068e-02
16.325914	-2.213488901e-02
16.330915	-4.158686458e-02
16.335915	-1.681931719e-02
16.340915	-2.466794278e-02
16.345916	-3.550740087e-02
16.350916	-1.759346963e-02
16.355916	-3.207672365e-02
16.360916	-3.854842647e-02
16.365917	-3.915045810e-02
16.370917	-2.915208356e-02
16.375917	-3.915858844e-02
16.380918	-2.633037245e-02
16.385918	-1.405912529e-02
16.390918	-3.904579111e-02
16.395918	-2.273677018e-02
16.400919	-2.041496575e-02
16.405919	-3.705709907e-02
16.410919	-2.025210598e-02
16.415920	6.426579865e-04
16.420920	-3.448178470e-03
16.425920	-5.827110842e-03
16.430920	-1.459421157e-03
16.435921	1.454232701e-04
16.440921	9.103147259e-04
16.445921	4.132768481e-04
16.450921	2.446386389e-02
16.455922	3.236035579e-02
16.460922	1.467628060e-02
16.465922	3.618301007e-02
16.470923	2.993129443e-02
16.475923	1.219022237e-02
16.480923	3.225403260e-02
16.485923	2.749423333e-02
16.490924	2.439634094e-02
16.495924	2.932799875e-02
16.500924	1.551670645e-02
16.505925	6.216161445e-03
16.510925	2.621296812e-03
16.515925	1.855273697e-03
16.520925	-3.046713568e-04
16.525926	-3.668548993e-03
16.530926	-2.312152540e-02
16.535926	-2.965022580e-02
16.540927	-9.644412578e-03
16.545927	6.409451235e-04
16.550927	-2.014972276e-03
16.555927	-7.492731628e-03
16.560928	-5.992881859e-03
16.565928	-4.167050372e-03
16.570928	-1.518265004e-03
16.575928	4.389337796e-03
16.580929	8.489041847e-03
16.585929	1.373668157e-02
16.590929	2.644090359e-02
16.595930	2.263605036e-02
16.600930	1.247455319e-02
16.605930	3.219538210e-02
16.610930	3.146935635e-02
16.615931	4.454803154e-03
16.620931	9.169348677e-04
16.625931	2.399785319e-03
16.630932	-5.251173444e-04
16.635932	1.437786610e-04
16.640932	-1.296155377e-02
16.645932	-3.429842513e-02
16.650933	-1.472058839e-02
16.655933	-1.014191148e-02
16.660933	-3.391664634e-02
16.665934	-2.450923995e-02
16.670934	-5.047396794e-03
16.675934	-5.737140795e-04
16.680934	-4.234575719e-03
16.685935	-1.743690290e-02
16.690935	-2.186172179e-02
16.695935	-1.296328701e-02
16.700935	-5.822753780e-03
16.705936	3.058361150e-04
16.710936	-5.271840475e-04
16.715936	1.306598767e-02
16.720937	2.495825465e-02
16.725937	1.240689084e-02
16.730937	1.090590802e-02
16.735937	2.882883712e-02
16.740938	2.125819426e-02
16.745938	2.329301332e-02
16.750938	3.838710082e-02
16.755939	1.860114216e-02
16.760939	5.720850556e-04
16.765939	2.063589412e-02
16.770939	3.645694083e-02
16.775940	1.357215567e-02
16.780940	4.499596786e-03
16.785940	4.117551073e-03
16.790941	2.191648691e-02
16.795941	2.893302672e-02
16.800941	1.052299081e-02
16.805941	4.892239034e-03
16.810942	4.232208798e-03
16.815942	3.506182241e-03
16.820942	1.588542156e-02
16.825942	3.202944997e-02
16.830943	1.268246643e-02
16.835943	-9.678362330e-04
16.840943	3.007873744e-03
16.845944	2.014862032e-03
16.850944	1.353831704e-03
16.855944	1.955730614e-03
16.860944	-1.637135519e-03
16.865945	-6.902559699e-04
16.870945	3.606177359e-04
16.875945	-8.942450095e-05
16.880946	1.404951554e-04
16.885946	-7.956000039e-05
16.890946	1.735270839e-03
16.895946	-2.297570775e-03
16.900947	-2.296638363e-03
16.905947	-4.718081367e-04
16.910947	-2.565758413e-03
16.915948	-4.066741923e-03
16.920948	-1.809935948e-03
16.925948	-6.665731569e-03
16.930948	-2.461879355e-02
16.935949	-1.533738112e-02
16.940949	3.496724762e-04
16.945949	-1.539351335e-02
16.950949	-3.417752885e-02
16.955950	-1.926643184e-02
16.960950	-1.368281236e-02
16.965950	-3.501868497e-02
16.970951	-2.026057944e-02
16.975951	-7.986334797e-03
16.980951	-3.010616354e-02
16.985951	-3.142415755e-02
16.990952	-9.591448380e-03
16.995952	-1.700110119e-02
17.000952	-3.147335839e-02
17.005953	-1.959109189e-02
17.010953	-1.917149829e-03
17.015953	4.056521236e-04
17.020953	-6.495029277e-03
17.025954	-2.224821481e-02
17.030954	-3.125377834e-02
17.035954	-1.152495147e-02
17.040955	-7.026257096e-04
17.045955	-1.084672341e-03
17.050955	1.466116724e-03
17.055955	-9.186406866e-05
17.060956	-3.628734028e-03
17.065956	-1.235631324e-02
17.070956	-2.992539720e-02
17.075956	-2.467775929e-02
17.080957	-3.629006501e-03
17.085957	9.596682966e-04
17.090957	-5.282050245e-03
17.095958	-1.440160760e-02
17.100958	-2.507007820e-02
17.105958	-2.397120798e-02
17.110958	-3.237437649e-03
17.115959	2.345181377e-03
17.120959	-6.392397451e-03
17.125959	-9.871270867e-03
17.130960	-7.824453827e-03
17.135960	-1.550109213e-02
17.140960	-2.574058689e-02
17.145960	-1.286437652e-02
17.150961	5.556523249e-03
17.155961	2.125257563e-02
17.160961	2.368037124e-02
17.165962	8.032179379e-03
17.170962	3.721352427e-03
17.175962	5.719172074e-03
17.180962	-9.357077707e-05
17.185963	7.476936679e-03
17.190963	2.633781168e-02
17.195963	2.113703450e-02
17.200963	8.250687826e-03
17.205964	3.557882165e-03
17.210964	3.777801298e-03
17.215964	3.891726353e-03
17.220965	1.072815680e-03
17.225965	1.015750284e-03
17.230965	2.620591780e-03
17.235965	1.278095401e-02
17.240966	1.234190997e-02
17.245966	-8.657982347e-03
17.250966	-1.468071364e-02
17.255967	-2.570460692e-03
17.260967	2.620179854e-03
17.265967	-1.088681098e-03
17.270967	-1.490197605e-02
17.275968	-2.932523686e-02
17.280968	-2.391560863e-02
17.285968	-3.354829134e-03
17.290969	-3.050687490e-04
17.295969	-1.744517742e-02
17.300969	-3.281538525e-02
17.305969	-1.782629370e-02
17.310970	-2.246235270e-03
17.315970	2.007457606e-03
17.320970	7.749685157e-05
17.325970	-1.031398993e-02
17.330971	-6.614266069e-03
17.335971	-1.251635367e-03
17.340971	1.232156583e-03
17.345972	-3.728224431e-04
17.350972	-6.968732357e-04
17.355972	3.947797630e-03
17.360972	3.994726029e-03
17.365973	2.226756079e-03
17.370973	5.737796746e-04
17.375973	3.890524872e-03
17.380974	2.439430730e-02
17.385974	2.179338396e-02
17.390974	3.832321019e-03
17.395974	1.395388462e-03
17.400975	2.781241755e-03
17.405975	4.167095035e-03
17.410975	1.567171570e-03
17.415976	3.611987911e-03
17.420976	1.566033389e-03
17.425976	-3.894584732e-05
17.430976	-2.524875749e-03
17.435977	-7.992638633e-03
17.440977	-4.407908615e-03
17.445977	-1.352746696e-02
17.450977	-2.523688025e-02
17.455978	-9.493831335e-03
17.460978	-1.531346592e-03
17.465978	-1.912394489e-03
17.470979	1.288356963e-03
17.475979	1.892529974e-02
17.480979	2.527287490e-02
17.485979	4.871948389e-03
17.490980	8.753661647e-03
17.495980	8.754592280e-03
17.500980	3.878796076e-03
17.505981	2.074078219e-02
17.510981	2.721235033e-02
17.515981	1.455598993e-02
17.520981	4.767468868e-03
17.525982	1.532080832e-02
17.530982	3.268976598e-02
17.535982	1.654460096e-02
17.540983	4.652197709e-03
17.545983	2.682888602e-02
17.550983	3.351144225e-02
17.555983	3.195346006e-02
17.560984	3.174240242e-02
17.565984	2.383577584e-02
17.570984	3.875887041e-02
17.575984	2.180175078e-02
17.580985	6.200555189e-03
17.585985	3.449490072e-02
17.590985	3.003108124e-02
17.595986	1.008112921e-02
17.600986	2.693311567e-02
17.605986	3.123580508e-02
17.610986	8.857989018e-03
17.615987	2.168620084e-02
17.620987	3.406443786e-02
17.625987	1.366451097e-02
17.630988	2.051091886e-03
17.635988	1.228044924e-02
17.640988	3.628303507e-02
17.645988	2.190477083e-02
17.650989	2.349150231e-04
17.655989	3.780646729e-03
17.660989	2.062263362e-02
17.665990	3.538273712e-02
17.670990	1.289092732e-02
17.675990	1.888473913e-03
17.680990	2.060394554e-03
17.685991	1.400361789e-03
17.690991	7.236642934e-05
17.695991	1.668207278e-03
17.700991	2.059115612e-03
17.705992	-1.269912747e-02
17.710992	-3.485695606e-02
17.715992	-2.026984297e-02
17.720993	-1.476965484e-03
17.725993	-2.744958042e-02
17.730993	-3.276435253e-02
17.735993	-9.659716602e-03
17.740994	-2.905569996e-02
17.745994	-3.082467073e-02
17.750994	-2.104428845e-02
17.755995	-3.806940465e-02
17.760995	-1.905753951e-02
17.765995	-2.065252006e-02
17.770995	-3.618571985e-02
17.775996	-1.563494094e-02
17.780996	-2.027175113e-02
17.785996	-3.573795470e-02
17.790997	-1.314029048e-02
17.795997	-1.734612483e-02
17.800997	-3.641612657e-02
17.805997	-1.905716892e-02
17.810998	-4.272824682e-04
17.815998	-1.164972382e-02
17.820998	-3.851028919e-02
17.825998	-2.391317687e-02
17.830999	-1.363510025e-03
17.835999	-1.422576738e-03
17.840999	1.283201664e-03
17.846000	8.341567780e-04
17.851000	-9.556331235e-03
17.856000	-2.955328114e-02
17.861000	-2.568256803e-02
17.866001	-4.853804848e-03
17.871001	-1.203079429e-03
17.876001	-8.553737764e-03
17.881002	-2.331198116e-02
17.886002	-2.839676644e-02
17.891002	-1.110480518e-02
17.896002	1.062443131e-03
17.901003	-1.358180669e-02
17.906003	-3.409572772e-02
17.911003	-1.878165570e-02
17.916004	-5.121491043e-03
17.921004	-1.340909697e-02
17.926004	-2.630444479e-02
17.931004	-2.785442814e-02
17.936005	-2.341874680e-02
17.941005	-3.646608613e-02
17.946005	-1.701324601e-02
17.951005	-2.197146160e-03
17.956006	-1.861029698e-02
17.961006	-2.696489921e-02
17.966006	-1.812346470e-02
17.971007	-6.337195164e-03
17.976007	-3.134444817e-03
17.981007	1.153028906e-04
17.986007	1.023851426e-05
17.991008	-3.583630440e-03
17.996008	-4.252663239e-03
18.001008	-4.406724892e-03
18.006009	-7.503621706e-03
18.011009	-7.072716141e-03
18.016009	-1.358342174e-02
18.021009	-2.170803694e-02
18.026010	-7.005930816e-03
18.031010	-4.839087492e-05
18.036010	-2.648315569e-03
18.041011	-2.575198302e-04
18.046011	2.293825505e-04
18.051011	1.824222862e-03
18.056011	1.500170656e-03
18.061012	-8.117702025e-04
18.066012	-4.626626880e-03
18.071012	-2.810798973e-03
18.076012	-1.988915396e-03
18.081013	-2.983930049e-03
18.086013	-2.254090494e-02
18.091013	-3.303638743e-02
18.096014	-6.949919098e-03
18.101014	1.165555889e-03
18.106014	-1.540362957e-03
18.111014	-3.951745570e-05
18.116015	-4.885627351e-04
18.121015	4.483143456e-04
18.126015	-2.152610406e-03
18.131016	2.942033761e-03
18.136016	1.891022178e-03
18.141016	-2.983775217e-03
18.146016	-3.365824284e-03
18.151017	-2.314953623e-03
18.156017	-1.426073894e-03
18.161017	5.047474644e-04
18.166018	1.881599848e-03
18.171018	-2.593507196e-04
18.176018	-2.248309807e-03
18.181018	1.441413003e-03
18.186019	3.812209688e-03
18.191019	6.193180250e-04
18.196019	-3.186999529e-04
18.201019	-1.378711102e-03
18.206020	1.719517793e-02
18.211020	3.245025286e-02
18.216020	1.520514832e-02
18.221021	1.162864369e-03
18.226021	8.189400218e-03
18.231021	3.250796743e-02
18.236021	2.438235203e-02
18.241022	5.531337427e-03
18.246022	3.371387848e-03
18.251022	9.125994922e-03
18.256023	2.421007939e-02
18.261023	2.178214481e-02
18.266023	1.360853207e-02
18.271023	1.603632548e-02
18.276024	2.775559842e-02
18.281024	1.979297385e-02
18.286024	2.675251340e-02
18.291025	3.100620451e-02
18.296025	1.194520162e-02
18.301025	9.077291648e-03
18.306025	2.039458707e-02
18.311026	3.040295582e-02
18.316026	1.669665296e-02
18.321026	1.045393202e-02
18.326026	2.416109355e-02
18.331027	3.217057425e-02
18.336027	1.111268319e-02
18.341027	1.707827837e-02
18.346028	3.637612672e-02
18.351028	1.724912748e-02
18.356028	4.813753403e-03
18.361028	1.465913124e-02
18.366029	3.354800249e-02
18.371029	2.398846730e-02
18.376029	2.261147376e-02
18.381030	3.040296663e-02
18.386030	1.266088979e-02
18.391030	2.587007918e-02
18.396030	3.465551637e-02
18.401031	1.000382657e-02
18.406031	2.499176254e-03
18.411031	6.140901561e-03
18.416032	3.645970617e-03
18.421032	-1.878790611e-03
18.426032	1.772934126e-03
18.431032	9.979068310e-04
18.436033	-2.146987716e-03
18.441033	-7.949733384e-03
18.446033	-2.907462077e-02
18.451033	-2.558488697e-02
18.456034	-2.310261446e-03
18.461034	-5.522152254e-03
18.466034	-2.735400005e-02
18.471035	-2.951394978e-02
18.476035	-7.902231123e-03
18.481035	-1.674480653e-02
18.486035	-3.885463876e-02
18.491036	-1.607498553e-02
18.496036	-3.789355029e-04
18.501036	-2.222178270e-02
18.506037	-3.603407973e-02
18.511037	-1.231947888e-02
18.516037	-5.025958183e-03
18.521037	-2.923767269e-02
18.526038	-3.128362884e-02
18.531038	-1.027287653e-02
18.536038	-9.914671995e-04
18.541039	-3.430401339e-03
18.546039	-3.640460334e-03
18.551039	-7.673305192e-03
18.556039	-8.734316523e-03
18.561040	-2.702725155e-03
18.566040	-1.699377994e-04
18.571040	1.053922876e-03
18.576040	8.908612397e-04
18.581041	2.118285049e-04
18.586041	4.987416602e-04
18.591041	1.167633417e-03
18.596042	1.158563150e-03
18.601042	-1.212374816e-03
18.606042	3.934644539e-04
18.611042	-4.529330569e-03
18.616043	-2.061750015e-02
18.621043	-1.686078137e-02
18.626043	-8.564316886e-03
18.631044	-1.652774826e-03
18.636044	2.715909674e-03
18.641044	-9.061501385e-03
18.646044	-1.475725312e-02
18.651045	-2.460377234e-02
18.656045	-2.200498870e-02
18.661045	-6.843908748e-03
18.666046	-1.502552123e-02
18.671046	-3.017674331e-02
18.676046	-1.978639612e-02
18.681046	-2.819417334e-03
18.686047	-1.491562504e-03
18.691047	-5.671366721e-05
18.696047	1.377135225e-03
18.701048	-8.318118270e-04
18.706048	-2.647780892e-03
18.711048	0.000000000e+00
