expfull_T9_run22
3485	0
0.000000	0.000000000e+00
0.005000	1.931653216e-03
0.010001	1.529462357e-06
0.015001	-1.049645055e-03
0.020001	2.717902128e-03
0.025001	-3.781542945e-04
0.030002	1.275514967e-03
0.035002	-4.916182126e-04
0.040002	-2.698725986e-03
0.045003	6.088477433e-04
0.050003	1.163580453e-03
0.055003	-8.225401001e-04
0.060003	-7.077819932e-04
0.065004	2.389280583e-04
0.070004	2.306932529e-04
0.075004	1.942359109e-03
0.080005	3.462159925e-04
0.085005	-2.089878624e-03
0.090005	6.747263915e-04
0.095005	3.495098432e-04
0.100006	-1.314629390e-03
0.105006	1.172991587e-03
0.110006	9.057716518e-04
0.115007	-1.302336204e-03
0.120007	6.213173023e-04
0.125007	7.840724918e-04
0.130008	-4.233873131e-03
0.135008	5.266164917e-04
0.140008	2.067292053e-03
0.145008	-1.363745270e-03
0.150009	1.513853044e-03
0.155009	1.572614137e-03
0.160009	-4.155065747e-04
0.165010	-2.402627364e-03
0.170010	1.354920051e-03
0.175010	2.120640234e-03
0.180010	-4.694457958e-04
0.185011	8.528652812e-05
0.190011	-1.748843206e-03
0.195011	-2.717832320e-05
0.200012	1.138518645e-03
0.205012	-7.436083905e-04
0.210012	7.500695849e-04
0.215012	5.868432260e-04
0.220013	-1.009300404e-03
0.225013	-1.570503832e-03
0.230013	-1.512743036e-03
0.235014	-1.007008140e-03
0.240014	4.766702464e-04
0.245014	4.903178645e-03
0.250014	1.969112111e-03
0.255015	-3.726794948e-03
0.260015	-4.582197678e-04
0.265015	9.294640077e-04
0.270016	-2.883551892e-03
0.275016	-3.499343643e-04
0.280016	1.811704612e-03
0.285016	7.125318763e-04
0.290017	-1.176564295e-04
0.295017	-6.238634824e-04
0.300017	5.898300979e-04
0.305018	-1.733621872e-04
0.310018	-8.315605739e-04
0.315018	2.111427680e-04
0.320018	-2.280683437e-04
0.325019	-9.922607264e-04
0.330019	-6.554212130e-06
0.335019	5.961743794e-04
0.340020	1.044911823e-03
0.345020	5.017065121e-04
0.350020	-2.154376816e-03
0.355021	1.592527953e-04
0.360021	1.211955185e-03
0.365021	6.677497567e-04
0.370021	2.493407415e-03
0.375022	-1.213615441e-03
0.380022	-9.928651857e-04
0.385022	1.638309681e-04
0.390023	5.959989680e-05
0.395023	7.293240785e-04
0.400023	-8.278231794e-04
0.405023	-3.200897410e-04
0.410024	1.610561469e-03
0.415024	-4.335578159e-04
0.420024	5.621472877e-04
0.425025	-1.044997337e-03
0.430025	-6.512575733e-04
0.435025	1.443383905e-03
0.440025	-2.677548748e-04
0.445026	-1.989965040e-04
0.450026	-3.132276203e-04
0.455026	6.134810898e-04
0.460027	5.092492837e-04
0.465027	-2.413819782e-03
0.470027	-2.031079828e-03
0.475027	1.898455229e-03
0.480028	2.062207714e-03
0.485028	7.408441695e-05
0.490028	3.038329702e-04
0.495029	2.340477108e-03
0.500029	1.625280113e-03
0.505029	-4.768368453e-04
0.510029	-7.540592599e-04
0.515030	-5.233110750e-04
0.520030	-4.745524434e-04
0.525030	7.871360727e-04
0.530031	2.294152526e-05
0.535031	-1.292884310e-04
0.540031	7.514218904e-04
0.545031	-6.427364737e-04
0.550032	-5.849787587e-04
0.555032	2.130625388e-03
0.560032	-1.739390191e-03
0.565033	-1.844623270e-03
0.570033	6.979906594e-04
0.575033	-9.631527008e-04
0.580033	1.197483147e-03
0.585034	4.342062097e-03
0.590034	-1.869158525e-04
0.595034	-2.175040618e-03
0.600035	-2.174280322e-03
0.605035	-8.435969075e-04
0.610035	2.463972260e-03
0.615036	2.088626146e-04
0.620036	-4.593387561e-04
0.625036	2.573798125e-04
0.630036	-1.117780883e-03
0.635037	-1.117021122e-03
0.640037	2.917505598e-03
0.645037	1.809329246e-03
0.650038	-7.237648916e-04
0.655038	3.769310263e-04
0.660038	1.200642860e-03
0.665038	-2.000412945e-03
0.670039	-1.111705030e-03
0.675039	5.419586237e-04
0.680039	-4.512249423e-04
0.685040	2.044389917e-03
0.690040	1.434184064e-03
0.695040	1.550167594e-04
0.700040	-3.421957917e-04
0.705041	-4.954282957e-04
0.710041	6.632633448e-04
0.715041	-2.829235389e-04
0.720042	-5.317842533e-05
0.725042	5.025477724e-04
0.730042	-1.274591389e-03
0.735042	-8.338587302e-04
0.740043	4.468253272e-04
0.745043	8.608565203e-06
0.750043	6.693282435e-04
0.755044	1.328047944e-03
0.760044	-1.041057581e-03
0.765044	5.576076467e-04
0.770044	-1.595934710e-04
0.775045	3.951318577e-04
0.780045	2.881745517e-03
0.785045	-1.592238922e-03
0.790046	5.425883726e-06
0.795046	-2.608017627e-04
0.800046	-2.600449269e-04
0.805046	-1.541214155e-03
0.810047	-1.807442099e-03
0.815047	4.273963260e-03
0.820047	1.614873311e-03
0.825048	-1.041216914e-03
0.830048	-2.075087877e-04
0.835048	-4.267399539e-04
0.840049	-4.839805790e-04
0.845049	1.131682076e-03
0.850049	-3.249482846e-05
0.855049	-5.867070658e-04
0.860050	1.564924319e-03
0.865050	-9.722414341e-05
0.870050	-2.850309708e-03
0.875051	6.302446059e-04
0.880051	1.185967730e-03
0.885051	-2.471943894e-04
0.890051	8.524971005e-04
0.895052	-4.756713028e-04
0.900052	1.570965277e-03
0.905052	1.378027149e-04
0.910053	-1.687337321e-03
0.915053	6.932796340e-04
0.920053	3.073896476e-03
0.925053	-6.331352144e-04
0.930054	-2.505272990e-03
0.935054	1.299261272e-03
0.940054	-8.690480154e-05
0.945055	-2.285024098e-03
0.950055	8.705472947e-04
0.955055	5.383200021e-04
0.960055	3.210263976e-05
0.965056	1.417775896e-03
0.970056	-2.923721739e-04
0.975056	-6.825965934e-04
0.980057	7.510735304e-04
0.985057	9.808130639e-04
0.990057	-1.282303553e-03
0.995057	-5.745918687e-04
1.000058	-5.078432892e-04
1.005058	1.318803526e-03
1.010058	1.864524196e-03
1.015059	-4.575896330e-04
1.020059	1.312060100e-03
1.025059	-9.430578497e-04
1.030059	-1.659264803e-03
1.035060	8.743404281e-04
1.040060	1.868034467e-03
1.045060	2.158811832e-04
1.050061	-5.573229917e-04
1.055061	1.651300493e-03
1.060061	4.714404818e-05
1.065062	-5.070731652e-04
1.070062	6.016134514e-04
1.075062	9.383445189e-04
1.080062	-4.468251009e-04
1.085063	-1.269027367e-03
1.090063	6.064595377e-05
1.095063	-3.305814718e-04
1.100064	-1.936738866e-03
1.105064	2.049780607e-03
1.110064	3.323456620e-03
1.115064	-8.235544412e-04
1.120065	5.531153486e-04
1.125065	1.881787772e-03
1.130065	-4.313296178e-04
1.135066	-2.427465454e-03
1.140066	-1.374777510e-03
1.145066	-7.640641817e-04
1.150066	1.110576009e-03
1.155067	4.812110549e-03
1.160067	8.450878314e-04
1.165067	-3.082937282e-03
1.170068	2.836161747e-04
1.175068	7.903346518e-04
1.180068	-2.608570416e-04
1.185068	2.278621844e-04
1.190069	-4.783497246e-04
1.195069	-9.175771997e-04
1.200069	1.501030128e-03
1.205070	1.281789652e-03
1.210070	-1.632295336e-03
1.215070	-4.176189228e-04
1.220070	-4.489403432e-05
1.225071	2.011733453e-03
1.230071	2.012479522e-03
1.235071	-1.084595650e-03
1.240072	4.650606612e-04
1.245072	9.057808641e-04
1.250072	-4.793936349e-04
1.255072	-1.300600859e-03
1.260073	4.770416695e-04
1.265073	-8.601360657e-04
1.270073	1.925480204e-04
1.275074	3.902078508e-03
1.280074	-1.745850736e-03
1.285074	1.947815962e-04
1.290075	1.581445764e-03
1.295075	-1.027659458e-03
1.300075	3.600043334e-04
1.305075	9.157160126e-04
1.310076	-5.184575463e-04
1.315076	-2.066624683e-03
1.320076	-1.349929521e-04
1.325077	1.437340772e-04
1.330077	7.564416547e-04
1.335077	1.253155767e-03
1.340077	2.028853603e-03
1.345078	4.171083774e-05
1.350078	-1.124479506e-03
1.355078	2.413058327e-03
1.360079	-2.910435304e-04
1.365079	-1.839212314e-03
1.370079	-1.275695317e-04
1.375079	7.051238447e-04
1.380080	1.202836398e-03
1.385080	-1.338275716e-03
1.390080	8.223404589e-04
1.395081	2.428988456e-03
1.400081	9.786370144e-05
1.405081	-2.550242919e-03
1.410081	2.133377449e-04
1.415082	1.428007690e-03
1.420082	2.148176780e-04
1.425082	1.209499979e-03
1.430083	-1.096842611e-04
1.435083	9.919915098e-04
1.440083	4.947594466e-04
1.445083	-1.770370692e-03
1.450084	-2.159609347e-03
1.455084	1.767902513e-03
1.460084	3.259554873e-03
1.465085	-2.275054088e-04
1.470085	-6.087452425e-04
1.475085	-8.279946123e-04
1.480085	-8.182573882e-04
1.485086	1.887323960e-03
1.490086	1.879061859e-03
1.495086	-1.819987269e-03
1.500087	-1.103291606e-03
1.505087	2.436240845e-03
1.510087	8.970664241e-04
1.515087	-1.425062964e-03
1.520088	-2.370272061e-03
1.525088	9.472724676e-04
1.530088	3.710848802e-03
1.535089	-1.601918792e-04
1.540089	-8.194182424e-04
1.545089	4.052464042e-04
1.550090	3.489848390e-04
1.555090	2.165614918e-03
1.560090	-6.534874652e-04
1.565090	-1.474705424e-03
1.570091	1.680846753e-03
1.575091	3.996549742e-04
1.580091	-1.252515572e-03
1.585092	5.741127747e-04
1.590092	-2.571055730e-04
1.595092	2.061183949e-05
1.600092	2.497202064e-03
1.605093	2.229950558e-03
1.610093	-6.951476444e-04
1.615093	-1.859347742e-03
1.620094	1.516189776e-03
1.625094	2.405870663e-03
1.630094	-1.303183057e-03
1.635094	-1.187457871e-03
1.640095	4.101815294e-04
1.645095	-1.195994240e-03
1.650095	1.032608317e-03
1.655096	1.301323863e-03
1.660096	2.112865998e-05
1.665096	6.428234134e-04
1.670096	5.855571751e-04
1.675097	-5.316480526e-04
1.680097	-9.608932175e-04
1.685097	3.677598872e-04
1.690098	8.084640676e-04
1.695098	4.272155116e-04
1.700098	1.078907092e-03
1.705098	-7.942557162e-04
1.710099	2.094151197e-04
1.715099	1.137090135e-03
1.720099	-4.590892979e-04
1.725100	2.026006588e-04
1.730100	-5.706267242e-04
1.735100	-1.391851547e-03
1.740100	2.617804867e-04
1.745101	2.967351554e-03
1.750101	4.020017870e-03
1.755101	4.397439566e-05
1.760102	-2.775136110e-03
1.765102	9.253766394e-04
1.770102	9.261028479e-04
1.775103	8.208349615e-04
1.780103	-1.501305110e-03
1.785103	1.053277010e-04
1.790103	1.932947531e-03
1.795104	4.897560426e-04
1.800104	1.044448950e-03
1.805104	-1.496679568e-03
1.810105	-1.496955049e-03
1.815105	-1.218246864e-03
1.820105	2.733910486e-04
1.825105	4.361054888e-04
1.830106	-7.191041794e-04
1.835106	1.498491138e-03
1.840106	3.342815421e-04
1.845107	4.399983790e-04
1.850107	1.538657645e-03
1.855107	1.154623304e-04
1.860107	1.741812041e-04
1.865108	-7.130455177e-04
1.870108	-4.363396882e-04
1.875108	2.594206870e-03
1.880109	2.595928123e-03
1.885109	-7.111597571e-04
1.890109	-5.964454883e-04
1.895109	1.947128275e-03
1.900110	-1.043978546e-03
1.905110	-2.754159576e-03
1.910110	1.395320745e-03
1.915111	1.281047080e-03
1.920111	7.857951850e-04
1.925111	1.780457008e-03
1.930111	-1.422638969e-03
1.935112	-2.807840171e-03
1.940112	1.724616627e-03
1.945112	6.263983785e-04
1.950113	1.563062372e-03
1.955113	3.714655962e-03
1.960113	-4.223874968e-04
1.965113	1.322978428e-04
1.970114	-2.247847560e-03
1.975114	-3.413063370e-03
1.980114	1.244489818e-04
1.985115	1.081110145e-03
1.990115	1.463804216e-03
1.995115	-8.673452225e-04
2.000116	-1.406715031e-04
2.005116	3.000184894e-04
2.010116	2.566602786e-03
2.015116	2.509321050e-03
2.020117	-1.523731317e-03
2.025117	8.189041722e-05
2.030117	8.005631297e-04
2.035118	-5.166468255e-04
2.040118	-7.469198025e-04
2.045118	8.497014631e-04
2.050118	1.186395245e-03
2.055119	-1.318156454e-04
2.060119	-1.126045497e-03
2.065119	-1.883871718e-04
2.070120	1.303238909e-03
2.075120	1.522938196e-03
2.080120	2.251607836e-03
2.085120	-2.425366473e-04
2.090121	-1.293764718e-03
2.095121	4.278468172e-04
2.100121	3.133401272e-03
2.105122	1.366213787e-03
2.110122	-2.896829809e-03
2.115122	-6.792479388e-04
2.120122	1.042362318e-03
2.125123	1.197062813e-03
2.130123	-9.531038369e-04
2.135123	2.615349261e-04
2.140124	1.973144728e-03
2.145124	-1.056971878e-03
2.150124	-1.171257144e-03
2.155124	1.257310471e-03
2.160125	1.593998638e-03
2.165125	1.594705946e-03
2.170125	-1.559404806e-03
2.175126	3.241932344e-04
2.180126	2.647765601e-03
2.185126	-1.003317240e-03
2.190126	7.182893628e-04
2.195127	1.378956973e-03
2.200127	-1.336180718e-03
2.205127	3.284283794e-04
2.210128	3.861300138e-04
2.215128	-1.162075873e-03
2.220128	-6.634002420e-04
2.225129	1.000207841e-03
2.230129	2.597819467e-03
2.235129	-1.330250051e-03
2.240129	1.547287114e-03
2.245130	2.991906764e-03
2.250130	-1.816112747e-03
2.255130	-7.734704255e-04
2.260131	1.722087712e-03
2.265131	3.368697048e-04
2.270131	5.005619685e-04
2.275131	1.829186679e-03
2.280132	-1.579973864e-04
2.285132	-2.145181727e-03
2.290132	-1.085987309e-04
2.295133	1.277021584e-03
2.300133	9.527403745e-04
2.305133	5.634626407e-04
2.310133	9.194157158e-06
2.315134	1.452810010e-03
2.320134	7.365503234e-04
2.325134	-5.436770724e-04
2.330135	-9.259566085e-04
2.335135	5.186580648e-04
2.340135	1.227314960e-03
2.345135	-3.361722467e-03
2.350136	-3.421738441e-05
2.355136	3.121297348e-03
2.360136	-9.787691701e-04
2.365137	7.908250346e-04
2.370137	1.126501768e-03
2.375137	4.582361959e-04
2.380137	1.566867716e-03
2.385138	-3.643254909e-04
2.390138	2.934674593e-05
2.395138	-9.159039781e-04
2.400139	-1.585170930e-03
2.405139	2.296299009e-03
2.410139	1.131060122e-03
2.415139	1.237747487e-03
2.420140	-6.924478021e-04
2.425140	3.591844065e-04
2.430140	1.525809682e-03
2.435141	2.658862627e-05
2.440141	-6.326812326e-04
2.445141	-1.840153722e-04
2.450141	1.184597064e-03
2.455142	1.913456106e-04
2.460142	5.360165923e-04
2.465142	4.227137277e-04
2.470143	8.053819224e-04
2.475143	-9.048293091e-04
2.480143	1.360729547e-03
2.485144	9.694415477e-04
2.490144	-1.457729172e-03
2.495144	2.638602045e-04
2.500144	5.895298999e-04
2.505145	1.144186070e-03
2.510145	-2.310466032e-04
2.515145	1.146561436e-03
2.520146	4.243069901e-03
2.525146	2.302868950e-03
2.530146	-1.011252956e-03
2.535146	-1.890515787e-03
2.540147	-2.062819751e-03
2.545147	2.095625864e-03
2.550147	1.207362638e-03
2.555148	-2.451740869e-03
2.560148	4.927739367e-04
2.565148	-3.284940783e-04
2.570148	1.593079191e-03
2.575149	-2.321314595e-04
2.580149	-1.282387175e-03
2.585149	2.034104606e-03
2.590150	-6.120595590e-04
2.595150	-2.193995373e-04
2.600150	1.167202770e-03
2.605150	1.483866558e-03
2.610151	2.477490937e-03
2.615151	-1.048623967e-03
2.620151	-7.139621563e-04
2.625152	3.148495598e-03
2.630152	-1.552552391e-03
2.635152	-1.160894815e-03
2.640152	1.994602823e-03
2.645153	2.273844497e-04
2.650153	-7.188816535e-04
2.655153	-1.549154773e-03
2.660154	1.662338364e-03
2.665154	2.111990689e-03
2.670154	2.381653090e-03
2.675154	2.439327414e-03
2.680155	-2.091733566e-03
2.685155	9.487678497e-04
2.690155	1.349855863e-05
2.695156	-2.203697018e-03
2.700156	2.547704622e-03
2.705156	4.545012394e-04
2.710157	-2.037853380e-04
2.715157	3.988549380e-04
2.720157	-1.321370957e-03
2.725157	1.615133881e-03
2.730158	2.503756666e-03
2.735158	9.574493696e-06
2.740158	-1.757649990e-03
2.745159	2.505776909e-03
2.750159	2.783433672e-03
2.755159	-1.306657640e-03
2.760159	-1.490523541e-04
2.765160	9.025587244e-04
2.770160	1.862715752e-04
2.775160	1.839847228e-03
2.780161	6.845847700e-04
2.785161	-1.856597978e-03
2.790161	4.669379881e-04
2.795161	3.526144163e-04
2.800162	-3.646746653e-04
2.805162	-1.440182500e-04
2.810162	-1.079295410e-03
2.815163	9.102581768e-04
2.820163	1.845872297e-03
2.825163	2.506322463e-04
2.830163	6.922742226e-04
2.835164	-4.169945675e-04
2.840164	6.356114493e-04
2.845164	1.965201131e-03
2.850165	9.139279779e-04
2.855165	6.466092093e-04
2.860165	9.152591472e-04
2.865165	-1.920117910e-04
2.870166	6.966016610e-04
2.875166	1.992948134e-04
2.880166	8.699201721e-04
2.885167	8.045876925e-04
2.890167	-9.626468393e-04
2.895167	3.179422633e-04
2.900167	-3.513563653e-04
2.905168	1.686188332e-03
2.910168	-4.540260354e-04
2.915168	-2.060271587e-03
2.920169	2.185144562e-03
2.925169	1.813826996e-03
2.930169	1.595831767e-04
2.935170	2.253122562e-03
2.940170	1.193843686e-03
2.945170	-2.505283079e-03
2.950170	-1.883659732e-03
2.955171	1.042830152e-03
2.960171	1.310473243e-03
2.965171	2.121948698e-04
2.970172	-3.411153287e-04
2.975172	1.925411266e-03
2.980172	8.261318942e-04
2.985172	-2.548016449e-03
2.990173	-8.924556281e-04
2.995173	2.033031496e-03
3.000173	3.256616556e-03
3.005174	-6.045050803e-04
3.010174	-1.225814182e-03
3.015174	1.929658238e-03
3.020174	2.160299220e-03
3.025175	8.800271046e-04
3.030175	2.117192888e-04
3.035175	-4.475894051e-04
3.040176	-9.349083908e-04
3.045176	2.796739734e-04
3.050176	1.323265853e-03
3.055176	8.269463073e-04
3.060177	-2.153420680e-04
3.065177	-9.316496313e-04
3.070177	1.334870175e-03
3.075178	1.717498420e-03
3.080178	-6.617141929e-04
3.085178	2.655743829e-03
3.090178	6.105111997e-04
3.095179	-2.475661676e-03
3.100179	2.298305944e-04
3.105179	1.607399191e-03
3.110180	1.618046366e-03
3.115180	1.177804348e-04
3.120180	2.804180976e-04
3.125180	2.000965418e-03
3.130181	1.781624405e-03
3.135181	-1.916516064e-03
3.140181	-2.861815889e-03
3.145182	7.236222510e-04
3.150182	2.388170958e-03
3.155182	6.859137389e-04
3.160183	-9.193494537e-04
3.165183	1.013182662e-03
3.170183	3.163701816e-03
3.175183	9.564722707e-04
3.180184	-2.244700244e-03
3.185184	5.177824456e-04
3.190184	2.287322106e-03
3.195185	-6.468669517e-04
3.200185	-6.462258820e-04
3.205185	6.263413535e-04
3.210185	-5.879481634e-04
3.215186	5.786244396e-04
3.220186	1.020238534e-03
3.225186	-2.510488250e-04
3.230187	1.297500582e-03
3.235187	-2.587710754e-04
3.240187	-8.614296307e-05
3.245187	1.960376545e-03
3.250188	1.080064707e-03
3.255188	-1.242164237e-03
3.260188	-7.525559559e-04
3.265189	3.902811356e-03
3.270189	4.342421759e-03
3.275189	-2.347556464e-03
3.280189	-2.728899415e-03
3.285190	1.802473522e-03
3.290190	6.941717853e-04
3.295190	7.428028459e-04
3.300191	1.078416946e-03
3.305191	-2.898709340e-04
3.310191	1.470660099e-03
3.315191	-5.155928667e-04
3.320192	-6.698684157e-05
3.325192	2.409501678e-03
3.330192	5.842382487e-04
3.335193	-7.509290666e-05
3.340193	-1.890357693e-03
3.345193	1.858055808e-03
3.350193	1.360714125e-03
3.355194	-1.831472313e-03
3.360194	-9.498944170e-04
3.365194	7.516357310e-04
3.370195	2.195180385e-03
3.375195	1.870826748e-03
3.380195	-6.134025437e-04
3.385195	-6.137756812e-04
3.390196	2.302682329e-03
3.395196	8.703910985e-04
3.400196	4.310421259e-04
3.405197	-1.384227779e-03
3.410197	9.862601760e-04
3.415197	9.288879509e-04
3.420198	1.770463410e-03
3.425198	2.805027325e-03
3.430198	-2.385049666e-03
3.435198	9.413810862e-04
3.440199	2.261927285e-03
3.445199	-2.164195028e-03
3.450199	7.142603933e-04
3.455200	1.106858980e-03
3.460200	-7.194146890e-04
3.465200	-2.208230295e-04
3.470200	2.677688042e-04
3.475201	-1.777493427e-03
3.480201	2.772863017e-03
3.485201	4.322392365e-03
3.490202	-9.436850688e-04
3.495202	3.848562302e-04
3.500202	-2.174913619e-04
3.505202	-5.508548957e-04
3.510203	1.276656365e-03
3.515203	1.220276019e-03
3.520203	5.962139553e-06
3.525204	1.115513640e-03
3.530204	1.116128775e-03
3.535204	-8.821410568e-04
3.540204	2.854058641e-04
3.545205	5.630037715e-04
3.550205	-1.633407514e-04
3.555205	2.114140833e-03
3.560206	2.308623021e-04
3.565206	-1.422429924e-03
3.570206	1.561009650e-03
3.575206	1.005653187e-03
3.580207	1.007264143e-03
3.585207	1.007874742e-03
3.590207	2.059424230e-03
3.595208	1.010094635e-03
3.600208	-1.809133159e-03
3.605208	1.335294209e-03
3.610208	6.859402636e-04
3.615209	-1.302336773e-03
3.620209	-4.797765627e-04
3.625209	1.673706363e-03
3.630210	1.823993683e-04
3.635210	1.070954509e-03
3.640210	5.175925042e-04
3.645211	-1.307696463e-03
3.650211	5.188032452e-04
3.655211	2.679283243e-03
3.660211	2.842878145e-03
3.665212	-5.303231130e-04
3.670212	-1.467665474e-03
3.675212	2.385146639e-05
3.680213	6.854159150e-04
3.685213	-1.081879786e-03
3.690213	5.716265243e-04
3.695213	2.129137953e-03
3.700214	1.030802340e-03
3.705214	-6.405006096e-04
3.710214	6.890227059e-04
3.715215	1.578571004e-03
3.720215	-1.795634880e-03
3.725215	1.928490933e-04
3.730215	2.296325997e-03
3.735216	1.695958626e-03
3.740216	3.072476654e-03
3.745216	5.302205735e-04
3.750217	-3.481320342e-04
3.755217	1.410362640e-03
3.760217	-2.239830749e-03
3.765217	-3.463447357e-04
3.770218	4.282054664e-04
3.775218	-8.531260309e-04
3.780218	2.857253750e-03
3.785219	-3.439677362e-04
3.790219	7.555619601e-04
3.795219	1.473113281e-03
3.800219	2.017790317e-04
3.805220	-9.535623535e-04
3.810220	-8.959742265e-04
3.815220	4.572300978e-03
3.820221	-8.947927015e-04
3.825221	-2.338119205e-03
3.830221	2.528189449e-03
3.835221	1.486838852e-03
3.840222	9.244601523e-04
3.845222	-1.282823989e-03
3.850222	-3.942873645e-04
3.855223	2.196150528e-03
3.860223	-5.651029433e-04
3.865223	-9.548413548e-06
3.870224	1.815932331e-03
3.875224	1.099559433e-03
3.880224	1.072020304e-04
3.885224	1.541704024e-03
3.890225	1.073712586e-04
3.895225	-1.554948785e-03
3.900225	1.045484537e-03
3.905226	5.212496698e-05
3.910226	5.976760731e-04
3.915226	1.993177645e-03
3.920226	2.328739984e-03
3.925227	5.994211293e-04
3.930227	-2.487819749e-03
3.935227	5.561373279e-05
3.940228	8.781461534e-04
3.945228	2.857598406e-04
3.950228	6.693167134e-04
3.955228	9.948764850e-04
3.960229	2.323377882e-03
3.965229	-8.198629141e-04
3.970229	-1.603237859e-04
3.975230	9.961861878e-04
3.980230	1.991705006e-03
3.985230	2.709239426e-03
3.990230	-2.260898127e-03
3.995231	5.595139360e-04
4.000231	1.334043700e-03
4.005231	-3.762834820e-04
4.010232	3.276079166e-03
4.015232	9.447869347e-04
4.020232	-8.235382671e-04
4.025232	-1.310937904e-03
4.030233	1.061496836e-03
4.035233	2.494985346e-03
4.040233	-1.147233464e-03
4.045234	1.617177262e-03
4.050234	2.219712384e-03
4.055234	-1.642495100e-03
4.060234	-4.849929495e-04
4.065235	1.284473397e-03
4.070235	2.011999457e-03
4.075235	1.448599611e-03
4.080236	9.511954913e-04
4.085236	7.281291124e-05
4.090236	-3.655955421e-04
4.095237	4.079255477e-04
4.100237	2.224385940e-03
4.105237	8.490302058e-04
4.110237	-1.138290650e-03
4.115238	2.122084955e-03
4.120238	-2.582141368e-04
4.125238	-1.423583862e-03
4.130239	1.464811828e-03
4.135239	-3.045239508e-04
4.140239	-1.641885145e-03
4.145239	2.794419744e-03
4.150240	2.516996397e-03
4.155240	-1.257225466e-03
4.160240	1.238190107e-03
4.165241	2.184694666e-03
4.170241	-4.725931153e-04
4.175241	8.568883831e-04
4.180241	5.804621567e-04
4.185242	-2.238817683e-03
4.190242	-1.291315540e-03
4.195242	2.351030493e-03
4.200243	3.947494211e-03
4.205243	-2.619571075e-03
4.210243	-1.787064185e-03
4.215243	4.236142450e-03
4.220244	1.138875348e-03
4.225244	2.504802008e-04
4.230244	1.359969193e-03
4.235245	3.665791565e-04
4.240245	1.305077070e-03
4.245245	9.706480223e-04
4.250245	5.302246181e-04
4.255246	5.317752102e-04
4.260246	9.722999712e-04
4.265246	-6.720553381e-04
4.270247	-6.235088979e-04
4.275247	2.578854919e-03
4.280247	-2.404339746e-04
4.285247	4.200756811e-04
4.290248	2.036529646e-03
4.295248	-5.637733384e-04
4.300248	4.787128112e-04
4.305249	-3.516933562e-04
4.310249	5.468001435e-04
4.315249	2.870210866e-03
4.320249	1.197851873e-03
4.325250	-1.295275279e-04
4.330250	-7.319492826e-04
4.335250	1.428468914e-03
4.340251	1.649998602e-03
4.345251	-3.363914967e-06
4.350251	1.591682073e-04
4.355252	-7.292394623e-04
4.360252	1.602497010e-04
4.365252	2.087869439e-04
4.370252	1.538249721e-03
4.375253	2.207750123e-03
4.380253	5.453847100e-04
4.385253	1.099890775e-03
4.390254	-5.650484014e-05
4.395254	-1.326894362e-03
4.400254	1.876457251e-03
4.405254	3.760800284e-04
4.410255	-1.683528949e-04
4.415255	2.155048062e-03
4.420255	6.636688429e-04
4.425256	4.442156722e-04
4.430256	-5.011960656e-04
4.435256	4.452824393e-04
4.440256	2.168283060e-04
4.445257	2.043255001e-03
4.450257	2.330770078e-03
4.455257	-1.549474638e-03
4.460258	-2.780173792e-04
4.465258	1.443413395e-03
4.470258	1.223955766e-03
4.475258	-3.824222623e-04
4.480259	2.780682923e-04
4.485259	1.166058190e-04
4.490259	-5.998251020e-04
4.495260	2.603517098e-03
4.500260	2.001078594e-03
4.505260	-1.022737269e-04
4.510260	-2.727381792e-04
4.515261	-5.391975886e-04
4.520261	7.222542585e-04
4.525261	1.554730378e-03
4.530262	1.634292141e-05
4.535262	-5.950985726e-04
4.540262	2.387251876e-03
4.545262	2.224783446e-03
4.550263	-4.885381684e-04
4.555263	-1.155978444e-03
4.560263	1.119410818e-03
4.565264	3.498793568e-03
4.570264	-9.547918878e-05
4.575264	-1.966851955e-03
4.580265	9.584977452e-04
4.585265	2.554923688e-03
4.590265	-3.693897881e-04
4.595265	-1.974779945e-03
4.600266	1.122557792e-03
4.605266	1.839032523e-03
4.610266	-3.103277434e-04
4.615267	2.673015050e-03
4.620267	3.552478839e-03
4.625267	-1.694704048e-03
4.630267	-2.965117117e-03
4.635268	1.461140300e-03
4.640268	2.560589341e-03
4.645268	1.739148807e-03
4.650269	2.477464532e-04
4.655269	-2.963557083e-03
4.660269	-2.721618029e-05
4.665269	2.563144190e-03
4.670270	2.407877732e-04
4.675270	1.082248120e-03
4.680270	2.573670415e-03
4.685271	7.972809213e-04
4.690271	-1.391575981e-04
4.695271	2.069221743e-03
4.700271	1.955734662e-03
4.705272	-1.571555776e-03
4.710272	-2.431271668e-04
4.715272	3.023461434e-04
4.720273	2.071748249e-03
4.725273	1.470286762e-03
4.730273	8.487003168e-05
4.735273	8.013313913e-04
4.740274	-7.711565757e-05
4.745274	1.587289915e-03
4.750274	8.608330471e-04
4.755275	-2.476022812e-04
4.760275	1.635789081e-03
4.765275	3.643621223e-04
4.770275	6.998418372e-04
4.775276	8.633309624e-04
4.780276	-6.760820871e-04
4.785276	1.036316537e-03
4.790277	7.508300212e-04
4.795277	-9.025780166e-04
4.800277	2.058539153e-04
4.805278	1.420279201e-03
4.810278	1.803751951e-03
4.815278	2.693194953e-03
4.820278	5.428129895e-04
4.825279	-2.506517584e-03
4.830279	-7.381269235e-04
4.835279	3.307131712e-03
4.840280	1.089751508e-03
4.845280	1.864197988e-03
4.850280	3.257775153e-04
4.855280	-3.880489410e-03
4.860281	1.923665000e-03
4.865281	3.023090594e-03
4.870281	-3.057069698e-03
4.875282	-2.257451880e-04
4.880282	3.808509317e-03
4.885282	2.365079646e-03
4.890282	-5.297023577e-06
4.895283	-6.167758074e-04
4.900283	8.186266617e-04
4.905283	-2.841060416e-06
4.910284	5.996084479e-04
4.915284	1.154060194e-03
4.920284	-3.943671451e-04
4.925284	1.595000661e-03
4.930285	1.652479505e-03
4.935285	3.240378555e-04
4.940285	-1.050401674e-03
4.945286	1.329941410e-03
4.950286	6.604600941e-04
4.955286	6.609395488e-04
4.960286	2.869290954e-03
4.965287	9.868780770e-04
4.970287	1.644034466e-04
4.975287	1.216819996e-03
4.980288	1.055306116e-03
4.985288	1.668336800e-04
4.990288	3.872966597e-04
4.995288	-2.758046514e-03
5.000289	7.702243479e-04
5.005289	2.874576905e-03
5.010289	1.221145945e-03
5.015290	-4.322855557e-04
5.020290	1.002104069e-03
5.025290	1.049573250e-03
5.030290	5.050760771e-04
5.035291	2.437435314e-03
5.040291	5.704308274e-05
5.045291	-8.224363750e-04
5.050292	6.699466397e-04
5.055292	1.734439746e-04
5.060292	-4.950493027e-04
5.065293	-2.175977570e-04
5.070293	8.438079668e-04
5.075293	2.660169543e-03
5.080293	1.943676854e-03
5.085294	-5.877115666e-04
5.090294	-1.648185484e-03
5.095294	3.871612557e-04
5.100295	1.505560405e-03
5.105295	1.564020220e-03
5.110295	2.003457484e-03
5.115295	1.172967541e-03
5.120296	-4.950031403e-05
5.125296	7.819126627e-04
5.130296	1.403337217e-03
5.135297	1.461793733e-03
5.140297	-8.116156288e-04
5.145297	8.795779291e-06
5.150297	2.112132542e-03
5.155298	-3.712663477e-04
5.160298	5.651367046e-04
5.165298	9.105733342e-04
5.170299	2.990646772e-04
5.175299	2.315240504e-04
5.180299	1.341914840e-03
5.185299	1.399365886e-03
5.190300	-5.310688162e-04
5.195300	2.012237553e-03
5.200300	3.226620116e-03
5.205301	-5.877074514e-04
5.210301	-1.581198488e-03
5.215301	1.900051487e-03
5.220301	1.182543397e-03
5.225302	-5.289078465e-04
5.230302	2.750937501e-05
5.235302	1.298884747e-03
5.240303	6.293716535e-04
5.245303	-3.631233458e-04
5.250303	-8.569224684e-05
5.255303	-9.181976050e-04
5.260304	3.451996003e-03
5.265304	4.504380666e-03
5.270304	7.808118054e-05
5.275305	-3.604491733e-04
5.280305	1.359659152e-04
5.285305	1.742316339e-03
5.290306	1.140793713e-03
5.295306	-4.076747857e-04
5.300306	3.007258104e-04
5.305306	6.931440923e-04
5.310307	1.028565102e-03
5.315307	1.793960716e-03
5.320307	1.966390011e-03
5.325308	-7.905316905e-05
5.330308	-1.025560381e-03
5.335308	-1.073120076e-03
5.340308	7.532114392e-04
5.345309	2.742532976e-03
5.350309	-4.018495658e-04
5.355309	8.605128215e-04
5.360310	1.356918878e-03
5.365310	-1.118503999e-03
5.370310	-2.951179623e-04
5.375310	5.842642726e-04
5.380311	3.625521083e-03
5.385311	8.915720490e-05
5.390311	-6.193705599e-04
5.395312	2.028907239e-03
5.400312	1.973340624e-03
5.405312	1.256811611e-03
5.410312	7.502699000e-04
5.415313	1.314665768e-03
5.420313	6.551317503e-04
5.425313	-7.139896965e-05
5.430314	-1.849656625e-04
5.435314	3.124317870e-04
5.440314	1.430792801e-03
5.445314	2.254170278e-03
5.450315	2.567100947e-04
5.455315	-3.448312816e-04
5.460315	1.041511961e-03
5.465316	3.719733630e-04
5.470316	-6.795437492e-04
5.475316	2.151714320e-03
5.480316	2.372122599e-03
5.485317	9.667444642e-05
5.490317	-3.998770198e-04
5.495317	7.094781909e-04
5.500318	-1.277988323e-03
5.505318	-7.815988660e-04
5.510318	1.809669027e-03
5.515319	1.160123511e-03
5.520319	2.155482417e-03
5.525319	1.649927428e-03
5.530319	1.151371455e-03
5.535320	2.203725333e-03
5.540320	-1.217662995e-03
5.545320	-1.112255587e-03
5.550321	3.198908344e-03
5.555321	2.744895735e-04
5.560321	-2.266951896e-03
5.565321	4.033095427e-03
5.570322	2.426598798e-03
5.575322	-2.496706856e-03
5.580322	-1.634321841e-04
5.585323	1.443883832e-03
5.590323	1.540286525e-03
5.595323	1.627737581e-04
5.600323	-5.537777649e-04
5.605324	3.845745518e-04
5.610324	2.799865176e-04
5.615324	3.273891209e-04
5.620325	2.650659700e-03
5.625325	2.603066619e-03
5.630325	1.551530934e-03
5.635325	-1.047915940e-03
5.640326	2.244129916e-04
5.645326	1.333750750e-03
5.650326	1.000171255e-03
5.655327	1.717530477e-03
5.660327	-6.069352131e-04
5.665327	6.083940742e-04
5.670327	6.482435557e-05
5.675328	-1.091710551e-03
5.680328	-1.073696888e-04
5.685328	1.220950718e-03
5.690329	3.488216308e-03
5.695329	8.317656695e-04
5.700329	1.223138419e-03
5.705329	7.835585677e-04
5.710330	-1.423919772e-03
5.715330	1.110327447e-03
5.720330	-1.612061296e-04
5.725331	1.779074209e-03
5.730331	2.717411822e-03
5.735331	2.899432285e-04
5.740332	1.943238365e-03
5.745332	-4.282346484e-04
5.750332	-8.668198855e-04
5.755332	6.734799964e-04
5.760333	1.447823521e-03
5.765333	-4.346801070e-04
5.770333	-8.172709545e-04
5.775334	2.671913995e-03
5.780334	-2.615307225e-04
5.785334	2.272708187e-03
5.790334	1.345146432e-03
5.795335	4.655813088e-04
5.800335	2.550844360e-03
5.805335	3.423547933e-04
5.810336	2.674602386e-03
5.815336	1.813749714e-05
5.820336	-1.529392035e-03
5.825336	4.018769231e-04
5.830337	1.232729102e-04
5.835337	2.447517975e-03
5.840337	1.071976117e-03
5.845338	-2.015467473e-03
5.850338	4.607670160e-04
5.855338	1.731070552e-03
5.860338	1.178478766e-03
5.865339	3.281732996e-03
5.870339	1.131232293e-03
5.875339	-9.802712626e-04
5.880340	-1.964840504e-03
5.885340	7.973732631e-04
5.890340	2.833628355e-03
5.895340	3.021466467e-04
5.900341	-4.724371309e-04
5.905341	8.468575599e-04
5.910341	2.568128432e-03
5.915342	1.459562133e-03
5.920342	-1.254912023e-03
5.925342	-8.055695041e-04
5.930342	1.966638257e-03
5.935343	1.691021435e-03
5.940343	1.624391939e-03
5.945343	1.575760798e-03
5.950344	8.521232649e-05
5.955344	1.915710225e-04
5.960344	6.319098239e-04
5.965344	-5.826564049e-04
5.970345	1.080610555e-03
5.975345	1.578944186e-03
5.980345	8.053506685e-04
5.985346	5.267279567e-04
5.990346	5.760856949e-04
5.995346	1.351400898e-03
6.000347	2.630686387e-03
6.005347	-3.597821401e-04
6.010347	-1.630350607e-03
6.015347	1.198843542e-03
6.020348	-5.107007911e-04
6.025348	1.085563344e-03
6.030348	2.011865561e-03
6.035349	9.712807620e-04
6.040349	2.357555193e-03
6.045349	-1.379468020e-04
6.050349	-7.859695964e-05
6.055350	1.417429733e-04
6.060350	4.270785404e-04
6.065350	2.913286387e-03
6.070351	1.413723813e-03
6.075351	-4.598177749e-04
6.080351	3.724837520e-04
6.085351	1.691756541e-03
6.090352	3.631816387e-04
6.095352	4.785227312e-04
6.100352	8.128505621e-04
6.105353	-1.346678193e-03
6.110353	-1.183341716e-03
6.115353	1.750834120e-03
6.120353	1.980165555e-03
6.125354	1.704525537e-03
6.130354	1.139901594e-03
6.135354	-8.956380157e-04
6.140355	2.527506501e-03
6.145355	2.689838723e-03
6.150355	-3.966420413e-04
6.155355	1.476668863e-04
6.160356	3.189967369e-04
6.165356	9.802976721e-04
6.170356	1.029633332e-03
6.175357	-1.389889041e-03
6.180357	1.430285356e-03
6.185357	3.246517115e-03
6.190357	-1.398878564e-03
6.195358	4.537343995e-05
6.200358	2.703554715e-03
6.205358	7.060042544e-04
6.210359	-1.266141056e-04
6.215359	1.595619362e-03
6.220359	1.930932309e-03
6.225360	-2.306111641e-04
6.230360	-1.029281915e-05
6.235360	2.418897334e-03
6.240360	1.425284544e-03
6.245361	-3.902813980e-04
6.250361	-1.001917494e-03
6.255361	6.513149841e-04
6.260362	1.205610306e-03
6.265362	9.869496455e-04
6.270362	-4.466414724e-04
6.275362	-1.001283977e-03
6.280363	2.593833233e-03
6.285363	3.311116022e-03
6.290363	-8.373208018e-04
6.295364	5.195080484e-05
6.300364	1.878167674e-03
6.305364	1.983483307e-03
6.310364	2.729031870e-04
6.315365	-7.777156736e-04
6.320365	7.705147471e-04
6.325365	1.162811300e-03
6.330366	-1.217732632e-03
6.335366	-3.484803083e-06
6.340366	2.043714293e-03
6.345366	-5.984751832e-05
6.350367	8.304171391e-04
6.355367	3.907579760e-04
6.360367	-3.368851834e-04
6.365368	-3.925677794e-04
6.370368	2.485579557e-03
6.375368	3.038860533e-03
6.380368	7.163069696e-04
6.385369	9.466053403e-04
6.390369	1.989856130e-03
6.395369	4.412559784e-04
6.400370	-8.783580286e-04
6.405370	-1.212029608e-03
6.410370	1.492122738e-03
6.415370	3.481315743e-03
6.420371	1.216753786e-03
6.425371	1.217060393e-03
6.430371	5.574044840e-04
6.435372	-5.992233557e-04
6.440372	8.929951924e-04
6.445372	9.982932072e-04
6.450373	-1.161278607e-03
6.455373	-5.303978144e-05
6.460373	3.551054267e-03
6.465373	5.595286005e-04
6.470374	-2.721224395e-04
6.475374	2.549014925e-03
6.480374	5.514299535e-04
6.485375	-1.208169397e-03
6.490375	2.443918073e-03
6.495375	1.613263803e-03
6.500375	4.476282433e-04
6.505376	1.699407661e-04
6.510376	7.246011867e-06
6.515376	1.117477106e-03
6.520377	6.583241916e-05
6.525377	1.280056234e-03
6.530377	4.493975117e-04
6.535377	6.686775146e-04
6.540378	1.070946312e-03
6.545378	6.792603254e-04
6.550378	3.212404782e-03
6.555379	1.004822394e-03
6.560379	7.851245611e-04
6.565379	1.110394616e-03
6.570379	-2.971081464e-03
6.575380	1.177966477e-03
6.580380	3.377126391e-03
6.585380	9.495528760e-04
6.590381	4.608667436e-04
6.595381	-3.128035697e-04
6.600381	3.474426634e-04
6.605381	1.446662904e-03
6.610382	2.107907799e-03
6.615382	1.009253692e-03
6.620382	-9.140093897e-05
6.625383	-1.037065163e-03
6.630383	-1.753743253e-03
6.635383	1.573344474e-03
6.640383	3.332522112e-03
6.645384	3.399735351e-04
6.650384	-9.296751871e-04
6.655384	1.654747416e-05
6.660385	2.176699384e-03
6.665385	7.910554327e-04
6.670385	-6.425863899e-04
6.675386	4.328401255e-03
6.680386	3.993694678e-03
6.685386	7.519443329e-05
6.690386	-5.844946629e-04
6.695387	-1.530167887e-03
6.700387	-1.088921855e-03
6.705387	2.064166914e-03
6.710388	5.735232299e-04
6.715388	6.887861536e-04
6.720388	9.560396539e-04
6.725388	1.291288582e-03
6.730389	1.903520867e-03
6.735389	6.798585346e-04
6.740389	-3.608150120e-04
6.745390	-9.145173293e-04
6.750390	2.113572846e-03
6.755390	1.626865366e-03
6.760390	1.852123897e-04
6.765391	-7.524703398e-04
6.770391	2.402609912e-03
6.775391	2.230881651e-03
6.780392	-2.300595468e-03
6.785392	7.404894230e-04
6.790392	1.792688531e-03
6.795392	2.126928455e-03
6.800393	2.184183726e-03
6.805393	3.015503839e-04
6.810393	1.132759659e-03
6.815394	-5.868843957e-04
6.820394	6.842981699e-04
6.825394	1.133527556e-03
6.830394	6.858080940e-04
6.835395	3.677889321e-03
6.840395	3.535306985e-05
6.845395	-3.653710581e-04
6.850396	6.288236017e-04
6.855396	3.600905487e-04
6.860396	3.019187752e-03
6.865396	-5.743545848e-04
6.870397	-1.473053210e-03
6.875397	1.462026099e-03
6.880397	1.853251672e-03
6.885398	5.245759234e-04
6.890398	8.584812418e-05
6.895398	1.920881985e-04
6.900398	-1.127590029e-03
6.905399	9.755334126e-04
6.910399	2.629682130e-03
6.915399	2.791916358e-03
6.920400	-3.036619193e-04
6.925400	-6.294008178e-04
6.930400	5.847706945e-04
6.935401	1.186976896e-03
6.940401	4.619019009e-03
6.945401	-1.564384207e-03
6.950401	-2.072115868e-03
6.955402	2.956832054e-03
6.960402	2.249110633e-03
6.965402	2.852312846e-03
6.970403	1.075651849e-03
6.975403	-9.619947318e-04
6.980403	1.858077482e-03
6.985403	2.079299131e-03
6.990404	-1.863362512e-04
6.995404	-1.343036335e-03
7.000404	-1.007823239e-03
7.005405	1.629256259e-03
7.010405	2.461439339e-03
7.015405	3.523608479e-03
7.020405	1.306966324e-03
7.025406	-2.019612386e-03
7.030406	-4.624738054e-04
7.035406	5.996927031e-04
7.040407	5.329237532e-04
7.045407	3.066003995e-03
7.050407	3.247219405e-03
7.055407	2.086201123e-04
7.060408	-9.100907198e-04
7.065408	-1.454835360e-03
7.070408	-2.285564143e-03
7.075409	2.914358124e-03
7.080409	4.186506574e-03
7.085409	-1.730930414e-03
7.090409	-1.980863741e-05
7.095410	3.518206970e-03
7.100410	1.921518463e-03
7.105410	-4.021287204e-04
7.110411	1.481980423e-03
7.115411	8.727826823e-05
7.120411	2.594849576e-04
7.125411	4.636448147e-03
7.130412	7.568875163e-04
7.135412	-1.622760401e-03
7.140412	-1.346562364e-03
7.145413	-2.374130955e-04
7.150413	2.583636643e-03
7.155413	2.640845340e-03
7.160414	-8.387423637e-04
7.165414	-2.365664659e-04
7.170414	2.526483971e-03
7.175414	4.908108875e-04
7.180415	1.035988088e-03
7.185415	1.419173980e-03
7.190415	-1.205297383e-04
7.195416	1.533581426e-03
7.200416	1.255803499e-03
7.205416	-1.553828868e-03
7.210416	9.322322558e-04
7.215417	1.868382228e-03
7.220417	-5.102770236e-04
7.225417	7.038555643e-04
7.230418	1.580891273e-04
7.235418	-6.726615161e-04
7.240418	-1.349887233e-05
7.245418	1.143634346e-03
7.250419	1.870791732e-03
7.255419	1.984983853e-03
7.260419	1.536207820e-03
7.265420	-2.894893560e-04
7.270420	2.090569905e-03
7.275420	1.928775299e-03
7.280420	-5.088885335e-04
7.285421	1.097213426e-03
7.290421	3.478269962e-03
7.295421	2.646511382e-03
7.300422	3.808349480e-04
7.305422	5.920147999e-04
7.310422	-1.396678966e-03
7.315422	-8.905174852e-04
7.320423	-2.293656239e-04
7.325423	-1.721795496e-04
7.330423	2.427858998e-03
7.335424	1.711088434e-03
7.340424	3.253558370e-04
7.345424	-6.684000670e-04
7.350424	1.481661794e-03
7.355425	2.256802392e-03
7.360425	-1.708727048e-04
7.365425	3.832793181e-04
7.370426	1.932373210e-03
7.375426	2.200540411e-03
7.380426	5.468179370e-04
7.385427	-2.279559687e-04
7.390427	-9.437339517e-04
7.395427	2.048273258e-03
7.400427	3.309379763e-03
7.405428	-5.042213215e-04
7.410428	3.279086170e-04
7.415428	2.535958421e-03
7.420429	5.027863243e-05
7.425429	-1.277468701e-03
7.430429	3.286138548e-04
7.435429	5.587752039e-04
7.440430	1.877872992e-03
7.445430	3.761330209e-04
7.450430	1.437244365e-03
7.455431	3.035324025e-03
7.460431	1.006647950e-04
7.465431	1.103777473e-03
7.470431	1.552921471e-03
7.475432	7.791354263e-04
7.480432	4.434645631e-05
7.485432	-1.333406053e-03
7.490433	1.553594461e-03
7.495433	1.497764260e-03
7.500433	-8.349351169e-04
7.505433	1.324105420e-03
7.510434	6.663079649e-04
7.515434	9.344563600e-04
7.520434	8.856223883e-04
7.525435	1.688263198e-04
7.530435	2.424857887e-03
7.535435	3.901365848e-04
7.540435	-1.713581406e-03
7.545436	2.645326690e-03
7.550436	1.719539320e-03
7.555436	2.157672505e-03
7.560437	1.431872236e-03
7.565437	8.300641320e-04
7.570437	1.117204013e-03
7.575437	-4.975469408e-04
7.580438	1.489493415e-03
7.585438	-2.782500537e-04
7.590438	2.768716491e-04
7.595439	1.002982801e-03
7.600439	1.711832521e-04
7.605439	1.385264871e-03
7.610440	5.544639121e-04
7.615440	-1.623443060e-04
7.620440	9.937386338e-04
7.625440	3.929223643e-04
7.630441	7.180519417e-04
7.635441	-3.347395778e-04
7.640441	2.829224694e-03
7.645442	3.872310777e-03
7.650442	-1.604227287e-03
7.655442	-2.761590162e-04
7.660442	1.386889231e-03
7.665443	-7.148457708e-04
7.670443	1.216185644e-03
7.675443	2.610247394e-03
7.680444	3.605331508e-03
7.685444	2.488536913e-03
7.690444	-8.301311946e-04
7.695444	-8.779888806e-04
7.700445	-1.372821430e-03
7.705445	-4.937340067e-04
7.710445	4.476116483e-03
7.715446	2.544364885e-03
7.720446	-1.211282055e-03
7.725446	-1.012106853e-04
7.730446	2.220790012e-03
7.735447	1.216982108e-03
7.740447	3.185652108e-06
7.745447	1.170251014e-03
7.750448	8.354024379e-04
7.755448	-5.341482417e-05
7.760448	-4.252626224e-04
7.765448	5.108133628e-04
7.770449	6.059372362e-04
7.775449	3.390813354e-04
7.780449	1.610135935e-03
7.785450	3.876132394e-03
7.790450	6.744439499e-04
7.795450	8.935572628e-04
7.800450	-3.292468289e-04
7.805451	-2.145017355e-03
7.810451	2.222854312e-03
7.815451	1.877997474e-03
7.820452	8.371801503e-04
7.825452	-6.536118670e-04
7.830452	-1.151461911e-03
7.835452	-1.313332040e-03
7.840453	3.714497428e-03
7.845453	5.808495653e-03
7.850453	-7.670061105e-04
7.855454	-3.279136717e-04
7.860454	1.946072114e-03
7.865454	1.727201190e-03
7.870455	5.541349461e-05
7.875455	-5.474366172e-04
7.880455	1.664519500e-05
7.885455	2.367461913e-04
7.890456	3.323680936e-03
7.895456	1.440902017e-03
7.900456	-2.477760005e-03
7.905457	5.711748876e-04
7.910457	2.990145481e-03
7.915457	1.279353899e-03
7.920457	1.125471719e-03
7.925458	2.330510373e-03
7.930458	1.002694626e-03
7.935458	-4.891123337e-04
7.940459	1.614872355e-03
7.945459	1.060009918e-03
7.950459	4.481500902e-04
7.955459	2.064160912e-03
7.960460	1.803731755e-04
7.965460	-1.042453417e-03
7.970460	4.585619963e-04
7.975461	8.406413483e-04
7.980461	1.939678610e-03
7.985461	-4.890810697e-04
7.990461	-5.630684757e-03
7.995462	-3.306720290e-03
8.000462	-1.911702858e-03
8.005462	-4.846436051e-03
8.010463	-6.624236745e-03
8.015463	-1.065790784e-02
8.020463	-8.172956091e-03
8.025463	-3.574127109e-03
8.030464	-3.192055281e-03
8.035464	1.248463674e-04
8.040464	-5.340230549e-04
8.045465	1.223967256e-03
8.050465	7.270871095e-04
8.055465	3.002046195e-03
8.060465	2.390171320e-03
8.065466	-1.155534802e-03
8.070466	2.726329425e-03
8.075466	-1.203355890e-03
8.080467	-1.037973888e-02
8.085467	-1.064663710e-02
8.090467	-1.098253202e-02
8.095468	-9.882510563e-03
8.100468	-3.581790145e-03
8.105468	3.825865658e-03
8.110468	3.442970707e-03
8.115469	-1.247302784e-02
8.120469	-1.081904180e-02
8.125469	1.235342896e-03
8.130470	1.618400966e-03
8.135470	7.295318073e-04
8.140470	1.894543344e-03
8.145470	-3.411072104e-03
8.150471	-7.453761176e-03
8.155471	-1.032051885e-02
8.160471	-1.899094203e-02
8.165472	-1.723196822e-02
8.170472	-1.077026670e-02
8.175472	-3.132633786e-03
8.180472	3.722043664e-03
8.185473	5.103017977e-04
8.190473	-1.804492557e-03
8.195473	9.014224386e-04
8.200474	9.024929616e-04
8.205474	3.549409991e-03
8.210474	2.718527189e-03
8.215474	-9.711911928e-04
8.220475	-3.800959926e-03
8.225475	-8.331631114e-03
8.230475	-1.727904791e-02
8.235476	-2.535651563e-02
8.240476	-1.119926817e-02
8.245476	-1.488419652e-04
8.250476	6.731742759e-04
8.255477	1.282687741e-04
8.260477	2.776178189e-03
8.265477	7.039611069e-05
8.270478	-3.513335951e-03
8.275478	1.620427836e-03
8.280478	7.057693601e-05
8.285478	2.906231312e-04
8.290479	3.608489729e-03
8.295479	-2.052324872e-04
8.300479	-4.908903994e-03
8.305480	-2.355995280e-03
8.310480	1.572833282e-03
8.315480	-7.174606746e-03
8.320481	-1.435313807e-02
8.325481	-2.538989494e-04
8.330481	-3.359666867e-03
8.335481	-1.993465758e-02
8.340482	-1.087312958e-02
8.345482	-3.196884235e-04
8.350482	-6.926169242e-04
8.355483	1.515304834e-03
8.360483	1.668344580e-03
8.365483	3.974658748e-04
8.370483	-1.581372632e-03
8.375484	-5.004128436e-03
8.380484	-9.213184004e-04
8.385484	-5.958982315e-03
8.390485	-2.728670611e-02
8.395485	-2.224795335e-02
8.400485	-2.852030452e-03
8.405485	2.500702799e-03
8.410486	-7.020705293e-04
8.415486	-8.070234556e-04
8.420486	3.055793777e-03
8.425487	-3.199716258e-04
8.430487	-2.619360312e-04
8.435487	1.841980718e-03
8.440487	1.181056457e-03
8.445488	-3.903613006e-03
8.450488	-3.960573525e-03
8.455488	-3.667455781e-04
8.460489	-3.798512569e-03
8.465489	-7.058290181e-03
8.470489	-4.181422894e-03
8.475489	2.501223907e-03
8.480490	3.503801833e-04
8.485490	-1.810852238e-02
8.490490	-2.009637690e-02
8.495491	-1.857400271e-03
8.500491	-5.384471438e-04
8.505491	-3.144781248e-05
8.510491	3.668366434e-03
8.515492	-1.093331328e-03
8.520492	-5.672040347e-03
8.525492	-8.933691169e-05
8.530493	1.229612081e-03
8.535493	-4.295044374e-03
8.540493	-6.884871015e-03
8.545494	-5.173946728e-03
8.550494	-9.211699315e-04
8.555494	-1.335742998e-02
8.560494	-2.076498113e-02
8.565495	-5.565838594e-03
8.570495	3.285669853e-03
8.575495	-2.611063464e-04
8.580496	-9.909742998e-05
8.585496	1.239842825e-03
8.590496	-1.856961430e-03
8.595496	-2.966881123e-03
8.600497	-4.237792209e-03
8.605497	-2.468879544e-03
8.610497	-2.631855995e-03
8.615498	-4.734721100e-03
8.620498	-2.248851911e-03
8.625498	-6.387600816e-03
8.630498	-1.661599871e-02
8.635499	-1.700796539e-02
8.640499	-5.126641575e-03
8.645499	9.630160364e-04
8.650500	-6.998793057e-04
8.655500	2.395949830e-03
8.660500	2.892928369e-03
8.665500	-2.745739428e-03
8.670501	-6.282529305e-03
8.675501	-7.588431442e-04
8.680501	7.430745974e-04
8.685502	-2.802716828e-03
8.690502	-5.868416993e-04
8.695502	-4.122635082e-03
8.700502	-2.410732226e-03
8.705503	-1.163619839e-02
8.710503	-2.364250464e-02
8.715503	-6.512494301e-03
8.720504	4.661016274e-04
8.725504	-1.521785289e-03
8.730504	2.950953981e-03
8.735504	-1.694780815e-03
8.740505	-3.969653227e-03
8.745505	-1.637792382e-03
8.750505	2.460936453e-04
8.755506	2.370883037e-04
8.760506	-3.023729924e-03
8.765506	-1.809807273e-03
8.770506	-1.417837841e-03
8.775507	-1.637833756e-03
8.780507	-1.772391404e-02
8.785507	-2.639442329e-02
8.790508	-3.243771005e-03
8.795508	2.615879202e-03
8.800508	1.310106443e-04
8.805509	-8.629447087e-04
8.810509	-4.065773181e-03
8.815509	-4.809943507e-04
8.820509	1.696206490e-05
8.825510	-2.965881181e-03
8.830510	1.593040453e-05
8.835510	1.898804768e-03
8.840511	5.708638775e-04
8.845511	2.938616023e-04
8.850511	-6.053790762e-03
8.855511	-2.889049152e-02
8.860512	-2.159693309e-02
8.865512	1.621704929e-03
8.870512	1.577595675e-05
8.875513	-3.124373694e-05
8.880513	-2.469126040e-03
8.885513	-8.732419951e-04
8.890513	-1.695219000e-03
8.895514	-2.020225396e-03
8.900514	1.459547779e-03
8.905514	1.669509109e-03
8.910515	-2.803259808e-03
8.915515	-7.048042580e-03
8.920515	-1.584256328e-02
8.925515	-2.396712336e-02
8.930516	-8.043073018e-03
8.935516	-7.005277546e-04
8.940516	-1.427517137e-03
8.945517	1.229297365e-03
8.950517	-1.743563689e-03
8.955517	-8.066512341e-04
8.960517	3.982450545e-04
8.965518	-9.976099740e-05
8.970518	-1.467937834e-04
8.975518	5.801280432e-04
8.980519	3.064947656e-03
8.985519	1.200801637e-04
8.990519	-1.695853218e-03
8.995519	-1.716199894e-02
9.000520	-3.254315026e-02
9.005520	-8.387585652e-03
9.010520	2.787727923e-03
9.015521	-1.084090167e-03
9.020521	-2.041833744e-04
9.025521	-2.527092297e-03
9.030522	-8.172348132e-04
9.035522	-1.304251141e-03
9.040522	5.215982662e-04
9.045522	1.726482848e-03
9.050523	-4.254393911e-04
9.055523	7.314465863e-04
9.060523	-2.615439619e-04
9.065524	-2.633455561e-03
9.070524	-2.341530461e-02
9.075524	-2.955100022e-02
9.080524	-5.567435998e-03
9.085525	4.936906003e-03
9.090525	3.110959432e-03
9.095525	-4.620646755e-03
9.100526	-4.620700153e-03
9.105526	-3.210025650e-04
9.110526	2.173798574e-03
9.115526	-1.481227919e-04
9.120527	-4.218506304e-05
9.125527	1.122690821e-03
9.130527	-3.084123750e-03
9.135528	-4.900077088e-03
9.140528	-2.070022348e-02
9.145528	-2.668393749e-02
9.150528	-4.794261973e-03
9.155529	1.572309370e-03
9.160529	7.033446081e-05
9.165529	2.441135198e-03
9.170530	-3.742570700e-03
9.175530	-3.294660284e-03
9.180530	-1.200845611e-03
9.185530	-7.599361646e-04
9.190531	4.715681823e-03
9.195531	2.163762741e-03
9.200531	-7.031388361e-04
9.205532	-1.965133789e-03
9.210532	-2.032198441e-03
9.215532	-4.576120732e-03
9.220532	-2.430605116e-02
9.225533	-2.535606110e-02
9.230533	-2.461454615e-03
9.235533	3.223145122e-03
9.240534	-6.477039681e-04
9.245534	-9.180940388e-05
9.250534	4.520851669e-04
9.255535	6.819971850e-04
9.260535	2.993788281e-03
9.265535	5.558530039e-04
9.270535	1.016749623e-03
9.275536	1.571640128e-03
9.280536	-3.248159647e-03
9.285536	-1.034200869e-04
9.290537	2.774334207e-03
9.295537	2.114292134e-03
9.300537	-7.046259421e-04
9.305537	-9.374278646e-05
9.310538	1.731069575e-03
9.315538	2.113964526e-03
9.320538	7.869575451e-04
9.325539	8.428700100e-04
9.330539	2.725676280e-03
9.335539	1.005689939e-03
9.340539	1.119596998e-03
9.345540	-1.514166436e-04
9.350540	-1.155446390e-03
9.355540	1.731298474e-03
9.360541	1.511222082e-03
9.365541	9.471648711e-04
9.370541	-1.261798026e-03
9.375541	3.116857936e-03
9.380542	4.379693161e-03
9.385542	-1.652051011e-03
9.390542	-3.723748207e-05
9.395543	8.416178663e-04
9.400543	1.893462540e-03
9.405543	1.730376695e-03
9.410543	-5.465877502e-04
9.415544	6.212481716e-04
9.420544	-3.717917928e-04
9.425544	-1.481825684e-03
9.430545	2.053871434e-03
9.435545	3.602682617e-03
9.440545	-2.418069715e-03
9.445545	6.216539956e-04
9.450546	2.708902400e-02
9.455546	2.980376511e-02
9.460546	4.817105389e-03
9.465547	6.672415887e-04
9.470547	4.167935260e-03
9.475547	3.602863060e-03
9.480548	-5.003149113e-05
9.485548	-3.731190327e-04
9.490548	4.596487072e-03
9.495548	1.393564485e-03
9.500549	-5.374322430e-04
9.505549	3.048251740e-03
9.510549	9.452635797e-04
9.515550	9.531528271e-04
9.520550	2.282965047e-03
9.525550	5.619527792e-04
9.530550	3.408532047e-04
9.535551	1.117534101e-04
9.540551	2.769486209e-03
9.545551	1.947419296e-03
9.550552	-2.135709706e-04
9.555552	2.827137665e-03
9.560552	2.167059352e-03
9.565552	-1.092869493e-03
9.570553	7.239077842e-04
9.575553	1.957370067e-02
9.580553	3.151289198e-02
9.585554	1.211689232e-02
9.590554	2.604321180e-03
9.595554	1.993235269e-03
9.600554	2.051110042e-03
9.605555	3.599898029e-03
9.610555	1.066921071e-03
9.615555	7.218170754e-04
9.620556	2.548586966e-03
9.625556	4.555825573e-04
9.630556	-4.364918898e-04
9.635556	2.718199268e-03
9.640557	1.830123230e-03
9.645557	2.049982525e-03
9.650557	7.219305372e-04
9.655558	8.357945940e-04
9.660558	8.936612052e-04
9.665558	9.458035857e-03
9.670558	2.996172029e-02
9.675559	2.189305420e-02
9.680559	3.931958752e-03
9.685559	3.817831900e-03
9.690560	3.434719904e-03
9.695560	1.388703267e-03
9.700560	-6.093168203e-04
9.705560	6.050833646e-05
9.710561	3.607166668e-03
9.715561	2.383099846e-03
9.720561	-2.748848398e-04
9.725562	1.649508861e-04
9.730562	1.820757315e-06
9.735562	3.433482339e-03
9.740563	2.324405486e-03
9.745563	1.215327955e-03
9.750563	3.942331150e-04
9.755563	8.135643083e-03
9.760564	3.139315627e-02
9.765564	2.421442657e-02
9.770564	3.872456416e-03
9.775565	-8.304176244e-04
9.780565	-1.626025177e-04
9.785565	2.103119628e-03
9.790565	2.055974672e-03
9.795566	2.543798144e-03
9.800566	1.156729221e-03
9.805566	2.819483483e-03
9.810567	3.871272355e-03
9.815567	7.263029279e-04
9.820567	-2.208679303e-03
9.825567	1.686106694e-02
9.830568	3.338895931e-02
9.835568	1.386893290e-02
9.840568	-4.983917782e-04
9.845569	4.147184810e-03
9.850569	3.478067665e-03
9.855569	9.930547187e-04
9.860569	2.492810964e-03
9.865570	3.927570287e-03
9.870570	1.766536606e-03
9.875570	-5.051761629e-05
9.880571	3.323004370e-04
9.885571	-2.153716499e-03
9.890571	7.139566969e-04
9.895571	7.903379623e-03
9.900572	3.763456184e-03
9.905572	-1.112425426e-03
9.910572	-2.806373458e-04
9.915573	1.409536784e-02
9.920573	3.062424801e-02
9.925573	1.602692515e-02
9.930573	3.532480173e-03
9.935574	2.156392399e-03
9.940574	4.453232985e-04
9.945574	1.381100661e-03
9.950575	4.919827443e-04
9.955575	3.254653252e-03
9.960575	2.040552760e-03
9.965576	7.694548871e-04
9.970576	7.212857141e-04
9.975576	3.425956883e-03
9.980576	4.687710714e-03
9.985577	2.594657625e-03
9.990577	3.276139126e-04
9.995577	-8.384940537e-04
10.000578	4.432559367e-04
10.005578	1.876996478e-03
10.010578	1.559185500e-04
10.015578	1.260102181e-02
10.020579	2.946386925e-02
10.025579	1.701740874e-02
10.030579	3.968982322e-03
10.035580	1.158963932e-03
10.040580	1.068433470e-04
10.045580	3.863444372e-03
10.050580	2.926315807e-03
10.055581	4.312765461e-04
10.060581	4.130878854e-03
10.065581	3.307741697e-03
10.070582	2.197346746e-04
10.075582	9.855044144e-04
10.080582	2.868208979e-03
10.085582	3.040011685e-03
10.090583	1.757897691e-03
10.095583	-2.553042047e-03
10.100583	7.165797445e-04
10.105584	4.310182157e-03
10.110584	2.972068724e-03
10.115584	3.191864650e-03
10.120584	-1.722043604e-03
10.125585	-6.702970613e-04
10.130585	8.784201120e-04
10.135585	-1.339645837e-03
10.140586	7.620380662e-04
10.145586	2.701730658e-03
10.150586	3.697477100e-03
10.155586	1.604846565e-04
10.160587	-3.051527222e-03
10.165587	8.760478974e-04
10.170587	1.811795139e-03
10.175588	1.640605645e-03
10.180588	-2.937330011e-03
10.185588	-3.376808623e-04
10.190589	3.742882093e-03
10.195589	4.258716188e-04
10.200589	5.496617613e-04
10.205589	5.974556280e-04
10.210590	8.158814896e-03
10.215590	2.187581799e-02
10.220590	1.767885501e-02
10.225591	6.284307055e-03
10.230591	4.573199183e-03
10.235591	1.867148108e-03
10.240591	2.698892049e-03
10.245592	3.530635327e-03
10.250592	-7.336587874e-05
10.255592	-2.355665236e-04
10.260593	3.692995913e-03
10.265593	2.964826629e-03
10.270593	-2.120091701e-03
10.275593	-2.387288933e-03
10.280594	3.251172101e-03
10.285594	2.744987347e-03
10.290594	1.449228593e-04
10.295595	7.566722168e-04
10.300595	1.205430326e-03
10.305595	3.585076259e-03
10.310595	4.732792678e-03
10.315596	1.806743710e-03
10.320596	2.140505816e-03
10.325596	2.466267723e-03
10.330597	2.199063215e-03
10.335597	2.270165852e-02
10.340597	2.612323965e-02
10.345597	7.331103042e-03
10.350598	4.454046622e-03
10.355598	5.064788110e-03
10.360598	1.421774607e-03
10.365599	-5.653351891e-04
10.370599	2.914238636e-03
10.375599	3.677968651e-03
10.380599	-1.455961382e-03
10.385600	-3.827051637e-03
10.390600	-2.842336360e-03
10.395600	-1.240101282e-02
10.400601	-2.511450775e-02
10.405601	-1.124553855e-02
10.410601	2.805419473e-03
10.415602	-2.394511354e-03
10.420602	-5.500563768e-03
10.425602	-1.019452513e-02
10.430602	-7.699902317e-03
10.435603	-5.099286281e-03
10.440603	-1.273807954e-02
10.445603	-1.228934054e-02
10.450604	-1.018569777e-02
10.455604	-2.023405564e-03
10.460604	1.857133271e-03
10.465604	8.639529253e-04
10.470605	1.245692518e-03
10.475605	-7.914288479e-04
10.480605	-1.297639284e-03
10.485606	1.741944844e-03
10.490606	3.404607839e-03
10.495606	-1.957324126e-03
10.500606	-1.021620455e-03
10.505607	1.129012396e-03
10.510607	1.635739534e-03
10.515607	3.900364494e-03
10.520608	8.602951642e-04
10.525608	-1.405819517e-03
10.530608	-3.402950386e-03
10.535608	-2.017277276e-03
10.540609	1.079296371e-03
10.545609	6.880707978e-04
10.550609	8.598120592e-04
10.555610	-1.130322476e-03
10.560610	-8.045914116e-04
10.565610	-5.748554550e-04
10.570610	2.458457200e-04
10.575611	-7.483489398e-04
10.580611	-2.411925192e-02
10.585611	-2.699633914e-02
10.590612	-2.078032285e-03
10.595612	1.018534197e-03
10.600612	-3.569456161e-03
10.605612	-3.406721541e-03
10.610613	8.282029622e-05
10.615613	4.155438004e-04
10.620613	1.862991108e-04
10.625614	8.204655342e-05
10.630614	-2.520647959e-05
10.635614	7.052811549e-05
10.640614	1.017212917e-03
10.645615	-1.190920729e-03
10.650615	-1.086188598e-03
10.655615	-3.604929778e-04
10.660616	-8.377207558e-05
10.665616	2.621807904e-03
10.670616	-7.522616424e-04
10.675617	-9.270034770e-03
10.680617	-2.142059874e-02
10.685617	-1.921199264e-02
10.690617	-4.625102083e-03
10.695618	9.083106998e-04
10.700618	1.920837749e-04
10.705618	1.521894699e-02
10.710619	3.350462135e-02
10.715619	1.543739457e-02
10.720619	-2.898306984e-05
10.725619	1.738643328e-03
10.730620	1.508384466e-03
10.735620	2.446057508e-03
10.740620	1.949812719e-03
10.745621	2.383927444e-02
10.750621	3.545232901e-02
10.755621	1.052149347e-02
10.760621	5.037959999e-04
10.765622	2.606397902e-03
10.770622	6.544893131e-03
10.775622	5.321685824e-03
10.780623	1.471372623e-05
10.785623	-1.142498677e-03
10.790623	3.216969672e-03
10.795623	1.052026736e-02
10.800624	-4.253816505e-04
10.805624	-7.280267560e-03
10.810624	1.402872713e-05
10.815625	3.656535276e-03
10.820625	1.064401257e-03
10.825625	-2.577672766e-03
10.830625	-2.635954404e-03
10.835626	-5.073099295e-03
10.840626	-5.025388335e-03
10.845626	-1.746295695e-02
10.850627	-2.816862622e-02
10.855627	-6.498165964e-03
10.860627	1.063108507e-03
10.865627	-3.420922004e-03
10.870628	-1.930298209e-03
10.875628	8.992476204e-04
10.880628	-3.729702970e-04
10.885629	-3.422086230e-03
10.890629	-1.828652043e-02
10.895629	-2.718729968e-02
10.900630	-7.724717650e-03
10.905630	-1.311382619e-03
10.910630	-3.089575136e-03
10.915630	-1.640399454e-04
10.920631	-1.817329634e-02
10.925631	-3.447165217e-02
10.930631	-1.386314014e-02
10.935632	9.427063822e-04
10.940632	-2.359517550e-02
10.945632	-3.442484971e-02
10.950632	-1.071951907e-02
10.955633	-1.204974317e-02
10.960633	-3.520070769e-02
10.965633	-2.026987219e-02
10.970634	-5.856007470e-03
10.975634	-3.183681045e-02
10.980634	-2.940025527e-02
10.985634	-3.533053917e-03
10.990635	-1.187887728e-02
10.995635	-3.558581412e-02
11.000635	-2.060598588e-02
11.005636	-3.314640559e-04
11.010636	-3.974561543e-03
11.015636	-8.780488963e-04
11.020636	-1.420358845e-02
11.025637	-3.559666271e-02
11.030637	-1.376323408e-02
11.035637	4.368407720e-03
11.040638	-6.516235983e-07
11.045638	-2.323829753e-03
11.050638	-2.601126668e-03
11.055638	1.271336125e-03
11.060639	1.108031368e-03
11.065639	-4.312970368e-03
11.070639	-3.139372181e-02
11.075640	-2.558237351e-02
11.080640	-6.636784379e-03
11.085640	-3.106869068e-02
11.090640	-3.145298644e-02
11.095641	-1.675215405e-02
11.100641	-3.620234994e-02
11.105641	-2.476133054e-02
11.110642	-2.631156147e-02
11.115642	-3.222854083e-02
11.120642	-9.736161559e-03
11.125643	-2.631052667e-02
11.130643	-3.398740627e-02
11.135643	-9.623136981e-03
11.140643	-8.790509283e-03
11.145644	-3.062357319e-02
11.150644	-2.183940597e-02
11.155644	-2.607842743e-03
11.160645	-2.552172669e-03
11.165645	-2.856309041e-04
11.170645	1.148958286e-03
11.175645	-3.488102488e-03
11.180646	-2.598483070e-03
11.185646	-1.249324144e-02
11.190646	-3.046553393e-02
11.195647	-1.438679360e-02
11.200647	-7.269141915e-04
11.205647	-1.223217840e-03
11.210647	-1.339544055e-03
11.215648	-1.559864884e-03
11.220648	-1.427346480e-02
11.225648	-3.289472416e-02
11.230649	-1.509608750e-02
11.235649	6.556667458e-04
11.240649	-3.436433574e-03
11.245649	-3.272780298e-03
11.250650	-2.116184986e-03
11.255650	-9.029124250e-03
11.260650	-1.858691138e-02
11.265651	-1.952419700e-02
11.270651	-9.077140713e-03
11.275651	-1.448922249e-03
11.280651	2.422512565e-03
11.285652	1.695212354e-03
11.290652	-3.520122432e-04
11.295652	-5.713430236e-04
11.300653	1.140214065e-03
11.305653	5.379041707e-04
11.310653	-6.640622305e-05
11.315653	9.623847372e-05
11.320654	1.693799684e-03
11.325654	2.905382572e-03
11.330654	1.471117652e-03
11.335655	8.698040117e-04
11.340655	-4.608228595e-03
11.345655	-5.821508119e-03
11.350656	-2.825656263e-02
11.355656	-2.859289402e-02
11.360656	-1.407815488e-03
11.365656	-1.704726430e-02
11.370657	-3.528556364e-02
11.375657	-1.389215245e-02
11.380657	-2.472288082e-02
11.385658	-3.716851654e-02
11.390658	-1.174134014e-02
11.395658	-3.058460760e-02
11.400658	-3.113993185e-02
11.405659	-1.317732619e-02
11.410659	-3.738028593e-02
11.415659	-2.555732690e-02
11.420660	-1.390535860e-02
11.425660	-3.733336493e-02
11.430660	-1.832282283e-02
11.435660	-5.772908218e-03
11.440661	-3.390364477e-02
11.445661	-2.849331904e-02
11.450661	-1.519239295e-03
11.455662	-1.036209161e-02
11.460662	-3.511902544e-02
11.465662	-2.345706319e-02
11.470662	-6.407457470e-04
11.475663	-6.825753986e-03
11.480663	-3.230164872e-02
11.485663	-2.684433055e-02
11.490664	-3.346054917e-03
11.495664	-1.683518800e-03
11.500664	-2.407359417e-02
11.505664	-3.258947142e-02
11.510665	-9.208191446e-03
11.515665	-2.680938698e-03
11.520665	-1.606353669e-02
11.525666	-3.457783892e-02
11.530666	-1.666524552e-02
11.535666	-3.705592848e-04
11.540666	-2.197268498e-02
11.545667	-3.468532468e-02
11.550667	-9.986125642e-03
11.555667	-3.236890532e-03
11.560668	-2.855288270e-03
11.565668	-7.607390120e-03
11.570668	-3.331128253e-02
11.575668	-1.998542965e-02
11.580669	5.260076481e-04
11.585669	-2.113284673e-04
11.590669	-2.533573648e-03
11.595670	-4.200756063e-04
11.600670	-6.614098376e-03
11.605670	-3.192801750e-02
11.610671	-2.441583305e-02
11.615671	-3.022450878e-03
11.620671	-7.103598063e-03
11.625671	-2.806677085e-02
11.630672	-2.806915479e-02
11.635672	-3.521957151e-03
11.640672	-1.087191794e-02
11.645673	-3.430095070e-02
11.650673	-2.220003603e-02
11.655673	-4.192463082e-03
11.660673	-4.354841356e-03
11.665674	-8.502990031e-03
11.670674	-3.287897108e-02
11.675674	-1.866618135e-02
11.680675	1.063289185e-03
11.685675	-2.587890567e-03
11.690675	-1.594339160e-03
11.695675	-6.007883456e-04
11.700676	1.999669073e-03
11.705676	-6.495709133e-04
11.710676	4.321748396e-03
11.715677	3.172677149e-02
11.720677	2.620069588e-02
11.725677	3.221627647e-03
11.730677	5.151120270e-03
11.735678	-8.249311254e-04
11.740678	-1.073696888e-04
11.745678	3.822005665e-03
11.750679	1.440744891e-03
11.755679	8.283813692e-04
11.760679	1.497943223e-03
11.765679	1.440546473e-03
11.770680	1.495142668e-03
11.775680	-1.221146697e-02
11.780680	-3.476056651e-02
11.785681	-1.817692668e-02
11.790681	-2.156254929e-03
11.795681	-2.532032071e-02
11.800681	-3.177235225e-02
11.805682	-6.908193000e-03
11.810682	-2.023382874e-02
11.815682	-3.735424590e-02
11.820683	-1.580889673e-02
11.825683	-3.139140388e-02
11.830683	-2.862897110e-02
11.835684	-1.515115775e-02
11.840684	-3.681331553e-02
11.845684	-1.995069883e-02
11.850684	8.886876176e-04
11.855685	-8.183199041e-03
11.860685	-3.128927576e-02
11.865685	-2.940679623e-02
11.870686	-4.371654430e-03
11.875686	1.096616843e-03
11.880686	-1.619579796e-02
11.885686	-3.692101508e-02
11.890687	-1.614062987e-02
11.895687	2.537876146e-03
11.900687	-1.924728150e-02
11.905688	-3.704666992e-02
11.910688	-1.437339635e-02
11.915688	-7.246021578e-04
11.920688	-2.334071413e-02
11.925689	-3.354954323e-02
11.930689	-1.703291641e-02
11.935689	-3.141050591e-02
11.940690	-2.581724937e-02
11.945690	-2.504271511e-02
11.950690	-3.869434827e-02
11.955690	-2.150876295e-02
11.960691	-3.632532998e-02
11.965691	-2.875519049e-02
11.970691	-3.505525052e-02
11.975692	-2.925201013e-02
11.980692	-2.422472551e-02
11.985692	-3.986424787e-02
11.990692	-1.366318725e-02
11.995693	-2.759080963e-02
12.000693	-3.372788251e-02
12.005693	-8.913743507e-03
12.010694	-2.979996572e-02
12.015694	-3.401615126e-02
12.020694	-3.505342964e-03
12.025694	-1.316921502e-02
12.030695	-3.677028272e-02
12.035695	-1.682186613e-02
12.040695	-4.092458953e-04
12.045696	-1.841863825e-02
12.050696	-3.555808141e-02
12.055696	-1.344879188e-02
12.060697	-2.284870796e-03
12.065697	-2.926074757e-02
12.070697	-3.130606474e-02
12.075697	-7.427879649e-03
12.080698	-1.715175449e-02
12.085698	-3.649907411e-02
12.090698	-1.207492224e-02
12.095699	-2.235076690e-02
12.100699	-3.622340440e-02
12.105699	-1.942781365e-02
12.110699	-3.268548780e-02
12.115700	-3.313590217e-02
12.120700	-3.766708142e-02
12.125700	-2.981097665e-02
12.130701	-3.119733865e-02
12.135701	-3.622549089e-02
12.140701	-3.236415709e-02
12.145701	-3.319555283e-02
12.150702	-2.130568383e-02
12.155702	-3.727920619e-02
12.160702	-1.782577513e-02
12.165703	-1.328648329e-02
12.170703	-3.711855347e-02
12.175703	-2.037996731e-02
12.180703	-1.699661039e-02
12.185704	-3.738788096e-02
12.190704	-2.086828382e-02
12.195704	-1.253865978e-03
12.200705	-1.981824374e-02
12.205705	-3.390888043e-02
12.210705	-1.086366239e-02
12.215705	-2.909573356e-03
12.220706	-4.241690383e-04
12.225706	-8.379162308e-03
12.230706	-3.585102897e-02
12.235707	-2.015538925e-02
12.240707	-6.949675232e-04
12.245707	-4.452205448e-03
12.250707	3.460619630e-04
12.255708	1.120561207e-03
12.260708	-8.107838313e-04
12.265708	-1.755827374e-02
12.270709	-3.430576420e-02
12.275709	-1.042960137e-02
12.280709	-2.142538763e-03
12.285710	-4.911900681e-05
12.290710	-1.585066631e-02
12.295710	-3.939476700e-02
12.300710	-1.247678260e-02
12.305711	-1.716997309e-02
12.310711	-3.619233658e-02
12.315711	-1.772486578e-02
12.320712	-3.131954383e-02
12.325712	-2.962010572e-02
12.330712	-2.961857010e-02
12.335712	-3.419777047e-02
12.340713	-2.541474310e-02
12.345713	-3.784949089e-02
12.350713	-3.763096998e-02
12.355714	-3.812940822e-02
12.360714	-3.402711271e-02
12.365714	-3.437156093e-02
12.370714	-4.045367833e-02
12.375715	-4.669578703e-02
12.380715	-4.144855983e-02
12.385715	-3.890617695e-02
12.390716	-4.360937616e-02
12.395716	-4.431680669e-02
12.400716	-4.238539016e-02
12.405716	-4.554168034e-02
12.410717	-4.692007374e-02
12.415717	-4.183384103e-02
12.420717	-4.481614288e-02
12.425718	-4.891738066e-02
12.430718	-3.912842117e-02
12.435718	-3.398819375e-02
12.440718	-3.775545243e-02
12.445719	-1.414329291e-02
12.450719	-2.475515736e-02
12.455719	-3.698092915e-02
12.460720	-1.409672920e-02
12.465720	-1.940390164e-02
12.470720	-3.051173961e-02
12.475720	-1.475912939e-02
12.480721	-5.535142665e-03
12.485721	-1.923283267e-02
12.490721	-3.222356404e-02
12.495722	-1.559200673e-02
12.500722	-1.943277690e-03
12.505722	-1.487601401e-02
12.510722	-2.901368128e-02
12.515723	-1.675187375e-02
12.520723	-5.042034865e-03
12.525723	-4.820533026e-03
12.530724	-1.219226915e-03
12.535724	-6.525406899e-03
12.540724	-2.333992277e-02
12.545725	-2.698219991e-02
12.550725	-6.534868843e-03
12.555725	2.029147997e-03
12.560725	-2.990051216e-03
12.565726	-3.382518169e-03
12.570726	3.879408953e-05
12.575726	-4.016711501e-04
12.580727	1.040754338e-03
12.585727	5.514004258e-03
12.590727	3.414485847e-02
12.595727	2.872367877e-02
12.600728	2.137161006e-02
12.605728	3.817514575e-02
12.610728	3.269696776e-02
12.615729	4.105299028e-02
12.620729	4.204643748e-02
12.625729	4.430181128e-02
12.630729	4.419532095e-02
12.635730	4.220593885e-02
12.640730	4.856307418e-02
12.645730	5.497720570e-02
12.650731	5.955644267e-02
12.655731	5.917196578e-02
12.660731	6.188630941e-02
12.665731	6.614056358e-02
12.670732	7.088978864e-02
12.675732	7.381411857e-02
12.680732	8.077221502e-02
12.685733	8.100069961e-02
12.690733	8.348705327e-02
12.695733	8.807528503e-02
12.700733	8.564592156e-02
12.705734	8.867524231e-02
12.710734	9.011765419e-02
12.715734	8.884622229e-02
12.720735	9.266149610e-02
12.725735	1.001265586e-01
12.730735	1.007840137e-01
12.735735	1.027143949e-01
12.740736	1.125503189e-01
12.745736	1.154266443e-01
12.750736	1.189629312e-01
12.755737	1.281398917e-01
12.760737	1.329481040e-01
12.765737	1.355954407e-01
12.770738	1.425055306e-01
12.775738	1.487556581e-01
12.780738	1.521779484e-01
12.785738	1.577021169e-01
12.790739	1.644402147e-01
12.795739	1.688094488e-01
12.800739	1.728537011e-01
12.805740	1.800307720e-01
12.810740	1.858309220e-01
12.815740	1.934019691e-01
12.820740	1.980471847e-01
12.825741	2.001505466e-01
12.830741	2.116393660e-01
12.835741	2.188274332e-01
12.840742	2.160640747e-01
12.845742	2.172774859e-01
12.850742	2.189888679e-01
12.855742	2.135196642e-01
12.860743	2.106993069e-01
12.865743	2.174383970e-01
12.870743	2.151720067e-01
12.875744	2.153914723e-01
12.880744	2.187167581e-01
12.885744	2.152374364e-01
12.890744	2.162228563e-01
12.895745	2.071588560e-01
12.900745	2.043954914e-01
12.905745	2.015171330e-01
12.910746	1.879813895e-01
12.915746	1.851620266e-01
12.920746	1.797418135e-01
12.925746	1.710617881e-01
12.930747	1.656975707e-01
12.935747	1.624372313e-01
12.940747	1.522762899e-01
12.945748	1.389505308e-01
12.950748	1.395039696e-01
12.955748	1.313779092e-01
12.960748	1.313683796e-01
12.965749	1.386244298e-01
12.970749	1.267985816e-01
12.975749	1.221993156e-01
12.980750	1.215398215e-01
12.985750	1.183844711e-01
12.990750	1.197128612e-01
12.995751	1.192724529e-01
13.000751	1.169963502e-01
13.005751	1.141285812e-01
13.010751	1.107061437e-01
13.015752	1.108107021e-01
13.020752	1.094243460e-01
13.025752	1.046728838e-01
13.030753	1.013079410e-01
13.035753	9.838237238e-02
13.040753	8.847760633e-02
13.045753	7.908101043e-02
13.050754	7.697799282e-02
13.055754	7.018074583e-02
13.060754	6.427294698e-02
13.065755	6.941440950e-02
13.070755	4.874726208e-02
13.075755	3.463833541e-02
13.080755	3.845227315e-02
13.085756	3.647224502e-02
13.090756	3.669148939e-02
13.095756	2.646333664e-02
13.100757	4.027539501e-02
13.105757	2.098496468e-02
13.110757	1.817338215e-02
13.115757	3.994817919e-02
13.120758	3.408887171e-02
13.125758	3.452780000e-02
13.130758	1.722505246e-02
13.135759	2.137356555e-02
13.140759	3.502312943e-02
13.145759	1.457566206e-02
13.150759	8.333373812e-03
13.155760	3.137909360e-02
13.160760	3.031760518e-02
13.165760	5.941662771e-03
13.170761	9.764591302e-03
13.175761	3.496198491e-02
13.180761	2.385397479e-02
13.185761	9.706239759e-03
13.190762	3.490283198e-02
13.195762	2.977817488e-02
13.200762	3.854118534e-03
13.205763	2.600198540e-02
13.210763	3.656352094e-02
13.215763	1.357409369e-02
13.220763	3.120052026e-02
13.225764	3.396180486e-02
13.230764	5.886869895e-03
13.235764	2.893328202e-02
13.240765	3.385504044e-02
13.245765	1.921052840e-02
13.250765	3.937900532e-02
13.255766	3.108112580e-02
13.260766	3.556410767e-02
13.265766	4.507519868e-02
13.270766	4.699602758e-02
13.275767	5.694589231e-02
13.280767	6.231762098e-02
13.285767	6.639822374e-02
13.290768	6.932259281e-02
13.295768	7.187528288e-02
13.300768	7.308834985e-02
13.305768	6.800218016e-02
13.310769	5.556583449e-02
13.315769	4.849147869e-02
13.320769	3.158049053e-02
13.325770	4.146405442e-02
13.330770	1.902888436e-02
13.335770	-3.003844806e-02
13.340770	-3.419687459e-02
13.345771	-3.669179765e-02
13.350771	-5.154720732e-02
13.355771	-8.150634515e-02
13.360772	-1.040086141e-01
13.365772	-1.094193706e-01
13.370772	-1.204701019e-01
13.375772	-1.303071037e-01
13.380773	-1.436330044e-01
13.385773	-1.599978301e-01
13.390773	-1.639752717e-01
13.395774	-1.742525499e-01
13.400774	-1.803316711e-01
13.405774	-1.808866117e-01
13.410774	-1.916608626e-01
13.415775	-1.934867307e-01
13.420775	-1.959823606e-01
13.425775	-2.013939226e-01
13.430776	-2.054280645e-01
13.435776	-2.094048103e-01
13.440776	-2.140512178e-01
13.445776	-2.066532214e-01
13.450777	-1.975819220e-01
13.455777	-1.984614484e-01
13.460777	-1.952612109e-01
13.465778	-1.862003124e-01
13.470778	-1.754265132e-01
13.475778	-1.654766668e-01
13.480779	-1.615484732e-01
13.485779	-1.529355505e-01
13.490779	-1.425357315e-01
13.495779	-1.354637208e-01
13.500780	-1.277317486e-01
13.505780	-1.151800552e-01
13.510780	-1.089389978e-01
13.515781	-1.039698674e-01
13.520781	-9.484997717e-02
13.525781	-8.937287700e-02
13.530781	-8.019699089e-02
13.535782	-7.025614941e-02
13.540782	-5.532659648e-02
13.545782	-4.797660625e-02
13.550783	-3.892471476e-02
13.555783	-1.344077271e-02
13.560783	-3.431937374e-03
13.565783	-3.872498987e-03
13.570784	6.956288115e-03
13.575784	3.237323226e-02
13.580784	4.055617129e-02
13.585785	4.824013869e-02
13.590785	6.165977440e-02
13.595785	6.801681756e-02
13.600785	7.443985647e-02
13.605786	7.781407102e-02
13.610786	8.499206545e-02
13.615786	8.829828305e-02
13.620787	8.581283470e-02
13.625787	8.902405692e-02
13.630787	9.145132397e-02
13.635787	8.824791578e-02
13.640788	8.653542105e-02
13.645788	8.890669004e-02
13.650788	8.449035059e-02
13.655789	7.145150869e-02
13.660789	7.276983719e-02
13.665789	6.939343639e-02
13.670789	5.507366717e-02
13.675790	4.380472132e-02
13.680790	4.320115909e-02
13.685790	2.468463095e-02
13.690791	7.325035572e-03
13.695791	8.040395871e-03
13.700791	7.543825734e-03
13.705792	2.506521457e-02
13.710792	1.417624377e-02
13.715792	-7.753312290e-05
13.720792	1.527773638e-03
13.725793	-5.267086628e-04
13.730793	5.332351576e-03
13.735793	9.307520191e-03
13.740794	8.035991394e-03
13.745794	9.138000688e-04
13.750794	-1.582658833e-03
13.755794	5.816310347e-03
13.760795	3.369109656e-02
13.765795	2.699787876e-02
13.770795	1.018224515e-02
13.775796	3.417525428e-02
13.780796	3.119282091e-02
13.785796	3.335209016e-02
13.790796	4.390387430e-02
13.795797	4.096943690e-02
13.800797	3.677207202e-02
13.805797	4.119720873e-02
13.810798	4.627330744e-02
13.815798	4.848057141e-02
13.820798	6.003729500e-02
13.825798	6.203457026e-02
13.830799	6.313189709e-02
13.835799	5.980447904e-02
13.840799	5.285526974e-02
13.845800	5.688942571e-02
13.850800	5.532990431e-02
13.855800	5.079855414e-02
13.860800	5.799552620e-02
13.865801	4.533764453e-02
13.870801	3.255776949e-02
13.875801	4.024371208e-02
13.880802	1.919331387e-02
13.885802	4.586543108e-03
13.890802	5.914851633e-03
13.895802	2.721420893e-03
13.900803	-2.651884361e-03
13.905803	-2.961894291e-02
13.910803	-3.840205205e-02
13.915804	-5.311481915e-02
13.920804	-7.024644695e-02
13.925804	-7.317189562e-02
13.930805	-8.527381472e-02
13.935805	-1.029674113e-01
13.940805	-1.185021329e-01
13.945805	-1.199366693e-01
13.950806	-1.288267755e-01
13.955806	-1.420946293e-01
13.960806	-1.393904060e-01
13.965807	-1.445827270e-01
13.970807	-1.466382295e-01
13.975807	-1.454719185e-01
13.980807	-1.443066079e-01
13.985808	-1.369086576e-01
13.990808	-1.346434113e-01
13.995808	-1.288423696e-01
14.000809	-1.202684884e-01
14.005809	-1.165123294e-01
14.010809	-1.138171095e-01
14.015809	-1.091150060e-01
14.020810	-1.009811010e-01
14.025810	-9.871585746e-02
14.030810	-1.020332919e-01
14.035811	-9.728219275e-02
14.040811	-9.093618610e-02
14.045811	-9.043084252e-02
14.050811	-8.556575112e-02
14.055812	-8.181059602e-02
14.060812	-7.247076384e-02
14.065812	-6.573178185e-02
14.070813	-6.219761517e-02
14.075813	-5.423470464e-02
14.080813	-4.627179451e-02
14.085813	-3.180126061e-02
14.090814	-3.909547011e-02
14.095814	-3.013861856e-02
14.100814	-1.074437019e-02
14.105815	-3.230075717e-02
14.110815	-3.146943750e-02
14.115815	-4.216644150e-03
14.120815	8.574297089e-04
14.125816	-1.237082809e-03
14.130816	-5.667553919e-04
14.135816	-1.074360331e-03
14.140817	2.294165637e-05
14.145817	1.523219986e-03
14.150817	-2.731169717e-03
14.155817	5.661709773e-03
14.160818	3.257951900e-02
14.165818	2.473033576e-02
14.170818	5.496809625e-03
14.175819	5.057197693e-03
14.180819	2.074732239e-03
14.185819	2.721240806e-05
14.190820	1.517487877e-03
14.195820	1.459852365e-03
14.200820	-1.359624021e-03
14.205820	7.265366109e-05
14.210821	2.345882398e-03
14.215821	1.792274017e-03
14.220821	2.019357055e-02
14.225822	2.555461982e-02
14.230822	8.748948925e-03
14.235822	4.274565479e-03
14.240822	2.285038148e-03
14.245823	2.113405454e-03
14.250823	2.389746514e-03
14.255823	2.293108742e-03
14.260824	-5.507084496e-03
14.265824	-2.844840366e-02
14.270824	-2.419629370e-02
14.275824	-3.197151311e-03
14.280825	-2.325063837e-02
14.285825	-3.590755297e-02
14.290825	-1.087364471e-02
14.295826	-2.099670639e-02
14.300826	-3.879732503e-02
14.305826	-1.043661001e-02
14.310826	-3.353666500e-03
14.315827	-8.449020016e-03
14.320827	-1.595064012e-03
14.325827	-4.877764833e-04
14.330828	9.454918534e-04
14.335828	2.818734415e-03
14.340828	2.083604424e-02
14.345828	3.344366613e-02
14.350829	1.879886157e-02
14.355829	3.360635568e-02
14.360829	4.079328954e-02
14.365830	3.626089988e-02
14.370830	3.718819453e-02
14.375830	3.736053243e-02
14.380830	3.361209640e-02
14.385831	3.802718855e-02
14.390831	3.028398251e-02
14.395831	2.642055205e-02
14.400832	3.813022183e-02
14.405832	1.259804210e-02
14.410832	7.903658560e-03
14.415833	4.414205072e-03
14.420833	1.698706530e-03
14.425833	-8.301371657e-03
14.430833	-3.161568126e-02
14.435834	-3.785797718e-02
14.440834	-4.659712925e-02
14.445834	-5.578325586e-02
14.450835	-6.125059760e-02
14.455835	-6.489304508e-02
14.460835	-6.837350227e-02
14.465835	-7.528676155e-02
14.470836	-7.838424156e-02
14.475836	-8.313562640e-02
14.480836	-8.153937819e-02
14.485837	-8.253398069e-02
14.490837	-8.435153602e-02
14.495837	-8.081440094e-02
14.500837	-8.281394645e-02
14.505838	-7.910582195e-02
14.510838	-6.926905173e-02
14.515838	-6.054221777e-02
14.520839	-5.705508153e-02
14.525839	-4.418048780e-02
14.530839	-3.069092993e-02
14.535839	-3.920910138e-02
14.540840	-1.804798725e-02
14.545840	-2.504549030e-03
14.550840	-8.364875008e-03
14.555841	-1.015964205e-03
14.560841	-6.806486837e-04
14.565841	1.152598089e-02
14.570841	3.136916908e-02
14.575842	3.009557651e-02
14.580842	4.086828788e-02
14.585842	4.889015778e-02
14.590843	5.944088129e-02
14.595843	7.491632005e-02
14.600843	8.027834256e-02
14.605843	9.403288003e-02
14.610844	1.026547136e-01
14.615844	1.077967478e-01
14.620844	1.125568037e-01
14.625845	1.235474995e-01
14.630845	1.286905326e-01
14.635845	1.306787477e-01
14.640846	1.390705925e-01
14.645846	1.449965794e-01
14.650846	1.400241955e-01
14.655846	1.363057387e-01
14.660847	1.346521624e-01
14.665847	1.264199657e-01
14.670847	1.135340374e-01
14.675848	1.012130762e-01
14.680848	9.530374439e-02
14.685848	8.595461088e-02
14.690848	6.936989492e-02
14.695849	6.197864768e-02
14.700849	4.583290572e-02
14.705849	4.178946449e-02
14.710850	3.742904124e-02
14.715850	9.631971209e-03
14.720850	3.877627815e-03
14.725850	3.874951919e-03
14.730851	-9.660942710e-03
14.735851	-3.099638721e-02
14.740851	-3.586278317e-02
14.745852	-4.482094314e-02
14.750852	-5.885481030e-02
14.755852	-7.189373523e-02
14.760852	-7.631915794e-02
14.765853	-7.101414293e-02
14.770853	-6.803299404e-02
14.775853	-6.809166989e-02
14.780854	-6.880830807e-02
14.785854	-6.356129098e-02
14.790854	-6.334298378e-02
14.795854	-5.405220087e-02
14.800855	-4.835521071e-02
14.805855	-5.079375102e-02
14.810855	-5.301230434e-02
14.815856	-4.996316220e-02
14.820856	-5.284167803e-02
14.825856	-5.378830575e-02
14.830856	-5.272804968e-02
14.835857	-6.439005917e-02
14.840857	-7.163632400e-02
14.845857	-6.611332660e-02
14.850858	-6.743293432e-02
14.855858	-7.218334422e-02
14.860858	-6.196561888e-02
14.865859	-6.319023301e-02
14.870859	-6.754966641e-02
14.875859	-6.312460745e-02
14.880859	-6.760903423e-02
14.885860	-6.699675568e-02
14.890860	-5.942687926e-02
14.895860	-5.600676347e-02
14.900861	-6.467694973e-02
14.905861	-6.765946478e-02
14.910861	-6.568126663e-02
14.915861	-6.125621010e-02
14.920862	-5.909702300e-02
14.925862	-5.843874952e-02
14.930862	-5.059089156e-02
14.935863	-4.346099244e-02
14.940863	-4.324169451e-02
14.945863	-4.379535224e-02
14.950863	-4.141617964e-02
14.955864	-4.312977097e-02
14.960864	-4.280548029e-02
14.965864	-4.871183007e-02
14.970865	-5.584410933e-02
14.975865	-5.977457382e-02
14.980865	-6.440999788e-02
14.985865	-6.784249170e-02
14.990866	-7.624569875e-02
14.995866	-8.663579134e-02
15.000866	-8.940132456e-02
15.005867	-8.945001499e-02
15.010867	-9.000367654e-02
15.015867	-8.978438302e-02
15.020867	-9.514776737e-02
15.025868	-9.935621872e-02
15.030868	-1.079204188e-01
15.035868	-1.089710531e-01
15.040869	-1.053799557e-01
15.045869	-1.074735304e-01
15.050869	-1.063162930e-01
15.055869	-1.064799797e-01
15.060870	-1.055447301e-01
15.065870	-1.010146884e-01
15.070870	-9.465875250e-02
15.075871	-9.013871080e-02
15.080871	-8.990842164e-02
15.085871	-8.387746777e-02
15.090871	-7.625860589e-02
15.095872	-7.150957855e-02
15.100872	-6.232480767e-02
15.105872	-6.249649670e-02
15.110873	-5.863541892e-02
15.115873	-5.160152465e-02
15.120873	-4.315271239e-02
15.125874	-4.399336390e-02
15.130874	-3.751343847e-02
15.135874	-8.835795322e-03
15.140874	-1.906590539e-02
15.145875	-3.270781869e-02
15.150875	6.532213620e-03
15.155875	3.017914621e-02
15.160876	7.964727179e-03
15.165876	2.830685009e-02
15.170876	4.581613633e-02
15.175876	4.504047832e-02
15.180877	5.742905975e-02
15.185877	6.483592863e-02
15.190877	6.913797655e-02
15.195878	7.720480677e-02
15.200878	8.140885981e-02
15.205878	8.009123147e-02
15.210878	8.533922368e-02
15.215879	8.676943612e-02
15.220879	8.859562542e-02
15.225879	9.080379239e-02
15.230880	9.770268818e-02
15.235880	9.748299484e-02
15.240880	9.511142551e-02
15.245880	9.483373499e-02
15.250881	9.848481730e-02
15.255881	1.010279633e-01
15.260881	9.876138689e-02
15.265882	9.642681411e-02
15.270882	9.775502953e-02
15.275882	9.593842631e-02
15.280882	8.974307572e-02
15.285883	9.018334164e-02
15.290883	9.393941580e-02
15.295883	9.080188783e-02
15.300884	8.587846275e-02
15.305884	8.089804070e-02
15.310884	7.492367579e-02
15.315884	6.939628482e-02
15.320885	5.961713914e-02
15.325885	5.397775413e-02
15.330885	4.640648043e-02
15.335886	4.358493217e-02
15.340886	3.773355863e-02
15.345886	1.556712710e-02
15.350887	5.337005945e-03
15.355887	4.571337938e-03
15.360887	6.053539858e-03
15.365887	2.620025426e-03
15.370888	-3.499334138e-03
15.375888	-2.632572906e-02
15.380888	-4.208753224e-02
15.385889	-4.275920717e-02
15.390889	-5.292233419e-02
15.395889	-6.065460184e-02
15.400889	-6.684895856e-02
15.405890	-7.326430277e-02
15.410890	-8.227049758e-02
15.415890	-8.674395443e-02
15.420891	-8.735663449e-02
15.425891	-8.796931479e-02
15.430891	-8.498620300e-02
15.435891	-8.233107252e-02
15.440892	-8.304874748e-02
15.445892	-8.050561101e-02
15.450892	-8.161626377e-02
15.455893	-8.371985941e-02
15.460893	-7.812789974e-02
15.465893	-7.321590104e-02
15.470893	-7.100874636e-02
15.475894	-6.680370730e-02
15.480894	-6.332462656e-02
15.485894	-6.410030032e-02
15.490895	-6.338306054e-02
15.495895	-6.338277959e-02
15.500895	-6.492340989e-02
15.505895	-5.961943571e-02
15.510896	-6.101607478e-02
15.515896	-6.537454304e-02
15.520896	-5.624679040e-02
15.525897	-5.818939864e-02
15.530897	-6.427876762e-02
15.535897	-6.046370884e-02
15.540897	-5.906951049e-02
15.545898	-6.288401154e-02
15.550898	-6.698549625e-02
15.555898	-6.554330135e-02
15.560899	-7.051573621e-02
15.565899	-7.583115149e-02
15.570899	-8.284646883e-02
15.575900	-9.208065824e-02
15.580900	-8.959752459e-02
15.585900	-9.064018754e-02
15.590900	-9.169285014e-02
15.595901	-8.920871722e-02
15.600901	-9.069935497e-02
15.605901	-8.395146874e-02
15.610902	-7.969743871e-02
15.615902	-7.877121670e-02
15.620902	-6.948247788e-02
15.625902	-6.372853513e-02
15.630903	-5.135897468e-02
15.635903	-4.532804837e-02
15.640903	-3.360945076e-02
15.645904	-8.020654412e-03
15.650904	-4.542581317e-03
15.655904	-3.329377634e-03
15.660904	-2.554148872e-03
15.665905	-1.180162488e-04
15.670905	-1.725650299e-03
15.675905	1.750651187e-02
15.680906	3.469279198e-02
15.685906	3.148124992e-02
15.690906	4.027501430e-02
15.695906	4.243316170e-02
15.700907	4.746214309e-02
15.705907	5.292809903e-02
15.710907	5.569821045e-02
15.715908	5.038378858e-02
15.720908	5.612872778e-02
15.725908	6.552445593e-02
15.730908	6.331585405e-02
15.735909	6.542800244e-02
15.740909	6.779613583e-02
15.745909	6.977429154e-02
15.750910	7.237541107e-02
15.755910	7.519351786e-02
15.760910	8.088845830e-02
15.765910	8.287761256e-02
15.770911	8.331685612e-02
15.775911	8.972975449e-02
15.780911	9.099994966e-02
15.785912	8.807338701e-02
15.790912	8.999454419e-02
15.795912	9.275765254e-02
15.800913	8.857016211e-02
15.805913	9.049931823e-02
15.810913	9.210449286e-02
15.815913	8.928492284e-02
15.820914	8.911119981e-02
15.825914	8.773354612e-02
15.830914	7.982926917e-02
15.835915	6.993410700e-02
15.840915	6.777249800e-02
15.845915	6.373799697e-02
15.850915	6.108941571e-02
15.855916	5.423507715e-02
15.860916	4.422592060e-02
15.865916	4.301025600e-02
15.870917	3.638490364e-02
15.875917	3.958798347e-02
15.880917	2.675898901e-02
15.885917	3.555274558e-02
15.890918	3.157523954e-02
15.895918	6.357959982e-03
15.900918	2.630707173e-02
15.905919	3.145803792e-02
15.910919	1.194742823e-02
15.915919	3.152199496e-03
15.920919	1.449560958e-03
15.925920	1.009849298e-03
15.930920	2.156045862e-03
15.935920	1.160365944e-03
15.940921	-2.732888620e-04
15.945921	2.326823186e-03
15.950921	1.713120662e-03
15.955921	-3.210333140e-03
15.960922	-1.702327372e-02
15.965922	-3.206114374e-02
15.970922	-1.426191040e-02
15.975923	-3.364535052e-04
15.980923	-2.410182002e-02
15.985923	-3.282805527e-02
15.990923	-1.879560509e-02
15.995924	-3.642332660e-02
16.000924	-3.637806896e-02
16.005924	-3.914064933e-02
16.010925	-4.278217912e-02
16.015925	-4.665469574e-02
16.020925	-5.079519705e-02
16.025925	-5.058494981e-02
16.030926	-5.650334879e-02
16.035926	-5.423022103e-02
16.040926	-5.599786007e-02
16.045927	-5.893343183e-02
16.050927	-6.362690223e-02
16.055927	-6.434560236e-02
16.060928	-6.534028672e-02
16.065928	-6.517703812e-02
16.070928	-6.517978010e-02
16.075928	-6.683442684e-02
16.080929	-6.297139241e-02
16.085929	-5.943633921e-02
16.090929	-6.274489093e-02
16.095930	-5.910284423e-02
16.100930	-4.988012000e-02
16.105930	-4.428818624e-02
16.110930	-4.424193237e-02
16.115931	-4.257977198e-02
16.120931	-3.987367204e-02
16.125931	-3.396675711e-02
16.130932	-4.042012850e-02
16.135932	-3.578514044e-02
16.140932	-3.623585882e-02
16.145932	-2.877103451e-02
16.150933	-3.119863903e-02
16.155933	-3.617009680e-02
16.160933	-1.451109271e-02
16.165934	-3.584660571e-02
16.170934	-3.020767673e-02
16.175934	-4.840887246e-03
16.180934	-4.138885765e-04
16.185935	-3.902432910e-03
16.190935	-5.061111954e-03
16.195935	6.258134941e-04
16.200936	-2.691741170e-03
16.205936	7.648915208e-03
16.210936	3.560855388e-02
16.215936	4.368634065e-02
16.220937	4.893329075e-02
16.225937	5.942793764e-02
16.230937	6.782870531e-02
16.235938	7.451057211e-02
16.240938	7.672869655e-02
16.245938	8.529245437e-02
16.250938	8.733558863e-02
16.255939	8.832878338e-02
16.260939	8.987894582e-02
16.265939	8.971520711e-02
16.270940	8.622366044e-02
16.275940	8.606092138e-02
16.280940	8.572619211e-02
16.285941	8.180666974e-02
16.290941	7.804913787e-02
16.295941	7.362164455e-02
16.300941	7.262795278e-02
16.305942	6.931939457e-02
16.310942	6.604883402e-02
16.315942	6.758699561e-02
16.320943	6.300751038e-02
16.325943	5.538920052e-02
16.330943	5.079971560e-02
16.335943	5.073296934e-02
16.340944	4.757640139e-02
16.345944	4.420984544e-02
16.350944	4.255719037e-02
16.355945	3.846467608e-02
16.360945	4.134075920e-02
16.365945	2.707883197e-02
16.370945	2.541417707e-02
16.375946	3.652178439e-02
16.380946	1.138148503e-02
16.385946	3.474190278e-03
16.390947	2.087943351e-02
16.395947	3.414791553e-02
16.400947	1.474328440e-02
16.405947	1.923272864e-03
16.410948	4.195389580e-03
16.415948	2.568648570e-04
16.420948	-3.497670617e-03
16.425949	-1.443579134e-02
16.430949	-2.289605529e-02
16.435949	-1.516325456e-02
16.440949	-4.162642686e-03
16.445950	-2.107241901e-02
16.450950	-3.207653653e-02
16.455950	-1.969800460e-02
16.460951	-3.047113569e-02
16.465951	-3.809044906e-02
16.470951	-3.650329424e-02
16.475951	-3.279626197e-02
16.480952	-3.931763909e-02
16.485952	-4.999477632e-02
16.490952	-4.705969982e-02
16.495953	-5.236714740e-02
16.500953	-5.672664984e-02
16.505953	-5.805532743e-02
16.510954	-5.906102380e-02
16.515954	-6.242658398e-02
16.520954	-6.081943147e-02
16.525954	-6.298106140e-02
16.530955	-5.927503033e-02
16.535955	-5.700791627e-02
16.540955	-5.961952055e-02
16.545956	-5.519453132e-02
16.550956	-5.115152015e-02
16.555956	-4.971935830e-02
16.560956	-4.900115532e-02
16.565957	-4.132635421e-02
16.570957	-3.983719597e-02
16.575957	-3.938897772e-02
16.580958	-2.667446799e-02
16.585958	-4.115838756e-02
16.590958	-2.838888122e-02
16.595958	-3.225941396e-02
16.600959	-3.354209626e-02
16.605959	-4.024557472e-03
16.610959	-2.745396093e-02
16.615960	-3.701416547e-02
16.620960	-9.990482961e-03
16.625960	9.431287062e-04
16.630960	-1.429491245e-03
16.635961	-1.004075099e-02
16.640961	-3.375713846e-02
16.645961	-2.354048578e-02
16.650962	-4.659999675e-05
16.655962	-2.427219969e-03
16.660962	1.089025335e-02
16.665962	3.504510067e-02
16.670963	1.404155595e-02
16.675963	-1.990275992e-03
16.680963	6.678125644e-04
16.685964	2.327374897e-02
16.690964	3.719918662e-02
16.695964	1.172389970e-02
16.700964	3.331789428e-02
16.705965	3.249518341e-02
16.710965	2.978858126e-02
16.715965	3.625144945e-02
16.720966	2.514233239e-02
16.725966	3.896277548e-02
16.730966	2.199499661e-02
16.735967	3.608442399e-02
16.740967	3.017700617e-02
16.745967	1.496712552e-02
16.750967	3.894898133e-02
16.755968	2.215419204e-02
16.760968	3.752495482e-03
16.765968	2.202825575e-03
16.770969	5.391621701e-04
16.775969	-4.565398922e-04
16.780969	2.803512181e-03
16.785969	3.298723854e-03
16.790970	-2.609533834e-02
16.795970	-3.168677530e-02
16.800970	-2.185410314e-02
16.805971	-3.847690315e-02
16.810971	-3.560882891e-02
16.815971	-3.981634610e-02
16.820971	-4.462582860e-02
16.825972	-5.307610091e-02
16.830972	-5.334384586e-02
16.835972	-5.269564378e-02
16.840973	-5.927302448e-02
16.845973	-6.087069284e-02
16.850973	-5.844259377e-02
16.855973	-5.683744725e-02
16.860974	-6.364481494e-02
16.865974	-6.149370009e-02
16.870974	-6.004154494e-02
16.875975	-6.302513368e-02
16.880975	-6.100001175e-02
16.885975	-6.166073478e-02
16.890975	-6.513029565e-02
16.895976	-6.485407292e-02
16.900976	-6.055408265e-02
16.905976	-5.767601031e-02
16.910977	-6.270448141e-02
16.915977	-6.409316279e-02
16.920977	-6.022214799e-02
16.925977	-5.696209797e-02
16.930978	-5.359005447e-02
16.935978	-4.961404592e-02
16.940978	-4.585702479e-02
16.945979	-4.055309305e-02
16.950979	-4.232275285e-02
16.955979	-4.143356626e-02
16.960979	-3.425574292e-02
16.965980	-3.767930737e-02
16.970980	-1.484338845e-02
16.975980	-1.607807943e-02
16.980981	-3.884752676e-02
16.985981	-1.738752855e-02
16.990981	-2.916126769e-03
16.995982	-2.591907998e-03
17.000982	-4.802542883e-03
17.005982	-3.138401602e-03
17.010982	-2.422205625e-03
17.015983	-2.041990295e-03
17.020983	5.001001285e-04
17.025983	5.573340115e-04
17.030984	1.389523089e-03
17.035984	1.444756990e-03
17.040984	-2.779064770e-04
17.045984	1.768212349e-03
17.050985	3.767333842e-03
17.055985	2.570330387e-02
17.060985	3.536498273e-02
17.065986	3.638051883e-03
17.070986	1.890440697e-02
17.075986	3.697959979e-02
17.080986	2.144373372e-02
17.085987	3.956692369e-02
17.090987	2.707388180e-02
17.095987	2.779107694e-02
17.100988	3.663280282e-02
17.105988	3.431717303e-02
17.110988	4.160798840e-02
17.115988	3.873139093e-02
17.120989	4.200143844e-02
17.125989	4.470551859e-02
17.130989	4.851753472e-02
17.135990	4.712985112e-02
17.140990	5.154683224e-02
17.145990	5.244501655e-02
17.150990	5.171729472e-02
17.155991	5.326444149e-02
17.160991	6.039526574e-02
17.165991	6.072048300e-02
17.170992	5.872983399e-02
17.175992	6.066995792e-02
17.180992	6.293606300e-02
17.185992	6.436821622e-02
17.190993	6.547538817e-02
17.195993	6.668955392e-02
17.200993	6.298900348e-02
17.205994	6.629504835e-02
17.210994	6.701224272e-02
17.215994	5.983289311e-02
17.220995	6.072107755e-02
17.225995	6.475308040e-02
17.230995	6.502130059e-02
17.235995	6.447556777e-02
17.240996	6.165296642e-02
17.245996	5.905435212e-02
17.250996	5.911058447e-02
17.255997	5.788489083e-02
17.260997	5.618322466e-02
17.265997	5.016180795e-02
17.270997	5.114498668e-02
17.275998	5.225215823e-02
17.280998	4.617174487e-02
17.285998	4.665795225e-02
17.290999	4.467030249e-02
17.295999	4.302563290e-02
17.300999	4.274588447e-02
17.305999	4.114021259e-02
17.311000	4.235537780e-02
17.316000	3.626396496e-02
17.321000	3.859506569e-02
17.326001	2.654999668e-02
17.331001	2.886209848e-02
17.336001	3.389004341e-02
17.341001	9.236702537e-03
17.346002	2.604096733e-02
17.351002	3.461570740e-02
17.356002	9.521391964e-03
17.361003	1.336099966e-03
17.366003	6.967010027e-03
17.371003	4.205404778e-03
17.376003	1.995767644e-03
17.381004	2.482068467e-02
17.386004	2.686580180e-02
17.391004	6.524211837e-03
17.396005	2.383686200e-03
17.401005	2.381921532e-03
17.406005	7.192527852e-04
17.411005	1.210383051e-02
17.416006	3.576069947e-02
17.421006	0.000000000e+00
