expfull_T9_run17
3399	0
0.000000	0.000000000e+00
0.005000	-3.096851168e-03
0.010000	1.050254170e-04
0.015001	2.160951533e-03
0.020001	-2.779280743e-04
0.025001	8.210394035e-04
0.030001	1.491025423e-03
0.035002	-1.098847658e-03
0.040002	-1.929796764e-03
0.045002	8.320988373e-04
0.050002	2.380046908e-03
0.055002	-9.457943622e-04
0.060003	-1.710746321e-03
0.065003	7.161637582e-04
0.070003	1.622026790e-04
0.075003	-8.787373519e-04
0.080003	7.752061370e-04
0.085004	2.658139728e-03
0.090004	-3.347159364e-04
0.095004	-3.269574108e-03
0.100004	-1.547633559e-03
0.105005	2.161221110e-03
0.110005	1.883248100e-03
0.115005	-4.966340601e-04
0.120005	-6.696116088e-04
0.125005	-9.365850950e-04
0.130006	-3.815941091e-04
0.135006	1.042359318e-03
0.140006	1.376359855e-03
0.145006	2.208338867e-03
0.150006	1.387389324e-03
0.155007	4.642425260e-07
0.160007	-1.386460839e-03
0.165007	-1.491441330e-03
0.170007	1.155041847e-04
0.175008	-1.044713367e-04
0.180008	2.775271225e-04
0.185008	-1.212393509e-03
0.190008	9.955260276e-04
0.195008	1.625769987e-04
0.200009	-2.102310139e-03
0.205009	1.769537478e-03
0.210009	1.711554951e-03
0.215009	1.156388975e-04
0.220010	-1.318284158e-03
0.225010	6.026477794e-04
0.230010	1.052643294e-03
0.235010	-1.768219816e-03
0.240010	-2.275182940e-03
0.245011	5.773118858e-05
0.250011	2.438643242e-03
0.255011	3.202625182e-03
0.260011	3.347641003e-04
0.265011	-7.731730511e-04
0.270012	1.638014103e-04
0.275012	-2.207081155e-03
0.280012	-7.161306389e-04
0.285012	-4.391276538e-04
0.290013	1.051822860e-03
0.295013	-5.530928145e-04
0.300013	-1.825022883e-03
0.305013	2.935786297e-03
0.310013	-2.760599241e-04
0.315014	-6.680280289e-04
0.320014	2.486850561e-03
0.325014	8.799349681e-04
0.330014	-5.539881031e-04
0.335014	-1.709923191e-03
0.340015	-2.091891732e-03
0.345015	-4.959457646e-04
0.350015	8.800097103e-04
0.355015	1.998976292e-03
0.360016	-8.308864482e-04
0.365016	-8.308715042e-04
0.370016	3.040976088e-03
0.375016	-2.044789149e-03
0.380016	-1.651791194e-03
0.385017	2.649037854e-03
0.390017	-1.608257565e-04
0.395017	2.311722391e-04
0.400017	2.201876517e-04
0.405018	-1.605718491e-03
0.410018	-1.164722616e-03
0.415018	3.272278324e-04
0.420018	1.272201922e-03
0.425018	9.952288259e-04
0.430019	-1.432651303e-03
0.435019	-1.036938139e-04
0.440019	1.665244657e-03
0.445019	-7.726350430e-04
0.450019	-6.676246548e-04
0.455020	-5.663613752e-05
0.460020	-1.616166753e-04
0.465020	-5.535848098e-04
0.470020	1.064015861e-04
0.475021	1.885339617e-03
0.480021	-1.432502057e-03
0.485021	-1.049503693e-03
0.490021	-1.049488776e-03
0.495021	4.504613083e-04
0.500022	3.375349802e-03
0.505022	6.604820592e-04
0.510022	-5.524506022e-04
0.515022	-1.134546657e-04
0.520022	-4.384257099e-04
0.525023	-9.343893646e-04
0.530023	-3.903979703e-04
0.535023	-1.155350001e-03
0.540023	8.335789362e-04
0.545024	1.263575254e-03
0.550024	3.936277566e-04
0.555024	-1.155290395e-03
0.560024	-1.108277528e-03
0.565024	1.689393478e-06
0.570025	1.053658820e-03
0.575025	2.217096739e-04
0.580025	-1.222213023e-03
0.585025	-8.772130433e-04
0.590026	6.147373606e-04
0.595026	1.067742046e-04
0.600026	-7.731728748e-04
0.605026	5.557845695e-04
0.610026	1.989737474e-03
0.615027	2.601725905e-03
0.620027	-2.206051410e-03
0.625027	-1.766055548e-03
0.630027	9.388424163e-04
0.635027	8.808597984e-04
0.640028	-4.380683197e-04
0.645028	3.939105926e-04
0.650028	-2.180480858e-04
0.655028	-1.880961341e-03
0.660029	1.388912194e-03
0.665029	-1.610059483e-04
0.670029	-1.164947691e-03
0.675029	-5.498080403e-05
0.680029	8.339956329e-04
0.685030	5.904398754e-05
0.690030	4.420422907e-04
0.695030	5.570521753e-04
0.700030	2.790790439e-04
0.705030	-2.043805703e-03
0.710031	-1.431817304e-03
0.715031	2.822013682e-03
0.720031	4.421313938e-04
0.725031	-1.823755824e-03
0.730032	5.561561531e-04
0.735032	1.071903997e-04
0.740032	7.191787871e-04
0.745032	2.048136183e-03
0.750032	-2.043672122e-03
0.755033	-1.708671768e-03
0.760033	2.269111663e-06
0.765033	-9.346755614e-04
0.770033	2.298767695e-06
0.775033	8.342776331e-04
0.780034	-1.596645824e-04
0.785034	-1.126517926e-04
0.790034	6.613295736e-04
0.795034	1.217320360e-03
0.800035	-1.325554915e-03
0.805035	-6.005714366e-04
0.810035	1.273362379e-03
0.815035	-6.095414277e-04
0.820035	2.224374194e-04
0.825036	2.488354286e-03
0.830036	-1.154473458e-03
0.835036	-2.263410726e-03
0.840036	-1.114889387e-04
0.845037	-9.344385717e-04
0.850037	1.273480791e-03
0.855037	8.345145567e-04
0.860037	-1.603365281e-03
0.865037	2.225705851e-04
0.870038	5.095729661e-04
0.875038	-1.268335404e-03
0.880038	2.153531475e-03
0.885038	-2.753487629e-04
0.890038	-2.743340298e-04
0.895039	2.211573297e-03
0.900039	-8.772784217e-04
0.905039	-5.522776989e-04
0.910039	-7.142559299e-04
0.915040	-4.372531371e-04
0.920040	-3.322429127e-04
0.925040	-2.377139766e-03
0.930040	-2.205132442e-03
0.935040	2.822664999e-03
0.940041	1.761725610e-03
0.945041	-2.817061731e-03
0.950041	1.388771230e-03
0.955041	2.936719070e-03
0.960041	-1.153089413e-03
0.965042	-1.879043294e-03
0.970042	1.378830631e-03
0.975042	-1.600881158e-04
0.980042	-1.603011014e-03
0.985043	1.216881834e-03
0.990043	1.886867605e-03
0.995043	-3.890192987e-04
1.000043	-1.593952494e-03
1.005043	7.869593182e-04
1.010044	-1.689846443e-04
1.015044	-9.429364755e-04
1.020044	1.216984881e-03
1.025044	8.920136384e-04
1.030045	1.055021301e-03
1.035045	8.250459477e-04
1.040045	-1.431841800e-03
1.045045	-5.998630596e-04
1.050045	3.125575832e-06
1.055046	-1.152809766e-03
1.060046	-2.738330650e-04
1.065046	2.049081223e-03
1.070046	1.877103343e-03
1.075046	-1.117960064e-04
1.080047	-9.907433340e-04
1.085047	-2.167621083e-04
1.090047	-4.475486649e-05
1.095047	-1.687348341e-04
1.100048	-6.087011466e-04
1.105048	-7.716794342e-04
1.110048	1.275246757e-03
1.115048	-1.016790657e-04
1.120048	1.828252177e-03
1.125049	1.887264283e-03
1.130049	-3.370493808e-03
1.135049	-1.822546064e-03
1.140049	7.203586732e-04
1.145049	1.494339865e-03
1.150050	-5.985550322e-04
1.155050	-1.487501970e-03
1.160050	4.424292496e-04
1.165050	8.824248654e-04
1.170051	4.434584693e-04
1.175051	4.534726640e-04
1.180051	-2.164837540e-04
1.185051	-1.717404259e-03
1.190051	-3.784475133e-04
1.195052	2.235410828e-04
1.200052	3.285511565e-04
1.205052	1.332522372e-03
1.210052	-8.183700545e-04
1.215053	-2.173814274e-04
1.220053	-1.683689456e-04
1.225053	1.218585704e-03
1.230053	6.146264026e-04
1.235053	-2.539222689e-03
1.240054	-9.422771251e-04
1.245054	2.236870635e-04
1.250054	3.597555817e-03
1.255054	-3.792577157e-04
1.260054	-3.360114300e-03
1.265055	1.437692898e-03
1.270055	2.154676477e-03
1.275055	-9.901730289e-04
1.280055	-1.048155960e-03
1.285056	2.985684245e-03
1.290056	1.055782217e-03
1.295056	-2.816035880e-03
1.300056	-1.823064250e-03
1.305056	3.388568518e-04
1.310057	1.768783956e-04
1.315057	1.829821490e-03
1.320057	8.828769557e-04
1.325057	-1.545003572e-03
1.330057	-2.730440204e-04
1.335058	1.829879612e-03
1.340058	-1.591957965e-03
1.345058	-2.652897589e-03
1.350058	6.629736057e-04
1.355059	2.810046277e-04
1.360059	7.210001188e-04
1.365059	1.886964228e-03
1.370059	9.980171528e-04
1.375059	-7.118944418e-04
1.380060	-5.498869492e-04
1.385060	-6.088699082e-04
1.390060	4.530986786e-04
1.395060	-9.898244699e-04
1.400061	-1.439790540e-03
1.405061	1.671544807e-04
1.410061	-3.778074907e-04
1.415061	5.011689879e-04
1.420061	5.591809471e-04
1.425062	7.211884078e-04
1.430062	1.658162369e-03
1.435062	-1.257697144e-03
1.440062	-4.927157564e-04
1.445062	5.012557301e-04
1.450063	-2.736963294e-04
1.455063	2.712945559e-04
1.460063	-4.926579865e-04
1.465063	-8.746270428e-04
1.470064	1.183444685e-04
1.475064	2.050275392e-03
1.480064	6.173517493e-04
1.485064	-9.325668401e-04
1.490064	2.431302180e-03
1.495065	-5.357600570e-05
1.500065	-2.929437296e-03
1.505065	1.381390783e-03
1.510065	3.964477548e-04
1.515065	-4.526325073e-03
1.520066	-1.162456076e-03
1.525066	2.547397962e-03
1.530066	7.794887609e-04
1.535066	1.195316669e-04
1.540067	-4.354299692e-04
1.545067	-1.104296434e-04
1.550067	-8.273842855e-04
1.555067	2.222498256e-03
1.560067	4.608480257e-06
1.565068	1.666158353e-04
1.570068	-8.743248189e-04
1.575068	-1.438286093e-03
1.580068	1.830586963e-03
1.585069	-1.583127302e-04
1.590069	-1.103004679e-04
1.595069	-2.722791332e-04
1.600069	4.723223555e-06
1.605069	-8.742244605e-04
1.610070	-8.272121710e-04
1.615070	1.275711252e-03
1.620070	-2.142100359e-04
1.625070	-6.071787416e-04
1.630070	2.002722757e-03
1.635071	1.668164104e-04
1.640071	-2.767042483e-03
1.645071	9.518110705e-04
1.650071	1.552799383e-03
1.655072	4.880572414e-06
1.660072	-3.200911012e-04
1.665072	-1.570838707e-04
1.670072	-4.440571950e-04
1.675072	-6.650333762e-04
1.680073	3.969349862e-04
1.685073	-1.427971877e-03
1.690073	1.160930478e-03
1.695073	-4.919838274e-04
1.700073	1.553941989e-03
1.705074	1.380963707e-03
1.710074	-1.045917158e-03
1.715074	1.935968190e-03
1.720074	-7.699006258e-04
1.725075	-6.538914151e-04
1.730075	1.190893952e-04
1.735075	2.820965658e-04
1.740075	-6.058508428e-04
1.745075	-1.104815069e-03
1.750076	1.277096182e-03
1.755076	-1.150784680e-03
1.760076	-7.127894171e-04
1.765076	1.114145808e-03
1.770077	1.716133974e-03
1.775077	-9.417369652e-04
1.780077	-2.919637299e-03
1.785077	-6.537210655e-04
1.790077	1.994178653e-03
1.795078	2.386175873e-03
1.800078	-4.926855368e-04
1.805078	-3.876759216e-04
1.810078	-8.836403353e-04
1.815078	2.253258771e-04
1.820079	4.553300761e-04
1.825079	-5.966103205e-04
1.830079	3.150241862e-03
1.835079	2.098301456e-03
1.840080	-2.977465034e-03
1.845080	-2.087489384e-03
1.850080	-1.705491782e-03
1.855080	-4.915301444e-04
1.860080	2.711345522e-03
1.865081	1.162426569e-03
1.870081	-1.104461356e-03
1.875081	-8.264592822e-04
1.880081	1.449456431e-03
1.885081	-2.144575699e-04
1.890082	5.546996096e-06
1.895082	5.595371216e-04
1.900082	-1.543357920e-03
1.905082	4.455701743e-04
1.910083	5.603247032e-06
1.915083	-3.193686554e-04
1.920083	1.000588339e-03
1.925083	1.659573898e-03
1.930083	-9.892975740e-04
1.935084	-2.699209635e-03
1.940084	8.386514766e-04
1.945084	2.490594098e-03
1.950084	-1.672770046e-04
1.955085	-3.762539594e-04
1.960085	-1.208203993e-03
1.965085	-2.767122609e-03
1.970085	-1.562214613e-04
1.975085	2.548675619e-03
1.980086	4.447805429e-04
1.985086	-2.259088606e-03
1.990086	7.227964874e-04
1.995086	2.108750556e-03
2.000086	5.855416835e-06
2.005087	-1.208078151e-03
2.010087	-8.730786720e-04
2.015087	5.598733450e-04
2.020087	8.278757093e-04
2.025088	7.708921153e-04
2.030088	1.773862702e-03
2.035088	-3.760304409e-04
2.040088	-1.254978523e-03
2.045088	-7.119880695e-04
2.050089	-8.259692254e-04
2.055089	1.057963258e-03
2.060089	1.047977597e-03
2.065089	1.104989035e-03
2.070089	1.286995065e-03
2.075090	5.610403350e-04
2.080090	-2.316821389e-03
2.085090	-1.312850902e-03
2.090090	2.830939929e-04
2.095091	-1.991793809e-03
2.100091	-5.186379259e-05
2.105091	8.941091804e-04
2.110091	-5.478146405e-04
2.115091	-1.159774340e-03
2.120092	-2.138013827e-04
2.125092	1.555135999e-03
2.130092	1.163166775e-03
2.135092	5.612066218e-04
2.140092	-2.137460592e-04
2.145093	-6.057152991e-04
2.150093	-1.704653987e-03
2.155093	-1.150664125e-03
2.160093	1.554232764e-03
2.165094	2.941186613e-03
2.170094	-5.476487986e-04
2.175094	-2.269560587e-03
2.180094	4.463358051e-04
2.185094	1.058323128e-03
2.190095	-1.981531711e-03
2.195095	-3.473453462e-03
2.200095	2.328309529e-03
2.205095	2.434318700e-03
2.210096	4.474183266e-04
2.215096	5.044296046e-04
2.220096	-4.345160750e-04
2.225096	-2.087430900e-03
2.230096	-1.876426295e-03
2.235097	1.694989946e-04
2.240097	3.985028110e-04
2.245097	3.405190261e-04
2.250097	3.895306110e-04
2.255097	1.220508392e-03
2.260098	1.172524158e-03
2.265098	-1.102363829e-03
2.270098	-2.488290245e-03
2.275098	1.498551109e-03
2.280099	2.664514382e-03
2.285099	-8.733190392e-04
2.290099	-1.485278930e-03
2.295099	-9.872868024e-04
2.300099	-6.052896665e-04
2.305100	1.696904779e-04
2.310100	5.036896770e-04
2.315100	1.000681825e-03
2.320100	-1.866180637e-03
2.325100	-9.872050108e-04
2.330101	3.868598721e-03
2.335101	2.711662333e-03
2.340101	-1.485142669e-03
2.345101	-2.201098128e-03
2.350102	-1.254125470e-03
2.355102	1.507768737e-03
2.360102	2.156754264e-03
2.365102	-8.831007739e-04
2.370102	-1.981039752e-03
2.375103	-6.040857080e-04
2.380103	2.492793991e-03
2.385103	6.758860704e-04
2.390103	-9.880284686e-04
2.395104	-1.322000497e-03
2.400104	2.269460836e-04
2.405104	7.239381267e-04
2.410104	2.269731254e-04
2.415104	1.450933735e-03
2.420105	-1.321932908e-03
2.425105	-2.210880985e-03
2.430105	1.555969697e-03
2.435105	2.769930714e-03
2.440105	-1.865855432e-03
2.445106	-5.378993533e-04
2.450106	1.603021581e-03
2.455106	-2.325795141e-03
2.460106	-7.098515281e-04
2.465107	1.393071030e-03
2.470107	1.556077431e-03
2.475107	5.611338747e-04
2.480107	-3.748122373e-04
2.485107	-1.483750878e-03
2.490108	-1.933718008e-03
2.495108	2.493104068e-03
2.500108	-4.897535953e-04
2.505108	-1.598692261e-03
2.510108	1.832172845e-03
2.515109	7.242341236e-04
2.520109	-1.206669033e-03
2.525109	-2.143615158e-03
2.530109	3.382159376e-03
2.535110	6.092925922e-04
2.540110	-3.701507724e-03
2.545110	2.779225515e-03
2.550110	1.278303736e-03
2.555110	-8.235920742e-04
2.560111	-3.745981465e-04
2.565111	-1.703527379e-03
2.570111	-1.645805742e-04
2.575111	-1.599505237e-03
2.580112	-8.245254251e-04
2.585112	3.487301509e-03
2.590112	1.508400339e-03
2.595112	-1.760445083e-03
2.600112	7.824582894e-04
2.605113	2.215409631e-03
2.610113	-1.771404778e-03
2.615113	-1.092420861e-03
2.620113	2.053456424e-03
2.625113	1.776481647e-03
2.630114	-4.324096342e-04
2.635114	-1.923331954e-03
2.640114	-1.263347248e-03
2.645114	6.675825172e-04
2.650115	-6.523472129e-04
2.655115	4.476184562e-04
2.660115	7.246196894e-04
2.665115	-2.421231139e-03
2.670115	1.833598149e-03
2.675116	1.441628277e-03
2.680116	-1.483232123e-03
2.685116	-8.712454015e-04
2.690116	5.617058291e-04
2.695116	1.546676416e-03
2.700117	-1.540177009e-03
2.705117	-2.038142338e-03
2.710117	5.047608905e-04
2.715117	6.479304049e-05
2.720118	3.317946267e-04
2.725118	-9.717371204e-05
2.730118	3.998179200e-04
2.735118	5.628239812e-04
2.740118	-1.483074490e-03
2.745119	2.435769221e-03
2.750119	3.908706932e-04
2.755119	-1.378039770e-03
2.760119	1.890832014e-03
2.765120	-2.085983031e-03
2.770120	-7.670269807e-04
2.775120	2.885828186e-03
2.780120	1.556898672e-03
2.785120	-1.215968439e-03
2.790121	-8.229723926e-04
2.795121	-1.425933306e-03
2.800121	-3.414834321e-03
2.805121	4.480117279e-04
2.810121	3.602888371e-03
2.815122	2.273958808e-03
2.820122	-1.655858343e-03
2.825122	-2.697800323e-03
2.830122	8.870577067e-04
2.835123	1.002065706e-03
2.840123	4.001046880e-04
2.845123	-1.262810480e-03
2.850123	-4.308334905e-04
2.855123	2.053072091e-03
2.860124	-1.262771654e-03
2.865124	-1.042768234e-03
2.870124	2.111108369e-03
2.875124	-6.507593415e-04
2.880124	-1.932691025e-03
2.885125	5.622140387e-04
2.890125	1.702438743e-04
2.895125	3.902472516e-04
2.900125	1.174226245e-03
2.905126	-9.276700327e-04
2.910126	-1.042652198e-03
2.915126	-2.037596335e-03
2.920126	-1.368612399e-03
2.925126	2.656226480e-03
2.930127	8.353765151e-06
2.935127	-3.266189268e-04
2.940127	5.543558177e-04
2.945127	-5.935817500e-04
2.950128	-5.945688992e-04
2.955128	1.002374878e-03
2.960128	2.216335201e-03
2.965128	-9.655204339e-05
2.970128	1.134516591e-04
2.975129	-3.835140886e-04
2.980129	-7.554852461e-04
2.985129	7.824610374e-04
2.990129	3.904907298e-04
2.995129	1.715129378e-04
3.000130	1.235277477e-04
3.005130	-3.744380004e-04
3.010130	5.655609217e-05
3.015130	-6.024027119e-04
3.020131	-1.544093688e-04
3.025131	7.825628320e-04
3.030131	-5.453670794e-04
3.035131	5.056001796e-04
3.040131	1.442572358e-03
3.045132	9.456065083e-04
3.050132	-3.743237783e-04
3.055132	-3.242187167e-03
3.060132	3.436704906e-04
3.065132	1.500633124e-03
3.070133	-1.702215808e-03
3.075133	-4.827467020e-05
3.080133	3.337214367e-04
3.085133	-6.032254555e-04
3.090134	1.834681774e-03
3.095134	6.577082697e-05
3.100134	-1.540147173e-03
3.105134	1.882717462e-03
3.110134	1.395751083e-03
3.115135	9.547827080e-04
3.120135	-1.263108871e-03
3.125135	-1.817072377e-03
3.130135	5.528377319e-04
3.135136	1.223821265e-03
3.140136	1.238813352e-04
3.145136	-7.090701425e-04
3.150136	9.458708389e-04
3.155136	-2.680641869e-04
3.160137	-2.100541972e-04
3.165137	-5.930251547e-04
3.170137	-1.874957264e-03
3.175137	-3.830092762e-04
3.180137	-1.309956745e-03
3.185138	5.629747610e-04
3.190138	1.939927697e-03
3.195138	-2.255878506e-03
3.200138	-9.279234682e-04
3.205139	1.442986483e-03
3.210139	6.690323552e-04
3.215139	1.337015896e-03
3.220139	8.970473170e-04
3.225139	-9.848589450e-04
3.230140	-4.788705432e-05
3.235140	1.338065422e-03
3.240140	-9.848218025e-04
3.245140	1.328090593e-03
3.250140	1.673088039e-03
3.255141	-2.915701271e-03
3.260141	-6.037888557e-04
3.265141	4.491779667e-04
3.270141	-6.017642822e-04
3.275142	5.062001473e-04
3.280142	1.778157481e-03
3.285142	9.462057428e-04
3.290142	-1.587672441e-03
3.295142	-3.737126247e-04
3.300143	-8.226809399e-04
3.305143	8.412594114e-04
3.310143	1.663236147e-03
3.315143	2.293103801e-04
3.320143	4.493131184e-04
3.325144	6.683158919e-04
3.330144	-2.084552890e-03
3.335144	-5.346076597e-04
3.340144	3.212242607e-03
3.345145	-6.595778354e-04
3.350145	-2.685825359e-04
3.355145	-4.857985372e-05
3.360145	-2.255472283e-03
3.365145	-1.261503069e-03
3.370146	9.464136656e-04
3.375146	-8.704956437e-04
3.380146	-2.744402497e-03
3.385146	2.218395140e-03
3.390147	2.935376285e-03
3.395147	-1.147435118e-03
3.400147	-7.654395108e-04
3.405147	-1.042415429e-03
3.410147	-1.203396369e-03
3.415148	1.725562530e-04
3.420148	1.777498969e-03
3.425148	1.223534990e-03
3.430148	-7.073694813e-04
3.435148	7.265806008e-04
3.440149	-1.156325962e-03
3.445149	1.232582828e-03
3.450149	1.118599791e-03
3.455149	-2.255242354e-03
3.460150	-1.214275327e-03
3.465150	1.997597859e-03
3.470150	2.609583411e-03
3.475150	-1.262237244e-03
3.480150	-1.261225301e-03
3.485151	2.877197286e-04
3.490151	2.287342484e-04
3.495151	-1.816165404e-03
3.500151	6.776512155e-05
3.505151	1.385720101e-03
3.510152	-2.101989819e-04
3.515152	2.397934968e-04
3.520152	-5.441606984e-04
3.525152	2.778156854e-04
3.530153	1.818317375e-04
3.535153	1.395791162e-03
3.540153	1.281807975e-03
3.545153	-1.644053683e-03
3.550153	-1.979027335e-03
3.555154	-7.640679876e-04
3.560154	2.768988718e-04
3.565154	-1.204025274e-03
3.570154	8.988956676e-04
3.575155	1.328888909e-03
3.580155	5.649337485e-04
3.585155	8.989311226e-04
3.590155	-2.924891800e-03
3.595155	-9.369659300e-04
3.600156	1.997919001e-03
3.605156	-8.689453091e-04
3.610156	-1.088924033e-03
3.615156	2.055951796e-03
3.620156	1.663980488e-03
3.625157	-1.049313129e-04
3.630157	6.220489983e-04
3.635157	5.650631861e-04
3.640157	-1.618936769e-04
3.645158	-5.448654164e-04
3.650158	2.008035939e-03
3.655158	1.004091022e-03
3.660158	-2.313753890e-03
3.665158	1.176106942e-03
3.670159	1.445106979e-03
3.675159	-1.709745005e-03
3.680159	-2.695690743e-03
3.685159	5.641799948e-04
3.690159	3.490065159e-03
3.695160	-1.203720342e-03
3.700160	-3.966589312e-03
3.705160	-1.527425533e-04
3.710160	2.276164057e-03
3.715161	8.332380097e-04
3.720161	-2.255616905e-03
3.725161	4.592773179e-04
3.730161	2.056219853e-03
3.735161	-1.433617757e-03
3.740162	-2.676566111e-04
3.745162	1.836263984e-03
3.750162	-4.286265971e-04
3.755162	-1.202581630e-03
3.760163	-2.666105788e-04
3.765163	4.493699718e-04
3.770163	-1.595530154e-03
3.775163	-6.495595617e-04
3.780163	5.074019018e-04
3.785164	-2.588452825e-03
3.790164	1.558379390e-03
3.795164	3.327314376e-03
3.800164	-5.435068821e-04
3.805164	5.074591183e-04
3.810165	-9.450344634e-05
3.815165	-2.664846049e-04
3.820165	2.305053129e-04
3.825165	-7.064427997e-04
3.830166	-1.044574381e-04
3.835166	-8.214150773e-04
3.840166	-9.263991766e-04
3.845166	8.995332557e-04
3.850166	1.721509073e-03
3.855167	-1.203353171e-03
3.860167	-6.483658324e-04
3.865167	-1.318325557e-03
3.870167	5.762627921e-05
3.875167	3.926230993e-04
3.880168	-4.863276196e-04
3.885168	3.605506802e-03
3.890168	1.067345240e-05
3.895168	-1.643243798e-03
3.900169	1.062650500e-03
3.905169	2.886951976e-04
3.910169	-1.643210065e-03
3.915169	-4.392508763e-04
3.920169	1.836661970e-03
3.925170	-8.112123735e-04
3.930170	-4.723419570e-05
3.935170	1.157699486e-04
3.940170	1.078566696e-05
3.945171	2.275698943e-03
3.950171	-3.801751011e-04
3.955171	-2.081713827e-04
3.960171	5.078088144e-04
3.965171	-1.863077575e-03
3.970172	-4.291284291e-04
3.975172	-3.811193883e-04
3.980172	5.648508309e-04
3.985172	3.458713931e-04
3.990172	1.559830011e-03
3.995173	6.128820188e-04
4.000173	-3.142944575e-03
4.005173	4.029132236e-04
4.010173	1.176890821e-03
4.015174	-1.097999811e-03
4.020174	5.559397333e-04
4.025174	-7.059946999e-04
4.030174	-1.747938651e-03
4.035174	-4.600120958e-05
4.040175	1.386947849e-03
4.045175	3.450038695e-04
4.050175	-9.249302649e-04
4.055175	-1.259904820e-03
4.060175	7.850177494e-04
4.065176	1.282007215e-03
4.070176	2.880611143e-04
4.075176	6.710554886e-04
4.080176	1.109493273e-05
4.085177	-1.202841688e-03
4.090177	-1.038782885e-04
4.095177	-8.688343347e-04
4.100177	-9.248210339e-04
4.105177	6.711208566e-04
4.110178	-8.208037966e-04
4.115178	6.816863189e-05
4.120178	1.120134006e-03
4.125178	2.891807551e-04
4.130179	-2.087868978e-04
4.135179	3.050083059e-03
4.140179	5.082037304e-04
4.145179	-3.027632646e-03
4.150179	-1.212700307e-03
4.155180	6.132315466e-04
4.160180	6.232418799e-04
4.165180	4.032621444e-04
4.170180	1.675217914e-03
4.175180	-2.312598985e-03
4.180181	-3.236742242e-04
4.185181	2.220226539e-03
4.190181	-2.091576385e-03
4.195181	1.833359857e-04
4.200182	1.559287202e-03
4.205182	-9.825922521e-04
4.210182	-1.259569611e-03
4.215182	8.333505868e-04
4.220182	1.168346757e-03
4.225183	6.840493974e-05
4.230183	1.254131060e-04
4.235183	-4.556888311e-05
4.240183	-1.025558092e-04
4.245183	-9.825071743e-04
4.250184	6.845799139e-05
4.255184	5.084495552e-04
4.260184	4.514625900e-04
4.265184	1.942408709e-03
4.270185	-5.904712611e-04
4.275185	-1.747410713e-03
4.280185	-1.614687292e-04
4.285185	1.827455827e-03
4.290185	1.503480342e-03
4.295186	-2.473337266e-03
4.300186	-2.636319729e-03
4.305186	1.339518908e-03
4.310186	2.114495884e-03
4.315187	2.885852681e-04
4.320187	2.895956777e-04
4.325187	-4.537940043e-05
4.330187	6.862610536e-05
4.335187	4.516199748e-04
4.340188	-1.489285721e-03
4.345188	-1.202287722e-03
4.350188	8.426342848e-04
4.355188	1.168630578e-03
4.360188	8.436549979e-04
4.365189	-4.862771552e-04
4.370189	5.086901933e-04
4.375189	-5.902519639e-04
4.380189	-2.652556775e-04
4.385190	2.602630688e-03
4.390190	-2.082375049e-04
4.395190	2.987508852e-04
4.400190	5.977150798e-05
4.405190	-1.766139288e-03
4.410191	5.087726576e-04
4.415191	-1.537128650e-03
4.420191	-1.527118829e-03
4.425191	-1.981660272e-04
4.430191	-4.616236432e-05
4.435192	2.324745381e-03
4.440192	-1.201092010e-03
4.445192	-1.861053282e-03
4.450192	3.987704112e-03
4.455193	3.358721358e-04
4.460193	-1.422041710e-03
4.465193	6.990396564e-05
4.470193	-5.420594319e-04
4.475193	5.089052841e-04
4.480194	-8.200271445e-04
4.485194	1.235894114e-03
4.490194	1.455894716e-03
4.495194	-1.985946418e-03
4.500195	-1.871941255e-03
4.505195	1.282932463e-03
4.510195	-4.500006970e-05
4.515195	1.200752603e-05
4.520195	-1.871900997e-03
4.525196	-3.129583394e-04
4.530196	2.392934734e-03
4.535196	3.370336138e-04
4.540196	1.226005198e-03
4.545196	1.952983774e-03
4.550197	-7.618888937e-04
4.555197	-3.304769006e-03
4.560197	4.040806544e-04
4.565197	1.828029064e-03
4.570198	-8.198465411e-04
4.575198	-3.128585185e-04
4.580198	9.590964299e-04
4.585198	1.226094805e-03
4.590198	7.191266222e-04
4.595199	-1.143782963e-03
4.600199	-1.584754019e-03
4.605199	-9.827701650e-04
4.610199	-1.869721965e-03
4.615199	3.941900352e-04
4.620200	1.894135046e-03
4.625200	6.922375547e-05
4.630200	-7.617305069e-04
4.635200	-5.987277413e-04
4.640201	1.283200717e-03
4.645201	2.058177011e-03
4.650201	-3.797078376e-04
4.655201	-3.687555094e-03
4.660201	1.842873128e-04
4.665202	1.503240052e-03
4.670202	7.302831991e-04
4.675202	6.722954326e-04
4.680202	-1.641594838e-03
4.685202	-8.666186289e-04
4.690203	-4.464446139e-05
4.695203	-2.311536795e-03
4.700203	7.863389805e-04
4.705203	2.890257707e-03
4.710204	2.048303752e-03
4.715204	7.293704023e-04
4.720204	-1.861507981e-03
4.725204	1.006377683e-03
4.730204	7.873967583e-04
4.735205	-1.975474223e-03
4.740205	-1.259495580e-03
4.745205	-1.488476104e-03
4.750205	1.274636190e-04
4.755206	2.612365772e-03
4.760206	2.324781844e-04
4.765206	1.274922583e-04
4.770206	-2.865368857e-03
4.775206	-2.750364313e-03
4.780207	1.446463793e-03
4.785207	1.943451806e-03
4.790207	1.733470364e-03
4.795207	-1.583376801e-03
4.800207	-1.594288864e-04
4.805208	-1.096378938e-03
4.810208	-7.613839780e-04
4.815208	5.594350739e-03
4.820208	2.115510522e-03
4.825209	-9.233487228e-04
4.830209	-4.843583005e-04
4.835209	-1.593629617e-04
4.840209	1.226586509e-03
4.845209	-2.970222729e-03
4.850210	-1.699268310e-03
4.855210	1.121619106e-03
4.860210	-5.412996861e-04
4.865210	3.946691799e-04
4.870210	5.096735192e-04
4.875211	-1.038250276e-03
4.880211	-1.316228973e-03
4.885211	1.340665467e-03
4.890211	2.427221896e-04
4.895212	-9.232181595e-04
4.900212	-9.332084828e-04
4.905212	7.287289178e-04
4.910212	7.287381405e-04
4.915212	1.007735294e-03
4.920213	-2.542009607e-04
4.925213	-1.651131391e-03
4.930213	1.331748860e-03
4.935213	4.047980938e-04
4.940214	1.268192663e-04
4.945214	3.958167860e-04
4.950214	-9.231170705e-04
4.955214	-1.526081884e-03
4.960214	1.723786761e-03
4.965215	1.748628127e-04
4.970215	-1.536054145e-03
4.975215	2.908759705e-04
4.980215	3.958805015e-04
4.985215	-1.600864096e-04
4.990216	-8.670468053e-04
4.995216	1.178873801e-03
5.000216	4.529142044e-04
5.005216	-1.649985888e-03
5.010217	5.099297577e-04
5.015217	2.613847813e-03
5.020217	1.398909307e-03
5.025217	-2.090930883e-03
5.030217	-1.477948418e-03
5.035218	-8.659659220e-04
5.040218	-6.559660619e-04
5.045218	1.388954477e-03
5.050218	6.819939481e-04
5.055218	-8.659302431e-04
5.060219	4.520216838e-04
5.065219	-8.179145451e-04
5.070219	-4.259226180e-04
5.075219	5.670433221e-04
5.080220	1.275021569e-03
5.085220	2.393982041e-03
5.090220	-2.538946854e-04
5.095220	-2.168874708e-04
5.100220	-2.648765937e-04
5.105221	1.281152118e-04
5.110221	-1.927787146e-03
5.115221	-1.478797783e-03
5.120221	1.619077076e-03
5.125222	1.284100301e-03
5.130222	-1.592766617e-03
5.135222	-5.408033615e-04
5.140222	1.782104949e-03
5.145222	1.399130204e-03
5.150223	8.451628385e-04
5.155223	-7.607590700e-04
5.160223	-1.315726415e-03
5.165223	-1.095727267e-03
5.170223	1.122185514e-03
5.175224	-1.037712496e-03
5.180224	-2.194653867e-03
5.185224	2.890134966e-03
5.190224	-1.597246106e-04
5.195225	-1.974637577e-03
5.200225	-2.537033826e-04
5.205225	1.447231664e-03
5.210225	9.502616993e-04
5.215225	-1.038643792e-03
5.220226	9.492788169e-04
5.225226	1.447265813e-03
5.230226	7.883028042e-04
5.235226	-1.420593224e-03
5.240226	7.035081992e-05
5.245227	2.903497858e-04
5.250227	-2.691512867e-03
5.255227	-5.405973830e-04
5.260227	6.153610939e-04
5.265228	3.941225770e-03
5.270228	2.116313066e-03
5.275228	-3.083453780e-03
5.280228	-1.315521800e-03
5.285228	1.008386137e-03
5.290229	-4.356002300e-05
5.295229	-5.985276755e-04
5.300229	7.045175821e-05
5.305229	-2.080446937e-03
5.310230	-5.985026647e-04
5.315230	3.053347807e-03
5.320230	1.179437105e-03
5.325230	-1.812425287e-03
5.330230	-1.419433994e-03
5.335231	-4.254686876e-04
5.340231	8.354850672e-04
5.345231	-1.478406675e-03
5.350231	2.059448643e-03
5.355231	7.785122301e-04
5.360232	-2.472339049e-03
5.365232	7.975278173e-04
5.370232	-4.342764720e-05
5.375232	6.155520455e-04
5.380233	-3.113997252e-04
5.385233	-8.753671967e-04
5.390233	8.925645292e-04
5.395233	-3.438727635e-05
5.400233	9.505782682e-04
5.405234	6.162479699e-05
5.410234	-1.420303056e-03
5.415234	7.406116260e-04
5.420234	4.536321009e-04
5.425234	1.447597198e-03
5.430235	-9.802898145e-04
5.435235	-2.806202858e-03
5.440235	3.110549428e-03
5.445235	2.670576458e-03
5.450236	-2.032212275e-03
5.455236	-2.146199359e-03
5.460236	-8.172488222e-04
5.465236	2.907112543e-04
5.470236	-1.860187824e-03
5.475237	-1.363201363e-03
5.480237	1.055702016e-03
5.485237	-1.477180588e-03
5.490237	8.457269168e-04
5.495238	2.604658786e-03
5.500238	-1.478156860e-03
5.505238	-1.143163468e-03
5.510238	-2.308105256e-03
5.515238	1.380223243e-05
5.520239	3.827645224e-03
5.525239	-1.315124667e-03
5.530239	-1.201121782e-03
5.535239	-1.037121070e-03
5.540239	-1.591089337e-03
5.545240	1.399789166e-03
5.550240	2.393753969e-03
5.555240	-4.261163948e-04
5.560240	-2.089036777e-03
5.565241	-8.170840249e-04
5.570241	-1.201059711e-03
5.575241	2.392792659e-03
5.580241	5.688791878e-04
5.585241	-9.320482559e-04
5.590242	2.671803646e-03
5.595242	7.308951959e-04
5.600242	-2.203970305e-03
5.605242	-1.916975075e-03
5.610242	1.446887152e-03
5.615243	4.539376811e-04
5.620243	-4.250167293e-04
5.625243	-6.449996342e-04
5.630243	-2.088929649e-03
5.635244	1.759800188e-04
5.640244	-8.659673945e-04
5.645244	-2.059883815e-04
5.650244	3.489951577e-04
5.655244	-5.889567864e-04
5.660245	-9.319344589e-04
5.665245	-3.024836507e-03
5.670245	1.280346967e-04
5.675245	-4.359334600e-04
5.680246	-1.534878505e-03
5.685246	1.667990501e-03
5.690246	1.506004934e-03
5.695246	6.260503867e-04
5.700246	-1.477851270e-03
5.705247	-1.754831903e-03
5.710247	8.940609875e-04
5.715247	1.898024964e-03
5.720247	1.871062737e-04
5.725247	-1.754802445e-03
5.730248	7.112596815e-05
5.735248	-1.478572442e-04
5.740248	1.505078622e-03
5.745248	1.610081382e-03
5.750249	-1.811763430e-03
5.755249	5.691409348e-04
5.760249	2.720055229e-03
5.765249	-1.534753617e-03
5.770249	-3.083679430e-03
5.775250	1.505129455e-03
5.780250	3.011887060e-04
5.785250	-3.197772527e-04
5.790250	5.111940198e-04
5.795250	-8.077417950e-04
5.800251	1.192253040e-04
5.805251	1.170187032e-03
5.810251	-9.797129033e-04
5.815251	-7.597152836e-04
5.820252	-7.027106312e-04
5.825252	-7.027035273e-04
5.830252	3.551119703e-03
5.835252	1.505215212e-03
5.840252	-2.470605874e-03
5.845253	1.429377685e-05
5.850253	-4.269671673e-05
5.855253	9.032694270e-04
5.860253	1.285259935e-03
5.865254	-8.746397019e-04
5.870254	-4.256521141e-04
5.875254	-1.811585228e-03
5.880254	-1.811578259e-03
5.885254	5.123282530e-04
5.890255	-9.226027803e-04
5.895255	2.433537569e-04
5.900255	1.725296624e-03
5.905255	-8.175865575e-04
5.910255	-3.742453241e-03
5.915256	-1.476017362e-04
5.920256	2.825276639e-03
5.925256	-7.125635864e-04
5.930256	-1.476523719e-03
5.935257	-4.257886364e-05
5.940257	5.684015503e-04
5.945257	6.264058531e-04
5.950257	-1.037515430e-03
5.955257	1.285390953e-03
5.960258	1.445265888e-05
5.965258	-1.868459196e-03
5.970258	1.446616689e-05
5.975258	-1.419465119e-03
5.980258	2.924676101e-04
5.985259	-3.684971103e-04
5.990259	-4.254879484e-04
5.995259	-7.594668267e-04
6.000259	-9.048906786e-05
6.005260	-8.164510284e-04
6.010260	-1.266424930e-03
6.015260	4.105349524e-03
6.020260	1.400473060e-03
6.025260	-4.076283608e-03
6.030261	-4.824323446e-04
6.035261	1.447490826e-03
6.040261	-7.594072116e-04
6.045261	1.009522892e-03
6.050261	1.888491451e-03
6.055262	-1.085373474e-03
6.060262	5.205636380e-04
6.065262	1.286537043e-03
6.070262	-1.573940470e-04
6.075263	4.545859888e-04
6.080263	-3.193740838e-04
6.085263	-9.233415164e-04
6.090263	-9.037106987e-05
6.095263	-7.113377928e-04
6.100264	3.486228177e-04
6.105264	-1.246301833e-03
6.110264	-1.209297033e-03
6.115264	2.776537076e-03
6.120265	1.458600415e-03
6.125265	-3.193163762e-04
6.130265	-2.308224061e-03
6.135265	-1.315260642e-03
6.140265	-1.534244853e-03
6.145266	-2.413200550e-03
6.150266	-9.222586929e-04
6.155266	1.611638072e-03
6.160266	2.777593951e-03
6.165266	-7.022493795e-04
6.170267	9.036874566e-04
6.175267	2.117641223e-03
6.180267	-1.533194754e-03
6.185267	-2.622434770e-04
6.190268	5.587272372e-04
6.195268	9.517164373e-04
6.200268	6.837341936e-04
6.205268	-1.142180725e-03
6.210268	-1.036179158e-03
6.215269	6.167555334e-04
6.220269	1.228735205e-03
6.225269	-1.304149207e-03
6.230269	8.947618482e-04
6.235269	1.390746495e-03
6.240270	-3.418584278e-05
6.245270	-1.361122429e-03
6.250270	-3.771589118e-04
6.255270	-8.161339037e-04
6.260271	-8.641258077e-04
6.265271	3.445693919e-03
6.270271	9.518077082e-04
6.275271	1.778471445e-04
6.280271	-2.528029929e-03
6.285272	-2.308033480e-03
6.290272	2.729754719e-03
6.295272	1.288730688e-04
6.300272	-7.690821991e-04
6.305273	1.726815829e-03
6.310273	1.066850249e-03
6.315273	-1.372038454e-03
6.320273	-1.247037987e-03
6.325273	1.735838941e-03
6.330274	2.767800181e-03
6.335274	-8.730366217e-04
6.340274	-1.743993158e-03
6.345274	1.199320831e-04
6.350274	1.228889944e-03
6.355275	5.209263236e-04
6.360275	-8.160101233e-04
6.365275	8.369241868e-04
6.370275	5.119439748e-04
6.375276	-7.019978266e-04
6.380276	8.939389086e-04
6.385276	6.839536879e-04
6.390276	9.039498694e-04
6.395276	-2.619940579e-04
6.400277	-2.249902470e-03
6.405277	-1.150944318e-03
6.410277	-4.259700148e-04
6.415277	-2.861859103e-03
6.420277	2.003936198e-03
6.425278	4.717824497e-03
6.430278	-1.475902206e-03
6.435278	-2.585848656e-03
6.440278	-9.995054154e-05
6.445279	9.530094958e-04
6.450279	1.735981190e-03
6.455279	-9.798958992e-04
6.460279	-1.569259596e-04
6.465279	-4.819064154e-04
6.470280	-2.805800486e-03
6.475280	4.640636538e-04
6.480280	2.395985610e-03
6.485280	4.550749474e-04
6.490281	1.509939748e-05
6.495281	1.401044913e-03
6.500281	-1.810810854e-03
6.505281	-1.972798458e-03
6.510281	-7.018480106e-04
6.515282	-1.568661975e-04
6.520282	-1.312810879e-03
6.525282	5.121155857e-04
6.530282	4.544946606e-03
6.535282	1.946064253e-03
6.540283	-1.197794557e-03
6.545283	-1.915758234e-03
6.550283	2.921516125e-04
6.555283	8.951308152e-04
6.560284	-2.527715988e-03
6.565284	-9.797776551e-04
6.570284	1.066139141e-03
6.575284	1.067144311e-03
6.580284	-7.587715682e-04
6.585285	-3.107857442e-04
6.590285	1.172155333e-03
6.595285	-6.537605846e-04
6.600285	5.691917043e-04
6.605285	4.552017664e-04
6.610286	3.502114265e-04
6.615286	1.344173574e-03
6.620286	7.223364671e-05
6.625286	5.692172488e-04
6.630287	-6.537248223e-04
6.635287	-4.817271994e-04
6.640287	1.009213402e-03
6.645287	-5.387146614e-04
6.650287	1.872589780e-04
6.655288	-4.237096094e-04
6.660288	-2.617116196e-04
6.665288	2.777162011e-03
6.670288	-1.867632263e-03
6.675289	-2.412603755e-03
6.680289	1.506231802e-03
6.685289	3.972846598e-04
6.690289	1.303011129e-04
6.695289	-8.968447841e-05
6.700290	-9.796411249e-04
6.705290	2.923087721e-04
6.710290	-8.736359716e-04
6.715290	7.802973889e-04
6.720290	1.842256323e-03
6.725291	-5.866338721e-04
6.730291	7.313139712e-04
6.735291	-1.753573830e-03
6.740291	-1.197593078e-03
6.745292	3.403452170e-04
6.750292	4.543450457e-04
6.755292	1.679296843e-03
6.760292	-2.030538078e-03
6.765292	-5.395978039e-04
6.770293	2.893258522e-03
6.775293	-1.256557421e-03
6.780293	7.238981552e-05
6.785293	2.453291571e-03
6.790293	-8.155624898e-04
6.795294	-1.092545880e-03
6.800294	1.066365431e-03
6.805294	-4.258202632e-05
6.810294	2.924080927e-04
6.815295	1.304196794e-04
6.820295	-2.642455898e-03
6.825295	-2.045567115e-04
6.830295	3.218299889e-03
6.835295	-1.093509211e-03
6.840296	-2.192457192e-03
6.845296	1.229399412e-03
6.850296	4.644369682e-04
6.855296	1.898379469e-03
6.860297	9.524248218e-04
6.865297	-2.364427362e-03
6.870297	-2.412420848e-03
6.875297	1.564411689e-03
6.880297	1.334426043e-03
6.885298	-4.814910677e-04
6.890298	4.554728211e-04
6.895298	1.946412752e-03
6.900298	7.249810833e-05
6.905298	-1.084447538e-03
6.910299	7.894757996e-04
6.915299	1.449451594e-03
6.920299	7.904843840e-04
6.925299	6.754936483e-04
6.930300	-1.093425613e-03
6.935300	7.252825849e-05
6.940300	-1.083417524e-03
6.945300	-1.140410820e-03
6.950300	1.611474464e-03
6.955301	-8.174163383e-04
6.960301	-5.864221214e-04
6.965301	6.855270894e-04
6.970301	1.287505245e-03
6.975301	-1.093387685e-03
6.980302	-8.173954665e-04
6.985302	1.067527197e-03
6.990302	-3.142118245e-05
6.995302	2.825693540e-04
7.000303	1.172534982e-03
7.005303	-1.141360924e-03
7.010303	-1.473998174e-04
7.015303	-5.383788636e-04
7.020303	6.359915870e-05
7.025304	1.841526340e-03
7.030304	1.783532861e-03
7.035304	-2.613747510e-04
7.040304	-1.752306321e-03
7.045305	9.045828159e-04
7.050305	9.045867770e-04
7.055305	-1.150320456e-03
7.060305	-2.145273517e-03
7.065305	1.238584145e-03
7.070306	6.276144602e-04
7.075306	-4.135273080e-05
7.080306	6.756201608e-04
7.085306	-2.919220593e-03
7.090306	4.646370022e-04
7.095307	2.118569356e-03
7.100307	3.976475662e-04
7.105307	-1.810253188e-03
7.110307	-7.582948558e-04
7.115308	1.622606023e-03
7.120308	2.356697438e-04
7.125308	5.126615321e-04
7.130308	-1.463062384e-04
7.135308	2.223595062e-03
7.140309	2.337593855e-03
7.145309	9.616570336e-04
7.150309	1.726627663e-03
7.155309	-1.562872722e-04
7.160309	-5.952646317e-04
7.165310	-9.212468886e-04
7.170310	5.126947725e-04
7.175310	4.557008623e-04
7.180310	-3.092624610e-04
7.185311	-1.141222902e-03
7.190311	-1.648197403e-03
7.195311	-1.427203382e-03
7.200311	7.907043129e-04
7.205311	1.898659970e-03
7.210312	2.357353782e-04
7.215312	2.347389401e-04
7.220312	-1.199195576e-03
7.225312	5.137338784e-04
7.230312	8.957208464e-04
7.235313	-1.256182678e-03
7.240313	1.019722403e-03
7.245313	1.459706824e-03
7.250313	-8.161913812e-04
7.255314	1.009733108e-03
7.260314	2.338679065e-03
7.265314	-9.781741872e-04
7.270314	-2.192118347e-03
7.275314	-1.265155056e-03
7.280315	2.257838457e-04
7.285315	1.344738812e-03
7.290315	-3.661839212e-04
7.295315	1.009759910e-03
7.300316	6.277797097e-04
7.305316	-1.524124003e-03
7.310316	-1.561798669e-04
7.315316	-2.701716908e-04
7.320316	1.735744844e-03
7.325317	3.227683580e-03
7.330317	1.218210321e-04
7.335317	-1.036125723e-03
7.340317	1.171782026e-03
7.345317	-5.381408984e-04
7.350318	1.878308775e-04
7.355318	2.997712568e-03
7.360318	-8.631174296e-04
7.365318	-1.972066384e-03
7.370319	-1.208096305e-03
7.375319	9.048154560e-04
7.380319	5.128354715e-04
7.385319	3.988434581e-04
7.390319	1.506798615e-03
7.395320	9.048276664e-04
7.400320	6.858401504e-04
7.405320	-4.811064057e-04
7.410320	1.334818097e-03
7.415320	1.778710813e-04
7.420321	-2.793997502e-03
7.425321	1.229831528e-03
7.430321	1.448825000e-03
7.435321	1.181839464e-03
7.440322	-3.660907203e-04
7.445322	-2.364001469e-03
7.450322	-7.680675661e-04
7.455322	-7.580651289e-04
7.460322	2.458943331e-04
7.465323	1.620837747e-03
7.470323	-4.240710382e-04
7.475323	-2.028998854e-03
7.480323	2.223820129e-03
7.485324	-1.560742173e-04
7.490324	-2.526968967e-03
7.495324	5.698999390e-04
7.500324	1.506862188e-03
7.505324	-1.418008658e-03
7.510325	3.989155297e-04
7.515325	1.622865334e-03
7.520325	2.349280165e-04
7.525325	-1.209006894e-03
7.530325	-1.693983267e-03
7.535326	5.139239535e-04
7.540326	3.169811797e-03
7.545326	2.175857383e-03
7.550326	-1.460396478e-04
7.555327	1.841877026e-03
7.560327	4.549395569e-04
7.565327	-9.779959379e-04
7.570327	-3.750194439e-04
7.575327	1.789591542e-04
7.580328	1.596872807e-05
7.585328	2.615858869e-03
7.590328	2.672858907e-03
7.595328	1.668904789e-03
7.600328	7.899452540e-04
7.605329	-1.311961435e-03
7.610329	2.359741058e-04
7.615329	1.515921216e-03
7.620329	5.129669864e-04
7.625330	4.569718127e-04
7.630330	5.709692777e-04
7.635330	2.359861353e-04
7.640330	7.329670194e-04
7.645330	8.469644435e-04
7.650331	7.300023395e-05
7.655331	2.166912053e-03
7.660331	8.379718041e-04
7.665331	7.419782498e-04
7.670332	2.929999387e-04
7.675332	1.114966680e-03
7.680332	2.453911063e-03
7.685332	1.601867723e-05
7.690332	-2.129691971e-04
7.695333	-8.897234216e-05
7.700333	7.989914784e-04
7.705333	1.602750729e-05
7.710333	-5.379463751e-04
7.715333	2.271934334e-03
7.720334	-1.034920589e-03
7.725334	-2.631849433e-03
7.730334	9.519977819e-04
7.735334	9.050019180e-04
7.740335	-5.379336233e-04
7.745335	-2.362852668e-03
7.750335	5.700226290e-04
7.755335	1.400988762e-03
7.760335	2.004964693e-03
7.765336	1.555986122e-03
7.770336	1.310497202e-04
7.775336	-1.418881293e-03
7.780336	2.930466947e-04
7.785336	1.403000687e-03
7.790337	-2.029848982e-03
7.795337	1.774988503e-03
7.800337	8.470305382e-04
7.805337	-2.519200495e-04
7.810338	2.329970253e-03
7.815338	-1.149877453e-03
7.820338	-1.856845025e-03
7.825338	-4.192161271e-05
7.830338	1.124029836e-03
7.835339	1.508015069e-03
7.840339	-1.034873204e-03
7.845339	-8.058812987e-04
7.850339	1.067039538e-03
7.855340	2.720969826e-03
7.860340	-7.678776155e-04
7.865340	-2.966780825e-03
7.870340	2.120001044e-03
7.875340	1.230041231e-03
7.880341	-1.637833105e-03
7.885341	-1.913819483e-03
7.890341	1.210942412e-04
7.895341	1.506036045e-03
7.900341	-1.303840853e-03
7.905342	-2.142802953e-03
7.910342	7.810722935e-04
7.915342	3.054975619e-03
7.920342	2.292010193e-03
7.925343	-1.474825411e-03
7.930343	5.130902345e-04
7.935343	1.311082999e-04
7.940343	1.010071850e-03
7.945343	1.842037418e-03
7.950344	-1.207829245e-03
7.955344	5.130978719e-04
7.960344	1.125072907e-03
7.965344	2.558012444e-03
7.970344	2.361142612e-04
7.975345	-3.137738467e-03
7.980345	-3.187127982e-05
7.985345	5.701041185e-04
7.990345	-1.703796194e-03
7.995346	5.711068684e-04
8.000346	4.081152892e-04
8.005346	1.781265921e-04
8.010346	-5.958386067e-04
8.015346	2.224040845e-03
8.020347	1.781305956e-04
8.025347	-2.745741720e-03
8.030347	1.679068321e-03
8.035347	-7.008275339e-04
8.040348	-8.148213412e-04
8.045348	-1.083808463e-03
8.050348	1.311402616e-04
8.055348	2.607034471e-03
8.060348	-1.568448564e-04
8.065349	-2.306750735e-03
8.070349	-2.019761957e-03
8.075349	2.176057858e-03
8.080349	2.005066404e-03
8.085349	7.415100420e-05
8.090350	-9.884039110e-05
8.095350	-9.778012863e-04
8.100350	1.010113891e-03
8.105350	6.181319192e-04
8.110351	-9.883601920e-05
8.115351	-9.207994332e-04
8.120351	-1.799760398e-03
8.125351	2.931501721e-04
8.130351	1.221585799e-04
8.135352	4.561451473e-04
8.140352	1.881577199e-04
8.145352	-2.249735932e-03
8.150352	2.223071703e-03
8.155352	2.282070101e-03
8.160353	-2.028742640e-03
8.165353	1.010126932e-03
8.170353	-3.668126465e-04
8.175353	-1.589758895e-03
8.180354	7.341415388e-04
8.185354	1.311684659e-04
8.190354	6.751458049e-04
8.195354	-4.082241162e-05
8.200354	7.901424954e-04
8.205355	-4.808017613e-04
8.210355	7.417504703e-05
8.215355	7.901448829e-04
8.220355	1.781721023e-04
8.225356	-8.881560340e-05
8.230356	-2.469711954e-03
8.235356	-2.608067022e-04
8.240356	2.371724867e-04
8.245356	2.109092276e-03
8.250357	1.781764210e-04
8.255357	-2.134722938e-03
8.260357	1.010141790e-03
8.265357	5.711614079e-04
8.270357	-6.997830286e-04
8.275358	1.344129244e-03
8.280358	2.778067868e-03
8.285358	-2.128022706e-04
8.290358	-3.788647138e-03
8.295359	-2.517994497e-04
8.300359	8.961514796e-04
8.305359	2.261809706e-04
8.310359	1.679118690e-03
8.315359	6.861621135e-04
8.320360	-4.080597345e-05
8.325360	5.131705599e-04
8.330360	-2.584695078e-03
8.335360	-2.688690133e-03
8.340360	7.341623580e-04
8.345361	1.392134341e-03
8.350361	9.521537666e-04
8.355361	6.281681648e-04
8.360361	1.183144558e-03
8.365362	7.331643742e-04
8.370362	-5.387802958e-04
8.375362	-1.532736995e-03
8.380362	-1.139753655e-03
8.385362	-9.777603457e-04
8.390363	2.779077571e-03
8.395363	1.345139834e-03
8.400363	-1.924718564e-03
8.405363	5.131763198e-04
8.410364	9.521575882e-04
8.415364	-5.387777411e-04
8.420364	-1.024756521e-03
8.425364	-1.197748843e-03
8.430364	1.211943355e-04
8.435365	3.219060611e-03
8.440365	1.881917720e-04
8.445365	-1.369740745e-03
8.450365	-7.107690955e-04
8.455365	-1.360740884e-03
8.460366	2.951072851e-03
8.465366	1.288144818e-03
8.470366	-5.231573306e-03
8.475366	-3.521647152e-03
8.480367	3.820035569e-03
8.485367	2.894075627e-03
8.490367	7.419753005e-05
8.495367	1.230147574e-03
8.500367	-1.197747493e-03
8.505368	-2.306699582e-03
8.510368	1.172150018e-03
8.515368	2.559090022e-03
8.520368	-8.057646018e-04
8.525368	-1.092752274e-03
8.530369	8.961616702e-04
8.535369	4.081826581e-04
8.540369	1.881920490e-04
8.545369	-6.437721229e-04
8.550370	-7.107693725e-04
8.555370	-1.557935192e-04
8.560370	1.460136463e-03
8.565370	8.481627270e-04
8.570370	8.481625262e-04
8.575371	-4.337822793e-04
8.580371	-4.807804764e-04
8.585371	-3.080016808e-05
8.590371	-1.809723534e-03
8.595371	1.115149775e-03
8.600372	1.115149491e-03
8.605372	-1.971717384e-03
8.610372	-4.807821380e-04
8.615372	9.051576326e-04
8.620373	-1.035758815e-03
8.625373	-1.312747196e-03
8.630373	-8.627670123e-04
8.635373	6.281681647e-04
8.640373	1.125146289e-03
8.645374	9.521533582e-04
8.650374	1.115145891e-03
8.655374	-3.657905352e-04
8.660374	5.711685169e-04
8.665375	1.011149036e-03
8.670375	4.551725890e-04
8.675375	-4.817874046e-04
8.680375	-2.526699523e-03
8.685375	-6.527810383e-04
8.690376	1.843110550e-03
8.695376	-9.880606251e-05
8.700376	1.618840641e-05
8.705376	1.460125421e-03
8.710376	6.851583288e-04
8.715377	7.901531884e-04
8.720377	-9.307730446e-04
8.725377	-6.617527878e-03
8.730377	-3.186676812e-03
8.735378	3.830019250e-03
8.740378	2.502075976e-03
8.745378	5.131612568e-04
8.750378	-1.531751056e-03
8.755378	-1.197766204e-03
8.760379	1.287125665e-03
8.765379	-2.608081694e-04
8.770379	-3.181882135e-05
8.775379	1.784101921e-03
8.780379	2.261684775e-04
8.785380	6.281503068e-04
8.790380	-3.658075413e-04
8.795380	3.421610348e-04
8.800380	6.851453727e-04
8.805381	-1.303769512e-03
8.810381	-5.958009775e-04
8.815381	2.664057244e-03
8.820381	-2.028197348e-04
8.825381	-1.531763201e-03
8.830382	-5.958045757e-04
8.835382	-4.818104370e-04
8.840382	-2.038234003e-04
8.845382	-1.034788446e-03
8.850383	1.679093278e-03
8.855383	1.230111694e-03
8.860383	-1.646764962e-03
8.865383	8.481261846e-04
8.870383	1.345103673e-03
8.875384	-3.758229886e-04
8.880384	9.531185125e-04
8.885384	2.451480406e-04
8.890384	-1.468361029e-04
8.895384	-2.306743846e-03
8.900385	-8.158094018e-04
8.905385	2.110063007e-03
8.910385	9.531118718e-04
8.915385	-1.188796704e-03
8.920386	2.361405371e-04
8.925386	1.010105901e-03
8.930386	-8.884779539e-05
8.935386	1.393086941e-03
8.940386	-3.188402891e-04
8.945387	-1.694782055e-03
8.950387	-4.238382405e-04
8.955387	1.345084036e-03
8.960387	1.728066203e-03
8.965387	-2.144767695e-03
8.970388	-4.238433854e-04
8.975388	3.170999915e-03
8.980388	-7.588315617e-04
8.985388	-1.474801964e-03
8.990389	-4.086530461e-05
8.995389	-9.308282140e-04
9.000389	6.861005083e-04
9.005389	-4.808504564e-04
9.010389	7.800936249e-04
9.015390	4.651058084e-04
9.020390	-6.428477477e-04
9.025390	-9.887271845e-05
9.030390	-2.038696526e-04
9.035391	-1.558732134e-04
9.040391	-5.958556961e-04
9.045391	2.616003965e-03
9.050391	-4.188268167e-05
9.055391	-1.751810315e-03
9.060392	-3.658717744e-04
9.065392	2.361006379e-04
9.070392	1.230056094e-03
9.075392	1.311019971e-04
9.080392	-3.178802068e-04
9.085393	-1.558888325e-04
9.090393	1.310971255e-04
9.095393	5.700765002e-04
9.100393	-1.255846244e-03
9.105394	-1.742826874e-03
9.110394	1.622025995e-03
9.115394	-4.090383513e-05
9.120394	-1.752831561e-03
9.125394	1.450028268e-03
9.130395	-8.148755841e-04
9.135395	-2.609012899e-04
9.140395	-3.189005583e-04
9.145395	-1.637845339e-03
9.150395	2.118990478e-03
9.155396	-1.559130114e-04
9.160396	-3.089082288e-04
9.165396	1.402015976e-03
9.170396	-7.678920921e-04
9.175397	-3.023796457e-03
9.180397	2.119979330e-03
9.185397	4.603870070e-03
9.190397	-1.857852550e-03
9.195397	-1.312878031e-03
9.200398	5.130411075e-04
9.205398	-2.609273934e-04
9.210398	6.760301411e-04
9.215398	-9.779003530e-04
9.220399	-1.972859343e-03
9.225399	2.360431732e-04
9.230399	-3.179349049e-04
9.235399	-2.609394046e-04
9.240399	1.783970159e-03
9.245400	2.395941644e-03
9.250400	-1.312900127e-03
9.255400	-1.207906756e-03
9.260400	9.049998133e-04
9.265400	-3.659473715e-04
9.270401	-8.896147582e-05
9.275401	1.182981401e-03
9.280401	2.548920202e-03
9.285401	3.410134605e-04
9.290402	-1.416912744e-03
9.295402	4.070062203e-04
9.300402	2.930089331e-04
9.305402	-1.312923882e-03
9.310402	8.949784444e-04
9.315403	1.287959203e-03
9.320403	-7.479550684e-04
9.325403	-1.637918885e-03
9.330403	1.563940426e-03
9.335403	1.507940536e-03
9.340404	-1.818917992e-03
9.345404	-1.532932691e-03
9.350404	-1.083954448e-03
9.355404	6.179696249e-04
9.360405	5.129717846e-04
9.365405	4.659714237e-04
9.370405	1.899907039e-03
9.375405	-3.189994734e-04
9.380405	-1.035970917e-03
9.385406	1.009938206e-03
9.390406	-2.745901917e-03
9.395406	-1.312966327e-03
9.400406	3.934804362e-03
9.405407	5.139497193e-04
9.410407	1.779617263e-04
9.415407	-3.670172472e-04
9.420407	-1.694962392e-03
9.425407	6.179350817e-04
9.430408	-1.140991463e-03
9.435408	-1.474979610e-03
9.440408	-9.780036881e-04
9.445408	2.500843336e-03
9.450408	2.721831160e-03
9.455409	-1.025009530e-03
9.460409	-3.760402316e-04
9.465409	-2.710474350e-04
9.470409	-1.418000540e-03
9.475410	1.879273554e-04
9.480410	7.292961972e-05
9.485410	-7.010396471e-04
9.490410	1.181876235e-03
9.495410	-8.730376933e-04
9.500411	7.808880589e-04
9.505411	-3.670650977e-04
9.510411	-8.060489116e-04
9.515411	1.889831764e-03
9.520411	-1.150039660e-03
9.525412	1.124859184e-03
9.530412	1.564837325e-03
9.535412	-5.380746375e-04
9.540412	-7.590679550e-04
9.545413	-3.670877805e-04
9.550413	2.358832608e-04
9.555413	8.378543318e-04
9.560413	2.060798549e-03
9.565413	-4.230970277e-04
9.570414	-2.192023521e-03
9.575414	1.123830194e-03
9.580414	-3.181104592e-04
9.585414	-1.475063444e-03
9.590415	1.124821177e-03
9.595415	-4.241148931e-04
9.600415	7.286059385e-05
9.605415	1.010817007e-03
9.610415	1.449794974e-03
9.615416	1.725779972e-03
9.620416	-1.858068211e-03
9.625416	-2.191056919e-03
9.630416	1.946761120e-03
9.635416	6.748129696e-04
9.640417	-1.647089812e-03
9.645417	-9.915987230e-05
9.650417	-2.521564272e-04
9.655417	-2.077080731e-03
9.660418	-4.811529057e-04
9.665418	1.277767861e-03
9.670418	2.443714243e-03
9.675418	9.617750611e-04
9.680418	-5.381633566e-04
9.685419	-9.301496764e-04
9.690419	-7.581603863e-04
9.695419	1.620733502e-03
9.700419	-1.533133483e-03
9.705419	-1.140153785e-03
9.710420	2.281694984e-03
9.715420	1.009746617e-03
9.720420	-2.622017629e-04
9.725420	-9.781741872e-04
9.730421	-1.083173033e-03
9.735421	-1.972138007e-03
9.740421	5.707486715e-04
9.745421	1.669697747e-03
9.750421	1.777587950e-04
9.755422	2.347528801e-04
9.760422	1.009715919e-03
9.765422	1.229702932e-03
9.770422	4.557328935e-04
9.775423	-2.077161133e-03
9.780423	-1.695181162e-03
9.785423	7.897079017e-04
9.790423	-6.542332330e-04
9.795423	-9.782227885e-04
9.800424	2.457207368e-04
9.805424	-8.732344851e-04
9.810424	6.176974733e-04
9.815424	-4.227761375e-05
9.820424	-7.582502939e-04
9.825425	1.067667145e-03
9.830425	2.926969882e-04
9.835425	4.076883513e-04
9.840425	7.369910708e-05
9.845426	9.526574226e-04
9.850426	-3.192913073e-04
9.855426	-1.093261575e-03
9.860426	-5.862872212e-04
9.865426	-6.442884615e-04
9.870427	3.274538396e-03
9.875427	1.946592019e-03
9.880427	-1.370268405e-03
9.885427	-1.083284610e-03
9.890427	-2.909209503e-03
9.895428	6.176342302e-04
9.900428	3.552503536e-03
9.905428	1.181602159e-03
9.910428	-8.153153969e-04
9.915429	-2.479247358e-03
9.920429	1.296359841e-04
9.925429	1.239584101e-03
9.930429	-1.533299968e-03
9.935429	-2.584258478e-03
9.940430	-5.383508553e-04
9.945430	2.175527882e-03
9.950430	1.899535837e-03
9.955430	1.449551298e-03
9.960430	-3.193762453e-04
9.965431	-3.196255914e-03
9.970431	-2.527288856e-03
9.975431	1.296541826e-03
9.980431	2.443488197e-03
9.985432	-7.683770452e-04
9.990432	-7.013840222e-04
9.995432	9.625399639e-04
10.000432	3.495623504e-04
10.005432	8.475367053e-04
10.010433	1.784492073e-03
10.015433	1.556438281e-05
10.020433	-7.014087889e-04
10.025433	7.315251013e-04
10.030434	-1.475383698e-03
10.035434	-2.614403691e-04
10.040434	8.375079170e-04
10.045434	-1.370400879e-03
10.050434	2.003449053e-03
10.055435	1.229478252e-03
10.060435	-3.071340123e-03
10.065435	-1.464708242e-04
10.070435	2.662403475e-03
10.075435	-3.764694845e-04
10.080436	-1.857409795e-03
10.085436	7.414735405e-04
10.090436	1.669429085e-03
10.095436	-1.418441810e-03
10.100437	-1.141458155e-03
10.105437	1.612418428e-03
10.110437	6.174570327e-04
10.115437	-6.444928357e-04
10.120437	-1.857444835e-03
10.125438	6.174437536e-04
10.130438	1.172415313e-03
10.135438	-1.313481706e-03
10.140438	1.505391975e-03
10.145438	-1.245493617e-03
10.150439	2.454374354e-04
10.155439	2.824313173e-04
10.160439	-3.765447322e-04
10.165439	3.170297418e-03
10.170440	-9.205303239e-04
10.175440	-9.215348523e-04
10.180440	2.002334185e-03
10.185440	-1.867503148e-03
10.190440	-8.155532278e-04
10.195441	1.784329774e-03
10.200441	-2.615864341e-04
10.205441	-1.094555082e-03
10.210441	-5.395837333e-04
10.215442	-3.665958876e-04
10.220442	-7.005861420e-04
10.225442	-5.965953403e-04
10.230442	1.620304123e-03
10.235442	1.841289841e-03
10.240443	-8.735975570e-04
10.245443	1.009316302e-03
10.250443	1.535449475e-05
10.255443	-1.360590816e-03
10.260443	-7.006241366e-04
10.265444	-1.036614423e-03
10.270444	3.493208517e-04
10.275444	1.287275476e-03
10.280444	-1.370614491e-03
10.285445	-2.616672835e-04
10.290445	6.842869557e-04
10.295445	-7.026579840e-04
10.300445	9.522655854e-04
10.305445	1.230248657e-03
10.310446	-1.648631837e-03
10.315446	-1.810629774e-03
10.320446	8.472503925e-04
10.325446	5.122599060e-04
10.330446	-1.752647177e-03
10.335447	5.122499359e-04
10.340447	2.338166010e-03
10.345447	5.122399136e-04
10.350447	-1.915660177e-03
10.355448	-1.246694136e-03
10.360448	6.742177805e-04
10.365448	2.443136253e-03
10.370448	1.287181133e-03
10.375448	1.202264762e-04
10.380449	2.922139333e-04
10.385449	-1.083731717e-03
10.390449	-1.418722373e-03
10.395449	2.352009921e-04
10.400450	7.801722758e-04
10.405450	2.921881937e-04
10.410450	-3.280294651e-05
10.415450	-1.150759826e-03
10.420450	3.501700871e-04
10.425451	7.891458873e-04
10.430451	-1.810746977e-03
10.435451	-1.360771679e-03
10.440451	1.669092097e-03
10.445451	-9.787987316e-04
10.450452	-9.228064426e-04
10.455452	1.506083270e-03
10.460452	-4.238386301e-04
10.465452	-2.048534250e-04
10.470453	-1.255813342e-03
10.475453	1.172076362e-03
10.480453	1.009078039e-03
10.485453	-1.371824434e-03
10.490453	2.341007593e-04
10.495454	-9.208547278e-04
10.500454	1.727025403e-03
10.505454	1.343036567e-03
10.510454	2.920765465e-04
10.515454	1.125035085e-03
10.520455	-1.256867435e-03
10.525455	-1.591858440e-03
10.530455	1.287011630e-03
10.535455	2.350515876e-04
10.540456	2.920436008e-04
10.545456	-7.019189737e-04
10.550456	7.204202448e-05
10.555456	2.280940988e-03
10.560456	-1.313909208e-03
10.565457	-3.199577568e-04
10.570457	-3.669613257e-04
10.575457	-7.019524598e-04
10.580457	1.725936974e-03
10.585458	1.009962281e-03
10.590458	-3.759834662e-04
10.595458	-3.679894765e-04
10.600458	1.289833655e-04
10.605458	-9.789744359e-04
10.610459	-5.959966924e-04
10.615459	1.228918714e-03
10.620459	-2.193939070e-03
10.625459	3.969432039e-04
10.630459	1.285899027e-03
10.635460	-3.071918384e-03
10.640460	1.009899409e-03
10.645460	3.818772209e-03
10.650460	-1.810990263e-03
10.655461	-1.026030009e-03
10.660461	2.175825767e-03
10.665461	-1.697012682e-03
10.670461	-1.926008640e-03
10.675461	1.334844548e-03
10.680462	9.508552627e-04
10.685462	5.118683422e-04
10.690462	1.868764818e-04
10.695462	-1.974036038e-03
10.700462	9.528315223e-04
10.705463	5.118446374e-04
10.710463	-1.305082788e-03
10.715463	1.298492191e-04
10.720463	-4.214933035e-05
10.725464	2.818306700e-04
10.730464	1.888755205e-03
10.735464	2.012743825e-03
10.740464	-4.251568372e-04
10.745464	-4.018007592e-03
10.750465	-1.477123475e-03
10.755465	1.610736987e-03
10.760465	-3.671836071e-04
10.765465	2.117702892e-03
10.770466	-5.971858739e-04
10.775466	-1.151168052e-03
10.780466	2.997646489e-03
10.785466	-1.190178650e-03
10.790466	-3.025105500e-03
10.795467	7.217263780e-04
10.800467	2.003664783e-03
10.805467	1.297395805e-04
10.810467	-1.037216192e-03
10.815467	-1.199215414e-03
10.820468	-1.142224114e-03
10.825468	1.777125861e-04
10.830468	3.608558034e-03
10.835468	2.060618666e-03
10.840469	-2.805177308e-03
10.845469	-7.022745006e-04
10.850469	1.621618743e-03
10.855469	-7.032870933e-04
10.860469	-2.423219090e-03
10.865470	-2.043213466e-04
10.870470	2.117571933e-03
10.875470	1.610587471e-03
10.880470	-4.353304858e-04
10.885470	-9.223158367e-04
10.890471	1.866298194e-04
10.895471	1.009587824e-03
10.900471	-2.087284758e-03
10.905471	-3.103680108e-04
10.910472	2.499504077e-03
10.915472	-1.926311102e-03
10.920472	-3.103874342e-04
10.925472	7.885585667e-04
10.930472	-8.743760690e-04
10.935473	-1.004160463e-04
10.940473	1.505508004e-03
10.945473	8.465299375e-04
10.950473	-2.044311992e-04
10.955474	-2.136354271e-03
10.960474	-1.534386876e-03
10.965474	-1.916376965e-03
10.970474	-2.136374068e-03
10.975474	1.775192952e-04
10.980475	-1.004753258e-04
10.985475	3.964965448e-04
10.990475	-9.224531081e-04
10.995475	-5.874742607e-04
11.000475	9.514525366e-04
11.005476	-1.036468239e-03
11.010476	-5.874943556e-04
11.015476	2.116382052e-03
11.020476	1.725392216e-03
11.025477	-2.480432745e-03
11.030477	-2.031458911e-03
11.035477	2.924338710e-04
11.040477	-3.775439560e-04
11.045477	5.114108235e-04
11.050478	-3.257247395e-05
11.055478	-1.257526350e-03
11.060478	-1.869506733e-03
11.065478	-1.475880062e-04
11.070478	1.180347738e-03
11.075479	6.253648541e-04
11.080479	-8.745771981e-04
11.085479	-7.685886753e-04
11.090479	-1.925545577e-03
11.095480	-3.363427098e-05
11.100480	-8.656052439e-04
11.105480	-1.591580810e-03
11.110480	-9.216167255e-04
11.115480	-2.365561284e-03
11.120481	1.562261963e-03
11.125481	1.293169044e-04
11.130481	-2.365582266e-03
11.135481	-9.806491450e-04
11.140482	-2.136606212e-03
11.145482	-3.025574832e-03
11.150482	1.171236715e-03
11.155482	3.771117274e-03
11.160482	-1.639655938e-03
11.165483	-3.302591153e-03
11.170483	-4.573543323e-03
11.175483	-3.847581818e-03
11.180483	2.221148747e-03
11.185483	8.931990037e-04
11.190484	-1.868688773e-03
11.195484	-3.579621987e-03
11.200484	-3.187646106e-03
11.205484	-6.447632060e-04
11.210485	1.171151104e-03
11.215485	-1.592736647e-03
11.220485	-3.580657950e-03
11.225485	-1.916737107e-03
11.230485	-2.241730310e-03
11.235486	-2.193739646e-03
11.240486	1.066112180e-03
11.245486	-4.828281569e-04
11.250486	-4.411665640e-03
11.255486	-1.706789863e-03
11.260487	4.601930135e-03
11.265487	-8.648409116e-04
11.270487	-6.953585086e-03
11.275487	-1.257838631e-03
11.280488	-1.592831522e-03
11.285488	-7.028773715e-04
11.290488	-9.218753008e-04
11.295488	-9.798802007e-04
11.300488	1.065023994e-03
11.305489	1.008019027e-03
11.310489	-1.256890521e-03
11.315489	-1.476888467e-03
11.320489	2.340301153e-04
11.325489	2.002946179e-03
11.330490	9.029862309e-04
11.335490	-2.089891912e-03
11.340490	-2.748870944e-03
11.345490	5.689781224e-04
11.350491	1.504930129e-03
11.355491	2.809754806e-04
11.360491	3.216841022e-03
11.365491	3.665814041e-03
11.370491	4.209782942e-03
11.375492	-2.633928853e-03
11.380492	-5.013833598e-03
11.385492	-7.030275451e-04
11.390492	-1.801987680e-03
11.395493	-2.308973413e-03
11.400493	1.332861519e-03
11.405493	6.738823315e-04
11.410493	-4.574898484e-03
11.415493	-1.535037569e-03
11.420494	2.288789449e-03
11.425494	-1.419058006e-03
11.430494	6.287021143e-05
11.435494	1.666793144e-03
11.440494	-1.526076605e-03
11.445495	-4.261319127e-04
11.450495	6.738127677e-04
11.455495	-9.801235337e-04
11.460495	1.504761262e-03
11.465496	1.112770393e-03
11.470496	-1.258134955e-03
11.475496	-1.419135832e-03
11.480496	-2.051961498e-04
11.485496	4.935573793e-03
11.490497	1.562711705e-03
11.495497	-3.083095374e-03
11.500497	-4.842155995e-04
11.505497	-5.402210857e-04
11.510497	-7.032219589e-04
11.515498	1.757321200e-04
11.520498	1.562664231e-03
11.525498	1.342665786e-03
11.530498	-2.152748412e-04
11.535499	-8.652547246e-04
11.540499	-1.698226710e-03
11.545499	6.068926392e-05
11.550499	1.342625843e-03
11.555499	1.856678255e-04
11.560500	-7.602993231e-04
11.565500	-2.053313578e-04
11.570500	9.506106201e-04
11.575500	1.170593041e-03
11.580501	5.106134847e-04
11.585501	-1.143323122e-03
11.590501	-3.683647235e-04
11.595501	2.326011837e-04
11.600501	3.955860100e-04
11.605502	-2.633936479e-04
11.610502	-7.033827827e-04
11.615502	6.255516133e-04
11.620502	-7.033991215e-04
11.625502	-2.586325923e-03
11.630503	-8.754080727e-04
11.635503	1.399485390e-03
11.640503	1.676465196e-03
11.645503	-7.124397823e-04
11.650504	-2.146386048e-03
11.655504	1.446450403e-03
11.660504	7.874706178e-04
11.665504	-1.582435228e-03
11.670504	1.348750049e-05
11.675505	1.170429192e-03
11.680505	1.399410980e-03
11.685505	-2.065279327e-04
11.690505	-1.038500310e-03
11.695505	1.284409030e-04
11.700506	-5.405385423e-04
11.705506	-1.038525390e-03
11.710506	2.174327359e-03
11.715506	2.891287975e-03
11.720507	-1.373536094e-03
11.725507	-3.361458588e-03
11.730507	-2.636009150e-04
11.735507	1.007335711e-03
11.740507	1.227317751e-03
11.745508	3.053230367e-03
11.750508	-1.859565764e-03
11.755508	-2.634540754e-03
11.760508	-7.036327103e-04
11.765509	-6.556432936e-04
11.770509	1.943235855e-03
11.775509	2.221215309e-03
11.780509	-8.176618863e-04
11.785509	-1.420644378e-03
11.790510	-2.637029504e-04
11.795510	6.732479748e-04
11.800510	-8.086965603e-04
11.805510	-7.037096981e-04
11.810510	1.446188766e-03
11.815511	-7.037269313e-04
11.820511	-1.037721129e-03
11.825511	7.871913479e-04
11.830511	-7.037528661e-04
11.835512	-4.379005935e-05
11.840512	2.996069871e-03
11.845512	1.751831064e-04
11.850512	-9.237780953e-04
11.855512	-9.182276765e-05
11.860513	-9.807930682e-04
11.865513	-1.697770814e-03
11.870513	2.321370234e-04
11.875513	3.111003833e-03
11.880513	1.390069447e-03
11.885514	-4.358604117e-04
11.890514	9.020729676e-04
11.895514	-2.648853962e-04
11.900514	-1.430843814e-03
11.905515	-8.088795227e-04
11.910515	6.830471558e-04
11.915515	5.203842907e-03
11.920515	1.064012983e-03
11.925515	-4.126771527e-03
11.930516	-8.179234258e-04
11.935516	7.779987019e-04
11.940516	-2.639651650e-04
11.945516	-1.143936045e-03
11.950517	-1.201942463e-03
11.955517	-1.582934933e-03
11.960517	3.479726605e-04
11.965517	2.498870734e-03
11.970517	1.179646729e-04
11.975518	-1.268984361e-03
11.980518	-4.270297444e-04
11.985518	-5.310342523e-04
11.990518	1.006890260e-03
11.995518	-1.500687585e-04
12.000519	-8.180489231e-04
12.005519	5.098846325e-04
12.010519	-1.536035996e-03
12.015519	5.098665051e-04
12.020520	1.733804523e-03
12.025520	2.228607381e-04
12.030520	3.378466654e-04
12.035520	-2.194053013e-03
12.040520	-2.080067064e-03
12.045521	-9.316207899e-05
12.050521	1.283769260e-03
12.055521	1.226762566e-03
12.060521	1.006762907e-03
12.065521	7.079418247e-05
12.070522	-1.755136086e-03
12.075522	4.517593245e-04
12.080522	3.467546509e-04
12.085522	1.064714396e-03
12.090523	2.268653124e-03
12.095523	-2.310158212e-03
12.100523	-9.226333145e-05
12.105523	1.277178937e-04
12.110523	-1.478221971e-03
12.115524	2.717587387e-03
12.120524	-9.342640699e-04
12.125524	-1.975228387e-03
12.130524	2.727559025e-03
12.135525	3.466526024e-04
12.140525	-1.918258845e-03
12.145525	1.446586364e-03
12.150525	9.495984811e-04
12.155525	-1.316312955e-03
12.160526	-7.613463283e-04
12.165526	-2.073796689e-04
12.170526	1.260141546e-05
12.175526	-1.478343560e-03
12.180526	6.715540865e-04
12.185527	3.052441738e-03
12.190527	1.275587092e-04
12.195527	8.925161845e-04
12.200527	-7.614217999e-04
12.205528	-1.976378769e-03
12.210528	1.561458823e-03
12.215528	1.064470800e-03
12.220528	-6.564643314e-04
12.225528	-5.994763201e-04
12.230529	1.952403845e-03
12.235529	3.464637108e-04
12.240529	-4.275123934e-04
12.245529	-1.535474073e-03
12.250529	-2.864426211e-03
12.255530	2.670324973e-03
12.260530	3.214291861e-03
12.265530	1.744136423e-04
12.270530	-1.025840064e-04
12.275531	1.121353460e-03
12.280531	1.838312828e-03
12.285531	-3.796009607e-04
12.290531	-1.496205648e-04
12.295531	2.893507873e-04
12.300532	-2.253548987e-03
12.305532	-1.306599612e-03
12.310532	9.492931765e-04
12.315532	1.388264486e-03
12.320533	-1.258630835e-03
12.325533	2.278206556e-03
12.330533	8.576924560e-03
12.335533	1.206676396e-02
12.340533	7.917933516e-03
12.345534	3.372513939e-04
12.350534	-3.574227446e-05
12.355534	3.768083513e-03
12.360534	5.098016219e-03
12.365534	2.450120847e-03
12.370535	1.885135435e-03
12.375535	3.377061107e-03
12.380535	3.884029342e-03
12.385535	5.708940601e-03
12.390536	1.388117485e-03
12.395536	-7.038019805e-04
12.400536	2.392054314e-03
12.405536	3.825982431e-03
12.410536	4.323950992e-03
12.415537	7.860939819e-04
12.420537	-3.218680651e-04
12.425537	-1.018875196e-04
12.430537	-4.278833859e-04
12.435537	5.660636860e-04
12.440538	-7.628888505e-04
12.445538	-1.430869966e-03
12.450538	5.670336809e-04
12.455538	4.610282544e-04
12.460539	1.170331042e-04
12.465539	-3.799554436e-04
12.470539	-1.249927880e-03
12.475539	4.619880767e-04
12.480539	1.388937952e-03
12.485540	9.479469425e-04
12.490540	8.429414008e-04
12.495540	-2.425927400e-03
12.500540	2.899451116e-04
12.505540	-3.130389367e-04
12.510541	-1.708988721e-03
12.515541	2.319172563e-04
12.520541	-1.699009425e-03
12.525541	1.780830015e-03
12.530542	1.225843841e-03
12.535542	-4.850923799e-04
12.540542	1.502811515e-03
12.545542	-3.231197555e-04
12.550542	9.578146766e-04
12.555543	-1.202102179e-03
12.560543	-1.928081023e-03
12.565543	3.468104174e-04
12.570543	1.397754750e-03
12.575544	9.487639032e-04
12.580544	5.657701940e-04
12.585544	-1.757139677e-03
12.590544	-5.992000095e-04
12.595544	3.768600909e-03
12.600545	2.317434780e-04
12.605545	-1.537190378e-03
12.610545	-1.040222181e-03
12.615545	-2.311177581e-03
12.620545	-8.102527985e-04
12.625546	4.616818714e-04
12.630546	2.162597990e-03
12.635546	2.439575644e-03
12.640546	-9.822868372e-04
12.645547	-4.283211747e-04
12.650547	-7.633170988e-04
12.655547	8.906010009e-04
12.660547	2.896165536e-04
12.665547	1.836107020e-04
12.670548	4.505887192e-04
12.675548	-1.603953257e-04
12.680548	1.617517365e-03
12.685548	2.315667964e-04
12.690548	8.435298627e-04
12.695549	3.003426013e-03
12.700549	9.848119665e-03
12.705549	4.590336407e-03
12.710549	-8.668101050e-03
12.715550	-1.029441745e-03
12.720550	2.057414290e-03
12.725550	2.333391810e-03
12.730550	3.547328778e-03
12.735550	2.497363589e-03
12.740551	1.398400508e-03
12.745551	-2.091459242e-03
12.750551	7.284082743e-04
12.755551	1.942345194e-03
12.760552	4.647217661e-03
12.765552	4.217225617e-03
12.770552	4.033798211e-04
12.775552	1.743790694e-04
12.780552	1.163709171e-04
12.785553	2.831242904e-03
12.790553	3.777191338e-03
12.795553	-1.036516099e-04
12.800553	2.115241785e-03
12.805553	2.449216642e-03
12.810554	-1.767611813e-03
12.815554	-1.317641990e-03
12.820554	2.057201403e-03
12.825554	5.154056802e-03
12.830555	3.223129506e-03
12.835555	2.162164598e-03
12.840555	3.376101352e-03
12.845555	2.114145112e-03
12.850555	9.581842810e-04
12.855556	6.821194359e-05
12.860556	5.551800815e-04
12.865556	3.941762169e-04
12.870556	-1.421756127e-03
12.875556	7.851376426e-04
12.880557	1.502095801e-03
12.885557	6.814691871e-05
12.890557	2.301290460e-04
12.895557	-2.033783982e-03
12.900558	4.030997985e-04
12.905558	7.280748523e-04
12.910558	-1.259850134e-03
12.915558	7.850505614e-04
12.920558	-5.429029692e-04
12.925559	1.778985735e-03
12.930559	-3.239343187e-04
12.935559	-3.305816390e-03
12.940559	-4.596825602e-05
12.945560	-1.519746497e-04
12.950560	1.176956925e-03
12.955560	-4.279846992e-04
12.960560	-1.202962206e-03
12.965560	-2.589913272e-03
12.970561	-1.040991243e-03
12.975561	2.448846885e-03
12.980561	6.129151974e-04
12.985561	-5.430458895e-04
12.990561	1.839116294e-04
12.995562	-6.580630475e-04
13.000562	-3.240885614e-04
13.005562	1.835806994e-03
13.010562	-2.580013240e-03
13.015563	-3.086002476e-03
13.020563	-4.861259655e-04
13.025563	-3.191020178e-03
13.030563	-3.812004472e-03
13.035563	-5.189956057e-03
13.040564	-3.412044056e-03
13.045564	-1.307146197e-03
13.050564	-1.652142457e-03
13.055564	1.077448683e-05
13.060564	-3.240096192e-03
13.065565	-7.952903690e-03
13.070565	-4.911046376e-03
13.075565	7.276986850e-04
13.080565	-2.924154699e-03
13.085566	-6.623006060e-03
13.090566	6.796670539e-04
13.095566	-1.586246261e-03
13.100566	-5.964068303e-03
13.105566	-1.652265943e-03
13.110567	1.062605431e-03
13.115567	8.996011864e-04
13.120567	-2.475264242e-03
13.125567	-4.293639804e-04
13.130568	6.125796662e-04
13.135568	-1.872324256e-03
13.140568	7.375516019e-04
13.145568	1.501507237e-03
13.150568	-9.833967130e-04
13.155569	6.854645621e-05
13.160569	2.305280829e-04
13.165569	1.444464232e-03
13.170569	1.281459888e-03
13.175569	2.945376570e-03
13.180570	9.952062314e-03
13.185570	1.304891704e-02
13.190570	1.057301263e-02
13.195570	1.338400342e-03
13.200571	-4.357364916e-03
13.205571	-6.460285474e-03
13.210571	-3.249435718e-03
13.215571	-3.145740407e-04
13.220571	-1.758523109e-03
13.225572	-1.046060839e-04
13.230572	1.167327443e-03
13.235572	1.721291993e-03
13.240572	-2.197550139e-03
13.245572	-2.417552154e-03
13.250573	-6.016421754e-04
13.255573	1.109272333e-03
13.260573	4.274123989e-03
13.265573	-3.573548373e-03
13.270574	4.541089323e-03
13.275574	1.067781250e-02
13.280574	8.517894273e-03
13.285574	1.282869635e-02
13.290574	4.541042966e-03
13.295575	2.887102842e-03
13.300575	2.782095760e-03
13.305575	1.151994010e-04
13.310575	-1.155757303e-03
13.315576	2.881686401e-04
13.320576	6.221425495e-04
13.325576	6.978856131e-03
13.330576	9.014756461e-03
13.335576	4.760928642e-03
13.340577	5.372890501e-03
13.345577	2.944983743e-03
13.350577	6.586814626e-03
13.355577	1.050563353e-02
13.360577	8.851693291e-03
13.365578	6.146798471e-03
13.370578	2.170958575e-03
13.375578	-8.209238581e-04
13.380578	1.271973922e-03
13.385579	2.772897281e-03
13.390579	-2.579834927e-04
13.395579	2.054904753e-03
13.400579	2.657866898e-03
13.405579	1.558902597e-03
13.410580	2.112866843e-03
13.415580	-1.700980131e-03
13.420580	-2.255967971e-03
13.425580	3.449077766e-04
13.430580	-6.590606735e-04
13.435581	1.002855641e-03
13.440581	1.615817286e-03
13.445581	8.345514541e-03
13.450581	1.559218944e-02
13.455582	9.187454385e-03
13.460582	1.557772266e-03
13.465582	-1.090125189e-03
13.470582	4.043641005e-03
13.475582	6.195536074e-03
13.480583	7.035487840e-03
13.485583	6.757487919e-03
13.490583	2.552657718e-03
13.495583	1.003712714e-03
13.500584	1.778667256e-03
13.505584	3.375586263e-03
13.510584	3.660561967e-03
13.515584	1.232654920e-03
13.520584	-4.392848092e-04
13.525585	6.686552992e-04
13.530585	6.216453193e-04
13.535585	6.126336887e-04
13.540585	-2.370249411e-03
13.545585	-9.535977485e-05
13.550586	9.071231976e-03
13.555586	9.740191008e-03
13.560586	1.687187070e-02
13.565586	1.443396400e-02
13.570587	5.065539026e-04
13.575587	2.218467823e-03
13.580587	4.206369807e-03
13.585587	6.125130407e-04
13.590587	1.672455117e-03
13.595588	3.335371123e-03
13.600588	2.992373821e-03
13.605588	1.720416664e-03
13.610588	2.218382998e-03
13.615588	2.600354337e-03
13.620589	5.634302192e-04
13.625589	-1.424496024e-03
13.630589	5.372198029e-03
13.635589	2.051353140e-02
13.640590	1.780763616e-02
13.645590	7.800056516e-03
13.650590	5.143159147e-03
13.655590	2.944241975e-03
13.660590	8.983181820e-04
13.665591	6.113183555e-04
13.670591	3.154196206e-03
13.675591	2.610207471e-03
13.680591	-1.042924118e-02
13.685592	-2.922344111e-02
13.690592	-1.713097605e-02
13.695592	-6.184461469e-03
13.700592	-2.673658544e-02
13.705592	-2.889750433e-02
13.710593	-3.326632780e-02
13.715593	-3.309434755e-02
13.720593	-2.927952475e-02
13.725593	-3.779716892e-02
13.730593	-3.011151345e-02
13.735594	-3.580927952e-02
13.740594	-3.487233237e-02
13.745594	-3.779721831e-02
13.750594	-2.784566081e-02
13.755595	-3.923118107e-02
13.760595	-2.812367354e-02
13.765595	-2.751171238e-02
13.770595	-3.448042357e-02
13.775595	-1.612622930e-02
13.780596	-3.851427404e-02
13.785596	-2.281896485e-02
13.790596	-3.060864059e-02
13.795596	-4.232714652e-02
13.800596	-4.237615684e-02
13.805597	-4.874289411e-02
13.810597	-5.549161487e-02
13.815597	-6.376926955e-02
13.820597	-6.918004816e-02
13.825598	-8.339444626e-02
13.830598	-9.577392367e-02
13.835598	-1.042335705e-01
13.840598	-1.184959666e-01
13.845598	-1.315344155e-01
13.850599	-1.307594615e-01
13.855599	-1.360552452e-01
13.860599	-1.482247317e-01
13.865599	-1.520395794e-01
13.870599	-1.456238692e-01
13.875600	-1.319264738e-01
13.880600	-1.152272082e-01
13.885600	-9.953089917e-02
13.890600	-8.390058733e-02
13.895601	-5.979264193e-02
13.900601	-4.530228084e-02
13.905601	-2.591513141e-02
13.910601	1.398413143e-02
13.915601	3.444023464e-02
13.920602	3.721310217e-02
13.925602	5.041451893e-02
13.930602	5.582527243e-02
13.935602	5.992508257e-02
13.940603	5.793515593e-02
13.945603	5.405631092e-02
13.950603	5.649419288e-02
13.955603	5.666417286e-02
13.960603	5.814709607e-02
13.965604	5.450624075e-02
13.970604	5.251631406e-02
13.975604	5.035539476e-02
13.980604	4.864545595e-02
13.985604	4.814946467e-02
13.990605	4.477459781e-02
13.995605	4.506057271e-02
14.000605	4.843441414e-02
14.005605	4.493655258e-02
14.010606	4.461255383e-02
14.015606	4.682844528e-02
14.020606	4.272760976e-02
14.025606	4.399954201e-02
14.030606	3.753880847e-02
14.035607	3.742380065e-02
14.040607	3.659082385e-02
14.045607	2.963211181e-02
14.050607	3.411490524e-02
14.055607	3.682077546e-02
14.060608	4.145656226e-02
14.065608	3.969662549e-02
14.070608	5.367400851e-02
14.075608	6.063269489e-02
14.080609	6.771537590e-02
14.085609	7.810691388e-02
14.090609	7.628097993e-02
14.095609	7.838287620e-02
14.100609	8.235969143e-02
14.105610	8.357462602e-02
14.110610	8.430058174e-02
14.115610	7.257207577e-02
14.120610	6.438941653e-02
14.125611	5.799368005e-02
14.130611	4.865407081e-02
14.135611	4.632215866e-02
14.140611	4.499420312e-02
14.145611	3.875146000e-02
14.150612	2.957384372e-02
14.155612	3.858844112e-02
14.160612	1.929826193e-02
14.165612	2.172614401e-02
14.170612	3.334062901e-02
14.175613	1.051360267e-02
14.180613	5.093823928e-03
14.185613	4.539834868e-03
14.190613	3.267876834e-03
14.195614	1.220952289e-03
14.200614	-2.699962937e-04
14.205614	3.899621488e-04
14.210614	-3.967862533e-03
14.215614	-1.440642440e-02
14.220615	-2.575394698e-02
14.225615	-1.967422282e-02
14.230615	-2.477979155e-03
14.235615	-3.136963744e-03
14.240615	-3.033280135e-02
14.245616	-2.647098135e-02
14.250616	-6.740847235e-03
14.255616	-3.364969726e-02
14.260616	-3.448067445e-02
14.265617	-3.277076147e-02
14.270617	-3.762756467e-02
14.275617	-3.464370677e-02
14.280617	-4.741416792e-02
14.285617	-5.078003558e-02
14.290618	-5.393491237e-02
14.295618	-5.576084660e-02
14.300618	-5.703180482e-02
14.305618	-5.438293248e-02
14.310619	-4.884918484e-02
14.315619	-4.205349175e-02
14.320619	-4.177451699e-02
14.325619	-2.475026602e-02
14.330619	-1.320277833e-02
14.335620	-1.574568163e-02
14.340620	-2.096284802e-03
14.345620	8.572240857e-03
14.350620	5.265370563e-03
14.355620	3.425701076e-04
14.360621	2.786236739e-02
14.365621	3.527203388e-02
14.370621	3.184016896e-02
14.375621	3.642695745e-02
14.380622	3.145715899e-02
14.385622	4.677148380e-02
14.390622	4.677047056e-02
14.395622	3.680888785e-02
14.400622	3.619890092e-02
14.405623	3.344600661e-02
14.410623	3.598688349e-02
14.415623	3.443993704e-02
14.420623	3.715480638e-02
14.425623	3.543286749e-02
14.430624	4.168458394e-02
14.435624	4.571939621e-02
14.440624	4.195354564e-02
14.445624	4.715330755e-02
14.450625	4.648432311e-02
14.455625	5.162608751e-02
14.460625	4.915018116e-02
14.465625	4.638828716e-02
14.470625	4.549031260e-02
14.475626	4.394136616e-02
14.480626	4.555628297e-02
14.485626	4.991508118e-02
14.490626	5.040304668e-02
14.495627	4.328134109e-02
14.500627	3.925650164e-02
14.505627	3.262277495e-02
14.510627	4.095840123e-02
14.515627	2.178321660e-02
14.520628	9.461735727e-03
14.525628	3.615056872e-02
14.530628	2.559601146e-02
14.535628	2.549994114e-03
14.540628	1.776014104e-03
14.545629	4.317890766e-03
14.550629	2.386960750e-03
14.555629	1.383990619e-03
14.560629	7.720035817e-04
14.565630	3.495872354e-03
14.570630	2.839976796e-04
14.575630	-4.246819993e-03
14.580630	-2.828779439e-02
14.585630	-3.171965957e-02
14.590631	-4.141865085e-03
14.595631	-5.737809634e-03
14.600631	-3.397560266e-02
14.605631	-2.912982565e-02
14.610631	-1.049864448e-02
14.615632	-3.796147102e-02
14.620632	-2.348011050e-02
14.625632	-1.740138681e-02
14.630632	-4.155635634e-02
14.635633	-1.430254790e-02
14.640633	-1.828838920e-02
14.645633	-4.061943758e-02
14.650633	-1.751544980e-02
14.655633	1.687722437e-04
14.660634	-1.807045301e-02
14.665634	-3.702464738e-02
14.670634	-1.303069808e-02
14.675634	-1.428213191e-03
14.680635	-1.475365086e-02
14.685635	-2.967401960e-02
14.690635	-2.337430553e-02
14.695635	-2.976200836e-03
14.700635	-1.159784184e-02
14.705636	-3.000805976e-02
14.710636	-2.469430310e-02
14.715636	-1.247784479e-02
14.720636	-3.343195278e-02
14.725636	-2.492433418e-02
14.730637	-3.644267647e-03
14.735637	-2.729325917e-02
14.740637	-3.868878032e-02
14.745637	-9.563052915e-03
14.750638	-2.421375306e-03
14.755638	-2.961721354e-02
14.760638	-3.265709587e-02
14.765638	-6.512239648e-03
14.770638	-2.715231200e-04
14.775639	-4.142369548e-03
14.780639	-2.421457673e-03
14.785639	-1.427514382e-03
14.790639	-3.368444243e-03
14.795639	-3.195465478e-03
14.800640	2.052293936e-03
14.805640	1.936285180e-03
14.810640	1.613285366e-03
14.815640	2.255736633e-02
14.820641	3.056600639e-02
14.825641	1.155281440e-02
14.830641	6.861003392e-03
14.835641	2.825406492e-02
14.840641	2.924700820e-02
14.845642	8.236902499e-03
14.850642	6.640957662e-03
14.855642	1.216470509e-02
14.860642	2.244024712e-02
14.865643	1.228067241e-02
14.870643	3.891725552e-04
14.875643	2.492067818e-03
14.880643	-1.336726055e-02
14.885643	-2.701768440e-02
14.890644	-7.344548583e-03
14.895644	2.768000460e-03
14.900644	2.260964565e-04
14.905644	-2.363805477e-03
14.910644	-6.513639992e-03
14.915645	-8.788555550e-03
14.920645	-6.293677278e-03
14.925645	-1.370903950e-03
14.930645	6.079966145e-04
14.935646	5.301779829e-03
14.940646	5.980736571e-03
14.945646	7.691648703e-03
14.950646	4.431775681e-03
14.955646	1.349437004e-02
14.960647	2.812972353e-02
14.965647	2.078702696e-02
14.970647	7.528586087e-03
14.975647	2.605784915e-03
14.980647	1.277828360e-03
14.985648	-4.911091399e-04
14.990648	-6.631156684e-04
14.995648	7.228104600e-04
15.000648	1.887746135e-03
15.005649	1.114765567e-03
15.010649	-1.469556505e-02
15.015649	-3.481870926e-02
15.020649	-1.912240169e-02
15.025649	-1.542175555e-03
15.030650	-2.087166001e-03
15.035650	-2.815148544e-03
15.040650	-7.182973767e-03
15.045650	-2.282031190e-02
15.050651	-3.293488874e-02
15.055651	-1.038587740e-02
15.060651	1.161609458e-03
15.065651	5.645384986e-06
15.070651	1.289207436e-02
15.075652	2.764142280e-02
15.080652	1.426698683e-02
15.085652	6.582304928e-03
15.090652	5.531336293e-03
15.095652	-5.964129151e-04
15.100653	1.592085909e-02
15.105653	3.123518309e-02
15.110653	2.211656314e-02
15.115653	3.924335376e-03
15.120654	1.973563788e-02
15.125654	3.411200240e-02
15.130654	9.393056721e-03
15.135654	2.596336390e-03
15.140654	7.365116162e-03
15.145655	9.523792252e-04
15.150655	1.663868710e-02
15.155655	3.261098262e-02
15.160655	1.133288819e-02
15.165655	-7.106053933e-04
15.170656	2.500241690e-03
15.175656	-6.076381199e-04
15.180656	2.873197284e-03
15.185656	4.594108752e-03
15.190657	1.276238006e-03
15.195657	-2.147117101e-04
15.200657	7.802311228e-04
15.205657	-3.867326055e-04
15.210657	-7.127326869e-04
15.215658	2.352121639e-04
15.220658	1.774131467e-03
15.225658	-1.218753358e-03
15.230658	-2.976691565e-03
15.235658	1.554098408e-03
15.240659	3.312008227e-03
15.245659	-2.098772107e-03
15.250659	-1.150827287e-03
15.255659	9.520676079e-04
15.260660	2.240848570e-04
15.265660	1.544013586e-03
15.270660	1.057020410e-03
15.275660	1.770442155e-04
15.280660	-1.706888589e-03
15.285661	-4.919553400e-04
15.290661	4.459898773e-04
15.295661	-4.349862910e-04
15.300661	-1.132352991e-02
15.305662	-3.647245716e-02
15.310662	-1.890323081e-02
15.315662	5.309708379e-03
15.320662	-6.236806817e-03
15.325662	-2.476202038e-02
15.330663	-3.138774827e-02
15.335663	-1.187660588e-02
15.340663	-5.576892453e-03
15.345663	-3.105380556e-02
15.350663	-3.122481246e-02
15.355664	-3.923006816e-03
15.360664	-1.315133837e-03
15.365664	1.767873733e-04
15.370664	9.417400008e-04
15.375665	-3.428085437e-03
15.380665	-4.029073778e-03
15.385665	-1.151212488e-03
15.390665	1.218670753e-03
15.395665	-1.706217155e-03
15.400666	-6.791011710e-03
15.405666	-2.232535461e-02
15.410666	-2.713416110e-02
15.415666	-1.000391586e-02
15.420666	1.333579749e-03
15.425667	3.264481937e-03
15.430667	2.260510974e-03
15.435667	-1.601336468e-03
15.440667	-5.741171898e-03
15.445668	-5.626191237e-03
15.450668	-1.762268709e-02
15.455668	-3.354801313e-02
15.460668	-1.181896670e-02
15.465668	1.715433922e-03
15.470669	-3.874895726e-04
15.475669	-3.579366004e-03
15.480669	-4.804327454e-03
15.485669	-1.646683777e-02
15.490670	-3.448507338e-02
15.495670	-1.508892614e-02
15.500670	-1.104544991e-03
15.505670	-2.204511863e-03
15.510670	3.494227403e-03
15.515671	9.983208600e-04
15.520671	6.686060594e-03
15.525671	2.603420989e-02
15.530671	2.012545084e-02
15.535671	9.401899907e-03
15.540672	5.979033411e-03
15.545672	1.170226815e-03
15.550672	-1.935653389e-03
15.555672	7.841909547e-03
15.560673	3.155787002e-02
15.565673	1.736346908e-02
15.570673	2.605092517e-03
15.575673	3.045059034e-03
15.580673	-3.788074475e-04
15.585674	2.384058660e-03
15.590674	3.761984625e-03
15.595674	9.410920707e-04
15.600674	-3.318673930e-04
15.605674	1.552036692e-03
15.610675	-5.498869492e-04
15.615675	-2.317825029e-03
15.620675	-4.908727542e-03
15.625675	-1.735620403e-02
15.630676	-2.746978140e-02
15.635676	-1.236544876e-02
15.640676	1.725927662e-03
15.645676	-7.229810053e-04
15.650676	-6.630740175e-03
15.655677	-1.463940854e-02
15.660677	-3.261164626e-02
15.665677	-2.083516980e-02
15.670677	3.379005111e-04
15.675678	-4.930781078e-04
15.680678	5.008643920e-04
15.685678	7.298399525e-04
15.690678	-1.267088281e-03
15.695678	-2.376054898e-03
15.700679	-8.751343240e-04
15.705679	-7.701534173e-04
15.710679	1.819720082e-03
15.715679	-8.851775670e-04
15.720679	-3.638073145e-03
15.725680	9.497139897e-04
15.730680	3.759577968e-03
15.735680	1.217673261e-03
15.740680	-5.328638343e-05
15.745681	3.866800185e-04
15.750681	8.512314222e-03
15.755681	1.785889565e-02
15.760681	1.183714134e-02
15.765681	5.529399379e-03
15.770682	1.159573657e-03
15.775682	-2.205295504e-03
15.780682	4.535749687e-04
15.785682	-2.154107225e-04
15.790682	-3.485283999e-03
15.795683	-1.514779453e-02
15.800683	-1.927763064e-02
15.805683	-4.298292706e-03
15.810683	8.824687463e-04
15.815684	-3.093374032e-03
15.820684	-2.203427125e-03
15.825684	1.656391412e-03
15.830684	2.234387150e-04
15.835684	1.160383581e-03
15.840685	1.879660666e-02
15.845685	2.610027633e-02
15.850685	1.371079719e-02
15.855685	5.137153119e-03
15.860686	4.257176503e-03
15.865686	-1.606472005e-04
15.870686	4.142152164e-03
15.875686	3.034500495e-02
15.880686	2.294531012e-02
15.885687	3.874119762e-03
15.890687	6.741981137e-03
15.895687	2.212162257e-03
15.900687	2.112033032e-02
15.905687	3.266581662e-02
15.910688	1.332863774e-02
15.915688	2.327098578e-03
15.920688	8.290826125e-03
15.925688	2.300217557e-02
15.930689	2.653000840e-02
15.935689	1.111066017e-02
15.940689	1.403551906e-02
15.945689	3.399564163e-02
15.950689	1.797431941e-02
15.955690	2.985952548e-03
15.960690	7.850727573e-03
15.965690	2.829782909e-02
15.970690	2.664388586e-02
15.975690	4.590824341e-03
15.980691	5.528769084e-03
15.985691	3.482842795e-03
15.990691	1.072751494e-02
15.995691	3.361351102e-02
16.000692	2.089004624e-02
16.005692	2.315834334e-03
16.010692	4.925706797e-03
16.015692	3.042773448e-03
16.020692	9.978470984e-04
16.025693	-4.371056183e-04
16.030693	3.042729232e-03
16.035693	1.828766959e-03
16.040693	-1.881087438e-03
16.045694	-9.911406527e-04
16.050694	3.319658272e-03
16.055694	-5.521891305e-04
16.060694	-1.430165938e-03
16.065694	3.947404260e-04
16.070695	2.047654222e-03
16.075695	-1.546205205e-03
16.080695	-5.197062171e-03
16.085695	-1.791052743e-02
16.090695	-3.321588066e-02
16.095696	-1.231879866e-02
16.100696	-1.095298545e-03
16.105696	-1.873355095e-02
16.110696	-3.106503273e-02
16.115697	-1.547372141e-02
16.120697	-4.251221260e-03
16.125697	-2.099951214e-02
16.130697	-3.017613029e-02
16.135697	-1.729870168e-02
16.140698	-2.979335391e-03
16.145698	-1.259693449e-02
16.150698	-3.261408409e-02
16.155698	-2.326450300e-02
16.160698	3.944595927e-04
16.165699	-8.864998440e-04
16.170699	-2.817431189e-03
16.175699	-1.928484419e-03
16.180699	-6.793288959e-03
16.185700	-2.409655588e-02
16.190700	-3.122826244e-02
16.195700	-9.011237534e-03
16.200700	4.993365753e-04
16.205700	1.494278752e-03
16.210701	1.609258960e-03
16.215701	3.362991570e-04
16.220701	-5.857447958e-03
16.225701	-8.457350411e-03
16.230702	-9.060339178e-03
16.235702	-2.751955615e-02
16.240702	-2.216480243e-02
16.245702	-3.797588765e-04
16.250702	4.981883389e-04
16.255703	-2.597692688e-03
16.260703	-1.414420846e-02
16.265703	-3.438134860e-02
16.270703	-1.879203725e-02
16.275703	-3.200725999e-03
16.280704	-1.985793360e-03
16.285704	-7.731559863e-03
16.290704	-3.315847570e-02
16.295704	-2.498484384e-02
16.300705	-3.697778775e-03
16.305705	4.990249704e-04
16.310705	-1.822889529e-03
16.315705	-1.209946021e-02
16.320705	-1.404039118e-02
16.325706	-2.210005768e-02
16.330706	-2.000616305e-02
16.335706	-3.036911378e-03
16.340706	-1.269002661e-03
16.345706	-2.100981571e-03
16.350707	-1.432025358e-03
16.355707	1.272842856e-03
16.360707	1.932799455e-03
16.365707	-2.761012544e-03
16.370708	9.388126609e-04
16.375708	-8.291258048e-04
16.380708	-7.339859276e-03
16.385708	-3.430043152e-03
16.390708	-1.718132031e-03
16.395709	2.307688452e-04
16.400709	-5.963978290e-03
16.405709	-1.995738835e-02
16.410709	-1.414565444e-02
16.415710	-9.394874672e-03
16.420710	-4.261111461e-03
16.425710	-4.382915894e-04
16.430710	-3.975153614e-03
16.435710	-1.327282961e-03
16.440711	-6.103288497e-04
16.445711	9.385893003e-04
16.450711	2.773495088e-03
16.455711	2.496492156e-03
16.460711	-8.293789963e-04
16.465712	-2.436324447e-03
16.470712	-6.104182759e-04
16.475712	-1.034550979e-04
16.480712	1.735180195e-04
16.485713	8.344745388e-04
16.490713	-1.107456439e-03
16.495713	-1.280463876e-03
16.500713	4.414467817e-04
16.505713	-1.040504082e-03
16.510714	-4.912351649e-03
16.515714	-2.493471119e-03
16.520714	2.649291676e-03
16.525714	3.098257348e-03
16.530714	-5.662121347e-05
16.535715	-1.709564694e-03
16.540715	3.943294447e-04
16.545715	2.324231102e-03
16.550715	7.182855873e-04
16.555716	-6.106719009e-04
16.560716	3.352722824e-04
16.565716	1.053226319e-03
16.570716	4.925478083e-05
16.575716	1.780047259e-02
16.580717	2.880298210e-02
16.585717	9.952781920e-03
16.590717	2.487089670e-03
16.595717	4.473988853e-03
16.600717	5.142945000e-03
16.605718	1.110104371e-03
16.610718	8.126786150e-03
16.615718	2.448206429e-02
16.620718	2.088720473e-02
16.625719	9.837667373e-03
16.630719	6.024817230e-03
16.635719	1.078359660e-02
16.640719	2.454798672e-02
16.645719	2.056314401e-02
16.650720	9.340614125e-03
16.655720	4.196821504e-03
16.660720	-1.661940214e-03
16.665720	1.122348789e-02
16.670721	3.200457473e-02
16.675721	2.581082748e-02
16.680721	6.797634332e-03
16.685721	2.323812748e-03
16.690721	2.338288756e-02
16.695722	2.608775570e-02
16.700722	9.501457644e-03
16.705722	1.021941166e-02
16.710722	1.884756944e-03
16.715722	1.011438628e-02
16.720723	2.962452804e-02
16.725723	2.145186632e-02
16.730723	6.194510826e-03
16.735723	2.208668144e-03
16.740724	1.105127098e-02
16.745724	2.123081603e-02
16.750724	2.161378451e-02
16.755724	1.387210417e-02
16.760724	4.426497467e-03
16.765725	4.406547811e-04
16.770725	3.836422798e-04
16.775725	2.982514983e-03
16.780725	2.820507019e-03
16.785725	2.103523042e-03
16.790726	-2.763890598e-04
16.795726	-9.933730381e-04
16.800726	-1.385371064e-03
16.805726	-6.684170216e-04
16.810727	-7.456138608e-03
16.815727	-2.796026733e-02
16.820727	-2.813227487e-02
16.825727	-5.974247571e-03
16.830727	1.654407727e-03
16.835728	-2.541425890e-03
16.840728	-5.801299962e-03
16.845728	-2.221560546e-02
16.850728	-3.492907093e-02
16.855729	-9.835170526e-03
16.860729	3.919219998e-03
16.865729	-4.645424789e-03
16.870729	-1.099216544e-02
16.875729	-2.956637759e-02
16.880730	-2.620153800e-02
16.885730	-3.594530111e-03
16.890730	5.829702844e-05
16.895730	-1.050670015e-03
16.900730	-6.597018896e-04
16.905731	-3.039614000e-03
16.910731	-4.817552129e-03
16.915731	-3.698615469e-03
16.920731	-8.217547917e-04
16.925732	-2.777932803e-04
16.930732	6.591512452e-04
16.935732	-6.598067233e-04
16.940732	1.167099335e-03
16.945732	2.046046367e-03
16.950733	1.988033897e-03
16.955733	-1.107847269e-03
16.960733	-2.778981194e-04
16.965733	1.814996442e-03
16.970733	-3.316796726e-03
16.975734	-1.166145103e-02
16.980734	-3.012066815e-02
16.985734	-1.862118016e-02
16.990734	0.000000000e+00
