expfull_T9_run15
3433	0
0.000000	0.000000000e+00
0.005000	-2.265884157e-03
0.010001	4.969550030e-04
0.015001	3.039806267e-03
0.020001	1.996854823e-03
0.025001	-2.044931622e-03
0.030002	-2.493915746e-03
0.035002	-2.200496822e-04
0.040002	2.704780565e-03
0.045002	-3.920578719e-04
0.050003	-8.220430407e-04
0.055003	1.223835567e-03
0.060003	-6.120722467e-04
0.065004	1.710791121e-03
0.070004	6.688396237e-04
0.075004	-1.988023020e-03
0.080004	4.398345711e-04
0.085005	3.338315774e-04
0.090005	-1.721064187e-03
0.095005	-2.275042533e-03
0.100006	-4.971491791e-04
0.105006	3.822604320e-03
0.110006	8.317600525e-04
0.115006	-1.385126798e-03
0.120007	-1.100151303e-03
0.125007	-8.321748720e-04
0.130007	1.271700547e-03
0.135007	7.737191215e-04
0.140008	1.538668209e-03
0.145008	1.605655699e-03
0.150008	5.773204318e-05
0.155009	-1.142673170e-04
0.160009	4.956902993e-04
0.165009	-3.832701630e-04
0.170009	5.769675180e-05
0.175010	2.196790167e-04
0.180010	-1.633087335e-04
0.185010	-1.768229252e-03
0.190010	-5.543048648e-04
0.195011	1.594568081e-03
0.200011	-4.403287788e-04
0.205011	5.556076031e-04
0.210012	4.662678678e-05
0.215012	-3.098209003e-03
0.220012	1.726022150e-04
0.225012	-3.833760146e-04
0.230013	3.245762140e-04
0.235013	5.028308593e-03
0.240013	-3.254056615e-04
0.245013	-2.046319794e-03
0.250014	-5.843798671e-05
0.255014	2.379419063e-03
0.260014	1.825440726e-03
0.265015	-2.982303566e-03
0.270015	-2.323348638e-03
0.275015	1.045089632e-04
0.280015	-1.144878032e-04
0.285016	1.108436095e-03
0.290016	9.454362489e-04
0.295016	-1.931414279e-03
0.300017	-1.606440974e-03
0.305017	3.814408382e-04
0.310017	8.884041316e-04
0.315017	-5.545252901e-04
0.320018	4.743277753e-05
0.325018	3.914050402e-04
0.330018	2.184057475e-04
0.335018	1.376333227e-03
0.340019	-2.195877749e-04
0.345019	-7.185691304e-04
0.350019	-1.434538547e-03
0.355020	8.793253344e-04
0.360020	1.882261344e-03
0.365020	-7.176044174e-04
0.370020	5.543167936e-04
0.375021	-7.176220302e-04
0.380021	-1.941563494e-03
0.385021	5.631777564e-05
0.390021	-8.316421732e-04
0.395022	1.376227544e-03
0.400022	2.436160422e-03
0.405022	6.682488906e-04
0.410023	-5.556925699e-04
0.415023	-3.212555190e-03
0.420023	3.912377261e-04
0.425023	1.051192614e-03
0.430024	1.052358612e-04
0.435024	2.762176542e-04
0.440024	-2.323648098e-03
0.445024	-6.027515813e-04
0.450025	2.981042439e-03
0.455025	3.640997331e-03
0.460025	-2.600668045e-03
0.465026	-1.826719424e-03
0.470026	1.834070362e-03
0.475026	-6.608011623e-04
0.480026	-1.940739533e-03
0.485027	1.141386139e-04
0.490027	1.547050982e-03
0.495027	6.020941830e-04
0.500028	-6.598451748e-04
0.505028	-2.046777655e-03
0.510028	4.960736469e-04
0.515028	4.480675000e-04
0.520029	-1.281846107e-03
0.525029	2.760593897e-04
0.530029	7.830227102e-04
0.535029	1.212990268e-03
0.540030	1.610393625e-04
0.545030	-2.160841670e-03
0.550030	-2.199572412e-04
0.555031	-7.189385690e-04
0.560031	-4.979595086e-04
0.565031	6.689675060e-04
0.570031	-3.929828443e-04
0.575032	9.359352591e-04
0.580032	-3.830009501e-04
0.585032	-8.899818326e-04
0.590032	1.211893745e-03
0.595033	2.759364665e-04
0.600033	5.693974143e-05
0.605033	8.878852488e-04
0.610034	5.592225136e-05
0.615034	-6.700465771e-04
0.620034	6.578715893e-04
0.625034	1.269829149e-03
0.630035	-6.600734354e-04
0.635035	-1.989009084e-03
0.640035	2.589730223e-03
0.645035	-6.610996801e-04
0.650036	-5.461147718e-04
0.655036	2.206725001e-03
0.660036	1.608288042e-04
0.665037	3.338105244e-04
0.670037	-1.158116150e-03
0.675037	1.040754106e-03
0.680037	-5.551668444e-04
0.685038	-1.263136650e-03
0.690038	-1.664123345e-03
0.695038	-4.981962508e-04
0.700039	5.527371709e-04
0.705039	2.667441522e-04
0.710039	6.107164734e-04
0.715039	1.938634658e-03
0.720040	6.576963854e-04
0.725040	-3.375090478e-03
0.730040	8.886661783e-04
0.735040	1.212639605e-03
0.740041	-2.047189784e-03
0.745041	2.044576339e-03
0.750041	1.317607593e-03
0.755042	-1.273258600e-03
0.760042	5.565954005e-05
0.765042	-1.063402879e-04
0.770042	8.785967801e-04
0.775043	4.956091134e-04
0.780043	-1.263302848e-03
0.785043	7.735763449e-04
0.790043	-2.303771525e-04
0.795044	-1.665306936e-03
0.800044	1.222525440e-03
0.805044	2.216462021e-03
0.810045	2.598432274e-03
0.815045	9.925119033e-04
0.820045	-3.156268557e-03
0.825045	-1.779353043e-03
0.830046	7.724978269e-04
0.835046	-9.964135713e-04
0.840046	-1.477036866e-06
0.845046	1.547429019e-03
0.850047	-1.053436601e-03
0.855047	-2.046390688e-03
0.860047	1.490405997e-03
0.865048	2.158360528e-03
0.870048	-1.101468830e-03
0.875048	-7.184986158e-04
0.880048	-1.501464250e-03
0.885049	-9.955008006e-04
0.890049	1.134294745e-04
0.895049	1.604181796e-04
0.900050	1.432339489e-03
0.905050	-6.125567059e-04
0.910050	7.723583896e-04
0.915050	1.164328119e-03
0.920051	-1.166101059e-04
0.925051	-5.565945992e-04
0.930051	5.536303030e-05
0.935051	-1.052584709e-03
0.940052	-1.158587574e-03
0.945052	1.703306124e-04
0.950052	1.050273503e-03
0.955053	1.318250065e-03
0.960053	-3.356676270e-04
0.965053	-4.426704300e-04
0.970053	8.772482582e-04
0.975054	1.824187469e-03
0.980054	-2.037608738e-03
0.985054	-5.556989586e-04
0.990054	7.722192952e-04
0.995055	-5.874366645e-05
1.000055	-4.507307794e-04
1.005055	-1.378688401e-03
1.010056	-2.787575977e-04
1.015056	6.581821753e-04
1.020056	-7.187507394e-04
1.025056	-1.990689429e-03
1.030057	7.721498860e-04
1.035057	2.656037563e-03
1.040057	2.751598925e-04
1.045057	-1.607745176e-03
1.050058	1.212091010e-03
1.055058	-7.188114145e-04
1.060058	-1.817759612e-03
1.065059	3.231139353e-04
1.070059	2.149004815e-03
1.075059	2.262989885e-03
1.080059	-1.101833636e-03
1.085060	-1.435823914e-03
1.090060	-1.167847311e-03
1.095060	-1.169137849e-04
1.100061	1.986961809e-03
1.105061	6.110288658e-04
1.110061	-4.419218465e-04
1.115061	-1.330881580e-03
1.120062	-5.569328062e-04
1.125062	-1.971981907e-06
1.130062	-9.379291247e-04
1.135062	1.163946591e-03
1.140063	3.799810886e-04
1.145063	5.999603505e-04
1.150063	-7.189757139e-04
1.155064	-6.039906718e-04
1.160064	2.540827669e-03
1.165064	-1.549955882e-03
1.170064	-1.215982883e-03
1.175065	1.210874965e-03
1.180065	2.043820513e-03
1.185065	7.158849555e-04
1.190065	-2.439950028e-03
1.195066	-2.267968108e-03
1.200066	-5.009875236e-05
1.205066	1.268820066e-03
1.210067	-7.280786759e-04
1.215067	-1.932021045e-03
1.220067	2.482727444e-03
1.225067	1.268785629e-03
1.230068	-1.321080480e-03
1.235068	9.917836615e-04
1.240068	1.118234759e-04
1.245069	-1.608090493e-03
1.250069	-1.607099146e-03
1.255069	1.383727701e-03
1.260069	2.597652316e-03
1.265070	8.297409953e-04
1.270070	-1.054163942e-03
1.275070	-1.551145186e-03
1.280070	-8.341932200e-04
1.285071	2.645606734e-03
1.290071	7.147043907e-04
1.295071	-1.713170607e-03
1.300072	1.127203518e-04
1.305072	1.211651311e-03
1.310072	-7.282505302e-04
1.315072	1.596920411e-04
1.320073	7.806493041e-04
1.325073	-9.952615538e-04
1.330073	1.202608950e-03
1.335073	-1.437254369e-03
1.340074	-8.242966577e-04
1.345074	-6.133168278e-04
1.350074	-2.487222284e-03
1.355075	7.235924968e-04
1.360075	3.037456631e-03
1.365075	-1.743752063e-04
1.370075	-1.446313775e-03
1.375076	-2.401770197e-06
1.380076	5.035618435e-04
1.385076	6.665443302e-04
1.390076	-1.110366447e-03
1.395077	-1.174296208e-04
1.400077	1.603467155e-03
1.405077	1.326473857e-03
1.410078	-5.945842360e-05
1.415078	-1.551384870e-03
1.420078	-1.274408641e-03
1.425078	1.709418657e-03
1.430079	-1.828395218e-03
1.435079	-2.870346414e-03
1.440079	3.477295811e-03
1.445080	1.039421424e-03
1.450080	-2.430396184e-03
1.455080	1.049403839e-03
1.460080	-9.974920546e-04
1.465081	-9.405037027e-04
1.470081	1.871333078e-03
1.475081	1.881324020e-03
1.480081	1.269349185e-03
1.485082	-5.958620029e-05
1.490082	6.083685466e-04
1.495082	-4.425821291e-04
1.500083	-1.885511236e-03
1.505083	-3.376048977e-04
1.510083	1.431289284e-03
1.515083	-2.796250718e-04
1.520084	-2.696341101e-04
1.525084	3.803216425e-04
1.530084	1.023284536e-04
1.535084	-1.771576925e-03
1.540085	-7.776400917e-04
1.545085	1.268238865e-03
1.550085	-6.069649106e-05
1.555086	-8.246629301e-04
1.560086	-9.956619923e-04
1.565086	-3.947035259e-04
1.570086	-2.733558442e-06
1.575087	2.172458743e-04
1.580087	1.277179095e-03
1.585087	6.092073875e-04
1.590087	-3.367490223e-04
1.595088	6.081905319e-04
1.600088	-2.797690643e-04
1.605088	1.537122519e-03
1.610089	1.546113577e-03
1.615089	-2.096694439e-03
1.620089	-2.268693418e-03
1.625089	-9.487744815e-04
1.630090	-1.608746608e-03
1.635090	2.100040897e-03
1.640090	1.765050895e-03
1.645091	7.710971517e-04
1.650091	6.570949955e-04
1.655091	-2.048764553e-03
1.660091	8.860655473e-04
1.665092	-7.188545703e-04
1.670092	-8.348566068e-04
1.675092	1.822988740e-03
1.680092	1.590718760e-04
1.685093	-1.226860281e-03
1.690093	7.820207800e-04
1.695093	1.439976172e-03
1.700094	-5.994970524e-05
1.705094	-6.139276268e-04
1.710094	8.759819981e-04
1.715094	4.939946184e-04
1.720095	-2.268861762e-03
1.725095	4.939778332e-04
1.730095	2.434862655e-03
1.735095	-1.656920599e-03
1.740096	-2.163901089e-03
1.745096	1.210904845e-03
1.750096	-1.273966815e-03
1.755097	9.909001941e-04
1.760097	2.147828165e-03
1.765097	-9.400103117e-04
1.770097	-1.650613189e-04
1.775098	-5.000512539e-04
1.780098	4.458883360e-04
1.785098	-1.494013291e-03
1.790098	-3.380852492e-04
1.795099	1.095827500e-03
1.800099	2.168675074e-04
1.805099	1.105810246e-03
1.810100	-2.221015058e-03
1.815100	1.153790913e-03
1.820100	2.931684749e-03
1.825100	-3.042994861e-03
1.830101	-2.269045782e-03
1.835101	7.127818213e-04
1.840101	-5.001597742e-04
1.845102	9.437524511e-04
1.850102	2.367665780e-03
1.855102	1.597789346e-04
1.860102	-1.045163090e-03
1.865103	-2.269104067e-03
1.870103	-1.752275899e-04
1.875103	2.874596293e-03
1.880103	1.545661101e-03
1.885104	-1.112200969e-03
1.890104	-2.881111948e-03
1.895104	-1.609190233e-03
1.900105	-3.286890300e-06
1.905105	8.846559574e-04
1.910105	2.377565522e-03
1.915105	9.346366216e-04
1.920106	-2.233079563e-04
1.925106	1.104610695e-03
1.930106	-5.583060937e-04
1.935106	-3.373265326e-04
1.940107	1.765549488e-03
1.945107	-1.495279374e-03
1.950107	-5.003423877e-04
1.955108	1.268552017e-03
1.960108	-1.877283163e-03
1.965108	-1.275324547e-03
1.970108	-1.753933262e-04
1.975109	1.545503731e-03
1.980109	1.105744269e-04
1.985109	-1.111366593e-03
1.990109	-1.174295294e-04
1.995110	-2.049331481e-03
2.000110	3.305293338e-04
2.005110	2.042426904e-03
2.010111	1.268461250e-03
2.015111	8.844741425e-04
2.020111	-1.772387907e-03
2.025111	-6.144598459e-04
2.030112	1.708404123e-03
2.035112	-7.784672711e-04
2.040112	8.854329600e-04
2.045113	1.268403672e-03
2.050113	-1.725439819e-03
2.055113	-2.049430205e-03
2.060113	-1.044493705e-03
2.065114	-3.855381665e-04
2.070114	8.753842544e-04
2.075114	1.487342385e-03
2.080114	-9.975290923e-04
2.085115	-1.332518854e-03
2.090115	-3.600162528e-06
2.095115	1.822291188e-03
2.100116	1.545298245e-03
2.105116	-8.935757483e-04
2.110116	-9.405813402e-04
2.115116	-1.551555899e-03
2.120117	7.133113143e-04
2.125117	2.377211596e-03
2.130117	2.042221862e-03
2.135117	-8.836253191e-04
2.140118	-1.935575600e-03
2.145118	-2.766538037e-03
2.150118	-2.906824135e-04
2.155119	2.310166336e-03
2.160119	-3.276966749e-04
2.165119	1.277206878e-03
2.170119	-3.730785257e-06
2.175120	-2.833583223e-03
2.180120	8.182077181e-04
2.185120	1.545159589e-03
2.190120	-6.637270054e-04
2.195121	4.922012692e-04
2.200121	-2.211658085e-03
2.205121	5.521817275e-04
2.210122	2.204082723e-03
2.215122	-1.667949428e-04
2.220122	-2.237999160e-04
2.225122	-1.668111580e-04
2.230123	9.341201648e-04
2.235123	4.361394640e-04
2.240123	-5.018170259e-04
2.245124	-2.603709472e-03
2.250124	6.661025305e-04
2.255124	3.532936708e-03
2.260124	-4.448525151e-04
2.265125	-2.489748084e-03
2.270125	6.560707534e-04
2.275125	1.984989561e-03
2.280125	8.760425054e-04
2.285126	-1.495835060e-03
2.290126	-1.380849451e-03
2.295126	9.340151228e-04
2.300127	8.280128974e-04
2.305127	-6.194619094e-05
2.310127	7.130031198e-04
2.315127	8.279887454e-04
2.320128	-1.389897270e-03
2.325128	-7.209421171e-04
2.330128	-2.809743622e-04
2.335128	1.601914006e-03
2.340129	1.099880613e-04
2.345129	-7.309736963e-04
2.350129	3.309598511e-04
2.355130	-4.029738576e-06
2.360130	4.395960338e-05
2.365130	-1.322973201e-03
2.370130	-1.600965917e-03
2.375131	-1.190554600e-04
2.380131	-2.330571917e-04
2.385131	-6.207459988e-05
2.390131	1.679047493e-04
2.395132	2.214784135e-03
2.400132	5.978651084e-04
2.405132	-2.546969848e-03
2.410133	-4.440935329e-04
2.415133	1.152810624e-03
2.420133	8.278205290e-04
2.425133	-5.011143253e-04
2.430134	2.728351218e-04
2.435134	6.068087802e-04
2.440134	-9.501135197e-04
2.445135	1.869723372e-03
2.450135	2.595675474e-03
2.455135	-2.825034227e-03
2.460135	-2.872039590e-03
2.465136	-1.380129621e-03
2.470136	9.897320461e-04
2.475136	1.324705678e-03
2.480136	1.869667759e-03
2.485137	-6.223387779e-05
2.490137	-2.987080878e-03
2.495137	1.007413038e-04
2.500138	8.276933860e-04
2.505138	-3.282509300e-04
2.510138	1.324650213e-03
2.515138	-1.762751147e-04
2.520139	-9.502404367e-04
2.525139	2.098583913e-03
2.530139	1.046633893e-03
2.535139	-1.218249387e-03
2.540140	-1.391247760e-03
2.545140	1.151604442e-03
2.550140	2.041547593e-03
2.555141	1.686427604e-04
2.560141	-1.552270431e-03
2.565141	-2.385232474e-03
2.570141	1.106223324e-04
2.575142	6.545845371e-04
2.580142	-2.813718284e-04
2.585142	1.382528764e-03
2.590143	1.046539395e-03
2.595143	4.355651600e-04
2.600143	3.875599536e-04
2.605143	9.895189894e-04
2.610144	5.405358524e-04
2.615144	-2.375311552e-03
2.620144	-2.155331489e-03
2.625144	-6.164239895e-04
2.630145	4.925071710e-04
2.635145	2.538386784e-03
2.640145	5.504883413e-04
2.645146	-4.444647299e-04
2.650146	-2.824814527e-04
2.655146	-7.204651612e-04
2.660146	5.974545232e-04
2.665147	1.208413109e-03
2.670147	-6.634916931e-04
2.675147	6.554279476e-04
2.680147	8.274106974e-04
2.685148	-5.595207767e-04
2.690148	-6.165254203e-04
2.695148	-2.652421180e-03
2.700149	-2.050462073e-03
2.705149	5.503870582e-04
2.710149	2.098294127e-03
2.715149	-4.597931798e-06
2.720150	1.583853437e-04
2.725150	1.013807270e-04
2.730150	-1.496539104e-03
2.735150	-6.655925684e-04
2.740151	-4.636676205e-06
2.745151	9.333039800e-04
2.750151	9.422957515e-04
2.755152	-5.506298367e-04
2.760152	1.573234853e-04
2.765152	2.063130678e-04
2.770152	-1.218616250e-03
2.775153	1.103029180e-04
2.780153	1.314228967e-03
2.785153	-4.446819631e-04
2.790154	-1.877610825e-03
2.795154	-1.333648452e-03
2.800154	1.429191840e-03
2.805154	1.936156256e-03
2.810155	5.492248790e-04
2.815155	-2.337397244e-04
2.820155	-6.737231948e-04
2.825155	-3.877466041e-04
2.830156	-4.775346037e-06
2.835156	-5.017556685e-04
2.840156	5.320613452e-05
2.845157	1.001958905e-04
2.850157	1.600105710e-03
2.855157	7.121469154e-04
2.860157	-1.878718180e-03
2.865158	3.301526440e-04
2.870158	3.211455011e-04
2.875158	6.061221871e-04
2.880158	1.381071919e-03
2.885159	-6.638231963e-04
2.890159	8.170877009e-04
2.895159	-1.198683653e-04
2.900160	-1.161818651e-03
2.905160	-6.168562447e-04
2.910160	-6.168638501e-04
2.915160	-2.049792611e-03
2.920161	-2.269788105e-03
2.925161	2.374948746e-03
2.930161	1.877968500e-03
2.935161	3.870429467e-04
2.940162	-1.935836828e-03
2.945162	-1.391874334e-03
2.950162	-2.339456170e-04
2.955163	2.318906355e-03
2.960163	1.982917277e-03
2.965163	-1.831880391e-03
2.970163	1.670020729e-04
2.975164	1.094943465e-03
2.980164	9.889417494e-04
2.985164	-5.300846542e-05
2.990165	-2.050906079e-03
2.995165	2.040861254e-03
3.000165	1.868863186e-03
3.005165	-2.499903968e-03
3.010166	-1.209982463e-03
3.015166	1.657852229e-03
3.020166	-2.920480007e-04
3.025166	-1.935965061e-03
3.030167	4.448964367e-04
3.035167	-6.170526355e-04
3.040167	1.208839406e-03
3.045168	1.543813482e-03
3.050168	1.045833393e-03
3.055168	1.600795374e-03
3.060168	-3.712919742e-03
3.065169	-9.510791755e-04
3.070169	2.238487079e-04
3.075169	-1.994036730e-03
3.080169	2.642700691e-03
3.085170	2.260714250e-03
3.090170	8.837825555e-04
3.095170	-6.171423124e-04
3.100171	-2.442049350e-03
3.105171	-2.156072526e-03
3.110171	-2.156079962e-03
3.115171	1.151730607e-03
3.120172	4.337626824e-04
3.125172	3.297609810e-04
3.130172	1.428693098e-03
3.135172	-7.231959188e-04
3.140173	-1.219176040e-03
3.145173	2.098634006e-03
3.150173	3.091571972e-03
3.155174	-1.888161437e-03
3.160174	-7.792298444e-04
3.165174	-5.279816121e-06
3.170174	1.046654922e-03
3.175175	1.982596046e-03
3.180175	-9.422504023e-04
3.185175	-1.773212053e-03
3.190176	-1.287246157e-03
3.195176	-1.325251428e-03
3.200176	2.816528015e-04
3.205176	2.145542896e-03
3.210177	-4.543214061e-04
3.215177	-2.108237751e-03
3.220177	-1.673518788e-04
3.225177	-1.879265023e-03
3.230178	2.861466808e-03
3.235178	3.636416844e-03
3.240178	-1.601302295e-03
3.245179	8.265568058e-04
3.250179	-1.276334804e-03
3.255179	-3.403936082e-04
3.260179	7.115412103e-04
3.265180	-1.056368817e-03
3.270180	1.093505601e-03
3.275180	5.255558523e-05
3.280180	2.245388374e-04
3.285181	1.484462235e-03
3.290181	-2.271338394e-03
3.295181	-2.375339944e-03
3.300182	2.030410382e-03
3.305182	4.334909835e-04
3.310182	-5.492121063e-06
3.315182	5.494700915e-04
3.320183	-1.602418759e-03
3.325183	-3.394954894e-04
3.330183	2.920317914e-03
3.335183	7.684290780e-04
3.340184	-2.988371450e-03
3.345184	6.634204003e-04
3.350184	1.103388972e-03
3.355185	-1.775477658e-04
3.360185	1.046377682e-03
3.365185	-6.175379754e-04
3.370185	8.163759277e-04
3.375186	-7.705439563e-04
3.380186	-1.219526446e-03
3.385186	5.493690405e-04
3.390187	3.863708254e-04
3.395187	-4.545900830e-04
3.400187	-1.611533601e-03
3.405187	-1.889525475e-03
3.410188	-1.000581550e-03
3.415188	2.155237655e-03
3.420188	1.878245740e-03
3.425188	-2.328529950e-03
3.430189	-9.516128548e-04
3.435189	1.819227551e-03
3.440189	1.083145505e-04
3.445190	3.772926198e-04
3.450190	-1.114632420e-03
3.455190	4.432747411e-04
3.460190	3.862707605e-04
3.465191	-1.611626426e-03
3.470191	-3.407034605e-04
3.475191	2.142589025e-04
3.480191	1.046206030e-03
3.485192	2.976092754e-03
3.490192	-1.219683480e-03
3.495192	-3.369572275e-03
3.500193	5.962024467e-04
3.505193	2.097112792e-03
3.510193	4.431967226e-04
3.515193	7.111749142e-04
3.520194	4.351830402e-04
3.525194	-1.334726633e-03
3.530194	-1.057748922e-03
3.535194	1.091798287e-04
3.540195	1.046121238e-03
3.545195	3.761510651e-04
3.550195	2.131530034e-04
3.555196	6.541217159e-04
3.560196	1.151087352e-03
3.565196	-1.545771280e-03
3.570196	-2.271738347e-03
3.575197	7.590878892e-04
3.580197	2.711077376e-04
3.585197	-5.018567290e-04
3.590198	4.920815931e-04
3.595198	2.372971120e-03
3.600198	5.480645463e-04
3.605198	-3.045744696e-03
3.610199	-1.172854714e-03
3.615199	7.120346118e-04
3.620199	9.410150521e-04
3.625199	-1.831839340e-03
3.630200	-1.496864721e-03
3.635200	3.090875912e-03
3.640200	1.532954689e-03
3.645201	-7.229281270e-04
3.650201	-1.109687285e-04
3.655201	6.539822574e-04
3.660201	-1.109825749e-04
3.665202	-9.999405799e-04
3.670202	2.421864239e-03
3.675202	9.879362289e-04
3.680202	-2.490879265e-03
3.685203	-1.496940849e-03
3.690203	1.264900302e-03
3.695203	-1.120308238e-04
3.700204	-1.780340731e-04
3.705204	-3.410319805e-04
3.710204	-2.988893164e-03
3.715204	1.485853767e-03
3.720205	-3.400526310e-04
3.725205	-3.980562950e-04
3.730205	1.981805913e-03
3.735206	-7.710494682e-04
3.740206	-8.860499809e-04
3.745206	3.768736973e-04
3.750206	-6.310892444e-05
3.755207	-9.430673333e-04
3.760207	1.217806954e-03
3.765207	9.878127943e-04
3.770207	-2.167020434e-03
3.775208	-9.430945794e-04
3.780208	1.045789192e-03
3.785208	9.307887254e-04
3.790209	-5.031391677e-04
3.795209	-3.891522229e-04
3.800209	7.097805347e-04
3.805209	9.980732263e-05
3.810210	2.717910919e-04
3.815210	3.287811935e-04
3.820210	-2.261950290e-04
3.825210	-4.471896222e-04
3.830211	-1.612132274e-03
3.835211	-1.114166414e-03
3.840211	3.368580206e-03
3.845212	3.033591905e-03
3.850212	-9.431960156e-04
3.855212	-4.462300800e-04
3.860212	-1.212546763e-04
3.865213	-3.046100460e-03
3.870213	-6.182407478e-04
3.875213	3.797509595e-03
3.880213	1.762614861e-03
3.885214	-1.993185182e-03
3.890214	-3.412827550e-04
3.895214	-7.812652259e-04
3.900215	-1.105254074e-03
3.905215	8.256330193e-04
3.910215	4.336479235e-04
3.915215	-2.263224224e-04
3.920216	5.065568554e-05
3.925216	4.336279669e-04
3.930216	2.136334293e-04
3.935217	-8.863126876e-04
3.940217	-1.278297752e-03
3.945217	3.766045687e-04
3.950217	-5.033536360e-04
3.955218	-8.863391791e-04
3.960218	1.265535814e-03
3.965218	7.105597441e-04
3.970218	-5.613768723e-04
3.975219	3.185681188e-04
3.980219	2.870421126e-03
3.985219	-5.442453032e-05
3.990220	-3.103263359e-03
3.995220	4.155703882e-05
4.000220	2.039440547e-03
4.005220	-5.514234633e-04
4.010221	-6.345686759e-05
4.015221	-2.264544500e-04
4.020221	-1.880369996e-03
4.025221	4.151772101e-05
4.030222	9.304622764e-04
4.035222	2.124952504e-04
4.040222	-5.034718801e-04
4.045223	1.934387469e-03
4.050223	1.761390475e-03
4.055223	-2.386387819e-03
4.060223	-9.424737653e-04
4.065224	8.254224677e-04
4.070224	-7.334982502e-04
4.075224	9.844949025e-05
4.080224	9.393967410e-04
4.085225	1.379366059e-03
4.090225	-1.392487900e-03
4.095225	-3.438381797e-03
4.100226	6.633860632e-04
4.105226	3.425227653e-03
4.110226	2.123979779e-04
4.115226	-2.988432352e-03
4.120227	2.133850467e-04
4.125227	1.321317657e-03
4.130227	-1.832515241e-03
4.135228	2.613631330e-04
4.140228	1.877267811e-03
4.145228	1.102304042e-03
4.150228	1.092298191e-03
4.155229	-1.995538312e-03
4.160229	-1.937547894e-03
4.165229	3.148165902e-03
4.170229	1.876229504e-03
4.175230	-1.497591241e-03
4.180230	-2.549539731e-03
4.185230	4.902866529e-04
4.190231	4.130499838e-05
4.195231	-1.335625594e-03
4.200231	2.870136656e-03
4.205231	3.282701698e-04
4.210232	-1.994608359e-03
4.215232	1.035218608e-03
4.220232	5.126642181e-05
4.225232	-2.157618362e-03
4.230233	5.952238618e-04
4.235233	2.144132333e-03
4.240233	-1.832655163e-03
4.245234	-1.546677194e-03
4.250234	2.430097712e-03
4.255234	8.161802259e-04
4.260234	-1.717686638e-03
4.265235	-6.787045729e-06
4.270235	-1.115732298e-03
4.275235	3.751794092e-04
4.280235	2.871035830e-03
4.285236	-1.048754751e-03
4.290236	2.131695722e-04
4.295236	2.039062872e-03
4.300237	-3.161657215e-03
4.305237	-1.218306953e-04
4.310237	9.871020689e-04
4.315237	-1.889745861e-03
4.320238	5.014119487e-05
4.325238	-1.106801354e-03
4.330238	1.600043515e-03
4.335239	1.877022083e-03
4.340239	-1.798709331e-04
4.345239	-1.218803052e-04
4.350239	-4.458686548e-04
4.355240	-3.888779604e-04
4.360240	-7.808625572e-04
4.365240	4.108606031e-05
4.370240	1.379006295e-03
4.375241	-1.699146296e-04
4.380241	-1.172865588e-03
4.385241	7.100246796e-04
4.390242	-4.479177390e-04
4.395242	-1.717853990e-03
4.400242	1.923939519e-03
4.405242	1.598951288e-03
4.410243	-6.966459490e-06
4.415243	-6.189388886e-04
4.420243	-2.214857174e-03
4.425243	1.080089315e-04
4.430244	-1.689819109e-04
4.435244	3.179852191e-04
4.440244	1.541911807e-03
4.445245	-2.839937956e-04
4.450245	-1.058957216e-03
4.455245	-1.700121794e-04
4.460245	1.598884447e-03
4.465246	1.703872629e-03
4.470246	-1.229971984e-03
4.475246	-2.549905390e-03
4.480246	-1.221984477e-03
4.485247	3.279242278e-04
4.490247	2.095820945e-03
4.495247	-1.392993104e-03
4.500248	1.559156735e-04
4.505248	1.043860824e-03
4.510248	2.698974197e-04
4.515248	1.761809351e-03
4.520249	-2.109983597e-03
4.525249	1.078884043e-04
4.530249	2.535748857e-03
4.535250	-1.173053041e-03
4.540250	-1.661032144e-03
4.545250	2.218583113e-04
4.550250	1.149801315e-03
4.555251	4.085639484e-05
4.560251	2.118410585e-04
4.565251	-7.152815031e-06
4.570251	-3.705955221e-03
4.575252	7.087959656e-04
4.580252	2.373698457e-03
4.585252	4.427987976e-04
4.590253	-5.621518021e-04
4.595253	-1.393111969e-03
4.600253	2.038693330e-03
4.605253	1.647905592e-04
4.610254	-1.116144831e-03
4.615254	-3.421932773e-04
4.620254	-6.521437338e-05
4.625254	7.677339468e-04
4.630255	6.047370706e-04
4.635255	3.167470777e-04
4.640255	-1.718146793e-03
4.645256	-1.122409776e-04
4.650256	1.149683770e-03
4.655256	4.073897121e-05
4.660256	-2.272520917e-04
4.665257	-1.938163758e-03
4.670257	-3.412574167e-04
4.675257	2.927556941e-03
4.680257	4.316884820e-04
4.685258	-1.222868154e-04
4.690258	9.386490399e-04
4.695258	-2.932143752e-03
4.700259	-8.962615266e-04
4.705259	3.357498676e-03
4.710259	6.046443928e-04
4.715259	-6.672913653e-04
4.720260	-2.435199828e-03
4.725260	-7.339139322e-06
4.730260	1.923548900e-03
4.735261	5.064623183e-05
4.740261	1.760546442e-03
4.745261	-2.168243097e-03
4.750261	-2.386236801e-03
4.755262	-1.163309778e-03
4.760262	1.874517393e-03
4.765262	2.754463299e-03
4.770262	-4.815125891e-03
4.775263	-2.215274603e-03
4.780263	2.095482556e-03
4.785263	-5.613769162e-04
4.790264	4.058431538e-05
4.795264	1.043523491e-03
4.800264	-3.324064401e-04
4.805264	-2.274178461e-04
4.810265	1.369488668e-03
4.815265	-3.994196227e-04
4.820265	-8.404009704e-04
4.825265	-2.844371645e-04
4.830266	-2.744433126e-04
4.835266	6.614995991e-04
4.840266	-1.393392925e-03
4.845267	-2.844595189e-04
4.850267	1.760422397e-03
4.855267	-2.274737946e-04
4.860267	-8.864430984e-04
4.865268	4.324787792e-04
4.870268	1.541412217e-03
4.875268	1.263421970e-03
4.880269	-2.944978478e-04
4.885269	-1.278449239e-03
4.890269	-2.655379003e-03
4.895269	2.694545542e-04
4.900270	1.875360686e-03
4.905270	1.426379885e-03
4.910270	3.744322661e-04
4.915270	-7.815096247e-04
4.920271	5.043911584e-05
4.925271	4.894094846e-04
4.930271	1.368355652e-03
4.935272	-2.770422096e-03
4.940272	-3.315617433e-04
4.945272	4.083189901e-03
4.950272	-5.625599340e-04
4.955273	-1.832495502e-03
4.960273	1.483316626e-03
4.965273	2.123811253e-04
4.970273	-3.104441803e-03
4.975274	-2.053505041e-03
4.980274	3.263586087e-04
4.985274	2.649225401e-03
4.990275	-1.115572854e-03
4.995275	-1.833538740e-03
5.000275	-4.476203778e-04
5.005275	-1.216436900e-04
5.010276	3.137171637e-03
5.015276	-3.326428151e-04
5.020276	-2.435532470e-03
5.025276	1.865225548e-03
5.030277	7.092838040e-04
5.035277	6.622810518e-04
5.040277	2.649166400e-03
5.045278	-8.396469684e-04
5.050278	-2.989533999e-03
5.055278	-8.976544083e-04
5.060278	2.525151961e-03
5.065279	-1.163650379e-03
5.070279	-1.049661944e-03
5.075279	1.043217618e-03
5.080280	-1.498647807e-03
5.085280	9.872101459e-04
5.090280	1.646168622e-03
5.095280	-7.247061913e-04
5.100281	-2.273626223e-03
5.105281	8.711954991e-04
5.110281	1.598150260e-03
5.115281	-3.543572074e-03
5.120282	1.542192434e-04
5.125282	8.231772151e-04
5.130282	-7.817396965e-04
5.135283	2.038099945e-03
5.140283	4.891799658e-04
5.145283	-6.479474980e-05
5.150283	2.691816855e-04
5.155284	-1.384732498e-03
5.160284	-6.481029664e-05
5.165284	-8.397728272e-04
5.170284	-5.047964207e-04
5.175285	1.206104288e-03
5.180285	4.916279391e-05
5.185285	1.598072429e-03
5.190286	1.321082532e-03
5.195286	9.714474390e-05
5.200286	-1.833754140e-03
5.205286	-6.485658315e-05
5.210287	-7.238254366e-04
5.215287	-2.178583790e-04
5.220287	2.973960908e-03
5.225287	-4.568554170e-04
5.230288	4.320905887e-04
5.235288	7.660671357e-04
5.240288	-5.048680074e-04
5.245289	-8.308551355e-04
5.250289	-1.279835490e-03
5.255289	-3.418921469e-04
5.260289	1.044026555e-03
5.265290	7.670367572e-04
5.270290	-1.336852516e-03
5.275290	-1.059872780e-03
5.280291	1.874960725e-03
5.285291	1.979949938e-03
5.290291	-1.001891004e-03
5.295291	2.690340714e-04
5.300292	1.367968616e-03
5.305292	-8.969117530e-04
5.310292	-2.435832058e-03
5.315292	-1.699616991e-04
5.320293	1.263954442e-03
5.325293	8.809705559e-04
5.330293	-8.399397095e-04
5.335294	-3.999688613e-04
5.340294	-4.479711579e-04
5.345294	-2.273875626e-03
5.350294	-2.279931163e-04
5.355295	3.366804178e-03
5.360295	4.889576083e-04
5.365295	-1.059962073e-03
5.370295	9.696937426e-05
5.375296	-2.053917173e-03
5.380296	1.069590501e-04
5.385296	1.043902622e-03
5.390297	5.469250952e-04
5.395297	9.794493470e-05
5.400297	-3.420357142e-04
5.405297	9.848864275e-04
5.410298	-5.706108739e-05
5.415298	-2.100953468e-03
5.420298	-6.770366426e-04
5.425298	3.739007110e-04
5.430299	-6.190494726e-04
5.435299	-8.087897752e-06
5.440299	6.028736839e-04
5.445300	-9.440459997e-04
5.450300	-3.420839093e-04
5.455300	-6.610387637e-05
5.460300	6.608513504e-04
5.465301	9.858287010e-04
5.470301	3.748575549e-04
5.475301	-8.126128346e-06
5.480302	4.408444205e-04
5.485302	1.980754952e-03
5.490302	-5.631098178e-04
5.495302	-2.102029873e-03
5.500303	5.468196639e-04
5.505303	3.168276039e-04
5.510303	-1.509076641e-03
5.515303	-6.681276115e-04
5.520304	4.408066803e-04
5.525304	1.378750387e-03
5.530304	5.947888409e-04
5.535305	-1.801731935e-04
5.540305	8.227669576e-04
5.545305	1.042750194e-03
5.550305	-1.002141947e-03
5.555306	-8.391555605e-04
5.560306	-1.231995919e-04
5.565306	-6.681742392e-04
5.570306	-4.481909680e-04
5.575307	-1.671128300e-03
5.580307	4.977240390e-05
5.585307	1.376694791e-03
5.590308	3.157485675e-04
5.595308	-1.059180374e-03
5.600308	-1.221176045e-03
5.605308	-3.422289818e-04
5.610309	1.262678145e-03
5.615309	7.177035668e-04
5.620309	6.037052828e-04
5.625309	-6.526245944e-05
5.630310	2.687146225e-04
5.635310	7.076859346e-04
5.640310	-6.192455853e-04
5.645311	-1.393207523e-03
5.650311	6.506755066e-04
5.655311	4.886799121e-04
5.660311	-7.732551562e-04
5.665312	1.636887987e-04
5.670312	9.768794332e-05
5.675312	4.306651428e-04
5.680313	-3.912941054e-04
5.685313	1.598591944e-03
5.690313	-2.168205263e-03
5.695313	-1.777231227e-03
5.700314	1.262597075e-03
5.705314	5.356326346e-04
5.710314	-2.853266267e-04
5.715314	-2.264222171e-03
5.720315	-9.452991557e-04
5.725315	1.865541780e-03
5.730315	-2.283474160e-04
5.735316	-2.885205630e-03
5.740316	1.100570681e-03
5.745316	2.209505285e-03
5.750316	1.546139711e-04
5.755317	-1.174317278e-03
5.760317	-1.233794625e-04
5.765317	-4.483659355e-04
5.770317	-1.442315595e-03
5.775318	-1.002344142e-03
5.780318	2.685815979e-04
5.785318	-1.713985199e-04
5.790319	-3.913907345e-04
5.795319	-6.541298174e-05
5.800319	5.945464022e-04
5.805319	-1.059366896e-03
5.810320	3.265525593e-04
5.815320	-2.294211342e-04
5.820320	-4.157209301e-03
5.825320	1.368482402e-03
5.830321	3.145380374e-03
5.835321	-8.874019949e-04
5.840321	-2.225332629e-03
5.845322	-1.714498761e-04
5.850322	6.605001155e-04
5.855322	1.864429648e-03
5.860322	8.134832517e-04
5.865323	-1.938369552e-03
5.870323	-1.825379975e-03
5.875323	9.651008338e-05
5.880324	-2.854730910e-04
5.885324	-1.997383085e-03
5.890324	1.483421222e-03
5.895324	2.697350261e-03
5.900325	-1.452425579e-03
5.905325	-1.223442333e-03
5.910325	1.769388851e-03
5.915325	6.044488050e-04
5.920326	-1.231454317e-03
5.925326	-2.771373717e-03
5.930326	-6.652665908e-05
5.935327	3.251286680e-03
5.940327	5.464313969e-04
5.945327	-2.991378049e-03
5.950327	-1.135404810e-04
5.955328	2.859291868e-03
5.960328	-2.054441853e-03
5.965328	-4.702300236e-03
5.970328	1.319364386e-03
5.975329	2.419299811e-03
5.980329	-2.168451817e-03
5.985329	-8.574695609e-06
5.990330	1.377345016e-03
5.995330	-2.855675162e-04
6.000330	6.503769679e-04
6.005330	1.539324045e-03
6.010331	-8.875464323e-04
6.015331	-3.905777739e-04
6.020331	-1.786504960e-03
6.025331	-2.608463719e-03
6.030332	1.100328245e-03
6.035332	-1.002560022e-03
6.040332	-8.618671743e-06
6.045333	1.533684608e-04
6.050333	-1.824526662e-03
6.055333	7.183294884e-04
6.060333	-1.236281196e-04
6.065334	-1.394562118e-03
6.070334	4.835457330e-05
6.075334	2.419220215e-03
6.080335	2.113377903e-04
6.085335	-2.771501989e-03
6.090335	3.933946728e-05
6.095335	4.255103631e-03
6.100336	2.821178651e-03
6.105336	-1.806600536e-04
6.110336	-4.586486191e-04
6.115336	-2.437543592e-03
6.120337	-2.856658361e-04
6.125337	-1.728590284e-03
6.130337	-1.116627786e-03
6.135338	1.157243280e-03
6.140338	6.022699977e-04
6.145338	1.540214582e-03
6.150338	-4.476798454e-04
6.155339	1.532832941e-04
6.160339	1.099227460e-03
6.165339	-8.406695862e-04
6.170339	-2.446585001e-03
6.175340	-1.164659299e-03
6.180340	-7.826840742e-04
6.185340	-1.949623620e-03
6.190341	-1.614645794e-03
6.195341	-1.327665321e-03
6.200341	2.209136353e-03
6.205341	1.597166302e-03
6.210342	-2.331621248e-03
6.215342	-7.357127635e-04
6.220342	-1.719662326e-03
6.225343	-7.247207609e-04
6.230343	2.754084148e-03
6.235343	1.979123109e-03
6.240343	3.922617248e-05
6.245344	-3.917537780e-04
6.250344	-2.217656972e-03
6.255344	4.021515039e-05
6.260344	8.231684306e-04
6.265345	7.171706289e-04
6.270345	-6.678986356e-05
6.275345	-1.834696211e-03
6.280346	-1.279730358e-03
6.285346	-6.677676325e-04
6.290346	1.654101020e-03
6.295346	1.531800119e-04
6.300347	-2.885656372e-03
6.305347	-1.834717770e-03
6.310347	-3.908007823e-04
6.315347	9.861198986e-04
6.320348	2.476034370e-03
6.325348	-8.832456359e-06
6.330348	-5.058086502e-04
6.335349	1.424081636e-03
6.340349	-7.838004084e-04
6.345349	-2.379716116e-03
6.350349	2.121377706e-04
6.355350	6.031127582e-04
6.360350	-1.997747634e-03
6.365350	-2.053748039e-03
6.370350	-4.478398755e-04
6.375351	2.111203970e-04
6.380351	1.979019662e-03
6.385351	1.531166685e-04
6.390352	-8.877867257e-06
6.395352	1.061123646e-04
6.400352	2.101032090e-04
6.405352	1.090051367e-03
6.410353	7.660657741e-04
6.415353	7.660623628e-04
6.420353	-1.232831061e-03
6.425354	-1.118840729e-03
6.430354	1.060884850e-04
6.435354	4.908823948e-05
6.440354	2.110759526e-04
6.445355	3.820631779e-04
6.450355	-1.499836638e-03
6.455355	-1.776824750e-03
6.460355	1.205007843e-03
6.465356	1.205004507e-03
6.470356	-2.289199272e-04
6.475356	-6.678990962e-04
6.480357	8.230155582e-04
6.485357	-2.389293198e-04
6.490357	-1.997835843e-03
6.495357	3.814841048e-03
6.500358	4.310239431e-04
6.505358	-2.551815216e-03
6.510358	7.080021571e-04
6.515358	2.581895792e-03
6.520359	6.509987771e-04
6.525359	-1.165904503e-03
6.530359	-8.889229818e-04
6.535360	-3.429562531e-04
6.540360	2.036909581e-03
6.545360	-1.149752380e-04
6.550360	-8.889358635e-04
6.555361	-5.629570008e-04
6.560361	7.079698777e-04
6.565361	-2.389812072e-04
6.570361	-3.429786644e-04
6.575362	9.949445506e-04
6.580362	5.449661446e-04
6.585362	-1.222939741e-03
6.590363	7.649477355e-04
6.595363	1.529902506e-03
6.600363	-5.059886122e-04
6.605363	1.319907799e-03
6.610364	-2.280101519e-04
6.615364	-1.719931177e-03
6.620364	-6.702522435e-05
6.625365	-5.070041125e-04
6.630365	6.029317295e-04
6.635365	4.319380567e-04
6.640365	-1.240344267e-04
6.645366	-1.720348515e-04
6.650366	1.424874227e-03
6.655366	2.679348321e-04
6.660366	-3.340350902e-04
6.665367	-2.860407663e-04
6.670367	-5.060316902e-04
6.675367	2.036825380e-03
6.680368	-1.810556037e-04
6.685368	-5.640375369e-04
6.690368	5.448984512e-04
6.695368	6.028922705e-04
6.700369	1.059166320e-04
6.705369	-5.630495357e-04
6.710369	7.558749291e-04
6.715369	-1.118024927e-03
6.720370	-3.316906895e-03
6.725370	1.099847148e-03
6.730370	6.508689143e-04
6.735371	-6.790608412e-04
6.740371	4.878720320e-04
6.745371	-1.060045714e-03
6.750371	2.753741543e-03
6.755372	3.030723404e-03
6.760372	-6.308765622e-03
6.765372	-1.223048325e-03
6.770372	2.696733131e-03
6.775373	-2.055008293e-03
6.780373	2.313748475e-03
6.785373	1.376797174e-03
6.790374	-1.721035227e-03
6.795374	-4.011106872e-04
6.800374	4.886172534e-05
6.805374	4.978342005e-04
6.810375	-6.781039130e-04
6.815375	-7.931003926e-04
6.820375	1.098792715e-03
6.825376	2.150732045e-03
6.830376	-6.211182295e-04
6.835376	-1.500072645e-03
6.840376	1.214775214e-03
6.845377	2.108276910e-04
6.850377	8.127918175e-04
6.855377	2.678190569e-04
6.860377	-8.881200804e-04
6.865378	2.108167254e-04
6.870378	1.261756180e-03
6.875378	-4.491523997e-04
6.880379	-2.389048372e-03
6.885379	2.973653869e-03
6.890379	8.697669347e-04
6.895379	-2.552047479e-03
6.900380	4.887825366e-04
6.905380	8.217615474e-04
6.910380	9.367525597e-04
6.915380	1.482719867e-03
6.920381	4.779617222e-05
6.925381	-2.667057092e-03
6.930381	-9.205959101e-06
6.935382	1.482709333e-03
6.940382	-1.510128614e-03
6.945382	3.827646309e-04
6.950382	9.857288563e-04
6.955383	-4.702960740e-03
6.960383	-1.386145817e-03
6.965383	4.569523923e-03
6.970383	8.217275607e-04
6.975384	2.677554801e-04
6.980384	-6.622869655e-05
6.985384	-1.825134465e-03
6.990385	-1.443158019e-03
6.995385	1.701666421e-03
7.000385	9.575225769e-05
7.005385	-2.862292395e-04
7.010386	-6.112138649e-04
7.015386	-2.332121678e-03
7.020386	5.927149049e-04
7.025387	1.376669288e-03
7.030387	1.874639414e-03
7.035387	2.017289915e-04
7.040387	-6.692255478e-04
7.045388	-2.772495665e-04
7.050388	-9.552147087e-04
7.055388	-5.062418479e-04
7.060388	7.066889872e-04
7.065389	1.644634960e-03
7.070389	-6.682401974e-04
7.075389	-5.642483245e-04
7.080390	1.424639848e-03
7.085390	8.226705790e-04
7.090390	-1.152801964e-04
7.095390	-1.004233660e-03
7.100391	-4.002692569e-04
7.105391	1.262636890e-03
7.110391	-6.112623575e-04
7.115391	-1.663206822e-03
7.120392	1.204633052e-03
7.125392	-5.062751399e-04
7.130392	9.846405093e-04
7.135393	2.576781952e-04
7.140393	-8.412636444e-04
7.145393	1.157624079e-03
7.150393	-2.217192525e-03
7.155394	-1.243099572e-04
7.160394	4.306572352e-04
7.165394	-3.343029413e-04
7.170394	7.066375282e-04
7.175395	1.536657036e-04
7.180395	-9.327570128e-06
7.185395	-1.893226151e-03
7.190396	4.876406265e-04
7.195396	3.256473212e-04
7.200396	-6.533337716e-05
7.205396	3.250481982e-03
7.210397	3.246407689e-04
7.215397	-2.437209459e-03
7.220397	1.156590628e-03
7.225398	2.035540097e-03
7.230398	3.256320137e-04
7.235398	-6.783149041e-04
7.240398	-1.813443955e-04
7.245399	1.056376746e-04
7.250399	-6.735493928e-05
7.255399	-1.395284000e-03
7.260399	-6.635923469e-05
7.265400	2.093519819e-03
7.270400	-1.003311892e-03
7.275400	-6.736548142e-05
7.280401	6.595924359e-04
7.285401	-8.883244739e-04
7.290401	7.645825128e-04
7.295401	2.676077953e-04
7.300402	-7.263395707e-04
7.305402	8.125737116e-04
7.310402	1.750520067e-03
7.315402	7.655722298e-04
7.320403	-2.265263034e-03
7.325403	1.099549818e-03
7.330403	3.297426883e-03
7.335404	-6.213595017e-04
7.340404	-3.872182630e-03
7.345404	-6.123639700e-04
7.350404	3.528406227e-03
7.355405	-6.639795138e-05
7.360405	-1.281333064e-03
7.365405	-5.063776538e-04
7.370406	-5.063795971e-04
7.375406	2.915430197e-03
7.380406	2.418455613e-03
7.385406	-6.113796028e-04
7.390407	-1.443335740e-03
7.395407	3.255650300e-04
7.400407	1.147517910e-03
7.405407	-1.233352982e-03
7.410408	1.099516782e-03
7.415408	6.025422537e-04
7.420408	-2.294138361e-04
7.425409	7.645296199e-04
7.430409	-1.615341287e-03
7.435409	-3.434131099e-04
7.440409	1.376490427e-03
7.445410	-6.693988318e-04
7.450410	-1.060379137e-03
7.455410	3.355376096e-03
7.460410	-4.014190037e-04
7.465411	-3.766235663e-03
7.470411	1.099494836e-03
7.475411	2.591410973e-03
7.480412	7.065129112e-04
7.485412	1.045442702e-04
7.490412	-5.054239227e-04
7.495412	-2.007343032e-03
7.500413	3.725242882e-04
7.505413	2.313415769e-03
7.510413	2.208419824e-03
7.515413	3.825185721e-04
7.520414	2.638392746e-03
7.525414	1.261466807e-03
7.530414	8.214893247e-04
7.535415	1.864430259e-03
7.540415	-1.280398385e-03
7.545415	9.854752786e-04
7.550415	2.428394230e-03
7.555416	-6.124401124e-04
7.560416	-8.984260201e-04
7.565416	8.224776599e-04
7.570417	-5.644476575e-04
7.575417	-1.244734841e-04
7.580417	5.454880432e-04
7.585417	-6.214493542e-04
7.590418	-9.484620010e-06
7.595418	1.481431762e-03
7.600418	-8.414420116e-04
7.605418	-8.884409969e-04
7.610419	-1.118429906e-03
7.615419	-1.814830128e-04
7.620419	-1.714851103e-04
7.625420	-3.317313564e-03
7.630420	-1.166433439e-03
7.635420	4.749824660e-05
7.640420	-4.014785660e-04
7.645421	2.027386289e-03
7.650421	4.394721571e-04
7.655421	-5.544746470e-04
7.660421	1.702399695e-03
7.665422	-2.964918008e-04
7.670422	-4.014874917e-04
7.675422	-3.914895016e-04
7.680423	5.444575502e-04
7.685423	6.594497793e-04
7.690423	-3.154341819e-03
7.695423	-2.552376368e-03
7.700424	2.915321376e-03
7.705424	2.581338340e-03
7.710424	1.041421663e-03
7.715424	1.098417131e-03
7.720425	-1.715143843e-04
7.725425	-9.524677188e-06
7.730425	-4.585013463e-04
7.735426	1.320399413e-03
7.740426	8.214255111e-04
7.745426	1.203403146e-03
7.750426	1.100407473e-03
7.755427	-4.015112226e-04
7.760427	4.294417337e-04
7.765427	-3.915144130e-04
7.770428	1.041405439e-03
7.775428	1.099400948e-03
7.780428	2.036348104e-03
7.785428	1.524504729e-04
7.790429	-1.835441428e-03
7.795429	1.587368978e-03
7.800429	-9.454929222e-04
7.805429	-1.270476294e-03
7.810430	-9.546915047e-06
7.815430	5.924187282e-04
7.820430	2.674353807e-04
7.825431	-2.438416962e-03
7.830431	2.198326709e-03
7.835431	1.261377057e-03
7.840431	2.674305481e-04
7.845432	2.419310962e-03
7.850432	3.734223480e-04
7.855432	1.873338649e-03
7.860432	3.824195166e-04
7.865433	-1.281490090e-03
7.870433	-3.441372400e-03
7.875433	-1.672470867e-03
7.880434	1.319363389e-03
7.885434	-6.115314964e-04
7.890434	2.638288580e-03
7.895434	6.503968473e-04
7.900435	-4.495437333e-04
7.905435	-1.663478034e-03
7.910435	-1.558484895e-03
7.915435	5.353988224e-04
7.920436	-1.605484453e-03
7.925436	2.533286769e-03
7.930436	1.529340955e-03
7.935437	3.824030164e-04
7.940437	5.443930677e-04
7.945437	4.741938363e-05
7.950437	2.763268936e-03
7.955438	1.366344784e-03
7.960438	-1.815710527e-04
7.965438	-3.435631355e-04
7.970439	8.783686452e-04
7.975439	-3.345655981e-04
7.980439	1.534065817e-04
7.985439	4.741144996e-05
7.990440	-6.785495628e-04
7.995440	1.864309580e-03
8.000440	3.030244490e-03
8.005440	3.823892450e-04
8.010441	-1.271520679e-03
8.015441	1.318335910e-03
8.020441	1.366332361e-03
8.025442	9.640133447e-05
8.030442	9.283546685e-04
8.035442	-1.281524626e-03
8.040442	-1.558510261e-03
8.045443	1.702309459e-03
8.050443	1.271332313e-03
8.055443	-1.281528078e-03
8.060443	-2.170480011e-03
8.065444	9.843455736e-04
8.070444	3.699195374e-03
8.075444	9.373465136e-04
8.080445	1.033340421e-03
8.085445	1.586309193e-03
8.090445	1.930289473e-03
8.095445	-7.745624915e-04
8.100446	-2.390474362e-03
8.105446	-9.555540826e-04
8.110446	7.653504695e-04
8.115446	1.533833858e-04
8.120447	-2.380477946e-03
8.125447	1.815290462e-03
8.130447	2.141271795e-03
8.135448	-7.265711364e-04
8.140448	1.204321910e-03
8.145448	1.874284342e-03
8.150448	-2.217491224e-03
8.155449	-1.061555514e-03
8.160449	1.481303894e-03
8.165449	-7.265753012e-04
8.170450	-3.435970389e-04
8.175450	5.923508067e-04
8.180450	7.643406939e-04
8.185450	9.853278932e-04
8.190451	-1.835517536e-03
8.195451	-2.218497090e-03
8.200451	1.262310776e-03
8.205451	8.693317888e-04
8.210452	-1.052563069e-03
8.215452	4.403541964e-04
8.220452	2.638232682e-03
8.225453	2.103656878e-04
8.230453	-2.216501354e-03
8.235453	1.204309870e-03
8.240453	1.758278837e-03
8.245454	6.493393066e-04
8.250454	4.293508735e-04
8.255454	-1.824525646e-03
8.260454	-9.455745271e-04
8.265455	1.977264144e-03
8.270455	2.103608551e-04
8.275455	-2.274502923e-03
8.280456	-6.215943555e-04
8.285456	2.533231583e-03
8.290456	6.593342140e-04
8.295456	-2.296173397e-04
8.300457	-1.672538406e-03
8.305457	-1.233563007e-03
8.310457	1.481287180e-03
8.315457	3.823472127e-04
8.320458	1.481286324e-03
8.325458	2.103558358e-04
8.330458	-1.825532556e-03
8.335459	2.093251430e-03
8.340459	-1.246269327e-04
8.345459	-1.395557389e-03
8.350459	-2.866187792e-04
8.355460	-1.146286097e-04
8.360460	8.223194794e-04
8.365460	-5.636046176e-04
8.370461	1.319291441e-03
8.375461	-6.763258489e-05
8.380461	2.093518481e-04
8.385461	2.673483380e-04
8.390462	-6.216030624e-04
8.395462	1.319289846e-03
8.400462	-1.003582643e-03
8.405462	1.596274024e-03
8.410463	1.205295257e-03
8.415463	-3.775430971e-03
8.420463	1.623521074e-04
8.425464	1.538276149e-03
8.430464	-9.565868288e-04
8.435464	-1.385563465e-03
8.440464	4.873332572e-04
8.445465	1.146296778e-03
8.450465	2.193475657e-04
8.455465	-4.016184744e-04
8.460465	-4.586155364e-04
8.465466	4.403348130e-04
8.470466	1.204292598e-03
8.475466	1.089298751e-03
8.480467	2.203463957e-04
8.485467	-3.346232271e-04
8.490467	2.083243591e-03
8.495467	-5.646108639e-04
8.500468	-6.116084114e-04
8.505468	2.419224705e-03
8.510468	-1.816323113e-04
8.515469	1.539272894e-03
8.520469	-1.146362076e-04
8.525469	-3.212465856e-03
8.530469	-2.876268673e-04
8.535470	2.084242554e-03
8.540470	4.873303487e-04
8.545470	3.823360649e-04
8.550470	4.835438827e-05
8.555471	7.643149512e-04
8.560471	7.073180509e-04
8.565471	-1.998533100e-03
8.570472	-1.118581535e-03
8.575472	6.023237671e-04
8.580472	1.262287451e-03
8.585472	-1.892538964e-03
8.590473	-8.325972705e-04
8.595473	3.632157096e-03
8.600473	-1.729547871e-03
8.605473	-2.934481539e-03
8.610474	1.710262949e-03
8.615474	1.921251393e-03
8.620474	-9.642307590e-06
8.625475	-1.386566480e-03
8.630475	2.583430931e-04
8.635475	1.922251629e-03
8.640475	2.673427757e-04
8.645476	-1.726329155e-04
8.650476	-7.835991907e-04
8.655476	-1.281571675e-03
8.660476	6.593216613e-04
8.665477	-3.436230228e-04
8.670477	2.103466389e-04
8.675477	1.434279447e-03
8.680478	9.843043623e-04
8.685478	1.423280375e-03
8.690478	-4.496164032e-04
8.695478	-1.060582606e-03
8.700479	-1.338567121e-03
8.705479	1.424281063e-03
8.710479	1.864257062e-03
8.715480	-1.109579102e-03
8.720480	1.482278515e-03
8.725480	9.843061437e-04
8.730480	-1.549554203e-03
8.735481	-1.003583997e-03
8.740481	-9.555863830e-04
8.745481	8.223160583e-04
8.750481	-5.066105527e-04
8.755482	-3.446191868e-04
8.760482	1.481280638e-03
8.765482	-1.003582349e-03
8.770483	-1.557551566e-03
8.775483	1.367287819e-03
8.780483	-6.695997914e-04
8.785483	-2.389504834e-03
8.790484	7.653219207e-04
8.795484	-6.695987858e-04
8.800484	-6.226010202e-04
8.805484	2.370234672e-03
8.810485	8.803170153e-04
8.815485	1.864263254e-03
8.820485	-2.296211559e-04
8.825486	-2.437499285e-03
8.830486	1.523586189e-04
8.835486	-3.916110436e-04
8.840486	1.758271084e-03
8.845487	-6.762802934e-05
8.850487	-3.336129626e-04
8.855487	4.303454442e-04
8.860487	-9.629899870e-06
8.865488	-1.615541085e-03
8.870488	-7.365889814e-04
8.875488	-4.496042990e-04
8.880489	9.843172862e-04
8.885489	1.377296153e-03
8.890489	-2.494490322e-03
8.895489	-7.845838977e-04
8.900490	2.590230931e-03
8.905490	1.147310842e-03
8.910490	-1.882521926e-03
8.915491	-1.061566558e-03
8.920491	1.523671954e-04
8.925491	8.223308867e-04
8.930491	5.443467427e-04
8.935492	1.423298951e-03
8.940492	-1.816121680e-04
8.945492	-1.824521189e-03
8.950492	-5.535905227e-04
8.955493	-1.673528301e-03
8.960493	3.723597420e-04
8.965493	1.654289827e-03
8.970494	3.243636261e-04
8.975494	-2.396047102e-04
8.980494	-1.816072595e-04
8.985494	-3.925950009e-04
8.990495	-1.720521280e-03
8.995495	9.853305086e-04
9.000495	5.443554454e-04
9.005495	-2.865981529e-04
9.010496	9.853325548e-04
9.015496	4.738485950e-05
9.020496	-1.443532403e-03
9.025497	-1.003555896e-03
9.030497	7.553480499e-04
9.035497	6.503545571e-04
9.040497	3.823700402e-04
9.045498	1.318319290e-03
9.050498	-1.109546372e-03
9.055498	9.273423193e-04
9.060498	1.252325209e-03
9.065499	-1.338531462e-03
9.070499	2.203835527e-04
9.075499	-1.443524103e-03
9.080500	3.739521857e-05
9.085500	1.262328633e-03
9.090500	-8.885522053e-04
9.095500	-7.265602912e-04
9.100501	-4.595741459e-04
9.105501	-9.465465093e-04
9.110501	7.173627925e-04
9.115502	-6.215626798e-04
9.120502	2.103924127e-04
9.125502	2.418271809e-03
9.130502	-1.453514280e-03
9.135503	-1.223526042e-03
9.140503	3.823864988e-04
9.145503	-1.725820591e-04
9.150503	1.319336770e-03
9.155504	8.233649822e-04
9.160504	-5.635577769e-04
9.165504	-2.275462647e-03
9.170505	-7.265469220e-04
9.175505	-2.865701742e-04
9.180505	6.503792380e-04
9.185505	4.873891775e-04
9.190506	-1.329509876e-03
9.195506	2.360288097e-03
9.200506	2.584047396e-04
9.205506	-2.829424362e-03
9.210507	1.214354158e-03
9.215507	2.810267370e-03
9.220507	4.293993947e-04
9.225508	-1.051518088e-03
9.230508	-6.785375660e-04
9.235508	2.584119344e-04
9.240508	-1.715633481e-04
9.245509	1.624193439e-04
9.250509	1.098368923e-03
9.255509	2.104188630e-04
9.260509	-1.815584781e-04
9.265510	-1.281496859e-03
9.270510	-3.915447163e-04
9.275510	-1.003509929e-03
9.280511	4.843331606e-05
9.285511	1.922331345e-03
9.290511	-1.396484911e-03
9.295511	-3.355421369e-04
9.300512	5.444106037e-04
9.305512	4.884148488e-04
9.310512	1.205376573e-03
9.315513	-6.225216744e-04
9.320513	-9.465026605e-04
9.325513	-6.654987985e-05
9.330513	-7.845091731e-04
9.335514	8.224036258e-04
9.340514	1.425371670e-03
9.345514	-7.845055126e-04
9.350514	-7.845042764e-04
9.355515	1.425375379e-03
9.360515	3.254371504e-04
9.365515	-1.616454745e-03
9.370516	-5.075144916e-04
9.375516	1.711364700e-03
9.380516	7.654180312e-04
9.385516	-1.280468111e-03
9.390517	-1.715278250e-04
9.395517	1.586376762e-03
9.400517	-1.815246506e-04
9.405517	-1.883429687e-03
9.410518	-2.218409924e-03
9.415518	1.864366780e-03
9.420518	1.376394976e-03
9.425519	-1.442448573e-03
9.430519	2.004623971e-04
9.435519	3.824537559e-04
9.440519	-3.345054165e-04
9.445520	-4.015003423e-04
9.450520	1.482397400e-03
9.455520	6.014472749e-04
9.460520	-2.275393028e-03
9.465521	-1.003461590e-03
9.470521	2.199363616e-03
9.475521	5.924534655e-04
9.480522	-1.663420971e-03
9.485522	-1.145047415e-04
9.490522	1.644399942e-03
9.495522	1.534834413e-04
9.500523	-7.264666676e-04
9.505523	5.444648887e-04
9.510523	3.244784842e-04
9.515524	-2.332373835e-03
9.520524	4.304756594e-04
9.525524	1.041443559e-03
9.530524	-1.673405545e-03
9.535525	-7.834529789e-04
9.540525	-7.264545756e-04
9.545525	-7.264530282e-04
9.550525	1.539423857e-03
9.555526	1.759413316e-03
9.560526	7.654695752e-04
9.565526	1.041455969e-03
9.570527	6.014817642e-04
9.575527	-2.054370514e-03
9.580527	9.551280112e-05
9.585527	1.758422918e-03
9.590528	-1.720384057e-03
9.595528	1.147459779e-03
9.600528	-1.223408139e-03
9.605528	-2.887314947e-03
9.610529	5.924952420e-04
9.615529	7.174900233e-04
9.620529	-2.265344193e-03
9.625530	-6.214329672e-04
9.630530	2.858377254e-03
9.635530	9.274851831e-04
9.640530	-1.615373209e-03
9.645531	1.261470212e-03
9.650531	1.099480839e-03
9.655531	-4.484322722e-04
9.660531	4.875179612e-04
9.665532	-2.218331423e-03
9.670532	5.455182538e-04
9.675532	-1.777352187e-03
9.680533	1.055459768e-04
9.685533	1.481472042e-03
9.690533	1.251486474e-03
9.695533	4.855444509e-05
9.700534	-1.720346436e-03
9.705534	3.245428546e-04
9.710534	-8.413911858e-04
9.715535	2.523425497e-03
9.720535	1.597478268e-03
9.725535	-2.217310007e-03
9.730535	-1.663338646e-03
9.735536	2.370441262e-03
9.740536	2.095620112e-04
9.745536	-1.175359925e-03
9.750536	-1.003367516e-03
9.755537	-1.338347205e-03
9.760537	2.141463222e-03
9.765537	-1.714076262e-04
9.770538	-1.385338931e-03
9.775538	1.596498918e-03
9.780538	-1.003356116e-03
9.785538	-3.049241623e-03
9.790539	2.360462667e-03
9.795539	8.695466419e-04
9.800539	-1.720308911e-03
9.805539	1.989488932e-03
9.810540	-1.713902076e-04
9.815540	2.083487702e-03
9.820540	1.816504375e-03
9.825541	-1.997283797e-03
9.830541	3.155909453e-04
9.835541	-7.843465291e-04
9.840541	-9.473355471e-04
9.845542	-1.615296773e-03
9.850542	3.165989626e-04
9.855542	2.428484803e-03
9.860543	-2.265254899e-03
9.865543	2.676077953e-04
9.870543	1.643534152e-03
9.875543	-2.863575945e-04
9.880544	7.655866040e-04
9.885544	-1.663277673e-03
9.890544	-5.073391809e-04
9.895544	1.749538745e-03
9.900545	1.319564511e-03
9.905545	-2.877202464e-03
9.910545	-1.557272963e-03
9.915546	1.978534627e-03
9.920546	1.526372286e-04
9.925546	-8.883033504e-04
9.930546	-1.165285955e-03
9.935547	1.367576849e-03
9.940547	3.574457596e-03
9.945547	-1.118282027e-03
9.950547	-2.102225703e-03
9.955548	-2.293265567e-04
9.960548	-2.217214979e-03
9.965548	-9.462826964e-04
9.970549	1.920561786e-03
9.975549	1.816569734e-03
9.980549	-1.280257643e-03
9.985549	-4.493011208e-04
9.990550	1.482594835e-03
9.995550	1.529594506e-03
10.000550	-5.642880223e-04
10.005550	-2.829161135e-03
10.010551	-9.314003667e-06
10.015551	3.307505791e-03
10.020551	-1.166245764e-03
10.025552	-1.165243515e-03
10.030552	2.106830929e-04
10.035552	6.026638456e-04
10.040552	-9.300156248e-06
10.045553	-1.176233616e-03
10.050553	2.810549372e-03
10.055553	-6.682568707e-04
10.060554	-2.227168740e-03
10.065554	9.846569101e-04
10.070554	7.746708379e-04
10.075554	3.726953369e-04
10.080555	5.356887587e-04
10.085555	-2.282668104e-04
10.090555	-1.051219126e-03
10.095555	-1.444195091e-03
10.100556	-1.290201143e-03
10.105556	-7.252297991e-04
10.110556	1.271662767e-03
10.115557	1.318662625e-03
10.120557	-3.432434835e-04
10.125557	-3.432410239e-04
10.130557	2.695594245e-03
10.135558	1.758648272e-03
10.140558	-1.242456474e-04
10.145558	-1.175185333e-03
10.150558	-2.265122866e-03
10.155559	-1.443165584e-03
10.160559	1.529673362e-03
10.165559	6.027268854e-04
10.170560	-1.223170123e-03
10.175560	1.309693054e-03
10.180560	-1.500149801e-03
10.185560	1.627612570e-04
10.190561	1.701679145e-03
10.195561	-5.061968079e-04
10.200561	-1.166157921e-03
10.205561	-2.862037525e-04
10.210562	4.307593911e-04
10.215562	1.586698390e-03
10.220562	-8.411654209e-04
10.225563	-2.657062895e-03
10.230563	1.759696715e-03
10.235563	3.827751038e-04
10.240563	-1.558115470e-03
10.245564	1.195735657e-03
10.250564	1.377728297e-03
10.255564	-2.380062286e-03
10.260565	-1.109129545e-03
10.265565	3.470621150e-03
10.270565	8.697669347e-04
10.275565	-2.657036327e-03
10.280566	1.425741735e-03
10.285566	3.307640899e-03
10.290566	-9.461223414e-04
10.295566	-3.107000726e-03
10.300567	-1.241621138e-04
10.305567	7.077948491e-04
10.310567	3.828154751e-04
10.315568	1.702745605e-03
10.320568	-1.558072222e-03
10.325568	-5.061273325e-04
10.330568	1.644757101e-03
10.335569	4.298267306e-04
10.340569	-6.111132048e-04
10.345569	8.228106989e-04
10.350569	-1.003086032e-03
10.355570	-2.437004323e-03
10.360570	4.298407636e-04
10.365570	-7.260928064e-04
10.370571	4.308463754e-04
10.375571	2.141755085e-03
10.380571	-9.123719429e-06
10.385571	-1.443041964e-03
10.390572	6.608451468e-04
10.395572	-1.395038862e-03
10.400572	-4.010906660e-04
10.405572	2.705741285e-03
10.410573	-1.720974759e-04
10.415573	-2.723954165e-03
10.420573	-1.615012266e-03
10.425574	-2.860824631e-04
10.430574	-9.094774089e-06
10.435574	6.018745466e-04
10.440574	-1.140831166e-04
10.445575	9.278625067e-04
10.450575	1.204850226e-03
10.455575	-1.662989016e-03
10.460576	3.792037324e-05
10.465576	1.147862286e-03
10.470576	7.178889332e-04
10.475576	8.218862087e-04
10.480577	-1.279995139e-03
10.485577	-1.810525911e-04
10.490577	1.424862071e-03
10.495577	3.839223719e-04
10.500578	-2.290408670e-04
10.505578	9.268985755e-04
10.510578	-1.777949551e-03
10.515579	-2.280317705e-04
10.520579	2.915798320e-03
10.525579	-1.328965057e-03
10.530579	-8.879862392e-04
10.535580	1.979859059e-03
10.540580	-4.580037125e-04
10.545580	-6.779885051e-04
10.550580	1.059714722e-04
10.555581	4.797778184e-05
10.560581	1.203917308e-03
10.565581	-6.600968621e-05
10.570582	-2.933848754e-03
10.575582	-2.379876085e-03
10.580582	2.313868818e-03
10.585582	3.729787715e-04
10.590583	-1.394920786e-03
10.595583	1.539920916e-03
10.600583	4.399846224e-04
10.605583	-1.337914362e-03
10.610584	-1.509901698e-03
10.615584	-1.720886880e-03
10.620584	2.256897477e-03
10.625585	1.367949612e-03
10.630585	-6.109382767e-04
10.635585	6.599950352e-04
10.640585	6.509987771e-04
10.645586	-6.595852102e-05
10.650586	-2.054845829e-03
10.655586	-6.595198997e-05
10.660587	8.220024312e-04
10.665587	5.450209553e-04
10.670587	6.510184152e-04
10.675587	-2.289298700e-04
10.680588	8.230155583e-04
10.685588	9.605887031e-05
10.690588	-4.489078234e-04
10.695588	-8.878803414e-04
10.700589	-1.709164523e-04
10.705589	8.230322044e-04
10.710589	-2.551778760e-03
10.715590	-1.222848519e-03
10.720590	3.030920803e-03
10.725590	1.645000431e-03
10.730590	-8.978562773e-04
10.735591	-1.892798146e-03
10.740591	4.880742538e-04
10.745591	2.868946661e-03
10.750591	-1.337818469e-03
10.755592	-1.777790842e-03
10.760592	1.215047916e-03
10.765592	6.600818848e-04
10.770593	-1.003823125e-03
10.775593	9.280740298e-04
10.780593	4.881016936e-04
10.785593	-1.891763901e-03
10.790594	-6.208303575e-04
10.795594	-9.458089985e-04
10.800594	-4.478329115e-04
10.805594	1.817045967e-03
10.810595	9.270984331e-04
10.815595	-4.008249956e-04
10.820595	-9.447915506e-04
10.825596	-7.827969406e-04
10.830596	9.851093185e-04
10.835596	5.451370639e-04
10.840596	-1.996719536e-03
10.845597	-2.713676536e-03
10.850597	1.864075153e-03
10.855597	2.868023483e-03
10.860598	1.702091208e-03
10.865598	-1.238047482e-04
10.870598	-1.279737558e-03
10.875598	3.161782302e-04
10.880599	5.461691803e-04
10.885599	4.920013552e-05
10.890599	-6.207593838e-04
10.895599	1.100149557e-03
10.900600	-1.717768268e-04
10.905600	-3.603584365e-03
10.910600	-5.057511617e-04
10.915601	3.251045793e-03
10.920601	-3.437527558e-04
10.925601	-2.159649173e-03
10.930601	7.181961637e-04
10.935602	3.471048385e-03
10.940602	1.043185660e-03
10.945602	-1.556667594e-03
10.950602	-1.834648592e-03
10.955603	-1.717363719e-04
10.960603	2.142140039e-03
10.965603	4.312379033e-04
10.970604	-1.117673138e-03
10.975604	4.882422474e-04
10.980604	7.752302084e-04
10.985604	-4.817458320e-03
10.990605	-1.290648601e-03
10.995605	2.419151056e-03
11.000605	-1.137058037e-04
11.005606	1.100231192e-03
11.010606	4.312717941e-04
11.015606	2.692845091e-04
11.020606	-3.436779557e-04
11.025607	9.630165333e-05
11.030607	-1.706798330e-04
11.035607	-8.886364990e-04
11.040607	-8.876327155e-04
11.045608	6.602859631e-04
11.050608	1.147263023e-03
11.055608	4.313062757e-04
11.060609	7.082949034e-04
11.065609	3.163203452e-04
11.070609	-7.826153083e-04
11.075609	-1.719559867e-03
11.080610	-7.736080173e-04
11.085610	2.683385583e-04
11.090610	1.483275623e-03
11.095610	-1.706294594e-04
11.100611	-1.395558137e-03
11.105611	-3.436120829e-04
11.110611	1.598285013e-03
11.115612	-2.286105224e-04
11.120612	-2.504481348e-03
11.125612	-6.561157395e-05
11.130612	1.043331381e-03
11.135613	1.540308013e-03
11.140613	-1.499520750e-03
11.145613	-1.777501465e-03
11.150613	3.833836403e-04
11.155614	8.233634376e-04
11.160614	8.223675049e-04
11.165614	-7.835401174e-04
11.170615	-1.451499339e-03
11.175615	-1.776477424e-03
11.180615	-1.442491759e-03
11.185615	-4.585418485e-04
11.190616	-5.055352073e-04
11.195616	-2.493421770e-03
11.200616	-1.510471782e-03
11.205617	1.817349196e-03
11.210617	7.754106083e-04
11.215617	1.980348403e-03
11.220617	1.540376709e-03
11.225618	-1.720439773e-03
11.230618	-4.005082832e-04
11.235618	3.264558388e-04
11.240618	-7.244822107e-04
11.245619	-1.002462782e-03
11.250619	-1.395437019e-03
11.255619	-4.574844767e-04
11.260620	1.817394514e-03
11.265620	2.533359284e-03
11.270620	4.950011725e-05
11.275620	-1.557407293e-03
11.280621	-1.814788128e-04
11.285621	-9.444326433e-04
11.290621	4.951686742e-05
11.295621	5.454937840e-04
11.300622	-4.484473161e-04
11.305622	-3.914462326e-04
11.310622	-1.175398872e-03
11.315623	4.325168932e-04
11.320623	3.203368680e-03
11.325623	-5.634198206e-04
11.330623	-2.168327262e-03
11.335624	1.545491938e-04
11.340624	-5.624070895e-04
11.345624	9.945115243e-04
11.350624	1.635615271e-04
11.355625	-2.283299554e-03
11.360625	-2.054307856e-03
11.365625	-1.002361430e-03
11.370626	1.065818667e-04
11.375626	3.835709453e-04
11.380626	-1.233968352e-04
11.385626	1.262531243e-03
11.390627	1.320532392e-03
11.395627	-1.614301785e-03
11.400627	-1.614297431e-03
11.405628	2.257493901e-03
11.410628	1.546139711e-04
11.415628	-2.493235968e-03
11.420628	6.025980798e-04
11.425629	4.863294831e-05
11.430629	1.157576330e-03
11.435629	-2.283430132e-04
11.440629	-1.336277644e-03
11.445630	-1.949239501e-03
11.450630	-1.713328987e-04
11.455630	7.086231166e-04
11.460631	-1.232265656e-03
11.465631	-1.222261762e-03
11.470631	-3.903030848e-04
11.475631	1.043622479e-03
11.480632	-1.394238923e-03
11.485632	-1.499228673e-03
11.490632	2.686785353e-04
11.495632	-1.452222293e-03
11.500633	-1.279227317e-03
11.505633	1.067009288e-04
11.510633	-6.682519251e-04
11.515634	-6.202500516e-04
11.520634	-8.392334814e-04
11.525634	-1.002219985e-03
11.530634	-2.714121260e-03
11.535635	-3.985046790e-03
11.540635	-5.622305666e-04
11.545635	1.979634135e-03
11.550635	-2.828096778e-03
11.555636	-5.972919178e-03
11.560636	-9.451912295e-04
11.565636	1.979652428e-03
11.570637	-2.852183670e-04
11.575637	4.976779957e-05
11.580637	-4.482001973e-04
11.585637	-1.279149866e-03
11.590638	-6.521203976e-05
11.595638	-2.281984469e-04
11.600638	-6.030874548e-03
11.605639	-5.428903030e-03
11.610639	-1.614108276e-03
11.615639	-2.111076280e-03
11.620639	-9.441358262e-04
11.625640	-4.424939644e-03
11.630640	-2.169059090e-03
11.635640	3.414638371e-03
11.640640	-4.481444090e-04
11.645641	-3.324981430e-03
11.650641	-3.879946195e-03
11.655641	-2.818999861e-03
11.660642	-4.001282344e-04
11.665642	-1.231387533e-04
11.670642	4.888323037e-04
11.675642	2.534724472e-03
11.680643	2.764716560e-03
11.685643	1.922767633e-03
11.690643	7.658360431e-04
11.695643	6.038497178e-04
11.700644	-1.394035588e-03
11.705644	-1.613018764e-03
11.710644	4.318735071e-04
11.715645	3.828809920e-04
11.720645	-6.100595797e-04
11.725645	-8.087897752e-06
11.730645	1.148853256e-03
11.735646	-1.890974674e-03
11.740646	-5.630429146e-04
11.745646	-2.280565158e-04
11.750646	-5.050364395e-04
11.755647	1.874837462e-03
11.760647	1.059396379e-04
11.765647	-2.370366344e-04
11.770648	2.119435261e-04
11.775648	-1.938933261e-03
11.780648	-4.203803769e-03
11.785648	-1.059971861e-03
11.790649	1.644884207e-03
11.795649	4.899526494e-04
11.800649	9.697917517e-05
11.805650	-9.459585309e-04
11.810650	1.069884528e-04
11.815650	-1.278930369e-03
11.820650	-1.001940678e-03
11.825651	1.377933317e-03
11.830651	2.037901950e-03
11.835651	1.311946843e-03
11.840651	-2.273850906e-03
11.845652	2.210167891e-04
11.850652	2.120222550e-04
11.855652	-6.769238569e-04
11.860653	-7.955679522e-06
11.865653	-1.881847586e-03
11.870653	6.040206380e-04
11.875653	1.531974586e-03
11.880654	-1.947828942e-03
11.885654	-1.499848573e-03
11.890654	1.205007629e-03
11.895654	-5.591796331e-05
11.900655	-1.699066540e-04
11.905655	2.305962166e-03
11.910655	1.874990930e-03
11.915656	-3.328825343e-04
11.920656	1.101043634e-03
11.925656	-1.786792404e-03
11.930656	-2.942723727e-03
11.935657	-5.048527761e-04
11.940657	1.923018731e-03
11.945657	2.487992743e-03
11.950657	-1.698559164e-04
11.955658	1.541313680e-04
11.960658	-4.478303947e-04
11.965658	-2.712700657e-03
11.970659	-4.478201417e-04
11.975659	1.091100323e-03
11.980659	-5.048067263e-04
11.985659	-1.824728954e-03
11.990660	-7.917806307e-04
11.995660	2.584038793e-03
12.000660	2.153067674e-03
12.005661	-1.165744547e-03
12.010661	-1.441724179e-03
12.015661	6.521658026e-04
12.020661	1.541983967e-04
12.025662	-1.049730160e-03
12.030662	8.811688092e-04
12.035662	1.923116696e-03
12.040662	-1.001717156e-03
12.045663	-1.613678258e-03
12.050663	1.751141843e-03
12.055663	9.291923081e-04
12.060664	-2.100635741e-03
12.065664	-1.498663608e-03
12.070664	1.320186558e-03
12.075664	2.372133947e-03
12.080665	-1.001675151e-03
12.085665	5.027225074e-05
12.090665	2.143162385e-03
12.095665	1.482204045e-03
12.100666	-3.266529377e-03
12.105666	-3.993484074e-03
12.110666	3.031134740e-03
12.115667	1.819206740e-03
12.120667	-2.722538045e-03
12.125667	1.263247986e-03
12.130667	2.535183342e-03
12.135668	-5.626408692e-04
12.140668	-1.326593485e-03
12.145668	-1.164597040e-03
12.150669	1.808244756e-03
12.155669	2.123379341e-04
12.160669	-5.516146560e-04
12.165669	4.903333986e-04
12.170670	3.743451700e-04
12.175670	-5.625978828e-04
12.180670	-2.770471002e-03
12.185670	-1.221550816e-03
12.190671	2.535247898e-03
12.195671	2.038280663e-03
12.200671	-2.550461433e-03
12.205672	-1.833495447e-03
12.210672	-6.458733277e-05
12.215672	2.869256692e-03
12.220672	2.152301593e-03
12.225673	-2.942412633e-03
12.230673	-1.775471373e-03
12.235673	1.818336366e-03
12.240673	1.544333940e-04
12.245674	-8.395064337e-04
12.250674	-6.454358121e-05
12.255674	1.436379335e-03
12.260675	1.980354909e-03
12.265675	-9.444786544e-04
12.270675	-1.269455257e-03
12.275675	-2.845039269e-04
12.280676	1.312413739e-03
12.285676	-7.814655189e-04
12.290676	-3.904814892e-04
12.295676	8.724545714e-04
12.300677	-8.394456843e-04
12.305677	1.065078295e-04
12.310677	-1.717386252e-03
12.315678	-3.210298537e-03
12.320678	2.115187716e-04
12.325678	2.306409095e-03
12.330678	1.321468879e-03
12.335679	-1.441373509e-03
12.340679	7.095137523e-04
12.345679	1.321485692e-03
12.350680	-1.890331975e-03
12.355680	-1.164366295e-03
12.360680	1.761478353e-03
12.365680	2.745429851e-03
12.370681	2.115749074e-04
12.375681	-3.487215935e-03
12.380681	-4.473775342e-04
12.385681	1.379527609e-03
12.390682	-1.498308384e-03
12.395682	1.646524258e-03
12.400682	1.368545232e-03
12.405683	-2.283612200e-04
12.410683	-1.268298310e-03
12.415683	-1.555276823e-03
12.420683	1.206576922e-03
12.425684	1.546405100e-04
12.430684	-1.223385343e-04
12.435684	1.158596710e-03
12.440684	-1.441254516e-03
12.445685	-4.463035242e-04
12.450685	9.866233760e-04
12.455685	-1.793067269e-04
12.460686	-7.310437224e-06
12.465686	-1.702957105e-04
12.470686	-3.992773466e-04
12.475686	2.126947537e-04
12.480687	7.766695009e-04
12.485687	-1.058223758e-03
12.490687	-3.992542257e-04
12.495687	-6.526680613e-05
12.500688	-3.412458197e-04
12.505688	4.810476537e-03
12.510688	6.463391407e-03
12.515689	2.975589128e-03
12.520689	-3.878027955e-03
12.525689	-4.480988948e-03
12.530689	4.897433977e-04
12.535690	-2.942076245e-04
12.540690	1.761685109e-03
12.545690	2.984623679e-03
12.550691	-1.701968782e-04
12.555691	-6.419684177e-05
12.560691	-3.267014746e-03
12.565691	-4.652932611e-03
12.570692	-7.182336859e-06
12.575692	7.955385450e-03
12.580692	1.065124302e-02
12.585692	2.812680209e-03
12.590693	-3.321408507e-04
12.595693	6.350497383e-03
12.600693	3.032685854e-03
12.605694	4.318348830e-04
12.610694	8.835378449e-03
12.615694	7.621451181e-03
12.620694	2.697728034e-03
12.625695	2.860725018e-03
12.630695	3.863675794e-03
12.635695	5.468642515e-04
12.640695	-8.950504429e-04
12.645696	2.650760441e-03
12.650696	3.031745461e-03
12.655696	-4.470571447e-04
12.660697	2.153805748e-03
12.665697	4.899032975e-04
12.670697	-1.880960250e-03
12.675697	-7.340173435e-04
12.680698	1.369872917e-03
12.685698	3.262774792e-03
12.690698	2.975796612e-03
12.695698	2.802812165e-03
12.700699	-1.718933004e-03
12.705699	-2.740064576e-04
12.710699	-5.609846146e-04
12.715700	-6.189753647e-04
12.720700	2.755845016e-03
12.725700	2.699878599e-04
12.730700	-3.046823570e-03
12.735701	-1.660893742e-03
12.740701	1.215954060e-03
12.745701	9.299758892e-04
12.750702	-1.219601325e-04
12.755702	8.149944217e-04
12.760702	2.143927415e-03
12.765702	-1.689392121e-04
12.770703	-1.879838954e-03
12.775703	1.205997391e-03
12.780703	-6.188960673e-04
12.785703	-2.606780552e-03
12.790704	9.390305023e-04
12.795704	1.380012392e-03
12.800704	-6.905140863e-06
12.805705	-3.418805462e-04
12.810705	4.330829847e-04
12.815705	-6.388349621e-05
12.820705	-2.358678521e-04
12.825706	-2.262750145e-03
12.830706	-1.268798639e-03
12.835706	3.634937753e-03
12.840706	1.312071763e-03
12.845707	-2.492712685e-03
12.850707	-1.105782779e-03
12.855707	1.647071979e-03
12.860708	1.035111876e-03
12.865708	-3.888035457e-04
12.870708	5.471511963e-04
12.875708	8.721395598e-04
12.880709	7.671515866e-04
12.885709	-1.602711766e-03
12.890709	-1.497711282e-03
12.895709	-6.667507341e-04
12.900710	7.681765883e-04
12.905710	3.182076247e-04
12.910710	-1.116707141e-03
12.915711	1.322164961e-03
12.920711	-1.687467125e-04
12.925711	9.824489885e-05
12.930711	1.379180728e-03
12.935712	-2.267246013e-04
12.940712	-1.230663046e-03
12.945712	6.052422657e-04
12.950713	7.782390770e-04
12.955713	2.132764968e-04
12.960713	4.029235544e-05
12.965713	-2.492561939e-03
12.970714	1.494225058e-03
12.975714	8.152687721e-04
12.980714	-9.526275937e-04
12.985714	9.402746265e-04
12.990715	2.133209985e-04
12.995715	5.133629112e-05
13.000715	-8.286089080e-04
13.005716	-2.110531985e-03
13.010716	1.034301382e-03
13.015716	5.483345222e-04
13.020716	1.083651376e-04
13.025717	2.918216951e-03
13.030717	5.473538167e-04
13.035717	-1.696003114e-04
13.040717	-3.985812826e-04
13.045718	-3.985748472e-04
13.050718	-8.275448038e-04
13.055718	1.208349627e-03
13.060719	7.573808916e-04
13.065719	-3.325526818e-04
13.070719	3.817225458e-03
13.075719	1.038487057e-02
13.080720	9.609919683e-03
13.085720	1.150391612e-03
13.090720	1.093401233e-03
13.095720	1.598379939e-03
13.100721	8.824258275e-04
13.105721	1.103420170e-03
13.110721	3.754667295e-04
13.115722	8.144490890e-04
13.120722	-1.214928968e-04
13.125722	3.854857324e-04
13.130722	2.326385472e-03
13.135723	6.534840502e-04
13.140723	-2.549333189e-03
13.145723	-3.983247749e-03
13.150724	-8.465994555e-03
13.155724	-9.565927480e-03
13.160724	-6.803072932e-03
13.165724	-2.940278899e-03
13.170725	-1.612345390e-03
13.175725	5.056969283e-05
13.180725	7.105399639e-04
13.185725	-2.157295658e-03
13.190726	-5.613768723e-04
13.195726	-1.229333522e-03
13.200726	-2.253821552e-04
13.205727	-6.663512830e-04
13.210727	-2.272256310e-03
13.215727	2.374494644e-03
13.220727	2.039519700e-03
13.225728	-1.213547760e-04
13.230728	-1.123486350e-04
13.235728	7.106127271e-04
13.240728	9.306072700e-04
13.245729	-1.058276648e-03
13.250729	-2.166209031e-03
13.255729	1.379602540e-03
13.260730	2.870527176e-03
13.265730	-1.994198490e-03
13.270730	-2.444167053e-03
13.275730	7.586634096e-04
13.280731	-1.000233125e-03
13.285731	2.227062827e-04
13.290731	2.374594585e-03
13.295731	-6.267713543e-06
13.300732	-7.242215006e-04
13.305732	3.767246405e-04
13.310732	-1.057189744e-03
13.315733	5.075602292e-05
13.320733	-6.234109877e-06
13.325733	8.727242661e-04
13.330733	1.087730412e-04
13.335734	-1.162150285e-03
13.340734	4.907655234e-04
13.345734	-1.691914077e-04
13.350735	2.086691235e-03
13.355735	-3.401684696e-04
13.360735	-7.801374890e-04
13.365735	5.082356934e-05
13.370736	-8.861180960e-04
13.375736	1.264770350e-03
13.380736	-5.601224499e-04
13.385736	-6.146130935e-06
13.390737	6.058270021e-04
13.395737	-1.937026279e-03
13.400737	4.908469522e-04
13.405738	1.208814269e-03
13.410738	5.488574048e-04
13.415738	-3.980836641e-04
13.420738	-1.555013174e-03
13.425739	-6.660552450e-04
13.430739	1.542830066e-03
13.435739	3.970703333e-03
13.440739	1.559200802e-04
13.445740	-8.380183722e-04
13.450740	-2.260451778e-04
13.455740	-1.439971516e-03
13.460741	1.569474960e-04
13.465741	2.139512404e-04
13.470741	1.484888198e-03
13.475741	-1.690139119e-04
13.480742	-7.229765366e-04
13.485742	1.102929902e-03
13.490742	1.160933616e-03
13.495743	-1.611906909e-03
13.500743	8.149664788e-04
13.505743	4.639762957e-03
13.510743	3.807815658e-03
13.515744	1.054745177e-02
13.520744	7.727613855e-03
13.525744	-4.594701222e-03
13.530744	3.320870204e-03
13.535745	1.276435757e-02
13.540745	8.061623272e-03
13.545745	4.248840015e-03
13.550746	4.524831795e-03
13.555746	4.362847679e-03
13.560746	2.699946148e-03
13.565746	8.730536460e-04
13.570747	6.050753761e-04
13.575747	2.201994503e-03
13.580747	2.141108736e-04
13.585747	-8.848216619e-04
13.590748	-2.258509134e-04
13.595748	2.698995170e-03
13.600748	5.401209681e-04
13.605749	-2.547702118e-03
13.610749	1.380088798e-03
13.615749	2.479035363e-03
13.620749	-1.554735661e-03
13.625750	-3.705610279e-03
13.630750	1.103132185e-03
13.635750	8.831513384e-04
13.640750	-6.278956101e-05
13.645751	1.151150706e-03
13.650751	6.051878097e-04
13.655751	5.184942898e-03
13.660752	1.076764281e-02
13.665752	6.512883986e-03
13.670752	6.187908949e-03
13.675752	1.353951155e-02
13.680753	1.148463170e-02
13.685753	3.981051651e-03
13.690753	2.652131872e-03
13.695754	7.582431822e-04
13.700754	-1.774610346e-03
13.705754	1.104238374e-03
13.710754	3.369120881e-03
13.715755	3.913098078e-03
13.720755	2.536180968e-03
13.725755	9.882732706e-04
13.730755	-6.746280947e-04
13.735756	7.213022459e-04
13.740756	9.312978422e-04
13.745756	-2.720494079e-03
13.750757	-1.601548484e-03
13.755757	1.380294617e-03
13.760757	5.963449200e-04
13.765757	-1.219547995e-03
13.770758	2.212270363e-03
13.775758	2.479262857e-03
13.780758	1.093346299e-03
13.785758	3.474222494e-03
13.790759	7.068031958e-03
13.795759	8.510959769e-03
13.800759	4.535185725e-03
13.805760	6.351093024e-03
13.810760	6.676082359e-03
13.815760	5.683144212e-03
13.820760	4.086239300e-03
13.825761	1.819371255e-03
13.830761	2.480342122e-03
13.835761	2.202364656e-03
13.840761	4.085268301e-03
13.845762	2.757348613e-03
13.850762	3.922291770e-03
13.855762	4.526265796e-03
13.860763	1.209455552e-03
13.865763	-5.346769457e-05
13.870763	-1.449383619e-03
13.875763	-1.717361599e-03
13.880764	-5.448508523e-06
13.885764	3.694355211e-03
13.890764	7.126173680e-03
13.895765	7.785144717e-03
13.900765	3.091410268e-03
13.905765	1.600499603e-03
13.910765	-5.368109672e-03
13.915766	-9.238889387e-03
13.920766	-2.825234953e-03
13.925766	-5.808063515e-03
13.930766	-2.758285813e-02
13.935767	-3.073767722e-02
13.940767	-5.865038389e-03
13.945767	-2.305208541e-02
13.950768	-3.604336327e-02
13.955768	-1.332160609e-02
13.960768	-3.106262262e-02
13.965768	-3.079463000e-02
13.970769	-9.955769210e-03
13.975769	-3.841319610e-02
13.980769	-2.824374826e-02
13.985769	-7.738869073e-03
13.990770	-3.592731075e-02
13.995770	-2.659781668e-02
14.000770	-4.268037888e-03
14.005771	-3.150253204e-02
14.010771	-3.261146362e-02
14.015771	-7.030863684e-03
14.020771	-3.211447616e-02
14.025772	-2.896964178e-02
14.030772	-1.874119714e-02
14.035772	-4.133894638e-02
14.040772	-4.251287437e-02
14.045773	-4.897551136e-02
14.050773	-5.450219985e-02
14.055773	-6.229176382e-02
14.060774	-7.456508110e-02
14.065774	-7.937380907e-02
14.070774	-8.383855597e-02
14.075774	-9.700082432e-02
14.080775	-1.035854546e-01
14.085775	-1.025345049e-01
14.090775	-1.034724459e-01
14.095776	-1.039604115e-01
14.100776	-1.008715740e-01
14.105776	-1.007665723e-01
14.110776	-9.456290615e-02
14.115777	-8.075065862e-02
14.120777	-7.174614656e-02
14.125777	-4.349769332e-02
14.130777	-1.266138245e-02
14.135778	-4.708812497e-03
14.140778	-4.037841905e-03
14.145778	-2.240442282e-04
14.150779	2.823039771e-02
14.155779	4.299159306e-02
14.160779	4.034374627e-02
14.165779	4.642241935e-02
14.170780	4.702639366e-02
14.175780	4.620444642e-02
14.180780	4.487452714e-02
14.185780	4.691042267e-02
14.190781	4.791537493e-02
14.195781	4.824836416e-02
14.200781	3.515209229e-02
14.205782	3.255324284e-02
14.210782	3.995184334e-02
14.215782	3.586007604e-02
14.220782	3.652904681e-02
14.225783	3.675004223e-02
14.230783	3.741001350e-02
14.235783	2.989543455e-02
14.240783	3.520015028e-02
14.245784	1.928503353e-02
14.250784	7.068713285e-03
14.255784	3.172136449e-02
14.260785	2.979047833e-02
14.265785	3.636924934e-03
14.270785	9.936585940e-03
14.275785	3.724709092e-02
14.280786	2.774462138e-02
14.285786	3.012549801e-02
14.290786	3.730411067e-02
14.295787	4.205485692e-02
14.300787	5.344023814e-02
14.305787	5.238730372e-02
14.310787	5.592511671e-02
14.315788	6.189079613e-02
14.320788	6.096285485e-02
14.325788	5.742605711e-02
14.330788	6.133584965e-02
14.335789	5.719608510e-02
14.340789	5.101143306e-02
14.345789	5.012248964e-02
14.350790	4.968252153e-02
14.355790	4.421483006e-02
14.360790	3.409239469e-02
14.365790	4.094702524e-02
14.370791	2.989564099e-02
14.375791	3.227551775e-02
14.380791	3.116758642e-02
14.385791	7.566892652e-03
14.390792	2.017420670e-02
14.395792	2.895873109e-02
14.400792	1.380857238e-02
14.405793	4.306102943e-03
14.410793	2.710198480e-03
14.415793	3.417167316e-03
14.420793	4.297126638e-03
14.425794	-6.162579907e-05
14.430794	2.243662109e-04
14.435794	-1.323540873e-03
14.440794	-9.505536418e-04
14.445795	-3.158424406e-03
14.450795	-6.645538597e-04
14.455795	-1.254689232e-02
14.460796	-3.642457079e-02
14.465796	-1.692363597e-02
14.470796	-1.333485973e-03
14.475796	1.266378761e-03
14.480797	-1.404677092e-02
14.485797	-3.725648611e-02
14.490797	-1.182887737e-02
14.495798	-2.354822477e-02
14.500798	-3.912935968e-02
14.505798	-2.116834011e-02
14.510798	-3.792541031e-02
14.515799	-4.041026579e-02
14.520799	-3.852736157e-02
14.525799	-4.472101297e-02
14.530799	-3.520952848e-02
14.535800	-3.398658794e-02
14.540800	-4.195014195e-02
14.545800	-3.924528294e-02
14.550801	-3.389156967e-02
14.555801	-8.960933530e-03
14.560801	-1.226774374e-02
14.565801	-3.034374134e-02
14.570802	-2.366310106e-02
14.575802	6.906224847e-03
14.580802	2.834805296e-02
14.585802	1.524178194e-02
14.590803	2.202507236e-03
14.595803	1.922857832e-02
14.600803	3.901649745e-02
14.605804	2.885506442e-02
14.610804	3.702762264e-02
14.615804	2.005056461e-02
14.620804	2.542227694e-02
14.625805	3.658667056e-02
14.630805	2.083454515e-02
14.635805	3.547874731e-02
14.640806	2.270745790e-02
14.645806	2.812816756e-02
14.650806	3.381586253e-02
14.655806	1.966864883e-02
14.660807	3.952256437e-02
14.665807	3.288793733e-02
14.670807	3.397688534e-02
14.675807	2.950413936e-02
14.680808	2.852020143e-02
14.685808	3.990458299e-02
14.690808	3.305096802e-02
14.695809	3.697076029e-02
14.700809	4.022958893e-02
14.705809	3.270601083e-02
14.710809	3.508688779e-02
14.715810	3.233404721e-02
14.720810	3.498190948e-02
14.725810	3.675082011e-02
14.730810	2.758433243e-02
14.735811	3.834674824e-02
14.740811	1.700993018e-02
14.745811	2.226864882e-02
14.750812	3.470497254e-02
14.755812	9.784351675e-03
14.760812	4.804633649e-03
14.765812	5.358611160e-03
14.770813	5.291107629e-05
14.775813	-6.640414793e-04
14.780813	-6.106665468e-05
14.785813	3.532743616e-03
14.790814	4.258711680e-03
14.795814	-1.332972651e-03
14.800814	-1.169973605e-03
14.805815	-2.810144987e-04
14.810815	1.428899442e-03
14.815815	-3.100843305e-03
14.820815	-3.133728169e-02
14.825816	-3.250520940e-02
14.830816	-2.049877036e-03
14.835816	-5.031704936e-03
14.840817	-3.300215794e-02
14.845817	-3.018230505e-02
14.850817	-5.911632389e-03
14.855817	-1.481013474e-02
14.860818	-3.665292488e-02
14.865818	-2.167474093e-02
14.870818	9.330232384e-04
14.875818	-3.425728876e-03
14.880819	-1.956183299e-02
14.885819	-3.228512488e-02
14.890819	-1.492607191e-02
14.895820	-1.666793364e-03
14.900820	-5.251588045e-03
14.905820	-9.620339590e-03
14.910820	-2.217064098e-02
14.915821	-2.327057237e-02
14.920821	-9.123342664e-03
14.925821	-2.708687506e-03
14.930821	-1.835681844e-02
14.935822	-3.228404405e-02
14.940822	-1.525097311e-02
14.945822	-1.658712857e-03
14.950823	-2.221673769e-03
14.955823	-2.741827932e-02
14.960823	-3.841166634e-02
14.965823	-8.291315456e-03
14.970824	2.262112013e-03
14.975824	-2.172256021e-02
14.980824	-3.814464852e-02
14.985824	-1.178009098e-02
14.990825	-5.007034415e-04
14.995825	-2.049610078e-03
15.000825	-1.829614038e-03
15.005826	-5.366411294e-03
15.010826	-4.257464159e-03
15.015826	-3.263510693e-03
15.020826	-1.771584623e-03
15.025827	-6.067059863e-05
15.030827	8.852855172e-04
15.035827	1.105281579e-03
15.040828	5.082070942e-03
15.045828	1.927252695e-03
15.050828	2.863209373e-03
15.055828	2.232614669e-02
15.060829	2.856881139e-02
15.065829	1.536754592e-02
15.070829	1.497317256e-03
15.075829	3.801198685e-03
15.080830	2.326313607e-02
15.085830	2.653196441e-02
15.090830	1.203976998e-02
15.095831	3.313258323e-03
15.100831	2.320321161e-03
15.105831	-6.635064590e-04
15.110831	8.844165846e-04
15.115832	2.864315863e-03
15.120832	-6.856141094e-03
15.125832	-3.078381636e-02
15.130832	-2.614806320e-02
15.135833	-2.603350416e-03
15.140833	-2.766333220e-03
15.145833	1.316450375e-03
15.150834	1.373455473e-03
15.155834	-4.917190174e-03
15.160834	-1.275382308e-03
15.165834	4.193325044e-03
15.170835	1.498481562e-03
15.175835	2.165603434e-04
15.180835	1.701064457e-02
15.185835	2.913198591e-02
15.190836	1.288288820e-02
15.195836	3.199429250e-03
15.200836	4.795349704e-03
15.205837	-1.552292778e-03
15.210837	6.075966528e-04
15.215837	6.133300897e-03
15.220837	2.205525281e-03
15.225838	-9.492928618e-04
15.230838	-2.594194078e-03
15.235838	6.656348475e-04
15.240839	2.205558406e-03
15.245839	-1.055253893e-03
15.250839	-1.100669807e-02
15.255839	-3.582032451e-02
15.260840	-2.563987635e-02
15.265840	-7.782359523e-04
15.270840	3.207118855e-04
15.275840	-5.002346402e-04
15.280841	1.105685309e-03
15.285841	-7.672033326e-04
15.290841	-3.952154861e-04
15.295842	-8.931797715e-04
15.300842	-1.713126339e-03
15.305842	-1.652031847e-04
15.310842	-5.591731839e-04
15.315843	-7.771528636e-04
15.320843	6.411459944e-03
15.325843	2.580640115e-02
15.330843	2.464947314e-02
15.335844	9.220330403e-03
15.340844	6.181505942e-03
15.345844	2.738393282e-04
15.350845	1.598539453e-04
15.355845	1.962179149e-02
15.360845	2.194467203e-02
15.365845	1.204122528e-02
15.370846	6.955513452e-03
15.375846	4.259670138e-03
15.380846	3.648712115e-03
15.385846	-1.111017638e-03
15.390847	2.261805153e-03
15.395847	1.271023864e-02
15.400847	2.232771785e-02
15.405848	1.746099400e-02
15.410848	2.261838643e-03
15.415848	-2.994863751e-03
15.420848	2.214857989e-03
15.425849	2.157869509e-03
15.430849	1.258927356e-03
15.435849	3.475813771e-03
15.440850	1.219946282e-03
15.445850	-2.545838128e-03
15.450850	-2.105853939e-03
15.455850	1.048980879e-03
15.460851	1.105986144e-03
15.465851	-3.279265567e-04
15.470851	1.020581920e-04
15.475851	-4.519029195e-04
15.480852	-2.919211194e-06
15.485852	2.873930917e-03
15.490852	8.290518439e-04
15.495853	-6.718571562e-04
15.500853	7.710718744e-04
15.505853	-3.278592379e-04
15.510853	-9.488166462e-04
15.515854	1.121334083e-04
15.520854	-2.430718251e-03
15.525854	-8.300386865e-03
15.530854	-1.581396503e-02
15.535855	-1.923576832e-02
15.540855	-8.452353189e-03
15.545855	1.661098805e-03
15.550856	-1.420801962e-02
15.555856	-3.521785520e-02
15.560856	-2.255154366e-02
15.565856	-8.827274368e-04
15.570857	-2.237552393e-04
15.575857	-4.151530674e-03
15.580857	-1.476193842e-02
15.585857	-3.493082026e-02
15.590858	-1.895769064e-02
15.595858	3.312565313e-04
15.600858	-1.771619299e-03
15.605859	-6.146744838e-04
15.610859	-5.969654608e-05
15.615859	1.383232538e-03
15.620859	-1.436603835e-03
15.625860	-1.225606964e-03
15.630860	5.523036957e-04
15.635860	-1.656483179e-04
15.640861	1.258281823e-03
15.645861	7.723170497e-04
15.650861	-4.590379400e-03
15.655861	-2.545483419e-03
15.660862	-8.070170952e-03
15.665862	-2.835504637e-02
15.670862	-2.254335763e-02
15.675862	-5.862266933e-03
15.680863	3.224012865e-04
15.685863	2.702278850e-03
15.690863	7.143967331e-04
15.695864	-7.195158616e-04
15.700864	-3.090376903e-03
15.705864	-3.759331582e-03
15.710864	-1.432174191e-02
15.715865	-3.012286401e-02
15.720865	-2.012440561e-02
15.725865	-3.701300694e-03
15.730865	-7.194562321e-04
15.735866	1.258443470e-03
15.740866	1.881417723e-03
15.745866	-4.946750693e-05
15.750867	-4.094236428e-03
15.755867	6.851169885e-03
15.760867	2.596912654e-02
15.765867	2.409623813e-02
15.770868	9.347058179e-03
15.775868	3.811371300e-03
15.780868	9.915349949e-04
15.785869	-5.573712354e-04
15.790869	-2.278268001e-03
15.795869	1.546530108e-03
15.800869	2.655477647e-03
15.805870	-4.993402166e-04
15.810870	-5.935586696e-05
15.815870	1.211582765e-03
15.820870	8.954165325e-03
15.825871	1.259697346e-02
15.830871	5.417377051e-03
15.835871	-2.593173636e-03
15.840872	-1.376755024e-02
15.845872	-9.628769392e-03
15.850872	1.546624305e-03
15.855872	1.697086390e-04
15.860873	-6.132397054e-04
15.865873	7.146958100e-04
15.870873	5.474070232e-05
15.875873	-2.545107669e-03
15.880874	-3.157065414e-03
15.885874	-1.304951254e-02
15.890874	-2.768469871e-02
15.895875	-2.172101825e-02
15.900875	-4.370964266e-03
15.905875	2.483667182e-03
15.910875	-6.621511372e-04
15.915876	-1.875075803e-03
15.920876	-3.941486852e-04
15.925876	5.418084194e-04
15.930876	-4.991257044e-04
15.935877	-1.818044531e-03
15.940877	4.378399553e-04
15.945877	-1.171209017e-04
15.950878	-1.493036587e-03
15.955878	6.668531864e-04
15.960878	-2.101393208e-06
15.965878	-1.665001284e-03
15.970879	1.048858016e-03
15.975879	1.545839291e-03
15.980879	7.148936311e-04
15.985880	1.269871719e-03
15.990880	3.535755673e-03
15.995880	6.631593964e-03
16.000880	2.425833996e-03
16.005881	-4.484777148e-03
16.010881	-1.493933075e-03
16.015881	2.214871497e-03
16.020881	2.492864836e-03
16.025882	3.809896695e-04
16.030882	-1.712886486e-03
16.035882	-2.324844176e-03
16.040883	-3.825752954e-03
16.045883	-2.371824307e-03
16.050883	-8.239008298e-04
16.055883	1.153998991e-03
16.060884	1.488989208e-03
16.065884	-6.608838553e-04
16.070884	5.608534773e-05
16.075884	1.040039863e-03
16.080885	1.148847364e-02
16.085885	2.238488277e-02
16.090885	1.658221069e-02
16.095886	7.300730022e-03
16.100886	2.206018997e-03
16.105886	-1.329777799e-03
16.110886	1.701483381e-04
16.115887	1.044559164e-02
16.120887	2.016806537e-02
16.125887	2.353288891e-02
16.130887	1.464338668e-02
16.135888	3.763993944e-03
16.140888	1.692004050e-04
16.145888	6.575856581e-03
16.150889	2.879064299e-02
16.155889	2.513785264e-02
16.160889	6.517885803e-03
16.165889	3.153079617e-03
16.170890	3.706057874e-03
16.175890	1.425948590e-02
16.180890	2.569386546e-02
16.185891	1.746332699e-02
16.190891	8.342837497e-03
16.195891	6.134967664e-03
16.200891	3.095143608e-03
16.205892	2.072218245e-02
16.210892	2.465097498e-02
16.215892	5.304048152e-03
16.220892	3.593150983e-03
16.225893	9.499834691e-03
16.230893	6.126029018e-03
16.235893	-1.655534135e-03
16.240894	4.806119042e-03
16.245894	2.371508736e-02
16.250894	2.171620605e-02
16.255894	7.176014762e-03
16.260895	3.325235341e-03
16.265895	1.385350783e-03
16.270895	3.478244340e-03
16.275895	2.044331946e-03
16.280896	-6.135131056e-04
16.285896	8.194167671e-04
16.290896	-1.875426246e-03
16.295897	-3.098350244e-03
16.300897	-9.178007020e-03
16.305897	-2.890791275e-02
16.310897	-1.940642681e-02
16.315898	1.442434796e-03
16.320898	-1.607388679e-03
16.325898	-4.427224806e-03
16.330898	-1.911940771e-02
16.335899	-2.923384248e-02
16.340899	-1.432065429e-02
16.345899	-1.607345051e-03
16.350900	-5.249135948e-03
16.355900	-1.889937617e-02
16.360900	-2.801986562e-02
16.365900	-1.752243447e-02
16.370901	-5.306097883e-03
16.375901	1.269549056e-03
16.380901	1.986518345e-03
16.385902	-4.092138466e-03
16.390902	-2.249411724e-02
16.395902	-3.520740900e-02
16.400902	-1.343159838e-02
16.405903	1.431592578e-03
16.410903	8.786317455e-04
16.415903	-8.222659255e-04
16.420903	-1.052244526e-03
16.425904	6.576701400e-04
16.430904	-4.036062860e-03
16.435904	-6.022944792e-03
16.440905	-1.027670200e-02
16.445905	-2.520887167e-02
16.450905	-2.050612166e-02
16.455905	-3.920025489e-03
16.460906	-1.444152959e-03
16.465906	-7.281835968e-04
16.470906	4.477604583e-04
16.475906	8.877450074e-04
16.480907	-2.781820843e-04
16.485907	-1.989079190e-03
16.490907	-1.763720946e-02
16.495908	-3.537922452e-02
16.500908	-1.608027760e-02
16.505908	1.708370168e-04
16.510908	-2.380013870e-03
16.515909	1.038582314e-04
16.520909	-1.127226079e-06
16.525909	-8.728638266e-03
16.530909	-2.658464705e-02
16.535910	-2.399378083e-02
16.540910	-9.780554082e-03
16.545910	-3.098912939e-03
16.550911	3.239075066e-04
16.555911	-6.030327199e-04
16.560911	6.679061257e-04
16.565911	-5.550178139e-04
16.570912	-4.865771858e-03
16.575912	-4.034808802e-03
16.580912	6.009449126e-04
16.585913	-1.654922190e-03
16.590913	-5.965676231e-03
16.595913	-5.641685278e-03
16.600913	-1.204632411e-02
16.605914	-2.376467058e-02
16.610914	-1.321124245e-02
16.615914	9.369878857e-04
16.620914	-1.548866557e-03
16.625915	-1.272872958e-03
16.630915	-4.419098932e-04
16.635915	-3.359069396e-04
16.640916	1.620744479e-04
16.645916	-1.628988843e-04
16.650916	-1.099838545e-03
16.655916	3.330914034e-04
16.660917	-7.278414336e-04
16.665917	-4.978452976e-04
16.670917	2.771208545e-04
16.675917	2.208023407e-03
16.680918	-4.408220591e-04
16.685918	-1.215770628e-03
16.690918	-9.957739378e-04
16.695919	-2.934658464e-03
16.700919	1.548103687e-03
16.705919	9.931430172e-04
16.710919	4.720386023e-05
16.715920	1.547130131e-03
16.720920	3.912025289e-04
16.725920	-2.982603043e-03
16.730920	-2.046645741e-03
16.735921	5.624735672e-05
16.740921	-8.896917964e-04
16.745921	-1.328658843e-03
16.750922	-1.319650536e-03
16.755922	6.112520266e-04
16.760922	1.051236622e-03
16.765922	-1.330623523e-03
16.770923	-4.976605490e-04
16.775923	-2.196670395e-04
16.780923	3.813086999e-04
16.785924	2.264213907e-03
16.790924	3.536152731e-03
16.795924	2.762204121e-03
16.800924	-5.863186678e-05
16.805925	-2.485489531e-03
16.810925	7.743399196e-04
16.815925	5.533608872e-04
16.820925	6.853023086e-03
16.825926	2.116324454e-02
16.830926	1.857239590e-02
16.835926	1.376366929e-02
16.840927	7.628015689e-03
16.845927	1.768346904e-03
16.850927	1.490371011e-03
16.855927	6.796087900e-03
16.860928	1.038989898e-02
16.865928	1.039090774e-02
16.870928	1.911743641e-02
16.875928	1.796050888e-02
16.880929	4.425262417e-03
16.885929	-8.804368444e-04
16.890929	-1.054706674e-04
16.895930	1.873429269e-03
16.900930	1.298082695e-02
16.905930	3.172580441e-02
16.910930	2.145037858e-02
16.915931	5.304275771e-03
16.920931	1.155512857e-03
16.925931	-2.379283837e-03
16.930931	6.739223276e-03
16.935932	1.492078194e-02
16.940932	2.504423376e-02
16.945932	1.823761709e-02
16.950933	3.698425862e-03
16.955933	3.039470939e-03
16.960933	8.316012388e-04
16.965933	6.194315000e-03
16.970934	2.531227194e-02
16.975934	2.680319873e-02
16.980934	8.621207937e-03
16.985935	3.096520731e-03
16.990935	3.365514754e-03
16.995935	1.626997974e-04
17.000935	2.287049890e-04
17.005936	2.207604932e-03
17.010936	1.213668443e-03
17.015936	1.108683043e-03
17.020936	-1.109186104e-03
17.025937	-9.371867434e-04
17.030937	1.710676394e-03
17.035937	-1.606132288e-03
17.040938	1.717787147e-04
17.045938	7.737544187e-04
17.050938	-2.763042159e-03
17.055938	-1.530434330e-02
17.060939	-3.554022109e-02
17.065939	-1.702423102e-02
17.070939	1.271771145e-03
17.075939	-3.351316159e-04
17.080940	1.108797764e-03
17.085940	-6.078797943e-03
17.090940	-2.294186130e-02
17.095941	-3.133539066e-02
17.100941	-1.011354947e-02
17.105941	-7.160576988e-04
17.110941	-2.265963595e-03
17.115942	1.327847498e-03
17.120942	1.490847356e-03
17.125942	-1.939955052e-03
17.130943	-4.253818915e-03
17.135943	-4.645788521e-03
17.140943	-3.650834437e-03
17.145943	-3.871813452e-03
17.150944	-3.422829328e-03
17.155944	-2.752857363e-03
17.160944	0.000000000e+00
