expfull_T9_run13
3363	0
0.000000	0.000000000e+00
0.005000	1.881828748e-03
0.010001	1.165803393e-03
0.015001	-1.385118912e-03
0.020001	-8.312155863e-04
0.025001	6.586351758e-04
0.030002	-1.063874261e-04
0.035002	-4.845624557e-05
0.040002	4.394507876e-04
0.045003	2.045295037e-03
0.050003	-1.492571838e-03
0.055003	-1.711625100e-03
0.060003	8.791638359e-04
0.065004	-5.884904722e-05
0.070004	-1.376840590e-03
0.075004	5.701332275e-05
0.080004	1.709854937e-03
0.085005	-1.225045795e-03
0.090005	7.727764468e-04
0.095005	1.050695281e-03
0.100006	-1.215243018e-03
0.105006	-8.333300217e-04
0.110006	-9.483891138e-04
0.115006	-6.044739810e-04
0.120007	4.394018427e-04
0.125007	1.652268177e-03
0.130007	2.272167814e-03
0.135008	-6.037362194e-04
0.140008	-2.103717525e-03
0.145008	5.530677241e-04
0.150008	-1.273895214e-03
0.155009	-1.502947891e-03
0.160009	1.049843203e-03
0.165009	1.163771268e-03
0.170010	-1.771129441e-03
0.175010	-2.792787573e-04
0.180010	3.037469440e-03
0.185010	-8.333786987e-04
0.190011	-9.384383254e-04
0.195011	7.134033811e-04
0.200011	-3.376031160e-04
0.205012	-2.216751469e-04
0.210012	1.048188019e-03
0.215012	5.511504173e-04
0.220012	1.039057503e-03
0.225013	5.510194011e-04
0.230013	-2.258888300e-03
0.235013	-1.389002659e-03
0.240013	8.768045890e-04
0.245014	-2.801959327e-04
0.250014	-7.202367167e-04
0.255014	1.879551783e-03
0.260015	1.592502412e-03
0.265015	-1.886367700e-03
0.270015	-4.435142167e-04
0.275015	6.083612270e-04
0.280016	-9.976140591e-04
0.285016	-9.986794751e-04
0.290016	2.214074621e-03
0.295017	1.153068739e-03
0.300017	-3.932711105e-03
0.305017	8.279560695e-04
0.310017	2.538794528e-03
0.315018	-9.980722935e-04
0.320018	-6.119036137e-05
0.325018	-3.392401940e-04
0.330019	-1.496240660e-03
0.335019	7.705665933e-04
0.340019	4.355199731e-04
0.345019	-3.395019340e-04
0.350020	1.763314541e-03
0.355020	-1.496567806e-03
0.360020	5.327973234e-05
0.365020	2.318087122e-03
0.370021	-1.878742593e-03
0.375021	-2.594767789e-03
0.380021	1.580122087e-04
0.385022	-5.020161232e-04
0.390022	-1.993997728e-03
0.395022	4.917972772e-04
0.400022	8.747103862e-04
0.405023	3.766729746e-04
0.410023	8.255823864e-04
0.415023	2.145513300e-04
0.420024	-4.444770261e-04
0.425024	-2.825514829e-04
0.430024	3.033196944e-03
0.435024	6.052679453e-04
0.440025	-2.165641786e-03
0.445025	8.741221550e-04
0.450025	-1.496810029e-03
0.455026	-2.051844191e-03
0.460026	7.679321202e-04
0.465026	1.380832377e-03
0.470026	3.278261975e-04
0.475027	-8.961703735e-04
0.480027	3.034543568e-03
0.485027	1.485565259e-03
0.490028	-3.658211157e-03
0.495028	-1.325407459e-03
0.500028	-1.215403532e-04
0.505028	7.103476490e-04
0.510029	-1.325603283e-03
0.515029	7.102171172e-04
0.520029	9.301395054e-04
0.525029	-7.808296599e-04
0.530030	5.470305175e-04
0.535030	3.849743760e-04
0.540030	3.189128494e-04
0.545031	-1.117071735e-03
0.550031	-4.481745250e-04
0.555031	-6.426130385e-05
0.560031	-9.432771492e-04
0.565032	7.095648206e-04
0.570032	2.153418534e-03
0.575032	-1.498441567e-03
0.580033	-7.590479973e-06
0.585033	1.541257356e-03
0.590033	-1.451639732e-03
0.595033	-4.487612204e-04
0.600034	7.081086500e-04
0.605034	5.950498475e-04
0.610034	1.640089101e-04
0.615035	3.269346220e-04
0.620035	1.540801319e-03
0.625035	-6.691396926e-04
0.630035	-2.331111472e-03
0.635036	2.606778616e-04
0.640036	9.295751934e-04
0.645036	-1.500353435e-03
0.650037	4.304730406e-04
0.655037	-3.905459305e-04
0.660037	-7.255921868e-04
0.665037	2.257175233e-03
0.670038	1.320162799e-03
0.675038	-1.138217172e-04
0.680038	-2.288802977e-04
0.685038	-6.695442616e-05
0.690039	-1.672929260e-03
0.695039	-3.430689649e-04
0.700039	1.874741470e-03
0.705040	-5.071897615e-04
0.710040	-1.338208086e-03
0.715040	1.099590019e-03
0.720040	1.816484779e-03
0.725041	-4.584524291e-04
0.730041	-1.223474427e-03
0.735041	-9.607552447e-06
0.740042	8.122813442e-04
0.745042	-1.166672453e-03
0.750042	-7.267620871e-04
0.755042	7.070924666e-04
0.760043	-1.663839291e-03
0.765043	-9.997074886e-06
0.770043	1.529288812e-04
0.775044	8.218264303e-04
0.780044	1.098746002e-03
0.785044	-4.592313679e-04
0.790044	9.836227419e-04
0.795045	-5.073583727e-04
0.800045	-1.045111969e-05
0.805045	2.206359551e-03
0.810045	-3.939360122e-03
0.815046	-3.939424931e-03
0.820046	2.761133957e-03
0.825046	-3.927537125e-04
0.830047	-5.648088344e-04
0.835047	3.028924563e-03
0.840047	1.642937636e-03
0.845047	5.429346568e-04
0.850048	3.228822687e-04
0.855048	-7.851202417e-04
0.860048	-1.120166152e-03
0.865049	5.426757439e-04
0.870049	-1.253514464e-04
0.875049	-2.229297984e-03
0.880049	-6.144533629e-04
0.885050	1.872342299e-03
0.890050	-1.894510819e-03
0.895050	-1.168616243e-03
0.900051	2.652385839e-04
0.905051	-2.987943763e-04
0.910051	2.865963262e-03
0.915051	2.750441540e-04
0.920052	-1.121941996e-03
0.925052	-1.206892227e-05
0.930052	1.536779508e-03
0.935053	9.279602982e-05
0.940053	-1.120200411e-03
0.945053	1.496637201e-04
0.950053	8.185616123e-04
0.955054	-2.382323154e-03
0.960054	-2.220396768e-03
0.965054	2.693262767e-03
0.970054	2.090232135e-03
0.975055	-5.106862820e-04
0.980055	-1.895672976e-03
0.985055	1.096094539e-03
0.990056	-8.448609092e-04
0.995056	-1.226903896e-03
1.000056	1.372885667e-03
1.005056	-1.237032178e-03
1.010057	-9.021153955e-04
1.015057	1.755670944e-03
1.020057	1.037646884e-03
1.025058	-1.055299948e-03
1.030058	7.145362943e-04
1.035058	-1.348716958e-05
1.040058	7.504055911e-04
1.045059	8.653348099e-04
1.050059	-1.505596351e-03
1.055059	-3.477256812e-04
1.060060	1.535104287e-03
1.065060	1.095064721e-03
1.070060	2.630471810e-04
1.075060	7.029582208e-04
1.080061	-2.106948215e-03
1.085061	-2.118011823e-03
1.090061	9.227531870e-04
1.095061	7.127007785e-04
1.100062	-1.563235596e-03
1.105062	-1.293803026e-04
1.110062	1.036490053e-03
1.115063	2.064725128e-04
1.120063	8.083745671e-04
1.125063	6.443196509e-04
1.130063	-2.816924604e-04
1.135064	1.371150610e-03
1.140064	1.418083883e-03
1.145064	-2.949734894e-03
1.150065	-3.111789858e-03
1.155065	5.969378042e-04
1.160065	3.463712765e-03
1.165065	-1.124093606e-03
1.170066	-1.506136163e-03
1.175066	9.306629852e-04
1.180066	5.396209605e-04
1.185067	1.638495274e-03
1.190067	-8.944264339e-04
1.195067	-2.118421639e-03
1.200067	-1.010547790e-03
1.205068	-1.206616851e-04
1.210068	1.475184786e-03
1.215068	1.036145552e-03
1.220069	-9.038093758e-04
1.225069	2.610613408e-04
1.230069	1.139948132e-03
1.235069	8.628998562e-04
1.240070	-1.890009360e-03
1.245070	-2.444042052e-03
1.250070	1.467486537e-04
1.255070	1.532607044e-03
1.260071	-1.213638327e-04
1.265071	-6.283991077e-04
1.270071	7.004625261e-04
1.275072	3.184202601e-04
1.280072	-1.068565553e-03
1.285072	3.652902278e-04
1.290072	9.201953856e-04
1.295073	-1.230747479e-03
1.300073	6.520831305e-04
1.305073	8.630076506e-04
1.310074	-2.950841780e-03
1.315074	4.319046378e-04
1.320074	3.168475099e-04
1.325074	-1.012141428e-03
1.330075	2.076621545e-03
1.335075	1.254604166e-03
1.340075	-1.394310598e-03
1.345076	1.455394082e-04
1.350076	2.305354612e-03
1.355076	-8.495316905e-04
1.360076	-7.915984125e-04
1.365077	-7.826623673e-04
1.370077	-2.445632411e-03
1.375077	-1.795732332e-03
1.380078	6.410674089e-04
1.385078	1.090978751e-03
1.390078	2.589621024e-04
1.395078	9.690784410e-05
1.400079	-7.921055717e-04
1.405079	5.357565267e-04
1.410079	1.864618585e-03
1.415079	2.734506435e-03
1.420080	-2.178280938e-03
1.425080	-2.446329148e-03
1.430080	1.032412235e-03
1.435081	-7.925485051e-04
1.440081	6.983045521e-04
1.445081	8.122349547e-04
1.450081	4.791904762e-04
1.455082	4.791273135e-04
1.460082	-1.070848788e-03
1.465082	-1.395893667e-03
1.470083	1.806863347e-03
1.475083	1.968791153e-03
1.480083	-1.129097950e-03
1.485083	-1.243154611e-03
1.490084	-6.782493868e-04
1.495084	-1.510265693e-03
1.500084	5.345564518e-04
1.505085	2.199399954e-03
1.510085	-1.844435923e-03
1.515085	-1.129539038e-03
1.520085	2.351202533e-03
1.525086	-7.672404339e-05
1.530086	-1.511706367e-03
1.535086	3.631254444e-04
1.540086	-1.249100261e-04
1.545087	-6.799417166e-04
1.550087	1.193890203e-03
1.555087	3.138767989e-04
1.560088	-1.626077061e-03
1.565088	-4.592053847e-04
1.570088	3.631502104e-03
1.575088	-8.523088375e-04
1.580089	-1.349343662e-03
1.585089	6.964787225e-04
1.590089	-6.754107212e-05
1.595090	-6.325720242e-04
1.600090	-2.124550900e-03
1.605090	9.252151739e-04
1.610090	2.245078419e-03
1.615091	5.251124012e-04
1.620091	8.407457611e-05
1.625091	6.479803308e-04
1.630092	-1.260387572e-04
1.635092	-1.455026659e-03
1.640092	-7.816650561e-05
1.645092	-9.681790240e-04
1.650093	1.249633938e-03
1.655093	2.798484488e-03
1.660093	-1.789320303e-03
1.665094	-1.073422936e-03
1.670094	1.363377802e-03
1.675094	-4.035853543e-04
1.680094	-1.961560228e-03
1.685095	1.355191148e-03
1.690095	2.186082151e-03
1.695095	-1.016800287e-03
1.700095	-6.991576030e-05
1.705096	1.500096123e-04
1.710096	-2.841884617e-03
1.715096	8.008485660e-04
1.720097	1.028773547e-03
1.725097	-1.514145839e-03
1.730097	8.370224439e-05
1.735097	2.081527885e-03
1.740098	-4.053945884e-04
1.745098	-5.774470469e-04
1.750098	1.306385054e-03
1.755099	-2.260239064e-05
1.760099	1.973231961e-04
1.765099	8.092267888e-04
1.770099	-1.685695117e-03
1.775100	-1.628760317e-03
1.780100	8.660375908e-04
1.785100	4.739976456e-04
1.790101	-5.210084165e-04
1.795101	1.085839419e-03
1.800101	-2.345029802e-03
1.805101	-2.231098083e-03
1.810102	1.132651144e-03
1.815102	4.156295715e-04
1.820102	3.458915009e-05
1.825102	4.745026436e-04
1.830103	3.346563262e-05
1.835103	1.524320145e-03
1.840103	2.533297865e-04
1.845104	-1.629626183e-03
1.850104	-4.727528519e-04
1.855104	-1.294768364e-03
1.860104	7.030577809e-04
1.865105	-1.289571275e-04
1.870105	-1.686931245e-03
1.875105	1.351836503e-03
1.880106	1.246780830e-03
1.885106	1.246719283e-03
1.890106	-3.592520543e-04
1.895106	-1.237264253e-03
1.900107	5.875717750e-04
1.905107	1.026485659e-03
1.910107	5.294521281e-04
1.915108	-2.185456824e-03
1.920108	9.123078013e-04
1.925108	7.502555219e-04
1.930108	-4.637376581e-04
1.935109	3.317309773e-05
1.940109	9.110624792e-04
1.945109	1.961942167e-03
1.950110	-7.989640502e-04
1.955110	-1.619979191e-03
1.960110	4.718421018e-04
1.965110	3.567873570e-04
1.970111	-8.562057047e-04
1.975111	-3.008146012e-03
1.980111	-6.283408043e-04
1.985111	1.791462179e-03
1.990112	2.077385026e-03
1.995112	-2.617412384e-03
2.000112	-1.525534756e-03
2.005113	1.906211485e-03
2.010113	6.432214096e-04
2.015113	8.051513315e-04
2.020113	4.711091301e-04
2.025114	3.570545967e-04
2.030114	-6.379504392e-04
2.035114	1.196885621e-03
2.040115	1.579803245e-03
2.045115	-1.747070762e-03
2.050115	-1.183163257e-03
2.055115	-7.422488215e-04
2.060116	-3.563151177e-03
2.065116	1.355803433e-04
2.070116	3.338339740e-03
2.075117	-7.452930010e-05
2.080117	-1.354518102e-03
2.085117	1.799244117e-03
2.090117	1.578195890e-03
2.095118	-1.852672046e-03
2.100118	7.471213534e-04
2.105118	1.742004910e-03
2.110118	-6.859192830e-04
2.115119	1.128918271e-03
2.120119	-1.957968867e-03
2.125119	-3.448945608e-03
2.130120	4.117771181e-04
2.135120	2.295610892e-03
2.140120	-1.517235380e-03
2.145120	-5.813483214e-04
2.150121	1.185492094e-03
2.155121	-3.044845604e-04
2.160121	-1.895513242e-04
2.165122	8.513299341e-04
2.170122	5.172884332e-04
2.175122	-4.667165409e-04
2.180122	-8.597546800e-04
2.185123	-1.079802510e-03
2.190123	2.590621342e-04
2.195123	6.319810513e-04
2.200124	3.539365515e-04
2.205124	-1.071043511e-03
2.210124	1.577747665e-03
2.215124	9.097251400e-04
2.220125	-2.303154439e-03
2.225125	-3.643233173e-04
2.230125	-2.840215022e-05
2.235126	-1.289391275e-03
2.240126	1.080415717e-03
2.245126	1.902309666e-03
2.250126	1.577268053e-03
2.255127	-1.519617866e-03
2.260127	-3.125587491e-03
2.265127	1.739079513e-03
2.270127	9.650632145e-04
2.275128	-2.479284051e-04
2.280128	8.499318079e-05
2.285128	-1.969951103e-03
2.290129	-1.577032836e-03
2.295129	6.867803852e-04
2.300129	-2.492266632e-04
2.305129	2.016586497e-03
2.310130	2.294511324e-03
2.315130	-1.344118040e-04
2.320130	4.094981366e-04
2.325131	-1.578449706e-03
2.330131	-1.750499505e-03
2.335131	3.053256030e-04
2.340131	1.796182466e-03
2.345132	9.641698084e-04
2.350132	-2.498213705e-04
2.355132	7.350639858e-04
2.360133	-8.039088897e-04
2.365133	2.569722510e-04
2.370133	-4.700461723e-04
2.375133	-1.311058167e-03
2.380134	1.183742522e-03
2.385134	1.355673692e-03
2.390134	7.436489160e-04
2.395135	-3.013199218e-03
2.400135	-2.955261566e-03
2.405135	1.299440418e-03
2.410135	1.346378740e-03
2.415136	-1.637512697e-03
2.420136	-1.072603411e-03
2.425136	7.432356483e-04
2.430136	1.174152513e-03
2.435137	9.641054017e-04
2.440137	3.030836443e-04
2.445137	-8.795324856e-05
2.450138	-6.909782090e-04
2.455138	-9.200241454e-04
2.460138	2.586396015e-05
2.465138	-1.026135704e-03
2.470139	-7.572095254e-04
2.475139	2.291560562e-03
2.480139	-8.533214822e-04
2.485140	-3.564080254e-04
2.490140	1.344437845e-03
2.495140	-1.914437715e-03
2.500140	1.135332453e-03
2.505141	8.333300855e-05
2.510141	-6.436846600e-04
2.515141	1.622129619e-03
2.520142	-1.938268381e-04
2.525142	7.420621863e-04
2.530142	-5.869215642e-04
2.535142	-6.919740238e-04
2.540143	9.628747070e-04
2.545143	7.998255605e-04
2.550143	-1.467105402e-03
2.555143	-1.581157244e-03
2.560144	1.297622862e-03
2.565144	-1.580273704e-03
2.570144	8.465318418e-04
2.575145	1.898414633e-03
2.580145	-3.253502955e-05
2.585145	2.440369509e-05
2.590145	-1.581564162e-03
2.595146	-9.696565475e-04
2.600146	-1.189702182e-03
2.605146	1.726076102e-03
2.610147	-3.668642912e-04
2.615147	-1.246872775e-03
2.620147	2.232873922e-03
2.625147	-3.305667012e-05
2.630148	9.598297489e-04
2.635148	2.174703730e-03
2.640148	1.019710833e-03
2.645149	1.075649959e-03
2.650149	-1.640255217e-03
2.655149	-3.456210906e-03
2.660149	-6.924237681e-04
2.665150	1.238410178e-03
2.670150	-7.515356515e-04
2.675150	-1.199568047e-03
2.680151	7.130305139e-05
2.685151	1.018192374e-03
2.690151	5.211628187e-04
2.695151	-1.085804372e-03
2.700152	1.399998613e-03
2.705152	-3.679594781e-04
2.710152	-2.346905690e-03
2.715152	1.368974965e-04
2.720153	3.884629729e-03
2.725153	-1.143145168e-03
2.730153	-3.399075705e-03
2.735154	1.131612646e-03
2.740154	-5.313511327e-04
2.745154	-1.362361604e-03
2.750154	2.336373560e-03
2.755155	1.734350288e-03
2.760155	-4.175859086e-04
2.765155	1.398255091e-03
2.770156	1.282694234e-04
2.775156	-2.844620577e-03
2.780156	-1.143773029e-03
2.785156	-4.268701904e-04
2.790157	-4.739244172e-04
2.795157	2.115873299e-03
2.800157	2.419217330e-04
2.805158	1.015821492e-03
2.810158	2.418082146e-04
2.815158	-3.514037570e-03
2.820158	6.236733668e-04
2.825159	2.067535623e-03
2.830159	-1.908297714e-03
2.835159	1.455456781e-03
2.840159	1.121418979e-03
2.845160	-7.045350046e-04
2.850160	6.233339213e-04
2.855160	-1.976764389e-04
2.860161	-1.632652287e-03
2.865161	-7.527581092e-04
2.870161	-1.498483443e-04
2.875161	-3.708922742e-04
2.880162	-3.139517845e-04
2.885162	-1.689930789e-03
2.890162	7.388765570e-04
2.895163	-9.313293482e-05
2.900163	6.807674157e-04
2.905163	1.732652186e-03
2.910163	-1.528220804e-03
2.915164	-5.343327132e-04
2.920164	2.841421642e-03
2.925164	-1.135411044e-03
2.930165	-3.181352139e-03
2.935165	2.334282134e-03
2.940165	2.883411038e-04
2.945165	-2.856538178e-03
2.950166	1.626154202e-03
2.955166	1.119126841e-03
2.960166	-3.138484859e-04
2.965167	2.065962090e-03
2.970167	2.400088974e-04
2.975167	-4.760065980e-04
2.980167	-6.480526108e-04
2.985168	-2.914980941e-03
2.990168	-4.201766614e-04
2.995168	2.228619002e-03
3.000168	-9.530602940e-05
3.005169	-4.203432877e-04
3.010169	6.805394058e-04
3.015169	7.751782465e-05
3.020170	-9.452792773e-05
3.025170	2.873952413e-04
3.030170	1.730258860e-03
3.035170	-1.516907644e-04
3.040171	-7.547121815e-04
3.045171	4.681638905e-04
3.050171	-1.366788274e-03
3.055172	-1.519116870e-04
3.060172	1.013967685e-03
3.065172	1.239625507e-04
3.070172	-3.150678777e-04
3.075173	1.347783684e-03
3.080173	-1.032137676e-03
3.085173	-9.624522140e-05
3.090174	2.006581731e-03
3.095174	-3.020190880e-03
3.100174	-2.419279512e-03
3.105174	2.838370363e-03
3.110175	6.894362320e-04
3.115175	6.641643763e-05
3.120175	8.403182247e-04
3.125176	-2.361556672e-03
3.130176	-1.473661219e-03
3.135176	-1.437905544e-04
3.140176	-5.928199513e-04
3.145177	1.009160787e-05
3.150177	-8.699135172e-04
3.155177	-1.358940566e-03
3.160177	1.068868608e-03
3.165178	3.325687418e-03
3.170178	7.357784590e-04
3.175178	-1.970123952e-03
3.180179	-9.282368068e-04
3.185179	-1.415263763e-03
3.190179	-1.588308318e-03
3.195179	1.278476442e-03
3.200180	2.954774438e-04
3.205180	-2.132440372e-03
3.210180	2.006273059e-03
3.215181	2.494191556e-03
3.220181	-1.149657869e-03
3.225181	2.942070109e-04
3.230181	7.351282516e-04
3.235182	-2.305754932e-03
3.240182	-3.739173528e-04
3.245182	1.948898304e-03
3.250183	-7.000067891e-04
3.255183	-4.800729633e-04
3.260183	1.565758354e-03
3.265183	1.679159253e-05
3.270184	-1.589171932e-03
3.275184	-3.172970442e-04
3.280184	-9.736304279e-05
3.285184	7.345366253e-04
3.290185	6.754863653e-04
3.295185	-9.852370671e-05
3.300185	6.293819078e-04
3.305186	1.736280913e-05
3.310186	1.670216549e-03
3.315186	-5.957095941e-04
3.320186	-2.688645417e-03
3.325187	1.680055905e-03
3.330187	1.336021934e-03
3.335187	1.163978340e-03
3.340188	-2.086892310e-03
3.345188	-3.348874621e-03
3.350188	1.172818288e-03
3.355188	-4.811419373e-04
3.360189	1.401699243e-03
3.365189	4.556993302e-04
3.370189	-1.818225970e-03
3.375190	1.206121744e-04
3.380190	8.475184177e-04
3.385190	-5.384566417e-04
3.390190	-1.036481533e-03
3.395191	8.383603500e-04
3.400191	-1.140581299e-03
3.405191	-1.313624333e-03
3.410192	2.214124831e-03
3.415192	1.311891313e-04
3.420192	-1.638764109e-03
3.425192	-4.818816863e-04
3.430193	2.930222252e-04
3.435193	9.519326877e-04
3.440193	6.178989514e-04
3.445193	-2.141067816e-04
3.450194	-9.891156789e-04
3.455194	5.687444448e-04
3.460194	5.116953001e-04
3.465195	-5.962947861e-04
3.470195	-9.837502448e-05
3.475195	9.525137189e-04
3.480195	-2.136365008e-03
3.485196	-4.253476276e-05
3.490196	2.343975580e-04
3.495196	-3.196234171e-04
3.500197	4.268066882e-03
3.505197	-3.207274220e-04
3.510197	-1.752698979e-03
3.515197	2.921342415e-04
3.520198	-7.128612198e-04
3.525198	2.001934450e-03
3.530198	2.441857916e-03
3.535199	-5.400264095e-04
3.540199	-2.307978872e-03
3.545199	6.168051543e-04
3.550199	-1.257141281e-03
3.555200	1.373570636e-05
3.560200	3.665479020e-03
3.565200	-2.586221444e-03
3.570200	-2.203294475e-03
3.575201	-1.314395885e-03
3.580201	1.284406714e-03
3.585201	3.053255962e-03
3.590202	-2.636091342e-04
3.595202	-1.591585890e-03
3.600202	-2.261599559e-03
3.605202	2.221097429e-03
3.610203	1.620079961e-03
3.615203	-5.978466617e-04
3.620203	1.306788393e-05
3.625204	-9.239306000e-04
3.630204	1.169900740e-03
3.635204	1.759055344e-04
3.640204	-3.781143426e-04
3.645205	-6.551497368e-04
3.650205	-4.842102510e-04
3.655205	6.716739581e-04
3.660206	1.176542355e-04
3.665206	-2.063783646e-04
3.670206	-3.214226630e-04
3.675206	-1.316417504e-03
3.680207	-3.963319533e-03
3.685207	1.829304505e-03
3.690207	2.220231947e-03
3.695208	-8.096484575e-04
3.700208	-1.587355392e-04
3.705208	1.181984212e-04
3.710208	1.618063740e-03
3.715209	1.054045007e-03
3.720209	-1.373869008e-03
3.725209	-6.469601623e-04
3.730209	1.780853199e-03
3.735210	-1.756998364e-03
3.740210	-9.910915898e-04
3.745210	-5.991637734e-04
3.750211	-1.145183242e-03
3.755211	-1.602886478e-04
3.760211	3.712443802e-03
3.765211	6.815640044e-04
3.770212	-3.028277623e-03
3.775212	3.944802172e-04
3.780212	5.564212271e-04
3.785213	1.502318249e-03
3.790213	-3.304461614e-03
3.795213	-8.766477381e-04
3.800213	8.422059935e-04
3.805214	-8.777471086e-04
3.810214	2.383020108e-03
3.815214	3.460848876e-04
3.820215	-2.196821877e-03
3.825215	-9.929390237e-04
3.830215	2.218831105e-03
3.835215	1.258991901e-04
3.840216	-1.049084237e-03
3.845216	-3.801711789e-04
3.850216	-2.092301138e-04
3.855217	8.906588212e-04
3.860217	1.005603112e-03
3.865217	1.167544804e-03
3.870217	4.025385941e-04
3.875218	-2.564735276e-04
3.880218	3.354441380e-04
3.885218	5.841064532e-05
3.890218	-1.479551992e-03
3.895219	-1.317610056e-03
3.900219	-1.653640114e-03
3.905219	8.321713929e-04
3.910220	1.330094582e-03
3.915220	-1.700784008e-03
3.920220	2.112953044e-03
3.925220	1.002242161e-05
3.930221	-6.589886897e-04
3.935221	-7.630314890e-04
3.940221	1.616786257e-03
3.945222	3.154651329e-03
3.950222	-2.533077762e-03
3.955222	-1.156203566e-03
3.960222	7.746395592e-04
3.965223	-9.263133090e-04
3.970223	-9.263616601e-04
3.975223	1.003481646e-03
3.980224	-9.844549810e-04
3.985224	-2.647409818e-03
3.990224	1.386315457e-03
3.995224	2.055229744e-03
4.000225	-3.479507525e-03
4.005225	1.109186707e-03
4.010225	2.495060853e-03
4.015225	-1.481763785e-03
4.020226	1.003048728e-03
4.025226	3.340384043e-04
4.030226	-1.537904320e-03
4.035227	-4.803580466e-05
4.040227	8.878638640e-04
4.045227	7.258252358e-04
4.050227	-9.617628623e-05
4.055228	1.147642229e-04
4.060228	-4.392522653e-04
4.065228	-3.733035291e-04
4.070229	6.675904956e-04
4.075229	-9.373668442e-04
4.080229	-6.024330877e-04
4.085229	-2.684992327e-04
4.090230	-9.855063137e-04
4.095230	2.714238599e-03
4.100230	1.003287424e-03
4.105231	-1.540616930e-03
4.110231	-1.158685558e-03
4.115231	6.681647084e-04
4.120231	3.921331170e-04
4.125232	-1.644799538e-03
4.130232	3.104886707e-03
4.135232	-1.262914959e-03
4.140233	-2.419896905e-03
4.145233	1.604830183e-03
4.150233	7.158332732e-04
4.155233	1.128203447e-04
4.160234	-9.861646866e-04
4.165234	-2.112549145e-04
4.170234	6.568286717e-05
4.175234	-1.818257951e-03
4.180235	-8.233604047e-04
4.185235	-1.712357014e-03
4.190235	-6.044657267e-04
4.195236	3.602251571e-03
4.200236	2.101289460e-03
4.205236	-7.095990412e-04
4.210236	-7.666421573e-04
4.215237	-6.606943836e-04
4.220237	-3.267593705e-04
4.225237	1.555088754e-03
4.230238	-7.668269912e-04
4.235238	-9.958602308e-04
4.240238	-1.559534594e-04
4.245238	-7.669651596e-04
4.250239	2.435808998e-03
4.255239	1.115837201e-03
4.260239	-1.761047114e-03
4.265240	2.043693368e-03
4.270240	1.383684638e-03
4.275240	-3.473088354e-03
4.280240	-2.536186679e-03
4.285241	3.896033410e-04
4.290241	1.125732786e-04
4.295241	1.220465482e-03
4.300241	-7.674684068e-04
4.305242	1.124366886e-04
4.310242	1.938288703e-03
4.315242	-1.924539758e-03
4.320243	-3.286747386e-04
4.325243	3.324074808e-03
4.330243	2.842002628e-04
4.335243	-1.714732698e-03
4.340244	-1.379796687e-03
4.345244	-2.699041541e-04
4.350244	8.379885360e-04
4.355245	5.599591051e-04
4.360245	2.259328636e-04
4.365245	-1.656006401e-03
4.370245	6.658182917e-04
4.375246	5.597793801e-04
4.380246	-1.877128583e-03
4.385246	-2.232662430e-04
4.390247	2.606530101e-03
4.395247	-1.159303095e-03
4.400247	-1.045354137e-03
4.405247	1.276470869e-03
4.410248	-1.664926460e-04
4.415248	7.224129241e-04
4.420248	-9.875355069e-04
4.425249	4.453396035e-04
4.430249	9.412673788e-04
4.435249	3.892540524e-04
4.440249	1.106169507e-03
4.445250	-2.040698000e-03
4.450250	-1.878751287e-03
4.455250	1.773999424e-03
4.460250	2.260422573e-04
4.465251	-7.119491206e-04
4.470251	-6.539963863e-04
4.475251	-1.046018335e-03
4.480252	2.148669321e-04
4.485252	-1.821062603e-03
4.490252	-2.141966748e-04
4.495252	4.447225364e-04
4.500253	7.216632454e-04
4.505253	2.538517517e-03
4.510253	9.415635571e-04
4.515254	-6.543904134e-04
4.520254	-1.046411952e-03
4.525254	6.644484556e-04
4.530254	6.164076904e-04
4.535255	-5.495702446e-04
4.540255	-8.365974963e-04
4.545255	4.311952133e-06
4.550256	-1.372653996e-03
4.555256	-2.098656456e-03
4.560256	1.047123687e-03
4.565256	8.840897019e-04
4.570257	1.333021395e-03
4.575257	2.107934826e-03
4.580257	-2.155868718e-03
4.585257	-1.878927227e-03
4.590258	2.547781255e-03
4.595258	7.208409937e-04
4.600258	-1.048102478e-03
4.605259	-1.439123289e-03
4.610259	-9.421939213e-04
4.615259	2.106592178e-03
4.620259	-1.927223910e-03
4.625260	-3.044203765e-03
4.630260	2.709430568e-03
4.635260	8.924901175e-04
4.640261	2.234852445e-04
4.645261	6.054213965e-04
4.650261	-2.433450289e-03
4.655261	-1.707533362e-03
4.660262	1.275256864e-03
4.665262	2.269158835e-03
4.670262	8.351972034e-04
4.675263	-7.227574177e-04
4.680263	-3.408209376e-04
4.685263	-1.926773892e-03
4.690263	-1.047865229e-03
4.695264	2.650885118e-03
4.700264	1.749822845e-04
4.705264	-1.487966158e-03
4.710265	2.039793933e-03
4.715265	6.628295242e-04
4.720265	-1.049116024e-03
4.725265	8.247370927e-04
4.730266	4.437168928e-04
4.735266	-1.545212958e-03
4.740266	-3.199161575e-03
4.745266	2.236047439e-04
4.750267	1.216507573e-03
4.755267	2.225220350e-04
4.760267	-2.734914220e-04
4.765268	-1.125417270e-04
4.770268	1.875305416e-03
4.775268	-5.462736842e-05
4.780268	-1.163606210e-03
4.785269	-1.545625831e-03
4.790269	-1.822651300e-03
4.795269	1.876099995e-03
4.800270	5.916110421e-05
4.805270	-2.310746684e-03
4.810270	1.322008462e-03
4.815270	1.158976830e-03
4.820271	2.162879710e-03
4.825271	-5.040112074e-04
4.830271	-2.434943409e-03
4.835272	8.908292174e-04
4.840272	-8.291147368e-04
4.845272	-6.091675888e-04
4.850272	-2.762267384e-04
4.855273	1.655624364e-03
4.860273	8.246306786e-04
4.865273	-2.980195946e-03
4.870274	2.795807243e-04
4.875274	1.932447688e-03
4.880274	-3.334652177e-04
4.885274	-9.914683767e-04
4.890275	-1.546477271e-03
4.895275	-5.055757452e-04
4.900275	-5.526130710e-04
4.905275	-7.156438338e-04
4.910276	6.612389691e-04
4.915276	1.216167982e-03
4.920276	1.330121810e-03
4.925277	2.211443667e-04
4.930277	-3.870665509e-03
4.935277	2.690623736e-04
4.940277	3.758826808e-03
4.945278	-7.729582122e-04
4.950278	-3.649836124e-03
4.955278	-3.900586271e-04
4.960279	2.648731330e-03
4.965279	-2.093041701e-03
4.970279	-4.391738679e-04
4.975279	2.983594672e-03
4.980280	2.207106516e-04
4.985280	1.636747181e-04
4.990280	1.076387776e-04
4.995281	-2.044279407e-03
5.000281	-3.344144237e-04
5.005281	1.214459650e-03
5.010281	1.215420706e-03
5.015282	8.804006798e-04
5.020282	-5.535575797e-04
5.025282	1.633634151e-04
5.030282	1.053279815e-04
5.035283	-1.767605476e-03
5.040283	1.152501869e-04
5.045283	5.451874969e-04
5.050284	1.157114636e-03
5.055284	-1.048529363e-04
5.060284	-1.882791481e-03
5.065284	9.370118104e-04
5.070285	1.433945606e-03
5.075285	-9.459589829e-04
5.080285	-1.432969829e-03
5.085286	-9.940326264e-04
5.090286	-9.460734168e-04
5.095286	1.491751626e-03
5.100286	3.337786614e-04
5.105287	-5.723732597e-05
5.110287	1.434640992e-03
5.115287	1.626745792e-04
5.120288	-2.773385065e-04
5.125288	-1.711295721e-03
5.130288	1.055645454e-04
5.135288	4.853010166e-05
5.140289	-1.720408150e-03
5.145289	-1.052483208e-03
5.150289	6.683826510e-04
5.155290	7.163425116e-04
5.160290	-1.051595595e-03
5.165290	1.271236607e-03
5.170290	1.612616498e-04
5.175291	-5.067380793e-04
5.180291	-1.662710353e-03
5.185291	6.111248031e-04
5.190291	3.477926708e-03
5.195292	-1.328840382e-03
5.200292	-1.385874171e-03
5.205292	2.034896774e-03
5.210293	-2.200134790e-04
5.215293	-1.052003594e-03
5.220293	2.758850416e-04
5.225293	-5.551050279e-04
5.230294	2.188148203e-04
5.235294	-9.951536393e-04
5.240294	-1.721149453e-03
5.245295	-2.212702228e-04
5.250295	8.876310159e-04
5.255295	-1.549268559e-03
5.260295	2.695456671e-03
5.265296	2.809413939e-03
5.270296	-2.812306621e-03
5.275296	3.904772787e-04
5.280297	1.987351418e-03
5.285297	-2.161451709e-03
5.290297	-1.339533944e-03
5.295297	2.866193833e-03
5.300298	-2.786655224e-04
5.305298	-2.820558690e-03
5.310298	-1.387675033e-03
5.315298	1.767111971e-03
5.320299	1.108113212e-03
5.325299	-1.550773180e-03
5.330299	-7.768523095e-04
5.335300	2.704916537e-03
5.340300	1.432952409e-03
5.345300	-1.388924624e-03
5.350300	7.719185612e-04
5.355301	-1.272002059e-03
5.360301	-8.900588660e-04
5.365301	7.718124966e-04
5.370302	-8.331326219e-04
5.375302	2.657704608e-04
5.380302	1.211682187e-03
5.385302	6.666776968e-04
5.390303	-1.330245201e-03
5.395303	-1.999242625e-03
5.400303	1.650517459e-03
5.405304	2.263448145e-03
5.410304	-5.564283279e-04
5.415304	-2.047379382e-03
5.420304	-6.614919504e-04
5.425305	2.483296752e-03
5.430305	1.033957779e-04
5.435305	-2.325502393e-03
5.440306	2.173202729e-04
5.445306	-5.566707344e-04
5.450306	-4.997083566e-04
5.455306	-6.147362675e-04
5.460307	-7.287641824e-04
5.465307	-3.368204609e-04
5.470307	-1.738638270e-04
5.475307	2.099974310e-03
5.480308	-1.321867626e-03
5.485308	-3.595773979e-03
5.490308	2.309860351e-03
5.495309	3.361767322e-03
5.500309	4.948944279e-04
5.505309	-1.226042771e-03
5.510309	-1.992033547e-03
5.515310	-6.017578467e-05
5.520310	1.607781162e-04
5.525310	-3.862248013e-04
5.530311	1.210651932e-03
5.535311	3.226682693e-04
5.540311	-6.723093316e-04
5.545311	4.365949643e-04
5.550312	2.043471347e-03
5.555312	-2.603301008e-03
5.560312	-3.540281656e-03
5.565313	1.325411867e-03
5.570313	-5.005187502e-04
5.575313	9.913643541e-04
5.580313	9.813318602e-04
5.585314	3.213359217e-04
5.590314	-1.934570336e-03
5.595314	-4.426870200e-04
5.600315	5.992216200e-04
5.605315	-7.787337853e-04
5.610315	1.545102967e-03
5.615315	-7.867987579e-04
5.620316	-3.948534031e-04
5.625316	7.230512345e-04
5.630316	-3.389216510e-04
5.635316	-2.909568183e-04
5.640317	5.299144491e-05
5.645317	-5.000098651e-04
5.650317	5.418993066e-04
5.655318	-1.332027713e-03
5.660318	2.738498929e-04
5.665318	1.209765177e-03
5.670318	-1.830096202e-03
5.675319	-1.275159414e-03
5.680319	-6.125958132e-05
5.685319	1.535618797e-03
5.690320	3.306545822e-04
5.695320	-1.161293462e-03
5.700320	-1.562302720e-03
5.705320	-6.141873642e-05
5.710321	1.152481418e-03
5.715321	-1.218417049e-03
5.720321	9.904273360e-04
5.725322	1.869346464e-03
5.730322	-1.658486867e-03
5.735322	-1.186047515e-04
5.740322	-1.275571125e-03
5.745323	-2.384540140e-03
5.750323	2.642798580e-04
5.755323	5.502326106e-04
5.760323	1.323158068e-03
5.765324	-4.537732181e-04
5.770324	-2.326699059e-03
5.775324	5.313631490e-05
5.780325	1.257037784e-03
5.785325	-1.056863129e-03
5.790325	-2.546810263e-03
5.795325	-1.552896838e-03
5.800326	3.769640778e-04
5.805326	1.753856103e-03
5.810326	-2.049960866e-03
5.815327	-5.590751343e-04
5.820327	-1.201302710e-04
5.825327	-1.772067928e-03
5.830327	7.227615839e-04
5.835328	1.322697569e-03
5.840328	-6.752204946e-04
5.845328	-4.288388353e-06
5.850329	1.209613279e-03
5.855329	-3.102174673e-03
5.860329	-1.888272897e-03
5.865329	3.195731129e-04
5.870330	-2.244262770e-04
5.875330	7.114912741e-04
5.880330	-7.224580264e-04
5.885331	9.324192565e-04
5.890331	-7.315170186e-04
5.895331	-9.995316353e-04
5.900331	3.254199858e-03
5.905332	2.143410194e-04
5.910332	1.323249238e-03
5.915332	-4.546803621e-04
5.920332	-2.442598114e-03
5.925333	1.648142806e-03
5.930333	-5.793592749e-06
5.935333	-2.987655360e-03
5.940334	-1.198455939e-04
5.945334	1.820016341e-03
5.950334	-1.276838803e-03
5.955334	-2.829236333e-04
5.960335	9.309792368e-04
5.965335	-1.113934820e-03
5.970335	-8.949759632e-04
5.975336	3.759238709e-04
5.980336	6.538795246e-04
5.985336	-6.740745773e-04
5.990336	3.768377767e-04
5.995337	6.627931465e-04
6.000337	-1.774098511e-03
6.005337	-6.751886872e-04
6.010338	1.705649198e-03
6.015338	1.982605294e-03
6.020338	-7.232710365e-04
6.025338	-1.172274060e-03
6.030339	1.322557645e-03
6.035339	1.542517163e-03
6.040339	-8.953739966e-04
6.045339	-1.774423343e-04
6.050340	1.475436876e-03
6.055340	1.102429917e-03
6.060340	-1.937427214e-03
6.065341	-2.386429793e-03
6.070341	-3.975692302e-04
6.075341	-6.185845030e-04
6.080341	6.533164363e-04
6.085342	4.333012185e-04
6.090342	-6.369838805e-05
6.095342	2.142585388e-04
6.100343	-2.491616904e-03
6.105343	-1.207774040e-04
6.110343	3.644983812e-03
6.115343	3.751402089e-04
6.120344	-1.563778084e-03
6.125344	-7.798492389e-04
6.130344	-5.048917536e-04
6.135345	1.932944318e-03
6.140345	5.479951372e-04
6.145345	-1.229931918e-03
6.150345	-1.564939953e-03
6.155346	5.479145935e-04
6.160346	1.819816425e-03
6.165346	5.378617388e-04
6.170347	1.558565669e-04
6.175347	-1.995049206e-03
6.180347	-2.875026299e-03
6.185347	-1.222073576e-04
6.190348	2.306629835e-03
6.195348	3.757119319e-04
6.200348	4.326824431e-04
6.205348	-1.393241245e-03
6.210349	-6.763076852e-04
6.215349	-4.463467209e-04
6.220349	-7.813539712e-04
6.225350	1.044517478e-03
6.230350	1.555414515e-04
6.235350	-3.994532754e-04
6.240350	2.420362522e-03
6.245351	-1.717430879e-03
6.250351	-2.377419541e-03
6.255351	1.646328812e-03
6.260352	8.153498660e-04
6.265352	-2.846139168e-04
6.270352	-7.826114501e-04
6.275352	-6.467721473e-05
6.280353	5.029094022e-05
6.285353	1.981157169e-03
6.290353	2.086125999e-03
6.295354	-2.053666726e-03
6.300354	-4.375561488e-03
6.305354	1.427087524e-03
6.310354	7.091027980e-04
6.315355	-1.288809990e-03
6.320355	2.152971781e-03
6.325355	-1.116869461e-03
6.330355	-7.909125893e-04
6.335356	5.001541780e-05
6.340356	-5.629748650e-04
6.345356	2.699537049e-04
6.350357	4.329199572e-04
6.355357	1.368842856e-03
6.360357	6.038613367e-04
6.365357	5.468401142e-04
6.370358	-2.951369676e-04
6.375358	1.033764089e-03
6.380358	-2.053086805e-03
6.385359	-3.488030415e-03
6.390359	1.320675384e-03
6.395359	1.206657704e-03
6.400359	2.696862989e-04
6.405360	2.027563606e-03
6.410360	3.965133631e-05
6.415360	-1.164304904e-03
6.420361	-4.003716050e-04
6.425361	1.646489701e-03
6.430361	5.465277914e-04
6.435361	-3.546265981e-03
6.440362	-6.194539225e-04
6.445362	4.314635447e-04
6.450362	3.734433480e-04
6.455363	7.673978251e-04
6.460363	-4.475572827e-04
6.465363	-1.509520925e-03
6.470363	1.807269575e-03
6.475364	2.257221136e-03
6.480364	-1.384597448e-03
6.485364	-2.856822181e-04
6.490364	-7.826773033e-04
6.495365	1.062498343e-04
6.500365	8.141871939e-04
6.505365	-7.347486412e-04
6.510366	-8.977622534e-04
6.515366	-6.777973165e-04
6.520366	-8.878081744e-04
6.525366	-1.327806058e-03
6.530367	1.588007650e-03
6.535367	3.021904641e-03
6.540367	9.279998146e-04
6.545368	-6.679329209e-04
6.550368	-2.828833870e-03
6.555368	-6.601128155e-05
6.560368	6.029289586e-04
6.565369	-5.630276943e-04
6.570369	2.476779511e-03
6.575369	-2.380900380e-04
6.580370	-2.503984744e-03
6.585370	8.698038778e-04
6.590370	3.738098878e-04
6.595370	-1.825088408e-03
6.600371	-7.261718537e-04
6.605371	3.167479031e-04
6.610371	1.425664011e-03
6.615372	1.147658068e-03
6.620372	3.156832940e-04
6.625372	-2.552177085e-03
6.630372	-2.379208182e-03
6.635373	1.979525703e-03
6.640373	1.539529147e-03
6.645373	-2.714253166e-03
6.650373	-1.615336032e-03
6.655374	2.247425939e-03
6.660374	1.645438712e-03
6.665374	-1.714802249e-04
6.670375	-2.667360973e-03
6.675375	-1.396453209e-03
6.680375	2.534305234e-03
6.685375	-6.656944300e-05
6.690376	-1.510509036e-03
6.695376	-6.205796437e-04
6.700376	-4.496098155e-04
6.705377	1.482261177e-03
6.710377	1.368247127e-03
6.715377	1.099241839e-03
6.720377	6.592462125e-04
6.725378	-2.399602279e-03
6.730378	-2.399622498e-03
6.735378	-2.767618822e-04
6.740379	7.661594424e-04
6.745379	2.581037472e-03
6.750379	1.521538926e-04
6.755379	-2.007744735e-03
6.760380	-1.443796277e-03
6.765380	1.482019595e-03
6.770380	1.759984230e-03
6.775380	-1.997824424e-03
6.780381	4.300195898e-04
6.785381	1.530155681e-04
6.790381	-1.778895454e-03
6.795382	1.204917511e-03
6.800382	7.559233240e-04
6.805382	2.099346428e-04
6.810382	-1.224004112e-03
6.815383	-7.840480474e-04
6.820383	2.083771725e-03
6.825383	2.098578553e-04
6.830384	-2.381015691e-03
6.835384	-7.271275671e-04
6.840384	2.743658576e-03
6.845384	5.927604972e-04
6.850385	-1.386147183e-03
6.855385	-9.561900874e-04
6.860385	1.527289353e-04
6.865386	1.423638919e-03
6.870386	-1.569211582e-03
6.875386	-6.112839029e-04
6.880386	3.826418130e-04
6.885387	-8.423077983e-04
6.890387	1.481543345e-03
6.895387	8.695594270e-04
6.900388	-1.233340701e-03
6.905388	-1.281356175e-03
6.910388	-6.704085978e-04
6.915388	1.515271891e-04
6.920389	3.145000429e-04
6.925389	-6.749643852e-05
6.930389	-8.414708472e-04
6.935389	2.255337417e-03
6.940390	-2.875375310e-04
6.945390	-4.215334641e-03
6.950390	1.203343401e-03
6.955391	1.700297911e-03
6.960391	-6.695865159e-04
6.965391	1.204290783e-03
6.970391	6.973018522e-04
6.975392	-7.846322657e-04
6.980392	-6.226586477e-04
6.985392	-1.247038397e-04
6.990393	8.792226118e-04
6.995393	-1.119682236e-03
7.000393	-1.616671374e-03
7.005393	4.621824724e-05
7.010394	2.036089564e-03
7.015394	1.262116159e-03
7.020394	-9.567760379e-04
7.025395	7.061138199e-04
7.030395	-9.478099880e-04
7.035395	-9.568261161e-04
7.040395	2.570891342e-04
7.045396	-2.113794231e-03
7.050396	1.098008935e-03
7.055396	2.311924363e-03
7.060396	7.539955199e-04
7.065397	-1.004921976e-03
7.070397	-1.443913542e-03
7.075397	-7.369694040e-04
7.080398	-4.510015646e-04
7.085398	4.695442865e-05
7.090398	1.193874035e-03
7.095398	2.082808189e-03
7.100399	7.158690951e-04
7.105399	4.858662090e-04
7.110399	-1.569034130e-03
7.115400	-9.570841820e-04
7.120400	7.638035466e-04
7.125400	-3.931470434e-04
7.130400	-1.617093811e-03
7.135401	-6.819624511e-05
7.140401	1.155719632e-03
7.145401	1.863664546e-03
7.150402	-7.942014536e-04
7.155402	-1.617170443e-03
7.160402	2.310593822e-03
7.165402	-1.732817703e-04
7.170403	-1.511221660e-03
7.175403	-1.015264483e-03
7.180403	1.616545108e-04
7.185404	1.616396614e-04
7.190404	3.663189146e-05
7.195404	4.855919467e-04
7.200404	3.805831729e-04
7.205405	1.805488538e-03
7.210405	3.715545169e-04
7.215405	-1.397360631e-03
7.220405	-2.611306887e-03
7.225406	2.751377568e-03
7.230406	-2.404687204e-04
7.235406	-3.328309557e-03
7.240407	4.300247823e-03
7.245407	1.317401209e-03
7.250407	-3.108364309e-03
7.255407	-7.945082709e-04
7.260408	8.203870816e-04
7.265408	1.757320569e-03
7.270408	2.196282083e-03
7.275409	-1.397529860e-03
7.280409	-1.396543629e-03
7.285409	9.253123191e-04
7.290409	-5.666174871e-04
7.295410	6.583001862e-04
7.300410	5.432931708e-04
7.305410	-6.236547068e-04
7.310411	7.532546104e-04
7.315411	3.712627690e-04
7.320411	-1.737198587e-04
7.325411	8.102117085e-04
7.330412	-2.407423834e-04
7.335412	-2.787533030e-04
7.340412	3.811966394e-04
7.345413	3.131875247e-04
7.350413	9.318700595e-05
7.355413	7.061397680e-04
7.360413	1.511581822e-04
7.365414	-7.288050921e-04
7.370414	2.587996000e-03
7.375414	2.082011843e-03
7.380414	-2.171761775e-03
7.385415	9.309857489e-05
7.390415	1.308017951e-03
7.395415	-7.278800444e-04
7.400416	3.524868845e-03
7.405416	1.258983886e-03
7.410416	-2.381823795e-03
7.415416	4.290062538e-04
7.420417	9.249663682e-04
7.425417	3.709855085e-04
7.430417	2.559800558e-04
7.435418	-1.006960868e-03
7.440418	-1.260221329e-04
7.445418	-1.119978042e-03
7.450418	-1.225983759e-03
7.455419	1.756837113e-03
7.460419	-2.113957050e-03
7.465419	-1.341011949e-03
7.470420	-2.330856000e-04
7.475420	-2.840950509e-03
7.480420	3.076705842e-03
7.485420	4.356622713e-03
7.490421	-1.111081404e-03
7.495421	-2.162033509e-03
7.500421	2.740680083e-03
7.505421	2.138702884e-03
7.510422	-2.554044514e-03
7.515422	-2.449061295e-03
7.520422	-9.491563567e-04
7.525423	2.253653006e-03
7.530423	1.365692170e-03
7.535423	9.275301524e-05
7.540423	-1.895145926e-03
7.545424	-2.717110287e-03
7.550424	-2.612126646e-03
7.555424	1.470633661e-03
7.560425	3.964483262e-03
7.565425	-1.112241906e-03
7.570425	-3.941093256e-03
7.575425	-1.838221515e-03
7.580426	1.536578854e-03
7.585426	8.686063288e-04
7.590426	1.506366721e-04
7.595427	-1.121301813e-03
7.600427	-2.889212383e-03
7.605427	7.055759341e-04
7.610427	2.865444898e-03
7.615428	2.645812889e-04
7.620428	-2.893972142e-04
7.625428	2.555626260e-04
7.630429	2.970400665e-03
7.635429	3.419366017e-03
7.640429	-4.614254069e-04
7.645429	2.253412814e-03
7.650430	2.368397105e-03
7.655430	8.094754646e-04
7.660430	1.698416411e-03
7.665430	-9.484440083e-04
7.670431	7.044541550e-04
7.675431	6.954457130e-04
7.680431	-6.952021298e-05
7.685432	-1.885427057e-03
7.690432	-4.035190475e-04
7.695432	1.746351509e-03
7.700432	-2.717406447e-03
7.705433	-1.156699269e-05
7.710433	3.964201202e-03
7.715433	6.563785101e-04
7.720434	-9.005424532e-04
7.725434	-4.035787036e-04
7.730434	2.022276779e-03
7.735434	2.635234135e-03
7.740435	-2.886098172e-04
7.745435	2.195242590e-03
7.750435	1.374280659e-03
7.755436	9.252978990e-04
7.760436	1.746243879e-03
7.765436	-2.220541197e-03
7.770436	-5.096450758e-04
7.775437	2.358186132e-03
7.780437	4.852836441e-04
7.785437	1.492949028e-04
7.790437	5.992620823e-04
7.795438	1.502798085e-04
7.800438	-1.073658882e-03
7.805438	-1.282654512e-03
7.810439	5.422356941e-04
7.815439	2.195135620e-03
7.820439	1.583162805e-03
7.825439	-1.943646251e-03
7.830440	-5.087338992e-04
7.835440	1.421150715e-03
7.840440	3.222054917e-04
7.845441	1.862112129e-03
7.850441	1.421130076e-03
7.855441	1.021973902e-04
7.860441	3.305010820e-03
7.865442	1.249119645e-03
7.870442	-1.618725870e-03
7.875442	-1.064763495e-03
7.880443	-5.198005544e-04
7.885443	1.040105448e-03
7.890443	6.001238259e-04
7.895443	3.691305282e-04
7.900444	-6.985102767e-05
7.905444	-1.006804556e-03
7.910444	-6.818288944e-04
7.915445	-2.898569343e-04
7.920445	-2.898628994e-04
7.925445	-1.120822136e-03
7.930445	1.307035670e-03
7.935446	1.307029888e-03
7.940446	-1.064842627e-03
7.945446	4.508937757e-05
7.950446	2.090968880e-03
7.955447	1.754982211e-03
7.960447	-2.058809080e-03
7.965447	-9.008795267e-04
7.970448	1.510560406e-04
7.975448	3.220411440e-04
7.980448	-1.279388177e-04
7.985448	-6.249160788e-04
7.990449	2.080926848e-03
7.995449	1.980275436e-04
8.000449	-1.006909775e-03
8.005450	-1.297052266e-05
8.010450	-1.297538877e-05
8.015450	7.039795412e-04
8.020450	-6.998173670e-05
8.025451	9.300442680e-05
8.030451	8.669563391e-04
8.035451	-1.723902717e-03
8.040452	-1.780904015e-03
8.045452	9.298630674e-05
8.050452	2.252860629e-03
8.055452	-1.226948258e-03
8.060453	-2.889859123e-03
8.065453	8.769251371e-04
8.070453	2.366837329e-03
8.075453	4.125734477e-03
8.080454	4.759354418e-04
8.085454	-3.558841911e-03
8.090454	-7.300046693e-04
8.095455	-3.380305101e-04
8.100455	1.755848130e-03
8.105455	2.854782708e-03
8.110455	-6.820223055e-04
8.115456	6.468994787e-04
8.120456	7.618894995e-04
8.125456	-1.750613406e-04
8.130457	-1.236005156e-03
8.135457	9.248701497e-04
8.140457	1.706822958e-03
8.145457	4.268916248e-04
8.150458	-1.236018139e-03
8.155458	-1.505006125e-03
8.160458	2.068947012e-04
8.165459	8.678546106e-04
8.170459	-1.504015092e-03
8.175459	-1.294029734e-03
8.180459	1.144830511e-03
8.185460	-1.181012872e-04
8.190460	-5.670787367e-04
8.195460	-1.016056125e-03
8.200461	1.582795379e-03
8.205461	3.255698947e-03
8.210461	-1.561032961e-03
8.215461	-1.571034758e-03
8.220462	1.583785768e-03
8.225462	1.096810881e-03
8.230462	-1.275058088e-03
8.235462	-1.180065536e-03
8.240463	1.526780393e-03
8.245463	-7.013191372e-05
8.250463	-1.399059210e-03
8.255464	-9.010890446e-04
8.260464	-1.121078497e-03
8.265464	-9.490899020e-04
8.270464	-7.014094919e-05
8.275465	1.420773696e-03
8.280465	2.638371087e-04
8.285465	3.128328561e-04
8.290466	6.468126598e-04
8.295466	1.018418874e-04
8.300466	-5.671218603e-04
8.305466	3.484307695e-05
8.310467	1.535757590e-03
8.315467	1.697747359e-03
8.320467	-1.271512256e-04
8.325468	-2.058043796e-03
8.330468	1.754741125e-03
8.335468	-1.227092301e-03
8.340468	2.068263420e-04
8.345469	8.657885683e-04
8.350469	-2.229038328e-03
8.355469	-1.271570150e-04
8.360470	3.788139872e-04
8.365470	1.143770506e-03
8.370470	-1.075105340e-03
8.375470	-1.006109613e-03
8.380471	3.084660309e-03
8.385471	2.864672388e-03
8.390471	-2.994998742e-03
8.395471	-2.948001535e-03
8.400472	4.838056401e-04
8.405472	-5.671353688e-04
8.410472	-1.398088671e-03
8.415473	2.252706389e-03
8.420473	8.657844329e-04
8.425473	-1.179100510e-03
8.430473	-5.091378601e-04
8.435474	-1.562078389e-03
8.440474	5.898011577e-04
8.445474	1.641742539e-03
8.450475	-1.839061455e-03
8.455475	-1.285091984e-03
8.460475	2.587691160e-03
8.465475	-1.216212528e-05
8.470476	-2.316074175e-05
8.475476	-2.215997085e-05
8.480476	-1.284088212e-03
8.485477	2.529698553e-03
8.490477	4.483911532e-05
8.495477	-2.058041713e-03
8.500477	-6.821178526e-04
8.505478	9.807899518e-04
8.510478	1.316772339e-03
8.515478	-9.490990909e-04
8.520478	-1.315027614e-05
8.525479	9.807953427e-04
8.530479	-5.191189199e-04
8.535479	-2.214526812e-05
8.540480	1.534768918e-03
8.545480	-1.169077547e-03
8.550480	-1.226072600e-03
8.555480	8.088149258e-04
8.560481	1.248792085e-03
8.565481	1.144799855e-03
8.570481	-1.724037038e-03
8.575482	-1.065071994e-03
8.580482	2.078586306e-04
8.585482	-6.150929771e-04
8.590482	4.268507423e-04
8.595483	-1.456041216e-03
8.600483	4.387690590e-05
8.605483	9.238299066e-04
8.610484	1.918776510e-03
8.615484	3.698660404e-04
8.620484	-2.115991748e-03
8.625484	8.188460930e-04
8.630485	9.188964519e-05
8.635485	-4.620764567e-04
8.640485	4.268764670e-04
8.645486	-1.180900179e-04
8.650486	-2.890774446e-04
8.655486	-1.840803096e-04
8.660486	8.658638176e-04
8.665487	-4.050616520e-04
8.670487	-1.179014971e-03
8.675487	2.649072138e-04
8.680487	-1.750647393e-04
8.685488	-1.398992604e-03
8.690488	9.238804019e-04
8.695488	1.812833999e-03
8.700489	3.593737325e-05
8.705489	-1.850465725e-04
8.710489	-2.554909774e-03
8.715489	9.248985628e-04
8.720490	4.249715665e-03
8.725490	-8.449943231e-04
8.730490	-3.004869073e-03
8.735491	-7.002988577e-05
8.740491	-1.177963592e-03
8.745491	-5.099969722e-04
8.750491	1.489702137e-04
8.755492	-2.009904287e-03
8.760492	1.029813680e-04
8.765492	1.315917626e-03
8.770493	-9.029533219e-04
8.775493	1.755901854e-03
8.780493	4.279809923e-04
8.785493	-1.121927342e-03
8.790494	-3.469661810e-04
8.795494	4.501654907e-05
8.800494	1.859919428e-03
8.805494	-1.455889487e-03
8.810495	-1.722869566e-03
8.815495	1.315964759e-03
8.820495	1.200976267e-03
8.825496	8.670001339e-04
8.830496	-1.397867497e-03
8.835496	-9.498874234e-04
8.840496	1.534978318e-03
8.845497	-1.235860714e-03
8.850497	8.190292978e-04
8.855497	2.749926334e-03
8.860498	1.145022005e-03
8.865498	-1.283835989e-03
8.870498	-3.827687464e-03
8.875498	-2.114777941e-03
8.880499	1.250038871e-03
8.885499	1.698019555e-03
8.890499	-3.948570029e-04
8.895500	-1.513788197e-03
8.900500	-9.018165397e-04
8.905500	-1.168545364e-04
8.910500	8.190990481e-04
8.915501	-1.278415614e-04
8.920501	-2.988256884e-04
8.925501	1.259093149e-03
8.930502	4.516771651e-05
8.935502	-6.981937233e-05
8.940502	-7.397752327e-04
8.945502	-1.732712893e-03
8.950503	1.154131615e-03
8.955503	7.611603823e-04
8.960503	-1.178723914e-03
8.965503	-1.454701596e-03
8.970504	3.702027961e-04
8.975504	1.650137855e-03
8.980504	-8.927123346e-04
8.985505	9.241926892e-04
8.990505	2.187128885e-03
8.995505	-1.120678161e-03
9.000505	-2.000621497e-03
9.005506	7.042339025e-04
9.010506	2.368147823e-03
9.015506	-1.560624106e-03
9.020507	-1.456622457e-03
9.025507	3.692825481e-04
9.030507	2.530168802e-03
9.035507	-1.063621696e-03
9.040508	-2.994505524e-03
9.045508	2.138214011e-03
9.050508	-1.836477367e-04
9.055509	-1.675556035e-03
9.060509	2.138237755e-03
9.065509	2.703214062e-03
9.070509	-1.666532432e-03
9.075510	-2.669467948e-03
9.080510	-1.266025386e-04
9.085510	2.253272085e-03
9.090511	1.699311537e-03
9.095511	-3.444391187e-03
9.100511	3.124062899e-04
9.105511	2.301303115e-03
9.110512	-2.335427899e-03
9.115512	-6.725126456e-04
9.120512	-9.004911371e-04
9.125512	5.334370980e-04
9.130513	2.644610304e-04
9.135513	-8.344683657e-04
9.140513	2.139373569e-03
9.145514	2.554883778e-04
9.150514	-1.112425730e-03
9.155514	1.595119671e-04
9.160514	-2.414563236e-04
9.165515	-4.614347182e-04
9.170515	-7.864071556e-04
9.175515	4.855307838e-04
9.180516	5.325375770e-04
9.185516	-2.894067681e-04
9.190516	5.425560626e-04
9.195516	-1.398325321e-03
9.200517	-3.463747237e-04
9.205517	1.698520170e-03
9.210517	4.855980850e-04
9.215518	1.919527412e-03
9.220518	-4.043321604e-04
9.225518	-2.669194985e-03
9.230518	-1.743250602e-04
9.235519	-2.323117041e-04
9.240519	-1.226245724e-03
9.245519	-8.432570121e-04
9.250519	8.096604399e-04
9.255520	4.571368542e-05
9.260520	-9.482200922e-04
9.265520	1.144672832e-03
9.270521	2.301618380e-03
9.275521	-2.392107433e-03
9.280521	-9.491778250e-04
9.285521	1.803678277e-03
9.290522	-3.551897144e-04
9.295522	-9.481455881e-04
9.300522	-3.951657581e-04
9.305523	-2.891607652e-04
9.310523	-1.617075182e-03
9.315523	-1.340079671e-03
9.320523	9.248042586e-04
9.325524	8.678186468e-04
9.330524	-3.461019303e-04
9.335524	1.650797231e-03
9.340525	7.618585231e-04
9.345525	-2.008974435e-03
9.350525	-1.177009670e-03
9.355525	8.198897326e-04
9.360526	4.594480813e-05
9.365526	-5.660091536e-04
9.370526	9.819156444e-04
9.375527	-7.949727731e-04
9.380527	-1.397927059e-03
9.385527	2.750851853e-03
9.390527	1.201950813e-03
9.395528	3.220122626e-04
9.400528	-2.285829187e-03
9.405528	-1.894838992e-03
9.410528	9.350142932e-04
9.415529	7.630362244e-04
9.420529	-6.890472004e-05
9.425529	-4.608703138e-04
9.430530	-7.868395537e-04
9.435530	-8.428238961e-04
9.440530	-1.248516444e-04
9.445530	-2.318330025e-04
9.450531	8.101211743e-04
9.455531	1.145115115e-03
9.460531	3.524994273e-03
9.465532	-8.427475570e-04
9.470532	-2.391647635e-03
9.475532	4.622844579e-05
9.480532	-7.857117774e-04
9.485533	5.332272642e-04
9.490533	2.646121777e-03
9.495533	-2.171594422e-03
9.500534	-1.789602581e-03
9.505534	2.368177269e-03
9.510534	4.862963717e-04
9.515534	-1.167597270e-03
9.520535	-1.340574021e-03
9.525535	9.733096235e-04
9.530535	-8.425747407e-04
9.535535	-7.275674856e-04
9.540536	7.053658137e-04
9.545536	4.853920014e-04
9.550536	-2.875506957e-04
9.555537	-4.035302285e-04
9.560537	2.554467762e-04
9.565537	1.041416709e-03
9.570537	-3.354918296e-04
9.575538	-1.283424400e-03
9.580538	-1.560394592e-03
9.585538	-2.046676331e-05
9.590539	2.140426251e-03
9.595539	1.317486901e-03
9.600539	-2.277296721e-03
9.605539	-1.951300478e-03
9.610540	1.528518704e-03
9.615540	-1.138014297e-05
9.620540	-1.119303190e-03
9.625541	1.145584402e-03
9.630541	-4.513110645e-04
9.635541	-1.062261843e-03
9.640541	2.971526585e-03
9.645542	1.318634442e-03
9.650542	-2.276148583e-03
9.655542	-1.894154887e-03
9.660543	-5.652143137e-04
9.665543	-5.082022480e-04
9.670543	-2.981987147e-04
9.675543	1.030742038e-03
9.680544	-3.361657494e-04
9.685544	5.438003368e-04
9.690544	1.193779399e-03
9.695544	-2.277010054e-03
9.700545	-4.500969704e-04
9.705545	1.366816734e-03
9.710545	1.862804682e-03
9.715546	-5.080463059e-04
9.720546	-2.934894090e-03
9.725546	3.719361774e-04
9.730546	5.339431200e-04
9.735547	7.539468649e-04
9.740547	1.813903497e-03
9.745547	3.810001890e-04
9.750548	-4.019395618e-04
9.755548	-1.721849097e-03
9.760548	-6.792558515e-05
9.765548	1.862982430e-03
9.770549	-8.418491485e-04
9.775549	-7.368384708e-04
9.780549	1.041309341e-04
9.785550	-5.078180047e-04
9.790550	-1.453748127e-03
9.795550	-4.497876986e-04
9.800550	5.911707117e-04
9.805551	-5.647474404e-04
9.810551	4.872104705e-04
9.815551	9.262028652e-04
9.820551	3.242537793e-04
9.825552	-6.796726721e-04
9.830552	1.031248467e-03
9.835552	-5.646446204e-04
9.840553	1.623318965e-04
9.845553	-1.246345836e-04
9.850553	-4.159390526e-03
9.855553	1.480310266e-03
9.860554	3.192231704e-03
9.865554	-8.895214219e-04
9.870554	-1.061494065e-03
9.875555	8.114185084e-04
9.880555	-5.644864028e-04
9.885555	-6.784621262e-04
9.890555	1.423437764e-03
9.895556	2.665207310e-04
9.900556	6.495172741e-04
9.905556	3.245536357e-04
9.910557	-2.170288082e-03
9.915557	-1.615301021e-03
9.920557	1.203558957e-03
9.925557	1.529558996e-03
9.930558	-1.033611698e-05
9.935558	-4.502929442e-04
9.940558	-1.280227811e-03
9.945559	-1.558193619e-03
9.950559	9.473219247e-05
9.955559	-7.851996904e-04
9.960559	2.035660646e-03
9.965560	3.690586521e-03
9.970560	-9.561336401e-04
9.975560	-1.282096400e-03
9.980560	7.648076374e-04
9.985561	-8.510825614e-04
9.990561	-1.616020492e-03
9.995561	3.828864166e-04
10.000562	4.792445563e-05
10.005562	6.499099335e-04
10.010562	-5.170051872e-04
10.015562	-1.820045982e-04
10.020563	7.649616808e-04
10.025563	3.250059090e-04
10.030563	-1.165890783e-03
10.035564	-2.666786854e-03
10.040564	7.550406685e-04
10.045564	-6.689341723e-05
10.050564	-2.169755507e-03
10.055565	2.533000253e-03
10.060565	8.221162669e-04
10.065565	-8.817079867e-06
10.070566	5.451718533e-04
10.075566	-3.164599699e-03
10.080566	1.261171908e-03
10.085566	2.973095986e-03
10.090567	-1.117653995e-03
10.095567	-2.828537574e-03
10.100567	-2.386626278e-04
10.105568	1.204276789e-03
10.110568	-1.720538439e-03
10.115568	-1.013557574e-03
10.120568	2.753251507e-03
10.125569	-2.855571445e-04
10.130569	-2.723399489e-03
10.135569	1.054624424e-04
10.140569	2.753334596e-03
10.145570	1.204442502e-03
10.150570	-1.166403372e-03
10.155570	8.705032679e-04
10.160571	-1.174360798e-03
10.165571	-2.446268216e-03
10.170571	-9.383864525e-06
10.175571	-1.720266513e-03
10.180572	2.084541130e-03
10.185572	2.800522303e-03
10.190572	9.569564872e-05
10.195573	1.263651554e-03
10.200573	-6.202210901e-04
10.205573	-8.981838653e-04
10.210573	-9.212118717e-06
10.215574	1.653716220e-03
10.220574	-2.772013440e-03
10.225574	-1.892041015e-03
10.230575	1.922766646e-03
10.235575	-8.102954231e-06
10.240575	3.259003065e-04
10.245575	-7.830153396e-04
10.250576	-4.580114581e-04
10.255576	1.033926945e-03
10.260576	-7.249520256e-04
10.265576	-1.500886142e-03
10.270577	5.930186275e-04
10.275577	2.690592434e-04
10.280577	-1.948793720e-03
10.285578	3.911717399e-05
10.290578	1.769042615e-03
10.295578	-1.662742001e-03
10.300578	5.941539593e-04
10.305579	2.601954819e-04
10.310579	-2.502626531e-03
10.315579	-1.442663177e-03
10.320580	-4.486960600e-04
10.325580	9.292495503e-04
10.330580	4.832207815e-05
10.335580	8.133022278e-04
10.340581	2.143250706e-03
10.345581	-1.939496778e-03
10.350581	-7.825384699e-04
10.355582	1.148376429e-03
10.360582	5.934309933e-04
10.365582	-1.336437168e-03
10.370582	-2.713336328e-03
10.375583	1.588445650e-03
10.380583	1.149493928e-03
10.385583	3.265638287e-04
10.390584	4.315816718e-04
10.395584	-1.500286035e-03
10.400584	-6.773083986e-04
10.405584	1.531591460e-03
10.410585	4.316772014e-04
10.415585	7.086856707e-04
10.420585	-8.392033152e-04
10.425585	1.980662459e-03
10.430586	-1.174136168e-03
10.435586	-2.388043739e-03
10.440586	2.868685349e-03
10.445587	-1.833026230e-03
10.450587	-7.104350907e-06
10.455587	7.658767195e-04
10.460587	-4.433806723e-03
10.465588	-7.809872734e-04
10.470588	2.640845206e-03
10.475588	-5.629501575e-04
10.480589	3.270246264e-04
10.485589	1.253997389e-03
10.490589	-1.229004041e-04
10.495589	2.701024603e-04
10.500590	5.013980594e-05
10.505590	-8.967819651e-04
10.510590	-1.948697783e-03
10.515591	-3.327633731e-04
10.520591	1.552344393e-04
10.525591	1.255197940e-03
10.530591	1.207225966e-03
10.535592	-2.168559059e-03
10.540592	2.123326730e-04
10.545592	5.483393038e-04
10.550592	-6.603972371e-06
10.555593	1.101359418e-03
10.560593	-5.055246679e-04
10.565593	-2.550384100e-03
10.570594	-9.534480021e-04
10.575594	2.086407117e-03
10.580594	1.150485575e-03
10.585594	-1.450342409e-03
10.590595	8.715532002e-04
10.595595	1.484544839e-03
10.600595	-5.033174005e-04
10.605596	5.476497533e-04
10.610596	-1.221224672e-03
10.615596	-2.990099041e-03
10.620596	7.677162620e-04
10.625597	4.078348868e-05
10.630597	-6.761497902e-04
10.635597	1.093777323e-03
10.640598	-1.775034993e-03
10.645598	-6.410445423e-05
10.650598	2.755763861e-03
10.655598	-2.850386272e-04
10.660599	-1.450946355e-03
10.665599	5.099614378e-05
10.670599	7.109859835e-04
10.675600	-4.559215208e-04
10.680600	-1.440839190e-03
10.685600	-4.458679956e-04
10.690600	4.811070733e-04
10.695601	1.093099888e-03
10.700601	-3.407923436e-04
10.705601	6.051818255e-04
10.710601	1.600153299e-03
10.715602	-2.004616847e-03
10.720602	4.332737016e-04
10.725602	-6.176397598e-04
10.730603	-2.492506892e-03
10.735603	1.321306551e-03
10.740603	-1.559068243e-05
10.745603	1.151371521e-03
10.750604	2.202340294e-03
10.755604	-1.994396162e-03
10.760604	-9.424273347e-04
10.765605	-3.414331244e-04
10.770605	-1.890318120e-03
10.775605	-5.593647938e-04
10.780605	1.371554893e-03
10.785606	1.762561118e-03
10.790606	-1.660218417e-03
10.795606	-1.115220730e-03
10.800607	9.306927200e-04
10.805607	-6.322305566e-05
10.810607	-2.500057741e-03
10.815607	-1.000113463e-03
10.820608	1.704763199e-03
10.825608	7.018481497e-04
10.830608	-1.200770093e-04
10.835609	5.479142117e-04
10.840609	1.322899479e-03
10.845609	-1.199906410e-04
10.850609	-1.334893510e-03
10.855610	-1.658846360e-03
10.860610	-1.773810893e-03
10.865610	1.973007749e-03
10.870610	2.757992784e-03
10.875611	2.231643181e-04
10.880611	4.220371168e-05
10.885611	-1.448683273e-03
10.890612	6.532280218e-04
10.895612	-2.246932784e-04
10.900612	-1.935567744e-03
10.905612	2.308223425e-03
10.910613	4.343582223e-04
10.915613	-2.662438245e-03
10.920613	-1.333483212e-03
10.925614	1.714375341e-03
10.930614	8.254550415e-04
10.935614	-4.544432460e-04
10.940614	5.395308185e-04
10.945615	-7.213684269e-04
10.950615	5.975874953e-04
10.955615	-2.343357328e-04
10.960616	-1.658225661e-03
10.965616	-1.879183093e-03
10.970616	7.686984137e-04
10.975616	8.757226711e-04
10.980617	-5.111691175e-04
10.985617	1.705736756e-03
10.990617	-1.104075012e-03
10.995617	-1.888000501e-03
11.000618	2.629092418e-04
11.005618	-1.829942628e-03
11.010618	-1.935906030e-03
11.015619	1.266944798e-03
11.020619	3.580845603e-03
11.025619	1.542990861e-03
11.030619	-2.384757689e-03
11.035620	-7.308196575e-04
11.040620	-3.388107007e-04
11.045620	-2.326668035e-03
11.050621	-3.387485977e-04
11.055621	6.542267702e-04
11.060621	-6.166706671e-04
11.065621	-1.756641924e-04
11.070622	-2.269515304e-03
11.075622	-1.992499512e-03
11.080622	-3.875582434e-04
11.085623	7.124114386e-04
11.090623	1.210414981e-03
11.095623	5.504836083e-04
11.100623	3.205281411e-04
11.105624	-2.604275927e-03
11.110624	-2.221265712e-03
11.115624	1.372564235e-03
11.120625	1.659579949e-03
11.125625	9.326526598e-04
11.130625	2.204613165e-03
11.135625	-3.952088331e-04
11.140626	-1.391120855e-03
11.145626	-1.993054949e-03
11.150626	-1.886028806e-03
11.155626	1.870792414e-03
11.160627	4.929020583e-04
11.165627	-2.766882556e-03
11.170627	-2.799898546e-04
11.175628	2.261899811e-03
11.180628	4.930316258e-04
11.185628	-2.907995022e-06
11.190628	-1.494791630e-03
11.195629	-2.808271737e-04
11.200629	-6.727724755e-04
11.205629	-3.655572220e-03
11.210630	1.765156140e-03
11.215630	2.090170733e-03
11.220630	-2.440541920e-03
11.225630	-8.825964644e-04
11.230631	-3.385940116e-04
11.235631	-1.389501934e-03
11.240631	3.894312694e-04
11.245632	2.367353351e-03
11.250632	2.806361912e-03
11.255632	-1.654379208e-04
11.260632	-7.193734898e-04
11.265633	2.646046235e-04
11.270633	-3.052175676e-03
11.275633	-7.192732144e-04
11.280633	9.906642864e-04
11.285634	-9.971904889e-04
11.290634	-1.656119845e-03
11.295634	-3.433986309e-03
11.300635	-1.389067410e-03
11.305635	7.708450825e-04
11.310635	-6.007440462e-05
11.315635	-3.490847829e-03
11.320636	-1.493926025e-03
11.325636	-2.975753449e-06
11.330636	-2.162820397e-03
11.335637	-1.274836158e-03
11.340637	1.594036886e-03
11.345637	1.489076995e-03
11.350637	-6.617679450e-04
11.355638	-3.367518794e-04
11.360638	-1.828633723e-03
11.365638	-8.916519216e-04
11.370639	1.814230589e-03
11.375639	-1.770533560e-03
11.380639	-4.428349715e-03
11.385639	-4.705299530e-03
11.390640	-5.355228346e-03
11.395640	-3.844727725e-04
11.400640	2.310410668e-03
11.405641	2.703423435e-03
11.410641	1.606011337e-04
11.415641	1.606360748e-04
11.420641	-1.884214090e-03
11.425642	-2.774129065e-03
11.430642	-4.412249840e-04
11.435642	-1.273143113e-03
11.440642	-3.361605323e-04
11.445643	-2.649995332e-03
11.450643	-2.879947112e-03
11.455643	2.089147715e-04
11.460644	2.158840670e-03
11.465644	3.429804752e-03
11.470644	-1.004910679e-03
11.475644	-3.212751122e-03
11.480645	-1.110833553e-03
11.485645	1.766040545e-03
11.490645	-7.757809865e-04
11.495646	-3.710580397e-03
11.500646	1.108184797e-03
11.505646	-6.126826863e-04
11.510646	-2.316681618e-04
11.515647	1.719258246e-03
11.520647	1.767291574e-03
11.525647	1.432346461e-03
11.530648	1.375385787e-03
11.535648	-4.494755488e-04
11.540648	-2.381330825e-03
11.545648	1.269500422e-03
11.550649	-5.838867092e-05
11.555649	-1.988243906e-03
11.560649	-2.868158056e-03
11.565650	-3.768071031e-03
11.570650	-2.162124687e-03
11.575650	-1.989097819e-03
11.580650	-2.658023614e-03
11.585651	-1.721039548e-03
11.590651	1.490816810e-03
11.595651	4.389126751e-04
11.600651	-8.889759095e-04
11.605652	2.189987564e-04
11.610652	-5.559207821e-04
11.615652	-6.598779519e-04
11.620653	-3.348591627e-04
11.625653	-1.051781807e-03
11.630653	-7.177634219e-04
11.635653	-7.847224674e-04
11.640654	2.772551355e-04
11.645654	1.271236607e-03
11.650654	-1.156481586e-04
11.655655	-2.543474414e-03
11.660655	-6.685422662e-04
11.665655	1.156392740e-03
11.670655	1.213427083e-03
11.675656	3.825113450e-04
11.680656	4.965425877e-04
11.685656	9.945523160e-04
11.690657	-1.443273027e-03
11.695657	-7.172760020e-04
11.700657	3.347027651e-04
11.705657	4.775677747e-05
11.710658	-2.160081281e-03
11.715658	-3.241463918e-04
11.720658	-5.712334099e-05
11.725658	2.207787557e-03
11.730659	1.491865910e-03
11.735659	-3.813797923e-03
11.740659	6.599890721e-04
11.745660	2.590918926e-03
11.750660	-9.358446626e-04
11.755660	-2.264731636e-03
11.760660	2.671646161e-04
11.765661	2.811060244e-03
11.770661	-2.369610261e-03
11.775661	-5.536736519e-04
11.780662	2.753179276e-03
11.785662	1.721275921e-03
11.790662	4.983833424e-04
11.795662	-2.886387774e-03
11.800663	-1.767411776e-03
11.805663	1.606437637e-03
11.810663	-2.184209380e-04
11.815664	-1.107332027e-03
11.820664	1.214576611e-03
11.825664	2.206715171e-04
11.830664	-1.825174450e-03
11.835665	2.381628478e-03
11.840665	1.654708538e-03
11.845665	-3.821944605e-03
11.850666	1.638708816e-04
11.855666	6.698818457e-04
11.860666	-2.101923056e-03
11.865666	-5.599847725e-05
11.870667	5.570066247e-04
11.875667	4.907472834e-05
11.880667	1.117048238e-06
11.885667	-1.212775103e-03
11.890668	-1.337728362e-03
11.895668	-5.576058516e-05
11.900668	1.169210441e-03
11.905669	-8.396368703e-04
11.910669	5.835261668e-05
11.915669	2.717243259e-03
11.920669	3.844142881e-04
11.925670	-1.441443106e-03
11.930670	-5.548082956e-05
11.935670	1.053497051e-03
11.940671	-9.443505387e-04
11.945671	-2.598217398e-03
11.950671	1.492593165e-03
11.955671	-5.527955009e-05
11.960672	-2.752267946e-04
11.965672	7.757546328e-04
11.970672	-1.546074472e-03
11.975673	-8.860709904e-04
11.980673	1.079137824e-04
11.985673	1.770861034e-03
11.990673	1.158936092e-03
11.995674	-1.326883562e-03
12.000674	-1.871812171e-03
12.005674	1.542036941e-03
12.010674	2.316034356e-03
12.015675	-1.603704576e-03
12.020675	8.341994888e-04
12.025675	1.723190590e-03
12.030676	-1.325597113e-03
12.035676	-5.462736842e-05
12.040676	-1.775489553e-03
12.045676	-2.492408072e-03
12.050677	-1.545419989e-03
12.055677	1.275462901e-03
12.060677	2.488436140e-03
12.065678	-1.489299058e-03
12.070678	-1.593322939e-04
12.075678	1.556915176e-04
12.080678	-1.692486825e-04
12.085679	1.112720919e-03
12.090679	2.808092858e-04
12.095679	1.818764606e-03
12.100680	-2.740761181e-04
12.105680	-4.360252354e-04
12.110680	-6.659704869e-04
12.115680	-8.759168143e-04
12.120681	1.770976463e-03
12.125681	-2.051766873e-03
12.130681	-6.648027425e-04
12.135682	1.447120720e-03
12.140682	-1.984644432e-03
12.145682	1.150221675e-03
12.150682	2.708176390e-03
12.155683	-1.152564530e-03
12.160683	-8.845372776e-04
12.165683	1.380377874e-03
12.170683	-4.934744904e-04
12.175684	-2.164476036e-04
12.180684	-1.430336939e-03
12.185684	-2.433238077e-03
12.190685	2.929503332e-03
12.195685	1.495626491e-03
12.200685	-1.936138101e-03
12.205685	7.777522095e-04
12.210686	7.777949779e-04
12.215686	-7.690753313e-04
12.220686	-7.220351095e-04
12.225687	3.033796870e-03
12.230687	5.529699654e-03
12.235687	3.390341689e-04
12.240687	-2.203779976e-03
12.245688	1.936030624e-03
12.250688	3.483986831e-03
12.255688	-1.544687568e-03
12.260689	-2.260604128e-03
12.265689	1.334237262e-03
12.270689	-4.446195101e-04
12.275689	-1.218532675e-03
12.280690	-2.155455864e-04
12.285690	-6.654768547e-04
12.290690	-7.684275638e-04
12.295690	1.993460881e-03
12.300691	9.895608616e-04
12.305691	-1.573310816e-04
12.310691	8.024253126e-03
12.315692	6.916359084e-03
12.320692	1.047732454e-03
12.325692	3.484639424e-03
12.330692	2.547735916e-03
12.335693	-4.440521424e-04
12.340693	9.419139861e-04
12.345693	2.882848992e-03
12.350694	1.773955325e-03
12.355694	8.850493486e-04
12.360694	2.710990949e-03
12.365694	3.646982575e-03
12.370695	4.918955378e-03
12.375695	1.994163919e-03
12.380695	-2.097561958e-03
12.385696	-2.757480523e-03
12.390696	-2.422454921e-03
12.395696	1.163388159e-03
12.400696	3.045326975e-03
12.405697	2.491402637e-03
12.410697	2.262460093e-03
12.415697	2.156510686e-03
12.420698	-8.162776716e-04
12.425698	2.837052851e-04
12.430698	1.765666834e-03
12.435698	-4.431642938e-04
12.440699	-4.341199349e-04
12.445699	1.171834785e-03
12.450699	1.439864688e-03
12.455699	-6.629722140e-04
12.460700	5.040072927e-04
12.465700	3.657875259e-03
12.470700	3.762914494e-03
12.475701	5.511400482e-04
12.480701	-1.379706291e-03
12.485701	-1.483655186e-03
12.490701	-3.276747948e-04
12.495702	7.233115368e-04
12.500702	1.555310211e-03
12.505702	6.442641277e-06
12.510703	2.329357673e-03
12.515703	-5.474352314e-04
12.520703	-3.979196924e-03
12.525703	6.565883469e-04
12.530704	2.932506194e-03
12.535704	4.156483163e-03
12.540704	1.221693736e-03
12.545705	-1.322117605e-03
12.550705	-7.101061360e-04
12.555705	3.898779719e-04
12.560705	8.288992439e-04
12.565706	-1.043949604e-03
12.570706	-1.645869784e-03
12.575706	1.937975003e-03
12.580707	-7.188296868e-04
12.585707	-8.807744460e-04
12.590707	5.041939624e-04
12.595707	-2.305602004e-03
12.600708	-9.866298026e-04
12.605708	1.001304873e-03
12.610708	-1.635833429e-04
12.615708	-7.185057717e-04
12.620709	8.394531815e-04
12.625709	-1.644439460e-04
12.630709	1.163528010e-03
12.635710	2.054524550e-03
12.640710	-1.482230201e-03
12.645710	-1.656173767e-03
12.650710	1.881674253e-03
12.655711	1.394748351e-03
12.660711	5.628418653e-04
12.665711	-1.759980846e-03
12.670712	-4.140800257e-03
12.675712	6.679766006e-04
12.680712	2.321930679e-03
12.685712	2.492968081e-03
12.690713	-1.100783040e-03
12.695713	-1.433717248e-03
12.700713	1.442168376e-03
12.705714	-1.368626589e-03
12.710714	1.813335856e-04
12.715714	4.963631570e-04
12.720714	9.453852458e-04
12.725715	1.118422877e-03
12.730715	-2.208342898e-03
12.735715	-8.813699891e-04
12.740715	2.856119478e-04
12.745716	1.500591231e-03
12.750716	-1.052710220e-04
12.755716	-2.705077412e-03
12.760717	-4.817898180e-05
12.765717	2.858499452e-04
12.770717	5.638820591e-04
12.775717	-4.400137908e-04
12.780718	-9.906344110e-07
12.785718	-9.493750403e-05
12.790718	6.710129184e-05
12.795719	1.165087566e-03
12.800719	9.471477853e-04
12.805719	-4.867236658e-04
12.810719	-9.856475827e-04
12.815720	1.501260855e-03
12.820720	-3.815852561e-04
12.825720	-2.151437672e-03
12.830721	1.778389855e-03
12.835721	2.305250557e-04
12.840721	-1.758314937e-03
12.845721	4.966067786e-04
12.850722	3.346642686e-04
12.855722	6.772769652e-05
12.860722	-1.538133639e-03
12.865723	1.119765610e-03
12.870723	1.940768062e-03
12.875723	-2.866913333e-03
12.880723	-2.588880305e-03
12.885724	2.542880174e-03
12.890724	2.447934231e-03
12.895724	-2.312749640e-03
12.900724	-1.213762553e-03
12.905725	3.051046779e-03
12.910725	1.167201465e-03
12.915725	-1.260613257e-03
12.920726	6.703272691e-04
12.925726	2.304009862e-04
12.930726	-2.034422768e-03
12.935726	-1.595398332e-03
12.940727	1.005504731e-03
12.945727	1.166038254e-04
12.950727	-8.692915924e-04
12.955728	6.796706704e-04
12.960728	3.937360231e-04
12.965728	-1.327117998e-03
12.970728	-1.611341052e-04
12.975729	1.005849771e-03
12.980729	8.909056823e-04
12.985729	1.893898849e-03
12.990730	-4.594267183e-05
12.995730	-2.043780895e-03
13.000730	-4.278220330e-04
13.005730	2.287075152e-03
13.010731	-1.027409375e-04
13.015731	-2.540554292e-03
13.020731	-1.365570504e-03
13.025731	6.713649160e-04
13.030732	-3.325288488e-04
13.035732	-9.254456546e-04
13.040732	-5.424172306e-04
13.045733	-1.478314695e-03
13.050733	3.443458909e-03
13.055733	1.005645872e-03
13.060733	-2.090130173e-03
13.065734	2.797868639e-04
13.070734	-1.431066880e-03
13.075734	1.121839958e-03
13.080735	7.859090758e-04
13.085735	-1.211928433e-03
13.090735	-7.619033770e-04
13.095735	-1.812793989e-03
13.100736	-5.988117585e-04
13.105736	1.006148553e-03
13.110736	2.775099694e-03
13.115737	5.102774143e-04
13.120737	-2.252516860e-03
13.125737	-3.795714423e-04
13.130737	-8.184961491e-04
13.135738	1.839405263e-03
13.140738	1.943450140e-03
13.145738	-1.259319231e-03
13.150739	-2.310209414e-03
13.155739	-1.592793749e-04
13.160739	1.609672155e-03
13.165739	5.677815824e-04
13.170740	7.086044256e-05
13.175740	-1.267013430e-03
13.180740	2.048851378e-03
13.185740	-9.809273990e-04
13.190741	-7.608886500e-04
13.195741	7.880755038e-04
13.200741	-1.314755216e-03
13.205742	9.971661658e-04
13.210742	7.302324168e-04
13.215742	-2.056637245e-04
13.220742	5.683441426e-04
13.225743	1.782327338e-03
13.230743	-8.184751861e-04
13.235743	-1.477386731e-03
13.240744	1.171515993e-03
13.245744	-8.173207865e-04
13.250744	-1.095253614e-03
13.255744	1.757266088e-04
13.260745	7.178408586e-05
13.265745	-4.315778164e-05
13.270745	6.188803385e-05
13.275746	-1.427976541e-03
13.280746	-3.679842814e-04
13.285746	1.341971514e-03
13.290746	-5.978676779e-04
13.295747	2.821348031e-04
13.300747	2.500062183e-03
13.305747	9.908698085e-03
13.310748	1.012873774e-02
13.315748	5.702038401e-03
13.320748	5.645093689e-03
13.325748	5.435157605e-03
13.330749	6.485150801e-03
13.335749	6.811184691e-03
13.340749	3.218438700e-03
13.345749	2.346585469e-04
13.350750	2.442586860e-03
13.355750	1.391698227e-03
13.360750	4.548032294e-04
13.365751	1.009824481e-03
13.370751	1.506849027e-03
13.375751	3.331799032e-03
13.380751	1.448957307e-03
13.385752	2.328960454e-03
13.390752	1.009087185e-03
13.395752	-1.752705068e-03
13.400753	-1.207682998e-03
13.405753	3.502822210e-04
13.410753	7.903102604e-04
13.415753	7.233668081e-04
13.420754	2.224335337e-03
13.425754	-9.794318762e-04
13.430754	-1.695338773e-03
13.435755	1.345543381e-03
13.440755	-7.682849352e-04
13.445755	2.937084277e-04
13.450755	-4.121972109e-05
13.455756	-2.479029734e-03
13.460756	-1.140051819e-03
13.465756	2.109818815e-03
13.470756	1.669896706e-03
13.475757	4.336800151e-03
13.480757	3.218916189e-03
13.485757	5.981814315e-03
13.490758	1.261549509e-02
13.495758	4.547001587e-03
13.500758	2.339178979e-03
13.505758	2.770208207e-03
13.510759	8.408945001e-03
13.515759	7.090072576e-03
13.520759	2.894361751e-03
13.525760	4.271337996e-03
13.530760	2.445494148e-03
13.535760	-3.752937870e-04
13.540760	1.673787827e-05
13.545761	1.565704604e-03
13.550761	7.918018197e-04
13.555761	8.968497076e-04
13.560762	-2.120341941e-04
13.565762	2.176885500e-03
13.570762	3.725852401e-03
13.575762	-5.938510739e-04
13.580763	1.060110000e-03
13.585763	1.232154335e-03
13.590763	-2.190599409e-03
13.595764	-5.366382303e-04
13.600764	2.283729069e-04
13.605764	-8.725111310e-04
13.610764	7.434522851e-04
13.615765	1.509463470e-03
13.620765	-9.853421808e-04
13.625765	8.755165057e-03
13.630765	1.477688118e-02
13.635766	7.914320930e-03
13.640766	6.260468188e-03
13.645766	7.206469470e-03
13.650767	3.058756854e-03
13.655767	1.776883324e-03
13.660767	-1.148897849e-03
13.665767	2.340960704e-03
13.670768	3.115971760e-03
13.675768	-1.086918821e-02
13.680768	-2.325743782e-02
13.685769	-1.634577131e-02
13.690769	-1.436265162e-04
13.695769	-9.755250461e-04
13.700769	-3.005383720e-02
13.705770	-3.353358696e-02
13.710770	-4.455165175e-03
13.715770	-2.651587134e-02
13.720771	-3.939209328e-02
13.725771	-5.841922539e-03
13.730771	-1.877414127e-02
13.735771	-4.110283225e-02
13.740772	-1.104046553e-02
13.745772	-1.079969835e-03
13.750772	-3.403006421e-02
13.755772	-3.138215777e-02
13.760773	-2.465726557e-03
13.765773	-1.042822416e-02
13.770773	-3.651470387e-02
13.775774	-2.451832231e-02
13.780774	1.823457919e-04
13.785774	-2.729005599e-02
13.790774	-3.386663126e-02
13.795775	-2.087630539e-02
13.800775	-3.977418862e-02
13.805775	-4.446686960e-02
13.810776	-4.801461484e-02
13.815776	-5.552813733e-02
13.820776	-6.165473768e-02
13.825776	-6.525847968e-02
13.830777	-7.332597096e-02
13.835777	-7.962556149e-02
13.840777	-8.526518906e-02
13.845778	-9.134379194e-02
13.850778	-8.719596911e-02
13.855778	-9.365755042e-02
13.860778	-9.288253811e-02
13.865779	-7.652940065e-02
13.870779	-6.658590318e-02
13.875779	-5.524948391e-02
13.880780	-4.380807051e-02
13.885780	-4.010622241e-02
13.890780	-1.606751642e-02
13.895780	-3.411171148e-03
13.900781	-2.301177394e-03
13.905781	2.660425538e-02
13.910781	3.052409139e-02
13.915781	2.565942078e-02
13.920782	3.528393648e-02
13.925782	3.102923167e-02
13.930782	3.622099638e-02
13.935783	3.495012407e-02
13.940783	3.749303760e-02
13.945783	3.787707241e-02
13.950783	3.848809450e-02
13.955784	3.484435557e-02
13.960784	3.406945556e-02
13.965784	4.014117107e-02
13.970785	3.555348525e-02
13.975785	2.632805992e-02
13.980785	3.749348945e-02
13.985785	2.080348340e-02
13.990786	2.517229470e-02
13.995786	3.566776195e-02
14.000786	1.034524080e-02
14.005787	6.932489207e-03
14.010787	2.644345023e-02
14.015787	3.146222518e-02
14.020787	4.657787381e-03
14.025788	1.074045517e-03
14.030788	1.301343189e-02
14.035788	3.417630030e-02
14.040788	2.527785700e-02
14.045789	3.240851353e-02
14.050789	3.981715447e-02
14.055789	3.445451270e-02
14.060790	3.981726860e-02
14.065790	4.389909647e-02
14.070790	4.522707904e-02
14.075790	4.097437504e-02
14.080791	5.015091688e-02
14.085791	5.468071972e-02
14.090791	4.959606254e-02
14.095792	4.485538607e-02
14.100792	4.401349067e-02
14.105792	4.124270363e-02
14.110792	3.998083188e-02
14.115793	3.639509067e-02
14.120793	3.362330377e-02
14.125793	4.041997954e-02
14.130794	2.070014452e-02
14.135794	3.064164372e-02
14.140794	2.754387525e-02
14.145794	4.831208404e-03
14.150795	3.005368561e-03
14.155795	4.105364429e-03
14.160795	7.815213756e-03
14.165796	5.721389050e-03
14.170796	7.700335644e-03
14.175796	3.723616742e-03
14.180796	1.351807735e-03
14.185797	-2.412923015e-03
14.190797	-4.515747070e-03
14.195797	-4.945665048e-03
14.200797	-7.928439627e-03
14.205798	-4.067598520e-03
14.210798	2.522958676e-05
14.215798	-2.046995081e-04
14.220799	-7.596103232e-04
14.225799	-5.295651936e-04
14.230799	3.447269542e-03
14.235799	-9.706933601e-03
14.240800	-3.285857525e-02
14.245800	-2.434999494e-02
14.250800	-3.512107020e-03
14.255801	-3.174946297e-02
14.260801	-3.203538866e-02
14.265801	-1.379635471e-02
14.270801	-3.712098647e-02
14.275802	-2.955035331e-02
14.280802	-3.501798789e-02
14.285802	-3.202609753e-02
14.290803	-3.341196128e-02
14.295803	-3.535279384e-02
14.300803	-2.711219817e-02
14.305803	-4.115335110e-02
14.310804	-1.334785416e-02
14.315804	-1.727657496e-02
14.320804	-3.827633702e-02
14.325805	-1.649250181e-02
14.330805	-3.663488310e-04
14.335805	-4.571054028e-03
14.340805	3.008578985e-03
14.345806	3.407489299e-02
14.350806	2.621839297e-02
14.355806	9.193407876e-03
14.360806	3.612095440e-02
14.365807	2.174482060e-02
14.370807	1.698414682e-02
14.375807	3.904696664e-02
14.380808	1.754823293e-02
14.385808	1.987016146e-02
14.390808	4.020307851e-02
14.395808	1.676445383e-02
14.400809	2.191722346e-02
14.405809	3.771839510e-02
14.410809	1.079896598e-02
14.415810	2.467924555e-02
14.420810	3.584467761e-02
14.425810	1.058015564e-02
14.430810	3.317794570e-02
14.435811	3.423894531e-02
14.440811	1.141228651e-02
14.445811	3.357110130e-02
14.450812	2.440267549e-02
14.455812	2.611263876e-02
14.460812	3.639012090e-02
14.465812	2.621975143e-02
14.470813	3.539629545e-02
14.475813	2.384900337e-02
14.480813	3.628536437e-02
14.485813	2.843786455e-02
14.490814	1.622061017e-02
14.495814	3.843542208e-02
14.500814	2.307434431e-02
14.505815	1.634607949e-03
14.510815	9.865205302e-03
14.515815	2.959415692e-02
14.520815	2.235762297e-02
14.525816	5.495629623e-03
14.530816	1.404919053e-03
14.535816	2.236932043e-03
14.540817	2.398982684e-03
14.545817	1.347101526e-03
14.550817	4.682106783e-04
14.555817	-1.902596357e-03
14.560818	7.453147764e-04
14.565818	-8.536104103e-03
14.570818	-3.456458243e-02
14.575819	-2.036931973e-02
14.580819	2.676445943e-03
14.585819	1.022598792e-03
14.590819	-3.622080367e-03
14.595820	-3.004353650e-02
14.600820	-3.374326868e-02
14.605820	-7.713670455e-03
14.610821	-3.124868076e-03
14.615821	-1.809396728e-02
14.620821	-3.324505625e-02
14.625821	-1.379308852e-02
14.630822	-1.854698803e-03
14.635822	-7.044347136e-03
14.640822	-1.080007597e-02
14.645822	-2.639114011e-02
14.650823	-2.120137128e-02
14.655823	-6.996108753e-03
14.660823	7.575161298e-04
14.665824	-6.293456258e-04
14.670824	-5.668002270e-03
14.675824	-1.379248559e-02
14.680824	-3.258536973e-02
14.685825	-1.970003293e-02
14.690825	-3.040617514e-04
14.695825	-9.729636856e-04
14.700826	8.803725097e-05
14.705826	-2.285361378e-02
14.710826	-3.412292032e-02
14.715826	-1.179411373e-02
14.720827	-1.031657538e-03
14.725827	-2.626507330e-03
14.730827	-1.930650990e-02
14.735828	-3.517555800e-02
14.740828	-1.677353076e-02
14.745828	-1.354335982e-03
14.750828	2.401513843e-03
14.755829	3.556895173e-04
14.760829	-4.614970524e-03
14.765829	-3.112994051e-03
14.770829	-2.453970214e-03
14.775830	1.301879725e-03
14.780830	-1.296913431e-03
14.785830	-3.122749975e-03
14.790831	8.530876779e-04
14.795831	5.761641916e-04
14.800831	2.459119427e-03
14.805831	2.794161617e-03
14.810832	9.213278263e-04
14.815832	1.412264748e-02
14.820832	2.738896351e-02
14.825833	1.854652120e-02
14.830833	7.431206565e-03
14.835833	3.674478686e-03
14.840833	9.116950085e-04
14.845834	-1.301852942e-04
14.850834	7.220463094e-03
14.855834	9.313406780e-03
14.860835	6.217641891e-03
14.865835	9.699978755e-04
14.870835	-7.204481745e-03
14.875835	-1.229913431e-02
14.880836	-5.778439180e-03
14.885836	2.193174486e-03
14.890836	-2.446272243e-04
14.895837	7.973756579e-04
14.900837	1.361405405e-03
14.905837	-2.175334524e-03
14.910837	-3.399204324e-03
14.915838	-6.362980039e-04
14.920838	-2.427086717e-05
14.925838	1.027731581e-03
14.930838	6.928119418e-04
14.935839	1.638820385e-03
14.940839	8.559259465e-04
14.945839	4.784766914e-03
14.950840	1.374132554e-02
14.955840	1.633124174e-02
14.960840	1.765922884e-02
14.965840	1.141864101e-02
14.970841	4.240105886e-03
14.975841	-4.055714702e-04
14.980841	-6.924935969e-04
14.985842	1.075468893e-03
14.990842	4.165676979e-04
14.995842	-1.352271142e-03
15.000842	-2.235302988e-02
15.005843	-3.119447148e-02
15.010843	-9.525626534e-03
15.015843	-2.671949540e-03
15.020844	-4.620117298e-04
15.025844	1.410945026e-03
15.030844	-3.894695042e-03
15.035844	-5.165561687e-03
15.040845	-3.577696941e-04
15.045845	-3.477082367e-04
15.050845	-1.455583975e-03
15.055846	1.966285912e-03
15.060846	4.164350344e-04
15.065846	-2.125360115e-03
15.070846	2.750428178e-03
15.075847	4.346400687e-03
15.080847	8.270230054e-05
15.085847	4.167457200e-04
15.090847	1.305757991e-03
15.095848	1.169723662e-02
15.100848	2.230870290e-02
15.105848	1.992789887e-02
15.110849	6.439718653e-03
15.115849	1.527056848e-03
15.120849	2.301075693e-03
15.125849	1.249197100e-03
15.130850	3.849113439e-03
15.135850	1.473756431e-02
15.140850	2.076028845e-02
15.145851	1.219483191e-02
15.150851	4.834307708e-03
15.155851	2.846481793e-03
15.160851	3.133528137e-03
15.165852	1.479683502e-03
15.170852	1.746731007e-03
15.175852	2.568747362e-03
15.180853	-7.804145273e-05
15.185853	-1.291910723e-03
15.190853	5.330493613e-04
15.195853	3.713980614e-05
15.200854	5.341745046e-04
15.205854	6.482307296e-04
15.210854	9.162783244e-04
15.215854	4.183689541e-04
15.220855	-1.846441168e-03
15.225855	-6.894434430e-04
15.230855	4.765537941e-04
15.235856	3.076470519e-03
15.240856	8.106605248e-04
15.245856	-1.568143106e-03
15.250856	1.146767214e-03
15.255857	9.168429358e-04
15.260857	8.589090161e-04
15.265857	-7.859357639e-04
15.270858	1.430749237e-04
15.275858	1.529059965e-03
15.280858	-5.647595485e-04
15.285858	-3.450534567e-03
15.290859	-2.619518307e-03
15.295859	-1.438779444e-02
15.300859	-2.882192084e-02
15.305860	-1.411868361e-02
15.310860	-6.640979740e-05
15.315860	4.296253610e-04
15.320860	-5.266991679e-03
15.325861	-1.649829787e-02
15.330861	-3.252033499e-02
15.335861	-2.223484955e-02
15.340862	-9.549815454e-04
15.345862	-5.149431416e-04
15.350862	2.480771397e-04
15.355862	8.121086130e-04
15.360863	-1.337707485e-03
15.365863	-2.341587924e-03
15.370863	1.357267544e-03
15.375863	2.583924732e-04
15.380864	-6.774917353e-04
15.385864	1.578444817e-03
15.390864	1.357520488e-03
15.395865	-2.504199355e-03
15.400865	-3.000108208e-03
15.405865	-1.729116276e-03
15.410865	-9.576612226e-03
15.415866	-2.554965182e-02
15.420866	-2.124883000e-02
15.425866	-6.097617532e-03
15.430867	-1.614805899e-03
15.435867	2.591522640e-04
15.440867	-9.067188377e-04
15.445867	1.452855184e-04
15.450868	3.743361076e-04
15.455868	3.733996286e-04
15.460868	-4.501263122e-03
15.465869	-4.768184633e-03
15.470869	-6.479025036e-03
15.475869	-2.218407950e-02
15.480869	-2.024412490e-02
15.485870	-9.691653979e-03
15.490870	-5.711026220e-04
15.495870	2.630781147e-03
15.500870	-1.067947525e-03
15.505871	1.646963623e-03
15.510871	4.684856647e-03
15.515871	1.474135551e-02
15.520872	2.092707178e-02
15.525872	1.220062555e-02
15.530872	2.307244859e-03
15.535872	2.688287166e-03
15.540873	2.306372337e-03
15.545873	1.082504806e-03
15.550873	2.353497177e-03
15.555874	4.169077481e-05
15.560874	-1.058183676e-03
15.565874	-9.531257831e-04
15.570874	-3.030984818e-04
15.575875	9.778933980e-04
15.580875	-1.114925232e-03
15.585875	-7.898796375e-04
15.590876	2.470001148e-03
15.595876	1.313129996e-03
15.600876	-2.004619785e-03
15.605876	-3.506487689e-04
15.610877	2.613807774e-04
15.615877	-8.944903759e-04
15.620877	7.594806813e-04
15.625878	2.861426593e-03
15.630878	2.134531389e-03
15.635878	-4.072618758e-04
15.640878	-4.870947192e-03
15.645879	-6.151811245e-03
15.650879	-1.411430004e-02
15.655879	-3.029832709e-02
15.660879	-1.598806672e-02
15.665880	9.800444059e-04
15.670880	-2.222711646e-03
15.675880	-2.280644302e-03
15.680881	7.592490794e-04
15.685881	-1.457562306e-03
15.690881	-1.180513735e-03
15.695881	7.594414576e-04
15.700882	-2.344385701e-04
15.705882	8.745633151e-04
15.710882	-1.773134303e-04
15.715883	9.073570860e-05
15.720883	-1.839091705e-03
15.725883	-1.412997918e-05
15.730883	4.349090324e-04
15.735884	-2.819864639e-04
15.740884	5.616746513e-03
15.745884	1.551025515e-02
15.750885	1.375041826e-02
15.755885	7.231848643e-03
15.760885	3.074146446e-03
15.765885	4.833562621e-04
15.770886	1.707351848e-03
15.775886	-1.504403438e-03
15.780886	7.035369120e-04
15.785886	1.802539553e-03
15.790887	-4.545039588e-03
15.795887	-1.155958126e-02
15.800887	-1.151251951e-02
15.805888	-6.427740663e-03
15.810888	-8.195576960e-03
15.815888	-5.146683758e-03
15.820888	-1.331833560e-03
15.825889	-2.115725083e-03
15.830889	4.271965696e-04
15.835889	9.660742482e-03
15.840890	2.651386048e-02
15.845890	2.010028517e-02
15.850890	7.615050864e-03
15.855890	4.298301656e-03
15.860891	-2.323793659e-04
15.865891	6.476357535e-04
15.870891	8.776873863e-04
15.875892	1.488717634e-03
15.880892	1.247116542e-02
15.885892	2.110374520e-02
15.890892	1.844595905e-02
15.895893	1.010149229e-02
15.900893	7.349711451e-03
15.905893	2.530046754e-03
15.910894	-2.115627705e-03
15.915894	1.086670784e-02
15.920894	2.325507676e-02
15.925894	2.143924341e-02
15.930895	9.547975906e-03
15.935895	3.965354119e-03
15.940895	1.814539608e-03
15.945895	-8.912437259e-04
15.950896	6.230421033e-03
15.955896	1.954673790e-02
15.960896	2.000577686e-02
15.965897	1.254026088e-02
15.970897	6.507664429e-03
15.975897	6.459731886e-03
15.980897	3.803945813e-03
15.985898	-2.008662962e-03
15.990898	9.824737259e-03
15.995898	2.784479004e-02
16.000899	1.479658765e-02
16.005899	4.748079567e-05
16.010899	5.572235352e-03
16.015899	4.854340510e-03
16.020900	1.155613083e-03
16.025900	-3.442378260e-04
16.030900	2.097959263e-04
16.035901	1.757773867e-03
16.040901	2.972770517e-03
16.045901	2.752847761e-03
16.050901	-2.309197651e-04
16.055902	-2.657718563e-03
16.060902	-2.331671954e-03
16.065902	-1.001817535e-02
16.070903	-1.775167609e-02
16.075903	-1.984449361e-02
16.080903	-1.050495317e-02
16.085903	1.644429471e-03
16.090904	-8.983627530e-04
16.095904	-6.748969199e-03
16.100904	-1.775128631e-02
16.105904	-2.885859752e-02
16.110905	-1.802814077e-02
16.115905	-1.890982033e-03
16.120905	1.377899403e-03
16.125906	-1.777858340e-03
16.130906	-5.543581820e-03
16.135906	-2.261555800e-02
16.140906	-3.178297810e-02
16.145907	-1.183403339e-02
16.150907	-8.875830893e-04
16.155907	9.642672070e-05
16.160908	1.309423678e-03
16.165908	-5.543458269e-05
16.170908	-1.556285199e-03
16.175908	-2.551164223e-03
16.180909	-1.824139944e-03
16.185909	-3.716968524e-03
16.190909	-1.792210563e-02
16.195910	-2.548361584e-02
16.200910	-1.371621156e-02
16.205910	-7.252509427e-03
16.210910	-2.110733041e-03
16.215911	1.702117984e-03
16.220911	-1.163655906e-03
16.225911	-1.126497588e-04
16.230911	7.093692550e-04
16.235912	5.474435345e-04
16.240912	3.845178768e-04
16.245912	-2.110276815e-03
16.250913	-1.802631775e-02
16.255913	-3.404735278e-02
16.260913	-1.592230548e-02
16.265913	-6.180997576e-04
16.270914	-1.278997411e-03
16.275914	1.482912715e-03
16.280914	-5.619072036e-04
16.285915	-9.428205624e-04
16.290915	-2.329677421e-03
16.295915	-1.289301891e-02
16.300915	-2.565323702e-02
16.305916	-2.399026514e-02
16.310916	-5.971211831e-03
16.315916	1.380440578e-03
16.320917	-8.383695219e-04
16.325917	-1.001295077e-03
16.330917	7.676708775e-04
16.335917	-6.220353849e-06
16.340918	-1.936046661e-03
16.345918	5.190701043e-05
16.350918	1.559664888e-04
16.355919	-3.979370759e-04
16.360919	-3.398750039e-04
16.365919	-4.374583073e-03
16.370919	-1.105701313e-03
16.375920	-7.796542763e-04
16.380920	-7.795889269e-04
16.385920	4.745166156e-03
16.390920	-2.987334217e-03
16.395921	-1.324362243e-03
16.400921	2.136167549e-04
16.405921	-3.159128452e-03
16.410922	-8.361935280e-04
16.415922	-8.281285946e-04
16.420922	-2.662960158e-03
16.425922	-1.863599770e-02
16.430923	-2.178075569e-02
16.435923	-5.367612063e-03
16.440923	-4.917571930e-03
16.445924	-4.420534431e-03
16.450924	-5.026890440e-04
16.455924	1.754249625e-03
16.460924	-1.772486885e-03
16.465925	-3.541322117e-03
16.470925	1.649451798e-03
16.475925	2.815451751e-03
16.480926	-1.673152938e-04
16.485926	1.046681971e-03
16.490926	-1.661844648e-04
16.495926	-3.148951498e-03
16.500927	-2.279934848e-03
16.505927	5.509716252e-04
16.510927	2.433931339e-03
16.515927	-2.338533701e-04
16.520928	-2.660651610e-03
16.525928	-9.976795312e-04
16.530928	2.596184110e-03
16.535929	-2.049489506e-03
16.540929	-5.005110157e-04
16.545929	3.477331071e-03
16.550929	3.475396668e-03
16.555930	2.041542685e-03
16.560930	6.851338057e-03
16.565930	2.337847538e-02
16.570931	1.680091028e-02
16.575931	2.653770296e-03
16.580931	4.365739655e-03
16.585931	2.100932357e-03
16.590932	1.593026392e-03
16.595932	2.979014066e-03
16.600932	1.766147697e-03
16.605933	1.153247636e-03
16.610933	6.526011418e-03
16.615933	1.132580738e-02
16.620933	1.923042897e-02
16.625934	2.045342582e-02
16.630934	9.337115647e-03
16.635934	3.199525870e-03
16.640935	7.717277504e-04
16.645935	-1.101101535e-03
16.650935	7.148620160e-04
16.655935	3.639763290e-03
16.660936	1.077142831e-02
16.665936	3.000441371e-02
16.670936	2.077999731e-02
16.675936	4.815959406e-03
16.680937	-5.576732593e-04
16.685937	-1.769539651e-03
16.690937	3.871209109e-03
16.695938	8.506014366e-03
16.700938	1.851351789e-02
16.705938	2.266235044e-02
16.710938	1.265497802e-02
16.715939	4.252515464e-03
16.720939	6.250468815e-03
16.725939	3.812671282e-03
16.730940	2.369817873e-03
16.735940	3.592814749e-03
16.740940	6.967690774e-03
16.745940	9.998586119e-03
16.750941	1.679327009e-02
16.755941	1.541741292e-02
16.760941	5.534033542e-03
16.765942	3.536211306e-03
16.770942	9.944196201e-04
16.775942	6.695034332e-04
16.780942	4.965787108e-04
16.785943	-6.702901906e-04
16.790943	-1.941153251e-03
16.795943	-6.591596823e-04
16.800944	-9.835578760e-03
16.805944	-3.338019091e-02
16.810944	0.000000000e+00
