expfull_T9_run09
3576	0
0.000000	0.000000000e+00
0.005000	9.939061834e-04
0.010000	-1.157055413e-03
0.015001	-2.486051566e-03
0.020001	1.710719958e-03
0.025001	1.214688784e-03
0.030001	2.766761921e-04
0.035001	1.616290004e-04
0.040002	-2.600306907e-03
0.045002	-3.344541991e-04
0.050002	1.663409776e-03
0.055002	1.212376712e-03
0.060003	-1.726170850e-04
0.065003	-7.646442206e-04
0.070003	8.882342611e-04
0.075003	1.612128022e-04
0.080003	-1.492769684e-03
0.085004	7.160854248e-04
0.090004	2.034977951e-03
0.095004	-1.271935038e-03
0.100004	-8.800035382e-04
0.105004	7.728749483e-04
0.110005	-4.401260733e-04
0.115005	-6.131708173e-04
0.120005	2.263656213e-03
0.125005	-2.257205732e-03
0.130005	-1.550287470e-03
0.135006	2.646484068e-03
0.140006	-1.387398348e-03
0.145006	5.648893283e-05
0.150006	8.874019865e-04
0.155007	-5.961020881e-05
0.160007	-1.827587887e-03
0.165007	-1.272663226e-03
0.170007	2.752196890e-04
0.175007	-7.767880867e-04
0.180008	2.761156416e-04
0.185008	1.155026687e-03
0.190008	9.349839366e-04
0.195008	9.449315187e-04
0.200008	-5.570573309e-04
0.205009	4.486536570e-05
0.210009	1.718742995e-03
0.215009	2.847512920e-04
0.220009	-2.105200218e-03
0.225009	-1.226289160e-03
0.230010	1.431547108e-03
0.235010	5.455301509e-05
0.240010	-1.074921562e-04
0.245010	-1.165437579e-04
0.250011	-6.059809029e-05
0.255011	9.443076819e-04
0.260011	-7.196743350e-04
0.265011	-1.389698139e-03
0.270011	-2.797967751e-04
0.275012	1.164090549e-03
0.280012	1.049043419e-03
0.285012	5.403328673e-05
0.290012	3.789676623e-04
0.295012	4.492974562e-05
0.300013	-5.000992979e-04
0.305013	-1.714100213e-03
0.310013	-1.103177852e-03
0.315013	1.545658831e-03
0.320013	9.346325721e-04
0.325014	-6.733517689e-04
0.330014	-6.734037100e-04
0.335014	-1.657414280e-03
0.340014	5.346185148e-05
0.345015	2.147321883e-03
0.350015	-6.063721917e-05
0.355015	7.232778928e-04
0.360015	-2.717322006e-04
0.365015	-9.987535581e-04
0.370016	1.650083155e-03
0.375016	1.813024386e-03
0.380016	-1.054906951e-03
0.385016	-1.379945198e-03
0.390016	1.579382358e-04
0.395017	4.348746867e-04
0.400017	-1.661519467e-04
0.405017	-8.841736581e-04
0.410017	-1.102580921e-04
0.415017	7.606533990e-04
0.420018	1.487570948e-03
0.425018	-7.203881087e-04
0.430018	-1.113423467e-03
0.435018	-9.424825331e-04
0.440018	-1.935492659e-03
0.445019	7.123441445e-04
0.450019	3.140190201e-03
0.455019	1.601203040e-03
0.460019	-1.773706929e-03
0.465020	-1.495770472e-03
0.470020	7.700824103e-04
0.475020	4.930422077e-04
0.480020	3.869948199e-04
0.485020	4.339410036e-04
0.490021	5.488843324e-04
0.495021	-8.361092726e-04
0.500021	-1.669126081e-03
0.505021	-1.112434058e-04
0.510021	1.266646840e-03
0.515022	3.196348374e-04
0.520022	2.715850431e-04
0.525022	1.935463278e-03
0.530022	-5.594836323e-04
0.535022	-1.496496039e-03
0.540023	-1.496547834e-03
0.545023	1.762263361e-03
0.550023	1.867207160e-03
0.555023	-3.437621592e-03
0.560024	-2.051731639e-03
0.565024	1.103083947e-03
0.570024	-4.449027417e-04
0.575024	8.829896630e-04
0.580024	1.934893676e-03
0.585025	-3.980599963e-04
0.590025	2.708601277e-04
0.595025	9.307806348e-04
0.600025	-6.752035872e-04
0.605025	-2.157193018e-03
0.610026	-1.113307655e-04
0.615026	2.706014485e-04
0.620026	-1.116391961e-03
0.625026	9.850524214e-05
0.630026	1.934376343e-03
0.635027	1.160357177e-03
0.640027	-1.786382308e-04
0.645027	-3.986806777e-04
0.650027	-3.317351852e-04
0.655028	-1.687937236e-04
0.660028	1.312092333e-03
0.665028	1.101049528e-03
0.670028	-1.659886065e-03
0.675028	-3.218872186e-03
0.680029	-2.110970427e-03
0.685029	5.478661309e-04
0.690029	2.201744946e-03
0.695029	2.697745280e-04
0.700029	1.483671853e-03
0.705030	-6.672893472e-04
0.710030	-4.203192314e-03
0.715030	9.865378706e-04
0.720030	1.587460989e-03
0.725030	1.207425357e-03
0.730031	-1.497512523e-03
0.735031	-8.405917415e-04
0.740031	1.655251732e-03
0.745031	-7.236998362e-04
0.750032	2.112092760e-04
0.755032	-5.628097568e-04
0.760032	-8.388497203e-04
0.765032	1.932982180e-03
0.770032	7.659796875e-04
0.775033	-8.400043423e-04
0.780033	4.890674048e-05
0.785033	2.118483516e-04
0.790033	1.321750156e-03
0.795033	-1.834168685e-03
0.800034	-9.462575346e-04
0.805034	1.759577190e-03
0.810034	8.145654153e-04
0.815034	7.095183320e-04
0.820034	-1.882424188e-03
0.825035	-5.055335635e-04
0.830035	1.148345422e-03
0.835035	2.754226432e-03
0.840035	-1.605641732e-03
0.845036	-5.477530405e-03
0.850036	1.750114267e-03
0.855036	2.859016199e-03
0.860036	1.540020214e-03
0.865036	-6.689383468e-04
0.870037	-1.882938732e-03
0.875037	1.042886838e-03
0.880037	9.278402625e-04
0.885037	-1.720099814e-03
0.890037	-1.778148772e-03
0.895038	-7.832419914e-04
0.900038	1.759599716e-03
0.905038	1.261569278e-03
0.910038	-1.835351886e-03
0.915038	-2.394703442e-04
0.920039	-1.145269517e-04
0.925039	-2.195738824e-04
0.930039	3.153522878e-04
0.935039	1.533077684e-04
0.940040	7.162327763e-04
0.945040	1.204160945e-03
0.950040	2.696046911e-03
0.955040	-1.003848835e-03
0.960040	-4.263763072e-03
0.965041	3.239927569e-04
0.970041	4.695312540e-05
0.975041	-6.220700180e-04
0.980041	1.365795142e-03
0.985041	-6.691705570e-04
0.990042	8.227154713e-04
0.995042	-4.022842656e-04
1.000042	-1.836275208e-03
1.005042	1.652526887e-03
1.010042	-6.224286819e-04
1.015043	-1.255007823e-04
1.020043	1.375384916e-03
1.025043	1.538326874e-03
1.030043	1.375282545e-03
1.035044	-1.836633591e-03
1.040044	-2.397518957e-04
1.045044	8.791499034e-04
1.050044	-3.050736022e-03
1.055044	7.630524924e-04
1.060045	1.708961590e-03
1.065045	-5.649939306e-04
1.070045	1.519248113e-04
1.075045	-1.063075214e-03
1.080045	-9.581307255e-04
1.085046	-6.921918900e-05
1.090046	-4.502542511e-04
1.095046	1.040631994e-03
1.100046	2.034539142e-03
1.105046	-1.837349127e-03
1.110047	-1.063432712e-03
1.115047	-9.474886245e-04
1.120047	-1.779504673e-03
1.125047	2.865249026e-03
1.130048	2.865198017e-03
1.135048	-2.497627515e-03
1.140048	-7.287528771e-04
1.145048	1.307110544e-03
1.150048	7.630824422e-04
1.155049	1.422003773e-03
1.160049	-5.679635186e-04
1.165049	-1.053994032e-03
1.170049	1.479848499e-03
1.175049	1.364802407e-03
1.180050	-1.283137184e-03
1.185050	4.847375791e-04
1.190050	-1.341236551e-03
1.195050	-3.100213489e-03
1.200050	1.259552331e-03
1.205051	1.363497089e-03
1.210051	1.038459892e-03
1.215051	2.084439360e-04
1.220051	-3.100467789e-03
1.225052	-1.112602199e-03
1.230052	-6.246735364e-04
1.235052	-2.997380114e-04
1.240052	1.861120335e-03
1.245052	2.425045832e-03
1.250053	4.360786709e-04
1.255053	-1.666883688e-03
1.260053	-1.340948155e-03
1.265053	5.899199111e-04
1.270053	2.146803711e-03
1.275054	7.608112487e-04
1.280054	-2.288111288e-03
1.285054	-7.025524744e-05
1.290054	1.037647470e-03
1.295054	-2.661247710e-03
1.300055	4.835693895e-04
1.305055	1.974456035e-03
1.310055	1.315433081e-03
1.315055	-8.455267162e-04
1.320055	2.633760210e-04
1.325056	5.983113088e-04
1.330056	-1.284660145e-03
1.335056	5.982100841e-04
1.340056	1.200134179e-03
1.345057	-1.179816348e-03
1.350057	-3.884753201e-03
1.355057	-1.390908617e-03
1.360057	1.695911047e-03
1.365057	1.696860462e-03
1.370058	1.649811907e-03
1.375058	3.118176372e-04
1.380058	-1.840142399e-03
1.385058	-1.114223421e-03
1.390058	3.206657618e-04
1.395059	-1.008328842e-03
1.400059	-1.286367620e-03
1.405059	1.304472995e-03
1.410059	8.174430260e-04
1.415059	1.209376113e-03
1.420060	-5.685995578e-04
1.425060	-1.009631427e-03
1.430060	1.256222908e-03
1.435060	2.413123879e-03
1.440061	-1.123777796e-03
1.445061	-1.839798058e-03
1.450061	2.747958702e-03
1.455061	9.789827327e-04
1.460061	-4.374842507e-03
1.465062	-6.307410776e-05
1.470062	2.030787551e-03
1.475062	-6.261510395e-04
1.480062	1.361715099e-03
1.485062	1.532657639e-03
1.490063	-1.889248755e-03
1.495063	-2.061291771e-03
1.500063	9.785301868e-04
1.505063	-1.547824777e-05
1.510063	5.874461893e-04
1.515064	1.093374716e-03
1.520064	-5.136079107e-04
1.525064	-2.446693956e-04
1.530064	-1.286675752e-03
1.535065	-1.067735111e-03
1.540065	1.973086902e-03
1.545065	-6.387758682e-05
1.550065	-2.615820412e-03
1.555065	-1.458919156e-03
1.560066	2.917846738e-03
1.565066	2.129103822e-04
1.570066	-3.610978916e-03
1.575066	1.580752751e-03
1.580066	3.139637168e-03
1.585067	3.757033427e-04
1.590067	-2.943185049e-04
1.595067	-4.083637149e-04
1.600067	-1.784355856e-03
1.605067	8.724824624e-04
1.610068	9.774280834e-04
1.615068	-1.240528620e-03
1.620068	-1.663001839e-05
1.625068	-5.716566116e-04
1.630069	1.637200605e-03
1.635069	1.208168741e-03
1.640069	-1.336774151e-03
1.645069	-2.559772609e-03
1.650069	-3.509153402e-04
1.655070	-6.859511047e-04
1.660070	-1.125982442e-03
1.665070	2.524814242e-03
1.670070	1.091824679e-03
1.675070	-2.371692435e-04
1.680071	1.913690543e-03
1.685071	-1.173229444e-03
1.690071	-1.671258263e-03
1.695071	1.138573857e-03
1.700071	-3.524131876e-04
1.705072	-1.556412285e-03
1.710072	4.224548126e-04
1.715072	-1.757637769e-05
1.720072	-1.173577453e-03
1.725073	2.019238647e-03
1.730073	6.412469329e-04
1.735073	-8.977379992e-04
1.740073	6.991452402e-04
1.745073	-7.918416824e-04
1.750074	4.790552901e-04
1.755074	2.027940589e-03
1.760074	-1.613955861e-03
1.765074	9.592269710e-05
1.770074	1.969794374e-03
1.775075	-1.070127343e-03
1.780075	1.252725486e-03
1.785075	8.046948253e-04
1.790075	-8.492851189e-04
1.795075	-1.233318442e-03
1.800076	-8.973820203e-04
1.805076	2.801413030e-03
1.810076	-2.395085461e-04
1.815076	-2.560460377e-03
1.820077	8.737890110e-05
1.825077	1.530268854e-03
1.830077	-6.786876428e-04
1.835077	-1.950683518e-03
1.840077	1.358128029e-03
1.845078	1.693064622e-03
1.850078	2.100776605e-04
1.855078	3.150239521e-04
1.860078	-1.796936536e-03
1.865078	-2.790944011e-03
1.870079	1.471827516e-03
1.875079	2.083752551e-03
1.880079	-2.561101386e-03
1.885079	1.527353075e-04
1.890079	7.066628258e-04
1.895080	-1.682285913e-03
1.900080	7.545624711e-04
1.905080	8.115109289e-04
1.910080	1.414436447e-03
1.915081	6.984174329e-04
1.920081	-2.227508654e-03
1.925081	-1.965056750e-05
1.930081	1.194249324e-03
1.935081	-7.947161109e-04
1.940082	-1.233746695e-03
1.945082	-3.548326737e-04
1.950082	-8.518607884e-04
1.955082	-1.127898179e-03
1.960082	-5.159728868e-04
1.965083	1.919875737e-03
1.970083	2.521801480e-03
1.975083	-1.960059022e-03
1.980083	-6.801617514e-04
1.985083	9.727198530e-04
1.990084	3.616966550e-04
1.995084	-2.033615476e-05
2.000084	-7.738261235e-05
2.005084	2.665540871e-04
2.010085	-1.129436045e-03
2.015085	-3.075194101e-04
2.020085	5.913940038e-04
2.025085	-7.845969219e-04
2.030085	4.193037011e-04
2.035086	5.332501654e-04
2.040086	7.631917689e-04
2.045086	-3.078119156e-04
2.050086	-3.548586345e-04
2.055086	6.490504771e-04
2.060087	-2.563863106e-03
2.065087	-7.901622562e-05
2.070087	2.243837482e-03
2.075087	1.508768608e-04
2.080087	-1.015122716e-03
2.085088	-1.407154817e-03
2.090088	5.807130393e-04
2.095088	2.521582888e-03
2.100088	9.256014545e-04
2.105089	-3.553932057e-04
2.110089	-1.685385789e-03
2.115089	3.124817292e-04
2.120089	1.470384579e-03
2.125089	-8.535661653e-04
2.130090	-7.396193905e-04
2.135090	-1.397640143e-03
2.140090	3.702371287e-04
2.145090	7.421731071e-04
2.150090	7.431246997e-04
2.155091	2.254012826e-03
2.160091	-2.067853802e-03
2.165091	8.300745243e-05
2.170091	1.584896008e-03
2.175091	-3.720929200e-03
2.180092	-4.051168732e-04
2.185092	1.802742053e-03
2.190092	1.134721907e-03
2.195092	-6.342519337e-04
2.200092	-1.237274778e-03
2.205093	1.421565256e-03
2.210093	-2.414129893e-04
2.215093	-2.514607120e-04
2.220093	1.468418851e-03
2.225094	2.243338160e-03
2.230094	-2.416054576e-04
2.235094	-3.722507185e-03
2.240094	-1.352654879e-03
2.245094	1.803164399e-03
2.250095	-5.767835627e-04
2.255095	-6.348291276e-04
2.260095	3.016969351e-03
2.265095	-7.994841422e-05
2.270095	-1.953917579e-03
2.275096	-5.690237386e-04
2.280096	-1.075050380e-03
2.285096	-8.014010848e-05
2.290096	1.420748908e-03
2.295096	1.468699029e-03
2.300097	-3.570136967e-03
2.305097	-3.178201272e-03
2.310097	3.017490431e-03
2.315097	1.027526305e-03
2.320098	-7.414470945e-04
2.325098	7.504424267e-04
2.330098	3.114131482e-04
2.335098	-1.017578695e-03
2.340098	-9.126308076e-04
2.345099	4.162656392e-04
2.350099	-1.287591098e-04
2.355099	-2.438019183e-04
2.360099	6.931110639e-04
2.365099	2.690979458e-03
2.370100	9.004122043e-05
2.375100	-1.849924789e-03
2.380100	-4.730302307e-04
2.385100	1.572836220e-03
2.390100	3.285345008e-05
2.395101	-3.887029242e-03
2.400101	1.085714209e-03
2.405101	3.283574344e-03
2.410101	-1.631266461e-03
2.415102	-6.263561332e-04
2.420102	1.132522514e-03
2.425102	1.132475132e-03
2.430102	1.858397246e-03
2.435102	-2.070484917e-03
2.440103	-9.135808852e-04
2.445103	-7.416354230e-04
2.450103	-2.117624861e-03
2.455103	-1.018718334e-03
2.460103	1.744118256e-03
2.465104	1.026101212e-03
2.470104	-1.354845899e-03
2.475104	1.132002352e-03
2.480104	1.304947906e-03
2.485104	7.019261042e-04
2.490105	-1.980831923e-04
2.495105	-1.574072458e-03
2.500105	1.255761470e-03
2.505105	1.580700730e-03
2.510106	-2.463176310e-03
2.515106	-2.625216536e-03
2.520106	3.096130550e-04
2.525106	4.715592467e-04
2.530106	9.114937705e-04
2.535107	1.944769560e-04
2.540107	-1.736488800e-03
2.545107	1.962308769e-03
2.550107	1.245292014e-03
2.555107	-1.793627101e-03
2.560108	2.992380466e-04
2.565108	1.408144583e-03
2.570108	-1.077797721e-03
2.575108	1.742036922e-03
2.580108	-1.563870868e-03
2.585109	-2.348884625e-03
2.590109	3.233833917e-03
2.595109	-6.860479995e-04
2.600109	3.558614939e-04
2.605110	-1.020127336e-03
2.610110	-3.286078729e-03
2.615110	1.856658413e-03
2.620110	6.326632533e-04
2.625110	-4.753367628e-04
2.630111	-2.363933884e-04
2.635111	1.302495352e-03
2.640111	2.229409843e-03
2.645111	-5.235209332e-04
2.650111	-1.020546535e-03
2.655112	-9.065978027e-04
2.660112	-2.466720050e-04
2.665112	7.826789725e-05
2.670112	-4.087580421e-04
2.675112	1.361726523e-04
2.680113	1.742058761e-03
2.685113	-5.818898856e-04
2.690113	1.682968560e-03
2.695113	9.779518890e-04
2.700114	-4.002884991e-03
2.705114	-1.414040105e-03
2.710114	1.568788238e-03
2.715114	8.047741316e-04
2.720114	5.277395718e-04
2.725115	5.746914117e-04
2.730115	-9.072924459e-04
2.735115	-6.293502755e-04
2.740115	-8.013891653e-04
2.745115	-3.624537212e-04
2.750116	3.064720745e-04
2.755116	-6.865322356e-04
2.760116	9.673521917e-04
2.765116	6.313203030e-04
2.770116	-6.406722134e-04
2.775117	-2.774395683e-05
2.780117	-1.078745722e-03
2.785117	9.671223323e-04
2.790117	-4.098656840e-04
2.795118	-1.079883402e-03
2.800118	1.404966260e-03
2.805118	7.469480806e-04
2.810118	-1.900583477e-04
2.815118	-1.243059877e-03
2.820119	1.960759644e-03
2.825119	9.657557189e-04
2.830119	-1.519185542e-03
2.835119	-2.482846895e-04
2.840119	5.736350617e-04
2.845120	1.301558787e-03
2.850120	-2.484216957e-04
2.855120	1.184472434e-03
2.860120	1.682405894e-03
2.865120	7.642783213e-05
2.870121	-2.342516028e-03
2.875121	-1.958577709e-03
2.880121	-1.968622803e-03
2.885121	-6.317245050e-04
2.890122	1.796127948e-03
2.895122	5.741338748e-04
2.900122	1.186062720e-03
2.905122	-4.119155014e-04
2.910122	-2.514872469e-03
2.915123	1.022933429e-03
2.920123	3.230795265e-03
2.925123	-1.301059516e-03
2.930123	-1.462098039e-03
2.935123	7.579203243e-05
2.940124	1.327443898e-04
2.945124	1.576638458e-03
2.950124	-1.740267291e-03
2.955124	-2.189293593e-03
2.960124	-6.984014325e-04
2.965125	6.964947866e-04
2.970125	1.298424367e-03
2.975125	5.254117780e-04
2.980125	1.903807973e-04
2.985125	3.533289028e-04
2.990126	8.592626110e-04
2.995126	-2.027377368e-04
3.000126	-2.352692320e-03
3.005126	-7.458048311e-04
3.010127	1.576052622e-03
3.015127	9.730330689e-04
3.020127	5.820046264e-04
3.025127	6.769557749e-04
3.030127	1.793864592e-05
3.035128	-9.660647964e-04
3.040128	-1.684079398e-03
3.045128	-1.025151868e-03
3.050128	8.487246044e-04
3.055128	1.575649322e-03
3.060129	-1.683258359e-03
3.065129	-1.023330778e-03
3.070129	1.622513333e-03
3.075129	-1.522399071e-03
3.080129	-1.463446152e-03
3.085130	-2.025437434e-04
3.090130	-1.455906933e-04
3.095130	1.355301672e-03
3.100130	-1.130638319e-03
3.105131	7.426653887e-05
3.110131	5.103010653e-03
3.115131	-4.707994424e-04
3.120131	-2.841744173e-03
3.125131	6.390650928e-04
3.130132	-3.179390370e-04
3.135132	5.709792484e-04
3.140132	1.135911179e-03
3.145132	-9.100470955e-04
3.150132	-1.303074841e-03
3.155133	4.078089823e-04
3.160133	6.857530751e-04
3.165133	-8.632259981e-04
3.170133	-1.464244903e-03
3.175133	-1.025307506e-03
3.180134	4.655856871e-04
3.185134	2.788443926e-03
3.190134	3.505023486e-04
3.195134	-2.182435210e-03
3.200135	-6.915419201e-04
3.205135	5.143633763e-04
3.210135	6.283146065e-04
3.215135	1.872891943e-04
3.220135	7.432218911e-04
3.225136	1.249156714e-03
3.230136	9.711245229e-04
3.235136	-3.188650979e-04
3.240136	-2.574814082e-03
3.245136	-3.453820933e-03
3.250137	1.899910196e-03
3.255137	1.850868501e-03
3.260137	-1.639028506e-03
3.265137	-3.661257306e-04
3.270137	3.676660614e-03
3.275138	5.217495984e-04
3.280138	-4.563080252e-03
3.285138	-2.632205041e-03
3.290138	3.714484540e-03
3.295139	2.013512495e-03
3.300139	-1.236394401e-03
3.305139	-5.294676316e-04
3.310139	1.009424185e-03
3.315139	2.509317666e-03
3.320140	-1.131572692e-03
3.325140	-2.689550598e-03
3.330140	-3.270568306e-05
3.335140	2.424856485e-05
3.340140	-1.199743307e-03
3.345141	-8.068031342e-04
3.350141	1.736046674e-03
3.355141	1.458015108e-03
3.360141	-2.078879420e-03
3.365141	-1.743936708e-03
3.370142	2.127857329e-03
3.375142	1.132856008e-03
3.380142	-2.576031187e-03
3.385142	-1.313127386e-03
3.390143	5.107528541e-04
3.395143	9.596909274e-04
3.400143	3.586731700e-04
3.405143	1.850567445e-03
3.410143	1.620534142e-03
3.415144	-1.028397437e-03
3.420144	-3.178349969e-03
3.425144	1.076428249e-03
3.430144	1.620362509e-03
3.435144	-1.582545676e-03
3.440145	-7.506234719e-04
3.445145	-3.106847618e-04
3.450145	1.907179224e-03
3.455145	-5.887585795e-04
3.460145	-1.200775564e-03
3.465146	1.132083666e-03
3.470146	1.792013258e-03
3.475146	9.610055591e-04
3.480146	-1.027953429e-03
3.485147	-1.525975075e-03
3.490147	-4.730619010e-04
3.495147	1.897795889e-03
3.500147	-5.891420577e-04
3.505147	1.277853213e-04
3.510148	1.733675352e-03
3.515148	-2.542834940e-04
3.520148	-2.634225833e-03
3.525148	4.626015930e-04
3.530148	1.686507789e-03
3.535149	-2.022378597e-03
3.540149	-1.086460239e-03
3.545149	-3.695326481e-04
3.550149	2.333997626e-04
3.555149	1.132319756e-03
3.560150	-5.316524721e-04
3.565150	2.422728297e-04
3.570150	-3.475765602e-05
3.575150	-1.143753136e-03
3.580151	1.132109100e-03
3.585151	6.250883640e-04
3.590151	-7.048977445e-04
3.595151	-1.306914432e-03
3.600151	5.199667882e-04
3.605152	1.905866576e-03
3.610152	-2.854975180e-03
3.615152	-1.584070503e-03
3.620152	1.569755036e-03
3.625152	9.017412859e-04
3.630153	7.387063317e-04
3.635153	2.996830081e-04
3.640153	7.976203189e-04
3.645153	-9.733469508e-04
3.650153	-2.196337232e-03
3.655154	-7.044416284e-04
3.660154	4.134697260e-04
3.665154	1.571379426e-03
3.670154	2.115314967e-03
3.675155	-1.967554938e-03
3.680155	-1.746605762e-03
3.685155	1.676208824e-03
3.690155	1.341181430e-03
3.695155	1.235144435e-03
3.700156	2.115405096e-05
3.705156	-2.253791700e-03
3.710156	-1.412868424e-03
3.715156	-9.396521668e-05
3.720156	3.459749731e-04
3.725157	-5.330293566e-04
3.730157	-5.320706549e-04
3.735157	7.478343035e-04
3.740157	3.458100036e-04
3.745157	-5.901918181e-04
3.750158	-9.732168609e-04
3.755158	1.120653988e-03
3.760158	1.356543098e-04
3.765158	-1.250328481e-03
3.770159	-3.642055205e-05
3.775159	-7.534314126e-04
3.780159	4.604765728e-04
3.785159	6.845210509e-05
3.790159	8.433786031e-04
3.795160	2.238279064e-03
3.800160	7.832901015e-05
3.805160	-1.260655531e-03
3.810160	-1.862671029e-03
3.815160	9.001720323e-04
3.820161	-9.482688614e-05
3.825161	6.331017863e-04
3.830161	1.570021700e-03
3.835161	-1.471891074e-03
3.840161	6.800354666e-05
3.845162	8.429303572e-04
3.850162	-1.032031394e-03
3.855162	-1.968032593e-03
3.860162	2.180752456e-03
3.865162	2.830684636e-03
3.870163	-2.035151254e-03
3.875163	-1.691206152e-03
3.880163	-8.531407664e-05
3.885163	-2.580249561e-03
3.890164	-2.475294324e-03
3.895164	2.782444302e-03
3.900164	3.338380636e-03
3.905164	2.404706186e-04
3.910164	-1.586492805e-03
3.915165	-8.695631525e-04
3.920165	1.813524869e-04
3.925165	1.453258864e-03
3.930165	2.448176916e-03
3.935165	2.972272595e-04
3.940166	-2.685687389e-03
3.945166	5.061383849e-04
3.950166	-7.638482225e-04
3.955166	-3.344779684e-03
3.960166	6.310132170e-04
3.965167	1.012957245e-03
3.970167	-3.730243686e-04
3.975167	-1.481017640e-03
3.980167	-8.690831938e-04
3.985168	2.064753662e-03
3.990168	3.527858714e-04
3.995168	-1.522326334e-04
4.000168	1.950639247e-03
4.005168	-2.023099143e-04
4.010169	8.506061688e-04
4.015169	5.745781548e-04
4.020169	-1.644368143e-03
4.025169	-4.874563431e-04
4.030169	-1.252463710e-03
4.035170	1.069399171e-03
4.040170	1.786329558e-03
4.045170	6.636243062e-05
4.050170	6.212996883e-04
4.055170	-6.406866348e-04
4.060171	-3.157396478e-04
4.065171	-1.644723094e-03
4.070171	-1.529767219e-03
4.075171	2.122039986e-03
4.080172	2.999963844e-03
4.085172	1.800432014e-04
4.090172	-1.089942575e-03
4.095172	-8.699909640e-04
4.100172	1.809257411e-04
4.105173	2.958818272e-04
4.110173	-8.714111987e-05
4.115173	-6.511564271e-04
4.120173	-7.651906229e-04
4.125173	-1.751188128e-03
4.130174	1.680628658e-03
4.135174	2.226566805e-03
4.140174	-8.703418591e-04
4.145174	-2.594063832e-04
4.150174	-1.091410211e-03
4.155175	-3.164815689e-04
4.160175	1.234611875e-04
4.165175	-3.165590289e-04
4.170175	-3.165977132e-04
4.175176	1.785275262e-03
4.180176	7.342808245e-04
4.185176	-1.644657751e-03
4.190176	-1.139717544e-03
4.195176	2.397095224e-03
4.200177	1.289103306e-03
4.205177	-1.807804961e-03
4.210177	-3.991772874e-05
4.215177	1.220370527e-04
4.220177	-1.425936244e-03
4.225178	-1.530970176e-03
4.230178	1.219220144e-04
4.235178	1.785813773e-03
4.240178	2.120761436e-03
4.245178	5.137907743e-04
4.250179	-4.802056277e-04
4.255179	-3.742482443e-04
4.260179	-9.862606439e-04
4.265179	-8.723035346e-04
4.270180	9.535816307e-04
4.275180	8.965459914e-04
4.280180	-3.174409746e-04
4.285180	4.564885121e-04
4.290180	-4.052853521e-05
4.295181	-7.575363021e-04
4.300181	-8.625697670e-04
4.305181	3.513413466e-04
4.310181	1.213131996e-04
4.315181	-3.310580299e-03
4.320182	1.345186202e-03
4.325182	3.832043922e-03
4.330182	6.416464421e-05
4.335182	-1.312815124e-03
4.340182	-8.148736881e-04
4.345183	-1.971862642e-03
4.350183	-1.034939599e-03
4.355183	1.287925205e-03
4.360183	1.009899392e-03
4.365184	1.057859904e-03
4.370184	-2.364033667e-03
4.375184	-2.087082719e-03
4.380184	1.288737975e-03
4.385184	8.477191731e-04
4.390185	1.611649743e-03
4.395185	-4.131804097e-05
4.400185	-3.024229878e-03
4.405185	1.229554063e-03
4.410185	3.505538346e-04
4.415186	-1.646399359e-03
4.420186	2.109405614e-03
4.425186	5.704332293e-04
4.430186	-2.421478037e-03
4.435186	2.353732361e-04
4.440187	2.061259478e-03
4.445187	-1.256637986e-03
4.450187	-1.695656456e-03
4.455187	1.010192886e-03
4.460188	8.381632552e-04
4.465188	4.551425278e-04
4.470188	4.551057309e-04
4.475188	-2.641800831e-03
4.480188	6.750229849e-04
4.485189	2.385914352e-03
4.490189	-2.250927369e-03
4.495189	-3.190452281e-04
4.500189	1.009862296e-03
4.505189	-1.811055675e-03
4.510190	-7.591364398e-04
4.515190	-1.093158903e-03
4.520190	1.171709401e-03
4.525190	2.337623941e-03
4.530190	-9.782730566e-04
4.535191	-5.393278872e-04
4.540191	8.365779219e-04
4.545191	6.257415314e-05
4.550191	3.495258110e-04
4.555192	2.924919640e-04
4.560192	-1.005277242e-04
4.565192	-1.476506053e-03
4.570192	-1.255551489e-03
4.575192	9.513196135e-04
4.580193	-8.746396977e-04
4.585193	2.352775901e-04
4.590193	5.112299736e-04
4.595193	-7.607525297e-04
4.600193	-1.036776873e-03
4.605194	1.888064241e-03
4.610194	2.328009862e-03
4.615194	-1.590861225e-03
4.620194	-1.916883334e-03
4.625194	2.919880148e-04
4.630195	6.739362067e-04
4.635195	1.943847099e-03
4.640195	1.198881010e-04
4.645195	-1.648073218e-03
4.650196	1.288164590e-04
4.655196	9.507463191e-04
4.660196	1.007708374e-03
4.665196	-7.602528113e-04
4.670196	-1.037276647e-03
4.675197	7.164128033e-05
4.680197	-1.267337841e-03
4.685197	1.185685085e-04
4.690197	1.285484098e-03
4.695197	-1.152448718e-03
4.700198	6.734392333e-04
4.705198	1.443169176e-05
4.710198	-1.477540796e-03
4.715198	1.504298657e-03
4.720198	-5.976481175e-04
4.725199	-2.032622900e-03
4.730199	3.382423411e-04
4.735199	1.422091796e-05
4.740199	1.400127638e-03
4.745199	1.275097916e-03
4.750200	-1.095837347e-03
4.755200	-1.362861031e-03
4.760200	1.838969477e-03
4.765200	1.829935014e-03
4.770201	-8.749860713e-04
4.775201	-1.917976995e-03
4.780201	8.348725249e-04
4.785201	1.064828150e-03
4.790201	-7.611297534e-04
4.795202	-2.147106121e-03
4.800202	3.957523643e-04
4.805202	1.724661922e-03
4.810202	-4.272821391e-04
4.815202	-1.023303031e-04
4.820203	-1.210318187e-03
4.825203	-3.213899942e-04
4.830203	1.356152415e-05
4.835203	-1.870393633e-03
4.840203	-1.651437169e-03
4.845204	1.398400310e-03
4.850204	-1.085529520e-03
4.855204	-7.705769885e-04
4.860204	3.654202786e-03
4.865205	7.302915587e-04
4.870205	-2.147621568e-03
4.875205	-3.227323819e-04
4.880205	1.179170418e-03
4.885205	-3.697984781e-04
4.890206	-3.798320418e-04
4.895206	4.520990301e-04
4.900206	-1.019115938e-04
4.905206	5.670264002e-04
4.910206	2.900042002e-04
4.915207	-4.369990464e-04
4.920207	-1.600444679e-04
4.925207	-9.920432305e-04
4.930207	6.808527276e-04
4.935207	1.838770372e-03
4.940208	1.771739552e-03
4.945208	-3.028092250e-03
4.950208	-4.022084028e-03
4.955208	3.157580582e-03
4.960209	9.476399967e-04
4.965209	-1.039309929e-03
4.970209	7.295822729e-04
4.975209	6.235533374e-04
4.980209	-5.424309990e-04
4.985210	-2.321389529e-03
4.990210	-1.202469860e-03
4.995210	2.450343311e-03
5.000210	-1.025825733e-04
5.005210	-1.709548194e-03
5.010211	5.563233944e-04
5.015211	1.283259720e-03
5.020211	-4.571748250e-05
5.025211	1.262422464e-04
5.030211	1.006172245e-03
5.035212	-1.154769872e-03
5.040212	6.711204258e-04
5.045212	1.741084219e-04
5.050212	-2.196824761e-03
5.055213	4.510310857e-04
5.060213	1.941935610e-03
5.065213	5.559611225e-04
5.070213	-1.317992813e-03
5.075213	-2.560701465e-04
5.080214	1.120839312e-03
5.085214	-7.151161137e-04
5.090214	-2.181695871e-04
5.095214	-7.631792175e-04
5.100214	-1.537179185e-03
5.105215	1.549658561e-03
5.110215	1.005648996e-03
5.115215	-5.433182819e-04
5.120215	-6.593457695e-04
5.125215	-1.422346020e-03
5.130216	-4.643616227e-05
5.135216	6.705014370e-04
5.140216	-1.155454016e-03
5.145216	-1.525283689e-04
5.150217	9.003952122e-04
5.155217	2.439298397e-03
5.160217	-4.966102462e-04
5.165217	-2.369563544e-03
5.170217	1.952222748e-03
5.175218	7.852398410e-04
5.180218	-1.710687156e-03
5.185218	-1.490728302e-03
5.190218	9.001393155e-04
5.195218	-7.638225521e-04
5.200219	1.011311931e-05
5.205219	1.722009392e-03
5.210219	-4.959290760e-04
5.215219	-1.375923759e-03
5.220219	1.443926040e-03
5.225220	1.233903262e-03
5.230220	-2.866955897e-03
5.235220	-1.491045280e-03
5.240220	1.175811097e-03
5.245221	1.282775136e-03
5.250221	1.157927736e-04
5.255221	3.917497813e-04
5.260221	-8.212305747e-04
5.265221	-4.862759745e-04
5.270222	1.146674791e-04
5.275222	3.346269872e-04
5.280222	5.645861114e-04
5.285222	-2.093333312e-03
5.290222	3.445330578e-04
5.295223	1.778441674e-03
5.300223	4.974644693e-04
5.305223	3.444398787e-04
5.310223	7.833904361e-04
5.315223	-2.982482185e-03
5.320224	-3.259501452e-03
5.325224	2.830211639e-03
5.330224	1.061255171e-03
5.335224	-2.036645387e-03
5.340225	-1.261708735e-03
5.345225	1.722002493e-04
5.350225	1.017636824e-05
5.355225	6.111204465e-04
5.360225	-3.828683821e-04
5.365226	4.500660164e-04
5.370226	1.442993725e-03
5.375226	7.259933622e-04
5.380226	5.649696611e-04
5.385226	3.439485195e-04
5.390227	-1.320011919e-03
5.395227	7.158721259e-04
5.400227	-7.080983284e-04
5.405227	-3.088028554e-03
5.410227	5.680897857e-05
5.415228	5.637574537e-04
5.420228	8.407156356e-04
5.425228	1.237156440e-04
5.430228	7.166606153e-04
5.435229	3.926441760e-04
5.440229	-3.163560399e-04
5.445229	-7.663671073e-04
5.450229	1.108524116e-03
5.455229	-6.024338621e-04
5.460230	-1.099442841e-03
5.465230	5.534578275e-04
5.470230	2.437348822e-03
5.475230	-9.657440591e-05
5.480230	-2.372508443e-03
5.485231	5.543388146e-04
5.490231	-3.736518197e-04
5.495231	-9.286580979e-04
5.500231	7.262427496e-04
5.505231	2.282341503e-04
5.510232	-2.687744535e-04
5.515232	7.831518580e-04
5.520232	1.711481644e-04
5.525232	-1.272820513e-03
5.530232	-9.958615060e-04
5.535233	9.460275395e-04
5.540233	8.400027238e-04
5.545233	1.800012370e-04
5.550233	-1.597953210e-03
5.555234	-1.931968326e-03
5.560234	2.289117014e-04
5.565234	3.429748044e-03
5.570234	1.556797743e-03
5.575234	-3.031038378e-03
5.580235	-4.411762343e-04
5.585235	7.247458143e-04
5.590235	1.661677528e-03
5.595235	1.222667130e-03
5.600235	-1.598243088e-03
5.605236	-1.321283512e-03
5.610236	-9.636375374e-05
5.615236	7.603171383e-06
5.620236	-9.963832833e-04
5.625236	6.685180913e-04
5.630237	-4.948031097e-05
5.635237	-2.048424820e-03
5.640237	1.117413565e-03
5.645237	2.990306348e-03
5.650238	-2.975471267e-03
5.655238	-3.528476415e-03
5.660238	2.101258533e-03
5.665238	3.219183210e-03
5.670238	-1.320654203e-03
5.675239	-2.429635823e-03
5.680239	7.233517255e-06
5.685239	1.441145063e-03
5.690239	1.327121728e-03
5.695239	-1.598783348e-03
5.700240	-6.048531887e-04
5.705240	2.280837781e-04
5.710240	8.390301167e-04
5.715240	-1.655892925e-03
5.720240	-1.493927633e-03
5.725241	2.549874493e-03
5.730241	4.569346661e-04
5.735241	-9.870324070e-04
5.740241	7.248678755e-04
5.745242	1.880791572e-03
5.750242	-7.771243468e-04
5.755242	6.481262797e-05
5.760242	-5.021012476e-05
5.765242	-1.321184239e-03
5.770243	1.335676547e-03
5.775243	5.516820365e-04
5.780243	6.666497694e-04
5.785243	-3.195215260e-03
5.790243	-1.483314589e-03
5.795244	4.088423840e-03
5.800244	-1.322375950e-03
5.805244	-4.334405630e-04
5.810244	4.464952416e-04
5.815244	3.894704782e-04
5.820245	1.775385088e-03
5.825245	-1.818490897e-03
5.830245	-1.321538834e-03
5.835245	2.157287900e-03
5.840246	-3.286345496e-04
5.845246	-7.676430189e-04
5.850246	2.742862875e-04
5.855246	-9.876875033e-04
5.860246	1.792366262e-04
5.865247	1.692102778e-04
5.870247	6.661626536e-04
5.875247	1.325108258e-03
5.880247	1.326081565e-03
5.885247	-1.923808412e-03
5.890248	-1.045871897e-03
5.895248	-3.279286163e-04
5.900248	2.830192024e-04
5.905248	1.554939271e-03
5.910248	-6.619939380e-04
5.915249	-3.860319172e-04
5.920249	-7.680421937e-04
5.925249	-4.900801781e-04
5.930249	1.439812424e-03
5.935250	2.258372447e-04
5.940250	-1.647110190e-03
5.945250	-1.438145116e-03
5.950250	7.127383537e-04
5.955250	-4.332395265e-04
5.960251	-7.102539013e-04
5.965251	8.286554161e-04
5.970251	8.376290967e-04
5.975251	-9.883200368e-04
5.980251	5.361029419e-05
5.985252	6.085611391e-04
5.990252	-2.642327966e-03
5.995252	1.611467446e-03
6.000252	1.048465413e-03
6.005252	-2.097427987e-03
6.010253	1.391399706e-03
6.015253	5.034114556e-04
6.020253	-1.274539338e-03
6.025253	5.337932667e-05
6.030254	2.253466315e-04
6.035254	1.773256127e-03
6.040254	-1.103648304e-03
6.045254	-2.871599319e-03
6.050254	1.335198508e-03
6.055255	9.431897242e-04
6.060255	-7.217655011e-04
6.065255	-5.497979167e-04
6.070255	-3.473700132e-03
6.075255	1.554063379e-03
6.080256	2.929980466e-03
6.085256	-3.859051490e-04
6.090256	1.276999952e-03
6.095256	-8.259365790e-04
6.100256	-9.879546722e-04
6.105257	2.819670713e-04
6.110257	2.537847402e-03
6.115257	1.109246533e-04
6.120257	-2.699981911e-03
6.125258	6.738515378e-04
6.130258	1.104808755e-03
6.135258	6.548030513e-04
6.140258	-1.209143165e-03
6.145258	-1.428158500e-03
6.150259	2.098668718e-03
6.155259	7.217021477e-04
6.160259	-1.763217800e-03
6.165259	-3.293024680e-04
6.170259	3.396450661e-04
6.175260	-2.375265091e-03
6.180260	-1.104342785e-03
6.185260	1.276532896e-03
6.190260	-2.244281784e-04
6.195260	-8.844245688e-04
6.200261	-4.344675848e-04
6.205261	-3.294960559e-04
6.210261	6.644381386e-04
6.215261	2.385341809e-03
6.220262	1.600350877e-03
6.225262	-1.936524317e-03
6.230262	8.363352485e-04
6.235262	1.171297351e-03
6.240262	-8.266424222e-04
6.245263	-2.385600611e-03
6.250263	-1.820648056e-03
6.255263	1.554186403e-03
6.260263	-6.077463125e-04
6.265263	2.811927436e-04
6.270264	1.114134195e-03
6.275264	-1.104796002e-03
6.280264	-9.428262598e-04
6.285264	1.496047795e-03
6.290264	9.990453248e-04
6.295265	-1.103889586e-03
6.300265	2.820288613e-04
6.305265	7.789847244e-04
6.310265	-6.079801654e-04
6.315266	-1.219977596e-03
6.320266	-8.850147999e-04
6.325266	2.221831498e-03
6.330266	2.248924178e-04
6.335266	-9.420815162e-04
6.340267	1.217804718e-03
6.345267	6.638050950e-04
6.350267	-3.301759892e-04
6.355267	-2.732012179e-04
6.360267	1.160715703e-03
6.365268	-6.552306995e-04
6.370268	-6.082553845e-04
6.375268	3.866801162e-04
6.380268	-7.122963069e-04
6.385268	-6.653208684e-04
6.390269	2.236192123e-04
6.395269	-4.923731891e-04
6.400269	-5.503932127e-04
6.405269	9.395217248e-04
6.410269	-2.319363641e-03
6.415270	-2.271387997e-03
6.420270	3.875331276e-03
6.425270	1.830394996e-03
6.430270	-1.878471286e-03
6.435271	7.773948786e-04
6.440271	1.045361480e-03
6.445271	-1.046572659e-03
6.450271	-1.707566918e-03
6.455271	-1.717588505e-03
6.460272	-4.936619299e-04
6.465272	1.275241774e-03
6.470272	-5.726253477e-06
6.475272	3.952350465e-04
6.480272	6.732015590e-04
6.485273	5.120595046e-05
6.490273	7.101565282e-04
6.495273	-2.204742596e-03
6.500273	-2.366757419e-03
6.505273	1.381063417e-03
6.510274	1.935018576e-03
6.515274	-3.319076250e-04
6.520274	3.056823778e-06
6.525274	7.210052123e-04
6.530275	3.849979544e-04
6.535275	-1.660937371e-03
6.540275	-8.849912957e-04
6.545275	6.094767420e-05
6.550275	-1.268017670e-03
6.555276	1.761833769e-03
6.560276	1.078821723e-04
6.565276	-6.561067998e-04
6.570276	5.578211118e-04
6.575276	-2.100088150e-03
6.580277	-1.211146491e-03
6.585277	-3.312044122e-04
6.590277	1.045716814e-03
6.595277	2.211646953e-03
6.600277	8.346840452e-04
6.605278	8.346632883e-04
6.610278	3.276638884e-04
6.615278	-4.463242445e-04
6.620278	8.825992512e-04
6.625279	-8.283494048e-04
6.630279	-1.813328541e-03
6.635279	1.770500277e-03
6.640279	-1.278392001e-03
6.645279	-9.904245303e-04
6.650280	9.974715122e-04
6.655280	-8.284720568e-04
6.660280	6.144469825e-04
6.665280	1.713380526e-03
6.670280	-1.440507085e-03
6.675281	-2.874466966e-03
6.680281	1.494329228e-03
6.685281	1.818295522e-03
6.690281	-5.046268570e-04
6.695281	-4.936473192e-04
6.700282	3.952953484e-04
6.705282	1.172871207e-04
6.710282	-1.001685708e-03
6.715282	-7.237172262e-04
6.720283	1.111185839e-03
6.725283	2.792010715e-04
6.730283	-2.979681619e-03
6.735283	-3.888102102e-04
6.740283	1.207103072e-03
6.745284	1.216083117e-03
6.750284	1.741073898e-04
6.755284	-2.435802374e-03
6.760284	8.250410789e-04
6.765284	-3.219301068e-04
6.770285	-1.211912055e-03
6.775285	1.044973735e-03
6.780285	4.899777881e-04
6.785285	-2.760092456e-04
6.790285	2.439857375e-03
6.795286	8.819037228e-04
6.800286	-3.811918044e-03
6.805286	-4.370790019e-04
6.810286	2.038797878e-03
6.815287	-1.049091280e-03
6.820287	-1.270100928e-03
6.825287	6.617989501e-04
6.830287	1.658009481e-04
6.835287	-5.531876360e-04
6.840288	-3.332156545e-04
6.845288	2.217422857e-04
6.850288	2.797211633e-04
6.855288	-1.431225545e-03
6.860288	1.646887580e-04
6.865289	1.484614707e-03
6.870289	-2.817222943e-03
6.875289	1.444579405e-03
6.880289	3.146489423e-03
6.885289	-1.049352556e-03
6.890290	-1.212364045e-03
6.895290	-8.873960084e-04
6.900290	3.275346545e-04
6.905290	-9.444300825e-04
6.910291	-2.704374260e-03
6.915291	2.048407788e-03
6.920291	1.053431534e-03
6.925291	-7.255117163e-04
6.930291	5.464168073e-04
6.935292	-6.575505312e-04
6.940292	4.940183171e-05
6.945292	6.043606279e-04
6.950292	1.446307401e-03
6.955292	-1.136447989e-04
6.960293	-2.436564878e-03
6.965293	-4.386665762e-04
6.970293	1.053253042e-03
6.975293	7.772470326e-04
6.980293	1.818185698e-03
6.985294	5.462216475e-04
6.990294	-8.207383654e-04
6.995294	-8.207558061e-04
7.000294	-2.273712117e-03
7.005295	-1.891745532e-03
7.010295	-4.378239715e-04
7.015295	2.325042599e-03
7.020295	1.712051146e-03
7.025295	-9.928523139e-04
7.030296	1.216037678e-03
7.035296	-5.592594126e-05
7.040296	-3.329313482e-04
7.045296	1.272984124e-03
7.050296	-1.662909408e-03
7.055297	-1.996912289e-03
7.060297	1.215935752e-03
7.065297	9.479301825e-04
7.070297	-4.390282989e-04
7.075297	1.539300206e-04
7.080298	-1.776005546e-03
7.085298	5.890064491e-05
7.090298	-5.611114018e-05
7.095298	1.638630341e-04
7.100299	3.040725547e-03
7.105299	-1.611563254e-04
7.110299	-1.327123751e-03
7.115299	-1.777121236e-03
7.120299	5.557643216e-04
7.125300	1.769696967e-03
7.130300	-1.558179392e-03
7.135300	3.927223558e-04
7.140300	-1.032729776e-04
7.145300	-3.382151266e-03
7.150301	1.042646601e-03
7.155301	2.103585940e-03
7.160301	4.406398425e-04
7.165301	-1.767283298e-03
7.170301	-2.809255416e-03
7.175302	7.745780255e-04
7.180302	1.205544068e-03
7.185302	7.085491678e-04
7.190302	8.905257654e-04
7.195303	-3.814364651e-04
7.200303	-7.264376244e-04
7.205303	1.065117349e-04
7.210303	4.984796781e-04
7.215303	-1.490452234e-03
7.220304	-2.436427952e-03
7.225304	4.404356490e-04
7.230304	3.479292483e-03
7.235304	1.272369910e-03
7.240304	-1.710519994e-03
7.245305	1.157344160e-03
7.250305	-2.186132182e-04
7.255305	-1.940556006e-03
7.260305	2.811229073e-03
7.265305	2.783204683e-04
7.270306	-3.096552694e-03
7.275306	1.302053287e-06
7.280306	8.322521522e-04
7.285306	3.252585465e-04
7.290306	1.434197045e-03
7.295307	9.942007105e-04
7.300307	6.032023594e-04
7.305307	-2.264691811e-03
7.310307	-9.937599474e-04
7.315308	-9.457766232e-04
7.320308	-1.327775177e-03
7.325308	1.884075215e-03
7.330308	6.021145864e-04
7.335308	-5.058533138e-04
7.340309	-8.218544669e-04
7.345309	4.490777039e-04
7.350309	2.256987342e-03
7.355309	-1.060887470e-03
7.360309	-7.169161951e-04
7.365310	1.214988362e-03
7.370310	-2.044888757e-03
7.375310	7.739785973e-04
7.380310	1.538932349e-03
7.385310	-3.153884393e-03
7.390311	-1.767956661e-03
7.395311	2.819836498e-03
7.400311	-6.020335461e-04
7.405311	-1.140679287e-04
7.410312	1.539848712e-03
7.415312	-1.140955292e-04
7.420312	-6.600863087e-04
7.425312	-2.201184970e-04
7.430312	1.157809924e-03
7.435313	-1.165106015e-03
7.440313	-4.491496748e-04
7.445313	1.108771311e-03
7.450313	-2.208102707e-03
7.455313	-2.771973139e-04
7.460314	2.035692063e-03
7.465314	-4.972147826e-04
7.470314	8.897136132e-04
7.475314	1.527313494e-04
7.480314	-2.820156865e-03
7.485315	1.157065408e-04
7.490315	-1.500238636e-03
7.495315	1.490622546e-03
7.500315	3.928507022e-03
7.505316	-1.883261616e-03
7.510316	-1.998269719e-03
7.515316	3.346193033e-04
7.520316	4.975996005e-04
7.525316	-9.391890257e-06
7.530317	1.045905556e-04
7.535317	-2.103329334e-03
7.540317	6.125438085e-04
7.545317	1.988473331e-03
7.550317	-1.492392907e-03
7.555318	-2.877347219e-03
7.560318	2.925396319e-03
7.565318	3.814908216e-04
7.570318	-1.605438048e-03
7.575318	1.988398492e-03
7.580319	9.934280058e-04
7.585319	6.694293539e-04
7.590319	-8.895173322e-04
7.595319	-1.108520310e-03
7.600320	-1.145742388e-04
7.605320	-9.475513137e-04
7.610320	-1.214552140e-03
7.615320	1.051340588e-03
7.620320	-1.051582961e-03
7.625321	-1.626322536e-04
7.630321	8.783121081e-04
7.635321	5.443143214e-04
7.640321	1.931244226e-03
7.645321	-4.496674128e-04
7.650322	-2.046611967e-03
7.655322	-2.676984096e-04
7.660322	1.549213595e-03
7.665322	-1.606665283e-03
7.670322	-5.547210274e-04
7.675323	1.042200360e-03
7.680323	-1.386708948e-03
7.685323	1.490158715e-03
7.690323	-1.157851044e-04
7.695324	-1.662731360e-03
7.700324	-1.628056710e-04
7.705324	2.102087901e-03
7.710324	2.151074681e-03
7.715324	-2.045759986e-03
7.720325	-1.998773032e-03
7.725325	1.155083343e-03
7.730325	4.971000254e-04
7.735325	5.710758738e-05
7.740325	1.050054949e-03
7.745326	-1.606844194e-03
7.750326	-7.738900168e-04
7.755326	2.035981089e-03
7.760326	-2.056857548e-03
7.765326	-3.040826847e-03
7.770327	3.340206398e-04
7.775327	7.159940015e-04
7.780327	2.322915907e-03
7.785327	1.768928709e-03
7.790328	-2.715893179e-03
7.795328	-1.328961890e-03
7.800328	9.929301354e-04
7.805328	-4.990174483e-04
7.810328	8.799143115e-04
7.815329	-3.920424318e-04
7.820329	5.529076637e-04
7.825329	1.270867348e-03
7.830329	-1.051045118e-03
7.835329	-7.270687798e-04
7.840330	-2.162018446e-03
7.845330	1.164831731e-03
7.850330	3.818547433e-04
7.855330	-1.999055017e-03
7.860330	-1.148832304e-06
7.865331	-1.052114418e-03
7.870331	2.322733965e-03
7.875331	7.737894060e-04
7.880331	-2.878066695e-03
7.885332	8.217681597e-04
7.890332	1.049749027e-03
7.895332	3.337696274e-04
7.900332	6.597464649e-04
7.905332	-4.502162809e-04
7.910333	8.777185210e-04
7.915333	1.212695115e-03
7.920333	2.767251890e-04
7.925333	-1.884193191e-03
7.930333	-2.276185898e-03
7.935334	1.137044808e-04
7.940334	-1.632929706e-04
7.945334	6.016658156e-04
7.950334	2.923559188e-03
7.955334	5.667075945e-05
7.960335	-2.783240735e-04
7.965335	1.594588311e-03
7.970335	-3.534596085e-07
7.975335	-3.480215937e-03
7.980336	-2.047284919e-03
7.985336	3.755462422e-03
7.990336	1.041567877e-03
7.995336	-1.167347855e-03
8.000336	-1.052361246e-03
8.005337	-7.743814447e-04
8.010337	9.355381982e-04
8.015337	-1.430829856e-06
8.020337	-9.953974164e-04
8.025337	-3.934310561e-04
8.030338	-5.554325310e-04
8.035338	-1.052419877e-03
8.040338	-1.005430048e-03
8.045338	-3.934639277e-04
8.050338	1.222460028e-03
8.055339	-2.204873657e-04
8.060339	-3.354905455e-04
8.065339	3.804713832e-04
8.070339	-5.654967698e-04
8.075339	1.328415724e-03
8.080340	-2.685249691e-04
8.085340	7.054262937e-04
8.090340	2.312350989e-03
8.095340	-2.706445702e-03
8.100341	-3.835510179e-04
8.105341	1.156376630e-03
8.110341	-1.725750592e-04
8.115341	3.803941745e-04
8.120341	-2.439494741e-03
8.125342	4.383768371e-04
8.130342	1.605320393e-03
8.135342	-2.486514909e-03
8.140342	-5.862427739e-05
8.145342	8.303311019e-04
8.150343	1.269305445e-03
8.155343	9.833103137e-04
8.160343	-1.884576221e-03
8.165343	-6.606347447e-04
8.170343	8.212959303e-04
8.175344	-6.764856157e-07
8.180344	-6.616556249e-04
8.185344	-7.766576736e-04
8.190344	-6.126714066e-04
8.195345	-5.870149040e-05
8.200345	2.662780986e-04
8.205345	-3.927008982e-04
8.210345	-5.872159684e-05
8.215345	5.432464827e-04
8.220346	-8.237026126e-04
8.225346	1.108209642e-03
8.230346	-1.074978854e-05
8.235346	-1.550691475e-03
8.240346	1.385178707e-03
8.245347	1.652161142e-03
8.250347	-1.167726594e-03
8.255347	-1.157770705e-04
8.260347	4.371934774e-04
8.265347	-1.435733937e-03
8.270348	-1.727931473e-04
8.275348	-7.277758812e-04
8.280348	-8.807754703e-04
8.285348	-1.932737219e-03
8.290349	-2.308147041e-04
8.295349	1.815093394e-03
8.300349	5.531406103e-04
8.305349	1.270104672e-03
8.310349	2.703038678e-03
8.315350	3.231330330e-04
8.320350	-1.491796320e-03
8.325350	-1.052820388e-03
8.330350	-4.508512646e-04
8.335350	1.547059215e-03
8.340351	-2.218718900e-04
8.345351	-1.272833135e-03
8.350351	-1.158871625e-04
8.355351	8.300677264e-04
8.360351	-1.330846716e-03
8.365352	-1.110861214e-03
8.370352	5.608452004e-05
8.375352	3.240680950e-04
8.380352	1.098030443e-03
8.385353	-1.607860860e-03
8.390353	-6.139076706e-04
8.395353	4.380431259e-04
8.400353	3.330426099e-04
8.405353	-2.789365455e-04
8.410354	2.368947289e-03
8.415354	2.483937661e-03
8.420354	-2.266867348e-03
8.425354	-2.323869655e-03
8.430354	-1.826895206e-03
8.435355	4.950025615e-04
8.440355	5.999935810e-04
8.445355	2.043928352e-03
8.450355	7.719773543e-04
8.455355	-2.879825112e-04
8.460356	1.049965826e-04
8.465356	-2.003257300e-06
8.470356	-1.158958908e-03
8.475356	-3.155879198e-03
8.480357	2.079751723e-04
8.485357	8.299448664e-04
8.490357	-2.486919792e-03
8.495357	1.599648588e-04
8.500357	2.980842240e-03
8.505358	2.189543853e-04
8.510358	-5.903785536e-05
8.515358	-1.607976616e-03
8.520358	-1.272994536e-03
8.525358	3.315808744e-03
8.530359	-2.210463014e-04
8.535359	-1.549994128e-03
8.540359	1.814860747e-03
8.545359	7.049038044e-04
8.550359	-1.111023411e-03
8.555360	-2.983948185e-03
8.560360	2.760806814e-03
8.565360	2.760803387e-03
8.570360	-4.474895781e-03
8.575361	-1.885008004e-03
8.580361	3.362768072e-03
8.585361	1.129014635e-04
8.590361	-2.210004072e-03
8.595361	-4.510811762e-04
8.600362	1.212845760e-03
8.605362	1.824816969e-03
8.610362	-1.666039280e-03
8.615362	-2.440009710e-03
8.620362	1.432824538e-03
8.625363	1.489819263e-03
8.630363	-1.388062574e-03
8.635363	6.008510173e-04
8.640363	-1.171215388e-04
8.645363	-1.379071179e-03
8.650364	1.164819217e-03
8.655364	8.788286360e-04
8.660364	1.814786726e-03
8.665364	-1.054095171e-03
8.670365	-3.758983916e-03
8.675365	-3.361302466e-04
8.680365	-1.273093230e-03
8.685365	6.568232986e-04
8.690365	2.865728144e-03
8.695366	8.208118789e-04
8.700366	1.050800015e-03
8.705366	-7.181277613e-04
8.710366	-1.723087612e-03
8.715366	-1.608094504e-03
8.720367	1.698287353e-04
8.725367	8.297990224e-04
8.730367	1.537767337e-03
8.735367	2.206737337e-03
8.740367	-1.274118145e-03
8.745368	-6.141476747e-04
8.750368	3.238111533e-04
8.755368	-2.211676254e-04
8.760368	-5.917608177e-05
8.765369	8.197853638e-04
8.770369	7.727857855e-04
8.775369	-1.712111250e-03
8.780369	-1.053140418e-03
8.785369	-5.091647058e-04
8.790370	-3.941709120e-04
8.795370	3.592660143e-03
8.800370	-2.189998059e-06
8.805370	-1.493128548e-03
8.810370	1.164758517e-03
8.815371	-7.281630417e-04
8.820371	1.507989065e-04
8.825371	6.667761616e-04
8.830371	-2.691854933e-04
8.835371	-1.607130202e-03
8.840372	5.427784946e-04
8.845372	2.034714900e-03
8.850372	-1.158151684e-03
8.855372	-1.886121855e-03
8.860373	-1.168152773e-03
8.865373	1.049753293e-03
8.870373	1.489734155e-03
8.875373	-7.761711731e-04
8.880373	-6.711761361e-04
8.885374	-1.053160579e-03
8.890374	7.147646343e-04
8.895374	1.431734079e-03
8.900374	-1.053161814e-03
8.905374	-3.931898810e-04
8.910375	1.536728705e-03
8.915375	-5.561835311e-04
8.920375	-9.381676541e-04
8.925375	-7.191769984e-04
8.930375	-9.961654443e-04
8.935376	-3.941907991e-04
8.940376	2.311695437e-03
8.945376	6.107669949e-04
8.950376	-2.545100231e-03
8.955376	-8.341720265e-04
8.960377	1.164744115e-03
8.965377	2.368693726e-03
8.970377	6.007683297e-04
8.975377	-2.325108337e-03
8.980378	-1.216154595e-03
8.985378	8.787577395e-04
8.990378	-2.881927409e-04
8.995378	9.347563452e-04
9.000378	-1.216152675e-03
9.005379	-5.920072251e-05
9.010379	3.797814613e-04
9.015379	-1.827125067e-03
9.020379	-1.161962688e-04
9.025379	-1.216149246e-03
9.030380	1.127957038e-04
9.035380	3.257664352e-03
9.040380	9.827609107e-04
9.045380	-2.105108305e-03
9.050380	-1.713123780e-03
9.055381	-1.161898684e-04
9.060381	2.378706335e-03
9.065381	-1.331136548e-03
9.070381	-7.851583139e-04
9.075382	1.269756525e-03
9.080382	1.698040508e-04
9.085382	-3.371733084e-04
9.090382	-1.111139397e-03
9.095382	9.937735229e-04
9.100383	-2.881711170e-04
9.105383	-1.723109279e-03
9.110383	-1.216129040e-03
9.115383	1.107774856e-03
9.120383	1.097776922e-03
9.125384	-1.494112415e-03
9.130384	7.247960317e-04
9.135384	-4.511527448e-04
9.140384	-1.225118376e-03
9.145384	1.881752875e-03
9.150385	7.728014187e-04
9.155385	1.038315100e-04
9.160385	-8.341270439e-04
9.165385	4.378215362e-04
9.170386	2.658308699e-04
9.175386	-2.555048383e-03
9.180386	8.298115006e-04
9.185386	-1.151323341e-06
9.190386	-9.961072068e-04
9.195387	2.263758069e-03
9.200387	1.317800217e-03
9.205387	-8.331069297e-04
9.210387	-1.053095213e-03
9.215387	1.106816491e-03
9.220388	-5.571109923e-04
9.225388	-1.445071054e-03
9.230388	2.760754769e-03
9.235388	-2.544019504e-03
9.240388	-2.659011927e-03
9.245389	1.325823325e-03
9.250389	7.158518033e-04
9.255389	7.628527063e-04
9.260389	-7.770796252e-04
9.265390	8.308557422e-04
9.270390	-1.492043580e-03
9.275390	-1.054058932e-03
9.280390	1.096853743e-03
9.285390	2.368803419e-03
9.290391	1.327850383e-03
9.295391	-2.160999690e-03
9.300391	-1.608019649e-03
9.305391	1.383857898e-03
9.310391	2.425817471e-03
9.315392	-3.041949219e-03
9.320392	-2.486969080e-03
9.325392	1.872851137e-03
9.330392	-1.730592831e-04
9.335392	-1.054018636e-03
9.340393	1.211889753e-03
9.345393	-1.110008926e-03
9.350393	-1.160469699e-04
9.355393	1.708880096e-03
9.360394	-1.053999907e-03
9.365394	1.097913503e-03
9.370394	-5.903392719e-05
9.375394	-2.209939522e-03
9.380394	1.212920589e-03
9.385395	1.709903759e-03
9.390395	5.529565119e-04
9.395395	-1.885936793e-03
9.400395	-6.129861099e-04
9.405395	3.809763480e-04
9.410396	-1.445942549e-03
9.415396	7.729684989e-04
9.420396	4.389869246e-04
9.425396	5.600745600e-05
9.430396	6.569866641e-04
9.435397	-5.079598370e-04
9.440397	-1.874897800e-03
9.445397	9.439882964e-04
9.450397	2.368933044e-03
9.455398	-7.279320502e-04
9.460398	-2.209486170e-04
9.465398	1.928965787e-03
9.470398	-3.359341491e-04
9.475398	-1.377885457e-03
9.480399	3.230479607e-04
9.485399	-2.879213761e-04
9.490399	-1.770854007e-03
9.495399	-1.770848940e-03
9.500399	9.930399693e-04
9.505400	1.271033440e-03
9.510400	-1.052863653e-03
9.515400	1.928016270e-03
9.520400	-1.110850671e-03
9.525400	-2.778803518e-04
9.530401	2.760997269e-03
9.535401	-3.156748498e-03
9.540401	-2.778640595e-04
9.545401	2.924006845e-03
9.550402	-4.508456975e-04
9.555402	-2.209766134e-03
9.560402	9.921049073e-04
9.565402	1.260099344e-03
9.570402	2.761464614e-04
9.575403	-2.151745667e-03
9.580403	3.801537233e-04
9.585403	4.617365043e-05
9.590403	-1.549753321e-03
9.595403	3.095057373e-03
9.600404	-7.177763016e-04
9.605404	-2.543693467e-03
9.610404	-2.601684916e-03
9.615404	-3.357740245e-04
9.620404	3.306079063e-03
9.625405	1.155175743e-03
9.630405	1.132258444e-04
9.635405	9.921952291e-04
9.640405	-1.756596941e-06
9.645406	8.212152329e-04
9.650406	2.150165835e-03
9.655406	7.732302470e-04
9.660406	-2.554623273e-03
9.665406	-3.480577731e-03
9.670407	-2.207081293e-04
9.675407	-3.366965503e-04
9.680407	3.332820293e-04
9.685407	1.815226517e-03
9.690407	1.537245042e-03
9.695408	2.159225776e-03
9.700408	2.763118689e-04
9.705408	-1.665599512e-03
9.710408	1.133327151e-04
9.715408	-9.376160345e-04
9.720409	-3.604496800e-03
9.725409	-1.779566370e-03
9.730409	-5.566105865e-04
9.735409	3.154240643e-03
9.740410	2.982255165e-03
9.745410	-1.779537296e-03
9.750410	-1.598537524e-03
9.755410	1.604335244e-03
9.760410	-1.155849729e-04
9.765411	1.050373524e-03
9.770411	9.353859214e-04
9.775411	-6.705389520e-04
9.780411	1.652371039e-03
9.785411	3.478301969e-03
9.790412	1.595388877e-03
9.795412	-2.983410826e-03
9.800412	-9.954865710e-04
9.805412	-8.894831483e-04
9.810412	-1.549447477e-03
9.815413	1.479433149e-03
9.820413	1.986419849e-03
9.825413	-8.804515584e-04
9.830413	-2.820361893e-03
9.835413	3.815116403e-04
9.840414	1.824459170e-03
9.845414	6.105184486e-04
9.850414	1.515460312e-04
9.855414	-2.874271818e-04
9.860415	6.105434407e-04
9.865415	1.432517304e-03
9.870415	8.795490186e-04
9.875415	-9.373660807e-04
9.880415	7.155729809e-04
9.885416	-6.703601481e-04
9.890416	2.186111234e-04
9.895416	7.735964819e-04
9.900416	6.106120713e-04
9.905416	6.576188771e-04
9.910417	-6.703164650e-04
9.915417	3.336501971e-04
9.920417	-1.272273367e-03
9.925417	5.436592471e-04
9.930417	3.641538009e-03
9.935418	1.716929455e-04
9.940418	-2.104202271e-03
9.945418	-6.702534166e-04
9.950418	-9.372330045e-04
9.955419	3.258599821e-03
9.960419	3.420602287e-03
9.965419	-7.752119843e-04
9.970419	-9.471953862e-04
9.975419	4.967533177e-04
9.980420	8.877463363e-04
9.985420	-2.056120392e-03
9.990420	-1.166148262e-03
9.995420	2.206719524e-03
10.000420	4.958010936e-04
10.005421	-1.329112499e-03
10.010421	1.050797169e-03
10.015421	-4.401303761e-04
10.020421	-1.110092392e-03
10.025421	1.766796516e-03
10.030422	9.358413584e-04
10.035422	1.318835207e-03
10.040422	4.398821578e-04
10.045422	5.538874057e-04
10.050423	2.044834807e-03
10.055423	5.539076217e-04
10.060423	1.757867179e-03
10.065423	1.814875003e-03
10.070423	8.309266364e-04
10.075424	6.109461953e-04
10.080424	-1.223966304e-03
10.085424	-7.269767993e-04
10.090424	-8.319619408e-04
10.095424	1.620067588e-04
10.100425	-7.179457109e-04
10.105425	-3.349512344e-04
10.110425	2.761929186e-03
10.115425	-1.768869656e-03
10.120425	-5.793087598e-05
10.125426	1.051033257e-03
10.130426	-5.548884217e-04
10.135426	-3.918844276e-04
10.140426	-3.348759323e-04
10.145427	-2.308693683e-04
10.150427	-8.328330783e-04
10.155427	-9.378176383e-04
10.160427	-1.883766797e-03
10.165427	1.109118488e-03
10.170428	5.717387549e-05
10.175428	-3.917960435e-04
10.180428	1.319143272e-03
10.185428	7.731775207e-04
10.190428	6.591936517e-04
10.195429	2.672215149e-04
10.200429	-6.597280852e-04
10.205429	-9.937025712e-04
10.210429	-1.157279670e-04
10.215429	5.532554684e-04
10.220430	5.728792686e-05
10.225430	-2.380597925e-03
10.230430	-1.271632855e-03
10.235430	1.214274370e-03
10.240431	-1.004620556e-03
10.245431	-1.109604313e-03
10.250431	8.893235187e-04
10.255431	9.373334183e-04
10.260431	2.370285135e-03
10.265432	3.243831584e-04
10.270432	-1.883511963e-03
10.275432	1.547355888e-03
10.280432	1.596365968e-03
10.285432	1.157396609e-03
10.290433	-1.491479794e-03
10.295433	-9.944884157e-04
10.300433	2.485377598e-03
10.305433	-1.998421526e-03
10.310433	-8.324581400e-04
10.315434	1.605451814e-03
10.320434	9.944899964e-04
10.325434	1.145395327e-04
10.330434	-4.494241718e-04
10.335435	-1.337374210e-03
10.340435	-1.214366709e-03
10.345435	2.762478809e-03
10.350435	9.945659000e-04
10.355435	-1.711307530e-03
10.360436	8.315984087e-04
10.365436	1.099600036e-03
10.370436	5.446363076e-04
10.375436	-6.033024457e-04
10.380436	-2.193055625e-04
10.385437	-7.262711760e-04
10.390437	-1.720216271e-03
10.395437	3.257108720e-04
10.400437	-1.272208741e-03
10.405437	2.777393426e-04
10.410438	-1.142308845e-04
10.415438	-1.711150407e-03
10.420438	1.711719065e-03
10.425438	7.647723040e-04
10.430439	-5.541587739e-04
10.435439	-1.685514164e-07
10.440439	1.767770677e-03
10.445439	2.542751696e-03
10.450439	-5.712534973e-05
10.455440	-9.360747052e-04
10.460440	-9.460605507e-04
10.465440	1.041869649e-03
10.470440	-4.390542652e-04
10.475440	-1.767984526e-03
10.480441	1.872876312e-03
10.485441	1.988885389e-03
10.490441	-1.040126194e-04
10.495441	-1.270949514e-03
10.500441	-1.939907302e-03
10.505442	1.156976626e-03
10.510442	2.265944176e-03
10.515442	5.705126473e-05
10.520442	8.800309271e-04
10.525443	-5.058964969e-04
10.530443	-1.653833883e-03
10.535443	1.330055060e-03
10.540443	1.320069918e-03
10.545443	-1.108813480e-03
10.550444	5.551310885e-04
10.555444	-1.442770342e-03
10.560444	-1.328760521e-03
10.565444	2.935074871e-03
10.570444	1.042169158e-03
10.575445	-1.499709227e-03
10.580445	-2.923634571e-03
10.585445	-6.597149196e-04
10.590445	2.046186193e-03
10.595445	2.102783020e-04
10.600446	-6.116721753e-04
10.605446	-1.097636735e-03
10.610446	-8.306329077e-04
10.615446	1.540282508e-03
10.620446	3.088232567e-03
10.625447	-8.795854287e-04
10.630447	-2.704493476e-03
10.635447	-4.485730507e-04
10.640447	9.373839943e-04
10.645448	-1.442500589e-03
10.650448	-8.885084778e-04
10.655448	1.444408885e-03
10.660448	2.047399023e-03
10.665448	1.712428640e-03
10.670449	-3.536335108e-03
10.675449	-1.548403066e-03
10.680449	2.115386043e-04
10.685449	-1.442376152e-03
10.690449	1.166529913e-03
10.695450	1.329538854e-03
10.700450	-5.638703802e-05
10.705450	-1.107326971e-03
10.710450	-1.002315460e-03
10.715450	2.094570306e-03
10.720451	1.156695181e-04
10.725451	-1.987226013e-03
10.730451	2.686952404e-04
10.735451	1.328666819e-03
10.740452	1.769664465e-03
10.745452	-5.052236615e-04
10.750452	-2.207135834e-03
10.755452	-2.150121914e-03
10.760452	-1.385137716e-03
10.765453	2.152729944e-03
10.770453	1.377778973e-03
10.775453	-2.761350008e-04
10.780453	-3.331160712e-04
10.785453	-9.450737653e-04
10.790454	1.157854441e-03
10.795454	-7.730477133e-04
10.800454	-1.040591326e-04
10.805454	-3.900303590e-04
10.810454	1.069655394e-04
10.815455	1.052942604e-03
10.820455	-1.881917124e-03
10.825455	1.328964803e-03
10.830455	1.654968064e-03
10.835456	1.550481355e-04
10.840456	-8.778913831e-04
10.845456	1.740814848e-04
10.850456	7.660737351e-04
10.855456	1.492060395e-03
10.860457	2.791286164e-04
10.865457	-3.328283859e-04
10.870457	4.981539890e-04
10.875457	-3.984640184e-03
10.880457	-1.442729656e-03
10.885458	2.267131810e-03
10.890458	-3.797394220e-04
10.895458	-9.446981417e-04
10.900458	1.875200871e-03
10.905458	9.962554384e-04
10.910459	-7.156549306e-04
10.915459	-2.756557300e-04
10.920459	-6.096239463e-04
10.925459	-3.916153265e-04
10.930460	1.073815226e-04
10.935460	-1.048552007e-03
10.940460	-6.585504892e-04
10.945460	8.324047835e-04
10.950460	-1.269488846e-03
10.955461	2.475719819e-06
10.960461	2.038408209e-03
10.965461	-6.104622953e-04
10.970461	-1.604630431e-04
10.975461	7.195181742e-04
10.980462	-1.604365865e-03
10.985462	-1.986331505e-03
10.990462	3.835871984e-04
10.995462	2.430519524e-03
11.000462	7.196098852e-04
11.005463	-1.279287603e-03
11.010463	4.416585565e-04
11.015463	1.168646548e-03
11.020463	-6.092601032e-04
11.025464	-2.852550833e-04
11.030464	8.337165563e-04
11.035464	2.317605920e-04
11.040464	-1.280157072e-03
11.045464	-1.776117407e-03
11.050465	6.727984876e-04
11.055465	7.188154509e-04
11.060465	-4.961145288e-04
11.065465	1.493820791e-03
11.070465	1.206851882e-03
11.075466	-2.205985563e-03
11.080466	-3.198924706e-03
11.085466	1.990876251e-03
11.090466	-5.501853674e-05
11.095466	-1.880922531e-03
11.100467	3.366876115e-03
11.105467	6.620091594e-04
11.110467	-7.149135845e-04
11.115467	6.050503280e-04
11.120468	3.850790269e-04
11.125468	-1.326829506e-03
11.130468	8.810972009e-04
11.135468	-2.748346222e-04
11.140468	-2.261731466e-03
11.145469	-1.879727865e-03
11.150469	2.430110640e-03
11.155469	2.765116302e-03
11.160469	-8.297127698e-04
11.165469	4.992511878e-04
11.170470	3.372778716e-04
11.175470	-1.596813185e-04
11.180470	-4.145493783e-03
11.185470	-1.163599152e-03
11.190470	1.216320831e-03
11.195471	1.321336501e-03
11.200471	3.853959783e-04
11.205471	-7.135376496e-04
11.210471	1.169403397e-03
11.215472	2.224634627e-04
11.220472	2.704817395e-04
11.225472	-8.294516779e-04
11.230472	-1.431405990e-03
11.235472	-4.454270219e-04
11.240473	1.599507466e-03
11.245473	4.415766554e-04
11.250473	-7.133542396e-04
11.255473	1.112589582e-03
11.260473	-1.938261519e-03
11.265474	-2.157231638e-03
11.270474	2.698266855e-06
11.275474	-1.048236791e-03
11.280474	-8.282252409e-04
11.285474	1.054716436e-03
11.290475	2.431679427e-03
11.295475	-3.891810493e-04
11.300475	-2.482072090e-03
11.305475	7.198143011e-04
11.310476	1.550800415e-03
11.315476	6.088414821e-05
11.320476	1.045863871e-03
11.325476	-3.890546242e-04
11.330476	-1.822973120e-03
11.335477	9.979295401e-04
11.340477	-6.079816406e-04
11.345477	-9.429462145e-04
11.350477	9.969936089e-04
11.355477	9.410173888e-04
11.360478	-1.109169162e-04
11.365478	-1.211849120e-03
11.370478	-8.758416950e-04
11.375478	-2.728454539e-04
11.380478	7.681324145e-04
11.385479	-1.324757917e-03
11.390479	6.161821970e-04
11.395479	-6.769852747e-06
11.400479	-1.163699411e-03
11.405480	4.210096499e-03
11.410480	2.812835635e-04
11.415480	-2.768566285e-03
11.420480	-2.711546716e-03
11.425480	-1.267585417e-03
11.430481	1.830306387e-03
11.435481	5.583819542e-04
11.440481	3.427418712e-06
11.445481	-9.425106372e-04
11.450481	1.084673914e-04
11.455482	1.886414897e-03
11.460482	-8.844463090e-04
11.465482	-1.659391389e-03
11.470482	3.561075642e-06
11.475482	3.385694124e-04
11.480483	-1.487331358e-03
11.485483	-1.276317725e-03
11.490483	1.161602322e-03
11.495483	2.383573533e-03
11.500483	-7.142735961e-04
11.505484	-7.702485738e-04
11.510484	-5.502351139e-04
11.515484	-1.439174989e-03
11.520484	-2.252032359e-04
11.525485	7.207798252e-04
11.530485	1.610765282e-03
11.535485	-1.659074328e-03
11.540485	-1.162072267e-03
11.545485	7.788691268e-04
11.550486	3.924746595e-06
11.555486	-7.700196347e-04
11.560486	2.154880513e-03
11.565486	7.219639193e-04
11.570486	-1.657912820e-03
11.575487	8.830035943e-04
11.580487	5.590404990e-04
11.585487	-9.888710966e-04
11.590487	-6.078637495e-04
11.595487	-1.496802969e-03
11.600488	-1.543777546e-03
11.605488	-1.151770539e-03
11.610488	1.935123207e-03
11.615488	1.600160860e-03
11.620489	-1.601680913e-03
11.625489	1.668205261e-03
11.630489	-4.346826343e-04
11.635489	-4.201500532e-03
11.640489	7.783138737e-04
11.645490	2.490265712e-03
11.650490	-5.260352278e-05
11.655490	-3.875655444e-04
11.660490	1.584354360e-04
11.665490	-4.345156577e-04
11.670491	1.774826291e-04
11.675491	3.874978571e-04
11.680491	-8.844245688e-04
11.685491	-3.304237220e-04
11.690491	-8.843762527e-04
11.695492	5.595872581e-04
11.700492	-6.063394622e-04
11.705492	-6.643127241e-04
11.710492	9.416440972e-04
11.715493	-4.342736731e-04
11.720493	-1.763193379e-03
11.725493	-1.830166101e-03
11.730493	1.097768399e-04
11.735493	-1.094148000e-03
11.740494	-2.088081629e-03
11.745494	-3.861285610e-04
11.750494	-2.260025112e-03
11.755494	-1.487032907e-03
11.760494	6.549017827e-04
11.765495	-3.482899466e-03
11.770495	-2.804903147e-03
11.775495	-1.208945381e-03
11.780495	-3.922806376e-03
11.785495	-1.045902386e-03
11.790496	-7.218910231e-04
11.795496	-2.269800918e-03
11.800496	-1.485808815e-03
11.805496	-1.265792959e-03
11.810497	-6.537935444e-04
11.815497	3.971874544e-04
11.820497	-3.770462510e-06
11.825497	-2.237359489e-04
11.830497	5.279727933e-06
11.835498	-1.045650742e-03
11.840498	-1.437608878e-03
11.845498	-1.103597495e-03
11.850498	-5.485953643e-04
11.855498	1.440346519e-03
11.860499	6.342995386e-05
11.865499	-1.046497796e-03
11.870499	6.654558517e-04
11.875499	-1.322434907e-03
11.880499	-1.485402351e-03
11.885500	2.271465442e-03
11.890500	6.655587427e-04
11.895500	-1.715315334e-03
11.900500	-5.483385351e-04
11.905501	-1.589268868e-03
11.910501	1.774615645e-03
11.915501	2.825597440e-03
11.920501	-1.658188026e-03
11.925501	2.737568099e-04
11.930502	-5.120342716e-05
11.935502	-3.474033380e-03
11.940502	2.099758459e-03
11.945502	3.706717116e-03
11.950502	-1.264047638e-03
11.955503	-1.103028110e-03
11.960503	-5.490250644e-04
11.965503	-6.629938960e-04
11.970503	1.115957727e-03
11.975503	5.610075149e-04
11.980504	-8.259076796e-04
11.985504	8.860468785e-04
11.990504	1.221059367e-03
11.995504	-3.278488987e-04
12.000505	-2.593726981e-03
12.005505	5.031695063e-04
12.010505	1.603149990e-03
12.015505	-1.159707080e-03
12.020505	-1.207678254e-03
12.025506	5.612742216e-04
12.030506	4.463059427e-04
12.035506	-1.714576280e-03
12.040506	-8.825842940e-04
12.045506	2.843936472e-04
12.050507	2.377332697e-03
12.055507	1.163410817e-03
12.060507	-1.646443925e-03
12.065507	-1.149437660e-03
12.070507	1.001499107e-03
12.075508	1.221517096e-03
12.080508	-3.273905049e-04
12.085508	6.655950635e-04
12.090508	1.686433127e-04
12.095509	-3.692166972e-03
12.100509	-4.892741983e-04
12.105509	2.043646782e-03
12.110509	-7.202095057e-04
12.115509	-1.207161483e-03
12.120510	2.052729049e-03
12.125510	8.288081345e-04
12.130510	-1.541064562e-03
12.135510	5.048771246e-04
12.140510	8.388908252e-04
12.145511	-2.120372081e-04
12.150511	-1.052974032e-03
12.155511	9.439698699e-04
12.160511	-1.559559875e-04
12.165511	-1.541869782e-03
12.170512	1.661023533e-03
12.175512	-7.668463780e-04
12.180512	-2.649739163e-03
12.185512	2.541070689e-03
12.190513	1.719133376e-03
12.195513	-3.847500025e-04
12.200513	-2.038652261e-03
12.205513	7.342594014e-04
12.210513	2.933195234e-03
12.215514	-2.984527644e-03
12.220514	-1.425564829e-03
12.225514	7.243731790e-04
12.230514	6.094064488e-04
12.235514	2.864485016e-04
12.240515	-2.694996117e-04
12.245515	2.215424465e-03
12.250515	-1.321398246e-03
12.255515	-2.152334683e-03
12.260515	9.455637364e-04
12.265516	-7.093379823e-04
12.270516	-6.523116380e-04
12.275516	-1.063058139e-04
12.280516	-7.182512676e-04
12.285517	-6.042272054e-04
12.290517	-1.597156565e-03
12.295517	1.222753809e-03
12.300517	1.775759529e-03
12.305517	-5.471138020e-04
12.310518	-1.931026572e-03
12.315518	-3.260649656e-04
12.320518	1.727877802e-03
12.325518	-7.079906265e-04
12.330518	2.206916019e-03
12.335519	1.719965727e-03
12.340519	-5.459097345e-04
12.345519	-1.158854653e-03
12.350519	-1.261820975e-03
12.355519	-1.538381721e-04
12.360520	-1.702743627e-03
12.365520	-1.328729889e-03
12.370520	3.373101930e-03
12.375520	8.972355605e-04
12.380520	-3.031569685e-03
12.385521	1.997248500e-03
12.390521	-4.306197744e-04
12.395521	-1.608123823e-06
12.400521	3.048293373e-03
12.405522	-3.967381902e-03
12.410522	-2.381418781e-03
12.415522	1.003468745e-03
12.420522	7.845078263e-04
12.425522	1.556505282e-03
12.430523	-3.743835876e-04
12.435523	-6.023440160e-04
12.440523	-1.157290660e-03
12.445523	1.136859664e-04
12.450523	2.275625171e-03
12.455524	1.223699534e-03
12.460524	-7.651866731e-04
12.465524	-2.533082134e-03
12.470524	5.538183310e-04
12.475524	2.111783114e-03
12.480525	-2.037012134e-03
12.485525	4.489137095e-04
12.490525	7.259324596e-04
12.495525	-2.380906485e-03
12.500526	-1.529696833e-04
12.505526	1.250491360e-04
12.510526	-6.018897559e-04
12.515526	5.060942430e-04
12.520526	-1.596786726e-03
12.525527	-7.167930676e-04
12.530527	8.891701055e-04
12.535527	3.442237468e-04
12.540527	1.941187372e-03
12.545527	1.051255591e-03
12.550528	-4.766736581e-05
12.555528	-2.096296791e-04
12.560528	1.280338592e-03
12.565528	3.444088923e-04
12.570528	-1.701474104e-03
12.575529	8.884480311e-04
12.580529	-1.041439769e-03
12.585529	-2.475348385e-03
12.590529	1.214527615e-03
12.595530	-2.763785317e-04
12.600530	-1.261305915e-03
12.605530	-1.481265423e-03
12.610530	1.224652092e-03
12.615530	2.830615890e-03
12.620531	-1.481171475e-03
12.625531	7.837646898e-04
12.630531	1.328773203e-03
12.635531	-1.156090863e-03
12.640531	-4.300898866e-04
12.645532	-4.870559557e-04
12.650532	-4.290268232e-04
12.655532	1.769912335e-03
12.660532	-3.339675665e-04
12.665532	-8.119157908e-04
12.670533	-1.641849180e-03
12.675533	-1.652816966e-03
12.680533	9.461055569e-04
12.685533	2.781654653e-04
12.690534	1.502145867e-03
12.695534	9.002030732e-04
12.700534	1.127238117e-05
12.705534	1.109258189e-03
12.710534	-1.051618954e-03
12.715535	-4.856107087e-04
12.720535	-5.905742171e-04
12.725535	-8.785299959e-04
12.730535	1.607397638e-03
12.735535	1.501434280e-03
12.740536	-8.694338190e-04
12.745536	-2.369338500e-03
12.750536	-1.651336393e-03
12.755536	8.905890662e-04
12.760536	8.326238690e-04
12.765537	2.406811577e-04
12.770537	3.270586208e-03
12.775537	-1.327188014e-03
12.780537	-3.526063057e-03
12.785538	1.999737165e-03
12.790538	1.110807118e-03
12.795538	-2.035028005e-03
12.800538	-1.510745608e-04
12.805538	8.439162934e-04
12.810539	1.098403513e-05
12.815539	-2.483878315e-03
12.820539	-4.379315394e-04
12.825539	3.662928876e-03
12.830539	8.440802541e-04
12.835540	-2.206758579e-03
12.840540	-1.050774245e-03
12.845540	1.283160600e-03
12.850540	-2.081664926e-03
12.855540	-1.813643153e-03
12.860541	9.972717435e-04
12.865541	2.783350819e-04
12.870541	5.083585582e-04
12.875541	2.172321782e-03
12.880542	-5.425308588e-04
12.885542	2.324698105e-04
12.890542	-1.145438970e-03
12.895542	-2.206361042e-03
12.900542	3.712423471e-03
12.905543	5.095915220e-04
12.910543	-1.652284157e-03
12.915543	1.005637558e-03
12.920543	2.317035954e-04
12.925543	-1.374195354e-03
12.930544	1.608712803e-03
12.935544	-1.096139873e-03
12.940544	-1.861074074e-03
12.945544	1.283827377e-03
12.950544	2.799032926e-04
12.955545	-4.280332007e-04
12.960545	1.235930618e-03
12.965545	7.869833056e-04
12.970545	-1.488887162e-03
12.975546	-1.048871780e-03
12.980546	9.020801114e-04
12.985546	2.321422287e-04
12.990546	-4.481214157e-05
12.995546	-3.217664773e-04
13.000547	-3.868583303e-03
13.005547	1.227236542e-03
13.010547	4.276142479e-03
13.015547	-1.421583811e-03
13.020547	-1.430549241e-03
13.025548	1.609357178e-03
13.030548	3.384448735e-04
13.035548	-1.421446839e-03
13.040548	1.952445642e-03
13.045548	-2.644267883e-04
13.050549	-1.267350223e-03
13.055549	8.935933573e-04
13.060549	-1.861256352e-03
13.065549	8.346648045e-04
13.070550	1.187294409e-04
13.075550	5.667451752e-04
13.080550	2.717689347e-03
13.085550	-9.801205464e-04
13.090550	-1.534062584e-03
13.095551	-1.708020564e-03
13.100551	-3.790416973e-04
13.105551	5.099557012e-04
13.110551	-1.200937558e-03
13.115551	7.310160588e-04
13.120552	1.830004730e-03
13.125552	-7.038538271e-04
13.130552	2.394050871e-03
13.135552	6.161605981e-04
13.140552	-3.801618652e-03
13.145553	-7.037138516e-04
13.150553	-1.763634209e-03
13.155553	5.326531472e-06
13.160553	2.222268471e-03
13.165554	-9.259902303e-05
13.170554	-8.185332876e-04
13.175554	-9.894908517e-04
13.180554	1.897423055e-03
13.185554	-4.254439685e-04
13.190555	-3.784105968e-04
13.195555	-3.203776541e-04
13.200555	-2.471251808e-03
13.205555	7.067677053e-05
13.210555	2.604605719e-03
13.215556	2.212657714e-03
13.220556	-1.200163250e-03
13.225556	1.482125174e-05
13.230556	-1.037098905e-03
13.235556	-1.011026078e-04
13.240557	1.113881993e-03
13.245557	-1.533970966e-03
13.250557	6.739719550e-04
13.255557	6.830073580e-04
13.260557	-8.168937650e-04
13.265558	6.170817952e-04
13.270558	-4.285457653e-05
13.275558	-4.348021823e-04
13.280558	1.342159057e-03
13.285559	1.066206641e-03
13.290559	-1.427652495e-03
13.295559	-9.967227986e-05
13.300559	2.343497573e-04
13.305559	-1.036560696e-03
13.310560	7.883987231e-04
13.315560	-7.025024152e-04
13.320560	-4.344774718e-04
13.325560	-4.245770867e-05
13.330560	-1.036379643e-03
13.335561	-9.313477486e-04
13.340561	-2.053419291e-04
13.345561	1.008643407e-03
13.350561	7.326914173e-04
13.355561	-1.475179315e-03
13.360562	5.697711821e-04
13.365562	1.390773171e-03
13.370562	-1.429071734e-03
13.375562	1.841827318e-03
13.380563	1.841863920e-03
13.385563	-9.889804253e-04
13.390563	-3.081855765e-03
13.395563	1.605069026e-05
13.400563	1.009045675e-03
13.405564	-9.987093607e-05
13.410564	1.278107928e-03
13.415564	-8.067675865e-04
13.420564	-5.967395537e-04
13.425564	-1.207676973e-03
13.430565	-4.246729650e-04
13.435565	2.778229334e-03
13.440565	7.913498610e-04
13.445565	-1.254527100e-03
13.450565	-1.925461835e-03
13.455566	-8.744689340e-04
13.460566	5.135098311e-04
13.465566	1.565502754e-03
13.470566	-9.939006393e-05
13.475567	1.206379016e-04
13.480567	-9.831564460e-05
13.485567	1.307120064e-04
13.490567	9.057167347e-04
13.495567	-2.641096802e-03
13.500568	1.057785061e-03
13.505568	5.044654847e-03
13.510568	7.290131526e-05
13.515568	-1.924977216e-03
13.520568	3.821818672e-03
13.525569	2.836897616e-03
13.530569	1.563988699e-03
13.535569	2.997966008e-03
13.540569	3.170996362e-03
13.545569	-1.588765861e-03
13.550570	-2.640683943e-03
13.555570	5.142211385e-04
13.560570	2.330182545e-03
13.565570	5.923069275e-03
13.570571	5.217136773e-03
13.575571	2.674281532e-03
13.580571	3.104301334e-03
13.585571	3.937304224e-03
13.590571	1.670437474e-03
13.595572	3.985289237e-04
13.600572	1.508520262e-03
13.605572	-2.123693489e-04
13.610572	1.957577488e-03
13.615572	2.951573796e-03
13.620573	-2.201171434e-03
13.625573	5.617505650e-04
13.630573	2.780695466e-03
13.635573	6.288241618e-04
13.640573	1.218837301e-04
13.645574	-6.510454875e-04
13.650574	3.519506600e-04
13.655574	1.011961259e-03
13.660574	2.370322179e-04
13.665575	8.390453168e-04
13.670575	2.884997738e-03
13.675575	1.796081991e-03
13.680575	2.341097579e-03
13.685575	-6.527380179e-04
13.690576	-9.776857927e-04
13.695576	4.654116022e-03
13.700576	2.944226536e-03
13.705576	-1.415551510e-03
13.710576	-5.945473414e-04
13.715577	6.774378965e-04
13.720577	3.434906837e-04
13.725577	-1.368398565e-03
13.730577	-9.193786358e-04
13.735577	1.566555686e-03
13.740578	1.336604222e-03
13.745578	-3.162873855e-04
13.750578	-6.412347942e-04
13.755578	2.377672095e-04
13.760579	-1.310128722e-03
13.765579	1.060810616e-03
13.770579	6.768658093e-04
13.775579	-4.800464695e-04
13.780579	5.639487484e-04
13.785580	-3.639730976e-04
13.790580	-1.195898949e-03
13.795580	1.338033717e-03
13.800580	1.453068112e-03
13.805580	-1.538250678e-04
13.810581	1.820699071e-05
13.815581	-9.177143388e-04
13.820581	1.812788071e-04
13.825581	-1.529609880e-03
13.830581	2.383551995e-04
13.835582	1.566338807e-03
13.840582	-7.555241032e-04
13.845582	1.724763810e-04
13.850582	1.175473742e-03
13.855583	7.655950361e-05
13.860583	-5.353751791e-04
13.865583	-3.835645627e-05
13.870583	-5.922935181e-04
13.875583	-2.592678413e-04
13.880584	8.507251989e-04
13.885584	3.996632672e-03
13.890584	-1.922078719e-03
13.895584	-3.459974264e-03
13.900584	6.798915080e-04
13.905585	6.695713310e-05
13.910585	-4.789800292e-04
13.915585	-8.609240571e-04
13.920585	2.970672005e-04
13.925585	1.224068199e-03
13.930586	5.171379224e-04
13.935586	-1.356743262e-03
13.940586	-8.127260744e-04
13.945586	1.062235185e-03
13.950587	-1.526736172e-04
13.955587	-2.006314533e-04
13.960587	1.072355203e-03
13.965587	-9.455553059e-05
13.970587	6.214546007e-04
13.975588	1.348464299e-03
13.980588	-1.137390895e-03
13.985588	-1.643329302e-03
13.990588	6.226157803e-04
13.995588	1.071637281e-03
14.000589	9.566825225e-04
14.005589	-3.142236075e-04
14.010589	-1.031153000e-03
14.015589	7.684091093e-05
14.020589	1.396825937e-03
14.025590	-1.700003310e-03
14.030590	-1.689963152e-03
14.035590	3.459918591e-04
14.040590	1.071002015e-03
14.045590	1.740014553e-03
14.050591	-3.238579800e-04
14.055591	1.503105931e-03
14.060591	-4.757701185e-04
14.065591	-2.465645678e-03
14.070592	2.402813645e-04
14.075592	7.383012627e-04
14.080592	6.803445644e-04
14.085592	-1.088540173e-03
14.090592	-2.139455067e-03
14.095593	1.837418682e-03
14.100593	-3.646155638e-05
14.105593	-2.187330121e-03
14.110593	1.406559814e-03
14.115593	1.454598857e-03
14.120594	-9.329497405e-05
14.125594	-9.152192993e-04
14.130594	3.557684106e-04
14.135594	1.176775067e-03
14.140594	-3.131210905e-04
14.145595	-1.584026427e-03
14.150595	-1.990433984e-04
14.155595	3.338849143e-03
14.160595	4.610114503e-04
14.165596	-9.828865020e-04
14.170596	1.064068806e-03
14.175596	-2.740729830e-03
14.180596	-1.249751091e-03
14.185596	1.407178655e-03
14.190597	2.412691534e-04
14.195597	1.064276059e-03
14.200597	-1.306582727e-03
14.205597	-2.138506188e-03
14.210597	1.264401762e-04
14.215598	1.235435168e-03
14.220598	-1.974629434e-04
14.225598	-5.324071890e-04
14.230598	1.266068035e-04
14.235598	1.350597070e-03
14.240599	-1.402984936e-04
14.245599	-4.272446479e-04
14.250599	7.287485591e-04
14.255599	-9.217509057e-05
14.260600	2.518523085e-04
14.265600	2.998921790e-04
14.270600	-7.040236956e-04
14.275600	-8.099772965e-04
14.280600	-1.468907621e-03
14.285601	-7.998937505e-04
14.290601	7.011169703e-05
14.295601	9.021187691e-04
14.300601	7.401676574e-04
14.305601	-7.037295302e-04
14.310602	9.592426859e-04
14.315602	1.373194021e-04
14.320602	8.543314432e-04
14.325602	-8.665539917e-04
14.330602	-1.975398792e-04
14.335603	6.824653892e-04
14.340603	3.475217647e-04
14.345603	8.455431463e-04
14.350603	9.035830527e-04
14.355604	3.576483787e-04
14.360604	-1.029250912e-03
14.365604	-3.692362349e-04
14.370604	-1.802133539e-03
14.375604	-1.248114352e-03
14.380605	2.287471644e-05
14.385605	2.429079973e-04
14.390605	-1.247986763e-03
14.395605	-1.638927742e-03
14.400605	4.057875356e-03
14.405606	-1.979030798e-04
14.410606	-2.079781296e-03
14.415606	1.620105837e-03
14.420606	2.614106761e-03
14.425606	4.632399324e-04
14.430607	8.129875791e-05
14.435607	1.850267178e-03
14.440607	-1.860533988e-03
14.445607	-1.362512081e-03
14.450608	2.127384063e-03
14.455608	8.051301775e-05
14.460608	-1.084395083e-03
14.465608	1.076557013e-03
14.470608	1.017602466e-03
14.475609	-1.028268518e-03
14.480609	6.747029093e-04
14.485609	-7.021961495e-04
14.490609	-2.441723288e-04
14.495609	1.677789969e-03
14.500610	1.008861221e-03
14.505610	-8.004984292e-05
14.510610	-1.303955206e-03
14.515610	8.459976081e-04
14.520610	-8.548876503e-04
14.525611	-1.948721434e-04
14.530611	-3.283567433e-05
14.535611	-1.638724851e-03
14.540611	1.872417121e-04
14.545612	1.228877628e-02
14.550612	1.500370552e-02
14.555612	8.207034682e-03
14.560612	3.829262171e-03
14.565612	3.839305207e-03
14.570613	3.504362773e-03
14.575613	-2.135356606e-03
14.580613	7.415659722e-04
14.585613	5.607404955e-03
14.590613	6.846555072e-04
14.595614	8.466923032e-04
14.600614	5.053559066e-03
14.605614	9.147767327e-04
14.610614	7.418276873e-04
14.615614	1.563836835e-03
14.620615	1.181896626e-03
14.625615	1.678919488e-03
14.630615	-2.509555918e-04
14.635615	-1.025879204e-03
14.640616	2.730006717e-03
14.645616	-8.537987512e-04
14.650616	-2.631680122e-03
14.655616	1.899173291e-03
14.660616	1.631228486e-03
14.665617	-8.865524967e-05
14.670617	2.071297918e-03
14.675617	4.231251109e-03
14.680617	1.517409236e-03
14.685617	-8.154486310e-04
14.690618	-1.255386058e-03
14.695618	2.660414330e-05
14.700618	5.226274137e-04
14.705618	-1.408247257e-03
14.710618	-2.295165795e-03
14.715619	1.402722931e-03
14.720619	2.290729818e-03
14.725619	9.058322893e-04
14.730619	-8.630490715e-04
14.735620	-1.846963411e-03
14.740620	5.239812244e-04
14.745620	-3.095110290e-05
14.750620	-8.048741992e-04
14.755620	1.068091444e-03
14.760621	-4.138018387e-04
14.765621	-3.657594217e-04
14.770621	3.286131501e-03
14.775621	5.812897064e-04
14.780621	1.796283132e-03
14.785622	6.881113881e-03
14.790622	1.900367843e-03
14.795622	-2.134417942e-03
14.800622	-4.714432564e-04
14.805622	-3.127286970e-03
14.810623	-3.681219031e-03
14.815623	2.766970796e-05
14.820623	-8.622481805e-04
14.825623	5.807358715e-04
14.830624	-3.404051852e-03
14.835624	-2.921392195e-02
14.840624	-3.297171917e-02
14.845624	-6.883771183e-03
14.850624	-7.701252576e-05
14.855625	-2.196804729e-02
14.860625	-3.717736296e-02
14.865625	-1.003845907e-02
14.870625	1.576097548e-03
14.875625	-4.675594658e-03
14.880626	-1.307819641e-02
14.885626	-3.291331748e-02
14.890626	-2.135575838e-02
14.895626	-2.457507877e-03
14.900626	-2.495556398e-04
14.905627	-1.644282973e-02
14.910627	-3.650694106e-02
14.915627	-1.412883677e-02
14.920627	2.781497419e-03
14.925627	-2.744418661e-02
14.930628	-3.583878847e-02
14.935628	-2.064938186e-02
14.940628	-4.182144647e-02
14.945628	-4.717517611e-02
14.950629	-4.750011716e-02
14.955629	-5.048194647e-02
14.960629	-5.436273797e-02
14.965629	-6.143639521e-02
14.970629	-6.193332894e-02
14.975630	-6.728805840e-02
14.980630	-6.021431038e-02
14.985630	-6.365312035e-02
14.990630	-6.203814278e-02
14.995630	-5.258549470e-02
15.000631	-3.728109263e-02
15.005631	-3.501514236e-02
15.010631	-3.419213140e-02
15.015631	-1.063907607e-02
15.020631	-4.503288434e-03
15.025632	-2.570324075e-03
15.030632	7.820284718e-03
15.035632	3.229930121e-02
15.040632	2.351571619e-02
15.045633	9.866335773e-03
15.050633	3.755821725e-02
15.055633	2.208191368e-02
15.060633	2.092500810e-02
15.065633	3.855331275e-02
15.070634	2.334499798e-02
15.075634	3.677347925e-02
15.080634	2.517901259e-02
15.085634	1.595544626e-02
15.090634	4.086644483e-02
15.095635	1.875542038e-02
15.100635	1.445464716e-02
15.105635	3.590579125e-02
15.110635	1.837357436e-02
15.115635	4.446205929e-03
15.120636	4.398253983e-03
15.125636	1.740411787e-03
15.130636	1.358473925e-03
15.135636	1.926276727e-02
15.140637	3.063833513e-02
15.145637	7.936335739e-03
15.150637	4.733516561e-03
15.155637	8.307412489e-03
15.160637	2.794263317e-02
15.165638	3.037157727e-02
15.170638	7.208597371e-03
15.175638	2.341196240e-02
15.180638	3.589648380e-02
15.185638	1.274350354e-02
15.190639	2.556301090e-02
15.195639	3.627960669e-02
15.200639	3.396575035e-02
15.205639	3.507375016e-02
15.210639	3.180493400e-02
15.215640	3.611679915e-02
15.220640	2.285840304e-02
15.225640	3.645087804e-02
15.230640	3.164212672e-02
15.235641	3.341109886e-02
15.240641	2.772438449e-02
15.245641	9.428200280e-03
15.250641	3.572514125e-02
15.255641	3.086839204e-02
15.260642	3.242600143e-03
15.265642	4.399598140e-03
15.270642	2.633772245e-02
15.275642	2.445484829e-02
15.280642	7.545605915e-03
15.285643	3.893806170e-03
15.290643	3.290878260e-03
15.295643	6.430363459e-04
15.300643	-1.851811981e-03
15.305643	3.561419911e-04
15.310644	2.621093587e-03
15.315644	1.637181795e-03
15.320644	-2.446922234e-04
15.325644	-4.076384914e-04
15.330645	-1.516544968e-03
15.335645	3.564232067e-04
15.340645	-8.351135644e-05
15.345645	-4.555276388e-03
15.350645	-1.256689257e-02
15.355646	-2.622727125e-02
15.360646	-1.738459600e-02
15.365646	-7.422486634e-04
15.370646	3.072638004e-03
15.375646	-1.077140448e-03
15.380647	-2.180222200e-02
15.385647	-3.589058256e-02
15.390647	-1.295749961e-02
15.395647	-7.519656141e-04
15.400647	-2.788077785e-02
15.405648	-3.213355186e-02
15.410648	-1.417225980e-02
15.415648	-3.909316481e-02
15.420648	-2.909453793e-02
15.425649	-1.042527558e-02
15.430649	-3.656012950e-02
15.435649	-2.544254961e-02
15.440649	-2.346473314e-03
15.445649	-2.567416678e-03
15.450650	-4.450290150e-03
15.455650	-1.964347283e-03
15.460650	-3.169249222e-03
15.465650	4.246471014e-04
15.470650	5.060499636e-03
15.475651	3.587447729e-04
15.480651	1.738307649e-02
15.485651	3.225649866e-02
15.490651	1.185840378e-02
15.495651	4.172774444e-03
15.500652	1.749726179e-02
15.505652	3.136772620e-02
15.510652	1.976426164e-02
15.515652	7.327832118e-03
15.520653	2.391118253e-02
15.525653	3.031696085e-02
15.530653	1.317772911e-02
15.535653	1.696259506e-03
15.540653	4.785177338e-03
15.545654	3.087212827e-02
15.550654	3.242011093e-02
15.555654	5.501290440e-03
15.560654	-1.457369222e-03
15.565654	1.727889084e-02
15.570655	3.363425101e-02
15.575655	1.555805882e-02
15.580655	2.911638363e-03
15.585655	2.131291258e-02
15.590655	3.413142152e-02
15.595656	1.296735923e-02
15.600656	1.805419328e-02
15.605656	3.965733295e-02
15.610656	1.826328038e-02
15.615657	6.495823089e-03
15.620657	2.977289243e-02
15.625657	2.634208468e-02
15.630657	7.547922871e-03
15.635657	5.674049695e-03
15.640658	1.403304090e-04
15.645658	6.937092726e-03
15.650658	2.330145281e-02
15.655658	1.777673320e-02
15.660658	3.409385374e-03
15.665659	2.299480183e-03
15.670659	1.076579760e-03
15.675659	-2.450223781e-03
15.680659	-1.173178536e-02
15.685659	-2.450320019e-02
15.690660	-9.533781322e-03
15.695660	9.728251936e-04
15.700660	-3.004959302e-03
15.705660	5.229406565e-04
15.710661	-2.621878825e-03
15.715661	-3.224805160e-03
15.720661	-1.969406440e-02
15.725661	-3.240748154e-02
15.730661	-1.058535065e-02
15.735662	1.402467983e-04
15.740662	-2.946575021e-03
15.745662	-2.898528623e-03
15.750662	-4.113429110e-03
15.755662	-2.522049325e-02
15.760663	-3.301911690e-02
15.765663	-8.261109324e-03
15.770663	4.185742541e-04
15.775663	-7.835633575e-05
15.780663	-5.182893055e-04
15.785664	1.202686889e-03
15.790664	-5.154997246e-03
15.795664	-5.326941433e-03
15.800664	-1.267758379e-02
15.805664	-3.367865222e-02
15.810665	-1.494239132e-02
15.815665	2.568921095e-03
15.820665	-2.735807212e-03
15.825665	4.291084050e-04
15.830666	4.761551239e-04
15.835666	-3.892612486e-03
15.840666	-2.062986007e-02
15.845666	-3.566717910e-02
15.850666	-1.340406636e-02
15.855667	1.968336113e-03
15.860667	-1.673461981e-03
15.865667	-1.924754382e-04
15.870667	-9.103964300e-04
15.875667	-4.331203768e-03
15.880668	-4.714138812e-03
15.885668	-2.783171124e-03
15.890668	-1.013281323e-02
15.895668	-1.732246205e-02
15.900668	-1.328858273e-02
15.905669	-4.770891911e-03
15.910669	-6.704072655e-05
15.915669	7.539737204e-04
15.920669	1.047561397e-02
15.925670	1.994026504e-02
15.930670	1.247362798e-02
15.935670	2.790084130e-03
15.940670	3.680095753e-03
15.945670	2.857179409e-03
15.950671	-4.606320272e-04
15.955671	-4.585830257e-04
15.960671	7.829117635e-03
15.965671	1.816173234e-02
15.970671	1.782779551e-02
15.975672	1.148011153e-02
15.980672	6.451372121e-03
15.985672	3.402549482e-03
15.990672	-2.962458158e-04
15.995672	4.787708076e-04
16.000673	1.864761758e-03
16.005673	1.748815870e-03
16.010673	-2.514955614e-03
16.015673	-7.426699842e-03
16.020674	-1.930915098e-02
16.025674	-2.621181148e-02
16.030674	-8.248517402e-03
16.035674	-1.908068490e-04
16.040674	-2.666653416e-03
16.045675	2.084196196e-03
16.050675	-1.336611888e-04
16.055675	-8.975796880e-04
16.060675	1.147383733e-03
16.065675	6.329215283e-03
16.070676	2.108864417e-02
16.075676	2.104869529e-02
16.080676	8.823258747e-03
16.085676	5.612443209e-03
16.090676	2.581620117e-03
16.095677	2.638667216e-03
16.100677	2.304730767e-03
16.105677	-2.371128402e-04
16.110677	9.198880549e-04
16.115678	3.126844820e-03
16.120678	-1.809665413e-04
16.125678	-1.174875173e-03
16.130678	-6.878460547e-04
16.135678	-6.096569045e-03
16.140679	-8.582414910e-03
16.145679	-2.240578409e-02
16.150679	-2.698354198e-02
16.155679	-5.715386500e-03
16.160679	-1.958494775e-03
16.165680	-5.145057945e-04
16.170680	2.248427747e-03
16.175680	-4.564088153e-04
16.180680	-4.573590442e-04
16.185680	-1.452267470e-03
16.190681	-2.063192027e-03
16.195681	-2.177137465e-03
16.200681	1.474758781e-03
16.205681	2.525764391e-03
16.210682	1.181642359e-02
16.215682	2.175905540e-02
16.220682	1.722829572e-02
16.225682	1.026763822e-02
16.230682	3.901955719e-03
16.235683	1.695098379e-03
16.240683	8.631832449e-04
16.245683	7.572376018e-04
16.250683	1.866240891e-03
16.255683	-1.010588229e-03
16.260684	3.185285304e-03
16.265684	7.612149138e-03
16.270684	6.790233661e-03
16.275684	7.575372746e-04
16.280684	1.302564352e-03
16.285685	7.219365595e-03
16.290685	5.240498811e-03
16.295685	7.612449116e-03
16.300685	7.937485493e-03
16.305686	3.635716409e-03
16.310686	2.129103822e-04
16.315686	2.029608805e-04
16.320686	3.846857771e-03
16.325686	4.620875334e-03
16.330687	2.364020336e-03
16.335687	4.811496277e-04
16.340687	-2.453676841e-03
16.345687	-1.787223341e-04
16.350687	3.636167441e-03
16.355688	3.193570687e-04
16.360688	9.213819476e-04
16.365688	9.946670558e-05
16.370688	-1.287424771e-03
16.375688	-2.454183544e-04
16.380689	4.261977339e-05
16.385689	1.208621001e-03
16.390689	2.584613411e-03
16.395689	1.475710306e-03
16.400690	-1.679106770e-03
16.405690	-1.009084643e-03
16.410690	-1.770693150e-04
16.415690	-1.400967538e-03
16.420690	-1.223146186e-02
16.425691	-3.090962622e-02
16.430691	-1.847309874e-02
16.435691	-6.177990688e-04
16.440691	1.370167728e-03
16.445691	1.085230097e-03
16.450692	-1.896594136e-03
16.455692	-2.500518334e-03
16.460692	-1.783498056e-03
16.465692	-2.891401042e-03
16.470692	-5.262250918e-03
16.475693	-1.066376869e-03
16.480693	-6.833425055e-04
16.485693	-5.147104355e-03
16.490693	-1.680956354e-02
16.495694	-1.787146839e-02
16.500694	-1.161968072e-02
16.505694	-7.421806693e-03
16.510694	8.088977954e-04
16.515694	1.534917816e-03
16.520695	6.550053660e-04
16.525695	2.050748491e-04
16.530695	-1.954783766e-03
16.535695	-8.927778285e-04
16.540695	4.323341711e-05
16.545696	-1.399655310e-03
16.550696	2.634225712e-03
16.555696	1.037343481e-03
16.560696	-2.059475678e-03
16.565696	-3.827350699e-03
16.570697	-8.924234314e-04
16.575697	-3.953936560e-04
16.580697	-3.712203524e-03
16.585697	-3.388166455e-03
16.590697	-6.312992782e-03
16.595698	-1.880641680e-02
16.600698	-2.720901281e-02
16.605698	-1.034667102e-02
16.610698	3.628792147e-03
16.615699	1.420935726e-03
16.620699	-2.823835046e-03
16.625699	-1.665832958e-03
16.630699	-4.048351904e-04
16.635699	-1.277960441e-04
16.640700	-7.867175372e-04
16.645700	4.795098598e-03
16.650700	1.717562890e-02
16.655700	1.585573523e-02
16.660700	9.603048956e-03
16.665701	6.726220760e-03
16.670701	3.524406237e-03
16.675701	4.193428981e-03
16.680701	1.870577522e-03
16.685701	1.584640435e-03
16.690702	1.699686499e-03
16.695702	7.047792377e-04
16.700702	2.147769489e-03
16.705702	2.169015977e-04
16.710703	-9.010004640e-04
16.715703	9.829712749e-04
16.720703	-2.554829028e-03
16.725703	1.861036281e-03
16.730703	4.356982318e-03
16.735704	-3.213648404e-03
16.740704	-1.173202981e-05
16.745704	2.196226143e-03
16.750704	1.033651447e-04
16.755704	-3.663425467e-03
16.760705	-3.223392938e-03
16.765705	-3.988309740e-03
16.770705	-1.503879409e-02
16.775705	-2.465433877e-02
16.780705	-1.665362408e-02
16.785706	-2.554165796e-03
16.790706	-2.312123783e-04
16.795706	-1.952088936e-03
16.800706	-1.731126310e-04
16.805707	2.659200186e-04
16.810707	-1.674947264e-03
16.815707	1.365976010e-03
16.820707	6.010593031e-04
16.825707	-5.078429331e-04
16.830708	1.088141117e-03
16.835708	-1.004719734e-03
16.840708	-5.770838250e-05
16.845708	-5.865716742e-05
16.850708	-2.219515134e-03
16.855709	3.249306130e-03
16.860709	3.851332019e-03
16.865709	-1.119407787e-03
16.870709	-1.883324454e-03
16.875709	9.846061930e-04
16.880710	1.088653050e-03
16.885710	-2.056163491e-03
16.890710	-5.071773678e-04
16.895710	9.838112019e-04
16.900711	-4.500772492e-04
16.905711	-1.730376255e-04
16.910711	6.499790513e-04
16.915711	-1.557876836e-03
16.920711	-6.788818583e-05
16.925712	1.376102406e-03
16.930712	-2.197791879e-04
16.935712	-6.773426309e-05
16.940712	-1.236805861e-04
16.945712	-8.405991122e-04
16.950713	-2.295734620e-04
16.955713	5.444453429e-04
16.960713	-1.724731610e-04
16.965713	-5.634053631e-04
16.970713	1.147574071e-03
16.975714	-1.143214986e-04
16.980714	1.507509127e-02
16.985714	2.817059208e-02
16.990714	1.198732388e-02
16.995715	4.416693580e-03
17.000715	4.406745410e-03
17.005715	2.476877967e-03
17.010715	3.830174255e-04
17.015715	-1.280861187e-03
17.020716	1.148088132e-03
17.025716	6.185927771e-03
17.030716	1.502760749e-02
17.035716	1.690158016e-02
17.040716	1.580267783e-02
17.045717	8.116052476e-03
17.050717	3.355304114e-03
17.055717	4.302315785e-03
17.060717	-1.704446715e-04
17.065717	7.095698297e-04
17.070718	1.702579587e-03
17.075718	1.759628701e-03
17.080718	5.909505746e-03
17.085718	1.414021123e-02
17.090719	1.938704216e-02
17.095719	1.502727700e-02
17.100719	7.180658443e-03
17.105719	1.426951898e-03
17.110719	3.251926727e-03
17.115720	4.579922457e-03
17.120720	4.311484539e-04
17.125720	1.483155799e-03
17.130720	1.598202543e-03
17.135720	-2.387578294e-03
17.140721	-1.336570889e-03
17.145721	-5.525522527e-04
17.150721	7.674438551e-04
17.155721	1.703456113e-03
17.160721	3.275655759e-04
17.165722	1.818554512e-03
17.170722	-2.853054071e-04
17.175722	-1.995181885e-03
17.180722	-1.692070157e-04
17.185723	-1.116115560e-03
17.190723	-1.279057059e-03
17.195723	1.149892475e-03
17.200723	2.363893096e-03
17.205723	7.190139185e-04
17.210724	1.542030988e-03
17.215724	-3.046724408e-03
17.220724	-6.908510364e-03
17.225724	-1.874196116e-02
17.230724	-3.339629335e-02
17.235725	-1.194714344e-02
17.240725	2.315308619e-03
17.245725	-1.774467725e-03
17.250725	1.542444534e-03
17.255725	2.144470941e-03
17.260726	-1.000345117e-03
17.265726	-3.983167981e-03
17.270726	-5.646046335e-03
17.275726	-3.935066532e-03
17.280727	-1.001138141e-03
17.285727	-1.691641726e-02
17.290727	-2.957183343e-02
17.295727	-1.172553199e-02
17.300727	2.086939045e-03
17.305728	-1.109167836e-04
17.310728	-2.433767352e-03
17.315728	-1.391759386e-03
17.320728	5.123172547e-05
17.325728	2.142766549e-04
17.330729	2.723260031e-04
17.335729	6.633613559e-04
17.340729	-8.375237444e-04
17.345729	-3.974904431e-04
17.350729	-2.328357457e-03
17.355730	-4.144229301e-03
17.360730	-2.271256233e-03
17.365730	-2.882178729e-03
17.370730	-1.553182782e-03
17.375731	-1.669549432e-02
17.380731	-3.133982680e-02
17.385731	-1.039665548e-02
17.390731	3.196824843e-03
17.395731	-2.050902683e-03
17.400732	-2.709823133e-03
17.405732	8.170804343e-04
17.410732	1.601099326e-03
17.415732	5.321626135e-05
17.420732	5.492472680e-04
17.425733	-3.809517610e-03
17.430733	-4.650430387e-03
17.435733	-1.448513134e-03
17.440733	-4.985312559e-03
17.445733	-9.285079903e-03
17.450734	-1.586275147e-02
17.455734	-2.050950422e-02
17.460734	-9.400919375e-03
17.465734	-2.270167282e-03
17.470734	-1.161162013e-03
17.475735	1.152792601e-03
17.480735	-1.055062671e-03
17.485735	8.849076716e-04
17.490735	-9.979612575e-04
17.495736	-2.163860327e-03
17.500736	2.041014801e-03
17.505736	-1.609779790e-03
17.510736	1.153155969e-03
17.515736	1.439195866e-03
17.520737	-1.437631255e-03
17.525737	2.163511353e-04
17.530737	1.325356442e-03
17.535737	2.164549987e-04
17.540737	-2.383383757e-03
17.545738	2.745564346e-04
17.550738	-1.112333313e-03
17.555738	-1.390269681e-03
17.560738	2.539617042e-03
17.565738	4.457570256e-04
17.570739	8.287928750e-04
17.575739	-1.171153999e-04
17.580739	-1.333012321e-03
17.585739	1.545918600e-03
17.590740	-1.435904071e-03
17.595740	-1.759050805e-04
17.600740	-3.948439080e-04
17.605740	-1.875729677e-03
17.610740	-6.057310997e-04
17.615741	-3.654550943e-03
17.620741	2.173382461e-04
17.625741	1.326343598e-03
17.630741	-4.995276560e-04
17.635741	-6.049413213e-05
17.640742	4.945345168e-04
17.645742	-3.843765448e-04
17.650742	-1.173357842e-04
17.655742	-7.762560912e-04
17.660742	-1.655167147e-03
17.665743	9.337759981e-04
17.670743	1.325811510e-03
17.675743	8.868819611e-04
17.680743	1.609644792e-04
17.685744	1.766948958e-03
17.690744	-1.649178186e-04
17.695744	1.375069438e-03
17.700744	2.207086461e-03
17.705744	-1.158720023e-03
17.710745	-1.885637454e-03
17.715745	1.881256181e-03
17.720745	7.245082678e-03
17.725745	8.067100128e-03
17.730745	7.731166264e-03
17.735746	7.397232317e-03
17.740746	1.436599134e-02
17.745746	1.409805462e-02
17.750746	3.373557532e-03
17.755746	2.646640111e-03
17.760747	4.644608128e-03
17.765747	5.528321794e-04
17.770747	-1.640856588e-04
17.775747	2.923836536e-03
17.780748	-3.349744311e-04
17.785748	-4.473748401e-03
17.790748	1.051071341e-03
17.795748	1.078071430e-02
17.800748	2.696508588e-02
17.805749	2.210134239e-02
17.810749	4.645128335e-03
17.815749	2.322278021e-03
17.820749	4.865223134e-03
17.825749	2.542372822e-03
17.830750	-4.974473463e-04
17.835750	1.499520723e-03
17.840750	-1.444303481e-03
17.845750	6.184427811e-03
17.850750	1.990190311e-02
17.855751	1.613511351e-02
17.860751	1.039040706e-02
17.865751	9.292505253e-03
17.870751	2.647836647e-03
17.875752	0.000000000e+00
