expfull_T9_run12
3491	0
0.000000	0.000000000e+00
0.005000	8.888825311e-04
0.010001	1.338789307e-03
0.015001	-2.051152831e-07
0.020001	-1.722639877e-04
0.025001	-1.549256311e-03
0.030002	5.545591198e-04
0.035002	-1.624696529e-04
0.040002	-1.330473518e-03
0.045002	1.213317614e-03
0.050003	1.271246042e-03
0.055003	-1.606663383e-03
0.060003	-7.177808482e-04
0.065004	1.271040937e-03
0.070004	1.594954677e-03
0.075004	9.349227608e-04
0.080004	-4.809131600e-05
0.085005	-1.932055632e-03
0.090005	-1.445150891e-03
0.095005	1.824600153e-03
0.100006	5.662943380e-05
0.105006	-8.323898294e-04
0.110006	-3.844829302e-04
0.115006	-2.047459445e-03
0.120007	1.043533493e-04
0.125007	1.269220654e-03
0.130007	1.049164450e-03
0.135007	5.531234908e-04
0.140008	-1.598826011e-03
0.145008	-1.550897011e-03
0.150008	-3.360324601e-04
0.155009	1.881776700e-03
0.160009	4.367881588e-04
0.165009	-8.922067868e-04
0.170009	2.148556926e-03
0.175010	5.525767302e-04
0.180010	-3.481268820e-03
0.185010	7.714279636e-04
0.190010	2.597258786e-03
0.195011	-1.054607855e-03
0.200011	-5.973113490e-05
0.205011	3.321788896e-04
0.210012	-3.278529845e-04
0.215012	2.702911300e-03
0.220012	1.095931731e-03
0.225012	-6.160420373e-04
0.230013	8.278099000e-04
0.235013	-1.818112281e-03
0.240013	-3.100109789e-03
0.245014	4.936234179e-04
0.250014	1.545497015e-03
0.255014	-1.184793882e-04
0.260014	-3.855329409e-04
0.265015	-1.772524636e-03
0.270015	-6.068747783e-05
0.275015	3.256061044e-03
0.280015	5.501422022e-04
0.285016	-1.322822641e-03
0.290016	-2.809484677e-04
0.295016	-1.227964445e-03
0.300017	1.208832693e-03
0.305017	9.427791128e-04
0.310017	-8.831883093e-04
0.315017	-4.542802654e-04
0.320018	-1.763638788e-04
0.325018	2.653411571e-03
0.330018	-2.814945896e-04
0.335019	-1.668486239e-03
0.340019	6.073198183e-04
0.345019	-1.160650782e-03
0.350019	2.142050427e-04
0.355020	2.721336053e-04
0.360020	-6.158855832e-04
0.365020	2.203890450e-03
0.370020	-1.104995026e-03
0.375021	-1.545038944e-03
0.380021	-2.821769098e-04
0.385021	-1.668168575e-03
0.390022	5.976380749e-04
0.395022	9.885482798e-04
0.400022	1.207467988e-03
0.405022	1.542381295e-03
0.410023	-1.324528557e-03
0.415023	-2.433535493e-03
0.420023	-5.737763632e-06
0.425023	1.811093714e-03
0.430024	7.690830917e-04
0.435024	-1.689332699e-04
0.440024	1.531904629e-03
0.445025	3.289029121e-04
0.450025	-8.281013400e-04
0.455025	-1.449135189e-03
0.460025	8.156715812e-04
0.465026	-1.163287259e-03
0.470026	-7.133802411e-04
0.475026	1.656420746e-03
0.480027	-2.883396642e-03
0.485027	-3.986019957e-04
0.490027	5.372782029e-04
0.495027	1.589152001e-03
0.500028	-5.507979108e-04
0.505028	-2.168844490e-04
0.510028	2.315907574e-03
0.515028	-1.784934020e-03
0.520029	-1.336026893e-03
0.525029	3.278131396e-04
0.530029	-1.059178324e-03
0.535030	1.320622177e-03
0.540030	2.535487024e-03
0.545030	5.475287700e-04
0.550030	-3.994869698e-04
0.555031	-1.393500108e-03
0.560031	-6.666082857e-04
0.565031	3.842656489e-04
0.570031	1.206152237e-03
0.575032	-2.942686634e-03
0.580032	-6.591352578e-05
0.585032	2.199893333e-03
0.590033	-7.720105213e-04
0.595033	1.043821203e-03
0.600033	-8.981395225e-04
0.605033	-1.222189599e-03
0.610034	6.046415376e-04
0.615034	1.377530890e-03
0.620034	6.505030908e-04
0.625035	-7.824857115e-04
0.630035	-2.551455950e-03
0.635035	-1.615575572e-03
0.640035	8.702192108e-04
0.645036	1.043141742e-03
0.650036	-1.938761479e-03
0.655036	4.906082897e-05
0.660036	2.589852603e-03
0.665037	4.879008047e-04
0.670037	-3.911185293e-04
0.675037	-1.338134100e-03
0.680038	-1.557189869e-03
0.685038	-8.892946177e-04
0.690038	3.527393595e-03
0.695038	1.864417597e-03
0.700039	-1.730451695e-03
0.705039	1.319312036e-03
0.710039	2.193049682e-04
0.715039	-1.395673650e-03
0.720040	-6.681484913e-05
0.725040	1.481031865e-03
0.730040	1.920939779e-03
0.735041	-2.610877710e-03
0.740041	3.718897774e-04
0.745041	-8.311115461e-04
0.750041	-1.386148649e-03
0.755042	3.143533427e-03
0.760042	4.866124283e-04
0.765042	1.525631456e-04
0.770043	-1.616406878e-03
0.775043	-1.722468735e-03
0.780043	7.163288624e-04
0.785043	3.722801661e-04
0.790044	4.862061844e-04
0.795044	4.291416552e-04
0.800044	-2.408890108e-04
0.805044	-6.129361258e-04
0.810045	-3.350191296e-04
0.815045	1.508863883e-04
0.820045	1.698733264e-03
0.825046	4.675687566e-05
0.830046	-7.282679377e-04
0.835046	-7.863323399e-04
0.840046	-7.274031944e-04
0.845047	-1.665418978e-03
0.850047	-5.665472504e-04
0.855047	1.307281686e-03
0.860047	5.432563205e-04
0.865048	2.531078979e-03
0.870048	3.701307859e-04
0.875048	-1.005860751e-03
0.880049	-6.709467730e-04
0.885049	-5.660200825e-04
0.890049	1.974772084e-03
0.895049	-6.151523685e-04
0.900050	-1.780155510e-03
0.905050	1.813578532e-03
0.910050	1.478529572e-03
0.915051	-9.014064387e-04
0.920051	-1.340449635e-03
0.925051	1.039351493e-03
0.930051	-1.265782882e-05
0.935052	-9.596729392e-04
0.940052	-3.377746908e-04
0.945052	8.760908733e-04
0.950052	3.408883603e-03
0.955053	1.143941324e-03
0.960053	-3.377876297e-03
0.965053	-1.562043938e-03
0.970054	-4.621720248e-04
0.975054	-1.112203454e-03
0.980054	2.066563858e-04
0.985054	-4.533744693e-04
0.990055	1.591445297e-03
0.995055	1.525381659e-03
1.000055	-1.284530425e-03
1.005056	4.432891656e-05
1.010056	-5.677045346e-04
1.015056	-1.065744270e-03
1.020056	-1.198637433e-04
1.025057	8.750140889e-04
1.030057	7.509537317e-04
1.035057	-1.781973572e-03
1.040057	-6.731020013e-04
1.045058	1.037736334e-03
1.050058	-2.557132284e-03
1.055058	7.596173792e-04
1.060059	2.250467899e-03
1.065059	-5.114466881e-04
1.070059	3.204402497e-04
1.075059	-1.726513801e-03
1.080060	2.136205766e-03
1.085060	1.534171936e-03
1.090060	-1.773712438e-03
1.095060	-1.180812242e-03
1.100061	1.743959177e-03
1.105061	2.039771977e-04
1.110061	-2.777925132e-03
1.115062	1.428775522e-03
1.120062	-8.941631778e-04
1.125062	-1.239211105e-03
1.130062	1.197587338e-03
1.135063	4.158422531e-05
1.140063	-9.514278772e-04
1.145063	-5.115191078e-04
1.150064	3.741179093e-03
1.155064	4.232954314e-04
1.160064	-1.459667468e-03
1.165064	-1.778051495e-04
1.170065	-1.228813973e-03
1.175065	1.369975637e-03
1.180065	2.609700431e-04
1.185065	-4.650566902e-04
1.190066	5.958178984e-04
1.195066	-2.931998067e-04
1.200066	3.077002126e-04
1.205067	-1.126287367e-03
1.210067	-2.941253892e-03
1.215067	2.259392121e-03
1.220067	2.201328588e-03
1.225068	-2.292489943e-03
1.230068	1.025260104e-03
1.235068	2.698101013e-03
1.240068	-2.110700081e-03
1.245069	-1.688239496e-05
1.250069	1.531965403e-03
1.255069	-1.506933402e-03
1.260070	1.459086802e-04
1.265070	-1.069090832e-03
1.270070	2.597691716e-04
1.275070	-8.972335160e-04
1.280071	-5.713180915e-04
1.285071	2.630438513e-03
1.290071	-8.494358391e-04
1.295072	-2.397416876e-03
1.300072	4.313603708e-04
1.305072	2.143199321e-03
1.310072	-4.667230221e-04
1.315073	-1.404737691e-03
1.320073	5.940854524e-04
1.325073	-3.529286904e-04
1.330073	-1.184949170e-03
1.335074	2.257794269e-03
1.340074	1.538440678e-04
1.345074	-2.456078174e-03
1.350075	3.077028085e-04
1.355075	2.304526165e-03
1.360075	-5.643817283e-04
1.365075	-1.847820758e-05
1.370076	6.414190322e-04
1.375076	-2.121494670e-03
1.380076	1.692228413e-03
1.385076	6.502196950e-04
1.390077	-5.727790118e-04
1.395077	7.560813567e-04
1.400077	4.780304906e-04
1.405078	-6.309744662e-04
1.410078	-8.980259090e-04
1.415078	3.785622525e-05
1.420078	-9.571549811e-04
1.425079	-2.399141485e-03
1.430079	2.628514706e-03
1.435079	3.249414299e-03
1.440080	-8.504253643e-04
1.445080	-9.654850923e-04
1.450080	-3.117432307e-03
1.455080	9.532420082e-05
1.460081	7.072243702e-04
1.465081	8.591499602e-04
1.470081	5.830992035e-04
1.475081	3.140480762e-04
1.480082	1.422920862e-03
1.485082	5.919008048e-04
1.490082	2.468539235e-04
1.495083	4.767753028e-04
1.500083	-2.008153360e-03
1.505083	-4.168099954e-03
1.510083	2.025492099e-03
1.515084	1.633447895e-03
1.520084	9.346710924e-05
1.525084	1.364331096e-03
1.530085	-1.348584875e-03
1.535085	-6.316902592e-04
1.540085	-1.617701574e-03
1.545085	-5.758248735e-04
1.550086	1.356002692e-03
1.555086	2.090003191e-04
1.560086	1.354871327e-03
1.565086	8.578330907e-04
1.570087	4.287911158e-04
1.575087	5.907165188e-04
1.580087	-2.230193318e-03
1.585088	-4.133592817e-04
1.590088	6.965138177e-04
1.595088	-1.120451415e-03
1.600088	1.019364835e-03
1.605089	1.631265490e-03
1.610089	3.132727506e-04
1.615089	-1.617686116e-03
1.620089	-2.172720959e-03
1.625090	1.182028278e-03
1.630090	4.760018109e-04
1.635090	-1.454956985e-03
1.640091	3.018805582e-04
1.645091	5.897992485e-04
1.650091	1.201700063e-03
1.655091	1.085641101e-03
1.660092	1.396279959e-04
1.665092	3.025536618e-04
1.670092	-6.244604565e-04
1.675093	1.641349103e-03
1.680093	-2.516116294e-04
1.685093	-1.906585487e-03
1.690093	9.131935310e-04
1.695094	-5.197925506e-04
1.700094	-4.618609576e-04
1.705094	1.028991513e-03
1.710094	-6.249823074e-04
1.715095	-2.230958760e-03
1.720095	2.385157282e-05
1.725095	-2.321094204e-05
1.730096	-4.622517890e-04
1.735096	1.409579753e-03
1.740096	1.304520498e-03
1.745096	1.395198024e-04
1.750097	-3.005209136e-04
1.755097	-1.017546313e-03
1.760097	-1.856572394e-04
1.765097	8.652197581e-04
1.770098	-1.294725890e-03
1.775098	3.313584777e-05
1.780098	2.622927908e-03
1.785099	-6.929538394e-04
1.790099	-2.556915758e-03
1.795099	-4.630962460e-04
1.800099	1.388056843e-04
1.805100	1.629658537e-03
1.810100	-1.393085494e-04
1.815100	-5.703495104e-04
1.820101	1.628464301e-03
1.825101	-4.164874840e-04
1.830101	6.453891602e-04
1.835101	-4.636142774e-04
1.840102	-3.561507848e-03
1.845102	-1.239700730e-03
1.850102	3.673963258e-03
1.855102	8.550543396e-04
1.860103	-2.671815458e-03
1.865103	9.119220434e-04
1.870103	-4.660663972e-04
1.875104	-6.271220290e-04
1.880104	2.020667226e-03
1.885104	3.566946417e-04
1.890104	-4.173270745e-04
1.895105	-1.679321819e-03
1.900105	1.375134118e-04
1.905105	-3.605234853e-04
1.910105	-8.475609693e-04
1.915106	5.292986239e-04
1.920106	8.532163922e-04
1.925106	-8.577534312e-04
1.930107	3.091178222e-04
1.935107	3.453879857e-03
1.940107	-1.019937310e-03
1.945107	-1.956949796e-03
1.950108	1.406800207e-03
1.955108	-8.318169492e-05
1.960108	-1.354175671e-03
1.965109	-1.460233965e-03
1.970109	1.196555169e-03
1.975109	1.741460964e-03
1.980109	-1.689413636e-03
1.985110	-1.680478196e-03
1.990110	1.453569179e-04
1.995110	1.188235296e-03
2.000110	-2.676160102e-05
2.005111	-3.618070764e-04
2.010111	2.980925189e-04
2.015111	1.930343847e-04
2.020112	-5.239899285e-04
2.025112	6.318823396e-04
2.030112	2.850695923e-03
2.035112	1.253720276e-03
2.040113	-1.079214702e-03
2.045113	-1.967229462e-03
2.050113	-4.773755294e-04
2.055113	1.463453518e-03
2.060114	-5.714978294e-04
2.065114	7.473656136e-04
2.070114	1.913326301e-04
2.075115	-1.462639692e-03
2.080115	-8.017398418e-04
2.085115	-8.018034643e-04
2.090115	3.640685408e-04
2.095116	1.185959567e-03
2.100116	5.169329590e-04
2.105116	3.068810248e-04
2.110117	-1.070106436e-03
2.115117	-1.022172574e-03
2.120117	2.396942661e-04
2.125117	1.797544781e-03
2.130118	2.005695618e-04
2.135118	-3.346297942e-03
2.140118	4.114311428e-04
2.145118	8.513434945e-04
2.150119	-2.189551885e-03
2.155119	8.602163704e-04
2.160119	1.081140886e-03
2.165120	-4.208394175e-04
2.170120	1.184008711e-03
2.175120	3.629908440e-04
2.180120	-1.241983701e-03
2.185121	-2.628970263e-03
2.190121	-3.071616381e-04
2.195121	3.287576706e-03
2.200122	2.513556361e-03
2.205122	3.046152913e-04
2.210122	-1.023374410e-03
2.215122	-9.184432279e-04
2.220123	-1.635466625e-03
2.225123	2.473664106e-04
2.230123	-1.301610990e-03
2.235123	-5.267167141e-04
2.240124	2.073076796e-03
2.245124	1.079068817e-03
2.250124	-1.463853591e-03
2.255125	-6.419618144e-04
2.260125	-3.005841570e-05
2.265125	1.184811705e-03
2.270125	1.623724707e-03
2.275126	-3.902032836e-03
2.280126	4.666631715e-04
2.285126	1.136563489e-03
2.290126	-1.186370873e-03
2.295127	1.784402416e-03
2.300127	-6.425261533e-04
2.305127	-3.556045847e-04
2.310128	1.078253663e-03
2.315128	-3.074762147e-05
2.320128	-5.847795322e-04
2.325128	-1.023817769e-03
2.330129	1.622973588e-03
2.335129	7.899571606e-04
2.340129	-1.074002302e-03
2.345130	-5.280948376e-04
2.350130	-1.461782904e-04
2.355130	3.037345265e-04
2.360130	-8.622633840e-04
2.365131	5.225978462e-04
2.370131	-1.364280137e-04
2.375131	-1.359422700e-03
2.380131	2.118323016e-03
2.385132	3.023611306e-04
2.390132	-8.767948326e-05
2.395132	-5.857141069e-04
2.400133	-4.727824486e-04
2.405133	1.736033479e-03
2.410133	-7.488913307e-04
2.415133	-2.239871010e-03
2.420134	-3.090396520e-04
2.425134	3.598614292e-04
2.430134	2.581792946e-05
2.435134	-7.592006367e-04
2.440135	-3.230268045e-05
2.445135	2.070519309e-03
2.450135	-1.362352937e-03
2.455136	8.250544520e-05
2.460136	4.654225047e-04
2.465136	-8.165684561e-04
2.470136	1.343250517e-03
2.475137	-1.351662354e-03
2.480137	-4.147757850e-04
2.485137	7.890960652e-04
2.490138	-4.718959227e-04
2.495138	1.970055275e-04
2.500138	-3.304334633e-05
2.505138	1.017837061e-03
2.510139	-1.697074520e-03
2.515139	-7.021909667e-04
2.520139	1.190643019e-03
2.525139	-1.483444730e-04
2.530140	6.835481633e-04
2.535140	-4.724493816e-04
2.540140	4.054407683e-04
2.545141	-4.155752234e-04
2.550141	-6.356243795e-04
2.555141	9.022294022e-04
2.560141	4.061955434e-04
2.565142	-2.538292307e-04
2.570142	-4.258809283e-04
2.575142	2.430209554e-04
2.580142	2.011862117e-03
2.585143	-8.080432566e-04
2.590143	-2.080034094e-03
2.595143	1.287828501e-04
2.600144	1.121666978e-03
2.605144	-3.023153814e-04
2.610144	-1.687299867e-03
2.615144	7.305056456e-04
2.620145	1.016428931e-03
2.625145	1.408346390e-03
2.630145	-1.305564587e-03
2.635146	2.432890302e-04
2.640146	-2.547442742e-04
2.645146	-2.634673613e-03
2.650146	2.173000103e-03
2.655147	2.449924082e-03
2.660147	-1.190935530e-03
2.665147	-4.750357388e-04
2.670147	4.618518754e-04
2.675148	-2.798028693e-03
2.680148	-3.524186696e-05
2.685148	1.618606235e-03
2.690149	-9.335973988e-05
2.695149	2.415612639e-04
2.700149	-1.191420062e-03
2.705149	2.245245463e-05
2.710150	1.340319256e-03
2.715150	-2.301539986e-03
2.720150	7.926816677e-05
2.725151	2.067098053e-03
2.730151	-8.678001483e-04
2.735151	2.890756897e-04
2.740151	4.610059556e-04
2.745152	-1.860926013e-03
2.750152	-8.670410851e-04
2.755152	1.358433745e-04
2.760152	-1.585121698e-03
2.765153	8.426841219e-04
2.770153	4.606451593e-04
2.775153	-4.183663259e-04
2.780154	1.512467030e-03
2.785154	2.611346364e-03
2.790154	1.951322873e-03
2.795154	-3.517435001e-03
2.800155	-4.672431096e-03
2.805155	-3.674698162e-05
2.810155	1.062132501e-03
2.815155	2.505992960e-03
2.820156	-4.189052629e-04
2.825156	-1.641897453e-03
2.830156	3.881737769e-03
2.835157	1.348850323e-04
2.840157	-2.293040519e-03
2.845157	9.567203799e-04
2.850157	-1.204219857e-03
2.855158	-1.523375081e-04
2.860158	-6.483696375e-04
2.865158	-2.303337728e-03
2.870159	1.914650183e-04
2.875159	9.093659341e-04
2.880159	1.062298084e-03
2.885159	-9.469738846e-05
2.890160	-1.634671678e-03
2.895160	1.821686651e-04
2.900160	2.332990593e-03
2.905160	2.390469912e-04
2.910161	-4.769726830e-04
2.915161	-3.730376127e-04
2.920161	-1.148053967e-03
2.925162	-1.644085698e-03
2.930162	7.937205640e-04
2.935162	9.566524995e-04
2.940162	-5.923209849e-04
2.945163	2.618442680e-03
2.950163	1.117466607e-03
2.955163	-1.806430847e-03
2.960163	-3.858739524e-05
2.965164	4.573263365e-04
2.970164	-5.826750714e-04
2.975164	-2.198644637e-03
2.980165	1.452094947e-03
2.985165	6.870784456e-04
2.990165	-2.198820887e-03
2.995165	1.239921330e-04
3.000166	1.068881288e-03
3.005166	1.808717060e-04
3.010166	-3.917473600e-05
3.015167	-9.761815483e-04
3.020167	-6.412585779e-04
3.025167	1.509564132e-03
3.030167	5.055611150e-04
3.035168	4.575053331e-04
3.040168	8.494252832e-04
3.045168	-1.148522742e-03
3.050168	-2.639498734e-03
3.055169	1.451217026e-03
3.060169	1.289167701e-03
3.065169	-7.567775447e-04
3.070170	2.329993761e-03
3.075170	1.800543237e-04
3.080170	-2.524854430e-03
3.085170	1.785849375e-03
3.090171	1.507806649e-03
3.095171	-2.688019663e-03
3.100171	1.227670797e-04
3.105171	-7.672417488e-04
3.110172	-1.092281748e-03
3.115172	2.617455443e-03
3.120172	3.334357963e-03
3.125173	-2.420382054e-03
3.130173	-4.456327429e-03
3.135173	9.533160074e-04
3.140173	1.287239810e-03
3.145174	-7.577049685e-04
3.150174	-5.377748038e-04
3.155174	2.004027156e-03
3.160175	1.335006484e-03
3.165175	1.010966792e-03
3.170175	-8.149899161e-04
3.175175	-2.143974039e-03
3.180176	-8.151049220e-04
3.185176	1.579173124e-05
3.190176	-9.825939239e-05
3.195176	6.756404756e-04
3.200177	7.895768271e-04
3.205177	1.115501504e-03
3.210177	-1.035436988e-03
3.215178	-9.215005356e-04
3.220178	1.229323452e-03
3.225178	-2.136540392e-04
3.230178	1.782671609e-04
3.235179	-1.971671217e-03
3.240179	-6.438016423e-04
3.245179	4.550806137e-04
3.250179	6.650120007e-04
3.255180	-5.389784869e-04
3.260180	-9.210143373e-04
3.265180	1.123815810e-03
3.270181	-4.241555774e-04
3.275181	4.547390330e-04
3.280181	-9.928718172e-05
3.285181	-1.208282711e-03
3.290182	1.275523362e-03
3.295182	9.514845484e-04
3.300182	4.074579188e-04
3.305183	6.263891852e-04
3.310183	-2.250508530e-03
3.315183	-3.082519151e-03
3.320183	2.720103830e-03
3.325184	2.108081129e-03
3.330184	-2.423725047e-03
3.335184	-4.248918778e-04
3.340184	8.359820843e-04
3.345185	2.221849178e-03
3.350185	-8.640367176e-04
3.355185	-1.764043305e-03
3.360186	1.666710954e-03
3.365186	-7.022144348e-04
3.370186	-4.352853673e-04
3.375186	1.363368399e-05
3.380187	-2.054103378e-04
3.385187	1.668430085e-03
3.390187	-1.582446417e-03
3.395188	-1.315517174e-03
3.400188	2.107237808e-03
3.405188	-2.066903366e-04
3.410188	-1.811657602e-03
3.415189	-1.811713471e-03
3.420189	-1.650778196e-03
3.425189	5.580440084e-04
3.430189	1.227951243e-03
3.435190	-1.490284356e-04
3.440190	-3.210746279e-04
3.445190	-9.910932813e-04
3.450191	7.297560528e-04
3.455191	2.173620721e-03
3.460191	1.176787196e-04
3.465191	1.362895100e-05
3.470192	9.495217820e-04
3.475192	1.274448393e-03
3.480192	-1.917430726e-03
3.485192	-1.860489242e-03
3.490193	1.169288087e-03
3.495193	1.666205343e-03
3.500193	6.142081827e-04
3.505194	-1.812713004e-03
3.510194	4.621061667e-04
3.515194	-1.651832234e-03
3.520194	-2.042865754e-03
3.525195	8.449196717e-04
3.530195	-1.500804186e-04
3.535195	1.942748986e-03
3.540196	-4.519619059e-05
3.545196	-1.651162427e-03
3.550196	1.225623789e-03
3.555196	2.659489735e-03
3.560197	-8.763698032e-04
3.565197	-1.641382339e-03
3.570197	5.664409712e-04
3.575197	-7.625403428e-04
3.580198	-1.594549068e-03
3.585198	7.762653513e-04
3.590198	6.712165501e-04
3.595199	-7.057619649e-04
3.600199	-1.028497929e-04
3.605199	2.496952128e-03
3.610199	9.479832230e-04
3.615200	-2.368888002e-03
3.620200	-2.531933377e-03
3.625200	-3.711070632e-04
3.630200	1.502735139e-03
3.635201	1.052705726e-03
3.640201	-2.254165865e-03
3.645201	-7.633023986e-04
3.650202	2.543460813e-03
3.655202	-2.184407646e-04
3.660202	-7.534652951e-04
3.665202	-9.255098354e-04
3.670203	-4.661238192e-05
3.675203	6.222967071e-04
3.680203	1.549191585e-03
3.685204	-3.337583100e-04
3.690204	-8.207852647e-04
3.695204	-1.518760242e-04
3.700204	1.998951408e-03
3.705205	-1.039861859e-04
3.710205	-9.269944322e-04
3.715205	8.418542105e-04
3.720205	1.272776786e-03
3.725206	-4.871795983e-04
3.730206	-1.864157096e-03
3.735206	-8.782650573e-04
3.740207	-1.872263630e-03
3.745207	2.102463411e-03
3.750207	-1.054680397e-04
3.755207	9.474204523e-04
3.760208	1.166355042e-03
3.765208	-1.759536639e-03
3.770208	-5.446569785e-04
3.775208	2.292470762e-04
3.780209	-2.097818397e-04
3.785209	-5.448164606e-04
3.790209	-3.248816938e-04
3.795210	-1.213885641e-03
3.800210	1.824893518e-03
3.805210	4.100714854e-03
3.810210	-1.147048241e-03
3.815211	-1.596076333e-03
3.820211	1.279711984e-03
3.825211	2.857140689e-04
3.830212	-1.873219467e-03
3.835212	3.436053618e-04
3.840212	1.881467729e-03
3.845212	-4.404566871e-04
3.850213	-1.042476055e-03
3.855213	-1.874482681e-03
3.860213	5.635813900e-05
3.865213	-2.151572416e-03
3.870214	-6.507077690e-04
3.875214	1.003148468e-03
3.880214	6.681145906e-04
3.885215	1.174034307e-03
3.890215	3.330284544e-04
3.895215	1.709900147e-03
3.900215	-1.749960986e-03
3.905216	-2.533969868e-03
3.910216	2.818682361e-03
3.915216	2.388654009e-03
3.920217	-3.031098720e-03
3.925217	-7.672757747e-04
3.930217	1.880526003e-03
3.935217	-2.209300058e-03
3.940218	-1.865370956e-03
3.945218	1.164409845e-03
3.950218	1.651331129e-03
3.955218	-1.597541217e-03
3.960219	-8.136362553e-04
3.965219	3.992450546e-04
3.970219	-1.492702115e-03
3.975220	7.141243800e-04
3.980220	-6.528517027e-04
3.985220	-1.148875848e-03
3.990220	1.603920614e-03
3.995221	1.832856510e-03
4.000221	-4.900666139e-04
4.005221	-1.071391419e-04
4.010221	4.467789269e-04
4.015222	-1.216180525e-03
4.020222	-6.042655777e-04
4.025222	-3.753294379e-04
4.030223	2.329470000e-03
4.035223	1.440467966e-03
4.040223	-2.927341892e-03
4.045223	8.293995690e-04
4.050224	2.931232473e-03
4.055224	-1.160592505e-03
4.060224	-6.526714874e-04
4.065225	5.612105811e-04
4.070225	-7.197695172e-04
4.075225	-1.206793425e-03
4.080225	2.260766723e-04
4.085226	2.260259515e-04
4.090226	-2.755860040e-03
4.095226	-2.810473661e-04
4.100226	9.428344389e-04
4.105227	1.449755883e-03
4.110227	1.879681622e-03
4.115227	-1.265195161e-03
4.120228	-5.482851901e-04
4.125228	5.363117370e-05
4.130228	1.554497930e-03
4.135228	-1.564578824e-04
4.140229	-4.860248358e-03
4.145229	-1.102506124e-03
4.150229	1.113766488e-04
4.155229	-2.236549891e-04
4.160230	5.282266655e-06
4.165230	6.322900820e-05
4.170230	8.371362490e-04
4.175231	1.716037733e-03
4.180231	2.710932852e-03
4.185231	-6.069337908e-04
4.190231	-1.217949892e-03
4.195232	-1.151003395e-03
4.200232	-5.211385083e-05
4.205232	-2.241540703e-04
4.210233	-1.209149348e-03
4.215233	-9.322142797e-04
4.220233	4.446600807e-04
4.225233	-9.983097756e-04
4.230234	-1.046356632e-03
4.235234	2.987371117e-03
4.240234	-7.124739637e-04
4.245234	-1.005571421e-04
4.250235	1.104326972e-03
4.255235	-1.830560230e-03
4.260235	-1.667013793e-04
4.265236	1.228172370e-03
4.270236	-1.324735801e-03
4.275236	-7.788150780e-04
4.280236	1.772994902e-03
4.285237	-1.601867744e-03
4.290237	-1.009996345e-04
4.295237	1.390869015e-03
4.300237	6.538608087e-04
4.305238	7.778050949e-04
4.310238	-5.971677902e-04
4.315238	1.763653039e-03
4.320239	4.906746069e-04
4.325239	-3.753139702e-03
4.330239	-8.743473509e-04
4.335239	3.285376041e-04
4.340240	-6.664560080e-04
4.345240	1.552372923e-03
4.350240	1.772312296e-03
4.355241	-1.707543946e-03
4.360241	-1.764589188e-03
4.365241	3.589066779e-03
4.370241	-5.378033059e-05
4.375242	-2.376700297e-03
4.380242	8.830714469e-04
4.385242	-6.088943258e-04
4.390242	1.660147450e-04
4.395243	-4.370000374e-04
4.400243	-4.940449300e-04
4.405243	5.018520669e-04
4.410244	-9.911134318e-04
4.415244	-5.421308875e-05
4.420244	1.981626603e-03
4.425244	1.076822782e-04
4.430245	-2.807204512e-03
4.435245	-1.708312939e-03
4.440245	1.494462479e-03
4.445245	1.045439631e-03
4.450246	3.854284801e-04
4.455246	-1.766500227e-03
4.460246	7.673123145e-04
4.465247	2.326178747e-03
4.470247	-1.106679081e-03
4.475247	2.222001423e-04
4.480247	3.164902152e-06
4.485248	-4.948548852e-04
4.490248	-9.928746281e-04
4.495248	6.049899172e-04
4.500249	1.656884661e-03
4.505249	-1.823970205e-03
4.510249	-1.154054275e-03
4.515249	1.648258569e-04
4.520250	1.540702886e-03
4.525250	1.067351480e-04
4.530250	-1.881201949e-03
4.535250	-5.523221903e-04
4.540251	1.550514867e-03
4.545251	2.927392065e-03
4.550251	-1.374417057e-03
4.555252	-1.709445220e-03
4.560252	7.093745658e-04
4.565252	1.101306342e-03
4.570252	9.952656670e-04
4.575253	-1.212658875e-03
4.580253	-2.043659421e-03
4.585253	-6.667818625e-04
4.590254	-3.328466571e-04
4.595254	1.110027347e-03
4.600254	2.485905096e-03
4.605254	1.059903238e-04
4.610255	-3.257870059e-03
4.615255	7.178642354e-04
4.620255	1.931751113e-03
4.625255	-4.194956541e-03
4.630256	-2.713084373e-03
4.635256	2.372588801e-03
4.640256	1.721578860e-03
4.645257	-1.663280045e-03
4.650257	7.655400054e-04
4.655257	1.874433001e-03
4.660257	6.604543354e-04
4.665258	-9.365031325e-04
4.670258	-2.484463261e-03
4.675258	2.047240875e-03
4.680258	1.874204901e-03
4.685259	-2.045624090e-03
4.690259	-1.050724477e-03
4.695259	1.492089689e-03
4.700260	-5.687010774e-05
4.705260	-1.720823508e-03
4.710260	3.350176930e-04
4.715260	7.179513351e-04
4.720261	-9.460019264e-04
4.725261	-1.214032239e-03
4.730261	-1.883040359e-03
4.735262	8.807619718e-04
4.740262	3.817445557e-04
4.745262	-3.922576266e-04
4.750262	2.935513695e-03
4.755263	3.346125061e-04
4.760263	-1.166349387e-03
4.765263	-5.064305789e-04
4.770263	2.194846303e-04
4.775264	5.534215353e-04
4.780264	-1.663500628e-03
4.785264	-1.146307313e-04
4.790265	8.892693113e-04
4.795265	-1.057202000e-04
4.800265	3.812084887e-04
4.805265	-6.127809843e-04
4.810266	-5.785595740e-05
4.815266	5.450664654e-04
4.820266	1.767954694e-03
4.825266	-1.629828431e-04
4.830267	-1.160295731e-04
4.835267	-3.350615655e-04
4.840267	-1.826023262e-03
4.845268	7.727892094e-04
4.850268	2.767726562e-04
4.855268	-1.152495935e-04
4.860268	-4.982722931e-04
4.865269	-7.273034504e-04
4.870269	1.317539853e-03
4.875269	-5.842786426e-05
4.880270	-1.989364883e-03
4.885270	-5.564876385e-04
4.890270	-2.218439418e-03
4.895270	4.393702673e-04
4.900271	3.316167906e-03
4.905271	-9.956373794e-04
4.910271	-1.167671258e-03
4.915271	1.652129671e-03
4.920272	1.766080093e-03
4.925272	-1.492783156e-03
4.930272	-3.375722350e-03
4.935273	1.766950477e-03
4.940273	1.929898383e-03
4.945273	-4.510131647e-04
4.950273	-1.070751587e-04
4.955274	-2.791086077e-04
4.960274	-1.503083910e-03
4.965274	-8.331637641e-04
4.970274	1.155683585e-03
4.975275	1.823603937e-03
4.980275	-8.342919774e-04
4.985275	-2.380586549e-06
4.990276	1.049518702e-03
4.995276	4.375099377e-04
5.000276	-1.165019820e-04
5.005276	1.374373207e-03
5.010277	9.913519396e-04
5.015277	-3.768427550e-03
5.020277	-1.607589218e-03
5.025278	7.242397176e-04
5.030278	-3.377438568e-04
5.035278	-8.907554935e-04
5.040278	8.301073314e-04
5.045279	-5.578580936e-04
5.050279	-1.388854232e-03
5.055279	7.149875869e-04
5.060279	2.481848066e-03
5.065280	-1.341982632e-03
5.070280	-2.047985479e-03
5.075280	2.377728297e-03
5.080281	-8.921328501e-04
5.085281	-3.372051925e-04
5.090281	1.488652320e-03
5.095281	-2.765154337e-03
5.100282	-3.943268255e-04
5.105282	1.267539891e-03
5.110282	2.041455698e-03
5.115283	-6.144390163e-04
5.120283	-1.770416523e-03
5.125283	4.364202909e-04
5.130283	-1.185903089e-04
5.135284	8.193166862e-04
5.140284	3.792998335e-04
5.145284	-1.217653072e-03
5.150284	-1.054703128e-03
5.155285	4.361735227e-04
5.160285	5.511262158e-04
5.165285	7.140763072e-04
5.170286	-1.886820904e-03
5.175286	-4.439414046e-04
5.180286	8.749449922e-04
5.185286	-5.670160790e-04
5.190287	1.162847718e-03
5.195287	7.698288126e-04
5.200287	-1.228101404e-03
5.205287	1.267720238e-03
5.210288	9.336982226e-04
5.215288	3.776885173e-04
5.220288	1.486586908e-03
5.225289	-1.332297718e-03
5.230289	-2.221288884e-03
5.235289	-4.434272910e-04
5.240289	4.934807980e-04
5.245290	3.204502391e-04
5.250290	1.104217735e-04
5.255290	-1.830511044e-03
5.260291	-1.285581106e-03
5.265291	7.712653776e-04
5.270291	6.652313680e-04
5.275291	1.314155712e-03
5.280292	-1.056753108e-03
5.285292	-7.218113224e-04
5.290292	5.410792622e-04
5.295292	-2.499792405e-03
5.300293	-7.219301620e-04
5.305293	2.041877677e-03
5.310293	1.579422626e-04
5.315294	-8.850395476e-04
5.320294	2.202750549e-03
5.325294	1.037775577e-03
5.330294	-1.113144891e-03
5.335295	-2.385113853e-03
5.340295	-6.742475068e-04
5.345295	1.103615189e-03
5.350295	-8.843140786e-04
5.355296	1.925491724e-03
5.360296	3.195414605e-04
5.365296	-1.438400358e-03
5.370297	-1.195120597e-04
5.375297	1.868339342e-03
5.380297	-3.875748211e-04
5.385297	-1.668542780e-03
5.390298	5.972934206e-04
5.395298	-9.426601330e-04
5.400298	1.093188872e-03
5.405299	3.781898571e-04
5.410299	-1.161763544e-03
5.415299	4.341099132e-04
5.420299	-3.408856348e-04
5.425300	7.110179679e-04
5.430300	-2.164861446e-03
5.435300	-1.725923887e-03
5.440300	2.536802534e-03
5.445301	5.478742873e-04
5.450301	-3.971115658e-04
5.455301	1.819728004e-03
5.460302	2.137787580e-04
5.465302	-1.449167288e-03
5.470302	-4.462605195e-04
5.475302	-1.057264562e-03
5.480303	1.810539310e-03
5.485303	2.145897688e-04
5.490303	-1.162371816e-03
5.495303	-1.335399843e-03
5.500304	-1.215044191e-04
5.505304	3.081281209e-03
5.510304	2.144021190e-04
5.515305	-2.214501109e-03
5.520305	-1.786508762e-04
5.525305	1.590214154e-03
5.530305	-7.806921225e-04
5.535306	-2.837567396e-04
5.540306	-2.267970050e-04
5.545306	-2.606702630e-03
5.550307	1.093056015e-03
5.555307	8.250338539e-04
5.560307	-7.229175647e-04
5.565307	9.309542307e-04
5.570308	5.469386312e-04
5.575308	2.258807327e-03
5.580308	7.578535204e-04
5.585308	-2.559999887e-03
5.590309	-7.177480914e-06
5.595309	2.707706188e-04
5.600309	-1.774152936e-03
5.605310	-8.382410722e-04
5.610310	4.067399216e-05
5.615310	2.152521013e-03
5.620310	5.060081447e-05
5.625311	-1.727337226e-03
5.630311	7.564894073e-04
5.635311	-1.670412686e-03
5.640311	1.101398146e-03
5.645312	9.873684166e-04
5.650312	-1.172548266e-03
5.655312	1.368275481e-03
5.660313	8.242696564e-04
5.665313	-6.720265763e-06
5.670313	-1.227496229e-04
5.675313	-1.498709341e-03
5.680314	-2.492690104e-03
5.685314	1.369061002e-03
5.690314	-3.988769094e-04
5.695315	3.740448990e-04
5.700315	-1.799599533e-04
5.705315	-5.039774554e-04
5.710315	1.043901710e-03
5.715316	-1.117014234e-03
5.720316	-1.394034174e-03
5.725316	-7.811032130e-04
5.730316	2.754666371e-03
5.735317	1.042725841e-03
5.740317	-1.384175148e-03
5.745317	-1.499203771e-03
5.750318	1.922572321e-03
5.755318	1.923537398e-03
5.760318	-7.343506226e-04
5.765318	-3.434069782e-04
5.770319	-2.854448901e-04
5.775319	-9.444431509e-04
5.780319	-1.059471402e-03
5.785320	3.174180002e-04
5.790320	1.702307014e-03
5.795320	-3.436144342e-04
5.800320	-1.116606134e-03
5.805321	7.662555367e-04
5.810321	-1.116674754e-03
5.815321	1.368153776e-03
5.820321	1.205128601e-03
5.825322	-2.991673734e-03
5.830322	-8.872547242e-06
5.835322	5.940601337e-04
5.840323	-2.859252299e-04
5.845323	1.759927865e-03
5.850323	-2.168889004e-03
5.855323	-1.728947107e-03
5.860324	-1.810663486e-04
5.865324	4.878630082e-04
5.870324	4.312618121e-03
5.875324	-2.281646807e-04
5.880325	-2.561069371e-03
5.885325	-2.332115500e-03
5.890325	-1.950170025e-03
5.895326	7.076498070e-04
5.900326	2.037543034e-03
5.905326	1.310549917e-03
5.910326	-4.483861509e-04
5.915327	3.255379440e-04
5.920327	5.924900928e-04
5.925327	1.534812860e-04
5.930328	-6.653956170e-05
5.935328	8.693758018e-04
5.940328	-1.715995965e-04
5.945328	-3.325458246e-03
5.950329	6.972867933e-04
5.955329	1.147229213e-03
5.960329	-5.637089667e-04
5.965329	1.922121119e-03
5.970330	-1.604716660e-03
5.975330	-1.224770158e-03
5.980330	1.643038993e-03
5.985331	-4.008805261e-04
5.990331	6.500290812e-04
5.995331	5.450025853e-04
6.000331	3.259824396e-04
6.005332	-1.452951497e-03
6.010332	-2.342934477e-03
6.015332	1.757806959e-03
6.020332	4.878450742e-04
6.025333	-1.118098200e-03
6.030333	-6.221575066e-04
6.035333	5.447461833e-04
6.040334	-1.722460242e-04
6.045334	-1.061228678e-03
6.050334	7.646387806e-04
6.055334	-6.734691221e-05
6.060335	3.761570164e-05
6.065335	-6.741003218e-05
6.070335	-1.893340665e-03
6.075336	1.260453725e-03
6.080336	7.164523994e-04
6.085336	-1.730443774e-03
6.090336	-1.815605799e-04
6.095337	4.873712685e-04
6.100337	4.293433219e-04
6.105337	4.283122822e-04
6.110337	1.250235845e-03
6.115338	-1.558640007e-03
6.120338	-2.772603891e-03
6.125338	-6.217535607e-04
6.130339	3.811602258e-04
6.135339	7.061115113e-04
6.140339	8.700717433e-04
6.145339	3.240712417e-04
6.150340	2.034946147e-03
6.155340	1.193962048e-03
6.160340	-2.667855155e-03
6.165340	-1.884928834e-03
6.170341	5.909040435e-04
6.175341	-1.250867390e-04
6.180341	-5.650927090e-04
6.185342	-8.421076258e-04
6.190342	-1.502101335e-03
6.195342	1.814685371e-03
6.200342	1.977646320e-03
6.205343	-7.372337314e-04
6.210343	-7.282641669e-04
6.215343	1.365590304e-03
6.220344	-9.003143786e-04
6.225344	-9.473415552e-04
6.230344	1.585488837e-03
6.235344	-7.854098804e-04
6.240345	-1.834727332e-04
6.245345	4.754613215e-04
6.250345	-6.853812988e-05
6.255345	4.642607952e-05
6.260346	-3.375414317e-03
6.265346	-3.936083327e-04
6.270346	3.296158606e-03
6.275347	-2.068742227e-05
6.280347	-1.560631534e-03
6.285347	-3.457277406e-04
6.290347	1.260154514e-03
6.295348	1.259125575e-03
6.300348	1.511578285e-04
6.305348	-2.219740110e-03
6.310349	-1.339817537e-03
6.315349	3.130624008e-04
6.320349	1.316978237e-03
6.325349	8.109775228e-04
6.330350	-1.177941234e-03
6.335350	2.531825325e-03
6.340350	3.709161798e-04
6.345350	-2.219969162e-03
6.350351	-4.510952389e-04
6.355351	2.692702803e-03
6.360351	4.277996248e-04
6.365352	-4.160975149e-03
6.370352	1.535682066e-03
6.375352	1.479657059e-03
6.380352	-3.109117547e-03
6.385353	4.568022406e-05
6.390353	6.956163952e-04
6.395353	-1.790274185e-03
6.400353	-1.283330004e-03
6.405354	2.358441096e-03
6.410354	1.699449785e-03
6.415354	6.004828296e-04
6.420355	1.363413098e-03
6.425355	-2.497401207e-03
6.430355	-2.219444041e-03
6.435355	3.703854953e-04
6.440356	5.893460323e-04
6.445356	-1.791549783e-03
6.450356	-4.516510432e-04
6.455357	1.432217710e-03
6.460357	1.022640195e-04
6.465357	2.072311347e-04
6.470357	1.364140207e-03
6.475358	9.218348356e-05
6.480358	-1.293766888e-03
6.485358	3.701143544e-04
6.490358	2.090992505e-03
6.495359	2.070698068e-04
6.500359	-5.679140819e-04
6.505359	-1.269650703e-04
6.510360	-2.056885058e-03
6.515360	-2.900091644e-04
6.520360	1.639857784e-03
6.525360	-2.058964337e-03
6.530361	-1.006048840e-03
6.535361	3.409680983e-03
6.540361	2.638284925e-04
6.545361	-2.832026703e-03
6.550362	-9.011594688e-04
6.555362	1.257695230e-03
6.560362	7.606966699e-04
6.565363	-9.592342906e-04
6.570363	1.396791202e-04
6.575363	1.095600485e-03
6.580363	-5.673334521e-04
6.585364	5.415795774e-04
6.590364	-7.773732443e-04
6.595364	-1.016385654e-03
6.600365	1.583445203e-03
6.605365	-7.874493488e-04
6.610365	-5.674869369e-04
6.615365	3.114391374e-04
6.620366	1.484228156e-04
6.625366	2.163937936e-04
6.630366	-2.896034708e-04
6.635366	-2.426312187e-04
6.640367	2.633157414e-04
6.645367	1.640214656e-03
6.650367	-5.196910338e-04
6.655368	-3.477254560e-04
6.660368	-6.157355209e-04
6.665368	-3.053625685e-03
6.670368	3.691605208e-04
6.675369	1.650065081e-03
6.680369	-5.678370613e-04
6.685369	-6.248584922e-04
6.690369	1.143019345e-03
6.695370	-1.394122143e-05
6.700370	-2.011855284e-03
6.705370	-6.819530851e-04
6.710371	1.916879088e-03
6.715371	1.036903454e-03
6.720371	4.393411817e-05
6.725371	-5.680562015e-04
6.730372	-2.498973619e-03
6.735372	4.738381869e-04
6.740372	1.534755645e-03
6.745373	-2.911673984e-04
6.750373	-2.431938799e-04
6.755373	-1.862208008e-04
6.760373	-9.502023223e-04
6.765374	-1.170213830e-03
6.770374	5.876654810e-04
6.775374	2.357544187e-03
6.780374	-1.782250656e-03
6.785375	-1.945265081e-03
6.790375	1.037546808e-03
6.795375	-4.633936066e-04
6.800376	-7.143850843e-05
6.805376	4.255108487e-04
6.810376	1.385035620e-04
6.815376	-7.150791932e-05
6.820377	1.755368159e-03
6.825377	-1.455705152e-05
6.830377	-1.783482260e-03
6.835377	-7.885600579e-04
6.840378	1.142310509e-03
6.845378	1.199284630e-03
6.850378	2.623137049e-04
6.855379	-4.056720183e-04
6.860379	4.832563278e-04
6.865379	1.037203233e-03
6.870379	-1.897657116e-03
6.875380	-2.452648847e-03
6.880380	-4.057842214e-04
6.885380	5.411412122e-04
6.890381	1.036091667e-03
6.895381	-2.918571412e-04
6.900381	3.110874652e-04
6.905381	1.800983143e-03
6.910382	-1.299321878e-04
6.915382	-1.008905560e-03
6.920382	-2.996817626e-03
6.925382	1.858892390e-03
6.930383	3.637772399e-03
6.935383	-2.776895001e-03
6.940383	-4.070475150e-04
6.945384	5.398786182e-04
6.950384	-2.174992948e-03
6.955384	2.193744314e-03
6.960384	-1.067096981e-03
6.965385	-2.673029619e-03
6.970385	-1.725103248e-03
6.975385	-8.471729538e-04
6.980386	1.915653296e-03
6.985386	1.487297837e-04
6.990386	1.638626455e-03
6.995386	-1.530318089e-05
7.000387	-1.841223259e-03
7.005387	7.596122304e-04
7.010387	2.636188173e-04
7.015387	3.095955296e-04
7.020388	3.259013895e-05
7.025388	-1.008372999e-03
7.030388	1.972441797e-03
7.035389	-3.504504227e-04
7.040389	-1.888385937e-03
7.045389	8.644416274e-04
7.050389	-7.252696102e-05
7.055390	8.944381463e-05
7.060390	-1.865611614e-04
7.065390	-7.795485716e-04
7.070390	-4.075892173e-04
7.075391	-1.238563366e-03
7.080391	1.313275711e-03
7.085391	1.036271084e-03
7.090392	-1.621601987e-03
7.095392	-6.856734869e-04
7.100392	1.476187364e-03
7.105392	1.916143375e-03
7.110393	-4.077479070e-04
7.115393	-1.286718933e-03
7.120393	-7.887659485e-04
7.125394	2.051597025e-04
7.130394	9.201008210e-04
7.135394	-1.308604702e-04
7.140394	-6.838492055e-04
7.145395	-1.181840919e-03
7.150395	-2.615780881e-03
7.155395	1.752958732e-03
7.160395	2.803881649e-03
7.165396	-9.519298984e-04
7.170396	1.255929238e-03
7.175396	-1.401942830e-03
7.180397	-2.673891384e-03
7.185397	2.688793688e-03
7.190397	-3.500571607e-04
7.195397	-2.557953844e-03
7.200398	1.418807951e-03
7.205398	1.360792647e-03
7.210398	-2.167030959e-03
7.215398	-1.957060946e-03
7.220399	1.972703682e-03
7.225399	3.302611960e-03
7.230399	-4.651981545e-04
7.235400	-2.372288976e-04
7.240400	-4.652343977e-04
7.245400	-1.124216036e-03
7.250400	1.092643552e-03
7.255401	-1.067255071e-03
7.260401	-4.553067240e-04
7.265401	-8.483028147e-04
7.270402	8.962764658e-05
7.275402	2.192493828e-03
7.280402	1.303525308e-03
7.285402	-8.953708045e-04
7.290403	-2.005327000e-03
7.295403	-1.874448413e-04
7.300403	-7.346851588e-05
7.305403	-9.624367380e-04
7.310404	8.634451574e-04
7.315404	1.531391066e-03
7.320404	-3.505221371e-04
7.325405	-1.564472172e-03
7.330405	-1.393498637e-03
7.335405	2.043961479e-04
7.340405	-7.360540092e-05
7.345406	-1.886158922e-04
7.350406	4.813303228e-04
7.355406	-1.947552253e-03
7.360406	-6.286417613e-04
7.365407	2.029194841e-03
7.370407	-1.886992090e-04
7.375407	-7.372204433e-05
7.380408	4.125518004e-05
7.385408	1.942303655e-04
7.390408	1.303152813e-03
7.395408	1.551999692e-04
7.400409	-1.067748673e-03
7.405409	-6.847859510e-04
7.410409	-5.718082574e-04
7.415410	8.620965407e-04
7.420410	-5.128434679e-04
7.425410	1.461042510e-04
7.430410	8.060519746e-04
7.435411	-1.287848146e-03
7.440411	1.092004706e-03
7.445411	-3.509312473e-04
7.450411	8.619861752e-04
7.455412	-1.125919560e-03
7.460412	-3.509778279e-04
7.465412	1.971878472e-03
7.470413	-1.172963185e-03
7.475413	-2.998877627e-03
7.480413	2.509276573e-04
7.485413	1.024869744e-03
7.490414	-2.360757211e-04
7.495414	2.468759842e-03
7.500414	-4.090962006e-04
7.505415	-6.760963818e-04
7.510415	2.028402066e-04
7.515415	4.228132499e-04
7.520415	7.577800021e-04
7.525416	-1.021136435e-03
7.530416	3.077755415e-04
7.535416	4.807514209e-04
7.540416	-1.393159589e-03
7.545417	-1.792410813e-04
7.550417	-9.632121689e-04
7.555417	-2.397147299e-03
7.560418	1.521622000e-03
7.565418	2.907531250e-03
7.570418	-1.230254365e-03
7.575418	-2.063222445e-03
7.580419	-1.223436660e-04
7.585419	-1.287293291e-03
7.590419	2.506078658e-04
7.595419	2.630462581e-03
7.600420	1.455860372e-04
7.605420	-1.402342194e-03
7.610420	7.565249071e-04
7.615421	4.315292533e-04
7.620421	-7.445634406e-05
7.625421	6.324911282e-04
7.630421	-2.339358158e-03
7.635422	5.944664439e-04
7.640422	1.971377095e-03
7.645422	7.574309003e-04
7.650423	-8.484935849e-04
7.655423	-3.009387359e-03
7.660423	-5.145382100e-04
7.665423	1.914314644e-03
7.670424	1.081347710e-03
7.675424	-2.120488331e-03
7.680424	-1.900513298e-03
7.685424	5.953360973e-04
7.690425	-2.366306503e-04
7.695425	-4.096337323e-04
7.700425	1.197264942e-03
7.705426	8.712704306e-04
7.710426	-5.716623312e-04
7.715426	-1.077646780e-03
7.720426	1.442733982e-04
7.725427	5.942362728e-04
7.730427	1.359181811e-03
7.735427	-1.289684044e-03
7.740427	-1.403689839e-03
7.745428	5.851882829e-04
7.750428	-1.679044058e-05
7.755428	1.254127456e-03
7.760429	-7.481099616e-05
7.765429	-2.468132855e-04
7.770429	3.641412428e-04
7.775429	8.611021277e-04
7.780430	-1.068802890e-03
7.785430	-3.418545864e-04
7.790430	1.808015190e-03
7.795431	-4.098737407e-04
7.800431	5.850599444e-04
7.805431	3.170634421e-04
7.810431	-3.219752462e-03
7.815432	-3.563744645e-03
7.820432	1.635957052e-03
7.825432	1.530951791e-03
7.830432	-7.919309159e-04
7.835433	-1.889751567e-04
7.840433	-7.349558807e-04
7.845433	1.090932457e-03
7.850434	4.229585924e-04
7.855434	-5.249997479e-04
7.860434	-6.880013808e-04
7.865434	2.599356897e-04
7.870435	1.139876576e-03
7.875435	5.368994259e-04
7.880435	-1.175016417e-03
7.885435	-1.519007749e-03
7.890436	4.798715814e-04
7.895436	4.218645755e-04
7.900436	-1.891118290e-04
7.905437	-8.970828155e-04
7.910437	-1.814138675e-05
7.915437	-6.871144054e-04
7.920437	-3.521428112e-04
7.925438	3.404639856e-03
7.930438	-1.331745328e-04
7.935438	-3.774983117e-03
7.940439	-1.891908232e-04
7.945439	1.578701935e-03
7.950439	-5.731887553e-04
7.955439	-7.341893420e-04
7.960440	8.147156937e-04
7.965440	3.974913845e-05
7.970440	-6.312230994e-04
7.975440	4.217095118e-04
7.980441	1.034666484e-03
7.985441	-2.828392173e-05
7.990441	4.216821746e-04
7.995442	-1.671211225e-03
8.000442	-6.872744982e-04
8.005442	1.415600490e-03
8.010442	-4.573048762e-04
8.015443	-2.398206426e-03
8.020443	-1.567261006e-03
8.025443	3.646236712e-04
8.030443	-2.736324288e-05
8.035444	1.090566511e-03
8.040444	-1.233748842e-04
8.045444	-1.069331019e-03
8.050445	6.415661682e-04
8.055445	1.138530462e-03
8.060445	-5.823826881e-04
8.065445	-8.493760780e-04
8.070446	-5.723994504e-04
8.075446	-5.724074637e-04
8.080446	1.205486390e-03
8.085447	3.635250003e-04
8.090447	-1.069403689e-03
8.095447	-1.324632057e-04
8.100447	1.798422443e-03
8.105448	2.015029943e-04
8.110448	-1.347419044e-03
8.115448	1.196432934e-03
8.120448	1.254422268e-03
8.125449	4.784577221e-04
8.130449	2.014656795e-04
8.135449	-1.452450254e-03
8.140450	-2.781384075e-03
8.145450	-1.905343261e-04
8.150450	2.180327634e-03
8.155450	-1.011503115e-03
8.160451	-3.000400241e-03
8.165451	1.578339961e-03
8.170451	1.807320463e-03
8.175452	-7.935426804e-04
8.180452	-4.095706161e-04
8.185452	-1.895894333e-04
8.190452	8.033491202e-04
8.195453	1.310314575e-03
8.200453	-7.561536310e-05
8.205453	-5.145975404e-04
8.210453	2.248243506e-03
8.215454	8.603138617e-04
8.220454	-1.233576731e-03
8.225454	-1.231583018e-03
8.230455	-6.296223806e-04
8.235455	-5.736315277e-04
8.240455	-2.063555232e-03
8.245455	1.923142434e-04
8.250456	-7.446398790e-04
8.255456	-2.376736884e-04
8.260456	1.032250425e-03
8.265456	1.442937806e-04
8.270457	4.212728575e-04
8.275457	9.182398458e-04
8.280457	-1.807049619e-04
8.285458	-1.346646008e-03
8.290458	3.642541184e-04
8.295458	-1.347656651e-03
8.300458	-1.069677261e-03
8.305459	-7.573735261e-05
8.310459	9.182026172e-04
8.315459	-5.157232598e-04
8.320460	1.023186734e-03
8.325460	1.808138430e-03
8.330460	-1.509683214e-03
8.335460	5.831963677e-04
8.340461	-7.577200353e-05
8.345461	1.033162045e-03
8.350461	5.371847944e-04
8.355461	-1.901685088e-03
8.360462	8.620059981e-05
8.365462	8.131559907e-04
8.370462	-1.672711112e-03
8.375463	-2.016696450e-03
8.380463	9.671344774e-04
8.385463	2.305056370e-03
8.390463	-7.581628568e-05
8.395464	-2.513685732e-03
8.400464	7.551297011e-04
8.405464	2.629022238e-03
8.410464	-1.786737785e-03
8.415465	-3.659638189e-03
8.420465	-1.908335552e-04
8.425465	2.409019132e-03
8.430466	1.033091465e-03
8.435466	2.021337597e-04
8.440466	-2.675710834e-03
8.445466	-1.185796598e-03
8.450467	6.980959394e-04
8.455467	-1.886781557e-05
8.460467	3.641077409e-04
8.465468	1.196058562e-03
8.470468	1.807021650e-03
8.475468	-1.347807215e-03
8.480468	-1.184819263e-03
8.485469	-9.548349494e-04
8.490469	1.311036983e-03
8.495469	7.460653254e-04
8.500469	-2.676748431e-03
8.505470	2.020898314e-04
8.510470	1.636007959e-03
8.515470	-3.538847539e-04
8.520471	-2.226783867e-03
8.525471	-1.346834959e-03
8.530471	3.182912431e-03
8.535471	1.473004501e-03
8.540472	-3.009750223e-03
8.545472	2.590669929e-04
8.550472	2.303951869e-03
8.555472	9.750231427e-04
8.560473	-7.592087493e-05
8.565473	-1.461846330e-03
8.570473	-3.392741625e-03
8.575474	-1.127868591e-03
8.580474	1.251998153e-03
8.585474	-1.451854267e-03
8.590474	1.530979298e-03
8.595475	3.630421725e-04
8.600475	-1.519855404e-03
8.605475	8.610115923e-04
8.610476	-7.593810600e-05
8.615476	1.634966015e-03
8.620476	2.638909244e-03
8.625476	-1.174881381e-03
8.630477	-2.848790130e-03
8.635477	4.790249347e-04
8.640477	2.199928812e-03
8.645477	1.911943702e-03
8.650478	2.848891000e-03
8.655478	4.780210511e-04
8.660478	1.854944172e-03
8.665479	6.108708466e-03
8.670479	5.066765305e-03
8.675479	6.980059470e-04
8.680479	-1.509872696e-03
8.685480	-2.398824122e-03
8.690480	2.490291746e-04
8.695480	4.407799084e-03
8.700481	1.529957690e-03
8.705481	-7.449169450e-04
8.710481	8.609941446e-04
8.715481	2.628896349e-03
8.720482	1.864938450e-03
8.725482	6.510054654e-04
8.730482	8.599939536e-04
8.735482	-6.299236654e-04
8.740483	-1.231890265e-03
8.745483	2.465905720e-03
8.750483	4.176811503e-03
8.755484	4.210192755e-04
8.760484	2.629897679e-03
8.765484	2.963879694e-03
8.770484	9.759900091e-04
8.775485	1.692950996e-03
8.780485	4.780187432e-04
8.785485	2.963882156e-03
8.790485	2.686898223e-03
8.795486	5.830152523e-04
8.800486	1.309975994e-03
8.805486	-2.379375598e-04
8.810487	3.640302089e-04
8.815487	1.357976390e-03
8.820487	3.905037329e-05
8.825487	-1.289875030e-03
8.830488	2.480412925e-04
8.835488	2.743904768e-03
8.840488	-3.529228081e-04
8.845489	-1.624851113e-03
8.850489	1.472979301e-03
8.855489	6.980236714e-04
8.860489	-5.159076519e-04
8.865490	1.414987397e-03
8.870490	1.749970649e-03
8.875490	-2.949145955e-04
8.880490	-2.350799171e-03
8.885491	-6.778896281e-04
8.890491	6.500390301e-04
8.895491	3.507883252e-03
8.900492	8.707430752e-05
8.905492	-3.277737668e-03
8.910492	9.760296410e-04
8.915492	1.415007704e-03
8.920493	-9.658584310e-04
8.925493	-9.558565527e-04
8.930493	3.909098822e-05
8.935493	-2.690281320e-05
8.940494	1.196032259e-03
8.945494	4.780745887e-04
8.950494	8.609897585e-05
8.955495	-1.461812733e-03
8.960495	-3.438716158e-04
8.965495	1.865009310e-03
8.970495	-7.588051009e-05
8.975496	-2.618737022e-03
8.980496	1.921108415e-04
8.985496	-1.069816293e-03
8.990497	7.550861471e-04
8.995497	2.408998093e-03
9.000497	-1.680772675e-03
9.005497	4.014916165e-03
9.010498	3.913922444e-05
9.015498	-3.172679848e-03
9.020498	1.309076222e-03
9.025498	3.161347229e-04
9.030499	-1.021787661e-03
9.035499	-6.298055273e-04
9.040499	3.731429244e-04
9.045500	2.491536786e-04
9.050500	-1.681735710e-03
9.055500	-1.835723176e-03
9.060500	1.416101315e-03
9.065501	3.641635661e-04
9.070501	-2.957957706e-04
9.075501	3.071752020e-04
9.080501	-9.077533608e-04
9.085502	1.854098499e-03
9.090502	1.635115053e-03
9.095502	4.221865638e-04
9.100503	6.421789956e-04
9.105503	-1.237740572e-04
9.110503	2.012126985e-04
9.115503	-1.069712342e-03
9.120504	-1.844664713e-03
9.125504	2.923667969e-05
9.130504	1.310170884e-03
9.135505	9.624294113e-05
9.140505	-7.574248688e-05
9.145505	1.138195601e-03
9.150505	-5.727047090e-04
9.155506	-7.572689995e-05
9.160506	9.182235225e-04
9.165506	-1.897099059e-04
9.170506	-4.096923149e-04
9.175507	9.628524259e-05
9.180507	1.442881555e-04
9.185507	-1.576611173e-03
9.190508	-8.506455818e-04
9.195508	1.204246674e-03
9.200508	-1.174616131e-03
9.205508	-1.461594411e-03
9.210509	3.069161286e-03
9.215509	2.593224680e-04
9.220509	-1.844555279e-03
9.225509	3.063320424e-04
9.230510	1.588267418e-03
9.235510	5.933286074e-04
9.240510	-2.284506149e-03
9.245511	-3.616059902e-04
9.250511	1.081320739e-03
9.255511	-2.560471640e-03
9.260511	-8.495595892e-04
9.265512	1.864297130e-03
9.270512	-1.738497219e-03
9.275512	4.213902184e-04
9.280513	2.304293015e-03
9.285513	-1.905623419e-04
9.290513	-3.525464830e-04
9.295513	9.763870933e-04
9.300514	1.444400770e-04
9.305514	-2.375317304e-04
9.310514	-1.805277213e-04
9.315514	-1.335230988e-04
9.320515	5.264477306e-04
9.325515	-1.242447232e-03
9.330515	-1.729412934e-03
9.335516	2.420365336e-03
9.340516	2.484928133e-04
9.345516	-2.848430344e-05
9.350516	-7.547406128e-05
9.355517	-1.116408862e-03
9.360517	6.525012097e-04
9.365517	-4.674291058e-04
9.370518	-3.173271770e-03
9.375518	-6.874011126e-04
9.380518	3.346384114e-03
9.385518	1.262507282e-03
9.390519	4.215618637e-04
9.395519	-3.623866414e-04
9.400519	-5.723667859e-04
9.405519	-1.566303571e-03
9.410520	-7.537753508e-05
9.415520	1.588539008e-03
9.420520	1.148571810e-03
9.425521	-1.347281780e-03
9.430521	-4.673217555e-04
9.435521	2.304533840e-03
9.440521	2.016587290e-04
9.445522	-3.067151926e-03
9.450522	-1.566225953e-03
9.455522	1.530611937e-03
9.460522	-7.922507795e-04
9.465523	-5.142570813e-04
9.470523	8.046791864e-04
9.475523	-6.882291859e-04
9.480524	6.407066515e-04
9.485524	8.874643231e-05
9.490524	-4.572140572e-04
9.495524	-7.522573674e-05
9.500525	9.767256425e-04
9.505525	2.141670842e-03
9.510525	-2.951849691e-04
9.515526	-2.618047015e-03
9.520526	-1.739085838e-03
9.525526	1.301755999e-03
9.530526	1.970728896e-03
9.535527	1.147784253e-03
9.540527	-2.561000944e-03
9.545527	2.986598887e-05
9.550527	2.028765677e-03
9.555528	-1.711117978e-05
9.560528	-6.300671163e-04
9.565528	-2.120974503e-03
9.570529	-1.069022271e-03
9.575529	-1.127008676e-03
9.580529	2.029283243e-04
9.585529	2.190829046e-03
9.590530	3.183784779e-03
9.595530	-7.502460016e-05
9.600530	-2.617873462e-03
9.605530	-2.674859557e-03
9.610531	-1.460915786e-03
9.615531	2.639868605e-03
9.620531	5.949924839e-04
9.625532	-2.120846519e-03
9.630532	1.969938606e-03
9.635532	3.080415150e-04
9.640532	4.220464008e-04
9.645533	-1.069859958e-03
9.650533	-5.148793057e-04
9.655533	1.140040657e-03
9.660534	-1.318776693e-04
9.665534	1.091066273e-03
9.670534	-1.622772294e-03
9.675534	-2.378371776e-04
9.680535	-4.098160113e-04
9.685535	-1.126764686e-03
9.690535	-1.785716502e-03
9.695535	-1.182737955e-03
9.700536	-1.327840342e-04
9.705536	1.751123888e-03
9.710536	1.637142215e-03
9.715537	-9.637020478e-04
9.720537	-1.237362866e-04
9.725537	-1.897204290e-04
9.730537	-1.622629015e-03
9.735538	-6.776688713e-04
9.740538	5.842738261e-04
9.745538	3.173010265e-04
9.750538	1.474249644e-03
9.755539	5.853113166e-04
9.760539	-1.728548251e-03
9.765539	-1.460550355e-03
9.770540	1.025325107e-03
9.775540	1.474313127e-03
9.780540	-1.126530348e-03
9.785540	1.253351149e-03
9.790541	1.254364093e-03
9.795541	-6.285188547e-04
9.800541	-9.544877308e-04
9.805542	-1.460446606e-03
9.810542	1.245417190e-03
9.815542	-1.804907550e-04
9.820542	9.750725315e-05
9.825543	-3.514545281e-04
9.830543	-1.355385598e-03
9.835543	5.385233440e-04
9.840543	8.145217039e-04
9.845544	-3.524001829e-04
9.850544	-5.143775128e-04
9.855544	3.655876708e-04
9.860545	-1.313710374e-04
9.865545	3.656154188e-04
9.870545	-1.011294569e-03
9.875545	-3.523169391e-04
9.880546	7.566358987e-04
9.885546	9.196410417e-04
9.890546	-2.452804132e-04
9.895547	-7.902360489e-04
9.900547	9.672929017e-05
9.905547	-1.012195077e-03
9.910547	-1.240168039e-03
9.915548	7.587360677e-04
9.920548	1.589704740e-03
9.925548	-2.235069389e-03
9.930548	-1.680085354e-03
9.935549	2.143718204e-03
9.940549	6.418159618e-04
9.945549	-1.241065178e-03
9.950550	1.914775451e-03
9.955550	-8.480569690e-04
9.960550	-1.345014474e-03
9.965550	3.022759400e-03
9.970551	-1.288987293e-03
9.975551	-1.898938377e-03
9.980551	6.439364670e-04
9.985551	1.416909123e-03
9.990552	-6.289624747e-04
9.995552	-1.125919560e-03
10.000552	9.779797689e-04
10.005553	-1.889846253e-03
10.010553	-1.565848499e-03
10.015553	8.630330601e-04
10.020553	3.080794778e-04
10.025554	4.810857499e-04
10.030554	1.705034038e-03
10.035554	-9.638026143e-04
10.040555	-2.616695318e-03
10.045555	1.475094758e-03
10.050555	2.689043838e-03
10.055555	-4.557662870e-04
10.060556	-2.511636495e-03
10.065556	4.232177185e-04
10.070556	8.152124341e-04
10.075556	5.282447089e-04
10.080557	1.417212096e-03
10.085557	-9.526404714e-04
10.090557	-4.076539665e-04
10.095558	-1.680566999e-03
10.100558	-1.316358228e-04
10.105558	1.360298561e-03
10.110558	-5.125811562e-04
10.115559	-2.925764041e-04
10.120559	8.153793657e-04
10.125559	-1.402481119e-03
10.130559	-1.344467241e-03
10.135560	2.086360414e-03
10.140560	-2.454935955e-04
10.145560	9.774561211e-04
10.150561	4.805008882e-04
10.155561	-3.447264800e-03
10.160561	-2.364246970e-04
10.165561	3.855366811e-03
10.170562	-1.230334746e-03
10.175562	-9.623319305e-04
10.180562	1.418554250e-03
10.185563	2.036390862e-04
10.190563	-7.422908738e-04
10.195563	-2.558172727e-03
10.200563	8.626562547e-04
10.205564	7.006831747e-04
10.210564	-2.281134105e-03
10.215564	-8.471952090e-04
10.220564	3.578578506e-03
10.225565	8.057498623e-04
10.230565	-1.564100979e-03
10.235565	-1.516819696e-05
10.240566	-1.288079504e-03
10.245566	6.528317475e-04
10.250566	4.238629016e-04
10.255566	-5.220662871e-04
10.260567	-4.650508095e-04
10.265567	7.589002770e-04
10.270567	6.449253168e-04
10.275567	-4.079977257e-04
10.280568	1.149935092e-03
10.285568	2.040062589e-04
10.290568	-1.677870823e-03
10.295569	9.905007794e-05
10.300569	5.860422810e-04
10.305569	-2.347776524e-03
10.310569	-1.172822199e-03
10.315570	-1.009811925e-03
10.320570	1.744055314e-03
10.325570	1.916065209e-03
10.330571	3.191728597e-04
10.335571	-4.547648823e-04
10.340571	-1.898665563e-03
10.345571	-4.087282217e-04
10.350572	2.412135671e-03
10.355572	1.037231356e-03
10.360572	-1.725596244e-03
10.365572	-1.239603219e-03
10.370573	-1.076592296e-03
10.375573	-1.286560715e-03
10.380573	2.202266640e-03
10.385574	1.696314686e-03
10.390574	-2.012460316e-03
10.395574	1.198382568e-03
10.400574	-1.115469359e-03
10.405575	6.444537773e-04
10.410575	1.859407071e-03
10.415575	-2.060355984e-03
10.420575	8.954578986e-05
10.425576	-2.924125421e-04
10.430576	-1.564321663e-03
10.435576	9.795585273e-04
10.440577	1.754536473e-03
10.445577	-1.124283721e-03
10.450577	2.516611503e-04
10.455577	-5.692725850e-04
10.460578	-2.442148163e-03
10.465578	-2.452484567e-04
10.470578	8.067145430e-04
10.475579	-5.111915101e-04
10.480579	-6.261639432e-04
10.485579	1.868719539e-03
10.490579	-2.831402789e-04
10.495580	-1.301273374e-04
10.500580	6.928486603e-04
10.505580	-4.640659336e-04
10.510580	5.978969816e-04
10.515581	-6.740111443e-04
10.520581	-1.458946108e-03
10.525581	9.099003188e-05
10.530582	2.422883042e-03
10.535582	1.313966147e-03
10.540582	-1.289322430e-04
10.545582	9.220316881e-04
10.550583	-7.189138271e-05
10.555583	-1.620783744e-03
10.560583	1.481407085e-04
10.565584	3.316926763e-05
10.570584	-1.677713972e-03
10.575584	7.121763588e-04
10.580584	-1.767521616e-04
10.585585	-3.665537033e-03
10.590585	-3.017003188e-04
10.595585	2.911144793e-03
10.600585	1.013225965e-04
10.605586	1.247281979e-03
10.610586	2.079258761e-03
10.615586	-1.460280385e-05
10.620587	-2.117463814e-03
10.625587	-2.882398660e-03
10.630587	-5.115066404e-04
10.635587	1.860385382e-03
10.640588	1.037453913e-03
10.645588	-1.238397253e-03
10.650588	3.105403948e-04
10.655588	1.706486550e-03
10.660589	8.745558100e-04
10.665589	-5.683411286e-04
10.670589	-1.352274404e-03
10.675590	-3.003090191e-04
10.680590	6.556617256e-04
10.685590	3.207038264e-04
10.690590	-7.982107169e-04
10.695591	-5.681997039e-04
10.700591	-2.002096735e-03
10.705591	-9.031335993e-04
10.710592	2.471703897e-03
10.715592	6.458286878e-04
10.720592	-6.250771148e-04
10.725592	1.639821857e-03
10.730593	-7.310230807e-04
10.735593	-2.058925563e-03
10.740593	6.459492816e-04
10.745593	-1.562904430e-03
10.750594	-3.959445311e-04
10.755594	2.194936782e-03
10.760594	2.022970745e-03
10.765595	-5.678616401e-04
10.770595	-3.053699766e-03
10.775595	-1.758340741e-04
10.780595	1.363105625e-03
10.785596	5.311763250e-04
10.790596	-7.297292249e-04
10.795596	-2.995579214e-03
10.800596	2.299153281e-03
10.805597	2.414171910e-03
10.810597	-1.504586617e-03
10.815597	1.698261585e-03
10.820598	3.693601344e-04
10.825598	-1.237525906e-03
10.830598	-2.905529396e-04
10.835598	2.759303941e-03
10.840599	4.447926399e-05
10.845599	-1.513409254e-03
10.850599	-3.559270764e-03
10.855600	-3.216264154e-03
10.860600	1.869480569e-03
10.865600	5.895769265e-04
10.870600	1.200568906e-03
10.875601	3.696405805e-04
10.880601	-1.675220642e-03
10.885601	9.170766554e-05
10.890601	4.473621261e-05
10.895602	8.187194750e-04
10.900602	1.582703347e-03
10.905602	-2.221060447e-03
10.910603	-1.169092367e-03
10.915603	1.478787627e-03
10.920603	-1.179039286e-03
10.925603	1.860819173e-03
10.930604	1.363873027e-03
10.935604	-1.063966419e-03
10.940604	5.989682583e-04
10.945604	-8.439254723e-04
10.950605	-1.790846539e-03
10.955605	3.120640079e-04
10.960605	1.316035306e-03
10.965606	1.259065257e-03
10.970606	1.259092117e-03
10.975606	-1.561725171e-03
10.980606	-1.732688754e-03
10.985607	-7.857140246e-04
10.990607	3.222518695e-04
10.995607	1.143233670e-03
11.000608	-5.196472878e-04
11.005608	2.083397621e-04
11.010608	1.033728728e-04
11.015608	-1.016537904e-03
11.020609	-1.178501533e-03
11.025609	-5.085110543e-04
11.030609	2.090372947e-03
11.035609	-1.744743693e-04
11.040610	-9.014065691e-04
11.045610	-1.178363565e-03
11.050610	-1.951293112e-03
11.055611	1.583539479e-03
11.060611	1.593566801e-03
11.065611	-2.879158236e-03
11.070611	-1.842790864e-04
11.075612	1.144675560e-03
11.080612	4.576435427e-05
11.085612	3.137777090e-04
11.090613	-6.241422761e-04
11.095613	-1.666056462e-03
11.100613	-9.000704419e-04
11.105613	-6.908795595e-05
11.110614	4.849098839e-04
11.115614	5.329357247e-04
11.120614	-8.429597349e-04
11.125614	-3.459585793e-04
11.130615	1.153987239e-03
11.135615	2.650650517e-04
11.140615	-3.558718810e-04
11.145616	2.091257426e-04
11.150616	-4.508089246e-04
11.155616	-1.617715536e-03
11.160616	-7.857324906e-04
11.165617	1.862150318e-03
11.170617	-6.806801337e-04
11.175617	-9.476362266e-04
11.180617	2.663259446e-04
11.185618	9.336477161e-05
11.190618	9.833449477e-04
11.195618	1.203362182e-03
11.200619	4.284344222e-04
11.205619	1.422409021e-03
11.210619	7.054781697e-04
11.215619	-3.662250992e-03
11.220620	-1.559337473e-03
11.225620	2.206484258e-03
11.230620	3.706154276e-04
11.235621	-1.732238602e-03
11.240621	-1.030382002e-05
11.245621	1.098664871e-03
11.250621	-1.283173584e-03
11.255622	1.987746187e-04
11.260622	5.347861667e-04
11.265622	-8.891050301e-04
11.270622	9.387089626e-05
11.275623	2.088948151e-04
11.280623	1.212869692e-03
11.285623	-6.802918147e-05
11.290624	-3.549828958e-04
11.295624	-1.731876357e-03
11.300624	-8.888923683e-04
11.305624	1.520807408e-04
11.310625	-6.228458024e-04
11.315625	3.143976867e-03
11.320625	-1.281747931e-03
11.325625	-8.997382075e-04
11.330626	2.092314210e-04
11.335626	-1.175661159e-03
11.340626	3.029137596e-03
11.345627	8.212905779e-04
11.350627	-7.365922831e-04
11.355627	7.533565781e-04
11.360627	-1.778472382e-03
11.365628	-1.328465975e-03
11.370628	8.694439497e-04
11.375628	-1.824665825e-04
11.380629	-1.721350164e-03
11.385629	1.041528721e-03
11.390629	8.125729005e-04
11.395629	3.146319910e-04
11.400630	-2.303062683e-04
11.405630	-3.442682760e-04
11.410630	-6.725182304e-05
11.415630	-1.166159323e-03
11.420631	5.347785955e-04
11.425631	3.148226598e-04
11.430631	3.248540762e-04
11.435632	-6.210616556e-04
11.440632	-4.590385249e-04
11.445632	4.299445099e-04
11.450632	5.449703449e-04
11.455633	9.269814885e-04
11.460633	1.595976836e-03
11.465633	-1.662810829e-03
11.470633	-1.818602177e-04
11.475634	-5.738061113e-04
11.480634	-2.053691863e-03
11.485634	1.978118026e-03
11.490635	-1.247332115e-04
11.495635	-1.719612450e-03
11.500635	1.042267740e-03
11.505635	9.535282201e-05
11.510636	8.693429120e-04
11.515636	1.759326650e-03
11.520636	-8.974936678e-04
11.525637	-1.060451668e-03
11.530637	2.868364396e-03
11.535637	-9.443554918e-06
11.540637	-4.884141163e-03
11.545638	-1.713682357e-04
11.550638	2.686407312e-04
11.555638	-7.922673521e-04
11.560638	4.771963140e-05
11.565639	-2.862284946e-04
11.570639	-8.210366058e-06
11.575639	-6.211429764e-04
11.580640	-1.567057142e-03
11.585640	1.262820207e-03
11.590640	2.648777358e-03
11.595640	8.709093021e-04
11.600641	-7.359681445e-04
11.605641	1.060192109e-04
11.610641	-1.279870334e-03
11.615642	-2.608762973e-03
11.620642	-4.008508982e-04
11.625642	1.253091826e-03
11.630642	1.641860925e-04
11.635643	7.661870228e-04
11.640643	3.742429022e-04
11.645643	-4.476774174e-04
11.650643	6.512962246e-04
11.655644	-3.717428097e-03
11.660644	6.513650579e-04
11.665644	3.251255963e-03
11.670645	-1.556443954e-03
11.675645	-1.173430504e-03
11.680645	8.234938629e-04
11.685645	-1.060367380e-03
11.690646	-2.006280374e-03
11.695646	4.964089391e-05
11.700646	2.257553820e-03
11.705646	8.716652853e-04
11.710647	-1.702421944e-04
11.715647	-6.521296690e-05
11.720647	-2.340052246e-03
11.725648	-2.281337537e-04
11.730648	8.228433873e-04
11.735648	1.091863769e-03
11.740648	6.529233037e-04
11.745649	-1.229984969e-04
11.750649	1.070241964e-04
11.755649	-4.469097594e-04
11.760650	9.709569789e-05
11.765650	1.206070004e-03
11.770650	-8.957783019e-04
11.775650	-2.549651297e-03
11.780651	1.158179631e-03
11.785651	-1.832619421e-03
11.790651	-6.468124660e-05
11.795651	2.917189934e-03
11.800652	-1.727517615e-03
11.805652	-2.265645375e-04
11.810652	8.144139964e-04
11.815653	3.744743741e-04
11.820653	1.655220466e-04
11.825653	-1.784227729e-04
11.830653	-6.183622385e-04
11.835654	-1.776261999e-03
11.840654	-1.174258907e-03
11.845654	3.195536141e-03
11.850654	2.153630131e-03
11.855655	-3.104042989e-03
11.860655	3.188045150e-04
11.865655	1.044801019e-03
11.870656	-2.224981737e-03
11.875656	4.092982131e-05
11.880656	7.679264260e-04
11.885656	1.089996275e-04
11.890657	-6.669206575e-04
11.895657	-1.498837798e-03
11.900657	1.198050216e-03
11.905658	5.381236804e-04
11.910658	-8.287637582e-04
11.915658	1.266157658e-03
11.920658	3.772439243e-04
11.925659	5.029920443e-05
11.930659	-1.058602276e-03
11.935659	-1.115561804e-03
11.940659	8.733657242e-04
11.945660	-6.354510078e-05
11.950660	-8.954616732e-04
11.955660	9.314749566e-04
11.960661	-1.831334869e-03
11.965661	-1.009342633e-03
11.970661	2.039526663e-03
11.975661	4.906499458e-04
11.980662	5.486845294e-04
11.985662	-2.826091240e-03
11.990662	1.924684264e-03
11.995662	1.427749653e-03
12.000663	-4.373891927e-03
12.005663	1.370828835e-03
12.010663	2.259817832e-03
12.015664	-1.496936534e-03
12.020664	-8.469342353e-04
12.025664	1.570485638e-04
12.030664	6.060620650e-04
12.035665	-1.108599879e-04
12.040665	-1.391750842e-03
12.045665	-1.197826397e-04
12.050666	3.862279172e-04
12.055666	-9.516596360e-04
12.060666	2.063150144e-04
12.065666	9.313136290e-04
12.070667	-2.768443325e-03
12.075667	-2.245450673e-04
12.080667	3.254301604e-03
12.085667	2.145083516e-04
12.090668	-1.773342949e-03
12.095668	-6.173678332e-04
12.100668	2.030524934e-03
12.105669	7.706335798e-04
12.110669	-1.935177865e-03
12.115669	-1.286174547e-03
12.120669	5.967606706e-04
12.125670	-6.216367332e-05
12.130670	1.588634331e-04
12.135670	-2.250759976e-04
12.140670	5.194811671e-05
12.145671	-1.670003259e-04
12.150671	6.549937901e-04
12.155671	1.200003254e-03
12.160672	-1.830789739e-03
12.165672	-3.298329715e-04
12.170672	8.761401379e-04
12.175672	4.322590577e-05
12.180673	-1.553646083e-03
12.185673	-1.096859672e-04
12.190673	2.099231949e-03
12.195674	-5.585812930e-04
12.200674	-2.384440435e-03
12.205674	-2.001421523e-03
12.210674	-9.504394538e-04
12.215675	2.146429670e-03
12.220675	2.815432936e-03
12.225675	2.156167897e-04
12.230675	-1.715236254e-03
12.235676	-6.062571391e-04
12.240676	8.757014258e-04
12.245676	-2.498071776e-03
12.250677	-8.931199049e-04
12.255677	2.375740118e-03
12.260677	-5.000604388e-04
12.265677	1.019469739e-04
12.270678	1.209926491e-03
12.275678	-2.823809964e-03
12.280678	-1.169860502e-03
12.285679	2.042002965e-03
12.290679	-6.148093893e-04
12.295679	-1.723707186e-03
12.300679	7.221987328e-04
12.305680	1.373203834e-03
12.310680	-1.389602469e-03
12.315680	-2.163518571e-03
12.320680	7.713605389e-04
12.325681	1.937337395e-03
12.330681	9.814314920e-04
12.335681	8.184818430e-04
12.340682	-1.991321570e-03
12.345682	-2.545249528e-03
12.350682	7.716087796e-04
12.355682	1.325619728e-03
12.360683	4.473206821e-05
12.365683	-1.169159243e-03
12.370683	6.567816029e-04
12.375683	1.105798546e-03
12.380684	2.168894317e-04
12.385684	-1.780958387e-03
12.390684	-2.047901755e-03
12.395685	4.366785897e-03
12.400685	1.927962580e-03
12.405685	-3.768680759e-03
12.410685	-1.215779674e-03
12.415686	1.111891688e-04
12.420686	-5.975920999e-05
12.425686	2.182676626e-04
12.430687	-3.946562089e-04
12.435687	-1.550550044e-03
12.440687	-2.215810697e-04
12.445687	1.039391708e-03
12.450688	-5.004807748e-04
12.455688	-2.794504644e-04
12.460688	-9.473710087e-04
12.465688	1.049561314e-03
12.470689	2.746467756e-04
12.475689	-1.885191225e-03
12.480689	1.037416838e-04
12.485690	-3.941880088e-04
12.490690	3.318147484e-04
12.495690	-4.980965129e-04
12.500690	-2.935918921e-03
12.505691	-8.329920678e-04
12.510691	1.537920032e-03
12.515691	6.570117788e-04
12.520691	1.164026918e-03
12.525692	-2.161746209e-03
12.530692	-1.329748924e-03
12.535692	-5.877583500e-05
12.540693	-2.878576764e-03
12.545693	-8.226469337e-04
12.550693	-7.276087552e-04
12.555693	4.383703225e-04
12.560694	-5.555312614e-04
12.565694	-1.999407946e-03
12.570694	1.705158263e-04
12.575695	-1.157367170e-03
12.580695	-2.438252714e-03
12.585695	-1.884239552e-03
12.590695	7.156606610e-04
12.595696	2.589601017e-03
12.600696	-2.104095848e-03
12.605696	-3.097997006e-03
12.610696	-1.167059657e-03
12.615697	-3.154905825e-03
12.620697	-9.369842315e-04
12.625697	2.875849321e-03
12.630698	-1.159412575e-04
12.635698	-2.657756642e-03
12.640698	-9.938042647e-04
12.645698	-9.467625384e-04
12.650699	-7.704145009e-07
12.655699	9.942190500e-04
12.660699	-1.835580194e-03
12.665699	-2.206248772e-04
12.670700	-1.491510128e-03
12.675700	-4.254312932e-03
12.680700	-1.711408726e-03
12.685701	3.255234720e-04
12.690701	-6.693768346e-04
12.695701	-3.097197954e-03
12.700701	-2.819168472e-03
12.705702	-3.212101886e-03
12.710702	5.676250453e-05
12.715702	1.051752528e-03
12.720703	-1.778046158e-03
12.725703	-1.051041241e-03
12.730703	1.272875524e-03
12.735703	-6.119752127e-04
12.740704	-2.207841864e-03
12.745704	-5.084637723e-03
12.750704	-5.085592370e-03
12.755704	-1.662736069e-03
12.760705	2.682026779e-04
12.765705	1.989153068e-03
12.770705	-4.386673579e-04
12.775706	3.710149032e-03
12.780706	2.683846987e-04
12.785706	-3.709349987e-03
12.790706	5.748763742e-05
12.795707	3.845152897e-04
12.800707	2.047469204e-03
12.805707	2.160508766e-03
12.810708	7.086348051e-04
12.815708	-1.996169911e-03
12.820708	-1.213167214e-03
12.825708	1.058059269e-04
12.830709	-2.265017098e-03
12.835709	-2.922934682e-03
12.840709	-3.900284508e-04
12.845709	4.409718227e-04
12.850710	3.930206864e-04
12.855710	3.260706447e-04
12.860710	-2.435730514e-03
12.865711	1.387104701e-03
12.870711	2.764075047e-03
12.875711	-2.990560681e-03
12.880711	-1.986569645e-03
12.885712	1.828266192e-03
12.890712	8.233682699e-04
12.895712	-1.705302147e-04
12.900712	2.694921498e-04
12.905713	1.553660151e-06
12.910713	-5.993663939e-04
12.915713	-6.093190424e-04
12.920714	-9.442536971e-04
12.925714	2.047627952e-03
12.930714	-5.531814684e-04
12.935714	-3.649963451e-03
12.940715	4.998543789e-04
12.945715	1.649199478e-04
12.950715	1.492893718e-03
12.955716	2.985858421e-03
12.960716	4.973795831e-03
12.965716	6.195775589e-03
12.970716	2.268039812e-03
12.975717	2.651065995e-03
12.980717	4.199027883e-03
12.985717	6.023974517e-03
12.990717	6.578991334e-03
12.995718	5.194115336e-03
13.000718	4.916178245e-03
13.005718	3.922280742e-03
13.010719	3.215367433e-03
13.015719	1.388516022e-03
13.020719	-8.863106031e-04
13.025719	1.494605678e-03
13.030720	1.436656702e-03
13.035720	-2.492078445e-03
13.040720	1.331758275e-03
13.045720	6.728426230e-04
13.050721	4.909006711e-04
13.055721	2.129640649e-04
13.060721	-4.359520082e-04
13.065722	4.209839534e-03
13.070722	9.400682990e-04
13.075722	-3.591633196e-03
13.080722	-6.782926269e-06
13.085723	1.266195072e-03
13.090723	8.932640180e-04
13.095723	5.583309089e-04
13.100724	-5.025620619e-04
13.105724	7.684162209e-04
13.110724	-7.134534124e-04
13.115724	3.955339039e-04
13.120725	1.333530707e-03
13.125725	1.218585708e-03
13.130725	-1.278227696e-03
13.135725	-1.659157918e-03
13.140726	-9.891461411e-04
13.145726	5.008203928e-04
13.150726	2.986731963e-03
13.155727	-1.763956743e-03
13.160727	-1.764907736e-03
13.165727	-4.955941754e-06
13.170727	5.020650955e-04
13.175728	2.107025536e-03
13.180728	-5.280604987e-05
13.185728	-1.160695692e-03
13.190728	1.104228427e-03
13.195729	-6.556251217e-04
13.200729	-2.041499283e-03
13.205729	1.543352064e-03
13.210730	1.057428284e-03
13.215730	5.595052091e-04
13.220730	-1.104083243e-04
13.225730	-1.673556695e-04
13.230731	3.876632286e-04
13.235731	-5.226287972e-05
13.240731	4.447593063e-04
13.245732	3.978115783e-04
13.250732	-1.323043657e-03
13.255732	7.788900161e-04
13.260732	7.219429671e-04
13.265733	-3.379486469e-04
13.270733	-7.118781047e-04
13.275733	-5.968345265e-04
13.280733	2.377051199e-03
13.285734	5.322956048e-05
13.290734	6.227911870e-05
13.295734	1.831231519e-03
13.300735	5.337985196e-05
13.305735	6.432628507e-06
13.310735	5.604522553e-04
13.315735	-5.014388290e-04
13.320736	7.805406757e-04
13.325736	5.606031735e-04
13.330736	-2.757163193e-03
13.335736	1.207282938e-04
13.340737	3.256605574e-03
13.345737	-7.201242736e-04
13.350737	-5.480832173e-04
13.355738	-7.680204704e-04
13.360738	-1.321939236e-03
13.365738	5.510080026e-04
13.370738	6.088822342e-06
13.375739	6.761025822e-04
13.380739	1.277120194e-03
13.385739	-9.967033748e-04
13.390740	-5.476772862e-04
13.395740	-2.136448054e-04
13.400740	5.613633612e-04
13.405740	3.046277130e-03
13.410741	-1.216436386e-03
13.415741	-1.484370495e-03
13.420741	1.383522245e-03
13.425741	-5.034738679e-05
13.430742	-2.479162027e-03
13.435742	-1.273177377e-03
13.440742	1.556717625e-03
13.445743	-1.551364910e-04
13.450743	3.313723302e-03
13.455743	2.042844912e-03
13.460743	-1.702896750e-03
13.465744	7.820175081e-04
13.470744	-8.818390557e-04
13.475744	-1.875732581e-03
13.480745	-9.287332628e-04
13.485745	-5.467027004e-04
13.490745	1.107257653e-03
13.495745	1.223637917e-04
13.500746	-1.980468285e-03
13.505746	1.269404046e-03
13.510746	9.914712595e-04
13.515746	6.775405012e-04
13.520747	-9.283188635e-04
13.525747	3.326634753e-04
13.530747	2.216611447e-03
13.535748	-9.861595994e-04
13.540748	3.428191037e-04
13.545748	-8.810611582e-04
13.550748	1.129361257e-04
13.555749	1.002939193e-03
13.560749	-1.639440977e-04
13.565749	2.280865521e-04
13.570749	-4.878215667e-04
13.575750	-1.214729038e-03
13.580750	8.255836261e-06
13.585750	1.233019422e-04
13.590751	-2.686239121e-04
13.595751	1.165349428e-03
13.600751	1.050408354e-03
13.605751	-1.205414438e-03
13.610752	-2.313300593e-03
13.615752	-4.403513400e-04
13.620752	5.626459994e-04
13.625753	1.663637966e-03
13.630753	7.847393212e-04
13.635753	-1.042106929e-03
13.640753	-9.380597838e-04
13.645754	-1.043001057e-03
13.650754	1.719848083e-04
13.655754	-3.249347382e-04
13.660754	-5.448695438e-04
13.665755	1.224085842e-03
13.670755	1.061147966e-03
13.675755	6.682228315e-04
13.680756	-7.646448285e-04
13.685756	-2.417500300e-03
13.690756	7.273792871e-04
13.695756	2.294601055e-04
13.700757	7.734834155e-04
13.705757	1.501496602e-03
13.710757	-1.586279425e-03
13.715757	1.726768988e-04
13.720758	-2.369129206e-03
13.725758	-9.941515981e-04
13.730758	2.485709795e-03
13.735759	6.218663605e-04
13.740759	-1.041988081e-03
13.745759	-1.098931235e-03
13.750759	-2.089266507e-04
13.755760	-7.628422803e-04
13.760760	8.991197444e-04
13.765760	3.352047429e-04
13.770761	-2.091607332e-03
13.775761	3.453120051e-04
13.780761	1.941277826e-03
13.785761	-4.385367311e-04
13.790762	-1.614979896e-04
13.795762	-7.064138137e-04
13.800762	-7.633565509e-04
13.805762	1.225587754e-03
13.810763	1.167031913e-04
13.815763	3.937421208e-04
13.820763	8.427715886e-04
13.825764	-1.261057911e-03
13.830764	-8.780247233e-04
13.835764	-9.339672536e-04
13.840764	7.289953178e-04
13.845765	2.218967481e-03
13.850765	1.062085867e-03
13.855765	1.219838190e-05
13.860765	-3.227285540e-04
13.865766	-1.040634301e-03
13.870766	-9.345855177e-04
13.875766	3.363989625e-04
13.880767	-1.039470334e-03
13.885767	1.064468216e-03
13.890767	9.005320579e-04
13.895767	-6.573270765e-04
13.900768	1.493608988e-03
13.905768	-5.902210234e-04
13.910768	-1.201132348e-03
13.915769	-1.928037229e-03
13.920769	-2.033976370e-03
13.925769	1.282895482e-03
13.930769	1.771923554e-03
13.935770	-1.649832344e-03
13.940770	-5.898357342e-04
13.945770	2.277061116e-03
13.950770	-1.870654578e-03
13.955771	-9.816484149e-04
13.960771	1.226284939e-03
13.965771	6.723708671e-04
13.970772	1.112401935e-03
13.975772	-1.927374770e-03
13.980772	-1.201359424e-03
13.985772	3.225451561e-03
13.990773	1.342611066e-03
13.995773	2.740618948e-06
14.000773	7.076405525e-03
14.005774	1.211518286e-02
14.010774	8.473439648e-03
14.015774	2.832806877e-03
14.020774	-1.764883461e-03
14.025775	3.390561032e-04
14.030775	7.699705374e-03
14.035775	5.815865256e-03
14.040775	4.600988226e-03
14.045776	6.035964880e-03
14.050776	3.436164411e-03
14.055776	2.451274785e-03
14.060777	1.619376745e-03
14.065777	2.327393690e-03
14.070777	-1.763324294e-03
14.075777	1.286273329e-04
14.080778	2.279564691e-03
14.085778	1.274676381e-03
14.090778	1.170738346e-03
14.095778	7.898156447e-04
14.100779	1.447835597e-03
14.105779	-7.609860793e-04
14.110779	1.870179268e-04
14.115780	-9.990982665e-05
14.120780	2.213018864e-03
14.125780	9.521449713e-04
14.130780	-2.413612633e-03
14.135781	-1.576806907e-04
14.140781	-3.196151742e-04
14.145781	-7.025374178e-04
14.150782	7.314400251e-04
14.155782	-4.246055572e-05
14.160782	2.345808540e-04
14.165782	-3.773286049e-04
14.170783	-6.542565306e-04
14.175783	3.170589036e-03
14.180783	1.171756280e-03
14.185783	1.505794713e-03
14.190784	5.482631987e-03
14.195784	2.825835673e-03
14.200784	3.500293973e-04
14.205785	6.764732130e-03
14.210785	1.012960334e-02
14.215785	4.870950862e-03
14.220785	1.784178466e-03
14.225786	4.049110527e-03
14.230786	6.974006172e-03
14.235786	6.038115083e-03
14.240786	2.167386119e-03
14.245787	3.333379010e-03
14.250787	2.395488132e-03
14.255787	-8.732739774e-04
14.260788	1.670642911e-03
14.265788	5.707610801e-04
14.270788	5.128217362e-04
14.275788	1.788976684e-04
14.280789	1.842863290e-03
14.285789	5.264731855e-03
14.290789	8.950307841e-04
14.295790	-1.647771154e-03
14.300790	-1.531719908e-03
14.305790	-1.751650073e-03
14.310790	9.532582561e-04
14.315791	8.963191553e-04
14.320791	-4.325496634e-04
14.325791	9.534316088e-04
14.330791	4.095195023e-04
14.335792	3.515805883e-04
14.340792	3.495464869e-03
14.345792	1.833614605e-03
14.350793	-9.861716732e-04
14.355793	-1.196102062e-03
14.360793	7.338493952e-04
14.365793	-1.414027102e-02
14.370794	-3.993878805e-02
14.375794	-1.871890188e-02
14.380794	2.826966313e-03
14.385794	-2.352552002e-02
14.390795	-3.911660068e-02
14.395795	-8.825215403e-03
14.400795	-4.838377290e-03
14.405796	-3.696554456e-02
14.410796	-2.778899301e-02
14.415796	-6.414339722e-04
14.420796	-8.001969011e-03
14.425797	-3.347650358e-02
14.430797	-2.634583891e-02
14.435797	-4.522985657e-03
14.440798	-7.227777707e-03
14.445798	-3.010245574e-02
14.450798	-2.921344621e-02
14.455798	-2.141882722e-03
14.460799	-1.972085314e-02
14.465799	-3.490995552e-02
14.470799	-1.910876947e-02
14.475799	-3.530181634e-02
14.480800	-4.601716571e-02
14.485800	-4.702105142e-02
14.490800	-5.282367206e-02
14.495801	-6.121614963e-02
14.500801	-6.729575491e-02
14.505801	-7.217142665e-02
14.510801	-7.305031911e-02
14.515802	-7.752401299e-02
14.520802	-8.564850521e-02
14.525802	-7.929079725e-02
14.530802	-8.449245083e-02
14.535803	-8.012463291e-02
14.540803	-6.631133663e-02
14.545803	-5.320600122e-02
14.550804	-4.573835441e-02
14.555804	-3.701077716e-02
14.560804	-1.628786238e-02
14.565804	-6.232358404e-03
14.570805	-3.298461070e-03
14.575805	6.702046003e-03
14.580805	3.417558806e-02
14.585806	2.207131605e-02
14.590806	2.084844309e-02
14.595806	3.771157126e-02
14.600806	3.213793865e-02
14.605807	3.627776959e-02
14.610807	3.400295484e-02
14.615807	3.683285819e-02
14.620807	3.240616236e-02
14.625808	3.461410012e-02
14.630808	2.698658112e-02
14.635808	3.803603063e-02
14.640809	2.904158719e-02
14.645809	3.119352816e-02
14.650809	3.467239588e-02
14.655809	2.450101753e-02
14.660810	3.853330244e-02
14.665810	1.390072285e-02
14.670810	3.672347739e-03
14.675811	3.500417238e-03
14.680811	8.472202679e-03
14.685811	2.808617946e-02
14.690811	1.963570627e-02
14.695812	5.995519743e-03
14.700812	5.938583038e-03
14.705812	2.494159368e-02
14.710812	3.240724156e-02
14.715813	1.903404040e-02
14.720813	3.455824326e-02
14.725813	3.169046195e-02
14.730814	3.257947317e-02
14.735814	4.180502399e-02
14.740814	4.147010288e-02
14.745814	3.798035603e-02
14.750815	4.622996084e-02
14.755815	5.064677737e-02
14.760815	3.815252793e-02
14.765815	3.877355416e-02
14.770816	4.113548426e-02
14.775816	3.986461504e-02
14.780816	4.114560490e-02
14.785817	3.887079118e-02
14.790817	2.543959366e-02
14.795817	3.749298864e-02
14.800817	2.378580642e-02
14.805818	2.130100441e-02
14.810818	3.689220409e-02
14.815818	1.411252303e-02
14.820819	3.167188381e-03
14.825819	1.513340591e-03
14.830819	7.974410256e-04
14.835819	-2.021342369e-03
14.840820	1.456526498e-03
14.845820	3.501474534e-03
14.850820	-1.525186835e-03
14.855820	-1.688116802e-03
14.860821	9.028011630e-04
14.865821	1.677819448e-03
14.870821	-2.540127384e-04
14.875822	-5.879331508e-04
14.880822	1.677002929e-03
14.885822	7.401158734e-04
14.890822	-4.157590598e-04
14.895823	-1.387131063e-04
14.900823	-9.806053261e-04
14.905823	-1.097899180e-02
14.910823	-3.302071309e-02
14.915824	-2.225824615e-02
14.920824	3.827374529e-03
14.925824	-1.351160642e-02
14.930825	-4.330689937e-02
14.935825	-1.590135151e-02
14.940825	-1.208650071e-02
14.945825	-3.943492872e-02
14.950826	-2.385372772e-02
14.955826	-3.833586629e-02
14.960826	-3.109120481e-02
14.965827	-2.943723453e-02
14.970827	-3.800069990e-02
14.975827	-1.711379181e-02
14.980827	-3.412979030e-02
14.985828	-2.584218628e-02
14.990828	-1.313479246e-03
14.995828	-2.690341410e-03
15.000828	-3.837216249e-03
15.005829	-1.629276350e-03
15.010829	-2.042931814e-04
15.015829	-1.914136849e-03
15.020830	7.653396656e-03
15.025830	3.109116413e-02
15.030830	2.390362308e-02
15.035830	7.366598421e-03
15.040831	2.897946676e-02
15.045831	3.224934822e-02
15.050831	1.024462563e-02
15.055831	2.312997607e-02
15.060832	3.318548283e-02
15.065832	1.223270221e-02
15.070832	1.931637316e-02
15.075833	3.898834888e-02
15.080833	1.422977854e-02
15.085833	1.379086504e-02
15.090833	4.014547175e-02
15.095834	1.886670929e-02
15.100834	1.505298226e-02
15.105834	3.412399132e-02
15.110835	1.970884985e-02
15.115835	3.170825664e-03
15.120835	2.815850802e-02
15.125835	3.667510011e-02
15.130836	1.145855531e-02
15.135836	3.291043303e-02
15.140836	2.788277324e-02
15.145836	2.057823923e-02
15.150837	3.711538847e-02
15.155837	1.826549216e-02
15.160837	2.975592017e-02
15.165838	3.413374104e-02
15.170838	6.870309496e-03
15.175838	9.585222259e-03
15.180838	3.512787426e-02
15.185839	2.174667607e-02
15.190839	3.335755689e-03
15.195839	5.379705607e-03
15.200840	5.810334692e-04
15.205840	-7.468303382e-04
15.210840	6.391559918e-04
15.215840	1.404176642e-03
15.220841	2.341187817e-03
15.225841	1.079320461e-03
15.230841	9.073929319e-04
15.235841	-8.748912176e-05
15.240842	-1.903325810e-03
15.245842	-5.774048982e-03
15.250842	-3.125857839e-02
15.255843	-2.627779039e-02
15.260843	-2.352048698e-03
15.265843	-1.807015659e-03
15.270843	-5.993721261e-03
15.275844	-3.247219566e-02
15.280844	-3.291210815e-02
15.285844	-2.456726975e-03
15.290844	-1.806699617e-03
15.295845	-4.837468945e-03
15.300845	-2.351537405e-02
15.305845	-3.346576116e-02
15.310846	-6.652178732e-03
15.315846	1.405439618e-03
15.320846	-2.189298445e-03
15.325846	-5.162070837e-03
15.330847	-1.405214885e-03
15.335847	-2.036910404e-02
15.340847	-3.590218265e-02
15.345848	-8.593627397e-03
15.350848	1.242892864e-03
15.355848	-2.015863596e-03
15.360848	-5.248823622e-04
15.365849	-2.799693120e-03
15.370849	-2.423144581e-02
15.375849	-3.484179615e-02
15.380849	-1.152702016e-02
15.385850	-2.759158529e-05
15.390850	1.683377633e-03
15.395850	-4.893195403e-03
15.400851	-3.075970303e-02
15.405851	-3.131460860e-02
15.410851	-5.102992468e-03
15.415851	1.913683826e-03
15.420852	-7.531050380e-04
15.425852	-3.898867426e-03
15.430852	-4.778754936e-03
15.435852	-5.991624035e-03
15.440853	-3.954672600e-03
15.445853	-4.658013328e-04
15.450853	8.611893572e-04
15.455854	7.942570556e-04
15.460854	-4.176119891e-04
15.465854	2.459293163e-03
15.470854	1.522408974e-03
15.475855	2.411423962e-03
15.480855	3.739414726e-03
15.485855	6.896472961e-04
15.490856	5.277203914e-04
15.495856	1.666489330e-02
15.500856	3.003721894e-02
15.505856	1.655902756e-02
15.510857	5.775687365e-03
15.515857	2.238946958e-03
15.520857	-1.458784536e-03
15.525857	5.761673729e-04
15.530858	-1.977255640e-04
15.535858	3.232607182e-05
15.540858	1.962283842e-03
15.545859	7.484152676e-04
15.550859	-3.504596373e-04
15.555859	-3.023978672e-04
15.560859	-1.631260029e-03
15.565860	-1.354210864e-03
15.570860	-2.348091486e-03
15.575860	-1.344082431e-03
15.580860	-1.181026910e-03
15.585861	-1.075968165e-03
15.590861	1.350962363e-03
15.595861	4.140786948e-04
15.600862	-6.847960060e-04
15.605862	7.491894227e-04
15.610862	3.789086176e-03
15.615862	2.241236333e-03
15.620863	-8.157068961e-05
15.625863	1.352414819e-03
15.630863	1.142491141e-03
15.635864	6.666250810e-03
15.640864	1.671276071e-02
15.645864	1.505991678e-02
15.650864	4.621558101e-03
15.655865	-2.341088930e-04
15.660865	-1.102644798e-02
15.665865	-2.285073006e-02
15.670865	-1.013736734e-02
15.675866	2.565995957e-03
15.680866	1.142139521e-03
15.685866	-4.627069001e-04
15.690867	-9.596144935e-04
15.695867	-3.398414816e-03
15.700867	-7.652114883e-03
15.705867	-8.644995026e-03
15.710868	-5.501103626e-03
15.715868	-5.607032718e-03
15.720868	-1.457196838e-03
15.725868	1.363712458e-03
15.730869	1.028796069e-03
15.735869	6.275571421e-03
15.740869	8.044538872e-03
15.745870	3.791838920e-03
15.750870	1.306041401e-03
15.755870	7.511372556e-04
15.760870	6.942056258e-04
15.765871	2.520170022e-03
15.770871	2.855216779e-03
15.775871	3.237260960e-03
15.780872	1.748853916e-02
15.785872	2.700007915e-02
15.790872	1.407685824e-02
15.795872	2.520561850e-03
15.800873	1.354691613e-03
15.805873	4.299594355e-03
15.810873	1.086837205e-03
15.815873	-2.067923131e-03
15.820874	1.860925321e-03
15.825874	1.077034077e-03
15.830874	-9.677875075e-04
15.835875	5.331950897e-04
15.840875	2.552759538e-04
15.845875	-2.164321970e-05
15.850875	3.076251232e-03
15.855876	5.780167461e-03
15.860876	6.220208742e-03
15.865876	9.767078450e-03
15.870877	4.729422300e-03
15.875877	2.846591926e-03
15.880877	3.850602128e-03
15.885877	2.798725895e-03
15.890878	2.081831177e-03
15.895878	-2.066873984e-03
15.900878	2.024965745e-03
15.905878	2.961979732e-03
15.910879	-9.677374720e-04
15.915879	1.412670501e-04
15.920879	1.031283684e-03
15.925880	1.308334189e-03
15.930880	-1.255207960e-04
15.935880	-1.014405863e-03
15.940880	2.660249818e-05
15.945881	-6.702959953e-03
15.950881	-1.399549130e-02
15.955881	-1.317247085e-02
15.960881	-6.988746452e-03
15.965882	1.575846461e-03
15.970882	-1.819904983e-04
15.975882	-2.113817832e-03
15.980883	-2.398553445e-04
15.985883	-3.450612010e-03
15.990883	-1.543888388e-02
15.995883	-3.130594150e-02
16.000884	-2.074245887e-02
16.005884	-2.333409541e-03
16.010884	-5.174437550e-04
16.015885	4.205705368e-04
16.020885	-1.070281009e-03
16.025885	-7.932301803e-04
16.030885	7.447510221e-04
16.035886	3.728377241e-04
16.040886	9.591919508e-05
16.045886	-2.017897866e-03
16.050886	-3.440753074e-03
16.055887	-1.844774997e-03
16.060887	3.061724434e-04
16.065887	-2.771591317e-03
16.070888	-7.092286415e-03
16.075888	-1.477679571e-02
16.080888	-2.749102720e-02
16.085888	-1.466366935e-02
16.090889	2.523447730e-03
16.095889	1.415575262e-03
16.100889	1.205653214e-03
16.105889	-6.291790738e-04
16.110890	-3.229969043e-03
16.115890	-1.786982337e-03
16.120890	2.141867089e-03
16.125891	-1.671855846e-03
16.130891	-2.062767809e-03
16.135891	-4.051591504e-03
16.140891	-5.542442689e-03
16.145892	-7.703256856e-03
16.150892	-2.002550979e-02
16.155892	-2.234731504e-02
16.160893	-6.871103261e-03
16.165893	6.995451572e-04
16.170893	2.085535170e-03
16.175893	1.751620187e-03
16.180894	-9.061664335e-04
16.185894	1.910979468e-02
16.190894	2.507553181e-02
16.195894	8.442517087e-03
16.200895	7.580081492e-04
16.205895	8.630690050e-04
16.210895	2.411050182e-03
16.215896	2.029137960e-03
16.220896	2.917155614e-03
16.225896	1.914277716e-03
16.230896	8.944522847e-05
16.235897	-1.450402986e-03
16.240897	-1.059357830e-03
16.245897	1.809550485e-03
16.250897	1.914611462e-03
16.255898	1.139721053e-03
16.260898	1.303778798e-03
16.265898	-2.940919947e-03
16.270899	-2.386883715e-03
16.275899	2.908890643e-03
16.280899	2.143999746e-03
16.285899	4.241616036e-04
16.290900	3.672316315e-04
16.295900	1.752222034e-03
16.300900	4.243622815e-04
16.305901	-1.888443060e-03
16.310901	-4.824213982e-03
16.315901	-5.264122739e-03
16.320901	-4.766083286e-03
16.325902	-2.245903913e-02
16.330902	-3.008855076e-02
16.335902	-6.869766147e-03
16.340902	2.719064250e-04
16.345903	2.629739393e-04
16.350903	8.070109251e-04
16.355903	-3.978554845e-04
16.360904	-1.228742537e-03
16.365904	-3.446552977e-03
16.370904	6.452881102e-04
16.375904	2.528251207e-03
16.380905	-7.253804596e-05
16.385905	-4.047251405e-03
16.390905	-8.353616697e-04
16.395906	-2.923245217e-04
16.400906	9.972097730e-05
16.405906	4.573541050e-03
16.410906	1.142797706e-03
16.415907	-2.116955070e-03
16.420907	4.077769991e-03
16.425907	9.383544160e-03
16.430907	8.942635732e-03
16.435908	5.510892500e-03
16.440908	2.532501239e-04
16.445908	-7.306282823e-04
16.450909	8.183534319e-04
16.455909	-2.059420352e-03
16.460909	-2.613322473e-03
16.465909	-1.504316425e-03
16.470910	-5.146047983e-03
16.475910	-7.306861321e-03
16.480910	-5.652885340e-03
16.485910	-2.774976947e-03
16.490911	9.798830227e-04
16.495911	-7.879519770e-04
16.500911	-1.292740913e-05
16.505912	7.557721845e-03
16.510912	1.126758434e-02
16.515912	1.850325212e-02
16.520912	1.910528628e-02
16.525913	5.130125558e-03
16.530913	3.190300130e-03
16.535913	4.127315823e-03
16.540914	2.147492625e-03
16.545914	2.646640790e-04
16.550914	-2.450118508e-03
16.555914	4.517564150e-03
16.560915	1.684995052e-02
16.565915	1.949887173e-02
16.570915	1.397324442e-02
16.575915	9.556555883e-03
16.580916	3.571953948e-03
16.585916	-1.454700885e-03
16.590916	3.143112730e-03
16.595917	4.738092201e-03
16.600917	1.701348180e-02
16.605917	2.729898131e-02
16.610917	1.280684930e-02
16.615918	4.901353527e-03
16.620918	3.697487626e-03
16.625918	2.034647084e-03
16.630918	-1.234104755e-03
16.635919	1.375818735e-03
16.640919	1.547410773e-02
16.645919	2.027291034e-02
16.650920	1.385933223e-02
16.655920	1.109655249e-02
16.660920	4.404989749e-03
16.665920	2.915139723e-03
16.670921	3.144194771e-03
16.675921	-1.062505185e-03
16.680921	8.204585336e-04
16.685922	4.635315562e-03
16.690922	-4.013385299e-04
16.695922	-1.722197838e-03
16.700922	1.929668218e-03
16.705923	-1.166093045e-03
16.710923	-4.010675320e-04
16.715923	1.537893152e-03
16.720923	-2.879382244e-04
16.725924	-6.208520475e-04
16.730924	1.816081158e-03
16.735924	-5.647195437e-04
16.740925	-6.696459348e-04
16.745925	1.366309440e-03
16.750925	-1.117485549e-03
16.755925	-4.482231876e-03
16.760926	-2.245417144e-02
16.765926	-3.195557882e-02
16.770926	-9.186768485e-03
16.775926	1.596703808e-03
16.780927	1.100799072e-03
16.785927	-2.216949806e-03
16.790927	-2.991839118e-03
16.795928	-1.802794077e-02
16.800928	-3.632386238e-02
16.805928	-1.514996391e-02
16.810928	2.754115163e-03
16.815929	9.632987869e-05
16.820929	-6.675599986e-04
16.825929	-1.135226585e-04
16.830930	-2.331332222e-03
16.835930	-4.042169778e-03
16.840930	-2.159205814e-03
16.845930	-3.335072904e-03
16.850931	-7.416779496e-03
16.855931	-1.928905581e-02
16.860931	-2.924943770e-02
16.865931	-8.687505353e-03
16.870932	3.528887932e-03
16.875932	-7.248091284e-04
16.880932	-6.097474705e-04
16.885933	-3.996910529e-04
16.890933	-1.116583433e-03
16.895933	-4.465524080e-04
16.900933	1.761393684e-03
16.905934	9.285077284e-04
16.910934	-2.990207790e-03
16.915934	-4.481057394e-03
16.920934	-8.964741697e-03
16.925935	-2.565375189e-02
16.930935	-2.597766593e-02
16.935935	-5.971702784e-03
16.940936	1.091975172e-03
16.945936	1.312031109e-03
16.950936	-8.287825577e-04
16.955936	1.652306442e-04
16.960937	-9.536394532e-04
16.965937	-5.091342814e-03
16.970937	-5.589247197e-03
16.975938	-2.410515643e-02
16.980938	-2.614997537e-02
16.985938	-7.519936179e-03
16.990938	-3.371097182e-03
16.995939	1.819684273e-03
17.000939	2.259728118e-03
17.005939	-3.437889047e-03
17.010939	-2.548869989e-03
17.015940	-5.029148239e-04
17.020940	4.524875658e-03
17.025940	-4.457816378e-04
17.030941	-1.439658568e-03
17.035941	1.706235866e-03
17.040941	-2.051488406e-03
17.045941	-7.224936156e-04
17.050942	-1.194587252e-04
17.055942	1.045545132e-03
17.060942	-3.883074710e-04
17.065943	-4.211028132e-03
17.070943	-1.610103568e-03
17.075943	-5.312134283e-05
17.080943	4.909168317e-04
17.085944	1.868908951e-03
17.090944	-1.669103802e-04
17.095944	-2.490713802e-03
17.100944	-3.321599674e-03
17.105945	-1.992604833e-03
17.110945	-2.327518090e-03
17.115945	-4.373336849e-03
17.120946	-2.384378447e-03
17.125946	-2.824285894e-03
17.130946	-4.584120437e-03
17.135946	-4.755042733e-03
17.140947	-2.164117563e-03
17.145947	1.649740067e-03
17.150947	-1.760908174e-04
17.155947	-4.917760656e-03
17.160948	-7.622542989e-03
17.165948	-8.855406614e-03
17.170948	-6.637460824e-03
17.175949	-2.431624824e-03
17.180949	1.430230178e-03
17.185949	1.113713157e-04
17.190949	-5.806233554e-03
17.195950	-2.938323647e-03
17.200950	-1.664084361e-04
17.205950	1.707556372e-03
17.210951	8.456251950e-03
17.215951	1.210811857e-02
17.220951	1.021629137e-02
17.225951	5.579615775e-03
17.230952	5.913665646e-03
17.235952	7.787630469e-03
17.240952	6.019796433e-03
17.245952	1.765099749e-03
17.250953	3.591067230e-03
17.255953	3.477141855e-03
17.260953	-8.335517296e-04
17.265954	-9.394775426e-04
17.270954	2.205417103e-03
17.275954	3.812396689e-03
17.280954	4.585422338e-03
17.285955	1.702180382e-02
17.290955	2.481344183e-02
17.295955	1.154524298e-02
17.300955	3.706744256e-03
17.305956	4.193785708e-03
17.310956	1.317012946e-03
17.315956	2.851382917e-04
17.320957	-9.387257577e-04
17.325957	4.382665482e-04
17.330957	6.461002270e-03
17.335957	1.889638382e-02
17.340958	2.636103991e-02
17.345958	1.254987106e-02
17.350958	3.765424596e-03
17.355959	5.686386866e-03
17.360959	1.617603586e-04
17.365959	-2.879003332e-03
17.370959	1.651814798e-03
17.375960	4.759711517e-03
17.380960	2.228181214e-02
17.385960	2.592267942e-02
17.390960	8.401715479e-03
17.395961	6.623882041e-03
17.400961	2.589173252e-03
17.405961	1.443304912e-03
17.410962	2.208331033e-03
17.415962	-1.052420501e-03
17.420962	1.499506930e-03
17.425962	3.202481249e-03
17.430963	4.808460925e-03
17.435963	9.176288064e-03
17.440963	4.090637322e-03
17.445963	1.328858231e-03
17.450964	0.000000000e+00
