expfull_T9_run20
3508	0
0.000000	0.000000000e+00
0.005000	-2.436796599e-03
0.010001	4.971046534e-04
0.015001	-4.397763289e-04
0.020001	5.726201799e-05
0.025001	1.386253560e-03
0.030002	-2.765865814e-04
0.035002	4.974361819e-04
0.040002	-1.375392147e-03
0.045003	1.329521986e-03
0.050003	4.406383015e-04
0.055003	-4.482453839e-04
0.060003	6.597585876e-04
0.065004	-1.596048198e-03
0.070004	2.779126808e-04
0.075004	-2.759898529e-04
0.080005	-1.317864935e-03
0.085005	-4.478475780e-04
0.090005	-2.277936561e-04
0.095005	5.552285929e-04
0.100006	2.381192166e-03
0.105006	5.553611842e-04
0.110006	-1.212473062e-03
0.115006	7.194845450e-04
0.120007	1.378513764e-03
0.125007	8.326107701e-04
0.130007	-9.352234810e-04
0.135008	-1.270138348e-03
0.140008	1.158499681e-04
0.145008	-1.600682207e-04
0.150008	-6.669734160e-04
0.155009	-2.214820051e-03
0.160009	2.121510432e-06
0.165009	2.219063070e-03
0.170010	2.220129290e-03
0.175010	-9.916237423e-04
0.180010	-2.215488613e-03
0.185010	1.158387852e-03
0.190011	-9.914249298e-04
0.195011	5.575541971e-04
0.200011	4.371405903e-03
0.205012	-2.100163748e-03
0.210012	-2.100097488e-03
0.215012	1.991738573e-03
0.220012	-2.204959067e-03
0.225013	2.047867932e-03
0.230013	7.770056840e-04
0.235013	-2.482744674e-03
0.240014	1.217113427e-03
0.245014	-2.737364526e-04
0.250014	1.379236798e-03
0.255014	-1.152554524e-03
0.260015	-3.083379659e-03
0.265015	2.326382231e-03
0.270015	1.217510849e-03
0.275015	-3.371164767e-03
0.280016	-6.652507704e-04
0.285016	3.760566464e-03
0.290016	1.112781647e-03
0.295017	-1.487005873e-03
0.300017	3.976461658e-06
0.305017	4.042670583e-06
0.310017	7.210685410e-04
0.315018	-1.047765740e-03
0.320018	-1.038700048e-03
0.325018	2.050192374e-03
0.330019	-3.296075451e-04
0.335019	-1.105536765e-04
0.340019	-1.584847911e-04
0.345019	-1.094365954e-03
0.350020	4.446136461e-04
0.355020	-1.209227133e-03
0.360020	6.077368208e-04
0.365021	3.044665892e-03
0.370021	-1.372019464e-03
0.375021	-1.543943629e-03
0.380021	5.035385411e-06
0.385022	7.800579379e-04
0.390022	2.328037001e-03
0.395022	1.046175263e-03
0.400023	-2.716844540e-04
0.405023	-1.753534949e-03
0.410023	-1.266496216e-03
0.415023	-1.045442523e-03
0.420024	-2.714199442e-04
0.425024	2.433494001e-03
0.430024	5.026687422e-04
0.435024	-1.820134469e-03
0.440025	-3.291522431e-04
0.445025	-4.210229043e-05
0.450025	8.379142979e-04
0.455026	1.545940557e-03
0.460026	-1.207838431e-03
0.465026	-1.533754013e-03
0.470026	1.001169453e-03
0.475027	4.462667437e-04
0.480027	6.083236941e-04
0.485027	3.324052793e-04
0.490028	-4.334855753e-04
0.495028	1.669462167e-03
0.500028	2.157500758e-03
0.505028	-2.919147595e-03
0.510029	-3.970022438e-03
0.515029	-3.841581434e-04
0.520029	2.109767577e-03
0.525030	2.883790051e-03
0.530030	-1.923873462e-03
0.535030	-1.933806895e-03
0.540030	1.776050396e-03
0.545031	8.391691010e-04
0.550031	-5.476868849e-04
0.555031	-1.866546702e-03
0.560032	2.769258473e-03
0.565032	8.874303156e-04
0.570032	-1.702358018e-03
0.575032	7.815682004e-04
0.580033	-3.273034604e-04
0.585033	5.574093918e-05
0.590033	-4.311657250e-04
0.595033	-3.751029423e-04
0.600034	5.049134795e-04
0.605034	-2.119802649e-04
0.610034	8.290270869e-04
0.615035	1.711300106e-04
0.620035	1.003149107e-03
0.625035	-9.286763130e-04
0.630035	-2.697510909e-03
0.635036	9.453500327e-04
0.640036	-2.115190053e-04
0.645036	1.280462929e-03
0.650037	1.175534696e-03
0.655037	-1.483249866e-03
0.660037	-1.597177606e-03
0.665037	6.207634583e-04
0.670038	-1.262064780e-03
0.675038	-4.906719211e-05
0.680038	2.387861531e-03
0.685039	1.730519488e-04
0.690039	-1.481789144e-03
0.695039	-2.141686219e-03
0.700039	1.500174687e-03
0.705040	2.551181344e-03
0.710040	-1.538522796e-03
0.715040	2.874402483e-04
0.720041	1.386444183e-03
0.725041	-1.320337782e-03
0.730041	-1.367269394e-03
0.735041	-6.492440495e-04
0.740042	3.269601213e-03
0.745042	1.329776069e-03
0.750042	-7.070436254e-04
0.755042	1.239753308e-04
0.760043	-7.639090176e-04
0.765043	1.501029252e-03
0.770043	-8.797711230e-04
0.775044	-2.097431421e-04
0.780044	-1.422609240e-03
0.785044	-8.205774501e-04
0.790044	2.658292484e-03
0.795045	-1.309418655e-03
0.800045	-4.294025290e-04
0.805045	1.053579666e-03
0.810046	-1.700199792e-03
0.815046	1.247631461e-04
0.820046	1.444754485e-03
0.825046	-1.432018080e-03
0.830047	-1.642940631e-03
0.835047	1.788931870e-03
0.840047	2.161976448e-03
0.845048	-2.658214113e-04
0.850048	-2.531628393e-03
0.855048	-1.155640266e-03
0.860048	1.282288108e-03
0.865049	-2.085624986e-04
0.870049	1.149063224e-05
0.875049	7.855125882e-04
0.880050	6.715844899e-04
0.885050	7.296467063e-04
0.890050	-7.532043968e-04
0.895050	6.881482150e-05
0.900051	8.348371806e-04
0.905051	-2.252923661e-03
0.910051	-1.364908184e-03
0.915051	-8.768702144e-04
0.920052	1.063086062e-03
0.925052	1.235141789e-03
0.930052	-1.870618088e-03
0.935053	7.762983862e-04
0.940053	3.473878931e-04
0.945053	-3.115096713e-04
0.950053	1.665444465e-03
0.955054	5.095748392e-04
0.960054	-7.612883269e-04
0.965054	-7.622229478e-04
0.970055	1.279876678e-05
0.975055	-7.610923890e-04
0.980055	1.279228918e-04
0.985055	1.064935462e-03
0.990056	2.900443313e-04
0.995056	-5.988403967e-04
1.000056	-8.187627702e-04
1.005057	1.236186864e-03
1.010057	2.059205795e-03
1.015057	-5.405827223e-04
1.020057	-2.089430375e-03
1.025058	-8.754334723e-04
1.030058	2.425688199e-04
1.035058	1.504563000e-03
1.040059	1.725615732e-03
1.045059	-7.031824701e-04
1.050059	-1.535070523e-03
1.055059	4.538827151e-04
1.060060	-1.199959118e-03
1.065060	1.342962932e-03
1.070060	1.725006540e-03
1.075060	-1.372754094e-03
1.080061	-1.142701958e-03
1.085061	7.982539125e-04
1.090061	1.218295337e-03
1.095062	-1.371493921e-03
1.100062	1.516408641e-03
1.105062	-3.764198497e-04
1.110062	1.766140462e-04
1.115063	3.486693638e-04
1.120063	-2.642097394e-03
1.125063	1.286746548e-03
1.130064	1.065823938e-03
1.135064	-1.638958944e-03
1.140064	-8.998115004e-05
1.145064	7.320375299e-04
1.150065	-1.198788931e-03
1.155065	-1.567826511e-04
1.160065	1.066213434e-03
1.165066	1.295265425e-03
1.170066	1.058343618e-03
1.175066	-1.761432892e-03
1.180066	-6.444308935e-04
1.185067	1.295524794e-03
1.190067	7.265840631e-05
1.195067	5.126984525e-04
1.200068	-9.781528842e-04
1.205068	-6.531063939e-04
1.210068	5.698895662e-04
1.215068	-7.579709784e-04
1.220069	5.130222558e-04
1.225069	8.480681323e-04
1.230069	-8.147736053e-04
1.235069	-1.092693270e-03
1.240070	2.362966496e-04
1.245070	-7.005859687e-04
1.250070	5.704071875e-04
1.255071	1.842400274e-03
1.260071	-1.589342026e-03
1.265071	1.727535991e-03
1.270071	1.669684877e-05
1.275072	-2.363104672e-03
1.280072	2.120707655e-03
1.285072	1.564803496e-03
1.290073	-7.110039158e-04
1.295073	1.701966654e-05
1.300073	8.500373284e-04
1.305073	-2.508362251e-04
1.310074	-8.778089944e-05
1.315074	-1.090659994e-03
1.320074	-1.034598676e-03
1.325075	1.231338302e-03
1.330075	-9.752249426e-05
1.335075	-8.845857482e-05
1.340075	4.095778215e-04
1.345076	-3.163169393e-04
1.350076	8.976791497e-04
1.355076	1.779302378e-05
1.360077	-1.139077534e-03
1.365077	-2.020659046e-04
1.370077	1.785886585e-03
1.375077	4.010288111e-04
1.380078	-1.692789092e-03
1.385078	-6.997806715e-04
1.390078	-8.127100465e-04
1.395078	-4.786645824e-04
1.400079	1.508287876e-03
1.405079	2.964202823e-04
1.410079	1.070440950e-03
1.415080	-1.534259991e-04
1.420080	-2.583559127e-04
1.425080	1.347617905e-03
1.430080	-1.033184001e-03
1.435081	1.908112771e-04
1.440081	-3.811172099e-05
1.445081	3.439308936e-04
1.450082	-1.299912533e-03
1.455082	-7.548791187e-04
1.460082	-3.785539549e-05
1.465082	-3.067762196e-04
1.470083	2.170148463e-03
1.475083	1.813243675e-04
1.480083	-3.155836767e-04
1.485084	4.114394066e-04
1.490084	6.884877893e-04
1.495084	-5.913762536e-04
1.500084	1.128590921e-03
1.505085	7.366768914e-04
1.510085	-2.361084926e-03
1.515085	-1.252083427e-03
1.520086	4.598841342e-04
1.525086	-3.050089755e-04
1.530086	-1.419543064e-04
1.535086	-1.479815214e-03
1.540087	7.371238741e-04
1.545087	2.840069359e-03
1.550087	2.402793977e-04
1.555087	7.373151965e-04
1.560088	-8.457481991e-05
1.565088	8.514362499e-04
1.570088	-7.544096948e-04
1.575089	-2.563740180e-04
1.580089	8.426278328e-04
1.585089	-1.030203141e-03
1.590089	2.987857373e-04
1.595090	-1.633041951e-03
1.600090	2.399162911e-04
1.605090	1.233923965e-03
1.610091	-1.794842061e-03
1.615091	-3.128618735e-04
1.620091	-8.097703730e-04
1.625091	7.824319653e-05
1.630092	2.783154533e-03
1.635092	2.137340091e-05
1.640092	-2.081444820e-03
1.645093	1.073441149e-03
1.650093	1.016507795e-03
1.655093	-1.192304515e-03
1.660093	2.841531954e-03
1.665094	-7.522024771e-04
1.670094	-3.792968034e-03
1.675094	1.292809201e-03
1.680095	1.847841313e-03
1.685095	-3.129738016e-04
1.690095	-1.979169721e-04
1.695095	9.120838653e-04
1.700096	-3.607812579e-04
1.705096	-7.526959601e-04
1.710096	-2.022561288e-03
1.715096	-3.460991405e-05
1.720097	2.173329065e-03
1.725097	-1.974743787e-04
1.730097	7.965328590e-04
1.735098	-1.468276584e-03
1.740098	-2.959129588e-03
1.745098	1.236697465e-03
1.750098	5.767976767e-04
1.755099	8.448456649e-04
1.760099	-9.229918289e-04
1.765099	-7.989357767e-04
1.770100	7.400406554e-04
1.775100	1.677050935e-03
1.780100	1.906101025e-03
1.785100	-1.908621407e-03
1.790101	2.433204664e-04
1.795101	1.458315032e-03
1.800101	-5.885069151e-04
1.805102	-2.959310654e-03
1.810102	-8.563661000e-04
1.815102	1.629556889e-03
1.820102	7.406697226e-04
1.825103	4.057513711e-04
1.830103	-1.744064895e-03
1.835103	-1.629008600e-03
1.840104	1.743864395e-03
1.845104	9.029744325e-04
1.850104	-1.752813446e-03
1.855104	1.247080475e-03
1.860105	1.247143144e-03
1.865105	-5.296942413e-04
1.870105	-6.446251425e-04
1.875105	-2.045872851e-04
1.880106	4.644376702e-04
1.885106	2.958359939e-03
1.890106	2.069472502e-03
1.895107	-1.188281686e-03
1.900107	-2.517144411e-03
1.905107	-1.524137781e-03
1.910107	1.388311373e-04
1.915108	1.388935891e-04
1.920108	7.419220988e-04
1.925108	-4.239498953e-04
1.930109	-1.369036489e-04
1.935109	1.574062469e-03
1.940109	-2.240660564e-03
1.945109	-1.360647738e-03
1.950110	3.007168848e-03
1.955110	8.239568677e-05
1.960110	-1.365297231e-04
1.965111	-1.245405086e-03
1.970111	-9.113616459e-04
1.975111	1.353573144e-03
1.980111	-3.128675394e-05
1.985112	-1.025168668e-03
1.990112	2.625688089e-03
1.995112	1.850793813e-03
2.000113	-8.803500153e-05
2.005113	-2.515836328e-03
2.010113	-1.800814487e-03
2.015113	2.349014094e-03
2.020114	-3.078999554e-05
2.025114	-1.082668814e-03
2.030114	1.518246845e-03
2.035114	-3.060405676e-05
2.040115	-2.239417851e-03
2.045115	-2.148070970e-05
2.050115	-1.073359634e-03
2.055116	7.436000230e-04
2.060116	2.512562359e-03
2.065116	8.487177989e-04
2.070116	-2.793015509e-03
2.075117	8.488437504e-05
2.080117	3.343762804e-03
2.085117	-2.989705123e-04
2.090118	-2.992392226e-05
2.095118	3.531162329e-04
2.100118	8.011527096e-04
2.105118	-6.337049061e-04
2.110119	-1.301605692e-03
2.115119	1.242312808e-03
2.120119	-2.495416673e-04
2.125120	1.994946435e-04
2.130120	8.456266053e-05
2.135120	5.815962270e-04
2.140120	1.634598493e-03
2.145121	-2.190124848e-03
2.150121	-4.235948290e-03
2.155121	4.098517826e-04
2.160122	1.576847546e-03
2.165122	1.968886886e-03
2.170122	-1.993985241e-05
2.175122	-3.727669910e-03
2.180123	1.242111824e-03
2.185123	2.895080135e-03
2.190123	-1.023638120e-03
2.195123	-7.365930096e-04
2.200124	2.484128120e-04
2.205124	-8.024668528e-04
2.210124	1.185482499e-03
2.215125	4.105872617e-04
2.220125	-2.064212364e-03
2.225125	-9.072163326e-04
2.230125	1.079732983e-03
2.235126	9.648005254e-04
2.240126	4.108927406e-04
2.245126	7.469348650e-04
2.250127	1.415958233e-03
2.255127	-2.968844212e-04
2.260127	1.405080788e-03
2.265127	6.321852068e-04
2.270128	-1.901611332e-03
2.275128	1.357266217e-03
2.280128	2.493894110e-04
2.285129	-2.675385202e-03
2.290129	-5.254453366e-04
2.295129	-3.623937146e-04
2.300129	4.226228926e-04
2.305130	2.017593909e-03
2.310130	-9.081807668e-04
2.315130	-1.289098637e-03
2.320131	2.238763566e-03
2.325131	1.301876926e-03
2.330131	-3.049720472e-04
2.335131	-1.853824307e-03
2.340132	-8.498202113e-04
2.345132	2.353060154e-03
2.350132	6.902142348e-04
2.355132	-8.368171977e-05
2.360133	-2.617478689e-03
2.365133	-1.012508524e-03
2.370133	1.904387809e-03
2.375134	-1.354368448e-03
2.380134	3.075984361e-04
2.385134	4.696496796e-04
2.390134	-3.066091068e-03
2.395135	2.850636375e-03
2.400135	1.244787004e-03
2.405135	-1.297009736e-03
2.410136	1.459693205e-04
2.415136	-2.005849409e-03
2.420136	3.109618188e-05
2.425136	-6.948028180e-04
2.430137	1.302144973e-03
2.435137	2.019164746e-03
2.440137	-1.239591833e-03
2.445138	5.293687090e-04
2.450138	1.139394426e-03
2.455138	-1.068421354e-03
2.460138	-1.631329699e-03
2.465139	-1.680266985e-03
2.470139	-2.452877803e-04
2.475139	2.843598352e-03
2.480140	3.088008413e-04
2.485140	-1.345046256e-03
2.490140	2.459799521e-03
2.495140	9.679432582e-04
2.500141	-6.279071793e-04
2.505141	-1.572794265e-03
2.510141	4.241531196e-04
2.515141	1.695141320e-03
2.520142	-1.849599579e-03
2.525142	-1.296571039e-03
2.530142	-1.019526998e-03
2.535143	1.246405124e-03
2.540143	1.026477072e-03
2.545143	-3.064233241e-03
2.550143	1.246583760e-03
2.555144	6.436771750e-04
2.560144	-1.563139202e-03
2.565144	-1.400088932e-03
2.570145	1.948807548e-04
2.575145	2.575806198e-03
2.580145	6.449741885e-04
2.585145	1.084008827e-03
2.590146	-3.008539508e-04
2.595146	-8.557634474e-04
2.600146	-1.296679384e-03
2.605147	-7.976482270e-04
2.610147	1.363289406e-03
2.615147	1.915317528e-03
2.620147	3.104669660e-04
2.625148	-1.284492167e-04
2.630148	-1.863868597e-04
2.635148	1.028603857e-03
2.640149	1.630629031e-03
2.645149	-2.184097341e-03
2.650149	-3.226979680e-03
2.655149	-1.725005217e-03
2.660150	2.136836455e-03
2.665150	3.952793200e-03
2.670150	1.468991816e-03
2.675150	-1.294793844e-03
2.680151	-1.954697893e-03
2.685151	3.112334269e-04
2.690151	-6.826518876e-04
2.695152	-1.570543193e-03
2.700152	1.860322507e-03
2.705152	6.454495420e-04
2.710152	-5.204262069e-04
2.715153	7.515608653e-04
2.720153	2.546474259e-04
2.725153	1.497119065e-04
2.730154	4.167554321e-04
2.735154	1.248767145e-03
2.740154	-5.670722043e-04
2.745154	-8.449981032e-04
2.750155	3.699919802e-04
2.755155	1.411991768e-03
2.760155	-1.455788513e-03
2.765156	-2.287683359e-03
2.770156	1.354170079e-03
2.775156	1.747206264e-03
2.780156	-6.236020894e-04
2.785157	-6.825405340e-04
2.790157	9.234273274e-04
2.795157	-6.945863132e-05
2.800158	8.359091250e-05
2.805158	1.086592610e-03
2.810158	-1.842777949e-04
2.815158	-3.562100538e-04
2.820159	1.145763487e-03
2.825159	5.338559227e-04
2.830159	-1.847952097e-03
2.835159	-1.063938252e-03
2.840160	6.480233596e-04
2.845160	6.380818143e-04
2.850160	1.193108456e-03
2.855161	-1.827563024e-04
2.860161	4.282671305e-04
2.865161	-6.326154063e-04
2.870161	-9.105420204e-04
2.875162	3.646242312e-05
2.880162	-2.147662571e-05
2.885162	3.305393871e-03
2.890163	7.065977089e-04
2.895163	-3.997080064e-03
2.900163	-2.982305831e-04
2.905163	1.250739818e-03
2.910164	-2.981155299e-04
2.915164	-1.951965001e-03
2.920164	1.519740899e-04
2.925165	1.967929353e-03
2.930165	-1.070842293e-03
2.935165	4.291306866e-04
2.940165	3.231939834e-04
2.945166	2.002582066e-04
2.950166	1.357250393e-03
2.955166	-1.902508970e-03
2.960167	7.543987726e-04
2.965167	3.029327975e-03
2.970167	-1.292371735e-03
2.975167	-1.626295821e-03
2.980168	-9.329693384e-06
2.985168	5.916935602e-04
2.990168	1.366706995e-03
2.995168	-6.211241661e-04
3.000169	-2.236976285e-03
3.005169	6.399188097e-04
3.010169	-6.219532843e-04
3.015170	-1.891824959e-03
3.020170	3.731044726e-04
3.025170	3.818013797e-05
3.030170	1.089177802e-03
3.035171	1.089234561e-03
3.040171	-3.536275346e-04
3.045171	8.640440991e-05
3.050172	3.154481935e-04
3.055172	3.245043224e-04
3.060172	-7.833767420e-04
3.065172	1.032577671e-03
3.070173	4.786653792e-04
3.075173	-7.922066086e-04
3.080173	7.557627879e-04
3.085174	9.758068608e-04
3.090174	-1.070021622e-03
3.095174	-6.209904944e-04
3.100174	3.902873233e-05
3.105175	1.091025876e-03
3.110175	2.581998291e-03
3.115175	-5.147712239e-04
3.120176	-6.574025282e-05
3.125176	-2.966710594e-04
3.130176	-2.178509020e-03
3.135176	2.034131148e-04
3.140177	7.084408093e-04
3.145177	-5.164342056e-04
3.150177	-3.523873913e-04
3.155177	-2.445213640e-03
3.160178	8.716557368e-04
3.165178	3.471565417e-03
3.170178	-1.948073765e-03
3.175179	-1.948017884e-03
3.180179	3.298742792e-03
3.185179	1.636892105e-03
3.190179	-1.173893975e-03
3.195180	-6.208693319e-04
3.200180	8.151056055e-04
3.205180	-1.890686479e-03
3.210181	-1.288664688e-03
3.215181	1.417238707e-03
3.220181	8.623255207e-04
3.225181	6.523928933e-04
3.230182	1.044426368e-03
3.235182	-4.564336987e-04
3.240182	-1.957293798e-03
3.245183	1.636559449e-03
3.250183	1.761607813e-03
3.255183	-1.173171713e-03
3.260183	-2.388048032e-03
3.265184	4.898453627e-04
3.270184	1.857823670e-03
3.275184	-8.479688694e-04
3.280185	-1.278889424e-03
3.285185	4.109148570e-05
3.290185	4.241250735e-04
3.295185	1.371126900e-03
3.300186	8.152132459e-04
3.305186	-1.622594568e-03
3.310186	-1.946521340e-03
3.315186	2.134121159e-04
3.320187	1.637386943e-03
3.325187	1.465257216e-04
3.330187	5.965552749e-04
3.335188	9.863812517e-05
3.340188	-6.762634752e-04
3.345188	9.307008901e-04
3.350188	-9.511385022e-04
3.355189	-6.271020280e-04
3.360189	3.758962150e-04
3.365189	1.093910457e-03
3.370190	-2.349601788e-04
3.375190	-1.491798867e-05
3.380190	-5.118354970e-04
3.385190	-1.831706741e-03
3.390191	1.532158480e-03
3.395191	2.052875626e-04
3.400191	7.603107378e-04
3.405192	1.093346368e-03
3.410192	-1.205310087e-04
3.415192	-1.286411120e-03
3.420192	-1.171363328e-03
3.425193	8.745757997e-04
3.430193	2.413543415e-03
3.435193	-1.669172735e-03
3.440194	-2.825053580e-03
3.445194	4.838143603e-04
3.450194	1.638803440e-03
3.455194	1.150884914e-03
3.460195	7.129635404e-04
3.465195	-7.093840330e-05
3.470195	-9.618343622e-04
3.475195	1.697069937e-03
3.480196	-2.807649413e-04
3.485196	-1.668633045e-03
3.490196	-8.366260710e-04
3.495197	-7.061541883e-05
3.500197	5.884012179e-04
3.505197	-4.534864895e-04
3.510197	2.978374081e-03
3.515198	8.745460470e-04
3.520198	-1.897244443e-03
3.525198	1.372625136e-03
3.530199	3.217377597e-04
3.535199	-1.285118373e-03
3.540199	5.978291266e-04
3.545199	1.372838922e-03
3.550200	-7.309893571e-04
3.555200	-5.679452033e-04
3.560200	6.570391716e-04
3.565201	-1.188639213e-04
3.570201	-6.257821823e-04
3.575201	1.022300454e-04
3.580201	-2.163589333e-03
3.585202	-1.064598047e-03
3.590202	1.535308764e-03
3.595202	1.373370917e-03
3.600203	-1.943389480e-03
3.605203	4.275301066e-04
3.610203	1.918499162e-03
3.615203	4.936322230e-04
3.620204	4.356883466e-04
3.625204	-1.399155599e-03
3.630204	-6.017813650e-05
3.635205	4.838440135e-04
3.640205	-7.380345250e-04
3.645205	-1.330948484e-03
3.650205	1.870924030e-03
3.655206	2.425945417e-03
3.660206	-7.298244675e-04
3.665206	-1.283740765e-03
3.670206	-1.110697998e-03
3.675207	-1.388629895e-03
3.680207	1.756245609e-03
3.685207	2.359264078e-03
3.690208	-1.063491004e-03
3.695208	3.794801371e-04
3.700208	7.145135732e-04
3.705208	-1.054334665e-03
3.710209	-1.283269574e-03
3.715209	-1.339214252e-03
3.720209	8.777131645e-04
3.725210	1.535728247e-03
3.730210	1.374789366e-03
3.735210	-5.560499796e-04
3.740210	-6.902538791e-05
3.745211	9.829673824e-04
3.750211	8.780252036e-04
3.755211	-2.113754602e-03
3.760212	-2.993653257e-03
3.765212	7.151898942e-04
3.770212	8.682330533e-04
3.775212	2.637185266e-03
3.780213	8.293386682e-04
3.785213	-9.485096547e-04
3.790213	-5.644796394e-04
3.795214	-3.934376791e-04
3.800214	1.203524023e-03
3.805214	3.816217709e-04
3.810214	-1.330230452e-03
3.815215	-6.792156435e-04
3.820215	1.595707768e-03
3.825215	7.158086282e-04
3.830215	-1.063039975e-03
3.835216	-5.650167103e-04
3.840216	-1.719875763e-04
3.845216	5.440233494e-04
3.850217	2.589959417e-03
3.855217	-8.317969466e-04
3.860217	-1.338717334e-03
3.865217	1.873153027e-03
3.870218	6.012755996e-04
3.875218	-6.226045659e-04
3.880218	-1.109526230e-03
3.885219	4.745958399e-05
3.890219	4.751044748e-05
3.895219	7.645209376e-04
3.900219	-9.463320219e-04
3.905220	-2.160212979e-03
3.910220	3.726952367e-04
3.915220	-2.331075278e-07
3.920221	5.447868673e-04
3.925221	1.643775638e-03
3.930221	1.376841216e-03
3.935221	-2.216906083e-03
3.940222	-2.289674385e-04
3.945222	1.653977074e-03
3.950222	-9.878913320e-06
3.955223	5.451402295e-04
3.960223	-1.385700815e-03
3.965223	-6.776903565e-04
3.970223	5.452910914e-04
3.975224	8.793225119e-04
3.980224	8.803726266e-04
3.985224	-2.044412694e-03
3.990224	-6.684400080e-04
3.995225	3.735514280e-04
4.000225	1.425542262e-03
4.005225	9.856169912e-04
4.010226	-1.825174937e-03
4.015226	-6.111933331e-04
4.020226	-6.617413338e-05
4.025226	1.491788040e-03
4.030227	2.152800636e-03
4.035227	-1.230215849e-04
4.040227	-1.385900832e-03
4.045228	3.840492584e-04
4.050228	-8.398322614e-04
4.055228	1.206102224e-03
4.060228	-5.047519785e-04
4.065229	-2.053615334e-03
4.070229	1.655225480e-03
4.075229	-3.336132018e-04
4.080230	1.148352814e-03
4.085230	2.430330041e-03
4.090230	-2.597337799e-03
4.095230	-6.193998056e-04
4.100231	-1.703758369e-04
4.105231	-4.963083099e-04
4.110231	2.314582703e-03
4.115232	1.264690880e-03
4.120232	-7.241481600e-04
4.125232	-1.834036688e-03
4.130232	7.098691854e-04
4.135233	2.153836900e-03
4.140233	1.262935932e-03
4.145233	-1.556856560e-03
4.150233	-7.708519490e-04
4.155234	1.379075889e-03
4.160234	-1.498713460e-03
4.165234	-2.052633588e-03
4.170235	3.272811901e-04
4.175235	2.096230300e-03
4.180235	1.981285355e-03
4.185235	-1.718457954e-03
4.190236	-1.603415918e-03
4.195236	2.705271230e-04
4.200236	1.555820161e-04
4.205237	1.264568012e-03
4.210237	-1.879206778e-03
4.215237	-3.486068073e-03
4.220237	1.932675339e-03
4.225238	1.771732616e-03
4.230238	-4.460944294e-04
4.235238	-4.460462906e-04
4.240239	2.144856049e-03
4.245239	2.039910013e-03
4.250239	-1.219858578e-03
4.255239	9.870652411e-04
4.260240	1.102106706e-03
4.265240	-4.457583176e-04
4.270240	-6.373195532e-05
4.275241	-7.806438093e-04
4.280241	-3.306213547e-04
4.285241	-1.487508539e-03
4.290241	-1.659451176e-03
4.295242	2.977335613e-03
4.300242	3.138374160e-03
4.305242	-6.653642801e-04
4.310242	-1.209286155e-03
4.315243	-1.449225174e-03
4.320243	5.173782540e-05
4.325243	1.103726042e-03
4.330244	-1.277092658e-03
4.335244	6.628455204e-04
4.340244	1.428849701e-03
4.345244	-2.212898185e-03
4.350245	-1.047916534e-03
4.355245	3.860499431e-04
4.360245	-5.598497335e-04
4.365246	9.311134531e-04
4.370246	2.721975475e-04
4.375246	-2.247275134e-04
4.380246	3.872849962e-04
4.385247	-1.495562178e-03
4.390247	1.093943855e-04
4.395247	1.992335268e-03
4.400248	1.209426086e-03
4.405248	-9.984029734e-04
4.410248	-1.936303520e-03
4.415248	9.885785759e-04
4.420249	2.726654562e-04
4.425249	6.076931695e-04
4.430249	9.907181403e-04
4.435250	-1.496095478e-03
4.440250	-1.210065135e-03
4.445250	-1.660774761e-04
4.450250	2.203835545e-03
4.455251	3.299872727e-04
4.460251	-8.928976646e-04
4.465251	8.740491512e-04
4.470251	-1.578466161e-04
4.475252	8.861407872e-04
4.480252	3.792154003e-04
4.485252	-1.600627165e-03
4.490253	-8.836214939e-04
4.495253	2.156253452e-03
4.500253	1.487337008e-03
4.505253	-4.445084289e-04
4.510254	1.105061839e-04
4.515254	-1.666348058e-03
4.520254	3.885820854e-04
4.525255	1.219581043e-03
4.530255	-2.652155473e-03
4.535255	-1.829156152e-03
4.540255	-6.721756629e-04
4.545256	7.707886935e-04
4.550256	2.767721841e-03
4.555256	6.658855374e-04
4.560257	1.373891112e-03
4.565257	8.759644877e-04
4.570257	-3.205760560e-03
4.575257	2.260916444e-04
4.580258	1.691400812e-04
4.585258	-3.857835102e-04
4.590258	3.036069126e-03
4.595259	-2.806991741e-04
4.600259	-3.376509114e-04
4.605259	6.093408271e-04
4.610259	-1.494495842e-03
4.615260	-2.805192112e-04
4.620260	6.674723401e-04
4.625260	1.441473636e-03
4.630260	-8.253540384e-04
4.635261	-1.494271653e-03
4.640261	-3.372920345e-04
4.645261	2.747181995e-04
4.650262	5.477519436e-05
4.655262	6.097885471e-04
4.660262	1.105805175e-03
4.665262	-1.275016394e-03
4.670263	1.269884878e-03
4.675263	4.949728748e-04
4.680263	1.659951691e-03
4.685264	1.700798223e-04
4.690264	-6.138318073e-04
4.695264	1.327103222e-03
4.700264	-1.262706898e-03
4.705265	-1.331658884e-03
4.710265	-4.416648623e-04
4.715265	1.939245237e-03
4.720266	-6.145670857e-04
4.725266	-1.110495227e-03
4.730266	2.844702070e-04
4.735266	-8.824202762e-04
4.740267	-6.703883804e-04
4.745267	6.105833335e-04
4.750267	8.296147462e-04
4.755268	1.164639589e-03
4.760268	8.307020214e-04
4.765268	-1.273136018e-03
4.770268	-2.211516452e-04
4.775269	5.587628101e-05
4.780269	-5.470463326e-04
4.785269	1.986854535e-03
4.790269	1.050950565e-03
4.795270	-1.329872161e-03
4.800270	-1.712807331e-03
4.805270	8.400922881e-04
4.810271	8.871328385e-04
4.815271	-4.977460981e-04
4.820271	-1.434650282e-03
4.825271	9.352594509e-04
4.830272	2.044240077e-03
4.835272	-1.597512071e-03
4.840272	-6.695213527e-04
4.845273	-9.374633981e-04
4.850273	5.652351664e-05
4.855273	7.155292316e-04
4.860273	-1.042329129e-03
4.865274	6.116205209e-04
4.870274	1.212629362e-03
4.875274	-8.232134954e-04
4.880275	-3.821957439e-04
4.885275	5.537941154e-04
4.890275	6.678301712e-04
4.895275	6.018763075e-04
4.900276	3.259342117e-04
4.905276	3.919728308e-04
4.910276	-1.639536048e-04
4.915277	-3.259022509e-04
4.920277	-1.048724887e-04
4.925277	5.716054678e-05
4.930277	1.548118773e-03
4.935278	7.752043153e-04
4.940278	-1.816607859e-03
4.945278	-3.916460580e-04
4.950278	1.623646955e-04
4.955279	2.853996492e-04
4.960279	-1.213474197e-03
4.965279	-1.605410363e-03
4.970280	1.931432395e-03
4.975280	-2.194049102e-04
4.980280	-1.099313763e-03
4.985280	7.176256169e-04
4.990281	2.206951259e-04
4.995281	5.774579915e-05
5.000281	8.887405080e-04
5.005282	-4.816536956e-05
5.010282	5.068447731e-04
5.015282	9.468613387e-04
5.020282	-1.049985047e-03
5.025283	-5.599974027e-05
5.030283	-9.939057939e-04
5.035283	-5.691737348e-05
5.040284	8.900704378e-04
5.045284	1.731518118e-04
5.050284	-4.387727677e-04
5.055284	-1.604666228e-03
5.060285	1.214216086e-03
5.065285	2.600178967e-03
5.070285	-1.097572194e-03
5.075286	-1.203525473e-03
5.080286	1.491363629e-03
5.085286	2.209363902e-03
5.090286	-1.034653608e-04
5.095287	-1.098368816e-03
5.100287	-9.923342555e-04
5.105287	-1.489265820e-03
5.110287	7.176504534e-04
5.115288	1.874625748e-03
5.120288	2.878609603e-03
5.125288	-1.700092515e-03
5.130289	-1.594058237e-03
5.135289	3.480696459e-03
5.140289	-7.160272893e-04
5.145289	-3.094853358e-03
5.150290	1.330937706e-03
5.155290	8.330057261e-04
5.160290	-6.098731400e-04
5.165291	-1.536781081e-03
5.170291	-1.814725580e-03
5.175291	1.273140517e-03
5.180291	4.982238826e-04
5.185292	-1.154643407e-03
5.190292	1.771231661e-03
5.195292	1.053311677e-03
5.200293	-6.005556994e-04
5.205293	-9.914941743e-04
5.210293	1.388411419e-03
5.215293	1.330454115e-03
5.220294	3.265499819e-04
5.225294	1.216539253e-03
5.230294	-1.756254209e-03
5.235295	-4.372891679e-04
5.240295	9.396725627e-04
5.245295	2.764420867e-06
5.250295	1.803575810e-06
5.255296	-1.489073496e-03
5.260296	1.288101038e-05
5.265296	3.825705462e-03
5.270296	5.569282685e-04
5.275297	-4.030774772e-03
5.280297	-2.817804200e-03
5.285297	6.710382862e-04
5.290298	9.970586608e-04
5.295298	7.671102652e-04
5.300298	-1.756709128e-03
5.305298	-9.327169137e-04
5.310299	3.100094728e-03
5.315299	3.462881285e-04
5.320299	-2.261526733e-03
5.325300	-1.686061002e-04
5.330300	1.084166441e-04
5.335300	-3.215208873e-04
5.340300	1.445417939e-03
5.345301	3.855157517e-04
5.350301	-2.921260078e-03
5.355301	1.609523112e-03
5.360302	4.037424559e-03
5.365302	-2.652953856e-04
5.370302	-2.205148311e-03
5.375302	9.407125982e-04
5.380303	1.054744026e-03
5.385303	-2.205034789e-03
5.390303	9.408259746e-04
5.395304	-2.160712432e-04
5.400304	-1.257974979e-03
5.405304	9.499384050e-04
5.410304	-8.279240248e-04
5.415305	1.494982792e-03
5.420305	3.100929895e-03
5.425305	4.141519757e-06
5.430305	3.381600820e-04
5.435306	6.121296741e-05
5.440306	-2.041631474e-03
5.445306	5.102621664e-04
5.450307	-3.216538738e-04
5.455307	-2.736194682e-04
5.460307	1.830299227e-03
5.465307	2.814233740e-04
5.470308	-2.155117089e-04
5.475308	2.547369766e-03
5.480308	-1.927341631e-03
5.485309	-3.304227357e-03
5.490309	2.767467819e-03
5.495309	5.026319495e-04
5.500309	-7.702597755e-04
5.505310	-1.373189241e-03
5.510310	-1.429149528e-03
5.515310	2.375672932e-03
5.520311	1.944733642e-03
5.525311	-7.120804731e-04
5.530311	-2.720688614e-04
5.535311	-7.130077382e-04
5.540312	-7.609687731e-04
5.545312	-4.297294964e-05
5.550312	1.218992221e-03
5.555313	9.420439193e-04
5.560313	-1.151802216e-03
5.565313	-2.728156486e-04
5.570313	1.761950585e-04
5.575314	3.972185420e-04
5.580314	1.277204903e-03
5.585314	-1.477604297e-03
5.590314	-1.438570724e-03
5.595315	7.693407791e-04
5.600315	2.344065419e-04
5.605315	9.524017663e-04
5.610316	-1.046450213e-03
5.615316	2.825105389e-04
5.620316	1.495477766e-03
5.625316	-2.040287898e-03
5.630317	-9.303149772e-04
5.635317	-1.003263546e-04
5.640317	8.456556921e-04
5.645318	2.827225782e-04
5.650318	-3.292078296e-04
5.655318	1.726711622e-03
5.660318	1.669749892e-03
5.665319	-2.151090535e-04
5.670319	-3.311899868e-03
5.675319	-1.093989731e-03
5.680320	1.439902578e-03
5.685320	6.079841938e-04
5.690320	1.170987282e-03
5.695320	1.230018672e-03
5.700321	-5.478466463e-04
5.705321	7.801132545e-04
5.710321	-4.280588960e-05
5.715322	-1.543686943e-03
5.720322	5.032323577e-04
5.725322	-1.044646153e-03
5.730322	9.532758026e-04
5.735323	1.784263358e-03
5.740323	-1.208534016e-03
5.745323	-1.085616953e-04
5.750323	1.114600795e-04
5.755324	-5.394691979e-04
5.760324	3.495148401e-04
5.765324	-8.253850613e-04
5.770325	-6.053634903e-04
5.775325	-7.103236873e-04
5.780325	-1.093268296e-03
5.785325	8.376568682e-04
5.790326	-7.672190986e-04
5.795326	-1.925120263e-03
5.800326	-9.881393337e-04
5.805327	7.817946833e-04
5.810327	1.277800319e-03
5.815327	-1.704998384e-03
5.820327	2.224813967e-03
5.825328	2.359592440e-04
5.830328	-1.647901437e-03
5.835328	2.491898946e-03
5.840329	1.612981625e-03
5.845329	-2.802736771e-03
5.850329	-2.535718664e-03
5.855329	1.660078363e-03
5.860330	7.811608363e-04
5.865330	-1.369685185e-03
5.870330	-1.588639944e-03
5.875331	8.382563938e-04
5.880331	2.157215011e-03
5.885331	-1.541544133e-03
5.890331	-1.426517887e-03
5.895332	6.443089873e-05
5.900332	1.115404386e-03
5.905332	9.444465652e-04
5.910332	-1.923359586e-03
5.915333	-3.174174759e-04
5.920333	-1.704307045e-03
5.925333	7.805855126e-04
5.930334	1.938552669e-03
5.935334	-1.646213405e-03
5.940334	9.536725271e-04
5.945334	-1.646149063e-03
5.950335	-3.309023417e-03
5.955335	7.247816889e-04
5.960335	-2.701303477e-04
5.965336	-1.207045699e-03
5.970336	1.670824282e-03
5.975336	3.989276722e-04
5.980336	-1.540931411e-03
5.985337	-8.239400178e-04
5.990337	4.000228018e-04
5.995337	5.150479567e-04
6.000338	-1.703795640e-03
6.005338	-1.425779759e-03
6.010338	1.451089861e-03
6.015338	1.279130952e-03
6.020339	2.852182330e-04
6.025339	4.472404302e-04
6.030339	-2.142582610e-03
6.035340	-1.922563780e-03
6.040340	1.106296975e-03
6.045340	8.393430963e-04
6.050340	-3.078405446e-03
6.055341	-2.037433012e-03
6.060341	1.441402218e-03
6.065341	-1.865380853e-03
6.070341	-9.744947505e-05
6.075342	3.048404330e-03
6.080342	-1.979282083e-03
6.085342	6.563355462e-05
6.090343	5.626362234e-04
6.095343	-1.426221309e-03
6.100343	-7.652279716e-04
6.105343	-1.425160373e-03
6.110344	-2.031987008e-04
6.115344	6.581653058e-05
6.120344	1.108788167e-03
6.125345	-2.691040541e-04
6.130345	-3.308902831e-03
6.135345	-2.110469586e-04
6.140345	7.929266605e-04
6.145346	-2.109868120e-04
6.150346	2.280184856e-04
6.155346	-1.539300838e-04
6.160347	-1.644816319e-03
6.165347	-1.042820350e-03
6.170347	-1.538405793e-04
6.175347	-4.787925675e-04
6.180348	-3.145612858e-03
6.185348	-1.873654793e-03
6.190348	1.777169387e-03
6.195349	-6.516644517e-04
6.200349	1.243213569e-04
6.205349	-1.643549773e-03
6.210349	-2.639464386e-03
6.215350	-4.858084150e-05
6.220350	1.175379552e-03
6.225350	-2.585105813e-04
6.230350	1.892397556e-03
6.235351	1.060473451e-03
6.240351	-1.424357718e-03
6.245351	1.720494342e-03
6.250352	-1.053740060e-04
6.255352	-1.644258552e-03
6.260352	8.976272685e-04
6.265352	8.976560377e-04
6.270353	-3.252464459e-04
6.275353	-1.147171542e-03
6.280353	-2.418071432e-03
6.285354	-1.539092326e-03
6.290354	1.949739900e-03
6.295354	3.438586938e-04
6.300354	-1.596003776e-03
6.305355	5.639030519e-04
6.310355	1.834859838e-03
6.315355	2.389856849e-03
6.320356	-1.529719140e-04
6.325356	-3.719314687e-04
6.330356	1.224006819e-03
6.335356	-6.598591777e-04
6.340357	-1.805766745e-03
6.345357	-3.783829477e-05
6.350357	-1.528039692e-04
6.355358	-1.527761670e-04
6.360358	4.492177154e-04
6.365358	1.443189492e-03
6.370358	-2.303572078e-03
6.375359	-3.526475691e-03
6.380359	8.413061167e-04
6.385359	-7.065793213e-04
6.390359	-2.369458344e-03
6.395360	-7.635213204e-04
6.400360	-1.031478928e-03
6.405360	-1.367432764e-03
6.410361	-6.014486481e-04
6.415361	-4.864279640e-04
6.420361	3.001402916e-03
6.425361	2.395853389e-04
6.430362	-3.746163435e-03
6.435362	1.004596231e-03
6.440362	-3.722994227e-04
6.445363	-3.469098371e-03
6.450363	1.721636380e-03
6.455363	1.673665799e-03
6.460363	-4.291892301e-04
6.465364	3.357943450e-04
6.470364	1.223770946e-03
6.475364	2.064750137e-03
6.480365	-2.082990067e-03
6.485365	-1.317006766e-03
6.490365	6.709077356e-04
6.495365	-5.439976300e-04
6.500366	-6.489654939e-04
6.505366	-9.269236802e-04
6.510366	1.233980872e-03
6.515367	5.650445720e-04
6.520367	2.880861657e-04
6.525367	2.505987347e-03
6.530367	-1.537759254e-03
6.535368	-3.076646829e-03
6.540368	-5.437635328e-04
6.545368	1.779131523e-03
6.550368	-5.337126753e-04
6.555369	1.942173664e-03
6.560369	2.277180391e-03
6.565369	-7.636230172e-04
6.570370	2.390225016e-03
6.575370	-1.479531866e-03
6.580370	-2.311459708e-03
6.585370	-3.715435448e-04
6.590371	-5.915059246e-04
6.595371	5.654541766e-04
6.600371	1.225442182e-03
6.605372	-3.714428988e-04
6.610372	-1.585349580e-03
6.615372	4.025635525e-04
6.620372	2.219486250e-03
6.625373	-3.223458892e-04
6.630373	2.065961901e-05
6.635373	2.286556893e-03
6.640374	1.664616577e-03
6.645374	-6.582281024e-04
6.650374	-2.301111091e-03
6.655374	1.952674126e-03
6.660375	-3.231733634e-04
6.665375	-3.076994018e-03
6.670375	2.506716214e-03
6.675376	1.063821698e-03
6.680376	-9.250421578e-04
6.685376	2.830770743e-03
6.690376	3.270770132e-03
6.695377	-3.800003928e-04
6.700377	-1.642905311e-03
6.705377	2.990094158e-04
6.710377	-2.309819893e-03
6.715378	-5.438953761e-04
6.720378	1.778997751e-03
6.725378	-1.306804890e-03
6.730379	1.271381375e-04
6.735379	3.941467601e-04
6.740379	7.381509954e-04
6.745379	2.412024862e-04
6.750380	8.911893963e-04
6.755380	2.879100981e-03
6.760380	4.042635785e-04
6.765381	-1.086629235e-03
6.770381	-2.138546800e-03
6.775381	2.392221504e-03
6.780381	1.331304334e-03
6.785382	-3.859380556e-03
6.790382	7.953806048e-04
6.795382	2.229322910e-03
6.800383	-1.651435842e-03
6.805383	-2.310375906e-03
6.810383	6.234818484e-04
6.815383	1.120476642e-03
6.820384	-1.029379712e-03
6.825384	5.675530887e-04
6.830384	1.260689561e-05
6.835385	-3.085196295e-03
6.840385	2.000540062e-03
6.845385	8.436275671e-04
6.850385	7.866531352e-04
6.855386	4.616937238e-04
6.860386	-1.976146875e-03
6.865386	2.000651590e-03
6.870386	2.287657582e-03
6.875387	-4.851643394e-04
6.880387	-3.141992843e-03
6.885387	-3.408955853e-03
6.890388	5.188450888e-04
6.895388	2.946730358e-03
6.900388	1.398839243e-03
6.905388	4.529142060e-04
6.910389	1.111898823e-03
6.915389	-5.319870599e-04
6.920389	-1.965884812e-03
6.925390	7.002217185e-05
6.930390	9.489941877e-04
6.935390	2.890527248e-04
6.940390	-9.808544785e-04
6.945391	1.447030229e-03
6.950391	6.820945039e-04
6.955391	-1.803744461e-03
6.960392	8.921250006e-04
6.965392	-8.757544687e-04
6.970392	-2.520640914e-03
6.975392	2.785081552e-03
6.980393	8.452115896e-04
6.985393	-1.535633620e-03
6.990393	-1.316625152e-03
6.995394	1.284249260e-03
7.000394	9.602881631e-04
7.005394	1.016305632e-03
7.010394	1.666289629e-03
7.015395	-1.812494151e-03
7.020395	6.253891485e-04
7.025395	1.065384790e-03
7.030395	-1.201467342e-03
7.035396	-3.214965659e-04
7.040396	1.447424142e-03
7.045396	3.565056843e-04
7.050397	-2.520312357e-03
7.055397	-7.613912566e-04
7.060397	1.504501266e-03
7.065397	1.667512037e-03
7.070398	6.815873896e-04
7.075398	-3.693336580e-04
7.080398	-5.403042673e-04
7.085399	-1.305241517e-03
7.090399	2.270343273e-05
7.095399	1.277171268e-04
7.100399	1.724646831e-03
7.105400	1.332688370e-03
7.110400	-1.755118482e-03
7.115400	-2.472058773e-03
7.120401	9.507679812e-04
7.125401	2.287712028e-03
7.130401	-8.090945455e-04
7.135401	1.170813215e-03
7.140402	2.727744714e-03
7.145402	-9.710281635e-04
7.150402	-3.200458101e-04
7.155403	-2.640300416e-04
7.160403	6.249388090e-04
7.165403	-7.599644720e-04
7.170403	-2.366855321e-03
7.175404	1.504945548e-03
7.180404	1.122985672e-03
7.185404	1.122004305e-03
7.190405	1.399007242e-03
7.195405	-2.193772169e-03
7.200405	-1.754778459e-03
7.205405	1.228072079e-03
7.210406	1.861489894e-04
7.215406	7.401360584e-04
7.220406	8.461482728e-04
7.225406	1.852035782e-04
7.230407	1.399153347e-03
7.235407	4.542245147e-04
7.240407	-1.476648907e-03
7.245408	-6.456777635e-04
7.250408	1.724206745e-03
7.255408	1.619230429e-03
7.260408	-2.626459776e-04
7.265409	7.893125043e-04
7.270409	2.433608255e-04
7.275409	7.873477707e-04
7.280410	2.614262483e-03
7.285410	-3.675523294e-04
7.290410	-1.859451020e-03
7.295410	2.334485564e-04
7.300411	2.661329229e-03
7.305411	9.034453312e-04
7.310411	-2.250360092e-03
7.315412	5.684984135e-04
7.320412	9.604933935e-04
7.325412	1.170498555e-03
7.330412	9.025305484e-04
7.335413	1.295908940e-04
7.340413	7.315738306e-04
7.345413	-9.136312606e-05
7.350414	-3.683308557e-04
7.355414	5.116362694e-04
7.360414	2.394546913e-03
7.365414	6.256629438e-04
7.370415	-2.052738503e-04
7.375415	2.060615074e-03
7.380415	7.887029739e-04
7.385415	1.867531246e-04
7.390416	8.467322231e-04
7.395416	5.107672946e-04
7.400416	1.504727489e-03
7.405417	1.122765033e-03
7.410417	1.180777766e-03
7.415417	1.563772160e-03
7.420417	-1.142059731e-03
7.425418	5.688598392e-04
7.430418	1.171841683e-03
7.435418	-3.680559748e-04
7.440419	1.619847840e-03
7.445419	2.777798289e-03
7.450419	1.954860122e-03
7.455419	-3.109969251e-04
7.460420	4.549754028e-04
7.465420	1.725919264e-03
7.470420	1.403087754e-05
7.475421	1.870363916e-04
7.480421	-9.218860324e-04
7.485421	-1.199855263e-03
7.490421	1.300849903e-04
7.495422	-9.988705594e-05
7.500422	2.231996713e-03
7.505422	1.019079850e-03
7.510423	2.921355897e-04
7.515423	8.941165073e-04
7.520423	1.201747747e-04
7.525423	-1.084742770e-03
7.530424	-2.518647489e-03
7.535424	-1.141710402e-03
7.540424	7.891954627e-04
7.545424	8.462066920e-04
7.550425	2.003155982e-03
7.555425	-8.156711134e-04
7.560425	-1.246632605e-03
7.565426	-1.524602762e-03
7.570426	1.773156364e-04
7.575426	-7.116202646e-04
7.580426	-2.355513751e-03
7.585427	3.227186146e-03
7.590427	6.163469431e-04
7.595427	-4.245806392e-04
7.600428	-3.095733112e-04
7.605428	-2.528434741e-03
7.610428	1.898329897e-03
7.615428	2.176327881e-03
7.620429	-1.418456315e-03
7.625429	9.514238661e-04
7.630429	2.500350175e-03
7.635430	4.064813646e-04
7.640430	-2.852321966e-03
7.645430	-4.234453367e-04
7.650430	2.108425440e-03
7.655431	1.954447261e-03
7.660431	-9.693751479e-04
7.665431	-1.590327172e-03
7.670432	-9.793485611e-04
7.675432	2.445955068e-04
7.680432	2.663472291e-03
7.685432	7.263085759e-05
7.690433	-3.673316400e-04
7.695433	6.746224333e-04
7.700433	1.841569416e-03
7.705433	1.899578729e-03
7.710434	1.840594564e-03
7.715434	-1.199221960e-03
7.720434	1.296650026e-03
7.725435	1.955625295e-03
7.730435	-2.307122604e-03
7.735435	1.679665330e-03
7.740435	1.123708775e-03
7.745436	-1.094154342e-03
7.750436	-6.441676074e-04
7.755436	-1.753093229e-03
7.760437	-2.307050130e-03
7.765437	2.358186865e-04
7.770437	3.828628376e-03
7.775437	1.792754670e-03
7.780438	-1.580043880e-03
7.785438	1.946769347e-03
7.790438	1.448808944e-03
7.795439	-4.240741654e-04
7.800439	2.928969646e-04
7.805439	-1.580986206e-03
7.810439	2.061820203e-03
7.815440	2.223822380e-03
7.820440	1.869482034e-04
7.825440	2.558825938e-03
7.830441	-1.460107769e-04
7.835441	-7.489657993e-04
7.840441	9.609490005e-04
7.845441	4.549884042e-04
7.850442	-2.129631373e-04
7.855442	1.563947718e-03
7.860442	1.955936428e-03
7.865442	-4.239189798e-04
7.870443	2.930513302e-04
7.875443	1.345002736e-03
7.880443	1.240019171e-03
7.885444	-1.523814869e-03
7.890444	-2.048786597e-04
7.895444	5.130913008e-04
7.900444	1.791203836e-04
7.905445	1.784040328e-03
7.910445	8.471032155e-04
7.915445	7.315687468e-05
7.920446	-9.697743921e-04
7.925446	-1.360742396e-03
7.930446	1.173124993e-03
7.935446	-4.237752842e-04
7.940447	7.320658048e-05
7.945447	1.173154464e-03
7.950447	-2.249643267e-03
7.955448	-1.303686837e-03
7.960448	9.621952765e-04
7.965448	1.124195693e-03
7.970448	8.482206906e-04
7.975449	1.392199500e-03
7.980449	3.502674718e-04
7.985449	-8.056582020e-04
7.990450	2.352924718e-04
7.995450	9.522613135e-04
8.000450	6.852854520e-04
8.005450	-5.856339877e-04
8.010451	7.333794045e-05
8.015451	-3.264715475e-05
8.020451	-1.418560302e-03
8.025451	1.173302708e-03
8.030452	1.565289421e-03
8.035452	1.019328843e-03
8.040452	1.009338052e-03
8.045453	-2.200472779e-03
8.050453	-1.971477132e-03
8.055453	2.290291578e-03
8.060453	1.125365527e-03
8.065454	1.304298543e-04
8.070454	3.504257719e-04
8.075454	-1.312472440e-03
8.080455	1.622370626e-03
8.085455	1.287397588e-03
8.090455	-4.814948373e-04
8.095455	4.564603941e-04
8.100456	8.474463383e-04
8.105456	-4.714715793e-04
8.110456	-1.532404070e-03
8.115457	4.074945574e-04
8.120457	1.957415065e-03
8.125457	1.653190289e-05
8.130457	-1.313385691e-03
8.135458	3.985255267e-04
8.140458	1.125492097e-03
8.145458	-4.814100909e-04
8.150459	2.281441825e-03
8.155459	1.737479719e-03
8.160459	6.855461321e-04
8.165459	2.062475841e-03
8.170460	-8.733518783e-04
8.175460	-3.464199065e-03
8.180460	-9.203351835e-04
8.185460	3.888401220e-03
8.190461	1.680532310e-03
8.195461	-9.783112875e-04
8.200461	-1.361282982e-03
8.205462	7.336058629e-04
8.210462	1.345578076e-03
8.215462	-9.212878104e-04
8.220462	-1.370256028e-03
8.225463	-5.852937251e-04
8.230463	-9.202684745e-04
8.235463	1.067626035e-03
8.240464	2.348560258e-03
8.245464	-9.202496144e-04
8.250464	-1.092233770e-03
8.255464	-7.582464502e-04
8.260465	1.737619186e-03
8.265465	3.343534830e-03
8.270465	-1.208203162e-03
8.275466	-2.861104299e-03
8.280466	8.006955064e-04
8.285466	1.956636229e-03
8.290466	-2.612333007e-04
8.295467	-3.182244581e-04
8.300467	-5.852038611e-04
8.305467	-3.082139263e-04
8.310468	-1.197158457e-03
8.315468	-1.035162171e-03
8.320468	2.940619497e-03
8.325468	2.511648911e-03
8.330469	-8.631560045e-04
8.335469	-8.731502796e-04
8.340469	9.057547448e-04
8.345469	2.937942171e-04
8.350470	8.957653359e-04
8.355470	2.458068276e-04
8.360470	-2.077057624e-03
8.365471	1.669736393e-03
8.370471	-4.231411165e-04
8.375471	-2.019046644e-03
8.380471	2.938278660e-04
8.385472	3.988265291e-04
8.390472	9.527998742e-04
8.395472	2.061741938e-03
8.400473	-4.231138744e-04
8.405473	-1.359056886e-03
8.410473	1.318635104e-04
8.415473	1.878645744e-04
8.420474	1.067819225e-03
8.425474	-3.180987093e-04
8.430474	1.516802098e-03
8.435475	6.858528238e-04
8.440475	-1.311030916e-03
8.445475	-1.255030207e-03
8.450475	3.508832455e-04
8.455476	1.010849857e-03
8.460476	7.390624909e-05
8.465476	-8.060406245e-04
8.470477	-1.809980582e-03
8.475477	-8.150330532e-04
8.480477	2.568780021e-03
8.485477	1.517842530e-03
8.490478	-4.800417463e-04
8.495478	-1.560567076e-04
8.500478	5.709056008e-04
8.505478	1.402861943e-03
8.510479	-1.694960690e-03
8.515479	-2.907889423e-03
8.520479	1.565861858e-03
8.525480	1.182886313e-03
8.530480	1.889450817e-04
8.535480	6.759204761e-04
8.540480	-1.809936941e-03
8.545481	8.009188479e-04
8.550481	1.125903178e-03
8.555481	-5.959973968e-04
8.560482	1.669877622e-03
8.565482	9.059230362e-04
8.570482	-1.473940700e-03
8.575482	-4.229975087e-04
8.580483	1.573892405e-03
8.585483	2.501842398e-03
8.590483	-2.525872611e-03
8.595484	-1.579923750e-03
8.600484	1.230920134e-03
8.605484	-2.305878930e-03
8.610484	-6.429705825e-04
8.615485	2.119875824e-03
8.620485	1.736899152e-03
8.625485	-5.289716505e-04
8.630486	-6.999603678e-04
8.635486	5.139729415e-04
8.640486	-3.999434872e-05
8.645486	-1.034936890e-03
8.650487	-1.532907449e-03
8.655487	2.176885209e-03
8.660487	7.429671861e-04
8.665487	-1.808888002e-03
8.670488	3.989889732e-04
8.675488	6.859739563e-04
8.680488	-1.929755259e-04
8.685489	6.759765977e-04
8.690489	1.125952233e-03
8.695489	-1.359907025e-03
8.700489	-9.797718764e-05
8.705490	1.622926769e-03
8.710490	6.849802491e-04
8.715490	3.509996919e-04
8.720491	-6.999405895e-04
8.725491	-1.459712206e-04
8.730491	7.909765431e-04
8.735491	-1.091917112e-03
8.740492	-3.659575970e-04
8.745492	-3.089605066e-04
8.750492	-1.254907051e-03
8.755493	2.062906471e-03
8.760493	5.709905231e-04
8.765493	-8.049320098e-04
8.770493	9.059717368e-04
8.775494	-2.698825521e-03
8.780494	-1.196910136e-03
8.785494	1.622931045e-03
8.790495	2.360088341e-04
8.795495	3.030047680e-04
8.800495	1.125958113e-03
8.805495	1.832917925e-03
8.810496	1.701960978e-05
8.815496	-8.619314761e-04
8.820496	2.460055987e-04
8.825496	-8.639326109e-04
8.830497	-3.179640392e-04
8.835497	1.680922734e-03
8.840497	-1.694888179e-03
8.845498	-9.209326117e-04
8.850498	9.059636589e-04
8.855498	2.370002842e-04
8.860498	1.449930977e-03
8.865499	7.339701275e-04
8.870499	-2.029783488e-04
8.875499	-1.857886493e-03
8.880500	-3.099057873e-05
8.885500	8.489585503e-04
8.890500	4.559792333e-04
8.895500	-3.759754468e-04
8.900501	-1.579909259e-03
8.905501	9.639460229e-04
8.910501	2.224873422e-03
8.915502	1.067936787e-03
8.920502	1.622903783e-03
8.925502	1.564905205e-03
8.930502	9.059403771e-04
8.935503	2.939728457e-04
8.940503	-1.254942034e-03
8.945503	-8.059693709e-04
8.950504	-6.999774719e-04
8.955504	1.393902532e-03
8.960504	8.479309904e-04
8.965504	-6.909847482e-04
8.970505	6.279386752e-04
8.975505	1.564883529e-03
8.980505	5.139401595e-04
8.985505	-2.028919336e-03
8.990506	-1.024978429e-03
8.995506	2.730807602e-03
9.000506	2.663808640e-03
9.005507	-2.030328660e-04
9.010507	-1.856942669e-03
9.015507	1.789398846e-04
9.020507	2.453808934e-03
9.025508	-2.792898921e-03
9.030508	-1.473976210e-03
9.035508	2.166815817e-03
9.040509	-1.416985769e-03
9.045509	-9.200169938e-04
9.050509	-2.143951462e-03
9.055509	-4.733809144e-03
9.060510	-1.940679880e-04
9.065510	1.621826349e-03
9.070510	1.507829200e-03
9.075511	2.119791150e-03
9.080511	-1.150028575e-03
9.085511	-9.770420471e-04
9.090511	-3.650802749e-04
9.095512	1.589443307e-05
9.100512	3.508716695e-04
9.105512	1.344811774e-03
9.110513	-1.461083853e-04
9.115513	3.508595599e-04
9.120513	1.899768265e-03
9.125513	-7.000896850e-04
9.130514	-3.127957370e-03
9.135514	-5.851047610e-04
9.140514	2.118738732e-03
9.145514	-2.192023202e-03
9.150515	-2.469012130e-03
9.155515	9.057934375e-04
9.160515	2.779683385e-03
9.165516	1.947725501e-03
9.170516	7.907858414e-04
9.175516	4.647993738e-04
9.180516	-5.951458615e-04
9.185517	3.517959390e-04
9.190517	7.997657518e-04
9.195517	1.286733311e-03
9.200518	-6.521627121e-04
9.205518	-2.133084560e-03
9.210518	1.573701679e-03
9.215518	5.655466763e-03
9.220519	7.148377433e-03
9.225519	1.287701748e-03
9.230519	1.344693083e-03
9.235520	3.218582142e-03
9.240520	1.947648067e-03
9.245520	1.737654244e-03
9.250520	1.679651812e-03
9.255521	-2.032480130e-04
9.260521	4.087117451e-04
9.265521	3.390538118e-03
9.270522	1.668629059e-03
9.275522	-1.312209234e-03
9.280522	2.349578707e-03
9.285522	2.061588800e-03
9.290523	-1.312227562e-03
9.295523	2.453554352e-03
9.300523	1.124622829e-03
9.305523	-2.134200180e-03
9.310524	2.396538521e-03
9.315524	2.004554109e-03
9.320524	8.956099731e-04
9.325525	3.447459827e-03
9.330525	1.794546176e-03
9.335525	1.011583523e-03
9.340525	-1.809264539e-03
9.345526	-5.383428586e-04
9.350526	2.224494829e-03
9.355526	-8.938193192e-05
9.360527	-1.188327103e-03
9.365527	-3.139924555e-05
9.370527	3.415726571e-04
9.375527	-4.141297003e-05
9.380528	-3.094051256e-04
9.385528	-2.614151170e-04
9.390528	5.135339347e-04
9.395529	3.515356389e-04
9.400529	-2.044405511e-04
9.405529	1.507455612e-03
9.410529	1.345457139e-03
9.415530	-4.234509899e-04
9.420530	4.084945012e-04
9.425530	1.239439990e-03
9.430531	2.354886480e-04
9.435531	2.354807668e-04
9.440531	7.424443050e-04
9.445531	1.019420723e-03
9.450532	1.646908932e-05
9.455532	-2.125261452e-04
9.460532	1.884431203e-04
9.465532	1.020388081e-03
9.470533	2.224312055e-03
9.475533	7.323876356e-04
9.480533	-1.475496564e-03
9.485534	6.273766601e-04
9.490534	1.125340115e-03
9.495534	-1.254534585e-03
9.500534	1.066326198e-03
9.505535	1.573288971e-03
9.510535	-8.625827557e-04
9.515535	-7.096001868e-04
9.520536	8.473033403e-04
9.525536	7.992970989e-04
9.530536	-7.576243117e-04
9.535536	-5.386456911e-04
9.540537	5.702828032e-04
9.545537	-1.857589785e-03
9.550537	1.899189627e-03
9.555538	2.721134090e-03
9.560538	-9.216703246e-04
9.565538	-1.417651834e-03
9.570538	1.302516111e-04
9.575539	1.784149034e-03
9.580539	-2.127482118e-04
9.585539	3.022131691e-04
9.590540	-1.417699777e-03
9.595540	5.141817717e-04
9.600540	7.319675678e-05
9.605540	-3.677883169e-04
9.610541	8.561328850e-04
9.615541	-1.206761060e-03
9.620541	-3.178211294e-04
9.625541	-3.184733579e-05
9.630542	7.320995089e-04
9.635542	-1.533783251e-03
9.640542	-6.438436114e-04
9.645543	1.288037351e-03
9.650543	2.118980191e-03
9.655543	2.232963309e-03
9.660543	9.620242819e-04
9.665544	-3.099147477e-04
9.670544	-3.081769452e-03
9.675544	-4.809264772e-04
9.680545	-1.914856569e-03
9.685545	-8.159292152e-04
9.690545	4.549884042e-04
9.695545	-8.059515958e-04
9.700546	1.678897612e-03
9.705546	1.209742029e-04
9.710546	1.899863010e-03
9.715547	-8.069958785e-04
9.720547	-1.867947422e-03
9.725547	-5.960302693e-04
9.730547	2.492344779e-05
9.735548	1.898806618e-03
9.740548	3.978795925e-04
9.745548	-9.010447845e-05
9.750549	-1.753022508e-03
9.755549	7.328260003e-04
9.760549	2.013742238e-03
9.765549	-1.466073750e-03
9.770550	-1.581079097e-03
9.775550	-1.571710795e-04
9.780550	7.327669200e-04
9.785550	-3.220203580e-05
9.790551	-1.973104893e-03
9.795551	1.777619926e-04
9.800551	2.395625051e-03
9.805552	6.267123423e-04
9.810552	-4.252407602e-04
9.815552	1.239653233e-03
9.820552	3.506908437e-04
9.825553	-6.532651340e-04
9.830553	7.268150766e-05
9.835553	-1.524241227e-03
9.840554	-9.312872201e-04
9.845554	8.466000657e-04
9.850554	2.175512552e-03
9.855554	7.325809206e-04
9.860555	-4.243668581e-04
9.865555	1.840492798e-03
9.870555	-3.093992354e-04
9.875556	-7.583870179e-04
9.880556	8.945068920e-04
9.885556	-2.524417405e-04
9.890556	-4.244452805e-04
9.895557	-8.174364462e-04
9.900557	4.644781018e-04
9.905557	-1.695413777e-03
9.910558	-3.187343292e-03
9.915558	2.950297904e-03
9.920558	1.946340820e-03
9.925558	-1.151498523e-03
9.930559	1.123359814e-03
9.935559	2.175286894e-03
9.940559	-6.445682630e-04
9.945559	1.873710768e-04
9.950560	1.286295338e-03
9.955560	-1.810544410e-03
9.960560	-1.801558946e-03
9.965561	2.069209201e-03
9.970561	1.449229933e-03
9.975561	-2.307572918e-03
9.980561	-2.355584480e-03
9.985562	1.955158682e-03
9.990562	2.720101269e-03
9.995562	-7.587174536e-04
10.000563	-5.297448300e-04
10.005563	-8.737400298e-04
10.010563	-2.627890117e-04
10.015563	-1.639726215e-03
10.020564	-1.141768956e-03
10.025564	2.510010815e-03
10.030564	2.614990066e-03
10.035565	1.009065514e-03
10.040565	-2.088775163e-03
10.045565	4.540667634e-04
10.050565	2.729923653e-03
10.055566	-2.135817738e-03
10.060566	-2.087835627e-03
10.065566	-3.296647844e-05
10.070567	9.029655622e-04
10.075567	1.400021151e-05
10.080567	-5.309845489e-04
10.085567	-2.050183656e-04
10.090568	-1.972934441e-03
10.095568	4.069160778e-04
10.100568	-2.050651444e-04
10.105568	-3.200743834e-04
10.110569	2.348786286e-04
10.115569	-3.359934956e-03
10.120569	-4.831126850e-04
10.125570	1.735746545e-03
10.130570	2.918117810e-04
10.135570	1.288048963e-04
10.140570	-1.362127339e-03
10.145571	-1.420140245e-03
10.150571	-2.911072595e-03
10.155571	-1.974141592e-03
10.160572	-3.202509810e-04
10.165572	-3.742074874e-03
10.170572	-2.193178472e-03
10.175572	-4.242945028e-04
10.180573	-3.408143209e-03
10.185573	-3.304165689e-03
10.190573	-3.962145361e-03
10.195574	-1.753286374e-03
10.200574	-1.199334342e-03
10.205574	-4.794148963e-03
10.210574	-1.754336898e-03
10.215575	-4.254286363e-04
10.220575	8.454828306e-04
10.225575	3.484937001e-04
10.230576	-2.356371275e-03
10.235576	-3.905301340e-03
10.240576	-1.696442870e-03
10.245576	3.274260164e-03
10.250577	-4.835458037e-04
10.255577	-5.885573306e-04
10.260577	1.763821429e-04
10.265577	-1.973514456e-03
10.270578	1.863464265e-04
10.275578	1.333849589e-05
10.280578	1.180255126e-03
10.285579	7.882594004e-04
10.290579	-8.176680875e-04
10.295579	1.954158080e-03
10.300579	1.324932344e-05
10.305580	-2.308638057e-03
10.310580	-2.627712193e-04
10.315580	1.619104787e-03
10.320581	9.601236822e-04
10.325581	-1.141776303e-03
10.330581	1.314042995e-05
10.335581	-1.640784872e-03
10.340582	-7.598528391e-04
10.345582	2.671935629e-03
10.350582	1.953957500e-03
10.355583	5.100201564e-04
10.360583	-1.257899018e-03
10.365583	-3.209704202e-04
10.370583	4.059699340e-04
10.375584	-6.449897463e-04
10.380584	1.849446996e-04
10.385584	-1.535977403e-03
10.390585	3.488975791e-04
10.395585	6.258629636e-04
10.400585	-3.026950624e-03
10.405585	1.122796769e-03
10.410586	2.938675405e-03
10.415586	-4.841512920e-04
10.420586	-5.311679650e-04
10.425586	1.287755325e-04
10.430587	3.477437820e-04
10.435587	2.897275575e-04
10.440587	3.957020503e-04
10.445588	5.676727734e-04
10.450588	-1.363238255e-03
10.455588	-1.028276815e-03
10.460588	4.536200436e-04
10.465589	-2.063626554e-04
10.470589	7.060187740e-05
10.475589	9.025351317e-04
10.480590	-3.694133088e-04
10.485590	-4.274301003e-04
10.490590	-1.583385180e-03
10.495590	6.154709466e-04
10.500591	3.110310365e-03
10.505591	2.346374524e-05
10.510591	-7.035156941e-04
10.515592	1.388346225e-03
10.520592	-8.095505749e-04
10.525592	-1.419536766e-03
10.530592	5.103340977e-04
10.535593	-8.676090017e-04
10.540593	1.227252467e-03
10.545593	1.065240848e-03
10.550594	2.902636568e-04
10.555594	1.284186893e-03
10.560594	-3.575975093e-05
10.565594	-9.817274912e-04
10.570595	2.331831438e-04
10.575595	-2.068131744e-04
10.580595	7.015011571e-05
10.585595	1.733035379e-03
10.590596	1.179045305e-03
10.595596	-7.608668547e-04
10.600596	-1.917823119e-03
10.605597	7.004363640e-05
10.610597	8.919759297e-04
10.615597	-3.119778592e-04
10.620597	1.177916743e-03
10.625598	-7.049989608e-04
10.630598	-8.190142368e-04
10.635598	1.388839805e-03
10.640599	-1.201036294e-03
10.645599	1.178807960e-03
10.650599	1.293779577e-03
10.655599	-2.473030478e-03
10.660600	-1.422111628e-03
10.665600	1.561698424e-03
10.670600	5.097354668e-04
10.675601	-7.522157322e-04
10.680601	2.327066064e-04
10.685601	1.005640815e-03
10.690601	2.717522144e-03
10.695602	1.276454287e-04
10.700602	-2.855209234e-03
10.705602	1.166010450e-04
10.710603	5.665531450e-04
10.715603	5.765299415e-04
10.720603	9.574858115e-04
10.725603	-6.564461444e-04
10.730604	-2.530363530e-03
10.735604	-4.275046993e-04
10.740604	-9.244996600e-04
10.745605	9.573714914e-04
10.750605	1.560314538e-03
10.755605	-2.253493990e-03
10.760605	2.323430160e-04
10.765606	2.323198178e-04
10.770606	-3.568835957e-05
10.775606	6.812479957e-04
10.780606	1.226193971e-03
10.785607	9.481861897e-04
10.790607	-3.578193099e-05
10.795607	-1.364730699e-03
10.800608	-1.508225806e-04
10.805608	-9.284948623e-05
10.810608	-3.228602457e-04
10.815608	-2.078904688e-04
10.820609	1.177007808e-03
10.825609	1.339974774e-03
10.830609	-4.269497426e-04
10.835610	-7.049580789e-04
10.840610	-2.090100125e-04
10.845610	6.895026232e-05
10.850610	1.269228580e-04
10.855611	-1.260023312e-03
10.860611	1.559793795e-03
10.865611	5.658254057e-04
10.870612	-1.422087121e-03
10.875612	1.005751873e-03
10.880612	1.826681214e-03
10.885612	9.577055719e-04
10.890613	-1.976153957e-03
10.895613	-1.422209762e-03
10.900613	-9.732597141e-04
10.905614	1.110598300e-03
10.910614	7.275950424e-04
10.915614	-3.713679916e-04
10.920614	-1.202346157e-03
10.925615	-1.308365163e-03
10.930615	1.835258794e-04
10.935615	1.445429806e-03
10.940615	5.074574394e-04
10.945616	-1.642446800e-03
10.950616	1.894328980e-03
10.955616	1.674316057e-03
10.960617	-1.537528603e-03
10.965617	6.703217757e-04
10.970617	-1.145601528e-03
10.975617	-1.193624346e-03
10.980618	1.894176364e-03
10.985618	1.780157149e-03
10.990618	5.651998171e-04
10.995619	-2.097823222e-04
11.000619	2.881638703e-04
11.005619	-1.608367178e-04
11.010619	-8.208254906e-04
11.015620	6.220673763e-04
11.020620	6.800381026e-04
11.025620	2.104910960e-05
11.030621	-4.299516392e-04
11.035621	-1.041943385e-03
11.040621	1.829614722e-04
11.045621	2.056829765e-03
11.050622	-5.440502521e-04
11.055622	-9.510190366e-05
11.060622	1.559778546e-03
11.065623	-2.809002175e-03
11.070623	-1.204119021e-03
11.075623	2.887624170e-03
11.080623	-2.662250647e-04
11.085624	-1.146202279e-03
11.090624	2.552562858e-03
11.095624	2.332548406e-03
11.100624	-1.863242428e-03
11.105625	-2.149253275e-03
11.110625	-1.523926088e-04
11.115625	6.795335413e-04
11.120626	1.396466107e-03
11.125626	-1.147417933e-03
11.130626	-1.366432820e-03
11.135626	-9.453163937e-05
11.140627	-3.815428100e-04
11.145627	2.293954476e-04
11.150627	2.505239986e-03
11.155628	2.303404889e-04
11.160628	-7.066343320e-04
11.165628	2.170176234e-03
11.170628	-4.397045790e-04
11.175629	-2.532614530e-03
11.180629	7.361738218e-04
11.185629	1.616096515e-03
11.190630	-9.483508819e-05
11.195630	9.131151175e-06
11.200630	-7.658532146e-04
11.205630	4.590498545e-04
11.210631	1.820373657e-04
11.215631	-9.269283722e-04
11.220631	-1.619995869e-04
11.225632	1.892856575e-03
11.230632	1.949825082e-03
11.235632	-6.600564315e-04
11.240632	-1.319047753e-03
11.245633	-3.721294749e-04
11.250633	8.407737857e-04
11.255633	4.007699832e-04
11.260633	-1.806134469e-03
11.265634	9.734708417e-06
11.270634	6.670278616e-05
11.275634	-1.367245312e-03
11.280635	-4.883235839e-04
11.285635	2.656470616e-03
11.290635	2.275463120e-03
11.295635	-3.020267934e-03
11.300636	-2.084349625e-03
11.305636	5.054755827e-04
11.310636	8.474398444e-06
11.315637	-7.075145191e-04
11.320637	1.118353508e-03
11.325637	1.395308622e-03
11.330637	-9.275900525e-04
11.335638	-9.666621064e-05
11.340638	1.605208579e-03
11.345638	-1.653637600e-03
11.350639	-4.787332694e-04
11.355639	1.394131741e-03
11.360639	5.061520207e-04
11.365639	4.011281988e-04
11.370640	-1.090817650e-03
11.375640	1.557003551e-03
11.380640	2.713908575e-03
11.385641	-2.256841719e-03
11.390641	-3.575797512e-03
11.395641	6.596755834e-05
11.400641	6.679035927e-04
11.405642	-2.973921677e-03
11.410642	-1.206051343e-03
11.415642	1.222781754e-03
11.420642	8.819737151e-06
11.425643	-2.591955504e-04
11.430643	-4.312162914e-04
11.435643	6.572527994e-05
11.440644	-5.942681137e-04
11.445644	-1.923223925e-03
11.450644	8.975867499e-04
11.455644	1.327531880e-03
11.460645	-1.100362265e-03
11.465645	-1.865350015e-03
11.470645	-9.284335650e-04
11.475646	1.557395693e-03
11.480646	5.624207235e-04
11.485646	-1.808476890e-03
11.490646	-3.960745501e-05
11.495647	1.116296413e-03
11.500647	7.242873114e-04
11.505647	-9.286509039e-04
11.510648	1.336190419e-03
11.515648	1.605143976e-03
11.520648	-2.811638906e-03
11.525648	-9.782299924e-05
11.530649	6.771019351e-04
11.535649	-2.688763669e-04
11.540649	-9.868675474e-04
11.545650	-1.426874419e-03
11.550650	3.419943882e-04
11.555650	-3.739970614e-04
11.560650	-3.193870201e-03
11.565651	3.988958393e-04
11.570651	2.268736303e-04
11.575651	-2.258018512e-03
11.580651	5.137935588e-04
11.585652	-2.201085748e-03
11.590652	-1.817139444e-03
11.595652	6.472253833e-05
11.600653	-2.536163338e-03
11.605653	-2.697186530e-03
11.610653	-1.092309121e-03
11.615653	-1.321328591e-03
11.620654	-2.535292701e-03
11.625654	-8.154219168e-04
11.630654	-9.749481646e-05
11.635655	-2.095414978e-03
11.640655	-1.704469585e-03
11.645655	8.383546936e-04
11.650655	1.880263360e-03
11.655656	-5.376333802e-04
11.660656	-4.523441963e-03
11.665656	-2.478589876e-03
11.670657	1.727140591e-03
11.675657	3.891828885e-04
11.680657	-2.697676475e-03
11.685657	-2.640712757e-03
11.690658	-2.478754998e-03
11.695658	-2.641779007e-03
11.700658	-5.738638014e-03
11.705659	-8.510515355e-03
11.710659	-3.280090279e-04
11.715659	1.774839282e-03
11.720659	-3.252911300e-03
11.725660	5.618405977e-04
11.730660	2.998669965e-03
11.735660	4.441555198e-03
11.740660	2.271643632e-03
11.745661	-2.709109850e-03
11.750661	-3.970072655e-03
11.755661	-2.201205965e-03
11.760662	7.805924356e-04
11.765662	-1.563887491e-04
11.770662	-2.087314067e-03
11.775662	-2.134534880e-04
11.780663	7.234597513e-04
11.785663	-2.976366203e-03
11.790663	-4.905402057e-04
11.795664	2.329266951e-03
11.800664	-1.810534403e-03
11.805664	-2.364537541e-03
11.810664	8.372479737e-04
11.815665	-6.067051985e-04
11.820665	-2.651624612e-03
11.825665	1.726094594e-03
11.830666	2.548013795e-03
11.835666	3.881006985e-04
11.840666	1.210810599e-04
11.845666	-8.728977315e-04
11.850667	2.662868589e-03
11.855667	4.431734262e-03
11.860667	5.599172222e-04
11.865668	1.769038565e-04
11.870668	-4.910935270e-04
11.875668	-4.921284834e-04
11.880668	9.987525764e-04
11.885669	-2.097108370e-03
11.890669	3.977161088e-04
11.895669	-6.542599245e-04
11.900669	-1.925223688e-03
11.905670	2.328501686e-03
11.910670	1.505512619e-03
11.915670	-2.318307675e-03
11.920671	-8.834238670e-04
11.925671	-5.394787346e-04
11.930671	-1.266473403e-03
11.935671	-2.317449894e-03
11.940672	1.506299319e-03
11.945672	3.393292530e-04
11.950672	-3.876656152e-04
11.955673	1.009219980e-03
11.960673	-1.868653983e-03
11.965673	-2.727796827e-04
11.970673	8.941187010e-04
11.975674	1.611042350e-03
11.980674	-1.008974061e-04
11.985674	-3.879173762e-04
11.990675	1.100184432e-04
11.995675	6.739505000e-04
12.000675	-1.925939500e-03
12.005675	-1.705988191e-03
12.010676	-1.095058927e-03
12.015676	1.552755694e-03
12.020676	7.207660352e-04
12.025677	-1.650137096e-03
12.030677	1.171667588e-03
12.035677	7.796530283e-04
12.040677	1.102598196e-03
12.045678	1.332548546e-03
12.050678	1.390508523e-03
12.055678	-1.004444101e-04
12.060678	-1.592397336e-03
12.065679	-1.879418100e-03
12.070679	-2.725454604e-04
12.075679	-4.359535034e-05
12.080680	3.953428968e-04
12.085680	2.049212744e-03
12.090680	2.812750489e-04
12.095680	9.991974531e-04
12.100681	2.812005912e-04
12.105681	-2.702668845e-03
12.110681	-5.508272584e-04
12.115682	1.782004097e-03
12.120682	-5.409026714e-04
12.125682	-2.729552467e-04
12.130682	2.488851828e-03
12.135683	1.659449127e-04
12.140683	-1.096021738e-03
12.145683	-1.374043794e-03
12.150684	-1.047099933e-03
12.155684	2.823644510e-03
12.160684	1.111702979e-03
12.165684	-7.702290381e-04
12.170685	-6.562733896e-04
12.175685	4.996235918e-04
12.180685	1.274541958e-03
12.185686	-7.613815901e-04
12.190686	1.112474854e-03
12.195686	7.774555179e-04
12.200686	-1.595300007e-04
12.205687	-6.565403203e-04
12.210687	-1.430535106e-03
12.215687	1.112283461e-03
12.220687	1.494223547e-03
12.225688	-1.325656284e-03
12.230688	-2.147648563e-03
12.235688	1.552104722e-03
12.240689	8.341064961e-04
12.245689	-1.097823484e-03
12.250689	-5.492087222e-05
12.255689	1.180306334e-04
12.260690	-8.769522025e-04
12.265690	9.959035723e-04
12.270690	2.047805485e-03
12.275691	-2.261991008e-03
12.280691	-1.708061176e-03
12.285691	1.445722343e-03
12.290691	1.493680544e-03
12.295692	1.378647866e-03
12.300692	1.608595733e-03
12.305692	-1.536266585e-03
12.310693	-4.749125126e-03
12.315693	1.158503177e-03
12.320693	-1.604620076e-04
12.325693	-2.369377173e-03
12.330694	3.156272477e-03
12.335694	9.973544041e-04
12.340694	1.173643322e-04
12.345695	1.607240887e-03
12.350695	1.273220004e-03
12.355695	-1.488664337e-03
12.360695	-1.431707311e-03
12.365696	2.311593209e-04
12.370696	-4.378429063e-04
12.375696	3.260742048e-04
12.380696	1.435971804e-03
12.385697	-8.769380812e-04
12.390697	-1.040968907e-03
12.395697	2.218807600e-03
12.400698	2.788765899e-04
12.405698	8.338051744e-04
12.410698	2.207994182e-04
12.415698	-3.259045100e-03
12.420699	-6.582317565e-04
12.425699	1.989578896e-03
12.430699	4.506250442e-04
12.435700	5.555786608e-04
12.440700	1.101507422e-03
12.445700	-1.212402973e-03
12.450700	-4.750912866e-05
12.455701	1.444366273e-03
12.460701	-2.427456616e-03
12.465701	-2.766183802e-04
12.470702	1.607234829e-03
12.475702	5.828111729e-05
12.480702	-6.677189398e-04
12.485702	-3.807760305e-04
12.490703	6.691239090e-04
12.495703	-2.647730530e-03
12.500703	-1.652827590e-03
12.505704	1.874932809e-03
12.510704	3.317810453e-03
12.515704	3.919338321e-04
12.520704	-1.872980020e-03
12.525705	1.051814114e-03
12.530705	6.027980080e-04
12.535705	5.778725643e-05
12.540705	-1.433170324e-03
12.545706	1.167641852e-03
12.550706	1.663572399e-03
12.555706	-1.654282541e-03
12.560707	-5.741402364e-05
12.565707	-5.534278095e-04
12.570707	5.749608350e-05
12.575707	1.108395178e-03
12.580708	-2.775686789e-04
12.585708	6.603366802e-04
12.590708	2.887169480e-03
12.595709	9.452367630e-04
12.600709	-2.657602559e-03
12.605709	-1.605703797e-03
12.610709	3.921417011e-04
12.615710	5.540904389e-04
12.620710	-7.168802549e-04
12.625710	-1.261891836e-03
12.630711	2.598848675e-03
12.635711	1.432871937e-03
12.640711	-1.377012363e-03
12.645711	-2.208008038e-03
12.650712	7.737817391e-04
12.655712	3.258599429e-03
12.660712	-2.208135581e-03
12.665713	-1.157237312e-03
12.670713	1.107592618e-03
12.675713	-2.203753710e-04
12.680713	2.704417339e-03
12.685714	3.210346086e-03
12.690714	2.102365585e-03
12.695714	3.594238773e-03
12.700714	2.207273876e-03
12.705715	-1.636357102e-04
12.710715	-4.868519352e-05
12.715715	-4.987029376e-04
12.720716	4.146992595e-03
12.725716	4.147949389e-03
12.730716	-8.328135963e-04
12.735716	-2.543760582e-03
12.740717	-3.366757569e-03
12.745717	-4.475738511e-03
12.750717	-1.768934169e-03
12.755718	4.204686341e-03
12.760718	9.337354116e-03
12.765718	8.401363263e-03
12.770718	-1.263136581e-03
12.775719	-1.742414417e-04
12.780719	8.343235729e-03
12.785719	5.476353326e-03
12.790720	5.581303687e-03
12.795720	4.308331523e-03
12.800720	2.263402744e-03
12.805720	5.313187297e-03
12.810721	3.764230526e-03
12.815721	3.095224206e-03
12.820721	-9.385928589e-04
12.825722	2.321179703e-03
12.830722	4.968986650e-03
12.835722	1.022163128e-04
12.840722	-1.436741287e-03
12.845723	1.222064907e-03
12.850723	1.880983569e-03
12.855723	-7.189144766e-04
12.860723	-7.769555681e-04
12.865724	-5.000155493e-04
12.870724	1.488828116e-03
12.875724	5.518363406e-04
12.880725	-8.241307823e-04
12.885725	4.467531422e-04
12.890725	1.117273692e-04
12.895725	-1.743012042e-04
12.900726	-1.743459106e-04
12.905726	1.440518486e-03
12.910726	2.835387801e-04
12.915727	-2.154368907e-03
12.920727	-5.953164366e-05
12.925727	-1.378502368e-03
12.930727	-1.437544018e-03
12.935728	1.487246422e-03
12.940728	3.094110963e-03
12.945728	3.707031379e-03
12.950729	-8.827555512e-04
12.955729	-4.983570034e-03
12.960729	-1.771795957e-03
12.965729	1.232736557e-02
12.970730	2.199177654e-02
12.975730	1.265225660e-02
12.980730	2.329791928e-03
12.985731	-1.217053980e-03
12.990731	4.928043326e-04
12.995731	2.271658721e-03
13.000731	1.984629289e-03
13.005732	2.098577257e-03
13.010732	1.686401673e-04
13.015732	-1.753861865e-04
13.020732	3.093384165e-03
13.025733	3.485316321e-03
13.030733	2.734511796e-04
13.035733	2.734053020e-04
13.040734	-2.547481921e-03
13.045734	-4.436462464e-04
13.050734	2.157161427e-03
13.055734	-1.772663538e-03
13.060735	4.921629519e-04
13.065735	1.706048523e-03
13.070735	3.880764914e-04
13.075736	-5.489170165e-04
13.080736	-1.332919174e-03
13.085736	3.309409119e-04
13.090736	1.763813951e-03
13.095737	1.160801483e-03
13.100737	8.847705778e-04
13.105737	1.047714934e-03
13.110738	-1.544185768e-03
13.115738	7.696374971e-04
13.120738	4.356096853e-04
13.125738	-1.946302957e-03
13.130739	-4.444341390e-04
13.135739	-8.264593772e-04
13.140739	-2.255399568e-04
13.145740	8.263540502e-04
13.150740	1.267282387e-03
13.155740	2.203182836e-03
13.160740	1.982148330e-03
13.165741	2.156091562e-03
13.170741	7.791220040e-04
13.175741	1.983007208e-03
13.180741	1.819969272e-03
13.185742	-6.079412862e-04
13.190742	2.422841014e-03
13.195742	2.489790014e-03
13.200743	-4.450921484e-04
13.205743	-2.491024364e-03
13.210743	-1.544124993e-03
13.215743	4.907131292e-04
13.220744	-2.262939743e-04
13.225744	6.646084216e-04
13.230744	8.265517865e-04
13.235745	3.765295384e-04
13.240745	-2.834809374e-04
13.245745	-6.354095950e-05
13.250745	1.103345703e-03
13.255746	-7.135998088e-04
13.260746	5.482814270e-04
13.265746	3.192464988e-04
13.270747	-7.797395282e-04
13.275747	-5.382826275e-05
13.280747	9.870652411e-04
13.285747	9.400199100e-04
13.290748	-2.319844713e-03
13.295748	-1.278951332e-03
13.300748	7.678854151e-04
13.305749	-8.370724334e-04
13.310749	4.428073798e-04
13.315749	-7.711725463e-04
13.320749	-3.046092826e-03
13.325750	1.760588452e-03
13.330750	3.358450213e-03
13.335750	-1.683997570e-04
13.340750	-1.823355078e-03
13.345751	-3.414869129e-04
13.350751	2.536302679e-03
13.355751	-1.048544190e-03
13.360752	-2.053536239e-03
13.365752	1.044240855e-03
13.370752	1.331176043e-03
13.375752	1.809100446e-03
13.380753	-5.038181819e-04
13.385753	-1.985783598e-03
13.390753	-1.555856616e-03
13.395754	-1.498908690e-03
13.400754	3.309771869e-03
13.405754	2.534766519e-03
13.410754	-1.385061947e-03
13.415755	-1.059129314e-03
13.420755	-7.237563263e-06
13.425755	8.246665242e-04
13.430756	-6.093019531e-04
13.435756	1.435533817e-03
13.440756	4.315410698e-04
13.445756	-6.548023841e-05
13.450757	-5.625015863e-04
13.455757	-1.441501484e-03
13.460757	-1.212563753e-03
13.465758	1.493234593e-03
13.470758	2.420132979e-03
13.475758	-1.671686328e-03
13.480758	-1.613739136e-03
13.485759	6.600833552e-04
13.490759	4.410460518e-04
13.495759	1.540125344e-04
13.500759	6.029375735e-04
13.505760	-3.900563060e-04
13.510760	-8.127576338e-06
13.515760	8.797726488e-04
13.520761	4.876953818e-05
13.525761	-3.268093760e-03
13.530761	-2.876165750e-03
13.535761	-1.499293190e-03
13.540762	-3.546228050e-03
13.545762	-1.997365244e-03
13.550762	-2.713375058e-03
13.555763	-3.928356840e-03
13.560763	-1.777528017e-03
13.565763	-3.383487880e-03
13.570763	-7.836843934e-04
13.575764	-5.537476196e-04
13.580764	-1.223760254e-03
13.585764	-1.777779453e-03
13.590765	-4.959019764e-04
13.595765	3.412827679e-03
13.600765	-5.639990733e-04
13.605765	4.398939272e-04
13.610766	2.590722364e-03
13.615766	3.804603474e-03
13.620766	5.133478076e-03
13.625767	2.427579631e-03
13.630767	2.254538653e-03
13.635767	1.701519013e-03
13.640767	2.198440267e-03
13.645768	2.925348544e-03
13.650768	-1.825435049e-03
13.655768	-9.588111008e-06
13.660768	9.263082941e-04
13.665769	-1.664596925e-03
13.670769	1.052524868e-04
13.675769	4.871799436e-04
13.680770	-2.298308125e-04
13.685770	-8.898448130e-04
13.690770	3.810325191e-04
13.695770	9.259506550e-04
13.700771	2.809793427e-03
13.705771	4.473648537e-03
13.710771	-5.814782990e-05
13.715772	-1.884096463e-03
13.720772	1.479662901e-03
13.725772	4.128462449e-03
13.730772	1.423563153e-03
13.735773	-4.513828735e-04
13.740773	1.956643940e-02
13.745773	2.525406784e-02
13.750774	8.878937465e-03
13.755774	3.306199323e-03
13.760774	3.917113259e-03
13.765774	5.350980859e-03
13.770775	-1.157633574e-04
13.775775	2.255051457e-03
13.780775	9.820712303e-04
13.785776	-3.939032393e-04
13.790776	1.182335752e-02
13.795776	1.148832441e-02
13.800776	1.137327889e-02
13.805777	8.065412959e-03
13.810777	-4.484933038e-03
13.815777	-4.934959822e-03
13.820777	3.085536817e-03
13.825778	4.797388335e-03
13.830778	1.159295381e-02
13.835778	1.005298820e-02
13.840779	1.708405373e-03
13.845779	1.642356768e-03
13.850779	2.750242082e-03
13.855779	2.645195598e-03
13.860780	-2.114589053e-03
13.865780	-9.487071109e-04
13.870780	2.091069372e-03
13.875781	4.078904999e-03
13.880781	9.221563104e-03
13.885781	1.243332980e-02
13.890781	1.364720886e-02
13.895782	1.037834008e-02
13.900782	-1.723031830e-03
13.905782	3.027648146e-03
13.910783	9.766216250e-03
13.915783	6.458349519e-03
13.920783	3.084486465e-03
13.925783	1.641514745e-03
13.930784	2.644405388e-03
13.935784	-1.184921461e-04
13.940784	4.444568032e-05
13.945785	7.043555120e-04
13.950785	2.587196507e-03
13.955785	1.087467715e-02
13.960785	1.933414808e-02
13.965786	1.734520679e-02
13.970786	7.394713374e-03
13.975786	1.649983310e-03
13.980786	2.308892949e-03
13.985787	2.639546686e-04
13.990787	1.499077230e-04
13.995787	2.251736080e-03
14.000788	4.927816043e-04
14.005788	4.375339876e-05
14.010788	4.369989936e-05
14.015788	1.372571601e-03
14.020789	2.414459413e-03
14.025789	4.355171387e-04
14.030789	9.324355403e-04
14.035790	4.517180190e-03
14.040790	2.535495417e-02
14.045790	2.722879500e-02
14.050790	4.632012488e-03
14.055791	-7.207401888e-04
14.060791	1.372088220e-03
14.065791	1.592021961e-03
14.070792	2.135937441e-03
14.075792	3.683796405e-03
14.080792	1.037891271e-03
14.085792	1.008899615e-04
14.090793	8.665354077e-03
14.095793	2.678828041e-02
14.100793	2.336641879e-02
14.105794	4.354434223e-03
14.110794	-3.973526431e-04
14.115794	-1.171363328e-03
14.120794	-2.234522638e-02
14.125795	-2.615906611e-02
14.130795	-2.245794872e-04
14.135795	-1.355088413e-02
14.140795	-3.174191513e-02
14.145796	-3.256292337e-02
14.150796	-4.267640887e-02
14.155796	-4.251547242e-02
14.160797	-4.461740871e-02
14.165797	-4.732231110e-02
14.170797	-4.174067972e-02
14.175797	-4.489455692e-02
14.180798	-4.793544052e-02
14.185798	-4.605160120e-02
14.190798	-4.312682049e-02
14.195799	-3.665623929e-02
14.200799	-4.710270638e-02
14.205799	-4.632880476e-02
14.210799	-4.406398705e-02
14.215800	-4.362406670e-02
14.220800	-2.936192401e-02
14.225800	-4.317520186e-02
14.230801	-5.002887129e-02
14.235801	-4.240935499e-02
14.240801	-4.876705239e-02
14.245801	-5.887153902e-02
14.250802	-6.755110586e-02
14.255802	-7.866853558e-02
14.260802	-9.175385461e-02
14.265803	-1.048591726e-01
14.270803	-1.166935620e-01
14.275803	-1.329347036e-01
14.280803	-1.452560658e-01
14.285804	-1.600722876e-01
14.290804	-1.798592298e-01
14.295804	-1.891517625e-01
14.300805	-1.880998771e-01
14.305805	-1.924016906e-01
14.310805	-1.981564224e-01
14.315805	-1.890359910e-01
14.320806	-1.743348737e-01
14.325806	-1.600267343e-01
14.330806	-1.413958381e-01
14.335806	-1.131944804e-01
14.340807	-7.887946660e-02
14.345807	-4.318553045e-02
14.350807	-1.742403555e-02
14.355808	7.552503480e-03
14.360808	3.701479012e-02
14.365808	4.812110940e-02
14.370808	6.713398385e-02
14.375809	7.636840838e-02
14.380809	8.050811951e-02
14.385809	8.333690435e-02
14.390810	7.708420008e-02
14.395810	7.741112561e-02
14.400810	7.223036097e-02
14.405810	7.177933020e-02
14.410811	7.249623370e-02
14.415811	7.012631083e-02
14.420811	6.735241065e-02
14.425812	5.940080173e-02
14.430812	5.718387016e-02
14.435812	5.988766172e-02
14.440812	5.387494363e-02
14.445813	5.055807384e-02
14.450813	5.006104538e-02
14.455813	5.199188031e-02
14.460814	5.696254418e-02
14.465814	6.116825106e-02
14.470814	6.249811969e-02
14.475814	5.889426587e-02
14.480815	5.630135513e-02
14.485815	6.078504625e-02
14.490815	6.463877277e-02
14.495815	6.956143913e-02
14.500816	7.388113938e-02
14.505816	7.852782120e-02
14.510816	8.156759339e-02
14.515817	8.791417952e-02
14.520817	9.172790811e-02
14.525817	8.940398197e-02
14.530817	9.454863562e-02
14.535818	9.824737059e-02
14.540818	9.681239434e-02
14.545818	9.732030876e-02
14.550819	9.625931142e-02
14.555819	9.117254052e-02
14.560819	8.758768511e-02
14.565819	7.819215656e-02
14.570820	7.807710588e-02
14.575820	7.885200510e-02
14.580820	6.945547652e-02
14.585821	5.950397913e-02
14.590821	5.503017354e-02
14.595821	4.652259486e-02
14.600821	4.076786128e-02
14.605822	3.546210241e-02
14.610822	2.014990646e-02
14.615822	3.087524564e-02
14.620823	2.319762011e-02
14.625823	8.324399378e-03
14.630823	5.285512827e-03
14.635823	2.082635472e-03
14.640824	2.693543529e-03
14.645824	2.531495042e-03
14.650824	2.025465878e-03
14.655824	-2.296348644e-03
14.660825	-1.789434854e-03
14.665825	-2.173837027e-02
14.670825	-3.240682783e-02
14.675826	-1.222902079e-02
14.680826	-2.693025152e-02
14.685826	-3.030311960e-02
14.690826	-1.803986739e-02
14.695827	-3.611690829e-02
14.700827	-3.832384205e-02
14.705827	-4.240567037e-02
14.710828	-4.997730238e-02
14.715828	-5.098030396e-02
14.720828	-5.877192366e-02
14.725828	-6.546360526e-02
14.730829	-6.368376349e-02
14.735829	-7.446721495e-02
14.740829	-7.762209561e-02
14.745830	-6.871265503e-02
14.750830	-6.982165085e-02
14.755830	-6.932473705e-02
14.760830	-6.021530780e-02
14.765831	-5.302677051e-02
14.770831	-4.031354407e-02
14.775831	-2.157765648e-02
14.780832	-3.610689746e-02
14.785832	-2.239972702e-02
14.790832	2.755440418e-02
14.795832	2.419053496e-02
14.800833	1.733786199e-02
14.805833	4.054549784e-02
14.810833	4.507618440e-02
14.815833	5.148076551e-02
14.820834	5.536248852e-02
14.825834	5.464547023e-02
14.830834	5.170957674e-02
14.835835	4.739976051e-02
14.840835	5.773312045e-02
14.845835	5.492121991e-02
14.850835	4.469373652e-02
14.855836	4.303077128e-02
14.860836	4.767645109e-02
14.865836	5.568694158e-02
14.870837	4.391854477e-02
14.875837	4.668233038e-02
14.880837	6.028550615e-02
14.885837	6.304629187e-02
14.890838	6.591407154e-02
14.895838	6.967180112e-02
14.900838	8.000416079e-02
14.905839	7.398244049e-02
14.910839	7.337041583e-02
14.915839	7.922902710e-02
14.920839	6.989949282e-02
14.925840	6.486271701e-02
14.930840	5.812403691e-02
14.935840	5.790399006e-02
14.940841	5.026636048e-02
14.945841	3.800099123e-02
14.950841	4.071577919e-02
14.955841	3.374811185e-02
14.960842	4.087865133e-02
14.965842	1.877783530e-02
14.970842	1.511698184e-02
14.975842	3.893758228e-02
14.980843	1.898764517e-02
14.985843	6.054313283e-03
14.990843	3.684387090e-03
14.995844	1.744436680e-03
15.000844	1.132411537e-03
15.005844	-7.258027205e-05
15.010844	1.255285397e-03
15.015845	5.862633827e-04
15.020845	-4.230525309e-03
15.025845	-3.092008349e-02
15.030846	-2.848228037e-02
15.035846	-5.550630233e-03
15.040846	-2.760344935e-02
15.045846	-3.445712358e-02
15.050847	-3.832896559e-02
15.055847	-2.970551059e-02
15.060847	-2.693372641e-02
15.065848	-4.097699626e-02
15.070848	-3.717227025e-02
15.075848	-3.523143940e-02
15.080848	-2.140927700e-02
15.085849	-3.865336688e-02
15.090849	-2.660910451e-02
15.095849	-2.555822370e-02
15.100850	-3.390381427e-02
15.105850	-1.727081013e-02
15.110850	-3.655078560e-02
15.115850	-2.494649861e-02
15.120851	-1.792995354e-02
15.125851	-3.788989083e-02
15.130851	-1.849504220e-02
15.135851	-8.036690831e-03
15.140852	-3.655114693e-02
15.145852	-2.577781333e-02
15.150852	-1.079971632e-02
15.155853	-3.507041124e-02
15.160853	-2.881882333e-02
15.165853	-2.749095844e-02
15.170853	-3.070183824e-02
15.175854	-3.346374332e-02
15.180854	-3.789055475e-02
15.185854	-1.417394953e-02
15.190855	-3.241298395e-02
15.195855	-3.207906329e-02
15.200855	-6.489563506e-03
15.205855	-2.285470343e-02
15.210856	-3.672398379e-02
15.215856	-1.455629156e-02
15.220856	-1.299098074e-03
15.225857	-3.890013013e-03
15.230857	-7.342512755e-04
15.235857	-2.847193152e-03
15.240857	-3.239231867e-03
15.245858	2.352392760e-03
15.250858	4.559207788e-03
15.255858	2.456702133e-02
15.260859	3.109659312e-02
15.265859	1.069767985e-02
15.270859	2.810363970e-02
15.275859	3.285431149e-02
15.280860	1.252339433e-02
15.285860	2.943238206e-02
15.290860	3.269213767e-02
15.295860	1.003735117e-02
15.300861	2.434648510e-02
15.305861	3.042608199e-02
15.310861	1.075412761e-02
15.315862	9.656171818e-04
15.320862	5.255807924e-04
15.325862	-3.451256644e-03
15.330862	-2.401216110e-02
15.335863	-2.373523790e-02
15.340863	-5.889303124e-03
15.345863	-1.796594635e-03
15.350864	-1.705279762e-02
15.355864	-3.396390753e-02
15.360864	-1.853583682e-02
15.365864	-1.300867789e-03
15.370865	-3.126826435e-03
15.375865	4.281695375e-03
15.380865	1.760688430e-02
15.385866	2.086663947e-02
15.390866	1.511190176e-02
15.395866	1.920261014e-02
15.400866	3.280578333e-02
15.405867	2.042741820e-02
15.410867	5.992168755e-03
15.415867	1.826541670e-02
15.420868	3.457343764e-02
15.425868	1.538845535e-02
15.430868	8.012143671e-04
15.435868	-1.489396430e-02
15.440869	-3.556986278e-02
15.445869	-1.024934899e-02
15.450869	-1.243917351e-03
15.455869	-2.750250182e-02
15.460870	-2.914747105e-02
15.465870	-8.863673981e-03
15.470870	-7.571918546e-04
15.475871	-4.513042389e-03
15.480871	-2.201711949e-02
15.485871	-3.208261509e-02
15.490871	-1.163482736e-02
15.495872	-1.187477032e-03
15.500872	-4.342361483e-03
15.505872	-4.226439630e-04
15.510873	1.312628917e-04
15.515873	-5.187625428e-04
15.520873	3.066973703e-03
15.525873	1.781608189e-02
15.530874	2.445864612e-02
15.535874	1.655302879e-02
15.540874	1.528103824e-02
15.545875	3.296598118e-02
15.550875	2.063561272e-02
15.555875	1.959260923e-02
15.560875	3.699956774e-02
15.565876	1.544471818e-02
15.570876	1.411445443e-03
15.575876	6.821078850e-03
15.580877	2.926675381e-02
15.585877	2.948667914e-02
15.590877	4.442025811e-03
15.595877	2.405078072e-03
15.600878	6.992757620e-03
15.605878	3.667882298e-03
15.610878	1.792901759e-02
15.615878	2.965829530e-02
15.620879	1.097028423e-02
15.625879	4.220601502e-03
15.630879	2.347644397e-03
15.635880	-1.027228232e-03
15.640880	2.844491435e-03
15.645880	2.233463276e-03
15.650880	2.672376028e-03
15.655881	1.849359756e-03
15.660881	-1.581509821e-03
15.665881	-1.571572994e-03
15.670882	1.745177777e-03
15.675882	7.311721715e-04
15.680882	-3.130673238e-03
15.685882	-1.408832798e-03
15.690883	1.457943211e-03
15.695883	-4.740108298e-04
15.700883	-1.467017714e-03
15.705884	1.247766788e-03
15.710884	5.777416952e-04
15.715884	1.287041510e-04
15.720884	4.156251837e-04
15.725885	-8.653655937e-04
15.730885	2.728369364e-03
15.735885	-9.639997689e-03
15.740886	-3.197980378e-02
15.745886	-2.081549479e-02
15.750886	-1.744630632e-03
15.755886	-6.888404207e-03
15.760887	-2.871123946e-02
15.765887	-2.783235190e-02
15.770887	-1.004341569e-02
15.775887	-1.473521477e-02
15.780888	-3.318423990e-02
15.785888	-2.374083424e-02
15.790888	-1.838819846e-02
15.795889	-3.357740704e-02
15.800889	-1.849331878e-02
15.805889	-9.241712974e-05
15.810889	-4.671222691e-03
15.815890	-2.026140878e-02
15.820890	-2.745006755e-02
15.825890	-1.706071526e-02
15.830891	-3.628534169e-03
15.835891	-1.018744242e-03
15.840891	1.188068339e-03
15.845891	-1.746829832e-03
15.850892	-1.803889925e-03
15.855892	-5.900215354e-04
15.860892	-5.330880761e-04
15.865893	-1.169652339e-02
15.870893	-3.186745197e-02
15.875893	-2.081713704e-02
15.880893	-1.688276613e-03
15.885894	7.475229273e-04
15.890894	-4.682235043e-03
15.895894	-6.832177550e-03
15.900895	-1.373385275e-02
15.905895	-3.170490521e-02
15.910895	-1.413495719e-02
15.915895	-9.157644099e-04
15.920896	-5.561566588e-03
15.925896	-4.069714080e-03
15.930896	-6.326650686e-03
15.935896	-1.076246473e-02
15.940897	-2.877951472e-02
15.945897	-2.152498648e-02
15.950897	1.023681310e-03
15.955898	1.433086900e-02
15.960898	2.516019608e-02
15.965898	1.102292773e-02
15.970898	2.840324357e-03
15.975899	7.314008945e-03
15.980899	3.778144123e-03
15.985899	7.362514949e-04
15.990900	1.168157195e-02
15.995900	2.904153150e-02
16.000900	1.798208988e-02
16.005900	4.379791306e-03
16.010901	4.444723810e-03
16.015901	4.492657255e-03
16.020901	3.834630401e-03
16.025902	2.562638071e-03
16.030902	1.971722672e-05
16.035902	-2.473316714e-04
16.040902	-3.723885736e-04
16.045903	-1.471390699e-03
16.050903	2.964458760e-04
16.055903	2.169276528e-03
16.060904	1.510249604e-03
16.065904	-2.302599906e-03
16.070904	-8.096337988e-03
16.075904	-1.451104115e-02
16.080905	-2.452854164e-02
16.085905	-1.938589504e-02
16.090905	-3.899830358e-03
16.095905	-6.777732558e-03
16.100906	-2.529375499e-02
16.105906	-2.983456367e-02
16.110906	-6.834921755e-03
16.115907	1.242559648e-03
16.120907	-1.979323276e-03
16.125907	-1.644406316e-03
16.130907	-3.231381248e-03
16.135908	-5.335327110e-03
16.140908	-2.199567766e-03
16.145908	2.862281286e-04
16.150909	-8.127743146e-04
16.155909	-7.468423102e-04
16.160909	2.396916525e-03
16.165909	3.822771993e-03
16.170910	2.341790981e-03
16.175910	-2.027027579e-03
16.180910	4.491541336e-03
16.185911	2.903809600e-02
16.190911	2.013853230e-02
16.195911	3.335413218e-03
16.200911	3.383346106e-03
16.205912	1.612381309e-03
16.210912	2.463937141e-04
16.215912	-4.786299543e-04
16.220913	2.827119597e-03
16.225913	2.349082006e-03
16.230913	-2.687699130e-03
16.235913	-3.528716328e-03
16.240914	-1.531893193e-03
16.245914	-4.399796389e-03
16.250914	-2.048695590e-02
16.255914	-2.469278385e-02
16.260915	-6.779856191e-03
16.265915	-2.032907750e-04
16.270915	9.055822336e-04
16.275916	-3.142967222e-05
16.280916	1.726153281e-02
16.285916	2.708791534e-02
16.290916	8.580891867e-03
16.295917	7.643879908e-03
16.300917	2.502104491e-03
16.305917	5.044896737e-03
16.310918	3.311825265e-02
16.315918	2.207780905e-02
16.320918	6.592615486e-03
16.325918	7.472501234e-03
16.330919	1.134321871e-02
16.335919	3.174100638e-02
16.340919	2.140952282e-02
16.345920	5.981325992e-03
16.350920	1.350283803e-02
16.355920	3.191373742e-02
16.360920	2.377913023e-02
16.365921	2.632192232e-02
16.370921	3.207653371e-02
16.375921	1.831124325e-02
16.380922	3.659714962e-02
16.385922	2.493474083e-02
16.390922	6.763698196e-03
16.395922	2.560457331e-02
16.400923	3.068022282e-02
16.405923	1.145723933e-02
16.410923	9.306295378e-03
16.415923	2.836715806e-02
16.420924	2.615921729e-02
16.425924	8.035171933e-03
16.430924	3.713350065e-03
16.435925	3.123273684e-02
16.440925	3.234360931e-02
16.445925	4.106132871e-03
16.450925	3.608095834e-03
16.455926	6.647859754e-03
16.460926	2.764961314e-02
16.465926	2.864349214e-02
16.470927	6.370680079e-03
16.475927	2.556829529e-03
16.480927	1.676813914e-03
16.485927	1.725746027e-03
16.490928	-9.231700938e-04
16.495928	-4.842599432e-04
16.500928	4.707382814e-03
16.505929	-3.683968079e-04
16.510929	-8.446007561e-03
16.515929	-1.812052848e-02
16.520929	-2.861600323e-02
16.525930	-1.198300421e-02
16.530930	-1.739376504e-02
16.535930	-3.651175473e-02
16.540931	-1.435406654e-02
16.545931	-2.027079894e-02
16.550931	-3.862483164e-02
16.555931	-1.043548282e-02
16.560932	-1.236643949e-02
16.565932	-3.541220827e-02
16.570932	-2.164704799e-02
16.575932	-6.678955406e-03
16.580933	-3.149462464e-02
16.585933	-3.209665612e-02
16.590933	-1.054093418e-02
16.595934	-3.308973098e-02
16.600934	-2.845405715e-02
16.605934	-4.309480881e-03
16.610934	-2.090671105e-03
16.615935	-2.579640286e-02
16.620935	-3.547092399e-02
16.625935	-9.165469334e-03
16.630936	-1.315976372e-03
16.635936	1.188347900e-05
16.640936	-1.422101301e-03
16.645936	-6.066905454e-03
16.650937	-2.303601627e-02
16.655937	-3.187758433e-02
16.660937	-8.944939988e-03
16.665938	1.503406699e-03
16.670938	1.142512520e-05
16.675938	-4.290398379e-03
16.680938	-1.187003749e-02
16.685939	-2.558833125e-02
16.690939	-2.641035055e-02
16.695939	-3.965678818e-03
16.700940	-1.202899813e-03
16.705940	-2.552059730e-02
16.710940	-3.303424018e-02
16.715940	-9.165648587e-03
16.720941	-3.469034671e-03
16.725941	-1.159364320e-02
16.730941	-2.315105861e-02
16.735941	-2.718489730e-02
16.740942	-1.331474325e-02
16.745942	-2.103837437e-02
16.750942	-3.104587701e-02
16.755943	-1.386990897e-02
16.760943	-3.412562955e-03
16.765943	-7.723386110e-03
16.770943	-1.917480755e-02
16.775944	-2.297965919e-02
16.780944	-1.303828418e-02
16.785944	-8.449608038e-03
16.790945	-1.481065796e-03
16.795945	1.224716256e-03
16.800945	-4.872531629e-04
16.805945	-6.603091668e-04
16.810946	-3.250229209e-03
16.815946	-3.852261094e-03
16.820946	-2.256416637e-03
16.825947	-3.584407697e-03
16.830947	-1.137503518e-02
16.835947	-1.021916600e-02
16.840947	-1.644714178e-03
16.845948	-3.087698798e-03
16.850948	-1.105031664e-02
16.855948	-1.457818398e-02
16.860949	-6.013731627e-03
16.865949	-7.650927387e-04
16.870949	1.003741912e-03
16.875949	2.054616948e-03
16.880950	-2.113214235e-04
16.885950	-1.540312513e-03
16.890950	-1.148400426e-03
16.895950	6.774309835e-04
16.900951	-2.037482157e-03
16.905951	-5.077377021e-03
16.910951	-1.654635471e-03
16.915952	1.165139993e-03
16.920952	-5.077574704e-03
16.925952	-2.607845913e-02
16.930952	-2.640350676e-02
16.935953	-6.071716527e-03
16.940953	-1.770024466e-03
16.945953	-1.426109751e-03
16.950954	-6.992165878e-04
16.955954	3.896562043e-04
16.960954	2.175999286e-04
16.965954	-7.664106737e-04
16.970955	7.479820589e-06
16.975955	-2.095467844e-03
16.980955	1.504350196e-02
16.985956	2.914264277e-02
16.990956	8.074762035e-03
16.995956	1.824047696e-03
17.000956	5.809757462e-03
17.005957	3.600815726e-03
17.010957	6.420591075e-03
17.015957	-3.180958347e-04
17.020958	1.448900511e-02
17.025958	3.426682640e-02
17.030958	1.310295102e-02
17.035958	2.940456710e-03
17.040959	4.594297620e-03
17.045959	5.532178804e-03
17.050959	2.730788767e-02
17.055959	2.388501418e-02
17.060960	7.136890337e-03
17.065960	8.016774764e-03
17.070960	2.106397467e-02
17.075961	3.095735199e-02
17.080961	1.404823719e-02
17.085961	1.719299418e-02
17.090961	3.261206063e-02
17.095962	1.659089586e-02
17.100962	5.368461110e-03
17.105962	6.410336384e-03
17.110963	2.609216299e-02
17.115963	3.250673600e-02
17.120963	8.904997677e-03
17.125963	1.498358957e-02
17.130964	3.034565919e-02
17.135964	2.045214965e-02
17.140964	6.638860625e-03
17.145965	1.095055191e-02
17.150965	3.332822682e-02
17.155965	2.261176356e-02
17.160965	4.822698191e-03
17.165966	9.841349685e-03
17.170966	2.492543491e-02
17.175966	2.935111975e-02
17.180967	1.840566936e-02
17.185967	2.902600569e-02
17.190967	2.068040902e-02
17.195967	9.457974199e-03
17.200968	7.795001567e-03
17.205968	3.066964847e-02
17.210968	3.178851933e-02
17.215968	3.044070261e-03
17.220969	7.781315368e-04
17.225969	6.160744478e-04
17.230969	2.316912551e-03
17.235970	-7.624594364e-03
17.240970	-1.790008249e-02
17.245970	-2.265088144e-02
17.250970	-1.220253547e-02
17.255971	-3.590086223e-03
17.260971	-2.824376546e-02
17.265971	-2.912278224e-02
17.270972	-7.070089135e-03
17.275972	-2.653403849e-03
17.280972	-2.514620467e-02
17.285972	-3.724859005e-02
17.290973	-9.231232515e-03
17.295973	-1.210749985e-03
17.300973	-2.181965680e-02
17.305974	-3.482099162e-02
17.310974	-1.525315873e-02
17.315974	-5.846754184e-03
17.320974	-8.017698309e-03
17.325975	-1.232852205e-02
17.330975	-2.906564670e-02
17.335975	-1.575046207e-02
17.340976	1.388507449e-03
17.345976	-1.985369012e-03
17.350976	-5.694226628e-03
17.355976	-4.749346061e-03
17.360977	-6.794297291e-03
17.365977	-4.528491041e-03
17.370977	7.761442468e-04
17.375977	1.102059629e-03
17.380978	-4.379200170e-04
17.385978	-1.546923911e-03
17.390978	1.655829619e-03
17.395979	1.664762828e-03
17.400979	3.937680429e-04
17.405979	3.367049618e-04
17.410979	3.836360288e-04
17.415980	-7.153684365e-04
17.420980	-1.248277271e-02
17.425980	-2.625706408e-02
17.430981	-1.548373648e-02
17.435981	-4.956459863e-04
17.440981	-8.206939994e-04
17.445981	-7.292396210e-03
17.450982	-8.181412497e-03
17.455982	-1.525608079e-02
17.460982	-2.619053193e-02
17.465983	-1.253936623e-02
17.470983	-8.353668022e-03
17.475983	-1.343944821e-02
17.480983	-9.558732839e-03
17.485984	-8.831840040e-03
17.490984	-1.585751109e-02
17.495984	-1.503562364e-02
17.500985	-2.819377218e-03
17.505985	4.393731396e-04
17.510985	-1.605578123e-03
17.515985	-2.484594980e-03
17.520986	4.807928442e-03
17.525986	2.144092638e-02
17.530986	1.448225156e-02
17.535986	0.000000000e+00
