Run15_HU12_s3p00
71	0
0.000000	0.000000000e+00
0.005000	2.276163178e-02
0.010000	4.367925152e-02
0.015000	6.105823808e-02
0.020000	7.349064931e-02
0.025000	7.996928520e-02
0.030000	7.996928520e-02
0.035000	7.349064931e-02
0.040000	6.105823808e-02
0.045000	4.367925152e-02
0.050000	2.276163178e-02
0.055000	9.894120799e-18
0.060000	-2.276163178e-02
0.065000	-4.367925152e-02
0.070000	-6.105823808e-02
0.075000	-7.349064931e-02
0.080000	-7.996928520e-02
0.085000	-7.996928520e-02
0.090000	-7.349064931e-02
0.095000	-6.105823808e-02
0.100000	-4.367925152e-02
0.105000	-2.276163178e-02
0.110000	-1.978824160e-17
0.115000	9.030661956e-03
0.120000	1.790680678e-02
0.125000	2.647656118e-02
0.130000	3.459329427e-02
0.135000	4.211812651e-02
0.140000	4.892230593e-02
0.145000	5.488941113e-02
0.150000	5.991734328e-02
0.155000	6.392007308e-02
0.160000	6.682911271e-02
0.165000	6.859468769e-02
0.170000	6.918658855e-02
0.175000	6.859468769e-02
0.180000	6.682911271e-02
0.185000	6.392007308e-02
0.190000	5.991734328e-02
0.195000	5.488941113e-02
0.200000	4.892230593e-02
0.205000	4.211812651e-02
0.210000	3.459329427e-02
0.215000	2.647656118e-02
0.220000	1.790680678e-02
0.225000	9.030661956e-03
0.230000	8.472913421e-18
0.235000	-9.030661956e-03
0.240000	-1.790680678e-02
0.245000	-2.647656118e-02
0.250000	-3.459329427e-02
0.255000	-4.211812651e-02
0.260000	-4.892230593e-02
0.265000	-5.488941113e-02
0.270000	-5.991734328e-02
0.275000	-6.392007308e-02
0.280000	-6.682911271e-02
0.285000	-6.859468769e-02
0.290000	-6.918658855e-02
0.295000	-6.859468769e-02
0.300000	-6.682911271e-02
0.305000	-6.392007308e-02
0.310000	-5.991734328e-02
0.315000	-5.488941113e-02
0.320000	-4.892230593e-02
0.325000	-4.211812651e-02
0.330000	-3.459329427e-02
0.335000	-2.647656118e-02
0.340000	-1.790680678e-02
0.345000	-9.030661956e-03
0.350000	-1.694582684e-17
