Run22_FR76_s1p00
71	0
0.000000	0.000000000e+00
0.005000	1.374470553e-02
0.010000	2.637589677e-02
0.015000	3.687026971e-02
0.020000	4.437763267e-02
0.025000	4.828978376e-02
0.030000	4.828978376e-02
0.035000	4.437763267e-02
0.040000	3.687026971e-02
0.045000	2.637589677e-02
0.050000	1.374470553e-02
0.055000	5.974605784e-18
0.060000	-1.374470553e-02
0.065000	-2.637589677e-02
0.070000	-3.687026971e-02
0.075000	-4.437763267e-02
0.080000	-4.828978376e-02
0.085000	-4.828978376e-02
0.090000	-4.437763267e-02
0.095000	-3.687026971e-02
0.100000	-2.637589677e-02
0.105000	-1.374470553e-02
0.110000	-1.194921157e-17
0.115000	2.215474917e-02
0.120000	4.393042443e-02
0.125000	6.495443796e-02
0.130000	8.486706304e-02
0.135000	1.033275891e-01
0.140000	1.200201516e-01
0.145000	1.346591359e-01
0.150000	1.469940651e-01
0.155000	1.568138851e-01
0.160000	1.639505760e-01
0.165000	1.682820271e-01
0.170000	1.697341261e-01
0.175000	1.682820271e-01
0.180000	1.639505760e-01
0.185000	1.568138851e-01
0.190000	1.469940651e-01
0.195000	1.346591359e-01
0.200000	1.200201516e-01
0.205000	1.033275891e-01
0.210000	8.486706304e-02
0.215000	6.495443796e-02
0.220000	4.393042443e-02
0.225000	2.215474917e-02
0.230000	2.078643542e-17
0.235000	-2.215474917e-02
0.240000	-4.393042443e-02
0.245000	-6.495443796e-02
0.250000	-8.486706304e-02
0.255000	-1.033275891e-01
0.260000	-1.200201516e-01
0.265000	-1.346591359e-01
0.270000	-1.469940651e-01
0.275000	-1.568138851e-01
0.280000	-1.639505760e-01
0.285000	-1.682820271e-01
0.290000	-1.697341261e-01
0.295000	-1.682820271e-01
0.300000	-1.639505760e-01
0.305000	-1.568138851e-01
0.310000	-1.469940651e-01
0.315000	-1.346591359e-01
0.320000	-1.200201516e-01
0.325000	-1.033275891e-01
0.330000	-8.486706304e-02
0.335000	-6.495443796e-02
0.340000	-4.393042443e-02
0.345000	-2.215474917e-02
0.350000	-4.157287084e-17
