Run21_HU12_s6p00
71	0
0.000000	0.000000000e+00
0.005000	4.552326356e-02
0.010000	8.735850304e-02
0.015000	1.221164762e-01
0.020000	1.469812986e-01
0.025000	1.599385704e-01
0.030000	1.599385704e-01
0.035000	1.469812986e-01
0.040000	1.221164762e-01
0.045000	8.735850304e-02
0.050000	4.552326356e-02
0.055000	1.978824160e-17
0.060000	-4.552326356e-02
0.065000	-8.735850304e-02
0.070000	-1.221164762e-01
0.075000	-1.469812986e-01
0.080000	-1.599385704e-01
0.085000	-1.599385704e-01
0.090000	-1.469812986e-01
0.095000	-1.221164762e-01
0.100000	-8.735850304e-02
0.105000	-4.552326356e-02
0.110000	-3.957648319e-17
0.115000	1.806132391e-02
0.120000	3.581361356e-02
0.125000	5.295312236e-02
0.130000	6.918658855e-02
0.135000	8.423625303e-02
0.140000	9.784461186e-02
0.145000	1.097788223e-01
0.150000	1.198346866e-01
0.155000	1.278401462e-01
0.160000	1.336582254e-01
0.165000	1.371893754e-01
0.170000	1.383731771e-01
0.175000	1.371893754e-01
0.180000	1.336582254e-01
0.185000	1.278401462e-01
0.190000	1.198346866e-01
0.195000	1.097788223e-01
0.200000	9.784461186e-02
0.205000	8.423625303e-02
0.210000	6.918658855e-02
0.215000	5.295312236e-02
0.220000	3.581361356e-02
0.225000	1.806132391e-02
0.230000	1.694582684e-17
0.235000	-1.806132391e-02
0.240000	-3.581361356e-02
0.245000	-5.295312236e-02
0.250000	-6.918658855e-02
0.255000	-8.423625303e-02
0.260000	-9.784461186e-02
0.265000	-1.097788223e-01
0.270000	-1.198346866e-01
0.275000	-1.278401462e-01
0.280000	-1.336582254e-01
0.285000	-1.371893754e-01
0.290000	-1.383731771e-01
0.295000	-1.371893754e-01
0.300000	-1.336582254e-01
0.305000	-1.278401462e-01
0.310000	-1.198346866e-01
0.315000	-1.097788223e-01
0.320000	-9.784461186e-02
0.325000	-8.423625303e-02
0.330000	-6.918658855e-02
0.335000	-5.295312236e-02
0.340000	-3.581361356e-02
0.345000	-1.806132391e-02
0.350000	-3.389165368e-17
