route1_FR76_s1p75_N1p0
100	0
0.000000	0.000000000e+00
0.005000	2.801286030e-02
0.010000	5.591292269e-02
0.015000	8.358784348e-02
0.020000	1.109261855e-01
0.025000	1.378178670e-01
0.030000	1.641546045e-01
0.035000	1.898303494e-01
0.040000	2.147417145e-01
0.045000	2.387883904e-01
0.050000	2.618735498e-01
0.055000	2.839042369e-01
0.060000	3.047917418e-01
0.065000	3.244519579e-01
0.070000	3.428057205e-01
0.075000	3.597791254e-01
0.080000	3.753038268e-01
0.085000	3.893173122e-01
0.090000	4.017631541e-01
0.095000	4.125912376e-01
0.100000	4.217579618e-01
0.105000	4.292264156e-01
0.110000	4.349665261e-01
0.115000	4.389551799e-01
0.120000	4.411763161e-01
0.125000	4.416209910e-01
0.130000	4.402874141e-01
0.135000	4.371809551e-01
0.140000	4.323141227e-01
0.145000	4.257065139e-01
0.150000	4.173847353e-01
0.155000	4.073822956e-01
0.160000	3.957394712e-01
0.165000	3.825031436e-01
0.170000	3.677266109e-01
0.175000	3.514693729e-01
0.180000	3.337968918e-01
0.185000	3.147803284e-01
0.190000	2.944962557e-01
0.195000	2.730263506e-01
0.200000	2.504570647e-01
0.205000	2.268792766e-01
0.210000	2.023879257e-01
0.215000	1.770816301e-01
0.220000	1.510622892e-01
0.225000	1.244346738e-01
0.230000	9.730600395e-02
0.235000	6.978551714e-02
0.240000	4.198402867e-02
0.245000	1.401348534e-02
0.250000	-1.401348534e-02
0.255000	-4.198402867e-02
0.260000	-6.978551714e-02
0.265000	-9.730600395e-02
0.270000	-1.244346738e-01
0.275000	-1.510622892e-01
0.280000	-1.770816301e-01
0.285000	-2.023879257e-01
0.290000	-2.268792766e-01
0.295000	-2.504570647e-01
0.300000	-2.730263506e-01
0.305000	-2.944962557e-01
0.310000	-3.147803284e-01
0.315000	-3.337968918e-01
0.320000	-3.514693729e-01
0.325000	-3.677266109e-01
0.330000	-3.825031436e-01
0.335000	-3.957394712e-01
0.340000	-4.073822956e-01
0.345000	-4.173847353e-01
0.350000	-4.257065139e-01
0.355000	-4.323141227e-01
0.360000	-4.371809551e-01
0.365000	-4.402874141e-01
0.370000	-4.416209910e-01
0.375000	-4.411763161e-01
0.380000	-4.389551799e-01
0.385000	-4.349665261e-01
0.390000	-4.292264156e-01
0.395000	-4.217579618e-01
0.400000	-4.125912376e-01
0.405000	-4.017631541e-01
0.410000	-3.893173122e-01
0.415000	-3.753038268e-01
0.420000	-3.597791254e-01
0.425000	-3.428057205e-01
0.430000	-3.244519579e-01
0.435000	-3.047917418e-01
0.440000	-2.839042369e-01
0.445000	-2.618735498e-01
0.450000	-2.387883904e-01
0.455000	-2.147417145e-01
0.460000	-1.898303494e-01
0.465000	-1.641546045e-01
0.470000	-1.378178670e-01
0.475000	-1.109261855e-01
0.480000	-8.358784348e-02
0.485000	-5.591292269e-02
0.490000	-2.801286030e-02
0.495000	-1.081795634e-16
