Run09_HU12_s1p75
71	0
0.000000	0.000000000e+00
0.005000	1.327761854e-02
0.010000	2.547956339e-02
0.015000	3.561730554e-02
0.020000	4.286954543e-02
0.025000	4.664874970e-02
0.030000	4.664874970e-02
0.035000	4.286954543e-02
0.040000	3.561730554e-02
0.045000	2.547956339e-02
0.050000	1.327761854e-02
0.055000	5.771570466e-18
0.060000	-1.327761854e-02
0.065000	-2.547956339e-02
0.070000	-3.561730554e-02
0.075000	-4.286954543e-02
0.080000	-4.664874970e-02
0.085000	-4.664874970e-02
0.090000	-4.286954543e-02
0.095000	-3.561730554e-02
0.100000	-2.547956339e-02
0.105000	-1.327761854e-02
0.110000	-1.154314093e-17
0.115000	5.267886141e-03
0.120000	1.044563729e-02
0.125000	1.544466069e-02
0.130000	2.017942166e-02
0.135000	2.456890713e-02
0.140000	2.853801179e-02
0.145000	3.201882316e-02
0.150000	3.495178358e-02
0.155000	3.728670930e-02
0.160000	3.898364908e-02
0.165000	4.001356782e-02
0.170000	4.035884332e-02
0.175000	4.001356782e-02
0.180000	3.898364908e-02
0.185000	3.728670930e-02
0.190000	3.495178358e-02
0.195000	3.201882316e-02
0.200000	2.853801179e-02
0.205000	2.456890713e-02
0.210000	2.017942166e-02
0.215000	1.544466069e-02
0.220000	1.044563729e-02
0.225000	5.267886141e-03
0.230000	4.942532829e-18
0.235000	-5.267886141e-03
0.240000	-1.044563729e-02
0.245000	-1.544466069e-02
0.250000	-2.017942166e-02
0.255000	-2.456890713e-02
0.260000	-2.853801179e-02
0.265000	-3.201882316e-02
0.270000	-3.495178358e-02
0.275000	-3.728670930e-02
0.280000	-3.898364908e-02
0.285000	-4.001356782e-02
0.290000	-4.035884332e-02
0.295000	-4.001356782e-02
0.300000	-3.898364908e-02
0.305000	-3.728670930e-02
0.310000	-3.495178358e-02
0.315000	-3.201882316e-02
0.320000	-2.853801179e-02
0.325000	-2.456890713e-02
0.330000	-2.017942166e-02
0.335000	-1.544466069e-02
0.340000	-1.044563729e-02
0.345000	-5.267886141e-03
0.350000	-9.885065658e-18
