Run19_HU12_s5p00
71	0
0.000000	0.000000000e+00
0.005000	3.793605297e-02
0.010000	7.279875254e-02
0.015000	1.017637301e-01
0.020000	1.224844155e-01
0.025000	1.332821420e-01
0.030000	1.332821420e-01
0.035000	1.224844155e-01
0.040000	1.017637301e-01
0.045000	7.279875254e-02
0.050000	3.793605297e-02
0.055000	1.649020133e-17
0.060000	-3.793605297e-02
0.065000	-7.279875254e-02
0.070000	-1.017637301e-01
0.075000	-1.224844155e-01
0.080000	-1.332821420e-01
0.085000	-1.332821420e-01
0.090000	-1.224844155e-01
0.095000	-1.017637301e-01
0.100000	-7.279875254e-02
0.105000	-3.793605297e-02
0.110000	-3.298040266e-17
0.115000	1.505110326e-02
0.120000	2.984467797e-02
0.125000	4.412760197e-02
0.130000	5.765549046e-02
0.135000	7.019687752e-02
0.140000	8.153717655e-02
0.145000	9.148235188e-02
0.150000	9.986223881e-02
0.155000	1.065334551e-01
0.160000	1.113818545e-01
0.165000	1.143244795e-01
0.170000	1.153109809e-01
0.175000	1.143244795e-01
0.180000	1.113818545e-01
0.185000	1.065334551e-01
0.190000	9.986223881e-02
0.195000	9.148235188e-02
0.200000	8.153717655e-02
0.205000	7.019687752e-02
0.210000	5.765549046e-02
0.215000	4.412760197e-02
0.220000	2.984467797e-02
0.225000	1.505110326e-02
0.230000	1.412152237e-17
0.235000	-1.505110326e-02
0.240000	-2.984467797e-02
0.245000	-4.412760197e-02
0.250000	-5.765549046e-02
0.255000	-7.019687752e-02
0.260000	-8.153717655e-02
0.265000	-9.148235188e-02
0.270000	-9.986223881e-02
0.275000	-1.065334551e-01
0.280000	-1.113818545e-01
0.285000	-1.143244795e-01
0.290000	-1.153109809e-01
0.295000	-1.143244795e-01
0.300000	-1.113818545e-01
0.305000	-1.065334551e-01
0.310000	-9.986223881e-02
0.315000	-9.148235188e-02
0.320000	-8.153717655e-02
0.325000	-7.019687752e-02
0.330000	-5.765549046e-02
0.335000	-4.412760197e-02
0.340000	-2.984467797e-02
0.345000	-1.505110326e-02
0.350000	-2.824304474e-17
