Run11_EC40_s0p50
71	0
0.000000	0.000000000e+00
0.005000	8.617869193e-03
0.010000	1.653756988e-02
0.015000	2.311749500e-02
0.020000	2.782457817e-02
0.025000	3.027747949e-02
0.030000	3.027747949e-02
0.035000	2.782457817e-02
0.040000	2.311749500e-02
0.045000	1.653756988e-02
0.050000	8.617869193e-03
0.055000	3.746051234e-18
0.060000	-8.617869193e-03
0.065000	-1.653756988e-02
0.070000	-2.311749500e-02
0.075000	-2.782457817e-02
0.080000	-3.027747949e-02
0.085000	-3.027747949e-02
0.090000	-2.782457817e-02
0.095000	-2.311749500e-02
0.100000	-1.653756988e-02
0.105000	-8.617869193e-03
0.110000	-7.492102469e-18
0.115000	1.042815525e-02
0.120000	2.067788188e-02
0.125000	3.057380421e-02
0.130000	3.994660028e-02
0.135000	4.863589894e-02
0.140000	5.649302388e-02
0.145000	6.338353752e-02
0.150000	6.918954127e-02
0.155000	7.381169278e-02
0.160000	7.717090576e-02
0.165000	7.920970314e-02
0.170000	7.989320055e-02
0.175000	7.920970314e-02
0.180000	7.717090576e-02
0.185000	7.381169278e-02
0.190000	6.918954127e-02
0.195000	6.338353752e-02
0.200000	5.649302388e-02
0.205000	4.863589894e-02
0.210000	3.994660028e-02
0.215000	3.057380421e-02
0.220000	2.067788188e-02
0.225000	1.042815525e-02
0.230000	9.784095233e-18
0.235000	-1.042815525e-02
0.240000	-2.067788188e-02
0.245000	-3.057380421e-02
0.250000	-3.994660028e-02
0.255000	-4.863589894e-02
0.260000	-5.649302388e-02
0.265000	-6.338353752e-02
0.270000	-6.918954127e-02
0.275000	-7.381169278e-02
0.280000	-7.717090576e-02
0.285000	-7.920970314e-02
0.290000	-7.989320055e-02
0.295000	-7.920970314e-02
0.300000	-7.717090576e-02
0.305000	-7.381169278e-02
0.310000	-6.918954127e-02
0.315000	-6.338353752e-02
0.320000	-5.649302388e-02
0.325000	-4.863589894e-02
0.330000	-3.994660028e-02
0.335000	-3.057380421e-02
0.340000	-2.067788188e-02
0.345000	-1.042815525e-02
0.350000	-1.956819047e-17
