Run14_HU12_s2p75
71	0
0.000000	0.000000000e+00
0.005000	2.086482913e-02
0.010000	4.003931390e-02
0.015000	5.597005157e-02
0.020000	6.736642853e-02
0.025000	7.330517810e-02
0.030000	7.330517810e-02
0.035000	6.736642853e-02
0.040000	5.597005157e-02
0.045000	4.003931390e-02
0.050000	2.086482913e-02
0.055000	9.069610732e-18
0.060000	-2.086482913e-02
0.065000	-4.003931390e-02
0.070000	-5.597005157e-02
0.075000	-6.736642853e-02
0.080000	-7.330517810e-02
0.085000	-7.330517810e-02
0.090000	-6.736642853e-02
0.095000	-5.597005157e-02
0.100000	-4.003931390e-02
0.105000	-2.086482913e-02
0.110000	-1.813922146e-17
0.115000	8.278106793e-03
0.120000	1.641457288e-02
0.125000	2.427018108e-02
0.130000	3.171051975e-02
0.135000	3.860828264e-02
0.140000	4.484544710e-02
0.145000	5.031529353e-02
0.150000	5.492423134e-02
0.155000	5.859340033e-02
0.160000	6.126001999e-02
0.165000	6.287846372e-02
0.170000	6.342103950e-02
0.175000	6.287846372e-02
0.180000	6.126001999e-02
0.185000	5.859340033e-02
0.190000	5.492423134e-02
0.195000	5.031529353e-02
0.200000	4.484544710e-02
0.205000	3.860828264e-02
0.210000	3.171051975e-02
0.215000	2.427018108e-02
0.220000	1.641457288e-02
0.225000	8.278106793e-03
0.230000	7.766837303e-18
0.235000	-8.278106793e-03
0.240000	-1.641457288e-02
0.245000	-2.427018108e-02
0.250000	-3.171051975e-02
0.255000	-3.860828264e-02
0.260000	-4.484544710e-02
0.265000	-5.031529353e-02
0.270000	-5.492423134e-02
0.275000	-5.859340033e-02
0.280000	-6.126001999e-02
0.285000	-6.287846372e-02
0.290000	-6.342103950e-02
0.295000	-6.287846372e-02
0.300000	-6.126001999e-02
0.305000	-5.859340033e-02
0.310000	-5.492423134e-02
0.315000	-5.031529353e-02
0.320000	-4.484544710e-02
0.325000	-3.860828264e-02
0.330000	-3.171051975e-02
0.335000	-2.427018108e-02
0.340000	-1.641457288e-02
0.345000	-8.278106793e-03
0.350000	-1.553367461e-17
