Run17_HU12_s4p00
71	0
0.000000	0.000000000e+00
0.005000	3.034884237e-02
0.010000	5.823900203e-02
0.015000	8.141098410e-02
0.020000	9.798753241e-02
0.025000	1.066257136e-01
0.030000	1.066257136e-01
0.035000	9.798753241e-02
0.040000	8.141098410e-02
0.045000	5.823900203e-02
0.050000	3.034884237e-02
0.055000	1.319216106e-17
0.060000	-3.034884237e-02
0.065000	-5.823900203e-02
0.070000	-8.141098410e-02
0.075000	-9.798753241e-02
0.080000	-1.066257136e-01
0.085000	-1.066257136e-01
0.090000	-9.798753241e-02
0.095000	-8.141098410e-02
0.100000	-5.823900203e-02
0.105000	-3.034884237e-02
0.110000	-2.638432213e-17
0.115000	1.204088261e-02
0.120000	2.387574238e-02
0.125000	3.530208157e-02
0.130000	4.612439237e-02
0.135000	5.615750202e-02
0.140000	6.522974124e-02
0.145000	7.318588150e-02
0.150000	7.988979105e-02
0.155000	8.522676411e-02
0.160000	8.910548362e-02
0.165000	9.145958359e-02
0.170000	9.224878473e-02
0.175000	9.145958359e-02
0.180000	8.910548362e-02
0.185000	8.522676411e-02
0.190000	7.988979105e-02
0.195000	7.318588150e-02
0.200000	6.522974124e-02
0.205000	5.615750202e-02
0.210000	4.612439237e-02
0.215000	3.530208157e-02
0.220000	2.387574238e-02
0.225000	1.204088261e-02
0.230000	1.129721789e-17
0.235000	-1.204088261e-02
0.240000	-2.387574238e-02
0.245000	-3.530208157e-02
0.250000	-4.612439237e-02
0.255000	-5.615750202e-02
0.260000	-6.522974124e-02
0.265000	-7.318588150e-02
0.270000	-7.988979105e-02
0.275000	-8.522676411e-02
0.280000	-8.910548362e-02
0.285000	-9.145958359e-02
0.290000	-9.224878473e-02
0.295000	-9.145958359e-02
0.300000	-8.910548362e-02
0.305000	-8.522676411e-02
0.310000	-7.988979105e-02
0.315000	-7.318588150e-02
0.320000	-6.522974124e-02
0.325000	-5.615750202e-02
0.330000	-4.612439237e-02
0.335000	-3.530208157e-02
0.340000	-2.387574238e-02
0.345000	-1.204088261e-02
0.350000	-2.259443579e-17
