Run10_HU12_s2p00
71	0
0.000000	0.000000000e+00
0.005000	1.517442119e-02
0.010000	2.911950101e-02
0.015000	4.070549205e-02
0.020000	4.899376621e-02
0.025000	5.331285680e-02
0.030000	5.331285680e-02
0.035000	4.899376621e-02
0.040000	4.070549205e-02
0.045000	2.911950101e-02
0.050000	1.517442119e-02
0.055000	6.596080532e-18
0.060000	-1.517442119e-02
0.065000	-2.911950101e-02
0.070000	-4.070549205e-02
0.075000	-4.899376621e-02
0.080000	-5.331285680e-02
0.085000	-5.331285680e-02
0.090000	-4.899376621e-02
0.095000	-4.070549205e-02
0.100000	-2.911950101e-02
0.105000	-1.517442119e-02
0.110000	-1.319216106e-17
0.115000	6.020441304e-03
0.120000	1.193787119e-02
0.125000	1.765104079e-02
0.130000	2.306219618e-02
0.135000	2.807875101e-02
0.140000	3.261487062e-02
0.145000	3.659294075e-02
0.150000	3.994489552e-02
0.155000	4.261338206e-02
0.160000	4.455274181e-02
0.165000	4.572979179e-02
0.170000	4.612439237e-02
0.175000	4.572979179e-02
0.180000	4.455274181e-02
0.185000	4.261338206e-02
0.190000	3.994489552e-02
0.195000	3.659294075e-02
0.200000	3.261487062e-02
0.205000	2.807875101e-02
0.210000	2.306219618e-02
0.215000	1.765104079e-02
0.220000	1.193787119e-02
0.225000	6.020441304e-03
0.230000	5.648608947e-18
0.235000	-6.020441304e-03
0.240000	-1.193787119e-02
0.245000	-1.765104079e-02
0.250000	-2.306219618e-02
0.255000	-2.807875101e-02
0.260000	-3.261487062e-02
0.265000	-3.659294075e-02
0.270000	-3.994489552e-02
0.275000	-4.261338206e-02
0.280000	-4.455274181e-02
0.285000	-4.572979179e-02
0.290000	-4.612439237e-02
0.295000	-4.572979179e-02
0.300000	-4.455274181e-02
0.305000	-4.261338206e-02
0.310000	-3.994489552e-02
0.315000	-3.659294075e-02
0.320000	-3.261487062e-02
0.325000	-2.807875101e-02
0.330000	-2.306219618e-02
0.335000	-1.765104079e-02
0.340000	-1.193787119e-02
0.345000	-6.020441304e-03
0.350000	-1.129721789e-17
