Run24_FR76_s1p75
71	0
0.000000	0.000000000e+00
0.005000	2.405323468e-02
0.010000	4.615781934e-02
0.015000	6.452297198e-02
0.020000	7.766085717e-02
0.025000	8.450712158e-02
0.030000	8.450712158e-02
0.035000	7.766085717e-02
0.040000	6.452297198e-02
0.045000	4.615781934e-02
0.050000	2.405323468e-02
0.055000	1.045556012e-17
0.060000	-2.405323468e-02
0.065000	-4.615781934e-02
0.070000	-6.452297198e-02
0.075000	-7.766085717e-02
0.080000	-8.450712158e-02
0.085000	-8.450712158e-02
0.090000	-7.766085717e-02
0.095000	-6.452297198e-02
0.100000	-4.615781934e-02
0.105000	-2.405323468e-02
0.110000	-2.091112024e-17
0.115000	3.877081104e-02
0.120000	7.687824276e-02
0.125000	1.136702664e-01
0.130000	1.485173603e-01
0.135000	1.808232810e-01
0.140000	2.100352652e-01
0.145000	2.356534878e-01
0.150000	2.572396139e-01
0.155000	2.744242988e-01
0.160000	2.869135080e-01
0.165000	2.944935474e-01
0.170000	2.970347206e-01
0.175000	2.944935474e-01
0.180000	2.869135080e-01
0.185000	2.744242988e-01
0.190000	2.572396139e-01
0.195000	2.356534878e-01
0.200000	2.100352652e-01
0.205000	1.808232810e-01
0.210000	1.485173603e-01
0.215000	1.136702664e-01
0.220000	7.687824276e-02
0.225000	3.877081104e-02
0.230000	3.637626199e-17
0.235000	-3.877081104e-02
0.240000	-7.687824276e-02
0.245000	-1.136702664e-01
0.250000	-1.485173603e-01
0.255000	-1.808232810e-01
0.260000	-2.100352652e-01
0.265000	-2.356534878e-01
0.270000	-2.572396139e-01
0.275000	-2.744242988e-01
0.280000	-2.869135080e-01
0.285000	-2.944935474e-01
0.290000	-2.970347206e-01
0.295000	-2.944935474e-01
0.300000	-2.869135080e-01
0.305000	-2.744242988e-01
0.310000	-2.572396139e-01
0.315000	-2.356534878e-01
0.320000	-2.100352652e-01
0.325000	-1.808232810e-01
0.330000	-1.485173603e-01
0.335000	-1.136702664e-01
0.340000	-7.687824276e-02
0.345000	-3.877081104e-02
0.350000	-7.275252397e-17
