route2_FR76_s1p75
337	0
0.000000	0.000000000e+00
0.005000	2.661026144e-02
0.010000	5.033688816e-02
0.015000	6.860873198e-02
0.020000	7.944575513e-02
0.025000	8.167359797e-02
0.030000	7.505083918e-02
0.035000	6.029515743e-02
0.040000	3.900555980e-02
0.045000	1.348910453e-02
0.050000	-1.348910453e-02
0.055000	-3.900555980e-02
0.060000	-6.029515743e-02
0.065000	-7.505083918e-02
0.070000	-8.167359797e-02
0.075000	-7.944575513e-02
0.080000	-6.860873198e-02
0.085000	-5.033688816e-02
0.090000	-2.661026144e-02
0.095000	-2.007282093e-17
0.100000	0.000000000e+00
0.105000	0.000000000e+00
0.110000	0.000000000e+00
0.115000	0.000000000e+00
0.120000	0.000000000e+00
0.125000	0.000000000e+00
0.130000	0.000000000e+00
0.135000	0.000000000e+00
0.140000	0.000000000e+00
0.145000	0.000000000e+00
0.150000	0.000000000e+00
0.155000	0.000000000e+00
0.160000	0.000000000e+00
0.165000	0.000000000e+00
0.170000	0.000000000e+00
0.175000	0.000000000e+00
0.180000	0.000000000e+00
0.185000	0.000000000e+00
0.190000	0.000000000e+00
0.195000	0.000000000e+00
0.200000	0.000000000e+00
0.205000	0.000000000e+00
0.210000	0.000000000e+00
0.215000	0.000000000e+00
0.220000	0.000000000e+00
0.225000	0.000000000e+00
0.230000	0.000000000e+00
0.235000	0.000000000e+00
0.240000	0.000000000e+00
0.245000	0.000000000e+00
0.250000	0.000000000e+00
0.255000	0.000000000e+00
0.260000	0.000000000e+00
0.265000	0.000000000e+00
0.270000	0.000000000e+00
0.275000	0.000000000e+00
0.280000	0.000000000e+00
0.285000	0.000000000e+00
0.290000	0.000000000e+00
0.295000	0.000000000e+00
0.300000	0.000000000e+00
0.305000	0.000000000e+00
0.310000	0.000000000e+00
0.315000	0.000000000e+00
0.320000	0.000000000e+00
0.325000	0.000000000e+00
0.330000	0.000000000e+00
0.335000	0.000000000e+00
0.340000	0.000000000e+00
0.345000	0.000000000e+00
0.350000	0.000000000e+00
0.355000	0.000000000e+00
0.360000	0.000000000e+00
0.365000	0.000000000e+00
0.370000	0.000000000e+00
0.375000	0.000000000e+00
0.380000	0.000000000e+00
0.385000	0.000000000e+00
0.390000	0.000000000e+00
0.395000	0.000000000e+00
0.400000	0.000000000e+00
0.405000	0.000000000e+00
0.410000	0.000000000e+00
0.415000	0.000000000e+00
0.420000	0.000000000e+00
0.425000	0.000000000e+00
0.430000	0.000000000e+00
0.435000	0.000000000e+00
0.440000	0.000000000e+00
0.445000	0.000000000e+00
0.450000	0.000000000e+00
0.455000	0.000000000e+00
0.460000	0.000000000e+00
0.465000	0.000000000e+00
0.470000	0.000000000e+00
0.475000	0.000000000e+00
0.480000	0.000000000e+00
0.485000	0.000000000e+00
0.490000	0.000000000e+00
0.495000	0.000000000e+00
0.500000	0.000000000e+00
0.505000	0.000000000e+00
0.510000	0.000000000e+00
0.515000	0.000000000e+00
0.520000	0.000000000e+00
0.525000	0.000000000e+00
0.530000	0.000000000e+00
0.535000	0.000000000e+00
0.540000	0.000000000e+00
0.545000	0.000000000e+00
0.550000	0.000000000e+00
0.555000	0.000000000e+00
0.560000	0.000000000e+00
0.565000	0.000000000e+00
0.570000	0.000000000e+00
0.575000	0.000000000e+00
0.580000	0.000000000e+00
0.585000	0.000000000e+00
0.590000	0.000000000e+00
0.595000	0.000000000e+00
0.600000	0.000000000e+00
0.605000	1.174675975e-02
0.610000	2.340411956e-02
0.615000	3.488335989e-02
0.620000	4.609711679e-02
0.625000	5.696004679e-02
0.630000	6.738947645e-02
0.635000	7.730603150e-02
0.640000	8.663424097e-02
0.645000	9.530311155e-02
0.650000	1.032466679e-01
0.655000	1.104044548e-01
0.660000	1.167219971e-01
0.665000	1.221512145e-01
0.670000	1.266507875e-01
0.675000	1.301864714e-01
0.680000	1.327313578e-01
0.685000	1.342660783e-01
0.690000	1.347789529e-01
0.695000	1.342660783e-01
0.700000	1.327313578e-01
0.705000	1.301864714e-01
0.710000	1.266507875e-01
0.715000	1.221512145e-01
0.720000	1.167219971e-01
0.725000	1.104044548e-01
0.730000	1.032466679e-01
0.735000	9.530311155e-02
0.740000	8.663424097e-02
0.745000	7.730603150e-02
0.750000	6.738947645e-02
0.755000	5.696004679e-02
0.760000	4.609711679e-02
0.765000	3.488335989e-02
0.770000	2.340411956e-02
0.775000	1.174675975e-02
0.780000	1.650566133e-17
0.785000	-1.174675975e-02
0.790000	-2.340411956e-02
0.795000	-3.488335989e-02
0.800000	-4.609711679e-02
0.805000	-5.696004679e-02
0.810000	-6.738947645e-02
0.815000	-7.730603150e-02
0.820000	-8.663424097e-02
0.825000	-9.530311155e-02
0.830000	-1.032466679e-01
0.835000	-1.104044548e-01
0.840000	-1.167219971e-01
0.845000	-1.221512145e-01
0.850000	-1.266507875e-01
0.855000	-1.301864714e-01
0.860000	-1.327313578e-01
0.865000	-1.342660783e-01
0.870000	-1.347789529e-01
0.875000	-1.342660783e-01
0.880000	-1.327313578e-01
0.885000	-1.301864714e-01
0.890000	-1.266507875e-01
0.895000	-1.221512145e-01
0.900000	-1.167219971e-01
0.905000	-1.104044548e-01
0.910000	-1.032466679e-01
0.915000	-9.530311155e-02
0.920000	-8.663424097e-02
0.925000	-7.730603150e-02
0.930000	-6.738947645e-02
0.935000	-5.696004679e-02
0.940000	-4.609711679e-02
0.945000	-3.488335989e-02
0.950000	-2.340411956e-02
0.955000	-1.174675975e-02
0.960000	-3.301132265e-17
0.965000	1.174675975e-02
0.970000	2.340411956e-02
0.975000	3.488335989e-02
0.980000	4.609711679e-02
0.985000	5.696004679e-02
0.990000	6.738947645e-02
0.995000	7.730603150e-02
1.000000	8.663424097e-02
1.005000	9.530311155e-02
1.010000	1.032466679e-01
1.015000	1.104044548e-01
1.020000	1.167219971e-01
1.025000	1.221512145e-01
1.030000	1.266507875e-01
1.035000	1.301864714e-01
1.040000	1.327313578e-01
1.045000	1.342660783e-01
1.050000	1.347789529e-01
1.055000	1.342660783e-01
1.060000	1.327313578e-01
1.065000	1.301864714e-01
1.070000	1.266507875e-01
1.075000	1.221512145e-01
1.080000	1.167219971e-01
1.085000	1.104044548e-01
1.090000	1.032466679e-01
1.095000	9.530311155e-02
1.100000	8.663424097e-02
1.105000	7.730603150e-02
1.110000	6.738947645e-02
1.115000	5.696004679e-02
1.120000	4.609711679e-02
1.125000	3.488335989e-02
1.130000	2.340411956e-02
1.135000	1.174675975e-02
1.140000	-1.898985308e-16
1.145000	-1.174675975e-02
1.150000	-2.340411956e-02
1.155000	-3.488335989e-02
1.160000	-4.609711679e-02
1.165000	-5.696004679e-02
1.170000	-6.738947645e-02
1.175000	-7.730603150e-02
1.180000	-8.663424097e-02
1.185000	-9.530311155e-02
1.190000	-1.032466679e-01
1.195000	-1.104044548e-01
1.200000	-1.167219971e-01
1.205000	-1.221512145e-01
1.210000	-1.266507875e-01
1.215000	-1.301864714e-01
1.220000	-1.327313578e-01
1.225000	-1.342660783e-01
1.230000	-1.347789529e-01
1.235000	-1.342660783e-01
1.240000	-1.327313578e-01
1.245000	-1.301864714e-01
1.250000	-1.266507875e-01
1.255000	-1.221512145e-01
1.260000	-1.167219971e-01
1.265000	-1.104044548e-01
1.270000	-1.032466679e-01
1.275000	-9.530311155e-02
1.280000	-8.663424097e-02
1.285000	-7.730603150e-02
1.290000	-6.738947645e-02
1.295000	-5.696004679e-02
1.300000	-4.609711679e-02
1.305000	-3.488335989e-02
1.310000	-2.340411956e-02
1.315000	-1.174675975e-02
1.320000	-6.602264530e-17
1.325000	1.174675975e-02
1.330000	2.340411956e-02
1.335000	3.488335989e-02
1.340000	4.609711679e-02
1.345000	5.696004679e-02
1.350000	6.738947645e-02
1.355000	7.730603150e-02
1.360000	8.663424097e-02
1.365000	9.530311155e-02
1.370000	1.032466679e-01
1.375000	1.104044548e-01
1.380000	1.167219971e-01
1.385000	1.221512145e-01
1.390000	1.266507875e-01
1.395000	1.301864714e-01
1.400000	1.327313578e-01
1.405000	1.342660783e-01
1.410000	1.347789529e-01
1.415000	1.342660783e-01
1.420000	1.327313578e-01
1.425000	1.301864714e-01
1.430000	1.266507875e-01
1.435000	1.221512145e-01
1.440000	1.167219971e-01
1.445000	1.104044548e-01
1.450000	1.032466679e-01
1.455000	9.530311155e-02
1.460000	8.663424097e-02
1.465000	7.730603150e-02
1.470000	6.738947645e-02
1.475000	5.696004679e-02
1.480000	4.609711679e-02
1.485000	3.488335989e-02
1.490000	2.340411956e-02
1.495000	1.174675975e-02
1.500000	-1.568872082e-16
1.505000	-1.174675975e-02
1.510000	-2.340411956e-02
1.515000	-3.488335989e-02
1.520000	-4.609711679e-02
1.525000	-5.696004679e-02
1.530000	-6.738947645e-02
1.535000	-7.730603150e-02
1.540000	-8.663424097e-02
1.545000	-9.530311155e-02
1.550000	-1.032466679e-01
1.555000	-1.104044548e-01
1.560000	-1.167219971e-01
1.565000	-1.221512145e-01
1.570000	-1.266507875e-01
1.575000	-1.301864714e-01
1.580000	-1.327313578e-01
1.585000	-1.342660783e-01
1.590000	-1.347789529e-01
1.595000	-1.342660783e-01
1.600000	-1.327313578e-01
1.605000	-1.301864714e-01
1.610000	-1.266507875e-01
1.615000	-1.221512145e-01
1.620000	-1.167219971e-01
1.625000	-1.104044548e-01
1.630000	-1.032466679e-01
1.635000	-9.530311155e-02
1.640000	-8.663424097e-02
1.645000	-7.730603150e-02
1.650000	-6.738947645e-02
1.655000	-5.696004679e-02
1.660000	-4.609711679e-02
1.665000	-3.488335989e-02
1.670000	-2.340411956e-02
1.675000	-1.174675975e-02
1.680000	3.797970616e-16
