         time tilt_beam_... 
------------- ------------- 
 3.976956e-05  4.567981e-02 
 4.374652e-04  4.668576e-02 
 8.351608e-04  4.751149e-02 
 1.232856e-03  4.813297e-02 
 1.630552e-03  4.855077e-02 
 2.028248e-03  4.878769e-02 
 2.425943e-03  4.885343e-02 
 2.823639e-03  4.878787e-02 
 3.221335e-03  4.862387e-02 
 3.619030e-03  4.840297e-02 
 4.016726e-03  4.816051e-02 
 4.414421e-03  4.792312e-02 
 4.812117e-03  4.769179e-02 
 5.209813e-03  4.746343e-02 
 5.607508e-03  4.723482e-02 
 6.005204e-03  4.697892e-02 
 6.402900e-03  4.666021e-02 
 6.800595e-03  4.626380e-02 
 7.198291e-03  4.578235e-02 
 7.595986e-03  4.520896e-02 
 7.993682e-03  4.456351e-02 
 8.391378e-03  4.386236e-02 
 8.789073e-03  4.309720e-02 
 9.186769e-03  4.228821e-02 
 9.584465e-03  4.143099e-02 
 9.982160e-03  4.052905e-02 
 1.037986e-02  3.956929e-02 
 1.077755e-02  3.853172e-02 
 1.117525e-02  3.742060e-02 
 1.157294e-02  3.624771e-02 
 1.197064e-02  3.505490e-02 
 1.236833e-02  3.383981e-02 
 1.276603e-02  3.260342e-02 
 1.316373e-02  3.137398e-02 
 1.356142e-02  3.017560e-02 
 1.395912e-02  2.904923e-02 
 1.435681e-02  2.802566e-02 
 1.475451e-02  2.711532e-02 
 1.515220e-02  2.632768e-02 
 1.554990e-02  2.566841e-02 
 1.594759e-02  2.512799e-02 
 1.634529e-02  2.469841e-02 
 1.674299e-02  2.435066e-02 
 1.714068e-02  2.405214e-02 
 1.753838e-02  2.376071e-02 
 1.793607e-02  2.345829e-02 
 1.833377e-02  2.313274e-02 
 1.873146e-02  2.275756e-02 
 1.912916e-02  2.234282e-02 
 1.952686e-02  2.187279e-02 
 1.992455e-02  2.135906e-02 
 2.032225e-02  2.077665e-02 
 2.071994e-02  2.011134e-02 
 2.111764e-02  1.934438e-02 
 2.151533e-02  1.847992e-02 
 2.191303e-02  1.755043e-02 
 2.231072e-02  1.658544e-02 
 2.270842e-02  1.562268e-02 
 2.310612e-02  1.469942e-02 
 2.350381e-02  1.382090e-02 
 2.390151e-02  1.298465e-02 
 2.429920e-02  1.216052e-02 
 2.469690e-02  1.129898e-02 
 2.509459e-02  1.034453e-02 
 2.549229e-02  9.255663e-03 
 2.588999e-02  8.009920e-03 
 2.628768e-02  6.616707e-03 
 2.668538e-02  5.108427e-03 
 2.708307e-02  3.527271e-03 
 2.748077e-02  1.907139e-03 
 2.787846e-02  2.684423e-04 
 2.827616e-02 -1.362747e-03 
 2.867385e-02 -2.997506e-03 
 2.907155e-02 -4.650064e-03 
 2.946925e-02 -6.339638e-03 
 2.986694e-02 -8.070395e-03 
 3.026464e-02 -9.836975e-03 
 3.066233e-02 -1.160254e-02 
 3.106003e-02 -1.334724e-02 
 3.145772e-02 -1.506023e-02 
 3.185542e-02 -1.675619e-02 
 3.225312e-02 -1.845699e-02 
 3.265081e-02 -2.018376e-02 
 3.304851e-02 -2.195421e-02 
 3.344620e-02 -2.376781e-02 
 3.384390e-02 -2.562362e-02 
 3.424159e-02 -2.750066e-02 
 3.463929e-02 -2.936552e-02 
 3.503698e-02 -3.119325e-02 
 3.543468e-02 -3.298589e-02 
 3.583238e-02 -3.474249e-02 
 3.623007e-02 -3.647123e-02 
 3.662777e-02 -3.817877e-02 
 3.702546e-02 -3.987713e-02 
 3.742316e-02 -4.155379e-02 
 3.782085e-02 -4.321599e-02 
 3.821855e-02 -4.484619e-02 
 3.861625e-02 -4.644192e-02 
 3.901394e-02 -4.799716e-02 
 3.941164e-02 -4.951323e-02 
 3.980933e-02 -5.100231e-02 
 4.020703e-02 -5.249111e-02 
 4.060472e-02 -5.397816e-02 
 4.100242e-02 -5.545657e-02 
 4.140011e-02 -5.690074e-02 
 4.179781e-02 -5.828811e-02 
 4.219551e-02 -5.960061e-02 
 4.259320e-02 -6.082632e-02 
 4.299090e-02 -6.196060e-02 
 4.338859e-02 -6.301029e-02 
 4.378629e-02 -6.400458e-02 
 4.418398e-02 -6.497732e-02 
 4.458168e-02 -6.594560e-02 
 4.497938e-02 -6.690630e-02 
 4.537707e-02 -6.783959e-02 
 4.577477e-02 -6.870598e-02 
 4.617246e-02 -6.947042e-02 
 4.657016e-02 -7.010191e-02 
 4.696785e-02 -7.057542e-02 
 4.736555e-02 -7.088408e-02 
 4.776324e-02 -7.103817e-02 
 4.816094e-02 -7.107414e-02 
 4.855864e-02 -7.101832e-02 
 4.895633e-02 -7.090036e-02 
 4.935403e-02 -7.072446e-02 
 4.975172e-02 -7.050819e-02 
 5.014942e-02 -7.027649e-02 
 5.054711e-02 -7.006670e-02 
 5.094481e-02 -6.990686e-02 
 5.134251e-02 -6.982465e-02 
 5.174020e-02 -6.984961e-02 
 5.213790e-02 -6.998443e-02 
 5.253559e-02 -7.023777e-02 
 5.293329e-02 -7.059736e-02 
 5.333098e-02 -7.103540e-02 
 5.372868e-02 -7.150609e-02 
 5.412637e-02 -7.199133e-02 
 5.452407e-02 -7.247897e-02 
 5.492177e-02 -7.294639e-02 
 5.531946e-02 -7.338505e-02 
 5.571716e-02 -7.376879e-02 
 5.611485e-02 -7.409220e-02 
 5.651255e-02 -7.436762e-02 
 5.691024e-02 -7.461865e-02 
 5.730794e-02 -7.484488e-02 
 5.770564e-02 -7.507582e-02 
 5.810333e-02 -7.532950e-02 
 5.850103e-02 -7.561466e-02 
 5.889872e-02 -7.595353e-02 
 5.929642e-02 -7.632002e-02 
 5.969411e-02 -7.667688e-02 
 6.009181e-02 -7.700316e-02 
 6.048951e-02 -7.729964e-02 
 6.088720e-02 -7.757910e-02 
 6.128490e-02 -7.785897e-02 
 6.168259e-02 -7.814424e-02 
 6.208029e-02 -7.845116e-02 
 6.247798e-02 -7.877528e-02 
 6.287568e-02 -7.909710e-02 
 6.327337e-02 -7.937933e-02 
 6.367107e-02 -7.958077e-02 
 6.406877e-02 -7.966658e-02 
 6.446646e-02 -7.961381e-02 
 6.486416e-02 -7.941306e-02 
 6.526185e-02 -7.905509e-02 
 6.565955e-02 -7.852868e-02 
 6.605724e-02 -7.784431e-02 
 6.645494e-02 -7.701514e-02 
 6.685264e-02 -7.606183e-02 
 6.725033e-02 -7.500596e-02 
 6.764803e-02 -7.385542e-02 
 6.804572e-02 -7.263526e-02 
 6.844342e-02 -7.138559e-02 
 6.884111e-02 -7.014792e-02 
 6.923881e-02 -6.897039e-02 
 6.963650e-02 -6.787378e-02 
 7.003420e-02 -6.688205e-02 
 7.043190e-02 -6.597737e-02 
 7.082959e-02 -6.513116e-02 
 7.122729e-02 -6.432151e-02 
 7.162498e-02 -6.351807e-02 
 7.202268e-02 -6.268398e-02 
 7.242037e-02 -6.179560e-02 
 7.281807e-02 -6.084417e-02 
 7.321577e-02 -5.980747e-02 
 7.361346e-02 -5.866242e-02 
 7.401116e-02 -5.739279e-02 
 7.440885e-02 -5.598043e-02 
 7.480655e-02 -5.442337e-02 
 7.520424e-02 -5.272255e-02 
 7.560194e-02 -5.089593e-02 
 7.599963e-02 -4.897692e-02 
 7.639733e-02 -4.701603e-02 
 7.679503e-02 -4.505732e-02 
 7.719272e-02 -4.315763e-02 
 7.759042e-02 -4.135657e-02 
 7.798811e-02 -3.964240e-02 
 7.838581e-02 -3.801246e-02 
 7.878350e-02 -3.643914e-02 
 7.918120e-02 -3.489082e-02 
 7.957890e-02 -3.335650e-02 
 7.997659e-02 -3.184841e-02 
 8.037429e-02 -3.038826e-02 
 8.077198e-02 -2.898857e-02 
 8.116968e-02 -2.767582e-02 
 8.156737e-02 -2.643793e-02 
 8.196507e-02 -2.523014e-02 
 8.236276e-02 -2.403127e-02 
 8.276046e-02 -2.278959e-02 
 8.315816e-02 -2.147418e-02 
 8.355585e-02 -2.008733e-02 
 8.395355e-02 -1.864319e-02 
 8.435124e-02 -1.715490e-02 
 8.474894e-02 -1.566184e-02 
 8.514663e-02 -1.419392e-02 
 8.554433e-02 -1.275656e-02 
 8.594203e-02 -1.138041e-02 
 8.633972e-02 -1.007455e-02 
 8.673742e-02 -8.859742e-03 
 8.713511e-02 -7.740834e-03 
 8.753281e-02 -6.735146e-03 
 8.793050e-02 -5.836748e-03 
 8.832820e-02 -5.052909e-03 
 8.872589e-02 -4.372501e-03 
 8.912359e-02 -3.769020e-03 
 8.952129e-02 -3.214035e-03 
 8.991898e-02 -2.683274e-03 
 9.031668e-02 -2.147761e-03 
 9.071437e-02 -1.571075e-03 
 9.111207e-02 -9.261874e-04 
 9.150976e-02 -1.827847e-04 
 9.190746e-02  6.784185e-04 
 9.230516e-02  1.678221e-03 
 9.270285e-02  2.839592e-03 
 9.310055e-02  4.171389e-03 
 9.349824e-02  5.669426e-03 
 9.389594e-02  7.295597e-03 
 9.429363e-02  9.018253e-03 
 9.469133e-02  1.078471e-02 
 9.508902e-02  1.254340e-02 
 9.548672e-02  1.427298e-02 
 9.588442e-02  1.593771e-02 
 9.628211e-02  1.749905e-02 
 9.667981e-02  1.895343e-02 
 9.707750e-02  2.032530e-02 
 9.747520e-02  2.162066e-02 
 9.787289e-02  2.285727e-02 
 9.827059e-02  2.406127e-02 
 9.866829e-02  2.524149e-02 
 9.906598e-02  2.641286e-02 
 9.946368e-02  2.757507e-02 
 9.986137e-02  2.871491e-02 
 1.002591e-01  2.981871e-02 
 1.006568e-01  3.087528e-02 
 1.010545e-01  3.188158e-02 
 1.014522e-01  3.286037e-02 
 1.018499e-01  3.383140e-02 
 1.022475e-01  3.477840e-02 
 1.026452e-01  3.568151e-02 
 1.030429e-01  3.654173e-02 
 1.034406e-01  3.736100e-02 
 1.038383e-01  3.813282e-02 
 1.042360e-01  3.885475e-02 
 1.046337e-01  3.951655e-02 
 1.050314e-01  4.009962e-02 
 1.054291e-01  4.059936e-02 
 1.058268e-01  4.100179e-02 
 1.062245e-01  4.127112e-02 
 1.066222e-01  4.140526e-02 
 1.070199e-01  4.142717e-02 
 1.074176e-01  4.136093e-02 
 1.078153e-01  4.126884e-02 
 1.082130e-01  4.116851e-02 
 1.086107e-01  4.107327e-02 
 1.090084e-01  4.097015e-02 
 1.094061e-01  4.084729e-02 
 1.098038e-01  4.070199e-02 
 1.102015e-01  4.051858e-02 
 1.105992e-01  4.031382e-02 
 1.109968e-01  4.011215e-02 
 1.113945e-01  3.994525e-02 
 1.117922e-01  3.983202e-02 
 1.121899e-01  3.974467e-02 
 1.125876e-01  3.965458e-02 
 1.129853e-01  3.951588e-02 
 1.133830e-01  3.928608e-02 
 1.137807e-01  3.891378e-02 
 1.141784e-01  3.836778e-02 
 1.145761e-01  3.764884e-02 
 1.149738e-01  3.677058e-02 
 1.153715e-01  3.574227e-02 
 1.157692e-01  3.459794e-02 
 1.161669e-01  3.337714e-02 
 1.165646e-01  3.208336e-02 
 1.169623e-01  3.074912e-02 
 1.173600e-01  2.939578e-02 
 1.177577e-01  2.802398e-02 
 1.181554e-01  2.666647e-02 
 1.185531e-01  2.531053e-02 
 1.189508e-01  2.396652e-02 
 1.193485e-01  2.264594e-02 
 1.197462e-01  2.134687e-02 
 1.201438e-01  2.006253e-02 
 1.205415e-01  1.876934e-02 
 1.209392e-01  1.745675e-02 
 1.213369e-01  1.611508e-02 
 1.217346e-01  1.475968e-02 
 1.221323e-01  1.340277e-02 
 1.225300e-01  1.207456e-02 
 1.229277e-01  1.079034e-02 
 1.233254e-01  9.561867e-03 
 1.237231e-01  8.388884e-03 
 1.241208e-01  7.257731e-03 
 1.245185e-01  6.137814e-03 
 1.249162e-01  5.007150e-03 
 1.253139e-01  3.862117e-03 
 1.257116e-01  2.727188e-03 
 1.261093e-01  1.609672e-03 
 1.265070e-01  5.230504e-04 
 1.269047e-01 -5.110367e-04 
 1.273024e-01 -1.498010e-03 
 1.277001e-01 -2.442382e-03 
 1.280978e-01 -3.369991e-03 
 1.284955e-01 -4.319232e-03 
 1.288932e-01 -5.319245e-03 
 1.292908e-01 -6.378332e-03 
 1.296885e-01 -7.488753e-03 
 1.300862e-01 -8.638234e-03 
 1.304839e-01 -9.825672e-03 
 1.308816e-01 -1.103079e-02 
 1.312793e-01 -1.224369e-02 
 1.316770e-01 -1.348176e-02 
 1.320747e-01 -1.476192e-02 
 1.324724e-01 -1.608843e-02 
 1.328701e-01 -1.746936e-02 
 1.332678e-01 -1.888627e-02 
 1.336655e-01 -2.032307e-02 
 1.340632e-01 -2.176064e-02 
 1.344609e-01 -2.319415e-02 
 1.348586e-01 -2.461779e-02 
 1.352563e-01 -2.601693e-02 
 1.356540e-01 -2.740685e-02 
 1.360517e-01 -2.879379e-02 
 1.364494e-01 -3.019535e-02 
 1.368471e-01 -3.160167e-02 
 1.372448e-01 -3.299163e-02 
 1.376425e-01 -3.437570e-02 
 1.380402e-01 -3.572948e-02 
 1.384378e-01 -3.706972e-02 
 1.388355e-01 -3.840737e-02 
 1.392332e-01 -3.973778e-02 
 1.396309e-01 -4.106920e-02 
 1.400286e-01 -4.240700e-02 
 1.404263e-01 -4.372495e-02 
 1.408240e-01 -4.501119e-02 
 1.412217e-01 -4.624132e-02 
 1.416194e-01 -4.739164e-02 
 1.420171e-01 -4.846560e-02 
 1.424148e-01 -4.948431e-02 
 1.428125e-01 -5.044311e-02 
 1.432102e-01 -5.135985e-02 
 1.436079e-01 -5.223398e-02 
 1.440056e-01 -5.305987e-02 
 1.444033e-01 -5.384179e-02 
 1.448010e-01 -5.457562e-02 
 1.451987e-01 -5.528445e-02 
 1.455964e-01 -5.598924e-02 
 1.459941e-01 -5.673161e-02 
 1.463918e-01 -5.754106e-02 
 1.467895e-01 -5.844896e-02 
 1.471872e-01 -5.944924e-02 
 1.475848e-01 -6.051816e-02 
 1.479825e-01 -6.164255e-02 
 1.483802e-01 -6.281503e-02 
 1.487779e-01 -6.402126e-02 
 1.491756e-01 -6.522307e-02 
 1.495733e-01 -6.640119e-02 
 1.499710e-01 -6.753939e-02 
 1.503687e-01 -6.862257e-02 
 1.507664e-01 -6.962382e-02 
 1.511641e-01 -7.052671e-02 
 1.515618e-01 -7.130951e-02 
 1.519595e-01 -7.197986e-02 
 1.523572e-01 -7.254924e-02 
 1.527549e-01 -7.304215e-02 
 1.531526e-01 -7.345172e-02 
 1.535503e-01 -7.376664e-02 
 1.539480e-01 -7.398727e-02 
 1.543457e-01 -7.413205e-02 
 1.547434e-01 -7.420511e-02 
 1.551411e-01 -7.424011e-02 
 1.555388e-01 -7.424777e-02 
 1.559365e-01 -7.424637e-02 
 1.563342e-01 -7.424793e-02 
 1.567318e-01 -7.426227e-02 
 1.571295e-01 -7.429810e-02 
 1.575272e-01 -7.434777e-02 
 1.579249e-01 -7.440844e-02 
 1.583226e-01 -7.447609e-02 
 1.587203e-01 -7.453239e-02 
 1.591180e-01 -7.454673e-02 
 1.595157e-01 -7.448879e-02 
 1.599134e-01 -7.433823e-02 
 1.603111e-01 -7.407315e-02 
 1.607088e-01 -7.370791e-02 
 1.611065e-01 -7.329852e-02 
 1.615042e-01 -7.287515e-02 
 1.619019e-01 -7.245504e-02 
 1.622996e-01 -7.205843e-02 
 1.626973e-01 -7.166685e-02 
 1.630950e-01 -7.126424e-02 
 1.634927e-01 -7.084134e-02 
 1.638904e-01 -7.042410e-02 
 1.642881e-01 -7.004946e-02 
 1.646858e-01 -6.976658e-02 
 1.650835e-01 -6.961331e-02 
 1.654812e-01 -6.960635e-02 
 1.658788e-01 -6.973980e-02 
 1.662765e-01 -6.996321e-02 
 1.666742e-01 -7.023896e-02 
 1.670719e-01 -7.051005e-02 
 1.674696e-01 -7.073426e-02 
 1.678673e-01 -7.087410e-02 
 1.682650e-01 -7.092775e-02 
 1.686627e-01 -7.089145e-02 
 1.690604e-01 -7.076137e-02 
 1.694581e-01 -7.051596e-02 
 1.698558e-01 -7.015169e-02 
 1.702535e-01 -6.965332e-02 
 1.706512e-01 -6.901916e-02 
 1.710489e-01 -6.825401e-02 
 1.714466e-01 -6.736431e-02 
 1.718443e-01 -6.636894e-02 
 1.722420e-01 -6.529282e-02 
 1.726397e-01 -6.417319e-02 
 1.730374e-01 -6.301248e-02 
 1.734351e-01 -6.183348e-02 
 1.738328e-01 -6.065453e-02 
 1.742305e-01 -5.949890e-02 
 1.746282e-01 -5.839238e-02 
 1.750258e-01 -5.736209e-02 
 1.754235e-01 -5.641737e-02 
 1.758212e-01 -5.555044e-02 
 1.762189e-01 -5.473128e-02 
 1.766166e-01 -5.392646e-02 
 1.770143e-01 -5.309073e-02 
 1.774120e-01 -5.218107e-02 
 1.778097e-01 -5.116745e-02 
 1.782074e-01 -5.002427e-02 
 1.786051e-01 -4.873860e-02 
 1.790028e-01 -4.731553e-02 
 1.794005e-01 -4.576190e-02 
 1.797982e-01 -4.411774e-02 
 1.801959e-01 -4.242154e-02 
 1.805936e-01 -4.069902e-02 
 1.809913e-01 -3.896490e-02 
 1.813890e-01 -3.722417e-02 
 1.817867e-01 -3.547514e-02 
 1.821844e-01 -3.371270e-02 
 1.825821e-01 -3.194004e-02 
 1.829798e-01 -3.016495e-02 
 1.833775e-01 -2.841114e-02 
 1.837751e-01 -2.669877e-02 
 1.841728e-01 -2.503442e-02 
 1.845705e-01 -2.342531e-02 
 1.849682e-01 -2.185454e-02 
 1.853659e-01 -2.026977e-02 
 1.857636e-01 -1.864425e-02 
 1.861613e-01 -1.695444e-02 
 1.865590e-01 -1.518830e-02 
 1.869567e-01 -1.333394e-02 
 1.873544e-01 -1.138227e-02 
 1.877521e-01 -9.348249e-03 
 1.881498e-01 -7.235572e-03 
 1.885475e-01 -5.045962e-03 
 1.889452e-01 -2.805770e-03 
 1.893429e-01 -5.334136e-04 
 1.897406e-01  1.737445e-03 
 1.901383e-01  3.972325e-03 
 1.905360e-01  6.133511e-03 
 1.909337e-01  8.194332e-03 
 1.913314e-01  1.014765e-02 
 1.917291e-01  1.200102e-02 
 1.921268e-01  1.375195e-02 
 1.925245e-01  1.539573e-02 
 1.929221e-01  1.693393e-02 
 1.933198e-01  1.834605e-02 
 1.937175e-01  1.961857e-02 
 1.941152e-01  2.072783e-02 
 1.945129e-01  2.169234e-02 
 1.949106e-01  2.253327e-02 
 1.953083e-01  2.330888e-02 
 1.957060e-01  2.406595e-02 
 1.961037e-01  2.484718e-02 
 1.965014e-01  2.567676e-02 
 1.968991e-01  2.657343e-02 
 1.972968e-01  2.752991e-02 
 1.976945e-01  2.850893e-02 
 1.980922e-01  2.947845e-02 
 1.984899e-01  3.040647e-02 
 1.988876e-01  3.129860e-02 
 1.992853e-01  3.215507e-02 
 1.996830e-01  3.298406e-02 
 2.000807e-01  3.378028e-02 
 2.004784e-01  3.453967e-02 
 2.008761e-01  3.525700e-02 
 2.012738e-01  3.593854e-02 
 2.016715e-01  3.658541e-02 
 2.020691e-01  3.718521e-02 
 2.024668e-01  3.773988e-02 
 2.028645e-01  3.825630e-02 
 2.032622e-01  3.875935e-02 
 2.036599e-01  3.925272e-02 
 2.040576e-01  3.974194e-02 
 2.044553e-01  4.023310e-02 
 2.048530e-01  4.073059e-02 
 2.052507e-01  4.124182e-02 
 2.056484e-01  4.177266e-02 
 2.060461e-01  4.232255e-02 
 2.064438e-01  4.286752e-02 
 2.068415e-01  4.338515e-02 
 2.072392e-01  4.385810e-02 
 2.076369e-01  4.429071e-02 
 2.080346e-01  4.464845e-02 
 2.084323e-01  4.491794e-02 
 2.088300e-01  4.506919e-02 
 2.092277e-01  4.510560e-02 
 2.096254e-01  4.501966e-02 
 2.100231e-01  4.482180e-02 
 2.104208e-01  4.453172e-02 
 2.108185e-01  4.417968e-02 
 2.112161e-01  4.378561e-02 
 2.116138e-01  4.336120e-02 
 2.120115e-01  4.290716e-02 
 2.124092e-01  4.237702e-02 
 2.128069e-01  4.175270e-02 
 2.132046e-01  4.101163e-02 
 2.136023e-01  4.016842e-02 
 2.140000e-01  3.925123e-02 
 2.143977e-01  3.830075e-02 
 2.147954e-01  3.737617e-02 
 2.151931e-01  3.651154e-02 
 2.155908e-01  3.571534e-02 
 2.159885e-01  3.495905e-02 
 2.163862e-01  3.419844e-02 
 2.167839e-01  3.340275e-02 
 2.171816e-01  3.255417e-02 
 2.175793e-01  3.164289e-02 
 2.179770e-01  3.067205e-02 
 2.183747e-01  2.964294e-02 
 2.187724e-01  2.856735e-02 
 2.191701e-01  2.745848e-02 
 2.195678e-01  2.631195e-02 
 2.199655e-01  2.513615e-02 
 2.203631e-01  2.393077e-02 
 2.207608e-01  2.269124e-02 
 2.211585e-01  2.143423e-02 
 2.215562e-01  2.016480e-02 
 2.219539e-01  1.888774e-02 
 2.223516e-01  1.760137e-02 
 2.227493e-01  1.628719e-02 
 2.231470e-01  1.494209e-02 
 2.235447e-01  1.356852e-02 
 2.239424e-01  1.216857e-02 
 2.243401e-01  1.075836e-02 
 2.247378e-01  9.335238e-03 
 2.251355e-01  7.909654e-03 
 2.255332e-01  6.451816e-03 
 2.259309e-01  4.948188e-03 
 2.263286e-01  3.379328e-03 
 2.267263e-01  1.739374e-03 
 2.271240e-01  3.582731e-05 
 2.275217e-01 -1.712739e-03 
 2.279194e-01 -3.463590e-03 
 2.283171e-01 -5.182241e-03 
 2.287148e-01 -6.846847e-03 
 2.291125e-01 -8.434673e-03 
 2.295101e-01 -9.939724e-03 
 2.299078e-01 -1.136166e-02 
 2.303055e-01 -1.269477e-02 
 2.307032e-01 -1.395561e-02 
 2.311009e-01 -1.514330e-02 
 2.314986e-01 -1.628786e-02 
 2.318963e-01 -1.740225e-02 
 2.322940e-01 -1.849640e-02 
 2.326917e-01 -1.956946e-02 
 2.330894e-01 -2.060131e-02 
 2.334871e-01 -2.158757e-02 
 2.338848e-01 -2.250834e-02 
 2.342825e-01 -2.335197e-02 
 2.346802e-01 -2.413071e-02 
 2.350779e-01 -2.486134e-02 
 2.354756e-01 -2.556238e-02 
 2.358733e-01 -2.626642e-02 
 2.362710e-01 -2.698556e-02 
 2.366687e-01 -2.772436e-02 
 2.370664e-01 -2.847504e-02 
 2.374641e-01 -2.922270e-02 
 2.378618e-01 -2.996761e-02 
 2.382595e-01 -3.072001e-02 
 2.386571e-01 -3.148708e-02 
 2.390548e-01 -3.227043e-02 
 2.394525e-01 -3.306605e-02 
 2.398502e-01 -3.386974e-02 
 2.402479e-01 -3.466737e-02 
 2.406456e-01 -3.545230e-02 
 2.410433e-01 -3.623506e-02 
 2.414410e-01 -3.705354e-02 
 2.418387e-01 -3.794569e-02 
 2.422364e-01 -3.894885e-02 
 2.426341e-01 -4.004839e-02 
 2.430318e-01 -4.122608e-02 
 2.434295e-01 -4.245518e-02 
 2.438272e-01 -4.370772e-02 
 2.442249e-01 -4.497235e-02 
 2.446226e-01 -4.624124e-02 
 2.450203e-01 -4.752222e-02 
 2.454180e-01 -4.881106e-02 
 2.458157e-01 -5.011992e-02 
 2.462134e-01 -5.143352e-02 
 2.466111e-01 -5.271005e-02 
 2.470088e-01 -5.389646e-02 
 2.474065e-01 -5.495890e-02 
 2.478041e-01 -5.589457e-02 
 2.482018e-01 -5.670729e-02 
 2.485995e-01 -5.741249e-02 
 2.489972e-01 -5.803473e-02 
 2.493949e-01 -5.860455e-02 
 2.497926e-01 -5.917791e-02 
 2.501903e-01 -5.977717e-02 
 2.505880e-01 -6.042061e-02 
 2.509857e-01 -6.111800e-02 
 2.513834e-01 -6.186593e-02 
 2.517811e-01 -6.264904e-02 
 2.521788e-01 -6.347468e-02 
 2.525765e-01 -6.434113e-02 
 2.529742e-01 -6.521798e-02 
 2.533719e-01 -6.608829e-02 
 2.537696e-01 -6.694986e-02 
 2.541673e-01 -6.778810e-02 
 2.545650e-01 -6.859850e-02 
 2.549627e-01 -6.938280e-02 
 2.553604e-01 -7.012748e-02 
 2.557581e-01 -7.083417e-02 
 2.561558e-01 -7.149383e-02 
 2.565534e-01 -7.210262e-02 
 2.569511e-01 -7.265149e-02 
 2.573488e-01 -7.314851e-02 
 2.577465e-01 -7.358939e-02 
 2.581442e-01 -7.400242e-02 
 2.585419e-01 -7.440654e-02 
 2.589396e-01 -7.480226e-02 
 2.593373e-01 -7.519737e-02 
 2.597350e-01 -7.559640e-02 
 2.601327e-01 -7.601568e-02 
 2.605304e-01 -7.645447e-02 
 2.609281e-01 -7.692078e-02 
 2.613258e-01 -7.740619e-02 
 2.617235e-01 -7.789278e-02 
 2.621212e-01 -7.836414e-02 
 2.625189e-01 -7.879438e-02 
 2.629166e-01 -7.914990e-02 
 2.633143e-01 -7.941426e-02 
 2.637120e-01 -7.959305e-02 
 2.641097e-01 -7.968979e-02 
 2.645074e-01 -7.971583e-02 
 2.649051e-01 -7.966402e-02 
 2.653028e-01 -7.951882e-02 
 2.657004e-01 -7.924237e-02 
 2.660981e-01 -7.879490e-02 
 2.664958e-01 -7.816833e-02 
 2.668935e-01 -7.737574e-02 
 2.672912e-01 -7.644366e-02 
 2.676889e-01 -7.543945e-02 
 2.680866e-01 -7.442185e-02 
 2.684843e-01 -7.345692e-02 
 2.688820e-01 -7.257354e-02 
 2.692797e-01 -7.178244e-02 
 2.696774e-01 -7.108629e-02 
 2.700751e-01 -7.047365e-02 
 2.704728e-01 -6.993699e-02 
 2.708705e-01 -6.946642e-02 
 2.712682e-01 -6.904419e-02 
 2.716659e-01 -6.864211e-02 
 2.720636e-01 -6.821805e-02 
 2.724613e-01 -6.774040e-02 
 2.728590e-01 -6.717232e-02 
 2.732567e-01 -6.649962e-02 
 2.736544e-01 -6.571522e-02 
 2.740521e-01 -6.481776e-02 
 2.744498e-01 -6.381997e-02 
 2.748474e-01 -6.274255e-02 
 2.752451e-01 -6.158873e-02 
 2.756428e-01 -6.035413e-02 
 2.760405e-01 -5.904868e-02 
 2.764382e-01 -5.766344e-02 
 2.768359e-01 -5.622697e-02 
 2.772336e-01 -5.475337e-02 
 2.776313e-01 -5.326853e-02 
 2.780290e-01 -5.179019e-02 
 2.784267e-01 -5.033888e-02 
 2.788244e-01 -4.891288e-02 
 2.792221e-01 -4.750751e-02 
 2.796198e-01 -4.610789e-02 
 2.800175e-01 -4.468057e-02 
 2.804152e-01 -4.319248e-02 
 2.808129e-01 -4.163148e-02 
 2.812106e-01 -3.999424e-02 
 2.816083e-01 -3.828919e-02 
 2.820060e-01 -3.653348e-02 
 2.824037e-01 -3.473605e-02 
 2.828014e-01 -3.291720e-02 
 2.831991e-01 -3.107872e-02 
 2.835968e-01 -2.920991e-02 
 2.839944e-01 -2.729455e-02 
 2.843921e-01 -2.530538e-02 
 2.847898e-01 -2.323457e-02 
 2.851875e-01 -2.108194e-02 
 2.855852e-01 -1.888121e-02 
 2.859829e-01 -1.667588e-02 
 2.863806e-01 -1.452320e-02 
 2.867783e-01 -1.247142e-02 
 2.871760e-01 -1.058432e-02 
 2.875737e-01 -8.897277e-03 
 2.879714e-01 -7.417992e-03 
 2.883691e-01 -6.120289e-03 
 2.887668e-01 -4.959786e-03 
 2.891645e-01 -3.895244e-03 
 2.895622e-01 -2.902972e-03 
 2.899599e-01 -1.961947e-03 
 2.903576e-01 -1.040310e-03 
 2.907553e-01 -1.093111e-04 
 2.911530e-01  8.418782e-04 
 2.915507e-01  1.842182e-03 
 2.919484e-01  2.897071e-03 
 2.923461e-01  4.015138e-03 
 2.927438e-01  5.196059e-03 
 2.931414e-01  6.425467e-03 
 2.935391e-01  7.668719e-03 
 2.939368e-01  8.919286e-03 
 2.943345e-01  1.016930e-02 
 2.947322e-01  1.143624e-02 
 2.951299e-01  1.272401e-02 
 2.955276e-01  1.402512e-02 
 2.959253e-01  1.531298e-02 
 2.963230e-01  1.656017e-02 
 2.967207e-01  1.771999e-02 
 2.971184e-01  1.877615e-02 
 2.975161e-01  1.970969e-02 
 2.979138e-01  2.053539e-02 
 2.983115e-01  2.128036e-02 
 2.987092e-01  2.199115e-02 
 2.991069e-01  2.271137e-02 
 2.995046e-01  2.345723e-02 
 2.999023e-01  2.421575e-02 
 3.003000e-01  2.497724e-02 
 3.006977e-01  2.570732e-02 
 3.010954e-01  2.638336e-02 
 3.014931e-01  2.698675e-02 
 3.018908e-01  2.750079e-02 
 3.022884e-01  2.791817e-02 
 3.026861e-01  2.825024e-02 
 3.030838e-01  2.851712e-02 
 3.034815e-01  2.874011e-02 
 3.038792e-01  2.892843e-02 
 3.042769e-01  2.909567e-02 
 3.046746e-01  2.924797e-02 
 3.050723e-01  2.936735e-02 
 3.054700e-01  2.943457e-02 
 3.058677e-01  2.941791e-02 
 3.062654e-01  2.928693e-02 
 3.066631e-01  2.903590e-02 
 3.070608e-01  2.866852e-02 
 3.074585e-01  2.821358e-02 
 3.078562e-01  2.770425e-02 
 3.082539e-01  2.717240e-02 
 3.086516e-01  2.665673e-02 
 3.090493e-01  2.618910e-02 
 3.094470e-01  2.578611e-02 
 3.098447e-01  2.543619e-02 
 3.102424e-01  2.514692e-02 
 3.106401e-01  2.490686e-02 
 3.110378e-01  2.469137e-02 
 3.114354e-01  2.448529e-02 
 3.118331e-01  2.427697e-02 
 3.122308e-01  2.404975e-02 
 3.126285e-01  2.380827e-02 
 3.130262e-01  2.355584e-02 
 3.134239e-01  2.331369e-02 
 3.138216e-01  2.307956e-02 
 3.142193e-01  2.284517e-02 
 3.146170e-01  2.259158e-02 
 3.150147e-01  2.230217e-02 
 3.154124e-01  2.195785e-02 
 3.158101e-01  2.153141e-02 
 3.162078e-01  2.102151e-02 
 3.166055e-01  2.042835e-02 
 3.170032e-01  1.978910e-02 
 3.174009e-01  1.913899e-02 
 3.177986e-01  1.851872e-02 
 3.181963e-01  1.795383e-02 
 3.185940e-01  1.743798e-02 
 3.189917e-01  1.694720e-02 
 3.193894e-01  1.644634e-02 
 3.197871e-01  1.590974e-02 
 3.201848e-01  1.530988e-02 
 3.205824e-01  1.464731e-02 
 3.209801e-01  1.392942e-02 
 3.213778e-01  1.319285e-02 
 3.217755e-01  1.245571e-02 
 3.221732e-01  1.173252e-02 
 3.225709e-01  1.103613e-02 
 3.229686e-01  1.038609e-02 
 3.233663e-01  9.791173e-03 
 3.237640e-01  9.277467e-03 
 3.241617e-01  8.861392e-03 
 3.245594e-01  8.539890e-03 
 3.249571e-01  8.287335e-03 
 3.253548e-01  8.079141e-03 
 3.257525e-01  7.879724e-03 
 3.261502e-01  7.650433e-03 
 3.265479e-01  7.377750e-03 
 3.269456e-01  7.068225e-03 
 3.273433e-01  6.743739e-03 
 3.277410e-01  6.432943e-03 
 3.281387e-01  6.165834e-03 
 3.285364e-01  5.941173e-03 
 3.289341e-01  5.735464e-03 
 3.293317e-01  5.517315e-03 
 3.297294e-01  5.247779e-03 
 3.301271e-01  4.894367e-03 
 3.305248e-01  4.424999e-03 
 3.309225e-01  3.823171e-03 
 3.313202e-01  3.090276e-03 
 3.317179e-01  2.241397e-03 
 3.321156e-01  1.305210e-03 
 3.325133e-01  3.164812e-04 
 3.329110e-01 -7.192999e-04 
 3.333087e-01 -1.796992e-03 
 3.337064e-01 -2.921355e-03 
 3.341041e-01 -4.101264e-03 
 3.345018e-01 -5.341535e-03 
 3.348995e-01 -6.650500e-03 
 3.352972e-01 -8.033188e-03 
 3.356949e-01 -9.487731e-03 
 3.360926e-01 -1.098547e-02 
 3.364903e-01 -1.250606e-02 
 3.368880e-01 -1.404181e-02 
 3.372857e-01 -1.560064e-02 
 3.376834e-01 -1.720161e-02 
 3.380811e-01 -1.887052e-02 
 3.384787e-01 -2.062147e-02 
 3.388764e-01 -2.246475e-02 
 3.392741e-01 -2.440642e-02 
 3.396718e-01 -2.643030e-02 
 3.400695e-01 -2.850225e-02 
 3.404672e-01 -3.057393e-02 
 3.408649e-01 -3.260376e-02 
 3.412626e-01 -3.456004e-02 
 3.416603e-01 -3.641517e-02 
 3.420580e-01 -3.815168e-02 
 3.424557e-01 -3.976160e-02 
 3.428534e-01 -4.123177e-02 
 3.432511e-01 -4.257006e-02 
 3.436488e-01 -4.378820e-02 
 3.440465e-01 -4.490823e-02 
 3.444442e-01 -4.594644e-02 
 3.448419e-01 -4.691749e-02 
 3.452396e-01 -4.785481e-02 
 3.456373e-01 -4.878561e-02 
 3.460350e-01 -4.972148e-02 
 3.464327e-01 -5.065367e-02 
 3.468304e-01 -5.157027e-02 
 3.472281e-01 -5.246053e-02 
 3.476257e-01 -5.332729e-02 
 3.480234e-01 -5.419076e-02 
 3.484211e-01 -5.506982e-02 
 3.488188e-01 -5.598131e-02 
 3.492165e-01 -5.692538e-02 
 3.496142e-01 -5.789911e-02 
 3.500119e-01 -5.887550e-02 
 3.504096e-01 -5.982239e-02 
 3.508073e-01 -6.069998e-02 
 3.512050e-01 -6.148698e-02 
 3.516027e-01 -6.218889e-02 
 3.520004e-01 -6.281180e-02 
 3.523981e-01 -6.336407e-02 
 3.527958e-01 -6.385016e-02 
 3.531935e-01 -6.425998e-02 
 3.535912e-01 -6.460646e-02 
 3.539889e-01 -6.490759e-02 
 3.543866e-01 -6.517370e-02 
 3.547843e-01 -6.542166e-02 
 3.551820e-01 -6.566898e-02 
 3.555797e-01 -6.592873e-02 
 3.559774e-01 -6.619835e-02 
 3.563751e-01 -6.648663e-02 
 3.567727e-01 -6.678484e-02 
 3.571704e-01 -6.709453e-02 
 3.575681e-01 -6.743334e-02 
 3.579658e-01 -6.781431e-02 
 3.583635e-01 -6.824499e-02 
 3.587612e-01 -6.872426e-02 
 3.591589e-01 -6.921176e-02 
 3.595566e-01 -6.968206e-02 
 3.599543e-01 -7.010257e-02 
 3.603520e-01 -7.043863e-02 
 3.607497e-01 -7.067204e-02 
 3.611474e-01 -7.081238e-02 
 3.615451e-01 -7.086122e-02 
 3.619428e-01 -7.084818e-02 
 3.623405e-01 -7.080907e-02 
 3.627382e-01 -7.079068e-02 
 3.631359e-01 -7.082805e-02 
 3.635336e-01 -7.094524e-02 
 3.639313e-01 -7.115872e-02 
 3.643290e-01 -7.147391e-02 
 3.647267e-01 -7.187247e-02 
 3.651244e-01 -7.232443e-02 
 3.655221e-01 -7.282254e-02 
 3.659197e-01 -7.335607e-02 
 3.663174e-01 -7.392987e-02 
 3.667151e-01 -7.454508e-02 
 3.671128e-01 -7.520303e-02 
 3.675105e-01 -7.587076e-02 
 3.679082e-01 -7.651596e-02 
 3.683059e-01 -7.708959e-02 
 3.687036e-01 -7.752683e-02 
 3.691013e-01 -7.777979e-02 
 3.694990e-01 -7.781157e-02 
 3.698967e-01 -7.762390e-02 
 3.702944e-01 -7.724350e-02 
 3.706921e-01 -7.668507e-02 
 3.710898e-01 -7.598256e-02 
 3.714875e-01 -7.516606e-02 
 3.718852e-01 -7.424001e-02 
 3.722829e-01 -7.322234e-02 
 3.726806e-01 -7.210562e-02 
 3.730783e-01 -7.087971e-02 
 3.734760e-01 -6.954589e-02 
 3.738737e-01 -6.811577e-02 
 3.742714e-01 -6.660986e-02 
 3.746691e-01 -6.504000e-02 
 3.750667e-01 -6.343102e-02 
 3.754644e-01 -6.180099e-02 
 3.758621e-01 -6.014475e-02 
 3.762598e-01 -5.846810e-02 
 3.766575e-01 -5.676576e-02 
 3.770552e-01 -5.504839e-02 
 3.774529e-01 -5.331080e-02 
 3.778506e-01 -5.154790e-02 
 3.782483e-01 -4.974353e-02 
 3.786460e-01 -4.788261e-02 
 3.790437e-01 -4.594684e-02 
 3.794414e-01 -4.392624e-02 
 3.798391e-01 -4.182436e-02 
 3.802368e-01 -3.965475e-02 
 3.806345e-01 -3.744975e-02 
 3.810322e-01 -3.527175e-02 
 3.814299e-01 -3.316835e-02 
 3.818276e-01 -3.118780e-02 
 3.822253e-01 -2.935063e-02 
 3.826230e-01 -2.764802e-02 
 3.830207e-01 -2.608160e-02 
 3.834184e-01 -2.463941e-02 
 3.838161e-01 -2.331142e-02 
 3.842137e-01 -2.207034e-02 
 3.846114e-01 -2.090910e-02 
 3.850091e-01 -1.981590e-02 
 3.854068e-01 -1.878900e-02 
 3.858045e-01 -1.781700e-02 
 3.862022e-01 -1.689578e-02 
 3.865999e-01 -1.602397e-02 
 3.869976e-01 -1.517453e-02 
 3.873953e-01 -1.432443e-02 
 3.877930e-01 -1.345593e-02 
 3.881907e-01 -1.254229e-02 
 3.885884e-01 -1.156756e-02 
 3.889861e-01 -1.052619e-02 
 3.893838e-01 -9.446832e-03 
 3.897815e-01 -8.361722e-03 
 3.901792e-01 -7.298685e-03 
 3.905769e-01 -6.284575e-03 
 3.909746e-01 -5.329389e-03 
 3.913723e-01 -4.441265e-03 
 3.917700e-01 -3.616556e-03 
 3.921677e-01 -2.856892e-03 
 3.925654e-01 -2.158381e-03 
 3.929630e-01 -1.505374e-03 
 3.933607e-01 -9.021196e-04 
 3.937584e-01 -3.490923e-04 
 3.941561e-01  1.584465e-04 
 3.945538e-01  6.220864e-04 
 3.949515e-01  1.051496e-03 
 3.953492e-01  1.453782e-03 
 3.957469e-01  1.829530e-03 
 3.961446e-01  2.188147e-03 
 3.965423e-01  2.553465e-03 
 3.969400e-01  2.957935e-03 
 3.973377e-01  3.424893e-03 
 3.977354e-01  3.971997e-03 
 3.981331e-01  4.615800e-03 
 3.985308e-01  5.354997e-03 
 3.989285e-01  6.181804e-03 
 3.993262e-01  7.065178e-03 
 3.997239e-01  7.968051e-03 
 4.001216e-01  8.861461e-03 
 4.005193e-01  9.728129e-03 
 4.009170e-01  1.057178e-02 
 4.013147e-01  1.139267e-02 
 4.017124e-01  1.222042e-02 
 4.021100e-01  1.308472e-02 
 4.025077e-01  1.401342e-02 
 4.029054e-01  1.502191e-02 
 4.033031e-01  1.609676e-02 
 4.037008e-01  1.722166e-02 
 4.040985e-01  1.837736e-02 
 4.044962e-01  1.955265e-02 
 4.048939e-01  2.075057e-02 
 4.052916e-01  2.198777e-02 
 4.056893e-01  2.325566e-02 
 4.060870e-01  2.454856e-02 
 4.064847e-01  2.585743e-02 
 4.068824e-01  2.716552e-02 
 4.072801e-01  2.845842e-02 
 4.076778e-01  2.972921e-02 
 4.080755e-01  3.096228e-02 
 4.084732e-01  3.215682e-02 
 4.088709e-01  3.330121e-02 
 4.092686e-01  3.437786e-02 
 4.096663e-01  3.535403e-02 
 4.100640e-01  3.620546e-02 
 4.104617e-01  3.691082e-02 
 4.108594e-01  3.748669e-02 
 4.112570e-01  3.796433e-02 
 4.116547e-01  3.836992e-02 
 4.120524e-01  3.872721e-02 
 4.124501e-01  3.904161e-02 
 4.128478e-01  3.930560e-02 
 4.132455e-01  3.950251e-02 
 4.136432e-01  3.960790e-02 
 4.140409e-01  3.960500e-02 
 4.144386e-01  3.949361e-02 
 4.148363e-01  3.927388e-02 
 4.152340e-01  3.897343e-02 
 4.156317e-01  3.861237e-02 
 4.160294e-01  3.820285e-02 
 4.164271e-01  3.776535e-02 
 4.168248e-01  3.733042e-02 
 4.172225e-01  3.690512e-02 
 4.176202e-01  3.649199e-02 
 4.180179e-01  3.607688e-02 
 4.184156e-01  3.563737e-02 
 4.188133e-01  3.515146e-02 
 4.192110e-01  3.460552e-02 
 4.196087e-01  3.400317e-02 
 4.200064e-01  3.337232e-02 
 4.204040e-01  3.274404e-02 
 4.208017e-01  3.215143e-02 
 4.211994e-01  3.161673e-02 
 4.215971e-01  3.113923e-02 
 4.219948e-01  3.070402e-02 
 4.223925e-01  3.027519e-02 
 4.227902e-01  2.983143e-02 
 4.231879e-01  2.934477e-02 
 4.235856e-01  2.880533e-02 
 4.239833e-01  2.821921e-02 
 4.243810e-01  2.758242e-02 
 4.247787e-01  2.689400e-02 
 4.251764e-01  2.614211e-02 
 4.255741e-01  2.532809e-02 
 4.259718e-01  2.445048e-02 
 4.263695e-01  2.350882e-02 
 4.267672e-01  2.250349e-02 
 4.271649e-01  2.143585e-02 
 4.275626e-01  2.031670e-02 
 4.279603e-01  1.915541e-02 
 4.283580e-01  1.796904e-02 
 4.287557e-01  1.675474e-02 
 4.291534e-01  1.552233e-02 
 4.295510e-01  1.427746e-02 
 4.299487e-01  1.303162e-02 
 4.303464e-01  1.180883e-02 
 4.307441e-01  1.061564e-02 
 4.311418e-01  9.465394e-03 
 4.315395e-01  8.356892e-03 
 4.319372e-01  7.276746e-03 
 4.323349e-01  6.191298e-03 
 4.327326e-01  5.059699e-03 
 4.331303e-01  3.857782e-03 
 4.335280e-01  2.564082e-03 
 4.339257e-01  1.184001e-03 
 4.343234e-01 -2.577125e-04 
 4.347211e-01 -1.735071e-03 
 4.351188e-01 -3.212823e-03 
 4.355165e-01 -4.659947e-03 
 4.359142e-01 -6.068485e-03 
 4.363119e-01 -7.437748e-03 
 4.367096e-01 -8.764291e-03 
 4.371073e-01 -1.006896e-02 
 4.375050e-01 -1.135441e-02 
 4.379027e-01 -1.262660e-02 
 4.383004e-01 -1.389099e-02 
 4.386980e-01 -1.515368e-02 
 4.390957e-01 -1.639850e-02 
 4.394934e-01 -1.762313e-02 
 4.398911e-01 -1.881525e-02 
 4.402888e-01 -1.996875e-02 
 4.406865e-01 -2.109406e-02 
 4.410842e-01 -2.220518e-02 
 4.414819e-01 -2.334054e-02 
 4.418796e-01 -2.452553e-02 
 4.422773e-01 -2.578520e-02 
 4.426750e-01 -2.712711e-02 
 4.430727e-01 -2.855559e-02 
 4.434704e-01 -3.006604e-02 
 4.438681e-01 -3.163939e-02 
 4.442658e-01 -3.324199e-02 
 4.446635e-01 -3.485248e-02 
 4.450612e-01 -3.644761e-02 
 4.454589e-01 -3.801304e-02 
 4.458566e-01 -3.953238e-02 
 4.462543e-01 -4.097556e-02 
 4.466520e-01 -4.233154e-02 
 4.470497e-01 -4.358825e-02 
 4.474474e-01 -4.473815e-02 
 4.478450e-01 -4.578490e-02 
 4.482427e-01 -4.672707e-02 
 4.486404e-01 -4.756231e-02 
 4.490381e-01 -4.829734e-02 
 4.494358e-01 -4.893082e-02 
 4.498335e-01 -4.947692e-02 
 4.502312e-01 -4.994345e-02 
 4.506289e-01 -5.035488e-02 
 4.510266e-01 -5.074838e-02 
 4.514243e-01 -5.116127e-02 
 4.518220e-01 -5.161722e-02 
 4.522197e-01 -5.214926e-02 
 4.526174e-01 -5.274286e-02 
 4.530151e-01 -5.338316e-02 
 4.534128e-01 -5.404164e-02 
 4.538105e-01 -5.468991e-02 
 4.542082e-01 -5.531479e-02 
 4.546059e-01 -5.588456e-02 
 4.550036e-01 -5.638085e-02 
 4.554013e-01 -5.681217e-02 
 4.557990e-01 -5.718642e-02 
 4.561967e-01 -5.751492e-02 
 4.565944e-01 -5.781075e-02 
 4.569920e-01 -5.808296e-02 
 4.573897e-01 -5.833721e-02 
 4.577874e-01 -5.858051e-02 
 4.581851e-01 -5.882832e-02 
 4.585828e-01 -5.909016e-02 
 4.589805e-01 -5.937808e-02 
 4.593782e-01 -5.969849e-02 
 4.597759e-01 -6.005895e-02 
 4.601736e-01 -6.046990e-02 
 4.605713e-01 -6.093554e-02 
 4.609690e-01 -6.147129e-02 
 4.613667e-01 -6.208687e-02 
 4.617644e-01 -6.281076e-02 
 4.621621e-01 -6.364197e-02 
 4.625598e-01 -6.455382e-02 
 4.629575e-01 -6.549303e-02 
 4.633552e-01 -6.639405e-02 
 4.637529e-01 -6.720624e-02 
 4.641506e-01 -6.788943e-02 
 4.645483e-01 -6.841966e-02 
 4.649460e-01 -6.879972e-02 
 4.653437e-01 -6.904896e-02 
 4.657413e-01 -6.918372e-02 
 4.661390e-01 -6.921469e-02 
 4.665367e-01 -6.915957e-02 
 4.669344e-01 -6.902253e-02 
 4.673321e-01 -6.880648e-02 
 4.677298e-01 -6.852386e-02 
 4.681275e-01 -6.818383e-02 
 4.685252e-01 -6.780853e-02 
 4.689229e-01 -6.742267e-02 
 4.693206e-01 -6.704702e-02 
 4.697183e-01 -6.670388e-02 
 4.701160e-01 -6.641218e-02 
 4.705137e-01 -6.620658e-02 
 4.709114e-01 -6.608961e-02 
 4.713091e-01 -6.604695e-02 
 4.717068e-01 -6.604907e-02 
 4.721045e-01 -6.605137e-02 
 4.725022e-01 -6.600897e-02 
 4.728999e-01 -6.590258e-02 
 4.732976e-01 -6.572184e-02 
 4.736953e-01 -6.547246e-02 
 4.740930e-01 -6.515384e-02 
 4.744907e-01 -6.478394e-02 
 4.748883e-01 -6.438390e-02 
 4.752860e-01 -6.395490e-02 
 4.756837e-01 -6.348632e-02 
 4.760814e-01 -6.296535e-02 
 4.764791e-01 -6.239336e-02 
 4.768768e-01 -6.178258e-02 
 4.772745e-01 -6.114243e-02 
 4.776722e-01 -6.050026e-02 
 4.780699e-01 -5.987212e-02 
 4.784676e-01 -5.924950e-02 
 4.788653e-01 -5.862719e-02 
 4.792630e-01 -5.800690e-02 
 4.796607e-01 -5.737482e-02 
 4.800584e-01 -5.671210e-02 
 4.804561e-01 -5.602103e-02 
 4.808538e-01 -5.530420e-02 
 4.812515e-01 -5.456214e-02 
 4.816492e-01 -5.378550e-02 
 4.820469e-01 -5.296133e-02 
 4.824446e-01 -5.205270e-02 
 4.828423e-01 -5.102328e-02 
 4.832400e-01 -4.986132e-02 
 4.836377e-01 -4.856489e-02 
 4.840353e-01 -4.716218e-02 
 4.844330e-01 -4.567104e-02 
 4.848307e-01 -4.411210e-02 
 4.852284e-01 -4.252088e-02 
 4.856261e-01 -4.090545e-02 
 4.860238e-01 -3.926446e-02 
 4.864215e-01 -3.761137e-02 
 4.868192e-01 -3.594547e-02 
 4.872169e-01 -3.428862e-02 
 4.876146e-01 -3.268067e-02 
 4.880123e-01 -3.115291e-02 
 4.884100e-01 -2.973419e-02 
 4.888077e-01 -2.842583e-02 
 4.892054e-01 -2.722170e-02 
 4.896031e-01 -2.609832e-02 
 4.900008e-01 -2.501567e-02 
 4.903985e-01 -2.394497e-02 
 4.907962e-01 -2.285400e-02 
 4.911939e-01 -2.172968e-02 
 4.915916e-01 -2.054161e-02 
 4.919893e-01 -1.927527e-02 
 4.923870e-01 -1.790806e-02 
 4.927847e-01 -1.644605e-02 
 4.931823e-01 -1.490168e-02 
 4.935800e-01 -1.329959e-02 
 4.939777e-01 -1.167358e-02 
 4.943754e-01 -1.004633e-02 
 4.947731e-01 -8.431485e-03 
 4.951708e-01 -6.823150e-03 
 4.955685e-01 -5.202241e-03 
 4.959662e-01 -3.553103e-03 
 4.963639e-01 -1.849805e-03 
 4.967616e-01 -1.148970e-04 
 4.971593e-01  1.629850e-03 
 4.975570e-01  3.360926e-03 
 4.979547e-01  5.051278e-03 
 4.983524e-01  6.708902e-03 
 4.987501e-01  8.327832e-03 
 4.991478e-01  9.918016e-03 
 4.995455e-01  1.149688e-02 
 4.999432e-01  1.305661e-02 
 5.003409e-01  1.459042e-02 
 5.007386e-01  1.609538e-02 
 5.011363e-01  1.756290e-02 
 5.015340e-01  1.897925e-02 
 5.019317e-01  2.033596e-02 
 5.023293e-01  2.163817e-02 
 5.027270e-01  2.286687e-02 
 5.031247e-01  2.399853e-02 
 5.035224e-01  2.502469e-02 
 5.039201e-01  2.594289e-02 
 5.043178e-01  2.676428e-02 
 5.047155e-01  2.751104e-02 
 5.051132e-01  2.819959e-02 
 5.055109e-01  2.884490e-02 
 5.059086e-01  2.944518e-02 
 5.063063e-01  2.998452e-02 
 5.067040e-01  3.044809e-02 
 5.071017e-01  3.081122e-02 
 5.074994e-01  3.107201e-02 
 5.078971e-01  3.124978e-02 
 5.082948e-01  3.138075e-02 
 5.086925e-01  3.149393e-02 
 5.090902e-01  3.160439e-02 
 5.094879e-01  3.172629e-02 
 5.098856e-01  3.184447e-02 
 5.102833e-01  3.195673e-02 
 5.106810e-01  3.206226e-02 
 5.110787e-01  3.216959e-02 
 5.114763e-01  3.228759e-02 
 5.118740e-01  3.242477e-02 
 5.122717e-01  3.258985e-02 
 5.126694e-01  3.278253e-02 
 5.130671e-01  3.296375e-02 
 5.134648e-01  3.310431e-02 
 5.138625e-01  3.319394e-02 
 5.142602e-01  3.323008e-02 
 5.146579e-01  3.323110e-02 
 5.150556e-01  3.323645e-02 
 5.154533e-01  3.327043e-02 
 5.158510e-01  3.335173e-02 
 5.162487e-01  3.347446e-02 
 5.166464e-01  3.360965e-02 
 5.170441e-01  3.372729e-02 
 5.174418e-01  3.380464e-02 
 5.178395e-01  3.382761e-02 
 5.182372e-01  3.379892e-02 
 5.186349e-01  3.372190e-02 
 5.190326e-01  3.360079e-02 
 5.194303e-01  3.343909e-02 
 5.198280e-01  3.323188e-02 
 5.202257e-01  3.296079e-02 
 5.206233e-01  3.262026e-02 
 5.210210e-01  3.219183e-02 
 5.214187e-01  3.166921e-02 
 5.218164e-01  3.105811e-02 
 5.222141e-01  3.036980e-02 
 5.226118e-01  2.960659e-02 
 5.230095e-01  2.879207e-02 
 5.234072e-01  2.795247e-02 
 5.238049e-01  2.711693e-02 
 5.242026e-01  2.633499e-02 
 5.246003e-01  2.562697e-02 
 5.249980e-01  2.501389e-02 
 5.253957e-01  2.447859e-02 
 5.257934e-01  2.399378e-02 
 5.261911e-01  2.351340e-02 
 5.265888e-01  2.299913e-02 
 5.269865e-01  2.244170e-02 
 5.273842e-01  2.184185e-02 
 5.277819e-01  2.121878e-02 
 5.281796e-01  2.059027e-02 
 5.285773e-01  1.995338e-02 
 5.289750e-01  1.929553e-02 
 5.293727e-01  1.858532e-02 
 5.297703e-01  1.780091e-02 
 5.301680e-01  1.692184e-02 
 5.305657e-01  1.595445e-02 
 5.309634e-01  1.491590e-02 
 5.313611e-01  1.380816e-02 
 5.317588e-01  1.264367e-02 
 5.321565e-01  1.141889e-02 
 5.325542e-01  1.014235e-02 
 5.329519e-01  8.816657e-03 
 5.333496e-01  7.460536e-03 
 5.337473e-01  6.108889e-03 
 5.341450e-01  4.793050e-03 
 5.345427e-01  3.537675e-03 
 5.349404e-01  2.336711e-03 
 5.353381e-01  1.160173e-03 
 5.357358e-01 -2.330658e-05 
 5.361335e-01 -1.238652e-03 
 5.365312e-01 -2.514159e-03 
 5.369289e-01 -3.855962e-03 
 5.373266e-01 -5.258002e-03 
 5.377243e-01 -6.712684e-03 
 5.381220e-01 -8.190622e-03 
 5.385196e-01 -9.690125e-03 
 5.389173e-01 -1.121327e-02 
 5.393150e-01 -1.275372e-02 
 5.397127e-01 -1.431280e-02 
 5.401104e-01 -1.587822e-02 
 5.405081e-01 -1.742459e-02 
 5.409058e-01 -1.892921e-02 
 5.413035e-01 -2.038091e-02 
 5.417012e-01 -2.175965e-02 
 5.420989e-01 -2.303841e-02 
 5.424966e-01 -2.421271e-02 
 5.428943e-01 -2.525733e-02 
 5.432920e-01 -2.615453e-02 
 5.436897e-01 -2.688065e-02 
 5.440874e-01 -2.742842e-02 
 5.444851e-01 -2.781532e-02 
 5.448828e-01 -2.808400e-02 
 5.452805e-01 -2.828831e-02 
 5.456782e-01 -2.849534e-02 
 5.460759e-01 -2.874285e-02 
 5.464736e-01 -2.905402e-02 
 5.468713e-01 -2.942703e-02 
 5.472690e-01 -2.984971e-02 
 5.476666e-01 -3.029013e-02 
 5.480643e-01 -3.074174e-02 
 5.484620e-01 -3.120601e-02 
 5.488597e-01 -3.169585e-02 
 5.492574e-01 -3.222945e-02 
 5.496551e-01 -3.281611e-02 
 5.500528e-01 -3.346004e-02 
 5.504505e-01 -3.413646e-02 
 5.508482e-01 -3.482129e-02 
 5.512459e-01 -3.550688e-02 
 5.516436e-01 -3.617622e-02 
 5.520413e-01 -3.681059e-02 
 5.524390e-01 -3.740271e-02 
 5.528367e-01 -3.795194e-02 
 5.532344e-01 -3.844683e-02 
 5.536321e-01 -3.889174e-02 
 5.540298e-01 -3.929855e-02 
 5.544275e-01 -3.970096e-02 
 5.548252e-01 -4.013347e-02 
 5.552229e-01 -4.064962e-02 
 5.556206e-01 -4.127541e-02 
 5.560183e-01 -4.200476e-02 
 5.564160e-01 -4.282809e-02 
 5.568136e-01 -4.371062e-02 
 5.572113e-01 -4.464373e-02 
 5.576090e-01 -4.562168e-02 
 5.580067e-01 -4.665069e-02 
 5.584044e-01 -4.773691e-02 
 5.588021e-01 -4.887506e-02 
 5.591998e-01 -5.004173e-02 
 5.595975e-01 -5.120362e-02 
 5.599952e-01 -5.232618e-02 
 5.603929e-01 -5.338555e-02 
 5.607906e-01 -5.437002e-02 
 5.611883e-01 -5.530325e-02 
 5.615860e-01 -5.621312e-02 
 5.619837e-01 -5.710074e-02 
 5.623814e-01 -5.797267e-02 
 5.627791e-01 -5.881335e-02 
 5.631768e-01 -5.961148e-02 
 5.635745e-01 -6.037246e-02 
 5.639722e-01 -6.112391e-02 
 5.643699e-01 -6.192362e-02 
 5.647676e-01 -6.281558e-02 
 5.651653e-01 -6.383439e-02 
 5.655630e-01 -6.498611e-02 
 5.659606e-01 -6.623628e-02 
 5.663583e-01 -6.754860e-02 
 5.667560e-01 -6.888500e-02 
 5.671537e-01 -7.019895e-02 
 5.675514e-01 -7.146037e-02 
 5.679491e-01 -7.266915e-02 
 5.683468e-01 -7.380792e-02 
 5.687445e-01 -7.486642e-02 
 5.691422e-01 -7.584001e-02 
 5.695399e-01 -7.672046e-02 
 5.699376e-01 -7.749310e-02 
 5.703353e-01 -7.814664e-02 
 5.707330e-01 -7.867989e-02 
 5.711307e-01 -7.908245e-02 
 5.715284e-01 -7.935949e-02 
 5.719261e-01 -7.949109e-02 
 5.723238e-01 -7.947589e-02 
 5.727215e-01 -7.932048e-02 
 5.731192e-01 -7.904155e-02 
 5.735169e-01 -7.866967e-02 
 5.739146e-01 -7.823958e-02 
 5.743123e-01 -7.776531e-02 
 5.747100e-01 -7.725480e-02 
 5.751076e-01 -7.671228e-02 
 5.755053e-01 -7.611931e-02 
 5.759030e-01 -7.545750e-02 
 5.763007e-01 -7.469504e-02 
 5.766984e-01 -7.383389e-02 
 5.770961e-01 -7.288226e-02 
 5.774938e-01 -7.186394e-02 
 5.778915e-01 -7.080198e-02 
 5.782892e-01 -6.970259e-02 
 5.786869e-01 -6.854203e-02 
 5.790846e-01 -6.731459e-02 
 5.794823e-01 -6.601541e-02 
 5.798800e-01 -6.464595e-02 
 5.802777e-01 -6.322738e-02 
 5.806754e-01 -6.177462e-02 
 5.810731e-01 -6.032373e-02 
 5.814708e-01 -5.887854e-02 
 5.818685e-01 -5.745017e-02 
 5.822662e-01 -5.605114e-02 
 5.826639e-01 -5.468727e-02 
 5.830616e-01 -5.338562e-02 
 5.834593e-01 -5.216503e-02 
 5.838570e-01 -5.104523e-02 
 5.842546e-01 -5.003395e-02 
 5.846523e-01 -4.910916e-02 
 5.850500e-01 -4.822547e-02 
 5.854477e-01 -4.734752e-02 
 5.858454e-01 -4.643577e-02 
 5.862431e-01 -4.546916e-02 
 5.866408e-01 -4.444090e-02 
 5.870385e-01 -4.335523e-02 
 5.874362e-01 -4.221778e-02 
 5.878339e-01 -4.102820e-02 
 5.882316e-01 -3.979268e-02 
 5.886293e-01 -3.851553e-02 
 5.890270e-01 -3.720192e-02 
 5.894247e-01 -3.585174e-02 
 5.898224e-01 -3.447154e-02 
 5.902201e-01 -3.308351e-02 
 5.906178e-01 -3.169335e-02 
 5.910155e-01 -3.032274e-02 
 5.914132e-01 -2.897145e-02 
 5.918109e-01 -2.764420e-02 
 5.922086e-01 -2.632815e-02 
 5.926063e-01 -2.502035e-02 
 5.930040e-01 -2.371980e-02 
 5.934016e-01 -2.242932e-02 
 5.937993e-01 -2.115117e-02 
 5.941970e-01 -1.988111e-02 
 5.945947e-01 -1.861115e-02 
 5.949924e-01 -1.732877e-02 
 5.953901e-01 -1.602957e-02 
 5.957878e-01 -1.471790e-02 
 5.961855e-01 -1.340148e-02 
 5.965832e-01 -1.208851e-02 
 5.969809e-01 -1.079504e-02 
 5.973786e-01 -9.531049e-03 
 5.977763e-01 -8.304114e-03 
 5.981740e-01 -7.100770e-03 
 5.985717e-01 -5.905716e-03 
 5.989694e-01 -4.715914e-03 
 5.993671e-01 -3.518297e-03 
 5.997648e-01 -2.304325e-03 
 6.001625e-01 -1.062316e-03 
 6.005602e-01  2.021505e-04 
 6.009579e-01  1.487596e-03 
 6.013556e-01  2.785837e-03 
 6.017533e-01  4.085630e-03 
 6.021510e-01  5.384987e-03 
 6.025486e-01  6.690382e-03 
 6.029463e-01  8.015269e-03 
 6.033440e-01  9.355092e-03 
 6.037417e-01  1.072444e-02 
 6.041394e-01  1.213278e-02 
 6.045371e-01  1.358808e-02 
 6.049348e-01  1.507589e-02 
 6.053325e-01  1.658791e-02 
 6.057302e-01  1.811183e-02 
 6.061279e-01  1.962802e-02 
 6.065256e-01  2.110995e-02 
 6.069233e-01  2.253757e-02 
 6.073210e-01  2.389767e-02 
 6.077187e-01  2.518517e-02 
 6.081164e-01  2.640799e-02 
 6.085141e-01  2.757701e-02 
 6.089118e-01  2.868171e-02 
 6.093095e-01  2.969835e-02 
 6.097072e-01  3.060276e-02 
 6.101049e-01  3.136766e-02 
 6.105026e-01  3.198275e-02 
 6.109003e-01  3.244940e-02 
 6.112979e-01  3.279339e-02 
 6.116956e-01  3.304133e-02 
 6.120933e-01  3.321444e-02 
 6.124910e-01  3.332307e-02 
 6.128887e-01  3.337207e-02 
 6.132864e-01  3.334316e-02 
 6.136841e-01  3.322371e-02 
 6.140818e-01  3.301242e-02 
 6.144795e-01  3.270432e-02 
 6.148772e-01  3.229781e-02 
 6.152749e-01  3.179203e-02 
 6.156726e-01  3.117371e-02 
 6.160703e-01  3.043189e-02 
 6.164680e-01  2.955375e-02 
 6.168657e-01  2.856181e-02 
 6.172634e-01  2.747509e-02 
 6.176611e-01  2.633669e-02 
 6.180588e-01  2.519100e-02 
 6.184565e-01  2.408501e-02 
 6.188542e-01  2.304202e-02 
 6.192519e-01  2.206928e-02 
 6.196496e-01  2.116445e-02 
 6.200473e-01  2.031976e-02 
 6.204449e-01  1.953597e-02 
 6.208426e-01  1.881757e-02 
 6.212403e-01  1.816947e-02 
 6.216380e-01  1.759997e-02 
 6.220357e-01  1.710823e-02 
 6.224334e-01  1.669708e-02 
 6.228311e-01  1.634216e-02 
 6.232288e-01  1.603300e-02 
 6.236265e-01  1.575495e-02 
 6.240242e-01  1.549400e-02 
 6.244219e-01  1.523357e-02 
 6.248196e-01  1.495450e-02 
 6.252173e-01  1.464541e-02 
 6.256150e-01  1.429164e-02 
 6.260127e-01  1.390366e-02 
 6.264104e-01  1.349535e-02 
 6.268081e-01  1.308755e-02 
 6.272058e-01  1.270117e-02 
 6.276035e-01  1.235921e-02 
 6.280012e-01  1.207319e-02 
 6.283989e-01  1.184873e-02 
 6.287966e-01  1.167614e-02 
 6.291943e-01  1.153781e-02 
 6.295919e-01  1.143224e-02 
 6.299896e-01  1.134311e-02 
 6.303873e-01  1.128058e-02 
 6.307850e-01  1.125382e-02 
 6.311827e-01  1.126334e-02 
 6.315804e-01  1.131335e-02 
 6.319781e-01  1.140999e-02 
 6.323758e-01  1.153879e-02 
 6.327735e-01  1.168179e-02 
 6.331712e-01  1.181587e-02 
 6.335689e-01  1.190518e-02 
 6.339666e-01  1.190870e-02 
 6.343643e-01  1.180874e-02 
 6.347620e-01  1.160258e-02 
 6.351597e-01  1.129850e-02 
 6.355574e-01  1.090828e-02 
 6.359551e-01  1.045449e-02 
 6.363528e-01  9.974145e-03 
 6.367505e-01  9.486909e-03 
 6.371482e-01  9.019071e-03 
 6.375459e-01  8.596809e-03 
 6.379436e-01  8.223702e-03 
 6.383413e-01  7.886730e-03 
 6.387389e-01  7.563744e-03 
 6.391366e-01  7.231005e-03 
 6.395343e-01  6.857200e-03 
 6.399320e-01  6.423831e-03 
 6.403297e-01  5.928706e-03 
 6.407274e-01  5.357018e-03 
 6.411251e-01  4.710316e-03 
 6.415228e-01  3.966463e-03 
 6.419205e-01  3.119963e-03 
 6.423182e-01  2.145059e-03 
 6.427159e-01  1.008691e-03 
 6.431136e-01 -2.971044e-04 
 6.435113e-01 -1.782142e-03 
 6.439090e-01 -3.427427e-03 
 6.443067e-01 -5.217417e-03 
 6.447044e-01 -7.123248e-03 
 6.451021e-01 -9.134577e-03 
 6.454998e-01 -1.121341e-02 
 6.458975e-01 -1.331813e-02 
 6.462952e-01 -1.539600e-02 
 6.466929e-01 -1.740685e-02 
 6.470906e-01 -1.931350e-02 
 6.474883e-01 -2.110865e-02 
 6.478859e-01 -2.278750e-02 
 6.482836e-01 -2.435825e-02 
 6.486813e-01 -2.584433e-02 
 6.490790e-01 -2.727297e-02 
 6.494767e-01 -2.865980e-02 
 6.498744e-01 -3.001327e-02 
 6.502721e-01 -3.132503e-02 
 6.506698e-01 -3.257849e-02 
 6.510675e-01 -3.376961e-02 
 6.514652e-01 -3.489268e-02 
 6.518629e-01 -3.596166e-02 
 6.522606e-01 -3.699627e-02 
 6.526583e-01 -3.801339e-02 
 6.530560e-01 -3.903664e-02 
 6.534537e-01 -4.008118e-02 
 6.538514e-01 -4.114778e-02 
 6.542491e-01 -4.222042e-02 
 6.546468e-01 -4.327179e-02 
 6.550445e-01 -4.428165e-02 
 6.554422e-01 -4.519947e-02 
 6.558399e-01 -4.600274e-02 
 6.562376e-01 -4.667824e-02 
 6.566353e-01 -4.722723e-02 
 6.570329e-01 -4.764772e-02 
 6.574306e-01 -4.797192e-02 
 6.578283e-01 -4.823975e-02 
 6.582260e-01 -4.849843e-02 
 6.586237e-01 -4.878956e-02 
 6.590214e-01 -4.915804e-02 
 6.594191e-01 -4.960732e-02 
 6.598168e-01 -5.012850e-02 
 6.602145e-01 -5.071946e-02 
 6.606122e-01 -5.136341e-02 
 6.610099e-01 -5.205785e-02 
 6.614076e-01 -5.281572e-02 
 6.618053e-01 -5.363978e-02 
 6.622030e-01 -5.454000e-02 
 6.626007e-01 -5.552012e-02 
 6.629984e-01 -5.656070e-02 
 6.633961e-01 -5.764008e-02 
 6.637938e-01 -5.871828e-02 
 6.641915e-01 -5.976723e-02 
 6.645892e-01 -6.076745e-02 
 6.649869e-01 -6.170825e-02 
 6.653846e-01 -6.257788e-02 
 6.657823e-01 -6.336600e-02 
 6.661799e-01 -6.406575e-02 
 6.665776e-01 -6.467841e-02 
 6.669753e-01 -6.520847e-02 
 6.673730e-01 -6.567076e-02 
 6.677707e-01 -6.609616e-02 
 6.681684e-01 -6.651262e-02 
 6.685661e-01 -6.694711e-02 
 6.689638e-01 -6.741605e-02 
 6.693615e-01 -6.790276e-02 
 6.697592e-01 -6.839046e-02 
 6.701569e-01 -6.885953e-02 
 6.705546e-01 -6.930061e-02 
 6.709523e-01 -6.972856e-02 
 6.713500e-01 -7.016088e-02 
 6.717477e-01 -7.061287e-02 
 6.721454e-01 -7.108877e-02 
 6.725431e-01 -7.158626e-02 
 6.729408e-01 -7.208582e-02 
 6.733385e-01 -7.256967e-02 
 6.737362e-01 -7.300702e-02 
 6.741339e-01 -7.338252e-02 
 6.745316e-01 -7.367359e-02 
 6.749293e-01 -7.386474e-02 
 6.753269e-01 -7.394657e-02 
 6.757246e-01 -7.389760e-02 
 6.761223e-01 -7.372103e-02 
 6.765200e-01 -7.342245e-02 
 6.769177e-01 -7.303782e-02 
 6.773154e-01 -7.259220e-02 
 6.777131e-01 -7.211665e-02 
 6.781108e-01 -7.161945e-02 
 6.785085e-01 -7.108534e-02 
 6.789062e-01 -7.050638e-02 
 6.793039e-01 -6.985786e-02 
 6.797016e-01 -6.911262e-02 
 6.800993e-01 -6.827245e-02 
 6.804970e-01 -6.734279e-02 
 6.808947e-01 -6.632563e-02 
 6.812924e-01 -6.523710e-02 
 6.816901e-01 -6.407404e-02 
 6.820878e-01 -6.281672e-02 
 6.824855e-01 -6.144477e-02 
 6.828832e-01 -5.994413e-02 
 6.832809e-01 -5.831780e-02 
 6.836786e-01 -5.658370e-02 
 6.840762e-01 -5.476338e-02 
 6.844739e-01 -5.286998e-02 
 6.848716e-01 -5.093291e-02 
 6.852693e-01 -4.897546e-02 
 6.856670e-01 -4.701936e-02 
 6.860647e-01 -4.507467e-02 
 6.864624e-01 -4.317282e-02 
 6.868601e-01 -4.131882e-02 
 6.872578e-01 -3.953700e-02 
 6.876555e-01 -3.783803e-02 
 6.880532e-01 -3.620844e-02 
 6.884509e-01 -3.463948e-02 
 6.888486e-01 -3.312024e-02 
 6.892463e-01 -3.164726e-02 
 6.896440e-01 -3.022596e-02 
 6.900417e-01 -2.888685e-02 
 6.904394e-01 -2.764814e-02 
 6.908371e-01 -2.650951e-02 
 6.912348e-01 -2.547198e-02 
 6.916325e-01 -2.451964e-02 
 6.920302e-01 -2.362928e-02 
 6.924279e-01 -2.278312e-02 
 6.928256e-01 -2.197269e-02 
 6.932232e-01 -2.119957e-02 
 6.936209e-01 -2.047169e-02 
 6.940186e-01 -1.979495e-02 
 6.944163e-01 -1.916495e-02 
 6.948140e-01 -1.856802e-02 
 6.952117e-01 -1.798772e-02 
 6.956094e-01 -1.740605e-02 
 6.960071e-01 -1.680965e-02 
 6.964048e-01 -1.619877e-02 
 6.968025e-01 -1.558180e-02 
 6.972002e-01 -1.496292e-02 
 6.975979e-01 -1.434167e-02 
 6.979956e-01 -1.371519e-02 
 6.983933e-01 -1.305925e-02 
 6.987910e-01 -1.235737e-02 
 6.991887e-01 -1.160125e-02 
 6.995864e-01 -1.079637e-02 
 6.999841e-01 -9.956527e-03 
 7.003818e-01 -9.107488e-03 
 7.007795e-01 -8.257108e-03 
 7.011772e-01 -7.408894e-03 
 7.015749e-01 -6.582170e-03 
 7.019726e-01 -5.770146e-03 
 7.023702e-01 -4.972029e-03 
 7.027679e-01 -4.181373e-03 
 7.031656e-01 -3.398793e-03 
 7.035633e-01 -2.636548e-03 
 7.039610e-01 -1.913695e-03 
 7.043587e-01 -1.230647e-03 
 7.047564e-01 -5.955317e-04 
 7.051541e-01 -3.482084e-06 
 7.055518e-01  5.700020e-04 
 7.059495e-01  1.135871e-03 
 7.063472e-01  1.715528e-03 
 7.067449e-01  2.327881e-03 
 7.071426e-01  2.982156e-03 
 7.075403e-01  3.687014e-03 
 7.079380e-01  4.431297e-03 
 7.083357e-01  5.212213e-03 
 7.087334e-01  6.034163e-03 
 7.091311e-01  6.891254e-03 
 7.095288e-01  7.771773e-03 
 7.099265e-01  8.650078e-03 
 7.103242e-01  9.499799e-03 
 7.107219e-01  1.032239e-02 
 7.111196e-01  1.112948e-02 
 7.115172e-01  1.193742e-02 
 7.119149e-01  1.276302e-02 
 7.123126e-01  1.360050e-02 
 7.127103e-01  1.444024e-02 
 7.131080e-01  1.526519e-02 
 7.135057e-01  1.605362e-02 
 7.139034e-01  1.680695e-02 
 7.143011e-01  1.752530e-02 
 7.146988e-01  1.824311e-02 
 7.150965e-01  1.898759e-02 
 7.154942e-01  1.978534e-02 
 7.158919e-01  2.065683e-02 
 7.162896e-01  2.157326e-02 
 7.166873e-01  2.250561e-02 
 7.170850e-01  2.341807e-02 
 7.174827e-01  2.428305e-02 
 7.178804e-01  2.506870e-02 
 7.182781e-01  2.576403e-02 
 7.186758e-01  2.634967e-02 
 7.190735e-01  2.681784e-02 
 7.194712e-01  2.715424e-02 
 7.198689e-01  2.734590e-02 
 7.202666e-01  2.737945e-02 
 7.206642e-01  2.726203e-02 
 7.210619e-01  2.699847e-02 
 7.214596e-01  2.661022e-02 
 7.218573e-01  2.612894e-02 
 7.222550e-01  2.557406e-02 
 7.226527e-01  2.494770e-02 
 7.230504e-01  2.426395e-02 
 7.234481e-01  2.354183e-02 
 7.238458e-01  2.278526e-02 
 7.242435e-01  2.203501e-02 
 7.246412e-01  2.132054e-02 
 7.250389e-01  2.067911e-02 
 7.254366e-01  2.012622e-02 
 7.258343e-01  1.966897e-02 
 7.262320e-01  1.929837e-02 
 7.266297e-01  1.899534e-02 
 7.270274e-01  1.873100e-02 
 7.274251e-01  1.848194e-02 
 7.278228e-01  1.823630e-02 
 7.282205e-01  1.797224e-02 
 7.286182e-01  1.766363e-02 
 7.290159e-01  1.730039e-02 
 7.294136e-01  1.688453e-02 
 7.298112e-01  1.641750e-02 
 7.302089e-01  1.589942e-02 
 7.306066e-01  1.535654e-02 
 7.310043e-01  1.481462e-02 
 7.314020e-01  1.428875e-02 
 7.317997e-01  1.379578e-02 
 7.321974e-01  1.333483e-02 
 7.325951e-01  1.288051e-02 
 7.329928e-01  1.241552e-02 
 7.333905e-01  1.193036e-02 
 7.337882e-01  1.144650e-02 
 7.341859e-01  1.098848e-02 
 7.345836e-01  1.060410e-02 
 7.349813e-01  1.030055e-02 
 7.353790e-01  1.007646e-02 
 7.357767e-01  9.914548e-03 
 7.361744e-01  9.759543e-03 
 7.365721e-01  9.553875e-03 
 7.369698e-01  9.261634e-03 
 7.373675e-01  8.851736e-03 
 7.377652e-01  8.313301e-03 
 7.381629e-01  7.636763e-03 
 7.385606e-01  6.816408e-03 
 7.389582e-01  5.867125e-03 
 7.393559e-01  4.792296e-03 
 7.397536e-01  3.622314e-03 
 7.401513e-01  2.397716e-03 
 7.405490e-01  1.166595e-03 
 7.409467e-01 -3.746650e-05 
 7.413444e-01 -1.205571e-03 
 7.417421e-01 -2.335273e-03 
 7.421398e-01 -3.424718e-03 
 7.425375e-01 -4.481888e-03 
 7.429352e-01 -5.484972e-03 
 7.433329e-01 -6.415494e-03 
 7.437306e-01 -7.251769e-03 
 7.441283e-01 -7.966675e-03 
 7.445260e-01 -8.569555e-03 
 7.449237e-01 -9.077487e-03 
 7.453214e-01 -9.526955e-03 
 7.457191e-01 -9.975690e-03 
 7.461168e-01 -1.047211e-02 
 7.465145e-01 -1.106319e-02 
 7.469122e-01 -1.176715e-02 
 7.473099e-01 -1.260284e-02 
 7.477075e-01 -1.358106e-02 
 7.481052e-01 -1.468974e-02 
 7.485029e-01 -1.592297e-02 
 7.489006e-01 -1.726816e-02 
 7.492983e-01 -1.870020e-02 
 7.496960e-01 -2.019095e-02 
 7.500937e-01 -2.170777e-02 
 7.504914e-01 -2.322964e-02 
 7.508891e-01 -2.473706e-02 
 7.512868e-01 -2.621861e-02 
 7.516845e-01 -2.768398e-02 
 7.520822e-01 -2.913624e-02 
 7.524799e-01 -3.059018e-02 
 7.528776e-01 -3.204380e-02 
 7.532753e-01 -3.347937e-02 
 7.536730e-01 -3.488517e-02 
 7.540707e-01 -3.625778e-02 
 7.544684e-01 -3.757826e-02 
 7.548661e-01 -3.885840e-02 
 7.552638e-01 -4.010854e-02 
 7.556615e-01 -4.135207e-02 
 7.560592e-01 -4.262668e-02 
 7.564569e-01 -4.395072e-02 
 7.568545e-01 -4.534208e-02 
 7.572522e-01 -4.679533e-02 
 7.576499e-01 -4.829243e-02 
 7.580476e-01 -4.979270e-02 
 7.584453e-01 -5.127384e-02 
 7.588430e-01 -5.271030e-02 
 7.592407e-01 -5.407036e-02 
 7.596384e-01 -5.532347e-02 
 7.600361e-01 -5.645948e-02 
 7.604338e-01 -5.747470e-02 
 7.608315e-01 -5.836822e-02 
 7.612292e-01 -5.915451e-02 
 7.616269e-01 -5.985781e-02 
 7.620246e-01 -6.049204e-02 
 7.624223e-01 -6.107020e-02 
 7.628200e-01 -6.159356e-02 
 7.632177e-01 -6.205493e-02 
 7.636154e-01 -6.245268e-02 
 7.640131e-01 -6.278908e-02 
 7.644108e-01 -6.308978e-02 
 7.648085e-01 -6.340046e-02 
 7.652062e-01 -6.376179e-02 
 7.656039e-01 -6.419798e-02 
 7.660015e-01 -6.471544e-02 
 7.663992e-01 -6.531023e-02 
 7.667969e-01 -6.597082e-02 
 7.671946e-01 -6.665994e-02 
 7.675923e-01 -6.736686e-02 
 7.679900e-01 -6.805708e-02 
 7.683877e-01 -6.872525e-02 
 7.687854e-01 -6.935951e-02 
 7.691831e-01 -6.994680e-02 
 7.695808e-01 -7.047454e-02 
 7.699785e-01 -7.092675e-02 
 7.703762e-01 -7.130258e-02 
 7.707739e-01 -7.161468e-02 
 7.711716e-01 -7.186710e-02 
 7.715693e-01 -7.207445e-02 
 7.719670e-01 -7.223192e-02 
 7.723647e-01 -7.234580e-02 
 7.727624e-01 -7.240585e-02 
 7.731601e-01 -7.239505e-02 
 7.735578e-01 -7.232018e-02 
 7.739555e-01 -7.219191e-02 
 7.743532e-01 -7.202652e-02 
 7.747509e-01 -7.185446e-02 
 7.751485e-01 -7.169232e-02 
 7.755462e-01 -7.153549e-02 
 7.759439e-01 -7.137742e-02 
 7.763416e-01 -7.121027e-02 
 7.767393e-01 -7.101266e-02 
 7.771370e-01 -7.077314e-02 
 7.775347e-01 -7.049839e-02 
 7.779324e-01 -7.018601e-02 
 7.783301e-01 -6.982977e-02 
 7.787278e-01 -6.942221e-02 
 7.791255e-01 -6.895655e-02 
 7.795232e-01 -6.842348e-02 
 7.799209e-01 -6.783573e-02 
 7.803186e-01 -6.721483e-02 
 7.807163e-01 -6.658905e-02 
 7.811140e-01 -6.599243e-02 
 7.815117e-01 -6.543226e-02 
 7.819094e-01 -6.491291e-02 
 7.823071e-01 -6.441607e-02 
 7.827048e-01 -6.391171e-02 
 7.831025e-01 -6.338481e-02 
 7.835002e-01 -6.282896e-02 
 7.838979e-01 -6.227475e-02 
 7.842955e-01 -6.173051e-02 
 7.846932e-01 -6.122061e-02 
 7.850909e-01 -6.074617e-02 
 7.854886e-01 -6.029596e-02 
 7.858863e-01 -5.984986e-02 
 7.862840e-01 -5.938497e-02 
 7.866817e-01 -5.886832e-02 
 7.870794e-01 -5.828546e-02 
 7.874771e-01 -5.764142e-02 
 7.878748e-01 -5.694470e-02 
 7.882725e-01 -5.620252e-02 
 7.886702e-01 -5.542223e-02 
 7.890679e-01 -5.460124e-02 
 7.894656e-01 -5.373446e-02 
 7.898633e-01 -5.282968e-02 
 7.902610e-01 -5.190358e-02 
 7.906587e-01 -5.096444e-02 
 7.910564e-01 -5.000747e-02 
 7.914541e-01 -4.901928e-02 
 7.918518e-01 -4.796697e-02 
 7.922495e-01 -4.682309e-02 
 7.926472e-01 -4.558101e-02 
 7.930449e-01 -4.425685e-02 
 7.934425e-01 -4.288413e-02 
 7.938402e-01 -4.150911e-02 
 7.942379e-01 -4.015523e-02 
 7.946356e-01 -3.884740e-02 
 7.950333e-01 -3.757515e-02 
 7.954310e-01 -3.631615e-02 
 7.958287e-01 -3.504945e-02 
 7.962264e-01 -3.376865e-02 
 7.966241e-01 -3.248423e-02 
 7.970218e-01 -3.122071e-02 
 7.974195e-01 -3.000612e-02 
 7.978172e-01 -2.885729e-02 
 7.982149e-01 -2.776593e-02 
 7.986126e-01 -2.672828e-02 
 7.990103e-01 -2.572210e-02 
 7.994080e-01 -2.473311e-02 
 7.998057e-01 -2.376554e-02 
 8.002034e-01 -2.281447e-02 
 8.006011e-01 -2.188215e-02 
 8.009988e-01 -2.096605e-02 
 8.013965e-01 -2.005984e-02 
 8.017942e-01 -1.914228e-02 
 8.021919e-01 -1.820303e-02 
 8.025895e-01 -1.724131e-02 
 8.029872e-01 -1.626185e-02 
 8.033849e-01 -1.524898e-02 
 8.037826e-01 -1.421831e-02 
 8.041803e-01 -1.315929e-02 
 8.045780e-01 -1.206819e-02 
 8.049757e-01 -1.094959e-02 
 8.053734e-01 -9.807617e-03 
 8.057711e-01 -8.656723e-03 
 8.061688e-01 -7.513089e-03 
 8.065665e-01 -6.403203e-03 
 8.069642e-01 -5.352335e-03 
 8.073619e-01 -4.364767e-03 
 8.077596e-01 -3.439802e-03 
 8.081573e-01 -2.572455e-03 
 8.085550e-01 -1.753412e-03 
 8.089527e-01 -9.671776e-04 
 8.093504e-01 -1.973139e-04 
 8.097481e-01  5.681094e-04 
 8.101458e-01  1.352349e-03 
 8.105435e-01  2.170094e-03 
 8.109412e-01  3.032110e-03 
 8.113389e-01  3.952526e-03 
 8.117365e-01  4.947981e-03 
 8.121342e-01  5.998805e-03 
 8.125319e-01  7.074128e-03 
 8.129296e-01  8.124680e-03 
 8.133273e-01  9.122430e-03 
 8.137250e-01  1.002730e-02 
 8.141227e-01  1.083102e-02 
 8.145204e-01  1.153018e-02 
 8.149181e-01  1.212669e-02 
 8.153158e-01  1.262104e-02 
 8.157135e-01  1.301727e-02 
 8.161112e-01  1.331166e-02 
 8.165089e-01  1.349257e-02 
 8.169066e-01  1.355553e-02 
 8.173043e-01  1.351914e-02 
 8.177020e-01  1.342180e-02 
 8.180997e-01  1.330875e-02 
 8.184974e-01  1.321827e-02 
 8.188951e-01  1.318844e-02 
 8.192928e-01  1.324093e-02 
 8.196905e-01  1.337495e-02 
 8.200882e-01  1.358564e-02 
 8.204858e-01  1.386019e-02 
 8.208835e-01  1.418085e-02 
 8.212812e-01  1.453346e-02 
 8.216789e-01  1.490098e-02 
 8.220766e-01  1.528402e-02 
 8.224743e-01  1.567971e-02 
 8.228720e-01  1.608243e-02 
 8.232697e-01  1.649663e-02 
 8.236674e-01  1.690282e-02 
 8.240651e-01  1.729824e-02 
 8.244628e-01  1.766438e-02 
 8.248605e-01  1.797447e-02 
 8.252582e-01  1.819996e-02 
 8.256559e-01  1.832213e-02 
 8.260536e-01  1.832239e-02 
 8.264513e-01  1.821212e-02 
 8.268490e-01  1.800464e-02 
 8.272467e-01  1.772821e-02 
 8.276444e-01  1.743031e-02 
 8.280421e-01  1.715344e-02 
 8.284398e-01  1.692918e-02 
 8.288375e-01  1.677338e-02 
 8.292352e-01  1.667806e-02 
 8.296328e-01  1.663081e-02 
 8.300305e-01  1.661722e-02 
 8.304282e-01  1.663926e-02 
 8.308259e-01  1.667752e-02 
 8.312236e-01  1.671254e-02 
 8.316213e-01  1.672833e-02 
 8.320190e-01  1.669630e-02 
 8.324167e-01  1.659135e-02 
 8.328144e-01  1.639126e-02 
 8.332121e-01  1.606855e-02 
 8.336098e-01  1.561282e-02 
 8.340075e-01  1.503349e-02 
 8.344052e-01  1.433561e-02 
 8.348029e-01  1.353863e-02 
 8.352006e-01  1.265332e-02 
 8.355983e-01  1.170867e-02 
 8.359960e-01  1.072713e-02 
 8.363937e-01  9.741723e-03 
 8.367914e-01  8.789371e-03 
 8.371891e-01  7.899418e-03 
 8.375868e-01  7.115597e-03 
 8.379845e-01  6.468038e-03 
 8.383822e-01  5.973559e-03 
 8.387798e-01  5.625628e-03 
 8.391775e-01  5.393801e-03 
 8.395752e-01  5.249415e-03 
 8.399729e-01  5.144055e-03 
 8.403706e-01  5.047992e-03 
 8.407683e-01  4.919706e-03 
 8.411660e-01  4.744811e-03 
 8.415637e-01  4.499333e-03 
 8.419614e-01  4.170515e-03 
 8.423591e-01  3.738412e-03 
 8.427568e-01  3.209788e-03 
 8.431545e-01  2.601185e-03 
 8.435522e-01  1.916824e-03 
 8.439499e-01  1.163453e-03 
 8.443476e-01  3.216197e-04 
 8.447453e-01 -6.038813e-04 
 8.451430e-01 -1.639186e-03 
 8.455407e-01 -2.792227e-03 
 8.459384e-01 -4.051345e-03 
 8.463361e-01 -5.391831e-03 
 8.467338e-01 -6.757149e-03 
 8.471315e-01 -8.091254e-03 
 8.475292e-01 -9.330857e-03 
 8.479268e-01 -1.045766e-02 
 8.483245e-01 -1.148724e-02 
 8.487222e-01 -1.243606e-02 
 8.491199e-01 -1.334080e-02 
 8.495176e-01 -1.423072e-02 
 8.499153e-01 -1.513771e-02 
 8.503130e-01 -1.608190e-02 
 8.507107e-01 -1.706088e-02 
 8.511084e-01 -1.807795e-02 
 8.515061e-01 -1.912578e-02 
 8.519038e-01 -2.020740e-02 
 8.523015e-01 -2.132915e-02 
 8.526992e-01 -2.250478e-02 
 8.530969e-01 -2.372915e-02 
 8.534946e-01 -2.499924e-02 
 8.538923e-01 -2.630365e-02 
 8.542900e-01 -2.763359e-02 
 8.546877e-01 -2.896625e-02 
 8.550854e-01 -3.028025e-02 
 8.554831e-01 -3.154117e-02 
 8.558808e-01 -3.272229e-02 
 8.562785e-01 -3.379847e-02 
 8.566762e-01 -3.475937e-02 
 8.570738e-01 -3.559919e-02 
 8.574715e-01 -3.632536e-02 
 8.578692e-01 -3.696177e-02 
 8.582669e-01 -3.755414e-02 
 8.586646e-01 -3.815010e-02 
 8.590623e-01 -3.878762e-02 
 8.594600e-01 -3.949131e-02 
 8.598577e-01 -4.027491e-02 
 8.602554e-01 -4.115618e-02 
 8.606531e-01 -4.214480e-02 
 8.610508e-01 -4.325308e-02 
 8.614485e-01 -4.445965e-02 
 8.618462e-01 -4.573288e-02 
 8.622439e-01 -4.705827e-02 
 8.626416e-01 -4.840689e-02 
 8.630393e-01 -4.976262e-02 
 8.634370e-01 -5.110944e-02 
 8.638347e-01 -5.245748e-02 
 8.642324e-01 -5.380875e-02 
 8.646301e-01 -5.517737e-02 
 8.650278e-01 -5.655810e-02 
 8.654255e-01 -5.792910e-02 
 8.658232e-01 -5.924129e-02 
 8.662208e-01 -6.045976e-02 
 8.666185e-01 -6.154171e-02 
 8.670162e-01 -6.248222e-02 
 8.674139e-01 -6.329201e-02 
 8.678116e-01 -6.398946e-02 
 8.682093e-01 -6.460548e-02 
 8.686070e-01 -6.516889e-02 
 8.690047e-01 -6.571736e-02 
 8.694024e-01 -6.624309e-02 
 8.698001e-01 -6.674925e-02 
 8.701978e-01 -6.724357e-02 
 8.705955e-01 -6.772411e-02 
 8.709932e-01 -6.819852e-02 
 8.713909e-01 -6.866553e-02 
 8.717886e-01 -6.911577e-02 
 8.721863e-01 -6.953142e-02 
 8.725840e-01 -6.990387e-02 
 8.729817e-01 -7.023629e-02 
 8.733794e-01 -7.054178e-02 
 8.737771e-01 -7.083397e-02 
 8.741748e-01 -7.111054e-02 
 8.745725e-01 -7.137273e-02 
 8.749702e-01 -7.161715e-02 
 8.753678e-01 -7.183066e-02 
 8.757655e-01 -7.200391e-02 
 8.761632e-01 -7.212084e-02 
 8.765609e-01 -7.219296e-02 
 8.769586e-01 -7.221930e-02 
 8.773563e-01 -7.223565e-02 
 8.777540e-01 -7.224706e-02 
 8.781517e-01 -7.225903e-02 
 8.785494e-01 -7.227429e-02 
 8.789471e-01 -7.228005e-02 
 8.793448e-01 -7.225873e-02 
 8.797425e-01 -7.219705e-02 
 8.801402e-01 -7.207313e-02 
 8.805379e-01 -7.187277e-02 
 8.809356e-01 -7.157845e-02 
 8.813333e-01 -7.118900e-02 
 8.817310e-01 -7.071024e-02 
 8.821287e-01 -7.013533e-02 
 8.825264e-01 -6.948560e-02 
 8.829241e-01 -6.877165e-02 
 8.833218e-01 -6.801029e-02 
 8.837195e-01 -6.720121e-02 
 8.841172e-01 -6.634724e-02 
 8.845148e-01 -6.545434e-02 
 8.849125e-01 -6.450330e-02 
 8.853102e-01 -6.348754e-02 
 8.857079e-01 -6.240289e-02 
 8.861056e-01 -6.125279e-02 
 8.865033e-01 -6.004161e-02 
 8.869010e-01 -5.877061e-02 
 8.872987e-01 -5.743437e-02 
 8.876964e-01 -5.605338e-02 
 8.880941e-01 -5.463273e-02 
 8.884918e-01 -5.319099e-02 
 8.888895e-01 -5.174834e-02 
 8.892872e-01 -5.031064e-02 
 8.896849e-01 -4.889351e-02 
 8.900826e-01 -4.750780e-02 
 8.904803e-01 -4.617274e-02 
 8.908780e-01 -4.487891e-02 
 8.912757e-01 -4.362289e-02 
 8.916734e-01 -4.241551e-02 
 8.920711e-01 -4.126213e-02 
 8.924688e-01 -4.017285e-02 
 8.928665e-01 -3.915329e-02 
 8.932641e-01 -3.819677e-02 
 8.936618e-01 -3.731480e-02 
 8.940595e-01 -3.649851e-02 
 8.944572e-01 -3.573924e-02 
 8.948549e-01 -3.501889e-02 
 8.952526e-01 -3.432440e-02 
 8.956503e-01 -3.363965e-02 
 8.960480e-01 -3.295050e-02 
 8.964457e-01 -3.225183e-02 
 8.968434e-01 -3.152444e-02 
 8.972411e-01 -3.076292e-02 
 8.976388e-01 -2.995535e-02 
 8.980365e-01 -2.910753e-02 
 8.984342e-01 -2.821216e-02 
 8.988319e-01 -2.726207e-02 
 8.992296e-01 -2.626052e-02 
 8.996273e-01 -2.520210e-02 
 9.000250e-01 -2.410812e-02 
 9.004227e-01 -2.298263e-02 
 9.008204e-01 -2.185347e-02 
 9.012181e-01 -2.074434e-02 
 9.016158e-01 -1.968531e-02 
 9.020135e-01 -1.870137e-02 
 9.024111e-01 -1.780940e-02 
 9.028088e-01 -1.701406e-02 
 9.032065e-01 -1.630237e-02 
 9.036042e-01 -1.567204e-02 
 9.040019e-01 -1.510411e-02 
 9.043996e-01 -1.459278e-02 
 9.047973e-01 -1.413151e-02 
 9.051950e-01 -1.367865e-02 
 9.055927e-01 -1.320890e-02 
 9.059904e-01 -1.268788e-02 
 9.063881e-01 -1.210855e-02 
 9.067858e-01 -1.147233e-02 
 9.071835e-01 -1.076878e-02 
 9.075812e-01 -1.000902e-02 
 9.079789e-01 -9.221571e-03 
 9.083766e-01 -8.412595e-03 
 9.087743e-01 -7.593928e-03 
 9.091720e-01 -6.785934e-03 
 9.095697e-01 -5.994850e-03 
 9.099674e-01 -5.241420e-03 
 9.103651e-01 -4.535381e-03 
 9.107628e-01 -3.892963e-03 
 9.111605e-01 -3.305242e-03 
 9.115581e-01 -2.767127e-03 
 9.119558e-01 -2.267506e-03 
 9.123535e-01 -1.785142e-03 
 9.127512e-01 -1.313678e-03 
 9.131489e-01 -8.163405e-04 
 9.135466e-01 -2.834064e-04 
 9.139443e-01  2.981023e-04 
 9.143420e-01  9.286327e-04 
 9.147397e-01  1.603118e-03 
 9.151374e-01  2.336059e-03 
 9.155351e-01  3.135471e-03 
 9.159328e-01  4.016733e-03 
 9.163305e-01  4.986175e-03 
 9.167282e-01  6.032651e-03 
 9.171259e-01  7.138898e-03 
 9.175236e-01  8.297389e-03 
 9.179213e-01  9.485958e-03 
 9.183190e-01  1.069111e-02 
 9.187167e-01  1.187785e-02 
 9.191144e-01  1.300255e-02 
 9.195121e-01  1.402391e-02 
 9.199098e-01  1.491109e-02 
 9.203075e-01  1.563416e-02 
 9.207051e-01  1.617442e-02 
 9.211028e-01  1.652612e-02 
 9.215005e-01  1.671838e-02 
 9.218982e-01  1.677958e-02 
 9.222959e-01  1.674933e-02 
 9.226936e-01  1.666040e-02 
 9.230913e-01  1.651158e-02 
 9.234890e-01  1.632513e-02 
 9.238867e-01  1.613210e-02 
 9.242844e-01  1.596778e-02 
 9.246821e-01  1.585912e-02 
 9.250798e-01  1.581705e-02 
 9.254775e-01  1.585208e-02 
 9.258752e-01  1.594802e-02 
 9.262729e-01  1.610134e-02 
 9.266706e-01  1.628484e-02 
 9.270683e-01  1.648180e-02 
 9.274660e-01  1.668284e-02 
 9.278637e-01  1.688343e-02 
 9.282614e-01  1.707566e-02 
 9.286591e-01  1.723552e-02 
 9.290568e-01  1.733355e-02 
 9.294545e-01  1.734382e-02 
 9.298521e-01  1.726439e-02 
 9.302498e-01  1.710476e-02 
 9.306475e-01  1.689898e-02 
 9.310452e-01  1.667340e-02 
 9.314429e-01  1.647278e-02 
 9.318406e-01  1.632120e-02 
 9.322383e-01  1.625808e-02 
 9.326360e-01  1.629110e-02 
 9.330337e-01  1.642289e-02 
 9.334314e-01  1.664906e-02 
 9.338291e-01  1.695021e-02 
 9.342268e-01  1.731882e-02 
 9.346245e-01  1.774308e-02 
 9.350222e-01  1.821567e-02 
 9.354199e-01  1.872282e-02 
 9.358176e-01  1.924533e-02 
 9.362153e-01  1.977425e-02 
 9.366130e-01  2.029938e-02 
 9.370107e-01  2.080414e-02 
 9.374084e-01  2.123883e-02 
 9.378061e-01  2.155748e-02 
 9.382038e-01  2.173213e-02 
 9.386015e-01  2.174423e-02 
 9.389991e-01  2.160185e-02 
 9.393968e-01  2.130876e-02 
 9.397945e-01  2.087369e-02 
 9.401922e-01  2.033346e-02 
 9.405899e-01  1.970846e-02 
 9.409876e-01  1.902901e-02 
 9.413853e-01  1.832042e-02 
 9.417830e-01  1.760440e-02 
 9.421807e-01  1.691659e-02 
 9.425784e-01  1.628109e-02 
 9.429761e-01  1.571392e-02 
 9.433738e-01  1.520319e-02 
 9.437715e-01  1.472412e-02 
 9.441692e-01  1.423969e-02 
 9.445669e-01  1.373981e-02 
 9.449646e-01  1.322436e-02 
 9.453623e-01  1.269246e-02 
 9.457600e-01  1.214315e-02 
 9.461577e-01  1.155945e-02 
 9.465554e-01  1.092663e-02 
 9.469531e-01  1.020834e-02 
 9.473508e-01  9.375636e-03 
 9.477485e-01  8.400841e-03 
 9.481461e-01  7.263388e-03 
 9.485438e-01  5.967737e-03 
 9.489415e-01  4.541094e-03 
 9.493392e-01  3.008901e-03 
 9.497369e-01  1.388784e-03 
 9.501346e-01 -2.958480e-04 
 9.505323e-01 -2.043427e-03 
 9.509300e-01 -3.823700e-03 
 9.513277e-01 -5.613251e-03 
 9.517254e-01 -7.387164e-03 
 9.521231e-01 -9.142674e-03 
 9.525208e-01 -1.088864e-02 
 9.529185e-01 -1.263567e-02 
 9.533162e-01 -1.439760e-02 
 9.537139e-01 -1.620076e-02 
 9.541116e-01 -1.805669e-02 
 9.545093e-01 -1.994634e-02 
 9.549070e-01 -2.185404e-02 
 9.553047e-01 -2.376204e-02 
 9.557024e-01 -2.566063e-02 
 9.561001e-01 -2.756303e-02 
 9.564978e-01 -2.948166e-02 
 9.568955e-01 -3.143423e-02 
 9.572931e-01 -3.342151e-02 
 9.576908e-01 -3.544690e-02 
 9.580885e-01 -3.750192e-02 
 9.584862e-01 -3.956220e-02 
 9.588839e-01 -4.159156e-02 
 9.592816e-01 -4.356519e-02 
 9.596793e-01 -4.545311e-02 
 9.600770e-01 -4.722980e-02 
 9.604747e-01 -4.888045e-02 
 9.608724e-01 -5.038176e-02 
 9.612701e-01 -5.171838e-02 
 9.616678e-01 -5.288800e-02 
 9.620655e-01 -5.391290e-02 
 9.624632e-01 -5.481268e-02 
 9.628609e-01 -5.562026e-02 
 9.632586e-01 -5.635948e-02 
 9.636563e-01 -5.703084e-02 
 9.640540e-01 -5.764590e-02 
 9.644517e-01 -5.819195e-02 
 9.648494e-01 -5.867865e-02 
 9.652471e-01 -5.911196e-02 
 9.656448e-01 -5.950109e-02 
 9.660424e-01 -5.986642e-02 
 9.664401e-01 -6.023775e-02 
 9.668378e-01 -6.063000e-02 
 9.672355e-01 -6.104616e-02 
 9.676332e-01 -6.147790e-02 
 9.680309e-01 -6.191349e-02 
 9.684286e-01 -6.233016e-02 
 9.688263e-01 -6.273507e-02 
 9.692240e-01 -6.312518e-02 
 9.696217e-01 -6.349206e-02 
 9.700194e-01 -6.383985e-02 
 9.704171e-01 -6.416467e-02 
 9.708148e-01 -6.447698e-02 
 9.712125e-01 -6.478488e-02 
 9.716102e-01 -6.509331e-02 
 9.720079e-01 -6.539948e-02 
 9.724056e-01 -6.571483e-02 
 9.728033e-01 -6.604147e-02 
 9.732010e-01 -6.636162e-02 
 9.735987e-01 -6.665655e-02 
 9.739964e-01 -6.690777e-02 
 9.743941e-01 -6.710622e-02 
 9.747918e-01 -6.725196e-02 
 9.751894e-01 -6.734848e-02 
 9.755871e-01 -6.740154e-02 
 9.759848e-01 -6.742081e-02 
 9.763825e-01 -6.741267e-02 
 9.767802e-01 -6.738152e-02 
 9.771779e-01 -6.734147e-02 
 9.775756e-01 -6.728350e-02 
 9.779733e-01 -6.720696e-02 
 9.783710e-01 -6.710848e-02 
 9.787687e-01 -6.698236e-02 
 9.791664e-01 -6.682633e-02 
 9.795641e-01 -6.662024e-02 
 9.799618e-01 -6.636374e-02 
 9.803595e-01 -6.606516e-02 
 9.807572e-01 -6.573913e-02 
 9.811549e-01 -6.540423e-02 
 9.815526e-01 -6.508026e-02 
 9.819503e-01 -6.477703e-02 
 9.823480e-01 -6.448478e-02 
 9.827457e-01 -6.417612e-02 
 9.831434e-01 -6.382585e-02 
 9.835411e-01 -6.341472e-02 
 9.839388e-01 -6.292227e-02 
 9.843364e-01 -6.234182e-02 
 9.847341e-01 -6.168250e-02 
 9.851318e-01 -6.097065e-02 
 9.855295e-01 -6.021824e-02 
 9.859272e-01 -5.943083e-02 
 9.863249e-01 -5.861367e-02 
 9.867226e-01 -5.777402e-02 
 9.871203e-01 -5.691725e-02 
 9.875180e-01 -5.604898e-02 
 9.879157e-01 -5.518150e-02 
 9.883134e-01 -5.431605e-02 
 9.887111e-01 -5.345678e-02 
 9.891088e-01 -5.261802e-02 
 9.895065e-01 -5.181239e-02 
 9.899042e-01 -5.104710e-02 
 9.903019e-01 -5.030886e-02 
 9.906996e-01 -4.957684e-02 
 9.910973e-01 -4.883283e-02 
 9.914950e-01 -4.805437e-02 
 9.918927e-01 -4.721811e-02 
 9.922904e-01 -4.630943e-02 
 9.926881e-01 -4.532158e-02 
 9.930858e-01 -4.424300e-02 
 9.934834e-01 -4.308452e-02 
 9.938811e-01 -4.184806e-02 
 9.942788e-01 -4.054626e-02 
 9.946765e-01 -3.919504e-02 
 9.950742e-01 -3.782111e-02 
 9.954719e-01 -3.646022e-02 
 9.958696e-01 -3.514517e-02 
 9.962673e-01 -3.391606e-02 
 9.966650e-01 -3.278730e-02 
 9.970627e-01 -3.175862e-02 
 9.974604e-01 -3.083425e-02 
 9.978581e-01 -3.002817e-02 
 9.982558e-01 -2.934343e-02 
 9.986535e-01 -2.878346e-02 
 9.990512e-01 -2.834296e-02 
 9.994489e-01 -2.801573e-02 
 9.998466e-01 -2.778536e-02 
 1.000244e+00 -2.762481e-02 
 1.000642e+00 -2.751358e-02 
 1.001040e+00 -2.742165e-02 
 1.001437e+00 -2.732334e-02 
 1.001835e+00 -2.720280e-02 
 1.002233e+00 -2.705233e-02 
 1.002630e+00 -2.686330e-02 
 1.003028e+00 -2.661913e-02 
 1.003426e+00 -2.631895e-02 
 1.003824e+00 -2.597096e-02 
 1.004221e+00 -2.559265e-02 
 1.004619e+00 -2.520427e-02 
 1.005017e+00 -2.482310e-02 
 1.005414e+00 -2.446431e-02 
 1.005812e+00 -2.414166e-02 
 1.006210e+00 -2.385921e-02 
 1.006607e+00 -2.362183e-02 
 1.007005e+00 -2.342972e-02 
 1.007403e+00 -2.327989e-02 
 1.007800e+00 -2.318781e-02 
 1.008198e+00 -2.314672e-02 
 1.008596e+00 -2.314337e-02 
 1.008994e+00 -2.313989e-02 
 1.009391e+00 -2.308289e-02 
 1.009789e+00 -2.292894e-02 
 1.010187e+00 -2.265575e-02 
 1.010584e+00 -2.224671e-02 
 1.010982e+00 -2.168821e-02 
 1.011380e+00 -2.097850e-02 
 1.011777e+00 -2.010807e-02 
 1.012175e+00 -1.907994e-02 
 1.012573e+00 -1.789886e-02 
 1.012971e+00 -1.658234e-02 
 1.013368e+00 -1.515796e-02 
 1.013766e+00 -1.366446e-02 
 1.014164e+00 -1.214945e-02 
 1.014561e+00 -1.066348e-02 
 1.014959e+00 -9.233864e-03 
 1.015357e+00 -7.858862e-03 
 1.015754e+00 -6.526821e-03 
 1.016152e+00 -5.243741e-03 
 1.016550e+00 -4.010866e-03 
 1.016947e+00 -2.844619e-03 
 1.017345e+00 -1.739318e-03 
 1.017743e+00 -6.939365e-04 
 1.018141e+00  3.047620e-04 
 1.018538e+00  1.270053e-03 
 1.018936e+00  2.229134e-03 
 1.019334e+00  3.231133e-03 
 1.019731e+00  4.291617e-03 
 1.020129e+00  5.431569e-03 
 1.020527e+00  6.647530e-03 
 1.020924e+00  7.931100e-03 
 1.021322e+00  9.274677e-03 
 1.021720e+00  1.067458e-02 
 1.022118e+00  1.213208e-02 
 1.022515e+00  1.362855e-02 
 1.022913e+00  1.513998e-02 
 1.023311e+00  1.663553e-02 
 1.023708e+00  1.809893e-02 
 1.024106e+00  1.949084e-02 
 1.024504e+00  2.079776e-02 
 1.024901e+00  2.200691e-02 
 1.025299e+00  2.310809e-02 
 1.025697e+00  2.409355e-02 
 1.026094e+00  2.494765e-02 
 1.026492e+00  2.565998e-02 
 1.026890e+00  2.623615e-02 
 1.027288e+00  2.667014e-02 
 1.027685e+00  2.699314e-02 
 1.028083e+00  2.725057e-02 
 1.028481e+00  2.748013e-02 
 1.028878e+00  2.772187e-02 
 1.029276e+00  2.799232e-02 
 1.029674e+00  2.829988e-02 
 1.030071e+00  2.863548e-02 
 1.030469e+00  2.898620e-02 
 1.030867e+00  2.934014e-02 
 1.031265e+00  2.966635e-02 
 1.031662e+00  2.994695e-02 
 1.032060e+00  3.015562e-02 
 1.032458e+00  3.025772e-02 
 1.032855e+00  3.022275e-02 
 1.033253e+00  3.003077e-02 
 1.033651e+00  2.967451e-02 
 1.034048e+00  2.917012e-02 
 1.034446e+00  2.853137e-02 
 1.034844e+00  2.779652e-02 
 1.035241e+00  2.696863e-02 
 1.035639e+00  2.608026e-02 
 1.036037e+00  2.514384e-02 
 1.036435e+00  2.418455e-02 
 1.036832e+00  2.322132e-02 
 1.037230e+00  2.227456e-02 
 1.037628e+00  2.137277e-02 
 1.038025e+00  2.053326e-02 
 1.038423e+00  1.976555e-02 
 1.038821e+00  1.908491e-02 
 1.039218e+00  1.848563e-02 
 1.039616e+00  1.796548e-02 
 1.040014e+00  1.750863e-02 
 1.040412e+00  1.711068e-02 
 1.040809e+00  1.675060e-02 
 1.041207e+00  1.640203e-02 
 1.041605e+00  1.604831e-02 
 1.042002e+00  1.565873e-02 
 1.042400e+00  1.521435e-02 
 1.042798e+00  1.471593e-02 
 1.043195e+00  1.415876e-02 
 1.043593e+00  1.353418e-02 
 1.043991e+00  1.283115e-02 
 1.044388e+00  1.205079e-02 
 1.044786e+00  1.118998e-02 
 1.045184e+00  1.025856e-02 
 1.045582e+00  9.276514e-03 
 1.045979e+00  8.247142e-03 
 1.046377e+00  7.182936e-03 
 1.046775e+00  6.095372e-03 
 1.047172e+00  5.019125e-03 
 1.047570e+00  3.954262e-03 
 1.047968e+00  2.905549e-03 
 1.048365e+00  1.873563e-03 
 1.048763e+00  8.606856e-04 
 1.049161e+00 -1.281781e-04 
 1.049559e+00 -1.103612e-03 
 1.049956e+00 -2.075698e-03 
 1.050354e+00 -3.060308e-03 
 1.050752e+00 -4.087493e-03 
 1.051149e+00 -5.202949e-03 
 1.051547e+00 -6.431610e-03 
 1.051945e+00 -7.785447e-03 
 1.052342e+00 -9.264031e-03 
 1.052740e+00 -1.083871e-02 
 1.053138e+00 -1.244806e-02 
 1.053535e+00 -1.405307e-02 
 1.053933e+00 -1.563583e-02 
 1.054331e+00 -1.717950e-02 
 1.054729e+00 -1.869800e-02 
 1.055126e+00 -2.019186e-02 
 1.055524e+00 -2.165392e-02 
 1.055922e+00 -2.309009e-02 
 1.056319e+00 -2.448204e-02 
 1.056717e+00 -2.582096e-02 
 1.057115e+00 -2.709098e-02 
 1.057512e+00 -2.830196e-02 
 1.057910e+00 -2.945859e-02 
 1.058308e+00 -3.058467e-02 
 1.058706e+00 -3.169115e-02 
 1.059103e+00 -3.278955e-02 
 1.059501e+00 -3.387766e-02 
 1.059899e+00 -3.497042e-02 
 1.060296e+00 -3.608534e-02 
 1.060694e+00 -3.722932e-02 
 1.061092e+00 -3.839279e-02 
 1.061489e+00 -3.954679e-02 
 1.061887e+00 -4.067210e-02 
 1.062285e+00 -4.177063e-02 
 1.062682e+00 -4.284074e-02 
 1.063080e+00 -4.387174e-02 
 1.063478e+00 -4.486795e-02 
 1.063876e+00 -4.584075e-02 
 1.064273e+00 -4.680068e-02 
 1.064671e+00 -4.775151e-02 
 1.065069e+00 -4.868422e-02 
 1.065466e+00 -4.958328e-02 
 1.065864e+00 -5.043598e-02 
 1.066262e+00 -5.124409e-02 
 1.066659e+00 -5.200429e-02 
 1.067057e+00 -5.269696e-02 
 1.067455e+00 -5.331273e-02 
 1.067853e+00 -5.383742e-02 
 1.068250e+00 -5.427013e-02 
 1.068648e+00 -5.461280e-02 
 1.069046e+00 -5.487432e-02 
 1.069443e+00 -5.506076e-02 
 1.069841e+00 -5.519482e-02 
 1.070239e+00 -5.529157e-02 
 1.070636e+00 -5.536647e-02 
 1.071034e+00 -5.542058e-02 
 1.071432e+00 -5.544731e-02 
 1.071829e+00 -5.542934e-02 
 1.072227e+00 -5.535493e-02 
 1.072625e+00 -5.521969e-02 
 1.073023e+00 -5.501461e-02 
 1.073420e+00 -5.474962e-02 
 1.073818e+00 -5.443628e-02 
 1.074216e+00 -5.408734e-02 
 1.074613e+00 -5.374364e-02 
 1.075011e+00 -5.343559e-02 
 1.075409e+00 -5.316925e-02 
 1.075806e+00 -5.294197e-02 
 1.076204e+00 -5.275569e-02 
 1.076602e+00 -5.260557e-02 
 1.077000e+00 -5.248282e-02 
 1.077397e+00 -5.238831e-02 
 1.077795e+00 -5.231318e-02 
 1.078193e+00 -5.224202e-02 
 1.078590e+00 -5.217292e-02 
 1.078988e+00 -5.208850e-02 
 1.079386e+00 -5.198574e-02 
 1.079783e+00 -5.184851e-02 
 1.080181e+00 -5.167933e-02 
 1.080579e+00 -5.148542e-02 
 1.080976e+00 -5.128148e-02 
 1.081374e+00 -5.105826e-02 
 1.081772e+00 -5.080831e-02 
 1.082170e+00 -5.053050e-02 
 1.082567e+00 -5.023366e-02 
 1.082965e+00 -4.992956e-02 
 1.083363e+00 -4.964562e-02 
 1.083760e+00 -4.940873e-02 
 1.084158e+00 -4.924327e-02 
 1.084556e+00 -4.916092e-02 
 1.084953e+00 -4.915023e-02 
 1.085351e+00 -4.918581e-02 
 1.085749e+00 -4.922082e-02 
 1.086147e+00 -4.923424e-02 
 1.086544e+00 -4.920277e-02 
 1.086942e+00 -4.911027e-02 
 1.087340e+00 -4.895771e-02 
 1.087737e+00 -4.875418e-02 
 1.088135e+00 -4.850122e-02 
 1.088533e+00 -4.820282e-02 
 1.088930e+00 -4.786525e-02 
 1.089328e+00 -4.748567e-02 
 1.089726e+00 -4.708057e-02 
 1.090123e+00 -4.665236e-02 
 1.090521e+00 -4.620592e-02 
 1.090919e+00 -4.574726e-02 
 1.091317e+00 -4.527483e-02 
 1.091714e+00 -4.479666e-02 
 1.092112e+00 -4.434008e-02 
 1.092510e+00 -4.392355e-02 
 1.092907e+00 -4.354769e-02 
 1.093305e+00 -4.323613e-02 
 1.093703e+00 -4.301198e-02 
 1.094100e+00 -4.287779e-02 
 1.094498e+00 -4.282762e-02 
 1.094896e+00 -4.284718e-02 
 1.095294e+00 -4.292264e-02 
 1.095691e+00 -4.302857e-02 
 1.096089e+00 -4.314399e-02 
 1.096487e+00 -4.322850e-02 
 1.096884e+00 -4.324028e-02 
 1.097282e+00 -4.315830e-02 
 1.097680e+00 -4.295982e-02 
 1.098077e+00 -4.263033e-02 
 1.098475e+00 -4.218024e-02 
 1.098873e+00 -4.161343e-02 
 1.099270e+00 -4.094753e-02 
 1.099668e+00 -4.019946e-02 
 1.100066e+00 -3.940873e-02 
 1.100464e+00 -3.860440e-02 
 1.100861e+00 -3.780569e-02 
 1.101259e+00 -3.703281e-02 
 1.101657e+00 -3.630307e-02 
 1.102054e+00 -3.563663e-02 
 1.102452e+00 -3.504513e-02 
 1.102850e+00 -3.453673e-02 
 1.103247e+00 -3.411399e-02 
 1.103645e+00 -3.375671e-02 
 1.104043e+00 -3.344077e-02 
 1.104441e+00 -3.313234e-02 
 1.104838e+00 -3.276487e-02 
 1.105236e+00 -3.230037e-02 
 1.105634e+00 -3.170065e-02 
 1.106031e+00 -3.096830e-02 
 1.106429e+00 -3.010190e-02 
 1.106827e+00 -2.911852e-02 
 1.107224e+00 -2.803101e-02 
 1.107622e+00 -2.684492e-02 
 1.108020e+00 -2.557541e-02 
 1.108417e+00 -2.423223e-02 
 1.108815e+00 -2.283317e-02 
 1.109213e+00 -2.137887e-02 
 1.109611e+00 -1.990691e-02 
 1.110008e+00 -1.844822e-02 
 1.110406e+00 -1.703113e-02 
 1.110804e+00 -1.567582e-02 
 1.111201e+00 -1.438834e-02 
 1.111599e+00 -1.318057e-02 
 1.111997e+00 -1.205097e-02 
 1.112394e+00 -1.101003e-02 
 1.112792e+00 -1.004200e-02 
 1.113190e+00 -9.135425e-03 
 1.113588e+00 -8.262348e-03 
 1.113985e+00 -7.405120e-03 
 1.114383e+00 -6.542412e-03 
 1.114781e+00 -5.655779e-03 
 1.115178e+00 -4.706056e-03 
 1.115576e+00 -3.690922e-03 
 1.115974e+00 -2.591401e-03 
 1.116371e+00 -1.393695e-03 
 1.116769e+00 -9.217907e-05 
 1.117167e+00  1.315649e-03 
 1.117564e+00  2.823645e-03 
 1.117962e+00  4.402963e-03 
 1.118360e+00  6.007855e-03 
 1.118758e+00  7.597237e-03 
 1.119155e+00  9.146539e-03 
 1.119553e+00  1.062297e-02 
 1.119951e+00  1.200460e-02 
 1.120348e+00  1.325755e-02 
 1.120746e+00  1.433515e-02 
 1.121144e+00  1.523008e-02 
 1.121541e+00  1.594494e-02 
 1.121939e+00  1.648358e-02 
 1.122337e+00  1.688615e-02 
 1.122735e+00  1.720194e-02 
 1.123132e+00  1.749012e-02 
 1.123530e+00  1.778502e-02 
 1.123928e+00  1.812056e-02 
 1.124325e+00  1.850847e-02 
 1.124723e+00  1.893914e-02 
 1.125121e+00  1.941738e-02 
 1.125518e+00  1.993770e-02 
 1.125916e+00  2.049977e-02 
 1.126314e+00  2.107662e-02 
 1.126711e+00  2.163153e-02 
 1.127109e+00  2.215781e-02 
 1.127507e+00  2.264703e-02 
 1.127905e+00  2.308741e-02 
 1.128302e+00  2.345550e-02 
 1.128700e+00  2.373256e-02 
 1.129098e+00  2.392028e-02 
 1.129495e+00  2.401111e-02 
 1.129893e+00  2.401342e-02 
 1.130291e+00  2.393850e-02 
 1.130688e+00  2.379154e-02 
 1.131086e+00  2.360544e-02 
 1.131484e+00  2.339354e-02 
 1.131882e+00  2.315357e-02 
 1.132279e+00  2.288042e-02 
 1.132677e+00  2.258671e-02 
 1.133075e+00  2.229630e-02 
 1.133472e+00  2.203737e-02 
 1.133870e+00  2.184144e-02 
 1.134268e+00  2.173135e-02 
 1.134665e+00  2.169738e-02 
 1.135063e+00  2.173840e-02 
 1.135461e+00  2.182984e-02 
 1.135858e+00  2.195700e-02 
 1.136256e+00  2.210075e-02 
 1.136654e+00  2.226377e-02 
 1.137052e+00  2.244048e-02 
 1.137449e+00  2.262382e-02 
 1.137847e+00  2.279540e-02 
 1.138245e+00  2.292149e-02 
 1.138642e+00  2.297618e-02 
 1.139040e+00  2.293479e-02 
 1.139438e+00  2.276386e-02 
 1.139835e+00  2.244981e-02 
 1.140233e+00  2.200128e-02 
 1.140631e+00  2.144446e-02 
 1.141029e+00  2.080362e-02 
 1.141426e+00  2.011784e-02 
 1.141824e+00  1.942297e-02 
 1.142222e+00  1.875027e-02 
 1.142619e+00  1.811144e-02 
 1.143017e+00  1.751000e-02 
 1.143415e+00  1.695385e-02 
 1.143812e+00  1.642965e-02 
 1.144210e+00  1.592129e-02 
 1.144608e+00  1.540553e-02 
 1.145005e+00  1.486571e-02 
 1.145403e+00  1.427230e-02 
 1.145801e+00  1.360346e-02 
 1.146199e+00  1.286479e-02 
 1.146596e+00  1.205689e-02 
 1.146994e+00  1.117751e-02 
 1.147392e+00  1.023533e-02 
 1.147789e+00  9.242110e-03 
 1.148187e+00  8.198384e-03 
 1.148585e+00  7.102712e-03 
 1.148982e+00  5.959947e-03 
 1.149380e+00  4.783101e-03 
 1.149778e+00  3.585222e-03 
 1.150176e+00  2.380374e-03 
 1.150573e+00  1.185150e-03 
 1.150971e+00  1.421555e-06 
 1.151369e+00 -1.168910e-03 
 1.151766e+00 -2.339229e-03 
 1.152164e+00 -3.531161e-03 
 1.152562e+00 -4.735778e-03 
 1.152959e+00 -5.955702e-03 
 1.153357e+00 -7.185916e-03 
 1.153755e+00 -8.434196e-03 
 1.154152e+00 -9.723597e-03 
 1.154550e+00 -1.105537e-02 
 1.154948e+00 -1.244181e-02 
 1.155346e+00 -1.387600e-02 
 1.155743e+00 -1.533998e-02 
 1.156141e+00 -1.680018e-02 
 1.156539e+00 -1.823906e-02 
 1.156936e+00 -1.964022e-02 
 1.157334e+00 -2.099991e-02 
 1.157732e+00 -2.233772e-02 
 1.158129e+00 -2.368081e-02 
 1.158527e+00 -2.503615e-02 
 1.158925e+00 -2.639558e-02 
 1.159323e+00 -2.773389e-02 
 1.159720e+00 -2.903624e-02 
 1.160118e+00 -3.028380e-02 
 1.160516e+00 -3.146721e-02 
 1.160913e+00 -3.257934e-02 
 1.161311e+00 -3.362333e-02 
 1.161709e+00 -3.460674e-02 
 1.162106e+00 -3.553781e-02 
 1.162504e+00 -3.641453e-02 
 1.162902e+00 -3.723472e-02 
 1.163299e+00 -3.800697e-02 
 1.163697e+00 -3.874441e-02 
 1.164095e+00 -3.945752e-02 
 1.164493e+00 -4.017122e-02 
 1.164890e+00 -4.088203e-02 
 1.165288e+00 -4.156575e-02 
 1.165686e+00 -4.219607e-02 
 1.166083e+00 -4.274531e-02 
 1.166481e+00 -4.320793e-02 
 1.166879e+00 -4.357389e-02 
 1.167276e+00 -4.383256e-02 
 1.167674e+00 -4.400987e-02 
 1.168072e+00 -4.413800e-02 
 1.168470e+00 -4.423250e-02 
 1.168867e+00 -4.429778e-02 
 1.169265e+00 -4.434366e-02 
 1.169663e+00 -4.439029e-02 
 1.170060e+00 -4.445004e-02 
 1.170458e+00 -4.453225e-02 
 1.170856e+00 -4.466496e-02 
 1.171253e+00 -4.484862e-02 
 1.171651e+00 -4.507966e-02 
 1.172049e+00 -4.536668e-02 
 1.172446e+00 -4.571958e-02 
 1.172844e+00 -4.612804e-02 
 1.173242e+00 -4.657922e-02 
 1.173640e+00 -4.705888e-02 
 1.174037e+00 -4.755424e-02 
 1.174435e+00 -4.804745e-02 
 1.174833e+00 -4.851819e-02 
 1.175230e+00 -4.893018e-02 
 1.175628e+00 -4.928674e-02 
 1.176026e+00 -4.959521e-02 
 1.176423e+00 -4.988253e-02 
 1.176821e+00 -5.017404e-02 
 1.177219e+00 -5.047699e-02 
 1.177617e+00 -5.081519e-02 
 1.178014e+00 -5.118817e-02 
 1.178412e+00 -5.159401e-02 
 1.178810e+00 -5.201360e-02 
 1.179207e+00 -5.243952e-02 
 1.179605e+00 -5.286955e-02 
 1.180003e+00 -5.331672e-02 
 1.180400e+00 -5.379754e-02 
 1.180798e+00 -5.432832e-02 
 1.181196e+00 -5.489565e-02 
 1.181593e+00 -5.546852e-02 
 1.181991e+00 -5.603584e-02 
 1.182389e+00 -5.657837e-02 
 1.182787e+00 -5.708318e-02 
 1.183184e+00 -5.755769e-02 
 1.183582e+00 -5.800459e-02 
 1.183980e+00 -5.841507e-02 
 1.184377e+00 -5.877492e-02 
 1.184775e+00 -5.905314e-02 
 1.185173e+00 -5.922771e-02 
 1.185570e+00 -5.927908e-02 
 1.185968e+00 -5.920878e-02 
 1.186366e+00 -5.903053e-02 
 1.186764e+00 -5.880244e-02 
 1.187161e+00 -5.856034e-02 
 1.187559e+00 -5.833689e-02 
 1.187957e+00 -5.814279e-02 
 1.188354e+00 -5.799571e-02 
 1.188752e+00 -5.789462e-02 
 1.189150e+00 -5.783230e-02 
 1.189547e+00 -5.780143e-02 
 1.189945e+00 -5.778928e-02 
 1.190343e+00 -5.778786e-02 
 1.190740e+00 -5.778155e-02 
 1.191138e+00 -5.777054e-02 
 1.191536e+00 -5.772726e-02 
 1.191934e+00 -5.763227e-02 
 1.192331e+00 -5.745240e-02 
 1.192729e+00 -5.716773e-02 
 1.193127e+00 -5.676453e-02 
 1.193524e+00 -5.621302e-02 
 1.193922e+00 -5.550467e-02 
 1.194320e+00 -5.466486e-02 
 1.194717e+00 -5.370307e-02 
 1.195115e+00 -5.265865e-02 
 1.195513e+00 -5.155958e-02 
 1.195911e+00 -5.046031e-02 
 1.196308e+00 -4.938838e-02 
 1.196706e+00 -4.836201e-02 
 1.197104e+00 -4.739231e-02 
 1.197501e+00 -4.648217e-02 
 1.197899e+00 -4.562400e-02 
 1.198297e+00 -4.482488e-02 
 1.198694e+00 -4.407038e-02 
 1.199092e+00 -4.336094e-02 
 1.199490e+00 -4.269334e-02 
 1.199887e+00 -4.205654e-02 
 1.200285e+00 -4.142664e-02 
 1.200683e+00 -4.079009e-02 
 1.201081e+00 -4.014052e-02 
 1.201478e+00 -3.946913e-02 
 1.201876e+00 -3.876590e-02 
 1.202274e+00 -3.801857e-02 
 1.202671e+00 -3.721823e-02 
 1.203069e+00 -3.635141e-02 
 1.203467e+00 -3.540999e-02 
 1.203864e+00 -3.439512e-02 
 1.204262e+00 -3.332175e-02 
 1.204660e+00 -3.220501e-02 
 1.205058e+00 -3.107530e-02 
 1.205455e+00 -2.996312e-02 
 1.205853e+00 -2.890278e-02 
 1.206251e+00 -2.792295e-02 
 1.206648e+00 -2.703421e-02 
 1.207046e+00 -2.625243e-02 
 1.207444e+00 -2.559090e-02 
 1.207841e+00 -2.504027e-02 
 1.208239e+00 -2.458097e-02 
 1.208637e+00 -2.418616e-02 
 1.209034e+00 -2.382444e-02 
 1.209432e+00 -2.345707e-02 
 1.209830e+00 -2.304595e-02 
 1.210228e+00 -2.255832e-02 
 1.210625e+00 -2.196543e-02 
 1.211023e+00 -2.123731e-02 
 1.211421e+00 -2.035152e-02 
 1.211818e+00 -1.932419e-02 
 1.212216e+00 -1.815817e-02 
 1.212614e+00 -1.686489e-02 
 1.213011e+00 -1.545785e-02 
 1.213409e+00 -1.396935e-02 
 1.213807e+00 -1.242604e-02 
 1.214205e+00 -1.085624e-02 
 1.214602e+00 -9.303650e-03 
 1.215000e+00 -7.805003e-03 
 1.215398e+00 -6.390768e-03 
 1.215795e+00 -5.095474e-03 
 1.216193e+00 -3.931831e-03 
 1.216591e+00 -2.900758e-03 
 1.216988e+00 -1.971444e-03 
 1.217386e+00 -1.118314e-03 
 1.217784e+00 -3.098169e-04 
 1.218181e+00  4.922827e-04 
 1.218579e+00  1.326919e-03 
 1.218977e+00  2.210676e-03 
 1.219375e+00  3.155150e-03 
 1.219772e+00  4.149178e-03 
 1.220170e+00  5.177965e-03 
 1.220568e+00  6.240653e-03 
 1.220965e+00  7.338017e-03 
 1.221363e+00  8.488589e-03 
 1.221761e+00  9.685064e-03 
 1.222158e+00  1.092742e-02 
 1.222556e+00  1.221153e-02 
 1.222954e+00  1.350953e-02 
 1.223352e+00  1.479049e-02 
 1.223749e+00  1.601114e-02 
 1.224147e+00  1.713389e-02 
 1.224545e+00  1.814384e-02 
 1.224942e+00  1.904256e-02 
 1.225340e+00  1.982978e-02 
 1.225738e+00  2.049663e-02 
 1.226135e+00  2.104253e-02 
 1.226533e+00  2.148309e-02 
 1.226931e+00  2.182758e-02 
 1.227328e+00  2.209822e-02 
 1.227726e+00  2.232149e-02 
 1.228124e+00  2.250939e-02 
 1.228522e+00  2.268868e-02 
 1.228919e+00  2.287455e-02 
 1.229317e+00  2.308203e-02 
 1.229715e+00  2.332850e-02 
 1.230112e+00  2.362943e-02 
 1.230510e+00  2.400097e-02 
 1.230908e+00  2.441631e-02 
 1.231305e+00  2.485907e-02 
 1.231703e+00  2.529832e-02 
 1.232101e+00  2.569390e-02 
 1.232499e+00  2.600692e-02 
 1.232896e+00  2.622758e-02 
 1.233294e+00  2.636020e-02 
 1.233692e+00  2.641761e-02 
 1.234089e+00  2.639599e-02 
 1.234487e+00  2.629163e-02 
 1.234885e+00  2.610154e-02 
 1.235282e+00  2.580720e-02 
 1.235680e+00  2.541460e-02 
 1.236078e+00  2.495770e-02 
 1.236475e+00  2.446596e-02 
 1.236873e+00  2.396623e-02 
 1.237271e+00  2.348836e-02 
 1.237669e+00  2.306141e-02 
 1.238066e+00  2.268482e-02 
 1.238464e+00  2.234315e-02 
 1.238862e+00  2.202680e-02 
 1.239259e+00  2.173394e-02 
 1.239657e+00  2.145389e-02 
 1.240055e+00  2.118596e-02 
 1.240452e+00  2.093371e-02 
 1.240850e+00  2.070093e-02 
 1.241248e+00  2.048570e-02 
 1.241646e+00  2.028775e-02 
 1.242043e+00  2.009866e-02 
 1.242441e+00  1.991034e-02 
 1.242839e+00  1.971108e-02 
 1.243236e+00  1.948330e-02 
 1.243634e+00  1.920858e-02 
 1.244032e+00  1.888301e-02 
 1.244429e+00  1.849958e-02 
 1.244827e+00  1.807219e-02 
 1.245225e+00  1.760904e-02 
 1.245622e+00  1.712128e-02 
 1.246020e+00  1.661018e-02 
 1.246418e+00  1.607881e-02 
 1.246816e+00  1.551794e-02 
 1.247213e+00  1.491923e-02 
 1.247611e+00  1.427647e-02 
 1.248009e+00  1.358706e-02 
 1.248406e+00  1.285840e-02 
 1.248804e+00  1.208897e-02 
 1.249202e+00  1.127746e-02 
 1.249599e+00  1.041654e-02 
 1.249997e+00  9.507841e-03 
 1.250395e+00  8.549112e-03 
 1.250793e+00  7.536187e-03 
 1.251190e+00  6.465992e-03 
 1.251588e+00  5.334245e-03 
 1.251986e+00  4.136064e-03 
 1.252383e+00  2.874596e-03 
 1.252781e+00  1.562829e-03 
 1.253179e+00  1.986896e-04 
 1.253576e+00 -1.198620e-03 
 1.253974e+00 -2.602340e-03 
 1.254372e+00 -3.992673e-03 
 1.254769e+00 -5.364206e-03 
 1.255167e+00 -6.714048e-03 
 1.255565e+00 -8.056985e-03 
 1.255963e+00 -9.411385e-03 
 1.256360e+00 -1.078695e-02 
 1.256758e+00 -1.219423e-02 
 1.257156e+00 -1.363571e-02 
 1.257553e+00 -1.512454e-02 
 1.257951e+00 -1.666304e-02 
 1.258349e+00 -1.822973e-02 
 1.258746e+00 -1.980917e-02 
 1.259144e+00 -2.138160e-02 
 1.259542e+00 -2.293601e-02 
 1.259940e+00 -2.445198e-02 
 1.260337e+00 -2.591958e-02 
 1.260735e+00 -2.733036e-02 
 1.261133e+00 -2.866527e-02 
 1.261530e+00 -2.992446e-02 
 1.261928e+00 -3.111559e-02 
 1.262326e+00 -3.222702e-02 
 1.262723e+00 -3.324820e-02 
 1.263121e+00 -3.418794e-02 
 1.263519e+00 -3.506531e-02 
 1.263916e+00 -3.589059e-02 
 1.264314e+00 -3.666855e-02 
 1.264712e+00 -3.740582e-02 
 1.265110e+00 -3.811015e-02 
 1.265507e+00 -3.880258e-02 
 1.265905e+00 -3.949290e-02 
 1.266303e+00 -4.019297e-02 
 1.266700e+00 -4.089531e-02 
 1.267098e+00 -4.160068e-02 
 1.267496e+00 -4.231912e-02 
 1.267893e+00 -4.304628e-02 
 1.268291e+00 -4.377750e-02 
 1.268689e+00 -4.450098e-02 
 1.269087e+00 -4.520090e-02 
 1.269484e+00 -4.585596e-02 
 1.269882e+00 -4.644424e-02 
 1.270280e+00 -4.694595e-02 
 1.270677e+00 -4.734125e-02 
 1.271075e+00 -4.764515e-02 
 1.271473e+00 -4.787865e-02 
 1.271870e+00 -4.806149e-02 
 1.272268e+00 -4.820459e-02 
 1.272666e+00 -4.828233e-02 
 1.273063e+00 -4.827711e-02 
 1.273461e+00 -4.817952e-02 
 1.273859e+00 -4.799184e-02 
 1.274257e+00 -4.774564e-02 
 1.274654e+00 -4.748515e-02 
 1.275052e+00 -4.727364e-02 
 1.275450e+00 -4.715425e-02 
 1.275847e+00 -4.715888e-02 
 1.276245e+00 -4.730279e-02 
 1.276643e+00 -4.756810e-02 
 1.277040e+00 -4.793923e-02 
 1.277438e+00 -4.837787e-02 
 1.277836e+00 -4.887219e-02 
 1.278234e+00 -4.940391e-02 
 1.278631e+00 -4.993990e-02 
 1.279029e+00 -5.045237e-02 
 1.279427e+00 -5.090857e-02 
 1.279824e+00 -5.130338e-02 
 1.280222e+00 -5.163861e-02 
 1.280620e+00 -5.192709e-02 
 1.281017e+00 -5.219227e-02 
 1.281415e+00 -5.244381e-02 
 1.281813e+00 -5.268229e-02 
 1.282210e+00 -5.291109e-02 
 1.282608e+00 -5.314215e-02 
 1.283006e+00 -5.338225e-02 
 1.283404e+00 -5.365195e-02 
 1.283801e+00 -5.397641e-02 
 1.284199e+00 -5.439089e-02 
 1.284597e+00 -5.490839e-02 
 1.284994e+00 -5.551179e-02 
 1.285392e+00 -5.617818e-02 
 1.285790e+00 -5.687077e-02 
 1.286187e+00 -5.756273e-02 
 1.286585e+00 -5.823536e-02 
 1.286983e+00 -5.886974e-02 
 1.287381e+00 -5.945182e-02 
 1.287778e+00 -5.997166e-02 
 1.288176e+00 -6.039822e-02 
 1.288574e+00 -6.070382e-02 
 1.288971e+00 -6.086745e-02 
 1.289369e+00 -6.088583e-02 
 1.289767e+00 -6.078345e-02 
 1.290164e+00 -6.057165e-02 
 1.290562e+00 -6.028240e-02 
 1.290960e+00 -5.993145e-02 
 1.291357e+00 -5.952135e-02 
 1.291755e+00 -5.904934e-02 
 1.292153e+00 -5.851743e-02 
 1.292551e+00 -5.793933e-02 
 1.292948e+00 -5.733548e-02 
 1.293346e+00 -5.674591e-02 
 1.293744e+00 -5.619461e-02 
 1.294141e+00 -5.570273e-02 
 1.294539e+00 -5.526843e-02 
 1.294937e+00 -5.488873e-02 
 1.295334e+00 -5.455819e-02 
 1.295732e+00 -5.426548e-02 
 1.296130e+00 -5.398233e-02 
 1.296528e+00 -5.368183e-02 
 1.296925e+00 -5.333392e-02 
 1.297323e+00 -5.290163e-02 
 1.297721e+00 -5.235570e-02 
 1.298118e+00 -5.167494e-02 
 1.298516e+00 -5.085618e-02 
 1.298914e+00 -4.992464e-02 
 1.299311e+00 -4.890698e-02 
 1.299709e+00 -4.783634e-02 
 1.300107e+00 -4.675605e-02 
 1.300504e+00 -4.569207e-02 
 1.300902e+00 -4.466187e-02 
 1.301300e+00 -4.367673e-02 
 1.301698e+00 -4.275180e-02 
 1.302095e+00 -4.189217e-02 
 1.302493e+00 -4.109669e-02 
 1.302891e+00 -4.037181e-02 
 1.303288e+00 -3.972971e-02 
 1.303686e+00 -3.917428e-02 
 1.304084e+00 -3.867964e-02 
 1.304481e+00 -3.822637e-02 
 1.304879e+00 -3.779337e-02 
 1.305277e+00 -3.733877e-02 
 1.305675e+00 -3.683883e-02 
 1.306072e+00 -3.627514e-02 
 1.306470e+00 -3.562861e-02 
 1.306868e+00 -3.488049e-02 
 1.307265e+00 -3.404116e-02 
 1.307663e+00 -3.311151e-02 
 1.308061e+00 -3.210769e-02 
 1.308458e+00 -3.103717e-02 
 1.308856e+00 -2.993389e-02 
 1.309254e+00 -2.883538e-02 
 1.309651e+00 -2.775877e-02 
 1.310049e+00 -2.672039e-02 
 1.310447e+00 -2.571223e-02 
 1.310845e+00 -2.472982e-02 
 1.311242e+00 -2.378554e-02 
 1.311640e+00 -2.288970e-02 
 1.312038e+00 -2.205435e-02 
 1.312435e+00 -2.128295e-02 
 1.312833e+00 -2.057269e-02 
 1.313231e+00 -1.991035e-02 
 1.313628e+00 -1.926395e-02 
 1.314026e+00 -1.860744e-02 
 1.314424e+00 -1.790085e-02 
 1.314822e+00 -1.712283e-02 
 1.315219e+00 -1.625015e-02 
 1.315617e+00 -1.528160e-02 
 1.316015e+00 -1.419802e-02 
 1.316412e+00 -1.298056e-02 
 1.316810e+00 -1.162394e-02 
 1.317208e+00 -1.012610e-02 
 1.317605e+00 -8.510829e-03 
 1.318003e+00 -6.805343e-03 
 1.318401e+00 -5.030791e-03 
 1.318798e+00 -3.241760e-03 
 1.319196e+00 -1.472125e-03 
 1.319594e+00  2.320108e-04 
 1.319992e+00  1.845112e-03 
 1.320389e+00  3.364397e-03 
 1.320787e+00  4.792829e-03 
 1.321185e+00  6.143037e-03 
 1.321582e+00  7.434112e-03 
 1.321980e+00  8.690137e-03 
 1.322378e+00  9.926892e-03 
 1.322775e+00  1.116470e-02 
 1.323173e+00  1.241793e-02 
 1.323571e+00  1.368701e-02 
 1.323969e+00  1.496895e-02 
 1.324366e+00  1.627212e-02 
 1.324764e+00  1.760590e-02 
 1.325162e+00  1.897309e-02 
 1.325559e+00  2.037100e-02 
 1.325957e+00  2.178265e-02 
 1.326355e+00  2.319225e-02 
 1.326752e+00  2.456943e-02 
 1.327150e+00  2.589752e-02 
 1.327548e+00  2.714261e-02 
 1.327945e+00  2.828745e-02 
 1.328343e+00  2.930327e-02 
 1.328741e+00  3.019474e-02 
 1.329139e+00  3.097394e-02 
 1.329536e+00  3.163640e-02 
 1.329934e+00  3.218570e-02 
 1.330332e+00  3.260941e-02 
 1.330729e+00  3.292120e-02 
 1.331127e+00  3.312361e-02 
 1.331525e+00  3.322163e-02 
 1.331922e+00  3.321802e-02 
 1.332320e+00  3.312047e-02 
 1.332718e+00  3.294529e-02 
 1.333116e+00  3.271177e-02 
 1.333513e+00  3.243276e-02 
 1.333911e+00  3.213645e-02 
 1.334309e+00  3.183668e-02 
 1.334706e+00  3.153947e-02 
 1.335104e+00  3.124974e-02 
 1.335502e+00  3.095255e-02 
 1.335899e+00  3.063040e-02 
 1.336297e+00  3.026302e-02 
 1.336695e+00  2.984710e-02 
 1.337092e+00  2.937522e-02 
 1.337490e+00  2.883163e-02 
 1.337888e+00  2.821226e-02 
 1.338286e+00  2.751187e-02 
 1.338683e+00  2.672224e-02 
 1.339081e+00  2.583129e-02 
 1.339479e+00  2.485159e-02 
 1.339876e+00  2.379865e-02 
 1.340274e+00  2.270589e-02 
 1.340672e+00  2.159494e-02 
 1.341069e+00  2.047430e-02 
 1.341467e+00  1.935871e-02 
 1.341865e+00  1.825473e-02 
 1.342263e+00  1.717890e-02 
 1.342660e+00  1.614350e-02 
 1.343058e+00  1.516438e-02 
 1.343456e+00  1.423755e-02 
 1.343853e+00  1.335879e-02 
 1.344251e+00  1.250125e-02 
 1.344649e+00  1.163551e-02 
 1.345046e+00  1.073694e-02 
 1.345444e+00  9.802066e-03 
 1.345842e+00  8.829541e-03 
 1.346239e+00  7.850222e-03 
 1.346637e+00  6.887555e-03 
 1.347035e+00  5.960180e-03 
 1.347433e+00  5.082896e-03 
 1.347830e+00  4.262634e-03 
 1.348228e+00  3.510422e-03 
 1.348626e+00  2.818191e-03 
 1.349023e+00  2.198165e-03 
 1.349421e+00  1.640476e-03 
 1.349819e+00  1.136595e-03 
 1.350216e+00  6.784178e-04 
 1.350614e+00  2.363072e-04 
 1.351012e+00 -2.203106e-04 
 1.351410e+00 -7.132262e-04 
 1.351807e+00 -1.254243e-03 
 1.352205e+00 -1.851953e-03 
 1.352603e+00 -2.492079e-03 
 1.353000e+00 -3.165725e-03 
 1.353398e+00 -3.873479e-03 
 1.353796e+00 -4.609273e-03 
 1.354193e+00 -5.359281e-03 
 1.354591e+00 -6.119962e-03 
 1.354989e+00 -6.897555e-03 
 1.355386e+00 -7.701761e-03 
 1.355784e+00 -8.534128e-03 
 1.356182e+00 -9.386672e-03 
 1.356580e+00 -1.026139e-02 
 1.356977e+00 -1.115971e-02 
 1.357375e+00 -1.207869e-02 
 1.357773e+00 -1.300741e-02 
 1.358170e+00 -1.392418e-02 
 1.358568e+00 -1.481433e-02 
 1.358966e+00 -1.567927e-02 
 1.359363e+00 -1.653317e-02 
 1.359761e+00 -1.740073e-02 
 1.360159e+00 -1.829432e-02 
 1.360557e+00 -1.922184e-02 
 1.360954e+00 -2.018894e-02 
 1.361352e+00 -2.119606e-02 
 1.361750e+00 -2.222724e-02 
 1.362147e+00 -2.325846e-02 
 1.362545e+00 -2.429229e-02 
 1.362943e+00 -2.534155e-02 
 1.363340e+00 -2.643277e-02 
 1.363738e+00 -2.759308e-02 
 1.364136e+00 -2.881245e-02 
 1.364533e+00 -3.007904e-02 
 1.364931e+00 -3.136384e-02 
 1.365329e+00 -3.262593e-02 
 1.365727e+00 -3.383520e-02 
 1.366124e+00 -3.496391e-02 
 1.366522e+00 -3.598729e-02 
 1.366920e+00 -3.689581e-02 
 1.367317e+00 -3.768657e-02 
 1.367715e+00 -3.835149e-02 
 1.368113e+00 -3.891313e-02 
 1.368510e+00 -3.936426e-02 
 1.368908e+00 -3.973641e-02 
 1.369306e+00 -4.005312e-02 
 1.369704e+00 -4.036337e-02 
 1.370101e+00 -4.069322e-02 
 1.370499e+00 -4.106198e-02 
 1.370897e+00 -4.148527e-02 
 1.371294e+00 -4.195700e-02 
 1.371692e+00 -4.248004e-02 
 1.372090e+00 -4.305429e-02 
 1.372487e+00 -4.366368e-02 
 1.372885e+00 -4.427955e-02 
 1.373283e+00 -4.487945e-02 
 1.373680e+00 -4.544246e-02 
 1.374078e+00 -4.594774e-02 
 1.374476e+00 -4.636327e-02 
 1.374874e+00 -4.667260e-02 
 1.375271e+00 -4.687505e-02 
 1.375669e+00 -4.699205e-02 
 1.376067e+00 -4.703746e-02 
 1.376464e+00 -4.701093e-02 
 1.376862e+00 -4.691457e-02 
 1.377260e+00 -4.673851e-02 
 1.377657e+00 -4.650242e-02 
 1.378055e+00 -4.622866e-02 
 1.378453e+00 -4.595722e-02 
 1.378851e+00 -4.572307e-02 
 1.379248e+00 -4.555675e-02 
 1.379646e+00 -4.548544e-02 
 1.380044e+00 -4.551229e-02 
 1.380441e+00 -4.562498e-02 
 1.380839e+00 -4.580842e-02 
 1.381237e+00 -4.605595e-02 
 1.381634e+00 -4.637585e-02 
 1.382032e+00 -4.677275e-02 
 1.382430e+00 -4.724974e-02 
 1.382827e+00 -4.779374e-02 
 1.383225e+00 -4.838570e-02 
 1.383623e+00 -4.900902e-02 
 1.384021e+00 -4.964009e-02 
 1.384418e+00 -5.025761e-02 
 1.384816e+00 -5.085415e-02 
 1.385214e+00 -5.141465e-02 
 1.385611e+00 -5.193249e-02 
 1.386009e+00 -5.239194e-02 
 1.386407e+00 -5.278829e-02 
 1.386804e+00 -5.313385e-02 
 1.387202e+00 -5.345255e-02 
 1.387600e+00 -5.377572e-02 
 1.387998e+00 -5.414812e-02 
 1.388395e+00 -5.460474e-02 
 1.388793e+00 -5.517847e-02 
 1.389191e+00 -5.586649e-02 
 1.389588e+00 -5.667440e-02 
 1.389986e+00 -5.758574e-02 
 1.390384e+00 -5.856236e-02 
 1.390781e+00 -5.956627e-02 
 1.391179e+00 -6.055407e-02 
 1.391577e+00 -6.149446e-02 
 1.391974e+00 -6.236721e-02 
 1.392372e+00 -6.314624e-02 
 1.392770e+00 -6.381400e-02 
 1.393168e+00 -6.436098e-02 
 1.393565e+00 -6.476820e-02 
 1.393963e+00 -6.502587e-02 
 1.394361e+00 -6.513191e-02 
 1.394758e+00 -6.509582e-02 
 1.395156e+00 -6.492157e-02 
 1.395554e+00 -6.462258e-02 
 1.395951e+00 -6.423907e-02 
 1.396349e+00 -6.378738e-02 
 1.396747e+00 -6.328539e-02 
 1.397145e+00 -6.276644e-02 
 1.397542e+00 -6.223450e-02 
 1.397940e+00 -6.170339e-02 
 1.398338e+00 -6.115742e-02 
 1.398735e+00 -6.059350e-02 
 1.399133e+00 -5.999666e-02 
 1.399531e+00 -5.934893e-02 
 1.399928e+00 -5.863878e-02 
 1.400326e+00 -5.785312e-02 
 1.400724e+00 -5.698891e-02 
 1.401121e+00 -5.605614e-02 
 1.401519e+00 -5.503590e-02 
 1.401917e+00 -5.390921e-02 
 1.402315e+00 -5.266025e-02 
 1.402712e+00 -5.128388e-02 
 1.403110e+00 -4.978215e-02 
 1.403508e+00 -4.817496e-02 
 1.403905e+00 -4.647601e-02 
 1.404303e+00 -4.470219e-02 
 1.404701e+00 -4.288868e-02 
 1.405098e+00 -4.105527e-02 
 1.405496e+00 -3.922106e-02 
 1.405894e+00 -3.739101e-02 
 1.406292e+00 -3.558305e-02 
 1.406689e+00 -3.381625e-02 
 1.407087e+00 -3.212895e-02 
 1.407485e+00 -3.054127e-02 
 1.407882e+00 -2.905489e-02 
 1.408280e+00 -2.765356e-02 
 1.408678e+00 -2.631451e-02 
 1.409075e+00 -2.500634e-02 
 1.409473e+00 -2.369623e-02 
 1.409871e+00 -2.235409e-02 
 1.410268e+00 -2.096083e-02 
 1.410666e+00 -1.950462e-02 
 1.411064e+00 -1.800648e-02 
 1.411462e+00 -1.646902e-02 
 1.411859e+00 -1.490211e-02 
 1.412257e+00 -1.330944e-02 
 1.412655e+00 -1.169878e-02 
 1.413052e+00 -1.008378e-02 
 1.413450e+00 -8.497974e-03 
 1.413848e+00 -6.965943e-03 
 1.414245e+00 -5.506401e-03 
 1.414643e+00 -4.130306e-03 
 1.415041e+00 -2.852422e-03 
 1.415439e+00 -1.682800e-03 
 1.415836e+00 -6.244753e-04 
 1.416234e+00  3.257354e-04 
 1.416632e+00  1.186825e-03 
 1.417029e+00  1.967251e-03 
 1.417427e+00  2.695110e-03 
 1.417825e+00  3.384617e-03 
 1.418222e+00  4.065240e-03 
 1.418620e+00  4.768533e-03 
 1.419018e+00  5.512766e-03 
 1.419415e+00  6.299924e-03 
 1.419813e+00  7.111815e-03 
 1.420211e+00  7.951152e-03 
 1.420609e+00  8.831070e-03 
 1.421006e+00  9.745167e-03 
 1.421404e+00  1.069739e-02 
 1.421802e+00  1.168319e-02 
 1.422199e+00  1.269371e-02 
 1.422597e+00  1.372881e-02 
 1.422995e+00  1.476755e-02 
 1.423392e+00  1.579009e-02 
 1.423790e+00  1.677853e-02 
 1.424188e+00  1.772408e-02 
 1.424586e+00  1.862350e-02 
 1.424983e+00  1.947848e-02 
 1.425381e+00  2.028794e-02 
 1.425779e+00  2.104745e-02 
 1.426176e+00  2.174848e-02 
 1.426574e+00  2.240946e-02 
 1.426972e+00  2.303296e-02 
 1.427369e+00  2.362237e-02 
 1.427767e+00  2.419839e-02 
 1.428165e+00  2.477531e-02 
 1.428562e+00  2.537841e-02 
 1.428960e+00  2.601609e-02 
 1.429358e+00  2.668915e-02 
 1.429756e+00  2.739531e-02 
 1.430153e+00  2.812066e-02 
 1.430551e+00  2.885541e-02 
 1.430949e+00  2.957871e-02 
 1.431346e+00  3.027858e-02 
 1.431744e+00  3.093377e-02 
 1.432142e+00  3.152632e-02 
 1.432539e+00  3.202804e-02 
 1.432937e+00  3.241853e-02 
 1.433335e+00  3.269130e-02 
 1.433733e+00  3.283473e-02 
 1.434130e+00  3.285529e-02 
 1.434528e+00  3.276321e-02 
 1.434926e+00  3.258945e-02 
 1.435323e+00  3.235090e-02 
 1.435721e+00  3.206581e-02 
 1.436119e+00  3.173269e-02 
 1.436516e+00  3.136582e-02 
 1.436914e+00  3.096008e-02 
 1.437312e+00  3.052739e-02 
 1.437709e+00  3.007400e-02 
 1.438107e+00  2.960692e-02 
 1.438505e+00  2.912817e-02 
 1.438903e+00  2.861823e-02 
 1.439300e+00  2.807680e-02 
 1.439698e+00  2.747248e-02 
 1.440096e+00  2.677802e-02 
 1.440493e+00  2.600357e-02 
 1.440891e+00  2.514392e-02 
 1.441289e+00  2.421510e-02 
 1.441686e+00  2.323280e-02 
 1.442084e+00  2.221941e-02 
 1.442482e+00  2.118144e-02 
 1.442880e+00  2.014276e-02 
 1.443277e+00  1.909778e-02 
 1.443675e+00  1.805667e-02 
 1.444073e+00  1.702272e-02 
 1.444470e+00  1.598834e-02 
 1.444868e+00  1.495813e-02 
 1.445266e+00  1.392714e-02 
 1.445663e+00  1.290093e-02 
 1.446061e+00  1.188133e-02 
 1.446459e+00  1.087741e-02 
 1.446856e+00  9.883866e-03 
 1.447254e+00  8.914692e-03 
 1.447652e+00  7.966510e-03 
 1.448050e+00  7.037854e-03 
 1.448447e+00  6.108698e-03 
 1.448845e+00  5.176596e-03 
 1.449243e+00  4.235572e-03 
 1.449640e+00  3.297072e-03 
 1.450038e+00  2.381973e-03 
 1.450436e+00  1.500821e-03 
 1.450833e+00  6.563716e-04 
 1.451231e+00 -1.427356e-04 
 1.451629e+00 -8.946401e-04 
 1.452027e+00 -1.600213e-03 
 1.452424e+00 -2.263433e-03 
 1.452822e+00 -2.881308e-03 
 1.453220e+00 -3.439999e-03 
 1.453617e+00 -3.913555e-03 
 1.454015e+00 -4.282393e-03 
 1.454413e+00 -4.545584e-03 
 1.454810e+00 -4.717969e-03 
 1.455208e+00 -4.827388e-03 
 1.455606e+00 -4.899001e-03 
 1.456003e+00 -4.956924e-03 
 1.456401e+00 -5.023583e-03 
 1.456799e+00 -5.116782e-03 
 1.457197e+00 -5.243056e-03 
 1.457594e+00 -5.416882e-03 
 1.457992e+00 -5.647603e-03 
 1.458390e+00 -5.945226e-03 
 1.458787e+00 -6.309319e-03 
 1.459185e+00 -6.752375e-03 
 1.459583e+00 -7.258247e-03 
 1.459980e+00 -7.798651e-03 
 1.460378e+00 -8.341555e-03 
 1.460776e+00 -8.861312e-03 
 1.461174e+00 -9.328826e-03 
 1.461571e+00 -9.733119e-03 
 1.461969e+00 -1.007271e-02 
 1.462367e+00 -1.035466e-02 
 1.462764e+00 -1.058509e-02 
 1.463162e+00 -1.078558e-02 
 1.463560e+00 -1.097964e-02 
 1.463957e+00 -1.118618e-02 
 1.464355e+00 -1.141879e-02 
 1.464753e+00 -1.169733e-02 
 1.465150e+00 -1.203752e-02 
 1.465548e+00 -1.245782e-02 
 1.465946e+00 -1.297458e-02 
 1.466344e+00 -1.358567e-02 
 1.466741e+00 -1.430173e-02 
 1.467139e+00 -1.512996e-02 
 1.467537e+00 -1.607804e-02 
 1.467934e+00 -1.713520e-02 
 1.468332e+00 -1.829020e-02 
 1.468730e+00 -1.951365e-02 
 1.469127e+00 -2.078729e-02 
 1.469525e+00 -2.206443e-02 
 1.469923e+00 -2.331119e-02 
 1.470321e+00 -2.449078e-02 
 1.470718e+00 -2.559341e-02 
 1.471116e+00 -2.662122e-02 
 1.471514e+00 -2.757506e-02 
 1.471911e+00 -2.846214e-02 
 1.472309e+00 -2.928933e-02 
 1.472707e+00 -3.006015e-02 
 1.473104e+00 -3.079156e-02 
 1.473502e+00 -3.150165e-02 
 1.473900e+00 -3.220923e-02 
 1.474297e+00 -3.293922e-02 
 1.474695e+00 -3.371269e-02 
 1.475093e+00 -3.455564e-02 
 1.475491e+00 -3.548254e-02 
 1.475888e+00 -3.649824e-02 
 1.476286e+00 -3.759535e-02 
 1.476684e+00 -3.878398e-02 
 1.477081e+00 -4.006833e-02 
 1.477479e+00 -4.143834e-02 
 1.477877e+00 -4.287065e-02 
 1.478274e+00 -4.433089e-02 
 1.478672e+00 -4.577225e-02 
 1.479070e+00 -4.714718e-02 
 1.479468e+00 -4.841854e-02 
 1.479865e+00 -4.955927e-02 
 1.480263e+00 -5.056434e-02 
 1.480661e+00 -5.143899e-02 
 1.481058e+00 -5.219918e-02 
 1.481456e+00 -5.287145e-02 
 1.481854e+00 -5.346692e-02 
 1.482251e+00 -5.400005e-02 
 1.482649e+00 -5.447563e-02 
 1.483047e+00 -5.491174e-02 
 1.483444e+00 -5.533830e-02 
 1.483842e+00 -5.578615e-02 
 1.484240e+00 -5.628038e-02 
 1.484638e+00 -5.684008e-02 
 1.485035e+00 -5.746832e-02 
 1.485433e+00 -5.815900e-02 
 1.485831e+00 -5.889964e-02 
 1.486228e+00 -5.966934e-02 
 1.486626e+00 -6.044899e-02 
 1.487024e+00 -6.122727e-02 
 1.487421e+00 -6.199033e-02 
 1.487819e+00 -6.273222e-02 
 1.488217e+00 -6.342286e-02 
 1.488615e+00 -6.404141e-02 
 1.489012e+00 -6.456199e-02 
 1.489410e+00 -6.496747e-02 
 1.489808e+00 -6.524598e-02 
 1.490205e+00 -6.539967e-02 
 1.490603e+00 -6.544858e-02 
 1.491001e+00 -6.541340e-02 
 1.491398e+00 -6.531451e-02 
 1.491796e+00 -6.516828e-02 
 1.492194e+00 -6.499648e-02 
 1.492591e+00 -6.481988e-02 
 1.492989e+00 -6.465628e-02 
 1.493387e+00 -6.451420e-02 
 1.493785e+00 -6.439596e-02 
 1.494182e+00 -6.429773e-02 
 1.494580e+00 -6.421934e-02 
 1.494978e+00 -6.416032e-02 
 1.495375e+00 -6.410985e-02 
 1.495773e+00 -6.406421e-02 
 1.496171e+00 -6.400882e-02 
 1.496568e+00 -6.393540e-02 
 1.496966e+00 -6.382379e-02 
 1.497364e+00 -6.363078e-02 
 1.497762e+00 -6.332597e-02 
 1.498159e+00 -6.287920e-02 
 1.498557e+00 -6.227635e-02 
 1.498955e+00 -6.151705e-02 
 1.499352e+00 -6.061032e-02 
 1.499750e+00 -5.958726e-02 
 1.500148e+00 -5.848361e-02 
 1.500545e+00 -5.734712e-02 
 1.500943e+00 -5.621185e-02 
 1.501341e+00 -5.509534e-02 
 1.501738e+00 -5.399984e-02 
 1.502136e+00 -5.293384e-02 
 1.502534e+00 -5.188362e-02 
 1.502932e+00 -5.084405e-02 
 1.503329e+00 -4.981213e-02 
 1.503727e+00 -4.878359e-02 
 1.504125e+00 -4.774308e-02 
 1.504522e+00 -4.667719e-02 
 1.504920e+00 -4.557905e-02 
 1.505318e+00 -4.443567e-02 
 1.505715e+00 -4.323451e-02 
 1.506113e+00 -4.196735e-02 
 1.506511e+00 -4.063691e-02 
 1.506909e+00 -3.924523e-02 
 1.507306e+00 -3.780602e-02 
 1.507704e+00 -3.632658e-02 
 1.508102e+00 -3.481230e-02 
 1.508499e+00 -3.326566e-02 
 1.508897e+00 -3.168412e-02 
 1.509295e+00 -3.008112e-02 
 1.509692e+00 -2.848112e-02 
 1.510090e+00 -2.689407e-02 
 1.510488e+00 -2.533748e-02 
 1.510885e+00 -2.382652e-02 
 1.511283e+00 -2.237321e-02 
 1.511681e+00 -2.097856e-02 
 1.512079e+00 -1.962352e-02 
 1.512476e+00 -1.829606e-02 
 1.512874e+00 -1.698550e-02 
 1.513272e+00 -1.567939e-02 
 1.513669e+00 -1.437793e-02 
 1.514067e+00 -1.306761e-02 
 1.514465e+00 -1.173905e-02 
 1.514862e+00 -1.039746e-02 
 1.515260e+00 -9.027485e-03 
 1.515658e+00 -7.633128e-03 
 1.516056e+00 -6.214828e-03 
 1.516453e+00 -4.775593e-03 
 1.516851e+00 -3.320384e-03 
 1.517249e+00 -1.857464e-03 
 1.517646e+00 -3.876900e-04 
 1.518044e+00  1.077848e-03 
 1.518442e+00  2.518085e-03 
 1.518839e+00  3.905033e-03 
 1.519237e+00  5.200039e-03 
 1.519635e+00  6.381100e-03 
 1.520032e+00  7.431849e-03 
 1.520430e+00  8.360232e-03 
 1.520828e+00  9.174034e-03 
 1.521226e+00  9.888348e-03 
 1.521623e+00  1.053614e-02 
 1.522021e+00  1.113059e-02 
 1.522419e+00  1.168473e-02 
 1.522816e+00  1.221386e-02 
 1.523214e+00  1.272162e-02 
 1.523612e+00  1.322700e-02 
 1.524009e+00  1.372117e-02 
 1.524407e+00  1.420912e-02 
 1.524805e+00  1.468238e-02 
 1.525203e+00  1.512856e-02 
 1.525600e+00  1.553674e-02 
 1.525998e+00  1.590015e-02 
 1.526396e+00  1.621987e-02 
 1.526793e+00  1.649286e-02 
 1.527191e+00  1.671332e-02 
 1.527589e+00  1.687058e-02 
 1.527986e+00  1.696630e-02 
 1.528384e+00  1.699496e-02 
 1.528782e+00  1.695411e-02 
 1.529179e+00  1.684976e-02 
 1.529577e+00  1.669307e-02 
 1.529975e+00  1.650200e-02 
 1.530373e+00  1.629195e-02 
 1.530770e+00  1.608246e-02 
 1.531168e+00  1.587948e-02 
 1.531566e+00  1.568188e-02 
 1.531963e+00  1.549159e-02 
 1.532361e+00  1.530623e-02 
 1.532759e+00  1.512678e-02 
 1.533156e+00  1.495048e-02 
 1.533554e+00  1.477402e-02 
 1.533952e+00  1.461369e-02 
 1.534350e+00  1.447488e-02 
 1.534747e+00  1.435670e-02 
 1.535145e+00  1.424989e-02 
 1.535543e+00  1.414368e-02 
 1.535940e+00  1.403018e-02 
 1.536338e+00  1.389703e-02 
 1.536736e+00  1.374253e-02 
 1.537133e+00  1.357486e-02 
 1.537531e+00  1.340086e-02 
 1.537929e+00  1.323400e-02 
 1.538326e+00  1.306931e-02 
 1.538724e+00  1.289790e-02 
 1.539122e+00  1.271607e-02 
 1.539520e+00  1.252167e-02 
 1.539917e+00  1.233088e-02 
 1.540315e+00  1.215000e-02 
 1.540713e+00  1.199317e-02 
 1.541110e+00  1.187027e-02 
 1.541508e+00  1.178223e-02 
 1.541906e+00  1.172670e-02 
 1.542303e+00  1.169442e-02 
 1.542701e+00  1.167766e-02 
 1.543099e+00  1.167494e-02 
 1.543497e+00  1.168133e-02 
 1.543894e+00  1.169344e-02 
 1.544292e+00  1.169348e-02 
 1.544690e+00  1.166199e-02 
 1.545087e+00  1.159324e-02 
 1.545485e+00  1.148652e-02 
 1.545883e+00  1.135010e-02 
 1.546280e+00  1.120281e-02 
 1.546678e+00  1.105297e-02 
 1.547076e+00  1.090832e-02 
 1.547473e+00  1.076070e-02 
 1.547871e+00  1.060979e-02 
 1.548269e+00  1.045891e-02 
 1.548667e+00  1.032307e-02 
 1.549064e+00  1.021919e-02 
 1.549462e+00  1.015606e-02 
 1.549860e+00  1.013451e-02 
 1.550257e+00  1.013681e-02 
 1.550655e+00  1.013298e-02 
 1.551053e+00  1.008092e-02 
 1.551450e+00  9.956375e-03 
 1.551848e+00  9.750905e-03 
 1.552246e+00  9.456875e-03 
 1.552644e+00  9.080545e-03 
 1.553041e+00  8.626813e-03 
 1.553439e+00  8.097570e-03 
 1.553837e+00  7.505666e-03 
 1.554234e+00  6.856512e-03 
 1.554632e+00  6.170899e-03 
 1.555030e+00  5.453882e-03 
 1.555427e+00  4.714785e-03 
 1.555825e+00  3.968633e-03 
 1.556223e+00  3.222007e-03 
 1.556620e+00  2.485801e-03 
 1.557018e+00  1.767211e-03 
 1.557416e+00  1.077793e-03 
 1.557814e+00  4.433128e-04 
 1.558211e+00 -1.343382e-04 
 1.558609e+00 -6.477054e-04 
 1.559007e+00 -1.108855e-03 
 1.559404e+00 -1.533260e-03 
 1.559802e+00 -1.933841e-03 
 1.560200e+00 -2.323185e-03 
 1.560597e+00 -2.721927e-03 
 1.560995e+00 -3.143881e-03 
 1.561393e+00 -3.599561e-03 
 1.561791e+00 -4.096386e-03 
 1.562188e+00 -4.644786e-03 
 1.562586e+00 -5.263553e-03 
 1.562984e+00 -5.948290e-03 
 1.563381e+00 -6.699527e-03 
 1.563779e+00 -7.488442e-03 
 1.564177e+00 -8.297156e-03 
 1.564574e+00 -9.093909e-03 
 1.564972e+00 -9.862786e-03 
 1.565370e+00 -1.057386e-02 
 1.565767e+00 -1.120774e-02 
 1.566165e+00 -1.175179e-02 
 1.566563e+00 -1.219350e-02 
 1.566961e+00 -1.253598e-02 
 1.567358e+00 -1.277618e-02 
 1.567756e+00 -1.292581e-02 
 1.568154e+00 -1.299575e-02 
 1.568551e+00 -1.301106e-02 
 1.568949e+00 -1.301413e-02 
 1.569347e+00 -1.303231e-02 
 1.569744e+00 -1.311196e-02 
 1.570142e+00 -1.328795e-02 
 1.570540e+00 -1.359554e-02 
 1.570937e+00 -1.406471e-02 
 1.571335e+00 -1.470430e-02 
 1.571733e+00 -1.549724e-02 
 1.572131e+00 -1.642552e-02 
 1.572528e+00 -1.743604e-02 
 1.572926e+00 -1.849643e-02 
 1.573324e+00 -1.957464e-02 
 1.573721e+00 -2.064730e-02 
 1.574119e+00 -2.169547e-02 
 1.574517e+00 -2.270633e-02 
 1.574914e+00 -2.367831e-02 
 1.575312e+00 -2.461327e-02 
 1.575710e+00 -2.551491e-02 
 1.576108e+00 -2.638464e-02 
 1.576505e+00 -2.722480e-02 
 1.576903e+00 -2.804122e-02 
 1.577301e+00 -2.884378e-02 
 1.577698e+00 -2.962657e-02 
 1.578096e+00 -3.040714e-02 
 1.578494e+00 -3.119838e-02 
 1.578891e+00 -3.203427e-02 
 1.579289e+00 -3.294797e-02 
 1.579687e+00 -3.396297e-02 
 1.580084e+00 -3.509645e-02 
 1.580482e+00 -3.636099e-02 
 1.580880e+00 -3.775429e-02 
 1.581278e+00 -3.926226e-02 
 1.581675e+00 -4.086664e-02 
 1.582073e+00 -4.253632e-02 
 1.582471e+00 -4.424687e-02 
 1.582868e+00 -4.596363e-02 
 1.583266e+00 -4.764616e-02 
 1.583664e+00 -4.926202e-02 
 1.584061e+00 -5.079108e-02 
 1.584459e+00 -5.222876e-02 
 1.584857e+00 -5.357580e-02 
 1.585255e+00 -5.482276e-02 
 1.585652e+00 -5.596230e-02 
 1.586050e+00 -5.698282e-02 
 1.586448e+00 -5.788259e-02 
 1.586845e+00 -5.866959e-02 
 1.587243e+00 -5.938158e-02 
 1.587641e+00 -6.004751e-02 
 1.588038e+00 -6.071266e-02 
 1.588436e+00 -6.141025e-02 
 1.588834e+00 -6.215312e-02 
 1.589231e+00 -6.293967e-02 
 1.589629e+00 -6.375831e-02 
 1.590027e+00 -6.461229e-02 
 1.590425e+00 -6.548942e-02 
 1.590822e+00 -6.637846e-02 
 1.591220e+00 -6.725644e-02 
 1.591618e+00 -6.808455e-02 
 1.592015e+00 -6.881612e-02 
 1.592413e+00 -6.940114e-02 
 1.592811e+00 -6.979901e-02 
 1.593208e+00 -7.000188e-02 
 1.593606e+00 -7.001688e-02 
 1.594004e+00 -6.985550e-02 
 1.594402e+00 -6.954547e-02 
 1.594799e+00 -6.910800e-02 
 1.595197e+00 -6.856083e-02 
 1.595595e+00 -6.790866e-02 
 1.595992e+00 -6.717251e-02 
 1.596390e+00 -6.636530e-02 
 1.596788e+00 -6.551198e-02 
 1.597185e+00 -6.463046e-02 
 1.597583e+00 -6.372732e-02 
 1.597981e+00 -6.279585e-02 
 1.598378e+00 -6.183347e-02 
 1.598776e+00 -6.084905e-02 
 1.599174e+00 -5.985764e-02 
 1.599572e+00 -5.887866e-02 
 1.599969e+00 -5.791429e-02 
 1.600367e+00 -5.695867e-02 
 1.600765e+00 -5.600515e-02 
 1.601162e+00 -5.503425e-02 
 1.601560e+00 -5.401733e-02 
 1.601958e+00 -5.293724e-02 
 1.602355e+00 -5.178925e-02 
 1.602753e+00 -5.057964e-02 
 1.603151e+00 -4.931838e-02 
 1.603549e+00 -4.801737e-02 
 1.603946e+00 -4.667382e-02 
 1.604344e+00 -4.528209e-02 
 1.604742e+00 -4.385416e-02 
 1.605139e+00 -4.239837e-02 
 1.605537e+00 -4.092310e-02 
 1.605935e+00 -3.944320e-02 
 1.606332e+00 -3.799263e-02 
 1.606730e+00 -3.658501e-02 
 1.607128e+00 -3.525505e-02 
 1.607525e+00 -3.400318e-02 
 1.607923e+00 -3.283346e-02 
 1.608321e+00 -3.175081e-02 
 1.608719e+00 -3.073930e-02 
 1.609116e+00 -2.978807e-02 
 1.609514e+00 -2.887941e-02 
 1.609912e+00 -2.799272e-02 
 1.610309e+00 -2.710664e-02 
 1.610707e+00 -2.620863e-02 
 1.611105e+00 -2.528063e-02 
 1.611502e+00 -2.430865e-02 
 1.611900e+00 -2.328583e-02 
 1.612298e+00 -2.221400e-02 
 1.612696e+00 -2.110283e-02 
 1.613093e+00 -1.996858e-02 
 1.613491e+00 -1.883778e-02 
 1.613889e+00 -1.773967e-02 
 1.614286e+00 -1.669504e-02 
 1.614684e+00 -1.571537e-02 
 1.615082e+00 -1.480277e-02 
 1.615479e+00 -1.395332e-02 
 1.615877e+00 -1.315550e-02 
 1.616275e+00 -1.239595e-02 
 1.616672e+00 -1.166212e-02 
 1.617070e+00 -1.095378e-02 
 1.617468e+00 -1.026301e-02 
 1.617866e+00 -9.557744e-03 
 1.618263e+00 -8.841615e-03 
 1.618661e+00 -8.106840e-03 
 1.619059e+00 -7.357068e-03 
 1.619456e+00 -6.598625e-03 
 1.619854e+00 -5.833994e-03 
 1.620252e+00 -5.059453e-03 
 1.620649e+00 -4.260148e-03 
 1.621047e+00 -3.438881e-03 
 1.621445e+00 -2.588973e-03 
 1.621843e+00 -1.712288e-03 
 1.622240e+00 -8.167318e-04 
 1.622638e+00  9.128109e-05 
 1.623036e+00  9.896480e-04 
 1.623433e+00  1.883872e-03 
 1.623831e+00  2.782854e-03 
 1.624229e+00  3.699214e-03 
 1.624626e+00  4.631443e-03 
 1.625024e+00  5.563793e-03 
 1.625422e+00  6.489257e-03 
 1.625819e+00  7.395229e-03 
 1.626217e+00  8.282585e-03 
 1.626615e+00  9.154552e-03 
 1.627013e+00  1.001335e-02 
 1.627410e+00  1.086918e-02 
 1.627808e+00  1.171668e-02 
 1.628206e+00  1.256199e-02 
 1.628603e+00  1.338905e-02 
 1.629001e+00  1.419742e-02 
 1.629399e+00  1.498404e-02 
 1.629796e+00  1.574204e-02 
 1.630194e+00  1.648131e-02 
 1.630592e+00  1.719927e-02 
 1.630990e+00  1.789851e-02 
 1.631387e+00  1.856902e-02 
 1.631785e+00  1.918306e-02 
 1.632183e+00  1.972459e-02 
 1.632580e+00  2.017489e-02 
 1.632978e+00  2.053554e-02 
 1.633376e+00  2.080348e-02 
 1.633773e+00  2.099410e-02 
 1.634171e+00  2.112106e-02 
 1.634569e+00  2.120669e-02 
 1.634966e+00  2.126465e-02 
 1.635364e+00  2.130184e-02 
 1.635762e+00  2.131384e-02 
 1.636160e+00  2.129066e-02 
 1.636557e+00  2.123723e-02 
 1.636955e+00  2.115771e-02 
 1.637353e+00  2.104451e-02 
 1.637750e+00  2.089276e-02 
 1.638148e+00  2.069156e-02 
 1.638546e+00  2.043355e-02 
 1.638943e+00  2.011134e-02 
 1.639341e+00  1.971582e-02 
 1.639739e+00  1.924705e-02 
 1.640137e+00  1.871382e-02 
 1.640534e+00  1.813404e-02 
 1.640932e+00  1.751909e-02 
 1.641330e+00  1.689187e-02 
 1.641727e+00  1.625985e-02 
 1.642125e+00  1.563121e-02 
 1.642523e+00  1.501538e-02 
 1.642920e+00  1.441974e-02 
 1.643318e+00  1.385384e-02 
 1.643716e+00  1.332636e-02 
 1.644113e+00  1.285923e-02 
 1.644511e+00  1.245055e-02 
 1.644909e+00  1.209002e-02 
 1.645307e+00  1.175542e-02 
 1.645704e+00  1.143303e-02 
 1.646102e+00  1.110805e-02 
 1.646500e+00  1.077438e-02 
 1.646897e+00  1.043348e-02 
 1.647295e+00  1.008891e-02 
 1.647693e+00  9.753199e-03 
 1.648090e+00  9.415821e-03 
 1.648488e+00  9.066031e-03 
 1.648886e+00  8.705163e-03 
 1.649284e+00  8.332551e-03 
 1.649681e+00  7.971428e-03 
 1.650079e+00  7.631513e-03 
 1.650477e+00  7.324630e-03 
 1.650874e+00  7.056208e-03 
 1.651272e+00  6.819967e-03 
 1.651670e+00  6.623640e-03 
 1.652067e+00  6.468244e-03 
 1.652465e+00  6.375615e-03 
 1.652863e+00  6.375816e-03 
 1.653260e+00  6.489372e-03 
 1.653658e+00  6.726473e-03 
 1.654056e+00  7.074987e-03 
 1.654454e+00  7.502546e-03 
 1.654851e+00  7.982047e-03 
 1.655249e+00  8.490484e-03 
 1.655647e+00  9.012801e-03 
 1.656044e+00  9.539134e-03 
 1.656442e+00  1.005279e-02 
 1.656840e+00  1.053001e-02 
 1.657237e+00  1.093932e-02 
 1.657635e+00  1.123954e-02 
 1.658033e+00  1.139952e-02 
 1.658431e+00  1.141472e-02 
 1.658828e+00  1.130897e-02 
 1.659226e+00  1.112946e-02 
 1.659624e+00  1.090808e-02 
 1.660021e+00  1.067912e-02 
 1.660419e+00  1.045847e-02 
 1.660817e+00  1.024171e-02 
 1.661214e+00  1.002688e-02 
 1.661612e+00  9.812306e-03 
 1.662010e+00  9.610984e-03 
 1.662407e+00  9.433205e-03 
 1.662805e+00  9.284119e-03 
 1.663203e+00  9.153193e-03 
 1.663601e+00  9.018228e-03 
 1.663998e+00  8.840373e-03 
 1.664396e+00  8.567180e-03 
 1.664794e+00  8.166838e-03 
 1.665191e+00  7.606835e-03 
 1.665589e+00  6.882123e-03 
 1.665987e+00  5.987239e-03 
 1.666384e+00  4.930628e-03 
 1.666782e+00  3.715919e-03 
 1.667180e+00  2.351264e-03 
 1.667578e+00  8.478517e-04 
 1.667975e+00 -7.694632e-04 
 1.668373e+00 -2.474558e-03 
 1.668771e+00 -4.248282e-03 
 1.669168e+00 -6.057555e-03 
 1.669566e+00 -7.886992e-03 
 1.669964e+00 -9.716725e-03 
 1.670361e+00 -1.153170e-02 
 1.670759e+00 -1.332507e-02 
 1.671157e+00 -1.508077e-02 
 1.671554e+00 -1.676942e-02 
 1.671952e+00 -1.837407e-02 
 1.672350e+00 -1.987623e-02 
 1.672748e+00 -2.127593e-02 
 1.673145e+00 -2.259561e-02 
 1.673543e+00 -2.386223e-02 
 1.673941e+00 -2.511326e-02 
 1.674338e+00 -2.639195e-02 
 1.674736e+00 -2.771801e-02 
 1.675134e+00 -2.909941e-02 
 1.675531e+00 -3.055678e-02 
 1.675929e+00 -3.209355e-02 
 1.676327e+00 -3.372345e-02 
 1.676725e+00 -3.546015e-02 
 1.677122e+00 -3.730784e-02 
 1.677520e+00 -3.925053e-02 
 1.677918e+00 -4.123490e-02 
 1.678315e+00 -4.320858e-02 
 1.678713e+00 -4.510508e-02 
 1.679111e+00 -4.687484e-02 
 1.679508e+00 -4.848420e-02 
 1.679906e+00 -4.992994e-02 
 1.680304e+00 -5.121565e-02 
 1.680701e+00 -5.234739e-02 
 1.681099e+00 -5.332704e-02 
 1.681497e+00 -5.416387e-02 
 1.681895e+00 -5.487438e-02 
 1.682292e+00 -5.546726e-02 
 1.682690e+00 -5.596434e-02 
 1.683088e+00 -5.642298e-02 
 1.683485e+00 -5.689799e-02 
 1.683883e+00 -5.742368e-02 
 1.684281e+00 -5.801554e-02 
 1.684678e+00 -5.867690e-02 
 1.685076e+00 -5.940212e-02 
 1.685474e+00 -6.016116e-02 
 1.685872e+00 -6.095322e-02 
 1.686269e+00 -6.177074e-02 
 1.686667e+00 -6.260068e-02 
 1.687065e+00 -6.342768e-02 
 1.687462e+00 -6.423144e-02 
 1.687860e+00 -6.498926e-02 
 1.688258e+00 -6.566502e-02 
 1.688655e+00 -6.625914e-02 
 1.689053e+00 -6.675882e-02 
 1.689451e+00 -6.717556e-02 
 1.689848e+00 -6.752523e-02 
 1.690246e+00 -6.780850e-02 
 1.690644e+00 -6.803973e-02 
 1.691042e+00 -6.820864e-02 
 1.691439e+00 -6.830853e-02 
 1.691837e+00 -6.834747e-02 
 1.692235e+00 -6.834290e-02 
 1.692632e+00 -6.831941e-02 
 1.693030e+00 -6.831657e-02 
 1.693428e+00 -6.835306e-02 
 1.693825e+00 -6.843449e-02 
 1.694223e+00 -6.857052e-02 
 1.694621e+00 -6.875614e-02 
 1.695019e+00 -6.898000e-02 
 1.695416e+00 -6.922859e-02 
 1.695814e+00 -6.950469e-02 
 1.696212e+00 -6.978575e-02 
 1.696609e+00 -7.005980e-02 
 1.697007e+00 -7.030309e-02 
 1.697405e+00 -7.048454e-02 
 1.697802e+00 -7.057821e-02 
 1.698200e+00 -7.056944e-02 
 1.698598e+00 -7.044405e-02 
 1.698995e+00 -7.018918e-02 
 1.699393e+00 -6.979789e-02 
 1.699791e+00 -6.926586e-02 
 1.700189e+00 -6.859826e-02 
 1.700586e+00 -6.779504e-02 
 1.700984e+00 -6.687941e-02 
 1.701382e+00 -6.587042e-02 
 1.701779e+00 -6.480355e-02 
 1.702177e+00 -6.371462e-02 
 1.702575e+00 -6.262170e-02 
 1.702972e+00 -6.153383e-02 
 1.703370e+00 -6.043972e-02 
 1.703768e+00 -5.932166e-02 
 1.704166e+00 -5.816399e-02 
 1.704563e+00 -5.694105e-02 
 1.704961e+00 -5.563183e-02 
 1.705359e+00 -5.424956e-02 
 1.705756e+00 -5.279877e-02 
 1.706154e+00 -5.129020e-02 
 1.706552e+00 -4.973495e-02 
 1.706949e+00 -4.813306e-02 
 1.707347e+00 -4.648732e-02 
 1.707745e+00 -4.477417e-02 
 1.708142e+00 -4.299538e-02 
 1.708540e+00 -4.117076e-02 
 1.708938e+00 -3.931225e-02 
 1.709336e+00 -3.743070e-02 
 1.709733e+00 -3.555253e-02 
 1.710131e+00 -3.368427e-02 
 1.710529e+00 -3.182738e-02 
 1.710926e+00 -2.997659e-02 
 1.711324e+00 -2.813685e-02 
 1.711722e+00 -2.629890e-02 
 1.712119e+00 -2.448432e-02 
 1.712517e+00 -2.271557e-02 
 1.712915e+00 -2.102318e-02 
 1.713313e+00 -1.942080e-02 
 1.713710e+00 -1.788495e-02 
 1.714108e+00 -1.640952e-02 
 1.714506e+00 -1.497892e-02 
 1.714903e+00 -1.359274e-02 
 1.715301e+00 -1.225018e-02 
 1.715699e+00 -1.095699e-02 
 1.716096e+00 -9.727248e-03 
 1.716494e+00 -8.571231e-03 
 1.716892e+00 -7.497953e-03 
 1.717289e+00 -6.494271e-03 
 1.717687e+00 -5.550336e-03 
 1.718085e+00 -4.659583e-03 
 1.718483e+00 -3.832299e-03 
 1.718880e+00 -3.072665e-03 
 1.719278e+00 -2.381184e-03 
 1.719676e+00 -1.758389e-03 
 1.720073e+00 -1.200885e-03 
 1.720471e+00 -7.185104e-04 
 1.720869e+00 -3.137814e-04 
 1.721266e+00  8.697762e-06 
 1.721664e+00  2.534476e-04 
 1.722062e+00  4.159413e-04 
 1.722460e+00  5.085878e-04 
 1.722857e+00  5.521614e-04 
 1.723255e+00  5.714755e-04 
 1.723653e+00  5.870361e-04 
 1.724050e+00  6.082028e-04 
 1.724448e+00  6.223786e-04 
 1.724846e+00  6.130007e-04 
 1.725243e+00  5.579682e-04 
 1.725641e+00  4.507776e-04 
 1.726039e+00  2.989113e-04 
 1.726436e+00  1.038376e-04 
 1.726834e+00 -1.237777e-04 
 1.727232e+00 -3.824365e-04 
 1.727630e+00 -6.677277e-04 
 1.728027e+00 -9.731182e-04 
 1.728425e+00 -1.286253e-03 
 1.728823e+00 -1.593665e-03 
 1.729220e+00 -1.883764e-03 
 1.729618e+00 -2.127968e-03 
 1.730016e+00 -2.301693e-03 
 1.730413e+00 -2.396459e-03 
 1.730811e+00 -2.414324e-03 
 1.731209e+00 -2.372844e-03 
 1.731607e+00 -2.277786e-03 
 1.732004e+00 -2.134446e-03 
 1.732402e+00 -1.928526e-03 
 1.732800e+00 -1.662477e-03 
 1.733197e+00 -1.336110e-03 
 1.733595e+00 -9.494016e-04 
 1.733993e+00 -5.115773e-04 
 1.734390e+00 -2.982774e-05 
 1.734788e+00  4.779683e-04 
 1.735186e+00  1.005860e-03 
 1.735583e+00  1.540135e-03 
 1.735981e+00  2.088025e-03 
 1.736379e+00  2.651666e-03 
 1.736777e+00  3.229057e-03 
 1.737174e+00  3.816062e-03 
 1.737572e+00  4.416840e-03 
 1.737970e+00  5.016808e-03 
 1.738367e+00  5.611583e-03 
 1.738765e+00  6.213286e-03 
 1.739163e+00  6.830704e-03 
 1.739560e+00  7.475748e-03 
 1.739958e+00  8.152377e-03 
 1.740356e+00  8.855764e-03 
 1.740754e+00  9.573118e-03 
 1.741151e+00  1.029740e-02 
 1.741549e+00  1.101555e-02 
 1.741947e+00  1.172120e-02 
 1.742344e+00  1.240595e-02 
 1.742742e+00  1.306470e-02 
 1.743140e+00  1.369513e-02 
 1.743537e+00  1.428200e-02 
 1.743935e+00  1.481407e-02 
 1.744333e+00  1.526369e-02 
 1.744730e+00  1.562162e-02 
 1.745128e+00  1.588729e-02 
 1.745526e+00  1.606772e-02 
 1.745924e+00  1.617051e-02 
 1.746321e+00  1.621055e-02 
 1.746719e+00  1.619166e-02 
 1.747117e+00  1.614064e-02 
 1.747514e+00  1.609045e-02 
 1.747912e+00  1.606911e-02 
 1.748310e+00  1.610014e-02 
 1.748707e+00  1.620217e-02 
 1.749105e+00  1.637487e-02 
 1.749503e+00  1.659476e-02 
 1.749901e+00  1.684843e-02 
 1.750298e+00  1.710903e-02 
 1.750696e+00  1.735328e-02 
 1.751094e+00  1.756783e-02 
 1.751491e+00  1.774150e-02 
 1.751889e+00  1.787094e-02 
 1.752287e+00  1.794369e-02 
 1.752684e+00  1.794620e-02 
 1.753082e+00  1.786284e-02 
 1.753480e+00  1.768425e-02 
 1.753877e+00  1.741381e-02 
 1.754275e+00  1.706391e-02 
 1.754673e+00  1.666407e-02 
 1.755071e+00  1.624343e-02 
 1.755468e+00  1.582408e-02 
 1.755866e+00  1.542940e-02 
 1.756264e+00  1.506689e-02 
 1.756661e+00  1.473332e-02 
 1.757059e+00  1.444417e-02 
 1.757457e+00  1.420079e-02 
 1.757854e+00  1.400307e-02 
 1.758252e+00  1.384822e-02 
 1.758650e+00  1.373300e-02 
 1.759048e+00  1.363830e-02 
 1.759445e+00  1.356652e-02 
 1.759843e+00  1.350256e-02 
 1.760241e+00  1.343491e-02 
 1.760638e+00  1.334296e-02 
 1.761036e+00  1.320618e-02 
 1.761434e+00  1.300933e-02 
 1.761831e+00  1.272823e-02 
 1.762229e+00  1.234697e-02 
 1.762627e+00  1.186477e-02 
 1.763024e+00  1.128880e-02 
 1.763422e+00  1.064144e-02 
 1.763820e+00  9.947928e-03 
 1.764218e+00  9.219158e-03 
 1.764615e+00  8.467713e-03 
 1.765013e+00  7.701237e-03 
 1.765411e+00  6.928974e-03 
 1.765808e+00  6.172248e-03 
 1.766206e+00  5.452631e-03 
 1.766604e+00  4.800700e-03 
 1.767001e+00  4.231915e-03 
 1.767399e+00  3.752731e-03 
 1.767797e+00  3.349568e-03 
 1.768195e+00  2.984725e-03 
 1.768592e+00  2.622219e-03 
 1.768990e+00  2.217591e-03 
 1.769388e+00  1.734685e-03 
 1.769785e+00  1.155703e-03 
 1.770183e+00  4.647490e-04 
 1.770581e+00 -3.608136e-04 
 1.770978e+00 -1.329923e-03 
 1.771376e+00 -2.462719e-03 
 1.771774e+00 -3.773923e-03 
 1.772171e+00 -5.254659e-03 
 1.772569e+00 -6.885808e-03 
 1.772967e+00 -8.637816e-03 
 1.773365e+00 -1.047416e-02 
 1.773762e+00 -1.235236e-02 
 1.774160e+00 -1.423278e-02 
 1.774558e+00 -1.610155e-02 
 1.774955e+00 -1.795467e-02 
 1.775353e+00 -1.977487e-02 
 1.775751e+00 -2.155371e-02 
 1.776148e+00 -2.327407e-02 
 1.776546e+00 -2.492532e-02 
 1.776944e+00 -2.651222e-02 
 1.777342e+00 -2.804729e-02 
 1.777739e+00 -2.955486e-02 
 1.778137e+00 -3.105251e-02 
 1.778535e+00 -3.256583e-02 
 1.778932e+00 -3.411234e-02 
 1.779330e+00 -3.569947e-02 
 1.779728e+00 -3.732211e-02 
 1.780125e+00 -3.897685e-02 
 1.780523e+00 -4.066972e-02 
 1.780921e+00 -4.241153e-02 
 1.781318e+00 -4.420803e-02 
 1.781716e+00 -4.605127e-02 
 1.782114e+00 -4.793200e-02 
 1.782512e+00 -4.981800e-02 
 1.782909e+00 -5.166934e-02 
 1.783307e+00 -5.344944e-02 
 1.783705e+00 -5.512482e-02 
 1.784102e+00 -5.667305e-02 
 1.784500e+00 -5.807881e-02 
 1.784898e+00 -5.932363e-02 
 1.785295e+00 -6.040268e-02 
 1.785693e+00 -6.131610e-02 
 1.786091e+00 -6.206791e-02 
 1.786489e+00 -6.268336e-02 
 1.786886e+00 -6.319263e-02 
 1.787284e+00 -6.362710e-02 
 1.787682e+00 -6.401805e-02 
 1.788079e+00 -6.438666e-02 
 1.788477e+00 -6.474808e-02 
 1.788875e+00 -6.510727e-02 
 1.789272e+00 -6.546168e-02 
 1.789670e+00 -6.582149e-02 
 1.790068e+00 -6.619789e-02 
 1.790465e+00 -6.660923e-02 
 1.790863e+00 -6.704860e-02 
 1.791261e+00 -6.749482e-02 
 1.791659e+00 -6.791224e-02 
 1.792056e+00 -6.826991e-02 
 1.792454e+00 -6.852653e-02 
 1.792852e+00 -6.866289e-02 
 1.793249e+00 -6.865993e-02 
 1.793647e+00 -6.852936e-02 
 1.794045e+00 -6.827525e-02 
 1.794442e+00 -6.790203e-02 
 1.794840e+00 -6.740519e-02 
 1.795238e+00 -6.678727e-02 
 1.795636e+00 -6.605154e-02 
 1.796033e+00 -6.519742e-02 
 1.796431e+00 -6.424347e-02 
 1.796829e+00 -6.321782e-02 
 1.797226e+00 -6.216335e-02 
 1.797624e+00 -6.110318e-02 
 1.798022e+00 -6.005870e-02 
 1.798419e+00 -5.904143e-02 
 1.798817e+00 -5.804611e-02 
 1.799215e+00 -5.705791e-02 
 1.799612e+00 -5.607324e-02 
 1.800010e+00 -5.509542e-02 
 1.800408e+00 -5.414659e-02 
 1.800806e+00 -5.323757e-02 
 1.801203e+00 -5.238104e-02 
 1.801601e+00 -5.157238e-02 
 1.801999e+00 -5.079426e-02 
 1.802396e+00 -5.001549e-02 
 1.802794e+00 -4.920789e-02 
 1.803192e+00 -4.835850e-02 
 1.803589e+00 -4.746117e-02 
 1.803987e+00 -4.652434e-02 
 1.804385e+00 -4.556698e-02 
 1.804783e+00 -4.460721e-02 
 1.805180e+00 -4.365120e-02 
 1.805578e+00 -4.270498e-02 
 1.805976e+00 -4.178446e-02 
 1.806373e+00 -4.090116e-02 
 1.806771e+00 -4.007203e-02 
 1.807169e+00 -3.930053e-02 
 1.807566e+00 -3.859231e-02 
 1.807964e+00 -3.794465e-02 
 1.808362e+00 -3.734518e-02 
 1.808759e+00 -3.678233e-02 
 1.809157e+00 -3.623805e-02 
 1.809555e+00 -3.570007e-02 
 1.809953e+00 -3.517487e-02 
 1.810350e+00 -3.467022e-02 
 1.810748e+00 -3.417433e-02 
 1.811146e+00 -3.367787e-02 
 1.811543e+00 -3.314996e-02 
 1.811941e+00 -3.257316e-02 
 1.812339e+00 -3.193893e-02 
 1.812736e+00 -3.125928e-02 
 1.813134e+00 -3.055343e-02 
 1.813532e+00 -2.984711e-02 
 1.813930e+00 -2.915508e-02 
 1.814327e+00 -2.847879e-02 
 1.814725e+00 -2.781243e-02 
 1.815123e+00 -2.714474e-02 
 1.815520e+00 -2.647404e-02 
 1.815918e+00 -2.578780e-02 
 1.816316e+00 -2.510276e-02 
 1.816713e+00 -2.443116e-02 
 1.817111e+00 -2.377738e-02 
 1.817509e+00 -2.313543e-02 
 1.817906e+00 -2.248347e-02 
 1.818304e+00 -2.181473e-02 
 1.818702e+00 -2.113113e-02 
 1.819100e+00 -2.044924e-02 
 1.819497e+00 -1.980091e-02 
 1.819895e+00 -1.920975e-02 
 1.820293e+00 -1.869919e-02 
 1.820690e+00 -1.825858e-02 
 1.821088e+00 -1.788573e-02 
 1.821486e+00 -1.754037e-02 
 1.821883e+00 -1.718574e-02 
 1.822281e+00 -1.680704e-02 
 1.822679e+00 -1.640356e-02 
 1.823077e+00 -1.599666e-02 
 1.823474e+00 -1.560309e-02 
 1.823872e+00 -1.523120e-02 
 1.824270e+00 -1.486686e-02 
 1.824667e+00 -1.449182e-02 
 1.825065e+00 -1.409169e-02 
 1.825463e+00 -1.366182e-02 
 1.825860e+00 -1.321136e-02 
 1.826258e+00 -1.275221e-02 
 1.826656e+00 -1.230809e-02 
 1.827053e+00 -1.188221e-02 
 1.827451e+00 -1.145253e-02 
 1.827849e+00 -1.100177e-02 
 1.828247e+00 -1.051175e-02 
 1.828644e+00 -9.985652e-03 
 1.829042e+00 -9.441541e-03 
 1.829440e+00 -8.910626e-03 
 1.829837e+00 -8.423547e-03 
 1.830235e+00 -7.987732e-03 
 1.830633e+00 -7.590775e-03 
 1.831030e+00 -7.220913e-03 
 1.831428e+00 -6.869412e-03 
 1.831826e+00 -6.545805e-03 
 1.832224e+00 -6.264098e-03 
 1.832621e+00 -6.050689e-03 
 1.833019e+00 -5.907838e-03 
 1.833417e+00 -5.821836e-03 
 1.833814e+00 -5.768110e-03 
 1.834212e+00 -5.700703e-03 
 1.834610e+00 -5.589692e-03 
 1.835007e+00 -5.420004e-03 
 1.835405e+00 -5.180920e-03 
 1.835803e+00 -4.888955e-03 
 1.836200e+00 -4.549358e-03 
 1.836598e+00 -4.167546e-03 
 1.836996e+00 -3.741878e-03 
 1.837394e+00 -3.267970e-03 
 1.837791e+00 -2.755869e-03 
 1.838189e+00 -2.224158e-03 
 1.838587e+00 -1.697117e-03 
 1.838984e+00 -1.199358e-03 
 1.839382e+00 -7.460383e-04 
 1.839780e+00 -3.227161e-04 
 1.840177e+00  7.920532e-05 
 1.840575e+00  4.970413e-04 
 1.840973e+00  9.435736e-04 
 1.841371e+00  1.426311e-03 
 1.841768e+00  1.945892e-03 
 1.842166e+00  2.500698e-03 
 1.842564e+00  3.104698e-03 
 1.842961e+00  3.769056e-03 
 1.843359e+00  4.532163e-03 
 1.843757e+00  5.415446e-03 
 1.844154e+00  6.440155e-03 
 1.844552e+00  7.596187e-03 
 1.844950e+00  8.847620e-03 
 1.845347e+00  1.015679e-02 
 1.845745e+00  1.148851e-02 
 1.846143e+00  1.283131e-02 
 1.846541e+00  1.417626e-02 
 1.846938e+00  1.553122e-02 
 1.847336e+00  1.689783e-02 
 1.847734e+00  1.826248e-02 
 1.848131e+00  1.959301e-02 
 1.848529e+00  2.084457e-02 
 1.848927e+00  2.198870e-02 
 1.849324e+00  2.299824e-02 
 1.849722e+00  2.388042e-02 
 1.850120e+00  2.467022e-02 
 1.850518e+00  2.539673e-02 
 1.850915e+00  2.607934e-02 
 1.851313e+00  2.671863e-02 
 1.851711e+00  2.731035e-02 
 1.852108e+00  2.783777e-02 
 1.852506e+00  2.830322e-02 
 1.852904e+00  2.873092e-02 
 1.853301e+00  2.915774e-02 
 1.853699e+00  2.961028e-02 
 1.854097e+00  3.010693e-02 
 1.854494e+00  3.065017e-02 
 1.854892e+00  3.120248e-02 
 1.855290e+00  3.173523e-02 
 1.855688e+00  3.221312e-02 
 1.856085e+00  3.260331e-02 
 1.856483e+00  3.288838e-02 
 1.856881e+00  3.303496e-02 
 1.857278e+00  3.303132e-02 
 1.857676e+00  3.285196e-02 
 1.858074e+00  3.247639e-02 
 1.858471e+00  3.190819e-02 
 1.858869e+00  3.116000e-02 
 1.859267e+00  3.027182e-02 
 1.859665e+00  2.927634e-02 
 1.860062e+00  2.820649e-02 
 1.860460e+00  2.707765e-02 
 1.860858e+00  2.590236e-02 
 1.861255e+00  2.468591e-02 
 1.861653e+00  2.345339e-02 
 1.862051e+00  2.222413e-02 
 1.862448e+00  2.102357e-02 
 1.862846e+00  1.986685e-02 
 1.863244e+00  1.875406e-02 
 1.863641e+00  1.766534e-02 
 1.864039e+00  1.657679e-02 
 1.864437e+00  1.544335e-02 
 1.864835e+00  1.421638e-02 
 1.865232e+00  1.286541e-02 
 1.865630e+00  1.139565e-02 
 1.866028e+00  9.811886e-03 
 1.866425e+00  8.122284e-03 
 1.866823e+00  6.344020e-03 
 1.867221e+00  4.486315e-03 
 1.867618e+00  2.539204e-03 
 1.868016e+00  5.019611e-04 
 1.868414e+00 -1.612970e-03 
 1.868812e+00 -3.776512e-03 
 1.869209e+00 -5.964065e-03 
 1.869607e+00 -8.128671e-03 
 1.870005e+00 -1.023856e-02 
 1.870402e+00 -1.226799e-02 
 1.870800e+00 -1.420461e-02 
 1.871198e+00 -1.604517e-02 
 1.871595e+00 -1.777781e-02 
 1.871993e+00 -1.938749e-02 
 1.872391e+00 -2.085999e-02 
 1.872788e+00 -2.218507e-02 
 1.873186e+00 -2.335946e-02 
 1.873584e+00 -2.440174e-02 
 1.873982e+00 -2.534951e-02 
 1.874379e+00 -2.624834e-02 
 1.874777e+00 -2.714530e-02 
 1.875175e+00 -2.806826e-02 
 1.875572e+00 -2.903441e-02 
 1.875970e+00 -3.005036e-02 
 1.876368e+00 -3.111820e-02 
 1.876765e+00 -3.222857e-02 
 1.877163e+00 -3.339562e-02 
 1.877561e+00 -3.461285e-02 
 1.877959e+00 -3.587289e-02 
 1.878356e+00 -3.713774e-02 
 1.878754e+00 -3.837295e-02 
 1.879152e+00 -3.953531e-02 
 1.879549e+00 -4.058424e-02 
 1.879947e+00 -4.150691e-02 
 1.880345e+00 -4.231725e-02 
 1.880742e+00 -4.303831e-02 
 1.881140e+00 -4.370194e-02 
 1.881538e+00 -4.432990e-02 
 1.881935e+00 -4.492122e-02 
 1.882333e+00 -4.546335e-02 
 1.882731e+00 -4.595524e-02 
 1.883129e+00 -4.640440e-02 
 1.883526e+00 -4.684091e-02 
 1.883924e+00 -4.730682e-02 
 1.884322e+00 -4.782259e-02 
 1.884719e+00 -4.841216e-02 
 1.885117e+00 -4.906718e-02 
 1.885515e+00 -4.977281e-02 
 1.885912e+00 -5.049896e-02 
 1.886310e+00 -5.123374e-02 
 1.886708e+00 -5.196780e-02 
 1.887106e+00 -5.270380e-02 
 1.887503e+00 -5.343386e-02 
 1.887901e+00 -5.413893e-02 
 1.888299e+00 -5.479916e-02 
 1.888696e+00 -5.539537e-02 
 1.889094e+00 -5.591565e-02 
 1.889492e+00 -5.635198e-02 
 1.889889e+00 -5.670702e-02 
 1.890287e+00 -5.698404e-02 
 1.890685e+00 -5.718642e-02 
 1.891082e+00 -5.730027e-02 
 1.891480e+00 -5.732009e-02 
 1.891878e+00 -5.721678e-02 
 1.892276e+00 -5.699227e-02 
 1.892673e+00 -5.666488e-02 
 1.893071e+00 -5.628210e-02 
 1.893469e+00 -5.590052e-02 
 1.893866e+00 -5.554454e-02 
 1.894264e+00 -5.524061e-02 
 1.894662e+00 -5.497656e-02 
 1.895059e+00 -5.473979e-02 
 1.895457e+00 -5.449831e-02 
 1.895855e+00 -5.424951e-02 
 1.896253e+00 -5.399474e-02 
 1.896650e+00 -5.372403e-02 
 1.897048e+00 -5.344437e-02 
 1.897446e+00 -5.314918e-02 
 1.897843e+00 -5.280522e-02 
 1.898241e+00 -5.238022e-02 
 1.898639e+00 -5.183538e-02 
 1.899036e+00 -5.116233e-02 
 1.899434e+00 -5.036852e-02 
 1.899832e+00 -4.948474e-02 
 1.900229e+00 -4.855642e-02 
 1.900627e+00 -4.761431e-02 
 1.901025e+00 -4.666183e-02 
 1.901423e+00 -4.570276e-02 
 1.901820e+00 -4.472523e-02 
 1.902218e+00 -4.371239e-02 
 1.902616e+00 -4.267725e-02 
 1.903013e+00 -4.164501e-02 
 1.903411e+00 -4.064014e-02 
 1.903809e+00 -3.968197e-02 
 1.904206e+00 -3.876786e-02 
 1.904604e+00 -3.788170e-02 
 1.905002e+00 -3.700263e-02 
 1.905400e+00 -3.611623e-02 
 1.905797e+00 -3.522117e-02 
 1.906195e+00 -3.432890e-02 
 1.906593e+00 -3.346186e-02 
 1.906990e+00 -3.263605e-02 
 1.907388e+00 -3.185126e-02 
 1.907786e+00 -3.110152e-02 
 1.908183e+00 -3.038822e-02 
 1.908581e+00 -2.971726e-02 
 1.908979e+00 -2.911609e-02 
 1.909376e+00 -2.860492e-02 
 1.909774e+00 -2.819506e-02 
 1.910172e+00 -2.788011e-02 
 1.910570e+00 -2.762750e-02 
 1.910967e+00 -2.741441e-02 
 1.911365e+00 -2.721663e-02 
 1.911763e+00 -2.702616e-02 
 1.912160e+00 -2.685710e-02 
 1.912558e+00 -2.673879e-02 
 1.912956e+00 -2.670264e-02 
 1.913353e+00 -2.675936e-02 
 1.913751e+00 -2.690607e-02 
 1.914149e+00 -2.712765e-02 
 1.914547e+00 -2.739986e-02 
 1.914944e+00 -2.771667e-02 
 1.915342e+00 -2.807497e-02 
 1.915740e+00 -2.847796e-02 
 1.916137e+00 -2.891962e-02 
 1.916535e+00 -2.939346e-02 
 1.916933e+00 -2.988585e-02 
 1.917330e+00 -3.037132e-02 
 1.917728e+00 -3.084587e-02 
 1.918126e+00 -3.130102e-02 
 1.918523e+00 -3.174165e-02 
 1.918921e+00 -3.216543e-02 
 1.919319e+00 -3.258884e-02 
 1.919717e+00 -3.300877e-02 
 1.920114e+00 -3.340061e-02 
 1.920512e+00 -3.374096e-02 
 1.920910e+00 -3.400718e-02 
 1.921307e+00 -3.419182e-02 
 1.921705e+00 -3.429077e-02 
 1.922103e+00 -3.430426e-02 
 1.922500e+00 -3.424092e-02 
 1.922898e+00 -3.409645e-02 
 1.923296e+00 -3.386225e-02 
 1.923694e+00 -3.352811e-02 
 1.924091e+00 -3.309659e-02 
 1.924489e+00 -3.256166e-02 
 1.924887e+00 -3.194409e-02 
 1.925284e+00 -3.127758e-02 
 1.925682e+00 -3.058714e-02 
 1.926080e+00 -2.989527e-02 
 1.926477e+00 -2.922334e-02 
 1.926875e+00 -2.857514e-02 
 1.927273e+00 -2.794265e-02 
 1.927670e+00 -2.731848e-02 
 1.928068e+00 -2.667989e-02 
 1.928466e+00 -2.602190e-02 
 1.928864e+00 -2.532490e-02 
 1.929261e+00 -2.457152e-02 
 1.929659e+00 -2.374407e-02 
 1.930057e+00 -2.280884e-02 
 1.930454e+00 -2.175063e-02 
 1.930852e+00 -2.054865e-02 
 1.931250e+00 -1.920388e-02 
 1.931647e+00 -1.773768e-02 
 1.932045e+00 -1.618495e-02 
 1.932443e+00 -1.458117e-02 
 1.932841e+00 -1.296534e-02 
 1.933238e+00 -1.135068e-02 
 1.933636e+00 -9.754259e-03 
 1.934034e+00 -8.172137e-03 
 1.934431e+00 -6.612459e-03 
 1.934829e+00 -5.074723e-03 
 1.935227e+00 -3.577527e-03 
 1.935624e+00 -2.131114e-03 
 1.936022e+00 -7.423026e-04 
 1.936420e+00  5.897367e-04 
 1.936817e+00  1.872537e-03 
 1.937215e+00  3.110597e-03 
 1.937613e+00  4.308271e-03 
 1.938011e+00  5.477444e-03 
 1.938408e+00  6.621711e-03 
 1.938806e+00  7.753858e-03 
 1.939204e+00  8.890540e-03 
 1.939601e+00  1.004120e-02 
 1.939999e+00  1.121923e-02 
 1.940397e+00  1.242466e-02 
 1.940794e+00  1.364001e-02 
 1.941192e+00  1.484961e-02 
 1.941590e+00  1.602298e-02 
 1.941988e+00  1.713833e-02 
 1.942385e+00  1.819363e-02 
 1.942783e+00  1.916824e-02 
 1.943181e+00  2.006464e-02 
 1.943578e+00  2.087130e-02 
 1.943976e+00  2.157394e-02 
 1.944374e+00  2.216431e-02 
 1.944771e+00  2.261802e-02 
 1.945169e+00  2.291866e-02 
 1.945567e+00  2.306095e-02 
 1.945964e+00  2.306314e-02 
 1.946362e+00  2.296119e-02 
 1.946760e+00  2.278720e-02 
 1.947158e+00  2.258027e-02 
 1.947555e+00  2.237722e-02 
 1.947953e+00  2.219919e-02 
 1.948351e+00  2.207460e-02 
 1.948748e+00  2.201030e-02 
 1.949146e+00  2.201478e-02 
 1.949544e+00  2.209172e-02 
 1.949941e+00  2.223844e-02 
 1.950339e+00  2.245170e-02 
 1.950737e+00  2.270860e-02 
 1.951135e+00  2.298897e-02 
 1.951532e+00  2.325487e-02 
 1.951930e+00  2.347662e-02 
 1.952328e+00  2.364424e-02 
 1.952725e+00  2.374236e-02 
 1.953123e+00  2.376528e-02 
 1.953521e+00  2.370056e-02 
 1.953918e+00  2.355280e-02 
 1.954316e+00  2.331579e-02 
 1.954714e+00  2.299240e-02 
 1.955111e+00  2.259623e-02 
 1.955509e+00  2.215083e-02 
 1.955907e+00  2.167601e-02 
 1.956305e+00  2.120065e-02 
 1.956702e+00  2.073425e-02 
 1.957100e+00  2.030672e-02 
 1.957498e+00  1.991886e-02 
 1.957895e+00  1.957092e-02 
 1.958293e+00  1.925483e-02 
 1.958691e+00  1.896361e-02 
 1.959088e+00  1.869066e-02 
 1.959486e+00  1.842420e-02 
 1.959884e+00  1.815110e-02 
 1.960282e+00  1.784811e-02 
 1.960679e+00  1.749338e-02 
 1.961077e+00  1.705897e-02 
 1.961475e+00  1.652682e-02 
 1.961872e+00  1.586963e-02 
 1.962270e+00  1.508251e-02 
 1.962668e+00  1.416924e-02 
 1.963065e+00  1.313018e-02 
 1.963463e+00  1.197491e-02 
 1.963861e+00  1.070485e-02 
 1.964258e+00  9.317160e-03 
 1.964656e+00  7.827037e-03 
 1.965054e+00  6.251197e-03 
 1.965452e+00  4.624442e-03 
 1.965849e+00  2.984200e-03 
 1.966247e+00  1.359269e-03 
 1.966645e+00 -2.068971e-04 
 1.967042e+00 -1.692037e-03 
 1.967440e+00 -3.094684e-03 
 1.967838e+00 -4.417999e-03 
 1.968235e+00 -5.669358e-03 
 1.968633e+00 -6.854179e-03 
 1.969031e+00 -8.009052e-03 
 1.969429e+00 -9.156450e-03 
 1.969826e+00 -1.032931e-02 
 1.970224e+00 -1.155573e-02 
 1.970622e+00 -1.286579e-02 
 1.971019e+00 -1.427631e-02 
 1.971417e+00 -1.579640e-02 
 1.971815e+00 -1.741987e-02 
 1.972212e+00 -1.912827e-02 
 1.972610e+00 -2.090406e-02 
 1.973008e+00 -2.272924e-02 
 1.973405e+00 -2.459151e-02 
 1.973803e+00 -2.648446e-02 
 1.974201e+00 -2.838677e-02 
 1.974599e+00 -3.027814e-02 
 1.974996e+00 -3.211493e-02 
 1.975394e+00 -3.386147e-02 
 1.975792e+00 -3.548648e-02 
 1.976189e+00 -3.697354e-02 
 1.976587e+00 -3.832237e-02 
 1.976985e+00 -3.953320e-02 
 1.977382e+00 -4.063010e-02 
 1.977780e+00 -4.163106e-02 
 1.978178e+00 -4.255581e-02 
 1.978576e+00 -4.341677e-02 
 1.978973e+00 -4.421269e-02 
 1.979371e+00 -4.493887e-02 
 1.979769e+00 -4.559094e-02 
 1.980166e+00 -4.618349e-02 
 1.980564e+00 -4.673433e-02 
 1.980962e+00 -4.724961e-02 
 1.981359e+00 -4.773988e-02 
 1.981757e+00 -4.821496e-02 
 1.982155e+00 -4.867191e-02 
 1.982552e+00 -4.909607e-02 
 1.982950e+00 -4.948292e-02 
 1.983348e+00 -4.981971e-02 
 1.983746e+00 -5.008093e-02 
 1.984143e+00 -5.026114e-02 
 1.984541e+00 -5.035038e-02 
 1.984939e+00 -5.033914e-02 
 1.985336e+00 -5.021170e-02 
 1.985734e+00 -4.995979e-02 
 1.986132e+00 -4.958129e-02 
 1.986529e+00 -4.908104e-02 
 1.986927e+00 -4.848191e-02 
 1.987325e+00 -4.781966e-02 
 1.987723e+00 -4.711990e-02 
 1.988120e+00 -4.641415e-02 
 1.988518e+00 -4.573192e-02 
 1.988916e+00 -4.509886e-02 
 1.989313e+00 -4.452389e-02 
 1.989711e+00 -4.400959e-02 
 1.990109e+00 -4.356047e-02 
 1.990506e+00 -4.316791e-02 
 1.990904e+00 -4.282627e-02 
 1.991302e+00 -4.252702e-02 
 1.991699e+00 -4.227403e-02 
 1.992097e+00 -4.205727e-02 
 1.992495e+00 -4.186953e-02 
 1.992893e+00 -4.171001e-02 
 1.993290e+00 -4.157281e-02 
 1.993688e+00 -4.144558e-02 
 1.994086e+00 -4.132120e-02 
 1.994483e+00 -4.119567e-02 
 1.994881e+00 -4.105714e-02 
 1.995279e+00 -4.090134e-02 
 1.995676e+00 -4.072592e-02 
 1.996074e+00 -4.053724e-02 
 1.996472e+00 -4.035242e-02 
 1.996870e+00 -4.018648e-02 
 1.997267e+00 -4.005439e-02 
 1.997665e+00 -3.997186e-02 
 1.998063e+00 -3.993781e-02 
 1.998460e+00 -3.993909e-02 
 1.998858e+00 -3.995684e-02 
 1.999256e+00 -3.997031e-02 
 1.999653e+00 -3.998365e-02 
 2.000051e+00 -4.000436e-02 
 2.000449e+00 -4.006315e-02 
 2.000846e+00 -4.017838e-02 
 2.001244e+00 -4.035917e-02 
 2.001642e+00 -4.060690e-02 
 2.002040e+00 -4.090140e-02 
 2.002437e+00 -4.122185e-02 
 2.002835e+00 -4.154406e-02 
 2.003233e+00 -4.186638e-02 
 2.003630e+00 -4.217951e-02 
 2.004028e+00 -4.250253e-02 
 2.004426e+00 -4.282577e-02 
 2.004823e+00 -4.314161e-02 
 2.005221e+00 -4.343215e-02 
 2.005619e+00 -4.368665e-02 
 2.006017e+00 -4.390314e-02 
 2.006414e+00 -4.409041e-02 
 2.006812e+00 -4.426809e-02 
 2.007210e+00 -4.444785e-02 
 2.007607e+00 -4.464273e-02 
 2.008005e+00 -4.483959e-02 
 2.008403e+00 -4.501526e-02 
 2.008800e+00 -4.513427e-02 
 2.009198e+00 -4.520288e-02 
 2.009596e+00 -4.523336e-02 
 2.009993e+00 -4.525812e-02 
 2.010391e+00 -4.529293e-02 
 2.010789e+00 -4.535334e-02 
 2.011187e+00 -4.542625e-02 
 2.011584e+00 -4.548534e-02 
 2.011982e+00 -4.552238e-02 
 2.012380e+00 -4.551590e-02 
 2.012777e+00 -4.547921e-02 
 2.013175e+00 -4.542354e-02 
 2.013573e+00 -4.536145e-02 
 2.013970e+00 -4.530490e-02 
 2.014368e+00 -4.523530e-02 
 2.014766e+00 -4.512633e-02 
 2.015164e+00 -4.495339e-02 
 2.015561e+00 -4.471111e-02 
 2.015959e+00 -4.438770e-02 
 2.016357e+00 -4.399993e-02 
 2.016754e+00 -4.356846e-02 
 2.017152e+00 -4.309669e-02 
 2.017550e+00 -4.257686e-02 
 2.017947e+00 -4.200179e-02 
 2.018345e+00 -4.135942e-02 
 2.018743e+00 -4.065064e-02 
 2.019140e+00 -3.988492e-02 
 2.019538e+00 -3.908312e-02 
 2.019936e+00 -3.827240e-02 
 2.020334e+00 -3.747655e-02 
 2.020731e+00 -3.672324e-02 
 2.021129e+00 -3.601289e-02 
 2.021527e+00 -3.534543e-02 
 2.021924e+00 -3.472244e-02 
 2.022322e+00 -3.414395e-02 
 2.022720e+00 -3.360822e-02 
 2.023117e+00 -3.311819e-02 
 2.023515e+00 -3.265518e-02 
 2.023913e+00 -3.218872e-02 
 2.024311e+00 -3.168205e-02 
 2.024708e+00 -3.109275e-02 
 2.025106e+00 -3.040926e-02 
 2.025504e+00 -2.963955e-02 
 2.025901e+00 -2.880604e-02 
 2.026299e+00 -2.792807e-02 
 2.026697e+00 -2.700691e-02 
 2.027094e+00 -2.602782e-02 
 2.027492e+00 -2.496268e-02 
 2.027890e+00 -2.379290e-02 
 2.028287e+00 -2.251176e-02 
 2.028685e+00 -2.114046e-02 
 2.029083e+00 -1.972555e-02 
 2.029481e+00 -1.831742e-02 
 2.029878e+00 -1.695880e-02 
 2.030276e+00 -1.565972e-02 
 2.030674e+00 -1.442084e-02 
 2.031071e+00 -1.321236e-02 
 2.031469e+00 -1.202227e-02 
 2.031867e+00 -1.085623e-02 
 2.032264e+00 -9.721035e-03 
 2.032662e+00 -8.631104e-03 
 2.033060e+00 -7.589500e-03 
 2.033458e+00 -6.570727e-03 
 2.033855e+00 -5.539410e-03 
 2.034253e+00 -4.459571e-03 
 2.034651e+00 -3.304977e-03 
 2.035048e+00 -2.066927e-03 
 2.035446e+00 -7.552590e-04 
 2.035844e+00  6.126822e-04 
 2.036241e+00  2.028089e-03 
 2.036639e+00  3.483596e-03 
 2.037037e+00  4.977309e-03 
 2.037434e+00  6.495917e-03 
 2.037832e+00  8.020710e-03 
 2.038230e+00  9.510910e-03 
 2.038628e+00  1.093132e-02 
 2.039025e+00  1.223175e-02 
 2.039423e+00  1.340423e-02 
 2.039821e+00  1.444681e-02 
 2.040218e+00  1.537008e-02 
 2.040616e+00  1.619446e-02 
 2.041014e+00  1.693787e-02 
 2.041411e+00  1.761279e-02 
 2.041809e+00  1.823020e-02 
 2.042207e+00  1.881012e-02 
 2.042605e+00  1.937411e-02 
 2.043002e+00  1.995668e-02 
 2.043400e+00  2.057541e-02 
 2.043798e+00  2.126292e-02 
 2.044195e+00  2.201594e-02 
 2.044593e+00  2.283259e-02 
 2.044991e+00  2.370699e-02 
 2.045388e+00  2.461702e-02 
 2.045786e+00  2.555386e-02 
 2.046184e+00  2.650272e-02 
 2.046581e+00  2.746062e-02 
 2.046979e+00  2.843231e-02 
 2.047377e+00  2.939602e-02 
 2.047775e+00  3.032736e-02 
 2.048172e+00  3.119089e-02 
 2.048570e+00  3.195852e-02 
 2.048968e+00  3.260884e-02 
 2.049365e+00  3.312895e-02 
 2.049763e+00  3.352129e-02 
 2.050161e+00  3.379216e-02 
 2.050558e+00  3.395356e-02 
 2.050956e+00  3.402403e-02 
 2.051354e+00  3.401432e-02 
 2.051752e+00  3.394424e-02 
 2.052149e+00  3.383055e-02 
 2.052547e+00  3.371437e-02 
 2.052945e+00  3.362866e-02 
 2.053342e+00  3.359973e-02 
 2.053740e+00  3.364653e-02 
 2.054138e+00  3.374885e-02 
 2.054535e+00  3.388033e-02 
 2.054933e+00  3.400653e-02 
 2.055331e+00  3.409467e-02 
 2.055728e+00  3.412471e-02 
 2.056126e+00  3.408904e-02 
 2.056524e+00  3.399097e-02 
 2.056922e+00  3.382460e-02 
 2.057319e+00  3.356684e-02 
 2.057717e+00  3.318062e-02 
 2.058115e+00  3.264158e-02 
 2.058512e+00  3.192564e-02 
 2.058910e+00  3.104198e-02 
 2.059308e+00  3.000834e-02 
 2.059705e+00  2.887353e-02 
 2.060103e+00  2.768465e-02 
 2.060501e+00  2.647680e-02 
 2.060899e+00  2.527527e-02 
 2.061296e+00  2.408417e-02 
 2.061694e+00  2.289515e-02 
 2.062092e+00  2.170898e-02 
 2.062489e+00  2.052166e-02 
 2.062887e+00  1.935055e-02 
 2.063285e+00  1.820202e-02 
 2.063682e+00  1.708166e-02 
 2.064080e+00  1.596628e-02 
 2.064478e+00  1.484417e-02 
 2.064875e+00  1.368968e-02 
 2.065273e+00  1.248613e-02 
 2.065671e+00  1.122284e-02 
 2.066069e+00  9.889741e-03 
 2.066466e+00  8.483669e-03 
 2.066864e+00  7.001235e-03 
 2.067262e+00  5.440774e-03 
 2.067659e+00  3.789741e-03 
 2.068057e+00  2.023368e-03 
 2.068455e+00  1.458054e-04 
 2.068852e+00 -1.838744e-03 
 2.069250e+00 -3.894706e-03 
 2.069648e+00 -5.995414e-03 
 2.070046e+00 -8.106984e-03 
 2.070443e+00 -1.020018e-02 
 2.070841e+00 -1.225348e-02 
 2.071239e+00 -1.424403e-02 
 2.071636e+00 -1.615080e-02 
 2.072034e+00 -1.795668e-02 
 2.072432e+00 -1.964399e-02 
 2.072829e+00 -2.119957e-02 
 2.073227e+00 -2.261787e-02 
 2.073625e+00 -2.391843e-02 
 2.074022e+00 -2.513127e-02 
 2.074420e+00 -2.628761e-02 
 2.074818e+00 -2.739890e-02 
 2.075216e+00 -2.847093e-02 
 2.075613e+00 -2.949616e-02 
 2.076011e+00 -3.047082e-02 
 2.076409e+00 -3.140378e-02 
 2.076806e+00 -3.231198e-02 
 2.077204e+00 -3.322578e-02 
 2.077602e+00 -3.416876e-02 
 2.077999e+00 -3.514107e-02 
 2.078397e+00 -3.612318e-02 
 2.078795e+00 -3.706705e-02 
 2.079193e+00 -3.791563e-02 
 2.079590e+00 -3.862053e-02 
 2.079988e+00 -3.915646e-02 
 2.080386e+00 -3.953009e-02 
 2.080783e+00 -3.975191e-02 
 2.081181e+00 -3.983996e-02 
 2.081579e+00 -3.981766e-02 
 2.081976e+00 -3.969474e-02 
 2.082374e+00 -3.948856e-02 
 2.082772e+00 -3.921316e-02 
 2.083169e+00 -3.889310e-02 
 2.083567e+00 -3.854563e-02 
 2.083965e+00 -3.820434e-02 
 2.084363e+00 -3.788990e-02 
 2.084760e+00 -3.759751e-02 
 2.085158e+00 -3.731634e-02 
 2.085556e+00 -3.703021e-02 
 2.085953e+00 -3.674659e-02 
 2.086351e+00 -3.647754e-02 
 2.086749e+00 -3.625477e-02 
 2.087146e+00 -3.609311e-02 
 2.087544e+00 -3.601055e-02 
 2.087942e+00 -3.600105e-02 
 2.088340e+00 -3.603827e-02 
 2.088737e+00 -3.610211e-02 
 2.089135e+00 -3.616454e-02 
 2.089533e+00 -3.621889e-02 
 2.089930e+00 -3.626527e-02 
 2.090328e+00 -3.632091e-02 
 2.090726e+00 -3.639006e-02 
 2.091123e+00 -3.646670e-02 
 2.091521e+00 -3.654808e-02 
 2.091919e+00 -3.661595e-02 
 2.092316e+00 -3.667395e-02 
 2.092714e+00 -3.672340e-02 
 2.093112e+00 -3.677961e-02 
 2.093510e+00 -3.686302e-02 
 2.093907e+00 -3.698463e-02 
 2.094305e+00 -3.714537e-02 
 2.094703e+00 -3.734266e-02 
 2.095100e+00 -3.758155e-02 
 2.095498e+00 -3.787653e-02 
 2.095896e+00 -3.824383e-02 
 2.096293e+00 -3.869668e-02 
 2.096691e+00 -3.923577e-02 
 2.097089e+00 -3.985164e-02 
 2.097487e+00 -4.052811e-02 
 2.097884e+00 -4.124009e-02 
 2.098282e+00 -4.195796e-02 
 2.098680e+00 -4.266804e-02 
 2.099077e+00 -4.337330e-02 
 2.099475e+00 -4.408593e-02 
 2.099873e+00 -4.481279e-02 
 2.100270e+00 -4.555906e-02 
 2.100668e+00 -4.632484e-02 
 2.101066e+00 -4.710204e-02 
 2.101463e+00 -4.789142e-02 
 2.101861e+00 -4.868793e-02 
 2.102259e+00 -4.948282e-02 
 2.102657e+00 -5.026010e-02 
 2.103054e+00 -5.101377e-02 
 2.103452e+00 -5.172769e-02 
 2.103850e+00 -5.239073e-02 
 2.104247e+00 -5.298506e-02 
 2.104645e+00 -5.349489e-02 
 2.105043e+00 -5.392239e-02 
 2.105440e+00 -5.427730e-02 
 2.105838e+00 -5.458623e-02 
 2.106236e+00 -5.487261e-02 
 2.106634e+00 -5.516405e-02 
 2.107031e+00 -5.546372e-02 
 2.107429e+00 -5.576227e-02 
 2.107827e+00 -5.604738e-02 
 2.108224e+00 -5.629098e-02 
 2.108622e+00 -5.647444e-02 
 2.109020e+00 -5.658167e-02 
 2.109417e+00 -5.661683e-02 
 2.109815e+00 -5.659574e-02 
 2.110213e+00 -5.654311e-02 
 2.110610e+00 -5.646115e-02 
 2.111008e+00 -5.633343e-02 
 2.111406e+00 -5.613339e-02 
 2.111804e+00 -5.584128e-02 
 2.112201e+00 -5.544220e-02 
 2.112599e+00 -5.494424e-02 
 2.112997e+00 -5.435941e-02 
 2.113394e+00 -5.371186e-02 
 2.113792e+00 -5.304090e-02 
 2.114190e+00 -5.237343e-02 
 2.114587e+00 -5.172235e-02 
 2.114985e+00 -5.109289e-02 
 2.115383e+00 -5.049149e-02 
 2.115781e+00 -4.991978e-02 
 2.116178e+00 -4.937464e-02 
 2.116576e+00 -4.886357e-02 
 2.116974e+00 -4.838200e-02 
 2.117371e+00 -4.792698e-02 
 2.117769e+00 -4.751273e-02 
 2.118167e+00 -4.713978e-02 
 2.118564e+00 -4.680345e-02 
 2.118962e+00 -4.650444e-02 
 2.119360e+00 -4.623072e-02 
 2.119757e+00 -4.597837e-02 
 2.120155e+00 -4.572462e-02 
 2.120553e+00 -4.545339e-02 
 2.120951e+00 -4.512943e-02 
 2.121348e+00 -4.473678e-02 
 2.121746e+00 -4.425609e-02 
 2.122144e+00 -4.367799e-02 
 2.122541e+00 -4.299958e-02 
 2.122939e+00 -4.221940e-02 
 2.123337e+00 -4.135033e-02 
 2.123734e+00 -4.040834e-02 
 2.124132e+00 -3.942242e-02 
 2.124530e+00 -3.840928e-02 
 2.124928e+00 -3.738428e-02 
 2.125325e+00 -3.636274e-02 
 2.125723e+00 -3.535556e-02 
 2.126121e+00 -3.437943e-02 
 2.126518e+00 -3.344973e-02 
 2.126916e+00 -3.257818e-02 
 2.127314e+00 -3.174272e-02 
 2.127711e+00 -3.092902e-02 
 2.128109e+00 -3.011488e-02 
 2.128507e+00 -2.928311e-02 
 2.128904e+00 -2.841658e-02 
 2.129302e+00 -2.751148e-02 
 2.129700e+00 -2.655908e-02 
 2.130098e+00 -2.555299e-02 
 2.130495e+00 -2.446935e-02 
 2.130893e+00 -2.327800e-02 
 2.131291e+00 -2.195569e-02 
 2.131688e+00 -2.048706e-02 
 2.132086e+00 -1.889584e-02 
 2.132484e+00 -1.722293e-02 
 2.132881e+00 -1.551240e-02 
 2.133279e+00 -1.379293e-02 
 2.133677e+00 -1.207735e-02 
 2.134075e+00 -1.036626e-02 
 2.134472e+00 -8.642945e-03 
 2.134870e+00 -6.908348e-03 
 2.135268e+00 -5.161905e-03 
 2.135665e+00 -3.422076e-03 
 2.136063e+00 -1.700398e-03 
 2.136461e+00 -3.070445e-06 
 2.136858e+00  1.681704e-03 
 2.137256e+00  3.378064e-03 
 2.137654e+00  5.104052e-03 
 2.138051e+00  6.860762e-03 
 2.138449e+00  8.635791e-03 
 2.138847e+00  1.040573e-02 
 2.139245e+00  1.215335e-02 
 2.139642e+00  1.389089e-02 
 2.140040e+00  1.564292e-02 
 2.140438e+00  1.744729e-02 
 2.140835e+00  1.932864e-02 
 2.141233e+00  2.128410e-02 
 2.141631e+00  2.329297e-02 
 2.142028e+00  2.531523e-02 
 2.142426e+00  2.730550e-02 
 2.142824e+00  2.921877e-02 
 2.143222e+00  3.102516e-02 
 2.143619e+00  3.270172e-02 
 2.144017e+00  3.423291e-02 
 2.144415e+00  3.560055e-02 
 2.144812e+00  3.678836e-02 
 2.145210e+00  3.777156e-02 
 2.145608e+00  3.854760e-02 
 2.146005e+00  3.911257e-02 
 2.146403e+00  3.948962e-02 
 2.146801e+00  3.969635e-02 
 2.147198e+00  3.975892e-02 
 2.147596e+00  3.971177e-02 
 2.147994e+00  3.957363e-02 
 2.148392e+00  3.936926e-02 
 2.148789e+00  3.912528e-02 
 2.149187e+00  3.887076e-02 
 2.149585e+00  3.862523e-02 
 2.149982e+00  3.838843e-02 
 2.150380e+00  3.815494e-02 
 2.150778e+00  3.787793e-02 
 2.151175e+00  3.752076e-02 
 2.151573e+00  3.704697e-02 
 2.151971e+00  3.643004e-02 
 2.152369e+00  3.567219e-02 
 2.152766e+00  3.478258e-02 
 2.153164e+00  3.377380e-02 
 2.153562e+00  3.265708e-02 
 2.153959e+00  3.145495e-02 
 2.154357e+00  3.017723e-02 
 2.154755e+00  2.883826e-02 
 2.155152e+00  2.745267e-02 
 2.155550e+00  2.604532e-02 
 2.155948e+00  2.462596e-02 
 2.156345e+00  2.321606e-02 
 2.156743e+00  2.182818e-02 
 2.157141e+00  2.046122e-02 
 2.157539e+00  1.910136e-02 
 2.157936e+00  1.774520e-02 
 2.158334e+00  1.639149e-02 
 2.158732e+00  1.505603e-02 
 2.159129e+00  1.376423e-02 
 2.159527e+00  1.253294e-02 
 2.159925e+00  1.138673e-02 
 2.160322e+00  1.032691e-02 
 2.160720e+00  9.347650e-03 
 2.161118e+00  8.417179e-03 
 2.161516e+00  7.480936e-03 
 2.161913e+00  6.503166e-03 
 2.162311e+00  5.456779e-03 
 2.162709e+00  4.348255e-03 
 2.163106e+00  3.192204e-03 
 2.163504e+00  2.007094e-03 
 2.163902e+00  8.086286e-04 
 2.164299e+00 -3.957075e-04 
 2.164697e+00 -1.609995e-03 
 2.165095e+00 -2.840657e-03 
 2.165492e+00 -4.070412e-03 
 2.165890e+00 -5.281356e-03 
 2.166288e+00 -6.436233e-03 
 2.166686e+00 -7.485777e-03 
 2.167083e+00 -8.403164e-03 
 2.167481e+00 -9.173775e-03 
 2.167879e+00 -9.793419e-03 
 2.168276e+00 -1.027072e-02 
 2.168674e+00 -1.062178e-02 
 2.169072e+00 -1.086510e-02 
 2.169469e+00 -1.101977e-02 
 2.169867e+00 -1.111494e-02 
 2.170265e+00 -1.117613e-02 
 2.170663e+00 -1.123540e-02 
 2.171060e+00 -1.132315e-02 
 2.171458e+00 -1.145949e-02 
 2.171856e+00 -1.166417e-02 
 2.172253e+00 -1.194407e-02 
 2.172651e+00 -1.228266e-02 
 2.173049e+00 -1.266773e-02 
 2.173446e+00 -1.307993e-02 
 2.173844e+00 -1.351206e-02 
 2.174242e+00 -1.396486e-02 
 2.174639e+00 -1.443806e-02 
 2.175037e+00 -1.492869e-02 
 2.175435e+00 -1.543376e-02 
 2.175833e+00 -1.596017e-02 
 2.176230e+00 -1.650274e-02 
 2.176628e+00 -1.706031e-02 
 2.177026e+00 -1.763526e-02 
 2.177423e+00 -1.822280e-02 
 2.177821e+00 -1.883469e-02 
 2.178219e+00 -1.946460e-02 
 2.178616e+00 -2.011001e-02 
 2.179014e+00 -2.076746e-02 
 2.179412e+00 -2.143484e-02 
 2.179810e+00 -2.212242e-02 
 2.180207e+00 -2.283876e-02 
 2.180605e+00 -2.359886e-02 
 2.181003e+00 -2.441441e-02 
 2.181400e+00 -2.529558e-02 
 2.181798e+00 -2.623483e-02 
 2.182196e+00 -2.720616e-02 
 2.182593e+00 -2.819054e-02 
 2.182991e+00 -2.916625e-02 
 2.183389e+00 -3.012057e-02 
 2.183786e+00 -3.105352e-02 
 2.184184e+00 -3.197534e-02 
 2.184582e+00 -3.289432e-02 
 2.184980e+00 -3.381171e-02 
 2.185377e+00 -3.470920e-02 
 2.185775e+00 -3.555292e-02 
 2.186173e+00 -3.631604e-02 
 2.186570e+00 -3.697710e-02 
 2.186968e+00 -3.753761e-02 
 2.187366e+00 -3.801959e-02 
 2.187763e+00 -3.844084e-02 
 2.188161e+00 -3.881251e-02 
 2.188559e+00 -3.915167e-02 
 2.188957e+00 -3.945386e-02 
 2.189354e+00 -3.972653e-02 
 2.189752e+00 -3.998366e-02 
 2.190150e+00 -4.025152e-02 
 2.190547e+00 -4.056361e-02 
 2.190945e+00 -4.095466e-02 
 2.191343e+00 -4.141217e-02 
 2.191740e+00 -4.189776e-02 
 2.192138e+00 -4.235882e-02 
 2.192536e+00 -4.275452e-02 
 2.192933e+00 -4.307393e-02 
 2.193331e+00 -4.332778e-02 
 2.193729e+00 -4.355069e-02 
 2.194127e+00 -4.378594e-02 
 2.194524e+00 -4.405870e-02 
 2.194922e+00 -4.436930e-02 
 2.195320e+00 -4.470141e-02 
 2.195717e+00 -4.502145e-02 
 2.196115e+00 -4.530519e-02 
 2.196513e+00 -4.554436e-02 
 2.196910e+00 -4.575635e-02 
 2.197308e+00 -4.594762e-02 
 2.197706e+00 -4.612094e-02 
 2.198104e+00 -4.626989e-02 
 2.198501e+00 -4.638064e-02 
 2.198899e+00 -4.645087e-02 
 2.199297e+00 -4.648766e-02 
 2.199694e+00 -4.650088e-02 
 2.200092e+00 -4.650703e-02 
 2.200490e+00 -4.651516e-02 
 2.200887e+00 -4.653426e-02 
 2.201285e+00 -4.657456e-02 
 2.201683e+00 -4.663849e-02 
 2.202080e+00 -4.672944e-02 
 2.202478e+00 -4.686324e-02 
 2.202876e+00 -4.705935e-02 
 2.203274e+00 -4.734161e-02 
 2.203671e+00 -4.771659e-02 
 2.204069e+00 -4.817243e-02 
 2.204467e+00 -4.867297e-02 
 2.204864e+00 -4.919376e-02 
 2.205262e+00 -4.972757e-02 
 2.205660e+00 -5.027147e-02 
 2.206057e+00 -5.083102e-02 
 2.206455e+00 -5.141346e-02 
 2.206853e+00 -5.202272e-02 
 2.207251e+00 -5.266608e-02 
 2.207648e+00 -5.333725e-02 
 2.208046e+00 -5.401669e-02 
 2.208444e+00 -5.469120e-02 
 2.208841e+00 -5.536120e-02 
 2.209239e+00 -5.604302e-02 
 2.209637e+00 -5.675860e-02 
 2.210034e+00 -5.750743e-02 
 2.210432e+00 -5.827588e-02 
 2.210830e+00 -5.903620e-02 
 2.211227e+00 -5.974831e-02 
 2.211625e+00 -6.038467e-02 
 2.212023e+00 -6.094394e-02 
 2.212421e+00 -6.143378e-02 
 2.212818e+00 -6.189431e-02 
 2.213216e+00 -6.236106e-02 
 2.213614e+00 -6.285693e-02 
 2.214011e+00 -6.338021e-02 
 2.214409e+00 -6.390181e-02 
 2.214807e+00 -6.437401e-02 
 2.215204e+00 -6.475986e-02 
 2.215602e+00 -6.502403e-02 
 2.216000e+00 -6.513789e-02 
 2.216398e+00 -6.509537e-02 
 2.216795e+00 -6.489115e-02 
 2.217193e+00 -6.451832e-02 
 2.217591e+00 -6.398818e-02 
 2.217988e+00 -6.330194e-02 
 2.218386e+00 -6.246364e-02 
 2.218784e+00 -6.148316e-02 
 2.219181e+00 -6.038554e-02 
 2.219579e+00 -5.918334e-02 
 2.219977e+00 -5.789443e-02 
 2.220374e+00 -5.652150e-02 
 2.220772e+00 -5.507784e-02 
 2.221170e+00 -5.358172e-02 
 2.221568e+00 -5.205693e-02 
 2.221965e+00 -5.053126e-02 
 2.222363e+00 -4.901733e-02 
 2.222761e+00 -4.751878e-02 
 2.223158e+00 -4.603039e-02 
 2.223556e+00 -4.453682e-02 
 2.223954e+00 -4.301160e-02 
 2.224351e+00 -4.143333e-02 
 2.224749e+00 -3.978487e-02 
 2.225147e+00 -3.805902e-02 
 2.225545e+00 -3.626392e-02 
 2.225942e+00 -3.441926e-02 
 2.226340e+00 -3.253091e-02 
 2.226738e+00 -3.061594e-02 
 2.227135e+00 -2.868341e-02 
 2.227533e+00 -2.673466e-02 
 2.227931e+00 -2.477524e-02 
 2.228328e+00 -2.280973e-02 
 2.228726e+00 -2.084759e-02 
 2.229124e+00 -1.890068e-02 
 2.229521e+00 -1.696825e-02 
 2.229919e+00 -1.505742e-02 
 2.230317e+00 -1.318381e-02 
 2.230715e+00 -1.136803e-02 
 2.231112e+00 -9.622617e-03 
 2.231510e+00 -7.962081e-03 
 2.231908e+00 -6.403736e-03 
 2.232305e+00 -4.950021e-03 
 2.232703e+00 -3.603082e-03 
 2.233101e+00 -2.363063e-03 
 2.233498e+00 -1.206985e-03 
 2.233896e+00 -1.167247e-04 
 2.234294e+00  9.165781e-04 
 2.234692e+00  1.909066e-03 
 2.235089e+00  2.863825e-03 
 2.235487e+00  3.793017e-03 
 2.235885e+00  4.712034e-03 
 2.236282e+00  5.625539e-03 
 2.236680e+00  6.533751e-03 
 2.237078e+00  7.433509e-03 
 2.237475e+00  8.325229e-03 
 2.237873e+00  9.189921e-03 
 2.238271e+00  1.001835e-02 
 2.238668e+00  1.077204e-02 
 2.239066e+00  1.142684e-02 
 2.239464e+00  1.196745e-02 
 2.239862e+00  1.238370e-02 
 2.240259e+00  1.268278e-02 
 2.240657e+00  1.288046e-02 
 2.241055e+00  1.297289e-02 
 2.241452e+00  1.297714e-02 
 2.241850e+00  1.289006e-02 
 2.242248e+00  1.272597e-02 
 2.242645e+00  1.251166e-02 
 2.243043e+00  1.228567e-02 
 2.243441e+00  1.210005e-02 
 2.243839e+00  1.201086e-02 
 2.244236e+00  1.206088e-02 
 2.244634e+00  1.225588e-02 
 2.245032e+00  1.259357e-02 
 2.245429e+00  1.302573e-02 
 2.245827e+00  1.352392e-02 
 2.246225e+00  1.406181e-02 
 2.246622e+00  1.461784e-02 
 2.247020e+00  1.519747e-02 
 2.247418e+00  1.580566e-02 
 2.247815e+00  1.645876e-02 
 2.248213e+00  1.715193e-02 
 2.248611e+00  1.787006e-02 
 2.249009e+00  1.857691e-02 
 2.249406e+00  1.923967e-02 
 2.249804e+00  1.984718e-02 
 2.250202e+00  2.039184e-02 
 2.250599e+00  2.088025e-02 
 2.250997e+00  2.131524e-02 
 2.251395e+00  2.170298e-02 
 2.251792e+00  2.205333e-02 
 2.252190e+00  2.237465e-02 
 2.252588e+00  2.267134e-02 
 2.252986e+00  2.294264e-02 
 2.253383e+00  2.318274e-02 
 2.253781e+00  2.339167e-02 
 2.254179e+00  2.356395e-02 
 2.254576e+00  2.370751e-02 
 2.254974e+00  2.380642e-02 
 2.255372e+00  2.385256e-02 
 2.255769e+00  2.385091e-02 
 2.256167e+00  2.380565e-02 
 2.256565e+00  2.370533e-02 
 2.256962e+00  2.353826e-02 
 2.257360e+00  2.328114e-02 
 2.257758e+00  2.290442e-02 
 2.258156e+00  2.239024e-02 
 2.258553e+00  2.170867e-02 
 2.258951e+00  2.086320e-02 
 2.259349e+00  1.988142e-02 
 2.259746e+00  1.877928e-02 
 2.260144e+00  1.759565e-02 
 2.260542e+00  1.634888e-02 
 2.260939e+00  1.505872e-02 
 2.261337e+00  1.373044e-02 
 2.261735e+00  1.237596e-02 
 2.262133e+00  1.101040e-02 
 2.262530e+00  9.662921e-03 
 2.262928e+00  8.366303e-03 
 2.263326e+00  7.135009e-03 
 2.263723e+00  5.989976e-03 
 2.264121e+00  4.917002e-03 
 2.264519e+00  3.890321e-03 
 2.264916e+00  2.877558e-03 
 2.265314e+00  1.845985e-03 
 2.265712e+00  7.931849e-04 
 2.266109e+00 -2.806272e-04 
 2.266507e+00 -1.345454e-03 
 2.266905e+00 -2.391121e-03 
 2.267303e+00 -3.409703e-03 
 2.267700e+00 -4.420099e-03 
 2.268098e+00 -5.438539e-03 
 2.268496e+00 -6.472512e-03 
 2.268893e+00 -7.531589e-03 
 2.269291e+00 -8.617557e-03 
 2.269689e+00 -9.710860e-03 
 2.270086e+00 -1.079730e-02 
 2.270484e+00 -1.184208e-02 
 2.270882e+00 -1.282145e-02 
 2.271280e+00 -1.371151e-02 
 2.271677e+00 -1.449967e-02 
 2.272075e+00 -1.516836e-02 
 2.272473e+00 -1.571558e-02 
 2.272870e+00 -1.613739e-02 
 2.273268e+00 -1.644400e-02 
 2.273666e+00 -1.665338e-02 
 2.274063e+00 -1.678629e-02 
 2.274461e+00 -1.685666e-02 
 2.274859e+00 -1.687682e-02 
 2.275256e+00 -1.684174e-02 
 2.275654e+00 -1.674498e-02 
 2.276052e+00 -1.658464e-02 
 2.276450e+00 -1.636436e-02 
 2.276847e+00 -1.608027e-02 
 2.277245e+00 -1.575085e-02 
 2.277643e+00 -1.539837e-02 
 2.278040e+00 -1.504911e-02 
 2.278438e+00 -1.471646e-02 
 2.278836e+00 -1.440348e-02 
 2.279233e+00 -1.409433e-02 
 2.279631e+00 -1.375925e-02 
 2.280029e+00 -1.339095e-02 
 2.280426e+00 -1.297798e-02 
 2.280824e+00 -1.252568e-02 
 2.281222e+00 -1.204435e-02 
 2.281620e+00 -1.155706e-02 
 2.282017e+00 -1.108672e-02 
 2.282415e+00 -1.065360e-02 
 2.282813e+00 -1.027653e-02 
 2.283210e+00 -9.952945e-03 
 2.283608e+00 -9.690079e-03 
 2.284006e+00 -9.503207e-03 
 2.284403e+00 -9.398653e-03 
 2.284801e+00 -9.393049e-03 
 2.285199e+00 -9.493718e-03 
 2.285597e+00 -9.707070e-03 
 2.285994e+00 -1.002959e-02 
 2.286392e+00 -1.046619e-02 
 2.286790e+00 -1.102425e-02 
 2.287187e+00 -1.170913e-02 
 2.287585e+00 -1.252820e-02 
 2.287983e+00 -1.348216e-02 
 2.288380e+00 -1.455763e-02 
 2.288778e+00 -1.574164e-02 
 2.289176e+00 -1.699736e-02 
 2.289573e+00 -1.829706e-02 
 2.289971e+00 -1.962772e-02 
 2.290369e+00 -2.098017e-02 
 2.290767e+00 -2.234729e-02 
 2.291164e+00 -2.372437e-02 
 2.291562e+00 -2.510444e-02 
 2.291960e+00 -2.646305e-02 
 2.292357e+00 -2.779553e-02 
 2.292755e+00 -2.909496e-02 
 2.293153e+00 -3.036982e-02 
 2.293550e+00 -3.163029e-02 
 2.293948e+00 -3.289171e-02 
 2.294346e+00 -3.416013e-02 
 2.294744e+00 -3.543555e-02 
 2.295141e+00 -3.669621e-02 
 2.295539e+00 -3.790613e-02 
 2.295937e+00 -3.904935e-02 
 2.296334e+00 -4.012999e-02 
 2.296732e+00 -4.117441e-02 
 2.297130e+00 -4.221703e-02 
 2.297527e+00 -4.328139e-02 
 2.297925e+00 -4.437676e-02 
 2.298323e+00 -4.549597e-02 
 2.298720e+00 -4.660898e-02 
 2.299118e+00 -4.768885e-02 
 2.299516e+00 -4.870505e-02 
 2.299914e+00 -4.964462e-02 
 2.300311e+00 -5.052135e-02 
 2.300709e+00 -5.135481e-02 
 2.301107e+00 -5.217623e-02 
 2.301504e+00 -5.300003e-02 
 2.301902e+00 -5.382758e-02 
 2.302300e+00 -5.465174e-02 
 2.302697e+00 -5.546377e-02 
 2.303095e+00 -5.624445e-02 
 2.303493e+00 -5.697481e-02 
 2.303891e+00 -5.763710e-02 
 2.304288e+00 -5.821764e-02 
 2.304686e+00 -5.872151e-02 
 2.305084e+00 -5.914590e-02 
 2.305481e+00 -5.950343e-02 
 2.305879e+00 -5.980640e-02 
 2.306277e+00 -6.008344e-02 
 2.306674e+00 -6.036281e-02 
 2.307072e+00 -6.065285e-02 
 2.307470e+00 -6.096243e-02 
 2.307867e+00 -6.128981e-02 
 2.308265e+00 -6.161917e-02 
 2.308663e+00 -6.193396e-02 
 2.309061e+00 -6.223031e-02 
 2.309458e+00 -6.249419e-02 
 2.309856e+00 -6.273143e-02 
 2.310254e+00 -6.294849e-02 
 2.310651e+00 -6.314824e-02 
 2.311049e+00 -6.333179e-02 
 2.311447e+00 -6.347554e-02 
 2.311844e+00 -6.354759e-02 
 2.312242e+00 -6.353815e-02 
 2.312640e+00 -6.345172e-02 
 2.313038e+00 -6.329665e-02 
 2.313435e+00 -6.309536e-02 
 2.313833e+00 -6.285330e-02 
 2.314231e+00 -6.256843e-02 
 2.314628e+00 -6.224626e-02 
 2.315026e+00 -6.188581e-02 
 2.315424e+00 -6.150330e-02 
 2.315821e+00 -6.111199e-02 
 2.316219e+00 -6.073287e-02 
 2.316617e+00 -6.038315e-02 
 2.317014e+00 -6.007291e-02 
 2.317412e+00 -5.980425e-02 
 2.317810e+00 -5.955559e-02 
 2.318208e+00 -5.929878e-02 
 2.318605e+00 -5.901582e-02 
 2.319003e+00 -5.869267e-02 
 2.319401e+00 -5.833689e-02 
 2.319798e+00 -5.794621e-02 
 2.320196e+00 -5.751361e-02 
 2.320594e+00 -5.703481e-02 
 2.320991e+00 -5.648662e-02 
 2.321389e+00 -5.586012e-02 
 2.321787e+00 -5.513698e-02 
 2.322185e+00 -5.430037e-02 
 2.322582e+00 -5.334258e-02 
 2.322980e+00 -5.225914e-02 
 2.323378e+00 -5.105371e-02 
 2.323775e+00 -4.971919e-02 
 2.324173e+00 -4.824905e-02 
 2.324571e+00 -4.664811e-02 
 2.324968e+00 -4.493915e-02 
 2.325366e+00 -4.315703e-02 
 2.325764e+00 -4.134725e-02 
 2.326161e+00 -3.954983e-02 
 2.326559e+00 -3.778769e-02 
 2.326957e+00 -3.605984e-02 
 2.327355e+00 -3.434149e-02 
 2.327752e+00 -3.261461e-02 
 2.328150e+00 -3.086785e-02 
 2.328548e+00 -2.909568e-02 
 2.328945e+00 -2.731341e-02 
 2.329343e+00 -2.553098e-02 
 2.329741e+00 -2.375615e-02 
 2.330138e+00 -2.199048e-02 
 2.330536e+00 -2.024560e-02 
 2.330934e+00 -1.850206e-02 
 2.331332e+00 -1.675238e-02 
 2.331729e+00 -1.500302e-02 
 2.332127e+00 -1.324887e-02 
 2.332525e+00 -1.148299e-02 
 2.332922e+00 -9.712225e-03 
 2.333320e+00 -7.954388e-03 
 2.333718e+00 -6.224340e-03 
 2.334115e+00 -4.553125e-03 
 2.334513e+00 -2.981704e-03 
 2.334911e+00 -1.531120e-03 
 2.335308e+00 -1.977695e-04 
 2.335706e+00  1.025726e-03 
 2.336104e+00  2.147602e-03 
 2.336502e+00  3.175310e-03 
 2.336899e+00  4.116346e-03 
 2.337297e+00  4.964551e-03 
 2.337695e+00  5.721254e-03 
 2.338092e+00  6.385560e-03 
 2.338490e+00  6.968450e-03 
 2.338888e+00  7.482839e-03 
 2.339285e+00  7.947941e-03 
 2.339683e+00  8.383147e-03 
 2.340081e+00  8.819281e-03 
 2.340479e+00  9.274875e-03 
 2.340876e+00  9.780830e-03 
 2.341274e+00  1.035025e-02 
 2.341672e+00  1.097579e-02 
 2.342069e+00  1.162583e-02 
 2.342467e+00  1.227666e-02 
 2.342865e+00  1.289293e-02 
 2.343262e+00  1.346076e-02 
 2.343660e+00  1.398165e-02 
 2.344058e+00  1.444260e-02 
 2.344455e+00  1.482963e-02 
 2.344853e+00  1.513197e-02 
 2.345251e+00  1.534436e-02 
 2.345649e+00  1.545328e-02 
 2.346046e+00  1.545630e-02 
 2.346444e+00  1.536095e-02 
 2.346842e+00  1.517642e-02 
 2.347239e+00  1.493335e-02 
 2.347637e+00  1.464134e-02 
 2.348035e+00  1.431159e-02 
 2.348432e+00  1.394101e-02 
 2.348830e+00  1.353580e-02 
 2.349228e+00  1.310163e-02 
 2.349626e+00  1.265850e-02 
 2.350023e+00  1.223194e-02 
 2.350421e+00  1.181914e-02 
 2.350819e+00  1.144316e-02 
 2.351216e+00  1.109872e-02 
 2.351614e+00  1.078248e-02 
 2.352012e+00  1.049130e-02 
 2.352409e+00  1.021933e-02 
 2.352807e+00  9.942516e-03 
 2.353205e+00  9.648473e-03 
 2.353602e+00  9.336374e-03 
 2.354000e+00  8.990225e-03 
 2.354398e+00  8.605070e-03 
 2.354796e+00  8.206817e-03 
 2.355193e+00  7.799876e-03 
 2.355591e+00  7.405924e-03 
 2.355989e+00  7.028979e-03 
 2.356386e+00  6.681025e-03 
 2.356784e+00  6.334691e-03 
 2.357182e+00  5.977600e-03 
 2.357579e+00  5.611779e-03 
 2.357977e+00  5.235065e-03 
 2.358375e+00  4.862243e-03 
 2.358773e+00  4.517003e-03 
 2.359170e+00  4.216795e-03 
 2.359568e+00  3.978369e-03 
 2.359966e+00  3.809954e-03 
 2.360363e+00  3.698571e-03 
 2.360761e+00  3.630019e-03 
 2.361159e+00  3.590328e-03 
 2.361556e+00  3.556202e-03 
 2.361954e+00  3.503276e-03 
 2.362352e+00  3.404559e-03 
 2.362749e+00  3.228119e-03 
 2.363147e+00  2.957948e-03 
 2.363545e+00  2.606853e-03 
 2.363943e+00  2.194818e-03 
 2.364340e+00  1.750219e-03 
 2.364738e+00  1.300556e-03 
 2.365136e+00  8.704540e-04 
 2.365533e+00  4.638462e-04 
 2.365931e+00  8.813625e-05 
 2.366329e+00 -2.541527e-04 
 2.366726e+00 -5.715001e-04 
 2.367124e+00 -8.513738e-04 
 2.367522e+00 -1.080856e-03 
 2.367920e+00 -1.254515e-03 
 2.368317e+00 -1.364768e-03 
 2.368715e+00 -1.406107e-03 
 2.369113e+00 -1.392427e-03 
 2.369510e+00 -1.322170e-03 
 2.369908e+00 -1.196295e-03 
 2.370306e+00 -1.022181e-03 
 2.370703e+00 -8.224984e-04 
 2.371101e+00 -6.152086e-04 
 2.371499e+00 -4.180079e-04 
 2.371896e+00 -2.477256e-04 
 2.372294e+00 -9.361299e-05 
 2.372692e+00  5.999405e-05 
 2.373090e+00  2.269350e-04 
 2.373487e+00  4.329691e-04 
 2.373885e+00  6.837125e-04 
 2.374283e+00  9.676159e-04 
 2.374680e+00  1.259081e-03 
 2.375078e+00  1.536709e-03 
 2.375476e+00  1.777461e-03 
 2.375873e+00  1.968317e-03 
 2.376271e+00  2.116625e-03 
 2.376669e+00  2.208161e-03 
 2.377067e+00  2.249823e-03 
 2.377464e+00  2.232107e-03 
 2.377862e+00  2.147821e-03 
 2.378260e+00  2.005720e-03 
 2.378657e+00  1.815380e-03 
 2.379055e+00  1.589052e-03 
 2.379453e+00  1.332271e-03 
 2.379850e+00  1.055339e-03 
 2.380248e+00  7.403847e-04 
 2.380646e+00  3.723944e-04 
 2.381043e+00 -6.412383e-05 
 2.381441e+00 -6.025226e-04 
 2.381839e+00 -1.255508e-03 
 2.382237e+00 -2.031491e-03 
 2.382634e+00 -2.934164e-03 
 2.383032e+00 -3.956137e-03 
 2.383430e+00 -5.061227e-03 
 2.383827e+00 -6.217590e-03 
 2.384225e+00 -7.399704e-03 
 2.384623e+00 -8.573885e-03 
 2.385020e+00 -9.735447e-03 
 2.385418e+00 -1.089275e-02 
 2.385816e+00 -1.206201e-02 
 2.386214e+00 -1.324493e-02 
 2.386611e+00 -1.444225e-02 
 2.387009e+00 -1.563422e-02 
 2.387407e+00 -1.679958e-02 
 2.387804e+00 -1.793216e-02 
 2.388202e+00 -1.903153e-02 
 2.388600e+00 -2.010133e-02 
 2.388997e+00 -2.115103e-02 
 2.389395e+00 -2.219976e-02 
 2.389793e+00 -2.324662e-02 
 2.390190e+00 -2.430660e-02 
 2.390588e+00 -2.538724e-02 
 2.390986e+00 -2.648781e-02 
 2.391384e+00 -2.760480e-02 
 2.391781e+00 -2.873354e-02 
 2.392179e+00 -2.985802e-02 
 2.392577e+00 -3.095545e-02 
 2.392974e+00 -3.200999e-02 
 2.393372e+00 -3.301514e-02 
 2.393770e+00 -3.397786e-02 
 2.394167e+00 -3.492851e-02 
 2.394565e+00 -3.589533e-02 
 2.394963e+00 -3.689833e-02 
 2.395361e+00 -3.795247e-02 
 2.395758e+00 -3.904449e-02 
 2.396156e+00 -4.015564e-02 
 2.396554e+00 -4.126677e-02 
 2.396951e+00 -4.235354e-02 
 2.397349e+00 -4.339282e-02 
 2.397747e+00 -4.438404e-02 
 2.398144e+00 -4.532834e-02 
 2.398542e+00 -4.621622e-02 
 2.398940e+00 -4.705420e-02 
 2.399337e+00 -4.784220e-02 
 2.399735e+00 -4.857511e-02 
 2.400133e+00 -4.926613e-02 
 2.400531e+00 -4.993284e-02 
 2.400928e+00 -5.058354e-02 
 2.401326e+00 -5.121634e-02 
 2.401724e+00 -5.182643e-02 
 2.402121e+00 -5.240148e-02 
 2.402519e+00 -5.293979e-02 
 2.402917e+00 -5.344726e-02 
 2.403314e+00 -5.392272e-02 
 2.403712e+00 -5.437805e-02 
 2.404110e+00 -5.483200e-02 
 2.404508e+00 -5.529213e-02 
 2.404905e+00 -5.575843e-02 
 2.405303e+00 -5.623066e-02 
 2.405701e+00 -5.669577e-02 
 2.406098e+00 -5.715321e-02 
 2.406496e+00 -5.761093e-02 
 2.406894e+00 -5.806735e-02 
 2.407291e+00 -5.852241e-02 
 2.407689e+00 -5.896205e-02 
 2.408087e+00 -5.938758e-02 
 2.408484e+00 -5.979536e-02 
 2.408882e+00 -6.019373e-02 
 2.409280e+00 -6.059734e-02 
 2.409678e+00 -6.099448e-02 
 2.410075e+00 -6.138234e-02 
 2.410473e+00 -6.176231e-02 
 2.410871e+00 -6.212104e-02 
 2.411268e+00 -6.245306e-02 
 2.411666e+00 -6.276054e-02 
 2.412064e+00 -6.304214e-02 
 2.412461e+00 -6.329688e-02 
 2.412859e+00 -6.353439e-02 
 2.413257e+00 -6.375395e-02 
 2.413655e+00 -6.395501e-02 
 2.414052e+00 -6.414495e-02 
 2.414450e+00 -6.431802e-02 
 2.414848e+00 -6.446026e-02 
 2.415245e+00 -6.456230e-02 
 2.415643e+00 -6.459698e-02 
 2.416041e+00 -6.452614e-02 
 2.416438e+00 -6.432571e-02 
 2.416836e+00 -6.396933e-02 
 2.417234e+00 -6.344628e-02 
 2.417631e+00 -6.275453e-02 
 2.418029e+00 -6.189261e-02 
 2.418427e+00 -6.086178e-02 
 2.418825e+00 -5.967793e-02 
 2.419222e+00 -5.835798e-02 
 2.419620e+00 -5.691409e-02 
 2.420018e+00 -5.536530e-02 
 2.420415e+00 -5.372929e-02 
 2.420813e+00 -5.201637e-02 
 2.421211e+00 -5.024254e-02 
 2.421608e+00 -4.844022e-02 
 2.422006e+00 -4.662483e-02 
 2.422404e+00 -4.481607e-02 
 2.422802e+00 -4.303634e-02 
 2.423199e+00 -4.130896e-02 
 2.423597e+00 -3.963477e-02 
 2.423995e+00 -3.800220e-02 
 2.424392e+00 -3.639557e-02 
 2.424790e+00 -3.479918e-02 
 2.425188e+00 -3.320976e-02 
 2.425585e+00 -3.162344e-02 
 2.425983e+00 -3.005009e-02 
 2.426381e+00 -2.849758e-02 
 2.426778e+00 -2.697473e-02 
 2.427176e+00 -2.548272e-02 
 2.427574e+00 -2.402184e-02 
 2.427972e+00 -2.259366e-02 
 2.428369e+00 -2.118895e-02 
 2.428767e+00 -1.980290e-02 
 2.429165e+00 -1.844590e-02 
 2.429562e+00 -1.710888e-02 
 2.429960e+00 -1.579879e-02 
 2.430358e+00 -1.452978e-02 
 2.430755e+00 -1.332748e-02 
 2.431153e+00 -1.220269e-02 
 2.431551e+00 -1.118481e-02 
 2.431949e+00 -1.029618e-02 
 2.432346e+00 -9.528272e-03 
 2.432744e+00 -8.885159e-03 
 2.433142e+00 -8.353365e-03 
 2.433539e+00 -7.917964e-03 
 2.433937e+00 -7.564246e-03 
 2.434335e+00 -7.272900e-03 
 2.434732e+00 -7.023394e-03 
 2.435130e+00 -6.789871e-03 
 2.435528e+00 -6.547677e-03 
 2.435925e+00 -6.280567e-03 
 2.436323e+00 -5.972041e-03 
 2.436721e+00 -5.623824e-03 
 2.437119e+00 -5.247732e-03 
 2.437516e+00 -4.873990e-03 
 2.437914e+00 -4.527623e-03 
 2.438312e+00 -4.221819e-03 
 2.438709e+00 -3.957006e-03 
 2.439107e+00 -3.734957e-03 
 2.439505e+00 -3.555130e-03 
 2.439902e+00 -3.412805e-03 
 2.440300e+00 -3.318675e-03 
 2.440698e+00 -3.279447e-03 
 2.441096e+00 -3.310494e-03 
 2.441493e+00 -3.419215e-03 
 2.441891e+00 -3.607719e-03 
 2.442289e+00 -3.859981e-03 
 2.442686e+00 -4.156126e-03 
 2.443084e+00 -4.467029e-03 
 2.443482e+00 -4.759444e-03 
 2.443879e+00 -5.015486e-03 
 2.444277e+00 -5.211784e-03 
 2.444675e+00 -5.346853e-03 
 2.445072e+00 -5.409258e-03 
 2.445470e+00 -5.404326e-03 
 2.445868e+00 -5.329948e-03 
 2.446266e+00 -5.185286e-03 
 2.446663e+00 -4.970708e-03 
 2.447061e+00 -4.679250e-03 
 2.447459e+00 -4.297190e-03 
 2.447856e+00 -3.820215e-03 
 2.448254e+00 -3.239065e-03 
 2.448652e+00 -2.543464e-03 
 2.449049e+00 -1.752240e-03 
 2.449447e+00 -8.734447e-04 
 2.449845e+00  5.928301e-05 
 2.450243e+00  9.958007e-04 
 2.450640e+00  1.891076e-03 
 2.451038e+00  2.720127e-03 
 2.451436e+00  3.470128e-03 
 2.451833e+00  4.149385e-03 
 2.452231e+00  4.771000e-03 
 2.452629e+00  5.351398e-03 
 2.453026e+00  5.907921e-03 
 2.453424e+00  6.461002e-03 
 2.453822e+00  7.032666e-03 
 2.454219e+00  7.620196e-03 
 2.454617e+00  8.228392e-03 
 2.455015e+00  8.844123e-03 
 2.455413e+00  9.460138e-03 
 2.455810e+00  1.007627e-02 
 2.456208e+00  1.068481e-02 
 2.456606e+00  1.126961e-02 
 2.457003e+00  1.181729e-02 
 2.457401e+00  1.231592e-02 
 2.457799e+00  1.275297e-02 
 2.458196e+00  1.311663e-02 
 2.458594e+00  1.339904e-02 
 2.458992e+00  1.358820e-02 
 2.459390e+00  1.367998e-02 
 2.459787e+00  1.367705e-02 
 2.460185e+00  1.358573e-02 
 2.460583e+00  1.341522e-02 
 2.460980e+00  1.318245e-02 
 2.461378e+00  1.290258e-02 
 2.461776e+00  1.260604e-02 
 2.462173e+00  1.232112e-02 
 2.462571e+00  1.207068e-02 
 2.462969e+00  1.187584e-02 
 2.463366e+00  1.174118e-02 
 2.463764e+00  1.167780e-02 
 2.464162e+00  1.168021e-02 
 2.464560e+00  1.174221e-02 
 2.464957e+00  1.184693e-02 
 2.465355e+00  1.196992e-02 
 2.465753e+00  1.210309e-02 
 2.466150e+00  1.224243e-02 
 2.466548e+00  1.238497e-02 
 2.466946e+00  1.253559e-02 
 2.467343e+00  1.270931e-02 
 2.467741e+00  1.291893e-02 
 2.468139e+00  1.317986e-02 
 2.468537e+00  1.348803e-02 
 2.468934e+00  1.382518e-02 
 2.469332e+00  1.416727e-02 
 2.469730e+00  1.448427e-02 
 2.470127e+00  1.476076e-02 
 2.470525e+00  1.497107e-02 
 2.470923e+00  1.511509e-02 
 2.471320e+00  1.518781e-02 
 2.471718e+00  1.521012e-02 
 2.472116e+00  1.520875e-02 
 2.472513e+00  1.519793e-02 
 2.472911e+00  1.518154e-02 
 2.473309e+00  1.515403e-02 
 2.473707e+00  1.511510e-02 
 2.474104e+00  1.505624e-02 
 2.474502e+00  1.496719e-02 
 2.474900e+00  1.484796e-02 
 2.475297e+00  1.470215e-02 
 2.475695e+00  1.453107e-02 
 2.476093e+00  1.433265e-02 
 2.476490e+00  1.410254e-02 
 2.476888e+00  1.383921e-02 
 2.477286e+00  1.352965e-02 
 2.477684e+00  1.317889e-02 
 2.478081e+00  1.277813e-02 
 2.478479e+00  1.232062e-02 
 2.478877e+00  1.179227e-02 
 2.479274e+00  1.117765e-02 
 2.479672e+00  1.047650e-02 
 2.480070e+00  9.703862e-03 
 2.480467e+00  8.885487e-03 
 2.480865e+00  8.057696e-03 
 2.481263e+00  7.240462e-03 
 2.481660e+00  6.436560e-03 
 2.482058e+00  5.634490e-03 
 2.482456e+00  4.818503e-03 
 2.482854e+00  3.955871e-03 
 2.483251e+00  3.021968e-03 
 2.483649e+00  2.005808e-03 
 2.484047e+00  9.089541e-04 
 2.484444e+00 -2.616101e-04 
 2.484842e+00 -1.498447e-03 
 2.485240e+00 -2.810654e-03 
 2.485637e+00 -4.200888e-03 
 2.486035e+00 -5.668050e-03 
 2.486433e+00 -7.201189e-03 
 2.486831e+00 -8.774660e-03 
 2.487228e+00 -1.036605e-02 
 2.487626e+00 -1.196462e-02 
 2.488024e+00 -1.356435e-02 
 2.488421e+00 -1.517006e-02 
 2.488819e+00 -1.681044e-02 
 2.489217e+00 -1.850530e-02 
 2.489614e+00 -2.026814e-02 
 2.490012e+00 -2.208922e-02 
 2.490410e+00 -2.393493e-02 
 2.490807e+00 -2.577742e-02 
 2.491205e+00 -2.758010e-02 
 2.491603e+00 -2.931962e-02 
 2.492001e+00 -3.099287e-02 
 2.492398e+00 -3.260333e-02 
 2.492796e+00 -3.415119e-02 
 2.493194e+00 -3.563158e-02 
 2.493591e+00 -3.703494e-02 
 2.493989e+00 -3.836591e-02 
 2.494387e+00 -3.961344e-02 
 2.494784e+00 -4.077598e-02 
 2.495182e+00 -4.184533e-02 
 2.495580e+00 -4.281154e-02 
 2.495978e+00 -4.366347e-02 
 2.496375e+00 -4.439647e-02 
 2.496773e+00 -4.502470e-02 
 2.497171e+00 -4.555955e-02 
 2.497568e+00 -4.602787e-02 
 2.497966e+00 -4.647082e-02 
 2.498364e+00 -4.691765e-02 
 2.498761e+00 -4.736846e-02 
 2.499159e+00 -4.781404e-02 
 2.499557e+00 -4.823195e-02 
 2.499954e+00 -4.858776e-02 
 2.500352e+00 -4.886489e-02 
 2.500750e+00 -4.907610e-02 
 2.501148e+00 -4.922638e-02 
 2.501545e+00 -4.935412e-02 
 2.501943e+00 -4.948715e-02 
 2.502341e+00 -4.964841e-02 
 2.502738e+00 -4.985051e-02 
 2.503136e+00 -5.009179e-02 
 2.503534e+00 -5.035640e-02 
 2.503931e+00 -5.063677e-02 
 2.504329e+00 -5.092244e-02 
 2.504727e+00 -5.120676e-02 
 2.505125e+00 -5.148664e-02 
 2.505522e+00 -5.175602e-02 
 2.505920e+00 -5.200727e-02 
 2.506318e+00 -5.225003e-02 
 2.506715e+00 -5.249291e-02 
 2.507113e+00 -5.275365e-02 
 2.507511e+00 -5.305328e-02 
 2.507908e+00 -5.338928e-02 
 2.508306e+00 -5.376587e-02 
 2.508704e+00 -5.417046e-02 
 2.509101e+00 -5.458626e-02 
 2.509499e+00 -5.498946e-02 
 2.509897e+00 -5.535610e-02 
 2.510295e+00 -5.568205e-02 
 2.510692e+00 -5.597154e-02 
 2.511090e+00 -5.623978e-02 
 2.511488e+00 -5.649328e-02 
 2.511885e+00 -5.672406e-02 
 2.512283e+00 -5.691065e-02 
 2.512681e+00 -5.703738e-02 
 2.513078e+00 -5.708928e-02 
 2.513476e+00 -5.704993e-02 
 2.513874e+00 -5.691527e-02 
 2.514272e+00 -5.669923e-02 
 2.514669e+00 -5.641166e-02 
 2.515067e+00 -5.605523e-02 
 2.515465e+00 -5.562758e-02 
 2.515862e+00 -5.512531e-02 
 2.516260e+00 -5.456207e-02 
 2.516658e+00 -5.395254e-02 
 2.517055e+00 -5.332223e-02 
 2.517453e+00 -5.270599e-02 
 2.517851e+00 -5.211506e-02 
 2.518248e+00 -5.155672e-02 
 2.518646e+00 -5.102155e-02 
 2.519044e+00 -5.048946e-02 
 2.519442e+00 -4.994416e-02 
 2.519839e+00 -4.936039e-02 
 2.520237e+00 -4.873741e-02 
 2.520635e+00 -4.807284e-02 
 2.521032e+00 -4.736862e-02 
 2.521430e+00 -4.662062e-02 
 2.521828e+00 -4.582269e-02 
 2.522225e+00 -4.497129e-02 
 2.522623e+00 -4.405241e-02 
 2.523021e+00 -4.306696e-02 
 2.523419e+00 -4.199846e-02 
 2.523816e+00 -4.084026e-02 
 2.524214e+00 -3.958591e-02 
 2.524612e+00 -3.823241e-02 
 2.525009e+00 -3.679568e-02 
 2.525407e+00 -3.529508e-02 
 2.525805e+00 -3.375106e-02 
 2.526202e+00 -3.219520e-02 
 2.526600e+00 -3.065972e-02 
 2.526998e+00 -2.916971e-02 
 2.527395e+00 -2.776489e-02 
 2.527793e+00 -2.645496e-02 
 2.528191e+00 -2.522734e-02 
 2.528589e+00 -2.406069e-02 
 2.528986e+00 -2.293149e-02 
 2.529384e+00 -2.183596e-02 
 2.529782e+00 -2.076388e-02 
 2.530179e+00 -1.973443e-02 
 2.530577e+00 -1.875434e-02 
 2.530975e+00 -1.783193e-02 
 2.531372e+00 -1.695956e-02 
 2.531770e+00 -1.610925e-02 
 2.532168e+00 -1.524518e-02 
 2.532566e+00 -1.436426e-02 
 2.532963e+00 -1.347843e-02 
 2.533361e+00 -1.262032e-02 
 2.533759e+00 -1.182819e-02 
 2.534156e+00 -1.113696e-02 
 2.534554e+00 -1.055637e-02 
 2.534952e+00 -1.010750e-02 
 2.535349e+00 -9.803876e-03 
 2.535747e+00 -9.638621e-03 
 2.536145e+00 -9.601094e-03 
 2.536542e+00 -9.686788e-03 
 2.536940e+00 -9.871191e-03 
 2.537338e+00 -1.014597e-02 
 2.537736e+00 -1.049292e-02 
 2.538133e+00 -1.090241e-02 
 2.538531e+00 -1.135937e-02 
 2.538929e+00 -1.184098e-02 
 2.539326e+00 -1.234889e-02 
 2.539724e+00 -1.286455e-02 
 2.540122e+00 -1.337785e-02 
 2.540519e+00 -1.385959e-02 
 2.540917e+00 -1.428233e-02 
 2.541315e+00 -1.462184e-02 
 2.541713e+00 -1.485091e-02 
 2.542110e+00 -1.494818e-02 
 2.542508e+00 -1.490444e-02 
 2.542906e+00 -1.473043e-02 
 2.543303e+00 -1.444262e-02 
 2.543701e+00 -1.407191e-02 
 2.544099e+00 -1.365269e-02 
 2.544496e+00 -1.318875e-02 
 2.544894e+00 -1.268654e-02 
 2.545292e+00 -1.214581e-02 
 2.545689e+00 -1.157360e-02 
 2.546087e+00 -1.099017e-02 
 2.546485e+00 -1.041753e-02 
 2.546883e+00 -9.863562e-03 
 2.547280e+00 -9.341722e-03 
 2.547678e+00 -8.842412e-03 
 2.548076e+00 -8.345780e-03 
 2.548473e+00 -7.826164e-03 
 2.548871e+00 -7.273561e-03 
 2.549269e+00 -6.669728e-03 
 2.549666e+00 -6.015945e-03 
 2.550064e+00 -5.314659e-03 
 2.550462e+00 -4.543801e-03 
 2.550860e+00 -3.689642e-03 
 2.551257e+00 -2.736584e-03 
 2.551655e+00 -1.678416e-03 
 2.552053e+00 -5.331586e-04 
 2.552450e+00  6.650798e-04 
 2.552848e+00  1.883258e-03 
 2.553246e+00  3.086599e-03 
 2.553643e+00  4.266955e-03 
 2.554041e+00  5.412237e-03 
 2.554439e+00  6.522413e-03 
 2.554836e+00  7.597968e-03 
 2.555234e+00  8.632315e-03 
 2.555632e+00  9.623421e-03 
 2.556030e+00  1.056810e-02 
 2.556427e+00  1.145526e-02 
 2.556825e+00  1.230179e-02 
 2.557223e+00  1.311774e-02 
 2.557620e+00  1.390817e-02 
 2.558018e+00  1.468503e-02 
 2.558416e+00  1.544004e-02 
 2.558813e+00  1.614552e-02 
 2.559211e+00  1.679491e-02 
 2.559609e+00  1.739623e-02 
 2.560007e+00  1.795963e-02 
 2.560404e+00  1.851430e-02 
 2.560802e+00  1.907735e-02 
 2.561200e+00  1.966056e-02 
 2.561597e+00  2.024691e-02 
 2.561995e+00  2.080257e-02 
 2.562393e+00  2.129484e-02 
 2.562790e+00  2.168253e-02 
 2.563188e+00  2.194600e-02 
 2.563586e+00  2.208433e-02 
 2.563983e+00  2.209934e-02 
 2.564381e+00  2.200863e-02 
 2.564779e+00  2.182508e-02 
 2.565177e+00  2.155708e-02 
 2.565574e+00  2.121095e-02 
 2.565972e+00  2.076983e-02 
 2.566370e+00  2.023711e-02 
 2.566767e+00  1.961922e-02 
 2.567165e+00  1.892769e-02 
 2.567563e+00  1.817089e-02 
 2.567960e+00  1.737321e-02 
 2.568358e+00  1.654691e-02 
 2.568756e+00  1.570306e-02 
 2.569154e+00  1.487125e-02 
 2.569551e+00  1.407862e-02 
 2.569949e+00  1.335771e-02 
 2.570347e+00  1.272413e-02 
 2.570744e+00  1.218328e-02 
 2.571142e+00  1.172628e-02 
 2.571540e+00  1.133866e-02 
 2.571937e+00  1.100080e-02 
 2.572335e+00  1.068748e-02 
 2.572733e+00  1.038149e-02 
 2.573130e+00  1.007121e-02 
 2.573528e+00  9.757335e-03 
 2.573926e+00  9.453998e-03 
 2.574324e+00  9.172349e-03 
 2.574721e+00  8.908123e-03 
 2.575119e+00  8.652056e-03 
 2.575517e+00  8.402833e-03 
 2.575914e+00  8.179837e-03 
 2.576312e+00  7.983701e-03 
 2.576710e+00  7.814915e-03 
 2.577107e+00  7.671570e-03 
 2.577505e+00  7.522182e-03 
 2.577903e+00  7.354851e-03 
 2.578301e+00  7.146915e-03 
 2.578698e+00  6.883901e-03 
 2.579096e+00  6.557851e-03 
 2.579494e+00  6.183424e-03 
 2.579891e+00  5.781214e-03 
 2.580289e+00  5.378156e-03 
 2.580687e+00  4.974625e-03 
 2.581084e+00  4.547430e-03 
 2.581482e+00  4.075123e-03 
 2.581880e+00  3.530411e-03 
 2.582277e+00  2.889069e-03 
 2.582675e+00  2.145761e-03 
 2.583073e+00  1.321394e-03 
 2.583471e+00  4.254938e-04 
 2.583868e+00 -5.255159e-04 
 2.584266e+00 -1.519080e-03 
 2.584664e+00 -2.545961e-03 
 2.585061e+00 -3.608599e-03 
 2.585459e+00 -4.711673e-03 
 2.585857e+00 -5.856793e-03 
 2.586254e+00 -7.051012e-03 
 2.586652e+00 -8.292088e-03 
 2.587050e+00 -9.582628e-03 
 2.587448e+00 -1.092511e-02 
 2.587845e+00 -1.231351e-02 
 2.588243e+00 -1.373950e-02 
 2.588641e+00 -1.518439e-02 
 2.589038e+00 -1.661839e-02 
 2.589436e+00 -1.802902e-02 
 2.589834e+00 -1.941461e-02 
 2.590231e+00 -2.076693e-02 
 2.590629e+00 -2.209249e-02 
 2.591027e+00 -2.340948e-02 
 2.591424e+00 -2.473203e-02 
 2.591822e+00 -2.607422e-02 
 2.592220e+00 -2.743611e-02 
 2.592618e+00 -2.881416e-02 
 2.593015e+00 -3.018593e-02 
 2.593413e+00 -3.153773e-02 
 2.593811e+00 -3.287549e-02 
 2.594208e+00 -3.419767e-02 
 2.594606e+00 -3.552178e-02 
 2.595004e+00 -3.686242e-02 
 2.595401e+00 -3.823247e-02 
 2.595799e+00 -3.962683e-02 
 2.596197e+00 -4.104676e-02 
 2.596595e+00 -4.247315e-02 
 2.596992e+00 -4.389494e-02 
 2.597390e+00 -4.531771e-02 
 2.597788e+00 -4.672400e-02 
 2.598185e+00 -4.809843e-02 
 2.598583e+00 -4.942584e-02 
 2.598981e+00 -5.067534e-02 
 2.599378e+00 -5.181162e-02 
 2.599776e+00 -5.282213e-02 
 2.600174e+00 -5.369974e-02 
 2.600571e+00 -5.445713e-02 
 2.600969e+00 -5.511045e-02 
 2.601367e+00 -5.567208e-02 
 2.601765e+00 -5.615707e-02 
 2.602162e+00 -5.657054e-02 
 2.602560e+00 -5.690797e-02 
 2.602958e+00 -5.716445e-02 
 2.603355e+00 -5.732523e-02 
 2.603753e+00 -5.738958e-02 
 2.604151e+00 -5.735244e-02 
 2.604548e+00 -5.724478e-02 
 2.604946e+00 -5.708619e-02 
 2.605344e+00 -5.688691e-02 
 2.605742e+00 -5.666741e-02 
 2.606139e+00 -5.642832e-02 
 2.606537e+00 -5.617497e-02 
 2.606935e+00 -5.590778e-02 
 2.607332e+00 -5.563310e-02 
 2.607730e+00 -5.534761e-02 
 2.608128e+00 -5.505172e-02 
 2.608525e+00 -5.472795e-02 
 2.608923e+00 -5.436584e-02 
 2.609321e+00 -5.393907e-02 
 2.609718e+00 -5.344306e-02 
 2.610116e+00 -5.288760e-02 
 2.610514e+00 -5.230040e-02 
 2.610912e+00 -5.172229e-02 
 2.611309e+00 -5.118487e-02 
 2.611707e+00 -5.070497e-02 
 2.612105e+00 -5.027513e-02 
 2.612502e+00 -4.986912e-02 
 2.612900e+00 -4.947532e-02 
 2.613298e+00 -4.909320e-02 
 2.613695e+00 -4.873908e-02 
 2.614093e+00 -4.844449e-02 
 2.614491e+00 -4.823811e-02 
 2.614889e+00 -4.812831e-02 
 2.615286e+00 -4.810994e-02 
 2.615684e+00 -4.815075e-02 
 2.616082e+00 -4.821167e-02 
 2.616479e+00 -4.825931e-02 
 2.616877e+00 -4.826332e-02 
 2.617275e+00 -4.822545e-02 
 2.617672e+00 -4.814514e-02 
 2.618070e+00 -4.801140e-02 
 2.618468e+00 -4.782039e-02 
 2.618865e+00 -4.756989e-02 
 2.619263e+00 -4.723560e-02 
 2.619661e+00 -4.680734e-02 
 2.620059e+00 -4.629452e-02 
 2.620456e+00 -4.571744e-02 
 2.620854e+00 -4.511136e-02 
 2.621252e+00 -4.449561e-02 
 2.621649e+00 -4.388132e-02 
 2.622047e+00 -4.326484e-02 
 2.622445e+00 -4.264170e-02 
 2.622842e+00 -4.202271e-02 
 2.623240e+00 -4.143100e-02 
 2.623638e+00 -4.089162e-02 
 2.624036e+00 -4.042927e-02 
 2.624433e+00 -4.005150e-02 
 2.624831e+00 -3.975602e-02 
 2.625229e+00 -3.951703e-02 
 2.625626e+00 -3.929630e-02 
 2.626024e+00 -3.906615e-02 
 2.626422e+00 -3.881088e-02 
 2.626819e+00 -3.853140e-02 
 2.627217e+00 -3.822350e-02 
 2.627615e+00 -3.788822e-02 
 2.628012e+00 -3.750920e-02 
 2.628410e+00 -3.706155e-02 
 2.628808e+00 -3.654161e-02 
 2.629206e+00 -3.594800e-02 
 2.629603e+00 -3.530232e-02 
 2.630001e+00 -3.463574e-02 
 2.630399e+00 -3.396860e-02 
 2.630796e+00 -3.331338e-02 
 2.631194e+00 -3.266473e-02 
 2.631592e+00 -3.201779e-02 
 2.631989e+00 -3.136589e-02 
 2.632387e+00 -3.071381e-02 
 2.632785e+00 -3.007844e-02 
 2.633183e+00 -2.948143e-02 
 2.633580e+00 -2.893389e-02 
 2.633978e+00 -2.843421e-02 
 2.634376e+00 -2.795538e-02 
 2.634773e+00 -2.746097e-02 
 2.635171e+00 -2.692205e-02 
 2.635569e+00 -2.631383e-02 
 2.635966e+00 -2.563000e-02 
 2.636364e+00 -2.488355e-02 
 2.636762e+00 -2.408273e-02 
 2.637159e+00 -2.322909e-02 
 2.637557e+00 -2.231723e-02 
 2.637955e+00 -2.133898e-02 
 2.638353e+00 -2.029208e-02 
 2.638750e+00 -1.918982e-02 
 2.639148e+00 -1.806241e-02 
 2.639546e+00 -1.694524e-02 
 2.639943e+00 -1.587167e-02 
 2.640341e+00 -1.485497e-02 
 2.640739e+00 -1.390853e-02 
 2.641136e+00 -1.304141e-02 
 2.641534e+00 -1.224673e-02 
 2.641932e+00 -1.152341e-02 
 2.642330e+00 -1.087432e-02 
 2.642727e+00 -1.031538e-02 
 2.643125e+00 -9.866509e-03 
 2.643523e+00 -9.514979e-03 
 2.643920e+00 -9.244321e-03 
 2.644318e+00 -9.026484e-03 
 2.644716e+00 -8.809333e-03 
 2.645113e+00 -8.572743e-03 
 2.645511e+00 -8.304803e-03 
 2.645909e+00 -7.997618e-03 
 2.646306e+00 -7.659344e-03 
 2.646704e+00 -7.300071e-03 
 2.647102e+00 -6.918574e-03 
 2.647500e+00 -6.507351e-03 
 2.647897e+00 -6.057302e-03 
 2.648295e+00 -5.565048e-03 
 2.648693e+00 -5.049507e-03 
 2.649090e+00 -4.511815e-03 
 2.649488e+00 -3.965887e-03 
 2.649886e+00 -3.433291e-03 
 2.650283e+00 -2.916017e-03 
 2.650681e+00 -2.409418e-03 
 2.651079e+00 -1.915230e-03 
 2.651477e+00 -1.446032e-03 
 2.651874e+00 -1.007405e-03 
 2.652272e+00 -6.082989e-04 
 2.652670e+00 -2.583593e-04 
 2.653067e+00  5.543966e-05 
 2.653465e+00  3.601857e-04 
 2.653863e+00  6.880177e-04 
 2.654260e+00  1.068076e-03 
 2.654658e+00  1.522201e-03 
 2.655056e+00  2.051854e-03 
 2.655453e+00  2.641250e-03 
 2.655851e+00  3.270171e-03 
 2.656249e+00  3.912226e-03 
 2.656647e+00  4.560642e-03 
 2.657044e+00  5.203496e-03 
 2.657442e+00  5.834570e-03 
 2.657840e+00  6.458218e-03 
 2.658237e+00  7.078011e-03 
 2.658635e+00  7.686124e-03 
 2.659033e+00  8.265227e-03 
 2.659430e+00  8.809850e-03 
 2.659828e+00  9.317528e-03 
 2.660226e+00  9.798893e-03 
 2.660624e+00  1.026502e-02 
 2.661021e+00  1.071739e-02 
 2.661419e+00  1.114793e-02 
 2.661817e+00  1.154172e-02 
 2.662214e+00  1.190060e-02 
 2.662612e+00  1.223875e-02 
 2.663010e+00  1.256924e-02 
 2.663407e+00  1.291965e-02 
 2.663805e+00  1.331401e-02 
 2.664203e+00  1.377375e-02 
 2.664600e+00  1.430902e-02 
 2.664998e+00  1.491287e-02 
 2.665396e+00  1.556787e-02 
 2.665794e+00  1.626468e-02 
 2.666191e+00  1.698951e-02 
 2.666589e+00  1.773327e-02 
 2.666987e+00  1.849863e-02 
 2.667384e+00  1.927948e-02 
 2.667782e+00  2.006663e-02 
 2.668180e+00  2.084755e-02 
 2.668577e+00  2.160908e-02 
 2.668975e+00  2.233218e-02 
 2.669373e+00  2.300125e-02 
 2.669771e+00  2.360222e-02 
 2.670168e+00  2.411809e-02 
 2.670566e+00  2.454184e-02 
 2.670964e+00  2.485889e-02 
 2.671361e+00  2.506560e-02 
 2.671759e+00  2.516831e-02 
 2.672157e+00  2.516887e-02 
 2.672554e+00  2.508226e-02 
 2.672952e+00  2.492964e-02 
 2.673350e+00  2.473153e-02 
 2.673747e+00  2.450351e-02 
 2.674145e+00  2.425339e-02 
 2.674543e+00  2.396419e-02 
 2.674941e+00  2.361485e-02 
 2.675338e+00  2.318521e-02 
 2.675736e+00  2.265220e-02 
 2.676134e+00  2.201501e-02 
 2.676531e+00  2.128794e-02 
 2.676929e+00  2.049032e-02 
 2.677327e+00  1.963850e-02 
 2.677724e+00  1.873763e-02 
 2.678122e+00  1.779045e-02 
 2.678520e+00  1.680216e-02 
 2.678918e+00  1.577828e-02 
 2.679315e+00  1.472013e-02 
 2.679713e+00  1.362546e-02 
 2.680111e+00  1.249723e-02 
 2.680508e+00  1.134192e-02 
 2.680906e+00  1.015753e-02 
 2.681304e+00  8.937315e-03 
 2.681701e+00  7.677011e-03 
 2.682099e+00  6.390166e-03 
 2.682497e+00  5.094705e-03 
 2.682894e+00  3.819735e-03 
 2.683292e+00  2.577614e-03 
 2.683690e+00  1.362903e-03 
 2.684088e+00  1.471619e-04 
 2.684485e+00 -1.092897e-03 
 2.684883e+00 -2.372293e-03 
 2.685281e+00 -3.704024e-03 
 2.685678e+00 -5.066828e-03 
 2.686076e+00 -6.430701e-03 
 2.686474e+00 -7.776000e-03 
 2.686871e+00 -9.084055e-03 
 2.687269e+00 -1.036471e-02 
 2.687667e+00 -1.163559e-02 
 2.688065e+00 -1.291917e-02 
 2.688462e+00 -1.422702e-02 
 2.688860e+00 -1.556244e-02 
 2.689258e+00 -1.691855e-02 
 2.689655e+00 -1.828270e-02 
 2.690053e+00 -1.965155e-02 
 2.690451e+00 -2.103563e-02 
 2.690848e+00 -2.244873e-02 
 2.691246e+00 -2.391032e-02 
 2.691644e+00 -2.540576e-02 
 2.692041e+00 -2.691191e-02 
 2.692439e+00 -2.840107e-02 
 2.692837e+00 -2.982517e-02 
 2.693235e+00 -3.116485e-02 
 2.693632e+00 -3.240849e-02 
 2.694030e+00 -3.356713e-02 
 2.694428e+00 -3.465809e-02 
 2.694825e+00 -3.568350e-02 
 2.695223e+00 -3.664080e-02 
 2.695621e+00 -3.751849e-02 
 2.696018e+00 -3.829957e-02 
 2.696416e+00 -3.896985e-02 
 2.696814e+00 -3.952642e-02 
 2.697212e+00 -3.998524e-02 
 2.697609e+00 -4.036163e-02 
 2.698007e+00 -4.067092e-02 
 2.698405e+00 -4.091914e-02 
 2.698802e+00 -4.111119e-02 
 2.699200e+00 -4.125647e-02 
 2.699598e+00 -4.136319e-02 
 2.699995e+00 -4.146689e-02 
 2.700393e+00 -4.158995e-02 
 2.700791e+00 -4.174599e-02 
 2.701188e+00 -4.193211e-02 
 2.701586e+00 -4.214101e-02 
 2.701984e+00 -4.235361e-02 
 2.702382e+00 -4.254298e-02 
 2.702779e+00 -4.271429e-02 
 2.703177e+00 -4.287380e-02 
 2.703575e+00 -4.303568e-02 
 2.703972e+00 -4.320481e-02 
 2.704370e+00 -4.337524e-02 
 2.704768e+00 -4.353408e-02 
 2.705165e+00 -4.365965e-02 
 2.705563e+00 -4.373816e-02 
 2.705961e+00 -4.376698e-02 
 2.706359e+00 -4.374962e-02 
 2.706756e+00 -4.370435e-02 
 2.707154e+00 -4.364635e-02 
 2.707552e+00 -4.359332e-02 
 2.707949e+00 -4.354823e-02 
 2.708347e+00 -4.350931e-02 
 2.708745e+00 -4.349757e-02 
 2.709142e+00 -4.353767e-02 
 2.709540e+00 -4.365156e-02 
 2.709938e+00 -4.384876e-02 
 2.710335e+00 -4.411719e-02 
 2.710733e+00 -4.441873e-02 
 2.711131e+00 -4.471353e-02 
 2.711529e+00 -4.496172e-02 
 2.711926e+00 -4.514345e-02 
 2.712324e+00 -4.525420e-02 
 2.712722e+00 -4.530337e-02 
 2.713119e+00 -4.530879e-02 
 2.713517e+00 -4.527912e-02 
 2.713915e+00 -4.520544e-02 
 2.714312e+00 -4.507473e-02 
 2.714710e+00 -4.487281e-02 
 2.715108e+00 -4.459517e-02 
 2.715506e+00 -4.424883e-02 
 2.715903e+00 -4.385474e-02 
 2.716301e+00 -4.344007e-02 
 2.716699e+00 -4.302357e-02 
 2.717096e+00 -4.261842e-02 
 2.717494e+00 -4.224516e-02 
 2.717892e+00 -4.192828e-02 
 2.718289e+00 -4.168059e-02 
 2.718687e+00 -4.151694e-02 
 2.719085e+00 -4.144653e-02 
 2.719482e+00 -4.147113e-02 
 2.719880e+00 -4.158680e-02 
 2.720278e+00 -4.176839e-02 
 2.720676e+00 -4.198725e-02 
 2.721073e+00 -4.221153e-02 
 2.721471e+00 -4.242121e-02 
 2.721869e+00 -4.260095e-02 
 2.722266e+00 -4.274216e-02 
 2.722664e+00 -4.284392e-02 
 2.723062e+00 -4.287878e-02 
 2.723459e+00 -4.284108e-02 
 2.723857e+00 -4.272187e-02 
 2.724255e+00 -4.250218e-02 
 2.724653e+00 -4.217492e-02 
 2.725050e+00 -4.175021e-02 
 2.725448e+00 -4.125398e-02 
 2.725846e+00 -4.070138e-02 
 2.726243e+00 -4.012738e-02 
 2.726641e+00 -3.954630e-02 
 2.727039e+00 -3.895800e-02 
 2.727436e+00 -3.837250e-02 
 2.727834e+00 -3.779795e-02 
 2.728232e+00 -3.724913e-02 
 2.728629e+00 -3.672885e-02 
 2.729027e+00 -3.625775e-02 
 2.729425e+00 -3.583587e-02 
 2.729823e+00 -3.545066e-02 
 2.730220e+00 -3.507404e-02 
 2.730618e+00 -3.467523e-02 
 2.731016e+00 -3.423037e-02 
 2.731413e+00 -3.372781e-02 
 2.731811e+00 -3.317072e-02 
 2.732209e+00 -3.256360e-02 
 2.732606e+00 -3.191550e-02 
 2.733004e+00 -3.123328e-02 
 2.733402e+00 -3.051489e-02 
 2.733800e+00 -2.977251e-02 
 2.734197e+00 -2.901647e-02 
 2.734595e+00 -2.826120e-02 
 2.734993e+00 -2.753121e-02 
 2.735390e+00 -2.685294e-02 
 2.735788e+00 -2.624346e-02 
 2.736186e+00 -2.571709e-02 
 2.736583e+00 -2.528631e-02 
 2.736981e+00 -2.496011e-02 
 2.737379e+00 -2.473295e-02 
 2.737776e+00 -2.461424e-02 
 2.738174e+00 -2.459866e-02 
 2.738572e+00 -2.467683e-02 
 2.738970e+00 -2.482875e-02 
 2.739367e+00 -2.501589e-02 
 2.739765e+00 -2.521133e-02 
 2.740163e+00 -2.538752e-02 
 2.740560e+00 -2.552075e-02 
 2.740958e+00 -2.558974e-02 
 2.741356e+00 -2.559371e-02 
 2.741753e+00 -2.552447e-02 
 2.742151e+00 -2.537370e-02 
 2.742549e+00 -2.514045e-02 
 2.742947e+00 -2.481328e-02 
 2.743344e+00 -2.439070e-02 
 2.743742e+00 -2.388118e-02 
 2.744140e+00 -2.330217e-02 
 2.744537e+00 -2.267030e-02 
 2.744935e+00 -2.200586e-02 
 2.745333e+00 -2.133287e-02 
 2.745730e+00 -2.066479e-02 
 2.746128e+00 -2.003218e-02 
 2.746526e+00 -1.944838e-02 
 2.746923e+00 -1.892678e-02 
 2.747321e+00 -1.847139e-02 
 2.747719e+00 -1.807565e-02 
 2.748117e+00 -1.770385e-02 
 2.748514e+00 -1.733635e-02 
 2.748912e+00 -1.695307e-02 
 2.749310e+00 -1.652896e-02 
 2.749707e+00 -1.605578e-02 
 2.750105e+00 -1.552674e-02 
 2.750503e+00 -1.492589e-02 
 2.750900e+00 -1.424467e-02 
 2.751298e+00 -1.347769e-02 
 2.751696e+00 -1.261991e-02 
 2.752094e+00 -1.166934e-02 
 2.752491e+00 -1.064171e-02 
 2.752889e+00 -9.553814e-03 
 2.753287e+00 -8.422332e-03 
 2.753684e+00 -7.255142e-03 
 2.754082e+00 -6.050404e-03 
 2.754480e+00 -4.819105e-03 
 2.754877e+00 -3.574574e-03 
 2.755275e+00 -2.335216e-03 
 2.755673e+00 -1.106027e-03 
 2.756070e+00  1.064334e-04 
 2.756468e+00  1.315791e-03 
 2.756866e+00  2.529937e-03 
 2.757264e+00  3.751893e-03 
 2.757661e+00  4.970481e-03 
 2.758059e+00  6.175119e-03 
 2.758457e+00  7.365127e-03 
 2.758854e+00  8.527799e-03 
 2.759252e+00  9.676604e-03 
 2.759650e+00  1.083372e-02 
 2.760047e+00  1.200742e-02 
 2.760445e+00  1.320706e-02 
 2.760843e+00  1.442132e-02 
 2.761241e+00  1.561990e-02 
 2.761638e+00  1.678289e-02 
 2.762036e+00  1.789361e-02 
 2.762434e+00  1.895729e-02 
 2.762831e+00  1.998515e-02 
 2.763229e+00  2.098458e-02 
 2.763627e+00  2.193954e-02 
 2.764024e+00  2.282394e-02 
 2.764422e+00  2.360496e-02 
 2.764820e+00  2.423797e-02 
 2.765217e+00  2.469435e-02 
 2.765615e+00  2.496036e-02 
 2.766013e+00  2.503096e-02 
 2.766411e+00  2.493621e-02 
 2.766808e+00  2.470003e-02 
 2.767206e+00  2.434264e-02 
 2.767604e+00  2.387424e-02 
 2.768001e+00  2.331273e-02 
 2.768399e+00  2.266818e-02 
 2.768797e+00  2.194682e-02 
 2.769194e+00  2.115185e-02 
 2.769592e+00  2.028682e-02 
 2.769990e+00  1.935811e-02 
 2.770388e+00  1.838402e-02 
 2.770785e+00  1.737872e-02 
 2.771183e+00  1.635040e-02 
 2.771581e+00  1.531797e-02 
 2.771978e+00  1.428825e-02 
 2.772376e+00  1.327255e-02 
 2.772774e+00  1.227299e-02 
 2.773171e+00  1.127618e-02 
 2.773569e+00  1.027380e-02 
 2.773967e+00  9.262325e-03 
 2.774364e+00  8.249694e-03 
 2.774762e+00  7.243181e-03 
 2.775160e+00  6.256977e-03 
 2.775558e+00  5.293272e-03 
 2.775955e+00  4.370550e-03 
 2.776353e+00  3.506949e-03 
 2.776751e+00  2.703482e-03 
 2.777148e+00  1.958466e-03 
 2.777546e+00  1.253973e-03 
 2.777944e+00  5.717026e-04 
 2.778341e+00 -1.072948e-04 
 2.778739e+00 -7.921372e-04 
 2.779137e+00 -1.477720e-03 
 2.779535e+00 -2.155760e-03 
 2.779932e+00 -2.822015e-03 
 2.780330e+00 -3.466603e-03 
 2.780728e+00 -4.084957e-03 
 2.781125e+00 -4.668100e-03 
 2.781523e+00 -5.220352e-03 
 2.781921e+00 -5.733537e-03 
 2.782318e+00 -6.211062e-03 
 2.782716e+00 -6.640243e-03 
 2.783114e+00 -7.015196e-03 
 2.783511e+00 -7.345137e-03 
 2.783909e+00 -7.647811e-03 
 2.784307e+00 -7.946527e-03 
 2.784705e+00 -8.263708e-03 
 2.785102e+00 -8.610272e-03 
 2.785500e+00 -8.987783e-03 
 2.785898e+00 -9.395604e-03 
 2.786295e+00 -9.821651e-03 
 2.786693e+00 -1.025555e-02 
 2.787091e+00 -1.069007e-02 
 2.787488e+00 -1.112935e-02 
 2.787886e+00 -1.158438e-02 
 2.788284e+00 -1.205960e-02 
 2.788682e+00 -1.255553e-02 
 2.789079e+00 -1.306943e-02 
 2.789477e+00 -1.360047e-02 
 2.789875e+00 -1.415269e-02 
 2.790272e+00 -1.472654e-02 
 2.790670e+00 -1.530519e-02 
 2.791068e+00 -1.588400e-02 
 2.791465e+00 -1.646097e-02 
 2.791863e+00 -1.703386e-02 
 2.792261e+00 -1.762560e-02 
 2.792658e+00 -1.825704e-02 
 2.793056e+00 -1.895011e-02 
 2.793454e+00 -1.972237e-02 
 2.793852e+00 -2.057386e-02 
 2.794249e+00 -2.149440e-02 
 2.794647e+00 -2.247169e-02 
 2.795045e+00 -2.348917e-02 
 2.795442e+00 -2.454570e-02 
 2.795840e+00 -2.564138e-02 
 2.796238e+00 -2.678577e-02 
 2.796635e+00 -2.799131e-02 
 2.797033e+00 -2.926096e-02 
 2.797431e+00 -3.060657e-02 
 2.797829e+00 -3.202496e-02 
 2.798226e+00 -3.351512e-02 
 2.798624e+00 -3.506824e-02 
 2.799022e+00 -3.665673e-02 
 2.799419e+00 -3.823959e-02 
 2.799817e+00 -3.977602e-02 
 2.800215e+00 -4.121434e-02 
 2.800612e+00 -4.253189e-02 
 2.801010e+00 -4.373099e-02 
 2.801408e+00 -4.481242e-02 
 2.801805e+00 -4.579206e-02 
 2.802203e+00 -4.668037e-02 
 2.802601e+00 -4.748324e-02 
 2.802999e+00 -4.819555e-02 
 2.803396e+00 -4.881052e-02 
 2.803794e+00 -4.932948e-02 
 2.804192e+00 -4.975438e-02 
 2.804589e+00 -5.009959e-02 
 2.804987e+00 -5.037981e-02 
 2.805385e+00 -5.060488e-02 
 2.805782e+00 -5.076569e-02 
 2.806180e+00 -5.085625e-02 
 2.806578e+00 -5.086947e-02 
 2.806976e+00 -5.079908e-02 
 2.807373e+00 -5.064135e-02 
 2.807771e+00 -5.038789e-02 
 2.808169e+00 -5.002702e-02 
 2.808566e+00 -4.955060e-02 
 2.808964e+00 -4.895746e-02 
 2.809362e+00 -4.824484e-02 
 2.809759e+00 -4.742978e-02 
 2.810157e+00 -4.652416e-02 
 2.810555e+00 -4.554495e-02 
 2.810952e+00 -4.451002e-02 
 2.811350e+00 -4.343914e-02 
 2.811748e+00 -4.235687e-02 
 2.812146e+00 -4.127467e-02 
 2.812543e+00 -4.022536e-02 
 2.812941e+00 -3.924009e-02 
 2.813339e+00 -3.835221e-02 
 2.813736e+00 -3.759436e-02 
 2.814134e+00 -3.696488e-02 
 2.814532e+00 -3.645417e-02 
 2.814929e+00 -3.604672e-02 
 2.815327e+00 -3.572130e-02 
 2.815725e+00 -3.546046e-02 
 2.816123e+00 -3.527513e-02 
 2.816520e+00 -3.516983e-02 
 2.816918e+00 -3.516851e-02 
 2.817316e+00 -3.527802e-02 
 2.817713e+00 -3.547890e-02 
 2.818111e+00 -3.574184e-02 
 2.818509e+00 -3.602448e-02 
 2.818906e+00 -3.630007e-02 
 2.819304e+00 -3.655889e-02 
 2.819702e+00 -3.679131e-02 
 2.820099e+00 -3.700881e-02 
 2.820497e+00 -3.723005e-02 
 2.820895e+00 -3.748207e-02 
 2.821293e+00 -3.778392e-02 
 2.821690e+00 -3.815383e-02 
 2.822088e+00 -3.859930e-02 
 2.822486e+00 -3.911168e-02 
 2.822883e+00 -3.970191e-02 
 2.823281e+00 -4.037181e-02 
 2.823679e+00 -4.111312e-02 
 2.824076e+00 -4.192104e-02 
 2.824474e+00 -4.278366e-02 
 2.824872e+00 -4.369676e-02 
 2.825270e+00 -4.466133e-02 
 2.825667e+00 -4.566866e-02 
 2.826065e+00 -4.671368e-02 
 2.826463e+00 -4.776809e-02 
 2.826860e+00 -4.880808e-02 
 2.827258e+00 -4.980743e-02 
 2.827656e+00 -5.074542e-02 
 2.828053e+00 -5.160330e-02 
 2.828451e+00 -5.235435e-02 
 2.828849e+00 -5.298999e-02 
 2.829246e+00 -5.350501e-02 
 2.829644e+00 -5.391772e-02 
 2.830042e+00 -5.425282e-02 
 2.830440e+00 -5.452212e-02 
 2.830837e+00 -5.473948e-02 
 2.831235e+00 -5.491310e-02 
 2.831633e+00 -5.504958e-02 
 2.832030e+00 -5.514557e-02 
 2.832428e+00 -5.519131e-02 
 2.832826e+00 -5.516953e-02 
 2.833223e+00 -5.508015e-02 
 2.833621e+00 -5.493273e-02 
 2.834019e+00 -5.471261e-02 
 2.834417e+00 -5.441184e-02 
 2.834814e+00 -5.401516e-02 
 2.835212e+00 -5.350792e-02 
 2.835610e+00 -5.288980e-02 
 2.836007e+00 -5.215615e-02 
 2.836405e+00 -5.129680e-02 
 2.836803e+00 -5.029700e-02 
 2.837200e+00 -4.914908e-02 
 2.837598e+00 -4.785495e-02 
 2.837996e+00 -4.642905e-02 
 2.838393e+00 -4.487804e-02 
 2.838791e+00 -4.321598e-02 
 2.839189e+00 -4.146382e-02 
 2.839587e+00 -3.965624e-02 
 2.839984e+00 -3.780314e-02 
 2.840382e+00 -3.594682e-02 
 2.840780e+00 -3.411539e-02 
 2.841177e+00 -3.234802e-02 
 2.841575e+00 -3.068740e-02 
 2.841973e+00 -2.914766e-02 
 2.842370e+00 -2.774434e-02 
 2.842768e+00 -2.646096e-02 
 2.843166e+00 -2.527849e-02 
 2.843564e+00 -2.417784e-02 
 2.843961e+00 -2.314965e-02 
 2.844359e+00 -2.219709e-02 
 2.844757e+00 -2.131449e-02 
 2.845154e+00 -2.049876e-02 
 2.845552e+00 -1.973461e-02 
 2.845950e+00 -1.900533e-02 
 2.846347e+00 -1.829657e-02 
 2.846745e+00 -1.759834e-02 
 2.847143e+00 -1.689167e-02 
 2.847540e+00 -1.616593e-02 
 2.847938e+00 -1.542957e-02 
 2.848336e+00 -1.469379e-02 
 2.848734e+00 -1.397649e-02 
 2.849131e+00 -1.328792e-02 
 2.849529e+00 -1.263688e-02 
 2.849927e+00 -1.202942e-02 
 2.850324e+00 -1.146548e-02 
 2.850722e+00 -1.094619e-02 
 2.851120e+00 -1.047294e-02 
 2.851517e+00 -1.002118e-02 
 2.851915e+00 -9.572703e-03 
 2.852313e+00 -9.119858e-03 
 2.852711e+00 -8.663650e-03 
 2.853108e+00 -8.212974e-03 
 2.853506e+00 -7.772784e-03 
 2.853904e+00 -7.353448e-03 
 2.854301e+00 -6.943676e-03 
 2.854699e+00 -6.529707e-03 
 2.855097e+00 -6.077204e-03 
 2.855494e+00 -5.561892e-03 
 2.855892e+00 -4.969015e-03 
 2.856290e+00 -4.283246e-03 
 2.856687e+00 -3.521336e-03 
 2.857085e+00 -2.695389e-03 
 2.857483e+00 -1.815532e-03 
 2.857881e+00 -9.019516e-04 
 2.858278e+00  4.102946e-05 
 2.858676e+00  1.004279e-03 
 2.859074e+00  1.969766e-03 
 2.859471e+00  2.928667e-03 
 2.859869e+00  3.868727e-03 
 2.860267e+00  4.792343e-03 
 2.860664e+00  5.696650e-03 
 2.861062e+00  6.580841e-03 
 2.861460e+00  7.439295e-03 
 2.861858e+00  8.262555e-03 
 2.862255e+00  9.043137e-03 
 2.862653e+00  9.769027e-03 
 2.863051e+00  1.044113e-02 
 2.863448e+00  1.107857e-02 
 2.863846e+00  1.170126e-02 
 2.864244e+00  1.233397e-02 
 2.864641e+00  1.298912e-02 
 2.865039e+00  1.365288e-02 
 2.865437e+00  1.430493e-02 
 2.865834e+00  1.493584e-02 
 2.866232e+00  1.553375e-02 
 2.866630e+00  1.610745e-02 
 2.867028e+00  1.666699e-02 
 2.867425e+00  1.721638e-02 
 2.867823e+00  1.775279e-02 
 2.868221e+00  1.827131e-02 
 2.868618e+00  1.874504e-02 
 2.869016e+00  1.915539e-02 
 2.869414e+00  1.949161e-02 
 2.869811e+00  1.975177e-02 
 2.870209e+00  1.994700e-02 
 2.870607e+00  2.008946e-02 
 2.871005e+00  2.017176e-02 
 2.871402e+00  2.016630e-02 
 2.871800e+00  2.004964e-02 
 2.872198e+00  1.980420e-02 
 2.872595e+00  1.941651e-02 
 2.872993e+00  1.888999e-02 
 2.873391e+00  1.821960e-02 
 2.873788e+00  1.741806e-02 
 2.874186e+00  1.648868e-02 
 2.874584e+00  1.544769e-02 
 2.874981e+00  1.428830e-02 
 2.875379e+00  1.301093e-02 
 2.875777e+00  1.161978e-02 
 2.876175e+00  1.014201e-02 
 2.876572e+00  8.611974e-03 
 2.876970e+00  7.056792e-03 
 2.877368e+00  5.482647e-03 
 2.877765e+00  3.895647e-03 
 2.878163e+00  2.297719e-03 
 2.878561e+00  7.116696e-04 
 2.878958e+00 -8.559550e-04 
 2.879356e+00 -2.398412e-03 
 2.879754e+00 -3.890789e-03 
 2.880152e+00 -5.325044e-03 
 2.880549e+00 -6.694856e-03 
 2.880947e+00 -8.007063e-03 
 2.881345e+00 -9.286825e-03 
 2.881742e+00 -1.055628e-02 
 2.882140e+00 -1.181507e-02 
 2.882538e+00 -1.305764e-02 
 2.882935e+00 -1.426349e-02 
 2.883333e+00 -1.540622e-02 
 2.883731e+00 -1.647021e-02 
 2.884128e+00 -1.743215e-02 
 2.884526e+00 -1.828587e-02 
 2.884924e+00 -1.903003e-02 
 2.885322e+00 -1.967693e-02 
 2.885719e+00 -2.024091e-02 
 2.886117e+00 -2.073196e-02 
 2.886515e+00 -2.115744e-02 
 2.886912e+00 -2.151948e-02 
 2.887310e+00 -2.181778e-02 
 2.887708e+00 -2.205731e-02 
 2.888105e+00 -2.223414e-02 
 2.888503e+00 -2.234483e-02 
 2.888901e+00 -2.239419e-02 
 2.889299e+00 -2.237600e-02 
 2.889696e+00 -2.230533e-02 
 2.890094e+00 -2.220547e-02 
 2.890492e+00 -2.211013e-02 
 2.890889e+00 -2.203621e-02 
 2.891287e+00 -2.199606e-02 
 2.891685e+00 -2.199987e-02 
 2.892082e+00 -2.204843e-02 
 2.892480e+00 -2.214126e-02 
 2.892878e+00 -2.226893e-02 
 2.893275e+00 -2.241742e-02 
 2.893673e+00 -2.259248e-02 
 2.894071e+00 -2.280526e-02 
 2.894469e+00 -2.304609e-02 
 2.894866e+00 -2.330392e-02 
 2.895264e+00 -2.354445e-02 
 2.895662e+00 -2.373887e-02 
 2.896059e+00 -2.386817e-02 
 2.896457e+00 -2.393668e-02 
 2.896855e+00 -2.395641e-02 
 2.897252e+00 -2.393991e-02 
 2.897650e+00 -2.389640e-02 
 2.898048e+00 -2.382883e-02 
 2.898446e+00 -2.374543e-02 
 2.898843e+00 -2.363299e-02 
 2.899241e+00 -2.349924e-02 
 2.899639e+00 -2.334937e-02 
 2.900036e+00 -2.321787e-02 
 2.900434e+00 -2.314257e-02 
 2.900832e+00 -2.314757e-02 
 2.901229e+00 -2.325352e-02 
 2.901627e+00 -2.347147e-02 
 2.902025e+00 -2.378573e-02 
 2.902422e+00 -2.419819e-02 
 2.902820e+00 -2.469407e-02 
 2.903218e+00 -2.524523e-02 
 2.903616e+00 -2.584004e-02 
 2.904013e+00 -2.645741e-02 
 2.904411e+00 -2.708668e-02 
 2.904809e+00 -2.772156e-02 
 2.905206e+00 -2.836929e-02 
 2.905604e+00 -2.903198e-02 
 2.906002e+00 -2.971294e-02 
 2.906399e+00 -3.041834e-02 
 2.906797e+00 -3.114068e-02 
 2.907195e+00 -3.187807e-02 
 2.907593e+00 -3.261669e-02 
 2.907990e+00 -3.334807e-02 
 2.908388e+00 -3.407859e-02 
 2.908786e+00 -3.482717e-02 
 2.909183e+00 -3.560677e-02 
 2.909581e+00 -3.642163e-02 
 2.909979e+00 -3.728089e-02 
 2.910376e+00 -3.818497e-02 
 2.910774e+00 -3.913624e-02 
 2.911172e+00 -4.012409e-02 
 2.911569e+00 -4.111907e-02 
 2.911967e+00 -4.208492e-02 
 2.912365e+00 -4.299796e-02 
 2.912763e+00 -4.383755e-02 
 2.913160e+00 -4.459676e-02 
 2.913558e+00 -4.526526e-02 
 2.913956e+00 -4.585016e-02 
 2.914353e+00 -4.635584e-02 
 2.914751e+00 -4.679255e-02 
 2.915149e+00 -4.717096e-02 
 2.915546e+00 -4.749324e-02 
 2.915944e+00 -4.774018e-02 
 2.916342e+00 -4.791446e-02 
 2.916740e+00 -4.803824e-02 
 2.917137e+00 -4.813135e-02 
 2.917535e+00 -4.821692e-02 
 2.917933e+00 -4.831306e-02 
 2.918330e+00 -4.843324e-02 
 2.918728e+00 -4.859725e-02 
 2.919126e+00 -4.882836e-02 
 2.919523e+00 -4.913467e-02 
 2.919921e+00 -4.951166e-02 
 2.920319e+00 -4.994807e-02 
 2.920716e+00 -5.043210e-02 
 2.921114e+00 -5.096360e-02 
 2.921512e+00 -5.153856e-02 
 2.921910e+00 -5.213628e-02 
 2.922307e+00 -5.272512e-02 
 2.922705e+00 -5.328582e-02 
 2.923103e+00 -5.379315e-02 
 2.923500e+00 -5.424341e-02 
 2.923898e+00 -5.462326e-02 
 2.924296e+00 -5.490713e-02 
 2.924693e+00 -5.510032e-02 
 2.925091e+00 -5.522770e-02 
 2.925489e+00 -5.531564e-02 
 2.925887e+00 -5.538116e-02 
 2.926284e+00 -5.544385e-02 
 2.926682e+00 -5.551499e-02 
 2.927080e+00 -5.559420e-02 
 2.927477e+00 -5.568812e-02 
 2.927875e+00 -5.579063e-02 
 2.928273e+00 -5.590357e-02 
 2.928670e+00 -5.602021e-02 
 2.929068e+00 -5.613892e-02 
 2.929466e+00 -5.627161e-02 
 2.929863e+00 -5.640821e-02 
 2.930261e+00 -5.654420e-02 
 2.930659e+00 -5.666919e-02 
 2.931057e+00 -5.676119e-02 
 2.931454e+00 -5.680257e-02 
 2.931852e+00 -5.677698e-02 
 2.932250e+00 -5.666168e-02 
 2.932647e+00 -5.644092e-02 
 2.933045e+00 -5.611383e-02 
 2.933443e+00 -5.569460e-02 
 2.933840e+00 -5.519650e-02 
 2.934238e+00 -5.464357e-02 
 2.934636e+00 -5.405574e-02 
 2.935034e+00 -5.344452e-02 
 2.935431e+00 -5.282473e-02 
 2.935829e+00 -5.219848e-02 
 2.936227e+00 -5.157285e-02 
 2.936624e+00 -5.095867e-02 
 2.937022e+00 -5.035168e-02 
 2.937420e+00 -4.976668e-02 
 2.937817e+00 -4.921738e-02 
 2.938215e+00 -4.870132e-02 
 2.938613e+00 -4.821442e-02 
 2.939010e+00 -4.774888e-02 
 2.939408e+00 -4.728550e-02 
 2.939806e+00 -4.681121e-02 
 2.940204e+00 -4.630433e-02 
 2.940601e+00 -4.574792e-02 
 2.940999e+00 -4.512179e-02 
 2.941397e+00 -4.440986e-02 
 2.941794e+00 -4.361406e-02 
 2.942192e+00 -4.273763e-02 
 2.942590e+00 -4.178171e-02 
 2.942987e+00 -4.073992e-02 
 2.943385e+00 -3.960802e-02 
 2.943783e+00 -3.837647e-02 
 2.944181e+00 -3.704239e-02 
 2.944578e+00 -3.560719e-02 
 2.944976e+00 -3.409349e-02 
 2.945374e+00 -3.253769e-02 
 2.945771e+00 -3.096459e-02 
 2.946169e+00 -2.940824e-02 
 2.946567e+00 -2.787100e-02 
 2.946964e+00 -2.634869e-02 
 2.947362e+00 -2.482739e-02 
 2.947760e+00 -2.329938e-02 
 2.948157e+00 -2.177152e-02 
 2.948555e+00 -2.025282e-02 
 2.948953e+00 -1.875814e-02 
 2.949351e+00 -1.728959e-02 
 2.949748e+00 -1.584433e-02 
 2.950146e+00 -1.441105e-02 
 2.950544e+00 -1.297957e-02 
 2.950941e+00 -1.154331e-02 
 2.951339e+00 -1.009071e-02 
 2.951737e+00 -8.616466e-03 
 2.952134e+00 -7.117112e-03 
 2.952532e+00 -5.603004e-03 
 2.952930e+00 -4.084249e-03 
 2.953328e+00 -2.579269e-03 
 2.953725e+00 -1.099083e-03 
 2.954123e+00  3.348796e-04 
 2.954521e+00  1.707592e-03 
 2.954918e+00  3.000997e-03 
 2.955316e+00  4.224098e-03 
 2.955714e+00  5.388629e-03 
 2.956111e+00  6.508988e-03 
 2.956509e+00  7.570164e-03 
 2.956907e+00  8.563489e-03 
 2.957304e+00  9.477899e-03 
 2.957702e+00  1.029919e-02 
 2.958100e+00  1.103478e-02 
 2.958498e+00  1.168052e-02 
 2.958895e+00  1.224996e-02 
 2.959293e+00  1.275883e-02 
 2.959691e+00  1.322382e-02 
 2.960088e+00  1.365507e-02 
 2.960486e+00  1.405593e-02 
 2.960884e+00  1.442244e-02 
 2.961281e+00  1.473973e-02 
 2.961679e+00  1.501815e-02 
 2.962077e+00  1.525019e-02 
 2.962475e+00  1.543052e-02 
 2.962872e+00  1.554748e-02 
 2.963270e+00  1.559544e-02 
 2.963668e+00  1.559157e-02 
 2.964065e+00  1.555133e-02 
 2.964463e+00  1.548287e-02 
 2.964861e+00  1.537822e-02 
 2.965258e+00  1.522756e-02 
 2.965656e+00  1.502344e-02 
 2.966054e+00  1.475250e-02 
 2.966451e+00  1.439211e-02 
 2.966849e+00  1.392071e-02 
 2.967247e+00  1.333198e-02 
 2.967645e+00  1.263717e-02 
 2.968042e+00  1.187892e-02 
 2.968440e+00  1.108177e-02 
 2.968838e+00  1.025296e-02 
 2.969235e+00  9.390844e-03 
 2.969633e+00  8.487857e-03 
 2.970031e+00  7.539370e-03 
 2.970428e+00  6.533443e-03 
 2.970826e+00  5.468499e-03 
 2.971224e+00  4.363786e-03 
 2.971622e+00  3.251587e-03 
 2.972019e+00  2.176205e-03 
 2.972417e+00  1.169529e-03 
 2.972815e+00  2.410867e-04 
 2.973212e+00 -6.100403e-04 
 2.973610e+00 -1.383820e-03 
 2.974008e+00 -2.070104e-03 
 2.974405e+00 -2.662444e-03 
 2.974803e+00 -3.155625e-03 
 2.975201e+00 -3.551961e-03 
 2.975598e+00 -3.851600e-03 
 2.975996e+00 -4.068948e-03 
 2.976394e+00 -4.223878e-03 
 2.976792e+00 -4.341691e-03 
 2.977189e+00 -4.441917e-03 
 2.977587e+00 -4.538093e-03 
 2.977985e+00 -4.628218e-03 
 2.978382e+00 -4.695731e-03 
 2.978780e+00 -4.749166e-03 
 2.979178e+00 -4.783638e-03 
 2.979575e+00 -4.805042e-03 
 2.979973e+00 -4.802208e-03 
 2.980371e+00 -4.760064e-03 
 2.980769e+00 -4.662019e-03 
 2.981166e+00 -4.505303e-03 
 2.981564e+00 -4.298227e-03 
 2.981962e+00 -4.048666e-03 
 2.982359e+00 -3.770791e-03 
 2.982757e+00 -3.479112e-03 
 2.983155e+00 -3.176826e-03 
 2.983552e+00 -2.858116e-03 
 2.983950e+00 -2.497801e-03 
 2.984348e+00 -2.081598e-03 
 2.984745e+00 -1.615831e-03 
 2.985143e+00 -1.138168e-03 
 2.985541e+00 -7.019457e-04 
 2.985939e+00 -3.526454e-04 
 2.986336e+00 -1.075762e-04 
 2.986734e+00  3.019979e-05 
 2.987132e+00  8.555174e-05 
 2.987529e+00  8.240006e-05 
 2.987927e+00  3.185771e-05 
 2.988325e+00 -6.525844e-05 
 2.988722e+00 -2.238652e-04 
 2.989120e+00 -4.565256e-04 
 2.989518e+00 -7.724804e-04 
 2.989915e+00 -1.162401e-03 
 2.990313e+00 -1.597690e-03 
 2.990711e+00 -2.047048e-03 
 2.991109e+00 -2.492570e-03 
 2.991506e+00 -2.930488e-03 
 2.991904e+00 -3.344442e-03 
 2.992302e+00 -3.728269e-03 
 2.992699e+00 -4.071170e-03 
 2.993097e+00 -4.357245e-03 
 2.993495e+00 -4.575716e-03 
 2.993892e+00 -4.752830e-03 
 2.994290e+00 -4.913253e-03 
 2.994688e+00 -5.098700e-03 
 2.995086e+00 -5.349616e-03 
 2.995483e+00 -5.696731e-03 
 2.995881e+00 -6.154812e-03 
 2.996279e+00 -6.724061e-03 
 2.996676e+00 -7.397150e-03 
 2.997074e+00 -8.161869e-03 
 2.997472e+00 -9.013985e-03 
 2.997869e+00 -9.956506e-03 
 2.998267e+00 -1.099118e-02 
 2.998665e+00 -1.211013e-02 
 2.999062e+00 -1.328646e-02 
 2.999460e+00 -1.447613e-02 
 2.999858e+00 -1.562884e-02 
 3.000256e+00 -1.670856e-02 
 3.000653e+00 -1.769124e-02 
 3.001051e+00 -1.857370e-02 
 3.001449e+00 -1.936358e-02 
 3.001846e+00 -2.007827e-02 
 3.002244e+00 -2.073028e-02 
 3.002642e+00 -2.133225e-02 
 3.003039e+00 -2.187196e-02 
 3.003437e+00 -2.234623e-02 
 3.003835e+00 -2.276000e-02 
 3.004233e+00 -2.313106e-02 
 3.004630e+00 -2.349257e-02 
 3.005028e+00 -2.386522e-02 
 3.005426e+00 -2.426974e-02 
 3.005823e+00 -2.469745e-02 
 3.006221e+00 -2.514122e-02 
 3.006619e+00 -2.558194e-02 
 3.007016e+00 -2.600984e-02 
 3.007414e+00 -2.641379e-02 
 3.007812e+00 -2.679202e-02 
 3.008209e+00 -2.714327e-02 
 3.008607e+00 -2.746771e-02 
 3.009005e+00 -2.777035e-02 
 3.009403e+00 -2.804371e-02 
 3.009800e+00 -2.828409e-02 
 3.010198e+00 -2.849968e-02 
 3.010596e+00 -2.870037e-02 
 3.010993e+00 -2.890073e-02 
 3.011391e+00 -2.910225e-02 
 3.011789e+00 -2.928787e-02 
 3.012186e+00 -2.943297e-02 
 3.012584e+00 -2.952856e-02 
 3.012982e+00 -2.958332e-02 
 3.013380e+00 -2.962590e-02 
 3.013777e+00 -2.970150e-02 
 3.014175e+00 -2.986416e-02 
 3.014573e+00 -3.016749e-02 
 3.014970e+00 -3.064399e-02 
 3.015368e+00 -3.128746e-02 
 3.015766e+00 -3.207252e-02 
 3.016163e+00 -3.296642e-02 
 3.016561e+00 -3.395329e-02 
 3.016959e+00 -3.502768e-02 
 3.017356e+00 -3.618997e-02 
 3.017754e+00 -3.744617e-02 
 3.018152e+00 -3.877971e-02 
 3.018550e+00 -4.018029e-02 
 3.018947e+00 -4.161893e-02 
 3.019345e+00 -4.304495e-02 
 3.019743e+00 -4.441346e-02 
 3.020140e+00 -4.569342e-02 
 3.020538e+00 -4.687320e-02 
 3.020936e+00 -4.796893e-02 
 3.021333e+00 -4.900589e-02 
 3.021731e+00 -5.001271e-02 
 3.022129e+00 -5.100640e-02 
 3.022527e+00 -5.200859e-02 
 3.022924e+00 -5.303902e-02 
 3.023322e+00 -5.410392e-02 
 3.023720e+00 -5.520217e-02 
 3.024117e+00 -5.631979e-02 
 3.024515e+00 -5.744162e-02 
 3.024913e+00 -5.854940e-02 
 3.025310e+00 -5.962205e-02 
 3.025708e+00 -6.063887e-02 
 3.026106e+00 -6.158823e-02 
 3.026503e+00 -6.246313e-02 
 3.026901e+00 -6.326600e-02 
 3.027299e+00 -6.400435e-02 
 3.027697e+00 -6.466915e-02 
 3.028094e+00 -6.524143e-02 
 3.028492e+00 -6.569965e-02 
 3.028890e+00 -6.603514e-02 
 3.029287e+00 -6.625435e-02 
 3.029685e+00 -6.636551e-02 
 3.030083e+00 -6.638373e-02 
 3.030480e+00 -6.632801e-02 
 3.030878e+00 -6.620398e-02 
 3.031276e+00 -6.601248e-02 
 3.031674e+00 -6.574109e-02 
 3.032071e+00 -6.537120e-02 
 3.032469e+00 -6.489430e-02 
 3.032867e+00 -6.432464e-02 
 3.033264e+00 -6.368957e-02 
 3.033662e+00 -6.302010e-02 
 3.034060e+00 -6.233107e-02 
 3.034457e+00 -6.161650e-02 
 3.034855e+00 -6.085880e-02 
 3.035253e+00 -6.004158e-02 
 3.035650e+00 -5.914157e-02 
 3.036048e+00 -5.815296e-02 
 3.036446e+00 -5.707871e-02 
 3.036844e+00 -5.592845e-02 
 3.037241e+00 -5.470337e-02 
 3.037639e+00 -5.340623e-02 
 3.038037e+00 -5.203006e-02 
 3.038434e+00 -5.055888e-02 
 3.038832e+00 -4.899263e-02 
 3.039230e+00 -4.734525e-02 
 3.039627e+00 -4.563550e-02 
 3.040025e+00 -4.389834e-02 
 3.040423e+00 -4.215330e-02 
 3.040821e+00 -4.040242e-02 
 3.041218e+00 -3.864462e-02 
 3.041616e+00 -3.690043e-02 
 3.042014e+00 -3.519090e-02 
 3.042411e+00 -3.355327e-02 
 3.042809e+00 -3.202260e-02 
 3.043207e+00 -3.061626e-02 
 3.043604e+00 -2.933602e-02 
 3.044002e+00 -2.815455e-02 
 3.044400e+00 -2.703733e-02 
 3.044797e+00 -2.595736e-02 
 3.045195e+00 -2.490354e-02 
 3.045593e+00 -2.388305e-02 
 3.045991e+00 -2.293063e-02 
 3.046388e+00 -2.207997e-02 
 3.046786e+00 -2.135026e-02 
 3.047184e+00 -2.073779e-02 
 3.047581e+00 -2.021622e-02 
 3.047979e+00 -1.975788e-02 
 3.048377e+00 -1.933387e-02 
 3.048774e+00 -1.893025e-02 
 3.049172e+00 -1.855603e-02 
 3.049570e+00 -1.822263e-02 
 3.049968e+00 -1.794980e-02 
 3.050365e+00 -1.774001e-02 
 3.050763e+00 -1.758400e-02 
 3.051161e+00 -1.745349e-02 
 3.051558e+00 -1.731398e-02 
 3.051956e+00 -1.714472e-02 
 3.052354e+00 -1.693934e-02 
 3.052751e+00 -1.670938e-02 
 3.053149e+00 -1.647279e-02 
 3.053547e+00 -1.623101e-02 
 3.053944e+00 -1.598108e-02 
 3.054342e+00 -1.572346e-02 
 3.054740e+00 -1.545767e-02 
 3.055138e+00 -1.518055e-02 
 3.055535e+00 -1.489521e-02 
 3.055933e+00 -1.461411e-02 
 3.056331e+00 -1.433615e-02 
 3.056728e+00 -1.404710e-02 
 3.057126e+00 -1.373359e-02 
 3.057524e+00 -1.337163e-02 
 3.057921e+00 -1.294616e-02 
 3.058319e+00 -1.245672e-02 
 3.058717e+00 -1.192520e-02 
 3.059115e+00 -1.136282e-02 
 3.059512e+00 -1.077664e-02 
 3.059910e+00 -1.015770e-02 
 3.060308e+00 -9.504909e-03 
 3.060705e+00 -8.820094e-03 
 3.061103e+00 -8.100271e-03 
 3.061501e+00 -7.361970e-03 
 3.061898e+00 -6.627970e-03 
 3.062296e+00 -5.933800e-03 
 3.062694e+00 -5.298140e-03 
 3.063091e+00 -4.709522e-03 
 3.063489e+00 -4.148872e-03 
 3.063887e+00 -3.586757e-03 
 3.064285e+00 -3.011927e-03 
 3.064682e+00 -2.440498e-03 
 3.065080e+00 -1.892235e-03 
 3.065478e+00 -1.395318e-03 
 3.065875e+00 -9.709915e-04 
 3.066273e+00 -6.188777e-04 
 3.066671e+00 -3.320503e-04 
 3.067068e+00 -7.961585e-05 
 3.067466e+00  1.746421e-04 
 3.067864e+00  4.609989e-04 
 3.068262e+00  7.890895e-04 
 3.068659e+00  1.155194e-03 
 3.069057e+00  1.559279e-03 
 3.069455e+00  1.997625e-03 
 3.069852e+00  2.466123e-03 
 3.070250e+00  2.960949e-03 
 3.070648e+00  3.474302e-03 
 3.071045e+00  3.986521e-03 
 3.071443e+00  4.466472e-03 
 3.071841e+00  4.902409e-03 
 3.072238e+00  5.284516e-03 
 3.072636e+00  5.602355e-03 
 3.073034e+00  5.851452e-03 
 3.073432e+00  6.006064e-03 
 3.073829e+00  6.049167e-03 
 3.074227e+00  5.964819e-03 
 3.074625e+00  5.742182e-03 
 3.075022e+00  5.383157e-03 
 3.075420e+00  4.910484e-03 
 3.075818e+00  4.356833e-03 
 3.076215e+00  3.754808e-03 
 3.076613e+00  3.131243e-03 
 3.077011e+00  2.499593e-03 
 3.077409e+00  1.867000e-03 
 3.077806e+00  1.243172e-03 
 3.078204e+00  6.261475e-04 
 3.078602e+00  2.691480e-05 
 3.078999e+00 -5.427472e-04 
 3.079397e+00 -1.071737e-03 
 3.079795e+00 -1.551527e-03 
 3.080192e+00 -1.968109e-03 
 3.080590e+00 -2.315021e-03 
 3.080988e+00 -2.600363e-03 
 3.081385e+00 -2.819321e-03 
 3.081783e+00 -2.973871e-03 
 3.082181e+00 -3.076596e-03 
 3.082579e+00 -3.144695e-03 
 3.082976e+00 -3.187313e-03 
 3.083374e+00 -3.218253e-03 
 3.083772e+00 -3.238867e-03 
 3.084169e+00 -3.245281e-03 
 3.084567e+00 -3.225806e-03 
 3.084965e+00 -3.182005e-03 
 3.085362e+00 -3.101883e-03 
 3.085760e+00 -2.982097e-03 
 3.086158e+00 -2.811260e-03 
 3.086556e+00 -2.573053e-03 
 3.086953e+00 -2.252467e-03 
 3.087351e+00 -1.833594e-03 
 3.087749e+00 -1.307993e-03 
 3.088146e+00 -6.626911e-04 
 3.088544e+00  9.980049e-05 
 3.088942e+00  9.703976e-04 
 3.089339e+00  1.929989e-03 
 3.089737e+00  2.954344e-03 
 3.090135e+00  4.010113e-03 
 3.090532e+00  5.064180e-03 
 3.090930e+00  6.079986e-03 
 3.091328e+00  7.022366e-03 
 3.091726e+00  7.871873e-03 
 3.092123e+00  8.600486e-03 
 3.092521e+00  9.204080e-03 
 3.092919e+00  9.676281e-03 
 3.093316e+00  1.000350e-02 
 3.093714e+00  1.018262e-02 
 3.094112e+00  1.022170e-02 
 3.094509e+00  1.012784e-02 
 3.094907e+00  9.930232e-03 
 3.095305e+00  9.668323e-03 
 3.095703e+00  9.372093e-03 
 3.096100e+00  9.058914e-03 
 3.096498e+00  8.742608e-03 
 3.096896e+00  8.420054e-03 
 3.097293e+00  8.076634e-03 
 3.097691e+00  7.702422e-03 
 3.098089e+00  7.284182e-03 
 3.098486e+00  6.802403e-03 
 3.098884e+00  6.245348e-03 
 3.099282e+00  5.611639e-03 
 3.099679e+00  4.902152e-03 
 3.100077e+00  4.115967e-03 
 3.100475e+00  3.260153e-03 
 3.100873e+00  2.334210e-03 
 3.101270e+00  1.333967e-03 
 3.101668e+00  2.513202e-04 
 3.102066e+00 -9.327501e-04 
 3.102463e+00 -2.237374e-03 
 3.102861e+00 -3.659219e-03 
 3.103259e+00 -5.185244e-03 
 3.103656e+00 -6.790210e-03 
 3.104054e+00 -8.448411e-03 
 3.104452e+00 -1.014265e-02 
 3.104850e+00 -1.186137e-02 
 3.105247e+00 -1.359366e-02 
 3.105645e+00 -1.534344e-02 
 3.106043e+00 -1.711061e-02 
 3.106440e+00 -1.888344e-02 
 3.106838e+00 -2.065077e-02 
 3.107236e+00 -2.238966e-02 
 3.107633e+00 -2.408383e-02 
 3.108031e+00 -2.572751e-02 
 3.108429e+00 -2.733043e-02 
 3.108826e+00 -2.889676e-02 
 3.109224e+00 -3.042411e-02 
 3.109622e+00 -3.192210e-02 
 3.110020e+00 -3.340738e-02 
 3.110417e+00 -3.488427e-02 
 3.110815e+00 -3.636677e-02 
 3.111213e+00 -3.785877e-02 
 3.111610e+00 -3.936034e-02 
 3.112008e+00 -4.086106e-02 
 3.112406e+00 -4.234443e-02 
 3.112803e+00 -4.378582e-02 
 3.113201e+00 -4.515592e-02 
 3.113599e+00 -4.642733e-02 
 3.113997e+00 -4.758472e-02 
 3.114394e+00 -4.860291e-02 
 3.114792e+00 -4.947387e-02 
 3.115190e+00 -5.017900e-02 
 3.115587e+00 -5.071571e-02 
 3.115985e+00 -5.109024e-02 
 3.116383e+00 -5.132866e-02 
 3.116780e+00 -5.146510e-02 
 3.117178e+00 -5.152730e-02 
 3.117576e+00 -5.154525e-02 
 3.117973e+00 -5.152648e-02 
 3.118371e+00 -5.148229e-02 
 3.118769e+00 -5.141105e-02 
 3.119167e+00 -5.131255e-02 
 3.119564e+00 -5.119875e-02 
 3.119962e+00 -5.106741e-02 
 3.120360e+00 -5.092283e-02 
 3.120757e+00 -5.077577e-02 
 3.121155e+00 -5.063053e-02 
 3.121553e+00 -5.048729e-02 
 3.121950e+00 -5.035172e-02 
 3.122348e+00 -5.024363e-02 
 3.122746e+00 -5.017519e-02 
 3.123144e+00 -5.015107e-02 
 3.123541e+00 -5.017886e-02 
 3.123939e+00 -5.024426e-02 
 3.124337e+00 -5.034040e-02 
 3.124734e+00 -5.046632e-02 
 3.125132e+00 -5.062283e-02 
 3.125530e+00 -5.081479e-02 
 3.125927e+00 -5.104137e-02 
 3.126325e+00 -5.131121e-02 
 3.126723e+00 -5.161819e-02 
 3.127120e+00 -5.195228e-02 
 3.127518e+00 -5.230307e-02 
 3.127916e+00 -5.265718e-02 
 3.128314e+00 -5.301232e-02 
 3.128711e+00 -5.336716e-02 
 3.129109e+00 -5.371520e-02 
 3.129507e+00 -5.405932e-02 
 3.129904e+00 -5.440686e-02 
 3.130302e+00 -5.476905e-02 
 3.130700e+00 -5.514019e-02 
 3.131097e+00 -5.550864e-02 
 3.131495e+00 -5.585786e-02 
 3.131893e+00 -5.616840e-02 
 3.132291e+00 -5.641860e-02 
 3.132688e+00 -5.659293e-02 
 3.133086e+00 -5.668061e-02 
 3.133484e+00 -5.667818e-02 
 3.133881e+00 -5.658782e-02 
 3.134279e+00 -5.640753e-02 
 3.134677e+00 -5.615370e-02 
 3.135074e+00 -5.583041e-02 
 3.135472e+00 -5.544465e-02 
 3.135870e+00 -5.501594e-02 
 3.136267e+00 -5.454912e-02 
 3.136665e+00 -5.404521e-02 
 3.137063e+00 -5.350225e-02 
 3.137461e+00 -5.291354e-02 
 3.137858e+00 -5.227987e-02 
 3.138256e+00 -5.161048e-02 
 3.138654e+00 -5.090760e-02 
 3.139051e+00 -5.017459e-02 
 3.139449e+00 -4.940922e-02 
 3.139847e+00 -4.859778e-02 
 3.140244e+00 -4.773354e-02 
 3.140642e+00 -4.679693e-02 
 3.141040e+00 -4.579430e-02 
 3.141438e+00 -4.473766e-02 
 3.141835e+00 -4.363743e-02 
 3.142233e+00 -4.251732e-02 
 3.142631e+00 -4.138082e-02 
 3.143028e+00 -4.022923e-02 
 3.143426e+00 -3.904495e-02 
 3.143824e+00 -3.781063e-02 
 3.144221e+00 -3.652989e-02 
 3.144619e+00 -3.520460e-02 
 3.145017e+00 -3.384638e-02 
 3.145414e+00 -3.246626e-02 
 3.145812e+00 -3.107114e-02 
 3.146210e+00 -2.966267e-02 
 3.146608e+00 -2.823581e-02 
 3.147005e+00 -2.678886e-02 
 3.147403e+00 -2.532323e-02 
 3.147801e+00 -2.384136e-02 
 3.148198e+00 -2.235265e-02 
 3.148596e+00 -2.087428e-02 
 3.148994e+00 -1.942250e-02 
 3.149391e+00 -1.801233e-02 
 3.149789e+00 -1.666613e-02 
 3.150187e+00 -1.540416e-02 
 3.150585e+00 -1.424816e-02 
 3.150982e+00 -1.321164e-02 
 3.151380e+00 -1.229492e-02 
 3.151778e+00 -1.149841e-02 
 3.152175e+00 -1.080879e-02 
 3.152573e+00 -1.021926e-02 
 3.152971e+00 -9.703681e-03 
 3.153368e+00 -9.269578e-03 
 3.153766e+00 -8.920619e-03 
 3.154164e+00 -8.668240e-03 
 3.154561e+00 -8.522732e-03 
 3.154959e+00 -8.477870e-03 
 3.155357e+00 -8.517552e-03 
 3.155755e+00 -8.621540e-03 
 3.156152e+00 -8.775028e-03 
 3.156550e+00 -8.956410e-03 
 3.156948e+00 -9.162417e-03 
 3.157345e+00 -9.389656e-03 
 3.157743e+00 -9.633393e-03 
 3.158141e+00 -9.914826e-03 
 3.158538e+00 -1.022540e-02 
 3.158936e+00 -1.055817e-02 
 3.159334e+00 -1.090567e-02 
 3.159732e+00 -1.126678e-02 
 3.160129e+00 -1.162909e-02 
 3.160527e+00 -1.199360e-02 
 3.160925e+00 -1.235717e-02 
 3.161322e+00 -1.271812e-02 
 3.161720e+00 -1.307436e-02 
 3.162118e+00 -1.341826e-02 
 3.162515e+00 -1.372963e-02 
 3.162913e+00 -1.398767e-02 
 3.163311e+00 -1.416265e-02 
 3.163708e+00 -1.423103e-02 
 3.164106e+00 -1.417412e-02 
 3.164504e+00 -1.398077e-02 
 3.164902e+00 -1.364659e-02 
 3.165299e+00 -1.316899e-02 
 3.165697e+00 -1.254948e-02 
 3.166095e+00 -1.180677e-02 
 3.166492e+00 -1.095912e-02 
 3.166890e+00 -1.003423e-02 
 3.167288e+00 -9.052006e-03 
 3.167685e+00 -8.043053e-03 
 3.168083e+00 -7.032974e-03 
 3.168481e+00 -6.038105e-03 
 3.168879e+00 -5.070256e-03 
 3.169276e+00 -4.135931e-03 
 3.169674e+00 -3.232353e-03 
 3.170072e+00 -2.366678e-03 
 3.170469e+00 -1.537146e-03 
 3.170867e+00 -7.444877e-04 
 3.171265e+00  3.474487e-05 
 3.171662e+00  8.235913e-04 
 3.172060e+00  1.640332e-03 
 3.172458e+00  2.495964e-03 
 3.172855e+00  3.405956e-03 
 3.173253e+00  4.363165e-03 
 3.173651e+00  5.357133e-03 
 3.174049e+00  6.378362e-03 
 3.174446e+00  7.412431e-03 
 3.174844e+00  8.464173e-03 
 3.175242e+00  9.541351e-03 
 3.175639e+00  1.065303e-02 
 3.176037e+00  1.179558e-02 
 3.176435e+00  1.296230e-02 
 3.176832e+00  1.412651e-02 
 3.177230e+00  1.525942e-02 
 3.177628e+00  1.633299e-02 
 3.178026e+00  1.732553e-02 
 3.178423e+00  1.821536e-02 
 3.178821e+00  1.899884e-02 
 3.179219e+00  1.966220e-02 
 3.179616e+00  2.019375e-02 
 3.180014e+00  2.060143e-02 
 3.180412e+00  2.089534e-02 
 3.180809e+00  2.108639e-02 
 3.181207e+00  2.120112e-02 
 3.181605e+00  2.124547e-02 
 3.182002e+00  2.122844e-02 
 3.182400e+00  2.115750e-02 
 3.182798e+00  2.103162e-02 
 3.183196e+00  2.085846e-02 
 3.183593e+00  2.065012e-02 
 3.183991e+00  2.042340e-02 
 3.184389e+00  2.020208e-02 
 3.184786e+00  1.999641e-02 
 3.185184e+00  1.979645e-02 
 3.185582e+00  1.957334e-02 
 3.185979e+00  1.928469e-02 
 3.186377e+00  1.889543e-02 
 3.186775e+00  1.837568e-02 
 3.187173e+00  1.771388e-02 
 3.187570e+00  1.693081e-02 
 3.187968e+00  1.604791e-02 
 3.188366e+00  1.509111e-02 
 3.188763e+00  1.408676e-02 
 3.189161e+00  1.306113e-02 
 3.189559e+00  1.201220e-02 
 3.189956e+00  1.093657e-02 
 3.190354e+00  9.848491e-03 
 3.190752e+00  8.759137e-03 
 3.191149e+00  7.703901e-03 
 3.191547e+00  6.719604e-03 
 3.191945e+00  5.838534e-03 
 3.192343e+00  5.068956e-03 
 3.192740e+00  4.415153e-03 
 3.193138e+00  3.880370e-03 
 3.193536e+00  3.443629e-03 
 3.193933e+00  3.094565e-03 
 3.194331e+00  2.819801e-03 
 3.194729e+00  2.621549e-03 
 3.195126e+00  2.501082e-03 
 3.195524e+00  2.444060e-03 
 3.195922e+00  2.429020e-03 
 3.196320e+00  2.422053e-03 
 3.196717e+00  2.397613e-03 
 3.197115e+00  2.343443e-03 
 3.197513e+00  2.251602e-03 
 3.197910e+00  2.123737e-03 
 3.198308e+00  1.947531e-03 
 3.198706e+00  1.727684e-03 
 3.199103e+00  1.467403e-03 
 3.199501e+00  1.154224e-03 
 3.199899e+00  7.847020e-04 
 3.200296e+00  3.545625e-04 
 3.200694e+00 -1.230867e-04 
 3.201092e+00 -6.248450e-04 
 3.201490e+00 -1.132384e-03 
 3.201887e+00 -1.642871e-03 
 3.202285e+00 -2.168734e-03 
 3.202683e+00 -2.710587e-03 
 3.203080e+00 -3.263588e-03 
 3.203478e+00 -3.819579e-03 
 3.203876e+00 -4.360087e-03 
 3.204273e+00 -4.882724e-03 
 3.204671e+00 -5.399987e-03 
 3.205069e+00 -5.946433e-03 
 3.205467e+00 -6.563666e-03 
 3.205864e+00 -7.296625e-03 
 3.206262e+00 -8.169963e-03 
 3.206660e+00 -9.174927e-03 
 3.207057e+00 -1.026973e-02 
 3.207455e+00 -1.141293e-02 
 3.207853e+00 -1.256807e-02 
 3.208250e+00 -1.372783e-02 
 3.208648e+00 -1.488857e-02 
 3.209046e+00 -1.606128e-02 
 3.209443e+00 -1.725762e-02 
 3.209841e+00 -1.847321e-02 
 3.210239e+00 -1.969542e-02 
 3.210637e+00 -2.092215e-02 
 3.211034e+00 -2.214086e-02 
 3.211432e+00 -2.333993e-02 
 3.211830e+00 -2.453092e-02 
 3.212227e+00 -2.572132e-02 
 3.212625e+00 -2.691330e-02 
 3.213023e+00 -2.810558e-02 
 3.213420e+00 -2.930236e-02 
 3.213818e+00 -3.050816e-02 
 3.214216e+00 -3.173682e-02 
 3.214614e+00 -3.299641e-02 
 3.215011e+00 -3.428953e-02 
 3.215409e+00 -3.560735e-02 
 3.215807e+00 -3.693552e-02 
 3.216204e+00 -3.826282e-02 
 3.216602e+00 -3.956798e-02 
 3.217000e+00 -4.084375e-02 
 3.217397e+00 -4.208421e-02 
 3.217795e+00 -4.328914e-02 
 3.218193e+00 -4.446557e-02 
 3.218590e+00 -4.561919e-02 
 3.218988e+00 -4.674813e-02 
 3.219386e+00 -4.784459e-02 
 3.219784e+00 -4.889624e-02 
 3.220181e+00 -4.989389e-02 
 3.220579e+00 -5.082888e-02 
 3.220977e+00 -5.168216e-02 
 3.221374e+00 -5.245575e-02 
 3.221772e+00 -5.314511e-02 
 3.222170e+00 -5.375219e-02 
 3.222567e+00 -5.427835e-02 
 3.222965e+00 -5.472262e-02 
 3.223363e+00 -5.508047e-02 
 3.223761e+00 -5.534422e-02 
 3.224158e+00 -5.551881e-02 
 3.224556e+00 -5.561215e-02 
 3.224954e+00 -5.563252e-02 
 3.225351e+00 -5.559089e-02 
 3.225749e+00 -5.549583e-02 
 3.226147e+00 -5.534933e-02 
 3.226544e+00 -5.514286e-02 
 3.226942e+00 -5.486905e-02 
 3.227340e+00 -5.452185e-02 
 3.227737e+00 -5.410255e-02 
 3.228135e+00 -5.362210e-02 
 3.228533e+00 -5.310694e-02 
 3.228931e+00 -5.257413e-02 
 3.229328e+00 -5.204548e-02 
 3.229726e+00 -5.154031e-02 
 3.230124e+00 -5.106569e-02 
 3.230521e+00 -5.062297e-02 
 3.230919e+00 -5.021403e-02 
 3.231317e+00 -4.982890e-02 
 3.231714e+00 -4.945828e-02 
 3.232112e+00 -4.909002e-02 
 3.232510e+00 -4.870979e-02 
 3.232908e+00 -4.830907e-02 
 3.233305e+00 -4.789312e-02 
 3.233703e+00 -4.747506e-02 
 3.234101e+00 -4.708661e-02 
 3.234498e+00 -4.674430e-02 
 3.234896e+00 -4.644320e-02 
 3.235294e+00 -4.615446e-02 
 3.235691e+00 -4.586465e-02 
 3.236089e+00 -4.554025e-02 
 3.236487e+00 -4.516745e-02 
 3.236884e+00 -4.474998e-02 
 3.237282e+00 -4.429602e-02 
 3.237680e+00 -4.383860e-02 
 3.238078e+00 -4.340604e-02 
 3.238475e+00 -4.301290e-02 
 3.238873e+00 -4.264440e-02 
 3.239271e+00 -4.227577e-02 
 3.239668e+00 -4.188425e-02 
 3.240066e+00 -4.144630e-02 
 3.240464e+00 -4.095693e-02 
 3.240861e+00 -4.040980e-02 
 3.241259e+00 -3.981022e-02 
 3.241657e+00 -3.917263e-02 
 3.242055e+00 -3.851805e-02 
 3.242452e+00 -3.785181e-02 
 3.242850e+00 -3.717622e-02 
 3.243248e+00 -3.648569e-02 
 3.243645e+00 -3.578381e-02 
 3.244043e+00 -3.507072e-02 
 3.244441e+00 -3.434570e-02 
 3.244838e+00 -3.361568e-02 
 3.245236e+00 -3.288424e-02 
 3.245634e+00 -3.217084e-02 
 3.246031e+00 -3.148872e-02 
 3.246429e+00 -3.084865e-02 
 3.246827e+00 -3.025558e-02 
 3.247225e+00 -2.970848e-02 
 3.247622e+00 -2.919465e-02 
 3.248020e+00 -2.870537e-02 
 3.248418e+00 -2.824016e-02 
 3.248815e+00 -2.778696e-02 
 3.249213e+00 -2.734398e-02 
 3.249611e+00 -2.691714e-02 
 3.250008e+00 -2.649795e-02 
 3.250406e+00 -2.607583e-02 
 3.250804e+00 -2.563550e-02 
 3.251202e+00 -2.515868e-02 
 3.251599e+00 -2.463972e-02 
 3.251997e+00 -2.408652e-02 
 3.252395e+00 -2.350812e-02 
 3.252792e+00 -2.290469e-02 
 3.253190e+00 -2.229493e-02 
 3.253588e+00 -2.168088e-02 
 3.253985e+00 -2.106653e-02 
 3.254383e+00 -2.047491e-02 
 3.254781e+00 -1.990796e-02 
 3.255178e+00 -1.936320e-02 
 3.255576e+00 -1.883222e-02 
 3.255974e+00 -1.831352e-02 
 3.256372e+00 -1.780125e-02 
 3.256769e+00 -1.729852e-02 
 3.257167e+00 -1.680175e-02 
 3.257565e+00 -1.632186e-02 
 3.257962e+00 -1.586263e-02 
 3.258360e+00 -1.541197e-02 
 3.258758e+00 -1.495021e-02 
 3.259155e+00 -1.445549e-02 
 3.259553e+00 -1.391208e-02 
 3.259951e+00 -1.331337e-02 
 3.260349e+00 -1.267675e-02 
 3.260746e+00 -1.201456e-02 
 3.261144e+00 -1.133338e-02 
 3.261542e+00 -1.063137e-02 
 3.261939e+00 -9.916771e-03 
 3.262337e+00 -9.196278e-03 
 3.262735e+00 -8.484414e-03 
 3.263132e+00 -7.801870e-03 
 3.263530e+00 -7.161244e-03 
 3.263928e+00 -6.573407e-03 
 3.264325e+00 -6.028978e-03 
 3.264723e+00 -5.510792e-03 
 3.265121e+00 -4.996264e-03 
 3.265519e+00 -4.483594e-03 
 3.265916e+00 -3.991828e-03 
 3.266314e+00 -3.537492e-03 
 3.266712e+00 -3.131745e-03 
 3.267109e+00 -2.775746e-03 
 3.267507e+00 -2.441748e-03 
 3.267905e+00 -2.083474e-03 
 3.268302e+00 -1.670170e-03 
 3.268700e+00 -1.160002e-03 
 3.269098e+00 -5.405629e-04 
 3.269496e+00  1.793367e-04 
 3.269893e+00  9.857222e-04 
 3.270291e+00  1.855593e-03 
 3.270689e+00  2.779925e-03 
 3.271086e+00  3.756824e-03 
 3.271484e+00  4.783943e-03 
 3.271882e+00  5.838594e-03 
 3.272279e+00  6.907841e-03 
 3.272677e+00  7.967857e-03 
 3.273075e+00  8.990341e-03 
 3.273472e+00  9.957687e-03 
 3.273870e+00  1.084776e-02 
 3.274268e+00  1.164378e-02 
 3.274666e+00  1.233179e-02 
 3.275063e+00  1.291490e-02 
 3.275461e+00  1.339191e-02 
 3.275859e+00  1.377886e-02 
 3.276256e+00  1.410099e-02 
 3.276654e+00  1.438366e-02 
 3.277052e+00  1.465334e-02 
 3.277449e+00  1.493323e-02 
 3.277847e+00  1.522739e-02 
 3.278245e+00  1.553628e-02 
 3.278643e+00  1.585860e-02 
 3.279040e+00  1.619470e-02 
 3.279438e+00  1.653721e-02 
 3.279836e+00  1.687519e-02 
 3.280233e+00  1.719049e-02 
 3.280631e+00  1.746808e-02 
 3.281029e+00  1.769096e-02 
 3.281426e+00  1.785274e-02 
 3.281824e+00  1.793266e-02 
 3.282222e+00  1.792626e-02 
 3.282619e+00  1.783836e-02 
 3.283017e+00  1.766900e-02 
 3.283415e+00  1.742320e-02 
 3.283813e+00  1.710091e-02 
 3.284210e+00  1.671432e-02 
 3.284608e+00  1.626983e-02 
 3.285006e+00  1.578938e-02 
 3.285403e+00  1.529412e-02 
 3.285801e+00  1.477921e-02 
 3.286199e+00  1.425248e-02 
 3.286596e+00  1.372755e-02 
 3.286994e+00  1.323142e-02 
 3.287392e+00  1.279457e-02 
 3.287790e+00  1.244316e-02 
 3.288187e+00  1.219793e-02 
 3.288585e+00  1.205850e-02 
 3.288983e+00  1.201304e-02 
 3.289380e+00  1.202825e-02 
 3.289778e+00  1.207505e-02 
 3.290176e+00  1.212458e-02 
 3.290573e+00  1.215891e-02 
 3.290971e+00  1.218244e-02 
 3.291369e+00  1.219520e-02 
 3.291766e+00  1.218917e-02 
 3.292164e+00  1.216000e-02 
 3.292562e+00  1.210022e-02 
 3.292960e+00  1.199553e-02 
 3.293357e+00  1.184394e-02 
 3.293755e+00  1.163784e-02 
 3.294153e+00  1.137758e-02 
 3.294550e+00  1.106532e-02 
 3.294948e+00  1.070856e-02 
 3.295346e+00  1.031973e-02 
 3.295743e+00  9.913526e-03 
 3.296141e+00  9.506662e-03 
 3.296539e+00  9.122061e-03 
 3.296937e+00  8.779411e-03 
 3.297334e+00  8.497573e-03 
 3.297732e+00  8.277406e-03 
 3.298130e+00  8.103523e-03 
 3.298527e+00  7.948784e-03 
 3.298925e+00  7.793939e-03 
 3.299323e+00  7.618181e-03 
 3.299720e+00  7.409015e-03 
 3.300118e+00  7.157558e-03 
 3.300516e+00  6.870877e-03 
 3.300913e+00  6.555077e-03 
 3.301311e+00  6.219618e-03 
 3.301709e+00  5.863574e-03 
 3.302107e+00  5.472405e-03 
 3.302504e+00  5.026359e-03 
 3.302902e+00  4.508646e-03 
 3.303300e+00  3.903161e-03 
 3.303697e+00  3.197671e-03 
 3.304095e+00  2.391779e-03 
 3.304493e+00  1.485495e-03 
 3.304890e+00  4.976871e-04 
 3.305288e+00 -5.481081e-04 
 3.305686e+00 -1.649692e-03 
 3.306084e+00 -2.793649e-03 
 3.306481e+00 -3.981194e-03 
 3.306879e+00 -5.210860e-03 
 3.307277e+00 -6.483931e-03 
 3.307674e+00 -7.800618e-03 
 3.308072e+00 -9.172700e-03 
 3.308470e+00 -1.060483e-02 
 3.308867e+00 -1.209599e-02 
 3.309265e+00 -1.364406e-02 
 3.309663e+00 -1.524899e-02 
 3.310060e+00 -1.690679e-02 
 3.310458e+00 -1.861397e-02 
 3.310856e+00 -2.035971e-02 
 3.311254e+00 -2.213208e-02 
 3.311651e+00 -2.393083e-02 
 3.312049e+00 -2.575689e-02 
 3.312447e+00 -2.761201e-02 
 3.312844e+00 -2.948935e-02 
 3.313242e+00 -3.138245e-02 
 3.313640e+00 -3.327951e-02 
 3.314037e+00 -3.517358e-02 
 3.314435e+00 -3.705295e-02 
 3.314833e+00 -3.890354e-02 
 3.315231e+00 -4.071236e-02 
 3.315628e+00 -4.246691e-02 
 3.316026e+00 -4.415668e-02 
 3.316424e+00 -4.576664e-02 
 3.316821e+00 -4.728580e-02 
 3.317219e+00 -4.870415e-02 
 3.317617e+00 -5.002049e-02 
 3.318014e+00 -5.124966e-02 
 3.318412e+00 -5.240418e-02 
 3.318810e+00 -5.348500e-02 
 3.319207e+00 -5.448831e-02 
 3.319605e+00 -5.539797e-02 
 3.320003e+00 -5.618107e-02 
 3.320401e+00 -5.681159e-02 
 3.320798e+00 -5.728140e-02 
 3.321196e+00 -5.759794e-02 
 3.321594e+00 -5.778015e-02 
 3.321991e+00 -5.787332e-02 
 3.322389e+00 -5.791044e-02 
 3.322787e+00 -5.791434e-02 
 3.323184e+00 -5.789415e-02 
 3.323582e+00 -5.785554e-02 
 3.323980e+00 -5.778357e-02 
 3.324378e+00 -5.767996e-02 
 3.324775e+00 -5.753190e-02 
 3.325173e+00 -5.733168e-02 
 3.325571e+00 -5.708717e-02 
 3.325968e+00 -5.680446e-02 
 3.326366e+00 -5.648552e-02 
 3.326764e+00 -5.614612e-02 
 3.327161e+00 -5.579763e-02 
 3.327559e+00 -5.544275e-02 
 3.327957e+00 -5.508505e-02 
 3.328354e+00 -5.471692e-02 
 3.328752e+00 -5.432126e-02 
 3.329150e+00 -5.389050e-02 
 3.329548e+00 -5.341442e-02 
 3.329945e+00 -5.290055e-02 
 3.330343e+00 -5.235549e-02 
 3.330741e+00 -5.178226e-02 
 3.331138e+00 -5.118349e-02 
 3.331536e+00 -5.057929e-02 
 3.331934e+00 -4.998641e-02 
 3.332331e+00 -4.941239e-02 
 3.332729e+00 -4.887082e-02 
 3.333127e+00 -4.836399e-02 
 3.333525e+00 -4.789793e-02 
 3.333922e+00 -4.746869e-02 
 3.334320e+00 -4.707655e-02 
 3.334718e+00 -4.672636e-02 
 3.335115e+00 -4.641783e-02 
 3.335513e+00 -4.617154e-02 
 3.335911e+00 -4.600136e-02 
 3.336308e+00 -4.590528e-02 
 3.336706e+00 -4.587844e-02 
 3.337104e+00 -4.590670e-02 
 3.337501e+00 -4.596538e-02 
 3.337899e+00 -4.603422e-02 
 3.338297e+00 -4.608846e-02 
 3.338695e+00 -4.611644e-02 
 3.339092e+00 -4.609533e-02 
 3.339490e+00 -4.602804e-02 
 3.339888e+00 -4.592561e-02 
 3.340285e+00 -4.579713e-02 
 3.340683e+00 -4.566086e-02 
 3.341081e+00 -4.553599e-02 
 3.341478e+00 -4.544542e-02 
 3.341876e+00 -4.540442e-02 
 3.342274e+00 -4.541946e-02 
 3.342672e+00 -4.548395e-02 
 3.343069e+00 -4.559135e-02 
 3.343467e+00 -4.571532e-02 
 3.343865e+00 -4.582973e-02 
 3.344262e+00 -4.591744e-02 
 3.344660e+00 -4.594775e-02 
 3.345058e+00 -4.589897e-02 
 3.345455e+00 -4.575788e-02 
 3.345853e+00 -4.552097e-02 
 3.346251e+00 -4.518745e-02 
 3.346648e+00 -4.475692e-02 
 3.347046e+00 -4.422642e-02 
 3.347444e+00 -4.359607e-02 
 3.347842e+00 -4.287006e-02 
 3.348239e+00 -4.205250e-02 
 3.348637e+00 -4.113372e-02 
 3.349035e+00 -4.012122e-02 
 3.349432e+00 -3.902686e-02 
 3.349830e+00 -3.787292e-02 
 3.350228e+00 -3.668273e-02 
 3.350625e+00 -3.549182e-02 
 3.351023e+00 -3.431459e-02 
 3.351421e+00 -3.315455e-02 
 3.351819e+00 -3.201337e-02 
 3.352216e+00 -3.087929e-02 
 3.352614e+00 -2.973988e-02 
 3.353012e+00 -2.856936e-02 
 3.353409e+00 -2.736785e-02 
 3.353807e+00 -2.614142e-02 
 3.354205e+00 -2.490749e-02 
 3.354602e+00 -2.368451e-02 
 3.355000e+00 -2.250600e-02 
 3.355398e+00 -2.139224e-02 
 3.355795e+00 -2.034904e-02 
 3.356193e+00 -1.936615e-02 
 3.356591e+00 -1.842828e-02 
 3.356989e+00 -1.751746e-02 
 3.357386e+00 -1.661921e-02 
 3.357784e+00 -1.573404e-02 
 3.358182e+00 -1.487411e-02 
 3.358579e+00 -1.405363e-02 
 3.358977e+00 -1.329358e-02 
 3.359375e+00 -1.262141e-02 
 3.359772e+00 -1.204864e-02 
 3.360170e+00 -1.157203e-02 
 3.360568e+00 -1.120262e-02 
 3.360966e+00 -1.093084e-02 
 3.361363e+00 -1.074955e-02 
 3.361761e+00 -1.064918e-02 
 3.362159e+00 -1.061272e-02 
 3.362556e+00 -1.061111e-02 
 3.362954e+00 -1.062332e-02 
 3.363352e+00 -1.063610e-02 
 3.363749e+00 -1.064545e-02 
 3.364147e+00 -1.064064e-02 
 3.364545e+00 -1.061438e-02 
 3.364942e+00 -1.056073e-02 
 3.365340e+00 -1.047054e-02 
 3.365738e+00 -1.033427e-02 
 3.366136e+00 -1.014800e-02 
 3.366533e+00 -9.919926e-03 
 3.366931e+00 -9.654135e-03 
 3.367329e+00 -9.359957e-03 
 3.367726e+00 -9.053963e-03 
 3.368124e+00 -8.747322e-03 
 3.368522e+00 -8.444868e-03 
 3.368919e+00 -8.157029e-03 
 3.369317e+00 -7.898316e-03 
 3.369715e+00 -7.671835e-03 
 3.370113e+00 -7.476210e-03 
 3.370510e+00 -7.305932e-03 
 3.370908e+00 -7.134058e-03 
 3.371306e+00 -6.932450e-03 
 3.371703e+00 -6.675804e-03 
 3.372101e+00 -6.333345e-03 
 3.372499e+00 -5.888125e-03 
 3.372896e+00 -5.332855e-03 
 3.373294e+00 -4.681376e-03 
 3.373692e+00 -3.952411e-03 
 3.374089e+00 -3.161552e-03 
 3.374487e+00 -2.319080e-03 
 3.374885e+00 -1.427782e-03 
 3.375283e+00 -4.780723e-04 
 3.375680e+00  5.326927e-04 
 3.376078e+00  1.613139e-03 
 3.376476e+00  2.771792e-03 
 3.376873e+00  4.003170e-03 
 3.377271e+00  5.282756e-03 
 3.377669e+00  6.587003e-03 
 3.378066e+00  7.888452e-03 
 3.378464e+00  9.169178e-03 
 3.378862e+00  1.041335e-02 
 3.379260e+00  1.160493e-02 
 3.379657e+00  1.273441e-02 
 3.380055e+00  1.380605e-02 
 3.380453e+00  1.483329e-02 
 3.380850e+00  1.583217e-02 
 3.381248e+00  1.681913e-02 
 3.381646e+00  1.779821e-02 
 3.382043e+00  1.877731e-02 
 3.382441e+00  1.975702e-02 
 3.382839e+00  2.072497e-02 
 3.383236e+00  2.166729e-02 
 3.383634e+00  2.256851e-02 
 3.384032e+00  2.341531e-02 
 3.384430e+00  2.420070e-02 
 3.384827e+00  2.492155e-02 
 3.385225e+00  2.557418e-02 
 3.385623e+00  2.613961e-02 
 3.386020e+00  2.660084e-02 
 3.386418e+00  2.693896e-02 
 3.386816e+00  2.712474e-02 
 3.387213e+00  2.714909e-02 
 3.387611e+00  2.700190e-02 
 3.388009e+00  2.667338e-02 
 3.388407e+00  2.616831e-02 
 3.388804e+00  2.550401e-02 
 3.389202e+00  2.470408e-02 
 3.389600e+00  2.379354e-02 
 3.389997e+00  2.280595e-02 
 3.390395e+00  2.176839e-02 
 3.390793e+00  2.070946e-02 
 3.391190e+00  1.963860e-02 
 3.391588e+00  1.856092e-02 
 3.391986e+00  1.747949e-02 
 3.392383e+00  1.639730e-02 
 3.392781e+00  1.531788e-02 
 3.393179e+00  1.424178e-02 
 3.393577e+00  1.316704e-02 
 3.393974e+00  1.209833e-02 
 3.394372e+00  1.104315e-02 
 3.394770e+00  1.001075e-02 
 3.395167e+00  8.998879e-03 
 3.395565e+00  7.995072e-03 
 3.395963e+00  6.991454e-03 
 3.396360e+00  5.985148e-03 
 3.396758e+00  4.979183e-03 
 3.397156e+00  3.970996e-03 
 3.397554e+00  2.953253e-03 
 3.397951e+00  1.920827e-03 
 3.398349e+00  8.753453e-04 
 3.398747e+00 -1.702061e-04 
 3.399144e+00 -1.211124e-03 
 3.399542e+00 -2.238210e-03 
 3.399940e+00 -3.235736e-03 
 3.400337e+00 -4.188803e-03 
 3.400735e+00 -5.080752e-03 
 3.401133e+00 -5.907030e-03 
 3.401530e+00 -6.671934e-03 
 3.401928e+00 -7.396907e-03 
 3.402326e+00 -8.094248e-03 
 3.402724e+00 -8.774783e-03 
 3.403121e+00 -9.453440e-03 
 3.403519e+00 -1.013566e-02 
 3.403917e+00 -1.082220e-02 
 3.404314e+00 -1.150263e-02 
 3.404712e+00 -1.216293e-02 
 3.405110e+00 -1.280043e-02 
 3.405507e+00 -1.341540e-02 
 3.405905e+00 -1.402695e-02 
 3.406303e+00 -1.465374e-02 
 3.406701e+00 -1.531337e-02 
 3.407098e+00 -1.601629e-02 
 3.407496e+00 -1.675711e-02 
 3.407894e+00 -1.752557e-02 
 3.408291e+00 -1.829028e-02 
 3.408689e+00 -1.902844e-02 
 3.409087e+00 -1.973881e-02 
 3.409484e+00 -2.043328e-02 
 3.409882e+00 -2.113677e-02 
 3.410280e+00 -2.186911e-02 
 3.410677e+00 -2.264700e-02 
 3.411075e+00 -2.347918e-02 
 3.411473e+00 -2.436961e-02 
 3.411871e+00 -2.531629e-02 
 3.412268e+00 -2.630104e-02 
 3.412666e+00 -2.731149e-02 
 3.413064e+00 -2.833281e-02 
 3.413461e+00 -2.935276e-02 
 3.413859e+00 -3.034935e-02 
 3.414257e+00 -3.130948e-02 
 3.414654e+00 -3.222069e-02 
 3.415052e+00 -3.308612e-02 
 3.415450e+00 -3.393058e-02 
 3.415848e+00 -3.478320e-02 
 3.416245e+00 -3.565917e-02 
 3.416643e+00 -3.656851e-02 
 3.417041e+00 -3.751404e-02 
 3.417438e+00 -3.849856e-02 
 3.417836e+00 -3.951622e-02 
 3.418234e+00 -4.055443e-02 
 3.418631e+00 -4.161538e-02 
 3.419029e+00 -4.269252e-02 
 3.419427e+00 -4.378893e-02 
 3.419824e+00 -4.490888e-02 
 3.420222e+00 -4.604580e-02 
 3.420620e+00 -4.718792e-02 
 3.421018e+00 -4.831835e-02 
 3.421415e+00 -4.942744e-02 
 3.421813e+00 -5.050179e-02 
 3.422211e+00 -5.151305e-02 
 3.422608e+00 -5.243823e-02 
 3.423006e+00 -5.326771e-02 
 3.423404e+00 -5.398434e-02 
 3.423801e+00 -5.457966e-02 
 3.424199e+00 -5.505168e-02 
 3.424597e+00 -5.540425e-02 
 3.424995e+00 -5.564553e-02 
 3.425392e+00 -5.579697e-02 
 3.425790e+00 -5.587463e-02 
 3.426188e+00 -5.587772e-02 
 3.426585e+00 -5.580086e-02 
 3.426983e+00 -5.563278e-02 
 3.427381e+00 -5.537168e-02 
 3.427778e+00 -5.501551e-02 
 3.428176e+00 -5.458362e-02 
 3.428574e+00 -5.408642e-02 
 3.428971e+00 -5.354719e-02 
 3.429369e+00 -5.299761e-02 
 3.429767e+00 -5.246341e-02 
 3.430165e+00 -5.196354e-02 
 3.430562e+00 -5.149495e-02 
 3.430960e+00 -5.105862e-02 
 3.431358e+00 -5.065524e-02 
 3.431755e+00 -5.027503e-02 
 3.432153e+00 -4.990113e-02 
 3.432551e+00 -4.950433e-02 
 3.432948e+00 -4.905233e-02 
 3.433346e+00 -4.852307e-02 
 3.433744e+00 -4.790925e-02 
 3.434142e+00 -4.722816e-02 
 3.434539e+00 -4.650150e-02 
 3.434937e+00 -4.575833e-02 
 3.435335e+00 -4.502905e-02 
 3.435732e+00 -4.434265e-02 
 3.436130e+00 -4.370739e-02 
 3.436528e+00 -4.311898e-02 
 3.436925e+00 -4.256594e-02 
 3.437323e+00 -4.203711e-02 
 3.437721e+00 -4.154133e-02 
 3.438118e+00 -4.109427e-02 
 3.438516e+00 -4.070300e-02 
 3.438914e+00 -4.038407e-02 
 3.439312e+00 -4.014901e-02 
 3.439709e+00 -3.999690e-02 
 3.440107e+00 -3.990333e-02 
 3.440505e+00 -3.984847e-02 
 3.440902e+00 -3.979856e-02 
 3.441300e+00 -3.973225e-02 
 3.441698e+00 -3.963066e-02 
 3.442095e+00 -3.948300e-02 
 3.442493e+00 -3.927961e-02 
 3.442891e+00 -3.902411e-02 
 3.443289e+00 -3.872893e-02 
 3.443686e+00 -3.841553e-02 
 3.444084e+00 -3.810389e-02 
 3.444482e+00 -3.780610e-02 
 3.444879e+00 -3.752263e-02 
 3.445277e+00 -3.725421e-02 
 3.445675e+00 -3.698402e-02 
 3.446072e+00 -3.670862e-02 
 3.446470e+00 -3.642577e-02 
 3.446868e+00 -3.614415e-02 
 3.447265e+00 -3.588251e-02 
 3.447663e+00 -3.565353e-02 
 3.448061e+00 -3.546946e-02 
 3.448459e+00 -3.532691e-02 
 3.448856e+00 -3.521902e-02 
 3.449254e+00 -3.513762e-02 
 3.449652e+00 -3.507239e-02 
 3.450049e+00 -3.501144e-02 
 3.450447e+00 -3.493538e-02 
 3.450845e+00 -3.482893e-02 
 3.451242e+00 -3.467325e-02 
 3.451640e+00 -3.445381e-02 
 3.452038e+00 -3.415430e-02 
 3.452436e+00 -3.376082e-02 
 3.452833e+00 -3.327816e-02 
 3.453231e+00 -3.272097e-02 
 3.453629e+00 -3.210314e-02 
 3.454026e+00 -3.144166e-02 
 3.454424e+00 -3.074929e-02 
 3.454822e+00 -3.003994e-02 
 3.455219e+00 -2.932067e-02 
 3.455617e+00 -2.860632e-02 
 3.456015e+00 -2.789068e-02 
 3.456412e+00 -2.716736e-02 
 3.456810e+00 -2.643389e-02 
 3.457208e+00 -2.568841e-02 
 3.457606e+00 -2.493256e-02 
 3.458003e+00 -2.416256e-02 
 3.458401e+00 -2.337690e-02 
 3.458799e+00 -2.257617e-02 
 3.459196e+00 -2.175510e-02 
 3.459594e+00 -2.090634e-02 
 3.459992e+00 -2.001060e-02 
 3.460389e+00 -1.905632e-02 
 3.460787e+00 -1.803231e-02 
 3.461185e+00 -1.694262e-02 
 3.461583e+00 -1.580850e-02 
 3.461980e+00 -1.463930e-02 
 3.462378e+00 -1.346088e-02 
 3.462776e+00 -1.229213e-02 
 3.463173e+00 -1.115501e-02 
 3.463571e+00 -1.007062e-02 
 3.463969e+00 -9.043615e-03 
 3.464366e+00 -8.071554e-03 
 3.464764e+00 -7.148469e-03 
 3.465162e+00 -6.274874e-03 
 3.465559e+00 -5.444828e-03 
 3.465957e+00 -4.652956e-03 
 3.466355e+00 -3.894205e-03 
 3.466753e+00 -3.160246e-03 
 3.467150e+00 -2.455210e-03 
 3.467548e+00 -1.774759e-03 
 3.467946e+00 -1.107401e-03 
 3.468343e+00 -4.398907e-04 
 3.468741e+00  2.438895e-04 
 3.469139e+00  9.527591e-04 
 3.469536e+00  1.691984e-03 
 3.469934e+00  2.468753e-03 
 3.470332e+00  3.286864e-03 
 3.470730e+00  4.145324e-03 
 3.471127e+00  5.023706e-03 
 3.471525e+00  5.912399e-03 
 3.471923e+00  6.782228e-03 
 3.472320e+00  7.619039e-03 
 3.472718e+00  8.416659e-03 
 3.473116e+00  9.168706e-03 
 3.473513e+00  9.876736e-03 
 3.473911e+00  1.055709e-02 
 3.474309e+00  1.122750e-02 
 3.474706e+00  1.190352e-02 
 3.475104e+00  1.257474e-02 
 3.475502e+00  1.323353e-02 
 3.475900e+00  1.387531e-02 
 3.476297e+00  1.449224e-02 
 3.476695e+00  1.509976e-02 
 3.477093e+00  1.570217e-02 
 3.477490e+00  1.630523e-02 
 3.477888e+00  1.689938e-02 
 3.478286e+00  1.748274e-02 
 3.478683e+00  1.805584e-02 
 3.479081e+00  1.860197e-02 
 3.479479e+00  1.910791e-02 
 3.479877e+00  1.956931e-02 
 3.480274e+00  1.998475e-02 
 3.480672e+00  2.035435e-02 
 3.481070e+00  2.067315e-02 
 3.481467e+00  2.092643e-02 
 3.481865e+00  2.109846e-02 
 3.482263e+00  2.118335e-02 
 3.482660e+00  2.119765e-02 
 3.483058e+00  2.116376e-02 
 3.483456e+00  2.109775e-02 
 3.483853e+00  2.100635e-02 
 3.484251e+00  2.089695e-02 
 3.484649e+00  2.076318e-02 
 3.485047e+00  2.059630e-02 
 3.485444e+00  2.040234e-02 
 3.485842e+00  2.018310e-02 
 3.486240e+00  1.994650e-02 
 3.486637e+00  1.969924e-02 
 3.487035e+00  1.944581e-02 
 3.487433e+00  1.917994e-02 
 3.487830e+00  1.890180e-02 
 3.488228e+00  1.862725e-02 
 3.488626e+00  1.838340e-02 
 3.489024e+00  1.818992e-02 
 3.489421e+00  1.805610e-02 
 3.489819e+00  1.797278e-02 
 3.490217e+00  1.790921e-02 
 3.490614e+00  1.782566e-02 
 3.491012e+00  1.768856e-02 
 3.491410e+00  1.747454e-02 
 3.491807e+00  1.717938e-02 
 3.492205e+00  1.682305e-02 
 3.492603e+00  1.643194e-02 
 3.493000e+00  1.602327e-02 
 3.493398e+00  1.560929e-02 
 3.493796e+00  1.518881e-02 
 3.494194e+00  1.476644e-02 
 3.494591e+00  1.433634e-02 
 3.494989e+00  1.389948e-02 
 3.495387e+00  1.345175e-02 
 3.495784e+00  1.299941e-02 
 3.496182e+00  1.254495e-02 
 3.496580e+00  1.210031e-02 
 3.496977e+00  1.167267e-02 
 3.497375e+00  1.125763e-02 
 3.497773e+00  1.084478e-02 
 3.498171e+00  1.043042e-02 
 3.498568e+00  9.997745e-03 
 3.498966e+00  9.531628e-03 
 3.499364e+00  9.022525e-03 
 3.499761e+00  8.467266e-03 
 3.500159e+00  7.864795e-03 
 3.500557e+00  7.224546e-03 
 3.500954e+00  6.557065e-03 
 3.501352e+00  5.870916e-03 
 3.501750e+00  5.191885e-03 
 3.502147e+00  4.537316e-03 
 3.502545e+00  3.921872e-03 
 3.502943e+00  3.346243e-03 
 3.503341e+00  2.801327e-03 
 3.503738e+00  2.267259e-03 
 3.504136e+00  1.724795e-03 
 3.504534e+00  1.156789e-03 
 3.504931e+00  5.534013e-04 
 3.505329e+00 -9.344976e-05 
 3.505727e+00 -7.864189e-04 
 3.506124e+00 -1.520125e-03 
 3.506522e+00 -2.296760e-03 
 3.506920e+00 -3.123977e-03 
 3.507318e+00 -4.015391e-03 
 3.507715e+00 -4.959473e-03 
 3.508113e+00 -5.950942e-03 
 3.508511e+00 -6.975402e-03 
 3.508908e+00 -8.016978e-03 
 3.509306e+00 -9.074454e-03 
 3.509704e+00 -1.015801e-02 
 3.510101e+00 -1.128382e-02 
 3.510499e+00 -1.246706e-02 
 3.510897e+00 -1.372003e-02 
 3.511294e+00 -1.504311e-02 
 3.511692e+00 -1.641392e-02 
 3.512090e+00 -1.779982e-02 
 3.512488e+00 -1.917261e-02 
 3.512885e+00 -2.052844e-02 
 3.513283e+00 -2.187190e-02 
 3.513681e+00 -2.322841e-02 
 3.514078e+00 -2.460923e-02 
 3.514476e+00 -2.601572e-02 
 3.514874e+00 -2.743223e-02 
 3.515271e+00 -2.884868e-02 
 3.515669e+00 -3.025307e-02 
 3.516067e+00 -3.164192e-02 
 3.516465e+00 -3.302139e-02 
 3.516862e+00 -3.438504e-02 
 3.517260e+00 -3.573227e-02 
 3.517658e+00 -3.703785e-02 
 3.518055e+00 -3.827953e-02 
 3.518453e+00 -3.943171e-02 
 3.518851e+00 -4.049047e-02 
 3.519248e+00 -4.146017e-02 
 3.519646e+00 -4.235531e-02 
 3.520044e+00 -4.319072e-02 
 3.520441e+00 -4.395294e-02 
 3.520839e+00 -4.462407e-02 
 3.521237e+00 -4.518790e-02 
 3.521635e+00 -4.561939e-02 
 3.522032e+00 -4.591785e-02 
 3.522430e+00 -4.610573e-02 
 3.522828e+00 -4.621828e-02 
 3.523225e+00 -4.630297e-02 
 3.523623e+00 -4.639573e-02 
 3.524021e+00 -4.652389e-02 
 3.524418e+00 -4.668822e-02 
 3.524816e+00 -4.688017e-02 
 3.525214e+00 -4.708505e-02 
 3.525612e+00 -4.728407e-02 
 3.526009e+00 -4.746552e-02 
 3.526407e+00 -4.761564e-02 
 3.526805e+00 -4.773269e-02 
 3.527202e+00 -4.780946e-02 
 3.527600e+00 -4.784554e-02 
 3.527998e+00 -4.783289e-02 
 3.528395e+00 -4.776797e-02 
 3.528793e+00 -4.765769e-02 
 3.529191e+00 -4.751442e-02 
 3.529588e+00 -4.735049e-02 
 3.529986e+00 -4.717368e-02 
 3.530384e+00 -4.698174e-02 
 3.530782e+00 -4.677703e-02 
 3.531179e+00 -4.655632e-02 
 3.531577e+00 -4.632268e-02 
 3.531975e+00 -4.608761e-02 
 3.532372e+00 -4.587066e-02 
 3.532770e+00 -4.570056e-02 
 3.533168e+00 -4.560047e-02 
 3.533565e+00 -4.557127e-02 
 3.533963e+00 -4.560618e-02 
 3.534361e+00 -4.567948e-02 
 3.534759e+00 -4.577722e-02 
 3.535156e+00 -4.590024e-02 
 3.535554e+00 -4.604872e-02 
 3.535952e+00 -4.622124e-02 
 3.536349e+00 -4.642171e-02 
 3.536747e+00 -4.664161e-02 
 3.537145e+00 -4.686994e-02 
 3.537542e+00 -4.709337e-02 
 3.537940e+00 -4.729309e-02 
 3.538338e+00 -4.746270e-02 
 3.538735e+00 -4.761366e-02 
 3.539133e+00 -4.776825e-02 
 3.539531e+00 -4.794354e-02 
 3.539929e+00 -4.814120e-02 
 3.540326e+00 -4.834530e-02 
 3.540724e+00 -4.853798e-02 
 3.541122e+00 -4.871901e-02 
 3.541519e+00 -4.889182e-02 
 3.541917e+00 -4.907989e-02 
 3.542315e+00 -4.930200e-02 
 3.542712e+00 -4.958246e-02 
 3.543110e+00 -4.991968e-02 
 3.543508e+00 -5.029892e-02 
 3.543906e+00 -5.067772e-02 
 3.544303e+00 -5.101448e-02 
 3.544701e+00 -5.127801e-02 
 3.545099e+00 -5.145800e-02 
 3.545496e+00 -5.156023e-02 
 3.545894e+00 -5.158557e-02 
 3.546292e+00 -5.153514e-02 
 3.546689e+00 -5.139558e-02 
 3.547087e+00 -5.115866e-02 
 3.547485e+00 -5.082174e-02 
 3.547882e+00 -5.039201e-02 
 3.548280e+00 -4.988364e-02 
 3.548678e+00 -4.931281e-02 
 3.549076e+00 -4.868430e-02 
 3.549473e+00 -4.799960e-02 
 3.549871e+00 -4.724022e-02 
 3.550269e+00 -4.639261e-02 
 3.550666e+00 -4.545764e-02 
 3.551064e+00 -4.444302e-02 
 3.551462e+00 -4.337933e-02 
 3.551859e+00 -4.229850e-02 
 3.552257e+00 -4.121802e-02 
 3.552655e+00 -4.014685e-02 
 3.553053e+00 -3.906950e-02 
 3.553450e+00 -3.797259e-02 
 3.553848e+00 -3.684152e-02 
 3.554246e+00 -3.567733e-02 
 3.554643e+00 -3.448474e-02 
 3.555041e+00 -3.328456e-02 
 3.555439e+00 -3.208749e-02 
 3.555836e+00 -3.089957e-02 
 3.556234e+00 -2.971706e-02 
 3.556632e+00 -2.854448e-02 
 3.557029e+00 -2.737879e-02 
 3.557427e+00 -2.622558e-02 
 3.557825e+00 -2.509682e-02 
 3.558223e+00 -2.399696e-02 
 3.558620e+00 -2.293818e-02 
 3.559018e+00 -2.193321e-02 
 3.559416e+00 -2.099112e-02 
 3.559813e+00 -2.012763e-02 
 3.560211e+00 -1.935959e-02 
 3.560609e+00 -1.870565e-02 
 3.561006e+00 -1.817755e-02 
 3.561404e+00 -1.777775e-02 
 3.561802e+00 -1.748747e-02 
 3.562200e+00 -1.727720e-02 
 3.562597e+00 -1.710766e-02 
 3.562995e+00 -1.693947e-02 
 3.563393e+00 -1.673978e-02 
 3.563790e+00 -1.648766e-02 
 3.564188e+00 -1.617287e-02 
 3.564586e+00 -1.580355e-02 
 3.564983e+00 -1.539576e-02 
 3.565381e+00 -1.496881e-02 
 3.565779e+00 -1.454171e-02 
 3.566176e+00 -1.411632e-02 
 3.566574e+00 -1.370170e-02 
 3.566972e+00 -1.330076e-02 
 3.567370e+00 -1.291732e-02 
 3.567767e+00 -1.255800e-02 
 3.568165e+00 -1.222287e-02 
 3.568563e+00 -1.191149e-02 
 3.568960e+00 -1.162008e-02 
 3.569358e+00 -1.133501e-02 
 3.569756e+00 -1.103898e-02 
 3.570153e+00 -1.071403e-02 
 3.570551e+00 -1.034638e-02 
 3.570949e+00 -9.932705e-03 
 3.571347e+00 -9.476656e-03 
 3.571744e+00 -8.978694e-03 
 3.572142e+00 -8.427394e-03 
 3.572540e+00 -7.807241e-03 
 3.572937e+00 -7.110486e-03 
 3.573335e+00 -6.331121e-03 
 3.573733e+00 -5.468098e-03 
 3.574130e+00 -4.540113e-03 
 3.574528e+00 -3.575748e-03 
 3.574926e+00 -2.607192e-03 
 3.575323e+00 -1.656380e-03 
 3.575721e+00 -7.298135e-04 
 3.576119e+00  1.896114e-04 
 3.576517e+00  1.124947e-03 
 3.576914e+00  2.090967e-03 
 3.577312e+00  3.091976e-03 
 3.577710e+00  4.124611e-03 
 3.578107e+00  5.177759e-03 
 3.578505e+00  6.239575e-03 
 3.578903e+00  7.289798e-03 
 3.579300e+00  8.317677e-03 
 3.579698e+00  9.318271e-03 
 3.580096e+00  1.028737e-02 
 3.580494e+00  1.122687e-02 
 3.580891e+00  1.213696e-02 
 3.581289e+00  1.302650e-02 
 3.581687e+00  1.390834e-02 
 3.582084e+00  1.480843e-02 
 3.582482e+00  1.575133e-02 
 3.582880e+00  1.673785e-02 
 3.583277e+00  1.775169e-02 
 3.583675e+00  1.876115e-02 
 3.584073e+00  1.972025e-02 
 3.584470e+00  2.058870e-02 
 3.584868e+00  2.132650e-02 
 3.585266e+00  2.191779e-02 
 3.585664e+00  2.236066e-02 
 3.586061e+00  2.267083e-02 
 3.586459e+00  2.285913e-02 
 3.586857e+00  2.292226e-02 
 3.587254e+00  2.285747e-02 
 3.587652e+00  2.265740e-02 
 3.588050e+00  2.232683e-02 
 3.588447e+00  2.188386e-02 
 3.588845e+00  2.134205e-02 
 3.589243e+00  2.072904e-02 
 3.589641e+00  2.006175e-02 
 3.590038e+00  1.935882e-02 
 3.590436e+00  1.862448e-02 
 3.590834e+00  1.786021e-02 
 3.591231e+00  1.705994e-02 
 3.591629e+00  1.622595e-02 
 3.592027e+00  1.537378e-02 
 3.592424e+00  1.450667e-02 
 3.592822e+00  1.362800e-02 
 3.593220e+00  1.273231e-02 
 3.593617e+00  1.179963e-02 
 3.594015e+00  1.081879e-02 
 3.594413e+00  9.789246e-03 
 3.594811e+00  8.722139e-03 
 3.595208e+00  7.644734e-03 
 3.595606e+00  6.595760e-03 
 3.596004e+00  5.613416e-03 
 3.596401e+00  4.716899e-03 
 3.596799e+00  3.898287e-03 
 3.597197e+00  3.152120e-03 
 3.597594e+00  2.451601e-03 
 3.597992e+00  1.787192e-03 
 3.598390e+00  1.151527e-03 
 3.598788e+00  5.453555e-04 
 3.599185e+00 -2.909015e-05 
 3.599583e+00 -5.734906e-04 
 3.599981e+00 -1.081778e-03 
 3.600378e+00 -1.548821e-03 
 3.600776e+00 -1.976556e-03 
 3.601174e+00 -2.359470e-03 
 3.601571e+00 -2.688612e-03 
 3.601969e+00 -2.958159e-03 
 3.602367e+00 -3.167354e-03 
 3.602764e+00 -3.333309e-03 
 3.603162e+00 -3.481171e-03 
 3.603560e+00 -3.633827e-03 
 3.603958e+00 -3.812582e-03 
 3.604355e+00 -4.020373e-03 
 3.604753e+00 -4.255003e-03 
 3.605151e+00 -4.503183e-03 
 3.605548e+00 -4.746621e-03 
 3.605946e+00 -4.976333e-03 
 3.606344e+00 -5.201209e-03 
 3.606741e+00 -5.438539e-03 
 3.607139e+00 -5.707019e-03 
 3.607537e+00 -6.016401e-03 
 3.607935e+00 -6.370093e-03 
 3.608332e+00 -6.750013e-03 
 3.608730e+00 -7.146389e-03 
 3.609128e+00 -7.567846e-03 
 3.609525e+00 -8.009354e-03 
 3.609923e+00 -8.478980e-03 
 3.610321e+00 -8.987723e-03 
 3.610718e+00 -9.547305e-03 
 3.611116e+00 -1.016242e-02 
 3.611514e+00 -1.083977e-02 
 3.611911e+00 -1.158009e-02 
 3.612309e+00 -1.238558e-02 
 3.612707e+00 -1.326309e-02 
 3.613105e+00 -1.420935e-02 
 3.613502e+00 -1.521693e-02 
 3.613900e+00 -1.626334e-02 
 3.614298e+00 -1.731022e-02 
 3.614695e+00 -1.833033e-02 
 3.615093e+00 -1.931482e-02 
 3.615491e+00 -2.026058e-02 
 3.615888e+00 -2.118468e-02 
 3.616286e+00 -2.211575e-02 
 3.616684e+00 -2.306993e-02 
 3.617082e+00 -2.406719e-02 
 3.617479e+00 -2.510822e-02 
 3.617877e+00 -2.618297e-02 
 3.618275e+00 -2.728047e-02 
 3.618672e+00 -2.839450e-02 
 3.619070e+00 -2.952419e-02 
 3.619468e+00 -3.067033e-02 
 3.619865e+00 -3.182499e-02 
 3.620263e+00 -3.298190e-02 
 3.620661e+00 -3.413096e-02 
 3.621058e+00 -3.526784e-02 
 3.621456e+00 -3.639892e-02 
 3.621854e+00 -3.752108e-02 
 3.622252e+00 -3.863585e-02 
 3.622649e+00 -3.973235e-02 
 3.623047e+00 -4.079906e-02 
 3.623445e+00 -4.180780e-02 
 3.623842e+00 -4.273397e-02 
 3.624240e+00 -4.355665e-02 
 3.624638e+00 -4.426064e-02 
 3.625035e+00 -4.484792e-02 
 3.625433e+00 -4.532086e-02 
 3.625831e+00 -4.568688e-02 
 3.626229e+00 -4.595123e-02 
 3.626626e+00 -4.613523e-02 
 3.627024e+00 -4.624675e-02 
 3.627422e+00 -4.629924e-02 
 3.627819e+00 -4.630613e-02 
 3.628217e+00 -4.625779e-02 
 3.628615e+00 -4.617332e-02 
 3.629012e+00 -4.605901e-02 
 3.629410e+00 -4.592384e-02 
 3.629808e+00 -4.578447e-02 
 3.630205e+00 -4.563771e-02 
 3.630603e+00 -4.549882e-02 
 3.631001e+00 -4.537027e-02 
 3.631399e+00 -4.524889e-02 
 3.631796e+00 -4.511824e-02 
 3.632194e+00 -4.495627e-02 
 3.632592e+00 -4.473800e-02 
 3.632989e+00 -4.445810e-02 
 3.633387e+00 -4.410717e-02 
 3.633785e+00 -4.370185e-02 
 3.634182e+00 -4.324638e-02 
 3.634580e+00 -4.277535e-02 
 3.634978e+00 -4.233139e-02 
 3.635376e+00 -4.193982e-02 
 3.635773e+00 -4.163289e-02 
 3.636171e+00 -4.143758e-02 
 3.636569e+00 -4.136692e-02 
 3.636966e+00 -4.142934e-02 
 3.637364e+00 -4.161329e-02 
 3.637762e+00 -4.189856e-02 
 3.638159e+00 -4.225291e-02 
 3.638557e+00 -4.263565e-02 
 3.638955e+00 -4.302872e-02 
 3.639352e+00 -4.342362e-02 
 3.639750e+00 -4.381060e-02 
 3.640148e+00 -4.418971e-02 
 3.640546e+00 -4.456456e-02 
 3.640943e+00 -4.493451e-02 
 3.641341e+00 -4.529273e-02 
 3.641739e+00 -4.562607e-02 
 3.642136e+00 -4.592326e-02 
 3.642534e+00 -4.618489e-02 
 3.642932e+00 -4.640566e-02 
 3.643329e+00 -4.658783e-02 
 3.643727e+00 -4.672518e-02 
 3.644125e+00 -4.680596e-02 
 3.644523e+00 -4.683715e-02 
 3.644920e+00 -4.682285e-02 
 3.645318e+00 -4.678059e-02 
 3.645716e+00 -4.672740e-02 
 3.646113e+00 -4.667407e-02 
 3.646511e+00 -4.661828e-02 
 3.646909e+00 -4.655127e-02 
 3.647306e+00 -4.647603e-02 
 3.647704e+00 -4.637727e-02 
 3.648102e+00 -4.625325e-02 
 3.648499e+00 -4.610009e-02 
 3.648897e+00 -4.593302e-02 
 3.649295e+00 -4.575394e-02 
 3.649693e+00 -4.556344e-02 
 3.650090e+00 -4.536016e-02 
 3.650488e+00 -4.512905e-02 
 3.650886e+00 -4.485238e-02 
 3.651283e+00 -4.450495e-02 
 3.651681e+00 -4.407050e-02 
 3.652079e+00 -4.354234e-02 
 3.652476e+00 -4.291663e-02 
 3.652874e+00 -4.219497e-02 
 3.653272e+00 -4.139788e-02 
 3.653670e+00 -4.054449e-02 
 3.654067e+00 -3.965976e-02 
 3.654465e+00 -3.877681e-02 
 3.654863e+00 -3.793031e-02 
 3.655260e+00 -3.714180e-02 
 3.655658e+00 -3.641833e-02 
 3.656056e+00 -3.575402e-02 
 3.656453e+00 -3.512104e-02 
 3.656851e+00 -3.448970e-02 
 3.657249e+00 -3.383068e-02 
 3.657646e+00 -3.310611e-02 
 3.658044e+00 -3.230196e-02 
 3.658442e+00 -3.142045e-02 
 3.658840e+00 -3.047004e-02 
 3.659237e+00 -2.946976e-02 
 3.659635e+00 -2.843816e-02 
 3.660033e+00 -2.738782e-02 
 3.660430e+00 -2.633069e-02 
 3.660828e+00 -2.527854e-02 
 3.661226e+00 -2.424691e-02 
 3.661623e+00 -2.324019e-02 
 3.662021e+00 -2.228009e-02 
 3.662419e+00 -2.137003e-02 
 3.662817e+00 -2.052414e-02 
 3.663214e+00 -1.975260e-02 
 3.663612e+00 -1.905177e-02 
 3.664010e+00 -1.842631e-02 
 3.664407e+00 -1.788243e-02 
 3.664805e+00 -1.742328e-02 
 3.665203e+00 -1.704323e-02 
 3.665600e+00 -1.672365e-02 
 3.665998e+00 -1.643901e-02 
 3.666396e+00 -1.616209e-02 
 3.666793e+00 -1.586842e-02 
 3.667191e+00 -1.555762e-02 
 3.667589e+00 -1.522275e-02 
 3.667987e+00 -1.488015e-02 
 3.668384e+00 -1.456581e-02 
 3.668782e+00 -1.428403e-02 
 3.669180e+00 -1.403613e-02 
 3.669577e+00 -1.379662e-02 
 3.669975e+00 -1.351963e-02 
 3.670373e+00 -1.317676e-02 
 3.670770e+00 -1.275037e-02 
 3.671168e+00 -1.223918e-02 
 3.671566e+00 -1.165529e-02 
 3.671964e+00 -1.101541e-02 
 3.672361e+00 -1.034966e-02 
 3.672759e+00 -9.679062e-03 
 3.673157e+00 -9.022005e-03 
 3.673554e+00 -8.385475e-03 
 3.673952e+00 -7.764166e-03 
 3.674350e+00 -7.161924e-03 
 3.674747e+00 -6.574463e-03 
 3.675145e+00 -5.993133e-03 
 3.675543e+00 -5.397677e-03 
 3.675940e+00 -4.760177e-03 
 3.676338e+00 -4.053421e-03 
 3.676736e+00 -3.268848e-03 
 3.677134e+00 -2.406089e-03 
 3.677531e+00 -1.471755e-03 
 3.677929e+00 -4.761685e-04 
 3.678327e+00  5.586168e-04 
 3.678724e+00  1.611892e-03 
 3.679122e+00  2.671765e-03 
 3.679520e+00  3.726555e-03 
 3.679917e+00  4.784217e-03 
 3.680315e+00  5.839581e-03 
 3.680713e+00  6.867698e-03 
 3.681111e+00  7.849143e-03 
 3.681508e+00  8.754624e-03 
 3.681906e+00  9.558731e-03 
 3.682304e+00  1.025302e-02 
 3.682701e+00  1.084495e-02 
 3.683099e+00  1.134703e-02 
 3.683497e+00  1.178291e-02 
 3.683894e+00  1.217943e-02 
 3.684292e+00  1.255599e-02 
 3.684690e+00  1.291903e-02 
 3.685087e+00  1.327618e-02 
 3.685485e+00  1.362662e-02 
 3.685883e+00  1.396079e-02 
 3.686281e+00  1.427289e-02 
 3.686678e+00  1.455028e-02 
 3.687076e+00  1.476741e-02 
 3.687474e+00  1.490818e-02 
 3.687871e+00  1.495410e-02 
 3.688269e+00  1.489388e-02 
 3.688667e+00  1.474335e-02 
 3.689064e+00  1.451981e-02 
 3.689462e+00  1.424735e-02 
 3.689860e+00  1.394791e-02 
 3.690258e+00  1.363759e-02 
 3.690655e+00  1.330263e-02 
 3.691053e+00  1.292612e-02 
 3.691451e+00  1.248889e-02 
 3.691848e+00  1.197030e-02 
 3.692246e+00  1.137457e-02 
 3.692644e+00  1.072270e-02 
 3.693041e+00  1.003662e-02 
 3.693439e+00  9.341914e-03 
 3.693837e+00  8.656886e-03 
 3.694234e+00  7.985945e-03 
 3.694632e+00  7.337424e-03 
 3.695030e+00  6.708633e-03 
 3.695428e+00  6.098367e-03 
 3.695825e+00  5.498737e-03 
 3.696223e+00  4.899284e-03 
 3.696621e+00  4.283230e-03 
 3.697018e+00  3.632471e-03 
 3.697416e+00  2.941543e-03 
 3.697814e+00  2.220052e-03 
 3.698211e+00  1.484034e-03 
 3.698609e+00  7.541832e-04 
 3.699007e+00  6.619480e-05 
 3.699405e+00 -5.668925e-04 
 3.699802e+00 -1.140040e-03 
 3.700200e+00 -1.666790e-03 
 3.700598e+00 -2.178060e-03 
 3.700995e+00 -2.699723e-03 
 3.701393e+00 -3.236016e-03 
 3.701791e+00 -3.776656e-03 
 3.702188e+00 -4.301204e-03 
 3.702586e+00 -4.781191e-03 
 3.702984e+00 -5.193701e-03 
 3.703381e+00 -5.527389e-03 
 3.703779e+00 -5.788240e-03 
 3.704177e+00 -6.003695e-03 
 3.704575e+00 -6.205559e-03 
 3.704972e+00 -6.414137e-03 
 3.705370e+00 -6.649432e-03 
 3.705768e+00 -6.912488e-03 
 3.706165e+00 -7.195455e-03 
 3.706563e+00 -7.504416e-03 
 3.706961e+00 -7.838689e-03 
 3.707358e+00 -8.191631e-03 
 3.707756e+00 -8.545996e-03 
 3.708154e+00 -8.898472e-03 
 3.708551e+00 -9.227924e-03 
 3.708949e+00 -9.533130e-03 
 3.709347e+00 -9.812763e-03 
 3.709745e+00 -1.008056e-02 
 3.710142e+00 -1.036656e-02 
 3.710540e+00 -1.070471e-02 
 3.710938e+00 -1.111843e-02 
 3.711335e+00 -1.160034e-02 
 3.711733e+00 -1.213872e-02 
 3.712131e+00 -1.271607e-02 
 3.712528e+00 -1.331677e-02 
 3.712926e+00 -1.394144e-02 
 3.713324e+00 -1.460509e-02 
 3.713722e+00 -1.531752e-02 
 3.714119e+00 -1.609662e-02 
 3.714517e+00 -1.694684e-02 
 3.714915e+00 -1.787136e-02 
 3.715312e+00 -1.886871e-02 
 3.715710e+00 -1.993781e-02 
 3.716108e+00 -2.108486e-02 
 3.716505e+00 -2.231282e-02 
 3.716903e+00 -2.361709e-02 
 3.717301e+00 -2.497230e-02 
 3.717698e+00 -2.634384e-02 
 3.718096e+00 -2.768436e-02 
 3.718494e+00 -2.896536e-02 
 3.718892e+00 -3.016445e-02 
 3.719289e+00 -3.128754e-02 
 3.719687e+00 -3.234398e-02 
 3.720085e+00 -3.335006e-02 
 3.720482e+00 -3.431607e-02 
 3.720880e+00 -3.523784e-02 
 3.721278e+00 -3.609295e-02 
 3.721675e+00 -3.686026e-02 
 3.722073e+00 -3.752821e-02 
 3.722471e+00 -3.810319e-02 
 3.722869e+00 -3.861619e-02 
 3.723266e+00 -3.910498e-02 
 3.723664e+00 -3.959622e-02 
 3.724062e+00 -4.010812e-02 
 3.724459e+00 -4.065694e-02 
 3.724857e+00 -4.123630e-02 
 3.725255e+00 -4.182857e-02 
 3.725652e+00 -4.241180e-02 
 3.726050e+00 -4.296760e-02 
 3.726448e+00 -4.347602e-02 
 3.726845e+00 -4.392046e-02 
 3.727243e+00 -4.428132e-02 
 3.727641e+00 -4.454406e-02 
 3.728039e+00 -4.469331e-02 
 3.728436e+00 -4.474122e-02 
 3.728834e+00 -4.470613e-02 
 3.729232e+00 -4.461005e-02 
 3.729629e+00 -4.448249e-02 
 3.730027e+00 -4.435493e-02 
 3.730425e+00 -4.424201e-02 
 3.730822e+00 -4.414336e-02 
 3.731220e+00 -4.404694e-02 
 3.731618e+00 -4.394068e-02 
 3.732016e+00 -4.381262e-02 
 3.732413e+00 -4.367274e-02 
 3.732811e+00 -4.354542e-02 
 3.733209e+00 -4.345967e-02 
 3.733606e+00 -4.342085e-02 
 3.734004e+00 -4.343448e-02 
 3.734402e+00 -4.349477e-02 
 3.734799e+00 -4.358469e-02 
 3.735197e+00 -4.368909e-02 
 3.735595e+00 -4.380448e-02 
 3.735992e+00 -4.393501e-02 
 3.736390e+00 -4.406995e-02 
 3.736788e+00 -4.420627e-02 
 3.737186e+00 -4.433439e-02 
 3.737583e+00 -4.443272e-02 
 3.737981e+00 -4.448217e-02 
 3.738379e+00 -4.448489e-02 
 3.738776e+00 -4.446213e-02 
 3.739174e+00 -4.443664e-02 
 3.739572e+00 -4.443366e-02 
 3.739969e+00 -4.446264e-02 
 3.740367e+00 -4.451868e-02 
 3.740765e+00 -4.459191e-02 
 3.741163e+00 -4.467430e-02 
 3.741560e+00 -4.478031e-02 
 3.741958e+00 -4.494380e-02 
 3.742356e+00 -4.519992e-02 
 3.742753e+00 -4.557723e-02 
 3.743151e+00 -4.608811e-02 
 3.743549e+00 -4.671492e-02 
 3.743946e+00 -4.741921e-02 
 3.744344e+00 -4.816137e-02 
 3.744742e+00 -4.891145e-02 
 3.745139e+00 -4.964540e-02 
 3.745537e+00 -5.034043e-02 
 3.745935e+00 -5.097581e-02 
 3.746333e+00 -5.152255e-02 
 3.746730e+00 -5.195876e-02 
 3.747128e+00 -5.226246e-02 
 3.747526e+00 -5.243714e-02 
 3.747923e+00 -5.251761e-02 
 3.748321e+00 -5.254882e-02 
 3.748719e+00 -5.256821e-02 
 3.749116e+00 -5.258933e-02 
 3.749514e+00 -5.260717e-02 
 3.749912e+00 -5.260037e-02 
 3.750310e+00 -5.254007e-02 
 3.750707e+00 -5.241006e-02 
 3.751105e+00 -5.220749e-02 
 3.751503e+00 -5.194194e-02 
 3.751900e+00 -5.162426e-02 
 3.752298e+00 -5.126927e-02 
 3.752696e+00 -5.087062e-02 
 3.753093e+00 -5.041079e-02 
 3.753491e+00 -4.987341e-02 
 3.753889e+00 -4.923955e-02 
 3.754286e+00 -4.850615e-02 
 3.754684e+00 -4.767587e-02 
 3.755082e+00 -4.675657e-02 
 3.755480e+00 -4.576133e-02 
 3.755877e+00 -4.470286e-02 
 3.756275e+00 -4.359833e-02 
 3.756673e+00 -4.247000e-02 
 3.757070e+00 -4.132809e-02 
 3.757468e+00 -4.018961e-02 
 3.757866e+00 -3.906632e-02 
 3.758263e+00 -3.796272e-02 
 3.758661e+00 -3.688046e-02 
 3.759059e+00 -3.581331e-02 
 3.759457e+00 -3.474977e-02 
 3.759854e+00 -3.367518e-02 
 3.760252e+00 -3.258256e-02 
 3.760650e+00 -3.147835e-02 
 3.761047e+00 -3.037630e-02 
 3.761445e+00 -2.929481e-02 
 3.761843e+00 -2.825827e-02 
 3.762240e+00 -2.727830e-02 
 3.762638e+00 -2.635308e-02 
 3.763036e+00 -2.545797e-02 
 3.763433e+00 -2.456297e-02 
 3.763831e+00 -2.363660e-02 
 3.764229e+00 -2.267217e-02 
 3.764627e+00 -2.167697e-02 
 3.765024e+00 -2.065716e-02 
 3.765422e+00 -1.962534e-02 
 3.765820e+00 -1.859058e-02 
 3.766217e+00 -1.756210e-02 
 3.766615e+00 -1.654388e-02 
 3.767013e+00 -1.553968e-02 
 3.767410e+00 -1.455103e-02 
 3.767808e+00 -1.359344e-02 
 3.768206e+00 -1.268579e-02 
 3.768604e+00 -1.183779e-02 
 3.769001e+00 -1.104915e-02 
 3.769399e+00 -1.029974e-02 
 3.769797e+00 -9.568252e-03 
 3.770194e+00 -8.847663e-03 
 3.770592e+00 -8.139052e-03 
 3.770990e+00 -7.444955e-03 
 3.771387e+00 -6.775697e-03 
 3.771785e+00 -6.139494e-03 
 3.772183e+00 -5.538078e-03 
 3.772580e+00 -4.967172e-03 
 3.772978e+00 -4.407983e-03 
 3.773376e+00 -3.837678e-03 
 3.773774e+00 -3.244020e-03 
 3.774171e+00 -2.630390e-03 
 3.774569e+00 -2.021565e-03 
 3.774967e+00 -1.438633e-03 
 3.775364e+00 -8.858374e-04 
 3.775762e+00 -3.645449e-04 
 3.776160e+00  1.291617e-04 
 3.776557e+00  5.894288e-04 
 3.776955e+00  1.018993e-03 
 3.777353e+00  1.421430e-03 
 3.777751e+00  1.805055e-03 
 3.778148e+00  2.183170e-03 
 3.778546e+00  2.579776e-03 
 3.778944e+00  3.005652e-03 
 3.779341e+00  3.481062e-03 
 3.779739e+00  4.019724e-03 
 3.780137e+00  4.620721e-03 
 3.780534e+00  5.268791e-03 
 3.780932e+00  5.938571e-03 
 3.781330e+00  6.615106e-03 
 3.781727e+00  7.291958e-03 
 3.782125e+00  7.973200e-03 
 3.782523e+00  8.666008e-03 
 3.782921e+00  9.373568e-03 
 3.783318e+00  1.010481e-02 
 3.783716e+00  1.085803e-02 
 3.784114e+00  1.161749e-02 
 3.784511e+00  1.236052e-02 
 3.784909e+00  1.306676e-02 
 3.785307e+00  1.371602e-02 
 3.785704e+00  1.429667e-02 
 3.786102e+00  1.480916e-02 
 3.786500e+00  1.526181e-02 
 3.786898e+00  1.566181e-02 
 3.787295e+00  1.602672e-02 
 3.787693e+00  1.637657e-02 
 3.788091e+00  1.672832e-02 
 3.788488e+00  1.708976e-02 
 3.788886e+00  1.747430e-02 
 3.789284e+00  1.788109e-02 
 3.789681e+00  1.830405e-02 
 3.790079e+00  1.871621e-02 
 3.790477e+00  1.909115e-02 
 3.790874e+00  1.940607e-02 
 3.791272e+00  1.964945e-02 
 3.791670e+00  1.982118e-02 
 3.792068e+00  1.993356e-02 
 3.792465e+00  1.999528e-02 
 3.792863e+00  2.001455e-02 
 3.793261e+00  1.999933e-02 
 3.793658e+00  1.994106e-02 
 3.794056e+00  1.982538e-02 
 3.794454e+00  1.965196e-02 
 3.794851e+00  1.942675e-02 
 3.795249e+00  1.916618e-02 
 3.795647e+00  1.888404e-02 
 3.796045e+00  1.859864e-02 
 3.796442e+00  1.831893e-02 
 3.796840e+00  1.805356e-02 
 3.797238e+00  1.780166e-02 
 3.797635e+00  1.756823e-02 
 3.798033e+00  1.735575e-02 
 3.798431e+00  1.716285e-02 
 3.798828e+00  1.698432e-02 
 3.799226e+00  1.681381e-02 
 3.799624e+00  1.663300e-02 
 3.800021e+00  1.641653e-02 
 3.800419e+00  1.614568e-02 
 3.800817e+00  1.580548e-02 
 3.801215e+00  1.540004e-02 
 3.801612e+00  1.493845e-02 
 3.802010e+00  1.444341e-02 
 3.802408e+00  1.392459e-02 
 3.802805e+00  1.337480e-02 
 3.803203e+00  1.277410e-02 
 3.803601e+00  1.209441e-02 
 3.803998e+00  1.131979e-02 
 3.804396e+00  1.044607e-02 
 3.804794e+00  9.486858e-03 
 3.805192e+00  8.472253e-03 
 3.805589e+00  7.433631e-03 
 3.805987e+00  6.392580e-03 
 3.806385e+00  5.365845e-03 
 3.806782e+00  4.369542e-03 
 3.807180e+00  3.421572e-03 
 3.807578e+00  2.528277e-03 
 3.807975e+00  1.682302e-03 
 3.808373e+00  8.751768e-04 
 3.808771e+00  8.162301e-05 
 3.809168e+00 -7.236378e-04 
 3.809566e+00 -1.562903e-03 
 3.809964e+00 -2.454470e-03 
 3.810362e+00 -3.408447e-03 
 3.810759e+00 -4.422083e-03 
 3.811157e+00 -5.473178e-03 
 3.811555e+00 -6.553748e-03 
 3.811952e+00 -7.656350e-03 
 3.812350e+00 -8.786490e-03 
 3.812748e+00 -9.941541e-03 
 3.813145e+00 -1.110442e-02 
 3.813543e+00 -1.225578e-02 
 3.813941e+00 -1.337278e-02 
 3.814339e+00 -1.443426e-02 
 3.814736e+00 -1.542080e-02 
 3.815134e+00 -1.631507e-02 
 3.815532e+00 -1.710715e-02 
 3.815929e+00 -1.780484e-02 
 3.816327e+00 -1.842645e-02 
 3.816725e+00 -1.898538e-02 
 3.817122e+00 -1.950773e-02 
 3.817520e+00 -2.001826e-02 
 3.817918e+00 -2.054121e-02 
 3.818315e+00 -2.109757e-02 
 3.818713e+00 -2.169590e-02 
 3.819111e+00 -2.233608e-02 
 3.819509e+00 -2.299857e-02 
 3.819906e+00 -2.367281e-02 
 3.820304e+00 -2.433887e-02 
 3.820702e+00 -2.498680e-02 
 3.821099e+00 -2.560260e-02 
 3.821497e+00 -2.617875e-02 
 3.821895e+00 -2.671610e-02 
 3.822292e+00 -2.721841e-02 
 3.822690e+00 -2.770050e-02 
 3.823088e+00 -2.816351e-02 
 3.823486e+00 -2.859984e-02 
 3.823883e+00 -2.900793e-02 
 3.824281e+00 -2.938111e-02 
 3.824679e+00 -2.971053e-02 
 3.825076e+00 -2.999671e-02 
 3.825474e+00 -3.023343e-02 
 3.825872e+00 -3.041179e-02 
 3.826269e+00 -3.052731e-02 
 3.826667e+00 -3.058504e-02 
 3.827065e+00 -3.060057e-02 
 3.827462e+00 -3.058562e-02 
 3.827860e+00 -3.056296e-02 
 3.828258e+00 -3.055408e-02 
 3.828656e+00 -3.057820e-02 
 3.829053e+00 -3.064568e-02 
 3.829451e+00 -3.075657e-02 
 3.829849e+00 -3.090472e-02 
 3.830246e+00 -3.108335e-02 
 3.830644e+00 -3.129605e-02 
 3.831042e+00 -3.154792e-02 
 3.831439e+00 -3.183907e-02 
 3.831837e+00 -3.217005e-02 
 3.832235e+00 -3.254303e-02 
 3.832633e+00 -3.295130e-02 
 3.833030e+00 -3.338028e-02 
 3.833428e+00 -3.381838e-02 
 3.833826e+00 -3.425338e-02 
 3.834223e+00 -3.466455e-02 
 3.834621e+00 -3.505059e-02 
 3.835019e+00 -3.541750e-02 
 3.835416e+00 -3.577997e-02 
 3.835814e+00 -3.615185e-02 
 3.836212e+00 -3.657316e-02 
 3.836609e+00 -3.707010e-02 
 3.837007e+00 -3.767054e-02 
 3.837405e+00 -3.838936e-02 
 3.837803e+00 -3.922798e-02 
 3.838200e+00 -4.017165e-02 
 3.838598e+00 -4.119120e-02 
 3.838996e+00 -4.225157e-02 
 3.839393e+00 -4.332206e-02 
 3.839791e+00 -4.437581e-02 
 3.840189e+00 -4.538207e-02 
 3.840586e+00 -4.633295e-02 
 3.840984e+00 -4.723348e-02 
 3.841382e+00 -4.809049e-02 
 3.841780e+00 -4.891903e-02 
 3.842177e+00 -4.972557e-02 
 3.842575e+00 -5.050000e-02 
 3.842973e+00 -5.123022e-02 
 3.843370e+00 -5.190831e-02 
 3.843768e+00 -5.251802e-02 
 3.844166e+00 -5.305123e-02 
 3.844563e+00 -5.350987e-02 
 3.844961e+00 -5.390632e-02 
 3.845359e+00 -5.425977e-02 
 3.845756e+00 -5.457799e-02 
 3.846154e+00 -5.487538e-02 
 3.846552e+00 -5.514730e-02 
 3.846950e+00 -5.538595e-02 
 3.847347e+00 -5.558854e-02 
 3.847745e+00 -5.574856e-02 
 3.848143e+00 -5.585585e-02 
 3.848540e+00 -5.589926e-02 
 3.848938e+00 -5.587081e-02 
 3.849336e+00 -5.575386e-02 
 3.849733e+00 -5.555032e-02 
 3.850131e+00 -5.526283e-02 
 3.850529e+00 -5.490456e-02 
 3.850927e+00 -5.448417e-02 
 3.851324e+00 -5.402049e-02 
 3.851722e+00 -5.353106e-02 
 3.852120e+00 -5.304008e-02 
 3.852517e+00 -5.254516e-02 
 3.852915e+00 -5.204135e-02 
 3.853313e+00 -5.151303e-02 
 3.853710e+00 -5.094190e-02 
 3.854108e+00 -5.031753e-02 
 3.854506e+00 -4.964259e-02 
 3.854903e+00 -4.893248e-02 
 3.855301e+00 -4.820078e-02 
 3.855699e+00 -4.748018e-02 
 3.856097e+00 -4.679478e-02 
 3.856494e+00 -4.614578e-02 
 3.856892e+00 -4.550835e-02 
 3.857290e+00 -4.485159e-02 
 3.857687e+00 -4.414356e-02 
 3.858085e+00 -4.336165e-02 
 3.858483e+00 -4.249062e-02 
 3.858880e+00 -4.153164e-02 
 3.859278e+00 -4.049340e-02 
 3.859676e+00 -3.939752e-02 
 3.860074e+00 -3.828808e-02 
 3.860471e+00 -3.719830e-02 
 3.860869e+00 -3.615430e-02 
 3.861267e+00 -3.517141e-02 
 3.861664e+00 -3.425295e-02 
 3.862062e+00 -3.339764e-02 
 3.862460e+00 -3.258524e-02 
 3.862857e+00 -3.180150e-02 
 3.863255e+00 -3.103321e-02 
 3.863653e+00 -3.027486e-02 
 3.864050e+00 -2.953773e-02 
 3.864448e+00 -2.883034e-02 
 3.864846e+00 -2.816875e-02 
 3.865244e+00 -2.756434e-02 
 3.865641e+00 -2.701651e-02 
 3.866039e+00 -2.652288e-02 
 3.866437e+00 -2.606566e-02 
 3.866834e+00 -2.562389e-02 
 3.867232e+00 -2.517180e-02 
 3.867630e+00 -2.469787e-02 
 3.868027e+00 -2.418217e-02 
 3.868425e+00 -2.363013e-02 
 3.868823e+00 -2.305274e-02 
 3.869221e+00 -2.246293e-02 
 3.869618e+00 -2.187476e-02 
 3.870016e+00 -2.129833e-02 
 3.870414e+00 -2.074100e-02 
 3.870811e+00 -2.020060e-02 
 3.871209e+00 -1.967852e-02 
 3.871607e+00 -1.916089e-02 
 3.872004e+00 -1.863776e-02 
 3.872402e+00 -1.810038e-02 
 3.872800e+00 -1.754370e-02 
 3.873197e+00 -1.695623e-02 
 3.873595e+00 -1.633272e-02 
 3.873993e+00 -1.566471e-02 
 3.874391e+00 -1.495519e-02 
 3.874788e+00 -1.419540e-02 
 3.875186e+00 -1.336974e-02 
 3.875584e+00 -1.245838e-02 
 3.875981e+00 -1.145166e-02 
 3.876379e+00 -1.034564e-02 
 3.876777e+00 -9.142323e-03 
 3.877174e+00 -7.853294e-03 
 3.877572e+00 -6.492154e-03 
 3.877970e+00 -5.073929e-03 
 3.878368e+00 -3.630263e-03 
 3.878765e+00 -2.193123e-03 
 3.879163e+00 -7.874251e-04 
 3.879561e+00  5.654281e-04 
 3.879958e+00  1.840660e-03 
 3.880356e+00  3.021687e-03 
 3.880754e+00  4.116934e-03 
 3.881151e+00  5.134468e-03 
 3.881549e+00  6.105713e-03 
 3.881947e+00  7.059201e-03 
 3.882344e+00  8.021328e-03 
 3.882742e+00  9.010751e-03 
 3.883140e+00  1.003090e-02 
 3.883538e+00  1.108100e-02 
 3.883935e+00  1.213619e-02 
 3.884333e+00  1.317412e-02 
 3.884731e+00  1.417174e-02 
 3.885128e+00  1.510568e-02 
 3.885526e+00  1.596929e-02 
 3.885924e+00  1.676062e-02 
 3.886321e+00  1.749142e-02 
 3.886719e+00  1.817590e-02 
 3.887117e+00  1.882499e-02 
 3.887515e+00  1.942742e-02 
 3.887912e+00  1.997464e-02 
 3.888310e+00  2.043905e-02 
 3.888708e+00  2.080519e-02 
 3.889105e+00  2.106003e-02 
 3.889503e+00  2.121023e-02 
 3.889901e+00  2.127569e-02 
 3.890298e+00  2.127771e-02 
 3.890696e+00  2.124910e-02 
 3.891094e+00  2.119834e-02 
 3.891491e+00  2.112042e-02 
 3.891889e+00  2.098935e-02 
 3.892287e+00  2.078808e-02 
 3.892685e+00  2.050852e-02 
 3.893082e+00  2.015620e-02 
 3.893480e+00  1.973934e-02 
 3.893878e+00  1.927093e-02 
 3.894275e+00  1.876586e-02 
 3.894673e+00  1.823862e-02 
 3.895071e+00  1.770202e-02 
 3.895468e+00  1.717369e-02 
 3.895866e+00  1.665904e-02 
 3.896264e+00  1.614870e-02 
 3.896662e+00  1.563703e-02 
 3.897059e+00  1.509061e-02 
 3.897457e+00  1.447492e-02 
 3.897855e+00  1.374899e-02 
 3.898252e+00  1.289103e-02 
 3.898650e+00  1.190850e-02 
 3.899048e+00  1.082409e-02 
 3.899445e+00  9.668315e-03 
 3.899843e+00  8.467330e-03 
 3.900241e+00  7.246386e-03 
 3.900638e+00  6.041539e-03 
 3.901036e+00  4.881854e-03 
 3.901434e+00  3.791659e-03 
 3.901832e+00  2.798996e-03 
 3.902229e+00  1.926311e-03 
 3.902627e+00  1.183719e-03 
 3.903025e+00  5.712882e-04 
 3.903422e+00  7.144829e-05 
 3.903820e+00 -3.388322e-04 
 3.904218e+00 -6.909685e-04 
 3.904615e+00 -9.980788e-04 
 3.905013e+00 -1.267485e-03 
 3.905411e+00 -1.512753e-03 
 3.905809e+00 -1.740321e-03 
 3.906206e+00 -1.969506e-03 
 3.906604e+00 -2.214540e-03 
 3.907002e+00 -2.476802e-03 
 3.907399e+00 -2.763112e-03 
 3.907797e+00 -3.063965e-03 
 3.908195e+00 -3.364682e-03 
 3.908592e+00 -3.634905e-03 
 3.908990e+00 -3.846966e-03 
 3.909388e+00 -3.976751e-03 
 3.909785e+00 -4.011072e-03 
 3.910183e+00 -3.954324e-03 
 3.910581e+00 -3.811552e-03 
 3.910979e+00 -3.609691e-03 
 3.911376e+00 -3.371301e-03 
 3.911774e+00 -3.131355e-03 
 3.912172e+00 -2.919803e-03 
 3.912569e+00 -2.761366e-03 
 3.912967e+00 -2.667471e-03 
 3.913365e+00 -2.633096e-03 
 3.913762e+00 -2.652732e-03 
 3.914160e+00 -2.709303e-03 
 3.914558e+00 -2.785127e-03 
 3.914956e+00 -2.869794e-03 
 3.915353e+00 -2.963549e-03 
 3.915751e+00 -3.079778e-03 
 3.916149e+00 -3.247851e-03 
 3.916546e+00 -3.502742e-03 
 3.916944e+00 -3.862539e-03 
 3.917342e+00 -4.328981e-03 
 3.917739e+00 -4.888603e-03 
 3.918137e+00 -5.521844e-03 
 3.918535e+00 -6.197218e-03 
 3.918932e+00 -6.883147e-03 
 3.919330e+00 -7.558196e-03 
 3.919728e+00 -8.206171e-03 
 3.920126e+00 -8.828707e-03 
 3.920523e+00 -9.434493e-03 
 3.920921e+00 -1.004328e-02 
 3.921319e+00 -1.066660e-02 
 3.921716e+00 -1.132258e-02 
 3.922114e+00 -1.202511e-02 
 3.922512e+00 -1.278877e-02 
 3.922909e+00 -1.360696e-02 
 3.923307e+00 -1.446830e-02 
 3.923705e+00 -1.537162e-02 
 3.924103e+00 -1.630228e-02 
 3.924500e+00 -1.727505e-02 
 3.924898e+00 -1.830598e-02 
 3.925296e+00 -1.942260e-02 
 3.925693e+00 -2.063794e-02 
 3.926091e+00 -2.194871e-02 
 3.926489e+00 -2.334353e-02 
 3.926886e+00 -2.478472e-02 
 3.927284e+00 -2.623249e-02 
 3.927682e+00 -2.763896e-02 
 3.928079e+00 -2.898334e-02 
 3.928477e+00 -3.024854e-02 
 3.928875e+00 -3.143307e-02 
 3.929273e+00 -3.256160e-02 
 3.929670e+00 -3.365342e-02 
 3.930068e+00 -3.473072e-02 
 3.930466e+00 -3.580680e-02 
 3.930863e+00 -3.688714e-02 
 3.931261e+00 -3.798140e-02 
 3.931659e+00 -3.908717e-02 
 3.932056e+00 -4.019977e-02 
 3.932454e+00 -4.131685e-02 
 3.932852e+00 -4.243005e-02 
 3.933250e+00 -4.352102e-02 
 3.933647e+00 -4.456356e-02 
 3.934045e+00 -4.553847e-02 
 3.934443e+00 -4.644209e-02 
 3.934840e+00 -4.726390e-02 
 3.935238e+00 -4.802428e-02 
 3.935636e+00 -4.874003e-02 
 3.936033e+00 -4.942161e-02 
 3.936431e+00 -5.006574e-02 
 3.936829e+00 -5.065537e-02 
 3.937226e+00 -5.117478e-02 
 3.937624e+00 -5.160344e-02 
 3.938022e+00 -5.192588e-02 
 3.938420e+00 -5.213484e-02 
 3.938817e+00 -5.225165e-02 
 3.939215e+00 -5.229962e-02 
 3.939613e+00 -5.230086e-02 
 3.940010e+00 -5.228358e-02 
 3.940408e+00 -5.227690e-02 
 3.940806e+00 -5.229044e-02 
 3.941203e+00 -5.233253e-02 
 3.941601e+00 -5.240511e-02 
 3.941999e+00 -5.249225e-02 
 3.942397e+00 -5.257904e-02 
 3.942794e+00 -5.264845e-02 
 3.943192e+00 -5.269539e-02 
 3.943590e+00 -5.272883e-02 
 3.943987e+00 -5.275877e-02 
 3.944385e+00 -5.280431e-02 
 3.944783e+00 -5.287689e-02 
 3.945180e+00 -5.298487e-02 
 3.945578e+00 -5.311239e-02 
 3.945976e+00 -5.325084e-02 
 3.946373e+00 -5.338157e-02 
 3.946771e+00 -5.349785e-02 
 3.947169e+00 -5.359527e-02 
 3.947567e+00 -5.368126e-02 
 3.947964e+00 -5.376421e-02 
 3.948362e+00 -5.385782e-02 
 3.948760e+00 -5.397000e-02 
 3.949157e+00 -5.412353e-02 
 3.949555e+00 -5.433029e-02 
 3.949953e+00 -5.458462e-02 
 3.950350e+00 -5.487886e-02 
 3.950748e+00 -5.519134e-02 
 3.951146e+00 -5.549605e-02 
 3.951544e+00 -5.576259e-02 
 3.951941e+00 -5.597152e-02 
 3.952339e+00 -5.610866e-02 
 3.952737e+00 -5.616464e-02 
 3.953134e+00 -5.614523e-02 
 3.953532e+00 -5.607009e-02 
 3.953930e+00 -5.595942e-02 
 3.954327e+00 -5.582114e-02 
 3.954725e+00 -5.566726e-02 
 3.955123e+00 -5.550610e-02 
 3.955520e+00 -5.534292e-02 
 3.955918e+00 -5.516012e-02 
 3.956316e+00 -5.495105e-02 
 3.956714e+00 -5.469995e-02 
 3.957111e+00 -5.439726e-02 
 3.957509e+00 -5.403630e-02 
 3.957907e+00 -5.363393e-02 
 3.958304e+00 -5.320512e-02 
 3.958702e+00 -5.275409e-02 
 3.959100e+00 -5.229235e-02 
 3.959497e+00 -5.183005e-02 
 3.959895e+00 -5.135869e-02 
 3.960293e+00 -5.086006e-02 
 3.960691e+00 -5.030897e-02 
 3.961088e+00 -4.969296e-02 
 3.961486e+00 -4.899830e-02 
 3.961884e+00 -4.821551e-02 
 3.962281e+00 -4.734903e-02 
 3.962679e+00 -4.640274e-02 
 3.963077e+00 -4.537268e-02 
 3.963474e+00 -4.426461e-02 
 3.963872e+00 -4.308919e-02 
 3.964270e+00 -4.185385e-02 
 3.964667e+00 -4.055768e-02 
 3.965065e+00 -3.920150e-02 
 3.965463e+00 -3.778705e-02 
 3.965861e+00 -3.632999e-02 
 3.966258e+00 -3.484072e-02 
 3.966656e+00 -3.333887e-02 
 3.967054e+00 -3.185106e-02 
 3.967451e+00 -3.039609e-02 
 3.967849e+00 -2.899411e-02 
 3.968247e+00 -2.765694e-02 
 3.968644e+00 -2.638608e-02 
 3.969042e+00 -2.516414e-02 
 3.969440e+00 -2.396035e-02 
 3.969838e+00 -2.273233e-02 
 3.970235e+00 -2.145297e-02 
 3.970633e+00 -2.009788e-02 
 3.971031e+00 -1.865626e-02 
 3.971428e+00 -1.713349e-02 
 3.971826e+00 -1.556041e-02 
 3.972224e+00 -1.397274e-02 
 3.972621e+00 -1.241729e-02 
 3.973019e+00 -1.093757e-02 
 3.973417e+00 -9.571252e-03 
 3.973814e+00 -8.342001e-03 
 3.974212e+00 -7.270223e-03 
 3.974610e+00 -6.356793e-03 
 3.975008e+00 -5.605924e-03 
 3.975405e+00 -4.991496e-03 
 3.975803e+00 -4.494109e-03 
 3.976201e+00 -4.087634e-03 
 3.976598e+00 -3.758286e-03 
 3.976996e+00 -3.494392e-03 
 3.977394e+00 -3.305462e-03 
 3.977791e+00 -3.191545e-03 
 3.978189e+00 -3.132916e-03 
 3.978587e+00 -3.113366e-03 
 3.978985e+00 -3.093052e-03 
 3.979382e+00 -3.044852e-03 
 3.979780e+00 -2.942536e-03 
 3.980178e+00 -2.790984e-03 
 3.980575e+00 -2.607424e-03 
 3.980973e+00 -2.415011e-03 
 3.981371e+00 -2.240308e-03 
 3.981768e+00 -2.089476e-03 
 3.982166e+00 -1.957501e-03 
 3.982564e+00 -1.830300e-03 
 3.982961e+00 -1.703304e-03 
 3.983359e+00 -1.574329e-03 
 3.983757e+00 -1.455683e-03 
 3.984155e+00 -1.337315e-03 
 3.984552e+00 -1.214246e-03 
 3.984950e+00 -1.078203e-03 
 3.985348e+00 -9.092928e-04 
 3.985745e+00 -7.099444e-04 
 3.986143e+00 -4.799563e-04 
 3.986541e+00 -2.420496e-04 
 3.986938e+00 -1.176748e-05 
 3.987336e+00  2.041496e-04 
 3.987734e+00  4.034523e-04 
 3.988132e+00  6.020693e-04 
 3.988529e+00  8.329239e-04 
 3.988927e+00  1.133616e-03 
 3.989325e+00  1.532004e-03 
 3.989722e+00  2.038889e-03 
 3.990120e+00  2.651102e-03 
 3.990518e+00  3.351654e-03 
 3.990915e+00  4.110103e-03 
 3.991313e+00  4.894340e-03 
 3.991711e+00  5.675089e-03 
 3.992108e+00  6.422124e-03 
 3.992506e+00  7.110352e-03 
 3.992904e+00  7.717514e-03 
 3.993302e+00  8.257186e-03 
 3.993699e+00  8.731055e-03 
 3.994097e+00  9.150207e-03 
 3.994495e+00  9.527219e-03 
 3.994892e+00  9.883520e-03 
 3.995290e+00  1.022590e-02 
 3.995688e+00  1.055400e-02 
 3.996085e+00  1.087221e-02 
 3.996483e+00  1.118776e-02 
 3.996881e+00  1.151562e-02 
 3.997279e+00  1.186759e-02 
 3.997676e+00  1.226465e-02 
 3.998074e+00  1.272472e-02 
 3.998472e+00  1.325119e-02 
 3.998869e+00  1.382983e-02 
 3.999267e+00  1.443539e-02 
 3.999665e+00  1.502037e-02 
 4.000062e+00  1.554619e-02 
 4.000460e+00  1.598003e-02 
 4.000858e+00  1.630357e-02 
 4.001255e+00  1.650662e-02 
 4.001653e+00  1.658956e-02 
 4.002051e+00  1.656155e-02 
 4.002449e+00  1.642513e-02 
 4.002846e+00  1.619390e-02 
 4.003244e+00  1.587220e-02 
 4.003642e+00  1.547617e-02 
 4.004039e+00  1.502207e-02 
 4.004437e+00  1.453480e-02 
 4.004835e+00  1.402912e-02 
 4.005232e+00  1.349985e-02 
 4.005630e+00  1.293050e-02 
 4.006028e+00  1.230786e-02 
 4.006426e+00  1.161712e-02 
 4.006823e+00  1.087558e-02 
 4.007221e+00  1.010317e-02 
 4.007619e+00  9.334415e-03 
 4.008016e+00  8.588110e-03 
 4.008414e+00  7.870369e-03 
 4.008812e+00  7.171218e-03 
 4.009209e+00  6.457672e-03 
 4.009607e+00  5.712861e-03 
 4.010005e+00  4.923826e-03 
 4.010402e+00  4.090110e-03 
 4.010800e+00  3.228814e-03 
 4.011198e+00  2.353479e-03 
 4.011596e+00  1.473621e-03 
 4.011993e+00  5.962736e-04 
 4.012391e+00 -2.807802e-04 
 4.012789e+00 -1.145013e-03 
 4.013186e+00 -1.976331e-03 
 4.013584e+00 -2.754998e-03 
 4.013982e+00 -3.464809e-03 
 4.014379e+00 -4.087376e-03 
 4.014777e+00 -4.625488e-03 
 4.015175e+00 -5.091224e-03 
 4.015573e+00 -5.492917e-03 
 4.015970e+00 -5.835603e-03 
 4.016368e+00 -6.118614e-03 
 4.016766e+00 -6.340744e-03 
 4.017163e+00 -6.495530e-03 
 4.017561e+00 -6.597579e-03 
 4.017959e+00 -6.666332e-03 
 4.018356e+00 -6.740899e-03 
 4.018754e+00 -6.839665e-03 
 4.019152e+00 -6.991790e-03 
 4.019549e+00 -7.211533e-03 
 4.019947e+00 -7.515985e-03 
 4.020345e+00 -7.899419e-03 
 4.020743e+00 -8.359855e-03 
 4.021140e+00 -8.885962e-03 
 4.021538e+00 -9.461803e-03 
 4.021936e+00 -1.006898e-02 
 4.022333e+00 -1.069151e-02 
 4.022731e+00 -1.132178e-02 
 4.023129e+00 -1.195608e-02 
 4.023526e+00 -1.260060e-02 
 4.023924e+00 -1.327413e-02 
 4.024322e+00 -1.399196e-02 
 4.024720e+00 -1.475722e-02 
 4.025117e+00 -1.556096e-02 
 4.025515e+00 -1.639995e-02 
 4.025913e+00 -1.726310e-02 
 4.026310e+00 -1.814536e-02 
 4.026708e+00 -1.905104e-02 
 4.027106e+00 -1.999089e-02 
 4.027503e+00 -2.097240e-02 
 4.027901e+00 -2.200355e-02 
 4.028299e+00 -2.309016e-02 
 4.028696e+00 -2.424602e-02 
 4.029094e+00 -2.547699e-02 
 4.029492e+00 -2.677082e-02 
 4.029890e+00 -2.811767e-02 
 4.030287e+00 -2.949767e-02 
 4.030685e+00 -3.087546e-02 
 4.031083e+00 -3.221814e-02 
 4.031480e+00 -3.350235e-02 
 4.031878e+00 -3.472897e-02 
 4.032276e+00 -3.590507e-02 
 4.032673e+00 -3.704980e-02 
 4.033071e+00 -3.818467e-02 
 4.033469e+00 -3.932263e-02 
 4.033867e+00 -4.045541e-02 
 4.034264e+00 -4.158277e-02 
 4.034662e+00 -4.269766e-02 
 4.035060e+00 -4.381329e-02 
 4.035457e+00 -4.493631e-02 
 4.035855e+00 -4.608103e-02 
 4.036253e+00 -4.724943e-02 
 4.036650e+00 -4.843604e-02 
 4.037048e+00 -4.963078e-02 
 4.037446e+00 -5.080305e-02 
 4.037843e+00 -5.195468e-02 
 4.038241e+00 -5.306120e-02 
 4.038639e+00 -5.412225e-02 
 4.039037e+00 -5.512841e-02 
 4.039434e+00 -5.606287e-02 
 4.039832e+00 -5.691062e-02 
 4.040230e+00 -5.764093e-02 
 4.040627e+00 -5.824650e-02 
 4.041025e+00 -5.872446e-02 
 4.041423e+00 -5.907786e-02 
 4.041820e+00 -5.932590e-02 
 4.042218e+00 -5.949988e-02 
 4.042616e+00 -5.961824e-02 
 4.043014e+00 -5.970770e-02 
 4.043411e+00 -5.978879e-02 
 4.043809e+00 -5.985810e-02 
 4.044207e+00 -5.990227e-02 
 4.044604e+00 -5.990105e-02 
 4.045002e+00 -5.983904e-02 
 4.045400e+00 -5.970008e-02 
 4.045797e+00 -5.946578e-02 
 4.046195e+00 -5.913037e-02 
 4.046593e+00 -5.870956e-02 
 4.046990e+00 -5.821882e-02 
 4.047388e+00 -5.767987e-02 
 4.047786e+00 -5.711614e-02 
 4.048184e+00 -5.654036e-02 
 4.048581e+00 -5.595433e-02 
 4.048979e+00 -5.536451e-02 
 4.049377e+00 -5.476748e-02 
 4.049774e+00 -5.415298e-02 
 4.050172e+00 -5.350520e-02 
 4.050570e+00 -5.280942e-02 
 4.050967e+00 -5.208198e-02 
 4.051365e+00 -5.133961e-02 
 4.051763e+00 -5.061455e-02 
 4.052161e+00 -4.994915e-02 
 4.052558e+00 -4.936378e-02 
 4.052956e+00 -4.886885e-02 
 4.053354e+00 -4.844594e-02 
 4.053751e+00 -4.809063e-02 
 4.054149e+00 -4.778011e-02 
 4.054547e+00 -4.750762e-02 
 4.054944e+00 -4.727831e-02 
 4.055342e+00 -4.709938e-02 
 4.055740e+00 -4.697374e-02 
 4.056137e+00 -4.688900e-02 
 4.056535e+00 -4.682755e-02 
 4.056933e+00 -4.677419e-02 
 4.057331e+00 -4.671959e-02 
 4.057728e+00 -4.664912e-02 
 4.058126e+00 -4.656096e-02 
 4.058524e+00 -4.644373e-02 
 4.058921e+00 -4.626799e-02 
 4.059319e+00 -4.599803e-02 
 4.059717e+00 -4.560747e-02 
 4.060114e+00 -4.508837e-02 
 4.060512e+00 -4.447848e-02 
 4.060910e+00 -4.382229e-02 
 4.061308e+00 -4.317152e-02 
 4.061705e+00 -4.258219e-02 
 4.062103e+00 -4.207591e-02 
 4.062501e+00 -4.164351e-02 
 4.062898e+00 -4.126095e-02 
 4.063296e+00 -4.089264e-02 
 4.063694e+00 -4.050089e-02 
 4.064091e+00 -4.005593e-02 
 4.064489e+00 -3.953169e-02 
 4.064887e+00 -3.892218e-02 
 4.065284e+00 -3.821683e-02 
 4.065682e+00 -3.741677e-02 
 4.066080e+00 -3.651485e-02 
 4.066478e+00 -3.552092e-02 
 4.066875e+00 -3.446424e-02 
 4.067273e+00 -3.336329e-02 
 4.067671e+00 -3.223924e-02 
 4.068068e+00 -3.110956e-02 
 4.068466e+00 -2.998055e-02 
 4.068864e+00 -2.885297e-02 
 4.069261e+00 -2.773199e-02 
 4.069659e+00 -2.663038e-02 
 4.070057e+00 -2.556803e-02 
 4.070455e+00 -2.454742e-02 
 4.070852e+00 -2.356730e-02 
 4.071250e+00 -2.263546e-02 
 4.071648e+00 -2.175352e-02 
 4.072045e+00 -2.091060e-02 
 4.072443e+00 -2.009900e-02 
 4.072841e+00 -1.930047e-02 
 4.073238e+00 -1.849131e-02 
 4.073636e+00 -1.763294e-02 
 4.074034e+00 -1.670545e-02 
 4.074431e+00 -1.569025e-02 
 4.074829e+00 -1.459618e-02 
 4.075227e+00 -1.343935e-02 
 4.075625e+00 -1.225584e-02 
 4.076022e+00 -1.107943e-02 
 4.076420e+00 -9.924865e-03 
 4.076818e+00 -8.799081e-03 
 4.077215e+00 -7.689458e-03 
 4.077613e+00 -6.577850e-03 
 4.078011e+00 -5.469378e-03 
 4.078408e+00 -4.363629e-03 
 4.078806e+00 -3.282900e-03 
 4.079204e+00 -2.252223e-03 
 4.079602e+00 -1.295915e-03 
 4.079999e+00 -4.366012e-04 
 4.080397e+00  3.054684e-04 
 4.080795e+00  9.127268e-04 
 4.081192e+00  1.382164e-03 
 4.081590e+00  1.714418e-03 
 4.081988e+00  1.926000e-03 
 4.082385e+00  2.077700e-03 
 4.082783e+00  2.203935e-03 
 4.083181e+00  2.346558e-03 
 4.083578e+00  2.537514e-03 
 4.083976e+00  2.768654e-03 
 4.084374e+00  3.022221e-03 
 4.084772e+00  3.279883e-03 
 4.085169e+00  3.525861e-03 
 4.085567e+00  3.757848e-03 
 4.085965e+00  3.972174e-03 
 4.086362e+00  4.175519e-03 
 4.086760e+00  4.375336e-03 
 4.087158e+00  4.557141e-03 
 4.087555e+00  4.700577e-03 
 4.087953e+00  4.790399e-03 
 4.088351e+00  4.819592e-03 
 4.088749e+00  4.782250e-03 
 4.089146e+00  4.688869e-03 
 4.089544e+00  4.554221e-03 
 4.089942e+00  4.405392e-03 
 4.090339e+00  4.250045e-03 
 4.090737e+00  4.111849e-03 
 4.091135e+00  4.010882e-03 
 4.091532e+00  3.975957e-03 
 4.091930e+00  4.026226e-03 
 4.092328e+00  4.192503e-03 
 4.092725e+00  4.500232e-03 
 4.093123e+00  4.944627e-03 
 4.093521e+00  5.515059e-03 
 4.093919e+00  6.181742e-03 
 4.094316e+00  6.916299e-03 
 4.094714e+00  7.680261e-03 
 4.095112e+00  8.447246e-03 
 4.095509e+00  9.208838e-03 
 4.095907e+00  9.952358e-03 
 4.096305e+00  1.067551e-02 
 4.096702e+00  1.135543e-02 
 4.097100e+00  1.197604e-02 
 4.097498e+00  1.252792e-02 
 4.097896e+00  1.299921e-02 
 4.098293e+00  1.339121e-02 
 4.098691e+00  1.372132e-02 
 4.099089e+00  1.400297e-02 
 4.099486e+00  1.424668e-02 
 4.099884e+00  1.446451e-02 
 4.100282e+00  1.466405e-02 
 4.100679e+00  1.484932e-02 
 4.101077e+00  1.502254e-02 
 4.101475e+00  1.520157e-02 
 4.101872e+00  1.541369e-02 
 4.102270e+00  1.567513e-02 
 4.102668e+00  1.598668e-02 
 4.103066e+00  1.632514e-02 
 4.103463e+00  1.665864e-02 
 4.103861e+00  1.694380e-02 
 4.104259e+00  1.716126e-02 
 4.104656e+00  1.730718e-02 
 4.105054e+00  1.739067e-02 
 4.105452e+00  1.742542e-02 
 4.105849e+00  1.741891e-02 
 4.106247e+00  1.737763e-02 
 4.106645e+00  1.729181e-02 
 4.107043e+00  1.714863e-02 
 4.107440e+00  1.693550e-02 
 4.107838e+00  1.664344e-02 
 4.108236e+00  1.629088e-02 
 4.108633e+00  1.589043e-02 
 4.109031e+00  1.546393e-02 
 4.109429e+00  1.500440e-02 
 4.109826e+00  1.450687e-02 
 4.110224e+00  1.397563e-02 
 4.110622e+00  1.342178e-02 
 4.111019e+00  1.285531e-02 
 4.111417e+00  1.228764e-02 
 4.111815e+00  1.172966e-02 
 4.112213e+00  1.117416e-02 
 4.112610e+00  1.059868e-02 
 4.113008e+00  9.959086e-03 
 4.113406e+00  9.220918e-03 
 4.113803e+00  8.374732e-03 
 4.114201e+00  7.424824e-03 
 4.114599e+00  6.402226e-03 
 4.114996e+00  5.345586e-03 
 4.115394e+00  4.272376e-03 
 4.115792e+00  3.180544e-03 
 4.116190e+00  2.062682e-03 
 4.116587e+00  8.890665e-04 
 4.116985e+00 -3.627689e-04 
 4.117383e+00 -1.700336e-03 
 4.117780e+00 -3.097013e-03 
 4.118178e+00 -4.523805e-03 
 4.118576e+00 -5.937699e-03 
 4.118973e+00 -7.301736e-03 
 4.119371e+00 -8.599723e-03 
 4.119769e+00 -9.823429e-03 
 4.120166e+00 -1.097296e-02 
 4.120564e+00 -1.204871e-02 
 4.120962e+00 -1.304940e-02 
 4.121360e+00 -1.396910e-02 
 4.121757e+00 -1.482371e-02 
 4.122155e+00 -1.562714e-02 
 4.122553e+00 -1.641771e-02 
 4.122950e+00 -1.722568e-02 
 4.123348e+00 -1.807557e-02 
 4.123746e+00 -1.898629e-02 
 4.124143e+00 -1.993788e-02 
 4.124541e+00 -2.090026e-02 
 4.124939e+00 -2.184203e-02 
 4.125337e+00 -2.272707e-02 
 4.125734e+00 -2.354858e-02 
 4.126132e+00 -2.431019e-02 
 4.126530e+00 -2.502623e-02 
 4.126927e+00 -2.569811e-02 
 4.127325e+00 -2.632534e-02 
 4.127723e+00 -2.691718e-02 
 4.128120e+00 -2.747225e-02 
 4.128518e+00 -2.799241e-02 
 4.128916e+00 -2.848734e-02 
 4.129313e+00 -2.898862e-02 
 4.129711e+00 -2.951092e-02 
 4.130109e+00 -3.007006e-02 
 4.130507e+00 -3.066066e-02 
 4.130904e+00 -3.128617e-02 
 4.131302e+00 -3.194982e-02 
 4.131700e+00 -3.265566e-02 
 4.132097e+00 -3.343389e-02 
 4.132495e+00 -3.428648e-02 
 4.132893e+00 -3.520298e-02 
 4.133290e+00 -3.615365e-02 
 4.133688e+00 -3.709966e-02 
 4.134086e+00 -3.799630e-02 
 4.134484e+00 -3.880645e-02 
 4.134881e+00 -3.951754e-02 
 4.135279e+00 -4.014204e-02 
 4.135677e+00 -4.071680e-02 
 4.136074e+00 -4.128003e-02 
 4.136472e+00 -4.186400e-02 
 4.136870e+00 -4.246949e-02 
 4.137267e+00 -4.308861e-02 
 4.137665e+00 -4.371681e-02 
 4.138063e+00 -4.434899e-02 
 4.138460e+00 -4.497668e-02 
 4.138858e+00 -4.559952e-02 
 4.139256e+00 -4.623254e-02 
 4.139654e+00 -4.686986e-02 
 4.140051e+00 -4.750899e-02 
 4.140449e+00 -4.814631e-02 
 4.140847e+00 -4.878631e-02 
 4.141244e+00 -4.942200e-02 
 4.141642e+00 -5.006637e-02 
 4.142040e+00 -5.073114e-02 
 4.142437e+00 -5.143050e-02 
 4.142835e+00 -5.214816e-02 
 4.143233e+00 -5.286445e-02 
 4.143631e+00 -5.354773e-02 
 4.144028e+00 -5.416642e-02 
 4.144426e+00 -5.470274e-02 
 4.144824e+00 -5.515725e-02 
 4.145221e+00 -5.555483e-02 
 4.145619e+00 -5.591645e-02 
 4.146017e+00 -5.625768e-02 
 4.146414e+00 -5.659361e-02 
 4.146812e+00 -5.691276e-02 
 4.147210e+00 -5.719897e-02 
 4.147607e+00 -5.744322e-02 
 4.148005e+00 -5.764444e-02 
 4.148403e+00 -5.782510e-02 
 4.148801e+00 -5.800730e-02 
 4.149198e+00 -5.820971e-02 
 4.149596e+00 -5.845051e-02 
 4.149994e+00 -5.869930e-02 
 4.150391e+00 -5.893297e-02 
 4.150789e+00 -5.911564e-02 
 4.151187e+00 -5.921336e-02 
 4.151584e+00 -5.921458e-02 
 4.151982e+00 -5.911630e-02 
 4.152380e+00 -5.890388e-02 
 4.152778e+00 -5.856078e-02 
 4.153175e+00 -5.805543e-02 
 4.153573e+00 -5.737051e-02 
 4.153971e+00 -5.649453e-02 
 4.154368e+00 -5.545263e-02 
 4.154766e+00 -5.428667e-02 
 4.155164e+00 -5.306339e-02 
 4.155561e+00 -5.184341e-02 
 4.155959e+00 -5.065175e-02 
 4.156357e+00 -4.950324e-02 
 4.156754e+00 -4.838924e-02 
 4.157152e+00 -4.730371e-02 
 4.157550e+00 -4.624431e-02 
 4.157948e+00 -4.522786e-02 
 4.158345e+00 -4.426815e-02 
 4.158743e+00 -4.337603e-02 
 4.159141e+00 -4.254118e-02 
 4.159538e+00 -4.174847e-02 
 4.159936e+00 -4.096430e-02 
 4.160334e+00 -4.017026e-02 
 4.160731e+00 -3.935297e-02 
 4.161129e+00 -3.852961e-02 
 4.161527e+00 -3.771453e-02 
 4.161925e+00 -3.690972e-02 
 4.162322e+00 -3.610626e-02 
 4.162720e+00 -3.527087e-02 
 4.163118e+00 -3.439270e-02 
 4.163515e+00 -3.346568e-02 
 4.163913e+00 -3.251469e-02 
 4.164311e+00 -3.158905e-02 
 4.164708e+00 -3.073815e-02 
 4.165106e+00 -2.998662e-02 
 4.165504e+00 -2.933717e-02 
 4.165901e+00 -2.879353e-02 
 4.166299e+00 -2.831797e-02 
 4.166697e+00 -2.787823e-02 
 4.167095e+00 -2.746950e-02 
 4.167492e+00 -2.709759e-02 
 4.167890e+00 -2.676764e-02 
 4.168288e+00 -2.648341e-02 
 4.168685e+00 -2.624016e-02 
 4.169083e+00 -2.601589e-02 
 4.169481e+00 -2.578682e-02 
 4.169878e+00 -2.553715e-02 
 4.170276e+00 -2.523620e-02 
 4.170674e+00 -2.488406e-02 
 4.171072e+00 -2.446770e-02 
 4.171469e+00 -2.398420e-02 
 4.171867e+00 -2.345774e-02 
 4.172265e+00 -2.286741e-02 
 4.172662e+00 -2.221450e-02 
 4.173060e+00 -2.151608e-02 
 4.173458e+00 -2.078841e-02 
 4.173855e+00 -2.007523e-02 
 4.174253e+00 -1.940450e-02 
 4.174651e+00 -1.880938e-02 
 4.175048e+00 -1.828618e-02 
 4.175446e+00 -1.784187e-02 
 4.175844e+00 -1.745921e-02 
 4.176242e+00 -1.710800e-02 
 4.176639e+00 -1.675206e-02 
 4.177037e+00 -1.637277e-02 
 4.177435e+00 -1.596541e-02 
 4.177832e+00 -1.553186e-02 
 4.178230e+00 -1.506292e-02 
 4.178628e+00 -1.454744e-02 
 4.179025e+00 -1.397831e-02 
 4.179423e+00 -1.332692e-02 
 4.179821e+00 -1.258431e-02 
 4.180219e+00 -1.174598e-02 
 4.180616e+00 -1.083317e-02 
 4.181014e+00 -9.844438e-03 
 4.181412e+00 -8.776313e-03 
 4.181809e+00 -7.643250e-03 
 4.182207e+00 -6.438847e-03 
 4.182605e+00 -5.173996e-03 
 4.183002e+00 -3.873197e-03 
 4.183400e+00 -2.583922e-03 
 4.183798e+00 -1.353682e-03 
 4.184195e+00 -2.090104e-04 
 4.184593e+00  8.329312e-04 
 4.184991e+00  1.790583e-03 
 4.185389e+00  2.712688e-03 
 4.185786e+00  3.628768e-03 
 4.186184e+00  4.559521e-03 
 4.186582e+00  5.496350e-03 
 4.186979e+00  6.429366e-03 
 4.187377e+00  7.340037e-03 
 4.187775e+00  8.234342e-03 
 4.188172e+00  9.117882e-03 
 4.188570e+00  1.000828e-02 
 4.188968e+00  1.093142e-02 
 4.189366e+00  1.188168e-02 
 4.189763e+00  1.284053e-02 
 4.190161e+00  1.376328e-02 
 4.190559e+00  1.460899e-02 
 4.190956e+00  1.535908e-02 
 4.191354e+00  1.601160e-02 
 4.191752e+00  1.657086e-02 
 4.192149e+00  1.702323e-02 
 4.192547e+00  1.734924e-02 
 4.192945e+00  1.751793e-02 
 4.193342e+00  1.751196e-02 
 4.193740e+00  1.733798e-02 
 4.194138e+00  1.701591e-02 
 4.194536e+00  1.660061e-02 
 4.194933e+00  1.615817e-02 
 4.195331e+00  1.573656e-02 
 4.195729e+00  1.536077e-02 
 4.196126e+00  1.505008e-02 
 4.196524e+00  1.477952e-02 
 4.196922e+00  1.453653e-02 
 4.197319e+00  1.431360e-02 
 4.197717e+00  1.411964e-02 
 4.198115e+00  1.395893e-02 
 4.198513e+00  1.382015e-02 
 4.198910e+00  1.370194e-02 
 4.199308e+00  1.358073e-02 
 4.199706e+00  1.343376e-02 
 4.200103e+00  1.325812e-02 
 4.200501e+00  1.306056e-02 
 4.200899e+00  1.284786e-02 
 4.201296e+00  1.262788e-02 
 4.201694e+00  1.240723e-02 
 4.202092e+00  1.219764e-02 
 4.202489e+00  1.199818e-02 
 4.202887e+00  1.181152e-02 
 4.203285e+00  1.164045e-02 
 4.203683e+00  1.148950e-02 
 4.204080e+00  1.136041e-02 
 4.204478e+00  1.127407e-02 
 4.204876e+00  1.124369e-02 
 4.205273e+00  1.127253e-02 
 4.205671e+00  1.135814e-02 
 4.206069e+00  1.149416e-02 
 4.206466e+00  1.166830e-02 
 4.206864e+00  1.184714e-02 
 4.207262e+00  1.202238e-02 
 4.207660e+00  1.219860e-02 
 4.208057e+00  1.237613e-02 
 4.208455e+00  1.255577e-02 
 4.208853e+00  1.275524e-02 
 4.209250e+00  1.296639e-02 
 4.209648e+00  1.316654e-02 
 4.210046e+00  1.333609e-02 
 4.210443e+00  1.345432e-02 
 4.210841e+00  1.350609e-02 
 4.211239e+00  1.348614e-02 
 4.211636e+00  1.340715e-02 
 4.212034e+00  1.327140e-02 
 4.212432e+00  1.308835e-02 
 4.212830e+00  1.285158e-02 
 4.213227e+00  1.257925e-02 
 4.213625e+00  1.229603e-02 
 4.214023e+00  1.202711e-02 
 4.214420e+00  1.181262e-02 
 4.214818e+00  1.167538e-02 
 4.215216e+00  1.160045e-02 
 4.215613e+00  1.155506e-02 
 4.216011e+00  1.149348e-02 
 4.216409e+00  1.136710e-02 
 4.216807e+00  1.114241e-02 
 4.217204e+00  1.081294e-02 
 4.217602e+00  1.038531e-02 
 4.218000e+00  9.861099e-03 
 4.218397e+00  9.231362e-03 
 4.218795e+00  8.487194e-03 
 4.219193e+00  7.608225e-03 
 4.219590e+00  6.579989e-03 
 4.219988e+00  5.421496e-03 
 4.220386e+00  4.165954e-03 
 4.220783e+00  2.856325e-03 
 4.221181e+00  1.512866e-03 
 4.221579e+00  1.497908e-04 
 4.221977e+00 -1.233949e-03 
 4.222374e+00 -2.646971e-03 
 4.222772e+00 -4.088059e-03 
 4.223170e+00 -5.554768e-03 
 4.223567e+00 -7.029809e-03 
 4.223965e+00 -8.494689e-03 
 4.224363e+00 -9.963989e-03 
 4.224760e+00 -1.144129e-02 
 4.225158e+00 -1.296156e-02 
 4.225556e+00 -1.455723e-02 
 4.225954e+00 -1.624461e-02 
 4.226351e+00 -1.801553e-02 
 4.226749e+00 -1.983719e-02 
 4.227147e+00 -2.167555e-02 
 4.227544e+00 -2.348677e-02 
 4.227942e+00 -2.524809e-02 
 4.228340e+00 -2.695409e-02 
 4.228737e+00 -2.860631e-02 
 4.229135e+00 -3.019618e-02 
 4.229533e+00 -3.171217e-02 
 4.229930e+00 -3.314168e-02 
 4.230328e+00 -3.447478e-02 
 4.230726e+00 -3.570412e-02 
 4.231124e+00 -3.682780e-02 
 4.231521e+00 -3.785428e-02 
 4.231919e+00 -3.880163e-02 
 4.232317e+00 -3.967551e-02 
 4.232714e+00 -4.046229e-02 
 4.233112e+00 -4.115402e-02 
 4.233510e+00 -4.173466e-02 
 4.233907e+00 -4.222352e-02 
 4.234305e+00 -4.263516e-02 
 4.234703e+00 -4.301210e-02 
 4.235101e+00 -4.339178e-02 
 4.235498e+00 -4.379644e-02 
 4.235896e+00 -4.424064e-02 
 4.236294e+00 -4.472210e-02 
 4.236691e+00 -4.522271e-02 
 4.237089e+00 -4.571744e-02 
 4.237487e+00 -4.619513e-02 
 4.237884e+00 -4.665723e-02 
 4.238282e+00 -4.711348e-02 
 4.238680e+00 -4.758042e-02 
 4.239077e+00 -4.804103e-02 
 4.239475e+00 -4.847702e-02 
 4.239873e+00 -4.886578e-02 
 4.240271e+00 -4.918795e-02 
 4.240668e+00 -4.943737e-02 
 4.241066e+00 -4.962250e-02 
 4.241464e+00 -4.975667e-02 
 4.241861e+00 -4.986983e-02 
 4.242259e+00 -4.998691e-02 
 4.242657e+00 -5.010859e-02 
 4.243054e+00 -5.024462e-02 
 4.243452e+00 -5.039868e-02 
 4.243850e+00 -5.058015e-02 
 4.244248e+00 -5.082246e-02 
 4.244645e+00 -5.115463e-02 
 4.245043e+00 -5.160362e-02 
 4.245441e+00 -5.215502e-02 
 4.245838e+00 -5.276151e-02 
 4.246236e+00 -5.337666e-02 
 4.246634e+00 -5.395611e-02 
 4.247031e+00 -5.446990e-02 
 4.247429e+00 -5.490062e-02 
 4.247827e+00 -5.525235e-02 
 4.248224e+00 -5.554126e-02 
 4.248622e+00 -5.577140e-02 
 4.249020e+00 -5.593773e-02 
 4.249418e+00 -5.604501e-02 
 4.249815e+00 -5.608929e-02 
 4.250213e+00 -5.607974e-02 
 4.250611e+00 -5.603880e-02 
 4.251008e+00 -5.599267e-02 
 4.251406e+00 -5.596845e-02 
 4.251804e+00 -5.596279e-02 
 4.252201e+00 -5.598654e-02 
 4.252599e+00 -5.604475e-02 
 4.252997e+00 -5.613500e-02 
 4.253395e+00 -5.627442e-02 
 4.253792e+00 -5.645860e-02 
 4.254190e+00 -5.668527e-02 
 4.254588e+00 -5.695271e-02 
 4.254985e+00 -5.723341e-02 
 4.255383e+00 -5.749986e-02 
 4.255781e+00 -5.769557e-02 
 4.256178e+00 -5.779415e-02 
 4.256576e+00 -5.776663e-02 
 4.256974e+00 -5.760040e-02 
 4.257371e+00 -5.730485e-02 
 4.257769e+00 -5.688729e-02 
 4.258167e+00 -5.635130e-02 
 4.258565e+00 -5.570436e-02 
 4.258962e+00 -5.495720e-02 
 4.259360e+00 -5.411975e-02 
 4.259758e+00 -5.320155e-02 
 4.260155e+00 -5.221023e-02 
 4.260553e+00 -5.116407e-02 
 4.260951e+00 -5.009253e-02 
 4.261348e+00 -4.902033e-02 
 4.261746e+00 -4.796012e-02 
 4.262144e+00 -4.691095e-02 
 4.262542e+00 -4.586671e-02 
 4.262939e+00 -4.483759e-02 
 4.263337e+00 -4.381925e-02 
 4.263735e+00 -4.280149e-02 
 4.264132e+00 -4.177560e-02 
 4.264530e+00 -4.072079e-02 
 4.264928e+00 -3.962307e-02 
 4.265325e+00 -3.845471e-02 
 4.265723e+00 -3.720865e-02 
 4.266121e+00 -3.587525e-02 
 4.266518e+00 -3.446108e-02 
 4.266916e+00 -3.300463e-02 
 4.267314e+00 -3.155755e-02 
 4.267712e+00 -3.015913e-02 
 4.268109e+00 -2.882883e-02 
 4.268507e+00 -2.759177e-02 
 4.268905e+00 -2.645418e-02 
 4.269302e+00 -2.540693e-02 
 4.269700e+00 -2.444917e-02 
 4.270098e+00 -2.357945e-02 
 4.270495e+00 -2.279821e-02 
 4.270893e+00 -2.211123e-02 
 4.271291e+00 -2.151937e-02 
 4.271689e+00 -2.103083e-02 
 4.272086e+00 -2.061977e-02 
 4.272484e+00 -2.027038e-02 
 4.272882e+00 -1.997800e-02 
 4.273279e+00 -1.973306e-02 
 4.273677e+00 -1.953243e-02 
 4.274075e+00 -1.936569e-02 
 4.274472e+00 -1.921028e-02 
 4.274870e+00 -1.903228e-02 
 4.275268e+00 -1.880132e-02 
 4.275665e+00 -1.849697e-02 
 4.276063e+00 -1.811539e-02 
 4.276461e+00 -1.766546e-02 
 4.276859e+00 -1.715880e-02 
 4.277256e+00 -1.664802e-02 
 4.277654e+00 -1.615084e-02 
 4.278052e+00 -1.567004e-02 
 4.278449e+00 -1.523110e-02 
 4.278847e+00 -1.482688e-02 
 4.279245e+00 -1.445904e-02 
 4.279642e+00 -1.413064e-02 
 4.280040e+00 -1.384711e-02 
 4.280438e+00 -1.360284e-02 
 4.280836e+00 -1.338202e-02 
 4.281233e+00 -1.318431e-02 
 4.281631e+00 -1.298101e-02 
 4.282029e+00 -1.275140e-02 
 4.282426e+00 -1.246674e-02 
 4.282824e+00 -1.209935e-02 
 4.283222e+00 -1.164189e-02 
 4.283619e+00 -1.109014e-02 
 4.284017e+00 -1.044088e-02 
 4.284415e+00 -9.687913e-03 
 4.284812e+00 -8.846511e-03 
 4.285210e+00 -7.922436e-03 
 4.285608e+00 -6.934227e-03 
 4.286006e+00 -5.914066e-03 
 4.286403e+00 -4.892130e-03 
 4.286801e+00 -3.907908e-03 
 4.287199e+00 -2.987891e-03 
 4.287596e+00 -2.150682e-03 
 4.287994e+00 -1.387821e-03 
 4.288392e+00 -6.723530e-04 
 4.288789e+00  2.153558e-05 
 4.289187e+00  7.264501e-04 
 4.289585e+00  1.464078e-03 
 4.289983e+00  2.249321e-03 
 4.290380e+00  3.092633e-03 
 4.290778e+00  3.990093e-03 
 4.291176e+00  4.950510e-03 
 4.291573e+00  5.990711e-03 
 4.291971e+00  7.110835e-03 
 4.292369e+00  8.307270e-03 
 4.292766e+00  9.566729e-03 
 4.293164e+00  1.086552e-02 
 4.293562e+00  1.217361e-02 
 4.293959e+00  1.347296e-02 
 4.294357e+00  1.475727e-02 
 4.294755e+00  1.600315e-02 
 4.295153e+00  1.720181e-02 
 4.295550e+00  1.834116e-02 
 4.295948e+00  1.940256e-02 
 4.296346e+00  2.037798e-02 
 4.296743e+00  2.125273e-02 
 4.297141e+00  2.202317e-02 
 4.297539e+00  2.268114e-02 
 4.297936e+00  2.324259e-02 
 4.298334e+00  2.370902e-02 
 4.298732e+00  2.408421e-02 
 4.299130e+00  2.437642e-02 
 4.299527e+00  2.458279e-02 
 4.299925e+00  2.471194e-02 
 4.300323e+00  2.477947e-02 
 4.300720e+00  2.479599e-02 
 4.301118e+00  2.477144e-02 
 4.301516e+00  2.472198e-02 
 4.301913e+00  2.465210e-02 
 4.302311e+00  2.457460e-02 
 4.302709e+00  2.448466e-02 
 4.303106e+00  2.439021e-02 
 4.303504e+00  2.427205e-02 
 4.303902e+00  2.413401e-02 
 4.304300e+00  2.396753e-02 
 4.304697e+00  2.373683e-02 
 4.305095e+00  2.342661e-02 
 4.305493e+00  2.301974e-02 
 4.305890e+00  2.250411e-02 
 4.306288e+00  2.188327e-02 
 4.306686e+00  2.118002e-02 
 4.307083e+00  2.040507e-02 
 4.307481e+00  1.959023e-02 
 4.307879e+00  1.877150e-02 
 4.308277e+00  1.799123e-02 
 4.308674e+00  1.726429e-02 
 4.309072e+00  1.661655e-02 
 4.309470e+00  1.604965e-02 
 4.309867e+00  1.556574e-02 
 4.310265e+00  1.517081e-02 
 4.310663e+00  1.484592e-02 
 4.311060e+00  1.456081e-02 
 4.311458e+00  1.429500e-02 
 4.311856e+00  1.402877e-02 
 4.312253e+00  1.373565e-02 
 4.312651e+00  1.339306e-02 
 4.313049e+00  1.297636e-02 
 4.313447e+00  1.247321e-02 
 4.313844e+00  1.186912e-02 
 4.314242e+00  1.117430e-02 
 4.314640e+00  1.039267e-02 
 4.315037e+00  9.544080e-03 
 4.315435e+00  8.646379e-03 
 4.315833e+00  7.727685e-03 
 4.316230e+00  6.813834e-03 
 4.316628e+00  5.931991e-03 
 4.317026e+00  5.088177e-03 
 4.317424e+00  4.291419e-03 
 4.317821e+00  3.548758e-03 
 4.318219e+00  2.850281e-03 
 4.318617e+00  2.189986e-03 
 4.319014e+00  1.536149e-03 
 4.319412e+00  8.668202e-04 
 4.319810e+00  1.691443e-04 
 4.320207e+00 -5.647477e-04 
 4.320605e+00 -1.331701e-03 
 4.321003e+00 -2.126143e-03 
 4.321400e+00 -2.942382e-03 
 4.321798e+00 -3.776678e-03 
 4.322196e+00 -4.644887e-03 
 4.322594e+00 -5.542829e-03 
 4.322991e+00 -6.490846e-03 
 4.323389e+00 -7.511099e-03 
 4.323787e+00 -8.600523e-03 
 4.324184e+00 -9.744192e-03 
 4.324582e+00 -1.092153e-02 
 4.324980e+00 -1.211527e-02 
 4.325377e+00 -1.330951e-02 
 4.325775e+00 -1.449115e-02 
 4.326173e+00 -1.564932e-02 
 4.326571e+00 -1.677804e-02 
 4.326968e+00 -1.787696e-02 
 4.327366e+00 -1.895047e-02 
 4.327764e+00 -2.000174e-02 
 4.328161e+00 -2.104183e-02 
 4.328559e+00 -2.208394e-02 
 4.328957e+00 -2.314895e-02 
 4.329354e+00 -2.427121e-02 
 4.329752e+00 -2.547117e-02 
 4.330150e+00 -2.674882e-02 
 4.330547e+00 -2.810445e-02 
 4.330945e+00 -2.952078e-02 
 4.331343e+00 -3.098352e-02 
 4.331741e+00 -3.248671e-02 
 4.332138e+00 -3.403612e-02 
 4.332536e+00 -3.561789e-02 
 4.332934e+00 -3.722296e-02 
 4.333331e+00 -3.884535e-02 
 4.333729e+00 -4.044924e-02 
 4.334127e+00 -4.199444e-02 
 4.334524e+00 -4.344689e-02 
 4.334922e+00 -4.477707e-02 
 4.335320e+00 -4.597831e-02 
 4.335718e+00 -4.704049e-02 
 4.336115e+00 -4.798055e-02 
 4.336513e+00 -4.880685e-02 
 4.336911e+00 -4.951804e-02 
 4.337308e+00 -5.011417e-02 
 4.337706e+00 -5.060586e-02 
 4.338104e+00 -5.101123e-02 
 4.338501e+00 -5.136502e-02 
 4.338899e+00 -5.170760e-02 
 4.339297e+00 -5.206189e-02 
 4.339694e+00 -5.243722e-02 
 4.340092e+00 -5.282157e-02 
 4.340490e+00 -5.318783e-02 
 4.340888e+00 -5.350957e-02 
 4.341285e+00 -5.375619e-02 
 4.341683e+00 -5.393167e-02 
 4.342081e+00 -5.404963e-02 
 4.342478e+00 -5.411986e-02 
 4.342876e+00 -5.415329e-02 
 4.343274e+00 -5.413766e-02 
 4.343671e+00 -5.404390e-02 
 4.344069e+00 -5.384072e-02 
 4.344467e+00 -5.352085e-02 
 4.344865e+00 -5.308961e-02 
 4.345262e+00 -5.256702e-02 
 4.345660e+00 -5.199526e-02 
 4.346058e+00 -5.139448e-02 
 4.346455e+00 -5.078407e-02 
 4.346853e+00 -5.018391e-02 
 4.347251e+00 -4.960119e-02 
 4.347648e+00 -4.904160e-02 
 4.348046e+00 -4.854541e-02 
 4.348444e+00 -4.814238e-02 
 4.348841e+00 -4.786518e-02 
 4.349239e+00 -4.771238e-02 
 4.349637e+00 -4.766261e-02 
 4.350035e+00 -4.766884e-02 
 4.350432e+00 -4.769080e-02 
 4.350830e+00 -4.770652e-02 
 4.351228e+00 -4.770291e-02 
 4.351625e+00 -4.769125e-02 
 4.352023e+00 -4.765848e-02 
 4.352421e+00 -4.759804e-02 
 4.352818e+00 -4.750752e-02 
 4.353216e+00 -4.734844e-02 
 4.353614e+00 -4.709903e-02 
 4.354012e+00 -4.674566e-02 
 4.354409e+00 -4.631893e-02 
 4.354807e+00 -4.586241e-02 
 4.355205e+00 -4.542388e-02 
 4.355602e+00 -4.504020e-02 
 4.356000e+00 -4.471949e-02 
 4.356398e+00 -4.446241e-02 
 4.356795e+00 -4.428276e-02 
 4.357193e+00 -4.419386e-02 
 4.357591e+00 -4.419513e-02 
 4.357988e+00 -4.429913e-02 
 4.358386e+00 -4.449393e-02 
 4.358784e+00 -4.477711e-02 
 4.359182e+00 -4.510447e-02 
 4.359579e+00 -4.543594e-02 
 4.359977e+00 -4.572735e-02 
 4.360375e+00 -4.593765e-02 
 4.360772e+00 -4.608258e-02 
 4.361170e+00 -4.617433e-02 
 4.361568e+00 -4.623721e-02 
 4.361965e+00 -4.628295e-02 
 4.362363e+00 -4.630471e-02 
 4.362761e+00 -4.628198e-02 
 4.363159e+00 -4.620866e-02 
 4.363556e+00 -4.606866e-02 
 4.363954e+00 -4.585767e-02 
 4.364352e+00 -4.560216e-02 
 4.364749e+00 -4.532294e-02 
 4.365147e+00 -4.503489e-02 
 4.365545e+00 -4.475543e-02 
 4.365942e+00 -4.448081e-02 
 4.366340e+00 -4.419006e-02 
 4.366738e+00 -4.387900e-02 
 4.367135e+00 -4.355439e-02 
 4.367533e+00 -4.323178e-02 
 4.367931e+00 -4.290681e-02 
 4.368329e+00 -4.257904e-02 
 4.368726e+00 -4.221924e-02 
 4.369124e+00 -4.178659e-02 
 4.369522e+00 -4.124331e-02 
 4.369919e+00 -4.054717e-02 
 4.370317e+00 -3.969730e-02 
 4.370715e+00 -3.870425e-02 
 4.371112e+00 -3.760518e-02 
 4.371510e+00 -3.642800e-02 
 4.371908e+00 -3.519830e-02 
 4.372306e+00 -3.391706e-02 
 4.372703e+00 -3.257745e-02 
 4.373101e+00 -3.118637e-02 
 4.373499e+00 -2.977813e-02 
 4.373896e+00 -2.838400e-02 
 4.374294e+00 -2.705905e-02 
 4.374692e+00 -2.585471e-02 
 4.375089e+00 -2.479117e-02 
 4.375487e+00 -2.385081e-02 
 4.375885e+00 -2.300658e-02 
 4.376282e+00 -2.220369e-02 
 4.376680e+00 -2.141129e-02 
 4.377078e+00 -2.061862e-02 
 4.377476e+00 -1.982924e-02 
 4.377873e+00 -1.903059e-02 
 4.378271e+00 -1.822426e-02 
 4.378669e+00 -1.737895e-02 
 4.379066e+00 -1.647130e-02 
 4.379464e+00 -1.549028e-02 
 4.379862e+00 -1.444843e-02 
 4.380259e+00 -1.337449e-02 
 4.380657e+00 -1.233466e-02 
 4.381055e+00 -1.136938e-02 
 4.381453e+00 -1.049124e-02 
 4.381850e+00 -9.701213e-03 
 4.382248e+00 -8.973450e-03 
 4.382646e+00 -8.277766e-03 
 4.383043e+00 -7.606715e-03 
 4.383441e+00 -6.973432e-03 
 4.383839e+00 -6.390120e-03 
 4.384236e+00 -5.866721e-03 
 4.384634e+00 -5.403442e-03 
 4.385032e+00 -4.975818e-03 
 4.385429e+00 -4.534767e-03 
 4.385827e+00 -4.048315e-03 
 4.386225e+00 -3.489924e-03 
 4.386623e+00 -2.869483e-03 
 4.387020e+00 -2.197641e-03 
 4.387418e+00 -1.481986e-03 
 4.387816e+00 -7.320167e-04 
 4.388213e+00  6.372996e-05 
 4.388611e+00  9.122706e-04 
 4.389009e+00  1.823767e-03 
 4.389406e+00  2.783212e-03 
 4.389804e+00  3.767054e-03 
 4.390202e+00  4.738229e-03 
 4.390600e+00  5.667787e-03 
 4.390997e+00  6.531304e-03 
 4.391395e+00  7.348572e-03 
 4.391793e+00  8.141732e-03 
 4.392190e+00  8.921458e-03 
 4.392588e+00  9.699617e-03 
 4.392986e+00  1.046214e-02 
 4.393383e+00  1.117924e-02 
 4.393781e+00  1.184164e-02 
 4.394179e+00  1.243810e-02 
 4.394576e+00  1.297568e-02 
 4.394974e+00  1.349453e-02 
 4.395372e+00  1.404253e-02 
 4.395770e+00  1.465725e-02 
 4.396167e+00  1.535070e-02 
 4.396565e+00  1.611963e-02 
 4.396963e+00  1.693443e-02 
 4.397360e+00  1.778001e-02 
 4.397758e+00  1.866639e-02 
 4.398156e+00  1.959085e-02 
 4.398553e+00  2.055556e-02 
 4.398951e+00  2.154673e-02 
 4.399349e+00  2.252319e-02 
 4.399747e+00  2.344206e-02 
 4.400144e+00  2.425533e-02 
 4.400542e+00  2.493552e-02 
 4.400940e+00  2.547628e-02 
 4.401337e+00  2.590832e-02 
 4.401735e+00  2.627170e-02 
 4.402133e+00  2.659405e-02 
 4.402530e+00  2.687455e-02 
 4.402928e+00  2.710213e-02 
 4.403326e+00  2.726503e-02 
 4.403723e+00  2.736023e-02 
 4.404121e+00  2.741477e-02 
 4.404519e+00  2.745466e-02 
 4.404917e+00  2.750638e-02 
 4.405314e+00  2.757739e-02 
 4.405712e+00  2.765466e-02 
 4.406110e+00  2.770520e-02 
 4.406507e+00  2.768304e-02 
 4.406905e+00  2.756203e-02 
 4.407303e+00  2.732897e-02 
 4.407700e+00  2.700341e-02 
 4.408098e+00  2.659433e-02 
 4.408496e+00  2.609346e-02 
 4.408894e+00  2.547952e-02 
 4.409291e+00  2.473094e-02 
 4.409689e+00  2.380897e-02 
 4.410087e+00  2.270443e-02 
 4.410484e+00  2.145509e-02 
 4.410882e+00  2.011765e-02 
 4.411280e+00  1.873318e-02 
 4.411677e+00  1.734556e-02 
 4.412075e+00  1.596744e-02 
 4.412473e+00  1.458285e-02 
 4.412870e+00  1.316674e-02 
 4.413268e+00  1.173976e-02 
 4.413666e+00  1.030985e-02 
 4.414064e+00  8.923539e-03 
 4.414461e+00  7.621861e-03 
 4.414859e+00  6.419300e-03 
 4.415257e+00  5.321425e-03 
 4.415654e+00  4.280850e-03 
 4.416052e+00  3.241302e-03 
 4.416450e+00  2.160910e-03 
 4.416847e+00  1.024122e-03 
 4.417245e+00 -1.539631e-04 
 4.417643e+00 -1.349728e-03 
 4.418040e+00 -2.546021e-03 
 4.418438e+00 -3.737107e-03 
 4.418836e+00 -4.949572e-03 
 4.419234e+00 -6.202166e-03 
 4.419631e+00 -7.496230e-03 
 4.420029e+00 -8.802165e-03 
 4.420427e+00 -1.007039e-02 
 4.420824e+00 -1.125842e-02 
 4.421222e+00 -1.233126e-02 
 4.421620e+00 -1.327292e-02 
 4.422017e+00 -1.410384e-02 
 4.422415e+00 -1.484423e-02 
 4.422813e+00 -1.552233e-02 
 4.423211e+00 -1.615428e-02 
 4.423608e+00 -1.673599e-02 
 4.424006e+00 -1.725753e-02 
 4.424404e+00 -1.773414e-02 
 4.424801e+00 -1.818157e-02 
 4.425199e+00 -1.864055e-02 
 4.425597e+00 -1.914954e-02 
 4.425994e+00 -1.973369e-02 
 4.426392e+00 -2.038904e-02 
 4.426790e+00 -2.107164e-02 
 4.427187e+00 -2.175331e-02 
 4.427585e+00 -2.240303e-02 
 4.427983e+00 -2.302536e-02 
 4.428381e+00 -2.363130e-02 
 4.428778e+00 -2.425214e-02 
 4.429176e+00 -2.488417e-02 
 4.429574e+00 -2.550603e-02 
 4.429971e+00 -2.607807e-02 
 4.430369e+00 -2.655287e-02 
 4.430767e+00 -2.691516e-02 
 4.431164e+00 -2.715705e-02 
 4.431562e+00 -2.731552e-02 
 4.431960e+00 -2.743412e-02 
 4.432358e+00 -2.755346e-02 
 4.432755e+00 -2.769787e-02 
 4.433153e+00 -2.785552e-02 
 4.433551e+00 -2.801008e-02 
 4.433948e+00 -2.815588e-02 
 4.434346e+00 -2.830900e-02 
 4.434744e+00 -2.852329e-02 
 4.435141e+00 -2.883768e-02 
 4.435539e+00 -2.928304e-02 
 4.435937e+00 -2.987097e-02 
 4.436334e+00 -3.058198e-02 
 4.436732e+00 -3.138711e-02 
 4.437130e+00 -3.225076e-02 
 4.437528e+00 -3.313550e-02 
 4.437925e+00 -3.401925e-02 
 4.438323e+00 -3.490364e-02 
 4.438721e+00 -3.578520e-02 
 4.439118e+00 -3.664248e-02 
 4.439516e+00 -3.744908e-02 
 4.439914e+00 -3.817592e-02 
 4.440311e+00 -3.881541e-02 
 4.440709e+00 -3.937781e-02 
 4.441107e+00 -3.990668e-02 
 4.441505e+00 -4.043544e-02 
 4.441902e+00 -4.100615e-02 
 4.442300e+00 -4.163298e-02 
 4.442698e+00 -4.232012e-02 
 4.443095e+00 -4.306551e-02 
 4.443493e+00 -4.385524e-02 
 4.443891e+00 -4.467711e-02 
 4.444288e+00 -4.554828e-02 
 4.444686e+00 -4.647883e-02 
 4.445084e+00 -4.746835e-02 
 4.445481e+00 -4.849267e-02 
 4.445879e+00 -4.951696e-02 
 4.446277e+00 -5.048873e-02 
 4.446675e+00 -5.136293e-02 
 4.447072e+00 -5.209456e-02 
 4.447470e+00 -5.267832e-02 
 4.447868e+00 -5.311502e-02 
 4.448265e+00 -5.341953e-02 
 4.448663e+00 -5.360922e-02 
 4.449061e+00 -5.370079e-02 
 4.449458e+00 -5.369749e-02 
 4.449856e+00 -5.359641e-02 
 4.450254e+00 -5.340863e-02 
 4.450652e+00 -5.316457e-02 
 4.451049e+00 -5.290600e-02 
 4.451447e+00 -5.267503e-02 
 4.451845e+00 -5.248582e-02 
 4.452242e+00 -5.233584e-02 
 4.452640e+00 -5.220753e-02 
 4.453038e+00 -5.208451e-02 
 4.453435e+00 -5.196927e-02 
 4.453833e+00 -5.187143e-02 
 4.454231e+00 -5.179456e-02 
 4.454628e+00 -5.174585e-02 
 4.455026e+00 -5.173391e-02 
 4.455424e+00 -5.175803e-02 
 4.455822e+00 -5.177526e-02 
 4.456219e+00 -5.175413e-02 
 4.456617e+00 -5.166105e-02 
 4.457015e+00 -5.149645e-02 
 4.457412e+00 -5.126314e-02 
 4.457810e+00 -5.098411e-02 
 4.458208e+00 -5.066519e-02 
 4.458605e+00 -5.030056e-02 
 4.459003e+00 -4.988119e-02 
 4.459401e+00 -4.942310e-02 
 4.459799e+00 -4.892700e-02 
 4.460196e+00 -4.841215e-02 
 4.460594e+00 -4.792434e-02 
 4.460992e+00 -4.750975e-02 
 4.461389e+00 -4.719860e-02 
 4.461787e+00 -4.700165e-02 
 4.462185e+00 -4.690274e-02 
 4.462582e+00 -4.686378e-02 
 4.462980e+00 -4.683693e-02 
 4.463378e+00 -4.680035e-02 
 4.463775e+00 -4.676137e-02 
 4.464173e+00 -4.672599e-02 
 4.464571e+00 -4.670239e-02 
 4.464969e+00 -4.668427e-02 
 4.465366e+00 -4.663466e-02 
 4.465764e+00 -4.649026e-02 
 4.466162e+00 -4.621585e-02 
 4.466559e+00 -4.579239e-02 
 4.466957e+00 -4.525285e-02 
 4.467355e+00 -4.464371e-02 
 4.467752e+00 -4.402244e-02 
 4.468150e+00 -4.343479e-02 
 4.468548e+00 -4.290308e-02 
 4.468946e+00 -4.243050e-02 
 4.469343e+00 -4.200352e-02 
 4.469741e+00 -4.162316e-02 
 4.470139e+00 -4.130329e-02 
 4.470536e+00 -4.104588e-02 
 4.470934e+00 -4.085280e-02 
 4.471332e+00 -4.070164e-02 
 4.471729e+00 -4.056275e-02 
 4.472127e+00 -4.036822e-02 
 4.472525e+00 -4.009546e-02 
 4.472922e+00 -3.972120e-02 
 4.473320e+00 -3.924399e-02 
 4.473718e+00 -3.867501e-02 
 4.474116e+00 -3.802390e-02 
 4.474513e+00 -3.729703e-02 
 4.474911e+00 -3.648219e-02 
 4.475309e+00 -3.555448e-02 
 4.475706e+00 -3.451184e-02 
 4.476104e+00 -3.335454e-02 
 4.476502e+00 -3.210329e-02 
 4.476899e+00 -3.079378e-02 
 4.477297e+00 -2.946264e-02 
 4.477695e+00 -2.812957e-02 
 4.478093e+00 -2.678354e-02 
 4.478490e+00 -2.541251e-02 
 4.478888e+00 -2.401642e-02 
 4.479286e+00 -2.258623e-02 
 4.479683e+00 -2.113952e-02 
 4.480081e+00 -1.970665e-02 
 4.480479e+00 -1.830947e-02 
 4.480876e+00 -1.693923e-02 
 4.481274e+00 -1.556208e-02 
 4.481672e+00 -1.412824e-02 
 4.482069e+00 -1.260527e-02 
 4.482467e+00 -1.098325e-02 
 4.482865e+00 -9.278280e-03 
 4.483263e+00 -7.516674e-03 
 4.483660e+00 -5.729155e-03 
 4.484058e+00 -3.953704e-03 
 4.484456e+00 -2.197740e-03 
 4.484853e+00 -4.658351e-04 
 4.485251e+00  1.237220e-03 
 4.485649e+00  2.901456e-03 
 4.486046e+00  4.500010e-03 
 4.486444e+00  6.007657e-03 
 4.486842e+00  7.380835e-03 
 4.487240e+00  8.610320e-03 
 4.487637e+00  9.698756e-03 
 4.488035e+00  1.065654e-02 
 4.488433e+00  1.150509e-02 
 4.488830e+00  1.225044e-02 
 4.489228e+00  1.291012e-02 
 4.489626e+00  1.348112e-02 
 4.490023e+00  1.397884e-02 
 4.490421e+00  1.442297e-02 
 4.490819e+00  1.484701e-02 
 4.491216e+00  1.529082e-02 
 4.491614e+00  1.578362e-02 
 4.492012e+00  1.632486e-02 
 4.492410e+00  1.689879e-02 
 4.492807e+00  1.748118e-02 
 4.493205e+00  1.802931e-02 
 4.493603e+00  1.850825e-02 
 4.494000e+00  1.891133e-02 
 4.494398e+00  1.924699e-02 
 4.494796e+00  1.952830e-02 
 4.495193e+00  1.975057e-02 
 4.495591e+00  1.990864e-02 
 4.495989e+00  1.998686e-02 
 4.496387e+00  1.995816e-02 
 4.496784e+00  1.981158e-02 
 4.497182e+00  1.955316e-02 
 4.497580e+00  1.920765e-02 
 4.497977e+00  1.880087e-02 
 4.498375e+00  1.837152e-02 
 4.498773e+00  1.794253e-02 
 4.499170e+00  1.752893e-02 
 4.499568e+00  1.713241e-02 
 4.499966e+00  1.676424e-02 
 4.500363e+00  1.644714e-02 
 4.500761e+00  1.619794e-02 
 4.501159e+00  1.601259e-02 
 4.501557e+00  1.588652e-02 
 4.501954e+00  1.581413e-02 
 4.502352e+00  1.576123e-02 
 4.502750e+00  1.570536e-02 
 4.503147e+00  1.562509e-02 
 4.503545e+00  1.550306e-02 
 4.503943e+00  1.534379e-02 
 4.504340e+00  1.514435e-02 
 4.504738e+00  1.489766e-02 
 4.505136e+00  1.460532e-02 
 4.505534e+00  1.426641e-02 
 4.505931e+00  1.387525e-02 
 4.506329e+00  1.346002e-02 
 4.506727e+00  1.304578e-02 
 4.507124e+00  1.266352e-02 
 4.507522e+00  1.232628e-02 
 4.507920e+00  1.205077e-02 
 4.508317e+00  1.185267e-02 
 4.508715e+00  1.173332e-02 
 4.509113e+00  1.170098e-02 
 4.509510e+00  1.174482e-02 
 4.509908e+00  1.185759e-02 
 4.510306e+00  1.201699e-02 
 4.510704e+00  1.220668e-02 
 4.511101e+00  1.241081e-02 
 4.511499e+00  1.260789e-02 
 4.511897e+00  1.276724e-02 
 4.512294e+00  1.284817e-02 
 4.512692e+00  1.282527e-02 
 4.513090e+00  1.267862e-02 
 4.513487e+00  1.240151e-02 
 4.513885e+00  1.199951e-02 
 4.514283e+00  1.147896e-02 
 4.514681e+00  1.087998e-02 
 4.515078e+00  1.023185e-02 
 4.515476e+00  9.546797e-03 
 4.515874e+00  8.831058e-03 
 4.516271e+00  8.069526e-03 
 4.516669e+00  7.255928e-03 
 4.517067e+00  6.394490e-03 
 4.517464e+00  5.507620e-03 
 4.517862e+00  4.621838e-03 
 4.518260e+00  3.744696e-03 
 4.518657e+00  2.871057e-03 
 4.519055e+00  1.998691e-03 
 4.519453e+00  1.116064e-03 
 4.519851e+00  2.013191e-04 
 4.520248e+00 -7.616840e-04 
 4.520646e+00 -1.777434e-03 
 4.521044e+00 -2.834387e-03 
 4.521441e+00 -3.933406e-03 
 4.521839e+00 -5.070219e-03 
 4.522237e+00 -6.250209e-03 
 4.522634e+00 -7.484707e-03 
 4.523032e+00 -8.773905e-03 
 4.523430e+00 -1.010298e-02 
 4.523828e+00 -1.144734e-02 
 4.524225e+00 -1.278865e-02 
 4.524623e+00 -1.410645e-02 
 4.525021e+00 -1.537346e-02 
 4.525418e+00 -1.658327e-02 
 4.525816e+00 -1.772798e-02 
 4.526214e+00 -1.879227e-02 
 4.526611e+00 -1.975438e-02 
 4.527009e+00 -2.058866e-02 
 4.527407e+00 -2.126698e-02 
 4.527804e+00 -2.179399e-02 
 4.528202e+00 -2.220117e-02 
 4.528600e+00 -2.253955e-02 
 4.528998e+00 -2.285875e-02 
 4.529395e+00 -2.320224e-02 
 4.529793e+00 -2.359690e-02 
 4.530191e+00 -2.405335e-02 
 4.530588e+00 -2.458016e-02 
 4.530986e+00 -2.515668e-02 
 4.531384e+00 -2.578148e-02 
 4.531781e+00 -2.644423e-02 
 4.532179e+00 -2.713606e-02 
 4.532577e+00 -2.783795e-02 
 4.532975e+00 -2.851326e-02 
 4.533372e+00 -2.911763e-02 
 4.533770e+00 -2.962125e-02 
 4.534168e+00 -3.001253e-02 
 4.534565e+00 -3.028786e-02 
 4.534963e+00 -3.046869e-02 
 4.535361e+00 -3.055963e-02 
 4.535758e+00 -3.057983e-02 
 4.536156e+00 -3.054575e-02 
 4.536554e+00 -3.047638e-02 
 4.536951e+00 -3.037922e-02 
 4.537349e+00 -3.028084e-02 
 4.537747e+00 -3.021282e-02 
 4.538145e+00 -3.020235e-02 
 4.538542e+00 -3.027937e-02 
 4.538940e+00 -3.046999e-02 
 4.539338e+00 -3.078108e-02 
 4.539735e+00 -3.118595e-02 
 4.540133e+00 -3.165072e-02 
 4.540531e+00 -3.214959e-02 
 4.540928e+00 -3.267139e-02 
 4.541326e+00 -3.321342e-02 
 4.541724e+00 -3.377374e-02 
 4.542122e+00 -3.436000e-02 
 4.542519e+00 -3.496254e-02 
 4.542917e+00 -3.555895e-02 
 4.543315e+00 -3.614034e-02 
 4.543712e+00 -3.668893e-02 
 4.544110e+00 -3.720007e-02 
 4.544508e+00 -3.768463e-02 
 4.544905e+00 -3.818953e-02 
 4.545303e+00 -3.875626e-02 
 4.545701e+00 -3.938414e-02 
 4.546098e+00 -4.006499e-02 
 4.546496e+00 -4.079094e-02 
 4.546894e+00 -4.155207e-02 
 4.547292e+00 -4.234826e-02 
 4.547689e+00 -4.319510e-02 
 4.548087e+00 -4.412753e-02 
 4.548485e+00 -4.517223e-02 
 4.548882e+00 -4.634764e-02 
 4.549280e+00 -4.764670e-02 
 4.549678e+00 -4.902529e-02 
 4.550075e+00 -5.042759e-02 
 4.550473e+00 -5.181428e-02 
 4.550871e+00 -5.313714e-02 
 4.551269e+00 -5.437331e-02 
 4.551666e+00 -5.549676e-02 
 4.552064e+00 -5.648340e-02 
 4.552462e+00 -5.732252e-02 
 4.552859e+00 -5.800782e-02 
 4.553257e+00 -5.853694e-02 
 4.553655e+00 -5.892108e-02 
 4.554052e+00 -5.917606e-02 
 4.554450e+00 -5.932735e-02 
 4.554848e+00 -5.939748e-02 
 4.555245e+00 -5.941580e-02 
 4.555643e+00 -5.938903e-02 
 4.556041e+00 -5.932874e-02 
 4.556439e+00 -5.924628e-02 
 4.556836e+00 -5.915137e-02 
 4.557234e+00 -5.905046e-02 
 4.557632e+00 -5.895586e-02 
 4.558029e+00 -5.886879e-02 
 4.558427e+00 -5.878204e-02 
 4.558825e+00 -5.866675e-02 
 4.559222e+00 -5.848793e-02 
 4.559620e+00 -5.821720e-02 
 4.560018e+00 -5.782319e-02 
 4.560416e+00 -5.729591e-02 
 4.560813e+00 -5.663044e-02 
 4.561211e+00 -5.584139e-02 
 4.561609e+00 -5.495685e-02 
 4.562006e+00 -5.399338e-02 
 4.562404e+00 -5.296852e-02 
 4.562802e+00 -5.189556e-02 
 4.563199e+00 -5.078766e-02 
 4.563597e+00 -4.965262e-02 
 4.563995e+00 -4.852577e-02 
 4.564392e+00 -4.744582e-02 
 4.564790e+00 -4.643320e-02 
 4.565188e+00 -4.550437e-02 
 4.565586e+00 -4.466586e-02 
 4.565983e+00 -4.390144e-02 
 4.566381e+00 -4.318663e-02 
 4.566779e+00 -4.250040e-02 
 4.567176e+00 -4.183824e-02 
 4.567574e+00 -4.119564e-02 
 4.567972e+00 -4.057508e-02 
 4.568369e+00 -3.998742e-02 
 4.568767e+00 -3.941118e-02 
 4.569165e+00 -3.882794e-02 
 4.569563e+00 -3.819656e-02 
 4.569960e+00 -3.748956e-02 
 4.570358e+00 -3.669728e-02 
 4.570756e+00 -3.583162e-02 
 4.571153e+00 -3.491434e-02 
 4.571551e+00 -3.396407e-02 
 4.571949e+00 -3.301064e-02 
 4.572346e+00 -3.206066e-02 
 4.572744e+00 -3.111623e-02 
 4.573142e+00 -3.018295e-02 
 4.573539e+00 -2.928011e-02 
 4.573937e+00 -2.843693e-02 
 4.574335e+00 -2.769540e-02 
 4.574733e+00 -2.707372e-02 
 4.575130e+00 -2.656826e-02 
 4.575528e+00 -2.614210e-02 
 4.575926e+00 -2.574486e-02 
 4.576323e+00 -2.532936e-02 
 4.576721e+00 -2.487120e-02 
 4.577119e+00 -2.436408e-02 
 4.577516e+00 -2.381974e-02 
 4.577914e+00 -2.324410e-02 
 4.578312e+00 -2.264146e-02 
 4.578710e+00 -2.197882e-02 
 4.579107e+00 -2.122308e-02 
 4.579505e+00 -2.035730e-02 
 4.579903e+00 -1.938382e-02 
 4.580300e+00 -1.833756e-02 
 4.580698e+00 -1.726390e-02 
 4.581096e+00 -1.620542e-02 
 4.581493e+00 -1.518635e-02 
 4.581891e+00 -1.421025e-02 
 4.582289e+00 -1.327729e-02 
 4.582686e+00 -1.236368e-02 
 4.583084e+00 -1.146180e-02 
 4.583482e+00 -1.057064e-02 
 4.583880e+00 -9.689794e-03 
 4.584277e+00 -8.820009e-03 
 4.584675e+00 -7.957437e-03 
 4.585073e+00 -7.076728e-03 
 4.585470e+00 -6.154684e-03 
 4.585868e+00 -5.167233e-03 
 4.586266e+00 -4.110152e-03 
 4.586663e+00 -3.002957e-03 
 4.587061e+00 -1.862701e-03 
 4.587459e+00 -6.963510e-04 
 4.587857e+00  5.069974e-04 
 4.588254e+00  1.763784e-03 
 4.588652e+00  3.077811e-03 
 4.589050e+00  4.450479e-03 
 4.589447e+00  5.863688e-03 
 4.589845e+00  7.282504e-03 
 4.590243e+00  8.655128e-03 
 4.590640e+00  9.930215e-03 
 4.591038e+00  1.107667e-02 
 4.591436e+00  1.210090e-02 
 4.591833e+00  1.301863e-02 
 4.592231e+00  1.385025e-02 
 4.592629e+00  1.459314e-02 
 4.593027e+00  1.523211e-02 
 4.593424e+00  1.575347e-02 
 4.593822e+00  1.615169e-02 
 4.594220e+00  1.644348e-02 
 4.594617e+00  1.666695e-02 
 4.595015e+00  1.687466e-02 
 4.595413e+00  1.712734e-02 
 4.595810e+00  1.744482e-02 
 4.596208e+00  1.781308e-02 
 4.596606e+00  1.819724e-02 
 4.597004e+00  1.854658e-02 
 4.597401e+00  1.883576e-02 
 4.597799e+00  1.905069e-02 
 4.598197e+00  1.920373e-02 
 4.598594e+00  1.930070e-02 
 4.598992e+00  1.933935e-02 
 4.599390e+00  1.929652e-02 
 4.599787e+00  1.914290e-02 
 4.600185e+00  1.884371e-02 
 4.600583e+00  1.839126e-02 
 4.600980e+00  1.779843e-02 
 4.601378e+00  1.710802e-02 
 4.601776e+00  1.637390e-02 
 4.602174e+00  1.564602e-02 
 4.602571e+00  1.495879e-02 
 4.602969e+00  1.433557e-02 
 4.603367e+00  1.376478e-02 
 4.603764e+00  1.324708e-02 
 4.604162e+00  1.279277e-02 
 4.604560e+00  1.240237e-02 
 4.604957e+00  1.207629e-02 
 4.605355e+00  1.180526e-02 
 4.605753e+00  1.156379e-02 
 4.606151e+00  1.132845e-02 
 4.606548e+00  1.106185e-02 
 4.606946e+00  1.075741e-02 
 4.607344e+00  1.041057e-02 
 4.607741e+00  1.003547e-02 
 4.608139e+00  9.654584e-03 
 4.608537e+00  9.283157e-03 
 4.608934e+00  8.905678e-03 
 4.609332e+00  8.497287e-03 
 4.609730e+00  8.034288e-03 
 4.610127e+00  7.515440e-03 
 4.610525e+00  6.951761e-03 
 4.610923e+00  6.379376e-03 
 4.611321e+00  5.840699e-03 
 4.611718e+00  5.362516e-03 
 4.612116e+00  4.958303e-03 
 4.612514e+00  4.616950e-03 
 4.612911e+00  4.329011e-03 
 4.613309e+00  4.087617e-03 
 4.613707e+00  3.888775e-03 
 4.614104e+00  3.751605e-03 
 4.614502e+00  3.684728e-03 
 4.614900e+00  3.695862e-03 
 4.615298e+00  3.759520e-03 
 4.615695e+00  3.850230e-03 
 4.616093e+00  3.935259e-03 
 4.616491e+00  3.979604e-03 
 4.616888e+00  3.976535e-03 
 4.617286e+00  3.922377e-03 
 4.617684e+00  3.829502e-03 
 4.618081e+00  3.700326e-03 
 4.618479e+00  3.515506e-03 
 4.618877e+00  3.261086e-03 
 4.619274e+00  2.914403e-03 
 4.619672e+00  2.474155e-03 
 4.620070e+00  1.963766e-03 
 4.620468e+00  1.430686e-03 
 4.620865e+00  9.260584e-04 
 4.621263e+00  4.977395e-04 
 4.621661e+00  1.566183e-04 
 4.622058e+00 -1.010152e-04 
 4.622456e+00 -3.063325e-04 
 4.622854e+00 -4.952068e-04 
 4.623251e+00 -6.959076e-04 
 4.623649e+00 -9.307903e-04 
 4.624047e+00 -1.209856e-03 
 4.624445e+00 -1.544697e-03 
 4.624842e+00 -1.955749e-03 
 4.625240e+00 -2.479074e-03 
 4.625638e+00 -3.155563e-03 
 4.626035e+00 -4.005462e-03 
 4.626433e+00 -5.019077e-03 
 4.626831e+00 -6.157207e-03 
 4.627228e+00 -7.363221e-03 
 4.627626e+00 -8.587941e-03 
 4.628024e+00 -9.799970e-03 
 4.628421e+00 -1.099488e-02 
 4.628819e+00 -1.217550e-02 
 4.629217e+00 -1.335580e-02 
 4.629615e+00 -1.452817e-02 
 4.630012e+00 -1.567427e-02 
 4.630410e+00 -1.676744e-02 
 4.630808e+00 -1.778146e-02 
 4.631205e+00 -1.870288e-02 
 4.631603e+00 -1.954976e-02 
 4.632001e+00 -2.034988e-02 
 4.632398e+00 -2.114228e-02 
 4.632796e+00 -2.196423e-02 
 4.633194e+00 -2.282021e-02 
 4.633592e+00 -2.370372e-02 
 4.633989e+00 -2.460068e-02 
 4.634387e+00 -2.551970e-02 
 4.634785e+00 -2.646747e-02 
 4.635182e+00 -2.745225e-02 
 4.635580e+00 -2.847555e-02 
 4.635978e+00 -2.952108e-02 
 4.636375e+00 -3.058243e-02 
 4.636773e+00 -3.163008e-02 
 4.637171e+00 -3.265015e-02 
 4.637568e+00 -3.361409e-02 
 4.637966e+00 -3.452407e-02 
 4.638364e+00 -3.539757e-02 
 4.638762e+00 -3.623933e-02 
 4.639159e+00 -3.703725e-02 
 4.639557e+00 -3.775945e-02 
 4.639955e+00 -3.838328e-02 
 4.640352e+00 -3.888106e-02 
 4.640750e+00 -3.926102e-02 
 4.641148e+00 -3.954862e-02 
 4.641545e+00 -3.979814e-02 
 4.641943e+00 -4.005717e-02 
 4.642341e+00 -4.037264e-02 
 4.642739e+00 -4.075793e-02 
 4.643136e+00 -4.122013e-02 
 4.643534e+00 -4.173382e-02 
 4.643932e+00 -4.228087e-02 
 4.644329e+00 -4.286974e-02 
 4.644727e+00 -4.350596e-02 
 4.645125e+00 -4.419217e-02 
 4.645522e+00 -4.492426e-02 
 4.645920e+00 -4.566095e-02 
 4.646318e+00 -4.634946e-02 
 4.646715e+00 -4.693695e-02 
 4.647113e+00 -4.738629e-02 
 4.647511e+00 -4.769149e-02 
 4.647909e+00 -4.787039e-02 
 4.648306e+00 -4.795914e-02 
 4.648704e+00 -4.798876e-02 
 4.649102e+00 -4.796606e-02 
 4.649499e+00 -4.789350e-02 
 4.649897e+00 -4.776093e-02 
 4.650295e+00 -4.757407e-02 
 4.650692e+00 -4.736934e-02 
 4.651090e+00 -4.719166e-02 
 4.651488e+00 -4.709004e-02 
 4.651886e+00 -4.709917e-02 
 4.652283e+00 -4.721972e-02 
 4.652681e+00 -4.743040e-02 
 4.653079e+00 -4.770537e-02 
 4.653476e+00 -4.801007e-02 
 4.653874e+00 -4.832405e-02 
 4.654272e+00 -4.864833e-02 
 4.654669e+00 -4.898369e-02 
 4.655067e+00 -4.933632e-02 
 4.655465e+00 -4.968792e-02 
 4.655862e+00 -5.001736e-02 
 4.656260e+00 -5.028143e-02 
 4.656658e+00 -5.045390e-02 
 4.657056e+00 -5.053403e-02 
 4.657453e+00 -5.053786e-02 
 4.657851e+00 -5.048652e-02 
 4.658249e+00 -5.040678e-02 
 4.658646e+00 -5.031059e-02 
 4.659044e+00 -5.019732e-02 
 4.659442e+00 -5.007829e-02 
 4.659839e+00 -4.994047e-02 
 4.660237e+00 -4.980091e-02 
 4.660635e+00 -4.968770e-02 
 4.661033e+00 -4.962540e-02 
 4.661430e+00 -4.963656e-02 
 4.661828e+00 -4.971242e-02 
 4.662226e+00 -4.982930e-02 
 4.662623e+00 -4.993314e-02 
 4.663021e+00 -4.997773e-02 
 4.663419e+00 -4.994844e-02 
 4.663816e+00 -4.983309e-02 
 4.664214e+00 -4.963740e-02 
 4.664612e+00 -4.936909e-02 
 4.665009e+00 -4.901966e-02 
 4.665407e+00 -4.857095e-02 
 4.665805e+00 -4.799946e-02 
 4.666203e+00 -4.729414e-02 
 4.666600e+00 -4.646018e-02 
 4.666998e+00 -4.553899e-02 
 4.667396e+00 -4.457774e-02 
 4.667793e+00 -4.362150e-02 
 4.668191e+00 -4.269176e-02 
 4.668589e+00 -4.178493e-02 
 4.668986e+00 -4.088859e-02 
 4.669384e+00 -3.998849e-02 
 4.669782e+00 -3.909431e-02 
 4.670180e+00 -3.821799e-02 
 4.670577e+00 -3.737774e-02 
 4.670975e+00 -3.658421e-02 
 4.671373e+00 -3.582592e-02 
 4.671770e+00 -3.506584e-02 
 4.672168e+00 -3.424095e-02 
 4.672566e+00 -3.331340e-02 
 4.672963e+00 -3.226508e-02 
 4.673361e+00 -3.110738e-02 
 4.673759e+00 -2.987705e-02 
 4.674156e+00 -2.860948e-02 
 4.674554e+00 -2.732556e-02 
 4.674952e+00 -2.602148e-02 
 4.675350e+00 -2.468994e-02 
 4.675747e+00 -2.331060e-02 
 4.676145e+00 -2.187452e-02 
 4.676543e+00 -2.039944e-02 
 4.676940e+00 -1.891470e-02 
 4.677338e+00 -1.746078e-02 
 4.677736e+00 -1.605507e-02 
 4.678133e+00 -1.471573e-02 
 4.678531e+00 -1.344217e-02 
 4.678929e+00 -1.221877e-02 
 4.679327e+00 -1.103033e-02 
 4.679724e+00 -9.883879e-03 
 4.680122e+00 -8.783869e-03 
 4.680520e+00 -7.739139e-03 
 4.680917e+00 -6.741699e-03 
 4.681315e+00 -5.773721e-03 
 4.681713e+00 -4.810385e-03 
 4.682110e+00 -3.828887e-03 
 4.682508e+00 -2.811994e-03 
 4.682906e+00 -1.755839e-03 
 4.683303e+00 -6.641615e-04 
 4.683701e+00  4.429822e-04 
 4.684099e+00  1.532911e-03 
 4.684497e+00  2.593812e-03 
 4.684894e+00  3.603997e-03 
 4.685292e+00  4.553294e-03 
 4.685690e+00  5.429578e-03 
 4.686087e+00  6.204046e-03 
 4.686485e+00  6.844604e-03 
 4.686883e+00  7.331041e-03 
 4.687280e+00  7.662915e-03 
 4.687678e+00  7.843053e-03 
 4.688076e+00  7.896524e-03 
 4.688474e+00  7.849392e-03 
 4.688871e+00  7.742483e-03 
 4.689269e+00  7.598831e-03 
 4.689667e+00  7.443423e-03 
 4.690064e+00  7.300568e-03 
 4.690462e+00  7.190724e-03 
 4.690860e+00  7.138929e-03 
 4.691257e+00  7.165207e-03 
 4.691655e+00  7.278819e-03 
 4.692053e+00  7.481557e-03 
 4.692450e+00  7.755054e-03 
 4.692848e+00  8.067370e-03 
 4.693246e+00  8.376142e-03 
 4.693644e+00  8.640886e-03 
 4.694041e+00  8.841811e-03 
 4.694439e+00  8.971541e-03 
 4.694837e+00  9.027321e-03 
 4.695234e+00  9.013948e-03 
 4.695632e+00  8.948656e-03 
 4.696030e+00  8.851936e-03 
 4.696427e+00  8.729503e-03 
 4.696825e+00  8.594809e-03 
 4.697223e+00  8.470610e-03 
 4.697621e+00  8.366049e-03 
 4.698018e+00  8.299165e-03 
 4.698416e+00  8.296893e-03 
 4.698814e+00  8.363032e-03 
 4.699211e+00  8.492908e-03 
 4.699609e+00  8.676590e-03 
 4.700007e+00  8.910630e-03 
 4.700404e+00  9.201369e-03 
 4.700802e+00  9.544434e-03 
 4.701200e+00  9.957613e-03 
 4.701597e+00  1.043824e-02 
 4.701995e+00  1.098661e-02 
 4.702393e+00  1.158575e-02 
 4.702791e+00  1.219577e-02 
 4.703188e+00  1.278524e-02 
 4.703586e+00  1.331831e-02 
 4.703984e+00  1.377044e-02 
 4.704381e+00  1.413795e-02 
 4.704779e+00  1.443194e-02 
 4.705177e+00  1.465878e-02 
 4.705574e+00  1.482926e-02 
 4.705972e+00  1.495975e-02 
 4.706370e+00  1.505419e-02 
 4.706768e+00  1.512948e-02 
 4.707165e+00  1.518863e-02 
 4.707563e+00  1.525393e-02 
 4.707961e+00  1.534878e-02 
 4.708358e+00  1.550270e-02 
 4.708756e+00  1.573029e-02 
 4.709154e+00  1.603461e-02 
 4.709551e+00  1.641269e-02 
 4.709949e+00  1.684151e-02 
 4.710347e+00  1.729668e-02 
 4.710744e+00  1.775553e-02 
 4.711142e+00  1.819055e-02 
 4.711540e+00  1.857644e-02 
 4.711938e+00  1.889184e-02 
 4.712335e+00  1.910355e-02 
 4.712733e+00  1.918274e-02 
 4.713131e+00  1.909952e-02 
 4.713528e+00  1.884470e-02 
 4.713926e+00  1.842093e-02 
 4.714324e+00  1.785778e-02 
 4.714721e+00  1.719580e-02 
 4.715119e+00  1.646531e-02 
 4.715517e+00  1.569840e-02 
 4.715915e+00  1.491406e-02 
 4.716312e+00  1.411965e-02 
 4.716710e+00  1.332543e-02 
 4.717108e+00  1.254058e-02 
 4.717505e+00  1.177289e-02 
 4.717903e+00  1.102583e-02 
 4.718301e+00  1.029519e-02 
 4.718698e+00  9.557895e-03 
 4.719096e+00  8.792191e-03 
 4.719494e+00  7.981056e-03 
 4.719891e+00  7.110988e-03 
 4.720289e+00  6.191020e-03 
 4.720687e+00  5.224135e-03 
 4.721085e+00  4.213130e-03 
 4.721482e+00  3.149804e-03 
 4.721880e+00  2.020476e-03 
 4.722278e+00  8.193339e-04 
 4.722675e+00 -4.532469e-04 
 4.723073e+00 -1.795467e-03 
 4.723471e+00 -3.161620e-03 
 4.723868e+00 -4.521519e-03 
 4.724266e+00 -5.828336e-03 
 4.724664e+00 -7.061897e-03 
 4.725062e+00 -8.212486e-03 
 4.725459e+00 -9.277452e-03 
 4.725857e+00 -1.027677e-02 
 4.726255e+00 -1.120899e-02 
 4.726652e+00 -1.207548e-02 
 4.727050e+00 -1.286234e-02 
 4.727448e+00 -1.357220e-02 
 4.727845e+00 -1.421080e-02 
 4.728243e+00 -1.478310e-02 
 4.728641e+00 -1.531398e-02 
 4.729038e+00 -1.583051e-02 
 4.729436e+00 -1.635182e-02 
 4.729834e+00 -1.690904e-02 
 4.730232e+00 -1.750449e-02 
 4.730629e+00 -1.813660e-02 
 4.731027e+00 -1.879282e-02 
 4.731425e+00 -1.946521e-02 
 4.731822e+00 -2.015316e-02 
 4.732220e+00 -2.084011e-02 
 4.732618e+00 -2.152844e-02 
 4.733015e+00 -2.219682e-02 
 4.733413e+00 -2.282736e-02 
 4.733811e+00 -2.339793e-02 
 4.734209e+00 -2.389185e-02 
 4.734606e+00 -2.429323e-02 
 4.735004e+00 -2.460257e-02 
 4.735402e+00 -2.483665e-02 
 4.735799e+00 -2.502454e-02 
 4.736197e+00 -2.519840e-02 
 4.736595e+00 -2.537589e-02 
 4.736992e+00 -2.557532e-02 
 4.737390e+00 -2.581548e-02 
 4.737788e+00 -2.609312e-02 
 4.738185e+00 -2.640503e-02 
 4.738583e+00 -2.675418e-02 
 4.738981e+00 -2.715508e-02 
 4.739379e+00 -2.761225e-02 
 4.739776e+00 -2.812550e-02 
 4.740174e+00 -2.868976e-02 
 4.740572e+00 -2.929199e-02 
 4.740969e+00 -2.992256e-02 
 4.741367e+00 -3.057346e-02 
 4.741765e+00 -3.123347e-02 
 4.742162e+00 -3.189030e-02 
 4.742560e+00 -3.253605e-02 
 4.742958e+00 -3.316120e-02 
 4.743356e+00 -3.375666e-02 
 4.743753e+00 -3.432304e-02 
 4.744151e+00 -3.485366e-02 
 4.744549e+00 -3.536581e-02 
 4.744946e+00 -3.588616e-02 
 4.745344e+00 -3.643912e-02 
 4.745742e+00 -3.704803e-02 
 4.746139e+00 -3.772148e-02 
 4.746537e+00 -3.845811e-02 
 4.746935e+00 -3.925219e-02 
 4.747332e+00 -4.010559e-02 
 4.747730e+00 -4.103001e-02 
 4.748128e+00 -4.202699e-02 
 4.748526e+00 -4.311774e-02 
 4.748923e+00 -4.430523e-02 
 4.749321e+00 -4.557237e-02 
 4.749719e+00 -4.689087e-02 
 4.750116e+00 -4.821849e-02 
 4.750514e+00 -4.951088e-02 
 4.750912e+00 -5.073641e-02 
 4.751309e+00 -5.186947e-02 
 4.751707e+00 -5.289438e-02 
 4.752105e+00 -5.379321e-02 
 4.752503e+00 -5.455127e-02 
 4.752900e+00 -5.516271e-02 
 4.753298e+00 -5.563156e-02 
 4.753696e+00 -5.597592e-02 
 4.754093e+00 -5.622403e-02 
 4.754491e+00 -5.641087e-02 
 4.754889e+00 -5.657652e-02 
 4.755286e+00 -5.675097e-02 
 4.755684e+00 -5.695943e-02 
 4.756082e+00 -5.720357e-02 
 4.756479e+00 -5.746482e-02 
 4.756877e+00 -5.772705e-02 
 4.757275e+00 -5.796618e-02 
 4.757673e+00 -5.816250e-02 
 4.758070e+00 -5.829564e-02 
 4.758468e+00 -5.835527e-02 
 4.758866e+00 -5.832880e-02 
 4.759263e+00 -5.820038e-02 
 4.759661e+00 -5.794729e-02 
 4.760059e+00 -5.756188e-02 
 4.760456e+00 -5.702300e-02 
 4.760854e+00 -5.633546e-02 
 4.761252e+00 -5.553103e-02 
 4.761650e+00 -5.463864e-02 
 4.762047e+00 -5.368168e-02 
 4.762445e+00 -5.268963e-02 
 4.762843e+00 -5.168489e-02 
 4.763240e+00 -5.066793e-02 
 4.763638e+00 -4.965408e-02 
 4.764036e+00 -4.865221e-02 
 4.764433e+00 -4.767742e-02 
 4.764831e+00 -4.674893e-02 
 4.765229e+00 -4.588053e-02 
 4.765626e+00 -4.508270e-02 
 4.766024e+00 -4.433431e-02 
 4.766422e+00 -4.361199e-02 
 4.766820e+00 -4.289517e-02 
 4.767217e+00 -4.217637e-02 
 4.767615e+00 -4.145398e-02 
 4.768013e+00 -4.073580e-02 
 4.768410e+00 -4.003126e-02 
 4.768808e+00 -3.932924e-02 
 4.769206e+00 -3.861650e-02 
 4.769603e+00 -3.787006e-02 
 4.770001e+00 -3.707491e-02 
 4.770399e+00 -3.620760e-02 
 4.770797e+00 -3.527053e-02 
 4.771194e+00 -3.427927e-02 
 4.771592e+00 -3.326205e-02 
 4.771990e+00 -3.224580e-02 
 4.772387e+00 -3.124708e-02 
 4.772785e+00 -3.029285e-02 
 4.773183e+00 -2.940107e-02 
 4.773580e+00 -2.859625e-02 
 4.773978e+00 -2.790714e-02 
 4.774376e+00 -2.735367e-02 
 4.774773e+00 -2.692552e-02 
 4.775171e+00 -2.661231e-02 
 4.775569e+00 -2.637817e-02 
 4.775967e+00 -2.617688e-02 
 4.776364e+00 -2.596769e-02 
 4.776762e+00 -2.571686e-02 
 4.777160e+00 -2.540512e-02 
 4.777557e+00 -2.503964e-02 
 4.777955e+00 -2.462143e-02 
 4.778353e+00 -2.414078e-02 
 4.778750e+00 -2.358106e-02 
 4.779148e+00 -2.292783e-02 
 4.779546e+00 -2.218983e-02 
 4.779944e+00 -2.138036e-02 
 4.780341e+00 -2.054070e-02 
 4.780739e+00 -1.971622e-02 
 4.781137e+00 -1.893789e-02 
 4.781534e+00 -1.822957e-02 
 4.781932e+00 -1.759746e-02 
 4.782330e+00 -1.703594e-02 
 4.782727e+00 -1.652402e-02 
 4.783125e+00 -1.604418e-02 
 4.783523e+00 -1.558486e-02 
 4.783920e+00 -1.513175e-02 
 4.784318e+00 -1.466349e-02 
 4.784716e+00 -1.415907e-02 
 4.785114e+00 -1.358922e-02 
 4.785511e+00 -1.291828e-02 
 4.785909e+00 -1.211927e-02 
 4.786307e+00 -1.118621e-02 
 4.786704e+00 -1.013009e-02 
 4.787102e+00 -8.972216e-03 
 4.787500e+00 -7.745354e-03 
 4.787897e+00 -6.474999e-03 
 4.788295e+00 -5.178053e-03 
 4.788693e+00 -3.863768e-03 
 4.789091e+00 -2.549109e-03 
 4.789488e+00 -1.240886e-03 
 4.789886e+00  5.755567e-05 
 4.790284e+00  1.332032e-03 
 4.790681e+00  2.564681e-03 
 4.791079e+00  3.738994e-03 
 4.791477e+00  4.845293e-03 
 4.791874e+00  5.877619e-03 
 4.792272e+00  6.836234e-03 
 4.792670e+00  7.721521e-03 
 4.793067e+00  8.533651e-03 
 4.793465e+00  9.276563e-03 
 4.793863e+00  9.952434e-03 
 4.794261e+00  1.058226e-02 
 4.794658e+00  1.118454e-02 
 4.795056e+00  1.179194e-02 
 4.795454e+00  1.241295e-02 
 4.795851e+00  1.305764e-02 
 4.796249e+00  1.372099e-02 
 4.796647e+00  1.437915e-02 
 4.797044e+00  1.501440e-02 
 4.797442e+00  1.560273e-02 
 4.797840e+00  1.612591e-02 
 4.798238e+00  1.658137e-02 
 4.798635e+00  1.695707e-02 
 4.799033e+00  1.724604e-02 
 4.799431e+00  1.743617e-02 
 4.799828e+00  1.749756e-02 
 4.800226e+00  1.741446e-02 
 4.800624e+00  1.717604e-02 
 4.801021e+00  1.679279e-02 
 4.801419e+00  1.629085e-02 
 4.801817e+00  1.570355e-02 
 4.802214e+00  1.508061e-02 
 4.802612e+00  1.445185e-02 
 4.803010e+00  1.384908e-02 
 4.803408e+00  1.328642e-02 
 4.803805e+00  1.276401e-02 
 4.804203e+00  1.230088e-02 
 4.804601e+00  1.190405e-02 
 4.804998e+00  1.158215e-02 
 4.805396e+00  1.133060e-02 
 4.805794e+00  1.112885e-02 
 4.806191e+00  1.094611e-02 
 4.806589e+00  1.075298e-02 
 4.806987e+00  1.052676e-02 
 4.807385e+00  1.025233e-02 
 4.807782e+00  9.935706e-03 
 4.808180e+00  9.589275e-03 
 4.808578e+00  9.221491e-03 
 4.808975e+00  8.829136e-03 
 4.809373e+00  8.410120e-03 
 4.809771e+00  7.955129e-03 
 4.810168e+00  7.468732e-03 
 4.810566e+00  6.961930e-03 
 4.810964e+00  6.467364e-03 
 4.811361e+00  6.016656e-03 
 4.811759e+00  5.643569e-03 
 4.812157e+00  5.374552e-03 
 4.812555e+00  5.215505e-03 
 4.812952e+00  5.165858e-03 
 4.813350e+00  5.219892e-03 
 4.813748e+00  5.383589e-03 
 4.814145e+00  5.653501e-03 
 4.814543e+00  6.028734e-03 
 4.814941e+00  6.487378e-03 
 4.815338e+00  7.004512e-03 
 4.815736e+00  7.550662e-03 
 4.816134e+00  8.088601e-03 
 4.816532e+00  8.592613e-03 
 4.816929e+00  9.049116e-03 
 4.817327e+00  9.452133e-03 
 4.817725e+00  9.796238e-03 
 4.818122e+00  1.009156e-02 
 4.818520e+00  1.033478e-02 
 4.818918e+00  1.052790e-02 
 4.819315e+00  1.066881e-02 
 4.819713e+00  1.076568e-02 
 4.820111e+00  1.082788e-02 
 4.820508e+00  1.087833e-02 
 4.820906e+00  1.093530e-02 
 4.821304e+00  1.101808e-02 
 4.821702e+00  1.113047e-02 
 4.822099e+00  1.127286e-02 
 4.822497e+00  1.143156e-02 
 4.822895e+00  1.157886e-02 
 4.823292e+00  1.168378e-02 
 4.823690e+00  1.170601e-02 
 4.824088e+00  1.162427e-02 
 4.824485e+00  1.141036e-02 
 4.824883e+00  1.105547e-02 
 4.825281e+00  1.054561e-02 
 4.825679e+00  9.872613e-03 
 4.826076e+00  9.040690e-03 
 4.826474e+00  8.056902e-03 
 4.826872e+00  6.945350e-03 
 4.827269e+00  5.729539e-03 
 4.827667e+00  4.433511e-03 
 4.828065e+00  3.082638e-03 
 4.828462e+00  1.686666e-03 
 4.828860e+00  2.454893e-04 
 4.829258e+00 -1.243871e-03 
 4.829655e+00 -2.775125e-03 
 4.830053e+00 -4.338633e-03 
 4.830451e+00 -5.910479e-03 
 4.830849e+00 -7.470834e-03 
 4.831246e+00 -8.997139e-03 
 4.831644e+00 -1.049133e-02 
 4.832042e+00 -1.196224e-02 
 4.832439e+00 -1.342729e-02 
 4.832837e+00 -1.490813e-02 
 4.833235e+00 -1.641459e-02 
 4.833632e+00 -1.794186e-02 
 4.834030e+00 -1.949089e-02 
 4.834428e+00 -2.105431e-02 
 4.834826e+00 -2.263569e-02 
 4.835223e+00 -2.423832e-02 
 4.835621e+00 -2.586179e-02 
 4.836019e+00 -2.749704e-02 
 4.836416e+00 -2.912581e-02 
 4.836814e+00 -3.072265e-02 
 4.837212e+00 -3.225317e-02 
 4.837609e+00 -3.369354e-02 
 4.838007e+00 -3.503486e-02 
 4.838405e+00 -3.627752e-02 
 4.838802e+00 -3.742899e-02 
 4.839200e+00 -3.849259e-02 
 4.839598e+00 -3.945651e-02 
 4.839996e+00 -4.030763e-02 
 4.840393e+00 -4.103591e-02 
 4.840791e+00 -4.163721e-02 
 4.841189e+00 -4.212556e-02 
 4.841586e+00 -4.253458e-02 
 4.841984e+00 -4.290336e-02 
 4.842382e+00 -4.327312e-02 
 4.842779e+00 -4.366888e-02 
 4.843177e+00 -4.410588e-02 
 4.843575e+00 -4.459244e-02 
 4.843973e+00 -4.511790e-02 
 4.844370e+00 -4.567742e-02 
 4.844768e+00 -4.624868e-02 
 4.845166e+00 -4.680545e-02 
 4.845563e+00 -4.731258e-02 
 4.845961e+00 -4.774450e-02 
 4.846359e+00 -4.807309e-02 
 4.846756e+00 -4.827437e-02 
 4.847154e+00 -4.835015e-02 
 4.847552e+00 -4.830755e-02 
 4.847949e+00 -4.817881e-02 
 4.848347e+00 -4.799820e-02 
 4.848745e+00 -4.780426e-02 
 4.849143e+00 -4.761843e-02 
 4.849540e+00 -4.746581e-02 
 4.849938e+00 -4.735412e-02 
 4.850336e+00 -4.729816e-02 
 4.850733e+00 -4.730799e-02 
 4.851131e+00 -4.739359e-02 
 4.851529e+00 -4.756001e-02 
 4.851926e+00 -4.781684e-02 
 4.852324e+00 -4.817479e-02 
 4.852722e+00 -4.862047e-02 
 4.853120e+00 -4.913798e-02 
 4.853517e+00 -4.969806e-02 
 4.853915e+00 -5.028355e-02 
 4.854313e+00 -5.087258e-02 
 4.854710e+00 -5.145666e-02 
 4.855108e+00 -5.203387e-02 
 4.855506e+00 -5.259350e-02 
 4.855903e+00 -5.312554e-02 
 4.856301e+00 -5.361570e-02 
 4.856699e+00 -5.406523e-02 
 4.857096e+00 -5.446940e-02 
 4.857494e+00 -5.482445e-02 
 4.857892e+00 -5.515375e-02 
 4.858290e+00 -5.548292e-02 
 4.858687e+00 -5.582326e-02 
 4.859085e+00 -5.616139e-02 
 4.859483e+00 -5.648683e-02 
 4.859880e+00 -5.678162e-02 
 4.860278e+00 -5.703303e-02 
 4.860676e+00 -5.725542e-02 
 4.861073e+00 -5.747121e-02 
 4.861471e+00 -5.768941e-02 
 4.861869e+00 -5.792040e-02 
 4.862267e+00 -5.815322e-02 
 4.862664e+00 -5.835948e-02 
 4.863062e+00 -5.849081e-02 
 4.863460e+00 -5.851897e-02 
 4.863857e+00 -5.841723e-02 
 4.864255e+00 -5.816334e-02 
 4.864653e+00 -5.775152e-02 
 4.865050e+00 -5.717134e-02 
 4.865448e+00 -5.642140e-02 
 4.865846e+00 -5.549135e-02 
 4.866243e+00 -5.439013e-02 
 4.866641e+00 -5.313995e-02 
 4.867039e+00 -5.177775e-02 
 4.867437e+00 -5.035034e-02 
 4.867834e+00 -4.891029e-02 
 4.868232e+00 -4.749466e-02 
 4.868630e+00 -4.613217e-02 
 4.869027e+00 -4.482649e-02 
 4.869425e+00 -4.358281e-02 
 4.869823e+00 -4.239224e-02 
 4.870220e+00 -4.124041e-02 
 4.870618e+00 -4.012970e-02 
 4.871016e+00 -3.905998e-02 
 4.871414e+00 -3.801960e-02 
 4.871811e+00 -3.699439e-02 
 4.872209e+00 -3.595389e-02 
 4.872607e+00 -3.486593e-02 
 4.873004e+00 -3.371145e-02 
 4.873402e+00 -3.248246e-02 
 4.873800e+00 -3.118793e-02 
 4.874197e+00 -2.984308e-02 
 4.874595e+00 -2.848921e-02 
 4.874993e+00 -2.715336e-02 
 4.875390e+00 -2.584670e-02 
 4.875788e+00 -2.458744e-02 
 4.876186e+00 -2.338567e-02 
 4.876584e+00 -2.225759e-02 
 4.876981e+00 -2.122849e-02 
 4.877379e+00 -2.032189e-02 
 4.877777e+00 -1.954190e-02 
 4.878174e+00 -1.889703e-02 
 4.878572e+00 -1.837450e-02 
 4.878970e+00 -1.795784e-02 
 4.879367e+00 -1.763298e-02 
 4.879765e+00 -1.738214e-02 
 4.880163e+00 -1.719006e-02 
 4.880561e+00 -1.705728e-02 
 4.880958e+00 -1.697018e-02 
 4.881356e+00 -1.690002e-02 
 4.881754e+00 -1.682953e-02 
 4.882151e+00 -1.674423e-02 
 4.882549e+00 -1.662149e-02 
 4.882947e+00 -1.645742e-02 
 4.883344e+00 -1.626021e-02 
 4.883742e+00 -1.604570e-02 
 4.884140e+00 -1.582715e-02 
 4.884537e+00 -1.563589e-02 
 4.884935e+00 -1.548464e-02 
 4.885333e+00 -1.538037e-02 
 4.885731e+00 -1.532724e-02 
 4.886128e+00 -1.534137e-02 
 4.886526e+00 -1.542567e-02 
 4.886924e+00 -1.557456e-02 
 4.887321e+00 -1.579267e-02 
 4.887719e+00 -1.606704e-02 
 4.888117e+00 -1.637188e-02 
 4.888514e+00 -1.667873e-02 
 4.888912e+00 -1.695484e-02 
 4.889310e+00 -1.716339e-02 
 4.889708e+00 -1.728840e-02 
 4.890105e+00 -1.731221e-02 
 4.890503e+00 -1.722103e-02 
 4.890901e+00 -1.699952e-02 
 4.891298e+00 -1.664448e-02 
 4.891696e+00 -1.614062e-02 
 4.892094e+00 -1.549291e-02 
 4.892491e+00 -1.471275e-02 
 4.892889e+00 -1.381416e-02 
 4.893287e+00 -1.283596e-02 
 4.893684e+00 -1.181673e-02 
 4.894082e+00 -1.077912e-02 
 4.894480e+00 -9.758362e-03 
 4.894878e+00 -8.762812e-03 
 4.895275e+00 -7.792513e-03 
 4.895673e+00 -6.852840e-03 
 4.896071e+00 -5.928878e-03 
 4.896468e+00 -5.007835e-03 
 4.896866e+00 -4.069471e-03 
 4.897264e+00 -3.117097e-03 
 4.897661e+00 -2.134909e-03 
 4.898059e+00 -1.120846e-03 
 4.898457e+00 -8.683467e-05 
 4.898855e+00  9.925715e-04 
 4.899252e+00  2.121416e-03 
 4.899650e+00  3.294860e-03 
 4.900048e+00  4.498837e-03 
 4.900445e+00  5.722526e-03 
 4.900843e+00  6.944564e-03 
 4.901241e+00  8.161995e-03 
 4.901638e+00  9.361467e-03 
 4.902036e+00  1.052104e-02 
 4.902434e+00  1.162769e-02 
 4.902831e+00  1.267097e-02 
 4.903229e+00  1.362095e-02 
 4.903627e+00  1.445719e-02 
 4.904025e+00  1.514978e-02 
 4.904422e+00  1.568711e-02 
 4.904820e+00  1.606987e-02 
 4.905218e+00  1.632008e-02 
 4.905615e+00  1.646865e-02 
 4.906013e+00  1.653001e-02 
 4.906411e+00  1.651979e-02 
 4.906808e+00  1.646364e-02 
 4.907206e+00  1.638333e-02 
 4.907604e+00  1.630572e-02 
 4.908002e+00  1.624269e-02 
 4.908399e+00  1.620726e-02 
 4.908797e+00  1.620218e-02 
 4.909195e+00  1.623028e-02 
 4.909592e+00  1.627616e-02 
 4.909990e+00  1.632225e-02 
 4.910388e+00  1.635970e-02 
 4.910785e+00  1.637206e-02 
 4.911183e+00  1.634681e-02 
 4.911581e+00  1.627664e-02 
 4.911978e+00  1.613665e-02 
 4.912376e+00  1.590444e-02 
 4.912774e+00  1.556228e-02 
 4.913172e+00  1.509436e-02 
 4.913569e+00  1.450333e-02 
 4.913967e+00  1.381697e-02 
 4.914365e+00  1.306125e-02 
 4.914762e+00  1.226718e-02 
 4.915160e+00  1.147407e-02 
 4.915558e+00  1.072793e-02 
 4.915955e+00  1.004726e-02 
 4.916353e+00  9.449818e-03 
 4.916751e+00  8.935423e-03 
 4.917149e+00  8.492483e-03 
 4.917546e+00  8.117509e-03 
 4.917944e+00  7.791084e-03 
 4.918342e+00  7.501996e-03 
 4.918739e+00  7.235666e-03 
 4.919137e+00  6.980234e-03 
 4.919535e+00  6.720883e-03 
 4.919932e+00  6.452311e-03 
 4.920330e+00  6.165813e-03 
 4.920728e+00  5.844889e-03 
 4.921125e+00  5.500085e-03 
 4.921523e+00  5.134682e-03 
 4.921921e+00  4.756211e-03 
 4.922319e+00  4.361940e-03 
 4.922716e+00  3.941190e-03 
 4.923114e+00  3.486125e-03 
 4.923512e+00  3.006264e-03 
 4.923909e+00  2.514228e-03 
 4.924307e+00  2.031111e-03 
 4.924705e+00  1.569469e-03 
 4.925102e+00  1.165955e-03 
 4.925500e+00  8.325226e-04 
 4.925898e+00  5.706651e-04 
 4.926296e+00  3.638698e-04 
 4.926693e+00  1.977518e-04 
 4.927091e+00  5.378199e-05 
 4.927489e+00 -8.118915e-05 
 4.927886e+00 -2.069455e-04 
 4.928284e+00 -3.453916e-04 
 4.928682e+00 -5.229168e-04 
 4.929079e+00 -7.684712e-04 
 4.929477e+00 -1.111879e-03 
 4.929875e+00 -1.577471e-03 
 4.930272e+00 -2.174189e-03 
 4.930670e+00 -2.898879e-03 
 4.931068e+00 -3.745293e-03 
 4.931466e+00 -4.692060e-03 
 4.931863e+00 -5.722247e-03 
 4.932261e+00 -6.832090e-03 
 4.932659e+00 -8.005166e-03 
 4.933056e+00 -9.241872e-03 
 4.933454e+00 -1.051687e-02 
 4.933852e+00 -1.179289e-02 
 4.934249e+00 -1.303951e-02 
 4.934647e+00 -1.423381e-02 
 4.935045e+00 -1.536530e-02 
 4.935443e+00 -1.645369e-02 
 4.935840e+00 -1.751741e-02 
 4.936238e+00 -1.857668e-02 
 4.936636e+00 -1.964744e-02 
 4.937033e+00 -2.074982e-02 
 4.937431e+00 -2.189463e-02 
 4.937829e+00 -2.308364e-02 
 4.938226e+00 -2.433579e-02 
 4.938624e+00 -2.565968e-02 
 4.939022e+00 -2.706239e-02 
 4.939419e+00 -2.854091e-02 
 4.939817e+00 -3.005916e-02 
 4.940215e+00 -3.157106e-02 
 4.940613e+00 -3.303616e-02 
 4.941010e+00 -3.443108e-02 
 4.941408e+00 -3.574531e-02 
 4.941806e+00 -3.697247e-02 
 4.942203e+00 -3.811051e-02 
 4.942601e+00 -3.916006e-02 
 4.942999e+00 -4.010695e-02 
 4.943396e+00 -4.094252e-02 
 4.943794e+00 -4.166152e-02 
 4.944192e+00 -4.226332e-02 
 4.944590e+00 -4.276845e-02 
 4.944987e+00 -4.320557e-02 
 4.945385e+00 -4.360505e-02 
 4.945783e+00 -4.400296e-02 
 4.946180e+00 -4.442040e-02 
 4.946578e+00 -4.485722e-02 
 4.946976e+00 -4.531329e-02 
 4.947373e+00 -4.577565e-02 
 4.947771e+00 -4.622941e-02 
 4.948169e+00 -4.667330e-02 
 4.948566e+00 -4.710097e-02 
 4.948964e+00 -4.750314e-02 
 4.949362e+00 -4.787839e-02 
 4.949760e+00 -4.822109e-02 
 4.950157e+00 -4.851357e-02 
 4.950555e+00 -4.873641e-02 
 4.950953e+00 -4.887554e-02 
 4.951350e+00 -4.891799e-02 
 4.951748e+00 -4.886211e-02 
 4.952146e+00 -4.872011e-02 
 4.952543e+00 -4.850165e-02 
 4.952941e+00 -4.820865e-02 
 4.953339e+00 -4.784705e-02 
 4.953737e+00 -4.742283e-02 
 4.954134e+00 -4.695901e-02 
 4.954532e+00 -4.647389e-02 
 4.954930e+00 -4.599306e-02 
 4.955327e+00 -4.554552e-02 
 4.955725e+00 -4.516407e-02 
 4.956123e+00 -4.485184e-02 
 4.956520e+00 -4.460594e-02 
 4.956918e+00 -4.441923e-02 
 4.957316e+00 -4.427262e-02 
 4.957713e+00 -4.414417e-02 
 4.958111e+00 -4.403071e-02 
 4.958509e+00 -4.391802e-02 
 4.958907e+00 -4.380495e-02 
 4.959304e+00 -4.366025e-02 
 4.959702e+00 -4.345887e-02 
 4.960100e+00 -4.318892e-02 
 4.960497e+00 -4.284436e-02 
 4.960895e+00 -4.243140e-02 
 4.961293e+00 -4.196620e-02 
 4.961690e+00 -4.147205e-02 
 4.962088e+00 -4.098002e-02 
 4.962486e+00 -4.050762e-02 
 4.962884e+00 -4.007388e-02 
 4.963281e+00 -3.968829e-02 
 4.963679e+00 -3.935014e-02 
 4.964077e+00 -3.908205e-02 
 4.964474e+00 -3.890029e-02 
 4.964872e+00 -3.882836e-02 
 4.965270e+00 -3.886836e-02 
 4.965667e+00 -3.900688e-02 
 4.966065e+00 -3.922547e-02 
 4.966463e+00 -3.948977e-02 
 4.966860e+00 -3.977763e-02 
 4.967258e+00 -4.004945e-02 
 4.967656e+00 -4.028168e-02 
 4.968054e+00 -4.045236e-02 
 4.968451e+00 -4.055148e-02 
 4.968849e+00 -4.056560e-02 
 4.969247e+00 -4.048830e-02 
 4.969644e+00 -4.031666e-02 
 4.970042e+00 -4.005751e-02 
 4.970440e+00 -3.973045e-02 
 4.970837e+00 -3.935399e-02 
 4.971235e+00 -3.894611e-02 
 4.971633e+00 -3.851821e-02 
 4.972031e+00 -3.808322e-02 
 4.972428e+00 -3.765050e-02 
 4.972826e+00 -3.722558e-02 
 4.973224e+00 -3.681886e-02 
 4.973621e+00 -3.644129e-02 
 4.974019e+00 -3.611197e-02 
 4.974417e+00 -3.584329e-02 
 4.974814e+00 -3.563826e-02 
 4.975212e+00 -3.548577e-02 
 4.975610e+00 -3.535516e-02 
 4.976007e+00 -3.520757e-02 
 4.976405e+00 -3.500509e-02 
 4.976803e+00 -3.471824e-02 
 4.977201e+00 -3.433335e-02 
 4.977598e+00 -3.385408e-02 
 4.977996e+00 -3.329867e-02 
 4.978394e+00 -3.268125e-02 
 4.978791e+00 -3.202759e-02 
 4.979189e+00 -3.135793e-02 
 4.979587e+00 -3.066405e-02 
 4.979984e+00 -2.994523e-02 
 4.980382e+00 -2.920551e-02 
 4.980780e+00 -2.846834e-02 
 4.981178e+00 -2.775923e-02 
 4.981575e+00 -2.709377e-02 
 4.981973e+00 -2.647202e-02 
 4.982371e+00 -2.590070e-02 
 4.982768e+00 -2.536610e-02 
 4.983166e+00 -2.485603e-02 
 4.983564e+00 -2.436403e-02 
 4.983961e+00 -2.388119e-02 
 4.984359e+00 -2.340583e-02 
 4.984757e+00 -2.292687e-02 
 4.985154e+00 -2.244044e-02 
 4.985552e+00 -2.191425e-02 
 4.985950e+00 -2.131178e-02 
 4.986348e+00 -2.059868e-02 
 4.986745e+00 -1.977421e-02 
 4.987143e+00 -1.885340e-02 
 4.987541e+00 -1.785825e-02 
 4.987938e+00 -1.681678e-02 
 4.988336e+00 -1.575216e-02 
 4.988734e+00 -1.468147e-02 
 4.989131e+00 -1.362027e-02 
 4.989529e+00 -1.258292e-02 
 4.989927e+00 -1.158472e-02 
 4.990325e+00 -1.064580e-02 
 4.990722e+00 -9.783536e-03 
 4.991120e+00 -9.007860e-03 
 4.991518e+00 -8.312389e-03 
 4.991915e+00 -7.682567e-03 
 4.992313e+00 -7.090626e-03 
 4.992711e+00 -6.514903e-03 
 4.993108e+00 -5.953810e-03 
 4.993506e+00 -5.411493e-03 
 4.993904e+00 -4.895501e-03 
 4.994301e+00 -4.391290e-03 
 4.994699e+00 -3.867920e-03 
 4.995097e+00 -3.298150e-03 
 4.995495e+00 -2.646856e-03 
 4.995892e+00 -1.903342e-03 
 4.996290e+00 -1.084592e-03 
 4.996688e+00 -2.224058e-04 
 4.997085e+00  6.408631e-04 
 4.997483e+00  1.459452e-03 
 4.997881e+00  2.199551e-03 
 4.998278e+00  2.855324e-03 
 4.998676e+00  3.429212e-03 
 4.999074e+00  3.929576e-03 
 4.999472e+00  4.356015e-03 
 4.999869e+00  4.709885e-03 
 5.000267e+00  4.988270e-03 
 5.000665e+00  5.211377e-03 
 5.001062e+00  5.398160e-03 
 5.001460e+00  5.568482e-03 
 5.001858e+00  5.755731e-03 
 5.002255e+00  5.981182e-03 
 5.002653e+00  6.250130e-03 
 5.003051e+00  6.560961e-03 
 5.003448e+00  6.913894e-03 
 5.003846e+00  7.308967e-03 
 5.004244e+00  7.754882e-03 
 5.004642e+00  8.261806e-03 
 5.005039e+00  8.830801e-03 
 5.005437e+00  9.450507e-03 
 5.005835e+00  1.009745e-02 
 5.006232e+00  1.073776e-02 
 5.006630e+00  1.133609e-02 
 5.007028e+00  1.185852e-02 
 5.007425e+00  1.228834e-02 
 5.007823e+00  1.262516e-02 
 5.008221e+00  1.287734e-02 
 5.008619e+00  1.306271e-02 
 5.009016e+00  1.318606e-02 
 5.009414e+00  1.325844e-02 
 5.009812e+00  1.328435e-02 
 5.010209e+00  1.326337e-02 
 5.010607e+00  1.321975e-02 
 5.011005e+00  1.317468e-02 
 5.011402e+00  1.316169e-02 
 5.011800e+00  1.320211e-02 
 5.012198e+00  1.330896e-02 
 5.012595e+00  1.347068e-02 
 5.012993e+00  1.367392e-02 
 5.013391e+00  1.391375e-02 
 5.013789e+00  1.417655e-02 
 5.014186e+00  1.446188e-02 
 5.014584e+00  1.478025e-02 
 5.014982e+00  1.512028e-02 
 5.015379e+00  1.546602e-02 
 5.015777e+00  1.579038e-02 
 5.016175e+00  1.604901e-02 
 5.016572e+00  1.620869e-02 
 5.016970e+00  1.625768e-02 
 5.017368e+00  1.620945e-02 
 5.017766e+00  1.608224e-02 
 5.018163e+00  1.589965e-02 
 5.018561e+00  1.567249e-02 
 5.018959e+00  1.539667e-02 
 5.019356e+00  1.508565e-02 
 5.019754e+00  1.474662e-02 
 5.020152e+00  1.440226e-02 
 5.020549e+00  1.407693e-02 
 5.020947e+00  1.379924e-02 
 5.021345e+00  1.357758e-02 
 5.021742e+00  1.340555e-02 
 5.022140e+00  1.325356e-02 
 5.022538e+00  1.308178e-02 
 5.022936e+00  1.286494e-02 
 5.023333e+00  1.259142e-02 
 5.023731e+00  1.225680e-02 
 5.024129e+00  1.186582e-02 
 5.024526e+00  1.141513e-02 
 5.024924e+00  1.086912e-02 
 5.025322e+00  1.020229e-02 
 5.025719e+00  9.403060e-03 
 5.026117e+00  8.454835e-03 
 5.026515e+00  7.363907e-03 
 5.026913e+00  6.159969e-03 
 5.027310e+00  4.883625e-03 
 5.027708e+00  3.577602e-03 
 5.028106e+00  2.259484e-03 
 5.028503e+00  9.379389e-04 
 5.028901e+00 -3.824370e-04 
 5.029299e+00 -1.699957e-03 
 5.029696e+00 -2.999277e-03 
 5.030094e+00 -4.263393e-03 
 5.030492e+00 -5.483648e-03 
 5.030889e+00 -6.657848e-03 
 5.031287e+00 -7.788169e-03 
 5.031685e+00 -8.875676e-03 
 5.032083e+00 -9.934923e-03 
 5.032480e+00 -1.098773e-02 
 5.032878e+00 -1.205610e-02 
 5.033276e+00 -1.314286e-02 
 5.033673e+00 -1.426186e-02 
 5.034071e+00 -1.541128e-02 
 5.034469e+00 -1.659508e-02 
 5.034866e+00 -1.782355e-02 
 5.035264e+00 -1.910193e-02 
 5.035662e+00 -2.041526e-02 
 5.036060e+00 -2.175219e-02 
 5.036457e+00 -2.309732e-02 
 5.036855e+00 -2.441927e-02 
 5.037253e+00 -2.568637e-02 
 5.037650e+00 -2.687441e-02 
 5.038048e+00 -2.795343e-02 
 5.038446e+00 -2.891716e-02 
 5.038843e+00 -2.977408e-02 
 5.039241e+00 -3.054920e-02 
 5.039639e+00 -3.126298e-02 
 5.040036e+00 -3.192636e-02 
 5.040434e+00 -3.254237e-02 
 5.040832e+00 -3.311861e-02 
 5.041230e+00 -3.366572e-02 
 5.041627e+00 -3.420788e-02 
 5.042025e+00 -3.475759e-02 
 5.042423e+00 -3.533507e-02 
 5.042820e+00 -3.594237e-02 
 5.043218e+00 -3.657811e-02 
 5.043616e+00 -3.722609e-02 
 5.044013e+00 -3.786710e-02 
 5.044411e+00 -3.848085e-02 
 5.044809e+00 -3.907068e-02 
 5.045207e+00 -3.964208e-02 
 5.045604e+00 -4.018534e-02 
 5.046002e+00 -4.068169e-02 
 5.046400e+00 -4.109409e-02 
 5.046797e+00 -4.138436e-02 
 5.047195e+00 -4.153663e-02 
 5.047593e+00 -4.155854e-02 
 5.047990e+00 -4.147844e-02 
 5.048388e+00 -4.134814e-02 
 5.048786e+00 -4.120496e-02 
 5.049183e+00 -4.107351e-02 
 5.049581e+00 -4.095807e-02 
 5.049979e+00 -4.085361e-02 
 5.050377e+00 -4.075324e-02 
 5.050774e+00 -4.067441e-02 
 5.051172e+00 -4.063704e-02 
 5.051570e+00 -4.066760e-02 
 5.051967e+00 -4.078356e-02 
 5.052365e+00 -4.097433e-02 
 5.052763e+00 -4.122851e-02 
 5.053160e+00 -4.152072e-02 
 5.053558e+00 -4.184127e-02 
 5.053956e+00 -4.217908e-02 
 5.054354e+00 -4.252962e-02 
 5.054751e+00 -4.289286e-02 
 5.055149e+00 -4.326583e-02 
 5.055547e+00 -4.363116e-02 
 5.055944e+00 -4.396272e-02 
 5.056342e+00 -4.423853e-02 
 5.056740e+00 -4.444256e-02 
 5.057137e+00 -4.457782e-02 
 5.057535e+00 -4.468183e-02 
 5.057933e+00 -4.478628e-02 
 5.058330e+00 -4.492941e-02 
 5.058728e+00 -4.512950e-02 
 5.059126e+00 -4.539049e-02 
 5.059524e+00 -4.571625e-02 
 5.059921e+00 -4.608977e-02 
 5.060319e+00 -4.651389e-02 
 5.060717e+00 -4.698647e-02 
 5.061114e+00 -4.750965e-02 
 5.061512e+00 -4.807964e-02 
 5.061910e+00 -4.867501e-02 
 5.062307e+00 -4.927219e-02 
 5.062705e+00 -4.982318e-02 
 5.063103e+00 -5.029594e-02 
 5.063501e+00 -5.066445e-02 
 5.063898e+00 -5.092238e-02 
 5.064296e+00 -5.108028e-02 
 5.064694e+00 -5.113372e-02 
 5.065091e+00 -5.107742e-02 
 5.065489e+00 -5.090089e-02 
 5.065887e+00 -5.059800e-02 
 5.066284e+00 -5.017820e-02 
 5.066682e+00 -4.966199e-02 
 5.067080e+00 -4.909275e-02 
 5.067477e+00 -4.850756e-02 
 5.067875e+00 -4.794222e-02 
 5.068273e+00 -4.742448e-02 
 5.068671e+00 -4.695804e-02 
 5.069068e+00 -4.653601e-02 
 5.069466e+00 -4.613435e-02 
 5.069864e+00 -4.573916e-02 
 5.070261e+00 -4.534328e-02 
 5.070659e+00 -4.495234e-02 
 5.071057e+00 -4.455928e-02 
 5.071454e+00 -4.414703e-02 
 5.071852e+00 -4.369103e-02 
 5.072250e+00 -4.317034e-02 
 5.072648e+00 -4.257010e-02 
 5.073045e+00 -4.189708e-02 
 5.073443e+00 -4.115753e-02 
 5.073841e+00 -4.037402e-02 
 5.074238e+00 -3.957268e-02 
 5.074636e+00 -3.875797e-02 
 5.075034e+00 -3.792956e-02 
 5.075431e+00 -3.708331e-02 
 5.075829e+00 -3.622251e-02 
 5.076227e+00 -3.536251e-02 
 5.076624e+00 -3.453025e-02 
 5.077022e+00 -3.376064e-02 
 5.077420e+00 -3.306900e-02 
 5.077818e+00 -3.245894e-02 
 5.078215e+00 -3.192626e-02 
 5.078613e+00 -3.146172e-02 
 5.079011e+00 -3.104980e-02 
 5.079408e+00 -3.068100e-02 
 5.079806e+00 -3.035079e-02 
 5.080204e+00 -3.005404e-02 
 5.080601e+00 -2.977432e-02 
 5.080999e+00 -2.949266e-02 
 5.081397e+00 -2.919119e-02 
 5.081795e+00 -2.883794e-02 
 5.082192e+00 -2.841457e-02 
 5.082590e+00 -2.791702e-02 
 5.082988e+00 -2.736160e-02 
 5.083385e+00 -2.676508e-02 
 5.083783e+00 -2.613732e-02 
 5.084181e+00 -2.550945e-02 
 5.084578e+00 -2.489003e-02 
 5.084976e+00 -2.429919e-02 
 5.085374e+00 -2.375581e-02 
 5.085771e+00 -2.327609e-02 
 5.086169e+00 -2.286853e-02 
 5.086567e+00 -2.253949e-02 
 5.086965e+00 -2.230047e-02 
 5.087362e+00 -2.214715e-02 
 5.087760e+00 -2.205623e-02 
 5.088158e+00 -2.199317e-02 
 5.088555e+00 -2.193609e-02 
 5.088953e+00 -2.185978e-02 
 5.089351e+00 -2.174906e-02 
 5.089748e+00 -2.157438e-02 
 5.090146e+00 -2.131516e-02 
 5.090544e+00 -2.095895e-02 
 5.090942e+00 -2.049399e-02 
 5.091339e+00 -1.993280e-02 
 5.091737e+00 -1.928020e-02 
 5.092135e+00 -1.854378e-02 
 5.092532e+00 -1.774317e-02 
 5.092930e+00 -1.689042e-02 
 5.093328e+00 -1.601098e-02 
 5.093725e+00 -1.510311e-02 
 5.094123e+00 -1.418295e-02 
 5.094521e+00 -1.326601e-02 
 5.094918e+00 -1.235193e-02 
 5.095316e+00 -1.145299e-02 
 5.095714e+00 -1.057182e-02 
 5.096112e+00 -9.703047e-03 
 5.096509e+00 -8.835948e-03 
 5.096907e+00 -7.952997e-03 
 5.097305e+00 -7.044427e-03 
 5.097702e+00 -6.091710e-03 
 5.098100e+00 -5.081918e-03 
 5.098498e+00 -4.014915e-03 
 5.098895e+00 -2.892144e-03 
 5.099293e+00 -1.722011e-03 
 5.099691e+00 -5.114033e-04 
 5.100089e+00  7.174264e-04 
 5.100486e+00  1.959326e-03 
 5.100884e+00  3.199620e-03 
 5.101282e+00  4.435912e-03 
 5.101679e+00  5.646625e-03 
 5.102077e+00  6.815326e-03 
 5.102475e+00  7.923366e-03 
 5.102872e+00  8.942965e-03 
 5.103270e+00  9.868472e-03 
 5.103668e+00  1.068279e-02 
 5.104065e+00  1.137149e-02 
 5.104463e+00  1.193291e-02 
 5.104861e+00  1.237030e-02 
 5.105259e+00  1.269460e-02 
 5.105656e+00  1.293363e-02 
 5.106054e+00  1.310748e-02 
 5.106452e+00  1.323871e-02 
 5.106849e+00  1.334781e-02 
 5.107247e+00  1.345793e-02 
 5.107645e+00  1.357260e-02 
 5.108042e+00  1.369936e-02 
 5.108440e+00  1.385553e-02 
 5.108838e+00  1.403143e-02 
 5.109236e+00  1.423324e-02 
 5.109633e+00  1.444194e-02 
 5.110031e+00  1.463323e-02 
 5.110429e+00  1.478759e-02 
 5.110826e+00  1.487834e-02 
 5.111224e+00  1.490273e-02 
 5.111622e+00  1.485015e-02 
 5.112019e+00  1.472610e-02 
 5.112417e+00  1.452129e-02 
 5.112815e+00  1.423587e-02 
 5.113212e+00  1.386966e-02 
 5.113610e+00  1.341884e-02 
 5.114008e+00  1.289240e-02 
 5.114406e+00  1.231064e-02 
 5.114803e+00  1.171562e-02 
 5.115201e+00  1.113380e-02 
 5.115599e+00  1.058624e-02 
 5.115996e+00  1.009464e-02 
 5.116394e+00  9.658353e-03 
 5.116792e+00  9.281620e-03 
 5.117189e+00  8.961681e-03 
 5.117587e+00  8.699021e-03 
 5.117985e+00  8.477058e-03 
 5.118383e+00  8.279120e-03 
 5.118780e+00  8.079293e-03 
 5.119178e+00  7.854902e-03 
 5.119576e+00  7.585287e-03 
 5.119973e+00  7.244940e-03 
 5.120371e+00  6.821259e-03 
 5.120769e+00  6.331318e-03 
 5.121166e+00  5.788999e-03 
 5.121564e+00  5.213646e-03 
 5.121962e+00  4.614057e-03 
 5.122359e+00  4.001233e-03 
 5.122757e+00  3.373232e-03 
 5.123155e+00  2.736489e-03 
 5.123553e+00  2.107146e-03 
 5.123950e+00  1.504065e-03 
 5.124348e+00  9.469472e-04 
 5.124746e+00  4.509312e-04 
 5.125143e+00  2.853016e-05 
 5.125541e+00 -3.133179e-04 
 5.125939e+00 -5.840701e-04 
 5.126336e+00 -7.903765e-04 
 5.126734e+00 -9.462835e-04 
 5.127132e+00 -1.053342e-03 
 5.127529e+00 -1.131527e-03 
 5.127927e+00 -1.200804e-03 
 5.128325e+00 -1.285160e-03 
 5.128723e+00 -1.422761e-03 
 5.129120e+00 -1.643084e-03 
 5.129518e+00 -1.955366e-03 
 5.129916e+00 -2.371274e-03 
 5.130313e+00 -2.894343e-03 
 5.130711e+00 -3.514755e-03 
 5.131109e+00 -4.219194e-03 
 5.131506e+00 -4.994398e-03 
 5.131904e+00 -5.821986e-03 
 5.132302e+00 -6.686686e-03 
 5.132700e+00 -7.584027e-03 
 5.133097e+00 -8.488731e-03 
 5.133495e+00 -9.379181e-03 
 5.133893e+00 -1.024770e-02 
 5.134290e+00 -1.109441e-02 
 5.134688e+00 -1.191259e-02 
 5.135086e+00 -1.271300e-02 
 5.135483e+00 -1.350413e-02 
 5.135881e+00 -1.429075e-02 
 5.136279e+00 -1.509245e-02 
 5.136676e+00 -1.592781e-02 
 5.137074e+00 -1.680787e-02 
 5.137472e+00 -1.774171e-02 
 5.137870e+00 -1.873325e-02 
 5.138267e+00 -1.978839e-02 
 5.138665e+00 -2.092090e-02 
 5.139063e+00 -2.213751e-02 
 5.139460e+00 -2.342416e-02 
 5.139858e+00 -2.477062e-02 
 5.140256e+00 -2.614824e-02 
 5.140653e+00 -2.751232e-02 
 5.141051e+00 -2.882811e-02 
 5.141449e+00 -3.006768e-02 
 5.141847e+00 -3.120585e-02 
 5.142244e+00 -3.224765e-02 
 5.142642e+00 -3.320103e-02 
 5.143040e+00 -3.406168e-02 
 5.143437e+00 -3.483295e-02 
 5.143835e+00 -3.552534e-02 
 5.144233e+00 -3.613453e-02 
 5.144630e+00 -3.666313e-02 
 5.145028e+00 -3.712313e-02 
 5.145426e+00 -3.754196e-02 
 5.145823e+00 -3.793539e-02 
 5.146221e+00 -3.832694e-02 
 5.146619e+00 -3.874007e-02 
 5.147017e+00 -3.917788e-02 
 5.147414e+00 -3.964678e-02 
 5.147812e+00 -4.015096e-02 
 5.148210e+00 -4.069741e-02 
 5.148607e+00 -4.128255e-02 
 5.149005e+00 -4.189202e-02 
 5.149403e+00 -4.251030e-02 
 5.149800e+00 -4.311784e-02 
 5.150198e+00 -4.368887e-02 
 5.150596e+00 -4.419652e-02 
 5.150994e+00 -4.461949e-02 
 5.151391e+00 -4.495966e-02 
 5.151789e+00 -4.521118e-02 
 5.152187e+00 -4.538086e-02 
 5.152584e+00 -4.548193e-02 
 5.152982e+00 -4.552311e-02 
 5.153380e+00 -4.551044e-02 
 5.153777e+00 -4.546029e-02 
 5.154175e+00 -4.538409e-02 
 5.154573e+00 -4.528919e-02 
 5.154970e+00 -4.519563e-02 
 5.155368e+00 -4.513197e-02 
 5.155766e+00 -4.510520e-02 
 5.156164e+00 -4.513446e-02 
 5.156561e+00 -4.521175e-02 
 5.156959e+00 -4.532477e-02 
 5.157357e+00 -4.545708e-02 
 5.157754e+00 -4.560285e-02 
 5.158152e+00 -4.574662e-02 
 5.158550e+00 -4.589471e-02 
 5.158947e+00 -4.604391e-02 
 5.159345e+00 -4.617567e-02 
 5.159743e+00 -4.626393e-02 
 5.160141e+00 -4.629835e-02 
 5.160538e+00 -4.625212e-02 
 5.160936e+00 -4.612357e-02 
 5.161334e+00 -4.594159e-02 
 5.161731e+00 -4.573643e-02 
 5.162129e+00 -4.555135e-02 
 5.162527e+00 -4.542281e-02 
 5.162924e+00 -4.536015e-02 
 5.163322e+00 -4.536299e-02 
 5.163720e+00 -4.542798e-02 
 5.164117e+00 -4.555429e-02 
 5.164515e+00 -4.574576e-02 
 5.164913e+00 -4.601497e-02 
 5.165311e+00 -4.636669e-02 
 5.165708e+00 -4.679994e-02 
 5.166106e+00 -4.730188e-02 
 5.166504e+00 -4.784068e-02 
 5.166901e+00 -4.837364e-02 
 5.167299e+00 -4.887408e-02 
 5.167697e+00 -4.932103e-02 
 5.168094e+00 -4.971414e-02 
 5.168492e+00 -5.005832e-02 
 5.168890e+00 -5.034966e-02 
 5.169288e+00 -5.057518e-02 
 5.169685e+00 -5.070554e-02 
 5.170083e+00 -5.074130e-02 
 5.170481e+00 -5.066484e-02 
 5.170878e+00 -5.049248e-02 
 5.171276e+00 -5.025195e-02 
 5.171674e+00 -4.997548e-02 
 5.172071e+00 -4.969004e-02 
 5.172469e+00 -4.940363e-02 
 5.172867e+00 -4.911459e-02 
 5.173264e+00 -4.879240e-02 
 5.173662e+00 -4.842925e-02 
 5.174060e+00 -4.803682e-02 
 5.174458e+00 -4.762080e-02 
 5.174855e+00 -4.719092e-02 
 5.175253e+00 -4.674694e-02 
 5.175651e+00 -4.626137e-02 
 5.176048e+00 -4.571988e-02 
 5.176446e+00 -4.509344e-02 
 5.176844e+00 -4.437116e-02 
 5.177241e+00 -4.355309e-02 
 5.177639e+00 -4.265834e-02 
 5.178037e+00 -4.170377e-02 
 5.178435e+00 -4.069866e-02 
 5.178832e+00 -3.965824e-02 
 5.179230e+00 -3.857234e-02 
 5.179628e+00 -3.744915e-02 
 5.180025e+00 -3.630562e-02 
 5.180423e+00 -3.517185e-02 
 5.180821e+00 -3.408835e-02 
 5.181218e+00 -3.308327e-02 
 5.181616e+00 -3.216185e-02 
 5.182014e+00 -3.132535e-02 
 5.182411e+00 -3.056807e-02 
 5.182809e+00 -2.986657e-02 
 5.183207e+00 -2.920041e-02 
 5.183605e+00 -2.856468e-02 
 5.184002e+00 -2.794886e-02 
 5.184400e+00 -2.734331e-02 
 5.184798e+00 -2.674381e-02 
 5.185195e+00 -2.613258e-02 
 5.185593e+00 -2.547823e-02 
 5.185991e+00 -2.475578e-02 
 5.186388e+00 -2.395951e-02 
 5.186786e+00 -2.309227e-02 
 5.187184e+00 -2.217413e-02 
 5.187582e+00 -2.124419e-02 
 5.187979e+00 -2.032180e-02 
 5.188377e+00 -1.942127e-02 
 5.188775e+00 -1.854501e-02 
 5.189172e+00 -1.769140e-02 
 5.189570e+00 -1.685865e-02 
 5.189968e+00 -1.606076e-02 
 5.190365e+00 -1.532714e-02 
 5.190763e+00 -1.468018e-02 
 5.191161e+00 -1.413436e-02 
 5.191558e+00 -1.367976e-02 
 5.191956e+00 -1.327597e-02 
 5.192354e+00 -1.288918e-02 
 5.192752e+00 -1.247197e-02 
 5.193149e+00 -1.201443e-02 
 5.193547e+00 -1.152901e-02 
 5.193945e+00 -1.102031e-02 
 5.194342e+00 -1.049182e-02 
 5.194740e+00 -9.944497e-03 
 5.195138e+00 -9.363428e-03 
 5.195535e+00 -8.725341e-03 
 5.195933e+00 -8.033314e-03 
 5.196331e+00 -7.299240e-03 
 5.196729e+00 -6.545865e-03 
 5.197126e+00 -5.789835e-03 
 5.197524e+00 -5.063388e-03 
 5.197922e+00 -4.380998e-03 
 5.198319e+00 -3.735730e-03 
 5.198717e+00 -3.125583e-03 
 5.199115e+00 -2.548781e-03 
 5.199512e+00 -2.008668e-03 
 5.199910e+00 -1.520158e-03 
 5.200308e+00 -1.086510e-03 
 5.200705e+00 -7.037917e-04 
 5.201103e+00 -3.380506e-04 
 5.201501e+00  4.764309e-05 
 5.201899e+00  5.042680e-04 
 5.202296e+00  1.039045e-03 
 5.202694e+00  1.661082e-03 
 5.203092e+00  2.372893e-03 
 5.203489e+00  3.156042e-03 
 5.203887e+00  4.007312e-03 
 5.204285e+00  4.924193e-03 
 5.204682e+00  5.912169e-03 
 5.205080e+00  6.975347e-03 
 5.205478e+00  8.095924e-03 
 5.205876e+00  9.259284e-03 
 5.206273e+00  1.041223e-02 
 5.206671e+00  1.151687e-02 
 5.207069e+00  1.253691e-02 
 5.207466e+00  1.345481e-02 
 5.207864e+00  1.426448e-02 
 5.208262e+00  1.497692e-02 
 5.208659e+00  1.558552e-02 
 5.209057e+00  1.608517e-02 
 5.209455e+00  1.647804e-02 
 5.209852e+00  1.675760e-02 
 5.210250e+00  1.693807e-02 
 5.210648e+00  1.705590e-02 
 5.211046e+00  1.714956e-02 
 5.211443e+00  1.724577e-02 
 5.211841e+00  1.737586e-02 
 5.212239e+00  1.754685e-02 
 5.212636e+00  1.774300e-02 
 5.213034e+00  1.794804e-02 
 5.213432e+00  1.813071e-02 
 5.213829e+00  1.826295e-02 
 5.214227e+00  1.834079e-02 
 5.214625e+00  1.835781e-02 
 5.215023e+00  1.831825e-02 
 5.215420e+00  1.821502e-02 
 5.215818e+00  1.802451e-02 
 5.216216e+00  1.772426e-02 
 5.216613e+00  1.729784e-02 
 5.217011e+00  1.673828e-02 
 5.217409e+00  1.606508e-02 
 5.217806e+00  1.530441e-02 
 5.218204e+00  1.449424e-02 
 5.218602e+00  1.367104e-02 
 5.218999e+00  1.285188e-02 
 5.219397e+00  1.204924e-02 
 5.219795e+00  1.125357e-02 
 5.220193e+00  1.046815e-02 
 5.220590e+00  9.722594e-03 
 5.220988e+00  9.052390e-03 
 5.221386e+00  8.477870e-03 
 5.221783e+00  8.016020e-03 
 5.222181e+00  7.642392e-03 
 5.222579e+00  7.316511e-03 
 5.222976e+00  6.998758e-03 
 5.223374e+00  6.654229e-03 
 5.223772e+00  6.272821e-03 
 5.224170e+00  5.854774e-03 
 5.224567e+00  5.399414e-03 
 5.224965e+00  4.910552e-03 
 5.225363e+00  4.373588e-03 
 5.225760e+00  3.758798e-03 
 5.226158e+00  3.046505e-03 
 5.226556e+00  2.227872e-03 
 5.226953e+00  1.328373e-03 
 5.227351e+00  3.798197e-04 
 5.227749e+00 -5.854757e-04 
 5.228146e+00 -1.535454e-03 
 5.228544e+00 -2.465825e-03 
 5.228942e+00 -3.375689e-03 
 5.229340e+00 -4.257622e-03 
 5.229737e+00 -5.087091e-03 
 5.230135e+00 -5.842771e-03 
 5.230533e+00 -6.505966e-03 
 5.230930e+00 -7.062903e-03 
 5.231328e+00 -7.532349e-03 
 5.231726e+00 -7.937562e-03 
 5.232123e+00 -8.331529e-03 
 5.232521e+00 -8.751399e-03 
 5.232919e+00 -9.207776e-03 
 5.233317e+00 -9.702886e-03 
 5.233714e+00 -1.023572e-02 
 5.234112e+00 -1.079164e-02 
 5.234510e+00 -1.136610e-02 
 5.234907e+00 -1.197225e-02 
 5.235305e+00 -1.262451e-02 
 5.235703e+00 -1.333330e-02 
 5.236100e+00 -1.409891e-02 
 5.236498e+00 -1.489676e-02 
 5.236896e+00 -1.569143e-02 
 5.237293e+00 -1.643487e-02 
 5.237691e+00 -1.709447e-02 
 5.238089e+00 -1.766441e-02 
 5.238487e+00 -1.816555e-02 
 5.238884e+00 -1.862646e-02 
 5.239282e+00 -1.907376e-02 
 5.239680e+00 -1.952721e-02 
 5.240077e+00 -1.998504e-02 
 5.240475e+00 -2.043798e-02 
 5.240873e+00 -2.087835e-02 
 5.241270e+00 -2.132741e-02 
 5.241668e+00 -2.181621e-02 
 5.242066e+00 -2.238233e-02 
 5.242464e+00 -2.305682e-02 
 5.242861e+00 -2.384296e-02 
 5.243259e+00 -2.471684e-02 
 5.243657e+00 -2.566001e-02 
 5.244054e+00 -2.663873e-02 
 5.244452e+00 -2.764229e-02 
 5.244850e+00 -2.867099e-02 
 5.245247e+00 -2.972729e-02 
 5.245645e+00 -3.080982e-02 
 5.246043e+00 -3.190234e-02 
 5.246440e+00 -3.297399e-02 
 5.246838e+00 -3.399074e-02 
 5.247236e+00 -3.492463e-02 
 5.247634e+00 -3.576700e-02 
 5.248031e+00 -3.652869e-02 
 5.248429e+00 -3.722673e-02 
 5.248827e+00 -3.788164e-02 
 5.249224e+00 -3.849061e-02 
 5.249622e+00 -3.904647e-02 
 5.250020e+00 -3.954591e-02 
 5.250417e+00 -3.998747e-02 
 5.250815e+00 -4.038266e-02 
 5.251213e+00 -4.076563e-02 
 5.251611e+00 -4.117224e-02 
 5.252008e+00 -4.161394e-02 
 5.252406e+00 -4.209336e-02 
 5.252804e+00 -4.258304e-02 
 5.253201e+00 -4.305360e-02 
 5.253599e+00 -4.347824e-02 
 5.253997e+00 -4.385139e-02 
 5.254394e+00 -4.418569e-02 
 5.254792e+00 -4.449739e-02 
 5.255190e+00 -4.478817e-02 
 5.255587e+00 -4.504936e-02 
 5.255985e+00 -4.525451e-02 
 5.256383e+00 -4.537515e-02 
 5.256781e+00 -4.541007e-02 
 5.257178e+00 -4.538083e-02 
 5.257576e+00 -4.532852e-02 
 5.257974e+00 -4.528595e-02 
 5.258371e+00 -4.527939e-02 
 5.258769e+00 -4.531142e-02 
 5.259167e+00 -4.538289e-02 
 5.259564e+00 -4.548690e-02 
 5.259962e+00 -4.562195e-02 
 5.260360e+00 -4.579623e-02 
 5.260758e+00 -4.601514e-02 
 5.261155e+00 -4.627274e-02 
 5.261553e+00 -4.655579e-02 
 5.261951e+00 -4.684477e-02 
 5.262348e+00 -4.710819e-02 
 5.262746e+00 -4.731872e-02 
 5.263144e+00 -4.746263e-02 
 5.263541e+00 -4.754125e-02 
 5.263939e+00 -4.756650e-02 
 5.264337e+00 -4.754595e-02 
 5.264734e+00 -4.748887e-02 
 5.265132e+00 -4.740161e-02 
 5.265530e+00 -4.728535e-02 
 5.265928e+00 -4.713799e-02 
 5.266325e+00 -4.696268e-02 
 5.266723e+00 -4.676308e-02 
 5.267121e+00 -4.655342e-02 
 5.267518e+00 -4.635404e-02 
 5.267916e+00 -4.619353e-02 
 5.268314e+00 -4.609334e-02 
 5.268711e+00 -4.606031e-02 
 5.269109e+00 -4.608862e-02 
 5.269507e+00 -4.616124e-02 
 5.269905e+00 -4.625603e-02 
 5.270302e+00 -4.637392e-02 
 5.270700e+00 -4.649898e-02 
 5.271098e+00 -4.662786e-02 
 5.271495e+00 -4.676032e-02 
 5.271893e+00 -4.688990e-02 
 5.272291e+00 -4.699472e-02 
 5.272688e+00 -4.705687e-02 
 5.273086e+00 -4.705234e-02 
 5.273484e+00 -4.697659e-02 
 5.273881e+00 -4.683568e-02 
 5.274279e+00 -4.665027e-02 
 5.274677e+00 -4.643821e-02 
 5.275075e+00 -4.621776e-02 
 5.275472e+00 -4.600092e-02 
 5.275870e+00 -4.579041e-02 
 5.276268e+00 -4.559746e-02 
 5.276665e+00 -4.542675e-02 
 5.277063e+00 -4.528501e-02 
 5.277461e+00 -4.518308e-02 
 5.277858e+00 -4.511821e-02 
 5.278256e+00 -4.508729e-02 
 5.278654e+00 -4.506512e-02 
 5.279052e+00 -4.502537e-02 
 5.279449e+00 -4.494213e-02 
 5.279847e+00 -4.479622e-02 
 5.280245e+00 -4.456766e-02 
 5.280642e+00 -4.423799e-02 
 5.281040e+00 -4.378002e-02 
 5.281438e+00 -4.318242e-02 
 5.281835e+00 -4.242316e-02 
 5.282233e+00 -4.149681e-02 
 5.282631e+00 -4.041019e-02 
 5.283028e+00 -3.920079e-02 
 5.283426e+00 -3.790629e-02 
 5.283824e+00 -3.658564e-02 
 5.284222e+00 -3.527558e-02 
 5.284619e+00 -3.399606e-02 
 5.285017e+00 -3.276166e-02 
 5.285415e+00 -3.157588e-02 
 5.285812e+00 -3.044383e-02 
 5.286210e+00 -2.937051e-02 
 5.286608e+00 -2.835925e-02 
 5.287005e+00 -2.741124e-02 
 5.287403e+00 -2.651310e-02 
 5.287801e+00 -2.565627e-02 
 5.288199e+00 -2.482018e-02 
 5.288596e+00 -2.397885e-02 
 5.288994e+00 -2.311313e-02 
 5.289392e+00 -2.220469e-02 
 5.289789e+00 -2.125246e-02 
 5.290187e+00 -2.026497e-02 
 5.290585e+00 -1.925280e-02 
 5.290982e+00 -1.822633e-02 
 5.291380e+00 -1.718088e-02 
 5.291778e+00 -1.611589e-02 
 5.292175e+00 -1.503239e-02 
 5.292573e+00 -1.394698e-02 
 5.292971e+00 -1.287974e-02 
 5.293369e+00 -1.183930e-02 
 5.293766e+00 -1.086542e-02 
 5.294164e+00 -9.969205e-03 
 5.294562e+00 -9.161049e-03 
 5.294959e+00 -8.446826e-03 
 5.295357e+00 -7.817615e-03 
 5.295755e+00 -7.249685e-03 
 5.296152e+00 -6.727505e-03 
 5.296550e+00 -6.246585e-03 
 5.296948e+00 -5.790692e-03 
 5.297346e+00 -5.343036e-03 
 5.297743e+00 -4.877748e-03 
 5.298141e+00 -4.376861e-03 
 5.298539e+00 -3.820098e-03 
 5.298936e+00 -3.185060e-03 
 5.299334e+00 -2.460676e-03 
 5.299732e+00 -1.652778e-03 
 5.300129e+00 -7.768636e-04 
 5.300527e+00  1.451223e-04 
 5.300925e+00  1.104308e-03 
 5.301322e+00  2.073295e-03 
 5.301720e+00  3.042173e-03 
 5.302118e+00  3.994342e-03 
 5.302516e+00  4.889942e-03 
 5.302913e+00  5.705024e-03 
 5.303311e+00  6.400813e-03 
 5.303709e+00  6.961904e-03 
 5.304106e+00  7.384279e-03 
 5.304504e+00  7.683832e-03 
 5.304902e+00  7.884693e-03 
 5.305299e+00  8.007134e-03 
 5.305697e+00  8.089523e-03 
 5.306095e+00  8.142820e-03 
 5.306493e+00  8.177442e-03 
 5.306890e+00  8.233090e-03 
 5.307288e+00  8.340330e-03 
 5.307686e+00  8.527674e-03 
 5.308083e+00  8.815363e-03 
 5.308481e+00  9.190979e-03 
 5.308879e+00  9.624289e-03 
 5.309276e+00  1.008237e-02 
 5.309674e+00  1.053935e-02 
 5.310072e+00  1.098506e-02 
 5.310469e+00  1.142927e-02 
 5.310867e+00  1.187631e-02 
 5.311265e+00  1.230984e-02 
 5.311663e+00  1.270744e-02 
 5.312060e+00  1.304502e-02 
 5.312458e+00  1.329361e-02 
 5.312856e+00  1.343836e-02 
 5.313253e+00  1.349573e-02 
 5.313651e+00  1.348476e-02 
 5.314049e+00  1.343024e-02 
 5.314446e+00  1.336020e-02 
 5.314844e+00  1.328183e-02 
 5.315242e+00  1.319799e-02 
 5.315640e+00  1.309237e-02 
 5.316037e+00  1.296254e-02 
 5.316435e+00  1.281218e-02 
 5.316833e+00  1.267064e-02 
 5.317230e+00  1.253721e-02 
 5.317628e+00  1.241539e-02 
 5.318026e+00  1.230919e-02 
 5.318423e+00  1.220305e-02 
 5.318821e+00  1.207848e-02 
 5.319219e+00  1.191283e-02 
 5.319616e+00  1.169019e-02 
 5.320014e+00  1.138683e-02 
 5.320412e+00  1.098874e-02 
 5.320810e+00  1.049207e-02 
 5.321207e+00  9.893707e-03 
 5.321605e+00  9.192788e-03 
 5.322003e+00  8.394316e-03 
 5.322400e+00  7.506529e-03 
 5.322798e+00  6.554722e-03 
 5.323196e+00  5.560942e-03 
 5.323593e+00  4.541227e-03 
 5.323991e+00  3.508298e-03 
 5.324389e+00  2.480739e-03 
 5.324787e+00  1.465015e-03 
 5.325184e+00  4.679854e-04 
 5.325582e+00 -4.754752e-04 
 5.325980e+00 -1.346690e-03 
 5.326377e+00 -2.129787e-03 
 5.326775e+00 -2.816367e-03 
 5.327173e+00 -3.417460e-03 
 5.327570e+00 -3.949283e-03 
 5.327968e+00 -4.448350e-03 
 5.328366e+00 -4.930455e-03 
 5.328763e+00 -5.431763e-03 
 5.329161e+00 -5.956831e-03 
 5.329559e+00 -6.517382e-03 
 5.329957e+00 -7.119777e-03 
 5.330354e+00 -7.758545e-03 
 5.330752e+00 -8.423709e-03 
 5.331150e+00 -9.109900e-03 
 5.331547e+00 -9.803824e-03 
 5.331945e+00 -1.049078e-02 
 5.332343e+00 -1.116295e-02 
 5.332740e+00 -1.181419e-02 
 5.333138e+00 -1.242477e-02 
 5.333536e+00 -1.298690e-02 
 5.333934e+00 -1.349263e-02 
 5.334331e+00 -1.394397e-02 
 5.334729e+00 -1.434863e-02 
 5.335127e+00 -1.472569e-02 
 5.335524e+00 -1.508103e-02 
 5.335922e+00 -1.542941e-02 
 5.336320e+00 -1.578392e-02 
 5.336717e+00 -1.614562e-02 
 5.337115e+00 -1.651415e-02 
 5.337513e+00 -1.690121e-02 
 5.337910e+00 -1.732788e-02 
 5.338308e+00 -1.780396e-02 
 5.338706e+00 -1.832882e-02 
 5.339104e+00 -1.888855e-02 
 5.339501e+00 -1.947549e-02 
 5.339899e+00 -2.008301e-02 
 5.340297e+00 -2.069632e-02 
 5.340694e+00 -2.130424e-02 
 5.341092e+00 -2.189551e-02 
 5.341490e+00 -2.245003e-02 
 5.341887e+00 -2.295935e-02 
 5.342285e+00 -2.341399e-02 
 5.342683e+00 -2.381706e-02 
 5.343081e+00 -2.415199e-02 
 5.343478e+00 -2.441724e-02 
 5.343876e+00 -2.462599e-02 
 5.344274e+00 -2.478664e-02 
 5.344671e+00 -2.491186e-02 
 5.345069e+00 -2.502048e-02 
 5.345467e+00 -2.512813e-02 
 5.345864e+00 -2.525320e-02 
 5.346262e+00 -2.542148e-02 
 5.346660e+00 -2.563940e-02 
 5.347057e+00 -2.590706e-02 
 5.347455e+00 -2.622951e-02 
 5.347853e+00 -2.659365e-02 
 5.348251e+00 -2.700426e-02 
 5.348648e+00 -2.746112e-02 
 5.349046e+00 -2.796850e-02 
 5.349444e+00 -2.851429e-02 
 5.349841e+00 -2.907569e-02 
 5.350239e+00 -2.963501e-02 
 5.350637e+00 -3.015779e-02 
 5.351034e+00 -3.063608e-02 
 5.351432e+00 -3.106306e-02 
 5.351830e+00 -3.144832e-02 
 5.352228e+00 -3.181743e-02 
 5.352625e+00 -3.219004e-02 
 5.353023e+00 -3.259095e-02 
 5.353421e+00 -3.303125e-02 
 5.353818e+00 -3.351369e-02 
 5.354216e+00 -3.402469e-02 
 5.354614e+00 -3.456899e-02 
 5.355011e+00 -3.513978e-02 
 5.355409e+00 -3.573883e-02 
 5.355807e+00 -3.637322e-02 
 5.356204e+00 -3.705026e-02 
 5.356602e+00 -3.776879e-02 
 5.357000e+00 -3.852655e-02 
 5.357398e+00 -3.930355e-02 
 5.357795e+00 -4.007124e-02 
 5.358193e+00 -4.078510e-02 
 5.358591e+00 -4.142914e-02 
 5.358988e+00 -4.198925e-02 
 5.359386e+00 -4.246554e-02 
 5.359784e+00 -4.286770e-02 
 5.360181e+00 -4.321368e-02 
 5.360579e+00 -4.351270e-02 
 5.360977e+00 -4.377919e-02 
 5.361375e+00 -4.402310e-02 
 5.361772e+00 -4.424429e-02 
 5.362170e+00 -4.444062e-02 
 5.362568e+00 -4.461603e-02 
 5.362965e+00 -4.478249e-02 
 5.363363e+00 -4.495976e-02 
 5.363761e+00 -4.515936e-02 
 5.364158e+00 -4.539987e-02 
 5.364556e+00 -4.568995e-02 
 5.364954e+00 -4.604398e-02 
 5.365351e+00 -4.645488e-02 
 5.365749e+00 -4.691076e-02 
 5.366147e+00 -4.740382e-02 
 5.366545e+00 -4.789785e-02 
 5.366942e+00 -4.836159e-02 
 5.367340e+00 -4.878283e-02 
 5.367738e+00 -4.914911e-02 
 5.368135e+00 -4.944927e-02 
 5.368533e+00 -4.969455e-02 
 5.368931e+00 -4.988813e-02 
 5.369328e+00 -5.002296e-02 
 5.369726e+00 -5.009979e-02 
 5.370124e+00 -5.011218e-02 
 5.370522e+00 -5.006444e-02 
 5.370919e+00 -4.997014e-02 
 5.371317e+00 -4.985202e-02 
 5.371715e+00 -4.973175e-02 
 5.372112e+00 -4.963425e-02 
 5.372510e+00 -4.958292e-02 
 5.372908e+00 -4.957223e-02 
 5.373305e+00 -4.958953e-02 
 5.373703e+00 -4.962094e-02 
 5.374101e+00 -4.963766e-02 
 5.374498e+00 -4.962779e-02 
 5.374896e+00 -4.957809e-02 
 5.375294e+00 -4.947419e-02 
 5.375692e+00 -4.931287e-02 
 5.376089e+00 -4.907486e-02 
 5.376487e+00 -4.874654e-02 
 5.376885e+00 -4.829776e-02 
 5.377282e+00 -4.772245e-02 
 5.377680e+00 -4.701594e-02 
 5.378078e+00 -4.619126e-02 
 5.378475e+00 -4.527042e-02 
 5.378873e+00 -4.428786e-02 
 5.379271e+00 -4.328248e-02 
 5.379669e+00 -4.228342e-02 
 5.380066e+00 -4.131403e-02 
 5.380464e+00 -4.039547e-02 
 5.380862e+00 -3.955056e-02 
 5.381259e+00 -3.878968e-02 
 5.381657e+00 -3.812295e-02 
 5.382055e+00 -3.755217e-02 
 5.382452e+00 -3.705807e-02 
 5.382850e+00 -3.659319e-02 
 5.383248e+00 -3.613422e-02 
 5.383645e+00 -3.566630e-02 
 5.384043e+00 -3.518147e-02 
 5.384441e+00 -3.466670e-02 
 5.384839e+00 -3.412589e-02 
 5.385236e+00 -3.355642e-02 
 5.385634e+00 -3.294626e-02 
 5.386032e+00 -3.228163e-02 
 5.386429e+00 -3.154063e-02 
 5.386827e+00 -3.070341e-02 
 5.387225e+00 -2.975793e-02 
 5.387622e+00 -2.872379e-02 
 5.388020e+00 -2.762046e-02 
 5.388418e+00 -2.647745e-02 
 5.388816e+00 -2.532495e-02 
 5.389213e+00 -2.417977e-02 
 5.389611e+00 -2.306271e-02 
 5.390009e+00 -2.198568e-02 
 5.390406e+00 -2.095045e-02 
 5.390804e+00 -1.996187e-02 
 5.391202e+00 -1.902027e-02 
 5.391599e+00 -1.812234e-02 
 5.391997e+00 -1.726271e-02 
 5.392395e+00 -1.642416e-02 
 5.392792e+00 -1.559370e-02 
 5.393190e+00 -1.474846e-02 
 5.393588e+00 -1.387934e-02 
 5.393986e+00 -1.297315e-02 
 5.394383e+00 -1.201808e-02 
 5.394781e+00 -1.100790e-02 
 5.395179e+00 -9.934101e-03 
 5.395576e+00 -8.782781e-03 
 5.395974e+00 -7.563414e-03 
 5.396372e+00 -6.290657e-03 
 5.396769e+00 -4.994284e-03 
 5.397167e+00 -3.723045e-03 
 5.397565e+00 -2.516428e-03 
 5.397963e+00 -1.409272e-03 
 5.398360e+00 -4.078508e-04 
 5.398758e+00  4.855913e-04 
 5.399156e+00  1.283977e-03 
 5.399553e+00  1.988259e-03 
 5.399951e+00  2.587020e-03 
 5.400349e+00  3.070831e-03 
 5.400746e+00  3.439604e-03 
 5.401144e+00  3.708585e-03 
 5.401542e+00  3.908567e-03 
 5.401939e+00  4.098859e-03 
 5.402337e+00  4.326103e-03 
 5.402735e+00  4.612225e-03 
 5.403133e+00  4.974512e-03 
 5.403530e+00  5.406930e-03 
 5.403928e+00  5.887167e-03 
 5.404326e+00  6.386404e-03 
 5.404723e+00  6.904622e-03 
 5.405121e+00  7.433440e-03 
 5.405519e+00  7.967828e-03 
 5.405916e+00  8.510663e-03 
 5.406314e+00  9.061362e-03 
 5.406712e+00  9.610258e-03 
 5.407110e+00  1.012689e-02 
 5.407507e+00  1.057450e-02 
 5.407905e+00  1.094796e-02 
 5.408303e+00  1.122474e-02 
 5.408700e+00  1.139395e-02 
 5.409098e+00  1.145277e-02 
 5.409496e+00  1.141983e-02 
 5.409893e+00  1.131057e-02 
 5.410291e+00  1.114511e-02 
 5.410689e+00  1.095246e-02 
 5.411086e+00  1.074563e-02 
 5.411484e+00  1.054262e-02 
 5.411882e+00  1.036008e-02 
 5.412280e+00  1.019612e-02 
 5.412677e+00  1.004065e-02 
 5.413075e+00  9.874808e-03 
 5.413473e+00  9.690935e-03 
 5.413870e+00  9.483004e-03 
 5.414268e+00  9.252326e-03 
 5.414666e+00  9.009570e-03 
 5.415063e+00  8.752849e-03 
 5.415461e+00  8.475418e-03 
 5.415859e+00  8.166030e-03 
 5.416257e+00  7.798089e-03 
 5.416654e+00  7.359664e-03 
 5.417052e+00  6.843884e-03 
 5.417450e+00  6.252552e-03 
 5.417847e+00  5.608091e-03 
 5.418245e+00  4.937575e-03 
 5.418643e+00  4.267313e-03 
 5.419040e+00  3.620978e-03 
 5.419438e+00  3.006377e-03 
 5.419836e+00  2.428450e-03 
 5.420233e+00  1.895018e-03 
 5.420631e+00  1.414627e-03 
 5.421029e+00  1.012462e-03 
 5.421427e+00  7.056530e-04 
 5.421824e+00  4.987458e-04 
 5.422222e+00  3.857937e-04 
 5.422620e+00  3.504644e-04 
 5.423017e+00  3.767073e-04 
 5.423415e+00  4.339137e-04 
 5.423813e+00  5.033963e-04 
 5.424210e+00  5.804774e-04 
 5.424608e+00  6.556994e-04 
 5.425006e+00  7.136055e-04 
 5.425404e+00  7.471729e-04 
 5.425801e+00  7.456089e-04 
 5.426199e+00  6.914733e-04 
 5.426597e+00  5.782962e-04 
 5.426994e+00  4.172319e-04 
 5.427392e+00  2.229907e-04 
 5.427790e+00  4.127335e-06 
 5.428187e+00 -2.120715e-04 
 5.428585e+00 -4.171812e-04 
 5.428983e+00 -6.151043e-04 
 5.429380e+00 -8.145745e-04 
 5.429778e+00 -1.024314e-03 
 5.430176e+00 -1.224283e-03 
 5.430574e+00 -1.406791e-03 
 5.430971e+00 -1.559842e-03 
 5.431369e+00 -1.687801e-03 
 5.431767e+00 -1.801180e-03 
 5.432164e+00 -1.922186e-03 
 5.432562e+00 -2.077589e-03 
 5.432960e+00 -2.281457e-03 
 5.433357e+00 -2.560973e-03 
 5.433755e+00 -2.924862e-03 
 5.434153e+00 -3.363130e-03 
 5.434551e+00 -3.854369e-03 
 5.434948e+00 -4.385016e-03 
 5.435346e+00 -4.940236e-03 
 5.435744e+00 -5.518152e-03 
 5.436141e+00 -6.115667e-03 
 5.436539e+00 -6.730848e-03 
 5.436937e+00 -7.356294e-03 
 5.437334e+00 -7.985285e-03 
 5.437732e+00 -8.603764e-03 
 5.438130e+00 -9.184665e-03 
 5.438527e+00 -9.712248e-03 
 5.438925e+00 -1.017055e-02 
 5.439323e+00 -1.055322e-02 
 5.439721e+00 -1.088103e-02 
 5.440118e+00 -1.117853e-02 
 5.440516e+00 -1.147631e-02 
 5.440914e+00 -1.179616e-02 
 5.441311e+00 -1.216159e-02 
 5.441709e+00 -1.258531e-02 
 5.442107e+00 -1.308024e-02 
 5.442504e+00 -1.365778e-02 
 5.442902e+00 -1.432028e-02 
 5.443300e+00 -1.505698e-02 
 5.443698e+00 -1.585955e-02 
 5.444095e+00 -1.670313e-02 
 5.444493e+00 -1.756944e-02 
 5.444891e+00 -1.844636e-02 
 5.445288e+00 -1.932902e-02 
 5.445686e+00 -2.021567e-02 
 5.446084e+00 -2.111174e-02 
 5.446481e+00 -2.200266e-02 
 5.446879e+00 -2.286720e-02 
 5.447277e+00 -2.368149e-02 
 5.447674e+00 -2.441635e-02 
 5.448072e+00 -2.506940e-02 
 5.448470e+00 -2.565960e-02 
 5.448868e+00 -2.621321e-02 
 5.449265e+00 -2.674875e-02 
 5.449663e+00 -2.727950e-02 
 5.450061e+00 -2.780649e-02 
 5.450458e+00 -2.830813e-02 
 5.450856e+00 -2.877614e-02 
 5.451254e+00 -2.921382e-02 
 5.451651e+00 -2.963579e-02 
 5.452049e+00 -3.006006e-02 
 5.452447e+00 -3.051099e-02 
 5.452845e+00 -3.098767e-02 
 5.453242e+00 -3.147389e-02 
 5.453640e+00 -3.194210e-02 
 5.454038e+00 -3.236391e-02 
 5.454435e+00 -3.272192e-02 
 5.454833e+00 -3.302611e-02 
 5.455231e+00 -3.328227e-02 
 5.455628e+00 -3.350844e-02 
 5.456026e+00 -3.372057e-02 
 5.456424e+00 -3.391722e-02 
 5.456821e+00 -3.409644e-02 
 5.457219e+00 -3.425667e-02 
 5.457617e+00 -3.440750e-02 
 5.458015e+00 -3.456502e-02 
 5.458412e+00 -3.475595e-02 
 5.458810e+00 -3.501818e-02 
 5.459208e+00 -3.536207e-02 
 5.459605e+00 -3.580012e-02 
 5.460003e+00 -3.633006e-02 
 5.460401e+00 -3.694774e-02 
 5.460798e+00 -3.765000e-02 
 5.461196e+00 -3.842291e-02 
 5.461594e+00 -3.925774e-02 
 5.461992e+00 -4.013532e-02 
 5.462389e+00 -4.103598e-02 
 5.462787e+00 -4.192520e-02 
 5.463185e+00 -4.277188e-02 
 5.463582e+00 -4.355990e-02 
 5.463980e+00 -4.428498e-02 
 5.464378e+00 -4.495362e-02 
 5.464775e+00 -4.558706e-02 
 5.465173e+00 -4.621187e-02 
 5.465571e+00 -4.682997e-02 
 5.465968e+00 -4.743720e-02 
 5.466366e+00 -4.802182e-02 
 5.466764e+00 -4.856595e-02 
 5.467162e+00 -4.905901e-02 
 5.467559e+00 -4.949918e-02 
 5.467957e+00 -4.990205e-02 
 5.468355e+00 -5.028471e-02 
 5.468752e+00 -5.067437e-02 
 5.469150e+00 -5.108508e-02 
 5.469548e+00 -5.149238e-02 
 5.469945e+00 -5.186634e-02 
 5.470343e+00 -5.218771e-02 
 5.470741e+00 -5.241746e-02 
 5.471139e+00 -5.256323e-02 
 5.471536e+00 -5.260621e-02 
 5.471934e+00 -5.256382e-02 
 5.472332e+00 -5.242565e-02 
 5.472729e+00 -5.217939e-02 
 5.473127e+00 -5.182063e-02 
 5.473525e+00 -5.134565e-02 
 5.473922e+00 -5.077622e-02 
 5.474320e+00 -5.012624e-02 
 5.474718e+00 -4.944029e-02 
 5.475115e+00 -4.875291e-02 
 5.475513e+00 -4.806935e-02 
 5.475911e+00 -4.739034e-02 
 5.476309e+00 -4.670213e-02 
 5.476706e+00 -4.600787e-02 
 5.477104e+00 -4.532777e-02 
 5.477502e+00 -4.469267e-02 
 5.477899e+00 -4.411817e-02 
 5.478297e+00 -4.360643e-02 
 5.478695e+00 -4.313200e-02 
 5.479092e+00 -4.265135e-02 
 5.479490e+00 -4.210726e-02 
 5.479888e+00 -4.147166e-02 
 5.480286e+00 -4.072296e-02 
 5.480683e+00 -3.987037e-02 
 5.481081e+00 -3.893080e-02 
 5.481479e+00 -3.792101e-02 
 5.481876e+00 -3.684356e-02 
 5.482274e+00 -3.569347e-02 
 5.482672e+00 -3.446637e-02 
 5.483069e+00 -3.317704e-02 
 5.483467e+00 -3.184649e-02 
 5.483865e+00 -3.050800e-02 
 5.484262e+00 -2.919777e-02 
 5.484660e+00 -2.795463e-02 
 5.485058e+00 -2.679727e-02 
 5.485456e+00 -2.573448e-02 
 5.485853e+00 -2.476073e-02 
 5.486251e+00 -2.387530e-02 
 5.486649e+00 -2.307128e-02 
 5.487046e+00 -2.235157e-02 
 5.487444e+00 -2.170596e-02 
 5.487842e+00 -2.112929e-02 
 5.488239e+00 -2.061104e-02 
 5.488637e+00 -2.013545e-02 
 5.489035e+00 -1.969186e-02 
 5.489433e+00 -1.924368e-02 
 5.489830e+00 -1.878197e-02 
 5.490228e+00 -1.829612e-02 
 5.490626e+00 -1.777032e-02 
 5.491023e+00 -1.722243e-02 
 5.491421e+00 -1.666139e-02 
 5.491819e+00 -1.609610e-02 
 5.492216e+00 -1.554228e-02 
 5.492614e+00 -1.501603e-02 
 5.493012e+00 -1.453091e-02 
 5.493409e+00 -1.409648e-02 
 5.493807e+00 -1.372543e-02 
 5.494205e+00 -1.342103e-02 
 5.494603e+00 -1.318400e-02 
 5.495000e+00 -1.299779e-02 
 5.495398e+00 -1.285663e-02 
 5.495796e+00 -1.274943e-02 
 5.496193e+00 -1.267020e-02 
 5.496591e+00 -1.261202e-02 
 5.496989e+00 -1.257044e-02 
 5.497386e+00 -1.254258e-02 
 5.497784e+00 -1.250077e-02 
 5.498182e+00 -1.241281e-02 
 5.498580e+00 -1.223649e-02 
 5.498977e+00 -1.192374e-02 
 5.499375e+00 -1.144541e-02 
 5.499773e+00 -1.079673e-02 
 5.500170e+00 -9.999471e-03 
 5.500568e+00 -9.091966e-03 
 5.500966e+00 -8.114589e-03 
 5.501363e+00 -7.092915e-03 
 5.501761e+00 -6.050704e-03 
 5.502159e+00 -5.014333e-03 
 5.502556e+00 -4.001291e-03 
 5.502954e+00 -3.038775e-03 
 5.503352e+00 -2.168482e-03 
 5.503750e+00 -1.410510e-03 
 5.504147e+00 -7.720793e-04 
 5.504545e+00 -2.515147e-04 
 5.504943e+00  1.749473e-04 
 5.505340e+00  5.374879e-04 
 5.505738e+00  8.688800e-04 
 5.506136e+00  1.180864e-03 
 5.506533e+00  1.485139e-03 
 5.506931e+00  1.783542e-03 
 5.507329e+00  2.083239e-03 
 5.507727e+00  2.400953e-03 
 5.508124e+00  2.745416e-03 
 5.508522e+00  3.134043e-03 
 5.508920e+00  3.562526e-03 
 5.509317e+00  4.017720e-03 
 5.509715e+00  4.476657e-03 
 5.510113e+00  4.903571e-03 
 5.510510e+00  5.291582e-03 
 5.510908e+00  5.629032e-03 
 5.511306e+00  5.928186e-03 
 5.511703e+00  6.184903e-03 
 5.512101e+00  6.395156e-03 
 5.512499e+00  6.552765e-03 
 5.512897e+00  6.647950e-03 
 5.513294e+00  6.686001e-03 
 5.513692e+00  6.668343e-03 
 5.514090e+00  6.626911e-03 
 5.514487e+00  6.577575e-03 
 5.514885e+00  6.535414e-03 
 5.515283e+00  6.510359e-03 
 5.515680e+00  6.500708e-03 
 5.516078e+00  6.487349e-03 
 5.516476e+00  6.461054e-03 
 5.516874e+00  6.432004e-03 
 5.517271e+00  6.402643e-03 
 5.517669e+00  6.401552e-03 
 5.518067e+00  6.443108e-03 
 5.518464e+00  6.537797e-03 
 5.518862e+00  6.689392e-03 
 5.519260e+00  6.871448e-03 
 5.519657e+00  7.057413e-03 
 5.520055e+00  7.213023e-03 
 5.520453e+00  7.305676e-03 
 5.520850e+00  7.311722e-03 
 5.521248e+00  7.214962e-03 
 5.521646e+00  7.024192e-03 
 5.522044e+00  6.742042e-03 
 5.522441e+00  6.379442e-03 
 5.522839e+00  5.956748e-03 
 5.523237e+00  5.482733e-03 
 5.523634e+00  4.988954e-03 
 5.524032e+00  4.513780e-03 
 5.524430e+00  4.077954e-03 
 5.524827e+00  3.702769e-03 
 5.525225e+00  3.393440e-03 
 5.525623e+00  3.138641e-03 
 5.526021e+00  2.925449e-03 
 5.526418e+00  2.746196e-03 
 5.526816e+00  2.600651e-03 
 5.527214e+00  2.485738e-03 
 5.527611e+00  2.417443e-03 
 5.528009e+00  2.405355e-03 
 5.528407e+00  2.432225e-03 
 5.528804e+00  2.461418e-03 
 5.529202e+00  2.457502e-03 
 5.529600e+00  2.390876e-03 
 5.529997e+00  2.256270e-03 
 5.530395e+00  2.069383e-03 
 5.530793e+00  1.857985e-03 
 5.531191e+00  1.639183e-03 
 5.531588e+00  1.436479e-03 
 5.531986e+00  1.239806e-03 
 5.532384e+00  1.040995e-03 
 5.532781e+00  8.434099e-04 
 5.533179e+00  6.497391e-04 
 5.533577e+00  4.726809e-04 
 5.533974e+00  3.246145e-04 
 5.534372e+00  2.126327e-04 
 5.534770e+00  1.212281e-04 
 5.535168e+00  3.111227e-05 
 5.535565e+00 -9.369175e-05 
 5.535963e+00 -2.769653e-04 
 5.536361e+00 -5.376234e-04 
 5.536758e+00 -8.780450e-04 
 5.537156e+00 -1.296573e-03 
 5.537554e+00 -1.766785e-03 
 5.537951e+00 -2.292214e-03 
 5.538349e+00 -2.882644e-03 
 5.538747e+00 -3.539941e-03 
 5.539144e+00 -4.265177e-03 
 5.539542e+00 -5.066246e-03 
 5.539940e+00 -5.932754e-03 
 5.540338e+00 -6.832287e-03 
 5.540735e+00 -7.742100e-03 
 5.541133e+00 -8.660407e-03 
 5.541531e+00 -9.571401e-03 
 5.541928e+00 -1.048019e-02 
 5.542326e+00 -1.136829e-02 
 5.542724e+00 -1.222598e-02 
 5.543121e+00 -1.302617e-02 
 5.543519e+00 -1.374074e-02 
 5.543917e+00 -1.436293e-02 
 5.544315e+00 -1.490491e-02 
 5.544712e+00 -1.539095e-02 
 5.545110e+00 -1.585683e-02 
 5.545508e+00 -1.632904e-02 
 5.545905e+00 -1.681664e-02 
 5.546303e+00 -1.731491e-02 
 5.546701e+00 -1.781745e-02 
 5.547098e+00 -1.832465e-02 
 5.547496e+00 -1.884642e-02 
 5.547894e+00 -1.939799e-02 
 5.548291e+00 -1.999234e-02 
 5.548689e+00 -2.064033e-02 
 5.549087e+00 -2.132020e-02 
 5.549485e+00 -2.201138e-02 
 5.549882e+00 -2.268723e-02 
 5.550280e+00 -2.331606e-02 
 5.550678e+00 -2.388949e-02 
 5.551075e+00 -2.440842e-02 
 5.551473e+00 -2.489235e-02 
 5.551871e+00 -2.534510e-02 
 5.552268e+00 -2.577893e-02 
 5.552666e+00 -2.620299e-02 
 5.553064e+00 -2.662296e-02 
 5.553462e+00 -2.705317e-02 
 5.553859e+00 -2.751050e-02 
 5.554257e+00 -2.801360e-02 
 5.554655e+00 -2.859101e-02 
 5.555052e+00 -2.924410e-02 
 5.555450e+00 -2.998036e-02 
 5.555848e+00 -3.079172e-02 
 5.556245e+00 -3.165347e-02 
 5.556643e+00 -3.253048e-02 
 5.557041e+00 -3.339636e-02 
 5.557438e+00 -3.424112e-02 
 5.557836e+00 -3.505479e-02 
 5.558234e+00 -3.582008e-02 
 5.558632e+00 -3.654727e-02 
 5.559029e+00 -3.722249e-02 
 5.559427e+00 -3.783750e-02 
 5.559825e+00 -3.838812e-02 
 5.560222e+00 -3.887759e-02 
 5.560620e+00 -3.931803e-02 
 5.561018e+00 -3.971859e-02 
 5.561415e+00 -4.008691e-02 
 5.561813e+00 -4.043915e-02 
 5.562211e+00 -4.076876e-02 
 5.562609e+00 -4.106587e-02 
 5.563006e+00 -4.134020e-02 
 5.563404e+00 -4.160960e-02 
 5.563802e+00 -4.188802e-02 
 5.564199e+00 -4.219205e-02 
 5.564597e+00 -4.254753e-02 
 5.564995e+00 -4.296303e-02 
 5.565392e+00 -4.343111e-02 
 5.565790e+00 -4.393202e-02 
 5.566188e+00 -4.445373e-02 
 5.566585e+00 -4.496911e-02 
 5.566983e+00 -4.546879e-02 
 5.567381e+00 -4.593883e-02 
 5.567779e+00 -4.636749e-02 
 5.568176e+00 -4.674570e-02 
 5.568574e+00 -4.707411e-02 
 5.568972e+00 -4.735071e-02 
 5.569369e+00 -4.756855e-02 
 5.569767e+00 -4.771777e-02 
 5.570165e+00 -4.780658e-02 
 5.570562e+00 -4.783883e-02 
 5.570960e+00 -4.784702e-02 
 5.571358e+00 -4.785702e-02 
 5.571756e+00 -4.786882e-02 
 5.572153e+00 -4.789996e-02 
 5.572551e+00 -4.796152e-02 
 5.572949e+00 -4.804696e-02 
 5.573346e+00 -4.815034e-02 
 5.573744e+00 -4.825213e-02 
 5.574142e+00 -4.832573e-02 
 5.574539e+00 -4.835168e-02 
 5.574937e+00 -4.830382e-02 
 5.575335e+00 -4.817054e-02 
 5.575732e+00 -4.793003e-02 
 5.576130e+00 -4.757108e-02 
 5.576528e+00 -4.709808e-02 
 5.576926e+00 -4.651448e-02 
 5.577323e+00 -4.583369e-02 
 5.577721e+00 -4.506571e-02 
 5.578119e+00 -4.422199e-02 
 5.578516e+00 -4.330386e-02 
 5.578914e+00 -4.231566e-02 
 5.579312e+00 -4.129099e-02 
 5.579709e+00 -4.026490e-02 
 5.580107e+00 -3.926342e-02 
 5.580505e+00 -3.831898e-02 
 5.580903e+00 -3.746552e-02 
 5.581300e+00 -3.670488e-02 
 5.581698e+00 -3.603566e-02 
 5.582096e+00 -3.545370e-02 
 5.582493e+00 -3.494968e-02 
 5.582891e+00 -3.450231e-02 
 5.583289e+00 -3.409416e-02 
 5.583686e+00 -3.372858e-02 
 5.584084e+00 -3.338589e-02 
 5.584482e+00 -3.303619e-02 
 5.584879e+00 -3.267258e-02 
 5.585277e+00 -3.229010e-02 
 5.585675e+00 -3.189523e-02 
 5.586073e+00 -3.148329e-02 
 5.586470e+00 -3.104989e-02 
 5.586868e+00 -3.060175e-02 
 5.587266e+00 -3.012796e-02 
 5.587663e+00 -2.962904e-02 
 5.588061e+00 -2.910272e-02 
 5.588459e+00 -2.855817e-02 
 5.588856e+00 -2.800351e-02 
 5.589254e+00 -2.745094e-02 
 5.589652e+00 -2.692585e-02 
 5.590050e+00 -2.643278e-02 
 5.590447e+00 -2.598413e-02 
 5.590845e+00 -2.558164e-02 
 5.591243e+00 -2.522599e-02 
 5.591640e+00 -2.490563e-02 
 5.592038e+00 -2.460154e-02 
 5.592436e+00 -2.430532e-02 
 5.592833e+00 -2.398413e-02 
 5.593231e+00 -2.363008e-02 
 5.593629e+00 -2.322826e-02 
 5.594026e+00 -2.274354e-02 
 5.594424e+00 -2.216614e-02 
 5.594822e+00 -2.147513e-02 
 5.595220e+00 -2.067077e-02 
 5.595617e+00 -1.975431e-02 
 5.596015e+00 -1.874133e-02 
 5.596413e+00 -1.765686e-02 
 5.596810e+00 -1.652733e-02 
 5.597208e+00 -1.538132e-02 
 5.597606e+00 -1.424291e-02 
 5.598003e+00 -1.314090e-02 
 5.598401e+00 -1.210098e-02 
 5.598799e+00 -1.112844e-02 
 5.599197e+00 -1.025095e-02 
 5.599594e+00 -9.467185e-03 
 5.599992e+00 -8.785219e-03 
 5.600390e+00 -8.196726e-03 
 5.600787e+00 -7.671316e-03 
 5.601185e+00 -7.190797e-03 
 5.601583e+00 -6.730421e-03 
 5.601980e+00 -6.259323e-03 
 5.602378e+00 -5.741448e-03 
 5.602776e+00 -5.154880e-03 
 5.603173e+00 -4.492241e-03 
 5.603571e+00 -3.746984e-03 
 5.603969e+00 -2.940065e-03 
 5.604367e+00 -2.090816e-03 
 5.604764e+00 -1.219439e-03 
 5.605162e+00 -3.295655e-04 
 5.605560e+00  5.623130e-04 
 5.605957e+00  1.435837e-03 
 5.606355e+00  2.298249e-03 
 5.606753e+00  3.139869e-03 
 5.607150e+00  3.949404e-03 
 5.607548e+00  4.709031e-03 
 5.607946e+00  5.415948e-03 
 5.608344e+00  6.060126e-03 
 5.608741e+00  6.633435e-03 
 5.609139e+00  7.126603e-03 
 5.609537e+00  7.533708e-03 
 5.609934e+00  7.852648e-03 
 5.610332e+00  8.083730e-03 
 5.610730e+00  8.232356e-03 
 5.611127e+00  8.322068e-03 
 5.611525e+00  8.372066e-03 
 5.611923e+00  8.404086e-03 
 5.612320e+00  8.430832e-03 
 5.612718e+00  8.462865e-03 
 5.613116e+00  8.493963e-03 
 5.613514e+00  8.521762e-03 
 5.613911e+00  8.531762e-03 
 5.614309e+00  8.506486e-03 
 5.614707e+00  8.443336e-03 
 5.615104e+00  8.329941e-03 
 5.615502e+00  8.169457e-03 
 5.615900e+00  7.950192e-03 
 5.616297e+00  7.656474e-03 
 5.616695e+00  7.284048e-03 
 5.617093e+00  6.823160e-03 
 5.617491e+00  6.289151e-03 
 5.617888e+00  5.698055e-03 
 5.618286e+00  5.077991e-03 
 5.618684e+00  4.453859e-03 
 5.619081e+00  3.838762e-03 
 5.619479e+00  3.260646e-03 
 5.619877e+00  2.737033e-03 
 5.620274e+00  2.274816e-03 
 5.620672e+00  1.889146e-03 
 5.621070e+00  1.594555e-03 
 5.621467e+00  1.411698e-03 
 5.621865e+00  1.337351e-03 
 5.622263e+00  1.369755e-03 
 5.622661e+00  1.509936e-03 
 5.623058e+00  1.733873e-03 
 5.623456e+00  2.013953e-03 
 5.623854e+00  2.327687e-03 
 5.624251e+00  2.658794e-03 
 5.624649e+00  2.980163e-03 
 5.625047e+00  3.278744e-03 
 5.625444e+00  3.547899e-03 
 5.625842e+00  3.795132e-03 
 5.626240e+00  4.017411e-03 
 5.626638e+00  4.220370e-03 
 5.627035e+00  4.418543e-03 
 5.627433e+00  4.618072e-03 
 5.627831e+00  4.821770e-03 
 5.628228e+00  5.036076e-03 
 5.628626e+00  5.269352e-03 
 5.629024e+00  5.510859e-03 
 5.629421e+00  5.736722e-03 
 5.629819e+00  5.932819e-03 
 5.630217e+00  6.092465e-03 
 5.630614e+00  6.206324e-03 
 5.631012e+00  6.289396e-03 
 5.631410e+00  6.350243e-03 
 5.631808e+00  6.386006e-03 
 5.632205e+00  6.386240e-03 
 5.632603e+00  6.324257e-03 
 5.633001e+00  6.167110e-03 
 5.633398e+00  5.898766e-03 
 5.633796e+00  5.509493e-03 
 5.634194e+00  5.021314e-03 
 5.634591e+00  4.462952e-03 
 5.634989e+00  3.859976e-03 
 5.635387e+00  3.232904e-03 
 5.635785e+00  2.587517e-03 
 5.636182e+00  1.915458e-03 
 5.636580e+00  1.218882e-03 
 5.636978e+00  4.987433e-04 
 5.637375e+00 -2.391019e-04 
 5.637773e+00 -9.808451e-04 
 5.638171e+00 -1.708692e-03 
 5.638568e+00 -2.421763e-03 
 5.638966e+00 -3.126322e-03 
 5.639364e+00 -3.828444e-03 
 5.639761e+00 -4.535028e-03 
 5.640159e+00 -5.251293e-03 
 5.640557e+00 -5.962059e-03 
 5.640955e+00 -6.676020e-03 
 5.641352e+00 -7.404439e-03 
 5.641750e+00 -8.166352e-03 
 5.642148e+00 -8.994703e-03 
 5.642545e+00 -9.906989e-03 
 5.642943e+00 -1.090794e-02 
 5.643341e+00 -1.198161e-02 
 5.643738e+00 -1.310973e-02 
 5.644136e+00 -1.426282e-02 
 5.644534e+00 -1.541088e-02 
 5.644932e+00 -1.653693e-02 
 5.645329e+00 -1.763230e-02 
 5.645727e+00 -1.870554e-02 
 5.646125e+00 -1.973708e-02 
 5.646522e+00 -2.070737e-02 
 5.646920e+00 -2.159048e-02 
 5.647318e+00 -2.237812e-02 
 5.647715e+00 -2.306222e-02 
 5.648113e+00 -2.365547e-02 
 5.648511e+00 -2.419615e-02 
 5.648908e+00 -2.471564e-02 
 5.649306e+00 -2.524332e-02 
 5.649704e+00 -2.579244e-02 
 5.650102e+00 -2.635947e-02 
 5.650499e+00 -2.692247e-02 
 5.650897e+00 -2.744510e-02 
 5.651295e+00 -2.792773e-02 
 5.651692e+00 -2.837318e-02 
 5.652090e+00 -2.878812e-02 
 5.652488e+00 -2.918782e-02 
 5.652885e+00 -2.957336e-02 
 5.653283e+00 -2.993038e-02 
 5.653681e+00 -3.024450e-02 
 5.654079e+00 -3.048858e-02 
 5.654476e+00 -3.064266e-02 
 5.654874e+00 -3.070451e-02 
 5.655272e+00 -3.068170e-02 
 5.655669e+00 -3.060003e-02 
 5.656067e+00 -3.047727e-02 
 5.656465e+00 -3.033201e-02 
 5.656862e+00 -3.016593e-02 
 5.657260e+00 -2.999896e-02 
 5.657658e+00 -2.984738e-02 
 5.658055e+00 -2.973664e-02 
 5.658453e+00 -2.969614e-02 
 5.658851e+00 -2.974538e-02 
 5.659249e+00 -2.989542e-02 
 5.659646e+00 -3.014587e-02 
 5.660044e+00 -3.049781e-02 
 5.660442e+00 -3.094014e-02 
 5.660839e+00 -3.148190e-02 
 5.661237e+00 -3.212562e-02 
 5.661635e+00 -3.287327e-02 
 5.662032e+00 -3.372324e-02 
 5.662430e+00 -3.466673e-02 
 5.662828e+00 -3.566467e-02 
 5.663226e+00 -3.666726e-02 
 5.663623e+00 -3.764300e-02 
 5.664021e+00 -3.857218e-02 
 5.664419e+00 -3.944683e-02 
 5.664816e+00 -4.028018e-02 
 5.665214e+00 -4.107750e-02 
 5.665612e+00 -4.184944e-02 
 5.666009e+00 -4.259708e-02 
 5.666407e+00 -4.332232e-02 
 5.666805e+00 -4.403692e-02 
 5.667202e+00 -4.473566e-02 
 5.667600e+00 -4.543210e-02 
 5.667998e+00 -4.614627e-02 
 5.668396e+00 -4.690227e-02 
 5.668793e+00 -4.770036e-02 
 5.669191e+00 -4.853841e-02 
 5.669589e+00 -4.938645e-02 
 5.669986e+00 -5.021161e-02 
 5.670384e+00 -5.098440e-02 
 5.670782e+00 -5.168839e-02 
 5.671179e+00 -5.231473e-02 
 5.671577e+00 -5.285264e-02 
 5.671975e+00 -5.328791e-02 
 5.672373e+00 -5.362353e-02 
 5.672770e+00 -5.383785e-02 
 5.673168e+00 -5.391966e-02 
 5.673566e+00 -5.387989e-02 
 5.673963e+00 -5.373484e-02 
 5.674361e+00 -5.350242e-02 
 5.674759e+00 -5.319947e-02 
 5.675156e+00 -5.285802e-02 
 5.675554e+00 -5.248088e-02 
 5.675952e+00 -5.207804e-02 
 5.676349e+00 -5.165658e-02 
 5.676747e+00 -5.123416e-02 
 5.677145e+00 -5.082631e-02 
 5.677543e+00 -5.044374e-02 
 5.677940e+00 -5.008764e-02 
 5.678338e+00 -4.975323e-02 
 5.678736e+00 -4.941458e-02 
 5.679133e+00 -4.903043e-02 
 5.679531e+00 -4.857731e-02 
 5.679929e+00 -4.804680e-02 
 5.680326e+00 -4.742575e-02 
 5.680724e+00 -4.671884e-02 
 5.681122e+00 -4.593202e-02 
 5.681520e+00 -4.507475e-02 
 5.681917e+00 -4.414673e-02 
 5.682315e+00 -4.314942e-02 
 5.682713e+00 -4.208357e-02 
 5.683110e+00 -4.094315e-02 
 5.683508e+00 -3.972915e-02 
 5.683906e+00 -3.845166e-02 
 5.684303e+00 -3.714139e-02 
 5.684701e+00 -3.583119e-02 
 5.685099e+00 -3.455310e-02 
 5.685496e+00 -3.333765e-02 
 5.685894e+00 -3.219359e-02 
 5.686292e+00 -3.112979e-02 
 5.686690e+00 -3.014190e-02 
 5.687087e+00 -2.923035e-02 
 5.687485e+00 -2.839740e-02 
 5.687883e+00 -2.765391e-02 
 5.688280e+00 -2.699420e-02 
 5.688678e+00 -2.642105e-02 
 5.689076e+00 -2.591414e-02 
 5.689473e+00 -2.545373e-02 
 5.689871e+00 -2.501479e-02 
 5.690269e+00 -2.457673e-02 
 5.690667e+00 -2.412520e-02 
 5.691064e+00 -2.365665e-02 
 5.691462e+00 -2.317777e-02 
 5.691860e+00 -2.268870e-02 
 5.692257e+00 -2.218917e-02 
 5.692655e+00 -2.170321e-02 
 5.693053e+00 -2.125460e-02 
 5.693450e+00 -2.087075e-02 
 5.693848e+00 -2.058370e-02 
 5.694246e+00 -2.040957e-02 
 5.694643e+00 -2.034244e-02 
 5.695041e+00 -2.036398e-02 
 5.695439e+00 -2.043720e-02 
 5.695837e+00 -2.053469e-02 
 5.696234e+00 -2.063334e-02 
 5.696632e+00 -2.072184e-02 
 5.697030e+00 -2.080855e-02 
 5.697427e+00 -2.088925e-02 
 5.697825e+00 -2.095036e-02 
 5.698223e+00 -2.095459e-02 
 5.698620e+00 -2.087267e-02 
 5.699018e+00 -2.068194e-02 
 5.699416e+00 -2.036144e-02 
 5.699814e+00 -1.991768e-02 
 5.700211e+00 -1.937133e-02 
 5.700609e+00 -1.874972e-02 
 5.701007e+00 -1.806756e-02 
 5.701404e+00 -1.733632e-02 
 5.701802e+00 -1.656074e-02 
 5.702200e+00 -1.574741e-02 
 5.702597e+00 -1.489758e-02 
 5.702995e+00 -1.402941e-02 
 5.703393e+00 -1.316010e-02 
 5.703790e+00 -1.229771e-02 
 5.704188e+00 -1.145492e-02 
 5.704586e+00 -1.063054e-02 
 5.704984e+00 -9.829296e-03 
 5.705381e+00 -9.047159e-03 
 5.705779e+00 -8.276056e-03 
 5.706177e+00 -7.511404e-03 
 5.706574e+00 -6.758082e-03 
 5.706972e+00 -6.004833e-03 
 5.707370e+00 -5.244974e-03 
 5.707767e+00 -4.485154e-03 
 5.708165e+00 -3.721595e-03 
 5.708563e+00 -2.952652e-03 
 5.708961e+00 -2.175852e-03 
 5.709358e+00 -1.387718e-03 
 5.709756e+00 -5.896669e-04 
 5.710154e+00  2.038988e-04 
 5.710551e+00  9.752855e-04 
 5.710949e+00  1.717846e-03 
 5.711347e+00  2.416943e-03 
 5.711744e+00  3.061922e-03 
 5.712142e+00  3.641913e-03 
 5.712540e+00  4.149574e-03 
 5.712937e+00  4.585588e-03 
 5.713335e+00  4.938835e-03 
 5.713733e+00  5.210907e-03 
 5.714131e+00  5.420797e-03 
 5.714528e+00  5.578601e-03 
 5.714926e+00  5.708670e-03 
 5.715324e+00  5.843525e-03 
 5.715721e+00  6.017374e-03 
 5.716119e+00  6.227604e-03 
 5.716517e+00  6.461476e-03 
 5.716914e+00  6.708144e-03 
 5.717312e+00  6.944426e-03 
 5.717710e+00  7.164632e-03 
 5.718108e+00  7.360319e-03 
 5.718505e+00  7.534910e-03 
 5.718903e+00  7.685206e-03 
 5.719301e+00  7.798601e-03 
 5.719698e+00  7.846722e-03 
 5.720096e+00  7.825183e-03 
 5.720494e+00  7.711665e-03 
 5.720891e+00  7.506891e-03 
 5.721289e+00  7.211866e-03 
 5.721687e+00  6.848114e-03 
 5.722084e+00  6.427281e-03 
 5.722482e+00  5.950755e-03 
 5.722880e+00  5.427964e-03 
 5.723278e+00  4.871780e-03 
 5.723675e+00  4.305078e-03 
 5.724073e+00  3.761097e-03 
 5.724471e+00  3.271858e-03 
 5.724868e+00  2.856198e-03 
 5.725266e+00  2.503082e-03 
 5.725664e+00  2.208966e-03 
 5.726061e+00  1.950787e-03 
 5.726459e+00  1.711849e-03 
 5.726857e+00  1.495300e-03 
 5.727255e+00  1.301705e-03 
 5.727652e+00  1.143984e-03 
 5.728050e+00  1.022814e-03 
 5.728448e+00  9.396310e-04 
 5.728845e+00  8.705296e-04 
 5.729243e+00  8.051693e-04 
 5.729641e+00  7.330799e-04 
 5.730038e+00  6.528349e-04 
 5.730436e+00  5.824665e-04 
 5.730834e+00  5.316416e-04 
 5.731231e+00  5.164581e-04 
 5.731629e+00  5.593294e-04 
 5.732027e+00  6.601938e-04 
 5.732425e+00  8.003257e-04 
 5.732822e+00  9.724011e-04 
 5.733220e+00  1.161279e-03 
 5.733618e+00  1.358870e-03 
 5.734015e+00  1.569944e-03 
 5.734413e+00  1.807583e-03 
 5.734811e+00  2.074790e-03 
 5.735208e+00  2.365431e-03 
 5.735606e+00  2.673712e-03 
 5.736004e+00  2.979807e-03 
 5.736402e+00  3.254184e-03 
 5.736799e+00  3.456502e-03 
 5.737197e+00  3.559806e-03 
 5.737595e+00  3.554051e-03 
 5.737992e+00  3.441625e-03 
 5.738390e+00  3.222925e-03 
 5.738788e+00  2.904568e-03 
 5.739185e+00  2.492318e-03 
 5.739583e+00  1.997764e-03 
 5.739981e+00  1.432082e-03 
 5.740378e+00  8.236919e-04 
 5.740776e+00  1.896160e-04 
 5.741174e+00 -4.594769e-04 
 5.741572e+00 -1.117811e-03 
 5.741969e+00 -1.775775e-03 
 5.742367e+00 -2.426242e-03 
 5.742765e+00 -3.071871e-03 
 5.743162e+00 -3.715945e-03 
 5.743560e+00 -4.354698e-03 
 5.743958e+00 -4.982686e-03 
 5.744355e+00 -5.600186e-03 
 5.744753e+00 -6.215976e-03 
 5.745151e+00 -6.852219e-03 
 5.745549e+00 -7.526406e-03 
 5.745946e+00 -8.259512e-03 
 5.746344e+00 -9.058189e-03 
 5.746742e+00 -9.914874e-03 
 5.747139e+00 -1.081378e-02 
 5.747537e+00 -1.173917e-02 
 5.747935e+00 -1.267559e-02 
 5.748332e+00 -1.361128e-02 
 5.748730e+00 -1.455130e-02 
 5.749128e+00 -1.549446e-02 
 5.749525e+00 -1.643878e-02 
 5.749923e+00 -1.736674e-02 
 5.750321e+00 -1.826215e-02 
 5.750719e+00 -1.910988e-02 
 5.751116e+00 -1.991170e-02 
 5.751514e+00 -2.068220e-02 
 5.751912e+00 -2.143473e-02 
 5.752309e+00 -2.218409e-02 
 5.752707e+00 -2.293263e-02 
 5.753105e+00 -2.368368e-02 
 5.753502e+00 -2.443423e-02 
 5.753900e+00 -2.518529e-02 
 5.754298e+00 -2.594800e-02 
 5.754696e+00 -2.673316e-02 
 5.755093e+00 -2.755171e-02 
 5.755491e+00 -2.840391e-02 
 5.755889e+00 -2.929984e-02 
 5.756286e+00 -3.022332e-02 
 5.756684e+00 -3.114320e-02 
 5.757082e+00 -3.205017e-02 
 5.757479e+00 -3.293718e-02 
 5.757877e+00 -3.378815e-02 
 5.758275e+00 -3.457957e-02 
 5.758672e+00 -3.531266e-02 
 5.759070e+00 -3.597901e-02 
 5.759468e+00 -3.656280e-02 
 5.759866e+00 -3.706315e-02 
 5.760263e+00 -3.747247e-02 
 5.760661e+00 -3.778554e-02 
 5.761059e+00 -3.800023e-02 
 5.761456e+00 -3.813910e-02 
 5.761854e+00 -3.823035e-02 
 5.762252e+00 -3.829946e-02 
 5.762649e+00 -3.837097e-02 
 5.763047e+00 -3.845308e-02 
 5.763445e+00 -3.855486e-02 
 5.763843e+00 -3.867071e-02 
 5.764240e+00 -3.880076e-02 
 5.764638e+00 -3.894730e-02 
 5.765036e+00 -3.912591e-02 
 5.765433e+00 -3.934156e-02 
 5.765831e+00 -3.959332e-02 
 5.766229e+00 -3.987660e-02 
 5.766626e+00 -4.016876e-02 
 5.767024e+00 -4.044571e-02 
 5.767422e+00 -4.069102e-02 
 5.767819e+00 -4.088460e-02 
 5.768217e+00 -4.103133e-02 
 5.768615e+00 -4.113776e-02 
 5.769013e+00 -4.120428e-02 
 5.769410e+00 -4.123620e-02 
 5.769808e+00 -4.124376e-02 
 5.770206e+00 -4.124313e-02 
 5.770603e+00 -4.124659e-02 
 5.771001e+00 -4.128195e-02 
 5.771399e+00 -4.136646e-02 
 5.771796e+00 -4.150361e-02 
 5.772194e+00 -4.169190e-02 
 5.772592e+00 -4.192473e-02 
 5.772990e+00 -4.218659e-02 
 5.773387e+00 -4.246867e-02 
 5.773785e+00 -4.278000e-02 
 5.774183e+00 -4.311457e-02 
 5.774580e+00 -4.347128e-02 
 5.774978e+00 -4.383583e-02 
 5.775376e+00 -4.418225e-02 
 5.775773e+00 -4.447000e-02 
 5.776171e+00 -4.466188e-02 
 5.776569e+00 -4.474398e-02 
 5.776966e+00 -4.469947e-02 
 5.777364e+00 -4.453677e-02 
 5.777762e+00 -4.428521e-02 
 5.778160e+00 -4.397263e-02 
 5.778557e+00 -4.360528e-02 
 5.778955e+00 -4.318677e-02 
 5.779353e+00 -4.272295e-02 
 5.779750e+00 -4.221717e-02 
 5.780148e+00 -4.168281e-02 
 5.780546e+00 -4.114189e-02 
 5.780943e+00 -4.062909e-02 
 5.781341e+00 -4.017570e-02 
 5.781739e+00 -3.978150e-02 
 5.782137e+00 -3.944859e-02 
 5.782534e+00 -3.917773e-02 
 5.782932e+00 -3.894660e-02 
 5.783330e+00 -3.873167e-02 
 5.783727e+00 -3.853465e-02 
 5.784125e+00 -3.834780e-02 
 5.784523e+00 -3.815601e-02 
 5.784920e+00 -3.794559e-02 
 5.785318e+00 -3.770128e-02 
 5.785716e+00 -3.739815e-02 
 5.786113e+00 -3.701466e-02 
 5.786511e+00 -3.653949e-02 
 5.786909e+00 -3.598067e-02 
 5.787307e+00 -3.535355e-02 
 5.787704e+00 -3.466797e-02 
 5.788102e+00 -3.392781e-02 
 5.788500e+00 -3.315824e-02 
 5.788897e+00 -3.238288e-02 
 5.789295e+00 -3.161264e-02 
 5.789693e+00 -3.086625e-02 
 5.790090e+00 -3.015431e-02 
 5.790488e+00 -2.948863e-02 
 5.790886e+00 -2.886318e-02 
 5.791284e+00 -2.827737e-02 
 5.791681e+00 -2.771194e-02 
 5.792079e+00 -2.714303e-02 
 5.792477e+00 -2.655658e-02 
 5.792874e+00 -2.594387e-02 
 5.793272e+00 -2.530289e-02 
 5.793670e+00 -2.462729e-02 
 5.794067e+00 -2.390895e-02 
 5.794465e+00 -2.314151e-02 
 5.794863e+00 -2.232237e-02 
 5.795260e+00 -2.144944e-02 
 5.795658e+00 -2.053392e-02 
 5.796056e+00 -1.958183e-02 
 5.796454e+00 -1.860408e-02 
 5.796851e+00 -1.762066e-02 
 5.797249e+00 -1.666954e-02 
 5.797647e+00 -1.576449e-02 
 5.798044e+00 -1.493254e-02 
 5.798442e+00 -1.419610e-02 
 5.798840e+00 -1.357212e-02 
 5.799237e+00 -1.306408e-02 
 5.799635e+00 -1.267640e-02 
 5.800033e+00 -1.240947e-02 
 5.800431e+00 -1.224116e-02 
 5.800828e+00 -1.213702e-02 
 5.801226e+00 -1.208575e-02 
 5.801624e+00 -1.206696e-02 
 5.802021e+00 -1.206808e-02 
 5.802419e+00 -1.207678e-02 
 5.802817e+00 -1.209275e-02 
 5.803214e+00 -1.211593e-02 
 5.803612e+00 -1.213929e-02 
 5.804010e+00 -1.214032e-02 
 5.804407e+00 -1.210046e-02 
 5.804805e+00 -1.201179e-02 
 5.805203e+00 -1.186729e-02 
 5.805601e+00 -1.166947e-02 
 5.805998e+00 -1.143227e-02 
 5.806396e+00 -1.116589e-02 
 5.806794e+00 -1.088006e-02 
 5.807191e+00 -1.059283e-02 
 5.807589e+00 -1.031808e-02 
 5.807987e+00 -1.005573e-02 
 5.808384e+00 -9.801132e-03 
 5.808782e+00 -9.543263e-03 
 5.809180e+00 -9.277184e-03 
 5.809578e+00 -9.002601e-03 
 5.809975e+00 -8.717647e-03 
 5.810373e+00 -8.402813e-03 
 5.810771e+00 -8.063504e-03 
 5.811168e+00 -7.700920e-03 
 5.811566e+00 -7.307252e-03 
 5.811964e+00 -6.879298e-03 
 5.812361e+00 -6.406235e-03 
 5.812759e+00 -5.879459e-03 
 5.813157e+00 -5.292860e-03 
 5.813554e+00 -4.662219e-03 
 5.813952e+00 -4.004139e-03 
 5.814350e+00 -3.335045e-03 
 5.814748e+00 -2.663546e-03 
 5.815145e+00 -1.995545e-03 
 5.815543e+00 -1.343504e-03 
 5.815941e+00 -7.080358e-04 
 5.816338e+00 -9.893706e-05 
 5.816736e+00  4.713799e-04 
 5.817134e+00  9.972141e-04 
 5.817531e+00  1.459996e-03 
 5.817929e+00  1.865775e-03 
 5.818327e+00  2.216701e-03 
 5.818725e+00  2.534336e-03 
 5.819122e+00  2.849667e-03 
 5.819520e+00  3.185858e-03 
 5.819918e+00  3.570731e-03 
 5.820315e+00  4.016131e-03 
 5.820713e+00  4.515477e-03 
 5.821111e+00  5.066270e-03 
 5.821508e+00  5.657977e-03 
 5.821906e+00  6.266636e-03 
 5.822304e+00  6.877540e-03 
 5.822701e+00  7.484788e-03 
 5.823099e+00  8.081861e-03 
 5.823497e+00  8.657130e-03 
 5.823895e+00  9.207267e-03 
 5.824292e+00  9.731608e-03 
 5.824690e+00  1.022258e-02 
 5.825088e+00  1.067071e-02 
 5.825485e+00  1.107013e-02 
 5.825883e+00  1.140927e-02 
 5.826281e+00  1.168401e-02 
 5.826678e+00  1.189049e-02 
 5.827076e+00  1.203595e-02 
 5.827474e+00  1.213319e-02 
 5.827872e+00  1.219316e-02 
 5.828269e+00  1.222735e-02 
 5.828667e+00  1.223617e-02 
 5.829065e+00  1.221905e-02 
 5.829462e+00  1.216662e-02 
 5.829860e+00  1.206843e-02 
 5.830258e+00  1.191496e-02 
 5.830655e+00  1.170137e-02 
 5.831053e+00  1.143123e-02 
 5.831451e+00  1.110809e-02 
 5.831848e+00  1.074053e-02 
 5.832246e+00  1.033361e-02 
 5.832644e+00  9.877020e-03 
 5.833042e+00  9.361219e-03 
 5.833439e+00  8.775231e-03 
 5.833837e+00  8.124019e-03 
 5.834235e+00  7.409576e-03 
 5.834632e+00  6.640326e-03 
 5.835030e+00  5.839071e-03 
 5.835428e+00  5.026485e-03 
 5.835825e+00  4.218871e-03 
 5.836223e+00  3.419245e-03 
 5.836621e+00  2.631142e-03 
 5.837018e+00  1.856640e-03 
 5.837416e+00  1.103064e-03 
 5.837814e+00  3.894158e-04 
 5.838212e+00 -2.624775e-04 
 5.838609e+00 -8.390883e-04 
 5.839007e+00 -1.332898e-03 
 5.839405e+00 -1.743266e-03 
 5.839802e+00 -2.091490e-03 
 5.840200e+00 -2.401946e-03 
 5.840598e+00 -2.692348e-03 
 5.840995e+00 -2.976559e-03 
 5.841393e+00 -3.262246e-03 
 5.841791e+00 -3.552242e-03 
 5.842189e+00 -3.855741e-03 
 5.842586e+00 -4.192026e-03 
 5.842984e+00 -4.577088e-03 
 5.843382e+00 -5.019067e-03 
 5.843779e+00 -5.507770e-03 
 5.844177e+00 -6.026123e-03 
 5.844575e+00 -6.548015e-03 
 5.844972e+00 -7.045110e-03 
 5.845370e+00 -7.509588e-03 
 5.845768e+00 -7.954286e-03 
 5.846165e+00 -8.382967e-03 
 5.846563e+00 -8.800063e-03 
 5.846961e+00 -9.219977e-03 
 5.847359e+00 -9.649165e-03 
 5.847756e+00 -1.007360e-02 
 5.848154e+00 -1.048487e-02 
 5.848552e+00 -1.089220e-02 
 5.848949e+00 -1.131428e-02 
 5.849347e+00 -1.176409e-02 
 5.849745e+00 -1.226422e-02 
 5.850142e+00 -1.282792e-02 
 5.850540e+00 -1.345582e-02 
 5.850938e+00 -1.413614e-02 
 5.851336e+00 -1.485415e-02 
 5.851733e+00 -1.559523e-02 
 5.852131e+00 -1.634030e-02 
 5.852529e+00 -1.707496e-02 
 5.852926e+00 -1.779539e-02 
 5.853324e+00 -1.849817e-02 
 5.853722e+00 -1.917657e-02 
 5.854119e+00 -1.981728e-02 
 5.854517e+00 -2.041723e-02 
 5.854915e+00 -2.097555e-02 
 5.855312e+00 -2.151007e-02 
 5.855710e+00 -2.202624e-02 
 5.856108e+00 -2.253853e-02 
 5.856506e+00 -2.303548e-02 
 5.856903e+00 -2.350994e-02 
 5.857301e+00 -2.394714e-02 
 5.857699e+00 -2.434849e-02 
 5.858096e+00 -2.473085e-02 
 5.858494e+00 -2.512062e-02 
 5.858892e+00 -2.555595e-02 
 5.859289e+00 -2.605843e-02 
 5.859687e+00 -2.663937e-02 
 5.860085e+00 -2.729363e-02 
 5.860483e+00 -2.799848e-02 
 5.860880e+00 -2.872814e-02 
 5.861278e+00 -2.946563e-02 
 5.861676e+00 -3.021330e-02 
 5.862073e+00 -3.098191e-02 
 5.862471e+00 -3.177816e-02 
 5.862869e+00 -3.259416e-02 
 5.863266e+00 -3.340456e-02 
 5.863664e+00 -3.418259e-02 
 5.864062e+00 -3.488799e-02 
 5.864459e+00 -3.550664e-02 
 5.864857e+00 -3.603852e-02 
 5.865255e+00 -3.650318e-02 
 5.865653e+00 -3.692126e-02 
 5.866050e+00 -3.732569e-02 
 5.866448e+00 -3.772957e-02 
 5.866846e+00 -3.812884e-02 
 5.867243e+00 -3.850541e-02 
 5.867641e+00 -3.885835e-02 
 5.868039e+00 -3.920112e-02 
 5.868436e+00 -3.954652e-02 
 5.868834e+00 -3.991084e-02 
 5.869232e+00 -4.030551e-02 
 5.869630e+00 -4.071569e-02 
 5.870027e+00 -4.110846e-02 
 5.870425e+00 -4.143254e-02 
 5.870823e+00 -4.165674e-02 
 5.871220e+00 -4.175998e-02 
 5.871618e+00 -4.173853e-02 
 5.872016e+00 -4.161318e-02 
 5.872413e+00 -4.139667e-02 
 5.872811e+00 -4.110340e-02 
 5.873209e+00 -4.073187e-02 
 5.873606e+00 -4.028626e-02 
 5.874004e+00 -3.976807e-02 
 5.874402e+00 -3.921365e-02 
 5.874800e+00 -3.864741e-02 
 5.875197e+00 -3.810298e-02 
 5.875595e+00 -3.760791e-02 
 5.875993e+00 -3.715924e-02 
 5.876390e+00 -3.675647e-02 
 5.876788e+00 -3.638603e-02 
 5.877186e+00 -3.604892e-02 
 5.877583e+00 -3.574562e-02 
 5.877981e+00 -3.549403e-02 
 5.878379e+00 -3.530564e-02 
 5.878777e+00 -3.518421e-02 
 5.879174e+00 -3.511380e-02 
 5.879572e+00 -3.505537e-02 
 5.879970e+00 -3.497045e-02 
 5.880367e+00 -3.483827e-02 
 5.880765e+00 -3.465573e-02 
 5.881163e+00 -3.442597e-02 
 5.881560e+00 -3.416006e-02 
 5.881958e+00 -3.385801e-02 
 5.882356e+00 -3.352444e-02 
 5.882753e+00 -3.314259e-02 
 5.883151e+00 -3.269547e-02 
 5.883549e+00 -3.218297e-02 
 5.883947e+00 -3.161796e-02 
 5.884344e+00 -3.104342e-02 
 5.884742e+00 -3.049929e-02 
 5.885140e+00 -3.001885e-02 
 5.885537e+00 -2.961851e-02 
 5.885935e+00 -2.929300e-02 
 5.886333e+00 -2.902160e-02 
 5.886730e+00 -2.879988e-02 
 5.887128e+00 -2.863544e-02 
 5.887526e+00 -2.853068e-02 
 5.887924e+00 -2.848958e-02 
 5.888321e+00 -2.851924e-02 
 5.888719e+00 -2.859023e-02 
 5.889117e+00 -2.865218e-02 
 5.889514e+00 -2.866177e-02 
 5.889912e+00 -2.857528e-02 
 5.890310e+00 -2.837800e-02 
 5.890707e+00 -2.808975e-02 
 5.891105e+00 -2.774855e-02 
 5.891503e+00 -2.739500e-02 
 5.891900e+00 -2.705527e-02 
 5.892298e+00 -2.673778e-02 
 5.892696e+00 -2.644307e-02 
 5.893094e+00 -2.617680e-02 
 5.893491e+00 -2.594902e-02 
 5.893889e+00 -2.576621e-02 
 5.894287e+00 -2.566236e-02 
 5.894684e+00 -2.565158e-02 
 5.895082e+00 -2.573236e-02 
 5.895480e+00 -2.588208e-02 
 5.895877e+00 -2.606505e-02 
 5.896275e+00 -2.624033e-02 
 5.896673e+00 -2.638773e-02 
 5.897071e+00 -2.650180e-02 
 5.897468e+00 -2.657748e-02 
 5.897866e+00 -2.662055e-02 
 5.898264e+00 -2.659688e-02 
 5.898661e+00 -2.648463e-02 
 5.899059e+00 -2.625831e-02 
 5.899457e+00 -2.590241e-02 
 5.899854e+00 -2.541633e-02 
 5.900252e+00 -2.481530e-02 
 5.900650e+00 -2.413093e-02 
 5.901047e+00 -2.338973e-02 
 5.901445e+00 -2.260040e-02 
 5.901843e+00 -2.176862e-02 
 5.902241e+00 -2.088067e-02 
 5.902638e+00 -1.993212e-02 
 5.903036e+00 -1.894126e-02 
 5.903434e+00 -1.793744e-02 
 5.903831e+00 -1.694505e-02 
 5.904229e+00 -1.598901e-02 
 5.904627e+00 -1.507118e-02 
 5.905024e+00 -1.418747e-02 
 5.905422e+00 -1.332016e-02 
 5.905820e+00 -1.246898e-02 
 5.906218e+00 -1.164370e-02 
 5.906615e+00 -1.084904e-02 
 5.907013e+00 -1.009679e-02 
 5.907411e+00 -9.391700e-03 
 5.907808e+00 -8.703422e-03 
 5.908206e+00 -7.998565e-03 
 5.908604e+00 -7.231226e-03 
 5.909001e+00 -6.395286e-03 
 5.909399e+00 -5.497574e-03 
 5.909797e+00 -4.568615e-03 
 5.910194e+00 -3.663308e-03 
 5.910592e+00 -2.819802e-03 
 5.910990e+00 -2.047815e-03 
 5.911388e+00 -1.345686e-03 
 5.911785e+00 -7.047737e-04 
 5.912183e+00 -1.252528e-04 
 5.912581e+00  3.977480e-04 
 5.912978e+00  8.433236e-04 
 5.913376e+00  1.193934e-03 
 5.913774e+00  1.453432e-03 
 5.914171e+00  1.643666e-03 
 5.914569e+00  1.796511e-03 
 5.914967e+00  1.940942e-03 
 5.915365e+00  2.108345e-03 
 5.915762e+00  2.306769e-03 
 5.916160e+00  2.525829e-03 
 5.916558e+00  2.754256e-03 
 5.916955e+00  2.980001e-03 
 5.917353e+00  3.198579e-03 
 5.917751e+00  3.407498e-03 
 5.918148e+00  3.620176e-03 
 5.918546e+00  3.841180e-03 
 5.918944e+00  4.075640e-03 
 5.919341e+00  4.299933e-03 
 5.919739e+00  4.493040e-03 
 5.920137e+00  4.623563e-03 
 5.920535e+00  4.676620e-03 
 5.920932e+00  4.651074e-03 
 5.921330e+00  4.561791e-03 
 5.921728e+00  4.435186e-03 
 5.922125e+00  4.285001e-03 
 5.922523e+00  4.130305e-03 
 5.922921e+00  3.968884e-03 
 5.923318e+00  3.797422e-03 
 5.923716e+00  3.613409e-03 
 5.924114e+00  3.408543e-03 
 5.924512e+00  3.187325e-03 
 5.924909e+00  2.951815e-03 
 5.925307e+00  2.714441e-03 
 5.925705e+00  2.476329e-03 
 5.926102e+00  2.228510e-03 
 5.926500e+00  1.977465e-03 
 5.926898e+00  1.741689e-03 
 5.927295e+00  1.546269e-03 
 5.927693e+00  1.424640e-03 
 5.928091e+00  1.388210e-03 
 5.928488e+00  1.428369e-03 
 5.928886e+00  1.525534e-03 
 5.929284e+00  1.650270e-03 
 5.929682e+00  1.771284e-03 
 5.930079e+00  1.870815e-03 
 5.930477e+00  1.956486e-03 
 5.930875e+00  2.051857e-03 
 5.931272e+00  2.182438e-03 
 5.931670e+00  2.365870e-03 
 5.932068e+00  2.598817e-03 
 5.932465e+00  2.856010e-03 
 5.932863e+00  3.120761e-03 
 5.933261e+00  3.386792e-03 
 5.933659e+00  3.669807e-03 
 5.934056e+00  3.990411e-03 
 5.934454e+00  4.361551e-03 
 5.934852e+00  4.780752e-03 
 5.935249e+00  5.216473e-03 
 5.935647e+00  5.630991e-03 
 5.936045e+00  5.983385e-03 
 5.936442e+00  6.257184e-03 
 5.936840e+00  6.438398e-03 
 5.937238e+00  6.528434e-03 
 5.937635e+00  6.536179e-03 
 5.938033e+00  6.467696e-03 
 5.938431e+00  6.295911e-03 
 5.938829e+00  5.999433e-03 
 5.939226e+00  5.563032e-03 
 5.939624e+00  4.997549e-03 
 5.940022e+00  4.330254e-03 
 5.940419e+00  3.597216e-03 
 5.940817e+00  2.836604e-03 
 5.941215e+00  2.065831e-03 
 5.941612e+00  1.290484e-03 
 5.942010e+00  5.001742e-04 
 5.942408e+00 -3.166520e-04 
 5.942806e+00 -1.167197e-03 
 5.943203e+00 -2.058457e-03 
 5.943601e+00 -2.985549e-03 
 5.943999e+00 -3.938414e-03 
 5.944396e+00 -4.917611e-03 
 5.944794e+00 -5.932871e-03 
 5.945192e+00 -6.989868e-03 
 5.945589e+00 -8.088100e-03 
 5.945987e+00 -9.225264e-03 
 5.946385e+00 -1.038668e-02 
 5.946782e+00 -1.156002e-02 
 5.947180e+00 -1.272375e-02 
 5.947578e+00 -1.386359e-02 
 5.947976e+00 -1.497525e-02 
 5.948373e+00 -1.605878e-02 
 5.948771e+00 -1.711792e-02 
 5.949169e+00 -1.814722e-02 
 5.949566e+00 -1.914044e-02 
 5.949964e+00 -2.008774e-02 
 5.950362e+00 -2.097481e-02 
 5.950759e+00 -2.179634e-02 
 5.951157e+00 -2.254902e-02 
 5.951555e+00 -2.323846e-02 
 5.951953e+00 -2.386558e-02 
 5.952350e+00 -2.444119e-02 
 5.952748e+00 -2.496550e-02 
 5.953146e+00 -2.545066e-02 
 5.953543e+00 -2.590426e-02 
 5.953941e+00 -2.633246e-02 
 5.954339e+00 -2.675593e-02 
 5.954736e+00 -2.719672e-02 
 5.955134e+00 -2.766879e-02 
 5.955532e+00 -2.816780e-02 
 5.955929e+00 -2.869519e-02 
 5.956327e+00 -2.924043e-02 
 5.956725e+00 -2.977713e-02 
 5.957123e+00 -3.028854e-02 
 5.957520e+00 -3.076993e-02 
 5.957918e+00 -3.121906e-02 
 5.958316e+00 -3.163682e-02 
 5.958713e+00 -3.201956e-02 
 5.959111e+00 -3.233677e-02 
 5.959509e+00 -3.257162e-02 
 5.959906e+00 -3.269859e-02 
 5.960304e+00 -3.270284e-02 
 5.960702e+00 -3.259814e-02 
 5.961100e+00 -3.241980e-02 
 5.961497e+00 -3.220393e-02 
 5.961895e+00 -3.198864e-02 
 5.962293e+00 -3.180593e-02 
 5.962690e+00 -3.167468e-02 
 5.963088e+00 -3.159279e-02 
 5.963486e+00 -3.156682e-02 
 5.963883e+00 -3.158805e-02 
 5.964281e+00 -3.167227e-02 
 5.964679e+00 -3.182170e-02 
 5.965076e+00 -3.202992e-02 
 5.965474e+00 -3.229439e-02 
 5.965872e+00 -3.259934e-02 
 5.966270e+00 -3.291659e-02 
 5.966667e+00 -3.322608e-02 
 5.967065e+00 -3.351889e-02 
 5.967463e+00 -3.379468e-02 
 5.967860e+00 -3.405351e-02 
 5.968258e+00 -3.431948e-02 
 5.968656e+00 -3.460531e-02 
 5.969053e+00 -3.491514e-02 
 5.969451e+00 -3.525047e-02 
 5.969849e+00 -3.561410e-02 
 5.970247e+00 -3.600984e-02 
 5.970644e+00 -3.644219e-02 
 5.971042e+00 -3.691718e-02 
 5.971440e+00 -3.743546e-02 
 5.971837e+00 -3.801147e-02 
 5.972235e+00 -3.864748e-02 
 5.972633e+00 -3.933757e-02 
 5.973030e+00 -4.007692e-02 
 5.973428e+00 -4.085477e-02 
 5.973826e+00 -4.165008e-02 
 5.974223e+00 -4.245686e-02 
 5.974621e+00 -4.326420e-02 
 5.975019e+00 -4.404035e-02 
 5.975417e+00 -4.476987e-02 
 5.975814e+00 -4.542981e-02 
 5.976212e+00 -4.600598e-02 
 5.976610e+00 -4.648956e-02 
 5.977007e+00 -4.686912e-02 
 5.977405e+00 -4.713741e-02 
 5.977803e+00 -4.727806e-02 
 5.978200e+00 -4.728933e-02 
 5.978598e+00 -4.717480e-02 
 5.978996e+00 -4.692647e-02 
 5.979394e+00 -4.656306e-02 
 5.979791e+00 -4.609859e-02 
 5.980189e+00 -4.556554e-02 
 5.980587e+00 -4.501193e-02 
 5.980984e+00 -4.447585e-02 
 5.981382e+00 -4.397927e-02 
 5.981780e+00 -4.352524e-02 
 5.982177e+00 -4.311602e-02 
 5.982575e+00 -4.272532e-02 
 5.982973e+00 -4.234640e-02 
 5.983370e+00 -4.196589e-02 
 5.983768e+00 -4.156506e-02 
 5.984166e+00 -4.114387e-02 
 5.984564e+00 -4.070437e-02 
 5.984961e+00 -4.022305e-02 
 5.985359e+00 -3.968171e-02 
 5.985757e+00 -3.906093e-02 
 5.986154e+00 -3.834873e-02 
 5.986552e+00 -3.756951e-02 
 5.986950e+00 -3.675713e-02 
 5.987347e+00 -3.594342e-02 
 5.987745e+00 -3.514575e-02 
 5.988143e+00 -3.437921e-02 
 5.988541e+00 -3.363210e-02 
 5.988938e+00 -3.289989e-02 
 5.989336e+00 -3.219191e-02 
 5.989734e+00 -3.151518e-02 
 5.990131e+00 -3.088841e-02 
 5.990529e+00 -3.033697e-02 
 5.990927e+00 -2.986590e-02 
 5.991324e+00 -2.946429e-02 
 5.991722e+00 -2.910782e-02 
 5.992120e+00 -2.876689e-02 
 5.992517e+00 -2.841595e-02 
 5.992915e+00 -2.803919e-02 
 5.993313e+00 -2.763886e-02 
 5.993711e+00 -2.722049e-02 
 5.994108e+00 -2.678879e-02 
 5.994506e+00 -2.635379e-02 
 5.994904e+00 -2.590113e-02 
 5.995301e+00 -2.542710e-02 
 5.995699e+00 -2.493143e-02 
 5.996097e+00 -2.441097e-02 
 5.996494e+00 -2.387257e-02 
 5.996892e+00 -2.332926e-02 
 5.997290e+00 -2.278693e-02 
 5.997688e+00 -2.225000e-02 
 5.998085e+00 -2.173783e-02 
 5.998483e+00 -2.125424e-02 
 5.998881e+00 -2.081105e-02 
 5.999278e+00 -2.042802e-02 
 5.999676e+00 -2.012630e-02 
 6.000074e+00 -1.991558e-02 
 6.000471e+00 -1.980505e-02 
 6.000869e+00 -1.978865e-02 
 6.001267e+00 -1.983181e-02 
 6.001664e+00 -1.990825e-02 
 6.002062e+00 -1.999352e-02 
 6.002460e+00 -2.005278e-02 
 6.002858e+00 -2.007364e-02 
 6.003255e+00 -2.004953e-02 
 6.003653e+00 -1.996426e-02 
 6.004051e+00 -1.980925e-02 
 6.004448e+00 -1.957895e-02 
 6.004846e+00 -1.926696e-02 
 6.005244e+00 -1.887257e-02 
 6.005641e+00 -1.841811e-02 
 6.006039e+00 -1.791859e-02 
 6.006437e+00 -1.738966e-02 
 6.006835e+00 -1.684676e-02 
 6.007232e+00 -1.628944e-02 
 6.007630e+00 -1.570783e-02 
 6.008028e+00 -1.510089e-02 
 6.008425e+00 -1.446917e-02 
 6.008823e+00 -1.381661e-02 
 6.009221e+00 -1.316967e-02 
 6.009618e+00 -1.254516e-02 
 6.010016e+00 -1.193435e-02 
 6.010414e+00 -1.133309e-02 
 6.010811e+00 -1.071137e-02 
 6.011209e+00 -1.003916e-02 
 6.011607e+00 -9.286364e-03 
 6.012005e+00 -8.454963e-03 
 6.012402e+00 -7.557386e-03 
 6.012800e+00 -6.620528e-03 
 6.013198e+00 -5.668373e-03 
 6.013595e+00 -4.725749e-03 
 6.013993e+00 -3.802394e-03 
 6.014391e+00 -2.908173e-03 
 6.014788e+00 -2.041436e-03 
 6.015186e+00 -1.195461e-03 
 6.015584e+00 -3.827502e-04 
 6.015982e+00  3.769654e-04 
 6.016379e+00  1.082185e-03 
 6.016777e+00  1.716821e-03 
 6.017175e+00  2.288427e-03 
 6.017572e+00  2.809193e-03 
 6.017970e+00  3.273499e-03 
 6.018368e+00  3.678983e-03 
 6.018765e+00  4.026969e-03 
 6.019163e+00  4.311930e-03 
 6.019561e+00  4.530565e-03 
 6.019958e+00  4.690952e-03 
 6.020356e+00  4.805269e-03 
 6.020754e+00  4.884208e-03 
 6.021152e+00  4.954216e-03 
 6.021549e+00  5.031991e-03 
 6.021947e+00  5.124114e-03 
 6.022345e+00  5.227752e-03 
 6.022742e+00  5.338395e-03 
 6.023140e+00  5.455859e-03 
 6.023538e+00  5.574535e-03 
 6.023935e+00  5.691610e-03 
 6.024333e+00  5.789271e-03 
 6.024731e+00  5.855172e-03 
 6.025129e+00  5.887170e-03 
 6.025526e+00  5.881542e-03 
 6.025924e+00  5.839766e-03 
 6.026322e+00  5.782684e-03 
 6.026719e+00  5.713636e-03 
 6.027117e+00  5.646398e-03 
 6.027515e+00  5.581186e-03 
 6.027912e+00  5.508216e-03 
 6.028310e+00  5.408733e-03 
 6.028708e+00  5.272787e-03 
 6.029105e+00  5.105288e-03 
 6.029503e+00  4.917145e-03 
 6.029901e+00  4.733147e-03 
 6.030299e+00  4.562918e-03 
 6.030696e+00  4.404084e-03 
 6.031094e+00  4.261077e-03 
 6.031492e+00  4.119681e-03 
 6.031889e+00  3.945767e-03 
 6.032287e+00  3.724107e-03 
 6.032685e+00  3.434316e-03 
 6.033082e+00  3.074665e-03 
 6.033480e+00  2.646469e-03 
 6.033878e+00  2.172038e-03 
 6.034276e+00  1.677070e-03 
 6.034673e+00  1.174984e-03 
 6.035071e+00  6.797901e-04 
 6.035469e+00  2.022734e-04 
 6.035866e+00 -2.525296e-04 
 6.036264e+00 -6.771864e-04 
 6.036662e+00 -1.064084e-03 
 6.037059e+00 -1.405836e-03 
 6.037457e+00 -1.700572e-03 
 6.037855e+00 -1.952322e-03 
 6.038252e+00 -2.171815e-03 
 6.038650e+00 -2.366241e-03 
 6.039048e+00 -2.539708e-03 
 6.039446e+00 -2.691698e-03 
 6.039843e+00 -2.808914e-03 
 6.040241e+00 -2.893668e-03 
 6.040639e+00 -2.951393e-03 
 6.041036e+00 -2.986499e-03 
 6.041434e+00 -3.028071e-03 
 6.041832e+00 -3.104159e-03 
 6.042229e+00 -3.231542e-03 
 6.042627e+00 -3.415613e-03 
 6.043025e+00 -3.658754e-03 
 6.043423e+00 -3.950499e-03 
 6.043820e+00 -4.276765e-03 
 6.044218e+00 -4.622677e-03 
 6.044616e+00 -4.976534e-03 
 6.045013e+00 -5.326482e-03 
 6.045411e+00 -5.667767e-03 
 6.045809e+00 -6.005879e-03 
 6.046206e+00 -6.346081e-03 
 6.046604e+00 -6.700689e-03 
 6.047002e+00 -7.077361e-03 
 6.047399e+00 -7.485902e-03 
 6.047797e+00 -7.939148e-03 
 6.048195e+00 -8.450749e-03 
 6.048593e+00 -9.020026e-03 
 6.048990e+00 -9.647316e-03 
 6.049388e+00 -1.033531e-02 
 6.049786e+00 -1.108037e-02 
 6.050183e+00 -1.188790e-02 
 6.050581e+00 -1.275871e-02 
 6.050979e+00 -1.370013e-02 
 6.051376e+00 -1.470521e-02 
 6.051774e+00 -1.576431e-02 
 6.052172e+00 -1.686173e-02 
 6.052570e+00 -1.797585e-02 
 6.052967e+00 -1.908567e-02 
 6.053365e+00 -2.017227e-02 
 6.053763e+00 -2.121858e-02 
 6.054160e+00 -2.222790e-02 
 6.054558e+00 -2.317804e-02 
 6.054956e+00 -2.405520e-02 
 6.055353e+00 -2.485036e-02 
 6.055751e+00 -2.555939e-02 
 6.056149e+00 -2.618835e-02 
 6.056546e+00 -2.675362e-02 
 6.056944e+00 -2.728257e-02 
 6.057342e+00 -2.779957e-02 
 6.057740e+00 -2.831055e-02 
 6.058137e+00 -2.883361e-02 
 6.058535e+00 -2.936585e-02 
 6.058933e+00 -2.989481e-02 
 6.059330e+00 -3.042176e-02 
 6.059728e+00 -3.095022e-02 
 6.060126e+00 -3.149430e-02 
 6.060523e+00 -3.207731e-02 
 6.060921e+00 -3.270121e-02 
 6.061319e+00 -3.336172e-02 
 6.061717e+00 -3.405741e-02 
 6.062114e+00 -3.476811e-02 
 6.062512e+00 -3.546323e-02 
 6.062910e+00 -3.610707e-02 
 6.063307e+00 -3.667046e-02 
 6.063705e+00 -3.713551e-02 
 6.064103e+00 -3.751375e-02 
 6.064500e+00 -3.781766e-02 
 6.064898e+00 -3.805557e-02 
 6.065296e+00 -3.824227e-02 
 6.065693e+00 -3.839045e-02 
 6.066091e+00 -3.850965e-02 
 6.066489e+00 -3.860841e-02 
 6.066887e+00 -3.869304e-02 
 6.067284e+00 -3.877427e-02 
 6.067682e+00 -3.885605e-02 
 6.068080e+00 -3.895842e-02 
 6.068477e+00 -3.907529e-02 
 6.068875e+00 -3.919803e-02 
 6.069273e+00 -3.932651e-02 
 6.069670e+00 -3.945399e-02 
 6.070068e+00 -3.956620e-02 
 6.070466e+00 -3.966497e-02 
 6.070864e+00 -3.973472e-02 
 6.071261e+00 -3.975044e-02 
 6.071659e+00 -3.970522e-02 
 6.072057e+00 -3.959550e-02 
 6.072454e+00 -3.941809e-02 
 6.072852e+00 -3.918540e-02 
 6.073250e+00 -3.890987e-02 
 6.073647e+00 -3.859123e-02 
 6.074045e+00 -3.823415e-02 
 6.074443e+00 -3.784749e-02 
 6.074840e+00 -3.743476e-02 
 6.075238e+00 -3.701734e-02 
 6.075636e+00 -3.662061e-02 
 6.076034e+00 -3.628650e-02 
 6.076431e+00 -3.603937e-02 
 6.076829e+00 -3.590821e-02 
 6.077227e+00 -3.588076e-02 
 6.077624e+00 -3.593114e-02 
 6.078022e+00 -3.604913e-02 
 6.078420e+00 -3.621611e-02 
 6.078817e+00 -3.642713e-02 
 6.079215e+00 -3.668888e-02 
 6.079613e+00 -3.700174e-02 
 6.080011e+00 -3.735911e-02 
 6.080408e+00 -3.774630e-02 
 6.080806e+00 -3.814324e-02 
 6.081204e+00 -3.850041e-02 
 6.081601e+00 -3.878942e-02 
 6.081999e+00 -3.900649e-02 
 6.082397e+00 -3.914388e-02 
 6.082794e+00 -3.920679e-02 
 6.083192e+00 -3.921471e-02 
 6.083590e+00 -3.916799e-02 
 6.083987e+00 -3.908059e-02 
 6.084385e+00 -3.896159e-02 
 6.084783e+00 -3.882700e-02 
 6.085181e+00 -3.869655e-02 
 6.085578e+00 -3.857490e-02 
 6.085976e+00 -3.847002e-02 
 6.086374e+00 -3.837558e-02 
 6.086771e+00 -3.828430e-02 
 6.087169e+00 -3.819348e-02 
 6.087567e+00 -3.809338e-02 
 6.087964e+00 -3.798402e-02 
 6.088362e+00 -3.786290e-02 
 6.088760e+00 -3.770686e-02 
 6.089158e+00 -3.751521e-02 
 6.089555e+00 -3.728335e-02 
 6.089953e+00 -3.698682e-02 
 6.090351e+00 -3.661705e-02 
 6.090748e+00 -3.616868e-02 
 6.091146e+00 -3.564353e-02 
 6.091544e+00 -3.505264e-02 
 6.091941e+00 -3.441742e-02 
 6.092339e+00 -3.373886e-02 
 6.092737e+00 -3.304024e-02 
 6.093134e+00 -3.234118e-02 
 6.093532e+00 -3.167454e-02 
 6.093930e+00 -3.104988e-02 
 6.094328e+00 -3.048182e-02 
 6.094725e+00 -2.996362e-02 
 6.095123e+00 -2.949014e-02 
 6.095521e+00 -2.905475e-02 
 6.095918e+00 -2.865128e-02 
 6.096316e+00 -2.826309e-02 
 6.096714e+00 -2.787435e-02 
 6.097111e+00 -2.749025e-02 
 6.097509e+00 -2.710042e-02 
 6.097907e+00 -2.671642e-02 
 6.098305e+00 -2.633941e-02 
 6.098702e+00 -2.595645e-02 
 6.099100e+00 -2.555848e-02 
 6.099498e+00 -2.513497e-02 
 6.099895e+00 -2.466861e-02 
 6.100293e+00 -2.414435e-02 
 6.100691e+00 -2.355375e-02 
 6.101088e+00 -2.289195e-02 
 6.101486e+00 -2.217448e-02 
 6.101884e+00 -2.141132e-02 
 6.102281e+00 -2.063412e-02 
 6.102679e+00 -1.986133e-02 
 6.103077e+00 -1.911525e-02 
 6.103475e+00 -1.841416e-02 
 6.103872e+00 -1.776204e-02 
 6.104270e+00 -1.718835e-02 
 6.104668e+00 -1.668552e-02 
 6.105065e+00 -1.625653e-02 
 6.105463e+00 -1.590130e-02 
 6.105861e+00 -1.560988e-02 
 6.106258e+00 -1.537141e-02 
 6.106656e+00 -1.516544e-02 
 6.107054e+00 -1.497181e-02 
 6.107452e+00 -1.478446e-02 
 6.107849e+00 -1.459689e-02 
 6.108247e+00 -1.440613e-02 
 6.108645e+00 -1.421999e-02 
 6.109042e+00 -1.404086e-02 
 6.109440e+00 -1.387368e-02 
 6.109838e+00 -1.371424e-02 
 6.110235e+00 -1.355302e-02 
 6.110633e+00 -1.338328e-02 
 6.111031e+00 -1.319970e-02 
 6.111428e+00 -1.300521e-02 
 6.111826e+00 -1.282308e-02 
 6.112224e+00 -1.266705e-02 
 6.112622e+00 -1.254747e-02 
 6.113019e+00 -1.246665e-02 
 6.113417e+00 -1.241017e-02 
 6.113815e+00 -1.235955e-02 
 6.114212e+00 -1.227610e-02 
 6.114610e+00 -1.212322e-02 
 6.115008e+00 -1.186435e-02 
 6.115405e+00 -1.150109e-02 
 6.115803e+00 -1.103731e-02 
 6.116201e+00 -1.050356e-02 
 6.116599e+00 -9.923722e-03 
 6.116996e+00 -9.315587e-03 
 6.117394e+00 -8.687960e-03 
 6.117792e+00 -8.046306e-03 
 6.118189e+00 -7.387809e-03 
 6.118587e+00 -6.701787e-03 
 6.118985e+00 -5.971253e-03 
 6.119382e+00 -5.192790e-03 
 6.119780e+00 -4.363767e-03 
 6.120178e+00 -3.498810e-03 
 6.120575e+00 -2.610189e-03 
 6.120973e+00 -1.710853e-03 
 6.121371e+00 -8.224525e-04 
 6.121769e+00  3.225423e-05 
 6.122166e+00  8.351349e-04 
 6.122564e+00  1.576895e-03 
 6.122962e+00  2.262140e-03 
 6.123359e+00  2.897656e-03 
 6.123757e+00  3.492532e-03 
 6.124155e+00  4.044298e-03 
 6.124552e+00  4.562085e-03 
 6.124950e+00  5.049277e-03 
 6.125348e+00  5.505370e-03 
 6.125746e+00  5.914228e-03 
 6.126143e+00  6.272307e-03 
 6.126541e+00  6.570345e-03 
 6.126939e+00  6.816247e-03 
 6.127336e+00  7.020814e-03 
 6.127734e+00  7.172147e-03 
 6.128132e+00  7.254860e-03 
 6.128529e+00  7.265153e-03 
 6.128927e+00  7.212214e-03 
 6.129325e+00  7.102295e-03 
 6.129722e+00  6.940120e-03 
 6.130120e+00  6.746704e-03 
 6.130518e+00  6.517158e-03 
 6.130916e+00  6.247861e-03 
 6.131313e+00  5.933689e-03 
 6.131711e+00  5.573100e-03 
 6.132109e+00  5.166115e-03 
 6.132506e+00  4.735911e-03 
 6.132904e+00  4.312775e-03 
 6.133302e+00  3.928111e-03 
 6.133699e+00  3.610619e-03 
 6.134097e+00  3.353294e-03 
 6.134495e+00  3.150678e-03 
 6.134893e+00  2.970644e-03 
 6.135290e+00  2.772171e-03 
 6.135688e+00  2.532332e-03 
 6.136086e+00  2.223332e-03 
 6.136483e+00  1.832595e-03 
 6.136881e+00  1.354175e-03 
 6.137279e+00  7.846343e-04 
 6.137676e+00  1.264289e-04 
 6.138074e+00 -6.007484e-04 
 6.138472e+00 -1.376043e-03 
 6.138869e+00 -2.180461e-03 
 6.139267e+00 -2.993811e-03 
 6.139665e+00 -3.796187e-03 
 6.140063e+00 -4.567637e-03 
 6.140460e+00 -5.305387e-03 
 6.140858e+00 -6.016392e-03 
 6.141256e+00 -6.701287e-03 
 6.141653e+00 -7.365547e-03 
 6.142051e+00 -8.016678e-03 
 6.142449e+00 -8.634546e-03 
 6.142846e+00 -9.216766e-03 
 6.143244e+00 -9.753041e-03 
 6.143642e+00 -1.024173e-02 
 6.144040e+00 -1.068524e-02 
 6.144437e+00 -1.109949e-02 
 6.144835e+00 -1.151054e-02 
 6.145233e+00 -1.193560e-02 
 6.145630e+00 -1.237823e-02 
 6.146028e+00 -1.283937e-02 
 6.146426e+00 -1.330840e-02 
 6.146823e+00 -1.376421e-02 
 6.147221e+00 -1.419825e-02 
 6.147619e+00 -1.460198e-02 
 6.148016e+00 -1.498019e-02 
 6.148414e+00 -1.533580e-02 
 6.148812e+00 -1.566510e-02 
 6.149210e+00 -1.597472e-02 
 6.149607e+00 -1.625785e-02 
 6.150005e+00 -1.652053e-02 
 6.150403e+00 -1.677255e-02 
 6.150800e+00 -1.700733e-02 
 6.151198e+00 -1.721527e-02 
 6.151596e+00 -1.739340e-02 
 6.151993e+00 -1.752330e-02 
 6.152391e+00 -1.759751e-02 
 6.152789e+00 -1.762216e-02 
 6.153187e+00 -1.761506e-02 
 6.153584e+00 -1.762122e-02 
 6.153982e+00 -1.768240e-02 
 6.154380e+00 -1.784186e-02 
 6.154777e+00 -1.812407e-02 
 6.155175e+00 -1.853122e-02 
 6.155573e+00 -1.906579e-02 
 6.155970e+00 -1.970595e-02 
 6.156368e+00 -2.043844e-02 
 6.156766e+00 -2.125504e-02 
 6.157163e+00 -2.213727e-02 
 6.157561e+00 -2.307555e-02 
 6.157959e+00 -2.402853e-02 
 6.158357e+00 -2.496629e-02 
 6.158754e+00 -2.584193e-02 
 6.159152e+00 -2.662816e-02 
 6.159550e+00 -2.731922e-02 
 6.159947e+00 -2.792282e-02 
 6.160345e+00 -2.845741e-02 
 6.160743e+00 -2.895776e-02 
 6.161140e+00 -2.943478e-02 
 6.161538e+00 -2.989524e-02 
 6.161936e+00 -3.033318e-02 
 6.162334e+00 -3.073621e-02 
 6.162731e+00 -3.110023e-02 
 6.163129e+00 -3.143000e-02 
 6.163527e+00 -3.174329e-02 
 6.163924e+00 -3.207062e-02 
 6.164322e+00 -3.242223e-02 
 6.164720e+00 -3.278887e-02 
 6.165117e+00 -3.316231e-02 
 6.165515e+00 -3.352573e-02 
 6.165913e+00 -3.384796e-02 
 6.166310e+00 -3.411768e-02 
 6.166708e+00 -3.432878e-02 
 6.167106e+00 -3.447929e-02 
 6.167504e+00 -3.457306e-02 
 6.167901e+00 -3.462399e-02 
 6.168299e+00 -3.463895e-02 
 6.168697e+00 -3.461349e-02 
 6.169094e+00 -3.455652e-02 
 6.169492e+00 -3.446817e-02 
 6.169890e+00 -3.434758e-02 
 6.170287e+00 -3.419476e-02 
 6.170685e+00 -3.401290e-02 
 6.171083e+00 -3.378710e-02 
 6.171481e+00 -3.352342e-02 
 6.171878e+00 -3.323875e-02 
 6.172276e+00 -3.295692e-02 
 6.172674e+00 -3.270891e-02 
 6.173071e+00 -3.251636e-02 
 6.173469e+00 -3.240129e-02 
 6.173867e+00 -3.237113e-02 
 6.174264e+00 -3.240764e-02 
 6.174662e+00 -3.249576e-02 
 6.175060e+00 -3.262538e-02 
 6.175457e+00 -3.277994e-02 
 6.175855e+00 -3.292701e-02 
 6.176253e+00 -3.305759e-02 
 6.176651e+00 -3.316170e-02 
 6.177048e+00 -3.322199e-02 
 6.177446e+00 -3.322813e-02 
 6.177844e+00 -3.316047e-02 
 6.178241e+00 -3.302078e-02 
 6.178639e+00 -3.280286e-02 
 6.179037e+00 -3.252972e-02 
 6.179434e+00 -3.222677e-02 
 6.179832e+00 -3.191061e-02 
 6.180230e+00 -3.160453e-02 
 6.180628e+00 -3.132294e-02 
 6.181025e+00 -3.108987e-02 
 6.181423e+00 -3.090258e-02 
 6.181821e+00 -3.077380e-02 
 6.182218e+00 -3.070974e-02 
 6.182616e+00 -3.071903e-02 
 6.183014e+00 -3.082088e-02 
 6.183411e+00 -3.099995e-02 
 6.183809e+00 -3.123055e-02 
 6.184207e+00 -3.148195e-02 
 6.184604e+00 -3.172240e-02 
 6.185002e+00 -3.193180e-02 
 6.185400e+00 -3.210463e-02 
 6.185798e+00 -3.225140e-02 
 6.186195e+00 -3.238170e-02 
 6.186593e+00 -3.252968e-02 
 6.186991e+00 -3.270283e-02 
 6.187388e+00 -3.289769e-02 
 6.187786e+00 -3.310336e-02 
 6.188184e+00 -3.330593e-02 
 6.188581e+00 -3.349148e-02 
 6.188979e+00 -3.366503e-02 
 6.189377e+00 -3.382706e-02 
 6.189775e+00 -3.398485e-02 
 6.190172e+00 -3.413132e-02 
 6.190570e+00 -3.426679e-02 
 6.190968e+00 -3.439158e-02 
 6.191365e+00 -3.449395e-02 
 6.191763e+00 -3.457697e-02 
 6.192161e+00 -3.463495e-02 
 6.192558e+00 -3.466985e-02 
 6.192956e+00 -3.468556e-02 
 6.193354e+00 -3.467397e-02 
 6.193751e+00 -3.462574e-02 
 6.194149e+00 -3.452984e-02 
 6.194547e+00 -3.435754e-02 
 6.194945e+00 -3.408448e-02 
 6.195342e+00 -3.371137e-02 
 6.195740e+00 -3.324367e-02 
 6.196138e+00 -3.268241e-02 
 6.196535e+00 -3.203863e-02 
 6.196933e+00 -3.133277e-02 
 6.197331e+00 -3.057506e-02 
 6.197728e+00 -2.977722e-02 
 6.198126e+00 -2.895254e-02 
 6.198524e+00 -2.812352e-02 
 6.198922e+00 -2.729645e-02 
 6.199319e+00 -2.649262e-02 
 6.199717e+00 -2.571680e-02 
 6.200115e+00 -2.497179e-02 
 6.200512e+00 -2.426291e-02 
 6.200910e+00 -2.359735e-02 
 6.201308e+00 -2.298659e-02 
 6.201705e+00 -2.243596e-02 
 6.202103e+00 -2.192772e-02 
 6.202501e+00 -2.142546e-02 
 6.202898e+00 -2.090916e-02 
 6.203296e+00 -2.033924e-02 
 6.203694e+00 -1.969290e-02 
 6.204092e+00 -1.896896e-02 
 6.204489e+00 -1.817440e-02 
 6.204887e+00 -1.734645e-02 
 6.205285e+00 -1.653343e-02 
 6.205682e+00 -1.577356e-02 
 6.206080e+00 -1.506949e-02 
 6.206478e+00 -1.442074e-02 
 6.206875e+00 -1.381390e-02 
 6.207273e+00 -1.322270e-02 
 6.207671e+00 -1.263859e-02 
 6.208069e+00 -1.205465e-02 
 6.208466e+00 -1.146155e-02 
 6.208864e+00 -1.086713e-02 
 6.209262e+00 -1.026141e-02 
 6.209659e+00 -9.651635e-03 
 6.210057e+00 -9.031153e-03 
 6.210455e+00 -8.386996e-03 
 6.210852e+00 -7.728611e-03 
 6.211250e+00 -7.064426e-03 
 6.211648e+00 -6.404579e-03 
 6.212045e+00 -5.760118e-03 
 6.212443e+00 -5.125961e-03 
 6.212841e+00 -4.503334e-03 
 6.213239e+00 -3.884488e-03 
 6.213636e+00 -3.268352e-03 
 6.214034e+00 -2.661642e-03 
 6.214432e+00 -2.068990e-03 
 6.214829e+00 -1.499455e-03 
 6.215227e+00 -9.630210e-04 
 6.215625e+00 -4.748223e-04 
 6.216022e+00 -4.092758e-05 
 6.216420e+00  3.277888e-04 
 6.216818e+00  6.348084e-04 
 6.217216e+00  8.852756e-04 
 6.217613e+00  1.076307e-03 
 6.218011e+00  1.215438e-03 
 6.218409e+00  1.316536e-03 
 6.218806e+00  1.393461e-03 
 6.219204e+00  1.440080e-03 
 6.219602e+00  1.463337e-03 
 6.219999e+00  1.457159e-03 
 6.220397e+00  1.430264e-03 
 6.220795e+00  1.390812e-03 
 6.221192e+00  1.367293e-03 
 6.221590e+00  1.371657e-03 
 6.221988e+00  1.432789e-03 
 6.222386e+00  1.549586e-03 
 6.222783e+00  1.718099e-03 
 6.223181e+00  1.923265e-03 
 6.223579e+00  2.145526e-03 
 6.223976e+00  2.350943e-03 
 6.224374e+00  2.523901e-03 
 6.224772e+00  2.658753e-03 
 6.225169e+00  2.737760e-03 
 6.225567e+00  2.772875e-03 
 6.225965e+00  2.773595e-03 
 6.226363e+00  2.757561e-03 
 6.226760e+00  2.738974e-03 
 6.227158e+00  2.749534e-03 
 6.227556e+00  2.794456e-03 
 6.227953e+00  2.885766e-03 
 6.228351e+00  3.024810e-03 
 6.228749e+00  3.203126e-03 
 6.229146e+00  3.413647e-03 
 6.229544e+00  3.636586e-03 
 6.229942e+00  3.853313e-03 
 6.230339e+00  4.034844e-03 
 6.230737e+00  4.171738e-03 
 6.231135e+00  4.247838e-03 
 6.231533e+00  4.252896e-03 
 6.231930e+00  4.191857e-03 
 6.232328e+00  4.058515e-03 
 6.232726e+00  3.855671e-03 
 6.233123e+00  3.577953e-03 
 6.233521e+00  3.223170e-03 
 6.233919e+00  2.788375e-03 
 6.234316e+00  2.271036e-03 
 6.234714e+00  1.685418e-03 
 6.235112e+00  1.046381e-03 
 6.235510e+00  3.735333e-04 
 6.235907e+00 -2.949565e-04 
 6.236305e+00 -9.452602e-04 
 6.236703e+00 -1.565109e-03 
 6.237100e+00 -2.142861e-03 
 6.237498e+00 -2.694005e-03 
 6.237896e+00 -3.230863e-03 
 6.238293e+00 -3.756709e-03 
 6.238691e+00 -4.279746e-03 
 6.239089e+00 -4.809013e-03 
 6.239486e+00 -5.332815e-03 
 6.239884e+00 -5.841115e-03 
 6.240282e+00 -6.320424e-03 
 6.240680e+00 -6.758898e-03 
 6.241077e+00 -7.160325e-03 
 6.241475e+00 -7.551272e-03 
 6.241873e+00 -7.936550e-03 
 6.242270e+00 -8.330364e-03 
 6.242668e+00 -8.743504e-03 
 6.243066e+00 -9.183139e-03 
 6.243463e+00 -9.649867e-03 
 6.243861e+00 -1.014548e-02 
 6.244259e+00 -1.066896e-02 
 6.244657e+00 -1.120308e-02 
 6.245054e+00 -1.174821e-02 
 6.245452e+00 -1.229188e-02 
 6.245850e+00 -1.281572e-02 
 6.246247e+00 -1.330987e-02 
 6.246645e+00 -1.375571e-02 
 6.247043e+00 -1.413297e-02 
 6.247440e+00 -1.444212e-02 
 6.247838e+00 -1.469794e-02 
 6.248236e+00 -1.491761e-02 
 6.248633e+00 -1.512608e-02 
 6.249031e+00 -1.536923e-02 
 6.249429e+00 -1.566087e-02 
 6.249827e+00 -1.600801e-02 
 6.250224e+00 -1.642269e-02 
 6.250622e+00 -1.690204e-02 
 6.251020e+00 -1.742962e-02 
 6.251417e+00 -1.800110e-02 
 6.251815e+00 -1.860900e-02 
 6.252213e+00 -1.924090e-02 
 6.252610e+00 -1.989718e-02 
 6.253008e+00 -2.056741e-02 
 6.253406e+00 -2.123482e-02 
 6.253804e+00 -2.187546e-02 
 6.254201e+00 -2.245890e-02 
 6.254599e+00 -2.294358e-02 
 6.254997e+00 -2.330865e-02 
 6.255394e+00 -2.354495e-02 
 6.255792e+00 -2.365579e-02 
 6.256190e+00 -2.366063e-02 
 6.256587e+00 -2.359746e-02 
 6.256985e+00 -2.349750e-02 
 6.257383e+00 -2.338926e-02 
 6.257780e+00 -2.329953e-02 
 6.258178e+00 -2.322800e-02 
 6.258576e+00 -2.316887e-02 
 6.258974e+00 -2.313211e-02 
 6.259371e+00 -2.311026e-02 
 6.259769e+00 -2.310160e-02 
 6.260167e+00 -2.313202e-02 
 6.260564e+00 -2.320385e-02 
 6.260962e+00 -2.330811e-02 
 6.261360e+00 -2.347327e-02 
 6.261757e+00 -2.369974e-02 
 6.262155e+00 -2.398571e-02 
 6.262553e+00 -2.431105e-02 
 6.262951e+00 -2.466195e-02 
 6.263348e+00 -2.503526e-02 
 6.263746e+00 -2.541054e-02 
 6.264144e+00 -2.578100e-02 
 6.264541e+00 -2.612648e-02 
 6.264939e+00 -2.644276e-02 
 6.265337e+00 -2.672475e-02 
 6.265734e+00 -2.697191e-02 
 6.266132e+00 -2.719666e-02 
 6.266530e+00 -2.741978e-02 
 6.266927e+00 -2.764856e-02 
 6.267325e+00 -2.790038e-02 
 6.267723e+00 -2.819558e-02 
 6.268121e+00 -2.853585e-02 
 6.268518e+00 -2.892644e-02 
 6.268916e+00 -2.937762e-02 
 6.269314e+00 -2.987988e-02 
 6.269711e+00 -3.041741e-02 
 6.270109e+00 -3.098705e-02 
 6.270507e+00 -3.158075e-02 
 6.270904e+00 -3.217778e-02 
 6.271302e+00 -3.278023e-02 
 6.271700e+00 -3.337459e-02 
 6.272098e+00 -3.393730e-02 
 6.272495e+00 -3.446128e-02 
 6.272893e+00 -3.493265e-02 
 6.273291e+00 -3.532472e-02 
 6.273688e+00 -3.562041e-02 
 6.274086e+00 -3.580733e-02 
 6.274484e+00 -3.590446e-02 
 6.274881e+00 -3.593253e-02 
 6.275279e+00 -3.592868e-02 
 6.275677e+00 -3.592097e-02 
 6.276074e+00 -3.592593e-02 
 6.276472e+00 -3.596896e-02 
 6.276870e+00 -3.605794e-02 
 6.277268e+00 -3.619529e-02 
 6.277665e+00 -3.639455e-02 
 6.278063e+00 -3.664228e-02 
 6.278461e+00 -3.694627e-02 
 6.278858e+00 -3.730692e-02 
 6.279256e+00 -3.771689e-02 
 6.279654e+00 -3.814880e-02 
 6.280051e+00 -3.858845e-02 
 6.280449e+00 -3.902129e-02 
 6.280847e+00 -3.943035e-02 
 6.281245e+00 -3.981288e-02 
 6.281642e+00 -4.016478e-02 
 6.282040e+00 -4.047214e-02 
 6.282438e+00 -4.074181e-02 
 6.282835e+00 -4.096629e-02 
 6.283233e+00 -4.111715e-02 
 6.283631e+00 -4.120064e-02 
 6.284028e+00 -4.120801e-02 
 6.284426e+00 -4.114341e-02 
 6.284824e+00 -4.102194e-02 
 6.285221e+00 -4.085945e-02 
 6.285619e+00 -4.068237e-02 
 6.286017e+00 -4.049396e-02 
 6.286415e+00 -4.028901e-02 
 6.286812e+00 -4.007718e-02 
 6.287210e+00 -3.984257e-02 
 6.287608e+00 -3.957285e-02 
 6.288005e+00 -3.926439e-02 
 6.288403e+00 -3.892060e-02 
 6.288801e+00 -3.854878e-02 
 6.289198e+00 -3.815638e-02 
 6.289596e+00 -3.774644e-02 
 6.289994e+00 -3.731783e-02 
 6.290392e+00 -3.686916e-02 
 6.290789e+00 -3.638711e-02 
 6.291187e+00 -3.587557e-02 
 6.291585e+00 -3.532562e-02 
 6.291982e+00 -3.472698e-02 
 6.292380e+00 -3.407957e-02 
 6.292778e+00 -3.340721e-02 
 6.293175e+00 -3.273609e-02 
 6.293573e+00 -3.209122e-02 
 6.293971e+00 -3.148934e-02 
 6.294368e+00 -3.094077e-02 
 6.294766e+00 -3.044695e-02 
 6.295164e+00 -3.000630e-02 
 6.295562e+00 -2.960694e-02 
 6.295959e+00 -2.922829e-02 
 6.296357e+00 -2.887180e-02 
 6.296755e+00 -2.854082e-02 
 6.297152e+00 -2.823930e-02 
 6.297550e+00 -2.796630e-02 
 6.297948e+00 -2.770266e-02 
 6.298345e+00 -2.742321e-02 
 6.298743e+00 -2.711258e-02 
 6.299141e+00 -2.675957e-02 
 6.299539e+00 -2.636176e-02 
 6.299936e+00 -2.591933e-02 
 6.300334e+00 -2.542901e-02 
 6.300732e+00 -2.489280e-02 
 6.301129e+00 -2.431925e-02 
 6.301527e+00 -2.371128e-02 
 6.301925e+00 -2.306046e-02 
 6.302322e+00 -2.236409e-02 
 6.302720e+00 -2.162668e-02 
 6.303118e+00 -2.086262e-02 
 6.303515e+00 -2.008972e-02 
 6.303913e+00 -1.930668e-02 
 6.304311e+00 -1.851567e-02 
 6.304709e+00 -1.772222e-02 
 6.305106e+00 -1.692940e-02 
 6.305504e+00 -1.613089e-02 
 6.305902e+00 -1.532244e-02 
 6.306299e+00 -1.447975e-02 
 6.306697e+00 -1.357383e-02 
 6.307095e+00 -1.260871e-02 
 6.307492e+00 -1.159998e-02 
 6.307890e+00 -1.056792e-02 
 6.308288e+00 -9.539244e-03 
 6.308686e+00 -8.530836e-03 
 6.309083e+00 -7.569142e-03 
 6.309481e+00 -6.660676e-03 
 6.309879e+00 -5.786435e-03 
 6.310276e+00 -4.940447e-03 
 6.310674e+00 -4.101559e-03 
 6.311072e+00 -3.278389e-03 
 6.311469e+00 -2.481804e-03 
 6.311867e+00 -1.733639e-03 
 6.312265e+00 -1.053430e-03 
 6.312662e+00 -4.503852e-04 
 6.313060e+00  7.121254e-05 
 6.313458e+00  5.228738e-04 
 6.313856e+00  9.182954e-04 
 6.314253e+00  1.280200e-03 
 6.314651e+00  1.637425e-03 
 6.315049e+00  2.009870e-03 
 6.315446e+00  2.402411e-03 
 6.315844e+00  2.820043e-03 
 6.316242e+00  3.255745e-03 
 6.316639e+00  3.711037e-03 
 6.317037e+00  4.183880e-03 
 6.317435e+00  4.660097e-03 
 6.317833e+00  5.126116e-03 
 6.318230e+00  5.564263e-03 
 6.318628e+00  5.959776e-03 
 6.319026e+00  6.299571e-03 
 6.319423e+00  6.578638e-03 
 6.319821e+00  6.800759e-03 
 6.320219e+00  6.966854e-03 
 6.320616e+00  7.091238e-03 
 6.321014e+00  7.173634e-03 
 6.321412e+00  7.201325e-03 
 6.321809e+00  7.172127e-03 
 6.322207e+00  7.073519e-03 
 6.322605e+00  6.901242e-03 
 6.323003e+00  6.662093e-03 
 6.323400e+00  6.371667e-03 
 6.323798e+00  6.045331e-03 
 6.324196e+00  5.707940e-03 
 6.324593e+00  5.382550e-03 
 6.324991e+00  5.066148e-03 
 6.325389e+00  4.756397e-03 
 6.325786e+00  4.444607e-03 
 6.326184e+00  4.117361e-03 
 6.326582e+00  3.763607e-03 
 6.326980e+00  3.373255e-03 
 6.327377e+00  2.939671e-03 
 6.327775e+00  2.453007e-03 
 6.328173e+00  1.912106e-03 
 6.328570e+00  1.329641e-03 
 6.328968e+00  7.140085e-04 
 6.329366e+00  7.658946e-05 
 6.329763e+00 -5.773238e-04 
 6.330161e+00 -1.225001e-03 
 6.330559e+00 -1.860648e-03 
 6.330956e+00 -2.470477e-03 
 6.331354e+00 -3.048818e-03 
 6.331752e+00 -3.586769e-03 
 6.332150e+00 -4.062453e-03 
 6.332547e+00 -4.470102e-03 
 6.332945e+00 -4.801423e-03 
 6.333343e+00 -5.044440e-03 
 6.333740e+00 -5.209327e-03 
 6.334138e+00 -5.294804e-03 
 6.334536e+00 -5.302483e-03 
 6.334933e+00 -5.245136e-03 
 6.335331e+00 -5.127043e-03 
 6.335729e+00 -4.957553e-03 
 6.336127e+00 -4.746591e-03 
 6.336524e+00 -4.524592e-03 
 6.336922e+00 -4.319498e-03 
 6.337320e+00 -4.153237e-03 
 6.337717e+00 -4.051045e-03 
 6.338115e+00 -4.018606e-03 
 6.338513e+00 -4.036256e-03 
 6.338910e+00 -4.105811e-03 
 6.339308e+00 -4.208493e-03 
 6.339706e+00 -4.327858e-03 
 6.340103e+00 -4.458348e-03 
 6.340501e+00 -4.596195e-03 
 6.340899e+00 -4.762280e-03 
 6.341297e+00 -4.960029e-03 
 6.341694e+00 -5.193746e-03 
 6.342092e+00 -5.454310e-03 
 6.342490e+00 -5.732137e-03 
 6.342887e+00 -6.010042e-03 
 6.343285e+00 -6.274552e-03 
 6.343683e+00 -6.518224e-03 
 6.344080e+00 -6.732718e-03 
 6.344478e+00 -6.929928e-03 
 6.344876e+00 -7.140757e-03 
 6.345274e+00 -7.398955e-03 
 6.345671e+00 -7.717508e-03 
 6.346069e+00 -8.103386e-03 
 6.346467e+00 -8.548592e-03 
 6.346864e+00 -9.046970e-03 
 6.347262e+00 -9.586863e-03 
 6.347660e+00 -1.016119e-02 
 6.348057e+00 -1.075293e-02 
 6.348455e+00 -1.134879e-02 
 6.348853e+00 -1.193665e-02 
 6.349250e+00 -1.251159e-02 
 6.349648e+00 -1.304894e-02 
 6.350046e+00 -1.352417e-02 
 6.350444e+00 -1.392018e-02 
 6.350841e+00 -1.422005e-02 
 6.351239e+00 -1.442854e-02 
 6.351637e+00 -1.457011e-02 
 6.352034e+00 -1.464925e-02 
 6.352432e+00 -1.467909e-02 
 6.352830e+00 -1.467637e-02 
 6.353227e+00 -1.466074e-02 
 6.353625e+00 -1.464930e-02 
 6.354023e+00 -1.464817e-02 
 6.354421e+00 -1.466347e-02 
 6.354818e+00 -1.471928e-02 
 6.355216e+00 -1.483534e-02 
 6.355614e+00 -1.502895e-02 
 6.356011e+00 -1.531237e-02 
 6.356409e+00 -1.567851e-02 
 6.356807e+00 -1.610788e-02 
 6.357204e+00 -1.658662e-02 
 6.357602e+00 -1.710209e-02 
 6.358000e+00 -1.762603e-02 
 6.358397e+00 -1.813748e-02 
 6.358795e+00 -1.862034e-02 
 6.359193e+00 -1.906629e-02 
 6.359591e+00 -1.947588e-02 
 6.359988e+00 -1.985909e-02 
 6.360386e+00 -2.021844e-02 
 6.360784e+00 -2.055112e-02 
 6.361181e+00 -2.086523e-02 
 6.361579e+00 -2.115815e-02 
 6.361977e+00 -2.142589e-02 
 6.362374e+00 -2.165437e-02 
 6.362772e+00 -2.184517e-02 
 6.363170e+00 -2.201038e-02 
 6.363568e+00 -2.217649e-02 
 6.363965e+00 -2.237189e-02 
 6.364363e+00 -2.262134e-02 
 6.364761e+00 -2.293361e-02 
 6.365158e+00 -2.330969e-02 
 6.365556e+00 -2.374772e-02 
 6.365954e+00 -2.423535e-02 
 6.366351e+00 -2.476921e-02 
 6.366749e+00 -2.533964e-02 
 6.367147e+00 -2.593924e-02 
 6.367544e+00 -2.655933e-02 
 6.367942e+00 -2.717928e-02 
 6.368340e+00 -2.777254e-02 
 6.368738e+00 -2.832284e-02 
 6.369135e+00 -2.882342e-02 
 6.369533e+00 -2.927250e-02 
 6.369931e+00 -2.968145e-02 
 6.370328e+00 -3.007871e-02 
 6.370726e+00 -3.048217e-02 
 6.371124e+00 -3.091010e-02 
 6.371521e+00 -3.138029e-02 
 6.371919e+00 -3.189304e-02 
 6.372317e+00 -3.245677e-02 
 6.372715e+00 -3.308085e-02 
 6.373112e+00 -3.376492e-02 
 6.373510e+00 -3.451811e-02 
 6.373908e+00 -3.535394e-02 
 6.374305e+00 -3.626414e-02 
 6.374703e+00 -3.724303e-02 
 6.375101e+00 -3.827478e-02 
 6.375498e+00 -3.933121e-02 
 6.375896e+00 -4.037688e-02 
 6.376294e+00 -4.137514e-02 
 6.376691e+00 -4.229241e-02 
 6.377089e+00 -4.311037e-02 
 6.377487e+00 -4.381595e-02 
 6.377885e+00 -4.441241e-02 
 6.378282e+00 -4.490665e-02 
 6.378680e+00 -4.530861e-02 
 6.379078e+00 -4.562837e-02 
 6.379475e+00 -4.587423e-02 
 6.379873e+00 -4.604801e-02 
 6.380271e+00 -4.616322e-02 
 6.380668e+00 -4.622409e-02 
 6.381066e+00 -4.624635e-02 
 6.381464e+00 -4.623255e-02 
 6.381862e+00 -4.618400e-02 
 6.382259e+00 -4.610167e-02 
 6.382657e+00 -4.599089e-02 
 6.383055e+00 -4.585331e-02 
 6.383452e+00 -4.567728e-02 
 6.383850e+00 -4.546741e-02 
 6.384248e+00 -4.522255e-02 
 6.384645e+00 -4.494455e-02 
 6.385043e+00 -4.463815e-02 
 6.385441e+00 -4.430650e-02 
 6.385838e+00 -4.394401e-02 
 6.386236e+00 -4.354698e-02 
 6.386634e+00 -4.311504e-02 
 6.387032e+00 -4.264266e-02 
 6.387429e+00 -4.212641e-02 
 6.387827e+00 -4.156647e-02 
 6.388225e+00 -4.096411e-02 
 6.388622e+00 -4.033301e-02 
 6.389020e+00 -3.970137e-02 
 6.389418e+00 -3.907554e-02 
 6.389815e+00 -3.846785e-02 
 6.390213e+00 -3.787891e-02 
 6.390611e+00 -3.730756e-02 
 6.391009e+00 -3.675018e-02 
 6.391406e+00 -3.620763e-02 
 6.391804e+00 -3.567762e-02 
 6.392202e+00 -3.516169e-02 
 6.392599e+00 -3.466823e-02 
 6.392997e+00 -3.420774e-02 
 6.393395e+00 -3.376697e-02 
 6.393792e+00 -3.331954e-02 
 6.394190e+00 -3.283641e-02 
 6.394588e+00 -3.228565e-02 
 6.394985e+00 -3.165587e-02 
 6.395383e+00 -3.094254e-02 
 6.395781e+00 -3.016032e-02 
 6.396179e+00 -2.932880e-02 
 6.396576e+00 -2.845948e-02 
 6.396974e+00 -2.758054e-02 
 6.397372e+00 -2.670697e-02 
 6.397769e+00 -2.584404e-02 
 6.398167e+00 -2.498820e-02 
 6.398565e+00 -2.414413e-02 
 6.398962e+00 -2.332601e-02 
 6.399360e+00 -2.254288e-02 
 6.399758e+00 -2.180871e-02 
 6.400156e+00 -2.112839e-02 
 6.400553e+00 -2.050473e-02 
 6.400951e+00 -1.992380e-02 
 6.401349e+00 -1.938013e-02 
 6.401746e+00 -1.885862e-02 
 6.402144e+00 -1.833954e-02 
 6.402542e+00 -1.781388e-02 
 6.402939e+00 -1.727512e-02 
 6.403337e+00 -1.672604e-02 
 6.403735e+00 -1.618619e-02 
 6.404132e+00 -1.566786e-02 
 6.404530e+00 -1.517534e-02 
 6.404928e+00 -1.471670e-02 
 6.405326e+00 -1.429429e-02 
 6.405723e+00 -1.389536e-02 
 6.406121e+00 -1.351590e-02 
 6.406519e+00 -1.315175e-02 
 6.406916e+00 -1.279759e-02 
 6.407314e+00 -1.245907e-02 
 6.407712e+00 -1.214075e-02 
 6.408109e+00 -1.183623e-02 
 6.408507e+00 -1.153816e-02 
 6.408905e+00 -1.123635e-02 
 6.409303e+00 -1.091645e-02 
 6.409700e+00 -1.056614e-02 
 6.410098e+00 -1.017913e-02 
 6.410496e+00 -9.752493e-03 
 6.410893e+00 -9.286234e-03 
 6.411291e+00 -8.793299e-03 
 6.411689e+00 -8.280912e-03 
 6.412086e+00 -7.746623e-03 
 6.412484e+00 -7.201279e-03 
 6.412882e+00 -6.639418e-03 
 6.413279e+00 -6.054396e-03 
 6.413677e+00 -5.448569e-03 
 6.414075e+00 -4.815107e-03 
 6.414473e+00 -4.166065e-03 
 6.414870e+00 -3.512859e-03 
 6.415268e+00 -2.881150e-03 
 6.415666e+00 -2.295774e-03 
 6.416063e+00 -1.771369e-03 
 6.416461e+00 -1.328046e-03 
 6.416859e+00 -9.615268e-04 
 6.417256e+00 -6.706173e-04 
 6.417654e+00 -4.466638e-04 
 6.418052e+00 -2.720063e-04 
 6.418450e+00 -1.422535e-04 
 6.418847e+00 -4.424142e-05 
 6.419245e+00  1.896886e-05 
 6.419643e+00  5.773468e-05 
 6.420040e+00  8.242060e-05 
 6.420438e+00  1.029664e-04 
 6.420836e+00  1.394283e-04 
 6.421233e+00  1.740119e-04 
 6.421631e+00  2.145252e-04 
 6.422029e+00  2.565776e-04 
 6.422426e+00  2.742817e-04 
 6.422824e+00  2.654956e-04 
 6.423222e+00  2.373055e-04 
 6.423620e+00  1.899525e-04 
 6.424017e+00  1.269899e-04 
 6.424415e+00  5.110358e-05 
 6.424813e+00 -4.203882e-05 
 6.425210e+00 -1.666180e-04 
 6.425608e+00 -3.260438e-04 
 6.426006e+00 -5.248079e-04 
 6.426403e+00 -7.458637e-04 
 6.426801e+00 -9.762596e-04 
 6.427199e+00 -1.177235e-03 
 6.427597e+00 -1.332914e-03 
 6.427994e+00 -1.424611e-03 
 6.428392e+00 -1.445665e-03 
 6.428790e+00 -1.410618e-03 
 6.429187e+00 -1.329644e-03 
 6.429585e+00 -1.209683e-03 
 6.429983e+00 -1.067527e-03 
 6.430380e+00 -9.136513e-04 
 6.430778e+00 -7.633468e-04 
 6.431176e+00 -6.233848e-04 
 6.431573e+00 -4.993210e-04 
 6.431971e+00 -3.993440e-04 
 6.432369e+00 -3.375586e-04 
 6.432767e+00 -3.305931e-04 
 6.433164e+00 -3.848491e-04 
 6.433562e+00 -5.118196e-04 
 6.433960e+00 -7.013502e-04 
 6.434357e+00 -9.448943e-04 
 6.434755e+00 -1.248202e-03 
 6.435153e+00 -1.605774e-03 
 6.435550e+00 -1.996952e-03 
 6.435948e+00 -2.404515e-03 
 6.436346e+00 -2.819967e-03 
 6.436744e+00 -3.226838e-03 
 6.437141e+00 -3.613550e-03 
 6.437539e+00 -3.966155e-03 
 6.437937e+00 -4.260596e-03 
 6.438334e+00 -4.477543e-03 
 6.438732e+00 -4.620243e-03 
 6.439130e+00 -4.700130e-03 
 6.439527e+00 -4.722952e-03 
 6.439925e+00 -4.704100e-03 
 6.440323e+00 -4.652645e-03 
 6.440720e+00 -4.583290e-03 
 6.441118e+00 -4.515402e-03 
 6.441516e+00 -4.468171e-03 
 6.441914e+00 -4.441931e-03 
 6.442311e+00 -4.435278e-03 
 6.442709e+00 -4.452467e-03 
 6.443107e+00 -4.491638e-03 
 6.443504e+00 -4.555637e-03 
 6.443902e+00 -4.634791e-03 
 6.444300e+00 -4.728817e-03 
 6.444697e+00 -4.839973e-03 
 6.445095e+00 -4.964183e-03 
 6.445493e+00 -5.080977e-03 
 6.445891e+00 -5.174158e-03 
 6.446288e+00 -5.221280e-03 
 6.446686e+00 -5.197728e-03 
 6.447084e+00 -5.097276e-03 
 6.447481e+00 -4.938186e-03 
 6.447879e+00 -4.743225e-03 
 6.448277e+00 -4.549412e-03 
 6.448674e+00 -4.392259e-03 
 6.449072e+00 -4.307901e-03 
 6.449470e+00 -4.310620e-03 
 6.449867e+00 -4.406107e-03 
 6.450265e+00 -4.585365e-03 
 6.450663e+00 -4.850798e-03 
 6.451061e+00 -5.205288e-03 
 6.451458e+00 -5.654001e-03 
 6.451856e+00 -6.200480e-03 
 6.452254e+00 -6.845208e-03 
 6.452651e+00 -7.568090e-03 
 6.453049e+00 -8.345412e-03 
 6.453447e+00 -9.154117e-03 
 6.453844e+00 -9.966818e-03 
 6.454242e+00 -1.076447e-02 
 6.454640e+00 -1.153339e-02 
 6.455038e+00 -1.227685e-02 
 6.455435e+00 -1.298892e-02 
 6.455833e+00 -1.365804e-02 
 6.456231e+00 -1.426787e-02 
 6.456628e+00 -1.480343e-02 
 6.457026e+00 -1.525212e-02 
 6.457424e+00 -1.562633e-02 
 6.457821e+00 -1.594235e-02 
 6.458219e+00 -1.622582e-02 
 6.458617e+00 -1.651253e-02 
 6.459014e+00 -1.682411e-02 
 6.459412e+00 -1.718049e-02 
 6.459810e+00 -1.759991e-02 
 6.460208e+00 -1.808417e-02 
 6.460605e+00 -1.863300e-02 
 6.461003e+00 -1.925036e-02 
 6.461401e+00 -1.992876e-02 
 6.461798e+00 -2.065238e-02 
 6.462196e+00 -2.141457e-02 
 6.462594e+00 -2.221024e-02 
 6.462991e+00 -2.301237e-02 
 6.463389e+00 -2.381590e-02 
 6.463787e+00 -2.462599e-02 
 6.464185e+00 -2.542219e-02 
 6.464582e+00 -2.621237e-02 
 6.464980e+00 -2.697793e-02 
 6.465378e+00 -2.769621e-02 
 6.465775e+00 -2.836184e-02 
 6.466173e+00 -2.897771e-02 
 6.466571e+00 -2.956692e-02 
 6.466968e+00 -3.014344e-02 
 6.467366e+00 -3.073539e-02 
 6.467764e+00 -3.135547e-02 
 6.468161e+00 -3.200958e-02 
 6.468559e+00 -3.271083e-02 
 6.468957e+00 -3.345948e-02 
 6.469355e+00 -3.423413e-02 
 6.469752e+00 -3.503148e-02 
 6.470150e+00 -3.584404e-02 
 6.470548e+00 -3.666027e-02 
 6.470945e+00 -3.746751e-02 
 6.471343e+00 -3.823882e-02 
 6.471741e+00 -3.894473e-02 
 6.472138e+00 -3.956599e-02 
 6.472536e+00 -4.009132e-02 
 6.472934e+00 -4.051338e-02 
 6.473332e+00 -4.083774e-02 
 6.473729e+00 -4.107463e-02 
 6.474127e+00 -4.123798e-02 
 6.474525e+00 -4.134031e-02 
 6.474922e+00 -4.137993e-02 
 6.475320e+00 -4.135657e-02 
 6.475718e+00 -4.127021e-02 
 6.476115e+00 -4.113829e-02 
 6.476513e+00 -4.097761e-02 
 6.476911e+00 -4.081465e-02 
 6.477308e+00 -4.067772e-02 
 6.477706e+00 -4.058463e-02 
 6.478104e+00 -4.053043e-02 
 6.478502e+00 -4.052654e-02 
 6.478899e+00 -4.056509e-02 
 6.479297e+00 -4.062544e-02 
 6.479695e+00 -4.069499e-02 
 6.480092e+00 -4.077827e-02 
 6.480490e+00 -4.087196e-02 
 6.480888e+00 -4.097736e-02 
 6.481285e+00 -4.109529e-02 
 6.481683e+00 -4.120259e-02 
 6.482081e+00 -4.129199e-02 
 6.482479e+00 -4.136879e-02 
 6.482876e+00 -4.143421e-02 
 6.483274e+00 -4.149124e-02 
 6.483672e+00 -4.153590e-02 
 6.484069e+00 -4.156014e-02 
 6.484467e+00 -4.156242e-02 
 6.484865e+00 -4.154314e-02 
 6.485262e+00 -4.149625e-02 
 6.485660e+00 -4.141853e-02 
 6.486058e+00 -4.131712e-02 
 6.486455e+00 -4.120433e-02 
 6.486853e+00 -4.108554e-02 
 6.487251e+00 -4.097101e-02 
 6.487649e+00 -4.085057e-02 
 6.488046e+00 -4.070016e-02 
 6.488444e+00 -4.051886e-02 
 6.488842e+00 -4.031024e-02 
 6.489239e+00 -4.006554e-02 
 6.489637e+00 -3.978709e-02 
 6.490035e+00 -3.944886e-02 
 6.490432e+00 -3.903802e-02 
 6.490830e+00 -3.853038e-02 
 6.491228e+00 -3.792534e-02 
 6.491626e+00 -3.722260e-02 
 6.492023e+00 -3.644539e-02 
 6.492421e+00 -3.563702e-02 
 6.492819e+00 -3.483204e-02 
 6.493216e+00 -3.405423e-02 
 6.493614e+00 -3.330750e-02 
 6.494012e+00 -3.257719e-02 
 6.494409e+00 -3.185287e-02 
 6.494807e+00 -3.113949e-02 
 6.495205e+00 -3.045592e-02 
 6.495602e+00 -2.981841e-02 
 6.496000e+00 -2.922793e-02 
 6.496398e+00 -2.868075e-02 
 6.496796e+00 -2.815832e-02 
 6.497193e+00 -2.763315e-02 
 6.497591e+00 -2.708029e-02 
 6.497989e+00 -2.647511e-02 
 6.498386e+00 -2.581595e-02 
 6.498784e+00 -2.511528e-02 
 6.499182e+00 -2.437863e-02 
 6.499579e+00 -2.362000e-02 
 6.499977e+00 -2.284718e-02 
 6.500375e+00 -2.205165e-02 
 6.500773e+00 -2.123836e-02 
 6.501170e+00 -2.042533e-02 
 6.501568e+00 -1.961994e-02 
 6.501966e+00 -1.883339e-02 
 6.502363e+00 -1.808074e-02 
 6.502761e+00 -1.737329e-02 
 6.503159e+00 -1.669660e-02 
 6.503556e+00 -1.604620e-02 
 6.503954e+00 -1.541715e-02 
 6.504352e+00 -1.478771e-02 
 6.504749e+00 -1.415744e-02 
 6.505147e+00 -1.352580e-02 
 6.505545e+00 -1.289615e-02 
 6.505943e+00 -1.227146e-02 
 6.506340e+00 -1.164503e-02 
 6.506738e+00 -1.102010e-02 
 6.507136e+00 -1.039449e-02 
 6.507533e+00 -9.773427e-03 
 6.507931e+00 -9.164405e-03 
 6.508329e+00 -8.570161e-03 
 6.508726e+00 -8.006028e-03 
 6.509124e+00 -7.478717e-03 
 6.509522e+00 -6.998749e-03 
 6.509920e+00 -6.566552e-03 
 6.510317e+00 -6.187144e-03 
 6.510715e+00 -5.871539e-03 
 6.511113e+00 -5.630018e-03 
 6.511510e+00 -5.475413e-03 
 6.511908e+00 -5.414391e-03 
 6.512306e+00 -5.444441e-03 
 6.512703e+00 -5.547179e-03 
 6.513101e+00 -5.700462e-03 
 6.513499e+00 -5.879363e-03 
 6.513896e+00 -6.088612e-03 
 6.514294e+00 -6.320123e-03 
 6.514692e+00 -6.582117e-03 
 6.515090e+00 -6.870724e-03 
 6.515487e+00 -7.170620e-03 
 6.515885e+00 -7.463722e-03 
 6.516283e+00 -7.709016e-03 
 6.516680e+00 -7.870022e-03 
 6.517078e+00 -7.928800e-03 
 6.517476e+00 -7.880852e-03 
 6.517873e+00 -7.743069e-03 
 6.518271e+00 -7.541853e-03 
 6.518669e+00 -7.310937e-03 
 6.519067e+00 -7.060918e-03 
 6.519464e+00 -6.793360e-03 
 6.519862e+00 -6.508692e-03 
 6.520260e+00 -6.215121e-03 
 6.520657e+00 -5.921044e-03 
 6.521055e+00 -5.635842e-03 
 6.521453e+00 -5.369325e-03 
 6.521850e+00 -5.133528e-03 
 6.522248e+00 -4.918604e-03 
 6.522646e+00 -4.705760e-03 
 6.523043e+00 -4.467833e-03 
 6.523441e+00 -4.184994e-03 
 6.523839e+00 -3.842521e-03 
 6.524237e+00 -3.448286e-03 
 6.524634e+00 -3.022116e-03 
 6.525032e+00 -2.578394e-03 
 6.525430e+00 -2.116630e-03 
 6.525827e+00 -1.631387e-03 
 6.526225e+00 -1.130350e-03 
 6.526623e+00 -6.267171e-04 
 6.527020e+00 -1.305008e-04 
 6.527418e+00  3.347814e-04 
 6.527816e+00  7.433813e-04 
 6.528214e+00  1.075867e-03 
 6.528611e+00  1.325210e-03 
 6.529009e+00  1.494230e-03 
 6.529407e+00  1.591877e-03 
 6.529804e+00  1.632020e-03 
 6.530202e+00  1.613231e-03 
 6.530600e+00  1.543913e-03 
 6.530997e+00  1.433715e-03 
 6.531395e+00  1.301720e-03 
 6.531793e+00  1.174926e-03 
 6.532190e+00  1.062185e-03 
 6.532588e+00  9.732865e-04 
 6.532986e+00  9.073735e-04 
 6.533384e+00  8.640059e-04 
 6.533781e+00  8.294711e-04 
 6.534179e+00  7.987620e-04 
 6.534577e+00  7.716378e-04 
 6.534974e+00  7.592341e-04 
 6.535372e+00  7.724442e-04 
 6.535770e+00  8.210668e-04 
 6.536167e+00  8.919508e-04 
 6.536565e+00  9.657766e-04 
 6.536963e+00  1.017126e-03 
 6.537361e+00  1.027835e-03 
 6.537758e+00  9.800831e-04 
 6.538156e+00  8.575410e-04 
 6.538554e+00  6.588973e-04 
 6.538951e+00  3.888202e-04 
 6.539349e+00  5.237118e-05 
 6.539747e+00 -3.361659e-04 
 6.540144e+00 -7.687420e-04 
 6.540542e+00 -1.243931e-03 
 6.540940e+00 -1.754770e-03 
 6.541337e+00 -2.265409e-03 
 6.541735e+00 -2.749497e-03 
 6.542133e+00 -3.176033e-03 
 6.542531e+00 -3.541520e-03 
 6.542928e+00 -3.850488e-03 
 6.543326e+00 -4.119374e-03 
 6.543724e+00 -4.384201e-03 
 6.544121e+00 -4.666730e-03 
 6.544519e+00 -4.974644e-03 
 6.544917e+00 -5.305113e-03 
 6.545314e+00 -5.641495e-03 
 6.545712e+00 -5.968404e-03 
 6.546110e+00 -6.291602e-03 
 6.546508e+00 -6.633472e-03 
 6.546905e+00 -7.026022e-03 
 6.547303e+00 -7.474970e-03 
 6.547701e+00 -7.982953e-03 
 6.548098e+00 -8.520074e-03 
 6.548496e+00 -9.047865e-03 
 6.548894e+00 -9.542240e-03 
 6.549291e+00 -9.970097e-03 
 6.549689e+00 -1.031922e-02 
 6.550087e+00 -1.059020e-02 
 6.550484e+00 -1.078570e-02 
 6.550882e+00 -1.089901e-02 
 6.551280e+00 -1.093227e-02 
 6.551678e+00 -1.088594e-02 
 6.552075e+00 -1.076335e-02 
 6.552473e+00 -1.057924e-02 
 6.552871e+00 -1.036534e-02 
 6.553268e+00 -1.015812e-02 
 6.553666e+00 -9.983557e-03 
 6.554064e+00 -9.868683e-03 
 6.554461e+00 -9.824329e-03 
 6.554859e+00 -9.864803e-03 
 6.555257e+00 -9.988279e-03 
 6.555654e+00 -1.020029e-02 
 6.556052e+00 -1.052342e-02 
 6.556450e+00 -1.096311e-02 
 6.556848e+00 -1.151582e-02 
 6.557245e+00 -1.217269e-02 
 6.557643e+00 -1.291526e-02 
 6.558041e+00 -1.371721e-02 
 6.558438e+00 -1.456018e-02 
 6.558836e+00 -1.544681e-02 
 6.559234e+00 -1.636430e-02 
 6.559631e+00 -1.730394e-02 
 6.560029e+00 -1.825771e-02 
 6.560427e+00 -1.920535e-02 
 6.560825e+00 -2.012291e-02 
 6.561222e+00 -2.099137e-02 
 6.561620e+00 -2.182216e-02 
 6.562018e+00 -2.264052e-02 
 6.562415e+00 -2.347422e-02 
 6.562813e+00 -2.435910e-02 
 6.563211e+00 -2.531207e-02 
 6.563608e+00 -2.633006e-02 
 6.564006e+00 -2.739930e-02 
 6.564404e+00 -2.850479e-02 
 6.564801e+00 -2.964069e-02 
 6.565199e+00 -3.079986e-02 
 6.565597e+00 -3.198123e-02 
 6.565995e+00 -3.319263e-02 
 6.566392e+00 -3.442721e-02 
 6.566790e+00 -3.565853e-02 
 6.567188e+00 -3.685952e-02 
 6.567585e+00 -3.799902e-02 
 6.567983e+00 -3.904555e-02 
 6.568381e+00 -3.998290e-02 
 6.568778e+00 -4.081042e-02 
 6.569176e+00 -4.154112e-02 
 6.569574e+00 -4.218296e-02 
 6.569972e+00 -4.276294e-02 
 6.570369e+00 -4.329015e-02 
 6.570767e+00 -4.375977e-02 
 6.571165e+00 -4.418067e-02 
 6.571562e+00 -4.456463e-02 
 6.571960e+00 -4.493483e-02 
 6.572358e+00 -4.531789e-02 
 6.572755e+00 -4.573205e-02 
 6.573153e+00 -4.618187e-02 
 6.573551e+00 -4.666407e-02 
 6.573948e+00 -4.716514e-02 
 6.574346e+00 -4.765618e-02 
 6.574744e+00 -4.812498e-02 
 6.575142e+00 -4.855517e-02 
 6.575539e+00 -4.894203e-02 
 6.575937e+00 -4.929179e-02 
 6.576335e+00 -4.960374e-02 
 6.576732e+00 -4.986582e-02 
 6.577130e+00 -5.005847e-02 
 6.577528e+00 -5.017687e-02 
 6.577925e+00 -5.020921e-02 
 6.578323e+00 -5.016306e-02 
 6.578721e+00 -5.004464e-02 
 6.579119e+00 -4.985622e-02 
 6.579516e+00 -4.960057e-02 
 6.579914e+00 -4.927958e-02 
 6.580312e+00 -4.889894e-02 
 6.580709e+00 -4.846382e-02 
 6.581107e+00 -4.798388e-02 
 6.581505e+00 -4.747359e-02 
 6.581902e+00 -4.694772e-02 
 6.582300e+00 -4.642223e-02 
 6.582698e+00 -4.590578e-02 
 6.583095e+00 -4.540019e-02 
 6.583493e+00 -4.490735e-02 
 6.583891e+00 -4.442866e-02 
 6.584289e+00 -4.396156e-02 
 6.584686e+00 -4.350829e-02 
 6.585084e+00 -4.306968e-02 
 6.585482e+00 -4.263138e-02 
 6.585879e+00 -4.218808e-02 
 6.586277e+00 -4.173621e-02 
 6.586675e+00 -4.125865e-02 
 6.587072e+00 -4.075073e-02 
 6.587470e+00 -4.021538e-02 
 6.587868e+00 -3.966901e-02 
 6.588266e+00 -3.913806e-02 
 6.588663e+00 -3.865279e-02 
 6.589061e+00 -3.822944e-02 
 6.589459e+00 -3.787083e-02 
 6.589856e+00 -3.758198e-02 
 6.590254e+00 -3.736127e-02 
 6.590652e+00 -3.719983e-02 
 6.591049e+00 -3.709723e-02 
 6.591447e+00 -3.704198e-02 
 6.591845e+00 -3.703000e-02 
 6.592242e+00 -3.705056e-02 
 6.592640e+00 -3.708660e-02 
 6.593038e+00 -3.710743e-02 
 6.593436e+00 -3.707495e-02 
 6.593833e+00 -3.696792e-02 
 6.594231e+00 -3.677789e-02 
 6.594629e+00 -3.650781e-02 
 6.595026e+00 -3.616934e-02 
 6.595424e+00 -3.576836e-02 
 6.595822e+00 -3.530947e-02 
 6.596219e+00 -3.479270e-02 
 6.596617e+00 -3.421883e-02 
 6.597015e+00 -3.357919e-02 
 6.597413e+00 -3.287511e-02 
 6.597810e+00 -3.212157e-02 
 6.598208e+00 -3.134037e-02 
 6.598606e+00 -3.055562e-02 
 6.599003e+00 -2.977878e-02 
 6.599401e+00 -2.901826e-02 
 6.599799e+00 -2.825941e-02 
 6.600196e+00 -2.748760e-02 
 6.600594e+00 -2.668015e-02 
 6.600992e+00 -2.582661e-02 
 6.601389e+00 -2.492369e-02 
 6.601787e+00 -2.397686e-02 
 6.602185e+00 -2.300249e-02 
 6.602583e+00 -2.202348e-02 
 6.602980e+00 -2.105069e-02 
 6.603378e+00 -2.008189e-02 
 6.603776e+00 -1.912454e-02 
 6.604173e+00 -1.817982e-02 
 6.604571e+00 -1.725148e-02 
 6.604969e+00 -1.635138e-02 
 6.605366e+00 -1.549308e-02 
 6.605764e+00 -1.468351e-02 
 6.606162e+00 -1.391292e-02 
 6.606560e+00 -1.318168e-02 
 6.606957e+00 -1.249061e-02 
 6.607355e+00 -1.184733e-02 
 6.607753e+00 -1.125852e-02 
 6.608150e+00 -1.073243e-02 
 6.608548e+00 -1.027358e-02 
 6.608946e+00 -9.874917e-03 
 6.609343e+00 -9.522803e-03 
 6.609741e+00 -9.205715e-03 
 6.610139e+00 -8.912421e-03 
 6.610536e+00 -8.630720e-03 
 6.610934e+00 -8.357082e-03 
 6.611332e+00 -8.080869e-03 
 6.611730e+00 -7.793887e-03 
 6.612127e+00 -7.478446e-03 
 6.612525e+00 -7.116095e-03 
 6.612923e+00 -6.702758e-03 
 6.613320e+00 -6.240365e-03 
 6.613718e+00 -5.757229e-03 
 6.614116e+00 -5.283083e-03 
 6.614513e+00 -4.848582e-03 
 6.614911e+00 -4.476601e-03 
 6.615309e+00 -4.181533e-03 
 6.615707e+00 -3.959601e-03 
 6.616104e+00 -3.803934e-03 
 6.616502e+00 -3.719063e-03 
 6.616900e+00 -3.717771e-03 
 6.617297e+00 -3.801377e-03 
 6.617695e+00 -3.980637e-03 
 6.618093e+00 -4.245647e-03 
 6.618490e+00 -4.574210e-03 
 6.618888e+00 -4.926553e-03 
 6.619286e+00 -5.266829e-03 
 6.619683e+00 -5.563408e-03 
 6.620081e+00 -5.800373e-03 
 6.620479e+00 -5.975429e-03 
 6.620877e+00 -6.104275e-03 
 6.621274e+00 -6.208511e-03 
 6.621672e+00 -6.298815e-03 
 6.622070e+00 -6.373133e-03 
 6.622467e+00 -6.429525e-03 
 6.622865e+00 -6.463874e-03 
 6.623263e+00 -6.484527e-03 
 6.623660e+00 -6.507541e-03 
 6.624058e+00 -6.549314e-03 
 6.624456e+00 -6.611815e-03 
 6.624854e+00 -6.685316e-03 
 6.625251e+00 -6.748146e-03 
 6.625649e+00 -6.771520e-03 
 6.626047e+00 -6.735900e-03 
 6.626444e+00 -6.625738e-03 
 6.626842e+00 -6.438357e-03 
 6.627240e+00 -6.176728e-03 
 6.627637e+00 -5.849133e-03 
 6.628035e+00 -5.453309e-03 
 6.628433e+00 -4.982328e-03 
 6.628830e+00 -4.421228e-03 
 6.629228e+00 -3.767407e-03 
 6.629626e+00 -3.021046e-03 
 6.630024e+00 -2.198643e-03 
 6.630421e+00 -1.315486e-03 
 6.630819e+00 -3.945470e-04 
 6.631217e+00  5.436981e-04 
 6.631614e+00  1.483925e-03 
 6.632012e+00  2.409192e-03 
 6.632410e+00  3.303480e-03 
 6.632807e+00  4.153848e-03 
 6.633205e+00  4.946294e-03 
 6.633603e+00  5.659237e-03 
 6.634001e+00  6.282373e-03 
 6.634398e+00  6.805350e-03 
 6.634796e+00  7.235373e-03 
 6.635194e+00  7.584619e-03 
 6.635591e+00  7.856842e-03 
 6.635989e+00  8.057426e-03 
 6.636387e+00  8.181620e-03 
 6.636784e+00  8.239503e-03 
 6.637182e+00  8.243191e-03 
 6.637580e+00  8.212643e-03 
 6.637977e+00  8.176115e-03 
 6.638375e+00  8.153286e-03 
 6.638773e+00  8.153016e-03 
 6.639171e+00  8.171129e-03 
 6.639568e+00  8.192119e-03 
 6.639966e+00  8.185727e-03 
 6.640364e+00  8.128334e-03 
 6.640761e+00  8.010840e-03 
 6.641159e+00  7.841616e-03 
 6.641557e+00  7.616444e-03 
 6.641954e+00  7.343948e-03 
 6.642352e+00  7.014039e-03 
 6.642750e+00  6.612392e-03 
 6.643148e+00  6.130853e-03 
 6.643545e+00  5.563450e-03 
 6.643943e+00  4.935847e-03 
 6.644341e+00  4.268605e-03 
 6.644738e+00  3.599503e-03 
 6.645136e+00  2.964542e-03 
 6.645534e+00  2.392328e-03 
 6.645931e+00  1.881773e-03 
 6.646329e+00  1.426200e-03 
 6.646727e+00  1.013134e-03 
 6.647124e+00  6.166221e-04 
 6.647522e+00  2.353151e-04 
 6.647920e+00 -1.330896e-04 
 6.648318e+00 -4.911394e-04 
 6.648715e+00 -8.468868e-04 
 6.649113e+00 -1.206729e-03 
 6.649511e+00 -1.599285e-03 
 6.649908e+00 -2.062732e-03 
 6.650306e+00 -2.619929e-03 
 6.650704e+00 -3.285446e-03 
 6.651101e+00 -4.056152e-03 
 6.651499e+00 -4.914439e-03 
 6.651897e+00 -5.835456e-03 
 6.652295e+00 -6.795575e-03 
 6.652692e+00 -7.782647e-03 
 6.653090e+00 -8.785631e-03 
 6.653488e+00 -9.790713e-03 
 6.653885e+00 -1.079209e-02 
 6.654283e+00 -1.177290e-02 
 6.654681e+00 -1.271001e-02 
 6.655078e+00 -1.358581e-02 
 6.655476e+00 -1.438777e-02 
 6.655874e+00 -1.511233e-02 
 6.656271e+00 -1.576626e-02 
 6.656669e+00 -1.635224e-02 
 6.657067e+00 -1.687729e-02 
 6.657465e+00 -1.734504e-02 
 6.657862e+00 -1.775398e-02 
 6.658260e+00 -1.811523e-02 
 6.658658e+00 -1.845566e-02 
 6.659055e+00 -1.880629e-02 
 6.659453e+00 -1.919458e-02 
 6.659851e+00 -1.964398e-02 
 6.660248e+00 -2.016541e-02 
 6.660646e+00 -2.074877e-02 
 6.661044e+00 -2.138652e-02 
 6.661442e+00 -2.206716e-02 
 6.661839e+00 -2.277514e-02 
 6.662237e+00 -2.350891e-02 
 6.662635e+00 -2.427373e-02 
 6.663032e+00 -2.505985e-02 
 6.663430e+00 -2.585900e-02 
 6.663828e+00 -2.664296e-02 
 6.664225e+00 -2.739993e-02 
 6.664623e+00 -2.811364e-02 
 6.665021e+00 -2.879330e-02 
 6.665418e+00 -2.946906e-02 
 6.665816e+00 -3.017088e-02 
 6.666214e+00 -3.092810e-02 
 6.666612e+00 -3.175283e-02 
 6.667009e+00 -3.265417e-02 
 6.667407e+00 -3.362089e-02 
 6.667805e+00 -3.463639e-02 
 6.668202e+00 -3.569654e-02 
 6.668600e+00 -3.681439e-02 
 6.668998e+00 -3.799677e-02 
 6.669395e+00 -3.924885e-02 
 6.669793e+00 -4.056163e-02 
 6.670191e+00 -4.190054e-02 
 6.670589e+00 -4.322630e-02 
 6.670986e+00 -4.449195e-02 
 6.671384e+00 -4.568636e-02 
 6.671782e+00 -4.679946e-02 
 6.672179e+00 -4.783210e-02 
 6.672577e+00 -4.879273e-02 
 6.672975e+00 -4.967412e-02 
 6.673372e+00 -5.045776e-02 
 6.673770e+00 -5.111950e-02 
 6.674168e+00 -5.163580e-02 
 6.674565e+00 -5.200253e-02 
 6.674963e+00 -5.224131e-02 
 6.675361e+00 -5.238808e-02 
 6.675759e+00 -5.247135e-02 
 6.676156e+00 -5.251261e-02 
 6.676554e+00 -5.251084e-02 
 6.676952e+00 -5.244815e-02 
 6.677349e+00 -5.231541e-02 
 6.677747e+00 -5.211133e-02 
 6.678145e+00 -5.185263e-02 
 6.678542e+00 -5.156950e-02 
 6.678940e+00 -5.128087e-02 
 6.679338e+00 -5.100571e-02 
 6.679736e+00 -5.074313e-02 
 6.680133e+00 -5.047204e-02 
 6.680531e+00 -5.016411e-02 
 6.680929e+00 -4.979671e-02 
 6.681326e+00 -4.936173e-02 
 6.681724e+00 -4.886192e-02 
 6.682122e+00 -4.830099e-02 
 6.682519e+00 -4.768818e-02 
 6.682917e+00 -4.702755e-02 
 6.683315e+00 -4.632558e-02 
 6.683712e+00 -4.558554e-02 
 6.684110e+00 -4.483212e-02 
 6.684508e+00 -4.407983e-02 
 6.684906e+00 -4.333996e-02 
 6.685303e+00 -4.263694e-02 
 6.685701e+00 -4.197856e-02 
 6.686099e+00 -4.135442e-02 
 6.686496e+00 -4.075426e-02 
 6.686894e+00 -4.015992e-02 
 6.687292e+00 -3.955907e-02 
 6.687689e+00 -3.896616e-02 
 6.688087e+00 -3.838693e-02 
 6.688485e+00 -3.782312e-02 
 6.688883e+00 -3.725714e-02 
 6.689280e+00 -3.665802e-02 
 6.689678e+00 -3.600407e-02 
 6.690076e+00 -3.529237e-02 
 6.690473e+00 -3.452544e-02 
 6.690871e+00 -3.372650e-02 
 6.691269e+00 -3.293715e-02 
 6.691666e+00 -3.218137e-02 
 6.692064e+00 -3.146457e-02 
 6.692462e+00 -3.079629e-02 
 6.692859e+00 -3.015496e-02 
 6.693257e+00 -2.952998e-02 
 6.693655e+00 -2.893355e-02 
 6.694053e+00 -2.839867e-02 
 6.694450e+00 -2.795003e-02 
 6.694848e+00 -2.760993e-02 
 6.695246e+00 -2.738180e-02 
 6.695643e+00 -2.724791e-02 
 6.696041e+00 -2.717168e-02 
 6.696439e+00 -2.711966e-02 
 6.696836e+00 -2.706716e-02 
 6.697234e+00 -2.701242e-02 
 6.697632e+00 -2.695985e-02 
 6.698030e+00 -2.692269e-02 
 6.698427e+00 -2.691455e-02 
 6.698825e+00 -2.693503e-02 
 6.699223e+00 -2.697400e-02 
 6.699620e+00 -2.700881e-02 
 6.700018e+00 -2.702834e-02 
 6.700416e+00 -2.701960e-02 
 6.700813e+00 -2.698711e-02 
 6.701211e+00 -2.693750e-02 
 6.701609e+00 -2.687213e-02 
 6.702006e+00 -2.679524e-02 
 6.702404e+00 -2.669875e-02 
 6.702802e+00 -2.658086e-02 
 6.703200e+00 -2.644648e-02 
 6.703597e+00 -2.629366e-02 
 6.703995e+00 -2.611858e-02 
 6.704393e+00 -2.592477e-02 
 6.704790e+00 -2.572001e-02 
 6.705188e+00 -2.549542e-02 
 6.705586e+00 -2.523168e-02 
 6.705983e+00 -2.490930e-02 
 6.706381e+00 -2.451824e-02 
 6.706779e+00 -2.405238e-02 
 6.707177e+00 -2.351229e-02 
 6.707574e+00 -2.289289e-02 
 6.707972e+00 -2.219479e-02 
 6.708370e+00 -2.140956e-02 
 6.708767e+00 -2.054546e-02 
 6.709165e+00 -1.962261e-02 
 6.709563e+00 -1.866391e-02 
 6.709960e+00 -1.770209e-02 
 6.710358e+00 -1.677272e-02 
 6.710756e+00 -1.590834e-02 
 6.711153e+00 -1.513224e-02 
 6.711551e+00 -1.444935e-02 
 6.711949e+00 -1.386038e-02 
 6.712347e+00 -1.335794e-02 
 6.712744e+00 -1.293009e-02 
 6.713142e+00 -1.256558e-02 
 6.713540e+00 -1.226584e-02 
 6.713937e+00 -1.201243e-02 
 6.714335e+00 -1.178481e-02 
 6.714733e+00 -1.157283e-02 
 6.715130e+00 -1.134867e-02 
 6.715528e+00 -1.109022e-02 
 6.715926e+00 -1.078976e-02 
 6.716324e+00 -1.044258e-02 
 6.716721e+00 -1.005615e-02 
 6.717119e+00 -9.643268e-03 
 6.717517e+00 -9.221087e-03 
 6.717914e+00 -8.798621e-03 
 6.718312e+00 -8.370897e-03 
 6.718710e+00 -7.952768e-03 
 6.719107e+00 -7.548151e-03 
 6.719505e+00 -7.174596e-03 
 6.719903e+00 -6.852339e-03 
 6.720300e+00 -6.587759e-03 
 6.720698e+00 -6.385818e-03 
 6.721096e+00 -6.233315e-03 
 6.721494e+00 -6.106050e-03 
 6.721891e+00 -5.979886e-03 
 6.722289e+00 -5.825912e-03 
 6.722687e+00 -5.630319e-03 
 6.723084e+00 -5.388757e-03 
 6.723482e+00 -5.119939e-03 
 6.723880e+00 -4.835801e-03 
 6.724277e+00 -4.534530e-03 
 6.724675e+00 -4.207611e-03 
 6.725073e+00 -3.839479e-03 
 6.725471e+00 -3.421167e-03 
 6.725868e+00 -2.949759e-03 
 6.726266e+00 -2.439843e-03 
 6.726664e+00 -1.908625e-03 
 6.727061e+00 -1.380541e-03 
 6.727459e+00 -8.847521e-04 
 6.727857e+00 -4.310884e-04 
 6.728254e+00 -2.227497e-05 
 6.728652e+00  3.474350e-04 
 6.729050e+00  6.796578e-04 
 6.729447e+00  9.699074e-04 
 6.729845e+00  1.217287e-03 
 6.730243e+00  1.410469e-03 
 6.730641e+00  1.564208e-03 
 6.731038e+00  1.692373e-03 
 6.731436e+00  1.817391e-03 
 6.731834e+00  1.967385e-03 
 6.732231e+00  2.157559e-03 
 6.732629e+00  2.409109e-03 
 6.733027e+00  2.742859e-03 
 6.733424e+00  3.155118e-03 
 6.733822e+00  3.644120e-03 
 6.734220e+00  4.210323e-03 
 6.734618e+00  4.849308e-03 
 6.735015e+00  5.547558e-03 
 6.735413e+00  6.297723e-03 
 6.735811e+00  7.079413e-03 
 6.736208e+00  7.864741e-03 
 6.736606e+00  8.651645e-03 
 6.737004e+00  9.430609e-03 
 6.737401e+00  1.019431e-02 
 6.737799e+00  1.093560e-02 
 6.738197e+00  1.164018e-02 
 6.738594e+00  1.228375e-02 
 6.738992e+00  1.284243e-02 
 6.739390e+00  1.329180e-02 
 6.739788e+00  1.364019e-02 
 6.740185e+00  1.390620e-02 
 6.740583e+00  1.412147e-02 
 6.740981e+00  1.432873e-02 
 6.741378e+00  1.454799e-02 
 6.741776e+00  1.479026e-02 
 6.742174e+00  1.503782e-02 
 6.742571e+00  1.526719e-02 
 6.742969e+00  1.544596e-02 
 6.743367e+00  1.555105e-02 
 6.743765e+00  1.556979e-02 
 6.744162e+00  1.550664e-02 
 6.744560e+00  1.535713e-02 
 6.744958e+00  1.511923e-02 
 6.745355e+00  1.477899e-02 
 6.745753e+00  1.430309e-02 
 6.746151e+00  1.367998e-02 
 6.746548e+00  1.290411e-02 
 6.746946e+00  1.198696e-02 
 6.747344e+00  1.094795e-02 
 6.747741e+00  9.819447e-03 
 6.748139e+00  8.645144e-03 
 6.748537e+00  7.437035e-03 
 6.748935e+00  6.209904e-03 
 6.749332e+00  4.978127e-03 
 6.749730e+00  3.741248e-03 
 6.750128e+00  2.502278e-03 
 6.750525e+00  1.286739e-03 
 6.750923e+00  1.067647e-04 
 6.751321e+00 -1.024566e-03 
 6.751718e+00 -2.094529e-03 
 6.752116e+00 -3.104242e-03 
 6.752514e+00 -4.073985e-03 
 6.752912e+00 -5.017588e-03 
 6.753309e+00 -5.950193e-03 
 6.753707e+00 -6.879417e-03 
 6.754105e+00 -7.814328e-03 
 6.754502e+00 -8.770303e-03 
 6.754900e+00 -9.768680e-03 
 6.755298e+00 -1.082103e-02 
 6.755695e+00 -1.193279e-02 
 6.756093e+00 -1.310101e-02 
 6.756491e+00 -1.430603e-02 
 6.756888e+00 -1.552489e-02 
 6.757286e+00 -1.674392e-02 
 6.757684e+00 -1.794531e-02 
 6.758082e+00 -1.912613e-02 
 6.758479e+00 -2.029404e-02 
 6.758877e+00 -2.144838e-02 
 6.759275e+00 -2.258694e-02 
 6.759672e+00 -2.368687e-02 
 6.760070e+00 -2.473882e-02 
 6.760468e+00 -2.572822e-02 
 6.760865e+00 -2.665295e-02 
 6.761263e+00 -2.752553e-02 
 6.761661e+00 -2.835670e-02 
 6.762059e+00 -2.915684e-02 
 6.762456e+00 -2.993362e-02 
 6.762854e+00 -3.068575e-02 
 6.763252e+00 -3.142710e-02 
 6.763649e+00 -3.217175e-02 
 6.764047e+00 -3.293570e-02 
 6.764445e+00 -3.371698e-02 
 6.764842e+00 -3.452555e-02 
 6.765240e+00 -3.534827e-02 
 6.765638e+00 -3.615404e-02 
 6.766035e+00 -3.690970e-02 
 6.766433e+00 -3.758942e-02 
 6.766831e+00 -3.817743e-02 
 6.767229e+00 -3.866719e-02 
 6.767626e+00 -3.906500e-02 
 6.768024e+00 -3.938867e-02 
 6.768422e+00 -3.963136e-02 
 6.768819e+00 -3.978272e-02 
 6.769217e+00 -3.983723e-02 
 6.769615e+00 -3.979795e-02 
 6.770012e+00 -3.966977e-02 
 6.770410e+00 -3.947166e-02 
 6.770808e+00 -3.923544e-02 
 6.771206e+00 -3.900276e-02 
 6.771603e+00 -3.879539e-02 
 6.772001e+00 -3.863347e-02 
 6.772399e+00 -3.852706e-02 
 6.772796e+00 -3.847124e-02 
 6.773194e+00 -3.847695e-02 
 6.773592e+00 -3.855171e-02 
 6.773989e+00 -3.869434e-02 
 6.774387e+00 -3.890212e-02 
 6.774785e+00 -3.916644e-02 
 6.775182e+00 -3.948105e-02 
 6.775580e+00 -3.983564e-02 
 6.775978e+00 -4.020954e-02 
 6.776376e+00 -4.057619e-02 
 6.776773e+00 -4.091588e-02 
 6.777171e+00 -4.120348e-02 
 6.777569e+00 -4.143645e-02 
 6.777966e+00 -4.160841e-02 
 6.778364e+00 -4.172123e-02 
 6.778762e+00 -4.179148e-02 
 6.779159e+00 -4.183315e-02 
 6.779557e+00 -4.186357e-02 
 6.779955e+00 -4.189771e-02 
 6.780353e+00 -4.193040e-02 
 6.780750e+00 -4.194785e-02 
 6.781148e+00 -4.194671e-02 
 6.781546e+00 -4.192527e-02 
 6.781943e+00 -4.187391e-02 
 6.782341e+00 -4.179926e-02 
 6.782739e+00 -4.170675e-02 
 6.783136e+00 -4.160182e-02 
 6.783534e+00 -4.148604e-02 
 6.783932e+00 -4.135928e-02 
 6.784329e+00 -4.120862e-02 
 6.784727e+00 -4.100751e-02 
 6.785125e+00 -4.073512e-02 
 6.785523e+00 -4.037421e-02 
 6.785920e+00 -3.991800e-02 
 6.786318e+00 -3.937106e-02 
 6.786716e+00 -3.875784e-02 
 6.787113e+00 -3.811355e-02 
 6.787511e+00 -3.746532e-02 
 6.787909e+00 -3.682048e-02 
 6.788306e+00 -3.619220e-02 
 6.788704e+00 -3.557948e-02 
 6.789102e+00 -3.498304e-02 
 6.789500e+00 -3.441946e-02 
 6.789897e+00 -3.391476e-02 
 6.790295e+00 -3.348813e-02 
 6.790693e+00 -3.314033e-02 
 6.791090e+00 -3.286755e-02 
 6.791488e+00 -3.264608e-02 
 6.791886e+00 -3.244197e-02 
 6.792283e+00 -3.222687e-02 
 6.792681e+00 -3.199630e-02 
 6.793079e+00 -3.174928e-02 
 6.793476e+00 -3.149678e-02 
 6.793874e+00 -3.125430e-02 
 6.794272e+00 -3.101079e-02 
 6.794670e+00 -3.077213e-02 
 6.795067e+00 -3.051863e-02 
 6.795465e+00 -3.023802e-02 
 6.795863e+00 -2.993253e-02 
 6.796260e+00 -2.960643e-02 
 6.796658e+00 -2.927553e-02 
 6.797056e+00 -2.893757e-02 
 6.797453e+00 -2.859066e-02 
 6.797851e+00 -2.823895e-02 
 6.798249e+00 -2.788334e-02 
 6.798647e+00 -2.753199e-02 
 6.799044e+00 -2.719314e-02 
 6.799442e+00 -2.687639e-02 
 6.799840e+00 -2.658512e-02 
 6.800237e+00 -2.631629e-02 
 6.800635e+00 -2.605642e-02 
 6.801033e+00 -2.579649e-02 
 6.801430e+00 -2.551829e-02 
 6.801828e+00 -2.521736e-02 
 6.802226e+00 -2.490385e-02 
 6.802623e+00 -2.458528e-02 
 6.803021e+00 -2.426997e-02 
 6.803419e+00 -2.396702e-02 
 6.803817e+00 -2.368491e-02 
 6.804214e+00 -2.341434e-02 
 6.804612e+00 -2.315217e-02 
 6.805010e+00 -2.290595e-02 
 6.805407e+00 -2.268097e-02 
 6.805805e+00 -2.248512e-02 
 6.806203e+00 -2.234836e-02 
 6.806600e+00 -2.228410e-02 
 6.806998e+00 -2.229936e-02 
 6.807396e+00 -2.239714e-02 
 6.807794e+00 -2.257308e-02 
 6.808191e+00 -2.280690e-02 
 6.808589e+00 -2.308030e-02 
 6.808987e+00 -2.337265e-02 
 6.809384e+00 -2.366938e-02 
 6.809782e+00 -2.394846e-02 
 6.810180e+00 -2.417013e-02 
 6.810577e+00 -2.429855e-02 
 6.810975e+00 -2.430628e-02 
 6.811373e+00 -2.417690e-02 
 6.811770e+00 -2.390846e-02 
 6.812168e+00 -2.351912e-02 
 6.812566e+00 -2.303859e-02 
 6.812964e+00 -2.247822e-02 
 6.813361e+00 -2.186998e-02 
 6.813759e+00 -2.122070e-02 
 6.814157e+00 -2.051952e-02 
 6.814554e+00 -1.977133e-02 
 6.814952e+00 -1.899510e-02 
 6.815350e+00 -1.821801e-02 
 6.815747e+00 -1.746950e-02 
 6.816145e+00 -1.676464e-02 
 6.816543e+00 -1.609467e-02 
 6.816941e+00 -1.542662e-02 
 6.817338e+00 -1.472648e-02 
 6.817736e+00 -1.395950e-02 
 6.818134e+00 -1.311332e-02 
 6.818531e+00 -1.219809e-02 
 6.818929e+00 -1.124759e-02 
 6.819327e+00 -1.028386e-02 
 6.819724e+00 -9.313561e-03 
 6.820122e+00 -8.324881e-03 
 6.820520e+00 -7.293190e-03 
 6.820917e+00 -6.204785e-03 
 6.821315e+00 -5.056883e-03 
 6.821713e+00 -3.868020e-03 
 6.822111e+00 -2.683942e-03 
 6.822508e+00 -1.543126e-03 
 6.822906e+00 -4.794135e-04 
 6.823304e+00  5.011597e-04 
 6.823701e+00  1.405178e-03 
 6.824099e+00  2.246600e-03 
 6.824497e+00  3.041880e-03 
 6.824894e+00  3.782801e-03 
 6.825292e+00  4.462052e-03 
 6.825690e+00  5.083212e-03 
 6.826088e+00  5.651164e-03 
 6.826485e+00  6.188001e-03 
 6.826883e+00  6.710826e-03 
 6.827281e+00  7.224326e-03 
 6.827678e+00  7.734782e-03 
 6.828076e+00  8.234648e-03 
 6.828474e+00  8.729106e-03 
 6.828871e+00  9.235940e-03 
 6.829269e+00  9.782761e-03 
 6.829667e+00  1.039375e-02 
 6.830064e+00  1.106571e-02 
 6.830462e+00  1.179355e-02 
 6.830860e+00  1.254568e-02 
 6.831258e+00  1.327394e-02 
 6.831655e+00  1.393888e-02 
 6.832053e+00  1.451260e-02 
 6.832451e+00  1.498556e-02 
 6.832848e+00  1.536795e-02 
 6.833246e+00  1.566213e-02 
 6.833644e+00  1.585355e-02 
 6.834041e+00  1.592297e-02 
 6.834439e+00  1.584276e-02 
 6.834837e+00  1.559082e-02 
 6.835235e+00  1.518724e-02 
 6.835632e+00  1.466679e-02 
 6.836030e+00  1.407966e-02 
 6.836428e+00  1.347834e-02 
 6.836825e+00  1.290944e-02 
 6.837223e+00  1.239075e-02 
 6.837621e+00  1.191819e-02 
 6.838018e+00  1.146899e-02 
 6.838416e+00  1.103083e-02 
 6.838814e+00  1.058546e-02 
 6.839211e+00  1.013616e-02 
 6.839609e+00  9.681501e-03 
 6.840007e+00  9.227021e-03 
 6.840405e+00  8.769842e-03 
 6.840802e+00  8.288708e-03 
 6.841200e+00  7.768077e-03 
 6.841598e+00  7.188234e-03 
 6.841995e+00  6.548347e-03 
 6.842393e+00  5.855710e-03 
 6.842791e+00  5.146467e-03 
 6.843188e+00  4.452961e-03 
 6.843586e+00  3.788719e-03 
 6.843984e+00  3.159187e-03 
 6.844382e+00  2.562029e-03 
 6.844779e+00  1.998315e-03 
 6.845177e+00  1.476044e-03 
 6.845575e+00  1.012389e-03 
 6.845972e+00  6.258590e-04 
 6.846370e+00  3.208716e-04 
 6.846768e+00  1.064326e-04 
 6.847165e+00 -3.821853e-05 
 6.847563e+00 -1.493250e-04 
 6.847961e+00 -2.622231e-04 
 6.848358e+00 -3.925199e-04 
 6.848756e+00 -5.462868e-04 
 6.849154e+00 -7.189661e-04 
 6.849552e+00 -9.084354e-04 
 6.849949e+00 -1.129829e-03 
 6.850347e+00 -1.412724e-03 
 6.850745e+00 -1.792047e-03 
 6.851142e+00 -2.278417e-03 
 6.851540e+00 -2.871838e-03 
 6.851938e+00 -3.557712e-03 
 6.852335e+00 -4.307782e-03 
 6.852733e+00 -5.097366e-03 
 6.853131e+00 -5.923968e-03 
 6.853529e+00 -6.801337e-03 
 6.853926e+00 -7.741923e-03 
 6.854324e+00 -8.741985e-03 
 6.854722e+00 -9.785466e-03 
 6.855119e+00 -1.083112e-02 
 6.855517e+00 -1.183308e-02 
 6.855915e+00 -1.277138e-02 
 6.856312e+00 -1.365008e-02 
 6.856710e+00 -1.449690e-02 
 6.857108e+00 -1.533766e-02 
 6.857505e+00 -1.618349e-02 
 6.857903e+00 -1.703164e-02 
 6.858301e+00 -1.786557e-02 
 6.858699e+00 -1.867884e-02 
 6.859096e+00 -1.948464e-02 
 6.859494e+00 -2.030795e-02 
 6.859892e+00 -2.117749e-02 
 6.860289e+00 -2.211070e-02 
 6.860687e+00 -2.309845e-02 
 6.861085e+00 -2.411109e-02 
 6.861482e+00 -2.509780e-02 
 6.861880e+00 -2.601004e-02 
 6.862278e+00 -2.682962e-02 
 6.862676e+00 -2.757998e-02 
 6.863073e+00 -2.828239e-02 
 6.863471e+00 -2.897378e-02 
 6.863869e+00 -2.965666e-02 
 6.864266e+00 -3.032743e-02 
 6.864664e+00 -3.095975e-02 
 6.865062e+00 -3.152443e-02 
 6.865459e+00 -3.200869e-02 
 6.865857e+00 -3.241843e-02 
 6.866255e+00 -3.278450e-02 
 6.866652e+00 -3.315406e-02 
 6.867050e+00 -3.356125e-02 
 6.867448e+00 -3.403033e-02 
 6.867846e+00 -3.455062e-02 
 6.868243e+00 -3.510392e-02 
 6.868641e+00 -3.566629e-02 
 6.869039e+00 -3.621538e-02 
 6.869436e+00 -3.674482e-02 
 6.869834e+00 -3.725537e-02 
 6.870232e+00 -3.775567e-02 
 6.870629e+00 -3.822838e-02 
 6.871027e+00 -3.865810e-02 
 6.871425e+00 -3.901918e-02 
 6.871823e+00 -3.927834e-02 
 6.872220e+00 -3.942358e-02 
 6.872618e+00 -3.946233e-02 
 6.873016e+00 -3.941279e-02 
 6.873413e+00 -3.928756e-02 
 6.873811e+00 -3.909585e-02 
 6.874209e+00 -3.884300e-02 
 6.874606e+00 -3.852241e-02 
 6.875004e+00 -3.813164e-02 
 6.875402e+00 -3.768770e-02 
 6.875799e+00 -3.721658e-02 
 6.876197e+00 -3.674045e-02 
 6.876595e+00 -3.627495e-02 
 6.876993e+00 -3.582720e-02 
 6.877390e+00 -3.539495e-02 
 6.877788e+00 -3.496591e-02 
 6.878186e+00 -3.453142e-02 
 6.878583e+00 -3.409899e-02 
 6.878981e+00 -3.368630e-02 
 6.879379e+00 -3.331584e-02 
 6.879776e+00 -3.299254e-02 
 6.880174e+00 -3.269609e-02 
 6.880572e+00 -3.239171e-02 
 6.880970e+00 -3.205231e-02 
 6.881367e+00 -3.166287e-02 
 6.881765e+00 -3.124316e-02 
 6.882163e+00 -3.083694e-02 
 6.882560e+00 -3.048734e-02 
 6.882958e+00 -3.023970e-02 
 6.883356e+00 -3.010322e-02 
 6.883753e+00 -3.007050e-02 
 6.884151e+00 -3.011255e-02 
 6.884549e+00 -3.019837e-02 
 6.884946e+00 -3.033190e-02 
 6.885344e+00 -3.053265e-02 
 6.885742e+00 -3.082158e-02 
 6.886140e+00 -3.122006e-02 
 6.886537e+00 -3.171026e-02 
 6.886935e+00 -3.226107e-02 
 6.887333e+00 -3.283355e-02 
 6.887730e+00 -3.338058e-02 
 6.888128e+00 -3.388314e-02 
 6.888526e+00 -3.432730e-02 
 6.888923e+00 -3.472231e-02 
 6.889321e+00 -3.508199e-02 
 6.889719e+00 -3.540367e-02 
 6.890117e+00 -3.567404e-02 
 6.890514e+00 -3.587330e-02 
 6.890912e+00 -3.598739e-02 
 6.891310e+00 -3.601960e-02 
 6.891707e+00 -3.599477e-02 
 6.892105e+00 -3.594675e-02 
 6.892503e+00 -3.590300e-02 
 6.892900e+00 -3.587790e-02 
 6.893298e+00 -3.587386e-02 
 6.893696e+00 -3.588036e-02 
 6.894093e+00 -3.587629e-02 
 6.894491e+00 -3.585395e-02 
 6.894889e+00 -3.581713e-02 
 6.895287e+00 -3.578032e-02 
 6.895684e+00 -3.576900e-02 
 6.896082e+00 -3.578789e-02 
 6.896480e+00 -3.582952e-02 
 6.896877e+00 -3.585224e-02 
 6.897275e+00 -3.582651e-02 
 6.897673e+00 -3.573382e-02 
 6.898070e+00 -3.557255e-02 
 6.898468e+00 -3.535176e-02 
 6.898866e+00 -3.508613e-02 
 6.899264e+00 -3.478958e-02 
 6.899661e+00 -3.445486e-02 
 6.900059e+00 -3.408114e-02 
 6.900457e+00 -3.366348e-02 
 6.900854e+00 -3.320822e-02 
 6.901252e+00 -3.274524e-02 
 6.901650e+00 -3.230005e-02 
 6.902047e+00 -3.190304e-02 
 6.902445e+00 -3.156648e-02 
 6.902843e+00 -3.127966e-02 
 6.903240e+00 -3.101262e-02 
 6.903638e+00 -3.073034e-02 
 6.904036e+00 -3.041790e-02 
 6.904434e+00 -3.006886e-02 
 6.904831e+00 -2.968932e-02 
 6.905229e+00 -2.928333e-02 
 6.905627e+00 -2.883104e-02 
 6.906024e+00 -2.830671e-02 
 6.906422e+00 -2.767621e-02 
 6.906820e+00 -2.691124e-02 
 6.907217e+00 -2.601965e-02 
 6.907615e+00 -2.502753e-02 
 6.908013e+00 -2.397531e-02 
 6.908411e+00 -2.290720e-02 
 6.908808e+00 -2.185120e-02 
 6.909206e+00 -2.081493e-02 
 6.909604e+00 -1.979668e-02 
 6.910001e+00 -1.879836e-02 
 6.910399e+00 -1.784148e-02 
 6.910797e+00 -1.695796e-02 
 6.911194e+00 -1.618281e-02 
 6.911592e+00 -1.553657e-02 
 6.911990e+00 -1.501735e-02 
 6.912387e+00 -1.459413e-02 
 6.912785e+00 -1.421400e-02 
 6.913183e+00 -1.382872e-02 
 6.913581e+00 -1.341493e-02 
 6.913978e+00 -1.298581e-02 
 6.914376e+00 -1.256434e-02 
 6.914774e+00 -1.218146e-02 
 6.915171e+00 -1.184797e-02 
 6.915569e+00 -1.154879e-02 
 6.915967e+00 -1.124813e-02 
 6.916364e+00 -1.090574e-02 
 6.916762e+00 -1.050454e-02 
 6.917160e+00 -1.003411e-02 
 6.917558e+00 -9.520070e-03 
 6.917955e+00 -9.000789e-03 
 6.918353e+00 -8.498343e-03 
 6.918751e+00 -8.034281e-03 
 6.919148e+00 -7.611201e-03 
 6.919546e+00 -7.214921e-03 
 6.919944e+00 -6.831584e-03 
 6.920341e+00 -6.461289e-03 
 6.920739e+00 -6.102602e-03 
 6.921137e+00 -5.755800e-03 
 6.921534e+00 -5.408074e-03 
 6.921932e+00 -5.038404e-03 
 6.922330e+00 -4.624668e-03 
 6.922728e+00 -4.159338e-03 
 6.923125e+00 -3.632466e-03 
 6.923523e+00 -3.058940e-03 
 6.923921e+00 -2.442583e-03 
 6.924318e+00 -1.786486e-03 
 6.924716e+00 -1.090311e-03 
 6.925114e+00 -3.465419e-04 
 6.925511e+00  4.593934e-04 
 6.925909e+00  1.332033e-03 
 6.926307e+00  2.249401e-03 
 6.926705e+00  3.178034e-03 
 6.927102e+00  4.078717e-03 
 6.927500e+00  4.917148e-03 
 6.927898e+00  5.679866e-03 
 6.928295e+00  6.369934e-03 
 6.928693e+00  6.991969e-03 
 6.929091e+00  7.536707e-03 
 6.929488e+00  7.997824e-03 
 6.929886e+00  8.359507e-03 
 6.930284e+00  8.607651e-03 
 6.930681e+00  8.752228e-03 
 6.931079e+00  8.817294e-03 
 6.931477e+00  8.842353e-03 
 6.931875e+00  8.877275e-03 
 6.932272e+00  8.965775e-03 
 6.932670e+00  9.129081e-03 
 6.933068e+00  9.352432e-03 
 6.933465e+00  9.612556e-03 
 6.933863e+00  9.885812e-03 
 6.934261e+00  1.014313e-02 
 6.934658e+00  1.038896e-02 
 6.935056e+00  1.063941e-02 
 6.935454e+00  1.090516e-02 
 6.935852e+00  1.119616e-02 
 6.936249e+00  1.149636e-02 
 6.936647e+00  1.178725e-02 
 6.937045e+00  1.203222e-02 
 6.937442e+00  1.220219e-02 
 6.937840e+00  1.229338e-02 
 6.938238e+00  1.231641e-02 
 6.938635e+00  1.228239e-02 
 6.939033e+00  1.220588e-02 
 6.939431e+00  1.210152e-02 
 6.939828e+00  1.197280e-02 
 6.940226e+00  1.181707e-02 
 6.940624e+00  1.164566e-02 
 6.941022e+00  1.146690e-02 
 6.941419e+00  1.128401e-02 
 6.941817e+00  1.110185e-02 
 6.942215e+00  1.092761e-02 
 6.942612e+00  1.074500e-02 
 6.943010e+00  1.052524e-02 
 6.943408e+00  1.024088e-02 
 6.943805e+00  9.876777e-03 
 6.944203e+00  9.428365e-03 
 6.944601e+00  8.904473e-03 
 6.944999e+00  8.309730e-03 
 6.945396e+00  7.650794e-03 
 6.945794e+00  6.917298e-03 
 6.946192e+00  6.104666e-03 
 6.946589e+00  5.206276e-03 
 6.946987e+00  4.223205e-03 
 6.947385e+00  3.153439e-03 
 6.947782e+00  2.014659e-03 
 6.948180e+00  8.418827e-04 
 6.948578e+00 -3.428186e-04 
 6.948975e+00 -1.515981e-03 
 6.949373e+00 -2.654968e-03 
 6.949771e+00 -3.748632e-03 
 6.950169e+00 -4.791839e-03 
 6.950566e+00 -5.771038e-03 
 6.950964e+00 -6.675590e-03 
 6.951362e+00 -7.510551e-03 
 6.951759e+00 -8.281801e-03 
 6.952157e+00 -8.999343e-03 
 6.952555e+00 -9.677246e-03 
 6.952952e+00 -1.032828e-02 
 6.953350e+00 -1.095995e-02 
 6.953748e+00 -1.157407e-02 
 6.954146e+00 -1.217500e-02 
 6.954543e+00 -1.276625e-02 
 6.954941e+00 -1.335649e-02 
 6.955339e+00 -1.396419e-02 
 6.955736e+00 -1.460307e-02 
 6.956134e+00 -1.528560e-02 
 6.956532e+00 -1.600027e-02 
 6.956929e+00 -1.672677e-02 
 6.957327e+00 -1.743047e-02 
 6.957725e+00 -1.810253e-02 
 6.958122e+00 -1.872756e-02 
 6.958520e+00 -1.930599e-02 
 6.958918e+00 -1.985414e-02 
 6.959316e+00 -2.037283e-02 
 6.959713e+00 -2.087326e-02 
 6.960111e+00 -2.135901e-02 
 6.960509e+00 -2.182105e-02 
 6.960906e+00 -2.225130e-02 
 6.961304e+00 -2.264707e-02 
 6.961702e+00 -2.301660e-02 
 6.962099e+00 -2.337738e-02 
 6.962497e+00 -2.376554e-02 
 6.962895e+00 -2.420192e-02 
 6.963293e+00 -2.470366e-02 
 6.963690e+00 -2.526826e-02 
 6.964088e+00 -2.587716e-02 
 6.964486e+00 -2.650001e-02 
 6.964883e+00 -2.710407e-02 
 6.965281e+00 -2.766876e-02 
 6.965679e+00 -2.818187e-02 
 6.966076e+00 -2.865515e-02 
 6.966474e+00 -2.908747e-02 
 6.966872e+00 -2.947919e-02 
 6.967269e+00 -2.981261e-02 
 6.967667e+00 -3.006472e-02 
 6.968065e+00 -3.020881e-02 
 6.968463e+00 -3.024142e-02 
 6.968860e+00 -3.016986e-02 
 6.969258e+00 -3.002290e-02 
 6.969656e+00 -2.984337e-02 
 6.970053e+00 -2.966587e-02 
 6.970451e+00 -2.952590e-02 
 6.970849e+00 -2.943965e-02 
 6.971246e+00 -2.942070e-02 
 6.971644e+00 -2.946007e-02 
 6.972042e+00 -2.955228e-02 
 6.972440e+00 -2.969820e-02 
 6.972837e+00 -2.988939e-02 
 6.973235e+00 -3.011591e-02 
 6.973633e+00 -3.037101e-02 
 6.974030e+00 -3.065631e-02 
 6.974428e+00 -3.097044e-02 
 6.974826e+00 -3.132365e-02 
 6.975223e+00 -3.171869e-02 
 6.975621e+00 -3.215990e-02 
 6.976019e+00 -3.262807e-02 
 6.976416e+00 -3.310114e-02 
 6.976814e+00 -3.356531e-02 
 6.977212e+00 -3.400655e-02 
 6.977610e+00 -3.442614e-02 
 6.978007e+00 -3.483359e-02 
 6.978405e+00 -3.524808e-02 
 6.978803e+00 -3.569224e-02 
 6.979200e+00 -3.617018e-02 
 6.979598e+00 -3.666991e-02 
 6.979996e+00 -3.718362e-02 
 6.980393e+00 -3.769603e-02 
 6.980791e+00 -3.819465e-02 
 6.981189e+00 -3.869467e-02 
 6.981587e+00 -3.919425e-02 
 6.981984e+00 -3.968813e-02 
 6.982382e+00 -4.016190e-02 
 6.982780e+00 -4.060136e-02 
 6.983177e+00 -4.097480e-02 
 6.983575e+00 -4.126853e-02 
 6.983973e+00 -4.146795e-02 
 6.984370e+00 -4.156410e-02 
 6.984768e+00 -4.157440e-02 
 6.985166e+00 -4.151135e-02 
 6.985563e+00 -4.138076e-02 
 6.985961e+00 -4.117848e-02 
 6.986359e+00 -4.089690e-02 
 6.986757e+00 -4.052737e-02 
 6.987154e+00 -4.008075e-02 
 6.987552e+00 -3.958020e-02 
 6.987950e+00 -3.905897e-02 
 6.988347e+00 -3.855347e-02 
 6.988745e+00 -3.809214e-02 
 6.989143e+00 -3.769705e-02 
 6.989540e+00 -3.737527e-02 
 6.989938e+00 -3.712289e-02 
 6.990336e+00 -3.692021e-02 
 6.990734e+00 -3.675883e-02 
 6.991131e+00 -3.663412e-02 
 6.991529e+00 -3.653918e-02 
 6.991927e+00 -3.645400e-02 
 6.992324e+00 -3.637051e-02 
 6.992722e+00 -3.626842e-02 
 6.993120e+00 -3.613228e-02 
 6.993517e+00 -3.595413e-02 
 6.993915e+00 -3.573894e-02 
 6.994313e+00 -3.549635e-02 
 6.994710e+00 -3.523579e-02 
 6.995108e+00 -3.497777e-02 
 6.995506e+00 -3.473151e-02 
 6.995904e+00 -3.449781e-02 
 6.996301e+00 -3.427516e-02 
 6.996699e+00 -3.405929e-02 
 6.997097e+00 -3.384068e-02 
 6.997494e+00 -3.362833e-02 
 6.997892e+00 -3.343252e-02 
 6.998290e+00 -3.325580e-02 
 6.998687e+00 -3.310134e-02 
 6.999085e+00 -3.297276e-02 
 6.999483e+00 -3.286975e-02 
 6.999881e+00 -3.278612e-02 
 7.000278e+00 -3.271393e-02 
 7.000676e+00 -3.262617e-02 
 7.001074e+00 -3.249604e-02 
 7.001471e+00 -3.230424e-02 
 7.001869e+00 -3.203136e-02 
 7.002267e+00 -3.168810e-02 
 7.002664e+00 -3.127865e-02 
 7.003062e+00 -3.082139e-02 
 7.003460e+00 -3.035787e-02 
 7.003857e+00 -2.990913e-02 
 7.004255e+00 -2.948737e-02 
 7.004653e+00 -2.908675e-02 
 7.005051e+00 -2.870083e-02 
 7.005448e+00 -2.831689e-02 
 7.005846e+00 -2.794330e-02 
 7.006244e+00 -2.759465e-02 
 7.006641e+00 -2.729628e-02 
 7.007039e+00 -2.706910e-02 
 7.007437e+00 -2.692617e-02 
 7.007834e+00 -2.686061e-02 
 7.008232e+00 -2.684657e-02 
 7.008630e+00 -2.683890e-02 
 7.009028e+00 -2.681377e-02 
 7.009425e+00 -2.674440e-02 
 7.009823e+00 -2.661189e-02 
 7.010221e+00 -2.640284e-02 
 7.010618e+00 -2.610557e-02 
 7.011016e+00 -2.571195e-02 
 7.011414e+00 -2.520731e-02 
 7.011811e+00 -2.458790e-02 
 7.012209e+00 -2.385686e-02 
 7.012607e+00 -2.301542e-02 
 7.013004e+00 -2.207733e-02 
 7.013402e+00 -2.106183e-02 
 7.013800e+00 -1.999269e-02 
 7.014198e+00 -1.889713e-02 
 7.014595e+00 -1.779765e-02 
 7.014993e+00 -1.671784e-02 
 7.015391e+00 -1.565975e-02 
 7.015788e+00 -1.461593e-02 
 7.016186e+00 -1.357455e-02 
 7.016584e+00 -1.251670e-02 
 7.016981e+00 -1.142098e-02 
 7.017379e+00 -1.028607e-02 
 7.017777e+00 -9.113094e-03 
 7.018175e+00 -7.924714e-03 
 7.018572e+00 -6.730511e-03 
 7.018970e+00 -5.547265e-03 
 7.019368e+00 -4.378325e-03 
 7.019765e+00 -3.213121e-03 
 7.020163e+00 -2.050204e-03 
 7.020561e+00 -8.829279e-04 
 7.020958e+00  2.740148e-04 
 7.021356e+00  1.407198e-03 
 7.021754e+00  2.490005e-03 
 7.022151e+00  3.503844e-03 
 7.022549e+00  4.429250e-03 
 7.022947e+00  5.264831e-03 
 7.023345e+00  6.013472e-03 
 7.023742e+00  6.673581e-03 
 7.024140e+00  7.245748e-03 
 7.024538e+00  7.731377e-03 
 7.024935e+00  8.124574e-03 
 7.025333e+00  8.433835e-03 
 7.025731e+00  8.662303e-03 
 7.026128e+00  8.816470e-03 
 7.026526e+00  8.911877e-03 
 7.026924e+00  8.961626e-03 
 7.027322e+00  8.980092e-03 
 7.027719e+00  8.987854e-03 
 7.028117e+00  9.008906e-03 
 7.028515e+00  9.059710e-03 
 7.028912e+00  9.154099e-03 
 7.029310e+00  9.298226e-03 
 7.029708e+00  9.495755e-03 
 7.030105e+00  9.736720e-03 
 7.030503e+00  1.000659e-02 
 7.030901e+00  1.028912e-02 
 7.031298e+00  1.056714e-02 
 7.031696e+00  1.082530e-02 
 7.032094e+00  1.104711e-02 
 7.032492e+00  1.121502e-02 
 7.032889e+00  1.131076e-02 
 7.033287e+00  1.132157e-02 
 7.033685e+00  1.124699e-02 
 7.034082e+00  1.109805e-02 
 7.034480e+00  1.089618e-02 
 7.034878e+00  1.065535e-02 
 7.035275e+00  1.040785e-02 
 7.035673e+00  1.016580e-02 
 7.036071e+00  9.937797e-03 
 7.036469e+00  9.728591e-03 
 7.036866e+00  9.539386e-03 
 7.037264e+00  9.363765e-03 
 7.037662e+00  9.202160e-03 
 7.038059e+00  9.055697e-03 
 7.038457e+00  8.914559e-03 
 7.038855e+00  8.756764e-03 
 7.039252e+00  8.565993e-03 
 7.039650e+00  8.320913e-03 
 7.040048e+00  8.006915e-03 
 7.040445e+00  7.621327e-03 
 7.040843e+00  7.173439e-03 
 7.041241e+00  6.684298e-03 
 7.041639e+00  6.179518e-03 
 7.042036e+00  5.681982e-03 
 7.042434e+00  5.204070e-03 
 7.042832e+00  4.750183e-03 
 7.043229e+00  4.303194e-03 
 7.043627e+00  3.853000e-03 
 7.044025e+00  3.401616e-03 
 7.044422e+00  2.958981e-03 
 7.044820e+00  2.534561e-03 
 7.045218e+00  2.143808e-03 
 7.045616e+00  1.800503e-03 
 7.046013e+00  1.501776e-03 
 7.046411e+00  1.240264e-03 
 7.046809e+00  1.011822e-03 
 7.047206e+00  7.948330e-04 
 7.047604e+00  5.766806e-04 
 7.048002e+00  3.580256e-04 
 7.048399e+00  1.301351e-04 
 7.048797e+00 -1.054518e-04 
 7.049195e+00 -3.598548e-04 
 7.049592e+00 -6.568755e-04 
 7.049990e+00 -1.006887e-03 
 7.050388e+00 -1.426828e-03 
 7.050786e+00 -1.930022e-03 
 7.051183e+00 -2.532140e-03 
 7.051581e+00 -3.242370e-03 
 7.051979e+00 -4.053354e-03 
 7.052376e+00 -4.956312e-03 
 7.052774e+00 -5.930897e-03 
 7.053172e+00 -6.948193e-03 
 7.053569e+00 -7.987234e-03 
 7.053967e+00 -9.029921e-03 
 7.054365e+00 -1.006352e-02 
 7.054763e+00 -1.108892e-02 
 7.055160e+00 -1.210598e-02 
 7.055558e+00 -1.310948e-02 
 7.055956e+00 -1.409458e-02 
 7.056353e+00 -1.503684e-02 
 7.056751e+00 -1.591864e-02 
 7.057149e+00 -1.673950e-02 
 7.057546e+00 -1.752261e-02 
 7.057944e+00 -1.830198e-02 
 7.058342e+00 -1.911990e-02 
 7.058739e+00 -2.001099e-02 
 7.059137e+00 -2.097893e-02 
 7.059535e+00 -2.199938e-02 
 7.059933e+00 -2.303722e-02 
 7.060330e+00 -2.404622e-02 
 7.060728e+00 -2.498148e-02 
 7.061126e+00 -2.581308e-02 
 7.061523e+00 -2.652901e-02 
 7.061921e+00 -2.713177e-02 
 7.062319e+00 -2.763567e-02 
 7.062716e+00 -2.804796e-02 
 7.063114e+00 -2.837666e-02 
 7.063512e+00 -2.863217e-02 
 7.063910e+00 -2.882553e-02 
 7.064307e+00 -2.897647e-02 
 7.064705e+00 -2.909354e-02 
 7.065103e+00 -2.918905e-02 
 7.065500e+00 -2.928319e-02 
 7.065898e+00 -2.939010e-02 
 7.066296e+00 -2.953210e-02 
 7.066693e+00 -2.970702e-02 
 7.067091e+00 -2.992544e-02 
 7.067489e+00 -3.018604e-02 
 7.067886e+00 -3.047934e-02 
 7.068284e+00 -3.079594e-02 
 7.068682e+00 -3.112814e-02 
 7.069080e+00 -3.146012e-02 
 7.069477e+00 -3.179177e-02 
 7.069875e+00 -3.213180e-02 
 7.070273e+00 -3.248551e-02 
 7.070670e+00 -3.285084e-02 
 7.071068e+00 -3.321384e-02 
 7.071466e+00 -3.355543e-02 
 7.071863e+00 -3.385619e-02 
 7.072261e+00 -3.410335e-02 
 7.072659e+00 -3.429313e-02 
 7.073057e+00 -3.443380e-02 
 7.073454e+00 -3.454620e-02 
 7.073852e+00 -3.465024e-02 
 7.074250e+00 -3.474325e-02 
 7.074647e+00 -3.481068e-02 
 7.075045e+00 -3.484705e-02 
 7.075443e+00 -3.484077e-02 
 7.075840e+00 -3.479572e-02 
 7.076238e+00 -3.474009e-02 
 7.076636e+00 -3.469205e-02 
 7.077033e+00 -3.466954e-02 
 7.077431e+00 -3.467690e-02 
 7.077829e+00 -3.470450e-02 
 7.078227e+00 -3.474495e-02 
 7.078624e+00 -3.477720e-02 
 7.079022e+00 -3.479274e-02 
 7.079420e+00 -3.478412e-02 
 7.079817e+00 -3.474380e-02 
 7.080215e+00 -3.466451e-02 
 7.080613e+00 -3.453867e-02 
 7.081010e+00 -3.436330e-02 
 7.081408e+00 -3.414294e-02 
 7.081806e+00 -3.389677e-02 
 7.082204e+00 -3.365891e-02 
 7.082601e+00 -3.347367e-02 
 7.082999e+00 -3.337450e-02 
 7.083397e+00 -3.338580e-02 
 7.083794e+00 -3.352387e-02 
 7.084192e+00 -3.377894e-02 
 7.084590e+00 -3.414157e-02 
 7.084987e+00 -3.459302e-02 
 7.085385e+00 -3.510655e-02 
 7.085783e+00 -3.565982e-02 
 7.086180e+00 -3.623774e-02 
 7.086578e+00 -3.682164e-02 
 7.086976e+00 -3.739819e-02 
 7.087374e+00 -3.794991e-02 
 7.087771e+00 -3.846833e-02 
 7.088169e+00 -3.893734e-02 
 7.088567e+00 -3.935010e-02 
 7.088964e+00 -3.970635e-02 
 7.089362e+00 -4.000141e-02 
 7.089760e+00 -4.022672e-02 
 7.090157e+00 -4.038624e-02 
 7.090555e+00 -4.047245e-02 
 7.090953e+00 -4.049753e-02 
 7.091351e+00 -4.048347e-02 
 7.091748e+00 -4.045403e-02 
 7.092146e+00 -4.043211e-02 
 7.092544e+00 -4.041745e-02 
 7.092941e+00 -4.040511e-02 
 7.093339e+00 -4.038010e-02 
 7.093737e+00 -4.032657e-02 
 7.094134e+00 -4.023930e-02 
 7.094532e+00 -4.012268e-02 
 7.094930e+00 -3.999986e-02 
 7.095327e+00 -3.988501e-02 
 7.095725e+00 -3.979064e-02 
 7.096123e+00 -3.969749e-02 
 7.096521e+00 -3.958254e-02 
 7.096918e+00 -3.940985e-02 
 7.097316e+00 -3.915616e-02 
 7.097714e+00 -3.882341e-02 
 7.098111e+00 -3.842235e-02 
 7.098509e+00 -3.798097e-02 
 7.098907e+00 -3.752793e-02 
 7.099304e+00 -3.707552e-02 
 7.099702e+00 -3.662353e-02 
 7.100100e+00 -3.616170e-02 
 7.100498e+00 -3.568352e-02 
 7.100895e+00 -3.520201e-02 
 7.101293e+00 -3.472693e-02 
 7.101691e+00 -3.429129e-02 
 7.102088e+00 -3.392498e-02 
 7.102486e+00 -3.364149e-02 
 7.102884e+00 -3.343978e-02 
 7.103281e+00 -3.329987e-02 
 7.103679e+00 -3.319457e-02 
 7.104077e+00 -3.309128e-02 
 7.104474e+00 -3.296091e-02 
 7.104872e+00 -3.278063e-02 
 7.105270e+00 -3.252668e-02 
 7.105668e+00 -3.218299e-02 
 7.106065e+00 -3.173725e-02 
 7.106463e+00 -3.119321e-02 
 7.106861e+00 -3.054733e-02 
 7.107258e+00 -2.981272e-02 
 7.107656e+00 -2.900949e-02 
 7.108054e+00 -2.815394e-02 
 7.108451e+00 -2.726301e-02 
 7.108849e+00 -2.633431e-02 
 7.109247e+00 -2.538181e-02 
 7.109645e+00 -2.441710e-02 
 7.110042e+00 -2.346750e-02 
 7.110440e+00 -2.256266e-02 
 7.110838e+00 -2.172347e-02 
 7.111235e+00 -2.095906e-02 
 7.111633e+00 -2.025911e-02 
 7.112031e+00 -1.960189e-02 
 7.112428e+00 -1.895968e-02 
 7.112826e+00 -1.830107e-02 
 7.113224e+00 -1.762389e-02 
 7.113621e+00 -1.694869e-02 
 7.114019e+00 -1.630195e-02 
 7.114417e+00 -1.570525e-02 
 7.114815e+00 -1.515729e-02 
 7.115212e+00 -1.463975e-02 
 7.115610e+00 -1.412003e-02 
 7.116008e+00 -1.357418e-02 
 7.116405e+00 -1.299082e-02 
 7.116803e+00 -1.237314e-02 
 7.117201e+00 -1.173406e-02 
 7.117598e+00 -1.108904e-02 
 7.117996e+00 -1.044671e-02 
 7.118394e+00 -9.804982e-03 
 7.118792e+00 -9.161243e-03 
 7.119189e+00 -8.505256e-03 
 7.119587e+00 -7.839679e-03 
 7.119985e+00 -7.175270e-03 
 7.120382e+00 -6.523102e-03 
 7.120780e+00 -5.885593e-03 
 7.121178e+00 -5.259478e-03 
 7.121575e+00 -4.627246e-03 
 7.121973e+00 -3.967106e-03 
 7.122371e+00 -3.259564e-03 
 7.122768e+00 -2.492808e-03 
 7.123166e+00 -1.661011e-03 
 7.123564e+00 -7.674542e-04 
 7.123962e+00  1.990712e-04 
 7.124359e+00  1.229068e-03 
 7.124757e+00  2.320527e-03 
 7.125155e+00  3.483833e-03 
 7.125552e+00  4.714994e-03 
 7.125950e+00  5.999390e-03 
 7.126348e+00  7.303691e-03 
 7.126745e+00  8.589061e-03 
 7.127143e+00  9.816820e-03 
 7.127541e+00  1.094790e-02 
 7.127939e+00  1.196705e-02 
 7.128336e+00  1.285909e-02 
 7.128734e+00  1.362091e-02 
 7.129132e+00  1.427086e-02 
 7.129529e+00  1.482275e-02 
 7.129927e+00  1.528980e-02 
 7.130325e+00  1.568067e-02 
 7.130722e+00  1.601373e-02 
 7.131120e+00  1.630572e-02 
 7.131518e+00  1.656400e-02 
 7.131915e+00  1.678721e-02 
 7.132313e+00  1.696939e-02 
 7.132711e+00  1.709597e-02 
 7.133109e+00  1.715142e-02 
 7.133506e+00  1.713732e-02 
 7.133904e+00  1.705540e-02 
 7.134302e+00  1.691077e-02 
 7.134699e+00  1.670722e-02 
 7.135097e+00  1.644272e-02 
 7.135495e+00  1.610709e-02 
 7.135892e+00  1.569477e-02 
 7.136290e+00  1.519826e-02 
 7.136688e+00  1.463324e-02 
 7.137086e+00  1.401516e-02 
 7.137483e+00  1.336296e-02 
 7.137881e+00  1.269422e-02 
 7.138279e+00  1.201560e-02 
 7.138676e+00  1.132976e-02 
 7.139074e+00  1.062038e-02 
 7.139472e+00  9.889523e-03 
 7.139869e+00  9.135334e-03 
 7.140267e+00  8.364291e-03 
 7.140665e+00  7.599579e-03 
 7.141062e+00  6.855367e-03 
 7.141460e+00  6.141881e-03 
 7.141858e+00  5.462493e-03 
 7.142256e+00  4.796541e-03 
 7.142653e+00  4.121995e-03 
 7.143051e+00  3.406403e-03 
 7.143449e+00  2.638167e-03 
 7.143846e+00  1.818887e-03 
 7.144244e+00  9.578166e-04 
 7.144642e+00  7.816714e-05 
 7.145039e+00 -8.129998e-04 
 7.145437e+00 -1.714464e-03 
 7.145835e+00 -2.648988e-03 
 7.146233e+00 -3.636643e-03 
 7.146630e+00 -4.686413e-03 
 7.147028e+00 -5.793040e-03 
 7.147426e+00 -6.926821e-03 
 7.147823e+00 -8.057245e-03 
 7.148221e+00 -9.146818e-03 
 7.148619e+00 -1.016968e-02 
 7.149016e+00 -1.111497e-02 
 7.149414e+00 -1.197264e-02 
 7.149812e+00 -1.273877e-02 
 7.150209e+00 -1.340315e-02 
 7.150607e+00 -1.395213e-02 
 7.151005e+00 -1.438695e-02 
 7.151403e+00 -1.471781e-02 
 7.151800e+00 -1.496086e-02 
 7.152198e+00 -1.514468e-02 
 7.152596e+00 -1.529076e-02 
 7.152993e+00 -1.541232e-02 
 7.153391e+00 -1.551853e-02 
 7.153789e+00 -1.561107e-02 
 7.154186e+00 -1.569975e-02 
 7.154584e+00 -1.578326e-02 
 7.154982e+00 -1.586724e-02 
 7.155380e+00 -1.596160e-02 
 7.155777e+00 -1.606216e-02 
 7.156175e+00 -1.615092e-02 
 7.156573e+00 -1.620748e-02 
 7.156970e+00 -1.620725e-02 
 7.157368e+00 -1.614695e-02 
 7.157766e+00 -1.603972e-02 
 7.158163e+00 -1.590514e-02 
 7.158561e+00 -1.576836e-02 
 7.158959e+00 -1.565024e-02 
 7.159356e+00 -1.556771e-02 
 7.159754e+00 -1.552009e-02 
 7.160152e+00 -1.551398e-02 
 7.160550e+00 -1.555317e-02 
 7.160947e+00 -1.565005e-02 
 7.161345e+00 -1.583086e-02 
 7.161743e+00 -1.611882e-02 
 7.162140e+00 -1.652885e-02 
 7.162538e+00 -1.705877e-02 
 7.162936e+00 -1.768824e-02 
 7.163333e+00 -1.838852e-02 
 7.163731e+00 -1.913118e-02 
 7.164129e+00 -1.989924e-02 
 7.164527e+00 -2.068472e-02 
 7.164924e+00 -2.149415e-02 
 7.165322e+00 -2.232796e-02 
 7.165720e+00 -2.317614e-02 
 7.166117e+00 -2.401287e-02 
 7.166515e+00 -2.481791e-02 
 7.166913e+00 -2.556353e-02 
 7.167310e+00 -2.623064e-02 
 7.167708e+00 -2.681223e-02 
 7.168106e+00 -2.732013e-02 
 7.168503e+00 -2.776520e-02 
 7.168901e+00 -2.815197e-02 
 7.169299e+00 -2.848698e-02 
 7.169697e+00 -2.876919e-02 
 7.170094e+00 -2.899961e-02 
 7.170492e+00 -2.919515e-02 
 7.170890e+00 -2.937991e-02 
 7.171287e+00 -2.957184e-02 
 7.171685e+00 -2.979127e-02 
 7.172083e+00 -3.004520e-02 
 7.172480e+00 -3.033500e-02 
 7.172878e+00 -3.063807e-02 
 7.173276e+00 -3.092684e-02 
 7.173674e+00 -3.118791e-02 
 7.174071e+00 -3.141378e-02 
 7.174469e+00 -3.161383e-02 
 7.174867e+00 -3.179687e-02 
 7.175264e+00 -3.196815e-02 
 7.175662e+00 -3.212565e-02 
 7.176060e+00 -3.225874e-02 
 7.176457e+00 -3.235604e-02 
 7.176855e+00 -3.241525e-02 
 7.177253e+00 -3.244105e-02 
 7.177650e+00 -3.245652e-02 
 7.178048e+00 -3.249010e-02 
 7.178446e+00 -3.256060e-02 
 7.178844e+00 -3.268840e-02 
 7.179241e+00 -3.287456e-02 
 7.179639e+00 -3.311993e-02 
 7.180037e+00 -3.342248e-02 
 7.180434e+00 -3.379234e-02 
 7.180832e+00 -3.422178e-02 
 7.181230e+00 -3.470594e-02 
 7.181627e+00 -3.521704e-02 
 7.182025e+00 -3.570913e-02 
 7.182423e+00 -3.615427e-02 
 7.182821e+00 -3.651908e-02 
 7.183218e+00 -3.680958e-02 
 7.183616e+00 -3.704335e-02 
 7.184014e+00 -3.724557e-02 
 7.184411e+00 -3.742862e-02 
 7.184809e+00 -3.759274e-02 
 7.185207e+00 -3.772468e-02 
 7.185604e+00 -3.779563e-02 
 7.186002e+00 -3.779662e-02 
 7.186400e+00 -3.774430e-02 
 7.186797e+00 -3.768294e-02 
 7.187195e+00 -3.765884e-02 
 7.187593e+00 -3.771560e-02 
 7.187991e+00 -3.786658e-02 
 7.188388e+00 -3.810701e-02 
 7.188786e+00 -3.842349e-02 
 7.189184e+00 -3.880555e-02 
 7.189581e+00 -3.924650e-02 
 7.189979e+00 -3.975156e-02 
 7.190377e+00 -4.033129e-02 
 7.190774e+00 -4.099186e-02 
 7.191172e+00 -4.173020e-02 
 7.191570e+00 -4.251088e-02 
 7.191968e+00 -4.329941e-02 
 7.192365e+00 -4.405903e-02 
 7.192763e+00 -4.476619e-02 
 7.193161e+00 -4.541768e-02 
 7.193558e+00 -4.602721e-02 
 7.193956e+00 -4.661672e-02 
 7.194354e+00 -4.719785e-02 
 7.194751e+00 -4.776693e-02 
 7.195149e+00 -4.831675e-02 
 7.195547e+00 -4.882181e-02 
 7.195944e+00 -4.926177e-02 
 7.196342e+00 -4.964434e-02 
 7.196740e+00 -4.997156e-02 
 7.197138e+00 -5.025656e-02 
 7.197535e+00 -5.051020e-02 
 7.197933e+00 -5.073355e-02 
 7.198331e+00 -5.090906e-02 
 7.198728e+00 -5.101607e-02 
 7.199126e+00 -5.104417e-02 
 7.199524e+00 -5.097709e-02 
 7.199921e+00 -5.080706e-02 
 7.200319e+00 -5.052018e-02 
 7.200717e+00 -5.009873e-02 
 7.201115e+00 -4.951835e-02 
 7.201512e+00 -4.875671e-02 
 7.201910e+00 -4.780975e-02 
 7.202308e+00 -4.669192e-02 
 7.202705e+00 -4.543063e-02 
 7.203103e+00 -4.405681e-02 
 7.203501e+00 -4.261660e-02 
 7.203898e+00 -4.113874e-02 
 7.204296e+00 -3.962685e-02 
 7.204694e+00 -3.808614e-02 
 7.205091e+00 -3.652398e-02 
 7.205489e+00 -3.495258e-02 
 7.205887e+00 -3.339732e-02 
 7.206285e+00 -3.188411e-02 
 7.206682e+00 -3.043231e-02 
 7.207080e+00 -2.905232e-02 
 7.207478e+00 -2.773546e-02 
 7.207875e+00 -2.646843e-02 
 7.208273e+00 -2.522114e-02 
 7.208671e+00 -2.398961e-02 
 7.209068e+00 -2.276943e-02 
 7.209466e+00 -2.156197e-02 
 7.209864e+00 -2.037252e-02 
 7.210262e+00 -1.920710e-02 
 7.210659e+00 -1.804692e-02 
 7.211057e+00 -1.686848e-02 
 7.211455e+00 -1.565752e-02 
 7.211852e+00 -1.441408e-02 
 7.212250e+00 -1.315340e-02 
 7.212648e+00 -1.190430e-02 
 7.213045e+00 -1.069694e-02 
 7.213443e+00 -9.541946e-03 
 7.213841e+00 -8.437987e-03 
 7.214238e+00 -7.367714e-03 
 7.214636e+00 -6.316656e-03 
 7.215034e+00 -5.283708e-03 
 7.215432e+00 -4.282993e-03 
 7.215829e+00 -3.341612e-03 
 7.216227e+00 -2.487900e-03 
 7.216625e+00 -1.725604e-03 
 7.217022e+00 -1.036570e-03 
 7.217420e+00 -3.893362e-04 
 7.217818e+00  2.447080e-04 
 7.218215e+00  8.845937e-04 
 7.218613e+00  1.529268e-03 
 7.219011e+00  2.163928e-03 
 7.219409e+00  2.775736e-03 
 7.219806e+00  3.344025e-03 
 7.220204e+00  3.865677e-03 
 7.220602e+00  4.358198e-03 
 7.220999e+00  4.832999e-03 
 7.221397e+00  5.294493e-03 
 7.221795e+00  5.727190e-03 
 7.222192e+00  6.100196e-03 
 7.222590e+00  6.389620e-03 
 7.222988e+00  6.573806e-03 
 7.223385e+00  6.653234e-03 
 7.223783e+00  6.628198e-03 
 7.224181e+00  6.515090e-03 
 7.224579e+00  6.331918e-03 
 7.224976e+00  6.091874e-03 
 7.225374e+00  5.813978e-03 
 7.225772e+00  5.513038e-03 
 7.226169e+00  5.198822e-03 
 7.226567e+00  4.887356e-03 
 7.226965e+00  4.612446e-03 
 7.227362e+00  4.389108e-03 
 7.227760e+00  4.235609e-03 
 7.228158e+00  4.149728e-03 
 7.228556e+00  4.126611e-03 
 7.228953e+00  4.153985e-03 
 7.229351e+00  4.231350e-03 
 7.229749e+00  4.360693e-03 
 7.230146e+00  4.548816e-03 
 7.230544e+00  4.793557e-03 
 7.230942e+00  5.082240e-03 
 7.231339e+00  5.394372e-03 
 7.231737e+00  5.704166e-03 
 7.232135e+00  5.999146e-03 
 7.232532e+00  6.267804e-03 
 7.232930e+00  6.513313e-03 
 7.233328e+00  6.760640e-03 
 7.233726e+00  7.031578e-03 
 7.234123e+00  7.338437e-03 
 7.234521e+00  7.669624e-03 
 7.234919e+00  7.996045e-03 
 7.235316e+00  8.290246e-03 
 7.235714e+00  8.536698e-03 
 7.236112e+00  8.731585e-03 
 7.236509e+00  8.891513e-03 
 7.236907e+00  9.037499e-03 
 7.237305e+00  9.183967e-03 
 7.237703e+00  9.321011e-03 
 7.238100e+00  9.425126e-03 
 7.238498e+00  9.454523e-03 
 7.238896e+00  9.371224e-03 
 7.239293e+00  9.162246e-03 
 7.239691e+00  8.829127e-03 
 7.240089e+00  8.390553e-03 
 7.240486e+00  7.872008e-03 
 7.240884e+00  7.290535e-03 
 7.241282e+00  6.647531e-03 
 7.241679e+00  5.942004e-03 
 7.242077e+00  5.177149e-03 
 7.242475e+00  4.348902e-03 
 7.242873e+00  3.478322e-03 
 7.243270e+00  2.592956e-03 
 7.243668e+00  1.716803e-03 
 7.244066e+00  8.674764e-04 
 7.244463e+00  5.094415e-05 
 7.244861e+00 -7.380641e-04 
 7.245259e+00 -1.497701e-03 
 7.245656e+00 -2.226031e-03 
 7.246054e+00 -2.905592e-03 
 7.246452e+00 -3.515100e-03 
 7.246850e+00 -4.045305e-03 
 7.247247e+00 -4.506312e-03 
 7.247645e+00 -4.923829e-03 
 7.248043e+00 -5.324918e-03 
 7.248440e+00 -5.733437e-03 
 7.248838e+00 -6.165073e-03 
 7.249236e+00 -6.627938e-03 
 7.249633e+00 -7.118655e-03 
 7.250031e+00 -7.634418e-03 
 7.250429e+00 -8.157606e-03 
 7.250826e+00 -8.683528e-03 
 7.251224e+00 -9.214558e-03 
 7.251622e+00 -9.747204e-03 
 7.252020e+00 -1.026522e-02 
 7.252417e+00 -1.074390e-02 
 7.252815e+00 -1.116870e-02 
 7.253213e+00 -1.152828e-02 
 7.253610e+00 -1.182308e-02 
 7.254008e+00 -1.206752e-02 
 7.254406e+00 -1.227411e-02 
 7.254803e+00 -1.245276e-02 
 7.255201e+00 -1.262281e-02 
 7.255599e+00 -1.278236e-02 
 7.255997e+00 -1.292414e-02 
 7.256394e+00 -1.304268e-02 
 7.256792e+00 -1.314182e-02 
 7.257190e+00 -1.323396e-02 
 7.257587e+00 -1.334258e-02 
 7.257985e+00 -1.348188e-02 
 7.258383e+00 -1.365478e-02 
 7.258780e+00 -1.384441e-02 
 7.259178e+00 -1.401959e-02 
 7.259576e+00 -1.415765e-02 
 7.259973e+00 -1.423939e-02 
 7.260371e+00 -1.425311e-02 
 7.260769e+00 -1.420113e-02 
 7.261167e+00 -1.408752e-02 
 7.261564e+00 -1.391907e-02 
 7.261962e+00 -1.369177e-02 
 7.262360e+00 -1.340044e-02 
 7.262757e+00 -1.304448e-02 
 7.263155e+00 -1.263467e-02 
 7.263553e+00 -1.219556e-02 
 7.263950e+00 -1.177121e-02 
 7.264348e+00 -1.139894e-02 
 7.264746e+00 -1.109862e-02 
 7.265143e+00 -1.088378e-02 
 7.265541e+00 -1.074354e-02 
 7.265939e+00 -1.066154e-02 
 7.266337e+00 -1.064165e-02 
 7.266734e+00 -1.069073e-02 
 7.267132e+00 -1.083863e-02 
 7.267530e+00 -1.110935e-02 
 7.267927e+00 -1.152638e-02 
 7.268325e+00 -1.208684e-02 
 7.268723e+00 -1.276788e-02 
 7.269120e+00 -1.354052e-02 
 7.269518e+00 -1.437787e-02 
 7.269916e+00 -1.527010e-02 
 7.270314e+00 -1.621249e-02 
 7.270711e+00 -1.721986e-02 
 7.271109e+00 -1.829628e-02 
 7.271507e+00 -1.943875e-02 
 7.271904e+00 -2.063050e-02 
 7.272302e+00 -2.184251e-02 
 7.272700e+00 -2.306103e-02 
 7.273097e+00 -2.427714e-02 
 7.273495e+00 -2.549917e-02 
 7.273893e+00 -2.675115e-02 
 7.274290e+00 -2.803905e-02 
 7.274688e+00 -2.935814e-02 
 7.275086e+00 -3.070228e-02 
 7.275484e+00 -3.204897e-02 
 7.275881e+00 -3.338491e-02 
 7.276279e+00 -3.471336e-02 
 7.276677e+00 -3.603606e-02 
 7.277074e+00 -3.733227e-02 
 7.277472e+00 -3.859559e-02 
 7.277870e+00 -3.980632e-02 
 7.278267e+00 -4.093863e-02 
 7.278665e+00 -4.196737e-02 
 7.279063e+00 -4.288096e-02 
 7.279461e+00 -4.367544e-02 
 7.279858e+00 -4.435468e-02 
 7.280256e+00 -4.493017e-02 
 7.280654e+00 -4.542145e-02 
 7.281051e+00 -4.583141e-02 
 7.281449e+00 -4.615972e-02 
 7.281847e+00 -4.642059e-02 
 7.282244e+00 -4.664313e-02 
 7.282642e+00 -4.686004e-02 
 7.283040e+00 -4.710708e-02 
 7.283437e+00 -4.740870e-02 
 7.283835e+00 -4.778839e-02 
 7.284233e+00 -4.823582e-02 
 7.284631e+00 -4.871746e-02 
 7.285028e+00 -4.921151e-02 
 7.285426e+00 -4.968574e-02 
 7.285824e+00 -5.011394e-02 
 7.286221e+00 -5.049907e-02 
 7.286619e+00 -5.085039e-02 
 7.287017e+00 -5.115839e-02 
 7.287414e+00 -5.141707e-02 
 7.287812e+00 -5.161928e-02 
 7.288210e+00 -5.174570e-02 
 7.288608e+00 -5.177847e-02 
 7.289005e+00 -5.172233e-02 
 7.289403e+00 -5.158765e-02 
 7.289801e+00 -5.139764e-02 
 7.290198e+00 -5.117608e-02 
 7.290596e+00 -5.093700e-02 
 7.290994e+00 -5.067704e-02 
 7.291391e+00 -5.038231e-02 
 7.291789e+00 -5.005058e-02 
 7.292187e+00 -4.967867e-02 
 7.292584e+00 -4.927916e-02 
 7.292982e+00 -4.887008e-02 
 7.293380e+00 -4.847049e-02 
 7.293778e+00 -4.809197e-02 
 7.294175e+00 -4.774222e-02 
 7.294573e+00 -4.739437e-02 
 7.294971e+00 -4.703764e-02 
 7.295368e+00 -4.665569e-02 
 7.295766e+00 -4.624217e-02 
 7.296164e+00 -4.580171e-02 
 7.296561e+00 -4.534489e-02 
 7.296959e+00 -4.487539e-02 
 7.297357e+00 -4.438659e-02 
 7.297755e+00 -4.386382e-02 
 7.298152e+00 -4.328851e-02 
 7.298550e+00 -4.266724e-02 
 7.298948e+00 -4.202301e-02 
 7.299345e+00 -4.138445e-02 
 7.299743e+00 -4.077648e-02 
 7.300141e+00 -4.022708e-02 
 7.300538e+00 -3.974424e-02 
 7.300936e+00 -3.932000e-02 
 7.301334e+00 -3.895383e-02 
 7.301731e+00 -3.864483e-02 
 7.302129e+00 -3.838974e-02 
 7.302527e+00 -3.819424e-02 
 7.302925e+00 -3.805836e-02 
 7.303322e+00 -3.795641e-02 
 7.303720e+00 -3.784661e-02 
 7.304118e+00 -3.769001e-02 
 7.304515e+00 -3.745230e-02 
 7.304913e+00 -3.710541e-02 
 7.305311e+00 -3.664556e-02 
 7.305708e+00 -3.607300e-02 
 7.306106e+00 -3.538290e-02 
 7.306504e+00 -3.457712e-02 
 7.306902e+00 -3.364776e-02 
 7.307299e+00 -3.259029e-02 
 7.307697e+00 -3.141301e-02 
 7.308095e+00 -3.013132e-02 
 7.308492e+00 -2.876742e-02 
 7.308890e+00 -2.736441e-02 
 7.309288e+00 -2.594030e-02 
 7.309685e+00 -2.450817e-02 
 7.310083e+00 -2.306817e-02 
 7.310481e+00 -2.161230e-02 
 7.310878e+00 -2.013475e-02 
 7.311276e+00 -1.863562e-02 
 7.311674e+00 -1.712799e-02 
 7.312072e+00 -1.563317e-02 
 7.312469e+00 -1.416098e-02 
 7.312867e+00 -1.272401e-02 
 7.313265e+00 -1.132370e-02 
 7.313662e+00 -9.946214e-03 
 7.314060e+00 -8.585397e-03 
 7.314458e+00 -7.226645e-03 
 7.314855e+00 -5.886644e-03 
 7.315253e+00 -4.586582e-03 
 7.315651e+00 -3.344506e-03 
 7.316049e+00 -2.170277e-03 
 7.316446e+00 -1.066962e-03 
 7.316844e+00 -2.505751e-05 
 7.317242e+00  9.750991e-04 
 7.317639e+00  1.921062e-03 
 7.318037e+00  2.807584e-03 
 7.318435e+00  3.614490e-03 
 7.318832e+00  4.316743e-03 
 7.319230e+00  4.896772e-03 
 7.319628e+00  5.353964e-03 
 7.320025e+00  5.704531e-03 
 7.320423e+00  5.966896e-03 
 7.320821e+00  6.173161e-03 
 7.321219e+00  6.331148e-03 
 7.321616e+00  6.442609e-03 
 7.322014e+00  6.512628e-03 
 7.322412e+00  6.553783e-03 
 7.322809e+00  6.567423e-03 
 7.323207e+00  6.575771e-03 
 7.323605e+00  6.604427e-03 
 7.324002e+00  6.665280e-03 
 7.324400e+00  6.753549e-03 
 7.324798e+00  6.860952e-03 
 7.325196e+00  6.970291e-03 
 7.325593e+00  7.055828e-03 
 7.325991e+00  7.104192e-03 
 7.326389e+00  7.103750e-03 
 7.326786e+00  7.048562e-03 
 7.327184e+00  6.940143e-03 
 7.327582e+00  6.768656e-03 
 7.327979e+00  6.522919e-03 
 7.328377e+00  6.203868e-03 
 7.328775e+00  5.813331e-03 
 7.329172e+00  5.371304e-03 
 7.329570e+00  4.913172e-03 
 7.329968e+00  4.462305e-03 
 7.330366e+00  4.026560e-03 
 7.330763e+00  3.618612e-03 
 7.331161e+00  3.223397e-03 
 7.331559e+00  2.828915e-03 
 7.331956e+00  2.436578e-03 
 7.332354e+00  2.052827e-03 
 7.332752e+00  1.674491e-03 
 7.333149e+00  1.302754e-03 
 7.333547e+00  9.491982e-04 
 7.333945e+00  6.014414e-04 
 7.334343e+00  2.444734e-04 
 7.334740e+00 -1.225386e-04 
 7.335138e+00 -4.978625e-04 
 7.335536e+00 -8.772059e-04 
 7.335933e+00 -1.232338e-03 
 7.336331e+00 -1.525751e-03 
 7.336729e+00 -1.738505e-03 
 7.337126e+00 -1.862033e-03 
 7.337524e+00 -1.908567e-03 
 7.337922e+00 -1.890717e-03 
 7.338319e+00 -1.814223e-03 
 7.338717e+00 -1.687972e-03 
 7.339115e+00 -1.509195e-03 
 7.339513e+00 -1.262103e-03 
 7.339910e+00 -9.401320e-04 
 7.340308e+00 -5.458558e-04 
 7.340706e+00 -8.057520e-05 
 7.341103e+00  4.410663e-04 
 7.341501e+00  9.973608e-04 
 7.341899e+00  1.569782e-03 
 7.342296e+00  2.161229e-03 
 7.342694e+00  2.760160e-03 
 7.343092e+00  3.355551e-03 
 7.343490e+00  3.933899e-03 
 7.343887e+00  4.466066e-03 
 7.344285e+00  4.918620e-03 
 7.344683e+00  5.273205e-03 
 7.345080e+00  5.514430e-03 
 7.345478e+00  5.635357e-03 
 7.345876e+00  5.642306e-03 
 7.346273e+00  5.547351e-03 
 7.346671e+00  5.348740e-03 
 7.347069e+00  5.062660e-03 
 7.347466e+00  4.704492e-03 
 7.347864e+00  4.285755e-03 
 7.348262e+00  3.829433e-03 
 7.348660e+00  3.357913e-03 
 7.349057e+00  2.894237e-03 
 7.349455e+00  2.454672e-03 
 7.349853e+00  2.047141e-03 
 7.350250e+00  1.660058e-03 
 7.350648e+00  1.272511e-03 
 7.351046e+00  8.612595e-04 
 7.351443e+00  3.992132e-04 
 7.351841e+00 -1.152028e-04 
 7.352239e+00 -6.782405e-04 
 7.352637e+00 -1.290753e-03 
 7.353034e+00 -1.949866e-03 
 7.353432e+00 -2.646595e-03 
 7.353830e+00 -3.377571e-03 
 7.354227e+00 -4.133713e-03 
 7.354625e+00 -4.897757e-03 
 7.355023e+00 -5.648232e-03 
 7.355420e+00 -6.365717e-03 
 7.355818e+00 -7.026557e-03 
 7.356216e+00 -7.615551e-03 
 7.356613e+00 -8.135473e-03 
 7.357011e+00 -8.591265e-03 
 7.357409e+00 -8.986916e-03 
 7.357807e+00 -9.336963e-03 
 7.358204e+00 -9.650110e-03 
 7.358602e+00 -9.932487e-03 
 7.359000e+00 -1.019916e-02 
 7.359397e+00 -1.046651e-02 
 7.359795e+00 -1.074219e-02 
 7.360193e+00 -1.104334e-02 
 7.360590e+00 -1.137827e-02 
 7.360988e+00 -1.175366e-02 
 7.361386e+00 -1.216410e-02 
 7.361784e+00 -1.260618e-02 
 7.362181e+00 -1.307102e-02 
 7.362579e+00 -1.356302e-02 
 7.362977e+00 -1.408706e-02 
 7.363374e+00 -1.464498e-02 
 7.363772e+00 -1.524309e-02 
 7.364170e+00 -1.587982e-02 
 7.364567e+00 -1.654429e-02 
 7.364965e+00 -1.722000e-02 
 7.365363e+00 -1.789653e-02 
 7.365760e+00 -1.854458e-02 
 7.366158e+00 -1.914989e-02 
 7.366556e+00 -1.972245e-02 
 7.366954e+00 -2.025827e-02 
 7.367351e+00 -2.075410e-02 
 7.367749e+00 -2.120906e-02 
 7.368147e+00 -2.161531e-02 
 7.368544e+00 -2.196256e-02 
 7.368942e+00 -2.225332e-02 
 7.369340e+00 -2.249968e-02 
 7.369737e+00 -2.270906e-02 
 7.370135e+00 -2.291094e-02 
 7.370533e+00 -2.313328e-02 
 7.370931e+00 -2.340142e-02 
 7.371328e+00 -2.373214e-02 
 7.371726e+00 -2.412751e-02 
 7.372124e+00 -2.458517e-02 
 7.372521e+00 -2.509404e-02 
 7.372919e+00 -2.564901e-02 
 7.373317e+00 -2.623569e-02 
 7.373714e+00 -2.684399e-02 
 7.374112e+00 -2.746368e-02 
 7.374510e+00 -2.808586e-02 
 7.374907e+00 -2.871029e-02 
 7.375305e+00 -2.934449e-02 
 7.375703e+00 -2.998653e-02 
 7.376101e+00 -3.064479e-02 
 7.376498e+00 -3.133674e-02 
 7.376896e+00 -3.207255e-02 
 7.377294e+00 -3.286510e-02 
 7.377691e+00 -3.372936e-02 
 7.378089e+00 -3.467737e-02 
 7.378487e+00 -3.571002e-02 
 7.378884e+00 -3.682956e-02 
 7.379282e+00 -3.803880e-02 
 7.379680e+00 -3.931894e-02 
 7.380078e+00 -4.065102e-02 
 7.380475e+00 -4.200514e-02 
 7.380873e+00 -4.335336e-02 
 7.381271e+00 -4.467135e-02 
 7.381668e+00 -4.593809e-02 
 7.382066e+00 -4.712845e-02 
 7.382464e+00 -4.823741e-02 
 7.382861e+00 -4.926489e-02 
 7.383259e+00 -5.019813e-02 
 7.383657e+00 -5.103276e-02 
 7.384054e+00 -5.176471e-02 
 7.384452e+00 -5.238417e-02 
 7.384850e+00 -5.289490e-02 
 7.385248e+00 -5.330329e-02 
 7.385645e+00 -5.361543e-02 
 7.386043e+00 -5.383675e-02 
 7.386441e+00 -5.396420e-02 
 7.386838e+00 -5.401749e-02 
 7.387236e+00 -5.399527e-02 
 7.387634e+00 -5.391352e-02 
 7.388031e+00 -5.376884e-02 
 7.388429e+00 -5.355967e-02 
 7.388827e+00 -5.329508e-02 
 7.389225e+00 -5.298646e-02 
 7.389622e+00 -5.264084e-02 
 7.390020e+00 -5.226886e-02 
 7.390418e+00 -5.188466e-02 
 7.390815e+00 -5.148517e-02 
 7.391213e+00 -5.107014e-02 
 7.391611e+00 -5.063649e-02 
 7.392008e+00 -5.017646e-02 
 7.392406e+00 -4.966985e-02 
 7.392804e+00 -4.911559e-02 
 7.393201e+00 -4.850516e-02 
 7.393599e+00 -4.784174e-02 
 7.393997e+00 -4.713378e-02 
 7.394395e+00 -4.639645e-02 
 7.394792e+00 -4.564663e-02 
 7.395190e+00 -4.490531e-02 
 7.395588e+00 -4.418558e-02 
 7.395985e+00 -4.349889e-02 
 7.396383e+00 -4.286403e-02 
 7.396781e+00 -4.227204e-02 
 7.397178e+00 -4.172196e-02 
 7.397576e+00 -4.119674e-02 
 7.397974e+00 -4.067962e-02 
 7.398372e+00 -4.015362e-02 
 7.398769e+00 -3.960764e-02 
 7.399167e+00 -3.904157e-02 
 7.399565e+00 -3.844050e-02 
 7.399962e+00 -3.779537e-02 
 7.400360e+00 -3.709795e-02 
 7.400758e+00 -3.633286e-02 
 7.401155e+00 -3.548521e-02 
 7.401553e+00 -3.455471e-02 
 7.401951e+00 -3.354653e-02 
 7.402348e+00 -3.247934e-02 
 7.402746e+00 -3.137860e-02 
 7.403144e+00 -3.027736e-02 
 7.403542e+00 -2.919424e-02 
 7.403939e+00 -2.814557e-02 
 7.404337e+00 -2.714043e-02 
 7.404735e+00 -2.619610e-02 
 7.405132e+00 -2.532515e-02 
 7.405530e+00 -2.453592e-02 
 7.405928e+00 -2.382643e-02 
 7.406325e+00 -2.319281e-02 
 7.406723e+00 -2.262352e-02 
 7.407121e+00 -2.210772e-02 
 7.407519e+00 -2.164140e-02 
 7.407916e+00 -2.122956e-02 
 7.408314e+00 -2.086828e-02 
 7.408712e+00 -2.056334e-02 
 7.409109e+00 -2.030919e-02 
 7.409507e+00 -2.008598e-02 
 7.409905e+00 -1.986870e-02 
 7.410302e+00 -1.964086e-02 
 7.410700e+00 -1.939169e-02 
 7.411098e+00 -1.911068e-02 
 7.411495e+00 -1.881327e-02 
 7.411893e+00 -1.850521e-02 
 7.412291e+00 -1.818109e-02 
 7.412689e+00 -1.784543e-02 
 7.413086e+00 -1.748971e-02 
 7.413484e+00 -1.710839e-02 
 7.413882e+00 -1.669810e-02 
 7.414279e+00 -1.626462e-02 
 7.414677e+00 -1.582398e-02 
 7.415075e+00 -1.537821e-02 
 7.415472e+00 -1.493182e-02 
 7.415870e+00 -1.447392e-02 
 7.416268e+00 -1.398673e-02 
 7.416666e+00 -1.344196e-02 
 7.417063e+00 -1.282459e-02 
 7.417461e+00 -1.212279e-02 
 7.417859e+00 -1.133909e-02 
 7.418256e+00 -1.048574e-02 
 7.418654e+00 -9.579731e-03 
 7.419052e+00 -8.634903e-03 
 7.419449e+00 -7.653306e-03 
 7.419847e+00 -6.631082e-03 
 7.420245e+00 -5.573142e-03 
 7.420642e+00 -4.491624e-03 
 7.421040e+00 -3.401695e-03 
 7.421438e+00 -2.337461e-03 
 7.421836e+00 -1.323415e-03 
 7.422233e+00 -3.841066e-04 
 7.422631e+00  4.592757e-04 
 7.423029e+00  1.195756e-03 
 7.423426e+00  1.841540e-03 
 7.423824e+00  2.400878e-03 
 7.424222e+00  2.879543e-03 
 7.424619e+00  3.288437e-03 
 7.425017e+00  3.642864e-03 
 7.425415e+00  3.954961e-03 
 7.425813e+00  4.239578e-03 
 7.426210e+00  4.514692e-03 
 7.426608e+00  4.777465e-03 
 7.427006e+00  5.017468e-03 
 7.427403e+00  5.227984e-03 
 7.427801e+00  5.400504e-03 
 7.428199e+00  5.525795e-03 
 7.428596e+00  5.608819e-03 
 7.428994e+00  5.657019e-03 
 7.429392e+00  5.683624e-03 
 7.429789e+00  5.701612e-03 
 7.430187e+00  5.712325e-03 
 7.430585e+00  5.708821e-03 
 7.430983e+00  5.675536e-03 
 7.431380e+00  5.597840e-03 
 7.431778e+00  5.484793e-03 
 7.432176e+00  5.352807e-03 
 7.432573e+00  5.213383e-03 
 7.432971e+00  5.077965e-03 
 7.433369e+00  4.958506e-03 
 7.433766e+00  4.847138e-03 
 7.434164e+00  4.737842e-03 
 7.434562e+00  4.631974e-03 
 7.434960e+00  4.527824e-03 
 7.435357e+00  4.420147e-03 
 7.435755e+00  4.315858e-03 
 7.436153e+00  4.224986e-03 
 7.436550e+00  4.141324e-03 
 7.436948e+00  4.052343e-03 
 7.437346e+00  3.948946e-03 
 7.437743e+00  3.826020e-03 
 7.438141e+00  3.670313e-03 
 7.438539e+00  3.490905e-03 
 7.438936e+00  3.285927e-03 
 7.439334e+00  3.043256e-03 
 7.439732e+00  2.748099e-03 
 7.440130e+00  2.390716e-03 
 7.440527e+00  1.967251e-03 
 7.440925e+00  1.480164e-03 
 7.441323e+00  9.426356e-04 
 7.441720e+00  3.777123e-04 
 7.442118e+00 -1.851069e-04 
 7.442516e+00 -7.197003e-04 
 7.442913e+00 -1.198910e-03 
 7.443311e+00 -1.599308e-03 
 7.443709e+00 -1.901998e-03 
 7.444107e+00 -2.105457e-03 
 7.444504e+00 -2.199741e-03 
 7.444902e+00 -2.185997e-03 
 7.445300e+00 -2.071328e-03 
 7.445697e+00 -1.858654e-03 
 7.446095e+00 -1.567465e-03 
 7.446493e+00 -1.215477e-03 
 7.446890e+00 -8.311707e-04 
 7.447288e+00 -4.324403e-04 
 7.447686e+00 -3.476666e-05 
 7.448083e+00  3.589218e-04 
 7.448481e+00  7.486395e-04 
 7.448879e+00  1.135867e-03 
 7.449277e+00  1.512600e-03 
 7.449674e+00  1.881694e-03 
 7.450072e+00  2.236748e-03 
 7.450470e+00  2.564931e-03 
 7.450867e+00  2.864570e-03 
 7.451265e+00  3.132195e-03 
 7.451663e+00  3.376344e-03 
 7.452060e+00  3.607071e-03 
 7.452458e+00  3.839211e-03 
 7.452856e+00  4.073563e-03 
 7.453254e+00  4.292614e-03 
 7.453651e+00  4.486874e-03 
 7.454049e+00  4.631338e-03 
 7.454447e+00  4.706346e-03 
 7.454844e+00  4.696941e-03 
 7.455242e+00  4.587486e-03 
 7.455640e+00  4.373357e-03 
 7.456037e+00  4.049612e-03 
 7.456435e+00  3.615203e-03 
 7.456833e+00  3.070615e-03 
 7.457230e+00  2.428125e-03 
 7.457628e+00  1.696707e-03 
 7.458026e+00  8.868442e-04 
 7.458424e+00  9.607226e-06 
 7.458821e+00 -9.314808e-04 
 7.459219e+00 -1.944387e-03 
 7.459617e+00 -3.024484e-03 
 7.460014e+00 -4.166543e-03 
 7.460412e+00 -5.355888e-03 
 7.460810e+00 -6.560499e-03 
 7.461207e+00 -7.742600e-03 
 7.461605e+00 -8.872972e-03 
 7.462003e+00 -9.935876e-03 
 7.462401e+00 -1.093131e-02 
 7.462798e+00 -1.186253e-02 
 7.463196e+00 -1.274135e-02 
 7.463594e+00 -1.357457e-02 
 7.463991e+00 -1.436912e-02 
 7.464389e+00 -1.512674e-02 
 7.464787e+00 -1.585393e-02 
 7.465184e+00 -1.656282e-02 
 7.465582e+00 -1.726925e-02 
 7.465980e+00 -1.798943e-02 
 7.466377e+00 -1.875079e-02 
 7.466775e+00 -1.956377e-02 
 7.467173e+00 -2.042017e-02 
 7.467571e+00 -2.130808e-02 
 7.467968e+00 -2.222156e-02 
 7.468366e+00 -2.314665e-02 
 7.468764e+00 -2.408022e-02 
 7.469161e+00 -2.502464e-02 
 7.469559e+00 -2.597783e-02 
 7.469957e+00 -2.693252e-02 
 7.470354e+00 -2.787399e-02 
 7.470752e+00 -2.878817e-02 
 7.471150e+00 -2.964566e-02 
 7.471548e+00 -3.043543e-02 
 7.471945e+00 -3.116261e-02 
 7.472343e+00 -3.183543e-02 
 7.472741e+00 -3.248023e-02 
 7.473138e+00 -3.311647e-02 
 7.473536e+00 -3.374500e-02 
 7.473934e+00 -3.436637e-02 
 7.474331e+00 -3.498093e-02 
 7.474729e+00 -3.558779e-02 
 7.475127e+00 -3.620234e-02 
 7.475524e+00 -3.682764e-02 
 7.475922e+00 -3.745953e-02 
 7.476320e+00 -3.808194e-02 
 7.476718e+00 -3.867394e-02 
 7.477115e+00 -3.920344e-02 
 7.477513e+00 -3.964488e-02 
 7.477911e+00 -4.000018e-02 
 7.478308e+00 -4.028036e-02 
 7.478706e+00 -4.051149e-02 
 7.479104e+00 -4.072827e-02 
 7.479501e+00 -4.094254e-02 
 7.479899e+00 -4.113955e-02 
 7.480297e+00 -4.131088e-02 
 7.480695e+00 -4.144650e-02 
 7.481092e+00 -4.154312e-02 
 7.481490e+00 -4.161510e-02 
 7.481888e+00 -4.168779e-02 
 7.482285e+00 -4.179461e-02 
 7.482683e+00 -4.196142e-02 
 7.483081e+00 -4.220281e-02 
 7.483478e+00 -4.251161e-02 
 7.483876e+00 -4.287577e-02 
 7.484274e+00 -4.328557e-02 
 7.484671e+00 -4.374668e-02 
 7.485069e+00 -4.427098e-02 
 7.485467e+00 -4.486680e-02 
 7.485865e+00 -4.553000e-02 
 7.486262e+00 -4.624110e-02 
 7.486660e+00 -4.697150e-02 
 7.487058e+00 -4.769647e-02 
 7.487455e+00 -4.839571e-02 
 7.487853e+00 -4.906922e-02 
 7.488251e+00 -4.973102e-02 
 7.488648e+00 -5.038677e-02 
 7.489046e+00 -5.103955e-02 
 7.489444e+00 -5.166595e-02 
 7.489842e+00 -5.222598e-02 
 7.490239e+00 -5.269628e-02 
 7.490637e+00 -5.307049e-02 
 7.491035e+00 -5.336107e-02 
 7.491432e+00 -5.359642e-02 
 7.491830e+00 -5.381022e-02 
 7.492228e+00 -5.400467e-02 
 7.492625e+00 -5.417034e-02 
 7.493023e+00 -5.428698e-02 
 7.493421e+00 -5.431578e-02 
 7.493818e+00 -5.423981e-02 
 7.494216e+00 -5.406624e-02 
 7.494614e+00 -5.381367e-02 
 7.495012e+00 -5.349394e-02 
 7.495409e+00 -5.311311e-02 
 7.495807e+00 -5.265300e-02 
 7.496205e+00 -5.207994e-02 
 7.496602e+00 -5.137673e-02 
 7.497000e+00 -5.054329e-02 
 7.497398e+00 -4.959747e-02 
 7.497795e+00 -4.857158e-02 
 7.498193e+00 -4.750337e-02 
 7.498591e+00 -4.643008e-02 
 7.498989e+00 -4.536761e-02 
 7.499386e+00 -4.431318e-02 
 7.499784e+00 -4.325500e-02 
 7.500182e+00 -4.219143e-02 
 7.500579e+00 -4.113950e-02 
 7.500977e+00 -4.011162e-02 
 7.501375e+00 -3.913986e-02 
 7.501772e+00 -3.823778e-02 
 7.502170e+00 -3.739238e-02 
 7.502568e+00 -3.658144e-02 
 7.502965e+00 -3.579590e-02 
 7.503363e+00 -3.501907e-02 
 7.503761e+00 -3.424337e-02 
 7.504159e+00 -3.347323e-02 
 7.504556e+00 -3.271030e-02 
 7.504954e+00 -3.194714e-02 
 7.505352e+00 -3.117868e-02 
 7.505749e+00 -3.038950e-02 
 7.506147e+00 -2.956606e-02 
 7.506545e+00 -2.870548e-02 
 7.506942e+00 -2.782152e-02 
 7.507340e+00 -2.695353e-02 
 7.507738e+00 -2.612300e-02 
 7.508136e+00 -2.534539e-02 
 7.508533e+00 -2.460045e-02 
 7.508931e+00 -2.385811e-02 
 7.509329e+00 -2.309450e-02 
 7.509726e+00 -2.229413e-02 
 7.510124e+00 -2.147208e-02 
 7.510522e+00 -2.065864e-02 
 7.510919e+00 -1.987474e-02 
 7.511317e+00 -1.914536e-02 
 7.511715e+00 -1.847921e-02 
 7.512112e+00 -1.785392e-02 
 7.512510e+00 -1.724473e-02 
 7.512908e+00 -1.662958e-02 
 7.513306e+00 -1.600300e-02 
 7.513703e+00 -1.538037e-02 
 7.514101e+00 -1.478962e-02 
 7.514499e+00 -1.424657e-02 
 7.514896e+00 -1.375479e-02 
 7.515294e+00 -1.331353e-02 
 7.515692e+00 -1.291659e-02 
 7.516089e+00 -1.255898e-02 
 7.516487e+00 -1.225338e-02 
 7.516885e+00 -1.201605e-02 
 7.517283e+00 -1.186193e-02 
 7.517680e+00 -1.180023e-02 
 7.518078e+00 -1.182515e-02 
 7.518476e+00 -1.191259e-02 
 7.518873e+00 -1.202968e-02 
 7.519271e+00 -1.215123e-02 
 7.519669e+00 -1.227015e-02 
 7.520066e+00 -1.238985e-02 
 7.520464e+00 -1.251732e-02 
 7.520862e+00 -1.264828e-02 
 7.521259e+00 -1.276746e-02 
 7.521657e+00 -1.283700e-02 
 7.522055e+00 -1.282916e-02 
 7.522453e+00 -1.271854e-02 
 7.522850e+00 -1.249933e-02 
 7.523248e+00 -1.218858e-02 
 7.523646e+00 -1.180606e-02 
 7.524043e+00 -1.137718e-02 
 7.524441e+00 -1.091328e-02 
 7.524839e+00 -1.040674e-02 
 7.525236e+00 -9.851313e-03 
 7.525634e+00 -9.248683e-03 
 7.526032e+00 -8.610605e-03 
 7.526430e+00 -7.966555e-03 
 7.526827e+00 -7.344477e-03 
 7.527225e+00 -6.756779e-03 
 7.527623e+00 -6.189493e-03 
 7.528020e+00 -5.630054e-03 
 7.528418e+00 -5.052514e-03 
 7.528816e+00 -4.436916e-03 
 7.529213e+00 -3.775738e-03 
 7.529611e+00 -3.083105e-03 
 7.530009e+00 -2.381954e-03 
 7.530406e+00 -1.699426e-03 
 7.530804e+00 -1.045931e-03 
 7.531202e+00 -4.191453e-04 
 7.531600e+00  1.888188e-04 
 7.531997e+00  7.895047e-04 
 7.532395e+00  1.378988e-03 
 7.532793e+00  1.931259e-03 
 7.533190e+00  2.422757e-03 
 7.533588e+00  2.838103e-03 
 7.533986e+00  3.167993e-03 
 7.534383e+00  3.411664e-03 
 7.534781e+00  3.584820e-03 
 7.535179e+00  3.697533e-03 
 7.535577e+00  3.754978e-03 
 7.535974e+00  3.749143e-03 
 7.536372e+00  3.670523e-03 
 7.536770e+00  3.519259e-03 
 7.537167e+00  3.315844e-03 
 7.537565e+00  3.097871e-03 
 7.537963e+00  2.916881e-03 
 7.538360e+00  2.808328e-03 
 7.538758e+00  2.773630e-03 
 7.539156e+00  2.794312e-03 
 7.539553e+00  2.848875e-03 
 7.539951e+00  2.918291e-03 
 7.540349e+00  3.003478e-03 
 7.540747e+00  3.128155e-03 
 7.541144e+00  3.325532e-03 
 7.541542e+00  3.613877e-03 
 7.541940e+00  3.978931e-03 
 7.542337e+00  4.382068e-03 
 7.542735e+00  4.769822e-03 
 7.543133e+00  5.095226e-03 
 7.543530e+00  5.337455e-03 
 7.543928e+00  5.501076e-03 
 7.544326e+00  5.607491e-03 
 7.544724e+00  5.668969e-03 
 7.545121e+00  5.691752e-03 
 7.545519e+00  5.661287e-03 
 7.545917e+00  5.566709e-03 
 7.546314e+00  5.402031e-03 
 7.546712e+00  5.171388e-03 
 7.547110e+00  4.903897e-03 
 7.547507e+00  4.638194e-03 
 7.547905e+00  4.405379e-03 
 7.548303e+00  4.218809e-03 
 7.548700e+00  4.075045e-03 
 7.549098e+00  3.946662e-03 
 7.549496e+00  3.810189e-03 
 7.549894e+00  3.661933e-03 
 7.550291e+00  3.509430e-03 
 7.550689e+00  3.369595e-03 
 7.551087e+00  3.251252e-03 
 7.551484e+00  3.151857e-03 
 7.551882e+00  3.052034e-03 
 7.552280e+00  2.931131e-03 
 7.552677e+00  2.768587e-03 
 7.553075e+00  2.565410e-03 
 7.553473e+00  2.339364e-03 
 7.553871e+00  2.120698e-03 
 7.554268e+00  1.944558e-03 
 7.554666e+00  1.827965e-03 
 7.555064e+00  1.755795e-03 
 7.555461e+00  1.703960e-03 
 7.555859e+00  1.662144e-03 
 7.556257e+00  1.632329e-03 
 7.556654e+00  1.637899e-03 
 7.557052e+00  1.714678e-03 
 7.557450e+00  1.879356e-03 
 7.557847e+00  2.119691e-03 
 7.558245e+00  2.398086e-03 
 7.558643e+00  2.673388e-03 
 7.559041e+00  2.905957e-03 
 7.559438e+00  3.075205e-03 
 7.559836e+00  3.192861e-03 
 7.560234e+00  3.283277e-03 
 7.560631e+00  3.371787e-03 
 7.561029e+00  3.452155e-03 
 7.561427e+00  3.493251e-03 
 7.561824e+00  3.438356e-03 
 7.562222e+00  3.235529e-03 
 7.562620e+00  2.862957e-03 
 7.563018e+00  2.324558e-03 
 7.563415e+00  1.650037e-03 
 7.563813e+00  8.783303e-04 
 7.564211e+00  3.221653e-05 
 7.564608e+00 -8.852124e-04 
 7.565006e+00 -1.878562e-03 
 7.565404e+00 -2.959387e-03 
 7.565801e+00 -4.126587e-03 
 7.566199e+00 -5.362195e-03 
 7.566597e+00 -6.622673e-03 
 7.566994e+00 -7.869662e-03 
 7.567392e+00 -9.086994e-03 
 7.567790e+00 -1.028485e-02 
 7.568188e+00 -1.149588e-02 
 7.568585e+00 -1.274853e-02 
 7.568983e+00 -1.405428e-02 
 7.569381e+00 -1.539733e-02 
 7.569778e+00 -1.674038e-02 
 7.570176e+00 -1.805637e-02 
 7.570574e+00 -1.934085e-02 
 7.570971e+00 -2.060675e-02 
 7.571369e+00 -2.189134e-02 
 7.571767e+00 -2.322804e-02 
 7.572165e+00 -2.462012e-02 
 7.572562e+00 -2.603509e-02 
 7.572960e+00 -2.741398e-02 
 7.573358e+00 -2.870075e-02 
 7.573755e+00 -2.986684e-02 
 7.574153e+00 -3.092623e-02 
 7.574551e+00 -3.191087e-02 
 7.574948e+00 -3.285168e-02 
 7.575346e+00 -3.377771e-02 
 7.575744e+00 -3.469182e-02 
 7.576141e+00 -3.558889e-02 
 7.576539e+00 -3.645864e-02 
 7.576937e+00 -3.730034e-02 
 7.577335e+00 -3.813430e-02 
 7.577732e+00 -3.899165e-02 
 7.578130e+00 -3.990139e-02 
 7.578528e+00 -4.087212e-02 
 7.578925e+00 -4.187470e-02 
 7.579323e+00 -4.287241e-02 
 7.579721e+00 -4.382727e-02 
 7.580118e+00 -4.473037e-02 
 7.580516e+00 -4.558887e-02 
 7.580914e+00 -4.641963e-02 
 7.581312e+00 -4.723726e-02 
 7.581709e+00 -4.804213e-02 
 7.582107e+00 -4.881396e-02 
 7.582505e+00 -4.952635e-02 
 7.582902e+00 -5.014330e-02 
 7.583300e+00 -5.064633e-02 
 7.583698e+00 -5.103039e-02 
 7.584095e+00 -5.131959e-02 
 7.584493e+00 -5.153736e-02 
 7.584891e+00 -5.168418e-02 
 7.585288e+00 -5.175588e-02 
 7.585686e+00 -5.173642e-02 
 7.586084e+00 -5.161828e-02 
 7.586482e+00 -5.140548e-02 
 7.586879e+00 -5.112096e-02 
 7.587277e+00 -5.079813e-02 
 7.587675e+00 -5.046432e-02 
 7.588072e+00 -5.013765e-02 
 7.588470e+00 -4.981983e-02 
 7.588868e+00 -4.948694e-02 
 7.589265e+00 -4.910806e-02 
 7.589663e+00 -4.867320e-02 
 7.590061e+00 -4.820370e-02 
 7.590459e+00 -4.773774e-02 
 7.590856e+00 -4.731197e-02 
 7.591254e+00 -4.695004e-02 
 7.591652e+00 -4.663851e-02 
 7.592049e+00 -4.633366e-02 
 7.592447e+00 -4.599393e-02 
 7.592845e+00 -4.558961e-02 
 7.593242e+00 -4.512735e-02 
 7.593640e+00 -4.463519e-02 
 7.594038e+00 -4.417035e-02 
 7.594435e+00 -4.378770e-02 
 7.594833e+00 -4.351444e-02 
 7.595231e+00 -4.334486e-02 
 7.595629e+00 -4.325779e-02 
 7.596026e+00 -4.323502e-02 
 7.596424e+00 -4.326761e-02 
 7.596822e+00 -4.336357e-02 
 7.597219e+00 -4.354050e-02 
 7.597617e+00 -4.378464e-02 
 7.598015e+00 -4.405817e-02 
 7.598412e+00 -4.432340e-02 
 7.598810e+00 -4.453244e-02 
 7.599208e+00 -4.465190e-02 
 7.599606e+00 -4.467982e-02 
 7.600003e+00 -4.462782e-02 
 7.600401e+00 -4.451398e-02 
 7.600799e+00 -4.435046e-02 
 7.601196e+00 -4.412587e-02 
 7.601594e+00 -4.381502e-02 
 7.601992e+00 -4.339375e-02 
 7.602389e+00 -4.284280e-02 
 7.602787e+00 -4.218757e-02 
 7.603185e+00 -4.147266e-02 
 7.603582e+00 -4.073001e-02 
 7.603980e+00 -3.997716e-02 
 7.604378e+00 -3.921215e-02 
 7.604776e+00 -3.841199e-02 
 7.605173e+00 -3.755725e-02 
 7.605571e+00 -3.664894e-02 
 7.605969e+00 -3.570155e-02 
 7.606366e+00 -3.474154e-02 
 7.606764e+00 -3.379875e-02 
 7.607162e+00 -3.289679e-02 
 7.607559e+00 -3.202770e-02 
 7.607957e+00 -3.116960e-02 
 7.608355e+00 -3.029846e-02 
 7.608753e+00 -2.940667e-02 
 7.609150e+00 -2.850959e-02 
 7.609548e+00 -2.763896e-02 
 7.609946e+00 -2.683231e-02 
 7.610343e+00 -2.609448e-02 
 7.610741e+00 -2.541779e-02 
 7.611139e+00 -2.477421e-02 
 7.611536e+00 -2.414124e-02 
 7.611934e+00 -2.350329e-02 
 7.612332e+00 -2.286014e-02 
 7.612729e+00 -2.222775e-02 
 7.613127e+00 -2.163251e-02 
 7.613525e+00 -2.109741e-02 
 7.613923e+00 -2.062652e-02 
 7.614320e+00 -2.021071e-02 
 7.614718e+00 -1.983568e-02 
 7.615116e+00 -1.948834e-02 
 7.615513e+00 -1.916568e-02 
 7.615911e+00 -1.887685e-02 
 7.616309e+00 -1.861011e-02 
 7.616706e+00 -1.835893e-02 
 7.617104e+00 -1.811128e-02 
 7.617502e+00 -1.784119e-02 
 7.617900e+00 -1.752033e-02 
 7.618297e+00 -1.713962e-02 
 7.618695e+00 -1.669293e-02 
 7.619093e+00 -1.619968e-02 
 7.619490e+00 -1.570248e-02 
 7.619888e+00 -1.524127e-02 
 7.620286e+00 -1.484069e-02 
 7.620683e+00 -1.449266e-02 
 7.621081e+00 -1.417908e-02 
 7.621479e+00 -1.388341e-02 
 7.621876e+00 -1.360743e-02 
 7.622274e+00 -1.336764e-02 
 7.622672e+00 -1.318412e-02 
 7.623070e+00 -1.307949e-02 
 7.623467e+00 -1.306937e-02 
 7.623865e+00 -1.313177e-02 
 7.624263e+00 -1.324303e-02 
 7.624660e+00 -1.335519e-02 
 7.625058e+00 -1.343848e-02 
 7.625456e+00 -1.349648e-02 
 7.625853e+00 -1.354768e-02 
 7.626251e+00 -1.361419e-02 
 7.626649e+00 -1.370687e-02 
 7.627047e+00 -1.381430e-02 
 7.627444e+00 -1.390999e-02 
 7.627842e+00 -1.397616e-02 
 7.628240e+00 -1.401408e-02 
 7.628637e+00 -1.402957e-02 
 7.629035e+00 -1.403085e-02 
 7.629433e+00 -1.403114e-02 
 7.629830e+00 -1.402243e-02 
 7.630228e+00 -1.398043e-02 
 7.630626e+00 -1.387837e-02 
 7.631023e+00 -1.369006e-02 
 7.631421e+00 -1.340047e-02 
 7.631819e+00 -1.302709e-02 
 7.632217e+00 -1.259292e-02 
 7.632614e+00 -1.211072e-02 
 7.633012e+00 -1.156983e-02 
 7.633410e+00 -1.095025e-02 
 7.633807e+00 -1.022839e-02 
 7.634205e+00 -9.390222e-03 
 7.634603e+00 -8.444538e-03 
 7.635000e+00 -7.401691e-03 
 7.635398e+00 -6.286821e-03 
 7.635796e+00 -5.118167e-03 
 7.636194e+00 -3.904937e-03 
 7.636591e+00 -2.643374e-03 
 7.636989e+00 -1.325210e-03 
 7.637387e+00  5.605769e-05 
 7.637784e+00  1.474645e-03 
 7.638182e+00  2.880688e-03 
 7.638580e+00  4.221500e-03 
 7.638977e+00  5.456994e-03 
 7.639375e+00  6.560312e-03 
 7.639773e+00  7.539396e-03 
 7.640170e+00  8.413505e-03 
 7.640568e+00  9.196664e-03 
 7.640966e+00  9.900237e-03 
 7.641364e+00  1.053346e-02 
 7.641761e+00  1.108912e-02 
 7.642159e+00  1.155332e-02 
 7.642557e+00  1.192805e-02 
 7.642954e+00  1.223715e-02 
 7.643352e+00  1.250962e-02 
 7.643750e+00  1.278531e-02 
 7.644147e+00  1.308422e-02 
 7.644545e+00  1.339910e-02 
 7.644943e+00  1.372270e-02 
 7.645341e+00  1.402782e-02 
 7.645738e+00  1.430310e-02 
 7.646136e+00  1.453503e-02 
 7.646534e+00  1.470988e-02 
 7.646931e+00  1.482906e-02 
 7.647329e+00  1.490088e-02 
 7.647727e+00  1.492675e-02 
 7.648124e+00  1.489534e-02 
 7.648522e+00  1.480034e-02 
 7.648920e+00  1.463682e-02 
 7.649317e+00  1.442141e-02 
 7.649715e+00  1.417427e-02 
 7.650113e+00  1.392932e-02 
 7.650511e+00  1.369241e-02 
 7.650908e+00  1.344759e-02 
 7.651306e+00  1.318521e-02 
 7.651704e+00  1.288681e-02 
 7.652101e+00  1.254068e-02 
 7.652499e+00  1.215208e-02 
 7.652897e+00  1.174310e-02 
 7.653294e+00  1.132975e-02 
 7.653692e+00  1.092352e-02 
 7.654090e+00  1.052662e-02 
 7.654488e+00  1.011236e-02 
 7.654885e+00  9.651912e-03 
 7.655283e+00  9.126075e-03 
 7.655681e+00  8.525076e-03 
 7.656078e+00  7.868285e-03 
 7.656476e+00  7.171248e-03 
 7.656874e+00  6.436208e-03 
 7.657271e+00  5.652279e-03 
 7.657669e+00  4.798809e-03 
 7.658067e+00  3.862056e-03 
 7.658464e+00  2.832824e-03 
 7.658862e+00  1.718907e-03 
 7.659260e+00  5.464970e-04 
 7.659658e+00 -6.473235e-04 
 7.660055e+00 -1.830618e-03 
 7.660453e+00 -2.990963e-03 
 7.660851e+00 -4.126466e-03 
 7.661248e+00 -5.233042e-03 
 7.661646e+00 -6.302555e-03 
 7.662044e+00 -7.315954e-03 
 7.662441e+00 -8.239668e-03 
 7.662839e+00 -9.054463e-03 
 7.663237e+00 -9.767766e-03 
 7.663635e+00 -1.039572e-02 
 7.664032e+00 -1.096583e-02 
 7.664430e+00 -1.150916e-02 
 7.664828e+00 -1.205171e-02 
 7.665225e+00 -1.260281e-02 
 7.665623e+00 -1.316663e-02 
 7.666021e+00 -1.373798e-02 
 7.666418e+00 -1.431710e-02 
 7.666816e+00 -1.491651e-02 
 7.667214e+00 -1.555495e-02 
 7.667611e+00 -1.624205e-02 
 7.668009e+00 -1.697767e-02 
 7.668407e+00 -1.774489e-02 
 7.668805e+00 -1.852296e-02 
 7.669202e+00 -1.929927e-02 
 7.669600e+00 -2.007085e-02 
 7.669998e+00 -2.084659e-02 
 7.670395e+00 -2.164914e-02 
 7.670793e+00 -2.249400e-02 
 7.671191e+00 -2.340052e-02 
 7.671588e+00 -2.437774e-02 
 7.671986e+00 -2.542536e-02 
 7.672384e+00 -2.652174e-02 
 7.672782e+00 -2.765013e-02 
 7.673179e+00 -2.881142e-02 
 7.673577e+00 -3.000217e-02 
 7.673975e+00 -3.122394e-02 
 7.674372e+00 -3.248371e-02 
 7.674770e+00 -3.377445e-02 
 7.675168e+00 -3.507848e-02 
 7.675565e+00 -3.638599e-02 
 7.675963e+00 -3.768206e-02 
 7.676361e+00 -3.894074e-02 
 7.676758e+00 -4.014203e-02 
 7.677156e+00 -4.128074e-02 
 7.677554e+00 -4.235473e-02 
 7.677952e+00 -4.336811e-02 
 7.678349e+00 -4.431650e-02 
 7.678747e+00 -4.519310e-02 
 7.679145e+00 -4.599320e-02 
 7.679542e+00 -4.671950e-02 
 7.679940e+00 -4.737032e-02 
 7.680338e+00 -4.794088e-02 
 7.680735e+00 -4.842362e-02 
 7.681133e+00 -4.880179e-02 
 7.681531e+00 -4.907044e-02 
 7.681929e+00 -4.923541e-02 
 7.682326e+00 -4.930689e-02 
 7.682724e+00 -4.930836e-02 
 7.683122e+00 -4.926398e-02 
 7.683519e+00 -4.920138e-02 
 7.683917e+00 -4.913659e-02 
 7.684315e+00 -4.908117e-02 
 7.684712e+00 -4.902585e-02 
 7.685110e+00 -4.894954e-02 
 7.685508e+00 -4.884056e-02 
 7.685905e+00 -4.869950e-02 
 7.686303e+00 -4.852449e-02 
 7.686701e+00 -4.831998e-02 
 7.687099e+00 -4.808229e-02 
 7.687496e+00 -4.780419e-02 
 7.687894e+00 -4.748062e-02 
 7.688292e+00 -4.711191e-02 
 7.688689e+00 -4.669952e-02 
 7.689087e+00 -4.624589e-02 
 7.689485e+00 -4.576048e-02 
 7.689882e+00 -4.525520e-02 
 7.690280e+00 -4.475659e-02 
 7.690678e+00 -4.428124e-02 
 7.691076e+00 -4.382492e-02 
 7.691473e+00 -4.338367e-02 
 7.691871e+00 -4.295128e-02 
 7.692269e+00 -4.252411e-02 
 7.692666e+00 -4.209509e-02 
 7.693064e+00 -4.166074e-02 
 7.693462e+00 -4.120741e-02 
 7.693859e+00 -4.072029e-02 
 7.694257e+00 -4.020061e-02 
 7.694655e+00 -3.964312e-02 
 7.695052e+00 -3.904190e-02 
 7.695450e+00 -3.838920e-02 
 7.695848e+00 -3.768315e-02 
 7.696246e+00 -3.692984e-02 
 7.696643e+00 -3.615274e-02 
 7.697041e+00 -3.537013e-02 
 7.697439e+00 -3.459848e-02 
 7.697836e+00 -3.386297e-02 
 7.698234e+00 -3.318294e-02 
 7.698632e+00 -3.257150e-02 
 7.699029e+00 -3.203833e-02 
 7.699427e+00 -3.158800e-02 
 7.699825e+00 -3.121774e-02 
 7.700223e+00 -3.092898e-02 
 7.700620e+00 -3.072697e-02 
 7.701018e+00 -3.061115e-02 
 7.701416e+00 -3.057456e-02 
 7.701813e+00 -3.061252e-02 
 7.702211e+00 -3.072462e-02 
 7.702609e+00 -3.091292e-02 
 7.703006e+00 -3.118234e-02 
 7.703404e+00 -3.152444e-02 
 7.703802e+00 -3.192733e-02 
 7.704199e+00 -3.237848e-02 
 7.704597e+00 -3.285531e-02 
 7.704995e+00 -3.333473e-02 
 7.705393e+00 -3.379771e-02 
 7.705790e+00 -3.422706e-02 
 7.706188e+00 -3.461357e-02 
 7.706586e+00 -3.496134e-02 
 7.706983e+00 -3.528018e-02 
 7.707381e+00 -3.556897e-02 
 7.707779e+00 -3.582719e-02 
 7.708176e+00 -3.605423e-02 
 7.708574e+00 -3.624229e-02 
 7.708972e+00 -3.639354e-02 
 7.709370e+00 -3.649902e-02 
 7.709767e+00 -3.655515e-02 
 7.710165e+00 -3.655345e-02 
 7.710563e+00 -3.648730e-02 
 7.710960e+00 -3.636298e-02 
 7.711358e+00 -3.617856e-02 
 7.711756e+00 -3.593538e-02 
 7.712153e+00 -3.562556e-02 
 7.712551e+00 -3.524333e-02 
 7.712949e+00 -3.478516e-02 
 7.713346e+00 -3.424928e-02 
 7.713744e+00 -3.362664e-02 
 7.714142e+00 -3.292487e-02 
 7.714540e+00 -3.215111e-02 
 7.714937e+00 -3.131825e-02 
 7.715335e+00 -3.045253e-02 
 7.715733e+00 -2.957941e-02 
 7.716130e+00 -2.871110e-02 
 7.716528e+00 -2.786443e-02 
 7.716926e+00 -2.706108e-02 
 7.717323e+00 -2.631307e-02 
 7.717721e+00 -2.561924e-02 
 7.718119e+00 -2.498131e-02 
 7.718517e+00 -2.438532e-02 
 7.718914e+00 -2.382392e-02 
 7.719312e+00 -2.329342e-02 
 7.719710e+00 -2.279016e-02 
 7.720107e+00 -2.230581e-02 
 7.720505e+00 -2.182555e-02 
 7.720903e+00 -2.133453e-02 
 7.721300e+00 -2.083328e-02 
 7.721698e+00 -2.031570e-02 
 7.722096e+00 -1.977901e-02 
 7.722493e+00 -1.922065e-02 
 7.722891e+00 -1.865209e-02 
 7.723289e+00 -1.808095e-02 
 7.723687e+00 -1.751107e-02 
 7.724084e+00 -1.694188e-02 
 7.724482e+00 -1.635745e-02 
 7.724880e+00 -1.574747e-02 
 7.725277e+00 -1.510889e-02 
 7.725675e+00 -1.444825e-02 
 7.726073e+00 -1.377016e-02 
 7.726470e+00 -1.309153e-02 
 7.726868e+00 -1.242066e-02 
 7.727266e+00 -1.176348e-02 
 7.727664e+00 -1.112449e-02 
 7.728061e+00 -1.049954e-02 
 7.728459e+00 -9.867286e-03 
 7.728857e+00 -9.214265e-03 
 7.729254e+00 -8.533739e-03 
 7.729652e+00 -7.830453e-03 
 7.730050e+00 -7.112816e-03 
 7.730447e+00 -6.388432e-03 
 7.730845e+00 -5.657839e-03 
 7.731243e+00 -4.920067e-03 
 7.731640e+00 -4.182649e-03 
 7.732038e+00 -3.443825e-03 
 7.732436e+00 -2.709149e-03 
 7.732834e+00 -1.981046e-03 
 7.733231e+00 -1.266479e-03 
 7.733629e+00 -5.778268e-04 
 7.734027e+00  6.980749e-05 
 7.734424e+00  6.633632e-04 
 7.734822e+00  1.201854e-03 
 7.735220e+00  1.685706e-03 
 7.735617e+00  2.115373e-03 
 7.736015e+00  2.486485e-03 
 7.736413e+00  2.799851e-03 
 7.736811e+00  3.066854e-03 
 7.737208e+00  3.317337e-03 
 7.737606e+00  3.573651e-03 
 7.738004e+00  3.855961e-03 
 7.738401e+00  4.187916e-03 
 7.738799e+00  4.583860e-03 
 7.739197e+00  5.051049e-03 
 7.739594e+00  5.593911e-03 
 7.739992e+00  6.205206e-03 
 7.740390e+00  6.872873e-03 
 7.740787e+00  7.595010e-03 
 7.741185e+00  8.367416e-03 
 7.741583e+00  9.184924e-03 
 7.741981e+00  1.002864e-02 
 7.742378e+00  1.087535e-02 
 7.742776e+00  1.170385e-02 
 7.743174e+00  1.249712e-02 
 7.743571e+00  1.324549e-02 
 7.743969e+00  1.394031e-02 
 7.744367e+00  1.458551e-02 
 7.744764e+00  1.517594e-02 
 7.745162e+00  1.570919e-02 
 7.745560e+00  1.616789e-02 
 7.745958e+00  1.653977e-02 
 7.746355e+00  1.680854e-02 
 7.746753e+00  1.697759e-02 
 7.747151e+00  1.707000e-02 
 7.747548e+00  1.710518e-02 
 7.747946e+00  1.709900e-02 
 7.748344e+00  1.705263e-02 
 7.748741e+00  1.695742e-02 
 7.749139e+00  1.679707e-02 
 7.749537e+00  1.656295e-02 
 7.749934e+00  1.624861e-02 
 7.750332e+00  1.585663e-02 
 7.750730e+00  1.539454e-02 
 7.751128e+00  1.487054e-02 
 7.751525e+00  1.427365e-02 
 7.751923e+00  1.359154e-02 
 7.752321e+00  1.280513e-02 
 7.752718e+00  1.190690e-02 
 7.753116e+00  1.090927e-02 
 7.753514e+00  9.836424e-03 
 7.753911e+00  8.709801e-03 
 7.754309e+00  7.546101e-03 
 7.754707e+00  6.355539e-03 
 7.755105e+00  5.133975e-03 
 7.755502e+00  3.883030e-03 
 7.755900e+00  2.617242e-03 
 7.756298e+00  1.347535e-03 
 7.756695e+00  1.002300e-04 
 7.757093e+00 -1.088591e-03 
 7.757491e+00 -2.196065e-03 
 7.757888e+00 -3.213248e-03 
 7.758286e+00 -4.150772e-03 
 7.758684e+00 -5.025805e-03 
 7.759081e+00 -5.864346e-03 
 7.759479e+00 -6.677203e-03 
 7.759877e+00 -7.470702e-03 
 7.760275e+00 -8.250767e-03 
 7.760672e+00 -9.021253e-03 
 7.761070e+00 -9.793215e-03 
 7.761468e+00 -1.057530e-02 
 7.761865e+00 -1.137798e-02 
 7.762263e+00 -1.220603e-02 
 7.762661e+00 -1.306353e-02 
 7.763058e+00 -1.394729e-02 
 7.763456e+00 -1.484361e-02 
 7.763854e+00 -1.574031e-02 
 7.764252e+00 -1.662891e-02 
 7.764649e+00 -1.751065e-02 
 7.765047e+00 -1.839057e-02 
 7.765445e+00 -1.926518e-02 
 7.765842e+00 -2.012865e-02 
 7.766240e+00 -2.095601e-02 
 7.766638e+00 -2.173302e-02 
 7.767035e+00 -2.245514e-02 
 7.767433e+00 -2.312796e-02 
 7.767831e+00 -2.376849e-02 
 7.768228e+00 -2.439101e-02 
 7.768626e+00 -2.500639e-02 
 7.769024e+00 -2.561798e-02 
 7.769422e+00 -2.620829e-02 
 7.769819e+00 -2.674934e-02 
 7.770217e+00 -2.723026e-02 
 7.770615e+00 -2.764045e-02 
 7.771012e+00 -2.799023e-02 
 7.771410e+00 -2.830518e-02 
 7.771808e+00 -2.859730e-02 
 7.772205e+00 -2.886735e-02 
 7.772603e+00 -2.909377e-02 
 7.773001e+00 -2.926037e-02 
 7.773399e+00 -2.935163e-02 
 7.773796e+00 -2.937062e-02 
 7.774194e+00 -2.934116e-02 
 7.774592e+00 -2.928731e-02 
 7.774989e+00 -2.923602e-02 
 7.775387e+00 -2.920264e-02 
 7.775785e+00 -2.918514e-02 
 7.776182e+00 -2.917167e-02 
 7.776580e+00 -2.915435e-02 
 7.776978e+00 -2.913327e-02 
 7.777375e+00 -2.913132e-02 
 7.777773e+00 -2.917232e-02 
 7.778171e+00 -2.928568e-02 
 7.778569e+00 -2.946935e-02 
 7.778966e+00 -2.972150e-02 
 7.779364e+00 -3.003328e-02 
 7.779762e+00 -3.039563e-02 
 7.780159e+00 -3.080531e-02 
 7.780557e+00 -3.127065e-02 
 7.780955e+00 -3.179746e-02 
 7.781352e+00 -3.238804e-02 
 7.781750e+00 -3.304011e-02 
 7.782148e+00 -3.373281e-02 
 7.782546e+00 -3.443325e-02 
 7.782943e+00 -3.511690e-02 
 7.783341e+00 -3.576657e-02 
 7.783739e+00 -3.638512e-02 
 7.784136e+00 -3.698868e-02 
 7.784534e+00 -3.757929e-02 
 7.784932e+00 -3.814961e-02 
 7.785329e+00 -3.869162e-02 
 7.785727e+00 -3.919025e-02 
 7.786125e+00 -3.964486e-02 
 7.786522e+00 -4.005629e-02 
 7.786920e+00 -4.043710e-02 
 7.787318e+00 -4.079615e-02 
 7.787716e+00 -4.114345e-02 
 7.788113e+00 -4.148329e-02 
 7.788511e+00 -4.179741e-02 
 7.788909e+00 -4.205710e-02 
 7.789306e+00 -4.224340e-02 
 7.789704e+00 -4.234662e-02 
 7.790102e+00 -4.237288e-02 
 7.790499e+00 -4.233754e-02 
 7.790897e+00 -4.225419e-02 
 7.791295e+00 -4.212541e-02 
 7.791693e+00 -4.194911e-02 
 7.792090e+00 -4.172430e-02 
 7.792488e+00 -4.145381e-02 
 7.792886e+00 -4.114162e-02 
 7.793283e+00 -4.079799e-02 
 7.793681e+00 -4.045216e-02 
 7.794079e+00 -4.013555e-02 
 7.794476e+00 -3.986783e-02 
 7.794874e+00 -3.965217e-02 
 7.795272e+00 -3.947984e-02 
 7.795669e+00 -3.935305e-02 
 7.796067e+00 -3.926324e-02 
 7.796465e+00 -3.921718e-02 
 7.796863e+00 -3.923374e-02 
 7.797260e+00 -3.930731e-02 
 7.797658e+00 -3.943151e-02 
 7.798056e+00 -3.959206e-02 
 7.798453e+00 -3.976053e-02 
 7.798851e+00 -3.990409e-02 
 7.799249e+00 -4.000857e-02 
 7.799646e+00 -4.007434e-02 
 7.800044e+00 -4.011885e-02 
 7.800442e+00 -4.017119e-02 
 7.800840e+00 -4.024155e-02 
 7.801237e+00 -4.031800e-02 
 7.801635e+00 -4.038017e-02 
 7.802033e+00 -4.040204e-02 
 7.802430e+00 -4.036982e-02 
 7.802828e+00 -4.028982e-02 
 7.803226e+00 -4.017087e-02 
 7.803623e+00 -4.003415e-02 
 7.804021e+00 -3.989869e-02 
 7.804419e+00 -3.977510e-02 
 7.804816e+00 -3.966056e-02 
 7.805214e+00 -3.954442e-02 
 7.805612e+00 -3.941817e-02 
 7.806010e+00 -3.927881e-02 
 7.806407e+00 -3.913967e-02 
 7.806805e+00 -3.901385e-02 
 7.807203e+00 -3.892159e-02 
 7.807600e+00 -3.885101e-02 
 7.807998e+00 -3.878346e-02 
 7.808396e+00 -3.870922e-02 
 7.808793e+00 -3.861718e-02 
 7.809191e+00 -3.850590e-02 
 7.809589e+00 -3.837762e-02 
 7.809987e+00 -3.824128e-02 
 7.810384e+00 -3.811056e-02 
 7.810782e+00 -3.799906e-02 
 7.811180e+00 -3.790631e-02 
 7.811577e+00 -3.782437e-02 
 7.811975e+00 -3.775058e-02 
 7.812373e+00 -3.768295e-02 
 7.812770e+00 -3.763282e-02 
 7.813168e+00 -3.761151e-02 
 7.813566e+00 -3.761644e-02 
 7.813963e+00 -3.762882e-02 
 7.814361e+00 -3.763266e-02 
 7.814759e+00 -3.760358e-02 
 7.815157e+00 -3.752480e-02 
 7.815554e+00 -3.738352e-02 
 7.815952e+00 -3.717317e-02 
 7.816350e+00 -3.688741e-02 
 7.816747e+00 -3.651520e-02 
 7.817145e+00 -3.604190e-02 
 7.817543e+00 -3.543577e-02 
 7.817940e+00 -3.467825e-02 
 7.818338e+00 -3.376652e-02 
 7.818736e+00 -3.271139e-02 
 7.819134e+00 -3.155857e-02 
 7.819531e+00 -3.035120e-02 
 7.819929e+00 -2.911435e-02 
 7.820327e+00 -2.787167e-02 
 7.820724e+00 -2.662426e-02 
 7.821122e+00 -2.536220e-02 
 7.821520e+00 -2.408005e-02 
 7.821917e+00 -2.277676e-02 
 7.822315e+00 -2.146416e-02 
 7.822713e+00 -2.015586e-02 
 7.823110e+00 -1.887193e-02 
 7.823508e+00 -1.762056e-02 
 7.823906e+00 -1.639634e-02 
 7.824304e+00 -1.518492e-02 
 7.824701e+00 -1.397658e-02 
 7.825099e+00 -1.277778e-02 
 7.825497e+00 -1.159901e-02 
 7.825894e+00 -1.046873e-02 
 7.826292e+00 -9.389376e-03 
 7.826690e+00 -8.373686e-03 
 7.827087e+00 -7.413568e-03 
 7.827485e+00 -6.495086e-03 
 7.827883e+00 -5.617223e-03 
 7.828281e+00 -4.774849e-03 
 7.828678e+00 -3.981538e-03 
 7.829076e+00 -3.249230e-03 
 7.829474e+00 -2.601983e-03 
 7.829871e+00 -2.040625e-03 
 7.830269e+00 -1.555319e-03 
 7.830667e+00 -1.128038e-03 
 7.831064e+00 -7.404998e-04 
 7.831462e+00 -3.843120e-04 
 7.831860e+00 -7.098522e-05 
 7.832257e+00  1.940971e-04 
 7.832655e+00  4.278594e-04 
 7.833053e+00  6.357224e-04 
 7.833451e+00  8.412399e-04 
 7.833848e+00  1.075740e-03 
 7.834246e+00  1.359173e-03 
 7.834644e+00  1.702984e-03 
 7.835041e+00  2.110373e-03 
 7.835439e+00  2.567661e-03 
 7.835837e+00  3.053314e-03 
 7.836234e+00  3.571211e-03 
 7.836632e+00  4.130077e-03 
 7.837030e+00  4.727598e-03 
 7.837428e+00  5.354447e-03 
 7.837825e+00  5.985988e-03 
 7.838223e+00  6.583856e-03 
 7.838621e+00  7.112130e-03 
 7.839018e+00  7.551103e-03 
 7.839416e+00  7.883139e-03 
 7.839814e+00  8.101125e-03 
 7.840211e+00  8.217386e-03 
 7.840609e+00  8.245948e-03 
 7.841007e+00  8.197766e-03 
 7.841404e+00  8.083968e-03 
 7.841802e+00  7.910071e-03 
 7.842200e+00  7.692783e-03 
 7.842598e+00  7.464770e-03 
 7.842995e+00  7.246778e-03 
 7.843393e+00  7.054782e-03 
 7.843791e+00  6.905999e-03 
 7.844188e+00  6.792405e-03 
 7.844586e+00  6.686038e-03 
 7.844984e+00  6.581220e-03 
 7.845381e+00  6.467372e-03 
 7.845779e+00  6.345566e-03 
 7.846177e+00  6.223755e-03 
 7.846575e+00  6.123840e-03 
 7.846972e+00  6.051761e-03 
 7.847370e+00  5.999322e-03 
 7.847768e+00  5.948730e-03 
 7.848165e+00  5.872150e-03 
 7.848563e+00  5.747322e-03 
 7.848961e+00  5.585880e-03 
 7.849358e+00  5.402566e-03 
 7.849756e+00  5.215045e-03 
 7.850154e+00  5.046713e-03 
 7.850551e+00  4.905032e-03 
 7.850949e+00  4.779129e-03 
 7.851347e+00  4.663141e-03 
 7.851745e+00  4.539316e-03 
 7.852142e+00  4.399238e-03 
 7.852540e+00  4.252546e-03 
 7.852938e+00  4.110901e-03 
 7.853335e+00  3.981926e-03 
 7.853733e+00  3.869959e-03 
 7.854131e+00  3.770987e-03 
 7.854528e+00  3.658549e-03 
 7.854926e+00  3.526028e-03 
 7.855324e+00  3.361003e-03 
 7.855722e+00  3.149774e-03 
 7.856119e+00  2.882611e-03 
 7.856517e+00  2.548061e-03 
 7.856915e+00  2.123778e-03 
 7.857312e+00  1.591296e-03 
 7.857710e+00  9.493132e-04 
 7.858108e+00  1.887399e-04 
 7.858505e+00 -6.896256e-04 
 7.858903e+00 -1.663325e-03 
 7.859301e+00 -2.720344e-03 
 7.859698e+00 -3.834331e-03 
 7.860096e+00 -4.986310e-03 
 7.860494e+00 -6.148674e-03 
 7.860892e+00 -7.306871e-03 
 7.861289e+00 -8.449534e-03 
 7.861687e+00 -9.546745e-03 
 7.862085e+00 -1.058627e-02 
 7.862482e+00 -1.155267e-02 
 7.862880e+00 -1.244350e-02 
 7.863278e+00 -1.326549e-02 
 7.863675e+00 -1.403238e-02 
 7.864073e+00 -1.475962e-02 
 7.864471e+00 -1.546039e-02 
 7.864869e+00 -1.613819e-02 
 7.865266e+00 -1.678766e-02 
 7.865664e+00 -1.739590e-02 
 7.866062e+00 -1.796159e-02 
 7.866459e+00 -1.847497e-02 
 7.866857e+00 -1.895291e-02 
 7.867255e+00 -1.940921e-02 
 7.867652e+00 -1.984732e-02 
 7.868050e+00 -2.026539e-02 
 7.868448e+00 -2.065504e-02 
 7.868845e+00 -2.100145e-02 
 7.869243e+00 -2.129654e-02 
 7.869641e+00 -2.155415e-02 
 7.870039e+00 -2.178754e-02 
 7.870436e+00 -2.201269e-02 
 7.870834e+00 -2.225515e-02 
 7.871232e+00 -2.252629e-02 
 7.871629e+00 -2.282965e-02 
 7.872027e+00 -2.316037e-02 
 7.872425e+00 -2.350830e-02 
 7.872822e+00 -2.386633e-02 
 7.873220e+00 -2.423561e-02 
 7.873618e+00 -2.461712e-02 
 7.874016e+00 -2.500347e-02 
 7.874413e+00 -2.539445e-02 
 7.874811e+00 -2.577582e-02 
 7.875209e+00 -2.614022e-02 
 7.875606e+00 -2.649011e-02 
 7.876004e+00 -2.683593e-02 
 7.876402e+00 -2.718422e-02 
 7.876799e+00 -2.754701e-02 
 7.877197e+00 -2.792498e-02 
 7.877595e+00 -2.831646e-02 
 7.877992e+00 -2.870777e-02 
 7.878390e+00 -2.906837e-02 
 7.878788e+00 -2.938042e-02 
 7.879186e+00 -2.963500e-02 
 7.879583e+00 -2.983904e-02 
 7.879981e+00 -3.000050e-02 
 7.880379e+00 -3.012146e-02 
 7.880776e+00 -3.021398e-02 
 7.881174e+00 -3.028101e-02 
 7.881572e+00 -3.032711e-02 
 7.881969e+00 -3.036438e-02 
 7.882367e+00 -3.039919e-02 
 7.882765e+00 -3.043370e-02 
 7.883163e+00 -3.047890e-02 
 7.883560e+00 -3.055121e-02 
 7.883958e+00 -3.066526e-02 
 7.884356e+00 -3.081130e-02 
 7.884753e+00 -3.099311e-02 
 7.885151e+00 -3.120827e-02 
 7.885549e+00 -3.146389e-02 
 7.885946e+00 -3.175952e-02 
 7.886344e+00 -3.209466e-02 
 7.886742e+00 -3.245386e-02 
 7.887139e+00 -3.283009e-02 
 7.887537e+00 -3.321810e-02 
 7.887935e+00 -3.362119e-02 
 7.888333e+00 -3.405978e-02 
 7.888730e+00 -3.454506e-02 
 7.889128e+00 -3.508823e-02 
 7.889526e+00 -3.570735e-02 
 7.889923e+00 -3.639956e-02 
 7.890321e+00 -3.715992e-02 
 7.890719e+00 -3.797035e-02 
 7.891116e+00 -3.881095e-02 
 7.891514e+00 -3.965800e-02 
 7.891912e+00 -4.050836e-02 
 7.892310e+00 -4.134407e-02 
 7.892707e+00 -4.215055e-02 
 7.893105e+00 -4.290993e-02 
 7.893503e+00 -4.360049e-02 
 7.893900e+00 -4.420543e-02 
 7.894298e+00 -4.471365e-02 
 7.894696e+00 -4.511992e-02 
 7.895093e+00 -4.542611e-02 
 7.895491e+00 -4.563798e-02 
 7.895889e+00 -4.577055e-02 
 7.896286e+00 -4.583336e-02 
 7.896684e+00 -4.583717e-02 
 7.897082e+00 -4.578083e-02 
 7.897480e+00 -4.565824e-02 
 7.897877e+00 -4.547469e-02 
 7.898275e+00 -4.522948e-02 
 7.898673e+00 -4.492906e-02 
 7.899070e+00 -4.458702e-02 
 7.899468e+00 -4.421704e-02 
 7.899866e+00 -4.383789e-02 
 7.900263e+00 -4.346021e-02 
 7.900661e+00 -4.309912e-02 
 7.901059e+00 -4.275787e-02 
 7.901457e+00 -4.243310e-02 
 7.901854e+00 -4.212891e-02 
 7.902252e+00 -4.184664e-02 
 7.902650e+00 -4.157943e-02 
 7.903047e+00 -4.131756e-02 
 7.903445e+00 -4.105995e-02 
 7.903843e+00 -4.081204e-02 
 7.904240e+00 -4.056818e-02 
 7.904638e+00 -4.034533e-02 
 7.905036e+00 -4.013924e-02 
 7.905433e+00 -3.993729e-02 
 7.905831e+00 -3.972980e-02 
 7.906229e+00 -3.950461e-02 
 7.906627e+00 -3.926142e-02 
 7.907024e+00 -3.900672e-02 
 7.907422e+00 -3.876014e-02 
 7.907820e+00 -3.854257e-02 
 7.908217e+00 -3.837249e-02 
 7.908615e+00 -3.825785e-02 
 7.909013e+00 -3.819540e-02 
 7.909410e+00 -3.816183e-02 
 7.909808e+00 -3.813373e-02 
 7.910206e+00 -3.808965e-02 
 7.910604e+00 -3.802425e-02 
 7.911001e+00 -3.792979e-02 
 7.911399e+00 -3.778561e-02 
 7.911797e+00 -3.758422e-02 
 7.912194e+00 -3.731010e-02 
 7.912592e+00 -3.694879e-02 
 7.912990e+00 -3.649942e-02 
 7.913387e+00 -3.596995e-02 
 7.913785e+00 -3.537079e-02 
 7.914183e+00 -3.472936e-02 
 7.914580e+00 -3.407100e-02 
 7.914978e+00 -3.341283e-02 
 7.915376e+00 -3.277516e-02 
 7.915774e+00 -3.215240e-02 
 7.916171e+00 -3.154709e-02 
 7.916569e+00 -3.096474e-02 
 7.916967e+00 -3.041526e-02 
 7.917364e+00 -2.990762e-02 
 7.917762e+00 -2.945354e-02 
 7.918160e+00 -2.904553e-02 
 7.918557e+00 -2.866655e-02 
 7.918955e+00 -2.829576e-02 
 7.919353e+00 -2.791336e-02 
 7.919751e+00 -2.751481e-02 
 7.920148e+00 -2.709551e-02 
 7.920546e+00 -2.665822e-02 
 7.920944e+00 -2.620433e-02 
 7.921341e+00 -2.573128e-02 
 7.921739e+00 -2.523153e-02 
 7.922137e+00 -2.468783e-02 
 7.922534e+00 -2.408588e-02 
 7.922932e+00 -2.341875e-02 
 7.923330e+00 -2.269886e-02 
 7.923727e+00 -2.194090e-02 
 7.924125e+00 -2.115482e-02 
 7.924523e+00 -2.034115e-02 
 7.924921e+00 -1.949361e-02 
 7.925318e+00 -1.860112e-02 
 7.925716e+00 -1.767541e-02 
 7.926114e+00 -1.671929e-02 
 7.926511e+00 -1.574532e-02 
 7.926909e+00 -1.477573e-02 
 7.927307e+00 -1.382454e-02 
 7.927704e+00 -1.289219e-02 
 7.928102e+00 -1.196359e-02 
 7.928500e+00 -1.101864e-02 
 7.928898e+00 -1.004809e-02 
 7.929295e+00 -9.039265e-03 
 7.929693e+00 -7.994011e-03 
 7.930091e+00 -6.907758e-03 
 7.930488e+00 -5.781161e-03 
 7.930886e+00 -4.615321e-03 
 7.931284e+00 -3.403639e-03 
 7.931681e+00 -2.159807e-03 
 7.932079e+00 -9.047493e-04 
 7.932477e+00  3.339584e-04 
 7.932874e+00  1.505897e-03 
 7.933272e+00  2.563542e-03 
 7.933670e+00  3.481979e-03 
 7.934068e+00  4.252548e-03 
 7.934465e+00  4.875097e-03 
 7.934863e+00  5.374401e-03 
 7.935261e+00  5.762782e-03 
 7.935658e+00  6.035434e-03 
 7.936056e+00  6.199076e-03 
 7.936454e+00  6.240403e-03 
 7.936851e+00  6.166106e-03 
 7.937249e+00  5.987705e-03 
 7.937647e+00  5.748009e-03 
 7.938045e+00  5.492479e-03 
 7.938442e+00  5.257163e-03 
 7.938840e+00  5.067160e-03 
 7.939238e+00  4.920254e-03 
 7.939635e+00  4.803662e-03 
 7.940033e+00  4.696131e-03 
 7.940431e+00  4.591998e-03 
 7.940828e+00  4.500279e-03 
 7.941226e+00  4.428475e-03 
 7.941624e+00  4.385539e-03 
 7.942021e+00  4.373068e-03 
 7.942419e+00  4.377328e-03 
 7.942817e+00  4.381324e-03 
 7.943215e+00  4.368182e-03 
 7.943612e+00  4.328430e-03 
 7.944010e+00  4.263080e-03 
 7.944408e+00  4.177356e-03 
 7.944805e+00  4.087273e-03 
 7.945203e+00  3.991168e-03 
 7.945601e+00  3.872653e-03 
 7.945998e+00  3.723823e-03 
 7.946396e+00  3.541735e-03 
 7.946794e+00  3.332252e-03 
 7.947192e+00  3.107778e-03 
 7.947589e+00  2.897525e-03 
 7.947987e+00  2.715291e-03 
 7.948385e+00  2.558851e-03 
 7.948782e+00  2.433667e-03 
 7.949180e+00  2.331315e-03 
 7.949578e+00  2.246466e-03 
 7.949975e+00  2.172579e-03 
 7.950373e+00  2.110415e-03 
 7.950771e+00  2.064689e-03 
 7.951168e+00  2.024826e-03 
 7.951566e+00  1.965681e-03 
 7.951964e+00  1.863880e-03 
 7.952362e+00  1.686018e-03 
 7.952759e+00  1.415478e-03 
 7.953157e+00  1.056365e-03 
 7.953555e+00  6.373683e-04 
 7.953952e+00  1.822073e-04 
 7.954350e+00 -2.942047e-04 
 7.954748e+00 -7.792191e-04 
 7.955145e+00 -1.275580e-03 
 7.955543e+00 -1.792211e-03 
 7.955941e+00 -2.325064e-03 
 7.956339e+00 -2.854371e-03 
 7.956736e+00 -3.356144e-03 
 7.957134e+00 -3.794268e-03 
 7.957532e+00 -4.144432e-03 
 7.957929e+00 -4.407690e-03 
 7.958327e+00 -4.596946e-03 
 7.958725e+00 -4.744162e-03 
 7.959122e+00 -4.867449e-03 
 7.959520e+00 -4.977231e-03 
 7.959918e+00 -5.081551e-03 
 7.960315e+00 -5.177000e-03 
 7.960713e+00 -5.268534e-03 
 7.961111e+00 -5.371856e-03 
 7.961509e+00 -5.509740e-03 
 7.961906e+00 -5.704534e-03 
 7.962304e+00 -5.971622e-03 
 7.962702e+00 -6.308323e-03 
 7.963099e+00 -6.703663e-03 
 7.963497e+00 -7.148775e-03 
 7.963895e+00 -7.636617e-03 
 7.964292e+00 -8.171256e-03 
 7.964690e+00 -8.767438e-03 
 7.965088e+00 -9.442664e-03 
 7.965486e+00 -1.020700e-02 
 7.965883e+00 -1.104923e-02 
 7.966281e+00 -1.194844e-02 
 7.966679e+00 -1.287909e-02 
 7.967076e+00 -1.381629e-02 
 7.967474e+00 -1.475443e-02 
 7.967872e+00 -1.568503e-02 
 7.968269e+00 -1.661475e-02 
 7.968667e+00 -1.753892e-02 
 7.969065e+00 -1.845711e-02 
 7.969462e+00 -1.935972e-02 
 7.969860e+00 -2.022859e-02 
 7.970258e+00 -2.105093e-02 
 7.970656e+00 -2.182664e-02 
 7.971053e+00 -2.256959e-02 
 7.971451e+00 -2.329292e-02 
 7.971849e+00 -2.400094e-02 
 7.972246e+00 -2.468342e-02 
 7.972644e+00 -2.532398e-02 
 7.973042e+00 -2.590153e-02 
 7.973439e+00 -2.640605e-02 
 7.973837e+00 -2.682936e-02 
 7.974235e+00 -2.718080e-02 
 7.974632e+00 -2.747533e-02 
 7.975030e+00 -2.773008e-02 
 7.975428e+00 -2.794935e-02 
 7.975826e+00 -2.812201e-02 
 7.976223e+00 -2.823597e-02 
 7.976621e+00 -2.829248e-02 
 7.977019e+00 -2.830100e-02 
 7.977416e+00 -2.827447e-02 
 7.977814e+00 -2.823989e-02 
 7.978212e+00 -2.821302e-02 
 7.978609e+00 -2.820106e-02 
 7.979007e+00 -2.819744e-02 
 7.979405e+00 -2.818711e-02 
 7.979803e+00 -2.817140e-02 
 7.980200e+00 -2.814899e-02 
 7.980598e+00 -2.813841e-02 
 7.980996e+00 -2.815964e-02 
 7.981393e+00 -2.822613e-02 
 7.981791e+00 -2.833270e-02 
 7.982189e+00 -2.847180e-02 
 7.982586e+00 -2.862110e-02 
 7.982984e+00 -2.876802e-02 
 7.983382e+00 -2.892010e-02 
 7.983779e+00 -2.910130e-02 
 7.984177e+00 -2.933840e-02 
 7.984575e+00 -2.965221e-02 
 7.984973e+00 -3.004614e-02 
 7.985370e+00 -3.050325e-02 
 7.985768e+00 -3.099451e-02 
 7.986166e+00 -3.148973e-02 
 7.986563e+00 -3.196620e-02 
 7.986961e+00 -3.242306e-02 
 7.987359e+00 -3.287360e-02 
 7.987756e+00 -3.333389e-02 
 7.988154e+00 -3.380635e-02 
 7.988552e+00 -3.426948e-02 
 7.988950e+00 -3.469525e-02 
 7.989347e+00 -3.506433e-02 
 7.989745e+00 -3.536308e-02 
 7.990143e+00 -3.560032e-02 
 7.990540e+00 -3.579418e-02 
 7.990938e+00 -3.596915e-02 
 7.991336e+00 -3.614455e-02 
 7.991733e+00 -3.632778e-02 
 7.992131e+00 -3.652189e-02 
 7.992529e+00 -3.671605e-02 
 7.992926e+00 -3.691622e-02 
 7.993324e+00 -3.714228e-02 
 7.993722e+00 -3.741854e-02 
 7.994120e+00 -3.777072e-02 
 7.994517e+00 -3.820230e-02 
 7.994915e+00 -3.870878e-02 
 7.995313e+00 -3.927397e-02 
 7.995710e+00 -3.988356e-02 
 7.996108e+00 -4.053603e-02 
 7.996506e+00 -4.123623e-02 
 7.996903e+00 -4.198542e-02 
 7.997301e+00 -4.277638e-02 
 7.997699e+00 -4.360114e-02 
 7.998097e+00 -4.442998e-02 
 7.998494e+00 -4.523582e-02 
 7.998892e+00 -4.598735e-02 
 7.999290e+00 -4.667012e-02 
 7.999687e+00 -4.728783e-02 
 8.000085e+00 -4.785248e-02 
 8.000483e+00 -4.837244e-02 
 8.000880e+00 -4.883113e-02 
 8.001278e+00 -4.921649e-02 
 8.001676e+00 -4.950286e-02 
 8.002073e+00 -4.968580e-02 
 8.002471e+00 -4.978585e-02 
 8.002869e+00 -4.981919e-02 
 8.003267e+00 -4.981092e-02 
 8.003664e+00 -4.978083e-02 
 8.004062e+00 -4.973251e-02 
 8.004460e+00 -4.965196e-02 
 8.004857e+00 -4.950736e-02 
 8.005255e+00 -4.926722e-02 
 8.005653e+00 -4.892025e-02 
 8.006050e+00 -4.847362e-02 
 8.006448e+00 -4.794637e-02 
 8.006846e+00 -4.735668e-02 
 8.007244e+00 -4.670986e-02 
 8.007641e+00 -4.600086e-02 
 8.008039e+00 -4.521078e-02 
 8.008437e+00 -4.432697e-02 
 8.008834e+00 -4.334350e-02 
 8.009232e+00 -4.227936e-02 
 8.009630e+00 -4.116482e-02 
 8.010027e+00 -4.005021e-02 
 8.010425e+00 -3.897174e-02 
 8.010823e+00 -3.795292e-02 
 8.011220e+00 -3.699933e-02 
 8.011618e+00 -3.610723e-02 
 8.012016e+00 -3.527619e-02 
 8.012414e+00 -3.451737e-02 
 8.012811e+00 -3.385569e-02 
 8.013209e+00 -3.330843e-02 
 8.013607e+00 -3.288038e-02 
 8.014004e+00 -3.254783e-02 
 8.014402e+00 -3.227608e-02 
 8.014800e+00 -3.202825e-02 
 8.015197e+00 -3.177719e-02 
 8.015595e+00 -3.150401e-02 
 8.015993e+00 -3.121201e-02 
 8.016391e+00 -3.090958e-02 
 8.016788e+00 -3.060573e-02 
 8.017186e+00 -3.028579e-02 
 8.017584e+00 -2.992315e-02 
 8.017981e+00 -2.948244e-02 
 8.018379e+00 -2.895183e-02 
 8.018777e+00 -2.833193e-02 
 8.019174e+00 -2.764091e-02 
 8.019572e+00 -2.690163e-02 
 8.019970e+00 -2.614601e-02 
 8.020367e+00 -2.537803e-02 
 8.020765e+00 -2.460446e-02 
 8.021163e+00 -2.383347e-02 
 8.021561e+00 -2.306358e-02 
 8.021958e+00 -2.230061e-02 
 8.022356e+00 -2.156319e-02 
 8.022754e+00 -2.087026e-02 
 8.023151e+00 -2.022237e-02 
 8.023549e+00 -1.959607e-02 
 8.023947e+00 -1.895788e-02 
 8.024344e+00 -1.828215e-02 
 8.024742e+00 -1.756289e-02 
 8.025140e+00 -1.680777e-02 
 8.025538e+00 -1.603584e-02 
 8.025935e+00 -1.526301e-02 
 8.026333e+00 -1.449510e-02 
 8.026731e+00 -1.372166e-02 
 8.027128e+00 -1.292917e-02 
 8.027526e+00 -1.209864e-02 
 8.027924e+00 -1.123476e-02 
 8.028321e+00 -1.034793e-02 
 8.028719e+00 -9.472370e-03 
 8.029117e+00 -8.639217e-03 
 8.029514e+00 -7.862033e-03 
 8.029912e+00 -7.142447e-03 
 8.030310e+00 -6.464917e-03 
 8.030708e+00 -5.817635e-03 
 8.031105e+00 -5.207667e-03 
 8.031503e+00 -4.648984e-03 
 8.031901e+00 -4.143533e-03 
 8.032298e+00 -3.686361e-03 
 8.032696e+00 -3.260102e-03 
 8.033094e+00 -2.828246e-03 
 8.033491e+00 -2.349580e-03 
 8.033889e+00 -1.789912e-03 
 8.034287e+00 -1.127148e-03 
 8.034685e+00 -3.599310e-04 
 8.035082e+00  4.895652e-04 
 8.035480e+00  1.394554e-03 
 8.035878e+00  2.333821e-03 
 8.036275e+00  3.299381e-03 
 8.036673e+00  4.289673e-03 
 8.037071e+00  5.305404e-03 
 8.037468e+00  6.331201e-03 
 8.037866e+00  7.355005e-03 
 8.038264e+00  8.345411e-03 
 8.038661e+00  9.275784e-03 
 8.039059e+00  1.012281e-02 
 8.039457e+00  1.085860e-02 
 8.039855e+00  1.147160e-02 
 8.040252e+00  1.194988e-02 
 8.040650e+00  1.230011e-02 
 8.041048e+00  1.252582e-02 
 8.041445e+00  1.262030e-02 
 8.041843e+00  1.259116e-02 
 8.042241e+00  1.245126e-02 
 8.042638e+00  1.221959e-02 
 8.043036e+00  1.192472e-02 
 8.043434e+00  1.157530e-02 
 8.043832e+00  1.118110e-02 
 8.044229e+00  1.074221e-02 
 8.044627e+00  1.025215e-02 
 8.045025e+00  9.710520e-03 
 8.045422e+00  9.117948e-03 
 8.045820e+00  8.478937e-03 
 8.046218e+00  7.805050e-03 
 8.046615e+00  7.110900e-03 
 8.047013e+00  6.415177e-03 
 8.047411e+00  5.716001e-03 
 8.047808e+00  5.006256e-03 
 8.048206e+00  4.270673e-03 
 8.048604e+00  3.507014e-03 
 8.049002e+00  2.723814e-03 
 8.049399e+00  1.933886e-03 
 8.049797e+00  1.149922e-03 
 8.050195e+00  3.797818e-04 
 8.050592e+00 -3.694066e-04 
 8.050990e+00 -1.095395e-03 
 8.051388e+00 -1.796879e-03 
 8.051785e+00 -2.464072e-03 
 8.052183e+00 -3.079504e-03 
 8.052581e+00 -3.619973e-03 
 8.052979e+00 -4.056891e-03 
 8.053376e+00 -4.377339e-03 
 8.053774e+00 -4.593019e-03 
 8.054172e+00 -4.724047e-03 
 8.054569e+00 -4.798845e-03 
 8.054967e+00 -4.840455e-03 
 8.055365e+00 -4.865462e-03 
 8.055762e+00 -4.869466e-03 
 8.056160e+00 -4.852813e-03 
 8.056558e+00 -4.827172e-03 
 8.056955e+00 -4.797327e-03 
 8.057353e+00 -4.784392e-03 
 8.057751e+00 -4.809232e-03 
 8.058149e+00 -4.888290e-03 
 8.058546e+00 -5.028151e-03 
 8.058944e+00 -5.220850e-03 
 8.059342e+00 -5.448006e-03 
 8.059739e+00 -5.689889e-03 
 8.060137e+00 -5.939335e-03 
 8.060535e+00 -6.199541e-03 
 8.060932e+00 -6.474232e-03 
 8.061330e+00 -6.767587e-03 
 8.061728e+00 -7.070240e-03 
 8.062126e+00 -7.367082e-03 
 8.062523e+00 -7.642951e-03 
 8.062921e+00 -7.884084e-03 
 8.063319e+00 -8.084223e-03 
 8.063716e+00 -8.249213e-03 
 8.064114e+00 -8.392670e-03 
 8.064512e+00 -8.523812e-03 
 8.064909e+00 -8.650517e-03 
 8.065307e+00 -8.771766e-03 
 8.065705e+00 -8.874081e-03 
 8.066102e+00 -8.954001e-03 
 8.066500e+00 -9.013224e-03 
 8.066898e+00 -9.054744e-03 
 8.067296e+00 -9.084385e-03 
 8.067693e+00 -9.116911e-03 
 8.068091e+00 -9.161509e-03 
 8.068489e+00 -9.232013e-03 
 8.068886e+00 -9.335181e-03 
 8.069284e+00 -9.478794e-03 
 8.069682e+00 -9.663456e-03 
 8.070079e+00 -9.906338e-03 
 8.070477e+00 -1.021169e-02 
 8.070875e+00 -1.058418e-02 
 8.071273e+00 -1.102334e-02 
 8.071670e+00 -1.152238e-02 
 8.072068e+00 -1.207525e-02 
 8.072466e+00 -1.268307e-02 
 8.072863e+00 -1.334375e-02 
 8.073261e+00 -1.405571e-02 
 8.073659e+00 -1.482283e-02 
 8.074056e+00 -1.564596e-02 
 8.074454e+00 -1.651875e-02 
 8.074852e+00 -1.742395e-02 
 8.075249e+00 -1.834827e-02 
 8.075647e+00 -1.927752e-02 
 8.076045e+00 -2.020488e-02 
 8.076443e+00 -2.114401e-02 
 8.076840e+00 -2.210879e-02 
 8.077238e+00 -2.310185e-02 
 8.077636e+00 -2.411584e-02 
 8.078033e+00 -2.512382e-02 
 8.078431e+00 -2.609601e-02 
 8.078829e+00 -2.701529e-02 
 8.079226e+00 -2.787701e-02 
 8.079624e+00 -2.868291e-02 
 8.080022e+00 -2.944709e-02 
 8.080420e+00 -3.018446e-02 
 8.080817e+00 -3.089849e-02 
 8.081215e+00 -3.158892e-02 
 8.081613e+00 -3.224073e-02 
 8.082010e+00 -3.284062e-02 
 8.082408e+00 -3.338348e-02 
 8.082806e+00 -3.387947e-02 
 8.083203e+00 -3.434120e-02 
 8.083601e+00 -3.477908e-02 
 8.083999e+00 -3.518777e-02 
 8.084396e+00 -3.554737e-02 
 8.084794e+00 -3.583836e-02 
 8.085192e+00 -3.605088e-02 
 8.085590e+00 -3.618940e-02 
 8.085987e+00 -3.626325e-02 
 8.086385e+00 -3.628999e-02 
 8.086783e+00 -3.629284e-02 
 8.087180e+00 -3.629337e-02 
 8.087578e+00 -3.630704e-02 
 8.087976e+00 -3.634789e-02 
 8.088373e+00 -3.642545e-02 
 8.088771e+00 -3.655408e-02 
 8.089169e+00 -3.675434e-02 
 8.089567e+00 -3.704075e-02 
 8.089964e+00 -3.742273e-02 
 8.090362e+00 -3.789308e-02 
 8.090760e+00 -3.844402e-02 
 8.091157e+00 -3.905889e-02 
 8.091555e+00 -3.973331e-02 
 8.091953e+00 -4.046188e-02 
 8.092350e+00 -4.123453e-02 
 8.092748e+00 -4.203712e-02 
 8.093146e+00 -4.285018e-02 
 8.093543e+00 -4.364420e-02 
 8.093941e+00 -4.440400e-02 
 8.094339e+00 -4.511222e-02 
 8.094737e+00 -4.576603e-02 
 8.095134e+00 -4.637225e-02 
 8.095532e+00 -4.694426e-02 
 8.095930e+00 -4.749487e-02 
 8.096327e+00 -4.802169e-02 
 8.096725e+00 -4.851477e-02 
 8.097123e+00 -4.896409e-02 
 8.097520e+00 -4.937221e-02 
 8.097918e+00 -4.974647e-02 
 8.098316e+00 -5.009856e-02 
 8.098714e+00 -5.044102e-02 
 8.099111e+00 -5.078675e-02 
 8.099509e+00 -5.113958e-02 
 8.099907e+00 -5.150218e-02 
 8.100304e+00 -5.187536e-02 
 8.100702e+00 -5.225419e-02 
 8.101100e+00 -5.263908e-02 
 8.101497e+00 -5.302977e-02 
 8.101895e+00 -5.342596e-02 
 8.102293e+00 -5.381495e-02 
 8.102690e+00 -5.417872e-02 
 8.103088e+00 -5.449324e-02 
 8.103486e+00 -5.473642e-02 
 8.103884e+00 -5.489525e-02 
 8.104281e+00 -5.496098e-02 
 8.104679e+00 -5.494499e-02 
 8.105077e+00 -5.485578e-02 
 8.105474e+00 -5.472180e-02 
 8.105872e+00 -5.456374e-02 
 8.106270e+00 -5.439067e-02 
 8.106667e+00 -5.420741e-02 
 8.107065e+00 -5.400628e-02 
 8.107463e+00 -5.379027e-02 
 8.107861e+00 -5.356358e-02 
 8.108258e+00 -5.333362e-02 
 8.108656e+00 -5.309904e-02 
 8.109054e+00 -5.285313e-02 
 8.109451e+00 -5.257836e-02 
 8.109849e+00 -5.225380e-02 
 8.110247e+00 -5.186364e-02 
 8.110644e+00 -5.139006e-02 
 8.111042e+00 -5.081751e-02 
 8.111440e+00 -5.012473e-02 
 8.111837e+00 -4.929965e-02 
 8.112235e+00 -4.833527e-02 
 8.112633e+00 -4.721944e-02 
 8.113031e+00 -4.594941e-02 
 8.113428e+00 -4.453150e-02 
 8.113826e+00 -4.298412e-02 
 8.114224e+00 -4.133752e-02 
 8.114621e+00 -3.962627e-02 
 8.115019e+00 -3.788204e-02 
 8.115417e+00 -3.612185e-02 
 8.115814e+00 -3.435493e-02 
 8.116212e+00 -3.259778e-02 
 8.116610e+00 -3.086686e-02 
 8.117008e+00 -2.918038e-02 
 8.117405e+00 -2.755698e-02 
 8.117803e+00 -2.600897e-02 
 8.118201e+00 -2.454218e-02 
 8.118598e+00 -2.315367e-02 
 8.118996e+00 -2.184204e-02 
 8.119394e+00 -2.059280e-02 
 8.119791e+00 -1.941384e-02 
 8.120189e+00 -1.831504e-02 
 8.120587e+00 -1.730787e-02 
 8.120984e+00 -1.639316e-02 
 8.121382e+00 -1.555669e-02 
 8.121780e+00 -1.477721e-02 
 8.122178e+00 -1.402011e-02 
 8.122575e+00 -1.326499e-02 
 8.122973e+00 -1.250778e-02 
 8.123371e+00 -1.176385e-02 
 8.123768e+00 -1.105037e-02 
 8.124166e+00 -1.038729e-02 
 8.124564e+00 -9.797292e-03 
 8.124961e+00 -9.280848e-03 
 8.125359e+00 -8.830450e-03 
 8.125757e+00 -8.428543e-03 
 8.126155e+00 -8.074060e-03 
 8.126552e+00 -7.767166e-03 
 8.126950e+00 -7.518908e-03 
 8.127348e+00 -7.334489e-03 
 8.127745e+00 -7.212259e-03 
 8.128143e+00 -7.128205e-03 
 8.128541e+00 -7.055757e-03 
 8.128938e+00 -6.979534e-03 
 8.129336e+00 -6.873418e-03 
 8.129734e+00 -6.723052e-03 
 8.130131e+00 -6.517515e-03 
 8.130529e+00 -6.248189e-03 
 8.130927e+00 -5.918942e-03 
 8.131325e+00 -5.532684e-03 
 8.131722e+00 -5.091936e-03 
 8.132120e+00 -4.596490e-03 
 8.132518e+00 -4.060085e-03 
 8.132915e+00 -3.506631e-03 
 8.133313e+00 -2.968890e-03 
 8.133711e+00 -2.473716e-03 
 8.134108e+00 -2.034272e-03 
 8.134506e+00 -1.654464e-03 
 8.134904e+00 -1.334778e-03 
 8.135302e+00 -1.074571e-03 
 8.135699e+00 -8.664210e-04 
 8.136097e+00 -7.018691e-04 
 8.136495e+00 -5.717123e-04 
 8.136892e+00 -4.723819e-04 
 8.137290e+00 -3.960453e-04 
 8.137688e+00 -3.384094e-04 
 8.138085e+00 -2.901334e-04 
 8.138483e+00 -2.411064e-04 
 8.138881e+00 -1.877931e-04 
 8.139278e+00 -1.297371e-04 
 8.139676e+00 -6.548693e-05 
 8.140074e+00  1.354182e-05 
 8.140472e+00  1.277121e-04 
 8.140869e+00  2.896073e-04 
 8.141267e+00  5.155938e-04 
 8.141665e+00  8.050100e-04 
 8.142062e+00  1.149729e-03 
 8.142460e+00  1.534216e-03 
 8.142858e+00  1.940327e-03 
 8.143255e+00  2.346532e-03 
 8.143653e+00  2.731988e-03 
 8.144051e+00  3.095175e-03 
 8.144449e+00  3.443436e-03 
 8.144846e+00  3.782624e-03 
 8.145244e+00  4.109688e-03 
 8.145642e+00  4.417261e-03 
 8.146039e+00  4.695604e-03 
 8.146437e+00  4.928962e-03 
 8.146835e+00  5.105837e-03 
 8.147232e+00  5.231802e-03 
 8.147630e+00  5.317717e-03 
 8.148028e+00  5.373652e-03 
 8.148425e+00  5.412138e-03 
 8.148823e+00  5.443660e-03 
 8.149221e+00  5.462527e-03 
 8.149619e+00  5.457629e-03 
 8.150016e+00  5.418482e-03 
 8.150414e+00  5.338959e-03 
 8.150812e+00  5.221410e-03 
 8.151209e+00  5.055738e-03 
 8.151607e+00  4.833635e-03 
 8.152005e+00  4.546754e-03 
 8.152402e+00  4.181182e-03 
 8.152800e+00  3.726211e-03 
 8.153198e+00  3.176411e-03 
 8.153596e+00  2.546452e-03 
 8.153993e+00  1.852109e-03 
 8.154391e+00  1.121156e-03 
 8.154789e+00  3.878581e-04 
 8.155186e+00 -3.259001e-04 
 8.155584e+00 -1.002999e-03 
 8.155982e+00 -1.644864e-03 
 8.156379e+00 -2.257878e-03 
 8.156777e+00 -2.840067e-03 
 8.157175e+00 -3.385683e-03 
 8.157572e+00 -3.885995e-03 
 8.157970e+00 -4.336293e-03 
 8.158368e+00 -4.729006e-03 
 8.158766e+00 -5.063665e-03 
 8.159163e+00 -5.337044e-03 
 8.159561e+00 -5.547479e-03 
 8.159959e+00 -5.695784e-03 
 8.160356e+00 -5.780277e-03 
 8.160754e+00 -5.794602e-03 
 8.161152e+00 -5.734584e-03 
 8.161549e+00 -5.609177e-03 
 8.161947e+00 -5.431541e-03 
 8.162345e+00 -5.216524e-03 
 8.162743e+00 -4.979899e-03 
 8.163140e+00 -4.720939e-03 
 8.163538e+00 -4.437604e-03 
 8.163936e+00 -4.130537e-03 
 8.164333e+00 -3.807024e-03 
 8.164731e+00 -3.474538e-03 
 8.165129e+00 -3.154634e-03 
 8.165526e+00 -2.872613e-03 
 8.165924e+00 -2.649625e-03 
 8.166322e+00 -2.494711e-03 
 8.166719e+00 -2.410009e-03 
 8.167117e+00 -2.383258e-03 
 8.167515e+00 -2.406508e-03 
 8.167913e+00 -2.470884e-03 
 8.168310e+00 -2.578369e-03 
 8.168708e+00 -2.733254e-03 
 8.169106e+00 -2.937193e-03 
 8.169503e+00 -3.184865e-03 
 8.169901e+00 -3.467537e-03 
 8.170299e+00 -3.779900e-03 
 8.170696e+00 -4.110932e-03 
 8.171094e+00 -4.463905e-03 
 8.171492e+00 -4.849233e-03 
 8.171890e+00 -5.272525e-03 
 8.172287e+00 -5.728360e-03 
 8.172685e+00 -6.205781e-03 
 8.173083e+00 -6.680955e-03 
 8.173480e+00 -7.130413e-03 
 8.173878e+00 -7.537919e-03 
 8.174276e+00 -7.907852e-03 
 8.174673e+00 -8.256352e-03 
 8.175071e+00 -8.613108e-03 
 8.175469e+00 -9.005588e-03 
 8.175866e+00 -9.445394e-03 
 8.176264e+00 -9.935400e-03 
 8.176662e+00 -1.047233e-02 
 8.177060e+00 -1.104820e-02 
 8.177457e+00 -1.166417e-02 
 8.177855e+00 -1.233636e-02 
 8.178253e+00 -1.307700e-02 
 8.178650e+00 -1.389584e-02 
 8.179048e+00 -1.479740e-02 
 8.179446e+00 -1.576407e-02 
 8.179843e+00 -1.677454e-02 
 8.180241e+00 -1.780863e-02 
 8.180639e+00 -1.884848e-02 
 8.181037e+00 -1.989661e-02 
 8.181434e+00 -2.095672e-02 
 8.181832e+00 -2.203591e-02 
 8.182230e+00 -2.314020e-02 
 8.182627e+00 -2.426682e-02 
 8.183025e+00 -2.542096e-02 
 8.183423e+00 -2.660604e-02 
 8.183820e+00 -2.782454e-02 
 8.184218e+00 -2.908740e-02 
 8.184616e+00 -3.040018e-02 
 8.185013e+00 -3.177337e-02 
 8.185411e+00 -3.319817e-02 
 8.185809e+00 -3.465343e-02 
 8.186207e+00 -3.612286e-02 
 8.186604e+00 -3.758126e-02 
 8.187002e+00 -3.901001e-02 
 8.187400e+00 -4.040578e-02 
 8.187797e+00 -4.176750e-02 
 8.188195e+00 -4.307603e-02 
 8.188593e+00 -4.430520e-02 
 8.188990e+00 -4.543835e-02 
 8.189388e+00 -4.645306e-02 
 8.189786e+00 -4.734011e-02 
 8.190184e+00 -4.810042e-02 
 8.190581e+00 -4.874756e-02 
 8.190979e+00 -4.929802e-02 
 8.191377e+00 -4.975763e-02 
 8.191774e+00 -5.012722e-02 
 8.192172e+00 -5.039691e-02 
 8.192570e+00 -5.055640e-02 
 8.192967e+00 -5.061091e-02 
 8.193365e+00 -5.058116e-02 
 8.193763e+00 -5.051037e-02 
 8.194160e+00 -5.043087e-02 
 8.194558e+00 -5.037079e-02 
 8.194956e+00 -5.033925e-02 
 8.195354e+00 -5.033836e-02 
 8.195751e+00 -5.036082e-02 
 8.196149e+00 -5.039190e-02 
 8.196547e+00 -5.042377e-02 
 8.196944e+00 -5.046132e-02 
 8.197342e+00 -5.050867e-02 
 8.197740e+00 -5.057646e-02 
 8.198137e+00 -5.065564e-02 
 8.198535e+00 -5.073092e-02 
 8.198933e+00 -5.077731e-02 
 8.199331e+00 -5.077193e-02 
 8.199728e+00 -5.071144e-02 
 8.200126e+00 -5.059509e-02 
 8.200524e+00 -5.043733e-02 
 8.200921e+00 -5.024086e-02 
 8.201319e+00 -5.001726e-02 
 8.201717e+00 -4.977501e-02 
 8.202114e+00 -4.951921e-02 
 8.202512e+00 -4.925494e-02 
 8.202910e+00 -4.898965e-02 
 8.203307e+00 -4.873951e-02 
 8.203705e+00 -4.851606e-02 
 8.204103e+00 -4.833511e-02 
 8.204501e+00 -4.818552e-02 
 8.204898e+00 -4.804192e-02 
 8.205296e+00 -4.787866e-02 
 8.205694e+00 -4.767900e-02 
 8.206091e+00 -4.742912e-02 
 8.206489e+00 -4.712479e-02 
 8.206887e+00 -4.675737e-02 
 8.207284e+00 -4.632516e-02 
 8.207682e+00 -4.583103e-02 
 8.208080e+00 -4.527918e-02 
 8.208478e+00 -4.467227e-02 
 8.208875e+00 -4.400725e-02 
 8.209273e+00 -4.328842e-02 
 8.209671e+00 -4.253049e-02 
 8.210068e+00 -4.175066e-02 
 8.210466e+00 -4.095770e-02 
 8.210864e+00 -4.016492e-02 
 8.211261e+00 -3.939185e-02 
 8.211659e+00 -3.865155e-02 
 8.212057e+00 -3.796355e-02 
 8.212454e+00 -3.733990e-02 
 8.212852e+00 -3.679143e-02 
 8.213250e+00 -3.631864e-02 
 8.213648e+00 -3.591930e-02 
 8.214045e+00 -3.558411e-02 
 8.214443e+00 -3.530689e-02 
 8.214841e+00 -3.506254e-02 
 8.215238e+00 -3.482562e-02 
 8.215636e+00 -3.458000e-02 
 8.216034e+00 -3.430943e-02 
 8.216431e+00 -3.401003e-02 
 8.216829e+00 -3.367518e-02 
 8.217227e+00 -3.329348e-02 
 8.217625e+00 -3.285574e-02 
 8.218022e+00 -3.234374e-02 
 8.218420e+00 -3.174209e-02 
 8.218818e+00 -3.105163e-02 
 8.219215e+00 -3.026920e-02 
 8.219613e+00 -2.940533e-02 
 8.220011e+00 -2.846482e-02 
 8.220408e+00 -2.747138e-02 
 8.220806e+00 -2.644607e-02 
 8.221204e+00 -2.540017e-02 
 8.221601e+00 -2.433943e-02 
 8.221999e+00 -2.327544e-02 
 8.222397e+00 -2.222492e-02 
 8.222795e+00 -2.119918e-02 
 8.223192e+00 -2.020271e-02 
 8.223590e+00 -1.923229e-02 
 8.223988e+00 -1.827278e-02 
 8.224385e+00 -1.730849e-02 
 8.224783e+00 -1.632504e-02 
 8.225181e+00 -1.530821e-02 
 8.225578e+00 -1.426389e-02 
 8.225976e+00 -1.319510e-02 
 8.226374e+00 -1.213832e-02 
 8.226772e+00 -1.112333e-02 
 8.227169e+00 -1.017277e-02 
 8.227567e+00 -9.300618e-03 
 8.227965e+00 -8.500986e-03 
 8.228362e+00 -7.766832e-03 
 8.228760e+00 -7.100312e-03 
 8.229158e+00 -6.512941e-03 
 8.229555e+00 -6.014426e-03 
 8.229953e+00 -5.621694e-03 
 8.230351e+00 -5.355008e-03 
 8.230748e+00 -5.214787e-03 
 8.231146e+00 -5.195825e-03 
 8.231544e+00 -5.284815e-03 
 8.231942e+00 -5.462039e-03 
 8.232339e+00 -5.704816e-03 
 8.232737e+00 -6.002537e-03 
 8.233135e+00 -6.346653e-03 
 8.233532e+00 -6.717040e-03 
 8.233930e+00 -7.088614e-03 
 8.234328e+00 -7.440289e-03 
 8.234725e+00 -7.755334e-03 
 8.235123e+00 -8.026283e-03 
 8.235521e+00 -8.255447e-03 
 8.235919e+00 -8.442340e-03 
 8.236316e+00 -8.591094e-03 
 8.236714e+00 -8.701644e-03 
 8.237112e+00 -8.770795e-03 
 8.237509e+00 -8.795000e-03 
 8.237907e+00 -8.767388e-03 
 8.238305e+00 -8.680127e-03 
 8.238702e+00 -8.541496e-03 
 8.239100e+00 -8.368290e-03 
 8.239498e+00 -8.179044e-03 
 8.239895e+00 -7.981866e-03 
 8.240293e+00 -7.785470e-03 
 8.240691e+00 -7.588734e-03 
 8.241089e+00 -7.397160e-03 
 8.241486e+00 -7.216426e-03 
 8.241884e+00 -7.043411e-03 
 8.242282e+00 -6.878521e-03 
 8.242679e+00 -6.717177e-03 
 8.243077e+00 -6.558622e-03 
 8.243475e+00 -6.392301e-03 
 8.243872e+00 -6.204187e-03 
 8.244270e+00 -5.979078e-03 
 8.244668e+00 -5.706468e-03 
 8.245066e+00 -5.391780e-03 
 8.245463e+00 -5.053185e-03 
 8.245861e+00 -4.713269e-03 
 8.246259e+00 -4.378398e-03 
 8.246656e+00 -4.051835e-03 
 8.247054e+00 -3.730262e-03 
 8.247452e+00 -3.400132e-03 
 8.247849e+00 -3.053439e-03 
 8.248247e+00 -2.677345e-03 
 8.248645e+00 -2.270660e-03 
 8.249042e+00 -1.847384e-03 
 8.249440e+00 -1.419216e-03 
 8.249838e+00 -9.967629e-04 
 8.250236e+00 -5.705541e-04 
 8.250633e+00 -1.201451e-04 
 8.251031e+00  3.716026e-04 
 8.251429e+00  9.110167e-04 
 8.251826e+00  1.491694e-03 
 8.252224e+00  2.112839e-03 
 8.252622e+00  2.764243e-03 
 8.253019e+00  3.445236e-03 
 8.253417e+00  4.150901e-03 
 8.253815e+00  4.870661e-03 
 8.254213e+00  5.597607e-03 
 8.254610e+00  6.322589e-03 
 8.255008e+00  7.028282e-03 
 8.255406e+00  7.691049e-03 
 8.255803e+00  8.289207e-03 
 8.256201e+00  8.814829e-03 
 8.256599e+00  9.270184e-03 
 8.256996e+00  9.665157e-03 
 8.257394e+00  1.001167e-02 
 8.257792e+00  1.030593e-02 
 8.258189e+00  1.053912e-02 
 8.258587e+00  1.071167e-02 
 8.258985e+00  1.080961e-02 
 8.259383e+00  1.082731e-02 
 8.259780e+00  1.075847e-02 
 8.260178e+00  1.060011e-02 
 8.260576e+00  1.035127e-02 
 8.260973e+00  1.002337e-02 
 8.261371e+00  9.631531e-03 
 8.261769e+00  9.177676e-03 
 8.262166e+00  8.673643e-03 
 8.262564e+00  8.119796e-03 
 8.262962e+00  7.518075e-03 
 8.263360e+00  6.868780e-03 
 8.263757e+00  6.174476e-03 
 8.264155e+00  5.445186e-03 
 8.264553e+00  4.686689e-03 
 8.264950e+00  3.920242e-03 
 8.265348e+00  3.163330e-03 
 8.265746e+00  2.432836e-03 
 8.266143e+00  1.735082e-03 
 8.266541e+00  1.071803e-03 
 8.266939e+00  4.496509e-04 
 8.267336e+00 -1.268669e-04 
 8.267734e+00 -6.545189e-04 
 8.268132e+00 -1.137857e-03 
 8.268530e+00 -1.575690e-03 
 8.268927e+00 -1.974854e-03 
 8.269325e+00 -2.329961e-03 
 8.269723e+00 -2.642092e-03 
 8.270120e+00 -2.916831e-03 
 8.270518e+00 -3.168464e-03 
 8.270916e+00 -3.404797e-03 
 8.271313e+00 -3.638905e-03 
 8.271711e+00 -3.889539e-03 
 8.272109e+00 -4.180996e-03 
 8.272507e+00 -4.538501e-03 
 8.272904e+00 -4.975721e-03 
 8.273302e+00 -5.492562e-03 
 8.273700e+00 -6.081265e-03 
 8.274097e+00 -6.733992e-03 
 8.274495e+00 -7.450618e-03 
 8.274893e+00 -8.226588e-03 
 8.275290e+00 -9.054485e-03 
 8.275688e+00 -9.928946e-03 
 8.276086e+00 -1.083621e-02 
 8.276483e+00 -1.176159e-02 
 8.276881e+00 -1.268899e-02 
 8.277279e+00 -1.359932e-02 
 8.277677e+00 -1.449096e-02 
 8.278074e+00 -1.537501e-02 
 8.278472e+00 -1.626770e-02 
 8.278870e+00 -1.719265e-02 
 8.279267e+00 -1.815802e-02 
 8.279665e+00 -1.914783e-02 
 8.280063e+00 -2.014290e-02 
 8.280460e+00 -2.114303e-02 
 8.280858e+00 -2.214125e-02 
 8.281256e+00 -2.315091e-02 
 8.281654e+00 -2.418242e-02 
 8.282051e+00 -2.523987e-02 
 8.282449e+00 -2.633072e-02 
 8.282847e+00 -2.744074e-02 
 8.283244e+00 -2.855240e-02 
 8.283642e+00 -2.963087e-02 
 8.284040e+00 -3.065208e-02 
 8.284437e+00 -3.160195e-02 
 8.284835e+00 -3.248069e-02 
 8.285233e+00 -3.329573e-02 
 8.285630e+00 -3.404973e-02 
 8.286028e+00 -3.474469e-02 
 8.286426e+00 -3.538297e-02 
 8.286824e+00 -3.597114e-02 
 8.287221e+00 -3.652570e-02 
 8.287619e+00 -3.705759e-02 
 8.288017e+00 -3.758103e-02 
 8.288414e+00 -3.811699e-02 
 8.288812e+00 -3.867951e-02 
 8.289210e+00 -3.927822e-02 
 8.289607e+00 -3.990815e-02 
 8.290005e+00 -4.055900e-02 
 8.290403e+00 -4.122768e-02 
 8.290801e+00 -4.192195e-02 
 8.291198e+00 -4.266243e-02 
 8.291596e+00 -4.346282e-02 
 8.291994e+00 -4.431982e-02 
 8.292391e+00 -4.521421e-02 
 8.292789e+00 -4.611961e-02 
 8.293187e+00 -4.700804e-02 
 8.293584e+00 -4.784547e-02 
 8.293982e+00 -4.861483e-02 
 8.294380e+00 -4.930426e-02 
 8.294777e+00 -4.990914e-02 
 8.295175e+00 -5.042983e-02 
 8.295573e+00 -5.085616e-02 
 8.295971e+00 -5.117629e-02 
 8.296368e+00 -5.137521e-02 
 8.296766e+00 -5.145857e-02 
 8.297164e+00 -5.144117e-02 
 8.297561e+00 -5.134910e-02 
 8.297959e+00 -5.121222e-02 
 8.298357e+00 -5.103741e-02 
 8.298754e+00 -5.082220e-02 
 8.299152e+00 -5.057017e-02 
 8.299550e+00 -5.027978e-02 
 8.299948e+00 -4.994662e-02 
 8.300345e+00 -4.958447e-02 
 8.300743e+00 -4.921189e-02 
 8.301141e+00 -4.883665e-02 
 8.301538e+00 -4.847004e-02 
 8.301936e+00 -4.809039e-02 
 8.302334e+00 -4.767330e-02 
 8.302731e+00 -4.719424e-02 
 8.303129e+00 -4.664189e-02 
 8.303527e+00 -4.602478e-02 
 8.303924e+00 -4.535125e-02 
 8.304322e+00 -4.464166e-02 
 8.304720e+00 -4.391083e-02 
 8.305118e+00 -4.316013e-02 
 8.305515e+00 -4.238848e-02 
 8.305913e+00 -4.160856e-02 
 8.306311e+00 -4.082970e-02 
 8.306708e+00 -4.007649e-02 
 8.307106e+00 -3.938475e-02 
 8.307504e+00 -3.878134e-02 
 8.307901e+00 -3.827427e-02 
 8.308299e+00 -3.785188e-02 
 8.308697e+00 -3.748537e-02 
 8.309095e+00 -3.715120e-02 
 8.309492e+00 -3.682784e-02 
 8.309890e+00 -3.650490e-02 
 8.310288e+00 -3.619616e-02 
 8.310685e+00 -3.591816e-02 
 8.311083e+00 -3.566728e-02 
 8.311481e+00 -3.543260e-02 
 8.311878e+00 -3.520011e-02 
 8.312276e+00 -3.494098e-02 
 8.312674e+00 -3.463071e-02 
 8.313071e+00 -3.426004e-02 
 8.313469e+00 -3.382138e-02 
 8.313867e+00 -3.331950e-02 
 8.314265e+00 -3.276527e-02 
 8.314662e+00 -3.216301e-02 
 8.315060e+00 -3.151432e-02 
 8.315458e+00 -3.082801e-02 
 8.315855e+00 -3.011883e-02 
 8.316253e+00 -2.940878e-02 
 8.316651e+00 -2.872548e-02 
 8.317048e+00 -2.808713e-02 
 8.317446e+00 -2.750005e-02 
 8.317844e+00 -2.696157e-02 
 8.318242e+00 -2.646770e-02 
 8.318639e+00 -2.601679e-02 
 8.319037e+00 -2.560941e-02 
 8.319435e+00 -2.524458e-02 
 8.319832e+00 -2.493288e-02 
 8.320230e+00 -2.468699e-02 
 8.320628e+00 -2.450840e-02 
 8.321025e+00 -2.437589e-02 
 8.321423e+00 -2.427079e-02 
 8.321821e+00 -2.417183e-02 
 8.322218e+00 -2.405580e-02 
 8.322616e+00 -2.392729e-02 
 8.323014e+00 -2.379851e-02 
 8.323412e+00 -2.368579e-02 
 8.323809e+00 -2.360047e-02 
 8.324207e+00 -2.355206e-02 
 8.324605e+00 -2.354001e-02 
 8.325002e+00 -2.355099e-02 
 8.325400e+00 -2.356694e-02 
 8.325798e+00 -2.358220e-02 
 8.326195e+00 -2.359080e-02 
 8.326593e+00 -2.360680e-02 
 8.326991e+00 -2.363677e-02 
 8.327389e+00 -2.366697e-02 
 8.327786e+00 -2.367372e-02 
 8.328184e+00 -2.363540e-02 
 8.328582e+00 -2.352399e-02 
 8.328979e+00 -2.332714e-02 
 8.329377e+00 -2.305006e-02 
 8.329775e+00 -2.270104e-02 
 8.330172e+00 -2.229037e-02 
 8.330570e+00 -2.182643e-02 
 8.330968e+00 -2.130497e-02 
 8.331365e+00 -2.071356e-02 
 8.331763e+00 -2.003768e-02 
 8.332161e+00 -1.927251e-02 
 8.332559e+00 -1.844788e-02 
 8.332956e+00 -1.759892e-02 
 8.333354e+00 -1.676227e-02 
 8.333752e+00 -1.595954e-02 
 8.334149e+00 -1.520152e-02 
 8.334547e+00 -1.447602e-02 
 8.334945e+00 -1.377389e-02 
 8.335342e+00 -1.309458e-02 
 8.335740e+00 -1.243880e-02 
 8.336138e+00 -1.181547e-02 
 8.336536e+00 -1.124804e-02 
 8.336933e+00 -1.074938e-02 
 8.337331e+00 -1.031408e-02 
 8.337729e+00 -9.925318e-03 
 8.338126e+00 -9.564246e-03 
 8.338524e+00 -9.215559e-03 
 8.338922e+00 -8.875902e-03 
 8.339319e+00 -8.558364e-03 
 8.339717e+00 -8.266315e-03 
 8.340115e+00 -7.996761e-03 
 8.340512e+00 -7.744618e-03 
 8.340910e+00 -7.488131e-03 
 8.341308e+00 -7.211454e-03 
 8.341706e+00 -6.904955e-03 
 8.342103e+00 -6.570296e-03 
 8.342501e+00 -6.225064e-03 
 8.342899e+00 -5.879710e-03 
 8.343296e+00 -5.556621e-03 
 8.343694e+00 -5.253777e-03 
 8.344092e+00 -4.961051e-03 
 8.344489e+00 -4.659023e-03 
 8.344887e+00 -4.324673e-03 
 8.345285e+00 -3.962883e-03 
 8.345683e+00 -3.569384e-03 
 8.346080e+00 -3.141347e-03 
 8.346478e+00 -2.682985e-03 
 8.346876e+00 -2.194530e-03 
 8.347273e+00 -1.663657e-03 
 8.347671e+00 -1.085579e-03 
 8.348069e+00 -4.679056e-04 
 8.348466e+00  1.777971e-04 
 8.348864e+00  8.345044e-04 
 8.349262e+00  1.479128e-03 
 8.349659e+00  2.103353e-03 
 8.350057e+00  2.707538e-03 
 8.350455e+00  3.298904e-03 
 8.350853e+00  3.887203e-03 
 8.351250e+00  4.472772e-03 
 8.351648e+00  5.039839e-03 
 8.352046e+00  5.568699e-03 
 8.352443e+00  6.042142e-03 
 8.352841e+00  6.441242e-03 
 8.353239e+00  6.768960e-03 
 8.353636e+00  7.050354e-03 
 8.354034e+00  7.313223e-03 
 8.354432e+00  7.581597e-03 
 8.354830e+00  7.861339e-03 
 8.355227e+00  8.143010e-03 
 8.355625e+00  8.404274e-03 
 8.356023e+00  8.631191e-03 
 8.356420e+00  8.817430e-03 
 8.356818e+00  8.978552e-03 
 8.357216e+00  9.140894e-03 
 8.357613e+00  9.322098e-03 
 8.358011e+00  9.525801e-03 
 8.358409e+00  9.743915e-03 
 8.358806e+00  9.956625e-03 
 8.359204e+00  1.014969e-02 
 8.359602e+00  1.032586e-02 
 8.360000e+00  1.049978e-02 
 8.360397e+00  1.069007e-02 
 8.360795e+00  1.091009e-02 
 8.361193e+00  1.116248e-02 
 8.361590e+00  1.142306e-02 
 8.361988e+00  1.166340e-02 
 8.362386e+00  1.185949e-02 
 8.362783e+00  1.200268e-02 
 8.363181e+00  1.210338e-02 
 8.363579e+00  1.218031e-02 
 8.363977e+00  1.223512e-02 
 8.364374e+00  1.226623e-02 
 8.364772e+00  1.225975e-02 
 8.365170e+00  1.219884e-02 
 8.365567e+00  1.206787e-02 
 8.365965e+00  1.186059e-02 
 8.366363e+00  1.158255e-02 
 8.366760e+00  1.123390e-02 
 8.367158e+00  1.081506e-02 
 8.367556e+00  1.031302e-02 
 8.367953e+00  9.705676e-03 
 8.368351e+00  8.977767e-03 
 8.368749e+00  8.119975e-03 
 8.369147e+00  7.144567e-03 
 8.369544e+00  6.077287e-03 
 8.369942e+00  4.948982e-03 
 8.370340e+00  3.777860e-03 
 8.370737e+00  2.577618e-03 
 8.371135e+00  1.357962e-03 
 8.371533e+00  1.227406e-04 
 8.371930e+00 -1.127330e-03 
 8.372328e+00 -2.381862e-03 
 8.372726e+00 -3.629279e-03 
 8.373124e+00 -4.851316e-03 
 8.373521e+00 -6.034399e-03 
 8.373919e+00 -7.178909e-03 
 8.374317e+00 -8.288361e-03 
 8.374714e+00 -9.372741e-03 
 8.375112e+00 -1.044819e-02 
 8.375510e+00 -1.151276e-02 
 8.375907e+00 -1.255677e-02 
 8.376305e+00 -1.358033e-02 
 8.376703e+00 -1.458511e-02 
 8.377100e+00 -1.556698e-02 
 8.377498e+00 -1.652626e-02 
 8.377896e+00 -1.746991e-02 
 8.378294e+00 -1.839524e-02 
 8.378691e+00 -1.929374e-02 
 8.379089e+00 -2.014771e-02 
 8.379487e+00 -2.093417e-02 
 8.379884e+00 -2.163398e-02 
 8.380282e+00 -2.224546e-02 
 8.380680e+00 -2.278844e-02 
 8.381077e+00 -2.328702e-02 
 8.381475e+00 -2.376255e-02 
 8.381873e+00 -2.422987e-02 
 8.382271e+00 -2.468820e-02 
 8.382668e+00 -2.513529e-02 
 8.383066e+00 -2.557072e-02 
 8.383464e+00 -2.599162e-02 
 8.383861e+00 -2.641639e-02 
 8.384259e+00 -2.687516e-02 
 8.384657e+00 -2.739370e-02 
 8.385054e+00 -2.798330e-02 
 8.385452e+00 -2.864087e-02 
 8.385850e+00 -2.934605e-02 
 8.386247e+00 -3.007669e-02 
 8.386645e+00 -3.082453e-02 
 8.387043e+00 -3.158304e-02 
 8.387441e+00 -3.235259e-02 
 8.387838e+00 -3.313293e-02 
 8.388236e+00 -3.391444e-02 
 8.388634e+00 -3.467511e-02 
 8.389031e+00 -3.539292e-02 
 8.389429e+00 -3.604468e-02 
 8.389827e+00 -3.660598e-02 
 8.390224e+00 -3.707579e-02 
 8.390622e+00 -3.746040e-02 
 8.391020e+00 -3.776758e-02 
 8.391418e+00 -3.799935e-02 
 8.391815e+00 -3.815396e-02 
 8.392213e+00 -3.822269e-02 
 8.392611e+00 -3.821638e-02 
 8.393008e+00 -3.815423e-02 
 8.393406e+00 -3.805951e-02 
 8.393804e+00 -3.796540e-02 
 8.394201e+00 -3.789690e-02 
 8.394599e+00 -3.787278e-02 
 8.394997e+00 -3.790266e-02 
 8.395394e+00 -3.799183e-02 
 8.395792e+00 -3.813198e-02 
 8.396190e+00 -3.831288e-02 
 8.396588e+00 -3.853180e-02 
 8.396985e+00 -3.878575e-02 
 8.397383e+00 -3.907006e-02 
 8.397781e+00 -3.936221e-02 
 8.398178e+00 -3.963384e-02 
 8.398576e+00 -3.986186e-02 
 8.398974e+00 -4.004206e-02 
 8.399371e+00 -4.017164e-02 
 8.399769e+00 -4.025256e-02 
 8.400167e+00 -4.030539e-02 
 8.400565e+00 -4.034273e-02 
 8.400962e+00 -4.037026e-02 
 8.401360e+00 -4.039490e-02 
 8.401758e+00 -4.042770e-02 
 8.402155e+00 -4.046284e-02 
 8.402553e+00 -4.049742e-02 
 8.402951e+00 -4.054223e-02 
 8.403348e+00 -4.060900e-02 
 8.403746e+00 -4.070091e-02 
 8.404144e+00 -4.082646e-02 
 8.404541e+00 -4.097947e-02 
 8.404939e+00 -4.113834e-02 
 8.405337e+00 -4.127875e-02 
 8.405735e+00 -4.137957e-02 
 8.406132e+00 -4.141788e-02 
 8.406530e+00 -4.138266e-02 
 8.406928e+00 -4.127783e-02 
 8.407325e+00 -4.110603e-02 
 8.407723e+00 -4.087657e-02 
 8.408121e+00 -4.058916e-02 
 8.408518e+00 -4.023223e-02 
 8.408916e+00 -3.979762e-02 
 8.409314e+00 -3.927805e-02 
 8.409712e+00 -3.868149e-02 
 8.410109e+00 -3.803218e-02 
 8.410507e+00 -3.734948e-02 
 8.410905e+00 -3.665020e-02 
 8.411302e+00 -3.595089e-02 
 8.411700e+00 -3.525615e-02 
 8.412098e+00 -3.456694e-02 
 8.412495e+00 -3.389385e-02 
 8.412893e+00 -3.326838e-02 
 8.413291e+00 -3.272206e-02 
 8.413688e+00 -3.228328e-02 
 8.414086e+00 -3.197219e-02 
 8.414484e+00 -3.178813e-02 
 8.414882e+00 -3.170079e-02 
 8.415279e+00 -3.167843e-02 
 8.415677e+00 -3.169506e-02 
 8.416075e+00 -3.173394e-02 
 8.416472e+00 -3.179150e-02 
 8.416870e+00 -3.186983e-02 
 8.417268e+00 -3.196522e-02 
 8.417665e+00 -3.206948e-02 
 8.418063e+00 -3.217035e-02 
 8.418461e+00 -3.225234e-02 
 8.418859e+00 -3.230382e-02 
 8.419256e+00 -3.232018e-02 
 8.419654e+00 -3.231116e-02 
 8.420052e+00 -3.228224e-02 
 8.420449e+00 -3.224705e-02 
 8.420847e+00 -3.220986e-02 
 8.421245e+00 -3.216453e-02 
 8.421642e+00 -3.210703e-02 
 8.422040e+00 -3.204614e-02 
 8.422438e+00 -3.199499e-02 
 8.422835e+00 -3.196416e-02 
 8.423233e+00 -3.195835e-02 
 8.423631e+00 -3.195980e-02 
 8.424029e+00 -3.195809e-02 
 8.424426e+00 -3.192972e-02 
 8.424824e+00 -3.185694e-02 
 8.425222e+00 -3.172977e-02 
 8.425619e+00 -3.154542e-02 
 8.426017e+00 -3.131184e-02 
 8.426415e+00 -3.104715e-02 
 8.426812e+00 -3.076626e-02 
 8.427210e+00 -3.046619e-02 
 8.427608e+00 -3.013895e-02 
 8.428006e+00 -2.979268e-02 
 8.428403e+00 -2.943027e-02 
 8.428801e+00 -2.907004e-02 
 8.429199e+00 -2.873583e-02 
 8.429596e+00 -2.843625e-02 
 8.429994e+00 -2.817391e-02 
 8.430392e+00 -2.794807e-02 
 8.430789e+00 -2.774908e-02 
 8.431187e+00 -2.756021e-02 
 8.431585e+00 -2.737403e-02 
 8.431982e+00 -2.718698e-02 
 8.432380e+00 -2.700501e-02 
 8.432778e+00 -2.683956e-02 
 8.433176e+00 -2.669299e-02 
 8.433573e+00 -2.655368e-02 
 8.433971e+00 -2.639514e-02 
 8.434369e+00 -2.618949e-02 
 8.434766e+00 -2.591877e-02 
 8.435164e+00 -2.557488e-02 
 8.435562e+00 -2.515710e-02 
 8.435959e+00 -2.466903e-02 
 8.436357e+00 -2.412280e-02 
 8.436755e+00 -2.352426e-02 
 8.437153e+00 -2.287193e-02 
 8.437550e+00 -2.214923e-02 
 8.437948e+00 -2.134903e-02 
 8.438346e+00 -2.046513e-02 
 8.438743e+00 -1.950317e-02 
 8.439141e+00 -1.847873e-02 
 8.439539e+00 -1.740804e-02 
 8.439936e+00 -1.629865e-02 
 8.440334e+00 -1.515538e-02 
 8.440732e+00 -1.398000e-02 
 8.441129e+00 -1.278545e-02 
 8.441527e+00 -1.158602e-02 
 8.441925e+00 -1.039276e-02 
 8.442323e+00 -9.219271e-03 
 8.442720e+00 -8.079400e-03 
 8.443118e+00 -6.979160e-03 
 8.443516e+00 -5.912426e-03 
 8.443913e+00 -4.867291e-03 
 8.444311e+00 -3.845586e-03 
 8.444709e+00 -2.850412e-03 
 8.445106e+00 -1.894747e-03 
 8.445504e+00 -9.986752e-04 
 8.445902e+00 -1.693857e-04 
 8.446300e+00  5.901049e-04 
 8.446697e+00  1.279711e-03 
 8.447095e+00  1.909402e-03 
 8.447493e+00  2.480441e-03 
 8.447890e+00  3.001081e-03 
 8.448288e+00  3.478983e-03 
 8.448686e+00  3.918681e-03 
 8.449083e+00  4.330081e-03 
 8.449481e+00  4.710493e-03 
 8.449879e+00  5.072199e-03 
 8.450276e+00  5.418935e-03 
 8.450674e+00  5.756041e-03 
 8.451072e+00  6.085401e-03 
 8.451470e+00  6.395904e-03 
 8.451867e+00  6.689220e-03 
 8.452265e+00  6.966569e-03 
 8.452663e+00  7.228779e-03 
 8.453060e+00  7.479558e-03 
 8.453458e+00  7.719833e-03 
 8.453856e+00  7.949085e-03 
 8.454253e+00  8.168159e-03 
 8.454651e+00  8.379578e-03 
 8.455049e+00  8.583895e-03 
 8.455447e+00  8.775923e-03 
 8.455844e+00  8.958154e-03 
 8.456242e+00  9.121293e-03 
 8.456640e+00  9.273142e-03 
 8.457037e+00  9.411905e-03 
 8.457435e+00  9.544012e-03 
 8.457833e+00  9.661749e-03 
 8.458230e+00  9.764674e-03 
 8.458628e+00  9.849626e-03 
 8.459026e+00  9.905011e-03 
 8.459423e+00  9.927742e-03 
 8.459821e+00  9.917095e-03 
 8.460219e+00  9.868031e-03 
 8.460617e+00  9.774937e-03 
 8.461014e+00  9.632333e-03 
 8.461412e+00  9.432061e-03 
 8.461810e+00  9.153327e-03 
 8.462207e+00  8.793140e-03 
 8.462605e+00  8.349104e-03 
 8.463003e+00  7.830027e-03 
 8.463400e+00  7.250285e-03 
 8.463798e+00  6.627550e-03 
 8.464196e+00  5.976907e-03 
 8.464594e+00  5.307998e-03 
 8.464991e+00  4.632502e-03 
 8.465389e+00  3.956075e-03 
 8.465787e+00  3.292055e-03 
 8.466184e+00  2.649587e-03 
 8.466582e+00  2.050025e-03 
 8.466980e+00  1.512646e-03 
 8.467377e+00  1.059577e-03 
 8.467775e+00  6.883023e-04 
 8.468173e+00  3.956838e-04 
 8.468570e+00  1.707842e-04 
 8.468968e+00 -1.343626e-06 
 8.469366e+00 -1.396150e-04 
 8.469764e+00 -2.558317e-04 
 8.470161e+00 -3.652523e-04 
 8.470559e+00 -4.782903e-04 
 8.470957e+00 -5.944078e-04 
 8.471354e+00 -7.151822e-04 
 8.471752e+00 -8.525283e-04 
 8.472150e+00 -1.023744e-03 
 8.472547e+00 -1.242904e-03 
 8.472945e+00 -1.519852e-03 
 8.473343e+00 -1.859557e-03 
 8.473741e+00 -2.257504e-03 
 8.474138e+00 -2.712840e-03 
 8.474536e+00 -3.224933e-03 
 8.474934e+00 -3.781680e-03 
 8.475331e+00 -4.367691e-03 
 8.475729e+00 -4.973592e-03 
 8.476127e+00 -5.598467e-03 
 8.476524e+00 -6.242249e-03 
 8.476922e+00 -6.904944e-03 
 8.477320e+00 -7.583856e-03 
 8.477717e+00 -8.290360e-03 
 8.478115e+00 -9.029865e-03 
 8.478513e+00 -9.809370e-03 
 8.478911e+00 -1.063811e-02 
 8.479308e+00 -1.151579e-02 
 8.479706e+00 -1.243628e-02 
 8.480104e+00 -1.339460e-02 
 8.480501e+00 -1.440441e-02 
 8.480899e+00 -1.546702e-02 
 8.481297e+00 -1.658037e-02 
 8.481694e+00 -1.774046e-02 
 8.482092e+00 -1.893631e-02 
 8.482490e+00 -2.014958e-02 
 8.482888e+00 -2.136331e-02 
 8.483285e+00 -2.255298e-02 
 8.483683e+00 -2.369598e-02 
 8.484081e+00 -2.477833e-02 
 8.484478e+00 -2.579409e-02 
 8.484876e+00 -2.673851e-02 
 8.485274e+00 -2.760505e-02 
 8.485671e+00 -2.837777e-02 
 8.486069e+00 -2.903988e-02 
 8.486467e+00 -2.957933e-02 
 8.486864e+00 -2.999804e-02 
 8.487262e+00 -3.031287e-02 
 8.487660e+00 -3.054364e-02 
 8.488058e+00 -3.071459e-02 
 8.488455e+00 -3.085370e-02 
 8.488853e+00 -3.098012e-02 
 8.489251e+00 -3.111073e-02 
 8.489648e+00 -3.124945e-02 
 8.490046e+00 -3.140795e-02 
 8.490444e+00 -3.160094e-02 
 8.490841e+00 -3.184495e-02 
 8.491239e+00 -3.215679e-02 
 8.491637e+00 -3.253666e-02 
 8.492035e+00 -3.297533e-02 
 8.492432e+00 -3.345129e-02 
 8.492830e+00 -3.394412e-02 
 8.493228e+00 -3.442975e-02 
 8.493625e+00 -3.488519e-02 
 8.494023e+00 -3.529280e-02 
 8.494421e+00 -3.564044e-02 
 8.494818e+00 -3.591368e-02 
 8.495216e+00 -3.610887e-02 
 8.495614e+00 -3.621916e-02 
 8.496011e+00 -3.624153e-02 
 8.496409e+00 -3.618174e-02 
 8.496807e+00 -3.606180e-02 
 8.497205e+00 -3.590320e-02 
 8.497602e+00 -3.572680e-02 
 8.498000e+00 -3.554894e-02 
 8.498398e+00 -3.537850e-02 
 8.498795e+00 -3.521850e-02 
 8.499193e+00 -3.506997e-02 
 8.499591e+00 -3.493272e-02 
 8.499988e+00 -3.480301e-02 
 8.500386e+00 -3.467702e-02 
 8.500784e+00 -3.456001e-02 
 8.501182e+00 -3.445195e-02 
 8.501579e+00 -3.436201e-02 
 8.501977e+00 -3.428075e-02 
 8.502375e+00 -3.420294e-02 
 8.502772e+00 -3.412469e-02 
 8.503170e+00 -3.403675e-02 
 8.503568e+00 -3.393592e-02 
 8.503965e+00 -3.382671e-02 
 8.504363e+00 -3.371829e-02 
 8.504761e+00 -3.361037e-02 
 8.505158e+00 -3.350760e-02 
 8.505556e+00 -3.342361e-02 
 8.505954e+00 -3.336406e-02 
 8.506352e+00 -3.333874e-02 
 8.506749e+00 -3.335623e-02 
 8.507147e+00 -3.342878e-02 
 8.507545e+00 -3.357045e-02 
 8.507942e+00 -3.379430e-02 
 8.508340e+00 -3.410915e-02 
 8.508738e+00 -3.451880e-02 
 8.509135e+00 -3.502215e-02 
 8.509533e+00 -3.561673e-02 
 8.509931e+00 -3.629082e-02 
 8.510329e+00 -3.704220e-02 
 8.510726e+00 -3.785610e-02 
 8.511124e+00 -3.870837e-02 
 8.511522e+00 -3.957544e-02 
 8.511919e+00 -4.043584e-02 
 8.512317e+00 -4.126375e-02 
 8.512715e+00 -4.204148e-02 
 8.513112e+00 -4.275341e-02 
 8.513510e+00 -4.338565e-02 
 8.513908e+00 -4.393312e-02 
 8.514305e+00 -4.438324e-02 
 8.514703e+00 -4.472961e-02 
 8.515101e+00 -4.496282e-02 
 8.515499e+00 -4.508473e-02 
 8.515896e+00 -4.510996e-02 
 8.516294e+00 -4.505855e-02 
 8.516692e+00 -4.495703e-02 
 8.517089e+00 -4.482412e-02 
 8.517487e+00 -4.468010e-02 
 8.517885e+00 -4.453042e-02 
 8.518282e+00 -4.437270e-02 
 8.518680e+00 -4.420014e-02 
 8.519078e+00 -4.399817e-02 
 8.519476e+00 -4.375830e-02 
 8.519873e+00 -4.348685e-02 
 8.520271e+00 -4.319241e-02 
 8.520669e+00 -4.288623e-02 
 8.521066e+00 -4.256729e-02 
 8.521464e+00 -4.223827e-02 
 8.521862e+00 -4.189418e-02 
 8.522259e+00 -4.152367e-02 
 8.522657e+00 -4.111916e-02 
 8.523055e+00 -4.067734e-02 
 8.523452e+00 -4.020076e-02 
 8.523850e+00 -3.970285e-02 
 8.524248e+00 -3.920283e-02 
 8.524646e+00 -3.871748e-02 
 8.525043e+00 -3.824764e-02 
 8.525441e+00 -3.778531e-02 
 8.525839e+00 -3.732545e-02 
 8.526236e+00 -3.686278e-02 
 8.526634e+00 -3.640046e-02 
 8.527032e+00 -3.594408e-02 
 8.527429e+00 -3.549105e-02 
 8.527827e+00 -3.504179e-02 
 8.528225e+00 -3.459844e-02 
 8.528623e+00 -3.415583e-02 
 8.529020e+00 -3.370993e-02 
 8.529418e+00 -3.325997e-02 
 8.529816e+00 -3.280508e-02 
 8.530213e+00 -3.235368e-02 
 8.530611e+00 -3.191229e-02 
 8.531009e+00 -3.148437e-02 
 8.531406e+00 -3.105616e-02 
 8.531804e+00 -3.060545e-02 
 8.532202e+00 -3.011784e-02 
 8.532599e+00 -2.959131e-02 
 8.532997e+00 -2.902794e-02 
 8.533395e+00 -2.842883e-02 
 8.533793e+00 -2.779642e-02 
 8.534190e+00 -2.713380e-02 
 8.534588e+00 -2.643285e-02 
 8.534986e+00 -2.569355e-02 
 8.535383e+00 -2.492585e-02 
 8.535781e+00 -2.414616e-02 
 8.536179e+00 -2.337991e-02 
 8.536576e+00 -2.266121e-02 
 8.536974e+00 -2.201218e-02 
 8.537372e+00 -2.143274e-02 
 8.537770e+00 -2.090690e-02 
 8.538167e+00 -2.041309e-02 
 8.538565e+00 -1.993907e-02 
 8.538963e+00 -1.948212e-02 
 8.539360e+00 -1.905110e-02 
 8.539758e+00 -1.865520e-02 
 8.540156e+00 -1.830473e-02 
 8.540553e+00 -1.799306e-02 
 8.540951e+00 -1.770147e-02 
 8.541349e+00 -1.740614e-02 
 8.541746e+00 -1.708308e-02 
 8.542144e+00 -1.672696e-02 
 8.542542e+00 -1.633547e-02 
 8.542940e+00 -1.591129e-02 
 8.543337e+00 -1.545869e-02 
 8.543735e+00 -1.495952e-02 
 8.544133e+00 -1.439742e-02 
 8.544530e+00 -1.375657e-02 
 8.544928e+00 -1.302986e-02 
 8.545326e+00 -1.221948e-02 
 8.545723e+00 -1.133019e-02 
 8.546121e+00 -1.037251e-02 
 8.546519e+00 -9.358386e-03 
 8.546917e+00 -8.286605e-03 
 8.547314e+00 -7.153059e-03 
 8.547712e+00 -5.961771e-03 
 8.548110e+00 -4.720945e-03 
 8.548507e+00 -3.451782e-03 
 8.548905e+00 -2.180538e-03 
 8.549303e+00 -9.462537e-04 
 8.549700e+00  2.357772e-04 
 8.550098e+00  1.359571e-03 
 8.550496e+00  2.427300e-03 
 8.550893e+00  3.456782e-03 
 8.551291e+00  4.460264e-03 
 8.551689e+00  5.442596e-03 
 8.552087e+00  6.393394e-03 
 8.552484e+00  7.304121e-03 
 8.552882e+00  8.160861e-03 
 8.553280e+00  8.952418e-03 
 8.553677e+00  9.687710e-03 
 8.554075e+00  1.037953e-02 
 8.554473e+00  1.104234e-02 
 8.554870e+00  1.168039e-02 
 8.555268e+00  1.228434e-02 
 8.555666e+00  1.284182e-02 
 8.556064e+00  1.333257e-02 
 8.556461e+00  1.374534e-02 
 8.556859e+00  1.407041e-02 
 8.557257e+00  1.430922e-02 
 8.557654e+00  1.445373e-02 
 8.558052e+00  1.449985e-02 
 8.558450e+00  1.444764e-02 
 8.558847e+00  1.429845e-02 
 8.559245e+00  1.406050e-02 
 8.559643e+00  1.374665e-02 
 8.560040e+00  1.338434e-02 
 8.560438e+00  1.299173e-02 
 8.560836e+00  1.258643e-02 
 8.561234e+00  1.218392e-02 
 8.561631e+00  1.178470e-02 
 8.562029e+00  1.138496e-02 
 8.562427e+00  1.098820e-02 
 8.562824e+00  1.060804e-02 
 8.563222e+00  1.025526e-02 
 8.563620e+00  9.938174e-03 
 8.564017e+00  9.658922e-03 
 8.564415e+00  9.409735e-03 
 8.564813e+00  9.173432e-03 
 8.565211e+00  8.931647e-03 
 8.565608e+00  8.668839e-03 
 8.566006e+00  8.378020e-03 
 8.566404e+00  8.058453e-03 
 8.566801e+00  7.702576e-03 
 8.567199e+00  7.311143e-03 
 8.567597e+00  6.868322e-03 
 8.567994e+00  6.355404e-03 
 8.568392e+00  5.756857e-03 
 8.568790e+00  5.061588e-03 
 8.569187e+00  4.276646e-03 
 8.569585e+00  3.415514e-03 
 8.569983e+00  2.503470e-03 
 8.570381e+00  1.566986e-03 
 8.570778e+00  6.290367e-04 
 8.571176e+00 -2.926696e-04 
 8.571574e+00 -1.190931e-03 
 8.571971e+00 -2.070960e-03 
 8.572369e+00 -2.933238e-03 
 8.572767e+00 -3.767429e-03 
 8.573164e+00 -4.566086e-03 
 8.573562e+00 -5.313988e-03 
 8.573960e+00 -6.003108e-03 
 8.574358e+00 -6.635931e-03 
 8.574755e+00 -7.218364e-03 
 8.575153e+00 -7.760721e-03 
 8.575551e+00 -8.267867e-03 
 8.575948e+00 -8.755041e-03 
 8.576346e+00 -9.231839e-03 
 8.576744e+00 -9.705981e-03 
 8.577141e+00 -1.017914e-02 
 8.577539e+00 -1.064644e-02 
 8.577937e+00 -1.111058e-02 
 8.578334e+00 -1.157922e-02 
 8.578732e+00 -1.205168e-02 
 8.579130e+00 -1.251292e-02 
 8.579528e+00 -1.294715e-02 
 8.579925e+00 -1.333356e-02 
 8.580323e+00 -1.366175e-02 
 8.580721e+00 -1.393133e-02 
 8.581118e+00 -1.414651e-02 
 8.581516e+00 -1.431733e-02 
 8.581914e+00 -1.445609e-02 
 8.582311e+00 -1.457740e-02 
 8.582709e+00 -1.468757e-02 
 8.583107e+00 -1.479452e-02 
 8.583505e+00 -1.489623e-02 
 8.583902e+00 -1.499542e-02 
 8.584300e+00 -1.510742e-02 
 8.584698e+00 -1.525166e-02 
 8.585095e+00 -1.544997e-02 
 8.585493e+00 -1.571998e-02 
 8.585891e+00 -1.607051e-02 
 8.586288e+00 -1.650015e-02 
 8.586686e+00 -1.701122e-02 
 8.587084e+00 -1.759931e-02 
 8.587481e+00 -1.825995e-02 
 8.587879e+00 -1.898571e-02 
 8.588277e+00 -1.976388e-02 
 8.588675e+00 -2.057811e-02 
 8.589072e+00 -2.139677e-02 
 8.589470e+00 -2.218966e-02 
 8.589868e+00 -2.292614e-02 
 8.590265e+00 -2.358497e-02 
 8.590663e+00 -2.415951e-02 
 8.591061e+00 -2.465087e-02 
 8.591458e+00 -2.507334e-02 
 8.591856e+00 -2.542712e-02 
 8.592254e+00 -2.572024e-02 
 8.592652e+00 -2.595488e-02 
 8.593049e+00 -2.613707e-02 
 8.593447e+00 -2.628023e-02 
 8.593845e+00 -2.639234e-02 
 8.594242e+00 -2.648411e-02 
 8.594640e+00 -2.656805e-02 
 8.595038e+00 -2.664599e-02 
 8.595435e+00 -2.672564e-02 
 8.595833e+00 -2.680776e-02 
 8.596231e+00 -2.689987e-02 
 8.596628e+00 -2.701212e-02 
 8.597026e+00 -2.715568e-02 
 8.597424e+00 -2.733968e-02 
 8.597822e+00 -2.756704e-02 
 8.598219e+00 -2.782565e-02 
 8.598617e+00 -2.810046e-02 
 8.599015e+00 -2.837625e-02 
 8.599412e+00 -2.863756e-02 
 8.599810e+00 -2.887666e-02 
 8.600208e+00 -2.910687e-02 
 8.600605e+00 -2.933989e-02 
 8.601003e+00 -2.959443e-02 
 8.601401e+00 -2.988649e-02 
 8.601799e+00 -3.022199e-02 
 8.602196e+00 -3.059938e-02 
 8.602594e+00 -3.100459e-02 
 8.602992e+00 -3.142375e-02 
 8.603389e+00 -3.186010e-02 
 8.603787e+00 -3.231240e-02 
 8.604185e+00 -3.278596e-02 
 8.604582e+00 -3.329587e-02 
 8.604980e+00 -3.384583e-02 
 8.605378e+00 -3.443204e-02 
 8.605775e+00 -3.505090e-02 
 8.606173e+00 -3.568647e-02 
 8.606571e+00 -3.631913e-02 
 8.606969e+00 -3.692387e-02 
 8.607366e+00 -3.749323e-02 
 8.607764e+00 -3.801892e-02 
 8.608162e+00 -3.849180e-02 
 8.608559e+00 -3.889526e-02 
 8.608957e+00 -3.922276e-02 
 8.609355e+00 -3.947321e-02 
 8.609752e+00 -3.964360e-02 
 8.610150e+00 -3.974833e-02 
 8.610548e+00 -3.979120e-02 
 8.610946e+00 -3.977975e-02 
 8.611343e+00 -3.972247e-02 
 8.611741e+00 -3.962994e-02 
 8.612139e+00 -3.951730e-02 
 8.612536e+00 -3.940544e-02 
 8.612934e+00 -3.932185e-02 
 8.613332e+00 -3.929163e-02 
 8.613729e+00 -3.933305e-02 
 8.614127e+00 -3.945558e-02 
 8.614525e+00 -3.965567e-02 
 8.614922e+00 -3.991366e-02 
 8.615320e+00 -4.020518e-02 
 8.615718e+00 -4.051878e-02 
 8.616116e+00 -4.085399e-02 
 8.616513e+00 -4.120832e-02 
 8.616911e+00 -4.157938e-02 
 8.617309e+00 -4.196604e-02 
 8.617706e+00 -4.236334e-02 
 8.618104e+00 -4.275413e-02 
 8.618502e+00 -4.313618e-02 
 8.618899e+00 -4.350499e-02 
 8.619297e+00 -4.385699e-02 
 8.619695e+00 -4.419516e-02 
 8.620093e+00 -4.452223e-02 
 8.620490e+00 -4.484090e-02 
 8.620888e+00 -4.514645e-02 
 8.621286e+00 -4.543231e-02 
 8.621683e+00 -4.568160e-02 
 8.622081e+00 -4.588514e-02 
 8.622479e+00 -4.604060e-02 
 8.622876e+00 -4.613143e-02 
 8.623274e+00 -4.615740e-02 
 8.623672e+00 -4.611690e-02 
 8.624069e+00 -4.602035e-02 
 8.624467e+00 -4.587707e-02 
 8.624865e+00 -4.569791e-02 
 8.625263e+00 -4.548087e-02 
 8.625660e+00 -4.522733e-02 
 8.626058e+00 -4.493647e-02 
 8.626456e+00 -4.460308e-02 
 8.626853e+00 -4.422422e-02 
 8.627251e+00 -4.379744e-02 
 8.627649e+00 -4.331512e-02 
 8.628046e+00 -4.278264e-02 
 8.628444e+00 -4.219692e-02 
 8.628842e+00 -4.155490e-02 
 8.629240e+00 -4.085564e-02 
 8.629637e+00 -4.009611e-02 
 8.630035e+00 -3.928731e-02 
 8.630433e+00 -3.844039e-02 
 8.630830e+00 -3.757768e-02 
 8.631228e+00 -3.670420e-02 
 8.631626e+00 -3.582423e-02 
 8.632023e+00 -3.494257e-02 
 8.632421e+00 -3.406485e-02 
 8.632819e+00 -3.320283e-02 
 8.633216e+00 -3.236975e-02 
 8.633614e+00 -3.157822e-02 
 8.634012e+00 -3.083026e-02 
 8.634410e+00 -3.011733e-02 
 8.634807e+00 -2.942243e-02 
 8.635205e+00 -2.871861e-02 
 8.635603e+00 -2.797740e-02 
 8.636000e+00 -2.718651e-02 
 8.636398e+00 -2.634094e-02 
 8.636796e+00 -2.545266e-02 
 8.637193e+00 -2.453875e-02 
 8.637591e+00 -2.360340e-02 
 8.637989e+00 -2.264577e-02 
 8.638387e+00 -2.165412e-02 
 8.638784e+00 -2.061780e-02 
 8.639182e+00 -1.952878e-02 
 8.639580e+00 -1.839856e-02 
 8.639977e+00 -1.722890e-02 
 8.640375e+00 -1.602722e-02 
 8.640773e+00 -1.480820e-02 
 8.641170e+00 -1.357487e-02 
 8.641568e+00 -1.232331e-02 
 8.641966e+00 -1.105449e-02 
 8.642363e+00 -9.777921e-03 
 8.642761e+00 -8.507686e-03 
 8.643159e+00 -7.264663e-03 
 8.643557e+00 -6.070863e-03 
 8.643954e+00 -4.944761e-03 
 8.644352e+00 -3.891035e-03 
 8.644750e+00 -2.923308e-03 
 8.645147e+00 -2.043134e-03 
 8.645545e+00 -1.255079e-03 
 8.645943e+00 -5.722542e-04 
 8.646340e+00  9.361122e-06 
 8.646738e+00  4.886815e-04 
 8.647136e+00  8.683476e-04 
 8.647534e+00  1.177045e-03 
 8.647931e+00  1.433439e-03 
 8.648329e+00  1.657123e-03 
 8.648727e+00  1.864157e-03 
 8.649124e+00  2.050332e-03 
 8.649522e+00  2.205724e-03 
 8.649920e+00  2.337191e-03 
 8.650317e+00  2.452700e-03 
 8.650715e+00  2.559959e-03 
 8.651113e+00  2.674006e-03 
 8.651510e+00  2.797732e-03 
 8.651908e+00  2.926262e-03 
 8.652306e+00  3.041187e-03 
 8.652704e+00  3.126277e-03 
 8.653101e+00  3.162491e-03 
 8.653499e+00  3.145403e-03 
 8.653897e+00  3.095280e-03 
 8.654294e+00  3.049974e-03 
 8.654692e+00  3.032542e-03 
 8.655090e+00  3.064418e-03 
 8.655487e+00  3.141460e-03 
 8.655885e+00  3.250654e-03 
 8.656283e+00  3.379297e-03 
 8.656681e+00  3.519291e-03 
 8.657078e+00  3.668142e-03 
 8.657476e+00  3.834089e-03 
 8.657874e+00  4.028272e-03 
 8.658271e+00  4.261877e-03 
 8.658669e+00  4.538877e-03 
 8.659067e+00  4.848875e-03 
 8.659464e+00  5.169671e-03 
 8.659862e+00  5.488386e-03 
 8.660260e+00  5.801898e-03 
 8.660657e+00  6.105985e-03 
 8.661055e+00  6.404597e-03 
 8.661453e+00  6.685301e-03 
 8.661851e+00  6.924542e-03 
 8.662248e+00  7.099162e-03 
 8.662646e+00  7.191520e-03 
 8.663044e+00  7.194151e-03 
 8.663441e+00  7.111336e-03 
 8.663839e+00  6.949151e-03 
 8.664237e+00  6.712385e-03 
 8.664634e+00  6.400340e-03 
 8.665032e+00  6.013844e-03 
 8.665430e+00  5.548420e-03 
 8.665828e+00  4.999416e-03 
 8.666225e+00  4.383971e-03 
 8.666623e+00  3.740569e-03 
 8.667021e+00  3.105072e-03 
 8.667418e+00  2.521185e-03 
 8.667816e+00  2.012163e-03 
 8.668214e+00  1.567570e-03 
 8.668611e+00  1.177731e-03 
 8.669009e+00  8.263410e-04 
 8.669407e+00  5.015904e-04 
 8.669804e+00  1.998309e-04 
 8.670202e+00 -8.243853e-05 
 8.670600e+00 -3.476805e-04 
 8.670998e+00 -6.024139e-04 
 8.671395e+00 -8.577399e-04 
 8.671793e+00 -1.136026e-03 
 8.672191e+00 -1.455152e-03 
 8.672588e+00 -1.819855e-03 
 8.672986e+00 -2.226995e-03 
 8.673384e+00 -2.664152e-03 
 8.673781e+00 -3.128179e-03 
 8.674179e+00 -3.617852e-03 
 8.674577e+00 -4.132761e-03 
 8.674975e+00 -4.677533e-03 
 8.675372e+00 -5.247569e-03 
 8.675770e+00 -5.840902e-03 
 8.676168e+00 -6.448124e-03 
 8.676565e+00 -7.060727e-03 
 8.676963e+00 -7.673388e-03 
 8.677361e+00 -8.275353e-03 
 8.677758e+00 -8.862250e-03 
 8.678156e+00 -9.429172e-03 
 8.678554e+00 -9.975302e-03 
 8.678951e+00 -1.049494e-02 
 8.679349e+00 -1.099108e-02 
 8.679747e+00 -1.146263e-02 
 8.680145e+00 -1.191401e-02 
 8.680542e+00 -1.235437e-02 
 8.680940e+00 -1.278774e-02 
 8.681338e+00 -1.321887e-02 
 8.681735e+00 -1.365345e-02 
 8.682133e+00 -1.409843e-02 
 8.682531e+00 -1.455208e-02 
 8.682928e+00 -1.500782e-02 
 8.683326e+00 -1.545768e-02 
 8.683724e+00 -1.588046e-02 
 8.684121e+00 -1.625375e-02 
 8.684519e+00 -1.656430e-02 
 8.684917e+00 -1.680643e-02 
 8.685315e+00 -1.697706e-02 
 8.685712e+00 -1.707225e-02 
 8.686110e+00 -1.709328e-02 
 8.686508e+00 -1.703383e-02 
 8.686905e+00 -1.688071e-02 
 8.687303e+00 -1.662983e-02 
 8.687701e+00 -1.628488e-02 
 8.688098e+00 -1.586125e-02 
 8.688496e+00 -1.539421e-02 
 8.688894e+00 -1.492143e-02 
 8.689292e+00 -1.447230e-02 
 8.689689e+00 -1.406045e-02 
 8.690087e+00 -1.368327e-02 
 8.690485e+00 -1.334638e-02 
 8.690882e+00 -1.304981e-02 
 8.691280e+00 -1.280484e-02 
 8.691678e+00 -1.263049e-02 
 8.692075e+00 -1.254326e-02 
 8.692473e+00 -1.254935e-02 
 8.692871e+00 -1.265176e-02 
 8.693268e+00 -1.283938e-02 
 8.693666e+00 -1.309873e-02 
 8.694064e+00 -1.341909e-02 
 8.694462e+00 -1.380200e-02 
 8.694859e+00 -1.425198e-02 
 8.695257e+00 -1.477562e-02 
 8.695655e+00 -1.536788e-02 
 8.696052e+00 -1.601932e-02 
 8.696450e+00 -1.671349e-02 
 8.696848e+00 -1.743602e-02 
 8.697245e+00 -1.818831e-02 
 8.697643e+00 -1.897054e-02 
 8.698041e+00 -1.978567e-02 
 8.698439e+00 -2.063308e-02 
 8.698836e+00 -2.150715e-02 
 8.699234e+00 -2.239202e-02 
 8.699632e+00 -2.327123e-02 
 8.700029e+00 -2.414434e-02 
 8.700427e+00 -2.501536e-02 
 8.700825e+00 -2.589754e-02 
 8.701222e+00 -2.680432e-02 
 8.701620e+00 -2.774299e-02 
 8.702018e+00 -2.870612e-02 
 8.702415e+00 -2.967655e-02 
 8.702813e+00 -3.063564e-02 
 8.703211e+00 -3.157500e-02 
 8.703609e+00 -3.249292e-02 
 8.704006e+00 -3.339509e-02 
 8.704404e+00 -3.428268e-02 
 8.704802e+00 -3.515466e-02 
 8.705199e+00 -3.600134e-02 
 8.705597e+00 -3.681170e-02 
 8.705995e+00 -3.757075e-02 
 8.706392e+00 -3.827594e-02 
 8.706790e+00 -3.893860e-02 
 8.707188e+00 -3.957708e-02 
 8.707586e+00 -4.022557e-02 
 8.707983e+00 -4.090669e-02 
 8.708381e+00 -4.163550e-02 
 8.708779e+00 -4.240936e-02 
 8.709176e+00 -4.321993e-02 
 8.709574e+00 -4.405385e-02 
 8.709972e+00 -4.489242e-02 
 8.710369e+00 -4.572243e-02 
 8.710767e+00 -4.653622e-02 
 8.711165e+00 -4.732651e-02 
 8.711562e+00 -4.808962e-02 
 8.711960e+00 -4.881385e-02 
 8.712358e+00 -4.948469e-02 
 8.712756e+00 -5.008658e-02 
 8.713153e+00 -5.061330e-02 
 8.713551e+00 -5.107332e-02 
 8.713949e+00 -5.148121e-02 
 8.714346e+00 -5.184402e-02 
 8.714744e+00 -5.216328e-02 
 8.715142e+00 -5.242796e-02 
 8.715539e+00 -5.261960e-02 
 8.715937e+00 -5.272007e-02 
 8.716335e+00 -5.272767e-02 
 8.716733e+00 -5.264095e-02 
 8.717130e+00 -5.247599e-02 
 8.717528e+00 -5.225632e-02 
 8.717926e+00 -5.199616e-02 
 8.718323e+00 -5.169236e-02 
 8.718721e+00 -5.133253e-02 
 8.719119e+00 -5.089751e-02 
 8.719516e+00 -5.039203e-02 
 8.719914e+00 -4.983510e-02 
 8.720312e+00 -4.925549e-02 
 8.720709e+00 -4.868353e-02 
 8.721107e+00 -4.813616e-02 
 8.721505e+00 -4.762372e-02 
 8.721903e+00 -4.714395e-02 
 8.722300e+00 -4.669563e-02 
 8.722698e+00 -4.627481e-02 
 8.723096e+00 -4.588322e-02 
 8.723493e+00 -4.552510e-02 
 8.723891e+00 -4.520091e-02 
 8.724289e+00 -4.490692e-02 
 8.724686e+00 -4.462716e-02 
 8.725084e+00 -4.433737e-02 
 8.725482e+00 -4.403223e-02 
 8.725880e+00 -4.371596e-02 
 8.726277e+00 -4.340353e-02 
 8.726675e+00 -4.312079e-02 
 8.727073e+00 -4.288195e-02 
 8.727470e+00 -4.268611e-02 
 8.727868e+00 -4.251818e-02 
 8.728266e+00 -4.235024e-02 
 8.728663e+00 -4.216226e-02 
 8.729061e+00 -4.193681e-02 
 8.729459e+00 -4.167314e-02 
 8.729856e+00 -4.137019e-02 
 8.730254e+00 -4.103642e-02 
 8.730652e+00 -4.066658e-02 
 8.731050e+00 -4.024364e-02 
 8.731447e+00 -3.976225e-02 
 8.731845e+00 -3.921407e-02 
 8.732243e+00 -3.860021e-02 
 8.732640e+00 -3.793870e-02 
 8.733038e+00 -3.724234e-02 
 8.733436e+00 -3.651826e-02 
 8.733833e+00 -3.576036e-02 
 8.734231e+00 -3.495937e-02 
 8.734629e+00 -3.410257e-02 
 8.735027e+00 -3.317591e-02 
 8.735424e+00 -3.218216e-02 
 8.735822e+00 -3.112692e-02 
 8.736220e+00 -3.002816e-02 
 8.736617e+00 -2.889804e-02 
 8.737015e+00 -2.774471e-02 
 8.737413e+00 -2.656826e-02 
 8.737810e+00 -2.536417e-02 
 8.738208e+00 -2.413368e-02 
 8.738606e+00 -2.288499e-02 
 8.739003e+00 -2.162856e-02 
 8.739401e+00 -2.037954e-02 
 8.739799e+00 -1.916139e-02 
 8.740197e+00 -1.799181e-02 
 8.740594e+00 -1.688159e-02 
 8.740992e+00 -1.583033e-02 
 8.741390e+00 -1.483559e-02 
 8.741787e+00 -1.389303e-02 
 8.742185e+00 -1.299168e-02 
 8.742583e+00 -1.212847e-02 
 8.742980e+00 -1.130371e-02 
 8.743378e+00 -1.051141e-02 
 8.743776e+00 -9.742199e-03 
 8.744174e+00 -8.990400e-03 
 8.744571e+00 -8.247896e-03 
 8.744969e+00 -7.500672e-03 
 8.745367e+00 -6.750974e-03 
 8.745764e+00 -6.003614e-03 
 8.746162e+00 -5.266214e-03 
 8.746560e+00 -4.547094e-03 
 8.746957e+00 -3.848141e-03 
 8.747355e+00 -3.165814e-03 
 8.747753e+00 -2.499129e-03 
 8.748150e+00 -1.848359e-03 
 8.748548e+00 -1.217559e-03 
 8.748946e+00 -6.238702e-04 
 8.749344e+00 -8.764066e-05 
 8.749741e+00  3.851608e-04 
 8.750139e+00  7.931932e-04 
 8.750537e+00  1.144532e-03 
 8.750934e+00  1.455163e-03 
 8.751332e+00  1.723624e-03 
 8.751730e+00  1.944858e-03 
 8.752127e+00  2.104239e-03 
 8.752525e+00  2.193307e-03 
 8.752923e+00  2.195141e-03 
 8.753321e+00  2.111549e-03 
 8.753718e+00  1.953645e-03 
 8.754116e+00  1.734403e-03 
 8.754514e+00  1.466213e-03 
 8.754911e+00  1.157374e-03 
 8.755309e+00  8.008772e-04 
 8.755707e+00  3.917135e-04 
 8.756104e+00 -6.680027e-05 
 8.756502e+00 -5.645786e-04 
 8.756900e+00 -1.086506e-03 
 8.757297e+00 -1.619468e-03 
 8.757695e+00 -2.157985e-03 
 8.758093e+00 -2.708608e-03 
 8.758491e+00 -3.271294e-03 
 8.758888e+00 -3.859595e-03 
 8.759286e+00 -4.478264e-03 
 8.759684e+00 -5.118447e-03 
 8.760081e+00 -5.762409e-03 
 8.760479e+00 -6.383416e-03 
 8.760877e+00 -6.957699e-03 
 8.761274e+00 -7.466224e-03 
 8.761672e+00 -7.909302e-03 
 8.762070e+00 -8.278139e-03 
 8.762468e+00 -8.571617e-03 
 8.762865e+00 -8.776811e-03 
 8.763263e+00 -8.889821e-03 
 8.763661e+00 -8.901994e-03 
 8.764058e+00 -8.811681e-03 
 8.764456e+00 -8.618751e-03 
 8.764854e+00 -8.327810e-03 
 8.765251e+00 -7.958603e-03 
 8.765649e+00 -7.529560e-03 
 8.766047e+00 -7.053065e-03 
 8.766444e+00 -6.539196e-03 
 8.766842e+00 -5.988281e-03 
 8.767240e+00 -5.399009e-03 
 8.767638e+00 -4.779587e-03 
 8.768035e+00 -4.152567e-03 
 8.768433e+00 -3.536076e-03 
 8.768831e+00 -2.943361e-03 
 8.769228e+00 -2.388639e-03 
 8.769626e+00 -1.876271e-03 
 8.770024e+00 -1.396792e-03 
 8.770421e+00 -9.438505e-04 
 8.770819e+00 -5.059233e-04 
 8.771217e+00 -7.885495e-05 
 8.771615e+00  3.253973e-04 
 8.772012e+00  7.037337e-04 
 8.772410e+00  1.051219e-03 
 8.772808e+00  1.366995e-03 
 8.773205e+00  1.663679e-03 
 8.773603e+00  1.953992e-03 
 8.774001e+00  2.236565e-03 
 8.774398e+00  2.500293e-03 
 8.774796e+00  2.741487e-03 
 8.775194e+00  2.955959e-03 
 8.775591e+00  3.137061e-03 
 8.775989e+00  3.289402e-03 
 8.776387e+00  3.417231e-03 
 8.776785e+00  3.511785e-03 
 8.777182e+00  3.570126e-03 
 8.777580e+00  3.575974e-03 
 8.777978e+00  3.511388e-03 
 8.778375e+00  3.371013e-03 
 8.778773e+00  3.160982e-03 
 8.779171e+00  2.905472e-03 
 8.779568e+00  2.642532e-03 
 8.779966e+00  2.392695e-03 
 8.780364e+00  2.163659e-03 
 8.780762e+00  1.951834e-03 
 8.781159e+00  1.743757e-03 
 8.781557e+00  1.524436e-03 
 8.781955e+00  1.291308e-03 
 8.782352e+00  1.051340e-03 
 8.782750e+00  8.027621e-04 
 8.783148e+00  5.497294e-04 
 8.783545e+00  2.880092e-04 
 8.783943e+00 -5.086998e-06 
 8.784341e+00 -3.572058e-04 
 8.784738e+00 -7.796204e-04 
 8.785136e+00 -1.276383e-03 
 8.785534e+00 -1.843522e-03 
 8.785932e+00 -2.465416e-03 
 8.786329e+00 -3.130352e-03 
 8.786727e+00 -3.843236e-03 
 8.787125e+00 -4.612603e-03 
 8.787522e+00 -5.448361e-03 
 8.787920e+00 -6.356299e-03 
 8.788318e+00 -7.324594e-03 
 8.788715e+00 -8.329573e-03 
 8.789113e+00 -9.339290e-03 
 8.789511e+00 -1.031762e-02 
 8.789909e+00 -1.124477e-02 
 8.790306e+00 -1.211481e-02 
 8.790704e+00 -1.292868e-02 
 8.791102e+00 -1.369032e-02 
 8.791499e+00 -1.440392e-02 
 8.791897e+00 -1.507209e-02 
 8.792295e+00 -1.568498e-02 
 8.792692e+00 -1.624470e-02 
 8.793090e+00 -1.675680e-02 
 8.793488e+00 -1.722474e-02 
 8.793885e+00 -1.766287e-02 
 8.794283e+00 -1.807571e-02 
 8.794681e+00 -1.846538e-02 
 8.795079e+00 -1.883517e-02 
 8.795476e+00 -1.918287e-02 
 8.795874e+00 -1.950871e-02 
 8.796272e+00 -1.982255e-02 
 8.796669e+00 -2.014811e-02 
 8.797067e+00 -2.050941e-02 
 8.797465e+00 -2.091294e-02 
 8.797862e+00 -2.136130e-02 
 8.798260e+00 -2.184133e-02 
 8.798658e+00 -2.233337e-02 
 8.799056e+00 -2.283430e-02 
 8.799453e+00 -2.334450e-02 
 8.799851e+00 -2.387117e-02 
 8.800249e+00 -2.442761e-02 
 8.800646e+00 -2.502782e-02 
 8.801044e+00 -2.568197e-02 
 8.801442e+00 -2.638686e-02 
 8.801839e+00 -2.713542e-02 
 8.802237e+00 -2.791698e-02 
 8.802635e+00 -2.873995e-02 
 8.803032e+00 -2.961420e-02 
 8.803430e+00 -3.055766e-02 
 8.803828e+00 -3.157561e-02 
 8.804226e+00 -3.266467e-02 
 8.804623e+00 -3.380917e-02 
 8.805021e+00 -3.499098e-02 
 8.805419e+00 -3.620443e-02 
 8.805816e+00 -3.744679e-02 
 8.806214e+00 -3.871051e-02 
 8.806612e+00 -3.999872e-02 
 8.807009e+00 -4.129910e-02 
 8.807407e+00 -4.259636e-02 
 8.807805e+00 -4.386767e-02 
 8.808203e+00 -4.508668e-02 
 8.808600e+00 -4.622815e-02 
 8.808998e+00 -4.728814e-02 
 8.809396e+00 -4.827511e-02 
 8.809793e+00 -4.919003e-02 
 8.810191e+00 -5.003728e-02 
 8.810589e+00 -5.080439e-02 
 8.810986e+00 -5.147816e-02 
 8.811384e+00 -5.206267e-02 
 8.811782e+00 -5.255738e-02 
 8.812179e+00 -5.297662e-02 
 8.812577e+00 -5.333181e-02 
 8.812975e+00 -5.362615e-02 
 8.813373e+00 -5.386905e-02 
 8.813770e+00 -5.405748e-02 
 8.814168e+00 -5.419340e-02 
 8.814566e+00 -5.426977e-02 
 8.814963e+00 -5.429320e-02 
 8.815361e+00 -5.428350e-02 
 8.815759e+00 -5.425330e-02 
 8.816156e+00 -5.420712e-02 
 8.816554e+00 -5.414925e-02 
 8.816952e+00 -5.407494e-02 
 8.817350e+00 -5.397414e-02 
 8.817747e+00 -5.384249e-02 
 8.818145e+00 -5.367602e-02 
 8.818543e+00 -5.346889e-02 
 8.818940e+00 -5.321169e-02 
 8.819338e+00 -5.290059e-02 
 8.819736e+00 -5.253042e-02 
 8.820133e+00 -5.210477e-02 
 8.820531e+00 -5.162087e-02 
 8.820929e+00 -5.107694e-02 
 8.821326e+00 -5.048759e-02 
 8.821724e+00 -4.985495e-02 
 8.822122e+00 -4.917968e-02 
 8.822520e+00 -4.845799e-02 
 8.822917e+00 -4.767714e-02 
 8.823315e+00 -4.683464e-02 
 8.823713e+00 -4.592825e-02 
 8.824110e+00 -4.497580e-02 
 8.824508e+00 -4.397914e-02 
 8.824906e+00 -4.295776e-02 
 8.825303e+00 -4.192168e-02 
 8.825701e+00 -4.088131e-02 
 8.826099e+00 -3.983018e-02 
 8.826497e+00 -3.876474e-02 
 8.826894e+00 -3.768150e-02 
 8.827292e+00 -3.657722e-02 
 8.827690e+00 -3.546003e-02 
 8.828087e+00 -3.434829e-02 
 8.828485e+00 -3.325870e-02 
 8.828883e+00 -3.220276e-02 
 8.829280e+00 -3.119281e-02 
 8.829678e+00 -3.023486e-02 
 8.830076e+00 -2.932496e-02 
 8.830473e+00 -2.845963e-02 
 8.830871e+00 -2.763687e-02 
 8.831269e+00 -2.686537e-02 
 8.831667e+00 -2.616021e-02 
 8.832064e+00 -2.552908e-02 
 8.832462e+00 -2.498631e-02 
 8.832860e+00 -2.453196e-02 
 8.833257e+00 -2.415743e-02 
 8.833655e+00 -2.385715e-02 
 8.834053e+00 -2.362569e-02 
 8.834450e+00 -2.345731e-02 
 8.834848e+00 -2.334711e-02 
 8.835246e+00 -2.329247e-02 
 8.835644e+00 -2.329360e-02 
 8.836041e+00 -2.333999e-02 
 8.836439e+00 -2.342625e-02 
 8.836837e+00 -2.353861e-02 
 8.837234e+00 -2.366621e-02 
 8.837632e+00 -2.380574e-02 
 8.838030e+00 -2.395155e-02 
 8.838427e+00 -2.408968e-02 
 8.838825e+00 -2.421179e-02 
 8.839223e+00 -2.430526e-02 
 8.839620e+00 -2.435412e-02 
 8.840018e+00 -2.435338e-02 
 8.840416e+00 -2.429351e-02 
 8.840814e+00 -2.416937e-02 
 8.841211e+00 -2.397690e-02 
 8.841609e+00 -2.371007e-02 
 8.842007e+00 -2.336660e-02 
 8.842404e+00 -2.294651e-02 
 8.842802e+00 -2.245759e-02 
 8.843200e+00 -2.191877e-02 
 8.843597e+00 -2.135448e-02 
 8.843995e+00 -2.078898e-02 
 8.844393e+00 -2.023150e-02 
 8.844791e+00 -1.969073e-02 
 8.845188e+00 -1.916189e-02 
 8.845586e+00 -1.863475e-02 
 8.845984e+00 -1.810588e-02 
 8.846381e+00 -1.757520e-02 
 8.846779e+00 -1.704699e-02 
 8.847177e+00 -1.652326e-02 
 8.847574e+00 -1.600938e-02 
 8.847972e+00 -1.550657e-02 
 8.848370e+00 -1.500249e-02 
 8.848767e+00 -1.450139e-02 
 8.849165e+00 -1.399983e-02 
 8.849563e+00 -1.349994e-02 
 8.849961e+00 -1.299847e-02 
 8.850358e+00 -1.249828e-02 
 8.850756e+00 -1.200185e-02 
 8.851154e+00 -1.150283e-02 
 8.851551e+00 -1.100621e-02 
 8.851949e+00 -1.051557e-02 
 8.852347e+00 -1.003574e-02 
 8.852744e+00 -9.577335e-03 
 8.853142e+00 -9.148283e-03 
 8.853540e+00 -8.755413e-03 
 8.853938e+00 -8.391851e-03 
 8.854335e+00 -8.046778e-03 
 8.854733e+00 -7.717279e-03 
 8.855131e+00 -7.395240e-03 
 8.855528e+00 -7.077839e-03 
 8.855926e+00 -6.760031e-03 
 8.856324e+00 -6.444740e-03 
 8.856721e+00 -6.133656e-03 
 8.857119e+00 -5.827673e-03 
 8.857517e+00 -5.530795e-03 
 8.857914e+00 -5.238960e-03 
 8.858312e+00 -4.941621e-03 
 8.858710e+00 -4.628190e-03 
 8.859108e+00 -4.294681e-03 
 8.859505e+00 -3.939816e-03 
 8.859903e+00 -3.562782e-03 
 8.860301e+00 -3.168720e-03 
 8.860698e+00 -2.770214e-03 
 8.861096e+00 -2.384984e-03 
 8.861494e+00 -2.027192e-03 
 8.861891e+00 -1.709251e-03 
 8.862289e+00 -1.439326e-03 
 8.862687e+00 -1.224972e-03 
 8.863085e+00 -1.071330e-03 
 8.863482e+00 -9.938928e-04 
 8.863880e+00 -9.923540e-04 
 8.864278e+00 -1.062104e-03 
 8.864675e+00 -1.192142e-03 
 8.865073e+00 -1.367346e-03 
 8.865471e+00 -1.574614e-03 
 8.865868e+00 -1.798058e-03 
 8.866266e+00 -2.023075e-03 
 8.866664e+00 -2.232286e-03 
 8.867061e+00 -2.416371e-03 
 8.867459e+00 -2.566834e-03 
 8.867857e+00 -2.673095e-03 
 8.868255e+00 -2.722362e-03 
 8.868652e+00 -2.705304e-03 
 8.869050e+00 -2.620740e-03 
 8.869448e+00 -2.470749e-03 
 8.869845e+00 -2.258828e-03 
 8.870243e+00 -1.985186e-03 
 8.870641e+00 -1.643161e-03 
 8.871038e+00 -1.227734e-03 
 8.871436e+00 -7.366657e-04 
 8.871834e+00 -1.876427e-04 
 8.872232e+00  3.962226e-04 
 8.872629e+00  9.894903e-04 
 8.873027e+00  1.572555e-03 
 8.873425e+00  2.129834e-03 
 8.873822e+00  2.671511e-03 
 8.874220e+00  3.216400e-03 
 8.874618e+00  3.778577e-03 
 8.875015e+00  4.362750e-03 
 8.875413e+00  4.958338e-03 
 8.875811e+00  5.540486e-03 
 8.876208e+00  6.084903e-03 
 8.876606e+00  6.582115e-03 
 8.877004e+00  7.033385e-03 
 8.877402e+00  7.438877e-03 
 8.877799e+00  7.807776e-03 
 8.878197e+00  8.142323e-03 
 8.878595e+00  8.436771e-03 
 8.878992e+00  8.679873e-03 
 8.879390e+00  8.863553e-03 
 8.879788e+00  8.980742e-03 
 8.880185e+00  9.028236e-03 
 8.880583e+00  9.010946e-03 
 8.880981e+00  8.920209e-03 
 8.881379e+00  8.741384e-03 
 8.881776e+00  8.453714e-03 
 8.882174e+00  8.040193e-03 
 8.882572e+00  7.501785e-03 
 8.882969e+00  6.842322e-03 
 8.883367e+00  6.086662e-03 
 8.883765e+00  5.254897e-03 
 8.884162e+00  4.365658e-03 
 8.884560e+00  3.432322e-03 
 8.884958e+00  2.462555e-03 
 8.885355e+00  1.467992e-03 
 8.885753e+00  4.596092e-04 
 8.886151e+00 -5.529679e-04 
 8.886549e+00 -1.541141e-03 
 8.886946e+00 -2.496932e-03 
 8.887344e+00 -3.411752e-03 
 8.887742e+00 -4.295453e-03 
 8.888139e+00 -5.162885e-03 
 8.888537e+00 -6.031426e-03 
 8.888935e+00 -6.916151e-03 
 8.889332e+00 -7.821839e-03 
 8.889730e+00 -8.740262e-03 
 8.890128e+00 -9.666065e-03 
 8.890526e+00 -1.059469e-02 
 8.890923e+00 -1.152989e-02 
 8.891321e+00 -1.248251e-02 
 8.891719e+00 -1.346479e-02 
 8.892116e+00 -1.448369e-02 
 8.892514e+00 -1.554104e-02 
 8.892912e+00 -1.662972e-02 
 8.893309e+00 -1.772978e-02 
 8.893707e+00 -1.882460e-02 
 8.894105e+00 -1.990821e-02 
 8.894502e+00 -2.098620e-02 
 8.894900e+00 -2.207372e-02 
 8.895298e+00 -2.317510e-02 
 8.895696e+00 -2.428769e-02 
 8.896093e+00 -2.539734e-02 
 8.896491e+00 -2.647955e-02 
 8.896889e+00 -2.752638e-02 
 8.897286e+00 -2.852924e-02 
 8.897684e+00 -2.948734e-02 
 8.898082e+00 -3.039580e-02 
 8.898479e+00 -3.125296e-02 
 8.898877e+00 -3.205809e-02 
 8.899275e+00 -3.280372e-02 
 8.899673e+00 -3.347641e-02 
 8.900070e+00 -3.407324e-02 
 8.900468e+00 -3.460324e-02 
 8.900866e+00 -3.508775e-02 
 8.901263e+00 -3.554574e-02 
 8.901661e+00 -3.598615e-02 
 8.902059e+00 -3.640114e-02 
 8.902456e+00 -3.676646e-02 
 8.902854e+00 -3.706199e-02 
 8.903252e+00 -3.726872e-02 
 8.903649e+00 -3.739271e-02 
 8.904047e+00 -3.744040e-02 
 8.904445e+00 -3.743249e-02 
 8.904843e+00 -3.739089e-02 
 8.905240e+00 -3.732995e-02 
 8.905638e+00 -3.725407e-02 
 8.906036e+00 -3.715396e-02 
 8.906433e+00 -3.702849e-02 
 8.906831e+00 -3.689097e-02 
 8.907229e+00 -3.675498e-02 
 8.907626e+00 -3.664197e-02 
 8.908024e+00 -3.656252e-02 
 8.908422e+00 -3.651706e-02 
 8.908820e+00 -3.650938e-02 
 8.909217e+00 -3.653940e-02 
 8.909615e+00 -3.661910e-02 
 8.910013e+00 -3.675337e-02 
 8.910410e+00 -3.694816e-02 
 8.910808e+00 -3.720591e-02 
 8.911206e+00 -3.752918e-02 
 8.911603e+00 -3.790961e-02 
 8.912001e+00 -3.832719e-02 
 8.912399e+00 -3.877139e-02 
 8.912796e+00 -3.923188e-02 
 8.913194e+00 -3.971076e-02 
 8.913592e+00 -4.022180e-02 
 8.913990e+00 -4.077030e-02 
 8.914387e+00 -4.133897e-02 
 8.914785e+00 -4.191328e-02 
 8.915183e+00 -4.247185e-02 
 8.915580e+00 -4.299163e-02 
 8.915978e+00 -4.345654e-02 
 8.916376e+00 -4.385369e-02 
 8.916773e+00 -4.418096e-02 
 8.917171e+00 -4.444227e-02 
 8.917569e+00 -4.463622e-02 
 8.917967e+00 -4.476592e-02 
 8.918364e+00 -4.481967e-02 
 8.918762e+00 -4.478397e-02 
 8.919160e+00 -4.465760e-02 
 8.919557e+00 -4.445578e-02 
 8.919955e+00 -4.419693e-02 
 8.920353e+00 -4.389640e-02 
 8.920750e+00 -4.356347e-02 
 8.921148e+00 -4.320649e-02 
 8.921546e+00 -4.282532e-02 
 8.921943e+00 -4.241382e-02 
 8.922341e+00 -4.196245e-02 
 8.922739e+00 -4.147179e-02 
 8.923137e+00 -4.094223e-02 
 8.923534e+00 -4.038445e-02 
 8.923932e+00 -3.981656e-02 
 8.924330e+00 -3.924169e-02 
 8.924727e+00 -3.866391e-02 
 8.925125e+00 -3.808229e-02 
 8.925523e+00 -3.749349e-02 
 8.925920e+00 -3.689896e-02 
 8.926318e+00 -3.629596e-02 
 8.926716e+00 -3.568678e-02 
 8.927114e+00 -3.507654e-02 
 8.927511e+00 -3.447782e-02 
 8.927909e+00 -3.389689e-02 
 8.928307e+00 -3.333912e-02 
 8.928704e+00 -3.279832e-02 
 8.929102e+00 -3.226985e-02 
 8.929500e+00 -3.174741e-02 
 8.929897e+00 -3.122461e-02 
 8.930295e+00 -3.069861e-02 
 8.930693e+00 -3.016275e-02 
 8.931090e+00 -2.961637e-02 
 8.931488e+00 -2.905534e-02 
 8.931886e+00 -2.847930e-02 
 8.932284e+00 -2.789285e-02 
 8.932681e+00 -2.730253e-02 
 8.933079e+00 -2.672424e-02 
 8.933477e+00 -2.616910e-02 
 8.933874e+00 -2.564218e-02 
 8.934272e+00 -2.513811e-02 
 8.934670e+00 -2.464795e-02 
 8.935067e+00 -2.414886e-02 
 8.935465e+00 -2.362367e-02 
 8.935863e+00 -2.306767e-02 
 8.936261e+00 -2.248515e-02 
 8.936658e+00 -2.188563e-02 
 8.937056e+00 -2.128549e-02 
 8.937454e+00 -2.070636e-02 
 8.937851e+00 -2.016150e-02 
 8.938249e+00 -1.966239e-02 
 8.938647e+00 -1.921643e-02 
 8.939044e+00 -1.883394e-02 
 8.939442e+00 -1.851502e-02 
 8.939840e+00 -1.827094e-02 
 8.940237e+00 -1.811233e-02 
 8.940635e+00 -1.805142e-02 
 8.941033e+00 -1.807958e-02 
 8.941431e+00 -1.819406e-02 
 8.941828e+00 -1.837834e-02 
 8.942226e+00 -1.861898e-02 
 8.942624e+00 -1.890455e-02 
 8.943021e+00 -1.922270e-02 
 8.943419e+00 -1.956955e-02 
 8.943817e+00 -1.992691e-02 
 8.944214e+00 -2.027783e-02 
 8.944612e+00 -2.060414e-02 
 8.945010e+00 -2.088865e-02 
 8.945408e+00 -2.111089e-02 
 8.945805e+00 -2.126807e-02 
 8.946203e+00 -2.137138e-02 
 8.946601e+00 -2.142820e-02 
 8.946998e+00 -2.143673e-02 
 8.947396e+00 -2.139278e-02 
 8.947794e+00 -2.128044e-02 
 8.948191e+00 -2.108023e-02 
 8.948589e+00 -2.078589e-02 
 8.948987e+00 -2.040387e-02 
 8.949384e+00 -1.994848e-02 
 8.949782e+00 -1.943649e-02 
 8.950180e+00 -1.887775e-02 
 8.950578e+00 -1.827378e-02 
 8.950975e+00 -1.762673e-02 
 8.951373e+00 -1.693017e-02 
 8.951771e+00 -1.618806e-02 
 8.952168e+00 -1.540969e-02 
 8.952566e+00 -1.461104e-02 
 8.952964e+00 -1.380700e-02 
 8.953361e+00 -1.300002e-02 
 8.953759e+00 -1.218283e-02 
 8.954157e+00 -1.132902e-02 
 8.954555e+00 -1.042104e-02 
 8.954952e+00 -9.457467e-03 
 8.955350e+00 -8.443447e-03 
 8.955748e+00 -7.401143e-03 
 8.956145e+00 -6.354255e-03 
 8.956543e+00 -5.326866e-03 
 8.956941e+00 -4.339944e-03 
 8.957338e+00 -3.415351e-03 
 8.957736e+00 -2.555648e-03 
 8.958134e+00 -1.764923e-03 
 8.958531e+00 -1.047279e-03 
 8.958929e+00 -4.092747e-04 
 8.959327e+00  1.471098e-04 
 8.959725e+00  6.238622e-04 
 8.960122e+00  1.033062e-03 
 8.960520e+00  1.390338e-03 
 8.960918e+00  1.698466e-03 
 8.961315e+00  1.966255e-03 
 8.961713e+00  2.197693e-03 
 8.962111e+00  2.402525e-03 
 8.962508e+00  2.584463e-03 
 8.962906e+00  2.763361e-03 
 8.963304e+00  2.956214e-03 
 8.963702e+00  3.174965e-03 
 8.964099e+00  3.437659e-03 
 8.964497e+00  3.742715e-03 
 8.964895e+00  4.075018e-03 
 8.965292e+00  4.408892e-03 
 8.965690e+00  4.729078e-03 
 8.966088e+00  5.021035e-03 
 8.966485e+00  5.281079e-03 
 8.966883e+00  5.510388e-03 
 8.967281e+00  5.704919e-03 
 8.967678e+00  5.869497e-03 
 8.968076e+00  6.004128e-03 
 8.968474e+00  6.097014e-03 
 8.968872e+00  6.143009e-03 
 8.969269e+00  6.132353e-03 
 8.969667e+00  6.056591e-03 
 8.970065e+00  5.914605e-03 
 8.970462e+00  5.720972e-03 
 8.970860e+00  5.478659e-03 
 8.971258e+00  5.187408e-03 
 8.971655e+00  4.842647e-03 
 8.972053e+00  4.445486e-03 
 8.972451e+00  4.003842e-03 
 8.972849e+00  3.527852e-03 
 8.973246e+00  3.037092e-03 
 8.973644e+00  2.550872e-03 
 8.974042e+00  2.089374e-03 
 8.974439e+00  1.663315e-03 
 8.974837e+00  1.274836e-03 
 8.975235e+00  9.161928e-04 
 8.975632e+00  5.788572e-04 
 8.976030e+00  2.469297e-04 
 8.976428e+00 -7.555824e-05 
 8.976825e+00 -3.844485e-04 
 8.977223e+00 -6.764047e-04 
 8.977621e+00 -9.514945e-04 
 8.978019e+00 -1.210442e-03 
 8.978416e+00 -1.455813e-03 
 8.978814e+00 -1.687635e-03 
 8.979212e+00 -1.904351e-03 
 8.979609e+00 -2.100456e-03 
 8.980007e+00 -2.270569e-03 
 8.980405e+00 -2.401175e-03 
 8.980802e+00 -2.484481e-03 
 8.981200e+00 -2.513077e-03 
 8.981598e+00 -2.490816e-03 
 8.981996e+00 -2.414956e-03 
 8.982393e+00 -2.297452e-03 
 8.982791e+00 -2.140063e-03 
 8.983189e+00 -1.945439e-03 
 8.983586e+00 -1.724794e-03 
 8.983984e+00 -1.496330e-03 
 8.984382e+00 -1.282399e-03 
 8.984779e+00 -1.103663e-03 
 8.985177e+00 -9.766671e-04 
 8.985575e+00 -9.159087e-04 
 8.985972e+00 -9.281998e-04 
 8.986370e+00 -1.015127e-03 
 8.986768e+00 -1.163239e-03 
 8.987166e+00 -1.372754e-03 
 8.987563e+00 -1.644463e-03 
 8.987961e+00 -1.986689e-03 
 8.988359e+00 -2.416582e-03 
 8.988756e+00 -2.947534e-03 
 8.989154e+00 -3.588213e-03 
 8.989552e+00 -4.336114e-03 
 8.989949e+00 -5.187153e-03 
 8.990347e+00 -6.123111e-03 
 8.990745e+00 -7.131389e-03 
 8.991143e+00 -8.189461e-03 
 8.991540e+00 -9.279397e-03 
 8.991938e+00 -1.038712e-02 
 8.992336e+00 -1.150214e-02 
 8.992733e+00 -1.260818e-02 
 8.993131e+00 -1.368714e-02 
 8.993529e+00 -1.474129e-02 
 8.993926e+00 -1.576467e-02 
 8.994324e+00 -1.675868e-02 
 8.994722e+00 -1.773631e-02 
 8.995119e+00 -1.870396e-02 
 8.995517e+00 -1.966382e-02 
 8.995915e+00 -2.060486e-02 
 8.996313e+00 -2.152519e-02 
 8.996710e+00 -2.242249e-02 
 8.997108e+00 -2.329156e-02 
 8.997506e+00 -2.413992e-02 
 8.997903e+00 -2.497944e-02 
 8.998301e+00 -2.582622e-02 
 8.998699e+00 -2.668147e-02 
 8.999096e+00 -2.753677e-02 
 8.999494e+00 -2.837744e-02 
 8.999892e+00 -2.918547e-02 
 9.000290e+00 -2.995379e-02 
 9.000687e+00 -3.068546e-02 
 9.001085e+00 -3.139679e-02 
 9.001483e+00 -3.209700e-02 
 9.001880e+00 -3.279542e-02 
 9.002278e+00 -3.349535e-02 
 9.002676e+00 -3.418811e-02 
 9.003073e+00 -3.486545e-02 
 9.003471e+00 -3.552169e-02 
 9.003869e+00 -3.615742e-02 
 9.004266e+00 -3.678047e-02 
 9.004664e+00 -3.739827e-02 
 9.005062e+00 -3.801718e-02 
 9.005460e+00 -3.861521e-02 
 9.005857e+00 -3.916481e-02 
 9.006255e+00 -3.964640e-02 
 9.006653e+00 -4.004716e-02 
 9.007050e+00 -4.037311e-02 
 9.007448e+00 -4.064360e-02 
 9.007846e+00 -4.088269e-02 
 9.008243e+00 -4.110783e-02 
 9.008641e+00 -4.132377e-02 
 9.009039e+00 -4.152799e-02 
 9.009437e+00 -4.170380e-02 
 9.009834e+00 -4.183740e-02 
 9.010232e+00 -4.191524e-02 
 9.010630e+00 -4.193361e-02 
 9.011027e+00 -4.189959e-02 
 9.011425e+00 -4.181442e-02 
 9.011823e+00 -4.167382e-02 
 9.012220e+00 -4.147719e-02 
 9.012618e+00 -4.122489e-02 
 9.013016e+00 -4.092107e-02 
 9.013413e+00 -4.058728e-02 
 9.013811e+00 -4.023571e-02 
 9.014209e+00 -3.987954e-02 
 9.014607e+00 -3.952272e-02 
 9.015004e+00 -3.916389e-02 
 9.015402e+00 -3.880889e-02 
 9.015800e+00 -3.845707e-02 
 9.016197e+00 -3.812073e-02 
 9.016595e+00 -3.781417e-02 
 9.016993e+00 -3.756782e-02 
 9.017390e+00 -3.741011e-02 
 9.017788e+00 -3.734974e-02 
 9.018186e+00 -3.738124e-02 
 9.018584e+00 -3.749271e-02 
 9.018981e+00 -3.766700e-02 
 9.019379e+00 -3.788778e-02 
 9.019777e+00 -3.814298e-02 
 9.020174e+00 -3.843436e-02 
 9.020572e+00 -3.876031e-02 
 9.020970e+00 -3.912267e-02 
 9.021367e+00 -3.952187e-02 
 9.021765e+00 -3.994329e-02 
 9.022163e+00 -4.037125e-02 
 9.022560e+00 -4.079292e-02 
 9.022958e+00 -4.120163e-02 
 9.023356e+00 -4.158874e-02 
 9.023754e+00 -4.194983e-02 
 9.024151e+00 -4.227176e-02 
 9.024549e+00 -4.254322e-02 
 9.024947e+00 -4.274177e-02 
 9.025344e+00 -4.285424e-02 
 9.025742e+00 -4.287885e-02 
 9.026140e+00 -4.281830e-02 
 9.026537e+00 -4.268903e-02 
 9.026935e+00 -4.251493e-02 
 9.027333e+00 -4.231716e-02 
 9.027731e+00 -4.210429e-02 
 9.028128e+00 -4.187281e-02 
 9.028526e+00 -4.161941e-02 
 9.028924e+00 -4.133338e-02 
 9.029321e+00 -4.100646e-02 
 9.029719e+00 -4.063594e-02 
 9.030117e+00 -4.022112e-02 
 9.030514e+00 -3.976176e-02 
 9.030912e+00 -3.925590e-02 
 9.031310e+00 -3.870649e-02 
 9.031707e+00 -3.810764e-02 
 9.032105e+00 -3.745748e-02 
 9.032503e+00 -3.676602e-02 
 9.032901e+00 -3.604274e-02 
 9.033298e+00 -3.530041e-02 
 9.033696e+00 -3.455667e-02 
 9.034094e+00 -3.382034e-02 
 9.034491e+00 -3.309890e-02 
 9.034889e+00 -3.239796e-02 
 9.035287e+00 -3.172699e-02 
 9.035684e+00 -3.109500e-02 
 9.036082e+00 -3.050774e-02 
 9.036480e+00 -2.997281e-02 
 9.036878e+00 -2.949037e-02 
 9.037275e+00 -2.905789e-02 
 9.037673e+00 -2.866681e-02 
 9.038071e+00 -2.829907e-02 
 9.038468e+00 -2.793789e-02 
 9.038866e+00 -2.757243e-02 
 9.039264e+00 -2.719479e-02 
 9.039661e+00 -2.680737e-02 
 9.040059e+00 -2.640504e-02 
 9.040457e+00 -2.599547e-02 
 9.040854e+00 -2.558059e-02 
 9.041252e+00 -2.515756e-02 
 9.041650e+00 -2.472183e-02 
 9.042048e+00 -2.426595e-02 
 9.042445e+00 -2.378736e-02 
 9.042843e+00 -2.327634e-02 
 9.043241e+00 -2.272968e-02 
 9.043638e+00 -2.214727e-02 
 9.044036e+00 -2.153290e-02 
 9.044434e+00 -2.089310e-02 
 9.044831e+00 -2.024686e-02 
 9.045229e+00 -1.961600e-02 
 9.045627e+00 -1.902587e-02 
 9.046025e+00 -1.849810e-02 
 9.046422e+00 -1.804336e-02 
 9.046820e+00 -1.766390e-02 
 9.047218e+00 -1.735351e-02 
 9.047615e+00 -1.710322e-02 
 9.048013e+00 -1.690249e-02 
 9.048411e+00 -1.674378e-02 
 9.048808e+00 -1.662164e-02 
 9.049206e+00 -1.653540e-02 
 9.049604e+00 -1.648587e-02 
 9.050001e+00 -1.646697e-02 
 9.050399e+00 -1.646913e-02 
 9.050797e+00 -1.647500e-02 
 9.051195e+00 -1.646372e-02 
 9.051592e+00 -1.642029e-02 
 9.051990e+00 -1.634279e-02 
 9.052388e+00 -1.623475e-02 
 9.052785e+00 -1.610381e-02 
 9.053183e+00 -1.595681e-02 
 9.053581e+00 -1.580156e-02 
 9.053978e+00 -1.563117e-02 
 9.054376e+00 -1.544074e-02 
 9.054774e+00 -1.522289e-02 
 9.055172e+00 -1.497569e-02 
 9.055569e+00 -1.469632e-02 
 9.055967e+00 -1.438661e-02 
 9.056365e+00 -1.405213e-02 
 9.056762e+00 -1.369074e-02 
 9.057160e+00 -1.329506e-02 
 9.057558e+00 -1.284638e-02 
 9.057955e+00 -1.232577e-02 
 9.058353e+00 -1.172367e-02 
 9.058751e+00 -1.104105e-02 
 9.059148e+00 -1.028810e-02 
 9.059546e+00 -9.476365e-03 
 9.059944e+00 -8.621388e-03 
 9.060342e+00 -7.729546e-03 
 9.060739e+00 -6.805472e-03 
 9.061137e+00 -5.857345e-03 
 9.061535e+00 -4.883965e-03 
 9.061932e+00 -3.886819e-03 
 9.062330e+00 -2.874613e-03 
 9.062728e+00 -1.860694e-03 
 9.063125e+00 -8.623151e-04 
 9.063523e+00  1.063163e-04 
 9.063921e+00  1.033388e-03 
 9.064319e+00  1.911960e-03 
 9.064716e+00  2.725746e-03 
 9.065114e+00  3.461992e-03 
 9.065512e+00  4.110938e-03 
 9.065909e+00  4.670296e-03 
 9.066307e+00  5.143631e-03 
 9.066705e+00  5.541837e-03 
 9.067102e+00  5.878449e-03 
 9.067500e+00  6.161869e-03 
 9.067898e+00  6.404529e-03 
 9.068295e+00  6.605352e-03 
 9.068693e+00  6.758872e-03 
 9.069091e+00  6.869215e-03 
 9.069489e+00  6.929770e-03 
 9.069886e+00  6.960005e-03 
 9.070284e+00  6.976347e-03 
 9.070682e+00  6.996697e-03 
 9.071079e+00  7.028987e-03 
 9.071477e+00  7.074926e-03 
 9.071875e+00  7.128592e-03 
 9.072272e+00  7.177439e-03 
 9.072670e+00  7.216014e-03 
 9.073068e+00  7.241182e-03 
 9.073466e+00  7.255668e-03 
 9.073863e+00  7.258635e-03 
 9.074261e+00  7.253481e-03 
 9.074659e+00  7.239710e-03 
 9.075056e+00  7.212026e-03 
 9.075454e+00  7.166213e-03 
 9.075852e+00  7.102000e-03 
 9.076249e+00  7.026779e-03 
 9.076647e+00  6.945822e-03 
 9.077045e+00  6.863191e-03 
 9.077442e+00  6.776195e-03 
 9.077840e+00  6.674355e-03 
 9.078238e+00  6.543948e-03 
 9.078636e+00  6.369326e-03 
 9.079033e+00  6.140294e-03 
 9.079431e+00  5.855097e-03 
 9.079829e+00  5.523390e-03 
 9.080226e+00  5.150483e-03 
 9.080624e+00  4.743227e-03 
 9.081022e+00  4.303852e-03 
 9.081419e+00  3.830262e-03 
 9.081817e+00  3.318955e-03 
 9.082215e+00  2.770252e-03 
 9.082613e+00  2.191977e-03 
 9.083010e+00  1.592865e-03 
 9.083408e+00  9.782804e-04 
 9.083806e+00  3.515779e-04 
 9.084203e+00 -2.811014e-04 
 9.084601e+00 -9.261165e-04 
 9.084999e+00 -1.589328e-03 
 9.085396e+00 -2.267204e-03 
 9.085794e+00 -2.949373e-03 
 9.086192e+00 -3.624154e-03 
 9.086589e+00 -4.274595e-03 
 9.086987e+00 -4.885584e-03 
 9.087385e+00 -5.451673e-03 
 9.087783e+00 -5.974633e-03 
 9.088180e+00 -6.467127e-03 
 9.088578e+00 -6.942582e-03 
 9.088976e+00 -7.406593e-03 
 9.089373e+00 -7.863570e-03 
 9.089771e+00 -8.309467e-03 
 9.090169e+00 -8.739359e-03 
 9.090566e+00 -9.150549e-03 
 9.090964e+00 -9.542924e-03 
 9.091362e+00 -9.923400e-03 
 9.091760e+00 -1.030803e-02 
 9.092157e+00 -1.071118e-02 
 9.092555e+00 -1.114529e-02 
 9.092953e+00 -1.161996e-02 
 9.093350e+00 -1.213664e-02 
 9.093748e+00 -1.269720e-02 
 9.094146e+00 -1.330069e-02 
 9.094543e+00 -1.394555e-02 
 9.094941e+00 -1.463172e-02 
 9.095339e+00 -1.535375e-02 
 9.095736e+00 -1.611075e-02 
 9.096134e+00 -1.690607e-02 
 9.096532e+00 -1.774368e-02 
 9.096930e+00 -1.863129e-02 
 9.097327e+00 -1.957267e-02 
 9.097725e+00 -2.057310e-02 
 9.098123e+00 -2.162153e-02 
 9.098520e+00 -2.270897e-02 
 9.098918e+00 -2.381502e-02 
 9.099316e+00 -2.491572e-02 
 9.099713e+00 -2.599703e-02 
 9.100111e+00 -2.704948e-02 
 9.100509e+00 -2.807814e-02 
 9.100907e+00 -2.908626e-02 
 9.101304e+00 -3.008077e-02 
 9.101702e+00 -3.106057e-02 
 9.102100e+00 -3.201486e-02 
 9.102497e+00 -3.292855e-02 
 9.102895e+00 -3.379423e-02 
 9.103293e+00 -3.459329e-02 
 9.103690e+00 -3.532268e-02 
 9.104088e+00 -3.597932e-02 
 9.104486e+00 -3.657234e-02 
 9.104883e+00 -3.710681e-02 
 9.105281e+00 -3.758852e-02 
 9.105679e+00 -3.801401e-02 
 9.106077e+00 -3.837726e-02 
 9.106474e+00 -3.867508e-02 
 9.106872e+00 -3.890764e-02 
 9.107270e+00 -3.908241e-02 
 9.107667e+00 -3.920230e-02 
 9.108065e+00 -3.927901e-02 
 9.108463e+00 -3.932436e-02 
 9.108860e+00 -3.934563e-02 
 9.109258e+00 -3.934083e-02 
 9.109656e+00 -3.931052e-02 
 9.110054e+00 -3.925439e-02 
 9.110451e+00 -3.918008e-02 
 9.110849e+00 -3.910059e-02 
 9.111247e+00 -3.903301e-02 
 9.111644e+00 -3.898603e-02 
 9.112042e+00 -3.896611e-02 
 9.112440e+00 -3.898024e-02 
 9.112837e+00 -3.902392e-02 
 9.113235e+00 -3.909127e-02 
 9.113633e+00 -3.917159e-02 
 9.114030e+00 -3.926022e-02 
 9.114428e+00 -3.935218e-02 
 9.114826e+00 -3.944125e-02 
 9.115224e+00 -3.952918e-02 
 9.115621e+00 -3.960982e-02 
 9.116019e+00 -3.967766e-02 
 9.116417e+00 -3.972948e-02 
 9.116814e+00 -3.976340e-02 
 9.117212e+00 -3.977467e-02 
 9.117610e+00 -3.975676e-02 
 9.118007e+00 -3.970051e-02 
 9.118405e+00 -3.960091e-02 
 9.118803e+00 -3.945306e-02 
 9.119201e+00 -3.925227e-02 
 9.119598e+00 -3.900338e-02 
 9.119996e+00 -3.871343e-02 
 9.120394e+00 -3.839001e-02 
 9.120791e+00 -3.804356e-02 
 9.121189e+00 -3.768664e-02 
 9.121587e+00 -3.732277e-02 
 9.121984e+00 -3.695890e-02 
 9.122382e+00 -3.659910e-02 
 9.122780e+00 -3.625076e-02 
 9.123177e+00 -3.591415e-02 
 9.123575e+00 -3.559218e-02 
 9.123973e+00 -3.529528e-02 
 9.124371e+00 -3.503589e-02 
 9.124768e+00 -3.482872e-02 
 9.125166e+00 -3.468150e-02 
 9.125564e+00 -3.460335e-02 
 9.125961e+00 -3.458621e-02 
 9.126359e+00 -3.462320e-02 
 9.126757e+00 -3.469656e-02 
 9.127154e+00 -3.479556e-02 
 9.127552e+00 -3.490580e-02 
 9.127950e+00 -3.501889e-02 
 9.128348e+00 -3.513311e-02 
 9.128745e+00 -3.525010e-02 
 9.129143e+00 -3.537815e-02 
 9.129541e+00 -3.552020e-02 
 9.129938e+00 -3.568769e-02 
 9.130336e+00 -3.588442e-02 
 9.130734e+00 -3.610728e-02 
 9.131131e+00 -3.634482e-02 
 9.131529e+00 -3.657534e-02 
 9.131927e+00 -3.678312e-02 
 9.132324e+00 -3.695122e-02 
 9.132722e+00 -3.707925e-02 
 9.133120e+00 -3.717339e-02 
 9.133518e+00 -3.723779e-02 
 9.133915e+00 -3.727637e-02 
 9.134313e+00 -3.728818e-02 
 9.134711e+00 -3.725825e-02 
 9.135108e+00 -3.716790e-02 
 9.135506e+00 -3.699659e-02 
 9.135904e+00 -3.674122e-02 
 9.136301e+00 -3.639473e-02 
 9.136699e+00 -3.597371e-02 
 9.137097e+00 -3.548391e-02 
 9.137495e+00 -3.493807e-02 
 9.137892e+00 -3.434437e-02 
 9.138290e+00 -3.370111e-02 
 9.138688e+00 -3.302834e-02 
 9.139085e+00 -3.233981e-02 
 9.139483e+00 -3.165122e-02 
 9.139881e+00 -3.098045e-02 
 9.140278e+00 -3.033865e-02 
 9.140676e+00 -2.974125e-02 
 9.141074e+00 -2.918897e-02 
 9.141471e+00 -2.868493e-02 
 9.141869e+00 -2.822743e-02 
 9.142267e+00 -2.781003e-02 
 9.142665e+00 -2.743389e-02 
 9.143062e+00 -2.709305e-02 
 9.143460e+00 -2.678619e-02 
 9.143858e+00 -2.651147e-02 
 9.144255e+00 -2.626251e-02 
 9.144653e+00 -2.603029e-02 
 9.145051e+00 -2.581132e-02 
 9.145448e+00 -2.560079e-02 
 9.145846e+00 -2.538286e-02 
 9.146244e+00 -2.514888e-02 
 9.146642e+00 -2.488693e-02 
 9.147039e+00 -2.458611e-02 
 9.147437e+00 -2.424610e-02 
 9.147835e+00 -2.386247e-02 
 9.148232e+00 -2.344663e-02 
 9.148630e+00 -2.300563e-02 
 9.149028e+00 -2.255269e-02 
 9.149425e+00 -2.208835e-02 
 9.149823e+00 -2.161427e-02 
 9.150221e+00 -2.112335e-02 
 9.150618e+00 -2.060954e-02 
 9.151016e+00 -2.006826e-02 
 9.151414e+00 -1.950253e-02 
 9.151812e+00 -1.892048e-02 
 9.152209e+00 -1.832163e-02 
 9.152607e+00 -1.771424e-02 
 9.153005e+00 -1.709839e-02 
 9.153402e+00 -1.646938e-02 
 9.153800e+00 -1.581980e-02 
 9.154198e+00 -1.514901e-02 
 9.154595e+00 -1.444577e-02 
 9.154993e+00 -1.371205e-02 
 9.155391e+00 -1.294935e-02 
 9.155789e+00 -1.215863e-02 
 9.156186e+00 -1.134613e-02 
 9.156584e+00 -1.052607e-02 
 9.156982e+00 -9.713833e-03 
 9.157379e+00 -8.926283e-03 
 9.157777e+00 -8.186283e-03 
 9.158175e+00 -7.502881e-03 
 9.158572e+00 -6.878346e-03 
 9.158970e+00 -6.314635e-03 
 9.159368e+00 -5.799109e-03 
 9.159765e+00 -5.316592e-03 
 9.160163e+00 -4.858193e-03 
 9.160561e+00 -4.417019e-03 
 9.160959e+00 -3.991734e-03 
 9.161356e+00 -3.579162e-03 
 9.161754e+00 -3.173013e-03 
 9.162152e+00 -2.760287e-03 
 9.162549e+00 -2.336839e-03 
 9.162947e+00 -1.898387e-03 
 9.163345e+00 -1.439603e-03 
 9.163742e+00 -9.568138e-04 
 9.164140e+00 -4.441920e-04 
 9.164538e+00  1.130733e-04 
 9.164936e+00  7.244569e-04 
 9.165333e+00  1.398863e-03 
 9.165731e+00  2.142155e-03 
 9.166129e+00  2.953825e-03 
 9.166526e+00  3.818653e-03 
 9.166924e+00  4.720865e-03 
 9.167322e+00  5.650264e-03 
 9.167719e+00  6.591234e-03 
 9.168117e+00  7.540741e-03 
 9.168515e+00  8.501498e-03 
 9.168912e+00  9.464457e-03 
 9.169310e+00  1.041631e-02 
 9.169708e+00  1.133860e-02 
 9.170106e+00  1.220373e-02 
 9.170503e+00  1.299244e-02 
 9.170901e+00  1.369470e-02 
 9.171299e+00  1.431366e-02 
 9.171696e+00  1.485502e-02 
 9.172094e+00  1.533139e-02 
 9.172492e+00  1.575188e-02 
 9.172889e+00  1.611571e-02 
 9.173287e+00  1.641450e-02 
 9.173685e+00  1.664262e-02 
 9.174083e+00  1.679361e-02 
 9.174480e+00  1.687861e-02 
 9.174878e+00  1.691435e-02 
 9.175276e+00  1.690585e-02 
 9.175673e+00  1.686126e-02 
 9.176071e+00  1.676928e-02 
 9.176469e+00  1.661659e-02 
 9.176866e+00  1.638784e-02 
 9.177264e+00  1.607688e-02 
 9.177662e+00  1.568694e-02 
 9.178059e+00  1.523714e-02 
 9.178457e+00  1.474865e-02 
 9.178855e+00  1.422687e-02 
 9.179253e+00  1.367313e-02 
 9.179650e+00  1.308917e-02 
 9.180048e+00  1.247081e-02 
 9.180446e+00  1.182398e-02 
 9.180843e+00  1.116735e-02 
 9.181241e+00  1.050853e-02 
 9.181639e+00  9.852404e-03 
 9.182036e+00  9.193468e-03 
 9.182434e+00  8.525692e-03 
 9.182832e+00  7.832959e-03 
 9.183230e+00  7.111092e-03 
 9.183627e+00  6.370738e-03 
 9.184025e+00  5.623118e-03 
 9.184423e+00  4.884386e-03 
 9.184820e+00  4.157793e-03 
 9.185218e+00  3.433594e-03 
 9.185616e+00  2.685423e-03 
 9.186013e+00  1.898323e-03 
 9.186411e+00  1.058499e-03 
 9.186809e+00  1.717031e-04 
 9.187206e+00 -7.457611e-04 
 9.187604e+00 -1.681662e-03 
 9.188002e+00 -2.632195e-03 
 9.188400e+00 -3.606351e-03 
 9.188797e+00 -4.626474e-03 
 9.189195e+00 -5.706734e-03 
 9.189593e+00 -6.853341e-03 
 9.189990e+00 -8.059467e-03 
 9.190388e+00 -9.306483e-03 
 9.190786e+00 -1.057415e-02 
 9.191183e+00 -1.184816e-02 
 9.191581e+00 -1.312750e-02 
 9.191979e+00 -1.441295e-02 
 9.192377e+00 -1.570813e-02 
 9.192774e+00 -1.700205e-02 
 9.193172e+00 -1.827043e-02 
 9.193570e+00 -1.948691e-02 
 9.193967e+00 -2.062553e-02 
 9.194365e+00 -2.167273e-02 
 9.194763e+00 -2.262786e-02 
 9.195160e+00 -2.350670e-02 
 9.195558e+00 -2.432189e-02 
 9.195956e+00 -2.508161e-02 
 9.196353e+00 -2.578610e-02 
 9.196751e+00 -2.642869e-02 
 9.197149e+00 -2.698908e-02 
 9.197547e+00 -2.746557e-02 
 9.197944e+00 -2.785803e-02 
 9.198342e+00 -2.816583e-02 
 9.198740e+00 -2.840479e-02 
 9.199137e+00 -2.858573e-02 
 9.199535e+00 -2.871941e-02 
 9.199933e+00 -2.881494e-02 
 9.200330e+00 -2.888254e-02 
 9.200728e+00 -2.892994e-02 
 9.201126e+00 -2.897300e-02 
 9.201524e+00 -2.902987e-02 
 9.201921e+00 -2.911565e-02 
 9.202319e+00 -2.924329e-02 
 9.202717e+00 -2.941446e-02 
 9.203114e+00 -2.962028e-02 
 9.203512e+00 -2.984328e-02 
 9.203910e+00 -3.007047e-02 
 9.204307e+00 -3.029350e-02 
 9.204705e+00 -3.051514e-02 
 9.205103e+00 -3.074953e-02 
 9.205500e+00 -3.100107e-02 
 9.205898e+00 -3.127461e-02 
 9.206296e+00 -3.156626e-02 
 9.206694e+00 -3.186501e-02 
 9.207091e+00 -3.217092e-02 
 9.207489e+00 -3.248585e-02 
 9.207887e+00 -3.281787e-02 
 9.208284e+00 -3.317862e-02 
 9.208682e+00 -3.357336e-02 
 9.209080e+00 -3.400398e-02 
 9.209477e+00 -3.445250e-02 
 9.209875e+00 -3.490973e-02 
 9.210273e+00 -3.535778e-02 
 9.210671e+00 -3.578437e-02 
 9.211068e+00 -3.618867e-02 
 9.211466e+00 -3.656971e-02 
 9.211864e+00 -3.692160e-02 
 9.212261e+00 -3.723327e-02 
 9.212659e+00 -3.749628e-02 
 9.213057e+00 -3.770758e-02 
 9.213454e+00 -3.786495e-02 
 9.213852e+00 -3.798297e-02 
 9.214250e+00 -3.807918e-02 
 9.214647e+00 -3.816544e-02 
 9.215045e+00 -3.825310e-02 
 9.215443e+00 -3.834149e-02 
 9.215841e+00 -3.842816e-02 
 9.216238e+00 -3.850235e-02 
 9.216636e+00 -3.855992e-02 
 9.217034e+00 -3.860019e-02 
 9.217431e+00 -3.863996e-02 
 9.217829e+00 -3.869124e-02 
 9.218227e+00 -3.876237e-02 
 9.218624e+00 -3.885882e-02 
 9.219022e+00 -3.898178e-02 
 9.219420e+00 -3.911891e-02 
 9.219818e+00 -3.926852e-02 
 9.220215e+00 -3.943236e-02 
 9.220613e+00 -3.960447e-02 
 9.221011e+00 -3.979510e-02 
 9.221408e+00 -4.001242e-02 
 9.221806e+00 -4.025241e-02 
 9.222204e+00 -4.051007e-02 
 9.222601e+00 -4.077477e-02 
 9.222999e+00 -4.101803e-02 
 9.223397e+00 -4.122148e-02 
 9.223794e+00 -4.137903e-02 
 9.224192e+00 -4.148970e-02 
 9.224590e+00 -4.155951e-02 
 9.224988e+00 -4.159799e-02 
 9.225385e+00 -4.160050e-02 
 9.225783e+00 -4.157179e-02 
 9.226181e+00 -4.150883e-02 
 9.226578e+00 -4.141958e-02 
 9.226976e+00 -4.130340e-02 
 9.227374e+00 -4.116722e-02 
 9.227771e+00 -4.102059e-02 
 9.228169e+00 -4.087094e-02 
 9.228567e+00 -4.072689e-02 
 9.228965e+00 -4.058373e-02 
 9.229362e+00 -4.043074e-02 
 9.229760e+00 -4.025699e-02 
 9.230158e+00 -4.005786e-02 
 9.230555e+00 -3.983645e-02 
 9.230953e+00 -3.959560e-02 
 9.231351e+00 -3.933985e-02 
 9.231748e+00 -3.906738e-02 
 9.232146e+00 -3.878535e-02 
 9.232544e+00 -3.850947e-02 
 9.232941e+00 -3.824905e-02 
 9.233339e+00 -3.801669e-02 
 9.233737e+00 -3.782956e-02 
 9.234135e+00 -3.769995e-02 
 9.234532e+00 -3.763164e-02 
 9.234930e+00 -3.761996e-02 
 9.235328e+00 -3.765985e-02 
 9.235725e+00 -3.773326e-02 
 9.236123e+00 -3.783584e-02 
 9.236521e+00 -3.797604e-02 
 9.236918e+00 -3.815907e-02 
 9.237316e+00 -3.839435e-02 
 9.237714e+00 -3.868062e-02 
 9.238112e+00 -3.900681e-02 
 9.238509e+00 -3.935173e-02 
 9.238907e+00 -3.969544e-02 
 9.239305e+00 -4.001531e-02 
 9.239702e+00 -4.029783e-02 
 9.240100e+00 -4.054251e-02 
 9.240498e+00 -4.074645e-02 
 9.240895e+00 -4.090876e-02 
 9.241293e+00 -4.102326e-02 
 9.241691e+00 -4.106873e-02 
 9.242088e+00 -4.102553e-02 
 9.242486e+00 -4.088061e-02 
 9.242884e+00 -4.062580e-02 
 9.243282e+00 -4.025869e-02 
 9.243679e+00 -3.979173e-02 
 9.244077e+00 -3.923782e-02 
 9.244475e+00 -3.859557e-02 
 9.244872e+00 -3.787392e-02 
 9.245270e+00 -3.708067e-02 
 9.245668e+00 -3.622069e-02 
 9.246065e+00 -3.531315e-02 
 9.246463e+00 -3.438205e-02 
 9.246861e+00 -3.344896e-02 
 9.247259e+00 -3.252359e-02 
 9.247656e+00 -3.160523e-02 
 9.248054e+00 -3.067755e-02 
 9.248452e+00 -2.972145e-02 
 9.248849e+00 -2.872289e-02 
 9.249247e+00 -2.766683e-02 
 9.249645e+00 -2.655152e-02 
 9.250042e+00 -2.538931e-02 
 9.250440e+00 -2.419423e-02 
 9.250838e+00 -2.297904e-02 
 9.251235e+00 -2.175023e-02 
 9.251633e+00 -2.050766e-02 
 9.252031e+00 -1.925967e-02 
 9.252429e+00 -1.801710e-02 
 9.252826e+00 -1.680189e-02 
 9.253224e+00 -1.561905e-02 
 9.253622e+00 -1.447183e-02 
 9.254019e+00 -1.335188e-02 
 9.254417e+00 -1.224987e-02 
 9.254815e+00 -1.116151e-02 
 9.255212e+00 -1.007910e-02 
 9.255610e+00 -8.999162e-03 
 9.256008e+00 -7.925607e-03 
 9.256406e+00 -6.868784e-03 
 9.256803e+00 -5.834255e-03 
 9.257201e+00 -4.816346e-03 
 9.257599e+00 -3.807491e-03 
 9.257996e+00 -2.798542e-03 
 9.258394e+00 -1.786323e-03 
 9.258792e+00 -7.808135e-04 
 9.259189e+00  2.057597e-04 
 9.259587e+00  1.169952e-03 
 9.259985e+00  2.105918e-03 
 9.260382e+00  3.012554e-03 
 9.260780e+00  3.890907e-03 
 9.261178e+00  4.745741e-03 
 9.261576e+00  5.576482e-03 
 9.261973e+00  6.382845e-03 
 9.262371e+00  7.154168e-03 
 9.262769e+00  7.882472e-03 
 9.263166e+00  8.568057e-03 
 9.263564e+00  9.213848e-03 
 9.263962e+00  9.821443e-03 
 9.264359e+00  1.038430e-02 
 9.264757e+00  1.088609e-02 
 9.265155e+00  1.130512e-02 
 9.265553e+00  1.162132e-02 
 9.265950e+00  1.181874e-02 
 9.266348e+00  1.189214e-02 
 9.266746e+00  1.185759e-02 
 9.267143e+00  1.174012e-02 
 9.267541e+00  1.157286e-02 
 9.267939e+00  1.137867e-02 
 9.268336e+00  1.116788e-02 
 9.268734e+00  1.093570e-02 
 9.269132e+00  1.067450e-02 
 9.269529e+00  1.038110e-02 
 9.269927e+00  1.005919e-02 
 9.270325e+00  9.713877e-03 
 9.270723e+00  9.354515e-03 
 9.271120e+00  8.995277e-03 
 9.271518e+00  8.642475e-03 
 9.271916e+00  8.304002e-03 
 9.272313e+00  7.980856e-03 
 9.272711e+00  7.677893e-03 
 9.273109e+00  7.402563e-03 
 9.273506e+00  7.160492e-03 
 9.273904e+00  6.961465e-03 
 9.274302e+00  6.801777e-03 
 9.274700e+00  6.673317e-03 
 9.275097e+00  6.565459e-03 
 9.275495e+00  6.472958e-03 
 9.275893e+00  6.389218e-03 
 9.276290e+00  6.308262e-03 
 9.276688e+00  6.229824e-03 
 9.277086e+00  6.145147e-03 
 9.277483e+00  6.049200e-03 
 9.277881e+00  5.938787e-03 
 9.278279e+00  5.802125e-03 
 9.278676e+00  5.635914e-03 
 9.279074e+00  5.434567e-03 
 9.279472e+00  5.199601e-03 
 9.279870e+00  4.933432e-03 
 9.280267e+00  4.637746e-03 
 9.280665e+00  4.310049e-03 
 9.281063e+00  3.948449e-03 
 9.281460e+00  3.562762e-03 
 9.281858e+00  3.153890e-03 
 9.282256e+00  2.724310e-03 
 9.282653e+00  2.274158e-03 
 9.283051e+00  1.791870e-03 
 9.283449e+00  1.269464e-03 
 9.283847e+00  7.032917e-04 
 9.284244e+00  8.766219e-05 
 9.284642e+00 -5.855606e-04 
 9.285040e+00 -1.320755e-03 
 9.285437e+00 -2.108669e-03 
 9.285835e+00 -2.935996e-03 
 9.286233e+00 -3.783539e-03 
 9.286630e+00 -4.628022e-03 
 9.287028e+00 -5.458722e-03 
 9.287426e+00 -6.265371e-03 
 9.287823e+00 -7.039126e-03 
 9.288221e+00 -7.779453e-03 
 9.288619e+00 -8.491016e-03 
 9.289017e+00 -9.176187e-03 
 9.289414e+00 -9.841873e-03 
 9.289812e+00 -1.048668e-02 
 9.290210e+00 -1.111140e-02 
 9.290607e+00 -1.171572e-02 
 9.291005e+00 -1.229478e-02 
 9.291403e+00 -1.284560e-02 
 9.291800e+00 -1.336802e-02 
 9.292198e+00 -1.386091e-02 
 9.292596e+00 -1.432501e-02 
 9.292994e+00 -1.476453e-02 
 9.293391e+00 -1.518569e-02 
 9.293789e+00 -1.558917e-02 
 9.294187e+00 -1.597725e-02 
 9.294584e+00 -1.635510e-02 
 9.294982e+00 -1.672913e-02 
 9.295380e+00 -1.710149e-02 
 9.295777e+00 -1.748040e-02 
 9.296175e+00 -1.787734e-02 
 9.296573e+00 -1.829758e-02 
 9.296970e+00 -1.874276e-02 
 9.297368e+00 -1.921203e-02 
 9.297766e+00 -1.969947e-02 
 9.298164e+00 -2.020790e-02 
 9.298561e+00 -2.074223e-02 
 9.298959e+00 -2.129852e-02 
 9.299357e+00 -2.186249e-02 
 9.299754e+00 -2.242429e-02 
 9.300152e+00 -2.296330e-02 
 9.300550e+00 -2.346073e-02 
 9.300947e+00 -2.390886e-02 
 9.301345e+00 -2.430472e-02 
 9.301743e+00 -2.465389e-02 
 9.302141e+00 -2.496745e-02 
 9.302538e+00 -2.526157e-02 
 9.302936e+00 -2.554536e-02 
 9.303334e+00 -2.582027e-02 
 9.303731e+00 -2.608244e-02 
 9.304129e+00 -2.633055e-02 
 9.304527e+00 -2.656525e-02 
 9.304924e+00 -2.678636e-02 
 9.305322e+00 -2.699298e-02 
 9.305720e+00 -2.718464e-02 
 9.306117e+00 -2.735854e-02 
 9.306515e+00 -2.750552e-02 
 9.306913e+00 -2.762286e-02 
 9.307311e+00 -2.770984e-02 
 9.307708e+00 -2.776754e-02 
 9.308106e+00 -2.780462e-02 
 9.308504e+00 -2.783441e-02 
 9.308901e+00 -2.786345e-02 
 9.309299e+00 -2.789621e-02 
 9.309697e+00 -2.793903e-02 
 9.310094e+00 -2.799342e-02 
 9.310492e+00 -2.806032e-02 
 9.310890e+00 -2.814471e-02 
 9.311288e+00 -2.825277e-02 
 9.311685e+00 -2.839389e-02 
 9.312083e+00 -2.857147e-02 
 9.312481e+00 -2.879778e-02 
 9.312878e+00 -2.907495e-02 
 9.313276e+00 -2.939833e-02 
 9.313674e+00 -2.977391e-02 
 9.314071e+00 -3.020715e-02 
 9.314469e+00 -3.069927e-02 
 9.314867e+00 -3.125226e-02 
 9.315264e+00 -3.186063e-02 
 9.315662e+00 -3.251424e-02 
 9.316060e+00 -3.320508e-02 
 9.316458e+00 -3.392657e-02 
 9.316855e+00 -3.467143e-02 
 9.317253e+00 -3.543521e-02 
 9.317651e+00 -3.620471e-02 
 9.318048e+00 -3.696952e-02 
 9.318446e+00 -3.771090e-02 
 9.318844e+00 -3.840949e-02 
 9.319241e+00 -3.904653e-02 
 9.319639e+00 -3.961186e-02 
 9.320037e+00 -4.011257e-02 
 9.320435e+00 -4.056119e-02 
 9.320832e+00 -4.097985e-02 
 9.321230e+00 -4.138864e-02 
 9.321628e+00 -4.179498e-02 
 9.322025e+00 -4.220198e-02 
 9.322423e+00 -4.260768e-02 
 9.322821e+00 -4.300728e-02 
 9.323218e+00 -4.339142e-02 
 9.323616e+00 -4.376066e-02 
 9.324014e+00 -4.411511e-02 
 9.324411e+00 -4.445366e-02 
 9.324809e+00 -4.477717e-02 
 9.325207e+00 -4.508228e-02 
 9.325605e+00 -4.536877e-02 
 9.326002e+00 -4.563506e-02 
 9.326400e+00 -4.589283e-02 
 9.326798e+00 -4.614235e-02 
 9.327195e+00 -4.638942e-02 
 9.327593e+00 -4.663556e-02 
 9.327991e+00 -4.687718e-02 
 9.328388e+00 -4.711979e-02 
 9.328786e+00 -4.736495e-02 
 9.329184e+00 -4.761514e-02 
 9.329582e+00 -4.786998e-02 
 9.329979e+00 -4.813155e-02 
 9.330377e+00 -4.839534e-02 
 9.330775e+00 -4.865810e-02 
 9.331172e+00 -4.891363e-02 
 9.331570e+00 -4.914965e-02 
 9.331968e+00 -4.935430e-02 
 9.332365e+00 -4.952782e-02 
 9.332763e+00 -4.965643e-02 
 9.333161e+00 -4.973300e-02 
 9.333558e+00 -4.974658e-02 
 9.333956e+00 -4.969071e-02 
 9.334354e+00 -4.956194e-02 
 9.334752e+00 -4.936440e-02 
 9.335149e+00 -4.910641e-02 
 9.335547e+00 -4.879273e-02 
 9.335945e+00 -4.842529e-02 
 9.336342e+00 -4.799755e-02 
 9.336740e+00 -4.749989e-02 
 9.337138e+00 -4.692440e-02 
 9.337535e+00 -4.626368e-02 
 9.337933e+00 -4.551844e-02 
 9.338331e+00 -4.469644e-02 
 9.338729e+00 -4.381107e-02 
 9.339126e+00 -4.287488e-02 
 9.339524e+00 -4.190155e-02 
 9.339922e+00 -4.090302e-02 
 9.340319e+00 -3.989610e-02 
 9.340717e+00 -3.889690e-02 
 9.341115e+00 -3.792192e-02 
 9.341512e+00 -3.698907e-02 
 9.341910e+00 -3.610739e-02 
 9.342308e+00 -3.528359e-02 
 9.342705e+00 -3.451095e-02 
 9.343103e+00 -3.377327e-02 
 9.343501e+00 -3.305749e-02 
 9.343899e+00 -3.236045e-02 
 9.344296e+00 -3.167886e-02 
 9.344694e+00 -3.101593e-02 
 9.345092e+00 -3.037794e-02 
 9.345489e+00 -2.975502e-02 
 9.345887e+00 -2.914172e-02 
 9.346285e+00 -2.853231e-02 
 9.346682e+00 -2.791473e-02 
 9.347080e+00 -2.728003e-02 
 9.347478e+00 -2.662356e-02 
 9.347876e+00 -2.594574e-02 
 9.348273e+00 -2.525549e-02 
 9.348671e+00 -2.456159e-02 
 9.349069e+00 -2.387006e-02 
 9.349466e+00 -2.317307e-02 
 9.349864e+00 -2.247647e-02 
 9.350262e+00 -2.177722e-02 
 9.350659e+00 -2.107447e-02 
 9.351057e+00 -2.037053e-02 
 9.351455e+00 -1.965085e-02 
 9.351852e+00 -1.890576e-02 
 9.352250e+00 -1.813177e-02 
 9.352648e+00 -1.732527e-02 
 9.353046e+00 -1.649335e-02 
 9.353443e+00 -1.564965e-02 
 9.353841e+00 -1.480504e-02 
 9.354239e+00 -1.396612e-02 
 9.354636e+00 -1.314068e-02 
 9.355034e+00 -1.231885e-02 
 9.355432e+00 -1.148528e-02 
 9.355829e+00 -1.062123e-02 
 9.356227e+00 -9.718868e-03 
 9.356625e+00 -8.779009e-03 
 9.357023e+00 -7.809999e-03 
 9.357420e+00 -6.835492e-03 
 9.357818e+00 -5.871660e-03 
 9.358216e+00 -4.930225e-03 
 9.358613e+00 -4.017684e-03 
 9.359011e+00 -3.132783e-03 
 9.359409e+00 -2.279247e-03 
 9.359806e+00 -1.463296e-03 
 9.360204e+00 -6.980968e-04 
 9.360602e+00  1.802513e-06 
 9.360999e+00  6.391085e-04 
 9.361397e+00  1.216829e-03 
 9.361795e+00  1.751691e-03 
 9.362193e+00  2.255787e-03 
 9.362590e+00  2.743684e-03 
 9.362988e+00  3.225674e-03 
 9.363386e+00  3.698230e-03 
 9.363783e+00  4.155883e-03 
 9.364181e+00  4.599656e-03 
 9.364579e+00  5.031591e-03 
 9.364976e+00  5.459302e-03 
 9.365374e+00  5.896660e-03 
 9.365772e+00  6.346845e-03 
 9.366170e+00  6.803250e-03 
 9.366567e+00  7.259726e-03 
 9.366965e+00  7.712295e-03 
 9.367363e+00  8.155320e-03 
 9.367760e+00  8.586074e-03 
 9.368158e+00  9.008116e-03 
 9.368556e+00  9.420773e-03 
 9.368953e+00  9.814089e-03 
 9.369351e+00  1.018673e-02 
 9.369749e+00  1.051870e-02 
 9.370146e+00  1.080515e-02 
 9.370544e+00  1.103933e-02 
 9.370942e+00  1.122583e-02 
 9.371340e+00  1.137107e-02 
 9.371737e+00  1.147205e-02 
 9.372135e+00  1.151746e-02 
 9.372533e+00  1.148929e-02 
 9.372930e+00  1.136750e-02 
 9.373328e+00  1.113580e-02 
 9.373726e+00  1.079103e-02 
 9.374123e+00  1.034342e-02 
 9.374521e+00  9.811560e-03 
 9.374919e+00  9.219039e-03 
 9.375317e+00  8.588050e-03 
 9.375714e+00  7.935209e-03 
 9.376112e+00  7.260269e-03 
 9.376510e+00  6.564453e-03 
 9.376907e+00  5.853545e-03 
 9.377305e+00  5.126206e-03 
 9.377703e+00  4.399548e-03 
 9.378100e+00  3.673667e-03 
 9.378498e+00  2.956060e-03 
 9.378896e+00  2.246033e-03 
 9.379293e+00  1.545828e-03 
 9.379691e+00  8.620223e-04 
 9.380089e+00  1.935894e-04 
 9.380487e+00 -4.469303e-04 
 9.380884e+00 -1.044943e-03 
 9.381282e+00 -1.598279e-03 
 9.381680e+00 -2.105551e-03 
 9.382077e+00 -2.575300e-03 
 9.382475e+00 -3.017946e-03 
 9.382873e+00 -3.441941e-03 
 9.383270e+00 -3.839527e-03 
 9.383668e+00 -4.191386e-03 
 9.384066e+00 -4.483120e-03 
 9.384464e+00 -4.700989e-03 
 9.384861e+00 -4.844009e-03 
 9.385259e+00 -4.921519e-03 
 9.385657e+00 -4.940978e-03 
 9.386054e+00 -4.923084e-03 
 9.386452e+00 -4.881676e-03 
 9.386850e+00 -4.828032e-03 
 9.387247e+00 -4.757951e-03 
 9.387645e+00 -4.670736e-03 
 9.388043e+00 -4.565958e-03 
 9.388440e+00 -4.457370e-03 
 9.388838e+00 -4.351846e-03 
 9.389236e+00 -4.262561e-03 
 9.389634e+00 -4.205445e-03 
 9.390031e+00 -4.180925e-03 
 9.390429e+00 -4.188236e-03 
 9.390827e+00 -4.226990e-03 
 9.391224e+00 -4.296770e-03 
 9.391622e+00 -4.406234e-03 
 9.392020e+00 -4.557660e-03 
 9.392417e+00 -4.762201e-03 
 9.392815e+00 -5.028931e-03 
 9.393213e+00 -5.346671e-03 
 9.393611e+00 -5.711646e-03 
 9.394008e+00 -6.113165e-03 
 9.394406e+00 -6.538624e-03 
 9.394804e+00 -6.976885e-03 
 9.395201e+00 -7.418662e-03 
 9.395599e+00 -7.860381e-03 
 9.395997e+00 -8.297485e-03 
 9.396394e+00 -8.732365e-03 
 9.396792e+00 -9.171552e-03 
 9.397190e+00 -9.610535e-03 
 9.397587e+00 -1.005328e-02 
 9.397985e+00 -1.051050e-02 
 9.398383e+00 -1.098561e-02 
 9.398781e+00 -1.147994e-02 
 9.399178e+00 -1.199163e-02 
 9.399576e+00 -1.251398e-02 
 9.399974e+00 -1.304636e-02 
 9.400371e+00 -1.358839e-02 
 9.400769e+00 -1.414257e-02 
 9.401167e+00 -1.471445e-02 
 9.401564e+00 -1.531785e-02 
 9.401962e+00 -1.596186e-02 
 9.402360e+00 -1.664591e-02 
 9.402757e+00 -1.736938e-02 
 9.403155e+00 -1.812142e-02 
 9.403553e+00 -1.888873e-02 
 9.403951e+00 -1.966565e-02 
 9.404348e+00 -2.045420e-02 
 9.404746e+00 -2.126115e-02 
 9.405144e+00 -2.209641e-02 
 9.405541e+00 -2.296842e-02 
 9.405939e+00 -2.387895e-02 
 9.406337e+00 -2.481648e-02 
 9.406734e+00 -2.576631e-02 
 9.407132e+00 -2.671330e-02 
 9.407530e+00 -2.764523e-02 
 9.407928e+00 -2.856142e-02 
 9.408325e+00 -2.946269e-02 
 9.408723e+00 -3.035131e-02 
 9.409121e+00 -3.122824e-02 
 9.409518e+00 -3.208951e-02 
 9.409916e+00 -3.292348e-02 
 9.410314e+00 -3.372060e-02 
 9.410711e+00 -3.447236e-02 
 9.411109e+00 -3.517192e-02 
 9.411507e+00 -3.582319e-02 
 9.411904e+00 -3.643734e-02 
 9.412302e+00 -3.700809e-02 
 9.412700e+00 -3.753429e-02 
 9.413098e+00 -3.801486e-02 
 9.413495e+00 -3.844132e-02 
 9.413893e+00 -3.881340e-02 
 9.414291e+00 -3.913509e-02 
 9.414688e+00 -3.940773e-02 
 9.415086e+00 -3.964008e-02 
 9.415484e+00 -3.983253e-02 
 9.415881e+00 -3.998545e-02 
 9.416279e+00 -4.010141e-02 
 9.416677e+00 -4.018600e-02 
 9.417075e+00 -4.024750e-02 
 9.417472e+00 -4.030723e-02 
 9.417870e+00 -4.038729e-02 
 9.418268e+00 -4.050523e-02 
 9.418665e+00 -4.067034e-02 
 9.419063e+00 -4.088342e-02 
 9.419461e+00 -4.113969e-02 
 9.419858e+00 -4.142479e-02 
 9.420256e+00 -4.174278e-02 
 9.420654e+00 -4.209177e-02 
 9.421051e+00 -4.246958e-02 
 9.421449e+00 -4.287156e-02 
 9.421847e+00 -4.329664e-02 
 9.422245e+00 -4.373855e-02 
 9.422642e+00 -4.419162e-02 
 9.423040e+00 -4.465147e-02 
 9.423438e+00 -4.511365e-02 
 9.423835e+00 -4.557684e-02 
 9.424233e+00 -4.604346e-02 
 9.424631e+00 -4.651878e-02 
 9.425028e+00 -4.700596e-02 
 9.425426e+00 -4.749365e-02 
 9.425824e+00 -4.798121e-02 
 9.426222e+00 -4.846317e-02 
 9.426619e+00 -4.893465e-02 
 9.427017e+00 -4.939549e-02 
 9.427415e+00 -4.983987e-02 
 9.427812e+00 -5.026951e-02 
 9.428210e+00 -5.067787e-02 
 9.428608e+00 -5.105528e-02 
 9.429005e+00 -5.138734e-02 
 9.429403e+00 -5.165870e-02 
 9.429801e+00 -5.185907e-02 
 9.430198e+00 -5.198753e-02 
 9.430596e+00 -5.204598e-02 
 9.430994e+00 -5.203959e-02 
 9.431392e+00 -5.196967e-02 
 9.431789e+00 -5.183934e-02 
 9.432187e+00 -5.164767e-02 
 9.432585e+00 -5.139886e-02 
 9.432982e+00 -5.110043e-02 
 9.433380e+00 -5.076467e-02 
 9.433778e+00 -5.040551e-02 
 9.434175e+00 -5.003852e-02 
 9.434573e+00 -4.966868e-02 
 9.434971e+00 -4.928447e-02 
 9.435369e+00 -4.888060e-02 
 9.435766e+00 -4.844390e-02 
 9.436164e+00 -4.797533e-02 
 9.436562e+00 -4.747813e-02 
 9.436959e+00 -4.695778e-02 
 9.437357e+00 -4.642988e-02 
 9.437755e+00 -4.590847e-02 
 9.438152e+00 -4.539255e-02 
 9.438550e+00 -4.487614e-02 
 9.438948e+00 -4.433822e-02 
 9.439345e+00 -4.376843e-02 
 9.439743e+00 -4.315884e-02 
 9.440141e+00 -4.250245e-02 
 9.440539e+00 -4.180355e-02 
 9.440936e+00 -4.105993e-02 
 9.441334e+00 -4.027225e-02 
 9.441732e+00 -3.944057e-02 
 9.442129e+00 -3.856928e-02 
 9.442527e+00 -3.766356e-02 
 9.442925e+00 -3.672885e-02 
 9.443322e+00 -3.577201e-02 
 9.443720e+00 -3.480348e-02 
 9.444118e+00 -3.382639e-02 
 9.444516e+00 -3.283330e-02 
 9.444913e+00 -3.182177e-02 
 9.445311e+00 -3.078403e-02 
 9.445709e+00 -2.972576e-02 
 9.446106e+00 -2.866161e-02 
 9.446504e+00 -2.759954e-02 
 9.446902e+00 -2.654359e-02 
 9.447299e+00 -2.549009e-02 
 9.447697e+00 -2.443593e-02 
 9.448095e+00 -2.338161e-02 
 9.448492e+00 -2.233205e-02 
 9.448890e+00 -2.130199e-02 
 9.449288e+00 -2.030140e-02 
 9.449686e+00 -1.933765e-02 
 9.450083e+00 -1.841445e-02 
 9.450481e+00 -1.752469e-02 
 9.450879e+00 -1.665966e-02 
 9.451276e+00 -1.581309e-02 
 9.451674e+00 -1.499034e-02 
 9.452072e+00 -1.420649e-02 
 9.452469e+00 -1.347722e-02 
 9.452867e+00 -1.281774e-02 
 9.453265e+00 -1.223017e-02 
 9.453663e+00 -1.170684e-02 
 9.454060e+00 -1.123354e-02 
 9.454458e+00 -1.079887e-02 
 9.454856e+00 -1.039481e-02 
 9.455253e+00 -1.002193e-02 
 9.455651e+00 -9.683653e-03 
 9.456049e+00 -9.378727e-03 
 9.456446e+00 -9.105873e-03 
 9.456844e+00 -8.864479e-03 
 9.457242e+00 -8.649511e-03 
 9.457639e+00 -8.456662e-03 
 9.458037e+00 -8.275637e-03 
 9.458435e+00 -8.096465e-03 
 9.458833e+00 -7.908490e-03 
 9.459230e+00 -7.698430e-03 
 9.459628e+00 -7.450207e-03 
 9.460026e+00 -7.155106e-03 
 9.460423e+00 -6.796212e-03 
 9.460821e+00 -6.372526e-03 
 9.461219e+00 -5.894609e-03 
 9.461616e+00 -5.372915e-03 
 9.462014e+00 -4.819188e-03 
 9.462412e+00 -4.246391e-03 
 9.462810e+00 -3.665312e-03 
 9.463207e+00 -3.078985e-03 
 9.463605e+00 -2.487292e-03 
 9.464003e+00 -1.900117e-03 
 9.464400e+00 -1.319806e-03 
 9.464798e+00 -7.499365e-04 
 9.465196e+00 -2.001771e-04 
 9.465593e+00  3.186840e-04 
 9.465991e+00  8.005013e-04 
 9.466389e+00  1.241504e-03 
 9.466786e+00  1.642410e-03 
 9.467184e+00  2.008457e-03 
 9.467582e+00  2.339223e-03 
 9.467980e+00  2.636722e-03 
 9.468377e+00  2.898435e-03 
 9.468775e+00  3.126617e-03 
 9.469173e+00  3.333078e-03 
 9.469570e+00  3.525910e-03 
 9.469968e+00  3.715058e-03 
 9.470366e+00  3.904244e-03 
 9.470763e+00  4.092897e-03 
 9.471161e+00  4.276936e-03 
 9.471559e+00  4.446979e-03 
 9.471957e+00  4.600727e-03 
 9.472354e+00  4.737554e-03 
 9.472752e+00  4.866234e-03 
 9.473150e+00  5.004845e-03 
 9.473547e+00  5.163663e-03 
 9.473945e+00  5.335844e-03 
 9.474343e+00  5.517619e-03 
 9.474740e+00  5.703369e-03 
 9.475138e+00  5.883255e-03 
 9.475536e+00  6.055315e-03 
 9.475933e+00  6.221869e-03 
 9.476331e+00  6.375691e-03 
 9.476729e+00  6.512826e-03 
 9.477127e+00  6.625754e-03 
 9.477524e+00  6.706009e-03 
 9.477922e+00  6.739417e-03 
 9.478320e+00  6.725532e-03 
 9.478717e+00  6.676233e-03 
 9.479115e+00  6.604695e-03 
 9.479513e+00  6.525529e-03 
 9.479910e+00  6.450256e-03 
 9.480308e+00  6.374989e-03 
 9.480706e+00  6.292825e-03 
 9.481104e+00  6.187002e-03 
 9.481501e+00  6.044993e-03 
 9.481899e+00  5.853986e-03 
 9.482297e+00  5.612494e-03 
 9.482694e+00  5.323631e-03 
 9.483092e+00  4.996869e-03 
 9.483490e+00  4.636304e-03 
 9.483887e+00  4.244084e-03 
 9.484285e+00  3.814062e-03 
 9.484683e+00  3.350774e-03 
 9.485080e+00  2.852278e-03 
 9.485478e+00  2.313273e-03 
 9.485876e+00  1.735474e-03 
 9.486274e+00  1.115291e-03 
 9.486671e+00  4.511870e-04 
 9.487069e+00 -2.520134e-04 
 9.487467e+00 -9.856554e-04 
 9.487864e+00 -1.740618e-03 
 9.488262e+00 -2.498760e-03 
 9.488660e+00 -3.245262e-03 
 9.489057e+00 -3.965950e-03 
 9.489455e+00 -4.655554e-03 
 9.489853e+00 -5.308128e-03 
 9.490251e+00 -5.921782e-03 
 9.490648e+00 -6.490703e-03 
 9.491046e+00 -6.999857e-03 
 9.491444e+00 -7.444181e-03 
 9.491841e+00 -7.815182e-03 
 9.492239e+00 -8.110286e-03 
 9.492637e+00 -8.330092e-03 
 9.493034e+00 -8.486733e-03 
 9.493432e+00 -8.593949e-03 
 9.493830e+00 -8.669852e-03 
 9.494227e+00 -8.731317e-03 
 9.494625e+00 -8.788317e-03 
 9.495023e+00 -8.848991e-03 
 9.495421e+00 -8.921229e-03 
 9.495818e+00 -9.009946e-03 
 9.496216e+00 -9.124958e-03 
 9.496614e+00 -9.275675e-03 
 9.497011e+00 -9.471570e-03 
 9.497409e+00 -9.722195e-03 
 9.497807e+00 -1.002944e-02 
 9.498204e+00 -1.037871e-02 
 9.498602e+00 -1.075545e-02 
 9.499000e+00 -1.114276e-02 
 9.499398e+00 -1.152711e-02 
 9.499795e+00 -1.190968e-02 
 9.500193e+00 -1.230562e-02 
 9.500591e+00 -1.273595e-02 
 9.500988e+00 -1.321029e-02 
 9.501386e+00 -1.373422e-02 
 9.501784e+00 -1.430333e-02 
 9.502181e+00 -1.490395e-02 
 9.502579e+00 -1.552441e-02 
 9.502977e+00 -1.616634e-02 
 9.503374e+00 -1.682991e-02 
 9.503772e+00 -1.751813e-02 
 9.504170e+00 -1.822963e-02 
 9.504568e+00 -1.896551e-02 
 9.504965e+00 -1.972025e-02 
 9.505363e+00 -2.048470e-02 
 9.505761e+00 -2.125150e-02 
 9.506158e+00 -2.201847e-02 
 9.506556e+00 -2.279217e-02 
 9.506954e+00 -2.357222e-02 
 9.507351e+00 -2.436048e-02 
 9.507749e+00 -2.515571e-02 
 9.508147e+00 -2.594345e-02 
 9.508545e+00 -2.671534e-02 
 9.508942e+00 -2.747476e-02 
 9.509340e+00 -2.822765e-02 
 9.509738e+00 -2.898108e-02 
 9.510135e+00 -2.974842e-02 
 9.510533e+00 -3.053490e-02 
 9.510931e+00 -3.133319e-02 
 9.511328e+00 -3.213851e-02 
 9.511726e+00 -3.294390e-02 
 9.512124e+00 -3.374934e-02 
 9.512521e+00 -3.455990e-02 
 9.512919e+00 -3.538160e-02 
 9.513317e+00 -3.622481e-02 
 9.513715e+00 -3.709608e-02 
 9.514112e+00 -3.799471e-02 
 9.514510e+00 -3.891394e-02 
 9.514908e+00 -3.984607e-02 
 9.515305e+00 -4.078652e-02 
 9.515703e+00 -4.173515e-02 
 9.516101e+00 -4.269275e-02 
 9.516498e+00 -4.365804e-02 
 9.516896e+00 -4.461774e-02 
 9.517294e+00 -4.554840e-02 
 9.517692e+00 -4.642938e-02 
 9.518089e+00 -4.724740e-02 
 9.518487e+00 -4.799112e-02 
 9.518885e+00 -4.866417e-02 
 9.519282e+00 -4.927328e-02 
 9.519680e+00 -4.982183e-02 
 9.520078e+00 -5.031267e-02 
 9.520475e+00 -5.073403e-02 
 9.520873e+00 -5.107413e-02 
 9.521271e+00 -5.133127e-02 
 9.521668e+00 -5.150845e-02 
 9.522066e+00 -5.162090e-02 
 9.522464e+00 -5.168483e-02 
 9.522862e+00 -5.171358e-02 
 9.523259e+00 -5.170333e-02 
 9.523657e+00 -5.164815e-02 
 9.524055e+00 -5.153713e-02 
 9.524452e+00 -5.135414e-02 
 9.524850e+00 -5.110828e-02 
 9.525248e+00 -5.081566e-02 
 9.525645e+00 -5.050072e-02 
 9.526043e+00 -5.018351e-02 
 9.526441e+00 -4.987772e-02 
 9.526839e+00 -4.958665e-02 
 9.527236e+00 -4.929861e-02 
 9.527634e+00 -4.900622e-02 
 9.528032e+00 -4.871118e-02 
 9.528429e+00 -4.841168e-02 
 9.528827e+00 -4.812963e-02 
 9.529225e+00 -4.788074e-02 
 9.529622e+00 -4.767486e-02 
 9.530020e+00 -4.752034e-02 
 9.530418e+00 -4.739657e-02 
 9.530815e+00 -4.729159e-02 
 9.531213e+00 -4.719770e-02 
 9.531611e+00 -4.711997e-02 
 9.532009e+00 -4.706180e-02 
 9.532406e+00 -4.703494e-02 
 9.532804e+00 -4.704581e-02 
 9.533202e+00 -4.708625e-02 
 9.533599e+00 -4.714369e-02 
 9.533997e+00 -4.720264e-02 
 9.534395e+00 -4.724679e-02 
 9.534792e+00 -4.726456e-02 
 9.535190e+00 -4.726266e-02 
 9.535588e+00 -4.724084e-02 
 9.535986e+00 -4.719065e-02 
 9.536383e+00 -4.710018e-02 
 9.536781e+00 -4.695284e-02 
 9.537179e+00 -4.673489e-02 
 9.537576e+00 -4.645087e-02 
 9.537974e+00 -4.610851e-02 
 9.538372e+00 -4.571939e-02 
 9.538769e+00 -4.529054e-02 
 9.539167e+00 -4.482538e-02 
 9.539565e+00 -4.431972e-02 
 9.539962e+00 -4.376754e-02 
 9.540360e+00 -4.317534e-02 
 9.540758e+00 -4.253965e-02 
 9.541156e+00 -4.188417e-02 
 9.541553e+00 -4.123083e-02 
 9.541951e+00 -4.058630e-02 
 9.542349e+00 -3.994291e-02 
 9.542746e+00 -3.928190e-02 
 9.543144e+00 -3.858008e-02 
 9.543542e+00 -3.782365e-02 
 9.543939e+00 -3.701856e-02 
 9.544337e+00 -3.617505e-02 
 9.544735e+00 -3.531229e-02 
 9.545133e+00 -3.445208e-02 
 9.545530e+00 -3.360223e-02 
 9.545928e+00 -3.275875e-02 
 9.546326e+00 -3.191175e-02 
 9.546723e+00 -3.104740e-02 
 9.547121e+00 -3.015310e-02 
 9.547519e+00 -2.923691e-02 
 9.547916e+00 -2.831047e-02 
 9.548314e+00 -2.738194e-02 
 9.548712e+00 -2.645399e-02 
 9.549109e+00 -2.551633e-02 
 9.549507e+00 -2.455981e-02 
 9.549905e+00 -2.357977e-02 
 9.550303e+00 -2.257394e-02 
 9.550700e+00 -2.154108e-02 
 9.551098e+00 -2.048442e-02 
 9.551496e+00 -1.941541e-02 
 9.551893e+00 -1.833311e-02 
 9.552291e+00 -1.723941e-02 
 9.552689e+00 -1.613703e-02 
 9.553086e+00 -1.501738e-02 
 9.553484e+00 -1.388169e-02 
 9.553882e+00 -1.273817e-02 
 9.554280e+00 -1.159445e-02 
 9.554677e+00 -1.045195e-02 
 9.555075e+00 -9.320864e-03 
 9.555473e+00 -8.203453e-03 
 9.555870e+00 -7.106980e-03 
 9.556268e+00 -6.038841e-03 
 9.556666e+00 -4.999211e-03 
 9.557063e+00 -3.994618e-03 
 9.557461e+00 -3.028318e-03 
 9.557859e+00 -2.109590e-03 
 9.558256e+00 -1.242493e-03 
 9.558654e+00 -4.330446e-04 
 9.559052e+00  3.095690e-04 
 9.559450e+00  9.836066e-04 
 9.559847e+00  1.575173e-03 
 9.560245e+00  2.077692e-03 
 9.560643e+00  2.488983e-03 
 9.561040e+00  2.806659e-03 
 9.561438e+00  3.028131e-03 
 9.561836e+00  3.159486e-03 
 9.562233e+00  3.215403e-03 
 9.562631e+00  3.213644e-03 
 9.563029e+00  3.176542e-03 
 9.563427e+00  3.114381e-03 
 9.563824e+00  3.032678e-03 
 9.564222e+00  2.932087e-03 
 9.564620e+00  2.814078e-03 
 9.565017e+00  2.677695e-03 
 9.565415e+00  2.531278e-03 
 9.565813e+00  2.391735e-03 
 9.566210e+00  2.263867e-03 
 9.566608e+00  2.164618e-03 
 9.567006e+00  2.111346e-03 
 9.567403e+00  2.104176e-03 
 9.567801e+00  2.143358e-03 
 9.568199e+00  2.232552e-03 
 9.568597e+00  2.373784e-03 
 9.568994e+00  2.569572e-03 
 9.569392e+00  2.817058e-03 
 9.569790e+00  3.108473e-03 
 9.570187e+00  3.423314e-03 
 9.570585e+00  3.739245e-03 
 9.570983e+00  4.041648e-03 
 9.571380e+00  4.323907e-03 
 9.571778e+00  4.593496e-03 
 9.572176e+00  4.858234e-03 
 9.572574e+00  5.128626e-03 
 9.572971e+00  5.403962e-03 
 9.573369e+00  5.680189e-03 
 9.573767e+00  5.938275e-03 
 9.574164e+00  6.176089e-03 
 9.574562e+00  6.392161e-03 
 9.574960e+00  6.584406e-03 
 9.575357e+00  6.776234e-03 
 9.575755e+00  6.977839e-03 
 9.576153e+00  7.196648e-03 
 9.576550e+00  7.435736e-03 
 9.576948e+00  7.681090e-03 
 9.577346e+00  7.910881e-03 
 9.577744e+00  8.110608e-03 
 9.578141e+00  8.274046e-03 
 9.578539e+00  8.402305e-03 
 9.578937e+00  8.499235e-03 
 9.579334e+00  8.571283e-03 
 9.579732e+00  8.614056e-03 
 9.580130e+00  8.622537e-03 
 9.580527e+00  8.588565e-03 
 9.580925e+00  8.506314e-03 
 9.581323e+00  8.377109e-03 
 9.581721e+00  8.216349e-03 
 9.582118e+00  8.037120e-03 
 9.582516e+00  7.854941e-03 
 9.582914e+00  7.683994e-03 
 9.583311e+00  7.514889e-03 
 9.583709e+00  7.337362e-03 
 9.584107e+00  7.138923e-03 
 9.584504e+00  6.914133e-03 
 9.584902e+00  6.665337e-03 
 9.585300e+00  6.399625e-03 
 9.585697e+00  6.134019e-03 
 9.586095e+00  5.866886e-03 
 9.586493e+00  5.611305e-03 
 9.586891e+00  5.366839e-03 
 9.587288e+00  5.124921e-03 
 9.587686e+00  4.884056e-03 
 9.588084e+00  4.637275e-03 
 9.588481e+00  4.372594e-03 
 9.588879e+00  4.076979e-03 
 9.589277e+00  3.735295e-03 
 9.589674e+00  3.324119e-03 
 9.590072e+00  2.827667e-03 
 9.590470e+00  2.242737e-03 
 9.590868e+00  1.577048e-03 
 9.591265e+00  8.411291e-04 
 9.591663e+00  4.952166e-05 
 9.592061e+00 -7.890679e-04 
 9.592458e+00 -1.672635e-03 
 9.592856e+00 -2.597703e-03 
 9.593254e+00 -3.564487e-03 
 9.593651e+00 -4.567816e-03 
 9.594049e+00 -5.588095e-03 
 9.594447e+00 -6.599479e-03 
 9.594844e+00 -7.574028e-03 
 9.595242e+00 -8.492495e-03 
 9.595640e+00 -9.337252e-03 
 9.596038e+00 -1.011634e-02 
 9.596435e+00 -1.083569e-02 
 9.596833e+00 -1.149038e-02 
 9.597231e+00 -1.208264e-02 
 9.597628e+00 -1.261143e-02 
 9.598026e+00 -1.307407e-02 
 9.598424e+00 -1.347520e-02 
 9.598821e+00 -1.382468e-02 
 9.599219e+00 -1.413821e-02 
 9.599617e+00 -1.444069e-02 
 9.600015e+00 -1.474073e-02 
 9.600412e+00 -1.503425e-02 
 9.600810e+00 -1.531550e-02 
 9.601208e+00 -1.556958e-02 
 9.601605e+00 -1.578932e-02 
 9.602003e+00 -1.597942e-02 
 9.602401e+00 -1.615232e-02 
 9.602798e+00 -1.631844e-02 
 9.603196e+00 -1.648736e-02 
 9.603594e+00 -1.667115e-02 
 9.603991e+00 -1.687160e-02 
 9.604389e+00 -1.707942e-02 
 9.604787e+00 -1.729367e-02 
 9.605185e+00 -1.750633e-02 
 9.605582e+00 -1.771965e-02 
 9.605980e+00 -1.794296e-02 
 9.606378e+00 -1.817535e-02 
 9.606775e+00 -1.842446e-02 
 9.607173e+00 -1.869337e-02 
 9.607571e+00 -1.899191e-02 
 9.607968e+00 -1.933101e-02 
 9.608366e+00 -1.973057e-02 
 9.608764e+00 -2.020269e-02 
 9.609162e+00 -2.075657e-02 
 9.609559e+00 -2.139831e-02 
 9.609957e+00 -2.212108e-02 
 9.610355e+00 -2.291587e-02 
 9.610752e+00 -2.376668e-02 
 9.611150e+00 -2.466166e-02 
 9.611548e+00 -2.559162e-02 
 9.611945e+00 -2.655116e-02 
 9.612343e+00 -2.754314e-02 
 9.612741e+00 -2.856227e-02 
 9.613138e+00 -2.959686e-02 
 9.613536e+00 -3.063592e-02 
 9.613934e+00 -3.166577e-02 
 9.614332e+00 -3.267576e-02 
 9.614729e+00 -3.365755e-02 
 9.615127e+00 -3.460944e-02 
 9.615525e+00 -3.553396e-02 
 9.615922e+00 -3.643511e-02 
 9.616320e+00 -3.731862e-02 
 9.616718e+00 -3.818820e-02 
 9.617115e+00 -3.904494e-02 
 9.617513e+00 -3.989833e-02 
 9.617911e+00 -4.074974e-02 
 9.618309e+00 -4.161129e-02 
 9.618706e+00 -4.249288e-02 
 9.619104e+00 -4.338807e-02 
 9.619502e+00 -4.428829e-02 
 9.619899e+00 -4.518682e-02 
 9.620297e+00 -4.606614e-02 
 9.620695e+00 -4.692001e-02 
 9.621092e+00 -4.775124e-02 
 9.621490e+00 -4.856940e-02 
 9.621888e+00 -4.938107e-02 
 9.622285e+00 -5.019517e-02 
 9.622683e+00 -5.101041e-02 
 9.623081e+00 -5.181935e-02 
 9.623479e+00 -5.260211e-02 
 9.623876e+00 -5.334430e-02 
 9.624274e+00 -5.403858e-02 
 9.624672e+00 -5.467718e-02 
 9.625069e+00 -5.526353e-02 
 9.625467e+00 -5.578869e-02 
 9.625865e+00 -5.625592e-02 
 9.626262e+00 -5.665595e-02 
 9.626660e+00 -5.697465e-02 
 9.627058e+00 -5.720449e-02 
 9.627456e+00 -5.733299e-02 
 9.627853e+00 -5.736037e-02 
 9.628251e+00 -5.729734e-02 
 9.628649e+00 -5.715294e-02 
 9.629046e+00 -5.694320e-02 
 9.629444e+00 -5.667298e-02 
 9.629842e+00 -5.634582e-02 
 9.630239e+00 -5.595150e-02 
 9.630637e+00 -5.548096e-02 
 9.631035e+00 -5.493157e-02 
 9.631432e+00 -5.430141e-02 
 9.631830e+00 -5.360110e-02 
 9.632228e+00 -5.284520e-02 
 9.632626e+00 -5.205162e-02 
 9.633023e+00 -5.122903e-02 
 9.633421e+00 -5.037986e-02 
 9.633819e+00 -4.950757e-02 
 9.634216e+00 -4.861000e-02 
 9.634614e+00 -4.769257e-02 
 9.635012e+00 -4.676703e-02 
 9.635409e+00 -4.584814e-02 
 9.635807e+00 -4.495078e-02 
 9.636205e+00 -4.408238e-02 
 9.636603e+00 -4.324924e-02 
 9.637000e+00 -4.245545e-02 
 9.637398e+00 -4.170592e-02 
 9.637796e+00 -4.099871e-02 
 9.638193e+00 -4.033788e-02 
 9.638591e+00 -3.972499e-02 
 9.638989e+00 -3.916189e-02 
 9.639386e+00 -3.864843e-02 
 9.639784e+00 -3.817809e-02 
 9.640182e+00 -3.774609e-02 
 9.640579e+00 -3.734714e-02 
 9.640977e+00 -3.697993e-02 
 9.641375e+00 -3.664093e-02 
 9.641773e+00 -3.632527e-02 
 9.642170e+00 -3.602534e-02 
 9.642568e+00 -3.572776e-02 
 9.642966e+00 -3.541888e-02 
 9.643363e+00 -3.509573e-02 
 9.643761e+00 -3.475586e-02 
 9.644159e+00 -3.440245e-02 
 9.644556e+00 -3.404527e-02 
 9.644954e+00 -3.368328e-02 
 9.645352e+00 -3.331466e-02 
 9.645750e+00 -3.293100e-02 
 9.646147e+00 -3.251480e-02 
 9.646545e+00 -3.205479e-02 
 9.646943e+00 -3.154355e-02 
 9.647340e+00 -3.098909e-02 
 9.647738e+00 -3.040935e-02 
 9.648136e+00 -2.981241e-02 
 9.648533e+00 -2.921663e-02 
 9.648931e+00 -2.862060e-02 
 9.649329e+00 -2.801303e-02 
 9.649726e+00 -2.738822e-02 
 9.650124e+00 -2.674058e-02 
 9.650522e+00 -2.607322e-02 
 9.650920e+00 -2.539096e-02 
 9.651317e+00 -2.470176e-02 
 9.651715e+00 -2.400894e-02 
 9.652113e+00 -2.331050e-02 
 9.652510e+00 -2.260018e-02 
 9.652908e+00 -2.187415e-02 
 9.653306e+00 -2.113721e-02 
 9.653703e+00 -2.039327e-02 
 9.654101e+00 -1.965565e-02 
 9.654499e+00 -1.893679e-02 
 9.654897e+00 -1.824247e-02 
 9.655294e+00 -1.756296e-02 
 9.655692e+00 -1.688683e-02 
 9.656090e+00 -1.620220e-02 
 9.656487e+00 -1.549941e-02 
 9.656885e+00 -1.477251e-02 
 9.657283e+00 -1.403377e-02 
 9.657680e+00 -1.329857e-02 
 9.658078e+00 -1.258001e-02 
 9.658476e+00 -1.188315e-02 
 9.658873e+00 -1.120242e-02 
 9.659271e+00 -1.052749e-02 
 9.659669e+00 -9.847682e-03 
 9.660067e+00 -9.150714e-03 
 9.660464e+00 -8.441132e-03 
 9.660862e+00 -7.724572e-03 
 9.661260e+00 -7.005697e-03 
 9.661657e+00 -6.290552e-03 
 9.662055e+00 -5.582073e-03 
 9.662453e+00 -4.884504e-03 
 9.662850e+00 -4.192700e-03 
 9.663248e+00 -3.514670e-03 
 9.663646e+00 -2.862621e-03 
 9.664044e+00 -2.248175e-03 
 9.664441e+00 -1.680427e-03 
 9.664839e+00 -1.156730e-03 
 9.665237e+00 -6.698477e-04 
 9.665634e+00 -2.161435e-04 
 9.666032e+00  2.088873e-04 
 9.666430e+00  5.930943e-04 
 9.666827e+00  9.198087e-04 
 9.667225e+00  1.170870e-03 
 9.667623e+00  1.333271e-03 
 9.668020e+00  1.400979e-03 
 9.668418e+00  1.370554e-03 
 9.668816e+00  1.250971e-03 
 9.669214e+00  1.054551e-03 
 9.669611e+00  7.915644e-04 
 9.670009e+00  4.735040e-04 
 9.670407e+00  1.148382e-04 
 9.670804e+00 -2.687371e-04 
 9.671202e+00 -6.611500e-04 
 9.671600e+00 -1.041793e-03 
 9.671997e+00 -1.400567e-03 
 9.672395e+00 -1.742097e-03 
 9.672793e+00 -2.066743e-03 
 9.673191e+00 -2.385570e-03 
 9.673588e+00 -2.700908e-03 
 9.673986e+00 -3.005037e-03 
 9.674384e+00 -3.284559e-03 
 9.674781e+00 -3.521557e-03 
 9.675179e+00 -3.700264e-03 
 9.675577e+00 -3.812059e-03 
 9.675974e+00 -3.856161e-03 
 9.676372e+00 -3.844415e-03 
 9.676770e+00 -3.793053e-03 
 9.677167e+00 -3.717041e-03 
 9.677565e+00 -3.620634e-03 
 9.677963e+00 -3.498334e-03 
 9.678361e+00 -3.340524e-03 
 9.678758e+00 -3.128696e-03 
 9.679156e+00 -2.855951e-03 
 9.679554e+00 -2.515990e-03 
 9.679951e+00 -2.111558e-03 
 9.680349e+00 -1.647857e-03 
 9.680747e+00 -1.137439e-03 
 9.681144e+00 -5.892443e-04 
 9.681542e+00 -9.035228e-06 
 9.681940e+00  5.953875e-04 
 9.682338e+00  1.217779e-03 
 9.682735e+00  1.852900e-03 
 9.683133e+00  2.483600e-03 
 9.683531e+00  3.104442e-03 
 9.683928e+00  3.709287e-03 
 9.684326e+00  4.287423e-03 
 9.684724e+00  4.833995e-03 
 9.685121e+00  5.342482e-03 
 9.685519e+00  5.815246e-03 
 9.685917e+00  6.247549e-03 
 9.686314e+00  6.637801e-03 
 9.686712e+00  6.985383e-03 
 9.687110e+00  7.283127e-03 
 9.687508e+00  7.531725e-03 
 9.687905e+00  7.733941e-03 
 9.688303e+00  7.894760e-03 
 9.688701e+00  8.019822e-03 
 9.689098e+00  8.113541e-03 
 9.689496e+00  8.184714e-03 
 9.689894e+00  8.245751e-03 
 9.690291e+00  8.304465e-03 
 9.690689e+00  8.364666e-03 
 9.691087e+00  8.425222e-03 
 9.691485e+00  8.484257e-03 
 9.691882e+00  8.530076e-03 
 9.692280e+00  8.562252e-03 
 9.692678e+00  8.572685e-03 
 9.693075e+00  8.550861e-03 
 9.693473e+00  8.492033e-03 
 9.693871e+00  8.398423e-03 
 9.694268e+00  8.271760e-03 
 9.694666e+00  8.106544e-03 
 9.695064e+00  7.896142e-03 
 9.695461e+00  7.625497e-03 
 9.695859e+00  7.276259e-03 
 9.696257e+00  6.839713e-03 
 9.696655e+00  6.312126e-03 
 9.697052e+00  5.694514e-03 
 9.697450e+00  4.996328e-03 
 9.697848e+00  4.237245e-03 
 9.698245e+00  3.430165e-03 
 9.698643e+00  2.579537e-03 
 9.699041e+00  1.685255e-03 
 9.699438e+00  7.437719e-04 
 9.699836e+00 -2.486656e-04 
 9.700234e+00 -1.289908e-03 
 9.700632e+00 -2.367209e-03 
 9.701029e+00 -3.470234e-03 
 9.701427e+00 -4.591966e-03 
 9.701825e+00 -5.733699e-03 
 9.702222e+00 -6.897556e-03 
 9.702620e+00 -8.086254e-03 
 9.703018e+00 -9.301563e-03 
 9.703415e+00 -1.053721e-02 
 9.703813e+00 -1.177596e-02 
 9.704211e+00 -1.299893e-02 
 9.704608e+00 -1.419537e-02 
 9.705006e+00 -1.535957e-02 
 9.705404e+00 -1.649446e-02 
 9.705802e+00 -1.761166e-02 
 9.706199e+00 -1.871308e-02 
 9.706597e+00 -1.979287e-02 
 9.706995e+00 -2.084021e-02 
 9.707392e+00 -2.183830e-02 
 9.707790e+00 -2.277320e-02 
 9.708188e+00 -2.364049e-02 
 9.708585e+00 -2.444230e-02 
 9.708983e+00 -2.518789e-02 
 9.709381e+00 -2.588883e-02 
 9.709779e+00 -2.655338e-02 
 9.710176e+00 -2.718158e-02 
 9.710574e+00 -2.776981e-02 
 9.710972e+00 -2.831518e-02 
 9.711369e+00 -2.881921e-02 
 9.711767e+00 -2.929412e-02 
 9.712165e+00 -2.975595e-02 
 9.712562e+00 -3.021747e-02 
 9.712960e+00 -3.068865e-02 
 9.713358e+00 -3.117884e-02 
 9.713755e+00 -3.169140e-02 
 9.714153e+00 -3.222917e-02 
 9.714551e+00 -3.279308e-02 
 9.714949e+00 -3.338445e-02 
 9.715346e+00 -3.400489e-02 
 9.715744e+00 -3.465370e-02 
 9.716142e+00 -3.532647e-02 
 9.716539e+00 -3.601430e-02 
 9.716937e+00 -3.670462e-02 
 9.717335e+00 -3.738866e-02 
 9.717732e+00 -3.806436e-02 
 9.718130e+00 -3.873354e-02 
 9.718528e+00 -3.939630e-02 
 9.718926e+00 -4.004834e-02 
 9.719323e+00 -4.068581e-02 
 9.719721e+00 -4.130503e-02 
 9.720119e+00 -4.190403e-02 
 9.720516e+00 -4.248443e-02 
 9.720914e+00 -4.305274e-02 
 9.721312e+00 -4.361287e-02 
 9.721709e+00 -4.416124e-02 
 9.722107e+00 -4.469762e-02 
 9.722505e+00 -4.520907e-02 
 9.722902e+00 -4.568142e-02 
 9.723300e+00 -4.610386e-02 
 9.723698e+00 -4.647623e-02 
 9.724096e+00 -4.679918e-02 
 9.724493e+00 -4.708538e-02 
 9.724891e+00 -4.734494e-02 
 9.725289e+00 -4.757860e-02 
 9.725686e+00 -4.777899e-02 
 9.726084e+00 -4.793210e-02 
 9.726482e+00 -4.802763e-02 
 9.726879e+00 -4.806786e-02 
 9.727277e+00 -4.806122e-02 
 9.727675e+00 -4.802227e-02 
 9.728073e+00 -4.797489e-02 
 9.728470e+00 -4.793760e-02 
 9.728868e+00 -4.791009e-02 
 9.729266e+00 -4.789188e-02 
 9.729663e+00 -4.787103e-02 
 9.730061e+00 -4.783786e-02 
 9.730459e+00 -4.779047e-02 
 9.730856e+00 -4.773366e-02 
 9.731254e+00 -4.767091e-02 
 9.731652e+00 -4.760448e-02 
 9.732049e+00 -4.753169e-02 
 9.732447e+00 -4.744729e-02 
 9.732845e+00 -4.735031e-02 
 9.733243e+00 -4.723282e-02 
 9.733640e+00 -4.709423e-02 
 9.734038e+00 -4.693214e-02 
 9.734436e+00 -4.674670e-02 
 9.734833e+00 -4.653109e-02 
 9.735231e+00 -4.627779e-02 
 9.735629e+00 -4.597453e-02 
 9.736026e+00 -4.561637e-02 
 9.736424e+00 -4.520147e-02 
 9.736822e+00 -4.473200e-02 
 9.737220e+00 -4.420778e-02 
 9.737617e+00 -4.363007e-02 
 9.738015e+00 -4.300020e-02 
 9.738413e+00 -4.231873e-02 
 9.738810e+00 -4.158844e-02 
 9.739208e+00 -4.081512e-02 
 9.739606e+00 -4.000481e-02 
 9.740003e+00 -3.916615e-02 
 9.740401e+00 -3.830742e-02 
 9.740799e+00 -3.743206e-02 
 9.741196e+00 -3.654463e-02 
 9.741594e+00 -3.563610e-02 
 9.741992e+00 -3.470203e-02 
 9.742390e+00 -3.374835e-02 
 9.742787e+00 -3.278605e-02 
 9.743185e+00 -3.183621e-02 
 9.743583e+00 -3.091476e-02 
 9.743980e+00 -3.003266e-02 
 9.744378e+00 -2.919796e-02 
 9.744776e+00 -2.840997e-02 
 9.745173e+00 -2.766843e-02 
 9.745571e+00 -2.696388e-02 
 9.745969e+00 -2.630270e-02 
 9.746367e+00 -2.569062e-02 
 9.746764e+00 -2.514322e-02 
 9.747162e+00 -2.466980e-02 
 9.747560e+00 -2.426797e-02 
 9.747957e+00 -2.393318e-02 
 9.748355e+00 -2.365371e-02 
 9.748753e+00 -2.342171e-02 
 9.749150e+00 -2.323386e-02 
 9.749548e+00 -2.309458e-02 
 9.749946e+00 -2.299178e-02 
 9.750343e+00 -2.292505e-02 
 9.750741e+00 -2.288997e-02 
 9.751139e+00 -2.288236e-02 
 9.751537e+00 -2.289621e-02 
 9.751934e+00 -2.293166e-02 
 9.752332e+00 -2.298894e-02 
 9.752730e+00 -2.306210e-02 
 9.753127e+00 -2.315095e-02 
 9.753525e+00 -2.324808e-02 
 9.753923e+00 -2.333487e-02 
 9.754320e+00 -2.339506e-02 
 9.754718e+00 -2.341594e-02 
 9.755116e+00 -2.339072e-02 
 9.755514e+00 -2.331835e-02 
 9.755911e+00 -2.319818e-02 
 9.756309e+00 -2.304050e-02 
 9.756707e+00 -2.285263e-02 
 9.757104e+00 -2.263966e-02 
 9.757502e+00 -2.240521e-02 
 9.757900e+00 -2.215696e-02 
 9.758297e+00 -2.189264e-02 
 9.758695e+00 -2.161205e-02 
 9.759093e+00 -2.132164e-02 
 9.759490e+00 -2.102083e-02 
 9.759888e+00 -2.071528e-02 
 9.760286e+00 -2.040707e-02 
 9.760684e+00 -2.010472e-02 
 9.761081e+00 -1.980999e-02 
 9.761479e+00 -1.952540e-02 
 9.761877e+00 -1.925214e-02 
 9.762274e+00 -1.898410e-02 
 9.762672e+00 -1.871026e-02 
 9.763070e+00 -1.841432e-02 
 9.763467e+00 -1.808936e-02 
 9.763865e+00 -1.772429e-02 
 9.764263e+00 -1.732379e-02 
 9.764661e+00 -1.689990e-02 
 9.765058e+00 -1.646193e-02 
 9.765456e+00 -1.601574e-02 
 9.765854e+00 -1.556169e-02 
 9.766251e+00 -1.508898e-02 
 9.766649e+00 -1.457850e-02 
 9.767047e+00 -1.401005e-02 
 9.767444e+00 -1.336492e-02 
 9.767842e+00 -1.263716e-02 
 9.768240e+00 -1.183569e-02 
 9.768637e+00 -1.097142e-02 
 9.769035e+00 -1.006075e-02 
 9.769433e+00 -9.113644e-03 
 9.769831e+00 -8.141106e-03 
 9.770228e+00 -7.149755e-03 
 9.770626e+00 -6.147309e-03 
 9.771024e+00 -5.146210e-03 
 9.771421e+00 -4.155027e-03 
 9.771819e+00 -3.186251e-03 
 9.772217e+00 -2.246962e-03 
 9.772614e+00 -1.342925e-03 
 9.773012e+00 -4.742331e-04 
 9.773410e+00  3.659436e-04 
 9.773808e+00  1.189327e-03 
 9.774205e+00  1.996929e-03 
 9.774603e+00  2.782693e-03 
 9.775001e+00  3.538245e-03 
 9.775398e+00  4.256827e-03 
 9.775796e+00  4.927816e-03 
 9.776194e+00  5.545824e-03 
 9.776591e+00  6.108064e-03 
 9.776989e+00  6.615558e-03 
 9.777387e+00  7.071189e-03 
 9.777784e+00  7.481938e-03 
 9.778182e+00  7.850819e-03 
 9.778580e+00  8.172024e-03 
 9.778978e+00  8.438277e-03 
 9.779375e+00  8.640406e-03 
 9.779773e+00  8.770083e-03 
 9.780171e+00  8.825016e-03 
 9.780568e+00  8.806289e-03 
 9.780966e+00  8.717467e-03 
 9.781364e+00  8.574765e-03 
 9.781761e+00  8.392843e-03 
 9.782159e+00  8.190403e-03 
 9.782557e+00  7.980395e-03 
 9.782955e+00  7.773309e-03 
 9.783352e+00  7.576216e-03 
 9.783750e+00  7.395919e-03 
 9.784148e+00  7.235955e-03 
 9.784545e+00  7.092293e-03 
 9.784943e+00  6.967903e-03 
 9.785341e+00  6.870613e-03 
 9.785738e+00  6.809194e-03 
 9.786136e+00  6.798875e-03 
 9.786534e+00  6.851203e-03 
 9.786931e+00  6.974287e-03 
 9.787329e+00  7.173072e-03 
 9.787727e+00  7.445051e-03 
 9.788125e+00  7.779422e-03 
 9.788522e+00  8.155369e-03 
 9.788920e+00  8.547770e-03 
 9.789318e+00  8.929034e-03 
 9.789715e+00  9.281516e-03 
 9.790113e+00  9.586120e-03 
 9.790511e+00  9.831859e-03 
 9.790908e+00  1.001122e-02 
 9.791306e+00  1.012606e-02 
 9.791704e+00  1.018241e-02 
 9.792102e+00  1.019068e-02 
 9.792499e+00  1.016138e-02 
 9.792897e+00  1.010002e-02 
 9.793295e+00  1.001303e-02 
 9.793692e+00  9.902569e-03 
 9.794090e+00  9.771867e-03 
 9.794488e+00  9.614643e-03 
 9.794885e+00  9.418411e-03 
 9.795283e+00  9.181391e-03 
 9.795681e+00  8.911195e-03 
 9.796078e+00  8.613127e-03 
 9.796476e+00  8.300091e-03 
 9.796874e+00  7.971911e-03 
 9.797272e+00  7.616159e-03 
 9.797669e+00  7.216772e-03 
 9.798067e+00  6.762044e-03 
 9.798465e+00  6.240595e-03 
 9.798862e+00  5.649433e-03 
 9.799260e+00  4.994157e-03 
 9.799658e+00  4.285516e-03 
 9.800055e+00  3.537593e-03 
 9.800453e+00  2.758456e-03 
 9.800851e+00  1.944393e-03 
 9.801249e+00  1.088907e-03 
 9.801646e+00  1.929973e-04 
 9.802044e+00 -7.401518e-04 
 9.802442e+00 -1.700547e-03 
 9.802839e+00 -2.677431e-03 
 9.803237e+00 -3.675207e-03 
 9.803635e+00 -4.702412e-03 
 9.804032e+00 -5.767723e-03 
 9.804430e+00 -6.881114e-03 
 9.804828e+00 -8.045941e-03 
 9.805225e+00 -9.253937e-03 
 9.805623e+00 -1.049335e-02 
 9.806021e+00 -1.174990e-02 
 9.806419e+00 -1.301152e-02 
 9.806816e+00 -1.427564e-02 
 9.807214e+00 -1.554851e-02 
 9.807612e+00 -1.684332e-02 
 9.808009e+00 -1.816668e-02 
 9.808407e+00 -1.952417e-02 
 9.808805e+00 -2.091441e-02 
 9.809202e+00 -2.234131e-02 
 9.809600e+00 -2.380593e-02 
 9.809998e+00 -2.530060e-02 
 9.810396e+00 -2.681826e-02 
 9.810793e+00 -2.834604e-02 
 9.811191e+00 -2.986574e-02 
 9.811589e+00 -3.135398e-02 
 9.811986e+00 -3.278740e-02 
 9.812384e+00 -3.414845e-02 
 9.812782e+00 -3.542963e-02 
 9.813179e+00 -3.662863e-02 
 9.813577e+00 -3.775170e-02 
 9.813975e+00 -3.879742e-02 
 9.814372e+00 -3.975051e-02 
 9.814770e+00 -4.059504e-02 
 9.815168e+00 -4.131850e-02 
 9.815566e+00 -4.191762e-02 
 9.815963e+00 -4.239671e-02 
 9.816361e+00 -4.277080e-02 
 9.816759e+00 -4.305817e-02 
 9.817156e+00 -4.327821e-02 
 9.817554e+00 -4.343168e-02 
 9.817952e+00 -4.351288e-02 
 9.818349e+00 -4.351509e-02 
 9.818747e+00 -4.343371e-02 
 9.819145e+00 -4.327139e-02 
 9.819543e+00 -4.304556e-02 
 9.819940e+00 -4.278011e-02 
 9.820338e+00 -4.248967e-02 
 9.820736e+00 -4.218460e-02 
 9.821133e+00 -4.186718e-02 
 9.821531e+00 -4.153568e-02 
 9.821929e+00 -4.118966e-02 
 9.822326e+00 -4.084056e-02 
 9.822724e+00 -4.050041e-02 
 9.823122e+00 -4.018003e-02 
 9.823519e+00 -3.988979e-02 
 9.823917e+00 -3.963235e-02 
 9.824315e+00 -3.940328e-02 
 9.824713e+00 -3.919717e-02 
 9.825110e+00 -3.900797e-02 
 9.825508e+00 -3.884257e-02 
 9.825906e+00 -3.871081e-02 
 9.826303e+00 -3.862017e-02 
 9.826701e+00 -3.857015e-02 
 9.827099e+00 -3.855714e-02 
 9.827496e+00 -3.856490e-02 
 9.827894e+00 -3.858677e-02 
 9.828292e+00 -3.862348e-02 
 9.828690e+00 -3.867819e-02 
 9.829087e+00 -3.875562e-02 
 9.829485e+00 -3.885948e-02 
 9.829883e+00 -3.898517e-02 
 9.830280e+00 -3.912383e-02 
 9.830678e+00 -3.926295e-02 
 9.831076e+00 -3.939275e-02 
 9.831473e+00 -3.950232e-02 
 9.831871e+00 -3.959203e-02 
 9.832269e+00 -3.966413e-02 
 9.832666e+00 -3.972203e-02 
 9.833064e+00 -3.976130e-02 
 9.833462e+00 -3.977570e-02 
 9.833860e+00 -3.975822e-02 
 9.834257e+00 -3.971689e-02 
 9.834655e+00 -3.966641e-02 
 9.835053e+00 -3.962123e-02 
 9.835450e+00 -3.959444e-02 
 9.835848e+00 -3.959087e-02 
 9.836246e+00 -3.960186e-02 
 9.836643e+00 -3.961254e-02 
 9.837041e+00 -3.960517e-02 
 9.837439e+00 -3.957365e-02 
 9.837837e+00 -3.951713e-02 
 9.838234e+00 -3.944944e-02 
 9.838632e+00 -3.938886e-02 
 9.839030e+00 -3.934643e-02 
 9.839427e+00 -3.932297e-02 
 9.839825e+00 -3.931162e-02 
 9.840223e+00 -3.930180e-02 
 9.840620e+00 -3.929090e-02 
 9.841018e+00 -3.927882e-02 
 9.841416e+00 -3.926762e-02 
 9.841813e+00 -3.925991e-02 
 9.842211e+00 -3.925276e-02 
 9.842609e+00 -3.923266e-02 
 9.843007e+00 -3.918582e-02 
 9.843404e+00 -3.909353e-02 
 9.843802e+00 -3.894264e-02 
 9.844200e+00 -3.872951e-02 
 9.844597e+00 -3.845981e-02 
 9.844995e+00 -3.814655e-02 
 9.845393e+00 -3.779561e-02 
 9.845790e+00 -3.740715e-02 
 9.846188e+00 -3.697167e-02 
 9.846586e+00 -3.647794e-02 
 9.846984e+00 -3.592229e-02 
 9.847381e+00 -3.530391e-02 
 9.847779e+00 -3.462835e-02 
 9.848177e+00 -3.390611e-02 
 9.848574e+00 -3.315087e-02 
 9.848972e+00 -3.238256e-02 
 9.849370e+00 -3.161735e-02 
 9.849767e+00 -3.086371e-02 
 9.850165e+00 -3.012372e-02 
 9.850563e+00 -2.939492e-02 
 9.850960e+00 -2.867542e-02 
 9.851358e+00 -2.796130e-02 
 9.851756e+00 -2.725315e-02 
 9.852154e+00 -2.655030e-02 
 9.852551e+00 -2.585963e-02 
 9.852949e+00 -2.519192e-02 
 9.853347e+00 -2.456200e-02 
 9.853744e+00 -2.398856e-02 
 9.854142e+00 -2.348109e-02 
 9.854540e+00 -2.304439e-02 
 9.854937e+00 -2.268237e-02 
 9.855335e+00 -2.239256e-02 
 9.855733e+00 -2.216873e-02 
 9.856131e+00 -2.199745e-02 
 9.856528e+00 -2.186729e-02 
 9.856926e+00 -2.176747e-02 
 9.857324e+00 -2.169007e-02 
 9.857721e+00 -2.163350e-02 
 9.858119e+00 -2.159938e-02 
 9.858517e+00 -2.158751e-02 
 9.858914e+00 -2.160003e-02 
 9.859312e+00 -2.163946e-02 
 9.859710e+00 -2.170444e-02 
 9.860107e+00 -2.178225e-02 
 9.860505e+00 -2.185750e-02 
 9.860903e+00 -2.191225e-02 
 9.861301e+00 -2.192554e-02 
 9.861698e+00 -2.188126e-02 
 9.862096e+00 -2.176952e-02 
 9.862494e+00 -2.158178e-02 
 9.862891e+00 -2.130926e-02 
 9.863289e+00 -2.095212e-02 
 9.863687e+00 -2.051247e-02 
 9.864084e+00 -1.999868e-02 
 9.864482e+00 -1.941700e-02 
 9.864880e+00 -1.877819e-02 
 9.865278e+00 -1.809483e-02 
 9.865675e+00 -1.737235e-02 
 9.866073e+00 -1.661680e-02 
 9.866471e+00 -1.582634e-02 
 9.866868e+00 -1.499995e-02 
 9.867266e+00 -1.414306e-02 
 9.867664e+00 -1.326575e-02 
 9.868061e+00 -1.238064e-02 
 9.868459e+00 -1.149512e-02 
 9.868857e+00 -1.061252e-02 
 9.869254e+00 -9.731604e-03 
 9.869652e+00 -8.845847e-03 
 9.870050e+00 -7.945817e-03 
 9.870448e+00 -7.022565e-03 
 9.870845e+00 -6.068578e-03 
 9.871243e+00 -5.080704e-03 
 9.871641e+00 -4.062884e-03 
 9.872038e+00 -3.019875e-03 
 9.872436e+00 -1.957868e-03 
 9.872834e+00 -8.782167e-04 
 9.873231e+00  2.173532e-04 
 9.873629e+00  1.315774e-03 
 9.874027e+00  2.405651e-03 
 9.874425e+00  3.478443e-03 
 9.874822e+00  4.528090e-03 
 9.875220e+00  5.553827e-03 
 9.875618e+00  6.561314e-03 
 9.876015e+00  7.556953e-03 
 9.876413e+00  8.549443e-03 
 9.876811e+00  9.548952e-03 
 9.877208e+00  1.055082e-02 
 9.877606e+00  1.154413e-02 
 9.878004e+00  1.251073e-02 
 9.878401e+00  1.342859e-02 
 9.878799e+00  1.428917e-02 
 9.879197e+00  1.508958e-02 
 9.879595e+00  1.583562e-02 
 9.879992e+00  1.653368e-02 
 9.880390e+00  1.719236e-02 
 9.880788e+00  1.781807e-02 
 9.881185e+00  1.841448e-02 
 9.881583e+00  1.897778e-02 
 9.881981e+00  1.949696e-02 
 9.882378e+00  1.996806e-02 
 9.882776e+00  2.038065e-02 
 9.883174e+00  2.072506e-02 
 9.883572e+00  2.099194e-02 
 9.883969e+00  2.116916e-02 
 9.884367e+00  2.123657e-02 
 9.884765e+00  2.118815e-02 
 9.885162e+00  2.102022e-02 
 9.885560e+00  2.073489e-02 
 9.885958e+00  2.033495e-02 
 9.886355e+00  1.981368e-02 
 9.886753e+00  1.917340e-02 
 9.887151e+00  1.841038e-02 
 9.887548e+00  1.753233e-02 
 9.887946e+00  1.655268e-02 
 9.888344e+00  1.549528e-02 
 9.888742e+00  1.438456e-02 
 9.889139e+00  1.324810e-02 
 9.889537e+00  1.211600e-02 
 9.889935e+00  1.100489e-02 
 9.890332e+00  9.922350e-03 
 9.890730e+00  8.878283e-03 
 9.891128e+00  7.874494e-03 
 9.891525e+00  6.916402e-03 
 9.891923e+00  6.010865e-03 
 9.892321e+00  5.155958e-03 
 9.892719e+00  4.345854e-03 
 9.893116e+00  3.567683e-03 
 9.893514e+00  2.816511e-03 
 9.893912e+00  2.083652e-03 
 9.894309e+00  1.366876e-03 
 9.894707e+00  6.654433e-04 
 9.895105e+00 -1.182468e-05 
 9.895502e+00 -6.548079e-04 
 9.895900e+00 -1.257923e-03 
 9.896298e+00 -1.819229e-03 
 9.896695e+00 -2.350466e-03 
 9.897093e+00 -2.859567e-03 
 9.897491e+00 -3.355606e-03 
 9.897889e+00 -3.837192e-03 
 9.898286e+00 -4.307003e-03 
 9.898684e+00 -4.767777e-03 
 9.899082e+00 -5.215304e-03 
 9.899479e+00 -5.645901e-03 
 9.899877e+00 -6.057909e-03 
 9.900275e+00 -6.452205e-03 
 9.900672e+00 -6.836725e-03 
 9.901070e+00 -7.219388e-03 
 9.901468e+00 -7.611011e-03 
 9.901866e+00 -8.012697e-03 
 9.902263e+00 -8.428218e-03 
 9.902661e+00 -8.866622e-03 
 9.903059e+00 -9.331787e-03 
 9.903456e+00 -9.826049e-03 
 9.903854e+00 -1.035356e-02 
 9.904252e+00 -1.091956e-02 
 9.904649e+00 -1.152943e-02 
 9.905047e+00 -1.218463e-02 
 9.905445e+00 -1.288885e-02 
 9.905842e+00 -1.363358e-02 
 9.906240e+00 -1.441045e-02 
 9.906638e+00 -1.521316e-02 
 9.907036e+00 -1.603333e-02 
 9.907433e+00 -1.686275e-02 
 9.907831e+00 -1.769271e-02 
 9.908229e+00 -1.851405e-02 
 9.908626e+00 -1.931722e-02 
 9.909024e+00 -2.009039e-02 
 9.909422e+00 -2.082375e-02 
 9.909819e+00 -2.152371e-02 
 9.910217e+00 -2.219618e-02 
 9.910615e+00 -2.284691e-02 
 9.911013e+00 -2.349240e-02 
 9.911410e+00 -2.414849e-02 
 9.911808e+00 -2.482432e-02 
 9.912206e+00 -2.551843e-02 
 9.912603e+00 -2.622656e-02 
 9.913001e+00 -2.694357e-02 
 9.913399e+00 -2.766745e-02 
 9.913796e+00 -2.840219e-02 
 9.914194e+00 -2.915669e-02 
 9.914592e+00 -2.993599e-02 
 9.914989e+00 -3.074491e-02 
 9.915387e+00 -3.158596e-02 
 9.915785e+00 -3.245449e-02 
 9.916183e+00 -3.334530e-02 
 9.916580e+00 -3.425114e-02 
 9.916978e+00 -3.516443e-02 
 9.917376e+00 -3.606962e-02 
 9.917773e+00 -3.695663e-02 
 9.918171e+00 -3.781276e-02 
 9.918569e+00 -3.863281e-02 
 9.918966e+00 -3.941274e-02 
 9.919364e+00 -4.015467e-02 
 9.919762e+00 -4.086007e-02 
 9.920160e+00 -4.153238e-02 
 9.920557e+00 -4.215841e-02 
 9.920955e+00 -4.272245e-02 
 9.921353e+00 -4.321083e-02 
 9.921750e+00 -4.360731e-02 
 9.922148e+00 -4.390589e-02 
 9.922546e+00 -4.411198e-02 
 9.922943e+00 -4.423624e-02 
 9.923341e+00 -4.429307e-02 
 9.923739e+00 -4.429421e-02 
 9.924136e+00 -4.424860e-02 
 9.924534e+00 -4.415058e-02 
 9.924932e+00 -4.399988e-02 
 9.925330e+00 -4.379671e-02 
 9.925727e+00 -4.354137e-02 
 9.926125e+00 -4.324625e-02 
 9.926523e+00 -4.291795e-02 
 9.926920e+00 -4.255945e-02 
 9.927318e+00 -4.216253e-02 
 9.927716e+00 -4.172924e-02 
 9.928113e+00 -4.125405e-02 
 9.928511e+00 -4.074393e-02 
 9.928909e+00 -4.021060e-02 
 9.929307e+00 -3.966582e-02 
 9.929704e+00 -3.912976e-02 
 9.930102e+00 -3.862627e-02 
 9.930500e+00 -3.815828e-02 
 9.930897e+00 -3.772237e-02 
 9.931295e+00 -3.731496e-02 
 9.931693e+00 -3.692440e-02 
 9.932090e+00 -3.655505e-02 
 9.932488e+00 -3.622538e-02 
 9.932886e+00 -3.595619e-02 
 9.933283e+00 -3.575704e-02 
 9.933681e+00 -3.563994e-02 
 9.934079e+00 -3.560073e-02 
 9.934477e+00 -3.563208e-02 
 9.934874e+00 -3.572454e-02 
 9.935272e+00 -3.587112e-02 
 9.935670e+00 -3.606278e-02 
 9.936067e+00 -3.629652e-02 
 9.936465e+00 -3.657350e-02 
 9.936863e+00 -3.687599e-02 
 9.937260e+00 -3.719077e-02 
 9.937658e+00 -3.749688e-02 
 9.938056e+00 -3.778142e-02 
 9.938454e+00 -3.804966e-02 
 9.938851e+00 -3.831301e-02 
 9.939249e+00 -3.858011e-02 
 9.939647e+00 -3.884783e-02 
 9.940044e+00 -3.911138e-02 
 9.940442e+00 -3.935056e-02 
 9.940840e+00 -3.954376e-02 
 9.941237e+00 -3.967977e-02 
 9.941635e+00 -3.975634e-02 
 9.942033e+00 -3.978436e-02 
 9.942430e+00 -3.979026e-02 
 9.942828e+00 -3.979694e-02 
 9.943226e+00 -3.980892e-02 
 9.943624e+00 -3.982556e-02 
 9.944021e+00 -3.984126e-02 
 9.944419e+00 -3.984435e-02 
 9.944817e+00 -3.984486e-02 
 9.945214e+00 -3.984595e-02 
 9.945612e+00 -3.985066e-02 
 9.946010e+00 -3.985888e-02 
 9.946407e+00 -3.986816e-02 
 9.946805e+00 -3.986361e-02 
 9.947203e+00 -3.983174e-02 
 9.947601e+00 -3.976982e-02 
 9.947998e+00 -3.967702e-02 
 9.948396e+00 -3.956233e-02 
 9.948794e+00 -3.943879e-02 
 9.949191e+00 -3.930350e-02 
 9.949589e+00 -3.913981e-02 
 9.949987e+00 -3.892878e-02 
 9.950384e+00 -3.864138e-02 
 9.950782e+00 -3.826568e-02 
 9.951180e+00 -3.780460e-02 
 9.951577e+00 -3.727097e-02 
 9.951975e+00 -3.667916e-02 
 9.952373e+00 -3.604488e-02 
 9.952771e+00 -3.537344e-02 
 9.953168e+00 -3.465596e-02 
 9.953566e+00 -3.388674e-02 
 9.953964e+00 -3.306042e-02 
 9.954361e+00 -3.217626e-02 
 9.954759e+00 -3.124719e-02 
 9.955157e+00 -3.028412e-02 
 9.955554e+00 -2.928306e-02 
 9.955952e+00 -2.824473e-02 
 9.956350e+00 -2.716242e-02 
 9.956748e+00 -2.602731e-02 
 9.957145e+00 -2.484558e-02 
 9.957543e+00 -2.362809e-02 
 9.957941e+00 -2.238797e-02 
 9.958338e+00 -2.113283e-02 
 9.958736e+00 -1.987462e-02 
 9.959134e+00 -1.861515e-02 
 9.959531e+00 -1.735030e-02 
 9.959929e+00 -1.607874e-02 
 9.960327e+00 -1.480653e-02 
 9.960724e+00 -1.354620e-02 
 9.961122e+00 -1.232493e-02 
 9.961520e+00 -1.116390e-02 
 9.961918e+00 -1.007596e-02 
 9.962315e+00 -9.074206e-03 
 9.962713e+00 -8.170777e-03 
 9.963111e+00 -7.367048e-03 
 9.963508e+00 -6.664546e-03 
 9.963906e+00 -6.063676e-03 
 9.964304e+00 -5.549392e-03 
 9.964701e+00 -5.108810e-03 
 9.965099e+00 -4.729510e-03 
 9.965497e+00 -4.395640e-03 
 9.965895e+00 -4.092868e-03 
 9.966292e+00 -3.813353e-03 
 9.966690e+00 -3.551469e-03 
 9.967088e+00 -3.307928e-03 
 9.967485e+00 -3.082910e-03 
 9.967883e+00 -2.864083e-03 
 9.968281e+00 -2.639681e-03 
 9.968678e+00 -2.395573e-03 
 9.969076e+00 -2.119060e-03 
 9.969474e+00 -1.798644e-03 
 9.969871e+00 -1.438651e-03 
 9.970269e+00 -1.041729e-03 
 9.970667e+00 -6.122998e-04 
 9.971065e+00 -1.702551e-04 
 9.971462e+00  2.670712e-04 
 9.971860e+00  6.938815e-04 
 9.972258e+00  1.110214e-03 
 9.972655e+00  1.523145e-03 
 9.973053e+00  1.946506e-03 
 9.973451e+00  2.388163e-03 
 9.973848e+00  2.849587e-03 
 9.974246e+00  3.332759e-03 
 9.974644e+00  3.835691e-03 
 9.975042e+00  4.348089e-03 
 9.975439e+00  4.867666e-03 
 9.975837e+00  5.389709e-03 
 9.976235e+00  5.917686e-03 
 9.976632e+00  6.458894e-03 
 9.977030e+00  7.017630e-03 
 9.977428e+00  7.590097e-03 
 9.977825e+00  8.164667e-03 
 9.978223e+00  8.737444e-03 
 9.978621e+00  9.303749e-03 
 9.979018e+00  9.869500e-03 
 9.979416e+00  1.044024e-02 
 9.979814e+00  1.101131e-02 
 9.980212e+00  1.157754e-02 
 9.980609e+00  1.212495e-02 
 9.981007e+00  1.263384e-02 
 9.981405e+00  1.308844e-02 
 9.981802e+00  1.348246e-02 
 9.982200e+00  1.381996e-02 
 9.982598e+00  1.411153e-02 
 9.982995e+00  1.437434e-02 
 9.983393e+00  1.462595e-02 
 9.983791e+00  1.486973e-02 
 9.984189e+00  1.510019e-02 
 9.984586e+00  1.531881e-02 
 9.984984e+00  1.552608e-02 
 9.985382e+00  1.573292e-02 
 9.985779e+00  1.594702e-02 
 9.986177e+00  1.616489e-02 
 9.986575e+00  1.638603e-02 
 9.986972e+00  1.660190e-02 
 9.987370e+00  1.679767e-02 
 9.987768e+00  1.696714e-02 
 9.988165e+00  1.710550e-02 
 9.988563e+00  1.720863e-02 
 9.988961e+00  1.727229e-02 
 9.989359e+00  1.728947e-02 
 9.989756e+00  1.724128e-02 
 9.990154e+00  1.710557e-02 
 9.990552e+00  1.685986e-02 
 9.990949e+00  1.649030e-02 
 9.991347e+00  1.599696e-02 
 9.991745e+00  1.539033e-02 
 9.992142e+00  1.468419e-02 
 9.992540e+00  1.388780e-02 
 9.992938e+00  1.301601e-02 
 9.993336e+00  1.207477e-02 
 9.993733e+00  1.106476e-02 
 9.994131e+00  9.985503e-03 
 9.994529e+00  8.839290e-03 
 9.994926e+00  7.631677e-03 
 9.995324e+00  6.371102e-03 
 9.995722e+00  5.067671e-03 
 9.996119e+00  3.730192e-03 
 9.996517e+00  2.365822e-03 
 9.996915e+00  9.828805e-04 
 9.997312e+00 -4.053747e-04 
 9.997710e+00 -1.784673e-03 
 9.998108e+00 -3.134174e-03 
 9.998506e+00 -4.445356e-03 
 9.998903e+00 -5.714059e-03 
 9.999301e+00 -6.936863e-03 
 9.999699e+00 -8.126689e-03 
 1.000010e+01 -9.291373e-03 
 1.000049e+01 -1.043411e-02 
 1.000089e+01 -1.155076e-02 
 1.000129e+01 -1.262756e-02 
 1.000169e+01 -1.364685e-02 
 1.000208e+01 -1.459244e-02 
 1.000248e+01 -1.545745e-02 
 1.000288e+01 -1.624388e-02 
 1.000328e+01 -1.696130e-02 
 1.000368e+01 -1.761813e-02 
 1.000407e+01 -1.820925e-02 
 1.000447e+01 -1.873038e-02 
 1.000487e+01 -1.917551e-02 
 1.000527e+01 -1.954082e-02 
 1.000566e+01 -1.982780e-02 
 1.000606e+01 -2.005062e-02 
 1.000646e+01 -2.023121e-02 
 1.000686e+01 -2.038195e-02 
 1.000725e+01 -2.051676e-02 
 1.000765e+01 -2.063782e-02 
 1.000805e+01 -2.074151e-02 
 1.000845e+01 -2.083599e-02 
 1.000885e+01 -2.093854e-02 
 1.000924e+01 -2.107238e-02 
 1.000964e+01 -2.125841e-02 
 1.001004e+01 -2.151127e-02 
 1.001044e+01 -2.182780e-02 
 1.001083e+01 -2.219587e-02 
 1.001123e+01 -2.259432e-02 
 1.001163e+01 -2.300074e-02 
 1.001203e+01 -2.340472e-02 
 1.001242e+01 -2.380322e-02 
 1.001282e+01 -2.420657e-02 
 1.001322e+01 -2.462649e-02 
 1.001362e+01 -2.506738e-02 
 1.001402e+01 -2.552722e-02 
 1.001441e+01 -2.600065e-02 
 1.001481e+01 -2.648709e-02 
 1.001521e+01 -2.698903e-02 
 1.001561e+01 -2.750871e-02 
 1.001600e+01 -2.804828e-02 
 1.001640e+01 -2.859991e-02 
 1.001680e+01 -2.914769e-02 
 1.001720e+01 -2.968176e-02 
 1.001759e+01 -3.019622e-02 
 1.001799e+01 -3.068995e-02 
 1.001839e+01 -3.117334e-02 
 1.001879e+01 -3.166813e-02 
 1.001919e+01 -3.218963e-02 
 1.001958e+01 -3.274720e-02 
 1.001998e+01 -3.333650e-02 
 1.002038e+01 -3.394193e-02 
 1.002078e+01 -3.454973e-02 
 1.002117e+01 -3.515466e-02 
 1.002157e+01 -3.576108e-02 
 1.002197e+01 -3.638047e-02 
 1.002237e+01 -3.702673e-02 
 1.002276e+01 -3.770633e-02 
 1.002316e+01 -3.841881e-02 
 1.002356e+01 -3.916116e-02 
 1.002396e+01 -3.992459e-02 
 1.002436e+01 -4.068822e-02 
 1.002475e+01 -4.144082e-02 
 1.002515e+01 -4.217601e-02 
 1.002555e+01 -4.288750e-02 
 1.002595e+01 -4.357106e-02 
 1.002634e+01 -4.422607e-02 
 1.002674e+01 -4.484841e-02 
 1.002714e+01 -4.543869e-02 
 1.002754e+01 -4.600023e-02 
 1.002794e+01 -4.653814e-02 
 1.002833e+01 -4.705347e-02 
 1.002873e+01 -4.754549e-02 
 1.002913e+01 -4.800523e-02 
 1.002953e+01 -4.841538e-02 
 1.002992e+01 -4.876792e-02 
 1.003032e+01 -4.904077e-02 
 1.003072e+01 -4.922439e-02 
 1.003112e+01 -4.931829e-02 
 1.003151e+01 -4.932360e-02 
 1.003191e+01 -4.924744e-02 
 1.003231e+01 -4.909876e-02 
 1.003271e+01 -4.887969e-02 
 1.003311e+01 -4.859026e-02 
 1.003350e+01 -4.823299e-02 
 1.003390e+01 -4.780929e-02 
 1.003430e+01 -4.732032e-02 
 1.003470e+01 -4.677125e-02 
 1.003509e+01 -4.616816e-02 
 1.003549e+01 -4.552073e-02 
 1.003589e+01 -4.483667e-02 
 1.003629e+01 -4.413175e-02 
 1.003668e+01 -4.341460e-02 
 1.003708e+01 -4.269494e-02 
 1.003748e+01 -4.198576e-02 
 1.003788e+01 -4.130449e-02 
 1.003828e+01 -4.065960e-02 
 1.003867e+01 -4.005958e-02 
 1.003907e+01 -3.950999e-02 
 1.003947e+01 -3.901517e-02 
 1.003987e+01 -3.858071e-02 
 1.004026e+01 -3.820868e-02 
 1.004066e+01 -3.790045e-02 
 1.004106e+01 -3.766034e-02 
 1.004146e+01 -3.749409e-02 
 1.004185e+01 -3.740454e-02 
 1.004225e+01 -3.739177e-02 
 1.004265e+01 -3.745228e-02 
 1.004305e+01 -3.756992e-02 
 1.004345e+01 -3.772503e-02 
 1.004384e+01 -3.790274e-02 
 1.004424e+01 -3.808824e-02 
 1.004464e+01 -3.827188e-02 
 1.004504e+01 -3.845582e-02 
 1.004543e+01 -3.864286e-02 
 1.004583e+01 -3.883824e-02 
 1.004623e+01 -3.904564e-02 
 1.004663e+01 -3.926160e-02 
 1.004702e+01 -3.947289e-02 
 1.004742e+01 -3.968364e-02 
 1.004782e+01 -3.988012e-02 
 1.004822e+01 -4.006121e-02 
 1.004862e+01 -4.021999e-02 
 1.004901e+01 -4.034886e-02 
 1.004941e+01 -4.043296e-02 
 1.004981e+01 -4.046038e-02 
 1.005021e+01 -4.043124e-02 
 1.005060e+01 -4.034749e-02 
 1.005100e+01 -4.022794e-02 
 1.005140e+01 -4.008677e-02 
 1.005180e+01 -3.993176e-02 
 1.005219e+01 -3.976197e-02 
 1.005259e+01 -3.955829e-02 
 1.005299e+01 -3.929668e-02 
 1.005339e+01 -3.895854e-02 
 1.005379e+01 -3.853661e-02 
 1.005418e+01 -3.803422e-02 
 1.005458e+01 -3.747080e-02 
 1.005498e+01 -3.686724e-02 
 1.005538e+01 -3.623579e-02 
 1.005577e+01 -3.557670e-02 
 1.005617e+01 -3.488166e-02 
 1.005657e+01 -3.414029e-02 
 1.005697e+01 -3.334569e-02 
 1.005736e+01 -3.250408e-02 
 1.005776e+01 -3.162568e-02 
 1.005816e+01 -3.071830e-02 
 1.005856e+01 -2.979363e-02 
 1.005896e+01 -2.885747e-02 
 1.005935e+01 -2.790129e-02 
 1.005975e+01 -2.692169e-02 
 1.006015e+01 -2.591698e-02 
 1.006055e+01 -2.488495e-02 
 1.006094e+01 -2.383006e-02 
 1.006134e+01 -2.275464e-02 
 1.006174e+01 -2.164520e-02 
 1.006214e+01 -2.048282e-02 
 1.006253e+01 -1.924417e-02 
 1.006293e+01 -1.791325e-02 
 1.006333e+01 -1.649132e-02 
 1.006373e+01 -1.498698e-02 
 1.006413e+01 -1.342571e-02 
 1.006452e+01 -1.183529e-02 
 1.006492e+01 -1.024324e-02 
 1.006532e+01 -8.664977e-03 
 1.006572e+01 -7.105390e-03 
 1.006611e+01 -5.572640e-03 
 1.006651e+01 -4.069971e-03 
 1.006691e+01 -2.612440e-03 
 1.006731e+01 -1.216254e-03 
 1.006770e+01  9.951880e-05 
 1.006810e+01  1.330217e-03 
 1.006850e+01  2.479296e-03 
 1.006890e+01  3.547184e-03 
 1.006930e+01  4.532653e-03 
 1.006969e+01  5.431509e-03 
 1.007009e+01  6.230251e-03 
 1.007049e+01  6.917239e-03 
 1.007089e+01  7.485691e-03 
 1.007128e+01  7.941434e-03 
 1.007168e+01  8.304224e-03 
 1.007208e+01  8.599320e-03 
 1.007248e+01  8.851931e-03 
 1.007287e+01  9.075520e-03 
 1.007327e+01  9.271473e-03 
 1.007367e+01  9.425100e-03 
 1.007407e+01  9.520939e-03 
 1.007447e+01  9.553650e-03 
 1.007486e+01  9.520939e-03 
 1.007526e+01  9.442823e-03 
 1.007566e+01  9.337640e-03 
 1.007606e+01  9.215051e-03 
 1.007645e+01  9.082036e-03 
 1.007685e+01  8.937740e-03 
 1.007725e+01  8.779877e-03 
 1.007765e+01  8.611623e-03 
 1.007804e+01  8.444321e-03 
 1.007844e+01  8.287000e-03 
 1.007884e+01  8.147057e-03 
 1.007924e+01  8.022711e-03 
 1.007964e+01  7.911757e-03 
 1.008003e+01  7.804256e-03 
 1.008043e+01  7.711107e-03 
 1.008083e+01  7.649601e-03 
 1.008123e+01  7.652494e-03 
 1.008162e+01  7.750733e-03 
 1.008202e+01  7.967416e-03 
 1.008242e+01  8.295513e-03 
 1.008282e+01  8.712331e-03 
 1.008321e+01  9.180133e-03 
 1.008361e+01  9.654331e-03 
 1.008401e+01  1.010787e-02 
 1.008441e+01  1.052801e-02 
 1.008481e+01  1.091531e-02 
 1.008520e+01  1.126538e-02 
 1.008560e+01  1.157918e-02 
 1.008600e+01  1.185089e-02 
 1.008640e+01  1.207105e-02 
 1.008679e+01  1.224029e-02 
 1.008719e+01  1.235971e-02 
 1.008759e+01  1.243974e-02 
 1.008799e+01  1.248268e-02 
 1.008838e+01  1.249106e-02 
 1.008878e+01  1.245857e-02 
 1.008918e+01  1.237453e-02 
 1.008958e+01  1.223022e-02 
 1.008998e+01  1.202097e-02 
 1.009037e+01  1.176531e-02 
 1.009077e+01  1.148513e-02 
 1.009117e+01  1.119220e-02 
 1.009157e+01  1.090106e-02 
 1.009196e+01  1.061228e-02 
 1.009236e+01  1.031564e-02 
 1.009276e+01  9.996633e-03 
 1.009316e+01  9.644448e-03 
 1.009355e+01  9.255206e-03 
 1.009395e+01  8.838537e-03 
 1.009435e+01  8.396384e-03 
 1.009475e+01  7.935959e-03 
 1.009515e+01  7.444147e-03 
 1.009554e+01  6.910419e-03 
 1.009594e+01  6.322620e-03 
 1.009634e+01  5.683119e-03 
 1.009674e+01  4.996845e-03 
 1.009713e+01  4.265908e-03 
 1.009753e+01  3.488060e-03 
 1.009793e+01  2.658978e-03 
 1.009833e+01  1.766975e-03 
 1.009872e+01  8.026397e-04 
 1.009912e+01 -2.431231e-04 
 1.009952e+01 -1.368787e-03 
 1.009992e+01 -2.559631e-03 
 1.010032e+01 -3.788840e-03 
 1.010071e+01 -5.027363e-03 
 1.010111e+01 -6.255699e-03 
 1.010151e+01 -7.469611e-03 
 1.010191e+01 -8.665138e-03 
 1.010230e+01 -9.857000e-03 
 1.010270e+01 -1.105543e-02 
 1.010310e+01 -1.226806e-02 
 1.010350e+01 -1.350336e-02 
 1.010389e+01 -1.476113e-02 
 1.010429e+01 -1.603769e-02 
 1.010469e+01 -1.732261e-02 
 1.010509e+01 -1.859956e-02 
 1.010549e+01 -1.985307e-02 
 1.010588e+01 -2.107349e-02 
 1.010628e+01 -2.224599e-02 
 1.010668e+01 -2.336384e-02 
 1.010708e+01 -2.441810e-02 
 1.010747e+01 -2.540000e-02 
 1.010787e+01 -2.629835e-02 
 1.010827e+01 -2.711062e-02 
 1.010867e+01 -2.783334e-02 
 1.010906e+01 -2.846070e-02 
 1.010946e+01 -2.898475e-02 
 1.010986e+01 -2.940565e-02 
 1.011026e+01 -2.972264e-02 
 1.011066e+01 -2.993759e-02 
 1.011105e+01 -3.005114e-02 
 1.011145e+01 -3.006847e-02 
 1.011185e+01 -2.999970e-02 
 1.011225e+01 -2.985855e-02 
 1.011264e+01 -2.965736e-02 
 1.011304e+01 -2.940310e-02 
 1.011344e+01 -2.910648e-02 
 1.011384e+01 -2.877265e-02 
 1.011423e+01 -2.840019e-02 
 1.011463e+01 -2.799686e-02 
 1.011503e+01 -2.757328e-02 
 1.011543e+01 -2.714590e-02 
 1.011583e+01 -2.673511e-02 
 1.011622e+01 -2.635337e-02 
 1.011662e+01 -2.601387e-02 
 1.011702e+01 -2.572751e-02 
 1.011742e+01 -2.549509e-02 
 1.011781e+01 -2.532849e-02 
 1.011821e+01 -2.523064e-02 
 1.011861e+01 -2.520846e-02 
 1.011901e+01 -2.525708e-02 
 1.011941e+01 -2.537514e-02 
 1.011980e+01 -2.555540e-02 
 1.012020e+01 -2.578948e-02 
 1.012060e+01 -2.606422e-02 
 1.012100e+01 -2.637399e-02 
 1.012139e+01 -2.672280e-02 
 1.012179e+01 -2.711452e-02 
 1.012219e+01 -2.755425e-02 
 1.012259e+01 -2.804249e-02 
 1.012298e+01 -2.857051e-02 
 1.012338e+01 -2.912884e-02 
 1.012378e+01 -2.971091e-02 
 1.012418e+01 -3.030915e-02 
 1.012458e+01 -3.092538e-02 
 1.012497e+01 -3.155900e-02 
 1.012537e+01 -3.220919e-02 
 1.012577e+01 -3.287144e-02 
 1.012617e+01 -3.354385e-02 
 1.012656e+01 -3.421601e-02 
 1.012696e+01 -3.488198e-02 
 1.012736e+01 -3.554272e-02 
 1.012776e+01 -3.620059e-02 
 1.012815e+01 -3.687010e-02 
 1.012855e+01 -3.755708e-02 
 1.012895e+01 -3.826305e-02 
 1.012935e+01 -3.898424e-02 
 1.012975e+01 -3.971441e-02 
 1.013014e+01 -4.044272e-02 
 1.013054e+01 -4.116741e-02 
 1.013094e+01 -4.189236e-02 
 1.013134e+01 -4.262465e-02 
 1.013173e+01 -4.336711e-02 
 1.013213e+01 -4.411430e-02 
 1.013253e+01 -4.485443e-02 
 1.013293e+01 -4.556840e-02 
 1.013332e+01 -4.624576e-02 
 1.013372e+01 -4.687421e-02 
 1.013412e+01 -4.745746e-02 
 1.013452e+01 -4.800079e-02 
 1.013492e+01 -4.851209e-02 
 1.013531e+01 -4.900089e-02 
 1.013571e+01 -4.947008e-02 
 1.013611e+01 -4.991759e-02 
 1.013651e+01 -5.033138e-02 
 1.013690e+01 -5.070153e-02 
 1.013730e+01 -5.101408e-02 
 1.013770e+01 -5.126202e-02 
 1.013810e+01 -5.143646e-02 
 1.013849e+01 -5.153361e-02 
 1.013889e+01 -5.155123e-02 
 1.013929e+01 -5.149537e-02 
 1.013969e+01 -5.136049e-02 
 1.014009e+01 -5.114307e-02 
 1.014048e+01 -5.084859e-02 
 1.014088e+01 -5.047414e-02 
 1.014128e+01 -5.002467e-02 
 1.014168e+01 -4.949958e-02 
 1.014207e+01 -4.890022e-02 
 1.014247e+01 -4.823003e-02 
 1.014287e+01 -4.749482e-02 
 1.014327e+01 -4.670384e-02 
 1.014366e+01 -4.587840e-02 
 1.014406e+01 -4.503739e-02 
 1.014446e+01 -4.420411e-02 
 1.014486e+01 -4.340190e-02 
 1.014526e+01 -4.264001e-02 
 1.014565e+01 -4.191902e-02 
 1.014605e+01 -4.123427e-02 
 1.014645e+01 -4.058106e-02 
 1.014685e+01 -3.996068e-02 
 1.014724e+01 -3.938157e-02 
 1.014764e+01 -3.885154e-02 
 1.014804e+01 -3.837811e-02 
 1.014844e+01 -3.795801e-02 
 1.014883e+01 -3.758830e-02 
 1.014923e+01 -3.726655e-02 
 1.014963e+01 -3.698971e-02 
 1.015003e+01 -3.675552e-02 
 1.015043e+01 -3.656405e-02 
 1.015082e+01 -3.640935e-02 
 1.015122e+01 -3.628193e-02 
 1.015162e+01 -3.616355e-02 
 1.015202e+01 -3.604157e-02 
 1.015241e+01 -3.590184e-02 
 1.015281e+01 -3.573426e-02 
 1.015321e+01 -3.554070e-02 
 1.015361e+01 -3.532787e-02 
 1.015400e+01 -3.511115e-02 
 1.015440e+01 -3.489396e-02 
 1.015480e+01 -3.466920e-02 
 1.015520e+01 -3.442535e-02 
 1.015560e+01 -3.414954e-02 
 1.015599e+01 -3.383012e-02 
 1.015639e+01 -3.345455e-02 
 1.015679e+01 -3.301201e-02 
 1.015719e+01 -3.249222e-02 
 1.015758e+01 -3.188942e-02 
 1.015798e+01 -3.119791e-02 
 1.015838e+01 -3.041838e-02 
 1.015878e+01 -2.956320e-02 
 1.015917e+01 -2.863756e-02 
 1.015957e+01 -2.764772e-02 
 1.015997e+01 -2.659404e-02 
 1.016037e+01 -2.547571e-02 
 1.016077e+01 -2.429237e-02 
 1.016116e+01 -2.304077e-02 
 1.016156e+01 -2.173042e-02 
 1.016196e+01 -2.037797e-02 
 1.016236e+01 -1.900531e-02 
 1.016275e+01 -1.763704e-02 
 1.016315e+01 -1.628194e-02 
 1.016355e+01 -1.494782e-02 
 1.016395e+01 -1.363283e-02 
 1.016434e+01 -1.233793e-02 
 1.016474e+01 -1.106032e-02 
 1.016514e+01 -9.796647e-03 
 1.016554e+01 -8.547875e-03 
 1.016594e+01 -7.302551e-03 
 1.016633e+01 -6.044887e-03 
 1.016673e+01 -4.768908e-03 
 1.016713e+01 -3.471998e-03 
 1.016753e+01 -2.160767e-03 
 1.016792e+01 -8.498476e-04 
 1.016832e+01  4.463745e-04 
 1.016872e+01  1.716129e-03 
 1.016912e+01  2.960148e-03 
 1.016951e+01  4.186003e-03 
 1.016991e+01  5.407098e-03 
 1.017031e+01  6.631268e-03 
 1.017071e+01  7.854668e-03 
 1.017111e+01  9.074013e-03 
 1.017150e+01  1.027303e-02 
 1.017190e+01  1.142975e-02 
 1.017230e+01  1.253113e-02 
 1.017270e+01  1.356102e-02 
 1.017309e+01  1.450999e-02 
 1.017349e+01  1.536933e-02 
 1.017389e+01  1.612641e-02 
 1.017429e+01  1.677744e-02 
 1.017468e+01  1.732939e-02 
 1.017508e+01  1.779651e-02 
 1.017548e+01  1.819411e-02 
 1.017588e+01  1.853015e-02 
 1.017628e+01  1.880567e-02 
 1.017667e+01  1.901255e-02 
 1.017707e+01  1.914074e-02 
 1.017747e+01  1.918267e-02 
 1.017787e+01  1.913513e-02 
 1.017826e+01  1.899132e-02 
 1.017866e+01  1.875840e-02 
 1.017906e+01  1.844798e-02 
 1.017946e+01  1.806574e-02 
 1.017985e+01  1.761037e-02 
 1.018025e+01  1.707748e-02 
 1.018065e+01  1.645854e-02 
 1.018105e+01  1.575822e-02 
 1.018145e+01  1.497563e-02 
 1.018184e+01  1.412161e-02 
 1.018224e+01  1.320364e-02 
 1.018264e+01  1.221667e-02 
 1.018304e+01  1.116362e-02 
 1.018343e+01  1.005694e-02 
 1.018383e+01  8.922747e-03 
 1.018423e+01  7.782719e-03 
 1.018463e+01  6.673691e-03 
 1.018502e+01  5.625568e-03 
 1.018542e+01  4.661012e-03 
 1.018582e+01  3.797343e-03 
 1.018622e+01  3.035739e-03 
 1.018662e+01  2.367836e-03 
 1.018701e+01  1.771039e-03 
 1.018741e+01  1.233984e-03 
 1.018781e+01  7.454281e-04 
 1.018821e+01  3.072184e-04 
 1.018860e+01 -7.136071e-05 
 1.018900e+01 -3.849432e-04 
 1.018940e+01 -6.219749e-04 
 1.018980e+01 -7.844907e-04 
 1.019019e+01 -8.737942e-04 
 1.019059e+01 -9.102795e-04 
 1.019099e+01 -9.066171e-04 
 1.019139e+01 -8.805576e-04 
 1.019179e+01 -8.470293e-04 
 1.019218e+01 -8.122026e-04 
 1.019258e+01 -7.859613e-04 
 1.019298e+01 -7.758048e-04 
 1.019338e+01 -7.875249e-04 
 1.019377e+01 -8.132592e-04 
 1.019417e+01 -8.521210e-04 
 1.019457e+01 -8.960231e-04 
 1.019497e+01 -9.387887e-04 
 1.019536e+01 -9.789321e-04 
 1.019576e+01 -1.021251e-03 
 1.019616e+01 -1.066719e-03 
 1.019656e+01 -1.131982e-03 
 1.019696e+01 -1.224529e-03 
 1.019735e+01 -1.341899e-03 
 1.019775e+01 -1.476773e-03 
 1.019815e+01 -1.627467e-03 
 1.019855e+01 -1.783550e-03 
 1.019894e+01 -1.946995e-03 
 1.019934e+01 -2.128770e-03 
 1.019974e+01 -2.339043e-03 
 1.020014e+01 -2.586529e-03 
 1.020053e+01 -2.880393e-03 
 1.020093e+01 -3.218822e-03 
 1.020133e+01 -3.597452e-03 
 1.020173e+01 -4.019604e-03 
 1.020213e+01 -4.483829e-03 
 1.020252e+01 -4.989052e-03 
 1.020292e+01 -5.531032e-03 
 1.020332e+01 -6.097001e-03 
 1.020372e+01 -6.674053e-03 
 1.020411e+01 -7.241246e-03 
 1.020451e+01 -7.785027e-03 
 1.020491e+01 -8.301981e-03 
 1.020531e+01 -8.802759e-03 
 1.020570e+01 -9.301735e-03 
 1.020610e+01 -9.818986e-03 
 1.020650e+01 -1.037222e-02 
 1.020690e+01 -1.096330e-02 
 1.020730e+01 -1.159208e-02 
 1.020769e+01 -1.224809e-02 
 1.020809e+01 -1.292997e-02 
 1.020849e+01 -1.363664e-02 
 1.020889e+01 -1.435873e-02 
 1.020928e+01 -1.509881e-02 
 1.020968e+01 -1.585291e-02 
 1.021008e+01 -1.661505e-02 
 1.021048e+01 -1.738617e-02 
 1.021088e+01 -1.816264e-02 
 1.021127e+01 -1.895296e-02 
 1.021167e+01 -1.975975e-02 
 1.021207e+01 -2.058898e-02 
 1.021247e+01 -2.142973e-02 
 1.021286e+01 -2.227476e-02 
 1.021326e+01 -2.311195e-02 
 1.021366e+01 -2.392035e-02 
 1.021406e+01 -2.468958e-02 
 1.021445e+01 -2.541458e-02 
 1.021485e+01 -2.609226e-02 
 1.021525e+01 -2.671705e-02 
 1.021565e+01 -2.728877e-02 
 1.021605e+01 -2.780099e-02 
 1.021644e+01 -2.824663e-02 
 1.021684e+01 -2.862612e-02 
 1.021724e+01 -2.893204e-02 
 1.021764e+01 -2.916405e-02 
 1.021803e+01 -2.932200e-02 
 1.021843e+01 -2.940544e-02 
 1.021883e+01 -2.942611e-02 
 1.021923e+01 -2.938995e-02 
 1.021962e+01 -2.932035e-02 
 1.022002e+01 -2.923670e-02 
 1.022042e+01 -2.915881e-02 
 1.022082e+01 -2.909726e-02 
 1.022122e+01 -2.905235e-02 
 1.022161e+01 -2.902684e-02 
 1.022201e+01 -2.902012e-02 
 1.022241e+01 -2.903213e-02 
 1.022281e+01 -2.906434e-02 
 1.022320e+01 -2.912251e-02 
 1.022360e+01 -2.921690e-02 
 1.022400e+01 -2.935984e-02 
 1.022440e+01 -2.956413e-02 
 1.022479e+01 -2.983232e-02 
 1.022519e+01 -3.016278e-02 
 1.022559e+01 -3.056271e-02 
 1.022599e+01 -3.103668e-02 
 1.022639e+01 -3.159157e-02 
 1.022678e+01 -3.222714e-02 
 1.022718e+01 -3.294064e-02 
 1.022758e+01 -3.372639e-02 
 1.022798e+01 -3.458006e-02 
 1.022837e+01 -3.549952e-02 
 1.022877e+01 -3.647475e-02 
 1.022917e+01 -3.749515e-02 
 1.022957e+01 -3.854965e-02 
 1.022996e+01 -3.962890e-02 
 1.023036e+01 -4.072399e-02 
 1.023076e+01 -4.183225e-02 
 1.023116e+01 -4.294723e-02 
 1.023156e+01 -4.406595e-02 
 1.023195e+01 -4.519708e-02 
 1.023235e+01 -4.633602e-02 
 1.023275e+01 -4.747939e-02 
 1.023315e+01 -4.862052e-02 
 1.023354e+01 -4.974113e-02 
 1.023394e+01 -5.082772e-02 
 1.023434e+01 -5.187349e-02 
 1.023474e+01 -5.286992e-02 
 1.023513e+01 -5.381354e-02 
 1.023553e+01 -5.469489e-02 
 1.023593e+01 -5.549907e-02 
 1.023633e+01 -5.621629e-02 
 1.023673e+01 -5.683500e-02 
 1.023712e+01 -5.734593e-02 
 1.023752e+01 -5.774592e-02 
 1.023792e+01 -5.804934e-02 
 1.023832e+01 -5.827368e-02 
 1.023871e+01 -5.843913e-02 
 1.023911e+01 -5.856486e-02 
 1.023951e+01 -5.866162e-02 
 1.023991e+01 -5.873551e-02 
 1.024030e+01 -5.878408e-02 
 1.024070e+01 -5.880379e-02 
 1.024110e+01 -5.878280e-02 
 1.024150e+01 -5.870746e-02 
 1.024190e+01 -5.857596e-02 
 1.024229e+01 -5.838172e-02 
 1.024269e+01 -5.812753e-02 
 1.024309e+01 -5.781069e-02 
 1.024349e+01 -5.742979e-02 
 1.024388e+01 -5.698019e-02 
 1.024428e+01 -5.645758e-02 
 1.024468e+01 -5.586209e-02 
 1.024508e+01 -5.518005e-02 
 1.024547e+01 -5.440121e-02 
 1.024587e+01 -5.352096e-02 
 1.024627e+01 -5.253997e-02 
 1.024667e+01 -5.146307e-02 
 1.024707e+01 -5.029239e-02 
 1.024746e+01 -4.904387e-02 
 1.024786e+01 -4.772383e-02 
 1.024826e+01 -4.634699e-02 
 1.024866e+01 -4.492553e-02 
 1.024905e+01 -4.346841e-02 
 1.024945e+01 -4.197406e-02 
 1.024985e+01 -4.044474e-02 
 1.025025e+01 -3.888643e-02 
 1.025064e+01 -3.731170e-02 
 1.025104e+01 -3.573118e-02 
 1.025144e+01 -3.415790e-02 
 1.025184e+01 -3.261238e-02 
 1.025224e+01 -3.110703e-02 
 1.025263e+01 -2.964664e-02 
 1.025303e+01 -2.824065e-02 
 1.025343e+01 -2.688724e-02 
 1.025383e+01 -2.557420e-02 
 1.025422e+01 -2.429906e-02 
 1.025462e+01 -2.305214e-02 
 1.025502e+01 -2.183245e-02 
 1.025542e+01 -2.064040e-02 
 1.025581e+01 -1.947903e-02 
 1.025621e+01 -1.836325e-02 
 1.025661e+01 -1.731546e-02 
 1.025701e+01 -1.635358e-02 
 1.025741e+01 -1.549525e-02 
 1.025780e+01 -1.474336e-02 
 1.025820e+01 -1.409718e-02 
 1.025860e+01 -1.355211e-02 
 1.025900e+01 -1.309700e-02 
 1.025939e+01 -1.271368e-02 
 1.025979e+01 -1.239067e-02 
 1.026019e+01 -1.211513e-02 
 1.026059e+01 -1.187822e-02 
 1.026098e+01 -1.167116e-02 
 1.026138e+01 -1.147520e-02 
 1.026178e+01 -1.127536e-02 
 1.026218e+01 -1.105821e-02 
 1.026258e+01 -1.081297e-02 
 1.026297e+01 -1.053546e-02 
 1.026337e+01 -1.022302e-02 
 1.026377e+01 -9.864026e-03 
 1.026417e+01 -9.450161e-03 
 1.026456e+01 -8.972367e-03 
 1.026496e+01 -8.421737e-03 
 1.026536e+01 -7.800100e-03 
 1.026576e+01 -7.114879e-03 
 1.026615e+01 -6.378251e-03 
 1.026655e+01 -5.609370e-03 
 1.026695e+01 -4.823140e-03 
 1.026735e+01 -4.031004e-03 
 1.026775e+01 -3.238409e-03 
 1.026814e+01 -2.450858e-03 
 1.026854e+01 -1.658874e-03 
 1.026894e+01 -8.627160e-04 
 1.026934e+01 -6.928756e-05 
 1.026973e+01  7.122215e-04 
 1.027013e+01  1.475936e-03 
 1.027053e+01  2.223504e-03 
 1.027093e+01  2.944363e-03 
 1.027132e+01  3.628792e-03 
 1.027172e+01  4.267166e-03 
 1.027212e+01  4.858478e-03 
 1.027252e+01  5.409106e-03 
 1.027292e+01  5.929429e-03 
 1.027331e+01  6.445502e-03 
 1.027371e+01  6.969757e-03 
 1.027411e+01  7.508166e-03 
 1.027451e+01  8.059869e-03 
 1.027490e+01  8.617994e-03 
 1.027530e+01  9.157631e-03 
 1.027570e+01  9.647144e-03 
 1.027610e+01  1.007482e-02 
 1.027649e+01  1.043753e-02 
 1.027689e+01  1.073459e-02 
 1.027729e+01  1.097060e-02 
 1.027769e+01  1.114842e-02 
 1.027809e+01  1.127427e-02 
 1.027848e+01  1.135501e-02 
 1.027888e+01  1.139540e-02 
 1.027928e+01  1.140522e-02 
 1.027968e+01  1.139025e-02 
 1.028007e+01  1.135092e-02 
 1.028047e+01  1.129109e-02 
 1.028087e+01  1.120976e-02 
 1.028127e+01  1.110519e-02 
 1.028166e+01  1.098542e-02 
 1.028206e+01  1.085248e-02 
 1.028246e+01  1.071705e-02 
 1.028286e+01  1.057999e-02 
 1.028326e+01  1.043973e-02 
 1.028365e+01  1.028598e-02 
 1.028405e+01  1.009783e-02 
 1.028445e+01  9.857295e-03 
 1.028485e+01  9.561194e-03 
 1.028524e+01  9.206321e-03 
 1.028564e+01  8.791162e-03 
 1.028604e+01  8.315220e-03 
 1.028644e+01  7.779478e-03 
 1.028683e+01  7.179687e-03 
 1.028723e+01  6.520750e-03 
 1.028763e+01  5.809551e-03 
 1.028803e+01  5.052770e-03 
 1.028843e+01  4.264316e-03 
 1.028882e+01  3.456872e-03 
 1.028922e+01  2.641780e-03 
 1.028962e+01  1.824607e-03 
 1.029002e+01  9.983872e-04 
 1.029041e+01  1.643752e-04 
 1.029081e+01 -6.676901e-04 
 1.029121e+01 -1.474181e-03 
 1.029161e+01 -2.231079e-03 
 1.029200e+01 -2.912561e-03 
 1.029240e+01 -3.497360e-03 
 1.029280e+01 -3.965364e-03 
 1.029320e+01 -4.309529e-03 
 1.029360e+01 -4.531948e-03 
 1.029399e+01 -4.645963e-03 
 1.029439e+01 -4.675270e-03 
 1.029479e+01 -4.633154e-03 
 1.029519e+01 -4.534556e-03 
 1.029558e+01 -4.391819e-03 
 1.029598e+01 -4.215739e-03 
 1.029638e+01 -4.006240e-03 
 1.029678e+01 -3.761192e-03 
 1.029717e+01 -3.467989e-03 
 1.029757e+01 -3.115607e-03 
 1.029797e+01 -2.702515e-03 
 1.029837e+01 -2.228603e-03 
 1.029877e+01 -1.700648e-03 
 1.029916e+01 -1.132447e-03 
 1.029956e+01 -5.356076e-04 
 1.029996e+01  7.082963e-05 
 1.030036e+01  6.699692e-04 
 1.030075e+01  1.250301e-03 
 1.030115e+01  1.810596e-03 
 1.030155e+01  2.353329e-03 
 1.030195e+01  2.882258e-03 
 1.030235e+01  3.387888e-03 
 1.030274e+01  3.856412e-03 
 1.030314e+01  4.272973e-03 
 1.030354e+01  4.624181e-03 
 1.030394e+01  4.892402e-03 
 1.030433e+01  5.066398e-03 
 1.030473e+01  5.145366e-03 
 1.030513e+01  5.134284e-03 
 1.030553e+01  5.044559e-03 
 1.030592e+01  4.884516e-03 
 1.030632e+01  4.662688e-03 
 1.030672e+01  4.374878e-03 
 1.030712e+01  4.025216e-03 
 1.030752e+01  3.617507e-03 
 1.030791e+01  3.146238e-03 
 1.030831e+01  2.605796e-03 
 1.030871e+01  1.991409e-03 
 1.030911e+01  1.297347e-03 
 1.030950e+01  5.267498e-04 
 1.030990e+01 -3.128652e-04 
 1.031030e+01 -1.206445e-03 
 1.031070e+01 -2.136800e-03 
 1.031109e+01 -3.090208e-03 
 1.031149e+01 -4.052250e-03 
 1.031189e+01 -5.017792e-03 
 1.031229e+01 -5.991981e-03 
 1.031269e+01 -6.976991e-03 
 1.031308e+01 -7.978337e-03 
 1.031348e+01 -9.003071e-03 
 1.031388e+01 -1.005663e-02 
 1.031428e+01 -1.114314e-02 
 1.031467e+01 -1.226906e-02 
 1.031507e+01 -1.344531e-02 
 1.031547e+01 -1.468509e-02 
 1.031587e+01 -1.598508e-02 
 1.031626e+01 -1.733650e-02 
 1.031666e+01 -1.873010e-02 
 1.031706e+01 -2.015079e-02 
 1.031746e+01 -2.158808e-02 
 1.031786e+01 -2.304097e-02 
 1.031825e+01 -2.450960e-02 
 1.031865e+01 -2.599131e-02 
 1.031905e+01 -2.748843e-02 
 1.031945e+01 -2.900014e-02 
 1.031984e+01 -3.051695e-02 
 1.032024e+01 -3.202295e-02 
 1.032064e+01 -3.350529e-02 
 1.032104e+01 -3.494905e-02 
 1.032143e+01 -3.634669e-02 
 1.032183e+01 -3.768493e-02 
 1.032223e+01 -3.895746e-02 
 1.032263e+01 -4.016287e-02 
 1.032303e+01 -4.130019e-02 
 1.032342e+01 -4.237653e-02 
 1.032382e+01 -4.339258e-02 
 1.032422e+01 -4.434828e-02 
 1.032462e+01 -4.522793e-02 
 1.032501e+01 -4.601600e-02 
 1.032541e+01 -4.669473e-02 
 1.032581e+01 -4.725599e-02 
 1.032621e+01 -4.770347e-02 
 1.032660e+01 -4.805406e-02 
 1.032700e+01 -4.833127e-02 
 1.032740e+01 -4.856250e-02 
 1.032780e+01 -4.876235e-02 
 1.032820e+01 -4.894627e-02 
 1.032859e+01 -4.910994e-02 
 1.032899e+01 -4.924933e-02 
 1.032939e+01 -4.935478e-02 
 1.032979e+01 -4.942983e-02 
 1.033018e+01 -4.947409e-02 
 1.033058e+01 -4.949381e-02 
 1.033098e+01 -4.948754e-02 
 1.033138e+01 -4.945396e-02 
 1.033177e+01 -4.939946e-02 
 1.033217e+01 -4.932778e-02 
 1.033257e+01 -4.924593e-02 
 1.033297e+01 -4.916840e-02 
 1.033337e+01 -4.910968e-02 
 1.033376e+01 -4.907938e-02 
 1.033416e+01 -4.909724e-02 
 1.033456e+01 -4.915810e-02 
 1.033496e+01 -4.925793e-02 
 1.033535e+01 -4.939479e-02 
 1.033575e+01 -4.957778e-02 
 1.033615e+01 -4.980273e-02 
 1.033655e+01 -5.006981e-02 
 1.033694e+01 -5.037620e-02 
 1.033734e+01 -5.070571e-02 
 1.033774e+01 -5.104003e-02 
 1.033814e+01 -5.136456e-02 
 1.033854e+01 -5.166208e-02 
 1.033893e+01 -5.192704e-02 
 1.033933e+01 -5.215733e-02 
 1.033973e+01 -5.235125e-02 
 1.034013e+01 -5.251141e-02 
 1.034052e+01 -5.263215e-02 
 1.034092e+01 -5.269632e-02 
 1.034132e+01 -5.269095e-02 
 1.034172e+01 -5.260894e-02 
 1.034211e+01 -5.245426e-02 
 1.034251e+01 -5.222132e-02 
 1.034291e+01 -5.192048e-02 
 1.034331e+01 -5.155315e-02 
 1.034371e+01 -5.111542e-02 
 1.034410e+01 -5.060889e-02 
 1.034450e+01 -5.003299e-02 
 1.034490e+01 -4.939408e-02 
 1.034530e+01 -4.869937e-02 
 1.034569e+01 -4.796586e-02 
 1.034609e+01 -4.721135e-02 
 1.034649e+01 -4.645083e-02 
 1.034689e+01 -4.569482e-02 
 1.034728e+01 -4.494039e-02 
 1.034768e+01 -4.417933e-02 
 1.034808e+01 -4.340507e-02 
 1.034848e+01 -4.260747e-02 
 1.034888e+01 -4.177868e-02 
 1.034927e+01 -4.091237e-02 
 1.034967e+01 -3.999827e-02 
 1.035007e+01 -3.902640e-02 
 1.035047e+01 -3.800023e-02 
 1.035086e+01 -3.691786e-02 
 1.035126e+01 -3.577456e-02 
 1.035166e+01 -3.458653e-02 
 1.035206e+01 -3.337006e-02 
 1.035245e+01 -3.213481e-02 
 1.035285e+01 -3.088350e-02 
 1.035325e+01 -2.961273e-02 
 1.035365e+01 -2.831926e-02 
 1.035405e+01 -2.699972e-02 
 1.035444e+01 -2.566453e-02 
 1.035484e+01 -2.432191e-02 
 1.035524e+01 -2.299132e-02 
 1.035564e+01 -2.169369e-02 
 1.035603e+01 -2.043633e-02 
 1.035643e+01 -1.921701e-02 
 1.035683e+01 -1.801638e-02 
 1.035723e+01 -1.681232e-02 
 1.035762e+01 -1.558679e-02 
 1.035802e+01 -1.434301e-02 
 1.035842e+01 -1.308818e-02 
 1.035882e+01 -1.183470e-02 
 1.035922e+01 -1.060352e-02 
 1.035961e+01 -9.403599e-03 
 1.036001e+01 -8.238635e-03 
 1.036041e+01 -7.128703e-03 
 1.036081e+01 -6.079438e-03 
 1.036120e+01 -5.102244e-03 
 1.036160e+01 -4.205373e-03 
 1.036200e+01 -3.394494e-03 
 1.036240e+01 -2.666824e-03 
 1.036279e+01 -2.023701e-03 
 1.036319e+01 -1.472700e-03 
 1.036359e+01 -1.017440e-03 
 1.036399e+01 -6.751469e-04 
 1.036439e+01 -4.633300e-04 
 1.036478e+01 -3.941247e-04 
 1.036518e+01 -4.676507e-04 
 1.036558e+01 -6.694126e-04 
 1.036598e+01 -9.680783e-04 
 1.036637e+01 -1.330435e-03 
 1.036677e+01 -1.740367e-03 
 1.036717e+01 -2.188283e-03 
 1.036757e+01 -2.665165e-03 
 1.036796e+01 -3.164943e-03 
 1.036836e+01 -3.676706e-03 
 1.036876e+01 -4.182179e-03 
 1.036916e+01 -4.670052e-03 
 1.036956e+01 -5.125729e-03 
 1.036995e+01 -5.535778e-03 
 1.037035e+01 -5.900201e-03 
 1.037075e+01 -6.224625e-03 
 1.037115e+01 -6.505318e-03 
 1.037154e+01 -6.739754e-03 
 1.037194e+01 -6.923849e-03 
 1.037234e+01 -7.039041e-03 
 1.037274e+01 -7.086152e-03 
 1.037313e+01 -7.066085e-03 
 1.037353e+01 -6.992778e-03 
 1.037393e+01 -6.880699e-03 
 1.037433e+01 -6.747450e-03 
 1.037473e+01 -6.592965e-03 
 1.037512e+01 -6.409936e-03 
 1.037552e+01 -6.194107e-03 
 1.037592e+01 -5.931143e-03 
 1.037632e+01 -5.599614e-03 
 1.037671e+01 -5.195812e-03 
 1.037711e+01 -4.714543e-03 
 1.037751e+01 -4.155223e-03 
 1.037791e+01 -3.527541e-03 
 1.037830e+01 -2.850173e-03 
 1.037870e+01 -2.134817e-03 
 1.037910e+01 -1.403532e-03 
 1.037950e+01 -6.794544e-04 
 1.037990e+01  2.799949e-05 
 1.038029e+01  7.117573e-04 
 1.038069e+01  1.381078e-03 
 1.038109e+01  2.050955e-03 
 1.038149e+01  2.725454e-03 
 1.038188e+01  3.404269e-03 
 1.038228e+01  4.079102e-03 
 1.038268e+01  4.736186e-03 
 1.038308e+01  5.351981e-03 
 1.038347e+01  5.916627e-03 
 1.038387e+01  6.416052e-03 
 1.038427e+01  6.846499e-03 
 1.038467e+01  7.217906e-03 
 1.038507e+01  7.548176e-03 
 1.038546e+01  7.851648e-03 
 1.038586e+01  8.149275e-03 
 1.038626e+01  8.461094e-03 
 1.038666e+01  8.795906e-03 
 1.038705e+01  9.153675e-03 
 1.038745e+01  9.531394e-03 
 1.038785e+01  9.916865e-03 
 1.038825e+01  1.029207e-02 
 1.038864e+01  1.064711e-02 
 1.038904e+01  1.097436e-02 
 1.038944e+01  1.126997e-02 
 1.038984e+01  1.153516e-02 
 1.039024e+01  1.177045e-02 
 1.039063e+01  1.196959e-02 
 1.039103e+01  1.212672e-02 
 1.039143e+01  1.222906e-02 
 1.039183e+01  1.226398e-02 
 1.039222e+01  1.222217e-02 
 1.039262e+01  1.209480e-02 
 1.039302e+01  1.188006e-02 
 1.039342e+01  1.158212e-02 
 1.039382e+01  1.120857e-02 
 1.039421e+01  1.076002e-02 
 1.039461e+01  1.025275e-02 
 1.039501e+01  9.707042e-03 
 1.039541e+01  9.134628e-03 
 1.039580e+01  8.548630e-03 
 1.039620e+01  7.963492e-03 
 1.039660e+01  7.378678e-03 
 1.039700e+01  6.790711e-03 
 1.039739e+01  6.194834e-03 
 1.039779e+01  5.581965e-03 
 1.039819e+01  4.945382e-03 
 1.039859e+01  4.292648e-03 
 1.039899e+01  3.636931e-03 
 1.039938e+01  2.989457e-03 
 1.039978e+01  2.365058e-03 
 1.040018e+01  1.776465e-03 
 1.040058e+01  1.225581e-03 
 1.040097e+01  7.244076e-04 
 1.040137e+01  2.754321e-04 
 1.040177e+01 -1.202760e-04 
 1.040217e+01 -4.630111e-04 
 1.040256e+01 -7.562093e-04 
 1.040296e+01 -1.013644e-03 
 1.040336e+01 -1.246504e-03 
 1.040376e+01 -1.465465e-03 
 1.040416e+01 -1.673799e-03 
 1.040455e+01 -1.862263e-03 
 1.040495e+01 -2.016020e-03 
 1.040535e+01 -2.120857e-03 
 1.040575e+01 -2.166434e-03 
 1.040614e+01 -2.153276e-03 
 1.040654e+01 -2.106365e-03 
 1.040694e+01 -2.056877e-03 
 1.040734e+01 -2.034652e-03 
 1.040773e+01 -2.060750e-03 
 1.040813e+01 -2.148449e-03 
 1.040853e+01 -2.295824e-03 
 1.040893e+01 -2.493993e-03 
 1.040933e+01 -2.737652e-03 
 1.040972e+01 -3.022060e-03 
 1.041012e+01 -3.348682e-03 
 1.041052e+01 -3.733781e-03 
 1.041092e+01 -4.193888e-03 
 1.041131e+01 -4.742229e-03 
 1.041171e+01 -5.388443e-03 
 1.041211e+01 -6.135021e-03 
 1.041251e+01 -6.986895e-03 
 1.041290e+01 -7.950236e-03 
 1.041330e+01 -9.021312e-03 
 1.041370e+01 -1.018435e-02 
 1.041410e+01 -1.141891e-02 
 1.041450e+01 -1.270083e-02 
 1.041489e+01 -1.400615e-02 
 1.041529e+01 -1.532803e-02 
 1.041569e+01 -1.665778e-02 
 1.041609e+01 -1.800438e-02 
 1.041648e+01 -1.937666e-02 
 1.041688e+01 -2.078127e-02 
 1.041728e+01 -2.221548e-02 
 1.041768e+01 -2.366799e-02 
 1.041807e+01 -2.512349e-02 
 1.041847e+01 -2.656087e-02 
 1.041887e+01 -2.796697e-02 
 1.041927e+01 -2.934086e-02 
 1.041967e+01 -3.068495e-02 
 1.042006e+01 -3.199872e-02 
 1.042046e+01 -3.328003e-02 
 1.042086e+01 -3.452318e-02 
 1.042126e+01 -3.572361e-02 
 1.042165e+01 -3.688423e-02 
 1.042205e+01 -3.800890e-02 
 1.042245e+01 -3.910959e-02 
 1.042285e+01 -4.020520e-02 
 1.042324e+01 -4.130366e-02 
 1.042364e+01 -4.240685e-02 
 1.042404e+01 -4.350961e-02 
 1.042444e+01 -4.459643e-02 
 1.042484e+01 -4.564356e-02 
 1.042523e+01 -4.664818e-02 
 1.042563e+01 -4.760685e-02 
 1.042603e+01 -4.852456e-02 
 1.042643e+01 -4.940255e-02 
 1.042682e+01 -5.024047e-02 
 1.042722e+01 -5.102973e-02 
 1.042762e+01 -5.175722e-02 
 1.042802e+01 -5.240970e-02 
 1.042841e+01 -5.297321e-02 
 1.042881e+01 -5.344194e-02 
 1.042921e+01 -5.382097e-02 
 1.042961e+01 -5.411754e-02 
 1.043001e+01 -5.433697e-02 
 1.043040e+01 -5.448700e-02 
 1.043080e+01 -5.457453e-02 
 1.043120e+01 -5.460531e-02 
 1.043160e+01 -5.459082e-02 
 1.043199e+01 -5.453797e-02 
 1.043239e+01 -5.444049e-02 
 1.043279e+01 -5.428854e-02 
 1.043319e+01 -5.407099e-02 
 1.043358e+01 -5.377491e-02 
 1.043398e+01 -5.339370e-02 
 1.043438e+01 -5.291824e-02 
 1.043478e+01 -5.235679e-02 
 1.043518e+01 -5.172351e-02 
 1.043557e+01 -5.103632e-02 
 1.043597e+01 -5.030809e-02 
 1.043637e+01 -4.954783e-02 
 1.043677e+01 -4.875892e-02 
 1.043716e+01 -4.793419e-02 
 1.043756e+01 -4.708193e-02 
 1.043796e+01 -4.620936e-02 
 1.043836e+01 -4.532677e-02 
 1.043875e+01 -4.444446e-02 
 1.043915e+01 -4.357753e-02 
 1.043955e+01 -4.274350e-02 
 1.043995e+01 -4.195248e-02 
 1.044035e+01 -4.121978e-02 
 1.044074e+01 -4.055264e-02 
 1.044114e+01 -3.995687e-02 
 1.044154e+01 -3.944093e-02 
 1.044194e+01 -3.901133e-02 
 1.044233e+01 -3.866156e-02 
 1.044273e+01 -3.838404e-02 
 1.044313e+01 -3.817253e-02 
 1.044353e+01 -3.802447e-02 
 1.044392e+01 -3.793759e-02 
 1.044432e+01 -3.791175e-02 
 1.044472e+01 -3.793566e-02 
 1.044512e+01 -3.799385e-02 
 1.044552e+01 -3.806838e-02 
 1.044591e+01 -3.813485e-02 
 1.044631e+01 -3.817484e-02 
 1.044671e+01 -3.817408e-02 
 1.044711e+01 -3.812556e-02 
 1.044750e+01 -3.802914e-02 
 1.044790e+01 -3.787979e-02 
 1.044830e+01 -3.768016e-02 
 1.044870e+01 -3.742217e-02 
 1.044909e+01 -3.711209e-02 
 1.044949e+01 -3.675985e-02 
 1.044989e+01 -3.637266e-02 
 1.045029e+01 -3.596384e-02 
 1.045069e+01 -3.553822e-02 
 1.045108e+01 -3.509418e-02 
 1.045148e+01 -3.462826e-02 
 1.045188e+01 -3.413970e-02 
 1.045228e+01 -3.362363e-02 
 1.045267e+01 -3.308223e-02 
 1.045307e+01 -3.251919e-02 
 1.045347e+01 -3.192673e-02 
 1.045387e+01 -3.129289e-02 
 1.045426e+01 -3.061570e-02 
 1.045466e+01 -2.988093e-02 
 1.045506e+01 -2.909173e-02 
 1.045546e+01 -2.825711e-02 
 1.045586e+01 -2.738869e-02 
 1.045625e+01 -2.650135e-02 
 1.045665e+01 -2.560509e-02 
 1.045705e+01 -2.470546e-02 
 1.045745e+01 -2.379903e-02 
 1.045784e+01 -2.288972e-02 
 1.045824e+01 -2.198627e-02 
 1.045864e+01 -2.110334e-02 
 1.045904e+01 -2.025645e-02 
 1.045943e+01 -1.945336e-02 
 1.045983e+01 -1.868873e-02 
 1.046023e+01 -1.795335e-02 
 1.046063e+01 -1.723415e-02 
 1.046103e+01 -1.650771e-02 
 1.046142e+01 -1.576651e-02 
 1.046182e+01 -1.501028e-02 
 1.046222e+01 -1.424217e-02 
 1.046262e+01 -1.346800e-02 
 1.046301e+01 -1.269645e-02 
 1.046341e+01 -1.193357e-02 
 1.046381e+01 -1.117775e-02 
 1.046421e+01 -1.042191e-02 
 1.046460e+01 -9.655839e-03 
 1.046500e+01 -8.869382e-03 
 1.046540e+01 -8.055354e-03 
 1.046580e+01 -7.216828e-03 
 1.046620e+01 -6.348942e-03 
 1.046659e+01 -5.459147e-03 
 1.046699e+01 -4.563159e-03 
 1.046739e+01 -3.682378e-03 
 1.046779e+01 -2.844644e-03 
 1.046818e+01 -2.071380e-03 
 1.046858e+01 -1.377197e-03 
 1.046898e+01 -7.690317e-04 
 1.046938e+01 -2.521128e-04 
 1.046977e+01  1.767512e-04 
 1.047017e+01  5.216045e-04 
 1.047057e+01  7.891198e-04 
 1.047097e+01  9.873602e-04 
 1.047137e+01  1.115344e-03 
 1.047176e+01  1.169467e-03 
 1.047216e+01  1.154157e-03 
 1.047256e+01  1.078476e-03 
 1.047296e+01  9.522670e-04 
 1.047335e+01  7.847734e-04 
 1.047375e+01  5.933019e-04 
 1.047415e+01  3.872795e-04 
 1.047455e+01  1.754838e-04 
 1.047494e+01 -3.496369e-05 
 1.047534e+01 -2.456182e-04 
 1.047574e+01 -4.608552e-04 
 1.047614e+01 -6.773938e-04 
 1.047654e+01 -8.941479e-04 
 1.047693e+01 -1.111876e-03 
 1.047733e+01 -1.328292e-03 
 1.047773e+01 -1.538729e-03 
 1.047813e+01 -1.738315e-03 
 1.047852e+01 -1.914067e-03 
 1.047892e+01 -2.051509e-03 
 1.047932e+01 -2.132140e-03 
 1.047972e+01 -2.135012e-03 
 1.048011e+01 -2.047845e-03 
 1.048051e+01 -1.862786e-03 
 1.048091e+01 -1.582356e-03 
 1.048131e+01 -1.218442e-03 
 1.048171e+01 -7.843806e-04 
 1.048210e+01 -2.903384e-04 
 1.048250e+01  2.613940e-04 
 1.048290e+01  8.693647e-04 
 1.048330e+01  1.535172e-03 
 1.048369e+01  2.265638e-03 
 1.048409e+01  3.056233e-03 
 1.048449e+01  3.903550e-03 
 1.048489e+01  4.803507e-03 
 1.048528e+01  5.741694e-03 
 1.048568e+01  6.703337e-03 
 1.048608e+01  7.674934e-03 
 1.048648e+01  8.636034e-03 
 1.048688e+01  9.565948e-03 
 1.048727e+01  1.044119e-02 
 1.048767e+01  1.124625e-02 
 1.048807e+01  1.197776e-02 
 1.048847e+01  1.264198e-02 
 1.048886e+01  1.325217e-02 
 1.048926e+01  1.382371e-02 
 1.048966e+01  1.436924e-02 
 1.049006e+01  1.489178e-02 
 1.049046e+01  1.538125e-02 
 1.049085e+01  1.582646e-02 
 1.049125e+01  1.622365e-02 
 1.049165e+01  1.656200e-02 
 1.049205e+01  1.684092e-02 
 1.049244e+01  1.706637e-02 
 1.049284e+01  1.724351e-02 
 1.049324e+01  1.738040e-02 
 1.049364e+01  1.748915e-02 
 1.049403e+01  1.758192e-02 
 1.049443e+01  1.766193e-02 
 1.049483e+01  1.772683e-02 
 1.049523e+01  1.776669e-02 
 1.049563e+01  1.776267e-02 
 1.049602e+01  1.769569e-02 
 1.049642e+01  1.754631e-02 
 1.049682e+01  1.730610e-02 
 1.049722e+01  1.698147e-02 
 1.049761e+01  1.659305e-02 
 1.049801e+01  1.615623e-02 
 1.049841e+01  1.568700e-02 
 1.049881e+01  1.519332e-02 
 1.049920e+01  1.467454e-02 
 1.049960e+01  1.412388e-02 
 1.050000e+01  1.353094e-02 
 1.050040e+01  1.287786e-02 
 1.050080e+01  1.214922e-02 
 1.050119e+01  1.133107e-02 
 1.050159e+01  1.041884e-02 
 1.050199e+01  9.416599e-03 
 1.050239e+01  8.341154e-03 
 1.050278e+01  7.206968e-03 
 1.050318e+01  6.033724e-03 
 1.050358e+01  4.840477e-03 
 1.050398e+01  3.630918e-03 
 1.050437e+01  2.405470e-03 
 1.050477e+01  1.155046e-03 
 1.050517e+01 -1.206555e-04 
 1.050557e+01 -1.425142e-03 
 1.050597e+01 -2.750768e-03 
 1.050636e+01 -4.093600e-03 
 1.050676e+01 -5.446027e-03 
 1.050716e+01 -6.802043e-03 
 1.050756e+01 -8.159452e-03 
 1.050795e+01 -9.512684e-03 
 1.050835e+01 -1.084329e-02 
 1.050875e+01 -1.213249e-02 
 1.050915e+01 -1.336300e-02 
 1.050954e+01 -1.451732e-02 
 1.050994e+01 -1.558631e-02 
 1.051034e+01 -1.657242e-02 
 1.051074e+01 -1.748972e-02 
 1.051114e+01 -1.835108e-02 
 1.051153e+01 -1.916445e-02 
 1.051193e+01 -1.992062e-02 
 1.051233e+01 -2.060248e-02 
 1.051273e+01 -2.119532e-02 
 1.051312e+01 -2.169329e-02 
 1.051352e+01 -2.210044e-02 
 1.051392e+01 -2.243733e-02 
 1.051432e+01 -2.272747e-02 
 1.051471e+01 -2.299060e-02 
 1.051511e+01 -2.324716e-02 
 1.051551e+01 -2.350812e-02 
 1.051591e+01 -2.377491e-02 
 1.051631e+01 -2.404789e-02 
 1.051670e+01 -2.433112e-02 
 1.051710e+01 -2.462780e-02 
 1.051750e+01 -2.493820e-02 
 1.051790e+01 -2.526318e-02 
 1.051829e+01 -2.559870e-02 
 1.051869e+01 -2.594339e-02 
 1.051909e+01 -2.632107e-02 
 1.051949e+01 -2.675835e-02 
 1.051988e+01 -2.727887e-02 
 1.052028e+01 -2.790267e-02 
 1.052068e+01 -2.863540e-02 
 1.052108e+01 -2.946041e-02 
 1.052148e+01 -3.035684e-02 
 1.052187e+01 -3.129372e-02 
 1.052227e+01 -3.223332e-02 
 1.052267e+01 -3.315476e-02 
 1.052307e+01 -3.404414e-02 
 1.052346e+01 -3.490216e-02 
 1.052386e+01 -3.573858e-02 
 1.052426e+01 -3.656102e-02 
 1.052466e+01 -3.738008e-02 
 1.052505e+01 -3.820190e-02 
 1.052545e+01 -3.903536e-02 
 1.052585e+01 -3.987789e-02 
 1.052625e+01 -4.072862e-02 
 1.052665e+01 -4.158574e-02 
 1.052704e+01 -4.243884e-02 
 1.052744e+01 -4.328314e-02 
 1.052784e+01 -4.411517e-02 
 1.052824e+01 -4.493116e-02 
 1.052863e+01 -4.571693e-02 
 1.052903e+01 -4.647289e-02 
 1.052943e+01 -4.720409e-02 
 1.052983e+01 -4.791116e-02 
 1.053022e+01 -4.859574e-02 
 1.053062e+01 -4.924658e-02 
 1.053102e+01 -4.985129e-02 
 1.053142e+01 -5.039813e-02 
 1.053182e+01 -5.087649e-02 
 1.053221e+01 -5.127874e-02 
 1.053261e+01 -5.161129e-02 
 1.053301e+01 -5.189226e-02 
 1.053341e+01 -5.213632e-02 
 1.053380e+01 -5.235571e-02 
 1.053420e+01 -5.256127e-02 
 1.053460e+01 -5.274715e-02 
 1.053500e+01 -5.290255e-02 
 1.053539e+01 -5.302248e-02 
 1.053579e+01 -5.310332e-02 
 1.053619e+01 -5.314339e-02 
 1.053659e+01 -5.314659e-02 
 1.053699e+01 -5.310747e-02 
 1.053738e+01 -5.301925e-02 
 1.053778e+01 -5.287355e-02 
 1.053818e+01 -5.266342e-02 
 1.053858e+01 -5.238316e-02 
 1.053897e+01 -5.204168e-02 
 1.053937e+01 -5.165498e-02 
 1.053977e+01 -5.122844e-02 
 1.054017e+01 -5.076316e-02 
 1.054056e+01 -5.024486e-02 
 1.054096e+01 -4.965048e-02 
 1.054136e+01 -4.895726e-02 
 1.054176e+01 -4.814887e-02 
 1.054216e+01 -4.721433e-02 
 1.054255e+01 -4.615850e-02 
 1.054295e+01 -4.499996e-02 
 1.054335e+01 -4.376561e-02 
 1.054375e+01 -4.247782e-02 
 1.054414e+01 -4.116651e-02 
 1.054454e+01 -3.984552e-02 
 1.054494e+01 -3.853161e-02 
 1.054534e+01 -3.723929e-02 
 1.054573e+01 -3.598063e-02 
 1.054613e+01 -3.476715e-02 
 1.054653e+01 -3.360616e-02 
 1.054693e+01 -3.250774e-02 
 1.054733e+01 -3.147883e-02 
 1.054772e+01 -3.053308e-02 
 1.054812e+01 -2.967994e-02 
 1.054852e+01 -2.892481e-02 
 1.054892e+01 -2.826361e-02 
 1.054931e+01 -2.768724e-02 
 1.054971e+01 -2.717409e-02 
 1.055011e+01 -2.670585e-02 
 1.055051e+01 -2.627266e-02 
 1.055090e+01 -2.586275e-02 
 1.055130e+01 -2.548045e-02 
 1.055170e+01 -2.513946e-02 
 1.055210e+01 -2.485774e-02 
 1.055250e+01 -2.464704e-02 
 1.055289e+01 -2.451994e-02 
 1.055329e+01 -2.447869e-02 
 1.055369e+01 -2.450969e-02 
 1.055409e+01 -2.459898e-02 
 1.055448e+01 -2.472495e-02 
 1.055488e+01 -2.486543e-02 
 1.055528e+01 -2.500664e-02 
 1.055568e+01 -2.513995e-02 
 1.055607e+01 -2.526380e-02 
 1.055647e+01 -2.537915e-02 
 1.055687e+01 -2.548877e-02 
 1.055727e+01 -2.558918e-02 
 1.055767e+01 -2.567555e-02 
 1.055806e+01 -2.573969e-02 
 1.055846e+01 -2.576812e-02 
 1.055886e+01 -2.574932e-02 
 1.055926e+01 -2.567879e-02 
 1.055965e+01 -2.555789e-02 
 1.056005e+01 -2.538542e-02 
 1.056045e+01 -2.515416e-02 
 1.056085e+01 -2.485408e-02 
 1.056124e+01 -2.448050e-02 
 1.056164e+01 -2.403420e-02 
 1.056204e+01 -2.352451e-02 
 1.056244e+01 -2.296021e-02 
 1.056284e+01 -2.236388e-02 
 1.056323e+01 -2.174238e-02 
 1.056363e+01 -2.110406e-02 
 1.056403e+01 -2.045480e-02 
 1.056443e+01 -1.980036e-02 
 1.056482e+01 -1.914005e-02 
 1.056522e+01 -1.848233e-02 
 1.056562e+01 -1.784708e-02 
 1.056602e+01 -1.724202e-02 
 1.056641e+01 -1.666852e-02 
 1.056681e+01 -1.611826e-02 
 1.056721e+01 -1.557349e-02 
 1.056761e+01 -1.501375e-02 
 1.056801e+01 -1.441649e-02 
 1.056840e+01 -1.377124e-02 
 1.056880e+01 -1.306865e-02 
 1.056920e+01 -1.231472e-02 
 1.056960e+01 -1.151116e-02 
 1.056999e+01 -1.066574e-02 
 1.057039e+01 -9.787233e-03 
 1.057079e+01 -8.886745e-03 
 1.057119e+01 -7.976053e-03 
 1.057158e+01 -7.070675e-03 
 1.057198e+01 -6.180795e-03 
 1.057238e+01 -5.313643e-03 
 1.057278e+01 -4.468936e-03 
 1.057318e+01 -3.641093e-03 
 1.057357e+01 -2.817969e-03 
 1.057397e+01 -1.993059e-03 
 1.057437e+01 -1.168374e-03 
 1.057477e+01 -3.464084e-04 
 1.057516e+01  4.545841e-04 
 1.057556e+01  1.211626e-03 
 1.057596e+01  1.912412e-03 
 1.057636e+01  2.552408e-03 
 1.057675e+01  3.128721e-03 
 1.057715e+01  3.647715e-03 
 1.057755e+01  4.123805e-03 
 1.057795e+01  4.563818e-03 
 1.057835e+01  4.971849e-03 
 1.057874e+01  5.344534e-03 
 1.057914e+01  5.672568e-03 
 1.057954e+01  5.948308e-03 
 1.057994e+01  6.166466e-03 
 1.058033e+01  6.315540e-03 
 1.058073e+01  6.390531e-03 
 1.058113e+01  6.393784e-03 
 1.058153e+01  6.326487e-03 
 1.058193e+01  6.194286e-03 
 1.058232e+01  6.013800e-03 
 1.058272e+01  5.798270e-03 
 1.058312e+01  5.565194e-03 
 1.058352e+01  5.333829e-03 
 1.058391e+01  5.111003e-03 
 1.058431e+01  4.894547e-03 
 1.058471e+01  4.677888e-03 
 1.058511e+01  4.455108e-03 
 1.058550e+01  4.226424e-03 
 1.058590e+01  4.012506e-03 
 1.058630e+01  3.835917e-03 
 1.058670e+01  3.725005e-03 
 1.058710e+01  3.702125e-03 
 1.058749e+01  3.782433e-03 
 1.058789e+01  3.962645e-03 
 1.058829e+01  4.231375e-03 
 1.058869e+01  4.575780e-03 
 1.058908e+01  4.980268e-03 
 1.058948e+01  5.432419e-03 
 1.058988e+01  5.930963e-03 
 1.059028e+01  6.470767e-03 
 1.059067e+01  7.044637e-03 
 1.059107e+01  7.640442e-03 
 1.059147e+01  8.251747e-03 
 1.059187e+01  8.873277e-03 
 1.059227e+01  9.508628e-03 
 1.059266e+01  1.016087e-02 
 1.059306e+01  1.083306e-02 
 1.059346e+01  1.152125e-02 
 1.059386e+01  1.221073e-02 
 1.059425e+01  1.287359e-02 
 1.059465e+01  1.348800e-02 
 1.059505e+01  1.403522e-02 
 1.059545e+01  1.450080e-02 
 1.059584e+01  1.488732e-02 
 1.059624e+01  1.520707e-02 
 1.059664e+01  1.546545e-02 
 1.059704e+01  1.567360e-02 
 1.059744e+01  1.583341e-02 
 1.059783e+01  1.593449e-02 
 1.059823e+01  1.596882e-02 
 1.059863e+01  1.592483e-02 
 1.059903e+01  1.579317e-02 
 1.059942e+01  1.556587e-02 
 1.059982e+01  1.524849e-02 
 1.060022e+01  1.484390e-02 
 1.060062e+01  1.436094e-02 
 1.060101e+01  1.381176e-02 
 1.060141e+01  1.320655e-02 
 1.060181e+01  1.255312e-02 
 1.060221e+01  1.185612e-02 
 1.060261e+01  1.111711e-02 
 1.060300e+01  1.033445e-02 
 1.060340e+01  9.502957e-03 
 1.060380e+01  8.611356e-03 
 1.060420e+01  7.653908e-03 
 1.060459e+01  6.632408e-03 
 1.060499e+01  5.550716e-03 
 1.060539e+01  4.417039e-03 
 1.060579e+01  3.255930e-03 
 1.060618e+01  2.090843e-03 
 1.060658e+01  9.360000e-04 
 1.060698e+01 -2.050109e-04 
 1.060738e+01 -1.342067e-03 
 1.060778e+01 -2.495044e-03 
 1.060817e+01 -3.686195e-03 
 1.060857e+01 -4.932330e-03 
 1.060897e+01 -6.242924e-03 
 1.060937e+01 -7.618061e-03 
 1.060976e+01 -9.046723e-03 
 1.061016e+01 -1.051089e-02 
 1.061056e+01 -1.199985e-02 
 1.061096e+01 -1.350427e-02 
 1.061135e+01 -1.501509e-02 
 1.061175e+01 -1.652845e-02 
 1.061215e+01 -1.802793e-02 
 1.061255e+01 -1.950249e-02 
 1.061295e+01 -2.094686e-02 
 1.061334e+01 -2.236818e-02 
 1.061374e+01 -2.377371e-02 
 1.061414e+01 -2.517924e-02 
 1.061454e+01 -2.659037e-02 
 1.061493e+01 -2.799989e-02 
 1.061533e+01 -2.938729e-02 
 1.061573e+01 -3.071749e-02 
 1.061613e+01 -3.196030e-02 
 1.061652e+01 -3.309832e-02 
 1.061692e+01 -3.413065e-02 
 1.061732e+01 -3.506385e-02 
 1.061772e+01 -3.591340e-02 
 1.061812e+01 -3.668763e-02 
 1.061851e+01 -3.738177e-02 
 1.061891e+01 -3.798694e-02 
 1.061931e+01 -3.849094e-02 
 1.061971e+01 -3.888543e-02 
 1.062010e+01 -3.917636e-02 
 1.062050e+01 -3.937984e-02 
 1.062090e+01 -3.951240e-02 
 1.062130e+01 -3.958913e-02 
 1.062169e+01 -3.962100e-02 
 1.062209e+01 -3.961709e-02 
 1.062249e+01 -3.958736e-02 
 1.062289e+01 -3.955188e-02 
 1.062329e+01 -3.952240e-02 
 1.062368e+01 -3.951521e-02 
 1.062408e+01 -3.953686e-02 
 1.062448e+01 -3.958585e-02 
 1.062488e+01 -3.964811e-02 
 1.062527e+01 -3.970669e-02 
 1.062567e+01 -3.974662e-02 
 1.062607e+01 -3.976123e-02 
 1.062647e+01 -3.976616e-02 
 1.062686e+01 -3.979056e-02 
 1.062726e+01 -3.985401e-02 
 1.062766e+01 -3.998112e-02 
 1.062806e+01 -4.017915e-02 
 1.062846e+01 -4.043761e-02 
 1.062885e+01 -4.073996e-02 
 1.062925e+01 -4.106952e-02 
 1.062965e+01 -4.140994e-02 
 1.063005e+01 -4.175427e-02 
 1.063044e+01 -4.210485e-02 
 1.063084e+01 -4.246639e-02 
 1.063124e+01 -4.283513e-02 
 1.063164e+01 -4.320817e-02 
 1.063203e+01 -4.358063e-02 
 1.063243e+01 -4.394730e-02 
 1.063283e+01 -4.431322e-02 
 1.063323e+01 -4.468449e-02 
 1.063363e+01 -4.506147e-02 
 1.063402e+01 -4.543458e-02 
 1.063442e+01 -4.578221e-02 
 1.063482e+01 -4.607958e-02 
 1.063522e+01 -4.630516e-02 
 1.063561e+01 -4.644772e-02 
 1.063601e+01 -4.650512e-02 
 1.063641e+01 -4.649203e-02 
 1.063681e+01 -4.643431e-02 
 1.063720e+01 -4.633821e-02 
 1.063760e+01 -4.620568e-02 
 1.063800e+01 -4.602146e-02 
 1.063840e+01 -4.576624e-02 
 1.063880e+01 -4.542691e-02 
 1.063919e+01 -4.500273e-02 
 1.063959e+01 -4.451096e-02 
 1.063999e+01 -4.397864e-02 
 1.064039e+01 -4.343599e-02 
 1.064078e+01 -4.290326e-02 
 1.064118e+01 -4.239212e-02 
 1.064158e+01 -4.190368e-02 
 1.064198e+01 -4.144124e-02 
 1.064237e+01 -4.100532e-02 
 1.064277e+01 -4.060882e-02 
 1.064317e+01 -4.025800e-02 
 1.064357e+01 -3.994451e-02 
 1.064397e+01 -3.964671e-02 
 1.064436e+01 -3.933137e-02 
 1.064476e+01 -3.896761e-02 
 1.064516e+01 -3.853914e-02 
 1.064556e+01 -3.804865e-02 
 1.064595e+01 -3.750471e-02 
 1.064635e+01 -3.693320e-02 
 1.064675e+01 -3.635417e-02 
 1.064715e+01 -3.577156e-02 
 1.064754e+01 -3.517396e-02 
 1.064794e+01 -3.454693e-02 
 1.064834e+01 -3.387764e-02 
 1.064874e+01 -3.316426e-02 
 1.064914e+01 -3.242148e-02 
 1.064953e+01 -3.166337e-02 
 1.064993e+01 -3.090383e-02 
 1.065033e+01 -3.015115e-02 
 1.065073e+01 -2.940703e-02 
 1.065112e+01 -2.867238e-02 
 1.065152e+01 -2.795471e-02 
 1.065192e+01 -2.725951e-02 
 1.065232e+01 -2.659141e-02 
 1.065271e+01 -2.595514e-02 
 1.065311e+01 -2.535244e-02 
 1.065351e+01 -2.478110e-02 
 1.065391e+01 -2.423067e-02 
 1.065431e+01 -2.369910e-02 
 1.065470e+01 -2.319290e-02 
 1.065510e+01 -2.272528e-02 
 1.065550e+01 -2.231935e-02 
 1.065590e+01 -2.198206e-02 
 1.065629e+01 -2.171659e-02 
 1.065669e+01 -2.152327e-02 
 1.065709e+01 -2.138736e-02 
 1.065749e+01 -2.129280e-02 
 1.065788e+01 -2.122865e-02 
 1.065828e+01 -2.119290e-02 
 1.065868e+01 -2.118484e-02 
 1.065908e+01 -2.122557e-02 
 1.065948e+01 -2.133021e-02 
 1.065987e+01 -2.150581e-02 
 1.066027e+01 -2.176052e-02 
 1.066067e+01 -2.208615e-02 
 1.066107e+01 -2.247243e-02 
 1.066146e+01 -2.289435e-02 
 1.066186e+01 -2.333852e-02 
 1.066226e+01 -2.377919e-02 
 1.066266e+01 -2.419995e-02 
 1.066305e+01 -2.459195e-02 
 1.066345e+01 -2.493562e-02 
 1.066385e+01 -2.521162e-02 
 1.066425e+01 -2.540653e-02 
 1.066465e+01 -2.550567e-02 
 1.066504e+01 -2.550727e-02 
 1.066544e+01 -2.542123e-02 
 1.066584e+01 -2.525170e-02 
 1.066624e+01 -2.500110e-02 
 1.066663e+01 -2.466892e-02 
 1.066703e+01 -2.424443e-02 
 1.066743e+01 -2.370947e-02 
 1.066783e+01 -2.306231e-02 
 1.066822e+01 -2.231619e-02 
 1.066862e+01 -2.149438e-02 
 1.066902e+01 -2.062728e-02 
 1.066942e+01 -1.974201e-02 
 1.066982e+01 -1.885328e-02 
 1.067021e+01 -1.796130e-02 
 1.067061e+01 -1.705201e-02 
 1.067101e+01 -1.610696e-02 
 1.067141e+01 -1.512742e-02 
 1.067180e+01 -1.411718e-02 
 1.067220e+01 -1.308700e-02 
 1.067260e+01 -1.203831e-02 
 1.067300e+01 -1.096889e-02 
 1.067340e+01 -9.871756e-03 
 1.067379e+01 -8.738950e-03 
 1.067419e+01 -7.580335e-03 
 1.067459e+01 -6.403896e-03 
 1.067499e+01 -5.226468e-03 
 1.067538e+01 -4.066022e-03 
 1.067578e+01 -2.929156e-03 
 1.067618e+01 -1.811712e-03 
 1.067658e+01 -7.026576e-04 
 1.067697e+01  4.140529e-04 
 1.067737e+01  1.554556e-03 
 1.067777e+01  2.716414e-03 
 1.067817e+01  3.880712e-03 
 1.067857e+01  5.033089e-03 
 1.067896e+01  6.156930e-03 
 1.067936e+01  7.240275e-03 
 1.067976e+01  8.292498e-03 
 1.068016e+01  9.324087e-03 
 1.068055e+01  1.034100e-02 
 1.068095e+01  1.134843e-02 
 1.068135e+01  1.234787e-02 
 1.068175e+01  1.333852e-02 
 1.068214e+01  1.431617e-02 
 1.068254e+01  1.527325e-02 
 1.068294e+01  1.620154e-02 
 1.068334e+01  1.709648e-02 
 1.068374e+01  1.795394e-02 
 1.068413e+01  1.876132e-02 
 1.068453e+01  1.950751e-02 
 1.068493e+01  2.018758e-02 
 1.068533e+01  2.079488e-02 
 1.068572e+01  2.133428e-02 
 1.068612e+01  2.181356e-02 
 1.068652e+01  2.224000e-02 
 1.068692e+01  2.260819e-02 
 1.068731e+01  2.290925e-02 
 1.068771e+01  2.311419e-02 
 1.068811e+01  2.319163e-02 
 1.068851e+01  2.312668e-02 
 1.068891e+01  2.291285e-02 
 1.068930e+01  2.256079e-02 
 1.068970e+01  2.210647e-02 
 1.069010e+01  2.158651e-02 
 1.069050e+01  2.102966e-02 
 1.069089e+01  2.044606e-02 
 1.069129e+01  1.983966e-02 
 1.069169e+01  1.919985e-02 
 1.069209e+01  1.851494e-02 
 1.069248e+01  1.778998e-02 
 1.069288e+01  1.703227e-02 
 1.069328e+01  1.626251e-02 
 1.069368e+01  1.549383e-02 
 1.069408e+01  1.473577e-02 
 1.069447e+01  1.398570e-02 
 1.069487e+01  1.325010e-02 
 1.069527e+01  1.252848e-02 
 1.069567e+01  1.182904e-02 
 1.069606e+01  1.117166e-02 
 1.069646e+01  1.056825e-02 
 1.069686e+01  1.000528e-02 
 1.069726e+01  9.472525e-03 
 1.069765e+01  8.955193e-03 
 1.069805e+01  8.433834e-03 
 1.069845e+01  7.909842e-03 
 1.069885e+01  7.396699e-03 
 1.069925e+01  6.910042e-03 
 1.069964e+01  6.469510e-03 
 1.070004e+01  6.079887e-03 
 1.070044e+01  5.730943e-03 
 1.070084e+01  5.399609e-03 
 1.070123e+01  5.058513e-03 
 1.070163e+01  4.688648e-03 
 1.070203e+01  4.289712e-03 
 1.070243e+01  3.864777e-03 
 1.070282e+01  3.417941e-03 
 1.070322e+01  2.947467e-03 
 1.070362e+01  2.451392e-03 
 1.070402e+01  1.920325e-03 
 1.070442e+01  1.341701e-03 
 1.070481e+01  7.233165e-04 
 1.070521e+01  6.959248e-05 
 1.070561e+01 -6.055523e-04 
 1.070601e+01 -1.294601e-03 
 1.070640e+01 -2.002094e-03 
 1.070680e+01 -2.750050e-03 
 1.070720e+01 -3.555082e-03 
 1.070760e+01 -4.430863e-03 
 1.070799e+01 -5.381148e-03 
 1.070839e+01 -6.388494e-03 
 1.070879e+01 -7.426866e-03 
 1.070919e+01 -8.469629e-03 
 1.070959e+01 -9.498258e-03 
 1.070998e+01 -1.049892e-02 
 1.071038e+01 -1.147915e-02 
 1.071078e+01 -1.244622e-02 
 1.071118e+01 -1.341039e-02 
 1.071157e+01 -1.437902e-02 
 1.071197e+01 -1.534769e-02 
 1.071237e+01 -1.631021e-02 
 1.071277e+01 -1.725560e-02 
 1.071316e+01 -1.818331e-02 
 1.071356e+01 -1.908343e-02 
 1.071396e+01 -1.995948e-02 
 1.071436e+01 -2.081421e-02 
 1.071476e+01 -2.164735e-02 
 1.071515e+01 -2.245386e-02 
 1.071555e+01 -2.324669e-02 
 1.071595e+01 -2.403605e-02 
 1.071635e+01 -2.484099e-02 
 1.071674e+01 -2.568095e-02 
 1.071714e+01 -2.656789e-02 
 1.071754e+01 -2.750355e-02 
 1.071794e+01 -2.847780e-02 
 1.071833e+01 -2.946278e-02 
 1.071873e+01 -3.042983e-02 
 1.071913e+01 -3.136584e-02 
 1.071953e+01 -3.226454e-02 
 1.071993e+01 -3.313905e-02 
 1.072032e+01 -3.401064e-02 
 1.072072e+01 -3.489496e-02 
 1.072112e+01 -3.579068e-02 
 1.072152e+01 -3.668928e-02 
 1.072191e+01 -3.757196e-02 
 1.072231e+01 -3.841363e-02 
 1.072271e+01 -3.919699e-02 
 1.072311e+01 -3.991217e-02 
 1.072350e+01 -4.055540e-02 
 1.072390e+01 -4.112131e-02 
 1.072430e+01 -4.161605e-02 
 1.072470e+01 -4.203491e-02 
 1.072510e+01 -4.237593e-02 
 1.072549e+01 -4.264399e-02 
 1.072589e+01 -4.284866e-02 
 1.072629e+01 -4.299722e-02 
 1.072669e+01 -4.309742e-02 
 1.072708e+01 -4.314951e-02 
 1.072748e+01 -4.314068e-02 
 1.072788e+01 -4.305891e-02 
 1.072828e+01 -4.289152e-02 
 1.072867e+01 -4.262692e-02 
 1.072907e+01 -4.226763e-02 
 1.072947e+01 -4.182093e-02 
 1.072987e+01 -4.130348e-02 
 1.073027e+01 -4.073746e-02 
 1.073066e+01 -4.014923e-02 
 1.073106e+01 -3.954591e-02 
 1.073146e+01 -3.893045e-02 
 1.073186e+01 -3.829812e-02 
 1.073225e+01 -3.764651e-02 
 1.073265e+01 -3.697324e-02 
 1.073305e+01 -3.628637e-02 
 1.073345e+01 -3.559057e-02 
 1.073384e+01 -3.490005e-02 
 1.073424e+01 -3.422848e-02 
 1.073464e+01 -3.358691e-02 
 1.073504e+01 -3.298219e-02 
 1.073544e+01 -3.243022e-02 
 1.073583e+01 -3.194151e-02 
 1.073623e+01 -3.152726e-02 
 1.073663e+01 -3.120083e-02 
 1.073703e+01 -3.096535e-02 
 1.073742e+01 -3.081531e-02 
 1.073782e+01 -3.073588e-02 
 1.073822e+01 -3.071412e-02 
 1.073862e+01 -3.073515e-02 
 1.073901e+01 -3.079758e-02 
 1.073941e+01 -3.090854e-02 
 1.073981e+01 -3.107107e-02 
 1.074021e+01 -3.128823e-02 
 1.074061e+01 -3.155113e-02 
 1.074100e+01 -3.183270e-02 
 1.074140e+01 -3.210317e-02 
 1.074180e+01 -3.233426e-02 
 1.074220e+01 -3.251187e-02 
 1.074259e+01 -3.263530e-02 
 1.074299e+01 -3.272395e-02 
 1.074339e+01 -3.279867e-02 
 1.074379e+01 -3.288255e-02 
 1.074418e+01 -3.299436e-02 
 1.074458e+01 -3.313725e-02 
 1.074498e+01 -3.331055e-02 
 1.074538e+01 -3.351143e-02 
 1.074578e+01 -3.373952e-02 
 1.074617e+01 -3.399723e-02 
 1.074657e+01 -3.428971e-02 
 1.074697e+01 -3.461532e-02 
 1.074737e+01 -3.495556e-02 
 1.074776e+01 -3.529596e-02 
 1.074816e+01 -3.562332e-02 
 1.074856e+01 -3.593333e-02 
 1.074896e+01 -3.623819e-02 
 1.074935e+01 -3.655724e-02 
 1.074975e+01 -3.690096e-02 
 1.075015e+01 -3.726778e-02 
 1.075055e+01 -3.764731e-02 
 1.075095e+01 -3.801566e-02 
 1.075134e+01 -3.834961e-02 
 1.075174e+01 -3.863842e-02 
 1.075214e+01 -3.887812e-02 
 1.075254e+01 -3.908502e-02 
 1.075293e+01 -3.927308e-02 
 1.075333e+01 -3.943934e-02 
 1.075373e+01 -3.958280e-02 
 1.075413e+01 -3.968680e-02 
 1.075452e+01 -3.973209e-02 
 1.075492e+01 -3.971094e-02 
 1.075532e+01 -3.963688e-02 
 1.075572e+01 -3.952857e-02 
 1.075612e+01 -3.939207e-02 
 1.075651e+01 -3.922759e-02 
 1.075691e+01 -3.901880e-02 
 1.075731e+01 -3.874142e-02 
 1.075771e+01 -3.838209e-02 
 1.075810e+01 -3.794017e-02 
 1.075850e+01 -3.742238e-02 
 1.075890e+01 -3.683735e-02 
 1.075930e+01 -3.619421e-02 
 1.075969e+01 -3.549325e-02 
 1.076009e+01 -3.472248e-02 
 1.076049e+01 -3.385787e-02 
 1.076089e+01 -3.287274e-02 
 1.076129e+01 -3.175902e-02 
 1.076168e+01 -3.053236e-02 
 1.076208e+01 -2.922547e-02 
 1.076248e+01 -2.787703e-02 
 1.076288e+01 -2.652372e-02 
 1.076327e+01 -2.518960e-02 
 1.076367e+01 -2.388909e-02 
 1.076407e+01 -2.263560e-02 
 1.076447e+01 -2.143563e-02 
 1.076487e+01 -2.029183e-02 
 1.076526e+01 -1.921214e-02 
 1.076566e+01 -1.819904e-02 
 1.076606e+01 -1.725028e-02 
 1.076646e+01 -1.635129e-02 
 1.076685e+01 -1.548719e-02 
 1.076725e+01 -1.463718e-02 
 1.076765e+01 -1.380167e-02 
 1.076805e+01 -1.299183e-02 
 1.076844e+01 -1.222175e-02 
 1.076884e+01 -1.149956e-02 
 1.076924e+01 -1.082452e-02 
 1.076964e+01 -1.017461e-02 
 1.077004e+01 -9.520461e-03 
 1.077043e+01 -8.847774e-03 
 1.077083e+01 -8.144601e-03 
 1.077123e+01 -7.423690e-03 
 1.077163e+01 -6.706256e-03 
 1.077202e+01 -6.014679e-03 
 1.077242e+01 -5.356820e-03 
 1.077282e+01 -4.724053e-03 
 1.077322e+01 -4.089657e-03 
 1.077361e+01 -3.431025e-03 
 1.077401e+01 -2.737213e-03 
 1.077441e+01 -2.015323e-03 
 1.077481e+01 -1.274475e-03 
 1.077521e+01 -5.251649e-04 
 1.077560e+01  2.208693e-04 
 1.077600e+01  9.627264e-04 
 1.077640e+01  1.697143e-03 
 1.077680e+01  2.426611e-03 
 1.077719e+01  3.148279e-03 
 1.077759e+01  3.854924e-03 
 1.077799e+01  4.533798e-03 
 1.077839e+01  5.183544e-03 
 1.077878e+01  5.814645e-03 
 1.077918e+01  6.448182e-03 
 1.077958e+01  7.111074e-03 
 1.077998e+01  7.816790e-03 
 1.078038e+01  8.556927e-03 
 1.078077e+01  9.310286e-03 
 1.078117e+01  1.005823e-02 
 1.078157e+01  1.077884e-02 
 1.078197e+01  1.145294e-02 
 1.078236e+01  1.207539e-02 
 1.078276e+01  1.264639e-02 
 1.078316e+01  1.317445e-02 
 1.078356e+01  1.365861e-02 
 1.078395e+01  1.409835e-02 
 1.078435e+01  1.448690e-02 
 1.078475e+01  1.482540e-02 
 1.078515e+01  1.512927e-02 
 1.078555e+01  1.541609e-02 
 1.078594e+01  1.571257e-02 
 1.078634e+01  1.602866e-02 
 1.078674e+01  1.636131e-02 
 1.078714e+01  1.670641e-02 
 1.078753e+01  1.706261e-02 
 1.078793e+01  1.742369e-02 
 1.078833e+01  1.779026e-02 
 1.078873e+01  1.817119e-02 
 1.078912e+01  1.857253e-02 
 1.078952e+01  1.899777e-02 
 1.078992e+01  1.944448e-02 
 1.079032e+01  1.989622e-02 
 1.079072e+01  2.032722e-02 
 1.079111e+01  2.071643e-02 
 1.079151e+01  2.104238e-02 
 1.079191e+01  2.129409e-02 
 1.079231e+01  2.146797e-02 
 1.079270e+01  2.157340e-02 
 1.079310e+01  2.162026e-02 
 1.079350e+01  2.162355e-02 
 1.079390e+01  2.158953e-02 
 1.079429e+01  2.150340e-02 
 1.079469e+01  2.134664e-02 
 1.079509e+01  2.109895e-02 
 1.079549e+01  2.074536e-02 
 1.079589e+01  2.027193e-02 
 1.079628e+01  1.966992e-02 
 1.079668e+01  1.894158e-02 
 1.079708e+01  1.809248e-02 
 1.079748e+01  1.713669e-02 
 1.079787e+01  1.609374e-02 
 1.079827e+01  1.498033e-02 
 1.079867e+01  1.381911e-02 
 1.079907e+01  1.262154e-02 
 1.079946e+01  1.139594e-02 
 1.079986e+01  1.013681e-02 
 1.080026e+01  8.826699e-03 
 1.080066e+01  7.441821e-03 
 1.080106e+01  5.980727e-03 
 1.080145e+01  4.452756e-03 
 1.080185e+01  2.883193e-03 
 1.080225e+01  1.310406e-03 
 1.080265e+01 -2.350416e-04 
 1.080304e+01 -1.734433e-03 
 1.080344e+01 -3.186863e-03 
 1.080384e+01 -4.594644e-03 
 1.080424e+01 -5.970060e-03 
 1.080463e+01 -7.316545e-03 
 1.080503e+01 -8.632545e-03 
 1.080543e+01 -9.909135e-03 
 1.080583e+01 -1.113969e-02 
 1.080623e+01 -1.231381e-02 
 1.080662e+01 -1.342367e-02 
 1.080702e+01 -1.446899e-02 
 1.080742e+01 -1.544728e-02 
 1.080782e+01 -1.636248e-02 
 1.080821e+01 -1.720826e-02 
 1.080861e+01 -1.798363e-02 
 1.080901e+01 -1.869176e-02 
 1.080941e+01 -1.934093e-02 
 1.080980e+01 -1.994858e-02 
 1.081020e+01 -2.052975e-02 
 1.081060e+01 -2.109927e-02 
 1.081100e+01 -2.166010e-02 
 1.081140e+01 -2.220426e-02 
 1.081179e+01 -2.272162e-02 
 1.081219e+01 -2.318942e-02 
 1.081259e+01 -2.359339e-02 
 1.081299e+01 -2.393239e-02 
 1.081338e+01 -2.421555e-02 
 1.081378e+01 -2.446542e-02 
 1.081418e+01 -2.471136e-02 
 1.081458e+01 -2.496987e-02 
 1.081497e+01 -2.524585e-02 
 1.081537e+01 -2.553118e-02 
 1.081577e+01 -2.581415e-02 
 1.081617e+01 -2.607482e-02 
 1.081657e+01 -2.630392e-02 
 1.081696e+01 -2.649313e-02 
 1.081736e+01 -2.662887e-02 
 1.081776e+01 -2.670457e-02 
 1.081816e+01 -2.671870e-02 
 1.081855e+01 -2.667186e-02 
 1.081895e+01 -2.657136e-02 
 1.081935e+01 -2.643524e-02 
 1.081975e+01 -2.628815e-02 
 1.082014e+01 -2.615914e-02 
 1.082054e+01 -2.606425e-02 
 1.082094e+01 -2.600243e-02 
 1.082134e+01 -2.595123e-02 
 1.082174e+01 -2.588893e-02 
 1.082213e+01 -2.579716e-02 
 1.082253e+01 -2.567754e-02 
 1.082293e+01 -2.554991e-02 
 1.082333e+01 -2.544320e-02 
 1.082372e+01 -2.539061e-02 
 1.082412e+01 -2.542026e-02 
 1.082452e+01 -2.553506e-02 
 1.082492e+01 -2.572894e-02 
 1.082531e+01 -2.598340e-02 
 1.082571e+01 -2.629189e-02 
 1.082611e+01 -2.665017e-02 
 1.082651e+01 -2.706681e-02 
 1.082691e+01 -2.754700e-02 
 1.082730e+01 -2.808896e-02 
 1.082770e+01 -2.868934e-02 
 1.082810e+01 -2.934342e-02 
 1.082850e+01 -3.005097e-02 
 1.082889e+01 -3.081559e-02 
 1.082929e+01 -3.164436e-02 
 1.082969e+01 -3.253818e-02 
 1.083009e+01 -3.348343e-02 
 1.083048e+01 -3.445721e-02 
 1.083088e+01 -3.542163e-02 
 1.083128e+01 -3.634570e-02 
 1.083168e+01 -3.721554e-02 
 1.083208e+01 -3.804031e-02 
 1.083247e+01 -3.884473e-02 
 1.083287e+01 -3.965544e-02 
 1.083327e+01 -4.048414e-02 
 1.083367e+01 -4.132168e-02 
 1.083406e+01 -4.215517e-02 
 1.083446e+01 -4.296339e-02 
 1.083486e+01 -4.372436e-02 
 1.083526e+01 -4.442073e-02 
 1.083565e+01 -4.503793e-02 
 1.083605e+01 -4.556097e-02 
 1.083645e+01 -4.597902e-02 
 1.083685e+01 -4.628393e-02 
 1.083725e+01 -4.646762e-02 
 1.083764e+01 -4.653114e-02 
 1.083804e+01 -4.648957e-02 
 1.083844e+01 -4.636650e-02 
 1.083884e+01 -4.618840e-02 
 1.083923e+01 -4.597703e-02 
 1.083963e+01 -4.574269e-02 
 1.084003e+01 -4.548827e-02 
 1.084043e+01 -4.521492e-02 
 1.084082e+01 -4.492071e-02 
 1.084122e+01 -4.460693e-02 
 1.084162e+01 -4.428187e-02 
 1.084202e+01 -4.395536e-02 
 1.084242e+01 -4.364514e-02 
 1.084281e+01 -4.336696e-02 
 1.084321e+01 -4.312239e-02 
 1.084361e+01 -4.291383e-02 
 1.084401e+01 -4.273566e-02 
 1.084440e+01 -4.257908e-02 
 1.084480e+01 -4.243089e-02 
 1.084520e+01 -4.228588e-02 
 1.084560e+01 -4.214358e-02 
 1.084599e+01 -4.200157e-02 
 1.084639e+01 -4.186576e-02 
 1.084679e+01 -4.174116e-02 
 1.084719e+01 -4.163158e-02 
 1.084759e+01 -4.153624e-02 
 1.084798e+01 -4.145337e-02 
 1.084838e+01 -4.137914e-02 
 1.084878e+01 -4.130449e-02 
 1.084918e+01 -4.121674e-02 
 1.084957e+01 -4.110475e-02 
 1.084997e+01 -4.095698e-02 
 1.085037e+01 -4.076799e-02 
 1.085077e+01 -4.054240e-02 
 1.085116e+01 -4.029399e-02 
 1.085156e+01 -4.005355e-02 
 1.085196e+01 -3.984207e-02 
 1.085236e+01 -3.968211e-02 
 1.085276e+01 -3.958245e-02 
 1.085315e+01 -3.952942e-02 
 1.085355e+01 -3.950354e-02 
 1.085395e+01 -3.947514e-02 
 1.085435e+01 -3.941930e-02 
 1.085474e+01 -3.932176e-02 
 1.085514e+01 -3.917737e-02 
 1.085554e+01 -3.899067e-02 
 1.085594e+01 -3.876546e-02 
 1.085634e+01 -3.850283e-02 
 1.085673e+01 -3.820052e-02 
 1.085713e+01 -3.785673e-02 
 1.085753e+01 -3.747724e-02 
 1.085793e+01 -3.706951e-02 
 1.085832e+01 -3.664682e-02 
 1.085872e+01 -3.622082e-02 
 1.085912e+01 -3.580295e-02 
 1.085952e+01 -3.539843e-02 
 1.085991e+01 -3.500405e-02 
 1.086031e+01 -3.461346e-02 
 1.086071e+01 -3.422278e-02 
 1.086111e+01 -3.382487e-02 
 1.086151e+01 -3.341144e-02 
 1.086190e+01 -3.297282e-02 
 1.086230e+01 -3.249204e-02 
 1.086270e+01 -3.194580e-02 
 1.086310e+01 -3.131183e-02 
 1.086349e+01 -3.057422e-02 
 1.086389e+01 -2.972717e-02 
 1.086429e+01 -2.876739e-02 
 1.086469e+01 -2.769515e-02 
 1.086508e+01 -2.651854e-02 
 1.086548e+01 -2.525037e-02 
 1.086588e+01 -2.390079e-02 
 1.086628e+01 -2.248040e-02 
 1.086668e+01 -2.099592e-02 
 1.086707e+01 -1.944588e-02 
 1.086747e+01 -1.782647e-02 
 1.086787e+01 -1.614429e-02 
 1.086827e+01 -1.440346e-02 
 1.086866e+01 -1.261257e-02 
 1.086906e+01 -1.078782e-02 
 1.086946e+01 -8.946380e-03 
 1.086986e+01 -7.105660e-03 
 1.087025e+01 -5.282577e-03 
 1.087065e+01 -3.492914e-03 
 1.087105e+01 -1.749649e-03 
 1.087145e+01 -7.243531e-05 
 1.087185e+01  1.517808e-03 
 1.087224e+01  3.007272e-03 
 1.087264e+01  4.393390e-03 
 1.087304e+01  5.691447e-03 
 1.087344e+01  6.911354e-03 
 1.087383e+01  8.065428e-03 
 1.087423e+01  9.153281e-03 
 1.087463e+01  1.016934e-02 
 1.087503e+01  1.109547e-02 
 1.087542e+01  1.191845e-02 
 1.087582e+01  1.263522e-02 
 1.087622e+01  1.325336e-02 
 1.087662e+01  1.379001e-02 
 1.087702e+01  1.425631e-02 
 1.087741e+01  1.465637e-02 
 1.087781e+01  1.498064e-02 
 1.087821e+01  1.521059e-02 
 1.087861e+01  1.533449e-02 
 1.087900e+01  1.535854e-02 
 1.087940e+01  1.528824e-02 
 1.087980e+01  1.514058e-02 
 1.088020e+01  1.492502e-02 
 1.088059e+01  1.464355e-02 
 1.088099e+01  1.430387e-02 
 1.088139e+01  1.392087e-02 
 1.088179e+01  1.351115e-02 
 1.088219e+01  1.310957e-02 
 1.088258e+01  1.274112e-02 
 1.088298e+01  1.243049e-02 
 1.088338e+01  1.218285e-02 
 1.088378e+01  1.197593e-02 
 1.088417e+01  1.178263e-02 
 1.088457e+01  1.157502e-02 
 1.088497e+01  1.134351e-02 
 1.088537e+01  1.109681e-02 
 1.088576e+01  1.085105e-02 
 1.088616e+01  1.061877e-02 
 1.088656e+01  1.040418e-02 
 1.088696e+01  1.020646e-02 
 1.088736e+01  1.001266e-02 
 1.088775e+01  9.814635e-03 
 1.088815e+01  9.605898e-03 
 1.088855e+01  9.383315e-03 
 1.088895e+01  9.147761e-03 
 1.088934e+01  8.901008e-03 
 1.088974e+01  8.641638e-03 
 1.089014e+01  8.358422e-03 
 1.089054e+01  8.047238e-03 
 1.089093e+01  7.709766e-03 
 1.089133e+01  7.358640e-03 
 1.089173e+01  7.014810e-03 
 1.089213e+01  6.697906e-03 
 1.089253e+01  6.424215e-03 
 1.089292e+01  6.192722e-03 
 1.089332e+01  5.994615e-03 
 1.089372e+01  5.812687e-03 
 1.089412e+01  5.638397e-03 
 1.089451e+01  5.471566e-03 
 1.089491e+01  5.309980e-03 
 1.089531e+01  5.160816e-03 
 1.089571e+01  5.038769e-03 
 1.089610e+01  4.949824e-03 
 1.089650e+01  4.902911e-03 
 1.089690e+01  4.887718e-03 
 1.089730e+01  4.897861e-03 
 1.089770e+01  4.923065e-03 
 1.089809e+01  4.950804e-03 
 1.089849e+01  4.972457e-03 
 1.089889e+01  4.973591e-03 
 1.089929e+01  4.938795e-03 
 1.089968e+01  4.861981e-03 
 1.090008e+01  4.748213e-03 
 1.090048e+01  4.602845e-03 
 1.090088e+01  4.437686e-03 
 1.090127e+01  4.257566e-03 
 1.090167e+01  4.063144e-03 
 1.090207e+01  3.850057e-03 
 1.090247e+01  3.602378e-03 
 1.090287e+01  3.293061e-03 
 1.090326e+01  2.897268e-03 
 1.090366e+01  2.394872e-03 
 1.090406e+01  1.784473e-03 
 1.090446e+01  1.081050e-03 
 1.090485e+01  3.012882e-04 
 1.090525e+01 -5.368471e-04 
 1.090565e+01 -1.412352e-03 
 1.090605e+01 -2.319367e-03 
 1.090644e+01 -3.255039e-03 
 1.090684e+01 -4.224753e-03 
 1.090724e+01 -5.238126e-03 
 1.090764e+01 -6.304356e-03 
 1.090804e+01 -7.413092e-03 
 1.090843e+01 -8.562142e-03 
 1.090883e+01 -9.734957e-03 
 1.090923e+01 -1.092450e-02 
 1.090963e+01 -1.212396e-02 
 1.091002e+01 -1.331183e-02 
 1.091042e+01 -1.447054e-02 
 1.091082e+01 -1.557210e-02 
 1.091122e+01 -1.659869e-02 
 1.091161e+01 -1.755109e-02 
 1.091201e+01 -1.843709e-02 
 1.091241e+01 -1.926413e-02 
 1.091281e+01 -2.004306e-02 
 1.091321e+01 -2.078184e-02 
 1.091360e+01 -2.147681e-02 
 1.091400e+01 -2.211821e-02 
 1.091440e+01 -2.269207e-02 
 1.091480e+01 -2.318192e-02 
 1.091519e+01 -2.358331e-02 
 1.091559e+01 -2.390362e-02 
 1.091599e+01 -2.415214e-02 
 1.091639e+01 -2.433415e-02 
 1.091678e+01 -2.445226e-02 
 1.091718e+01 -2.451909e-02 
 1.091758e+01 -2.455251e-02 
 1.091798e+01 -2.457631e-02 
 1.091838e+01 -2.460954e-02 
 1.091877e+01 -2.466233e-02 
 1.091917e+01 -2.473074e-02 
 1.091957e+01 -2.480991e-02 
 1.091997e+01 -2.489440e-02 
 1.092036e+01 -2.498548e-02 
 1.092076e+01 -2.508281e-02 
 1.092116e+01 -2.519866e-02 
 1.092156e+01 -2.535263e-02 
 1.092195e+01 -2.556305e-02 
 1.092235e+01 -2.582913e-02 
 1.092275e+01 -2.614251e-02 
 1.092315e+01 -2.649119e-02 
 1.092355e+01 -2.686061e-02 
 1.092394e+01 -2.724406e-02 
 1.092434e+01 -2.763577e-02 
 1.092474e+01 -2.802011e-02 
 1.092514e+01 -2.838975e-02 
 1.092553e+01 -2.873112e-02 
 1.092593e+01 -2.904653e-02 
 1.092633e+01 -2.934170e-02 
 1.092673e+01 -2.962817e-02 
 1.092712e+01 -2.993405e-02 
 1.092752e+01 -3.027664e-02 
 1.092792e+01 -3.067444e-02 
 1.092832e+01 -3.112822e-02 
 1.092872e+01 -3.161922e-02 
 1.092911e+01 -3.212186e-02 
 1.092951e+01 -3.261870e-02 
 1.092991e+01 -3.310707e-02 
 1.093031e+01 -3.358772e-02 
 1.093070e+01 -3.406873e-02 
 1.093110e+01 -3.455909e-02 
 1.093150e+01 -3.506423e-02 
 1.093190e+01 -3.559579e-02 
 1.093229e+01 -3.615463e-02 
 1.093269e+01 -3.674048e-02 
 1.093309e+01 -3.734247e-02 
 1.093349e+01 -3.795117e-02 
 1.093389e+01 -3.856407e-02 
 1.093428e+01 -3.917955e-02 
 1.093468e+01 -3.979584e-02 
 1.093508e+01 -4.041365e-02 
 1.093548e+01 -4.103860e-02 
 1.093587e+01 -4.168323e-02 
 1.093627e+01 -4.236153e-02 
 1.093667e+01 -4.308756e-02 
 1.093707e+01 -4.385693e-02 
 1.093746e+01 -4.466145e-02 
 1.093786e+01 -4.547714e-02 
 1.093826e+01 -4.628210e-02 
 1.093866e+01 -4.705453e-02 
 1.093906e+01 -4.777229e-02 
 1.093945e+01 -4.843167e-02 
 1.093985e+01 -4.903422e-02 
 1.094025e+01 -4.958812e-02 
 1.094065e+01 -5.010258e-02 
 1.094104e+01 -5.057869e-02 
 1.094144e+01 -5.100332e-02 
 1.094184e+01 -5.135663e-02 
 1.094224e+01 -5.162032e-02 
 1.094263e+01 -5.178185e-02 
 1.094303e+01 -5.183473e-02 
 1.094343e+01 -5.177513e-02 
 1.094383e+01 -5.160191e-02 
 1.094423e+01 -5.131098e-02 
 1.094462e+01 -5.090174e-02 
 1.094502e+01 -5.038430e-02 
 1.094542e+01 -4.977474e-02 
 1.094582e+01 -4.909502e-02 
 1.094621e+01 -4.837213e-02 
 1.094661e+01 -4.763694e-02 
 1.094701e+01 -4.690555e-02 
 1.094741e+01 -4.618648e-02 
 1.094781e+01 -4.546878e-02 
 1.094820e+01 -4.473772e-02 
 1.094860e+01 -4.397934e-02 
 1.094900e+01 -4.319764e-02 
 1.094940e+01 -4.240295e-02 
 1.094979e+01 -4.160435e-02 
 1.095019e+01 -4.081824e-02 
 1.095059e+01 -4.004349e-02 
 1.095099e+01 -3.928107e-02 
 1.095138e+01 -3.852400e-02 
 1.095178e+01 -3.776493e-02 
 1.095218e+01 -3.699683e-02 
 1.095258e+01 -3.622311e-02 
 1.095298e+01 -3.545244e-02 
 1.095337e+01 -3.469106e-02 
 1.095377e+01 -3.394160e-02 
 1.095417e+01 -3.320539e-02 
 1.095457e+01 -3.247978e-02 
 1.095496e+01 -3.177879e-02 
 1.095536e+01 -3.112085e-02 
 1.095576e+01 -3.052198e-02 
 1.095616e+01 -2.998656e-02 
 1.095655e+01 -2.951111e-02 
 1.095695e+01 -2.907474e-02 
 1.095735e+01 -2.865237e-02 
 1.095775e+01 -2.822118e-02 
 1.095815e+01 -2.776147e-02 
 1.095854e+01 -2.726267e-02 
 1.095894e+01 -2.672532e-02 
 1.095934e+01 -2.615506e-02 
 1.095974e+01 -2.555889e-02 
 1.096013e+01 -2.493832e-02 
 1.096053e+01 -2.429105e-02 
 1.096093e+01 -2.361813e-02 
 1.096133e+01 -2.292103e-02 
 1.096172e+01 -2.220597e-02 
 1.096212e+01 -2.146492e-02 
 1.096252e+01 -2.069733e-02 
 1.096292e+01 -1.989814e-02 
 1.096332e+01 -1.907652e-02 
 1.096371e+01 -1.825332e-02 
 1.096411e+01 -1.745717e-02 
 1.096451e+01 -1.670144e-02 
 1.096491e+01 -1.599704e-02 
 1.096530e+01 -1.534955e-02 
 1.096570e+01 -1.475233e-02 
 1.096610e+01 -1.419365e-02 
 1.096650e+01 -1.366369e-02 
 1.096689e+01 -1.314946e-02 
 1.096729e+01 -1.263969e-02 
 1.096769e+01 -1.213939e-02 
 1.096809e+01 -1.164432e-02 
 1.096849e+01 -1.114727e-02 
 1.096888e+01 -1.064813e-02 
 1.096928e+01 -1.014510e-02 
 1.096968e+01 -9.644190e-03 
 1.097008e+01 -9.137991e-03 
 1.097047e+01 -8.611919e-03 
 1.097087e+01 -8.044830e-03 
 1.097127e+01 -7.415026e-03 
 1.097167e+01 -6.717829e-03 
 1.097206e+01 -5.961375e-03 
 1.097246e+01 -5.159760e-03 
 1.097286e+01 -4.329679e-03 
 1.097326e+01 -3.485683e-03 
 1.097366e+01 -2.639852e-03 
 1.097405e+01 -1.794667e-03 
 1.097445e+01 -9.405793e-04 
 1.097485e+01 -7.116934e-05 
 1.097525e+01  8.090751e-04 
 1.097564e+01  1.690226e-03 
 1.097604e+01  2.560936e-03 
 1.097644e+01  3.420172e-03 
 1.097684e+01  4.280871e-03 
 1.097723e+01  5.159207e-03 
 1.097763e+01  6.061018e-03 
 1.097803e+01  6.979715e-03 
 1.097843e+01  7.900321e-03 
 1.097883e+01  8.806831e-03 
 1.097922e+01  9.682345e-03 
 1.097962e+01  1.051872e-02 
 1.098002e+01  1.131115e-02 
 1.098042e+01  1.206705e-02 
 1.098081e+01  1.279556e-02 
 1.098121e+01  1.349692e-02 
 1.098161e+01  1.415772e-02 
 1.098201e+01  1.474785e-02 
 1.098240e+01  1.524267e-02 
 1.098280e+01  1.562465e-02 
 1.098320e+01  1.589438e-02 
 1.098360e+01  1.605326e-02 
 1.098400e+01  1.611318e-02 
 1.098439e+01  1.608205e-02 
 1.098479e+01  1.597283e-02 
 1.098519e+01  1.580568e-02 
 1.098559e+01  1.559382e-02 
 1.098598e+01  1.535295e-02 
 1.098638e+01  1.509942e-02 
 1.098678e+01  1.484521e-02 
 1.098718e+01  1.459270e-02 
 1.098757e+01  1.433257e-02 
 1.098797e+01  1.404813e-02 
 1.098837e+01  1.372022e-02 
 1.098877e+01  1.334509e-02 
 1.098917e+01  1.293673e-02 
 1.098956e+01  1.252242e-02 
 1.098996e+01  1.212991e-02 
 1.099036e+01  1.177831e-02 
 1.099076e+01  1.147012e-02 
 1.099115e+01  1.119434e-02 
 1.099155e+01  1.092980e-02 
 1.099195e+01  1.065532e-02 
 1.099235e+01  1.035316e-02 
 1.099274e+01  1.002302e-02 
 1.099314e+01  9.669877e-03 
 1.099354e+01  9.311399e-03 
 1.099394e+01  8.961289e-03 
 1.099434e+01  8.616605e-03 
 1.099473e+01  8.269312e-03 
 1.099513e+01  7.910487e-03 
 1.099553e+01  7.530143e-03 
 1.099593e+01  7.127319e-03 
 1.099632e+01  6.697417e-03 
 1.099672e+01  6.240811e-03 
 1.099712e+01  5.752521e-03 
 1.099752e+01  5.227964e-03 
 1.099791e+01  4.661374e-03 
 1.099831e+01  4.056674e-03 
 1.099871e+01  3.421601e-03 
 1.099911e+01  2.780168e-03 
 1.099951e+01  2.158310e-03 
 1.099990e+01  1.573940e-03 
 1.100030e+01  1.031148e-03 
 1.100070e+01  5.105864e-04 
 1.100110e+01 -1.083729e-05 
 1.100149e+01 -5.587290e-04 
 1.100189e+01 -1.140714e-03 
 1.100229e+01 -1.750443e-03 
 1.100269e+01 -2.364119e-03 
 1.100308e+01 -2.955634e-03 
 1.100348e+01 -3.508071e-03 
 1.100388e+01 -4.005040e-03 
 1.100428e+01 -4.452005e-03 
 1.100468e+01 -4.850327e-03 
 1.100507e+01 -5.204539e-03 
 1.100547e+01 -5.504773e-03 
 1.100587e+01 -5.742392e-03 
 1.100627e+01 -5.916094e-03 
 1.100666e+01 -6.034348e-03 
 1.100706e+01 -6.129512e-03 
 1.100746e+01 -6.231288e-03 
 1.100786e+01 -6.365667e-03 
 1.100825e+01 -6.537542e-03 
 1.100865e+01 -6.730824e-03 
 1.100905e+01 -6.928121e-03 
 1.100945e+01 -7.114557e-03 
 1.100985e+01 -7.286434e-03 
 1.101024e+01 -7.451641e-03 
 1.101064e+01 -7.628098e-03 
 1.101104e+01 -7.841599e-03 
 1.101144e+01 -8.109576e-03 
 1.101183e+01 -8.438285e-03 
 1.101223e+01 -8.821409e-03 
 1.101263e+01 -9.249156e-03 
 1.101303e+01 -9.711635e-03 
 1.101342e+01 -1.020657e-02 
 1.101382e+01 -1.073669e-02 
 1.101422e+01 -1.130080e-02 
 1.101462e+01 -1.190411e-02 
 1.101502e+01 -1.255045e-02 
 1.101541e+01 -1.325253e-02 
 1.101581e+01 -1.402299e-02 
 1.101621e+01 -1.486740e-02 
 1.101661e+01 -1.578899e-02 
 1.101700e+01 -1.677611e-02 
 1.101740e+01 -1.781004e-02 
 1.101780e+01 -1.885806e-02 
 1.101820e+01 -1.987928e-02 
 1.101859e+01 -2.083877e-02 
 1.101899e+01 -2.172095e-02 
 1.101939e+01 -2.253324e-02 
 1.101979e+01 -2.329800e-02 
 1.102019e+01 -2.404417e-02 
 1.102058e+01 -2.478697e-02 
 1.102098e+01 -2.553564e-02 
 1.102138e+01 -2.628363e-02 
 1.102178e+01 -2.701363e-02 
 1.102217e+01 -2.770585e-02 
 1.102257e+01 -2.834170e-02 
 1.102297e+01 -2.891726e-02 
 1.102337e+01 -2.944189e-02 
 1.102376e+01 -2.993137e-02 
 1.102416e+01 -3.040445e-02 
 1.102456e+01 -3.087290e-02 
 1.102496e+01 -3.134591e-02 
 1.102536e+01 -3.183293e-02 
 1.102575e+01 -3.234398e-02 
 1.102615e+01 -3.288124e-02 
 1.102655e+01 -3.343866e-02 
 1.102695e+01 -3.401262e-02 
 1.102734e+01 -3.459568e-02 
 1.102774e+01 -3.518183e-02 
 1.102814e+01 -3.576845e-02 
 1.102854e+01 -3.634629e-02 
 1.102893e+01 -3.691186e-02 
 1.102933e+01 -3.745867e-02 
 1.102973e+01 -3.799552e-02 
 1.103013e+01 -3.852692e-02 
 1.103053e+01 -3.906017e-02 
 1.103092e+01 -3.959138e-02 
 1.103132e+01 -4.011546e-02 
 1.103172e+01 -4.062044e-02 
 1.103212e+01 -4.109722e-02 
 1.103251e+01 -4.153919e-02 
 1.103291e+01 -4.194538e-02 
 1.103331e+01 -4.231805e-02 
 1.103371e+01 -4.267121e-02 
 1.103410e+01 -4.301975e-02 
 1.103450e+01 -4.337079e-02 
 1.103490e+01 -4.372162e-02 
 1.103530e+01 -4.405932e-02 
 1.103570e+01 -4.436590e-02 
 1.103609e+01 -4.462808e-02 
 1.103649e+01 -4.483619e-02 
 1.103689e+01 -4.498487e-02 
 1.103729e+01 -4.506247e-02 
 1.103768e+01 -4.506056e-02 
 1.103808e+01 -4.497920e-02 
 1.103848e+01 -4.482503e-02 
 1.103888e+01 -4.461467e-02 
 1.103928e+01 -4.437182e-02 
 1.103967e+01 -4.412311e-02 
 1.104007e+01 -4.389652e-02 
 1.104047e+01 -4.371152e-02 
 1.104087e+01 -4.357059e-02 
 1.104126e+01 -4.346364e-02 
 1.104166e+01 -4.337324e-02 
 1.104206e+01 -4.328293e-02 
 1.104246e+01 -4.319598e-02 
 1.104285e+01 -4.312755e-02 
 1.104325e+01 -4.309934e-02 
 1.104365e+01 -4.313038e-02 
 1.104405e+01 -4.323641e-02 
 1.104445e+01 -4.341821e-02 
 1.104484e+01 -4.366724e-02 
 1.104524e+01 -4.396370e-02 
 1.104564e+01 -4.428526e-02 
 1.104604e+01 -4.461044e-02 
 1.104643e+01 -4.492770e-02 
 1.104683e+01 -4.522873e-02 
 1.104723e+01 -4.550307e-02 
 1.104763e+01 -4.574066e-02 
 1.104802e+01 -4.593346e-02 
 1.104842e+01 -4.607125e-02 
 1.104882e+01 -4.616024e-02 
 1.104922e+01 -4.620935e-02 
 1.104962e+01 -4.622034e-02 
 1.105001e+01 -4.619251e-02 
 1.105041e+01 -4.611838e-02 
 1.105081e+01 -4.598548e-02 
 1.105121e+01 -4.578572e-02 
 1.105160e+01 -4.551138e-02 
 1.105200e+01 -4.516641e-02 
 1.105240e+01 -4.476922e-02 
 1.105280e+01 -4.434148e-02 
 1.105319e+01 -4.389826e-02 
 1.105359e+01 -4.344270e-02 
 1.105399e+01 -4.295915e-02 
 1.105439e+01 -4.241766e-02 
 1.105479e+01 -4.179482e-02 
 1.105518e+01 -4.107717e-02 
 1.105558e+01 -4.026021e-02 
 1.105598e+01 -3.935199e-02 
 1.105638e+01 -3.836757e-02 
 1.105677e+01 -3.732193e-02 
 1.105717e+01 -3.622699e-02 
 1.105757e+01 -3.509410e-02 
 1.105797e+01 -3.393207e-02 
 1.105836e+01 -3.275809e-02 
 1.105876e+01 -3.159541e-02 
 1.105916e+01 -3.047502e-02 
 1.105956e+01 -2.941323e-02 
 1.105996e+01 -2.840926e-02 
 1.106035e+01 -2.745023e-02 
 1.106075e+01 -2.651126e-02 
 1.106115e+01 -2.557058e-02 
 1.106155e+01 -2.461889e-02 
 1.106194e+01 -2.365373e-02 
 1.106234e+01 -2.268895e-02 
 1.106274e+01 -2.174136e-02 
 1.106314e+01 -2.082306e-02 
 1.106353e+01 -1.993964e-02 
 1.106393e+01 -1.907736e-02 
 1.106433e+01 -1.821758e-02 
 1.106473e+01 -1.734430e-02 
 1.106513e+01 -1.645176e-02 
 1.106552e+01 -1.553983e-02 
 1.106592e+01 -1.460566e-02 
 1.106632e+01 -1.364236e-02 
 1.106672e+01 -1.264395e-02 
 1.106711e+01 -1.160249e-02 
 1.106751e+01 -1.052550e-02 
 1.106791e+01 -9.431619e-03 
 1.106831e+01 -8.337332e-03 
 1.106870e+01 -7.271301e-03 
 1.106910e+01 -6.248149e-03 
 1.106950e+01 -5.271452e-03 
 1.106990e+01 -4.325872e-03 
 1.107030e+01 -3.395693e-03 
 1.107069e+01 -2.476083e-03 
 1.107109e+01 -1.577506e-03 
 1.107149e+01 -7.401399e-04 
 1.107189e+01  5.860278e-06 
 1.107228e+01  6.395464e-04 
 1.107268e+01  1.159236e-03 
 1.107308e+01  1.589572e-03 
 1.107348e+01  1.964812e-03 
 1.107387e+01  2.316558e-03 
 1.107427e+01  2.670013e-03 
 1.107467e+01  3.026863e-03 
 1.107507e+01  3.376297e-03 
 1.107547e+01  3.700852e-03 
 1.107586e+01  3.984956e-03 
 1.107626e+01  4.223835e-03 
 1.107666e+01  4.414829e-03 
 1.107706e+01  4.560858e-03 
 1.107745e+01  4.652476e-03 
 1.107785e+01  4.688595e-03 
 1.107825e+01  4.669168e-03 
 1.107865e+01  4.607191e-03 
 1.107904e+01  4.524406e-03 
 1.107944e+01  4.450038e-03 
 1.107984e+01  4.406536e-03 
 1.108024e+01  4.404722e-03 
 1.108064e+01  4.457577e-03 
 1.108103e+01  4.559039e-03 
 1.108143e+01  4.703325e-03 
 1.108183e+01  4.882415e-03 
 1.108223e+01  5.101731e-03 
 1.108262e+01  5.368934e-03 
 1.108302e+01  5.692133e-03 
 1.108342e+01  6.079061e-03 
 1.108382e+01  6.520112e-03 
 1.108421e+01  6.998973e-03 
 1.108461e+01  7.496856e-03 
 1.108501e+01  8.002153e-03 
 1.108541e+01  8.508130e-03 
 1.108581e+01  9.013290e-03 
 1.108620e+01  9.517018e-03 
 1.108660e+01  1.002205e-02 
 1.108700e+01  1.052619e-02 
 1.108740e+01  1.102524e-02 
 1.108779e+01  1.150767e-02 
 1.108819e+01  1.196439e-02 
 1.108859e+01  1.238628e-02 
 1.108899e+01  1.276721e-02 
 1.108938e+01  1.310132e-02 
 1.108978e+01  1.338222e-02 
 1.109018e+01  1.359658e-02 
 1.109058e+01  1.372717e-02 
 1.109098e+01  1.376640e-02 
 1.109137e+01  1.370253e-02 
 1.109177e+01  1.353936e-02 
 1.109217e+01  1.328576e-02 
 1.109257e+01  1.295168e-02 
 1.109296e+01  1.255614e-02 
 1.109336e+01  1.212066e-02 
 1.109376e+01  1.166340e-02 
 1.109416e+01  1.119612e-02 
 1.109455e+01  1.071710e-02 
 1.109495e+01  1.020963e-02 
 1.109535e+01  9.663647e-03 
 1.109575e+01  9.072889e-03 
 1.109615e+01  8.438124e-03 
 1.109654e+01  7.765484e-03 
 1.109694e+01  7.064529e-03 
 1.109734e+01  6.343597e-03 
 1.109774e+01  5.619738e-03 
 1.109813e+01  4.909245e-03 
 1.109853e+01  4.220355e-03 
 1.109893e+01  3.561873e-03 
 1.109933e+01  2.938615e-03 
 1.109972e+01  2.355344e-03 
 1.110012e+01  1.805457e-03 
 1.110052e+01  1.274039e-03 
 1.110092e+01  7.451671e-04 
 1.110132e+01  2.032007e-04 
 1.110171e+01 -3.552206e-04 
 1.110211e+01 -9.183968e-04 
 1.110251e+01 -1.473514e-03 
 1.110291e+01 -2.015152e-03 
 1.110330e+01 -2.543943e-03 
 1.110370e+01 -3.073660e-03 
 1.110410e+01 -3.624342e-03 
 1.110450e+01 -4.209538e-03 
 1.110489e+01 -4.837551e-03 
 1.110529e+01 -5.498307e-03 
 1.110569e+01 -6.163919e-03 
 1.110609e+01 -6.802699e-03 
 1.110649e+01 -7.388658e-03 
 1.110688e+01 -7.909547e-03 
 1.110728e+01 -8.369098e-03 
 1.110768e+01 -8.780521e-03 
 1.110808e+01 -9.156925e-03 
 1.110847e+01 -9.513375e-03 
 1.110887e+01 -9.857677e-03 
 1.110927e+01 -1.018933e-02 
 1.110967e+01 -1.050540e-02 
 1.111006e+01 -1.080236e-02 
 1.111046e+01 -1.108167e-02 
 1.111086e+01 -1.134377e-02 
 1.111126e+01 -1.159257e-02 
 1.111166e+01 -1.182036e-02 
 1.111205e+01 -1.200885e-02 
 1.111245e+01 -1.214096e-02 
 1.111285e+01 -1.221092e-02 
 1.111325e+01 -1.222114e-02 
 1.111364e+01 -1.218434e-02 
 1.111404e+01 -1.211557e-02 
 1.111444e+01 -1.202556e-02 
 1.111484e+01 -1.192175e-02 
 1.111523e+01 -1.180313e-02 
 1.111563e+01 -1.166669e-02 
 1.111603e+01 -1.150811e-02 
 1.111643e+01 -1.133321e-02 
 1.111683e+01 -1.115506e-02 
 1.111722e+01 -1.099752e-02 
 1.111762e+01 -1.087523e-02 
 1.111802e+01 -1.079126e-02 
 1.111842e+01 -1.074837e-02 
 1.111881e+01 -1.074938e-02 
 1.111921e+01 -1.080899e-02 
 1.111961e+01 -1.095400e-02 
 1.112001e+01 -1.120957e-02 
 1.112040e+01 -1.159889e-02 
 1.112080e+01 -1.212621e-02 
 1.112120e+01 -1.278097e-02 
 1.112160e+01 -1.354967e-02 
 1.112200e+01 -1.440258e-02 
 1.112239e+01 -1.532436e-02 
 1.112279e+01 -1.631197e-02 
 1.112319e+01 -1.737318e-02 
 1.112359e+01 -1.852190e-02 
 1.112398e+01 -1.976388e-02 
 1.112438e+01 -2.107885e-02 
 1.112478e+01 -2.243830e-02 
 1.112518e+01 -2.381286e-02 
 1.112557e+01 -2.517084e-02 
 1.112597e+01 -2.648793e-02 
 1.112637e+01 -2.776392e-02 
 1.112677e+01 -2.900151e-02 
 1.112717e+01 -3.020751e-02 
 1.112756e+01 -3.139929e-02 
 1.112796e+01 -3.258785e-02 
 1.112836e+01 -3.377276e-02 
 1.112876e+01 -3.495994e-02 
 1.112915e+01 -3.614357e-02 
 1.112955e+01 -3.732222e-02 
 1.112995e+01 -3.848799e-02 
 1.113035e+01 -3.962070e-02 
 1.113075e+01 -4.069930e-02 
 1.113114e+01 -4.169728e-02 
 1.113154e+01 -4.259900e-02 
 1.113194e+01 -4.340210e-02 
 1.113234e+01 -4.411520e-02 
 1.113273e+01 -4.475665e-02 
 1.113313e+01 -4.534608e-02 
 1.113353e+01 -4.590000e-02 
 1.113393e+01 -4.642111e-02 
 1.113432e+01 -4.689336e-02 
 1.113472e+01 -4.730323e-02 
 1.113512e+01 -4.764398e-02 
 1.113552e+01 -4.791575e-02 
 1.113592e+01 -4.813408e-02 
 1.113631e+01 -4.832159e-02 
 1.113671e+01 -4.849866e-02 
 1.113711e+01 -4.867494e-02 
 1.113751e+01 -4.885090e-02 
 1.113790e+01 -4.902836e-02 
 1.113830e+01 -4.920637e-02 
 1.113870e+01 -4.938560e-02 
 1.113910e+01 -4.957207e-02 
 1.113949e+01 -4.976859e-02 
 1.113989e+01 -4.997040e-02 
 1.114029e+01 -5.016778e-02 
 1.114069e+01 -5.034205e-02 
 1.114109e+01 -5.047393e-02 
 1.114148e+01 -5.055712e-02 
 1.114188e+01 -5.058901e-02 
 1.114228e+01 -5.057539e-02 
 1.114268e+01 -5.051675e-02 
 1.114307e+01 -5.040868e-02 
 1.114347e+01 -5.024137e-02 
 1.114387e+01 -5.001041e-02 
 1.114427e+01 -4.971409e-02 
 1.114466e+01 -4.934630e-02 
 1.114506e+01 -4.891907e-02 
 1.114546e+01 -4.844442e-02 
 1.114586e+01 -4.793186e-02 
 1.114626e+01 -4.740772e-02 
 1.114665e+01 -4.689091e-02 
 1.114705e+01 -4.639243e-02 
 1.114745e+01 -4.592852e-02 
 1.114785e+01 -4.551134e-02 
 1.114824e+01 -4.515416e-02 
 1.114864e+01 -4.485873e-02 
 1.114904e+01 -4.461346e-02 
 1.114944e+01 -4.439220e-02 
 1.114983e+01 -4.417002e-02 
 1.115023e+01 -4.392817e-02 
 1.115063e+01 -4.365592e-02 
 1.115103e+01 -4.335616e-02 
 1.115143e+01 -4.303834e-02 
 1.115182e+01 -4.272601e-02 
 1.115222e+01 -4.243450e-02 
 1.115262e+01 -4.218249e-02 
 1.115302e+01 -4.197371e-02 
 1.115341e+01 -4.179606e-02 
 1.115381e+01 -4.163054e-02 
 1.115421e+01 -4.145866e-02 
 1.115461e+01 -4.126684e-02 
 1.115500e+01 -4.104621e-02 
 1.115540e+01 -4.079994e-02 
 1.115580e+01 -4.052547e-02 
 1.115620e+01 -4.023185e-02 
 1.115660e+01 -3.993111e-02 
 1.115699e+01 -3.962305e-02 
 1.115739e+01 -3.930530e-02 
 1.115779e+01 -3.895550e-02 
 1.115819e+01 -3.854461e-02 
 1.115858e+01 -3.805163e-02 
 1.115898e+01 -3.746147e-02 
 1.115938e+01 -3.677048e-02 
 1.115978e+01 -3.598192e-02 
 1.116017e+01 -3.510812e-02 
 1.116057e+01 -3.416278e-02 
 1.116097e+01 -3.314770e-02 
 1.116137e+01 -3.206500e-02 
 1.116177e+01 -3.090812e-02 
 1.116216e+01 -2.966971e-02 
 1.116256e+01 -2.835432e-02 
 1.116296e+01 -2.697753e-02 
 1.116336e+01 -2.554899e-02 
 1.116375e+01 -2.407516e-02 
 1.116415e+01 -2.256368e-02 
 1.116455e+01 -2.102405e-02 
 1.116495e+01 -1.947780e-02 
 1.116534e+01 -1.795344e-02 
 1.116574e+01 -1.647437e-02 
 1.116614e+01 -1.505644e-02 
 1.116654e+01 -1.371107e-02 
 1.116694e+01 -1.243730e-02 
 1.116733e+01 -1.123007e-02 
 1.116773e+01 -1.007637e-02 
 1.116813e+01 -8.964814e-03 
 1.116853e+01 -7.893470e-03 
 1.116892e+01 -6.870771e-03 
 1.116932e+01 -5.899637e-03 
 1.116972e+01 -4.975869e-03 
 1.117012e+01 -4.094284e-03 
 1.117051e+01 -3.247333e-03 
 1.117091e+01 -2.435846e-03 
 1.117131e+01 -1.675497e-03 
 1.117171e+01 -9.817050e-04 
 1.117211e+01 -3.625774e-04 
 1.117250e+01  1.791452e-04 
 1.117290e+01  6.465340e-04 
 1.117330e+01  1.053957e-03 
 1.117370e+01  1.421301e-03 
 1.117409e+01  1.764818e-03 
 1.117449e+01  2.090161e-03 
 1.117489e+01  2.386862e-03 
 1.117529e+01  2.638420e-03 
 1.117568e+01  2.836476e-03 
 1.117608e+01  2.986046e-03 
 1.117648e+01  3.098747e-03 
 1.117688e+01  3.197538e-03 
 1.117728e+01  3.299834e-03 
 1.117767e+01  3.411646e-03 
 1.117807e+01  3.534067e-03 
 1.117847e+01  3.657575e-03 
 1.117887e+01  3.756923e-03 
 1.117926e+01  3.816408e-03 
 1.117966e+01  3.822738e-03 
 1.118006e+01  3.772846e-03 
 1.118046e+01  3.673604e-03 
 1.118085e+01  3.528275e-03 
 1.118125e+01  3.338700e-03 
 1.118165e+01  3.107007e-03 
 1.118205e+01  2.842124e-03 
 1.118245e+01  2.561360e-03 
 1.118284e+01  2.276989e-03 
 1.118324e+01  2.002496e-03 
 1.118364e+01  1.745754e-03 
 1.118404e+01  1.499764e-03 
 1.118443e+01  1.252656e-03 
 1.118483e+01  9.857100e-04 
 1.118523e+01  6.940557e-04 
 1.118563e+01  3.785343e-04 
 1.118602e+01  5.625732e-05 
 1.118642e+01 -2.436563e-04 
 1.118682e+01 -4.933493e-04 
 1.118722e+01 -6.771607e-04 
 1.118762e+01 -7.961930e-04 
 1.118801e+01 -8.643438e-04 
 1.118841e+01 -8.931330e-04 
 1.118881e+01 -8.913486e-04 
 1.118921e+01 -8.617095e-04 
 1.118960e+01 -7.897454e-04 
 1.119000e+01 -6.667329e-04 
 1.119040e+01 -4.866581e-04 
 1.119080e+01 -2.418325e-04 
 1.119119e+01  6.278434e-05 
 1.119159e+01  4.179124e-04 
 1.119199e+01  8.188014e-04 
 1.119239e+01  1.263157e-03 
 1.119279e+01  1.757630e-03 
 1.119318e+01  2.308404e-03 
 1.119358e+01  2.914182e-03 
 1.119398e+01  3.558311e-03 
 1.119438e+01  4.218713e-03 
 1.119477e+01  4.883900e-03 
 1.119517e+01  5.545630e-03 
 1.119557e+01  6.204415e-03 
 1.119597e+01  6.864599e-03 
 1.119636e+01  7.525180e-03 
 1.119676e+01  8.167800e-03 
 1.119716e+01  8.773357e-03 
 1.119756e+01  9.314633e-03 
 1.119796e+01  9.769884e-03 
 1.119835e+01  1.012558e-02 
 1.119875e+01  1.038138e-02 
 1.119915e+01  1.054969e-02 
 1.119955e+01  1.064262e-02 
 1.119994e+01  1.066230e-02 
 1.120034e+01  1.060035e-02 
 1.120074e+01  1.045951e-02 
 1.120114e+01  1.023917e-02 
 1.120153e+01  9.959952e-03 
 1.120193e+01  9.649483e-03 
 1.120233e+01  9.329516e-03 
 1.120273e+01  9.010999e-03 
 1.120313e+01  8.689770e-03 
 1.120352e+01  8.356387e-03 
 1.120392e+01  7.994800e-03 
 1.120432e+01  7.593906e-03 
 1.120472e+01  7.159361e-03 
 1.120511e+01  6.700471e-03 
 1.120551e+01  6.234942e-03 
 1.120591e+01  5.780004e-03 
 1.120631e+01  5.339161e-03 
 1.120670e+01  4.900450e-03 
 1.120710e+01  4.449795e-03 
 1.120750e+01  3.969516e-03 
 1.120790e+01  3.444600e-03 
 1.120830e+01  2.869415e-03 
 1.120869e+01  2.247357e-03 
 1.120909e+01  1.591176e-03 
 1.120949e+01  9.212736e-04 
 1.120989e+01  2.629922e-04 
 1.121028e+01 -3.653490e-04 
 1.121068e+01 -9.605361e-04 
 1.121108e+01 -1.528736e-03 
 1.121148e+01 -2.076863e-03 
 1.121187e+01 -2.616998e-03 
 1.121227e+01 -3.154364e-03 
 1.121267e+01 -3.702580e-03 
 1.121307e+01 -4.267146e-03 
 1.121347e+01 -4.847911e-03 
 1.121386e+01 -5.449707e-03 
 1.121426e+01 -6.073633e-03 
 1.121466e+01 -6.726027e-03 
 1.121506e+01 -7.405335e-03 
 1.121545e+01 -8.108413e-03 
 1.121585e+01 -8.828286e-03 
 1.121625e+01 -9.563467e-03 
 1.121665e+01 -1.032707e-02 
 1.121704e+01 -1.113021e-02 
 1.121744e+01 -1.198203e-02 
 1.121784e+01 -1.288129e-02 
 1.121824e+01 -1.381018e-02 
 1.121864e+01 -1.474441e-02 
 1.121903e+01 -1.566124e-02 
 1.121943e+01 -1.653909e-02 
 1.121983e+01 -1.736022e-02 
 1.122023e+01 -1.812449e-02 
 1.122062e+01 -1.884253e-02 
 1.122102e+01 -1.952262e-02 
 1.122142e+01 -2.017652e-02 
 1.122182e+01 -2.080305e-02 
 1.122221e+01 -2.139815e-02 
 1.122261e+01 -2.196148e-02 
 1.122301e+01 -2.250519e-02 
 1.122341e+01 -2.304499e-02 
 1.122381e+01 -2.359535e-02 
 1.122420e+01 -2.416021e-02 
 1.122460e+01 -2.473976e-02 
 1.122500e+01 -2.533083e-02 
 1.122540e+01 -2.593092e-02 
 1.122579e+01 -2.654471e-02 
 1.122619e+01 -2.718973e-02 
 1.122659e+01 -2.789047e-02 
 1.122699e+01 -2.866961e-02 
 1.122739e+01 -2.953688e-02 
 1.122778e+01 -3.048574e-02 
 1.122818e+01 -3.148436e-02 
 1.122858e+01 -3.249994e-02 
 1.122898e+01 -3.351485e-02 
 1.122937e+01 -3.452355e-02 
 1.122977e+01 -3.553794e-02 
 1.123017e+01 -3.657311e-02 
 1.123057e+01 -3.764004e-02 
 1.123096e+01 -3.874004e-02 
 1.123136e+01 -3.986961e-02 
 1.123176e+01 -4.102187e-02 
 1.123216e+01 -4.219027e-02 
 1.123256e+01 -4.337259e-02 
 1.123295e+01 -4.457023e-02 
 1.123335e+01 -4.578332e-02 
 1.123375e+01 -4.700108e-02 
 1.123415e+01 -4.820527e-02 
 1.123454e+01 -4.936871e-02 
 1.123494e+01 -5.047607e-02 
 1.123534e+01 -5.151845e-02 
 1.123574e+01 -5.249887e-02 
 1.123613e+01 -5.342638e-02 
 1.123653e+01 -5.430750e-02 
 1.123693e+01 -5.514035e-02 
 1.123733e+01 -5.590817e-02 
 1.123773e+01 -5.658153e-02 
 1.123812e+01 -5.713091e-02 
 1.123852e+01 -5.753459e-02 
 1.123892e+01 -5.778394e-02 
 1.123932e+01 -5.788845e-02 
 1.123971e+01 -5.787208e-02 
 1.124011e+01 -5.776565e-02 
 1.124051e+01 -5.759399e-02 
 1.124091e+01 -5.736800e-02 
 1.124130e+01 -5.709550e-02 
 1.124170e+01 -5.677772e-02 
 1.124210e+01 -5.641329e-02 
 1.124250e+01 -5.601085e-02 
 1.124290e+01 -5.558147e-02 
 1.124329e+01 -5.512456e-02 
 1.124369e+01 -5.464177e-02 
 1.124409e+01 -5.412461e-02 
 1.124449e+01 -5.356445e-02 
 1.124488e+01 -5.295910e-02 
 1.124528e+01 -5.231800e-02 
 1.124568e+01 -5.165598e-02 
 1.124608e+01 -5.099335e-02 
 1.124647e+01 -5.033758e-02 
 1.124687e+01 -4.967904e-02 
 1.124727e+01 -4.899109e-02 
 1.124767e+01 -4.825055e-02 
 1.124807e+01 -4.744389e-02 
 1.124846e+01 -4.657845e-02 
 1.124886e+01 -4.568122e-02 
 1.124926e+01 -4.477845e-02 
 1.124966e+01 -4.388354e-02 
 1.125005e+01 -4.300342e-02 
 1.125045e+01 -4.212974e-02 
 1.125085e+01 -4.125173e-02 
 1.125125e+01 -4.036658e-02 
 1.125164e+01 -3.948050e-02 
 1.125204e+01 -3.860906e-02 
 1.125244e+01 -3.776926e-02 
 1.125284e+01 -3.696375e-02 
 1.125324e+01 -3.617596e-02 
 1.125363e+01 -3.538287e-02 
 1.125403e+01 -3.456128e-02 
 1.125443e+01 -3.370444e-02 
 1.125483e+01 -3.282881e-02 
 1.125522e+01 -3.196102e-02 
 1.125562e+01 -3.112114e-02 
 1.125602e+01 -3.032316e-02 
 1.125642e+01 -2.956587e-02 
 1.125681e+01 -2.883594e-02 
 1.125721e+01 -2.811612e-02 
 1.125761e+01 -2.739981e-02 
 1.125801e+01 -2.669319e-02 
 1.125841e+01 -2.602140e-02 
 1.125880e+01 -2.541318e-02 
 1.125920e+01 -2.488931e-02 
 1.125960e+01 -2.445875e-02 
 1.126000e+01 -2.411729e-02 
 1.126039e+01 -2.385861e-02 
 1.126079e+01 -2.367508e-02 
 1.126119e+01 -2.355717e-02 
 1.126159e+01 -2.349336e-02 
 1.126198e+01 -2.347356e-02 
 1.126238e+01 -2.348476e-02 
 1.126278e+01 -2.351586e-02 
 1.126318e+01 -2.355642e-02 
 1.126358e+01 -2.360087e-02 
 1.126397e+01 -2.363786e-02 
 1.126437e+01 -2.367107e-02 
 1.126477e+01 -2.369911e-02 
 1.126517e+01 -2.371756e-02 
 1.126556e+01 -2.370007e-02 
 1.126596e+01 -2.362194e-02 
 1.126636e+01 -2.346498e-02 
 1.126676e+01 -2.322142e-02 
 1.126715e+01 -2.289210e-02 
 1.126755e+01 -2.248580e-02 
 1.126795e+01 -2.201697e-02 
 1.126835e+01 -2.149410e-02 
 1.126875e+01 -2.093320e-02 
 1.126914e+01 -2.034607e-02 
 1.126954e+01 -1.973647e-02 
 1.126994e+01 -1.909972e-02 
 1.127034e+01 -1.843054e-02 
 1.127073e+01 -1.772567e-02 
 1.127113e+01 -1.698453e-02 
 1.127153e+01 -1.620574e-02 
 1.127193e+01 -1.538617e-02 
 1.127232e+01 -1.452880e-02 
 1.127272e+01 -1.364449e-02 
 1.127312e+01 -1.274540e-02 
 1.127352e+01 -1.184243e-02 
 1.127392e+01 -1.095126e-02 
 1.127431e+01 -1.007856e-02 
 1.127471e+01 -9.231525e-03 
 1.127511e+01 -8.414900e-03 
 1.127551e+01 -7.631818e-03 
 1.127590e+01 -6.884712e-03 
 1.127630e+01 -6.173964e-03 
 1.127670e+01 -5.500816e-03 
 1.127710e+01 -4.878515e-03 
 1.127749e+01 -4.312669e-03 
 1.127789e+01 -3.812009e-03 
 1.127829e+01 -3.383689e-03 
 1.127869e+01 -3.019576e-03 
 1.127909e+01 -2.707848e-03 
 1.127948e+01 -2.432742e-03 
 1.127988e+01 -2.180231e-03 
 1.128028e+01 -1.937662e-03 
 1.128068e+01 -1.690319e-03 
 1.128107e+01 -1.440286e-03 
 1.128147e+01 -1.190495e-03 
 1.128187e+01 -9.500304e-04 
 1.128227e+01 -7.207224e-04 
 1.128266e+01 -5.019228e-04 
 1.128306e+01 -2.939579e-04 
 1.128346e+01 -9.201612e-05 
 1.128386e+01  1.019981e-04 
 1.128426e+01  2.866672e-04 
 1.128465e+01  4.657529e-04 
 1.128505e+01  6.525151e-04 
 1.128545e+01  8.505124e-04 
 1.128585e+01  1.065901e-03 
 1.128624e+01  1.306110e-03 
 1.128664e+01  1.579043e-03 
 1.128704e+01  1.883608e-03 
 1.128744e+01  2.217197e-03 
 1.128783e+01  2.569406e-03 
 1.128823e+01  2.922673e-03 
 1.128863e+01  3.259950e-03 
 1.128903e+01  3.585063e-03 
 1.128943e+01  3.902064e-03 
 1.128982e+01  4.217808e-03 
 1.129022e+01  4.544503e-03 
 1.129062e+01  4.888083e-03 
 1.129102e+01  5.247994e-03 
 1.129141e+01  5.611199e-03 
 1.129181e+01  5.957951e-03 
 1.129221e+01  6.271032e-03 
 1.129261e+01  6.537721e-03 
 1.129300e+01  6.764888e-03 
 1.129340e+01  6.972775e-03 
 1.129380e+01  7.177366e-03 
 1.129420e+01  7.393684e-03 
 1.129460e+01  7.621746e-03 
 1.129499e+01  7.863548e-03 
 1.129539e+01  8.118882e-03 
 1.129579e+01  8.383599e-03 
 1.129619e+01  8.660261e-03 
 1.129658e+01  8.945383e-03 
 1.129698e+01  9.243074e-03 
 1.129738e+01  9.556687e-03 
 1.129778e+01  9.895598e-03 
 1.129817e+01  1.026250e-02 
 1.129857e+01  1.066502e-02 
 1.129897e+01  1.111987e-02 
 1.129937e+01  1.163389e-02 
 1.129977e+01  1.220885e-02 
 1.130016e+01  1.283270e-02 
 1.130056e+01  1.347506e-02 
 1.130096e+01  1.410011e-02 
 1.130136e+01  1.468176e-02 
 1.130175e+01  1.520580e-02 
 1.130215e+01  1.566053e-02 
 1.130255e+01  1.603837e-02 
 1.130295e+01  1.633436e-02 
 1.130334e+01  1.654177e-02 
 1.130374e+01  1.665427e-02 
 1.130414e+01  1.666609e-02 
 1.130454e+01  1.657269e-02 
 1.130494e+01  1.638520e-02 
 1.130533e+01  1.611949e-02 
 1.130573e+01  1.580112e-02 
 1.130613e+01  1.543829e-02 
 1.130653e+01  1.502442e-02 
 1.130692e+01  1.454288e-02 
 1.130732e+01  1.397956e-02 
 1.130772e+01  1.332610e-02 
 1.130812e+01  1.257232e-02 
 1.130851e+01  1.173021e-02 
 1.130891e+01  1.081002e-02 
 1.130931e+01  9.822708e-03 
 1.130971e+01  8.774307e-03 
 1.131011e+01  7.665528e-03 
 1.131050e+01  6.481489e-03 
 1.131090e+01  5.208320e-03 
 1.131130e+01  3.843066e-03 
 1.131170e+01  2.401003e-03 
 1.131209e+01  9.002079e-04 
 1.131249e+01 -6.388531e-04 
 1.131289e+01 -2.191996e-03 
 1.131329e+01 -3.744718e-03 
 1.131368e+01 -5.277174e-03 
 1.131408e+01 -6.778691e-03 
 1.131448e+01 -8.243652e-03 
 1.131488e+01 -9.671153e-03 
 1.131528e+01 -1.105538e-02 
 1.131567e+01 -1.239712e-02 
 1.131607e+01 -1.369222e-02 
 1.131647e+01 -1.493962e-02 
 1.131687e+01 -1.614274e-02 
 1.131726e+01 -1.729361e-02 
 1.131766e+01 -1.838476e-02 
 1.131806e+01 -1.940761e-02 
 1.131846e+01 -2.036242e-02 
 1.131886e+01 -2.125450e-02 
 1.131925e+01 -2.210710e-02 
 1.131965e+01 -2.293968e-02 
 1.132005e+01 -2.377135e-02 
 1.132045e+01 -2.462300e-02 
 1.132084e+01 -2.551107e-02 
 1.132124e+01 -2.644158e-02 
 1.132164e+01 -2.740883e-02 
 1.132204e+01 -2.840132e-02 
 1.132243e+01 -2.939818e-02 
 1.132283e+01 -3.038151e-02 
 1.132323e+01 -3.134068e-02 
 1.132363e+01 -3.226171e-02 
 1.132403e+01 -3.313927e-02 
 1.132442e+01 -3.396552e-02 
 1.132482e+01 -3.474142e-02 
 1.132522e+01 -3.547686e-02 
 1.132562e+01 -3.617689e-02 
 1.132601e+01 -3.684186e-02 
 1.132641e+01 -3.746729e-02 
 1.132681e+01 -3.804717e-02 
 1.132721e+01 -3.857594e-02 
 1.132760e+01 -3.905248e-02 
 1.132800e+01 -3.948040e-02 
 1.132840e+01 -3.987033e-02 
 1.132880e+01 -4.023609e-02 
 1.132920e+01 -4.059949e-02 
 1.132959e+01 -4.097511e-02 
 1.132999e+01 -4.135694e-02 
 1.133039e+01 -4.173989e-02 
 1.133079e+01 -4.210954e-02 
 1.133118e+01 -4.244827e-02 
 1.133158e+01 -4.274111e-02 
 1.133198e+01 -4.297898e-02 
 1.133238e+01 -4.315744e-02 
 1.133277e+01 -4.327730e-02 
 1.133317e+01 -4.334930e-02 
 1.133357e+01 -4.338948e-02 
 1.133397e+01 -4.340877e-02 
 1.133437e+01 -4.342400e-02 
 1.133476e+01 -4.344567e-02 
 1.133516e+01 -4.348050e-02 
 1.133556e+01 -4.353168e-02 
 1.133596e+01 -4.359852e-02 
 1.133635e+01 -4.368349e-02 
 1.133675e+01 -4.378918e-02 
 1.133715e+01 -4.391423e-02 
 1.133755e+01 -4.406320e-02 
 1.133794e+01 -4.424492e-02 
 1.133834e+01 -4.445956e-02 
 1.133874e+01 -4.470551e-02 
 1.133914e+01 -4.499226e-02 
 1.133954e+01 -4.532210e-02 
 1.133993e+01 -4.569892e-02 
 1.134033e+01 -4.612682e-02 
 1.134073e+01 -4.659487e-02 
 1.134113e+01 -4.707065e-02 
 1.134152e+01 -4.752186e-02 
 1.134192e+01 -4.791914e-02 
 1.134232e+01 -4.823795e-02 
 1.134272e+01 -4.846277e-02 
 1.134311e+01 -4.860009e-02 
 1.134351e+01 -4.866634e-02 
 1.134391e+01 -4.867612e-02 
 1.134431e+01 -4.864238e-02 
 1.134471e+01 -4.856495e-02 
 1.134510e+01 -4.843126e-02 
 1.134550e+01 -4.822298e-02 
 1.134590e+01 -4.793461e-02 
 1.134630e+01 -4.757233e-02 
 1.134669e+01 -4.714812e-02 
 1.134709e+01 -4.667562e-02 
 1.134749e+01 -4.617195e-02 
 1.134789e+01 -4.564970e-02 
 1.134828e+01 -4.511165e-02 
 1.134868e+01 -4.456073e-02 
 1.134908e+01 -4.399404e-02 
 1.134948e+01 -4.339993e-02 
 1.134988e+01 -4.277132e-02 
 1.135027e+01 -4.210522e-02 
 1.135067e+01 -4.140168e-02 
 1.135107e+01 -4.065372e-02 
 1.135147e+01 -3.986393e-02 
 1.135186e+01 -3.904264e-02 
 1.135226e+01 -3.820503e-02 
 1.135266e+01 -3.737253e-02 
 1.135306e+01 -3.657068e-02 
 1.135345e+01 -3.581150e-02 
 1.135385e+01 -3.509940e-02 
 1.135425e+01 -3.443585e-02 
 1.135465e+01 -3.381975e-02 
 1.135505e+01 -3.324335e-02 
 1.135544e+01 -3.270119e-02 
 1.135584e+01 -3.218997e-02 
 1.135624e+01 -3.170764e-02 
 1.135664e+01 -3.124928e-02 
 1.135703e+01 -3.081214e-02 
 1.135743e+01 -3.039472e-02 
 1.135783e+01 -2.999774e-02 
 1.135823e+01 -2.962661e-02 
 1.135862e+01 -2.929185e-02 
 1.135902e+01 -2.899930e-02 
 1.135942e+01 -2.874124e-02 
 1.135982e+01 -2.850393e-02 
 1.136022e+01 -2.826926e-02 
 1.136061e+01 -2.800950e-02 
 1.136101e+01 -2.770505e-02 
 1.136141e+01 -2.734842e-02 
 1.136181e+01 -2.694168e-02 
 1.136220e+01 -2.650013e-02 
 1.136260e+01 -2.604252e-02 
 1.136300e+01 -2.559006e-02 
 1.136340e+01 -2.514741e-02 
 1.136379e+01 -2.471421e-02 
 1.136419e+01 -2.429407e-02 
 1.136459e+01 -2.388820e-02 
 1.136499e+01 -2.349651e-02 
 1.136539e+01 -2.312365e-02 
 1.136578e+01 -2.277502e-02 
 1.136618e+01 -2.245431e-02 
 1.136658e+01 -2.216442e-02 
 1.136698e+01 -2.190967e-02 
 1.136737e+01 -2.168717e-02 
 1.136777e+01 -2.148679e-02 
 1.136817e+01 -2.129963e-02 
 1.136857e+01 -2.112070e-02 
 1.136896e+01 -2.094476e-02 
 1.136936e+01 -2.076121e-02 
 1.136976e+01 -2.056483e-02 
 1.137016e+01 -2.034587e-02 
 1.137056e+01 -2.010251e-02 
 1.137095e+01 -1.983700e-02 
 1.137135e+01 -1.955863e-02 
 1.137175e+01 -1.928039e-02 
 1.137215e+01 -1.900835e-02 
 1.137254e+01 -1.874701e-02 
 1.137294e+01 -1.849426e-02 
 1.137334e+01 -1.823481e-02 
 1.137374e+01 -1.794358e-02 
 1.137413e+01 -1.759548e-02 
 1.137453e+01 -1.716822e-02 
 1.137493e+01 -1.664679e-02 
 1.137533e+01 -1.602659e-02 
 1.137573e+01 -1.531183e-02 
 1.137612e+01 -1.451095e-02 
 1.137652e+01 -1.363362e-02 
 1.137692e+01 -1.269076e-02 
 1.137732e+01 -1.169506e-02 
 1.137771e+01 -1.065358e-02 
 1.137811e+01 -9.571782e-03 
 1.137851e+01 -8.452290e-03 
 1.137891e+01 -7.294389e-03 
 1.137930e+01 -6.097239e-03 
 1.137970e+01 -4.867223e-03 
 1.138010e+01 -3.613617e-03 
 1.138050e+01 -2.349927e-03 
 1.138090e+01 -1.089762e-03 
 1.138129e+01  1.537308e-04 
 1.138169e+01  1.373273e-03 
 1.138209e+01  2.570977e-03 
 1.138249e+01  3.752801e-03 
 1.138288e+01  4.925710e-03 
 1.138328e+01  6.087285e-03 
 1.138368e+01  7.230739e-03 
 1.138408e+01  8.339181e-03 
 1.138447e+01  9.395887e-03 
 1.138487e+01  1.039006e-02 
 1.138527e+01  1.131438e-02 
 1.138567e+01  1.216169e-02 
 1.138607e+01  1.293260e-02 
 1.138646e+01  1.363212e-02 
 1.138686e+01  1.426461e-02 
 1.138726e+01  1.483177e-02 
 1.138766e+01  1.533962e-02 
 1.138805e+01  1.578854e-02 
 1.138845e+01  1.618033e-02 
 1.138885e+01  1.651648e-02 
 1.138925e+01  1.680138e-02 
 1.138964e+01  1.703381e-02 
 1.139004e+01  1.721155e-02 
 1.139044e+01  1.733711e-02 
 1.139084e+01  1.741117e-02 
 1.139124e+01  1.743367e-02 
 1.139163e+01  1.740509e-02 
 1.139203e+01  1.733186e-02 
 1.139243e+01  1.722398e-02 
 1.139283e+01  1.709701e-02 
 1.139322e+01  1.697538e-02 
 1.139362e+01  1.688157e-02 
 1.139402e+01  1.682937e-02 
 1.139442e+01  1.681747e-02 
 1.139481e+01  1.683440e-02 
 1.139521e+01  1.685582e-02 
 1.139561e+01  1.685517e-02 
 1.139601e+01  1.680901e-02 
 1.139641e+01  1.670334e-02 
 1.139680e+01  1.653636e-02 
 1.139720e+01  1.631320e-02 
 1.139760e+01  1.603965e-02 
 1.139800e+01  1.571512e-02 
 1.139839e+01  1.532838e-02 
 1.139879e+01  1.487011e-02 
 1.139919e+01  1.433028e-02 
 1.139959e+01  1.371137e-02 
 1.139998e+01  1.302352e-02 
 1.140038e+01  1.228822e-02 
 1.140078e+01  1.152669e-02 
 1.140118e+01  1.076173e-02 
 1.140158e+01  1.001113e-02 
 1.140197e+01  9.292601e-03 
 1.140237e+01  8.609727e-03 
 1.140277e+01  7.968819e-03 
 1.140317e+01  7.368820e-03 
 1.140356e+01  6.800984e-03 
 1.140396e+01  6.255004e-03 
 1.140436e+01  5.714338e-03 
 1.140476e+01  5.170269e-03 
 1.140515e+01  4.615594e-03 
 1.140555e+01  4.050962e-03 
 1.140595e+01  3.487445e-03 
 1.140635e+01  2.933211e-03 
 1.140675e+01  2.399881e-03 
 1.140714e+01  1.891515e-03 
 1.140754e+01  1.411191e-03 
 1.140794e+01  9.483627e-04 
 1.140834e+01  4.947435e-04 
 1.140873e+01  4.427725e-05 
 1.140913e+01 -4.105966e-04 
 1.140953e+01 -8.745132e-04 
 1.140993e+01 -1.351837e-03 
 1.141033e+01 -1.843492e-03 
 1.141072e+01 -2.350171e-03 
 1.141112e+01 -2.869245e-03 
 1.141152e+01 -3.388450e-03 
 1.141192e+01 -3.895629e-03 
 1.141231e+01 -4.390391e-03 
 1.141271e+01 -4.874775e-03 
 1.141311e+01 -5.356070e-03 
 1.141351e+01 -5.857452e-03 
 1.141390e+01 -6.401044e-03 
 1.141430e+01 -7.007886e-03 
 1.141470e+01 -7.694843e-03 
 1.141510e+01 -8.471019e-03 
 1.141550e+01 -9.334223e-03 
 1.141589e+01 -1.027738e-02 
 1.141629e+01 -1.129493e-02 
 1.141669e+01 -1.238740e-02 
 1.141709e+01 -1.355720e-02 
 1.141748e+01 -1.480660e-02 
 1.141788e+01 -1.613115e-02 
 1.141828e+01 -1.752128e-02 
 1.141868e+01 -1.895783e-02 
 1.141907e+01 -2.041907e-02 
 1.141947e+01 -2.188089e-02 
 1.141987e+01 -2.332192e-02 
 1.142027e+01 -2.472319e-02 
 1.142067e+01 -2.607495e-02 
 1.142106e+01 -2.736646e-02 
 1.142146e+01 -2.858823e-02 
 1.142186e+01 -2.973324e-02 
 1.142226e+01 -3.079726e-02 
 1.142265e+01 -3.177996e-02 
 1.142305e+01 -3.269308e-02 
 1.142345e+01 -3.355835e-02 
 1.142385e+01 -3.439439e-02 
 1.142424e+01 -3.521435e-02 
 1.142464e+01 -3.602508e-02 
 1.142504e+01 -3.681689e-02 
 1.142544e+01 -3.757678e-02 
 1.142584e+01 -3.828897e-02 
 1.142623e+01 -3.894525e-02 
 1.142663e+01 -3.953795e-02 
 1.142703e+01 -4.006877e-02 
 1.142743e+01 -4.054810e-02 
 1.142782e+01 -4.098955e-02 
 1.142822e+01 -4.139962e-02 
 1.142862e+01 -4.178035e-02 
 1.142902e+01 -4.213032e-02 
 1.142941e+01 -4.244750e-02 
 1.142981e+01 -4.272357e-02 
 1.143021e+01 -4.295587e-02 
 1.143061e+01 -4.313861e-02 
 1.143101e+01 -4.326856e-02 
 1.143140e+01 -4.335570e-02 
 1.143180e+01 -4.341509e-02 
 1.143220e+01 -4.346329e-02 
 1.143260e+01 -4.351436e-02 
 1.143299e+01 -4.357619e-02 
 1.143339e+01 -4.365424e-02 
 1.143379e+01 -4.374155e-02 
 1.143419e+01 -4.382333e-02 
 1.143458e+01 -4.389328e-02 
 1.143498e+01 -4.394302e-02 
 1.143538e+01 -4.397300e-02 
 1.143578e+01 -4.398980e-02 
 1.143618e+01 -4.399864e-02 
 1.143657e+01 -4.399299e-02 
 1.143697e+01 -4.397252e-02 
 1.143737e+01 -4.393535e-02 
 1.143777e+01 -4.387917e-02 
 1.143816e+01 -4.380077e-02 
 1.143856e+01 -4.369732e-02 
 1.143896e+01 -4.356462e-02 
 1.143936e+01 -4.340438e-02 
 1.143975e+01 -4.321714e-02 
 1.144015e+01 -4.301165e-02 
 1.144055e+01 -4.279721e-02 
 1.144095e+01 -4.258468e-02 
 1.144135e+01 -4.238869e-02 
 1.144174e+01 -4.222714e-02 
 1.144214e+01 -4.211273e-02 
 1.144254e+01 -4.205077e-02 
 1.144294e+01 -4.204428e-02 
 1.144333e+01 -4.209472e-02 
 1.144373e+01 -4.220188e-02 
 1.144413e+01 -4.236625e-02 
 1.144453e+01 -4.257930e-02 
 1.144492e+01 -4.282547e-02 
 1.144532e+01 -4.309161e-02 
 1.144572e+01 -4.336545e-02 
 1.144612e+01 -4.364444e-02 
 1.144652e+01 -4.393284e-02 
 1.144691e+01 -4.424178e-02 
 1.144731e+01 -4.458480e-02 
 1.144771e+01 -4.496702e-02 
 1.144811e+01 -4.538424e-02 
 1.144850e+01 -4.581953e-02 
 1.144890e+01 -4.624827e-02 
 1.144930e+01 -4.664989e-02 
 1.144970e+01 -4.701203e-02 
 1.145009e+01 -4.733653e-02 
 1.145049e+01 -4.763233e-02 
 1.145089e+01 -4.790829e-02 
 1.145129e+01 -4.816579e-02 
 1.145169e+01 -4.839751e-02 
 1.145208e+01 -4.859183e-02 
 1.145248e+01 -4.872792e-02 
 1.145288e+01 -4.878953e-02 
 1.145328e+01 -4.876663e-02 
 1.145367e+01 -4.865460e-02 
 1.145407e+01 -4.845549e-02 
 1.145447e+01 -4.816997e-02 
 1.145487e+01 -4.779927e-02 
 1.145526e+01 -4.734199e-02 
 1.145566e+01 -4.680050e-02 
 1.145606e+01 -4.618430e-02 
 1.145646e+01 -4.550203e-02 
 1.145686e+01 -4.476304e-02 
 1.145725e+01 -4.397563e-02 
 1.145765e+01 -4.313983e-02 
 1.145805e+01 -4.225817e-02 
 1.145845e+01 -4.133271e-02 
 1.145884e+01 -4.036599e-02 
 1.145924e+01 -3.936298e-02 
 1.145964e+01 -3.833906e-02 
 1.146004e+01 -3.731558e-02 
 1.146043e+01 -3.631738e-02 
 1.146083e+01 -3.535857e-02 
 1.146123e+01 -3.444576e-02 
 1.146163e+01 -3.357770e-02 
 1.146203e+01 -3.274288e-02 
 1.146242e+01 -3.193101e-02 
 1.146282e+01 -3.112870e-02 
 1.146322e+01 -3.032446e-02 
 1.146362e+01 -2.951264e-02 
 1.146401e+01 -2.869066e-02 
 1.146441e+01 -2.786220e-02 
 1.146481e+01 -2.703143e-02 
 1.146521e+01 -2.620547e-02 
 1.146560e+01 -2.539558e-02 
 1.146600e+01 -2.461460e-02 
 1.146640e+01 -2.386400e-02 
 1.146680e+01 -2.314583e-02 
 1.146720e+01 -2.245139e-02 
 1.146759e+01 -2.176499e-02 
 1.146799e+01 -2.107370e-02 
 1.146839e+01 -2.036992e-02 
 1.146879e+01 -1.965806e-02 
 1.146918e+01 -1.894439e-02 
 1.146958e+01 -1.824132e-02 
 1.146998e+01 -1.755525e-02 
 1.147038e+01 -1.688135e-02 
 1.147077e+01 -1.620176e-02 
 1.147117e+01 -1.550375e-02 
 1.147157e+01 -1.477443e-02 
 1.147197e+01 -1.401828e-02 
 1.147237e+01 -1.324247e-02 
 1.147276e+01 -1.246139e-02 
 1.147316e+01 -1.168459e-02 
 1.147356e+01 -1.091776e-02 
 1.147396e+01 -1.016373e-02 
 1.147435e+01 -9.424953e-03 
 1.147475e+01 -8.705126e-03 
 1.147515e+01 -8.016487e-03 
 1.147555e+01 -7.382346e-03 
 1.147594e+01 -6.816780e-03 
 1.147634e+01 -6.319508e-03 
 1.147674e+01 -5.875201e-03 
 1.147714e+01 -5.456257e-03 
 1.147754e+01 -5.038810e-03 
 1.147793e+01 -4.604128e-03 
 1.147833e+01 -4.150186e-03 
 1.147873e+01 -3.684735e-03 
 1.147913e+01 -3.217417e-03 
 1.147952e+01 -2.757749e-03 
 1.147992e+01 -2.309772e-03 
 1.148032e+01 -1.863232e-03 
 1.148072e+01 -1.403072e-03 
 1.148111e+01 -9.142628e-04 
 1.148151e+01 -3.905817e-04 
 1.148191e+01  1.722157e-04 
 1.148231e+01  7.795029e-04 
 1.148271e+01  1.435314e-03 
 1.148310e+01  2.143588e-03 
 1.148350e+01  2.901248e-03 
 1.148390e+01  3.695593e-03 
 1.148430e+01  4.514950e-03 
 1.148469e+01  5.341415e-03 
 1.148509e+01  6.164939e-03 
 1.148549e+01  6.979258e-03 
 1.148589e+01  7.785688e-03 
 1.148628e+01  8.591551e-03 
 1.148668e+01  9.408988e-03 
 1.148708e+01  1.024381e-02 
 1.148748e+01  1.109264e-02 
 1.148788e+01  1.194732e-02 
 1.148827e+01  1.279763e-02 
 1.148867e+01  1.364109e-02 
 1.148907e+01  1.448010e-02 
 1.148947e+01  1.531386e-02 
 1.148986e+01  1.613848e-02 
 1.149026e+01  1.695311e-02 
 1.149066e+01  1.774929e-02 
 1.149106e+01  1.851045e-02 
 1.149145e+01  1.921999e-02 
 1.149185e+01  1.985884e-02 
 1.149225e+01  2.040681e-02 
 1.149265e+01  2.085318e-02 
 1.149305e+01  2.119090e-02 
 1.149344e+01  2.140800e-02 
 1.149384e+01  2.149543e-02 
 1.149424e+01  2.144594e-02 
 1.149464e+01  2.126180e-02 
 1.149503e+01  2.095087e-02 
 1.149543e+01  2.053336e-02 
 1.149583e+01  2.003468e-02 
 1.149623e+01  1.948190e-02 
 1.149662e+01  1.890356e-02 
 1.149702e+01  1.832328e-02 
 1.149742e+01  1.775862e-02 
 1.149782e+01  1.720953e-02 
 1.149822e+01  1.666540e-02 
 1.149861e+01  1.612067e-02 
 1.149901e+01  1.556668e-02 
 1.149941e+01  1.500493e-02 
 1.149981e+01  1.443472e-02 
 1.150020e+01  1.386135e-02 
 1.150060e+01  1.328911e-02 
 1.150100e+01  1.271220e-02 
 1.150140e+01  1.212674e-02 
 1.150180e+01  1.151896e-02 
 1.150219e+01  1.087430e-02 
 1.150259e+01  1.018920e-02 
 1.150299e+01  9.472286e-03 
 1.150339e+01  8.735361e-03 
 1.150378e+01  7.983136e-03 
 1.150418e+01  7.218793e-03 
 1.150458e+01  6.442851e-03 
 1.150498e+01  5.656248e-03 
 1.150537e+01  4.858859e-03 
 1.150577e+01  4.063096e-03 
 1.150617e+01  3.273428e-03 
 1.150657e+01  2.494524e-03 
 1.150697e+01  1.735772e-03 
 1.150736e+01  9.953920e-04 
 1.150776e+01  2.709683e-04 
 1.150816e+01 -4.455251e-04 
 1.150856e+01 -1.159686e-03 
 1.150895e+01 -1.859963e-03 
 1.150935e+01 -2.541661e-03 
 1.150975e+01 -3.199509e-03 
 1.151015e+01 -3.832710e-03 
 1.151054e+01 -4.443633e-03 
 1.151094e+01 -5.040619e-03 
 1.151134e+01 -5.634333e-03 
 1.151174e+01 -6.238438e-03 
 1.151214e+01 -6.864350e-03 
 1.151253e+01 -7.514624e-03 
 1.151293e+01 -8.189373e-03 
 1.151333e+01 -8.876843e-03 
 1.151373e+01 -9.563795e-03 
 1.151412e+01 -1.023330e-02 
 1.151452e+01 -1.086827e-02 
 1.151492e+01 -1.145038e-02 
 1.151532e+01 -1.196232e-02 
 1.151571e+01 -1.239661e-02 
 1.151611e+01 -1.275365e-02 
 1.151651e+01 -1.304192e-02 
 1.151691e+01 -1.327430e-02 
 1.151731e+01 -1.346641e-02 
 1.151770e+01 -1.363701e-02 
 1.151810e+01 -1.379880e-02 
 1.151850e+01 -1.395796e-02 
 1.151890e+01 -1.412043e-02 
 1.151929e+01 -1.429286e-02 
 1.151969e+01 -1.448683e-02 
 1.152009e+01 -1.472052e-02 
 1.152049e+01 -1.501702e-02 
 1.152088e+01 -1.539741e-02 
 1.152128e+01 -1.587603e-02 
 1.152168e+01 -1.645935e-02 
 1.152208e+01 -1.714079e-02 
 1.152248e+01 -1.790270e-02 
 1.152287e+01 -1.872196e-02 
 1.152327e+01 -1.958140e-02 
 1.152367e+01 -2.047083e-02 
 1.152407e+01 -2.138881e-02 
 1.152446e+01 -2.233832e-02 
 1.152486e+01 -2.332212e-02 
 1.152526e+01 -2.434473e-02 
 1.152566e+01 -2.540272e-02 
 1.152605e+01 -2.649055e-02 
 1.152645e+01 -2.760351e-02 
 1.152685e+01 -2.873772e-02 
 1.152725e+01 -2.989112e-02 
 1.152765e+01 -3.106450e-02 
 1.152804e+01 -3.225300e-02 
 1.152844e+01 -3.344040e-02 
 1.152884e+01 -3.460989e-02 
 1.152924e+01 -3.574118e-02 
 1.152963e+01 -3.682638e-02 
 1.153003e+01 -3.786324e-02 
 1.153043e+01 -3.886394e-02 
 1.153083e+01 -3.984071e-02 
 1.153122e+01 -4.079886e-02 
 1.153162e+01 -4.173798e-02 
 1.153202e+01 -4.264701e-02 
 1.153242e+01 -4.350206e-02 
 1.153282e+01 -4.428121e-02 
 1.153321e+01 -4.497577e-02 
 1.153361e+01 -4.557818e-02 
 1.153401e+01 -4.609073e-02 
 1.153441e+01 -4.651996e-02 
 1.153480e+01 -4.687053e-02 
 1.153520e+01 -4.714791e-02 
 1.153560e+01 -4.735833e-02 
 1.153600e+01 -4.751344e-02 
 1.153639e+01 -4.762775e-02 
 1.153679e+01 -4.770942e-02 
 1.153719e+01 -4.776395e-02 
 1.153759e+01 -4.779624e-02 
 1.153799e+01 -4.780883e-02 
 1.153838e+01 -4.780143e-02 
 1.153878e+01 -4.778165e-02 
 1.153918e+01 -4.775786e-02 
 1.153958e+01 -4.773789e-02 
 1.153997e+01 -4.772787e-02 
 1.154037e+01 -4.772981e-02 
 1.154077e+01 -4.773726e-02 
 1.154117e+01 -4.773061e-02 
 1.154156e+01 -4.769637e-02 
 1.154196e+01 -4.762784e-02 
 1.154236e+01 -4.752086e-02 
 1.154276e+01 -4.737694e-02 
 1.154316e+01 -4.719738e-02 
 1.154355e+01 -4.698588e-02 
 1.154395e+01 -4.673988e-02 
 1.154435e+01 -4.646485e-02 
 1.154475e+01 -4.617095e-02 
 1.154514e+01 -4.586628e-02 
 1.154554e+01 -4.556201e-02 
 1.154594e+01 -4.527599e-02 
 1.154634e+01 -4.501098e-02 
 1.154673e+01 -4.476133e-02 
 1.154713e+01 -4.451097e-02 
 1.154753e+01 -4.424504e-02 
 1.154793e+01 -4.395914e-02 
 1.154833e+01 -4.365122e-02 
 1.154872e+01 -4.332592e-02 
 1.154912e+01 -4.299949e-02 
 1.154952e+01 -4.268039e-02 
 1.154992e+01 -4.238161e-02 
 1.155031e+01 -4.211367e-02 
 1.155071e+01 -4.187914e-02 
 1.155111e+01 -4.167240e-02 
 1.155151e+01 -4.149013e-02 
 1.155190e+01 -4.132878e-02 
 1.155230e+01 -4.118864e-02 
 1.155270e+01 -4.107302e-02 
 1.155310e+01 -4.098764e-02 
 1.155350e+01 -4.093735e-02 
 1.155389e+01 -4.092610e-02 
 1.155429e+01 -4.096004e-02 
 1.155469e+01 -4.103935e-02 
 1.155509e+01 -4.115942e-02 
 1.155548e+01 -4.131547e-02 
 1.155588e+01 -4.149370e-02 
 1.155628e+01 -4.168546e-02 
 1.155668e+01 -4.187719e-02 
 1.155707e+01 -4.205939e-02 
 1.155747e+01 -4.222025e-02 
 1.155787e+01 -4.234800e-02 
 1.155827e+01 -4.243713e-02 
 1.155867e+01 -4.248440e-02 
 1.155906e+01 -4.248620e-02 
 1.155946e+01 -4.244265e-02 
 1.155986e+01 -4.235235e-02 
 1.156026e+01 -4.220812e-02 
 1.156065e+01 -4.199902e-02 
 1.156105e+01 -4.171836e-02 
 1.156145e+01 -4.135866e-02 
 1.156185e+01 -4.091522e-02 
 1.156224e+01 -4.038953e-02 
 1.156264e+01 -3.978989e-02 
 1.156304e+01 -3.912433e-02 
 1.156344e+01 -3.840299e-02 
 1.156384e+01 -3.763352e-02 
 1.156423e+01 -3.682893e-02 
 1.156463e+01 -3.599309e-02 
 1.156503e+01 -3.512287e-02 
 1.156543e+01 -3.421632e-02 
 1.156582e+01 -3.326473e-02 
 1.156622e+01 -3.225308e-02 
 1.156662e+01 -3.117438e-02 
 1.156702e+01 -3.002945e-02 
 1.156741e+01 -2.882370e-02 
 1.156781e+01 -2.757424e-02 
 1.156821e+01 -2.630037e-02 
 1.156861e+01 -2.502974e-02 
 1.156901e+01 -2.378493e-02 
 1.156940e+01 -2.258121e-02 
 1.156980e+01 -2.142468e-02 
 1.157020e+01 -2.031573e-02 
 1.157060e+01 -1.924808e-02 
 1.157099e+01 -1.822175e-02 
 1.157139e+01 -1.723622e-02 
 1.157179e+01 -1.629241e-02 
 1.157219e+01 -1.538933e-02 
 1.157258e+01 -1.452970e-02 
 1.157298e+01 -1.371351e-02 
 1.157338e+01 -1.293773e-02 
 1.157378e+01 -1.219735e-02 
 1.157418e+01 -1.148345e-02 
 1.157457e+01 -1.078563e-02 
 1.157497e+01 -1.009789e-02 
 1.157537e+01 -9.413144e-03 
 1.157577e+01 -8.728013e-03 
 1.157616e+01 -8.043510e-03 
 1.157656e+01 -7.363840e-03 
 1.157696e+01 -6.690901e-03 
 1.157736e+01 -6.028708e-03 
 1.157775e+01 -5.381367e-03 
 1.157815e+01 -4.755613e-03 
 1.157855e+01 -4.157466e-03 
 1.157895e+01 -3.593077e-03 
 1.157935e+01 -3.067323e-03 
 1.157974e+01 -2.580612e-03 
 1.158014e+01 -2.130442e-03 
 1.158054e+01 -1.707415e-03 
 1.158094e+01 -1.305217e-03 
 1.158133e+01 -9.203537e-04 
 1.158173e+01 -5.511556e-04 
 1.158213e+01 -2.044783e-04 
 1.158253e+01  1.083577e-04 
 1.158292e+01  3.860010e-04 
 1.158332e+01  6.335974e-04 
 1.158372e+01  8.615929e-04 
 1.158412e+01  1.085666e-03 
 1.158452e+01  1.321876e-03 
 1.158491e+01  1.582573e-03 
 1.158531e+01  1.868972e-03 
 1.158571e+01  2.179748e-03 
 1.158611e+01  2.509950e-03 
 1.158650e+01  2.851055e-03 
 1.158690e+01  3.193155e-03 
 1.158730e+01  3.527752e-03 
 1.158770e+01  3.844037e-03 
 1.158809e+01  4.133477e-03 
 1.158849e+01  4.387965e-03 
 1.158889e+01  4.608196e-03 
 1.158929e+01  4.796571e-03 
 1.158969e+01  4.958957e-03 
 1.159008e+01  5.107717e-03 
 1.159048e+01  5.256126e-03 
 1.159088e+01  5.418085e-03 
 1.159128e+01  5.599450e-03 
 1.159167e+01  5.811056e-03 
 1.159207e+01  6.065609e-03 
 1.159247e+01  6.375366e-03 
 1.159287e+01  6.753335e-03 
 1.159327e+01  7.211636e-03 
 1.159366e+01  7.752266e-03 
 1.159406e+01  8.367180e-03 
 1.159446e+01  9.047949e-03 
 1.159486e+01  9.774656e-03 
 1.159525e+01  1.052740e-02 
 1.159565e+01  1.128066e-02 
 1.159605e+01  1.201431e-02 
 1.159645e+01  1.270951e-02 
 1.159684e+01  1.334727e-02 
 1.159724e+01  1.390845e-02 
 1.159764e+01  1.437943e-02 
 1.159804e+01  1.475162e-02 
 1.159844e+01  1.502160e-02 
 1.159883e+01  1.519756e-02 
 1.159923e+01  1.529228e-02 
 1.159963e+01  1.531885e-02 
 1.160003e+01  1.528056e-02 
 1.160042e+01  1.517966e-02 
 1.160082e+01  1.501355e-02 
 1.160122e+01  1.478197e-02 
 1.160162e+01  1.448608e-02 
 1.160201e+01  1.413435e-02 
 1.160241e+01  1.373591e-02 
 1.160281e+01  1.329710e-02 
 1.160321e+01  1.282905e-02 
 1.160361e+01  1.233753e-02 
 1.160400e+01  1.182272e-02 
 1.160440e+01  1.128551e-02 
 1.160480e+01  1.071914e-02 
 1.160520e+01  1.012192e-02 
 1.160559e+01  9.491064e-03 
 1.160599e+01  8.820116e-03 
 1.160639e+01  8.102797e-03 
 1.160679e+01  7.332932e-03 
 1.160718e+01  6.511567e-03 
 1.160758e+01  5.641051e-03 
 1.160798e+01  4.727168e-03 
 1.160838e+01  3.778961e-03 
 1.160878e+01  2.808965e-03 
 1.160917e+01  1.825565e-03 
 1.160957e+01  8.374790e-04 
 1.160997e+01 -1.383748e-04 
 1.161037e+01 -1.091293e-03 
 1.161076e+01 -2.006079e-03 
 1.161116e+01 -2.873643e-03 
 1.161156e+01 -3.684371e-03 
 1.161196e+01 -4.432793e-03 
 1.161235e+01 -5.119450e-03 
 1.161275e+01 -5.745799e-03 
 1.161315e+01 -6.317149e-03 
 1.161355e+01 -6.842564e-03 
 1.161395e+01 -7.332921e-03 
 1.161434e+01 -7.802775e-03 
 1.161474e+01 -8.278596e-03 
 1.161514e+01 -8.785905e-03 
 1.161554e+01 -9.349134e-03 
 1.161593e+01 -9.981498e-03 
 1.161633e+01 -1.068566e-02 
 1.161673e+01 -1.145068e-02 
 1.161713e+01 -1.225798e-02 
 1.161752e+01 -1.308328e-02 
 1.161792e+01 -1.390301e-02 
 1.161832e+01 -1.470425e-02 
 1.161872e+01 -1.547737e-02 
 1.161912e+01 -1.622208e-02 
 1.161951e+01 -1.693949e-02 
 1.161991e+01 -1.763004e-02 
 1.162031e+01 -1.828812e-02 
 1.162071e+01 -1.891172e-02 
 1.162110e+01 -1.949486e-02 
 1.162150e+01 -2.003223e-02 
 1.162190e+01 -2.052246e-02 
 1.162230e+01 -2.096697e-02 
 1.162269e+01 -2.136914e-02 
 1.162309e+01 -2.173394e-02 
 1.162349e+01 -2.207118e-02 
 1.162389e+01 -2.238966e-02 
 1.162429e+01 -2.269986e-02 
 1.162468e+01 -2.301734e-02 
 1.162508e+01 -2.334698e-02 
 1.162548e+01 -2.369368e-02 
 1.162588e+01 -2.405555e-02 
 1.162627e+01 -2.442786e-02 
 1.162667e+01 -2.480697e-02 
 1.162707e+01 -2.518901e-02 
 1.162747e+01 -2.557326e-02 
 1.162786e+01 -2.595781e-02 
 1.162826e+01 -2.634795e-02 
 1.162866e+01 -2.675109e-02 
 1.162906e+01 -2.717491e-02 
 1.162946e+01 -2.762203e-02 
 1.162985e+01 -2.809295e-02 
 1.163025e+01 -2.858482e-02 
 1.163065e+01 -2.909080e-02 
 1.163105e+01 -2.960038e-02 
 1.163144e+01 -3.010973e-02 
 1.163184e+01 -3.061458e-02 
 1.163224e+01 -3.111447e-02 
 1.163264e+01 -3.161446e-02 
 1.163303e+01 -3.212413e-02 
 1.163343e+01 -3.265669e-02 
 1.163383e+01 -3.322000e-02 
 1.163423e+01 -3.382218e-02 
 1.163463e+01 -3.447128e-02 
 1.163502e+01 -3.516627e-02 
 1.163542e+01 -3.589986e-02 
 1.163582e+01 -3.665577e-02 
 1.163622e+01 -3.741016e-02 
 1.163661e+01 -3.813640e-02 
 1.163701e+01 -3.881157e-02 
 1.163741e+01 -3.941978e-02 
 1.163781e+01 -3.995170e-02 
 1.163820e+01 -4.041070e-02 
 1.163860e+01 -4.080806e-02 
 1.163900e+01 -4.115657e-02 
 1.163940e+01 -4.146681e-02 
 1.163980e+01 -4.173925e-02 
 1.164019e+01 -4.196601e-02 
 1.164059e+01 -4.213734e-02 
 1.164099e+01 -4.224821e-02 
 1.164139e+01 -4.230000e-02 
 1.164178e+01 -4.230348e-02 
 1.164218e+01 -4.227248e-02 
 1.164258e+01 -4.222190e-02 
 1.164298e+01 -4.216752e-02 
 1.164337e+01 -4.211499e-02 
 1.164377e+01 -4.206173e-02 
 1.164417e+01 -4.200575e-02 
 1.164457e+01 -4.193934e-02 
 1.164497e+01 -4.186163e-02 
 1.164536e+01 -4.177138e-02 
 1.164576e+01 -4.167455e-02 
 1.164616e+01 -4.157298e-02 
 1.164656e+01 -4.146940e-02 
 1.164695e+01 -4.136863e-02 
 1.164735e+01 -4.128187e-02 
 1.164775e+01 -4.122164e-02 
 1.164815e+01 -4.119943e-02 
 1.164854e+01 -4.122294e-02 
 1.164894e+01 -4.129495e-02 
 1.164934e+01 -4.140838e-02 
 1.164974e+01 -4.154784e-02 
 1.165014e+01 -4.169673e-02 
 1.165053e+01 -4.183462e-02 
 1.165093e+01 -4.195428e-02 
 1.165133e+01 -4.205327e-02 
 1.165173e+01 -4.213749e-02 
 1.165212e+01 -4.221400e-02 
 1.165252e+01 -4.228298e-02 
 1.165292e+01 -4.234984e-02 
 1.165332e+01 -4.240908e-02 
 1.165371e+01 -4.245468e-02 
 1.165411e+01 -4.247993e-02 
 1.165451e+01 -4.247914e-02 
 1.165491e+01 -4.244376e-02 
 1.165531e+01 -4.236918e-02 
 1.165570e+01 -4.225388e-02 
 1.165610e+01 -4.209590e-02 
 1.165650e+01 -4.189848e-02 
 1.165690e+01 -4.167003e-02 
 1.165729e+01 -4.142552e-02 
 1.165769e+01 -4.117473e-02 
 1.165809e+01 -4.093157e-02 
 1.165849e+01 -4.070050e-02 
 1.165888e+01 -4.048022e-02 
 1.165928e+01 -4.026452e-02 
 1.165968e+01 -4.004669e-02 
 1.166008e+01 -3.981945e-02 
 1.166048e+01 -3.957970e-02 
 1.166087e+01 -3.932608e-02 
 1.166127e+01 -3.905970e-02 
 1.166167e+01 -3.878477e-02 
 1.166207e+01 -3.849928e-02 
 1.166246e+01 -3.819712e-02 
 1.166286e+01 -3.787650e-02 
 1.166326e+01 -3.753463e-02 
 1.166366e+01 -3.716697e-02 
 1.166405e+01 -3.677737e-02 
 1.166445e+01 -3.636994e-02 
 1.166485e+01 -3.594983e-02 
 1.166525e+01 -3.551912e-02 
 1.166565e+01 -3.508085e-02 
 1.166604e+01 -3.463470e-02 
 1.166644e+01 -3.418375e-02 
 1.166684e+01 -3.373158e-02 
 1.166724e+01 -3.328173e-02 
 1.166763e+01 -3.283866e-02 
 1.166803e+01 -3.239627e-02 
 1.166843e+01 -3.194023e-02 
 1.166883e+01 -3.144304e-02 
 1.166922e+01 -3.087026e-02 
 1.166962e+01 -3.020236e-02 
 1.167002e+01 -2.942784e-02 
 1.167042e+01 -2.855353e-02 
 1.167082e+01 -2.759563e-02 
 1.167121e+01 -2.657252e-02 
 1.167161e+01 -2.549804e-02 
 1.167201e+01 -2.438185e-02 
 1.167241e+01 -2.322229e-02 
 1.167280e+01 -2.201952e-02 
 1.167320e+01 -2.077895e-02 
 1.167360e+01 -1.950346e-02 
 1.167400e+01 -1.821198e-02 
 1.167439e+01 -1.692524e-02 
 1.167479e+01 -1.565485e-02 
 1.167519e+01 -1.440494e-02 
 1.167559e+01 -1.317871e-02 
 1.167599e+01 -1.197949e-02 
 1.167638e+01 -1.081837e-02 
 1.167678e+01 -9.704309e-03 
 1.167718e+01 -8.647948e-03 
 1.167758e+01 -7.644006e-03 
 1.167797e+01 -6.682895e-03 
 1.167837e+01 -5.750365e-03 
 1.167877e+01 -4.832313e-03 
 1.167917e+01 -3.922895e-03 
 1.167956e+01 -3.020859e-03 
 1.167996e+01 -2.130190e-03 
 1.168036e+01 -1.258994e-03 
 1.168076e+01 -4.126565e-04 
 1.168116e+01  4.139793e-04 
 1.168155e+01  1.228953e-03 
 1.168195e+01  2.039950e-03 
 1.168235e+01  2.848186e-03 
 1.168275e+01  3.643786e-03 
 1.168314e+01  4.409127e-03 
 1.168354e+01  5.131140e-03 
 1.168394e+01  5.804543e-03 
 1.168434e+01  6.428701e-03 
 1.168474e+01  7.004345e-03 
 1.168513e+01  7.526598e-03 
 1.168553e+01  7.986487e-03 
 1.168593e+01  8.385419e-03 
 1.168633e+01  8.723213e-03 
 1.168672e+01  9.002339e-03 
 1.168712e+01  9.238242e-03 
 1.168752e+01  9.457370e-03 
 1.168792e+01  9.689406e-03 
 1.168831e+01  9.956789e-03 
 1.168871e+01  1.027243e-02 
 1.168911e+01  1.063246e-02 
 1.168951e+01  1.102005e-02 
 1.168991e+01  1.141868e-02 
 1.169030e+01  1.180905e-02 
 1.169070e+01  1.217349e-02 
 1.169110e+01  1.249357e-02 
 1.169150e+01  1.276057e-02 
 1.169189e+01  1.296918e-02 
 1.169229e+01  1.311110e-02 
 1.169269e+01  1.317855e-02 
 1.169309e+01  1.316156e-02 
 1.169348e+01  1.305800e-02 
 1.169388e+01  1.287233e-02 
 1.169428e+01  1.261317e-02 
 1.169468e+01  1.228988e-02 
 1.169508e+01  1.190810e-02 
 1.169547e+01  1.147843e-02 
 1.169587e+01  1.101255e-02 
 1.169627e+01  1.051786e-02 
 1.169667e+01  1.001307e-02 
 1.169706e+01  9.514213e-03 
 1.169746e+01  9.044178e-03 
 1.169786e+01  8.618620e-03 
 1.169826e+01  8.251851e-03 
 1.169865e+01  7.944667e-03 
 1.169905e+01  7.682949e-03 
 1.169945e+01  7.454235e-03 
 1.169985e+01  7.242608e-03 
 1.170025e+01  7.044058e-03 
 1.170064e+01  6.858549e-03 
 1.170104e+01  6.687539e-03 
 1.170144e+01  6.536942e-03 
 1.170184e+01  6.406135e-03 
 1.170223e+01  6.294081e-03 
 1.170263e+01  6.190616e-03 
 1.170303e+01  6.080920e-03 
 1.170343e+01  5.954202e-03 
 1.170382e+01  5.795487e-03 
 1.170422e+01  5.601106e-03 
 1.170462e+01  5.370517e-03 
 1.170502e+01  5.103796e-03 
 1.170542e+01  4.801653e-03 
 1.170581e+01  4.472594e-03 
 1.170621e+01  4.131504e-03 
 1.170661e+01  3.800475e-03 
 1.170701e+01  3.501507e-03 
 1.170740e+01  3.247371e-03 
 1.170780e+01  3.037644e-03 
 1.170820e+01  2.862837e-03 
 1.170860e+01  2.701492e-03 
 1.170899e+01  2.520982e-03 
 1.170939e+01  2.292488e-03 
 1.170979e+01  2.002614e-03 
 1.171019e+01  1.641218e-03 
 1.171059e+01  1.217213e-03 
 1.171098e+01  7.354790e-04 
 1.171138e+01  1.960971e-04 
 1.171178e+01 -4.032779e-04 
 1.171218e+01 -1.069153e-03 
 1.171257e+01 -1.802285e-03 
 1.171297e+01 -2.598595e-03 
 1.171337e+01 -3.449395e-03 
 1.171377e+01 -4.336310e-03 
 1.171416e+01 -5.236027e-03 
 1.171456e+01 -6.125312e-03 
 1.171496e+01 -6.986647e-03 
 1.171536e+01 -7.812621e-03 
 1.171576e+01 -8.594752e-03 
 1.171615e+01 -9.334167e-03 
 1.171655e+01 -1.002374e-02 
 1.171695e+01 -1.066148e-02 
 1.171735e+01 -1.124622e-02 
 1.171774e+01 -1.178723e-02 
 1.171814e+01 -1.230295e-02 
 1.171854e+01 -1.281082e-02 
 1.171894e+01 -1.333124e-02 
 1.171933e+01 -1.387567e-02 
 1.171973e+01 -1.444845e-02 
 1.172013e+01 -1.504450e-02 
 1.172053e+01 -1.564666e-02 
 1.172093e+01 -1.623884e-02 
 1.172132e+01 -1.681027e-02 
 1.172172e+01 -1.736706e-02 
 1.172212e+01 -1.792076e-02 
 1.172252e+01 -1.848475e-02 
 1.172291e+01 -1.906535e-02 
 1.172331e+01 -1.966492e-02 
 1.172371e+01 -2.027489e-02 
 1.172411e+01 -2.088891e-02 
 1.172450e+01 -2.149373e-02 
 1.172490e+01 -2.208023e-02 
 1.172530e+01 -2.264095e-02 
 1.172570e+01 -2.316905e-02 
 1.172610e+01 -2.366281e-02 
 1.172649e+01 -2.412369e-02 
 1.172689e+01 -2.455191e-02 
 1.172729e+01 -2.494537e-02 
 1.172769e+01 -2.531033e-02 
 1.172808e+01 -2.565701e-02 
 1.172848e+01 -2.599280e-02 
 1.172888e+01 -2.632418e-02 
 1.172928e+01 -2.665320e-02 
 1.172967e+01 -2.697583e-02 
 1.173007e+01 -2.728024e-02 
 1.173047e+01 -2.755903e-02 
 1.173087e+01 -2.780688e-02 
 1.173127e+01 -2.802715e-02 
 1.173166e+01 -2.822198e-02 
 1.173206e+01 -2.839880e-02 
 1.173246e+01 -2.856146e-02 
 1.173286e+01 -2.870903e-02 
 1.173325e+01 -2.883374e-02 
 1.173365e+01 -2.892084e-02 
 1.173405e+01 -2.896570e-02 
 1.173445e+01 -2.897155e-02 
 1.173484e+01 -2.894780e-02 
 1.173524e+01 -2.891041e-02 
 1.173564e+01 -2.887184e-02 
 1.173604e+01 -2.884321e-02 
 1.173644e+01 -2.883780e-02 
 1.173683e+01 -2.887177e-02 
 1.173723e+01 -2.895953e-02 
 1.173763e+01 -2.911468e-02 
 1.173803e+01 -2.935111e-02 
 1.173842e+01 -2.967389e-02 
 1.173882e+01 -3.007706e-02 
 1.173922e+01 -3.054939e-02 
 1.173962e+01 -3.106926e-02 
 1.174001e+01 -3.162183e-02 
 1.174041e+01 -3.220030e-02 
 1.174081e+01 -3.281099e-02 
 1.174121e+01 -3.346107e-02 
 1.174161e+01 -3.416770e-02 
 1.174200e+01 -3.493441e-02 
 1.174240e+01 -3.576039e-02 
 1.174280e+01 -3.663231e-02 
 1.174320e+01 -3.753333e-02 
 1.174359e+01 -3.844392e-02 
 1.174399e+01 -3.935143e-02 
 1.174439e+01 -4.025369e-02 
 1.174479e+01 -4.115296e-02 
 1.174518e+01 -4.205317e-02 
 1.174558e+01 -4.295522e-02 
 1.174598e+01 -4.385175e-02 
 1.174638e+01 -4.473007e-02 
 1.174678e+01 -4.558168e-02 
 1.174717e+01 -4.640177e-02 
 1.174757e+01 -4.718832e-02 
 1.174797e+01 -4.793865e-02 
 1.174837e+01 -4.864548e-02 
 1.174876e+01 -4.930262e-02 
 1.174916e+01 -4.990073e-02 
 1.174956e+01 -5.042837e-02 
 1.174996e+01 -5.088052e-02 
 1.175035e+01 -5.126699e-02 
 1.175075e+01 -5.159974e-02 
 1.175115e+01 -5.189404e-02 
 1.175155e+01 -5.216036e-02 
 1.175195e+01 -5.239792e-02 
 1.175234e+01 -5.258848e-02 
 1.175274e+01 -5.271668e-02 
 1.175314e+01 -5.278052e-02 
 1.175354e+01 -5.277715e-02 
 1.175393e+01 -5.270909e-02 
 1.175433e+01 -5.259290e-02 
 1.175473e+01 -5.243815e-02 
 1.175513e+01 -5.225460e-02 
 1.175552e+01 -5.204614e-02 
 1.175592e+01 -5.180743e-02 
 1.175632e+01 -5.153257e-02 
 1.175672e+01 -5.121296e-02 
 1.175712e+01 -5.084287e-02 
 1.175751e+01 -5.041866e-02 
 1.175791e+01 -4.993562e-02 
 1.175831e+01 -4.938655e-02 
 1.175871e+01 -4.876356e-02 
 1.175910e+01 -4.806357e-02 
 1.175950e+01 -4.729253e-02 
 1.175990e+01 -4.646018e-02 
 1.176030e+01 -4.559090e-02 
 1.176069e+01 -4.470494e-02 
 1.176109e+01 -4.381453e-02 
 1.176149e+01 -4.293074e-02 
 1.176189e+01 -4.205044e-02 
 1.176229e+01 -4.116030e-02 
 1.176268e+01 -4.024713e-02 
 1.176308e+01 -3.930887e-02 
 1.176348e+01 -3.834404e-02 
 1.176388e+01 -3.736248e-02 
 1.176427e+01 -3.637275e-02 
 1.176467e+01 -3.537551e-02 
 1.176507e+01 -3.436542e-02 
 1.176547e+01 -3.333773e-02 
 1.176586e+01 -3.228880e-02 
 1.176626e+01 -3.121996e-02 
 1.176666e+01 -3.013457e-02 
 1.176706e+01 -2.904557e-02 
 1.176746e+01 -2.796343e-02 
 1.176785e+01 -2.690036e-02 
 1.176825e+01 -2.586102e-02 
 1.176865e+01 -2.484828e-02 
 1.176905e+01 -2.386390e-02 
 1.176944e+01 -2.292688e-02 
 1.176984e+01 -2.205789e-02 
 1.177024e+01 -2.127765e-02 
 1.177064e+01 -2.059819e-02 
 1.177103e+01 -2.001956e-02 
 1.177143e+01 -1.953088e-02 
 1.177183e+01 -1.910804e-02 
 1.177223e+01 -1.872724e-02 
 1.177263e+01 -1.836535e-02 
 1.177302e+01 -1.800732e-02 
 1.177342e+01 -1.765152e-02 
 1.177382e+01 -1.730466e-02 
 1.177422e+01 -1.697289e-02 
 1.177461e+01 -1.665659e-02 
 1.177501e+01 -1.634187e-02 
 1.177541e+01 -1.600778e-02 
 1.177581e+01 -1.563637e-02 
 1.177621e+01 -1.520585e-02 
 1.177660e+01 -1.471459e-02 
 1.177700e+01 -1.415908e-02 
 1.177740e+01 -1.354243e-02 
 1.177780e+01 -1.286302e-02 
 1.177819e+01 -1.212693e-02 
 1.177859e+01 -1.134343e-02 
 1.177899e+01 -1.052595e-02 
 1.177939e+01 -9.692089e-03 
 1.177978e+01 -8.857353e-03 
 1.178018e+01 -8.038604e-03 
 1.178058e+01 -7.246053e-03 
 1.178098e+01 -6.469727e-03 
 1.178138e+01 -5.696034e-03 
 1.178177e+01 -4.900248e-03 
 1.178217e+01 -4.072945e-03 
 1.178257e+01 -3.214630e-03 
 1.178297e+01 -2.336596e-03 
 1.178336e+01 -1.442254e-03 
 1.178376e+01 -5.292768e-04 
 1.178416e+01  4.058503e-04 
 1.178456e+01  1.369894e-03 
 1.178495e+01  2.372993e-03 
 1.178535e+01  3.414811e-03 
 1.178575e+01  4.480429e-03 
 1.178615e+01  5.542307e-03 
 1.178655e+01  6.568249e-03 
 1.178694e+01  7.528237e-03 
 1.178734e+01  8.403263e-03 
 1.178774e+01  9.188162e-03 
 1.178814e+01  9.882938e-03 
 1.178853e+01  1.048399e-02 
 1.178893e+01  1.098322e-02 
 1.178933e+01  1.137097e-02 
 1.178973e+01  1.163479e-02 
 1.179012e+01  1.178024e-02 
 1.179052e+01  1.182215e-02 
 1.179092e+01  1.178461e-02 
 1.179132e+01  1.170585e-02 
 1.179172e+01  1.161566e-02 
 1.179211e+01  1.153046e-02 
 1.179251e+01  1.145280e-02 
 1.179291e+01  1.137060e-02 
 1.179331e+01  1.127185e-02 
 1.179370e+01  1.114693e-02 
 1.179410e+01  1.100113e-02 
 1.179450e+01  1.084419e-02 
 1.179490e+01  1.068683e-02 
 1.179529e+01  1.053285e-02 
 1.179569e+01  1.037402e-02 
 1.179609e+01  1.019658e-02 
 1.179649e+01  9.985044e-03 
 1.179689e+01  9.724579e-03 
 1.179728e+01  9.411973e-03 
 1.179768e+01  9.050116e-03 
 1.179808e+01  8.643569e-03 
 1.179848e+01  8.190334e-03 
 1.179887e+01  7.678045e-03 
 1.179927e+01  7.092708e-03 
 1.179967e+01  6.427387e-03 
 1.180007e+01  5.694713e-03 
 1.180046e+01  4.918981e-03 
 1.180086e+01  4.130690e-03 
 1.180126e+01  3.361132e-03 
 1.180166e+01  2.626058e-03 
 1.180206e+01  1.928533e-03 
 1.180245e+01  1.261618e-03 
 1.180285e+01  6.180692e-04 
 1.180325e+01 -4.076118e-06 
 1.180365e+01 -5.919042e-04 
 1.180404e+01 -1.123130e-03 
 1.180444e+01 -1.576152e-03 
 1.180484e+01 -1.942541e-03 
 1.180524e+01 -2.233664e-03 
 1.180563e+01 -2.479665e-03 
 1.180603e+01 -2.711034e-03 
 1.180643e+01 -2.946853e-03 
 1.180683e+01 -3.197246e-03 
 1.180723e+01 -3.455611e-03 
 1.180762e+01 -3.704899e-03 
 1.180802e+01 -3.931761e-03 
 1.180842e+01 -4.128905e-03 
 1.180882e+01 -4.293050e-03 
 1.180921e+01 -4.424589e-03 
 1.180961e+01 -4.518470e-03 
 1.181001e+01 -4.559917e-03 
 1.181041e+01 -4.523172e-03 
 1.181080e+01 -4.390940e-03 
 1.181120e+01 -4.158633e-03 
 1.181160e+01 -3.842388e-03 
 1.181200e+01 -3.469964e-03 
 1.181240e+01 -3.064194e-03 
 1.181279e+01 -2.641532e-03 
 1.181319e+01 -2.214142e-03 
 1.181359e+01 -1.783065e-03 
 1.181399e+01 -1.352293e-03 
 1.181438e+01 -9.317658e-04 
 1.181478e+01 -5.481128e-04 
 1.181518e+01 -2.307748e-04 
 1.181558e+01 -4.403302e-06 
 1.181597e+01  1.171875e-04 
 1.181637e+01  1.426491e-04 
 1.181677e+01  8.572867e-05 
 1.181717e+01 -3.760019e-05 
 1.181757e+01 -2.217281e-04 
 1.181796e+01 -4.779452e-04 
 1.181836e+01 -8.181607e-04 
 1.181876e+01 -1.249345e-03 
 1.181916e+01 -1.769388e-03 
 1.181955e+01 -2.360979e-03 
 1.181995e+01 -3.000318e-03 
 1.182035e+01 -3.663547e-03 
 1.182075e+01 -4.344605e-03 
 1.182114e+01 -5.042198e-03 
 1.182154e+01 -5.767713e-03 
 1.182194e+01 -6.535377e-03 
 1.182234e+01 -7.351815e-03 
 1.182274e+01 -8.207305e-03 
 1.182313e+01 -9.078777e-03 
 1.182353e+01 -9.945407e-03 
 1.182393e+01 -1.079247e-02 
 1.182433e+01 -1.162461e-02 
 1.182472e+01 -1.245302e-02 
 1.182512e+01 -1.329029e-02 
 1.182552e+01 -1.414063e-02 
 1.182592e+01 -1.500657e-02 
 1.182631e+01 -1.588513e-02 
 1.182671e+01 -1.676592e-02 
 1.182711e+01 -1.763778e-02 
 1.182751e+01 -1.849855e-02 
 1.182791e+01 -1.934305e-02 
 1.182830e+01 -2.016499e-02 
 1.182870e+01 -2.095459e-02 
 1.182910e+01 -2.169745e-02 
 1.182950e+01 -2.238303e-02 
 1.182989e+01 -2.301212e-02 
 1.183029e+01 -2.359994e-02 
 1.183069e+01 -2.417351e-02 
 1.183109e+01 -2.475371e-02 
 1.183148e+01 -2.535153e-02 
 1.183188e+01 -2.597224e-02 
 1.183228e+01 -2.660587e-02 
 1.183268e+01 -2.723584e-02 
 1.183308e+01 -2.785343e-02 
 1.183347e+01 -2.845339e-02 
 1.183387e+01 -2.904134e-02 
 1.183427e+01 -2.963182e-02 
 1.183467e+01 -3.023977e-02 
 1.183506e+01 -3.086860e-02 
 1.183546e+01 -3.151429e-02 
 1.183586e+01 -3.216255e-02 
 1.183626e+01 -3.278950e-02 
 1.183665e+01 -3.337644e-02 
 1.183705e+01 -3.391690e-02 
 1.183745e+01 -3.441303e-02 
 1.183785e+01 -3.487158e-02 
 1.183825e+01 -3.530271e-02 
 1.183864e+01 -3.571589e-02 
 1.183904e+01 -3.611516e-02 
 1.183944e+01 -3.649679e-02 
 1.183984e+01 -3.686128e-02 
 1.184023e+01 -3.721573e-02 
 1.184063e+01 -3.757104e-02 
 1.184103e+01 -3.793928e-02 
 1.184143e+01 -3.832253e-02 
 1.184182e+01 -3.871998e-02 
 1.184222e+01 -3.911317e-02 
 1.184262e+01 -3.948768e-02 
 1.184302e+01 -3.983722e-02 
 1.184342e+01 -4.015554e-02 
 1.184381e+01 -4.045224e-02 
 1.184421e+01 -4.074615e-02 
 1.184461e+01 -4.105271e-02 
 1.184501e+01 -4.138389e-02 
 1.184540e+01 -4.173877e-02 
 1.184580e+01 -4.211064e-02 
 1.184620e+01 -4.248645e-02 
 1.184660e+01 -4.286789e-02 
 1.184699e+01 -4.326328e-02 
 1.184739e+01 -4.368273e-02 
 1.184779e+01 -4.413082e-02 
 1.184819e+01 -4.460657e-02 
 1.184859e+01 -4.510605e-02 
 1.184898e+01 -4.562193e-02 
 1.184938e+01 -4.615009e-02 
 1.184978e+01 -4.669210e-02 
 1.185018e+01 -4.725024e-02 
 1.185057e+01 -4.783142e-02 
 1.185097e+01 -4.843284e-02 
 1.185137e+01 -4.904056e-02 
 1.185177e+01 -4.962548e-02 
 1.185216e+01 -5.015588e-02 
 1.185256e+01 -5.060735e-02 
 1.185296e+01 -5.097109e-02 
 1.185336e+01 -5.125264e-02 
 1.185376e+01 -5.146004e-02 
 1.185415e+01 -5.160579e-02 
 1.185455e+01 -5.168461e-02 
 1.185495e+01 -5.168751e-02 
 1.185535e+01 -5.160284e-02 
 1.185574e+01 -5.142312e-02 
 1.185614e+01 -5.114636e-02 
 1.185654e+01 -5.077041e-02 
 1.185694e+01 -5.031011e-02 
 1.185733e+01 -4.977813e-02 
 1.185773e+01 -4.918309e-02 
 1.185813e+01 -4.853298e-02 
 1.185853e+01 -4.782336e-02 
 1.185893e+01 -4.706883e-02 
 1.185932e+01 -4.628634e-02 
 1.185972e+01 -4.547636e-02 
 1.186012e+01 -4.464007e-02 
 1.186052e+01 -4.376278e-02 
 1.186091e+01 -4.283919e-02 
 1.186131e+01 -4.184798e-02 
 1.186171e+01 -4.078842e-02 
 1.186211e+01 -3.965515e-02 
 1.186250e+01 -3.845842e-02 
 1.186290e+01 -3.722277e-02 
 1.186330e+01 -3.597061e-02 
 1.186370e+01 -3.473254e-02 
 1.186410e+01 -3.352931e-02 
 1.186449e+01 -3.236602e-02 
 1.186489e+01 -3.123962e-02 
 1.186529e+01 -3.014007e-02 
 1.186569e+01 -2.907166e-02 
 1.186608e+01 -2.803253e-02 
 1.186648e+01 -2.703400e-02 
 1.186688e+01 -2.608396e-02 
 1.186728e+01 -2.519231e-02 
 1.186768e+01 -2.435503e-02 
 1.186807e+01 -2.356333e-02 
 1.186847e+01 -2.280226e-02 
 1.186887e+01 -2.205282e-02 
 1.186927e+01 -2.130425e-02 
 1.186966e+01 -2.055556e-02 
 1.187006e+01 -1.981451e-02 
 1.187046e+01 -1.907858e-02 
 1.187086e+01 -1.833811e-02 
 1.187125e+01 -1.757734e-02 
 1.187165e+01 -1.679275e-02 
 1.187205e+01 -1.597640e-02 
 1.187245e+01 -1.513829e-02 
 1.187285e+01 -1.429520e-02 
 1.187324e+01 -1.346304e-02 
 1.187364e+01 -1.265981e-02 
 1.187404e+01 -1.190009e-02 
 1.187444e+01 -1.118911e-02 
 1.187483e+01 -1.051970e-02 
 1.187523e+01 -9.889705e-03 
 1.187563e+01 -9.309768e-03 
 1.187603e+01 -8.794669e-03 
 1.187642e+01 -8.346788e-03 
 1.187682e+01 -7.971722e-03 
 1.187722e+01 -7.659660e-03 
 1.187762e+01 -7.391814e-03 
 1.187802e+01 -7.163635e-03 
 1.187841e+01 -6.966892e-03 
 1.187881e+01 -6.795281e-03 
 1.187921e+01 -6.646220e-03 
 1.187961e+01 -6.513094e-03 
 1.188000e+01 -6.385881e-03 
 1.188040e+01 -6.246714e-03 
 1.188080e+01 -6.071447e-03 
 1.188120e+01 -5.839496e-03 
 1.188159e+01 -5.550580e-03 
 1.188199e+01 -5.216492e-03 
 1.188239e+01 -4.870001e-03 
 1.188279e+01 -4.547069e-03 
 1.188319e+01 -4.262992e-03 
 1.188358e+01 -4.027193e-03 
 1.188398e+01 -3.839753e-03 
 1.188438e+01 -3.692370e-03 
 1.188478e+01 -3.566896e-03 
 1.188517e+01 -3.452622e-03 
 1.188557e+01 -3.336663e-03 
 1.188597e+01 -3.218269e-03 
 1.188637e+01 -3.088512e-03 
 1.188676e+01 -2.935267e-03 
 1.188716e+01 -2.742405e-03 
 1.188756e+01 -2.487828e-03 
 1.188796e+01 -2.164580e-03 
 1.188836e+01 -1.772187e-03 
 1.188875e+01 -1.315681e-03 
 1.188915e+01 -7.962594e-04 
 1.188955e+01 -2.147067e-04 
 1.188995e+01  4.206187e-04 
 1.189034e+01  1.102379e-03 
 1.189074e+01  1.810683e-03 
 1.189114e+01  2.521500e-03 
 1.189154e+01  3.218203e-03 
 1.189193e+01  3.878882e-03 
 1.189233e+01  4.484260e-03 
 1.189273e+01  5.022176e-03 
 1.189313e+01  5.489755e-03 
 1.189353e+01  5.890232e-03 
 1.189392e+01  6.225194e-03 
 1.189432e+01  6.494723e-03 
 1.189472e+01  6.697884e-03 
 1.189512e+01  6.835145e-03 
 1.189551e+01  6.907128e-03 
 1.189591e+01  6.922988e-03 
 1.189631e+01  6.895537e-03 
 1.189671e+01  6.828890e-03 
 1.189710e+01  6.736627e-03 
 1.189750e+01  6.631559e-03 
 1.189790e+01  6.525784e-03 
 1.189830e+01  6.423351e-03 
 1.189870e+01  6.328851e-03 
 1.189909e+01  6.245588e-03 
 1.189949e+01  6.174376e-03 
 1.189989e+01  6.121127e-03 
 1.190029e+01  6.086773e-03 
 1.190068e+01  6.066152e-03 
 1.190108e+01  6.059076e-03 
 1.190148e+01  6.049683e-03 
 1.190188e+01  6.029295e-03 
 1.190227e+01  5.985033e-03 
 1.190267e+01  5.896517e-03 
 1.190307e+01  5.752161e-03 
 1.190347e+01  5.547614e-03 
 1.190387e+01  5.287029e-03 
 1.190426e+01  4.985070e-03 
 1.190466e+01  4.658899e-03 
 1.190506e+01  4.330202e-03 
 1.190546e+01  4.016818e-03 
 1.190585e+01  3.743508e-03 
 1.190625e+01  3.518951e-03 
 1.190665e+01  3.345530e-03 
 1.190705e+01  3.211899e-03 
 1.190744e+01  3.104255e-03 
 1.190784e+01  3.015796e-03 
 1.190824e+01  2.938065e-03 
 1.190864e+01  2.863176e-03 
 1.190904e+01  2.785267e-03 
 1.190943e+01  2.694531e-03 
 1.190983e+01  2.578990e-03 
 1.191023e+01  2.425555e-03 
 1.191063e+01  2.221097e-03 
 1.191102e+01  1.956814e-03 
 1.191142e+01  1.622972e-03 
 1.191182e+01  1.219391e-03 
 1.191222e+01  7.555669e-04 
 1.191261e+01  2.523935e-04 
 1.191301e+01 -2.719415e-04 
 1.191341e+01 -7.986043e-04 
 1.191381e+01 -1.308254e-03 
 1.191421e+01 -1.797317e-03 
 1.191460e+01 -2.264525e-03 
 1.191500e+01 -2.711967e-03 
 1.191540e+01 -3.147637e-03 
 1.191580e+01 -3.573449e-03 
 1.191619e+01 -3.986336e-03 
 1.191659e+01 -4.368480e-03 
 1.191699e+01 -4.708216e-03 
 1.191739e+01 -4.996413e-03 
 1.191778e+01 -5.238907e-03 
 1.191818e+01 -5.442215e-03 
 1.191858e+01 -5.612467e-03 
 1.191898e+01 -5.763235e-03 
 1.191938e+01 -5.903245e-03 
 1.191977e+01 -6.041365e-03 
 1.192017e+01 -6.182878e-03 
 1.192057e+01 -6.329554e-03 
 1.192097e+01 -6.476590e-03 
 1.192136e+01 -6.628514e-03 
 1.192176e+01 -6.786954e-03 
 1.192216e+01 -6.962167e-03 
 1.192256e+01 -7.167198e-03 
 1.192295e+01 -7.409771e-03 
 1.192335e+01 -7.700926e-03 
 1.192375e+01 -8.046863e-03 
 1.192415e+01 -8.448731e-03 
 1.192455e+01 -8.892794e-03 
 1.192494e+01 -9.364446e-03 
 1.192534e+01 -9.845116e-03 
 1.192574e+01 -1.032549e-02 
 1.192614e+01 -1.080379e-02 
 1.192653e+01 -1.128647e-02 
 1.192693e+01 -1.178522e-02 
 1.192733e+01 -1.231395e-02 
 1.192773e+01 -1.288347e-02 
 1.192812e+01 -1.350246e-02 
 1.192852e+01 -1.417309e-02 
 1.192892e+01 -1.488693e-02 
 1.192932e+01 -1.563541e-02 
 1.192972e+01 -1.641550e-02 
 1.193011e+01 -1.722591e-02 
 1.193051e+01 -1.806729e-02 
 1.193091e+01 -1.893172e-02 
 1.193131e+01 -1.980757e-02 
 1.193170e+01 -2.068556e-02 
 1.193210e+01 -2.154951e-02 
 1.193250e+01 -2.238564e-02 
 1.193290e+01 -2.318693e-02 
 1.193329e+01 -2.394571e-02 
 1.193369e+01 -2.466869e-02 
 1.193409e+01 -2.536855e-02 
 1.193449e+01 -2.606170e-02 
 1.193489e+01 -2.676317e-02 
 1.193528e+01 -2.748145e-02 
 1.193568e+01 -2.822005e-02 
 1.193608e+01 -2.897710e-02 
 1.193648e+01 -2.974689e-02 
 1.193687e+01 -3.052310e-02 
 1.193727e+01 -3.128632e-02 
 1.193767e+01 -3.202737e-02 
 1.193807e+01 -3.274067e-02 
 1.193846e+01 -3.343096e-02 
 1.193886e+01 -3.410810e-02 
 1.193926e+01 -3.477627e-02 
 1.193966e+01 -3.543722e-02 
 1.194006e+01 -3.609293e-02 
 1.194045e+01 -3.674579e-02 
 1.194085e+01 -3.739164e-02 
 1.194125e+01 -3.803419e-02 
 1.194165e+01 -3.866915e-02 
 1.194204e+01 -3.930252e-02 
 1.194244e+01 -3.994458e-02 
 1.194284e+01 -4.061161e-02 
 1.194324e+01 -4.130841e-02 
 1.194363e+01 -4.203869e-02 
 1.194403e+01 -4.279202e-02 
 1.194443e+01 -4.355582e-02 
 1.194483e+01 -4.431062e-02 
 1.194523e+01 -4.503137e-02 
 1.194562e+01 -4.569333e-02 
 1.194602e+01 -4.628709e-02 
 1.194642e+01 -4.681207e-02 
 1.194682e+01 -4.726656e-02 
 1.194721e+01 -4.765654e-02 
 1.194761e+01 -4.798014e-02 
 1.194801e+01 -4.823372e-02 
 1.194841e+01 -4.841702e-02 
 1.194880e+01 -4.853075e-02 
 1.194920e+01 -4.857535e-02 
 1.194960e+01 -4.854835e-02 
 1.195000e+01 -4.844127e-02 
 1.195040e+01 -4.825099e-02 
 1.195079e+01 -4.797693e-02 
 1.195119e+01 -4.761855e-02 
 1.195159e+01 -4.718659e-02 
 1.195199e+01 -4.670179e-02 
 1.195238e+01 -4.619480e-02 
 1.195278e+01 -4.569641e-02 
 1.195318e+01 -4.522574e-02 
 1.195358e+01 -4.478731e-02 
 1.195397e+01 -4.437772e-02 
 1.195437e+01 -4.398705e-02 
 1.195477e+01 -4.361433e-02 
 1.195517e+01 -4.325682e-02 
 1.195557e+01 -4.291944e-02 
 1.195596e+01 -4.259794e-02 
 1.195636e+01 -4.227339e-02 
 1.195676e+01 -4.193561e-02 
 1.195716e+01 -4.156359e-02 
 1.195755e+01 -4.114612e-02 
 1.195795e+01 -4.067742e-02 
 1.195835e+01 -4.017412e-02 
 1.195875e+01 -3.965704e-02 
 1.195914e+01 -3.914157e-02 
 1.195954e+01 -3.864042e-02 
 1.195994e+01 -3.815132e-02 
 1.196034e+01 -3.767139e-02 
 1.196074e+01 -3.719279e-02 
 1.196113e+01 -3.672091e-02 
 1.196153e+01 -3.627992e-02 
 1.196193e+01 -3.588249e-02 
 1.196233e+01 -3.554026e-02 
 1.196272e+01 -3.525505e-02 
 1.196312e+01 -3.501854e-02 
 1.196352e+01 -3.481221e-02 
 1.196392e+01 -3.461293e-02 
 1.196432e+01 -3.439666e-02 
 1.196471e+01 -3.413729e-02 
 1.196511e+01 -3.381484e-02 
 1.196551e+01 -3.341773e-02 
 1.196591e+01 -3.294026e-02 
 1.196630e+01 -3.238286e-02 
 1.196670e+01 -3.175599e-02 
 1.196710e+01 -3.108471e-02 
 1.196750e+01 -3.039365e-02 
 1.196789e+01 -2.969511e-02 
 1.196829e+01 -2.900363e-02 
 1.196869e+01 -2.830895e-02 
 1.196909e+01 -2.759856e-02 
 1.196949e+01 -2.687166e-02 
 1.196988e+01 -2.613120e-02 
 1.197028e+01 -2.539530e-02 
 1.197068e+01 -2.468808e-02 
 1.197108e+01 -2.403119e-02 
 1.197147e+01 -2.344302e-02 
 1.197187e+01 -2.292536e-02 
 1.197227e+01 -2.246644e-02 
 1.197267e+01 -2.204560e-02 
 1.197306e+01 -2.164343e-02 
 1.197346e+01 -2.124173e-02 
 1.197386e+01 -2.082585e-02 
 1.197426e+01 -2.038505e-02 
 1.197466e+01 -1.991148e-02 
 1.197505e+01 -1.938919e-02 
 1.197545e+01 -1.881290e-02 
 1.197585e+01 -1.817105e-02 
 1.197625e+01 -1.745376e-02 
 1.197664e+01 -1.665695e-02 
 1.197704e+01 -1.578171e-02 
 1.197744e+01 -1.483236e-02 
 1.197784e+01 -1.382194e-02 
 1.197823e+01 -1.277158e-02 
 1.197863e+01 -1.168978e-02 
 1.197903e+01 -1.059412e-02 
 1.197943e+01 -9.504178e-03 
 1.197983e+01 -8.435271e-03 
 1.198022e+01 -7.400276e-03 
 1.198062e+01 -6.416430e-03 
 1.198102e+01 -5.491545e-03 
 1.198142e+01 -4.621214e-03 
 1.198181e+01 -3.796177e-03 
 1.198221e+01 -3.001445e-03 
 1.198261e+01 -2.210992e-03 
 1.198301e+01 -1.403718e-03 
 1.198340e+01 -5.675289e-04 
 1.198380e+01  3.007244e-04 
 1.198420e+01  1.192487e-03 
 1.198460e+01  2.092794e-03 
 1.198500e+01  2.984720e-03 
 1.198539e+01  3.857512e-03 
 1.198579e+01  4.702988e-03 
 1.198619e+01  5.512032e-03 
 1.198659e+01  6.262863e-03 
 1.198698e+01  6.930837e-03 
 1.198738e+01  7.501391e-03 
 1.198778e+01  7.958594e-03 
 1.198818e+01  8.292147e-03 
 1.198857e+01  8.515561e-03 
 1.198897e+01  8.640949e-03 
 1.198937e+01  8.678508e-03 
 1.198977e+01  8.633997e-03 
 1.199017e+01  8.504401e-03 
 1.199056e+01  8.277338e-03 
 1.199096e+01  7.947735e-03 
 1.199136e+01  7.533108e-03 
 1.199176e+01  7.057383e-03 
 1.199215e+01  6.553364e-03 
 1.199255e+01  6.054939e-03 
 1.199295e+01  5.576255e-03 
 1.199335e+01  5.129059e-03 
 1.199374e+01  4.712823e-03 
 1.199414e+01  4.327816e-03 
 1.199454e+01  3.982446e-03 
 1.199494e+01  3.686073e-03 
 1.199534e+01  3.446331e-03 
 1.199573e+01  3.262632e-03 
 1.199613e+01  3.122344e-03 
 1.199653e+01  3.001779e-03 
 1.199693e+01  2.878605e-03 
 1.199732e+01  2.740937e-03 
 1.199772e+01  2.595321e-03 
 1.199812e+01  2.446424e-03 
 1.199852e+01  2.301952e-03 
 1.199891e+01  2.160831e-03 
 1.199931e+01  2.008681e-03 
 1.199971e+01  1.833156e-03 
 1.200011e+01  1.631660e-03 
 1.200051e+01  1.406629e-03 
 1.200090e+01  1.178655e-03 
 1.200130e+01  9.845674e-04 
 1.200170e+01  8.534825e-04 
 1.200210e+01  8.067395e-04 
 1.200249e+01  8.542630e-04 
 1.200289e+01  9.857649e-04 
 1.200329e+01  1.182079e-03 
 1.200369e+01  1.421140e-03 
 1.200408e+01  1.690075e-03 
 1.200448e+01  1.973274e-03 
 1.200488e+01  2.262106e-03 
 1.200528e+01  2.549970e-03 
 1.200568e+01  2.832240e-03 
 1.200607e+01  3.107419e-03 
 1.200647e+01  3.374743e-03 
 1.200687e+01  3.628243e-03 
 1.200727e+01  3.862399e-03 
 1.200766e+01  4.076271e-03 
 1.200806e+01  4.273539e-03 
 1.200846e+01  4.469305e-03 
 1.200886e+01  4.674736e-03 
 1.200925e+01  4.893345e-03 
 1.200965e+01  5.127362e-03 
 1.201005e+01  5.378087e-03 
 1.201045e+01  5.641517e-03 
 1.201085e+01  5.907908e-03 
 1.201124e+01  6.176668e-03 
 1.201164e+01  6.444324e-03 
 1.201204e+01  6.711275e-03 
 1.201244e+01  6.981706e-03 
 1.201283e+01  7.242019e-03 
 1.201323e+01  7.470668e-03 
 1.201363e+01  7.653723e-03 
 1.201403e+01  7.776194e-03 
 1.201442e+01  7.836063e-03 
 1.201482e+01  7.833851e-03 
 1.201522e+01  7.767140e-03 
 1.201562e+01  7.627171e-03 
 1.201602e+01  7.402208e-03 
 1.201641e+01  7.081784e-03 
 1.201681e+01  6.656002e-03 
 1.201721e+01  6.125070e-03 
 1.201761e+01  5.496437e-03 
 1.201800e+01  4.780040e-03 
 1.201840e+01  3.980883e-03 
 1.201880e+01  3.097329e-03 
 1.201920e+01  2.122740e-03 
 1.201959e+01  1.054856e-03 
 1.201999e+01 -9.694186e-05 
 1.202039e+01 -1.309623e-03 
 1.202079e+01 -2.549362e-03 
 1.202119e+01 -3.781467e-03 
 1.202158e+01 -4.991163e-03 
 1.202198e+01 -6.180822e-03 
 1.202238e+01 -7.362449e-03 
 1.202278e+01 -8.561829e-03 
 1.202317e+01 -9.794636e-03 
 1.202357e+01 -1.105504e-02 
 1.202397e+01 -1.232309e-02 
 1.202437e+01 -1.357835e-02 
 1.202476e+01 -1.480737e-02 
 1.202516e+01 -1.600041e-02 
 1.202556e+01 -1.715991e-02 
 1.202596e+01 -1.828625e-02 
 1.202636e+01 -1.936888e-02 
 1.202675e+01 -2.038783e-02 
 1.202715e+01 -2.132046e-02 
 1.202755e+01 -2.215246e-02 
 1.202795e+01 -2.287468e-02 
 1.202834e+01 -2.349831e-02 
 1.202874e+01 -2.404528e-02 
 1.202914e+01 -2.454087e-02 
 1.202954e+01 -2.500191e-02 
 1.202993e+01 -2.543175e-02 
 1.203033e+01 -2.582465e-02 
 1.203073e+01 -2.617316e-02 
 1.203113e+01 -2.647340e-02 
 1.203153e+01 -2.674613e-02 
 1.203192e+01 -2.701570e-02 
 1.203232e+01 -2.729780e-02 
 1.203272e+01 -2.760387e-02 
 1.203312e+01 -2.793133e-02 
 1.203351e+01 -2.825704e-02 
 1.203391e+01 -2.856047e-02 
 1.203431e+01 -2.881984e-02 
 1.203471e+01 -2.902497e-02 
 1.203510e+01 -2.917580e-02 
 1.203550e+01 -2.928913e-02 
 1.203590e+01 -2.939550e-02 
 1.203630e+01 -2.951985e-02 
 1.203670e+01 -2.967551e-02 
 1.203709e+01 -2.987057e-02 
 1.203749e+01 -3.010063e-02 
 1.203789e+01 -3.036084e-02 
 1.203829e+01 -3.064820e-02 
 1.203868e+01 -3.096126e-02 
 1.203908e+01 -3.130344e-02 
 1.203948e+01 -3.167403e-02 
 1.203988e+01 -3.206976e-02 
 1.204027e+01 -3.248810e-02 
 1.204067e+01 -3.292356e-02 
 1.204107e+01 -3.337666e-02 
 1.204147e+01 -3.385371e-02 
 1.204187e+01 -3.436016e-02 
 1.204226e+01 -3.489962e-02 
 1.204266e+01 -3.546704e-02 
 1.204306e+01 -3.605102e-02 
 1.204346e+01 -3.663537e-02 
 1.204385e+01 -3.721019e-02 
 1.204425e+01 -3.777432e-02 
 1.204465e+01 -3.833635e-02 
 1.204505e+01 -3.890658e-02 
 1.204544e+01 -3.949799e-02 
 1.204584e+01 -4.011223e-02 
 1.204624e+01 -4.073736e-02 
 1.204664e+01 -4.135994e-02 
 1.204704e+01 -4.197249e-02 
 1.204743e+01 -4.258526e-02 
 1.204783e+01 -4.321735e-02 
 1.204823e+01 -4.388988e-02 
 1.204863e+01 -4.462020e-02 
 1.204902e+01 -4.540580e-02 
 1.204942e+01 -4.623436e-02 
 1.204982e+01 -4.708788e-02 
 1.205022e+01 -4.794611e-02 
 1.205061e+01 -4.879774e-02 
 1.205101e+01 -4.964154e-02 
 1.205141e+01 -5.048046e-02 
 1.205181e+01 -5.130674e-02 
 1.205221e+01 -5.209575e-02 
 1.205260e+01 -5.280864e-02 
 1.205300e+01 -5.340110e-02 
 1.205340e+01 -5.383994e-02 
 1.205380e+01 -5.410685e-02 
 1.205419e+01 -5.421045e-02 
 1.205459e+01 -5.417202e-02 
 1.205499e+01 -5.401659e-02 
 1.205539e+01 -5.376859e-02 
 1.205579e+01 -5.344313e-02 
 1.205618e+01 -5.304390e-02 
 1.205658e+01 -5.256877e-02 
 1.205698e+01 -5.202013e-02 
 1.205738e+01 -5.140545e-02 
 1.205777e+01 -5.072546e-02 
 1.205817e+01 -4.998725e-02 
 1.205857e+01 -4.918941e-02 
 1.205897e+01 -4.832747e-02 
 1.205936e+01 -4.739861e-02 
 1.205976e+01 -4.640068e-02 
 1.206016e+01 -4.533478e-02 
 1.206056e+01 -4.420839e-02 
 1.206096e+01 -4.302152e-02 
 1.206135e+01 -4.178155e-02 
 1.206175e+01 -4.049045e-02 
 1.206215e+01 -3.914120e-02 
 1.206255e+01 -3.773416e-02 
 1.206294e+01 -3.627484e-02 
 1.206334e+01 -3.478383e-02 
 1.206374e+01 -3.327958e-02 
 1.206414e+01 -3.180335e-02 
 1.206453e+01 -3.038313e-02 
 1.206493e+01 -2.904438e-02 
 1.206533e+01 -2.780866e-02 
 1.206573e+01 -2.667773e-02 
 1.206613e+01 -2.564959e-02 
 1.206652e+01 -2.470530e-02 
 1.206692e+01 -2.383758e-02 
 1.206732e+01 -2.304509e-02 
 1.206772e+01 -2.233644e-02 
 1.206811e+01 -2.171731e-02 
 1.206851e+01 -2.119277e-02 
 1.206891e+01 -2.075216e-02 
 1.206931e+01 -2.038962e-02 
 1.206970e+01 -2.008437e-02 
 1.207010e+01 -1.982619e-02 
 1.207050e+01 -1.959862e-02 
 1.207090e+01 -1.938795e-02 
 1.207130e+01 -1.918420e-02 
 1.207169e+01 -1.896793e-02 
 1.207209e+01 -1.872138e-02 
 1.207249e+01 -1.842655e-02 
 1.207289e+01 -1.807792e-02 
 1.207328e+01 -1.768144e-02 
 1.207368e+01 -1.727085e-02 
 1.207408e+01 -1.688306e-02 
 1.207448e+01 -1.655629e-02 
 1.207487e+01 -1.630230e-02 
 1.207527e+01 -1.612987e-02 
 1.207567e+01 -1.602925e-02 
 1.207607e+01 -1.597075e-02 
 1.207647e+01 -1.594381e-02 
 1.207686e+01 -1.594328e-02 
 1.207726e+01 -1.596064e-02 
 1.207766e+01 -1.599572e-02 
 1.207806e+01 -1.604172e-02 
 1.207845e+01 -1.607546e-02 
 1.207885e+01 -1.606484e-02 
 1.207925e+01 -1.598888e-02 
 1.207965e+01 -1.584186e-02 
 1.208004e+01 -1.562940e-02 
 1.208044e+01 -1.536012e-02 
 1.208084e+01 -1.504767e-02 
 1.208124e+01 -1.469795e-02 
 1.208164e+01 -1.430701e-02 
 1.208203e+01 -1.386579e-02 
 1.208243e+01 -1.336228e-02 
 1.208283e+01 -1.280454e-02 
 1.208323e+01 -1.220753e-02 
 1.208362e+01 -1.160789e-02 
 1.208402e+01 -1.103969e-02 
 1.208442e+01 -1.051677e-02 
 1.208482e+01 -1.003038e-02 
 1.208521e+01 -9.559011e-03 
 1.208561e+01 -9.074912e-03 
 1.208601e+01 -8.546364e-03 
 1.208641e+01 -7.952126e-03 
 1.208681e+01 -7.289254e-03 
 1.208720e+01 -6.563169e-03 
 1.208760e+01 -5.793715e-03 
 1.208800e+01 -4.994202e-03 
 1.208840e+01 -4.172809e-03 
 1.208879e+01 -3.321886e-03 
 1.208919e+01 -2.435282e-03 
 1.208959e+01 -1.507761e-03 
 1.208999e+01 -5.478341e-04 
 1.209038e+01  4.386530e-04 
 1.209078e+01  1.440061e-03 
 1.209118e+01  2.447641e-03 
 1.209158e+01  3.445763e-03 
 1.209198e+01  4.423581e-03 
 1.209237e+01  5.357927e-03 
 1.209277e+01  6.221759e-03 
 1.209317e+01  6.980420e-03 
 1.209357e+01  7.603428e-03 
 1.209396e+01  8.075621e-03 
 1.209436e+01  8.394780e-03 
 1.209476e+01  8.585911e-03 
 1.209516e+01  8.669303e-03 
 1.209555e+01  8.665124e-03 
 1.209595e+01  8.584718e-03 
 1.209635e+01  8.429595e-03 
 1.209675e+01  8.202465e-03 
 1.209715e+01  7.908215e-03 
 1.209754e+01  7.556990e-03 
 1.209794e+01  7.170146e-03 
 1.209834e+01  6.776836e-03 
 1.209874e+01  6.387537e-03 
 1.209913e+01  5.996027e-03 
 1.209953e+01  5.592824e-03 
 1.209993e+01  5.161714e-03 
 1.210033e+01  4.693139e-03 
 1.210072e+01  4.196510e-03 
 1.210112e+01  3.691955e-03 
 1.210152e+01  3.195981e-03 
 1.210192e+01  2.720096e-03 
 1.210232e+01  2.261501e-03 
 1.210271e+01  1.803408e-03 
 1.210311e+01  1.328127e-03 
 1.210351e+01  8.185623e-04 
 1.210391e+01  2.895009e-04 
 1.210430e+01 -2.224517e-04 
 1.210470e+01 -6.826753e-04 
 1.210510e+01 -1.051342e-03 
 1.210550e+01 -1.316745e-03 
 1.210589e+01 -1.476782e-03 
 1.210629e+01 -1.556709e-03 
 1.210669e+01 -1.582258e-03 
 1.210709e+01 -1.560302e-03 
 1.210749e+01 -1.498768e-03 
 1.210788e+01 -1.390898e-03 
 1.210828e+01 -1.229072e-03 
 1.210868e+01 -1.014102e-03 
 1.210908e+01 -7.554153e-04 
 1.210947e+01 -4.722813e-04 
 1.210987e+01 -1.797027e-04 
 1.211027e+01  1.110109e-04 
 1.211067e+01  4.022958e-04 
 1.211106e+01  7.005543e-04 
 1.211146e+01  1.010399e-03 
 1.211186e+01  1.329246e-03 
 1.211226e+01  1.644001e-03 
 1.211266e+01  1.934609e-03 
 1.211305e+01  2.184079e-03 
 1.211345e+01  2.385978e-03 
 1.211385e+01  2.545440e-03 
 1.211425e+01  2.679070e-03 
 1.211464e+01  2.804812e-03 
 1.211504e+01  2.932144e-03 
 1.211544e+01  3.061238e-03 
 1.211584e+01  3.182240e-03 
 1.211623e+01  3.284149e-03 
 1.211663e+01  3.356502e-03 
 1.211703e+01  3.401433e-03 
 1.211743e+01  3.424504e-03 
 1.211783e+01  3.434105e-03 
 1.211822e+01  3.439378e-03 
 1.211862e+01  3.436759e-03 
 1.211902e+01  3.411900e-03 
 1.211942e+01  3.350778e-03 
 1.211981e+01  3.238820e-03 
 1.212021e+01  3.069143e-03 
 1.212061e+01  2.845037e-03 
 1.212101e+01  2.573631e-03 
 1.212140e+01  2.251968e-03 
 1.212180e+01  1.874586e-03 
 1.212220e+01  1.429561e-03 
 1.212260e+01  9.142947e-04 
 1.212300e+01  3.371959e-04 
 1.212339e+01 -2.934279e-04 
 1.212379e+01 -9.624297e-04 
 1.212419e+01 -1.656759e-03 
 1.212459e+01 -2.382485e-03 
 1.212498e+01 -3.156638e-03 
 1.212538e+01 -4.006771e-03 
 1.212578e+01 -4.965317e-03 
 1.212618e+01 -6.047061e-03 
 1.212657e+01 -7.248457e-03 
 1.212697e+01 -8.545280e-03 
 1.212737e+01 -9.912064e-03 
 1.212777e+01 -1.132240e-02 
 1.212817e+01 -1.276331e-02 
 1.212856e+01 -1.422916e-02 
 1.212896e+01 -1.571699e-02 
 1.212936e+01 -1.721967e-02 
 1.212976e+01 -1.872184e-02 
 1.213015e+01 -2.020066e-02 
 1.213055e+01 -2.163020e-02 
 1.213095e+01 -2.299406e-02 
 1.213135e+01 -2.429096e-02 
 1.213174e+01 -2.552908e-02 
 1.213214e+01 -2.672149e-02 
 1.213254e+01 -2.787358e-02 
 1.213294e+01 -2.898216e-02 
 1.213334e+01 -3.003566e-02 
 1.213373e+01 -3.102442e-02 
 1.213413e+01 -3.194537e-02 
 1.213453e+01 -3.280232e-02 
 1.213493e+01 -3.360723e-02 
 1.213532e+01 -3.437478e-02 
 1.213572e+01 -3.511718e-02 
 1.213612e+01 -3.583872e-02 
 1.213652e+01 -3.652539e-02 
 1.213691e+01 -3.715749e-02 
 1.213731e+01 -3.771148e-02 
 1.213771e+01 -3.817196e-02 
 1.213811e+01 -3.853702e-02 
 1.213851e+01 -3.881270e-02 
 1.213890e+01 -3.902239e-02 
 1.213930e+01 -3.918325e-02 
 1.213970e+01 -3.931124e-02 
 1.214010e+01 -3.941412e-02 
 1.214049e+01 -3.948594e-02 
 1.214089e+01 -3.952768e-02 
 1.214129e+01 -3.954037e-02 
 1.214169e+01 -3.953491e-02 
 1.214208e+01 -3.951875e-02 
 1.214248e+01 -3.950236e-02 
 1.214288e+01 -3.949578e-02 
 1.214328e+01 -3.949793e-02 
 1.214368e+01 -3.951913e-02 
 1.214407e+01 -3.957382e-02 
 1.214447e+01 -3.967968e-02 
 1.214487e+01 -3.985483e-02 
 1.214527e+01 -4.010929e-02 
 1.214566e+01 -4.044482e-02 
 1.214606e+01 -4.083030e-02 
 1.214646e+01 -4.122669e-02 
 1.214686e+01 -4.159997e-02 
 1.214726e+01 -4.192869e-02 
 1.214765e+01 -4.220158e-02 
 1.214805e+01 -4.242525e-02 
 1.214845e+01 -4.261480e-02 
 1.214885e+01 -4.277563e-02 
 1.214924e+01 -4.290168e-02 
 1.214964e+01 -4.297816e-02 
 1.215004e+01 -4.299634e-02 
 1.215044e+01 -4.295618e-02 
 1.215083e+01 -4.286291e-02 
 1.215123e+01 -4.274378e-02 
 1.215163e+01 -4.261986e-02 
 1.215203e+01 -4.250521e-02 
 1.215243e+01 -4.240308e-02 
 1.215282e+01 -4.231133e-02 
 1.215322e+01 -4.223301e-02 
 1.215362e+01 -4.217944e-02 
 1.215402e+01 -4.217515e-02 
 1.215441e+01 -4.224149e-02 
 1.215481e+01 -4.238052e-02 
 1.215521e+01 -4.257928e-02 
 1.215561e+01 -4.279404e-02 
 1.215600e+01 -4.297141e-02 
 1.215640e+01 -4.306378e-02 
 1.215680e+01 -4.304893e-02 
 1.215720e+01 -4.292829e-02 
 1.215760e+01 -4.273248e-02 
 1.215799e+01 -4.249916e-02 
 1.215839e+01 -4.225603e-02 
 1.215879e+01 -4.201489e-02 
 1.215919e+01 -4.176245e-02 
 1.215958e+01 -4.148195e-02 
 1.215998e+01 -4.116146e-02 
 1.216038e+01 -4.080079e-02 
 1.216078e+01 -4.041626e-02 
 1.216117e+01 -4.001822e-02 
 1.216157e+01 -3.961709e-02 
 1.216197e+01 -3.921126e-02 
 1.216237e+01 -3.879282e-02 
 1.216277e+01 -3.835675e-02 
 1.216316e+01 -3.790221e-02 
 1.216356e+01 -3.743328e-02 
 1.216396e+01 -3.695202e-02 
 1.216436e+01 -3.645483e-02 
 1.216475e+01 -3.593554e-02 
 1.216515e+01 -3.537994e-02 
 1.216555e+01 -3.476247e-02 
 1.216595e+01 -3.405877e-02 
 1.216634e+01 -3.325450e-02 
 1.216674e+01 -3.234712e-02 
 1.216714e+01 -3.134762e-02 
 1.216754e+01 -3.027460e-02 
 1.216794e+01 -2.915158e-02 
 1.216833e+01 -2.799324e-02 
 1.216873e+01 -2.680611e-02 
 1.216913e+01 -2.560638e-02 
 1.216953e+01 -2.440849e-02 
 1.216992e+01 -2.322519e-02 
 1.217032e+01 -2.207928e-02 
 1.217072e+01 -2.098759e-02 
 1.217112e+01 -1.996996e-02 
 1.217151e+01 -1.903561e-02 
 1.217191e+01 -1.819189e-02 
 1.217231e+01 -1.744422e-02 
 1.217271e+01 -1.679169e-02 
 1.217311e+01 -1.623760e-02 
 1.217350e+01 -1.578646e-02 
 1.217390e+01 -1.543270e-02 
 1.217430e+01 -1.515393e-02 
 1.217470e+01 -1.491236e-02 
 1.217509e+01 -1.467217e-02 
 1.217549e+01 -1.439709e-02 
 1.217589e+01 -1.407481e-02 
 1.217629e+01 -1.372190e-02 
 1.217668e+01 -1.337058e-02 
 1.217708e+01 -1.305372e-02 
 1.217748e+01 -1.280154e-02 
 1.217788e+01 -1.262972e-02 
 1.217828e+01 -1.252546e-02 
 1.217867e+01 -1.247231e-02 
 1.217907e+01 -1.245665e-02 
 1.217947e+01 -1.247186e-02 
 1.217987e+01 -1.252070e-02 
 1.218026e+01 -1.261014e-02 
 1.218066e+01 -1.273461e-02 
 1.218106e+01 -1.288675e-02 
 1.218146e+01 -1.304976e-02 
 1.218185e+01 -1.320691e-02 
 1.218225e+01 -1.335215e-02 
 1.218265e+01 -1.348131e-02 
 1.218305e+01 -1.359873e-02 
 1.218345e+01 -1.369715e-02 
 1.218384e+01 -1.376610e-02 
 1.218424e+01 -1.378696e-02 
 1.218464e+01 -1.373490e-02 
 1.218504e+01 -1.360374e-02 
 1.218543e+01 -1.339175e-02 
 1.218583e+01 -1.311056e-02 
 1.218623e+01 -1.278211e-02 
 1.218663e+01 -1.243374e-02 
 1.218702e+01 -1.208547e-02 
 1.218742e+01 -1.175266e-02 
 1.218782e+01 -1.144000e-02 
 1.218822e+01 -1.114061e-02 
 1.218862e+01 -1.084444e-02 
 1.218901e+01 -1.054385e-02 
 1.218941e+01 -1.023629e-02 
 1.218981e+01 -9.921508e-03 
 1.219021e+01 -9.604269e-03 
 1.219060e+01 -9.292095e-03 
 1.219100e+01 -8.984211e-03 
 1.219140e+01 -8.681452e-03 
 1.219180e+01 -8.372597e-03 
 1.219219e+01 -8.038214e-03 
 1.219259e+01 -7.657254e-03 
 1.219299e+01 -7.208639e-03 
 1.219339e+01 -6.675217e-03 
 1.219379e+01 -6.052494e-03 
 1.219418e+01 -5.340680e-03 
 1.219458e+01 -4.546046e-03 
 1.219498e+01 -3.681620e-03 
 1.219538e+01 -2.759367e-03 
 1.219577e+01 -1.792226e-03 
 1.219617e+01 -8.004343e-04 
 1.219657e+01  1.953826e-04 
 1.219697e+01  1.180152e-03 
 1.219736e+01  2.146555e-03 
 1.219776e+01  3.089245e-03 
 1.219816e+01  4.010493e-03 
 1.219856e+01  4.915923e-03 
 1.219896e+01  5.805548e-03 
 1.219935e+01  6.679136e-03 
 1.219975e+01  7.530291e-03 
 1.220015e+01  8.350172e-03 
 1.220055e+01  9.134652e-03 
 1.220094e+01  9.883281e-03 
 1.220134e+01  1.059849e-02 
 1.220174e+01  1.128493e-02 
 1.220214e+01  1.194114e-02 
 1.220253e+01  1.255784e-02 
 1.220293e+01  1.312726e-02 
 1.220333e+01  1.363711e-02 
 1.220373e+01  1.408243e-02 
 1.220413e+01  1.445850e-02 
 1.220452e+01  1.476234e-02 
 1.220492e+01  1.498723e-02 
 1.220532e+01  1.511978e-02 
 1.220572e+01  1.514963e-02 
 1.220611e+01  1.506438e-02 
 1.220651e+01  1.486401e-02 
 1.220691e+01  1.456112e-02 
 1.220731e+01  1.418280e-02 
 1.220770e+01  1.376145e-02 
 1.220810e+01  1.331770e-02 
 1.220850e+01  1.286313e-02 
 1.220890e+01  1.238880e-02 
 1.220930e+01  1.187814e-02 
 1.220969e+01  1.131742e-02 
 1.221009e+01  1.069747e-02 
 1.221049e+01  1.002430e-02 
 1.221089e+01  9.317734e-03 
 1.221128e+01  8.598235e-03 
 1.221168e+01  7.889175e-03 
 1.221208e+01  7.208330e-03 
 1.221248e+01  6.563531e-03 
 1.221287e+01  5.953975e-03 
 1.221327e+01  5.372105e-03 
 1.221367e+01  4.811617e-03 
 1.221407e+01  4.261974e-03 
 1.221447e+01  3.716655e-03 
 1.221486e+01  3.164316e-03 
 1.221526e+01  2.598888e-03 
 1.221566e+01  2.019931e-03 
 1.221606e+01  1.426373e-03 
 1.221645e+01  8.178245e-04 
 1.221685e+01  2.026949e-04 
 1.221725e+01 -4.117396e-04 
 1.221765e+01 -1.014858e-03 
 1.221804e+01 -1.592633e-03 
 1.221844e+01 -2.146543e-03 
 1.221884e+01 -2.676623e-03 
 1.221924e+01 -3.197988e-03 
 1.221964e+01 -3.717649e-03 
 1.222003e+01 -4.245112e-03 
 1.222043e+01 -4.786602e-03 
 1.222083e+01 -5.339062e-03 
 1.222123e+01 -5.900424e-03 
 1.222162e+01 -6.463915e-03 
 1.222202e+01 -7.025680e-03 
 1.222242e+01 -7.586952e-03 
 1.222282e+01 -8.153920e-03 
 1.222321e+01 -8.731566e-03 
 1.222361e+01 -9.321485e-03 
 1.222401e+01 -9.921859e-03 
 1.222441e+01 -1.053143e-02 
 1.222481e+01 -1.114642e-02 
 1.222520e+01 -1.176136e-02 
 1.222560e+01 -1.236484e-02 
 1.222600e+01 -1.293694e-02 
 1.222640e+01 -1.345456e-02 
 1.222679e+01 -1.390365e-02 
 1.222719e+01 -1.428395e-02 
 1.222759e+01 -1.460836e-02 
 1.222799e+01 -1.490632e-02 
 1.222838e+01 -1.521061e-02 
 1.222878e+01 -1.555321e-02 
 1.222918e+01 -1.594917e-02 
 1.222958e+01 -1.639530e-02 
 1.222998e+01 -1.688210e-02 
 1.223037e+01 -1.739962e-02 
 1.223077e+01 -1.794622e-02 
 1.223117e+01 -1.852822e-02 
 1.223157e+01 -1.915266e-02 
 1.223196e+01 -1.981989e-02 
 1.223236e+01 -2.053173e-02 
 1.223276e+01 -2.128786e-02 
 1.223316e+01 -2.208148e-02 
 1.223355e+01 -2.290691e-02 
 1.223395e+01 -2.376597e-02 
 1.223435e+01 -2.466099e-02 
 1.223475e+01 -2.559148e-02 
 1.223515e+01 -2.655463e-02 
 1.223554e+01 -2.753681e-02 
 1.223594e+01 -2.852117e-02 
 1.223634e+01 -2.949239e-02 
 1.223674e+01 -3.044298e-02 
 1.223713e+01 -3.138050e-02 
 1.223753e+01 -3.231326e-02 
 1.223793e+01 -3.324873e-02 
 1.223833e+01 -3.419543e-02 
 1.223873e+01 -3.515859e-02 
 1.223912e+01 -3.613075e-02 
 1.223952e+01 -3.710772e-02 
 1.223992e+01 -3.807579e-02 
 1.224032e+01 -3.901769e-02 
 1.224071e+01 -3.992659e-02 
 1.224111e+01 -4.079058e-02 
 1.224151e+01 -4.160176e-02 
 1.224191e+01 -4.235631e-02 
 1.224230e+01 -4.304936e-02 
 1.224270e+01 -4.368378e-02 
 1.224310e+01 -4.425769e-02 
 1.224350e+01 -4.476142e-02 
 1.224390e+01 -4.518796e-02 
 1.224429e+01 -4.551433e-02 
 1.224469e+01 -4.571926e-02 
 1.224509e+01 -4.579405e-02 
 1.224549e+01 -4.573851e-02 
 1.224588e+01 -4.556169e-02 
 1.224628e+01 -4.528320e-02 
 1.224668e+01 -4.492989e-02 
 1.224708e+01 -4.452667e-02 
 1.224747e+01 -4.409944e-02 
 1.224787e+01 -4.366588e-02 
 1.224827e+01 -4.323592e-02 
 1.224867e+01 -4.282141e-02 
 1.224907e+01 -4.242504e-02 
 1.224946e+01 -4.204770e-02 
 1.224986e+01 -4.168460e-02 
 1.225026e+01 -4.132425e-02 
 1.225066e+01 -4.095575e-02 
 1.225105e+01 -4.056338e-02 
 1.225145e+01 -4.014158e-02 
 1.225185e+01 -3.967624e-02 
 1.225225e+01 -3.916810e-02 
 1.225264e+01 -3.862098e-02 
 1.225304e+01 -3.803531e-02 
 1.225344e+01 -3.742194e-02 
 1.225384e+01 -3.678297e-02 
 1.225424e+01 -3.611381e-02 
 1.225463e+01 -3.541043e-02 
 1.225503e+01 -3.467734e-02 
 1.225543e+01 -3.392528e-02 
 1.225583e+01 -3.317007e-02 
 1.225622e+01 -3.243782e-02 
 1.225662e+01 -3.175170e-02 
 1.225702e+01 -3.113538e-02 
 1.225742e+01 -3.059921e-02 
 1.225781e+01 -3.013729e-02 
 1.225821e+01 -2.973464e-02 
 1.225861e+01 -2.936893e-02 
 1.225901e+01 -2.902339e-02 
 1.225941e+01 -2.869175e-02 
 1.225980e+01 -2.837115e-02 
 1.226020e+01 -2.806175e-02 
 1.226060e+01 -2.777248e-02 
 1.226100e+01 -2.751772e-02 
 1.226139e+01 -2.730360e-02 
 1.226179e+01 -2.713361e-02 
 1.226219e+01 -2.700477e-02 
 1.226259e+01 -2.690801e-02 
 1.226298e+01 -2.683380e-02 
 1.226338e+01 -2.676558e-02 
 1.226378e+01 -2.669879e-02 
 1.226418e+01 -2.663268e-02 
 1.226458e+01 -2.657890e-02 
 1.226497e+01 -2.656263e-02 
 1.226537e+01 -2.661277e-02 
 1.226577e+01 -2.674624e-02 
 1.226617e+01 -2.697683e-02 
 1.226656e+01 -2.730543e-02 
 1.226696e+01 -2.771915e-02 
 1.226736e+01 -2.819883e-02 
 1.226776e+01 -2.872901e-02 
 1.226815e+01 -2.928628e-02 
 1.226855e+01 -2.985861e-02 
 1.226895e+01 -3.042447e-02 
 1.226935e+01 -3.096538e-02 
 1.226975e+01 -3.145738e-02 
 1.227014e+01 -3.187685e-02 
 1.227054e+01 -3.221005e-02 
 1.227094e+01 -3.245522e-02 
 1.227134e+01 -3.261678e-02 
 1.227173e+01 -3.269670e-02 
 1.227213e+01 -3.269664e-02 
 1.227253e+01 -3.261439e-02 
 1.227293e+01 -3.243951e-02 
 1.227332e+01 -3.216934e-02 
 1.227372e+01 -3.180541e-02 
 1.227412e+01 -3.136196e-02 
 1.227452e+01 -3.086089e-02 
 1.227492e+01 -3.032454e-02 
 1.227531e+01 -2.977002e-02 
 1.227571e+01 -2.920380e-02 
 1.227611e+01 -2.862612e-02 
 1.227651e+01 -2.802984e-02 
 1.227690e+01 -2.740791e-02 
 1.227730e+01 -2.674924e-02 
 1.227770e+01 -2.604110e-02 
 1.227810e+01 -2.527475e-02 
 1.227849e+01 -2.443919e-02 
 1.227889e+01 -2.353372e-02 
 1.227929e+01 -2.256424e-02 
 1.227969e+01 -2.154036e-02 
 1.228009e+01 -2.047636e-02 
 1.228048e+01 -1.939141e-02 
 1.228088e+01 -1.830264e-02 
 1.228128e+01 -1.721819e-02 
 1.228168e+01 -1.614220e-02 
 1.228207e+01 -1.507572e-02 
 1.228247e+01 -1.402075e-02 
 1.228287e+01 -1.298457e-02 
 1.228327e+01 -1.197452e-02 
 1.228366e+01 -1.100657e-02 
 1.228406e+01 -1.009193e-02 
 1.228446e+01 -9.242266e-03 
 1.228486e+01 -8.470654e-03 
 1.228526e+01 -7.780986e-03 
 1.228565e+01 -7.171471e-03 
 1.228605e+01 -6.630928e-03 
 1.228645e+01 -6.141746e-03 
 1.228685e+01 -5.685684e-03 
 1.228724e+01 -5.242239e-03 
 1.228764e+01 -4.795029e-03 
 1.228804e+01 -4.328145e-03 
 1.228844e+01 -3.832428e-03 
 1.228883e+01 -3.309493e-03 
 1.228923e+01 -2.767947e-03 
 1.228963e+01 -2.225535e-03 
 1.229003e+01 -1.694486e-03 
 1.229043e+01 -1.183061e-03 
 1.229082e+01 -6.965555e-04 
 1.229122e+01 -2.353488e-04 
 1.229162e+01  2.011980e-04 
 1.229202e+01  6.135962e-04 
 1.229241e+01  1.007052e-03 
 1.229281e+01  1.378959e-03 
 1.229321e+01  1.714479e-03 
 1.229361e+01  1.999843e-03 
 1.229400e+01  2.216379e-03 
 1.229440e+01  2.348390e-03 
 1.229480e+01  2.396568e-03 
 1.229520e+01  2.372529e-03 
 1.229560e+01  2.304613e-03 
 1.229599e+01  2.226996e-03 
 1.229639e+01  2.176574e-03 
 1.229679e+01  2.174152e-03 
 1.229719e+01  2.221843e-03 
 1.229758e+01  2.306999e-03 
 1.229798e+01  2.413407e-03 
 1.229838e+01  2.529971e-03 
 1.229878e+01  2.648946e-03 
 1.229917e+01  2.771947e-03 
 1.229957e+01  2.911485e-03 
 1.229997e+01  3.067096e-03 
 1.230037e+01  3.238856e-03 
 1.230077e+01  3.421469e-03 
 1.230116e+01  3.607460e-03 
 1.230156e+01  3.800355e-03 
 1.230196e+01  4.007831e-03 
 1.230236e+01  4.252166e-03 
 1.230275e+01  4.544893e-03 
 1.230315e+01  4.887076e-03 
 1.230355e+01  5.271884e-03 
 1.230395e+01  5.683848e-03 
 1.230434e+01  6.110784e-03 
 1.230474e+01  6.546547e-03 
 1.230514e+01  6.997979e-03 
 1.230554e+01  7.475044e-03 
 1.230594e+01  7.987065e-03 
 1.230633e+01  8.542482e-03 
 1.230673e+01  9.140494e-03 
 1.230713e+01  9.765358e-03 
 1.230753e+01  1.040327e-02 
 1.230792e+01  1.103589e-02 
 1.230832e+01  1.164803e-02 
 1.230872e+01  1.222382e-02 
 1.230912e+01  1.275205e-02 
 1.230951e+01  1.322139e-02 
 1.230991e+01  1.361460e-02 
 1.231031e+01  1.392200e-02 
 1.231071e+01  1.414237e-02 
 1.231111e+01  1.427848e-02 
 1.231150e+01  1.433460e-02 
 1.231190e+01  1.431787e-02 
 1.231230e+01  1.422571e-02 
 1.231270e+01  1.405012e-02 
 1.231309e+01  1.377406e-02 
 1.231349e+01  1.338325e-02 
 1.231389e+01  1.286939e-02 
 1.231429e+01  1.223560e-02 
 1.231468e+01  1.150278e-02 
 1.231508e+01  1.069827e-02 
 1.231548e+01  9.848354e-03 
 1.231588e+01  8.969437e-03 
 1.231628e+01  8.059557e-03 
 1.231667e+01  7.097937e-03 
 1.231707e+01  6.066008e-03 
 1.231747e+01  4.950082e-03 
 1.231787e+01  3.749349e-03 
 1.231826e+01  2.474406e-03 
 1.231866e+01  1.142274e-03 
 1.231906e+01 -2.248679e-04 
 1.231946e+01 -1.614991e-03 
 1.231985e+01 -3.021626e-03 
 1.232025e+01 -4.433293e-03 
 1.232065e+01 -5.835838e-03 
 1.232105e+01 -7.214780e-03 
 1.232145e+01 -8.547567e-03 
 1.232184e+01 -9.818983e-03 
 1.232224e+01 -1.102497e-02 
 1.232264e+01 -1.218348e-02 
 1.232304e+01 -1.330839e-02 
 1.232343e+01 -1.441630e-02 
 1.232383e+01 -1.551347e-02 
 1.232423e+01 -1.659146e-02 
 1.232463e+01 -1.763806e-02 
 1.232502e+01 -1.863537e-02 
 1.232542e+01 -1.958327e-02 
 1.232582e+01 -2.049300e-02 
 1.232622e+01 -2.138708e-02 
 1.232662e+01 -2.228595e-02 
 1.232701e+01 -2.320080e-02 
 1.232741e+01 -2.412412e-02 
 1.232781e+01 -2.503264e-02 
 1.232821e+01 -2.589900e-02 
 1.232860e+01 -2.670274e-02 
 1.232900e+01 -2.743311e-02 
 1.232940e+01 -2.808734e-02 
 1.232980e+01 -2.866872e-02 
 1.233020e+01 -2.917695e-02 
 1.233059e+01 -2.960783e-02 
 1.233099e+01 -2.995495e-02 
 1.233139e+01 -3.020962e-02 
 1.233179e+01 -3.037423e-02 
 1.233218e+01 -3.046306e-02 
 1.233258e+01 -3.049827e-02 
 1.233298e+01 -3.049945e-02 
 1.233338e+01 -3.047888e-02 
 1.233377e+01 -3.043531e-02 
 1.233417e+01 -3.036018e-02 
 1.233457e+01 -3.024149e-02 
 1.233497e+01 -3.008577e-02 
 1.233537e+01 -2.990681e-02 
 1.233576e+01 -2.972368e-02 
 1.233616e+01 -2.955539e-02 
 1.233656e+01 -2.940543e-02 
 1.233696e+01 -2.927204e-02 
 1.233735e+01 -2.914879e-02 
 1.233775e+01 -2.903099e-02 
 1.233815e+01 -2.892072e-02 
 1.233855e+01 -2.882337e-02 
 1.233894e+01 -2.874665e-02 
 1.233934e+01 -2.869366e-02 
 1.233974e+01 -2.865360e-02 
 1.234014e+01 -2.861501e-02 
 1.234054e+01 -2.856380e-02 
 1.234093e+01 -2.850456e-02 
 1.234133e+01 -2.845826e-02 
 1.234173e+01 -2.845544e-02 
 1.234213e+01 -2.853189e-02 
 1.234252e+01 -2.870607e-02 
 1.234292e+01 -2.898226e-02 
 1.234332e+01 -2.934830e-02 
 1.234372e+01 -2.978891e-02 
 1.234411e+01 -3.029666e-02 
 1.234451e+01 -3.087035e-02 
 1.234491e+01 -3.152886e-02 
 1.234531e+01 -3.228855e-02 
 1.234571e+01 -3.315785e-02 
 1.234610e+01 -3.412736e-02 
 1.234650e+01 -3.516642e-02 
 1.234690e+01 -3.623254e-02 
 1.234730e+01 -3.727545e-02 
 1.234769e+01 -3.825573e-02 
 1.234809e+01 -3.915383e-02 
 1.234849e+01 -3.995862e-02 
 1.234889e+01 -4.067402e-02 
 1.234928e+01 -4.130347e-02 
 1.234968e+01 -4.184907e-02 
 1.235008e+01 -4.231661e-02 
 1.235048e+01 -4.270839e-02 
 1.235088e+01 -4.303741e-02 
 1.235127e+01 -4.331733e-02 
 1.235167e+01 -4.355626e-02 
 1.235207e+01 -4.376234e-02 
 1.235247e+01 -4.393569e-02 
 1.235286e+01 -4.407458e-02 
 1.235326e+01 -4.416826e-02 
 1.235366e+01 -4.421617e-02 
 1.235406e+01 -4.422518e-02 
 1.235445e+01 -4.420341e-02 
 1.235485e+01 -4.415839e-02 
 1.235525e+01 -4.408864e-02 
 1.235565e+01 -4.398356e-02 
 1.235605e+01 -4.382552e-02 
 1.235644e+01 -4.359767e-02 
 1.235684e+01 -4.328843e-02 
 1.235724e+01 -4.289751e-02 
 1.235764e+01 -4.242640e-02 
 1.235803e+01 -4.188929e-02 
 1.235843e+01 -4.130000e-02 
 1.235883e+01 -4.066937e-02 
 1.235923e+01 -4.000791e-02 
 1.235962e+01 -3.932403e-02 
 1.236002e+01 -3.862736e-02 
 1.236042e+01 -3.793298e-02 
 1.236082e+01 -3.725883e-02 
 1.236122e+01 -3.662136e-02 
 1.236161e+01 -3.603109e-02 
 1.236201e+01 -3.548664e-02 
 1.236241e+01 -3.498571e-02 
 1.236281e+01 -3.451475e-02 
 1.236320e+01 -3.406769e-02 
 1.236360e+01 -3.364585e-02 
 1.236400e+01 -3.325353e-02 
 1.236440e+01 -3.289953e-02 
 1.236479e+01 -3.258595e-02 
 1.236519e+01 -3.230826e-02 
 1.236559e+01 -3.204211e-02 
 1.236599e+01 -3.176064e-02 
 1.236639e+01 -3.144619e-02 
 1.236678e+01 -3.108369e-02 
 1.236718e+01 -3.067275e-02 
 1.236758e+01 -3.022903e-02 
 1.236798e+01 -2.977249e-02 
 1.236837e+01 -2.932040e-02 
 1.236877e+01 -2.888797e-02 
 1.236917e+01 -2.849002e-02 
 1.236957e+01 -2.814011e-02 
 1.236996e+01 -2.785404e-02 
 1.237036e+01 -2.765186e-02 
 1.237076e+01 -2.754847e-02 
 1.237116e+01 -2.754292e-02 
 1.237156e+01 -2.762362e-02 
 1.237195e+01 -2.777125e-02 
 1.237235e+01 -2.796108e-02 
 1.237275e+01 -2.817114e-02 
 1.237315e+01 -2.839390e-02 
 1.237354e+01 -2.863124e-02 
 1.237394e+01 -2.888185e-02 
 1.237434e+01 -2.914680e-02 
 1.237474e+01 -2.941565e-02 
 1.237513e+01 -2.966031e-02 
 1.237553e+01 -2.985007e-02 
 1.237593e+01 -2.996041e-02 
 1.237633e+01 -2.997943e-02 
 1.237673e+01 -2.990925e-02 
 1.237712e+01 -2.976428e-02 
 1.237752e+01 -2.957101e-02 
 1.237792e+01 -2.934989e-02 
 1.237832e+01 -2.911364e-02 
 1.237871e+01 -2.886791e-02 
 1.237911e+01 -2.860561e-02 
 1.237951e+01 -2.831651e-02 
 1.237991e+01 -2.798587e-02 
 1.238030e+01 -2.759761e-02 
 1.238070e+01 -2.713785e-02 
 1.238110e+01 -2.659324e-02 
 1.238150e+01 -2.595805e-02 
 1.238190e+01 -2.522826e-02 
 1.238229e+01 -2.440839e-02 
 1.238269e+01 -2.350313e-02 
 1.238309e+01 -2.252245e-02 
 1.238349e+01 -2.146958e-02 
 1.238388e+01 -2.034721e-02 
 1.238428e+01 -1.915416e-02 
 1.238468e+01 -1.788603e-02 
 1.238508e+01 -1.653804e-02 
 1.238547e+01 -1.511424e-02 
 1.238587e+01 -1.361838e-02 
 1.238627e+01 -1.206984e-02 
 1.238667e+01 -1.049015e-02 
 1.238707e+01 -8.909748e-03 
 1.238746e+01 -7.355411e-03 
 1.238786e+01 -5.848132e-03 
 1.238826e+01 -4.403772e-03 
 1.238866e+01 -3.034123e-03 
 1.238905e+01 -1.746487e-03 
 1.238945e+01 -5.457428e-04 
 1.238985e+01  5.615573e-04 
 1.239025e+01  1.574944e-03 
 1.239064e+01  2.496163e-03 
 1.239104e+01  3.337415e-03 
 1.239144e+01  4.116773e-03 
 1.239184e+01  4.848638e-03 
 1.239224e+01  5.540352e-03 
 1.239263e+01  6.190803e-03 
 1.239303e+01  6.793620e-03 
 1.239343e+01  7.339639e-03 
 1.239383e+01  7.820007e-03 
 1.239422e+01  8.236681e-03 
 1.239462e+01  8.603921e-03 
 1.239502e+01  8.938175e-03 
 1.239542e+01  9.250968e-03 
 1.239581e+01  9.550699e-03 
 1.239621e+01  9.819296e-03 
 1.239661e+01  1.003224e-02 
 1.239701e+01  1.016273e-02 
 1.239741e+01  1.019706e-02 
 1.239780e+01  1.013186e-02 
 1.239820e+01  9.977508e-03 
 1.239860e+01  9.750283e-03 
 1.239900e+01  9.472969e-03 
 1.239939e+01  9.168706e-03 
 1.239979e+01  8.854899e-03 
 1.240019e+01  8.540566e-03 
 1.240059e+01  8.229074e-03 
 1.240098e+01  7.919530e-03 
 1.240138e+01  7.612157e-03 
 1.240178e+01  7.302262e-03 
 1.240218e+01  6.976348e-03 
 1.240258e+01  6.622476e-03 
 1.240297e+01  6.231970e-03 
 1.240337e+01  5.813166e-03 
 1.240377e+01  5.379935e-03 
 1.240417e+01  4.953652e-03 
 1.240456e+01  4.551033e-03 
 1.240496e+01  4.174844e-03 
 1.240536e+01  3.822085e-03 
 1.240576e+01  3.481778e-03 
 1.240615e+01  3.137343e-03 
 1.240655e+01  2.777505e-03 
 1.240695e+01  2.402196e-03 
 1.240735e+01  2.021573e-03 
 1.240775e+01  1.646430e-03 
 1.240814e+01  1.289134e-03 
 1.240854e+01  9.569824e-04 
 1.240894e+01  6.576519e-04 
 1.240934e+01  4.006465e-04 
 1.240973e+01  1.936701e-04 
 1.241013e+01  4.567176e-05 
 1.241053e+01 -3.825185e-05 
 1.241093e+01 -5.969373e-05 
 1.241132e+01 -3.100568e-05 
 1.241172e+01  3.447229e-05 
 1.241212e+01  1.226257e-04 
 1.241252e+01  2.279341e-04 
 1.241292e+01  3.500513e-04 
 1.241331e+01  4.937174e-04 
 1.241371e+01  6.665833e-04 
 1.241411e+01  8.666898e-04 
 1.241451e+01  1.086026e-03 
 1.241490e+01  1.318198e-03 
 1.241530e+01  1.547420e-03 
 1.241570e+01  1.760590e-03 
 1.241610e+01  1.945797e-03 
 1.241649e+01  2.095284e-03 
 1.241689e+01  2.201636e-03 
 1.241729e+01  2.262492e-03 
 1.241769e+01  2.276868e-03 
 1.241809e+01  2.246716e-03 
 1.241848e+01  2.171230e-03 
 1.241888e+01  2.051176e-03 
 1.241928e+01  1.887949e-03 
 1.241968e+01  1.676488e-03 
 1.242007e+01  1.406421e-03 
 1.242047e+01  1.057622e-03 
 1.242087e+01  6.103695e-04 
 1.242127e+01  4.336885e-05 
 1.242167e+01 -6.569573e-04 
 1.242206e+01 -1.491110e-03 
 1.242246e+01 -2.448313e-03 
 1.242286e+01 -3.506571e-03 
 1.242326e+01 -4.635538e-03 
 1.242365e+01 -5.807312e-03 
 1.242405e+01 -6.995087e-03 
 1.242445e+01 -8.185115e-03 
 1.242485e+01 -9.371480e-03 
 1.242524e+01 -1.055918e-02 
 1.242564e+01 -1.174613e-02 
 1.242604e+01 -1.292625e-02 
 1.242644e+01 -1.409570e-02 
 1.242684e+01 -1.524779e-02 
 1.242723e+01 -1.637373e-02 
 1.242763e+01 -1.746822e-02 
 1.242803e+01 -1.852665e-02 
 1.242843e+01 -1.954515e-02 
 1.242882e+01 -2.052170e-02 
 1.242922e+01 -2.146123e-02 
 1.242962e+01 -2.237934e-02 
 1.243002e+01 -2.328927e-02 
 1.243041e+01 -2.420232e-02 
 1.243081e+01 -2.512345e-02 
 1.243121e+01 -2.604746e-02 
 1.243161e+01 -2.695393e-02 
 1.243201e+01 -2.781947e-02 
 1.243240e+01 -2.861903e-02 
 1.243280e+01 -2.934029e-02 
 1.243320e+01 -2.997889e-02 
 1.243360e+01 -3.054515e-02 
 1.243399e+01 -3.105185e-02 
 1.243439e+01 -3.150805e-02 
 1.243479e+01 -3.191100e-02 
 1.243519e+01 -3.225042e-02 
 1.243558e+01 -3.251941e-02 
 1.243598e+01 -3.270763e-02 
 1.243638e+01 -3.281197e-02 
 1.243678e+01 -3.284262e-02 
 1.243718e+01 -3.280797e-02 
 1.243757e+01 -3.272549e-02 
 1.243797e+01 -3.261531e-02 
 1.243837e+01 -3.249183e-02 
 1.243877e+01 -3.236263e-02 
 1.243916e+01 -3.224065e-02 
 1.243956e+01 -3.214078e-02 
 1.243996e+01 -3.207211e-02 
 1.244036e+01 -3.204061e-02 
 1.244075e+01 -3.204340e-02 
 1.244115e+01 -3.206579e-02 
 1.244155e+01 -3.208695e-02 
 1.244195e+01 -3.209108e-02 
 1.244235e+01 -3.206499e-02 
 1.244274e+01 -3.199776e-02 
 1.244314e+01 -3.188126e-02 
 1.244354e+01 -3.171180e-02 
 1.244394e+01 -3.148960e-02 
 1.244433e+01 -3.121790e-02 
 1.244473e+01 -3.089918e-02 
 1.244513e+01 -3.055117e-02 
 1.244553e+01 -3.018961e-02 
 1.244592e+01 -2.983775e-02 
 1.244632e+01 -2.951804e-02 
 1.244672e+01 -2.925129e-02 
 1.244712e+01 -2.905061e-02 
 1.244752e+01 -2.892202e-02 
 1.244791e+01 -2.887587e-02 
 1.244831e+01 -2.893433e-02 
 1.244871e+01 -2.911376e-02 
 1.244911e+01 -2.942662e-02 
 1.244950e+01 -2.987435e-02 
 1.244990e+01 -3.044753e-02 
 1.245030e+01 -3.112161e-02 
 1.245070e+01 -3.186331e-02 
 1.245109e+01 -3.264586e-02 
 1.245149e+01 -3.344279e-02 
 1.245189e+01 -3.424226e-02 
 1.245229e+01 -3.504284e-02 
 1.245269e+01 -3.584058e-02 
 1.245308e+01 -3.663595e-02 
 1.245348e+01 -3.742601e-02 
 1.245388e+01 -3.820353e-02 
 1.245428e+01 -3.896274e-02 
 1.245467e+01 -3.969965e-02 
 1.245507e+01 -4.040979e-02 
 1.245547e+01 -4.108857e-02 
 1.245587e+01 -4.172700e-02 
 1.245626e+01 -4.231941e-02 
 1.245666e+01 -4.286586e-02 
 1.245706e+01 -4.336300e-02 
 1.245746e+01 -4.382122e-02 
 1.245786e+01 -4.425377e-02 
 1.245825e+01 -4.467688e-02 
 1.245865e+01 -4.509515e-02 
 1.245905e+01 -4.550630e-02 
 1.245945e+01 -4.589336e-02 
 1.245984e+01 -4.622904e-02 
 1.246024e+01 -4.648489e-02 
 1.246064e+01 -4.663179e-02 
 1.246104e+01 -4.665298e-02 
 1.246143e+01 -4.654384e-02 
 1.246183e+01 -4.631180e-02 
 1.246223e+01 -4.596166e-02 
 1.246263e+01 -4.550354e-02 
 1.246303e+01 -4.494632e-02 
 1.246342e+01 -4.429338e-02 
 1.246382e+01 -4.355191e-02 
 1.246422e+01 -4.273734e-02 
 1.246462e+01 -4.186804e-02 
 1.246501e+01 -4.096404e-02 
 1.246541e+01 -4.004527e-02 
 1.246581e+01 -3.913296e-02 
 1.246621e+01 -3.824106e-02 
 1.246660e+01 -3.738061e-02 
 1.246700e+01 -3.656099e-02 
 1.246740e+01 -3.579432e-02 
 1.246780e+01 -3.508647e-02 
 1.246820e+01 -3.443990e-02 
 1.246859e+01 -3.384457e-02 
 1.246899e+01 -3.328563e-02 
 1.246939e+01 -3.273373e-02 
 1.246979e+01 -3.216076e-02 
 1.247018e+01 -3.155207e-02 
 1.247058e+01 -3.090304e-02 
 1.247098e+01 -3.022004e-02 
 1.247138e+01 -2.951474e-02 
 1.247177e+01 -2.880089e-02 
 1.247217e+01 -2.808921e-02 
 1.247257e+01 -2.738599e-02 
 1.247297e+01 -2.669705e-02 
 1.247337e+01 -2.603093e-02 
 1.247376e+01 -2.539182e-02 
 1.247416e+01 -2.479181e-02 
 1.247456e+01 -2.423708e-02 
 1.247496e+01 -2.373228e-02 
 1.247535e+01 -2.327669e-02 
 1.247575e+01 -2.286323e-02 
 1.247615e+01 -2.248344e-02 
 1.247655e+01 -2.213823e-02 
 1.247694e+01 -2.183155e-02 
 1.247734e+01 -2.157054e-02 
 1.247774e+01 -2.135906e-02 
 1.247814e+01 -2.120238e-02 
 1.247854e+01 -2.108780e-02 
 1.247893e+01 -2.100313e-02 
 1.247933e+01 -2.092614e-02 
 1.247973e+01 -2.084001e-02 
 1.248013e+01 -2.073566e-02 
 1.248052e+01 -2.061671e-02 
 1.248092e+01 -2.049509e-02 
 1.248132e+01 -2.038237e-02 
 1.248172e+01 -2.028244e-02 
 1.248211e+01 -2.019765e-02 
 1.248251e+01 -2.012109e-02 
 1.248291e+01 -2.003982e-02 
 1.248331e+01 -1.994610e-02 
 1.248371e+01 -1.983218e-02 
 1.248410e+01 -1.969131e-02 
 1.248450e+01 -1.952230e-02 
 1.248490e+01 -1.933361e-02 
 1.248530e+01 -1.912724e-02 
 1.248569e+01 -1.890255e-02 
 1.248609e+01 -1.866135e-02 
 1.248649e+01 -1.839888e-02 
 1.248689e+01 -1.810243e-02 
 1.248728e+01 -1.775154e-02 
 1.248768e+01 -1.732750e-02 
 1.248808e+01 -1.680865e-02 
 1.248848e+01 -1.618109e-02 
 1.248888e+01 -1.543681e-02 
 1.248927e+01 -1.457484e-02 
 1.248967e+01 -1.360603e-02 
 1.249007e+01 -1.254945e-02 
 1.249047e+01 -1.142610e-02 
 1.249086e+01 -1.025594e-02 
 1.249126e+01 -9.057219e-03 
 1.249166e+01 -7.841506e-03 
 1.249206e+01 -6.610607e-03 
 1.249245e+01 -5.368517e-03 
 1.249285e+01 -4.116265e-03 
 1.249325e+01 -2.853482e-03 
 1.249365e+01 -1.589416e-03 
 1.249405e+01 -3.345610e-04 
 1.249444e+01  8.937520e-04 
 1.249484e+01  2.089827e-03 
 1.249524e+01  3.247458e-03 
 1.249564e+01  4.361401e-03 
 1.249603e+01  5.430227e-03 
 1.249643e+01  6.446258e-03 
 1.249683e+01  7.404580e-03 
 1.249723e+01  8.295404e-03 
 1.249762e+01  9.115566e-03 
 1.249802e+01  9.861403e-03 
 1.249842e+01  1.053158e-02 
 1.249882e+01  1.112679e-02 
 1.249922e+01  1.164331e-02 
 1.249961e+01  1.207347e-02 
 1.250001e+01  1.240338e-02 
 1.250041e+01  1.262593e-02 
 1.250081e+01  1.274472e-02 
 1.250120e+01  1.276501e-02 
 1.250160e+01  1.270530e-02 
 1.250200e+01  1.259176e-02 
 1.250240e+01  1.243306e-02 
 1.250279e+01  1.224101e-02 
 1.250319e+01  1.201611e-02 
 1.250359e+01  1.176142e-02 
 1.250399e+01  1.146834e-02 
 1.250439e+01  1.113825e-02 
 1.250478e+01  1.077430e-02 
 1.250518e+01  1.037679e-02 
 1.250558e+01  9.948904e-03 
 1.250598e+01  9.489374e-03 
 1.250637e+01  9.007044e-03 
 1.250677e+01  8.501581e-03 
 1.250717e+01  7.979195e-03 
 1.250757e+01  7.450935e-03 
 1.250796e+01  6.921452e-03 
 1.250836e+01  6.395939e-03 
 1.250876e+01  5.871157e-03 
 1.250916e+01  5.343498e-03 
 1.250956e+01  4.797138e-03 
 1.250995e+01  4.218224e-03 
 1.251035e+01  3.605276e-03 
 1.251075e+01  2.962942e-03 
 1.251115e+01  2.303634e-03 
 1.251154e+01  1.645818e-03 
 1.251194e+01  1.011721e-03 
 1.251234e+01  4.143572e-04 
 1.251274e+01 -1.454448e-04 
 1.251314e+01 -6.635537e-04 
 1.251353e+01 -1.146268e-03 
 1.251393e+01 -1.606898e-03 
 1.251433e+01 -2.053312e-03 
 1.251473e+01 -2.485810e-03 
 1.251512e+01 -2.904477e-03 
 1.251552e+01 -3.303475e-03 
 1.251592e+01 -3.678485e-03 
 1.251632e+01 -4.028169e-03 
 1.251671e+01 -4.352250e-03 
 1.251711e+01 -4.648447e-03 
 1.251751e+01 -4.916669e-03 
 1.251791e+01 -5.159878e-03 
 1.251831e+01 -5.382616e-03 
 1.251870e+01 -5.594364e-03 
 1.251910e+01 -5.803935e-03 
 1.251950e+01 -6.010180e-03 
 1.251990e+01 -6.204795e-03 
 1.252029e+01 -6.370498e-03 
 1.252069e+01 -6.484047e-03 
 1.252109e+01 -6.525721e-03 
 1.252149e+01 -6.480020e-03 
 1.252188e+01 -6.349601e-03 
 1.252228e+01 -6.150065e-03 
 1.252268e+01 -5.911054e-03 
 1.252308e+01 -5.660742e-03 
 1.252348e+01 -5.422514e-03 
 1.252387e+01 -5.213176e-03 
 1.252427e+01 -5.049240e-03 
 1.252467e+01 -4.943901e-03 
 1.252507e+01 -4.912811e-03 
 1.252546e+01 -4.968727e-03 
 1.252586e+01 -5.117353e-03 
 1.252626e+01 -5.359154e-03 
 1.252666e+01 -5.686849e-03 
 1.252705e+01 -6.084970e-03 
 1.252745e+01 -6.547963e-03 
 1.252785e+01 -7.070037e-03 
 1.252825e+01 -7.662636e-03 
 1.252865e+01 -8.331771e-03 
 1.252904e+01 -9.082600e-03 
 1.252944e+01 -9.911368e-03 
 1.252984e+01 -1.079356e-02 
 1.253024e+01 -1.170941e-02 
 1.253063e+01 -1.263198e-02 
 1.253103e+01 -1.354228e-02 
 1.253143e+01 -1.443344e-02 
 1.253183e+01 -1.530605e-02 
 1.253222e+01 -1.617066e-02 
 1.253262e+01 -1.703565e-02 
 1.253302e+01 -1.790478e-02 
 1.253342e+01 -1.878390e-02 
 1.253382e+01 -1.967688e-02 
 1.253421e+01 -2.059117e-02 
 1.253461e+01 -2.152527e-02 
 1.253501e+01 -2.247982e-02 
 1.253541e+01 -2.345077e-02 
 1.253580e+01 -2.442479e-02 
 1.253620e+01 -2.538340e-02 
 1.253660e+01 -2.631464e-02 
 1.253700e+01 -2.720730e-02 
 1.253739e+01 -2.805459e-02 
 1.253779e+01 -2.886037e-02 
 1.253819e+01 -2.962154e-02 
 1.253859e+01 -3.033036e-02 
 1.253899e+01 -3.097063e-02 
 1.253938e+01 -3.152356e-02 
 1.253978e+01 -3.196638e-02 
 1.254018e+01 -3.228015e-02 
 1.254058e+01 -3.246402e-02 
 1.254097e+01 -3.253143e-02 
 1.254137e+01 -3.251492e-02 
 1.254177e+01 -3.244975e-02 
 1.254217e+01 -3.237034e-02 
 1.254256e+01 -3.230444e-02 
 1.254296e+01 -3.226623e-02 
 1.254336e+01 -3.226754e-02 
 1.254376e+01 -3.231344e-02 
 1.254416e+01 -3.240308e-02 
 1.254455e+01 -3.253283e-02 
 1.254495e+01 -3.269652e-02 
 1.254535e+01 -3.288136e-02 
 1.254575e+01 -3.307367e-02 
 1.254614e+01 -3.325578e-02 
 1.254654e+01 -3.341143e-02 
 1.254694e+01 -3.353214e-02 
 1.254734e+01 -3.361509e-02 
 1.254773e+01 -3.366565e-02 
 1.254813e+01 -3.368375e-02 
 1.254853e+01 -3.366836e-02 
 1.254893e+01 -3.361588e-02 
 1.254933e+01 -3.351795e-02 
 1.254972e+01 -3.336862e-02 
 1.255012e+01 -3.316930e-02 
 1.255052e+01 -3.292600e-02 
 1.255092e+01 -3.265790e-02 
 1.255131e+01 -3.238632e-02 
 1.255171e+01 -3.213466e-02 
 1.255211e+01 -3.192149e-02 
 1.255251e+01 -3.175654e-02 
 1.255290e+01 -3.164572e-02 
 1.255330e+01 -3.159380e-02 
 1.255370e+01 -3.160561e-02 
 1.255410e+01 -3.168479e-02 
 1.255450e+01 -3.183234e-02 
 1.255489e+01 -3.204049e-02 
 1.255529e+01 -3.230236e-02 
 1.255569e+01 -3.261132e-02 
 1.255609e+01 -3.296312e-02 
 1.255648e+01 -3.335095e-02 
 1.255688e+01 -3.377160e-02 
 1.255728e+01 -3.422380e-02 
 1.255768e+01 -3.471169e-02 
 1.255807e+01 -3.522648e-02 
 1.255847e+01 -3.575644e-02 
 1.255887e+01 -3.628887e-02 
 1.255927e+01 -3.680938e-02 
 1.255967e+01 -3.731370e-02 
 1.256006e+01 -3.780619e-02 
 1.256046e+01 -3.830069e-02 
 1.256086e+01 -3.880998e-02 
 1.256126e+01 -3.935356e-02 
 1.256165e+01 -3.994631e-02 
 1.256205e+01 -4.059423e-02 
 1.256245e+01 -4.129410e-02 
 1.256285e+01 -4.202761e-02 
 1.256324e+01 -4.277173e-02 
 1.256364e+01 -4.350641e-02 
 1.256404e+01 -4.420955e-02 
 1.256444e+01 -4.486421e-02 
 1.256484e+01 -4.545375e-02 
 1.256523e+01 -4.595509e-02 
 1.256563e+01 -4.635186e-02 
 1.256603e+01 -4.663278e-02 
 1.256643e+01 -4.679140e-02 
 1.256682e+01 -4.682706e-02 
 1.256722e+01 -4.674241e-02 
 1.256762e+01 -4.653963e-02 
 1.256802e+01 -4.622392e-02 
 1.256841e+01 -4.580330e-02 
 1.256881e+01 -4.528148e-02 
 1.256921e+01 -4.467092e-02 
 1.256961e+01 -4.398466e-02 
 1.257001e+01 -4.324782e-02 
 1.257040e+01 -4.248422e-02 
 1.257080e+01 -4.171126e-02 
 1.257120e+01 -4.093820e-02 
 1.257160e+01 -4.014864e-02 
 1.257199e+01 -3.933024e-02 
 1.257239e+01 -3.846754e-02 
 1.257279e+01 -3.755760e-02 
 1.257319e+01 -3.660663e-02 
 1.257358e+01 -3.562863e-02 
 1.257398e+01 -3.464349e-02 
 1.257438e+01 -3.366517e-02 
 1.257478e+01 -3.269914e-02 
 1.257518e+01 -3.174603e-02 
 1.257557e+01 -3.079754e-02 
 1.257597e+01 -2.984775e-02 
 1.257637e+01 -2.889642e-02 
 1.257677e+01 -2.794938e-02 
 1.257716e+01 -2.701083e-02 
 1.257756e+01 -2.608257e-02 
 1.257796e+01 -2.516679e-02 
 1.257836e+01 -2.425210e-02 
 1.257875e+01 -2.334146e-02 
 1.257915e+01 -2.243943e-02 
 1.257955e+01 -2.156184e-02 
 1.257995e+01 -2.073179e-02 
 1.258035e+01 -1.996199e-02 
 1.258074e+01 -1.926220e-02 
 1.258114e+01 -1.862717e-02 
 1.258154e+01 -1.803814e-02 
 1.258194e+01 -1.747525e-02 
 1.258233e+01 -1.692344e-02 
 1.258273e+01 -1.637564e-02 
 1.258313e+01 -1.582967e-02 
 1.258353e+01 -1.528751e-02 
 1.258392e+01 -1.475386e-02 
 1.258432e+01 -1.422085e-02 
 1.258472e+01 -1.368624e-02 
 1.258512e+01 -1.314457e-02 
 1.258552e+01 -1.260218e-02 
 1.258591e+01 -1.206418e-02 
 1.258631e+01 -1.154371e-02 
 1.258671e+01 -1.104934e-02 
 1.258711e+01 -1.058657e-02 
 1.258750e+01 -1.015631e-02 
 1.258790e+01 -9.751664e-03 
 1.258830e+01 -9.373425e-03 
 1.258870e+01 -9.034167e-03 
 1.258909e+01 -8.747385e-03 
 1.258949e+01 -8.523785e-03 
 1.258989e+01 -8.361441e-03 
 1.259029e+01 -8.249123e-03 
 1.259069e+01 -8.156532e-03 
 1.259108e+01 -8.050763e-03 
 1.259148e+01 -7.903207e-03 
 1.259188e+01 -7.696241e-03 
 1.259228e+01 -7.423977e-03 
 1.259267e+01 -7.097945e-03 
 1.259307e+01 -6.737753e-03 
 1.259347e+01 -6.358781e-03 
 1.259387e+01 -5.973149e-03 
 1.259426e+01 -5.572390e-03 
 1.259466e+01 -5.151195e-03 
 1.259506e+01 -4.700703e-03 
 1.259546e+01 -4.215060e-03 
 1.259586e+01 -3.685805e-03 
 1.259625e+01 -3.113429e-03 
 1.259665e+01 -2.492762e-03 
 1.259705e+01 -1.819708e-03 
 1.259745e+01 -1.096460e-03 
 1.259784e+01 -3.254819e-04 
 1.259824e+01  4.835276e-04 
 1.259864e+01  1.324200e-03 
 1.259904e+01  2.178872e-03 
 1.259943e+01  3.037842e-03 
 1.259983e+01  3.895791e-03 
 1.260023e+01  4.752873e-03 
 1.260063e+01  5.621840e-03 
 1.260103e+01  6.510482e-03 
 1.260142e+01  7.412592e-03 
 1.260182e+01  8.313506e-03 
 1.260222e+01  9.188221e-03 
 1.260262e+01  1.000681e-02 
 1.260301e+01  1.074697e-02 
 1.260341e+01  1.139624e-02 
 1.260381e+01  1.194962e-02 
 1.260421e+01  1.240941e-02 
 1.260460e+01  1.278182e-02 
 1.260500e+01  1.306938e-02 
 1.260540e+01  1.326889e-02 
 1.260580e+01  1.337462e-02 
 1.260620e+01  1.338394e-02 
 1.260659e+01  1.329957e-02 
 1.260699e+01  1.312960e-02 
 1.260739e+01  1.287772e-02 
 1.260779e+01  1.253705e-02 
 1.260818e+01  1.210686e-02 
 1.260858e+01  1.158141e-02 
 1.260898e+01  1.095731e-02 
 1.260938e+01  1.024417e-02 
 1.260978e+01  9.463447e-03 
 1.261017e+01  8.642777e-03 
 1.261057e+01  7.811166e-03 
 1.261097e+01  6.984349e-03 
 1.261137e+01  6.164962e-03 
 1.261176e+01  5.338972e-03 
 1.261216e+01  4.488981e-03 
 1.261256e+01  3.598555e-03 
 1.261296e+01  2.661462e-03 
 1.261335e+01  1.688373e-03 
 1.261375e+01  6.886667e-04 
 1.261415e+01 -3.216186e-04 
 1.261455e+01 -1.327749e-03 
 1.261495e+01 -2.319309e-03 
 1.261534e+01 -3.284885e-03 
 1.261574e+01 -4.211988e-03 
 1.261614e+01 -5.084867e-03 
 1.261654e+01 -5.891751e-03 
 1.261693e+01 -6.620772e-03 
 1.261733e+01 -7.267892e-03 
 1.261773e+01 -7.848984e-03 
 1.261813e+01 -8.380702e-03 
 1.261852e+01 -8.885062e-03 
 1.261892e+01 -9.377179e-03 
 1.261932e+01 -9.854189e-03 
 1.261972e+01 -1.030886e-02 
 1.262012e+01 -1.073166e-02 
 1.262051e+01 -1.112035e-02 
 1.262091e+01 -1.148126e-02 
 1.262131e+01 -1.182928e-02 
 1.262171e+01 -1.218704e-02 
 1.262210e+01 -1.256321e-02 
 1.262250e+01 -1.296202e-02 
 1.262290e+01 -1.337002e-02 
 1.262330e+01 -1.375563e-02 
 1.262369e+01 -1.409710e-02 
 1.262409e+01 -1.437219e-02 
 1.262449e+01 -1.456866e-02 
 1.262489e+01 -1.469303e-02 
 1.262529e+01 -1.475718e-02 
 1.262568e+01 -1.476423e-02 
 1.262608e+01 -1.471798e-02 
 1.262648e+01 -1.461756e-02 
 1.262688e+01 -1.445932e-02 
 1.262727e+01 -1.424728e-02 
 1.262767e+01 -1.399293e-02 
 1.262807e+01 -1.371352e-02 
 1.262847e+01 -1.341751e-02 
 1.262886e+01 -1.311590e-02 
 1.262926e+01 -1.281398e-02 
 1.262966e+01 -1.251247e-02 
 1.263006e+01 -1.221813e-02 
 1.263046e+01 -1.194803e-02 
 1.263085e+01 -1.172284e-02 
 1.263125e+01 -1.157210e-02 
 1.263165e+01 -1.151562e-02 
 1.263205e+01 -1.155474e-02 
 1.263244e+01 -1.168021e-02 
 1.263284e+01 -1.187295e-02 
 1.263324e+01 -1.210529e-02 
 1.263364e+01 -1.236545e-02 
 1.263403e+01 -1.264547e-02 
 1.263443e+01 -1.294926e-02 
 1.263483e+01 -1.327489e-02 
 1.263523e+01 -1.363094e-02 
 1.263563e+01 -1.401299e-02 
 1.263602e+01 -1.442322e-02 
 1.263642e+01 -1.486888e-02 
 1.263682e+01 -1.536037e-02 
 1.263722e+01 -1.591526e-02 
 1.263761e+01 -1.655289e-02 
 1.263801e+01 -1.728503e-02 
 1.263841e+01 -1.810719e-02 
 1.263881e+01 -1.901845e-02 
 1.263920e+01 -1.999945e-02 
 1.263960e+01 -2.103657e-02 
 1.264000e+01 -2.212554e-02 
 1.264040e+01 -2.326803e-02 
 1.264080e+01 -2.447205e-02 
 1.264119e+01 -2.573587e-02 
 1.264159e+01 -2.703987e-02 
 1.264199e+01 -2.834240e-02 
 1.264239e+01 -2.959887e-02 
 1.264278e+01 -3.077190e-02 
 1.264318e+01 -3.183655e-02 
 1.264358e+01 -3.278260e-02 
 1.264398e+01 -3.361710e-02 
 1.264437e+01 -3.434638e-02 
 1.264477e+01 -3.497274e-02 
 1.264517e+01 -3.550817e-02 
 1.264557e+01 -3.595134e-02 
 1.264597e+01 -3.630658e-02 
 1.264636e+01 -3.658352e-02 
 1.264676e+01 -3.679975e-02 
 1.264716e+01 -3.697354e-02 
 1.264756e+01 -3.713006e-02 
 1.264795e+01 -3.727226e-02 
 1.264835e+01 -3.740017e-02 
 1.264875e+01 -3.750762e-02 
 1.264915e+01 -3.760212e-02 
 1.264954e+01 -3.769985e-02 
 1.264994e+01 -3.781367e-02 
 1.265034e+01 -3.796248e-02 
 1.265074e+01 -3.814459e-02 
 1.265114e+01 -3.835274e-02 
 1.265153e+01 -3.856403e-02 
 1.265193e+01 -3.875185e-02 
 1.265233e+01 -3.889156e-02 
 1.265273e+01 -3.896918e-02 
 1.265312e+01 -3.898846e-02 
 1.265352e+01 -3.895894e-02 
 1.265392e+01 -3.890348e-02 
 1.265432e+01 -3.882754e-02 
 1.265471e+01 -3.873388e-02 
 1.265511e+01 -3.863148e-02 
 1.265551e+01 -3.852526e-02 
 1.265591e+01 -3.842234e-02 
 1.265631e+01 -3.833556e-02 
 1.265670e+01 -3.827510e-02 
 1.265710e+01 -3.824986e-02 
 1.265750e+01 -3.826498e-02 
 1.265790e+01 -3.832132e-02 
 1.265829e+01 -3.841481e-02 
 1.265869e+01 -3.854389e-02 
 1.265909e+01 -3.871434e-02 
 1.265949e+01 -3.893184e-02 
 1.265988e+01 -3.919977e-02 
 1.266028e+01 -3.950797e-02 
 1.266068e+01 -3.983359e-02 
 1.266108e+01 -4.014651e-02 
 1.266148e+01 -4.041597e-02 
 1.266187e+01 -4.061999e-02 
 1.266227e+01 -4.074807e-02 
 1.266267e+01 -4.080882e-02 
 1.266307e+01 -4.082248e-02 
 1.266346e+01 -4.081471e-02 
 1.266386e+01 -4.081381e-02 
 1.266426e+01 -4.083705e-02 
 1.266466e+01 -4.088628e-02 
 1.266505e+01 -4.096493e-02 
 1.266545e+01 -4.107565e-02 
 1.266585e+01 -4.121944e-02 
 1.266625e+01 -4.139951e-02 
 1.266665e+01 -4.161235e-02 
 1.266704e+01 -4.184482e-02 
 1.266744e+01 -4.208722e-02 
 1.266784e+01 -4.232966e-02 
 1.266824e+01 -4.255554e-02 
 1.266863e+01 -4.276050e-02 
 1.266903e+01 -4.294704e-02 
 1.266943e+01 -4.311736e-02 
 1.266983e+01 -4.327233e-02 
 1.267022e+01 -4.340272e-02 
 1.267062e+01 -4.348407e-02 
 1.267102e+01 -4.348268e-02 
 1.267142e+01 -4.337754e-02 
 1.267182e+01 -4.315380e-02 
 1.267221e+01 -4.280628e-02 
 1.267261e+01 -4.234985e-02 
 1.267301e+01 -4.179385e-02 
 1.267341e+01 -4.114756e-02 
 1.267380e+01 -4.041775e-02 
 1.267420e+01 -3.960952e-02 
 1.267460e+01 -3.871486e-02 
 1.267500e+01 -3.773309e-02 
 1.267539e+01 -3.667300e-02 
 1.267579e+01 -3.553926e-02 
 1.267619e+01 -3.433849e-02 
 1.267659e+01 -3.307496e-02 
 1.267699e+01 -3.174951e-02 
 1.267738e+01 -3.037448e-02 
 1.267778e+01 -2.895701e-02 
 1.267818e+01 -2.750457e-02 
 1.267858e+01 -2.603509e-02 
 1.267897e+01 -2.455473e-02 
 1.267937e+01 -2.306381e-02 
 1.267977e+01 -2.155539e-02 
 1.268017e+01 -2.002223e-02 
 1.268056e+01 -1.845459e-02 
 1.268096e+01 -1.685484e-02 
 1.268136e+01 -1.523281e-02 
 1.268176e+01 -1.362104e-02 
 1.268216e+01 -1.204758e-02 
 1.268255e+01 -1.054053e-02 
 1.268295e+01 -9.121327e-03 
 1.268335e+01 -7.790982e-03 
 1.268375e+01 -6.556810e-03 
 1.268414e+01 -5.419714e-03 
 1.268454e+01 -4.373044e-03 
 1.268494e+01 -3.419827e-03 
 1.268534e+01 -2.555064e-03 
 1.268573e+01 -1.771915e-03 
 1.268613e+01 -1.059167e-03 
 1.268653e+01 -4.131981e-04 
 1.268693e+01  1.788427e-04 
 1.268733e+01  7.242214e-04 
 1.268772e+01  1.217708e-03 
 1.268812e+01  1.654683e-03 
 1.268852e+01  2.029542e-03 
 1.268892e+01  2.339390e-03 
 1.268931e+01  2.596355e-03 
 1.268971e+01  2.815355e-03 
 1.269011e+01  3.003465e-03 
 1.269051e+01  3.168014e-03 
 1.269090e+01  3.306194e-03 
 1.269130e+01  3.410782e-03 
 1.269170e+01  3.465971e-03 
 1.269210e+01  3.464317e-03 
 1.269250e+01  3.401163e-03 
 1.269289e+01  3.276489e-03 
 1.269329e+01  3.105961e-03 
 1.269369e+01  2.907308e-03 
 1.269409e+01  2.697056e-03 
 1.269448e+01  2.488216e-03 
 1.269488e+01  2.282470e-03 
 1.269528e+01  2.075278e-03 
 1.269568e+01  1.873337e-03 
 1.269607e+01  1.675701e-03 
 1.269647e+01  1.477653e-03 
 1.269687e+01  1.277359e-03 
 1.269727e+01  1.064602e-03 
 1.269767e+01  8.251641e-04 
 1.269806e+01  5.530454e-04 
 1.269846e+01  2.503770e-04 
 1.269886e+01 -7.338428e-05 
 1.269926e+01 -4.016324e-04 
 1.269965e+01 -7.148583e-04 
 1.270005e+01 -9.979379e-04 
 1.270045e+01 -1.249453e-03 
 1.270085e+01 -1.473312e-03 
 1.270125e+01 -1.677290e-03 
 1.270164e+01 -1.870385e-03 
 1.270204e+01 -2.046458e-03 
 1.270244e+01 -2.193135e-03 
 1.270284e+01 -2.295255e-03 
 1.270323e+01 -2.337765e-03 
 1.270363e+01 -2.314965e-03 
 1.270403e+01 -2.228760e-03 
 1.270443e+01 -2.085820e-03 
 1.270482e+01 -1.889270e-03 
 1.270522e+01 -1.643601e-03 
 1.270562e+01 -1.345998e-03 
 1.270602e+01 -9.977643e-04 
 1.270642e+01 -6.060836e-04 
 1.270681e+01 -1.797378e-04 
 1.270721e+01  2.672649e-04 
 1.270761e+01  7.180541e-04 
 1.270801e+01  1.167596e-03 
 1.270840e+01  1.614371e-03 
 1.270880e+01  2.054438e-03 
 1.270920e+01  2.484784e-03 
 1.270960e+01  2.895028e-03 
 1.270999e+01  3.263161e-03 
 1.271039e+01  3.568558e-03 
 1.271079e+01  3.797807e-03 
 1.271119e+01  3.950441e-03 
 1.271159e+01  4.033063e-03 
 1.271198e+01  4.066239e-03 
 1.271238e+01  4.077020e-03 
 1.271278e+01  4.080422e-03 
 1.271318e+01  4.078193e-03 
 1.271357e+01  4.065772e-03 
 1.271397e+01  4.022541e-03 
 1.271437e+01  3.929730e-03 
 1.271477e+01  3.775645e-03 
 1.271516e+01  3.545022e-03 
 1.271556e+01  3.226898e-03 
 1.271596e+01  2.816987e-03 
 1.271636e+01  2.307665e-03 
 1.271676e+01  1.697470e-03 
 1.271715e+01  9.937065e-04 
 1.271755e+01  2.115221e-04 
 1.271795e+01 -6.257392e-04 
 1.271835e+01 -1.493079e-03 
 1.271874e+01 -2.362365e-03 
 1.271914e+01 -3.224549e-03 
 1.271954e+01 -4.066758e-03 
 1.271994e+01 -4.887896e-03 
 1.272033e+01 -5.685392e-03 
 1.272073e+01 -6.448532e-03 
 1.272113e+01 -7.170540e-03 
 1.272153e+01 -7.835861e-03 
 1.272193e+01 -8.436234e-03 
 1.272232e+01 -8.957785e-03 
 1.272272e+01 -9.399224e-03 
 1.272312e+01 -9.762592e-03 
 1.272352e+01 -1.005417e-02 
 1.272391e+01 -1.028753e-02 
 1.272431e+01 -1.047529e-02 
 1.272471e+01 -1.062840e-02 
 1.272511e+01 -1.076870e-02 
 1.272550e+01 -1.091188e-02 
 1.272590e+01 -1.107555e-02 
 1.272630e+01 -1.126817e-02 
 1.272670e+01 -1.149316e-02 
 1.272710e+01 -1.173509e-02 
 1.272749e+01 -1.197637e-02 
 1.272789e+01 -1.219716e-02 
 1.272829e+01 -1.238066e-02 
 1.272869e+01 -1.252228e-02 
 1.272908e+01 -1.262953e-02 
 1.272948e+01 -1.271579e-02 
 1.272988e+01 -1.278794e-02 
 1.273028e+01 -1.284700e-02 
 1.273067e+01 -1.288956e-02 
 1.273107e+01 -1.289441e-02 
 1.273147e+01 -1.284658e-02 
 1.273187e+01 -1.273905e-02 
 1.273227e+01 -1.257934e-02 
 1.273266e+01 -1.238143e-02 
 1.273306e+01 -1.217092e-02 
 1.273346e+01 -1.197214e-02 
 1.273386e+01 -1.180695e-02 
 1.273425e+01 -1.168832e-02 
 1.273465e+01 -1.162321e-02 
 1.273505e+01 -1.162469e-02 
 1.273545e+01 -1.170496e-02 
 1.273584e+01 -1.186598e-02 
 1.273624e+01 -1.210659e-02 
 1.273664e+01 -1.241033e-02 
 1.273704e+01 -1.275034e-02 
 1.273744e+01 -1.310191e-02 
 1.273783e+01 -1.345536e-02 
 1.273823e+01 -1.380471e-02 
 1.273863e+01 -1.415403e-02 
 1.273903e+01 -1.451878e-02 
 1.273942e+01 -1.490875e-02 
 1.273982e+01 -1.532437e-02 
 1.274022e+01 -1.576200e-02 
 1.274062e+01 -1.621705e-02 
 1.274101e+01 -1.668760e-02 
 1.274141e+01 -1.718063e-02 
 1.274181e+01 -1.771570e-02 
 1.274221e+01 -1.831230e-02 
 1.274261e+01 -1.898941e-02 
 1.274300e+01 -1.976881e-02 
 1.274340e+01 -2.066213e-02 
 1.274380e+01 -2.167395e-02 
 1.274420e+01 -2.281088e-02 
 1.274459e+01 -2.406612e-02 
 1.274499e+01 -2.543537e-02 
 1.274539e+01 -2.690645e-02 
 1.274579e+01 -2.845437e-02 
 1.274618e+01 -3.004445e-02 
 1.274658e+01 -3.164755e-02 
 1.274698e+01 -3.323803e-02 
 1.274738e+01 -3.479805e-02 
 1.274778e+01 -3.631821e-02 
 1.274817e+01 -3.779425e-02 
 1.274857e+01 -3.922518e-02 
 1.274897e+01 -4.060677e-02 
 1.274937e+01 -4.192979e-02 
 1.274976e+01 -4.317778e-02 
 1.275016e+01 -4.433076e-02 
 1.275056e+01 -4.537227e-02 
 1.275096e+01 -4.629715e-02 
 1.275135e+01 -4.710548e-02 
 1.275175e+01 -4.781176e-02 
 1.275215e+01 -4.842965e-02 
 1.275255e+01 -4.897688e-02 
 1.275295e+01 -4.946766e-02 
 1.275334e+01 -4.990971e-02 
 1.275374e+01 -5.031005e-02 
 1.275414e+01 -5.067895e-02 
 1.275454e+01 -5.101504e-02 
 1.275493e+01 -5.131555e-02 
 1.275533e+01 -5.157141e-02 
 1.275573e+01 -5.176737e-02 
 1.275613e+01 -5.187589e-02 
 1.275652e+01 -5.187351e-02 
 1.275692e+01 -5.174334e-02 
 1.275732e+01 -5.148412e-02 
 1.275772e+01 -5.110574e-02 
 1.275812e+01 -5.062766e-02 
 1.275851e+01 -5.006671e-02 
 1.275891e+01 -4.944231e-02 
 1.275931e+01 -4.876173e-02 
 1.275971e+01 -4.803466e-02 
 1.276010e+01 -4.726294e-02 
 1.276050e+01 -4.645957e-02 
 1.276090e+01 -4.564137e-02 
 1.276130e+01 -4.483931e-02 
 1.276169e+01 -4.407812e-02 
 1.276209e+01 -4.337560e-02 
 1.276249e+01 -4.273819e-02 
 1.276289e+01 -4.215176e-02 
 1.276329e+01 -4.160207e-02 
 1.276368e+01 -4.107083e-02 
 1.276408e+01 -4.054587e-02 
 1.276448e+01 -4.001758e-02 
 1.276488e+01 -3.947689e-02 
 1.276527e+01 -3.892387e-02 
 1.276567e+01 -3.835424e-02 
 1.276607e+01 -3.776803e-02 
 1.276647e+01 -3.716764e-02 
 1.276686e+01 -3.655791e-02 
 1.276726e+01 -3.594789e-02 
 1.276766e+01 -3.534528e-02 
 1.276806e+01 -3.475174e-02 
 1.276846e+01 -3.416594e-02 
 1.276885e+01 -3.357812e-02 
 1.276925e+01 -3.297502e-02 
 1.276965e+01 -3.234841e-02 
 1.277005e+01 -3.171102e-02 
 1.277044e+01 -3.107757e-02 
 1.277084e+01 -3.047107e-02 
 1.277124e+01 -2.991167e-02 
 1.277164e+01 -2.941261e-02 
 1.277203e+01 -2.898021e-02 
 1.277243e+01 -2.861053e-02 
 1.277283e+01 -2.828619e-02 
 1.277323e+01 -2.800012e-02 
 1.277363e+01 -2.774533e-02 
 1.277402e+01 -2.751521e-02 
 1.277442e+01 -2.730667e-02 
 1.277482e+01 -2.711587e-02 
 1.277522e+01 -2.693079e-02 
 1.277561e+01 -2.673565e-02 
 1.277601e+01 -2.651782e-02 
 1.277641e+01 -2.627616e-02 
 1.277681e+01 -2.601152e-02 
 1.277720e+01 -2.572800e-02 
 1.277760e+01 -2.543685e-02 
 1.277800e+01 -2.514230e-02 
 1.277840e+01 -2.483743e-02 
 1.277880e+01 -2.450558e-02 
 1.277919e+01 -2.412680e-02 
 1.277959e+01 -2.369126e-02 
 1.277999e+01 -2.320265e-02 
 1.278039e+01 -2.267536e-02 
 1.278078e+01 -2.212144e-02 
 1.278118e+01 -2.155093e-02 
 1.278158e+01 -2.096426e-02 
 1.278198e+01 -2.034709e-02 
 1.278237e+01 -1.967874e-02 
 1.278277e+01 -1.893883e-02 
 1.278317e+01 -1.810990e-02 
 1.278357e+01 -1.719549e-02 
 1.278397e+01 -1.620366e-02 
 1.278436e+01 -1.515118e-02 
 1.278476e+01 -1.405647e-02 
 1.278516e+01 -1.292781e-02 
 1.278556e+01 -1.177785e-02 
 1.278595e+01 -1.061754e-02 
 1.278635e+01 -9.465082e-03 
 1.278675e+01 -8.341299e-03 
 1.278715e+01 -7.262029e-03 
 1.278754e+01 -6.238527e-03 
 1.278794e+01 -5.268767e-03 
 1.278834e+01 -4.340832e-03 
 1.278874e+01 -3.447825e-03 
 1.278914e+01 -2.580049e-03 
 1.278953e+01 -1.740305e-03 
 1.278993e+01 -9.358307e-04 
 1.279033e+01 -1.921959e-04 
 1.279073e+01  4.780084e-04 
 1.279112e+01  1.062652e-03 
 1.279152e+01  1.562318e-03 
 1.279192e+01  1.988581e-03 
 1.279232e+01  2.349081e-03 
 1.279272e+01  2.641858e-03 
 1.279311e+01  2.857675e-03 
 1.279351e+01  2.984740e-03 
 1.279391e+01  3.016439e-03 
 1.279431e+01  2.946561e-03 
 1.279470e+01  2.779866e-03 
 1.279510e+01  2.530443e-03 
 1.279550e+01  2.209672e-03 
 1.279590e+01  1.835694e-03 
 1.279629e+01  1.417467e-03 
 1.279669e+01  9.655588e-04 
 1.279709e+01  4.916860e-04 
 1.279749e+01  6.586844e-06 
 1.279789e+01 -4.685630e-04 
 1.279828e+01 -9.202312e-04 
 1.279868e+01 -1.343116e-03 
 1.279908e+01 -1.746438e-03 
 1.279948e+01 -2.138536e-03 
 1.279987e+01 -2.541073e-03 
 1.280027e+01 -2.960552e-03 
 1.280067e+01 -3.384400e-03 
 1.280107e+01 -3.793894e-03 
 1.280146e+01 -4.163940e-03 
 1.280186e+01 -4.473283e-03 
 1.280226e+01 -4.712115e-03 
 1.280266e+01 -4.893114e-03 
 1.280306e+01 -5.042599e-03 
 1.280345e+01 -5.181954e-03 
 1.280385e+01 -5.332463e-03 
 1.280425e+01 -5.498920e-03 
 1.280465e+01 -5.673312e-03 
 1.280504e+01 -5.847247e-03 
 1.280544e+01 -6.017700e-03 
 1.280584e+01 -6.180442e-03 
 1.280624e+01 -6.333416e-03 
 1.280663e+01 -6.468374e-03 
 1.280703e+01 -6.570805e-03 
 1.280743e+01 -6.613571e-03 
 1.280783e+01 -6.573515e-03 
 1.280823e+01 -6.429298e-03 
 1.280862e+01 -6.179447e-03 
 1.280902e+01 -5.841402e-03 
 1.280942e+01 -5.438697e-03 
 1.280982e+01 -4.995878e-03 
 1.281021e+01 -4.528751e-03 
 1.281061e+01 -4.038630e-03 
 1.281101e+01 -3.518114e-03 
 1.281141e+01 -2.960402e-03 
 1.281180e+01 -2.370745e-03 
 1.281220e+01 -1.758954e-03 
 1.281260e+01 -1.142948e-03 
 1.281300e+01 -5.428838e-04 
 1.281340e+01  3.242242e-05 
 1.281379e+01  5.767579e-04 
 1.281419e+01  1.101151e-03 
 1.281459e+01  1.616872e-03 
 1.281499e+01  2.132580e-03 
 1.281538e+01  2.657929e-03 
 1.281578e+01  3.194234e-03 
 1.281618e+01  3.744287e-03 
 1.281658e+01  4.307537e-03 
 1.281697e+01  4.892089e-03 
 1.281737e+01  5.495744e-03 
 1.281777e+01  6.106026e-03 
 1.281817e+01  6.699999e-03 
 1.281857e+01  7.246762e-03 
 1.281896e+01  7.716797e-03 
 1.281936e+01  8.088807e-03 
 1.281976e+01  8.358060e-03 
 1.282016e+01  8.520610e-03 
 1.282055e+01  8.584332e-03 
 1.282095e+01  8.557635e-03 
 1.282135e+01  8.437487e-03 
 1.282175e+01  8.209907e-03 
 1.282214e+01  7.855816e-03 
 1.282254e+01  7.357219e-03 
 1.282294e+01  6.708410e-03 
 1.282334e+01  5.924073e-03 
 1.282374e+01  5.029613e-03 
 1.282413e+01  4.052878e-03 
 1.282453e+01  3.018407e-03 
 1.282493e+01  1.941896e-03 
 1.282533e+01  8.393794e-04 
 1.282572e+01 -2.708991e-04 
 1.282612e+01 -1.376486e-03 
 1.282652e+01 -2.461541e-03 
 1.282692e+01 -3.503677e-03 
 1.282731e+01 -4.490486e-03 
 1.282771e+01 -5.424203e-03 
 1.282811e+01 -6.312698e-03 
 1.282851e+01 -7.178827e-03 
 1.282891e+01 -8.042370e-03 
 1.282930e+01 -8.924801e-03 
 1.282970e+01 -9.819539e-03 
 1.283010e+01 -1.071471e-02 
 1.283050e+01 -1.160345e-02 
 1.283089e+01 -1.247377e-02 
 1.283129e+01 -1.332953e-02 
 1.283169e+01 -1.418760e-02 
 1.283209e+01 -1.505975e-02 
 1.283248e+01 -1.595002e-02 
 1.283288e+01 -1.685459e-02 
 1.283328e+01 -1.774517e-02 
 1.283368e+01 -1.859081e-02 
 1.283408e+01 -1.936640e-02 
 1.283447e+01 -2.005718e-02 
 1.283487e+01 -2.066501e-02 
 1.283527e+01 -2.119179e-02 
 1.283567e+01 -2.164040e-02 
 1.283606e+01 -2.201820e-02 
 1.283646e+01 -2.232847e-02 
 1.283686e+01 -2.258470e-02 
 1.283726e+01 -2.280325e-02 
 1.283765e+01 -2.301477e-02 
 1.283805e+01 -2.324673e-02 
 1.283845e+01 -2.353041e-02 
 1.283885e+01 -2.388731e-02 
 1.283925e+01 -2.431486e-02 
 1.283964e+01 -2.479604e-02 
 1.284004e+01 -2.530908e-02 
 1.284044e+01 -2.583598e-02 
 1.284084e+01 -2.637767e-02 
 1.284123e+01 -2.693891e-02 
 1.284163e+01 -2.752413e-02 
 1.284203e+01 -2.813307e-02 
 1.284243e+01 -2.876463e-02 
 1.284282e+01 -2.940294e-02 
 1.284322e+01 -3.003012e-02 
 1.284362e+01 -3.062569e-02 
 1.284402e+01 -3.118499e-02 
 1.284442e+01 -3.170406e-02 
 1.284481e+01 -3.218462e-02 
 1.284521e+01 -3.263085e-02 
 1.284561e+01 -3.304655e-02 
 1.284601e+01 -3.342607e-02 
 1.284640e+01 -3.376589e-02 
 1.284680e+01 -3.408032e-02 
 1.284720e+01 -3.438815e-02 
 1.284760e+01 -3.471832e-02 
 1.284799e+01 -3.509407e-02 
 1.284839e+01 -3.553185e-02 
 1.284879e+01 -3.603471e-02 
 1.284919e+01 -3.659863e-02 
 1.284959e+01 -3.722074e-02 
 1.284998e+01 -3.789714e-02 
 1.285038e+01 -3.862907e-02 
 1.285078e+01 -3.941960e-02 
 1.285118e+01 -4.027412e-02 
 1.285157e+01 -4.118596e-02 
 1.285197e+01 -4.213395e-02 
 1.285237e+01 -4.308030e-02 
 1.285277e+01 -4.398838e-02 
 1.285316e+01 -4.482354e-02 
 1.285356e+01 -4.557046e-02 
 1.285396e+01 -4.623482e-02 
 1.285436e+01 -4.683148e-02 
 1.285476e+01 -4.737572e-02 
 1.285515e+01 -4.788152e-02 
 1.285555e+01 -4.835489e-02 
 1.285595e+01 -4.878585e-02 
 1.285635e+01 -4.917309e-02 
 1.285674e+01 -4.951053e-02 
 1.285714e+01 -4.980643e-02 
 1.285754e+01 -5.007357e-02 
 1.285794e+01 -5.031549e-02 
 1.285833e+01 -5.052150e-02 
 1.285873e+01 -5.067095e-02 
 1.285913e+01 -5.073481e-02 
 1.285953e+01 -5.069403e-02 
 1.285993e+01 -5.053975e-02 
 1.286032e+01 -5.028070e-02 
 1.286072e+01 -4.992759e-02 
 1.286112e+01 -4.949212e-02 
 1.286152e+01 -4.897438e-02 
 1.286191e+01 -4.836549e-02 
 1.286231e+01 -4.765683e-02 
 1.286271e+01 -4.683006e-02 
 1.286311e+01 -4.588537e-02 
 1.286350e+01 -4.483632e-02 
 1.286390e+01 -4.370697e-02 
 1.286430e+01 -4.252167e-02 
 1.286470e+01 -4.129878e-02 
 1.286510e+01 -4.004868e-02 
 1.286549e+01 -3.877500e-02 
 1.286589e+01 -3.748860e-02 
 1.286629e+01 -3.620397e-02 
 1.286669e+01 -3.494180e-02 
 1.286708e+01 -3.371199e-02 
 1.286748e+01 -3.252861e-02 
 1.286788e+01 -3.139778e-02 
 1.286828e+01 -3.031399e-02 
 1.286867e+01 -2.926935e-02 
 1.286907e+01 -2.826895e-02 
 1.286947e+01 -2.731813e-02 
 1.286987e+01 -2.643612e-02 
 1.287027e+01 -2.564226e-02 
 1.287066e+01 -2.494065e-02 
 1.287106e+01 -2.431631e-02 
 1.287146e+01 -2.374516e-02 
 1.287186e+01 -2.320361e-02 
 1.287225e+01 -2.267068e-02 
 1.287265e+01 -2.214217e-02 
 1.287305e+01 -2.162564e-02 
 1.287345e+01 -2.113728e-02 
 1.287384e+01 -2.069299e-02 
 1.287424e+01 -2.029995e-02 
 1.287464e+01 -1.995717e-02 
 1.287504e+01 -1.966344e-02 
 1.287544e+01 -1.940767e-02 
 1.287583e+01 -1.918932e-02 
 1.287623e+01 -1.901075e-02 
 1.287663e+01 -1.887447e-02 
 1.287703e+01 -1.877489e-02 
 1.287742e+01 -1.870244e-02 
 1.287782e+01 -1.864492e-02 
 1.287822e+01 -1.858321e-02 
 1.287862e+01 -1.850922e-02 
 1.287901e+01 -1.842620e-02 
 1.287941e+01 -1.833728e-02 
 1.287981e+01 -1.826249e-02 
 1.288021e+01 -1.821213e-02 
 1.288061e+01 -1.819192e-02 
 1.288100e+01 -1.820196e-02 
 1.288140e+01 -1.822500e-02 
 1.288180e+01 -1.825574e-02 
 1.288220e+01 -1.828732e-02 
 1.288259e+01 -1.832606e-02 
 1.288299e+01 -1.838448e-02 
 1.288339e+01 -1.847371e-02 
 1.288379e+01 -1.859690e-02 
 1.288419e+01 -1.874011e-02 
 1.288458e+01 -1.888325e-02 
 1.288498e+01 -1.899345e-02 
 1.288538e+01 -1.904582e-02 
 1.288578e+01 -1.901964e-02 
 1.288617e+01 -1.891443e-02 
 1.288657e+01 -1.873497e-02 
 1.288697e+01 -1.848518e-02 
 1.288737e+01 -1.816919e-02 
 1.288776e+01 -1.779245e-02 
 1.288816e+01 -1.735826e-02 
 1.288856e+01 -1.687814e-02 
 1.288896e+01 -1.636773e-02 
 1.288936e+01 -1.583747e-02 
 1.288975e+01 -1.529938e-02 
 1.289015e+01 -1.475387e-02 
 1.289055e+01 -1.418933e-02 
 1.289095e+01 -1.358361e-02 
 1.289134e+01 -1.292693e-02 
 1.289174e+01 -1.221221e-02 
 1.289214e+01 -1.144044e-02 
 1.289254e+01 -1.062075e-02 
 1.289293e+01 -9.762239e-03 
 1.289333e+01 -8.880390e-03 
 1.289373e+01 -7.983203e-03 
 1.289413e+01 -7.067210e-03 
 1.289453e+01 -6.136256e-03 
 1.289492e+01 -5.193154e-03 
 1.289532e+01 -4.249657e-03 
 1.289572e+01 -3.312460e-03 
 1.289612e+01 -2.393067e-03 
 1.289651e+01 -1.499408e-03 
 1.289691e+01 -6.332478e-04 
 1.289731e+01  1.964064e-04 
 1.289771e+01  9.773192e-04 
 1.289810e+01  1.697237e-03 
 1.289850e+01  2.338703e-03 
 1.289890e+01  2.883144e-03 
 1.289930e+01  3.317001e-03 
 1.289970e+01  3.637989e-03 
 1.290009e+01  3.845473e-03 
 1.290049e+01  3.946321e-03 
 1.290089e+01  3.954992e-03 
 1.290129e+01  3.877974e-03 
 1.290168e+01  3.726094e-03 
 1.290208e+01  3.505558e-03 
 1.290248e+01  3.224004e-03 
 1.290288e+01  2.888718e-03 
 1.290327e+01  2.515038e-03 
 1.290367e+01  2.126118e-03 
 1.290407e+01  1.754795e-03 
 1.290447e+01  1.417466e-03 
 1.290487e+01  1.134986e-03 
 1.290526e+01  9.097063e-04 
 1.290566e+01  7.368070e-04 
 1.290606e+01  6.064155e-04 
 1.290646e+01  4.961022e-04 
 1.290685e+01  3.898502e-04 
 1.290725e+01  2.747572e-04 
 1.290765e+01  1.474262e-04 
 1.290805e+01  1.220850e-05 
 1.290844e+01 -1.336010e-04 
 1.290884e+01 -2.885329e-04 
 1.290924e+01 -4.533988e-04 
 1.290964e+01 -6.287042e-04 
 1.291004e+01 -8.093466e-04 
 1.291043e+01 -9.812812e-04 
 1.291083e+01 -1.116823e-03 
 1.291123e+01 -1.203063e-03 
 1.291163e+01 -1.234588e-03 
 1.291202e+01 -1.207828e-03 
 1.291242e+01 -1.131129e-03 
 1.291282e+01 -1.015621e-03 
 1.291322e+01 -8.596816e-04 
 1.291361e+01 -6.644764e-04 
 1.291401e+01 -4.324606e-04 
 1.291441e+01 -1.637891e-04 
 1.291481e+01  1.393023e-04 
 1.291521e+01  4.723038e-04 
 1.291560e+01  8.124429e-04 
 1.291600e+01  1.136748e-03 
 1.291640e+01  1.430916e-03 
 1.291680e+01  1.684621e-03 
 1.291719e+01  1.893169e-03 
 1.291759e+01  2.062020e-03 
 1.291799e+01  2.189562e-03 
 1.291839e+01  2.276187e-03 
 1.291878e+01  2.327521e-03 
 1.291918e+01  2.349872e-03 
 1.291958e+01  2.352605e-03 
 1.291998e+01  2.344306e-03 
 1.292038e+01  2.332514e-03 
 1.292077e+01  2.327519e-03 
 1.292117e+01  2.331009e-03 
 1.292157e+01  2.339744e-03 
 1.292197e+01  2.357390e-03 
 1.292236e+01  2.383106e-03 
 1.292276e+01  2.412058e-03 
 1.292316e+01  2.449758e-03 
 1.292356e+01  2.503269e-03 
 1.292395e+01  2.567987e-03 
 1.292435e+01  2.628354e-03 
 1.292475e+01  2.667624e-03 
 1.292515e+01  2.660307e-03 
 1.292555e+01  2.577675e-03 
 1.292594e+01  2.393934e-03 
 1.292634e+01  2.100132e-03 
 1.292674e+01  1.688905e-03 
 1.292714e+01  1.157865e-03 
 1.292753e+01  5.114122e-04 
 1.292793e+01 -2.453450e-04 
 1.292833e+01 -1.108528e-03 
 1.292873e+01 -2.067409e-03 
 1.292912e+01 -3.105179e-03 
 1.292952e+01 -4.198905e-03 
 1.292992e+01 -5.330503e-03 
 1.293032e+01 -6.476568e-03 
 1.293072e+01 -7.622259e-03 
 1.293111e+01 -8.760029e-03 
 1.293151e+01 -9.893609e-03 
 1.293191e+01 -1.102698e-02 
 1.293231e+01 -1.217593e-02 
 1.293270e+01 -1.333721e-02 
 1.293310e+01 -1.451015e-02 
 1.293350e+01 -1.568901e-02 
 1.293390e+01 -1.686900e-02 
 1.293429e+01 -1.805433e-02 
 1.293469e+01 -1.924774e-02 
 1.293509e+01 -2.046193e-02 
 1.293549e+01 -2.170674e-02 
 1.293589e+01 -2.297712e-02 
 1.293628e+01 -2.425763e-02 
 1.293668e+01 -2.552597e-02 
 1.293708e+01 -2.675493e-02 
 1.293748e+01 -2.791156e-02 
 1.293787e+01 -2.898589e-02 
 1.293827e+01 -2.997375e-02 
 1.293867e+01 -3.087007e-02 
 1.293907e+01 -3.167886e-02 
 1.293946e+01 -3.239703e-02 
 1.293986e+01 -3.301748e-02 
 1.294026e+01 -3.353416e-02 
 1.294066e+01 -3.395105e-02 
 1.294106e+01 -3.427594e-02 
 1.294145e+01 -3.451932e-02 
 1.294185e+01 -3.469095e-02 
 1.294225e+01 -3.480360e-02 
 1.294265e+01 -3.486621e-02 
 1.294304e+01 -3.489140e-02 
 1.294344e+01 -3.489080e-02 
 1.294384e+01 -3.488173e-02 
 1.294424e+01 -3.488397e-02 
 1.294463e+01 -3.491942e-02 
 1.294503e+01 -3.500902e-02 
 1.294543e+01 -3.515261e-02 
 1.294583e+01 -3.534778e-02 
 1.294623e+01 -3.557579e-02 
 1.294662e+01 -3.581482e-02 
 1.294702e+01 -3.604762e-02 
 1.294742e+01 -3.625722e-02 
 1.294782e+01 -3.643529e-02 
 1.294821e+01 -3.658015e-02 
 1.294861e+01 -3.669048e-02 
 1.294901e+01 -3.676839e-02 
 1.294941e+01 -3.681321e-02 
 1.294980e+01 -3.682668e-02 
 1.295020e+01 -3.681510e-02 
 1.295060e+01 -3.679048e-02 
 1.295100e+01 -3.675852e-02 
 1.295140e+01 -3.672495e-02 
 1.295179e+01 -3.669355e-02 
 1.295219e+01 -3.667484e-02 
 1.295259e+01 -3.666821e-02 
 1.295299e+01 -3.667782e-02 
 1.295338e+01 -3.671017e-02 
 1.295378e+01 -3.676923e-02 
 1.295418e+01 -3.686599e-02 
 1.295458e+01 -3.700911e-02 
 1.295497e+01 -3.719270e-02 
 1.295537e+01 -3.740276e-02 
 1.295577e+01 -3.761931e-02 
 1.295617e+01 -3.781873e-02 
 1.295657e+01 -3.797941e-02 
 1.295696e+01 -3.809992e-02 
 1.295736e+01 -3.819023e-02 
 1.295776e+01 -3.826577e-02 
 1.295816e+01 -3.834631e-02 
 1.295855e+01 -3.844623e-02 
 1.295895e+01 -3.856008e-02 
 1.295935e+01 -3.868126e-02 
 1.295975e+01 -3.879406e-02 
 1.296014e+01 -3.889169e-02 
 1.296054e+01 -3.897551e-02 
 1.296094e+01 -3.905878e-02 
 1.296134e+01 -3.915596e-02 
 1.296174e+01 -3.927684e-02 
 1.296213e+01 -3.941796e-02 
 1.296253e+01 -3.956097e-02 
 1.296293e+01 -3.968690e-02 
 1.296333e+01 -3.978699e-02 
 1.296372e+01 -3.986098e-02 
 1.296412e+01 -3.991703e-02 
 1.296452e+01 -3.996606e-02 
 1.296492e+01 -4.000901e-02 
 1.296531e+01 -4.003066e-02 
 1.296571e+01 -4.000522e-02 
 1.296611e+01 -3.990519e-02 
 1.296651e+01 -3.971213e-02 
 1.296691e+01 -3.942457e-02 
 1.296730e+01 -3.905458e-02 
 1.296770e+01 -3.861816e-02 
 1.296810e+01 -3.813082e-02 
 1.296850e+01 -3.759947e-02 
 1.296889e+01 -3.701413e-02 
 1.296929e+01 -3.637238e-02 
 1.296969e+01 -3.567534e-02 
 1.297009e+01 -3.492630e-02 
 1.297048e+01 -3.413853e-02 
 1.297088e+01 -3.332970e-02 
 1.297128e+01 -3.250530e-02 
 1.297168e+01 -3.166133e-02 
 1.297208e+01 -3.079126e-02 
 1.297247e+01 -2.989068e-02 
 1.297287e+01 -2.896354e-02 
 1.297327e+01 -2.802109e-02 
 1.297367e+01 -2.708146e-02 
 1.297406e+01 -2.616207e-02 
 1.297446e+01 -2.526632e-02 
 1.297486e+01 -2.438439e-02 
 1.297526e+01 -2.350603e-02 
 1.297566e+01 -2.262587e-02 
 1.297605e+01 -2.174883e-02 
 1.297645e+01 -2.089028e-02 
 1.297685e+01 -2.008019e-02 
 1.297725e+01 -1.934362e-02 
 1.297764e+01 -1.868928e-02 
 1.297804e+01 -1.812016e-02 
 1.297844e+01 -1.762419e-02 
 1.297884e+01 -1.718438e-02 
 1.297923e+01 -1.679076e-02 
 1.297963e+01 -1.644141e-02 
 1.298003e+01 -1.614139e-02 
 1.298043e+01 -1.588776e-02 
 1.298083e+01 -1.567105e-02 
 1.298122e+01 -1.547606e-02 
 1.298162e+01 -1.527432e-02 
 1.298202e+01 -1.504977e-02 
 1.298242e+01 -1.479297e-02 
 1.298281e+01 -1.450834e-02 
 1.298321e+01 -1.421852e-02 
 1.298361e+01 -1.394674e-02 
 1.298401e+01 -1.370479e-02 
 1.298440e+01 -1.349096e-02 
 1.298480e+01 -1.329415e-02 
 1.298520e+01 -1.309604e-02 
 1.298560e+01 -1.288995e-02 
 1.298600e+01 -1.268966e-02 
 1.298639e+01 -1.251462e-02 
 1.298679e+01 -1.238935e-02 
 1.298719e+01 -1.232566e-02 
 1.298759e+01 -1.231082e-02 
 1.298798e+01 -1.232084e-02 
 1.298838e+01 -1.233256e-02 
 1.298878e+01 -1.232241e-02 
 1.298918e+01 -1.228313e-02 
 1.298957e+01 -1.222256e-02 
 1.298997e+01 -1.215100e-02 
 1.299037e+01 -1.207571e-02 
 1.299077e+01 -1.199518e-02 
 1.299117e+01 -1.189236e-02 
 1.299156e+01 -1.174876e-02 
 1.299196e+01 -1.156299e-02 
 1.299236e+01 -1.133846e-02 
 1.299276e+01 -1.109036e-02 
 1.299315e+01 -1.083549e-02 
 1.299355e+01 -1.057923e-02 
 1.299395e+01 -1.031990e-02 
 1.299435e+01 -1.004911e-02 
 1.299474e+01 -9.765520e-03 
 1.299514e+01 -9.469513e-03 
 1.299554e+01 -9.170337e-03 
 1.299594e+01 -8.886514e-03 
 1.299634e+01 -8.633625e-03 
 1.299673e+01 -8.406419e-03 
 1.299713e+01 -8.189527e-03 
 1.299753e+01 -7.952254e-03 
 1.299793e+01 -7.668276e-03 
 1.299832e+01 -7.316791e-03 
 1.299872e+01 -6.889493e-03 
 1.299912e+01 -6.383814e-03 
 1.299952e+01 -5.804804e-03 
 1.299991e+01 -5.160963e-03 
 1.300031e+01 -4.453634e-03 
 1.300071e+01 -3.677434e-03 
 1.300111e+01 -2.833493e-03 
 1.300151e+01 -1.926886e-03 
 1.300190e+01 -9.818028e-04 
 1.300230e+01 -2.762476e-05 
 1.300270e+01  9.055959e-04 
 1.300310e+01  1.802027e-03 
 1.300349e+01  2.649341e-03 
 1.300389e+01  3.442010e-03 
 1.300429e+01  4.179037e-03 
 1.300469e+01  4.848123e-03 
 1.300508e+01  5.437200e-03 
 1.300548e+01  5.921800e-03 
 1.300588e+01  6.286735e-03 
 1.300628e+01  6.539089e-03 
 1.300668e+01  6.703922e-03 
 1.300707e+01  6.806572e-03 
 1.300747e+01  6.890662e-03 
 1.300787e+01  6.978765e-03 
 1.300827e+01  7.072803e-03 
 1.300866e+01  7.167941e-03 
 1.300906e+01  7.246501e-03 
 1.300946e+01  7.287344e-03 
 1.300986e+01  7.276636e-03 
 1.301025e+01  7.217461e-03 
 1.301065e+01  7.124738e-03 
 1.301105e+01  7.007165e-03 
 1.301145e+01  6.873292e-03 
 1.301185e+01  6.710462e-03 
 1.301224e+01  6.502670e-03 
 1.301264e+01  6.232748e-03 
 1.301304e+01  5.891759e-03 
 1.301344e+01  5.486242e-03 
 1.301383e+01  5.030402e-03 
 1.301423e+01  4.538863e-03 
 1.301463e+01  4.027390e-03 
 1.301503e+01  3.504362e-03 
 1.301542e+01  2.965859e-03 
 1.301582e+01  2.416058e-03 
 1.301622e+01  1.864939e-03 
 1.301662e+01  1.331403e-03 
 1.301702e+01  8.411161e-04 
 1.301741e+01  4.171553e-04 
 1.301781e+01  7.227291e-05 
 1.301821e+01 -2.090898e-04 
 1.301861e+01 -4.420493e-04 
 1.301900e+01 -6.429359e-04 
 1.301940e+01 -8.331064e-04 
 1.301980e+01 -1.021162e-03 
 1.302020e+01 -1.209748e-03 
 1.302059e+01 -1.400499e-03 
 1.302099e+01 -1.603114e-03 
 1.302139e+01 -1.823168e-03 
 1.302179e+01 -2.073547e-03 
 1.302219e+01 -2.367472e-03 
 1.302258e+01 -2.706820e-03 
 1.302298e+01 -3.089127e-03 
 1.302338e+01 -3.510335e-03 
 1.302378e+01 -3.960959e-03 
 1.302417e+01 -4.432783e-03 
 1.302457e+01 -4.922260e-03 
 1.302497e+01 -5.424878e-03 
 1.302537e+01 -5.934021e-03 
 1.302576e+01 -6.432539e-03 
 1.302616e+01 -6.892812e-03 
 1.302656e+01 -7.286466e-03 
 1.302696e+01 -7.596123e-03 
 1.302736e+01 -7.811244e-03 
 1.302775e+01 -7.949090e-03 
 1.302815e+01 -8.044061e-03 
 1.302855e+01 -8.129284e-03 
 1.302895e+01 -8.226837e-03 
 1.302934e+01 -8.349984e-03 
 1.302974e+01 -8.498852e-03 
 1.303014e+01 -8.664880e-03 
 1.303054e+01 -8.848697e-03 
 1.303093e+01 -9.064702e-03 
 1.303133e+01 -9.329363e-03 
 1.303173e+01 -9.660307e-03 
 1.303213e+01 -1.006439e-02 
 1.303253e+01 -1.053057e-02 
 1.303292e+01 -1.103607e-02 
 1.303332e+01 -1.154980e-02 
 1.303372e+01 -1.205526e-02 
 1.303412e+01 -1.255793e-02 
 1.303451e+01 -1.307371e-02 
 1.303491e+01 -1.361740e-02 
 1.303531e+01 -1.419207e-02 
 1.303571e+01 -1.479319e-02 
 1.303610e+01 -1.540370e-02 
 1.303650e+01 -1.601277e-02 
 1.303690e+01 -1.662154e-02 
 1.303730e+01 -1.724459e-02 
 1.303770e+01 -1.791072e-02 
 1.303809e+01 -1.865312e-02 
 1.303849e+01 -1.949449e-02 
 1.303889e+01 -2.043456e-02 
 1.303929e+01 -2.145738e-02 
 1.303968e+01 -2.254610e-02 
 1.304008e+01 -2.368078e-02 
 1.304048e+01 -2.485722e-02 
 1.304088e+01 -2.608206e-02 
 1.304127e+01 -2.734686e-02 
 1.304167e+01 -2.864921e-02 
 1.304207e+01 -2.997322e-02 
 1.304247e+01 -3.128643e-02 
 1.304287e+01 -3.255970e-02 
 1.304326e+01 -3.377247e-02 
 1.304366e+01 -3.491036e-02 
 1.304406e+01 -3.596642e-02 
 1.304446e+01 -3.694628e-02 
 1.304485e+01 -3.784834e-02 
 1.304525e+01 -3.866407e-02 
 1.304565e+01 -3.938111e-02 
 1.304605e+01 -3.999359e-02 
 1.304644e+01 -4.050186e-02 
 1.304684e+01 -4.092464e-02 
 1.304724e+01 -4.128921e-02 
 1.304764e+01 -4.161706e-02 
 1.304804e+01 -4.193159e-02 
 1.304843e+01 -4.223327e-02 
 1.304883e+01 -4.251690e-02 
 1.304923e+01 -4.277375e-02 
 1.304963e+01 -4.299965e-02 
 1.305002e+01 -4.318706e-02 
 1.305042e+01 -4.334128e-02 
 1.305082e+01 -4.347034e-02 
 1.305122e+01 -4.356793e-02 
 1.305161e+01 -4.362178e-02 
 1.305201e+01 -4.361346e-02 
 1.305241e+01 -4.352374e-02 
 1.305281e+01 -4.335179e-02 
 1.305321e+01 -4.311061e-02 
 1.305360e+01 -4.282023e-02 
 1.305400e+01 -4.250174e-02 
 1.305440e+01 -4.216362e-02 
 1.305480e+01 -4.181373e-02 
 1.305519e+01 -4.144480e-02 
 1.305559e+01 -4.104731e-02 
 1.305599e+01 -4.062404e-02 
 1.305639e+01 -4.018756e-02 
 1.305678e+01 -3.977013e-02 
 1.305718e+01 -3.939720e-02 
 1.305758e+01 -3.907622e-02 
 1.305798e+01 -3.880285e-02 
 1.305838e+01 -3.855394e-02 
 1.305877e+01 -3.830067e-02 
 1.305917e+01 -3.802533e-02 
 1.305957e+01 -3.772599e-02 
 1.305997e+01 -3.740131e-02 
 1.306036e+01 -3.706256e-02 
 1.306076e+01 -3.672382e-02 
 1.306116e+01 -3.639120e-02 
 1.306156e+01 -3.605389e-02 
 1.306195e+01 -3.570050e-02 
 1.306235e+01 -3.532845e-02 
 1.306275e+01 -3.493569e-02 
 1.306315e+01 -3.453620e-02 
 1.306355e+01 -3.414480e-02 
 1.306394e+01 -3.377840e-02 
 1.306434e+01 -3.344628e-02 
 1.306474e+01 -3.314756e-02 
 1.306514e+01 -3.287709e-02 
 1.306553e+01 -3.263152e-02 
 1.306593e+01 -3.240890e-02 
 1.306633e+01 -3.221529e-02 
 1.306673e+01 -3.205849e-02 
 1.306713e+01 -3.195143e-02 
 1.306752e+01 -3.189799e-02 
 1.306792e+01 -3.189255e-02 
 1.306832e+01 -3.192477e-02 
 1.306872e+01 -3.197975e-02 
 1.306911e+01 -3.204621e-02 
 1.306951e+01 -3.211875e-02 
 1.306991e+01 -3.219822e-02 
 1.307031e+01 -3.228101e-02 
 1.307070e+01 -3.236376e-02 
 1.307110e+01 -3.243777e-02 
 1.307150e+01 -3.248976e-02 
 1.307190e+01 -3.250657e-02 
 1.307230e+01 -3.248041e-02 
 1.307269e+01 -3.241170e-02 
 1.307309e+01 -3.230979e-02 
 1.307349e+01 -3.218703e-02 
 1.307389e+01 -3.204354e-02 
 1.307428e+01 -3.187355e-02 
 1.307468e+01 -3.167118e-02 
 1.307508e+01 -3.142554e-02 
 1.307548e+01 -3.112898e-02 
 1.307587e+01 -3.078365e-02 
 1.307627e+01 -3.038875e-02 
 1.307667e+01 -2.993786e-02 
 1.307707e+01 -2.942652e-02 
 1.307747e+01 -2.884403e-02 
 1.307786e+01 -2.817000e-02 
 1.307826e+01 -2.739525e-02 
 1.307866e+01 -2.652109e-02 
 1.307906e+01 -2.556592e-02 
 1.307945e+01 -2.456362e-02 
 1.307985e+01 -2.355175e-02 
 1.308025e+01 -2.256236e-02 
 1.308065e+01 -2.160672e-02 
 1.308104e+01 -2.069120e-02 
 1.308144e+01 -1.981201e-02 
 1.308184e+01 -1.896983e-02 
 1.308224e+01 -1.816905e-02 
 1.308264e+01 -1.741749e-02 
 1.308303e+01 -1.673114e-02 
 1.308343e+01 -1.611432e-02 
 1.308383e+01 -1.556226e-02 
 1.308423e+01 -1.505540e-02 
 1.308462e+01 -1.457362e-02 
 1.308502e+01 -1.409481e-02 
 1.308542e+01 -1.360871e-02 
 1.308582e+01 -1.312906e-02 
 1.308621e+01 -1.267845e-02 
 1.308661e+01 -1.227054e-02 
 1.308701e+01 -1.191134e-02 
 1.308741e+01 -1.158443e-02 
 1.308781e+01 -1.128253e-02 
 1.308820e+01 -1.099114e-02 
 1.308860e+01 -1.070936e-02 
 1.308900e+01 -1.045253e-02 
 1.308940e+01 -1.023481e-02 
 1.308979e+01 -1.007641e-02 
 1.309019e+01 -9.978782e-03 
 1.309059e+01 -9.932027e-03 
 1.309099e+01 -9.919569e-03 
 1.309138e+01 -9.921899e-03 
 1.309178e+01 -9.932108e-03 
 1.309218e+01 -9.953821e-03 
 1.309258e+01 -9.999968e-03 
 1.309298e+01 -1.007061e-02 
 1.309337e+01 -1.015095e-02 
 1.309377e+01 -1.022582e-02 
 1.309417e+01 -1.026672e-02 
 1.309457e+01 -1.025485e-02 
 1.309496e+01 -1.018069e-02 
 1.309536e+01 -1.004318e-02 
 1.309576e+01 -9.855001e-03 
 1.309616e+01 -9.617895e-03 
 1.309655e+01 -9.331631e-03 
 1.309695e+01 -8.989093e-03 
 1.309735e+01 -8.590029e-03 
 1.309775e+01 -8.139739e-03 
 1.309815e+01 -7.658204e-03 
 1.309854e+01 -7.181454e-03 
 1.309894e+01 -6.742174e-03 
 1.309934e+01 -6.358034e-03 
 1.309974e+01 -6.036940e-03 
 1.310013e+01 -5.770804e-03 
 1.310053e+01 -5.554969e-03 
 1.310093e+01 -5.372496e-03 
 1.310133e+01 -5.210365e-03 
 1.310172e+01 -5.057453e-03 
 1.310212e+01 -4.900901e-03 
 1.310252e+01 -4.720640e-03 
 1.310292e+01 -4.488134e-03 
 1.310332e+01 -4.179205e-03 
 1.310371e+01 -3.763910e-03 
 1.310411e+01 -3.235452e-03 
 1.310451e+01 -2.607848e-03 
 1.310491e+01 -1.895825e-03 
 1.310530e+01 -1.121815e-03 
 1.310570e+01 -2.969670e-04 
 1.310610e+01  5.658009e-04 
 1.310650e+01  1.464613e-03 
 1.310689e+01  2.394741e-03 
 1.310729e+01  3.347730e-03 
 1.310769e+01  4.296174e-03 
 1.310809e+01  5.210836e-03 
 1.310849e+01  6.053736e-03 
 1.310888e+01  6.808913e-03 
 1.310928e+01  7.474118e-03 
 1.310968e+01  8.065946e-03 
 1.311008e+01  8.611793e-03 
 1.311047e+01  9.124093e-03 
 1.311087e+01  9.621293e-03 
 1.311127e+01  1.009382e-02 
 1.311167e+01  1.053338e-02 
 1.311206e+01  1.093396e-02 
 1.311246e+01  1.129005e-02 
 1.311286e+01  1.160144e-02 
 1.311326e+01  1.187974e-02 
 1.311366e+01  1.213518e-02 
 1.311405e+01  1.236669e-02 
 1.311445e+01  1.255966e-02 
 1.311485e+01  1.268676e-02 
 1.311525e+01  1.273796e-02 
 1.311564e+01  1.269635e-02 
 1.311604e+01  1.257241e-02 
 1.311644e+01  1.236951e-02 
 1.311684e+01  1.209048e-02 
 1.311723e+01  1.172245e-02 
 1.311763e+01  1.125534e-02 
 1.311803e+01  1.068004e-02 
 1.311843e+01  9.994260e-03 
 1.311883e+01  9.200703e-03 
 1.311922e+01  8.312526e-03 
 1.311962e+01  7.350793e-03 
 1.312002e+01  6.338982e-03 
 1.312042e+01  5.302583e-03 
 1.312081e+01  4.259750e-03 
 1.312121e+01  3.226254e-03 
 1.312161e+01  2.228333e-03 
 1.312201e+01  1.287856e-03 
 1.312240e+01  4.326167e-04 
 1.312280e+01 -3.354789e-04 
 1.312320e+01 -1.017068e-03 
 1.312360e+01 -1.624699e-03 
 1.312400e+01 -2.192091e-03 
 1.312439e+01 -2.747460e-03 
 1.312479e+01 -3.303194e-03 
 1.312519e+01 -3.872266e-03 
 1.312559e+01 -4.457379e-03 
 1.312598e+01 -5.056435e-03 
 1.312638e+01 -5.668121e-03 
 1.312678e+01 -6.308443e-03 
 1.312718e+01 -6.995055e-03 
 1.312757e+01 -7.733275e-03 
 1.312797e+01 -8.521066e-03 
 1.312837e+01 -9.337030e-03 
 1.312877e+01 -1.015519e-02 
 1.312917e+01 -1.094009e-02 
 1.312956e+01 -1.167567e-02 
 1.312996e+01 -1.235234e-02 
 1.313036e+01 -1.298094e-02 
 1.313076e+01 -1.356734e-02 
 1.313115e+01 -1.413080e-02 
 1.313155e+01 -1.468892e-02 
 1.313195e+01 -1.524633e-02 
 1.313235e+01 -1.579788e-02 
 1.313274e+01 -1.634634e-02 
 1.313314e+01 -1.689622e-02 
 1.313354e+01 -1.745278e-02 
 1.313394e+01 -1.803093e-02 
 1.313434e+01 -1.863029e-02 
 1.313473e+01 -1.924821e-02 
 1.313513e+01 -1.987420e-02 
 1.313553e+01 -2.050863e-02 
 1.313593e+01 -2.115260e-02 
 1.313632e+01 -2.180952e-02 
 1.313672e+01 -2.248722e-02 
 1.313712e+01 -2.318424e-02 
 1.313752e+01 -2.389527e-02 
 1.313791e+01 -2.460476e-02 
 1.313831e+01 -2.528940e-02 
 1.313871e+01 -2.592873e-02 
 1.313911e+01 -2.651303e-02 
 1.313951e+01 -2.703855e-02 
 1.313990e+01 -2.750763e-02 
 1.314030e+01 -2.792898e-02 
 1.314070e+01 -2.831131e-02 
 1.314110e+01 -2.866503e-02 
 1.314149e+01 -2.899270e-02 
 1.314189e+01 -2.930209e-02 
 1.314229e+01 -2.960333e-02 
 1.314269e+01 -2.991331e-02 
 1.314308e+01 -3.025439e-02 
 1.314348e+01 -3.063468e-02 
 1.314388e+01 -3.106573e-02 
 1.314428e+01 -3.154489e-02 
 1.314468e+01 -3.206912e-02 
 1.314507e+01 -3.264538e-02 
 1.314547e+01 -3.326577e-02 
 1.314587e+01 -3.391516e-02 
 1.314627e+01 -3.458103e-02 
 1.314666e+01 -3.524941e-02 
 1.314706e+01 -3.590779e-02 
 1.314746e+01 -3.653685e-02 
 1.314786e+01 -3.712535e-02 
 1.314825e+01 -3.766036e-02 
 1.314865e+01 -3.813663e-02 
 1.314905e+01 -3.855628e-02 
 1.314945e+01 -3.891795e-02 
 1.314985e+01 -3.922588e-02 
 1.315024e+01 -3.948726e-02 
 1.315064e+01 -3.970181e-02 
 1.315104e+01 -3.987925e-02 
 1.315144e+01 -4.002691e-02 
 1.315183e+01 -4.014656e-02 
 1.315223e+01 -4.025361e-02 
 1.315263e+01 -4.035197e-02 
 1.315303e+01 -4.043967e-02 
 1.315342e+01 -4.050789e-02 
 1.315382e+01 -4.054124e-02 
 1.315422e+01 -4.052511e-02 
 1.315462e+01 -4.043789e-02 
 1.315502e+01 -4.027885e-02 
 1.315541e+01 -4.005114e-02 
 1.315581e+01 -3.976367e-02 
 1.315621e+01 -3.942859e-02 
 1.315661e+01 -3.905484e-02 
 1.315700e+01 -3.864480e-02 
 1.315740e+01 -3.820048e-02 
 1.315780e+01 -3.771569e-02 
 1.315820e+01 -3.718670e-02 
 1.315860e+01 -3.662174e-02 
 1.315899e+01 -3.603726e-02 
 1.315939e+01 -3.545338e-02 
 1.315979e+01 -3.489110e-02 
 1.316019e+01 -3.436504e-02 
 1.316058e+01 -3.388299e-02 
 1.316098e+01 -3.344930e-02 
 1.316138e+01 -3.305934e-02 
 1.316178e+01 -3.270949e-02 
 1.316217e+01 -3.238784e-02 
 1.316257e+01 -3.209285e-02 
 1.316297e+01 -3.182329e-02 
 1.316337e+01 -3.157856e-02 
 1.316377e+01 -3.136060e-02 
 1.316416e+01 -3.116842e-02 
 1.316456e+01 -3.099670e-02 
 1.316496e+01 -3.084658e-02 
 1.316536e+01 -3.071896e-02 
 1.316575e+01 -3.059882e-02 
 1.316615e+01 -3.047569e-02 
 1.316655e+01 -3.033449e-02 
 1.316695e+01 -3.016652e-02 
 1.316734e+01 -2.997303e-02 
 1.316774e+01 -2.976693e-02 
 1.316814e+01 -2.955561e-02 
 1.316854e+01 -2.934746e-02 
 1.316894e+01 -2.915217e-02 
 1.316933e+01 -2.897282e-02 
 1.316973e+01 -2.881430e-02 
 1.317013e+01 -2.867551e-02 
 1.317053e+01 -2.855465e-02 
 1.317092e+01 -2.845250e-02 
 1.317132e+01 -2.837036e-02 
 1.317172e+01 -2.830265e-02 
 1.317212e+01 -2.824337e-02 
 1.317251e+01 -2.817111e-02 
 1.317291e+01 -2.806161e-02 
 1.317331e+01 -2.790636e-02 
 1.317371e+01 -2.770341e-02 
 1.317411e+01 -2.745787e-02 
 1.317450e+01 -2.718359e-02 
 1.317490e+01 -2.690712e-02 
 1.317530e+01 -2.665405e-02 
 1.317570e+01 -2.644307e-02 
 1.317609e+01 -2.628745e-02 
 1.317649e+01 -2.618303e-02 
 1.317689e+01 -2.612102e-02 
 1.317729e+01 -2.609807e-02 
 1.317768e+01 -2.611110e-02 
 1.317808e+01 -2.615818e-02 
 1.317848e+01 -2.623538e-02 
 1.317888e+01 -2.632987e-02 
 1.317928e+01 -2.643249e-02 
 1.317967e+01 -2.653273e-02 
 1.318007e+01 -2.661612e-02 
 1.318047e+01 -2.666627e-02 
 1.318087e+01 -2.667049e-02 
 1.318126e+01 -2.662366e-02 
 1.318166e+01 -2.651741e-02 
 1.318206e+01 -2.634598e-02 
 1.318246e+01 -2.610138e-02 
 1.318285e+01 -2.578261e-02 
 1.318325e+01 -2.539749e-02 
 1.318365e+01 -2.495822e-02 
 1.318405e+01 -2.448057e-02 
 1.318445e+01 -2.397679e-02 
 1.318484e+01 -2.345697e-02 
 1.318524e+01 -2.292511e-02 
 1.318564e+01 -2.237992e-02 
 1.318604e+01 -2.182395e-02 
 1.318643e+01 -2.125956e-02 
 1.318683e+01 -2.068609e-02 
 1.318723e+01 -2.011241e-02 
 1.318763e+01 -1.954570e-02 
 1.318802e+01 -1.898421e-02 
 1.318842e+01 -1.842650e-02 
 1.318882e+01 -1.786684e-02 
 1.318922e+01 -1.728293e-02 
 1.318962e+01 -1.666220e-02 
 1.319001e+01 -1.599977e-02 
 1.319041e+01 -1.528789e-02 
 1.319081e+01 -1.452664e-02 
 1.319121e+01 -1.371947e-02 
 1.319160e+01 -1.287075e-02 
 1.319200e+01 -1.198265e-02 
 1.319240e+01 -1.106694e-02 
 1.319280e+01 -1.013648e-02 
 1.319319e+01 -9.214981e-03 
 1.319359e+01 -8.324437e-03 
 1.319399e+01 -7.476802e-03 
 1.319439e+01 -6.683319e-03 
 1.319479e+01 -5.951059e-03 
 1.319518e+01 -5.277187e-03 
 1.319558e+01 -4.657457e-03 
 1.319598e+01 -4.097446e-03 
 1.319638e+01 -3.598995e-03 
 1.319677e+01 -3.145287e-03 
 1.319717e+01 -2.732870e-03 
 1.319757e+01 -2.342855e-03 
 1.319797e+01 -1.946488e-03 
 1.319836e+01 -1.513383e-03 
 1.319876e+01 -1.014031e-03 
 1.319916e+01 -4.416232e-04 
 1.319956e+01  2.066629e-04 
 1.319996e+01  9.206146e-04 
 1.320035e+01  1.692129e-03 
 1.320075e+01  2.510115e-03 
 1.320115e+01  3.368366e-03 
 1.320155e+01  4.253110e-03 
 1.320194e+01  5.155594e-03 
 1.320234e+01  6.056127e-03 
 1.320274e+01  6.937219e-03 
 1.320314e+01  7.768264e-03 
 1.320353e+01  8.516375e-03 
 1.320393e+01  9.162115e-03 
 1.320433e+01  9.691428e-03 
 1.320473e+01  1.011006e-02 
 1.320513e+01  1.042503e-02 
 1.320552e+01  1.065315e-02 
 1.320592e+01  1.081560e-02 
 1.320632e+01  1.092524e-02 
 1.320672e+01  1.099252e-02 
 1.320711e+01  1.102618e-02 
 1.320751e+01  1.103726e-02 
 1.320791e+01  1.104304e-02 
 1.320831e+01  1.104961e-02 
 1.320870e+01  1.105717e-02 
 1.320910e+01  1.105949e-02 
 1.320950e+01  1.104923e-02 
 1.320990e+01  1.101858e-02 
 1.321030e+01  1.097568e-02 
 1.321069e+01  1.091263e-02 
 1.321109e+01  1.082386e-02 
 1.321149e+01  1.069425e-02 
 1.321189e+01  1.051184e-02 
 1.321228e+01  1.026397e-02 
 1.321268e+01  9.931486e-03 
 1.321308e+01  9.512290e-03 
 1.321348e+01  9.012124e-03 
 1.321387e+01  8.451380e-03 
 1.321427e+01  7.855158e-03 
 1.321467e+01  7.239741e-03 
 1.321507e+01  6.612235e-03 
 1.321547e+01  5.970616e-03 
 1.321586e+01  5.320718e-03 
 1.321626e+01  4.674001e-03 
 1.321666e+01  4.050315e-03 
 1.321706e+01  3.471144e-03 
 1.321745e+01  2.959746e-03 
 1.321785e+01  2.533595e-03 
 1.321825e+01  2.202183e-03 
 1.321865e+01  1.958167e-03 
 1.321904e+01  1.777245e-03 
 1.321944e+01  1.628492e-03 
 1.321984e+01  1.472974e-03 
 1.322024e+01  1.293564e-03 
 1.322064e+01  1.072535e-03 
 1.322103e+01  8.016825e-04 
 1.322143e+01  4.656075e-04 
 1.322183e+01  5.852793e-05 
 1.322223e+01 -4.214605e-04 
 1.322262e+01 -9.797651e-04 
 1.322302e+01 -1.609717e-03 
 1.322342e+01 -2.302892e-03 
 1.322382e+01 -3.043534e-03 
 1.322421e+01 -3.807759e-03 
 1.322461e+01 -4.577027e-03 
 1.322501e+01 -5.337329e-03 
 1.322541e+01 -6.085046e-03 
 1.322581e+01 -6.809654e-03 
 1.322620e+01 -7.505272e-03 
 1.322660e+01 -8.160411e-03 
 1.322700e+01 -8.768840e-03 
 1.322740e+01 -9.333729e-03 
 1.322779e+01 -9.865966e-03 
 1.322819e+01 -1.037748e-02 
 1.322859e+01 -1.088127e-02 
 1.322899e+01 -1.138919e-02 
 1.322938e+01 -1.190539e-02 
 1.322978e+01 -1.243828e-02 
 1.323018e+01 -1.298463e-02 
 1.323058e+01 -1.355264e-02 
 1.323098e+01 -1.414535e-02 
 1.323137e+01 -1.477051e-02 
 1.323177e+01 -1.543317e-02 
 1.323217e+01 -1.612621e-02 
 1.323257e+01 -1.683805e-02 
 1.323296e+01 -1.754124e-02 
 1.323336e+01 -1.822111e-02 
 1.323376e+01 -1.886162e-02 
 1.323416e+01 -1.945404e-02 
 1.323455e+01 -2.000177e-02 
 1.323495e+01 -2.050760e-02 
 1.323535e+01 -2.097903e-02 
 1.323575e+01 -2.142136e-02 
 1.323615e+01 -2.184285e-02 
 1.323654e+01 -2.224530e-02 
 1.323694e+01 -2.263253e-02 
 1.323734e+01 -2.301431e-02 
 1.323774e+01 -2.340618e-02 
 1.323813e+01 -2.382612e-02 
 1.323853e+01 -2.428608e-02 
 1.323893e+01 -2.478648e-02 
 1.323933e+01 -2.532674e-02 
 1.323972e+01 -2.590938e-02 
 1.324012e+01 -2.653225e-02 
 1.324052e+01 -2.719904e-02 
 1.324092e+01 -2.790608e-02 
 1.324132e+01 -2.864272e-02 
 1.324171e+01 -2.939622e-02 
 1.324211e+01 -3.014356e-02 
 1.324251e+01 -3.085690e-02 
 1.324291e+01 -3.150912e-02 
 1.324330e+01 -3.208043e-02 
 1.324370e+01 -3.256617e-02 
 1.324410e+01 -3.296936e-02 
 1.324450e+01 -3.329901e-02 
 1.324489e+01 -3.356414e-02 
 1.324529e+01 -3.376548e-02 
 1.324569e+01 -3.390819e-02 
 1.324609e+01 -3.399171e-02 
 1.324649e+01 -3.401518e-02 
 1.324688e+01 -3.398372e-02 
 1.324728e+01 -3.390916e-02 
 1.324768e+01 -3.381482e-02 
 1.324808e+01 -3.371443e-02 
 1.324847e+01 -3.361956e-02 
 1.324887e+01 -3.353306e-02 
 1.324927e+01 -3.345620e-02 
 1.324967e+01 -3.338422e-02 
 1.325007e+01 -3.330513e-02 
 1.325046e+01 -3.321093e-02 
 1.325086e+01 -3.309489e-02 
 1.325126e+01 -3.294850e-02 
 1.325166e+01 -3.277082e-02 
 1.325205e+01 -3.256509e-02 
 1.325245e+01 -3.233397e-02 
 1.325285e+01 -3.208597e-02 
 1.325325e+01 -3.183555e-02 
 1.325364e+01 -3.159781e-02 
 1.325404e+01 -3.138286e-02 
 1.325444e+01 -3.119937e-02 
 1.325484e+01 -3.105796e-02 
 1.325524e+01 -3.096450e-02 
 1.325563e+01 -3.092367e-02 
 1.325603e+01 -3.094850e-02 
 1.325643e+01 -3.103931e-02 
 1.325683e+01 -3.119548e-02 
 1.325722e+01 -3.140494e-02 
 1.325762e+01 -3.165415e-02 
 1.325802e+01 -3.192794e-02 
 1.325842e+01 -3.221143e-02 
 1.325881e+01 -3.249927e-02 
 1.325921e+01 -3.279861e-02 
 1.325961e+01 -3.311530e-02 
 1.326001e+01 -3.344601e-02 
 1.326041e+01 -3.379679e-02 
 1.326080e+01 -3.415822e-02 
 1.326120e+01 -3.451371e-02 
 1.326160e+01 -3.484651e-02 
 1.326200e+01 -3.514575e-02 
 1.326239e+01 -3.540247e-02 
 1.326279e+01 -3.561635e-02 
 1.326319e+01 -3.579801e-02 
 1.326359e+01 -3.596639e-02 
 1.326398e+01 -3.613454e-02 
 1.326438e+01 -3.631438e-02 
 1.326478e+01 -3.651973e-02 
 1.326518e+01 -3.675198e-02 
 1.326558e+01 -3.701073e-02 
 1.326597e+01 -3.728330e-02 
 1.326637e+01 -3.755795e-02 
 1.326677e+01 -3.782568e-02 
 1.326717e+01 -3.808565e-02 
 1.326756e+01 -3.834051e-02 
 1.326796e+01 -3.858879e-02 
 1.326836e+01 -3.883265e-02 
 1.326876e+01 -3.905731e-02 
 1.326915e+01 -3.924716e-02 
 1.326955e+01 -3.939321e-02 
 1.326995e+01 -3.948982e-02 
 1.327035e+01 -3.953352e-02 
 1.327075e+01 -3.953662e-02 
 1.327114e+01 -3.952014e-02 
 1.327154e+01 -3.949525e-02 
 1.327194e+01 -3.946764e-02 
 1.327234e+01 -3.943804e-02 
 1.327273e+01 -3.940457e-02 
 1.327313e+01 -3.936841e-02 
 1.327353e+01 -3.932644e-02 
 1.327393e+01 -3.928080e-02 
 1.327432e+01 -3.923060e-02 
 1.327472e+01 -3.916374e-02 
 1.327512e+01 -3.905848e-02 
 1.327552e+01 -3.889220e-02 
 1.327592e+01 -3.865122e-02 
 1.327631e+01 -3.832312e-02 
 1.327671e+01 -3.789740e-02 
 1.327711e+01 -3.737836e-02 
 1.327751e+01 -3.676380e-02 
 1.327790e+01 -3.605485e-02 
 1.327830e+01 -3.525873e-02 
 1.327870e+01 -3.437813e-02 
 1.327910e+01 -3.343149e-02 
 1.327949e+01 -3.243842e-02 
 1.327989e+01 -3.142893e-02 
 1.328029e+01 -3.042584e-02 
 1.328069e+01 -2.944531e-02 
 1.328109e+01 -2.849673e-02 
 1.328148e+01 -2.757813e-02 
 1.328188e+01 -2.669320e-02 
 1.328228e+01 -2.584260e-02 
 1.328268e+01 -2.503079e-02 
 1.328307e+01 -2.426014e-02 
 1.328347e+01 -2.352532e-02 
 1.328387e+01 -2.282497e-02 
 1.328427e+01 -2.214812e-02 
 1.328466e+01 -2.147864e-02 
 1.328506e+01 -2.080404e-02 
 1.328546e+01 -2.011347e-02 
 1.328586e+01 -1.941006e-02 
 1.328626e+01 -1.869199e-02 
 1.328665e+01 -1.796042e-02 
 1.328705e+01 -1.721964e-02 
 1.328745e+01 -1.647713e-02 
 1.328785e+01 -1.572703e-02 
 1.328824e+01 -1.497281e-02 
 1.328864e+01 -1.422269e-02 
 1.328904e+01 -1.348572e-02 
 1.328944e+01 -1.278253e-02 
 1.328983e+01 -1.212873e-02 
 1.329023e+01 -1.151599e-02 
 1.329063e+01 -1.094457e-02 
 1.329103e+01 -1.040710e-02 
 1.329143e+01 -9.900391e-03 
 1.329182e+01 -9.422144e-03 
 1.329222e+01 -8.968108e-03 
 1.329262e+01 -8.538841e-03 
 1.329302e+01 -8.123033e-03 
 1.329341e+01 -7.712153e-03 
 1.329381e+01 -7.288515e-03 
 1.329421e+01 -6.820988e-03 
 1.329461e+01 -6.279280e-03 
 1.329500e+01 -5.650582e-03 
 1.329540e+01 -4.930580e-03 
 1.329580e+01 -4.126132e-03 
 1.329620e+01 -3.252118e-03 
 1.329660e+01 -2.329453e-03 
 1.329699e+01 -1.392902e-03 
 1.329739e+01 -4.599162e-04 
 1.329779e+01  4.459769e-04 
 1.329819e+01  1.310737e-03 
 1.329858e+01  2.119182e-03 
 1.329898e+01  2.857510e-03 
 1.329938e+01  3.505610e-03 
 1.329978e+01  4.039901e-03 
 1.330017e+01  4.455429e-03 
 1.330057e+01  4.751350e-03 
 1.330097e+01  4.942833e-03 
 1.330137e+01  5.061696e-03 
 1.330177e+01  5.149869e-03 
 1.330216e+01  5.234856e-03 
 1.330256e+01  5.342019e-03 
 1.330296e+01  5.484321e-03 
 1.330336e+01  5.670458e-03 
 1.330375e+01  5.894895e-03 
 1.330415e+01  6.153474e-03 
 1.330455e+01  6.449578e-03 
 1.330495e+01  6.769541e-03 
 1.330534e+01  7.103832e-03 
 1.330574e+01  7.435765e-03 
 1.330614e+01  7.758644e-03 
 1.330654e+01  8.063845e-03 
 1.330694e+01  8.337617e-03 
 1.330733e+01  8.572795e-03 
 1.330773e+01  8.769486e-03 
 1.330813e+01  8.910632e-03 
 1.330853e+01  8.991982e-03 
 1.330892e+01  9.007719e-03 
 1.330932e+01  8.959147e-03 
 1.330972e+01  8.851955e-03 
 1.331012e+01  8.700586e-03 
 1.331051e+01  8.526408e-03 
 1.331091e+01  8.336055e-03 
 1.331131e+01  8.139623e-03 
 1.331171e+01  7.929137e-03 
 1.331211e+01  7.707750e-03 
 1.331250e+01  7.480828e-03 
 1.331290e+01  7.256692e-03 
 1.331330e+01  7.051146e-03 
 1.331370e+01  6.869687e-03 
 1.331409e+01  6.718063e-03 
 1.331449e+01  6.584219e-03 
 1.331489e+01  6.454476e-03 
 1.331529e+01  6.296368e-03 
 1.331568e+01  6.081036e-03 
 1.331608e+01  5.785327e-03 
 1.331648e+01  5.399414e-03 
 1.331688e+01  4.922324e-03 
 1.331728e+01  4.352434e-03 
 1.331767e+01  3.702139e-03 
 1.331807e+01  2.972555e-03 
 1.331847e+01  2.169093e-03 
 1.331887e+01  1.298232e-03 
 1.331926e+01  3.716627e-04 
 1.331966e+01 -5.922970e-04 
 1.332006e+01 -1.569991e-03 
 1.332046e+01 -2.525203e-03 
 1.332085e+01 -3.424193e-03 
 1.332125e+01 -4.235362e-03 
 1.332165e+01 -4.940584e-03 
 1.332205e+01 -5.543926e-03 
 1.332245e+01 -6.051653e-03 
 1.332284e+01 -6.477565e-03 
 1.332324e+01 -6.841119e-03 
 1.332364e+01 -7.159013e-03 
 1.332404e+01 -7.445717e-03 
 1.332443e+01 -7.711195e-03 
 1.332483e+01 -7.968807e-03 
 1.332523e+01 -8.234519e-03 
 1.332563e+01 -8.524999e-03 
 1.332602e+01 -8.852322e-03 
 1.332642e+01 -9.218714e-03 
 1.332682e+01 -9.620236e-03 
 1.332722e+01 -1.003880e-02 
 1.332762e+01 -1.046117e-02 
 1.332801e+01 -1.087373e-02 
 1.332841e+01 -1.127077e-02 
 1.332881e+01 -1.164523e-02 
 1.332921e+01 -1.200151e-02 
 1.332960e+01 -1.233595e-02 
 1.333000e+01 -1.264234e-02 
 1.333040e+01 -1.290853e-02 
 1.333080e+01 -1.313229e-02 
 1.333119e+01 -1.331917e-02 
 1.333159e+01 -1.347861e-02 
 1.333199e+01 -1.362616e-02 
 1.333239e+01 -1.377814e-02 
 1.333279e+01 -1.394347e-02 
 1.333318e+01 -1.413427e-02 
 1.333358e+01 -1.435559e-02 
 1.333398e+01 -1.460731e-02 
 1.333438e+01 -1.489077e-02 
 1.333477e+01 -1.521397e-02 
 1.333517e+01 -1.558401e-02 
 1.333557e+01 -1.599804e-02 
 1.333597e+01 -1.644536e-02 
 1.333636e+01 -1.691591e-02 
 1.333676e+01 -1.739562e-02 
 1.333716e+01 -1.787597e-02 
 1.333756e+01 -1.835334e-02 
 1.333796e+01 -1.882773e-02 
 1.333835e+01 -1.928986e-02 
 1.333875e+01 -1.972660e-02 
 1.333915e+01 -2.012628e-02 
 1.333955e+01 -2.046627e-02 
 1.333994e+01 -2.073231e-02 
 1.334034e+01 -2.092674e-02 
 1.334074e+01 -2.107037e-02 
 1.334114e+01 -2.118558e-02 
 1.334153e+01 -2.129257e-02 
 1.334193e+01 -2.141666e-02 
 1.334233e+01 -2.156761e-02 
 1.334273e+01 -2.175292e-02 
 1.334313e+01 -2.198680e-02 
 1.334352e+01 -2.227236e-02 
 1.334392e+01 -2.261759e-02 
 1.334432e+01 -2.303298e-02 
 1.334472e+01 -2.352767e-02 
 1.334511e+01 -2.409951e-02 
 1.334551e+01 -2.472998e-02 
 1.334591e+01 -2.539736e-02 
 1.334631e+01 -2.607272e-02 
 1.334671e+01 -2.672935e-02 
 1.334710e+01 -2.735579e-02 
 1.334750e+01 -2.795035e-02 
 1.334790e+01 -2.852390e-02 
 1.334830e+01 -2.908868e-02 
 1.334869e+01 -2.965596e-02 
 1.334909e+01 -3.023426e-02 
 1.334949e+01 -3.081389e-02 
 1.334989e+01 -3.139157e-02 
 1.335028e+01 -3.196676e-02 
 1.335068e+01 -3.254218e-02 
 1.335108e+01 -3.313148e-02 
 1.335148e+01 -3.374407e-02 
 1.335188e+01 -3.439191e-02 
 1.335227e+01 -3.506193e-02 
 1.335267e+01 -3.573305e-02 
 1.335307e+01 -3.638067e-02 
 1.335347e+01 -3.698775e-02 
 1.335386e+01 -3.753542e-02 
 1.335426e+01 -3.802534e-02 
 1.335466e+01 -3.846528e-02 
 1.335506e+01 -3.886621e-02 
 1.335545e+01 -3.923071e-02 
 1.335585e+01 -3.954919e-02 
 1.335625e+01 -3.981657e-02 
 1.335665e+01 -4.002904e-02 
 1.335705e+01 -4.019073e-02 
 1.335744e+01 -4.031124e-02 
 1.335784e+01 -4.039946e-02 
 1.335824e+01 -4.046039e-02 
 1.335864e+01 -4.049294e-02 
 1.335903e+01 -4.050151e-02 
 1.335943e+01 -4.049532e-02 
 1.335983e+01 -4.048761e-02 
 1.336023e+01 -4.049503e-02 
 1.336062e+01 -4.053932e-02 
 1.336102e+01 -4.062972e-02 
 1.336142e+01 -4.076505e-02 
 1.336182e+01 -4.093222e-02 
 1.336222e+01 -4.111131e-02 
 1.336261e+01 -4.128760e-02 
 1.336301e+01 -4.145956e-02 
 1.336341e+01 -4.163551e-02 
 1.336381e+01 -4.182179e-02 
 1.336420e+01 -4.201509e-02 
 1.336460e+01 -4.220680e-02 
 1.336500e+01 -4.236624e-02 
 1.336540e+01 -4.246909e-02 
 1.336579e+01 -4.250355e-02 
 1.336619e+01 -4.247290e-02 
 1.336659e+01 -4.240139e-02 
 1.336699e+01 -4.232032e-02 
 1.336739e+01 -4.225599e-02 
 1.336778e+01 -4.222102e-02 
 1.336818e+01 -4.220806e-02 
 1.336858e+01 -4.220826e-02 
 1.336898e+01 -4.220316e-02 
 1.336937e+01 -4.218510e-02 
 1.336977e+01 -4.215887e-02 
 1.337017e+01 -4.212539e-02 
 1.337057e+01 -4.208585e-02 
 1.337096e+01 -4.203093e-02 
 1.337136e+01 -4.193902e-02 
 1.337176e+01 -4.178468e-02 
 1.337216e+01 -4.154634e-02 
 1.337256e+01 -4.120736e-02 
 1.337295e+01 -4.076760e-02 
 1.337335e+01 -4.023569e-02 
 1.337375e+01 -3.963010e-02 
 1.337415e+01 -3.897543e-02 
 1.337454e+01 -3.829308e-02 
 1.337494e+01 -3.759679e-02 
 1.337534e+01 -3.690148e-02 
 1.337574e+01 -3.621891e-02 
 1.337613e+01 -3.555564e-02 
 1.337653e+01 -3.492473e-02 
 1.337693e+01 -3.433938e-02 
 1.337733e+01 -3.380055e-02 
 1.337773e+01 -3.330094e-02 
 1.337812e+01 -3.283318e-02 
 1.337852e+01 -3.238612e-02 
 1.337892e+01 -3.194247e-02 
 1.337932e+01 -3.148670e-02 
 1.337971e+01 -3.100728e-02 
 1.338011e+01 -3.049861e-02 
 1.338051e+01 -2.995328e-02 
 1.338091e+01 -2.936745e-02 
 1.338130e+01 -2.873882e-02 
 1.338170e+01 -2.805322e-02 
 1.338210e+01 -2.730356e-02 
 1.338250e+01 -2.648678e-02 
 1.338290e+01 -2.560629e-02 
 1.338329e+01 -2.466752e-02 
 1.338369e+01 -2.368160e-02 
 1.338409e+01 -2.266220e-02 
 1.338449e+01 -2.162043e-02 
 1.338488e+01 -2.057050e-02 
 1.338528e+01 -1.952052e-02 
 1.338568e+01 -1.848140e-02 
 1.338608e+01 -1.747026e-02 
 1.338647e+01 -1.650317e-02 
 1.338687e+01 -1.559024e-02 
 1.338727e+01 -1.473048e-02 
 1.338767e+01 -1.391090e-02 
 1.338807e+01 -1.312222e-02 
 1.338846e+01 -1.234780e-02 
 1.338886e+01 -1.157629e-02 
 1.338926e+01 -1.080123e-02 
 1.338966e+01 -1.001802e-02 
 1.339005e+01 -9.228550e-03 
 1.339045e+01 -8.418040e-03 
 1.339085e+01 -7.575177e-03 
 1.339125e+01 -6.686329e-03 
 1.339164e+01 -5.750130e-03 
 1.339204e+01 -4.780138e-03 
 1.339244e+01 -3.809649e-03 
 1.339284e+01 -2.881361e-03 
 1.339324e+01 -2.043154e-03 
 1.339363e+01 -1.314129e-03 
 1.339403e+01 -7.064785e-04 
 1.339443e+01 -2.250297e-04 
 1.339483e+01  1.346046e-04 
 1.339522e+01  3.702416e-04 
 1.339562e+01  4.841070e-04 
 1.339602e+01  4.664900e-04 
 1.339642e+01  3.364761e-04 
 1.339681e+01  1.222760e-04 
 1.339721e+01 -1.354886e-04 
 1.339761e+01 -3.827507e-04 
 1.339801e+01 -5.722985e-04 
 1.339841e+01 -6.792590e-04 
 1.339880e+01 -7.005486e-04 
 1.339920e+01 -6.463466e-04 
 1.339960e+01 -5.407971e-04 
 1.340000e+01 -3.989471e-04 
 1.340039e+01 -2.247043e-04 
 1.340079e+01 -1.281307e-05 
 1.340119e+01  2.440910e-04 
 1.340159e+01  5.449317e-04 
 1.340198e+01  8.799076e-04 
 1.340238e+01  1.224129e-03 
 1.340278e+01  1.547752e-03 
 1.340318e+01  1.822674e-03 
 1.340358e+01  2.030446e-03 
 1.340397e+01  2.182925e-03 
 1.340437e+01  2.277775e-03 
 1.340477e+01  2.325676e-03 
 1.340517e+01  2.331508e-03 
 1.340556e+01  2.301940e-03 
 1.340596e+01  2.241581e-03 
 1.340636e+01  2.159490e-03 
 1.340676e+01  2.071286e-03 
 1.340715e+01  1.988307e-03 
 1.340755e+01  1.931172e-03 
 1.340795e+01  1.909128e-03 
 1.340835e+01  1.925352e-03 
 1.340875e+01  1.975886e-03 
 1.340914e+01  2.055599e-03 
 1.340954e+01  2.162796e-03 
 1.340994e+01  2.297443e-03 
 1.341034e+01  2.458185e-03 
 1.341073e+01  2.635327e-03 
 1.341113e+01  2.812021e-03 
 1.341153e+01  2.957305e-03 
 1.341193e+01  3.047725e-03 
 1.341232e+01  3.063322e-03 
 1.341272e+01  2.992147e-03 
 1.341312e+01  2.840597e-03 
 1.341352e+01  2.619968e-03 
 1.341392e+01  2.350930e-03 
 1.341431e+01  2.049011e-03 
 1.341471e+01  1.724220e-03 
 1.341511e+01  1.379291e-03 
 1.341551e+01  1.022498e-03 
 1.341590e+01  6.733657e-04 
 1.341630e+01  3.627371e-04 
 1.341670e+01  1.306910e-04 
 1.341710e+01  1.108014e-05 
 1.341749e+01  1.245104e-05 
 1.341789e+01  1.218451e-04 
 1.341829e+01  3.041705e-04 
 1.341869e+01  5.186047e-04 
 1.341909e+01  7.236304e-04 
 1.341948e+01  8.954387e-04 
 1.341988e+01  1.029431e-03 
 1.342028e+01  1.132382e-03 
 1.342068e+01  1.196116e-03 
 1.342107e+01  1.209046e-03 
 1.342147e+01  1.150725e-03 
 1.342187e+01  9.969067e-04 
 1.342227e+01  7.411033e-04 
 1.342266e+01  3.853415e-04 
 1.342306e+01 -4.978873e-05 
 1.342346e+01 -5.365662e-04 
 1.342386e+01 -1.049999e-03 
 1.342426e+01 -1.582683e-03 
 1.342465e+01 -2.136707e-03 
 1.342505e+01 -2.711025e-03 
 1.342545e+01 -3.304695e-03 
 1.342585e+01 -3.905533e-03 
 1.342624e+01 -4.493079e-03 
 1.342664e+01 -5.053654e-03 
 1.342704e+01 -5.581010e-03 
 1.342744e+01 -6.080434e-03 
 1.342783e+01 -6.566629e-03 
 1.342823e+01 -7.055732e-03 
 1.342863e+01 -7.562050e-03 
 1.342903e+01 -8.092725e-03 
 1.342943e+01 -8.641584e-03 
 1.342982e+01 -9.192064e-03 
 1.343022e+01 -9.738826e-03 
 1.343062e+01 -1.028828e-02 
 1.343102e+01 -1.084061e-02 
 1.343141e+01 -1.140419e-02 
 1.343181e+01 -1.198103e-02 
 1.343221e+01 -1.256273e-02 
 1.343261e+01 -1.313247e-02 
 1.343300e+01 -1.367746e-02 
 1.343340e+01 -1.418720e-02 
 1.343380e+01 -1.464825e-02 
 1.343420e+01 -1.505944e-02 
 1.343460e+01 -1.542189e-02 
 1.343499e+01 -1.573634e-02 
 1.343539e+01 -1.599783e-02 
 1.343579e+01 -1.621100e-02 
 1.343619e+01 -1.637488e-02 
 1.343658e+01 -1.649966e-02 
 1.343698e+01 -1.660601e-02 
 1.343738e+01 -1.672261e-02 
 1.343778e+01 -1.686892e-02 
 1.343818e+01 -1.706183e-02 
 1.343857e+01 -1.730529e-02 
 1.343897e+01 -1.759579e-02 
 1.343937e+01 -1.793057e-02 
 1.343977e+01 -1.830318e-02 
 1.344016e+01 -1.871651e-02 
 1.344056e+01 -1.917796e-02 
 1.344096e+01 -1.969252e-02 
 1.344136e+01 -2.025440e-02 
 1.344175e+01 -2.084473e-02 
 1.344215e+01 -2.142839e-02 
 1.344255e+01 -2.198018e-02 
 1.344295e+01 -2.248001e-02 
 1.344335e+01 -2.292504e-02 
 1.344374e+01 -2.332634e-02 
 1.344414e+01 -2.371029e-02 
 1.344454e+01 -2.410683e-02 
 1.344494e+01 -2.452114e-02 
 1.344533e+01 -2.495020e-02 
 1.344573e+01 -2.538073e-02 
 1.344613e+01 -2.579419e-02 
 1.344653e+01 -2.618904e-02 
 1.344692e+01 -2.657980e-02 
 1.344732e+01 -2.699325e-02 
 1.344772e+01 -2.744050e-02 
 1.344812e+01 -2.792400e-02 
 1.344852e+01 -2.843058e-02 
 1.344891e+01 -2.893053e-02 
 1.344931e+01 -2.939724e-02 
 1.344971e+01 -2.981480e-02 
 1.345011e+01 -3.018391e-02 
 1.345050e+01 -3.052363e-02 
 1.345090e+01 -3.085515e-02 
 1.345130e+01 -3.119971e-02 
 1.345170e+01 -3.155359e-02 
 1.345209e+01 -3.190586e-02 
 1.345249e+01 -3.224191e-02 
 1.345289e+01 -3.255640e-02 
 1.345329e+01 -3.285433e-02 
 1.345369e+01 -3.315149e-02 
 1.345408e+01 -3.347521e-02 
 1.345448e+01 -3.384886e-02 
 1.345488e+01 -3.428037e-02 
 1.345528e+01 -3.476955e-02 
 1.345567e+01 -3.531770e-02 
 1.345607e+01 -3.591345e-02 
 1.345647e+01 -3.654799e-02 
 1.345687e+01 -3.721718e-02 
 1.345726e+01 -3.791207e-02 
 1.345766e+01 -3.861579e-02 
 1.345806e+01 -3.929917e-02 
 1.345846e+01 -3.994087e-02 
 1.345886e+01 -4.052561e-02 
 1.345925e+01 -4.104554e-02 
 1.345965e+01 -4.150678e-02 
 1.346005e+01 -4.191565e-02 
 1.346045e+01 -4.227581e-02 
 1.346084e+01 -4.257702e-02 
 1.346124e+01 -4.280454e-02 
 1.346164e+01 -4.294498e-02 
 1.346204e+01 -4.299590e-02 
 1.346243e+01 -4.296788e-02 
 1.346283e+01 -4.289299e-02 
 1.346323e+01 -4.281259e-02 
 1.346363e+01 -4.275198e-02 
 1.346403e+01 -4.271965e-02 
 1.346442e+01 -4.270499e-02 
 1.346482e+01 -4.268203e-02 
 1.346522e+01 -4.262622e-02 
 1.346562e+01 -4.252922e-02 
 1.346601e+01 -4.238950e-02 
 1.346641e+01 -4.220990e-02 
 1.346681e+01 -4.199946e-02 
 1.346721e+01 -4.175460e-02 
 1.346760e+01 -4.146450e-02 
 1.346800e+01 -4.109572e-02 
 1.346840e+01 -4.063105e-02 
 1.346880e+01 -4.006771e-02 
 1.346920e+01 -3.942368e-02 
 1.346959e+01 -3.873544e-02 
 1.346999e+01 -3.804079e-02 
 1.347039e+01 -3.737345e-02 
 1.347079e+01 -3.674962e-02 
 1.347118e+01 -3.616247e-02 
 1.347158e+01 -3.560728e-02 
 1.347198e+01 -3.508083e-02 
 1.347238e+01 -3.458989e-02 
 1.347277e+01 -3.415544e-02 
 1.347317e+01 -3.379252e-02 
 1.347357e+01 -3.351221e-02 
 1.347397e+01 -3.329873e-02 
 1.347437e+01 -3.312590e-02 
 1.347476e+01 -3.296397e-02 
 1.347516e+01 -3.277934e-02 
 1.347556e+01 -3.255521e-02 
 1.347596e+01 -3.229014e-02 
 1.347635e+01 -3.198628e-02 
 1.347675e+01 -3.164039e-02 
 1.347715e+01 -3.124185e-02 
 1.347755e+01 -3.076977e-02 
 1.347794e+01 -3.020855e-02 
 1.347834e+01 -2.956047e-02 
 1.347874e+01 -2.884017e-02 
 1.347914e+01 -2.807603e-02 
 1.347954e+01 -2.730321e-02 
 1.347993e+01 -2.654819e-02 
 1.348033e+01 -2.582436e-02 
 1.348073e+01 -2.513456e-02 
 1.348113e+01 -2.447697e-02 
 1.348152e+01 -2.385235e-02 
 1.348192e+01 -2.326844e-02 
 1.348232e+01 -2.274261e-02 
 1.348272e+01 -2.228734e-02 
 1.348311e+01 -2.190331e-02 
 1.348351e+01 -2.157839e-02 
 1.348391e+01 -2.129677e-02 
 1.348431e+01 -2.102369e-02 
 1.348471e+01 -2.073484e-02 
 1.348510e+01 -2.041116e-02 
 1.348550e+01 -2.005019e-02 
 1.348590e+01 -1.964602e-02 
 1.348630e+01 -1.918690e-02 
 1.348669e+01 -1.866296e-02 
 1.348709e+01 -1.807133e-02 
 1.348749e+01 -1.741618e-02 
 1.348789e+01 -1.671052e-02 
 1.348828e+01 -1.599315e-02 
 1.348868e+01 -1.529792e-02 
 1.348908e+01 -1.465234e-02 
 1.348948e+01 -1.407023e-02 
 1.348988e+01 -1.354960e-02 
 1.349027e+01 -1.307991e-02 
 1.349067e+01 -1.264638e-02 
 1.349107e+01 -1.224025e-02 
 1.349147e+01 -1.186693e-02 
 1.349186e+01 -1.153453e-02 
 1.349226e+01 -1.124133e-02 
 1.349266e+01 -1.097235e-02 
 1.349306e+01 -1.069489e-02 
 1.349345e+01 -1.036551e-02 
 1.349385e+01 -9.945276e-03 
 1.349425e+01 -9.408891e-03 
 1.349465e+01 -8.750431e-03 
 1.349505e+01 -7.991371e-03 
 1.349544e+01 -7.161475e-03 
 1.349584e+01 -6.281876e-03 
 1.349624e+01 -5.372663e-03 
 1.349664e+01 -4.449069e-03 
 1.349703e+01 -3.511012e-03 
 1.349743e+01 -2.561819e-03 
 1.349783e+01 -1.621523e-03 
 1.349823e+01 -7.266628e-04 
 1.349862e+01  8.561452e-05 
 1.349902e+01  7.787677e-04 
 1.349942e+01  1.335644e-03 
 1.349982e+01  1.760924e-03 
 1.350022e+01  2.073596e-03 
 1.350061e+01  2.294661e-03 
 1.350101e+01  2.450940e-03 
 1.350141e+01  2.558747e-03 
 1.350181e+01  2.628970e-03 
 1.350220e+01  2.657396e-03 
 1.350260e+01  2.648208e-03 
 1.350300e+01  2.605044e-03 
 1.350340e+01  2.541089e-03 
 1.350379e+01  2.480444e-03 
 1.350419e+01  2.438272e-03 
 1.350459e+01  2.426323e-03 
 1.350499e+01  2.443544e-03 
 1.350539e+01  2.486217e-03 
 1.350578e+01  2.549548e-03 
 1.350618e+01  2.620727e-03 
 1.350658e+01  2.681787e-03 
 1.350698e+01  2.713849e-03 
 1.350737e+01  2.694176e-03 
 1.350777e+01  2.606741e-03 
 1.350817e+01  2.442357e-03 
 1.350857e+01  2.207492e-03 
 1.350896e+01  1.914148e-03 
 1.350936e+01  1.580614e-03 
 1.350976e+01  1.233742e-03 
 1.351016e+01  8.994460e-04 
 1.351056e+01  5.832722e-04 
 1.351095e+01  2.849360e-04 
 1.351135e+01  1.101817e-05 
 1.351175e+01 -2.372592e-04 
 1.351215e+01 -4.455456e-04 
 1.351254e+01 -5.918430e-04 
 1.351294e+01 -6.539376e-04 
 1.351334e+01 -6.250332e-04 
 1.351374e+01 -5.083340e-04 
 1.351413e+01 -3.228232e-04 
 1.351453e+01 -9.893335e-05 
 1.351493e+01  1.227667e-04 
 1.351533e+01  3.114138e-04 
 1.351573e+01  4.556386e-04 
 1.351612e+01  5.522526e-04 
 1.351652e+01  5.948549e-04 
 1.351692e+01  5.777965e-04 
 1.351732e+01  4.955590e-04 
 1.351771e+01  3.349046e-04 
 1.351811e+01  8.990528e-05 
 1.351851e+01 -2.315762e-04 
 1.351891e+01 -6.098973e-04 
 1.351930e+01 -1.008951e-03 
 1.351970e+01 -1.392942e-03 
 1.352010e+01 -1.738070e-03 
 1.352050e+01 -2.035439e-03 
 1.352090e+01 -2.286758e-03 
 1.352129e+01 -2.500450e-03 
 1.352169e+01 -2.686208e-03 
 1.352209e+01 -2.844016e-03 
 1.352249e+01 -2.969637e-03 
 1.352288e+01 -3.054297e-03 
 1.352328e+01 -3.097062e-03 
 1.352368e+01 -3.110924e-03 
 1.352408e+01 -3.112762e-03 
 1.352447e+01 -3.129456e-03 
 1.352487e+01 -3.184088e-03 
 1.352527e+01 -3.287688e-03 
 1.352567e+01 -3.441193e-03 
 1.352607e+01 -3.634596e-03 
 1.352646e+01 -3.854192e-03 
 1.352686e+01 -4.096936e-03 
 1.352726e+01 -4.363443e-03 
 1.352766e+01 -4.660636e-03 
 1.352805e+01 -4.992232e-03 
 1.352845e+01 -5.359814e-03 
 1.352885e+01 -5.747932e-03 
 1.352925e+01 -6.143616e-03 
 1.352965e+01 -6.533454e-03 
 1.353004e+01 -6.910808e-03 
 1.353044e+01 -7.274470e-03 
 1.353084e+01 -7.635533e-03 
 1.353124e+01 -8.011886e-03 
 1.353163e+01 -8.414240e-03 
 1.353203e+01 -8.841827e-03 
 1.353243e+01 -9.287678e-03 
 1.353283e+01 -9.747788e-03 
 1.353322e+01 -1.022763e-02 
 1.353362e+01 -1.072853e-02 
 1.353402e+01 -1.126267e-02 
 1.353442e+01 -1.184097e-02 
 1.353482e+01 -1.246879e-02 
 1.353521e+01 -1.314606e-02 
 1.353561e+01 -1.386622e-02 
 1.353601e+01 -1.461707e-02 
 1.353641e+01 -1.538329e-02 
 1.353680e+01 -1.615320e-02 
 1.353720e+01 -1.691371e-02 
 1.353760e+01 -1.764244e-02 
 1.353800e+01 -1.832081e-02 
 1.353839e+01 -1.892479e-02 
 1.353879e+01 -1.944641e-02 
 1.353919e+01 -1.987742e-02 
 1.353959e+01 -2.022747e-02 
 1.353999e+01 -2.052390e-02 
 1.354038e+01 -2.078367e-02 
 1.354078e+01 -2.102160e-02 
 1.354118e+01 -2.124225e-02 
 1.354158e+01 -2.143692e-02 
 1.354197e+01 -2.160106e-02 
 1.354237e+01 -2.173431e-02 
 1.354277e+01 -2.185465e-02 
 1.354317e+01 -2.198299e-02 
 1.354356e+01 -2.214312e-02 
 1.354396e+01 -2.234997e-02 
 1.354436e+01 -2.260416e-02 
 1.354476e+01 -2.288205e-02 
 1.354516e+01 -2.314766e-02 
 1.354555e+01 -2.337666e-02 
 1.354595e+01 -2.356035e-02 
 1.354635e+01 -2.370688e-02 
 1.354675e+01 -2.383933e-02 
 1.354714e+01 -2.398566e-02 
 1.354754e+01 -2.415885e-02 
 1.354794e+01 -2.436403e-02 
 1.354834e+01 -2.460062e-02 
 1.354873e+01 -2.486164e-02 
 1.354913e+01 -2.514506e-02 
 1.354953e+01 -2.545685e-02 
 1.354993e+01 -2.581911e-02 
 1.355033e+01 -2.625119e-02 
 1.355072e+01 -2.676385e-02 
 1.355112e+01 -2.735808e-02 
 1.355152e+01 -2.801997e-02 
 1.355192e+01 -2.872707e-02 
 1.355231e+01 -2.945506e-02 
 1.355271e+01 -3.018343e-02 
 1.355311e+01 -3.089998e-02 
 1.355351e+01 -3.160008e-02 
 1.355390e+01 -3.228049e-02 
 1.355430e+01 -3.294621e-02 
 1.355470e+01 -3.359660e-02 
 1.355510e+01 -3.422475e-02 
 1.355550e+01 -3.482403e-02 
 1.355589e+01 -3.538568e-02 
 1.355629e+01 -3.590530e-02 
 1.355669e+01 -3.638238e-02 
 1.355709e+01 -3.681995e-02 
 1.355748e+01 -3.723192e-02 
 1.355788e+01 -3.762494e-02 
 1.355828e+01 -3.801265e-02 
 1.355868e+01 -3.840706e-02 
 1.355907e+01 -3.882230e-02 
 1.355947e+01 -3.926845e-02 
 1.355987e+01 -3.974947e-02 
 1.356027e+01 -4.026229e-02 
 1.356067e+01 -4.079712e-02 
 1.356106e+01 -4.134297e-02 
 1.356146e+01 -4.188354e-02 
 1.356186e+01 -4.240468e-02 
 1.356226e+01 -4.289539e-02 
 1.356265e+01 -4.335137e-02 
 1.356305e+01 -4.376573e-02 
 1.356345e+01 -4.413067e-02 
 1.356385e+01 -4.443441e-02 
 1.356424e+01 -4.466185e-02 
 1.356464e+01 -4.480191e-02 
 1.356504e+01 -4.485602e-02 
 1.356544e+01 -4.483385e-02 
 1.356584e+01 -4.475456e-02 
 1.356623e+01 -4.464616e-02 
 1.356663e+01 -4.452798e-02 
 1.356703e+01 -4.441268e-02 
 1.356743e+01 -4.430632e-02 
 1.356782e+01 -4.421215e-02 
 1.356822e+01 -4.412841e-02 
 1.356862e+01 -4.405473e-02 
 1.356902e+01 -4.399256e-02 
 1.356941e+01 -4.393795e-02 
 1.356981e+01 -4.388089e-02 
 1.357021e+01 -4.379597e-02 
 1.357061e+01 -4.365549e-02 
 1.357101e+01 -4.342901e-02 
 1.357140e+01 -4.309490e-02 
 1.357180e+01 -4.263860e-02 
 1.357220e+01 -4.206149e-02 
 1.357260e+01 -4.138109e-02 
 1.357299e+01 -4.060899e-02 
 1.357339e+01 -3.976436e-02 
 1.357379e+01 -3.886174e-02 
 1.357419e+01 -3.790356e-02 
 1.357458e+01 -3.689876e-02 
 1.357498e+01 -3.586494e-02 
 1.357538e+01 -3.483014e-02 
 1.357578e+01 -3.382190e-02 
 1.357618e+01 -3.286858e-02 
 1.357657e+01 -3.200087e-02 
 1.357697e+01 -3.122784e-02 
 1.357737e+01 -3.054745e-02 
 1.357777e+01 -2.994335e-02 
 1.357816e+01 -2.939679e-02 
 1.357856e+01 -2.888919e-02 
 1.357896e+01 -2.840963e-02 
 1.357936e+01 -2.795689e-02 
 1.357975e+01 -2.753037e-02 
 1.358015e+01 -2.712567e-02 
 1.358055e+01 -2.672983e-02 
 1.358095e+01 -2.632343e-02 
 1.358135e+01 -2.588329e-02 
 1.358174e+01 -2.539725e-02 
 1.358214e+01 -2.485557e-02 
 1.358254e+01 -2.426058e-02 
 1.358294e+01 -2.362260e-02 
 1.358333e+01 -2.295144e-02 
 1.358373e+01 -2.226154e-02 
 1.358413e+01 -2.157025e-02 
 1.358453e+01 -2.088439e-02 
 1.358492e+01 -2.021308e-02 
 1.358532e+01 -1.956605e-02 
 1.358572e+01 -1.896217e-02 
 1.358612e+01 -1.840915e-02 
 1.358652e+01 -1.792311e-02 
 1.358691e+01 -1.750017e-02 
 1.358731e+01 -1.713320e-02 
 1.358771e+01 -1.680498e-02 
 1.358811e+01 -1.649070e-02 
 1.358850e+01 -1.616612e-02 
 1.358890e+01 -1.580542e-02 
 1.358930e+01 -1.538543e-02 
 1.358970e+01 -1.488284e-02 
 1.359009e+01 -1.429076e-02 
 1.359049e+01 -1.360467e-02 
 1.359089e+01 -1.282708e-02 
 1.359129e+01 -1.197611e-02 
 1.359169e+01 -1.107818e-02 
 1.359208e+01 -1.016572e-02 
 1.359248e+01 -9.262790e-03 
 1.359288e+01 -8.389670e-03 
 1.359328e+01 -7.554946e-03 
 1.359367e+01 -6.763212e-03 
 1.359407e+01 -6.029994e-03 
 1.359447e+01 -5.371283e-03 
 1.359487e+01 -4.804918e-03 
 1.359526e+01 -4.349203e-03 
 1.359566e+01 -4.012073e-03 
 1.359606e+01 -3.782817e-03 
 1.359646e+01 -3.627720e-03 
 1.359686e+01 -3.505194e-03 
 1.359725e+01 -3.379750e-03 
 1.359765e+01 -3.224345e-03 
 1.359805e+01 -3.026456e-03 
 1.359845e+01 -2.791463e-03 
 1.359884e+01 -2.524299e-03 
 1.359924e+01 -2.231518e-03 
 1.359964e+01 -1.908295e-03 
 1.360004e+01 -1.545083e-03 
 1.360043e+01 -1.140896e-03 
 1.360083e+01 -6.884264e-04 
 1.360123e+01 -1.939909e-04 
 1.360163e+01  3.233275e-04 
 1.360203e+01  8.429057e-04 
 1.360242e+01  1.339051e-03 
 1.360282e+01  1.791965e-03 
 1.360322e+01  2.191540e-03 
 1.360362e+01  2.539270e-03 
 1.360401e+01  2.830854e-03 
 1.360441e+01  3.057051e-03 
 1.360481e+01  3.211750e-03 
 1.360521e+01  3.291129e-03 
 1.360560e+01  3.299635e-03 
 1.360600e+01  3.248110e-03 
 1.360640e+01  3.140678e-03 
 1.360680e+01  2.997505e-03 
 1.360720e+01  2.840802e-03 
 1.360759e+01  2.691490e-03 
 1.360799e+01  2.565984e-03 
 1.360839e+01  2.464516e-03 
 1.360879e+01  2.384598e-03 
 1.360918e+01  2.321687e-03 
 1.360958e+01  2.271213e-03 
 1.360998e+01  2.227257e-03 
 1.361038e+01  2.177144e-03 
 1.361077e+01  2.101658e-03 
 1.361117e+01  1.983304e-03 
 1.361157e+01  1.806182e-03 
 1.361197e+01  1.556093e-03 
 1.361237e+01  1.225112e-03 
 1.361276e+01  8.112035e-04 
 1.361316e+01  3.191536e-04 
 1.361356e+01 -2.401906e-04 
 1.361396e+01 -8.445090e-04 
 1.361435e+01 -1.469527e-03 
 1.361475e+01 -2.089651e-03 
 1.361515e+01 -2.683502e-03 
 1.361555e+01 -3.225586e-03 
 1.361594e+01 -3.697516e-03 
 1.361634e+01 -4.082292e-03 
 1.361674e+01 -4.374552e-03 
 1.361714e+01 -4.577532e-03 
 1.361754e+01 -4.697361e-03 
 1.361793e+01 -4.746253e-03 
 1.361833e+01 -4.733323e-03 
 1.361873e+01 -4.668515e-03 
 1.361913e+01 -4.565209e-03 
 1.361952e+01 -4.432518e-03 
 1.361992e+01 -4.285574e-03 
 1.362032e+01 -4.138904e-03 
 1.362072e+01 -4.004568e-03 
 1.362112e+01 -3.892357e-03 
 1.362151e+01 -3.803035e-03 
 1.362191e+01 -3.726187e-03 
 1.362231e+01 -3.650644e-03 
 1.362271e+01 -3.566760e-03 
 1.362310e+01 -3.468112e-03 
 1.362350e+01 -3.351431e-03 
 1.362390e+01 -3.224941e-03 
 1.362430e+01 -3.100354e-03 
 1.362469e+01 -2.987941e-03 
 1.362509e+01 -2.890861e-03 
 1.362549e+01 -2.799225e-03 
 1.362589e+01 -2.694578e-03 
 1.362629e+01 -2.562442e-03 
 1.362668e+01 -2.399794e-03 
 1.362708e+01 -2.211197e-03 
 1.362748e+01 -2.019509e-03 
 1.362788e+01 -1.840463e-03 
 1.362827e+01 -1.688857e-03 
 1.362867e+01 -1.573897e-03 
 1.362907e+01 -1.493520e-03 
 1.362947e+01 -1.439584e-03 
 1.362986e+01 -1.397347e-03 
 1.363026e+01 -1.358965e-03 
 1.363066e+01 -1.330096e-03 
 1.363106e+01 -1.324527e-03 
 1.363146e+01 -1.359738e-03 
 1.363185e+01 -1.443916e-03 
 1.363225e+01 -1.573098e-03 
 1.363265e+01 -1.731188e-03 
 1.363305e+01 -1.894249e-03 
 1.363344e+01 -2.041536e-03 
 1.363384e+01 -2.153891e-03 
 1.363424e+01 -2.217540e-03 
 1.363464e+01 -2.236790e-03 
 1.363503e+01 -2.226668e-03 
 1.363543e+01 -2.212596e-03 
 1.363583e+01 -2.218781e-03 
 1.363623e+01 -2.262641e-03 
 1.363663e+01 -2.359362e-03 
 1.363702e+01 -2.520397e-03 
 1.363742e+01 -2.758447e-03 
 1.363782e+01 -3.083674e-03 
 1.363822e+01 -3.505442e-03 
 1.363861e+01 -4.029883e-03 
 1.363901e+01 -4.648805e-03 
 1.363941e+01 -5.357945e-03 
 1.363981e+01 -6.143333e-03 
 1.364020e+01 -6.990566e-03 
 1.364060e+01 -7.881858e-03 
 1.364100e+01 -8.800849e-03 
 1.364140e+01 -9.733111e-03 
 1.364180e+01 -1.066834e-02 
 1.364219e+01 -1.160209e-02 
 1.364259e+01 -1.253125e-02 
 1.364299e+01 -1.346236e-02 
 1.364339e+01 -1.439836e-02 
 1.364378e+01 -1.535442e-02 
 1.364418e+01 -1.634299e-02 
 1.364458e+01 -1.736204e-02 
 1.364498e+01 -1.840700e-02 
 1.364537e+01 -1.947325e-02 
 1.364577e+01 -2.055493e-02 
 1.364617e+01 -2.164979e-02 
 1.364657e+01 -2.276189e-02 
 1.364697e+01 -2.389315e-02 
 1.364736e+01 -2.503707e-02 
 1.364776e+01 -2.618081e-02 
 1.364816e+01 -2.731059e-02 
 1.364856e+01 -2.840287e-02 
 1.364895e+01 -2.943434e-02 
 1.364935e+01 -3.039297e-02 
 1.364975e+01 -3.127511e-02 
 1.365015e+01 -3.208746e-02 
 1.365054e+01 -3.284127e-02 
 1.365094e+01 -3.354511e-02 
 1.365134e+01 -3.419942e-02 
 1.365174e+01 -3.479812e-02 
 1.365214e+01 -3.533827e-02 
 1.365253e+01 -3.581704e-02 
 1.365293e+01 -3.624387e-02 
 1.365333e+01 -3.663552e-02 
 1.365373e+01 -3.701654e-02 
 1.365412e+01 -3.741019e-02 
 1.365452e+01 -3.782941e-02 
 1.365492e+01 -3.827436e-02 
 1.365532e+01 -3.874400e-02 
 1.365571e+01 -3.923512e-02 
 1.365611e+01 -3.974839e-02 
 1.365651e+01 -4.028522e-02 
 1.365691e+01 -4.084429e-02 
 1.365731e+01 -4.142039e-02 
 1.365770e+01 -4.199930e-02 
 1.365810e+01 -4.256297e-02 
 1.365850e+01 -4.307944e-02 
 1.365890e+01 -4.352789e-02 
 1.365929e+01 -4.390032e-02 
 1.365969e+01 -4.419259e-02 
 1.366009e+01 -4.440659e-02 
 1.366049e+01 -4.455141e-02 
 1.366088e+01 -4.463379e-02 
 1.366128e+01 -4.466441e-02 
 1.366168e+01 -4.465093e-02 
 1.366208e+01 -4.460758e-02 
 1.366248e+01 -4.454033e-02 
 1.366287e+01 -4.446450e-02 
 1.366327e+01 -4.439897e-02 
 1.366367e+01 -4.435794e-02 
 1.366407e+01 -4.435487e-02 
 1.366446e+01 -4.439178e-02 
 1.366486e+01 -4.446284e-02 
 1.366526e+01 -4.455339e-02 
 1.366566e+01 -4.464160e-02 
 1.366605e+01 -4.469837e-02 
 1.366645e+01 -4.469919e-02 
 1.366685e+01 -4.462945e-02 
 1.366725e+01 -4.447313e-02 
 1.366765e+01 -4.423113e-02 
 1.366804e+01 -4.390948e-02 
 1.366844e+01 -4.351853e-02 
 1.366884e+01 -4.306761e-02 
 1.366924e+01 -4.257396e-02 
 1.366963e+01 -4.205336e-02 
 1.367003e+01 -4.152155e-02 
 1.367043e+01 -4.099122e-02 
 1.367083e+01 -4.047251e-02 
 1.367122e+01 -3.997077e-02 
 1.367162e+01 -3.949424e-02 
 1.367202e+01 -3.905787e-02 
 1.367242e+01 -3.866981e-02 
 1.367282e+01 -3.833845e-02 
 1.367321e+01 -3.806466e-02 
 1.367361e+01 -3.783407e-02 
 1.367401e+01 -3.762263e-02 
 1.367441e+01 -3.740668e-02 
 1.367480e+01 -3.715885e-02 
 1.367520e+01 -3.686526e-02 
 1.367560e+01 -3.651820e-02 
 1.367600e+01 -3.611831e-02 
 1.367639e+01 -3.566168e-02 
 1.367679e+01 -3.513969e-02 
 1.367719e+01 -3.453302e-02 
 1.367759e+01 -3.382181e-02 
 1.367799e+01 -3.299484e-02 
 1.367838e+01 -3.205039e-02 
 1.367878e+01 -3.100449e-02 
 1.367918e+01 -2.988636e-02 
 1.367958e+01 -2.873242e-02 
 1.367997e+01 -2.758036e-02 
 1.368037e+01 -2.644755e-02 
 1.368077e+01 -2.535129e-02 
 1.368117e+01 -2.429899e-02 
 1.368156e+01 -2.329431e-02 
 1.368196e+01 -2.233488e-02 
 1.368236e+01 -2.142352e-02 
 1.368276e+01 -2.057079e-02 
 1.368316e+01 -1.978383e-02 
 1.368355e+01 -1.906020e-02 
 1.368395e+01 -1.838401e-02 
 1.368435e+01 -1.774065e-02 
 1.368475e+01 -1.709842e-02 
 1.368514e+01 -1.643117e-02 
 1.368554e+01 -1.572125e-02 
 1.368594e+01 -1.496598e-02 
 1.368634e+01 -1.417135e-02 
 1.368673e+01 -1.335512e-02 
 1.368713e+01 -1.254215e-02 
 1.368753e+01 -1.176278e-02 
 1.368793e+01 -1.103954e-02 
 1.368833e+01 -1.038530e-02 
 1.368872e+01 -9.813450e-03 
 1.368912e+01 -9.334384e-03 
 1.368952e+01 -8.954746e-03 
 1.368992e+01 -8.690688e-03 
 1.369031e+01 -8.545668e-03 
 1.369071e+01 -8.516132e-03 
 1.369111e+01 -8.590173e-03 
 1.369151e+01 -8.745721e-03 
 1.369190e+01 -8.966165e-03 
 1.369230e+01 -9.219474e-03 
 1.369270e+01 -9.483743e-03 
 1.369310e+01 -9.743506e-03 
 1.369350e+01 -9.986568e-03 
 1.369389e+01 -1.020589e-02 
 1.369429e+01 -1.039168e-02 
 1.369469e+01 -1.053721e-02 
 1.369509e+01 -1.063101e-02 
 1.369548e+01 -1.067315e-02 
 1.369588e+01 -1.066801e-02 
 1.369628e+01 -1.061727e-02 
 1.369668e+01 -1.053013e-02 
 1.369707e+01 -1.041041e-02 
 1.369747e+01 -1.027271e-02 
 1.369787e+01 -1.013395e-02 
 1.369827e+01 -1.000829e-02 
 1.369867e+01 -9.916561e-03 
 1.369906e+01 -9.877781e-03 
 1.369946e+01 -9.901431e-03 
 1.369986e+01 -9.990620e-03 
 1.370026e+01 -1.013381e-02 
 1.370065e+01 -1.031702e-02 
 1.370105e+01 -1.052096e-02 
 1.370145e+01 -1.072982e-02 
 1.370185e+01 -1.093511e-02 
 1.370224e+01 -1.112978e-02 
 1.370264e+01 -1.129515e-02 
 1.370304e+01 -1.142098e-02 
 1.370344e+01 -1.149548e-02 
 1.370384e+01 -1.149647e-02 
 1.370423e+01 -1.141200e-02 
 1.370463e+01 -1.124088e-02 
 1.370503e+01 -1.099345e-02 
 1.370543e+01 -1.068931e-02 
 1.370582e+01 -1.033903e-02 
 1.370622e+01 -9.962047e-03 
 1.370662e+01 -9.561768e-03 
 1.370702e+01 -9.149409e-03 
 1.370741e+01 -8.733072e-03 
 1.370781e+01 -8.322248e-03 
 1.370821e+01 -7.933076e-03 
 1.370861e+01 -7.573372e-03 
 1.370901e+01 -7.250810e-03 
 1.370940e+01 -6.961551e-03 
 1.370980e+01 -6.685275e-03 
 1.371020e+01 -6.387581e-03 
 1.371060e+01 -6.039388e-03 
 1.371099e+01 -5.616474e-03 
 1.371139e+01 -5.103701e-03 
 1.371179e+01 -4.510412e-03 
 1.371219e+01 -3.849356e-03 
 1.371259e+01 -3.142574e-03 
 1.371298e+01 -2.408751e-03 
 1.371338e+01 -1.662340e-03 
 1.371378e+01 -9.094010e-04 
 1.371418e+01 -1.552572e-04 
 1.371457e+01  5.889709e-04 
 1.371497e+01  1.313728e-03 
 1.371537e+01  1.993622e-03 
 1.371577e+01  2.605276e-03 
 1.371616e+01  3.129075e-03 
 1.371656e+01  3.560211e-03 
 1.371696e+01  3.905887e-03 
 1.371736e+01  4.183646e-03 
 1.371776e+01  4.408177e-03 
 1.371815e+01  4.592490e-03 
 1.371855e+01  4.746550e-03 
 1.371895e+01  4.873409e-03 
 1.371935e+01  4.965477e-03 
 1.371974e+01  5.022205e-03 
 1.372014e+01  5.046652e-03 
 1.372054e+01  5.048297e-03 
 1.372094e+01  5.040797e-03 
 1.372133e+01  5.035294e-03 
 1.372173e+01  5.043627e-03 
 1.372213e+01  5.068909e-03 
 1.372253e+01  5.112521e-03 
 1.372293e+01  5.163772e-03 
 1.372332e+01  5.217127e-03 
 1.372372e+01  5.261646e-03 
 1.372412e+01  5.288203e-03 
 1.372452e+01  5.292408e-03 
 1.372491e+01  5.276456e-03 
 1.372531e+01  5.237677e-03 
 1.372571e+01  5.179040e-03 
 1.372611e+01  5.108055e-03 
 1.372650e+01  5.029990e-03 
 1.372690e+01  4.945253e-03 
 1.372730e+01  4.848922e-03 
 1.372770e+01  4.742702e-03 
 1.372810e+01  4.629339e-03 
 1.372849e+01  4.516002e-03 
 1.372889e+01  4.415907e-03 
 1.372929e+01  4.343851e-03 
 1.372969e+01  4.313999e-03 
 1.373008e+01  4.329487e-03 
 1.373048e+01  4.378570e-03 
 1.373088e+01  4.437197e-03 
 1.373128e+01  4.471306e-03 
 1.373167e+01  4.449965e-03 
 1.373207e+01  4.349722e-03 
 1.373247e+01  4.161870e-03 
 1.373287e+01  3.888037e-03 
 1.373327e+01  3.534248e-03 
 1.373366e+01  3.102489e-03 
 1.373406e+01  2.592894e-03 
 1.373446e+01  2.003727e-03 
 1.373486e+01  1.336038e-03 
 1.373525e+01  5.925258e-04 
 1.373565e+01 -2.156246e-04 
 1.373605e+01 -1.066796e-03 
 1.373645e+01 -1.933733e-03 
 1.373684e+01 -2.794894e-03 
 1.373724e+01 -3.628640e-03 
 1.373764e+01 -4.427945e-03 
 1.373804e+01 -5.203440e-03 
 1.373844e+01 -5.966100e-03 
 1.373883e+01 -6.730026e-03 
 1.373923e+01 -7.508437e-03 
 1.373963e+01 -8.311249e-03 
 1.374003e+01 -9.138329e-03 
 1.374042e+01 -9.987867e-03 
 1.374082e+01 -1.085833e-02 
 1.374122e+01 -1.175719e-02 
 1.374162e+01 -1.269848e-02 
 1.374201e+01 -1.368933e-02 
 1.374241e+01 -1.473221e-02 
 1.374281e+01 -1.582114e-02 
 1.374321e+01 -1.694123e-02 
 1.374361e+01 -1.807581e-02 
 1.374400e+01 -1.921376e-02 
 1.374440e+01 -2.034866e-02 
 1.374480e+01 -2.147665e-02 
 1.374520e+01 -2.259696e-02 
 1.374559e+01 -2.371038e-02 
 1.374599e+01 -2.480622e-02 
 1.374639e+01 -2.587243e-02 
 1.374679e+01 -2.690256e-02 
 1.374718e+01 -2.789373e-02 
 1.374758e+01 -2.885609e-02 
 1.374798e+01 -2.980811e-02 
 1.374838e+01 -3.076440e-02 
 1.374878e+01 -3.173498e-02 
 1.374917e+01 -3.272866e-02 
 1.374957e+01 -3.374138e-02 
 1.374997e+01 -3.477065e-02 
 1.375037e+01 -3.581472e-02 
 1.375076e+01 -3.687758e-02 
 1.375116e+01 -3.796095e-02 
 1.375156e+01 -3.905843e-02 
 1.375196e+01 -4.015442e-02 
 1.375235e+01 -4.123211e-02 
 1.375275e+01 -4.226830e-02 
 1.375315e+01 -4.324657e-02 
 1.375355e+01 -4.415463e-02 
 1.375395e+01 -4.497976e-02 
 1.375434e+01 -4.571404e-02 
 1.375474e+01 -4.634481e-02 
 1.375514e+01 -4.685711e-02 
 1.375554e+01 -4.723735e-02 
 1.375593e+01 -4.747581e-02 
 1.375633e+01 -4.757334e-02 
 1.375673e+01 -4.755144e-02 
 1.375713e+01 -4.743764e-02 
 1.375752e+01 -4.726204e-02 
 1.375792e+01 -4.705027e-02 
 1.375832e+01 -4.681747e-02 
 1.375872e+01 -4.657121e-02 
 1.375912e+01 -4.631220e-02 
 1.375951e+01 -4.604893e-02 
 1.375991e+01 -4.578827e-02 
 1.376031e+01 -4.554519e-02 
 1.376071e+01 -4.532199e-02 
 1.376110e+01 -4.510826e-02 
 1.376150e+01 -4.488588e-02 
 1.376190e+01 -4.462647e-02 
 1.376230e+01 -4.430411e-02 
 1.376269e+01 -4.389339e-02 
 1.376309e+01 -4.340019e-02 
 1.376349e+01 -4.283854e-02 
 1.376389e+01 -4.223495e-02 
 1.376429e+01 -4.161600e-02 
 1.376468e+01 -4.099226e-02 
 1.376508e+01 -4.036143e-02 
 1.376548e+01 -3.971406e-02 
 1.376588e+01 -3.904115e-02 
 1.376627e+01 -3.834434e-02 
 1.376667e+01 -3.764380e-02 
 1.376707e+01 -3.696944e-02 
 1.376747e+01 -3.635911e-02 
 1.376786e+01 -3.584152e-02 
 1.376826e+01 -3.542645e-02 
 1.376866e+01 -3.509411e-02 
 1.376906e+01 -3.481408e-02 
 1.376946e+01 -3.455649e-02 
 1.376985e+01 -3.429485e-02 
 1.377025e+01 -3.402098e-02 
 1.377065e+01 -3.372996e-02 
 1.377105e+01 -3.342105e-02 
 1.377144e+01 -3.308872e-02 
 1.377184e+01 -3.271852e-02 
 1.377224e+01 -3.229651e-02 
 1.377264e+01 -3.181396e-02 
 1.377303e+01 -3.127447e-02 
 1.377343e+01 -3.068190e-02 
 1.377383e+01 -3.005173e-02 
 1.377423e+01 -2.940001e-02 
 1.377463e+01 -2.873612e-02 
 1.377502e+01 -2.806422e-02 
 1.377542e+01 -2.739809e-02 
 1.377582e+01 -2.675473e-02 
 1.377622e+01 -2.615906e-02 
 1.377661e+01 -2.564484e-02 
 1.377701e+01 -2.523124e-02 
 1.377741e+01 -2.492470e-02 
 1.377781e+01 -2.472078e-02 
 1.377820e+01 -2.459649e-02 
 1.377860e+01 -2.452671e-02 
 1.377900e+01 -2.449780e-02 
 1.377940e+01 -2.450077e-02 
 1.377980e+01 -2.452203e-02 
 1.378019e+01 -2.455223e-02 
 1.378059e+01 -2.457114e-02 
 1.378099e+01 -2.454879e-02 
 1.378139e+01 -2.445630e-02 
 1.378178e+01 -2.428419e-02 
 1.378218e+01 -2.403404e-02 
 1.378258e+01 -2.373202e-02 
 1.378298e+01 -2.341298e-02 
 1.378337e+01 -2.311756e-02 
 1.378377e+01 -2.286031e-02 
 1.378417e+01 -2.263552e-02 
 1.378457e+01 -2.242572e-02 
 1.378497e+01 -2.221179e-02 
 1.378536e+01 -2.199180e-02 
 1.378576e+01 -2.177876e-02 
 1.378616e+01 -2.159522e-02 
 1.378656e+01 -2.146258e-02 
 1.378695e+01 -2.138135e-02 
 1.378735e+01 -2.133979e-02 
 1.378775e+01 -2.130992e-02 
 1.378815e+01 -2.125486e-02 
 1.378854e+01 -2.114699e-02 
 1.378894e+01 -2.097887e-02 
 1.378934e+01 -2.074884e-02 
 1.378974e+01 -2.046779e-02 
 1.379014e+01 -2.013663e-02 
 1.379053e+01 -1.975639e-02 
 1.379093e+01 -1.931896e-02 
 1.379133e+01 -1.882036e-02 
 1.379173e+01 -1.827193e-02 
 1.379212e+01 -1.769907e-02 
 1.379252e+01 -1.713163e-02 
 1.379292e+01 -1.661177e-02 
 1.379332e+01 -1.617085e-02 
 1.379371e+01 -1.581885e-02 
 1.379411e+01 -1.554839e-02 
 1.379451e+01 -1.534645e-02 
 1.379491e+01 -1.520061e-02 
 1.379531e+01 -1.510119e-02 
 1.379570e+01 -1.504819e-02 
 1.379610e+01 -1.504804e-02 
 1.379650e+01 -1.510456e-02 
 1.379690e+01 -1.521221e-02 
 1.379729e+01 -1.534913e-02 
 1.379769e+01 -1.548591e-02 
 1.379809e+01 -1.558889e-02 
 1.379849e+01 -1.563797e-02 
 1.379888e+01 -1.562645e-02 
 1.379928e+01 -1.555839e-02 
 1.379968e+01 -1.543447e-02 
 1.380008e+01 -1.526119e-02 
 1.380048e+01 -1.503801e-02 
 1.380087e+01 -1.475752e-02 
 1.380127e+01 -1.442188e-02 
 1.380167e+01 -1.404253e-02 
 1.380207e+01 -1.363482e-02 
 1.380246e+01 -1.322252e-02 
 1.380286e+01 -1.282656e-02 
 1.380326e+01 -1.245427e-02 
 1.380366e+01 -1.210245e-02 
 1.380406e+01 -1.176197e-02 
 1.380445e+01 -1.142242e-02 
 1.380485e+01 -1.107265e-02 
 1.380525e+01 -1.070897e-02 
 1.380565e+01 -1.032731e-02 
 1.380604e+01 -9.921362e-03 
 1.380644e+01 -9.474595e-03 
 1.380684e+01 -8.959861e-03 
 1.380724e+01 -8.360154e-03 
 1.380763e+01 -7.667453e-03 
 1.380803e+01 -6.891016e-03 
 1.380843e+01 -6.055632e-03 
 1.380883e+01 -5.189497e-03 
 1.380923e+01 -4.318275e-03 
 1.380962e+01 -3.446068e-03 
 1.381002e+01 -2.572626e-03 
 1.381042e+01 -1.690169e-03 
 1.381082e+01 -7.957080e-04 
 1.381121e+01  9.491550e-05 
 1.381161e+01  9.495028e-04 
 1.381201e+01  1.736519e-03 
 1.381241e+01  2.432748e-03 
 1.381280e+01  3.045469e-03 
 1.381320e+01  3.594707e-03 
 1.381360e+01  4.122236e-03 
 1.381400e+01  4.662120e-03 
 1.381440e+01  5.234697e-03 
 1.381479e+01  5.840625e-03 
 1.381519e+01  6.467266e-03 
 1.381559e+01  7.096737e-03 
 1.381599e+01  7.720865e-03 
 1.381638e+01  8.343911e-03 
 1.381678e+01  8.977306e-03 
 1.381718e+01  9.634748e-03 
 1.381758e+01  1.031919e-02 
 1.381797e+01  1.101758e-02 
 1.381837e+01  1.170909e-02 
 1.381877e+01  1.236371e-02 
 1.381917e+01  1.296174e-02 
 1.381957e+01  1.349452e-02 
 1.381996e+01  1.395944e-02 
 1.382036e+01  1.435980e-02 
 1.382076e+01  1.470113e-02 
 1.382116e+01  1.498466e-02 
 1.382155e+01  1.519694e-02 
 1.382195e+01  1.532945e-02 
 1.382235e+01  1.537942e-02 
 1.382275e+01  1.534514e-02 
 1.382314e+01  1.523845e-02 
 1.382354e+01  1.507526e-02 
 1.382394e+01  1.486260e-02 
 1.382434e+01  1.460562e-02 
 1.382474e+01  1.430059e-02 
 1.382513e+01  1.394123e-02 
 1.382553e+01  1.352661e-02 
 1.382593e+01  1.306212e-02 
 1.382633e+01  1.254766e-02 
 1.382672e+01  1.198909e-02 
 1.382712e+01  1.138287e-02 
 1.382752e+01  1.071827e-02 
 1.382792e+01  9.974839e-03 
 1.382831e+01  9.135957e-03 
 1.382871e+01  8.204891e-03 
 1.382911e+01  7.190036e-03 
 1.382951e+01  6.118292e-03 
 1.382991e+01  5.011974e-03 
 1.383030e+01  3.880367e-03 
 1.383070e+01  2.723893e-03 
 1.383110e+01  1.536882e-03 
 1.383150e+01  3.169031e-04 
 1.383189e+01 -9.149842e-04 
 1.383229e+01 -2.127407e-03 
 1.383269e+01 -3.286145e-03 
 1.383309e+01 -4.361573e-03 
 1.383348e+01 -5.343800e-03 
 1.383388e+01 -6.244091e-03 
 1.383428e+01 -7.094592e-03 
 1.383468e+01 -7.919575e-03 
 1.383508e+01 -8.734776e-03 
 1.383547e+01 -9.537251e-03 
 1.383587e+01 -1.031499e-02 
 1.383627e+01 -1.106014e-02 
 1.383667e+01 -1.178321e-02 
 1.383706e+01 -1.251199e-02 
 1.383746e+01 -1.327534e-02 
 1.383786e+01 -1.409651e-02 
 1.383826e+01 -1.497830e-02 
 1.383865e+01 -1.590615e-02 
 1.383905e+01 -1.685087e-02 
 1.383945e+01 -1.777805e-02 
 1.383985e+01 -1.866220e-02 
 1.384025e+01 -1.950334e-02 
 1.384064e+01 -2.031170e-02 
 1.384104e+01 -2.109947e-02 
 1.384144e+01 -2.187382e-02 
 1.384184e+01 -2.262597e-02 
 1.384223e+01 -2.334033e-02 
 1.384263e+01 -2.401250e-02 
 1.384303e+01 -2.464390e-02 
 1.384343e+01 -2.525101e-02 
 1.384382e+01 -2.585832e-02 
 1.384422e+01 -2.649695e-02 
 1.384462e+01 -2.718149e-02 
 1.384502e+01 -2.791040e-02 
 1.384542e+01 -2.867388e-02 
 1.384581e+01 -2.944641e-02 
 1.384621e+01 -3.021271e-02 
 1.384661e+01 -3.096682e-02 
 1.384701e+01 -3.171305e-02 
 1.384740e+01 -3.244902e-02 
 1.384780e+01 -3.318169e-02 
 1.384820e+01 -3.390489e-02 
 1.384860e+01 -3.461071e-02 
 1.384899e+01 -3.528424e-02 
 1.384939e+01 -3.590986e-02 
 1.384979e+01 -3.647762e-02 
 1.385019e+01 -3.698116e-02 
 1.385059e+01 -3.741558e-02 
 1.385098e+01 -3.777562e-02 
 1.385138e+01 -3.806428e-02 
 1.385178e+01 -3.828417e-02 
 1.385218e+01 -3.844050e-02 
 1.385257e+01 -3.854729e-02 
 1.385297e+01 -3.863300e-02 
 1.385337e+01 -3.872286e-02 
 1.385377e+01 -3.883414e-02 
 1.385416e+01 -3.897827e-02 
 1.385456e+01 -3.915287e-02 
 1.385496e+01 -3.935510e-02 
 1.385536e+01 -3.958283e-02 
 1.385576e+01 -3.983783e-02 
 1.385615e+01 -4.012264e-02 
 1.385655e+01 -4.044359e-02 
 1.385695e+01 -4.079685e-02 
 1.385735e+01 -4.116482e-02 
 1.385774e+01 -4.152423e-02 
 1.385814e+01 -4.183787e-02 
 1.385854e+01 -4.206807e-02 
 1.385894e+01 -4.219828e-02 
 1.385933e+01 -4.222722e-02 
 1.385973e+01 -4.217055e-02 
 1.386013e+01 -4.204698e-02 
 1.386053e+01 -4.187353e-02 
 1.386093e+01 -4.165706e-02 
 1.386132e+01 -4.139993e-02 
 1.386172e+01 -4.110078e-02 
 1.386212e+01 -4.076076e-02 
 1.386252e+01 -4.040042e-02 
 1.386291e+01 -4.004539e-02 
 1.386331e+01 -3.972135e-02 
 1.386371e+01 -3.944334e-02 
 1.386411e+01 -3.920978e-02 
 1.386450e+01 -3.899790e-02 
 1.386490e+01 -3.877924e-02 
 1.386530e+01 -3.851740e-02 
 1.386570e+01 -3.819810e-02 
 1.386610e+01 -3.781758e-02 
 1.386649e+01 -3.738031e-02 
 1.386689e+01 -3.690233e-02 
 1.386729e+01 -3.638743e-02 
 1.386769e+01 -3.583768e-02 
 1.386808e+01 -3.524935e-02 
 1.386848e+01 -3.461373e-02 
 1.386888e+01 -3.393516e-02 
 1.386928e+01 -3.322809e-02 
 1.386967e+01 -3.250754e-02 
 1.387007e+01 -3.179986e-02 
 1.387047e+01 -3.112878e-02 
 1.387087e+01 -3.051235e-02 
 1.387127e+01 -2.995518e-02 
 1.387166e+01 -2.946952e-02 
 1.387206e+01 -2.906232e-02 
 1.387246e+01 -2.874005e-02 
 1.387286e+01 -2.850901e-02 
 1.387325e+01 -2.836946e-02 
 1.387365e+01 -2.830854e-02 
 1.387405e+01 -2.831244e-02 
 1.387445e+01 -2.836152e-02 
 1.387484e+01 -2.843649e-02 
 1.387524e+01 -2.852523e-02 
 1.387564e+01 -2.861551e-02 
 1.387604e+01 -2.869877e-02 
 1.387644e+01 -2.877039e-02 
 1.387683e+01 -2.882051e-02 
 1.387723e+01 -2.883746e-02 
 1.387763e+01 -2.881312e-02 
 1.387803e+01 -2.873900e-02 
 1.387842e+01 -2.861980e-02 
 1.387882e+01 -2.846061e-02 
 1.387922e+01 -2.828379e-02 
 1.387962e+01 -2.810423e-02 
 1.388001e+01 -2.793958e-02 
 1.388041e+01 -2.780145e-02 
 1.388081e+01 -2.770410e-02 
 1.388121e+01 -2.765589e-02 
 1.388161e+01 -2.766378e-02 
 1.388200e+01 -2.773357e-02 
 1.388240e+01 -2.785890e-02 
 1.388280e+01 -2.802874e-02 
 1.388320e+01 -2.821932e-02 
 1.388359e+01 -2.839745e-02 
 1.388399e+01 -2.853006e-02 
 1.388439e+01 -2.859050e-02 
 1.388479e+01 -2.856985e-02 
 1.388518e+01 -2.846616e-02 
 1.388558e+01 -2.829021e-02 
 1.388598e+01 -2.806303e-02 
 1.388638e+01 -2.780271e-02 
 1.388678e+01 -2.752069e-02 
 1.388717e+01 -2.721128e-02 
 1.388757e+01 -2.687592e-02 
 1.388797e+01 -2.651598e-02 
 1.388837e+01 -2.615073e-02 
 1.388876e+01 -2.580007e-02 
 1.388916e+01 -2.549018e-02 
 1.388956e+01 -2.524140e-02 
 1.388996e+01 -2.504586e-02 
 1.389035e+01 -2.489238e-02 
 1.389075e+01 -2.475234e-02 
 1.389115e+01 -2.459562e-02 
 1.389155e+01 -2.440053e-02 
 1.389195e+01 -2.416301e-02 
 1.389234e+01 -2.388603e-02 
 1.389274e+01 -2.357465e-02 
 1.389314e+01 -2.322587e-02 
 1.389354e+01 -2.282375e-02 
 1.389393e+01 -2.235330e-02 
 1.389433e+01 -2.179562e-02 
 1.389473e+01 -2.114347e-02 
 1.389513e+01 -2.040113e-02 
 1.389553e+01 -1.958245e-02 
 1.389592e+01 -1.870542e-02 
 1.389632e+01 -1.778660e-02 
 1.389672e+01 -1.683824e-02 
 1.389712e+01 -1.586788e-02 
 1.389751e+01 -1.488266e-02 
 1.389791e+01 -1.388961e-02 
 1.389831e+01 -1.290460e-02 
 1.389871e+01 -1.194358e-02 
 1.389910e+01 -1.102921e-02 
 1.389950e+01 -1.017482e-02 
 1.389990e+01 -9.385984e-03 
 1.390030e+01 -8.663695e-03 
 1.390070e+01 -8.003299e-03 
 1.390109e+01 -7.393030e-03 
 1.390149e+01 -6.819339e-03 
 1.390189e+01 -6.261871e-03 
 1.390229e+01 -5.700173e-03 
 1.390268e+01 -5.114998e-03 
 1.390308e+01 -4.496009e-03 
 1.390348e+01 -3.839559e-03 
 1.390388e+01 -3.151633e-03 
 1.390427e+01 -2.450550e-03 
 1.390467e+01 -1.756155e-03 
 1.390507e+01 -1.089865e-03 
 1.390547e+01 -4.640355e-04 
 1.390587e+01  1.201831e-04 
 1.390626e+01  6.590966e-04 
 1.390666e+01  1.154753e-03 
 1.390706e+01  1.601717e-03 
 1.390746e+01  1.996090e-03 
 1.390785e+01  2.333322e-03 
 1.390825e+01  2.608214e-03 
 1.390865e+01  2.826282e-03 
 1.390905e+01  3.008789e-03 
 1.390944e+01  3.181612e-03 
 1.390984e+01  3.373867e-03 
 1.391024e+01  3.601927e-03 
 1.391064e+01  3.874886e-03 
 1.391104e+01  4.190727e-03 
 1.391143e+01  4.541339e-03 
 1.391183e+01  4.921037e-03 
 1.391223e+01  5.327915e-03 
 1.391263e+01  5.757522e-03 
 1.391302e+01  6.204397e-03 
 1.391342e+01  6.663628e-03 
 1.391382e+01  7.124687e-03 
 1.391422e+01  7.571159e-03 
 1.391461e+01  7.989092e-03 
 1.391501e+01  8.365139e-03 
 1.391541e+01  8.697822e-03 
 1.391581e+01  8.990163e-03 
 1.391621e+01  9.252352e-03 
 1.391660e+01  9.492821e-03 
 1.391700e+01  9.714192e-03 
 1.391740e+01  9.917625e-03 
 1.391780e+01  1.009257e-02 
 1.391819e+01  1.022911e-02 
 1.391859e+01  1.031893e-02 
 1.391899e+01  1.036295e-02 
 1.391939e+01  1.036302e-02 
 1.391978e+01  1.032971e-02 
 1.392018e+01  1.027262e-02 
 1.392058e+01  1.020572e-02 
 1.392098e+01  1.013300e-02 
 1.392138e+01  1.005662e-02 
 1.392177e+01  9.972400e-03 
 1.392217e+01  9.876847e-03 
 1.392257e+01  9.763779e-03 
 1.392297e+01  9.625873e-03 
 1.392336e+01  9.461767e-03 
 1.392376e+01  9.267365e-03 
 1.392416e+01  9.030380e-03 
 1.392456e+01  8.744740e-03 
 1.392495e+01  8.400613e-03 
 1.392535e+01  7.995050e-03 
 1.392575e+01  7.527012e-03 
 1.392615e+01  7.011046e-03 
 1.392655e+01  6.457102e-03 
 1.392694e+01  5.877544e-03 
 1.392734e+01  5.286565e-03 
 1.392774e+01  4.701742e-03 
 1.392814e+01  4.131360e-03 
 1.392853e+01  3.576950e-03 
 1.392893e+01  3.035220e-03 
 1.392933e+01  2.500863e-03 
 1.392973e+01  1.966287e-03 
 1.393012e+01  1.417464e-03 
 1.393052e+01  8.419941e-04 
 1.393092e+01  2.262071e-04 
 1.393132e+01 -4.361611e-04 
 1.393172e+01 -1.157210e-03 
 1.393211e+01 -1.945877e-03 
 1.393251e+01 -2.814027e-03 
 1.393291e+01 -3.773359e-03 
 1.393331e+01 -4.828385e-03 
 1.393370e+01 -5.978161e-03 
 1.393410e+01 -7.204982e-03 
 1.393450e+01 -8.488407e-03 
 1.393490e+01 -9.795074e-03 
 1.393529e+01 -1.109412e-02 
 1.393569e+01 -1.235257e-02 
 1.393609e+01 -1.355657e-02 
 1.393649e+01 -1.470146e-02 
 1.393689e+01 -1.579393e-02 
 1.393728e+01 -1.684333e-02 
 1.393768e+01 -1.786225e-02 
 1.393808e+01 -1.885326e-02 
 1.393848e+01 -1.981558e-02 
 1.393887e+01 -2.074497e-02 
 1.393927e+01 -2.163726e-02 
 1.393967e+01 -2.249481e-02 
 1.394007e+01 -2.332240e-02 
 1.394046e+01 -2.412695e-02 
 1.394086e+01 -2.491232e-02 
 1.394126e+01 -2.568059e-02 
 1.394166e+01 -2.642691e-02 
 1.394206e+01 -2.713871e-02 
 1.394245e+01 -2.780591e-02 
 1.394285e+01 -2.842413e-02 
 1.394325e+01 -2.899689e-02 
 1.394365e+01 -2.952500e-02 
 1.394404e+01 -3.001127e-02 
 1.394444e+01 -3.046204e-02 
 1.394484e+01 -3.087006e-02 
 1.394524e+01 -3.122774e-02 
 1.394563e+01 -3.151743e-02 
 1.394603e+01 -3.172816e-02 
 1.394643e+01 -3.185554e-02 
 1.394683e+01 -3.190410e-02 
 1.394723e+01 -3.188734e-02 
 1.394762e+01 -3.182545e-02 
 1.394802e+01 -3.173939e-02 
 1.394842e+01 -3.164682e-02 
 1.394882e+01 -3.156678e-02 
 1.394921e+01 -3.151708e-02 
 1.394961e+01 -3.150514e-02 
 1.395001e+01 -3.153817e-02 
 1.395041e+01 -3.162119e-02 
 1.395080e+01 -3.176471e-02 
 1.395120e+01 -3.197623e-02 
 1.395160e+01 -3.224908e-02 
 1.395200e+01 -3.257416e-02 
 1.395240e+01 -3.293783e-02 
 1.395279e+01 -3.332374e-02 
 1.395319e+01 -3.370737e-02 
 1.395359e+01 -3.406446e-02 
 1.395399e+01 -3.437429e-02 
 1.395438e+01 -3.461275e-02 
 1.395478e+01 -3.476755e-02 
 1.395518e+01 -3.483792e-02 
 1.395558e+01 -3.483742e-02 
 1.395597e+01 -3.478554e-02 
 1.395637e+01 -3.470561e-02 
 1.395677e+01 -3.462333e-02 
 1.395717e+01 -3.455591e-02 
 1.395757e+01 -3.451541e-02 
 1.395796e+01 -3.450537e-02 
 1.395836e+01 -3.452703e-02 
 1.395876e+01 -3.458894e-02 
 1.395916e+01 -3.469566e-02 
 1.395955e+01 -3.485050e-02 
 1.395995e+01 -3.504955e-02 
 1.396035e+01 -3.527709e-02 
 1.396075e+01 -3.551213e-02 
 1.396114e+01 -3.573470e-02 
 1.396154e+01 -3.592803e-02 
 1.396194e+01 -3.608840e-02 
 1.396234e+01 -3.621458e-02 
 1.396274e+01 -3.631081e-02 
 1.396313e+01 -3.638194e-02 
 1.396353e+01 -3.642806e-02 
 1.396393e+01 -3.644463e-02 
 1.396433e+01 -3.642267e-02 
 1.396472e+01 -3.636142e-02 
 1.396512e+01 -3.626487e-02 
 1.396552e+01 -3.614723e-02 
 1.396592e+01 -3.602280e-02 
 1.396631e+01 -3.591031e-02 
 1.396671e+01 -3.582112e-02 
 1.396711e+01 -3.576006e-02 
 1.396751e+01 -3.572397e-02 
 1.396791e+01 -3.571081e-02 
 1.396830e+01 -3.571263e-02 
 1.396870e+01 -3.572779e-02 
 1.396910e+01 -3.575232e-02 
 1.396950e+01 -3.578513e-02 
 1.396989e+01 -3.582055e-02 
 1.397029e+01 -3.584983e-02 
 1.397069e+01 -3.585964e-02 
 1.397109e+01 -3.583565e-02 
 1.397148e+01 -3.575924e-02 
 1.397188e+01 -3.561268e-02 
 1.397228e+01 -3.538474e-02 
 1.397268e+01 -3.506708e-02 
 1.397308e+01 -3.466239e-02 
 1.397347e+01 -3.417900e-02 
 1.397387e+01 -3.362972e-02 
 1.397427e+01 -3.303475e-02 
 1.397467e+01 -3.241128e-02 
 1.397506e+01 -3.178104e-02 
 1.397546e+01 -3.116618e-02 
 1.397586e+01 -3.058451e-02 
 1.397626e+01 -3.005958e-02 
 1.397665e+01 -2.960322e-02 
 1.397705e+01 -2.922290e-02 
 1.397745e+01 -2.892211e-02 
 1.397785e+01 -2.869795e-02 
 1.397825e+01 -2.853905e-02 
 1.397864e+01 -2.842633e-02 
 1.397904e+01 -2.833710e-02 
 1.397944e+01 -2.825472e-02 
 1.397984e+01 -2.816622e-02 
 1.398023e+01 -2.806655e-02 
 1.398063e+01 -2.795296e-02 
 1.398103e+01 -2.782905e-02 
 1.398143e+01 -2.769643e-02 
 1.398182e+01 -2.756548e-02 
 1.398222e+01 -2.744077e-02 
 1.398262e+01 -2.732498e-02 
 1.398302e+01 -2.722121e-02 
 1.398342e+01 -2.713336e-02 
 1.398381e+01 -2.706937e-02 
 1.398421e+01 -2.704303e-02 
 1.398461e+01 -2.706855e-02 
 1.398501e+01 -2.715209e-02 
 1.398540e+01 -2.729067e-02 
 1.398580e+01 -2.747000e-02 
 1.398620e+01 -2.766494e-02 
 1.398660e+01 -2.785388e-02 
 1.398700e+01 -2.801228e-02 
 1.398739e+01 -2.812606e-02 
 1.398779e+01 -2.819145e-02 
 1.398819e+01 -2.821104e-02 
 1.398859e+01 -2.819054e-02 
 1.398898e+01 -2.813339e-02 
 1.398938e+01 -2.803195e-02 
 1.398978e+01 -2.787443e-02 
 1.399018e+01 -2.764564e-02 
 1.399057e+01 -2.733681e-02 
 1.399097e+01 -2.694246e-02 
 1.399137e+01 -2.646812e-02 
 1.399177e+01 -2.592264e-02 
 1.399217e+01 -2.532137e-02 
 1.399256e+01 -2.468421e-02 
 1.399296e+01 -2.402839e-02 
 1.399336e+01 -2.337357e-02 
 1.399376e+01 -2.272935e-02 
 1.399415e+01 -2.210446e-02 
 1.399455e+01 -2.151111e-02 
 1.399495e+01 -2.094707e-02 
 1.399535e+01 -2.041018e-02 
 1.399574e+01 -1.989078e-02 
 1.399614e+01 -1.937511e-02 
 1.399654e+01 -1.885428e-02 
 1.399694e+01 -1.831243e-02 
 1.399734e+01 -1.772992e-02 
 1.399773e+01 -1.709230e-02 
 1.399813e+01 -1.638895e-02 
 1.399853e+01 -1.561510e-02 
 1.399893e+01 -1.477379e-02 
 1.399932e+01 -1.387836e-02 
 1.399972e+01 -1.293985e-02 
 1.400012e+01 -1.197304e-02 
 1.400052e+01 -1.098857e-02 
 1.400091e+01 -9.994252e-03 
 1.400131e+01 -8.995064e-03 
 1.400171e+01 -7.994458e-03 
 1.400211e+01 -7.003488e-03 
 1.400251e+01 -6.038906e-03 
 1.400290e+01 -5.117207e-03 
 1.400330e+01 -4.247021e-03 
 1.400370e+01 -3.422710e-03 
 1.400410e+01 -2.633252e-03 
 1.400449e+01 -1.860518e-03 
 1.400489e+01 -1.084768e-03 
 1.400529e+01 -2.963320e-04 
 1.400569e+01  5.170688e-04 
 1.400608e+01  1.357707e-03 
 1.400648e+01  2.220415e-03 
 1.400688e+01  3.094804e-03 
 1.400728e+01  3.967640e-03 
 1.400768e+01  4.820216e-03 
 1.400807e+01  5.640020e-03 
 1.400847e+01  6.413246e-03 
 1.400887e+01  7.136453e-03 
 1.400927e+01  7.805029e-03 
 1.400966e+01  8.418899e-03 
 1.401006e+01  8.975864e-03 
 1.401046e+01  9.468769e-03 
 1.401086e+01  9.890029e-03 
 1.401125e+01  1.022876e-02 
 1.401165e+01  1.048010e-02 
 1.401205e+01  1.064693e-02 
 1.401245e+01  1.073615e-02 
 1.401285e+01  1.075759e-02 
 1.401324e+01  1.071839e-02 
 1.401364e+01  1.062428e-02 
 1.401404e+01  1.048285e-02 
 1.401444e+01  1.030633e-02 
 1.401483e+01  1.010851e-02 
 1.401523e+01  9.910813e-03 
 1.401563e+01  9.725511e-03 
 1.401603e+01  9.569250e-03 
 1.401642e+01  9.441940e-03 
 1.401682e+01  9.338993e-03 
 1.401722e+01  9.250931e-03 
 1.401762e+01  9.162572e-03 
 1.401802e+01  9.066877e-03 
 1.401841e+01  8.957022e-03 
 1.401881e+01  8.830308e-03 
 1.401921e+01  8.688986e-03 
 1.401961e+01  8.535328e-03 
 1.402000e+01  8.369292e-03 
 1.402040e+01  8.187222e-03 
 1.402080e+01  7.991705e-03 
 1.402120e+01  7.775164e-03 
 1.402159e+01  7.534112e-03 
 1.402199e+01  7.261412e-03 
 1.402239e+01  6.965360e-03 
 1.402279e+01  6.653974e-03 
 1.402319e+01  6.345875e-03 
 1.402358e+01  6.060027e-03 
 1.402398e+01  5.813147e-03 
 1.402438e+01  5.609503e-03 
 1.402478e+01  5.445326e-03 
 1.402517e+01  5.307581e-03 
 1.402557e+01  5.175803e-03 
 1.402597e+01  5.028891e-03 
 1.402637e+01  4.848799e-03 
 1.402676e+01  4.624695e-03 
 1.402716e+01  4.349167e-03 
 1.402756e+01  4.011948e-03 
 1.402796e+01  3.603378e-03 
 1.402836e+01  3.121621e-03 
 1.402875e+01  2.566779e-03 
 1.402915e+01  1.945321e-03 
 1.402955e+01  1.270150e-03 
 1.402995e+01  5.619282e-04 
 1.403034e+01 -1.597191e-04 
 1.403074e+01 -8.774479e-04 
 1.403114e+01 -1.580754e-03 
 1.403154e+01 -2.268329e-03 
 1.403193e+01 -2.939736e-03 
 1.403233e+01 -3.599992e-03 
 1.403273e+01 -4.250790e-03 
 1.403313e+01 -4.892605e-03 
 1.403353e+01 -5.527171e-03 
 1.403392e+01 -6.152259e-03 
 1.403432e+01 -6.765842e-03 
 1.403472e+01 -7.364139e-03 
 1.403512e+01 -7.946368e-03 
 1.403551e+01 -8.519652e-03 
 1.403591e+01 -9.096631e-03 
 1.403631e+01 -9.700101e-03 
 1.403671e+01 -1.035042e-02 
 1.403710e+01 -1.105274e-02 
 1.403750e+01 -1.180805e-02 
 1.403790e+01 -1.261010e-02 
 1.403830e+01 -1.344622e-02 
 1.403870e+01 -1.430407e-02 
 1.403909e+01 -1.517271e-02 
 1.403949e+01 -1.604357e-02 
 1.403989e+01 -1.691373e-02 
 1.404029e+01 -1.778287e-02 
 1.404068e+01 -1.864932e-02 
 1.404108e+01 -1.950832e-02 
 1.404148e+01 -2.034418e-02 
 1.404188e+01 -2.114686e-02 
 1.404227e+01 -2.191704e-02 
 1.404267e+01 -2.266336e-02 
 1.404307e+01 -2.338996e-02 
 1.404347e+01 -2.409934e-02 
 1.404387e+01 -2.479869e-02 
 1.404426e+01 -2.549146e-02 
 1.404466e+01 -2.618230e-02 
 1.404506e+01 -2.687922e-02 
 1.404546e+01 -2.758993e-02 
 1.404585e+01 -2.831674e-02 
 1.404625e+01 -2.906148e-02 
 1.404665e+01 -2.982134e-02 
 1.404705e+01 -3.058809e-02 
 1.404744e+01 -3.134296e-02 
 1.404784e+01 -3.206753e-02 
 1.404824e+01 -3.274275e-02 
 1.404864e+01 -3.335003e-02 
 1.404904e+01 -3.387466e-02 
 1.404943e+01 -3.430011e-02 
 1.404983e+01 -3.461214e-02 
 1.405023e+01 -3.480736e-02 
 1.405063e+01 -3.489085e-02 
 1.405102e+01 -3.488161e-02 
 1.405142e+01 -3.479977e-02 
 1.405182e+01 -3.466294e-02 
 1.405222e+01 -3.448099e-02 
 1.405261e+01 -3.426149e-02 
 1.405301e+01 -3.400584e-02 
 1.405341e+01 -3.371995e-02 
 1.405381e+01 -3.341718e-02 
 1.405421e+01 -3.311981e-02 
 1.405460e+01 -3.284650e-02 
 1.405500e+01 -3.260948e-02 
 1.405540e+01 -3.241603e-02 
 1.405580e+01 -3.225613e-02 
 1.405619e+01 -3.211326e-02 
 1.405659e+01 -3.196726e-02 
 1.405699e+01 -3.180482e-02 
 1.405739e+01 -3.162005e-02 
 1.405778e+01 -3.140650e-02 
 1.405818e+01 -3.116380e-02 
 1.405858e+01 -3.089419e-02 
 1.405898e+01 -3.059506e-02 
 1.405938e+01 -3.026708e-02 
 1.405977e+01 -2.991503e-02 
 1.406017e+01 -2.954868e-02 
 1.406057e+01 -2.918248e-02 
 1.406097e+01 -2.883335e-02 
 1.406136e+01 -2.851903e-02 
 1.406176e+01 -2.824866e-02 
 1.406216e+01 -2.802718e-02 
 1.406256e+01 -2.786015e-02 
 1.406295e+01 -2.774568e-02 
 1.406335e+01 -2.768218e-02 
 1.406375e+01 -2.766453e-02 
 1.406415e+01 -2.768971e-02 
 1.406455e+01 -2.775708e-02 
 1.406494e+01 -2.786399e-02 
 1.406534e+01 -2.800793e-02 
 1.406574e+01 -2.818798e-02 
 1.406614e+01 -2.838916e-02 
 1.406653e+01 -2.859465e-02 
 1.406693e+01 -2.878578e-02 
 1.406733e+01 -2.895059e-02 
 1.406773e+01 -2.907536e-02 
 1.406812e+01 -2.915977e-02 
 1.406852e+01 -2.921214e-02 
 1.406892e+01 -2.924460e-02 
 1.406932e+01 -2.927867e-02 
 1.406972e+01 -2.933371e-02 
 1.407011e+01 -2.942576e-02 
 1.407051e+01 -2.955886e-02 
 1.407091e+01 -2.973870e-02 
 1.407131e+01 -2.996956e-02 
 1.407170e+01 -3.025629e-02 
 1.407210e+01 -3.059755e-02 
 1.407250e+01 -3.098980e-02 
 1.407290e+01 -3.143273e-02 
 1.407329e+01 -3.192036e-02 
 1.407369e+01 -3.245376e-02 
 1.407409e+01 -3.302540e-02 
 1.407449e+01 -3.362312e-02 
 1.407489e+01 -3.422233e-02 
 1.407528e+01 -3.479408e-02 
 1.407568e+01 -3.531424e-02 
 1.407608e+01 -3.576644e-02 
 1.407648e+01 -3.613412e-02 
 1.407687e+01 -3.642279e-02 
 1.407727e+01 -3.664339e-02 
 1.407767e+01 -3.680687e-02 
 1.407807e+01 -3.692404e-02 
 1.407846e+01 -3.700032e-02 
 1.407886e+01 -3.704064e-02 
 1.407926e+01 -3.704251e-02 
 1.407966e+01 -3.701389e-02 
 1.408006e+01 -3.696941e-02 
 1.408045e+01 -3.691446e-02 
 1.408085e+01 -3.686304e-02 
 1.408125e+01 -3.680767e-02 
 1.408165e+01 -3.673696e-02 
 1.408204e+01 -3.663933e-02 
 1.408244e+01 -3.650506e-02 
 1.408284e+01 -3.632798e-02 
 1.408324e+01 -3.610622e-02 
 1.408364e+01 -3.584047e-02 
 1.408403e+01 -3.552634e-02 
 1.408443e+01 -3.516535e-02 
 1.408483e+01 -3.475560e-02 
 1.408523e+01 -3.429123e-02 
 1.408562e+01 -3.376915e-02 
 1.408602e+01 -3.319249e-02 
 1.408642e+01 -3.256996e-02 
 1.408682e+01 -3.191363e-02 
 1.408721e+01 -3.124339e-02 
 1.408761e+01 -3.058016e-02 
 1.408801e+01 -2.994310e-02 
 1.408841e+01 -2.934794e-02 
 1.408881e+01 -2.880098e-02 
 1.408920e+01 -2.829911e-02 
 1.408960e+01 -2.783652e-02 
 1.409000e+01 -2.740278e-02 
 1.409040e+01 -2.699290e-02 
 1.409079e+01 -2.660205e-02 
 1.409119e+01 -2.622759e-02 
 1.409159e+01 -2.586193e-02 
 1.409199e+01 -2.550021e-02 
 1.409238e+01 -2.513654e-02 
 1.409278e+01 -2.475647e-02 
 1.409318e+01 -2.434667e-02 
 1.409358e+01 -2.390234e-02 
 1.409398e+01 -2.341366e-02 
 1.409437e+01 -2.287379e-02 
 1.409477e+01 -2.228229e-02 
 1.409517e+01 -2.164097e-02 
 1.409557e+01 -2.095605e-02 
 1.409596e+01 -2.023726e-02 
 1.409636e+01 -1.949393e-02 
 1.409676e+01 -1.873577e-02 
 1.409716e+01 -1.797392e-02 
 1.409755e+01 -1.721817e-02 
 1.409795e+01 -1.647298e-02 
 1.409835e+01 -1.574315e-02 
 1.409875e+01 -1.502589e-02 
 1.409915e+01 -1.431564e-02 
 1.409954e+01 -1.360986e-02 
 1.409994e+01 -1.289775e-02 
 1.410034e+01 -1.216400e-02 
 1.410074e+01 -1.139694e-02 
 1.410113e+01 -1.058834e-02 
 1.410153e+01 -9.736897e-03 
 1.410193e+01 -8.844805e-03 
 1.410233e+01 -7.924624e-03 
 1.410272e+01 -6.983089e-03 
 1.410312e+01 -6.020828e-03 
 1.410352e+01 -5.041856e-03 
 1.410392e+01 -4.041045e-03 
 1.410432e+01 -3.017351e-03 
 1.410471e+01 -1.973567e-03 
 1.410511e+01 -9.235561e-04 
 1.410551e+01  1.079360e-04 
 1.410591e+01  1.098330e-03 
 1.410630e+01  2.023114e-03 
 1.410670e+01  2.873610e-03 
 1.410710e+01  3.646424e-03 
 1.410750e+01  4.356569e-03 
 1.410789e+01  5.025130e-03 
 1.410829e+01  5.675160e-03 
 1.410869e+01  6.323581e-03 
 1.410909e+01  6.980028e-03 
 1.410949e+01  7.644793e-03 
 1.410988e+01  8.313940e-03 
 1.411028e+01  8.980831e-03 
 1.411068e+01  9.643053e-03 
 1.411108e+01  1.029976e-02 
 1.411147e+01  1.095046e-02 
 1.411187e+01  1.158848e-02 
 1.411227e+01  1.220696e-02 
 1.411267e+01  1.279977e-02 
 1.411306e+01  1.335870e-02 
 1.411346e+01  1.386893e-02 
 1.411386e+01  1.432321e-02 
 1.411426e+01  1.471996e-02 
 1.411466e+01  1.504868e-02 
 1.411505e+01  1.530001e-02 
 1.411545e+01  1.546329e-02 
 1.411585e+01  1.552921e-02 
 1.411625e+01  1.548636e-02 
 1.411664e+01  1.533850e-02 
 1.411704e+01  1.509226e-02 
 1.411744e+01  1.475533e-02 
 1.411784e+01  1.434161e-02 
 1.411823e+01  1.386415e-02 
 1.411863e+01  1.333997e-02 
 1.411903e+01  1.278135e-02 
 1.411943e+01  1.219817e-02 
 1.411983e+01  1.159262e-02 
 1.412022e+01  1.096787e-02 
 1.412062e+01  1.031728e-02 
 1.412102e+01  9.634252e-03 
 1.412142e+01  8.913731e-03 
 1.412181e+01  8.149017e-03 
 1.412221e+01  7.341505e-03 
 1.412261e+01  6.497481e-03 
 1.412301e+01  5.621619e-03 
 1.412340e+01  4.715256e-03 
 1.412380e+01  3.776980e-03 
 1.412420e+01  2.802925e-03 
 1.412460e+01  1.788185e-03 
 1.412500e+01  7.315757e-04 
 1.412539e+01 -3.546066e-04 
 1.412579e+01 -1.461187e-03 
 1.412619e+01 -2.568138e-03 
 1.412659e+01 -3.652592e-03 
 1.412698e+01 -4.687855e-03 
 1.412738e+01 -5.653384e-03 
 1.412778e+01 -6.533921e-03 
 1.412818e+01 -7.330163e-03 
 1.412857e+01 -8.047942e-03 
 1.412897e+01 -8.695881e-03 
 1.412937e+01 -9.285762e-03 
 1.412977e+01 -9.825566e-03 
 1.413017e+01 -1.032806e-02 
 1.413056e+01 -1.080428e-02 
 1.413096e+01 -1.126591e-02 
 1.413136e+01 -1.172421e-02 
 1.413176e+01 -1.219055e-02 
 1.413215e+01 -1.267303e-02 
 1.413255e+01 -1.317053e-02 
 1.413295e+01 -1.367728e-02 
 1.413335e+01 -1.418294e-02 
 1.413374e+01 -1.468006e-02 
 1.413414e+01 -1.516582e-02 
 1.413454e+01 -1.563949e-02 
 1.413494e+01 -1.609980e-02 
 1.413534e+01 -1.654582e-02 
 1.413573e+01 -1.697760e-02 
 1.413613e+01 -1.738817e-02 
 1.413653e+01 -1.776523e-02 
 1.413693e+01 -1.810060e-02 
 1.413732e+01 -1.838839e-02 
 1.413772e+01 -1.862671e-02 
 1.413812e+01 -1.882238e-02 
 1.413852e+01 -1.898812e-02 
 1.413891e+01 -1.913891e-02 
 1.413931e+01 -1.928450e-02 
 1.413971e+01 -1.943813e-02 
 1.414011e+01 -1.959996e-02 
 1.414051e+01 -1.977186e-02 
 1.414090e+01 -1.994601e-02 
 1.414130e+01 -2.012121e-02 
 1.414170e+01 -2.030141e-02 
 1.414210e+01 -2.048889e-02 
 1.414249e+01 -2.068749e-02 
 1.414289e+01 -2.089750e-02 
 1.414329e+01 -2.111663e-02 
 1.414369e+01 -2.133279e-02 
 1.414408e+01 -2.153409e-02 
 1.414448e+01 -2.171281e-02 
 1.414488e+01 -2.186122e-02 
 1.414528e+01 -2.197361e-02 
 1.414568e+01 -2.204711e-02 
 1.414607e+01 -2.207816e-02 
 1.414647e+01 -2.206336e-02 
 1.414687e+01 -2.200532e-02 
 1.414727e+01 -2.191106e-02 
 1.414766e+01 -2.179544e-02 
 1.414806e+01 -2.167553e-02 
 1.414846e+01 -2.157314e-02 
 1.414886e+01 -2.150289e-02 
 1.414925e+01 -2.148080e-02 
 1.414965e+01 -2.151206e-02 
 1.415005e+01 -2.160222e-02 
 1.415045e+01 -2.175167e-02 
 1.415085e+01 -2.195872e-02 
 1.415124e+01 -2.221657e-02 
 1.415164e+01 -2.251384e-02 
 1.415204e+01 -2.282973e-02 
 1.415244e+01 -2.314252e-02 
 1.415283e+01 -2.342597e-02 
 1.415323e+01 -2.366264e-02 
 1.415363e+01 -2.383841e-02 
 1.415403e+01 -2.395605e-02 
 1.415442e+01 -2.402562e-02 
 1.415482e+01 -2.405768e-02 
 1.415522e+01 -2.405855e-02 
 1.415562e+01 -2.403440e-02 
 1.415602e+01 -2.398432e-02 
 1.415641e+01 -2.390874e-02 
 1.415681e+01 -2.381667e-02 
 1.415721e+01 -2.372872e-02 
 1.415761e+01 -2.366476e-02 
 1.415800e+01 -2.364596e-02 
 1.415840e+01 -2.368533e-02 
 1.415880e+01 -2.377466e-02 
 1.415920e+01 -2.389937e-02 
 1.415959e+01 -2.404396e-02 
 1.415999e+01 -2.419019e-02 
 1.416039e+01 -2.433117e-02 
 1.416079e+01 -2.446851e-02 
 1.416119e+01 -2.460925e-02 
 1.416158e+01 -2.476072e-02 
 1.416198e+01 -2.492289e-02 
 1.416238e+01 -2.509133e-02 
 1.416278e+01 -2.526041e-02 
 1.416317e+01 -2.542576e-02 
 1.416357e+01 -2.558989e-02 
 1.416397e+01 -2.575868e-02 
 1.416437e+01 -2.593634e-02 
 1.416476e+01 -2.612893e-02 
 1.416516e+01 -2.633774e-02 
 1.416556e+01 -2.656767e-02 
 1.416596e+01 -2.682411e-02 
 1.416636e+01 -2.711336e-02 
 1.416675e+01 -2.744605e-02 
 1.416715e+01 -2.784045e-02 
 1.416755e+01 -2.831402e-02 
 1.416795e+01 -2.887755e-02 
 1.416834e+01 -2.953478e-02 
 1.416874e+01 -3.027462e-02 
 1.416914e+01 -3.107790e-02 
 1.416954e+01 -3.192112e-02 
 1.416993e+01 -3.278638e-02 
 1.417033e+01 -3.365285e-02 
 1.417073e+01 -3.450645e-02 
 1.417113e+01 -3.533671e-02 
 1.417153e+01 -3.612983e-02 
 1.417192e+01 -3.688219e-02 
 1.417232e+01 -3.758467e-02 
 1.417272e+01 -3.822912e-02 
 1.417312e+01 -3.881144e-02 
 1.417351e+01 -3.934105e-02 
 1.417391e+01 -3.982589e-02 
 1.417431e+01 -4.027652e-02 
 1.417471e+01 -4.070285e-02 
 1.417511e+01 -4.111256e-02 
 1.417550e+01 -4.151199e-02 
 1.417590e+01 -4.191890e-02 
 1.417630e+01 -4.234452e-02 
 1.417670e+01 -4.279219e-02 
 1.417709e+01 -4.325856e-02 
 1.417749e+01 -4.373012e-02 
 1.417789e+01 -4.418765e-02 
 1.417829e+01 -4.460438e-02 
 1.417868e+01 -4.495053e-02 
 1.417908e+01 -4.521090e-02 
 1.417948e+01 -4.537977e-02 
 1.417988e+01 -4.546223e-02 
 1.418028e+01 -4.547055e-02 
 1.418067e+01 -4.541003e-02 
 1.418107e+01 -4.528701e-02 
 1.418147e+01 -4.510027e-02 
 1.418187e+01 -4.485263e-02 
 1.418226e+01 -4.455326e-02 
 1.418266e+01 -4.420833e-02 
 1.418306e+01 -4.382570e-02 
 1.418346e+01 -4.341307e-02 
 1.418385e+01 -4.297040e-02 
 1.418425e+01 -4.249542e-02 
 1.418465e+01 -4.197729e-02 
 1.418505e+01 -4.141007e-02 
 1.418545e+01 -4.079043e-02 
 1.418584e+01 -4.012444e-02 
 1.418624e+01 -3.942148e-02 
 1.418664e+01 -3.868859e-02 
 1.418704e+01 -3.793008e-02 
 1.418743e+01 -3.714112e-02 
 1.418783e+01 -3.630915e-02 
 1.418823e+01 -3.541926e-02 
 1.418863e+01 -3.446225e-02 
 1.418902e+01 -3.342676e-02 
 1.418942e+01 -3.231643e-02 
 1.418982e+01 -3.113969e-02 
 1.419022e+01 -2.990944e-02 
 1.419062e+01 -2.864088e-02 
 1.419101e+01 -2.734484e-02 
 1.419141e+01 -2.602862e-02 
 1.419181e+01 -2.469800e-02 
 1.419221e+01 -2.335908e-02 
 1.419260e+01 -2.201867e-02 
 1.419300e+01 -2.068878e-02 
 1.419340e+01 -1.938157e-02 
 1.419380e+01 -1.810685e-02 
 1.419419e+01 -1.687454e-02 
 1.419459e+01 -1.569425e-02 
 1.419499e+01 -1.457417e-02 
 1.419539e+01 -1.351719e-02 
 1.419579e+01 -1.252900e-02 
 1.419618e+01 -1.160137e-02 
 1.419658e+01 -1.071550e-02 
 1.419698e+01 -9.856659e-03 
 1.419738e+01 -8.999669e-03 
 1.419777e+01 -8.127651e-03 
 1.419817e+01 -7.234858e-03 
 1.419857e+01 -6.332900e-03 
 1.419897e+01 -5.443480e-03 
 1.419936e+01 -4.589603e-03 
 1.419976e+01 -3.786993e-03 
 1.420016e+01 -3.042905e-03 
 1.420056e+01 -2.355456e-03 
 1.420096e+01 -1.718516e-03 
 1.420135e+01 -1.134013e-03 
 1.420175e+01 -6.123959e-04 
 1.420215e+01 -1.559973e-04 
 1.420255e+01  2.390482e-04 
 1.420294e+01  5.795181e-04 
 1.420334e+01  8.822488e-04 
 1.420374e+01  1.171134e-03 
 1.420414e+01  1.466561e-03 
 1.420453e+01  1.777532e-03 
 1.420493e+01  2.104753e-03 
 1.420533e+01  2.443021e-03 
 1.420573e+01  2.786634e-03 
 1.420613e+01  3.136213e-03 
 1.420652e+01  3.492819e-03 
 1.420692e+01  3.862467e-03 
 1.420732e+01  4.246947e-03 
 1.420772e+01  4.644259e-03 
 1.420811e+01  5.042572e-03 
 1.420851e+01  5.423542e-03 
 1.420891e+01  5.773321e-03 
 1.420931e+01  6.079117e-03 
 1.420970e+01  6.340814e-03 
 1.421010e+01  6.564530e-03 
 1.421050e+01  6.757194e-03 
 1.421090e+01  6.921978e-03 
 1.421130e+01  7.053273e-03 
 1.421169e+01  7.142009e-03 
 1.421209e+01  7.179411e-03 
 1.421249e+01  7.163510e-03 
 1.421289e+01  7.097283e-03 
 1.421328e+01  6.992280e-03 
 1.421368e+01  6.868710e-03 
 1.421408e+01  6.737834e-03 
 1.421448e+01  6.605000e-03 
 1.421487e+01  6.471970e-03 
 1.421527e+01  6.335707e-03 
 1.421567e+01  6.192564e-03 
 1.421607e+01  6.046702e-03 
 1.421647e+01  5.909131e-03 
 1.421686e+01  5.785552e-03 
 1.421726e+01  5.677517e-03 
 1.421766e+01  5.570724e-03 
 1.421806e+01  5.439524e-03 
 1.421845e+01  5.263108e-03 
 1.421885e+01  5.025627e-03 
 1.421925e+01  4.719368e-03 
 1.421965e+01  4.345324e-03 
 1.422004e+01  3.912986e-03 
 1.422044e+01  3.431433e-03 
 1.422084e+01  2.907767e-03 
 1.422124e+01  2.353671e-03 
 1.422164e+01  1.777204e-03 
 1.422203e+01  1.188871e-03 
 1.422243e+01  6.051894e-04 
 1.422283e+01  4.495180e-05 
 1.422323e+01 -4.816269e-04 
 1.422362e+01 -9.775549e-04 
 1.422402e+01 -1.453112e-03 
 1.422442e+01 -1.922390e-03 
 1.422482e+01 -2.397743e-03 
 1.422521e+01 -2.879971e-03 
 1.422561e+01 -3.369696e-03 
 1.422601e+01 -3.863895e-03 
 1.422641e+01 -4.359437e-03 
 1.422681e+01 -4.866502e-03 
 1.422720e+01 -5.400779e-03 
 1.422760e+01 -5.983131e-03 
 1.422800e+01 -6.629269e-03 
 1.422840e+01 -7.341589e-03 
 1.422879e+01 -8.102819e-03 
 1.422919e+01 -8.881715e-03 
 1.422959e+01 -9.646567e-03 
 1.422999e+01 -1.037466e-02 
 1.423038e+01 -1.105824e-02 
 1.423078e+01 -1.169586e-02 
 1.423118e+01 -1.228745e-02 
 1.423158e+01 -1.283681e-02 
 1.423198e+01 -1.333849e-02 
 1.423237e+01 -1.378658e-02 
 1.423277e+01 -1.417032e-02 
 1.423317e+01 -1.448683e-02 
 1.423357e+01 -1.473643e-02 
 1.423396e+01 -1.492026e-02 
 1.423436e+01 -1.504467e-02 
 1.423476e+01 -1.511434e-02 
 1.423516e+01 -1.512925e-02 
 1.423555e+01 -1.509086e-02 
 1.423595e+01 -1.500250e-02 
 1.423635e+01 -1.487892e-02 
 1.423675e+01 -1.473449e-02 
 1.423715e+01 -1.457862e-02 
 1.423754e+01 -1.442539e-02 
 1.423794e+01 -1.427473e-02 
 1.423834e+01 -1.412879e-02 
 1.423874e+01 -1.397670e-02 
 1.423913e+01 -1.380542e-02 
 1.423953e+01 -1.360526e-02 
 1.423993e+01 -1.336905e-02 
 1.424033e+01 -1.308985e-02 
 1.424072e+01 -1.276863e-02 
 1.424112e+01 -1.240804e-02 
 1.424152e+01 -1.201408e-02 
 1.424192e+01 -1.159238e-02 
 1.424232e+01 -1.115823e-02 
 1.424271e+01 -1.072457e-02 
 1.424311e+01 -1.031131e-02 
 1.424351e+01 -9.932504e-03 
 1.424391e+01 -9.599855e-03 
 1.424430e+01 -9.325315e-03 
 1.424470e+01 -9.118920e-03 
 1.424510e+01 -8.985875e-03 
 1.424550e+01 -8.925788e-03 
 1.424589e+01 -8.937921e-03 
 1.424629e+01 -9.026329e-03 
 1.424669e+01 -9.187867e-03 
 1.424709e+01 -9.420944e-03 
 1.424749e+01 -9.713401e-03 
 1.424788e+01 -1.004753e-02 
 1.424828e+01 -1.040118e-02 
 1.424868e+01 -1.075264e-02 
 1.424908e+01 -1.108803e-02 
 1.424947e+01 -1.139803e-02 
 1.424987e+01 -1.168394e-02 
 1.425027e+01 -1.195676e-02 
 1.425067e+01 -1.223247e-02 
 1.425106e+01 -1.252615e-02 
 1.425146e+01 -1.285159e-02 
 1.425186e+01 -1.322093e-02 
 1.425226e+01 -1.364277e-02 
 1.425266e+01 -1.412381e-02 
 1.425305e+01 -1.467006e-02 
 1.425345e+01 -1.528416e-02 
 1.425385e+01 -1.596098e-02 
 1.425425e+01 -1.669347e-02 
 1.425464e+01 -1.747222e-02 
 1.425504e+01 -1.828984e-02 
 1.425544e+01 -1.913772e-02 
 1.425584e+01 -2.001460e-02 
 1.425623e+01 -2.092600e-02 
 1.425663e+01 -2.187850e-02 
 1.425703e+01 -2.286949e-02 
 1.425743e+01 -2.389233e-02 
 1.425783e+01 -2.493085e-02 
 1.425822e+01 -2.596438e-02 
 1.425862e+01 -2.697021e-02 
 1.425902e+01 -2.793680e-02 
 1.425942e+01 -2.886411e-02 
 1.425981e+01 -2.975502e-02 
 1.426021e+01 -3.062421e-02 
 1.426061e+01 -3.148236e-02 
 1.426101e+01 -3.233829e-02 
 1.426140e+01 -3.319500e-02 
 1.426180e+01 -3.405002e-02 
 1.426220e+01 -3.490308e-02 
 1.426260e+01 -3.575470e-02 
 1.426300e+01 -3.661183e-02 
 1.426339e+01 -3.747740e-02 
 1.426379e+01 -3.835343e-02 
 1.426419e+01 -3.923392e-02 
 1.426459e+01 -4.010510e-02 
 1.426498e+01 -4.094942e-02 
 1.426538e+01 -4.175532e-02 
 1.426578e+01 -4.251310e-02 
 1.426618e+01 -4.320674e-02 
 1.426658e+01 -4.382813e-02 
 1.426697e+01 -4.436638e-02 
 1.426737e+01 -4.481395e-02 
 1.426777e+01 -4.516659e-02 
 1.426817e+01 -4.542761e-02 
 1.426856e+01 -4.560302e-02 
 1.426896e+01 -4.570777e-02 
 1.426936e+01 -4.576765e-02 
 1.426976e+01 -4.580218e-02 
 1.427015e+01 -4.582412e-02 
 1.427055e+01 -4.584053e-02 
 1.427095e+01 -4.586305e-02 
 1.427135e+01 -4.590388e-02 
 1.427175e+01 -4.597612e-02 
 1.427214e+01 -4.607937e-02 
 1.427254e+01 -4.621783e-02 
 1.427294e+01 -4.638238e-02 
 1.427334e+01 -4.655666e-02 
 1.427373e+01 -4.672395e-02 
 1.427413e+01 -4.686763e-02 
 1.427453e+01 -4.697492e-02 
 1.427493e+01 -4.703325e-02 
 1.427532e+01 -4.705018e-02 
 1.427572e+01 -4.703604e-02 
 1.427612e+01 -4.699768e-02 
 1.427652e+01 -4.693497e-02 
 1.427692e+01 -4.684509e-02 
 1.427731e+01 -4.671937e-02 
 1.427771e+01 -4.654751e-02 
 1.427811e+01 -4.632893e-02 
 1.427851e+01 -4.606892e-02 
 1.427890e+01 -4.577923e-02 
 1.427930e+01 -4.547131e-02 
 1.427970e+01 -4.516003e-02 
 1.428010e+01 -4.484759e-02 
 1.428049e+01 -4.452873e-02 
 1.428089e+01 -4.418680e-02 
 1.428129e+01 -4.380771e-02 
 1.428169e+01 -4.338374e-02 
 1.428209e+01 -4.291589e-02 
 1.428248e+01 -4.241192e-02 
 1.428288e+01 -4.187841e-02 
 1.428328e+01 -4.130851e-02 
 1.428368e+01 -4.069329e-02 
 1.428407e+01 -4.002492e-02 
 1.428447e+01 -3.929494e-02 
 1.428487e+01 -3.849754e-02 
 1.428527e+01 -3.763554e-02 
 1.428566e+01 -3.671830e-02 
 1.428606e+01 -3.575336e-02 
 1.428646e+01 -3.474423e-02 
 1.428686e+01 -3.369160e-02 
 1.428726e+01 -3.259463e-02 
 1.428765e+01 -3.146332e-02 
 1.428805e+01 -3.031343e-02 
 1.428845e+01 -2.916955e-02 
 1.428885e+01 -2.805265e-02 
 1.428924e+01 -2.697243e-02 
 1.428964e+01 -2.592737e-02 
 1.429004e+01 -2.490974e-02 
 1.429044e+01 -2.390320e-02 
 1.429083e+01 -2.288989e-02 
 1.429123e+01 -2.186450e-02 
 1.429163e+01 -2.082838e-02 
 1.429203e+01 -1.979046e-02 
 1.429243e+01 -1.875422e-02 
 1.429282e+01 -1.771726e-02 
 1.429322e+01 -1.667127e-02 
 1.429362e+01 -1.560758e-02 
 1.429402e+01 -1.452007e-02 
 1.429441e+01 -1.341209e-02 
 1.429481e+01 -1.229334e-02 
 1.429521e+01 -1.117908e-02 
 1.429561e+01 -1.008332e-02 
 1.429600e+01 -9.017033e-03 
 1.429640e+01 -7.988973e-03 
 1.429680e+01 -7.002603e-03 
 1.429720e+01 -6.062978e-03 
 1.429760e+01 -5.178898e-03 
 1.429799e+01 -4.362628e-03 
 1.429839e+01 -3.621310e-03 
 1.429879e+01 -2.951821e-03 
 1.429919e+01 -2.345248e-03 
 1.429958e+01 -1.779141e-03 
 1.429998e+01 -1.229489e-03 
 1.430038e+01 -6.861487e-04 
 1.430078e+01 -1.491798e-04 
 1.430117e+01  3.705692e-04 
 1.430157e+01  8.606527e-04 
 1.430197e+01  1.314514e-03 
 1.430237e+01  1.722244e-03 
 1.430277e+01  2.080542e-03 
 1.430316e+01  2.387613e-03 
 1.430356e+01  2.642639e-03 
 1.430396e+01  2.836318e-03 
 1.430436e+01  2.959848e-03 
 1.430475e+01  3.003977e-03 
 1.430515e+01  2.960107e-03 
 1.430555e+01  2.829554e-03 
 1.430595e+01  2.628317e-03 
 1.430634e+01  2.364206e-03 
 1.430674e+01  2.052564e-03 
 1.430714e+01  1.695326e-03 
 1.430754e+01  1.289816e-03 
 1.430794e+01  8.308312e-04 
 1.430833e+01  3.208165e-04 
 1.430873e+01 -2.336449e-04 
 1.430913e+01 -8.148641e-04 
 1.430953e+01 -1.391997e-03 
 1.430992e+01 -1.930418e-03 
 1.431032e+01 -2.411164e-03 
 1.431072e+01 -2.824668e-03 
 1.431112e+01 -3.179597e-03 
 1.431151e+01 -3.492896e-03 
 1.431191e+01 -3.783637e-03 
 1.431231e+01 -4.067009e-03 
 1.431271e+01 -4.339703e-03 
 1.431311e+01 -4.596226e-03 
 1.431350e+01 -4.832729e-03 
 1.431390e+01 -5.047846e-03 
 1.431430e+01 -5.246809e-03 
 1.431470e+01 -5.437653e-03 
 1.431509e+01 -5.630645e-03 
 1.431549e+01 -5.827588e-03 
 1.431589e+01 -6.022854e-03 
 1.431629e+01 -6.203451e-03 
 1.431668e+01 -6.368086e-03 
 1.431708e+01 -6.512414e-03 
 1.431748e+01 -6.639371e-03 
 1.431788e+01 -6.750743e-03 
 1.431828e+01 -6.836361e-03 
 1.431867e+01 -6.880868e-03 
 1.431907e+01 -6.867007e-03 
 1.431947e+01 -6.779526e-03 
 1.431987e+01 -6.618073e-03 
 1.432026e+01 -6.397506e-03 
 1.432066e+01 -6.139044e-03 
 1.432106e+01 -5.868230e-03 
 1.432146e+01 -5.603615e-03 
 1.432185e+01 -5.357137e-03 
 1.432225e+01 -5.130656e-03 
 1.432265e+01 -4.926182e-03 
 1.432305e+01 -4.748783e-03 
 1.432345e+01 -4.603159e-03 
 1.432384e+01 -4.499505e-03 
 1.432424e+01 -4.437256e-03 
 1.432464e+01 -4.405502e-03 
 1.432504e+01 -4.393193e-03 
 1.432543e+01 -4.380318e-03 
 1.432583e+01 -4.354470e-03 
 1.432623e+01 -4.309265e-03 
 1.432663e+01 -4.247355e-03 
 1.432702e+01 -4.172212e-03 
 1.432742e+01 -4.083956e-03 
 1.432782e+01 -3.977248e-03 
 1.432822e+01 -3.840436e-03 
 1.432862e+01 -3.661083e-03 
 1.432901e+01 -3.431239e-03 
 1.432941e+01 -3.155372e-03 
 1.432981e+01 -2.853435e-03 
 1.433021e+01 -2.545919e-03 
 1.433060e+01 -2.258032e-03 
 1.433100e+01 -2.009345e-03 
 1.433140e+01 -1.811305e-03 
 1.433180e+01 -1.668870e-03 
 1.433219e+01 -1.577970e-03 
 1.433259e+01 -1.536329e-03 
 1.433299e+01 -1.534835e-03 
 1.433339e+01 -1.571650e-03 
 1.433379e+01 -1.643660e-03 
 1.433418e+01 -1.743573e-03 
 1.433458e+01 -1.863165e-03 
 1.433498e+01 -1.991324e-03 
 1.433538e+01 -2.122628e-03 
 1.433577e+01 -2.258102e-03 
 1.433617e+01 -2.394161e-03 
 1.433657e+01 -2.537695e-03 
 1.433697e+01 -2.692192e-03 
 1.433736e+01 -2.858710e-03 
 1.433776e+01 -3.034076e-03 
 1.433816e+01 -3.206294e-03 
 1.433856e+01 -3.366198e-03 
 1.433896e+01 -3.513581e-03 
 1.433935e+01 -3.651557e-03 
 1.433975e+01 -3.797284e-03 
 1.434015e+01 -3.975237e-03 
 1.434055e+01 -4.202649e-03 
 1.434094e+01 -4.489304e-03 
 1.434134e+01 -4.829427e-03 
 1.434174e+01 -5.215603e-03 
 1.434214e+01 -5.630862e-03 
 1.434253e+01 -6.062165e-03 
 1.434293e+01 -6.498657e-03 
 1.434333e+01 -6.936152e-03 
 1.434373e+01 -7.369011e-03 
 1.434413e+01 -7.787964e-03 
 1.434452e+01 -8.185563e-03 
 1.434492e+01 -8.550215e-03 
 1.434532e+01 -8.873208e-03 
 1.434572e+01 -9.157515e-03 
 1.434611e+01 -9.417381e-03 
 1.434651e+01 -9.675363e-03 
 1.434691e+01 -9.946464e-03 
 1.434731e+01 -1.023597e-02 
 1.434770e+01 -1.054135e-02 
 1.434810e+01 -1.085735e-02 
 1.434850e+01 -1.119000e-02 
 1.434890e+01 -1.155604e-02 
 1.434930e+01 -1.197650e-02 
 1.434969e+01 -1.246833e-02 
 1.435009e+01 -1.304229e-02 
 1.435049e+01 -1.369756e-02 
 1.435089e+01 -1.441385e-02 
 1.435128e+01 -1.516972e-02 
 1.435168e+01 -1.595018e-02 
 1.435208e+01 -1.674802e-02 
 1.435248e+01 -1.756718e-02 
 1.435287e+01 -1.841110e-02 
 1.435327e+01 -1.928102e-02 
 1.435367e+01 -2.016400e-02 
 1.435407e+01 -2.104126e-02 
 1.435447e+01 -2.189922e-02 
 1.435486e+01 -2.274051e-02 
 1.435526e+01 -2.357534e-02 
 1.435566e+01 -2.442134e-02 
 1.435606e+01 -2.529381e-02 
 1.435645e+01 -2.619869e-02 
 1.435685e+01 -2.713060e-02 
 1.435725e+01 -2.807499e-02 
 1.435765e+01 -2.902072e-02 
 1.435805e+01 -2.995945e-02 
 1.435844e+01 -3.089355e-02 
 1.435884e+01 -3.183299e-02 
 1.435924e+01 -3.279660e-02 
 1.435964e+01 -3.378596e-02 
 1.436003e+01 -3.479241e-02 
 1.436043e+01 -3.579573e-02 
 1.436083e+01 -3.677759e-02 
 1.436123e+01 -3.772006e-02 
 1.436162e+01 -3.861345e-02 
 1.436202e+01 -3.945326e-02 
 1.436242e+01 -4.024041e-02 
 1.436282e+01 -4.097702e-02 
 1.436322e+01 -4.166187e-02 
 1.436361e+01 -4.229369e-02 
 1.436401e+01 -4.286520e-02 
 1.436441e+01 -4.337392e-02 
 1.436481e+01 -4.382843e-02 
 1.436520e+01 -4.424304e-02 
 1.436560e+01 -4.463494e-02 
 1.436600e+01 -4.501038e-02 
 1.436640e+01 -4.537470e-02 
 1.436679e+01 -4.572561e-02 
 1.436719e+01 -4.606032e-02 
 1.436759e+01 -4.637733e-02 
 1.436799e+01 -4.667749e-02 
 1.436839e+01 -4.696324e-02 
 1.436878e+01 -4.723802e-02 
 1.436918e+01 -4.749850e-02 
 1.436958e+01 -4.773157e-02 
 1.436998e+01 -4.791758e-02 
 1.437037e+01 -4.803346e-02 
 1.437077e+01 -4.806716e-02 
 1.437117e+01 -4.801723e-02 
 1.437157e+01 -4.788831e-02 
 1.437196e+01 -4.768829e-02 
 1.437236e+01 -4.742480e-02 
 1.437276e+01 -4.709744e-02 
 1.437316e+01 -4.670682e-02 
 1.437356e+01 -4.625812e-02 
 1.437395e+01 -4.575641e-02 
 1.437435e+01 -4.521697e-02 
 1.437475e+01 -4.465414e-02 
 1.437515e+01 -4.408508e-02 
 1.437554e+01 -4.351675e-02 
 1.437594e+01 -4.294344e-02 
 1.437634e+01 -4.235367e-02 
 1.437674e+01 -4.173224e-02 
 1.437713e+01 -4.107249e-02 
 1.437753e+01 -4.037903e-02 
 1.437793e+01 -3.966434e-02 
 1.437833e+01 -3.894052e-02 
 1.437873e+01 -3.821512e-02 
 1.437912e+01 -3.748648e-02 
 1.437952e+01 -3.674473e-02 
 1.437992e+01 -3.598145e-02 
 1.438032e+01 -3.519256e-02 
 1.438071e+01 -3.438650e-02 
 1.438111e+01 -3.357889e-02 
 1.438151e+01 -3.279357e-02 
 1.438191e+01 -3.204742e-02 
 1.438230e+01 -3.134125e-02 
 1.438270e+01 -3.067201e-02 
 1.438310e+01 -3.002880e-02 
 1.438350e+01 -2.940616e-02 
 1.438390e+01 -2.880689e-02 
 1.438429e+01 -2.823367e-02 
 1.438469e+01 -2.769849e-02 
 1.438509e+01 -2.720745e-02 
 1.438549e+01 -2.675492e-02 
 1.438588e+01 -2.633454e-02 
 1.438628e+01 -2.593483e-02 
 1.438668e+01 -2.554753e-02 
 1.438708e+01 -2.516881e-02 
 1.438747e+01 -2.480118e-02 
 1.438787e+01 -2.444579e-02 
 1.438827e+01 -2.409289e-02 
 1.438867e+01 -2.372854e-02 
 1.438907e+01 -2.333587e-02 
 1.438946e+01 -2.290282e-02 
 1.438986e+01 -2.243003e-02 
 1.439026e+01 -2.192392e-02 
 1.439066e+01 -2.139902e-02 
 1.439105e+01 -2.086868e-02 
 1.439145e+01 -2.034274e-02 
 1.439185e+01 -1.982923e-02 
 1.439225e+01 -1.933336e-02 
 1.439264e+01 -1.886363e-02 
 1.439304e+01 -1.842237e-02 
 1.439344e+01 -1.801294e-02 
 1.439384e+01 -1.763013e-02 
 1.439424e+01 -1.726681e-02 
 1.439463e+01 -1.691176e-02 
 1.439503e+01 -1.655033e-02 
 1.439543e+01 -1.617026e-02 
 1.439583e+01 -1.576648e-02 
 1.439622e+01 -1.533676e-02 
 1.439662e+01 -1.488091e-02 
 1.439702e+01 -1.440186e-02 
 1.439742e+01 -1.390547e-02 
 1.439781e+01 -1.339211e-02 
 1.439821e+01 -1.286637e-02 
 1.439861e+01 -1.233758e-02 
 1.439901e+01 -1.181811e-02 
 1.439941e+01 -1.132357e-02 
 1.439980e+01 -1.086559e-02 
 1.440020e+01 -1.045658e-02 
 1.440060e+01 -1.010298e-02 
 1.440100e+01 -9.807902e-03 
 1.440139e+01 -9.568041e-03 
 1.440179e+01 -9.374289e-03 
 1.440219e+01 -9.213879e-03 
 1.440259e+01 -9.076651e-03 
 1.440298e+01 -8.950187e-03 
 1.440338e+01 -8.827938e-03 
 1.440378e+01 -8.698398e-03 
 1.440418e+01 -8.552088e-03 
 1.440458e+01 -8.380157e-03 
 1.440497e+01 -8.179266e-03 
 1.440537e+01 -7.951962e-03 
 1.440577e+01 -7.700095e-03 
 1.440617e+01 -7.428595e-03 
 1.440656e+01 -7.145343e-03 
 1.440696e+01 -6.860860e-03 
 1.440736e+01 -6.580328e-03 
 1.440776e+01 -6.303108e-03 
 1.440815e+01 -6.030041e-03 
 1.440855e+01 -5.762162e-03 
 1.440895e+01 -5.502750e-03 
 1.440935e+01 -5.262498e-03 
 1.440975e+01 -5.052542e-03 
 1.441014e+01 -4.882826e-03 
 1.441054e+01 -4.762636e-03 
 1.441094e+01 -4.698023e-03 
 1.441134e+01 -4.685885e-03 
 1.441173e+01 -4.722752e-03 
 1.441213e+01 -4.794634e-03 
 1.441253e+01 -4.888265e-03 
 1.441293e+01 -4.992834e-03 
 1.441332e+01 -5.091592e-03 
 1.441372e+01 -5.170555e-03 
 1.441412e+01 -5.219253e-03 
 1.441452e+01 -5.229782e-03 
 1.441492e+01 -5.201163e-03 
 1.441531e+01 -5.133715e-03 
 1.441571e+01 -5.035489e-03 
 1.441611e+01 -4.911625e-03 
 1.441651e+01 -4.770196e-03 
 1.441690e+01 -4.618703e-03 
 1.441730e+01 -4.458642e-03 
 1.441770e+01 -4.297125e-03 
 1.441810e+01 -4.137752e-03 
 1.441849e+01 -3.992604e-03 
 1.441889e+01 -3.871984e-03 
 1.441929e+01 -3.783915e-03 
 1.441969e+01 -3.732841e-03 
 1.442009e+01 -3.706286e-03 
 1.442048e+01 -3.689825e-03 
 1.442088e+01 -3.662338e-03 
 1.442128e+01 -3.611604e-03 
 1.442168e+01 -3.525088e-03 
 1.442207e+01 -3.391250e-03 
 1.442247e+01 -3.199645e-03 
 1.442287e+01 -2.937371e-03 
 1.442327e+01 -2.602639e-03 
 1.442366e+01 -2.196059e-03 
 1.442406e+01 -1.727708e-03 
 1.442446e+01 -1.214099e-03 
 1.442486e+01 -6.707291e-04 
 1.442526e+01 -1.210836e-04 
 1.442565e+01  4.107393e-04 
 1.442605e+01  9.107180e-04 
 1.442645e+01  1.376696e-03 
 1.442685e+01  1.801452e-03 
 1.442724e+01  2.181785e-03 
 1.442764e+01  2.517519e-03 
 1.442804e+01  2.814415e-03 
 1.442844e+01  3.070387e-03 
 1.442883e+01  3.285069e-03 
 1.442923e+01  3.457100e-03 
 1.442963e+01  3.583449e-03 
 1.443003e+01  3.661813e-03 
 1.443043e+01  3.693690e-03 
 1.443082e+01  3.687441e-03 
 1.443122e+01  3.651259e-03 
 1.443162e+01  3.590598e-03 
 1.443202e+01  3.514452e-03 
 1.443241e+01  3.435008e-03 
 1.443281e+01  3.355562e-03 
 1.443321e+01  3.273805e-03 
 1.443361e+01  3.188303e-03 
 1.443400e+01  3.094403e-03 
 1.443440e+01  2.989776e-03 
 1.443480e+01  2.867845e-03 
 1.443520e+01  2.722499e-03 
 1.443560e+01  2.544112e-03 
 1.443599e+01  2.327853e-03 
 1.443639e+01  2.066150e-03 
 1.443679e+01  1.758676e-03 
 1.443719e+01  1.399630e-03 
 1.443758e+01  9.884179e-04 
 1.443798e+01  5.239414e-04 
 1.443838e+01  9.269389e-06 
 1.443878e+01 -5.491020e-04 
 1.443917e+01 -1.140596e-03 
 1.443957e+01 -1.756096e-03 
 1.443997e+01 -2.385539e-03 
 1.444037e+01 -3.018944e-03 
 1.444077e+01 -3.644586e-03 
 1.444116e+01 -4.258438e-03 
 1.444156e+01 -4.857773e-03 
 1.444196e+01 -5.444626e-03 
 1.444236e+01 -6.018084e-03 
 1.444275e+01 -6.587455e-03 
 1.444315e+01 -7.164571e-03 
 1.444355e+01 -7.767825e-03 
 1.444395e+01 -8.412878e-03 
 1.444434e+01 -9.113621e-03 
 1.444474e+01 -9.875285e-03 
 1.444514e+01 -1.069364e-02 
 1.444554e+01 -1.155416e-02 
 1.444594e+01 -1.244382e-02 
 1.444633e+01 -1.334613e-02 
 1.444673e+01 -1.425145e-02 
 1.444713e+01 -1.515270e-02 
 1.444753e+01 -1.604882e-02 
 1.444792e+01 -1.694123e-02 
 1.444832e+01 -1.782668e-02 
 1.444872e+01 -1.869605e-02 
 1.444912e+01 -1.954022e-02 
 1.444952e+01 -2.035120e-02 
 1.444991e+01 -2.112588e-02 
 1.445031e+01 -2.186363e-02 
 1.445071e+01 -2.257105e-02 
 1.445111e+01 -2.325658e-02 
 1.445150e+01 -2.392546e-02 
 1.445190e+01 -2.457594e-02 
 1.445230e+01 -2.520943e-02 
 1.445270e+01 -2.582504e-02 
 1.445309e+01 -2.642241e-02 
 1.445349e+01 -2.700337e-02 
 1.445389e+01 -2.757553e-02 
 1.445429e+01 -2.814089e-02 
 1.445469e+01 -2.869659e-02 
 1.445508e+01 -2.924132e-02 
 1.445548e+01 -2.976834e-02 
 1.445588e+01 -3.027818e-02 
 1.445628e+01 -3.076995e-02 
 1.445667e+01 -3.125231e-02 
 1.445707e+01 -3.172750e-02 
 1.445747e+01 -3.219618e-02 
 1.445787e+01 -3.265903e-02 
 1.445826e+01 -3.310772e-02 
 1.445866e+01 -3.353592e-02 
 1.445906e+01 -3.394210e-02 
 1.445946e+01 -3.432794e-02 
 1.445986e+01 -3.470128e-02 
 1.446025e+01 -3.506769e-02 
 1.446065e+01 -3.543235e-02 
 1.446105e+01 -3.579945e-02 
 1.446145e+01 -3.616775e-02 
 1.446184e+01 -3.654104e-02 
 1.446224e+01 -3.692839e-02 
 1.446264e+01 -3.733644e-02 
 1.446304e+01 -3.777773e-02 
 1.446343e+01 -3.824998e-02 
 1.446383e+01 -3.875061e-02 
 1.446423e+01 -3.926052e-02 
 1.446463e+01 -3.975767e-02 
 1.446503e+01 -4.022334e-02 
 1.446542e+01 -4.064653e-02 
 1.446582e+01 -4.102318e-02 
 1.446622e+01 -4.135098e-02 
 1.446662e+01 -4.163041e-02 
 1.446701e+01 -4.186256e-02 
 1.446741e+01 -4.203996e-02 
 1.446781e+01 -4.215609e-02 
 1.446821e+01 -4.221146e-02 
 1.446860e+01 -4.221115e-02 
 1.446900e+01 -4.217332e-02 
 1.446940e+01 -4.211756e-02 
 1.446980e+01 -4.206456e-02 
 1.447020e+01 -4.201906e-02 
 1.447059e+01 -4.198270e-02 
 1.447099e+01 -4.194721e-02 
 1.447139e+01 -4.190373e-02 
 1.447179e+01 -4.184670e-02 
 1.447218e+01 -4.177114e-02 
 1.447258e+01 -4.167578e-02 
 1.447298e+01 -4.156368e-02 
 1.447338e+01 -4.143257e-02 
 1.447377e+01 -4.127041e-02 
 1.447417e+01 -4.106218e-02 
 1.447457e+01 -4.080079e-02 
 1.447497e+01 -4.048755e-02 
 1.447537e+01 -4.013077e-02 
 1.447576e+01 -3.974471e-02 
 1.447616e+01 -3.934450e-02 
 1.447656e+01 -3.893682e-02 
 1.447696e+01 -3.852013e-02 
 1.447735e+01 -3.809271e-02 
 1.447775e+01 -3.764810e-02 
 1.447815e+01 -3.718499e-02 
 1.447855e+01 -3.670628e-02 
 1.447894e+01 -3.621564e-02 
 1.447934e+01 -3.571914e-02 
 1.447974e+01 -3.522078e-02 
 1.448014e+01 -3.471910e-02 
 1.448054e+01 -3.421431e-02 
 1.448093e+01 -3.370407e-02 
 1.448133e+01 -3.319205e-02 
 1.448173e+01 -3.268537e-02 
 1.448213e+01 -3.218793e-02 
 1.448252e+01 -3.170026e-02 
 1.448292e+01 -3.121172e-02 
 1.448332e+01 -3.071035e-02 
 1.448372e+01 -3.018418e-02 
 1.448411e+01 -2.962478e-02 
 1.448451e+01 -2.903099e-02 
 1.448491e+01 -2.840404e-02 
 1.448531e+01 -2.775270e-02 
 1.448571e+01 -2.709050e-02 
 1.448610e+01 -2.642722e-02 
 1.448650e+01 -2.576931e-02 
 1.448690e+01 -2.512241e-02 
 1.448730e+01 -2.449387e-02 
 1.448769e+01 -2.389718e-02 
 1.448809e+01 -2.334537e-02 
 1.448849e+01 -2.284964e-02 
 1.448889e+01 -2.241674e-02 
 1.448928e+01 -2.204683e-02 
 1.448968e+01 -2.173549e-02 
 1.449008e+01 -2.146920e-02 
 1.449048e+01 -2.123418e-02 
 1.449088e+01 -2.101481e-02 
 1.449127e+01 -2.080227e-02 
 1.449167e+01 -2.059352e-02 
 1.449207e+01 -2.038870e-02 
 1.449247e+01 -2.018264e-02 
 1.449286e+01 -1.997193e-02 
 1.449326e+01 -1.975173e-02 
 1.449366e+01 -1.952262e-02 
 1.449406e+01 -1.928785e-02 
 1.449445e+01 -1.905382e-02 
 1.449485e+01 -1.883210e-02 
 1.449525e+01 -1.863424e-02 
 1.449565e+01 -1.846762e-02 
 1.449605e+01 -1.833417e-02 
 1.449644e+01 -1.822886e-02 
 1.449684e+01 -1.813964e-02 
 1.449724e+01 -1.805351e-02 
 1.449764e+01 -1.795653e-02 
 1.449803e+01 -1.784280e-02 
 1.449843e+01 -1.770664e-02 
 1.449883e+01 -1.754607e-02 
 1.449923e+01 -1.735855e-02 
 1.449962e+01 -1.714160e-02 
 1.450002e+01 -1.689229e-02 
 1.450042e+01 -1.660926e-02 
 1.450082e+01 -1.629229e-02 
 1.450122e+01 -1.594233e-02 
 1.450161e+01 -1.556208e-02 
 1.450201e+01 -1.515629e-02 
 1.450241e+01 -1.472901e-02 
 1.450281e+01 -1.428287e-02 
 1.450320e+01 -1.382130e-02 
 1.450360e+01 -1.334827e-02 
 1.450400e+01 -1.286999e-02 
 1.450440e+01 -1.239667e-02 
 1.450479e+01 -1.193647e-02 
 1.450519e+01 -1.149333e-02 
 1.450559e+01 -1.106954e-02 
 1.450599e+01 -1.066828e-02 
 1.450639e+01 -1.029016e-02 
 1.450678e+01 -9.936582e-03 
 1.450718e+01 -9.603266e-03 
 1.450758e+01 -9.289014e-03 
 1.450798e+01 -8.988170e-03 
 1.450837e+01 -8.694819e-03 
 1.450877e+01 -8.401384e-03 
 1.450917e+01 -8.101202e-03 
 1.450957e+01 -7.786043e-03 
 1.450996e+01 -7.450524e-03 
 1.451036e+01 -7.094446e-03 
 1.451076e+01 -6.720214e-03 
 1.451116e+01 -6.324439e-03 
 1.451156e+01 -5.910522e-03 
 1.451195e+01 -5.482084e-03 
 1.451235e+01 -5.046186e-03 
 1.451275e+01 -4.613038e-03 
 1.451315e+01 -4.196059e-03 
 1.451354e+01 -3.808535e-03 
 1.451394e+01 -3.464259e-03 
 1.451434e+01 -3.172220e-03 
 1.451474e+01 -2.934153e-03 
 1.451513e+01 -2.742836e-03 
 1.451553e+01 -2.586467e-03 
 1.451593e+01 -2.449273e-03 
 1.451633e+01 -2.312571e-03 
 1.451673e+01 -2.160806e-03 
 1.451712e+01 -1.989169e-03 
 1.451752e+01 -1.791795e-03 
 1.451792e+01 -1.567609e-03 
 1.451832e+01 -1.317709e-03 
 1.451871e+01 -1.044999e-03 
 1.451911e+01 -7.519040e-04 
 1.451951e+01 -4.399609e-04 
 1.451991e+01 -1.144323e-04 
 1.452030e+01  2.113994e-04 
 1.452070e+01  5.240706e-04 
 1.452110e+01  8.094407e-04 
 1.452150e+01  1.059018e-03 
 1.452190e+01  1.259973e-03 
 1.452229e+01  1.413453e-03 
 1.452269e+01  1.525226e-03 
 1.452309e+01  1.598439e-03 
 1.452349e+01  1.637437e-03 
 1.452388e+01  1.644232e-03 
 1.452428e+01  1.621720e-03 
 1.452468e+01  1.573778e-03 
 1.452508e+01  1.505663e-03 
 1.452547e+01  1.428240e-03 
 1.452587e+01  1.355336e-03 
 1.452627e+01  1.297956e-03 
 1.452667e+01  1.261481e-03 
 1.452707e+01  1.249118e-03 
 1.452746e+01  1.262635e-03 
 1.452786e+01  1.298566e-03 
 1.452826e+01  1.352543e-03 
 1.452866e+01  1.424920e-03 
 1.452905e+01  1.517695e-03 
 1.452945e+01  1.628187e-03 
 1.452985e+01  1.756348e-03 
 1.453025e+01  1.901978e-03 
 1.453064e+01  2.060269e-03 
 1.453104e+01  2.222196e-03 
 1.453144e+01  2.376852e-03 
 1.453184e+01  2.508330e-03 
 1.453224e+01  2.607712e-03 
 1.453263e+01  2.663879e-03 
 1.453303e+01  2.670130e-03 
 1.453343e+01  2.623751e-03 
 1.453383e+01  2.529195e-03 
 1.453422e+01  2.399553e-03 
 1.453462e+01  2.248685e-03 
 1.453502e+01  2.085914e-03 
 1.453542e+01  1.919417e-03 
 1.453581e+01  1.758036e-03 
 1.453621e+01  1.602037e-03 
 1.453661e+01  1.450897e-03 
 1.453701e+01  1.303610e-03 
 1.453741e+01  1.155178e-03 
 1.453780e+01  9.953310e-04 
 1.453820e+01  8.132067e-04 
 1.453860e+01  5.996472e-04 
 1.453900e+01  3.417428e-04 
 1.453939e+01  2.680238e-05 
 1.453979e+01 -3.490107e-04 
 1.454019e+01 -7.865001e-04 
 1.454059e+01 -1.285363e-03 
 1.454099e+01 -1.839950e-03 
 1.454138e+01 -2.446875e-03 
 1.454178e+01 -3.099480e-03 
 1.454218e+01 -3.796124e-03 
 1.454258e+01 -4.535435e-03 
 1.454297e+01 -5.309067e-03 
 1.454337e+01 -6.106978e-03 
 1.454377e+01 -6.918911e-03 
 1.454417e+01 -7.735950e-03 
 1.454456e+01 -8.549501e-03 
 1.454496e+01 -9.354407e-03 
 1.454536e+01 -1.015097e-02 
 1.454576e+01 -1.093956e-02 
 1.454616e+01 -1.172223e-02 
 1.454655e+01 -1.249962e-02 
 1.454695e+01 -1.327445e-02 
 1.454735e+01 -1.404638e-02 
 1.454775e+01 -1.482021e-02 
 1.454814e+01 -1.560195e-02 
 1.454854e+01 -1.640024e-02 
 1.454894e+01 -1.721107e-02 
 1.454934e+01 -1.803409e-02 
 1.454973e+01 -1.886377e-02 
 1.455013e+01 -1.969695e-02 
 1.455053e+01 -2.053562e-02 
 1.455093e+01 -2.137998e-02 
 1.455133e+01 -2.223144e-02 
 1.455172e+01 -2.309050e-02 
 1.455212e+01 -2.395422e-02 
 1.455252e+01 -2.481276e-02 
 1.455292e+01 -2.565957e-02 
 1.455331e+01 -2.648905e-02 
 1.455371e+01 -2.729968e-02 
 1.455411e+01 -2.808959e-02 
 1.455451e+01 -2.885991e-02 
 1.455490e+01 -2.960843e-02 
 1.455530e+01 -3.033216e-02 
 1.455570e+01 -3.102552e-02 
 1.455610e+01 -3.168486e-02 
 1.455650e+01 -3.231329e-02 
 1.455689e+01 -3.291476e-02 
 1.455729e+01 -3.350183e-02 
 1.455769e+01 -3.408478e-02 
 1.455809e+01 -3.466633e-02 
 1.455848e+01 -3.524350e-02 
 1.455888e+01 -3.580833e-02 
 1.455928e+01 -3.635118e-02 
 1.455968e+01 -3.686174e-02 
 1.456007e+01 -3.733510e-02 
 1.456047e+01 -3.777059e-02 
 1.456087e+01 -3.817102e-02 
 1.456127e+01 -3.853635e-02 
 1.456167e+01 -3.886440e-02 
 1.456206e+01 -3.915019e-02 
 1.456246e+01 -3.938588e-02 
 1.456286e+01 -3.957077e-02 
 1.456326e+01 -3.970452e-02 
 1.456365e+01 -3.979148e-02 
 1.456405e+01 -3.984020e-02 
 1.456445e+01 -3.986138e-02 
 1.456485e+01 -3.986874e-02 
 1.456524e+01 -3.987387e-02 
 1.456564e+01 -3.988488e-02 
 1.456604e+01 -3.991160e-02 
 1.456644e+01 -3.995903e-02 
 1.456684e+01 -4.003248e-02 
 1.456723e+01 -4.013072e-02 
 1.456763e+01 -4.024258e-02 
 1.456803e+01 -4.035677e-02 
 1.456843e+01 -4.045948e-02 
 1.456882e+01 -4.053681e-02 
 1.456922e+01 -4.058720e-02 
 1.456962e+01 -4.061011e-02 
 1.457002e+01 -4.060964e-02 
 1.457041e+01 -4.059082e-02 
 1.457081e+01 -4.055432e-02 
 1.457121e+01 -4.049965e-02 
 1.457161e+01 -4.042356e-02 
 1.457201e+01 -4.032370e-02 
 1.457240e+01 -4.020367e-02 
 1.457280e+01 -4.006895e-02 
 1.457320e+01 -3.993143e-02 
 1.457360e+01 -3.979495e-02 
 1.457399e+01 -3.966161e-02 
 1.457439e+01 -3.952512e-02 
 1.457479e+01 -3.937553e-02 
 1.457519e+01 -3.920805e-02 
 1.457558e+01 -3.902336e-02 
 1.457598e+01 -3.882410e-02 
 1.457638e+01 -3.861615e-02 
 1.457678e+01 -3.840734e-02 
 1.457718e+01 -3.819727e-02 
 1.457757e+01 -3.797776e-02 
 1.457797e+01 -3.773154e-02 
 1.457837e+01 -3.744328e-02 
 1.457877e+01 -3.710502e-02 
 1.457916e+01 -3.671728e-02 
 1.457956e+01 -3.628660e-02 
 1.457996e+01 -3.582416e-02 
 1.458036e+01 -3.533378e-02 
 1.458075e+01 -3.481758e-02 
 1.458115e+01 -3.427470e-02 
 1.458155e+01 -3.370645e-02 
 1.458195e+01 -3.311789e-02 
 1.458235e+01 -3.251806e-02 
 1.458274e+01 -3.192339e-02 
 1.458314e+01 -3.135007e-02 
 1.458354e+01 -3.081207e-02 
 1.458394e+01 -3.030863e-02 
 1.458433e+01 -2.983731e-02 
 1.458473e+01 -2.939387e-02 
 1.458513e+01 -2.897014e-02 
 1.458553e+01 -2.856497e-02 
 1.458592e+01 -2.817860e-02 
 1.458632e+01 -2.780543e-02 
 1.458672e+01 -2.744180e-02 
 1.458712e+01 -2.707637e-02 
 1.458752e+01 -2.669653e-02 
 1.458791e+01 -2.629414e-02 
 1.458831e+01 -2.586634e-02 
 1.458871e+01 -2.541566e-02 
 1.458911e+01 -2.494185e-02 
 1.458950e+01 -2.445396e-02 
 1.458990e+01 -2.395880e-02 
 1.459030e+01 -2.346317e-02 
 1.459070e+01 -2.297336e-02 
 1.459109e+01 -2.249327e-02 
 1.459149e+01 -2.203255e-02 
 1.459189e+01 -2.160182e-02 
 1.459229e+01 -2.120834e-02 
 1.459269e+01 -2.085501e-02 
 1.459308e+01 -2.054336e-02 
 1.459348e+01 -2.026577e-02 
 1.459388e+01 -2.001435e-02 
 1.459428e+01 -1.977904e-02 
 1.459467e+01 -1.954960e-02 
 1.459507e+01 -1.931929e-02 
 1.459547e+01 -1.908187e-02 
 1.459587e+01 -1.883980e-02 
 1.459626e+01 -1.859675e-02 
 1.459666e+01 -1.834999e-02 
 1.459706e+01 -1.810198e-02 
 1.459746e+01 -1.785842e-02 
 1.459786e+01 -1.762842e-02 
 1.459825e+01 -1.741935e-02 
 1.459865e+01 -1.723463e-02 
 1.459905e+01 -1.707971e-02 
 1.459945e+01 -1.695322e-02 
 1.459984e+01 -1.685129e-02 
 1.460024e+01 -1.676427e-02 
 1.460064e+01 -1.668727e-02 
 1.460104e+01 -1.662251e-02 
 1.460143e+01 -1.656927e-02 
 1.460183e+01 -1.653331e-02 
 1.460223e+01 -1.652352e-02 
 1.460263e+01 -1.653473e-02 
 1.460303e+01 -1.655732e-02 
 1.460342e+01 -1.657857e-02 
 1.460382e+01 -1.658186e-02 
 1.460422e+01 -1.655157e-02 
 1.460462e+01 -1.648025e-02 
 1.460501e+01 -1.636680e-02 
 1.460541e+01 -1.621180e-02 
 1.460581e+01 -1.601568e-02 
 1.460621e+01 -1.577695e-02 
 1.460660e+01 -1.549053e-02 
 1.460700e+01 -1.516008e-02 
 1.460740e+01 -1.478013e-02 
 1.460780e+01 -1.435370e-02 
 1.460820e+01 -1.388588e-02 
 1.460859e+01 -1.338508e-02 
 1.460899e+01 -1.286365e-02 
 1.460939e+01 -1.233345e-02 
 1.460979e+01 -1.180178e-02 
 1.461018e+01 -1.127154e-02 
 1.461058e+01 -1.074498e-02 
 1.461098e+01 -1.022379e-02 
 1.461138e+01 -9.704215e-03 
 1.461177e+01 -9.184289e-03 
 1.461217e+01 -8.667209e-03 
 1.461257e+01 -8.150299e-03 
 1.461297e+01 -7.628734e-03 
 1.461337e+01 -7.095833e-03 
 1.461376e+01 -6.540442e-03 
 1.461416e+01 -5.953213e-03 
 1.461456e+01 -5.326943e-03 
 1.461496e+01 -4.665863e-03 
 1.461535e+01 -3.980835e-03 
 1.461575e+01 -3.287198e-03 
 1.461615e+01 -2.604354e-03 
 1.461655e+01 -1.946997e-03 
 1.461694e+01 -1.325274e-03 
 1.461734e+01 -7.442523e-04 
 1.461774e+01 -2.075715e-04 
 1.461814e+01  2.844140e-04 
 1.461854e+01  7.277158e-04 
 1.461893e+01  1.132453e-03 
 1.461933e+01  1.500675e-03 
 1.461973e+01  1.841171e-03 
 1.462013e+01  2.165860e-03 
 1.462052e+01  2.488197e-03 
 1.462092e+01  2.812787e-03 
 1.462132e+01  3.137917e-03 
 1.462172e+01  3.458131e-03 
 1.462211e+01  3.769030e-03 
 1.462251e+01  4.067850e-03 
 1.462291e+01  4.357781e-03 
 1.462331e+01  4.642657e-03 
 1.462371e+01  4.932214e-03 
 1.462410e+01  5.231081e-03 
 1.462450e+01  5.535940e-03 
 1.462490e+01  5.837650e-03 
 1.462530e+01  6.122302e-03 
 1.462569e+01  6.372538e-03 
 1.462609e+01  6.584381e-03 
 1.462649e+01  6.756678e-03 
 1.462689e+01  6.893061e-03 
 1.462728e+01  6.990130e-03 
 1.462768e+01  7.045597e-03 
 1.462808e+01  7.053147e-03 
 1.462848e+01  7.006371e-03 
 1.462888e+01  6.906989e-03 
 1.462927e+01  6.758635e-03 
 1.462967e+01  6.571344e-03 
 1.463007e+01  6.354493e-03 
 1.463047e+01  6.114426e-03 
 1.463086e+01  5.851431e-03 
 1.463126e+01  5.561679e-03 
 1.463166e+01  5.242041e-03 
 1.463206e+01  4.894436e-03 
 1.463246e+01  4.528473e-03 
 1.463285e+01  4.160437e-03 
 1.463325e+01  3.803619e-03 
 1.463365e+01  3.462490e-03 
 1.463405e+01  3.130014e-03 
 1.463444e+01  2.790104e-03 
 1.463484e+01  2.430042e-03 
 1.463524e+01  2.033707e-03 
 1.463564e+01  1.592029e-03 
 1.463603e+01  1.101264e-03 
 1.463643e+01  5.686139e-04 
 1.463683e+01  1.500776e-06 
 1.463723e+01 -5.957130e-04 
 1.463763e+01 -1.216089e-03 
 1.463802e+01 -1.857515e-03 
 1.463842e+01 -2.512592e-03 
 1.463882e+01 -3.169227e-03 
 1.463922e+01 -3.814509e-03 
 1.463961e+01 -4.437483e-03 
 1.464001e+01 -5.034545e-03 
 1.464041e+01 -5.607693e-03 
 1.464081e+01 -6.165524e-03 
 1.464120e+01 -6.719512e-03 
 1.464160e+01 -7.285878e-03 
 1.464200e+01 -7.871411e-03 
 1.464240e+01 -8.478898e-03 
 1.464280e+01 -9.102870e-03 
 1.464319e+01 -9.744548e-03 
 1.464359e+01 -1.040613e-02 
 1.464399e+01 -1.109446e-02 
 1.464439e+01 -1.182103e-02 
 1.464478e+01 -1.259195e-02 
 1.464518e+01 -1.340799e-02 
 1.464558e+01 -1.426107e-02 
 1.464598e+01 -1.514411e-02 
 1.464637e+01 -1.604595e-02 
 1.464677e+01 -1.695939e-02 
 1.464717e+01 -1.788395e-02 
 1.464757e+01 -1.881696e-02 
 1.464797e+01 -1.975578e-02 
 1.464836e+01 -2.069355e-02 
 1.464876e+01 -2.162165e-02 
 1.464916e+01 -2.253661e-02 
 1.464956e+01 -2.343797e-02 
 1.464995e+01 -2.433256e-02 
 1.465035e+01 -2.523212e-02 
 1.465075e+01 -2.614293e-02 
 1.465115e+01 -2.706437e-02 
 1.465154e+01 -2.798327e-02 
 1.465194e+01 -2.888147e-02 
 1.465234e+01 -2.974554e-02 
 1.465274e+01 -3.056618e-02 
 1.465314e+01 -3.134864e-02 
 1.465353e+01 -3.210387e-02 
 1.465393e+01 -3.284164e-02 
 1.465433e+01 -3.357130e-02 
 1.465473e+01 -3.429082e-02 
 1.465512e+01 -3.498880e-02 
 1.465552e+01 -3.565285e-02 
 1.465592e+01 -3.627287e-02 
 1.465632e+01 -3.684528e-02 
 1.465671e+01 -3.737313e-02 
 1.465711e+01 -3.786095e-02 
 1.465751e+01 -3.830352e-02 
 1.465791e+01 -3.869384e-02 
 1.465831e+01 -3.902223e-02 
 1.465870e+01 -3.928252e-02 
 1.465910e+01 -3.947287e-02 
 1.465950e+01 -3.960364e-02 
 1.465990e+01 -3.969226e-02 
 1.466029e+01 -3.975780e-02 
 1.466069e+01 -3.981829e-02 
 1.466109e+01 -3.988589e-02 
 1.466149e+01 -3.996325e-02 
 1.466188e+01 -4.004422e-02 
 1.466228e+01 -4.012243e-02 
 1.466268e+01 -4.019289e-02 
 1.466308e+01 -4.025175e-02 
 1.466348e+01 -4.029544e-02 
 1.466387e+01 -4.031839e-02 
 1.466427e+01 -4.030937e-02 
 1.466467e+01 -4.025589e-02 
 1.466507e+01 -4.014708e-02 
 1.466546e+01 -3.998038e-02 
 1.466586e+01 -3.975359e-02 
 1.466626e+01 -3.947012e-02 
 1.466666e+01 -3.914016e-02 
 1.466705e+01 -3.877864e-02 
 1.466745e+01 -3.839325e-02 
 1.466785e+01 -3.799117e-02 
 1.466825e+01 -3.757462e-02 
 1.466865e+01 -3.714505e-02 
 1.466904e+01 -3.670959e-02 
 1.466944e+01 -3.627816e-02 
 1.466984e+01 -3.586289e-02 
 1.467024e+01 -3.547026e-02 
 1.467063e+01 -3.510815e-02 
 1.467103e+01 -3.477145e-02 
 1.467143e+01 -3.444973e-02 
 1.467183e+01 -3.413245e-02 
 1.467222e+01 -3.381360e-02 
 1.467262e+01 -3.349295e-02 
 1.467302e+01 -3.317585e-02 
 1.467342e+01 -3.286910e-02 
 1.467382e+01 -3.257596e-02 
 1.467421e+01 -3.229296e-02 
 1.467461e+01 -3.201671e-02 
 1.467501e+01 -3.174009e-02 
 1.467541e+01 -3.145802e-02 
 1.467580e+01 -3.117463e-02 
 1.467620e+01 -3.089767e-02 
 1.467660e+01 -3.064050e-02 
 1.467700e+01 -3.040826e-02 
 1.467739e+01 -3.019941e-02 
 1.467779e+01 -3.001144e-02 
 1.467819e+01 -2.984025e-02 
 1.467859e+01 -2.968937e-02 
 1.467899e+01 -2.956770e-02 
 1.467938e+01 -2.949073e-02 
 1.467978e+01 -2.947016e-02 
 1.468018e+01 -2.950797e-02 
 1.468058e+01 -2.959730e-02 
 1.468097e+01 -2.972013e-02 
 1.468137e+01 -2.985870e-02 
 1.468177e+01 -3.000422e-02 
 1.468217e+01 -3.015353e-02 
 1.468256e+01 -3.030306e-02 
 1.468296e+01 -3.044835e-02 
 1.468336e+01 -3.057945e-02 
 1.468376e+01 -3.068130e-02 
 1.468416e+01 -3.073565e-02 
 1.468455e+01 -3.073067e-02 
 1.468495e+01 -3.066766e-02 
 1.468535e+01 -3.055895e-02 
 1.468575e+01 -3.042722e-02 
 1.468614e+01 -3.029204e-02 
 1.468654e+01 -3.017032e-02 
 1.468694e+01 -3.006574e-02 
 1.468734e+01 -2.997500e-02 
 1.468773e+01 -2.989303e-02 
 1.468813e+01 -2.981555e-02 
 1.468853e+01 -2.974452e-02 
 1.468893e+01 -2.968120e-02 
 1.468933e+01 -2.963208e-02 
 1.468972e+01 -2.959398e-02 
 1.469012e+01 -2.955564e-02 
 1.469052e+01 -2.950142e-02 
 1.469092e+01 -2.941905e-02 
 1.469131e+01 -2.929789e-02 
 1.469171e+01 -2.913901e-02 
 1.469211e+01 -2.895151e-02 
 1.469251e+01 -2.874466e-02 
 1.469290e+01 -2.852749e-02 
 1.469330e+01 -2.830007e-02 
 1.469370e+01 -2.806204e-02 
 1.469410e+01 -2.781069e-02 
 1.469450e+01 -2.754797e-02 
 1.469489e+01 -2.728083e-02 
 1.469529e+01 -2.701907e-02 
 1.469569e+01 -2.677038e-02 
 1.469609e+01 -2.653462e-02 
 1.469648e+01 -2.630451e-02 
 1.469688e+01 -2.607523e-02 
 1.469728e+01 -2.583428e-02 
 1.469768e+01 -2.557568e-02 
 1.469807e+01 -2.530172e-02 
 1.469847e+01 -2.501724e-02 
 1.469887e+01 -2.472859e-02 
 1.469927e+01 -2.443445e-02 
 1.469967e+01 -2.412723e-02 
 1.470006e+01 -2.379610e-02 
 1.470046e+01 -2.343364e-02 
 1.470086e+01 -2.303701e-02 
 1.470126e+01 -2.260937e-02 
 1.470165e+01 -2.215813e-02 
 1.470205e+01 -2.168870e-02 
 1.470245e+01 -2.119754e-02 
 1.470285e+01 -2.067386e-02 
 1.470324e+01 -2.010713e-02 
 1.470364e+01 -1.949144e-02 
 1.470404e+01 -1.883244e-02 
 1.470444e+01 -1.815025e-02 
 1.470484e+01 -1.747103e-02 
 1.470523e+01 -1.681811e-02 
 1.470563e+01 -1.619829e-02 
 1.470603e+01 -1.561155e-02 
 1.470643e+01 -1.504223e-02 
 1.470682e+01 -1.447715e-02 
 1.470722e+01 -1.390562e-02 
 1.470762e+01 -1.332171e-02 
 1.470802e+01 -1.272799e-02 
 1.470841e+01 -1.212339e-02 
 1.470881e+01 -1.150509e-02 
 1.470921e+01 -1.086545e-02 
 1.470961e+01 -1.019183e-02 
 1.471001e+01 -9.477595e-03 
 1.471040e+01 -8.725526e-03 
 1.471080e+01 -7.947761e-03 
 1.471120e+01 -7.161244e-03 
 1.471160e+01 -6.377085e-03 
 1.471199e+01 -5.599131e-03 
 1.471239e+01 -4.822872e-03 
 1.471279e+01 -4.046971e-03 
 1.471319e+01 -3.275543e-03 
 1.471358e+01 -2.516381e-03 
 1.471398e+01 -1.778762e-03 
 1.471438e+01 -1.071504e-03 
 1.471478e+01 -3.951177e-04 
 1.471518e+01  2.594402e-04 
 1.471557e+01  9.110516e-04 
 1.471597e+01  1.578538e-03 
 1.471637e+01  2.268984e-03 
 1.471677e+01  2.982550e-03 
 1.471716e+01  3.708209e-03 
 1.471756e+01  4.433527e-03 
 1.471796e+01  5.152271e-03 
 1.471836e+01  5.866208e-03 
 1.471875e+01  6.578838e-03 
 1.471915e+01  7.285956e-03 
 1.471955e+01  7.979793e-03 
 1.471995e+01  8.643559e-03 
 1.472035e+01  9.261317e-03 
 1.472074e+01  9.820611e-03 
 1.472114e+01  1.032196e-02 
 1.472154e+01  1.077304e-02 
 1.472194e+01  1.118107e-02 
 1.472233e+01  1.155374e-02 
 1.472273e+01  1.188746e-02 
 1.472313e+01  1.216930e-02 
 1.472353e+01  1.238363e-02 
 1.472393e+01  1.251925e-02 
 1.472432e+01  1.257665e-02 
 1.472472e+01  1.256042e-02 
 1.472512e+01  1.248646e-02 
 1.472552e+01  1.236200e-02 
 1.472591e+01  1.218946e-02 
 1.472631e+01  1.197316e-02 
 1.472671e+01  1.171480e-02 
 1.472711e+01  1.141716e-02 
 1.472750e+01  1.108792e-02 
 1.472790e+01  1.073986e-02 
 1.472830e+01  1.038565e-02 
 1.472870e+01  1.002964e-02 
 1.472910e+01  9.666172e-03 
 1.472949e+01  9.283292e-03 
 1.472989e+01  8.863678e-03 
 1.473029e+01  8.396735e-03 
 1.473069e+01  7.880628e-03 
 1.473108e+01  7.319547e-03 
 1.473148e+01  6.720021e-03 
 1.473188e+01  6.088690e-03 
 1.473228e+01  5.433047e-03 
 1.473267e+01  4.748210e-03 
 1.473307e+01  4.026933e-03 
 1.473347e+01  3.265395e-03 
 1.473387e+01  2.469734e-03 
 1.473427e+01  1.654898e-03 
 1.473466e+01  8.390791e-04 
 1.473506e+01  4.052578e-05 
 1.473546e+01 -7.339103e-04 
 1.473586e+01 -1.486024e-03 
 1.473625e+01 -2.220505e-03 
 1.473665e+01 -2.945901e-03 
 1.473705e+01 -3.666165e-03 
 1.473745e+01 -4.384300e-03 
 1.473784e+01 -5.104483e-03 
 1.473824e+01 -5.826700e-03 
 1.473864e+01 -6.562763e-03 
 1.473904e+01 -7.319910e-03 
 1.473944e+01 -8.110994e-03 
 1.473983e+01 -8.940719e-03 
 1.474023e+01 -9.801372e-03 
 1.474063e+01 -1.068019e-02 
 1.474103e+01 -1.155973e-02 
 1.474142e+01 -1.242682e-02 
 1.474182e+01 -1.327524e-02 
 1.474222e+01 -1.410635e-02 
 1.474262e+01 -1.492337e-02 
 1.474301e+01 -1.572823e-02 
 1.474341e+01 -1.651544e-02 
 1.474381e+01 -1.727907e-02 
 1.474421e+01 -1.801427e-02 
 1.474461e+01 -1.871961e-02 
 1.474500e+01 -1.939778e-02 
 1.474540e+01 -2.005138e-02 
 1.474580e+01 -2.068898e-02 
 1.474620e+01 -2.131026e-02 
 1.474659e+01 -2.191117e-02 
 1.474699e+01 -2.248243e-02 
 1.474739e+01 -2.301194e-02 
 1.474779e+01 -2.350227e-02 
 1.474818e+01 -2.396170e-02 
 1.474858e+01 -2.440011e-02 
 1.474898e+01 -2.482291e-02 
 1.474938e+01 -2.523604e-02 
 1.474978e+01 -2.563416e-02 
 1.475017e+01 -2.600950e-02 
 1.475057e+01 -2.635683e-02 
 1.475097e+01 -2.667368e-02 
 1.475137e+01 -2.696009e-02 
 1.475176e+01 -2.722103e-02 
 1.475216e+01 -2.746103e-02 
 1.475256e+01 -2.768387e-02 
 1.475296e+01 -2.788691e-02 
 1.475335e+01 -2.806530e-02 
 1.475375e+01 -2.821629e-02 
 1.475415e+01 -2.833834e-02 
 1.475455e+01 -2.843067e-02 
 1.475495e+01 -2.849839e-02 
 1.475534e+01 -2.855105e-02 
 1.475574e+01 -2.859859e-02 
 1.475614e+01 -2.864811e-02 
 1.475654e+01 -2.870959e-02 
 1.475693e+01 -2.879156e-02 
 1.475733e+01 -2.889694e-02 
 1.475773e+01 -2.902425e-02 
 1.475813e+01 -2.917181e-02 
 1.475852e+01 -2.933222e-02 
 1.475892e+01 -2.949744e-02 
 1.475932e+01 -2.965785e-02 
 1.475972e+01 -2.980363e-02 
 1.476012e+01 -2.992121e-02 
 1.476051e+01 -3.000165e-02 
 1.476091e+01 -3.003689e-02 
 1.476131e+01 -3.002444e-02 
 1.476171e+01 -2.996619e-02 
 1.476210e+01 -2.987513e-02 
 1.476250e+01 -2.976097e-02 
 1.476290e+01 -2.963939e-02 
 1.476330e+01 -2.952158e-02 
 1.476369e+01 -2.940895e-02 
 1.476409e+01 -2.930475e-02 
 1.476449e+01 -2.921517e-02 
 1.476489e+01 -2.914287e-02 
 1.476529e+01 -2.909388e-02 
 1.476568e+01 -2.907420e-02 
 1.476608e+01 -2.907977e-02 
 1.476648e+01 -2.910078e-02 
 1.476688e+01 -2.913346e-02 
 1.476727e+01 -2.917262e-02 
 1.476767e+01 -2.921552e-02 
 1.476807e+01 -2.926724e-02 
 1.476847e+01 -2.933014e-02 
 1.476886e+01 -2.940119e-02 
 1.476926e+01 -2.947959e-02 
 1.476966e+01 -2.955567e-02 
 1.477006e+01 -2.961867e-02 
 1.477046e+01 -2.966157e-02 
 1.477085e+01 -2.968827e-02 
 1.477125e+01 -2.971111e-02 
 1.477165e+01 -2.974669e-02 
 1.477205e+01 -2.980490e-02 
 1.477244e+01 -2.988560e-02 
 1.477284e+01 -2.998692e-02 
 1.477324e+01 -3.010749e-02 
 1.477364e+01 -3.024447e-02 
 1.477403e+01 -3.040192e-02 
 1.477443e+01 -3.058488e-02 
 1.477483e+01 -3.079686e-02 
 1.477523e+01 -3.104086e-02 
 1.477563e+01 -3.131152e-02 
 1.477602e+01 -3.160252e-02 
 1.477642e+01 -3.190228e-02 
 1.477682e+01 -3.220443e-02 
 1.477722e+01 -3.250767e-02 
 1.477761e+01 -3.281139e-02 
 1.477801e+01 -3.311148e-02 
 1.477841e+01 -3.340290e-02 
 1.477881e+01 -3.367473e-02 
 1.477920e+01 -3.391823e-02 
 1.477960e+01 -3.412308e-02 
 1.478000e+01 -3.428457e-02 
 1.478040e+01 -3.440486e-02 
 1.478080e+01 -3.449308e-02 
 1.478119e+01 -3.456080e-02 
 1.478159e+01 -3.462190e-02 
 1.478199e+01 -3.468743e-02 
 1.478239e+01 -3.476367e-02 
 1.478278e+01 -3.485574e-02 
 1.478318e+01 -3.496864e-02 
 1.478358e+01 -3.510370e-02 
 1.478398e+01 -3.526337e-02 
 1.478437e+01 -3.544842e-02 
 1.478477e+01 -3.565224e-02 
 1.478517e+01 -3.586384e-02 
 1.478557e+01 -3.607591e-02 
 1.478597e+01 -3.627345e-02 
 1.478636e+01 -3.644422e-02 
 1.478676e+01 -3.658411e-02 
 1.478716e+01 -3.669172e-02 
 1.478756e+01 -3.676870e-02 
 1.478795e+01 -3.681776e-02 
 1.478835e+01 -3.683584e-02 
 1.478875e+01 -3.681761e-02 
 1.478915e+01 -3.675963e-02 
 1.478954e+01 -3.666008e-02 
 1.478994e+01 -3.652282e-02 
 1.479034e+01 -3.636050e-02 
 1.479074e+01 -3.617916e-02 
 1.479114e+01 -3.598224e-02 
 1.479153e+01 -3.576968e-02 
 1.479193e+01 -3.553931e-02 
 1.479233e+01 -3.528128e-02 
 1.479273e+01 -3.499048e-02 
 1.479312e+01 -3.466430e-02 
 1.479352e+01 -3.430627e-02 
 1.479392e+01 -3.391945e-02 
 1.479432e+01 -3.350697e-02 
 1.479471e+01 -3.306279e-02 
 1.479511e+01 -3.257907e-02 
 1.479551e+01 -3.205398e-02 
 1.479591e+01 -3.148638e-02 
 1.479631e+01 -3.088325e-02 
 1.479670e+01 -3.025520e-02 
 1.479710e+01 -2.960823e-02 
 1.479750e+01 -2.894093e-02 
 1.479790e+01 -2.824676e-02 
 1.479829e+01 -2.751164e-02 
 1.479869e+01 -2.672980e-02 
 1.479909e+01 -2.590175e-02 
 1.479949e+01 -2.504106e-02 
 1.479988e+01 -2.416517e-02 
 1.480028e+01 -2.329643e-02 
 1.480068e+01 -2.244332e-02 
 1.480108e+01 -2.160827e-02 
 1.480148e+01 -2.078095e-02 
 1.480187e+01 -1.995520e-02 
 1.480227e+01 -1.912509e-02 
 1.480267e+01 -1.829490e-02 
 1.480307e+01 -1.747379e-02 
 1.480346e+01 -1.666295e-02 
 1.480386e+01 -1.585805e-02 
 1.480426e+01 -1.504891e-02 
 1.480466e+01 -1.422310e-02 
 1.480505e+01 -1.337203e-02 
 1.480545e+01 -1.249621e-02 
 1.480585e+01 -1.159766e-02 
 1.480625e+01 -1.068567e-02 
 1.480665e+01 -9.775055e-03 
 1.480704e+01 -8.868250e-03 
 1.480744e+01 -7.965844e-03 
 1.480784e+01 -7.071103e-03 
 1.480824e+01 -6.187599e-03 
 1.480863e+01 -5.321779e-03 
 1.480903e+01 -4.486940e-03 
 1.480943e+01 -3.688281e-03 
 1.480983e+01 -2.928374e-03 
 1.481022e+01 -2.203315e-03 
 1.481062e+01 -1.511724e-03 
 1.481102e+01 -8.432770e-04 
 1.481142e+01 -1.892829e-04 
 1.481182e+01  4.579445e-04 
 1.481221e+01  1.102145e-03 
 1.481261e+01  1.743264e-03 
 1.481301e+01  2.385361e-03 
 1.481341e+01  3.023573e-03 
 1.481380e+01  3.652560e-03 
 1.481420e+01  4.266677e-03 
 1.481460e+01  4.856394e-03 
 1.481500e+01  5.408438e-03 
 1.481539e+01  5.915320e-03 
 1.481579e+01  6.379023e-03 
 1.481619e+01  6.799568e-03 
 1.481659e+01  7.174950e-03 
 1.481699e+01  7.504068e-03 
 1.481738e+01  7.785771e-03 
 1.481778e+01  8.017231e-03 
 1.481818e+01  8.199061e-03 
 1.481858e+01  8.331455e-03 
 1.481897e+01  8.414021e-03 
 1.481937e+01  8.447563e-03 
 1.481977e+01  8.441354e-03 
 1.482017e+01  8.404191e-03 
 1.482057e+01  8.340786e-03 
 1.482096e+01  8.256426e-03 
 1.482136e+01  8.153746e-03 
 1.482176e+01  8.037597e-03 
 1.482216e+01  7.916826e-03 
 1.482255e+01  7.795602e-03 
 1.482295e+01  7.669105e-03 
 1.482335e+01  7.531622e-03 
 1.482375e+01  7.377504e-03 
 1.482414e+01  7.208093e-03 
 1.482454e+01  7.023818e-03 
 1.482494e+01  6.828440e-03 
 1.482534e+01  6.621503e-03 
 1.482574e+01  6.403338e-03 
 1.482613e+01  6.170277e-03 
 1.482653e+01  5.913241e-03 
 1.482693e+01  5.619983e-03 
 1.482733e+01  5.280189e-03 
 1.482772e+01  4.887737e-03 
 1.482812e+01  4.444156e-03 
 1.482852e+01  3.959562e-03 
 1.482892e+01  3.439048e-03 
 1.482931e+01  2.898694e-03 
 1.482971e+01  2.345548e-03 
 1.483011e+01  1.791017e-03 
 1.483051e+01  1.244317e-03 
 1.483091e+01  7.135048e-04 
 1.483130e+01  1.979804e-04 
 1.483170e+01 -3.001403e-04 
 1.483210e+01 -7.822733e-04 
 1.483250e+01 -1.256979e-03 
 1.483289e+01 -1.735338e-03 
 1.483329e+01 -2.226491e-03 
 1.483369e+01 -2.739501e-03 
 1.483409e+01 -3.276043e-03 
 1.483448e+01 -3.830632e-03 
 1.483488e+01 -4.394995e-03 
 1.483528e+01 -4.966866e-03 
 1.483568e+01 -5.548513e-03 
 1.483608e+01 -6.143132e-03 
 1.483647e+01 -6.756762e-03 
 1.483687e+01 -7.390852e-03 
 1.483727e+01 -8.041888e-03 
 1.483767e+01 -8.698812e-03 
 1.483806e+01 -9.341597e-03 
 1.483846e+01 -9.947642e-03 
 1.483886e+01 -1.050217e-02 
 1.483926e+01 -1.100162e-02 
 1.483965e+01 -1.145603e-02 
 1.484005e+01 -1.187466e-02 
 1.484045e+01 -1.226393e-02 
 1.484085e+01 -1.262552e-02 
 1.484125e+01 -1.296300e-02 
 1.484164e+01 -1.328110e-02 
 1.484204e+01 -1.358600e-02 
 1.484244e+01 -1.388784e-02 
 1.484284e+01 -1.419412e-02 
 1.484323e+01 -1.450646e-02 
 1.484363e+01 -1.482256e-02 
 1.484403e+01 -1.512944e-02 
 1.484443e+01 -1.541521e-02 
 1.484482e+01 -1.567335e-02 
 1.484522e+01 -1.591012e-02 
 1.484562e+01 -1.614011e-02 
 1.484602e+01 -1.638263e-02 
 1.484642e+01 -1.665110e-02 
 1.484681e+01 -1.694584e-02 
 1.484721e+01 -1.725888e-02 
 1.484761e+01 -1.757887e-02 
 1.484801e+01 -1.789624e-02 
 1.484840e+01 -1.820098e-02 
 1.484880e+01 -1.849267e-02 
 1.484920e+01 -1.876932e-02 
 1.484960e+01 -1.902723e-02 
 1.484999e+01 -1.926652e-02 
 1.485039e+01 -1.948116e-02 
 1.485079e+01 -1.966939e-02 
 1.485119e+01 -1.983531e-02 
 1.485159e+01 -1.999364e-02 
 1.485198e+01 -2.016374e-02 
 1.485238e+01 -2.035933e-02 
 1.485278e+01 -2.058303e-02 
 1.485318e+01 -2.082455e-02 
 1.485357e+01 -2.106798e-02 
 1.485397e+01 -2.129922e-02 
 1.485437e+01 -2.151594e-02 
 1.485477e+01 -2.172146e-02 
 1.485516e+01 -2.192541e-02 
 1.485556e+01 -2.213784e-02 
 1.485596e+01 -2.236218e-02 
 1.485636e+01 -2.259186e-02 
 1.485676e+01 -2.281312e-02 
 1.485715e+01 -2.301267e-02 
 1.485755e+01 -2.318311e-02 
 1.485795e+01 -2.332908e-02 
 1.485835e+01 -2.346081e-02 
 1.485874e+01 -2.359312e-02 
 1.485914e+01 -2.373247e-02 
 1.485954e+01 -2.388190e-02 
 1.485994e+01 -2.403782e-02 
 1.486033e+01 -2.420287e-02 
 1.486073e+01 -2.438117e-02 
 1.486113e+01 -2.458758e-02 
 1.486153e+01 -2.483695e-02 
 1.486193e+01 -2.513330e-02 
 1.486232e+01 -2.546969e-02 
 1.486272e+01 -2.583345e-02 
 1.486312e+01 -2.620424e-02 
 1.486352e+01 -2.656691e-02 
 1.486391e+01 -2.691111e-02 
 1.486431e+01 -2.724208e-02 
 1.486471e+01 -2.757026e-02 
 1.486511e+01 -2.790489e-02 
 1.486550e+01 -2.825205e-02 
 1.486590e+01 -2.860967e-02 
 1.486630e+01 -2.897302e-02 
 1.486670e+01 -2.934113e-02 
 1.486710e+01 -2.971693e-02 
 1.486749e+01 -3.010335e-02 
 1.486789e+01 -3.050430e-02 
 1.486829e+01 -3.092454e-02 
 1.486869e+01 -3.135958e-02 
 1.486908e+01 -3.180369e-02 
 1.486948e+01 -3.225195e-02 
 1.486988e+01 -3.270092e-02 
 1.487028e+01 -3.315300e-02 
 1.487067e+01 -3.361546e-02 
 1.487107e+01 -3.409210e-02 
 1.487147e+01 -3.458349e-02 
 1.487187e+01 -3.507868e-02 
 1.487227e+01 -3.556570e-02 
 1.487266e+01 -3.603389e-02 
 1.487306e+01 -3.647667e-02 
 1.487346e+01 -3.689714e-02 
 1.487386e+01 -3.729487e-02 
 1.487425e+01 -3.767889e-02 
 1.487465e+01 -3.805268e-02 
 1.487505e+01 -3.841457e-02 
 1.487545e+01 -3.876002e-02 
 1.487584e+01 -3.908316e-02 
 1.487624e+01 -3.938251e-02 
 1.487664e+01 -3.965805e-02 
 1.487704e+01 -3.992230e-02 
 1.487744e+01 -4.018175e-02 
 1.487783e+01 -4.044295e-02 
 1.487823e+01 -4.070957e-02 
 1.487863e+01 -4.097756e-02 
 1.487903e+01 -4.124956e-02 
 1.487942e+01 -4.152306e-02 
 1.487982e+01 -4.179762e-02 
 1.488022e+01 -4.207282e-02 
 1.488062e+01 -4.234612e-02 
 1.488101e+01 -4.261426e-02 
 1.488141e+01 -4.286414e-02 
 1.488181e+01 -4.307949e-02 
 1.488221e+01 -4.324139e-02 
 1.488261e+01 -4.333223e-02 
 1.488300e+01 -4.334863e-02 
 1.488340e+01 -4.329232e-02 
 1.488380e+01 -4.317270e-02 
 1.488420e+01 -4.299837e-02 
 1.488459e+01 -4.278509e-02 
 1.488499e+01 -4.253865e-02 
 1.488539e+01 -4.226515e-02 
 1.488579e+01 -4.196486e-02 
 1.488618e+01 -4.163836e-02 
 1.488658e+01 -4.128725e-02 
 1.488698e+01 -4.092114e-02 
 1.488738e+01 -4.054867e-02 
 1.488778e+01 -4.017659e-02 
 1.488817e+01 -3.980266e-02 
 1.488857e+01 -3.941468e-02 
 1.488897e+01 -3.899799e-02 
 1.488937e+01 -3.854436e-02 
 1.488976e+01 -3.804251e-02 
 1.489016e+01 -3.749677e-02 
 1.489056e+01 -3.691427e-02 
 1.489096e+01 -3.630226e-02 
 1.489135e+01 -3.566787e-02 
 1.489175e+01 -3.501262e-02 
 1.489215e+01 -3.433105e-02 
 1.489255e+01 -3.362035e-02 
 1.489295e+01 -3.287774e-02 
 1.489334e+01 -3.210771e-02 
 1.489374e+01 -3.132021e-02 
 1.489414e+01 -3.052645e-02 
 1.489454e+01 -2.973067e-02 
 1.489493e+01 -2.893311e-02 
 1.489533e+01 -2.813246e-02 
 1.489573e+01 -2.732833e-02 
 1.489613e+01 -2.652405e-02 
 1.489652e+01 -2.572908e-02 
 1.489692e+01 -2.495074e-02 
 1.489732e+01 -2.419583e-02 
 1.489772e+01 -2.346926e-02 
 1.489812e+01 -2.276882e-02 
 1.489851e+01 -2.208573e-02 
 1.489891e+01 -2.140686e-02 
 1.489931e+01 -2.072125e-02 
 1.489971e+01 -2.002390e-02 
 1.490010e+01 -1.931010e-02 
 1.490050e+01 -1.858045e-02 
 1.490090e+01 -1.783342e-02 
 1.490130e+01 -1.706059e-02 
 1.490169e+01 -1.625581e-02 
 1.490209e+01 -1.541489e-02 
 1.490249e+01 -1.454198e-02 
 1.490289e+01 -1.364743e-02 
 1.490329e+01 -1.274814e-02 
 1.490368e+01 -1.186428e-02 
 1.490408e+01 -1.101131e-02 
 1.490448e+01 -1.019476e-02 
 1.490488e+01 -9.413249e-03 
 1.490527e+01 -8.661655e-03 
 1.490567e+01 -7.935801e-03 
 1.490607e+01 -7.238315e-03 
 1.490647e+01 -6.576050e-03 
 1.490686e+01 -5.956811e-03 
 1.490726e+01 -5.378590e-03 
 1.490766e+01 -4.829947e-03 
 1.490806e+01 -4.295289e-03 
 1.490846e+01 -3.759394e-03 
 1.490885e+01 -3.214717e-03 
 1.490925e+01 -2.661061e-03 
 1.490965e+01 -2.103596e-03 
 1.491005e+01 -1.554484e-03 
 1.491044e+01 -1.025821e-03 
 1.491084e+01 -5.246781e-04 
 1.491124e+01 -5.310545e-05 
 1.491164e+01  3.914067e-04 
 1.491204e+01  8.105728e-04 
 1.491243e+01  1.199759e-03 
 1.491283e+01  1.547566e-03 
 1.491323e+01  1.845403e-03 
 1.491363e+01  2.095984e-03 
 1.491402e+01  2.303552e-03 
 1.491442e+01  2.480779e-03 
 1.491482e+01  2.644033e-03 
 1.491522e+01  2.802155e-03 
 1.491561e+01  2.961887e-03 
 1.491601e+01  3.117246e-03 
 1.491641e+01  3.255787e-03 
 1.491681e+01  3.371941e-03 
 1.491721e+01  3.460648e-03 
 1.491760e+01  3.528640e-03 
 1.491800e+01  3.585350e-03 
 1.491840e+01  3.635920e-03 
 1.491880e+01  3.681912e-03 
 1.491919e+01  3.718228e-03 
 1.491959e+01  3.741001e-03 
 1.491999e+01  3.747049e-03 
 1.492039e+01  3.741045e-03 
 1.492078e+01  3.724376e-03 
 1.492118e+01  3.703009e-03 
 1.492158e+01  3.675530e-03 
 1.492198e+01  3.632957e-03 
 1.492238e+01  3.561083e-03 
 1.492277e+01  3.441588e-03 
 1.492317e+01  3.269279e-03 
 1.492357e+01  3.044578e-03 
 1.492397e+01  2.785884e-03 
 1.492436e+01  2.503476e-03 
 1.492476e+01  2.204074e-03 
 1.492516e+01  1.890528e-03 
 1.492556e+01  1.555504e-03 
 1.492595e+01  1.202253e-03 
 1.492635e+01  8.358915e-04 
 1.492675e+01  4.672950e-04 
 1.492715e+01  1.067113e-04 
 1.492755e+01 -2.356629e-04 
 1.492794e+01 -5.546847e-04 
 1.492834e+01 -8.557652e-04 
 1.492874e+01 -1.149097e-03 
 1.492914e+01 -1.446211e-03 
 1.492953e+01 -1.757979e-03 
 1.492993e+01 -2.077304e-03 
 1.493033e+01 -2.403745e-03 
 1.493073e+01 -2.736998e-03 
 1.493112e+01 -3.085850e-03 
 1.493152e+01 -3.460020e-03 
 1.493192e+01 -3.865504e-03 
 1.493232e+01 -4.299738e-03 
 1.493272e+01 -4.748091e-03 
 1.493311e+01 -5.182558e-03 
 1.493351e+01 -5.579600e-03 
 1.493391e+01 -5.919799e-03 
 1.493431e+01 -6.194187e-03 
 1.493470e+01 -6.407099e-03 
 1.493510e+01 -6.576588e-03 
 1.493550e+01 -6.723281e-03 
 1.493590e+01 -6.861930e-03 
 1.493629e+01 -7.002339e-03 
 1.493669e+01 -7.146403e-03 
 1.493709e+01 -7.292465e-03 
 1.493749e+01 -7.443636e-03 
 1.493789e+01 -7.605620e-03 
 1.493828e+01 -7.783362e-03 
 1.493868e+01 -7.982265e-03 
 1.493908e+01 -8.201025e-03 
 1.493948e+01 -8.434826e-03 
 1.493987e+01 -8.677995e-03 
 1.494027e+01 -8.919533e-03 
 1.494067e+01 -9.154391e-03 
 1.494107e+01 -9.380789e-03 
 1.494146e+01 -9.602608e-03 
 1.494186e+01 -9.827012e-03 
 1.494226e+01 -1.005703e-02 
 1.494266e+01 -1.029060e-02 
 1.494306e+01 -1.052558e-02 
 1.494345e+01 -1.075690e-02 
 1.494385e+01 -1.098253e-02 
 1.494425e+01 -1.119915e-02 
 1.494465e+01 -1.139925e-02 
 1.494504e+01 -1.158318e-02 
 1.494544e+01 -1.175028e-02 
 1.494584e+01 -1.190346e-02 
 1.494624e+01 -1.204605e-02 
 1.494663e+01 -1.218237e-02 
 1.494703e+01 -1.231303e-02 
 1.494743e+01 -1.244354e-02 
 1.494783e+01 -1.257915e-02 
 1.494823e+01 -1.272599e-02 
 1.494862e+01 -1.288503e-02 
 1.494902e+01 -1.305834e-02 
 1.494942e+01 -1.324776e-02 
 1.494982e+01 -1.345095e-02 
 1.495021e+01 -1.367387e-02 
 1.495061e+01 -1.391977e-02 
 1.495101e+01 -1.418904e-02 
 1.495141e+01 -1.448291e-02 
 1.495180e+01 -1.479295e-02 
 1.495220e+01 -1.510584e-02 
 1.495260e+01 -1.540679e-02 
 1.495300e+01 -1.568181e-02 
 1.495340e+01 -1.592438e-02 
 1.495379e+01 -1.614517e-02 
 1.495419e+01 -1.636304e-02 
 1.495459e+01 -1.660097e-02 
 1.495499e+01 -1.687753e-02 
 1.495538e+01 -1.720018e-02 
 1.495578e+01 -1.756927e-02 
 1.495618e+01 -1.798275e-02 
 1.495658e+01 -1.844026e-02 
 1.495697e+01 -1.893469e-02 
 1.495737e+01 -1.946583e-02 
 1.495777e+01 -2.003510e-02 
 1.495817e+01 -2.063707e-02 
 1.495857e+01 -2.126210e-02 
 1.495896e+01 -2.190041e-02 
 1.495936e+01 -2.253576e-02 
 1.495976e+01 -2.316108e-02 
 1.496016e+01 -2.377375e-02 
 1.496055e+01 -2.437697e-02 
 1.496095e+01 -2.497146e-02 
 1.496135e+01 -2.555075e-02 
 1.496175e+01 -2.611035e-02 
 1.496214e+01 -2.664600e-02 
 1.496254e+01 -2.715545e-02 
 1.496294e+01 -2.763799e-02 
 1.496334e+01 -2.810005e-02 
 1.496374e+01 -2.855070e-02 
 1.496413e+01 -2.900210e-02 
 1.496453e+01 -2.946023e-02 
 1.496493e+01 -2.992700e-02 
 1.496533e+01 -3.039584e-02 
 1.496572e+01 -3.085710e-02 
 1.496612e+01 -3.130465e-02 
 1.496652e+01 -3.173653e-02 
 1.496692e+01 -3.215262e-02 
 1.496731e+01 -3.255942e-02 
 1.496771e+01 -3.296253e-02 
 1.496811e+01 -3.336009e-02 
 1.496851e+01 -3.375228e-02 
 1.496891e+01 -3.414003e-02 
 1.496930e+01 -3.451582e-02 
 1.496970e+01 -3.487844e-02 
 1.497010e+01 -3.523116e-02 
 1.497050e+01 -3.557790e-02 
 1.497089e+01 -3.592008e-02 
 1.497129e+01 -3.625452e-02 
 1.497169e+01 -3.657106e-02 
 1.497209e+01 -3.685984e-02 
 1.497248e+01 -3.712013e-02 
 1.497288e+01 -3.735713e-02 
 1.497328e+01 -3.758119e-02 
 1.497368e+01 -3.780652e-02 
 1.497408e+01 -3.804519e-02 
 1.497447e+01 -3.830472e-02 
 1.497487e+01 -3.858932e-02 
 1.497527e+01 -3.889485e-02 
 1.497567e+01 -3.920686e-02 
 1.497606e+01 -3.951357e-02 
 1.497646e+01 -3.980709e-02 
 1.497686e+01 -4.008099e-02 
 1.497726e+01 -4.033193e-02 
 1.497765e+01 -4.055303e-02 
 1.497805e+01 -4.073155e-02 
 1.497845e+01 -4.085862e-02 
 1.497885e+01 -4.092908e-02 
 1.497925e+01 -4.094529e-02 
 1.497964e+01 -4.091638e-02 
 1.498004e+01 -4.085691e-02 
 1.498044e+01 -4.077421e-02 
 1.498084e+01 -4.067548e-02 
 1.498123e+01 -4.056295e-02 
 1.498163e+01 -4.043430e-02 
 1.498203e+01 -4.028719e-02 
 1.498243e+01 -4.012590e-02 
 1.498282e+01 -3.996596e-02 
 1.498322e+01 -3.982145e-02 
 1.498362e+01 -3.970388e-02 
 1.498402e+01 -3.961135e-02 
 1.498442e+01 -3.952350e-02 
 1.498481e+01 -3.940997e-02 
 1.498521e+01 -3.925101e-02 
 1.498561e+01 -3.903195e-02 
 1.498601e+01 -3.875875e-02 
 1.498640e+01 -3.845071e-02 
 1.498680e+01 -3.812714e-02 
 1.498720e+01 -3.780019e-02 
 1.498760e+01 -3.747521e-02 
 1.498799e+01 -3.713676e-02 
 1.498839e+01 -3.676899e-02 
 1.498879e+01 -3.636649e-02 
 1.498919e+01 -3.592943e-02 
 1.498959e+01 -3.546532e-02 
 1.498998e+01 -3.498691e-02 
 1.499038e+01 -3.449683e-02 
 1.499078e+01 -3.398878e-02 
 1.499118e+01 -3.345984e-02 
 1.499157e+01 -3.290838e-02 
 1.499197e+01 -3.234088e-02 
 1.499237e+01 -3.176515e-02 
 1.499277e+01 -3.119507e-02 
 1.499316e+01 -3.063362e-02 
 1.499356e+01 -3.007729e-02 
 1.499396e+01 -2.951631e-02 
 1.499436e+01 -2.893017e-02 
 1.499476e+01 -2.830490e-02 
 1.499515e+01 -2.763869e-02 
 1.499555e+01 -2.693748e-02 
 1.499595e+01 -2.621387e-02 
 1.499635e+01 -2.547121e-02 
 1.499674e+01 -2.470627e-02 
 1.499714e+01 -2.390770e-02 
 1.499754e+01 -2.307558e-02 
 1.499794e+01 -2.221783e-02 
 1.499833e+01 -2.134993e-02 
 1.499873e+01 -2.049427e-02 
 1.499913e+01 -1.966669e-02 
 1.499953e+01 -1.888141e-02 
 1.499993e+01 -1.813591e-02 
 1.500032e+01 -1.741837e-02 
 1.500072e+01 -1.671553e-02 
 1.500112e+01 -1.602405e-02 
 1.500152e+01 -1.535447e-02 
 1.500191e+01 -1.471954e-02 
 1.500231e+01 -1.413621e-02 
 1.500271e+01 -1.360577e-02 
 1.500311e+01 -1.311084e-02 
 1.500351e+01 -1.262704e-02 
 1.500390e+01 -1.213414e-02 
 1.500430e+01 -1.161823e-02 
 1.500470e+01 -1.107582e-02 
 1.500510e+01 -1.051963e-02 
 1.500549e+01 -9.967195e-03 
 1.500589e+01 -9.434667e-03 
 1.500629e+01 -8.932389e-03 
 1.500669e+01 -8.461466e-03 
 1.500708e+01 -8.013382e-03 
 1.500748e+01 -7.589558e-03 
 1.500788e+01 -7.192029e-03 
 1.500828e+01 -6.824557e-03 
 1.500868e+01 -6.492044e-03 
 1.500907e+01 -6.191281e-03 
 1.500947e+01 -5.912534e-03 
 1.500987e+01 -5.643449e-03 
 1.501027e+01 -5.368487e-03 
 1.501066e+01 -5.080718e-03 
 1.501106e+01 -4.784409e-03 
 1.501146e+01 -4.489266e-03 
 1.501186e+01 -4.205253e-03 
 1.501225e+01 -3.939416e-03 
 1.501265e+01 -3.694252e-03 
 1.501305e+01 -3.455866e-03 
 1.501345e+01 -3.210008e-03 
 1.501385e+01 -2.953252e-03 
 1.501424e+01 -2.686745e-03 
 1.501464e+01 -2.422732e-03 
 1.501504e+01 -2.175725e-03 
 1.501544e+01 -1.957614e-03 
 1.501583e+01 -1.768510e-03 
 1.501623e+01 -1.605939e-03 
 1.501663e+01 -1.465186e-03 
 1.501703e+01 -1.338571e-03 
 1.501742e+01 -1.225224e-03 
 1.501782e+01 -1.132031e-03 
 1.501822e+01 -1.067667e-03 
 1.501862e+01 -1.036004e-03 
 1.501902e+01 -1.034753e-03 
 1.501941e+01 -1.053552e-03 
 1.501981e+01 -1.081248e-03 
 1.502021e+01 -1.115756e-03 
 1.502061e+01 -1.155858e-03 
 1.502100e+01 -1.202407e-03 
 1.502140e+01 -1.258742e-03 
 1.502180e+01 -1.315582e-03 
 1.502220e+01 -1.360618e-03 
 1.502259e+01 -1.383583e-03 
 1.502299e+01 -1.372897e-03 
 1.502339e+01 -1.325278e-03 
 1.502379e+01 -1.248371e-03 
 1.502419e+01 -1.158883e-03 
 1.502458e+01 -1.073219e-03 
 1.502498e+01 -1.008197e-03 
 1.502538e+01 -9.673085e-04 
 1.502578e+01 -9.487033e-04 
 1.502617e+01 -9.516469e-04 
 1.502657e+01 -9.761360e-04 
 1.502697e+01 -1.027079e-03 
 1.502737e+01 -1.110278e-03 
 1.502776e+01 -1.227289e-03 
 1.502816e+01 -1.366906e-03 
 1.502856e+01 -1.513420e-03 
 1.502896e+01 -1.645967e-03 
 1.502936e+01 -1.749841e-03 
 1.502975e+01 -1.817628e-03 
 1.503015e+01 -1.853895e-03 
 1.503055e+01 -1.870450e-03 
 1.503095e+01 -1.888544e-03 
 1.503134e+01 -1.920491e-03 
 1.503174e+01 -1.969694e-03 
 1.503214e+01 -2.031281e-03 
 1.503254e+01 -2.101502e-03 
 1.503293e+01 -2.182489e-03 
 1.503333e+01 -2.282945e-03 
 1.503373e+01 -2.419958e-03 
 1.503413e+01 -2.608722e-03 
 1.503453e+01 -2.852556e-03 
 1.503492e+01 -3.149950e-03 
 1.503532e+01 -3.487070e-03 
 1.503572e+01 -3.843592e-03 
 1.503612e+01 -4.202793e-03 
 1.503651e+01 -4.548580e-03 
 1.503691e+01 -4.876056e-03 
 1.503731e+01 -5.188685e-03 
 1.503771e+01 -5.491398e-03 
 1.503810e+01 -5.783744e-03 
 1.503850e+01 -6.064857e-03 
 1.503890e+01 -6.332233e-03 
 1.503930e+01 -6.582856e-03 
 1.503970e+01 -6.812654e-03 
 1.504009e+01 -7.025417e-03 
 1.504049e+01 -7.219305e-03 
 1.504089e+01 -7.390297e-03 
 1.504129e+01 -7.538609e-03 
 1.504168e+01 -7.660595e-03 
 1.504208e+01 -7.751972e-03 
 1.504248e+01 -7.820952e-03 
 1.504288e+01 -7.879493e-03 
 1.504327e+01 -7.944715e-03 
 1.504367e+01 -8.035335e-03 
 1.504407e+01 -8.163469e-03 
 1.504447e+01 -8.327175e-03 
 1.504487e+01 -8.523007e-03 
 1.504526e+01 -8.739615e-03 
 1.504566e+01 -8.964506e-03 
 1.504606e+01 -9.194200e-03 
 1.504646e+01 -9.426951e-03 
 1.504685e+01 -9.662487e-03 
 1.504725e+01 -9.904859e-03 
 1.504765e+01 -1.014905e-02 
 1.504805e+01 -1.038695e-02 
 1.504844e+01 -1.060797e-02 
 1.504884e+01 -1.080676e-02 
 1.504924e+01 -1.098452e-02 
 1.504964e+01 -1.115423e-02 
 1.505004e+01 -1.133450e-02 
 1.505043e+01 -1.153750e-02 
 1.505083e+01 -1.176724e-02 
 1.505123e+01 -1.202366e-02 
 1.505163e+01 -1.230346e-02 
 1.505202e+01 -1.260628e-02 
 1.505242e+01 -1.293806e-02 
 1.505282e+01 -1.330893e-02 
 1.505322e+01 -1.372718e-02 
 1.505361e+01 -1.420432e-02 
 1.505401e+01 -1.473624e-02 
 1.505441e+01 -1.530845e-02 
 1.505481e+01 -1.589329e-02 
 1.505521e+01 -1.646830e-02 
 1.505560e+01 -1.701367e-02 
 1.505600e+01 -1.752959e-02 
 1.505640e+01 -1.802310e-02 
 1.505680e+01 -1.850364e-02 
 1.505719e+01 -1.897819e-02 
 1.505759e+01 -1.945166e-02 
 1.505799e+01 -1.992541e-02 
 1.505839e+01 -2.040125e-02 
 1.505878e+01 -2.088373e-02 
 1.505918e+01 -2.138435e-02 
 1.505958e+01 -2.190900e-02 
 1.505998e+01 -2.246670e-02 
 1.506038e+01 -2.305714e-02 
 1.506077e+01 -2.366628e-02 
 1.506117e+01 -2.428453e-02 
 1.506157e+01 -2.490040e-02 
 1.506197e+01 -2.551749e-02 
 1.506236e+01 -2.615079e-02 
 1.506276e+01 -2.681082e-02 
 1.506316e+01 -2.750249e-02 
 1.506356e+01 -2.822850e-02 
 1.506395e+01 -2.898084e-02 
 1.506435e+01 -2.974643e-02 
 1.506475e+01 -3.050924e-02 
 1.506515e+01 -3.126489e-02 
 1.506555e+01 -3.200706e-02 
 1.506594e+01 -3.274203e-02 
 1.506634e+01 -3.347644e-02 
 1.506674e+01 -3.420860e-02 
 1.506714e+01 -3.493458e-02 
 1.506753e+01 -3.564773e-02 
 1.506793e+01 -3.634227e-02 
 1.506833e+01 -3.701775e-02 
 1.506873e+01 -3.767485e-02 
 1.506912e+01 -3.831347e-02 
 1.506952e+01 -3.892643e-02 
 1.506992e+01 -3.950781e-02 
 1.507032e+01 -4.005471e-02 
 1.507072e+01 -4.056318e-02 
 1.507111e+01 -4.103475e-02 
 1.507151e+01 -4.147730e-02 
 1.507191e+01 -4.190343e-02 
 1.507231e+01 -4.232484e-02 
 1.507270e+01 -4.274133e-02 
 1.507310e+01 -4.314310e-02 
 1.507350e+01 -4.350782e-02 
 1.507390e+01 -4.381687e-02 
 1.507429e+01 -4.405524e-02 
 1.507469e+01 -4.421889e-02 
 1.507509e+01 -4.431616e-02 
 1.507549e+01 -4.435880e-02 
 1.507589e+01 -4.436180e-02 
 1.507628e+01 -4.434149e-02 
 1.507668e+01 -4.430565e-02 
 1.507708e+01 -4.426401e-02 
 1.507748e+01 -4.421629e-02 
 1.507787e+01 -4.416993e-02 
 1.507827e+01 -4.412898e-02 
 1.507867e+01 -4.410160e-02 
 1.507907e+01 -4.408439e-02 
 1.507946e+01 -4.406066e-02 
 1.507986e+01 -4.401822e-02 
 1.508026e+01 -4.394245e-02 
 1.508066e+01 -4.382598e-02 
 1.508106e+01 -4.366924e-02 
 1.508145e+01 -4.348050e-02 
 1.508185e+01 -4.326932e-02 
 1.508225e+01 -4.304743e-02 
 1.508265e+01 -4.282149e-02 
 1.508304e+01 -4.259076e-02 
 1.508344e+01 -4.235029e-02 
 1.508384e+01 -4.208812e-02 
 1.508424e+01 -4.179711e-02 
 1.508463e+01 -4.147995e-02 
 1.508503e+01 -4.114055e-02 
 1.508543e+01 -4.078674e-02 
 1.508583e+01 -4.042291e-02 
 1.508623e+01 -4.005584e-02 
 1.508662e+01 -3.968726e-02 
 1.508702e+01 -3.931727e-02 
 1.508742e+01 -3.894159e-02 
 1.508782e+01 -3.855337e-02 
 1.508821e+01 -3.814373e-02 
 1.508861e+01 -3.770260e-02 
 1.508901e+01 -3.721905e-02 
 1.508941e+01 -3.669115e-02 
 1.508980e+01 -3.611833e-02 
 1.509020e+01 -3.550681e-02 
 1.509060e+01 -3.486170e-02 
 1.509100e+01 -3.419669e-02 
 1.509140e+01 -3.352132e-02 
 1.509179e+01 -3.284015e-02 
 1.509219e+01 -3.215274e-02 
 1.509259e+01 -3.145559e-02 
 1.509299e+01 -3.074350e-02 
 1.509338e+01 -3.001313e-02 
 1.509378e+01 -2.926825e-02 
 1.509418e+01 -2.851693e-02 
 1.509458e+01 -2.777197e-02 
 1.509498e+01 -2.704245e-02 
 1.509537e+01 -2.633629e-02 
 1.509577e+01 -2.565882e-02 
 1.509617e+01 -2.500682e-02 
 1.509657e+01 -2.437567e-02 
 1.509696e+01 -2.376059e-02 
 1.509736e+01 -2.315790e-02 
 1.509776e+01 -2.255918e-02 
 1.509816e+01 -2.195615e-02 
 1.509855e+01 -2.133704e-02 
 1.509895e+01 -2.068837e-02 
 1.509935e+01 -2.000311e-02 
 1.509975e+01 -1.928335e-02 
 1.510015e+01 -1.853619e-02 
 1.510054e+01 -1.776999e-02 
 1.510094e+01 -1.699714e-02 
 1.510134e+01 -1.622442e-02 
 1.510174e+01 -1.545829e-02 
 1.510213e+01 -1.469866e-02 
 1.510253e+01 -1.394836e-02 
 1.510293e+01 -1.321129e-02 
 1.510333e+01 -1.249552e-02 
 1.510372e+01 -1.181321e-02 
 1.510412e+01 -1.117056e-02 
 1.510452e+01 -1.057497e-02 
 1.510492e+01 -1.002506e-02 
 1.510532e+01 -9.511043e-03 
 1.510571e+01 -9.029067e-03 
 1.510611e+01 -8.571131e-03 
 1.510651e+01 -8.131297e-03 
 1.510691e+01 -7.699472e-03 
 1.510730e+01 -7.267093e-03 
 1.510770e+01 -6.831371e-03 
 1.510810e+01 -6.390514e-03 
 1.510850e+01 -5.948880e-03 
 1.510889e+01 -5.513311e-03 
 1.510929e+01 -5.095735e-03 
 1.510969e+01 -4.708668e-03 
 1.511009e+01 -4.363386e-03 
 1.511049e+01 -4.070617e-03 
 1.511088e+01 -3.832164e-03 
 1.511128e+01 -3.648880e-03 
 1.511168e+01 -3.523850e-03 
 1.511208e+01 -3.456730e-03 
 1.511247e+01 -3.443557e-03 
 1.511287e+01 -3.475934e-03 
 1.511327e+01 -3.545734e-03 
 1.511367e+01 -3.645542e-03 
 1.511406e+01 -3.767107e-03 
 1.511446e+01 -3.911669e-03 
 1.511486e+01 -4.076572e-03 
 1.511526e+01 -4.257127e-03 
 1.511566e+01 -4.446143e-03 
 1.511605e+01 -4.639693e-03 
 1.511645e+01 -4.829773e-03 
 1.511685e+01 -5.001332e-03 
 1.511725e+01 -5.146122e-03 
 1.511764e+01 -5.257962e-03 
 1.511804e+01 -5.340591e-03 
 1.511844e+01 -5.398256e-03 
 1.511884e+01 -5.430996e-03 
 1.511923e+01 -5.443025e-03 
 1.511963e+01 -5.437579e-03 
 1.512003e+01 -5.414574e-03 
 1.512043e+01 -5.383916e-03 
 1.512083e+01 -5.354453e-03 
 1.512122e+01 -5.331177e-03 
 1.512162e+01 -5.311166e-03 
 1.512202e+01 -5.300199e-03 
 1.512242e+01 -5.299807e-03 
 1.512281e+01 -5.313334e-03 
 1.512321e+01 -5.344823e-03 
 1.512361e+01 -5.395917e-03 
 1.512401e+01 -5.461133e-03 
 1.512440e+01 -5.532056e-03 
 1.512480e+01 -5.592271e-03 
 1.512520e+01 -5.625158e-03 
 1.512560e+01 -5.613977e-03 
 1.512600e+01 -5.554906e-03 
 1.512639e+01 -5.448902e-03 
 1.512679e+01 -5.314082e-03 
 1.512719e+01 -5.165347e-03 
 1.512759e+01 -5.018597e-03 
 1.512798e+01 -4.885160e-03 
 1.512838e+01 -4.771742e-03 
 1.512878e+01 -4.676055e-03 
 1.512918e+01 -4.596195e-03 
 1.512957e+01 -4.531114e-03 
 1.512997e+01 -4.481646e-03 
 1.513037e+01 -4.448502e-03 
 1.513077e+01 -4.432297e-03 
 1.513117e+01 -4.428692e-03 
 1.513156e+01 -4.429093e-03 
 1.513196e+01 -4.421843e-03 
 1.513236e+01 -4.395818e-03 
 1.513276e+01 -4.348991e-03 
 1.513315e+01 -4.280563e-03 
 1.513355e+01 -4.191836e-03 
 1.513395e+01 -4.087343e-03 
 1.513435e+01 -3.969618e-03 
 1.513474e+01 -3.838088e-03 
 1.513514e+01 -3.685574e-03 
 1.513554e+01 -3.509201e-03 
 1.513594e+01 -3.311236e-03 
 1.513634e+01 -3.096310e-03 
 1.513673e+01 -2.878486e-03 
 1.513713e+01 -2.671708e-03 
 1.513753e+01 -2.489495e-03 
 1.513793e+01 -2.336755e-03 
 1.513832e+01 -2.218664e-03 
 1.513872e+01 -2.132994e-03 
 1.513912e+01 -2.075244e-03 
 1.513952e+01 -2.046699e-03 
 1.513991e+01 -2.051324e-03 
 1.514031e+01 -2.090208e-03 
 1.514071e+01 -2.168307e-03 
 1.514111e+01 -2.290451e-03 
 1.514151e+01 -2.455817e-03 
 1.514190e+01 -2.661009e-03 
 1.514230e+01 -2.900825e-03 
 1.514270e+01 -3.170311e-03 
 1.514310e+01 -3.465190e-03 
 1.514349e+01 -3.775348e-03 
 1.514389e+01 -4.090392e-03 
 1.514429e+01 -4.398876e-03 
 1.514469e+01 -4.689862e-03 
 1.514508e+01 -4.956569e-03 
 1.514548e+01 -5.202891e-03 
 1.514588e+01 -5.444327e-03 
 1.514628e+01 -5.694422e-03 
 1.514668e+01 -5.967757e-03 
 1.514707e+01 -6.277545e-03 
 1.514747e+01 -6.626227e-03 
 1.514787e+01 -7.009798e-03 
 1.514827e+01 -7.418550e-03 
 1.514866e+01 -7.847922e-03 
 1.514906e+01 -8.294558e-03 
 1.514946e+01 -8.757193e-03 
 1.514986e+01 -9.232309e-03 
 1.515025e+01 -9.714086e-03 
 1.515065e+01 -1.019484e-02 
 1.515105e+01 -1.066433e-02 
 1.515145e+01 -1.111392e-02 
 1.515185e+01 -1.154663e-02 
 1.515224e+01 -1.196824e-02 
 1.515264e+01 -1.238040e-02 
 1.515304e+01 -1.278888e-02 
 1.515344e+01 -1.319724e-02 
 1.515383e+01 -1.360529e-02 
 1.515423e+01 -1.401451e-02 
 1.515463e+01 -1.443143e-02 
 1.515503e+01 -1.486641e-02 
 1.515542e+01 -1.533644e-02 
 1.515582e+01 -1.586172e-02 
 1.515622e+01 -1.645600e-02 
 1.515662e+01 -1.712033e-02 
 1.515702e+01 -1.784553e-02 
 1.515741e+01 -1.861784e-02 
 1.515781e+01 -1.941806e-02 
 1.515821e+01 -2.023219e-02 
 1.515861e+01 -2.105118e-02 
 1.515900e+01 -2.187406e-02 
 1.515940e+01 -2.270759e-02 
 1.515980e+01 -2.355807e-02 
 1.516020e+01 -2.442915e-02 
 1.516059e+01 -2.532189e-02 
 1.516099e+01 -2.622959e-02 
 1.516139e+01 -2.714686e-02 
 1.516179e+01 -2.807081e-02 
 1.516219e+01 -2.900255e-02 
 1.516258e+01 -2.993484e-02 
 1.516298e+01 -3.086156e-02 
 1.516338e+01 -3.177230e-02 
 1.516378e+01 -3.265587e-02 
 1.516417e+01 -3.350055e-02 
 1.516457e+01 -3.430132e-02 
 1.516497e+01 -3.505982e-02 
 1.516537e+01 -3.578204e-02 
 1.516576e+01 -3.648747e-02 
 1.516616e+01 -3.719243e-02 
 1.516656e+01 -3.790349e-02 
 1.516696e+01 -3.862126e-02 
 1.516736e+01 -3.933402e-02 
 1.516775e+01 -4.003145e-02 
 1.516815e+01 -4.070523e-02 
 1.516855e+01 -4.134958e-02 
 1.516895e+01 -4.195899e-02 
 1.516934e+01 -4.252948e-02 
 1.516974e+01 -4.306221e-02 
 1.517014e+01 -4.355572e-02 
 1.517054e+01 -4.401245e-02 
 1.517093e+01 -4.443459e-02 
 1.517133e+01 -4.482485e-02 
 1.517173e+01 -4.518750e-02 
 1.517213e+01 -4.552943e-02 
 1.517253e+01 -4.585495e-02 
 1.517292e+01 -4.616066e-02 
 1.517332e+01 -4.644232e-02 
 1.517372e+01 -4.669308e-02 
 1.517412e+01 -4.691384e-02 
 1.517451e+01 -4.710973e-02 
 1.517491e+01 -4.728821e-02 
 1.517531e+01 -4.745383e-02 
 1.517571e+01 -4.760094e-02 
 1.517610e+01 -4.771602e-02 
 1.517650e+01 -4.777672e-02 
 1.517690e+01 -4.776298e-02 
 1.517730e+01 -4.766163e-02 
 1.517770e+01 -4.747012e-02 
 1.517809e+01 -4.719962e-02 
 1.517849e+01 -4.687252e-02 
 1.517889e+01 -4.650836e-02 
 1.517929e+01 -4.611757e-02 
 1.517968e+01 -4.570953e-02 
 1.518008e+01 -4.527980e-02 
 1.518048e+01 -4.482632e-02 
 1.518088e+01 -4.434999e-02 
 1.518127e+01 -4.384953e-02 
 1.518167e+01 -4.332854e-02 
 1.518207e+01 -4.278547e-02 
 1.518247e+01 -4.221309e-02 
 1.518287e+01 -4.160825e-02 
 1.518326e+01 -4.095592e-02 
 1.518366e+01 -4.025223e-02 
 1.518406e+01 -3.950130e-02 
 1.518446e+01 -3.871348e-02 
 1.518485e+01 -3.790544e-02 
 1.518525e+01 -3.708988e-02 
 1.518565e+01 -3.627900e-02 
 1.518605e+01 -3.547631e-02 
 1.518645e+01 -3.467747e-02 
 1.518684e+01 -3.387794e-02 
 1.518724e+01 -3.307908e-02 
 1.518764e+01 -3.228224e-02 
 1.518804e+01 -3.149794e-02 
 1.518843e+01 -3.074255e-02 
 1.518883e+01 -3.002809e-02 
 1.518923e+01 -2.935807e-02 
 1.518963e+01 -2.873486e-02 
 1.519002e+01 -2.814898e-02 
 1.519042e+01 -2.759482e-02 
 1.519082e+01 -2.706717e-02 
 1.519122e+01 -2.656322e-02 
 1.519162e+01 -2.608110e-02 
 1.519201e+01 -2.561664e-02 
 1.519241e+01 -2.516901e-02 
 1.519281e+01 -2.473053e-02 
 1.519321e+01 -2.429792e-02 
 1.519360e+01 -2.386699e-02 
 1.519400e+01 -2.343675e-02 
 1.519440e+01 -2.300972e-02 
 1.519480e+01 -2.258303e-02 
 1.519519e+01 -2.214932e-02 
 1.519559e+01 -2.169918e-02 
 1.519599e+01 -2.121828e-02 
 1.519639e+01 -2.069806e-02 
 1.519679e+01 -2.013889e-02 
 1.519718e+01 -1.955724e-02 
 1.519758e+01 -1.897362e-02 
 1.519798e+01 -1.841211e-02 
 1.519838e+01 -1.789109e-02 
 1.519877e+01 -1.741800e-02 
 1.519917e+01 -1.699429e-02 
 1.519957e+01 -1.661387e-02 
 1.519997e+01 -1.627501e-02 
 1.520036e+01 -1.597707e-02 
 1.520076e+01 -1.571604e-02 
 1.520116e+01 -1.548474e-02 
 1.520156e+01 -1.527216e-02 
 1.520196e+01 -1.505913e-02 
 1.520235e+01 -1.483030e-02 
 1.520275e+01 -1.456854e-02 
 1.520315e+01 -1.427406e-02 
 1.520355e+01 -1.396025e-02 
 1.520394e+01 -1.364268e-02 
 1.520434e+01 -1.333844e-02 
 1.520474e+01 -1.305032e-02 
 1.520514e+01 -1.277138e-02 
 1.520553e+01 -1.249355e-02 
 1.520593e+01 -1.221417e-02 
 1.520633e+01 -1.193949e-02 
 1.520673e+01 -1.168352e-02 
 1.520713e+01 -1.146399e-02 
 1.520752e+01 -1.129598e-02 
 1.520792e+01 -1.118549e-02 
 1.520832e+01 -1.112217e-02 
 1.520872e+01 -1.109059e-02 
 1.520911e+01 -1.106579e-02 
 1.520951e+01 -1.103508e-02 
 1.520991e+01 -1.099506e-02 
 1.521031e+01 -1.094308e-02 
 1.521070e+01 -1.088799e-02 
 1.521110e+01 -1.082968e-02 
 1.521150e+01 -1.076550e-02 
 1.521190e+01 -1.069651e-02 
 1.521230e+01 -1.061630e-02 
 1.521269e+01 -1.052086e-02 
 1.521309e+01 -1.041232e-02 
 1.521349e+01 -1.028997e-02 
 1.521389e+01 -1.015758e-02 
 1.521428e+01 -1.001373e-02 
 1.521468e+01 -9.854855e-03 
 1.521508e+01 -9.673852e-03 
 1.521548e+01 -9.471047e-03 
 1.521587e+01 -9.255665e-03 
 1.521627e+01 -9.044198e-03 
 1.521667e+01 -8.853735e-03 
 1.521707e+01 -8.702498e-03 
 1.521747e+01 -8.598335e-03 
 1.521786e+01 -8.545035e-03 
 1.521826e+01 -8.541946e-03 
 1.521866e+01 -8.578069e-03 
 1.521906e+01 -8.639222e-03 
 1.521945e+01 -8.710608e-03 
 1.521985e+01 -8.778394e-03 
 1.522025e+01 -8.832188e-03 
 1.522065e+01 -8.860525e-03 
 1.522104e+01 -8.852598e-03 
 1.522144e+01 -8.798804e-03 
 1.522184e+01 -8.695102e-03 
 1.522224e+01 -8.546631e-03 
 1.522264e+01 -8.360606e-03 
 1.522303e+01 -8.143823e-03 
 1.522343e+01 -7.906231e-03 
 1.522383e+01 -7.650780e-03 
 1.522423e+01 -7.377257e-03 
 1.522462e+01 -7.085882e-03 
 1.522502e+01 -6.770616e-03 
 1.522542e+01 -6.433491e-03 
 1.522582e+01 -6.083190e-03 
 1.522621e+01 -5.728251e-03 
 1.522661e+01 -5.380437e-03 
 1.522701e+01 -5.038809e-03 
 1.522741e+01 -4.694232e-03 
 1.522781e+01 -4.328104e-03 
 1.522820e+01 -3.923084e-03 
 1.522860e+01 -3.466616e-03 
 1.522900e+01 -2.954232e-03 
 1.522940e+01 -2.397926e-03 
 1.522979e+01 -1.816321e-03 
 1.523019e+01 -1.224433e-03 
 1.523059e+01 -6.355768e-04 
 1.523099e+01 -5.512305e-05 
 1.523138e+01  5.184442e-04 
 1.523178e+01  1.086574e-03 
 1.523218e+01  1.646805e-03 
 1.523258e+01  2.190680e-03 
 1.523298e+01  2.708441e-03 
 1.523337e+01  3.194820e-03 
 1.523377e+01  3.652317e-03 
 1.523417e+01  4.086724e-03 
 1.523457e+01  4.500036e-03 
 1.523496e+01  4.894214e-03 
 1.523536e+01  5.261886e-03 
 1.523576e+01  5.586900e-03 
 1.523616e+01  5.854607e-03 
 1.523655e+01  6.055431e-03 
 1.523695e+01  6.186537e-03 
 1.523735e+01  6.257688e-03 
 1.523775e+01  6.284191e-03 
 1.523815e+01  6.281838e-03 
 1.523854e+01  6.259469e-03 
 1.523894e+01  6.217347e-03 
 1.523934e+01  6.153763e-03 
 1.523974e+01  6.062700e-03 
 1.524013e+01  5.944686e-03 
 1.524053e+01  5.796961e-03 
 1.524093e+01  5.620053e-03 
 1.524133e+01  5.414637e-03 
 1.524172e+01  5.182173e-03 
 1.524212e+01  4.916598e-03 
 1.524252e+01  4.612971e-03 
 1.524292e+01  4.264005e-03 
 1.524332e+01  3.866255e-03 
 1.524371e+01  3.417911e-03 
 1.524411e+01  2.920371e-03 
 1.524451e+01  2.370567e-03 
 1.524491e+01  1.769085e-03 
 1.524530e+01  1.112926e-03 
 1.524570e+01  4.080690e-04 
 1.524610e+01 -3.381424e-04 
 1.524650e+01 -1.114316e-03 
 1.524689e+01 -1.905581e-03 
 1.524729e+01 -2.702126e-03 
 1.524769e+01 -3.495457e-03 
 1.524809e+01 -4.286648e-03 
 1.524849e+01 -5.085777e-03 
 1.524888e+01 -5.908138e-03 
 1.524928e+01 -6.768548e-03 
 1.524968e+01 -7.676966e-03 
 1.525008e+01 -8.634489e-03 
 1.525047e+01 -9.638173e-03 
 1.525087e+01 -1.068257e-02 
 1.525127e+01 -1.176267e-02 
 1.525167e+01 -1.287634e-02 
 1.525206e+01 -1.401916e-02 
 1.525246e+01 -1.518710e-02 
 1.525286e+01 -1.636601e-02 
 1.525326e+01 -1.754431e-02 
 1.525366e+01 -1.870874e-02 
 1.525405e+01 -1.984688e-02 
 1.525445e+01 -2.095096e-02 
 1.525485e+01 -2.202728e-02 
 1.525525e+01 -2.308030e-02 
 1.525564e+01 -2.412046e-02 
 1.525604e+01 -2.514558e-02 
 1.525644e+01 -2.614811e-02 
 1.525684e+01 -2.711710e-02 
 1.525723e+01 -2.803635e-02 
 1.525763e+01 -2.890254e-02 
 1.525803e+01 -2.971624e-02 
 1.525843e+01 -3.048824e-02 
 1.525883e+01 -3.123035e-02 
 1.525922e+01 -3.195453e-02 
 1.525962e+01 -3.266489e-02 
 1.526002e+01 -3.335491e-02 
 1.526042e+01 -3.401199e-02 
 1.526081e+01 -3.462833e-02 
 1.526121e+01 -3.520214e-02 
 1.526161e+01 -3.574006e-02 
 1.526201e+01 -3.626000e-02 
 1.526240e+01 -3.677753e-02 
 1.526280e+01 -3.729701e-02 
 1.526320e+01 -3.782168e-02 
 1.526360e+01 -3.834973e-02 
 1.526400e+01 -3.887677e-02 
 1.526439e+01 -3.939532e-02 
 1.526479e+01 -3.989914e-02 
 1.526519e+01 -4.038128e-02 
 1.526559e+01 -4.083102e-02 
 1.526598e+01 -4.124195e-02 
 1.526638e+01 -4.160767e-02 
 1.526678e+01 -4.192802e-02 
 1.526718e+01 -4.220949e-02 
 1.526757e+01 -4.246746e-02 
 1.526797e+01 -4.272061e-02 
 1.526837e+01 -4.298280e-02 
 1.526877e+01 -4.325757e-02 
 1.526917e+01 -4.354125e-02 
 1.526956e+01 -4.382751e-02 
 1.526996e+01 -4.410840e-02 
 1.527036e+01 -4.437637e-02 
 1.527076e+01 -4.462166e-02 
 1.527115e+01 -4.483639e-02 
 1.527155e+01 -4.500511e-02 
 1.527195e+01 -4.511976e-02 
 1.527235e+01 -4.517264e-02 
 1.527274e+01 -4.515746e-02 
 1.527314e+01 -4.507918e-02 
 1.527354e+01 -4.494273e-02 
 1.527394e+01 -4.476086e-02 
 1.527434e+01 -4.454613e-02 
 1.527473e+01 -4.430227e-02 
 1.527513e+01 -4.403113e-02 
 1.527553e+01 -4.372531e-02 
 1.527593e+01 -4.338181e-02 
 1.527632e+01 -4.299851e-02 
 1.527672e+01 -4.257988e-02 
 1.527712e+01 -4.213406e-02 
 1.527752e+01 -4.167344e-02 
 1.527792e+01 -4.120686e-02 
 1.527831e+01 -4.074004e-02 
 1.527871e+01 -4.027109e-02 
 1.527911e+01 -3.978522e-02 
 1.527951e+01 -3.926912e-02 
 1.527990e+01 -3.871169e-02 
 1.528030e+01 -3.811109e-02 
 1.528070e+01 -3.747636e-02 
 1.528110e+01 -3.681900e-02 
 1.528149e+01 -3.615197e-02 
 1.528189e+01 -3.548754e-02 
 1.528229e+01 -3.483182e-02 
 1.528269e+01 -3.418977e-02 
 1.528309e+01 -3.356248e-02 
 1.528348e+01 -3.295281e-02 
 1.528388e+01 -3.236040e-02 
 1.528428e+01 -3.178506e-02 
 1.528468e+01 -3.122721e-02 
 1.528507e+01 -3.067799e-02 
 1.528547e+01 -3.012700e-02 
 1.528587e+01 -2.956924e-02 
 1.528627e+01 -2.900104e-02 
 1.528666e+01 -2.842800e-02 
 1.528706e+01 -2.786080e-02 
 1.528746e+01 -2.730991e-02 
 1.528786e+01 -2.678253e-02 
 1.528826e+01 -2.628046e-02 
 1.528865e+01 -2.579852e-02 
 1.528905e+01 -2.532458e-02 
 1.528945e+01 -2.484637e-02 
 1.528985e+01 -2.435834e-02 
 1.529024e+01 -2.385984e-02 
 1.529064e+01 -2.335792e-02 
 1.529104e+01 -2.286166e-02 
 1.529144e+01 -2.237561e-02 
 1.529183e+01 -2.190812e-02 
 1.529223e+01 -2.146148e-02 
 1.529263e+01 -2.104318e-02 
 1.529303e+01 -2.066598e-02 
 1.529343e+01 -2.034140e-02 
 1.529382e+01 -2.007639e-02 
 1.529422e+01 -1.987060e-02 
 1.529462e+01 -1.972548e-02 
 1.529502e+01 -1.963296e-02 
 1.529541e+01 -1.958725e-02 
 1.529581e+01 -1.958904e-02 
 1.529621e+01 -1.963815e-02 
 1.529661e+01 -1.973630e-02 
 1.529700e+01 -1.987994e-02 
 1.529740e+01 -2.006184e-02 
 1.529780e+01 -2.026173e-02 
 1.529820e+01 -2.045549e-02 
 1.529860e+01 -2.062683e-02 
 1.529899e+01 -2.076723e-02 
 1.529939e+01 -2.088047e-02 
 1.529979e+01 -2.097673e-02 
 1.530019e+01 -2.106660e-02 
 1.530058e+01 -2.116086e-02 
 1.530098e+01 -2.126439e-02 
 1.530138e+01 -2.137569e-02 
 1.530178e+01 -2.149612e-02 
 1.530217e+01 -2.162514e-02 
 1.530257e+01 -2.176386e-02 
 1.530297e+01 -2.191065e-02 
 1.530337e+01 -2.206999e-02 
 1.530377e+01 -2.222965e-02 
 1.530416e+01 -2.237062e-02 
 1.530456e+01 -2.247657e-02 
 1.530496e+01 -2.253073e-02 
 1.530536e+01 -2.252659e-02 
 1.530575e+01 -2.246891e-02 
 1.530615e+01 -2.236514e-02 
 1.530655e+01 -2.222775e-02 
 1.530695e+01 -2.205717e-02 
 1.530734e+01 -2.185327e-02 
 1.530774e+01 -2.160637e-02 
 1.530814e+01 -2.130437e-02 
 1.530854e+01 -2.093821e-02 
 1.530894e+01 -2.050627e-02 
 1.530933e+01 -2.002109e-02 
 1.530973e+01 -1.950307e-02 
 1.531013e+01 -1.896387e-02 
 1.531053e+01 -1.841459e-02 
 1.531092e+01 -1.786169e-02 
 1.531132e+01 -1.730499e-02 
 1.531172e+01 -1.674728e-02 
 1.531212e+01 -1.619505e-02 
 1.531251e+01 -1.565198e-02 
 1.531291e+01 -1.511901e-02 
 1.531331e+01 -1.460103e-02 
 1.531371e+01 -1.409753e-02 
 1.531411e+01 -1.360294e-02 
 1.531450e+01 -1.310895e-02 
 1.531490e+01 -1.261082e-02 
 1.531530e+01 -1.210594e-02 
 1.531570e+01 -1.159201e-02 
 1.531609e+01 -1.106784e-02 
 1.531649e+01 -1.052220e-02 
 1.531689e+01 -9.938856e-03 
 1.531729e+01 -9.305887e-03 
 1.531768e+01 -8.611878e-03 
 1.531808e+01 -7.863004e-03 
 1.531848e+01 -7.071123e-03 
 1.531888e+01 -6.255707e-03 
 1.531928e+01 -5.439103e-03 
 1.531967e+01 -4.635541e-03 
 1.532007e+01 -3.855296e-03 
 1.532047e+01 -3.092927e-03 
 1.532087e+01 -2.351330e-03 
 1.532126e+01 -1.630628e-03 
 1.532166e+01 -9.353125e-04 
 1.532206e+01 -2.728299e-04 
 1.532246e+01  3.511770e-04 
 1.532285e+01  9.402432e-04 
 1.532325e+01  1.505386e-03 
 1.532365e+01  2.058590e-03 
 1.532405e+01  2.612307e-03 
 1.532445e+01  3.169244e-03 
 1.532484e+01  3.724148e-03 
 1.532524e+01  4.268976e-03 
 1.532564e+01  4.785667e-03 
 1.532604e+01  5.269406e-03 
 1.532643e+01  5.723972e-03 
 1.532683e+01  6.157309e-03 
 1.532723e+01  6.579292e-03 
 1.532763e+01  6.992467e-03 
 1.532802e+01  7.390213e-03 
 1.532842e+01  7.752723e-03 
 1.532882e+01  8.065529e-03 
 1.532922e+01  8.317513e-03 
 1.532962e+01  8.502896e-03 
 1.533001e+01  8.628894e-03 
 1.533041e+01  8.707303e-03 
 1.533081e+01  8.751630e-03 
 1.533121e+01  8.773362e-03 
 1.533160e+01  8.775525e-03 
 1.533200e+01  8.752750e-03 
 1.533240e+01  8.699262e-03 
 1.533280e+01  8.615078e-03 
 1.533319e+01  8.506873e-03 
 1.533359e+01  8.386842e-03 
 1.533399e+01  8.265327e-03 
 1.533439e+01  8.145526e-03 
 1.533479e+01  8.025973e-03 
 1.533518e+01  7.908366e-03 
 1.533558e+01  7.788582e-03 
 1.533598e+01  7.669060e-03 
 1.533638e+01  7.551554e-03 
 1.533677e+01  7.437333e-03 
 1.533717e+01  7.323225e-03 
 1.533757e+01  7.202280e-03 
 1.533797e+01  7.058126e-03 
 1.533836e+01  6.877343e-03 
 1.533876e+01  6.645876e-03 
 1.533916e+01  6.358084e-03 
 1.533956e+01  6.016667e-03 
 1.533996e+01  5.629323e-03 
 1.534035e+01  5.200606e-03 
 1.534075e+01  4.729075e-03 
 1.534115e+01  4.213442e-03 
 1.534155e+01  3.654608e-03 
 1.534194e+01  3.050862e-03 
 1.534234e+01  2.406772e-03 
 1.534274e+01  1.728033e-03 
 1.534314e+01  1.020600e-03 
 1.534353e+01  2.827256e-04 
 1.534393e+01 -4.840186e-04 
 1.534433e+01 -1.288422e-03 
 1.534473e+01 -2.137889e-03 
 1.534513e+01 -3.036120e-03 
 1.534552e+01 -3.978726e-03 
 1.534592e+01 -4.955450e-03 
 1.534632e+01 -5.958848e-03 
 1.534672e+01 -6.985152e-03 
 1.534711e+01 -8.041894e-03 
 1.534751e+01 -9.136305e-03 
 1.534791e+01 -1.027228e-02 
 1.534831e+01 -1.144957e-02 
 1.534870e+01 -1.264855e-02 
 1.534910e+01 -1.384926e-02 
 1.534950e+01 -1.502807e-02 
 1.534990e+01 -1.616585e-02 
 1.535030e+01 -1.725601e-02 
 1.535069e+01 -1.830532e-02 
 1.535109e+01 -1.932738e-02 
 1.535149e+01 -2.033162e-02 
 1.535189e+01 -2.132179e-02 
 1.535228e+01 -2.229589e-02 
 1.535268e+01 -2.324524e-02 
 1.535308e+01 -2.416461e-02 
 1.535348e+01 -2.505768e-02 
 1.535387e+01 -2.592838e-02 
 1.535427e+01 -2.678788e-02 
 1.535467e+01 -2.763883e-02 
 1.535507e+01 -2.847629e-02 
 1.535547e+01 -2.929202e-02 
 1.535586e+01 -3.007232e-02 
 1.535626e+01 -3.081050e-02 
 1.535666e+01 -3.151274e-02 
 1.535706e+01 -3.219372e-02 
 1.535745e+01 -3.286587e-02 
 1.535785e+01 -3.353927e-02 
 1.535825e+01 -3.421186e-02 
 1.535865e+01 -3.487024e-02 
 1.535904e+01 -3.549746e-02 
 1.535944e+01 -3.608170e-02 
 1.535984e+01 -3.661607e-02 
 1.536024e+01 -3.709903e-02 
 1.536064e+01 -3.753956e-02 
 1.536103e+01 -3.794409e-02 
 1.536143e+01 -3.831698e-02 
 1.536183e+01 -3.865438e-02 
 1.536223e+01 -3.894569e-02 
 1.536262e+01 -3.918877e-02 
 1.536302e+01 -3.938264e-02 
 1.536342e+01 -3.953600e-02 
 1.536382e+01 -3.965958e-02 
 1.536421e+01 -3.975827e-02 
 1.536461e+01 -3.982700e-02 
 1.536501e+01 -3.985429e-02 
 1.536541e+01 -3.983695e-02 
 1.536581e+01 -3.977597e-02 
 1.536620e+01 -3.967800e-02 
 1.536660e+01 -3.955233e-02 
 1.536700e+01 -3.940844e-02 
 1.536740e+01 -3.924558e-02 
 1.536779e+01 -3.905781e-02 
 1.536819e+01 -3.883235e-02 
 1.536859e+01 -3.855355e-02 
 1.536899e+01 -3.821225e-02 
 1.536939e+01 -3.781919e-02 
 1.536978e+01 -3.739394e-02 
 1.537018e+01 -3.695948e-02 
 1.537058e+01 -3.653827e-02 
 1.537098e+01 -3.613892e-02 
 1.537137e+01 -3.576532e-02 
 1.537177e+01 -3.541937e-02 
 1.537217e+01 -3.509756e-02 
 1.537257e+01 -3.480148e-02 
 1.537296e+01 -3.454059e-02 
 1.537336e+01 -3.432517e-02 
 1.537376e+01 -3.415583e-02 
 1.537416e+01 -3.402975e-02 
 1.537456e+01 -3.393126e-02 
 1.537495e+01 -3.383951e-02 
 1.537535e+01 -3.374440e-02 
 1.537575e+01 -3.364960e-02 
 1.537615e+01 -3.356604e-02 
 1.537654e+01 -3.350869e-02 
 1.537694e+01 -3.348506e-02 
 1.537734e+01 -3.349354e-02 
 1.537774e+01 -3.351595e-02 
 1.537813e+01 -3.354029e-02 
 1.537853e+01 -3.355103e-02 
 1.537893e+01 -3.354732e-02 
 1.537933e+01 -3.354006e-02 
 1.537973e+01 -3.353945e-02 
 1.538012e+01 -3.356326e-02 
 1.538052e+01 -3.361209e-02 
 1.538092e+01 -3.367660e-02 
 1.538132e+01 -3.373911e-02 
 1.538171e+01 -3.378742e-02 
 1.538211e+01 -3.381170e-02 
 1.538251e+01 -3.381186e-02 
 1.538291e+01 -3.378993e-02 
 1.538330e+01 -3.374661e-02 
 1.538370e+01 -3.367758e-02 
 1.538410e+01 -3.358258e-02 
 1.538450e+01 -3.346481e-02 
 1.538490e+01 -3.332487e-02 
 1.538529e+01 -3.317233e-02 
 1.538569e+01 -3.301547e-02 
 1.538609e+01 -3.286543e-02 
 1.538649e+01 -3.272307e-02 
 1.538688e+01 -3.258681e-02 
 1.538728e+01 -3.244878e-02 
 1.538768e+01 -3.229927e-02 
 1.538808e+01 -3.213834e-02 
 1.538847e+01 -3.197443e-02 
 1.538887e+01 -3.181611e-02 
 1.538927e+01 -3.167949e-02 
 1.538967e+01 -3.157436e-02 
 1.539007e+01 -3.150414e-02 
 1.539046e+01 -3.147030e-02 
 1.539086e+01 -3.146409e-02 
 1.539126e+01 -3.147670e-02 
 1.539166e+01 -3.150354e-02 
 1.539205e+01 -3.154278e-02 
 1.539245e+01 -3.159146e-02 
 1.539285e+01 -3.164344e-02 
 1.539325e+01 -3.168571e-02 
 1.539364e+01 -3.169677e-02 
 1.539404e+01 -3.166214e-02 
 1.539444e+01 -3.157268e-02 
 1.539484e+01 -3.143136e-02 
 1.539524e+01 -3.124804e-02 
 1.539563e+01 -3.103707e-02 
 1.539603e+01 -3.081312e-02 
 1.539643e+01 -3.058438e-02 
 1.539683e+01 -3.035671e-02 
 1.539722e+01 -3.012430e-02 
 1.539762e+01 -2.988445e-02 
 1.539802e+01 -2.964026e-02 
 1.539842e+01 -2.939715e-02 
 1.539881e+01 -2.916599e-02 
 1.539921e+01 -2.895629e-02 
 1.539961e+01 -2.876668e-02 
 1.540001e+01 -2.859025e-02 
 1.540041e+01 -2.841065e-02 
 1.540080e+01 -2.821087e-02 
 1.540120e+01 -2.797404e-02 
 1.540160e+01 -2.769558e-02 
 1.540200e+01 -2.737314e-02 
 1.540239e+01 -2.701434e-02 
 1.540279e+01 -2.662544e-02 
 1.540319e+01 -2.621323e-02 
 1.540359e+01 -2.577870e-02 
 1.540398e+01 -2.532505e-02 
 1.540438e+01 -2.485623e-02 
 1.540478e+01 -2.437909e-02 
 1.540518e+01 -2.390490e-02 
 1.540558e+01 -2.344216e-02 
 1.540597e+01 -2.299574e-02 
 1.540637e+01 -2.255830e-02 
 1.540677e+01 -2.212642e-02 
 1.540717e+01 -2.168961e-02 
 1.540756e+01 -2.124039e-02 
 1.540796e+01 -2.077891e-02 
 1.540836e+01 -2.030812e-02 
 1.540876e+01 -1.982656e-02 
 1.540915e+01 -1.933405e-02 
 1.540955e+01 -1.883049e-02 
 1.540995e+01 -1.830785e-02 
 1.541035e+01 -1.775204e-02 
 1.541075e+01 -1.715406e-02 
 1.541114e+01 -1.650660e-02 
 1.541154e+01 -1.580510e-02 
 1.541194e+01 -1.504779e-02 
 1.541234e+01 -1.423159e-02 
 1.541273e+01 -1.335833e-02 
 1.541313e+01 -1.243042e-02 
 1.541353e+01 -1.144898e-02 
 1.541393e+01 -1.041762e-02 
 1.541432e+01 -9.342630e-03 
 1.541472e+01 -8.230384e-03 
 1.541512e+01 -7.096739e-03 
 1.541552e+01 -5.956871e-03 
 1.541592e+01 -4.821121e-03 
 1.541631e+01 -3.699939e-03 
 1.541671e+01 -2.602866e-03 
 1.541711e+01 -1.538626e-03 
 1.541751e+01 -5.131552e-04 
 1.541790e+01  4.704352e-04 
 1.541830e+01  1.409123e-03 
 1.541870e+01  2.304135e-03 
 1.541910e+01  3.165551e-03 
 1.541949e+01  4.000844e-03 
 1.541989e+01  4.819989e-03 
 1.542029e+01  5.630210e-03 
 1.542069e+01  6.431992e-03 
 1.542109e+01  7.221387e-03 
 1.542148e+01  7.991531e-03 
 1.542188e+01  8.733769e-03 
 1.542228e+01  9.441078e-03 
 1.542268e+01  1.010754e-02 
 1.542307e+01  1.072732e-02 
 1.542347e+01  1.129856e-02 
 1.542387e+01  1.181104e-02 
 1.542427e+01  1.225691e-02 
 1.542466e+01  1.262713e-02 
 1.542506e+01  1.291849e-02 
 1.542546e+01  1.313614e-02 
 1.542586e+01  1.328432e-02 
 1.542626e+01  1.337572e-02 
 1.542665e+01  1.342460e-02 
 1.542705e+01  1.344016e-02 
 1.542745e+01  1.343012e-02 
 1.542785e+01  1.339261e-02 
 1.542824e+01  1.332060e-02 
 1.542864e+01  1.321379e-02 
 1.542904e+01  1.307426e-02 
 1.542944e+01  1.290408e-02 
 1.542983e+01  1.271254e-02 
 1.543023e+01  1.249974e-02 
 1.543063e+01  1.226612e-02 
 1.543103e+01  1.200679e-02 
 1.543143e+01  1.171427e-02 
 1.543182e+01  1.137983e-02 
 1.543222e+01  1.100116e-02 
 1.543262e+01  1.058036e-02 
 1.543302e+01  1.012472e-02 
 1.543341e+01  9.644218e-03 
 1.543381e+01  9.144890e-03 
 1.543421e+01  8.625376e-03 
 1.543461e+01  8.079219e-03 
 1.543500e+01  7.500480e-03 
 1.543540e+01  6.876893e-03 
 1.543580e+01  6.207277e-03 
 1.543620e+01  5.488425e-03 
 1.543660e+01  4.726234e-03 
 1.543699e+01  3.927392e-03 
 1.543739e+01  3.100640e-03 
 1.543779e+01  2.255768e-03 
 1.543819e+01  1.406776e-03 
 1.543858e+01  5.636904e-04 
 1.543898e+01 -2.610109e-04 
 1.543938e+01 -1.058216e-03 
 1.543978e+01 -1.825390e-03 
 1.544017e+01 -2.560697e-03 
 1.544057e+01 -3.276518e-03 
 1.544097e+01 -3.983957e-03 
 1.544137e+01 -4.692376e-03 
 1.544177e+01 -5.409297e-03 
 1.544216e+01 -6.135390e-03 
 1.544256e+01 -6.863690e-03 
 1.544296e+01 -7.584468e-03 
 1.544336e+01 -8.290786e-03 
 1.544375e+01 -8.979661e-03 
 1.544415e+01 -9.650274e-03 
 1.544455e+01 -1.030741e-02 
 1.544495e+01 -1.094895e-02 
 1.544534e+01 -1.156921e-02 
 1.544574e+01 -1.216002e-02 
 1.544614e+01 -1.271499e-02 
 1.544654e+01 -1.323006e-02 
 1.544694e+01 -1.370858e-02 
 1.544733e+01 -1.416050e-02 
 1.544773e+01 -1.459640e-02 
 1.544813e+01 -1.502910e-02 
 1.544853e+01 -1.546615e-02 
 1.544892e+01 -1.591220e-02 
 1.544932e+01 -1.637523e-02 
 1.544972e+01 -1.685817e-02 
 1.545012e+01 -1.736695e-02 
 1.545051e+01 -1.791103e-02 
 1.545091e+01 -1.849379e-02 
 1.545131e+01 -1.911084e-02 
 1.545171e+01 -1.975318e-02 
 1.545211e+01 -2.040716e-02 
 1.545250e+01 -2.105293e-02 
 1.545290e+01 -2.168195e-02 
 1.545330e+01 -2.229378e-02 
 1.545370e+01 -2.289584e-02 
 1.545409e+01 -2.349514e-02 
 1.545449e+01 -2.409780e-02 
 1.545489e+01 -2.470254e-02 
 1.545529e+01 -2.530350e-02 
 1.545568e+01 -2.588935e-02 
 1.545608e+01 -2.645031e-02 
 1.545648e+01 -2.698170e-02 
 1.545688e+01 -2.748370e-02 
 1.545728e+01 -2.796010e-02 
 1.545767e+01 -2.841146e-02 
 1.545807e+01 -2.883802e-02 
 1.545847e+01 -2.922930e-02 
 1.545887e+01 -2.958323e-02 
 1.545926e+01 -2.989854e-02 
 1.545966e+01 -3.017756e-02 
 1.546006e+01 -3.042941e-02 
 1.546046e+01 -3.066465e-02 
 1.546085e+01 -3.089246e-02 
 1.546125e+01 -3.111337e-02 
 1.546165e+01 -3.132577e-02 
 1.546205e+01 -3.151995e-02 
 1.546245e+01 -3.168737e-02 
 1.546284e+01 -3.182222e-02 
 1.546324e+01 -3.192107e-02 
 1.546364e+01 -3.198617e-02 
 1.546404e+01 -3.202389e-02 
 1.546443e+01 -3.203834e-02 
 1.546483e+01 -3.203324e-02 
 1.546523e+01 -3.200866e-02 
 1.546563e+01 -3.196664e-02 
 1.546603e+01 -3.190974e-02 
 1.546642e+01 -3.184357e-02 
 1.546682e+01 -3.178010e-02 
 1.546722e+01 -3.172211e-02 
 1.546762e+01 -3.168043e-02 
 1.546801e+01 -3.166174e-02 
 1.546841e+01 -3.166655e-02 
 1.546881e+01 -3.169833e-02 
 1.546921e+01 -3.175422e-02 
 1.546960e+01 -3.182908e-02 
 1.547000e+01 -3.191816e-02 
 1.547040e+01 -3.201347e-02 
 1.547080e+01 -3.210552e-02 
 1.547120e+01 -3.217740e-02 
 1.547159e+01 -3.221872e-02 
 1.547199e+01 -3.222259e-02 
 1.547239e+01 -3.219073e-02 
 1.547279e+01 -3.213398e-02 
 1.547318e+01 -3.206773e-02 
 1.547358e+01 -3.200964e-02 
 1.547398e+01 -3.197343e-02 
 1.547438e+01 -3.195917e-02 
 1.547477e+01 -3.196034e-02 
 1.547517e+01 -3.196349e-02 
 1.547557e+01 -3.196518e-02 
 1.547597e+01 -3.196373e-02 
 1.547637e+01 -3.196805e-02 
 1.547676e+01 -3.198764e-02 
 1.547716e+01 -3.202461e-02 
 1.547756e+01 -3.207708e-02 
 1.547796e+01 -3.213859e-02 
 1.547835e+01 -3.219761e-02 
 1.547875e+01 -3.225066e-02 
 1.547915e+01 -3.230591e-02 
 1.547955e+01 -3.237503e-02 
 1.547994e+01 -3.247225e-02 
 1.548034e+01 -3.260877e-02 
 1.548074e+01 -3.278792e-02 
 1.548114e+01 -3.299949e-02 
 1.548154e+01 -3.323652e-02 
 1.548193e+01 -3.349174e-02 
 1.548233e+01 -3.376539e-02 
 1.548273e+01 -3.406344e-02 
 1.548313e+01 -3.438787e-02 
 1.548352e+01 -3.473908e-02 
 1.548392e+01 -3.510658e-02 
 1.548432e+01 -3.547821e-02 
 1.548472e+01 -3.584541e-02 
 1.548511e+01 -3.620222e-02 
 1.548551e+01 -3.655192e-02 
 1.548591e+01 -3.689986e-02 
 1.548631e+01 -3.725575e-02 
 1.548671e+01 -3.762218e-02 
 1.548710e+01 -3.799284e-02 
 1.548750e+01 -3.835571e-02 
 1.548790e+01 -3.869468e-02 
 1.548830e+01 -3.899548e-02 
 1.548869e+01 -3.925108e-02 
 1.548909e+01 -3.945480e-02 
 1.548949e+01 -3.960367e-02 
 1.548989e+01 -3.969068e-02 
 1.549028e+01 -3.971205e-02 
 1.549068e+01 -3.966075e-02 
 1.549108e+01 -3.953292e-02 
 1.549148e+01 -3.933568e-02 
 1.549188e+01 -3.908280e-02 
 1.549227e+01 -3.879415e-02 
 1.549267e+01 -3.849093e-02 
 1.549307e+01 -3.818848e-02 
 1.549347e+01 -3.789244e-02 
 1.549386e+01 -3.760114e-02 
 1.549426e+01 -3.730357e-02 
 1.549466e+01 -3.699192e-02 
 1.549506e+01 -3.665640e-02 
 1.549545e+01 -3.629381e-02 
 1.549585e+01 -3.590229e-02 
 1.549625e+01 -3.547781e-02 
 1.549665e+01 -3.501908e-02 
 1.549705e+01 -3.452003e-02 
 1.549744e+01 -3.397755e-02 
 1.549784e+01 -3.339192e-02 
 1.549824e+01 -3.276850e-02 
 1.549864e+01 -3.212118e-02 
 1.549903e+01 -3.146208e-02 
 1.549943e+01 -3.080168e-02 
 1.549983e+01 -3.014317e-02 
 1.550023e+01 -2.948533e-02 
 1.550062e+01 -2.882423e-02 
 1.550102e+01 -2.816013e-02 
 1.550142e+01 -2.749886e-02 
 1.550182e+01 -2.684770e-02 
 1.550222e+01 -2.621548e-02 
 1.550261e+01 -2.560203e-02 
 1.550301e+01 -2.500130e-02 
 1.550341e+01 -2.439931e-02 
 1.550381e+01 -2.377975e-02 
 1.550420e+01 -2.313027e-02 
 1.550460e+01 -2.244999e-02 
 1.550500e+01 -2.174745e-02 
 1.550540e+01 -2.103608e-02 
 1.550579e+01 -2.032044e-02 
 1.550619e+01 -1.960014e-02 
 1.550659e+01 -1.886638e-02 
 1.550699e+01 -1.810686e-02 
 1.550739e+01 -1.731220e-02 
 1.550778e+01 -1.648232e-02 
 1.550818e+01 -1.562469e-02 
 1.550858e+01 -1.475084e-02 
 1.550898e+01 -1.387118e-02 
 1.550937e+01 -1.299167e-02 
 1.550977e+01 -1.211292e-02 
 1.551017e+01 -1.123626e-02 
 1.551057e+01 -1.036463e-02 
 1.551096e+01 -9.509174e-03 
 1.551136e+01 -8.687351e-03 
 1.551176e+01 -7.917268e-03 
 1.551216e+01 -7.210902e-03 
 1.551256e+01 -6.571008e-03 
 1.551295e+01 -5.990471e-03 
 1.551335e+01 -5.459009e-03 
 1.551375e+01 -4.966121e-03 
 1.551415e+01 -4.502289e-03 
 1.551454e+01 -4.057200e-03 
 1.551494e+01 -3.622283e-03 
 1.551534e+01 -3.183616e-03 
 1.551574e+01 -2.724193e-03 
 1.551613e+01 -2.231802e-03 
 1.551653e+01 -1.699517e-03 
 1.551693e+01 -1.128159e-03 
 1.551733e+01 -5.295227e-04 
 1.551773e+01  7.843341e-05 
 1.551812e+01  6.779552e-04 
 1.551852e+01  1.259186e-03 
 1.551892e+01  1.823256e-03 
 1.551932e+01  2.369919e-03 
 1.551971e+01  2.898214e-03 
 1.552011e+01  3.407396e-03 
 1.552051e+01  3.891361e-03 
 1.552091e+01  4.344618e-03 
 1.552130e+01  4.763556e-03 
 1.552170e+01  5.153676e-03 
 1.552210e+01  5.525923e-03 
 1.552250e+01  5.893950e-03 
 1.552290e+01  6.266991e-03 
 1.552329e+01  6.649114e-03 
 1.552369e+01  7.033610e-03 
 1.552409e+01  7.409502e-03 
 1.552449e+01  7.766381e-03 
 1.552488e+01  8.101111e-03 
 1.552528e+01  8.409623e-03 
 1.552568e+01  8.692713e-03 
 1.552608e+01  8.948795e-03 
 1.552647e+01  9.171502e-03 
 1.552687e+01  9.354872e-03 
 1.552727e+01  9.491196e-03 
 1.552767e+01  9.575138e-03 
 1.552807e+01  9.601038e-03 
 1.552846e+01  9.568927e-03 
 1.552886e+01  9.481308e-03 
 1.552926e+01  9.341786e-03 
 1.552966e+01  9.153362e-03 
 1.553005e+01  8.915122e-03 
 1.553045e+01  8.622028e-03 
 1.553085e+01  8.268319e-03 
 1.553125e+01  7.851485e-03 
 1.553164e+01  7.372917e-03 
 1.553204e+01  6.835221e-03 
 1.553244e+01  6.251157e-03 
 1.553284e+01  5.631097e-03 
 1.553324e+01  4.989101e-03 
 1.553363e+01  4.337318e-03 
 1.553403e+01  3.682778e-03 
 1.553443e+01  3.031328e-03 
 1.553483e+01  2.387434e-03 
 1.553522e+01  1.757660e-03 
 1.553562e+01  1.147392e-03 
 1.553602e+01  5.579901e-04 
 1.553642e+01 -1.646523e-05 
 1.553681e+01 -5.852146e-04 
 1.553721e+01 -1.162815e-03 
 1.553761e+01 -1.762283e-03 
 1.553801e+01 -2.390143e-03 
 1.553841e+01 -3.041735e-03 
 1.553880e+01 -3.712908e-03 
 1.553920e+01 -4.393349e-03 
 1.553960e+01 -5.076440e-03 
 1.554000e+01 -5.759138e-03 
 1.554039e+01 -6.440013e-03 
 1.554079e+01 -7.114097e-03 
 1.554119e+01 -7.774872e-03 
 1.554159e+01 -8.417495e-03 
 1.554198e+01 -9.037029e-03 
 1.554238e+01 -9.633195e-03 
 1.554278e+01 -1.021542e-02 
 1.554318e+01 -1.079212e-02 
 1.554358e+01 -1.137333e-02 
 1.554397e+01 -1.195995e-02 
 1.554437e+01 -1.254939e-02 
 1.554477e+01 -1.313546e-02 
 1.554517e+01 -1.371409e-02 
 1.554556e+01 -1.427910e-02 
 1.554596e+01 -1.483215e-02 
 1.554636e+01 -1.538071e-02 
 1.554676e+01 -1.592829e-02 
 1.554715e+01 -1.647649e-02 
 1.554755e+01 -1.701921e-02 
 1.554795e+01 -1.754168e-02 
 1.554835e+01 -1.803352e-02 
 1.554875e+01 -1.849191e-02 
 1.554914e+01 -1.891998e-02 
 1.554954e+01 -1.932482e-02 
 1.554994e+01 -1.970985e-02 
 1.555034e+01 -2.007154e-02 
 1.555073e+01 -2.040406e-02 
 1.555113e+01 -2.070112e-02 
 1.555153e+01 -2.095769e-02 
 1.555193e+01 -2.116906e-02 
 1.555232e+01 -2.134241e-02 
 1.555272e+01 -2.149079e-02 
 1.555312e+01 -2.162362e-02 
 1.555352e+01 -2.174518e-02 
 1.555392e+01 -2.185390e-02 
 1.555431e+01 -2.194463e-02 
 1.555471e+01 -2.201201e-02 
 1.555511e+01 -2.206129e-02 
 1.555551e+01 -2.210351e-02 
 1.555590e+01 -2.214975e-02 
 1.555630e+01 -2.221741e-02 
 1.555670e+01 -2.231860e-02 
 1.555710e+01 -2.245408e-02 
 1.555750e+01 -2.262237e-02 
 1.555789e+01 -2.282213e-02 
 1.555829e+01 -2.304701e-02 
 1.555869e+01 -2.329704e-02 
 1.555909e+01 -2.356990e-02 
 1.555948e+01 -2.386506e-02 
 1.555988e+01 -2.417984e-02 
 1.556028e+01 -2.450764e-02 
 1.556068e+01 -2.483918e-02 
 1.556107e+01 -2.517046e-02 
 1.556147e+01 -2.550033e-02 
 1.556187e+01 -2.583567e-02 
 1.556227e+01 -2.618402e-02 
 1.556267e+01 -2.655643e-02 
 1.556306e+01 -2.695592e-02 
 1.556346e+01 -2.737672e-02 
 1.556386e+01 -2.781028e-02 
 1.556426e+01 -2.824247e-02 
 1.556465e+01 -2.866051e-02 
 1.556505e+01 -2.906058e-02 
 1.556545e+01 -2.944493e-02 
 1.556585e+01 -2.981699e-02 
 1.556624e+01 -3.017794e-02 
 1.556664e+01 -3.052462e-02 
 1.556704e+01 -3.084623e-02 
 1.556744e+01 -3.113571e-02 
 1.556784e+01 -3.139054e-02 
 1.556823e+01 -3.161182e-02 
 1.556863e+01 -3.180840e-02 
 1.556903e+01 -3.199274e-02 
 1.556943e+01 -3.217174e-02 
 1.556982e+01 -3.234638e-02 
 1.557022e+01 -3.251563e-02 
 1.557062e+01 -3.267270e-02 
 1.557102e+01 -3.281871e-02 
 1.557141e+01 -3.296634e-02 
 1.557181e+01 -3.312957e-02 
 1.557221e+01 -3.331477e-02 
 1.557261e+01 -3.351989e-02 
 1.557301e+01 -3.373336e-02 
 1.557340e+01 -3.393594e-02 
 1.557380e+01 -3.411587e-02 
 1.557420e+01 -3.427039e-02 
 1.557460e+01 -3.440742e-02 
 1.557499e+01 -3.454090e-02 
 1.557539e+01 -3.469062e-02 
 1.557579e+01 -3.486769e-02 
 1.557619e+01 -3.507452e-02 
 1.557658e+01 -3.530214e-02 
 1.557698e+01 -3.553751e-02 
 1.557738e+01 -3.578123e-02 
 1.557778e+01 -3.603712e-02 
 1.557818e+01 -3.631115e-02 
 1.557857e+01 -3.660404e-02 
 1.557897e+01 -3.690608e-02 
 1.557937e+01 -3.720079e-02 
 1.557977e+01 -3.747273e-02 
 1.558016e+01 -3.771718e-02 
 1.558056e+01 -3.793237e-02 
 1.558096e+01 -3.812535e-02 
 1.558136e+01 -3.831062e-02 
 1.558175e+01 -3.850052e-02 
 1.558215e+01 -3.869319e-02 
 1.558255e+01 -3.888132e-02 
 1.558295e+01 -3.905091e-02 
 1.558335e+01 -3.918540e-02 
 1.558374e+01 -3.928019e-02 
 1.558414e+01 -3.933981e-02 
 1.558454e+01 -3.936748e-02 
 1.558494e+01 -3.937241e-02 
 1.558533e+01 -3.935898e-02 
 1.558573e+01 -3.932552e-02 
 1.558613e+01 -3.926884e-02 
 1.558653e+01 -3.919547e-02 
 1.558692e+01 -3.911578e-02 
 1.558732e+01 -3.904443e-02 
 1.558772e+01 -3.900136e-02 
 1.558812e+01 -3.900020e-02 
 1.558852e+01 -3.904095e-02 
 1.558891e+01 -3.911647e-02 
 1.558931e+01 -3.921120e-02 
 1.558971e+01 -3.931385e-02 
 1.559011e+01 -3.941733e-02 
 1.559050e+01 -3.952593e-02 
 1.559090e+01 -3.963541e-02 
 1.559130e+01 -3.974408e-02 
 1.559170e+01 -3.984108e-02 
 1.559209e+01 -3.990894e-02 
 1.559249e+01 -3.992906e-02 
 1.559289e+01 -3.988713e-02 
 1.559329e+01 -3.977557e-02 
 1.559369e+01 -3.959607e-02 
 1.559408e+01 -3.936367e-02 
 1.559448e+01 -3.909387e-02 
 1.559488e+01 -3.879518e-02 
 1.559528e+01 -3.846758e-02 
 1.559567e+01 -3.809903e-02 
 1.559607e+01 -3.769207e-02 
 1.559647e+01 -3.725110e-02 
 1.559687e+01 -3.678588e-02 
 1.559726e+01 -3.630350e-02 
 1.559766e+01 -3.580823e-02 
 1.559806e+01 -3.530086e-02 
 1.559846e+01 -3.476604e-02 
 1.559886e+01 -3.419361e-02 
 1.559925e+01 -3.356560e-02 
 1.559965e+01 -3.287314e-02 
 1.560005e+01 -3.211678e-02 
 1.560045e+01 -3.130659e-02 
 1.560084e+01 -3.045613e-02 
 1.560124e+01 -2.957013e-02 
 1.560164e+01 -2.864638e-02 
 1.560204e+01 -2.767589e-02 
 1.560243e+01 -2.665344e-02 
 1.560283e+01 -2.558203e-02 
 1.560323e+01 -2.447101e-02 
 1.560363e+01 -2.333638e-02 
 1.560403e+01 -2.219317e-02 
 1.560442e+01 -2.105205e-02 
 1.560482e+01 -1.991653e-02 
 1.560522e+01 -1.879115e-02 
 1.560562e+01 -1.767814e-02 
 1.560601e+01 -1.658267e-02 
 1.560641e+01 -1.551970e-02 
 1.560681e+01 -1.450640e-02 
 1.560721e+01 -1.355395e-02 
 1.560760e+01 -1.267024e-02 
 1.560800e+01 -1.185380e-02 
 1.560840e+01 -1.108886e-02 
 1.560880e+01 -1.036124e-02 
 1.560920e+01 -9.663887e-03 
 1.560959e+01 -8.988550e-03 
 1.560999e+01 -8.330133e-03 
 1.561039e+01 -7.684899e-03 
 1.561079e+01 -7.041482e-03 
 1.561118e+01 -6.387897e-03 
 1.561158e+01 -5.715465e-03 
 1.561198e+01 -5.015561e-03 
 1.561238e+01 -4.278942e-03 
 1.561277e+01 -3.512399e-03 
 1.561317e+01 -2.723788e-03 
 1.561357e+01 -1.930507e-03 
 1.561397e+01 -1.148591e-03 
 1.561437e+01 -3.922025e-04 
 1.561476e+01  3.296776e-04 
 1.561516e+01  1.009165e-03 
 1.561556e+01  1.639465e-03 
 1.561596e+01  2.212749e-03 
 1.561635e+01  2.721032e-03 
 1.561675e+01  3.160651e-03 
 1.561715e+01  3.535571e-03 
 1.561755e+01  3.854697e-03 
 1.561794e+01  4.132967e-03 
 1.561834e+01  4.390997e-03 
 1.561874e+01  4.638930e-03 
 1.561914e+01  4.884462e-03 
 1.561954e+01  5.123599e-03 
 1.561993e+01  5.348736e-03 
 1.562033e+01  5.553216e-03 
 1.562073e+01  5.737084e-03 
 1.562113e+01  5.902547e-03 
 1.562152e+01  6.052289e-03 
 1.562192e+01  6.190023e-03 
 1.562232e+01  6.314897e-03 
 1.562272e+01  6.414195e-03 
 1.562311e+01  6.474903e-03 
 1.562351e+01  6.494029e-03 
 1.562391e+01  6.472189e-03 
 1.562431e+01  6.416100e-03 
 1.562471e+01  6.343249e-03 
 1.562510e+01  6.260616e-03 
 1.562550e+01  6.163878e-03 
 1.562590e+01  6.044755e-03 
 1.562630e+01  5.896575e-03 
 1.562669e+01  5.708937e-03 
 1.562709e+01  5.483562e-03 
 1.562749e+01  5.231802e-03 
 1.562789e+01  4.970265e-03 
 1.562828e+01  4.716043e-03 
 1.562868e+01  4.479713e-03 
 1.562908e+01  4.261676e-03 
 1.562948e+01  4.060118e-03 
 1.562988e+01  3.868598e-03 
 1.563027e+01  3.687455e-03 
 1.563067e+01  3.522562e-03 
 1.563107e+01  3.380939e-03 
 1.563147e+01  3.265082e-03 
 1.563186e+01  3.170858e-03 
 1.563226e+01  3.083291e-03 
 1.563266e+01  2.977841e-03 
 1.563306e+01  2.837788e-03 
 1.563345e+01  2.655703e-03 
 1.563385e+01  2.428654e-03 
 1.563425e+01  2.156194e-03 
 1.563465e+01  1.847954e-03 
 1.563505e+01  1.502806e-03 
 1.563544e+01  1.115289e-03 
 1.563584e+01  6.788633e-04 
 1.563624e+01  1.902551e-04 
 1.563664e+01 -3.534418e-04 
 1.563703e+01 -9.364929e-04 
 1.563743e+01 -1.541209e-03 
 1.563783e+01 -2.150412e-03 
 1.563823e+01 -2.757319e-03 
 1.563862e+01 -3.361326e-03 
 1.563902e+01 -3.969819e-03 
 1.563942e+01 -4.590259e-03 
 1.563982e+01 -5.226079e-03 
 1.564022e+01 -5.873735e-03 
 1.564061e+01 -6.525116e-03 
 1.564101e+01 -7.168927e-03 
 1.564141e+01 -7.804213e-03 
 1.564181e+01 -8.436589e-03 
 1.564220e+01 -9.073550e-03 
 1.564260e+01 -9.721075e-03 
 1.564300e+01 -1.037761e-02 
 1.564340e+01 -1.102381e-02 
 1.564379e+01 -1.164316e-02 
 1.564419e+01 -1.222264e-02 
 1.564459e+01 -1.275512e-02 
 1.564499e+01 -1.324559e-02 
 1.564539e+01 -1.370673e-02 
 1.564578e+01 -1.415287e-02 
 1.564618e+01 -1.459273e-02 
 1.564658e+01 -1.502252e-02 
 1.564698e+01 -1.542851e-02 
 1.564737e+01 -1.579921e-02 
 1.564777e+01 -1.613169e-02 
 1.564817e+01 -1.643308e-02 
 1.564857e+01 -1.671772e-02 
 1.564897e+01 -1.700497e-02 
 1.564936e+01 -1.729766e-02 
 1.564976e+01 -1.758537e-02 
 1.565016e+01 -1.785544e-02 
 1.565056e+01 -1.809217e-02 
 1.565095e+01 -1.829173e-02 
 1.565135e+01 -1.846403e-02 
 1.565175e+01 -1.862583e-02 
 1.565215e+01 -1.878700e-02 
 1.565254e+01 -1.895616e-02 
 1.565294e+01 -1.913152e-02 
 1.565334e+01 -1.930416e-02 
 1.565374e+01 -1.946116e-02 
 1.565414e+01 -1.960380e-02 
 1.565453e+01 -1.973604e-02 
 1.565493e+01 -1.987275e-02 
 1.565533e+01 -2.002716e-02 
 1.565573e+01 -2.020132e-02 
 1.565612e+01 -2.038411e-02 
 1.565652e+01 -2.055513e-02 
 1.565692e+01 -2.069789e-02 
 1.565732e+01 -2.080582e-02 
 1.565771e+01 -2.088491e-02 
 1.565811e+01 -2.094658e-02 
 1.565851e+01 -2.100159e-02 
 1.565891e+01 -2.105753e-02 
 1.565931e+01 -2.111145e-02 
 1.565970e+01 -2.115503e-02 
 1.566010e+01 -2.118270e-02 
 1.566050e+01 -2.119567e-02 
 1.566090e+01 -2.120312e-02 
 1.566129e+01 -2.121944e-02 
 1.566169e+01 -2.125678e-02 
 1.566209e+01 -2.131583e-02 
 1.566249e+01 -2.138799e-02 
 1.566288e+01 -2.146059e-02 
 1.566328e+01 -2.152027e-02 
 1.566368e+01 -2.156857e-02 
 1.566408e+01 -2.162123e-02 
 1.566448e+01 -2.169543e-02 
 1.566487e+01 -2.180856e-02 
 1.566527e+01 -2.197357e-02 
 1.566567e+01 -2.219547e-02 
 1.566607e+01 -2.246572e-02 
 1.566646e+01 -2.278065e-02 
 1.566686e+01 -2.314092e-02 
 1.566726e+01 -2.354971e-02 
 1.566766e+01 -2.401616e-02 
 1.566805e+01 -2.454454e-02 
 1.566845e+01 -2.512845e-02 
 1.566885e+01 -2.575608e-02 
 1.566925e+01 -2.640805e-02 
 1.566965e+01 -2.706582e-02 
 1.567004e+01 -2.772001e-02 
 1.567044e+01 -2.836925e-02 
 1.567084e+01 -2.902130e-02 
 1.567124e+01 -2.968557e-02 
 1.567163e+01 -3.036974e-02 
 1.567203e+01 -3.106893e-02 
 1.567243e+01 -3.176926e-02 
 1.567283e+01 -3.245881e-02 
 1.567322e+01 -3.312540e-02 
 1.567362e+01 -3.377433e-02 
 1.567402e+01 -3.441393e-02 
 1.567442e+01 -3.505232e-02 
 1.567482e+01 -3.569258e-02 
 1.567521e+01 -3.633104e-02 
 1.567561e+01 -3.695349e-02 
 1.567601e+01 -3.754144e-02 
 1.567641e+01 -3.808469e-02 
 1.567680e+01 -3.857893e-02 
 1.567720e+01 -3.903202e-02 
 1.567760e+01 -3.945810e-02 
 1.567800e+01 -3.986780e-02 
 1.567839e+01 -4.025740e-02 
 1.567879e+01 -4.061810e-02 
 1.567919e+01 -4.093897e-02 
 1.567959e+01 -4.121348e-02 
 1.567999e+01 -4.144805e-02 
 1.568038e+01 -4.165716e-02 
 1.568078e+01 -4.185110e-02 
 1.568118e+01 -4.203517e-02 
 1.568158e+01 -4.221410e-02 
 1.568197e+01 -4.238463e-02 
 1.568237e+01 -4.253856e-02 
 1.568277e+01 -4.267524e-02 
 1.568317e+01 -4.279838e-02 
 1.568356e+01 -4.291951e-02 
 1.568396e+01 -4.305768e-02 
 1.568436e+01 -4.322574e-02 
 1.568476e+01 -4.342464e-02 
 1.568516e+01 -4.364372e-02 
 1.568555e+01 -4.386447e-02 
 1.568595e+01 -4.407001e-02 
 1.568635e+01 -4.425490e-02 
 1.568675e+01 -4.441612e-02 
 1.568714e+01 -4.454861e-02 
 1.568754e+01 -4.464972e-02 
 1.568794e+01 -4.471257e-02 
 1.568834e+01 -4.471970e-02 
 1.568873e+01 -4.465788e-02 
 1.568913e+01 -4.452087e-02 
 1.568953e+01 -4.430871e-02 
 1.568993e+01 -4.403344e-02 
 1.569033e+01 -4.371458e-02 
 1.569072e+01 -4.336250e-02 
 1.569112e+01 -4.298240e-02 
 1.569152e+01 -4.257585e-02 
 1.569192e+01 -4.213605e-02 
 1.569231e+01 -4.166416e-02 
 1.569271e+01 -4.117043e-02 
 1.569311e+01 -4.066489e-02 
 1.569351e+01 -4.015854e-02 
 1.569390e+01 -3.966006e-02 
 1.569430e+01 -3.916569e-02 
 1.569470e+01 -3.866320e-02 
 1.569510e+01 -3.813866e-02 
 1.569550e+01 -3.757805e-02 
 1.569589e+01 -3.697311e-02 
 1.569629e+01 -3.632645e-02 
 1.569669e+01 -3.565059e-02 
 1.569709e+01 -3.494939e-02 
 1.569748e+01 -3.422589e-02 
 1.569788e+01 -3.347724e-02 
 1.569828e+01 -3.269654e-02 
 1.569868e+01 -3.188194e-02 
 1.569907e+01 -3.104247e-02 
 1.569947e+01 -3.019028e-02 
 1.569987e+01 -2.934231e-02 
 1.570027e+01 -2.851402e-02 
 1.570067e+01 -2.771124e-02 
 1.570106e+01 -2.692589e-02 
 1.570146e+01 -2.614382e-02 
 1.570186e+01 -2.534931e-02 
 1.570226e+01 -2.453126e-02 
 1.570265e+01 -2.370020e-02 
 1.570305e+01 -2.287098e-02 
 1.570345e+01 -2.205369e-02 
 1.570385e+01 -2.125438e-02 
 1.570424e+01 -2.046352e-02 
 1.570464e+01 -1.966227e-02 
 1.570504e+01 -1.883267e-02 
 1.570544e+01 -1.796401e-02 
 1.570584e+01 -1.704970e-02 
 1.570623e+01 -1.609741e-02 
 1.570663e+01 -1.511491e-02 
 1.570703e+01 -1.410422e-02 
 1.570743e+01 -1.305769e-02 
 1.570782e+01 -1.196566e-02 
 1.570822e+01 -1.082375e-02 
 1.570862e+01 -9.637313e-03 
 1.570902e+01 -8.428355e-03 
 1.570941e+01 -7.220323e-03 
 1.570981e+01 -6.039197e-03 
 1.571021e+01 -4.907514e-03 
 1.571061e+01 -3.832305e-03 
 1.571101e+01 -2.816333e-03 
 1.571140e+01 -1.862762e-03 
 1.571180e+01 -9.742692e-04 
 1.571220e+01 -1.584272e-04 
 1.571260e+01  5.728848e-04 
 1.571299e+01  1.214014e-03 
 1.571339e+01  1.776496e-03 
 1.571379e+01  2.278976e-03 
 1.571419e+01  2.741169e-03 
 1.571458e+01  3.185787e-03 
 1.571498e+01  3.617788e-03 
 1.571538e+01  4.031301e-03 
 1.571578e+01  4.414718e-03 
 1.571618e+01  4.756194e-03 
 1.571657e+01  5.048655e-03 
 1.571697e+01  5.297797e-03 
 1.571737e+01  5.508721e-03 
 1.571777e+01  5.687260e-03 
 1.571816e+01  5.832992e-03 
 1.571856e+01  5.934340e-03 
 1.571896e+01  5.977911e-03 
 1.571936e+01  5.956162e-03 
 1.571975e+01  5.875341e-03 
 1.572015e+01  5.750255e-03 
 1.572055e+01  5.599245e-03 
 1.572095e+01  5.439928e-03 
 1.572135e+01  5.273845e-03 
 1.572174e+01  5.095895e-03 
 1.572214e+01  4.901343e-03 
 1.572254e+01  4.679324e-03 
 1.572294e+01  4.423713e-03 
 1.572333e+01  4.143289e-03 
 1.572373e+01  3.847453e-03 
 1.572413e+01  3.550769e-03 
 1.572453e+01  3.263838e-03 
 1.572492e+01  2.989906e-03 
 1.572532e+01  2.723995e-03 
 1.572572e+01  2.462157e-03 
 1.572612e+01  2.204134e-03 
 1.572652e+01  1.950031e-03 
 1.572691e+01  1.704037e-03 
 1.572731e+01  1.468747e-03 
 1.572771e+01  1.236614e-03 
 1.572811e+01  9.966545e-04 
 1.572850e+01  7.365908e-04 
 1.572890e+01  4.414091e-04 
 1.572930e+01  1.034760e-04 
 1.572970e+01 -2.770230e-04 
 1.573009e+01 -6.992314e-04 
 1.573049e+01 -1.153289e-03 
 1.573089e+01 -1.631152e-03 
 1.573129e+01 -2.130872e-03 
 1.573169e+01 -2.656307e-03 
 1.573208e+01 -3.205482e-03 
 1.573248e+01 -3.768159e-03 
 1.573288e+01 -4.329139e-03 
 1.573328e+01 -4.863541e-03 
 1.573367e+01 -5.355377e-03 
 1.573407e+01 -5.795975e-03 
 1.573447e+01 -6.183298e-03 
 1.573487e+01 -6.524603e-03 
 1.573526e+01 -6.831770e-03 
 1.573566e+01 -7.109063e-03 
 1.573606e+01 -7.359364e-03 
 1.573646e+01 -7.583610e-03 
 1.573686e+01 -7.776637e-03 
 1.573725e+01 -7.941092e-03 
 1.573765e+01 -8.087689e-03 
 1.573805e+01 -8.232047e-03 
 1.573845e+01 -8.377301e-03 
 1.573884e+01 -8.523426e-03 
 1.573924e+01 -8.662000e-03 
 1.573964e+01 -8.776022e-03 
 1.574004e+01 -8.856886e-03 
 1.574044e+01 -8.901644e-03 
 1.574083e+01 -8.914648e-03 
 1.574123e+01 -8.911647e-03 
 1.574163e+01 -8.908444e-03 
 1.574203e+01 -8.909249e-03 
 1.574242e+01 -8.917202e-03 
 1.574282e+01 -8.934427e-03 
 1.574322e+01 -8.953752e-03 
 1.574362e+01 -8.977347e-03 
 1.574401e+01 -9.016538e-03 
 1.574441e+01 -9.079133e-03 
 1.574481e+01 -9.167150e-03 
 1.574521e+01 -9.281717e-03 
 1.574561e+01 -9.410973e-03 
 1.574600e+01 -9.545393e-03 
 1.574640e+01 -9.675597e-03 
 1.574680e+01 -9.801204e-03 
 1.574720e+01 -9.924638e-03 
 1.574759e+01 -1.005441e-02 
 1.574799e+01 -1.019690e-02 
 1.574839e+01 -1.035580e-02 
 1.574879e+01 -1.052499e-02 
 1.574918e+01 -1.070072e-02 
 1.574958e+01 -1.087544e-02 
 1.574998e+01 -1.105359e-02 
 1.575038e+01 -1.124207e-02 
 1.575078e+01 -1.144556e-02 
 1.575117e+01 -1.166519e-02 
 1.575157e+01 -1.189577e-02 
 1.575197e+01 -1.212573e-02 
 1.575237e+01 -1.234170e-02 
 1.575276e+01 -1.253573e-02 
 1.575316e+01 -1.269329e-02 
 1.575356e+01 -1.280992e-02 
 1.575396e+01 -1.289796e-02 
 1.575435e+01 -1.296836e-02 
 1.575475e+01 -1.303217e-02 
 1.575515e+01 -1.310173e-02 
 1.575555e+01 -1.318121e-02 
 1.575595e+01 -1.326681e-02 
 1.575634e+01 -1.336514e-02 
 1.575674e+01 -1.348058e-02 
 1.575714e+01 -1.361610e-02 
 1.575754e+01 -1.377684e-02 
 1.575793e+01 -1.396497e-02 
 1.575833e+01 -1.417876e-02 
 1.575873e+01 -1.441733e-02 
 1.575913e+01 -1.467906e-02 
 1.575952e+01 -1.495839e-02 
 1.575992e+01 -1.525686e-02 
 1.576032e+01 -1.558152e-02 
 1.576072e+01 -1.593911e-02 
 1.576112e+01 -1.633854e-02 
 1.576151e+01 -1.678144e-02 
 1.576191e+01 -1.726573e-02 
 1.576231e+01 -1.778552e-02 
 1.576271e+01 -1.834080e-02 
 1.576310e+01 -1.892910e-02 
 1.576350e+01 -1.955172e-02 
 1.576390e+01 -2.020696e-02 
 1.576430e+01 -2.088474e-02 
 1.576469e+01 -2.157284e-02 
 1.576509e+01 -2.226023e-02 
 1.576549e+01 -2.293146e-02 
 1.576589e+01 -2.357420e-02 
 1.576629e+01 -2.419147e-02 
 1.576668e+01 -2.479394e-02 
 1.576708e+01 -2.538989e-02 
 1.576748e+01 -2.598994e-02 
 1.576788e+01 -2.660181e-02 
 1.576827e+01 -2.722402e-02 
 1.576867e+01 -2.785675e-02 
 1.576907e+01 -2.850465e-02 
 1.576947e+01 -2.916979e-02 
 1.576986e+01 -2.985690e-02 
 1.577026e+01 -3.057270e-02 
 1.577066e+01 -3.132064e-02 
 1.577106e+01 -3.209242e-02 
 1.577146e+01 -3.287683e-02 
 1.577185e+01 -3.365596e-02 
 1.577225e+01 -3.441253e-02 
 1.577265e+01 -3.514744e-02 
 1.577305e+01 -3.586413e-02 
 1.577344e+01 -3.657261e-02 
 1.577384e+01 -3.728519e-02 
 1.577424e+01 -3.800618e-02 
 1.577464e+01 -3.873339e-02 
 1.577503e+01 -3.946292e-02 
 1.577543e+01 -4.018892e-02 
 1.577583e+01 -4.090465e-02 
 1.577623e+01 -4.160939e-02 
 1.577663e+01 -4.230675e-02 
 1.577702e+01 -4.299730e-02 
 1.577742e+01 -4.368578e-02 
 1.577782e+01 -4.437153e-02 
 1.577822e+01 -4.505032e-02 
 1.577861e+01 -4.571222e-02 
 1.577901e+01 -4.635357e-02 
 1.577941e+01 -4.697161e-02 
 1.577981e+01 -4.756452e-02 
 1.578020e+01 -4.812938e-02 
 1.578060e+01 -4.865708e-02 
 1.578100e+01 -4.913758e-02 
 1.578140e+01 -4.956233e-02 
 1.578180e+01 -4.992319e-02 
 1.578219e+01 -5.021456e-02 
 1.578259e+01 -5.043323e-02 
 1.578299e+01 -5.057486e-02 
 1.578339e+01 -5.063342e-02 
 1.578378e+01 -5.060368e-02 
 1.578418e+01 -5.048025e-02 
 1.578458e+01 -5.024937e-02 
 1.578498e+01 -4.990800e-02 
 1.578537e+01 -4.946407e-02 
 1.578577e+01 -4.892811e-02 
 1.578617e+01 -4.831891e-02 
 1.578657e+01 -4.766001e-02 
 1.578697e+01 -4.696567e-02 
 1.578736e+01 -4.625229e-02 
 1.578776e+01 -4.552968e-02 
 1.578816e+01 -4.480465e-02 
 1.578856e+01 -4.408251e-02 
 1.578895e+01 -4.336686e-02 
 1.578935e+01 -4.266040e-02 
 1.578975e+01 -4.196145e-02 
 1.579015e+01 -4.126624e-02 
 1.579054e+01 -4.056347e-02 
 1.579094e+01 -3.983904e-02 
 1.579134e+01 -3.908426e-02 
 1.579174e+01 -3.829393e-02 
 1.579214e+01 -3.746820e-02 
 1.579253e+01 -3.661148e-02 
 1.579293e+01 -3.572817e-02 
 1.579333e+01 -3.482290e-02 
 1.579373e+01 -3.389474e-02 
 1.579412e+01 -3.294767e-02 
 1.579452e+01 -3.198397e-02 
 1.579492e+01 -3.101044e-02 
 1.579532e+01 -3.003599e-02 
 1.579571e+01 -2.906748e-02 
 1.579611e+01 -2.811387e-02 
 1.579651e+01 -2.718029e-02 
 1.579691e+01 -2.626440e-02 
 1.579731e+01 -2.535958e-02 
 1.579770e+01 -2.446816e-02 
 1.579810e+01 -2.359007e-02 
 1.579850e+01 -2.272436e-02 
 1.579890e+01 -2.187361e-02 
 1.579929e+01 -2.103605e-02 
 1.579969e+01 -2.020953e-02 
 1.580009e+01 -1.939237e-02 
 1.580049e+01 -1.857691e-02 
 1.580088e+01 -1.775847e-02 
 1.580128e+01 -1.693245e-02 
 1.580168e+01 -1.610019e-02 
 1.580208e+01 -1.526723e-02 
 1.580248e+01 -1.443713e-02 
 1.580287e+01 -1.361143e-02 
 1.580327e+01 -1.278656e-02 
 1.580367e+01 -1.195851e-02 
 1.580407e+01 -1.112860e-02 
 1.580446e+01 -1.029932e-02 
 1.580486e+01 -9.476794e-03 
 1.580526e+01 -8.676614e-03 
 1.580566e+01 -7.911115e-03 
 1.580605e+01 -7.199860e-03 
 1.580645e+01 -6.558797e-03 
 1.580685e+01 -6.000140e-03 
 1.580725e+01 -5.531524e-03 
 1.580765e+01 -5.151426e-03 
 1.580804e+01 -4.852331e-03 
 1.580844e+01 -4.617920e-03 
 1.580884e+01 -4.431328e-03 
 1.580924e+01 -4.271737e-03 
 1.580963e+01 -4.116317e-03 
 1.581003e+01 -3.951009e-03 
 1.581043e+01 -3.766595e-03 
 1.581083e+01 -3.558322e-03 
 1.581122e+01 -3.331943e-03 
 1.581162e+01 -3.090503e-03 
 1.581202e+01 -2.839837e-03 
 1.581242e+01 -2.580649e-03 
 1.581282e+01 -2.318542e-03 
 1.581321e+01 -2.057356e-03 
 1.581361e+01 -1.799907e-03 
 1.581401e+01 -1.554716e-03 
 1.581441e+01 -1.323837e-03 
 1.581480e+01 -1.107420e-03 
 1.581520e+01 -9.080096e-04 
 1.581560e+01 -7.257685e-04 
 1.581600e+01 -5.584424e-04 
 1.581639e+01 -4.056139e-04 
 1.581679e+01 -2.670011e-04 
 1.581719e+01 -1.445668e-04 
 1.581759e+01 -4.399852e-05 
 1.581799e+01  3.031561e-05 
 1.581838e+01  7.449240e-05 
 1.581878e+01  8.644203e-05 
 1.581918e+01  6.888175e-05 
 1.581958e+01  2.673188e-05 
 1.581997e+01 -3.846776e-05 
 1.582037e+01 -1.249094e-04 
 1.582077e+01 -2.269583e-04 
 1.582117e+01 -3.477252e-04 
 1.582156e+01 -4.939683e-04 
 1.582196e+01 -6.660791e-04 
 1.582236e+01 -8.611627e-04 
 1.582276e+01 -1.076639e-03 
 1.582316e+01 -1.305731e-03 
 1.582355e+01 -1.549096e-03 
 1.582395e+01 -1.805929e-03 
 1.582435e+01 -2.080981e-03 
 1.582475e+01 -2.377054e-03 
 1.582514e+01 -2.697904e-03 
 1.582554e+01 -3.050265e-03 
 1.582594e+01 -3.435308e-03 
 1.582634e+01 -3.855200e-03 
 1.582673e+01 -4.302709e-03 
 1.582713e+01 -4.763406e-03 
 1.582753e+01 -5.228040e-03 
 1.582793e+01 -5.679717e-03 
 1.582833e+01 -6.100009e-03 
 1.582872e+01 -6.474572e-03 
 1.582912e+01 -6.795854e-03 
 1.582952e+01 -7.060355e-03 
 1.582992e+01 -7.265184e-03 
 1.583031e+01 -7.413877e-03 
 1.583071e+01 -7.507435e-03 
 1.583111e+01 -7.551482e-03 
 1.583151e+01 -7.556372e-03 
 1.583191e+01 -7.532140e-03 
 1.583230e+01 -7.487661e-03 
 1.583270e+01 -7.428400e-03 
 1.583310e+01 -7.355371e-03 
 1.583350e+01 -7.265540e-03 
 1.583389e+01 -7.162384e-03 
 1.583429e+01 -7.043744e-03 
 1.583469e+01 -6.910232e-03 
 1.583509e+01 -6.768305e-03 
 1.583548e+01 -6.618638e-03 
 1.583588e+01 -6.463832e-03 
 1.583628e+01 -6.304021e-03 
 1.583668e+01 -6.136568e-03 
 1.583708e+01 -5.957783e-03 
 1.583747e+01 -5.768192e-03 
 1.583787e+01 -5.576849e-03 
 1.583827e+01 -5.388599e-03 
 1.583867e+01 -5.208592e-03 
 1.583906e+01 -5.035853e-03 
 1.583946e+01 -4.866271e-03 
 1.583986e+01 -4.700746e-03 
 1.584026e+01 -4.541240e-03 
 1.584065e+01 -4.387996e-03 
 1.584105e+01 -4.239536e-03 
 1.584145e+01 -4.094082e-03 
 1.584185e+01 -3.943160e-03 
 1.584225e+01 -3.782980e-03 
 1.584264e+01 -3.607605e-03 
 1.584304e+01 -3.414960e-03 
 1.584344e+01 -3.207754e-03 
 1.584384e+01 -2.994043e-03 
 1.584423e+01 -2.786953e-03 
 1.584463e+01 -2.594230e-03 
 1.584503e+01 -2.417129e-03 
 1.584543e+01 -2.255576e-03 
 1.584582e+01 -2.105473e-03 
 1.584622e+01 -1.966623e-03 
 1.584662e+01 -1.841166e-03 
 1.584702e+01 -1.730841e-03 
 1.584742e+01 -1.640617e-03 
 1.584781e+01 -1.571207e-03 
 1.584821e+01 -1.517143e-03 
 1.584861e+01 -1.469562e-03 
 1.584901e+01 -1.418996e-03 
 1.584940e+01 -1.360106e-03 
 1.584980e+01 -1.296608e-03 
 1.585020e+01 -1.247577e-03 
 1.585060e+01 -1.229794e-03 
 1.585099e+01 -1.258587e-03 
 1.585139e+01 -1.349393e-03 
 1.585179e+01 -1.507642e-03 
 1.585219e+01 -1.732084e-03 
 1.585259e+01 -2.019241e-03 
 1.585298e+01 -2.361126e-03 
 1.585338e+01 -2.747863e-03 
 1.585378e+01 -3.177441e-03 
 1.585418e+01 -3.648880e-03 
 1.585457e+01 -4.161641e-03 
 1.585497e+01 -4.713397e-03 
 1.585537e+01 -5.299368e-03 
 1.585577e+01 -5.916635e-03 
 1.585616e+01 -6.563331e-03 
 1.585656e+01 -7.242052e-03 
 1.585696e+01 -7.951341e-03 
 1.585736e+01 -8.691720e-03 
 1.585776e+01 -9.458351e-03 
 1.585815e+01 -1.024816e-02 
 1.585855e+01 -1.105728e-02 
 1.585895e+01 -1.188473e-02 
 1.585935e+01 -1.272421e-02 
 1.585974e+01 -1.357118e-02 
 1.586014e+01 -1.442311e-02 
 1.586054e+01 -1.526913e-02 
 1.586094e+01 -1.610090e-02 
 1.586133e+01 -1.690924e-02 
 1.586173e+01 -1.768705e-02 
 1.586213e+01 -1.843773e-02 
 1.586253e+01 -1.917427e-02 
 1.586293e+01 -1.991122e-02 
 1.586332e+01 -2.066361e-02 
 1.586372e+01 -2.144266e-02 
 1.586412e+01 -2.225552e-02 
 1.586452e+01 -2.309907e-02 
 1.586491e+01 -2.396970e-02 
 1.586531e+01 -2.486429e-02 
 1.586571e+01 -2.578058e-02 
 1.586611e+01 -2.671709e-02 
 1.586650e+01 -2.767689e-02 
 1.586690e+01 -2.865531e-02 
 1.586730e+01 -2.964356e-02 
 1.586770e+01 -3.063146e-02 
 1.586810e+01 -3.160821e-02 
 1.586849e+01 -3.256677e-02 
 1.586889e+01 -3.351309e-02 
 1.586929e+01 -3.444987e-02 
 1.586969e+01 -3.538447e-02 
 1.587008e+01 -3.631811e-02 
 1.587048e+01 -3.724500e-02 
 1.587088e+01 -3.816033e-02 
 1.587128e+01 -3.905885e-02 
 1.587167e+01 -3.993705e-02 
 1.587207e+01 -4.079442e-02 
 1.587247e+01 -4.163629e-02 
 1.587287e+01 -4.245879e-02 
 1.587327e+01 -4.325788e-02 
 1.587366e+01 -4.402141e-02 
 1.587406e+01 -4.473755e-02 
 1.587446e+01 -4.540048e-02 
 1.587486e+01 -4.600899e-02 
 1.587525e+01 -4.656878e-02 
 1.587565e+01 -4.708004e-02 
 1.587605e+01 -4.754166e-02 
 1.587645e+01 -4.795100e-02 
 1.587684e+01 -4.829969e-02 
 1.587724e+01 -4.858587e-02 
 1.587764e+01 -4.880925e-02 
 1.587804e+01 -4.896872e-02 
 1.587844e+01 -4.906664e-02 
 1.587883e+01 -4.910217e-02 
 1.587923e+01 -4.906971e-02 
 1.587963e+01 -4.896276e-02 
 1.588003e+01 -4.877865e-02 
 1.588042e+01 -4.852009e-02 
 1.588082e+01 -4.819397e-02 
 1.588122e+01 -4.781639e-02 
 1.588162e+01 -4.740450e-02 
 1.588201e+01 -4.697235e-02 
 1.588241e+01 -4.653425e-02 
 1.588281e+01 -4.609979e-02 
 1.588321e+01 -4.567685e-02 
 1.588361e+01 -4.527035e-02 
 1.588400e+01 -4.488060e-02 
 1.588440e+01 -4.450725e-02 
 1.588480e+01 -4.414493e-02 
 1.588520e+01 -4.378877e-02 
 1.588559e+01 -4.342403e-02 
 1.588599e+01 -4.304505e-02 
 1.588639e+01 -4.264011e-02 
 1.588679e+01 -4.220251e-02 
 1.588718e+01 -4.172428e-02 
 1.588758e+01 -4.121236e-02 
 1.588798e+01 -4.066555e-02 
 1.588838e+01 -4.008000e-02 
 1.588878e+01 -3.945299e-02 
 1.588917e+01 -3.878059e-02 
 1.588957e+01 -3.805869e-02 
 1.588997e+01 -3.728886e-02 
 1.589037e+01 -3.647534e-02 
 1.589076e+01 -3.563779e-02 
 1.589116e+01 -3.479630e-02 
 1.589156e+01 -3.396758e-02 
 1.589196e+01 -3.315840e-02 
 1.589235e+01 -3.236771e-02 
 1.589275e+01 -3.158774e-02 
 1.589315e+01 -3.080762e-02 
 1.589355e+01 -3.002255e-02 
 1.589395e+01 -2.922553e-02 
 1.589434e+01 -2.841992e-02 
 1.589474e+01 -2.761124e-02 
 1.589514e+01 -2.680794e-02 
 1.589554e+01 -2.601577e-02 
 1.589593e+01 -2.523866e-02 
 1.589633e+01 -2.447443e-02 
 1.589673e+01 -2.371973e-02 
 1.589713e+01 -2.297005e-02 
 1.589752e+01 -2.222348e-02 
 1.589792e+01 -2.147237e-02 
 1.589832e+01 -2.071929e-02 
 1.589872e+01 -1.996836e-02 
 1.589912e+01 -1.922816e-02 
 1.589951e+01 -1.850260e-02 
 1.589991e+01 -1.779852e-02 
 1.590031e+01 -1.712226e-02 
 1.590071e+01 -1.647579e-02 
 1.590110e+01 -1.586490e-02 
 1.590150e+01 -1.529662e-02 
 1.590190e+01 -1.477722e-02 
 1.590230e+01 -1.431603e-02 
 1.590269e+01 -1.391407e-02 
 1.590309e+01 -1.357294e-02 
 1.590349e+01 -1.328678e-02 
 1.590389e+01 -1.304537e-02 
 1.590429e+01 -1.283016e-02 
 1.590468e+01 -1.262398e-02 
 1.590508e+01 -1.240805e-02 
 1.590548e+01 -1.216177e-02 
 1.590588e+01 -1.188134e-02 
 1.590627e+01 -1.156710e-02 
 1.590667e+01 -1.122149e-02 
 1.590707e+01 -1.085194e-02 
 1.590747e+01 -1.046546e-02 
 1.590786e+01 -1.006718e-02 
 1.590826e+01 -9.656462e-03 
 1.590866e+01 -9.241800e-03 
 1.590906e+01 -8.825109e-03 
 1.590946e+01 -8.410348e-03 
 1.590985e+01 -8.007919e-03 
 1.591025e+01 -7.632677e-03 
 1.591065e+01 -7.296762e-03 
 1.591105e+01 -7.012768e-03 
 1.591144e+01 -6.789796e-03 
 1.591184e+01 -6.625617e-03 
 1.591224e+01 -6.513192e-03 
 1.591264e+01 -6.443042e-03 
 1.591303e+01 -6.405690e-03 
 1.591343e+01 -6.398988e-03 
 1.591383e+01 -6.423907e-03 
 1.591423e+01 -6.480153e-03 
 1.591463e+01 -6.576836e-03 
 1.591502e+01 -6.714438e-03 
 1.591542e+01 -6.887587e-03 
 1.591582e+01 -7.086036e-03 
 1.591622e+01 -7.297414e-03 
 1.591661e+01 -7.510744e-03 
 1.591701e+01 -7.719309e-03 
 1.591741e+01 -7.928341e-03 
 1.591781e+01 -8.132887e-03 
 1.591820e+01 -8.335676e-03 
 1.591860e+01 -8.529371e-03 
 1.591900e+01 -8.714855e-03 
 1.591940e+01 -8.892891e-03 
 1.591980e+01 -9.066990e-03 
 1.592019e+01 -9.243424e-03 
 1.592059e+01 -9.426254e-03 
 1.592099e+01 -9.614336e-03 
 1.592139e+01 -9.805011e-03 
 1.592178e+01 -9.990779e-03 
 1.592218e+01 -1.015905e-02 
 1.592258e+01 -1.030066e-02 
 1.592298e+01 -1.040557e-02 
 1.592338e+01 -1.046984e-02 
 1.592377e+01 -1.049343e-02 
 1.592417e+01 -1.047573e-02 
 1.592457e+01 -1.041345e-02 
 1.592497e+01 -1.030656e-02 
 1.592536e+01 -1.014853e-02 
 1.592576e+01 -9.937460e-03 
 1.592616e+01 -9.672326e-03 
 1.592656e+01 -9.354916e-03 
 1.592695e+01 -8.995301e-03 
 1.592735e+01 -8.607430e-03 
 1.592775e+01 -8.204111e-03 
 1.592815e+01 -7.799353e-03 
 1.592855e+01 -7.401805e-03 
 1.592894e+01 -7.011082e-03 
 1.592934e+01 -6.627731e-03 
 1.592974e+01 -6.259730e-03 
 1.593014e+01 -5.910989e-03 
 1.593053e+01 -5.585986e-03 
 1.593093e+01 -5.289200e-03 
 1.593133e+01 -5.016966e-03 
 1.593173e+01 -4.761957e-03 
 1.593212e+01 -4.509254e-03 
 1.593252e+01 -4.251249e-03 
 1.593292e+01 -3.980746e-03 
 1.593332e+01 -3.700130e-03 
 1.593372e+01 -3.415576e-03 
 1.593411e+01 -3.132508e-03 
 1.593451e+01 -2.850891e-03 
 1.593491e+01 -2.566393e-03 
 1.593531e+01 -2.272054e-03 
 1.593570e+01 -1.969906e-03 
 1.593610e+01 -1.662976e-03 
 1.593650e+01 -1.354795e-03 
 1.593690e+01 -1.049644e-03 
 1.593729e+01 -7.474131e-04 
 1.593769e+01 -4.377437e-04 
 1.593809e+01 -1.183630e-04 
 1.593849e+01  2.113277e-04 
 1.593889e+01  5.414302e-04 
 1.593928e+01  8.605509e-04 
 1.593968e+01  1.151978e-03 
 1.594008e+01  1.405101e-03 
 1.594048e+01  1.623375e-03 
 1.594087e+01  1.812911e-03 
 1.594127e+01  1.988471e-03 
 1.594167e+01  2.158700e-03 
 1.594207e+01  2.326258e-03 
 1.594246e+01  2.476703e-03 
 1.594286e+01  2.594231e-03 
 1.594326e+01  2.670732e-03 
 1.594366e+01  2.703907e-03 
 1.594406e+01  2.702839e-03 
 1.594445e+01  2.677753e-03 
 1.594485e+01  2.637492e-03 
 1.594525e+01  2.592244e-03 
 1.594565e+01  2.538793e-03 
 1.594604e+01  2.466503e-03 
 1.594644e+01  2.364744e-03 
 1.594684e+01  2.220429e-03 
 1.594724e+01  2.021929e-03 
 1.594763e+01  1.767976e-03 
 1.594803e+01  1.464717e-03 
 1.594843e+01  1.114911e-03 
 1.594883e+01  7.257848e-04 
 1.594923e+01  3.062661e-04 
 1.594962e+01 -1.444318e-04 
 1.595002e+01 -6.216628e-04 
 1.595042e+01 -1.122195e-03 
 1.595082e+01 -1.639254e-03 
 1.595121e+01 -2.164397e-03 
 1.595161e+01 -2.689653e-03 
 1.595201e+01 -3.212616e-03 
 1.595241e+01 -3.731039e-03 
 1.595280e+01 -4.243699e-03 
 1.595320e+01 -4.752893e-03 
 1.595360e+01 -5.264808e-03 
 1.595400e+01 -5.779647e-03 
 1.595440e+01 -6.303350e-03 
 1.595479e+01 -6.838662e-03 
 1.595519e+01 -7.391063e-03 
 1.595559e+01 -7.962198e-03 
 1.595599e+01 -8.549785e-03 
 1.595638e+01 -9.148845e-03 
 1.595678e+01 -9.750490e-03 
 1.595718e+01 -1.035899e-02 
 1.595758e+01 -1.097583e-02 
 1.595797e+01 -1.160729e-02 
 1.595837e+01 -1.226668e-02 
 1.595877e+01 -1.296642e-02 
 1.595917e+01 -1.371769e-02 
 1.595957e+01 -1.452211e-02 
 1.595996e+01 -1.538022e-02 
 1.596036e+01 -1.628301e-02 
 1.596076e+01 -1.722440e-02 
 1.596116e+01 -1.820157e-02 
 1.596155e+01 -1.920889e-02 
 1.596195e+01 -2.024334e-02 
 1.596235e+01 -2.130060e-02 
 1.596275e+01 -2.238041e-02 
 1.596314e+01 -2.348155e-02 
 1.596354e+01 -2.459887e-02 
 1.596394e+01 -2.571645e-02 
 1.596434e+01 -2.681859e-02 
 1.596474e+01 -2.789676e-02 
 1.596513e+01 -2.894536e-02 
 1.596553e+01 -2.996272e-02 
 1.596593e+01 -3.095717e-02 
 1.596633e+01 -3.192989e-02 
 1.596672e+01 -3.288410e-02 
 1.596712e+01 -3.381969e-02 
 1.596752e+01 -3.473146e-02 
 1.596792e+01 -3.561237e-02 
 1.596831e+01 -3.646139e-02 
 1.596871e+01 -3.728047e-02 
 1.596911e+01 -3.807536e-02 
 1.596951e+01 -3.884744e-02 
 1.596991e+01 -3.959042e-02 
 1.597030e+01 -4.029046e-02 
 1.597070e+01 -4.093425e-02 
 1.597110e+01 -4.151357e-02 
 1.597150e+01 -4.202507e-02 
 1.597189e+01 -4.247515e-02 
 1.597229e+01 -4.287006e-02 
 1.597269e+01 -4.321356e-02 
 1.597309e+01 -4.350864e-02 
 1.597348e+01 -4.375411e-02 
 1.597388e+01 -4.394688e-02 
 1.597428e+01 -4.408104e-02 
 1.597468e+01 -4.415925e-02 
 1.597508e+01 -4.418831e-02 
 1.597547e+01 -4.417773e-02 
 1.597587e+01 -4.413532e-02 
 1.597627e+01 -4.406531e-02 
 1.597667e+01 -4.396346e-02 
 1.597706e+01 -4.382413e-02 
 1.597746e+01 -4.364868e-02 
 1.597786e+01 -4.344069e-02 
 1.597826e+01 -4.320956e-02 
 1.597865e+01 -4.297108e-02 
 1.597905e+01 -4.273637e-02 
 1.597945e+01 -4.251536e-02 
 1.597985e+01 -4.230656e-02 
 1.598025e+01 -4.209333e-02 
 1.598064e+01 -4.186126e-02 
 1.598104e+01 -4.160265e-02 
 1.598144e+01 -4.131709e-02 
 1.598184e+01 -4.100581e-02 
 1.598223e+01 -4.067439e-02 
 1.598263e+01 -4.031679e-02 
 1.598303e+01 -3.992142e-02 
 1.598343e+01 -3.947835e-02 
 1.598382e+01 -3.897573e-02 
 1.598422e+01 -3.840670e-02 
 1.598462e+01 -3.777781e-02 
 1.598502e+01 -3.710327e-02 
 1.598542e+01 -3.640283e-02 
 1.598581e+01 -3.569225e-02 
 1.598621e+01 -3.498524e-02 
 1.598661e+01 -3.428542e-02 
 1.598701e+01 -3.360121e-02 
 1.598740e+01 -3.294774e-02 
 1.598780e+01 -3.234019e-02 
 1.598820e+01 -3.179182e-02 
 1.598860e+01 -3.130666e-02 
 1.598899e+01 -3.087232e-02 
 1.598939e+01 -3.047191e-02 
 1.598979e+01 -3.008500e-02 
 1.599019e+01 -2.969854e-02 
 1.599059e+01 -2.930997e-02 
 1.599098e+01 -2.892799e-02 
 1.599138e+01 -2.856469e-02 
 1.599178e+01 -2.823017e-02 
 1.599218e+01 -2.792097e-02 
 1.599257e+01 -2.762107e-02 
 1.599297e+01 -2.730745e-02 
 1.599337e+01 -2.696691e-02 
 1.599377e+01 -2.660295e-02 
 1.599416e+01 -2.623066e-02 
 1.599456e+01 -2.587232e-02 
 1.599496e+01 -2.554564e-02 
 1.599536e+01 -2.524862e-02 
 1.599576e+01 -2.496420e-02 
 1.599615e+01 -2.467186e-02 
 1.599655e+01 -2.434465e-02 
 1.599695e+01 -2.397934e-02 
 1.599735e+01 -2.359205e-02 
 1.599774e+01 -2.320473e-02 
 1.599814e+01 -2.284276e-02 
 1.599854e+01 -2.251842e-02 
 1.599894e+01 -2.222714e-02 
 1.599933e+01 -2.194688e-02 
 1.599973e+01 -2.166311e-02 
 1.600013e+01 -2.135868e-02 
 1.600053e+01 -2.103054e-02 
 1.600093e+01 -2.068298e-02 
 1.600132e+01 -2.031780e-02 
 1.600172e+01 -1.992798e-02 
 1.600212e+01 -1.950292e-02 
 1.600252e+01 -1.902616e-02 
 1.600291e+01 -1.849177e-02 
 1.600331e+01 -1.791053e-02 
 1.600371e+01 -1.730129e-02 
 1.600411e+01 -1.668499e-02 
 1.600450e+01 -1.608349e-02 
 1.600490e+01 -1.550935e-02 
 1.600530e+01 -1.496457e-02 
 1.600570e+01 -1.445088e-02 
 1.600610e+01 -1.397228e-02 
 1.600649e+01 -1.354725e-02 
 1.600689e+01 -1.319255e-02 
 1.600729e+01 -1.292295e-02 
 1.600769e+01 -1.273949e-02 
 1.600808e+01 -1.262966e-02 
 1.600848e+01 -1.257157e-02 
 1.600888e+01 -1.254120e-02 
 1.600928e+01 -1.251840e-02 
 1.600967e+01 -1.250041e-02 
 1.601007e+01 -1.249038e-02 
 1.601047e+01 -1.249699e-02 
 1.601087e+01 -1.252496e-02 
 1.601127e+01 -1.256745e-02 
 1.601166e+01 -1.260603e-02 
 1.601206e+01 -1.262689e-02 
 1.601246e+01 -1.262307e-02 
 1.601286e+01 -1.260101e-02 
 1.601325e+01 -1.257552e-02 
 1.601365e+01 -1.256218e-02 
 1.601405e+01 -1.257032e-02 
 1.601445e+01 -1.259486e-02 
 1.601485e+01 -1.262693e-02 
 1.601524e+01 -1.264815e-02 
 1.601564e+01 -1.264447e-02 
 1.601604e+01 -1.261719e-02 
 1.601644e+01 -1.257418e-02 
 1.601683e+01 -1.253066e-02 
 1.601723e+01 -1.250418e-02 
 1.601763e+01 -1.249404e-02 
 1.601803e+01 -1.249074e-02 
 1.601842e+01 -1.248278e-02 
 1.601882e+01 -1.245682e-02 
 1.601922e+01 -1.241226e-02 
 1.601962e+01 -1.235935e-02 
 1.602002e+01 -1.230297e-02 
 1.602041e+01 -1.224235e-02 
 1.602081e+01 -1.216507e-02 
 1.602121e+01 -1.205491e-02 
 1.602161e+01 -1.189784e-02 
 1.602200e+01 -1.168582e-02 
 1.602240e+01 -1.142589e-02 
 1.602280e+01 -1.113138e-02 
 1.602320e+01 -1.082805e-02 
 1.602359e+01 -1.053709e-02 
 1.602399e+01 -1.025826e-02 
 1.602439e+01 -9.985558e-03 
 1.602479e+01 -9.711520e-03 
 1.602519e+01 -9.430489e-03 
 1.602558e+01 -9.149647e-03 
 1.602598e+01 -8.883011e-03 
 1.602638e+01 -8.645256e-03 
 1.602678e+01 -8.435177e-03 
 1.602717e+01 -8.244179e-03 
 1.602757e+01 -8.048397e-03 
 1.602797e+01 -7.817160e-03 
 1.602837e+01 -7.525655e-03 
 1.602876e+01 -7.163736e-03 
 1.602916e+01 -6.738084e-03 
 1.602956e+01 -6.263605e-03 
 1.602996e+01 -5.754416e-03 
 1.603036e+01 -5.217781e-03 
 1.603075e+01 -4.656353e-03 
 1.603115e+01 -4.070783e-03 
 1.603155e+01 -3.463108e-03 
 1.603195e+01 -2.840085e-03 
 1.603234e+01 -2.216466e-03 
 1.603274e+01 -1.602950e-03 
 1.603314e+01 -1.012451e-03 
 1.603354e+01 -4.494993e-04 
 1.603393e+01  9.446070e-05 
 1.603433e+01  6.299477e-04 
 1.603473e+01  1.160680e-03 
 1.603513e+01  1.682600e-03 
 1.603553e+01  2.184426e-03 
 1.603592e+01  2.649425e-03 
 1.603632e+01  3.069545e-03 
 1.603672e+01  3.447507e-03 
 1.603712e+01  3.792409e-03 
 1.603751e+01  4.107579e-03 
 1.603791e+01  4.397120e-03 
 1.603831e+01  4.650944e-03 
 1.603871e+01  4.854603e-03 
 1.603910e+01  4.997014e-03 
 1.603950e+01  5.065741e-03 
 1.603990e+01  5.069720e-03 
 1.604030e+01  5.033874e-03 
 1.604070e+01  4.989750e-03 
 1.604109e+01  4.957415e-03 
 1.604149e+01  4.939316e-03 
 1.604189e+01  4.918949e-03 
 1.604229e+01  4.866184e-03 
 1.604268e+01  4.756432e-03 
 1.604308e+01  4.578941e-03 
 1.604348e+01  4.336233e-03 
 1.604388e+01  4.039274e-03 
 1.604427e+01  3.711644e-03 
 1.604467e+01  3.366960e-03 
 1.604507e+01  3.008129e-03 
 1.604547e+01  2.629371e-03 
 1.604587e+01  2.219530e-03 
 1.604626e+01  1.778812e-03 
 1.604666e+01  1.322700e-03 
 1.604706e+01  8.689275e-04 
 1.604746e+01  4.390539e-04 
 1.604785e+01  4.107330e-05 
 1.604825e+01 -3.329761e-04 
 1.604865e+01 -6.999483e-04 
 1.604905e+01 -1.072503e-03 
 1.604944e+01 -1.466634e-03 
 1.604984e+01 -1.889720e-03 
 1.605024e+01 -2.339302e-03 
 1.605064e+01 -2.811313e-03 
 1.605104e+01 -3.303790e-03 
 1.605143e+01 -3.821294e-03 
 1.605183e+01 -4.373043e-03 
 1.605223e+01 -4.970193e-03 
 1.605263e+01 -5.613141e-03 
 1.605302e+01 -6.289230e-03 
 1.605342e+01 -6.981350e-03 
 1.605382e+01 -7.675721e-03 
 1.605422e+01 -8.370101e-03 
 1.605461e+01 -9.078290e-03 
 1.605501e+01 -9.817580e-03 
 1.605541e+01 -1.060137e-02 
 1.605581e+01 -1.143497e-02 
 1.605621e+01 -1.231807e-02 
 1.605660e+01 -1.322602e-02 
 1.605700e+01 -1.414129e-02 
 1.605740e+01 -1.505359e-02 
 1.605780e+01 -1.596513e-02 
 1.605819e+01 -1.688533e-02 
 1.605859e+01 -1.782783e-02 
 1.605899e+01 -1.878987e-02 
 1.605939e+01 -1.974904e-02 
 1.605978e+01 -2.068065e-02 
 1.606018e+01 -2.155427e-02 
 1.606058e+01 -2.235803e-02 
 1.606098e+01 -2.310195e-02 
 1.606138e+01 -2.380867e-02 
 1.606177e+01 -2.450490e-02 
 1.606217e+01 -2.521051e-02 
 1.606257e+01 -2.592729e-02 
 1.606297e+01 -2.664334e-02 
 1.606336e+01 -2.734697e-02 
 1.606376e+01 -2.803013e-02 
 1.606416e+01 -2.869568e-02 
 1.606456e+01 -2.935944e-02 
 1.606495e+01 -3.003896e-02 
 1.606535e+01 -3.073373e-02 
 1.606575e+01 -3.142874e-02 
 1.606615e+01 -3.209959e-02 
 1.606655e+01 -3.272529e-02 
 1.606694e+01 -3.329876e-02 
 1.606734e+01 -3.383733e-02 
 1.606774e+01 -3.435754e-02 
 1.606814e+01 -3.487714e-02 
 1.606853e+01 -3.540372e-02 
 1.606893e+01 -3.592886e-02 
 1.606933e+01 -3.643523e-02 
 1.606973e+01 -3.690824e-02 
 1.607012e+01 -3.733747e-02 
 1.607052e+01 -3.773287e-02 
 1.607092e+01 -3.812349e-02 
 1.607132e+01 -3.852755e-02 
 1.607172e+01 -3.894693e-02 
 1.607211e+01 -3.936313e-02 
 1.607251e+01 -3.974675e-02 
 1.607291e+01 -4.006434e-02 
 1.607331e+01 -4.031044e-02 
 1.607370e+01 -4.049925e-02 
 1.607410e+01 -4.065638e-02 
 1.607450e+01 -4.081329e-02 
 1.607490e+01 -4.098923e-02 
 1.607529e+01 -4.118002e-02 
 1.607569e+01 -4.136489e-02 
 1.607609e+01 -4.152081e-02 
 1.607649e+01 -4.162768e-02 
 1.607689e+01 -4.168079e-02 
 1.607728e+01 -4.168992e-02 
 1.607768e+01 -4.166564e-02 
 1.607808e+01 -4.160608e-02 
 1.607848e+01 -4.150075e-02 
 1.607887e+01 -4.132460e-02 
 1.607927e+01 -4.105892e-02 
 1.607967e+01 -4.070055e-02 
 1.608007e+01 -4.026245e-02 
 1.608046e+01 -3.977098e-02 
 1.608086e+01 -3.925294e-02 
 1.608126e+01 -3.872976e-02 
 1.608166e+01 -3.820827e-02 
 1.608206e+01 -3.769243e-02 
 1.608245e+01 -3.718087e-02 
 1.608285e+01 -3.668177e-02 
 1.608325e+01 -3.621543e-02 
 1.608365e+01 -3.580266e-02 
 1.608404e+01 -3.545454e-02 
 1.608444e+01 -3.515609e-02 
 1.608484e+01 -3.487875e-02 
 1.608524e+01 -3.458465e-02 
 1.608563e+01 -3.425036e-02 
 1.608603e+01 -3.387254e-02 
 1.608643e+01 -3.346419e-02 
 1.608683e+01 -3.304714e-02 
 1.608723e+01 -3.265042e-02 
 1.608762e+01 -3.227896e-02 
 1.608802e+01 -3.191626e-02 
 1.608842e+01 -3.153121e-02 
 1.608882e+01 -3.109763e-02 
 1.608921e+01 -3.060818e-02 
 1.608961e+01 -3.008246e-02 
 1.609001e+01 -2.955075e-02 
 1.609041e+01 -2.903095e-02 
 1.609080e+01 -2.852803e-02 
 1.609120e+01 -2.802775e-02 
 1.609160e+01 -2.750617e-02 
 1.609200e+01 -2.694439e-02 
 1.609240e+01 -2.634109e-02 
 1.609279e+01 -2.571197e-02 
 1.609319e+01 -2.509462e-02 
 1.609359e+01 -2.452360e-02 
 1.609399e+01 -2.401873e-02 
 1.609438e+01 -2.357962e-02 
 1.609478e+01 -2.319218e-02 
 1.609518e+01 -2.283810e-02 
 1.609558e+01 -2.251076e-02 
 1.609597e+01 -2.220981e-02 
 1.609637e+01 -2.193589e-02 
 1.609677e+01 -2.168262e-02 
 1.609717e+01 -2.143381e-02 
 1.609757e+01 -2.116761e-02 
 1.609796e+01 -2.086104e-02 
 1.609836e+01 -2.050908e-02 
 1.609876e+01 -2.012298e-02 
 1.609916e+01 -1.972762e-02 
 1.609955e+01 -1.935675e-02 
 1.609995e+01 -1.903843e-02 
 1.610035e+01 -1.878838e-02 
 1.610075e+01 -1.860290e-02 
 1.610114e+01 -1.846973e-02 
 1.610154e+01 -1.837731e-02 
 1.610194e+01 -1.833210e-02 
 1.610234e+01 -1.834787e-02 
 1.610274e+01 -1.843990e-02 
 1.610313e+01 -1.861183e-02 
 1.610353e+01 -1.884825e-02 
 1.610393e+01 -1.912368e-02 
 1.610433e+01 -1.939938e-02 
 1.610472e+01 -1.964801e-02 
 1.610512e+01 -1.984933e-02 
 1.610552e+01 -2.000223e-02 
 1.610592e+01 -2.011573e-02 
 1.610632e+01 -2.020296e-02 
 1.610671e+01 -2.027510e-02 
 1.610711e+01 -2.032856e-02 
 1.610751e+01 -2.035637e-02 
 1.610791e+01 -2.034356e-02 
 1.610830e+01 -2.028754e-02 
 1.610870e+01 -2.019438e-02 
 1.610910e+01 -2.007093e-02 
 1.610950e+01 -1.992557e-02 
 1.610989e+01 -1.976153e-02 
 1.611029e+01 -1.957716e-02 
 1.611069e+01 -1.937021e-02 
 1.611109e+01 -1.913768e-02 
 1.611149e+01 -1.888554e-02 
 1.611188e+01 -1.862697e-02 
 1.611228e+01 -1.837568e-02 
 1.611268e+01 -1.814994e-02 
 1.611308e+01 -1.795968e-02 
 1.611347e+01 -1.779984e-02 
 1.611387e+01 -1.765589e-02 
 1.611427e+01 -1.751301e-02 
 1.611467e+01 -1.736129e-02 
 1.611506e+01 -1.719968e-02 
 1.611546e+01 -1.703291e-02 
 1.611586e+01 -1.686578e-02 
 1.611626e+01 -1.669413e-02 
 1.611666e+01 -1.650634e-02 
 1.611705e+01 -1.628505e-02 
 1.611745e+01 -1.601009e-02 
 1.611785e+01 -1.567461e-02 
 1.611825e+01 -1.528609e-02 
 1.611864e+01 -1.486747e-02 
 1.611904e+01 -1.444709e-02 
 1.611944e+01 -1.404818e-02 
 1.611984e+01 -1.367649e-02 
 1.612023e+01 -1.332591e-02 
 1.612063e+01 -1.298170e-02 
 1.612103e+01 -1.263700e-02 
 1.612143e+01 -1.228652e-02 
 1.612183e+01 -1.193393e-02 
 1.612222e+01 -1.158558e-02 
 1.612262e+01 -1.124359e-02 
 1.612302e+01 -1.089900e-02 
 1.612342e+01 -1.053792e-02 
 1.612381e+01 -1.014199e-02 
 1.612421e+01 -9.691604e-03 
 1.612461e+01 -9.176624e-03 
 1.612501e+01 -8.602322e-03 
 1.612540e+01 -7.992137e-03 
 1.612580e+01 -7.363572e-03 
 1.612620e+01 -6.726816e-03 
 1.612660e+01 -6.095037e-03 
 1.612700e+01 -5.474933e-03 
 1.612739e+01 -4.870012e-03 
 1.612779e+01 -4.285225e-03 
 1.612819e+01 -3.723491e-03 
 1.612859e+01 -3.179692e-03 
 1.612898e+01 -2.648768e-03 
 1.612938e+01 -2.125279e-03 
 1.612978e+01 -1.604709e-03 
 1.613018e+01 -1.076263e-03 
 1.613057e+01 -5.426819e-04 
 1.613097e+01 -1.421800e-05 
 1.613137e+01  4.921620e-04 
 1.613177e+01  9.608526e-04 
 1.613217e+01  1.382673e-03 
 1.613256e+01  1.762004e-03 
 1.613296e+01  2.110178e-03 
 1.613336e+01  2.442142e-03 
 1.613376e+01  2.768829e-03 
 1.613415e+01  3.097599e-03 
 1.613455e+01  3.428168e-03 
 1.613495e+01  3.751141e-03 
 1.613535e+01  4.054090e-03 
 1.613574e+01  4.342243e-03 
 1.613614e+01  4.630852e-03 
 1.613654e+01  4.934851e-03 
 1.613694e+01  5.269816e-03 
 1.613734e+01  5.638654e-03 
 1.613773e+01  6.027127e-03 
 1.613813e+01  6.411478e-03 
 1.613853e+01  6.766645e-03 
 1.613893e+01  7.077350e-03 
 1.613932e+01  7.339521e-03 
 1.613972e+01  7.560938e-03 
 1.614012e+01  7.752408e-03 
 1.614052e+01  7.925244e-03 
 1.614091e+01  8.081498e-03 
 1.614131e+01  8.209984e-03 
 1.614171e+01  8.303723e-03 
 1.614211e+01  8.360853e-03 
 1.614251e+01  8.389279e-03 
 1.614290e+01  8.400525e-03 
 1.614330e+01  8.401216e-03 
 1.614370e+01  8.384681e-03 
 1.614410e+01  8.332049e-03 
 1.614449e+01  8.216450e-03 
 1.614489e+01  8.019576e-03 
 1.614529e+01  7.737568e-03 
 1.614569e+01  7.373549e-03 
 1.614608e+01  6.939259e-03 
 1.614648e+01  6.445980e-03 
 1.614688e+01  5.901053e-03 
 1.614728e+01  5.297806e-03 
 1.614768e+01  4.623514e-03 
 1.614807e+01  3.872355e-03 
 1.614847e+01  3.053796e-03 
 1.614887e+01  2.189579e-03 
 1.614927e+01  1.305389e-03 
 1.614966e+01  4.127574e-04 
 1.615006e+01 -4.917000e-04 
 1.615046e+01 -1.427839e-03 
 1.615086e+01 -2.410822e-03 
 1.615125e+01 -3.453712e-03 
 1.615165e+01 -4.555591e-03 
 1.615205e+01 -5.703620e-03 
 1.615245e+01 -6.872148e-03 
 1.615285e+01 -8.037278e-03 
 1.615324e+01 -9.184247e-03 
 1.615364e+01 -1.031198e-02 
 1.615404e+01 -1.143072e-02 
 1.615444e+01 -1.254587e-02 
 1.615483e+01 -1.365363e-02 
 1.615523e+01 -1.473978e-02 
 1.615563e+01 -1.579198e-02 
 1.615603e+01 -1.680231e-02 
 1.615642e+01 -1.777429e-02 
 1.615682e+01 -1.872114e-02 
 1.615722e+01 -1.965458e-02 
 1.615762e+01 -2.058037e-02 
 1.615802e+01 -2.149230e-02 
 1.615841e+01 -2.238028e-02 
 1.615881e+01 -2.323940e-02 
 1.615921e+01 -2.406793e-02 
 1.615961e+01 -2.487374e-02 
 1.616000e+01 -2.567237e-02 
 1.616040e+01 -2.647185e-02 
 1.616080e+01 -2.727551e-02 
 1.616120e+01 -2.807404e-02 
 1.616159e+01 -2.884425e-02 
 1.616199e+01 -2.956674e-02 
 1.616239e+01 -3.023490e-02 
 1.616279e+01 -3.086136e-02 
 1.616319e+01 -3.146500e-02 
 1.616358e+01 -3.206280e-02 
 1.616398e+01 -3.265869e-02 
 1.616438e+01 -3.324365e-02 
 1.616478e+01 -3.380136e-02 
 1.616517e+01 -3.431401e-02 
 1.616557e+01 -3.477245e-02 
 1.616597e+01 -3.517552e-02 
 1.616637e+01 -3.553431e-02 
 1.616676e+01 -3.586119e-02 
 1.616716e+01 -3.616275e-02 
 1.616756e+01 -3.643107e-02 
 1.616796e+01 -3.665385e-02 
 1.616836e+01 -3.682273e-02 
 1.616875e+01 -3.693775e-02 
 1.616915e+01 -3.701056e-02 
 1.616955e+01 -3.705988e-02 
 1.616995e+01 -3.710471e-02 
 1.617034e+01 -3.716002e-02 
 1.617074e+01 -3.722588e-02 
 1.617114e+01 -3.729422e-02 
 1.617154e+01 -3.735654e-02 
 1.617193e+01 -3.740164e-02 
 1.617233e+01 -3.743174e-02 
 1.617273e+01 -3.745081e-02 
 1.617313e+01 -3.745735e-02 
 1.617353e+01 -3.745169e-02 
 1.617392e+01 -3.742090e-02 
 1.617432e+01 -3.735468e-02 
 1.617472e+01 -3.724919e-02 
 1.617512e+01 -3.710547e-02 
 1.617551e+01 -3.693041e-02 
 1.617591e+01 -3.673990e-02 
 1.617631e+01 -3.655103e-02 
 1.617671e+01 -3.637028e-02 
 1.617710e+01 -3.619790e-02 
 1.617750e+01 -3.603523e-02 
 1.617790e+01 -3.587822e-02 
 1.617830e+01 -3.572934e-02 
 1.617870e+01 -3.559960e-02 
 1.617909e+01 -3.550159e-02 
 1.617949e+01 -3.544078e-02 
 1.617989e+01 -3.540479e-02 
 1.618029e+01 -3.537758e-02 
 1.618068e+01 -3.533522e-02 
 1.618108e+01 -3.525731e-02 
 1.618148e+01 -3.513414e-02 
 1.618188e+01 -3.496698e-02 
 1.618227e+01 -3.476620e-02 
 1.618267e+01 -3.454371e-02 
 1.618307e+01 -3.430283e-02 
 1.618347e+01 -3.404189e-02 
 1.618387e+01 -3.374448e-02 
 1.618426e+01 -3.339235e-02 
 1.618466e+01 -3.297676e-02 
 1.618506e+01 -3.250064e-02 
 1.618546e+01 -3.197452e-02 
 1.618585e+01 -3.141200e-02 
 1.618625e+01 -3.082520e-02 
 1.618665e+01 -3.021597e-02 
 1.618705e+01 -2.958840e-02 
 1.618744e+01 -2.894868e-02 
 1.618784e+01 -2.831007e-02 
 1.618824e+01 -2.768488e-02 
 1.618864e+01 -2.708761e-02 
 1.618904e+01 -2.652828e-02 
 1.618943e+01 -2.601073e-02 
 1.618983e+01 -2.553645e-02 
 1.619023e+01 -2.510444e-02 
 1.619063e+01 -2.470644e-02 
 1.619102e+01 -2.434158e-02 
 1.619142e+01 -2.401024e-02 
 1.619182e+01 -2.371163e-02 
 1.619222e+01 -2.343950e-02 
 1.619261e+01 -2.318238e-02 
 1.619301e+01 -2.292933e-02 
 1.619341e+01 -2.266828e-02 
 1.619381e+01 -2.239976e-02 
 1.619421e+01 -2.212709e-02 
 1.619460e+01 -2.186106e-02 
 1.619500e+01 -2.161683e-02 
 1.619540e+01 -2.140795e-02 
 1.619580e+01 -2.125049e-02 
 1.619619e+01 -2.115638e-02 
 1.619659e+01 -2.112591e-02 
 1.619699e+01 -2.115606e-02 
 1.619739e+01 -2.124338e-02 
 1.619778e+01 -2.138209e-02 
 1.619818e+01 -2.156996e-02 
 1.619858e+01 -2.180493e-02 
 1.619898e+01 -2.208428e-02 
 1.619938e+01 -2.240520e-02 
 1.619977e+01 -2.276130e-02 
 1.620017e+01 -2.313498e-02 
 1.620057e+01 -2.351381e-02 
 1.620097e+01 -2.388669e-02 
 1.620136e+01 -2.424608e-02 
 1.620176e+01 -2.459433e-02 
 1.620216e+01 -2.493363e-02 
 1.620256e+01 -2.526331e-02 
 1.620296e+01 -2.557870e-02 
 1.620335e+01 -2.587075e-02 
 1.620375e+01 -2.613030e-02 
 1.620415e+01 -2.635879e-02 
 1.620455e+01 -2.656336e-02 
 1.620494e+01 -2.675691e-02 
 1.620534e+01 -2.695096e-02 
 1.620574e+01 -2.715481e-02 
 1.620614e+01 -2.737180e-02 
 1.620653e+01 -2.759909e-02 
 1.620693e+01 -2.783282e-02 
 1.620733e+01 -2.807077e-02 
 1.620773e+01 -2.831453e-02 
 1.620813e+01 -2.856457e-02 
 1.620852e+01 -2.881948e-02 
 1.620892e+01 -2.907268e-02 
 1.620932e+01 -2.930433e-02 
 1.620972e+01 -2.949757e-02 
 1.621011e+01 -2.964369e-02 
 1.621051e+01 -2.974238e-02 
 1.621091e+01 -2.979647e-02 
 1.621131e+01 -2.980682e-02 
 1.621170e+01 -2.977004e-02 
 1.621210e+01 -2.967392e-02 
 1.621250e+01 -2.950571e-02 
 1.621290e+01 -2.924940e-02 
 1.621330e+01 -2.889035e-02 
 1.621369e+01 -2.843063e-02 
 1.621409e+01 -2.788622e-02 
 1.621449e+01 -2.727761e-02 
 1.621489e+01 -2.662410e-02 
 1.621528e+01 -2.593402e-02 
 1.621568e+01 -2.520977e-02 
 1.621608e+01 -2.444352e-02 
 1.621648e+01 -2.363324e-02 
 1.621687e+01 -2.278256e-02 
 1.621727e+01 -2.190151e-02 
 1.621767e+01 -2.099868e-02 
 1.621807e+01 -2.008344e-02 
 1.621847e+01 -1.915924e-02 
 1.621886e+01 -1.822106e-02 
 1.621926e+01 -1.725665e-02 
 1.621966e+01 -1.625835e-02 
 1.622006e+01 -1.522741e-02 
 1.622045e+01 -1.417077e-02 
 1.622085e+01 -1.310410e-02 
 1.622125e+01 -1.203696e-02 
 1.622165e+01 -1.097663e-02 
 1.622204e+01 -9.919350e-03 
 1.622244e+01 -8.859403e-03 
 1.622284e+01 -7.798111e-03 
 1.622324e+01 -6.744344e-03 
 1.622364e+01 -5.715482e-03 
 1.622403e+01 -4.733899e-03 
 1.622443e+01 -3.808090e-03 
 1.622483e+01 -2.939931e-03 
 1.622523e+01 -2.117111e-03 
 1.622562e+01 -1.323533e-03 
 1.622602e+01 -5.408881e-04 
 1.622642e+01  2.295793e-04 
 1.622682e+01  9.772397e-04 
 1.622721e+01  1.688303e-03 
 1.622761e+01  2.353793e-03 
 1.622801e+01  2.978273e-03 
 1.622841e+01  3.571734e-03 
 1.622881e+01  4.148132e-03 
 1.622920e+01  4.720061e-03 
 1.622960e+01  5.287132e-03 
 1.623000e+01  5.841163e-03 
 1.623040e+01  6.365463e-03 
 1.623079e+01  6.848637e-03 
 1.623119e+01  7.293642e-03 
 1.623159e+01  7.714765e-03 
 1.623199e+01  8.135478e-03 
 1.623238e+01  8.566800e-03 
 1.623278e+01  9.005732e-03 
 1.623318e+01  9.433724e-03 
 1.623358e+01  9.835722e-03 
 1.623398e+01  1.019828e-02 
 1.623437e+01  1.052165e-02 
 1.623477e+01  1.081765e-02 
 1.623517e+01  1.109223e-02 
 1.623557e+01  1.135147e-02 
 1.623596e+01  1.158690e-02 
 1.623636e+01  1.178391e-02 
 1.623676e+01  1.191986e-02 
 1.623716e+01  1.198805e-02 
 1.623755e+01  1.198760e-02 
 1.623795e+01  1.193169e-02 
 1.623835e+01  1.183588e-02 
 1.623875e+01  1.170779e-02 
 1.623915e+01  1.153559e-02 
 1.623954e+01  1.130489e-02 
 1.623994e+01  1.100673e-02 
 1.624034e+01  1.064652e-02 
 1.624074e+01  1.023759e-02 
 1.624113e+01  9.798394e-03 
 1.624153e+01  9.343570e-03 
 1.624193e+01  8.875651e-03 
 1.624233e+01  8.383500e-03 
 1.624272e+01  7.848907e-03 
 1.624312e+01  7.256384e-03 
 1.624352e+01  6.604614e-03 
 1.624392e+01  5.905511e-03 
 1.624432e+01  5.184234e-03 
 1.624471e+01  4.469420e-03 
 1.624511e+01  3.768336e-03 
 1.624551e+01  3.076273e-03 
 1.624591e+01  2.379195e-03 
 1.624630e+01  1.664296e-03 
 1.624670e+01  9.209887e-04 
 1.624710e+01  1.520514e-04 
 1.624750e+01 -6.291629e-04 
 1.624789e+01 -1.412349e-03 
 1.624829e+01 -2.194781e-03 
 1.624869e+01 -2.981592e-03 
 1.624909e+01 -3.784822e-03 
 1.624949e+01 -4.616849e-03 
 1.624988e+01 -5.481918e-03 
 1.625028e+01 -6.371826e-03 
 1.625068e+01 -7.275752e-03 
 1.625108e+01 -8.181715e-03 
 1.625147e+01 -9.090211e-03 
 1.625187e+01 -1.000794e-02 
 1.625227e+01 -1.094385e-02 
 1.625267e+01 -1.190800e-02 
 1.625306e+01 -1.289496e-02 
 1.625346e+01 -1.388911e-02 
 1.625386e+01 -1.487094e-02 
 1.625426e+01 -1.583194e-02 
 1.625466e+01 -1.676860e-02 
 1.625505e+01 -1.769447e-02 
 1.625545e+01 -1.863457e-02 
 1.625585e+01 -1.960367e-02 
 1.625625e+01 -2.060940e-02 
 1.625664e+01 -2.164485e-02 
 1.625704e+01 -2.269615e-02 
 1.625744e+01 -2.374538e-02 
 1.625784e+01 -2.477951e-02 
 1.625823e+01 -2.579000e-02 
 1.625863e+01 -2.677164e-02 
 1.625903e+01 -2.771696e-02 
 1.625943e+01 -2.861661e-02 
 1.625983e+01 -2.946063e-02 
 1.626022e+01 -3.023537e-02 
 1.626062e+01 -3.093366e-02 
 1.626102e+01 -3.155766e-02 
 1.626142e+01 -3.211540e-02 
 1.626181e+01 -3.262072e-02 
 1.626221e+01 -3.308095e-02 
 1.626261e+01 -3.349840e-02 
 1.626301e+01 -3.386770e-02 
 1.626340e+01 -3.417714e-02 
 1.626380e+01 -3.441505e-02 
 1.626420e+01 -3.457874e-02 
 1.626460e+01 -3.467382e-02 
 1.626500e+01 -3.471629e-02 
 1.626539e+01 -3.472064e-02 
 1.626579e+01 -3.469722e-02 
 1.626619e+01 -3.464868e-02 
 1.626659e+01 -3.457384e-02 
 1.626698e+01 -3.446760e-02 
 1.626738e+01 -3.433267e-02 
 1.626778e+01 -3.417832e-02 
 1.626818e+01 -3.400768e-02 
 1.626857e+01 -3.382766e-02 
 1.626897e+01 -3.364001e-02 
 1.626937e+01 -3.343435e-02 
 1.626977e+01 -3.319847e-02 
 1.627017e+01 -3.291994e-02 
 1.627056e+01 -3.260184e-02 
 1.627096e+01 -3.224641e-02 
 1.627136e+01 -3.186273e-02 
 1.627176e+01 -3.145774e-02 
 1.627215e+01 -3.103258e-02 
 1.627255e+01 -3.058328e-02 
 1.627295e+01 -3.010432e-02 
 1.627335e+01 -2.959286e-02 
 1.627374e+01 -2.905929e-02 
 1.627414e+01 -2.852091e-02 
 1.627454e+01 -2.799883e-02 
 1.627494e+01 -2.751127e-02 
 1.627534e+01 -2.706448e-02 
 1.627573e+01 -2.665612e-02 
 1.627613e+01 -2.627401e-02 
 1.627653e+01 -2.590935e-02 
 1.627693e+01 -2.554810e-02 
 1.627732e+01 -2.517544e-02 
 1.627772e+01 -2.478518e-02 
 1.627812e+01 -2.437420e-02 
 1.627852e+01 -2.394099e-02 
 1.627891e+01 -2.348620e-02 
 1.627931e+01 -2.301257e-02 
 1.627971e+01 -2.252576e-02 
 1.628011e+01 -2.203705e-02 
 1.628051e+01 -2.155786e-02 
 1.628090e+01 -2.110398e-02 
 1.628130e+01 -2.068621e-02 
 1.628170e+01 -2.031373e-02 
 1.628210e+01 -1.998904e-02 
 1.628249e+01 -1.971102e-02 
 1.628289e+01 -1.948153e-02 
 1.628329e+01 -1.930443e-02 
 1.628369e+01 -1.918643e-02 
 1.628408e+01 -1.913558e-02 
 1.628448e+01 -1.916515e-02 
 1.628488e+01 -1.927849e-02 
 1.628528e+01 -1.947449e-02 
 1.628568e+01 -1.974412e-02 
 1.628607e+01 -2.007291e-02 
 1.628647e+01 -2.044954e-02 
 1.628687e+01 -2.086883e-02 
 1.628727e+01 -2.133107e-02 
 1.628766e+01 -2.183795e-02 
 1.628806e+01 -2.238127e-02 
 1.628846e+01 -2.294751e-02 
 1.628886e+01 -2.351362e-02 
 1.628925e+01 -2.406352e-02 
 1.628965e+01 -2.458314e-02 
 1.629005e+01 -2.506890e-02 
 1.629045e+01 -2.552762e-02 
 1.629085e+01 -2.597038e-02 
 1.629124e+01 -2.640989e-02 
 1.629164e+01 -2.684976e-02 
 1.629204e+01 -2.728262e-02 
 1.629244e+01 -2.770006e-02 
 1.629283e+01 -2.810285e-02 
 1.629323e+01 -2.850268e-02 
 1.629363e+01 -2.892040e-02 
 1.629403e+01 -2.936975e-02 
 1.629443e+01 -2.986140e-02 
 1.629482e+01 -3.039034e-02 
 1.629522e+01 -3.094263e-02 
 1.629562e+01 -3.149576e-02 
 1.629602e+01 -3.202725e-02 
 1.629641e+01 -3.252448e-02 
 1.629681e+01 -3.297762e-02 
 1.629721e+01 -3.338687e-02 
 1.629761e+01 -3.375471e-02 
 1.629800e+01 -3.407772e-02 
 1.629840e+01 -3.435267e-02 
 1.629880e+01 -3.457895e-02 
 1.629920e+01 -3.476074e-02 
 1.629960e+01 -3.491253e-02 
 1.629999e+01 -3.505138e-02 
 1.630039e+01 -3.519469e-02 
 1.630079e+01 -3.535240e-02 
 1.630119e+01 -3.552804e-02 
 1.630158e+01 -3.570739e-02 
 1.630198e+01 -3.587776e-02 
 1.630238e+01 -3.602905e-02 
 1.630278e+01 -3.615529e-02 
 1.630317e+01 -3.626298e-02 
 1.630357e+01 -3.636007e-02 
 1.630397e+01 -3.645086e-02 
 1.630437e+01 -3.652799e-02 
 1.630477e+01 -3.658045e-02 
 1.630516e+01 -3.659189e-02 
 1.630556e+01 -3.654981e-02 
 1.630596e+01 -3.645190e-02 
 1.630636e+01 -3.629915e-02 
 1.630675e+01 -3.610633e-02 
 1.630715e+01 -3.587514e-02 
 1.630755e+01 -3.560281e-02 
 1.630795e+01 -3.527565e-02 
 1.630834e+01 -3.487961e-02 
 1.630874e+01 -3.440214e-02 
 1.630914e+01 -3.384500e-02 
 1.630954e+01 -3.321162e-02 
 1.630994e+01 -3.251571e-02 
 1.631033e+01 -3.176528e-02 
 1.631073e+01 -3.096459e-02 
 1.631113e+01 -3.011751e-02 
 1.631153e+01 -2.923054e-02 
 1.631192e+01 -2.831480e-02 
 1.631232e+01 -2.739454e-02 
 1.631272e+01 -2.649180e-02 
 1.631312e+01 -2.562556e-02 
 1.631351e+01 -2.480165e-02 
 1.631391e+01 -2.401226e-02 
 1.631431e+01 -2.323652e-02 
 1.631471e+01 -2.245404e-02 
 1.631511e+01 -2.164877e-02 
 1.631550e+01 -2.081878e-02 
 1.631590e+01 -1.996404e-02 
 1.631630e+01 -1.908935e-02 
 1.631670e+01 -1.819385e-02 
 1.631709e+01 -1.726954e-02 
 1.631749e+01 -1.630681e-02 
 1.631789e+01 -1.530072e-02 
 1.631829e+01 -1.426044e-02 
 1.631868e+01 -1.320619e-02 
 1.631908e+01 -1.215716e-02 
 1.631948e+01 -1.113349e-02 
 1.631988e+01 -1.013893e-02 
 1.632028e+01 -9.163363e-03 
 1.632067e+01 -8.186906e-03 
 1.632107e+01 -7.192717e-03 
 1.632147e+01 -6.172787e-03 
 1.632187e+01 -5.131113e-03 
 1.632226e+01 -4.076361e-03 
 1.632266e+01 -3.019490e-03 
 1.632306e+01 -1.965733e-03 
 1.632346e+01 -9.139368e-04 
 1.632385e+01  1.410726e-04 
 1.632425e+01  1.200642e-03 
 1.632465e+01  2.255514e-03 
 1.632505e+01  3.289781e-03 
 1.632545e+01  4.284472e-03 
 1.632584e+01  5.222062e-03 
 1.632624e+01  6.102971e-03 
 1.632664e+01  6.934018e-03 
 1.632704e+01  7.722456e-03 
 1.632743e+01  8.477366e-03 
 1.632783e+01  9.200510e-03 
 1.632823e+01  9.890318e-03 
 1.632863e+01  1.054217e-02 
 1.632902e+01  1.114960e-02 
 1.632942e+01  1.171188e-02 
 1.632982e+01  1.223040e-02 
 1.633022e+01  1.270317e-02 
 1.633062e+01  1.312208e-02 
 1.633101e+01  1.346407e-02 
 1.633141e+01  1.370366e-02 
 1.633181e+01  1.382435e-02 
 1.633221e+01  1.382535e-02 
 1.633260e+01  1.370940e-02 
 1.633300e+01  1.349918e-02 
 1.633340e+01  1.321146e-02 
 1.633380e+01  1.286476e-02 
 1.633419e+01  1.246785e-02 
 1.633459e+01  1.201611e-02 
 1.633499e+01  1.151007e-02 
 1.633539e+01  1.094601e-02 
 1.633579e+01  1.032877e-02 
 1.633618e+01  9.673293e-03 
 1.633658e+01  8.994332e-03 
 1.633698e+01  8.297497e-03 
 1.633738e+01  7.582020e-03 
 1.633777e+01  6.851148e-03 
 1.633817e+01  6.099014e-03 
 1.633857e+01  5.324148e-03 
 1.633897e+01  4.532573e-03 
 1.633936e+01  3.733048e-03 
 1.633976e+01  2.930998e-03 
 1.634016e+01  2.126612e-03 
 1.634056e+01  1.321493e-03 
 1.634096e+01  5.153535e-04 
 1.634135e+01 -2.943014e-04 
 1.634175e+01 -1.101669e-03 
 1.634215e+01 -1.905298e-03 
 1.634255e+01 -2.699893e-03 
 1.634294e+01 -3.483732e-03 
 1.634334e+01 -4.264401e-03 
 1.634374e+01 -5.055703e-03 
 1.634414e+01 -5.872787e-03 
 1.634453e+01 -6.729217e-03 
 1.634493e+01 -7.628034e-03 
 1.634533e+01 -8.562780e-03 
 1.634573e+01 -9.524249e-03 
 1.634613e+01 -1.049886e-02 
 1.634652e+01 -1.147617e-02 
 1.634692e+01 -1.244435e-02 
 1.634732e+01 -1.339237e-02 
 1.634772e+01 -1.430980e-02 
 1.634811e+01 -1.518597e-02 
 1.634851e+01 -1.600927e-02 
 1.634891e+01 -1.677226e-02 
 1.634931e+01 -1.748125e-02 
 1.634970e+01 -1.814867e-02 
 1.635010e+01 -1.879180e-02 
 1.635050e+01 -1.942892e-02 
 1.635090e+01 -2.006584e-02 
 1.635130e+01 -2.070512e-02 
 1.635169e+01 -2.133752e-02 
 1.635209e+01 -2.194937e-02 
 1.635249e+01 -2.253201e-02 
 1.635289e+01 -2.307979e-02 
 1.635328e+01 -2.358878e-02 
 1.635368e+01 -2.405499e-02 
 1.635408e+01 -2.447445e-02 
 1.635448e+01 -2.483943e-02 
 1.635487e+01 -2.514835e-02 
 1.635527e+01 -2.540090e-02 
 1.635567e+01 -2.559663e-02 
 1.635607e+01 -2.574189e-02 
 1.635647e+01 -2.584250e-02 
 1.635686e+01 -2.590592e-02 
 1.635726e+01 -2.593534e-02 
 1.635766e+01 -2.592879e-02 
 1.635806e+01 -2.588564e-02 
 1.635845e+01 -2.580746e-02 
 1.635885e+01 -2.570357e-02 
 1.635925e+01 -2.558475e-02 
 1.635965e+01 -2.545561e-02 
 1.636004e+01 -2.531973e-02 
 1.636044e+01 -2.517521e-02 
 1.636084e+01 -2.501973e-02 
 1.636124e+01 -2.485563e-02 
 1.636164e+01 -2.468252e-02 
 1.636203e+01 -2.450369e-02 
 1.636243e+01 -2.433392e-02 
 1.636283e+01 -2.418422e-02 
 1.636323e+01 -2.406533e-02 
 1.636362e+01 -2.398123e-02 
 1.636402e+01 -2.393405e-02 
 1.636442e+01 -2.391608e-02 
 1.636482e+01 -2.391622e-02 
 1.636521e+01 -2.392042e-02 
 1.636561e+01 -2.391618e-02 
 1.636601e+01 -2.388258e-02 
 1.636641e+01 -2.380565e-02 
 1.636681e+01 -2.367974e-02 
 1.636720e+01 -2.350478e-02 
 1.636760e+01 -2.328372e-02 
 1.636800e+01 -2.302943e-02 
 1.636840e+01 -2.275688e-02 
 1.636879e+01 -2.247833e-02 
 1.636919e+01 -2.220786e-02 
 1.636959e+01 -2.195497e-02 
 1.636999e+01 -2.172830e-02 
 1.637038e+01 -2.153171e-02 
 1.637078e+01 -2.136703e-02 
 1.637118e+01 -2.123487e-02 
 1.637158e+01 -2.112896e-02 
 1.637198e+01 -2.103506e-02 
 1.637237e+01 -2.093894e-02 
 1.637277e+01 -2.083107e-02 
 1.637317e+01 -2.071048e-02 
 1.637357e+01 -2.057566e-02 
 1.637396e+01 -2.043709e-02 
 1.637436e+01 -2.030193e-02 
 1.637476e+01 -2.017556e-02 
 1.637516e+01 -2.006541e-02 
 1.637555e+01 -1.997653e-02 
 1.637595e+01 -1.991296e-02 
 1.637635e+01 -1.987707e-02 
 1.637675e+01 -1.987713e-02 
 1.637715e+01 -1.992493e-02 
 1.637754e+01 -2.002088e-02 
 1.637794e+01 -2.016732e-02 
 1.637834e+01 -2.036139e-02 
 1.637874e+01 -2.060381e-02 
 1.637913e+01 -2.089800e-02 
 1.637953e+01 -2.124342e-02 
 1.637993e+01 -2.163677e-02 
 1.638033e+01 -2.207461e-02 
 1.638072e+01 -2.254975e-02 
 1.638112e+01 -2.305357e-02 
 1.638152e+01 -2.358273e-02 
 1.638192e+01 -2.413598e-02 
 1.638232e+01 -2.471633e-02 
 1.638271e+01 -2.532762e-02 
 1.638311e+01 -2.596970e-02 
 1.638351e+01 -2.663340e-02 
 1.638391e+01 -2.730399e-02 
 1.638430e+01 -2.795842e-02 
 1.638470e+01 -2.858357e-02 
 1.638510e+01 -2.916640e-02 
 1.638550e+01 -2.970259e-02 
 1.638590e+01 -3.019808e-02 
 1.638629e+01 -3.065996e-02 
 1.638669e+01 -3.110172e-02 
 1.638709e+01 -3.153417e-02 
 1.638749e+01 -3.197011e-02 
 1.638788e+01 -3.242678e-02 
 1.638828e+01 -3.291485e-02 
 1.638868e+01 -3.344561e-02 
 1.638908e+01 -3.402476e-02 
 1.638947e+01 -3.465268e-02 
 1.638987e+01 -3.532382e-02 
 1.639027e+01 -3.602053e-02 
 1.639067e+01 -3.672474e-02 
 1.639107e+01 -3.741703e-02 
 1.639146e+01 -3.808308e-02 
 1.639186e+01 -3.872088e-02 
 1.639226e+01 -3.932921e-02 
 1.639266e+01 -3.990524e-02 
 1.639305e+01 -4.044197e-02 
 1.639345e+01 -4.093293e-02 
 1.639385e+01 -4.137126e-02 
 1.639425e+01 -4.174997e-02 
 1.639464e+01 -4.207773e-02 
 1.639504e+01 -4.236277e-02 
 1.639544e+01 -4.262334e-02 
 1.639584e+01 -4.287544e-02 
 1.639624e+01 -4.312170e-02 
 1.639663e+01 -4.335626e-02 
 1.639703e+01 -4.356627e-02 
 1.639743e+01 -4.373512e-02 
 1.639783e+01 -4.385887e-02 
 1.639822e+01 -4.394037e-02 
 1.639862e+01 -4.398669e-02 
 1.639902e+01 -4.399149e-02 
 1.639942e+01 -4.394978e-02 
 1.639981e+01 -4.384701e-02 
 1.640021e+01 -4.367249e-02 
 1.640061e+01 -4.342423e-02 
 1.640101e+01 -4.310122e-02 
 1.640141e+01 -4.271260e-02 
 1.640180e+01 -4.226820e-02 
 1.640220e+01 -4.177125e-02 
 1.640260e+01 -4.122140e-02 
 1.640300e+01 -4.060575e-02 
 1.640339e+01 -3.990960e-02 
 1.640379e+01 -3.912643e-02 
 1.640419e+01 -3.825628e-02 
 1.640459e+01 -3.731082e-02 
 1.640498e+01 -3.630218e-02 
 1.640538e+01 -3.523909e-02 
 1.640578e+01 -3.413293e-02 
 1.640618e+01 -3.299132e-02 
 1.640658e+01 -3.182800e-02 
 1.640697e+01 -3.066209e-02 
 1.640737e+01 -2.950944e-02 
 1.640777e+01 -2.839383e-02 
 1.640817e+01 -2.733608e-02 
 1.640856e+01 -2.634192e-02 
 1.640896e+01 -2.540428e-02 
 1.640936e+01 -2.450328e-02 
 1.640976e+01 -2.361563e-02 
 1.641015e+01 -2.272230e-02 
 1.641055e+01 -2.181208e-02 
 1.641095e+01 -2.088423e-02 
 1.641135e+01 -1.993724e-02 
 1.641175e+01 -1.897476e-02 
 1.641214e+01 -1.799205e-02 
 1.641254e+01 -1.698654e-02 
 1.641294e+01 -1.595511e-02 
 1.641334e+01 -1.490161e-02 
 1.641373e+01 -1.383699e-02 
 1.641413e+01 -1.276982e-02 
 1.641453e+01 -1.171716e-02 
 1.641493e+01 -1.069159e-02 
 1.641532e+01 -9.691881e-03 
 1.641572e+01 -8.718223e-03 
 1.641612e+01 -7.763542e-03 
 1.641652e+01 -6.825121e-03 
 1.641692e+01 -5.909027e-03 
 1.641731e+01 -5.018488e-03 
 1.641771e+01 -4.152976e-03 
 1.641811e+01 -3.308775e-03 
 1.641851e+01 -2.482429e-03 
 1.641890e+01 -1.672033e-03 
 1.641930e+01 -8.875380e-04 
 1.641970e+01 -1.372834e-04 
 1.642010e+01  5.657871e-04 
 1.642049e+01  1.209120e-03 
 1.642089e+01  1.789645e-03 
 1.642129e+01  2.312130e-03 
 1.642169e+01  2.793258e-03 
 1.642209e+01  3.249583e-03 
 1.642248e+01  3.688810e-03 
 1.642288e+01  4.109496e-03 
 1.642328e+01  4.508648e-03 
 1.642368e+01  4.886248e-03 
 1.642407e+01  5.241718e-03 
 1.642447e+01  5.576818e-03 
 1.642487e+01  5.895066e-03 
 1.642527e+01  6.192214e-03 
 1.642566e+01  6.462233e-03 
 1.642606e+01  6.688930e-03 
 1.642646e+01  6.856431e-03 
 1.642686e+01  6.948566e-03 
 1.642726e+01  6.957721e-03 
 1.642765e+01  6.891464e-03 
 1.642805e+01  6.762343e-03 
 1.642845e+01  6.587979e-03 
 1.642885e+01  6.382625e-03 
 1.642924e+01  6.157800e-03 
 1.642964e+01  5.917913e-03 
 1.643004e+01  5.666736e-03 
 1.643044e+01  5.409300e-03 
 1.643083e+01  5.152507e-03 
 1.643123e+01  4.905169e-03 
 1.643163e+01  4.663327e-03 
 1.643203e+01  4.426728e-03 
 1.643243e+01  4.192655e-03 
 1.643282e+01  3.955675e-03 
 1.643322e+01  3.712016e-03 
 1.643362e+01  3.460580e-03 
 1.643402e+01  3.205462e-03 
 1.643441e+01  2.949224e-03 
 1.643481e+01  2.688174e-03 
 1.643521e+01  2.414972e-03 
 1.643561e+01  2.114617e-03 
 1.643600e+01  1.775842e-03 
 1.643640e+01  1.398671e-03 
 1.643680e+01  9.876962e-04 
 1.643720e+01  5.502894e-04 
 1.643760e+01  8.652314e-05 
 1.643799e+01 -4.067021e-04 
 1.643839e+01 -9.370524e-04 
 1.643879e+01 -1.508378e-03 
 1.643919e+01 -2.134095e-03 
 1.643958e+01 -2.820074e-03 
 1.643998e+01 -3.564127e-03 
 1.644038e+01 -4.355346e-03 
 1.644078e+01 -5.178775e-03 
 1.644117e+01 -6.019623e-03 
 1.644157e+01 -6.867637e-03 
 1.644197e+01 -7.712933e-03 
 1.644237e+01 -8.542918e-03 
 1.644277e+01 -9.341537e-03 
 1.644316e+01 -1.009867e-02 
 1.644356e+01 -1.080881e-02 
 1.644396e+01 -1.147426e-02 
 1.644436e+01 -1.210385e-02 
 1.644475e+01 -1.270387e-02 
 1.644515e+01 -1.327944e-02 
 1.644555e+01 -1.383150e-02 
 1.644595e+01 -1.435826e-02 
 1.644634e+01 -1.485992e-02 
 1.644674e+01 -1.533515e-02 
 1.644714e+01 -1.578622e-02 
 1.644754e+01 -1.621697e-02 
 1.644794e+01 -1.663493e-02 
 1.644833e+01 -1.704302e-02 
 1.644873e+01 -1.743309e-02 
 1.644913e+01 -1.779447e-02 
 1.644953e+01 -1.811600e-02 
 1.644992e+01 -1.838748e-02 
 1.645032e+01 -1.860366e-02 
 1.645072e+01 -1.876672e-02 
 1.645112e+01 -1.888280e-02 
 1.645151e+01 -1.895185e-02 
 1.645191e+01 -1.897959e-02 
 1.645231e+01 -1.896954e-02 
 1.645271e+01 -1.892253e-02 
 1.645311e+01 -1.883884e-02 
 1.645350e+01 -1.872635e-02 
 1.645390e+01 -1.859498e-02 
 1.645430e+01 -1.845092e-02 
 1.645470e+01 -1.829539e-02 
 1.645509e+01 -1.812849e-02 
 1.645549e+01 -1.795390e-02 
 1.645589e+01 -1.777247e-02 
 1.645629e+01 -1.759053e-02 
 1.645668e+01 -1.741599e-02 
 1.645708e+01 -1.725622e-02 
 1.645748e+01 -1.711738e-02 
 1.645788e+01 -1.700396e-02 
 1.645828e+01 -1.691772e-02 
 1.645867e+01 -1.685667e-02 
 1.645907e+01 -1.681079e-02 
 1.645947e+01 -1.677282e-02 
 1.645987e+01 -1.673953e-02 
 1.646026e+01 -1.670622e-02 
 1.646066e+01 -1.666360e-02 
 1.646106e+01 -1.660020e-02 
 1.646146e+01 -1.650608e-02 
 1.646185e+01 -1.637069e-02 
 1.646225e+01 -1.618979e-02 
 1.646265e+01 -1.597131e-02 
 1.646305e+01 -1.572609e-02 
 1.646345e+01 -1.546275e-02 
 1.646384e+01 -1.519342e-02 
 1.646424e+01 -1.493599e-02 
 1.646464e+01 -1.469722e-02 
 1.646504e+01 -1.448809e-02 
 1.646543e+01 -1.431078e-02 
 1.646583e+01 -1.417012e-02 
 1.646623e+01 -1.407198e-02 
 1.646663e+01 -1.402133e-02 
 1.646702e+01 -1.402368e-02 
 1.646742e+01 -1.407718e-02 
 1.646782e+01 -1.417860e-02 
 1.646822e+01 -1.432640e-02 
 1.646862e+01 -1.451878e-02 
 1.646901e+01 -1.474812e-02 
 1.646941e+01 -1.500577e-02 
 1.646981e+01 -1.528036e-02 
 1.647021e+01 -1.557026e-02 
 1.647060e+01 -1.587755e-02 
 1.647100e+01 -1.620972e-02 
 1.647140e+01 -1.657128e-02 
 1.647180e+01 -1.696462e-02 
 1.647219e+01 -1.739308e-02 
 1.647259e+01 -1.785920e-02 
 1.647299e+01 -1.835731e-02 
 1.647339e+01 -1.887915e-02 
 1.647379e+01 -1.941951e-02 
 1.647418e+01 -1.997355e-02 
 1.647458e+01 -2.054496e-02 
 1.647498e+01 -2.113895e-02 
 1.647538e+01 -2.175720e-02 
 1.647577e+01 -2.240295e-02 
 1.647617e+01 -2.307588e-02 
 1.647657e+01 -2.377565e-02 
 1.647697e+01 -2.449174e-02 
 1.647737e+01 -2.522021e-02 
 1.647776e+01 -2.595221e-02 
 1.647816e+01 -2.667768e-02 
 1.647856e+01 -2.738662e-02 
 1.647896e+01 -2.807384e-02 
 1.647935e+01 -2.873326e-02 
 1.647975e+01 -2.935534e-02 
 1.648015e+01 -2.993291e-02 
 1.648055e+01 -3.047291e-02 
 1.648094e+01 -3.097646e-02 
 1.648134e+01 -3.145124e-02 
 1.648174e+01 -3.190094e-02 
 1.648214e+01 -3.232764e-02 
 1.648254e+01 -3.273713e-02 
 1.648293e+01 -3.313777e-02 
 1.648333e+01 -3.354375e-02 
 1.648373e+01 -3.397035e-02 
 1.648413e+01 -3.442833e-02 
 1.648452e+01 -3.492070e-02 
 1.648492e+01 -3.544405e-02 
 1.648532e+01 -3.599123e-02 
 1.648572e+01 -3.654862e-02 
 1.648611e+01 -3.711334e-02 
 1.648651e+01 -3.768467e-02 
 1.648691e+01 -3.826541e-02 
 1.648731e+01 -3.885548e-02 
 1.648771e+01 -3.944520e-02 
 1.648810e+01 -4.001485e-02 
 1.648850e+01 -4.054179e-02 
 1.648890e+01 -4.101107e-02 
 1.648930e+01 -4.141695e-02 
 1.648969e+01 -4.176379e-02 
 1.649009e+01 -4.206624e-02 
 1.649049e+01 -4.233769e-02 
 1.649089e+01 -4.257948e-02 
 1.649128e+01 -4.279023e-02 
 1.649168e+01 -4.296182e-02 
 1.649208e+01 -4.309620e-02 
 1.649248e+01 -4.319681e-02 
 1.649288e+01 -4.327493e-02 
 1.649327e+01 -4.334021e-02 
 1.649367e+01 -4.339762e-02 
 1.649407e+01 -4.343879e-02 
 1.649447e+01 -4.345159e-02 
 1.649486e+01 -4.342271e-02 
 1.649526e+01 -4.334414e-02 
 1.649566e+01 -4.322200e-02 
 1.649606e+01 -4.307252e-02 
 1.649645e+01 -4.290892e-02 
 1.649685e+01 -4.273043e-02 
 1.649725e+01 -4.252606e-02 
 1.649765e+01 -4.227417e-02 
 1.649805e+01 -4.195390e-02 
 1.649844e+01 -4.155148e-02 
 1.649884e+01 -4.107189e-02 
 1.649924e+01 -4.052981e-02 
 1.649964e+01 -3.994969e-02 
 1.650003e+01 -3.935068e-02 
 1.650043e+01 -3.873691e-02 
 1.650083e+01 -3.809862e-02 
 1.650123e+01 -3.742735e-02 
 1.650162e+01 -3.671735e-02 
 1.650202e+01 -3.597681e-02 
 1.650242e+01 -3.522571e-02 
 1.650282e+01 -3.448323e-02 
 1.650322e+01 -3.375833e-02 
 1.650361e+01 -3.305498e-02 
 1.650401e+01 -3.236236e-02 
 1.650441e+01 -3.166757e-02 
 1.650481e+01 -3.095786e-02 
 1.650520e+01 -3.023444e-02 
 1.650560e+01 -2.949777e-02 
 1.650600e+01 -2.875283e-02 
 1.650640e+01 -2.799653e-02 
 1.650679e+01 -2.721491e-02 
 1.650719e+01 -2.638269e-02 
 1.650759e+01 -2.548040e-02 
 1.650799e+01 -2.449694e-02 
 1.650839e+01 -2.344173e-02 
 1.650878e+01 -2.233523e-02 
 1.650918e+01 -2.119710e-02 
 1.650958e+01 -2.004240e-02 
 1.650998e+01 -1.887936e-02 
 1.651037e+01 -1.770740e-02 
 1.651077e+01 -1.652986e-02 
 1.651117e+01 -1.535070e-02 
 1.651157e+01 -1.418303e-02 
 1.651196e+01 -1.304711e-02 
 1.651236e+01 -1.196676e-02 
 1.651276e+01 -1.095743e-02 
 1.651316e+01 -1.000821e-02 
 1.651356e+01 -9.101136e-03 
 1.651395e+01 -8.224603e-03 
 1.651435e+01 -7.368459e-03 
 1.651475e+01 -6.547890e-03 
 1.651515e+01 -5.780271e-03 
 1.651554e+01 -5.081514e-03 
 1.651594e+01 -4.459945e-03 
 1.651634e+01 -3.911636e-03 
 1.651674e+01 -3.417445e-03 
 1.651713e+01 -2.953280e-03 
 1.651753e+01 -2.496176e-03 
 1.651793e+01 -2.043466e-03 
 1.651833e+01 -1.609727e-03 
 1.651873e+01 -1.210640e-03 
 1.651912e+01 -8.581149e-04 
 1.651952e+01 -5.489697e-04 
 1.651992e+01 -2.723676e-04 
 1.652032e+01 -2.107662e-05 
 1.652071e+01  2.115091e-04 
 1.652111e+01  4.202196e-04 
 1.652151e+01  5.938261e-04 
 1.652191e+01  7.195202e-04 
 1.652230e+01  7.922494e-04 
 1.652270e+01  8.211419e-04 
 1.652310e+01  8.116005e-04 
 1.652350e+01  7.775185e-04 
 1.652390e+01  7.199169e-04 
 1.652429e+01  6.326200e-04 
 1.652469e+01  5.037092e-04 
 1.652509e+01  3.279011e-04 
 1.652549e+01  1.178434e-04 
 1.652588e+01 -1.047590e-04 
 1.652628e+01 -3.177936e-04 
 1.652668e+01 -5.026977e-04 
 1.652708e+01 -6.535199e-04 
 1.652747e+01 -7.807950e-04 
 1.652787e+01 -8.961894e-04 
 1.652827e+01 -1.014318e-03 
 1.652867e+01 -1.139749e-03 
 1.652907e+01 -1.274021e-03 
 1.652946e+01 -1.407703e-03 
 1.652986e+01 -1.537845e-03 
 1.653026e+01 -1.667017e-03 
 1.653066e+01 -1.812023e-03 
 1.653105e+01 -1.989756e-03 
 1.653145e+01 -2.218642e-03 
 1.653185e+01 -2.502395e-03 
 1.653225e+01 -2.839306e-03 
 1.653264e+01 -3.222876e-03 
 1.653304e+01 -3.639403e-03 
 1.653344e+01 -4.078530e-03 
 1.653384e+01 -4.532108e-03 
 1.653424e+01 -5.001557e-03 
 1.653463e+01 -5.482604e-03 
 1.653503e+01 -5.978663e-03 
 1.653543e+01 -6.483601e-03 
 1.653583e+01 -6.988050e-03 
 1.653622e+01 -7.479060e-03 
 1.653662e+01 -7.941724e-03 
 1.653702e+01 -8.370257e-03 
 1.653742e+01 -8.765960e-03 
 1.653781e+01 -9.131784e-03 
 1.653821e+01 -9.470619e-03 
 1.653861e+01 -9.781907e-03 
 1.653901e+01 -1.005972e-02 
 1.653941e+01 -1.029367e-02 
 1.653980e+01 -1.048001e-02 
 1.654020e+01 -1.061810e-02 
 1.654060e+01 -1.071028e-02 
 1.654100e+01 -1.077062e-02 
 1.654139e+01 -1.081305e-02 
 1.654179e+01 -1.085019e-02 
 1.654219e+01 -1.089119e-02 
 1.654259e+01 -1.093928e-02 
 1.654298e+01 -1.099647e-02 
 1.654338e+01 -1.106516e-02 
 1.654378e+01 -1.116273e-02 
 1.654418e+01 -1.130219e-02 
 1.654458e+01 -1.148305e-02 
 1.654497e+01 -1.170396e-02 
 1.654537e+01 -1.194588e-02 
 1.654577e+01 -1.218483e-02 
 1.654617e+01 -1.239879e-02 
 1.654656e+01 -1.257238e-02 
 1.654696e+01 -1.269774e-02 
 1.654736e+01 -1.278282e-02 
 1.654776e+01 -1.284389e-02 
 1.654815e+01 -1.289465e-02 
 1.654855e+01 -1.293870e-02 
 1.654895e+01 -1.297568e-02 
 1.654935e+01 -1.299603e-02 
 1.654975e+01 -1.299825e-02 
 1.655014e+01 -1.299045e-02 
 1.655054e+01 -1.298690e-02 
 1.655094e+01 -1.299972e-02 
 1.655134e+01 -1.303975e-02 
 1.655173e+01 -1.310473e-02 
 1.655213e+01 -1.318623e-02 
 1.655253e+01 -1.326992e-02 
 1.655293e+01 -1.334613e-02 
 1.655332e+01 -1.341041e-02 
 1.655372e+01 -1.346150e-02 
 1.655412e+01 -1.350195e-02 
 1.655452e+01 -1.353921e-02 
 1.655492e+01 -1.356588e-02 
 1.655531e+01 -1.356933e-02 
 1.655571e+01 -1.353471e-02 
 1.655611e+01 -1.346177e-02 
 1.655651e+01 -1.335967e-02 
 1.655690e+01 -1.323308e-02 
 1.655730e+01 -1.309350e-02 
 1.655770e+01 -1.293989e-02 
 1.655810e+01 -1.276450e-02 
 1.655849e+01 -1.255595e-02 
 1.655889e+01 -1.230394e-02 
 1.655929e+01 -1.200784e-02 
 1.655969e+01 -1.168084e-02 
 1.656009e+01 -1.135323e-02 
 1.656048e+01 -1.106399e-02 
 1.656088e+01 -1.083737e-02 
 1.656128e+01 -1.067909e-02 
 1.656168e+01 -1.058715e-02 
 1.656207e+01 -1.055392e-02 
 1.656247e+01 -1.057630e-02 
 1.656287e+01 -1.065694e-02 
 1.656327e+01 -1.080616e-02 
 1.656366e+01 -1.103675e-02 
 1.656406e+01 -1.135469e-02 
 1.656446e+01 -1.174674e-02 
 1.656486e+01 -1.218748e-02 
 1.656526e+01 -1.264204e-02 
 1.656565e+01 -1.307392e-02 
 1.656605e+01 -1.347468e-02 
 1.656645e+01 -1.385475e-02 
 1.656685e+01 -1.422554e-02 
 1.656724e+01 -1.460213e-02 
 1.656764e+01 -1.498475e-02 
 1.656804e+01 -1.536732e-02 
 1.656844e+01 -1.573325e-02 
 1.656884e+01 -1.608254e-02 
 1.656923e+01 -1.642546e-02 
 1.656963e+01 -1.678191e-02 
 1.657003e+01 -1.717919e-02 
 1.657043e+01 -1.763457e-02 
 1.657082e+01 -1.815218e-02 
 1.657122e+01 -1.871776e-02 
 1.657162e+01 -1.930255e-02 
 1.657202e+01 -1.989286e-02 
 1.657241e+01 -2.048518e-02 
 1.657281e+01 -2.108915e-02 
 1.657321e+01 -2.172188e-02 
 1.657361e+01 -2.238803e-02 
 1.657401e+01 -2.307491e-02 
 1.657440e+01 -2.376301e-02 
 1.657480e+01 -2.443662e-02 
 1.657520e+01 -2.509234e-02 
 1.657560e+01 -2.573892e-02 
 1.657599e+01 -2.639657e-02 
 1.657639e+01 -2.708203e-02 
 1.657679e+01 -2.779851e-02 
 1.657719e+01 -2.852625e-02 
 1.657758e+01 -2.923926e-02 
 1.657798e+01 -2.990876e-02 
 1.657838e+01 -3.052634e-02 
 1.657878e+01 -3.110958e-02 
 1.657918e+01 -3.169462e-02 
 1.657957e+01 -3.231251e-02 
 1.657997e+01 -3.298802e-02 
 1.658037e+01 -3.371960e-02 
 1.658077e+01 -3.448627e-02 
 1.658116e+01 -3.526582e-02 
 1.658156e+01 -3.604193e-02 
 1.658196e+01 -3.681296e-02 
 1.658236e+01 -3.758180e-02 
 1.658275e+01 -3.836059e-02 
 1.658315e+01 -3.914740e-02 
 1.658355e+01 -3.992701e-02 
 1.658395e+01 -4.066847e-02 
 1.658435e+01 -4.133689e-02 
 1.658474e+01 -4.190869e-02 
 1.658514e+01 -4.238419e-02 
 1.658554e+01 -4.277388e-02 
 1.658594e+01 -4.309736e-02 
 1.658633e+01 -4.336511e-02 
 1.658673e+01 -4.356751e-02 
 1.658713e+01 -4.369458e-02 
 1.658753e+01 -4.374141e-02 
 1.658792e+01 -4.371559e-02 
 1.658832e+01 -4.363687e-02 
 1.658872e+01 -4.353970e-02 
 1.658912e+01 -4.345194e-02 
 1.658952e+01 -4.338679e-02 
 1.658991e+01 -4.334275e-02 
 1.659031e+01 -4.329782e-02 
 1.659071e+01 -4.322393e-02 
 1.659111e+01 -4.310470e-02 
 1.659150e+01 -4.293973e-02 
 1.659190e+01 -4.274095e-02 
 1.659230e+01 -4.252444e-02 
 1.659270e+01 -4.229667e-02 
 1.659309e+01 -4.205644e-02 
 1.659349e+01 -4.179693e-02 
 1.659389e+01 -4.151326e-02 
 1.659429e+01 -4.120386e-02 
 1.659469e+01 -4.087278e-02 
 1.659508e+01 -4.053166e-02 
 1.659548e+01 -4.018781e-02 
 1.659588e+01 -3.984354e-02 
 1.659628e+01 -3.948820e-02 
 1.659667e+01 -3.910027e-02 
 1.659707e+01 -3.866286e-02 
 1.659747e+01 -3.816867e-02 
 1.659787e+01 -3.762378e-02 
 1.659826e+01 -3.704509e-02 
 1.659866e+01 -3.645436e-02 
 1.659906e+01 -3.586640e-02 
 1.659946e+01 -3.528689e-02 
 1.659986e+01 -3.471980e-02 
 1.660025e+01 -3.415812e-02 
 1.660065e+01 -3.359061e-02 
 1.660105e+01 -3.300771e-02 
 1.660145e+01 -3.240978e-02 
 1.660184e+01 -3.179289e-02 
 1.660224e+01 -3.115273e-02 
 1.660264e+01 -3.047586e-02 
 1.660304e+01 -2.973952e-02 
 1.660343e+01 -2.893260e-02 
 1.660383e+01 -2.805246e-02 
 1.660423e+01 -2.711643e-02 
 1.660463e+01 -2.614405e-02 
 1.660503e+01 -2.515669e-02 
 1.660542e+01 -2.417074e-02 
 1.660582e+01 -2.319127e-02 
 1.660622e+01 -2.222146e-02 
 1.660662e+01 -2.125500e-02 
 1.660701e+01 -2.029166e-02 
 1.660741e+01 -1.934509e-02 
 1.660781e+01 -1.843759e-02 
 1.660821e+01 -1.758564e-02 
 1.660860e+01 -1.680156e-02 
 1.660900e+01 -1.607647e-02 
 1.660940e+01 -1.538703e-02 
 1.660980e+01 -1.471317e-02 
 1.661020e+01 -1.403830e-02 
 1.661059e+01 -1.335237e-02 
 1.661099e+01 -1.266150e-02 
 1.661139e+01 -1.198076e-02 
 1.661179e+01 -1.132761e-02 
 1.661218e+01 -1.071524e-02 
 1.661258e+01 -1.014288e-02 
 1.661298e+01 -9.604383e-03 
 1.661338e+01 -9.086793e-03 
 1.661377e+01 -8.583511e-03 
 1.661417e+01 -8.096418e-03 
 1.661457e+01 -7.628574e-03 
 1.661497e+01 -7.186928e-03 
 1.661537e+01 -6.765015e-03 
 1.661576e+01 -6.352315e-03 
 1.661616e+01 -5.936094e-03 
 1.661656e+01 -5.506833e-03 
 1.661696e+01 -5.059379e-03 
 1.661735e+01 -4.605279e-03 
 1.661775e+01 -4.158251e-03 
 1.661815e+01 -3.739977e-03 
 1.661855e+01 -3.371671e-03 
 1.661894e+01 -3.064068e-03 
 1.661934e+01 -2.810186e-03 
 1.661974e+01 -2.599683e-03 
 1.662014e+01 -2.422240e-03 
 1.662054e+01 -2.271600e-03 
 1.662093e+01 -2.155642e-03 
 1.662133e+01 -2.077398e-03 
 1.662173e+01 -2.034076e-03 
 1.662213e+01 -2.015521e-03 
 1.662252e+01 -2.014035e-03 
 1.662292e+01 -2.018984e-03 
 1.662332e+01 -2.024891e-03 
 1.662372e+01 -2.042165e-03 
 1.662411e+01 -2.086341e-03 
 1.662451e+01 -2.174703e-03 
 1.662491e+01 -2.319999e-03 
 1.662531e+01 -2.524854e-03 
 1.662571e+01 -2.782372e-03 
 1.662610e+01 -3.085561e-03 
 1.662650e+01 -3.433643e-03 
 1.662690e+01 -3.832929e-03 
 1.662730e+01 -4.291344e-03 
 1.662769e+01 -4.809228e-03 
 1.662809e+01 -5.377174e-03 
 1.662849e+01 -5.973124e-03 
 1.662889e+01 -6.566390e-03 
 1.662928e+01 -7.128818e-03 
 1.662968e+01 -7.643514e-03 
 1.663008e+01 -8.108867e-03 
 1.663048e+01 -8.537407e-03 
 1.663088e+01 -8.950067e-03 
 1.663127e+01 -9.360797e-03 
 1.663167e+01 -9.768081e-03 
 1.663207e+01 -1.016626e-02 
 1.663247e+01 -1.054171e-02 
 1.663286e+01 -1.088562e-02 
 1.663326e+01 -1.119661e-02 
 1.663366e+01 -1.148395e-02 
 1.663406e+01 -1.175321e-02 
 1.663445e+01 -1.199641e-02 
 1.663485e+01 -1.220091e-02 
 1.663525e+01 -1.234699e-02 
 1.663565e+01 -1.242013e-02 
 1.663605e+01 -1.241445e-02 
 1.663644e+01 -1.235204e-02 
 1.663684e+01 -1.225889e-02 
 1.663724e+01 -1.216655e-02 
 1.663764e+01 -1.210083e-02 
 1.663803e+01 -1.207145e-02 
 1.663843e+01 -1.206824e-02 
 1.663883e+01 -1.207861e-02 
 1.663923e+01 -1.209842e-02 
 1.663962e+01 -1.213332e-02 
 1.664002e+01 -1.219102e-02 
 1.664042e+01 -1.227567e-02 
 1.664082e+01 -1.238549e-02 
 1.664122e+01 -1.249848e-02 
 1.664161e+01 -1.258616e-02 
 1.664201e+01 -1.262567e-02 
 1.664241e+01 -1.260172e-02 
 1.664281e+01 -1.251677e-02 
 1.664320e+01 -1.238709e-02 
 1.664360e+01 -1.223781e-02 
 1.664400e+01 -1.208456e-02 
 1.664440e+01 -1.192696e-02 
 1.664479e+01 -1.176467e-02 
 1.664519e+01 -1.159488e-02 
 1.664559e+01 -1.141652e-02 
 1.664599e+01 -1.123912e-02 
 1.664639e+01 -1.107522e-02 
 1.664678e+01 -1.092830e-02 
 1.664718e+01 -1.079310e-02 
 1.664758e+01 -1.065355e-02 
 1.664798e+01 -1.049029e-02 
 1.664837e+01 -1.028257e-02 
 1.664877e+01 -1.002017e-02 
 1.664917e+01 -9.717381e-03 
 1.664957e+01 -9.396747e-03 
 1.664996e+01 -9.078227e-03 
 1.665036e+01 -8.777300e-03 
 1.665076e+01 -8.494304e-03 
 1.665116e+01 -8.219226e-03 
 1.665156e+01 -7.942742e-03 
 1.665195e+01 -7.665562e-03 
 1.665235e+01 -7.394404e-03 
 1.665275e+01 -7.143400e-03 
 1.665315e+01 -6.913383e-03 
 1.665354e+01 -6.702146e-03 
 1.665394e+01 -6.497669e-03 
 1.665434e+01 -6.279862e-03 
 1.665474e+01 -6.042726e-03 
 1.665513e+01 -5.790915e-03 
 1.665553e+01 -5.555088e-03 
 1.665593e+01 -5.373288e-03 
 1.665633e+01 -5.274695e-03 
 1.665673e+01 -5.277009e-03 
 1.665712e+01 -5.371156e-03 
 1.665752e+01 -5.542086e-03 
 1.665792e+01 -5.770572e-03 
 1.665832e+01 -6.049509e-03 
 1.665871e+01 -6.381639e-03 
 1.665911e+01 -6.770086e-03 
 1.665951e+01 -7.214588e-03 
 1.665991e+01 -7.702665e-03 
 1.666031e+01 -8.213445e-03 
 1.666070e+01 -8.718307e-03 
 1.666110e+01 -9.190849e-03 
 1.666150e+01 -9.611055e-03 
 1.666190e+01 -9.975049e-03 
 1.666229e+01 -1.029910e-02 
 1.666269e+01 -1.059946e-02 
 1.666309e+01 -1.088939e-02 
 1.666349e+01 -1.117520e-02 
 1.666388e+01 -1.146500e-02 
 1.666428e+01 -1.176098e-02 
 1.666468e+01 -1.206948e-02 
 1.666508e+01 -1.240037e-02 
 1.666548e+01 -1.276312e-02 
 1.666587e+01 -1.316344e-02 
 1.666627e+01 -1.360747e-02 
 1.666667e+01 -1.409107e-02 
 1.666707e+01 -1.460741e-02 
 1.666746e+01 -1.514744e-02 
 1.666786e+01 -1.570530e-02 
 1.666826e+01 -1.628610e-02 
 1.666866e+01 -1.689308e-02 
 1.666905e+01 -1.753451e-02 
 1.666945e+01 -1.821749e-02 
 1.666985e+01 -1.893492e-02 
 1.667025e+01 -1.968019e-02 
 1.667065e+01 -2.044915e-02 
 1.667104e+01 -2.123346e-02 
 1.667144e+01 -2.203071e-02 
 1.667184e+01 -2.283815e-02 
 1.667224e+01 -2.365491e-02 
 1.667263e+01 -2.447661e-02 
 1.667303e+01 -2.529510e-02 
 1.667343e+01 -2.611385e-02 
 1.667383e+01 -2.692942e-02 
 1.667422e+01 -2.774610e-02 
 1.667462e+01 -2.857021e-02 
 1.667502e+01 -2.941931e-02 
 1.667542e+01 -3.030934e-02 
 1.667582e+01 -3.124252e-02 
 1.667621e+01 -3.221326e-02 
 1.667661e+01 -3.321440e-02 
 1.667701e+01 -3.422939e-02 
 1.667741e+01 -3.524694e-02 
 1.667780e+01 -3.626001e-02 
 1.667820e+01 -3.725741e-02 
 1.667860e+01 -3.823209e-02 
 1.667900e+01 -3.917054e-02 
 1.667939e+01 -4.006117e-02 
 1.667979e+01 -4.088569e-02 
 1.668019e+01 -4.162434e-02 
 1.668059e+01 -4.226079e-02 
 1.668099e+01 -4.279161e-02 
 1.668138e+01 -4.323119e-02 
 1.668178e+01 -4.359430e-02 
 1.668218e+01 -4.390138e-02 
 1.668258e+01 -4.417102e-02 
 1.668297e+01 -4.441238e-02 
 1.668337e+01 -4.463453e-02 
 1.668377e+01 -4.484249e-02 
 1.668417e+01 -4.503516e-02 
 1.668456e+01 -4.521998e-02 
 1.668496e+01 -4.539847e-02 
 1.668536e+01 -4.557794e-02 
 1.668576e+01 -4.575330e-02 
 1.668616e+01 -4.591739e-02 
 1.668655e+01 -4.605881e-02 
 1.668695e+01 -4.616552e-02 
 1.668735e+01 -4.623449e-02 
 1.668775e+01 -4.626323e-02 
 1.668814e+01 -4.625906e-02 
 1.668854e+01 -4.622679e-02 
 1.668894e+01 -4.616931e-02 
 1.668934e+01 -4.608255e-02 
 1.668973e+01 -4.595447e-02 
 1.669013e+01 -4.577099e-02 
 1.669053e+01 -4.551526e-02 
 1.669093e+01 -4.517799e-02 
 1.669133e+01 -4.475996e-02 
 1.669172e+01 -4.427084e-02 
 1.669212e+01 -4.372172e-02 
 1.669252e+01 -4.311605e-02 
 1.669292e+01 -4.246228e-02 
 1.669331e+01 -4.176296e-02 
 1.669371e+01 -4.102121e-02 
 1.669411e+01 -4.024753e-02 
 1.669451e+01 -3.945082e-02 
 1.669490e+01 -3.863678e-02 
 1.669530e+01 -3.782048e-02 
 1.669570e+01 -3.701043e-02 
 1.669610e+01 -3.621122e-02 
 1.669650e+01 -3.541884e-02 
 1.669689e+01 -3.461750e-02 
 1.669729e+01 -3.379223e-02 
 1.669769e+01 -3.294282e-02 
 1.669809e+01 -3.206438e-02 
 1.669848e+01 -3.115931e-02 
 1.669888e+01 -3.022089e-02 
 1.669928e+01 -2.924594e-02 
 1.669968e+01 -2.823452e-02 
 1.670007e+01 -2.719567e-02 
 1.670047e+01 -2.615230e-02 
 1.670087e+01 -2.512094e-02 
 1.670127e+01 -2.412286e-02 
 1.670167e+01 -2.318296e-02 
 1.670206e+01 -2.230976e-02 
 1.670246e+01 -2.149922e-02 
 1.670286e+01 -2.073745e-02 
 1.670326e+01 -2.000692e-02 
 1.670365e+01 -1.930414e-02 
 1.670405e+01 -1.863219e-02 
 1.670445e+01 -1.799877e-02 
 1.670485e+01 -1.740522e-02 
 1.670524e+01 -1.684497e-02 
 1.670564e+01 -1.630768e-02 
 1.670604e+01 -1.577928e-02 
 1.670644e+01 -1.525946e-02 
 1.670684e+01 -1.475066e-02 
 1.670723e+01 -1.426070e-02 
 1.670763e+01 -1.380880e-02 
 1.670803e+01 -1.340154e-02 
 1.670843e+01 -1.302722e-02 
 1.670882e+01 -1.266851e-02 
 1.670922e+01 -1.230062e-02 
 1.670962e+01 -1.190577e-02 
 1.671002e+01 -1.148095e-02 
 1.671041e+01 -1.103973e-02 
 1.671081e+01 -1.060011e-02 
 1.671121e+01 -1.017366e-02 
 1.671161e+01 -9.771817e-03 
 1.671201e+01 -9.388308e-03 
 1.671240e+01 -9.016336e-03 
 1.671280e+01 -8.654228e-03 
 1.671320e+01 -8.306416e-03 
 1.671360e+01 -7.985779e-03 
 1.671399e+01 -7.708448e-03 
 1.671439e+01 -7.489713e-03 
 1.671479e+01 -7.334716e-03 
 1.671519e+01 -7.244894e-03 
 1.671558e+01 -7.207413e-03 
 1.671598e+01 -7.213791e-03 
 1.671638e+01 -7.259246e-03 
 1.671678e+01 -7.338054e-03 
 1.671718e+01 -7.441881e-03 
 1.671757e+01 -7.566099e-03 
 1.671797e+01 -7.702507e-03 
 1.671837e+01 -7.833879e-03 
 1.671877e+01 -7.961068e-03 
 1.671916e+01 -8.093244e-03 
 1.671956e+01 -8.234069e-03 
 1.671996e+01 -8.392381e-03 
 1.672036e+01 -8.584757e-03 
 1.672075e+01 -8.813882e-03 
 1.672115e+01 -9.074912e-03 
 1.672155e+01 -9.355396e-03 
 1.672195e+01 -9.645005e-03 
 1.672235e+01 -9.937196e-03 
 1.672274e+01 -1.023557e-02 
 1.672314e+01 -1.054048e-02 
 1.672354e+01 -1.084705e-02 
 1.672394e+01 -1.114552e-02 
 1.672433e+01 -1.142651e-02 
 1.672473e+01 -1.167794e-02 
 1.672513e+01 -1.190302e-02 
 1.672553e+01 -1.210492e-02 
 1.672592e+01 -1.229107e-02 
 1.672632e+01 -1.247295e-02 
 1.672672e+01 -1.266203e-02 
 1.672712e+01 -1.285629e-02 
 1.672752e+01 -1.304909e-02 
 1.672791e+01 -1.322282e-02 
 1.672831e+01 -1.336528e-02 
 1.672871e+01 -1.347171e-02 
 1.672911e+01 -1.354950e-02 
 1.672950e+01 -1.361079e-02 
 1.672990e+01 -1.366337e-02 
 1.673030e+01 -1.371360e-02 
 1.673070e+01 -1.375458e-02 
 1.673109e+01 -1.377268e-02 
 1.673149e+01 -1.376412e-02 
 1.673189e+01 -1.372268e-02 
 1.673229e+01 -1.365246e-02 
 1.673269e+01 -1.357157e-02 
 1.673308e+01 -1.349677e-02 
 1.673348e+01 -1.344179e-02 
 1.673388e+01 -1.341034e-02 
 1.673428e+01 -1.339616e-02 
 1.673467e+01 -1.339021e-02 
 1.673507e+01 -1.338350e-02 
 1.673547e+01 -1.337697e-02 
 1.673587e+01 -1.336787e-02 
 1.673626e+01 -1.334865e-02 
 1.673666e+01 -1.331088e-02 
 1.673706e+01 -1.323763e-02 
 1.673746e+01 -1.310885e-02 
 1.673786e+01 -1.291225e-02 
 1.673825e+01 -1.264241e-02 
 1.673865e+01 -1.229870e-02 
 1.673905e+01 -1.189399e-02 
 1.673945e+01 -1.144235e-02 
 1.673984e+01 -1.095996e-02 
 1.674024e+01 -1.045413e-02 
 1.674064e+01 -9.923913e-03 
 1.674104e+01 -9.372700e-03 
 1.674143e+01 -8.806808e-03 
 1.674183e+01 -8.222405e-03 
 1.674223e+01 -7.617966e-03 
 1.674263e+01 -6.990578e-03 
 1.674303e+01 -6.341141e-03 
 1.674342e+01 -5.678038e-03 
 1.674382e+01 -5.012316e-03 
 1.674422e+01 -4.360618e-03 
 1.674462e+01 -3.733154e-03 
 1.674501e+01 -3.139258e-03 
 1.674541e+01 -2.581697e-03 
 1.674581e+01 -2.062161e-03 
 1.674621e+01 -1.572106e-03 
 1.674660e+01 -1.100294e-03 
 1.674700e+01 -6.433626e-04 
 1.674740e+01 -2.044346e-04 
 1.674780e+01  2.105146e-04 
 1.674820e+01  5.997941e-04 
 1.674859e+01  9.638685e-04 
 1.674899e+01  1.301567e-03 
 1.674939e+01  1.616278e-03 
 1.674979e+01  1.905833e-03 
 1.675018e+01  2.162292e-03 
 1.675058e+01  2.380422e-03 
 1.675098e+01  2.554763e-03 
 1.675138e+01  2.677532e-03 
 1.675178e+01  2.742931e-03 
 1.675217e+01  2.749060e-03 
 1.675257e+01  2.693923e-03 
 1.675297e+01  2.575199e-03 
 1.675337e+01  2.395452e-03 
 1.675376e+01  2.152568e-03 
 1.675416e+01  1.849684e-03 
 1.675456e+01  1.495318e-03 
 1.675496e+01  1.099535e-03 
 1.675535e+01  6.719358e-04 
 1.675575e+01  2.168821e-04 
 1.675615e+01 -2.596765e-04 
 1.675655e+01 -7.518799e-04 
 1.675695e+01 -1.251323e-03 
 1.675734e+01 -1.746453e-03 
 1.675774e+01 -2.224327e-03 
 1.675814e+01 -2.684550e-03 
 1.675854e+01 -3.135307e-03 
 1.675893e+01 -3.592420e-03 
 1.675933e+01 -4.071917e-03 
 1.675973e+01 -4.590963e-03 
 1.676013e+01 -5.160133e-03 
 1.676052e+01 -5.780332e-03 
 1.676092e+01 -6.444960e-03 
 1.676132e+01 -7.149611e-03 
 1.676172e+01 -7.895833e-03 
 1.676212e+01 -8.694694e-03 
 1.676251e+01 -9.563034e-03 
 1.676291e+01 -1.051252e-02 
 1.676331e+01 -1.154398e-02 
 1.676371e+01 -1.264999e-02 
 1.676410e+01 -1.380715e-02 
 1.676450e+01 -1.499360e-02 
 1.676490e+01 -1.619320e-02 
 1.676530e+01 -1.738855e-02 
 1.676569e+01 -1.857648e-02 
 1.676609e+01 -1.975426e-02 
 1.676649e+01 -2.092099e-02 
 1.676689e+01 -2.207230e-02 
 1.676729e+01 -2.320040e-02 
 1.676768e+01 -2.429753e-02 
 1.676808e+01 -2.536122e-02 
 1.676848e+01 -2.639449e-02 
 1.676888e+01 -2.740413e-02 
 1.676927e+01 -2.839463e-02 
 1.676967e+01 -2.936860e-02 
 1.677007e+01 -3.032700e-02 
 1.677047e+01 -3.126943e-02 
 1.677086e+01 -3.219233e-02 
 1.677126e+01 -3.310014e-02 
 1.677166e+01 -3.399264e-02 
 1.677206e+01 -3.486955e-02 
 1.677246e+01 -3.573214e-02 
 1.677285e+01 -3.657737e-02 
 1.677325e+01 -3.739953e-02 
 1.677365e+01 -3.819282e-02 
 1.677405e+01 -3.895021e-02 
 1.677444e+01 -3.967503e-02 
 1.677484e+01 -4.036283e-02 
 1.677524e+01 -4.100937e-02 
 1.677564e+01 -4.160765e-02 
 1.677603e+01 -4.214730e-02 
 1.677643e+01 -4.261846e-02 
 1.677683e+01 -4.302033e-02 
 1.677723e+01 -4.335718e-02 
 1.677763e+01 -4.363799e-02 
 1.677802e+01 -4.387318e-02 
 1.677842e+01 -4.407478e-02 
 1.677882e+01 -4.425613e-02 
 1.677922e+01 -4.442540e-02 
 1.677961e+01 -4.458577e-02 
 1.678001e+01 -4.474125e-02 
 1.678041e+01 -4.489499e-02 
 1.678081e+01 -4.505580e-02 
 1.678120e+01 -4.523377e-02 
 1.678160e+01 -4.543518e-02 
 1.678200e+01 -4.565282e-02 
 1.678240e+01 -4.587433e-02 
 1.678280e+01 -4.607919e-02 
 1.678319e+01 -4.624520e-02 
 1.678359e+01 -4.635852e-02 
 1.678399e+01 -4.641202e-02 
 1.678439e+01 -4.639816e-02 
 1.678478e+01 -4.631811e-02 
 1.678518e+01 -4.617320e-02 
 1.678558e+01 -4.596121e-02 
 1.678598e+01 -4.566993e-02 
 1.678637e+01 -4.529534e-02 
 1.678677e+01 -4.483601e-02 
 1.678717e+01 -4.430003e-02 
 1.678757e+01 -4.370096e-02 
 1.678797e+01 -4.305229e-02 
 1.678836e+01 -4.236432e-02 
 1.678876e+01 -4.163832e-02 
 1.678916e+01 -4.088161e-02 
 1.678956e+01 -4.010278e-02 
 1.678995e+01 -3.930733e-02 
 1.679035e+01 -3.850321e-02 
 1.679075e+01 -3.769589e-02 
 1.679115e+01 -3.689368e-02 
 1.679154e+01 -3.609989e-02 
 1.679194e+01 -3.531410e-02 
 1.679234e+01 -3.453228e-02 
 1.679274e+01 -3.375172e-02 
 1.679314e+01 -3.297118e-02 
 1.679353e+01 -3.218939e-02 
 1.679393e+01 -3.141134e-02 
 1.679433e+01 -3.062962e-02 
 1.679473e+01 -2.983683e-02 
 1.679512e+01 -2.903597e-02 
 1.679552e+01 -2.822903e-02 
 1.679592e+01 -2.742452e-02 
 1.679632e+01 -2.663309e-02 
 1.679671e+01 -2.586054e-02 
 1.679711e+01 -2.510989e-02 
 1.679751e+01 -2.437448e-02 
 1.679791e+01 -2.365329e-02 
 1.679831e+01 -2.294124e-02 
 1.679870e+01 -2.223641e-02 
 1.679910e+01 -2.155529e-02 
 1.679950e+01 -2.091525e-02 
 1.679990e+01 -2.033107e-02 
 1.680029e+01 -1.981376e-02 
 1.680069e+01 -1.935162e-02 
 1.680109e+01 -1.892932e-02 
 1.680149e+01 -1.852907e-02 
 1.680188e+01 -1.813936e-02 
 1.680228e+01 -1.775822e-02 
 1.680268e+01 -1.739028e-02 
 1.680308e+01 -1.704387e-02 
 1.680348e+01 -1.671968e-02 
 1.680387e+01 -1.641616e-02 
 1.680427e+01 -1.612677e-02 
 1.680467e+01 -1.584172e-02 
 1.680507e+01 -1.555510e-02 
 1.680546e+01 -1.527549e-02 
 1.680586e+01 -1.501425e-02 
 1.680626e+01 -1.478578e-02 
 1.680666e+01 -1.459634e-02 
 1.680705e+01 -1.444597e-02 
 1.680745e+01 -1.433162e-02 
 1.680785e+01 -1.425085e-02 
 1.680825e+01 -1.420529e-02 
 1.680865e+01 -1.419892e-02 
 1.680904e+01 -1.424173e-02 
 1.680944e+01 -1.433301e-02 
 1.680984e+01 -1.447503e-02 
 1.681024e+01 -1.466659e-02 
 1.681063e+01 -1.490863e-02 
 1.681103e+01 -1.519498e-02 
 1.681143e+01 -1.552423e-02 
 1.681183e+01 -1.589924e-02 
 1.681222e+01 -1.631293e-02 
 1.681262e+01 -1.676235e-02 
 1.681302e+01 -1.724063e-02 
 1.681342e+01 -1.772785e-02 
 1.681382e+01 -1.821589e-02 
 1.681421e+01 -1.869947e-02 
 1.681461e+01 -1.917272e-02 
 1.681501e+01 -1.963655e-02 
 1.681541e+01 -2.008176e-02 
 1.681580e+01 -2.049606e-02 
 1.681620e+01 -2.086835e-02 
 1.681660e+01 -2.118476e-02 
 1.681700e+01 -2.144336e-02 
 1.681739e+01 -2.164680e-02 
 1.681779e+01 -2.180205e-02 
 1.681819e+01 -2.192486e-02 
 1.681859e+01 -2.203034e-02 
 1.681899e+01 -2.212752e-02 
 1.681938e+01 -2.221450e-02 
 1.681978e+01 -2.228107e-02 
 1.682018e+01 -2.232302e-02 
 1.682058e+01 -2.233243e-02 
 1.682097e+01 -2.230308e-02 
 1.682137e+01 -2.223648e-02 
 1.682177e+01 -2.213784e-02 
 1.682217e+01 -2.201146e-02 
 1.682256e+01 -2.185928e-02 
 1.682296e+01 -2.168488e-02 
 1.682336e+01 -2.148697e-02 
 1.682376e+01 -2.126906e-02 
 1.682416e+01 -2.103801e-02 
 1.682455e+01 -2.080078e-02 
 1.682495e+01 -2.056470e-02 
 1.682535e+01 -2.032851e-02 
 1.682575e+01 -2.008751e-02 
 1.682614e+01 -1.983295e-02 
 1.682654e+01 -1.955609e-02 
 1.682694e+01 -1.924470e-02 
 1.682734e+01 -1.888948e-02 
 1.682773e+01 -1.849134e-02 
 1.682813e+01 -1.805593e-02 
 1.682853e+01 -1.758800e-02 
 1.682893e+01 -1.710195e-02 
 1.682933e+01 -1.660752e-02 
 1.682972e+01 -1.610758e-02 
 1.683012e+01 -1.560631e-02 
 1.683052e+01 -1.510164e-02 
 1.683092e+01 -1.459253e-02 
 1.683131e+01 -1.407753e-02 
 1.683171e+01 -1.355461e-02 
 1.683211e+01 -1.301613e-02 
 1.683251e+01 -1.246049e-02 
 1.683290e+01 -1.188784e-02 
 1.683330e+01 -1.129151e-02 
 1.683370e+01 -1.066400e-02 
 1.683410e+01 -9.996279e-03 
 1.683450e+01 -9.279199e-03 
 1.683489e+01 -8.508582e-03 
 1.683529e+01 -7.693721e-03 
 1.683569e+01 -6.841316e-03 
 1.683609e+01 -5.961911e-03 
 1.683648e+01 -5.071573e-03 
 1.683688e+01 -4.179632e-03 
 1.683728e+01 -3.301757e-03 
 1.683768e+01 -2.451533e-03 
 1.683807e+01 -1.631707e-03 
 1.683847e+01 -8.471039e-04 
 1.683887e+01 -1.002397e-04 
 1.683927e+01  6.059494e-04 
 1.683967e+01  1.266816e-03 
 1.684006e+01  1.887283e-03 
 1.684046e+01  2.465725e-03 
 1.684086e+01  3.003406e-03 
 1.684126e+01  3.500365e-03 
 1.684165e+01  3.951573e-03 
 1.684205e+01  4.356579e-03 
 1.684245e+01  4.717973e-03 
 1.684285e+01  5.035912e-03 
 1.684325e+01  5.310600e-03 
 1.684364e+01  5.542050e-03 
 1.684404e+01  5.727844e-03 
 1.684444e+01  5.869723e-03 
 1.684484e+01  5.974811e-03 
 1.684523e+01  6.050112e-03 
 1.684563e+01  6.107392e-03 
 1.684603e+01  6.157489e-03 
 1.684643e+01  6.211044e-03 
 1.684682e+01  6.272891e-03 
 1.684722e+01  6.338376e-03 
 1.684762e+01  6.394885e-03 
 1.684802e+01  6.425143e-03 
 1.684842e+01  6.415725e-03 
 1.684881e+01  6.360889e-03 
 1.684921e+01  6.261943e-03 
 1.684961e+01  6.123804e-03 
 1.685001e+01  5.951558e-03 
 1.685040e+01  5.737686e-03 
 1.685080e+01  5.472649e-03 
 1.685120e+01  5.146103e-03 
 1.685160e+01  4.747284e-03 
 1.685199e+01  4.286571e-03 
 1.685239e+01  3.781359e-03 
 1.685279e+01  3.261257e-03 
 1.685319e+01  2.743794e-03 
 1.685359e+01  2.239725e-03 
 1.685398e+01  1.741336e-03 
 1.685438e+01  1.226477e-03 
 1.685478e+01  6.755549e-04 
 1.685518e+01  7.388546e-05 
 1.685557e+01 -5.843412e-04 
 1.685597e+01 -1.296674e-03 
 1.685637e+01 -2.068921e-03 
 1.685677e+01 -2.902304e-03 
 1.685716e+01 -3.811581e-03 
 1.685756e+01 -4.811021e-03 
 1.685796e+01 -5.904734e-03 
 1.685836e+01 -7.089337e-03 
 1.685876e+01 -8.342588e-03 
 1.685915e+01 -9.633728e-03 
 1.685955e+01 -1.093452e-02 
 1.685995e+01 -1.222905e-02 
 1.686035e+01 -1.351243e-02 
 1.686074e+01 -1.478590e-02 
 1.686114e+01 -1.605259e-02 
 1.686154e+01 -1.730804e-02 
 1.686194e+01 -1.854486e-02 
 1.686233e+01 -1.975309e-02 
 1.686273e+01 -2.092788e-02 
 1.686313e+01 -2.207023e-02 
 1.686353e+01 -2.318368e-02 
 1.686393e+01 -2.427625e-02 
 1.686432e+01 -2.535080e-02 
 1.686472e+01 -2.639698e-02 
 1.686512e+01 -2.739624e-02 
 1.686552e+01 -2.833483e-02 
 1.686591e+01 -2.920520e-02 
 1.686631e+01 -3.001982e-02 
 1.686671e+01 -3.079393e-02 
 1.686711e+01 -3.154056e-02 
 1.686750e+01 -3.227127e-02 
 1.686790e+01 -3.298524e-02 
 1.686830e+01 -3.367413e-02 
 1.686870e+01 -3.432675e-02 
 1.686910e+01 -3.494829e-02 
 1.686949e+01 -3.554762e-02 
 1.686989e+01 -3.614352e-02 
 1.687029e+01 -3.674625e-02 
 1.687069e+01 -3.735517e-02 
 1.687108e+01 -3.795125e-02 
 1.687148e+01 -3.849834e-02 
 1.687188e+01 -3.897161e-02 
 1.687228e+01 -3.935566e-02 
 1.687267e+01 -3.965223e-02 
 1.687307e+01 -3.987788e-02 
 1.687347e+01 -4.005541e-02 
 1.687387e+01 -4.020544e-02 
 1.687427e+01 -4.033296e-02 
 1.687466e+01 -4.043509e-02 
 1.687506e+01 -4.051213e-02 
 1.687546e+01 -4.056589e-02 
 1.687586e+01 -4.060238e-02 
 1.687625e+01 -4.064137e-02 
 1.687665e+01 -4.069756e-02 
 1.687705e+01 -4.076925e-02 
 1.687745e+01 -4.083646e-02 
 1.687784e+01 -4.086642e-02 
 1.687824e+01 -4.082543e-02 
 1.687864e+01 -4.068831e-02 
 1.687904e+01 -4.045306e-02 
 1.687944e+01 -4.013168e-02 
 1.687983e+01 -3.974011e-02 
 1.688023e+01 -3.929311e-02 
 1.688063e+01 -3.880116e-02 
 1.688103e+01 -3.826710e-02 
 1.688142e+01 -3.768302e-02 
 1.688182e+01 -3.704383e-02 
 1.688222e+01 -3.635845e-02 
 1.688262e+01 -3.564328e-02 
 1.688301e+01 -3.492042e-02 
 1.688341e+01 -3.420593e-02 
 1.688381e+01 -3.349731e-02 
 1.688421e+01 -3.279298e-02 
 1.688461e+01 -3.208065e-02 
 1.688500e+01 -3.136821e-02 
 1.688540e+01 -3.066396e-02 
 1.688580e+01 -2.997599e-02 
 1.688620e+01 -2.932040e-02 
 1.688659e+01 -2.871028e-02 
 1.688699e+01 -2.814793e-02 
 1.688739e+01 -2.763147e-02 
 1.688779e+01 -2.715497e-02 
 1.688818e+01 -2.671343e-02 
 1.688858e+01 -2.630742e-02 
 1.688898e+01 -2.594243e-02 
 1.688938e+01 -2.561704e-02 
 1.688978e+01 -2.532516e-02 
 1.689017e+01 -2.505347e-02 
 1.689057e+01 -2.478309e-02 
 1.689097e+01 -2.449756e-02 
 1.689137e+01 -2.418732e-02 
 1.689176e+01 -2.385529e-02 
 1.689216e+01 -2.351173e-02 
 1.689256e+01 -2.317312e-02 
 1.689296e+01 -2.285172e-02 
 1.689335e+01 -2.254874e-02 
 1.689375e+01 -2.226640e-02 
 1.689415e+01 -2.200225e-02 
 1.689455e+01 -2.175859e-02 
 1.689495e+01 -2.153829e-02 
 1.689534e+01 -2.135256e-02 
 1.689574e+01 -2.121074e-02 
 1.689614e+01 -2.111237e-02 
 1.689654e+01 -2.104877e-02 
 1.689693e+01 -2.100051e-02 
 1.689733e+01 -2.094392e-02 
 1.689773e+01 -2.086141e-02 
 1.689813e+01 -2.074599e-02 
 1.689852e+01 -2.060852e-02 
 1.689892e+01 -2.046932e-02 
 1.689932e+01 -2.034847e-02 
 1.689972e+01 -2.025841e-02 
 1.690012e+01 -2.020460e-02 
 1.690051e+01 -2.018094e-02 
 1.690091e+01 -2.018027e-02 
 1.690131e+01 -2.019978e-02 
 1.690171e+01 -2.024551e-02 
 1.690210e+01 -2.032613e-02 
 1.690250e+01 -2.045781e-02 
 1.690290e+01 -2.064783e-02 
 1.690330e+01 -2.088701e-02 
 1.690369e+01 -2.116254e-02 
 1.690409e+01 -2.145504e-02 
 1.690449e+01 -2.174808e-02 
 1.690489e+01 -2.203392e-02 
 1.690529e+01 -2.232294e-02 
 1.690568e+01 -2.263013e-02 
 1.690608e+01 -2.296948e-02 
 1.690648e+01 -2.334828e-02 
 1.690688e+01 -2.376096e-02 
 1.690727e+01 -2.419128e-02 
 1.690767e+01 -2.462858e-02 
 1.690807e+01 -2.506002e-02 
 1.690847e+01 -2.548482e-02 
 1.690886e+01 -2.590180e-02 
 1.690926e+01 -2.630750e-02 
 1.690966e+01 -2.669382e-02 
 1.691006e+01 -2.704121e-02 
 1.691046e+01 -2.733554e-02 
 1.691085e+01 -2.755758e-02 
 1.691125e+01 -2.770847e-02 
 1.691165e+01 -2.780099e-02 
 1.691205e+01 -2.785000e-02 
 1.691244e+01 -2.787325e-02 
 1.691284e+01 -2.788033e-02 
 1.691324e+01 -2.786828e-02 
 1.691364e+01 -2.783417e-02 
 1.691403e+01 -2.777800e-02 
 1.691443e+01 -2.770246e-02 
 1.691483e+01 -2.761491e-02 
 1.691523e+01 -2.752495e-02 
 1.691563e+01 -2.743158e-02 
 1.691602e+01 -2.732542e-02 
 1.691642e+01 -2.719143e-02 
 1.691682e+01 -2.701397e-02 
 1.691722e+01 -2.678214e-02 
 1.691761e+01 -2.650350e-02 
 1.691801e+01 -2.619867e-02 
 1.691841e+01 -2.588840e-02 
 1.691881e+01 -2.559214e-02 
 1.691920e+01 -2.531515e-02 
 1.691960e+01 -2.504325e-02 
 1.692000e+01 -2.475569e-02 
 1.692040e+01 -2.444027e-02 
 1.692080e+01 -2.409136e-02 
 1.692119e+01 -2.371476e-02 
 1.692159e+01 -2.331750e-02 
 1.692199e+01 -2.289817e-02 
 1.692239e+01 -2.244390e-02 
 1.692278e+01 -2.193538e-02 
 1.692318e+01 -2.134483e-02 
 1.692358e+01 -2.065555e-02 
 1.692398e+01 -1.987420e-02 
 1.692437e+01 -1.902810e-02 
 1.692477e+01 -1.815411e-02 
 1.692517e+01 -1.728667e-02 
 1.692557e+01 -1.643974e-02 
 1.692597e+01 -1.560845e-02 
 1.692636e+01 -1.477791e-02 
 1.692676e+01 -1.393515e-02 
 1.692716e+01 -1.307339e-02 
 1.692756e+01 -1.219629e-02 
 1.692795e+01 -1.131654e-02 
 1.692835e+01 -1.043891e-02 
 1.692875e+01 -9.560539e-03 
 1.692915e+01 -8.666462e-03 
 1.692954e+01 -7.728541e-03 
 1.692994e+01 -6.731338e-03 
 1.693034e+01 -5.682101e-03 
 1.693074e+01 -4.606386e-03 
 1.693114e+01 -3.539977e-03 
 1.693153e+01 -2.513233e-03 
 1.693193e+01 -1.541482e-03 
 1.693233e+01 -6.232972e-04 
 1.693273e+01  2.513955e-04 
 1.693312e+01  1.093575e-03 
 1.693352e+01  1.906503e-03 
 1.693392e+01  2.679114e-03 
 1.693432e+01  3.391757e-03 
 1.693471e+01  4.034372e-03 
 1.693511e+01  4.604708e-03 
 1.693551e+01  5.111319e-03 
 1.693591e+01  5.575238e-03 
 1.693631e+01  6.008253e-03 
 1.693670e+01  6.408890e-03 
 1.693710e+01  6.766255e-03 
 1.693750e+01  7.060451e-03 
 1.693790e+01  7.278968e-03 
 1.693829e+01  7.423336e-03 
 1.693869e+01  7.509304e-03 
 1.693909e+01  7.560303e-03 
 1.693949e+01  7.593631e-03 
 1.693989e+01  7.616515e-03 
 1.694028e+01  7.619062e-03 
 1.694068e+01  7.596227e-03 
 1.694108e+01  7.548607e-03 
 1.694148e+01  7.483771e-03 
 1.694187e+01  7.422277e-03 
 1.694227e+01  7.387834e-03 
 1.694267e+01  7.385507e-03 
 1.694307e+01  7.400481e-03 
 1.694346e+01  7.402381e-03 
 1.694386e+01  7.353868e-03 
 1.694426e+01  7.228485e-03 
 1.694466e+01  7.018362e-03 
 1.694506e+01  6.729785e-03 
 1.694545e+01  6.378897e-03 
 1.694585e+01  5.978232e-03 
 1.694625e+01  5.524901e-03 
 1.694665e+01  5.005160e-03 
 1.694704e+01  4.406180e-03 
 1.694744e+01  3.729079e-03 
 1.694784e+01  2.992177e-03 
 1.694824e+01  2.229136e-03 
 1.694863e+01  1.471945e-03 
 1.694903e+01  7.381775e-04 
 1.694943e+01  2.751839e-05 
 1.694983e+01 -6.837127e-04 
 1.695023e+01 -1.421101e-03 
 1.695062e+01 -2.209116e-03 
 1.695102e+01 -3.055331e-03 
 1.695142e+01 -3.952856e-03 
 1.695182e+01 -4.883515e-03 
 1.695221e+01 -5.829250e-03 
 1.695261e+01 -6.791042e-03 
 1.695301e+01 -7.771207e-03 
 1.695341e+01 -8.784368e-03 
 1.695380e+01 -9.836297e-03 
 1.695420e+01 -1.091990e-02 
 1.695460e+01 -1.201539e-02 
 1.695500e+01 -1.309962e-02 
 1.695540e+01 -1.415292e-02 
 1.695579e+01 -1.516634e-02 
 1.695619e+01 -1.613905e-02 
 1.695659e+01 -1.708578e-02 
 1.695699e+01 -1.801222e-02 
 1.695738e+01 -1.892097e-02 
 1.695778e+01 -1.981164e-02 
 1.695818e+01 -2.066948e-02 
 1.695858e+01 -2.148451e-02 
 1.695897e+01 -2.225465e-02 
 1.695937e+01 -2.298557e-02 
 1.695977e+01 -2.368723e-02 
 1.696017e+01 -2.436782e-02 
 1.696057e+01 -2.502716e-02 
 1.696096e+01 -2.565592e-02 
 1.696136e+01 -2.623644e-02 
 1.696176e+01 -2.676315e-02 
 1.696216e+01 -2.724554e-02 
 1.696255e+01 -2.770670e-02 
 1.696295e+01 -2.816982e-02 
 1.696335e+01 -2.865378e-02 
 1.696375e+01 -2.917037e-02 
 1.696414e+01 -2.971520e-02 
 1.696454e+01 -3.027676e-02 
 1.696494e+01 -3.084393e-02 
 1.696534e+01 -3.140802e-02 
 1.696574e+01 -3.196546e-02 
 1.696613e+01 -3.251683e-02 
 1.696653e+01 -3.306504e-02 
 1.696693e+01 -3.359376e-02 
 1.696733e+01 -3.407974e-02 
 1.696772e+01 -3.449793e-02 
 1.696812e+01 -3.483459e-02 
 1.696852e+01 -3.509243e-02 
 1.696892e+01 -3.529086e-02 
 1.696931e+01 -3.545362e-02 
 1.696971e+01 -3.560292e-02 
 1.697011e+01 -3.575365e-02 
 1.697051e+01 -3.590584e-02 
 1.697091e+01 -3.604546e-02 
 1.697130e+01 -3.615230e-02 
 1.697170e+01 -3.621550e-02 
 1.697210e+01 -3.623291e-02 
 1.697250e+01 -3.621419e-02 
 1.697289e+01 -3.617000e-02 
 1.697329e+01 -3.609973e-02 
 1.697369e+01 -3.599331e-02 
 1.697409e+01 -3.583006e-02 
 1.697448e+01 -3.559485e-02 
 1.697488e+01 -3.528166e-02 
 1.697528e+01 -3.489588e-02 
 1.697568e+01 -3.445859e-02 
 1.697608e+01 -3.399458e-02 
 1.697647e+01 -3.352620e-02 
 1.697687e+01 -3.305848e-02 
 1.697727e+01 -3.258217e-02 
 1.697767e+01 -3.208607e-02 
 1.697806e+01 -3.156373e-02 
 1.697846e+01 -3.102008e-02 
 1.697886e+01 -3.047722e-02 
 1.697926e+01 -2.995479e-02 
 1.697965e+01 -2.946865e-02 
 1.698005e+01 -2.902371e-02 
 1.698045e+01 -2.861501e-02 
 1.698085e+01 -2.822736e-02 
 1.698125e+01 -2.785140e-02 
 1.698164e+01 -2.748577e-02 
 1.698204e+01 -2.714030e-02 
 1.698244e+01 -2.683401e-02 
 1.698284e+01 -2.658146e-02 
 1.698323e+01 -2.638510e-02 
 1.698363e+01 -2.623187e-02 
 1.698403e+01 -2.609969e-02 
 1.698443e+01 -2.596819e-02 
 1.698482e+01 -2.582655e-02 
 1.698522e+01 -2.567828e-02 
 1.698562e+01 -2.553094e-02 
 1.698602e+01 -2.539167e-02 
 1.698642e+01 -2.526376e-02 
 1.698681e+01 -2.513982e-02 
 1.698721e+01 -2.500469e-02 
 1.698761e+01 -2.485465e-02 
 1.698801e+01 -2.468765e-02 
 1.698840e+01 -2.451720e-02 
 1.698880e+01 -2.436997e-02 
 1.698920e+01 -2.426569e-02 
 1.698960e+01 -2.420959e-02 
 1.698999e+01 -2.418974e-02 
 1.699039e+01 -2.418957e-02 
 1.699079e+01 -2.419654e-02 
 1.699119e+01 -2.420716e-02 
 1.699159e+01 -2.423339e-02 
 1.699198e+01 -2.428692e-02 
 1.699238e+01 -2.438109e-02 
 1.699278e+01 -2.451499e-02 
 1.699318e+01 -2.467455e-02 
 1.699357e+01 -2.484127e-02 
 1.699397e+01 -2.500244e-02 
 1.699437e+01 -2.516011e-02 
 1.699477e+01 -2.533731e-02 
 1.699516e+01 -2.555897e-02 
 1.699556e+01 -2.584265e-02 
 1.699596e+01 -2.618321e-02 
 1.699636e+01 -2.656191e-02 
 1.699676e+01 -2.695213e-02 
 1.699715e+01 -2.733265e-02 
 1.699755e+01 -2.769961e-02 
 1.699795e+01 -2.806765e-02 
 1.699835e+01 -2.845800e-02 
 1.699874e+01 -2.888513e-02 
 1.699914e+01 -2.934947e-02 
 1.699954e+01 -2.982786e-02 
 1.699994e+01 -3.029097e-02 
 1.700033e+01 -3.071663e-02 
 1.700073e+01 -3.109801e-02 
 1.700113e+01 -3.144554e-02 
 1.700153e+01 -3.178250e-02 
 1.700193e+01 -3.212252e-02 
 1.700232e+01 -3.246523e-02 
 1.700272e+01 -3.279258e-02 
 1.700312e+01 -3.307868e-02 
 1.700352e+01 -3.330375e-02 
 1.700391e+01 -3.345991e-02 
 1.700431e+01 -3.355322e-02 
 1.700471e+01 -3.360053e-02 
 1.700511e+01 -3.361879e-02 
 1.700550e+01 -3.361208e-02 
 1.700590e+01 -3.357178e-02 
 1.700630e+01 -3.348384e-02 
 1.700670e+01 -3.333310e-02 
 1.700710e+01 -3.311973e-02 
 1.700749e+01 -3.285866e-02 
 1.700789e+01 -3.257465e-02 
 1.700829e+01 -3.228443e-02 
 1.700869e+01 -3.199648e-02 
 1.700908e+01 -3.170785e-02 
 1.700948e+01 -3.140611e-02 
 1.700988e+01 -3.108329e-02 
 1.701028e+01 -3.074177e-02 
 1.701067e+01 -3.038892e-02 
 1.701107e+01 -3.003920e-02 
 1.701147e+01 -2.970456e-02 
 1.701187e+01 -2.938149e-02 
 1.701227e+01 -2.905717e-02 
 1.701266e+01 -2.871365e-02 
 1.701306e+01 -2.833845e-02 
 1.701346e+01 -2.793502e-02 
 1.701386e+01 -2.752195e-02 
 1.701425e+01 -2.712305e-02 
 1.701465e+01 -2.675062e-02 
 1.701505e+01 -2.639935e-02 
 1.701545e+01 -2.604995e-02 
 1.701584e+01 -2.567064e-02 
 1.701624e+01 -2.523985e-02 
 1.701664e+01 -2.474834e-02 
 1.701704e+01 -2.419895e-02 
 1.701744e+01 -2.360274e-02 
 1.701783e+01 -2.296938e-02 
 1.701823e+01 -2.229599e-02 
 1.701863e+01 -2.157288e-02 
 1.701903e+01 -2.078672e-02 
 1.701942e+01 -1.993321e-02 
 1.701982e+01 -1.902185e-02 
 1.702022e+01 -1.807620e-02 
 1.702062e+01 -1.712626e-02 
 1.702101e+01 -1.619112e-02 
 1.702141e+01 -1.527811e-02 
 1.702181e+01 -1.437951e-02 
 1.702221e+01 -1.348055e-02 
 1.702261e+01 -1.257264e-02 
 1.702300e+01 -1.165243e-02 
 1.702340e+01 -1.072508e-02 
 1.702380e+01 -9.808643e-03 
 1.702420e+01 -8.914501e-03 
 1.702459e+01 -8.043273e-03 
 1.702499e+01 -7.188231e-03 
 1.702539e+01 -6.336021e-03 
 1.702579e+01 -5.475400e-03 
 1.702618e+01 -4.603750e-03 
 1.702658e+01 -3.730570e-03 
 1.702698e+01 -2.871904e-03 
 1.702738e+01 -2.042663e-03 
 1.702778e+01 -1.250077e-03 
 1.702817e+01 -4.900553e-04 
 1.702857e+01  2.459096e-04 
 1.702897e+01  9.648461e-04 
 1.702937e+01  1.669226e-03 
 1.702976e+01  2.349812e-03 
 1.703016e+01  2.988977e-03 
 1.703056e+01  3.571276e-03 
 1.703096e+01  4.096300e-03 
 1.703136e+01  4.562893e-03 
 1.703175e+01  4.981973e-03 
 1.703215e+01  5.367895e-03 
 1.703255e+01  5.723875e-03 
 1.703295e+01  6.051238e-03 
 1.703334e+01  6.349881e-03 
 1.703374e+01  6.618115e-03 
 1.703414e+01  6.859468e-03 
 1.703454e+01  7.076455e-03 
 1.703493e+01  7.279894e-03 
 1.703533e+01  7.480561e-03 
 1.703573e+01  7.687701e-03 
 1.703613e+01  7.902458e-03 
 1.703653e+01  8.120080e-03 
 1.703692e+01  8.329623e-03 
 1.703732e+01  8.523148e-03 
 1.703772e+01  8.695689e-03 
 1.703812e+01  8.843020e-03 
 1.703851e+01  8.953423e-03 
 1.703891e+01  9.013284e-03 
 1.703931e+01  9.009065e-03 
 1.703971e+01  8.926273e-03 
 1.704010e+01  8.751094e-03 
 1.704050e+01  8.481024e-03 
 1.704090e+01  8.118120e-03 
 1.704130e+01  7.670227e-03 
 1.704170e+01  7.145280e-03 
 1.704209e+01  6.557797e-03 
 1.704249e+01  5.908951e-03 
 1.704289e+01  5.189730e-03 
 1.704329e+01  4.397812e-03 
 1.704368e+01  3.541984e-03 
 1.704408e+01  2.637070e-03 
 1.704448e+01  1.707578e-03 
 1.704488e+01  7.813322e-04 
 1.704527e+01 -1.306342e-04 
 1.704567e+01 -1.024021e-03 
 1.704607e+01 -1.904834e-03 
 1.704647e+01 -2.783207e-03 
 1.704687e+01 -3.663576e-03 
 1.704726e+01 -4.547214e-03 
 1.704766e+01 -5.427627e-03 
 1.704806e+01 -6.292737e-03 
 1.704846e+01 -7.134822e-03 
 1.704885e+01 -7.960003e-03 
 1.704925e+01 -8.785362e-03 
 1.704965e+01 -9.626299e-03 
 1.705005e+01 -1.049125e-02 
 1.705044e+01 -1.137767e-02 
 1.705084e+01 -1.226748e-02 
 1.705124e+01 -1.314135e-02 
 1.705164e+01 -1.397980e-02 
 1.705204e+01 -1.476874e-02 
 1.705243e+01 -1.550706e-02 
 1.705283e+01 -1.620357e-02 
 1.705323e+01 -1.687204e-02 
 1.705363e+01 -1.752488e-02 
 1.705402e+01 -1.816163e-02 
 1.705442e+01 -1.877513e-02 
 1.705482e+01 -1.935468e-02 
 1.705522e+01 -1.989911e-02 
 1.705561e+01 -2.041310e-02 
 1.705601e+01 -2.090338e-02 
 1.705641e+01 -2.138057e-02 
 1.705681e+01 -2.184906e-02 
 1.705721e+01 -2.230776e-02 
 1.705760e+01 -2.275367e-02 
 1.705800e+01 -2.318598e-02 
 1.705840e+01 -2.360768e-02 
 1.705880e+01 -2.402643e-02 
 1.705919e+01 -2.445595e-02 
 1.705959e+01 -2.490526e-02 
 1.705999e+01 -2.537495e-02 
 1.706039e+01 -2.585822e-02 
 1.706078e+01 -2.633456e-02 
 1.706118e+01 -2.679062e-02 
 1.706158e+01 -2.722206e-02 
 1.706198e+01 -2.762942e-02 
 1.706238e+01 -2.801692e-02 
 1.706277e+01 -2.838306e-02 
 1.706317e+01 -2.872057e-02 
 1.706357e+01 -2.901418e-02 
 1.706397e+01 -2.925112e-02 
 1.706436e+01 -2.941710e-02 
 1.706476e+01 -2.950870e-02 
 1.706516e+01 -2.953419e-02 
 1.706556e+01 -2.950643e-02 
 1.706595e+01 -2.944049e-02 
 1.706635e+01 -2.934695e-02 
 1.706675e+01 -2.922421e-02 
 1.706715e+01 -2.906644e-02 
 1.706755e+01 -2.887808e-02 
 1.706794e+01 -2.867066e-02 
 1.706834e+01 -2.846247e-02 
 1.706874e+01 -2.826883e-02 
 1.706914e+01 -2.809855e-02 
 1.706953e+01 -2.794681e-02 
 1.706993e+01 -2.780568e-02 
 1.707033e+01 -2.765907e-02 
 1.707073e+01 -2.749705e-02 
 1.707112e+01 -2.731990e-02 
 1.707152e+01 -2.714181e-02 
 1.707192e+01 -2.697861e-02 
 1.707232e+01 -2.684122e-02 
 1.707272e+01 -2.673304e-02 
 1.707311e+01 -2.664174e-02 
 1.707351e+01 -2.655590e-02 
 1.707391e+01 -2.646875e-02 
 1.707431e+01 -2.639019e-02 
 1.707470e+01 -2.633084e-02 
 1.707510e+01 -2.630738e-02 
 1.707550e+01 -2.633166e-02 
 1.707590e+01 -2.639716e-02 
 1.707629e+01 -2.648668e-02 
 1.707669e+01 -2.657756e-02 
 1.707709e+01 -2.665143e-02 
 1.707749e+01 -2.670529e-02 
 1.707789e+01 -2.674266e-02 
 1.707828e+01 -2.677246e-02 
 1.707868e+01 -2.679901e-02 
 1.707908e+01 -2.681961e-02 
 1.707948e+01 -2.682276e-02 
 1.707987e+01 -2.679767e-02 
 1.708027e+01 -2.674214e-02 
 1.708067e+01 -2.665858e-02 
 1.708107e+01 -2.655919e-02 
 1.708146e+01 -2.645915e-02 
 1.708186e+01 -2.636671e-02 
 1.708226e+01 -2.627954e-02 
 1.708266e+01 -2.619208e-02 
 1.708306e+01 -2.609447e-02 
 1.708345e+01 -2.597785e-02 
 1.708385e+01 -2.584627e-02 
 1.708425e+01 -2.570842e-02 
 1.708465e+01 -2.556872e-02 
 1.708504e+01 -2.543580e-02 
 1.708544e+01 -2.531050e-02 
 1.708584e+01 -2.519240e-02 
 1.708624e+01 -2.508773e-02 
 1.708663e+01 -2.501211e-02 
 1.708703e+01 -2.498092e-02 
 1.708743e+01 -2.500499e-02 
 1.708783e+01 -2.509466e-02 
 1.708823e+01 -2.524621e-02 
 1.708862e+01 -2.545121e-02 
 1.708902e+01 -2.569332e-02 
 1.708942e+01 -2.595901e-02 
 1.708982e+01 -2.624149e-02 
 1.709021e+01 -2.654111e-02 
 1.709061e+01 -2.686642e-02 
 1.709101e+01 -2.722528e-02 
 1.709141e+01 -2.761860e-02 
 1.709180e+01 -2.803892e-02 
 1.709220e+01 -2.847077e-02 
 1.709260e+01 -2.890875e-02 
 1.709300e+01 -2.935020e-02 
 1.709340e+01 -2.979694e-02 
 1.709379e+01 -3.026199e-02 
 1.709419e+01 -3.074959e-02 
 1.709459e+01 -3.126137e-02 
 1.709499e+01 -3.178727e-02 
 1.709538e+01 -3.230888e-02 
 1.709578e+01 -3.280098e-02 
 1.709618e+01 -3.324533e-02 
 1.709658e+01 -3.363743e-02 
 1.709697e+01 -3.398037e-02 
 1.709737e+01 -3.428512e-02 
 1.709777e+01 -3.456217e-02 
 1.709817e+01 -3.481459e-02 
 1.709857e+01 -3.504559e-02 
 1.709896e+01 -3.525670e-02 
 1.709936e+01 -3.545621e-02 
 1.709976e+01 -3.564791e-02 
 1.710016e+01 -3.584100e-02 
 1.710055e+01 -3.604498e-02 
 1.710095e+01 -3.626096e-02 
 1.710135e+01 -3.648176e-02 
 1.710175e+01 -3.669600e-02 
 1.710214e+01 -3.688799e-02 
 1.710254e+01 -3.704724e-02 
 1.710294e+01 -3.716630e-02 
 1.710334e+01 -3.724244e-02 
 1.710374e+01 -3.727837e-02 
 1.710413e+01 -3.727395e-02 
 1.710453e+01 -3.722881e-02 
 1.710493e+01 -3.714867e-02 
 1.710533e+01 -3.704216e-02 
 1.710572e+01 -3.691611e-02 
 1.710612e+01 -3.677515e-02 
 1.710652e+01 -3.662635e-02 
 1.710692e+01 -3.646528e-02 
 1.710731e+01 -3.628650e-02 
 1.710771e+01 -3.608235e-02 
 1.710811e+01 -3.583962e-02 
 1.710851e+01 -3.554931e-02 
 1.710891e+01 -3.520662e-02 
 1.710930e+01 -3.481223e-02 
 1.710970e+01 -3.436828e-02 
 1.711010e+01 -3.387479e-02 
 1.711050e+01 -3.332690e-02 
 1.711089e+01 -3.272084e-02 
 1.711129e+01 -3.205915e-02 
 1.711169e+01 -3.134502e-02 
 1.711209e+01 -3.058471e-02 
 1.711248e+01 -2.978275e-02 
 1.711288e+01 -2.893936e-02 
 1.711328e+01 -2.805821e-02 
 1.711368e+01 -2.714038e-02 
 1.711408e+01 -2.618295e-02 
 1.711447e+01 -2.517860e-02 
 1.711487e+01 -2.412802e-02 
 1.711527e+01 -2.303707e-02 
 1.711567e+01 -2.191963e-02 
 1.711606e+01 -2.078587e-02 
 1.711646e+01 -1.964677e-02 
 1.711686e+01 -1.851197e-02 
 1.711726e+01 -1.739293e-02 
 1.711765e+01 -1.630233e-02 
 1.711805e+01 -1.524995e-02 
 1.711845e+01 -1.424369e-02 
 1.711885e+01 -1.329057e-02 
 1.711925e+01 -1.239764e-02 
 1.711964e+01 -1.156722e-02 
 1.712004e+01 -1.080059e-02 
 1.712044e+01 -1.008948e-02 
 1.712084e+01 -9.417691e-03 
 1.712123e+01 -8.768554e-03 
 1.712163e+01 -8.127474e-03 
 1.712203e+01 -7.480470e-03 
 1.712243e+01 -6.821393e-03 
 1.712283e+01 -6.152655e-03 
 1.712322e+01 -5.482026e-03 
 1.712362e+01 -4.817963e-03 
 1.712402e+01 -4.172223e-03 
 1.712442e+01 -3.545245e-03 
 1.712481e+01 -2.936113e-03 
 1.712521e+01 -2.345976e-03 
 1.712561e+01 -1.775444e-03 
 1.712601e+01 -1.231636e-03 
 1.712640e+01 -7.253377e-04 
 1.712680e+01 -2.587496e-04 
 1.712720e+01  1.684426e-04 
 1.712760e+01  5.650060e-04 
 1.712800e+01  9.459157e-04 
 1.712839e+01  1.320574e-03 
 1.712879e+01  1.698377e-03 
 1.712919e+01  2.079049e-03 
 1.712959e+01  2.458996e-03 
 1.712998e+01  2.828555e-03 
 1.713038e+01  3.183200e-03 
 1.713078e+01  3.523762e-03 
 1.713118e+01  3.851853e-03 
 1.713157e+01  4.169541e-03 
 1.713197e+01  4.472838e-03 
 1.713237e+01  4.756344e-03 
 1.713277e+01  5.011051e-03 
 1.713317e+01  5.231929e-03 
 1.713356e+01  5.419409e-03 
 1.713396e+01  5.575226e-03 
 1.713436e+01  5.706661e-03 
 1.713476e+01  5.810170e-03 
 1.713515e+01  5.884638e-03 
 1.713555e+01  5.921682e-03 
 1.713595e+01  5.903081e-03 
 1.713635e+01  5.816531e-03 
 1.713674e+01  5.654906e-03 
 1.713714e+01  5.419600e-03 
 1.713754e+01  5.112779e-03 
 1.713794e+01  4.740403e-03 
 1.713834e+01  4.306178e-03 
 1.713873e+01  3.813469e-03 
 1.713913e+01  3.269263e-03 
 1.713953e+01  2.692842e-03 
 1.713993e+01  2.109489e-03 
 1.714032e+01  1.546502e-03 
 1.714072e+01  1.022805e-03 
 1.714112e+01  5.521221e-04 
 1.714152e+01  1.286643e-04 
 1.714191e+01 -2.601816e-04 
 1.714231e+01 -6.363568e-04 
 1.714271e+01 -1.016866e-03 
 1.714311e+01 -1.412714e-03 
 1.714351e+01 -1.825634e-03 
 1.714390e+01 -2.252636e-03 
 1.714430e+01 -2.695002e-03 
 1.714470e+01 -3.164240e-03 
 1.714510e+01 -3.677301e-03 
 1.714549e+01 -4.245137e-03 
 1.714589e+01 -4.866903e-03 
 1.714629e+01 -5.532033e-03 
 1.714669e+01 -6.218157e-03 
 1.714708e+01 -6.901087e-03 
 1.714748e+01 -7.568064e-03 
 1.714788e+01 -8.214562e-03 
 1.714828e+01 -8.849635e-03 
 1.714868e+01 -9.487878e-03 
 1.714907e+01 -1.014034e-02 
 1.714947e+01 -1.081144e-02 
 1.714987e+01 -1.149967e-02 
 1.715027e+01 -1.219835e-02 
 1.715066e+01 -1.290506e-02 
 1.715106e+01 -1.362354e-02 
 1.715146e+01 -1.436299e-02 
 1.715186e+01 -1.512914e-02 
 1.715225e+01 -1.591643e-02 
 1.715265e+01 -1.670932e-02 
 1.715305e+01 -1.748918e-02 
 1.715345e+01 -1.823618e-02 
 1.715385e+01 -1.894019e-02 
 1.715424e+01 -1.959887e-02 
 1.715464e+01 -2.022381e-02 
 1.715504e+01 -2.083039e-02 
 1.715544e+01 -2.142760e-02 
 1.715583e+01 -2.201873e-02 
 1.715623e+01 -2.259524e-02 
 1.715663e+01 -2.314729e-02 
 1.715703e+01 -2.366701e-02 
 1.715742e+01 -2.415361e-02 
 1.715782e+01 -2.460620e-02 
 1.715822e+01 -2.501504e-02 
 1.715862e+01 -2.536632e-02 
 1.715902e+01 -2.564094e-02 
 1.715941e+01 -2.582325e-02 
 1.715981e+01 -2.590551e-02 
 1.716021e+01 -2.589375e-02 
 1.716061e+01 -2.580438e-02 
 1.716100e+01 -2.566058e-02 
 1.716140e+01 -2.548985e-02 
 1.716180e+01 -2.530294e-02 
 1.716220e+01 -2.510371e-02 
 1.716259e+01 -2.489108e-02 
 1.716299e+01 -2.466414e-02 
 1.716339e+01 -2.442964e-02 
 1.716379e+01 -2.420626e-02 
 1.716419e+01 -2.401034e-02 
 1.716458e+01 -2.384419e-02 
 1.716498e+01 -2.370495e-02 
 1.716538e+01 -2.357636e-02 
 1.716578e+01 -2.344261e-02 
 1.716617e+01 -2.329044e-02 
 1.716657e+01 -2.311955e-02 
 1.716697e+01 -2.293545e-02 
 1.716737e+01 -2.275308e-02 
 1.716776e+01 -2.258334e-02 
 1.716816e+01 -2.243145e-02 
 1.716856e+01 -2.229344e-02 
 1.716896e+01 -2.216286e-02 
 1.716936e+01 -2.203460e-02 
 1.716975e+01 -2.191472e-02 
 1.717015e+01 -2.181682e-02 
 1.717055e+01 -2.174952e-02 
 1.717095e+01 -2.172229e-02 
 1.717134e+01 -2.172925e-02 
 1.717174e+01 -2.175750e-02 
 1.717214e+01 -2.179049e-02 
 1.717254e+01 -2.180702e-02 
 1.717293e+01 -2.179715e-02 
 1.717333e+01 -2.175994e-02 
 1.717373e+01 -2.170531e-02 
 1.717413e+01 -2.164738e-02 
 1.717453e+01 -2.159849e-02 
 1.717492e+01 -2.156725e-02 
 1.717532e+01 -2.155865e-02 
 1.717572e+01 -2.157458e-02 
 1.717612e+01 -2.161813e-02 
 1.717651e+01 -2.169121e-02 
 1.717691e+01 -2.179304e-02 
 1.717731e+01 -2.192063e-02 
 1.717771e+01 -2.206956e-02 
 1.717810e+01 -2.223390e-02 
 1.717850e+01 -2.240877e-02 
 1.717890e+01 -2.258827e-02 
 1.717930e+01 -2.277803e-02 
 1.717970e+01 -2.298867e-02 
 1.718009e+01 -2.323045e-02 
 1.718049e+01 -2.351560e-02 
 1.718089e+01 -2.384690e-02 
 1.718129e+01 -2.422695e-02 
 1.718168e+01 -2.465313e-02 
 1.718208e+01 -2.512479e-02 
 1.718248e+01 -2.564297e-02 
 1.718288e+01 -2.620863e-02 
 1.718327e+01 -2.681917e-02 
 1.718367e+01 -2.746507e-02 
 1.718407e+01 -2.814052e-02 
 1.718447e+01 -2.882724e-02 
 1.718487e+01 -2.951318e-02 
 1.718526e+01 -3.018241e-02 
 1.718566e+01 -3.082767e-02 
 1.718606e+01 -3.145417e-02 
 1.718646e+01 -3.206719e-02 
 1.718685e+01 -3.266448e-02 
 1.718725e+01 -3.324725e-02 
 1.718765e+01 -3.381276e-02 
 1.718805e+01 -3.435763e-02 
 1.718844e+01 -3.488465e-02 
 1.718884e+01 -3.540333e-02 
 1.718924e+01 -3.592202e-02 
 1.718964e+01 -3.643992e-02 
 1.719004e+01 -3.695433e-02 
 1.719043e+01 -3.745309e-02 
 1.719083e+01 -3.792291e-02 
 1.719123e+01 -3.833440e-02 
 1.719163e+01 -3.867295e-02 
 1.719202e+01 -3.893383e-02 
 1.719242e+01 -3.911930e-02 
 1.719282e+01 -3.924757e-02 
 1.719322e+01 -3.933567e-02 
 1.719361e+01 -3.940205e-02 
 1.719401e+01 -3.946137e-02 
 1.719441e+01 -3.952551e-02 
 1.719481e+01 -3.960666e-02 
 1.719521e+01 -3.970934e-02 
 1.719560e+01 -3.983453e-02 
 1.719600e+01 -3.998522e-02 
 1.719640e+01 -4.015813e-02 
 1.719680e+01 -4.034694e-02 
 1.719719e+01 -4.054397e-02 
 1.719759e+01 -4.073491e-02 
 1.719799e+01 -4.090553e-02 
 1.719839e+01 -4.104265e-02 
 1.719878e+01 -4.114684e-02 
 1.719918e+01 -4.122524e-02 
 1.719958e+01 -4.128807e-02 
 1.719998e+01 -4.134399e-02 
 1.720038e+01 -4.139560e-02 
 1.720077e+01 -4.143809e-02 
 1.720117e+01 -4.146029e-02 
 1.720157e+01 -4.145174e-02 
 1.720197e+01 -4.140210e-02 
 1.720236e+01 -4.130973e-02 
 1.720276e+01 -4.117220e-02 
 1.720316e+01 -4.099431e-02 
 1.720356e+01 -4.077341e-02 
 1.720395e+01 -4.050635e-02 
 1.720435e+01 -4.018330e-02 
 1.720475e+01 -3.980005e-02 
 1.720515e+01 -3.935819e-02 
 1.720555e+01 -3.886325e-02 
 1.720594e+01 -3.832849e-02 
 1.720634e+01 -3.776397e-02 
 1.720674e+01 -3.717399e-02 
 1.720714e+01 -3.656091e-02 
 1.720753e+01 -3.592140e-02 
 1.720793e+01 -3.525180e-02 
 1.720833e+01 -3.454626e-02 
 1.720873e+01 -3.380674e-02 
 1.720912e+01 -3.303799e-02 
 1.720952e+01 -3.224000e-02 
 1.720992e+01 -3.141029e-02 
 1.721032e+01 -3.053495e-02 
 1.721072e+01 -2.960824e-02 
 1.721111e+01 -2.862959e-02 
 1.721151e+01 -2.761225e-02 
 1.721191e+01 -2.657649e-02 
 1.721231e+01 -2.554487e-02 
 1.721270e+01 -2.453715e-02 
 1.721310e+01 -2.355926e-02 
 1.721350e+01 -2.261076e-02 
 1.721390e+01 -2.168284e-02 
 1.721430e+01 -2.076525e-02 
 1.721469e+01 -1.985684e-02 
 1.721509e+01 -1.896077e-02 
 1.721549e+01 -1.808720e-02 
 1.721589e+01 -1.723409e-02 
 1.721628e+01 -1.638815e-02 
 1.721668e+01 -1.552563e-02 
 1.721708e+01 -1.462336e-02 
 1.721748e+01 -1.367096e-02 
 1.721787e+01 -1.266711e-02 
 1.721827e+01 -1.162545e-02 
 1.721867e+01 -1.056680e-02 
 1.721907e+01 -9.502060e-03 
 1.721947e+01 -8.445913e-03 
 1.721986e+01 -7.395881e-03 
 1.722026e+01 -6.344774e-03 
 1.722066e+01 -5.293662e-03 
 1.722106e+01 -4.244078e-03 
 1.722145e+01 -3.210436e-03 
 1.722185e+01 -2.204980e-03 
 1.722225e+01 -1.243375e-03 
 1.722265e+01 -3.278654e-04 
 1.722304e+01  5.490166e-04 
 1.722344e+01  1.395032e-03 
 1.722384e+01  2.212190e-03 
 1.722424e+01  2.997711e-03 
 1.722464e+01  3.745498e-03 
 1.722503e+01  4.446314e-03 
 1.722543e+01  5.089233e-03 
 1.722583e+01  5.668406e-03 
 1.722623e+01  6.180442e-03 
 1.722662e+01  6.626462e-03 
 1.722702e+01  7.015156e-03 
 1.722742e+01  7.343160e-03 
 1.722782e+01  7.607959e-03 
 1.722821e+01  7.804486e-03 
 1.722861e+01  7.928773e-03 
 1.722901e+01  7.989620e-03 
 1.722941e+01  8.000468e-03 
 1.722981e+01  7.968016e-03 
 1.723020e+01  7.892882e-03 
 1.723060e+01  7.768042e-03 
 1.723100e+01  7.585104e-03 
 1.723140e+01  7.329374e-03 
 1.723179e+01  7.000585e-03 
 1.723219e+01  6.598674e-03 
 1.723259e+01  6.129771e-03 
 1.723299e+01  5.611107e-03 
 1.723338e+01  5.058653e-03 
 1.723378e+01  4.479684e-03 
 1.723418e+01  3.876257e-03 
 1.723458e+01  3.253541e-03 
 1.723498e+01  2.619225e-03 
 1.723537e+01  1.993130e-03 
 1.723577e+01  1.395796e-03 
 1.723617e+01  8.461213e-04 
 1.723657e+01  3.519777e-04 
 1.723696e+01 -9.023934e-05 
 1.723736e+01 -4.924501e-04 
 1.723776e+01 -8.673610e-04 
 1.723816e+01 -1.233971e-03 
 1.723855e+01 -1.606579e-03 
 1.723895e+01 -1.994009e-03 
 1.723935e+01 -2.394842e-03 
 1.723975e+01 -2.817936e-03 
 1.724015e+01 -3.272710e-03 
 1.724054e+01 -3.771729e-03 
 1.724094e+01 -4.322610e-03 
 1.724134e+01 -4.929008e-03 
 1.724174e+01 -5.574341e-03 
 1.724213e+01 -6.235393e-03 
 1.724253e+01 -6.889873e-03 
 1.724293e+01 -7.523026e-03 
 1.724333e+01 -8.124530e-03 
 1.724372e+01 -8.698897e-03 
 1.724412e+01 -9.256084e-03 
 1.724452e+01 -9.805398e-03 
 1.724492e+01 -1.035196e-02 
 1.724532e+01 -1.089767e-02 
 1.724571e+01 -1.143051e-02 
 1.724611e+01 -1.194291e-02 
 1.724651e+01 -1.243445e-02 
 1.724691e+01 -1.290927e-02 
 1.724730e+01 -1.337223e-02 
 1.724770e+01 -1.381997e-02 
 1.724810e+01 -1.424622e-02 
 1.724850e+01 -1.464340e-02 
 1.724889e+01 -1.500883e-02 
 1.724929e+01 -1.534084e-02 
 1.724969e+01 -1.564036e-02 
 1.725009e+01 -1.592067e-02 
 1.725049e+01 -1.618724e-02 
 1.725088e+01 -1.645110e-02 
 1.725128e+01 -1.671874e-02 
 1.725168e+01 -1.698177e-02 
 1.725208e+01 -1.722746e-02 
 1.725247e+01 -1.744831e-02 
 1.725287e+01 -1.763635e-02 
 1.725327e+01 -1.778585e-02 
 1.725367e+01 -1.788974e-02 
 1.725406e+01 -1.794919e-02 
 1.725446e+01 -1.795544e-02 
 1.725486e+01 -1.791830e-02 
 1.725526e+01 -1.785024e-02 
 1.725566e+01 -1.776269e-02 
 1.725605e+01 -1.766028e-02 
 1.725645e+01 -1.755383e-02 
 1.725685e+01 -1.745060e-02 
 1.725725e+01 -1.735783e-02 
 1.725764e+01 -1.728381e-02 
 1.725804e+01 -1.723337e-02 
 1.725844e+01 -1.721171e-02 
 1.725884e+01 -1.722580e-02 
 1.725923e+01 -1.727993e-02 
 1.725963e+01 -1.737501e-02 
 1.726003e+01 -1.750184e-02 
 1.726043e+01 -1.765114e-02 
 1.726083e+01 -1.780575e-02 
 1.726122e+01 -1.795527e-02 
 1.726162e+01 -1.809138e-02 
 1.726202e+01 -1.819953e-02 
 1.726242e+01 -1.827454e-02 
 1.726281e+01 -1.831293e-02 
 1.726321e+01 -1.831751e-02 
 1.726361e+01 -1.830141e-02 
 1.726401e+01 -1.827186e-02 
 1.726440e+01 -1.822807e-02 
 1.726480e+01 -1.816593e-02 
 1.726520e+01 -1.808063e-02 
 1.726560e+01 -1.796609e-02 
 1.726600e+01 -1.781777e-02 
 1.726639e+01 -1.764369e-02 
 1.726679e+01 -1.745335e-02 
 1.726719e+01 -1.725908e-02 
 1.726759e+01 -1.707046e-02 
 1.726798e+01 -1.689374e-02 
 1.726838e+01 -1.672006e-02 
 1.726878e+01 -1.654338e-02 
 1.726918e+01 -1.636202e-02 
 1.726957e+01 -1.617993e-02 
 1.726997e+01 -1.601271e-02 
 1.727037e+01 -1.587248e-02 
 1.727077e+01 -1.576329e-02 
 1.727117e+01 -1.568453e-02 
 1.727156e+01 -1.563877e-02 
 1.727196e+01 -1.562436e-02 
 1.727236e+01 -1.563981e-02 
 1.727276e+01 -1.568961e-02 
 1.727315e+01 -1.577972e-02 
 1.727355e+01 -1.592499e-02 
 1.727395e+01 -1.613470e-02 
 1.727435e+01 -1.640938e-02 
 1.727474e+01 -1.673738e-02 
 1.727514e+01 -1.710733e-02 
 1.727554e+01 -1.751159e-02 
 1.727594e+01 -1.795121e-02 
 1.727634e+01 -1.843335e-02 
 1.727673e+01 -1.896368e-02 
 1.727713e+01 -1.953991e-02 
 1.727753e+01 -2.016269e-02 
 1.727793e+01 -2.082962e-02 
 1.727832e+01 -2.153451e-02 
 1.727872e+01 -2.226974e-02 
 1.727912e+01 -2.303149e-02 
 1.727952e+01 -2.381606e-02 
 1.727991e+01 -2.462385e-02 
 1.728031e+01 -2.544997e-02 
 1.728071e+01 -2.627986e-02 
 1.728111e+01 -2.709947e-02 
 1.728151e+01 -2.790018e-02 
 1.728190e+01 -2.867986e-02 
 1.728230e+01 -2.944819e-02 
 1.728270e+01 -3.022239e-02 
 1.728310e+01 -3.101228e-02 
 1.728349e+01 -3.182100e-02 
 1.728389e+01 -3.265117e-02 
 1.728429e+01 -3.349558e-02 
 1.728469e+01 -3.434599e-02 
 1.728508e+01 -3.518764e-02 
 1.728548e+01 -3.601347e-02 
 1.728588e+01 -3.682323e-02 
 1.728628e+01 -3.762314e-02 
 1.728668e+01 -3.841459e-02 
 1.728707e+01 -3.919272e-02 
 1.728747e+01 -3.994938e-02 
 1.728787e+01 -4.068012e-02 
 1.728827e+01 -4.138328e-02 
 1.728866e+01 -4.206926e-02 
 1.728906e+01 -4.274886e-02 
 1.728946e+01 -4.342747e-02 
 1.728986e+01 -4.410685e-02 
 1.729025e+01 -4.478506e-02 
 1.729065e+01 -4.545564e-02 
 1.729105e+01 -4.610573e-02 
 1.729145e+01 -4.672626e-02 
 1.729185e+01 -4.731630e-02 
 1.729224e+01 -4.788109e-02 
 1.729264e+01 -4.842958e-02 
 1.729304e+01 -4.896025e-02 
 1.729344e+01 -4.945591e-02 
 1.729383e+01 -4.989017e-02 
 1.729423e+01 -5.023680e-02 
 1.729463e+01 -5.048455e-02 
 1.729503e+01 -5.063606e-02 
 1.729542e+01 -5.069959e-02 
 1.729582e+01 -5.068281e-02 
 1.729622e+01 -5.059367e-02 
 1.729662e+01 -5.043719e-02 
 1.729702e+01 -5.020080e-02 
 1.729741e+01 -4.987206e-02 
 1.729781e+01 -4.944656e-02 
 1.729821e+01 -4.892812e-02 
 1.729861e+01 -4.832927e-02 
 1.729900e+01 -4.767253e-02 
 1.729940e+01 -4.697110e-02 
 1.729980e+01 -4.622735e-02 
 1.730020e+01 -4.543992e-02 
 1.730059e+01 -4.461098e-02 
 1.730099e+01 -4.374906e-02 
 1.730139e+01 -4.286334e-02 
 1.730179e+01 -4.196684e-02 
 1.730219e+01 -4.106915e-02 
 1.730258e+01 -4.017660e-02 
 1.730298e+01 -3.928683e-02 
 1.730338e+01 -3.839115e-02 
 1.730378e+01 -3.747854e-02 
 1.730417e+01 -3.653965e-02 
 1.730457e+01 -3.557066e-02 
 1.730497e+01 -3.457911e-02 
 1.730537e+01 -3.357352e-02 
 1.730577e+01 -3.255669e-02 
 1.730616e+01 -3.153372e-02 
 1.730656e+01 -3.050547e-02 
 1.730696e+01 -2.947561e-02 
 1.730736e+01 -2.845592e-02 
 1.730775e+01 -2.745723e-02 
 1.730815e+01 -2.648792e-02 
 1.730855e+01 -2.554730e-02 
 1.730895e+01 -2.463858e-02 
 1.730934e+01 -2.375241e-02 
 1.730974e+01 -2.287912e-02 
 1.731014e+01 -2.200860e-02 
 1.731054e+01 -2.113640e-02 
 1.731094e+01 -2.026462e-02 
 1.731133e+01 -1.940128e-02 
 1.731173e+01 -1.855430e-02 
 1.731213e+01 -1.771314e-02 
 1.731253e+01 -1.686474e-02 
 1.731292e+01 -1.599219e-02 
 1.731332e+01 -1.508318e-02 
 1.731372e+01 -1.412895e-02 
 1.731412e+01 -1.313608e-02 
 1.731451e+01 -1.211507e-02 
 1.731491e+01 -1.108218e-02 
 1.731531e+01 -1.005690e-02 
 1.731571e+01 -9.055168e-03 
 1.731611e+01 -8.083622e-03 
 1.731650e+01 -7.141872e-03 
 1.731690e+01 -6.230699e-03 
 1.731730e+01 -5.360624e-03 
 1.731770e+01 -4.548804e-03 
 1.731809e+01 -3.804700e-03 
 1.731849e+01 -3.138186e-03 
 1.731889e+01 -2.552000e-03 
 1.731929e+01 -2.038408e-03 
 1.731968e+01 -1.586198e-03 
 1.732008e+01 -1.186652e-03 
 1.732048e+01 -8.284589e-04 
 1.732088e+01 -4.976446e-04 
 1.732128e+01 -1.976883e-04 
 1.732167e+01  6.797188e-05 
 1.732207e+01  3.027831e-04 
 1.732247e+01  5.151078e-04 
 1.732287e+01  7.117463e-04 
 1.732326e+01  9.017014e-04 
 1.732366e+01  1.084159e-03 
 1.732406e+01  1.246057e-03 
 1.732446e+01  1.379169e-03 
 1.732485e+01  1.478537e-03 
 1.732525e+01  1.542978e-03 
 1.732565e+01  1.572742e-03 
 1.732605e+01  1.569935e-03 
 1.732645e+01  1.539382e-03 
 1.732684e+01  1.486169e-03 
 1.732724e+01  1.410460e-03 
 1.732764e+01  1.305373e-03 
 1.732804e+01  1.163676e-03 
 1.732843e+01  9.834777e-04 
 1.732883e+01  7.693958e-04 
 1.732923e+01  5.330211e-04 
 1.732963e+01  2.819096e-04 
 1.733002e+01  1.694901e-05 
 1.733042e+01 -2.626996e-04 
 1.733082e+01 -5.561616e-04 
 1.733122e+01 -8.616010e-04 
 1.733162e+01 -1.175155e-03 
 1.733201e+01 -1.491033e-03 
 1.733241e+01 -1.806139e-03 
 1.733281e+01 -2.119466e-03 
 1.733321e+01 -2.433505e-03 
 1.733360e+01 -2.756628e-03 
 1.733400e+01 -3.106334e-03 
 1.733440e+01 -3.500427e-03 
 1.733480e+01 -3.949110e-03 
 1.733519e+01 -4.456888e-03 
 1.733559e+01 -5.021449e-03 
 1.733599e+01 -5.639796e-03 
 1.733639e+01 -6.313172e-03 
 1.733679e+01 -7.041655e-03 
 1.733718e+01 -7.818132e-03 
 1.733758e+01 -8.639243e-03 
 1.733798e+01 -9.490940e-03 
 1.733838e+01 -1.035691e-02 
 1.733877e+01 -1.121784e-02 
 1.733917e+01 -1.205323e-02 
 1.733957e+01 -1.284372e-02 
 1.733997e+01 -1.358164e-02 
 1.734036e+01 -1.426806e-02 
 1.734076e+01 -1.490402e-02 
 1.734116e+01 -1.548552e-02 
 1.734156e+01 -1.600230e-02 
 1.734196e+01 -1.644509e-02 
 1.734235e+01 -1.681025e-02 
 1.734275e+01 -1.710515e-02 
 1.734315e+01 -1.733448e-02 
 1.734355e+01 -1.751334e-02 
 1.734394e+01 -1.765300e-02 
 1.734434e+01 -1.775938e-02 
 1.734474e+01 -1.783337e-02 
 1.734514e+01 -1.786824e-02 
 1.734553e+01 -1.784768e-02 
 1.734593e+01 -1.776461e-02 
 1.734633e+01 -1.762672e-02 
 1.734673e+01 -1.744363e-02 
 1.734713e+01 -1.722778e-02 
 1.734752e+01 -1.698754e-02 
 1.734792e+01 -1.672011e-02 
 1.734832e+01 -1.641953e-02 
 1.734872e+01 -1.608234e-02 
 1.734911e+01 -1.570770e-02 
 1.734951e+01 -1.529595e-02 
 1.734991e+01 -1.485149e-02 
 1.735031e+01 -1.439006e-02 
 1.735070e+01 -1.391902e-02 
 1.735110e+01 -1.344438e-02 
 1.735150e+01 -1.296414e-02 
 1.735190e+01 -1.247314e-02 
 1.735230e+01 -1.197126e-02 
 1.735269e+01 -1.146406e-02 
 1.735309e+01 -1.096512e-02 
 1.735349e+01 -1.048675e-02 
 1.735389e+01 -1.003207e-02 
 1.735428e+01 -9.597102e-03 
 1.735468e+01 -9.176394e-03 
 1.735508e+01 -8.773195e-03 
 1.735548e+01 -8.389909e-03 
 1.735587e+01 -8.027114e-03 
 1.735627e+01 -7.693621e-03 
 1.735667e+01 -7.393047e-03 
 1.735707e+01 -7.118813e-03 
 1.735747e+01 -6.860948e-03 
 1.735786e+01 -6.600220e-03 
 1.735826e+01 -6.320674e-03 
 1.735866e+01 -6.020565e-03 
 1.735906e+01 -5.709688e-03 
 1.735945e+01 -5.405721e-03 
 1.735985e+01 -5.118551e-03 
 1.736025e+01 -4.850077e-03 
 1.736065e+01 -4.592347e-03 
 1.736104e+01 -4.346399e-03 
 1.736144e+01 -4.117779e-03 
 1.736184e+01 -3.917572e-03 
 1.736224e+01 -3.766787e-03 
 1.736264e+01 -3.689704e-03 
 1.736303e+01 -3.703562e-03 
 1.736343e+01 -3.813575e-03 
 1.736383e+01 -4.012331e-03 
 1.736423e+01 -4.270486e-03 
 1.736462e+01 -4.560807e-03 
 1.736502e+01 -4.871762e-03 
 1.736542e+01 -5.207702e-03 
 1.736582e+01 -5.582639e-03 
 1.736621e+01 -6.012230e-03 
 1.736661e+01 -6.501104e-03 
 1.736701e+01 -7.050286e-03 
 1.736741e+01 -7.656413e-03 
 1.736781e+01 -8.312502e-03 
 1.736820e+01 -9.014525e-03 
 1.736860e+01 -9.761323e-03 
 1.736900e+01 -1.056399e-02 
 1.736940e+01 -1.142958e-02 
 1.736979e+01 -1.236201e-02 
 1.737019e+01 -1.334444e-02 
 1.737059e+01 -1.434985e-02 
 1.737099e+01 -1.535365e-02 
 1.737138e+01 -1.634348e-02 
 1.737178e+01 -1.731811e-02 
 1.737218e+01 -1.828293e-02 
 1.737258e+01 -1.924069e-02 
 1.737298e+01 -2.018335e-02 
 1.737337e+01 -2.110256e-02 
 1.737377e+01 -2.198947e-02 
 1.737417e+01 -2.283647e-02 
 1.737457e+01 -2.364148e-02 
 1.737496e+01 -2.441686e-02 
 1.737536e+01 -2.517960e-02 
 1.737576e+01 -2.594742e-02 
 1.737616e+01 -2.672966e-02 
 1.737655e+01 -2.751859e-02 
 1.737695e+01 -2.830024e-02 
 1.737735e+01 -2.906416e-02 
 1.737775e+01 -2.981203e-02 
 1.737815e+01 -3.054876e-02 
 1.737854e+01 -3.128596e-02 
 1.737894e+01 -3.203545e-02 
 1.737934e+01 -3.279692e-02 
 1.737974e+01 -3.356785e-02 
 1.738013e+01 -3.434468e-02 
 1.738053e+01 -3.512224e-02 
 1.738093e+01 -3.589588e-02 
 1.738133e+01 -3.667647e-02 
 1.738172e+01 -3.747417e-02 
 1.738212e+01 -3.829914e-02 
 1.738252e+01 -3.914818e-02 
 1.738292e+01 -3.999725e-02 
 1.738332e+01 -4.082851e-02 
 1.738371e+01 -4.162535e-02 
 1.738411e+01 -4.237990e-02 
 1.738451e+01 -4.309755e-02 
 1.738491e+01 -4.379622e-02 
 1.738530e+01 -4.447802e-02 
 1.738570e+01 -4.514845e-02 
 1.738610e+01 -4.581054e-02 
 1.738650e+01 -4.645980e-02 
 1.738689e+01 -4.708380e-02 
 1.738729e+01 -4.768317e-02 
 1.738769e+01 -4.826406e-02 
 1.738809e+01 -4.882992e-02 
 1.738849e+01 -4.938335e-02 
 1.738888e+01 -4.990839e-02 
 1.738928e+01 -5.037986e-02 
 1.738968e+01 -5.076902e-02 
 1.739008e+01 -5.105758e-02 
 1.739047e+01 -5.124521e-02 
 1.739087e+01 -5.133426e-02 
 1.739127e+01 -5.133489e-02 
 1.739167e+01 -5.125690e-02 
 1.739206e+01 -5.111179e-02 
 1.739246e+01 -5.090545e-02 
 1.739286e+01 -5.063690e-02 
 1.739326e+01 -5.029753e-02 
 1.739366e+01 -4.989008e-02 
 1.739405e+01 -4.942301e-02 
 1.739445e+01 -4.891785e-02 
 1.739485e+01 -4.840127e-02 
 1.739525e+01 -4.788756e-02 
 1.739564e+01 -4.737963e-02 
 1.739604e+01 -4.687636e-02 
 1.739644e+01 -4.636795e-02 
 1.739684e+01 -4.584442e-02 
 1.739724e+01 -4.529708e-02 
 1.739763e+01 -4.471870e-02 
 1.739803e+01 -4.410440e-02 
 1.739843e+01 -4.345492e-02 
 1.739883e+01 -4.277741e-02 
 1.739922e+01 -4.206392e-02 
 1.739962e+01 -4.130728e-02 
 1.740002e+01 -4.050413e-02 
 1.740042e+01 -3.965349e-02 
 1.740081e+01 -3.876105e-02 
 1.740121e+01 -3.783649e-02 
 1.740161e+01 -3.688288e-02 
 1.740201e+01 -3.589345e-02 
 1.740241e+01 -3.486696e-02 
 1.740280e+01 -3.380400e-02 
 1.740320e+01 -3.270171e-02 
 1.740360e+01 -3.156741e-02 
 1.740400e+01 -3.040844e-02 
 1.740439e+01 -2.923819e-02 
 1.740479e+01 -2.807238e-02 
 1.740519e+01 -2.691971e-02 
 1.740559e+01 -2.578509e-02 
 1.740598e+01 -2.467163e-02 
 1.740638e+01 -2.357943e-02 
 1.740678e+01 -2.251331e-02 
 1.740718e+01 -2.148073e-02 
 1.740758e+01 -2.048323e-02 
 1.740797e+01 -1.951487e-02 
 1.740837e+01 -1.856446e-02 
 1.740877e+01 -1.762079e-02 
 1.740917e+01 -1.666662e-02 
 1.740956e+01 -1.569337e-02 
 1.740996e+01 -1.470307e-02 
 1.741036e+01 -1.370644e-02 
 1.741076e+01 -1.272568e-02 
 1.741115e+01 -1.179048e-02 
 1.741155e+01 -1.092140e-02 
 1.741195e+01 -1.012354e-02 
 1.741235e+01 -9.398827e-03 
 1.741275e+01 -8.749817e-03 
 1.741314e+01 -8.181681e-03 
 1.741354e+01 -7.705929e-03 
 1.741394e+01 -7.333112e-03 
 1.741434e+01 -7.065936e-03 
 1.741473e+01 -6.898531e-03 
 1.741513e+01 -6.820682e-03 
 1.741553e+01 -6.811691e-03 
 1.741593e+01 -6.846503e-03 
 1.741632e+01 -6.903829e-03 
 1.741672e+01 -6.970529e-03 
 1.741712e+01 -7.047618e-03 
 1.741752e+01 -7.143017e-03 
 1.741792e+01 -7.255839e-03 
 1.741831e+01 -7.377878e-03 
 1.741871e+01 -7.501207e-03 
 1.741911e+01 -7.619002e-03 
 1.741951e+01 -7.736288e-03 
 1.741990e+01 -7.862831e-03 
 1.742030e+01 -8.005052e-03 
 1.742070e+01 -8.169072e-03 
 1.742110e+01 -8.361247e-03 
 1.742149e+01 -8.574515e-03 
 1.742189e+01 -8.795697e-03 
 1.742229e+01 -9.012345e-03 
 1.742269e+01 -9.212480e-03 
 1.742309e+01 -9.397950e-03 
 1.742348e+01 -9.590363e-03 
 1.742388e+01 -9.809016e-03 
 1.742428e+01 -1.005987e-02 
 1.742468e+01 -1.034235e-02 
 1.742507e+01 -1.064882e-02 
 1.742547e+01 -1.096894e-02 
 1.742587e+01 -1.129280e-02 
 1.742627e+01 -1.162299e-02 
 1.742666e+01 -1.195396e-02 
 1.742706e+01 -1.228549e-02 
 1.742746e+01 -1.261705e-02 
 1.742786e+01 -1.293933e-02 
 1.742826e+01 -1.323849e-02 
 1.742865e+01 -1.350110e-02 
 1.742905e+01 -1.372307e-02 
 1.742945e+01 -1.391252e-02 
 1.742985e+01 -1.409097e-02 
 1.743024e+01 -1.428028e-02 
 1.743064e+01 -1.449012e-02 
 1.743104e+01 -1.472296e-02 
 1.743144e+01 -1.497797e-02 
 1.743183e+01 -1.524717e-02 
 1.743223e+01 -1.552926e-02 
 1.743263e+01 -1.582720e-02 
 1.743303e+01 -1.613017e-02 
 1.743343e+01 -1.643123e-02 
 1.743382e+01 -1.671547e-02 
 1.743422e+01 -1.695776e-02 
 1.743462e+01 -1.712983e-02 
 1.743502e+01 -1.720683e-02 
 1.743541e+01 -1.718117e-02 
 1.743581e+01 -1.705859e-02 
 1.743621e+01 -1.686473e-02 
 1.743661e+01 -1.662185e-02 
 1.743700e+01 -1.633877e-02 
 1.743740e+01 -1.602109e-02 
 1.743780e+01 -1.566609e-02 
 1.743820e+01 -1.527648e-02 
 1.743860e+01 -1.486204e-02 
 1.743899e+01 -1.443839e-02 
 1.743939e+01 -1.401707e-02 
 1.743979e+01 -1.362182e-02 
 1.744019e+01 -1.325720e-02 
 1.744058e+01 -1.291259e-02 
 1.744098e+01 -1.256993e-02 
 1.744138e+01 -1.220757e-02 
 1.744178e+01 -1.181151e-02 
 1.744217e+01 -1.139151e-02 
 1.744257e+01 -1.096662e-02 
 1.744297e+01 -1.054986e-02 
 1.744337e+01 -1.014732e-02 
 1.744377e+01 -9.763430e-03 
 1.744416e+01 -9.389178e-03 
 1.744456e+01 -9.015925e-03 
 1.744496e+01 -8.638480e-03 
 1.744536e+01 -8.254374e-03 
 1.744575e+01 -7.863681e-03 
 1.744615e+01 -7.475207e-03 
 1.744655e+01 -7.096298e-03 
 1.744695e+01 -6.722859e-03 
 1.744734e+01 -6.345972e-03 
 1.744774e+01 -5.954347e-03 
 1.744814e+01 -5.545576e-03 
 1.744854e+01 -5.123778e-03 
 1.744894e+01 -4.695304e-03 
 1.744933e+01 -4.268892e-03 
 1.744973e+01 -3.853630e-03 
 1.745013e+01 -3.452424e-03 
 1.745053e+01 -3.068120e-03 
 1.745092e+01 -2.704432e-03 
 1.745132e+01 -2.361584e-03 
 1.745172e+01 -2.036637e-03 
 1.745212e+01 -1.727947e-03 
 1.745251e+01 -1.435836e-03 
 1.745291e+01 -1.153591e-03 
 1.745331e+01 -8.672325e-04 
 1.745371e+01 -5.650047e-04 
 1.745411e+01 -2.367264e-04 
 1.745450e+01  1.247144e-04 
 1.745490e+01  5.028303e-04 
 1.745530e+01  8.846366e-04 
 1.745570e+01  1.258554e-03 
 1.745609e+01  1.608568e-03 
 1.745649e+01  1.920964e-03 
 1.745689e+01  2.183871e-03 
 1.745729e+01  2.390260e-03 
 1.745768e+01  2.529458e-03 
 1.745808e+01  2.600287e-03 
 1.745848e+01  2.593153e-03 
 1.745888e+01  2.502779e-03 
 1.745928e+01  2.323380e-03 
 1.745967e+01  2.063360e-03 
 1.746007e+01  1.737381e-03 
 1.746047e+01  1.364588e-03 
 1.746087e+01  9.568744e-04 
 1.746126e+01  5.158190e-04 
 1.746166e+01  4.814460e-05 
 1.746206e+01 -4.518307e-04 
 1.746246e+01 -9.910868e-04 
 1.746285e+01 -1.577840e-03 
 1.746325e+01 -2.219985e-03 
 1.746365e+01 -2.919232e-03 
 1.746405e+01 -3.665487e-03 
 1.746445e+01 -4.449695e-03 
 1.746484e+01 -5.269185e-03 
 1.746524e+01 -6.127007e-03 
 1.746564e+01 -7.022905e-03 
 1.746604e+01 -7.953775e-03 
 1.746643e+01 -8.910085e-03 
 1.746683e+01 -9.873292e-03 
 1.746723e+01 -1.083532e-02 
 1.746763e+01 -1.178789e-02 
 1.746802e+01 -1.273254e-02 
 1.746842e+01 -1.367101e-02 
 1.746882e+01 -1.461967e-02 
 1.746922e+01 -1.559082e-02 
 1.746962e+01 -1.659380e-02 
 1.747001e+01 -1.763219e-02 
 1.747041e+01 -1.869513e-02 
 1.747081e+01 -1.977217e-02 
 1.747121e+01 -2.085641e-02 
 1.747160e+01 -2.195499e-02 
 1.747200e+01 -2.307320e-02 
 1.747240e+01 -2.421292e-02 
 1.747280e+01 -2.537130e-02 
 1.747319e+01 -2.653983e-02 
 1.747359e+01 -2.771053e-02 
 1.747399e+01 -2.887138e-02 
 1.747439e+01 -3.001806e-02 
 1.747479e+01 -3.115116e-02 
 1.747518e+01 -3.227925e-02 
 1.747558e+01 -3.341198e-02 
 1.747598e+01 -3.455804e-02 
 1.747638e+01 -3.570978e-02 
 1.747677e+01 -3.684454e-02 
 1.747717e+01 -3.794371e-02 
 1.747757e+01 -3.899504e-02 
 1.747797e+01 -3.999218e-02 
 1.747836e+01 -4.093305e-02 
 1.747876e+01 -4.181998e-02 
 1.747916e+01 -4.264684e-02 
 1.747956e+01 -4.340870e-02 
 1.747996e+01 -4.410258e-02 
 1.748035e+01 -4.472331e-02 
 1.748075e+01 -4.527282e-02 
 1.748115e+01 -4.575757e-02 
 1.748155e+01 -4.619484e-02 
 1.748194e+01 -4.659964e-02 
 1.748234e+01 -4.698396e-02 
 1.748274e+01 -4.733979e-02 
 1.748314e+01 -4.765261e-02 
 1.748353e+01 -4.791790e-02 
 1.748393e+01 -4.812774e-02 
 1.748433e+01 -4.828779e-02 
 1.748473e+01 -4.839635e-02 
 1.748513e+01 -4.844425e-02 
 1.748552e+01 -4.841929e-02 
 1.748592e+01 -4.831091e-02 
 1.748632e+01 -4.810530e-02 
 1.748672e+01 -4.779451e-02 
 1.748711e+01 -4.738825e-02 
 1.748751e+01 -4.691160e-02 
 1.748791e+01 -4.638985e-02 
 1.748831e+01 -4.585457e-02 
 1.748871e+01 -4.532305e-02 
 1.748910e+01 -4.479454e-02 
 1.748950e+01 -4.426204e-02 
 1.748990e+01 -4.372181e-02 
 1.749030e+01 -4.318222e-02 
 1.749069e+01 -4.265516e-02 
 1.749109e+01 -4.215042e-02 
 1.749149e+01 -4.167602e-02 
 1.749189e+01 -4.123037e-02 
 1.749228e+01 -4.080338e-02 
 1.749268e+01 -4.037763e-02 
 1.749308e+01 -3.993416e-02 
 1.749348e+01 -3.946554e-02 
 1.749388e+01 -3.896983e-02 
 1.749427e+01 -3.845863e-02 
 1.749467e+01 -3.793953e-02 
 1.749507e+01 -3.741125e-02 
 1.749547e+01 -3.685696e-02 
 1.749586e+01 -3.626634e-02 
 1.749626e+01 -3.563056e-02 
 1.749666e+01 -3.495049e-02 
 1.749706e+01 -3.423719e-02 
 1.749745e+01 -3.350228e-02 
 1.749785e+01 -3.275310e-02 
 1.749825e+01 -3.199752e-02 
 1.749865e+01 -3.124110e-02 
 1.749905e+01 -3.048597e-02 
 1.749944e+01 -2.972929e-02 
 1.749984e+01 -2.897749e-02 
 1.750024e+01 -2.824219e-02 
 1.750064e+01 -2.753906e-02 
 1.750103e+01 -2.688112e-02 
 1.750143e+01 -2.626926e-02 
 1.750183e+01 -2.569215e-02 
 1.750223e+01 -2.514087e-02 
 1.750262e+01 -2.460817e-02 
 1.750302e+01 -2.408722e-02 
 1.750342e+01 -2.357954e-02 
 1.750382e+01 -2.307616e-02 
 1.750422e+01 -2.257184e-02 
 1.750461e+01 -2.205932e-02 
 1.750501e+01 -2.152426e-02 
 1.750541e+01 -2.095974e-02 
 1.750581e+01 -2.035904e-02 
 1.750620e+01 -1.973536e-02 
 1.750660e+01 -1.910950e-02 
 1.750700e+01 -1.851668e-02 
 1.750740e+01 -1.797586e-02 
 1.750779e+01 -1.749480e-02 
 1.750819e+01 -1.707638e-02 
 1.750859e+01 -1.671952e-02 
 1.750899e+01 -1.642519e-02 
 1.750939e+01 -1.619183e-02 
 1.750978e+01 -1.601859e-02 
 1.751018e+01 -1.590232e-02 
 1.751058e+01 -1.583093e-02 
 1.751098e+01 -1.579334e-02 
 1.751137e+01 -1.576957e-02 
 1.751177e+01 -1.573705e-02 
 1.751217e+01 -1.568370e-02 
 1.751257e+01 -1.560999e-02 
 1.751296e+01 -1.552247e-02 
 1.751336e+01 -1.543543e-02 
 1.751376e+01 -1.535755e-02 
 1.751416e+01 -1.528057e-02 
 1.751456e+01 -1.519540e-02 
 1.751495e+01 -1.509532e-02 
 1.751535e+01 -1.497798e-02 
 1.751575e+01 -1.485138e-02 
 1.751615e+01 -1.472651e-02 
 1.751654e+01 -1.461422e-02 
 1.751694e+01 -1.452854e-02 
 1.751734e+01 -1.448207e-02 
 1.751774e+01 -1.447251e-02 
 1.751813e+01 -1.449575e-02 
 1.751853e+01 -1.455353e-02 
 1.751893e+01 -1.465055e-02 
 1.751933e+01 -1.479891e-02 
 1.751973e+01 -1.501032e-02 
 1.752012e+01 -1.528816e-02 
 1.752052e+01 -1.562306e-02 
 1.752092e+01 -1.600072e-02 
 1.752132e+01 -1.640562e-02 
 1.752171e+01 -1.682307e-02 
 1.752211e+01 -1.723902e-02 
 1.752251e+01 -1.763710e-02 
 1.752291e+01 -1.801345e-02 
 1.752330e+01 -1.835932e-02 
 1.752370e+01 -1.866908e-02 
 1.752410e+01 -1.893517e-02 
 1.752450e+01 -1.915251e-02 
 1.752490e+01 -1.932372e-02 
 1.752529e+01 -1.945095e-02 
 1.752569e+01 -1.955140e-02 
 1.752609e+01 -1.963599e-02 
 1.752649e+01 -1.970960e-02 
 1.752688e+01 -1.977557e-02 
 1.752728e+01 -1.984435e-02 
 1.752768e+01 -1.992185e-02 
 1.752808e+01 -2.000476e-02 
 1.752847e+01 -2.008696e-02 
 1.752887e+01 -2.015488e-02 
 1.752927e+01 -2.019117e-02 
 1.752967e+01 -2.017878e-02 
 1.753007e+01 -2.010780e-02 
 1.753046e+01 -1.996049e-02 
 1.753086e+01 -1.972480e-02 
 1.753126e+01 -1.939561e-02 
 1.753166e+01 -1.898034e-02 
 1.753205e+01 -1.849084e-02 
 1.753245e+01 -1.794264e-02 
 1.753285e+01 -1.734965e-02 
 1.753325e+01 -1.672215e-02 
 1.753364e+01 -1.607172e-02 
 1.753404e+01 -1.540604e-02 
 1.753444e+01 -1.472600e-02 
 1.753484e+01 -1.403415e-02 
 1.753524e+01 -1.333211e-02 
 1.753563e+01 -1.262887e-02 
 1.753603e+01 -1.193115e-02 
 1.753643e+01 -1.124475e-02 
 1.753683e+01 -1.056571e-02 
 1.753722e+01 -9.886753e-03 
 1.753762e+01 -9.202516e-03 
 1.753802e+01 -8.518220e-03 
 1.753842e+01 -7.842012e-03 
 1.753881e+01 -7.177700e-03 
 1.753921e+01 -6.526760e-03 
 1.753961e+01 -5.897121e-03 
 1.754001e+01 -5.282795e-03 
 1.754041e+01 -4.676419e-03 
 1.754080e+01 -4.068469e-03 
 1.754120e+01 -3.448271e-03 
 1.754160e+01 -2.816633e-03 
 1.754200e+01 -2.177690e-03 
 1.754239e+01 -1.548916e-03 
 1.754279e+01 -9.392299e-04 
 1.754319e+01 -3.476921e-04 
 1.754359e+01  2.302101e-04 
 1.754398e+01  7.972874e-04 
 1.754438e+01  1.353521e-03 
 1.754478e+01  1.895728e-03 
 1.754518e+01  2.417569e-03 
 1.754558e+01  2.916976e-03 
 1.754597e+01  3.391233e-03 
 1.754637e+01  3.833054e-03 
 1.754677e+01  4.239716e-03 
 1.754717e+01  4.611162e-03 
 1.754756e+01  4.954085e-03 
 1.754796e+01  5.268218e-03 
 1.754836e+01  5.547840e-03 
 1.754876e+01  5.789225e-03 
 1.754915e+01  5.990143e-03 
 1.754955e+01  6.154956e-03 
 1.754995e+01  6.291302e-03 
 1.755035e+01  6.397726e-03 
 1.755075e+01  6.470792e-03 
 1.755114e+01  6.503058e-03 
 1.755154e+01  6.485535e-03 
 1.755194e+01  6.408998e-03 
 1.755234e+01  6.264479e-03 
 1.755273e+01  6.045459e-03 
 1.755313e+01  5.748142e-03 
 1.755353e+01  5.386829e-03 
 1.755393e+01  4.969405e-03 
 1.755432e+01  4.503005e-03 
 1.755472e+01  3.993158e-03 
 1.755512e+01  3.446279e-03 
 1.755552e+01  2.873640e-03 
 1.755592e+01  2.285508e-03 
 1.755631e+01  1.690767e-03 
 1.755671e+01  1.091735e-03 
 1.755711e+01  4.895680e-04 
 1.755751e+01 -1.202705e-04 
 1.755790e+01 -7.441730e-04 
 1.755830e+01 -1.391656e-03 
 1.755870e+01 -2.067387e-03 
 1.755910e+01 -2.774514e-03 
 1.755949e+01 -3.504311e-03 
 1.755989e+01 -4.248131e-03 
 1.756029e+01 -4.999273e-03 
 1.756069e+01 -5.759557e-03 
 1.756109e+01 -6.532006e-03 
 1.756148e+01 -7.322665e-03 
 1.756188e+01 -8.130187e-03 
 1.756228e+01 -8.945791e-03 
 1.756268e+01 -9.761258e-03 
 1.756307e+01 -1.057159e-02 
 1.756347e+01 -1.137374e-02 
 1.756387e+01 -1.216605e-02 
 1.756427e+01 -1.295229e-02 
 1.756466e+01 -1.374355e-02 
 1.756506e+01 -1.454966e-02 
 1.756546e+01 -1.537396e-02 
 1.756586e+01 -1.621283e-02 
 1.756626e+01 -1.706139e-02 
 1.756665e+01 -1.791775e-02 
 1.756705e+01 -1.878854e-02 
 1.756745e+01 -1.968149e-02 
 1.756785e+01 -2.060302e-02 
 1.756824e+01 -2.155194e-02 
 1.756864e+01 -2.252277e-02 
 1.756904e+01 -2.351092e-02 
 1.756944e+01 -2.450907e-02 
 1.756983e+01 -2.551188e-02 
 1.757023e+01 -2.651394e-02 
 1.757063e+01 -2.751915e-02 
 1.757103e+01 -2.853037e-02 
 1.757143e+01 -2.954818e-02 
 1.757182e+01 -3.056945e-02 
 1.757222e+01 -3.158003e-02 
 1.757262e+01 -3.256321e-02 
 1.757302e+01 -3.350917e-02 
 1.757341e+01 -3.441105e-02 
 1.757381e+01 -3.526647e-02 
 1.757421e+01 -3.607164e-02 
 1.757461e+01 -3.681720e-02 
 1.757500e+01 -3.749896e-02 
 1.757540e+01 -3.811438e-02 
 1.757580e+01 -3.867102e-02 
 1.757620e+01 -3.917802e-02 
 1.757660e+01 -3.964690e-02 
 1.757699e+01 -4.008691e-02 
 1.757739e+01 -4.050660e-02 
 1.757779e+01 -4.090896e-02 
 1.757819e+01 -4.129004e-02 
 1.757858e+01 -4.164556e-02 
 1.757898e+01 -4.197253e-02 
 1.757938e+01 -4.226932e-02 
 1.757978e+01 -4.254004e-02 
 1.758017e+01 -4.278581e-02 
 1.758057e+01 -4.300415e-02 
 1.758097e+01 -4.318011e-02 
 1.758137e+01 -4.330590e-02 
 1.758177e+01 -4.337662e-02 
 1.758216e+01 -4.339000e-02 
 1.758256e+01 -4.334292e-02 
 1.758296e+01 -4.324227e-02 
 1.758336e+01 -4.309528e-02 
 1.758375e+01 -4.290812e-02 
 1.758415e+01 -4.268787e-02 
 1.758455e+01 -4.243514e-02 
 1.758495e+01 -4.215446e-02 
 1.758535e+01 -4.184730e-02 
 1.758574e+01 -4.152675e-02 
 1.758614e+01 -4.120512e-02 
 1.758654e+01 -4.089330e-02 
 1.758694e+01 -4.059381e-02 
 1.758733e+01 -4.030393e-02 
 1.758773e+01 -4.001762e-02 
 1.758813e+01 -3.972362e-02 
 1.758853e+01 -3.941270e-02 
 1.758892e+01 -3.907188e-02 
 1.758932e+01 -3.869531e-02 
 1.758972e+01 -3.827382e-02 
 1.759012e+01 -3.780733e-02 
 1.759052e+01 -3.728830e-02 
 1.759091e+01 -3.671429e-02 
 1.759131e+01 -3.607776e-02 
 1.759171e+01 -3.537933e-02 
 1.759211e+01 -3.463140e-02 
 1.759250e+01 -3.384390e-02 
 1.759290e+01 -3.302950e-02 
 1.759330e+01 -3.219857e-02 
 1.759370e+01 -3.135991e-02 
 1.759409e+01 -3.052817e-02 
 1.759449e+01 -2.971855e-02 
 1.759489e+01 -2.894385e-02 
 1.759529e+01 -2.821580e-02 
 1.759569e+01 -2.754169e-02 
 1.759608e+01 -2.692879e-02 
 1.759648e+01 -2.638560e-02 
 1.759688e+01 -2.590776e-02 
 1.759728e+01 -2.548897e-02 
 1.759767e+01 -2.512357e-02 
 1.759807e+01 -2.480978e-02 
 1.759847e+01 -2.454685e-02 
 1.759887e+01 -2.432730e-02 
 1.759926e+01 -2.413644e-02 
 1.759966e+01 -2.396125e-02 
 1.760006e+01 -2.379238e-02 
 1.760046e+01 -2.362305e-02 
 1.760086e+01 -2.345383e-02 
 1.760125e+01 -2.328164e-02 
 1.760165e+01 -2.310891e-02 
 1.760205e+01 -2.294290e-02 
 1.760245e+01 -2.279428e-02 
 1.760284e+01 -2.267265e-02 
 1.760324e+01 -2.258441e-02 
 1.760364e+01 -2.253069e-02 
 1.760404e+01 -2.250930e-02 
 1.760443e+01 -2.252532e-02 
 1.760483e+01 -2.257967e-02 
 1.760523e+01 -2.267383e-02 
 1.760563e+01 -2.280501e-02 
 1.760603e+01 -2.296447e-02 
 1.760642e+01 -2.314336e-02 
 1.760682e+01 -2.333088e-02 
 1.760722e+01 -2.351783e-02 
 1.760762e+01 -2.369429e-02 
 1.760801e+01 -2.384646e-02 
 1.760841e+01 -2.396745e-02 
 1.760881e+01 -2.405731e-02 
 1.760921e+01 -2.411348e-02 
 1.760960e+01 -2.413331e-02 
 1.761000e+01 -2.411434e-02 
 1.761040e+01 -2.406118e-02 
 1.761080e+01 -2.397756e-02 
 1.761120e+01 -2.388026e-02 
 1.761159e+01 -2.378021e-02 
 1.761199e+01 -2.368677e-02 
 1.761239e+01 -2.361185e-02 
 1.761279e+01 -2.356405e-02 
 1.761318e+01 -2.355511e-02 
 1.761358e+01 -2.358080e-02 
 1.761398e+01 -2.363578e-02 
 1.761438e+01 -2.371076e-02 
 1.761477e+01 -2.380660e-02 
 1.761517e+01 -2.391599e-02 
 1.761557e+01 -2.403548e-02 
 1.761597e+01 -2.416135e-02 
 1.761637e+01 -2.429020e-02 
 1.761676e+01 -2.441519e-02 
 1.761716e+01 -2.453033e-02 
 1.761756e+01 -2.462512e-02 
 1.761796e+01 -2.468737e-02 
 1.761835e+01 -2.470667e-02 
 1.761875e+01 -2.467779e-02 
 1.761915e+01 -2.460372e-02 
 1.761955e+01 -2.448715e-02 
 1.761994e+01 -2.433010e-02 
 1.762034e+01 -2.413337e-02 
 1.762074e+01 -2.389710e-02 
 1.762114e+01 -2.362686e-02 
 1.762154e+01 -2.332381e-02 
 1.762193e+01 -2.299768e-02 
 1.762233e+01 -2.265454e-02 
 1.762273e+01 -2.229783e-02 
 1.762313e+01 -2.193612e-02 
 1.762352e+01 -2.156815e-02 
 1.762392e+01 -2.119559e-02 
 1.762432e+01 -2.082004e-02 
 1.762472e+01 -2.043507e-02 
 1.762511e+01 -2.003839e-02 
 1.762551e+01 -1.963377e-02 
 1.762591e+01 -1.921728e-02 
 1.762631e+01 -1.878338e-02 
 1.762671e+01 -1.832542e-02 
 1.762710e+01 -1.784252e-02 
 1.762750e+01 -1.733294e-02 
 1.762790e+01 -1.680966e-02 
 1.762830e+01 -1.627988e-02 
 1.762869e+01 -1.574626e-02 
 1.762909e+01 -1.521064e-02 
 1.762949e+01 -1.467398e-02 
 1.762989e+01 -1.414093e-02 
 1.763028e+01 -1.361373e-02 
 1.763068e+01 -1.309814e-02 
 1.763108e+01 -1.260476e-02 
 1.763148e+01 -1.214696e-02 
 1.763188e+01 -1.173077e-02 
 1.763227e+01 -1.135125e-02 
 1.763267e+01 -1.099704e-02 
 1.763307e+01 -1.063935e-02 
 1.763347e+01 -1.025711e-02 
 1.763386e+01 -9.836764e-03 
 1.763426e+01 -9.376595e-03 
 1.763466e+01 -8.876582e-03 
 1.763506e+01 -8.336184e-03 
 1.763545e+01 -7.763068e-03 
 1.763585e+01 -7.156826e-03 
 1.763625e+01 -6.516948e-03 
 1.763665e+01 -5.840505e-03 
 1.763705e+01 -5.130672e-03 
 1.763744e+01 -4.395938e-03 
 1.763784e+01 -3.652286e-03 
 1.763824e+01 -2.915875e-03 
 1.763864e+01 -2.195770e-03 
 1.763903e+01 -1.486115e-03 
 1.763943e+01 -7.815343e-04 
 1.763983e+01 -7.964662e-05 
 1.764023e+01  6.163628e-04 
 1.764062e+01  1.298525e-03 
 1.764102e+01  1.962111e-03 
 1.764142e+01  2.600775e-03 
 1.764182e+01  3.210244e-03 
 1.764222e+01  3.791277e-03 
 1.764261e+01  4.347070e-03 
 1.764301e+01  4.881635e-03 
 1.764341e+01  5.395413e-03 
 1.764381e+01  5.885445e-03 
 1.764420e+01  6.336456e-03 
 1.764460e+01  6.739210e-03 
 1.764500e+01  7.090926e-03 
 1.764540e+01  7.395784e-03 
 1.764579e+01  7.652785e-03 
 1.764619e+01  7.861506e-03 
 1.764659e+01  8.010019e-03 
 1.764699e+01  8.098293e-03 
 1.764739e+01  8.121287e-03 
 1.764778e+01  8.076474e-03 
 1.764818e+01  7.962258e-03 
 1.764858e+01  7.781844e-03 
 1.764898e+01  7.537407e-03 
 1.764937e+01  7.238237e-03 
 1.764977e+01  6.886554e-03 
 1.765017e+01  6.478393e-03 
 1.765057e+01  6.011738e-03 
 1.765096e+01  5.488562e-03 
 1.765136e+01  4.921994e-03 
 1.765176e+01  4.332146e-03 
 1.765216e+01  3.740502e-03 
 1.765256e+01  3.161542e-03 
 1.765295e+01  2.596765e-03 
 1.765335e+01  2.048116e-03 
 1.765375e+01  1.505635e-03 
 1.765415e+01  9.589653e-04 
 1.765454e+01  3.899520e-04 
 1.765494e+01 -2.042474e-04 
 1.765534e+01 -8.291108e-04 
 1.765574e+01 -1.482825e-03 
 1.765613e+01 -2.173173e-03 
 1.765653e+01 -2.911301e-03 
 1.765693e+01 -3.707769e-03 
 1.765733e+01 -4.569394e-03 
 1.765773e+01 -5.484705e-03 
 1.765812e+01 -6.435100e-03 
 1.765852e+01 -7.401217e-03 
 1.765892e+01 -8.367343e-03 
 1.765932e+01 -9.322567e-03 
 1.765971e+01 -1.026234e-02 
 1.766011e+01 -1.119208e-02 
 1.766051e+01 -1.212141e-02 
 1.766091e+01 -1.305606e-02 
 1.766130e+01 -1.399438e-02 
 1.766170e+01 -1.493052e-02 
 1.766210e+01 -1.585662e-02 
 1.766250e+01 -1.677419e-02 
 1.766290e+01 -1.769174e-02 
 1.766329e+01 -1.861943e-02 
 1.766369e+01 -1.956159e-02 
 1.766409e+01 -2.051914e-02 
 1.766449e+01 -2.148427e-02 
 1.766488e+01 -2.244219e-02 
 1.766528e+01 -2.338089e-02 
 1.766568e+01 -2.428723e-02 
 1.766608e+01 -2.515633e-02 
 1.766647e+01 -2.598789e-02 
 1.766687e+01 -2.678657e-02 
 1.766727e+01 -2.755337e-02 
 1.766767e+01 -2.828588e-02 
 1.766807e+01 -2.897038e-02 
 1.766846e+01 -2.959791e-02 
 1.766886e+01 -3.016744e-02 
 1.766926e+01 -3.068541e-02 
 1.766966e+01 -3.115812e-02 
 1.767005e+01 -3.159494e-02 
 1.767045e+01 -3.199385e-02 
 1.767085e+01 -3.235720e-02 
 1.767125e+01 -3.268334e-02 
 1.767164e+01 -3.297191e-02 
 1.767204e+01 -3.321964e-02 
 1.767244e+01 -3.343235e-02 
 1.767284e+01 -3.362250e-02 
 1.767324e+01 -3.380481e-02 
 1.767363e+01 -3.399052e-02 
 1.767403e+01 -3.417972e-02 
 1.767443e+01 -3.436767e-02 
 1.767483e+01 -3.455291e-02 
 1.767522e+01 -3.474258e-02 
 1.767562e+01 -3.494326e-02 
 1.767602e+01 -3.516044e-02 
 1.767642e+01 -3.538974e-02 
 1.767682e+01 -3.562348e-02 
 1.767721e+01 -3.584696e-02 
 1.767761e+01 -3.604468e-02 
 1.767801e+01 -3.620082e-02 
 1.767841e+01 -3.630325e-02 
 1.767880e+01 -3.635134e-02 
 1.767920e+01 -3.635964e-02 
 1.767960e+01 -3.634512e-02 
 1.768000e+01 -3.631820e-02 
 1.768039e+01 -3.628391e-02 
 1.768079e+01 -3.623780e-02 
 1.768119e+01 -3.617816e-02 
 1.768159e+01 -3.610490e-02 
 1.768199e+01 -3.602933e-02 
 1.768238e+01 -3.596342e-02 
 1.768278e+01 -3.592091e-02 
 1.768318e+01 -3.590244e-02 
 1.768358e+01 -3.589896e-02 
 1.768397e+01 -3.588724e-02 
 1.768437e+01 -3.584134e-02 
 1.768477e+01 -3.573769e-02 
 1.768517e+01 -3.556126e-02 
 1.768556e+01 -3.531758e-02 
 1.768596e+01 -3.501571e-02 
 1.768636e+01 -3.466776e-02 
 1.768676e+01 -3.428176e-02 
 1.768716e+01 -3.386044e-02 
 1.768755e+01 -3.340711e-02 
 1.768795e+01 -3.292115e-02 
 1.768835e+01 -3.241178e-02 
 1.768875e+01 -3.189512e-02 
 1.768914e+01 -3.138496e-02 
 1.768954e+01 -3.089648e-02 
 1.768994e+01 -3.044227e-02 
 1.769034e+01 -3.001886e-02 
 1.769073e+01 -2.962086e-02 
 1.769113e+01 -2.924304e-02 
 1.769153e+01 -2.888505e-02 
 1.769193e+01 -2.855445e-02 
 1.769233e+01 -2.826070e-02 
 1.769272e+01 -2.801058e-02 
 1.769312e+01 -2.780018e-02 
 1.769352e+01 -2.762130e-02 
 1.769392e+01 -2.746282e-02 
 1.769431e+01 -2.731730e-02 
 1.769471e+01 -2.717945e-02 
 1.769511e+01 -2.704447e-02 
 1.769551e+01 -2.691357e-02 
 1.769590e+01 -2.678682e-02 
 1.769630e+01 -2.665352e-02 
 1.769670e+01 -2.649855e-02 
 1.769710e+01 -2.631045e-02 
 1.769750e+01 -2.607889e-02 
 1.769789e+01 -2.580958e-02 
 1.769829e+01 -2.551934e-02 
 1.769869e+01 -2.523637e-02 
 1.769909e+01 -2.498445e-02 
 1.769948e+01 -2.477477e-02 
 1.769988e+01 -2.461176e-02 
 1.770028e+01 -2.449939e-02 
 1.770068e+01 -2.443655e-02 
 1.770107e+01 -2.442518e-02 
 1.770147e+01 -2.446991e-02 
 1.770187e+01 -2.457308e-02 
 1.770227e+01 -2.472856e-02 
 1.770267e+01 -2.492432e-02 
 1.770306e+01 -2.513522e-02 
 1.770346e+01 -2.532885e-02 
 1.770386e+01 -2.547992e-02 
 1.770426e+01 -2.557989e-02 
 1.770465e+01 -2.563866e-02 
 1.770505e+01 -2.567474e-02 
 1.770545e+01 -2.570865e-02 
 1.770585e+01 -2.575470e-02 
 1.770624e+01 -2.581669e-02 
 1.770664e+01 -2.589979e-02 
 1.770704e+01 -2.600400e-02 
 1.770744e+01 -2.613683e-02 
 1.770784e+01 -2.630875e-02 
 1.770823e+01 -2.653507e-02 
 1.770863e+01 -2.682689e-02 
 1.770903e+01 -2.718033e-02 
 1.770943e+01 -2.757582e-02 
 1.770982e+01 -2.798766e-02 
 1.771022e+01 -2.839276e-02 
 1.771062e+01 -2.877470e-02 
 1.771102e+01 -2.913616e-02 
 1.771141e+01 -2.948260e-02 
 1.771181e+01 -2.981364e-02 
 1.771221e+01 -3.012586e-02 
 1.771261e+01 -3.040585e-02 
 1.771301e+01 -3.063439e-02 
 1.771340e+01 -3.079877e-02 
 1.771380e+01 -3.089166e-02 
 1.771420e+01 -3.091569e-02 
 1.771460e+01 -3.088353e-02 
 1.771499e+01 -3.080892e-02 
 1.771539e+01 -3.070067e-02 
 1.771579e+01 -3.055844e-02 
 1.771619e+01 -3.036814e-02 
 1.771658e+01 -3.012276e-02 
 1.771698e+01 -2.982414e-02 
 1.771738e+01 -2.948138e-02 
 1.771778e+01 -2.911114e-02 
 1.771818e+01 -2.872718e-02 
 1.771857e+01 -2.834105e-02 
 1.771897e+01 -2.795654e-02 
 1.771937e+01 -2.757421e-02 
 1.771977e+01 -2.718748e-02 
 1.772016e+01 -2.678796e-02 
 1.772056e+01 -2.637318e-02 
 1.772096e+01 -2.594744e-02 
 1.772136e+01 -2.551107e-02 
 1.772175e+01 -2.505273e-02 
 1.772215e+01 -2.455499e-02 
 1.772255e+01 -2.399689e-02 
 1.772295e+01 -2.336865e-02 
 1.772335e+01 -2.267496e-02 
 1.772374e+01 -2.193533e-02 
 1.772414e+01 -2.117158e-02 
 1.772454e+01 -2.039908e-02 
 1.772494e+01 -1.963314e-02 
 1.772533e+01 -1.887896e-02 
 1.772573e+01 -1.813359e-02 
 1.772613e+01 -1.739266e-02 
 1.772653e+01 -1.665754e-02 
 1.772692e+01 -1.593754e-02 
 1.772732e+01 -1.524465e-02 
 1.772772e+01 -1.458035e-02 
 1.772812e+01 -1.393746e-02 
 1.772852e+01 -1.329212e-02 
 1.772891e+01 -1.261685e-02 
 1.772931e+01 -1.189200e-02 
 1.772971e+01 -1.111398e-02 
 1.773011e+01 -1.029114e-02 
 1.773050e+01 -9.436164e-03 
 1.773090e+01 -8.567121e-03 
 1.773130e+01 -7.699994e-03 
 1.773170e+01 -6.841083e-03 
 1.773209e+01 -5.985602e-03 
 1.773249e+01 -5.129326e-03 
 1.773289e+01 -4.269159e-03 
 1.773329e+01 -3.414726e-03 
 1.773369e+01 -2.586346e-03 
 1.773408e+01 -1.802803e-03 
 1.773448e+01 -1.072507e-03 
 1.773488e+01 -3.925662e-04 
 1.773528e+01  2.460306e-04 
 1.773567e+01  8.564584e-04 
 1.773607e+01  1.445212e-03 
 1.773647e+01  2.020100e-03 
 1.773687e+01  2.571805e-03 
 1.773726e+01  3.087060e-03 
 1.773766e+01  3.555203e-03 
 1.773806e+01  3.965487e-03 
 1.773846e+01  4.317579e-03 
 1.773886e+01  4.619888e-03 
 1.773925e+01  4.877709e-03 
 1.773965e+01  5.091185e-03 
 1.774005e+01  5.258491e-03 
 1.774045e+01  5.383855e-03 
 1.774084e+01  5.477275e-03 
 1.774124e+01  5.549810e-03 
 1.774164e+01  5.611542e-03 
 1.774204e+01  5.671791e-03 
 1.774243e+01  5.732292e-03 
 1.774283e+01  5.786862e-03 
 1.774323e+01  5.827346e-03 
 1.774363e+01  5.840133e-03 
 1.774403e+01  5.812211e-03 
 1.774442e+01  5.737433e-03 
 1.774482e+01  5.623018e-03 
 1.774522e+01  5.477386e-03 
 1.774562e+01  5.310113e-03 
 1.774601e+01  5.123536e-03 
 1.774641e+01  4.919499e-03 
 1.774681e+01  4.700317e-03 
 1.774721e+01  4.473082e-03 
 1.774760e+01  4.246110e-03 
 1.774800e+01  4.031346e-03 
 1.774840e+01  3.835981e-03 
 1.774880e+01  3.661246e-03 
 1.774920e+01  3.500409e-03 
 1.774959e+01  3.339235e-03 
 1.774999e+01  3.152029e-03 
 1.775039e+01  2.912740e-03 
 1.775079e+01  2.607387e-03 
 1.775118e+01  2.232209e-03 
 1.775158e+01  1.786871e-03 
 1.775198e+01  1.272583e-03 
 1.775238e+01  6.936695e-04 
 1.775277e+01  4.598825e-05 
 1.775317e+01 -6.710172e-04 
 1.775357e+01 -1.450980e-03 
 1.775397e+01 -2.282224e-03 
 1.775437e+01 -3.147772e-03 
 1.775476e+01 -4.021436e-03 
 1.775516e+01 -4.885786e-03 
 1.775556e+01 -5.733619e-03 
 1.775596e+01 -6.572165e-03 
 1.775635e+01 -7.417593e-03 
 1.775675e+01 -8.285791e-03 
 1.775715e+01 -9.185496e-03 
 1.775755e+01 -1.011440e-02 
 1.775794e+01 -1.105851e-02 
 1.775834e+01 -1.200288e-02 
 1.775874e+01 -1.294068e-02 
 1.775914e+01 -1.387253e-02 
 1.775954e+01 -1.480543e-02 
 1.775993e+01 -1.574341e-02 
 1.776033e+01 -1.669183e-02 
 1.776073e+01 -1.764015e-02 
 1.776113e+01 -1.857005e-02 
 1.776152e+01 -1.947126e-02 
 1.776192e+01 -2.032856e-02 
 1.776232e+01 -2.114545e-02 
 1.776272e+01 -2.193463e-02 
 1.776311e+01 -2.271094e-02 
 1.776351e+01 -2.347920e-02 
 1.776391e+01 -2.423074e-02 
 1.776431e+01 -2.494932e-02 
 1.776471e+01 -2.562044e-02 
 1.776510e+01 -2.623423e-02 
 1.776550e+01 -2.679339e-02 
 1.776590e+01 -2.730215e-02 
 1.776630e+01 -2.777135e-02 
 1.776669e+01 -2.821252e-02 
 1.776709e+01 -2.863242e-02 
 1.776749e+01 -2.903223e-02 
 1.776789e+01 -2.940907e-02 
 1.776829e+01 -2.976431e-02 
 1.776868e+01 -3.010362e-02 
 1.776908e+01 -3.044615e-02 
 1.776948e+01 -3.080302e-02 
 1.776988e+01 -3.117980e-02 
 1.777027e+01 -3.157405e-02 
 1.777067e+01 -3.197379e-02 
 1.777107e+01 -3.236668e-02 
 1.777147e+01 -3.273820e-02 
 1.777186e+01 -3.307795e-02 
 1.777226e+01 -3.337451e-02 
 1.777266e+01 -3.361655e-02 
 1.777306e+01 -3.379344e-02 
 1.777346e+01 -3.389010e-02 
 1.777385e+01 -3.389384e-02 
 1.777425e+01 -3.379566e-02 
 1.777465e+01 -3.359998e-02 
 1.777505e+01 -3.333068e-02 
 1.777544e+01 -3.301897e-02 
 1.777584e+01 -3.268986e-02 
 1.777624e+01 -3.236083e-02 
 1.777664e+01 -3.203701e-02 
 1.777703e+01 -3.171048e-02 
 1.777743e+01 -3.137837e-02 
 1.777783e+01 -3.104317e-02 
 1.777823e+01 -3.070713e-02 
 1.777863e+01 -3.037657e-02 
 1.777902e+01 -3.006139e-02 
 1.777942e+01 -2.976411e-02 
 1.777982e+01 -2.947274e-02 
 1.778022e+01 -2.916683e-02 
 1.778061e+01 -2.882485e-02 
 1.778101e+01 -2.843539e-02 
 1.778141e+01 -2.800109e-02 
 1.778181e+01 -2.754301e-02 
 1.778220e+01 -2.708219e-02 
 1.778260e+01 -2.663758e-02 
 1.778300e+01 -2.621962e-02 
 1.778340e+01 -2.582622e-02 
 1.778380e+01 -2.545408e-02 
 1.778419e+01 -2.510116e-02 
 1.778459e+01 -2.476446e-02 
 1.778499e+01 -2.445381e-02 
 1.778539e+01 -2.418893e-02 
 1.778578e+01 -2.398320e-02 
 1.778618e+01 -2.383965e-02 
 1.778658e+01 -2.375190e-02 
 1.778698e+01 -2.370596e-02 
 1.778737e+01 -2.369167e-02 
 1.778777e+01 -2.371235e-02 
 1.778817e+01 -2.377290e-02 
 1.778857e+01 -2.387886e-02 
 1.778897e+01 -2.402900e-02 
 1.778936e+01 -2.421423e-02 
 1.778976e+01 -2.441882e-02 
 1.779016e+01 -2.462468e-02 
 1.779056e+01 -2.481374e-02 
 1.779095e+01 -2.497030e-02 
 1.779135e+01 -2.509113e-02 
 1.779175e+01 -2.518008e-02 
 1.779215e+01 -2.523650e-02 
 1.779254e+01 -2.526126e-02 
 1.779294e+01 -2.524743e-02 
 1.779334e+01 -2.519371e-02 
 1.779374e+01 -2.510971e-02 
 1.779414e+01 -2.502304e-02 
 1.779453e+01 -2.496127e-02 
 1.779493e+01 -2.494695e-02 
 1.779533e+01 -2.499601e-02 
 1.779573e+01 -2.511586e-02 
 1.779612e+01 -2.530212e-02 
 1.779652e+01 -2.555164e-02 
 1.779692e+01 -2.585069e-02 
 1.779732e+01 -2.618343e-02 
 1.779771e+01 -2.654505e-02 
 1.779811e+01 -2.693014e-02 
 1.779851e+01 -2.733177e-02 
 1.779891e+01 -2.773208e-02 
 1.779931e+01 -2.811605e-02 
 1.779970e+01 -2.847007e-02 
 1.780010e+01 -2.878747e-02 
 1.780050e+01 -2.907622e-02 
 1.780090e+01 -2.934846e-02 
 1.780129e+01 -2.961590e-02 
 1.780169e+01 -2.988838e-02 
 1.780209e+01 -3.016844e-02 
 1.780249e+01 -3.045609e-02 
 1.780288e+01 -3.074472e-02 
 1.780328e+01 -3.103254e-02 
 1.780368e+01 -3.131831e-02 
 1.780408e+01 -3.161848e-02 
 1.780448e+01 -3.194083e-02 
 1.780487e+01 -3.228719e-02 
 1.780527e+01 -3.265135e-02 
 1.780567e+01 -3.301564e-02 
 1.780607e+01 -3.336237e-02 
 1.780646e+01 -3.367722e-02 
 1.780686e+01 -3.395597e-02 
 1.780726e+01 -3.419723e-02 
 1.780766e+01 -3.440868e-02 
 1.780805e+01 -3.459423e-02 
 1.780845e+01 -3.475255e-02 
 1.780885e+01 -3.487754e-02 
 1.780925e+01 -3.495360e-02 
 1.780965e+01 -3.496329e-02 
 1.781004e+01 -3.489702e-02 
 1.781044e+01 -3.475824e-02 
 1.781084e+01 -3.456025e-02 
 1.781124e+01 -3.431995e-02 
 1.781163e+01 -3.405249e-02 
 1.781203e+01 -3.377194e-02 
 1.781243e+01 -3.348483e-02 
 1.781283e+01 -3.319816e-02 
 1.781322e+01 -3.291520e-02 
 1.781362e+01 -3.263677e-02 
 1.781402e+01 -3.237147e-02 
 1.781442e+01 -3.212532e-02 
 1.781482e+01 -3.190640e-02 
 1.781521e+01 -3.170902e-02 
 1.781561e+01 -3.151659e-02 
 1.781601e+01 -3.130978e-02 
 1.781641e+01 -3.106720e-02 
 1.781680e+01 -3.077779e-02 
 1.781720e+01 -3.043668e-02 
 1.781760e+01 -3.004367e-02 
 1.781800e+01 -2.959931e-02 
 1.781839e+01 -2.909933e-02 
 1.781879e+01 -2.854533e-02 
 1.781919e+01 -2.793455e-02 
 1.781959e+01 -2.726908e-02 
 1.781999e+01 -2.655391e-02 
 1.782038e+01 -2.579575e-02 
 1.782078e+01 -2.500670e-02 
 1.782118e+01 -2.419201e-02 
 1.782158e+01 -2.335435e-02 
 1.782197e+01 -2.249053e-02 
 1.782237e+01 -2.159587e-02 
 1.782277e+01 -2.067394e-02 
 1.782317e+01 -1.973004e-02 
 1.782356e+01 -1.876970e-02 
 1.782396e+01 -1.779554e-02 
 1.782436e+01 -1.679946e-02 
 1.782476e+01 -1.576905e-02 
 1.782516e+01 -1.469136e-02 
 1.782555e+01 -1.356232e-02 
 1.782595e+01 -1.238253e-02 
 1.782635e+01 -1.116662e-02 
 1.782675e+01 -9.935207e-03 
 1.782714e+01 -8.710135e-03 
 1.782754e+01 -7.512543e-03 
 1.782794e+01 -6.348911e-03 
 1.782834e+01 -5.216377e-03 
 1.782873e+01 -4.107019e-03 
 1.782913e+01 -3.020888e-03 
 1.782953e+01 -1.957991e-03 
 1.782993e+01 -9.330646e-04 
 1.783033e+01  3.939934e-05 
 1.783072e+01  9.498779e-04 
 1.783112e+01  1.791253e-03 
 1.783152e+01  2.566022e-03 
 1.783192e+01  3.284267e-03 
 1.783231e+01  3.954042e-03 
 1.783271e+01  4.585462e-03 
 1.783311e+01  5.176363e-03 
 1.783351e+01  5.719936e-03 
 1.783390e+01  6.212501e-03 
 1.783430e+01  6.657907e-03 
 1.783470e+01  7.068111e-03 
 1.783510e+01  7.459694e-03 
 1.783550e+01  7.840911e-03 
 1.783589e+01  8.208854e-03 
 1.783629e+01  8.553548e-03 
 1.783669e+01  8.862439e-03 
 1.783709e+01  9.122797e-03 
 1.783748e+01  9.324182e-03 
 1.783788e+01  9.464619e-03 
 1.783828e+01  9.551703e-03 
 1.783868e+01  9.595207e-03 
 1.783907e+01  9.603224e-03 
 1.783947e+01  9.574241e-03 
 1.783987e+01  9.500895e-03 
 1.784027e+01  9.377896e-03 
 1.784067e+01  9.207278e-03 
 1.784106e+01  9.000485e-03 
 1.784146e+01  8.764860e-03 
 1.784186e+01  8.504840e-03 
 1.784226e+01  8.222640e-03 
 1.784265e+01  7.915208e-03 
 1.784305e+01  7.582867e-03 
 1.784345e+01  7.223476e-03 
 1.784385e+01  6.837221e-03 
 1.784424e+01  6.424527e-03 
 1.784464e+01  5.988533e-03 
 1.784504e+01  5.527882e-03 
 1.784544e+01  5.028982e-03 
 1.784584e+01  4.477312e-03 
 1.784623e+01  3.858926e-03 
 1.784663e+01  3.166165e-03 
 1.784703e+01  2.405334e-03 
 1.784743e+01  1.584069e-03 
 1.784782e+01  7.183521e-04 
 1.784822e+01 -1.791167e-04 
 1.784862e+01 -1.096834e-03 
 1.784902e+01 -2.028773e-03 
 1.784941e+01 -2.968123e-03 
 1.784981e+01 -3.907212e-03 
 1.785021e+01 -4.838761e-03 
 1.785061e+01 -5.752226e-03 
 1.785101e+01 -6.639182e-03 
 1.785140e+01 -7.496504e-03 
 1.785180e+01 -8.326681e-03 
 1.785220e+01 -9.133699e-03 
 1.785260e+01 -9.922304e-03 
 1.785299e+01 -1.068789e-02 
 1.785339e+01 -1.142142e-02 
 1.785379e+01 -1.211353e-02 
 1.785419e+01 -1.275889e-02 
 1.785458e+01 -1.336086e-02 
 1.785498e+01 -1.392825e-02 
 1.785538e+01 -1.448038e-02 
 1.785578e+01 -1.503625e-02 
 1.785618e+01 -1.561147e-02 
 1.785657e+01 -1.621345e-02 
 1.785697e+01 -1.683533e-02 
 1.785737e+01 -1.746123e-02 
 1.785777e+01 -1.807518e-02 
 1.785816e+01 -1.866355e-02 
 1.785856e+01 -1.922864e-02 
 1.785896e+01 -1.977121e-02 
 1.785936e+01 -2.029435e-02 
 1.785976e+01 -2.079799e-02 
 1.786015e+01 -2.128237e-02 
 1.786055e+01 -2.174218e-02 
 1.786095e+01 -2.216930e-02 
 1.786135e+01 -2.256079e-02 
 1.786174e+01 -2.292207e-02 
 1.786214e+01 -2.326500e-02 
 1.786254e+01 -2.360431e-02 
 1.786294e+01 -2.395607e-02 
 1.786333e+01 -2.432308e-02 
 1.786373e+01 -2.470331e-02 
 1.786413e+01 -2.509424e-02 
 1.786453e+01 -2.549193e-02 
 1.786493e+01 -2.589307e-02 
 1.786532e+01 -2.629388e-02 
 1.786572e+01 -2.668798e-02 
 1.786612e+01 -2.706791e-02 
 1.786652e+01 -2.742459e-02 
 1.786691e+01 -2.774606e-02 
 1.786731e+01 -2.801926e-02 
 1.786771e+01 -2.823714e-02 
 1.786811e+01 -2.839191e-02 
 1.786850e+01 -2.847660e-02 
 1.786890e+01 -2.848939e-02 
 1.786930e+01 -2.843023e-02 
 1.786970e+01 -2.829525e-02 
 1.787010e+01 -2.808662e-02 
 1.787049e+01 -2.781324e-02 
 1.787089e+01 -2.748883e-02 
 1.787129e+01 -2.712851e-02 
 1.787169e+01 -2.674845e-02 
 1.787208e+01 -2.635595e-02 
 1.787248e+01 -2.595434e-02 
 1.787288e+01 -2.554817e-02 
 1.787328e+01 -2.513987e-02 
 1.787367e+01 -2.474399e-02 
 1.787407e+01 -2.437285e-02 
 1.787447e+01 -2.403690e-02 
 1.787487e+01 -2.374344e-02 
 1.787527e+01 -2.349404e-02 
 1.787566e+01 -2.327929e-02 
 1.787606e+01 -2.308228e-02 
 1.787646e+01 -2.288116e-02 
 1.787686e+01 -2.266052e-02 
 1.787725e+01 -2.240823e-02 
 1.787765e+01 -2.212515e-02 
 1.787805e+01 -2.182181e-02 
 1.787845e+01 -2.150881e-02 
 1.787884e+01 -2.119759e-02 
 1.787924e+01 -2.089651e-02 
 1.787964e+01 -2.061232e-02 
 1.788004e+01 -2.034844e-02 
 1.788044e+01 -2.011434e-02 
 1.788083e+01 -1.991480e-02 
 1.788123e+01 -1.976709e-02 
 1.788163e+01 -1.968359e-02 
 1.788203e+01 -1.967479e-02 
 1.788242e+01 -1.974441e-02 
 1.788282e+01 -1.988706e-02 
 1.788322e+01 -2.008536e-02 
 1.788362e+01 -2.032236e-02 
 1.788401e+01 -2.058308e-02 
 1.788441e+01 -2.085467e-02 
 1.788481e+01 -2.112626e-02 
 1.788521e+01 -2.139242e-02 
 1.788561e+01 -2.164786e-02 
 1.788600e+01 -2.188141e-02 
 1.788640e+01 -2.208341e-02 
 1.788680e+01 -2.224811e-02 
 1.788720e+01 -2.237627e-02 
 1.788759e+01 -2.248239e-02 
 1.788799e+01 -2.258358e-02 
 1.788839e+01 -2.269706e-02 
 1.788879e+01 -2.283839e-02 
 1.788918e+01 -2.301414e-02 
 1.788958e+01 -2.323311e-02 
 1.788998e+01 -2.350391e-02 
 1.789038e+01 -2.383109e-02 
 1.789078e+01 -2.422186e-02 
 1.789117e+01 -2.467758e-02 
 1.789157e+01 -2.520412e-02 
 1.789197e+01 -2.580194e-02 
 1.789237e+01 -2.646720e-02 
 1.789276e+01 -2.719177e-02 
 1.789316e+01 -2.796427e-02 
 1.789356e+01 -2.877607e-02 
 1.789396e+01 -2.961837e-02 
 1.789435e+01 -3.047790e-02 
 1.789475e+01 -3.133634e-02 
 1.789515e+01 -3.217132e-02 
 1.789555e+01 -3.296517e-02 
 1.789595e+01 -3.370444e-02 
 1.789634e+01 -3.438834e-02 
 1.789674e+01 -3.501867e-02 
 1.789714e+01 -3.560189e-02 
 1.789754e+01 -3.614768e-02 
 1.789793e+01 -3.665965e-02 
 1.789833e+01 -3.714466e-02 
 1.789873e+01 -3.760516e-02 
 1.789913e+01 -3.804308e-02 
 1.789952e+01 -3.846249e-02 
 1.789992e+01 -3.887184e-02 
 1.790032e+01 -3.928359e-02 
 1.790072e+01 -3.969955e-02 
 1.790112e+01 -4.011463e-02 
 1.790151e+01 -4.051757e-02 
 1.790191e+01 -4.089204e-02 
 1.790231e+01 -4.122372e-02 
 1.790271e+01 -4.150084e-02 
 1.790310e+01 -4.171198e-02 
 1.790350e+01 -4.185608e-02 
 1.790390e+01 -4.193167e-02 
 1.790430e+01 -4.193571e-02 
 1.790469e+01 -4.186545e-02 
 1.790509e+01 -4.171608e-02 
 1.790549e+01 -4.148830e-02 
 1.790589e+01 -4.119029e-02 
 1.790629e+01 -4.083975e-02 
 1.790668e+01 -4.045482e-02 
 1.790708e+01 -4.005368e-02 
 1.790748e+01 -3.964946e-02 
 1.790788e+01 -3.925054e-02 
 1.790827e+01 -3.885525e-02 
 1.790867e+01 -3.845484e-02 
 1.790907e+01 -3.803576e-02 
 1.790947e+01 -3.759152e-02 
 1.790986e+01 -3.711520e-02 
 1.791026e+01 -3.661242e-02 
 1.791066e+01 -3.608767e-02 
 1.791106e+01 -3.554953e-02 
 1.791146e+01 -3.500117e-02 
 1.791185e+01 -3.444273e-02 
 1.791225e+01 -3.386854e-02 
 1.791265e+01 -3.326736e-02 
 1.791305e+01 -3.262937e-02 
 1.791344e+01 -3.194600e-02 
 1.791384e+01 -3.120788e-02 
 1.791424e+01 -3.041464e-02 
 1.791464e+01 -2.956417e-02 
 1.791503e+01 -2.866010e-02 
 1.791543e+01 -2.770673e-02 
 1.791583e+01 -2.670538e-02 
 1.791623e+01 -2.566144e-02 
 1.791663e+01 -2.457974e-02 
 1.791702e+01 -2.346695e-02 
 1.791742e+01 -2.233196e-02 
 1.791782e+01 -2.118340e-02 
 1.791822e+01 -2.003325e-02 
 1.791861e+01 -1.888858e-02 
 1.791901e+01 -1.776009e-02 
 1.791941e+01 -1.665322e-02 
 1.791981e+01 -1.556789e-02 
 1.792020e+01 -1.450097e-02 
 1.792060e+01 -1.344237e-02 
 1.792100e+01 -1.238595e-02 
 1.792140e+01 -1.133037e-02 
 1.792180e+01 -1.027718e-02 
 1.792219e+01 -9.231143e-03 
 1.792259e+01 -8.200562e-03 
 1.792299e+01 -7.194624e-03 
 1.792339e+01 -6.217723e-03 
 1.792378e+01 -5.275156e-03 
 1.792418e+01 -4.367989e-03 
 1.792458e+01 -3.501560e-03 
 1.792498e+01 -2.685768e-03 
 1.792537e+01 -1.933521e-03 
 1.792577e+01 -1.258868e-03 
 1.792617e+01 -6.674563e-04 
 1.792657e+01 -1.487357e-04 
 1.792697e+01  3.138988e-04 
 1.792736e+01  7.425391e-04 
 1.792776e+01  1.159310e-03 
 1.792816e+01  1.584843e-03 
 1.792856e+01  2.036009e-03 
 1.792895e+01  2.515121e-03 
 1.792935e+01  3.020089e-03 
 1.792975e+01  3.538582e-03 
 1.793015e+01  4.060989e-03 
 1.793054e+01  4.576521e-03 
 1.793094e+01  5.072806e-03 
 1.793134e+01  5.541879e-03 
 1.793174e+01  5.976292e-03 
 1.793214e+01  6.371799e-03 
 1.793253e+01  6.728699e-03 
 1.793293e+01  7.049368e-03 
 1.793333e+01  7.332985e-03 
 1.793373e+01  7.579663e-03 
 1.793412e+01  7.788641e-03 
 1.793452e+01  7.961736e-03 
 1.793492e+01  8.098861e-03 
 1.793532e+01  8.196320e-03 
 1.793571e+01  8.253248e-03 
 1.793611e+01  8.270554e-03 
 1.793651e+01  8.251632e-03 
 1.793691e+01  8.194670e-03 
 1.793731e+01  8.101008e-03 
 1.793770e+01  7.967770e-03 
 1.793810e+01  7.794768e-03 
 1.793850e+01  7.585426e-03 
 1.793890e+01  7.340008e-03 
 1.793929e+01  7.056805e-03 
 1.793969e+01  6.734818e-03 
 1.794009e+01  6.367213e-03 
 1.794049e+01  5.949200e-03 
 1.794088e+01  5.479895e-03 
 1.794128e+01  4.956574e-03 
 1.794168e+01  4.378003e-03 
 1.794208e+01  3.747092e-03 
 1.794248e+01  3.062744e-03 
 1.794287e+01  2.326834e-03 
 1.794327e+01  1.540191e-03 
 1.794367e+01  7.018316e-04 
 1.794407e+01 -1.901888e-04 
 1.794446e+01 -1.131192e-03 
 1.794486e+01 -2.108845e-03 
 1.794526e+01 -3.103656e-03 
 1.794566e+01 -4.096323e-03 
 1.794605e+01 -5.059366e-03 
 1.794645e+01 -5.969823e-03 
 1.794685e+01 -6.805435e-03 
 1.794725e+01 -7.556131e-03 
 1.794765e+01 -8.220193e-03 
 1.794804e+01 -8.808683e-03 
 1.794844e+01 -9.340718e-03 
 1.794884e+01 -9.835154e-03 
 1.794924e+01 -1.030638e-02 
 1.794963e+01 -1.077010e-02 
 1.795003e+01 -1.123727e-02 
 1.795043e+01 -1.172303e-02 
 1.795083e+01 -1.223495e-02 
 1.795123e+01 -1.277768e-02 
 1.795162e+01 -1.336005e-02 
 1.795202e+01 -1.397939e-02 
 1.795242e+01 -1.462804e-02 
 1.795282e+01 -1.528775e-02 
 1.795321e+01 -1.593652e-02 
 1.795361e+01 -1.655416e-02 
 1.795401e+01 -1.712941e-02 
 1.795441e+01 -1.766045e-02 
 1.795480e+01 -1.814689e-02 
 1.795520e+01 -1.859078e-02 
 1.795560e+01 -1.899650e-02 
 1.795600e+01 -1.936148e-02 
 1.795640e+01 -1.968564e-02 
 1.795679e+01 -1.996617e-02 
 1.795719e+01 -2.020590e-02 
 1.795759e+01 -2.040999e-02 
 1.795799e+01 -2.058860e-02 
 1.795838e+01 -2.075557e-02 
 1.795878e+01 -2.091386e-02 
 1.795918e+01 -2.106786e-02 
 1.795958e+01 -2.121022e-02 
 1.795997e+01 -2.132592e-02 
 1.796037e+01 -2.140693e-02 
 1.796077e+01 -2.144239e-02 
 1.796117e+01 -2.142820e-02 
 1.796157e+01 -2.136466e-02 
 1.796196e+01 -2.125648e-02 
 1.796236e+01 -2.111277e-02 
 1.796276e+01 -2.094347e-02 
 1.796316e+01 -2.075405e-02 
 1.796355e+01 -2.054480e-02 
 1.796395e+01 -2.031130e-02 
 1.796435e+01 -2.004483e-02 
 1.796475e+01 -1.973770e-02 
 1.796514e+01 -1.938295e-02 
 1.796554e+01 -1.897666e-02 
 1.796594e+01 -1.851598e-02 
 1.796634e+01 -1.801075e-02 
 1.796674e+01 -1.747853e-02 
 1.796713e+01 -1.694709e-02 
 1.796753e+01 -1.643905e-02 
 1.796793e+01 -1.597530e-02 
 1.796833e+01 -1.557374e-02 
 1.796872e+01 -1.524081e-02 
 1.796912e+01 -1.498558e-02 
 1.796952e+01 -1.481498e-02 
 1.796992e+01 -1.473098e-02 
 1.797031e+01 -1.473086e-02 
 1.797071e+01 -1.480797e-02 
 1.797111e+01 -1.495108e-02 
 1.797151e+01 -1.514124e-02 
 1.797191e+01 -1.534800e-02 
 1.797230e+01 -1.554217e-02 
 1.797270e+01 -1.570192e-02 
 1.797310e+01 -1.582242e-02 
 1.797350e+01 -1.591145e-02 
 1.797389e+01 -1.598153e-02 
 1.797429e+01 -1.605095e-02 
 1.797469e+01 -1.613061e-02 
 1.797509e+01 -1.622258e-02 
 1.797548e+01 -1.633017e-02 
 1.797588e+01 -1.645205e-02 
 1.797628e+01 -1.659117e-02 
 1.797668e+01 -1.676134e-02 
 1.797708e+01 -1.698066e-02 
 1.797747e+01 -1.726044e-02 
 1.797787e+01 -1.759762e-02 
 1.797827e+01 -1.798059e-02 
 1.797867e+01 -1.838976e-02 
 1.797906e+01 -1.880567e-02 
 1.797946e+01 -1.920867e-02 
 1.797986e+01 -1.958902e-02 
 1.798026e+01 -1.994556e-02 
 1.798065e+01 -2.027856e-02 
 1.798105e+01 -2.060031e-02 
 1.798145e+01 -2.091790e-02 
 1.798185e+01 -2.123641e-02 
 1.798225e+01 -2.155467e-02 
 1.798264e+01 -2.187860e-02 
 1.798304e+01 -2.221120e-02 
 1.798344e+01 -2.255522e-02 
 1.798384e+01 -2.291465e-02 
 1.798423e+01 -2.328941e-02 
 1.798463e+01 -2.367614e-02 
 1.798503e+01 -2.407768e-02 
 1.798543e+01 -2.450585e-02 
 1.798582e+01 -2.497793e-02 
 1.798622e+01 -2.551035e-02 
 1.798662e+01 -2.611658e-02 
 1.798702e+01 -2.680530e-02 
 1.798742e+01 -2.757475e-02 
 1.798781e+01 -2.841786e-02 
 1.798821e+01 -2.932145e-02 
 1.798861e+01 -3.026976e-02 
 1.798901e+01 -3.123980e-02 
 1.798940e+01 -3.221124e-02 
 1.798980e+01 -3.316585e-02 
 1.799020e+01 -3.408342e-02 
 1.799060e+01 -3.493914e-02 
 1.799099e+01 -3.571652e-02 
 1.799139e+01 -3.640606e-02 
 1.799179e+01 -3.701000e-02 
 1.799219e+01 -3.753970e-02 
 1.799259e+01 -3.801099e-02 
 1.799298e+01 -3.843647e-02 
 1.799338e+01 -3.882841e-02 
 1.799378e+01 -3.919119e-02 
 1.799418e+01 -3.953485e-02 
 1.799457e+01 -3.986485e-02 
 1.799497e+01 -4.019330e-02 
 1.799537e+01 -4.053792e-02 
 1.799577e+01 -4.091491e-02 
 1.799616e+01 -4.133401e-02 
 1.799656e+01 -4.178367e-02 
 1.799696e+01 -4.224928e-02 
 1.799736e+01 -4.269923e-02 
 1.799776e+01 -4.310788e-02 
 1.799815e+01 -4.345608e-02 
 1.799855e+01 -4.373405e-02 
 1.799895e+01 -4.394372e-02 
 1.799935e+01 -4.409259e-02 
 1.799974e+01 -4.419083e-02 
 1.800014e+01 -4.424962e-02 
 1.800054e+01 -4.426949e-02 
 1.800094e+01 -4.425252e-02 
 1.800133e+01 -4.419903e-02 
 1.800173e+01 -4.411089e-02 
 1.800213e+01 -4.399629e-02 
 1.800253e+01 -4.386602e-02 
 1.800293e+01 -4.372256e-02 
 1.800332e+01 -4.356686e-02 
 1.800372e+01 -4.338589e-02 
 1.800412e+01 -4.316791e-02 
 1.800452e+01 -4.290235e-02 
 1.800491e+01 -4.258936e-02 
 1.800531e+01 -4.223408e-02 
 1.800571e+01 -4.184480e-02 
 1.800611e+01 -4.142635e-02 
 1.800650e+01 -4.098145e-02 
 1.800690e+01 -4.050399e-02 
 1.800730e+01 -3.998514e-02 
 1.800770e+01 -3.941107e-02 
 1.800810e+01 -3.877512e-02 
 1.800849e+01 -3.807232e-02 
 1.800889e+01 -3.729495e-02 
 1.800929e+01 -3.644213e-02 
 1.800969e+01 -3.551044e-02 
 1.801008e+01 -3.449884e-02 
 1.801048e+01 -3.341322e-02 
 1.801088e+01 -3.226720e-02 
 1.801128e+01 -3.107837e-02 
 1.801167e+01 -2.986141e-02 
 1.801207e+01 -2.862585e-02 
 1.801247e+01 -2.738287e-02 
 1.801287e+01 -2.613640e-02 
 1.801327e+01 -2.489218e-02 
 1.801366e+01 -2.366018e-02 
 1.801406e+01 -2.245285e-02 
 1.801446e+01 -2.128526e-02 
 1.801486e+01 -2.017041e-02 
 1.801525e+01 -1.910780e-02 
 1.801565e+01 -1.808614e-02 
 1.801605e+01 -1.708278e-02 
 1.801645e+01 -1.607883e-02 
 1.801684e+01 -1.505992e-02 
 1.801724e+01 -1.402436e-02 
 1.801764e+01 -1.298189e-02 
 1.801804e+01 -1.195162e-02 
 1.801844e+01 -1.095381e-02 
 1.801883e+01 -1.001020e-02 
 1.801923e+01 -9.132601e-03 
 1.801963e+01 -8.323513e-03 
 1.802003e+01 -7.575298e-03 
 1.802042e+01 -6.879108e-03 
 1.802082e+01 -6.232816e-03 
 1.802122e+01 -5.632530e-03 
 1.802162e+01 -5.071948e-03 
 1.802201e+01 -4.541790e-03 
 1.802241e+01 -4.033957e-03 
 1.802281e+01 -3.532276e-03 
 1.802321e+01 -3.023505e-03 
 1.802361e+01 -2.500377e-03 
 1.802400e+01 -1.959792e-03 
 1.802440e+01 -1.407818e-03 
 1.802480e+01 -8.625703e-04 
 1.802520e+01 -3.428151e-04 
 1.802559e+01  1.379591e-04 
 1.802599e+01  5.706915e-04 
 1.802639e+01  9.564843e-04 
 1.802679e+01  1.296752e-03 
 1.802718e+01  1.593482e-03 
 1.802758e+01  1.846551e-03 
 1.802798e+01  2.051558e-03 
 1.802838e+01  2.200071e-03 
 1.802878e+01  2.285810e-03 
 1.802917e+01  2.308305e-03 
 1.802957e+01  2.273362e-03 
 1.802997e+01  2.188669e-03 
 1.803037e+01  2.063144e-03 
 1.803076e+01  1.902902e-03 
 1.803116e+01  1.707487e-03 
 1.803156e+01  1.471748e-03 
 1.803196e+01  1.196215e-03 
 1.803235e+01  8.833129e-04 
 1.803275e+01  5.418224e-04 
 1.803315e+01  1.779291e-04 
 1.803355e+01 -2.023165e-04 
 1.803395e+01 -5.943746e-04 
 1.803434e+01 -9.926962e-04 
 1.803474e+01 -1.391237e-03 
 1.803514e+01 -1.777669e-03 
 1.803554e+01 -2.144235e-03 
 1.803593e+01 -2.490339e-03 
 1.803633e+01 -2.818499e-03 
 1.803673e+01 -3.137318e-03 
 1.803713e+01 -3.464178e-03 
 1.803752e+01 -3.816285e-03 
 1.803792e+01 -4.206643e-03 
 1.803832e+01 -4.642494e-03 
 1.803872e+01 -5.116717e-03 
 1.803912e+01 -5.618248e-03 
 1.803951e+01 -6.133119e-03 
 1.803991e+01 -6.649300e-03 
 1.804031e+01 -7.157641e-03 
 1.804071e+01 -7.644305e-03 
 1.804110e+01 -8.092500e-03 
 1.804150e+01 -8.483013e-03 
 1.804190e+01 -8.804482e-03 
 1.804230e+01 -9.043722e-03 
 1.804270e+01 -9.203071e-03 
 1.804309e+01 -9.297083e-03 
 1.804349e+01 -9.345237e-03 
 1.804389e+01 -9.375664e-03 
 1.804429e+01 -9.406686e-03 
 1.804468e+01 -9.457627e-03 
 1.804508e+01 -9.537509e-03 
 1.804548e+01 -9.642322e-03 
 1.804588e+01 -9.776314e-03 
 1.804627e+01 -9.946917e-03 
 1.804667e+01 -1.016648e-02 
 1.804707e+01 -1.044599e-02 
 1.804747e+01 -1.079876e-02 
 1.804787e+01 -1.121796e-02 
 1.804826e+01 -1.168379e-02 
 1.804866e+01 -1.216884e-02 
 1.804906e+01 -1.264535e-02 
 1.804946e+01 -1.308837e-02 
 1.804985e+01 -1.347975e-02 
 1.805025e+01 -1.381873e-02 
 1.805065e+01 -1.411060e-02 
 1.805105e+01 -1.435836e-02 
 1.805144e+01 -1.456472e-02 
 1.805184e+01 -1.472577e-02 
 1.805224e+01 -1.484056e-02 
 1.805264e+01 -1.490384e-02 
 1.805304e+01 -1.491396e-02 
 1.805343e+01 -1.488112e-02 
 1.805383e+01 -1.480911e-02 
 1.805423e+01 -1.470362e-02 
 1.805463e+01 -1.457134e-02 
 1.805502e+01 -1.441650e-02 
 1.805542e+01 -1.423958e-02 
 1.805582e+01 -1.404523e-02 
 1.805622e+01 -1.384302e-02 
 1.805661e+01 -1.364657e-02 
 1.805701e+01 -1.346258e-02 
 1.805741e+01 -1.329443e-02 
 1.805781e+01 -1.313809e-02 
 1.805821e+01 -1.298288e-02 
 1.805860e+01 -1.281639e-02 
 1.805900e+01 -1.262943e-02 
 1.805940e+01 -1.241444e-02 
 1.805980e+01 -1.216278e-02 
 1.806019e+01 -1.187217e-02 
 1.806059e+01 -1.154357e-02 
 1.806099e+01 -1.117745e-02 
 1.806139e+01 -1.078124e-02 
 1.806178e+01 -1.036840e-02 
 1.806218e+01 -9.955139e-03 
 1.806258e+01 -9.568800e-03 
 1.806298e+01 -9.237872e-03 
 1.806338e+01 -8.974445e-03 
 1.806377e+01 -8.782355e-03 
 1.806417e+01 -8.652566e-03 
 1.806457e+01 -8.574367e-03 
 1.806497e+01 -8.545845e-03 
 1.806536e+01 -8.567937e-03 
 1.806576e+01 -8.647412e-03 
 1.806616e+01 -8.789839e-03 
 1.806656e+01 -8.990677e-03 
 1.806695e+01 -9.234249e-03 
 1.806735e+01 -9.490245e-03 
 1.806775e+01 -9.725413e-03 
 1.806815e+01 -9.908099e-03 
 1.806855e+01 -1.003154e-02 
 1.806894e+01 -1.010564e-02 
 1.806934e+01 -1.015052e-02 
 1.806974e+01 -1.019153e-02 
 1.807014e+01 -1.024662e-02 
 1.807053e+01 -1.032537e-02 
 1.807093e+01 -1.042951e-02 
 1.807133e+01 -1.056426e-02 
 1.807173e+01 -1.072803e-02 
 1.807212e+01 -1.092584e-02 
 1.807252e+01 -1.116256e-02 
 1.807292e+01 -1.144580e-02 
 1.807332e+01 -1.177544e-02 
 1.807372e+01 -1.214640e-02 
 1.807411e+01 -1.255274e-02 
 1.807451e+01 -1.298710e-02 
 1.807491e+01 -1.345277e-02 
 1.807531e+01 -1.395980e-02 
 1.807570e+01 -1.451547e-02 
 1.807610e+01 -1.512587e-02 
 1.807650e+01 -1.578814e-02 
 1.807690e+01 -1.649273e-02 
 1.807729e+01 -1.722273e-02 
 1.807769e+01 -1.795811e-02 
 1.807809e+01 -1.869405e-02 
 1.807849e+01 -1.942827e-02 
 1.807889e+01 -2.016581e-02 
 1.807928e+01 -2.092243e-02 
 1.807968e+01 -2.170719e-02 
 1.808008e+01 -2.252533e-02 
 1.808048e+01 -2.337825e-02 
 1.808087e+01 -2.427195e-02 
 1.808127e+01 -2.520966e-02 
 1.808167e+01 -2.619273e-02 
 1.808207e+01 -2.721522e-02 
 1.808246e+01 -2.827022e-02 
 1.808286e+01 -2.933969e-02 
 1.808326e+01 -3.040580e-02 
 1.808366e+01 -3.145344e-02 
 1.808406e+01 -3.247220e-02 
 1.808445e+01 -3.345212e-02 
 1.808485e+01 -3.438819e-02 
 1.808525e+01 -3.528139e-02 
 1.808565e+01 -3.612184e-02 
 1.808604e+01 -3.689110e-02 
 1.808644e+01 -3.757003e-02 
 1.808684e+01 -3.814500e-02 
 1.808724e+01 -3.862000e-02 
 1.808763e+01 -3.900377e-02 
 1.808803e+01 -3.931787e-02 
 1.808843e+01 -3.958638e-02 
 1.808883e+01 -3.982922e-02 
 1.808923e+01 -4.006189e-02 
 1.808962e+01 -4.029894e-02 
 1.809002e+01 -4.053540e-02 
 1.809042e+01 -4.077533e-02 
 1.809082e+01 -4.101816e-02 
 1.809121e+01 -4.126789e-02 
 1.809161e+01 -4.152856e-02 
 1.809201e+01 -4.179330e-02 
 1.809241e+01 -4.205592e-02 
 1.809280e+01 -4.230269e-02 
 1.809320e+01 -4.251784e-02 
 1.809360e+01 -4.268985e-02 
 1.809400e+01 -4.281580e-02 
 1.809440e+01 -4.289956e-02 
 1.809479e+01 -4.294817e-02 
 1.809519e+01 -4.297315e-02 
 1.809559e+01 -4.297131e-02 
 1.809599e+01 -4.293978e-02 
 1.809638e+01 -4.286239e-02 
 1.809678e+01 -4.272884e-02 
 1.809718e+01 -4.253546e-02 
 1.809758e+01 -4.228520e-02 
 1.809797e+01 -4.199222e-02 
 1.809837e+01 -4.167323e-02 
 1.809877e+01 -4.134766e-02 
 1.809917e+01 -4.102720e-02 
 1.809957e+01 -4.071663e-02 
 1.809996e+01 -4.040919e-02 
 1.810036e+01 -4.009665e-02 
 1.810076e+01 -3.976352e-02 
 1.810116e+01 -3.939748e-02 
 1.810155e+01 -3.899108e-02 
 1.810195e+01 -3.853628e-02 
 1.810235e+01 -3.803171e-02 
 1.810275e+01 -3.747391e-02 
 1.810314e+01 -3.686346e-02 
 1.810354e+01 -3.620044e-02 
 1.810394e+01 -3.548355e-02 
 1.810434e+01 -3.471396e-02 
 1.810474e+01 -3.389984e-02 
 1.810513e+01 -3.304636e-02 
 1.810553e+01 -3.216010e-02 
 1.810593e+01 -3.124800e-02 
 1.810633e+01 -3.032234e-02 
 1.810672e+01 -2.939439e-02 
 1.810712e+01 -2.847994e-02 
 1.810752e+01 -2.759749e-02 
 1.810792e+01 -2.676105e-02 
 1.810831e+01 -2.597860e-02 
 1.810871e+01 -2.525030e-02 
 1.810911e+01 -2.456924e-02 
 1.810951e+01 -2.392945e-02 
 1.810991e+01 -2.331966e-02 
 1.811030e+01 -2.273331e-02 
 1.811070e+01 -2.217086e-02 
 1.811110e+01 -2.161946e-02 
 1.811150e+01 -2.106900e-02 
 1.811189e+01 -2.050324e-02 
 1.811229e+01 -1.991353e-02 
 1.811269e+01 -1.929253e-02 
 1.811309e+01 -1.864820e-02 
 1.811348e+01 -1.799169e-02 
 1.811388e+01 -1.733628e-02 
 1.811428e+01 -1.669021e-02 
 1.811468e+01 -1.605329e-02 
 1.811508e+01 -1.542383e-02 
 1.811547e+01 -1.479074e-02 
 1.811587e+01 -1.414393e-02 
 1.811627e+01 -1.348293e-02 
 1.811667e+01 -1.281449e-02 
 1.811706e+01 -1.215279e-02 
 1.811746e+01 -1.150877e-02 
 1.811786e+01 -1.089114e-02 
 1.811826e+01 -1.029835e-02 
 1.811865e+01 -9.721376e-03 
 1.811905e+01 -9.147059e-03 
 1.811945e+01 -8.565432e-03 
 1.811985e+01 -7.972102e-03 
 1.812025e+01 -7.367955e-03 
 1.812064e+01 -6.761765e-03 
 1.812104e+01 -6.169141e-03 
 1.812144e+01 -5.602591e-03 
 1.812184e+01 -5.077200e-03 
 1.812223e+01 -4.599387e-03 
 1.812263e+01 -4.170318e-03 
 1.812303e+01 -3.798255e-03 
 1.812343e+01 -3.488459e-03 
 1.812382e+01 -3.245787e-03 
 1.812422e+01 -3.075344e-03 
 1.812462e+01 -2.975006e-03 
 1.812502e+01 -2.944533e-03 
 1.812542e+01 -2.983631e-03 
 1.812581e+01 -3.086915e-03 
 1.812621e+01 -3.248035e-03 
 1.812661e+01 -3.458954e-03 
 1.812701e+01 -3.712783e-03 
 1.812740e+01 -4.003798e-03 
 1.812780e+01 -4.326483e-03 
 1.812820e+01 -4.667447e-03 
 1.812860e+01 -5.008473e-03 
 1.812899e+01 -5.332982e-03 
 1.812939e+01 -5.633187e-03 
 1.812979e+01 -5.903593e-03 
 1.813019e+01 -6.144177e-03 
 1.813059e+01 -6.368990e-03 
 1.813098e+01 -6.585064e-03 
 1.813138e+01 -6.805605e-03 
 1.813178e+01 -7.043778e-03 
 1.813218e+01 -7.303758e-03 
 1.813257e+01 -7.583622e-03 
 1.813297e+01 -7.886295e-03 
 1.813337e+01 -8.211952e-03 
 1.813377e+01 -8.548356e-03 
 1.813417e+01 -8.887333e-03 
 1.813456e+01 -9.215380e-03 
 1.813496e+01 -9.522492e-03 
 1.813536e+01 -9.800756e-03 
 1.813576e+01 -1.005028e-02 
 1.813615e+01 -1.027837e-02 
 1.813655e+01 -1.049192e-02 
 1.813695e+01 -1.068916e-02 
 1.813735e+01 -1.086794e-02 
 1.813774e+01 -1.101294e-02 
 1.813814e+01 -1.111770e-02 
 1.813854e+01 -1.117556e-02 
 1.813894e+01 -1.119362e-02 
 1.813934e+01 -1.119045e-02 
 1.813973e+01 -1.118434e-02 
 1.814013e+01 -1.118989e-02 
 1.814053e+01 -1.121480e-02 
 1.814093e+01 -1.126168e-02 
 1.814132e+01 -1.132515e-02 
 1.814172e+01 -1.141019e-02 
 1.814212e+01 -1.151994e-02 
 1.814252e+01 -1.165480e-02 
 1.814291e+01 -1.182170e-02 
 1.814331e+01 -1.201598e-02 
 1.814371e+01 -1.222052e-02 
 1.814411e+01 -1.242453e-02 
 1.814451e+01 -1.260764e-02 
 1.814490e+01 -1.275086e-02 
 1.814530e+01 -1.284042e-02 
 1.814570e+01 -1.286786e-02 
 1.814610e+01 -1.283102e-02 
 1.814649e+01 -1.272406e-02 
 1.814689e+01 -1.254315e-02 
 1.814729e+01 -1.228584e-02 
 1.814769e+01 -1.195128e-02 
 1.814808e+01 -1.154380e-02 
 1.814848e+01 -1.107097e-02 
 1.814888e+01 -1.054933e-02 
 1.814928e+01 -1.000450e-02 
 1.814968e+01 -9.454456e-03 
 1.815007e+01 -8.927219e-03 
 1.815047e+01 -8.441506e-03 
 1.815087e+01 -8.017079e-03 
 1.815127e+01 -7.655297e-03 
 1.815166e+01 -7.355325e-03 
 1.815206e+01 -7.105520e-03 
 1.815246e+01 -6.882143e-03 
 1.815286e+01 -6.673600e-03 
 1.815325e+01 -6.466414e-03 
 1.815365e+01 -6.251760e-03 
 1.815405e+01 -6.032818e-03 
 1.815445e+01 -5.815812e-03 
 1.815485e+01 -5.606679e-03 
 1.815524e+01 -5.408533e-03 
 1.815564e+01 -5.222997e-03 
 1.815604e+01 -5.045445e-03 
 1.815644e+01 -4.868517e-03 
 1.815683e+01 -4.689396e-03 
 1.815723e+01 -4.509388e-03 
 1.815763e+01 -4.332781e-03 
 1.815803e+01 -4.169729e-03 
 1.815842e+01 -4.035340e-03 
 1.815882e+01 -3.938245e-03 
 1.815922e+01 -3.887427e-03 
 1.815962e+01 -3.886089e-03 
 1.816002e+01 -3.931680e-03 
 1.816041e+01 -4.025102e-03 
 1.816081e+01 -4.160603e-03 
 1.816121e+01 -4.334416e-03 
 1.816161e+01 -4.540214e-03 
 1.816200e+01 -4.768043e-03 
 1.816240e+01 -5.007105e-03 
 1.816280e+01 -5.243648e-03 
 1.816320e+01 -5.464675e-03 
 1.816359e+01 -5.655007e-03 
 1.816399e+01 -5.803598e-03 
 1.816439e+01 -5.911398e-03 
 1.816479e+01 -5.979115e-03 
 1.816519e+01 -6.010436e-03 
 1.816558e+01 -6.021106e-03 
 1.816598e+01 -6.017361e-03 
 1.816638e+01 -6.011745e-03 
 1.816678e+01 -6.016696e-03 
 1.816717e+01 -6.045929e-03 
 1.816757e+01 -6.116807e-03 
 1.816797e+01 -6.248443e-03 
 1.816837e+01 -6.457891e-03 
 1.816876e+01 -6.757925e-03 
 1.816916e+01 -7.158246e-03 
 1.816956e+01 -7.660256e-03 
 1.816996e+01 -8.257935e-03 
 1.817036e+01 -8.933330e-03 
 1.817075e+01 -9.670561e-03 
 1.817115e+01 -1.044682e-02 
 1.817155e+01 -1.124235e-02 
 1.817195e+01 -1.204175e-02 
 1.817234e+01 -1.283390e-02 
 1.817274e+01 -1.361581e-02 
 1.817314e+01 -1.439339e-02 
 1.817354e+01 -1.516450e-02 
 1.817393e+01 -1.593647e-02 
 1.817433e+01 -1.671401e-02 
 1.817473e+01 -1.749295e-02 
 1.817513e+01 -1.827452e-02 
 1.817553e+01 -1.906721e-02 
 1.817592e+01 -1.987986e-02 
 1.817632e+01 -2.071737e-02 
 1.817672e+01 -2.158276e-02 
 1.817712e+01 -2.247912e-02 
 1.817751e+01 -2.339957e-02 
 1.817791e+01 -2.432892e-02 
 1.817831e+01 -2.524899e-02 
 1.817871e+01 -2.614901e-02 
 1.817910e+01 -2.702147e-02 
 1.817950e+01 -2.786286e-02 
 1.817990e+01 -2.867395e-02 
 1.818030e+01 -2.945311e-02 
 1.818070e+01 -3.019381e-02 
 1.818109e+01 -3.088686e-02 
 1.818149e+01 -3.152778e-02 
 1.818189e+01 -3.211645e-02 
 1.818229e+01 -3.265544e-02 
 1.818268e+01 -3.316247e-02 
 1.818308e+01 -3.365035e-02 
 1.818348e+01 -3.412933e-02 
 1.818388e+01 -3.460706e-02 
 1.818427e+01 -3.507951e-02 
 1.818467e+01 -3.554445e-02 
 1.818507e+01 -3.599445e-02 
 1.818547e+01 -3.643654e-02 
 1.818587e+01 -3.688448e-02 
 1.818626e+01 -3.734513e-02 
 1.818666e+01 -3.783204e-02 
 1.818706e+01 -3.835084e-02 
 1.818746e+01 -3.890049e-02 
 1.818785e+01 -3.947707e-02 
 1.818825e+01 -4.006885e-02 
 1.818865e+01 -4.066062e-02 
 1.818905e+01 -4.123756e-02 
 1.818944e+01 -4.177818e-02 
 1.818984e+01 -4.226071e-02 
 1.819024e+01 -4.266137e-02 
 1.819064e+01 -4.296441e-02 
 1.819104e+01 -4.316451e-02 
 1.819143e+01 -4.326813e-02 
 1.819183e+01 -4.329041e-02 
 1.819223e+01 -4.324695e-02 
 1.819263e+01 -4.315332e-02 
 1.819302e+01 -4.301634e-02 
 1.819342e+01 -4.284192e-02 
 1.819382e+01 -4.263318e-02 
 1.819422e+01 -4.240303e-02 
 1.819461e+01 -4.215733e-02 
 1.819501e+01 -4.190250e-02 
 1.819541e+01 -4.164214e-02 
 1.819581e+01 -4.137214e-02 
 1.819621e+01 -4.107723e-02 
 1.819660e+01 -4.074342e-02 
 1.819700e+01 -4.035378e-02 
 1.819740e+01 -3.990132e-02 
 1.819780e+01 -3.939122e-02 
 1.819819e+01 -3.883224e-02 
 1.819859e+01 -3.823266e-02 
 1.819899e+01 -3.759972e-02 
 1.819939e+01 -3.693563e-02 
 1.819978e+01 -3.624361e-02 
 1.820018e+01 -3.552965e-02 
 1.820058e+01 -3.479928e-02 
 1.820098e+01 -3.406498e-02 
 1.820138e+01 -3.334046e-02 
 1.820177e+01 -3.264071e-02 
 1.820217e+01 -3.197598e-02 
 1.820257e+01 -3.135276e-02 
 1.820297e+01 -3.076570e-02 
 1.820336e+01 -3.019875e-02 
 1.820376e+01 -2.964215e-02 
 1.820416e+01 -2.908732e-02 
 1.820456e+01 -2.852400e-02 
 1.820495e+01 -2.795401e-02 
 1.820535e+01 -2.739298e-02 
 1.820575e+01 -2.685068e-02 
 1.820615e+01 -2.633871e-02 
 1.820655e+01 -2.585700e-02 
 1.820694e+01 -2.540058e-02 
 1.820734e+01 -2.495247e-02 
 1.820774e+01 -2.449425e-02 
 1.820814e+01 -2.401453e-02 
 1.820853e+01 -2.349350e-02 
 1.820893e+01 -2.292351e-02 
 1.820933e+01 -2.230682e-02 
 1.820973e+01 -2.165019e-02 
 1.821012e+01 -2.096471e-02 
 1.821052e+01 -2.026604e-02 
 1.821092e+01 -1.956641e-02 
 1.821132e+01 -1.888326e-02 
 1.821172e+01 -1.823042e-02 
 1.821211e+01 -1.761897e-02 
 1.821251e+01 -1.705825e-02 
 1.821291e+01 -1.654594e-02 
 1.821331e+01 -1.608028e-02 
 1.821370e+01 -1.565524e-02 
 1.821410e+01 -1.525700e-02 
 1.821450e+01 -1.487604e-02 
 1.821490e+01 -1.450519e-02 
 1.821529e+01 -1.414398e-02 
 1.821569e+01 -1.379277e-02 
 1.821609e+01 -1.344719e-02 
 1.821649e+01 -1.310987e-02 
 1.821689e+01 -1.278181e-02 
 1.821728e+01 -1.246376e-02 
 1.821768e+01 -1.216622e-02 
 1.821808e+01 -1.190025e-02 
 1.821848e+01 -1.167036e-02 
 1.821887e+01 -1.148776e-02 
 1.821927e+01 -1.136093e-02 
 1.821967e+01 -1.129352e-02 
 1.822007e+01 -1.128673e-02 
 1.822046e+01 -1.133873e-02 
 1.822086e+01 -1.144139e-02 
 1.822126e+01 -1.158207e-02 
 1.822166e+01 -1.174115e-02 
 1.822206e+01 -1.190123e-02 
 1.822245e+01 -1.203788e-02 
 1.822285e+01 -1.212988e-02 
 1.822325e+01 -1.216563e-02 
 1.822365e+01 -1.214454e-02 
 1.822404e+01 -1.207140e-02 
 1.822444e+01 -1.195674e-02 
 1.822484e+01 -1.181804e-02 
 1.822524e+01 -1.166737e-02 
 1.822564e+01 -1.151189e-02 
 1.822603e+01 -1.135499e-02 
 1.822643e+01 -1.120015e-02 
 1.822683e+01 -1.104807e-02 
 1.822723e+01 -1.089719e-02 
 1.822762e+01 -1.075721e-02 
 1.822802e+01 -1.063408e-02 
 1.822842e+01 -1.053240e-02 
 1.822882e+01 -1.045439e-02 
 1.822921e+01 -1.040393e-02 
 1.822961e+01 -1.037742e-02 
 1.823001e+01 -1.037364e-02 
 1.823041e+01 -1.039326e-02 
 1.823081e+01 -1.043949e-02 
 1.823120e+01 -1.051525e-02 
 1.823160e+01 -1.062199e-02 
 1.823200e+01 -1.075192e-02 
 1.823240e+01 -1.089316e-02 
 1.823279e+01 -1.102405e-02 
 1.823319e+01 -1.112647e-02 
 1.823359e+01 -1.119301e-02 
 1.823399e+01 -1.122455e-02 
 1.823438e+01 -1.122879e-02 
 1.823478e+01 -1.121652e-02 
 1.823518e+01 -1.119499e-02 
 1.823558e+01 -1.117188e-02 
 1.823598e+01 -1.115326e-02 
 1.823637e+01 -1.114135e-02 
 1.823677e+01 -1.113988e-02 
 1.823717e+01 -1.115718e-02 
 1.823757e+01 -1.120389e-02 
 1.823796e+01 -1.129357e-02 
 1.823836e+01 -1.142962e-02 
 1.823876e+01 -1.160895e-02 
 1.823916e+01 -1.181705e-02 
 1.823955e+01 -1.202723e-02 
 1.823995e+01 -1.221629e-02 
 1.824035e+01 -1.235931e-02 
 1.824075e+01 -1.243143e-02 
 1.824115e+01 -1.240582e-02 
 1.824154e+01 -1.226916e-02 
 1.824194e+01 -1.201043e-02 
 1.824234e+01 -1.163190e-02 
 1.824274e+01 -1.114916e-02 
 1.824313e+01 -1.058725e-02 
 1.824353e+01 -9.977811e-03 
 1.824393e+01 -9.353822e-03 
 1.824433e+01 -8.744817e-03 
 1.824472e+01 -8.167071e-03 
 1.824512e+01 -7.623630e-03 
 1.824552e+01 -7.118065e-03 
 1.824592e+01 -6.653517e-03 
 1.824632e+01 -6.231048e-03 
 1.824671e+01 -5.853046e-03 
 1.824711e+01 -5.519490e-03 
 1.824751e+01 -5.225250e-03 
 1.824791e+01 -4.955257e-03 
 1.824830e+01 -4.691698e-03 
 1.824870e+01 -4.424941e-03 
 1.824910e+01 -4.148018e-03 
 1.824950e+01 -3.859691e-03 
 1.824989e+01 -3.567938e-03 
 1.825029e+01 -3.284729e-03 
 1.825069e+01 -3.009498e-03 
 1.825109e+01 -2.733148e-03 
 1.825149e+01 -2.443361e-03 
 1.825188e+01 -2.129068e-03 
 1.825228e+01 -1.780081e-03 
 1.825268e+01 -1.397425e-03 
 1.825308e+01 -9.940066e-04 
 1.825347e+01 -5.851818e-04 
 1.825387e+01 -1.792519e-04 
 1.825427e+01  2.096419e-04 
 1.825467e+01  5.757068e-04 
 1.825506e+01  9.181202e-04 
 1.825546e+01  1.232240e-03 
 1.825586e+01  1.506315e-03 
 1.825626e+01  1.723467e-03 
 1.825666e+01  1.871970e-03 
 1.825705e+01  1.940946e-03 
 1.825745e+01  1.933030e-03 
 1.825785e+01  1.859451e-03 
 1.825825e+01  1.735402e-03 
 1.825864e+01  1.580187e-03 
 1.825904e+01  1.415727e-03 
 1.825944e+01  1.259562e-03 
 1.825984e+01  1.124582e-03 
 1.826023e+01  1.012348e-03 
 1.826063e+01  9.232504e-04 
 1.826103e+01  8.431625e-04 
 1.826143e+01  7.573426e-04 
 1.826183e+01  6.469410e-04 
 1.826222e+01  4.824847e-04 
 1.826262e+01  2.363821e-04 
 1.826302e+01 -1.109174e-04 
 1.826342e+01 -5.645259e-04 
 1.826381e+01 -1.124901e-03 
 1.826421e+01 -1.784071e-03 
 1.826461e+01 -2.536344e-03 
 1.826501e+01 -3.369110e-03 
 1.826540e+01 -4.265464e-03 
 1.826580e+01 -5.212081e-03 
 1.826620e+01 -6.190476e-03 
 1.826660e+01 -7.181359e-03 
 1.826700e+01 -8.173382e-03 
 1.826739e+01 -9.150617e-03 
 1.826779e+01 -1.010048e-02 
 1.826819e+01 -1.102526e-02 
 1.826859e+01 -1.192872e-02 
 1.826898e+01 -1.281244e-02 
 1.826938e+01 -1.367643e-02 
 1.826978e+01 -1.451737e-02 
 1.827018e+01 -1.533271e-02 
 1.827057e+01 -1.612062e-02 
 1.827097e+01 -1.688769e-02 
 1.827137e+01 -1.764309e-02 
 1.827177e+01 -1.839078e-02 
 1.827217e+01 -1.913862e-02 
 1.827256e+01 -1.988638e-02 
 1.827296e+01 -2.063249e-02 
 1.827336e+01 -2.136704e-02 
 1.827376e+01 -2.208686e-02 
 1.827415e+01 -2.278826e-02 
 1.827455e+01 -2.347010e-02 
 1.827495e+01 -2.414083e-02 
 1.827535e+01 -2.481311e-02 
 1.827574e+01 -2.549598e-02 
 1.827614e+01 -2.619080e-02 
 1.827654e+01 -2.689670e-02 
 1.827694e+01 -2.760617e-02 
 1.827734e+01 -2.830696e-02 
 1.827773e+01 -2.898344e-02 
 1.827813e+01 -2.962965e-02 
 1.827853e+01 -3.024187e-02 
 1.827893e+01 -3.082320e-02 
 1.827932e+01 -3.137942e-02 
 1.827972e+01 -3.192429e-02 
 1.828012e+01 -3.247034e-02 
 1.828052e+01 -3.302549e-02 
 1.828091e+01 -3.360544e-02 
 1.828131e+01 -3.421657e-02 
 1.828171e+01 -3.485808e-02 
 1.828211e+01 -3.552813e-02 
 1.828251e+01 -3.622382e-02 
 1.828290e+01 -3.693659e-02 
 1.828330e+01 -3.765252e-02 
 1.828370e+01 -3.835921e-02 
 1.828410e+01 -3.903767e-02 
 1.828449e+01 -3.966857e-02 
 1.828489e+01 -4.023492e-02 
 1.828529e+01 -4.072118e-02 
 1.828569e+01 -4.111565e-02 
 1.828608e+01 -4.141474e-02 
 1.828648e+01 -4.161882e-02 
 1.828688e+01 -4.174447e-02 
 1.828728e+01 -4.180741e-02 
 1.828768e+01 -4.181916e-02 
 1.828807e+01 -4.179812e-02 
 1.828847e+01 -4.175216e-02 
 1.828887e+01 -4.168934e-02 
 1.828927e+01 -4.162332e-02 
 1.828966e+01 -4.156381e-02 
 1.829006e+01 -4.151724e-02 
 1.829046e+01 -4.148584e-02 
 1.829086e+01 -4.146511e-02 
 1.829125e+01 -4.144634e-02 
 1.829165e+01 -4.140938e-02 
 1.829205e+01 -4.133669e-02 
 1.829245e+01 -4.121582e-02 
 1.829285e+01 -4.103745e-02 
 1.829324e+01 -4.080756e-02 
 1.829364e+01 -4.053493e-02 
 1.829404e+01 -4.023650e-02 
 1.829444e+01 -3.992288e-02 
 1.829483e+01 -3.960030e-02 
 1.829523e+01 -3.927194e-02 
 1.829563e+01 -3.893952e-02 
 1.829603e+01 -3.860085e-02 
 1.829642e+01 -3.825062e-02 
 1.829682e+01 -3.788685e-02 
 1.829722e+01 -3.750363e-02 
 1.829762e+01 -3.709762e-02 
 1.829802e+01 -3.666807e-02 
 1.829841e+01 -3.621340e-02 
 1.829881e+01 -3.573283e-02 
 1.829921e+01 -3.522982e-02 
 1.829961e+01 -3.471116e-02 
 1.830000e+01 -3.418591e-02 
 1.830040e+01 -3.365617e-02 
 1.830080e+01 -3.311948e-02 
 1.830120e+01 -3.257026e-02 
 1.830159e+01 -3.199886e-02 
 1.830199e+01 -3.139879e-02 
 1.830239e+01 -3.076593e-02 
 1.830279e+01 -3.008981e-02 
 1.830319e+01 -2.936629e-02 
 1.830358e+01 -2.859240e-02 
 1.830398e+01 -2.776945e-02 
 1.830438e+01 -2.689990e-02 
 1.830478e+01 -2.599588e-02 
 1.830517e+01 -2.507304e-02 
 1.830557e+01 -2.414780e-02 
 1.830597e+01 -2.324130e-02 
 1.830637e+01 -2.237454e-02 
 1.830676e+01 -2.155962e-02 
 1.830716e+01 -2.080692e-02 
 1.830756e+01 -2.011874e-02 
 1.830796e+01 -1.949601e-02 
 1.830836e+01 -1.894318e-02 
 1.830875e+01 -1.845395e-02 
 1.830915e+01 -1.802005e-02 
 1.830955e+01 -1.763694e-02 
 1.830995e+01 -1.728915e-02 
 1.831034e+01 -1.696460e-02 
 1.831074e+01 -1.665137e-02 
 1.831114e+01 -1.634115e-02 
 1.831154e+01 -1.603176e-02 
 1.831193e+01 -1.572774e-02 
 1.831233e+01 -1.544204e-02 
 1.831273e+01 -1.518165e-02 
 1.831313e+01 -1.496566e-02 
 1.831353e+01 -1.480168e-02 
 1.831392e+01 -1.469436e-02 
 1.831432e+01 -1.464662e-02 
 1.831472e+01 -1.464991e-02 
 1.831512e+01 -1.469788e-02 
 1.831551e+01 -1.477451e-02 
 1.831591e+01 -1.487610e-02 
 1.831631e+01 -1.499817e-02 
 1.831671e+01 -1.513826e-02 
 1.831710e+01 -1.528397e-02 
 1.831750e+01 -1.541991e-02 
 1.831790e+01 -1.553361e-02 
 1.831830e+01 -1.561618e-02 
 1.831870e+01 -1.566182e-02 
 1.831909e+01 -1.567707e-02 
 1.831949e+01 -1.567467e-02 
 1.831989e+01 -1.566347e-02 
 1.832029e+01 -1.565057e-02 
 1.832068e+01 -1.563834e-02 
 1.832108e+01 -1.562086e-02 
 1.832148e+01 -1.558901e-02 
 1.832188e+01 -1.553982e-02 
 1.832228e+01 -1.548299e-02 
 1.832267e+01 -1.543239e-02 
 1.832307e+01 -1.540751e-02 
 1.832347e+01 -1.542585e-02 
 1.832387e+01 -1.549163e-02 
 1.832426e+01 -1.560417e-02 
 1.832466e+01 -1.575980e-02 
 1.832506e+01 -1.595163e-02 
 1.832546e+01 -1.617428e-02 
 1.832585e+01 -1.642268e-02 
 1.832625e+01 -1.668634e-02 
 1.832665e+01 -1.695276e-02 
 1.832705e+01 -1.721148e-02 
 1.832745e+01 -1.744523e-02 
 1.832784e+01 -1.763453e-02 
 1.832824e+01 -1.777355e-02 
 1.832864e+01 -1.785655e-02 
 1.832904e+01 -1.788004e-02 
 1.832943e+01 -1.784021e-02 
 1.832983e+01 -1.773070e-02 
 1.833023e+01 -1.754351e-02 
 1.833063e+01 -1.728041e-02 
 1.833102e+01 -1.695217e-02 
 1.833142e+01 -1.658435e-02 
 1.833182e+01 -1.621017e-02 
 1.833222e+01 -1.585442e-02 
 1.833262e+01 -1.553135e-02 
 1.833301e+01 -1.524980e-02 
 1.833341e+01 -1.500373e-02 
 1.833381e+01 -1.477188e-02 
 1.833421e+01 -1.453814e-02 
 1.833460e+01 -1.429304e-02 
 1.833500e+01 -1.403189e-02 
 1.833540e+01 -1.374858e-02 
 1.833580e+01 -1.343978e-02 
 1.833619e+01 -1.309030e-02 
 1.833659e+01 -1.268103e-02 
 1.833699e+01 -1.219850e-02 
 1.833739e+01 -1.164538e-02 
 1.833779e+01 -1.102691e-02 
 1.833818e+01 -1.036554e-02 
 1.833858e+01 -9.684629e-03 
 1.833898e+01 -9.001818e-03 
 1.833938e+01 -8.337066e-03 
 1.833977e+01 -7.694777e-03 
 1.834017e+01 -7.081522e-03 
 1.834057e+01 -6.498274e-03 
 1.834097e+01 -5.954672e-03 
 1.834136e+01 -5.466441e-03 
 1.834176e+01 -5.057272e-03 
 1.834216e+01 -4.732476e-03 
 1.834256e+01 -4.481836e-03 
 1.834296e+01 -4.296342e-03 
 1.834335e+01 -4.155746e-03 
 1.834375e+01 -4.038904e-03 
 1.834415e+01 -3.928864e-03 
 1.834455e+01 -3.818689e-03 
 1.834494e+01 -3.703549e-03 
 1.834534e+01 -3.574658e-03 
 1.834574e+01 -3.429375e-03 
 1.834614e+01 -3.251896e-03 
 1.834653e+01 -3.022620e-03 
 1.834693e+01 -2.726898e-03 
 1.834733e+01 -2.361623e-03 
 1.834773e+01 -1.937386e-03 
 1.834813e+01 -1.471002e-03 
 1.834852e+01 -9.783205e-04 
 1.834892e+01 -4.690150e-04 
 1.834932e+01  5.066261e-05 
 1.834972e+01  5.750146e-04 
 1.835011e+01  1.097160e-03 
 1.835051e+01  1.599433e-03 
 1.835091e+01  2.062011e-03 
 1.835131e+01  2.459539e-03 
 1.835170e+01  2.775802e-03 
 1.835210e+01  3.005300e-03 
 1.835250e+01  3.165359e-03 
 1.835290e+01  3.278851e-03 
 1.835330e+01  3.368705e-03 
 1.835369e+01  3.451572e-03 
 1.835409e+01  3.531992e-03 
 1.835449e+01  3.604882e-03 
 1.835489e+01  3.675499e-03 
 1.835528e+01  3.749267e-03 
 1.835568e+01  3.834341e-03 
 1.835608e+01  3.935286e-03 
 1.835648e+01  4.049308e-03 
 1.835687e+01  4.158015e-03 
 1.835727e+01  4.231378e-03 
 1.835767e+01  4.245405e-03 
 1.835807e+01  4.180952e-03 
 1.835847e+01  4.037776e-03 
 1.835886e+01  3.835137e-03 
 1.835926e+01  3.587956e-03 
 1.835966e+01  3.299718e-03 
 1.836006e+01  2.963467e-03 
 1.836045e+01  2.563286e-03 
 1.836085e+01  2.084302e-03 
 1.836125e+01  1.527529e-03 
 1.836165e+01  9.075253e-04 
 1.836204e+01  2.484482e-04 
 1.836244e+01 -4.179635e-04 
 1.836284e+01 -1.075017e-03 
 1.836324e+01 -1.718573e-03 
 1.836364e+01 -2.358390e-03 
 1.836403e+01 -3.013052e-03 
 1.836443e+01 -3.694629e-03 
 1.836483e+01 -4.398453e-03 
 1.836523e+01 -5.106061e-03 
 1.836562e+01 -5.804157e-03 
 1.836602e+01 -6.491082e-03 
 1.836642e+01 -7.177314e-03 
 1.836682e+01 -7.884779e-03 
 1.836721e+01 -8.636182e-03 
 1.836761e+01 -9.445349e-03 
 1.836801e+01 -1.031904e-02 
 1.836841e+01 -1.125520e-02 
 1.836881e+01 -1.224175e-02 
 1.836920e+01 -1.327019e-02 
 1.836960e+01 -1.434026e-02 
 1.837000e+01 -1.545665e-02 
 1.837040e+01 -1.662865e-02 
 1.837079e+01 -1.785382e-02 
 1.837119e+01 -1.911932e-02 
 1.837159e+01 -2.040465e-02 
 1.837199e+01 -2.168714e-02 
 1.837238e+01 -2.295151e-02 
 1.837278e+01 -2.419137e-02 
 1.837318e+01 -2.540834e-02 
 1.837358e+01 -2.661101e-02 
 1.837398e+01 -2.779990e-02 
 1.837437e+01 -2.897708e-02 
 1.837477e+01 -3.013310e-02 
 1.837517e+01 -3.125415e-02 
 1.837557e+01 -3.233439e-02 
 1.837596e+01 -3.337181e-02 
 1.837636e+01 -3.437323e-02 
 1.837676e+01 -3.534386e-02 
 1.837716e+01 -3.628352e-02 
 1.837755e+01 -3.718289e-02 
 1.837795e+01 -3.802922e-02 
 1.837835e+01 -3.880768e-02 
 1.837875e+01 -3.950516e-02 
 1.837915e+01 -4.012201e-02 
 1.837954e+01 -4.066795e-02 
 1.837994e+01 -4.114907e-02 
 1.838034e+01 -4.156615e-02 
 1.838074e+01 -4.191744e-02 
 1.838113e+01 -4.218941e-02 
 1.838153e+01 -4.236563e-02 
 1.838193e+01 -4.243908e-02 
 1.838233e+01 -4.241873e-02 
 1.838272e+01 -4.232758e-02 
 1.838312e+01 -4.219525e-02 
 1.838352e+01 -4.204726e-02 
 1.838392e+01 -4.189909e-02 
 1.838432e+01 -4.174835e-02 
 1.838471e+01 -4.158331e-02 
 1.838511e+01 -4.139468e-02 
 1.838551e+01 -4.118764e-02 
 1.838591e+01 -4.096785e-02 
 1.838630e+01 -4.074771e-02 
 1.838670e+01 -4.054222e-02 
 1.838710e+01 -4.035610e-02 
 1.838750e+01 -4.017856e-02 
 1.838789e+01 -3.999072e-02 
 1.838829e+01 -3.977350e-02 
 1.838869e+01 -3.951499e-02 
 1.838909e+01 -3.921912e-02 
 1.838949e+01 -3.889851e-02 
 1.838988e+01 -3.856305e-02 
 1.839028e+01 -3.821685e-02 
 1.839068e+01 -3.785563e-02 
 1.839108e+01 -3.746584e-02 
 1.839147e+01 -3.704237e-02 
 1.839187e+01 -3.658819e-02 
 1.839227e+01 -3.611960e-02 
 1.839267e+01 -3.565844e-02 
 1.839306e+01 -3.522059e-02 
 1.839346e+01 -3.481909e-02 
 1.839386e+01 -3.444861e-02 
 1.839426e+01 -3.409498e-02 
 1.839466e+01 -3.373910e-02 
 1.839505e+01 -3.336688e-02 
 1.839545e+01 -3.297284e-02 
 1.839585e+01 -3.255919e-02 
 1.839625e+01 -3.212834e-02 
 1.839664e+01 -3.167758e-02 
 1.839704e+01 -3.120117e-02 
 1.839744e+01 -3.068638e-02 
 1.839784e+01 -3.013104e-02 
 1.839823e+01 -2.953774e-02 
 1.839863e+01 -2.891153e-02 
 1.839903e+01 -2.826442e-02 
 1.839943e+01 -2.761439e-02 
 1.839983e+01 -2.697235e-02 
 1.840022e+01 -2.634322e-02 
 1.840062e+01 -2.573317e-02 
 1.840102e+01 -2.513998e-02 
 1.840142e+01 -2.457393e-02 
 1.840181e+01 -2.405246e-02 
 1.840221e+01 -2.359357e-02 
 1.840261e+01 -2.320964e-02 
 1.840301e+01 -2.290118e-02 
 1.840340e+01 -2.265669e-02 
 1.840380e+01 -2.245589e-02 
 1.840420e+01 -2.227426e-02 
 1.840460e+01 -2.209762e-02 
 1.840500e+01 -2.191555e-02 
 1.840539e+01 -2.172609e-02 
 1.840579e+01 -2.153715e-02 
 1.840619e+01 -2.134778e-02 
 1.840659e+01 -2.115361e-02 
 1.840698e+01 -2.093904e-02 
 1.840738e+01 -2.068904e-02 
 1.840778e+01 -2.040247e-02 
 1.840818e+01 -2.008645e-02 
 1.840857e+01 -1.975563e-02 
 1.840897e+01 -1.942932e-02 
 1.840937e+01 -1.912585e-02 
 1.840977e+01 -1.884764e-02 
 1.841017e+01 -1.858820e-02 
 1.841056e+01 -1.834500e-02 
 1.841096e+01 -1.811636e-02 
 1.841136e+01 -1.790783e-02 
 1.841176e+01 -1.774395e-02 
 1.841215e+01 -1.764104e-02 
 1.841255e+01 -1.760810e-02 
 1.841295e+01 -1.763330e-02 
 1.841335e+01 -1.768932e-02 
 1.841375e+01 -1.774588e-02 
 1.841414e+01 -1.778049e-02 
 1.841454e+01 -1.778652e-02 
 1.841494e+01 -1.777042e-02 
 1.841534e+01 -1.774771e-02 
 1.841573e+01 -1.773229e-02 
 1.841613e+01 -1.773168e-02 
 1.841653e+01 -1.774481e-02 
 1.841693e+01 -1.776308e-02 
 1.841732e+01 -1.778519e-02 
 1.841772e+01 -1.782204e-02 
 1.841812e+01 -1.790024e-02 
 1.841852e+01 -1.805048e-02 
 1.841892e+01 -1.829095e-02 
 1.841931e+01 -1.862340e-02 
 1.841971e+01 -1.903139e-02 
 1.842011e+01 -1.948902e-02 
 1.842051e+01 -1.997807e-02 
 1.842090e+01 -2.048367e-02 
 1.842130e+01 -2.100475e-02 
 1.842170e+01 -2.154037e-02 
 1.842210e+01 -2.208027e-02 
 1.842249e+01 -2.259938e-02 
 1.842289e+01 -2.307467e-02 
 1.842329e+01 -2.347795e-02 
 1.842369e+01 -2.379224e-02 
 1.842409e+01 -2.401764e-02 
 1.842448e+01 -2.416824e-02 
 1.842488e+01 -2.425579e-02 
 1.842528e+01 -2.429252e-02 
 1.842568e+01 -2.427657e-02 
 1.842607e+01 -2.419691e-02 
 1.842647e+01 -2.404089e-02 
 1.842687e+01 -2.381094e-02 
 1.842727e+01 -2.351951e-02 
 1.842766e+01 -2.319102e-02 
 1.842806e+01 -2.284919e-02 
 1.842846e+01 -2.250608e-02 
 1.842886e+01 -2.215979e-02 
 1.842926e+01 -2.180213e-02 
 1.842965e+01 -2.142455e-02 
 1.843005e+01 -2.102094e-02 
 1.843045e+01 -2.059463e-02 
 1.843085e+01 -2.015489e-02 
 1.843124e+01 -1.970736e-02 
 1.843164e+01 -1.924649e-02 
 1.843204e+01 -1.875554e-02 
 1.843244e+01 -1.820378e-02 
 1.843283e+01 -1.756603e-02 
 1.843323e+01 -1.683240e-02 
 1.843363e+01 -1.600702e-02 
 1.843403e+01 -1.511152e-02 
 1.843443e+01 -1.417113e-02 
 1.843482e+01 -1.321204e-02 
 1.843522e+01 -1.224743e-02 
 1.843562e+01 -1.128168e-02 
 1.843602e+01 -1.031478e-02 
 1.843641e+01 -9.351912e-03 
 1.843681e+01 -8.404828e-03 
 1.843721e+01 -7.498117e-03 
 1.843761e+01 -6.653223e-03 
 1.843800e+01 -5.881479e-03 
 1.843840e+01 -5.173703e-03 
 1.843880e+01 -4.504358e-03 
 1.843920e+01 -3.839791e-03 
 1.843960e+01 -3.155063e-03 
 1.843999e+01 -2.432656e-03 
 1.844039e+01 -1.669392e-03 
 1.844079e+01 -8.724970e-04 
 1.844119e+01 -4.759527e-05 
 1.844158e+01  8.050120e-04 
 1.844198e+01  1.690609e-03 
 1.844238e+01  2.620199e-03 
 1.844278e+01  3.599224e-03 
 1.844317e+01  4.615618e-03 
 1.844357e+01  5.640653e-03 
 1.844397e+01  6.640042e-03 
 1.844437e+01  7.587996e-03 
 1.844477e+01  8.472115e-03 
 1.844516e+01  9.284445e-03 
 1.844556e+01  1.002575e-02 
 1.844596e+01  1.069444e-02 
 1.844636e+01  1.128538e-02 
 1.844675e+01  1.179186e-02 
 1.844715e+01  1.220259e-02 
 1.844755e+01  1.250888e-02 
 1.844795e+01  1.270944e-02 
 1.844834e+01  1.281597e-02 
 1.844874e+01  1.283997e-02 
 1.844914e+01  1.279568e-02 
 1.844954e+01  1.268916e-02 
 1.844994e+01  1.251658e-02 
 1.845033e+01  1.228327e-02 
 1.845073e+01  1.199864e-02 
 1.845113e+01  1.168365e-02 
 1.845153e+01  1.135995e-02 
 1.845192e+01  1.104240e-02 
 1.845232e+01  1.073410e-02 
 1.845272e+01  1.042912e-02 
 1.845312e+01  1.010643e-02 
 1.845351e+01  9.742593e-03 
 1.845391e+01  9.316272e-03 
 1.845431e+01  8.821372e-03 
 1.845471e+01  8.261453e-03 
 1.845511e+01  7.651035e-03 
 1.845550e+01  7.000012e-03 
 1.845590e+01  6.304678e-03 
 1.845630e+01  5.556715e-03 
 1.845670e+01  4.748447e-03 
 1.845709e+01  3.882906e-03 
 1.845749e+01  2.972515e-03 
 1.845789e+01  2.043456e-03 
 1.845829e+01  1.120627e-03 
 1.845868e+01  2.244801e-04 
 1.845908e+01 -6.275455e-04 
 1.845948e+01 -1.436324e-03 
 1.845988e+01 -2.213757e-03 
 1.846028e+01 -2.973692e-03 
 1.846067e+01 -3.723634e-03 
 1.846107e+01 -4.465136e-03 
 1.846147e+01 -5.199531e-03 
 1.846187e+01 -5.929101e-03 
 1.846226e+01 -6.668119e-03 
 1.846266e+01 -7.435851e-03 
 1.846306e+01 -8.254307e-03 
 1.846346e+01 -9.136750e-03 
 1.846385e+01 -1.009024e-02 
 1.846425e+01 -1.110861e-02 
 1.846465e+01 -1.217496e-02 
 1.846505e+01 -1.326162e-02 
 1.846545e+01 -1.434681e-02 
 1.846584e+01 -1.541659e-02 
 1.846624e+01 -1.646863e-02 
 1.846664e+01 -1.750463e-02 
 1.846704e+01 -1.852487e-02 
 1.846743e+01 -1.953438e-02 
 1.846783e+01 -2.053279e-02 
 1.846823e+01 -2.151279e-02 
 1.846863e+01 -2.247281e-02 
 1.846902e+01 -2.340891e-02 
 1.846942e+01 -2.432401e-02 
 1.846982e+01 -2.522170e-02 
 1.847022e+01 -2.609654e-02 
 1.847062e+01 -2.694235e-02 
 1.847101e+01 -2.774492e-02 
 1.847141e+01 -2.848980e-02 
 1.847181e+01 -2.916765e-02 
 1.847221e+01 -2.978623e-02 
 1.847260e+01 -3.035998e-02 
 1.847300e+01 -3.090345e-02 
 1.847340e+01 -3.143297e-02 
 1.847380e+01 -3.195293e-02 
 1.847419e+01 -3.245665e-02 
 1.847459e+01 -3.293648e-02 
 1.847499e+01 -3.338172e-02 
 1.847539e+01 -3.378660e-02 
 1.847579e+01 -3.415592e-02 
 1.847618e+01 -3.449341e-02 
 1.847658e+01 -3.480717e-02 
 1.847698e+01 -3.509881e-02 
 1.847738e+01 -3.536542e-02 
 1.847777e+01 -3.559477e-02 
 1.847817e+01 -3.578718e-02 
 1.847857e+01 -3.594820e-02 
 1.847897e+01 -3.609000e-02 
 1.847936e+01 -3.622477e-02 
 1.847976e+01 -3.636009e-02 
 1.848016e+01 -3.650176e-02 
 1.848056e+01 -3.664988e-02 
 1.848096e+01 -3.680453e-02 
 1.848135e+01 -3.696744e-02 
 1.848175e+01 -3.714075e-02 
 1.848215e+01 -3.732716e-02 
 1.848255e+01 -3.752631e-02 
 1.848294e+01 -3.772288e-02 
 1.848334e+01 -3.789285e-02 
 1.848374e+01 -3.800399e-02 
 1.848414e+01 -3.802970e-02 
 1.848453e+01 -3.794961e-02 
 1.848493e+01 -3.776572e-02 
 1.848533e+01 -3.749394e-02 
 1.848573e+01 -3.715669e-02 
 1.848613e+01 -3.677504e-02 
 1.848652e+01 -3.636132e-02 
 1.848692e+01 -3.591746e-02 
 1.848732e+01 -3.544469e-02 
 1.848772e+01 -3.494402e-02 
 1.848811e+01 -3.441964e-02 
 1.848851e+01 -3.388214e-02 
 1.848891e+01 -3.333957e-02 
 1.848931e+01 -3.279857e-02 
 1.848970e+01 -3.225465e-02 
 1.849010e+01 -3.169517e-02 
 1.849050e+01 -3.110127e-02 
 1.849090e+01 -3.046134e-02 
 1.849130e+01 -2.977383e-02 
 1.849169e+01 -2.905157e-02 
 1.849209e+01 -2.830875e-02 
 1.849249e+01 -2.755937e-02 
 1.849289e+01 -2.681108e-02 
 1.849328e+01 -2.606549e-02 
 1.849368e+01 -2.532859e-02 
 1.849408e+01 -2.460209e-02 
 1.849448e+01 -2.389381e-02 
 1.849487e+01 -2.320786e-02 
 1.849527e+01 -2.255401e-02 
 1.849567e+01 -2.194240e-02 
 1.849607e+01 -2.137800e-02 
 1.849647e+01 -2.086588e-02 
 1.849686e+01 -2.040715e-02 
 1.849726e+01 -2.000664e-02 
 1.849766e+01 -1.967030e-02 
 1.849806e+01 -1.940259e-02 
 1.849845e+01 -1.920288e-02 
 1.849885e+01 -1.906762e-02 
 1.849925e+01 -1.898853e-02 
 1.849965e+01 -1.895479e-02 
 1.850004e+01 -1.895700e-02 
 1.850044e+01 -1.898900e-02 
 1.850084e+01 -1.905259e-02 
 1.850124e+01 -1.914155e-02 
 1.850164e+01 -1.925242e-02 
 1.850203e+01 -1.937260e-02 
 1.850243e+01 -1.948645e-02 
 1.850283e+01 -1.957683e-02 
 1.850323e+01 -1.963154e-02 
 1.850362e+01 -1.965199e-02 
 1.850402e+01 -1.965065e-02 
 1.850442e+01 -1.964983e-02 
 1.850482e+01 -1.967701e-02 
 1.850522e+01 -1.976127e-02 
 1.850561e+01 -1.992117e-02 
 1.850601e+01 -2.016229e-02 
 1.850641e+01 -2.048469e-02 
 1.850681e+01 -2.088313e-02 
 1.850720e+01 -2.134956e-02 
 1.850760e+01 -2.188035e-02 
 1.850800e+01 -2.246725e-02 
 1.850840e+01 -2.310009e-02 
 1.850879e+01 -2.375756e-02 
 1.850919e+01 -2.441424e-02 
 1.850959e+01 -2.504680e-02 
 1.850999e+01 -2.564252e-02 
 1.851039e+01 -2.619692e-02 
 1.851078e+01 -2.671297e-02 
 1.851118e+01 -2.719238e-02 
 1.851158e+01 -2.764729e-02 
 1.851198e+01 -2.808603e-02 
 1.851237e+01 -2.851471e-02 
 1.851277e+01 -2.893665e-02 
 1.851317e+01 -2.935828e-02 
 1.851357e+01 -2.978980e-02 
 1.851396e+01 -3.023713e-02 
 1.851436e+01 -3.071074e-02 
 1.851476e+01 -3.120592e-02 
 1.851516e+01 -3.171138e-02 
 1.851556e+01 -3.220910e-02 
 1.851595e+01 -3.267514e-02 
 1.851635e+01 -3.309197e-02 
 1.851675e+01 -3.344328e-02 
 1.851715e+01 -3.371683e-02 
 1.851754e+01 -3.390704e-02 
 1.851794e+01 -3.401249e-02 
 1.851834e+01 -3.403558e-02 
 1.851874e+01 -3.397872e-02 
 1.851913e+01 -3.383703e-02 
 1.851953e+01 -3.360792e-02 
 1.851993e+01 -3.328862e-02 
 1.852033e+01 -3.287884e-02 
 1.852073e+01 -3.238167e-02 
 1.852112e+01 -3.180037e-02 
 1.852152e+01 -3.114449e-02 
 1.852192e+01 -3.041956e-02 
 1.852232e+01 -2.963936e-02 
 1.852271e+01 -2.882026e-02 
 1.852311e+01 -2.798390e-02 
 1.852351e+01 -2.714628e-02 
 1.852391e+01 -2.632748e-02 
 1.852430e+01 -2.554782e-02 
 1.852470e+01 -2.481908e-02 
 1.852510e+01 -2.414465e-02 
 1.852550e+01 -2.352580e-02 
 1.852590e+01 -2.294977e-02 
 1.852629e+01 -2.240418e-02 
 1.852669e+01 -2.186993e-02 
 1.852709e+01 -2.132541e-02 
 1.852749e+01 -2.074671e-02 
 1.852788e+01 -2.011076e-02 
 1.852828e+01 -1.940671e-02 
 1.852868e+01 -1.863371e-02 
 1.852908e+01 -1.779799e-02 
 1.852947e+01 -1.691314e-02 
 1.852987e+01 -1.599656e-02 
 1.853027e+01 -1.506593e-02 
 1.853067e+01 -1.413169e-02 
 1.853107e+01 -1.320855e-02 
 1.853146e+01 -1.230474e-02 
 1.853186e+01 -1.143840e-02 
 1.853226e+01 -1.061961e-02 
 1.853266e+01 -9.860875e-03 
 1.853305e+01 -9.166316e-03 
 1.853345e+01 -8.531319e-03 
 1.853385e+01 -7.947777e-03 
 1.853425e+01 -7.396344e-03 
 1.853464e+01 -6.855659e-03 
 1.853504e+01 -6.305625e-03 
 1.853544e+01 -5.727025e-03 
 1.853584e+01 -5.095732e-03 
 1.853624e+01 -4.401462e-03 
 1.853663e+01 -3.643834e-03 
 1.853703e+01 -2.836063e-03 
 1.853743e+01 -1.995527e-03 
 1.853783e+01 -1.139407e-03 
 1.853822e+01 -2.830582e-04 
 1.853862e+01  5.653973e-04 
 1.853902e+01  1.403067e-03 
 1.853942e+01  2.231189e-03 
 1.853981e+01  3.047463e-03 
 1.854021e+01  3.847045e-03 
 1.854061e+01  4.621020e-03 
 1.854101e+01  5.352686e-03 
 1.854141e+01  6.023314e-03 
 1.854180e+01  6.624125e-03 
 1.854220e+01  7.155983e-03 
 1.854260e+01  7.615335e-03 
 1.854300e+01  8.007338e-03 
 1.854339e+01  8.331156e-03 
 1.854379e+01  8.587339e-03 
 1.854419e+01  8.778182e-03 
 1.854459e+01  8.908157e-03 
 1.854498e+01  8.989593e-03 
 1.854538e+01  9.037496e-03 
 1.854578e+01  9.079678e-03 
 1.854618e+01  9.139583e-03 
 1.854658e+01  9.230060e-03 
 1.854697e+01  9.357171e-03 
 1.854737e+01  9.509623e-03 
 1.854777e+01  9.676690e-03 
 1.854817e+01  9.842546e-03 
 1.854856e+01  9.996422e-03 
 1.854896e+01  1.013213e-02 
 1.854936e+01  1.023827e-02 
 1.854976e+01  1.029905e-02 
 1.855015e+01  1.029956e-02 
 1.855055e+01  1.022202e-02 
 1.855095e+01  1.005211e-02 
 1.855135e+01  9.774965e-03 
 1.855175e+01  9.393145e-03 
 1.855214e+01  8.917080e-03 
 1.855254e+01  8.362616e-03 
 1.855294e+01  7.748603e-03 
 1.855334e+01  7.087729e-03 
 1.855373e+01  6.386584e-03 
 1.855413e+01  5.653969e-03 
 1.855453e+01  4.898787e-03 
 1.855493e+01  4.132142e-03 
 1.855532e+01  3.354717e-03 
 1.855572e+01  2.563814e-03 
 1.855612e+01  1.749774e-03 
 1.855652e+01  9.023636e-04 
 1.855692e+01  1.045738e-05 
 1.855731e+01 -9.417321e-04 
 1.855771e+01 -1.965065e-03 
 1.855811e+01 -3.061261e-03 
 1.855851e+01 -4.220831e-03 
 1.855890e+01 -5.430588e-03 
 1.855930e+01 -6.674145e-03 
 1.855970e+01 -7.942492e-03 
 1.856010e+01 -9.229757e-03 
 1.856049e+01 -1.052868e-02 
 1.856089e+01 -1.183381e-02 
 1.856129e+01 -1.314301e-02 
 1.856169e+01 -1.444939e-02 
 1.856209e+01 -1.574367e-02 
 1.856248e+01 -1.701420e-02 
 1.856288e+01 -1.825135e-02 
 1.856328e+01 -1.944948e-02 
 1.856368e+01 -2.060741e-02 
 1.856407e+01 -2.172118e-02 
 1.856447e+01 -2.278286e-02 
 1.856487e+01 -2.378175e-02 
 1.856527e+01 -2.470552e-02 
 1.856566e+01 -2.554916e-02 
 1.856606e+01 -2.631597e-02 
 1.856646e+01 -2.701786e-02 
 1.856686e+01 -2.766685e-02 
 1.856726e+01 -2.827044e-02 
 1.856765e+01 -2.883195e-02 
 1.856805e+01 -2.934594e-02 
 1.856845e+01 -2.980168e-02 
 1.856885e+01 -3.019308e-02 
 1.856924e+01 -3.052438e-02 
 1.856964e+01 -3.081013e-02 
 1.857004e+01 -3.107413e-02 
 1.857044e+01 -3.132999e-02 
 1.857083e+01 -3.157807e-02 
 1.857123e+01 -3.180391e-02 
 1.857163e+01 -3.198800e-02 
 1.857203e+01 -3.210933e-02 
 1.857243e+01 -3.215997e-02 
 1.857282e+01 -3.214475e-02 
 1.857322e+01 -3.207721e-02 
 1.857362e+01 -3.197601e-02 
 1.857402e+01 -3.185626e-02 
 1.857441e+01 -3.172372e-02 
 1.857481e+01 -3.158682e-02 
 1.857521e+01 -3.144608e-02 
 1.857561e+01 -3.130677e-02 
 1.857600e+01 -3.117718e-02 
 1.857640e+01 -3.106520e-02 
 1.857680e+01 -3.097374e-02 
 1.857720e+01 -3.089250e-02 
 1.857760e+01 -3.080598e-02 
 1.857799e+01 -3.069329e-02 
 1.857839e+01 -3.053403e-02 
 1.857879e+01 -3.031565e-02 
 1.857919e+01 -3.003693e-02 
 1.857958e+01 -2.969809e-02 
 1.857998e+01 -2.930252e-02 
 1.858038e+01 -2.885886e-02 
 1.858078e+01 -2.837583e-02 
 1.858117e+01 -2.786958e-02 
 1.858157e+01 -2.734909e-02 
 1.858197e+01 -2.682550e-02 
 1.858237e+01 -2.631293e-02 
 1.858277e+01 -2.582218e-02 
 1.858316e+01 -2.536284e-02 
 1.858356e+01 -2.493961e-02 
 1.858396e+01 -2.455309e-02 
 1.858436e+01 -2.420109e-02 
 1.858475e+01 -2.388193e-02 
 1.858515e+01 -2.359753e-02 
 1.858555e+01 -2.334962e-02 
 1.858595e+01 -2.314272e-02 
 1.858634e+01 -2.297001e-02 
 1.858674e+01 -2.282367e-02 
 1.858714e+01 -2.269073e-02 
 1.858754e+01 -2.256010e-02 
 1.858794e+01 -2.242334e-02 
 1.858833e+01 -2.227765e-02 
 1.858873e+01 -2.213530e-02 
 1.858913e+01 -2.201126e-02 
 1.858953e+01 -2.191693e-02 
 1.858992e+01 -2.185598e-02 
 1.859032e+01 -2.182289e-02 
 1.859072e+01 -2.180585e-02 
 1.859112e+01 -2.179358e-02 
 1.859151e+01 -2.178071e-02 
 1.859191e+01 -2.177144e-02 
 1.859231e+01 -2.177730e-02 
 1.859271e+01 -2.181179e-02 
 1.859311e+01 -2.188559e-02 
 1.859350e+01 -2.200580e-02 
 1.859390e+01 -2.216789e-02 
 1.859430e+01 -2.236470e-02 
 1.859470e+01 -2.258791e-02 
 1.859509e+01 -2.283170e-02 
 1.859549e+01 -2.308975e-02 
 1.859589e+01 -2.335543e-02 
 1.859629e+01 -2.361304e-02 
 1.859669e+01 -2.384001e-02 
 1.859708e+01 -2.401595e-02 
 1.859748e+01 -2.412663e-02 
 1.859788e+01 -2.416435e-02 
 1.859828e+01 -2.413803e-02 
 1.859867e+01 -2.407057e-02 
 1.859907e+01 -2.399073e-02 
 1.859947e+01 -2.392870e-02 
 1.859987e+01 -2.390318e-02 
 1.860026e+01 -2.392356e-02 
 1.860066e+01 -2.398815e-02 
 1.860106e+01 -2.409680e-02 
 1.860146e+01 -2.425924e-02 
 1.860186e+01 -2.448778e-02 
 1.860225e+01 -2.479029e-02 
 1.860265e+01 -2.517335e-02 
 1.860305e+01 -2.562671e-02 
 1.860345e+01 -2.613931e-02 
 1.860384e+01 -2.669261e-02 
 1.860424e+01 -2.726718e-02 
 1.860464e+01 -2.784866e-02 
 1.860504e+01 -2.842856e-02 
 1.860543e+01 -2.900076e-02 
 1.860583e+01 -2.956103e-02 
 1.860623e+01 -3.010208e-02 
 1.860663e+01 -3.061157e-02 
 1.860703e+01 -3.108580e-02 
 1.860742e+01 -3.152772e-02 
 1.860782e+01 -3.194739e-02 
 1.860822e+01 -3.236042e-02 
 1.860862e+01 -3.277486e-02 
 1.860901e+01 -3.319990e-02 
 1.860941e+01 -3.362860e-02 
 1.860981e+01 -3.406092e-02 
 1.861021e+01 -3.448665e-02 
 1.861060e+01 -3.490368e-02 
 1.861100e+01 -3.530476e-02 
 1.861140e+01 -3.569051e-02 
 1.861180e+01 -3.605718e-02 
 1.861220e+01 -3.639928e-02 
 1.861259e+01 -3.671044e-02 
 1.861299e+01 -3.698130e-02 
 1.861339e+01 -3.719898e-02 
 1.861379e+01 -3.735794e-02 
 1.861418e+01 -3.746037e-02 
 1.861458e+01 -3.750501e-02 
 1.861498e+01 -3.748970e-02 
 1.861538e+01 -3.740464e-02 
 1.861577e+01 -3.724033e-02 
 1.861617e+01 -3.698676e-02 
 1.861657e+01 -3.663588e-02 
 1.861697e+01 -3.619537e-02 
 1.861737e+01 -3.568473e-02 
 1.861776e+01 -3.513542e-02 
 1.861816e+01 -3.457895e-02 
 1.861856e+01 -3.404146e-02 
 1.861896e+01 -3.353739e-02 
 1.861935e+01 -3.306269e-02 
 1.861975e+01 -3.260473e-02 
 1.862015e+01 -3.215213e-02 
 1.862055e+01 -3.169235e-02 
 1.862094e+01 -3.121803e-02 
 1.862134e+01 -3.072704e-02 
 1.862174e+01 -3.021606e-02 
 1.862214e+01 -2.967956e-02 
 1.862254e+01 -2.909981e-02 
 1.862293e+01 -2.845685e-02 
 1.862333e+01 -2.772817e-02 
 1.862373e+01 -2.690083e-02 
 1.862413e+01 -2.597015e-02 
 1.862452e+01 -2.494331e-02 
 1.862492e+01 -2.383445e-02 
 1.862532e+01 -2.265246e-02 
 1.862572e+01 -2.141107e-02 
 1.862611e+01 -2.012167e-02 
 1.862651e+01 -1.879568e-02 
 1.862691e+01 -1.744986e-02 
 1.862731e+01 -1.610882e-02 
 1.862771e+01 -1.479261e-02 
 1.862810e+01 -1.351682e-02 
 1.862850e+01 -1.229274e-02 
 1.862890e+01 -1.111791e-02 
 1.862930e+01 -9.979015e-03 
 1.862969e+01 -8.860830e-03 
 1.863009e+01 -7.751720e-03 
 1.863049e+01 -6.646994e-03 
 1.863089e+01 -5.552360e-03 
 1.863128e+01 -4.472917e-03 
 1.863168e+01 -3.413945e-03 
 1.863208e+01 -2.369056e-03 
 1.863248e+01 -1.334958e-03 
 1.863288e+01 -3.091199e-04 
 1.863327e+01  7.025903e-04 
 1.863367e+01  1.685998e-03 
 1.863407e+01  2.630419e-03 
 1.863447e+01  3.520628e-03 
 1.863486e+01  4.350406e-03 
 1.863526e+01  5.113494e-03 
 1.863566e+01  5.810473e-03 
 1.863606e+01  6.440118e-03 
 1.863645e+01  6.992824e-03 
 1.863685e+01  7.455068e-03 
 1.863725e+01  7.809158e-03 
 1.863765e+01  8.044528e-03 
 1.863805e+01  8.163903e-03 
 1.863844e+01  8.180262e-03 
 1.863884e+01  8.119157e-03 
 1.863924e+01  8.008420e-03 
 1.863964e+01  7.865451e-03 
 1.864003e+01  7.701034e-03 
 1.864043e+01  7.521948e-03 
 1.864083e+01  7.334387e-03 
 1.864123e+01  7.142457e-03 
 1.864162e+01  6.958623e-03 
 1.864202e+01  6.799156e-03 
 1.864242e+01  6.672106e-03 
 1.864282e+01  6.577665e-03 
 1.864322e+01  6.508387e-03 
 1.864361e+01  6.446290e-03 
 1.864401e+01  6.370057e-03 
 1.864441e+01  6.263280e-03 
 1.864481e+01  6.119707e-03 
 1.864520e+01  5.937705e-03 
 1.864560e+01  5.719785e-03 
 1.864600e+01  5.467458e-03 
 1.864640e+01  5.178143e-03 
 1.864679e+01  4.840571e-03 
 1.864719e+01  4.445028e-03 
 1.864759e+01  3.994177e-03 
 1.864799e+01  3.497251e-03 
 1.864839e+01  2.973341e-03 
 1.864878e+01  2.439703e-03 
 1.864918e+01  1.911625e-03 
 1.864958e+01  1.390549e-03 
 1.864998e+01  8.720917e-04 
 1.865037e+01  3.510460e-04 
 1.865077e+01 -1.824356e-04 
 1.865117e+01 -7.298653e-04 
 1.865157e+01 -1.286898e-03 
 1.865196e+01 -1.842914e-03 
 1.865236e+01 -2.389583e-03 
 1.865276e+01 -2.928728e-03 
 1.865316e+01 -3.470773e-03 
 1.865356e+01 -4.032493e-03 
 1.865395e+01 -4.625464e-03 
 1.865435e+01 -5.254504e-03 
 1.865475e+01 -5.916716e-03 
 1.865515e+01 -6.611257e-03 
 1.865554e+01 -7.331544e-03 
 1.865594e+01 -8.072992e-03 
 1.865634e+01 -8.824638e-03 
 1.865674e+01 -9.579817e-03 
 1.865713e+01 -1.032547e-02 
 1.865753e+01 -1.105031e-02 
 1.865793e+01 -1.174194e-02 
 1.865833e+01 -1.239446e-02 
 1.865873e+01 -1.300504e-02 
 1.865912e+01 -1.357925e-02 
 1.865952e+01 -1.412694e-02 
 1.865992e+01 -1.465791e-02 
 1.866032e+01 -1.517500e-02 
 1.866071e+01 -1.567584e-02 
 1.866111e+01 -1.615920e-02 
 1.866151e+01 -1.662829e-02 
 1.866191e+01 -1.709547e-02 
 1.866230e+01 -1.757308e-02 
 1.866270e+01 -1.807207e-02 
 1.866310e+01 -1.859950e-02 
 1.866350e+01 -1.916169e-02 
 1.866390e+01 -1.975004e-02 
 1.866429e+01 -2.035110e-02 
 1.866469e+01 -2.095144e-02 
 1.866509e+01 -2.154202e-02 
 1.866549e+01 -2.211932e-02 
 1.866588e+01 -2.268639e-02 
 1.866628e+01 -2.324609e-02 
 1.866668e+01 -2.379618e-02 
 1.866708e+01 -2.432560e-02 
 1.866747e+01 -2.481948e-02 
 1.866787e+01 -2.526836e-02 
 1.866827e+01 -2.566897e-02 
 1.866867e+01 -2.602319e-02 
 1.866907e+01 -2.634432e-02 
 1.866946e+01 -2.664894e-02 
 1.866986e+01 -2.694000e-02 
 1.867026e+01 -2.721482e-02 
 1.867066e+01 -2.745838e-02 
 1.867105e+01 -2.766023e-02 
 1.867145e+01 -2.780827e-02 
 1.867185e+01 -2.789886e-02 
 1.867225e+01 -2.793625e-02 
 1.867264e+01 -2.792835e-02 
 1.867304e+01 -2.788074e-02 
 1.867344e+01 -2.779788e-02 
 1.867384e+01 -2.767842e-02 
 1.867424e+01 -2.751372e-02 
 1.867463e+01 -2.729924e-02 
 1.867503e+01 -2.702922e-02 
 1.867543e+01 -2.670005e-02 
 1.867583e+01 -2.630885e-02 
 1.867622e+01 -2.585591e-02 
 1.867662e+01 -2.534705e-02 
 1.867702e+01 -2.479141e-02 
 1.867742e+01 -2.420737e-02 
 1.867781e+01 -2.361008e-02 
 1.867821e+01 -2.301854e-02 
 1.867861e+01 -2.245568e-02 
 1.867901e+01 -2.193375e-02 
 1.867941e+01 -2.146495e-02 
 1.867980e+01 -2.105182e-02 
 1.868020e+01 -2.069222e-02 
 1.868060e+01 -2.038043e-02 
 1.868100e+01 -2.011489e-02 
 1.868139e+01 -1.988812e-02 
 1.868179e+01 -1.970129e-02 
 1.868219e+01 -1.955059e-02 
 1.868259e+01 -1.943446e-02 
 1.868298e+01 -1.935215e-02 
 1.868338e+01 -1.929610e-02 
 1.868378e+01 -1.926018e-02 
 1.868418e+01 -1.923499e-02 
 1.868458e+01 -1.921940e-02 
 1.868497e+01 -1.921646e-02 
 1.868537e+01 -1.922398e-02 
 1.868577e+01 -1.924225e-02 
 1.868617e+01 -1.927383e-02 
 1.868656e+01 -1.932277e-02 
 1.868696e+01 -1.939865e-02 
 1.868736e+01 -1.951505e-02 
 1.868776e+01 -1.969136e-02 
 1.868816e+01 -1.994109e-02 
 1.868855e+01 -2.026788e-02 
 1.868895e+01 -2.066296e-02 
 1.868935e+01 -2.110940e-02 
 1.868975e+01 -2.157978e-02 
 1.869014e+01 -2.205418e-02 
 1.869054e+01 -2.252049e-02 
 1.869094e+01 -2.297208e-02 
 1.869134e+01 -2.341413e-02 
 1.869173e+01 -2.385435e-02 
 1.869213e+01 -2.429202e-02 
 1.869253e+01 -2.472407e-02 
 1.869293e+01 -2.514968e-02 
 1.869333e+01 -2.556491e-02 
 1.869372e+01 -2.597446e-02 
 1.869412e+01 -2.638066e-02 
 1.869452e+01 -2.679633e-02 
 1.869492e+01 -2.722762e-02 
 1.869531e+01 -2.768185e-02 
 1.869571e+01 -2.816400e-02 
 1.869611e+01 -2.867580e-02 
 1.869651e+01 -2.921930e-02 
 1.869690e+01 -2.980132e-02 
 1.869730e+01 -3.043033e-02 
 1.869770e+01 -3.111066e-02 
 1.869810e+01 -3.183870e-02 
 1.869850e+01 -3.260514e-02 
 1.869889e+01 -3.339483e-02 
 1.869929e+01 -3.418581e-02 
 1.869969e+01 -3.495546e-02 
 1.870009e+01 -3.568365e-02 
 1.870048e+01 -3.635412e-02 
 1.870088e+01 -3.695508e-02 
 1.870128e+01 -3.748067e-02 
 1.870168e+01 -3.792709e-02 
 1.870207e+01 -3.828731e-02 
 1.870247e+01 -3.855756e-02 
 1.870287e+01 -3.874809e-02 
 1.870327e+01 -3.886838e-02 
 1.870367e+01 -3.892692e-02 
 1.870406e+01 -3.893133e-02 
 1.870446e+01 -3.888888e-02 
 1.870486e+01 -3.880433e-02 
 1.870526e+01 -3.868849e-02 
 1.870565e+01 -3.855958e-02 
 1.870605e+01 -3.843441e-02 
 1.870645e+01 -3.832969e-02 
 1.870685e+01 -3.825676e-02 
 1.870724e+01 -3.822097e-02 
 1.870764e+01 -3.821118e-02 
 1.870804e+01 -3.819991e-02 
 1.870844e+01 -3.815652e-02 
 1.870884e+01 -3.805437e-02 
 1.870923e+01 -3.787692e-02 
 1.870963e+01 -3.761821e-02 
 1.871003e+01 -3.728646e-02 
 1.871043e+01 -3.689828e-02 
 1.871082e+01 -3.646730e-02 
 1.871122e+01 -3.600549e-02 
 1.871162e+01 -3.552621e-02 
 1.871202e+01 -3.503735e-02 
 1.871241e+01 -3.454393e-02 
 1.871281e+01 -3.406142e-02 
 1.871321e+01 -3.359996e-02 
 1.871361e+01 -3.317192e-02 
 1.871401e+01 -3.277974e-02 
 1.871440e+01 -3.242072e-02 
 1.871480e+01 -3.208376e-02 
 1.871520e+01 -3.175991e-02 
 1.871560e+01 -3.144460e-02 
 1.871599e+01 -3.114019e-02 
 1.871639e+01 -3.084865e-02 
 1.871679e+01 -3.057659e-02 
 1.871719e+01 -3.031686e-02 
 1.871758e+01 -3.005205e-02 
 1.871798e+01 -2.976212e-02 
 1.871838e+01 -2.941632e-02 
 1.871878e+01 -2.899246e-02 
 1.871918e+01 -2.847920e-02 
 1.871957e+01 -2.786960e-02 
 1.871997e+01 -2.716897e-02 
 1.872037e+01 -2.638232e-02 
 1.872077e+01 -2.551610e-02 
 1.872116e+01 -2.457645e-02 
 1.872156e+01 -2.357612e-02 
 1.872196e+01 -2.252980e-02 
 1.872236e+01 -2.146351e-02 
 1.872275e+01 -2.039664e-02 
 1.872315e+01 -1.934959e-02 
 1.872355e+01 -1.832802e-02 
 1.872395e+01 -1.733910e-02 
 1.872435e+01 -1.638354e-02 
 1.872474e+01 -1.546020e-02 
 1.872514e+01 -1.457846e-02 
 1.872554e+01 -1.374273e-02 
 1.872594e+01 -1.295509e-02 
 1.872633e+01 -1.220135e-02 
 1.872673e+01 -1.146486e-02 
 1.872713e+01 -1.071309e-02 
 1.872753e+01 -9.921901e-03 
 1.872792e+01 -9.076902e-03 
 1.872832e+01 -8.179825e-03 
 1.872872e+01 -7.238212e-03 
 1.872912e+01 -6.266608e-03 
 1.872952e+01 -5.282035e-03 
 1.872991e+01 -4.294216e-03 
 1.873031e+01 -3.310699e-03 
 1.873071e+01 -2.341104e-03 
 1.873111e+01 -1.395768e-03 
 1.873150e+01 -4.922985e-04 
 1.873190e+01  3.548483e-04 
 1.873230e+01  1.132995e-03 
 1.873270e+01  1.840908e-03 
 1.873309e+01  2.490115e-03 
 1.873349e+01  3.100935e-03 
 1.873389e+01  3.684967e-03 
 1.873429e+01  4.251251e-03 
 1.873469e+01  4.802764e-03 
 1.873508e+01  5.326317e-03 
 1.873548e+01  5.813851e-03 
 1.873588e+01  6.261759e-03 
 1.873628e+01  6.676789e-03 
 1.873667e+01  7.071849e-03 
 1.873707e+01  7.462697e-03 
 1.873747e+01  7.858370e-03 
 1.873787e+01  8.255851e-03 
 1.873826e+01  8.644436e-03 
 1.873866e+01  9.005910e-03 
 1.873906e+01  9.320546e-03 
 1.873946e+01  9.575924e-03 
 1.873986e+01  9.770535e-03 
 1.874025e+01  9.902289e-03 
 1.874065e+01  9.969255e-03 
 1.874105e+01  9.964684e-03 
 1.874145e+01  9.877843e-03 
 1.874184e+01  9.697572e-03 
 1.874224e+01  9.416887e-03 
 1.874264e+01  9.035515e-03 
 1.874304e+01  8.557912e-03 
 1.874343e+01  7.991805e-03 
 1.874383e+01  7.344840e-03 
 1.874423e+01  6.626741e-03 
 1.874463e+01  5.849612e-03 
 1.874503e+01  5.020211e-03 
 1.874542e+01  4.161003e-03 
 1.874582e+01  3.291385e-03 
 1.874622e+01  2.432051e-03 
 1.874662e+01  1.596532e-03 
 1.874701e+01  7.909753e-04 
 1.874741e+01  1.029603e-05 
 1.874781e+01 -7.581880e-04 
 1.874821e+01 -1.522823e-03 
 1.874860e+01 -2.289755e-03 
 1.874900e+01 -3.064077e-03 
 1.874940e+01 -3.842645e-03 
 1.874980e+01 -4.619862e-03 
 1.875020e+01 -5.396972e-03 
 1.875059e+01 -6.179591e-03 
 1.875099e+01 -6.970658e-03 
 1.875139e+01 -7.768748e-03 
 1.875179e+01 -8.564968e-03 
 1.875218e+01 -9.337192e-03 
 1.875258e+01 -1.006122e-02 
 1.875298e+01 -1.071481e-02 
 1.875338e+01 -1.128645e-02 
 1.875377e+01 -1.178469e-02 
 1.875417e+01 -1.222317e-02 
 1.875457e+01 -1.261851e-02 
 1.875497e+01 -1.299081e-02 
 1.875537e+01 -1.334942e-02 
 1.875576e+01 -1.369045e-02 
 1.875616e+01 -1.401051e-02 
 1.875656e+01 -1.430936e-02 
 1.875696e+01 -1.459652e-02 
 1.875735e+01 -1.488936e-02 
 1.875775e+01 -1.520853e-02 
 1.875815e+01 -1.556271e-02 
 1.875855e+01 -1.594575e-02 
 1.875894e+01 -1.634069e-02 
 1.875934e+01 -1.671973e-02 
 1.875974e+01 -1.706610e-02 
 1.876014e+01 -1.737103e-02 
 1.876054e+01 -1.763584e-02 
 1.876093e+01 -1.787389e-02 
 1.876133e+01 -1.810059e-02 
 1.876173e+01 -1.831977e-02 
 1.876213e+01 -1.853625e-02 
 1.876252e+01 -1.874327e-02 
 1.876292e+01 -1.893527e-02 
 1.876332e+01 -1.910627e-02 
 1.876372e+01 -1.925670e-02 
 1.876411e+01 -1.938986e-02 
 1.876451e+01 -1.950055e-02 
 1.876491e+01 -1.958391e-02 
 1.876531e+01 -1.963246e-02 
 1.876571e+01 -1.963783e-02 
 1.876610e+01 -1.960650e-02 
 1.876650e+01 -1.955326e-02 
 1.876690e+01 -1.949688e-02 
 1.876730e+01 -1.945352e-02 
 1.876769e+01 -1.943793e-02 
 1.876809e+01 -1.945014e-02 
 1.876849e+01 -1.948183e-02 
 1.876889e+01 -1.951861e-02 
 1.876928e+01 -1.954700e-02 
 1.876968e+01 -1.955959e-02 
 1.877008e+01 -1.955998e-02 
 1.877048e+01 -1.954851e-02 
 1.877088e+01 -1.952280e-02 
 1.877127e+01 -1.947861e-02 
 1.877167e+01 -1.940722e-02 
 1.877207e+01 -1.930228e-02 
 1.877247e+01 -1.917175e-02 
 1.877286e+01 -1.902768e-02 
 1.877326e+01 -1.889027e-02 
 1.877366e+01 -1.878020e-02 
 1.877406e+01 -1.871517e-02 
 1.877445e+01 -1.869750e-02 
 1.877485e+01 -1.872367e-02 
 1.877525e+01 -1.878843e-02 
 1.877565e+01 -1.888696e-02 
 1.877605e+01 -1.902716e-02 
 1.877644e+01 -1.921400e-02 
 1.877684e+01 -1.944758e-02 
 1.877724e+01 -1.971804e-02 
 1.877764e+01 -2.000223e-02 
 1.877803e+01 -2.026580e-02 
 1.877843e+01 -2.047685e-02 
 1.877883e+01 -2.061587e-02 
 1.877923e+01 -2.067764e-02 
 1.877963e+01 -2.067770e-02 
 1.878002e+01 -2.064267e-02 
 1.878042e+01 -2.059434e-02 
 1.878082e+01 -2.054180e-02 
 1.878122e+01 -2.048145e-02 
 1.878161e+01 -2.040832e-02 
 1.878201e+01 -2.031901e-02 
 1.878241e+01 -2.022090e-02 
 1.878281e+01 -2.012983e-02 
 1.878320e+01 -2.006716e-02 
 1.878360e+01 -2.004394e-02 
 1.878400e+01 -2.006160e-02 
 1.878440e+01 -2.010868e-02 
 1.878480e+01 -2.017253e-02 
 1.878519e+01 -2.024608e-02 
 1.878559e+01 -2.032914e-02 
 1.878599e+01 -2.043999e-02 
 1.878639e+01 -2.059780e-02 
 1.878678e+01 -2.081419e-02 
 1.878718e+01 -2.108551e-02 
 1.878758e+01 -2.139797e-02 
 1.878798e+01 -2.172749e-02 
 1.878837e+01 -2.205769e-02 
 1.878877e+01 -2.238481e-02 
 1.878917e+01 -2.271746e-02 
 1.878957e+01 -2.306633e-02 
 1.878997e+01 -2.344677e-02 
 1.879036e+01 -2.386891e-02 
 1.879076e+01 -2.433163e-02 
 1.879116e+01 -2.483455e-02 
 1.879156e+01 -2.537873e-02 
 1.879195e+01 -2.596734e-02 
 1.879235e+01 -2.661099e-02 
 1.879275e+01 -2.731646e-02 
 1.879315e+01 -2.808777e-02 
 1.879354e+01 -2.891252e-02 
 1.879394e+01 -2.977600e-02 
 1.879434e+01 -3.066444e-02 
 1.879474e+01 -3.157214e-02 
 1.879514e+01 -3.249803e-02 
 1.879553e+01 -3.344013e-02 
 1.879593e+01 -3.439296e-02 
 1.879633e+01 -3.533639e-02 
 1.879673e+01 -3.623866e-02 
 1.879712e+01 -3.706525e-02 
 1.879752e+01 -3.778753e-02 
 1.879792e+01 -3.839307e-02 
 1.879832e+01 -3.889432e-02 
 1.879871e+01 -3.932362e-02 
 1.879911e+01 -3.971423e-02 
 1.879951e+01 -4.009487e-02 
 1.879991e+01 -4.048084e-02 
 1.880031e+01 -4.087583e-02 
 1.880070e+01 -4.127386e-02 
 1.880110e+01 -4.167514e-02 
 1.880150e+01 -4.208641e-02 
 1.880190e+01 -4.251416e-02 
 1.880229e+01 -4.296418e-02 
 1.880269e+01 -4.343238e-02 
 1.880309e+01 -4.389749e-02 
 1.880349e+01 -4.432602e-02 
 1.880388e+01 -4.468956e-02 
 1.880428e+01 -4.496784e-02 
 1.880468e+01 -4.515765e-02 
 1.880508e+01 -4.527102e-02 
 1.880548e+01 -4.532547e-02 
 1.880587e+01 -4.533268e-02 
 1.880627e+01 -4.529064e-02 
 1.880667e+01 -4.518721e-02 
 1.880707e+01 -4.501071e-02 
 1.880746e+01 -4.474836e-02 
 1.880786e+01 -4.440215e-02 
 1.880826e+01 -4.399482e-02 
 1.880866e+01 -4.354792e-02 
 1.880905e+01 -4.308006e-02 
 1.880945e+01 -4.259761e-02 
 1.880985e+01 -4.209714e-02 
 1.881025e+01 -4.157110e-02 
 1.881065e+01 -4.100453e-02 
 1.881104e+01 -4.039736e-02 
 1.881144e+01 -3.975830e-02 
 1.881184e+01 -3.909300e-02 
 1.881224e+01 -3.840386e-02 
 1.881263e+01 -3.768891e-02 
 1.881303e+01 -3.693354e-02 
 1.881343e+01 -3.612266e-02 
 1.881383e+01 -3.524701e-02 
 1.881422e+01 -3.430506e-02 
 1.881462e+01 -3.329899e-02 
 1.881502e+01 -3.223444e-02 
 1.881542e+01 -3.111420e-02 
 1.881582e+01 -2.993477e-02 
 1.881621e+01 -2.869202e-02 
 1.881661e+01 -2.738672e-02 
 1.881701e+01 -2.602870e-02 
 1.881741e+01 -2.464516e-02 
 1.881780e+01 -2.327209e-02 
 1.881820e+01 -2.195187e-02 
 1.881860e+01 -2.071646e-02 
 1.881900e+01 -1.957893e-02 
 1.881939e+01 -1.853971e-02 
 1.881979e+01 -1.759213e-02 
 1.882019e+01 -1.672739e-02 
 1.882059e+01 -1.593284e-02 
 1.882099e+01 -1.520162e-02 
 1.882138e+01 -1.452702e-02 
 1.882178e+01 -1.388864e-02 
 1.882218e+01 -1.326578e-02 
 1.882258e+01 -1.263322e-02 
 1.882297e+01 -1.197206e-02 
 1.882337e+01 -1.127435e-02 
 1.882377e+01 -1.054176e-02 
 1.882417e+01 -9.794422e-03 
 1.882456e+01 -9.049034e-03 
 1.882496e+01 -8.320447e-03 
 1.882536e+01 -7.607534e-03 
 1.882576e+01 -6.899064e-03 
 1.882616e+01 -6.183355e-03 
 1.882655e+01 -5.452866e-03 
 1.882695e+01 -4.718850e-03 
 1.882735e+01 -4.002080e-03 
 1.882775e+01 -3.330994e-03 
 1.882814e+01 -2.719905e-03 
 1.882854e+01 -2.172259e-03 
 1.882894e+01 -1.676804e-03 
 1.882934e+01 -1.209912e-03 
 1.882973e+01 -7.480112e-04 
 1.883013e+01 -2.833877e-04 
 1.883053e+01  1.861833e-04 
 1.883093e+01  6.448422e-04 
 1.883133e+01  1.082116e-03 
 1.883172e+01  1.494374e-03 
 1.883212e+01  1.888058e-03 
 1.883252e+01  2.276514e-03 
 1.883292e+01  2.668234e-03 
 1.883331e+01  3.071761e-03 
 1.883371e+01  3.476911e-03 
 1.883411e+01  3.867975e-03 
 1.883451e+01  4.230492e-03 
 1.883490e+01  4.553470e-03 
 1.883530e+01  4.831092e-03 
 1.883570e+01  5.062943e-03 
 1.883610e+01  5.251435e-03 
 1.883650e+01  5.385643e-03 
 1.883689e+01  5.452917e-03 
 1.883729e+01  5.438782e-03 
 1.883769e+01  5.329476e-03 
 1.883809e+01  5.122783e-03 
 1.883848e+01  4.825560e-03 
 1.883888e+01  4.455908e-03 
 1.883928e+01  4.033158e-03 
 1.883968e+01  3.572713e-03 
 1.884007e+01  3.084176e-03 
 1.884047e+01  2.579413e-03 
 1.884087e+01  2.067665e-03 
 1.884127e+01  1.563162e-03 
 1.884167e+01  1.081362e-03 
 1.884206e+01  6.290046e-04 
 1.884246e+01  2.075842e-04 
 1.884286e+01 -1.950486e-04 
 1.884326e+01 -5.945867e-04 
 1.884365e+01 -1.008853e-03 
 1.884405e+01 -1.449843e-03 
 1.884445e+01 -1.915374e-03 
 1.884485e+01 -2.402314e-03 
 1.884524e+01 -2.902909e-03 
 1.884564e+01 -3.416245e-03 
 1.884604e+01 -3.949811e-03 
 1.884644e+01 -4.518615e-03 
 1.884684e+01 -5.133523e-03 
 1.884723e+01 -5.794001e-03 
 1.884763e+01 -6.487453e-03 
 1.884803e+01 -7.187833e-03 
 1.884843e+01 -7.872851e-03 
 1.884882e+01 -8.523862e-03 
 1.884922e+01 -9.135920e-03 
 1.884962e+01 -9.720754e-03 
 1.885002e+01 -1.029428e-02 
 1.885041e+01 -1.087564e-02 
 1.885081e+01 -1.147510e-02 
 1.885121e+01 -1.209264e-02 
 1.885161e+01 -1.271636e-02 
 1.885201e+01 -1.333658e-02 
 1.885240e+01 -1.395160e-02 
 1.885280e+01 -1.456161e-02 
 1.885320e+01 -1.517440e-02 
 1.885360e+01 -1.579272e-02 
 1.885399e+01 -1.641270e-02 
 1.885439e+01 -1.701626e-02 
 1.885479e+01 -1.758569e-02 
 1.885519e+01 -1.810026e-02 
 1.885558e+01 -1.854684e-02 
 1.885598e+01 -1.892745e-02 
 1.885638e+01 -1.925575e-02 
 1.885678e+01 -1.954509e-02 
 1.885718e+01 -1.979879e-02 
 1.885757e+01 -2.000903e-02 
 1.885797e+01 -2.015925e-02 
 1.885837e+01 -2.022657e-02 
 1.885877e+01 -2.020276e-02 
 1.885916e+01 -2.008580e-02 
 1.885956e+01 -1.988876e-02 
 1.885996e+01 -1.962761e-02 
 1.886036e+01 -1.931418e-02 
 1.886075e+01 -1.895763e-02 
 1.886115e+01 -1.856289e-02 
 1.886155e+01 -1.812958e-02 
 1.886195e+01 -1.765904e-02 
 1.886235e+01 -1.716660e-02 
 1.886274e+01 -1.666969e-02 
 1.886314e+01 -1.618374e-02 
 1.886354e+01 -1.571810e-02 
 1.886394e+01 -1.526676e-02 
 1.886433e+01 -1.481616e-02 
 1.886473e+01 -1.435248e-02 
 1.886513e+01 -1.387430e-02 
 1.886553e+01 -1.338309e-02 
 1.886592e+01 -1.288140e-02 
 1.886632e+01 -1.237542e-02 
 1.886672e+01 -1.185878e-02 
 1.886712e+01 -1.132757e-02 
 1.886752e+01 -1.077953e-02 
 1.886791e+01 -1.021929e-02 
 1.886831e+01 -9.661525e-03 
 1.886871e+01 -9.137262e-03 
 1.886911e+01 -8.676829e-03 
 1.886950e+01 -8.298244e-03 
 1.886990e+01 -8.009049e-03 
 1.887030e+01 -7.802501e-03 
 1.887070e+01 -7.663318e-03 
 1.887110e+01 -7.584737e-03 
 1.887149e+01 -7.558208e-03 
 1.887189e+01 -7.585687e-03 
 1.887229e+01 -7.668885e-03 
 1.887269e+01 -7.802808e-03 
 1.887308e+01 -7.971320e-03 
 1.887348e+01 -8.152953e-03 
 1.887388e+01 -8.323259e-03 
 1.887428e+01 -8.465528e-03 
 1.887467e+01 -8.581545e-03 
 1.887507e+01 -8.686842e-03 
 1.887547e+01 -8.794364e-03 
 1.887587e+01 -8.919225e-03 
 1.887627e+01 -9.069409e-03 
 1.887666e+01 -9.237692e-03 
 1.887706e+01 -9.419635e-03 
 1.887746e+01 -9.614430e-03 
 1.887786e+01 -9.828724e-03 
 1.887825e+01 -1.007855e-02 
 1.887865e+01 -1.039065e-02 
 1.887905e+01 -1.078831e-02 
 1.887945e+01 -1.128207e-02 
 1.887984e+01 -1.187091e-02 
 1.888024e+01 -1.254353e-02 
 1.888064e+01 -1.327940e-02 
 1.888104e+01 -1.406139e-02 
 1.888144e+01 -1.487963e-02 
 1.888183e+01 -1.573159e-02 
 1.888223e+01 -1.661298e-02 
 1.888263e+01 -1.752391e-02 
 1.888303e+01 -1.845628e-02 
 1.888342e+01 -1.940183e-02 
 1.888382e+01 -2.034818e-02 
 1.888422e+01 -2.128108e-02 
 1.888462e+01 -2.219333e-02 
 1.888501e+01 -2.308055e-02 
 1.888541e+01 -2.394158e-02 
 1.888581e+01 -2.477942e-02 
 1.888621e+01 -2.559694e-02 
 1.888661e+01 -2.639827e-02 
 1.888700e+01 -2.718792e-02 
 1.888740e+01 -2.797807e-02 
 1.888780e+01 -2.878531e-02 
 1.888820e+01 -2.962118e-02 
 1.888859e+01 -3.049233e-02 
 1.888899e+01 -3.140017e-02 
 1.888939e+01 -3.233242e-02 
 1.888979e+01 -3.327155e-02 
 1.889018e+01 -3.420182e-02 
 1.889058e+01 -3.510378e-02 
 1.889098e+01 -3.596968e-02 
 1.889138e+01 -3.679580e-02 
 1.889178e+01 -3.757462e-02 
 1.889217e+01 -3.829651e-02 
 1.889257e+01 -3.894797e-02 
 1.889297e+01 -3.951715e-02 
 1.889337e+01 -4.000354e-02 
 1.889376e+01 -4.042056e-02 
 1.889416e+01 -4.078705e-02 
 1.889456e+01 -4.112698e-02 
 1.889496e+01 -4.145752e-02 
 1.889535e+01 -4.178671e-02 
 1.889575e+01 -4.211405e-02 
 1.889615e+01 -4.244090e-02 
 1.889655e+01 -4.277056e-02 
 1.889695e+01 -4.311793e-02 
 1.889734e+01 -4.349904e-02 
 1.889774e+01 -4.393018e-02 
 1.889814e+01 -4.441552e-02 
 1.889854e+01 -4.494427e-02 
 1.889893e+01 -4.548697e-02 
 1.889933e+01 -4.600972e-02 
 1.889973e+01 -4.648667e-02 
 1.890013e+01 -4.690367e-02 
 1.890052e+01 -4.725166e-02 
 1.890092e+01 -4.753182e-02 
 1.890132e+01 -4.774502e-02 
 1.890172e+01 -4.788796e-02 
 1.890212e+01 -4.795902e-02 
 1.890251e+01 -4.795361e-02 
 1.890291e+01 -4.786912e-02 
 1.890331e+01 -4.771124e-02 
 1.890371e+01 -4.748935e-02 
 1.890410e+01 -4.721078e-02 
 1.890450e+01 -4.688386e-02 
 1.890490e+01 -4.651393e-02 
 1.890530e+01 -4.609886e-02 
 1.890569e+01 -4.563876e-02 
 1.890609e+01 -4.513978e-02 
 1.890649e+01 -4.461105e-02 
 1.890689e+01 -4.405548e-02 
 1.890729e+01 -4.348099e-02 
 1.890768e+01 -4.288607e-02 
 1.890808e+01 -4.226380e-02 
 1.890848e+01 -4.160721e-02 
 1.890888e+01 -4.090427e-02 
 1.890927e+01 -4.013858e-02 
 1.890967e+01 -3.930099e-02 
 1.891007e+01 -3.838072e-02 
 1.891047e+01 -3.737365e-02 
 1.891086e+01 -3.627911e-02 
 1.891126e+01 -3.510322e-02 
 1.891166e+01 -3.385869e-02 
 1.891206e+01 -3.255798e-02 
 1.891246e+01 -3.122813e-02 
 1.891285e+01 -2.989525e-02 
 1.891325e+01 -2.858234e-02 
 1.891365e+01 -2.730192e-02 
 1.891405e+01 -2.605769e-02 
 1.891444e+01 -2.484788e-02 
 1.891484e+01 -2.367035e-02 
 1.891524e+01 -2.251964e-02 
 1.891564e+01 -2.139937e-02 
 1.891603e+01 -2.031280e-02 
 1.891643e+01 -1.926117e-02 
 1.891683e+01 -1.824242e-02 
 1.891723e+01 -1.724535e-02 
 1.891763e+01 -1.625300e-02 
 1.891802e+01 -1.524593e-02 
 1.891842e+01 -1.420634e-02 
 1.891882e+01 -1.313148e-02 
 1.891922e+01 -1.202078e-02 
 1.891961e+01 -1.088096e-02 
 1.892001e+01 -9.728371e-03 
 1.892041e+01 -8.570566e-03 
 1.892081e+01 -7.415597e-03 
 1.892120e+01 -6.271582e-03 
 1.892160e+01 -5.143907e-03 
 1.892200e+01 -4.043219e-03 
 1.892240e+01 -2.985426e-03 
 1.892280e+01 -1.991635e-03 
 1.892319e+01 -1.082065e-03 
 1.892359e+01 -2.673371e-04 
 1.892399e+01  4.502086e-04 
 1.892439e+01  1.074268e-03 
 1.892478e+01  1.614489e-03 
 1.892518e+01  2.079036e-03 
 1.892558e+01  2.475031e-03 
 1.892598e+01  2.802443e-03 
 1.892637e+01  3.063041e-03 
 1.892677e+01  3.258083e-03 
 1.892717e+01  3.388518e-03 
 1.892757e+01  3.464858e-03 
 1.892797e+01  3.501939e-03 
 1.892836e+01  3.513820e-03 
 1.892876e+01  3.502525e-03 
 1.892916e+01  3.463795e-03 
 1.892956e+01  3.389876e-03 
 1.892995e+01  3.268845e-03 
 1.893035e+01  3.093016e-03 
 1.893075e+01  2.853236e-03 
 1.893115e+01  2.544683e-03 
 1.893154e+01  2.161480e-03 
 1.893194e+01  1.702413e-03 
 1.893234e+01  1.174817e-03 
 1.893274e+01  5.876586e-04 
 1.893314e+01 -4.846037e-05 
 1.893353e+01 -7.213956e-04 
 1.893393e+01 -1.413761e-03 
 1.893433e+01 -2.113048e-03 
 1.893473e+01 -2.812802e-03 
 1.893512e+01 -3.505666e-03 
 1.893552e+01 -4.185735e-03 
 1.893592e+01 -4.844390e-03 
 1.893632e+01 -5.471910e-03 
 1.893671e+01 -6.055435e-03 
 1.893711e+01 -6.584890e-03 
 1.893751e+01 -7.063464e-03 
 1.893791e+01 -7.493119e-03 
 1.893831e+01 -7.882349e-03 
 1.893870e+01 -8.242863e-03 
 1.893910e+01 -8.585523e-03 
 1.893950e+01 -8.917595e-03 
 1.893990e+01 -9.244686e-03 
 1.894029e+01 -9.567881e-03 
 1.894069e+01 -9.892092e-03 
 1.894109e+01 -1.022273e-02 
 1.894149e+01 -1.056867e-02 
 1.894188e+01 -1.093350e-02 
 1.894228e+01 -1.132024e-02 
 1.894268e+01 -1.172541e-02 
 1.894308e+01 -1.213650e-02 
 1.894348e+01 -1.254162e-02 
 1.894387e+01 -1.292847e-02 
 1.894427e+01 -1.328602e-02 
 1.894467e+01 -1.361029e-02 
 1.894507e+01 -1.390215e-02 
 1.894546e+01 -1.416398e-02 
 1.894586e+01 -1.440088e-02 
 1.894626e+01 -1.461554e-02 
 1.894666e+01 -1.480381e-02 
 1.894705e+01 -1.496636e-02 
 1.894745e+01 -1.509796e-02 
 1.894785e+01 -1.520489e-02 
 1.894825e+01 -1.529298e-02 
 1.894865e+01 -1.537142e-02 
 1.894904e+01 -1.544609e-02 
 1.894944e+01 -1.551870e-02 
 1.894984e+01 -1.558816e-02 
 1.895024e+01 -1.564722e-02 
 1.895063e+01 -1.568172e-02 
 1.895103e+01 -1.568255e-02 
 1.895143e+01 -1.564245e-02 
 1.895183e+01 -1.555228e-02 
 1.895222e+01 -1.541473e-02 
 1.895262e+01 -1.523244e-02 
 1.895302e+01 -1.500396e-02 
 1.895342e+01 -1.472944e-02 
 1.895382e+01 -1.441166e-02 
 1.895421e+01 -1.405148e-02 
 1.895461e+01 -1.365225e-02 
 1.895501e+01 -1.321629e-02 
 1.895541e+01 -1.275226e-02 
 1.895580e+01 -1.227054e-02 
 1.895620e+01 -1.178373e-02 
 1.895660e+01 -1.130340e-02 
 1.895700e+01 -1.084149e-02 
 1.895739e+01 -1.040634e-02 
 1.895779e+01 -1.000403e-02 
 1.895819e+01 -9.632472e-03 
 1.895859e+01 -9.295745e-03 
 1.895899e+01 -8.989052e-03 
 1.895938e+01 -8.705094e-03 
 1.895978e+01 -8.438746e-03 
 1.896018e+01 -8.183553e-03 
 1.896058e+01 -7.935084e-03 
 1.896097e+01 -7.688911e-03 
 1.896137e+01 -7.441315e-03 
 1.896177e+01 -7.182952e-03 
 1.896217e+01 -6.902988e-03 
 1.896257e+01 -6.599520e-03 
 1.896296e+01 -6.270909e-03 
 1.896336e+01 -5.925911e-03 
 1.896376e+01 -5.580225e-03 
 1.896416e+01 -5.245647e-03 
 1.896455e+01 -4.935028e-03 
 1.896495e+01 -4.653965e-03 
 1.896535e+01 -4.399293e-03 
 1.896575e+01 -4.163969e-03 
 1.896614e+01 -3.944957e-03 
 1.896654e+01 -3.746463e-03 
 1.896694e+01 -3.577902e-03 
 1.896734e+01 -3.450456e-03 
 1.896774e+01 -3.373664e-03 
 1.896813e+01 -3.344605e-03 
 1.896853e+01 -3.354734e-03 
 1.896893e+01 -3.390575e-03 
 1.896933e+01 -3.434661e-03 
 1.896972e+01 -3.474422e-03 
 1.897012e+01 -3.501158e-03 
 1.897052e+01 -3.515287e-03 
 1.897092e+01 -3.525434e-03 
 1.897131e+01 -3.541875e-03 
 1.897171e+01 -3.573283e-03 
 1.897211e+01 -3.628966e-03 
 1.897251e+01 -3.725897e-03 
 1.897291e+01 -3.876808e-03 
 1.897330e+01 -4.097817e-03 
 1.897370e+01 -4.405397e-03 
 1.897410e+01 -4.812611e-03 
 1.897450e+01 -5.328253e-03 
 1.897489e+01 -5.958757e-03 
 1.897529e+01 -6.702817e-03 
 1.897569e+01 -7.553952e-03 
 1.897609e+01 -8.502550e-03 
 1.897648e+01 -9.531552e-03 
 1.897688e+01 -1.062754e-02 
 1.897728e+01 -1.177990e-02 
 1.897768e+01 -1.297423e-02 
 1.897808e+01 -1.419030e-02 
 1.897847e+01 -1.541399e-02 
 1.897887e+01 -1.663817e-02 
 1.897927e+01 -1.785288e-02 
 1.897967e+01 -1.905639e-02 
 1.898006e+01 -2.024589e-02 
 1.898046e+01 -2.142138e-02 
 1.898086e+01 -2.258309e-02 
 1.898126e+01 -2.373268e-02 
 1.898165e+01 -2.487731e-02 
 1.898205e+01 -2.602368e-02 
 1.898245e+01 -2.718156e-02 
 1.898285e+01 -2.835781e-02 
 1.898325e+01 -2.955955e-02 
 1.898364e+01 -3.078597e-02 
 1.898404e+01 -3.202738e-02 
 1.898444e+01 -3.326960e-02 
 1.898484e+01 -3.449788e-02 
 1.898523e+01 -3.570344e-02 
 1.898563e+01 -3.688520e-02 
 1.898603e+01 -3.804933e-02 
 1.898643e+01 -3.919093e-02 
 1.898682e+01 -4.030492e-02 
 1.898722e+01 -4.137961e-02 
 1.898762e+01 -4.240002e-02 
 1.898802e+01 -4.334846e-02 
 1.898842e+01 -4.421101e-02 
 1.898881e+01 -4.498256e-02 
 1.898921e+01 -4.566460e-02 
 1.898961e+01 -4.626339e-02 
 1.899001e+01 -4.679498e-02 
 1.899040e+01 -4.727243e-02 
 1.899080e+01 -4.770157e-02 
 1.899120e+01 -4.809182e-02 
 1.899160e+01 -4.845777e-02 
 1.899199e+01 -4.881422e-02 
 1.899239e+01 -4.917512e-02 
 1.899279e+01 -4.955599e-02 
 1.899319e+01 -4.995782e-02 
 1.899359e+01 -5.037349e-02 
 1.899398e+01 -5.078553e-02 
 1.899438e+01 -5.116890e-02 
 1.899478e+01 -5.149415e-02 
 1.899518e+01 -5.173730e-02 
 1.899557e+01 -5.188329e-02 
 1.899597e+01 -5.192378e-02 
 1.899637e+01 -5.185545e-02 
 1.899677e+01 -5.167805e-02 
 1.899716e+01 -5.138945e-02 
 1.899756e+01 -5.099137e-02 
 1.899796e+01 -5.048643e-02 
 1.899836e+01 -4.988156e-02 
 1.899876e+01 -4.918770e-02 
 1.899915e+01 -4.842086e-02 
 1.899955e+01 -4.759799e-02 
 1.899995e+01 -4.673653e-02 
 1.900035e+01 -4.585574e-02 
 1.900074e+01 -4.497152e-02 
 1.900114e+01 -4.410094e-02 
 1.900154e+01 -4.324925e-02 
 1.900194e+01 -4.242128e-02 
 1.900233e+01 -4.161403e-02 
 1.900273e+01 -4.081838e-02 
 1.900313e+01 -4.002186e-02 
 1.900353e+01 -3.921468e-02 
 1.900393e+01 -3.838966e-02 
 1.900432e+01 -3.754562e-02 
 1.900472e+01 -3.668625e-02 
 1.900512e+01 -3.581800e-02 
 1.900552e+01 -3.494178e-02 
 1.900591e+01 -3.405421e-02 
 1.900631e+01 -3.314716e-02 
 1.900671e+01 -3.222204e-02 
 1.900711e+01 -3.127597e-02 
 1.900750e+01 -3.031392e-02 
 1.900790e+01 -2.934732e-02 
 1.900830e+01 -2.839060e-02 
 1.900870e+01 -2.745300e-02 
 1.900910e+01 -2.653862e-02 
 1.900949e+01 -2.565222e-02 
 1.900989e+01 -2.478839e-02 
 1.901029e+01 -2.394889e-02 
 1.901069e+01 -2.313822e-02 
 1.901108e+01 -2.236288e-02 
 1.901148e+01 -2.163126e-02 
 1.901188e+01 -2.094923e-02 
 1.901228e+01 -2.031420e-02 
 1.901267e+01 -1.971280e-02 
 1.901307e+01 -1.912056e-02 
 1.901347e+01 -1.851087e-02 
 1.901387e+01 -1.786716e-02 
 1.901427e+01 -1.717254e-02 
 1.901466e+01 -1.642361e-02 
 1.901506e+01 -1.562282e-02 
 1.901546e+01 -1.477523e-02 
 1.901586e+01 -1.389176e-02 
 1.901625e+01 -1.298673e-02 
 1.901665e+01 -1.207094e-02 
 1.901705e+01 -1.115690e-02 
 1.901745e+01 -1.025786e-02 
 1.901784e+01 -9.389728e-03 
 1.901824e+01 -8.570784e-03 
 1.901864e+01 -7.823069e-03 
 1.901904e+01 -7.160632e-03 
 1.901944e+01 -6.590910e-03 
 1.901983e+01 -6.117551e-03 
 1.902023e+01 -5.741650e-03 
 1.902063e+01 -5.453442e-03 
 1.902103e+01 -5.237489e-03 
 1.902142e+01 -5.076730e-03 
 1.902182e+01 -4.958070e-03 
 1.902222e+01 -4.864034e-03 
 1.902262e+01 -4.787385e-03 
 1.902301e+01 -4.724330e-03 
 1.902341e+01 -4.676771e-03 
 1.902381e+01 -4.647834e-03 
 1.902421e+01 -4.637825e-03 
 1.902461e+01 -4.652642e-03 
 1.902500e+01 -4.699277e-03 
 1.902540e+01 -4.779762e-03 
 1.902580e+01 -4.898024e-03 
 1.902620e+01 -5.056103e-03 
 1.902659e+01 -5.257059e-03 
 1.902699e+01 -5.502827e-03 
 1.902739e+01 -5.791176e-03 
 1.902779e+01 -6.118475e-03 
 1.902818e+01 -6.475146e-03 
 1.902858e+01 -6.853786e-03 
 1.902898e+01 -7.247783e-03 
 1.902938e+01 -7.654329e-03 
 1.902978e+01 -8.070679e-03 
 1.903017e+01 -8.500066e-03 
 1.903057e+01 -8.944961e-03 
 1.903097e+01 -9.398959e-03 
 1.903137e+01 -9.858903e-03 
 1.903176e+01 -1.031535e-02 
 1.903216e+01 -1.075611e-02 
 1.903256e+01 -1.117001e-02 
 1.903296e+01 -1.155756e-02 
 1.903335e+01 -1.191975e-02 
 1.903375e+01 -1.226851e-02 
 1.903415e+01 -1.261345e-02 
 1.903455e+01 -1.295672e-02 
 1.903495e+01 -1.330352e-02 
 1.903534e+01 -1.364705e-02 
 1.903574e+01 -1.398360e-02 
 1.903614e+01 -1.432159e-02 
 1.903654e+01 -1.466772e-02 
 1.903693e+01 -1.503352e-02 
 1.903733e+01 -1.542949e-02 
 1.903773e+01 -1.585902e-02 
 1.903813e+01 -1.631442e-02 
 1.903852e+01 -1.676993e-02 
 1.903892e+01 -1.720499e-02 
 1.903932e+01 -1.759806e-02 
 1.903972e+01 -1.792880e-02 
 1.904012e+01 -1.819445e-02 
 1.904051e+01 -1.838732e-02 
 1.904091e+01 -1.850570e-02 
 1.904131e+01 -1.854807e-02 
 1.904171e+01 -1.851388e-02 
 1.904210e+01 -1.840755e-02 
 1.904250e+01 -1.823303e-02 
 1.904290e+01 -1.799780e-02 
 1.904330e+01 -1.771054e-02 
 1.904369e+01 -1.738516e-02 
 1.904409e+01 -1.703307e-02 
 1.904449e+01 -1.665458e-02 
 1.904489e+01 -1.625046e-02 
 1.904529e+01 -1.581799e-02 
 1.904568e+01 -1.534475e-02 
 1.904608e+01 -1.482312e-02 
 1.904648e+01 -1.424471e-02 
 1.904688e+01 -1.360374e-02 
 1.904727e+01 -1.289214e-02 
 1.904767e+01 -1.211364e-02 
 1.904807e+01 -1.127500e-02 
 1.904847e+01 -1.038678e-02 
 1.904886e+01 -9.463023e-03 
 1.904926e+01 -8.520550e-03 
 1.904966e+01 -7.570270e-03 
 1.905006e+01 -6.621905e-03 
 1.905046e+01 -5.682028e-03 
 1.905085e+01 -4.754162e-03 
 1.905125e+01 -3.843353e-03 
 1.905165e+01 -2.956457e-03 
 1.905205e+01 -2.104820e-03 
 1.905244e+01 -1.305697e-03 
 1.905284e+01 -5.700806e-04 
 1.905324e+01  9.967051e-05 
 1.905364e+01  7.046362e-04 
 1.905403e+01  1.256203e-03 
 1.905443e+01  1.766669e-03 
 1.905483e+01  2.242844e-03 
 1.905523e+01  2.688258e-03 
 1.905563e+01  3.101701e-03 
 1.905602e+01  3.480093e-03 
 1.905642e+01  3.812414e-03 
 1.905682e+01  4.102854e-03 
 1.905722e+01  4.360738e-03 
 1.905761e+01  4.598994e-03 
 1.905801e+01  4.826714e-03 
 1.905841e+01  5.051069e-03 
 1.905881e+01  5.274580e-03 
 1.905921e+01  5.495752e-03 
 1.905960e+01  5.704020e-03 
 1.906000e+01  5.888184e-03 
 1.906040e+01  6.038796e-03 
 1.906080e+01  6.145290e-03 
 1.906119e+01  6.200075e-03 
 1.906159e+01  6.194819e-03 
 1.906199e+01  6.125013e-03 
 1.906239e+01  5.977307e-03 
 1.906278e+01  5.745433e-03 
 1.906318e+01  5.429962e-03 
 1.906358e+01  5.037384e-03 
 1.906398e+01  4.578378e-03 
 1.906438e+01  4.071815e-03 
 1.906477e+01  3.536720e-03 
 1.906517e+01  2.990812e-03 
 1.906557e+01  2.446685e-03 
 1.906597e+01  1.906681e-03 
 1.906636e+01  1.369086e-03 
 1.906676e+01  8.270554e-04 
 1.906716e+01  2.675802e-04 
 1.906756e+01 -3.180941e-04 
 1.906795e+01 -9.384139e-04 
 1.906835e+01 -1.607158e-03 
 1.906875e+01 -2.337357e-03 
 1.906915e+01 -3.136947e-03 
 1.906955e+01 -4.007216e-03 
 1.906994e+01 -4.952038e-03 
 1.907034e+01 -5.970583e-03 
 1.907074e+01 -7.057519e-03 
 1.907114e+01 -8.210934e-03 
 1.907153e+01 -9.415973e-03 
 1.907193e+01 -1.065437e-02 
 1.907233e+01 -1.190239e-02 
 1.907273e+01 -1.314382e-02 
 1.907312e+01 -1.436047e-02 
 1.907352e+01 -1.554280e-02 
 1.907392e+01 -1.668190e-02 
 1.907432e+01 -1.777329e-02 
 1.907472e+01 -1.882479e-02 
 1.907511e+01 -1.983731e-02 
 1.907551e+01 -2.081754e-02 
 1.907591e+01 -2.176820e-02 
 1.907631e+01 -2.268803e-02 
 1.907670e+01 -2.357661e-02 
 1.907710e+01 -2.444091e-02 
 1.907750e+01 -2.529035e-02 
 1.907790e+01 -2.613121e-02 
 1.907829e+01 -2.696971e-02 
 1.907869e+01 -2.781373e-02 
 1.907909e+01 -2.866639e-02 
 1.907949e+01 -2.952777e-02 
 1.907989e+01 -3.040428e-02 
 1.908028e+01 -3.130070e-02 
 1.908068e+01 -3.221943e-02 
 1.908108e+01 -3.316628e-02 
 1.908148e+01 -3.414596e-02 
 1.908187e+01 -3.515411e-02 
 1.908227e+01 -3.617273e-02 
 1.908267e+01 -3.718080e-02 
 1.908307e+01 -3.815625e-02 
 1.908346e+01 -3.907618e-02 
 1.908386e+01 -3.992688e-02 
 1.908426e+01 -4.070331e-02 
 1.908466e+01 -4.140985e-02 
 1.908506e+01 -4.206154e-02 
 1.908545e+01 -4.266774e-02 
 1.908585e+01 -4.323927e-02 
 1.908625e+01 -4.378619e-02 
 1.908665e+01 -4.431504e-02 
 1.908704e+01 -4.482982e-02 
 1.908744e+01 -4.533913e-02 
 1.908784e+01 -4.584556e-02 
 1.908824e+01 -4.635749e-02 
 1.908863e+01 -4.687501e-02 
 1.908903e+01 -4.739573e-02 
 1.908943e+01 -4.791253e-02 
 1.908983e+01 -4.841084e-02 
 1.909023e+01 -4.886575e-02 
 1.909062e+01 -4.924688e-02 
 1.909102e+01 -4.953000e-02 
 1.909142e+01 -4.969384e-02 
 1.909182e+01 -4.972335e-02 
 1.909221e+01 -4.961806e-02 
 1.909261e+01 -4.938477e-02 
 1.909301e+01 -4.903620e-02 
 1.909341e+01 -4.858884e-02 
 1.909380e+01 -4.805774e-02 
 1.909420e+01 -4.746005e-02 
 1.909460e+01 -4.681063e-02 
 1.909500e+01 -4.612348e-02 
 1.909540e+01 -4.541333e-02 
 1.909579e+01 -4.468987e-02 
 1.909619e+01 -4.396933e-02 
 1.909659e+01 -4.325625e-02 
 1.909699e+01 -4.255807e-02 
 1.909738e+01 -4.187016e-02 
 1.909778e+01 -4.118584e-02 
 1.909818e+01 -4.049942e-02 
 1.909858e+01 -3.980145e-02 
 1.909897e+01 -3.909002e-02 
 1.909937e+01 -3.836018e-02 
 1.909977e+01 -3.761323e-02 
 1.910017e+01 -3.685082e-02 
 1.910057e+01 -3.607462e-02 
 1.910096e+01 -3.527824e-02 
 1.910136e+01 -3.445504e-02 
 1.910176e+01 -3.359557e-02 
 1.910216e+01 -3.269395e-02 
 1.910255e+01 -3.174884e-02 
 1.910295e+01 -3.076654e-02 
 1.910335e+01 -2.975903e-02 
 1.910375e+01 -2.874525e-02 
 1.910414e+01 -2.774391e-02 
 1.910454e+01 -2.676987e-02 
 1.910494e+01 -2.583139e-02 
 1.910534e+01 -2.493278e-02 
 1.910574e+01 -2.407585e-02 
 1.910613e+01 -2.326132e-02 
 1.910653e+01 -2.249775e-02 
 1.910693e+01 -2.179041e-02 
 1.910733e+01 -2.114727e-02 
 1.910772e+01 -2.056657e-02 
 1.910812e+01 -2.004144e-02 
 1.910852e+01 -1.955760e-02 
 1.910892e+01 -1.909687e-02 
 1.910931e+01 -1.864029e-02 
 1.910971e+01 -1.817322e-02 
 1.911011e+01 -1.768766e-02 
 1.911051e+01 -1.717942e-02 
 1.911091e+01 -1.665516e-02 
 1.911130e+01 -1.612229e-02 
 1.911170e+01 -1.559390e-02 
 1.911210e+01 -1.508306e-02 
 1.911250e+01 -1.461137e-02 
 1.911289e+01 -1.419899e-02 
 1.911329e+01 -1.386309e-02 
 1.911369e+01 -1.361693e-02 
 1.911409e+01 -1.347150e-02 
 1.911448e+01 -1.342830e-02 
 1.911488e+01 -1.348197e-02 
 1.911528e+01 -1.362143e-02 
 1.911568e+01 -1.383094e-02 
 1.911608e+01 -1.409497e-02 
 1.911647e+01 -1.439954e-02 
 1.911687e+01 -1.473529e-02 
 1.911727e+01 -1.508951e-02 
 1.911767e+01 -1.544612e-02 
 1.911806e+01 -1.579949e-02 
 1.911846e+01 -1.614483e-02 
 1.911886e+01 -1.647800e-02 
 1.911926e+01 -1.679152e-02 
 1.911965e+01 -1.708109e-02 
 1.912005e+01 -1.733973e-02 
 1.912045e+01 -1.756252e-02 
 1.912085e+01 -1.775160e-02 
 1.912125e+01 -1.791093e-02 
 1.912164e+01 -1.804229e-02 
 1.912204e+01 -1.815140e-02 
 1.912244e+01 -1.824951e-02 
 1.912284e+01 -1.834779e-02 
 1.912323e+01 -1.845207e-02 
 1.912363e+01 -1.856197e-02 
 1.912403e+01 -1.867324e-02 
 1.912443e+01 -1.878130e-02 
 1.912482e+01 -1.888545e-02 
 1.912522e+01 -1.898847e-02 
 1.912562e+01 -1.908993e-02 
 1.912602e+01 -1.918707e-02 
 1.912642e+01 -1.928006e-02 
 1.912681e+01 -1.936521e-02 
 1.912721e+01 -1.943821e-02 
 1.912761e+01 -1.949380e-02 
 1.912801e+01 -1.952145e-02 
 1.912840e+01 -1.951852e-02 
 1.912880e+01 -1.948597e-02 
 1.912920e+01 -1.942786e-02 
 1.912960e+01 -1.934751e-02 
 1.912999e+01 -1.925097e-02 
 1.913039e+01 -1.914039e-02 
 1.913079e+01 -1.902114e-02 
 1.913119e+01 -1.889975e-02 
 1.913159e+01 -1.878347e-02 
 1.913198e+01 -1.867581e-02 
 1.913238e+01 -1.858578e-02 
 1.913278e+01 -1.851570e-02 
 1.913318e+01 -1.846527e-02 
 1.913357e+01 -1.842675e-02 
 1.913397e+01 -1.838669e-02 
 1.913437e+01 -1.832837e-02 
 1.913477e+01 -1.823216e-02 
 1.913516e+01 -1.808892e-02 
 1.913556e+01 -1.788491e-02 
 1.913596e+01 -1.761916e-02 
 1.913636e+01 -1.729329e-02 
 1.913676e+01 -1.691498e-02 
 1.913715e+01 -1.649403e-02 
 1.913755e+01 -1.604344e-02 
 1.913795e+01 -1.557059e-02 
 1.913835e+01 -1.507719e-02 
 1.913874e+01 -1.456501e-02 
 1.913914e+01 -1.403566e-02 
 1.913954e+01 -1.348926e-02 
 1.913994e+01 -1.292892e-02 
 1.914033e+01 -1.236124e-02 
 1.914073e+01 -1.179255e-02 
 1.914113e+01 -1.123087e-02 
 1.914153e+01 -1.067636e-02 
 1.914193e+01 -1.012217e-02 
 1.914232e+01 -9.556493e-03 
 1.914272e+01 -8.966715e-03 
 1.914312e+01 -8.347251e-03 
 1.914352e+01 -7.702355e-03 
 1.914391e+01 -7.039990e-03 
 1.914431e+01 -6.369647e-03 
 1.914471e+01 -5.701039e-03 
 1.914511e+01 -5.040602e-03 
 1.914550e+01 -4.388338e-03 
 1.914590e+01 -3.744194e-03 
 1.914630e+01 -3.109860e-03 
 1.914670e+01 -2.485888e-03 
 1.914710e+01 -1.879363e-03 
 1.914749e+01 -1.299428e-03 
 1.914789e+01 -7.519889e-04 
 1.914829e+01 -2.373062e-04 
 1.914869e+01  2.512622e-04 
 1.914908e+01  7.207518e-04 
 1.914948e+01  1.182276e-03 
 1.914988e+01  1.641381e-03 
 1.915028e+01  2.097101e-03 
 1.915068e+01  2.551963e-03 
 1.915107e+01  3.003817e-03 
 1.915147e+01  3.452375e-03 
 1.915187e+01  3.903543e-03 
 1.915227e+01  4.363002e-03 
 1.915266e+01  4.835739e-03 
 1.915306e+01  5.328566e-03 
 1.915346e+01  5.845565e-03 
 1.915386e+01  6.384283e-03 
 1.915425e+01  6.938619e-03 
 1.915465e+01  7.495532e-03 
 1.915505e+01  8.039712e-03 
 1.915545e+01  8.554586e-03 
 1.915585e+01  9.017821e-03 
 1.915624e+01  9.407559e-03 
 1.915664e+01  9.702380e-03 
 1.915704e+01  9.893032e-03 
 1.915744e+01  9.977001e-03 
 1.915783e+01  9.957527e-03 
 1.915823e+01  9.843710e-03 
 1.915863e+01  9.641341e-03 
 1.915903e+01  9.359249e-03 
 1.915942e+01  9.008935e-03 
 1.915982e+01  8.596382e-03 
 1.916022e+01  8.128185e-03 
 1.916062e+01  7.617866e-03 
 1.916102e+01  7.077038e-03 
 1.916141e+01  6.517955e-03 
 1.916181e+01  5.952334e-03 
 1.916221e+01  5.374965e-03 
 1.916261e+01  4.774242e-03 
 1.916300e+01  4.136203e-03 
 1.916340e+01  3.449297e-03 
 1.916380e+01  2.701029e-03 
 1.916420e+01  1.886439e-03 
 1.916459e+01  1.004570e-03 
 1.916499e+01  6.058020e-05 
 1.916539e+01 -9.464278e-04 
 1.916579e+01 -2.015409e-03 
 1.916619e+01 -3.148899e-03 
 1.916658e+01 -4.344369e-03 
 1.916698e+01 -5.595362e-03 
 1.916738e+01 -6.887140e-03 
 1.916778e+01 -8.196111e-03 
 1.916817e+01 -9.501021e-03 
 1.916857e+01 -1.078485e-02 
 1.916897e+01 -1.203580e-02 
 1.916937e+01 -1.324712e-02 
 1.916976e+01 -1.441714e-02 
 1.917016e+01 -1.554523e-02 
 1.917056e+01 -1.662935e-02 
 1.917096e+01 -1.766577e-02 
 1.917136e+01 -1.865048e-02 
 1.917175e+01 -1.957703e-02 
 1.917215e+01 -2.044965e-02 
 1.917255e+01 -2.128453e-02 
 1.917295e+01 -2.209835e-02 
 1.917334e+01 -2.291252e-02 
 1.917374e+01 -2.374315e-02 
 1.917414e+01 -2.459527e-02 
 1.917454e+01 -2.547604e-02 
 1.917493e+01 -2.638775e-02 
 1.917533e+01 -2.733072e-02 
 1.917573e+01 -2.830128e-02 
 1.917613e+01 -2.929705e-02 
 1.917653e+01 -3.031085e-02 
 1.917692e+01 -3.133043e-02 
 1.917732e+01 -3.234094e-02 
 1.917772e+01 -3.332902e-02 
 1.917812e+01 -3.426703e-02 
 1.917851e+01 -3.514156e-02 
 1.917891e+01 -3.594300e-02 
 1.917931e+01 -3.666383e-02 
 1.917971e+01 -3.730256e-02 
 1.918010e+01 -3.785558e-02 
 1.918050e+01 -3.832257e-02 
 1.918090e+01 -3.870567e-02 
 1.918130e+01 -3.901329e-02 
 1.918170e+01 -3.925604e-02 
 1.918209e+01 -3.944877e-02 
 1.918249e+01 -3.960737e-02 
 1.918289e+01 -3.974601e-02 
 1.918329e+01 -3.987744e-02 
 1.918368e+01 -4.001033e-02 
 1.918408e+01 -4.014498e-02 
 1.918448e+01 -4.028474e-02 
 1.918488e+01 -4.043328e-02 
 1.918527e+01 -4.058207e-02 
 1.918567e+01 -4.071891e-02 
 1.918607e+01 -4.082980e-02 
 1.918647e+01 -4.089739e-02 
 1.918687e+01 -4.090159e-02 
 1.918726e+01 -4.083866e-02 
 1.918766e+01 -4.070813e-02 
 1.918806e+01 -4.051027e-02 
 1.918846e+01 -4.025312e-02 
 1.918885e+01 -3.995293e-02 
 1.918925e+01 -3.961744e-02 
 1.918965e+01 -3.925367e-02 
 1.919005e+01 -3.886698e-02 
 1.919044e+01 -3.846217e-02 
 1.919084e+01 -3.804624e-02 
 1.919124e+01 -3.763369e-02 
 1.919164e+01 -3.724178e-02 
 1.919204e+01 -3.688964e-02 
 1.919243e+01 -3.658864e-02 
 1.919283e+01 -3.634363e-02 
 1.919323e+01 -3.615213e-02 
 1.919363e+01 -3.600359e-02 
 1.919402e+01 -3.587971e-02 
 1.919442e+01 -3.576183e-02 
 1.919482e+01 -3.563468e-02 
 1.919522e+01 -3.549157e-02 
 1.919561e+01 -3.532725e-02 
 1.919601e+01 -3.513581e-02 
 1.919641e+01 -3.490862e-02 
 1.919681e+01 -3.463175e-02 
 1.919721e+01 -3.429702e-02 
 1.919760e+01 -3.390062e-02 
 1.919800e+01 -3.344216e-02 
 1.919840e+01 -3.292890e-02 
 1.919880e+01 -3.236788e-02 
 1.919919e+01 -3.176986e-02 
 1.919959e+01 -3.114334e-02 
 1.919999e+01 -3.049915e-02 
 1.920039e+01 -2.984678e-02 
 1.920078e+01 -2.919223e-02 
 1.920118e+01 -2.855379e-02 
 1.920158e+01 -2.794605e-02 
 1.920198e+01 -2.737788e-02 
 1.920238e+01 -2.685460e-02 
 1.920277e+01 -2.637187e-02 
 1.920317e+01 -2.591876e-02 
 1.920357e+01 -2.549082e-02 
 1.920397e+01 -2.507979e-02 
 1.920436e+01 -2.467829e-02 
 1.920476e+01 -2.427905e-02 
 1.920516e+01 -2.387891e-02 
 1.920556e+01 -2.347248e-02 
 1.920595e+01 -2.305480e-02 
 1.920635e+01 -2.262820e-02 
 1.920675e+01 -2.219729e-02 
 1.920715e+01 -2.177317e-02 
 1.920755e+01 -2.137449e-02 
 1.920794e+01 -2.101611e-02 
 1.920834e+01 -2.070740e-02 
 1.920874e+01 -2.045106e-02 
 1.920914e+01 -2.024114e-02 
 1.920953e+01 -2.007460e-02 
 1.920993e+01 -1.995443e-02 
 1.921033e+01 -1.988229e-02 
 1.921073e+01 -1.986682e-02 
 1.921112e+01 -1.991824e-02 
 1.921152e+01 -2.003692e-02 
 1.921192e+01 -2.021273e-02 
 1.921232e+01 -2.043017e-02 
 1.921272e+01 -2.066533e-02 
 1.921311e+01 -2.089450e-02 
 1.921351e+01 -2.110565e-02 
 1.921391e+01 -2.129282e-02 
 1.921431e+01 -2.145723e-02 
 1.921470e+01 -2.160026e-02 
 1.921510e+01 -2.172116e-02 
 1.921550e+01 -2.181675e-02 
 1.921590e+01 -2.188515e-02 
 1.921629e+01 -2.193153e-02 
 1.921669e+01 -2.196487e-02 
 1.921709e+01 -2.199946e-02 
 1.921749e+01 -2.205687e-02 
 1.921789e+01 -2.214702e-02 
 1.921828e+01 -2.227884e-02 
 1.921868e+01 -2.245080e-02 
 1.921908e+01 -2.265034e-02 
 1.921948e+01 -2.286840e-02 
 1.921987e+01 -2.309792e-02 
 1.922027e+01 -2.334119e-02 
 1.922067e+01 -2.359928e-02 
 1.922107e+01 -2.387548e-02 
 1.922146e+01 -2.416393e-02 
 1.922186e+01 -2.445377e-02 
 1.922226e+01 -2.472958e-02 
 1.922266e+01 -2.497857e-02 
 1.922306e+01 -2.518895e-02 
 1.922345e+01 -2.536260e-02 
 1.922385e+01 -2.550330e-02 
 1.922425e+01 -2.562229e-02 
 1.922465e+01 -2.572441e-02 
 1.922504e+01 -2.580628e-02 
 1.922544e+01 -2.586190e-02 
 1.922584e+01 -2.588554e-02 
 1.922624e+01 -2.587938e-02 
 1.922663e+01 -2.584243e-02 
 1.922703e+01 -2.578058e-02 
 1.922743e+01 -2.569250e-02 
 1.922783e+01 -2.557112e-02 
 1.922823e+01 -2.540774e-02 
 1.922862e+01 -2.519254e-02 
 1.922902e+01 -2.492013e-02 
 1.922942e+01 -2.458994e-02 
 1.922982e+01 -2.420648e-02 
 1.923021e+01 -2.377930e-02 
 1.923061e+01 -2.331084e-02 
 1.923101e+01 -2.279657e-02 
 1.923141e+01 -2.222769e-02 
 1.923180e+01 -2.158875e-02 
 1.923220e+01 -2.087913e-02 
 1.923260e+01 -2.010332e-02 
 1.923300e+01 -1.927395e-02 
 1.923340e+01 -1.841292e-02 
 1.923379e+01 -1.753410e-02 
 1.923419e+01 -1.664661e-02 
 1.923459e+01 -1.575898e-02 
 1.923499e+01 -1.487090e-02 
 1.923538e+01 -1.398481e-02 
 1.923578e+01 -1.311208e-02 
 1.923618e+01 -1.226555e-02 
 1.923658e+01 -1.146085e-02 
 1.923697e+01 -1.070280e-02 
 1.923737e+01 -9.988598e-03 
 1.923777e+01 -9.297751e-03 
 1.923817e+01 -8.609078e-03 
 1.923857e+01 -7.908373e-03 
 1.923896e+01 -7.189553e-03 
 1.923936e+01 -6.457500e-03 
 1.923976e+01 -5.726547e-03 
 1.924016e+01 -5.006949e-03 
 1.924055e+01 -4.302487e-03 
 1.924095e+01 -3.614813e-03 
 1.924135e+01 -2.936469e-03 
 1.924175e+01 -2.263595e-03 
 1.924215e+01 -1.599851e-03 
 1.924254e+01 -9.533385e-04 
 1.924294e+01 -3.420695e-04 
 1.924334e+01  2.199375e-04 
 1.924374e+01  7.262075e-04 
 1.924413e+01  1.180440e-03 
 1.924453e+01  1.592992e-03 
 1.924493e+01  1.976573e-03 
 1.924533e+01  2.344184e-03 
 1.924572e+01  2.702106e-03 
 1.924612e+01  3.054288e-03 
 1.924652e+01  3.407631e-03 
 1.924692e+01  3.766750e-03 
 1.924732e+01  4.139314e-03 
 1.924771e+01  4.532224e-03 
 1.924811e+01  4.947347e-03 
 1.924851e+01  5.377965e-03 
 1.924891e+01  5.813777e-03 
 1.924930e+01  6.239375e-03 
 1.924970e+01  6.636024e-03 
 1.925010e+01  6.997081e-03 
 1.925050e+01  7.316724e-03 
 1.925089e+01  7.595057e-03 
 1.925129e+01  7.825805e-03 
 1.925169e+01  8.001079e-03 
 1.925209e+01  8.104707e-03 
 1.925249e+01  8.121949e-03 
 1.925288e+01  8.047666e-03 
 1.925328e+01  7.883944e-03 
 1.925368e+01  7.638714e-03 
 1.925408e+01  7.329325e-03 
 1.925447e+01  6.967834e-03 
 1.925487e+01  6.563559e-03 
 1.925527e+01  6.122049e-03 
 1.925567e+01  5.644080e-03 
 1.925606e+01  5.141279e-03 
 1.925646e+01  4.630448e-03 
 1.925686e+01  4.133094e-03 
 1.925726e+01  3.666955e-03 
 1.925766e+01  3.238088e-03 
 1.925805e+01  2.840907e-03 
 1.925845e+01  2.465842e-03 
 1.925885e+01  2.095091e-03 
 1.925925e+01  1.715177e-03 
 1.925964e+01  1.311673e-03 
 1.926004e+01  8.813551e-04 
 1.926044e+01  4.248844e-04 
 1.926084e+01 -6.790951e-05 
 1.926123e+01 -6.043376e-04 
 1.926163e+01 -1.200615e-03 
 1.926203e+01 -1.873690e-03 
 1.926243e+01 -2.629063e-03 
 1.926283e+01 -3.457372e-03 
 1.926322e+01 -4.340977e-03 
 1.926362e+01 -5.261052e-03 
 1.926402e+01 -6.191651e-03 
 1.926442e+01 -7.112624e-03 
 1.926481e+01 -8.015180e-03 
 1.926521e+01 -8.888960e-03 
 1.926561e+01 -9.733554e-03 
 1.926601e+01 -1.054845e-02 
 1.926640e+01 -1.133316e-02 
 1.926680e+01 -1.209104e-02 
 1.926720e+01 -1.282672e-02 
 1.926760e+01 -1.355711e-02 
 1.926800e+01 -1.430308e-02 
 1.926839e+01 -1.508849e-02 
 1.926879e+01 -1.593403e-02 
 1.926919e+01 -1.684463e-02 
 1.926959e+01 -1.782269e-02 
 1.926998e+01 -1.886576e-02 
 1.927038e+01 -1.996294e-02 
 1.927078e+01 -2.110603e-02 
 1.927118e+01 -2.228851e-02 
 1.927157e+01 -2.350339e-02 
 1.927197e+01 -2.473875e-02 
 1.927237e+01 -2.598102e-02 
 1.927277e+01 -2.721304e-02 
 1.927317e+01 -2.841423e-02 
 1.927356e+01 -2.956090e-02 
 1.927396e+01 -3.064199e-02 
 1.927436e+01 -3.164895e-02 
 1.927476e+01 -3.257556e-02 
 1.927515e+01 -3.341501e-02 
 1.927555e+01 -3.416237e-02 
 1.927595e+01 -3.481087e-02 
 1.927635e+01 -3.535743e-02 
 1.927674e+01 -3.580517e-02 
 1.927714e+01 -3.616715e-02 
 1.927754e+01 -3.645537e-02 
 1.927794e+01 -3.669296e-02 
 1.927834e+01 -3.690285e-02 
 1.927873e+01 -3.709973e-02 
 1.927913e+01 -3.728552e-02 
 1.927953e+01 -3.746226e-02 
 1.927993e+01 -3.763131e-02 
 1.928032e+01 -3.779801e-02 
 1.928072e+01 -3.796823e-02 
 1.928112e+01 -3.814919e-02 
 1.928152e+01 -3.834138e-02 
 1.928191e+01 -3.852958e-02 
 1.928231e+01 -3.869697e-02 
 1.928271e+01 -3.881729e-02 
 1.928311e+01 -3.886026e-02 
 1.928351e+01 -3.881031e-02 
 1.928390e+01 -3.866320e-02 
 1.928430e+01 -3.842873e-02 
 1.928470e+01 -3.812201e-02 
 1.928510e+01 -3.776122e-02 
 1.928549e+01 -3.736194e-02 
 1.928589e+01 -3.693242e-02 
 1.928629e+01 -3.647854e-02 
 1.928669e+01 -3.601800e-02 
 1.928708e+01 -3.556891e-02 
 1.928748e+01 -3.515318e-02 
 1.928788e+01 -3.478463e-02 
 1.928828e+01 -3.447074e-02 
 1.928868e+01 -3.420714e-02 
 1.928907e+01 -3.397028e-02 
 1.928947e+01 -3.373784e-02 
 1.928987e+01 -3.349442e-02 
 1.929027e+01 -3.322356e-02 
 1.929066e+01 -3.292483e-02 
 1.929106e+01 -3.260193e-02 
 1.929146e+01 -3.226210e-02 
 1.929186e+01 -3.189940e-02 
 1.929225e+01 -3.150877e-02 
 1.929265e+01 -3.108110e-02 
 1.929305e+01 -3.060935e-02 
 1.929345e+01 -3.009806e-02 
 1.929385e+01 -2.955593e-02 
 1.929424e+01 -2.899545e-02 
 1.929464e+01 -2.843434e-02 
 1.929504e+01 -2.788174e-02 
 1.929544e+01 -2.734517e-02 
 1.929583e+01 -2.683188e-02 
 1.929623e+01 -2.634306e-02 
 1.929663e+01 -2.588786e-02 
 1.929703e+01 -2.547923e-02 
 1.929742e+01 -2.512822e-02 
 1.929782e+01 -2.484219e-02 
 1.929822e+01 -2.462417e-02 
 1.929862e+01 -2.446617e-02 
 1.929902e+01 -2.436298e-02 
 1.929941e+01 -2.430828e-02 
 1.929981e+01 -2.430312e-02 
 1.930021e+01 -2.434494e-02 
 1.930061e+01 -2.443413e-02 
 1.930100e+01 -2.456314e-02 
 1.930140e+01 -2.471571e-02 
 1.930180e+01 -2.486674e-02 
 1.930220e+01 -2.499382e-02 
 1.930259e+01 -2.508393e-02 
 1.930299e+01 -2.513774e-02 
 1.930339e+01 -2.517067e-02 
 1.930379e+01 -2.520152e-02 
 1.930419e+01 -2.524354e-02 
 1.930458e+01 -2.530097e-02 
 1.930498e+01 -2.537526e-02 
 1.930538e+01 -2.546143e-02 
 1.930578e+01 -2.555983e-02 
 1.930617e+01 -2.567626e-02 
 1.930657e+01 -2.581919e-02 
 1.930697e+01 -2.599586e-02 
 1.930737e+01 -2.620371e-02 
 1.930776e+01 -2.642608e-02 
 1.930816e+01 -2.663880e-02 
 1.930856e+01 -2.681530e-02 
 1.930896e+01 -2.693945e-02 
 1.930936e+01 -2.700667e-02 
 1.930975e+01 -2.702625e-02 
 1.931015e+01 -2.701165e-02 
 1.931055e+01 -2.697664e-02 
 1.931095e+01 -2.693390e-02 
 1.931134e+01 -2.688686e-02 
 1.931174e+01 -2.683508e-02 
 1.931214e+01 -2.678440e-02 
 1.931254e+01 -2.674585e-02 
 1.931293e+01 -2.673277e-02 
 1.931333e+01 -2.676425e-02 
 1.931373e+01 -2.685053e-02 
 1.931413e+01 -2.699334e-02 
 1.931453e+01 -2.717831e-02 
 1.931492e+01 -2.738601e-02 
 1.931532e+01 -2.759858e-02 
 1.931572e+01 -2.780453e-02 
 1.931612e+01 -2.799806e-02 
 1.931651e+01 -2.817970e-02 
 1.931691e+01 -2.835545e-02 
 1.931731e+01 -2.852315e-02 
 1.931771e+01 -2.867967e-02 
 1.931810e+01 -2.882255e-02 
 1.931850e+01 -2.894888e-02 
 1.931890e+01 -2.905893e-02 
 1.931930e+01 -2.915988e-02 
 1.931970e+01 -2.925753e-02 
 1.932009e+01 -2.935063e-02 
 1.932049e+01 -2.943325e-02 
 1.932089e+01 -2.949168e-02 
 1.932129e+01 -2.951647e-02 
 1.932168e+01 -2.949592e-02 
 1.932208e+01 -2.943095e-02 
 1.932248e+01 -2.932738e-02 
 1.932288e+01 -2.919224e-02 
 1.932327e+01 -2.903066e-02 
 1.932367e+01 -2.884456e-02 
 1.932407e+01 -2.863179e-02 
 1.932447e+01 -2.838495e-02 
 1.932487e+01 -2.809959e-02 
 1.932526e+01 -2.777487e-02 
 1.932566e+01 -2.740928e-02 
 1.932606e+01 -2.700607e-02 
 1.932646e+01 -2.656111e-02 
 1.932685e+01 -2.606868e-02 
 1.932725e+01 -2.552483e-02 
 1.932765e+01 -2.492213e-02 
 1.932805e+01 -2.426238e-02 
 1.932844e+01 -2.355549e-02 
 1.932884e+01 -2.281623e-02 
 1.932924e+01 -2.206252e-02 
 1.932964e+01 -2.131145e-02 
 1.933004e+01 -2.057865e-02 
 1.933043e+01 -1.986506e-02 
 1.933083e+01 -1.917170e-02 
 1.933123e+01 -1.849659e-02 
 1.933163e+01 -1.783970e-02 
 1.933202e+01 -1.720244e-02 
 1.933242e+01 -1.658489e-02 
 1.933282e+01 -1.598212e-02 
 1.933322e+01 -1.538015e-02 
 1.933362e+01 -1.475603e-02 
 1.933401e+01 -1.408052e-02 
 1.933441e+01 -1.333237e-02 
 1.933481e+01 -1.250031e-02 
 1.933521e+01 -1.158436e-02 
 1.933560e+01 -1.059359e-02 
 1.933600e+01 -9.546247e-03 
 1.933640e+01 -8.460738e-03 
 1.933680e+01 -7.353896e-03 
 1.933719e+01 -6.240757e-03 
 1.933759e+01 -5.134620e-03 
 1.933799e+01 -4.045623e-03 
 1.933839e+01 -2.987083e-03 
 1.933879e+01 -1.967854e-03 
 1.933918e+01 -9.961071e-04 
 1.933958e+01 -7.226827e-05 
 1.933998e+01  8.101657e-04 
 1.934038e+01  1.660867e-03 
 1.934077e+01  2.491276e-03 
 1.934117e+01  3.307192e-03 
 1.934157e+01  4.115597e-03 
 1.934197e+01  4.915761e-03 
 1.934236e+01  5.700012e-03 
 1.934276e+01  6.461385e-03 
 1.934316e+01  7.196455e-03 
 1.934356e+01  7.902062e-03 
 1.934396e+01  8.578587e-03 
 1.934435e+01  9.229151e-03 
 1.934475e+01  9.848580e-03 
 1.934515e+01  1.043073e-02 
 1.934555e+01  1.096907e-02 
 1.934594e+01  1.145379e-02 
 1.934634e+01  1.187382e-02 
 1.934674e+01  1.221901e-02 
 1.934714e+01  1.248139e-02 
 1.934753e+01  1.265652e-02 
 1.934793e+01  1.273945e-02 
 1.934833e+01  1.272986e-02 
 1.934873e+01  1.262471e-02 
 1.934913e+01  1.242123e-02 
 1.934952e+01  1.212914e-02 
 1.934992e+01  1.176034e-02 
 1.935032e+01  1.132802e-02 
 1.935072e+01  1.084555e-02 
 1.935111e+01  1.032651e-02 
 1.935151e+01  9.779896e-03 
 1.935191e+01  9.220888e-03 
 1.935231e+01  8.666424e-03 
 1.935270e+01  8.134472e-03 
 1.935310e+01  7.641788e-03 
 1.935350e+01  7.200094e-03 
 1.935390e+01  6.812815e-03 
 1.935430e+01  6.469327e-03 
 1.935469e+01  6.149693e-03 
 1.935509e+01  5.823491e-03 
 1.935549e+01  5.462070e-03 
 1.935589e+01  5.040902e-03 
 1.935628e+01  4.550570e-03 
 1.935668e+01  3.984699e-03 
 1.935708e+01  3.343092e-03 
 1.935748e+01  2.624451e-03 
 1.935787e+01  1.829430e-03 
 1.935827e+01  9.575515e-04 
 1.935867e+01  1.744174e-05 
 1.935907e+01 -9.752912e-04 
 1.935947e+01 -1.994869e-03 
 1.935986e+01 -3.015762e-03 
 1.936026e+01 -4.013539e-03 
 1.936066e+01 -4.970756e-03 
 1.936106e+01 -5.883061e-03 
 1.936145e+01 -6.762437e-03 
 1.936185e+01 -7.619087e-03 
 1.936225e+01 -8.459770e-03 
 1.936265e+01 -9.291259e-03 
 1.936304e+01 -1.011568e-02 
 1.936344e+01 -1.093262e-02 
 1.936384e+01 -1.174768e-02 
 1.936424e+01 -1.256838e-02 
 1.936464e+01 -1.340957e-02 
 1.936503e+01 -1.427936e-02 
 1.936543e+01 -1.518450e-02 
 1.936583e+01 -1.612459e-02 
 1.936623e+01 -1.708781e-02 
 1.936662e+01 -1.806407e-02 
 1.936702e+01 -1.904479e-02 
 1.936742e+01 -2.002351e-02 
 1.936782e+01 -2.099636e-02 
 1.936821e+01 -2.195675e-02 
 1.936861e+01 -2.289514e-02 
 1.936901e+01 -2.379711e-02 
 1.936941e+01 -2.464602e-02 
 1.936981e+01 -2.542987e-02 
 1.937020e+01 -2.613999e-02 
 1.937060e+01 -2.677231e-02 
 1.937100e+01 -2.732784e-02 
 1.937140e+01 -2.780730e-02 
 1.937179e+01 -2.821265e-02 
 1.937219e+01 -2.854504e-02 
 1.937259e+01 -2.880948e-02 
 1.937299e+01 -2.901745e-02 
 1.937338e+01 -2.918846e-02 
 1.937378e+01 -2.935379e-02 
 1.937418e+01 -2.953856e-02 
 1.937458e+01 -2.976401e-02 
 1.937498e+01 -3.004009e-02 
 1.937537e+01 -3.037142e-02 
 1.937577e+01 -3.075138e-02 
 1.937617e+01 -3.117023e-02 
 1.937657e+01 -3.161734e-02 
 1.937696e+01 -3.207752e-02 
 1.937736e+01 -3.253487e-02 
 1.937776e+01 -3.297219e-02 
 1.937816e+01 -3.337091e-02 
 1.937855e+01 -3.370871e-02 
 1.937895e+01 -3.396546e-02 
 1.937935e+01 -3.412727e-02 
 1.937975e+01 -3.419138e-02 
 1.938015e+01 -3.416863e-02 
 1.938054e+01 -3.407738e-02 
 1.938094e+01 -3.393529e-02 
 1.938134e+01 -3.375837e-02 
 1.938174e+01 -3.355345e-02 
 1.938213e+01 -3.332508e-02 
 1.938253e+01 -3.307945e-02 
 1.938293e+01 -3.281700e-02 
 1.938333e+01 -3.255152e-02 
 1.938372e+01 -3.229286e-02 
 1.938412e+01 -3.204977e-02 
 1.938452e+01 -3.182049e-02 
 1.938492e+01 -3.159747e-02 
 1.938532e+01 -3.136176e-02 
 1.938571e+01 -3.108956e-02 
 1.938611e+01 -3.076890e-02 
 1.938651e+01 -3.039669e-02 
 1.938691e+01 -2.997785e-02 
 1.938730e+01 -2.952209e-02 
 1.938770e+01 -2.903932e-02 
 1.938810e+01 -2.853141e-02 
 1.938850e+01 -2.800053e-02 
 1.938889e+01 -2.744720e-02 
 1.938929e+01 -2.687371e-02 
 1.938969e+01 -2.628413e-02 
 1.939009e+01 -2.569121e-02 
 1.939049e+01 -2.510573e-02 
 1.939088e+01 -2.454083e-02 
 1.939128e+01 -2.400653e-02 
 1.939168e+01 -2.351448e-02 
 1.939208e+01 -2.306861e-02 
 1.939247e+01 -2.267911e-02 
 1.939287e+01 -2.235723e-02 
 1.939327e+01 -2.211079e-02 
 1.939367e+01 -2.194775e-02 
 1.939406e+01 -2.187160e-02 
 1.939446e+01 -2.188362e-02 
 1.939486e+01 -2.197552e-02 
 1.939526e+01 -2.213469e-02 
 1.939566e+01 -2.234087e-02 
 1.939605e+01 -2.257462e-02 
 1.939645e+01 -2.281855e-02 
 1.939685e+01 -2.305547e-02 
 1.939725e+01 -2.327256e-02 
 1.939764e+01 -2.346689e-02 
 1.939804e+01 -2.363893e-02 
 1.939844e+01 -2.379196e-02 
 1.939884e+01 -2.393704e-02 
 1.939923e+01 -2.408212e-02 
 1.939963e+01 -2.424114e-02 
 1.940003e+01 -2.442346e-02 
 1.940043e+01 -2.463604e-02 
 1.940083e+01 -2.488724e-02 
 1.940122e+01 -2.518103e-02 
 1.940162e+01 -2.551737e-02 
 1.940202e+01 -2.589198e-02 
 1.940242e+01 -2.630222e-02 
 1.940281e+01 -2.674663e-02 
 1.940321e+01 -2.721843e-02 
 1.940361e+01 -2.771363e-02 
 1.940401e+01 -2.822115e-02 
 1.940440e+01 -2.873121e-02 
 1.940480e+01 -2.923285e-02 
 1.940520e+01 -2.971713e-02 
 1.940560e+01 -3.018234e-02 
 1.940600e+01 -3.063238e-02 
 1.940639e+01 -3.108010e-02 
 1.940679e+01 -3.153795e-02 
 1.940719e+01 -3.201702e-02 
 1.940759e+01 -3.252317e-02 
 1.940798e+01 -3.305153e-02 
 1.940838e+01 -3.359237e-02 
 1.940878e+01 -3.413378e-02 
 1.940918e+01 -3.466721e-02 
 1.940957e+01 -3.519272e-02 
 1.940997e+01 -3.570973e-02 
 1.941037e+01 -3.621887e-02 
 1.941077e+01 -3.671901e-02 
 1.941117e+01 -3.720386e-02 
 1.941156e+01 -3.766172e-02 
 1.941196e+01 -3.807650e-02 
 1.941236e+01 -3.844232e-02 
 1.941276e+01 -3.875981e-02 
 1.941315e+01 -3.903184e-02 
 1.941355e+01 -3.926390e-02 
 1.941395e+01 -3.945824e-02 
 1.941435e+01 -3.960701e-02 
 1.941474e+01 -3.969835e-02 
 1.941514e+01 -3.972463e-02 
 1.941554e+01 -3.967612e-02 
 1.941594e+01 -3.955442e-02 
 1.941634e+01 -3.936419e-02 
 1.941673e+01 -3.911647e-02 
 1.941713e+01 -3.882068e-02 
 1.941753e+01 -3.848345e-02 
 1.941793e+01 -3.810428e-02 
 1.941832e+01 -3.768333e-02 
 1.941872e+01 -3.722369e-02 
 1.941912e+01 -3.672603e-02 
 1.941952e+01 -3.619819e-02 
 1.941991e+01 -3.564234e-02 
 1.942031e+01 -3.506176e-02 
 1.942071e+01 -3.445260e-02 
 1.942111e+01 -3.381708e-02 
 1.942151e+01 -3.315054e-02 
 1.942190e+01 -3.244884e-02 
 1.942230e+01 -3.171358e-02 
 1.942270e+01 -3.094571e-02 
 1.942310e+01 -3.014790e-02 
 1.942349e+01 -2.932612e-02 
 1.942389e+01 -2.848637e-02 
 1.942429e+01 -2.763203e-02 
 1.942469e+01 -2.677236e-02 
 1.942509e+01 -2.591836e-02 
 1.942548e+01 -2.508060e-02 
 1.942588e+01 -2.426784e-02 
 1.942628e+01 -2.348596e-02 
 1.942668e+01 -2.273136e-02 
 1.942707e+01 -2.199709e-02 
 1.942747e+01 -2.127265e-02 
 1.942787e+01 -2.054188e-02 
 1.942827e+01 -1.978863e-02 
 1.942866e+01 -1.899772e-02 
 1.942906e+01 -1.815837e-02 
 1.942946e+01 -1.726093e-02 
 1.942986e+01 -1.629864e-02 
 1.943026e+01 -1.527030e-02 
 1.943065e+01 -1.417500e-02 
 1.943105e+01 -1.301868e-02 
 1.943145e+01 -1.181294e-02 
 1.943185e+01 -1.057638e-02 
 1.943224e+01 -9.327123e-03 
 1.943264e+01 -8.087697e-03 
 1.943304e+01 -6.869521e-03 
 1.943344e+01 -5.679829e-03 
 1.943383e+01 -4.522539e-03 
 1.943423e+01 -3.398672e-03 
 1.943463e+01 -2.318091e-03 
 1.943503e+01 -1.290995e-03 
 1.943543e+01 -3.225544e-04 
 1.943582e+01  5.809210e-04 
 1.943622e+01  1.419519e-03 
 1.943662e+01  2.201165e-03 
 1.943702e+01  2.941833e-03 
 1.943741e+01  3.654444e-03 
 1.943781e+01  4.355333e-03 
 1.943821e+01  5.051612e-03 
 1.943861e+01  5.738169e-03 
 1.943900e+01  6.406493e-03 
 1.943940e+01  7.052313e-03 
 1.943980e+01  7.667899e-03 
 1.944020e+01  8.254536e-03 
 1.944060e+01  8.817715e-03 
 1.944099e+01  9.356788e-03 
 1.944139e+01  9.875730e-03 
 1.944179e+01  1.036688e-02 
 1.944219e+01  1.081979e-02 
 1.944258e+01  1.121827e-02 
 1.944298e+01  1.154489e-02 
 1.944338e+01  1.178932e-02 
 1.944378e+01  1.194506e-02 
 1.944417e+01  1.201549e-02 
 1.944457e+01  1.199752e-02 
 1.944497e+01  1.189840e-02 
 1.944537e+01  1.173177e-02 
 1.944577e+01  1.151044e-02 
 1.944616e+01  1.124799e-02 
 1.944656e+01  1.096224e-02 
 1.944696e+01  1.067292e-02 
 1.944736e+01  1.038941e-02 
 1.944775e+01  1.011974e-02 
 1.944815e+01  9.874523e-03 
 1.944855e+01  9.649161e-03 
 1.944895e+01  9.435701e-03 
 1.944934e+01  9.224653e-03 
 1.944974e+01  9.004939e-03 
 1.945014e+01  8.757111e-03 
 1.945054e+01  8.462013e-03 
 1.945094e+01  8.100159e-03 
 1.945133e+01  7.651728e-03 
 1.945173e+01  7.105912e-03 
 1.945213e+01  6.457646e-03 
 1.945253e+01  5.703248e-03 
 1.945292e+01  4.848161e-03 
 1.945332e+01  3.895119e-03 
 1.945372e+01  2.847973e-03 
 1.945412e+01  1.719144e-03 
 1.945451e+01  5.200667e-04 
 1.945491e+01 -7.344876e-04 
 1.945531e+01 -2.023311e-03 
 1.945571e+01 -3.321853e-03 
 1.945611e+01 -4.604625e-03 
 1.945650e+01 -5.852659e-03 
 1.945690e+01 -7.048498e-03 
 1.945730e+01 -8.189489e-03 
 1.945770e+01 -9.277713e-03 
 1.945809e+01 -1.031437e-02 
 1.945849e+01 -1.130673e-02 
 1.945889e+01 -1.226293e-02 
 1.945929e+01 -1.318780e-02 
 1.945968e+01 -1.408213e-02 
 1.946008e+01 -1.494453e-02 
 1.946048e+01 -1.577827e-02 
 1.946088e+01 -1.659429e-02 
 1.946128e+01 -1.740730e-02 
 1.946167e+01 -1.822404e-02 
 1.946207e+01 -1.904734e-02 
 1.946247e+01 -1.987444e-02 
 1.946287e+01 -2.069188e-02 
 1.946326e+01 -2.148567e-02 
 1.946366e+01 -2.224622e-02 
 1.946406e+01 -2.296209e-02 
 1.946446e+01 -2.362556e-02 
 1.946485e+01 -2.423009e-02 
 1.946525e+01 -2.476910e-02 
 1.946565e+01 -2.523516e-02 
 1.946605e+01 -2.561992e-02 
 1.946645e+01 -2.591396e-02 
 1.946684e+01 -2.611804e-02 
 1.946724e+01 -2.624364e-02 
 1.946764e+01 -2.631095e-02 
 1.946804e+01 -2.633827e-02 
 1.946843e+01 -2.634450e-02 
 1.946883e+01 -2.634673e-02 
 1.946923e+01 -2.634816e-02 
 1.946963e+01 -2.635754e-02 
 1.947002e+01 -2.638358e-02 
 1.947042e+01 -2.642804e-02 
 1.947082e+01 -2.649288e-02 
 1.947122e+01 -2.658216e-02 
 1.947162e+01 -2.669536e-02 
 1.947201e+01 -2.682443e-02 
 1.947241e+01 -2.695886e-02 
 1.947281e+01 -2.707975e-02 
 1.947321e+01 -2.716941e-02 
 1.947360e+01 -2.720997e-02 
 1.947400e+01 -2.718843e-02 
 1.947440e+01 -2.709400e-02 
 1.947480e+01 -2.692241e-02 
 1.947519e+01 -2.667289e-02 
 1.947559e+01 -2.635025e-02 
 1.947599e+01 -2.595889e-02 
 1.947639e+01 -2.550612e-02 
 1.947679e+01 -2.500816e-02 
 1.947718e+01 -2.448140e-02 
 1.947758e+01 -2.393959e-02 
 1.947798e+01 -2.339604e-02 
 1.947838e+01 -2.286526e-02 
 1.947877e+01 -2.235973e-02 
 1.947917e+01 -2.188172e-02 
 1.947957e+01 -2.143806e-02 
 1.947997e+01 -2.103686e-02 
 1.948036e+01 -2.068073e-02 
 1.948076e+01 -2.036704e-02 
 1.948116e+01 -2.009394e-02 
 1.948156e+01 -1.985417e-02 
 1.948196e+01 -1.963506e-02 
 1.948235e+01 -1.942425e-02 
 1.948275e+01 -1.921527e-02 
 1.948315e+01 -1.900576e-02 
 1.948355e+01 -1.879750e-02 
 1.948394e+01 -1.859770e-02 
 1.948434e+01 -1.841609e-02 
 1.948474e+01 -1.825418e-02 
 1.948514e+01 -1.811074e-02 
 1.948553e+01 -1.797991e-02 
 1.948593e+01 -1.786610e-02 
 1.948633e+01 -1.777919e-02 
 1.948673e+01 -1.773498e-02 
 1.948713e+01 -1.775013e-02 
 1.948752e+01 -1.784018e-02 
 1.948792e+01 -1.801215e-02 
 1.948832e+01 -1.826078e-02 
 1.948872e+01 -1.857531e-02 
 1.948911e+01 -1.893536e-02 
 1.948951e+01 -1.932129e-02 
 1.948991e+01 -1.972600e-02 
 1.949031e+01 -2.014276e-02 
 1.949070e+01 -2.057063e-02 
 1.949110e+01 -2.100689e-02 
 1.949150e+01 -2.143958e-02 
 1.949190e+01 -2.185497e-02 
 1.949230e+01 -2.224021e-02 
 1.949269e+01 -2.258764e-02 
 1.949309e+01 -2.289467e-02 
 1.949349e+01 -2.316912e-02 
 1.949389e+01 -2.342760e-02 
 1.949428e+01 -2.368597e-02 
 1.949468e+01 -2.396044e-02 
 1.949508e+01 -2.426153e-02 
 1.949548e+01 -2.459608e-02 
 1.949587e+01 -2.496745e-02 
 1.949627e+01 -2.538158e-02 
 1.949667e+01 -2.584126e-02 
 1.949707e+01 -2.634950e-02 
 1.949747e+01 -2.691012e-02 
 1.949786e+01 -2.752596e-02 
 1.949826e+01 -2.819369e-02 
 1.949866e+01 -2.890865e-02 
 1.949906e+01 -2.966404e-02 
 1.949945e+01 -3.045525e-02 
 1.949985e+01 -3.127439e-02 
 1.950025e+01 -3.211195e-02 
 1.950065e+01 -3.295903e-02 
 1.950104e+01 -3.380737e-02 
 1.950144e+01 -3.464371e-02 
 1.950184e+01 -3.546191e-02 
 1.950224e+01 -3.625729e-02 
 1.950264e+01 -3.703351e-02 
 1.950303e+01 -3.779191e-02 
 1.950343e+01 -3.853460e-02 
 1.950383e+01 -3.926352e-02 
 1.950423e+01 -3.997929e-02 
 1.950462e+01 -4.068127e-02 
 1.950502e+01 -4.136980e-02 
 1.950542e+01 -4.204951e-02 
 1.950582e+01 -4.271326e-02 
 1.950621e+01 -4.336206e-02 
 1.950661e+01 -4.398830e-02 
 1.950701e+01 -4.458411e-02 
 1.950741e+01 -4.513510e-02 
 1.950781e+01 -4.562351e-02 
 1.950820e+01 -4.603635e-02 
 1.950860e+01 -4.636350e-02 
 1.950900e+01 -4.660380e-02 
 1.950940e+01 -4.676076e-02 
 1.950979e+01 -4.683722e-02 
 1.951019e+01 -4.683805e-02 
 1.951059e+01 -4.677029e-02 
 1.951099e+01 -4.664169e-02 
 1.951138e+01 -4.645329e-02 
 1.951178e+01 -4.620936e-02 
 1.951218e+01 -4.591885e-02 
 1.951258e+01 -4.559025e-02 
 1.951298e+01 -4.523260e-02 
 1.951337e+01 -4.485623e-02 
 1.951377e+01 -4.446228e-02 
 1.951417e+01 -4.404473e-02 
 1.951457e+01 -4.359555e-02 
 1.951496e+01 -4.310738e-02 
 1.951536e+01 -4.257625e-02 
 1.951576e+01 -4.200293e-02 
 1.951616e+01 -4.139027e-02 
 1.951656e+01 -4.073966e-02 
 1.951695e+01 -4.005562e-02 
 1.951735e+01 -3.933616e-02 
 1.951775e+01 -3.857667e-02 
 1.951815e+01 -3.777286e-02 
 1.951854e+01 -3.692425e-02 
 1.951894e+01 -3.602974e-02 
 1.951934e+01 -3.509363e-02 
 1.951974e+01 -3.411915e-02 
 1.952013e+01 -3.311056e-02 
 1.952053e+01 -3.207229e-02 
 1.952093e+01 -3.100557e-02 
 1.952133e+01 -2.991059e-02 
 1.952173e+01 -2.878652e-02 
 1.952212e+01 -2.763503e-02 
 1.952252e+01 -2.645427e-02 
 1.952292e+01 -2.524770e-02 
 1.952332e+01 -2.401928e-02 
 1.952371e+01 -2.277330e-02 
 1.952411e+01 -2.151298e-02 
 1.952451e+01 -2.023891e-02 
 1.952491e+01 -1.894483e-02 
 1.952530e+01 -1.762595e-02 
 1.952570e+01 -1.627133e-02 
 1.952610e+01 -1.488093e-02 
 1.952650e+01 -1.345505e-02 
 1.952690e+01 -1.200319e-02 
 1.952729e+01 -1.053828e-02 
 1.952769e+01 -9.077672e-03 
 1.952809e+01 -7.642894e-03 
 1.952849e+01 -6.253129e-03 
 1.952888e+01 -4.917925e-03 
 1.952928e+01 -3.650091e-03 
 1.952968e+01 -2.458267e-03 
 1.953008e+01 -1.352678e-03 
 1.953047e+01 -3.447640e-04 
 1.953087e+01  5.597330e-04 
 1.953127e+01  1.357009e-03 
 1.953167e+01  2.053076e-03 
 1.953207e+01  2.655852e-03 
 1.953246e+01  3.183049e-03 
 1.953286e+01  3.657337e-03 
 1.953326e+01  4.097025e-03 
 1.953366e+01  4.515004e-03 
 1.953405e+01  4.919920e-03 
 1.953445e+01  5.317014e-03 
 1.953485e+01  5.708189e-03 
 1.953525e+01  6.093543e-03 
 1.953564e+01  6.469056e-03 
 1.953604e+01  6.830090e-03 
 1.953644e+01  7.170569e-03 
 1.953684e+01  7.480648e-03 
 1.953724e+01  7.753392e-03 
 1.953763e+01  7.980794e-03 
 1.953803e+01  8.149996e-03 
 1.953843e+01  8.254063e-03 
 1.953883e+01  8.282294e-03 
 1.953922e+01  8.233119e-03 
 1.953962e+01  8.109655e-03 
 1.954002e+01  7.912908e-03 
 1.954042e+01  7.660676e-03 
 1.954081e+01  7.367650e-03 
 1.954121e+01  7.050154e-03 
 1.954161e+01  6.717178e-03 
 1.954201e+01  6.376147e-03 
 1.954241e+01  6.026199e-03 
 1.954280e+01  5.667250e-03 
 1.954320e+01  5.296682e-03 
 1.954360e+01  4.921029e-03 
 1.954400e+01  4.546108e-03 
 1.954439e+01  4.174756e-03 
 1.954479e+01  3.804967e-03 
 1.954519e+01  3.430966e-03 
 1.954559e+01  3.043768e-03 
 1.954598e+01  2.627728e-03 
 1.954638e+01  2.168606e-03 
 1.954678e+01  1.657617e-03 
 1.954718e+01  1.087339e-03 
 1.954758e+01  4.538426e-04 
 1.954797e+01 -2.507374e-04 
 1.954837e+01 -1.025982e-03 
 1.954877e+01 -1.878592e-03 
 1.954917e+01 -2.809968e-03 
 1.954956e+01 -3.811159e-03 
 1.954996e+01 -4.867707e-03 
 1.955036e+01 -5.965590e-03 
 1.955076e+01 -7.078377e-03 
 1.955115e+01 -8.175470e-03 
 1.955155e+01 -9.226792e-03 
 1.955195e+01 -1.020792e-02 
 1.955235e+01 -1.110351e-02 
 1.955275e+01 -1.190270e-02 
 1.955314e+01 -1.260149e-02 
 1.955354e+01 -1.320001e-02 
 1.955394e+01 -1.370880e-02 
 1.955434e+01 -1.413913e-02 
 1.955473e+01 -1.451211e-02 
 1.955513e+01 -1.484600e-02 
 1.955553e+01 -1.515851e-02 
 1.955593e+01 -1.546582e-02 
 1.955632e+01 -1.578637e-02 
 1.955672e+01 -1.613792e-02 
 1.955712e+01 -1.651878e-02 
 1.955752e+01 -1.692643e-02 
 1.955792e+01 -1.735722e-02 
 1.955831e+01 -1.779763e-02 
 1.955871e+01 -1.823738e-02 
 1.955911e+01 -1.866347e-02 
 1.955951e+01 -1.905819e-02 
 1.955990e+01 -1.941090e-02 
 1.956030e+01 -1.971232e-02 
 1.956070e+01 -1.996127e-02 
 1.956110e+01 -2.015590e-02 
 1.956149e+01 -2.030085e-02 
 1.956189e+01 -2.040185e-02 
 1.956229e+01 -2.046175e-02 
 1.956269e+01 -2.048704e-02 
 1.956309e+01 -2.047495e-02 
 1.956348e+01 -2.042922e-02 
 1.956388e+01 -2.035402e-02 
 1.956428e+01 -2.025647e-02 
 1.956468e+01 -2.014414e-02 
 1.956507e+01 -2.002653e-02 
 1.956547e+01 -1.990924e-02 
 1.956587e+01 -1.979317e-02 
 1.956627e+01 -1.967500e-02 
 1.956666e+01 -1.955630e-02 
 1.956706e+01 -1.943147e-02 
 1.956746e+01 -1.929764e-02 
 1.956786e+01 -1.915620e-02 
 1.956826e+01 -1.900121e-02 
 1.956865e+01 -1.883425e-02 
 1.956905e+01 -1.864561e-02 
 1.956945e+01 -1.842033e-02 
 1.956985e+01 -1.814210e-02 
 1.957024e+01 -1.779382e-02 
 1.957064e+01 -1.736370e-02 
 1.957104e+01 -1.684675e-02 
 1.957144e+01 -1.625636e-02 
 1.957183e+01 -1.560856e-02 
 1.957223e+01 -1.491958e-02 
 1.957263e+01 -1.421271e-02 
 1.957303e+01 -1.350597e-02 
 1.957343e+01 -1.280796e-02 
 1.957382e+01 -1.213483e-02 
 1.957422e+01 -1.150406e-02 
 1.957462e+01 -1.093590e-02 
 1.957502e+01 -1.044759e-02 
 1.957541e+01 -1.005751e-02 
 1.957581e+01 -9.770846e-03 
 1.957621e+01 -9.579678e-03 
 1.957661e+01 -9.468242e-03 
 1.957700e+01 -9.412637e-03 
 1.957740e+01 -9.396468e-03 
 1.957780e+01 -9.405248e-03 
 1.957820e+01 -9.434313e-03 
 1.957860e+01 -9.482623e-03 
 1.957899e+01 -9.554631e-03 
 1.957939e+01 -9.651869e-03 
 1.957979e+01 -9.772729e-03 
 1.958019e+01 -9.923874e-03 
 1.958058e+01 -1.010552e-02 
 1.958098e+01 -1.032121e-02 
 1.958138e+01 -1.058349e-02 
 1.958178e+01 -1.090164e-02 
 1.958217e+01 -1.127553e-02 
 1.958257e+01 -1.170927e-02 
 1.958297e+01 -1.219846e-02 
 1.958337e+01 -1.273576e-02 
 1.958377e+01 -1.331498e-02 
 1.958416e+01 -1.393023e-02 
 1.958456e+01 -1.457458e-02 
 1.958496e+01 -1.524324e-02 
 1.958536e+01 -1.592824e-02 
 1.958575e+01 -1.662066e-02 
 1.958615e+01 -1.731754e-02 
 1.958655e+01 -1.801638e-02 
 1.958695e+01 -1.871559e-02 
 1.958734e+01 -1.941642e-02 
 1.958774e+01 -2.012397e-02 
 1.958814e+01 -2.084006e-02 
 1.958854e+01 -2.156341e-02 
 1.958894e+01 -2.229241e-02 
 1.958933e+01 -2.302101e-02 
 1.958973e+01 -2.374770e-02 
 1.959013e+01 -2.447881e-02 
 1.959053e+01 -2.522534e-02 
 1.959092e+01 -2.600049e-02 
 1.959132e+01 -2.681438e-02 
 1.959172e+01 -2.767448e-02 
 1.959212e+01 -2.857543e-02 
 1.959251e+01 -2.951251e-02 
 1.959291e+01 -3.048276e-02 
 1.959331e+01 -3.147906e-02 
 1.959371e+01 -3.250379e-02 
 1.959411e+01 -3.355939e-02 
 1.959450e+01 -3.464705e-02 
 1.959490e+01 -3.575766e-02 
 1.959530e+01 -3.687425e-02 
 1.959570e+01 -3.796860e-02 
 1.959609e+01 -3.901302e-02 
 1.959649e+01 -3.998679e-02 
 1.959689e+01 -4.087815e-02 
 1.959729e+01 -4.168733e-02 
 1.959768e+01 -4.242494e-02 
 1.959808e+01 -4.310259e-02 
 1.959848e+01 -4.373103e-02 
 1.959888e+01 -4.431459e-02 
 1.959928e+01 -4.485251e-02 
 1.959967e+01 -4.534268e-02 
 1.960007e+01 -4.579405e-02 
 1.960047e+01 -4.622036e-02 
 1.960087e+01 -4.663328e-02 
 1.960126e+01 -4.703563e-02 
 1.960166e+01 -4.742393e-02 
 1.960206e+01 -4.777621e-02 
 1.960246e+01 -4.806958e-02 
 1.960285e+01 -4.828622e-02 
 1.960325e+01 -4.840488e-02 
 1.960365e+01 -4.842088e-02 
 1.960405e+01 -4.834624e-02 
 1.960445e+01 -4.819361e-02 
 1.960484e+01 -4.797898e-02 
 1.960524e+01 -4.771184e-02 
 1.960564e+01 -4.739212e-02 
 1.960604e+01 -4.702541e-02 
 1.960643e+01 -4.662122e-02 
 1.960683e+01 -4.619750e-02 
 1.960723e+01 -4.576600e-02 
 1.960763e+01 -4.533819e-02 
 1.960803e+01 -4.491966e-02 
 1.960842e+01 -4.450348e-02 
 1.960882e+01 -4.408685e-02 
 1.960922e+01 -4.366166e-02 
 1.960962e+01 -4.321607e-02 
 1.961001e+01 -4.274388e-02 
 1.961041e+01 -4.224373e-02 
 1.961081e+01 -4.171595e-02 
 1.961121e+01 -4.115739e-02 
 1.961160e+01 -4.056422e-02 
 1.961200e+01 -3.993201e-02 
 1.961240e+01 -3.925591e-02 
 1.961280e+01 -3.853765e-02 
 1.961320e+01 -3.777853e-02 
 1.961359e+01 -3.697725e-02 
 1.961399e+01 -3.613327e-02 
 1.961439e+01 -3.523673e-02 
 1.961479e+01 -3.428111e-02 
 1.961518e+01 -3.326234e-02 
 1.961558e+01 -3.217852e-02 
 1.961598e+01 -3.103350e-02 
 1.961638e+01 -2.983979e-02 
 1.961677e+01 -2.861982e-02 
 1.961717e+01 -2.738767e-02 
 1.961757e+01 -2.615844e-02 
 1.961797e+01 -2.493688e-02 
 1.961837e+01 -2.372630e-02 
 1.961876e+01 -2.252786e-02 
 1.961916e+01 -2.134399e-02 
 1.961956e+01 -2.017419e-02 
 1.961996e+01 -1.902443e-02 
 1.962035e+01 -1.789091e-02 
 1.962075e+01 -1.676778e-02 
 1.962115e+01 -1.564136e-02 
 1.962155e+01 -1.449904e-02 
 1.962194e+01 -1.332812e-02 
 1.962234e+01 -1.212529e-02 
 1.962274e+01 -1.090686e-02 
 1.962314e+01 -9.695312e-03 
 1.962354e+01 -8.519105e-03 
 1.962393e+01 -7.401912e-03 
 1.962433e+01 -6.359190e-03 
 1.962473e+01 -5.397013e-03 
 1.962513e+01 -4.516795e-03 
 1.962552e+01 -3.718828e-03 
 1.962592e+01 -3.003684e-03 
 1.962632e+01 -2.377928e-03 
 1.962672e+01 -1.846584e-03 
 1.962711e+01 -1.407576e-03 
 1.962751e+01 -1.048665e-03 
 1.962791e+01 -7.463027e-04 
 1.962831e+01 -4.662057e-04 
 1.962871e+01 -1.856668e-04 
 1.962910e+01  1.120045e-04 
 1.962950e+01  4.358236e-04 
 1.962990e+01  7.785415e-04 
 1.963030e+01  1.132066e-03 
 1.963069e+01  1.489860e-03 
 1.963109e+01  1.843365e-03 
 1.963149e+01  2.184132e-03 
 1.963189e+01  2.510156e-03 
 1.963228e+01  2.813038e-03 
 1.963268e+01  3.080553e-03 
 1.963308e+01  3.298650e-03 
 1.963348e+01  3.461381e-03 
 1.963388e+01  3.562631e-03 
 1.963427e+01  3.600599e-03 
 1.963467e+01  3.574725e-03 
 1.963507e+01  3.483251e-03 
 1.963547e+01  3.323249e-03 
 1.963586e+01  3.091709e-03 
 1.963626e+01  2.789991e-03 
 1.963666e+01  2.421981e-03 
 1.963706e+01  1.999210e-03 
 1.963745e+01  1.532359e-03 
 1.963785e+01  1.036151e-03 
 1.963825e+01  5.208798e-04 
 1.963865e+01 -8.964261e-06 
 1.963905e+01 -5.490528e-04 
 1.963944e+01 -1.098877e-03 
 1.963984e+01 -1.650768e-03 
 1.964024e+01 -2.198157e-03 
 1.964064e+01 -2.732914e-03 
 1.964103e+01 -3.249051e-03 
 1.964143e+01 -3.750496e-03 
 1.964183e+01 -4.245144e-03 
 1.964223e+01 -4.752628e-03 
 1.964262e+01 -5.291392e-03 
 1.964302e+01 -5.870042e-03 
 1.964342e+01 -6.493810e-03 
 1.964382e+01 -7.158868e-03 
 1.964422e+01 -7.861243e-03 
 1.964461e+01 -8.592454e-03 
 1.964501e+01 -9.341869e-03 
 1.964541e+01 -1.010291e-02 
 1.964581e+01 -1.086351e-02 
 1.964620e+01 -1.160865e-02 
 1.964660e+01 -1.231449e-02 
 1.964700e+01 -1.294827e-02 
 1.964740e+01 -1.347917e-02 
 1.964779e+01 -1.388450e-02 
 1.964819e+01 -1.415811e-02 
 1.964859e+01 -1.430734e-02 
 1.964899e+01 -1.435193e-02 
 1.964939e+01 -1.431451e-02 
 1.964978e+01 -1.422252e-02 
 1.965018e+01 -1.409881e-02 
 1.965058e+01 -1.395649e-02 
 1.965098e+01 -1.380655e-02 
 1.965137e+01 -1.366160e-02 
 1.965177e+01 -1.353794e-02 
 1.965217e+01 -1.345635e-02 
 1.965257e+01 -1.343281e-02 
 1.965296e+01 -1.347057e-02 
 1.965336e+01 -1.355854e-02 
 1.965376e+01 -1.367476e-02 
 1.965416e+01 -1.379859e-02 
 1.965456e+01 -1.390582e-02 
 1.965495e+01 -1.398657e-02 
 1.965535e+01 -1.403906e-02 
 1.965575e+01 -1.406822e-02 
 1.965615e+01 -1.407831e-02 
 1.965654e+01 -1.406236e-02 
 1.965694e+01 -1.401087e-02 
 1.965734e+01 -1.391202e-02 
 1.965774e+01 -1.375576e-02 
 1.965813e+01 -1.354208e-02 
 1.965853e+01 -1.328236e-02 
 1.965893e+01 -1.299072e-02 
 1.965933e+01 -1.267444e-02 
 1.965973e+01 -1.233730e-02 
 1.966012e+01 -1.198265e-02 
 1.966052e+01 -1.161175e-02 
 1.966092e+01 -1.123437e-02 
 1.966132e+01 -1.086344e-02 
 1.966171e+01 -1.051469e-02 
 1.966211e+01 -1.019715e-02 
 1.966251e+01 -9.915561e-03 
 1.966291e+01 -9.670341e-03 
 1.966330e+01 -9.447332e-03 
 1.966370e+01 -9.235026e-03 
 1.966410e+01 -9.024557e-03 
 1.966450e+01 -8.814071e-03 
 1.966490e+01 -8.600629e-03 
 1.966529e+01 -8.375420e-03 
 1.966569e+01 -8.128084e-03 
 1.966609e+01 -7.844190e-03 
 1.966649e+01 -7.514163e-03 
 1.966688e+01 -7.131976e-03 
 1.966728e+01 -6.713475e-03 
 1.966768e+01 -6.280038e-03 
 1.966808e+01 -5.858901e-03 
 1.966847e+01 -5.481332e-03 
 1.966887e+01 -5.172623e-03 
 1.966927e+01 -4.943122e-03 
 1.966967e+01 -4.790090e-03 
 1.967007e+01 -4.715105e-03 
 1.967046e+01 -4.717488e-03 
 1.967086e+01 -4.802491e-03 
 1.967126e+01 -4.975788e-03 
 1.967166e+01 -5.238484e-03 
 1.967205e+01 -5.578701e-03 
 1.967245e+01 -5.975254e-03 
 1.967285e+01 -6.398329e-03 
 1.967325e+01 -6.820872e-03 
 1.967364e+01 -7.220858e-03 
 1.967404e+01 -7.586954e-03 
 1.967444e+01 -7.927551e-03 
 1.967484e+01 -8.256333e-03 
 1.967524e+01 -8.588978e-03 
 1.967563e+01 -8.932262e-03 
 1.967603e+01 -9.282528e-03 
 1.967643e+01 -9.627461e-03 
 1.967683e+01 -9.962879e-03 
 1.967722e+01 -1.028890e-02 
 1.967762e+01 -1.061686e-02 
 1.967802e+01 -1.096346e-02 
 1.967842e+01 -1.134654e-02 
 1.967881e+01 -1.177669e-02 
 1.967921e+01 -1.225022e-02 
 1.967961e+01 -1.276121e-02 
 1.968001e+01 -1.329905e-02 
 1.968041e+01 -1.385817e-02 
 1.968080e+01 -1.444141e-02 
 1.968120e+01 -1.506019e-02 
 1.968160e+01 -1.572726e-02 
 1.968200e+01 -1.644442e-02 
 1.968239e+01 -1.720298e-02 
 1.968279e+01 -1.799073e-02 
 1.968319e+01 -1.879199e-02 
 1.968359e+01 -1.959859e-02 
 1.968398e+01 -2.041106e-02 
 1.968438e+01 -2.123943e-02 
 1.968478e+01 -2.209090e-02 
 1.968518e+01 -2.297115e-02 
 1.968558e+01 -2.387988e-02 
 1.968597e+01 -2.480979e-02 
 1.968637e+01 -2.575643e-02 
 1.968677e+01 -2.671943e-02 
 1.968717e+01 -2.770830e-02 
 1.968756e+01 -2.873345e-02 
 1.968796e+01 -2.980142e-02 
 1.968836e+01 -3.091092e-02 
 1.968876e+01 -3.204569e-02 
 1.968915e+01 -3.318828e-02 
 1.968955e+01 -3.432256e-02 
 1.968995e+01 -3.544003e-02 
 1.969035e+01 -3.653686e-02 
 1.969075e+01 -3.760961e-02 
 1.969114e+01 -3.865381e-02 
 1.969154e+01 -3.965322e-02 
 1.969194e+01 -4.058827e-02 
 1.969234e+01 -4.144020e-02 
 1.969273e+01 -4.219934e-02 
 1.969313e+01 -4.286977e-02 
 1.969353e+01 -4.347061e-02 
 1.969393e+01 -4.402309e-02 
 1.969432e+01 -4.454179e-02 
 1.969472e+01 -4.503439e-02 
 1.969512e+01 -4.549575e-02 
 1.969552e+01 -4.592388e-02 
 1.969592e+01 -4.631466e-02 
 1.969631e+01 -4.666951e-02 
 1.969671e+01 -4.699388e-02 
 1.969711e+01 -4.729666e-02 
 1.969751e+01 -4.758203e-02 
 1.969790e+01 -4.784666e-02 
 1.969830e+01 -4.807498e-02 
 1.969870e+01 -4.824790e-02 
 1.969910e+01 -4.834974e-02 
 1.969950e+01 -4.836912e-02 
 1.969989e+01 -4.831305e-02 
 1.970029e+01 -4.820195e-02 
 1.970069e+01 -4.805529e-02 
 1.970109e+01 -4.788989e-02 
 1.970148e+01 -4.771158e-02 
 1.970188e+01 -4.752149e-02 
 1.970228e+01 -4.730759e-02 
 1.970268e+01 -4.705808e-02 
 1.970307e+01 -4.676893e-02 
 1.970347e+01 -4.644810e-02 
 1.970387e+01 -4.610695e-02 
 1.970427e+01 -4.575190e-02 
 1.970467e+01 -4.538677e-02 
 1.970506e+01 -4.500000e-02 
 1.970546e+01 -4.457106e-02 
 1.970586e+01 -4.408174e-02 
 1.970626e+01 -4.352574e-02 
 1.970665e+01 -4.290470e-02 
 1.970705e+01 -4.222765e-02 
 1.970745e+01 -4.150227e-02 
 1.970785e+01 -4.073505e-02 
 1.970824e+01 -3.992049e-02 
 1.970864e+01 -3.904859e-02 
 1.970904e+01 -3.811043e-02 
 1.970944e+01 -3.710202e-02 
 1.970984e+01 -3.603252e-02 
 1.971023e+01 -3.492163e-02 
 1.971063e+01 -3.378478e-02 
 1.971103e+01 -3.263607e-02 
 1.971143e+01 -3.148569e-02 
 1.971182e+01 -3.033696e-02 
 1.971222e+01 -2.919802e-02 
 1.971262e+01 -2.808184e-02 
 1.971302e+01 -2.700393e-02 
 1.971341e+01 -2.598025e-02 
 1.971381e+01 -2.501832e-02 
 1.971421e+01 -2.411915e-02 
 1.971461e+01 -2.326807e-02 
 1.971501e+01 -2.244852e-02 
 1.971540e+01 -2.164536e-02 
 1.971580e+01 -2.085373e-02 
 1.971620e+01 -2.007214e-02 
 1.971660e+01 -1.930387e-02 
 1.971699e+01 -1.854688e-02 
 1.971739e+01 -1.779258e-02 
 1.971779e+01 -1.703045e-02 
 1.971819e+01 -1.625543e-02 
 1.971858e+01 -1.546717e-02 
 1.971898e+01 -1.468383e-02 
 1.971938e+01 -1.393224e-02 
 1.971978e+01 -1.324025e-02 
 1.972018e+01 -1.262739e-02 
 1.972057e+01 -1.209643e-02 
 1.972097e+01 -1.163644e-02 
 1.972137e+01 -1.123070e-02 
 1.972177e+01 -1.086395e-02 
 1.972216e+01 -1.053222e-02 
 1.972256e+01 -1.023752e-02 
 1.972296e+01 -9.980203e-03 
 1.972336e+01 -9.755567e-03 
 1.972375e+01 -9.547851e-03 
 1.972415e+01 -9.331674e-03 
 1.972455e+01 -9.083658e-03 
 1.972495e+01 -8.786499e-03 
 1.972535e+01 -8.438176e-03 
 1.972574e+01 -8.044558e-03 
 1.972614e+01 -7.624426e-03 
 1.972654e+01 -7.197804e-03 
 1.972694e+01 -6.773556e-03 
 1.972733e+01 -6.354593e-03 
 1.972773e+01 -5.939858e-03 
 1.972813e+01 -5.528455e-03 
 1.972853e+01 -5.133812e-03 
 1.972892e+01 -4.775442e-03 
 1.972932e+01 -4.483631e-03 
 1.972972e+01 -4.282213e-03 
 1.973012e+01 -4.184141e-03 
 1.973052e+01 -4.189031e-03 
 1.973091e+01 -4.285004e-03 
 1.973131e+01 -4.455186e-03 
 1.973171e+01 -4.678576e-03 
 1.973211e+01 -4.944759e-03 
 1.973250e+01 -5.247467e-03 
 1.973290e+01 -5.582740e-03 
 1.973330e+01 -5.941813e-03 
 1.973370e+01 -6.309210e-03 
 1.973409e+01 -6.666658e-03 
 1.973449e+01 -6.991289e-03 
 1.973489e+01 -7.273010e-03 
 1.973529e+01 -7.509185e-03 
 1.973569e+01 -7.707793e-03 
 1.973608e+01 -7.882908e-03 
 1.973648e+01 -8.043234e-03 
 1.973688e+01 -8.195728e-03 
 1.973728e+01 -8.334963e-03 
 1.973767e+01 -8.464620e-03 
 1.973807e+01 -8.588019e-03 
 1.973847e+01 -8.721838e-03 
 1.973887e+01 -8.883513e-03 
 1.973926e+01 -9.091414e-03 
 1.973966e+01 -9.351866e-03 
 1.974006e+01 -9.654601e-03 
 1.974046e+01 -9.983986e-03 
 1.974086e+01 -1.031495e-02 
 1.974125e+01 -1.063377e-02 
 1.974165e+01 -1.093443e-02 
 1.974205e+01 -1.120963e-02 
 1.974245e+01 -1.145977e-02 
 1.974284e+01 -1.167063e-02 
 1.974324e+01 -1.182367e-02 
 1.974364e+01 -1.190271e-02 
 1.974404e+01 -1.189836e-02 
 1.974443e+01 -1.181083e-02 
 1.974483e+01 -1.166073e-02 
 1.974523e+01 -1.147379e-02 
 1.974563e+01 -1.128346e-02 
 1.974603e+01 -1.110981e-02 
 1.974642e+01 -1.096018e-02 
 1.974682e+01 -1.083494e-02 
 1.974722e+01 -1.073124e-02 
 1.974762e+01 -1.065749e-02 
 1.974801e+01 -1.062759e-02 
 1.974841e+01 -1.065703e-02 
 1.974881e+01 -1.075578e-02 
 1.974921e+01 -1.092132e-02 
 1.974960e+01 -1.113050e-02 
 1.975000e+01 -1.135013e-02 
 1.975040e+01 -1.154124e-02 
 1.975080e+01 -1.167615e-02 
 1.975120e+01 -1.173716e-02 
 1.975159e+01 -1.172890e-02 
 1.975199e+01 -1.166210e-02 
 1.975239e+01 -1.154164e-02 
 1.975279e+01 -1.136874e-02 
 1.975318e+01 -1.112871e-02 
 1.975358e+01 -1.080575e-02 
 1.975398e+01 -1.039430e-02 
 1.975438e+01 -9.902267e-03 
 1.975477e+01 -9.350253e-03 
 1.975517e+01 -8.766873e-03 
 1.975557e+01 -8.179979e-03 
 1.975597e+01 -7.609020e-03 
 1.975637e+01 -7.059820e-03 
 1.975676e+01 -6.530806e-03 
 1.975716e+01 -6.016450e-03 
 1.975756e+01 -5.515909e-03 
 1.975796e+01 -5.044210e-03 
 1.975835e+01 -4.612511e-03 
 1.975875e+01 -4.225109e-03 
 1.975915e+01 -3.882754e-03 
 1.975955e+01 -3.571043e-03 
 1.975994e+01 -3.273326e-03 
 1.976034e+01 -2.976079e-03 
 1.976074e+01 -2.669862e-03 
 1.976114e+01 -2.354108e-03 
 1.976154e+01 -2.032851e-03 
 1.976193e+01 -1.714377e-03 
 1.976233e+01 -1.404921e-03 
 1.976273e+01 -1.103277e-03 
 1.976313e+01 -8.105174e-04 
 1.976352e+01 -5.287458e-04 
 1.976392e+01 -2.740536e-04 
 1.976432e+01 -6.013062e-05 
 1.976472e+01  9.388719e-05 
 1.976511e+01  1.701364e-04 
 1.976551e+01  1.675162e-04 
 1.976591e+01  9.352404e-05 
 1.976631e+01 -4.054293e-05 
 1.976671e+01 -2.246042e-04 
 1.976710e+01 -4.543392e-04 
 1.976750e+01 -7.267457e-04 
 1.976790e+01 -1.049940e-03 
 1.976830e+01 -1.426271e-03 
 1.976869e+01 -1.836620e-03 
 1.976909e+01 -2.259616e-03 
 1.976949e+01 -2.666945e-03 
 1.976989e+01 -3.035350e-03 
 1.977028e+01 -3.358498e-03 
 1.977068e+01 -3.647910e-03 
 1.977108e+01 -3.925455e-03 
 1.977148e+01 -4.211741e-03 
 1.977188e+01 -4.515018e-03 
 1.977227e+01 -4.833578e-03 
 1.977267e+01 -5.163301e-03 
 1.977307e+01 -5.500627e-03 
 1.977347e+01 -5.853113e-03 
 1.977386e+01 -6.244290e-03 
 1.977426e+01 -6.701502e-03 
 1.977466e+01 -7.247384e-03 
 1.977506e+01 -7.888977e-03 
 1.977545e+01 -8.617563e-03 
 1.977585e+01 -9.409753e-03 
 1.977625e+01 -1.023568e-02 
 1.977665e+01 -1.108436e-02 
 1.977705e+01 -1.194993e-02 
 1.977744e+01 -1.283707e-02 
 1.977784e+01 -1.375549e-02 
 1.977824e+01 -1.470798e-02 
 1.977864e+01 -1.568257e-02 
 1.977903e+01 -1.666394e-02 
 1.977943e+01 -1.763538e-02 
 1.977983e+01 -1.858802e-02 
 1.978023e+01 -1.952437e-02 
 1.978062e+01 -2.046185e-02 
 1.978102e+01 -2.141785e-02 
 1.978142e+01 -2.240569e-02 
 1.978182e+01 -2.342579e-02 
 1.978222e+01 -2.446304e-02 
 1.978261e+01 -2.550040e-02 
 1.978301e+01 -2.652220e-02 
 1.978341e+01 -2.751639e-02 
 1.978381e+01 -2.848976e-02 
 1.978420e+01 -2.944976e-02 
 1.978460e+01 -3.039853e-02 
 1.978500e+01 -3.133066e-02 
 1.978540e+01 -3.223490e-02 
 1.978579e+01 -3.309784e-02 
 1.978619e+01 -3.390879e-02 
 1.978659e+01 -3.466927e-02 
 1.978699e+01 -3.538342e-02 
 1.978739e+01 -3.606150e-02 
 1.978778e+01 -3.670734e-02 
 1.978818e+01 -3.731990e-02 
 1.978858e+01 -3.789054e-02 
 1.978898e+01 -3.841420e-02 
 1.978937e+01 -3.889014e-02 
 1.978977e+01 -3.933106e-02 
 1.979017e+01 -3.975101e-02 
 1.979057e+01 -4.016992e-02 
 1.979096e+01 -4.059839e-02 
 1.979136e+01 -4.103877e-02 
 1.979176e+01 -4.149358e-02 
 1.979216e+01 -4.195398e-02 
 1.979256e+01 -4.241746e-02 
 1.979295e+01 -4.288210e-02 
 1.979335e+01 -4.335111e-02 
 1.979375e+01 -4.382189e-02 
 1.979415e+01 -4.428572e-02 
 1.979454e+01 -4.472491e-02 
 1.979494e+01 -4.511827e-02 
 1.979534e+01 -4.545012e-02 
 1.979574e+01 -4.571277e-02 
 1.979614e+01 -4.591028e-02 
 1.979653e+01 -4.605288e-02 
 1.979693e+01 -4.615249e-02 
 1.979733e+01 -4.621791e-02 
 1.979773e+01 -4.624765e-02 
 1.979812e+01 -4.623745e-02 
 1.979852e+01 -4.617827e-02 
 1.979892e+01 -4.606682e-02 
 1.979932e+01 -4.591084e-02 
 1.979971e+01 -4.572513e-02 
 1.980011e+01 -4.552406e-02 
 1.980051e+01 -4.531309e-02 
 1.980091e+01 -4.508167e-02 
 1.980131e+01 -4.480777e-02 
 1.980170e+01 -4.446645e-02 
 1.980210e+01 -4.404017e-02 
 1.980250e+01 -4.352357e-02 
 1.980290e+01 -4.292442e-02 
 1.980329e+01 -4.226069e-02 
 1.980369e+01 -4.154733e-02 
 1.980409e+01 -4.080030e-02 
 1.980449e+01 -4.002133e-02 
 1.980488e+01 -3.920418e-02 
 1.980528e+01 -3.834895e-02 
 1.980568e+01 -3.746290e-02 
 1.980608e+01 -3.656331e-02 
 1.980648e+01 -3.567157e-02 
 1.980687e+01 -3.480653e-02 
 1.980727e+01 -3.397880e-02 
 1.980767e+01 -3.319091e-02 
 1.980807e+01 -3.243781e-02 
 1.980846e+01 -3.171187e-02 
 1.980886e+01 -3.101142e-02 
 1.980926e+01 -3.033752e-02 
 1.980966e+01 -2.969210e-02 
 1.981005e+01 -2.907535e-02 
 1.981045e+01 -2.848340e-02 
 1.981085e+01 -2.790070e-02 
 1.981125e+01 -2.731036e-02 
 1.981165e+01 -2.669993e-02 
 1.981204e+01 -2.606225e-02 
 1.981244e+01 -2.539859e-02 
 1.981284e+01 -2.471254e-02 
 1.981324e+01 -2.400922e-02 
 1.981363e+01 -2.328737e-02 
 1.981403e+01 -2.254536e-02 
 1.981443e+01 -2.177946e-02 
 1.981483e+01 -2.099390e-02 
 1.981522e+01 -2.020216e-02 
 1.981562e+01 -1.942099e-02 
 1.981602e+01 -1.866775e-02 
 1.981642e+01 -1.795962e-02 
 1.981682e+01 -1.730048e-02 
 1.981721e+01 -1.668833e-02 
 1.981761e+01 -1.611657e-02 
 1.981801e+01 -1.558593e-02 
 1.981841e+01 -1.509721e-02 
 1.981880e+01 -1.465345e-02 
 1.981920e+01 -1.425668e-02 
 1.981960e+01 -1.389580e-02 
 1.982000e+01 -1.355490e-02 
 1.982039e+01 -1.321236e-02 
 1.982079e+01 -1.285077e-02 
 1.982119e+01 -1.245584e-02 
 1.982159e+01 -1.202705e-02 
 1.982199e+01 -1.158329e-02 
 1.982238e+01 -1.114647e-02 
 1.982278e+01 -1.073893e-02 
 1.982318e+01 -1.038196e-02 
 1.982358e+01 -1.008125e-02 
 1.982397e+01 -9.842989e-03 
 1.982437e+01 -9.672253e-03 
 1.982477e+01 -9.577656e-03 
 1.982517e+01 -9.573558e-03 
 1.982556e+01 -9.670504e-03 
 1.982596e+01 -9.871410e-03 
 1.982636e+01 -1.017427e-02 
 1.982676e+01 -1.056117e-02 
 1.982716e+01 -1.100150e-02 
 1.982755e+01 -1.146403e-02 
 1.982795e+01 -1.192548e-02 
 1.982835e+01 -1.236260e-02 
 1.982875e+01 -1.276527e-02 
 1.982914e+01 -1.313233e-02 
 1.982954e+01 -1.345807e-02 
 1.982994e+01 -1.373576e-02 
 1.983034e+01 -1.395590e-02 
 1.983073e+01 -1.411322e-02 
 1.983113e+01 -1.420839e-02 
 1.983153e+01 -1.425030e-02 
 1.983193e+01 -1.425145e-02 
 1.983233e+01 -1.422719e-02 
 1.983272e+01 -1.419068e-02 
 1.983312e+01 -1.415036e-02 
 1.983352e+01 -1.410998e-02 
 1.983392e+01 -1.407594e-02 
 1.983431e+01 -1.404705e-02 
 1.983471e+01 -1.402647e-02 
 1.983511e+01 -1.402420e-02 
 1.983551e+01 -1.405411e-02 
 1.983590e+01 -1.412401e-02 
 1.983630e+01 -1.423430e-02 
 1.983670e+01 -1.437905e-02 
 1.983710e+01 -1.454831e-02 
 1.983750e+01 -1.472764e-02 
 1.983789e+01 -1.490138e-02 
 1.983829e+01 -1.505272e-02 
 1.983869e+01 -1.516649e-02 
 1.983909e+01 -1.522778e-02 
 1.983948e+01 -1.522675e-02 
 1.983988e+01 -1.515180e-02 
 1.984028e+01 -1.500152e-02 
 1.984068e+01 -1.478620e-02 
 1.984107e+01 -1.452144e-02 
 1.984147e+01 -1.423795e-02 
 1.984187e+01 -1.395917e-02 
 1.984227e+01 -1.370591e-02 
 1.984267e+01 -1.348599e-02 
 1.984306e+01 -1.331048e-02 
 1.984346e+01 -1.317723e-02 
 1.984386e+01 -1.308638e-02 
 1.984426e+01 -1.303703e-02 
 1.984465e+01 -1.302350e-02 
 1.984505e+01 -1.302802e-02 
 1.984545e+01 -1.303338e-02 
 1.984585e+01 -1.301610e-02 
 1.984624e+01 -1.294649e-02 
 1.984664e+01 -1.280194e-02 
 1.984704e+01 -1.256659e-02 
 1.984744e+01 -1.223676e-02 
 1.984784e+01 -1.182038e-02 
 1.984823e+01 -1.133079e-02 
 1.984863e+01 -1.077722e-02 
 1.984903e+01 -1.016875e-02 
 1.984943e+01 -9.510339e-03 
 1.984982e+01 -8.810826e-03 
 1.985022e+01 -8.082708e-03 
 1.985062e+01 -7.340609e-03 
 1.985102e+01 -6.604589e-03 
 1.985141e+01 -5.898241e-03 
 1.985181e+01 -5.241850e-03 
 1.985221e+01 -4.644253e-03 
 1.985261e+01 -4.101699e-03 
 1.985301e+01 -3.605983e-03 
 1.985340e+01 -3.147995e-03 
 1.985380e+01 -2.720168e-03 
 1.985420e+01 -2.328532e-03 
 1.985460e+01 -1.971942e-03 
 1.985499e+01 -1.655123e-03 
 1.985539e+01 -1.375690e-03 
 1.985579e+01 -1.127010e-03 
 1.985619e+01 -8.989922e-04 
 1.985658e+01 -6.810039e-04 
 1.985698e+01 -4.619319e-04 
 1.985738e+01 -2.311037e-04 
 1.985778e+01  1.094034e-05 
 1.985818e+01  2.661061e-04 
 1.985857e+01  5.361213e-04 
 1.985897e+01  8.166157e-04 
 1.985937e+01  1.103948e-03 
 1.985977e+01  1.397707e-03 
 1.986016e+01  1.687210e-03 
 1.986056e+01  1.960328e-03 
 1.986096e+01  2.207526e-03 
 1.986136e+01  2.419694e-03 
 1.986175e+01  2.588375e-03 
 1.986215e+01  2.705757e-03 
 1.986255e+01  2.766081e-03 
 1.986295e+01  2.770765e-03 
 1.986335e+01  2.730506e-03 
 1.986374e+01  2.654117e-03 
 1.986414e+01  2.553564e-03 
 1.986454e+01  2.444787e-03 
 1.986494e+01  2.336285e-03 
 1.986533e+01  2.237316e-03 
 1.986573e+01  2.148409e-03 
 1.986613e+01  2.064850e-03 
 1.986653e+01  1.977341e-03 
 1.986692e+01  1.873842e-03 
 1.986732e+01  1.748449e-03 
 1.986772e+01  1.587730e-03 
 1.986812e+01  1.376958e-03 
 1.986852e+01  1.104189e-03 
 1.986891e+01  7.556833e-04 
 1.986931e+01  3.239798e-04 
 1.986971e+01 -1.998263e-04 
 1.987011e+01 -8.216480e-04 
 1.987050e+01 -1.540687e-03 
 1.987090e+01 -2.346511e-03 
 1.987130e+01 -3.224972e-03 
 1.987170e+01 -4.153094e-03 
 1.987209e+01 -5.116130e-03 
 1.987249e+01 -6.101037e-03 
 1.987289e+01 -7.099835e-03 
 1.987329e+01 -8.105899e-03 
 1.987369e+01 -9.119630e-03 
 1.987408e+01 -1.013886e-02 
 1.987448e+01 -1.116384e-02 
 1.987488e+01 -1.219806e-02 
 1.987528e+01 -1.323977e-02 
 1.987567e+01 -1.429092e-02 
 1.987607e+01 -1.535132e-02 
 1.987647e+01 -1.642170e-02 
 1.987687e+01 -1.750547e-02 
 1.987726e+01 -1.859501e-02 
 1.987766e+01 -1.968607e-02 
 1.987806e+01 -2.077151e-02 
 1.987846e+01 -2.184158e-02 
 1.987886e+01 -2.288794e-02 
 1.987925e+01 -2.390948e-02 
 1.987965e+01 -2.490419e-02 
 1.988005e+01 -2.587160e-02 
 1.988045e+01 -2.681654e-02 
 1.988084e+01 -2.774368e-02 
 1.988124e+01 -2.865754e-02 
 1.988164e+01 -2.956618e-02 
 1.988204e+01 -3.046661e-02 
 1.988243e+01 -3.135466e-02 
 1.988283e+01 -3.222272e-02 
 1.988323e+01 -3.306490e-02 
 1.988363e+01 -3.387570e-02 
 1.988403e+01 -3.465452e-02 
 1.988442e+01 -3.540437e-02 
 1.988482e+01 -3.613017e-02 
 1.988522e+01 -3.684198e-02 
 1.988562e+01 -3.754443e-02 
 1.988601e+01 -3.824378e-02 
 1.988641e+01 -3.894454e-02 
 1.988681e+01 -3.964513e-02 
 1.988721e+01 -4.034558e-02 
 1.988761e+01 -4.104581e-02 
 1.988800e+01 -4.174740e-02 
 1.988840e+01 -4.244256e-02 
 1.988880e+01 -4.312094e-02 
 1.988920e+01 -4.377011e-02 
 1.988959e+01 -4.437269e-02 
 1.988999e+01 -4.490849e-02 
 1.989039e+01 -4.535827e-02 
 1.989079e+01 -4.570561e-02 
 1.989118e+01 -4.594789e-02 
 1.989158e+01 -4.608491e-02 
 1.989198e+01 -4.612938e-02 
 1.989238e+01 -4.609302e-02 
 1.989278e+01 -4.598841e-02 
 1.989317e+01 -4.582743e-02 
 1.989357e+01 -4.562307e-02 
 1.989397e+01 -4.538562e-02 
 1.989437e+01 -4.512300e-02 
 1.989476e+01 -4.483921e-02 
 1.989516e+01 -4.454073e-02 
 1.989556e+01 -4.423120e-02 
 1.989596e+01 -4.391120e-02 
 1.989635e+01 -4.357289e-02 
 1.989675e+01 -4.320433e-02 
 1.989715e+01 -4.279412e-02 
 1.989755e+01 -4.233186e-02 
 1.989795e+01 -4.182064e-02 
 1.989834e+01 -4.125903e-02 
 1.989874e+01 -4.065062e-02 
 1.989914e+01 -4.000291e-02 
 1.989954e+01 -3.932422e-02 
 1.989993e+01 -3.862628e-02 
 1.990033e+01 -3.791869e-02 
 1.990073e+01 -3.721048e-02 
 1.990113e+01 -3.650306e-02 
 1.990152e+01 -3.580629e-02 
 1.990192e+01 -3.512714e-02 
 1.990232e+01 -3.447064e-02 
 1.990272e+01 -3.384337e-02 
 1.990312e+01 -3.324609e-02 
 1.990351e+01 -3.267695e-02 
 1.990391e+01 -3.213567e-02 
 1.990431e+01 -3.161668e-02 
 1.990471e+01 -3.111600e-02 
 1.990510e+01 -3.062606e-02 
 1.990550e+01 -3.013773e-02 
 1.990590e+01 -2.964513e-02 
 1.990630e+01 -2.914757e-02 
 1.990669e+01 -2.864193e-02 
 1.990709e+01 -2.812423e-02 
 1.990749e+01 -2.758571e-02 
 1.990789e+01 -2.702154e-02 
 1.990829e+01 -2.642563e-02 
 1.990868e+01 -2.579032e-02 
 1.990908e+01 -2.510854e-02 
 1.990948e+01 -2.437873e-02 
 1.990988e+01 -2.360739e-02 
 1.991027e+01 -2.280901e-02 
 1.991067e+01 -2.200426e-02 
 1.991107e+01 -2.121512e-02 
 1.991147e+01 -2.046175e-02 
 1.991186e+01 -1.976167e-02 
 1.991226e+01 -1.912407e-02 
 1.991266e+01 -1.855539e-02 
 1.991306e+01 -1.805617e-02 
 1.991346e+01 -1.762539e-02 
 1.991385e+01 -1.726140e-02 
 1.991425e+01 -1.695833e-02 
 1.991465e+01 -1.670873e-02 
 1.991505e+01 -1.649809e-02 
 1.991544e+01 -1.631193e-02 
 1.991584e+01 -1.613064e-02 
 1.991624e+01 -1.594429e-02 
 1.991664e+01 -1.574668e-02 
 1.991703e+01 -1.553605e-02 
 1.991743e+01 -1.532013e-02 
 1.991783e+01 -1.510967e-02 
 1.991823e+01 -1.491721e-02 
 1.991863e+01 -1.475034e-02 
 1.991902e+01 -1.462095e-02 
 1.991942e+01 -1.453998e-02 
 1.991982e+01 -1.451518e-02 
 1.992022e+01 -1.455638e-02 
 1.992061e+01 -1.467407e-02 
 1.992101e+01 -1.487206e-02 
 1.992141e+01 -1.514806e-02 
 1.992181e+01 -1.548843e-02 
 1.992220e+01 -1.587379e-02 
 1.992260e+01 -1.628261e-02 
 1.992300e+01 -1.668944e-02 
 1.992340e+01 -1.706889e-02 
 1.992380e+01 -1.741225e-02 
 1.992419e+01 -1.770966e-02 
 1.992459e+01 -1.795880e-02 
 1.992499e+01 -1.816340e-02 
 1.992539e+01 -1.832937e-02 
 1.992578e+01 -1.845534e-02 
 1.992618e+01 -1.854558e-02 
 1.992658e+01 -1.860704e-02 
 1.992698e+01 -1.864573e-02 
 1.992737e+01 -1.866890e-02 
 1.992777e+01 -1.867974e-02 
 1.992817e+01 -1.868250e-02 
 1.992857e+01 -1.868244e-02 
 1.992897e+01 -1.868920e-02 
 1.992936e+01 -1.871105e-02 
 1.992976e+01 -1.876026e-02 
 1.993016e+01 -1.884680e-02 
 1.993056e+01 -1.898103e-02 
 1.993095e+01 -1.916600e-02 
 1.993135e+01 -1.940154e-02 
 1.993175e+01 -1.968100e-02 
 1.993215e+01 -1.999167e-02 
 1.993254e+01 -2.031757e-02 
 1.993294e+01 -2.064499e-02 
 1.993334e+01 -2.095483e-02 
 1.993374e+01 -2.122469e-02 
 1.993414e+01 -2.143577e-02 
 1.993453e+01 -2.156614e-02 
 1.993493e+01 -2.160578e-02 
 1.993533e+01 -2.155074e-02 
 1.993573e+01 -2.140627e-02 
 1.993612e+01 -2.118320e-02 
 1.993652e+01 -2.089782e-02 
 1.993692e+01 -2.056751e-02 
 1.993732e+01 -2.020960e-02 
 1.993771e+01 -1.983477e-02 
 1.993811e+01 -1.944851e-02 
 1.993851e+01 -1.905825e-02 
 1.993891e+01 -1.867170e-02 
 1.993931e+01 -1.830048e-02 
 1.993970e+01 -1.794824e-02 
 1.994010e+01 -1.761497e-02 
 1.994050e+01 -1.728735e-02 
 1.994090e+01 -1.694110e-02 
 1.994129e+01 -1.655105e-02 
 1.994169e+01 -1.609142e-02 
 1.994209e+01 -1.554321e-02 
 1.994249e+01 -1.489775e-02 
 1.994288e+01 -1.416150e-02 
 1.994328e+01 -1.334590e-02 
 1.994368e+01 -1.246299e-02 
 1.994408e+01 -1.152917e-02 
 1.994448e+01 -1.055135e-02 
 1.994487e+01 -9.539083e-03 
 1.994527e+01 -8.507521e-03 
 1.994567e+01 -7.476412e-03 
 1.994607e+01 -6.468557e-03 
 1.994646e+01 -5.504202e-03 
 1.994686e+01 -4.590466e-03 
 1.994726e+01 -3.732082e-03 
 1.994766e+01 -2.926872e-03 
 1.994805e+01 -2.168431e-03 
 1.994845e+01 -1.454085e-03 
 1.994885e+01 -7.891306e-04 
 1.994925e+01 -1.764332e-04 
 1.994965e+01  3.838637e-04 
 1.995004e+01  8.917884e-04 
 1.995044e+01  1.352705e-03 
 1.995084e+01  1.781987e-03 
 1.995124e+01  2.198816e-03 
 1.995163e+01  2.611311e-03 
 1.995203e+01  3.027667e-03 
 1.995243e+01  3.457305e-03 
 1.995283e+01  3.901362e-03 
 1.995322e+01  4.369120e-03 
 1.995362e+01  4.865422e-03 
 1.995402e+01  5.387431e-03 
 1.995442e+01  5.928875e-03 
 1.995482e+01  6.481163e-03 
 1.995521e+01  7.026497e-03 
 1.995561e+01  7.543868e-03 
 1.995601e+01  8.017100e-03 
 1.995641e+01  8.433832e-03 
 1.995680e+01  8.790016e-03 
 1.995720e+01  9.087821e-03 
 1.995760e+01  9.325787e-03 
 1.995800e+01  9.501960e-03 
 1.995839e+01  9.612245e-03 
 1.995879e+01  9.650408e-03 
 1.995919e+01  9.617275e-03 
 1.995959e+01  9.519677e-03 
 1.995999e+01  9.369999e-03 
 1.996038e+01  9.188400e-03 
 1.996078e+01  8.992025e-03 
 1.996118e+01  8.797447e-03 
 1.996158e+01  8.600055e-03 
 1.996197e+01  8.389567e-03 
 1.996237e+01  8.152373e-03 
 1.996277e+01  7.873250e-03 
 1.996317e+01  7.538816e-03 
 1.996356e+01  7.144016e-03 
 1.996396e+01  6.682428e-03 
 1.996436e+01  6.152039e-03 
 1.996476e+01  5.549085e-03 
 1.996516e+01  4.861519e-03 
 1.996555e+01  4.087257e-03 
 1.996595e+01  3.227501e-03 
 1.996635e+01  2.290652e-03 
 1.996675e+01  1.297067e-03 
 1.996714e+01  2.734807e-04 
 1.996754e+01 -7.625596e-04 
 1.996794e+01 -1.800861e-03 
 1.996834e+01 -2.840223e-03 
 1.996873e+01 -3.883762e-03 
 1.996913e+01 -4.935598e-03 
 1.996953e+01 -5.993564e-03 
 1.996993e+01 -7.050749e-03 
 1.997033e+01 -8.099857e-03 
 1.997072e+01 -9.134209e-03 
 1.997112e+01 -1.014895e-02 
 1.997152e+01 -1.115108e-02 
 1.997192e+01 -1.214829e-02 
 1.997231e+01 -1.315210e-02 
 1.997271e+01 -1.417026e-02 
 1.997311e+01 -1.520606e-02 
 1.997351e+01 -1.625065e-02 
 1.997390e+01 -1.729585e-02 
 1.997430e+01 -1.833801e-02 
 1.997470e+01 -1.937826e-02 
 1.997510e+01 -2.042203e-02 
 1.997550e+01 -2.147319e-02 
 1.997589e+01 -2.253065e-02 
 1.997629e+01 -2.359398e-02 
 1.997669e+01 -2.466389e-02 
 1.997709e+01 -2.573709e-02 
 1.997748e+01 -2.681328e-02 
 1.997788e+01 -2.789193e-02 
 1.997828e+01 -2.896790e-02 
 1.997868e+01 -3.003889e-02 
 1.997908e+01 -3.109953e-02 
 1.997947e+01 -3.214123e-02 
 1.997987e+01 -3.315333e-02 
 1.998027e+01 -3.412876e-02 
 1.998067e+01 -3.506700e-02 
 1.998106e+01 -3.597285e-02 
 1.998146e+01 -3.685620e-02 
 1.998186e+01 -3.772020e-02 
 1.998226e+01 -3.856612e-02 
 1.998265e+01 -3.939234e-02 
 1.998305e+01 -4.019335e-02 
 1.998345e+01 -4.095770e-02 
 1.998385e+01 -4.167556e-02 
 1.998425e+01 -4.233874e-02 
 1.998464e+01 -4.293102e-02 
 1.998504e+01 -4.344431e-02 
 1.998544e+01 -4.387498e-02 
 1.998584e+01 -4.421166e-02 
 1.998623e+01 -4.444880e-02 
 1.998663e+01 -4.458137e-02 
 1.998703e+01 -4.461407e-02 
 1.998743e+01 -4.455724e-02 
 1.998782e+01 -4.442876e-02 
 1.998822e+01 -4.424767e-02 
 1.998862e+01 -4.402766e-02 
 1.998902e+01 -4.377919e-02 
 1.998942e+01 -4.350317e-02 
 1.998981e+01 -4.319982e-02 
 1.999021e+01 -4.286724e-02 
 1.999061e+01 -4.251020e-02 
 1.999101e+01 -4.213662e-02 
 1.999140e+01 -4.175927e-02 
 1.999180e+01 -4.138654e-02 
 1.999220e+01 -4.101159e-02 
 1.999260e+01 -4.062216e-02 
 1.999299e+01 -4.020255e-02 
 1.999339e+01 -3.973634e-02 
 1.999379e+01 -3.922289e-02 
 1.999419e+01 -3.866521e-02 
 1.999459e+01 -3.807331e-02 
 1.999498e+01 -3.745585e-02 
 1.999538e+01 -3.682399e-02 
 1.999578e+01 -3.617872e-02 
 1.999618e+01 -3.551883e-02 
 1.999657e+01 -3.484431e-02 
 1.999697e+01 -3.415964e-02 
 1.999737e+01 -3.347622e-02 
 1.999777e+01 -3.280539e-02 
 1.999816e+01 -3.215970e-02 
 1.999856e+01 -3.153665e-02 
 1.999896e+01 -3.093187e-02 
 1.999936e+01 -3.033983e-02 
 1.999976e+01 -2.975300e-02 
 2.000015e+01 -2.917152e-02 
 2.000055e+01 -2.859567e-02 
 2.000095e+01 -2.802571e-02 
 2.000135e+01 -2.746732e-02 
 2.000174e+01 -2.691502e-02 
 2.000214e+01 -2.636162e-02 
 2.000254e+01 -2.579733e-02 
 2.000294e+01 -2.521278e-02 
 2.000333e+01 -2.460311e-02 
 2.000373e+01 -2.397330e-02 
 2.000413e+01 -2.333135e-02 
 2.000453e+01 -2.268134e-02 
 2.000493e+01 -2.203156e-02 
 2.000532e+01 -2.139288e-02 
 2.000572e+01 -2.078139e-02 
 2.000612e+01 -2.021394e-02 
 2.000652e+01 -1.971319e-02 
 2.000691e+01 -1.929204e-02 
 2.000731e+01 -1.896407e-02 
 2.000771e+01 -1.873658e-02 
 2.000811e+01 -1.860385e-02 
 2.000850e+01 -1.855843e-02 
 2.000890e+01 -1.859106e-02 
 2.000930e+01 -1.869171e-02 
 2.000970e+01 -1.885597e-02 
 2.001010e+01 -1.907764e-02 
 2.001049e+01 -1.935108e-02 
 2.001089e+01 -1.966133e-02 
 2.001129e+01 -1.999093e-02 
 2.001169e+01 -2.032121e-02 
 2.001208e+01 -2.063366e-02 
 2.001248e+01 -2.091834e-02 
 2.001288e+01 -2.116920e-02 
 2.001328e+01 -2.139253e-02 
 2.001367e+01 -2.159667e-02 
 2.001407e+01 -2.179658e-02 
 2.001447e+01 -2.200342e-02 
 2.001487e+01 -2.222286e-02 
 2.001527e+01 -2.245991e-02 
 2.001566e+01 -2.271244e-02 
 2.001606e+01 -2.298711e-02 
 2.001646e+01 -2.329432e-02 
 2.001686e+01 -2.363854e-02 
 2.001725e+01 -2.401830e-02 
 2.001765e+01 -2.442604e-02 
 2.001805e+01 -2.484504e-02 
 2.001845e+01 -2.525524e-02 
 2.001884e+01 -2.564006e-02 
 2.001924e+01 -2.598275e-02 
 2.001964e+01 -2.628049e-02 
 2.002004e+01 -2.653766e-02 
 2.002044e+01 -2.676101e-02 
 2.002083e+01 -2.695318e-02 
 2.002123e+01 -2.710956e-02 
 2.002163e+01 -2.722418e-02 
 2.002203e+01 -2.729209e-02 
 2.002242e+01 -2.731529e-02 
 2.002282e+01 -2.730613e-02 
 2.002322e+01 -2.728198e-02 
 2.002362e+01 -2.726098e-02 
 2.002401e+01 -2.725939e-02 
 2.002441e+01 -2.728504e-02 
 2.002481e+01 -2.734077e-02 
 2.002521e+01 -2.742441e-02 
 2.002561e+01 -2.753372e-02 
 2.002600e+01 -2.766692e-02 
 2.002640e+01 -2.782634e-02 
 2.002680e+01 -2.800741e-02 
 2.002720e+01 -2.819683e-02 
 2.002759e+01 -2.837906e-02 
 2.002799e+01 -2.853387e-02 
 2.002839e+01 -2.864193e-02 
 2.002879e+01 -2.869232e-02 
 2.002918e+01 -2.868138e-02 
 2.002958e+01 -2.860384e-02 
 2.002998e+01 -2.845261e-02 
 2.003038e+01 -2.821473e-02 
 2.003078e+01 -2.787805e-02 
 2.003117e+01 -2.743260e-02 
 2.003157e+01 -2.687966e-02 
 2.003197e+01 -2.623029e-02 
 2.003237e+01 -2.550552e-02 
 2.003276e+01 -2.473414e-02 
 2.003316e+01 -2.394451e-02 
 2.003356e+01 -2.315549e-02 
 2.003396e+01 -2.237713e-02 
 2.003435e+01 -2.160770e-02 
 2.003475e+01 -2.084646e-02 
 2.003515e+01 -2.009221e-02 
 2.003555e+01 -1.934614e-02 
 2.003595e+01 -1.860498e-02 
 2.003634e+01 -1.785956e-02 
 2.003674e+01 -1.709995e-02 
 2.003714e+01 -1.631045e-02 
 2.003754e+01 -1.548286e-02 
 2.003793e+01 -1.460797e-02 
 2.003833e+01 -1.368330e-02 
 2.003873e+01 -1.271183e-02 
 2.003913e+01 -1.170526e-02 
 2.003952e+01 -1.067435e-02 
 2.003992e+01 -9.625681e-03 
 2.004032e+01 -8.562275e-03 
 2.004072e+01 -7.483413e-03 
 2.004112e+01 -6.390992e-03 
 2.004151e+01 -5.293391e-03 
 2.004191e+01 -4.210262e-03 
 2.004231e+01 -3.161247e-03 
 2.004271e+01 -2.168830e-03 
 2.004310e+01 -1.244728e-03 
 2.004350e+01 -3.910600e-04 
 2.004390e+01  4.002499e-04 
 2.004430e+01  1.144661e-03 
 2.004469e+01  1.861318e-03 
 2.004509e+01  2.567881e-03 
 2.004549e+01  3.269491e-03 
 2.004589e+01  3.972402e-03 
 2.004629e+01  4.678395e-03 
 2.004668e+01  5.388591e-03 
 2.004708e+01  6.109321e-03 
 2.004748e+01  6.847023e-03 
 2.004788e+01  7.601638e-03 
 2.004827e+01  8.373581e-03 
 2.004867e+01  9.152475e-03 
 2.004907e+01  9.928346e-03 
 2.004947e+01  1.069148e-02 
 2.004986e+01  1.143089e-02 
 2.005026e+01  1.214175e-02 
 2.005066e+01  1.282641e-02 
 2.005106e+01  1.347599e-02 
 2.005146e+01  1.408001e-02 
 2.005185e+01  1.461772e-02 
 2.005225e+01  1.507404e-02 
 2.005265e+01  1.543158e-02 
 2.005305e+01  1.567955e-02 
 2.005344e+01  1.582161e-02 
 2.005384e+01  1.586219e-02 
 2.005424e+01  1.581286e-02 
 2.005464e+01  1.568860e-02 
 2.005503e+01  1.549747e-02 
 2.005543e+01  1.524354e-02 
 2.005583e+01  1.493213e-02 
 2.005623e+01  1.456824e-02 
 2.005663e+01  1.415586e-02 
 2.005702e+01  1.370160e-02 
 2.005742e+01  1.320964e-02 
 2.005782e+01  1.267792e-02 
 2.005822e+01  1.210522e-02 
 2.005861e+01  1.148988e-02 
 2.005901e+01  1.082886e-02 
 2.005941e+01  1.012480e-02 
 2.005981e+01  9.379516e-03 
 2.006020e+01  8.593250e-03 
 2.006060e+01  7.765361e-03 
 2.006100e+01  6.889039e-03 
 2.006140e+01  5.953623e-03 
 2.006180e+01  4.949669e-03 
 2.006219e+01  3.878467e-03 
 2.006259e+01  2.748661e-03 
 2.006299e+01  1.582166e-03 
 2.006339e+01  4.069101e-04 
 2.006378e+01 -7.557229e-04 
 2.006418e+01 -1.886989e-03 
 2.006458e+01 -2.981038e-03 
 2.006498e+01 -4.039936e-03 
 2.006537e+01 -5.069374e-03 
 2.006577e+01 -6.080940e-03 
 2.006617e+01 -7.086801e-03 
 2.006657e+01 -8.094449e-03 
 2.006697e+01 -9.104542e-03 
 2.006736e+01 -1.012061e-02 
 2.006776e+01 -1.114932e-02 
 2.006816e+01 -1.219980e-02 
 2.006856e+01 -1.327602e-02 
 2.006895e+01 -1.438371e-02 
 2.006935e+01 -1.551374e-02 
 2.006975e+01 -1.665472e-02 
 2.007015e+01 -1.779441e-02 
 2.007055e+01 -1.892323e-02 
 2.007094e+01 -2.003708e-02 
 2.007134e+01 -2.113657e-02 
 2.007174e+01 -2.222733e-02 
 2.007214e+01 -2.331390e-02 
 2.007253e+01 -2.439253e-02 
 2.007293e+01 -2.545268e-02 
 2.007333e+01 -2.648299e-02 
 2.007373e+01 -2.746909e-02 
 2.007412e+01 -2.840272e-02 
 2.007452e+01 -2.928240e-02 
 2.007492e+01 -3.011426e-02 
 2.007532e+01 -3.090697e-02 
 2.007572e+01 -3.166438e-02 
 2.007611e+01 -3.238380e-02 
 2.007651e+01 -3.306330e-02 
 2.007691e+01 -3.369601e-02 
 2.007731e+01 -3.427433e-02 
 2.007770e+01 -3.479710e-02 
 2.007810e+01 -3.526664e-02 
 2.007850e+01 -3.568162e-02 
 2.007890e+01 -3.604187e-02 
 2.007929e+01 -3.634390e-02 
 2.007969e+01 -3.658360e-02 
 2.008009e+01 -3.675978e-02 
 2.008049e+01 -3.687464e-02 
 2.008089e+01 -3.693548e-02 
 2.008128e+01 -3.695235e-02 
 2.008168e+01 -3.692823e-02 
 2.008208e+01 -3.685927e-02 
 2.008248e+01 -3.673849e-02 
 2.008287e+01 -3.656271e-02 
 2.008327e+01 -3.632804e-02 
 2.008367e+01 -3.604103e-02 
 2.008407e+01 -3.571764e-02 
 2.008446e+01 -3.537608e-02 
 2.008486e+01 -3.503359e-02 
 2.008526e+01 -3.470519e-02 
 2.008566e+01 -3.439481e-02 
 2.008606e+01 -3.410411e-02 
 2.008645e+01 -3.383193e-02 
 2.008685e+01 -3.357782e-02 
 2.008725e+01 -3.334201e-02 
 2.008765e+01 -3.312588e-02 
 2.008804e+01 -3.292309e-02 
 2.008844e+01 -3.272360e-02 
 2.008884e+01 -3.250812e-02 
 2.008924e+01 -3.225987e-02 
 2.008963e+01 -3.196948e-02 
 2.009003e+01 -3.163446e-02 
 2.009043e+01 -3.125961e-02 
 2.009083e+01 -3.085308e-02 
 2.009123e+01 -3.042515e-02 
 2.009162e+01 -2.998216e-02 
 2.009202e+01 -2.952406e-02 
 2.009242e+01 -2.905116e-02 
 2.009282e+01 -2.856717e-02 
 2.009321e+01 -2.807804e-02 
 2.009361e+01 -2.759785e-02 
 2.009401e+01 -2.714489e-02 
 2.009441e+01 -2.673119e-02 
 2.009480e+01 -2.636140e-02 
 2.009520e+01 -2.602673e-02 
 2.009560e+01 -2.571516e-02 
 2.009600e+01 -2.540930e-02 
 2.009640e+01 -2.509468e-02 
 2.009679e+01 -2.476694e-02 
 2.009719e+01 -2.442563e-02 
 2.009759e+01 -2.408082e-02 
 2.009799e+01 -2.373646e-02 
 2.009838e+01 -2.339500e-02 
 2.009878e+01 -2.305714e-02 
 2.009918e+01 -2.272663e-02 
 2.009958e+01 -2.240679e-02 
 2.009997e+01 -2.210686e-02 
 2.010037e+01 -2.184369e-02 
 2.010077e+01 -2.163175e-02 
 2.010117e+01 -2.148307e-02 
 2.010157e+01 -2.140460e-02 
 2.010196e+01 -2.139317e-02 
 2.010236e+01 -2.144607e-02 
 2.010276e+01 -2.156171e-02 
 2.010316e+01 -2.174227e-02 
 2.010355e+01 -2.199302e-02 
 2.010395e+01 -2.231877e-02 
 2.010435e+01 -2.271772e-02 
 2.010475e+01 -2.318164e-02 
 2.010514e+01 -2.369640e-02 
 2.010554e+01 -2.424127e-02 
 2.010594e+01 -2.479624e-02 
 2.010634e+01 -2.534970e-02 
 2.010674e+01 -2.589327e-02 
 2.010713e+01 -2.642250e-02 
 2.010753e+01 -2.693352e-02 
 2.010793e+01 -2.741993e-02 
 2.010833e+01 -2.786954e-02 
 2.010872e+01 -2.827485e-02 
 2.010912e+01 -2.863282e-02 
 2.010952e+01 -2.894997e-02 
 2.010992e+01 -2.924185e-02 
 2.011031e+01 -2.952556e-02 
 2.011071e+01 -2.981799e-02 
 2.011111e+01 -3.012866e-02 
 2.011151e+01 -3.046326e-02 
 2.011191e+01 -3.082961e-02 
 2.011230e+01 -3.123351e-02 
 2.011270e+01 -3.168386e-02 
 2.011310e+01 -3.218649e-02 
 2.011350e+01 -3.274015e-02 
 2.011389e+01 -3.333207e-02 
 2.011429e+01 -3.394134e-02 
 2.011469e+01 -3.453220e-02 
 2.011509e+01 -3.507579e-02 
 2.011548e+01 -3.554904e-02 
 2.011588e+01 -3.594626e-02 
 2.011628e+01 -3.627756e-02 
 2.011668e+01 -3.655623e-02 
 2.011708e+01 -3.679619e-02 
 2.011747e+01 -3.700734e-02 
 2.011787e+01 -3.719043e-02 
 2.011827e+01 -3.734532e-02 
 2.011867e+01 -3.746928e-02 
 2.011906e+01 -3.757283e-02 
 2.011946e+01 -3.766754e-02 
 2.011986e+01 -3.776540e-02 
 2.012026e+01 -3.787102e-02 
 2.012065e+01 -3.798036e-02 
 2.012105e+01 -3.808180e-02 
 2.012145e+01 -3.816044e-02 
 2.012185e+01 -3.820445e-02 
 2.012225e+01 -3.820825e-02 
 2.012264e+01 -3.817703e-02 
 2.012304e+01 -3.811221e-02 
 2.012344e+01 -3.800924e-02 
 2.012384e+01 -3.785582e-02 
 2.012423e+01 -3.762712e-02 
 2.012463e+01 -3.729831e-02 
 2.012503e+01 -3.685190e-02 
 2.012543e+01 -3.628212e-02 
 2.012582e+01 -3.559683e-02 
 2.012622e+01 -3.480953e-02 
 2.012662e+01 -3.393141e-02 
 2.012702e+01 -3.297622e-02 
 2.012742e+01 -3.194618e-02 
 2.012781e+01 -3.084681e-02 
 2.012821e+01 -2.968272e-02 
 2.012861e+01 -2.847171e-02 
 2.012901e+01 -2.723843e-02 
 2.012940e+01 -2.600766e-02 
 2.012980e+01 -2.480018e-02 
 2.013020e+01 -2.363065e-02 
 2.013060e+01 -2.250474e-02 
 2.013099e+01 -2.142021e-02 
 2.013139e+01 -2.037414e-02 
 2.013179e+01 -1.936711e-02 
 2.013219e+01 -1.839925e-02 
 2.013259e+01 -1.746738e-02 
 2.013298e+01 -1.655776e-02 
 2.013338e+01 -1.564843e-02 
 2.013378e+01 -1.471420e-02 
 2.013418e+01 -1.372903e-02 
 2.013457e+01 -1.267676e-02 
 2.013497e+01 -1.156361e-02 
 2.013537e+01 -1.040570e-02 
 2.013577e+01 -9.229655e-03 
 2.013616e+01 -8.057863e-03 
 2.013656e+01 -6.908105e-03 
 2.013696e+01 -5.786286e-03 
 2.013736e+01 -4.691429e-03 
 2.013776e+01 -3.626980e-03 
 2.013815e+01 -2.595681e-03 
 2.013855e+01 -1.608126e-03 
 2.013895e+01 -6.759097e-04 
 2.013935e+01  1.976341e-04 
 2.013974e+01  1.018491e-03 
 2.014014e+01  1.803502e-03 
 2.014054e+01  2.573992e-03 
 2.014094e+01  3.343648e-03 
 2.014133e+01  4.109721e-03 
 2.014173e+01  4.867811e-03 
 2.014213e+01  5.605721e-03 
 2.014253e+01  6.318407e-03 
 2.014293e+01  7.009599e-03 
 2.014332e+01  7.690580e-03 
 2.014372e+01  8.371898e-03 
 2.014412e+01  9.056137e-03 
 2.014452e+01  9.736599e-03 
 2.014491e+01  1.039368e-02 
 2.014531e+01  1.100142e-02 
 2.014571e+01  1.153895e-02 
 2.014611e+01  1.199898e-02 
 2.014650e+01  1.238288e-02 
 2.014690e+01  1.269854e-02 
 2.014730e+01  1.295118e-02 
 2.014770e+01  1.314050e-02 
 2.014810e+01  1.326160e-02 
 2.014849e+01  1.330068e-02 
 2.014889e+01  1.324841e-02 
 2.014929e+01  1.310205e-02 
 2.014969e+01  1.286767e-02 
 2.015008e+01  1.255228e-02 
 2.015048e+01  1.216471e-02 
 2.015088e+01  1.170927e-02 
 2.015128e+01  1.118688e-02 
 2.015167e+01  1.060279e-02 
 2.015207e+01  9.969459e-03 
 2.015247e+01  9.307608e-03 
 2.015287e+01  8.638431e-03 
 2.015327e+01  7.985839e-03 
 2.015366e+01  7.361249e-03 
 2.015406e+01  6.763967e-03 
 2.015446e+01  6.179937e-03 
 2.015486e+01  5.594028e-03 
 2.015525e+01  4.983473e-03 
 2.015565e+01  4.338189e-03 
 2.015605e+01  3.656929e-03 
 2.015645e+01  2.944789e-03 
 2.015684e+01  2.206399e-03 
 2.015724e+01  1.441707e-03 
 2.015764e+01  6.479860e-04 
 2.015804e+01 -1.721693e-04 
 2.015844e+01 -1.011780e-03 
 2.015883e+01 -1.857636e-03 
 2.015923e+01 -2.691476e-03 
 2.015963e+01 -3.500846e-03 
 2.016003e+01 -4.284990e-03 
 2.016042e+01 -5.049937e-03 
 2.016082e+01 -5.806421e-03 
 2.016122e+01 -6.573756e-03 
 2.016162e+01 -7.365228e-03 
 2.016202e+01 -8.184459e-03 
 2.016241e+01 -9.025904e-03 
 2.016281e+01 -9.884300e-03 
 2.016321e+01 -1.075950e-02 
 2.016361e+01 -1.166282e-02 
 2.016400e+01 -1.260445e-02 
 2.016440e+01 -1.359235e-02 
 2.016480e+01 -1.462327e-02 
 2.016520e+01 -1.568066e-02 
 2.016559e+01 -1.673774e-02 
 2.016599e+01 -1.776686e-02 
 2.016639e+01 -1.874825e-02 
 2.016679e+01 -1.967360e-02 
 2.016719e+01 -2.054557e-02 
 2.016758e+01 -2.137520e-02 
 2.016798e+01 -2.217205e-02 
 2.016838e+01 -2.293552e-02 
 2.016878e+01 -2.366460e-02 
 2.016917e+01 -2.435228e-02 
 2.016957e+01 -2.499258e-02 
 2.016997e+01 -2.558743e-02 
 2.017037e+01 -2.614164e-02 
 2.017076e+01 -2.666287e-02 
 2.017116e+01 -2.715487e-02 
 2.017156e+01 -2.761101e-02 
 2.017196e+01 -2.801664e-02 
 2.017236e+01 -2.835827e-02 
 2.017275e+01 -2.862952e-02 
 2.017315e+01 -2.883330e-02 
 2.017355e+01 -2.897933e-02 
 2.017395e+01 -2.908244e-02 
 2.017434e+01 -2.915556e-02 
 2.017474e+01 -2.919954e-02 
 2.017514e+01 -2.921461e-02 
 2.017554e+01 -2.919359e-02 
 2.017593e+01 -2.912843e-02 
 2.017633e+01 -2.901845e-02 
 2.017673e+01 -2.886696e-02 
 2.017713e+01 -2.867949e-02 
 2.017753e+01 -2.846346e-02 
 2.017792e+01 -2.821680e-02 
 2.017832e+01 -2.793724e-02 
 2.017872e+01 -2.762569e-02 
 2.017912e+01 -2.728997e-02 
 2.017951e+01 -2.694276e-02 
 2.017991e+01 -2.660389e-02 
 2.018031e+01 -2.628903e-02 
 2.018071e+01 -2.600781e-02 
 2.018110e+01 -2.576351e-02 
 2.018150e+01 -2.555354e-02 
 2.018190e+01 -2.537201e-02 
 2.018230e+01 -2.521330e-02 
 2.018270e+01 -2.507777e-02 
 2.018309e+01 -2.496633e-02 
 2.018349e+01 -2.487755e-02 
 2.018389e+01 -2.480378e-02 
 2.018429e+01 -2.472874e-02 
 2.018468e+01 -2.462558e-02 
 2.018508e+01 -2.447139e-02 
 2.018548e+01 -2.424892e-02 
 2.018588e+01 -2.395830e-02 
 2.018627e+01 -2.361155e-02 
 2.018667e+01 -2.322505e-02 
 2.018707e+01 -2.282335e-02 
 2.018747e+01 -2.242115e-02 
 2.018787e+01 -2.202900e-02 
 2.018826e+01 -2.165219e-02 
 2.018866e+01 -2.130327e-02 
 2.018906e+01 -2.099168e-02 
 2.018946e+01 -2.073428e-02 
 2.018985e+01 -2.054566e-02 
 2.019025e+01 -2.043559e-02 
 2.019065e+01 -2.039823e-02 
 2.019105e+01 -2.042097e-02 
 2.019144e+01 -2.048400e-02 
 2.019184e+01 -2.057245e-02 
 2.019224e+01 -2.067862e-02 
 2.019264e+01 -2.080995e-02 
 2.019304e+01 -2.097122e-02 
 2.019343e+01 -2.117131e-02 
 2.019383e+01 -2.140573e-02 
 2.019423e+01 -2.166210e-02 
 2.019463e+01 -2.193123e-02 
 2.019502e+01 -2.220681e-02 
 2.019542e+01 -2.248985e-02 
 2.019582e+01 -2.279304e-02 
 2.019622e+01 -2.313120e-02 
 2.019661e+01 -2.351916e-02 
 2.019701e+01 -2.395961e-02 
 2.019741e+01 -2.444500e-02 
 2.019781e+01 -2.496895e-02 
 2.019821e+01 -2.552065e-02 
 2.019860e+01 -2.610040e-02 
 2.019900e+01 -2.671133e-02 
 2.019940e+01 -2.736247e-02 
 2.019980e+01 -2.805755e-02 
 2.020019e+01 -2.879040e-02 
 2.020059e+01 -2.954615e-02 
 2.020099e+01 -3.031120e-02 
 2.020139e+01 -3.106706e-02 
 2.020178e+01 -3.179910e-02 
 2.020218e+01 -3.250359e-02 
 2.020258e+01 -3.317875e-02 
 2.020298e+01 -3.381936e-02 
 2.020338e+01 -3.441186e-02 
 2.020377e+01 -3.493947e-02 
 2.020417e+01 -3.538416e-02 
 2.020457e+01 -3.573895e-02 
 2.020497e+01 -3.601458e-02 
 2.020536e+01 -3.623546e-02 
 2.020576e+01 -3.643053e-02 
 2.020616e+01 -3.662914e-02 
 2.020656e+01 -3.685404e-02 
 2.020695e+01 -3.711166e-02 
 2.020735e+01 -3.740347e-02 
 2.020775e+01 -3.773081e-02 
 2.020815e+01 -3.808938e-02 
 2.020855e+01 -3.848283e-02 
 2.020894e+01 -3.891256e-02 
 2.020934e+01 -3.937134e-02 
 2.020974e+01 -3.984020e-02 
 2.021014e+01 -4.029282e-02 
 2.021053e+01 -4.070162e-02 
 2.021093e+01 -4.105036e-02 
 2.021133e+01 -4.133300e-02 
 2.021173e+01 -4.155525e-02 
 2.021212e+01 -4.172851e-02 
 2.021252e+01 -4.186510e-02 
 2.021292e+01 -4.196449e-02 
 2.021332e+01 -4.202074e-02 
 2.021372e+01 -4.202246e-02 
 2.021411e+01 -4.195977e-02 
 2.021451e+01 -4.183818e-02 
 2.021491e+01 -4.167766e-02 
 2.021531e+01 -4.149836e-02 
 2.021570e+01 -4.131231e-02 
 2.021610e+01 -4.112698e-02 
 2.021650e+01 -4.093588e-02 
 2.021690e+01 -4.072663e-02 
 2.021729e+01 -4.048290e-02 
 2.021769e+01 -4.019227e-02 
 2.021809e+01 -3.985045e-02 
 2.021849e+01 -3.945804e-02 
 2.021889e+01 -3.902487e-02 
 2.021928e+01 -3.855280e-02 
 2.021968e+01 -3.804143e-02 
 2.022008e+01 -3.747990e-02 
 2.022048e+01 -3.685896e-02 
 2.022087e+01 -3.617105e-02 
 2.022127e+01 -3.541806e-02 
 2.022167e+01 -3.460332e-02 
 2.022207e+01 -3.372891e-02 
 2.022246e+01 -3.279918e-02 
 2.022286e+01 -3.181097e-02 
 2.022326e+01 -3.076583e-02 
 2.022366e+01 -2.967396e-02 
 2.022406e+01 -2.854558e-02 
 2.022445e+01 -2.740972e-02 
 2.022485e+01 -2.629515e-02 
 2.022525e+01 -2.522370e-02 
 2.022565e+01 -2.420969e-02 
 2.022604e+01 -2.325597e-02 
 2.022644e+01 -2.235253e-02 
 2.022684e+01 -2.148482e-02 
 2.022724e+01 -2.064076e-02 
 2.022763e+01 -1.980996e-02 
 2.022803e+01 -1.898414e-02 
 2.022843e+01 -1.815129e-02 
 2.022883e+01 -1.729785e-02 
 2.022923e+01 -1.640982e-02 
 2.022962e+01 -1.547245e-02 
 2.023002e+01 -1.448053e-02 
 2.023042e+01 -1.343518e-02 
 2.023082e+01 -1.234581e-02 
 2.023121e+01 -1.123288e-02 
 2.023161e+01 -1.011019e-02 
 2.023201e+01 -8.983001e-03 
 2.023241e+01 -7.851262e-03 
 2.023280e+01 -6.713039e-03 
 2.023320e+01 -5.572841e-03 
 2.023360e+01 -4.442266e-03 
 2.023400e+01 -3.333998e-03 
 2.023440e+01 -2.268992e-03 
 2.023479e+01 -1.262805e-03 
 2.023519e+01 -3.172470e-04 
 2.023559e+01  5.711213e-04 
 2.023599e+01  1.415818e-03 
 2.023638e+01  2.234680e-03 
 2.023678e+01  3.043009e-03 
 2.023718e+01  3.839262e-03 
 2.023758e+01  4.615412e-03 
 2.023797e+01  5.363649e-03 
 2.023837e+01  6.072746e-03 
 2.023877e+01  6.737276e-03 
 2.023917e+01  7.357584e-03 
 2.023957e+01  7.934729e-03 
 2.023996e+01  8.467520e-03 
 2.024036e+01  8.949056e-03 
 2.024076e+01  9.373076e-03 
 2.024116e+01  9.728154e-03 
 2.024155e+01  1.001091e-02 
 2.024195e+01  1.022503e-02 
 2.024235e+01  1.037955e-02 
 2.024275e+01  1.048608e-02 
 2.024314e+01  1.054381e-02 
 2.024354e+01  1.054589e-02 
 2.024394e+01  1.047683e-02 
 2.024434e+01  1.032723e-02 
 2.024474e+01  1.008891e-02 
 2.024513e+01  9.766314e-03 
 2.024553e+01  9.374165e-03 
 2.024593e+01  8.932282e-03 
 2.024633e+01  8.461020e-03 
 2.024672e+01  7.977570e-03 
 2.024712e+01  7.485006e-03 
 2.024752e+01  6.986404e-03 
 2.024792e+01  6.479301e-03 
 2.024831e+01  5.967376e-03 
 2.024871e+01  5.458509e-03 
 2.024911e+01  4.957721e-03 
 2.024951e+01  4.469311e-03 
 2.024991e+01  3.994024e-03 
 2.025030e+01  3.524378e-03 
 2.025070e+01  3.047297e-03 
 2.025110e+01  2.554406e-03 
 2.025150e+01  2.039685e-03 
 2.025189e+01  1.502548e-03 
 2.025229e+01  9.420420e-04 
 2.025269e+01  3.616753e-04 
 2.025309e+01 -2.386998e-04 
 2.025349e+01 -8.640411e-04 
 2.025388e+01 -1.516066e-03 
 2.025428e+01 -2.186380e-03 
 2.025468e+01 -2.867499e-03 
 2.025508e+01 -3.544458e-03 
 2.025547e+01 -4.196526e-03 
 2.025587e+01 -4.814855e-03 
 2.025627e+01 -5.397028e-03 
 2.025667e+01 -5.958965e-03 
 2.025706e+01 -6.522003e-03 
 2.025746e+01 -7.105005e-03 
 2.025786e+01 -7.719991e-03 
 2.025826e+01 -8.369004e-03 
 2.025866e+01 -9.043931e-03 
 2.025905e+01 -9.734810e-03 
 2.025945e+01 -1.043516e-02 
 2.025985e+01 -1.114002e-02 
 2.026025e+01 -1.184416e-02 
 2.026064e+01 -1.254107e-02 
 2.026104e+01 -1.321701e-02 
 2.026144e+01 -1.385808e-02 
 2.026184e+01 -1.444159e-02 
 2.026223e+01 -1.495539e-02 
 2.026263e+01 -1.540136e-02 
 2.026303e+01 -1.579121e-02 
 2.026343e+01 -1.614115e-02 
 2.026383e+01 -1.646603e-02 
 2.026422e+01 -1.677272e-02 
 2.026462e+01 -1.705757e-02 
 2.026502e+01 -1.731022e-02 
 2.026542e+01 -1.751835e-02 
 2.026581e+01 -1.768270e-02 
 2.026621e+01 -1.780824e-02 
 2.026661e+01 -1.791248e-02 
 2.026701e+01 -1.801238e-02 
 2.026740e+01 -1.812332e-02 
 2.026780e+01 -1.824684e-02 
 2.026820e+01 -1.837056e-02 
 2.026860e+01 -1.848851e-02 
 2.026900e+01 -1.859080e-02 
 2.026939e+01 -1.867546e-02 
 2.026979e+01 -1.874896e-02 
 2.027019e+01 -1.881358e-02 
 2.027059e+01 -1.887009e-02 
 2.027098e+01 -1.892013e-02 
 2.027138e+01 -1.895722e-02 
 2.027178e+01 -1.897233e-02 
 2.027218e+01 -1.896348e-02 
 2.027257e+01 -1.893605e-02 
 2.027297e+01 -1.890293e-02 
 2.027337e+01 -1.886836e-02 
 2.027377e+01 -1.883749e-02 
 2.027417e+01 -1.880383e-02 
 2.027456e+01 -1.875742e-02 
 2.027496e+01 -1.869280e-02 
 2.027536e+01 -1.861599e-02 
 2.027576e+01 -1.854176e-02 
 2.027615e+01 -1.848439e-02 
 2.027655e+01 -1.845958e-02 
 2.027695e+01 -1.847370e-02 
 2.027735e+01 -1.852418e-02 
 2.027774e+01 -1.859462e-02 
 2.027814e+01 -1.866633e-02 
 2.027854e+01 -1.873091e-02 
 2.027894e+01 -1.877922e-02 
 2.027934e+01 -1.881360e-02 
 2.027973e+01 -1.883374e-02 
 2.028013e+01 -1.882992e-02 
 2.028053e+01 -1.879034e-02 
 2.028093e+01 -1.870093e-02 
 2.028132e+01 -1.855270e-02 
 2.028172e+01 -1.834951e-02 
 2.028212e+01 -1.810374e-02 
 2.028252e+01 -1.784239e-02 
 2.028291e+01 -1.758675e-02 
 2.028331e+01 -1.735346e-02 
 2.028371e+01 -1.715486e-02 
 2.028411e+01 -1.699013e-02 
 2.028451e+01 -1.685622e-02 
 2.028490e+01 -1.676237e-02 
 2.028530e+01 -1.672292e-02 
 2.028570e+01 -1.675690e-02 
 2.028610e+01 -1.688010e-02 
 2.028649e+01 -1.709567e-02 
 2.028689e+01 -1.739233e-02 
 2.028729e+01 -1.774761e-02 
 2.028769e+01 -1.813505e-02 
 2.028808e+01 -1.853488e-02 
 2.028848e+01 -1.893383e-02 
 2.028888e+01 -1.933321e-02 
 2.028928e+01 -1.974021e-02 
 2.028968e+01 -2.016076e-02 
 2.029007e+01 -2.059473e-02 
 2.029047e+01 -2.103241e-02 
 2.029087e+01 -2.146862e-02 
 2.029127e+01 -2.190268e-02 
 2.029166e+01 -2.233934e-02 
 2.029206e+01 -2.279579e-02 
 2.029246e+01 -2.328465e-02 
 2.029286e+01 -2.381124e-02 
 2.029325e+01 -2.437505e-02 
 2.029365e+01 -2.496577e-02 
 2.029405e+01 -2.557410e-02 
 2.029445e+01 -2.619488e-02 
 2.029485e+01 -2.683381e-02 
 2.029524e+01 -2.750119e-02 
 2.029564e+01 -2.820485e-02 
 2.029604e+01 -2.894990e-02 
 2.029644e+01 -2.972627e-02 
 2.029683e+01 -3.051542e-02 
 2.029723e+01 -3.129813e-02 
 2.029763e+01 -3.205601e-02 
 2.029803e+01 -3.277673e-02 
 2.029842e+01 -3.345934e-02 
 2.029882e+01 -3.410950e-02 
 2.029922e+01 -3.472991e-02 
 2.029962e+01 -3.532067e-02 
 2.030002e+01 -3.587768e-02 
 2.030041e+01 -3.639892e-02 
 2.030081e+01 -3.688993e-02 
 2.030121e+01 -3.736170e-02 
 2.030161e+01 -3.782848e-02 
 2.030200e+01 -3.830795e-02 
 2.030240e+01 -3.881066e-02 
 2.030280e+01 -3.934168e-02 
 2.030320e+01 -3.989559e-02 
 2.030359e+01 -4.047081e-02 
 2.030399e+01 -4.106372e-02 
 2.030439e+01 -4.167473e-02 
 2.030479e+01 -4.230291e-02 
 2.030519e+01 -4.294475e-02 
 2.030558e+01 -4.358284e-02 
 2.030598e+01 -4.419501e-02 
 2.030638e+01 -4.475210e-02 
 2.030678e+01 -4.522366e-02 
 2.030717e+01 -4.559366e-02 
 2.030757e+01 -4.585736e-02 
 2.030797e+01 -4.602146e-02 
 2.030837e+01 -4.610703e-02 
 2.030876e+01 -4.612663e-02 
 2.030916e+01 -4.608675e-02 
 2.030956e+01 -4.598672e-02 
 2.030996e+01 -4.581967e-02 
 2.031036e+01 -4.558770e-02 
 2.031075e+01 -4.529949e-02 
 2.031115e+01 -4.496953e-02 
 2.031155e+01 -4.461688e-02 
 2.031195e+01 -4.425384e-02 
 2.031234e+01 -4.388315e-02 
 2.031274e+01 -4.350044e-02 
 2.031314e+01 -4.309425e-02 
 2.031354e+01 -4.265552e-02 
 2.031393e+01 -4.217939e-02 
 2.031433e+01 -4.166870e-02 
 2.031473e+01 -4.113390e-02 
 2.031513e+01 -4.057759e-02 
 2.031553e+01 -3.999298e-02 
 2.031592e+01 -3.936942e-02 
 2.031632e+01 -3.869354e-02 
 2.031672e+01 -3.795511e-02 
 2.031712e+01 -3.715750e-02 
 2.031751e+01 -3.631390e-02 
 2.031791e+01 -3.544175e-02 
 2.031831e+01 -3.455911e-02 
 2.031871e+01 -3.368149e-02 
 2.031910e+01 -3.281193e-02 
 2.031950e+01 -3.194695e-02 
 2.031990e+01 -3.108686e-02 
 2.032030e+01 -3.023054e-02 
 2.032070e+01 -2.938427e-02 
 2.032109e+01 -2.855728e-02 
 2.032149e+01 -2.775617e-02 
 2.032189e+01 -2.697861e-02 
 2.032229e+01 -2.621641e-02 
 2.032268e+01 -2.546076e-02 
 2.032308e+01 -2.470278e-02 
 2.032348e+01 -2.393809e-02 
 2.032388e+01 -2.316286e-02 
 2.032427e+01 -2.237433e-02 
 2.032467e+01 -2.156572e-02 
 2.032507e+01 -2.072625e-02 
 2.032547e+01 -1.984035e-02 
 2.032587e+01 -1.890048e-02 
 2.032626e+01 -1.789971e-02 
 2.032666e+01 -1.684227e-02 
 2.032706e+01 -1.574668e-02 
 2.032746e+01 -1.463582e-02 
 2.032785e+01 -1.353203e-02 
 2.032825e+01 -1.244527e-02 
 2.032865e+01 -1.138272e-02 
 2.032905e+01 -1.034559e-02 
 2.032944e+01 -9.331911e-03 
 2.032984e+01 -8.346740e-03 
 2.033024e+01 -7.397794e-03 
 2.033064e+01 -6.493345e-03 
 2.033104e+01 -5.640464e-03 
 2.033143e+01 -4.836312e-03 
 2.033183e+01 -4.075124e-03 
 2.033223e+01 -3.341173e-03 
 2.033263e+01 -2.626415e-03 
 2.033302e+01 -1.930115e-03 
 2.033342e+01 -1.256554e-03 
 2.033382e+01 -6.128199e-04 
 2.033422e+01 -1.633879e-06 
 2.033461e+01  5.813017e-04 
 2.033501e+01  1.139493e-03 
 2.033541e+01  1.682123e-03 
 2.033581e+01  2.215036e-03 
 2.033621e+01  2.735838e-03 
 2.033660e+01  3.227185e-03 
 2.033700e+01  3.672157e-03 
 2.033740e+01  4.053270e-03 
 2.033780e+01  4.367366e-03 
 2.033819e+01  4.624501e-03 
 2.033859e+01  4.839915e-03 
 2.033899e+01  5.029379e-03 
 2.033939e+01  5.205887e-03 
 2.033978e+01  5.367899e-03 
 2.034018e+01  5.509956e-03 
 2.034058e+01  5.626594e-03 
 2.034098e+01  5.711176e-03 
 2.034138e+01  5.764214e-03 
 2.034177e+01  5.792071e-03 
 2.034217e+01  5.798957e-03 
 2.034257e+01  5.786020e-03 
 2.034297e+01  5.751701e-03 
 2.034336e+01  5.692992e-03 
 2.034376e+01  5.604313e-03 
 2.034416e+01  5.489299e-03 
 2.034456e+01  5.355694e-03 
 2.034496e+01  5.212682e-03 
 2.034535e+01  5.065395e-03 
 2.034575e+01  4.907908e-03 
 2.034615e+01  4.723753e-03 
 2.034655e+01  4.491285e-03 
 2.034694e+01  4.195076e-03 
 2.034734e+01  3.829475e-03 
 2.034774e+01  3.398097e-03 
 2.034814e+01  2.910410e-03 
 2.034853e+01  2.377683e-03 
 2.034893e+01  1.809022e-03 
 2.034933e+01  1.208914e-03 
 2.034973e+01  5.769671e-04 
 2.035013e+01 -8.546046e-05 
 2.035052e+01 -7.711703e-04 
 2.035092e+01 -1.471608e-03 
 2.035132e+01 -2.174710e-03 
 2.035172e+01 -2.871846e-03 
 2.035211e+01 -3.561920e-03 
 2.035251e+01 -4.251782e-03 
 2.035291e+01 -4.944622e-03 
 2.035331e+01 -5.640301e-03 
 2.035370e+01 -6.336305e-03 
 2.035410e+01 -7.025059e-03 
 2.035450e+01 -7.698411e-03 
 2.035490e+01 -8.352023e-03 
 2.035530e+01 -8.987236e-03 
 2.035569e+01 -9.611350e-03 
 2.035609e+01 -1.023165e-02 
 2.035649e+01 -1.085233e-02 
 2.035689e+01 -1.146363e-02 
 2.035728e+01 -1.204386e-02 
 2.035768e+01 -1.257088e-02 
 2.035808e+01 -1.301881e-02 
 2.035848e+01 -1.337687e-02 
 2.035887e+01 -1.364755e-02 
 2.035927e+01 -1.384265e-02 
 2.035967e+01 -1.398270e-02 
 2.036007e+01 -1.408678e-02 
 2.036047e+01 -1.416689e-02 
 2.036086e+01 -1.423383e-02 
 2.036126e+01 -1.429030e-02 
 2.036166e+01 -1.433705e-02 
 2.036206e+01 -1.438113e-02 
 2.036245e+01 -1.443189e-02 
 2.036285e+01 -1.449747e-02 
 2.036325e+01 -1.457624e-02 
 2.036365e+01 -1.466791e-02 
 2.036404e+01 -1.476298e-02 
 2.036444e+01 -1.485035e-02 
 2.036484e+01 -1.492300e-02 
 2.036524e+01 -1.498042e-02 
 2.036564e+01 -1.502405e-02 
 2.036603e+01 -1.506000e-02 
 2.036643e+01 -1.509325e-02 
 2.036683e+01 -1.512299e-02 
 2.036723e+01 -1.513881e-02 
 2.036762e+01 -1.512910e-02 
 2.036802e+01 -1.508224e-02 
 2.036842e+01 -1.499835e-02 
 2.036882e+01 -1.488418e-02 
 2.036921e+01 -1.474861e-02 
 2.036961e+01 -1.460258e-02 
 2.037001e+01 -1.445406e-02 
 2.037041e+01 -1.430671e-02 
 2.037081e+01 -1.416101e-02 
 2.037120e+01 -1.401432e-02 
 2.037160e+01 -1.386520e-02 
 2.037200e+01 -1.371453e-02 
 2.037240e+01 -1.356958e-02 
 2.037279e+01 -1.343678e-02 
 2.037319e+01 -1.331543e-02 
 2.037359e+01 -1.320286e-02 
 2.037399e+01 -1.309188e-02 
 2.037438e+01 -1.298052e-02 
 2.037478e+01 -1.286843e-02 
 2.037518e+01 -1.276265e-02 
 2.037558e+01 -1.266597e-02 
 2.037598e+01 -1.257607e-02 
 2.037637e+01 -1.248195e-02 
 2.037677e+01 -1.236900e-02 
 2.037717e+01 -1.222489e-02 
 2.037757e+01 -1.204639e-02 
 2.037796e+01 -1.183908e-02 
 2.037836e+01 -1.162359e-02 
 2.037876e+01 -1.142826e-02 
 2.037916e+01 -1.127980e-02 
 2.037955e+01 -1.119469e-02 
 2.037995e+01 -1.118397e-02 
 2.038035e+01 -1.124928e-02 
 2.038075e+01 -1.139182e-02 
 2.038115e+01 -1.161221e-02 
 2.038154e+01 -1.191287e-02 
 2.038194e+01 -1.229257e-02 
 2.038234e+01 -1.274284e-02 
 2.038274e+01 -1.325140e-02 
 2.038313e+01 -1.379522e-02 
 2.038353e+01 -1.434754e-02 
 2.038393e+01 -1.488771e-02 
 2.038433e+01 -1.540330e-02 
 2.038472e+01 -1.589595e-02 
 2.038512e+01 -1.637031e-02 
 2.038552e+01 -1.683103e-02 
 2.038592e+01 -1.728304e-02 
 2.038632e+01 -1.772539e-02 
 2.038671e+01 -1.815719e-02 
 2.038711e+01 -1.857832e-02 
 2.038751e+01 -1.899346e-02 
 2.038791e+01 -1.941592e-02 
 2.038830e+01 -1.985901e-02 
 2.038870e+01 -2.033825e-02 
 2.038910e+01 -2.086291e-02 
 2.038950e+01 -2.142682e-02 
 2.038989e+01 -2.201894e-02 
 2.039029e+01 -2.262853e-02 
 2.039069e+01 -2.324557e-02 
 2.039109e+01 -2.386928e-02 
 2.039149e+01 -2.449999e-02 
 2.039188e+01 -2.514549e-02 
 2.039228e+01 -2.581208e-02 
 2.039268e+01 -2.649917e-02 
 2.039308e+01 -2.720063e-02 
 2.039347e+01 -2.791106e-02 
 2.039387e+01 -2.862752e-02 
 2.039427e+01 -2.934940e-02 
 2.039467e+01 -3.007928e-02 
 2.039506e+01 -3.082014e-02 
 2.039546e+01 -3.156694e-02 
 2.039586e+01 -3.231329e-02 
 2.039626e+01 -3.305116e-02 
 2.039666e+01 -3.377652e-02 
 2.039705e+01 -3.449315e-02 
 2.039745e+01 -3.521056e-02 
 2.039785e+01 -3.594574e-02 
 2.039825e+01 -3.670984e-02 
 2.039864e+01 -3.751216e-02 
 2.039904e+01 -3.835089e-02 
 2.039944e+01 -3.921579e-02 
 2.039984e+01 -4.009851e-02 
 2.040023e+01 -4.098754e-02 
 2.040063e+01 -4.187686e-02 
 2.040103e+01 -4.275614e-02 
 2.040143e+01 -4.361214e-02 
 2.040183e+01 -4.442648e-02 
 2.040222e+01 -4.517649e-02 
 2.040262e+01 -4.584196e-02 
 2.040302e+01 -4.640713e-02 
 2.040342e+01 -4.686961e-02 
 2.040381e+01 -4.723547e-02 
 2.040421e+01 -4.751505e-02 
 2.040461e+01 -4.772245e-02 
 2.040501e+01 -4.786416e-02 
 2.040540e+01 -4.794411e-02 
 2.040580e+01 -4.796617e-02 
 2.040620e+01 -4.793861e-02 
 2.040660e+01 -4.787733e-02 
 2.040700e+01 -4.780390e-02 
 2.040739e+01 -4.773578e-02 
 2.040779e+01 -4.768404e-02 
 2.040819e+01 -4.764461e-02 
 2.040859e+01 -4.760364e-02 
 2.040898e+01 -4.753735e-02 
 2.040938e+01 -4.742206e-02 
 2.040978e+01 -4.724510e-02 
 2.041018e+01 -4.700326e-02 
 2.041057e+01 -4.670221e-02 
 2.041097e+01 -4.635222e-02 
 2.041137e+01 -4.595966e-02 
 2.041177e+01 -4.552370e-02 
 2.041217e+01 -4.503859e-02 
 2.041256e+01 -4.450262e-02 
 2.041296e+01 -4.391498e-02 
 2.041336e+01 -4.327779e-02 
 2.041376e+01 -4.260014e-02 
 2.041415e+01 -4.188816e-02 
 2.041455e+01 -4.115001e-02 
 2.041495e+01 -4.038491e-02 
 2.041535e+01 -3.958810e-02 
 2.041574e+01 -3.875970e-02 
 2.041614e+01 -3.790102e-02 
 2.041654e+01 -3.701546e-02 
 2.041694e+01 -3.611474e-02 
 2.041734e+01 -3.520633e-02 
 2.041773e+01 -3.429297e-02 
 2.041813e+01 -3.337189e-02 
 2.041853e+01 -3.243710e-02 
 2.041893e+01 -3.148011e-02 
 2.041932e+01 -3.048924e-02 
 2.041972e+01 -2.945893e-02 
 2.042012e+01 -2.839141e-02 
 2.042052e+01 -2.728832e-02 
 2.042091e+01 -2.615135e-02 
 2.042131e+01 -2.498301e-02 
 2.042171e+01 -2.377869e-02 
 2.042211e+01 -2.253964e-02 
 2.042251e+01 -2.127118e-02 
 2.042290e+01 -1.998559e-02 
 2.042330e+01 -1.869812e-02 
 2.042370e+01 -1.742513e-02 
 2.042410e+01 -1.617934e-02 
 2.042449e+01 -1.497344e-02 
 2.042489e+01 -1.381690e-02 
 2.042529e+01 -1.271707e-02 
 2.042569e+01 -1.168210e-02 
 2.042608e+01 -1.072194e-02 
 2.042648e+01 -9.845167e-03 
 2.042688e+01 -9.053229e-03 
 2.042728e+01 -8.338414e-03 
 2.042768e+01 -7.678769e-03 
 2.042807e+01 -7.048305e-03 
 2.042847e+01 -6.427326e-03 
 2.042887e+01 -5.805498e-03 
 2.042927e+01 -5.180825e-03 
 2.042966e+01 -4.560465e-03 
 2.043006e+01 -3.960218e-03 
 2.043046e+01 -3.390985e-03 
 2.043086e+01 -2.855747e-03 
 2.043125e+01 -2.354452e-03 
 2.043165e+01 -1.882760e-03 
 2.043205e+01 -1.438217e-03 
 2.043245e+01 -1.026160e-03 
 2.043285e+01 -6.505131e-04 
 2.043324e+01 -3.155129e-04 
 2.043364e+01 -1.840297e-05 
 2.043404e+01  2.473494e-04 
 2.043444e+01  4.907539e-04 
 2.043483e+01  7.202618e-04 
 2.043523e+01  9.406393e-04 
 2.043563e+01  1.153870e-03 
 2.043603e+01  1.348926e-03 
 2.043642e+01  1.516711e-03 
 2.043682e+01  1.650176e-03 
 2.043722e+01  1.745946e-03 
 2.043762e+01  1.808846e-03 
 2.043802e+01  1.842506e-03 
 2.043841e+01  1.851874e-03 
 2.043881e+01  1.835051e-03 
 2.043921e+01  1.784202e-03 
 2.043961e+01  1.689260e-03 
 2.044000e+01  1.544219e-03 
 2.044040e+01  1.348815e-03 
 2.044080e+01  1.110942e-03 
 2.044120e+01  8.399249e-04 
 2.044160e+01  5.455530e-04 
 2.044199e+01  2.349555e-04 
 2.044239e+01 -9.392735e-05 
 2.044279e+01 -4.459722e-04 
 2.044319e+01 -8.332144e-04 
 2.044358e+01 -1.263623e-03 
 2.044398e+01 -1.740886e-03 
 2.044438e+01 -2.260190e-03 
 2.044478e+01 -2.814816e-03 
 2.044517e+01 -3.396103e-03 
 2.044557e+01 -3.993094e-03 
 2.044597e+01 -4.597707e-03 
 2.044637e+01 -5.197922e-03 
 2.044677e+01 -5.783222e-03 
 2.044716e+01 -6.346429e-03 
 2.044756e+01 -6.880471e-03 
 2.044796e+01 -7.385694e-03 
 2.044836e+01 -7.863472e-03 
 2.044875e+01 -8.320221e-03 
 2.044915e+01 -8.767960e-03 
 2.044955e+01 -9.214764e-03 
 2.044995e+01 -9.662991e-03 
 2.045034e+01 -1.011162e-02 
 2.045074e+01 -1.055426e-02 
 2.045114e+01 -1.098526e-02 
 2.045154e+01 -1.139729e-02 
 2.045194e+01 -1.178456e-02 
 2.045233e+01 -1.214348e-02 
 2.045273e+01 -1.246727e-02 
 2.045313e+01 -1.274512e-02 
 2.045353e+01 -1.297136e-02 
 2.045392e+01 -1.314192e-02 
 2.045432e+01 -1.325548e-02 
 2.045472e+01 -1.332133e-02 
 2.045512e+01 -1.335447e-02 
 2.045551e+01 -1.337025e-02 
 2.045591e+01 -1.338360e-02 
 2.045631e+01 -1.340250e-02 
 2.045671e+01 -1.343065e-02 
 2.045711e+01 -1.346663e-02 
 2.045750e+01 -1.350919e-02 
 2.045790e+01 -1.356224e-02 
 2.045830e+01 -1.363367e-02 
 2.045870e+01 -1.372676e-02 
 2.045909e+01 -1.384098e-02 
 2.045949e+01 -1.396736e-02 
 2.045989e+01 -1.408714e-02 
 2.046029e+01 -1.418021e-02 
 2.046068e+01 -1.422797e-02 
 2.046108e+01 -1.422028e-02 
 2.046148e+01 -1.415055e-02 
 2.046188e+01 -1.402367e-02 
 2.046228e+01 -1.384540e-02 
 2.046267e+01 -1.362207e-02 
 2.046307e+01 -1.335519e-02 
 2.046347e+01 -1.304544e-02 
 2.046387e+01 -1.269700e-02 
 2.046426e+01 -1.231050e-02 
 2.046466e+01 -1.188923e-02 
 2.046506e+01 -1.143801e-02 
 2.046546e+01 -1.095952e-02 
 2.046585e+01 -1.045493e-02 
 2.046625e+01 -9.924707e-03 
 2.046665e+01 -9.373038e-03 
 2.046705e+01 -8.805913e-03 
 2.046745e+01 -8.235650e-03 
 2.046784e+01 -7.679510e-03 
 2.046824e+01 -7.152741e-03 
 2.046864e+01 -6.666881e-03 
 2.046904e+01 -6.225155e-03 
 2.046943e+01 -5.823376e-03 
 2.046983e+01 -5.454435e-03 
 2.047023e+01 -5.109780e-03 
 2.047063e+01 -4.785170e-03 
 2.047102e+01 -4.474081e-03 
 2.047142e+01 -4.175242e-03 
 2.047182e+01 -3.883026e-03 
 2.047222e+01 -3.593897e-03 
 2.047262e+01 -3.307516e-03 
 2.047301e+01 -3.025048e-03 
 2.047341e+01 -2.750939e-03 
 2.047381e+01 -2.497667e-03 
 2.047421e+01 -2.280761e-03 
 2.047460e+01 -2.119656e-03 
 2.047500e+01 -2.028181e-03 
 2.047540e+01 -2.013448e-03 
 2.047580e+01 -2.079101e-03 
 2.047619e+01 -2.231280e-03 
 2.047659e+01 -2.471150e-03 
 2.047699e+01 -2.805344e-03 
 2.047739e+01 -3.234460e-03 
 2.047779e+01 -3.753845e-03 
 2.047818e+01 -4.348115e-03 
 2.047858e+01 -4.994928e-03 
 2.047898e+01 -5.665659e-03 
 2.047938e+01 -6.332271e-03 
 2.047977e+01 -6.971603e-03 
 2.048017e+01 -7.574611e-03 
 2.048057e+01 -8.146047e-03 
 2.048097e+01 -8.697471e-03 
 2.048136e+01 -9.241705e-03 
 2.048176e+01 -9.790167e-03 
 2.048216e+01 -1.035090e-02 
 2.048256e+01 -1.092544e-02 
 2.048296e+01 -1.152043e-02 
 2.048335e+01 -1.214666e-02 
 2.048375e+01 -1.281795e-02 
 2.048415e+01 -1.354458e-02 
 2.048455e+01 -1.433083e-02 
 2.048494e+01 -1.517321e-02 
 2.048534e+01 -1.606195e-02 
 2.048574e+01 -1.698654e-02 
 2.048614e+01 -1.793762e-02 
 2.048653e+01 -1.891627e-02 
 2.048693e+01 -1.993008e-02 
 2.048733e+01 -2.098996e-02 
 2.048773e+01 -2.210266e-02 
 2.048813e+01 -2.326350e-02 
 2.048852e+01 -2.446277e-02 
 2.048892e+01 -2.568319e-02 
 2.048932e+01 -2.690583e-02 
 2.048972e+01 -2.811639e-02 
 2.049011e+01 -2.930606e-02 
 2.049051e+01 -3.047355e-02 
 2.049091e+01 -3.161778e-02 
 2.049131e+01 -3.274093e-02 
 2.049170e+01 -3.384033e-02 
 2.049210e+01 -3.491239e-02 
 2.049250e+01 -3.595487e-02 
 2.049290e+01 -3.696877e-02 
 2.049330e+01 -3.795979e-02 
 2.049369e+01 -3.893111e-02 
 2.049409e+01 -3.988573e-02 
 2.049449e+01 -4.082579e-02 
 2.049489e+01 -4.175111e-02 
 2.049528e+01 -4.265954e-02 
 2.049568e+01 -4.354615e-02 
 2.049608e+01 -4.440665e-02 
 2.049648e+01 -4.523746e-02 
 2.049687e+01 -4.602958e-02 
 2.049727e+01 -4.677483e-02 
 2.049767e+01 -4.745573e-02 
 2.049807e+01 -4.805346e-02 
 2.049847e+01 -4.855292e-02 
 2.049886e+01 -4.894211e-02 
 2.049926e+01 -4.922478e-02 
 2.049966e+01 -4.941399e-02 
 2.050006e+01 -4.953036e-02 
 2.050045e+01 -4.959521e-02 
 2.050085e+01 -4.962626e-02 
 2.050125e+01 -4.963497e-02 
 2.050165e+01 -4.962661e-02 
 2.050204e+01 -4.960449e-02 
 2.050244e+01 -4.957334e-02 
 2.050284e+01 -4.954057e-02 
 2.050324e+01 -4.950940e-02 
 2.050364e+01 -4.947990e-02 
 2.050403e+01 -4.944506e-02 
 2.050443e+01 -4.939223e-02 
 2.050483e+01 -4.930341e-02 
 2.050523e+01 -4.916587e-02 
 2.050562e+01 -4.897480e-02 
 2.050602e+01 -4.873382e-02 
 2.050642e+01 -4.844714e-02 
 2.050682e+01 -4.812221e-02 
 2.050721e+01 -4.776089e-02 
 2.050761e+01 -4.735807e-02 
 2.050801e+01 -4.690378e-02 
 2.050841e+01 -4.638619e-02 
 2.050881e+01 -4.579919e-02 
 2.050920e+01 -4.514371e-02 
 2.050960e+01 -4.442942e-02 
 2.051000e+01 -4.367221e-02 
 2.051040e+01 -4.288033e-02 
 2.051079e+01 -4.205660e-02 
 2.051119e+01 -4.119517e-02 
 2.051159e+01 -4.028785e-02 
 2.051199e+01 -3.933200e-02 
 2.051238e+01 -3.832901e-02 
 2.051278e+01 -3.728525e-02 
 2.051318e+01 -3.621135e-02 
 2.051358e+01 -3.511585e-02 
 2.051398e+01 -3.400476e-02 
 2.051437e+01 -3.287567e-02 
 2.051477e+01 -3.172581e-02 
 2.051517e+01 -3.055275e-02 
 2.051557e+01 -2.935968e-02 
 2.051596e+01 -2.815486e-02 
 2.051636e+01 -2.694411e-02 
 2.051676e+01 -2.573291e-02 
 2.051716e+01 -2.451598e-02 
 2.051755e+01 -2.328838e-02 
 2.051795e+01 -2.204382e-02 
 2.051835e+01 -2.079027e-02 
 2.051875e+01 -1.954193e-02 
 2.051915e+01 -1.832014e-02 
 2.051954e+01 -1.714771e-02 
 2.051994e+01 -1.604512e-02 
 2.052034e+01 -1.501980e-02 
 2.052074e+01 -1.406821e-02 
 2.052113e+01 -1.318089e-02 
 2.052153e+01 -1.234993e-02 
 2.052193e+01 -1.157165e-02 
 2.052233e+01 -1.084320e-02 
 2.052272e+01 -1.015912e-02 
 2.052312e+01 -9.516473e-03 
 2.052352e+01 -8.902121e-03 
 2.052392e+01 -8.304041e-03 
 2.052432e+01 -7.712410e-03 
 2.052471e+01 -7.123654e-03 
 2.052511e+01 -6.538380e-03 
 2.052551e+01 -5.966017e-03 
 2.052591e+01 -5.416687e-03 
 2.052630e+01 -4.896569e-03 
 2.052670e+01 -4.403438e-03 
 2.052710e+01 -3.930005e-03 
 2.052750e+01 -3.474264e-03 
 2.052789e+01 -3.039482e-03 
 2.052829e+01 -2.639915e-03 
 2.052869e+01 -2.292770e-03 
 2.052909e+01 -2.011239e-03 
 2.052949e+01 -1.799608e-03 
 2.052988e+01 -1.648941e-03 
 2.053028e+01 -1.543745e-03 
 2.053068e+01 -1.466485e-03 
 2.053108e+01 -1.408175e-03 
 2.053147e+01 -1.371112e-03 
 2.053187e+01 -1.372120e-03 
 2.053227e+01 -1.426958e-03 
 2.053267e+01 -1.547148e-03 
 2.053307e+01 -1.733845e-03 
 2.053346e+01 -1.979197e-03 
 2.053386e+01 -2.270045e-03 
 2.053426e+01 -2.601996e-03 
 2.053466e+01 -2.974704e-03 
 2.053505e+01 -3.393124e-03 
 2.053545e+01 -3.861725e-03 
 2.053585e+01 -4.379211e-03 
 2.053625e+01 -4.938251e-03 
 2.053664e+01 -5.525765e-03 
 2.053704e+01 -6.127645e-03 
 2.053744e+01 -6.733858e-03 
 2.053784e+01 -7.340791e-03 
 2.053824e+01 -7.955682e-03 
 2.053863e+01 -8.587610e-03 
 2.053903e+01 -9.241760e-03 
 2.053943e+01 -9.915892e-03 
 2.053983e+01 -1.059454e-02 
 2.054022e+01 -1.125736e-02 
 2.054062e+01 -1.188993e-02 
 2.054102e+01 -1.248006e-02 
 2.054142e+01 -1.302353e-02 
 2.054181e+01 -1.352372e-02 
 2.054221e+01 -1.398125e-02 
 2.054261e+01 -1.439326e-02 
 2.054301e+01 -1.475263e-02 
 2.054341e+01 -1.505598e-02 
 2.054380e+01 -1.530216e-02 
 2.054420e+01 -1.550334e-02 
 2.054460e+01 -1.567014e-02 
 2.054500e+01 -1.581733e-02 
 2.054539e+01 -1.595339e-02 
 2.054579e+01 -1.607633e-02 
 2.054619e+01 -1.617937e-02 
 2.054659e+01 -1.625282e-02 
 2.054698e+01 -1.629188e-02 
 2.054738e+01 -1.629741e-02 
 2.054778e+01 -1.627824e-02 
 2.054818e+01 -1.624596e-02 
 2.054858e+01 -1.619590e-02 
 2.054897e+01 -1.612037e-02 
 2.054937e+01 -1.599978e-02 
 2.054977e+01 -1.582439e-02 
 2.055017e+01 -1.558992e-02 
 2.055056e+01 -1.530617e-02 
 2.055096e+01 -1.499639e-02 
 2.055136e+01 -1.468146e-02 
 2.055176e+01 -1.438233e-02 
 2.055215e+01 -1.410345e-02 
 2.055255e+01 -1.383994e-02 
 2.055295e+01 -1.358116e-02 
 2.055335e+01 -1.331743e-02 
 2.055375e+01 -1.304466e-02 
 2.055414e+01 -1.276801e-02 
 2.055454e+01 -1.248870e-02 
 2.055494e+01 -1.220398e-02 
 2.055534e+01 -1.189961e-02 
 2.055573e+01 -1.155952e-02 
 2.055613e+01 -1.116677e-02 
 2.055653e+01 -1.070826e-02 
 2.055693e+01 -1.018562e-02 
 2.055732e+01 -9.607898e-03 
 2.055772e+01 -8.988819e-03 
 2.055812e+01 -8.343918e-03 
 2.055852e+01 -7.673972e-03 
 2.055892e+01 -6.971864e-03 
 2.055931e+01 -6.230815e-03 
 2.055971e+01 -5.445949e-03 
 2.056011e+01 -4.623155e-03 
 2.056051e+01 -3.783534e-03 
 2.056090e+01 -2.952085e-03 
 2.056130e+01 -2.147002e-03 
 2.056170e+01 -1.382202e-03 
 2.056210e+01 -6.588965e-04 
 2.056249e+01  2.805664e-05 
 2.056289e+01  6.843553e-04 
 2.056329e+01  1.308464e-03 
 2.056369e+01  1.890457e-03 
 2.056409e+01  2.416325e-03 
 2.056448e+01  2.874307e-03 
 2.056488e+01  3.263283e-03 
 2.056528e+01  3.591380e-03 
 2.056568e+01  3.874784e-03 
 2.056607e+01  4.123228e-03 
 2.056647e+01  4.342438e-03 
 2.056687e+01  4.531760e-03 
 2.056727e+01  4.689881e-03 
 2.056766e+01  4.812671e-03 
 2.056806e+01  4.900552e-03 
 2.056846e+01  4.964042e-03 
 2.056886e+01  5.012403e-03 
 2.056926e+01  5.049305e-03 
 2.056965e+01  5.071946e-03 
 2.057005e+01  5.060552e-03 
 2.057045e+01  4.992197e-03 
 2.057085e+01  4.848272e-03 
 2.057124e+01  4.622215e-03 
 2.057164e+01  4.316283e-03 
 2.057204e+01  3.939946e-03 
 2.057244e+01  3.502271e-03 
 2.057283e+01  3.010063e-03 
 2.057323e+01  2.466453e-03 
 2.057363e+01  1.871520e-03 
 2.057403e+01  1.230062e-03 
 2.057443e+01  5.547763e-04 
 2.057482e+01 -1.350536e-04 
 2.057522e+01 -8.185231e-04 
 2.057562e+01 -1.485553e-03 
 2.057602e+01 -2.133033e-03 
 2.057641e+01 -2.773991e-03 
 2.057681e+01 -3.428200e-03 
 2.057721e+01 -4.109216e-03 
 2.057761e+01 -4.826111e-03 
 2.057800e+01 -5.578771e-03 
 2.057840e+01 -6.365242e-03 
 2.057880e+01 -7.185469e-03 
 2.057920e+01 -8.048635e-03 
 2.057960e+01 -8.974856e-03 
 2.057999e+01 -9.982138e-03 
 2.058039e+01 -1.108554e-02 
 2.058079e+01 -1.228372e-02 
 2.058119e+01 -1.355964e-02 
 2.058158e+01 -1.489249e-02 
 2.058198e+01 -1.626002e-02 
 2.058238e+01 -1.765084e-02 
 2.058278e+01 -1.906753e-02 
 2.058317e+01 -2.051494e-02 
 2.058357e+01 -2.199713e-02 
 2.058397e+01 -2.350812e-02 
 2.058437e+01 -2.503282e-02 
 2.058477e+01 -2.654579e-02 
 2.058516e+01 -2.802516e-02 
 2.058556e+01 -2.946042e-02 
 2.058596e+01 -3.084399e-02 
 2.058636e+01 -3.218037e-02 
 2.058675e+01 -3.347710e-02 
 2.058715e+01 -3.473234e-02 
 2.058755e+01 -3.593642e-02 
 2.058795e+01 -3.707966e-02 
 2.058834e+01 -3.815199e-02 
 2.058874e+01 -3.915636e-02 
 2.058914e+01 -4.010938e-02 
 2.058954e+01 -4.103446e-02 
 2.058994e+01 -4.194735e-02 
 2.059033e+01 -4.285653e-02 
 2.059073e+01 -4.375611e-02 
 2.059113e+01 -4.463073e-02 
 2.059153e+01 -4.546718e-02 
 2.059192e+01 -4.625153e-02 
 2.059232e+01 -4.697838e-02 
 2.059272e+01 -4.765030e-02 
 2.059312e+01 -4.826731e-02 
 2.059351e+01 -4.882221e-02 
 2.059391e+01 -4.930790e-02 
 2.059431e+01 -4.971194e-02 
 2.059471e+01 -5.002520e-02 
 2.059511e+01 -5.024973e-02 
 2.059550e+01 -5.040030e-02 
 2.059590e+01 -5.049311e-02 
 2.059630e+01 -5.054540e-02 
 2.059670e+01 -5.056702e-02 
 2.059709e+01 -5.055783e-02 
 2.059749e+01 -5.051192e-02 
 2.059789e+01 -5.043017e-02 
 2.059829e+01 -5.031662e-02 
 2.059868e+01 -5.018452e-02 
 2.059908e+01 -5.004940e-02 
 2.059948e+01 -4.992114e-02 
 2.059988e+01 -4.979459e-02 
 2.060028e+01 -4.965392e-02 
 2.060067e+01 -4.947147e-02 
 2.060107e+01 -4.921769e-02 
 2.060147e+01 -4.887627e-02 
 2.060187e+01 -4.844612e-02 
 2.060226e+01 -4.793852e-02 
 2.060266e+01 -4.736855e-02 
 2.060306e+01 -4.674350e-02 
 2.060346e+01 -4.606259e-02 
 2.060385e+01 -4.531910e-02 
 2.060425e+01 -4.450727e-02 
 2.060465e+01 -4.362289e-02 
 2.060505e+01 -4.267683e-02 
 2.060545e+01 -4.168778e-02 
 2.060584e+01 -4.067434e-02 
 2.060624e+01 -3.964590e-02 
 2.060664e+01 -3.860252e-02 
 2.060704e+01 -3.753430e-02 
 2.060743e+01 -3.643394e-02 
 2.060783e+01 -3.530130e-02 
 2.060823e+01 -3.415296e-02 
 2.060863e+01 -3.300931e-02 
 2.060902e+01 -3.188914e-02 
 2.060942e+01 -3.080482e-02 
 2.060982e+01 -2.975479e-02 
 2.061022e+01 -2.872969e-02 
 2.061062e+01 -2.771386e-02 
 2.061101e+01 -2.669694e-02 
 2.061141e+01 -2.568635e-02 
 2.061181e+01 -2.469944e-02 
 2.061221e+01 -2.375106e-02 
 2.061260e+01 -2.285062e-02 
 2.061300e+01 -2.199699e-02 
 2.061340e+01 -2.118039e-02 
 2.061380e+01 -2.039143e-02 
 2.061419e+01 -1.962641e-02 
 2.061459e+01 -1.888678e-02 
 2.061499e+01 -1.818008e-02 
 2.061539e+01 -1.751518e-02 
 2.061579e+01 -1.689758e-02 
 2.061618e+01 -1.632473e-02 
 2.061658e+01 -1.578614e-02 
 2.061698e+01 -1.527010e-02 
 2.061738e+01 -1.477420e-02 
 2.061777e+01 -1.430927e-02 
 2.061817e+01 -1.388943e-02 
 2.061857e+01 -1.352492e-02 
 2.061897e+01 -1.321683e-02 
 2.061936e+01 -1.295095e-02 
 2.061976e+01 -1.270401e-02 
 2.062016e+01 -1.245325e-02 
 2.062056e+01 -1.218344e-02 
 2.062096e+01 -1.189294e-02 
 2.062135e+01 -1.159629e-02 
 2.062175e+01 -1.131013e-02 
 2.062215e+01 -1.104819e-02 
 2.062255e+01 -1.081847e-02 
 2.062294e+01 -1.061840e-02 
 2.062334e+01 -1.044561e-02 
 2.062374e+01 -1.029910e-02 
 2.062414e+01 -1.019015e-02 
 2.062454e+01 -1.012757e-02 
 2.062493e+01 -1.012111e-02 
 2.062533e+01 -1.017441e-02 
 2.062573e+01 -1.027624e-02 
 2.062613e+01 -1.041181e-02 
 2.062652e+01 -1.056445e-02 
 2.062692e+01 -1.072987e-02 
 2.062732e+01 -1.091435e-02 
 2.062772e+01 -1.113403e-02 
 2.062811e+01 -1.140354e-02 
 2.062851e+01 -1.173387e-02 
 2.062891e+01 -1.211723e-02 
 2.062931e+01 -1.253480e-02 
 2.062971e+01 -1.296782e-02 
 2.063010e+01 -1.340187e-02 
 2.063050e+01 -1.383815e-02 
 2.063090e+01 -1.428488e-02 
 2.063130e+01 -1.475542e-02 
 2.063169e+01 -1.525910e-02 
 2.063209e+01 -1.579023e-02 
 2.063249e+01 -1.633068e-02 
 2.063289e+01 -1.685503e-02 
 2.063328e+01 -1.734057e-02 
 2.063368e+01 -1.777892e-02 
 2.063408e+01 -1.817130e-02 
 2.063448e+01 -1.852664e-02 
 2.063488e+01 -1.885289e-02 
 2.063527e+01 -1.915083e-02 
 2.063567e+01 -1.941265e-02 
 2.063607e+01 -1.962767e-02 
 2.063647e+01 -1.979172e-02 
 2.063686e+01 -1.990851e-02 
 2.063726e+01 -1.998874e-02 
 2.063766e+01 -2.004583e-02 
 2.063806e+01 -2.009180e-02 
 2.063845e+01 -2.012260e-02 
 2.063885e+01 -2.012851e-02 
 2.063925e+01 -2.009184e-02 
 2.063965e+01 -2.000628e-02 
 2.064005e+01 -1.987673e-02 
 2.064044e+01 -1.971544e-02 
 2.064084e+01 -1.953941e-02 
 2.064124e+01 -1.935973e-02 
 2.064164e+01 -1.918242e-02 
 2.064203e+01 -1.899861e-02 
 2.064243e+01 -1.879720e-02 
 2.064283e+01 -1.856425e-02 
 2.064323e+01 -1.829502e-02 
 2.064362e+01 -1.799132e-02 
 2.064402e+01 -1.766305e-02 
 2.064442e+01 -1.731052e-02 
 2.064482e+01 -1.693061e-02 
 2.064522e+01 -1.651398e-02 
 2.064561e+01 -1.604935e-02 
 2.064601e+01 -1.553565e-02 
 2.064641e+01 -1.497983e-02 
 2.064681e+01 -1.439144e-02 
 2.064720e+01 -1.378527e-02 
 2.064760e+01 -1.316902e-02 
 2.064800e+01 -1.254203e-02 
 2.064840e+01 -1.189821e-02 
 2.064879e+01 -1.122525e-02 
 2.064919e+01 -1.052101e-02 
 2.064959e+01 -9.788997e-03 
 2.064999e+01 -9.043322e-03 
 2.065039e+01 -8.298418e-03 
 2.065078e+01 -7.558789e-03 
 2.065118e+01 -6.821088e-03 
 2.065158e+01 -6.071027e-03 
 2.065198e+01 -5.290004e-03 
 2.065237e+01 -4.462240e-03 
 2.065277e+01 -3.580197e-03 
 2.065317e+01 -2.647003e-03 
 2.065357e+01 -1.680156e-03 
 2.065396e+01 -6.923888e-04 
 2.065436e+01  3.045164e-04 
 2.065476e+01  1.304521e-03 
 2.065516e+01  2.302064e-03 
 2.065556e+01  3.289544e-03 
 2.065595e+01  4.253575e-03 
 2.065635e+01  5.172940e-03 
 2.065675e+01  6.028040e-03 
 2.065715e+01  6.800315e-03 
 2.065754e+01  7.483037e-03 
 2.065794e+01  8.080317e-03 
 2.065834e+01  8.604033e-03 
 2.065874e+01  9.065881e-03 
 2.065913e+01  9.473079e-03 
 2.065953e+01  9.820803e-03 
 2.065993e+01  1.010245e-02 
 2.066033e+01  1.031238e-02 
 2.066073e+01  1.045378e-02 
 2.066112e+01  1.053907e-02 
 2.066152e+01  1.058761e-02 
 2.066192e+01  1.061820e-02 
 2.066232e+01  1.064166e-02 
 2.066271e+01  1.065711e-02 
 2.066311e+01  1.065555e-02 
 2.066351e+01  1.062743e-02 
 2.066391e+01  1.056650e-02 
 2.066430e+01  1.047994e-02 
 2.066470e+01  1.037550e-02 
 2.066510e+01  1.025961e-02 
 2.066550e+01  1.013102e-02 
 2.066590e+01  9.977597e-03 
 2.066629e+01  9.778435e-03 
 2.066669e+01  9.516954e-03 
 2.066709e+01  9.183002e-03 
 2.066749e+01  8.776188e-03 
 2.066788e+01  8.303352e-03 
 2.066828e+01  7.772089e-03 
 2.066868e+01  7.184253e-03 
 2.066908e+01  6.536151e-03 
 2.066947e+01  5.821420e-03 
 2.066987e+01  5.037909e-03 
 2.067027e+01  4.196373e-03 
 2.067067e+01  3.318018e-03 
 2.067107e+01  2.429939e-03 
 2.067146e+01  1.552342e-03 
 2.067186e+01  6.926630e-04 
 2.067226e+01 -1.578358e-04 
 2.067266e+01 -1.019504e-03 
 2.067305e+01 -1.910946e-03 
 2.067345e+01 -2.848505e-03 
 2.067385e+01 -3.837476e-03 
 2.067425e+01 -4.879720e-03 
 2.067464e+01 -5.973929e-03 
 2.067504e+01 -7.125314e-03 
 2.067544e+01 -8.340221e-03 
 2.067584e+01 -9.628001e-03 
 2.067624e+01 -1.099145e-02 
 2.067663e+01 -1.241885e-02 
 2.067703e+01 -1.388717e-02 
 2.067743e+01 -1.537002e-02 
 2.067783e+01 -1.684508e-02 
 2.067822e+01 -1.830135e-02 
 2.067862e+01 -1.973647e-02 
 2.067902e+01 -2.115645e-02 
 2.067942e+01 -2.256689e-02 
 2.067981e+01 -2.396373e-02 
 2.068021e+01 -2.533326e-02 
 2.068061e+01 -2.665778e-02 
 2.068101e+01 -2.791556e-02 
 2.068141e+01 -2.909382e-02 
 2.068180e+01 -3.019366e-02 
 2.068220e+01 -3.122709e-02 
 2.068260e+01 -3.220693e-02 
 2.068300e+01 -3.314622e-02 
 2.068339e+01 -3.404778e-02 
 2.068379e+01 -3.490775e-02 
 2.068419e+01 -3.571963e-02 
 2.068459e+01 -3.648323e-02 
 2.068498e+01 -3.720720e-02 
 2.068538e+01 -3.790442e-02 
 2.068578e+01 -3.858989e-02 
 2.068618e+01 -3.927247e-02 
 2.068658e+01 -3.995357e-02 
 2.068697e+01 -4.062539e-02 
 2.068737e+01 -4.128106e-02 
 2.068777e+01 -4.191562e-02 
 2.068817e+01 -4.253179e-02 
 2.068856e+01 -4.313008e-02 
 2.068896e+01 -4.371288e-02 
 2.068936e+01 -4.427283e-02 
 2.068976e+01 -4.479494e-02 
 2.069015e+01 -4.525516e-02 
 2.069055e+01 -4.563450e-02 
 2.069095e+01 -4.592248e-02 
 2.069135e+01 -4.612342e-02 
 2.069175e+01 -4.625495e-02 
 2.069214e+01 -4.633465e-02 
 2.069254e+01 -4.637971e-02 
 2.069294e+01 -4.639650e-02 
 2.069334e+01 -4.638648e-02 
 2.069373e+01 -4.634677e-02 
 2.069413e+01 -4.627322e-02 
 2.069453e+01 -4.617045e-02 
 2.069493e+01 -4.604080e-02 
 2.069532e+01 -4.588655e-02 
 2.069572e+01 -4.570535e-02 
 2.069612e+01 -4.548420e-02 
 2.069652e+01 -4.520728e-02 
 2.069692e+01 -4.485714e-02 
 2.069731e+01 -4.442458e-02 
 2.069771e+01 -4.391080e-02 
 2.069811e+01 -4.332409e-02 
 2.069851e+01 -4.268067e-02 
 2.069890e+01 -4.198818e-02 
 2.069930e+01 -4.125082e-02 
 2.069970e+01 -4.046677e-02 
 2.070010e+01 -3.963565e-02 
 2.070049e+01 -3.876136e-02 
 2.070089e+01 -3.785878e-02 
 2.070129e+01 -3.695264e-02 
 2.070169e+01 -3.606491e-02 
 2.070209e+01 -3.520540e-02 
 2.070248e+01 -3.437475e-02 
 2.070288e+01 -3.356294e-02 
 2.070328e+01 -3.275930e-02 
 2.070368e+01 -3.195487e-02 
 2.070407e+01 -3.115283e-02 
 2.070447e+01 -3.036218e-02 
 2.070487e+01 -2.959681e-02 
 2.070527e+01 -2.886763e-02 
 2.070566e+01 -2.817841e-02 
 2.070606e+01 -2.752382e-02 
 2.070646e+01 -2.689579e-02 
 2.070686e+01 -2.628719e-02 
 2.070726e+01 -2.570056e-02 
 2.070765e+01 -2.514387e-02 
 2.070805e+01 -2.462170e-02 
 2.070845e+01 -2.413322e-02 
 2.070885e+01 -2.366823e-02 
 2.070924e+01 -2.320884e-02 
 2.070964e+01 -2.273847e-02 
 2.071004e+01 -2.224413e-02 
 2.071044e+01 -2.172636e-02 
 2.071083e+01 -2.119547e-02 
 2.071123e+01 -2.066930e-02 
 2.071163e+01 -2.016647e-02 
 2.071203e+01 -1.969875e-02 
 2.071243e+01 -1.926641e-02 
 2.071282e+01 -1.886519e-02 
 2.071322e+01 -1.849119e-02 
 2.071362e+01 -1.814383e-02 
 2.071402e+01 -1.783275e-02 
 2.071441e+01 -1.756169e-02 
 2.071481e+01 -1.733266e-02 
 2.071521e+01 -1.713725e-02 
 2.071561e+01 -1.696276e-02 
 2.071601e+01 -1.679802e-02 
 2.071640e+01 -1.663753e-02 
 2.071680e+01 -1.648542e-02 
 2.071720e+01 -1.635264e-02 
 2.071760e+01 -1.625493e-02 
 2.071799e+01 -1.620598e-02 
 2.071839e+01 -1.620969e-02 
 2.071879e+01 -1.626529e-02 
 2.071919e+01 -1.636939e-02 
 2.071958e+01 -1.652049e-02 
 2.071998e+01 -1.672385e-02 
 2.072038e+01 -1.698448e-02 
 2.072078e+01 -1.730724e-02 
 2.072118e+01 -1.768919e-02 
 2.072157e+01 -1.812092e-02 
 2.072197e+01 -1.858238e-02 
 2.072237e+01 -1.905052e-02 
 2.072277e+01 -1.951121e-02 
 2.072316e+01 -1.995791e-02 
 2.072356e+01 -2.039373e-02 
 2.072396e+01 -2.082569e-02 
 2.072436e+01 -2.126009e-02 
 2.072475e+01 -2.169682e-02 
 2.072515e+01 -2.213506e-02 
 2.072555e+01 -2.257082e-02 
 2.072595e+01 -2.300298e-02 
 2.072635e+01 -2.342850e-02 
 2.072674e+01 -2.384743e-02 
 2.072714e+01 -2.425863e-02 
 2.072754e+01 -2.465547e-02 
 2.072794e+01 -2.502757e-02 
 2.072833e+01 -2.535523e-02 
 2.072873e+01 -2.562035e-02 
 2.072913e+01 -2.581146e-02 
 2.072953e+01 -2.592872e-02 
 2.072992e+01 -2.598017e-02 
 2.073032e+01 -2.598062e-02 
 2.073072e+01 -2.594400e-02 
 2.073112e+01 -2.587681e-02 
 2.073152e+01 -2.578180e-02 
 2.073191e+01 -2.565870e-02 
 2.073231e+01 -2.550899e-02 
 2.073271e+01 -2.533697e-02 
 2.073311e+01 -2.514886e-02 
 2.073350e+01 -2.495330e-02 
 2.073390e+01 -2.475217e-02 
 2.073430e+01 -2.454819e-02 
 2.073470e+01 -2.433374e-02 
 2.073509e+01 -2.410246e-02 
 2.073549e+01 -2.384919e-02 
 2.073589e+01 -2.357385e-02 
 2.073629e+01 -2.328047e-02 
 2.073669e+01 -2.297488e-02 
 2.073708e+01 -2.265755e-02 
 2.073748e+01 -2.232091e-02 
 2.073788e+01 -2.195809e-02 
 2.073828e+01 -2.156281e-02 
 2.073867e+01 -2.112879e-02 
 2.073907e+01 -2.065545e-02 
 2.073947e+01 -2.014855e-02 
 2.073987e+01 -1.960869e-02 
 2.074026e+01 -1.903489e-02 
 2.074066e+01 -1.841866e-02 
 2.074106e+01 -1.775021e-02 
 2.074146e+01 -1.702006e-02 
 2.074186e+01 -1.622522e-02 
 2.074225e+01 -1.537085e-02 
 2.074265e+01 -1.447082e-02 
 2.074305e+01 -1.354069e-02 
 2.074345e+01 -1.259279e-02 
 2.074384e+01 -1.163832e-02 
 2.074424e+01 -1.068217e-02 
 2.074464e+01 -9.725175e-03 
 2.074504e+01 -8.768657e-03 
 2.074543e+01 -7.818758e-03 
 2.074583e+01 -6.879450e-03 
 2.074623e+01 -5.951464e-03 
 2.074663e+01 -5.033801e-03 
 2.074703e+01 -4.116871e-03 
 2.074742e+01 -3.186146e-03 
 2.074782e+01 -2.233891e-03 
 2.074822e+01 -1.258337e-03 
 2.074862e+01 -2.650599e-04 
 2.074901e+01  7.334274e-04 
 2.074941e+01  1.721937e-03 
 2.074981e+01  2.691262e-03 
 2.075021e+01  3.632596e-03 
 2.075060e+01  4.540667e-03 
 2.075100e+01  5.413387e-03 
 2.075140e+01  6.242223e-03 
 2.075180e+01  7.020159e-03 
 2.075220e+01  7.732165e-03 
 2.075259e+01  8.366906e-03 
 2.075299e+01  8.916412e-03 
 2.075339e+01  9.381499e-03 
 2.075379e+01  9.771869e-03 
 2.075418e+01  1.009732e-02 
 2.075458e+01  1.036876e-02 
 2.075498e+01  1.059490e-02 
 2.075538e+01  1.077987e-02 
 2.075577e+01  1.093109e-02 
 2.075617e+01  1.105567e-02 
 2.075657e+01  1.115702e-02 
 2.075697e+01  1.124093e-02 
 2.075737e+01  1.131522e-02 
 2.075776e+01  1.138082e-02 
 2.075816e+01  1.143674e-02 
 2.075856e+01  1.148272e-02 
 2.075896e+01  1.151473e-02 
 2.075935e+01  1.152797e-02 
 2.075975e+01  1.152230e-02 
 2.076015e+01  1.150252e-02 
 2.076055e+01  1.146821e-02 
 2.076094e+01  1.141612e-02 
 2.076134e+01  1.134180e-02 
 2.076174e+01  1.122954e-02 
 2.076214e+01  1.106441e-02 
 2.076254e+01  1.082762e-02 
 2.076293e+01  1.050072e-02 
 2.076333e+01  1.007087e-02 
 2.076373e+01  9.533500e-03 
 2.076413e+01  8.892163e-03 
 2.076452e+01  8.159934e-03 
 2.076492e+01  7.350687e-03 
 2.076532e+01  6.479962e-03 
 2.076572e+01  5.563353e-03 
 2.076611e+01  4.619366e-03 
 2.076651e+01  3.662863e-03 
 2.076691e+01  2.708507e-03 
 2.076731e+01  1.766289e-03 
 2.076771e+01  8.388292e-04 
 2.076810e+01 -7.984340e-05 
 2.076850e+01 -9.966653e-04 
 2.076890e+01 -1.924571e-03 
 2.076930e+01 -2.879347e-03 
 2.076969e+01 -3.864447e-03 
 2.077009e+01 -4.880923e-03 
 2.077049e+01 -5.929288e-03 
 2.077089e+01 -7.007541e-03 
 2.077128e+01 -8.117101e-03 
 2.077168e+01 -9.257099e-03 
 2.077208e+01 -1.042889e-02 
 2.077248e+01 -1.162592e-02 
 2.077288e+01 -1.283586e-02 
 2.077327e+01 -1.404126e-02 
 2.077367e+01 -1.522172e-02 
 2.077407e+01 -1.636972e-02 
 2.077447e+01 -1.747905e-02 
 2.077486e+01 -1.854808e-02 
 2.077526e+01 -1.958661e-02 
 2.077566e+01 -2.059607e-02 
 2.077606e+01 -2.157089e-02 
 2.077645e+01 -2.250489e-02 
 2.077685e+01 -2.339260e-02 
 2.077725e+01 -2.423105e-02 
 2.077765e+01 -2.502498e-02 
 2.077805e+01 -2.578411e-02 
 2.077844e+01 -2.651755e-02 
 2.077884e+01 -2.722882e-02 
 2.077924e+01 -2.791986e-02 
 2.077964e+01 -2.859111e-02 
 2.078003e+01 -2.924262e-02 
 2.078043e+01 -2.987857e-02 
 2.078083e+01 -3.050630e-02 
 2.078123e+01 -3.113892e-02 
 2.078162e+01 -3.179035e-02 
 2.078202e+01 -3.247047e-02 
 2.078242e+01 -3.317917e-02 
 2.078282e+01 -3.391033e-02 
 2.078322e+01 -3.465235e-02 
 2.078361e+01 -3.538816e-02 
 2.078401e+01 -3.610406e-02 
 2.078441e+01 -3.678791e-02 
 2.078481e+01 -3.742353e-02 
 2.078520e+01 -3.799938e-02 
 2.078560e+01 -3.850631e-02 
 2.078600e+01 -3.893388e-02 
 2.078640e+01 -3.927743e-02 
 2.078679e+01 -3.953879e-02 
 2.078719e+01 -3.972402e-02 
 2.078759e+01 -3.984209e-02 
 2.078799e+01 -3.990458e-02 
 2.078839e+01 -3.991526e-02 
 2.078878e+01 -3.987843e-02 
 2.078918e+01 -3.979646e-02 
 2.078958e+01 -3.966911e-02 
 2.078998e+01 -3.949527e-02 
 2.079037e+01 -3.928153e-02 
 2.079077e+01 -3.903194e-02 
 2.079117e+01 -3.875178e-02 
 2.079157e+01 -3.844422e-02 
 2.079196e+01 -3.810731e-02 
 2.079236e+01 -3.773580e-02 
 2.079276e+01 -3.732582e-02 
 2.079316e+01 -3.687467e-02 
 2.079356e+01 -3.638200e-02 
 2.079395e+01 -3.585449e-02 
 2.079435e+01 -3.530181e-02 
 2.079475e+01 -3.473168e-02 
 2.079515e+01 -3.415410e-02 
 2.079554e+01 -3.357747e-02 
 2.079594e+01 -3.300615e-02 
 2.079634e+01 -3.244950e-02 
 2.079674e+01 -3.191432e-02 
 2.079713e+01 -3.140378e-02 
 2.079753e+01 -3.091738e-02 
 2.079793e+01 -3.045161e-02 
 2.079833e+01 -3.000239e-02 
 2.079873e+01 -2.956428e-02 
 2.079912e+01 -2.913460e-02 
 2.079952e+01 -2.871068e-02 
 2.079992e+01 -2.829585e-02 
 2.080032e+01 -2.789824e-02 
 2.080071e+01 -2.752546e-02 
 2.080111e+01 -2.718239e-02 
 2.080151e+01 -2.686777e-02 
 2.080191e+01 -2.658015e-02 
 2.080230e+01 -2.631417e-02 
 2.080270e+01 -2.606814e-02 
 2.080310e+01 -2.583952e-02 
 2.080350e+01 -2.562427e-02 
 2.080390e+01 -2.541667e-02 
 2.080429e+01 -2.521060e-02 
 2.080469e+01 -2.499674e-02 
 2.080509e+01 -2.476984e-02 
 2.080549e+01 -2.452813e-02 
 2.080588e+01 -2.427173e-02 
 2.080628e+01 -2.400556e-02 
 2.080668e+01 -2.373954e-02 
 2.080708e+01 -2.348410e-02 
 2.080748e+01 -2.324710e-02 
 2.080787e+01 -2.303358e-02 
 2.080827e+01 -2.284830e-02 
 2.080867e+01 -2.269465e-02 
 2.080907e+01 -2.257590e-02 
 2.080946e+01 -2.249395e-02 
 2.080986e+01 -2.244837e-02 
 2.081026e+01 -2.243852e-02 
 2.081066e+01 -2.246054e-02 
 2.081105e+01 -2.251174e-02 
 2.081145e+01 -2.259141e-02 
 2.081185e+01 -2.269973e-02 
 2.081225e+01 -2.283488e-02 
 2.081265e+01 -2.299698e-02 
 2.081304e+01 -2.318928e-02 
 2.081344e+01 -2.341260e-02 
 2.081384e+01 -2.366773e-02 
 2.081424e+01 -2.395594e-02 
 2.081463e+01 -2.427737e-02 
 2.081503e+01 -2.463348e-02 
 2.081543e+01 -2.502457e-02 
 2.081583e+01 -2.544735e-02 
 2.081622e+01 -2.589371e-02 
 2.081662e+01 -2.635148e-02 
 2.081702e+01 -2.680710e-02 
 2.081742e+01 -2.724175e-02 
 2.081782e+01 -2.764377e-02 
 2.081821e+01 -2.800166e-02 
 2.081861e+01 -2.831610e-02 
 2.081901e+01 -2.859077e-02 
 2.081941e+01 -2.883294e-02 
 2.081980e+01 -2.904983e-02 
 2.082020e+01 -2.924395e-02 
 2.082060e+01 -2.941602e-02 
 2.082100e+01 -2.956597e-02 
 2.082139e+01 -2.969364e-02 
 2.082179e+01 -2.979716e-02 
 2.082219e+01 -2.987543e-02 
 2.082259e+01 -2.992832e-02 
 2.082299e+01 -2.995632e-02 
 2.082338e+01 -2.996323e-02 
 2.082378e+01 -2.994484e-02 
 2.082418e+01 -2.989932e-02 
 2.082458e+01 -2.982290e-02 
 2.082497e+01 -2.971261e-02 
 2.082537e+01 -2.957378e-02 
 2.082577e+01 -2.940995e-02 
 2.082617e+01 -2.922645e-02 
 2.082656e+01 -2.902888e-02 
 2.082696e+01 -2.882150e-02 
 2.082736e+01 -2.860925e-02 
 2.082776e+01 -2.839306e-02 
 2.082816e+01 -2.817185e-02 
 2.082855e+01 -2.794205e-02 
 2.082895e+01 -2.770395e-02 
 2.082935e+01 -2.746105e-02 
 2.082975e+01 -2.721205e-02 
 2.083014e+01 -2.695683e-02 
 2.083054e+01 -2.669136e-02 
 2.083094e+01 -2.641281e-02 
 2.083134e+01 -2.611820e-02 
 2.083173e+01 -2.580529e-02 
 2.083213e+01 -2.547373e-02 
 2.083253e+01 -2.512074e-02 
 2.083293e+01 -2.474294e-02 
 2.083333e+01 -2.433701e-02 
 2.083372e+01 -2.389663e-02 
 2.083412e+01 -2.341208e-02 
 2.083452e+01 -2.287780e-02 
 2.083492e+01 -2.228865e-02 
 2.083531e+01 -2.164463e-02 
 2.083571e+01 -2.094915e-02 
 2.083611e+01 -2.020118e-02 
 2.083651e+01 -1.940373e-02 
 2.083690e+01 -1.856048e-02 
 2.083730e+01 -1.767311e-02 
 2.083770e+01 -1.674731e-02 
 2.083810e+01 -1.579027e-02 
 2.083850e+01 -1.481079e-02 
 2.083889e+01 -1.381989e-02 
 2.083929e+01 -1.282903e-02 
 2.083969e+01 -1.184879e-02 
 2.084009e+01 -1.088670e-02 
 2.084048e+01 -9.944233e-03 
 2.084088e+01 -9.018200e-03 
 2.084128e+01 -8.102912e-03 
 2.084168e+01 -7.196788e-03 
 2.084207e+01 -6.302303e-03 
 2.084247e+01 -5.422172e-03 
 2.084287e+01 -4.559099e-03 
 2.084327e+01 -3.716452e-03 
 2.084367e+01 -2.888370e-03 
 2.084406e+01 -2.073690e-03 
 2.084446e+01 -1.266652e-03 
 2.084486e+01 -4.647787e-04 
 2.084526e+01  3.338142e-04 
 2.084565e+01  1.125404e-03 
 2.084605e+01  1.902498e-03 
 2.084645e+01  2.658545e-03 
 2.084685e+01  3.382599e-03 
 2.084724e+01  4.070125e-03 
 2.084764e+01  4.716870e-03 
 2.084804e+01  5.317723e-03 
 2.084844e+01  5.867094e-03 
 2.084884e+01  6.365349e-03 
 2.084923e+01  6.815476e-03 
 2.084963e+01  7.230475e-03 
 2.085003e+01  7.623100e-03 
 2.085043e+01  8.007304e-03 
 2.085082e+01  8.394367e-03 
 2.085122e+01  8.789616e-03 
 2.085162e+01  9.190171e-03 
 2.085202e+01  9.590288e-03 
 2.085241e+01  9.981684e-03 
 2.085281e+01  1.036051e-02 
 2.085321e+01  1.072872e-02 
 2.085361e+01  1.109238e-02 
 2.085401e+01  1.146039e-02 
 2.085440e+01  1.182993e-02 
 2.085480e+01  1.219058e-02 
 2.085520e+01  1.252940e-02 
 2.085560e+01  1.282858e-02 
 2.085599e+01  1.307361e-02 
 2.085639e+01  1.326031e-02 
 2.085679e+01  1.338021e-02 
 2.085719e+01  1.343196e-02 
 2.085758e+01  1.340835e-02 
 2.085798e+01  1.330486e-02 
 2.085838e+01  1.311047e-02 
 2.085878e+01  1.281873e-02 
 2.085918e+01  1.243021e-02 
 2.085957e+01  1.195126e-02 
 2.085997e+01  1.139606e-02 
 2.086037e+01  1.077885e-02 
 2.086077e+01  1.010844e-02 
 2.086116e+01  9.393391e-03 
 2.086156e+01  8.638894e-03 
 2.086196e+01  7.851168e-03 
 2.086236e+01  7.041417e-03 
 2.086275e+01  6.217913e-03 
 2.086315e+01  5.390101e-03 
 2.086355e+01  4.564335e-03 
 2.086395e+01  3.742023e-03 
 2.086435e+01  2.921755e-03 
 2.086474e+01  2.097057e-03 
 2.086514e+01  1.262524e-03 
 2.086554e+01  4.098877e-04 
 2.086594e+01 -4.619791e-04 
 2.086633e+01 -1.356310e-03 
 2.086673e+01 -2.277731e-03 
 2.086713e+01 -3.229078e-03 
 2.086753e+01 -4.210696e-03 
 2.086792e+01 -5.221070e-03 
 2.086832e+01 -6.256635e-03 
 2.086872e+01 -7.306729e-03 
 2.086912e+01 -8.360806e-03 
 2.086952e+01 -9.405648e-03 
 2.086991e+01 -1.043146e-02 
 2.087031e+01 -1.143265e-02 
 2.087071e+01 -1.240841e-02 
 2.087111e+01 -1.336876e-02 
 2.087150e+01 -1.431990e-02 
 2.087190e+01 -1.526229e-02 
 2.087230e+01 -1.619219e-02 
 2.087270e+01 -1.710386e-02 
 2.087309e+01 -1.798912e-02 
 2.087349e+01 -1.884258e-02 
 2.087389e+01 -1.966762e-02 
 2.087429e+01 -2.047514e-02 
 2.087469e+01 -2.127591e-02 
 2.087508e+01 -2.208450e-02 
 2.087548e+01 -2.291124e-02 
 2.087588e+01 -2.375739e-02 
 2.087628e+01 -2.461600e-02 
 2.087667e+01 -2.548411e-02 
 2.087707e+01 -2.635694e-02 
 2.087747e+01 -2.722712e-02 
 2.087787e+01 -2.809082e-02 
 2.087826e+01 -2.894046e-02 
 2.087866e+01 -2.976168e-02 
 2.087906e+01 -3.054358e-02 
 2.087946e+01 -3.127756e-02 
 2.087986e+01 -3.195279e-02 
 2.088025e+01 -3.256284e-02 
 2.088065e+01 -3.310998e-02 
 2.088105e+01 -3.359418e-02 
 2.088145e+01 -3.401841e-02 
 2.088184e+01 -3.437775e-02 
 2.088224e+01 -3.466593e-02 
 2.088264e+01 -3.487612e-02 
 2.088304e+01 -3.500930e-02 
 2.088343e+01 -3.507100e-02 
 2.088383e+01 -3.507369e-02 
 2.088423e+01 -3.502966e-02 
 2.088463e+01 -3.494926e-02 
 2.088503e+01 -3.484109e-02 
 2.088542e+01 -3.471390e-02 
 2.088582e+01 -3.457257e-02 
 2.088622e+01 -3.442016e-02 
 2.088662e+01 -3.426299e-02 
 2.088701e+01 -3.410294e-02 
 2.088741e+01 -3.394453e-02 
 2.088781e+01 -3.379011e-02 
 2.088821e+01 -3.363820e-02 
 2.088860e+01 -3.348235e-02 
 2.088900e+01 -3.331789e-02 
 2.088940e+01 -3.314127e-02 
 2.088980e+01 -3.295144e-02 
 2.089020e+01 -3.275249e-02 
 2.089059e+01 -3.254862e-02 
 2.089099e+01 -3.234342e-02 
 2.089139e+01 -3.213782e-02 
 2.089179e+01 -3.193660e-02 
 2.089218e+01 -3.174077e-02 
 2.089258e+01 -3.154861e-02 
 2.089298e+01 -3.136076e-02 
 2.089338e+01 -3.117642e-02 
 2.089377e+01 -3.099564e-02 
 2.089417e+01 -3.081702e-02 
 2.089457e+01 -3.063658e-02 
 2.089497e+01 -3.044908e-02 
 2.089537e+01 -3.024964e-02 
 2.089576e+01 -3.003089e-02 
 2.089616e+01 -2.979389e-02 
 2.089656e+01 -2.953766e-02 
 2.089696e+01 -2.926676e-02 
 2.089735e+01 -2.898626e-02 
 2.089775e+01 -2.869557e-02 
 2.089815e+01 -2.839739e-02 
 2.089855e+01 -2.809129e-02 
 2.089895e+01 -2.777856e-02 
 2.089934e+01 -2.746635e-02 
 2.089974e+01 -2.716134e-02 
 2.090014e+01 -2.687015e-02 
 2.090054e+01 -2.659976e-02 
 2.090093e+01 -2.634411e-02 
 2.090133e+01 -2.610034e-02 
 2.090173e+01 -2.585828e-02 
 2.090213e+01 -2.560974e-02 
 2.090252e+01 -2.535769e-02 
 2.090292e+01 -2.511176e-02 
 2.090332e+01 -2.488754e-02 
 2.090372e+01 -2.469858e-02 
 2.090412e+01 -2.455784e-02 
 2.090451e+01 -2.446323e-02 
 2.090491e+01 -2.441652e-02 
 2.090531e+01 -2.441115e-02 
 2.090571e+01 -2.444309e-02 
 2.090610e+01 -2.451118e-02 
 2.090650e+01 -2.462262e-02 
 2.090690e+01 -2.478452e-02 
 2.090730e+01 -2.499701e-02 
 2.090769e+01 -2.525561e-02 
 2.090809e+01 -2.554842e-02 
 2.090849e+01 -2.586101e-02 
 2.090889e+01 -2.618551e-02 
 2.090929e+01 -2.651901e-02 
 2.090968e+01 -2.686497e-02 
 2.091008e+01 -2.722655e-02 
 2.091048e+01 -2.760557e-02 
 2.091088e+01 -2.799660e-02 
 2.091127e+01 -2.839013e-02 
 2.091167e+01 -2.877484e-02 
 2.091207e+01 -2.914540e-02 
 2.091247e+01 -2.950384e-02 
 2.091286e+01 -2.985741e-02 
 2.091326e+01 -3.020767e-02 
 2.091366e+01 -3.055112e-02 
 2.091406e+01 -3.087860e-02 
 2.091446e+01 -3.117492e-02 
 2.091485e+01 -3.143284e-02 
 2.091525e+01 -3.165390e-02 
 2.091565e+01 -3.184675e-02 
 2.091605e+01 -3.202477e-02 
 2.091644e+01 -3.220204e-02 
 2.091684e+01 -3.238661e-02 
 2.091724e+01 -3.258070e-02 
 2.091764e+01 -3.277734e-02 
 2.091803e+01 -3.297416e-02 
 2.091843e+01 -3.316845e-02 
 2.091883e+01 -3.336574e-02 
 2.091923e+01 -3.357766e-02 
 2.091963e+01 -3.380668e-02 
 2.092002e+01 -3.404680e-02 
 2.092042e+01 -3.428539e-02 
 2.092082e+01 -3.450672e-02 
 2.092122e+01 -3.469612e-02 
 2.092161e+01 -3.484770e-02 
 2.092201e+01 -3.496326e-02 
 2.092241e+01 -3.505019e-02 
 2.092281e+01 -3.511757e-02 
 2.092320e+01 -3.517204e-02 
 2.092360e+01 -3.520832e-02 
 2.092400e+01 -3.521644e-02 
 2.092440e+01 -3.518550e-02 
 2.092480e+01 -3.511019e-02 
 2.092519e+01 -3.499563e-02 
 2.092559e+01 -3.484902e-02 
 2.092599e+01 -3.467766e-02 
 2.092639e+01 -3.448300e-02 
 2.092678e+01 -3.425832e-02 
 2.092718e+01 -3.398683e-02 
 2.092758e+01 -3.365326e-02 
 2.092798e+01 -3.324556e-02 
 2.092837e+01 -3.276058e-02 
 2.092877e+01 -3.220482e-02 
 2.092917e+01 -3.158725e-02 
 2.092957e+01 -3.091169e-02 
 2.092997e+01 -3.017835e-02 
 2.093036e+01 -2.938403e-02 
 2.093076e+01 -2.852881e-02 
 2.093116e+01 -2.761659e-02 
 2.093156e+01 -2.666148e-02 
 2.093195e+01 -2.567904e-02 
 2.093235e+01 -2.468109e-02 
 2.093275e+01 -2.367613e-02 
 2.093315e+01 -2.266268e-02 
 2.093354e+01 -2.163216e-02 
 2.093394e+01 -2.057498e-02 
 2.093434e+01 -1.948788e-02 
 2.093474e+01 -1.837667e-02 
 2.093514e+01 -1.725413e-02 
 2.093553e+01 -1.613977e-02 
 2.093593e+01 -1.504927e-02 
 2.093633e+01 -1.398850e-02 
 2.093673e+01 -1.295665e-02 
 2.093712e+01 -1.194890e-02 
 2.093752e+01 -1.095987e-02 
 2.093792e+01 -9.989505e-03 
 2.093832e+01 -9.037353e-03 
 2.093871e+01 -8.103958e-03 
 2.093911e+01 -7.185067e-03 
 2.093951e+01 -6.273971e-03 
 2.093991e+01 -5.357102e-03 
 2.094031e+01 -4.423496e-03 
 2.094070e+01 -3.467937e-03 
 2.094110e+01 -2.495233e-03 
 2.094150e+01 -1.516621e-03 
 2.094190e+01 -5.454245e-04 
 2.094229e+01  4.076235e-04 
 2.094269e+01  1.337940e-03 
 2.094309e+01  2.243359e-03 
 2.094349e+01  3.125740e-03 
 2.094388e+01  3.979223e-03 
 2.094428e+01  4.792439e-03 
 2.094468e+01  5.557623e-03 
 2.094508e+01  6.266565e-03 
 2.094548e+01  6.922429e-03 
 2.094587e+01  7.539227e-03 
 2.094627e+01  8.133835e-03 
 2.094667e+01  8.720344e-03 
 2.094707e+01  9.304741e-03 
 2.094746e+01  9.888063e-03 
 2.094786e+01  1.046514e-02 
 2.094826e+01  1.102522e-02 
 2.094866e+01  1.156116e-02 
 2.094905e+01  1.206908e-02 
 2.094945e+01  1.254811e-02 
 2.094985e+01  1.299787e-02 
 2.095025e+01  1.341026e-02 
 2.095065e+01  1.376733e-02 
 2.095104e+01  1.405106e-02 
 2.095144e+01  1.424511e-02 
 2.095184e+01  1.434646e-02 
 2.095224e+01  1.436104e-02 
 2.095263e+01  1.430006e-02 
 2.095303e+01  1.417785e-02 
 2.095343e+01  1.400665e-02 
 2.095383e+01  1.379178e-02 
 2.095422e+01  1.353057e-02 
 2.095462e+01  1.321455e-02 
 2.095502e+01  1.283799e-02 
 2.095542e+01  1.239912e-02 
 2.095582e+01  1.190707e-02 
 2.095621e+01  1.137543e-02 
 2.095661e+01  1.081497e-02 
 2.095701e+01  1.023409e-02 
 2.095741e+01  9.639429e-03 
 2.095780e+01  9.037364e-03 
 2.095820e+01  8.434173e-03 
 2.095860e+01  7.839420e-03 
 2.095900e+01  7.258638e-03 
 2.095939e+01  6.693682e-03 
 2.095979e+01  6.139237e-03 
 2.096019e+01  5.584056e-03 
 2.096059e+01  5.012150e-03 
 2.096099e+01  4.410543e-03 
 2.096138e+01  3.768792e-03 
 2.096178e+01  3.085047e-03 
 2.096218e+01  2.361563e-03 
 2.096258e+01  1.598804e-03 
 2.096297e+01  7.928792e-04 
 2.096337e+01 -5.721048e-05 
 2.096377e+01 -9.558448e-04 
 2.096417e+01 -1.902339e-03 
 2.096456e+01 -2.892864e-03 
 2.096496e+01 -3.916145e-03 
 2.096536e+01 -4.958552e-03 
 2.096576e+01 -6.004814e-03 
 2.096616e+01 -7.044222e-03 
 2.096655e+01 -8.072527e-03 
 2.096695e+01 -9.090697e-03 
 2.096735e+01 -1.010091e-02 
 2.096775e+01 -1.110426e-02 
 2.096814e+01 -1.209809e-02 
 2.096854e+01 -1.308015e-02 
 2.096894e+01 -1.405406e-02 
 2.096934e+01 -1.502378e-02 
 2.096973e+01 -1.599715e-02 
 2.097013e+01 -1.697646e-02 
 2.097053e+01 -1.796755e-02 
 2.097093e+01 -1.896852e-02 
 2.097133e+01 -1.996954e-02 
 2.097172e+01 -2.095550e-02 
 2.097212e+01 -2.190968e-02 
 2.097252e+01 -2.282298e-02 
 2.097292e+01 -2.369129e-02 
 2.097331e+01 -2.451662e-02 
 2.097371e+01 -2.530415e-02 
 2.097411e+01 -2.605512e-02 
 2.097451e+01 -2.676137e-02 
 2.097490e+01 -2.741580e-02 
 2.097530e+01 -2.800902e-02 
 2.097570e+01 -2.853562e-02 
 2.097610e+01 -2.899705e-02 
 2.097650e+01 -2.939534e-02 
 2.097689e+01 -2.973754e-02 
 2.097729e+01 -3.002666e-02 
 2.097769e+01 -3.025987e-02 
 2.097809e+01 -3.043306e-02 
 2.097848e+01 -3.053900e-02 
 2.097888e+01 -3.057552e-02 
 2.097928e+01 -3.055106e-02 
 2.097968e+01 -3.048137e-02 
 2.098007e+01 -3.038129e-02 
 2.098047e+01 -3.026974e-02 
 2.098087e+01 -3.015239e-02 
 2.098127e+01 -3.003227e-02 
 2.098167e+01 -2.991114e-02 
 2.098206e+01 -2.979096e-02 
 2.098246e+01 -2.967471e-02 
 2.098286e+01 -2.957062e-02 
 2.098326e+01 -2.948298e-02 
 2.098365e+01 -2.941218e-02 
 2.098405e+01 -2.934923e-02 
 2.098445e+01 -2.927441e-02 
 2.098485e+01 -2.916784e-02 
 2.098524e+01 -2.901624e-02 
 2.098564e+01 -2.881409e-02 
 2.098604e+01 -2.856596e-02 
 2.098644e+01 -2.828441e-02 
 2.098684e+01 -2.798420e-02 
 2.098723e+01 -2.767550e-02 
 2.098763e+01 -2.736381e-02 
 2.098803e+01 -2.705076e-02 
 2.098843e+01 -2.673628e-02 
 2.098882e+01 -2.642197e-02 
 2.098922e+01 -2.611097e-02 
 2.098962e+01 -2.580674e-02 
 2.099002e+01 -2.551053e-02 
 2.099042e+01 -2.521123e-02 
 2.099081e+01 -2.489709e-02 
 2.099121e+01 -2.455734e-02 
 2.099161e+01 -2.419095e-02 
 2.099201e+01 -2.380699e-02 
 2.099240e+01 -2.342605e-02 
 2.099280e+01 -2.307051e-02 
 2.099320e+01 -2.275320e-02 
 2.099360e+01 -2.247740e-02 
 2.099399e+01 -2.223639e-02 
 2.099439e+01 -2.201902e-02 
 2.099479e+01 -2.181887e-02 
 2.099519e+01 -2.163764e-02 
 2.099559e+01 -2.148331e-02 
 2.099598e+01 -2.137335e-02 
 2.099638e+01 -2.131887e-02 
 2.099678e+01 -2.131685e-02 
 2.099718e+01 -2.135440e-02 
 2.099757e+01 -2.141347e-02 
 2.099797e+01 -2.148291e-02 
 2.099837e+01 -2.156193e-02 
 2.099877e+01 -2.166177e-02 
 2.099916e+01 -2.179799e-02 
 2.099956e+01 -2.198478e-02 
 2.099996e+01 -2.222601e-02 
 2.100036e+01 -2.252477e-02 
 2.100076e+01 -2.287403e-02 
 2.100115e+01 -2.326442e-02 
 2.100155e+01 -2.369015e-02 
 2.100195e+01 -2.415242e-02 
 2.100235e+01 -2.465443e-02 
 2.100274e+01 -2.519365e-02 
 2.100314e+01 -2.575981e-02 
 2.100354e+01 -2.633477e-02 
 2.100394e+01 -2.689964e-02 
 2.100433e+01 -2.743922e-02 
 2.100473e+01 -2.794935e-02 
 2.100513e+01 -2.843741e-02 
 2.100553e+01 -2.891414e-02 
 2.100593e+01 -2.938967e-02 
 2.100632e+01 -2.987045e-02 
 2.100672e+01 -3.035416e-02 
 2.100712e+01 -3.083505e-02 
 2.100752e+01 -3.130418e-02 
 2.100791e+01 -3.175865e-02 
 2.100831e+01 -3.219891e-02 
 2.100871e+01 -3.263064e-02 
 2.100911e+01 -3.305667e-02 
 2.100950e+01 -3.347460e-02 
 2.100990e+01 -3.387751e-02 
 2.101030e+01 -3.425802e-02 
 2.101070e+01 -3.461553e-02 
 2.101110e+01 -3.496033e-02 
 2.101149e+01 -3.530642e-02 
 2.101189e+01 -3.567192e-02 
 2.101229e+01 -3.606880e-02 
 2.101269e+01 -3.650238e-02 
 2.101308e+01 -3.696701e-02 
 2.101348e+01 -3.745119e-02 
 2.101388e+01 -3.794207e-02 
 2.101428e+01 -3.843128e-02 
 2.101467e+01 -3.892012e-02 
 2.101507e+01 -3.941099e-02 
 2.101547e+01 -3.989908e-02 
 2.101587e+01 -4.037371e-02 
 2.101627e+01 -4.081661e-02 
 2.101666e+01 -4.120847e-02 
 2.101706e+01 -4.153480e-02 
 2.101746e+01 -4.178980e-02 
 2.101786e+01 -4.197857e-02 
 2.101825e+01 -4.211037e-02 
 2.101865e+01 -4.219856e-02 
 2.101905e+01 -4.224872e-02 
 2.101945e+01 -4.226075e-02 
 2.101984e+01 -4.223194e-02 
 2.102024e+01 -4.215762e-02 
 2.102064e+01 -4.203907e-02 
 2.102104e+01 -4.188404e-02 
 2.102144e+01 -4.169641e-02 
 2.102183e+01 -4.147521e-02 
 2.102223e+01 -4.120894e-02 
 2.102263e+01 -4.088097e-02 
 2.102303e+01 -4.047441e-02 
 2.102342e+01 -3.997765e-02 
 2.102382e+01 -3.939005e-02 
 2.102422e+01 -3.872266e-02 
 2.102462e+01 -3.799332e-02 
 2.102501e+01 -3.721573e-02 
 2.102541e+01 -3.640236e-02 
 2.102581e+01 -3.555173e-02 
 2.102621e+01 -3.465980e-02 
 2.102661e+01 -3.372082e-02 
 2.102700e+01 -3.273670e-02 
 2.102740e+01 -3.172047e-02 
 2.102780e+01 -3.068128e-02 
 2.102820e+01 -2.963194e-02 
 2.102859e+01 -2.857806e-02 
 2.102899e+01 -2.751570e-02 
 2.102939e+01 -2.644057e-02 
 2.102979e+01 -2.534668e-02 
 2.103018e+01 -2.423339e-02 
 2.103058e+01 -2.310382e-02 
 2.103098e+01 -2.197047e-02 
 2.103138e+01 -2.084390e-02 
 2.103178e+01 -1.972925e-02 
 2.103217e+01 -1.862887e-02 
 2.103257e+01 -1.753828e-02 
 2.103297e+01 -1.644652e-02 
 2.103337e+01 -1.534871e-02 
 2.103376e+01 -1.424170e-02 
 2.103416e+01 -1.312250e-02 
 2.103456e+01 -1.198769e-02 
 2.103496e+01 -1.083117e-02 
 2.103535e+01 -9.644162e-03 
 2.103575e+01 -8.416722e-03 
 2.103615e+01 -7.145651e-03 
 2.103655e+01 -5.835249e-03 
 2.103695e+01 -4.495955e-03 
 2.103734e+01 -3.144975e-03 
 2.103774e+01 -1.803791e-03 
 2.103814e+01 -4.906704e-04 
 2.103854e+01  7.819701e-04 
 2.103893e+01  2.009107e-03 
 2.103933e+01  3.184727e-03 
 2.103973e+01  4.301852e-03 
 2.104013e+01  5.349841e-03 
 2.104052e+01  6.323096e-03 
 2.104092e+01  7.219328e-03 
 2.104132e+01  8.047279e-03 
 2.104172e+01  8.823389e-03 
 2.104212e+01  9.559335e-03 
 2.104251e+01  1.027021e-02 
 2.104291e+01  1.095743e-02 
 2.104331e+01  1.161423e-02 
 2.104371e+01  1.222250e-02 
 2.104410e+01  1.276375e-02 
 2.104450e+01  1.322361e-02 
 2.104490e+01  1.360133e-02 
 2.104530e+01  1.390759e-02 
 2.104569e+01  1.415195e-02 
 2.104609e+01  1.433532e-02 
 2.104649e+01  1.445338e-02 
 2.104689e+01  1.449868e-02 
 2.104729e+01  1.445901e-02 
 2.104768e+01  1.433226e-02 
 2.104808e+01  1.412369e-02 
 2.104848e+01  1.384289e-02 
 2.104888e+01  1.350610e-02 
 2.104927e+01  1.312512e-02 
 2.104967e+01  1.270406e-02 
 2.105007e+01  1.223758e-02 
 2.105047e+01  1.172080e-02 
 2.105086e+01  1.114934e-02 
 2.105126e+01  1.053394e-02 
 2.105166e+01  9.889445e-03 
 2.105206e+01  9.232975e-03 
 2.105246e+01  8.574794e-03 
 2.105285e+01  7.920145e-03 
 2.105325e+01  7.267790e-03 
 2.105365e+01  6.616010e-03 
 2.105405e+01  5.966280e-03 
 2.105444e+01  5.322440e-03 
 2.105484e+01  4.692122e-03 
 2.105524e+01  4.081288e-03 
 2.105564e+01  3.489637e-03 
 2.105603e+01  2.900898e-03 
 2.105643e+01  2.295020e-03 
 2.105683e+01  1.647191e-03 
 2.105723e+01  9.419903e-04 
 2.105763e+01  1.762874e-04 
 2.105802e+01 -6.425193e-04 
 2.105842e+01 -1.505176e-03 
 2.105882e+01 -2.407490e-03 
 2.105922e+01 -3.343746e-03 
 2.105961e+01 -4.312705e-03 
 2.106001e+01 -5.310808e-03 
 2.106041e+01 -6.331276e-03 
 2.106081e+01 -7.357008e-03 
 2.106120e+01 -8.365854e-03 
 2.106160e+01 -9.339059e-03 
 2.106200e+01 -1.026564e-02 
 2.106240e+01 -1.114977e-02 
 2.106280e+01 -1.200596e-02 
 2.106319e+01 -1.284418e-02 
 2.106359e+01 -1.367054e-02 
 2.106399e+01 -1.448087e-02 
 2.106439e+01 -1.526145e-02 
 2.106478e+01 -1.600538e-02 
 2.106518e+01 -1.670419e-02 
 2.106558e+01 -1.736293e-02 
 2.106598e+01 -1.799216e-02 
 2.106637e+01 -1.860350e-02 
 2.106677e+01 -1.920088e-02 
 2.106717e+01 -1.977981e-02 
 2.106757e+01 -2.032931e-02 
 2.106797e+01 -2.083484e-02 
 2.106836e+01 -2.128607e-02 
 2.106876e+01 -2.168605e-02 
 2.106916e+01 -2.204327e-02 
 2.106956e+01 -2.236605e-02 
 2.106995e+01 -2.265933e-02 
 2.107035e+01 -2.291761e-02 
 2.107075e+01 -2.313053e-02 
 2.107115e+01 -2.328732e-02 
 2.107154e+01 -2.338367e-02 
 2.107194e+01 -2.342333e-02 
 2.107234e+01 -2.342258e-02 
 2.107274e+01 -2.339889e-02 
 2.107314e+01 -2.336791e-02 
 2.107353e+01 -2.333117e-02 
 2.107393e+01 -2.327619e-02 
 2.107433e+01 -2.318485e-02 
 2.107473e+01 -2.304831e-02 
 2.107512e+01 -2.287024e-02 
 2.107552e+01 -2.266615e-02 
 2.107592e+01 -2.245998e-02 
 2.107632e+01 -2.227144e-02 
 2.107671e+01 -2.210971e-02 
 2.107711e+01 -2.197444e-02 
 2.107751e+01 -2.185958e-02 
 2.107791e+01 -2.174991e-02 
 2.107831e+01 -2.163960e-02 
 2.107870e+01 -2.152352e-02 
 2.107910e+01 -2.140499e-02 
 2.107950e+01 -2.128035e-02 
 2.107990e+01 -2.114195e-02 
 2.108029e+01 -2.097956e-02 
 2.108069e+01 -2.077594e-02 
 2.108109e+01 -2.052734e-02 
 2.108149e+01 -2.023822e-02 
 2.108189e+01 -1.991783e-02 
 2.108228e+01 -1.957993e-02 
 2.108268e+01 -1.923294e-02 
 2.108308e+01 -1.887920e-02 
 2.108348e+01 -1.851753e-02 
 2.108387e+01 -1.814261e-02 
 2.108427e+01 -1.775314e-02 
 2.108467e+01 -1.735247e-02 
 2.108507e+01 -1.695065e-02 
 2.108546e+01 -1.655806e-02 
 2.108586e+01 -1.618335e-02 
 2.108626e+01 -1.583017e-02 
 2.108666e+01 -1.549529e-02 
 2.108706e+01 -1.517602e-02 
 2.108745e+01 -1.487558e-02 
 2.108785e+01 -1.460406e-02 
 2.108825e+01 -1.437522e-02 
 2.108865e+01 -1.420541e-02 
 2.108904e+01 -1.410000e-02 
 2.108944e+01 -1.405676e-02 
 2.108984e+01 -1.407152e-02 
 2.109024e+01 -1.413149e-02 
 2.109063e+01 -1.422783e-02 
 2.109103e+01 -1.436431e-02 
 2.109143e+01 -1.454991e-02 
 2.109183e+01 -1.479448e-02 
 2.109223e+01 -1.510481e-02 
 2.109262e+01 -1.547443e-02 
 2.109302e+01 -1.588535e-02 
 2.109342e+01 -1.632022e-02 
 2.109382e+01 -1.676787e-02 
 2.109421e+01 -1.722730e-02 
 2.109461e+01 -1.770986e-02 
 2.109501e+01 -1.823361e-02 
 2.109541e+01 -1.881239e-02 
 2.109580e+01 -1.945392e-02 
 2.109620e+01 -2.015367e-02 
 2.109660e+01 -2.089754e-02 
 2.109700e+01 -2.167218e-02 
 2.109740e+01 -2.246710e-02 
 2.109779e+01 -2.327889e-02 
 2.109819e+01 -2.410804e-02 
 2.109859e+01 -2.495853e-02 
 2.109899e+01 -2.582189e-02 
 2.109938e+01 -2.669093e-02 
 2.109978e+01 -2.755456e-02 
 2.110018e+01 -2.840996e-02 
 2.110058e+01 -2.925595e-02 
 2.110097e+01 -3.009844e-02 
 2.110137e+01 -3.094534e-02 
 2.110177e+01 -3.179931e-02 
 2.110217e+01 -3.266147e-02 
 2.110257e+01 -3.352379e-02 
 2.110296e+01 -3.437587e-02 
 2.110336e+01 -3.520755e-02 
 2.110376e+01 -3.601772e-02 
 2.110416e+01 -3.680999e-02 
 2.110455e+01 -3.759289e-02 
 2.110495e+01 -3.837569e-02 
 2.110535e+01 -3.915890e-02 
 2.110575e+01 -3.994026e-02 
 2.110614e+01 -4.071512e-02 
 2.110654e+01 -4.148171e-02 
 2.110694e+01 -4.223555e-02 
 2.110734e+01 -4.298118e-02 
 2.110774e+01 -4.372079e-02 
 2.110813e+01 -4.445601e-02 
 2.110853e+01 -4.518818e-02 
 2.110893e+01 -4.590796e-02 
 2.110933e+01 -4.660305e-02 
 2.110972e+01 -4.726208e-02 
 2.111012e+01 -4.787411e-02 
 2.111052e+01 -4.843294e-02 
 2.111092e+01 -4.893591e-02 
 2.111131e+01 -4.937581e-02 
 2.111171e+01 -4.974249e-02 
 2.111211e+01 -5.002650e-02 
 2.111251e+01 -5.022027e-02 
 2.111291e+01 -5.031691e-02 
 2.111330e+01 -5.031873e-02 
 2.111370e+01 -5.023263e-02 
 2.111410e+01 -5.006855e-02 
 2.111450e+01 -4.983615e-02 
 2.111489e+01 -4.954144e-02 
 2.111529e+01 -4.918556e-02 
 2.111569e+01 -4.876304e-02 
 2.111609e+01 -4.827472e-02 
 2.111648e+01 -4.772629e-02 
 2.111688e+01 -4.713037e-02 
 2.111728e+01 -4.650135e-02 
 2.111768e+01 -4.584633e-02 
 2.111808e+01 -4.516397e-02 
 2.111847e+01 -4.444521e-02 
 2.111887e+01 -4.367934e-02 
 2.111927e+01 -4.285786e-02 
 2.111967e+01 -4.197765e-02 
 2.112006e+01 -4.104250e-02 
 2.112046e+01 -4.006380e-02 
 2.112086e+01 -3.905311e-02 
 2.112126e+01 -3.802291e-02 
 2.112165e+01 -3.697172e-02 
 2.112205e+01 -3.589363e-02 
 2.112245e+01 -3.478357e-02 
 2.112285e+01 -3.364350e-02 
 2.112325e+01 -3.248554e-02 
 2.112364e+01 -3.132578e-02 
 2.112404e+01 -3.017936e-02 
 2.112444e+01 -2.905096e-02 
 2.112484e+01 -2.794008e-02 
 2.112523e+01 -2.683810e-02 
 2.112563e+01 -2.573447e-02 
 2.112603e+01 -2.462310e-02 
 2.112643e+01 -2.350485e-02 
 2.112682e+01 -2.238404e-02 
 2.112722e+01 -2.127004e-02 
 2.112762e+01 -2.016706e-02 
 2.112802e+01 -1.907247e-02 
 2.112842e+01 -1.797861e-02 
 2.112881e+01 -1.687561e-02 
 2.112921e+01 -1.575489e-02 
 2.112961e+01 -1.461574e-02 
 2.113001e+01 -1.345936e-02 
 2.113040e+01 -1.228489e-02 
 2.113080e+01 -1.108548e-02 
 2.113120e+01 -9.862048e-03 
 2.113160e+01 -8.615658e-03 
 2.113199e+01 -7.352553e-03 
 2.113239e+01 -6.088404e-03 
 2.113279e+01 -4.842139e-03 
 2.113319e+01 -3.636296e-03 
 2.113359e+01 -2.484859e-03 
 2.113398e+01 -1.393977e-03 
 2.113438e+01 -3.639324e-04 
 2.113478e+01  6.146858e-04 
 2.113518e+01  1.545152e-03 
 2.113557e+01  2.419828e-03 
 2.113597e+01  3.226565e-03 
 2.113637e+01  3.956746e-03 
 2.113677e+01  4.605898e-03 
 2.113716e+01  5.176204e-03 
 2.113756e+01  5.677370e-03 
 2.113796e+01  6.125809e-03 
 2.113836e+01  6.537179e-03 
 2.113876e+01  6.921577e-03 
 2.113915e+01  7.279479e-03 
 2.113955e+01  7.603347e-03 
 2.113995e+01  7.883300e-03 
 2.114035e+01  8.111457e-03 
 2.114074e+01  8.290528e-03 
 2.114114e+01  8.426091e-03 
 2.114154e+01  8.518197e-03 
 2.114194e+01  8.564260e-03 
 2.114233e+01  8.557211e-03 
 2.114273e+01  8.486870e-03 
 2.114313e+01  8.347099e-03 
 2.114353e+01  8.135974e-03 
 2.114393e+01  7.861983e-03 
 2.114432e+01  7.542106e-03 
 2.114472e+01  7.193918e-03 
 2.114512e+01  6.830709e-03 
 2.114552e+01  6.454916e-03 
 2.114591e+01  6.059688e-03 
 2.114631e+01  5.635426e-03 
 2.114671e+01  5.182469e-03 
 2.114711e+01  4.706230e-03 
 2.114750e+01  4.214423e-03 
 2.114790e+01  3.719177e-03 
 2.114830e+01  3.224216e-03 
 2.114870e+01  2.729463e-03 
 2.114910e+01  2.229006e-03 
 2.114949e+01  1.718479e-03 
 2.114989e+01  1.189230e-03 
 2.115029e+01  6.385877e-04 
 2.115069e+01  6.789076e-05 
 2.115108e+01 -5.184475e-04 
 2.115148e+01 -1.121716e-03 
 2.115188e+01 -1.749562e-03 
 2.115228e+01 -2.413940e-03 
 2.115267e+01 -3.120378e-03 
 2.115307e+01 -3.872185e-03 
 2.115347e+01 -4.664280e-03 
 2.115387e+01 -5.485761e-03 
 2.115427e+01 -6.325405e-03 
 2.115466e+01 -7.174069e-03 
 2.115506e+01 -8.023650e-03 
 2.115546e+01 -8.871885e-03 
 2.115586e+01 -9.716409e-03 
 2.115625e+01 -1.055764e-02 
 2.115665e+01 -1.138653e-02 
 2.115705e+01 -1.219038e-02 
 2.115745e+01 -1.295603e-02 
 2.115784e+01 -1.367415e-02 
 2.115824e+01 -1.433796e-02 
 2.115864e+01 -1.494265e-02 
 2.115904e+01 -1.548479e-02 
 2.115944e+01 -1.596001e-02 
 2.115983e+01 -1.636496e-02 
 2.116023e+01 -1.670219e-02 
 2.116063e+01 -1.697981e-02 
 2.116103e+01 -1.720937e-02 
 2.116142e+01 -1.740491e-02 
 2.116182e+01 -1.757769e-02 
 2.116222e+01 -1.773279e-02 
 2.116262e+01 -1.787006e-02 
 2.116301e+01 -1.797884e-02 
 2.116341e+01 -1.804713e-02 
 2.116381e+01 -1.806361e-02 
 2.116421e+01 -1.802492e-02 
 2.116461e+01 -1.793414e-02 
 2.116500e+01 -1.779536e-02 
 2.116540e+01 -1.761459e-02 
 2.116580e+01 -1.739713e-02 
 2.116620e+01 -1.714443e-02 
 2.116659e+01 -1.685834e-02 
 2.116699e+01 -1.654036e-02 
 2.116739e+01 -1.619260e-02 
 2.116779e+01 -1.581967e-02 
 2.116818e+01 -1.542985e-02 
 2.116858e+01 -1.503756e-02 
 2.116898e+01 -1.465248e-02 
 2.116938e+01 -1.427801e-02 
 2.116978e+01 -1.391583e-02 
 2.117017e+01 -1.355952e-02 
 2.117057e+01 -1.320185e-02 
 2.117097e+01 -1.284333e-02 
 2.117137e+01 -1.248276e-02 
 2.117176e+01 -1.212537e-02 
 2.117216e+01 -1.177778e-02 
 2.117256e+01 -1.144519e-02 
 2.117296e+01 -1.113075e-02 
 2.117335e+01 -1.083045e-02 
 2.117375e+01 -1.053614e-02 
 2.117415e+01 -1.024256e-02 
 2.117455e+01 -9.947677e-03 
 2.117495e+01 -9.653788e-03 
 2.117534e+01 -9.366944e-03 
 2.117574e+01 -9.093255e-03 
 2.117614e+01 -8.831686e-03 
 2.117654e+01 -8.579622e-03 
 2.117693e+01 -8.331071e-03 
 2.117733e+01 -8.082554e-03 
 2.117773e+01 -7.832320e-03 
 2.117813e+01 -7.577751e-03 
 2.117853e+01 -7.320724e-03 
 2.117892e+01 -7.066259e-03 
 2.117932e+01 -6.824443e-03 
 2.117972e+01 -6.609105e-03 
 2.118012e+01 -6.429522e-03 
 2.118051e+01 -6.295021e-03 
 2.118091e+01 -6.214696e-03 
 2.118131e+01 -6.193575e-03 
 2.118171e+01 -6.235968e-03 
 2.118210e+01 -6.336343e-03 
 2.118250e+01 -6.486339e-03 
 2.118290e+01 -6.681423e-03 
 2.118330e+01 -6.918689e-03 
 2.118370e+01 -7.200691e-03 
 2.118409e+01 -7.532343e-03 
 2.118449e+01 -7.917214e-03 
 2.118489e+01 -8.359595e-03 
 2.118529e+01 -8.859076e-03 
 2.118568e+01 -9.412256e-03 
 2.118608e+01 -1.001426e-02 
 2.118648e+01 -1.065879e-02 
 2.118688e+01 -1.134039e-02 
 2.118727e+01 -1.205726e-02 
 2.118767e+01 -1.281110e-02 
 2.118807e+01 -1.359620e-02 
 2.118847e+01 -1.440612e-02 
 2.118887e+01 -1.523265e-02 
 2.118926e+01 -1.606899e-02 
 2.118966e+01 -1.691027e-02 
 2.119006e+01 -1.775269e-02 
 2.119046e+01 -1.859677e-02 
 2.119085e+01 -1.944414e-02 
 2.119125e+01 -2.029479e-02 
 2.119165e+01 -2.114989e-02 
 2.119205e+01 -2.200973e-02 
 2.119244e+01 -2.287292e-02 
 2.119284e+01 -2.374143e-02 
 2.119324e+01 -2.461768e-02 
 2.119364e+01 -2.550845e-02 
 2.119404e+01 -2.641860e-02 
 2.119443e+01 -2.735188e-02 
 2.119483e+01 -2.830568e-02 
 2.119523e+01 -2.927404e-02 
 2.119563e+01 -3.024781e-02 
 2.119602e+01 -3.121794e-02 
 2.119642e+01 -3.217324e-02 
 2.119682e+01 -3.310690e-02 
 2.119722e+01 -3.401390e-02 
 2.119761e+01 -3.489854e-02 
 2.119801e+01 -3.576623e-02 
 2.119841e+01 -3.662414e-02 
 2.119881e+01 -3.747669e-02 
 2.119921e+01 -3.832605e-02 
 2.119960e+01 -3.917271e-02 
 2.120000e+01 -4.001730e-02 
 2.120040e+01 -4.086140e-02 
 2.120080e+01 -4.170199e-02 
 2.120119e+01 -4.253998e-02 
 2.120159e+01 -4.337358e-02 
 2.120199e+01 -4.420012e-02 
 2.120239e+01 -4.501578e-02 
 2.120278e+01 -4.580855e-02 
 2.120318e+01 -4.657164e-02 
 2.120358e+01 -4.729612e-02 
 2.120398e+01 -4.797834e-02 
 2.120438e+01 -4.861810e-02 
 2.120477e+01 -4.921111e-02 
 2.120517e+01 -4.975662e-02 
 2.120557e+01 -5.024651e-02 
 2.120597e+01 -5.067764e-02 
 2.120636e+01 -5.104217e-02 
 2.120676e+01 -5.133124e-02 
 2.120716e+01 -5.154045e-02 
 2.120756e+01 -5.166578e-02 
 2.120795e+01 -5.170558e-02 
 2.120835e+01 -5.165965e-02 
 2.120875e+01 -5.153034e-02 
 2.120915e+01 -5.132069e-02 
 2.120955e+01 -5.103298e-02 
 2.120994e+01 -5.067517e-02 
 2.121034e+01 -5.025067e-02 
 2.121074e+01 -4.976911e-02 
 2.121114e+01 -4.923559e-02 
 2.121153e+01 -4.865735e-02 
 2.121193e+01 -4.804656e-02 
 2.121233e+01 -4.741432e-02 
 2.121273e+01 -4.677752e-02 
 2.121312e+01 -4.614521e-02 
 2.121352e+01 -4.551892e-02 
 2.121392e+01 -4.488879e-02 
 2.121432e+01 -4.424147e-02 
 2.121472e+01 -4.355471e-02 
 2.121511e+01 -4.281136e-02 
 2.121551e+01 -4.199955e-02 
 2.121591e+01 -4.111766e-02 
 2.121631e+01 -4.017508e-02 
 2.121670e+01 -3.918579e-02 
 2.121710e+01 -3.816568e-02 
 2.121750e+01 -3.712370e-02 
 2.121790e+01 -3.606461e-02 
 2.121829e+01 -3.498813e-02 
 2.121869e+01 -3.389091e-02 
 2.121909e+01 -3.277876e-02 
 2.121949e+01 -3.165794e-02 
 2.121989e+01 -3.053392e-02 
 2.122028e+01 -2.941309e-02 
 2.122068e+01 -2.829821e-02 
 2.122108e+01 -2.719188e-02 
 2.122148e+01 -2.609024e-02 
 2.122187e+01 -2.498547e-02 
 2.122227e+01 -2.387417e-02 
 2.122267e+01 -2.274964e-02 
 2.122307e+01 -2.161227e-02 
 2.122346e+01 -2.046614e-02 
 2.122386e+01 -1.931905e-02 
 2.122426e+01 -1.817495e-02 
 2.122466e+01 -1.703755e-02 
 2.122506e+01 -1.590891e-02 
 2.122545e+01 -1.479188e-02 
 2.122585e+01 -1.368521e-02 
 2.122625e+01 -1.259068e-02 
 2.122665e+01 -1.151283e-02 
 2.122704e+01 -1.045878e-02 
 2.122744e+01 -9.436371e-03 
 2.122784e+01 -8.450502e-03 
 2.122824e+01 -7.501611e-03 
 2.122863e+01 -6.592663e-03 
 2.122903e+01 -5.729096e-03 
 2.122943e+01 -4.916873e-03 
 2.122983e+01 -4.168218e-03 
 2.123023e+01 -3.493572e-03 
 2.123062e+01 -2.907721e-03 
 2.123102e+01 -2.419887e-03 
 2.123142e+01 -2.034318e-03 
 2.123182e+01 -1.745959e-03 
 2.123221e+01 -1.541565e-03 
 2.123261e+01 -1.406020e-03 
 2.123301e+01 -1.325200e-03 
 2.123341e+01 -1.280149e-03 
 2.123380e+01 -1.255213e-03 
 2.123420e+01 -1.236329e-03 
 2.123460e+01 -1.210958e-03 
 2.123500e+01 -1.173020e-03 
 2.123540e+01 -1.126360e-03 
 2.123579e+01 -1.080509e-03 
 2.123619e+01 -1.042582e-03 
 2.123659e+01 -1.026316e-03 
 2.123699e+01 -1.036997e-03 
 2.123738e+01 -1.082605e-03 
 2.123778e+01 -1.162503e-03 
 2.123818e+01 -1.274285e-03 
 2.123858e+01 -1.418144e-03 
 2.123897e+01 -1.594770e-03 
 2.123937e+01 -1.801297e-03 
 2.123977e+01 -2.038440e-03 
 2.124017e+01 -2.303284e-03 
 2.124057e+01 -2.584503e-03 
 2.124096e+01 -2.871610e-03 
 2.124136e+01 -3.157056e-03 
 2.124176e+01 -3.437553e-03 
 2.124216e+01 -3.712340e-03 
 2.124255e+01 -3.984049e-03 
 2.124295e+01 -4.254970e-03 
 2.124335e+01 -4.525438e-03 
 2.124375e+01 -4.800027e-03 
 2.124414e+01 -5.081520e-03 
 2.124454e+01 -5.373582e-03 
 2.124494e+01 -5.679186e-03 
 2.124534e+01 -6.003434e-03 
 2.124574e+01 -6.352906e-03 
 2.124613e+01 -6.731481e-03 
 2.124653e+01 -7.129629e-03 
 2.124693e+01 -7.538610e-03 
 2.124733e+01 -7.947363e-03 
 2.124772e+01 -8.344113e-03 
 2.124812e+01 -8.725500e-03 
 2.124852e+01 -9.094320e-03 
 2.124892e+01 -9.460118e-03 
 2.124931e+01 -9.833050e-03 
 2.124971e+01 -1.022066e-02 
 2.125011e+01 -1.062673e-02 
 2.125051e+01 -1.104439e-02 
 2.125091e+01 -1.145974e-02 
 2.125130e+01 -1.185650e-02 
 2.125170e+01 -1.222013e-02 
 2.125210e+01 -1.254147e-02 
 2.125250e+01 -1.281673e-02 
 2.125289e+01 -1.304288e-02 
 2.125329e+01 -1.321699e-02 
 2.125369e+01 -1.333553e-02 
 2.125409e+01 -1.339410e-02 
 2.125448e+01 -1.339179e-02 
 2.125488e+01 -1.332983e-02 
 2.125528e+01 -1.321589e-02 
 2.125568e+01 -1.306040e-02 
 2.125608e+01 -1.287582e-02 
 2.125647e+01 -1.267774e-02 
 2.125687e+01 -1.247591e-02 
 2.125727e+01 -1.227248e-02 
 2.125767e+01 -1.207025e-02 
 2.125806e+01 -1.186578e-02 
 2.125846e+01 -1.165791e-02 
 2.125886e+01 -1.144584e-02 
 2.125926e+01 -1.122570e-02 
 2.125965e+01 -1.099359e-02 
 2.126005e+01 -1.074866e-02 
 2.126045e+01 -1.048743e-02 
 2.126085e+01 -1.020767e-02 
 2.126125e+01 -9.910475e-03 
 2.126164e+01 -9.598125e-03 
 2.126204e+01 -9.277314e-03 
 2.126244e+01 -8.952803e-03 
 2.126284e+01 -8.628361e-03 
 2.126323e+01 -8.307484e-03 
 2.126363e+01 -7.991169e-03 
 2.126403e+01 -7.683205e-03 
 2.126443e+01 -7.386867e-03 
 2.126482e+01 -7.107010e-03 
 2.126522e+01 -6.844006e-03 
 2.126562e+01 -6.588379e-03 
 2.126602e+01 -6.326466e-03 
 2.126642e+01 -6.040209e-03 
 2.126681e+01 -5.715143e-03 
 2.126721e+01 -5.348015e-03 
 2.126761e+01 -4.946846e-03 
 2.126801e+01 -4.530174e-03 
 2.126840e+01 -4.118751e-03 
 2.126880e+01 -3.731612e-03 
 2.126920e+01 -3.380224e-03 
 2.126960e+01 -3.061541e-03 
 2.127000e+01 -2.765186e-03 
 2.127039e+01 -2.480856e-03 
 2.127079e+01 -2.204686e-03 
 2.127119e+01 -1.939548e-03 
 2.127159e+01 -1.688700e-03 
 2.127198e+01 -1.454709e-03 
 2.127238e+01 -1.239613e-03 
 2.127278e+01 -1.040395e-03 
 2.127318e+01 -8.543794e-04 
 2.127357e+01 -6.824217e-04 
 2.127397e+01 -5.290123e-04 
 2.127437e+01 -4.012846e-04 
 2.127477e+01 -3.132885e-04 
 2.127517e+01 -2.823233e-04 
 2.127556e+01 -3.156719e-04 
 2.127596e+01 -4.163750e-04 
 2.127636e+01 -5.807994e-04 
 2.127676e+01 -8.090572e-04 
 2.127715e+01 -1.095631e-03 
 2.127755e+01 -1.441410e-03 
 2.127795e+01 -1.848310e-03 
 2.127835e+01 -2.311600e-03 
 2.127874e+01 -2.830685e-03 
 2.127914e+01 -3.399986e-03 
 2.127954e+01 -4.010208e-03 
 2.127994e+01 -4.657109e-03 
 2.128034e+01 -5.337977e-03 
 2.128073e+01 -6.055603e-03 
 2.128113e+01 -6.812752e-03 
 2.128153e+01 -7.615462e-03 
 2.128193e+01 -8.462516e-03 
 2.128232e+01 -9.350062e-03 
 2.128272e+01 -1.026985e-02 
 2.128312e+01 -1.121477e-02 
 2.128352e+01 -1.217941e-02 
 2.128391e+01 -1.315647e-02 
 2.128431e+01 -1.413756e-02 
 2.128471e+01 -1.511674e-02 
 2.128511e+01 -1.608226e-02 
 2.128551e+01 -1.702699e-02 
 2.128590e+01 -1.794535e-02 
 2.128630e+01 -1.883818e-02 
 2.128670e+01 -1.971393e-02 
 2.128710e+01 -2.058535e-02 
 2.128749e+01 -2.146895e-02 
 2.128789e+01 -2.237810e-02 
 2.128829e+01 -2.331884e-02 
 2.128869e+01 -2.428987e-02 
 2.128908e+01 -2.528560e-02 
 2.128948e+01 -2.630052e-02 
 2.128988e+01 -2.733421e-02 
 2.129028e+01 -2.838519e-02 
 2.129068e+01 -2.944835e-02 
 2.129107e+01 -3.051494e-02 
 2.129147e+01 -3.157594e-02 
 2.129187e+01 -3.261834e-02 
 2.129227e+01 -3.363051e-02 
 2.129266e+01 -3.460269e-02 
 2.129306e+01 -3.553894e-02 
 2.129346e+01 -3.644561e-02 
 2.129386e+01 -3.733155e-02 
 2.129425e+01 -3.820364e-02 
 2.129465e+01 -3.906021e-02 
 2.129505e+01 -3.988967e-02 
 2.129545e+01 -4.068031e-02 
 2.129585e+01 -4.142450e-02 
 2.129624e+01 -4.212682e-02 
 2.129664e+01 -4.279315e-02 
 2.129704e+01 -4.343553e-02 
 2.129744e+01 -4.406409e-02 
 2.129783e+01 -4.467665e-02 
 2.129823e+01 -4.526430e-02 
 2.129863e+01 -4.581165e-02 
 2.129903e+01 -4.630461e-02 
 2.129942e+01 -4.673373e-02 
 2.129982e+01 -4.710099e-02 
 2.130022e+01 -4.741731e-02 
 2.130062e+01 -4.769255e-02 
 2.130102e+01 -4.793418e-02 
 2.130141e+01 -4.813965e-02 
 2.130181e+01 -4.829877e-02 
 2.130221e+01 -4.840169e-02 
 2.130261e+01 -4.843905e-02 
 2.130300e+01 -4.840485e-02 
 2.130340e+01 -4.830075e-02 
 2.130380e+01 -4.812990e-02 
 2.130420e+01 -4.789540e-02 
 2.130459e+01 -4.760343e-02 
 2.130499e+01 -4.725874e-02 
 2.130539e+01 -4.686655e-02 
 2.130579e+01 -4.643964e-02 
 2.130619e+01 -4.599325e-02 
 2.130658e+01 -4.554600e-02 
 2.130698e+01 -4.511095e-02 
 2.130738e+01 -4.469596e-02 
 2.130778e+01 -4.430080e-02 
 2.130817e+01 -4.392007e-02 
 2.130857e+01 -4.354663e-02 
 2.130897e+01 -4.317266e-02 
 2.130937e+01 -4.279162e-02 
 2.130976e+01 -4.239502e-02 
 2.131016e+01 -4.197357e-02 
 2.131056e+01 -4.151450e-02 
 2.131096e+01 -4.100633e-02 
 2.131136e+01 -4.043803e-02 
 2.131175e+01 -3.980268e-02 
 2.131215e+01 -3.910560e-02 
 2.131255e+01 -3.835731e-02 
 2.131295e+01 -3.757282e-02 
 2.131334e+01 -3.676665e-02 
 2.131374e+01 -3.594581e-02 
 2.131414e+01 -3.510826e-02 
 2.131454e+01 -3.425006e-02 
 2.131493e+01 -3.337329e-02 
 2.131533e+01 -3.248149e-02 
 2.131573e+01 -3.158249e-02 
 2.131613e+01 -3.069058e-02 
 2.131653e+01 -2.981259e-02 
 2.131692e+01 -2.895112e-02 
 2.131732e+01 -2.809752e-02 
 2.131772e+01 -2.723706e-02 
 2.131812e+01 -2.635387e-02 
 2.131851e+01 -2.544758e-02 
 2.131891e+01 -2.452907e-02 
 2.131931e+01 -2.361445e-02 
 2.131971e+01 -2.271992e-02 
 2.132010e+01 -2.185593e-02 
 2.132050e+01 -2.102214e-02 
 2.132090e+01 -2.021070e-02 
 2.132130e+01 -1.941185e-02 
 2.132170e+01 -1.861642e-02 
 2.132209e+01 -1.782255e-02 
 2.132249e+01 -1.703587e-02 
 2.132289e+01 -1.627109e-02 
 2.132329e+01 -1.553512e-02 
 2.132368e+01 -1.483017e-02 
 2.132408e+01 -1.415426e-02 
 2.132448e+01 -1.350898e-02 
 2.132488e+01 -1.290092e-02 
 2.132527e+01 -1.233927e-02 
 2.132567e+01 -1.184154e-02 
 2.132607e+01 -1.141901e-02 
 2.132647e+01 -1.107436e-02 
 2.132687e+01 -1.080266e-02 
 2.132726e+01 -1.058908e-02 
 2.132766e+01 -1.041292e-02 
 2.132806e+01 -1.025563e-02 
 2.132846e+01 -1.010609e-02 
 2.132885e+01 -9.958946e-03 
 2.132925e+01 -9.815830e-03 
 2.132965e+01 -9.674915e-03 
 2.133005e+01 -9.530435e-03 
 2.133044e+01 -9.375213e-03 
 2.133084e+01 -9.201842e-03 
 2.133124e+01 -9.014474e-03 
 2.133164e+01 -8.819327e-03 
 2.133204e+01 -8.627956e-03 
 2.133243e+01 -8.453938e-03 
 2.133283e+01 -8.309400e-03 
 2.133323e+01 -8.202475e-03 
 2.133363e+01 -8.136350e-03 
 2.133402e+01 -8.111081e-03 
 2.133442e+01 -8.125762e-03 
 2.133482e+01 -8.181341e-03 
 2.133522e+01 -8.277743e-03 
 2.133561e+01 -8.415177e-03 
 2.133601e+01 -8.585627e-03 
 2.133641e+01 -8.773343e-03 
 2.133681e+01 -8.963663e-03 
 2.133721e+01 -9.150720e-03 
 2.133760e+01 -9.333331e-03 
 2.133800e+01 -9.520216e-03 
 2.133840e+01 -9.725294e-03 
 2.133880e+01 -9.955270e-03 
 2.133919e+01 -1.021314e-02 
 2.133959e+01 -1.049320e-02 
 2.133999e+01 -1.078167e-02 
 2.134039e+01 -1.106261e-02 
 2.134078e+01 -1.133011e-02 
 2.134118e+01 -1.158570e-02 
 2.134158e+01 -1.183326e-02 
 2.134198e+01 -1.207904e-02 
 2.134238e+01 -1.232355e-02 
 2.134277e+01 -1.256007e-02 
 2.134317e+01 -1.277596e-02 
 2.134357e+01 -1.296152e-02 
 2.134397e+01 -1.311522e-02 
 2.134436e+01 -1.324060e-02 
 2.134476e+01 -1.334764e-02 
 2.134516e+01 -1.344610e-02 
 2.134556e+01 -1.353957e-02 
 2.134595e+01 -1.361818e-02 
 2.134635e+01 -1.366511e-02 
 2.134675e+01 -1.366661e-02 
 2.134715e+01 -1.361137e-02 
 2.134755e+01 -1.349432e-02 
 2.134794e+01 -1.332709e-02 
 2.134834e+01 -1.312305e-02 
 2.134874e+01 -1.289031e-02 
 2.134914e+01 -1.263047e-02 
 2.134953e+01 -1.234247e-02 
 2.134993e+01 -1.201749e-02 
 2.135033e+01 -1.164933e-02 
 2.135073e+01 -1.124435e-02 
 2.135112e+01 -1.081431e-02 
 2.135152e+01 -1.037456e-02 
 2.135192e+01 -9.941404e-03 
 2.135232e+01 -9.526700e-03 
 2.135272e+01 -9.135297e-03 
 2.135311e+01 -8.765392e-03 
 2.135351e+01 -8.414737e-03 
 2.135391e+01 -8.080687e-03 
 2.135431e+01 -7.757329e-03 
 2.135470e+01 -7.442937e-03 
 2.135510e+01 -7.131660e-03 
 2.135550e+01 -6.815378e-03 
 2.135590e+01 -6.485486e-03 
 2.135629e+01 -6.136804e-03 
 2.135669e+01 -5.772125e-03 
 2.135709e+01 -5.400418e-03 
 2.135749e+01 -5.032754e-03 
 2.135789e+01 -4.682674e-03 
 2.135828e+01 -4.350763e-03 
 2.135868e+01 -4.034288e-03 
 2.135908e+01 -3.724139e-03 
 2.135948e+01 -3.414046e-03 
 2.135987e+01 -3.095077e-03 
 2.136027e+01 -2.765902e-03 
 2.136067e+01 -2.435243e-03 
 2.136107e+01 -2.108028e-03 
 2.136147e+01 -1.781544e-03 
 2.136186e+01 -1.451174e-03 
 2.136226e+01 -1.106540e-03 
 2.136266e+01 -7.422314e-04 
 2.136306e+01 -3.567968e-04 
 2.136345e+01  3.794833e-05 
 2.136385e+01  4.281479e-04 
 2.136425e+01  7.993576e-04 
 2.136465e+01  1.142482e-03 
 2.136504e+01  1.454217e-03 
 2.136544e+01  1.740250e-03 
 2.136584e+01  2.007278e-03 
 2.136624e+01  2.256376e-03 
 2.136664e+01  2.480504e-03 
 2.136703e+01  2.666972e-03 
 2.136743e+01  2.802761e-03 
 2.136783e+01  2.882717e-03 
 2.136823e+01  2.909806e-03 
 2.136862e+01  2.898555e-03 
 2.136902e+01  2.861758e-03 
 2.136942e+01  2.805643e-03 
 2.136982e+01  2.730866e-03 
 2.137021e+01  2.627828e-03 
 2.137061e+01  2.480775e-03 
 2.137101e+01  2.282014e-03 
 2.137141e+01  2.028975e-03 
 2.137181e+01  1.729044e-03 
 2.137220e+01  1.389146e-03 
 2.137260e+01  1.021140e-03 
 2.137300e+01  6.279225e-04 
 2.137340e+01  2.044763e-04 
 2.137379e+01 -2.522991e-04 
 2.137419e+01 -7.440981e-04 
 2.137459e+01 -1.264382e-03 
 2.137499e+01 -1.805588e-03 
 2.137538e+01 -2.359387e-03 
 2.137578e+01 -2.922760e-03 
 2.137618e+01 -3.499158e-03 
 2.137658e+01 -4.095425e-03 
 2.137698e+01 -4.719719e-03 
 2.137737e+01 -5.379033e-03 
 2.137777e+01 -6.070959e-03 
 2.137817e+01 -6.783182e-03 
 2.137857e+01 -7.501584e-03 
 2.137896e+01 -8.214876e-03 
 2.137936e+01 -8.920715e-03 
 2.137976e+01 -9.622624e-03 
 2.138016e+01 -1.032545e-02 
 2.138055e+01 -1.103469e-02 
 2.138095e+01 -1.175410e-02 
 2.138135e+01 -1.248327e-02 
 2.138175e+01 -1.322570e-02 
 2.138215e+01 -1.398224e-02 
 2.138254e+01 -1.475929e-02 
 2.138294e+01 -1.556667e-02 
 2.138334e+01 -1.641490e-02 
 2.138374e+01 -1.730921e-02 
 2.138413e+01 -1.824245e-02 
 2.138453e+01 -1.920939e-02 
 2.138493e+01 -2.020133e-02 
 2.138533e+01 -2.121668e-02 
 2.138572e+01 -2.226161e-02 
 2.138612e+01 -2.334476e-02 
 2.138652e+01 -2.446825e-02 
 2.138692e+01 -2.562430e-02 
 2.138732e+01 -2.679592e-02 
 2.138771e+01 -2.796041e-02 
 2.138811e+01 -2.909381e-02 
 2.138851e+01 -3.018324e-02 
 2.138891e+01 -3.122682e-02 
 2.138930e+01 -3.223322e-02 
 2.138970e+01 -3.321092e-02 
 2.139010e+01 -3.416311e-02 
 2.139050e+01 -3.508812e-02 
 2.139089e+01 -3.597438e-02 
 2.139129e+01 -3.680436e-02 
 2.139169e+01 -3.757661e-02 
 2.139209e+01 -3.829881e-02 
 2.139249e+01 -3.898404e-02 
 2.139288e+01 -3.964607e-02 
 2.139328e+01 -4.029434e-02 
 2.139368e+01 -4.092692e-02 
 2.139408e+01 -4.153389e-02 
 2.139447e+01 -4.210293e-02 
 2.139487e+01 -4.262320e-02 
 2.139527e+01 -4.309141e-02 
 2.139567e+01 -4.350992e-02 
 2.139606e+01 -4.389002e-02 
 2.139646e+01 -4.423992e-02 
 2.139686e+01 -4.455861e-02 
 2.139726e+01 -4.483812e-02 
 2.139766e+01 -4.506439e-02 
 2.139805e+01 -4.522752e-02 
 2.139845e+01 -4.532529e-02 
 2.139885e+01 -4.536260e-02 
 2.139925e+01 -4.535101e-02 
 2.139964e+01 -4.530266e-02 
 2.140004e+01 -4.522436e-02 
 2.140044e+01 -4.512128e-02 
 2.140084e+01 -4.499365e-02 
 2.140123e+01 -4.484140e-02 
 2.140163e+01 -4.466618e-02 
 2.140203e+01 -4.447683e-02 
 2.140243e+01 -4.428159e-02 
 2.140283e+01 -4.408389e-02 
 2.140322e+01 -4.388431e-02 
 2.140362e+01 -4.367660e-02 
 2.140402e+01 -4.345308e-02 
 2.140442e+01 -4.320967e-02 
 2.140481e+01 -4.294410e-02 
 2.140521e+01 -4.265590e-02 
 2.140561e+01 -4.234382e-02 
 2.140601e+01 -4.199934e-02 
 2.140640e+01 -4.160777e-02 
 2.140680e+01 -4.115410e-02 
 2.140720e+01 -4.062522e-02 
 2.140760e+01 -4.001322e-02 
 2.140800e+01 -3.932673e-02 
 2.140839e+01 -3.858472e-02 
 2.140879e+01 -3.781128e-02 
 2.140919e+01 -3.702146e-02 
 2.140959e+01 -3.622184e-02 
 2.140998e+01 -3.541442e-02 
 2.141038e+01 -3.459659e-02 
 2.141078e+01 -3.376738e-02 
 2.141118e+01 -3.293405e-02 
 2.141157e+01 -3.211478e-02 
 2.141197e+01 -3.132404e-02 
 2.141237e+01 -3.057297e-02 
 2.141277e+01 -2.986419e-02 
 2.141317e+01 -2.919034e-02 
 2.141356e+01 -2.853276e-02 
 2.141396e+01 -2.788153e-02 
 2.141436e+01 -2.723516e-02 
 2.141476e+01 -2.660058e-02 
 2.141515e+01 -2.598643e-02 
 2.141555e+01 -2.540247e-02 
 2.141595e+01 -2.484506e-02 
 2.141635e+01 -2.430186e-02 
 2.141674e+01 -2.375744e-02 
 2.141714e+01 -2.320617e-02 
 2.141754e+01 -2.265048e-02 
 2.141794e+01 -2.210164e-02 
 2.141834e+01 -2.157874e-02 
 2.141873e+01 -2.109764e-02 
 2.141913e+01 -2.066302e-02 
 2.141953e+01 -2.026473e-02 
 2.141993e+01 -1.989024e-02 
 2.142032e+01 -1.953101e-02 
 2.142072e+01 -1.918283e-02 
 2.142112e+01 -1.885153e-02 
 2.142152e+01 -1.854924e-02 
 2.142191e+01 -1.828134e-02 
 2.142231e+01 -1.804327e-02 
 2.142271e+01 -1.782782e-02 
 2.142311e+01 -1.762239e-02 
 2.142351e+01 -1.741203e-02 
 2.142390e+01 -1.719211e-02 
 2.142430e+01 -1.696279e-02 
 2.142470e+01 -1.672805e-02 
 2.142510e+01 -1.649254e-02 
 2.142549e+01 -1.625494e-02 
 2.142589e+01 -1.600853e-02 
 2.142629e+01 -1.574310e-02 
 2.142669e+01 -1.545857e-02 
 2.142708e+01 -1.516292e-02 
 2.142748e+01 -1.486752e-02 
 2.142788e+01 -1.459071e-02 
 2.142828e+01 -1.434880e-02 
 2.142868e+01 -1.415341e-02 
 2.142907e+01 -1.400717e-02 
 2.142947e+01 -1.390742e-02 
 2.142987e+01 -1.384754e-02 
 2.143027e+01 -1.382710e-02 
 2.143066e+01 -1.384758e-02 
 2.143106e+01 -1.391450e-02 
 2.143146e+01 -1.402731e-02 
 2.143186e+01 -1.417941e-02 
 2.143225e+01 -1.435540e-02 
 2.143265e+01 -1.454177e-02 
 2.143305e+01 -1.472835e-02 
 2.143345e+01 -1.491180e-02 
 2.143385e+01 -1.509735e-02 
 2.143424e+01 -1.528675e-02 
 2.143464e+01 -1.547867e-02 
 2.143504e+01 -1.566747e-02 
 2.143544e+01 -1.584260e-02 
 2.143583e+01 -1.599187e-02 
 2.143623e+01 -1.610982e-02 
 2.143663e+01 -1.620423e-02 
 2.143703e+01 -1.629036e-02 
 2.143742e+01 -1.638484e-02 
 2.143782e+01 -1.649994e-02 
 2.143822e+01 -1.663016e-02 
 2.143862e+01 -1.675714e-02 
 2.143902e+01 -1.685633e-02 
 2.143941e+01 -1.690957e-02 
 2.143981e+01 -1.691368e-02 
 2.144021e+01 -1.687662e-02 
 2.144061e+01 -1.681127e-02 
 2.144100e+01 -1.673090e-02 
 2.144140e+01 -1.664273e-02 
 2.144180e+01 -1.654570e-02 
 2.144220e+01 -1.643106e-02 
 2.144259e+01 -1.628756e-02 
 2.144299e+01 -1.611169e-02 
 2.144339e+01 -1.590806e-02 
 2.144379e+01 -1.568779e-02 
 2.144419e+01 -1.546054e-02 
 2.144458e+01 -1.523107e-02 
 2.144498e+01 -1.499195e-02 
 2.144538e+01 -1.473399e-02 
 2.144578e+01 -1.444905e-02 
 2.144617e+01 -1.413572e-02 
 2.144657e+01 -1.379983e-02 
 2.144697e+01 -1.345233e-02 
 2.144737e+01 -1.310530e-02 
 2.144776e+01 -1.276500e-02 
 2.144816e+01 -1.242992e-02 
 2.144856e+01 -1.209398e-02 
 2.144896e+01 -1.175118e-02 
 2.144936e+01 -1.139703e-02 
 2.144975e+01 -1.103324e-02 
 2.145015e+01 -1.066300e-02 
 2.145055e+01 -1.028847e-02 
 2.145095e+01 -9.901863e-03 
 2.145134e+01 -9.494351e-03 
 2.145174e+01 -9.053987e-03 
 2.145214e+01 -8.574050e-03 
 2.145254e+01 -8.053892e-03 
 2.145294e+01 -7.497419e-03 
 2.145333e+01 -6.910073e-03 
 2.145373e+01 -6.299270e-03 
 2.145413e+01 -5.670103e-03 
 2.145453e+01 -5.019932e-03 
 2.145492e+01 -4.348261e-03 
 2.145532e+01 -3.658019e-03 
 2.145572e+01 -2.957814e-03 
 2.145612e+01 -2.264364e-03 
 2.145651e+01 -1.593837e-03 
 2.145691e+01 -9.507679e-04 
 2.145731e+01 -3.293951e-04 
 2.145771e+01  2.846484e-04 
 2.145811e+01  9.052759e-04 
 2.145850e+01  1.543375e-03 
 2.145890e+01  2.203042e-03 
 2.145930e+01  2.872905e-03 
 2.145970e+01  3.534996e-03 
 2.146009e+01  4.164978e-03 
 2.146049e+01  4.746312e-03 
 2.146089e+01  5.271592e-03 
 2.146129e+01  5.743223e-03 
 2.146168e+01  6.167249e-03 
 2.146208e+01  6.542056e-03 
 2.146248e+01  6.860152e-03 
 2.146288e+01  7.112427e-03 
 2.146328e+01  7.289686e-03 
 2.146367e+01  7.391627e-03 
 2.146407e+01  7.428434e-03 
 2.146447e+01  7.417239e-03 
 2.146487e+01  7.374830e-03 
 2.146526e+01  7.312981e-03 
 2.146566e+01  7.233072e-03 
 2.146606e+01  7.126327e-03 
 2.146646e+01  6.980410e-03 
 2.146685e+01  6.791449e-03 
 2.146725e+01  6.564390e-03 
 2.146765e+01  6.310155e-03 
 2.146805e+01  6.038293e-03 
 2.146845e+01  5.753869e-03 
 2.146884e+01  5.450364e-03 
 2.146924e+01  5.116068e-03 
 2.146964e+01  4.740776e-03 
 2.147004e+01  4.317122e-03 
 2.147043e+01  3.849428e-03 
 2.147083e+01  3.348392e-03 
 2.147123e+01  2.826126e-03 
 2.147163e+01  2.289395e-03 
 2.147202e+01  1.740366e-03 
 2.147242e+01  1.171978e-03 
 2.147282e+01  5.743884e-04 
 2.147322e+01 -6.153475e-05 
 2.147362e+01 -7.331340e-04 
 2.147401e+01 -1.438164e-03 
 2.147441e+01 -2.170485e-03 
 2.147481e+01 -2.929028e-03 
 2.147521e+01 -3.714650e-03 
 2.147560e+01 -4.529251e-03 
 2.147600e+01 -5.375696e-03 
 2.147640e+01 -6.254807e-03 
 2.147680e+01 -7.158430e-03 
 2.147719e+01 -8.077071e-03 
 2.147759e+01 -9.001664e-03 
 2.147799e+01 -9.930133e-03 
 2.147839e+01 -1.086550e-02 
 2.147879e+01 -1.182041e-02 
 2.147918e+01 -1.280741e-02 
 2.147958e+01 -1.383144e-02 
 2.147998e+01 -1.489091e-02 
 2.148038e+01 -1.598339e-02 
 2.148077e+01 -1.710200e-02 
 2.148117e+01 -1.824430e-02 
 2.148157e+01 -1.941092e-02 
 2.148197e+01 -2.059989e-02 
 2.148236e+01 -2.180845e-02 
 2.148276e+01 -2.302615e-02 
 2.148316e+01 -2.423397e-02 
 2.148356e+01 -2.541106e-02 
 2.148396e+01 -2.653717e-02 
 2.148435e+01 -2.760072e-02 
 2.148475e+01 -2.860222e-02 
 2.148515e+01 -2.955159e-02 
 2.148555e+01 -3.045718e-02 
 2.148594e+01 -3.132453e-02 
 2.148634e+01 -3.215183e-02 
 2.148674e+01 -3.293411e-02 
 2.148714e+01 -3.366774e-02 
 2.148753e+01 -3.435816e-02 
 2.148793e+01 -3.501871e-02 
 2.148833e+01 -3.566771e-02 
 2.148873e+01 -3.632322e-02 
 2.148913e+01 -3.699571e-02 
 2.148952e+01 -3.768084e-02 
 2.148992e+01 -3.836352e-02 
 2.149032e+01 -3.902190e-02 
 2.149072e+01 -3.963742e-02 
 2.149111e+01 -4.020105e-02 
 2.149151e+01 -4.071543e-02 
 2.149191e+01 -4.119045e-02 
 2.149231e+01 -4.163621e-02 
 2.149270e+01 -4.205677e-02 
 2.149310e+01 -4.245022e-02 
 2.149350e+01 -4.280610e-02 
 2.149390e+01 -4.311889e-02 
 2.149430e+01 -4.338853e-02 
 2.149469e+01 -4.361954e-02 
 2.149509e+01 -4.382007e-02 
 2.149549e+01 -4.399142e-02 
 2.149589e+01 -4.413264e-02 
 2.149628e+01 -4.423537e-02 
 2.149668e+01 -4.429266e-02 
 2.149708e+01 -4.429914e-02 
 2.149748e+01 -4.425593e-02 
 2.149787e+01 -4.417268e-02 
 2.149827e+01 -4.405938e-02 
 2.149867e+01 -4.392403e-02 
 2.149907e+01 -4.376777e-02 
 2.149947e+01 -4.358628e-02 
 2.149986e+01 -4.337408e-02 
 2.150026e+01 -4.312751e-02 
 2.150066e+01 -4.284305e-02 
 2.150106e+01 -4.251978e-02 
 2.150145e+01 -4.215629e-02 
 2.150185e+01 -4.174622e-02 
 2.150225e+01 -4.127967e-02 
 2.150265e+01 -4.074517e-02 
 2.150304e+01 -4.013487e-02 
 2.150344e+01 -3.944991e-02 
 2.150384e+01 -3.870238e-02 
 2.150424e+01 -3.791102e-02 
 2.150464e+01 -3.709336e-02 
 2.150503e+01 -3.626211e-02 
 2.150543e+01 -3.542434e-02 
 2.150583e+01 -3.458722e-02 
 2.150623e+01 -3.375456e-02 
 2.150662e+01 -3.293479e-02 
 2.150702e+01 -3.214173e-02 
 2.150742e+01 -3.139070e-02 
 2.150782e+01 -3.069258e-02 
 2.150821e+01 -3.005124e-02 
 2.150861e+01 -2.945415e-02 
 2.150901e+01 -2.888467e-02 
 2.150941e+01 -2.832439e-02 
 2.150981e+01 -2.775831e-02 
 2.151020e+01 -2.718408e-02 
 2.151060e+01 -2.660729e-02 
 2.151100e+01 -2.603923e-02 
 2.151140e+01 -2.548747e-02 
 2.151179e+01 -2.495292e-02 
 2.151219e+01 -2.443702e-02 
 2.151259e+01 -2.393668e-02 
 2.151299e+01 -2.344823e-02 
 2.151338e+01 -2.297616e-02 
 2.151378e+01 -2.252467e-02 
 2.151418e+01 -2.210202e-02 
 2.151458e+01 -2.171122e-02 
 2.151498e+01 -2.135089e-02 
 2.151537e+01 -2.101472e-02 
 2.151577e+01 -2.069396e-02 
 2.151617e+01 -2.038522e-02 
 2.151657e+01 -2.009445e-02 
 2.151696e+01 -1.983021e-02 
 2.151736e+01 -1.959932e-02 
 2.151776e+01 -1.940792e-02 
 2.151816e+01 -1.925643e-02 
 2.151855e+01 -1.914088e-02 
 2.151895e+01 -1.905101e-02 
 2.151935e+01 -1.897949e-02 
 2.151975e+01 -1.891780e-02 
 2.152015e+01 -1.886662e-02 
 2.152054e+01 -1.883168e-02 
 2.152094e+01 -1.881798e-02 
 2.152134e+01 -1.882307e-02 
 2.152174e+01 -1.884171e-02 
 2.152213e+01 -1.887049e-02 
 2.152253e+01 -1.890788e-02 
 2.152293e+01 -1.895756e-02 
 2.152333e+01 -1.902554e-02 
 2.152372e+01 -1.912309e-02 
 2.152412e+01 -1.926049e-02 
 2.152452e+01 -1.944437e-02 
 2.152492e+01 -1.967720e-02 
 2.152532e+01 -1.995640e-02 
 2.152571e+01 -2.027964e-02 
 2.152611e+01 -2.064887e-02 
 2.152651e+01 -2.105872e-02 
 2.152691e+01 -2.150064e-02 
 2.152730e+01 -2.195926e-02 
 2.152770e+01 -2.241435e-02 
 2.152810e+01 -2.284425e-02 
 2.152850e+01 -2.323083e-02 
 2.152889e+01 -2.356612e-02 
 2.152929e+01 -2.384934e-02 
 2.152969e+01 -2.408590e-02 
 2.153009e+01 -2.428409e-02 
 2.153049e+01 -2.445159e-02 
 2.153088e+01 -2.459175e-02 
 2.153128e+01 -2.470301e-02 
 2.153168e+01 -2.478342e-02 
 2.153208e+01 -2.483208e-02 
 2.153247e+01 -2.485492e-02 
 2.153287e+01 -2.485898e-02 
 2.153327e+01 -2.484913e-02 
 2.153367e+01 -2.482573e-02 
 2.153406e+01 -2.478071e-02 
 2.153446e+01 -2.470421e-02 
 2.153486e+01 -2.458563e-02 
 2.153526e+01 -2.442028e-02 
 2.153566e+01 -2.421365e-02 
 2.153605e+01 -2.397276e-02 
 2.153645e+01 -2.371007e-02 
 2.153685e+01 -2.343467e-02 
 2.153725e+01 -2.315024e-02 
 2.153764e+01 -2.285318e-02 
 2.153804e+01 -2.253744e-02 
 2.153844e+01 -2.219847e-02 
 2.153884e+01 -2.183672e-02 
 2.153923e+01 -2.145836e-02 
 2.153963e+01 -2.107078e-02 
 2.154003e+01 -2.068165e-02 
 2.154043e+01 -2.029337e-02 
 2.154083e+01 -1.990146e-02 
 2.154122e+01 -1.949555e-02 
 2.154162e+01 -1.906317e-02 
 2.154202e+01 -1.859615e-02 
 2.154242e+01 -1.809210e-02 
 2.154281e+01 -1.755277e-02 
 2.154321e+01 -1.698560e-02 
 2.154361e+01 -1.639999e-02 
 2.154401e+01 -1.580458e-02 
 2.154441e+01 -1.520287e-02 
 2.154480e+01 -1.459513e-02 
 2.154520e+01 -1.397861e-02 
 2.154560e+01 -1.334528e-02 
 2.154600e+01 -1.268716e-02 
 2.154639e+01 -1.199590e-02 
 2.154679e+01 -1.126236e-02 
 2.154719e+01 -1.048114e-02 
 2.154759e+01 -9.648743e-03 
 2.154798e+01 -8.767473e-03 
 2.154838e+01 -7.841284e-03 
 2.154878e+01 -6.876399e-03 
 2.154918e+01 -5.888057e-03 
 2.154958e+01 -4.891959e-03 
 2.154997e+01 -3.901940e-03 
 2.155037e+01 -2.926469e-03 
 2.155077e+01 -1.971449e-03 
 2.155117e+01 -1.038533e-03 
 2.155156e+01 -1.284629e-04 
 2.155196e+01  7.561697e-04 
 2.155236e+01  1.614787e-03 
 2.155276e+01  2.450373e-03 
 2.155315e+01  3.265752e-03 
 2.155355e+01  4.067401e-03 
 2.155395e+01  4.861890e-03 
 2.155435e+01  5.653496e-03 
 2.155475e+01  6.438940e-03 
 2.155514e+01  7.208202e-03 
 2.155554e+01  7.947904e-03 
 2.155594e+01  8.645929e-03 
 2.155634e+01  9.291453e-03 
 2.155673e+01  9.878503e-03 
 2.155713e+01  1.040981e-02 
 2.155753e+01  1.088502e-02 
 2.155793e+01  1.130354e-02 
 2.155832e+01  1.166306e-02 
 2.155872e+01  1.196236e-02 
 2.155912e+01  1.220145e-02 
 2.155952e+01  1.238736e-02 
 2.155992e+01  1.253311e-02 
 2.156031e+01  1.265245e-02 
 2.156071e+01  1.275659e-02 
 2.156111e+01  1.285261e-02 
 2.156151e+01  1.293770e-02 
 2.156190e+01  1.300641e-02 
 2.156230e+01  1.304675e-02 
 2.156270e+01  1.304975e-02 
 2.156310e+01  1.301232e-02 
 2.156349e+01  1.293198e-02 
 2.156389e+01  1.281050e-02 
 2.156429e+01  1.264537e-02 
 2.156469e+01  1.243174e-02 
 2.156509e+01  1.216741e-02 
 2.156548e+01  1.184974e-02 
 2.156588e+01  1.147904e-02 
 2.156628e+01  1.105832e-02 
 2.156668e+01  1.058999e-02 
 2.156707e+01  1.007739e-02 
 2.156747e+01  9.518036e-03 
 2.156787e+01  8.905756e-03 
 2.156827e+01  8.228772e-03 
 2.156866e+01  7.477670e-03 
 2.156906e+01  6.647251e-03 
 2.156946e+01  5.739128e-03 
 2.156986e+01  4.760033e-03 
 2.157026e+01  3.718599e-03 
 2.157065e+01  2.625732e-03 
 2.157105e+01  1.489306e-03 
 2.157145e+01  3.179332e-04 
 2.157185e+01 -8.833680e-04 
 2.157224e+01 -2.109436e-03 
 2.157264e+01 -3.354945e-03 
 2.157304e+01 -4.616846e-03 
 2.157344e+01 -5.889341e-03 
 2.157383e+01 -7.170943e-03 
 2.157423e+01 -8.461747e-03 
 2.157463e+01 -9.762063e-03 
 2.157503e+01 -1.106957e-02 
 2.157543e+01 -1.238582e-02 
 2.157582e+01 -1.370713e-02 
 2.157622e+01 -1.503304e-02 
 2.157662e+01 -1.636368e-02 
 2.157702e+01 -1.769930e-02 
 2.157741e+01 -1.903308e-02 
 2.157781e+01 -2.035766e-02 
 2.157821e+01 -2.166192e-02 
 2.157861e+01 -2.293417e-02 
 2.157900e+01 -2.415913e-02 
 2.157940e+01 -2.532321e-02 
 2.157980e+01 -2.641513e-02 
 2.158020e+01 -2.743049e-02 
 2.158060e+01 -2.837284e-02 
 2.158099e+01 -2.925006e-02 
 2.158139e+01 -3.007199e-02 
 2.158179e+01 -3.084641e-02 
 2.158219e+01 -3.157922e-02 
 2.158258e+01 -3.227536e-02 
 2.158298e+01 -3.294069e-02 
 2.158338e+01 -3.358102e-02 
 2.158378e+01 -3.420169e-02 
 2.158417e+01 -3.481114e-02 
 2.158457e+01 -3.541334e-02 
 2.158497e+01 -3.600906e-02 
 2.158537e+01 -3.659147e-02 
 2.158577e+01 -3.715041e-02 
 2.158616e+01 -3.767440e-02 
 2.158656e+01 -3.815682e-02 
 2.158696e+01 -3.859366e-02 
 2.158736e+01 -3.898447e-02 
 2.158775e+01 -3.933213e-02 
 2.158815e+01 -3.964167e-02 
 2.158855e+01 -3.991201e-02 
 2.158895e+01 -4.013891e-02 
 2.158934e+01 -4.031861e-02 
 2.158974e+01 -4.044425e-02 
 2.159014e+01 -4.051424e-02 
 2.159054e+01 -4.052656e-02 
 2.159094e+01 -4.048393e-02 
 2.159133e+01 -4.038926e-02 
 2.159173e+01 -4.024849e-02 
 2.159213e+01 -4.006563e-02 
 2.159253e+01 -3.984329e-02 
 2.159292e+01 -3.958444e-02 
 2.159332e+01 -3.929051e-02 
 2.159372e+01 -3.896565e-02 
 2.159412e+01 -3.861034e-02 
 2.159451e+01 -3.822683e-02 
 2.159491e+01 -3.781825e-02 
 2.159531e+01 -3.738836e-02 
 2.159571e+01 -3.694082e-02 
 2.159611e+01 -3.647894e-02 
 2.159650e+01 -3.600267e-02 
 2.159690e+01 -3.551097e-02 
 2.159730e+01 -3.500073e-02 
 2.159770e+01 -3.446718e-02 
 2.159809e+01 -3.390424e-02 
 2.159849e+01 -3.330556e-02 
 2.159889e+01 -3.267278e-02 
 2.159929e+01 -3.201294e-02 
 2.159968e+01 -3.133890e-02 
 2.160008e+01 -3.066675e-02 
 2.160048e+01 -3.001454e-02 
 2.160088e+01 -2.939664e-02 
 2.160128e+01 -2.882519e-02 
 2.160167e+01 -2.830632e-02 
 2.160207e+01 -2.784283e-02 
 2.160247e+01 -2.743255e-02 
 2.160287e+01 -2.707262e-02 
 2.160326e+01 -2.675791e-02 
 2.160366e+01 -2.648092e-02 
 2.160406e+01 -2.623254e-02 
 2.160446e+01 -2.600200e-02 
 2.160485e+01 -2.577989e-02 
 2.160525e+01 -2.555796e-02 
 2.160565e+01 -2.533387e-02 
 2.160605e+01 -2.510575e-02 
 2.160645e+01 -2.487468e-02 
 2.160684e+01 -2.464129e-02 
 2.160724e+01 -2.440574e-02 
 2.160764e+01 -2.416663e-02 
 2.160804e+01 -2.392430e-02 
 2.160843e+01 -2.368005e-02 
 2.160883e+01 -2.343564e-02 
 2.160923e+01 -2.319529e-02 
 2.160963e+01 -2.296474e-02 
 2.161002e+01 -2.275020e-02 
 2.161042e+01 -2.255733e-02 
 2.161082e+01 -2.238789e-02 
 2.161122e+01 -2.224328e-02 
 2.161162e+01 -2.212402e-02 
 2.161201e+01 -2.202995e-02 
 2.161241e+01 -2.196272e-02 
 2.161281e+01 -2.192695e-02 
 2.161321e+01 -2.192445e-02 
 2.161360e+01 -2.195996e-02 
 2.161400e+01 -2.203359e-02 
 2.161440e+01 -2.214763e-02 
 2.161480e+01 -2.229452e-02 
 2.161519e+01 -2.246665e-02 
 2.161559e+01 -2.265805e-02 
 2.161599e+01 -2.286563e-02 
 2.161639e+01 -2.308816e-02 
 2.161679e+01 -2.332685e-02 
 2.161718e+01 -2.358225e-02 
 2.161758e+01 -2.385602e-02 
 2.161798e+01 -2.414802e-02 
 2.161838e+01 -2.445781e-02 
 2.161877e+01 -2.478703e-02 
 2.161917e+01 -2.514001e-02 
 2.161957e+01 -2.552288e-02 
 2.161997e+01 -2.593993e-02 
 2.162036e+01 -2.639630e-02 
 2.162076e+01 -2.689094e-02 
 2.162116e+01 -2.741896e-02 
 2.162156e+01 -2.796892e-02 
 2.162196e+01 -2.852638e-02 
 2.162235e+01 -2.907758e-02 
 2.162275e+01 -2.960914e-02 
 2.162315e+01 -3.011007e-02 
 2.162355e+01 -3.057231e-02 
 2.162394e+01 -3.099068e-02 
 2.162434e+01 -3.136297e-02 
 2.162474e+01 -3.168815e-02 
 2.162514e+01 -3.196773e-02 
 2.162553e+01 -3.220262e-02 
 2.162593e+01 -3.239162e-02 
 2.162633e+01 -3.253748e-02 
 2.162673e+01 -3.264257e-02 
 2.162713e+01 -3.270758e-02 
 2.162752e+01 -3.273536e-02 
 2.162792e+01 -3.272954e-02 
 2.162832e+01 -3.269815e-02 
 2.162872e+01 -3.264743e-02 
 2.162911e+01 -3.258730e-02 
 2.162951e+01 -3.252080e-02 
 2.162991e+01 -3.244217e-02 
 2.163031e+01 -3.234500e-02 
 2.163070e+01 -3.222025e-02 
 2.163110e+01 -3.205655e-02 
 2.163150e+01 -3.185090e-02 
 2.163190e+01 -3.160012e-02 
 2.163230e+01 -3.131073e-02 
 2.163269e+01 -3.098944e-02 
 2.163309e+01 -3.063717e-02 
 2.163349e+01 -3.025457e-02 
 2.163389e+01 -2.983608e-02 
 2.163428e+01 -2.937478e-02 
 2.163468e+01 -2.886479e-02 
 2.163508e+01 -2.830708e-02 
 2.163548e+01 -2.770545e-02 
 2.163588e+01 -2.706195e-02 
 2.163627e+01 -2.637977e-02 
 2.163667e+01 -2.565784e-02 
 2.163707e+01 -2.489378e-02 
 2.163747e+01 -2.408494e-02 
 2.163786e+01 -2.323086e-02 
 2.163826e+01 -2.232950e-02 
 2.163866e+01 -2.138310e-02 
 2.163906e+01 -2.039736e-02 
 2.163945e+01 -1.937953e-02 
 2.163985e+01 -1.833406e-02 
 2.164025e+01 -1.726212e-02 
 2.164065e+01 -1.616141e-02 
 2.164105e+01 -1.503037e-02 
 2.164144e+01 -1.386906e-02 
 2.164184e+01 -1.267570e-02 
 2.164224e+01 -1.145119e-02 
 2.164264e+01 -1.020077e-02 
 2.164303e+01 -8.929861e-03 
 2.164343e+01 -7.644926e-03 
 2.164383e+01 -6.353835e-03 
 2.164423e+01 -5.062387e-03 
 2.164462e+01 -3.778573e-03 
 2.164502e+01 -2.514378e-03 
 2.164542e+01 -1.279712e-03 
 2.164582e+01 -8.596723e-05 
 2.164622e+01  1.059068e-03 
 2.164661e+01  2.150616e-03 
 2.164701e+01  3.187541e-03 
 2.164741e+01  4.169232e-03 
 2.164781e+01  5.094280e-03 
 2.164820e+01  5.966862e-03 
 2.164860e+01  6.785655e-03 
 2.164900e+01  7.553124e-03 
 2.164940e+01  8.274777e-03 
 2.164979e+01  8.960162e-03 
 2.165019e+01  9.616773e-03 
 2.165059e+01  1.025295e-02 
 2.165099e+01  1.086953e-02 
 2.165139e+01  1.146051e-02 
 2.165178e+01  1.201370e-02 
 2.165218e+01  1.251840e-02 
 2.165258e+01  1.296279e-02 
 2.165298e+01  1.334479e-02 
 2.165337e+01  1.366633e-02 
 2.165377e+01  1.393245e-02 
 2.165417e+01  1.414865e-02 
 2.165457e+01  1.432118e-02 
 2.165496e+01  1.445312e-02 
 2.165536e+01  1.454850e-02 
 2.165576e+01  1.460845e-02 
 2.165616e+01  1.463585e-02 
 2.165656e+01  1.463473e-02 
 2.165695e+01  1.460914e-02 
 2.165735e+01  1.455709e-02 
 2.165775e+01  1.447200e-02 
 2.165815e+01  1.434738e-02 
 2.165854e+01  1.417758e-02 
 2.165894e+01  1.395996e-02 
 2.165934e+01  1.369775e-02 
 2.165974e+01  1.339559e-02 
 2.166013e+01  1.305570e-02 
 2.166053e+01  1.267457e-02 
 2.166093e+01  1.224757e-02 
 2.166133e+01  1.176092e-02 
 2.166173e+01  1.120242e-02 
 2.166212e+01  1.056499e-02 
 2.166252e+01  9.851989e-03 
 2.166292e+01  9.073900e-03 
 2.166332e+01  8.242967e-03 
 2.166371e+01  7.365506e-03 
 2.166411e+01  6.444596e-03 
 2.166451e+01  5.480950e-03 
 2.166491e+01  4.474023e-03 
 2.166530e+01  3.427197e-03 
 2.166570e+01  2.348269e-03 
 2.166610e+01  1.244983e-03 
 2.166650e+01  1.272749e-04 
 2.166690e+01 -9.974531e-04 
 2.166729e+01 -2.125071e-03 
 2.166769e+01 -3.255375e-03 
 2.166809e+01 -4.387994e-03 
 2.166849e+01 -5.520373e-03 
 2.166888e+01 -6.648015e-03 
 2.166928e+01 -7.762483e-03 
 2.166968e+01 -8.857518e-03 
 2.167008e+01 -9.932088e-03 
 2.167047e+01 -1.098707e-02 
 2.167087e+01 -1.202592e-02 
 2.167127e+01 -1.305482e-02 
 2.167167e+01 -1.407629e-02 
 2.167207e+01 -1.509050e-02 
 2.167246e+01 -1.609747e-02 
 2.167286e+01 -1.709269e-02 
 2.167326e+01 -1.807429e-02 
 2.167366e+01 -1.903964e-02 
 2.167405e+01 -1.998397e-02 
 2.167445e+01 -2.090474e-02 
 2.167485e+01 -2.179856e-02 
 2.167525e+01 -2.265994e-02 
 2.167564e+01 -2.348291e-02 
 2.167604e+01 -2.426488e-02 
 2.167644e+01 -2.500558e-02 
 2.167684e+01 -2.570562e-02 
 2.167724e+01 -2.637198e-02 
 2.167763e+01 -2.701262e-02 
 2.167803e+01 -2.763123e-02 
 2.167843e+01 -2.822720e-02 
 2.167883e+01 -2.880146e-02 
 2.167922e+01 -2.935206e-02 
 2.167962e+01 -2.988394e-02 
 2.168002e+01 -3.040268e-02 
 2.168042e+01 -3.091873e-02 
 2.168081e+01 -3.143827e-02 
 2.168121e+01 -3.196182e-02 
 2.168161e+01 -3.247945e-02 
 2.168201e+01 -3.297178e-02 
 2.168241e+01 -3.341810e-02 
 2.168280e+01 -3.379729e-02 
 2.168320e+01 -3.410013e-02 
 2.168360e+01 -3.432678e-02 
 2.168400e+01 -3.448039e-02 
 2.168439e+01 -3.456780e-02 
 2.168479e+01 -3.459382e-02 
 2.168519e+01 -3.455929e-02 
 2.168559e+01 -3.446342e-02 
 2.168598e+01 -3.430877e-02 
 2.168638e+01 -3.409900e-02 
 2.168678e+01 -3.384041e-02 
 2.168718e+01 -3.354310e-02 
 2.168758e+01 -3.321615e-02 
 2.168797e+01 -3.285915e-02 
 2.168837e+01 -3.247052e-02 
 2.168877e+01 -3.204934e-02 
 2.168917e+01 -3.159543e-02 
 2.168956e+01 -3.111635e-02 
 2.168996e+01 -3.062373e-02 
 2.169036e+01 -3.012948e-02 
 2.169076e+01 -2.964258e-02 
 2.169115e+01 -2.916452e-02 
 2.169155e+01 -2.869094e-02 
 2.169195e+01 -2.821327e-02 
 2.169235e+01 -2.772855e-02 
 2.169275e+01 -2.723477e-02 
 2.169314e+01 -2.673583e-02 
 2.169354e+01 -2.624034e-02 
 2.169394e+01 -2.575461e-02 
 2.169434e+01 -2.527895e-02 
 2.169473e+01 -2.481283e-02 
 2.169513e+01 -2.435506e-02 
 2.169553e+01 -2.390845e-02 
 2.169593e+01 -2.348103e-02 
 2.169632e+01 -2.308379e-02 
 2.169672e+01 -2.272578e-02 
 2.169712e+01 -2.241767e-02 
 2.169752e+01 -2.216075e-02 
 2.169792e+01 -2.195297e-02 
 2.169831e+01 -2.178923e-02 
 2.169871e+01 -2.166553e-02 
 2.169911e+01 -2.158069e-02 
 2.169951e+01 -2.153604e-02 
 2.169990e+01 -2.153484e-02 
 2.170030e+01 -2.157397e-02 
 2.170070e+01 -2.164093e-02 
 2.170110e+01 -2.172275e-02 
 2.170149e+01 -2.180347e-02 
 2.170189e+01 -2.187271e-02 
 2.170229e+01 -2.192692e-02 
 2.170269e+01 -2.196791e-02 
 2.170309e+01 -2.200420e-02 
 2.170348e+01 -2.204697e-02 
 2.170388e+01 -2.210460e-02 
 2.170428e+01 -2.218277e-02 
 2.170468e+01 -2.228333e-02 
 2.170507e+01 -2.241004e-02 
 2.170547e+01 -2.257207e-02 
 2.170587e+01 -2.278318e-02 
 2.170627e+01 -2.305465e-02 
 2.170666e+01 -2.338888e-02 
 2.170706e+01 -2.378578e-02 
 2.170746e+01 -2.423860e-02 
 2.170786e+01 -2.473703e-02 
 2.170826e+01 -2.526995e-02 
 2.170865e+01 -2.583199e-02 
 2.170905e+01 -2.642265e-02 
 2.170945e+01 -2.704591e-02 
 2.170985e+01 -2.770390e-02 
 2.171024e+01 -2.839178e-02 
 2.171064e+01 -2.910026e-02 
 2.171104e+01 -2.981182e-02 
 2.171144e+01 -3.051319e-02 
 2.171183e+01 -3.119597e-02 
 2.171223e+01 -3.186046e-02 
 2.171263e+01 -3.251134e-02 
 2.171303e+01 -3.315867e-02 
 2.171343e+01 -3.380620e-02 
 2.171382e+01 -3.445114e-02 
 2.171422e+01 -3.508609e-02 
 2.171462e+01 -3.570051e-02 
 2.171502e+01 -3.628757e-02 
 2.171541e+01 -3.684563e-02 
 2.171581e+01 -3.737772e-02 
 2.171621e+01 -3.789039e-02 
 2.171661e+01 -3.838456e-02 
 2.171700e+01 -3.885972e-02 
 2.171740e+01 -3.930726e-02 
 2.171780e+01 -3.971586e-02 
 2.171820e+01 -4.007998e-02 
 2.171860e+01 -4.039730e-02 
 2.171899e+01 -4.066802e-02 
 2.171939e+01 -4.089123e-02 
 2.171979e+01 -4.106398e-02 
 2.172019e+01 -4.117834e-02 
 2.172058e+01 -4.122505e-02 
 2.172098e+01 -4.119655e-02 
 2.172138e+01 -4.109209e-02 
 2.172178e+01 -4.092023e-02 
 2.172217e+01 -4.069834e-02 
 2.172257e+01 -4.044124e-02 
 2.172297e+01 -4.016040e-02 
 2.172337e+01 -3.986110e-02 
 2.172377e+01 -3.954342e-02 
 2.172416e+01 -3.920800e-02 
 2.172456e+01 -3.885825e-02 
 2.172496e+01 -3.849967e-02 
 2.172536e+01 -3.813901e-02 
 2.172575e+01 -3.778067e-02 
 2.172615e+01 -3.742170e-02 
 2.172655e+01 -3.704824e-02 
 2.172695e+01 -3.664649e-02 
 2.172735e+01 -3.619955e-02 
 2.172774e+01 -3.569654e-02 
 2.172814e+01 -3.513715e-02 
 2.172854e+01 -3.452756e-02 
 2.172894e+01 -3.387556e-02 
 2.172933e+01 -3.318820e-02 
 2.172973e+01 -3.246765e-02 
 2.173013e+01 -3.170708e-02 
 2.173053e+01 -3.089899e-02 
 2.173092e+01 -3.003966e-02 
 2.173132e+01 -2.913250e-02 
 2.173172e+01 -2.818734e-02 
 2.173212e+01 -2.721515e-02 
 2.173252e+01 -2.622220e-02 
 2.173291e+01 -2.520953e-02 
 2.173331e+01 -2.416655e-02 
 2.173371e+01 -2.308434e-02 
 2.173411e+01 -2.195539e-02 
 2.173450e+01 -2.078113e-02 
 2.173490e+01 -1.957077e-02 
 2.173530e+01 -1.833648e-02 
 2.173570e+01 -1.709282e-02 
 2.173609e+01 -1.584764e-02 
 2.173649e+01 -1.460457e-02 
 2.173689e+01 -1.336246e-02 
 2.173729e+01 -1.212152e-02 
 2.173769e+01 -1.088471e-02 
 2.173808e+01 -9.658283e-03 
 2.173848e+01 -8.450632e-03 
 2.173888e+01 -7.264696e-03 
 2.173928e+01 -6.097902e-03 
 2.173967e+01 -4.946400e-03 
 2.174007e+01 -3.802260e-03 
 2.174047e+01 -2.666333e-03 
 2.174087e+01 -1.548581e-03 
 2.174126e+01 -4.605898e-04 
 2.174166e+01  5.797522e-04 
 2.174206e+01  1.559363e-03 
 2.174246e+01  2.472303e-03 
 2.174286e+01  3.322852e-03 
 2.174325e+01  4.119972e-03 
 2.174365e+01  4.873234e-03 
 2.174405e+01  5.591618e-03 
 2.174445e+01  6.278293e-03 
 2.174484e+01  6.931121e-03 
 2.174524e+01  7.549824e-03 
 2.174564e+01  8.136903e-03 
 2.174604e+01  8.702407e-03 
 2.174643e+01  9.254931e-03 
 2.174683e+01  9.802185e-03 
 2.174723e+01  1.034228e-02 
 2.174763e+01  1.086518e-02 
 2.174803e+01  1.135682e-02 
 2.174842e+01  1.180264e-02 
 2.174882e+01  1.219540e-02 
 2.174922e+01  1.253168e-02 
 2.174962e+01  1.281162e-02 
 2.175001e+01  1.303720e-02 
 2.175041e+01  1.320735e-02 
 2.175081e+01  1.331761e-02 
 2.175121e+01  1.335982e-02 
 2.175160e+01  1.333349e-02 
 2.175200e+01  1.324585e-02 
 2.175240e+01  1.311101e-02 
 2.175280e+01  1.294806e-02 
 2.175320e+01  1.276770e-02 
 2.175359e+01  1.256640e-02 
 2.175399e+01  1.233381e-02 
 2.175439e+01  1.205274e-02 
 2.175479e+01  1.171089e-02 
 2.175518e+01  1.129932e-02 
 2.175558e+01  1.081906e-02 
 2.175598e+01  1.027290e-02 
 2.175638e+01  9.663611e-03 
 2.175677e+01  8.993147e-03 
 2.175717e+01  8.258267e-03 
 2.175757e+01  7.455318e-03 
 2.175797e+01  6.586241e-03 
 2.175837e+01  5.657362e-03 
 2.175876e+01  4.686778e-03 
 2.175916e+01  3.693562e-03 
 2.175956e+01  2.692846e-03 
 2.175996e+01  1.689927e-03 
 2.176035e+01  6.827322e-04 
 2.176075e+01 -3.347353e-04 
 2.176115e+01 -1.366883e-03 
 2.176155e+01 -2.409891e-03 
 2.176194e+01 -3.449551e-03 
 2.176234e+01 -4.467474e-03 
 2.176274e+01 -5.450262e-03 
 2.176314e+01 -6.388176e-03 
 2.176354e+01 -7.285856e-03 
 2.176393e+01 -8.151978e-03 
 2.176433e+01 -8.997357e-03 
 2.176473e+01 -9.825218e-03 
 2.176513e+01 -1.062981e-02 
 2.176552e+01 -1.140429e-02 
 2.176592e+01 -1.214082e-02 
 2.176632e+01 -1.284168e-02 
 2.176672e+01 -1.351345e-02 
 2.176711e+01 -1.416707e-02 
 2.176751e+01 -1.481272e-02 
 2.176791e+01 -1.545540e-02 
 2.176831e+01 -1.609056e-02 
 2.176871e+01 -1.670952e-02 
 2.176910e+01 -1.731113e-02 
 2.176950e+01 -1.789834e-02 
 2.176990e+01 -1.848082e-02 
 2.177030e+01 -1.906232e-02 
 2.177069e+01 -1.964203e-02 
 2.177109e+01 -2.020669e-02 
 2.177149e+01 -2.073352e-02 
 2.177189e+01 -2.120171e-02 
 2.177228e+01 -2.159799e-02 
 2.177268e+01 -2.192187e-02 
 2.177308e+01 -2.218556e-02 
 2.177348e+01 -2.241442e-02 
 2.177388e+01 -2.263180e-02 
 2.177427e+01 -2.284993e-02 
 2.177467e+01 -2.306981e-02 
 2.177507e+01 -2.328364e-02 
 2.177547e+01 -2.348438e-02 
 2.177586e+01 -2.366906e-02 
 2.177626e+01 -2.384216e-02 
 2.177666e+01 -2.400914e-02 
 2.177706e+01 -2.417141e-02 
 2.177745e+01 -2.431847e-02 
 2.177785e+01 -2.443522e-02 
 2.177825e+01 -2.449754e-02 
 2.177865e+01 -2.448786e-02 
 2.177905e+01 -2.440159e-02 
 2.177944e+01 -2.424804e-02 
 2.177984e+01 -2.404425e-02 
 2.178024e+01 -2.380614e-02 
 2.178064e+01 -2.354664e-02 
 2.178103e+01 -2.326719e-02 
 2.178143e+01 -2.295926e-02 
 2.178183e+01 -2.262119e-02 
 2.178223e+01 -2.225919e-02 
 2.178262e+01 -2.188676e-02 
 2.178302e+01 -2.152450e-02 
 2.178342e+01 -2.118981e-02 
 2.178382e+01 -2.089076e-02 
 2.178422e+01 -2.062108e-02 
 2.178461e+01 -2.036931e-02 
 2.178501e+01 -2.012579e-02 
 2.178541e+01 -1.988991e-02 
 2.178581e+01 -1.966694e-02 
 2.178620e+01 -1.947271e-02 
 2.178660e+01 -1.931857e-02 
 2.178700e+01 -1.920835e-02 
 2.178740e+01 -1.913709e-02 
 2.178779e+01 -1.909402e-02 
 2.178819e+01 -1.907284e-02 
 2.178859e+01 -1.906761e-02 
 2.178899e+01 -1.907962e-02 
 2.178939e+01 -1.911490e-02 
 2.178978e+01 -1.917382e-02 
 2.179018e+01 -1.925090e-02 
 2.179058e+01 -1.932986e-02 
 2.179098e+01 -1.939276e-02 
 2.179137e+01 -1.942633e-02 
 2.179177e+01 -1.943750e-02 
 2.179217e+01 -1.944417e-02 
 2.179257e+01 -1.947094e-02 
 2.179296e+01 -1.954108e-02 
 2.179336e+01 -1.966349e-02 
 2.179376e+01 -1.983573e-02 
 2.179416e+01 -2.004393e-02 
 2.179456e+01 -2.027063e-02 
 2.179495e+01 -2.050774e-02 
 2.179535e+01 -2.074943e-02 
 2.179575e+01 -2.100251e-02 
 2.179615e+01 -2.127086e-02 
 2.179654e+01 -2.155097e-02 
 2.179694e+01 -2.182972e-02 
 2.179734e+01 -2.209426e-02 
 2.179774e+01 -2.233456e-02 
 2.179813e+01 -2.255141e-02 
 2.179853e+01 -2.275478e-02 
 2.179893e+01 -2.296734e-02 
 2.179933e+01 -2.320697e-02 
 2.179973e+01 -2.348213e-02 
 2.180012e+01 -2.379468e-02 
 2.180052e+01 -2.414129e-02 
 2.180092e+01 -2.451566e-02 
 2.180132e+01 -2.492175e-02 
 2.180171e+01 -2.537173e-02 
 2.180211e+01 -2.588628e-02 
 2.180251e+01 -2.647367e-02 
 2.180291e+01 -2.713608e-02 
 2.180330e+01 -2.785914e-02 
 2.180370e+01 -2.861863e-02 
 2.180410e+01 -2.939046e-02 
 2.180450e+01 -3.016051e-02 
 2.180490e+01 -3.092535e-02 
 2.180529e+01 -3.169355e-02 
 2.180569e+01 -3.246808e-02 
 2.180609e+01 -3.325364e-02 
 2.180649e+01 -3.403972e-02 
 2.180688e+01 -3.480631e-02 
 2.180728e+01 -3.553607e-02 
 2.180768e+01 -3.622250e-02 
 2.180808e+01 -3.686759e-02 
 2.180847e+01 -3.748173e-02 
 2.180887e+01 -3.807679e-02 
 2.180927e+01 -3.865165e-02 
 2.180967e+01 -3.920119e-02 
 2.181007e+01 -3.971172e-02 
 2.181046e+01 -4.017710e-02 
 2.181086e+01 -4.059458e-02 
 2.181126e+01 -4.097208e-02 
 2.181166e+01 -4.132753e-02 
 2.181205e+01 -4.167848e-02 
 2.181245e+01 -4.203510e-02 
 2.181285e+01 -4.239269e-02 
 2.181325e+01 -4.273714e-02 
 2.181364e+01 -4.305515e-02 
 2.181404e+01 -4.333548e-02 
 2.181444e+01 -4.357766e-02 
 2.181484e+01 -4.378541e-02 
 2.181524e+01 -4.395839e-02 
 2.181563e+01 -4.409222e-02 
 2.181603e+01 -4.417957e-02 
 2.181643e+01 -4.420880e-02 
 2.181683e+01 -4.416970e-02 
 2.181722e+01 -4.406318e-02 
 2.181762e+01 -4.390253e-02 
 2.181802e+01 -4.370555e-02 
 2.181842e+01 -4.349362e-02 
 2.181882e+01 -4.327633e-02 
 2.181921e+01 -4.305392e-02 
 2.181961e+01 -4.281428e-02 
 2.182001e+01 -4.254644e-02 
 2.182041e+01 -4.224712e-02 
 2.182080e+01 -4.191931e-02 
 2.182120e+01 -4.156962e-02 
 2.182160e+01 -4.120534e-02 
 2.182200e+01 -4.081962e-02 
 2.182239e+01 -4.039563e-02 
 2.182279e+01 -3.991279e-02 
 2.182319e+01 -3.934620e-02 
 2.182359e+01 -3.868416e-02 
 2.182399e+01 -3.793004e-02 
 2.182438e+01 -3.710227e-02 
 2.182478e+01 -3.622422e-02 
 2.182518e+01 -3.531155e-02 
 2.182558e+01 -3.436735e-02 
 2.182597e+01 -3.338595e-02 
 2.182637e+01 -3.235918e-02 
 2.182677e+01 -3.128263e-02 
 2.182717e+01 -3.016308e-02 
 2.182756e+01 -2.901411e-02 
 2.182796e+01 -2.785153e-02 
 2.182836e+01 -2.668552e-02 
 2.182876e+01 -2.551899e-02 
 2.182916e+01 -2.434150e-02 
 2.182955e+01 -2.314215e-02 
 2.182995e+01 -2.191963e-02 
 2.183035e+01 -2.068166e-02 
 2.183075e+01 -1.944722e-02 
 2.183114e+01 -1.824013e-02 
 2.183154e+01 -1.707514e-02 
 2.183194e+01 -1.595579e-02 
 2.183234e+01 -1.487751e-02 
 2.183273e+01 -1.382584e-02 
 2.183313e+01 -1.279509e-02 
 2.183353e+01 -1.178598e-02 
 2.183393e+01 -1.080611e-02 
 2.183433e+01 -9.867188e-03 
 2.183472e+01 -8.972422e-03 
 2.183512e+01 -8.114821e-03 
 2.183552e+01 -7.281157e-03 
 2.183592e+01 -6.458493e-03 
 2.183631e+01 -5.643269e-03 
 2.183671e+01 -4.841224e-03 
 2.183711e+01 -4.069486e-03 
 2.183751e+01 -3.343707e-03 
 2.183790e+01 -2.671605e-03 
 2.183830e+01 -2.049208e-03 
 2.183870e+01 -1.463902e-03 
 2.183910e+01 -8.976115e-04 
 2.183950e+01 -3.400927e-04 
 2.183989e+01  2.072624e-04 
 2.184029e+01  7.378137e-04 
 2.184069e+01  1.244343e-03 
 2.184109e+01  1.725936e-03 
 2.184148e+01  2.192757e-03 
 2.184188e+01  2.661746e-03 
 2.184228e+01  3.147379e-03 
 2.184268e+01  3.646105e-03 
 2.184307e+01  4.140744e-03 
 2.184347e+01  4.606453e-03 
 2.184387e+01  5.016938e-03 
 2.184427e+01  5.356053e-03 
 2.184467e+01  5.622887e-03 
 2.184506e+01  5.826300e-03 
 2.184546e+01  5.979439e-03 
 2.184586e+01  6.092284e-03 
 2.184626e+01  6.164245e-03 
 2.184665e+01  6.189096e-03 
 2.184705e+01  6.158487e-03 
 2.184745e+01  6.072399e-03 
 2.184785e+01  5.946662e-03 
 2.184824e+01  5.797646e-03 
 2.184864e+01  5.639524e-03 
 2.184904e+01  5.478943e-03 
 2.184944e+01  5.308114e-03 
 2.184984e+01  5.109849e-03 
 2.185023e+01  4.864791e-03 
 2.185063e+01  4.567238e-03 
 2.185103e+01  4.217294e-03 
 2.185143e+01  3.827547e-03 
 2.185182e+01  3.415178e-03 
 2.185222e+01  2.986997e-03 
 2.185262e+01  2.542830e-03 
 2.185302e+01  2.072345e-03 
 2.185341e+01  1.564466e-03 
 2.185381e+01  1.016061e-03 
 2.185421e+01  4.346530e-04 
 2.185461e+01 -1.619957e-04 
 2.185501e+01 -7.503248e-04 
 2.185540e+01 -1.313957e-03 
 2.185580e+01 -1.850050e-03 
 2.185620e+01 -2.365597e-03 
 2.185660e+01 -2.869197e-03 
 2.185699e+01 -3.368462e-03 
 2.185739e+01 -3.863186e-03 
 2.185779e+01 -4.346108e-03 
 2.185819e+01 -4.808728e-03 
 2.185858e+01 -5.242562e-03 
 2.185898e+01 -5.649334e-03 
 2.185938e+01 -6.036141e-03 
 2.185978e+01 -6.416310e-03 
 2.186018e+01 -6.801043e-03 
 2.186057e+01 -7.190533e-03 
 2.186097e+01 -7.579657e-03 
 2.186137e+01 -7.961182e-03 
 2.186177e+01 -8.333545e-03 
 2.186216e+01 -8.705900e-03 
 2.186256e+01 -9.096406e-03 
 2.186296e+01 -9.520862e-03 
 2.186336e+01 -9.989269e-03 
 2.186375e+01 -1.050226e-02 
 2.186415e+01 -1.104769e-02 
 2.186455e+01 -1.160808e-02 
 2.186495e+01 -1.216873e-02 
 2.186535e+01 -1.272392e-02 
 2.186574e+01 -1.326909e-02 
 2.186614e+01 -1.380472e-02 
 2.186654e+01 -1.432602e-02 
 2.186694e+01 -1.482047e-02 
 2.186733e+01 -1.526954e-02 
 2.186773e+01 -1.565456e-02 
 2.186813e+01 -1.596804e-02 
 2.186853e+01 -1.621355e-02 
 2.186892e+01 -1.640854e-02 
 2.186932e+01 -1.657272e-02 
 2.186972e+01 -1.672026e-02 
 2.187012e+01 -1.685284e-02 
 2.187052e+01 -1.696377e-02 
 2.187091e+01 -1.704509e-02 
 2.187131e+01 -1.709000e-02 
 2.187171e+01 -1.710111e-02 
 2.187211e+01 -1.709257e-02 
 2.187250e+01 -1.707926e-02 
 2.187290e+01 -1.706826e-02 
 2.187330e+01 -1.705531e-02 
 2.187370e+01 -1.702276e-02 
 2.187409e+01 -1.695100e-02 
 2.187449e+01 -1.681920e-02 
 2.187489e+01 -1.662449e-02 
 2.187529e+01 -1.637552e-02 
 2.187569e+01 -1.608807e-02 
 2.187608e+01 -1.578094e-02 
 2.187648e+01 -1.546708e-02 
 2.187688e+01 -1.515625e-02 
 2.187728e+01 -1.484894e-02 
 2.187767e+01 -1.454621e-02 
 2.187807e+01 -1.425544e-02 
 2.187847e+01 -1.398481e-02 
 2.187887e+01 -1.374574e-02 
 2.187926e+01 -1.354600e-02 
 2.187966e+01 -1.338684e-02 
 2.188006e+01 -1.326363e-02 
 2.188046e+01 -1.316592e-02 
 2.188086e+01 -1.308893e-02 
 2.188125e+01 -1.303481e-02 
 2.188165e+01 -1.300746e-02 
 2.188205e+01 -1.301861e-02 
 2.188245e+01 -1.307394e-02 
 2.188284e+01 -1.317479e-02 
 2.188324e+01 -1.330996e-02 
 2.188364e+01 -1.346623e-02 
 2.188404e+01 -1.362286e-02 
 2.188443e+01 -1.376686e-02 
 2.188483e+01 -1.389810e-02 
 2.188523e+01 -1.402020e-02 
 2.188563e+01 -1.414076e-02 
 2.188603e+01 -1.426382e-02 
 2.188642e+01 -1.438952e-02 
 2.188682e+01 -1.451279e-02 
 2.188722e+01 -1.463066e-02 
 2.188762e+01 -1.474613e-02 
 2.188801e+01 -1.486856e-02 
 2.188841e+01 -1.501553e-02 
 2.188881e+01 -1.519969e-02 
 2.188921e+01 -1.543177e-02 
 2.188960e+01 -1.570697e-02 
 2.189000e+01 -1.601431e-02 
 2.189040e+01 -1.634321e-02 
 2.189080e+01 -1.669176e-02 
 2.189120e+01 -1.706442e-02 
 2.189159e+01 -1.746918e-02 
 2.189199e+01 -1.791420e-02 
 2.189239e+01 -1.839955e-02 
 2.189279e+01 -1.891333e-02 
 2.189318e+01 -1.943937e-02 
 2.189358e+01 -1.996317e-02 
 2.189398e+01 -2.047914e-02 
 2.189438e+01 -2.099565e-02 
 2.189477e+01 -2.153294e-02 
 2.189517e+01 -2.210982e-02 
 2.189557e+01 -2.273769e-02 
 2.189597e+01 -2.341637e-02 
 2.189637e+01 -2.413593e-02 
 2.189676e+01 -2.488643e-02 
 2.189716e+01 -2.565958e-02 
 2.189756e+01 -2.645703e-02 
 2.189796e+01 -2.728501e-02 
 2.189835e+01 -2.814555e-02 
 2.189875e+01 -2.903253e-02 
 2.189915e+01 -2.993342e-02 
 2.189955e+01 -3.082609e-02 
 2.189994e+01 -3.169060e-02 
 2.190034e+01 -3.251331e-02 
 2.190074e+01 -3.329379e-02 
 2.190114e+01 -3.403754e-02 
 2.190154e+01 -3.475451e-02 
 2.190193e+01 -3.544644e-02 
 2.190233e+01 -3.610822e-02 
 2.190273e+01 -3.671996e-02 
 2.190313e+01 -3.726644e-02 
 2.190352e+01 -3.774340e-02 
 2.190392e+01 -3.815760e-02 
 2.190432e+01 -3.852542e-02 
 2.190472e+01 -3.886532e-02 
 2.190511e+01 -3.919453e-02 
 2.190551e+01 -3.951998e-02 
 2.190591e+01 -3.983959e-02 
 2.190631e+01 -4.014930e-02 
 2.190671e+01 -4.044629e-02 
 2.190710e+01 -4.073264e-02 
 2.190750e+01 -4.101399e-02 
 2.190790e+01 -4.129818e-02 
 2.190830e+01 -4.158678e-02 
 2.190869e+01 -4.187462e-02 
 2.190909e+01 -4.215237e-02 
 2.190949e+01 -4.241369e-02 
 2.190989e+01 -4.265217e-02 
 2.191028e+01 -4.286906e-02 
 2.191068e+01 -4.307064e-02 
 2.191108e+01 -4.326018e-02 
 2.191148e+01 -4.343343e-02 
 2.191188e+01 -4.358291e-02 
 2.191227e+01 -4.369616e-02 
 2.191267e+01 -4.376338e-02 
 2.191307e+01 -4.378578e-02 
 2.191347e+01 -4.377088e-02 
 2.191386e+01 -4.372800e-02 
 2.191426e+01 -4.366789e-02 
 2.191466e+01 -4.359551e-02 
 2.191506e+01 -4.350854e-02 
 2.191546e+01 -4.339766e-02 
 2.191585e+01 -4.325304e-02 
 2.191625e+01 -4.307297e-02 
 2.191665e+01 -4.285837e-02 
 2.191705e+01 -4.261326e-02 
 2.191744e+01 -4.233877e-02 
 2.191784e+01 -4.202627e-02 
 2.191824e+01 -4.166238e-02 
 2.191864e+01 -4.122721e-02 
 2.191903e+01 -4.070919e-02 
 2.191943e+01 -4.010233e-02 
 2.191983e+01 -3.941205e-02 
 2.192023e+01 -3.865587e-02 
 2.192063e+01 -3.785303e-02 
 2.192102e+01 -3.701843e-02 
 2.192142e+01 -3.615657e-02 
 2.192182e+01 -3.526284e-02 
 2.192222e+01 -3.433282e-02 
 2.192261e+01 -3.336969e-02 
 2.192301e+01 -3.238453e-02 
 2.192341e+01 -3.139747e-02 
 2.192381e+01 -3.042332e-02 
 2.192420e+01 -2.947237e-02 
 2.192460e+01 -2.854540e-02 
 2.192500e+01 -2.763400e-02 
 2.192540e+01 -2.672781e-02 
 2.192580e+01 -2.581954e-02 
 2.192619e+01 -2.490888e-02 
 2.192659e+01 -2.400039e-02 
 2.192699e+01 -2.310624e-02 
 2.192739e+01 -2.223123e-02 
 2.192778e+01 -2.137230e-02 
 2.192818e+01 -2.052167e-02 
 2.192858e+01 -1.966783e-02 
 2.192898e+01 -1.880449e-02 
 2.192937e+01 -1.793386e-02 
 2.192977e+01 -1.706135e-02 
 2.193017e+01 -1.619472e-02 
 2.193057e+01 -1.533336e-02 
 2.193097e+01 -1.447459e-02 
 2.193136e+01 -1.361176e-02 
 2.193176e+01 -1.273829e-02 
 2.193216e+01 -1.185366e-02 
 2.193256e+01 -1.096246e-02 
 2.193295e+01 -1.007903e-02 
 2.193335e+01 -9.214886e-03 
 2.193375e+01 -8.375282e-03 
 2.193415e+01 -7.559347e-03 
 2.193454e+01 -6.761424e-03 
 2.193494e+01 -5.971086e-03 
 2.193534e+01 -5.182258e-03 
 2.193574e+01 -4.396760e-03 
 2.193614e+01 -3.622244e-03 
 2.193653e+01 -2.866381e-03 
 2.193693e+01 -2.138906e-03 
 2.193733e+01 -1.442794e-03 
 2.193773e+01 -7.759971e-04 
 2.193812e+01 -1.372460e-04 
 2.193852e+01  4.694854e-04 
 2.193892e+01  1.032688e-03 
 2.193932e+01  1.540456e-03 
 2.193971e+01  1.976543e-03 
 2.194011e+01  2.333513e-03 
 2.194051e+01  2.612550e-03 
 2.194091e+01  2.818983e-03 
 2.194131e+01  2.959126e-03 
 2.194170e+01  3.037218e-03 
 2.194210e+01  3.053555e-03 
 2.194250e+01  3.003809e-03 
 2.194290e+01  2.886906e-03 
 2.194329e+01  2.705031e-03 
 2.194369e+01  2.475540e-03 
 2.194409e+01  2.215751e-03 
 2.194449e+01  1.946130e-03 
 2.194488e+01  1.676503e-03 
 2.194528e+01  1.411251e-03 
 2.194568e+01  1.142833e-03 
 2.194608e+01  8.628975e-04 
 2.194648e+01  5.653211e-04 
 2.194687e+01  2.531322e-04 
 2.194727e+01 -7.284437e-05 
 2.194767e+01 -4.062238e-04 
 2.194807e+01 -7.424260e-04 
 2.194846e+01 -1.081214e-03 
 2.194886e+01 -1.427634e-03 
 2.194926e+01 -1.789263e-03 
 2.194966e+01 -2.169163e-03 
 2.195005e+01 -2.561559e-03 
 2.195045e+01 -2.954164e-03 
 2.195085e+01 -3.334405e-03 
 2.195125e+01 -3.689998e-03 
 2.195165e+01 -4.015290e-03 
 2.195204e+01 -4.312426e-03 
 2.195244e+01 -4.589936e-03 
 2.195284e+01 -4.855261e-03 
 2.195324e+01 -5.113657e-03 
 2.195363e+01 -5.366970e-03 
 2.195403e+01 -5.610892e-03 
 2.195443e+01 -5.842060e-03 
 2.195483e+01 -6.060238e-03 
 2.195522e+01 -6.273184e-03 
 2.195562e+01 -6.492223e-03 
 2.195602e+01 -6.729144e-03 
 2.195642e+01 -6.992658e-03 
 2.195682e+01 -7.284241e-03 
 2.195721e+01 -7.601984e-03 
 2.195761e+01 -7.943044e-03 
 2.195801e+01 -8.301625e-03 
 2.195841e+01 -8.676802e-03 
 2.195880e+01 -9.065972e-03 
 2.195920e+01 -9.465777e-03 
 2.195960e+01 -9.869655e-03 
 2.196000e+01 -1.026998e-02 
 2.196039e+01 -1.066139e-02 
 2.196079e+01 -1.103822e-02 
 2.196119e+01 -1.139947e-02 
 2.196159e+01 -1.174172e-02 
 2.196199e+01 -1.206198e-02 
 2.196238e+01 -1.235686e-02 
 2.196278e+01 -1.261371e-02 
 2.196318e+01 -1.281907e-02 
 2.196358e+01 -1.296038e-02 
 2.196397e+01 -1.303050e-02 
 2.196437e+01 -1.303057e-02 
 2.196477e+01 -1.297011e-02 
 2.196517e+01 -1.286631e-02 
 2.196556e+01 -1.273532e-02 
 2.196596e+01 -1.258950e-02 
 2.196636e+01 -1.243925e-02 
 2.196676e+01 -1.229075e-02 
 2.196716e+01 -1.214585e-02 
 2.196755e+01 -1.201074e-02 
 2.196795e+01 -1.189062e-02 
 2.196835e+01 -1.179331e-02 
 2.196875e+01 -1.171909e-02 
 2.196914e+01 -1.166045e-02 
 2.196954e+01 -1.160500e-02 
 2.196994e+01 -1.153771e-02 
 2.197034e+01 -1.144474e-02 
 2.197073e+01 -1.132341e-02 
 2.197113e+01 -1.118020e-02 
 2.197153e+01 -1.102703e-02 
 2.197193e+01 -1.087603e-02 
 2.197233e+01 -1.073611e-02 
 2.197272e+01 -1.061021e-02 
 2.197312e+01 -1.049617e-02 
 2.197352e+01 -1.039193e-02 
 2.197392e+01 -1.029804e-02 
 2.197431e+01 -1.022087e-02 
 2.197471e+01 -1.016859e-02 
 2.197511e+01 -1.014897e-02 
 2.197551e+01 -1.016115e-02 
 2.197590e+01 -1.020247e-02 
 2.197630e+01 -1.026204e-02 
 2.197670e+01 -1.033118e-02 
 2.197710e+01 -1.040281e-02 
 2.197750e+01 -1.047314e-02 
 2.197789e+01 -1.053596e-02 
 2.197829e+01 -1.058770e-02 
 2.197869e+01 -1.062401e-02 
 2.197909e+01 -1.064041e-02 
 2.197948e+01 -1.063511e-02 
 2.197988e+01 -1.060779e-02 
 2.198028e+01 -1.056243e-02 
 2.198068e+01 -1.050429e-02 
 2.198107e+01 -1.043745e-02 
 2.198147e+01 -1.036641e-02 
 2.198187e+01 -1.028983e-02 
 2.198227e+01 -1.020765e-02 
 2.198267e+01 -1.012057e-02 
 2.198306e+01 -1.003328e-02 
 2.198346e+01 -9.957013e-03 
 2.198386e+01 -9.903606e-03 
 2.198426e+01 -9.886610e-03 
 2.198465e+01 -9.916193e-03 
 2.198505e+01 -1.000194e-02 
 2.198545e+01 -1.014628e-02 
 2.198585e+01 -1.035750e-02 
 2.198624e+01 -1.063530e-02 
 2.198664e+01 -1.098010e-02 
 2.198704e+01 -1.139114e-02 
 2.198744e+01 -1.186244e-02 
 2.198784e+01 -1.238549e-02 
 2.198823e+01 -1.294676e-02 
 2.198863e+01 -1.353680e-02 
 2.198903e+01 -1.414656e-02 
 2.198943e+01 -1.477404e-02 
 2.198982e+01 -1.542447e-02 
 2.199022e+01 -1.609953e-02 
 2.199062e+01 -1.680414e-02 
 2.199102e+01 -1.753938e-02 
 2.199141e+01 -1.830116e-02 
 2.199181e+01 -1.908444e-02 
 2.199221e+01 -1.988470e-02 
 2.199261e+01 -2.070130e-02 
 2.199301e+01 -2.153891e-02 
 2.199340e+01 -2.240700e-02 
 2.199380e+01 -2.331177e-02 
 2.199420e+01 -2.425240e-02 
 2.199460e+01 -2.522237e-02 
 2.199499e+01 -2.620323e-02 
 2.199539e+01 -2.717867e-02 
 2.199579e+01 -2.813217e-02 
 2.199619e+01 -2.905077e-02 
 2.199658e+01 -2.992740e-02 
 2.199698e+01 -3.076272e-02 
 2.199738e+01 -3.155954e-02 
 2.199778e+01 -3.232006e-02 
 2.199818e+01 -3.304704e-02 
 2.199857e+01 -3.374188e-02 
 2.199897e+01 -3.440793e-02 
 2.199937e+01 -3.505505e-02 
 2.199977e+01 -3.569826e-02 
 2.200016e+01 -3.635063e-02 
 2.200056e+01 -3.702012e-02 
 2.200096e+01 -3.770983e-02 
 2.200136e+01 -3.841266e-02 
 2.200175e+01 -3.912224e-02 
 2.200215e+01 -3.982853e-02 
 2.200255e+01 -4.052475e-02 
 2.200295e+01 -4.120569e-02 
 2.200335e+01 -4.186994e-02 
 2.200374e+01 -4.251708e-02 
 2.200414e+01 -4.314358e-02 
 2.200454e+01 -4.374803e-02 
 2.200494e+01 -4.432594e-02 
 2.200533e+01 -4.487278e-02 
 2.200573e+01 -4.538732e-02 
 2.200613e+01 -4.586821e-02 
 2.200653e+01 -4.630939e-02 
 2.200693e+01 -4.670126e-02 
 2.200732e+01 -4.703388e-02 
 2.200772e+01 -4.729848e-02 
 2.200812e+01 -4.749205e-02 
 2.200852e+01 -4.761761e-02 
 2.200891e+01 -4.767652e-02 
 2.200931e+01 -4.767497e-02 
 2.200971e+01 -4.761724e-02 
 2.201011e+01 -4.750446e-02 
 2.201050e+01 -4.733749e-02 
 2.201090e+01 -4.711691e-02 
 2.201130e+01 -4.684369e-02 
 2.201170e+01 -4.652339e-02 
 2.201210e+01 -4.616659e-02 
 2.201249e+01 -4.578084e-02 
 2.201289e+01 -4.536681e-02 
 2.201329e+01 -4.492117e-02 
 2.201369e+01 -4.443321e-02 
 2.201408e+01 -4.389391e-02 
 2.201448e+01 -4.329651e-02 
 2.201488e+01 -4.264082e-02 
 2.201528e+01 -4.192623e-02 
 2.201567e+01 -4.116045e-02 
 2.201607e+01 -4.035527e-02 
 2.201647e+01 -3.951805e-02 
 2.201687e+01 -3.866314e-02 
 2.201727e+01 -3.780113e-02 
 2.201766e+01 -3.693907e-02 
 2.201806e+01 -3.608714e-02 
 2.201846e+01 -3.525336e-02 
 2.201886e+01 -3.444097e-02 
 2.201925e+01 -3.365146e-02 
 2.201965e+01 -3.288162e-02 
 2.202005e+01 -3.212747e-02 
 2.202045e+01 -3.137979e-02 
 2.202084e+01 -3.063533e-02 
 2.202124e+01 -2.988726e-02 
 2.202164e+01 -2.912817e-02 
 2.202204e+01 -2.835425e-02 
 2.202244e+01 -2.756576e-02 
 2.202283e+01 -2.676195e-02 
 2.202323e+01 -2.594359e-02 
 2.202363e+01 -2.511155e-02 
 2.202403e+01 -2.426616e-02 
 2.202442e+01 -2.340576e-02 
 2.202482e+01 -2.253043e-02 
 2.202522e+01 -2.163993e-02 
 2.202562e+01 -2.073779e-02 
 2.202601e+01 -1.982688e-02 
 2.202641e+01 -1.891326e-02 
 2.202681e+01 -1.799949e-02 
 2.202721e+01 -1.708701e-02 
 2.202761e+01 -1.617472e-02 
 2.202800e+01 -1.526307e-02 
 2.202840e+01 -1.435579e-02 
 2.202880e+01 -1.345271e-02 
 2.202920e+01 -1.255485e-02 
 2.202959e+01 -1.166833e-02 
 2.202999e+01 -1.079912e-02 
 2.203039e+01 -9.951903e-03 
 2.203079e+01 -9.136658e-03 
 2.203118e+01 -8.358987e-03 
 2.203158e+01 -7.622475e-03 
 2.203198e+01 -6.928402e-03 
 2.203238e+01 -6.272530e-03 
 2.203278e+01 -5.651800e-03 
 2.203317e+01 -5.061770e-03 
 2.203357e+01 -4.501299e-03 
 2.203397e+01 -3.970605e-03 
 2.203437e+01 -3.476671e-03 
 2.203476e+01 -3.025411e-03 
 2.203516e+01 -2.621972e-03 
 2.203556e+01 -2.272665e-03 
 2.203596e+01 -1.979411e-03 
 2.203635e+01 -1.743783e-03 
 2.203675e+01 -1.567025e-03 
 2.203715e+01 -1.449864e-03 
 2.203755e+01 -1.391413e-03 
 2.203795e+01 -1.388192e-03 
 2.203834e+01 -1.431291e-03 
 2.203874e+01 -1.508300e-03 
 2.203914e+01 -1.604358e-03 
 2.203954e+01 -1.705752e-03 
 2.203993e+01 -1.799112e-03 
 2.204033e+01 -1.878502e-03 
 2.204073e+01 -1.948488e-03 
 2.204113e+01 -2.014079e-03 
 2.204152e+01 -2.083397e-03 
 2.204192e+01 -2.161004e-03 
 2.204232e+01 -2.253351e-03 
 2.204272e+01 -2.360326e-03 
 2.204312e+01 -2.484595e-03 
 2.204351e+01 -2.631947e-03 
 2.204391e+01 -2.809210e-03 
 2.204431e+01 -3.023582e-03 
 2.204471e+01 -3.281629e-03 
 2.204510e+01 -3.588416e-03 
 2.204550e+01 -3.944577e-03 
 2.204590e+01 -4.346182e-03 
 2.204630e+01 -4.781692e-03 
 2.204669e+01 -5.240437e-03 
 2.204709e+01 -5.710520e-03 
 2.204749e+01 -6.180258e-03 
 2.204789e+01 -6.641650e-03 
 2.204829e+01 -7.091718e-03 
 2.204868e+01 -7.529018e-03 
 2.204908e+01 -7.954675e-03 
 2.204948e+01 -8.377216e-03 
 2.204988e+01 -8.803779e-03 
 2.205027e+01 -9.237610e-03 
 2.205067e+01 -9.681684e-03 
 2.205107e+01 -1.013360e-02 
 2.205147e+01 -1.059117e-02 
 2.205186e+01 -1.105062e-02 
 2.205226e+01 -1.150957e-02 
 2.205266e+01 -1.196110e-02 
 2.205306e+01 -1.239965e-02 
 2.205346e+01 -1.281940e-02 
 2.205385e+01 -1.321692e-02 
 2.205425e+01 -1.358900e-02 
 2.205465e+01 -1.393293e-02 
 2.205505e+01 -1.424578e-02 
 2.205544e+01 -1.452769e-02 
 2.205584e+01 -1.477749e-02 
 2.205624e+01 -1.499307e-02 
 2.205664e+01 -1.517088e-02 
 2.205703e+01 -1.530504e-02 
 2.205743e+01 -1.538637e-02 
 2.205783e+01 -1.540413e-02 
 2.205823e+01 -1.534890e-02 
 2.205863e+01 -1.521075e-02 
 2.205902e+01 -1.498609e-02 
 2.205942e+01 -1.467893e-02 
 2.205982e+01 -1.430265e-02 
 2.206022e+01 -1.387488e-02 
 2.206061e+01 -1.341388e-02 
 2.206101e+01 -1.293523e-02 
 2.206141e+01 -1.245112e-02 
 2.206181e+01 -1.196841e-02 
 2.206220e+01 -1.149647e-02 
 2.206260e+01 -1.104318e-02 
 2.206300e+01 -1.061660e-02 
 2.206340e+01 -1.022156e-02 
 2.206380e+01 -9.861255e-03 
 2.206419e+01 -9.534328e-03 
 2.206459e+01 -9.233361e-03 
 2.206499e+01 -8.944188e-03 
 2.206539e+01 -8.649974e-03 
 2.206578e+01 -8.339126e-03 
 2.206618e+01 -8.002725e-03 
 2.206658e+01 -7.640048e-03 
 2.206698e+01 -7.252643e-03 
 2.206737e+01 -6.845346e-03 
 2.206777e+01 -6.424144e-03 
 2.206817e+01 -5.995468e-03 
 2.206857e+01 -5.568956e-03 
 2.206897e+01 -5.151157e-03 
 2.206936e+01 -4.751509e-03 
 2.206976e+01 -4.375893e-03 
 2.207016e+01 -4.029182e-03 
 2.207056e+01 -3.715439e-03 
 2.207095e+01 -3.432332e-03 
 2.207135e+01 -3.172698e-03 
 2.207175e+01 -2.931186e-03 
 2.207215e+01 -2.701068e-03 
 2.207254e+01 -2.477755e-03 
 2.207294e+01 -2.260582e-03 
 2.207334e+01 -2.052155e-03 
 2.207374e+01 -1.857285e-03 
 2.207414e+01 -1.682024e-03 
 2.207453e+01 -1.531211e-03 
 2.207493e+01 -1.407687e-03 
 2.207533e+01 -1.314298e-03 
 2.207573e+01 -1.249100e-03 
 2.207612e+01 -1.211119e-03 
 2.207652e+01 -1.196418e-03 
 2.207692e+01 -1.207854e-03 
 2.207732e+01 -1.246200e-03 
 2.207771e+01 -1.315194e-03 
 2.207811e+01 -1.418549e-03 
 2.207851e+01 -1.562188e-03 
 2.207891e+01 -1.752085e-03 
 2.207931e+01 -1.995767e-03 
 2.207970e+01 -2.297719e-03 
 2.208010e+01 -2.659420e-03 
 2.208050e+01 -3.084863e-03 
 2.208090e+01 -3.574175e-03 
 2.208129e+01 -4.130252e-03 
 2.208169e+01 -4.751385e-03 
 2.208209e+01 -5.435800e-03 
 2.208249e+01 -6.179183e-03 
 2.208288e+01 -6.972241e-03 
 2.208328e+01 -7.809149e-03 
 2.208368e+01 -8.677885e-03 
 2.208408e+01 -9.562517e-03 
 2.208448e+01 -1.045091e-02 
 2.208487e+01 -1.133409e-02 
 2.208527e+01 -1.220370e-02 
 2.208567e+01 -1.305682e-02 
 2.208607e+01 -1.389551e-02 
 2.208646e+01 -1.472369e-02 
 2.208686e+01 -1.554693e-02 
 2.208726e+01 -1.637052e-02 
 2.208766e+01 -1.720047e-02 
 2.208805e+01 -1.804153e-02 
 2.208845e+01 -1.889863e-02 
 2.208885e+01 -1.977738e-02 
 2.208925e+01 -2.068298e-02 
 2.208965e+01 -2.161420e-02 
 2.209004e+01 -2.256564e-02 
 2.209044e+01 -2.352736e-02 
 2.209084e+01 -2.448730e-02 
 2.209124e+01 -2.543477e-02 
 2.209163e+01 -2.636160e-02 
 2.209203e+01 -2.726765e-02 
 2.209243e+01 -2.815400e-02 
 2.209283e+01 -2.902832e-02 
 2.209322e+01 -2.989991e-02 
 2.209362e+01 -3.077614e-02 
 2.209402e+01 -3.165913e-02 
 2.209442e+01 -3.255088e-02 
 2.209482e+01 -3.345245e-02 
 2.209521e+01 -3.436519e-02 
 2.209561e+01 -3.529189e-02 
 2.209601e+01 -3.623729e-02 
 2.209641e+01 -3.720146e-02 
 2.209680e+01 -3.818094e-02 
 2.209720e+01 -3.917016e-02 
 2.209760e+01 -4.016463e-02 
 2.209800e+01 -4.115234e-02 
 2.209840e+01 -4.212092e-02 
 2.209879e+01 -4.305923e-02 
 2.209919e+01 -4.395700e-02 
 2.209959e+01 -4.480693e-02 
 2.209999e+01 -4.560459e-02 
 2.210038e+01 -4.634849e-02 
 2.210078e+01 -4.703825e-02 
 2.210118e+01 -4.767057e-02 
 2.210158e+01 -4.824472e-02 
 2.210197e+01 -4.875760e-02 
 2.210237e+01 -4.920385e-02 
 2.210277e+01 -4.957494e-02 
 2.210317e+01 -4.986385e-02 
 2.210357e+01 -5.006992e-02 
 2.210396e+01 -5.019305e-02 
 2.210436e+01 -5.023709e-02 
 2.210476e+01 -5.020687e-02 
 2.210516e+01 -5.010795e-02 
 2.210555e+01 -4.994812e-02 
 2.210595e+01 -4.973831e-02 
 2.210635e+01 -4.948704e-02 
 2.210675e+01 -4.919868e-02 
 2.210714e+01 -4.887878e-02 
 2.210754e+01 -4.852948e-02 
 2.210794e+01 -4.815308e-02 
 2.210834e+01 -4.774914e-02 
 2.210874e+01 -4.731106e-02 
 2.210913e+01 -4.682961e-02 
 2.210953e+01 -4.629484e-02 
 2.210993e+01 -4.570101e-02 
 2.211033e+01 -4.504312e-02 
 2.211072e+01 -4.432080e-02 
 2.211112e+01 -4.354301e-02 
 2.211152e+01 -4.272219e-02 
 2.211192e+01 -4.187246e-02 
 2.211231e+01 -4.100772e-02 
 2.211271e+01 -4.013535e-02 
 2.211311e+01 -3.926009e-02 
 2.211351e+01 -3.837896e-02 
 2.211391e+01 -3.749270e-02 
 2.211430e+01 -3.660046e-02 
 2.211470e+01 -3.570816e-02 
 2.211510e+01 -3.481498e-02 
 2.211550e+01 -3.392188e-02 
 2.211589e+01 -3.302458e-02 
 2.211629e+01 -3.211346e-02 
 2.211669e+01 -3.117930e-02 
 2.211709e+01 -3.021170e-02 
 2.211748e+01 -2.920533e-02 
 2.211788e+01 -2.815714e-02 
 2.211828e+01 -2.707480e-02 
 2.211868e+01 -2.596451e-02 
 2.211908e+01 -2.483428e-02 
 2.211947e+01 -2.369053e-02 
 2.211987e+01 -2.253849e-02 
 2.212027e+01 -2.138293e-02 
 2.212067e+01 -2.023181e-02 
 2.212106e+01 -1.909884e-02 
 2.212146e+01 -1.799333e-02 
 2.212186e+01 -1.692187e-02 
 2.212226e+01 -1.589281e-02 
 2.212265e+01 -1.490903e-02 
 2.212305e+01 -1.397375e-02 
 2.212345e+01 -1.308589e-02 
 2.212385e+01 -1.224660e-02 
 2.212425e+01 -1.146105e-02 
 2.212464e+01 -1.073772e-02 
 2.212504e+01 -1.008300e-02 
 2.212544e+01 -9.500841e-03 
 2.212584e+01 -8.992789e-03 
 2.212623e+01 -8.556992e-03 
 2.212663e+01 -8.186421e-03 
 2.212703e+01 -7.879608e-03 
 2.212743e+01 -7.627510e-03 
 2.212782e+01 -7.424226e-03 
 2.212822e+01 -7.261387e-03 
 2.212862e+01 -7.136400e-03 
 2.212902e+01 -7.046935e-03 
 2.212942e+01 -6.986231e-03 
 2.212981e+01 -6.958953e-03 
 2.213021e+01 -6.961779e-03 
 2.213061e+01 -7.000916e-03 
 2.213101e+01 -7.080976e-03 
 2.213140e+01 -7.200242e-03 
 2.213180e+01 -7.355900e-03 
 2.213220e+01 -7.540288e-03 
 2.213260e+01 -7.749963e-03 
 2.213299e+01 -7.974484e-03 
 2.213339e+01 -8.211557e-03 
 2.213379e+01 -8.457517e-03 
 2.213419e+01 -8.706903e-03 
 2.213459e+01 -8.953386e-03 
 2.213498e+01 -9.191507e-03 
 2.213538e+01 -9.412826e-03 
 2.213578e+01 -9.610939e-03 
 2.213618e+01 -9.780406e-03 
 2.213657e+01 -9.922965e-03 
 2.213697e+01 -1.004543e-02 
 2.213737e+01 -1.015837e-02 
 2.213777e+01 -1.027429e-02 
 2.213816e+01 -1.040328e-02 
 2.213856e+01 -1.055134e-02 
 2.213896e+01 -1.072252e-02 
 2.213936e+01 -1.092058e-02 
 2.213976e+01 -1.115422e-02 
 2.214015e+01 -1.142581e-02 
 2.214055e+01 -1.173815e-02 
 2.214095e+01 -1.209210e-02 
 2.214135e+01 -1.248226e-02 
 2.214174e+01 -1.289515e-02 
 2.214214e+01 -1.331549e-02 
 2.214254e+01 -1.372662e-02 
 2.214294e+01 -1.411838e-02 
 2.214333e+01 -1.448874e-02 
 2.214373e+01 -1.483941e-02 
 2.214413e+01 -1.517088e-02 
 2.214453e+01 -1.548470e-02 
 2.214493e+01 -1.577866e-02 
 2.214532e+01 -1.604630e-02 
 2.214572e+01 -1.628605e-02 
 2.214612e+01 -1.649508e-02 
 2.214652e+01 -1.666910e-02 
 2.214691e+01 -1.680772e-02 
 2.214731e+01 -1.691290e-02 
 2.214771e+01 -1.698732e-02 
 2.214811e+01 -1.702747e-02 
 2.214850e+01 -1.703398e-02 
 2.214890e+01 -1.700286e-02 
 2.214930e+01 -1.693737e-02 
 2.214970e+01 -1.684292e-02 
 2.215010e+01 -1.672392e-02 
 2.215049e+01 -1.657851e-02 
 2.215089e+01 -1.640321e-02 
 2.215129e+01 -1.619570e-02 
 2.215169e+01 -1.595251e-02 
 2.215208e+01 -1.567373e-02 
 2.215248e+01 -1.535838e-02 
 2.215288e+01 -1.500788e-02 
 2.215328e+01 -1.462077e-02 
 2.215367e+01 -1.419889e-02 
 2.215407e+01 -1.373678e-02 
 2.215447e+01 -1.323279e-02 
 2.215487e+01 -1.268549e-02 
 2.215527e+01 -1.209764e-02 
 2.215566e+01 -1.148139e-02 
 2.215606e+01 -1.085382e-02 
 2.215646e+01 -1.022995e-02 
 2.215686e+01 -9.623566e-03 
 2.215725e+01 -9.047143e-03 
 2.215765e+01 -8.503836e-03 
 2.215805e+01 -7.994809e-03 
 2.215845e+01 -7.520258e-03 
 2.215884e+01 -7.078373e-03 
 2.215924e+01 -6.666835e-03 
 2.215964e+01 -6.277919e-03 
 2.216004e+01 -5.902006e-03 
 2.216044e+01 -5.525196e-03 
 2.216083e+01 -5.131889e-03 
 2.216123e+01 -4.703882e-03 
 2.216163e+01 -4.227668e-03 
 2.216203e+01 -3.697092e-03 
 2.216242e+01 -3.115898e-03 
 2.216282e+01 -2.490272e-03 
 2.216322e+01 -1.830966e-03 
 2.216362e+01 -1.150241e-03 
 2.216401e+01 -4.520068e-04 
 2.216441e+01  2.537645e-04 
 2.216481e+01  9.604029e-04 
 2.216521e+01  1.663132e-03 
 2.216561e+01  2.355064e-03 
 2.216600e+01  3.025830e-03 
 2.216640e+01  3.662788e-03 
 2.216680e+01  4.260435e-03 
 2.216720e+01  4.814410e-03 
 2.216759e+01  5.325305e-03 
 2.216799e+01  5.793731e-03 
 2.216839e+01  6.219912e-03 
 2.216879e+01  6.601846e-03 
 2.216918e+01  6.937005e-03 
 2.216958e+01  7.220502e-03 
 2.216998e+01  7.448168e-03 
 2.217038e+01  7.619483e-03 
 2.217078e+01  7.733564e-03 
 2.217117e+01  7.791326e-03 
 2.217157e+01  7.795239e-03 
 2.217197e+01  7.743267e-03 
 2.217237e+01  7.627352e-03 
 2.217276e+01  7.444602e-03 
 2.217316e+01  7.191180e-03 
 2.217356e+01  6.865271e-03 
 2.217396e+01  6.467371e-03 
 2.217435e+01  5.999830e-03 
 2.217475e+01  5.460686e-03 
 2.217515e+01  4.850250e-03 
 2.217555e+01  4.169824e-03 
 2.217595e+01  3.416102e-03 
 2.217634e+01  2.590296e-03 
 2.217674e+01  1.695492e-03 
 2.217714e+01  7.386698e-04 
 2.217754e+01 -2.722402e-04 
 2.217793e+01 -1.326396e-03 
 2.217833e+01 -2.411499e-03 
 2.217873e+01 -3.520602e-03 
 2.217913e+01 -4.644475e-03 
 2.217952e+01 -5.772878e-03 
 2.217992e+01 -6.894507e-03 
 2.218032e+01 -8.001869e-03 
 2.218072e+01 -9.091104e-03 
 2.218112e+01 -1.016678e-02 
 2.218151e+01 -1.123241e-02 
 2.218191e+01 -1.229781e-02 
 2.218231e+01 -1.337274e-02 
 2.218271e+01 -1.446232e-02 
 2.218310e+01 -1.557056e-02 
 2.218350e+01 -1.669846e-02 
 2.218390e+01 -1.784364e-02 
 2.218430e+01 -1.900058e-02 
 2.218469e+01 -2.017457e-02 
 2.218509e+01 -2.137388e-02 
 2.218549e+01 -2.260017e-02 
 2.218589e+01 -2.385304e-02 
 2.218629e+01 -2.512785e-02 
 2.218668e+01 -2.640912e-02 
 2.218708e+01 -2.768577e-02 
 2.218748e+01 -2.894500e-02 
 2.218788e+01 -3.017731e-02 
 2.218827e+01 -3.138006e-02 
 2.218867e+01 -3.255070e-02 
 2.218907e+01 -3.369458e-02 
 2.218947e+01 -3.481334e-02 
 2.218987e+01 -3.590646e-02 
 2.219026e+01 -3.696861e-02 
 2.219066e+01 -3.799489e-02 
 2.219106e+01 -3.898817e-02 
 2.219146e+01 -3.994705e-02 
 2.219185e+01 -4.087656e-02 
 2.219225e+01 -4.177902e-02 
 2.219265e+01 -4.265174e-02 
 2.219305e+01 -4.348473e-02 
 2.219344e+01 -4.426779e-02 
 2.219384e+01 -4.498583e-02 
 2.219424e+01 -4.562408e-02 
 2.219464e+01 -4.617774e-02 
 2.219504e+01 -4.664880e-02 
 2.219543e+01 -4.704209e-02 
 2.219583e+01 -4.736284e-02 
 2.219623e+01 -4.761564e-02 
 2.219663e+01 -4.779707e-02 
 2.219702e+01 -4.790666e-02 
 2.219742e+01 -4.794207e-02 
 2.219782e+01 -4.790687e-02 
 2.219822e+01 -4.780469e-02 
 2.219861e+01 -4.764077e-02 
 2.219901e+01 -4.742320e-02 
 2.219941e+01 -4.715764e-02 
 2.219981e+01 -4.685141e-02 
 2.220021e+01 -4.650931e-02 
 2.220060e+01 -4.613733e-02 
 2.220100e+01 -4.574738e-02 
 2.220140e+01 -4.534748e-02 
 2.220180e+01 -4.494557e-02 
 2.220219e+01 -4.454162e-02 
 2.220259e+01 -4.413483e-02 
 2.220299e+01 -4.371898e-02 
 2.220339e+01 -4.328869e-02 
 2.220378e+01 -4.284503e-02 
 2.220418e+01 -4.238848e-02 
 2.220458e+01 -4.192091e-02 
 2.220498e+01 -4.144448e-02 
 2.220538e+01 -4.095374e-02 
 2.220577e+01 -4.044653e-02 
 2.220617e+01 -3.991134e-02 
 2.220657e+01 -3.933913e-02 
 2.220697e+01 -3.872328e-02 
 2.220736e+01 -3.806629e-02 
 2.220776e+01 -3.737484e-02 
 2.220816e+01 -3.665716e-02 
 2.220856e+01 -3.592643e-02 
 2.220895e+01 -3.518254e-02 
 2.220935e+01 -3.442663e-02 
 2.220975e+01 -3.366143e-02 
 2.221015e+01 -3.288700e-02 
 2.221055e+01 -3.210508e-02 
 2.221094e+01 -3.131943e-02 
 2.221134e+01 -3.053233e-02 
 2.221174e+01 -2.974253e-02 
 2.221214e+01 -2.894229e-02 
 2.221253e+01 -2.812647e-02 
 2.221293e+01 -2.728282e-02 
 2.221333e+01 -2.640874e-02 
 2.221373e+01 -2.550913e-02 
 2.221412e+01 -2.459317e-02 
 2.221452e+01 -2.367433e-02 
 2.221492e+01 -2.276358e-02 
 2.221532e+01 -2.186688e-02 
 2.221572e+01 -2.099121e-02 
 2.221611e+01 -2.013850e-02 
 2.221651e+01 -1.931009e-02 
 2.221691e+01 -1.851462e-02 
 2.221731e+01 -1.776337e-02 
 2.221770e+01 -1.706744e-02 
 2.221810e+01 -1.643964e-02 
 2.221850e+01 -1.588923e-02 
 2.221890e+01 -1.541516e-02 
 2.221929e+01 -1.501343e-02 
 2.221969e+01 -1.467655e-02 
 2.222009e+01 -1.439818e-02 
 2.222049e+01 -1.417226e-02 
 2.222089e+01 -1.399536e-02 
 2.222128e+01 -1.385979e-02 
 2.222168e+01 -1.376205e-02 
 2.222208e+01 -1.369161e-02 
 2.222248e+01 -1.364310e-02 
 2.222287e+01 -1.360972e-02 
 2.222327e+01 -1.358987e-02 
 2.222367e+01 -1.358976e-02 
 2.222407e+01 -1.361268e-02 
 2.222446e+01 -1.366712e-02 
 2.222486e+01 -1.375512e-02 
 2.222526e+01 -1.387360e-02 
 2.222566e+01 -1.401322e-02 
 2.222606e+01 -1.417084e-02 
 2.222645e+01 -1.434292e-02 
 2.222685e+01 -1.452977e-02 
 2.222725e+01 -1.473540e-02 
 2.222765e+01 -1.496386e-02 
 2.222804e+01 -1.521453e-02 
 2.222844e+01 -1.548852e-02 
 2.222884e+01 -1.578114e-02 
 2.222924e+01 -1.608807e-02 
 2.222963e+01 -1.640873e-02 
 2.223003e+01 -1.674150e-02 
 2.223043e+01 -1.708410e-02 
 2.223083e+01 -1.743588e-02 
 2.223123e+01 -1.779024e-02 
 2.223162e+01 -1.813788e-02 
 2.223202e+01 -1.847133e-02 
 2.223242e+01 -1.879040e-02 
 2.223282e+01 -1.909919e-02 
 2.223321e+01 -1.940801e-02 
 2.223361e+01 -1.972718e-02 
 2.223401e+01 -2.006832e-02 
 2.223441e+01 -2.043506e-02 
 2.223480e+01 -2.082630e-02 
 2.223520e+01 -2.123435e-02 
 2.223560e+01 -2.165283e-02 
 2.223600e+01 -2.207510e-02 
 2.223640e+01 -2.249864e-02 
 2.223679e+01 -2.292450e-02 
 2.223719e+01 -2.335538e-02 
 2.223759e+01 -2.378316e-02 
 2.223799e+01 -2.419143e-02 
 2.223838e+01 -2.456057e-02 
 2.223878e+01 -2.486798e-02 
 2.223918e+01 -2.509574e-02 
 2.223958e+01 -2.523627e-02 
 2.223997e+01 -2.528837e-02 
 2.224037e+01 -2.525578e-02 
 2.224077e+01 -2.514434e-02 
 2.224117e+01 -2.495960e-02 
 2.224157e+01 -2.470349e-02 
 2.224196e+01 -2.437348e-02 
 2.224236e+01 -2.397531e-02 
 2.224276e+01 -2.351428e-02 
 2.224316e+01 -2.300428e-02 
 2.224355e+01 -2.246034e-02 
 2.224395e+01 -2.189299e-02 
 2.224435e+01 -2.130597e-02 
 2.224475e+01 -2.069465e-02 
 2.224514e+01 -2.005258e-02 
 2.224554e+01 -1.937375e-02 
 2.224594e+01 -1.865722e-02 
 2.224634e+01 -1.790608e-02 
 2.224674e+01 -1.712506e-02 
 2.224713e+01 -1.632387e-02 
 2.224753e+01 -1.550622e-02 
 2.224793e+01 -1.466877e-02 
 2.224833e+01 -1.381161e-02 
 2.224872e+01 -1.293133e-02 
 2.224912e+01 -1.202877e-02 
 2.224952e+01 -1.111018e-02 
 2.224992e+01 -1.018105e-02 
 2.225031e+01 -9.248575e-03 
 2.225071e+01 -8.314885e-03 
 2.225111e+01 -7.383118e-03 
 2.225151e+01 -6.457684e-03 
 2.225191e+01 -5.544160e-03 
 2.225230e+01 -4.651598e-03 
 2.225270e+01 -3.787132e-03 
 2.225310e+01 -2.960298e-03 
 2.225350e+01 -2.177092e-03 
 2.225389e+01 -1.437113e-03 
 2.225429e+01 -7.332937e-04 
 2.225469e+01 -5.707201e-05 
 2.225509e+01  5.981164e-04 
 2.225548e+01  1.237914e-03 
 2.225588e+01  1.861487e-03 
 2.225628e+01  2.468681e-03 
 2.225668e+01  3.064264e-03 
 2.225708e+01  3.658035e-03 
 2.225747e+01  4.262441e-03 
 2.225787e+01  4.889170e-03 
 2.225827e+01  5.545742e-03 
 2.225867e+01  6.227253e-03 
 2.225906e+01  6.923704e-03 
 2.225946e+01  7.617816e-03 
 2.225986e+01  8.291996e-03 
 2.226026e+01  8.932864e-03 
 2.226065e+01  9.531582e-03 
 2.226105e+01  1.007967e-02 
 2.226145e+01  1.057175e-02 
 2.226185e+01  1.099662e-02 
 2.226225e+01  1.133873e-02 
 2.226264e+01  1.158940e-02 
 2.226304e+01  1.174327e-02 
 2.226344e+01  1.180599e-02 
 2.226384e+01  1.179070e-02 
 2.226423e+01  1.171493e-02 
 2.226463e+01  1.158952e-02 
 2.226503e+01  1.142116e-02 
 2.226543e+01  1.120995e-02 
 2.226582e+01  1.094846e-02 
 2.226622e+01  1.063242e-02 
 2.226662e+01  1.026316e-02 
 2.226702e+01  9.845185e-03 
 2.226742e+01  9.390925e-03 
 2.226781e+01  8.905171e-03 
 2.226821e+01  8.387684e-03 
 2.226861e+01  7.835019e-03 
 2.226901e+01  7.243264e-03 
 2.226940e+01  6.606007e-03 
 2.226980e+01  5.920545e-03 
 2.227020e+01  5.190283e-03 
 2.227060e+01  4.421848e-03 
 2.227099e+01  3.623302e-03 
 2.227139e+01  2.801121e-03 
 2.227179e+01  1.955198e-03 
 2.227219e+01  1.081912e-03 
 2.227259e+01  1.798535e-04 
 2.227298e+01 -7.465424e-04 
 2.227338e+01 -1.692016e-03 
 2.227378e+01 -2.648013e-03 
 2.227418e+01 -3.606677e-03 
 2.227457e+01 -4.565578e-03 
 2.227497e+01 -5.525976e-03 
 2.227537e+01 -6.490436e-03 
 2.227577e+01 -7.461068e-03 
 2.227616e+01 -8.439361e-03 
 2.227656e+01 -9.421823e-03 
 2.227696e+01 -1.040429e-02 
 2.227736e+01 -1.138320e-02 
 2.227776e+01 -1.236027e-02 
 2.227815e+01 -1.334443e-02 
 2.227855e+01 -1.434865e-02 
 2.227895e+01 -1.538308e-02 
 2.227935e+01 -1.645297e-02 
 2.227974e+01 -1.756096e-02 
 2.228014e+01 -1.870259e-02 
 2.228054e+01 -1.987900e-02 
 2.228094e+01 -2.109295e-02 
 2.228134e+01 -2.234243e-02 
 2.228173e+01 -2.362382e-02 
 2.228213e+01 -2.492880e-02 
 2.228253e+01 -2.624142e-02 
 2.228293e+01 -2.753861e-02 
 2.228332e+01 -2.879932e-02 
 2.228372e+01 -3.000261e-02 
 2.228412e+01 -3.113707e-02 
 2.228452e+01 -3.220839e-02 
 2.228491e+01 -3.322774e-02 
 2.228531e+01 -3.420549e-02 
 2.228571e+01 -3.514600e-02 
 2.228611e+01 -3.604835e-02 
 2.228651e+01 -3.690643e-02 
 2.228690e+01 -3.771350e-02 
 2.228730e+01 -3.846686e-02 
 2.228770e+01 -3.916760e-02 
 2.228810e+01 -3.982144e-02 
 2.228849e+01 -4.043295e-02 
 2.228889e+01 -4.100125e-02 
 2.228929e+01 -4.151865e-02 
 2.228969e+01 -4.196976e-02 
 2.229008e+01 -4.233700e-02 
 2.229048e+01 -4.260906e-02 
 2.229088e+01 -4.278945e-02 
 2.229128e+01 -4.288413e-02 
 2.229168e+01 -4.290729e-02 
 2.229207e+01 -4.286989e-02 
 2.229247e+01 -4.277977e-02 
 2.229287e+01 -4.263907e-02 
 2.229327e+01 -4.245139e-02 
 2.229366e+01 -4.222349e-02 
 2.229406e+01 -4.196254e-02 
 2.229446e+01 -4.168070e-02 
 2.229486e+01 -4.138917e-02 
 2.229525e+01 -4.109091e-02 
 2.229565e+01 -4.078478e-02 
 2.229605e+01 -4.046254e-02 
 2.229645e+01 -4.011853e-02 
 2.229685e+01 -3.974861e-02 
 2.229724e+01 -3.935657e-02 
 2.229764e+01 -3.894788e-02 
 2.229804e+01 -3.852922e-02 
 2.229844e+01 -3.810393e-02 
 2.229883e+01 -3.767152e-02 
 2.229923e+01 -3.722818e-02 
 2.229963e+01 -3.676916e-02 
 2.230003e+01 -3.628853e-02 
 2.230042e+01 -3.578409e-02 
 2.230082e+01 -3.525576e-02 
 2.230122e+01 -3.470207e-02 
 2.230162e+01 -3.411946e-02 
 2.230202e+01 -3.350274e-02 
 2.230241e+01 -3.284546e-02 
 2.230281e+01 -3.214417e-02 
 2.230321e+01 -3.140512e-02 
 2.230361e+01 -3.064277e-02 
 2.230400e+01 -2.987306e-02 
 2.230440e+01 -2.911126e-02 
 2.230480e+01 -2.836946e-02 
 2.230520e+01 -2.765191e-02 
 2.230559e+01 -2.695935e-02 
 2.230599e+01 -2.628899e-02 
 2.230639e+01 -2.564174e-02 
 2.230679e+01 -2.502197e-02 
 2.230719e+01 -2.443897e-02 
 2.230758e+01 -2.389718e-02 
 2.230798e+01 -2.340194e-02 
 2.230838e+01 -2.294391e-02 
 2.230878e+01 -2.251036e-02 
 2.230917e+01 -2.208488e-02 
 2.230957e+01 -2.166177e-02 
 2.230997e+01 -2.124441e-02 
 2.231037e+01 -2.084790e-02 
 2.231076e+01 -2.049070e-02 
 2.231116e+01 -2.018581e-02 
 2.231156e+01 -1.994225e-02 
 2.231196e+01 -1.976222e-02 
 2.231236e+01 -1.964224e-02 
 2.231275e+01 -1.958034e-02 
 2.231315e+01 -1.958167e-02 
 2.231355e+01 -1.965433e-02 
 2.231395e+01 -1.980205e-02 
 2.231434e+01 -2.002522e-02 
 2.231474e+01 -2.030733e-02 
 2.231514e+01 -2.062709e-02 
 2.231554e+01 -2.095630e-02 
 2.231593e+01 -2.127624e-02 
 2.231633e+01 -2.158090e-02 
 2.231673e+01 -2.186884e-02 
 2.231713e+01 -2.214882e-02 
 2.231753e+01 -2.242650e-02 
 2.231792e+01 -2.270303e-02 
 2.231832e+01 -2.297007e-02 
 2.231872e+01 -2.321821e-02 
 2.231912e+01 -2.343890e-02 
 2.231951e+01 -2.363027e-02 
 2.231991e+01 -2.379722e-02 
 2.232031e+01 -2.394719e-02 
 2.232071e+01 -2.409118e-02 
 2.232110e+01 -2.423367e-02 
 2.232150e+01 -2.437546e-02 
 2.232190e+01 -2.451247e-02 
 2.232230e+01 -2.464579e-02 
 2.232270e+01 -2.477863e-02 
 2.232309e+01 -2.491761e-02 
 2.232349e+01 -2.506846e-02 
 2.232389e+01 -2.523749e-02 
 2.232429e+01 -2.542881e-02 
 2.232468e+01 -2.563946e-02 
 2.232508e+01 -2.586200e-02 
 2.232548e+01 -2.609097e-02 
 2.232588e+01 -2.632273e-02 
 2.232627e+01 -2.655802e-02 
 2.232667e+01 -2.679815e-02 
 2.232707e+01 -2.703801e-02 
 2.232747e+01 -2.726989e-02 
 2.232787e+01 -2.747957e-02 
 2.232826e+01 -2.765686e-02 
 2.232866e+01 -2.779896e-02 
 2.232906e+01 -2.790965e-02 
 2.232946e+01 -2.799413e-02 
 2.232985e+01 -2.806452e-02 
 2.233025e+01 -2.813126e-02 
 2.233065e+01 -2.820225e-02 
 2.233105e+01 -2.827594e-02 
 2.233144e+01 -2.834896e-02 
 2.233184e+01 -2.841363e-02 
 2.233224e+01 -2.846694e-02 
 2.233264e+01 -2.850980e-02 
 2.233304e+01 -2.853808e-02 
 2.233343e+01 -2.853768e-02 
 2.233383e+01 -2.849105e-02 
 2.233423e+01 -2.837662e-02 
 2.233463e+01 -2.817649e-02 
 2.233502e+01 -2.788147e-02 
 2.233542e+01 -2.748971e-02 
 2.233582e+01 -2.701282e-02 
 2.233622e+01 -2.646696e-02 
 2.233661e+01 -2.587270e-02 
 2.233701e+01 -2.524435e-02 
 2.233741e+01 -2.458924e-02 
 2.233781e+01 -2.390721e-02 
 2.233821e+01 -2.319660e-02 
 2.233860e+01 -2.246470e-02 
 2.233900e+01 -2.172328e-02 
 2.233940e+01 -2.098529e-02 
 2.233980e+01 -2.026386e-02 
 2.234019e+01 -1.956143e-02 
 2.234059e+01 -1.887634e-02 
 2.234099e+01 -1.820012e-02 
 2.234139e+01 -1.752115e-02 
 2.234178e+01 -1.683117e-02 
 2.234218e+01 -1.612726e-02 
 2.234258e+01 -1.541148e-02 
 2.234298e+01 -1.468866e-02 
 2.234338e+01 -1.396079e-02 
 2.234377e+01 -1.322298e-02 
 2.234417e+01 -1.246944e-02 
 2.234457e+01 -1.169224e-02 
 2.234497e+01 -1.088969e-02 
 2.234536e+01 -1.006561e-02 
 2.234576e+01 -9.222933e-03 
 2.234616e+01 -8.365439e-03 
 2.234656e+01 -7.493262e-03 
 2.234695e+01 -6.605499e-03 
 2.234735e+01 -5.700185e-03 
 2.234775e+01 -4.778639e-03 
 2.234815e+01 -3.844551e-03 
 2.234855e+01 -2.907173e-03 
 2.234894e+01 -1.978451e-03 
 2.234934e+01 -1.071457e-03 
 2.234974e+01 -1.897754e-04 
 2.235014e+01  6.666508e-04 
 2.235053e+01  1.500032e-03 
 2.235093e+01  2.314940e-03 
 2.235133e+01  3.116460e-03 
 2.235173e+01  3.906278e-03 
 2.235212e+01  4.688294e-03 
 2.235252e+01  5.465926e-03 
 2.235292e+01  6.246985e-03 
 2.235332e+01  7.032966e-03 
 2.235372e+01  7.824211e-03 
 2.235411e+01  8.617517e-03 
 2.235451e+01  9.400987e-03 
 2.235491e+01  1.015611e-02 
 2.235531e+01  1.086080e-02 
 2.235570e+01  1.149444e-02 
 2.235610e+01  1.204050e-02 
 2.235650e+01  1.249149e-02 
 2.235690e+01  1.284539e-02 
 2.235729e+01  1.310225e-02 
 2.235769e+01  1.326268e-02 
 2.235809e+01  1.332733e-02 
 2.235849e+01  1.329406e-02 
 2.235889e+01  1.316667e-02 
 2.235928e+01  1.294772e-02 
 2.235968e+01  1.265109e-02 
 2.236008e+01  1.229334e-02 
 2.236048e+01  1.189336e-02 
 2.236087e+01  1.146412e-02 
 2.236127e+01  1.101096e-02 
 2.236167e+01  1.053562e-02 
 2.236207e+01  1.003165e-02 
 2.236246e+01  9.497322e-03 
 2.236286e+01  8.934784e-03 
 2.236326e+01  8.349011e-03 
 2.236366e+01  7.746182e-03 
 2.236406e+01  7.128613e-03 
 2.236445e+01  6.494533e-03 
 2.236485e+01  5.837684e-03 
 2.236525e+01  5.151525e-03 
 2.236565e+01  4.429890e-03 
 2.236604e+01  3.675427e-03 
 2.236644e+01  2.896961e-03 
 2.236684e+01  2.102905e-03 
 2.236724e+01  1.300954e-03 
 2.236763e+01  4.928566e-04 
 2.236803e+01 -3.284578e-04 
 2.236843e+01 -1.175789e-03 
 2.236883e+01 -2.055178e-03 
 2.236923e+01 -2.967359e-03 
 2.236962e+01 -3.910932e-03 
 2.237002e+01 -4.876359e-03 
 2.237042e+01 -5.851198e-03 
 2.237082e+01 -6.828280e-03 
 2.237121e+01 -7.803241e-03 
 2.237161e+01 -8.772661e-03 
 2.237201e+01 -9.737945e-03 
 2.237241e+01 -1.070267e-02 
 2.237281e+01 -1.166246e-02 
 2.237320e+01 -1.261562e-02 
 2.237360e+01 -1.356585e-02 
 2.237400e+01 -1.451657e-02 
 2.237440e+01 -1.547828e-02 
 2.237479e+01 -1.645601e-02 
 2.237519e+01 -1.745249e-02 
 2.237559e+01 -1.846423e-02 
 2.237599e+01 -1.948388e-02 
 2.237638e+01 -2.050406e-02 
 2.237678e+01 -2.151696e-02 
 2.237718e+01 -2.251505e-02 
 2.237758e+01 -2.349066e-02 
 2.237798e+01 -2.443532e-02 
 2.237837e+01 -2.533677e-02 
 2.237877e+01 -2.618219e-02 
 2.237917e+01 -2.695738e-02 
 2.237957e+01 -2.765084e-02 
 2.237996e+01 -2.826199e-02 
 2.238036e+01 -2.879707e-02 
 2.238076e+01 -2.927224e-02 
 2.238116e+01 -2.970197e-02 
 2.238155e+01 -3.009287e-02 
 2.238195e+01 -3.044871e-02 
 2.238235e+01 -3.077215e-02 
 2.238275e+01 -3.106549e-02 
 2.238315e+01 -3.133211e-02 
 2.238354e+01 -3.157906e-02 
 2.238394e+01 -3.181116e-02 
 2.238434e+01 -3.203412e-02 
 2.238474e+01 -3.225137e-02 
 2.238513e+01 -3.245604e-02 
 2.238553e+01 -3.263508e-02 
 2.238593e+01 -3.277784e-02 
 2.238633e+01 -3.287494e-02 
 2.238672e+01 -3.293293e-02 
 2.238712e+01 -3.296138e-02 
 2.238752e+01 -3.297730e-02 
 2.238792e+01 -3.299242e-02 
 2.238832e+01 -3.301326e-02 
 2.238871e+01 -3.304355e-02 
 2.238911e+01 -3.307898e-02 
 2.238951e+01 -3.311235e-02 
 2.238991e+01 -3.314009e-02 
 2.239030e+01 -3.315909e-02 
 2.239070e+01 -3.317360e-02 
 2.239110e+01 -3.318661e-02 
 2.239150e+01 -3.319547e-02 
 2.239189e+01 -3.319812e-02 
 2.239229e+01 -3.318668e-02 
 2.239269e+01 -3.315200e-02 
 2.239309e+01 -3.309345e-02 
 2.239349e+01 -3.301240e-02 
 2.239388e+01 -3.291063e-02 
 2.239428e+01 -3.278703e-02 
 2.239468e+01 -3.264375e-02 
 2.239508e+01 -3.247530e-02 
 2.239547e+01 -3.227417e-02 
 2.239587e+01 -3.203413e-02 
 2.239627e+01 -3.175030e-02 
 2.239667e+01 -3.142199e-02 
 2.239706e+01 -3.105444e-02 
 2.239746e+01 -3.064972e-02 
 2.239786e+01 -3.021079e-02 
 2.239826e+01 -2.974046e-02 
 2.239866e+01 -2.924341e-02 
 2.239905e+01 -2.873009e-02 
 2.239945e+01 -2.821359e-02 
 2.239985e+01 -2.771048e-02 
 2.240025e+01 -2.723526e-02 
 2.240064e+01 -2.679918e-02 
 2.240104e+01 -2.640748e-02 
 2.240144e+01 -2.605955e-02 
 2.240184e+01 -2.575206e-02 
 2.240223e+01 -2.548306e-02 
 2.240263e+01 -2.524872e-02 
 2.240303e+01 -2.504903e-02 
 2.240343e+01 -2.488433e-02 
 2.240383e+01 -2.474657e-02 
 2.240422e+01 -2.462667e-02 
 2.240462e+01 -2.451422e-02 
 2.240502e+01 -2.440281e-02 
 2.240542e+01 -2.429072e-02 
 2.240581e+01 -2.418563e-02 
 2.240621e+01 -2.409778e-02 
 2.240661e+01 -2.403743e-02 
 2.240701e+01 -2.401379e-02 
 2.240740e+01 -2.403162e-02 
 2.240780e+01 -2.409010e-02 
 2.240820e+01 -2.418427e-02 
 2.240860e+01 -2.431390e-02 
 2.240900e+01 -2.447565e-02 
 2.240939e+01 -2.467303e-02 
 2.240979e+01 -2.490555e-02 
 2.241019e+01 -2.516857e-02 
 2.241059e+01 -2.545286e-02 
 2.241098e+01 -2.574501e-02 
 2.241138e+01 -2.603041e-02 
 2.241178e+01 -2.630101e-02 
 2.241218e+01 -2.655331e-02 
 2.241257e+01 -2.678668e-02 
 2.241297e+01 -2.700279e-02 
 2.241337e+01 -2.720795e-02 
 2.241377e+01 -2.740332e-02 
 2.241417e+01 -2.758808e-02 
 2.241456e+01 -2.776394e-02 
 2.241496e+01 -2.793036e-02 
 2.241536e+01 -2.809179e-02 
 2.241576e+01 -2.825823e-02 
 2.241615e+01 -2.844033e-02 
 2.241655e+01 -2.864433e-02 
 2.241695e+01 -2.887399e-02 
 2.241735e+01 -2.913055e-02 
 2.241774e+01 -2.941005e-02 
 2.241814e+01 -2.971377e-02 
 2.241854e+01 -3.003917e-02 
 2.241894e+01 -3.038508e-02 
 2.241934e+01 -3.074838e-02 
 2.241973e+01 -3.112685e-02 
 2.242013e+01 -3.152033e-02 
 2.242053e+01 -3.192303e-02 
 2.242093e+01 -3.232857e-02 
 2.242132e+01 -3.272788e-02 
 2.242172e+01 -3.310973e-02 
 2.242212e+01 -3.346683e-02 
 2.242252e+01 -3.378851e-02 
 2.242291e+01 -3.406244e-02 
 2.242331e+01 -3.427913e-02 
 2.242371e+01 -3.443336e-02 
 2.242411e+01 -3.452653e-02 
 2.242451e+01 -3.456683e-02 
 2.242490e+01 -3.456327e-02 
 2.242530e+01 -3.452102e-02 
 2.242570e+01 -3.444574e-02 
 2.242610e+01 -3.434172e-02 
 2.242649e+01 -3.420681e-02 
 2.242689e+01 -3.403710e-02 
 2.242729e+01 -3.382936e-02 
 2.242769e+01 -3.358256e-02 
 2.242808e+01 -3.329896e-02 
 2.242848e+01 -3.298234e-02 
 2.242888e+01 -3.263036e-02 
 2.242928e+01 -3.223403e-02 
 2.242968e+01 -3.178148e-02 
 2.243007e+01 -3.126099e-02 
 2.243047e+01 -3.066626e-02 
 2.243087e+01 -2.999968e-02 
 2.243127e+01 -2.926675e-02 
 2.243166e+01 -2.847867e-02 
 2.243206e+01 -2.765272e-02 
 2.243246e+01 -2.680243e-02 
 2.243286e+01 -2.593687e-02 
 2.243325e+01 -2.506221e-02 
 2.243365e+01 -2.418635e-02 
 2.243405e+01 -2.331618e-02 
 2.243445e+01 -2.246240e-02 
 2.243485e+01 -2.163699e-02 
 2.243524e+01 -2.084566e-02 
 2.243564e+01 -2.009049e-02 
 2.243604e+01 -1.936906e-02 
 2.243644e+01 -1.867464e-02 
 2.243683e+01 -1.799898e-02 
 2.243723e+01 -1.733265e-02 
 2.243763e+01 -1.666611e-02 
 2.243803e+01 -1.598865e-02 
 2.243842e+01 -1.529832e-02 
 2.243882e+01 -1.459181e-02 
 2.243922e+01 -1.386939e-02 
 2.243962e+01 -1.312921e-02 
 2.244002e+01 -1.236860e-02 
 2.244041e+01 -1.158294e-02 
 2.244081e+01 -1.077101e-02 
 2.244121e+01 -9.933066e-03 
 2.244161e+01 -9.066015e-03 
 2.244200e+01 -8.173956e-03 
 2.244240e+01 -7.261541e-03 
 2.244280e+01 -6.338304e-03 
 2.244320e+01 -5.417081e-03 
 2.244359e+01 -4.509385e-03 
 2.244399e+01 -3.627067e-03 
 2.244439e+01 -2.776835e-03 
 2.244479e+01 -1.963717e-03 
 2.244519e+01 -1.186404e-03 
 2.244558e+01 -4.417456e-04 
 2.244598e+01  2.753944e-04 
 2.244638e+01  9.748596e-04 
 2.244678e+01  1.657476e-03 
 2.244717e+01  2.320726e-03 
 2.244757e+01  2.966533e-03 
 2.244797e+01  3.593465e-03 
 2.244837e+01  4.201213e-03 
 2.244876e+01  4.794076e-03 
 2.244916e+01  5.374425e-03 
 2.244956e+01  5.938461e-03 
 2.244996e+01  6.480713e-03 
 2.245036e+01  6.992535e-03 
 2.245075e+01  7.465715e-03 
 2.245115e+01  7.889779e-03 
 2.245155e+01  8.259243e-03 
 2.245195e+01  8.569166e-03 
 2.245234e+01  8.819382e-03 
 2.245274e+01  9.007997e-03 
 2.245314e+01  9.128320e-03 
 2.245354e+01  9.176791e-03 
 2.245393e+01  9.152158e-03 
 2.245433e+01  9.059423e-03 
 2.245473e+01  8.911004e-03 
 2.245513e+01  8.724180e-03 
 2.245553e+01  8.517126e-03 
 2.245592e+01  8.304600e-03 
 2.245632e+01  8.100585e-03 
 2.245672e+01  7.907677e-03 
 2.245712e+01  7.722325e-03 
 2.245751e+01  7.541273e-03 
 2.245791e+01  7.358733e-03 
 2.245831e+01  7.173814e-03 
 2.245871e+01  6.988127e-03 
 2.245910e+01  6.803551e-03 
 2.245950e+01  6.615518e-03 
 2.245990e+01  6.416193e-03 
 2.246030e+01  6.196717e-03 
 2.246070e+01  5.944135e-03 
 2.246109e+01  5.649422e-03 
 2.246149e+01  5.307253e-03 
 2.246189e+01  4.913440e-03 
 2.246229e+01  4.466112e-03 
 2.246268e+01  3.969047e-03 
 2.246308e+01  3.420100e-03 
 2.246348e+01  2.819536e-03 
 2.246388e+01  2.166961e-03 
 2.246428e+01  1.466002e-03 
 2.246467e+01  7.211453e-04 
 2.246507e+01 -5.837894e-05 
 2.246547e+01 -8.651446e-04 
 2.246587e+01 -1.697361e-03 
 2.246626e+01 -2.549885e-03 
 2.246666e+01 -3.420733e-03 
 2.246706e+01 -4.306783e-03 
 2.246746e+01 -5.205701e-03 
 2.246785e+01 -6.117683e-03 
 2.246825e+01 -7.045633e-03 
 2.246865e+01 -7.987497e-03 
 2.246905e+01 -8.941832e-03 
 2.246945e+01 -9.908032e-03 
 2.246984e+01 -1.088176e-02 
 2.247024e+01 -1.185776e-02 
 2.247064e+01 -1.283164e-02 
 2.247104e+01 -1.379468e-02 
 2.247143e+01 -1.473816e-02 
 2.247183e+01 -1.566469e-02 
 2.247223e+01 -1.657528e-02 
 2.247263e+01 -1.746792e-02 
 2.247302e+01 -1.833892e-02 
 2.247342e+01 -1.918251e-02 
 2.247382e+01 -1.998602e-02 
 2.247422e+01 -2.073528e-02 
 2.247462e+01 -2.142078e-02 
 2.247501e+01 -2.203372e-02 
 2.247541e+01 -2.257480e-02 
 2.247581e+01 -2.305303e-02 
 2.247621e+01 -2.348262e-02 
 2.247660e+01 -2.387657e-02 
 2.247700e+01 -2.424283e-02 
 2.247740e+01 -2.458466e-02 
 2.247780e+01 -2.490413e-02 
 2.247819e+01 -2.520462e-02 
 2.247859e+01 -2.548945e-02 
 2.247899e+01 -2.576392e-02 
 2.247939e+01 -2.603686e-02 
 2.247979e+01 -2.631272e-02 
 2.248018e+01 -2.659112e-02 
 2.248058e+01 -2.686837e-02 
 2.248098e+01 -2.713835e-02 
 2.248138e+01 -2.738884e-02 
 2.248177e+01 -2.761523e-02 
 2.248217e+01 -2.781384e-02 
 2.248257e+01 -2.798614e-02 
 2.248297e+01 -2.813494e-02 
 2.248336e+01 -2.826588e-02 
 2.248376e+01 -2.837484e-02 
 2.248416e+01 -2.846129e-02 
 2.248456e+01 -2.852473e-02 
 2.248496e+01 -2.856560e-02 
 2.248535e+01 -2.858472e-02 
 2.248575e+01 -2.858579e-02 
 2.248615e+01 -2.857038e-02 
 2.248655e+01 -2.854042e-02 
 2.248694e+01 -2.849878e-02 
 2.248734e+01 -2.844338e-02 
 2.248774e+01 -2.836909e-02 
 2.248814e+01 -2.827439e-02 
 2.248853e+01 -2.815717e-02 
 2.248893e+01 -2.801683e-02 
 2.248933e+01 -2.785427e-02 
 2.248973e+01 -2.766704e-02 
 2.249013e+01 -2.744954e-02 
 2.249052e+01 -2.720371e-02 
 2.249092e+01 -2.693260e-02 
 2.249132e+01 -2.664025e-02 
 2.249172e+01 -2.633654e-02 
 2.249211e+01 -2.602632e-02 
 2.249251e+01 -2.571164e-02 
 2.249291e+01 -2.539778e-02 
 2.249331e+01 -2.508670e-02 
 2.249370e+01 -2.478023e-02 
 2.249410e+01 -2.448748e-02 
 2.249450e+01 -2.422102e-02 
 2.249490e+01 -2.399310e-02 
 2.249530e+01 -2.381601e-02 
 2.249569e+01 -2.369624e-02 
 2.249609e+01 -2.363275e-02 
 2.249649e+01 -2.361852e-02 
 2.249689e+01 -2.365148e-02 
 2.249728e+01 -2.372790e-02 
 2.249768e+01 -2.384506e-02 
 2.249808e+01 -2.400233e-02 
 2.249848e+01 -2.419756e-02 
 2.249887e+01 -2.442266e-02 
 2.249927e+01 -2.466665e-02 
 2.249967e+01 -2.491675e-02 
 2.250007e+01 -2.515755e-02 
 2.250047e+01 -2.538457e-02 
 2.250086e+01 -2.559187e-02 
 2.250126e+01 -2.577833e-02 
 2.250166e+01 -2.595057e-02 
 2.250206e+01 -2.610929e-02 
 2.250245e+01 -2.625468e-02 
 2.250285e+01 -2.638941e-02 
 2.250325e+01 -2.651515e-02 
 2.250365e+01 -2.663581e-02 
 2.250404e+01 -2.675615e-02 
 2.250444e+01 -2.688811e-02 
 2.250484e+01 -2.703858e-02 
 2.250524e+01 -2.721708e-02 
 2.250564e+01 -2.742408e-02 
 2.250603e+01 -2.765536e-02 
 2.250643e+01 -2.790048e-02 
 2.250683e+01 -2.814702e-02 
 2.250723e+01 -2.838044e-02 
 2.250762e+01 -2.859375e-02 
 2.250802e+01 -2.878253e-02 
 2.250842e+01 -2.894982e-02 
 2.250882e+01 -2.909850e-02 
 2.250921e+01 -2.923551e-02 
 2.250961e+01 -2.937020e-02 
 2.251001e+01 -2.950776e-02 
 2.251041e+01 -2.965384e-02 
 2.251081e+01 -2.981394e-02 
 2.251120e+01 -2.999522e-02 
 2.251160e+01 -3.020788e-02 
 2.251200e+01 -3.046067e-02 
 2.251240e+01 -3.075364e-02 
 2.251279e+01 -3.108727e-02 
 2.251319e+01 -3.145926e-02 
 2.251359e+01 -3.186525e-02 
 2.251399e+01 -3.229852e-02 
 2.251438e+01 -3.275029e-02 
 2.251478e+01 -3.320958e-02 
 2.251518e+01 -3.366665e-02 
 2.251558e+01 -3.411410e-02 
 2.251598e+01 -3.454697e-02 
 2.251637e+01 -3.495729e-02 
 2.251677e+01 -3.533839e-02 
 2.251717e+01 -3.568633e-02 
 2.251757e+01 -3.600021e-02 
 2.251796e+01 -3.627747e-02 
 2.251836e+01 -3.651179e-02 
 2.251876e+01 -3.669236e-02 
 2.251916e+01 -3.681178e-02 
 2.251955e+01 -3.687214e-02 
 2.251995e+01 -3.687707e-02 
 2.252035e+01 -3.683799e-02 
 2.252075e+01 -3.676407e-02 
 2.252115e+01 -3.666309e-02 
 2.252154e+01 -3.654141e-02 
 2.252194e+01 -3.640283e-02 
 2.252234e+01 -3.624544e-02 
 2.252274e+01 -3.607138e-02 
 2.252313e+01 -3.588430e-02 
 2.252353e+01 -3.568974e-02 
 2.252393e+01 -3.549565e-02 
 2.252433e+01 -3.530544e-02 
 2.252472e+01 -3.511089e-02 
 2.252512e+01 -3.490190e-02 
 2.252552e+01 -3.466274e-02 
 2.252592e+01 -3.438054e-02 
 2.252632e+01 -3.404514e-02 
 2.252671e+01 -3.365200e-02 
 2.252711e+01 -3.320596e-02 
 2.252751e+01 -3.271221e-02 
 2.252791e+01 -3.218385e-02 
 2.252830e+01 -3.163084e-02 
 2.252870e+01 -3.106039e-02 
 2.252910e+01 -3.047549e-02 
 2.252950e+01 -2.987673e-02 
 2.252989e+01 -2.926718e-02 
 2.253029e+01 -2.865258e-02 
 2.253069e+01 -2.803669e-02 
 2.253109e+01 -2.742297e-02 
 2.253149e+01 -2.680593e-02 
 2.253188e+01 -2.618213e-02 
 2.253228e+01 -2.553802e-02 
 2.253268e+01 -2.486392e-02 
 2.253308e+01 -2.414637e-02 
 2.253347e+01 -2.337326e-02 
 2.253387e+01 -2.254054e-02 
 2.253427e+01 -2.164624e-02 
 2.253467e+01 -2.069032e-02 
 2.253506e+01 -1.967294e-02 
 2.253546e+01 -1.859493e-02 
 2.253586e+01 -1.746009e-02 
 2.253626e+01 -1.627568e-02 
 2.253666e+01 -1.505762e-02 
 2.253705e+01 -1.381828e-02 
 2.253745e+01 -1.257272e-02 
 2.253785e+01 -1.133600e-02 
 2.253825e+01 -1.011768e-02 
 2.253864e+01 -8.925149e-03 
 2.253904e+01 -7.758124e-03 
 2.253944e+01 -6.619921e-03 
 2.253984e+01 -5.515449e-03 
 2.254023e+01 -4.447192e-03 
 2.254063e+01 -3.423217e-03 
 2.254103e+01 -2.446843e-03 
 2.254143e+01 -1.516453e-03 
 2.254183e+01 -6.346665e-04 
 2.254222e+01  2.006786e-04 
 2.254262e+01  9.887845e-04 
 2.254302e+01  1.729482e-03 
 2.254342e+01  2.422744e-03 
 2.254381e+01  3.071108e-03 
 2.254421e+01  3.677184e-03 
 2.254461e+01  4.251049e-03 
 2.254501e+01  4.803883e-03 
 2.254540e+01  5.341201e-03 
 2.254580e+01  5.863706e-03 
 2.254620e+01  6.363979e-03 
 2.254660e+01  6.829629e-03 
 2.254700e+01  7.250372e-03 
 2.254739e+01  7.622524e-03 
 2.254779e+01  7.943178e-03 
 2.254819e+01  8.215698e-03 
 2.254859e+01  8.442661e-03 
 2.254898e+01  8.622126e-03 
 2.254938e+01  8.749208e-03 
 2.254978e+01  8.818568e-03 
 2.255018e+01  8.831745e-03 
 2.255057e+01  8.795710e-03 
 2.255097e+01  8.726247e-03 
 2.255137e+01  8.642872e-03 
 2.255177e+01  8.560242e-03 
 2.255217e+01  8.487852e-03 
 2.255256e+01  8.421699e-03 
 2.255296e+01  8.358654e-03 
 2.255336e+01  8.289044e-03 
 2.255376e+01  8.206871e-03 
 2.255415e+01  8.108050e-03 
 2.255455e+01  7.992192e-03 
 2.255495e+01  7.856136e-03 
 2.255535e+01  7.687718e-03 
 2.255575e+01  7.472850e-03 
 2.255614e+01  7.195387e-03 
 2.255654e+01  6.838398e-03 
 2.255694e+01  6.394531e-03 
 2.255734e+01  5.865467e-03 
 2.255773e+01  5.262490e-03 
 2.255813e+01  4.601131e-03 
 2.255853e+01  3.901975e-03 
 2.255893e+01  3.177713e-03 
 2.255932e+01  2.433390e-03 
 2.255972e+01  1.672551e-03 
 2.256012e+01  8.987828e-04 
 2.256052e+01  1.115901e-04 
 2.256092e+01 -6.833891e-04 
 2.256131e+01 -1.483735e-03 
 2.256171e+01 -2.285868e-03 
 2.256211e+01 -3.086876e-03 
 2.256251e+01 -3.882514e-03 
 2.256290e+01 -4.667918e-03 
 2.256330e+01 -5.441977e-03 
 2.256370e+01 -6.200931e-03 
 2.256410e+01 -6.941659e-03 
 2.256449e+01 -7.662318e-03 
 2.256489e+01 -8.361033e-03 
 2.256529e+01 -9.045495e-03 
 2.256569e+01 -9.720571e-03 
 2.256609e+01 -1.038879e-02 
 2.256648e+01 -1.105102e-02 
 2.256688e+01 -1.170373e-02 
 2.256728e+01 -1.234148e-02 
 2.256768e+01 -1.296536e-02 
 2.256807e+01 -1.357736e-02 
 2.256847e+01 -1.417785e-02 
 2.256887e+01 -1.476890e-02 
 2.256927e+01 -1.535333e-02 
 2.256966e+01 -1.592935e-02 
 2.257006e+01 -1.648669e-02 
 2.257046e+01 -1.701616e-02 
 2.257086e+01 -1.751137e-02 
 2.257126e+01 -1.796966e-02 
 2.257165e+01 -1.839905e-02 
 2.257205e+01 -1.881384e-02 
 2.257245e+01 -1.922519e-02 
 2.257285e+01 -1.964130e-02 
 2.257324e+01 -2.006561e-02 
 2.257364e+01 -2.049751e-02 
 2.257404e+01 -2.093496e-02 
 2.257444e+01 -2.137744e-02 
 2.257483e+01 -2.182932e-02 
 2.257523e+01 -2.229553e-02 
 2.257563e+01 -2.277880e-02 
 2.257603e+01 -2.327428e-02 
 2.257643e+01 -2.377162e-02 
 2.257682e+01 -2.424904e-02 
 2.257722e+01 -2.468295e-02 
 2.257762e+01 -2.505573e-02 
 2.257802e+01 -2.536082e-02 
 2.257841e+01 -2.559450e-02 
 2.257881e+01 -2.576155e-02 
 2.257921e+01 -2.587495e-02 
 2.257961e+01 -2.594007e-02 
 2.258000e+01 -2.595821e-02 
 2.258040e+01 -2.593639e-02 
 2.258080e+01 -2.587541e-02 
 2.258120e+01 -2.577712e-02 
 2.258160e+01 -2.564870e-02 
 2.258199e+01 -2.549826e-02 
 2.258239e+01 -2.533152e-02 
 2.258279e+01 -2.514978e-02 
 2.258319e+01 -2.494930e-02 
 2.258358e+01 -2.472638e-02 
 2.258398e+01 -2.447773e-02 
 2.258438e+01 -2.420176e-02 
 2.258478e+01 -2.389833e-02 
 2.258517e+01 -2.357280e-02 
 2.258557e+01 -2.323000e-02 
 2.258597e+01 -2.287764e-02 
 2.258637e+01 -2.251901e-02 
 2.258677e+01 -2.215715e-02 
 2.258716e+01 -2.179331e-02 
 2.258756e+01 -2.143034e-02 
 2.258796e+01 -2.107593e-02 
 2.258836e+01 -2.073731e-02 
 2.258875e+01 -2.042166e-02 
 2.258915e+01 -2.013626e-02 
 2.258955e+01 -1.988329e-02 
 2.258995e+01 -1.966422e-02 
 2.259034e+01 -1.947914e-02 
 2.259074e+01 -1.932774e-02 
 2.259114e+01 -1.920836e-02 
 2.259154e+01 -1.912133e-02 
 2.259194e+01 -1.907120e-02 
 2.259233e+01 -1.906129e-02 
 2.259273e+01 -1.908885e-02 
 2.259313e+01 -1.915394e-02 
 2.259353e+01 -1.925455e-02 
 2.259392e+01 -1.938534e-02 
 2.259432e+01 -1.954090e-02 
 2.259472e+01 -1.971681e-02 
 2.259512e+01 -1.990508e-02 
 2.259551e+01 -2.009681e-02 
 2.259591e+01 -2.027817e-02 
 2.259631e+01 -2.043923e-02 
 2.259671e+01 -2.057310e-02 
 2.259711e+01 -2.068096e-02 
 2.259750e+01 -2.077286e-02 
 2.259790e+01 -2.086678e-02 
 2.259830e+01 -2.098123e-02 
 2.259870e+01 -2.112954e-02 
 2.259909e+01 -2.132055e-02 
 2.259949e+01 -2.155628e-02 
 2.259989e+01 -2.183860e-02 
 2.260029e+01 -2.217086e-02 
 2.260068e+01 -2.256012e-02 
 2.260108e+01 -2.301259e-02 
 2.260148e+01 -2.353142e-02 
 2.260188e+01 -2.411157e-02 
 2.260228e+01 -2.473433e-02 
 2.260267e+01 -2.538413e-02 
 2.260307e+01 -2.604131e-02 
 2.260347e+01 -2.669370e-02 
 2.260387e+01 -2.733831e-02 
 2.260426e+01 -2.797748e-02 
 2.260466e+01 -2.862275e-02 
 2.260506e+01 -2.928162e-02 
 2.260546e+01 -2.995734e-02 
 2.260585e+01 -3.064948e-02 
 2.260625e+01 -3.135275e-02 
 2.260665e+01 -3.206498e-02 
 2.260705e+01 -3.278706e-02 
 2.260745e+01 -3.352219e-02 
 2.260784e+01 -3.427510e-02 
 2.260824e+01 -3.504627e-02 
 2.260864e+01 -3.583211e-02 
 2.260904e+01 -3.662276e-02 
 2.260943e+01 -3.740105e-02 
 2.260983e+01 -3.815094e-02 
 2.261023e+01 -3.885913e-02 
 2.261063e+01 -3.951835e-02 
 2.261102e+01 -4.012648e-02 
 2.261142e+01 -4.068558e-02 
 2.261182e+01 -4.119493e-02 
 2.261222e+01 -4.165099e-02 
 2.261262e+01 -4.204913e-02 
 2.261301e+01 -4.238529e-02 
 2.261341e+01 -4.265888e-02 
 2.261381e+01 -4.287093e-02 
 2.261421e+01 -4.302130e-02 
 2.261460e+01 -4.311035e-02 
 2.261500e+01 -4.313773e-02 
 2.261540e+01 -4.310311e-02 
 2.261580e+01 -4.301034e-02 
 2.261619e+01 -4.286408e-02 
 2.261659e+01 -4.267779e-02 
 2.261699e+01 -4.246565e-02 
 2.261739e+01 -4.224720e-02 
 2.261779e+01 -4.203426e-02 
 2.261818e+01 -4.183201e-02 
 2.261858e+01 -4.163978e-02 
 2.261898e+01 -4.145164e-02 
 2.261938e+01 -4.126317e-02 
 2.261977e+01 -4.106881e-02 
 2.262017e+01 -4.086375e-02 
 2.262057e+01 -4.064444e-02 
 2.262097e+01 -4.039926e-02 
 2.262136e+01 -4.012000e-02 
 2.262176e+01 -3.979368e-02 
 2.262216e+01 -3.940617e-02 
 2.262256e+01 -3.894831e-02 
 2.262296e+01 -3.842018e-02 
 2.262335e+01 -3.782898e-02 
 2.262375e+01 -3.718974e-02 
 2.262415e+01 -3.651979e-02 
 2.262455e+01 -3.582828e-02 
 2.262494e+01 -3.511928e-02 
 2.262534e+01 -3.439122e-02 
 2.262574e+01 -3.364035e-02 
 2.262614e+01 -3.287109e-02 
 2.262653e+01 -3.208930e-02 
 2.262693e+01 -3.129811e-02 
 2.262733e+01 -3.050086e-02 
 2.262773e+01 -2.968952e-02 
 2.262813e+01 -2.884884e-02 
 2.262852e+01 -2.796071e-02 
 2.262892e+01 -2.700660e-02 
 2.262932e+01 -2.597807e-02 
 2.262972e+01 -2.488121e-02 
 2.263011e+01 -2.372726e-02 
 2.263051e+01 -2.253277e-02 
 2.263091e+01 -2.130767e-02 
 2.263131e+01 -2.006127e-02 
 2.263170e+01 -1.879574e-02 
 2.263210e+01 -1.751615e-02 
 2.263250e+01 -1.623209e-02 
 2.263290e+01 -1.495423e-02 
 2.263330e+01 -1.369435e-02 
 2.263369e+01 -1.246725e-02 
 2.263409e+01 -1.128146e-02 
 2.263449e+01 -1.013934e-02 
 2.263489e+01 -9.039570e-03 
 2.263528e+01 -7.979222e-03 
 2.263568e+01 -6.957612e-03 
 2.263608e+01 -5.974968e-03 
 2.263648e+01 -5.037553e-03 
 2.263687e+01 -4.145501e-03 
 2.263727e+01 -3.298390e-03 
 2.263767e+01 -2.491213e-03 
 2.263807e+01 -1.718032e-03 
 2.263847e+01 -9.694307e-04 
 2.263886e+01 -2.368767e-04 
 2.263926e+01  4.838791e-04 
 2.263966e+01  1.197820e-03 
 2.264006e+01  1.903084e-03 
 2.264045e+01  2.603368e-03 
 2.264085e+01  3.298561e-03 
 2.264125e+01  3.988969e-03 
 2.264165e+01  4.673057e-03 
 2.264204e+01  5.345272e-03 
 2.264244e+01  5.996673e-03 
 2.264284e+01  6.618415e-03 
 2.264324e+01  7.201979e-03 
 2.264364e+01  7.740061e-03 
 2.264403e+01  8.223517e-03 
 2.264443e+01  8.648574e-03 
 2.264483e+01  9.009059e-03 
 2.264523e+01  9.300791e-03 
 2.264562e+01  9.524601e-03 
 2.264602e+01  9.683971e-03 
 2.264642e+01  9.784155e-03 
 2.264682e+01  9.837101e-03 
 2.264721e+01  9.856903e-03 
 2.264761e+01  9.855572e-03 
 2.264801e+01  9.839701e-03 
 2.264841e+01  9.808790e-03 
 2.264881e+01  9.755052e-03 
 2.264920e+01  9.662076e-03 
 2.264960e+01  9.511638e-03 
 2.265000e+01  9.291446e-03 
 2.265040e+01  8.992425e-03 
 2.265079e+01  8.611455e-03 
 2.265119e+01  8.150491e-03 
 2.265159e+01  7.613523e-03 
 2.265199e+01  7.000762e-03 
 2.265239e+01  6.312778e-03 
 2.265278e+01  5.548063e-03 
 2.265318e+01  4.708435e-03 
 2.265358e+01  3.805351e-03 
 2.265398e+01  2.852449e-03 
 2.265437e+01  1.872766e-03 
 2.265477e+01  8.817097e-04 
 2.265517e+01 -1.083758e-04 
 2.265557e+01 -1.090858e-03 
 2.265596e+01 -2.064357e-03 
 2.265636e+01 -3.029170e-03 
 2.265676e+01 -3.981273e-03 
 2.265716e+01 -4.914975e-03 
 2.265756e+01 -5.817765e-03 
 2.265795e+01 -6.681454e-03 
 2.265835e+01 -7.496046e-03 
 2.265875e+01 -8.263361e-03 
 2.265915e+01 -8.992241e-03 
 2.265954e+01 -9.691578e-03 
 2.265994e+01 -1.036779e-02 
 2.266034e+01 -1.102411e-02 
 2.266074e+01 -1.165866e-02 
 2.266113e+01 -1.226732e-02 
 2.266153e+01 -1.284870e-02 
 2.266193e+01 -1.340414e-02 
 2.266233e+01 -1.393663e-02 
 2.266273e+01 -1.445218e-02 
 2.266312e+01 -1.495619e-02 
 2.266352e+01 -1.545149e-02 
 2.266392e+01 -1.593542e-02 
 2.266432e+01 -1.640562e-02 
 2.266471e+01 -1.685951e-02 
 2.266511e+01 -1.729134e-02 
 2.266551e+01 -1.769521e-02 
 2.266591e+01 -1.806687e-02 
 2.266630e+01 -1.840091e-02 
 2.266670e+01 -1.869087e-02 
 2.266710e+01 -1.893390e-02 
 2.266750e+01 -1.913336e-02 
 2.266790e+01 -1.929485e-02 
 2.266829e+01 -1.943044e-02 
 2.266869e+01 -1.955279e-02 
 2.266909e+01 -1.967348e-02 
 2.266949e+01 -1.979518e-02 
 2.266988e+01 -1.991558e-02 
 2.267028e+01 -2.002877e-02 
 2.267068e+01 -2.012708e-02 
 2.267108e+01 -2.020108e-02 
 2.267147e+01 -2.024245e-02 
 2.267187e+01 -2.024837e-02 
 2.267227e+01 -2.021398e-02 
 2.267267e+01 -2.013661e-02 
 2.267307e+01 -2.001087e-02 
 2.267346e+01 -1.982823e-02 
 2.267386e+01 -1.958341e-02 
 2.267426e+01 -1.927788e-02 
 2.267466e+01 -1.891785e-02 
 2.267505e+01 -1.851187e-02 
 2.267545e+01 -1.807562e-02 
 2.267585e+01 -1.762257e-02 
 2.267625e+01 -1.716081e-02 
 2.267664e+01 -1.669307e-02 
 2.267704e+01 -1.622350e-02 
 2.267744e+01 -1.575530e-02 
 2.267784e+01 -1.529586e-02 
 2.267824e+01 -1.485774e-02 
 2.267863e+01 -1.445340e-02 
 2.267903e+01 -1.409026e-02 
 2.267943e+01 -1.376723e-02 
 2.267983e+01 -1.347744e-02 
 2.268022e+01 -1.320879e-02 
 2.268062e+01 -1.295358e-02 
 2.268102e+01 -1.271080e-02 
 2.268142e+01 -1.248501e-02 
 2.268181e+01 -1.228821e-02 
 2.268221e+01 -1.212540e-02 
 2.268261e+01 -1.200218e-02 
 2.268301e+01 -1.191349e-02 
 2.268341e+01 -1.185276e-02 
 2.268380e+01 -1.181309e-02 
 2.268420e+01 -1.179388e-02 
 2.268460e+01 -1.179690e-02 
 2.268500e+01 -1.182960e-02 
 2.268539e+01 -1.189710e-02 
 2.268579e+01 -1.200273e-02 
 2.268619e+01 -1.213782e-02 
 2.268659e+01 -1.229775e-02 
 2.268698e+01 -1.247708e-02 
 2.268738e+01 -1.267492e-02 
 2.268778e+01 -1.289534e-02 
 2.268818e+01 -1.314250e-02 
 2.268858e+01 -1.342173e-02 
 2.268897e+01 -1.372893e-02 
 2.268937e+01 -1.405323e-02 
 2.268977e+01 -1.438385e-02 
 2.269017e+01 -1.470531e-02 
 2.269056e+01 -1.501206e-02 
 2.269096e+01 -1.530669e-02 
 2.269136e+01 -1.559037e-02 
 2.269176e+01 -1.586856e-02 
 2.269215e+01 -1.614345e-02 
 2.269255e+01 -1.641929e-02 
 2.269295e+01 -1.670365e-02 
 2.269335e+01 -1.700775e-02 
 2.269375e+01 -1.734300e-02 
 2.269414e+01 -1.772417e-02 
 2.269454e+01 -1.816610e-02 
 2.269494e+01 -1.867750e-02 
 2.269534e+01 -1.925902e-02 
 2.269573e+01 -1.990775e-02 
 2.269613e+01 -2.061844e-02 
 2.269653e+01 -2.139051e-02 
 2.269693e+01 -2.222273e-02 
 2.269732e+01 -2.311495e-02 
 2.269772e+01 -2.406337e-02 
 2.269812e+01 -2.505314e-02 
 2.269852e+01 -2.606719e-02 
 2.269892e+01 -2.708525e-02 
 2.269931e+01 -2.809059e-02 
 2.269971e+01 -2.907290e-02 
 2.270011e+01 -3.003047e-02 
 2.270051e+01 -3.097309e-02 
 2.270090e+01 -3.191276e-02 
 2.270130e+01 -3.285291e-02 
 2.270170e+01 -3.379653e-02 
 2.270210e+01 -3.473430e-02 
 2.270249e+01 -3.565848e-02 
 2.270289e+01 -3.656689e-02 
 2.270329e+01 -3.745891e-02 
 2.270369e+01 -3.833912e-02 
 2.270409e+01 -3.921199e-02 
 2.270448e+01 -4.007935e-02 
 2.270488e+01 -4.094018e-02 
 2.270528e+01 -4.178396e-02 
 2.270568e+01 -4.259490e-02 
 2.270607e+01 -4.335849e-02 
 2.270647e+01 -4.406609e-02 
 2.270687e+01 -4.471558e-02 
 2.270727e+01 -4.531281e-02 
 2.270766e+01 -4.586335e-02 
 2.270806e+01 -4.636589e-02 
 2.270846e+01 -4.681908e-02 
 2.270886e+01 -4.721669e-02 
 2.270926e+01 -4.755588e-02 
 2.270965e+01 -4.783371e-02 
 2.271005e+01 -4.805210e-02 
 2.271045e+01 -4.822022e-02 
 2.271085e+01 -4.834410e-02 
 2.271124e+01 -4.843562e-02 
 2.271164e+01 -4.849875e-02 
 2.271204e+01 -4.853813e-02 
 2.271244e+01 -4.855127e-02 
 2.271283e+01 -4.854048e-02 
 2.271323e+01 -4.850944e-02 
 2.271363e+01 -4.846059e-02 
 2.271403e+01 -4.839494e-02 
 2.271443e+01 -4.830642e-02 
 2.271482e+01 -4.818576e-02 
 2.271522e+01 -4.802168e-02 
 2.271562e+01 -4.780305e-02 
 2.271602e+01 -4.751983e-02 
 2.271641e+01 -4.716373e-02 
 2.271681e+01 -4.672825e-02 
 2.271721e+01 -4.620914e-02 
 2.271761e+01 -4.560147e-02 
 2.271800e+01 -4.490074e-02 
 2.271840e+01 -4.410067e-02 
 2.271880e+01 -4.320137e-02 
 2.271920e+01 -4.221382e-02 
 2.271960e+01 -4.115283e-02 
 2.271999e+01 -4.003627e-02 
 2.272039e+01 -3.888123e-02 
 2.272079e+01 -3.769615e-02 
 2.272119e+01 -3.648880e-02 
 2.272158e+01 -3.526081e-02 
 2.272198e+01 -3.401209e-02 
 2.272238e+01 -3.274573e-02 
 2.272278e+01 -3.146414e-02 
 2.272317e+01 -3.017878e-02 
 2.272357e+01 -2.889196e-02 
 2.272397e+01 -2.760502e-02 
 2.272437e+01 -2.631370e-02 
 2.272477e+01 -2.500738e-02 
 2.272516e+01 -2.368458e-02 
 2.272556e+01 -2.234480e-02 
 2.272596e+01 -2.099353e-02 
 2.272636e+01 -1.964198e-02 
 2.272675e+01 -1.830204e-02 
 2.272715e+01 -1.698234e-02 
 2.272755e+01 -1.568956e-02 
 2.272795e+01 -1.442711e-02 
 2.272834e+01 -1.319577e-02 
 2.272874e+01 -1.200443e-02 
 2.272914e+01 -1.086420e-02 
 2.272954e+01 -9.787527e-03 
 2.272994e+01 -8.784293e-03 
 2.273033e+01 -7.857737e-03 
 2.273073e+01 -7.004760e-03 
 2.273113e+01 -6.213756e-03 
 2.273153e+01 -5.470670e-03 
 2.273192e+01 -4.766629e-03 
 2.273232e+01 -4.092575e-03 
 2.273272e+01 -3.449790e-03 
 2.273312e+01 -2.835818e-03 
 2.273351e+01 -2.249571e-03 
 2.273391e+01 -1.689060e-03 
 2.273431e+01 -1.146047e-03 
 2.273471e+01 -6.121812e-04 
 2.273511e+01 -8.212211e-05 
 2.273550e+01  4.453460e-04 
 2.273590e+01  9.688922e-04 
 2.273630e+01  1.482733e-03 
 2.273670e+01  1.976868e-03 
 2.273709e+01  2.445349e-03 
 2.273749e+01  2.885459e-03 
 2.273789e+01  3.290327e-03 
 2.273829e+01  3.653905e-03 
 2.273868e+01  3.967482e-03 
 2.273908e+01  4.222440e-03 
 2.273948e+01  4.411522e-03 
 2.273988e+01  4.528350e-03 
 2.274028e+01  4.572263e-03 
 2.274067e+01  4.542688e-03 
 2.274107e+01  4.447761e-03 
 2.274147e+01  4.294043e-03 
 2.274187e+01  4.088291e-03 
 2.274226e+01  3.838513e-03 
 2.274266e+01  3.548200e-03 
 2.274306e+01  3.224286e-03 
 2.274346e+01  2.878200e-03 
 2.274386e+01  2.517889e-03 
 2.274425e+01  2.148770e-03 
 2.274465e+01  1.766818e-03 
 2.274505e+01  1.369110e-03 
 2.274545e+01  9.459864e-04 
 2.274584e+01  4.927700e-04 
 2.274624e+01  7.605789e-06 
 2.274664e+01 -5.107116e-04 
 2.274704e+01 -1.055447e-03 
 2.274743e+01 -1.622060e-03 
 2.274783e+01 -2.211895e-03 
 2.274823e+01 -2.828189e-03 
 2.274863e+01 -3.479644e-03 
 2.274903e+01 -4.167294e-03 
 2.274942e+01 -4.881991e-03 
 2.274982e+01 -5.603861e-03 
 2.275022e+01 -6.311757e-03 
 2.275062e+01 -6.982177e-03 
 2.275101e+01 -7.602823e-03 
 2.275141e+01 -8.172761e-03 
 2.275181e+01 -8.696337e-03 
 2.275221e+01 -9.181069e-03 
 2.275260e+01 -9.632823e-03 
 2.275300e+01 -1.005700e-02 
 2.275340e+01 -1.045282e-02 
 2.275380e+01 -1.081623e-02 
 2.275420e+01 -1.115042e-02 
 2.275459e+01 -1.146349e-02 
 2.275499e+01 -1.176591e-02 
 2.275539e+01 -1.207328e-02 
 2.275579e+01 -1.239041e-02 
 2.275618e+01 -1.272144e-02 
 2.275658e+01 -1.306305e-02 
 2.275698e+01 -1.341031e-02 
 2.275738e+01 -1.375983e-02 
 2.275777e+01 -1.410897e-02 
 2.275817e+01 -1.445636e-02 
 2.275857e+01 -1.479836e-02 
 2.275897e+01 -1.513572e-02 
 2.275937e+01 -1.546323e-02 
 2.275976e+01 -1.576986e-02 
 2.276016e+01 -1.604766e-02 
 2.276056e+01 -1.629242e-02 
 2.276096e+01 -1.650172e-02 
 2.276135e+01 -1.667589e-02 
 2.276175e+01 -1.681589e-02 
 2.276215e+01 -1.691881e-02 
 2.276255e+01 -1.698159e-02 
 2.276294e+01 -1.699970e-02 
 2.276334e+01 -1.697152e-02 
 2.276374e+01 -1.689788e-02 
 2.276414e+01 -1.678124e-02 
 2.276454e+01 -1.662544e-02 
 2.276493e+01 -1.643461e-02 
 2.276533e+01 -1.621116e-02 
 2.276573e+01 -1.595245e-02 
 2.276613e+01 -1.565469e-02 
 2.276652e+01 -1.531957e-02 
 2.276692e+01 -1.494986e-02 
 2.276732e+01 -1.455028e-02 
 2.276772e+01 -1.412653e-02 
 2.276811e+01 -1.367866e-02 
 2.276851e+01 -1.320030e-02 
 2.276891e+01 -1.268449e-02 
 2.276931e+01 -1.212491e-02 
 2.276971e+01 -1.151762e-02 
 2.277010e+01 -1.086644e-02 
 2.277050e+01 -1.018373e-02 
 2.277090e+01 -9.485899e-03 
 2.277130e+01 -8.790753e-03 
 2.277169e+01 -8.111101e-03 
 2.277209e+01 -7.454721e-03 
 2.277249e+01 -6.825566e-03 
 2.277289e+01 -6.230015e-03 
 2.277328e+01 -5.675460e-03 
 2.277368e+01 -5.172837e-03 
 2.277408e+01 -4.730091e-03 
 2.277448e+01 -4.353186e-03 
 2.277488e+01 -4.039137e-03 
 2.277527e+01 -3.782105e-03 
 2.277567e+01 -3.569414e-03 
 2.277607e+01 -3.388796e-03 
 2.277647e+01 -3.234000e-03 
 2.277686e+01 -3.104703e-03 
 2.277726e+01 -3.000309e-03 
 2.277766e+01 -2.925853e-03 
 2.277806e+01 -2.881909e-03 
 2.277845e+01 -2.861556e-03 
 2.277885e+01 -2.859893e-03 
 2.277925e+01 -2.875952e-03 
 2.277965e+01 -2.909176e-03 
 2.278005e+01 -2.969232e-03 
 2.278044e+01 -3.068100e-03 
 2.278084e+01 -3.216681e-03 
 2.278124e+01 -3.421197e-03 
 2.278164e+01 -3.684819e-03 
 2.278203e+01 -4.004098e-03 
 2.278243e+01 -4.373230e-03 
 2.278283e+01 -4.786740e-03 
 2.278323e+01 -5.241035e-03 
 2.278362e+01 -5.734348e-03 
 2.278402e+01 -6.265196e-03 
 2.278442e+01 -6.833086e-03 
 2.278482e+01 -7.436961e-03 
 2.278522e+01 -8.073964e-03 
 2.278561e+01 -8.741649e-03 
 2.278601e+01 -9.442939e-03 
 2.278641e+01 -1.018246e-02 
 2.278681e+01 -1.095900e-02 
 2.278720e+01 -1.177197e-02 
 2.278760e+01 -1.262127e-02 
 2.278800e+01 -1.349928e-02 
 2.278840e+01 -1.440228e-02 
 2.278879e+01 -1.533452e-02 
 2.278919e+01 -1.629940e-02 
 2.278959e+01 -1.730390e-02 
 2.278999e+01 -1.835281e-02 
 2.279039e+01 -1.945438e-02 
 2.279078e+01 -2.060731e-02 
 2.279118e+01 -2.180582e-02 
 2.279158e+01 -2.304433e-02 
 2.279198e+01 -2.431529e-02 
 2.279237e+01 -2.561583e-02 
 2.279277e+01 -2.693945e-02 
 2.279317e+01 -2.828153e-02 
 2.279357e+01 -2.962851e-02 
 2.279396e+01 -3.096262e-02 
 2.279436e+01 -3.226314e-02 
 2.279476e+01 -3.350928e-02 
 2.279516e+01 -3.468754e-02 
 2.279556e+01 -3.579174e-02 
 2.279595e+01 -3.682261e-02 
 2.279635e+01 -3.778933e-02 
 2.279675e+01 -3.869879e-02 
 2.279715e+01 -3.955723e-02 
 2.279754e+01 -4.036561e-02 
 2.279794e+01 -4.112219e-02 
 2.279834e+01 -4.182807e-02 
 2.279874e+01 -4.248860e-02 
 2.279913e+01 -4.311701e-02 
 2.279953e+01 -4.372477e-02 
 2.279993e+01 -4.432101e-02 
 2.280033e+01 -4.491095e-02 
 2.280073e+01 -4.548636e-02 
 2.280112e+01 -4.603874e-02 
 2.280152e+01 -4.655632e-02 
 2.280192e+01 -4.702430e-02 
 2.280232e+01 -4.743761e-02 
 2.280271e+01 -4.779460e-02 
 2.280311e+01 -4.809604e-02 
 2.280351e+01 -4.834399e-02 
 2.280391e+01 -4.854338e-02 
 2.280430e+01 -4.869535e-02 
 2.280470e+01 -4.880173e-02 
 2.280510e+01 -4.887081e-02 
 2.280550e+01 -4.890836e-02 
 2.280590e+01 -4.891788e-02 
 2.280629e+01 -4.890479e-02 
 2.280669e+01 -4.886809e-02 
 2.280709e+01 -4.880480e-02 
 2.280749e+01 -4.871256e-02 
 2.280788e+01 -4.859057e-02 
 2.280828e+01 -4.844037e-02 
 2.280868e+01 -4.826140e-02 
 2.280908e+01 -4.805618e-02 
 2.280947e+01 -4.782181e-02 
 2.280987e+01 -4.755440e-02 
 2.281027e+01 -4.724677e-02 
 2.281067e+01 -4.688963e-02 
 2.281107e+01 -4.647763e-02 
 2.281146e+01 -4.600625e-02 
 2.281186e+01 -4.547285e-02 
 2.281226e+01 -4.487401e-02 
 2.281266e+01 -4.420620e-02 
 2.281305e+01 -4.346460e-02 
 2.281345e+01 -4.264594e-02 
 2.281385e+01 -4.174936e-02 
 2.281425e+01 -4.077776e-02 
 2.281464e+01 -3.973966e-02 
 2.281504e+01 -3.865315e-02 
 2.281544e+01 -3.753251e-02 
 2.281584e+01 -3.639312e-02 
 2.281624e+01 -3.524536e-02 
 2.281663e+01 -3.409203e-02 
 2.281703e+01 -3.293849e-02 
 2.281743e+01 -3.179375e-02 
 2.281783e+01 -3.066774e-02 
 2.281822e+01 -2.956796e-02 
 2.281862e+01 -2.850339e-02 
 2.281902e+01 -2.747562e-02 
 2.281942e+01 -2.647864e-02 
 2.281981e+01 -2.550248e-02 
 2.282021e+01 -2.453137e-02 
 2.282061e+01 -2.355389e-02 
 2.282101e+01 -2.255907e-02 
 2.282141e+01 -2.154741e-02 
 2.282180e+01 -2.052574e-02 
 2.282220e+01 -1.950231e-02 
 2.282260e+01 -1.848773e-02 
 2.282300e+01 -1.748771e-02 
 2.282339e+01 -1.650667e-02 
 2.282379e+01 -1.554850e-02 
 2.282419e+01 -1.461875e-02 
 2.282459e+01 -1.372603e-02 
 2.282498e+01 -1.287937e-02 
 2.282538e+01 -1.208423e-02 
 2.282578e+01 -1.134236e-02 
 2.282618e+01 -1.064540e-02 
 2.282658e+01 -9.983550e-03 
 2.282697e+01 -9.342984e-03 
 2.282737e+01 -8.714556e-03 
 2.282777e+01 -8.092945e-03 
 2.282817e+01 -7.480427e-03 
 2.282856e+01 -6.881632e-03 
 2.282896e+01 -6.299235e-03 
 2.282936e+01 -5.733019e-03 
 2.282976e+01 -5.183253e-03 
 2.283015e+01 -4.648892e-03 
 2.283055e+01 -4.128135e-03 
 2.283095e+01 -3.626879e-03 
 2.283135e+01 -3.154144e-03 
 2.283175e+01 -2.721319e-03 
 2.283214e+01 -2.338858e-03 
 2.283254e+01 -2.010797e-03 
 2.283294e+01 -1.740178e-03 
 2.283334e+01 -1.529033e-03 
 2.283373e+01 -1.379466e-03 
 2.283413e+01 -1.300614e-03 
 2.283453e+01 -1.297019e-03 
 2.283493e+01 -1.371088e-03 
 2.283533e+01 -1.523101e-03 
 2.283572e+01 -1.747817e-03 
 2.283612e+01 -2.043711e-03 
 2.283652e+01 -2.411050e-03 
 2.283692e+01 -2.846056e-03 
 2.283731e+01 -3.347835e-03 
 2.283771e+01 -3.908734e-03 
 2.283811e+01 -4.517900e-03 
 2.283851e+01 -5.157149e-03 
 2.283890e+01 -5.802703e-03 
 2.283930e+01 -6.433108e-03 
 2.283970e+01 -7.032213e-03 
 2.284010e+01 -7.593197e-03 
 2.284050e+01 -8.120646e-03 
 2.284089e+01 -8.624771e-03 
 2.284129e+01 -9.115375e-03 
 2.284169e+01 -9.597480e-03 
 2.284209e+01 -1.007140e-02 
 2.284248e+01 -1.053879e-02 
 2.284288e+01 -1.099966e-02 
 2.284328e+01 -1.145441e-02 
 2.284368e+01 -1.190678e-02 
 2.284407e+01 -1.235975e-02 
 2.284447e+01 -1.281087e-02 
 2.284487e+01 -1.325432e-02 
 2.284527e+01 -1.367478e-02 
 2.284567e+01 -1.405700e-02 
 2.284606e+01 -1.438179e-02 
 2.284646e+01 -1.464277e-02 
 2.284686e+01 -1.484059e-02 
 2.284726e+01 -1.497930e-02 
 2.284765e+01 -1.506747e-02 
 2.284805e+01 -1.511376e-02 
 2.284845e+01 -1.512263e-02 
 2.284885e+01 -1.509940e-02 
 2.284924e+01 -1.504844e-02 
 2.284964e+01 -1.497368e-02 
 2.285004e+01 -1.488259e-02 
 2.285044e+01 -1.478737e-02 
 2.285084e+01 -1.469871e-02 
 2.285123e+01 -1.462417e-02 
 2.285163e+01 -1.456449e-02 
 2.285203e+01 -1.451542e-02 
 2.285243e+01 -1.446879e-02 
 2.285282e+01 -1.441303e-02 
 2.285322e+01 -1.434085e-02 
 2.285362e+01 -1.424805e-02 
 2.285402e+01 -1.413041e-02 
 2.285441e+01 -1.398654e-02 
 2.285481e+01 -1.381650e-02 
 2.285521e+01 -1.361741e-02 
 2.285561e+01 -1.338526e-02 
 2.285601e+01 -1.311884e-02 
 2.285640e+01 -1.281803e-02 
 2.285680e+01 -1.248072e-02 
 2.285720e+01 -1.210660e-02 
 2.285760e+01 -1.169040e-02 
 2.285799e+01 -1.123004e-02 
 2.285839e+01 -1.072015e-02 
 2.285879e+01 -1.016416e-02 
 2.285919e+01 -9.564845e-03 
 2.285958e+01 -8.931979e-03 
 2.285998e+01 -8.275451e-03 
 2.286038e+01 -7.609408e-03 
 2.286078e+01 -6.946068e-03 
 2.286118e+01 -6.292625e-03 
 2.286157e+01 -5.653322e-03 
 2.286197e+01 -5.028092e-03 
 2.286237e+01 -4.418762e-03 
 2.286277e+01 -3.826230e-03 
 2.286316e+01 -3.256384e-03 
 2.286356e+01 -2.713406e-03 
 2.286396e+01 -2.192927e-03 
 2.286436e+01 -1.690997e-03 
 2.286475e+01 -1.201512e-03 
 2.286515e+01 -7.190539e-04 
 2.286555e+01 -2.445630e-04 
 2.286595e+01  2.170664e-04 
 2.286635e+01  6.553426e-04 
 2.286674e+01  1.061537e-03 
 2.286714e+01  1.425738e-03 
 2.286754e+01  1.741187e-03 
 2.286794e+01  2.002615e-03 
 2.286833e+01  2.211459e-03 
 2.286873e+01  2.363899e-03 
 2.286913e+01  2.455620e-03 
 2.286953e+01  2.480341e-03 
 2.286992e+01  2.435483e-03 
 2.287032e+01  2.324826e-03 
 2.287072e+01  2.161923e-03 
 2.287112e+01  1.965738e-03 
 2.287152e+01  1.755729e-03 
 2.287191e+01  1.549917e-03 
 2.287231e+01  1.358173e-03 
 2.287271e+01  1.187057e-03 
 2.287311e+01  1.036814e-03 
 2.287350e+01  8.975145e-04 
 2.287390e+01  7.606443e-04 
 2.287430e+01  6.157162e-04 
 2.287470e+01  4.574811e-04 
 2.287509e+01  2.832810e-04 
 2.287549e+01  8.820648e-05 
 2.287589e+01 -1.319700e-04 
 2.287629e+01 -3.859361e-04 
 2.287669e+01 -6.809837e-04 
 2.287708e+01 -1.022727e-03 
 2.287748e+01 -1.411532e-03 
 2.287788e+01 -1.845443e-03 
 2.287828e+01 -2.323832e-03 
 2.287867e+01 -2.843078e-03 
 2.287907e+01 -3.399615e-03 
 2.287947e+01 -4.001756e-03 
 2.287987e+01 -4.652614e-03 
 2.288026e+01 -5.356587e-03 
 2.288066e+01 -6.117163e-03 
 2.288106e+01 -6.931687e-03 
 2.288146e+01 -7.795186e-03 
 2.288186e+01 -8.697067e-03 
 2.288225e+01 -9.634113e-03 
 2.288265e+01 -1.060471e-02 
 2.288305e+01 -1.160466e-02 
 2.288345e+01 -1.263298e-02 
 2.288384e+01 -1.368968e-02 
 2.288424e+01 -1.477732e-02 
 2.288464e+01 -1.589238e-02 
 2.288504e+01 -1.703168e-02 
 2.288543e+01 -1.819494e-02 
 2.288583e+01 -1.937750e-02 
 2.288623e+01 -2.058020e-02 
 2.288663e+01 -2.180097e-02 
 2.288703e+01 -2.303641e-02 
 2.288742e+01 -2.428154e-02 
 2.288782e+01 -2.553323e-02 
 2.288822e+01 -2.678950e-02 
 2.288862e+01 -2.804357e-02 
 2.288901e+01 -2.928845e-02 
 2.288941e+01 -3.051061e-02 
 2.288981e+01 -3.169558e-02 
 2.289021e+01 -3.282843e-02 
 2.289060e+01 -3.389430e-02 
 2.289100e+01 -3.488326e-02 
 2.289140e+01 -3.578837e-02 
 2.289180e+01 -3.661369e-02 
 2.289220e+01 -3.737430e-02 
 2.289259e+01 -3.808827e-02 
 2.289299e+01 -3.877076e-02 
 2.289339e+01 -3.943409e-02 
 2.289379e+01 -4.008205e-02 
 2.289418e+01 -4.071935e-02 
 2.289458e+01 -4.135033e-02 
 2.289498e+01 -4.197770e-02 
 2.289538e+01 -4.260280e-02 
 2.289577e+01 -4.322611e-02 
 2.289617e+01 -4.384691e-02 
 2.289657e+01 -4.445566e-02 
 2.289697e+01 -4.503999e-02 
 2.289737e+01 -4.558345e-02 
 2.289776e+01 -4.607352e-02 
 2.289816e+01 -4.650794e-02 
 2.289856e+01 -4.688212e-02 
 2.289896e+01 -4.720257e-02 
 2.289935e+01 -4.747342e-02 
 2.289975e+01 -4.769385e-02 
 2.290015e+01 -4.786005e-02 
 2.290055e+01 -4.796812e-02 
 2.290094e+01 -4.801706e-02 
 2.290134e+01 -4.800197e-02 
 2.290174e+01 -4.792580e-02 
 2.290214e+01 -4.779539e-02 
 2.290254e+01 -4.761356e-02 
 2.290293e+01 -4.738816e-02 
 2.290333e+01 -4.711866e-02 
 2.290373e+01 -4.680349e-02 
 2.290413e+01 -4.643883e-02 
 2.290452e+01 -4.602449e-02 
 2.290492e+01 -4.556113e-02 
 2.290532e+01 -4.504910e-02 
 2.290572e+01 -4.449265e-02 
 2.290611e+01 -4.389305e-02 
 2.290651e+01 -4.325038e-02 
 2.290691e+01 -4.256501e-02 
 2.290731e+01 -4.183580e-02 
 2.290771e+01 -4.106297e-02 
 2.290810e+01 -4.024519e-02 
 2.290850e+01 -3.938656e-02 
 2.290890e+01 -3.848897e-02 
 2.290930e+01 -3.755773e-02 
 2.290969e+01 -3.659405e-02 
 2.291009e+01 -3.560414e-02 
 2.291049e+01 -3.459961e-02 
 2.291089e+01 -3.359231e-02 
 2.291128e+01 -3.259933e-02 
 2.291168e+01 -3.163577e-02 
 2.291208e+01 -3.071565e-02 
 2.291248e+01 -2.984964e-02 
 2.291288e+01 -2.904196e-02 
 2.291327e+01 -2.829249e-02 
 2.291367e+01 -2.759754e-02 
 2.291407e+01 -2.695010e-02 
 2.291447e+01 -2.634972e-02 
 2.291486e+01 -2.578749e-02 
 2.291526e+01 -2.525330e-02 
 2.291566e+01 -2.473866e-02 
 2.291606e+01 -2.422591e-02 
 2.291645e+01 -2.370193e-02 
 2.291685e+01 -2.315765e-02 
 2.291725e+01 -2.259098e-02 
 2.291765e+01 -2.200411e-02 
 2.291805e+01 -2.140487e-02 
 2.291844e+01 -2.080530e-02 
 2.291884e+01 -2.020997e-02 
 2.291924e+01 -1.962505e-02 
 2.291964e+01 -1.905420e-02 
 2.292003e+01 -1.849981e-02 
 2.292043e+01 -1.796746e-02 
 2.292083e+01 -1.746340e-02 
 2.292123e+01 -1.699336e-02 
 2.292162e+01 -1.656367e-02 
 2.292202e+01 -1.617249e-02 
 2.292242e+01 -1.581165e-02 
 2.292282e+01 -1.546873e-02 
 2.292322e+01 -1.512992e-02 
 2.292361e+01 -1.478887e-02 
 2.292401e+01 -1.444591e-02 
 2.292441e+01 -1.410916e-02 
 2.292481e+01 -1.378443e-02 
 2.292520e+01 -1.347791e-02 
 2.292560e+01 -1.319403e-02 
 2.292600e+01 -1.293398e-02 
 2.292640e+01 -1.269730e-02 
 2.292680e+01 -1.248322e-02 
 2.292719e+01 -1.229364e-02 
 2.292759e+01 -1.213124e-02 
 2.292799e+01 -1.200529e-02 
 2.292839e+01 -1.191842e-02 
 2.292878e+01 -1.187072e-02 
 2.292918e+01 -1.185930e-02 
 2.292958e+01 -1.188365e-02 
 2.292998e+01 -1.194464e-02 
 2.293037e+01 -1.204524e-02 
 2.293077e+01 -1.218612e-02 
 2.293117e+01 -1.236698e-02 
 2.293157e+01 -1.258468e-02 
 2.293197e+01 -1.283691e-02 
 2.293236e+01 -1.311730e-02 
 2.293276e+01 -1.341597e-02 
 2.293316e+01 -1.371930e-02 
 2.293356e+01 -1.401809e-02 
 2.293395e+01 -1.429996e-02 
 2.293435e+01 -1.455550e-02 
 2.293475e+01 -1.477396e-02 
 2.293515e+01 -1.494519e-02 
 2.293554e+01 -1.506895e-02 
 2.293594e+01 -1.515290e-02 
 2.293634e+01 -1.520284e-02 
 2.293674e+01 -1.522882e-02 
 2.293714e+01 -1.523936e-02 
 2.293753e+01 -1.524074e-02 
 2.293793e+01 -1.523764e-02 
 2.293833e+01 -1.523921e-02 
 2.293873e+01 -1.524943e-02 
 2.293912e+01 -1.527277e-02 
 2.293952e+01 -1.531395e-02 
 2.293992e+01 -1.537573e-02 
 2.294032e+01 -1.545982e-02 
 2.294071e+01 -1.555867e-02 
 2.294111e+01 -1.565933e-02 
 2.294151e+01 -1.574806e-02 
 2.294191e+01 -1.581052e-02 
 2.294231e+01 -1.583801e-02 
 2.294270e+01 -1.582703e-02 
 2.294310e+01 -1.578025e-02 
 2.294350e+01 -1.570518e-02 
 2.294390e+01 -1.561066e-02 
 2.294429e+01 -1.550786e-02 
 2.294469e+01 -1.540447e-02 
 2.294509e+01 -1.530234e-02 
 2.294549e+01 -1.519895e-02 
 2.294588e+01 -1.509340e-02 
 2.294628e+01 -1.498528e-02 
 2.294668e+01 -1.487249e-02 
 2.294708e+01 -1.475405e-02 
 2.294748e+01 -1.462748e-02 
 2.294787e+01 -1.448383e-02 
 2.294827e+01 -1.431830e-02 
 2.294867e+01 -1.412523e-02 
 2.294907e+01 -1.389962e-02 
 2.294946e+01 -1.363648e-02 
 2.294986e+01 -1.333180e-02 
 2.295026e+01 -1.298514e-02 
 2.295066e+01 -1.259930e-02 
 2.295105e+01 -1.217241e-02 
 2.295145e+01 -1.170276e-02 
 2.295185e+01 -1.118588e-02 
 2.295225e+01 -1.062087e-02 
 2.295265e+01 -1.000796e-02 
 2.295304e+01 -9.349863e-03 
 2.295344e+01 -8.651497e-03 
 2.295384e+01 -7.920543e-03 
 2.295424e+01 -7.165396e-03 
 2.295463e+01 -6.400292e-03 
 2.295503e+01 -5.632101e-03 
 2.295543e+01 -4.868430e-03 
 2.295583e+01 -4.114356e-03 
 2.295622e+01 -3.372650e-03 
 2.295662e+01 -2.649792e-03 
 2.295702e+01 -1.953595e-03 
 2.295742e+01 -1.286168e-03 
 2.295782e+01 -6.522354e-04 
 2.295821e+01 -5.612131e-05 
 2.295861e+01  5.037328e-04 
 2.295901e+01  1.028354e-03 
 2.295941e+01  1.518323e-03 
 2.295980e+01  1.978666e-03 
 2.296020e+01  2.415177e-03 
 2.296060e+01  2.831326e-03 
 2.296100e+01  3.229711e-03 
 2.296139e+01  3.614426e-03 
 2.296179e+01  3.984016e-03 
 2.296219e+01  4.336138e-03 
 2.296259e+01  4.662178e-03 
 2.296299e+01  4.955708e-03 
 2.296338e+01  5.208373e-03 
 2.296378e+01  5.410275e-03 
 2.296418e+01  5.557115e-03 
 2.296458e+01  5.646041e-03 
 2.296497e+01  5.678548e-03 
 2.296537e+01  5.656788e-03 
 2.296577e+01  5.584901e-03 
 2.296617e+01  5.472869e-03 
 2.296656e+01  5.329724e-03 
 2.296696e+01  5.165097e-03 
 2.296736e+01  4.988727e-03 
 2.296776e+01  4.809221e-03 
 2.296816e+01  4.629622e-03 
 2.296855e+01  4.449097e-03 
 2.296895e+01  4.265898e-03 
 2.296935e+01  4.072969e-03 
 2.296975e+01  3.859835e-03 
 2.297014e+01  3.619254e-03 
 2.297054e+01  3.345987e-03 
 2.297094e+01  3.036391e-03 
 2.297134e+01  2.687540e-03 
 2.297173e+01  2.292910e-03 
 2.297213e+01  1.846799e-03 
 2.297253e+01  1.340143e-03 
 2.297293e+01  7.651851e-04 
 2.297333e+01  1.179565e-04 
 2.297372e+01 -6.012125e-04 
 2.297412e+01 -1.382137e-03 
 2.297452e+01 -2.212457e-03 
 2.297492e+01 -3.079703e-03 
 2.297531e+01 -3.974848e-03 
 2.297571e+01 -4.895672e-03 
 2.297611e+01 -5.842193e-03 
 2.297651e+01 -6.811193e-03 
 2.297690e+01 -7.800788e-03 
 2.297730e+01 -8.804768e-03 
 2.297770e+01 -9.816508e-03 
 2.297810e+01 -1.082806e-02 
 2.297850e+01 -1.183339e-02 
 2.297889e+01 -1.282771e-02 
 2.297929e+01 -1.381078e-02 
 2.297969e+01 -1.478362e-02 
 2.298009e+01 -1.574735e-02 
 2.298048e+01 -1.670217e-02 
 2.298088e+01 -1.764617e-02 
 2.298128e+01 -1.857840e-02 
 2.298168e+01 -1.950332e-02 
 2.298207e+01 -2.042483e-02 
 2.298247e+01 -2.134572e-02 
 2.298287e+01 -2.226603e-02 
 2.298327e+01 -2.318515e-02 
 2.298367e+01 -2.409764e-02 
 2.298406e+01 -2.499770e-02 
 2.298446e+01 -2.588098e-02 
 2.298486e+01 -2.674196e-02 
 2.298526e+01 -2.757286e-02 
 2.298565e+01 -2.837003e-02 
 2.298605e+01 -2.913139e-02 
 2.298645e+01 -2.985337e-02 
 2.298685e+01 -3.053259e-02 
 2.298724e+01 -3.116978e-02 
 2.298764e+01 -3.177141e-02 
 2.298804e+01 -3.234966e-02 
 2.298844e+01 -3.291942e-02 
 2.298884e+01 -3.349022e-02 
 2.298923e+01 -3.406829e-02 
 2.298963e+01 -3.465596e-02 
 2.299003e+01 -3.525488e-02 
 2.299043e+01 -3.586535e-02 
 2.299082e+01 -3.648812e-02 
 2.299122e+01 -3.712276e-02 
 2.299162e+01 -3.776934e-02 
 2.299202e+01 -3.842593e-02 
 2.299241e+01 -3.908591e-02 
 2.299281e+01 -3.973579e-02 
 2.299321e+01 -4.035571e-02 
 2.299361e+01 -4.092677e-02 
 2.299401e+01 -4.143717e-02 
 2.299440e+01 -4.188390e-02 
 2.299480e+01 -4.226790e-02 
 2.299520e+01 -4.259075e-02 
 2.299560e+01 -4.285735e-02 
 2.299599e+01 -4.306754e-02 
 2.299639e+01 -4.322285e-02 
 2.299679e+01 -4.332168e-02 
 2.299719e+01 -4.336248e-02 
 2.299758e+01 -4.334494e-02 
 2.299798e+01 -4.327600e-02 
 2.299838e+01 -4.316598e-02 
 2.299878e+01 -4.302288e-02 
 2.299918e+01 -4.285060e-02 
 2.299957e+01 -4.264972e-02 
 2.299997e+01 -4.242096e-02 
 2.300037e+01 -4.216343e-02 
 2.300077e+01 -4.187848e-02 
 2.300116e+01 -4.156412e-02 
 2.300156e+01 -4.122299e-02 
 2.300196e+01 -4.085566e-02 
 2.300236e+01 -4.046266e-02 
 2.300275e+01 -4.004041e-02 
 2.300315e+01 -3.958572e-02 
 2.300355e+01 -3.909400e-02 
 2.300395e+01 -3.856663e-02 
 2.300435e+01 -3.800866e-02 
 2.300474e+01 -3.742705e-02 
 2.300514e+01 -3.682942e-02 
 2.300554e+01 -3.622256e-02 
 2.300594e+01 -3.561112e-02 
 2.300633e+01 -3.500119e-02 
 2.300673e+01 -3.439424e-02 
 2.300713e+01 -3.379347e-02 
 2.300753e+01 -3.320300e-02 
 2.300792e+01 -3.262882e-02 
 2.300832e+01 -3.207590e-02 
 2.300872e+01 -3.154570e-02 
 2.300912e+01 -3.103814e-02 
 2.300952e+01 -3.054811e-02 
 2.300991e+01 -3.006966e-02 
 2.301031e+01 -2.959596e-02 
 2.301071e+01 -2.912117e-02 
 2.301111e+01 -2.863921e-02 
 2.301150e+01 -2.814279e-02 
 2.301190e+01 -2.762323e-02 
 2.301230e+01 -2.707340e-02 
 2.301270e+01 -2.648894e-02 
 2.301309e+01 -2.587117e-02 
 2.301349e+01 -2.522513e-02 
 2.301389e+01 -2.456053e-02 
 2.301429e+01 -2.388575e-02 
 2.301469e+01 -2.321321e-02 
 2.301508e+01 -2.255681e-02 
 2.301548e+01 -2.192325e-02 
 2.301588e+01 -2.132065e-02 
 2.301628e+01 -2.075607e-02 
 2.301667e+01 -2.023826e-02 
 2.301707e+01 -1.977452e-02 
 2.301747e+01 -1.936986e-02 
 2.301787e+01 -1.902786e-02 
 2.301827e+01 -1.874235e-02 
 2.301866e+01 -1.850597e-02 
 2.301906e+01 -1.830912e-02 
 2.301946e+01 -1.814412e-02 
 2.301986e+01 -1.800400e-02 
 2.302025e+01 -1.788680e-02 
 2.302065e+01 -1.779652e-02 
 2.302105e+01 -1.773608e-02 
 2.302145e+01 -1.770823e-02 
 2.302184e+01 -1.771266e-02 
 2.302224e+01 -1.774485e-02 
 2.302264e+01 -1.779890e-02 
 2.302304e+01 -1.787034e-02 
 2.302344e+01 -1.796062e-02 
 2.302383e+01 -1.807522e-02 
 2.302423e+01 -1.821754e-02 
 2.302463e+01 -1.838941e-02 
 2.302503e+01 -1.858921e-02 
 2.302542e+01 -1.881054e-02 
 2.302582e+01 -1.904240e-02 
 2.302622e+01 -1.927910e-02 
 2.302662e+01 -1.951308e-02 
 2.302701e+01 -1.974053e-02 
 2.302741e+01 -1.996126e-02 
 2.302781e+01 -2.017348e-02 
 2.302821e+01 -2.037472e-02 
 2.302861e+01 -2.055838e-02 
 2.302900e+01 -2.071358e-02 
 2.302940e+01 -2.082917e-02 
 2.302980e+01 -2.090269e-02 
 2.303020e+01 -2.093145e-02 
 2.303059e+01 -2.091749e-02 
 2.303099e+01 -2.086232e-02 
 2.303139e+01 -2.077025e-02 
 2.303179e+01 -2.064550e-02 
 2.303218e+01 -2.049428e-02 
 2.303258e+01 -2.032532e-02 
 2.303298e+01 -2.014642e-02 
 2.303338e+01 -1.996935e-02 
 2.303378e+01 -1.980563e-02 
 2.303417e+01 -1.966489e-02 
 2.303457e+01 -1.955330e-02 
 2.303497e+01 -1.946931e-02 
 2.303537e+01 -1.940755e-02 
 2.303576e+01 -1.936399e-02 
 2.303616e+01 -1.933350e-02 
 2.303656e+01 -1.931250e-02 
 2.303696e+01 -1.929505e-02 
 2.303735e+01 -1.927312e-02 
 2.303775e+01 -1.923527e-02 
 2.303815e+01 -1.917050e-02 
 2.303855e+01 -1.906872e-02 
 2.303895e+01 -1.892441e-02 
 2.303934e+01 -1.873760e-02 
 2.303974e+01 -1.851646e-02 
 2.304014e+01 -1.826891e-02 
 2.304054e+01 -1.800283e-02 
 2.304093e+01 -1.772122e-02 
 2.304133e+01 -1.742151e-02 
 2.304173e+01 -1.710072e-02 
 2.304213e+01 -1.675887e-02 
 2.304252e+01 -1.639790e-02 
 2.304292e+01 -1.602379e-02 
 2.304332e+01 -1.563982e-02 
 2.304372e+01 -1.524774e-02 
 2.304412e+01 -1.484133e-02 
 2.304451e+01 -1.441225e-02 
 2.304491e+01 -1.395254e-02 
 2.304531e+01 -1.345074e-02 
 2.304571e+01 -1.290553e-02 
 2.304610e+01 -1.232164e-02 
 2.304650e+01 -1.170865e-02 
 2.304690e+01 -1.107289e-02 
 2.304730e+01 -1.041881e-02 
 2.304769e+01 -9.747780e-03 
 2.304809e+01 -9.061940e-03 
 2.304849e+01 -8.367666e-03 
 2.304889e+01 -7.669332e-03 
 2.304929e+01 -6.978084e-03 
 2.304968e+01 -6.305621e-03 
 2.305008e+01 -5.654799e-03 
 2.305048e+01 -5.030143e-03 
 2.305088e+01 -4.432754e-03 
 2.305127e+01 -3.857754e-03 
 2.305167e+01 -3.303149e-03 
 2.305207e+01 -2.770563e-03 
 2.305247e+01 -2.263444e-03 
 2.305286e+01 -1.787135e-03 
 2.305326e+01 -1.344217e-03 
 2.305366e+01 -9.311341e-04 
 2.305406e+01 -5.416341e-04 
 2.305446e+01 -1.667184e-04 
 2.305485e+01  2.013503e-04 
 2.305525e+01  5.683435e-04 
 2.305565e+01  9.373193e-04 
 2.305605e+01  1.309324e-03 
 2.305644e+01  1.690047e-03 
 2.305684e+01  2.084764e-03 
 2.305724e+01  2.496419e-03 
 2.305764e+01  2.926985e-03 
 2.305803e+01  3.373504e-03 
 2.305843e+01  3.829869e-03 
 2.305883e+01  4.284086e-03 
 2.305923e+01  4.727177e-03 
 2.305963e+01  5.151918e-03 
 2.306002e+01  5.552601e-03 
 2.306042e+01  5.928991e-03 
 2.306082e+01  6.277217e-03 
 2.306122e+01  6.592859e-03 
 2.306161e+01  6.869790e-03 
 2.306201e+01  7.103634e-03 
 2.306241e+01  7.295309e-03 
 2.306281e+01  7.451301e-03 
 2.306320e+01  7.578141e-03 
 2.306360e+01  7.684771e-03 
 2.306400e+01  7.778552e-03 
 2.306440e+01  7.859671e-03 
 2.306480e+01  7.920154e-03 
 2.306519e+01  7.951626e-03 
 2.306559e+01  7.940700e-03 
 2.306599e+01  7.875075e-03 
 2.306639e+01  7.746915e-03 
 2.306678e+01  7.552534e-03 
 2.306718e+01  7.287263e-03 
 2.306758e+01  6.945375e-03 
 2.306798e+01  6.522347e-03 
 2.306837e+01  6.013161e-03 
 2.306877e+01  5.416769e-03 
 2.306917e+01  4.738126e-03 
 2.306957e+01  3.986492e-03 
 2.306997e+01  3.175407e-03 
 2.307036e+01  2.323556e-03 
 2.307076e+01  1.445014e-03 
 2.307116e+01  5.470758e-04 
 2.307156e+01 -3.659409e-04 
 2.307195e+01 -1.295012e-03 
 2.307235e+01 -2.237681e-03 
 2.307275e+01 -3.189486e-03 
 2.307315e+01 -4.144420e-03 
 2.307354e+01 -5.095369e-03 
 2.307394e+01 -6.037473e-03 
 2.307434e+01 -6.965838e-03 
 2.307474e+01 -7.882634e-03 
 2.307514e+01 -8.792760e-03 
 2.307553e+01 -9.703256e-03 
 2.307593e+01 -1.062137e-02 
 2.307633e+01 -1.154696e-02 
 2.307673e+01 -1.247784e-02 
 2.307712e+01 -1.341266e-02 
 2.307752e+01 -1.435128e-02 
 2.307792e+01 -1.529814e-02 
 2.307832e+01 -1.625587e-02 
 2.307871e+01 -1.722506e-02 
 2.307911e+01 -1.820548e-02 
 2.307951e+01 -1.919863e-02 
 2.307991e+01 -2.020309e-02 
 2.308031e+01 -2.121192e-02 
 2.308070e+01 -2.222124e-02 
 2.308110e+01 -2.322630e-02 
 2.308150e+01 -2.422188e-02 
 2.308190e+01 -2.520203e-02 
 2.308229e+01 -2.616028e-02 
 2.308269e+01 -2.708744e-02 
 2.308309e+01 -2.797646e-02 
 2.308349e+01 -2.882482e-02 
 2.308388e+01 -2.964013e-02 
 2.308428e+01 -3.043116e-02 
 2.308468e+01 -3.120826e-02 
 2.308508e+01 -3.197797e-02 
 2.308548e+01 -3.274412e-02 
 2.308587e+01 -3.350785e-02 
 2.308627e+01 -3.426435e-02 
 2.308667e+01 -3.500981e-02 
 2.308707e+01 -3.573811e-02 
 2.308746e+01 -3.644469e-02 
 2.308786e+01 -3.712202e-02 
 2.308826e+01 -3.776219e-02 
 2.308866e+01 -3.835032e-02 
 2.308905e+01 -3.887228e-02 
 2.308945e+01 -3.931525e-02 
 2.308985e+01 -3.967319e-02 
 2.309025e+01 -3.994525e-02 
 2.309065e+01 -4.013485e-02 
 2.309104e+01 -4.025203e-02 
 2.309144e+01 -4.030229e-02 
 2.309184e+01 -4.029280e-02 
 2.309224e+01 -4.022890e-02 
 2.309263e+01 -4.011600e-02 
 2.309303e+01 -3.996001e-02 
 2.309343e+01 -3.977295e-02 
 2.309383e+01 -3.956817e-02 
 2.309422e+01 -3.935783e-02 
 2.309462e+01 -3.915323e-02 
 2.309502e+01 -3.895768e-02 
 2.309542e+01 -3.877065e-02 
 2.309582e+01 -3.858737e-02 
 2.309621e+01 -3.840033e-02 
 2.309661e+01 -3.820365e-02 
 2.309701e+01 -3.799473e-02 
 2.309741e+01 -3.777512e-02 
 2.309780e+01 -3.754784e-02 
 2.309820e+01 -3.731313e-02 
 2.309860e+01 -3.706672e-02 
 2.309900e+01 -3.680808e-02 
 2.309939e+01 -3.653262e-02 
 2.309979e+01 -3.624462e-02 
 2.310019e+01 -3.594266e-02 
 2.310059e+01 -3.563167e-02 
 2.310099e+01 -3.531390e-02 
 2.310138e+01 -3.498729e-02 
 2.310178e+01 -3.464974e-02 
 2.310218e+01 -3.429794e-02 
 2.310258e+01 -3.392892e-02 
 2.310297e+01 -3.354493e-02 
 2.310337e+01 -3.315057e-02 
 2.310377e+01 -3.275363e-02 
 2.310417e+01 -3.235907e-02 
 2.310456e+01 -3.196646e-02 
 2.310496e+01 -3.157815e-02 
 2.310536e+01 -3.118780e-02 
 2.310576e+01 -3.079029e-02 
 2.310616e+01 -3.038039e-02 
 2.310655e+01 -2.995629e-02 
 2.310695e+01 -2.951614e-02 
 2.310735e+01 -2.905764e-02 
 2.310775e+01 -2.857569e-02 
 2.310814e+01 -2.806556e-02 
 2.310854e+01 -2.752257e-02 
 2.310894e+01 -2.694787e-02 
 2.310934e+01 -2.635226e-02 
 2.310974e+01 -2.574839e-02 
 2.311013e+01 -2.515259e-02 
 2.311053e+01 -2.458019e-02 
 2.311093e+01 -2.404358e-02 
 2.311133e+01 -2.354833e-02 
 2.311172e+01 -2.309719e-02 
 2.311212e+01 -2.269480e-02 
 2.311252e+01 -2.234768e-02 
 2.311292e+01 -2.206237e-02 
 2.311331e+01 -2.184539e-02 
 2.311371e+01 -2.169425e-02 
 2.311411e+01 -2.159998e-02 
 2.311451e+01 -2.154403e-02 
 2.311491e+01 -2.150961e-02 
 2.311530e+01 -2.148447e-02 
 2.311570e+01 -2.146239e-02 
 2.311610e+01 -2.144318e-02 
 2.311650e+01 -2.142956e-02 
 2.311689e+01 -2.142739e-02 
 2.311729e+01 -2.143757e-02 
 2.311769e+01 -2.145960e-02 
 2.311809e+01 -2.148904e-02 
 2.311848e+01 -2.152433e-02 
 2.311888e+01 -2.156737e-02 
 2.311928e+01 -2.162328e-02 
 2.311968e+01 -2.169928e-02 
 2.312008e+01 -2.180102e-02 
 2.312047e+01 -2.192594e-02 
 2.312087e+01 -2.206982e-02 
 2.312127e+01 -2.222389e-02 
 2.312167e+01 -2.238186e-02 
 2.312206e+01 -2.254006e-02 
 2.312246e+01 -2.269561e-02 
 2.312286e+01 -2.285231e-02 
 2.312326e+01 -2.301537e-02 
 2.312365e+01 -2.318838e-02 
 2.312405e+01 -2.337000e-02 
 2.312445e+01 -2.355662e-02 
 2.312485e+01 -2.374163e-02 
 2.312525e+01 -2.392008e-02 
 2.312564e+01 -2.409176e-02 
 2.312604e+01 -2.425556e-02 
 2.312644e+01 -2.441001e-02 
 2.312684e+01 -2.455209e-02 
 2.312723e+01 -2.468196e-02 
 2.312763e+01 -2.479904e-02 
 2.312803e+01 -2.490810e-02 
 2.312843e+01 -2.501536e-02 
 2.312882e+01 -2.512942e-02 
 2.312922e+01 -2.526115e-02 
 2.312962e+01 -2.541653e-02 
 2.313002e+01 -2.559715e-02 
 2.313042e+01 -2.579834e-02 
 2.313081e+01 -2.601197e-02 
 2.313121e+01 -2.622837e-02 
 2.313161e+01 -2.644044e-02 
 2.313201e+01 -2.664265e-02 
 2.313240e+01 -2.682559e-02 
 2.313280e+01 -2.697587e-02 
 2.313320e+01 -2.708124e-02 
 2.313360e+01 -2.712686e-02 
 2.313399e+01 -2.710317e-02 
 2.313439e+01 -2.700167e-02 
 2.313479e+01 -2.682040e-02 
 2.313519e+01 -2.656357e-02 
 2.313559e+01 -2.623950e-02 
 2.313598e+01 -2.586063e-02 
 2.313638e+01 -2.543427e-02 
 2.313678e+01 -2.495988e-02 
 2.313718e+01 -2.443718e-02 
 2.313757e+01 -2.387020e-02 
 2.313797e+01 -2.326773e-02 
 2.313837e+01 -2.263936e-02 
 2.313877e+01 -2.199263e-02 
 2.313916e+01 -2.133338e-02 
 2.313956e+01 -2.065925e-02 
 2.313996e+01 -1.996206e-02 
 2.314036e+01 -1.923378e-02 
 2.314076e+01 -1.846555e-02 
 2.314115e+01 -1.765308e-02 
 2.314155e+01 -1.679877e-02 
 2.314195e+01 -1.591553e-02 
 2.314235e+01 -1.501268e-02 
 2.314274e+01 -1.409616e-02 
 2.314314e+01 -1.316774e-02 
 2.314354e+01 -1.223238e-02 
 2.314394e+01 -1.129155e-02 
 2.314433e+01 -1.035322e-02 
 2.314473e+01 -9.428939e-03 
 2.314513e+01 -8.525750e-03 
 2.314553e+01 -7.649591e-03 
 2.314593e+01 -6.802451e-03 
 2.314632e+01 -5.980088e-03 
 2.314672e+01 -5.176632e-03 
 2.314712e+01 -4.386336e-03 
 2.314752e+01 -3.606431e-03 
 2.314791e+01 -2.838577e-03 
 2.314831e+01 -2.086184e-03 
 2.314871e+01 -1.353029e-03 
 2.314911e+01 -6.405396e-04 
 2.314950e+01  5.590467e-05 
 2.314990e+01  7.402978e-04 
 2.315030e+01  1.418366e-03 
 2.315070e+01  2.092110e-03 
 2.315110e+01  2.763398e-03 
 2.315149e+01  3.434163e-03 
 2.315189e+01  4.104083e-03 
 2.315229e+01  4.776860e-03 
 2.315269e+01  5.453946e-03 
 2.315308e+01  6.134989e-03 
 2.315348e+01  6.817472e-03 
 2.315388e+01  7.494697e-03 
 2.315428e+01  8.154014e-03 
 2.315467e+01  8.782210e-03 
 2.315507e+01  9.367880e-03 
 2.315547e+01  9.900606e-03 
 2.315587e+01  1.037469e-02 
 2.315627e+01  1.078561e-02 
 2.315666e+01  1.113024e-02 
 2.315706e+01  1.140655e-02 
 2.315746e+01  1.161562e-02 
 2.315786e+01  1.175939e-02 
 2.315825e+01  1.184447e-02 
 2.315865e+01  1.187934e-02 
 2.315905e+01  1.187678e-02 
 2.315945e+01  1.184417e-02 
 2.315984e+01  1.178509e-02 
 2.316024e+01  1.169987e-02 
 2.316064e+01  1.158329e-02 
 2.316104e+01  1.142646e-02 
 2.316144e+01  1.121883e-02 
 2.316183e+01  1.095563e-02 
 2.316223e+01  1.063262e-02 
 2.316263e+01  1.024842e-02 
 2.316303e+01  9.803721e-03 
 2.316342e+01  9.298871e-03 
 2.316382e+01  8.735073e-03 
 2.316422e+01  8.110370e-03 
 2.316462e+01  7.427483e-03 
 2.316501e+01  6.696041e-03 
 2.316541e+01  5.923722e-03 
 2.316581e+01  5.124850e-03 
 2.316621e+01  4.315924e-03 
 2.316661e+01  3.508430e-03 
 2.316700e+01  2.705912e-03 
 2.316740e+01  1.908999e-03 
 2.316780e+01  1.115728e-03 
 2.316820e+01  3.211538e-04 
 2.316859e+01 -4.739819e-04 
 2.316899e+01 -1.269796e-03 
 2.316939e+01 -2.065003e-03 
 2.316979e+01 -2.861649e-03 
 2.317018e+01 -3.663862e-03 
 2.317058e+01 -4.479239e-03 
 2.317098e+01 -5.316308e-03 
 2.317138e+01 -6.182595e-03 
 2.317178e+01 -7.079381e-03 
 2.317217e+01 -8.002182e-03 
 2.317257e+01 -8.948875e-03 
 2.317297e+01 -9.917457e-03 
 2.317337e+01 -1.091091e-02 
 2.317376e+01 -1.193381e-02 
 2.317416e+01 -1.299192e-02 
 2.317456e+01 -1.408525e-02 
 2.317496e+01 -1.521049e-02 
 2.317535e+01 -1.636312e-02 
 2.317575e+01 -1.753491e-02 
 2.317615e+01 -1.871686e-02 
 2.317655e+01 -1.989958e-02 
 2.317695e+01 -2.107795e-02 
 2.317734e+01 -2.224501e-02 
 2.317774e+01 -2.339085e-02 
 2.317814e+01 -2.450524e-02 
 2.317854e+01 -2.557663e-02 
 2.317893e+01 -2.659720e-02 
 2.317933e+01 -2.756724e-02 
 2.317973e+01 -2.849341e-02 
 2.318013e+01 -2.938624e-02 
 2.318052e+01 -3.025470e-02 
 2.318092e+01 -3.110097e-02 
 2.318132e+01 -3.192242e-02 
 2.318172e+01 -3.271480e-02 
 2.318212e+01 -3.347037e-02 
 2.318251e+01 -3.418281e-02 
 2.318291e+01 -3.485086e-02 
 2.318331e+01 -3.547832e-02 
 2.318371e+01 -3.606354e-02 
 2.318410e+01 -3.659872e-02 
 2.318450e+01 -3.707417e-02 
 2.318490e+01 -3.747377e-02 
 2.318530e+01 -3.778520e-02 
 2.318569e+01 -3.800309e-02 
 2.318609e+01 -3.813150e-02 
 2.318649e+01 -3.817960e-02 
 2.318689e+01 -3.815781e-02 
 2.318729e+01 -3.807915e-02 
 2.318768e+01 -3.795211e-02 
 2.318808e+01 -3.778325e-02 
 2.318848e+01 -3.757717e-02 
 2.318888e+01 -3.734183e-02 
 2.318927e+01 -3.709004e-02 
 2.318967e+01 -3.683677e-02 
 2.319007e+01 -3.659232e-02 
 2.319047e+01 -3.636144e-02 
 2.319086e+01 -3.614035e-02 
 2.319126e+01 -3.591824e-02 
 2.319166e+01 -3.568151e-02 
 2.319206e+01 -3.542182e-02 
 2.319246e+01 -3.513518e-02 
 2.319285e+01 -3.482278e-02 
 2.319325e+01 -3.449001e-02 
 2.319365e+01 -3.413999e-02 
 2.319405e+01 -3.377236e-02 
 2.319444e+01 -3.338027e-02 
 2.319484e+01 -3.295836e-02 
 2.319524e+01 -3.250301e-02 
 2.319564e+01 -3.201564e-02 
 2.319603e+01 -3.150227e-02 
 2.319643e+01 -3.096839e-02 
 2.319683e+01 -3.041986e-02 
 2.319723e+01 -2.985815e-02 
 2.319763e+01 -2.928246e-02 
 2.319802e+01 -2.869397e-02 
 2.319842e+01 -2.809511e-02 
 2.319882e+01 -2.749382e-02 
 2.319922e+01 -2.690216e-02 
 2.319961e+01 -2.633175e-02 
 2.320001e+01 -2.578776e-02 
 2.320041e+01 -2.527121e-02 
 2.320081e+01 -2.478007e-02 
 2.320121e+01 -2.431004e-02 
 2.320160e+01 -2.385706e-02 
 2.320200e+01 -2.342129e-02 
 2.320240e+01 -2.300868e-02 
 2.320280e+01 -2.262322e-02 
 2.320319e+01 -2.226484e-02 
 2.320359e+01 -2.193166e-02 
 2.320399e+01 -2.161932e-02 
 2.320439e+01 -2.132137e-02 
 2.320478e+01 -2.104013e-02 
 2.320518e+01 -2.078659e-02 
 2.320558e+01 -2.057236e-02 
 2.320598e+01 -2.041246e-02 
 2.320638e+01 -2.031675e-02 
 2.320677e+01 -2.029292e-02 
 2.320717e+01 -2.034170e-02 
 2.320757e+01 -2.045887e-02 
 2.320797e+01 -2.064128e-02 
 2.320836e+01 -2.088926e-02 
 2.320876e+01 -2.120473e-02 
 2.320916e+01 -2.158312e-02 
 2.320956e+01 -2.201681e-02 
 2.320995e+01 -2.248404e-02 
 2.321035e+01 -2.296087e-02 
 2.321075e+01 -2.342967e-02 
 2.321115e+01 -2.387690e-02 
 2.321155e+01 -2.429914e-02 
 2.321194e+01 -2.469739e-02 
 2.321234e+01 -2.507990e-02 
 2.321274e+01 -2.544778e-02 
 2.321314e+01 -2.580459e-02 
 2.321353e+01 -2.614851e-02 
 2.321393e+01 -2.647683e-02 
 2.321433e+01 -2.678697e-02 
 2.321473e+01 -2.708565e-02 
 2.321512e+01 -2.738512e-02 
 2.321552e+01 -2.769328e-02 
 2.321592e+01 -2.801490e-02 
 2.321632e+01 -2.834756e-02 
 2.321672e+01 -2.868554e-02 
 2.321711e+01 -2.902181e-02 
 2.321751e+01 -2.935073e-02 
 2.321791e+01 -2.967300e-02 
 2.321831e+01 -2.999132e-02 
 2.321870e+01 -3.031144e-02 
 2.321910e+01 -3.063858e-02 
 2.321950e+01 -3.097585e-02 
 2.321990e+01 -3.131454e-02 
 2.322029e+01 -3.164209e-02 
 2.322069e+01 -3.195196e-02 
 2.322109e+01 -3.224190e-02 
 2.322149e+01 -3.251388e-02 
 2.322189e+01 -3.277189e-02 
 2.322228e+01 -3.301920e-02 
 2.322268e+01 -3.325649e-02 
 2.322308e+01 -3.347842e-02 
 2.322348e+01 -3.368502e-02 
 2.322387e+01 -3.387412e-02 
 2.322427e+01 -3.404269e-02 
 2.322467e+01 -3.419564e-02 
 2.322507e+01 -3.433929e-02 
 2.322546e+01 -3.447955e-02 
 2.322586e+01 -3.461487e-02 
 2.322626e+01 -3.473993e-02 
 2.322666e+01 -3.484129e-02 
 2.322706e+01 -3.490964e-02 
 2.322745e+01 -3.494094e-02 
 2.322785e+01 -3.493263e-02 
 2.322825e+01 -3.487851e-02 
 2.322865e+01 -3.477027e-02 
 2.322904e+01 -3.459881e-02 
 2.322944e+01 -3.435236e-02 
 2.322984e+01 -3.402155e-02 
 2.323024e+01 -3.359982e-02 
 2.323063e+01 -3.308973e-02 
 2.323103e+01 -3.250319e-02 
 2.323143e+01 -3.185397e-02 
 2.323183e+01 -3.116092e-02 
 2.323223e+01 -3.043756e-02 
 2.323262e+01 -2.968924e-02 
 2.323302e+01 -2.891274e-02 
 2.323342e+01 -2.811049e-02 
 2.323382e+01 -2.728928e-02 
 2.323421e+01 -2.645507e-02 
 2.323461e+01 -2.561891e-02 
 2.323501e+01 -2.478697e-02 
 2.323541e+01 -2.395851e-02 
 2.323580e+01 -2.312519e-02 
 2.323620e+01 -2.227706e-02 
 2.323660e+01 -2.140250e-02 
 2.323700e+01 -2.049411e-02 
 2.323740e+01 -1.955490e-02 
 2.323779e+01 -1.859222e-02 
 2.323819e+01 -1.761325e-02 
 2.323859e+01 -1.662170e-02 
 2.323899e+01 -1.561462e-02 
 2.323938e+01 -1.458630e-02 
 2.323978e+01 -1.353344e-02 
 2.324018e+01 -1.245921e-02 
 2.324058e+01 -1.137233e-02 
 2.324097e+01 -1.028311e-02 
 2.324137e+01 -9.201469e-03 
 2.324177e+01 -8.129673e-03 
 2.324217e+01 -7.065385e-03 
 2.324257e+01 -6.000321e-03 
 2.324296e+01 -4.924971e-03 
 2.324336e+01 -3.835701e-03 
 2.324376e+01 -2.732608e-03 
 2.324416e+01 -1.622899e-03 
 2.324455e+01 -5.143535e-04 
 2.324495e+01  5.851207e-04 
 2.324535e+01  1.675009e-03 
 2.324575e+01  2.756159e-03 
 2.324614e+01  3.828440e-03 
 2.324654e+01  4.892113e-03 
 2.324694e+01  5.944825e-03 
 2.324734e+01  6.977318e-03 
 2.324774e+01  7.984392e-03 
 2.324813e+01  8.961254e-03 
 2.324853e+01  9.903568e-03 
 2.324893e+01  1.081312e-02 
 2.324933e+01  1.168858e-02 
 2.324972e+01  1.252148e-02 
 2.325012e+01  1.329649e-02 
 2.325052e+01  1.399491e-02 
 2.325092e+01  1.460143e-02 
 2.325131e+01  1.510375e-02 
 2.325171e+01  1.549934e-02 
 2.325211e+01  1.579381e-02 
 2.325251e+01  1.599409e-02 
 2.325291e+01  1.610810e-02 
 2.325330e+01  1.614241e-02 
 2.325370e+01  1.609631e-02 
 2.325410e+01  1.597177e-02 
 2.325450e+01  1.577102e-02 
 2.325489e+01  1.550677e-02 
 2.325529e+01  1.519375e-02 
 2.325569e+01  1.484583e-02 
 2.325609e+01  1.446740e-02 
 2.325648e+01  1.405687e-02 
 2.325688e+01  1.360505e-02 
 2.325728e+01  1.310287e-02 
 2.325768e+01  1.254740e-02 
 2.325808e+01  1.194110e-02 
 2.325847e+01  1.128722e-02 
 2.325887e+01  1.059113e-02 
 2.325927e+01  9.856187e-03 
 2.325967e+01  9.078297e-03 
 2.326006e+01  8.249005e-03 
 2.326046e+01  7.363760e-03 
 2.326086e+01  6.425864e-03 
 2.326126e+01  5.446612e-03 
 2.326165e+01  4.448432e-03 
 2.326205e+01  3.451333e-03 
 2.326245e+01  2.471114e-03 
 2.326285e+01  1.508812e-03 
 2.326325e+01  5.575429e-04 
 2.326364e+01 -3.927187e-04 
 2.326404e+01 -1.348790e-03 
 2.326444e+01 -2.312423e-03 
 2.326484e+01 -3.281026e-03 
 2.326523e+01 -4.251181e-03 
 2.326563e+01 -5.222586e-03 
 2.326603e+01 -6.199596e-03 
 2.326643e+01 -7.192699e-03 
 2.326682e+01 -8.209417e-03 
 2.326722e+01 -9.257338e-03 
 2.326762e+01 -1.033030e-02 
 2.326802e+01 -1.141480e-02 
 2.326842e+01 -1.250113e-02 
 2.326881e+01 -1.358342e-02 
 2.326921e+01 -1.465987e-02 
 2.326961e+01 -1.573455e-02 
 2.327001e+01 -1.681166e-02 
 2.327040e+01 -1.788818e-02 
 2.327080e+01 -1.895405e-02 
 2.327120e+01 -1.999494e-02 
 2.327160e+01 -2.099696e-02 
 2.327199e+01 -2.194433e-02 
 2.327239e+01 -2.282929e-02 
 2.327279e+01 -2.365524e-02 
 2.327319e+01 -2.442793e-02 
 2.327359e+01 -2.514830e-02 
 2.327398e+01 -2.581336e-02 
 2.327438e+01 -2.641441e-02 
 2.327478e+01 -2.694733e-02 
 2.327518e+01 -2.740982e-02 
 2.327557e+01 -2.780842e-02 
 2.327597e+01 -2.815557e-02 
 2.327637e+01 -2.846113e-02 
 2.327677e+01 -2.873568e-02 
 2.327716e+01 -2.898547e-02 
 2.327756e+01 -2.921158e-02 
 2.327796e+01 -2.940898e-02 
 2.327836e+01 -2.957547e-02 
 2.327876e+01 -2.971306e-02 
 2.327915e+01 -2.982812e-02 
 2.327955e+01 -2.992661e-02 
 2.327995e+01 -3.001024e-02 
 2.328035e+01 -3.007064e-02 
 2.328074e+01 -3.009451e-02 
 2.328114e+01 -3.007156e-02 
 2.328154e+01 -2.999572e-02 
 2.328194e+01 -2.986901e-02 
 2.328233e+01 -2.969967e-02 
 2.328273e+01 -2.950221e-02 
 2.328313e+01 -2.929082e-02 
 2.328353e+01 -2.907480e-02 
 2.328393e+01 -2.885883e-02 
 2.328432e+01 -2.864106e-02 
 2.328472e+01 -2.842124e-02 
 2.328512e+01 -2.820247e-02 
 2.328552e+01 -2.799615e-02 
 2.328591e+01 -2.780902e-02 
 2.328631e+01 -2.764526e-02 
 2.328671e+01 -2.749727e-02 
 2.328711e+01 -2.735247e-02 
 2.328750e+01 -2.719526e-02 
 2.328790e+01 -2.701189e-02 
 2.328830e+01 -2.679723e-02 
 2.328870e+01 -2.654914e-02 
 2.328910e+01 -2.627012e-02 
 2.328949e+01 -2.596528e-02 
 2.328989e+01 -2.563603e-02 
 2.329029e+01 -2.527811e-02 
 2.329069e+01 -2.488465e-02 
 2.329108e+01 -2.445451e-02 
 2.329148e+01 -2.399004e-02 
 2.329188e+01 -2.350353e-02 
 2.329228e+01 -2.301171e-02 
 2.329267e+01 -2.252598e-02 
 2.329307e+01 -2.205252e-02 
 2.329347e+01 -2.159373e-02 
 2.329387e+01 -2.115040e-02 
 2.329427e+01 -2.072105e-02 
 2.329466e+01 -2.030639e-02 
 2.329506e+01 -1.991528e-02 
 2.329546e+01 -1.955841e-02 
 2.329586e+01 -1.924514e-02 
 2.329625e+01 -1.898337e-02 
 2.329665e+01 -1.877390e-02 
 2.329705e+01 -1.861032e-02 
 2.329745e+01 -1.848542e-02 
 2.329785e+01 -1.839722e-02 
 2.329824e+01 -1.834974e-02 
 2.329864e+01 -1.834416e-02 
 2.329904e+01 -1.837888e-02 
 2.329944e+01 -1.845361e-02 
 2.329983e+01 -1.856129e-02 
 2.330023e+01 -1.869346e-02 
 2.330063e+01 -1.884433e-02 
 2.330103e+01 -1.901787e-02 
 2.330142e+01 -1.922042e-02 
 2.330182e+01 -1.946452e-02 
 2.330222e+01 -1.976513e-02 
 2.330262e+01 -2.012881e-02 
 2.330302e+01 -2.055410e-02 
 2.330341e+01 -2.103106e-02 
 2.330381e+01 -2.155099e-02 
 2.330421e+01 -2.210554e-02 
 2.330461e+01 -2.269475e-02 
 2.330500e+01 -2.331803e-02 
 2.330540e+01 -2.397352e-02 
 2.330580e+01 -2.465396e-02 
 2.330620e+01 -2.534843e-02 
 2.330659e+01 -2.603964e-02 
 2.330699e+01 -2.671398e-02 
 2.330739e+01 -2.735964e-02 
 2.330779e+01 -2.797689e-02 
 2.330819e+01 -2.857306e-02 
 2.330858e+01 -2.916114e-02 
 2.330898e+01 -2.975041e-02 
 2.330938e+01 -3.034452e-02 
 2.330978e+01 -3.094355e-02 
 2.331017e+01 -3.154431e-02 
 2.331057e+01 -3.215187e-02 
 2.331097e+01 -3.277700e-02 
 2.331137e+01 -3.343098e-02 
 2.331176e+01 -3.412302e-02 
 2.331216e+01 -3.485642e-02 
 2.331256e+01 -3.562490e-02 
 2.331296e+01 -3.641060e-02 
 2.331336e+01 -3.719167e-02 
 2.331375e+01 -3.795176e-02 
 2.331415e+01 -3.868149e-02 
 2.331455e+01 -3.938434e-02 
 2.331495e+01 -4.006478e-02 
 2.331534e+01 -4.072664e-02 
 2.331574e+01 -4.136436e-02 
 2.331614e+01 -4.196601e-02 
 2.331654e+01 -4.251910e-02 
 2.331693e+01 -4.301263e-02 
 2.331733e+01 -4.344733e-02 
 2.331773e+01 -4.382477e-02 
 2.331813e+01 -4.414774e-02 
 2.331853e+01 -4.442000e-02 
 2.331892e+01 -4.463849e-02 
 2.331932e+01 -4.479523e-02 
 2.331972e+01 -4.488149e-02 
 2.332012e+01 -4.489526e-02 
 2.332051e+01 -4.483858e-02 
 2.332091e+01 -4.472109e-02 
 2.332131e+01 -4.455223e-02 
 2.332171e+01 -4.433488e-02 
 2.332210e+01 -4.406706e-02 
 2.332250e+01 -4.373878e-02 
 2.332290e+01 -4.334015e-02 
 2.332330e+01 -4.286608e-02 
 2.332370e+01 -4.231435e-02 
 2.332409e+01 -4.168576e-02 
 2.332449e+01 -4.098596e-02 
 2.332489e+01 -4.021898e-02 
 2.332529e+01 -3.938671e-02 
 2.332568e+01 -3.848408e-02 
 2.332608e+01 -3.751344e-02 
 2.332648e+01 -3.647796e-02 
 2.332688e+01 -3.538776e-02 
 2.332727e+01 -3.426118e-02 
 2.332767e+01 -3.311290e-02 
 2.332807e+01 -3.195491e-02 
 2.332847e+01 -3.079311e-02 
 2.332887e+01 -2.963234e-02 
 2.332926e+01 -2.847555e-02 
 2.332966e+01 -2.732706e-02 
 2.333006e+01 -2.619469e-02 
 2.333046e+01 -2.508483e-02 
 2.333085e+01 -2.400364e-02 
 2.333125e+01 -2.295088e-02 
 2.333165e+01 -2.191633e-02 
 2.333205e+01 -2.088480e-02 
 2.333244e+01 -1.983683e-02 
 2.333284e+01 -1.875889e-02 
 2.333324e+01 -1.764656e-02 
 2.333364e+01 -1.650383e-02 
 2.333404e+01 -1.534265e-02 
 2.333443e+01 -1.417187e-02 
 2.333483e+01 -1.299972e-02 
 2.333523e+01 -1.182679e-02 
 2.333563e+01 -1.065173e-02 
 2.333602e+01 -9.477592e-03 
 2.333642e+01 -8.308734e-03 
 2.333682e+01 -7.153800e-03 
 2.333722e+01 -6.021639e-03 
 2.333761e+01 -4.921421e-03 
 2.333801e+01 -3.851152e-03 
 2.333841e+01 -2.804763e-03 
 2.333881e+01 -1.773366e-03 
 2.333921e+01 -7.504552e-04 
 2.333960e+01  2.648328e-04 
 2.334000e+01  1.262169e-03 
 2.334040e+01  2.230371e-03 
 2.334080e+01  3.158828e-03 
 2.334119e+01  4.043937e-03 
 2.334159e+01  4.887390e-03 
 2.334199e+01  5.694692e-03 
 2.334239e+01  6.468451e-03 
 2.334278e+01  7.207085e-03 
 2.334318e+01  7.903508e-03 
 2.334358e+01  8.543873e-03 
 2.334398e+01  9.120029e-03 
 2.334438e+01  9.629296e-03 
 2.334477e+01  1.007639e-02 
 2.334517e+01  1.046909e-02 
 2.334557e+01  1.081128e-02 
 2.334597e+01  1.110172e-02 
 2.334636e+01  1.133448e-02 
 2.334676e+01  1.150085e-02 
 2.334716e+01  1.159550e-02 
 2.334756e+01  1.161702e-02 
 2.334795e+01  1.157159e-02 
 2.334835e+01  1.146826e-02 
 2.334875e+01  1.131352e-02 
 2.334915e+01  1.111451e-02 
 2.334955e+01  1.087469e-02 
 2.334994e+01  1.059437e-02 
 2.335034e+01  1.027754e-02 
 2.335074e+01  9.935781e-03 
 2.335114e+01  9.584413e-03 
 2.335153e+01  9.237040e-03 
 2.335193e+01  8.903216e-03 
 2.335233e+01  8.582438e-03 
 2.335273e+01  8.263997e-03 
 2.335312e+01  7.932159e-03 
 2.335352e+01  7.572990e-03 
 2.335392e+01  7.176253e-03 
 2.335432e+01  6.737246e-03 
 2.335472e+01  6.253729e-03 
 2.335511e+01  5.730100e-03 
 2.335551e+01  5.166606e-03 
 2.335591e+01  4.560588e-03 
 2.335631e+01  3.906810e-03 
 2.335670e+01  3.205873e-03 
 2.335710e+01  2.462941e-03 
 2.335750e+01  1.688741e-03 
 2.335790e+01  8.980719e-04 
 2.335829e+01  1.009320e-04 
 2.335869e+01 -7.000186e-04 
 2.335909e+01 -1.505462e-03 
 2.335949e+01 -2.318086e-03 
 2.335989e+01 -3.146803e-03 
 2.336028e+01 -3.994945e-03 
 2.336068e+01 -4.864855e-03 
 2.336108e+01 -5.755440e-03 
 2.336148e+01 -6.662123e-03 
 2.336187e+01 -7.581457e-03 
 2.336227e+01 -8.516055e-03 
 2.336267e+01 -9.473675e-03 
 2.336307e+01 -1.046013e-02 
 2.336346e+01 -1.147457e-02 
 2.336386e+01 -1.250656e-02 
 2.336426e+01 -1.354113e-02 
 2.336466e+01 -1.455952e-02 
 2.336506e+01 -1.554595e-02 
 2.336545e+01 -1.648912e-02 
 2.336585e+01 -1.738441e-02 
 2.336625e+01 -1.823231e-02 
 2.336665e+01 -1.903309e-02 
 2.336704e+01 -1.978556e-02 
 2.336744e+01 -2.048206e-02 
 2.336784e+01 -2.111180e-02 
 2.336824e+01 -2.166480e-02 
 2.336863e+01 -2.214013e-02 
 2.336903e+01 -2.253998e-02 
 2.336943e+01 -2.286971e-02 
 2.336983e+01 -2.313207e-02 
 2.337023e+01 -2.332993e-02 
 2.337062e+01 -2.346423e-02 
 2.337102e+01 -2.353779e-02 
 2.337142e+01 -2.355443e-02 
 2.337182e+01 -2.352139e-02 
 2.337221e+01 -2.345336e-02 
 2.337261e+01 -2.336569e-02 
 2.337301e+01 -2.326888e-02 
 2.337341e+01 -2.317015e-02 
 2.337380e+01 -2.306709e-02 
 2.337420e+01 -2.295461e-02 
 2.337460e+01 -2.282730e-02 
 2.337500e+01 -2.268368e-02 
 2.337540e+01 -2.252596e-02 
 2.337579e+01 -2.235325e-02 
 2.337619e+01 -2.216248e-02 
 2.337659e+01 -2.194940e-02 
 2.337699e+01 -2.170484e-02 
 2.337738e+01 -2.142235e-02 
 2.337778e+01 -2.109549e-02 
 2.337818e+01 -2.072979e-02 
 2.337858e+01 -2.033435e-02 
 2.337897e+01 -1.992231e-02 
 2.337937e+01 -1.950919e-02 
 2.337977e+01 -1.910415e-02 
 2.338017e+01 -1.870980e-02 
 2.338057e+01 -1.832548e-02 
 2.338096e+01 -1.795338e-02 
 2.338136e+01 -1.759889e-02 
 2.338176e+01 -1.726890e-02 
 2.338216e+01 -1.696911e-02 
 2.338255e+01 -1.669946e-02 
 2.338295e+01 -1.644835e-02 
 2.338335e+01 -1.620305e-02 
 2.338375e+01 -1.594651e-02 
 2.338414e+01 -1.566413e-02 
 2.338454e+01 -1.535035e-02 
 2.338494e+01 -1.501280e-02 
 2.338534e+01 -1.466850e-02 
 2.338574e+01 -1.433238e-02 
 2.338613e+01 -1.401693e-02 
 2.338653e+01 -1.372694e-02 
 2.338693e+01 -1.346178e-02 
 2.338733e+01 -1.322084e-02 
 2.338772e+01 -1.301004e-02 
 2.338812e+01 -1.283898e-02 
 2.338852e+01 -1.271804e-02 
 2.338892e+01 -1.266003e-02 
 2.338932e+01 -1.267125e-02 
 2.338971e+01 -1.275248e-02 
 2.339011e+01 -1.289872e-02 
 2.339051e+01 -1.310098e-02 
 2.339091e+01 -1.335782e-02 
 2.339130e+01 -1.367391e-02 
 2.339170e+01 -1.405444e-02 
 2.339210e+01 -1.450569e-02 
 2.339250e+01 -1.502626e-02 
 2.339289e+01 -1.560687e-02 
 2.339329e+01 -1.623337e-02 
 2.339369e+01 -1.689281e-02 
 2.339409e+01 -1.757314e-02 
 2.339449e+01 -1.827247e-02 
 2.339488e+01 -1.899048e-02 
 2.339528e+01 -1.973019e-02 
 2.339568e+01 -2.048738e-02 
 2.339608e+01 -2.125372e-02 
 2.339647e+01 -2.201806e-02 
 2.339687e+01 -2.276768e-02 
 2.339727e+01 -2.349929e-02 
 2.339767e+01 -2.421865e-02 
 2.339806e+01 -2.493589e-02 
 2.339846e+01 -2.566120e-02 
 2.339886e+01 -2.640073e-02 
 2.339926e+01 -2.715485e-02 
 2.339966e+01 -2.791901e-02 
 2.340005e+01 -2.868465e-02 
 2.340045e+01 -2.944880e-02 
 2.340085e+01 -3.020644e-02 
 2.340125e+01 -3.095648e-02 
 2.340164e+01 -3.169551e-02 
 2.340204e+01 -3.241824e-02 
 2.340244e+01 -3.311283e-02 
 2.340284e+01 -3.376384e-02 
 2.340323e+01 -3.436389e-02 
 2.340363e+01 -3.491481e-02 
 2.340403e+01 -3.543145e-02 
 2.340443e+01 -3.593168e-02 
 2.340483e+01 -3.643266e-02 
 2.340522e+01 -3.694823e-02 
 2.340562e+01 -3.748355e-02 
 2.340602e+01 -3.803808e-02 
 2.340642e+01 -3.860892e-02 
 2.340681e+01 -3.919316e-02 
 2.340721e+01 -3.978982e-02 
 2.340761e+01 -4.039874e-02 
 2.340801e+01 -4.101886e-02 
 2.340840e+01 -4.164380e-02 
 2.340880e+01 -4.226312e-02 
 2.340920e+01 -4.286417e-02 
 2.340960e+01 -4.342974e-02 
 2.341000e+01 -4.395462e-02 
 2.341039e+01 -4.443637e-02 
 2.341079e+01 -4.487373e-02 
 2.341119e+01 -4.526838e-02 
 2.341159e+01 -4.561976e-02 
 2.341198e+01 -4.592390e-02 
 2.341238e+01 -4.617550e-02 
 2.341278e+01 -4.636646e-02 
 2.341318e+01 -4.649107e-02 
 2.341357e+01 -4.655237e-02 
 2.341397e+01 -4.655624e-02 
 2.341437e+01 -4.651058e-02 
 2.341477e+01 -4.642237e-02 
 2.341517e+01 -4.629362e-02 
 2.341556e+01 -4.611943e-02 
 2.341596e+01 -4.589204e-02 
 2.341636e+01 -4.561254e-02 
 2.341676e+01 -4.528148e-02 
 2.341715e+01 -4.490359e-02 
 2.341755e+01 -4.448425e-02 
 2.341795e+01 -4.403170e-02 
 2.341835e+01 -4.354830e-02 
 2.341874e+01 -4.303464e-02 
 2.341914e+01 -4.248799e-02 
 2.341954e+01 -4.190046e-02 
 2.341994e+01 -4.127074e-02 
 2.342034e+01 -4.059752e-02 
 2.342073e+01 -3.988608e-02 
 2.342113e+01 -3.913212e-02 
 2.342153e+01 -3.833359e-02 
 2.342193e+01 -3.748463e-02 
 2.342232e+01 -3.658578e-02 
 2.342272e+01 -3.564752e-02 
 2.342312e+01 -3.467917e-02 
 2.342352e+01 -3.369234e-02 
 2.342391e+01 -3.270008e-02 
 2.342431e+01 -3.171218e-02 
 2.342471e+01 -3.073473e-02 
 2.342511e+01 -2.976788e-02 
 2.342551e+01 -2.880711e-02 
 2.342590e+01 -2.784476e-02 
 2.342630e+01 -2.687389e-02 
 2.342670e+01 -2.588923e-02 
 2.342710e+01 -2.488230e-02 
 2.342749e+01 -2.384700e-02 
 2.342789e+01 -2.277280e-02 
 2.342829e+01 -2.165179e-02 
 2.342869e+01 -2.048021e-02 
 2.342908e+01 -1.925898e-02 
 2.342948e+01 -1.799358e-02 
 2.342988e+01 -1.668757e-02 
 2.343028e+01 -1.535561e-02 
 2.343068e+01 -1.401125e-02 
 2.343107e+01 -1.266649e-02 
 2.343147e+01 -1.133330e-02 
 2.343187e+01 -1.001700e-02 
 2.343227e+01 -8.722253e-03 
 2.343266e+01 -7.459551e-03 
 2.343306e+01 -6.236661e-03 
 2.343346e+01 -5.062994e-03 
 2.343386e+01 -3.944292e-03 
 2.343425e+01 -2.880376e-03 
 2.343465e+01 -1.868606e-03 
 2.343505e+01 -9.046152e-04 
 2.343545e+01  1.548127e-05 
 2.343585e+01  8.972465e-04 
 2.343624e+01  1.736953e-03 
 2.343664e+01  2.525606e-03 
 2.343704e+01  3.252470e-03 
 2.343744e+01  3.905706e-03 
 2.343783e+01  4.482856e-03 
 2.343823e+01  4.985367e-03 
 2.343863e+01  5.416922e-03 
 2.343903e+01  5.780567e-03 
 2.343942e+01  6.082652e-03 
 2.343982e+01  6.326881e-03 
 2.344022e+01  6.512590e-03 
 2.344062e+01  6.639737e-03 
 2.344102e+01  6.712189e-03 
 2.344141e+01  6.731576e-03 
 2.344181e+01  6.701811e-03 
 2.344221e+01  6.632997e-03 
 2.344261e+01  6.521134e-03 
 2.344300e+01  6.365546e-03 
 2.344340e+01  6.156734e-03 
 2.344380e+01  5.894188e-03 
 2.344420e+01  5.585342e-03 
 2.344459e+01  5.240287e-03 
 2.344499e+01  4.869956e-03 
 2.344539e+01  4.488867e-03 
 2.344579e+01  4.108275e-03 
 2.344619e+01  3.732400e-03 
 2.344658e+01  3.361202e-03 
 2.344698e+01  2.996885e-03 
 2.344738e+01  2.637229e-03 
 2.344778e+01  2.280977e-03 
 2.344817e+01  1.926956e-03 
 2.344857e+01  1.572627e-03 
 2.344897e+01  1.209653e-03 
 2.344937e+01  8.248962e-04 
 2.344976e+01  4.053016e-04 
 2.345016e+01 -5.334192e-05 
 2.345056e+01 -5.515012e-04 
 2.345096e+01 -1.085212e-03 
 2.345136e+01 -1.652002e-03 
 2.345175e+01 -2.248749e-03 
 2.345215e+01 -2.871381e-03 
 2.345255e+01 -3.516327e-03 
 2.345295e+01 -4.176239e-03 
 2.345334e+01 -4.837543e-03 
 2.345374e+01 -5.486189e-03 
 2.345414e+01 -6.109636e-03 
 2.345454e+01 -6.697246e-03 
 2.345493e+01 -7.246535e-03 
 2.345533e+01 -7.765137e-03 
 2.345573e+01 -8.259165e-03 
 2.345613e+01 -8.740773e-03 
 2.345653e+01 -9.214306e-03 
 2.345692e+01 -9.679987e-03 
 2.345732e+01 -1.013543e-02 
 2.345772e+01 -1.057837e-02 
 2.345812e+01 -1.100546e-02 
 2.345851e+01 -1.141592e-02 
 2.345891e+01 -1.180901e-02 
 2.345931e+01 -1.218487e-02 
 2.345971e+01 -1.253975e-02 
 2.346010e+01 -1.286819e-02 
 2.346050e+01 -1.316195e-02 
 2.346090e+01 -1.341184e-02 
 2.346130e+01 -1.361592e-02 
 2.346170e+01 -1.377343e-02 
 2.346209e+01 -1.388874e-02 
 2.346249e+01 -1.396968e-02 
 2.346289e+01 -1.401947e-02 
 2.346329e+01 -1.403903e-02 
 2.346368e+01 -1.403062e-02 
 2.346408e+01 -1.399283e-02 
 2.346448e+01 -1.392464e-02 
 2.346488e+01 -1.382890e-02 
 2.346527e+01 -1.371482e-02 
 2.346567e+01 -1.359118e-02 
 2.346607e+01 -1.346705e-02 
 2.346647e+01 -1.334891e-02 
 2.346687e+01 -1.323801e-02 
 2.346726e+01 -1.313445e-02 
 2.346766e+01 -1.304364e-02 
 2.346806e+01 -1.296988e-02 
 2.346846e+01 -1.292061e-02 
 2.346885e+01 -1.290065e-02 
 2.346925e+01 -1.290984e-02 
 2.346965e+01 -1.294483e-02 
 2.347005e+01 -1.300006e-02 
 2.347044e+01 -1.307081e-02 
 2.347084e+01 -1.314551e-02 
 2.347124e+01 -1.321676e-02 
 2.347164e+01 -1.327768e-02 
 2.347204e+01 -1.331859e-02 
 2.347243e+01 -1.333080e-02 
 2.347283e+01 -1.330728e-02 
 2.347323e+01 -1.323866e-02 
 2.347363e+01 -1.312062e-02 
 2.347402e+01 -1.295852e-02 
 2.347442e+01 -1.276248e-02 
 2.347482e+01 -1.254906e-02 
 2.347522e+01 -1.233212e-02 
 2.347561e+01 -1.211860e-02 
 2.347601e+01 -1.191370e-02 
 2.347641e+01 -1.172123e-02 
 2.347681e+01 -1.153908e-02 
 2.347721e+01 -1.136609e-02 
 2.347760e+01 -1.120397e-02 
 2.347800e+01 -1.105366e-02 
 2.347840e+01 -1.091326e-02 
 2.347880e+01 -1.078144e-02 
 2.347919e+01 -1.065380e-02 
 2.347959e+01 -1.052195e-02 
 2.347999e+01 -1.038132e-02 
 2.348039e+01 -1.023003e-02 
 2.348079e+01 -1.007541e-02 
 2.348118e+01 -9.926696e-03 
 2.348158e+01 -9.791474e-03 
 2.348198e+01 -9.674310e-03 
 2.348238e+01 -9.580586e-03 
 2.348277e+01 -9.516240e-03 
 2.348317e+01 -9.487539e-03 
 2.348357e+01 -9.501536e-03 
 2.348397e+01 -9.569285e-03 
 2.348436e+01 -9.699388e-03 
 2.348476e+01 -9.895634e-03 
 2.348516e+01 -1.015991e-02 
 2.348556e+01 -1.048514e-02 
 2.348596e+01 -1.086236e-02 
 2.348635e+01 -1.128389e-02 
 2.348675e+01 -1.174298e-02 
 2.348715e+01 -1.223742e-02 
 2.348755e+01 -1.276765e-02 
 2.348794e+01 -1.333437e-02 
 2.348834e+01 -1.393448e-02 
 2.348874e+01 -1.456792e-02 
 2.348914e+01 -1.523140e-02 
 2.348953e+01 -1.591803e-02 
 2.348993e+01 -1.662071e-02 
 2.349033e+01 -1.733181e-02 
 2.349073e+01 -1.804396e-02 
 2.349113e+01 -1.875329e-02 
 2.349152e+01 -1.945669e-02 
 2.349192e+01 -2.015493e-02 
 2.349232e+01 -2.084982e-02 
 2.349272e+01 -2.154965e-02 
 2.349311e+01 -2.225930e-02 
 2.349351e+01 -2.298778e-02 
 2.349391e+01 -2.374355e-02 
 2.349431e+01 -2.452700e-02 
 2.349470e+01 -2.534241e-02 
 2.349510e+01 -2.619096e-02 
 2.349550e+01 -2.706964e-02 
 2.349590e+01 -2.797258e-02 
 2.349630e+01 -2.889149e-02 
 2.349669e+01 -2.982184e-02 
 2.349709e+01 -3.075506e-02 
 2.349749e+01 -3.168561e-02 
 2.349789e+01 -3.260920e-02 
 2.349828e+01 -3.351865e-02 
 2.349868e+01 -3.441256e-02 
 2.349908e+01 -3.529139e-02 
 2.349948e+01 -3.615468e-02 
 2.349987e+01 -3.700607e-02 
 2.350027e+01 -3.784518e-02 
 2.350067e+01 -3.867499e-02 
 2.350107e+01 -3.949574e-02 
 2.350147e+01 -4.030698e-02 
 2.350186e+01 -4.110749e-02 
 2.350226e+01 -4.189484e-02 
 2.350266e+01 -4.266636e-02 
 2.350306e+01 -4.341893e-02 
 2.350345e+01 -4.415130e-02 
 2.350385e+01 -4.485950e-02 
 2.350425e+01 -4.553156e-02 
 2.350465e+01 -4.615417e-02 
 2.350504e+01 -4.671310e-02 
 2.350544e+01 -4.719588e-02 
 2.350584e+01 -4.759061e-02 
 2.350624e+01 -4.789786e-02 
 2.350664e+01 -4.812103e-02 
 2.350703e+01 -4.826329e-02 
 2.350743e+01 -4.833175e-02 
 2.350783e+01 -4.833388e-02 
 2.350823e+01 -4.827163e-02 
 2.350862e+01 -4.814483e-02 
 2.350902e+01 -4.795509e-02 
 2.350942e+01 -4.770624e-02 
 2.350982e+01 -4.740291e-02 
 2.351021e+01 -4.705284e-02 
 2.351061e+01 -4.666153e-02 
 2.351101e+01 -4.623422e-02 
 2.351141e+01 -4.577575e-02 
 2.351181e+01 -4.528875e-02 
 2.351220e+01 -4.477761e-02 
 2.351260e+01 -4.424721e-02 
 2.351300e+01 -4.369899e-02 
 2.351340e+01 -4.313606e-02 
 2.351379e+01 -4.256073e-02 
 2.351419e+01 -4.197421e-02 
 2.351459e+01 -4.137117e-02 
 2.351499e+01 -4.074773e-02 
 2.351538e+01 -4.010000e-02 
 2.351578e+01 -3.942834e-02 
 2.351618e+01 -3.873609e-02 
 2.351658e+01 -3.802737e-02 
 2.351698e+01 -3.730322e-02 
 2.351737e+01 -3.656652e-02 
 2.351777e+01 -3.581786e-02 
 2.351817e+01 -3.505419e-02 
 2.351857e+01 -3.427666e-02 
 2.351896e+01 -3.348924e-02 
 2.351936e+01 -3.269355e-02 
 2.351976e+01 -3.189554e-02 
 2.352016e+01 -3.110083e-02 
 2.352055e+01 -3.031215e-02 
 2.352095e+01 -2.952664e-02 
 2.352135e+01 -2.874049e-02 
 2.352175e+01 -2.794942e-02 
 2.352215e+01 -2.715178e-02 
 2.352254e+01 -2.634876e-02 
 2.352294e+01 -2.553782e-02 
 2.352334e+01 -2.471339e-02 
 2.352374e+01 -2.386723e-02 
 2.352413e+01 -2.299054e-02 
 2.352453e+01 -2.207801e-02 
 2.352493e+01 -2.112987e-02 
 2.352533e+01 -2.015310e-02 
 2.352572e+01 -1.915927e-02 
 2.352612e+01 -1.816296e-02 
 2.352652e+01 -1.717787e-02 
 2.352692e+01 -1.621450e-02 
 2.352732e+01 -1.527699e-02 
 2.352771e+01 -1.436587e-02 
 2.352811e+01 -1.348257e-02 
 2.352851e+01 -1.263366e-02 
 2.352891e+01 -1.182993e-02 
 2.352930e+01 -1.107487e-02 
 2.352970e+01 -1.036844e-02 
 2.353010e+01 -9.707758e-03 
 2.353050e+01 -9.083078e-03 
 2.353089e+01 -8.484642e-03 
 2.353129e+01 -7.904676e-03 
 2.353169e+01 -7.340978e-03 
 2.353209e+01 -6.796648e-03 
 2.353249e+01 -6.279019e-03 
 2.353288e+01 -5.790599e-03 
 2.353328e+01 -5.330805e-03 
 2.353368e+01 -4.891798e-03 
 2.353408e+01 -4.464970e-03 
 2.353447e+01 -4.045049e-03 
 2.353487e+01 -3.635045e-03 
 2.353527e+01 -3.244511e-03 
 2.353567e+01 -2.878344e-03 
 2.353606e+01 -2.542753e-03 
 2.353646e+01 -2.239158e-03 
 2.353686e+01 -1.960995e-03 
 2.353726e+01 -1.699991e-03 
 2.353766e+01 -1.449064e-03 
 2.353805e+01 -1.209858e-03 
 2.353845e+01 -9.874515e-04 
 2.353885e+01 -7.883790e-04 
 2.353925e+01 -6.205125e-04 
 2.353964e+01 -4.815331e-04 
 2.354004e+01 -3.683202e-04 
 2.354044e+01 -2.740671e-04 
 2.354084e+01 -1.982159e-04 
 2.354123e+01 -1.416474e-04 
 2.354163e+01 -1.070719e-04 
 2.354203e+01 -9.577820e-05 
 2.354243e+01 -1.095570e-04 
 2.354283e+01 -1.458706e-04 
 2.354322e+01 -2.017351e-04 
 2.354362e+01 -2.766728e-04 
 2.354402e+01 -3.751416e-04 
 2.354442e+01 -5.058009e-04 
 2.354481e+01 -6.818555e-04 
 2.354521e+01 -9.166032e-04 
 2.354561e+01 -1.216616e-03 
 2.354601e+01 -1.579347e-03 
 2.354640e+01 -1.995917e-03 
 2.354680e+01 -2.455429e-03 
 2.354720e+01 -2.950721e-03 
 2.354760e+01 -3.475042e-03 
 2.354800e+01 -4.027819e-03 
 2.354839e+01 -4.603108e-03 
 2.354879e+01 -5.195045e-03 
 2.354919e+01 -5.789839e-03 
 2.354959e+01 -6.373494e-03 
 2.354998e+01 -6.930250e-03 
 2.355038e+01 -7.452292e-03 
 2.355078e+01 -7.938124e-03 
 2.355118e+01 -8.395442e-03 
 2.355157e+01 -8.830836e-03 
 2.355197e+01 -9.246201e-03 
 2.355237e+01 -9.641579e-03 
 2.355277e+01 -1.000917e-02 
 2.355317e+01 -1.034476e-02 
 2.355356e+01 -1.064876e-02 
 2.355396e+01 -1.092669e-02 
 2.355436e+01 -1.118588e-02 
 2.355476e+01 -1.143300e-02 
 2.355515e+01 -1.167150e-02 
 2.355555e+01 -1.189738e-02 
 2.355595e+01 -1.209802e-02 
 2.355635e+01 -1.226080e-02 
 2.355674e+01 -1.237728e-02 
 2.355714e+01 -1.244447e-02 
 2.355754e+01 -1.246349e-02 
 2.355794e+01 -1.243927e-02 
 2.355834e+01 -1.237720e-02 
 2.355873e+01 -1.227784e-02 
 2.355913e+01 -1.214353e-02 
 2.355953e+01 -1.197697e-02 
 2.355993e+01 -1.178578e-02 
 2.356032e+01 -1.157907e-02 
 2.356072e+01 -1.136515e-02 
 2.356112e+01 -1.115381e-02 
 2.356152e+01 -1.095114e-02 
 2.356191e+01 -1.075610e-02 
 2.356231e+01 -1.056451e-02 
 2.356271e+01 -1.037343e-02 
 2.356311e+01 -1.017990e-02 
 2.356351e+01 -9.984328e-03 
 2.356390e+01 -9.791899e-03 
 2.356430e+01 -9.608253e-03 
 2.356470e+01 -9.433451e-03 
 2.356510e+01 -9.264563e-03 
 2.356549e+01 -9.095506e-03 
 2.356589e+01 -8.918298e-03 
 2.356629e+01 -8.727941e-03 
 2.356669e+01 -8.520854e-03 
 2.356708e+01 -8.296870e-03 
 2.356748e+01 -8.056720e-03 
 2.356788e+01 -7.800596e-03 
 2.356828e+01 -7.528420e-03 
 2.356868e+01 -7.235288e-03 
 2.356907e+01 -6.917524e-03 
 2.356947e+01 -6.577173e-03 
 2.356987e+01 -6.220957e-03 
 2.357027e+01 -5.861612e-03 
 2.357066e+01 -5.510617e-03 
 2.357106e+01 -5.181283e-03 
 2.357146e+01 -4.879826e-03 
 2.357186e+01 -4.610100e-03 
 2.357226e+01 -4.377451e-03 
 2.357265e+01 -4.188771e-03 
 2.357305e+01 -4.050032e-03 
 2.357345e+01 -3.966139e-03 
 2.357385e+01 -3.939154e-03 
 2.357424e+01 -3.969571e-03 
 2.357464e+01 -4.047853e-03 
 2.357504e+01 -4.159178e-03 
 2.357544e+01 -4.289991e-03 
 2.357583e+01 -4.431993e-03 
 2.357623e+01 -4.584189e-03 
 2.357663e+01 -4.752996e-03 
 2.357703e+01 -4.946907e-03 
 2.357743e+01 -5.173506e-03 
 2.357782e+01 -5.435531e-03 
 2.357822e+01 -5.730996e-03 
 2.357862e+01 -6.060970e-03 
 2.357902e+01 -6.425192e-03 
 2.357941e+01 -6.823740e-03 
 2.357981e+01 -7.261306e-03 
 2.358021e+01 -7.741969e-03 
 2.358061e+01 -8.269349e-03 
 2.358100e+01 -8.838062e-03 
 2.358140e+01 -9.437661e-03 
 2.358180e+01 -1.005582e-02 
 2.358220e+01 -1.068018e-02 
 2.358260e+01 -1.130397e-02 
 2.358299e+01 -1.192528e-02 
 2.358339e+01 -1.254676e-02 
 2.358379e+01 -1.316881e-02 
 2.358419e+01 -1.378832e-02 
 2.358458e+01 -1.439833e-02 
 2.358498e+01 -1.499358e-02 
 2.358538e+01 -1.556767e-02 
 2.358578e+01 -1.611928e-02 
 2.358617e+01 -1.665634e-02 
 2.358657e+01 -1.718851e-02 
 2.358697e+01 -1.772594e-02 
 2.358737e+01 -1.827360e-02 
 2.358777e+01 -1.882869e-02 
 2.358816e+01 -1.938829e-02 
 2.358856e+01 -1.995121e-02 
 2.358896e+01 -2.052261e-02 
 2.358936e+01 -2.111097e-02 
 2.358975e+01 -2.172350e-02 
 2.359015e+01 -2.236667e-02 
 2.359055e+01 -2.304269e-02 
 2.359095e+01 -2.375059e-02 
 2.359134e+01 -2.448759e-02 
 2.359174e+01 -2.525138e-02 
 2.359214e+01 -2.604350e-02 
 2.359254e+01 -2.686505e-02 
 2.359294e+01 -2.771832e-02 
 2.359333e+01 -2.859937e-02 
 2.359373e+01 -2.949382e-02 
 2.359413e+01 -3.038208e-02 
 2.359453e+01 -3.124883e-02 
 2.359492e+01 -3.208554e-02 
 2.359532e+01 -3.289200e-02 
 2.359572e+01 -3.367408e-02 
 2.359612e+01 -3.444561e-02 
 2.359651e+01 -3.521845e-02 
 2.359691e+01 -3.599493e-02 
 2.359731e+01 -3.677212e-02 
 2.359771e+01 -3.754245e-02 
 2.359811e+01 -3.829279e-02 
 2.359850e+01 -3.901946e-02 
 2.359890e+01 -3.972679e-02 
 2.359930e+01 -4.041956e-02 
 2.359970e+01 -4.109912e-02 
 2.360009e+01 -4.176097e-02 
 2.360049e+01 -4.239270e-02 
 2.360089e+01 -4.298152e-02 
 2.360129e+01 -4.351404e-02 
 2.360168e+01 -4.398331e-02 
 2.360208e+01 -4.439046e-02 
 2.360248e+01 -4.474406e-02 
 2.360288e+01 -4.505248e-02 
 2.360328e+01 -4.532071e-02 
 2.360367e+01 -4.554865e-02 
 2.360407e+01 -4.573172e-02 
 2.360447e+01 -4.586912e-02 
 2.360487e+01 -4.596692e-02 
 2.360526e+01 -4.603877e-02 
 2.360566e+01 -4.610218e-02 
 2.360606e+01 -4.616822e-02 
 2.360646e+01 -4.623793e-02 
 2.360685e+01 -4.630129e-02 
 2.360725e+01 -4.634494e-02 
 2.360765e+01 -4.635553e-02 
 2.360805e+01 -4.632126e-02 
 2.360845e+01 -4.623867e-02 
 2.360884e+01 -4.611163e-02 
 2.360924e+01 -4.594235e-02 
 2.360964e+01 -4.573114e-02 
 2.361004e+01 -4.547672e-02 
 2.361043e+01 -4.517236e-02 
 2.361083e+01 -4.481235e-02 
 2.361123e+01 -4.439371e-02 
 2.361163e+01 -4.392313e-02 
 2.361202e+01 -4.340568e-02 
 2.361242e+01 -4.284427e-02 
 2.361282e+01 -4.223633e-02 
 2.361322e+01 -4.157598e-02 
 2.361362e+01 -4.085556e-02 
 2.361401e+01 -4.007107e-02 
 2.361441e+01 -3.922332e-02 
 2.361481e+01 -3.832363e-02 
 2.361521e+01 -3.738651e-02 
 2.361560e+01 -3.642652e-02 
 2.361600e+01 -3.545260e-02 
 2.361640e+01 -3.446646e-02 
 2.361680e+01 -3.346515e-02 
 2.361719e+01 -3.244526e-02 
 2.361759e+01 -3.140332e-02 
 2.361799e+01 -3.034624e-02 
 2.361839e+01 -2.928184e-02 
 2.361879e+01 -2.822014e-02 
 2.361918e+01 -2.716280e-02 
 2.361958e+01 -2.610687e-02 
 2.361998e+01 -2.504500e-02 
 2.362038e+01 -2.397613e-02 
 2.362077e+01 -2.290016e-02 
 2.362117e+01 -2.182701e-02 
 2.362157e+01 -2.077123e-02 
 2.362197e+01 -1.974762e-02 
 2.362236e+01 -1.876622e-02 
 2.362276e+01 -1.783085e-02 
 2.362316e+01 -1.694201e-02 
 2.362356e+01 -1.610061e-02 
 2.362396e+01 -1.531253e-02 
 2.362435e+01 -1.458736e-02 
 2.362475e+01 -1.393540e-02 
 2.362515e+01 -1.335911e-02 
 2.362555e+01 -1.285071e-02 
 2.362594e+01 -1.239101e-02 
 2.362634e+01 -1.195893e-02 
 2.362674e+01 -1.153306e-02 
 2.362714e+01 -1.110051e-02 
 2.362753e+01 -1.065970e-02 
 2.362793e+01 -1.021906e-02 
 2.362833e+01 -9.789372e-03 
 2.362873e+01 -9.380123e-03 
 2.362913e+01 -8.992024e-03 
 2.362952e+01 -8.621301e-03 
 2.362992e+01 -8.263272e-03 
 2.363032e+01 -7.914603e-03 
 2.363072e+01 -7.581352e-03 
 2.363111e+01 -7.270855e-03 
 2.363151e+01 -6.989523e-03 
 2.363191e+01 -6.740219e-03 
 2.363231e+01 -6.516819e-03 
 2.363270e+01 -6.313964e-03 
 2.363310e+01 -6.123727e-03 
 2.363350e+01 -5.941663e-03 
 2.363390e+01 -5.773808e-03 
 2.363430e+01 -5.630882e-03 
 2.363469e+01 -5.522399e-03 
 2.363509e+01 -5.452988e-03 
 2.363549e+01 -5.420374e-03 
 2.363589e+01 -5.419612e-03 
 2.363628e+01 -5.440183e-03 
 2.363668e+01 -5.478367e-03 
 2.363708e+01 -5.537822e-03 
 2.363748e+01 -5.620313e-03 
 2.363787e+01 -5.729547e-03 
 2.363827e+01 -5.863788e-03 
 2.363867e+01 -6.018258e-03 
 2.363907e+01 -6.188989e-03 
 2.363947e+01 -6.364905e-03 
 2.363986e+01 -6.546009e-03 
 2.364026e+01 -6.735267e-03 
 2.364066e+01 -6.937933e-03 
 2.364106e+01 -7.157950e-03 
 2.364145e+01 -7.394496e-03 
 2.364185e+01 -7.646269e-03 
 2.364225e+01 -7.907675e-03 
 2.364265e+01 -8.173599e-03 
 2.364304e+01 -8.443602e-03 
 2.364344e+01 -8.715932e-03 
 2.364384e+01 -8.992580e-03 
 2.364424e+01 -9.271283e-03 
 2.364464e+01 -9.544477e-03 
 2.364503e+01 -9.798233e-03 
 2.364543e+01 -1.001794e-02 
 2.364583e+01 -1.018807e-02 
 2.364623e+01 -1.030407e-02 
 2.364662e+01 -1.037006e-02 
 2.364702e+01 -1.039696e-02 
 2.364742e+01 -1.039866e-02 
 2.364782e+01 -1.038934e-02 
 2.364821e+01 -1.037924e-02 
 2.364861e+01 -1.037300e-02 
 2.364901e+01 -1.037174e-02 
 2.364941e+01 -1.037702e-02 
 2.364981e+01 -1.039250e-02 
 2.365020e+01 -1.042596e-02 
 2.365060e+01 -1.048180e-02 
 2.365100e+01 -1.056217e-02 
 2.365140e+01 -1.066080e-02 
 2.365179e+01 -1.076647e-02 
 2.365219e+01 -1.086491e-02 
 2.365259e+01 -1.094563e-02 
 2.365299e+01 -1.100859e-02 
 2.365338e+01 -1.105832e-02 
 2.365378e+01 -1.109769e-02 
 2.365418e+01 -1.113231e-02 
 2.365458e+01 -1.116096e-02 
 2.365498e+01 -1.117940e-02 
 2.365537e+01 -1.118443e-02 
 2.365577e+01 -1.117281e-02 
 2.365617e+01 -1.114585e-02 
 2.365657e+01 -1.111232e-02 
 2.365696e+01 -1.107699e-02 
 2.365736e+01 -1.104280e-02 
 2.365776e+01 -1.100825e-02 
 2.365816e+01 -1.095946e-02 
 2.365855e+01 -1.088430e-02 
 2.365895e+01 -1.077182e-02 
 2.365935e+01 -1.061979e-02 
 2.365975e+01 -1.042984e-02 
 2.366015e+01 -1.020658e-02 
 2.366054e+01 -9.955582e-03 
 2.366094e+01 -9.678227e-03 
 2.366134e+01 -9.370959e-03 
 2.366174e+01 -9.029461e-03 
 2.366213e+01 -8.650116e-03 
 2.366253e+01 -8.237531e-03 
 2.366293e+01 -7.796936e-03 
 2.366333e+01 -7.330079e-03 
 2.366373e+01 -6.841909e-03 
 2.366412e+01 -6.332633e-03 
 2.366452e+01 -5.798764e-03 
 2.366492e+01 -5.234728e-03 
 2.366532e+01 -4.642579e-03 
 2.366571e+01 -4.028897e-03 
 2.366611e+01 -3.410838e-03 
 2.366651e+01 -2.809424e-03 
 2.366691e+01 -2.243988e-03 
 2.366730e+01 -1.726693e-03 
 2.366770e+01 -1.262302e-03 
 2.366810e+01 -8.517342e-04 
 2.366850e+01 -4.929849e-04 
 2.366890e+01 -1.861402e-04 
 2.366929e+01  6.921515e-05 
 2.366969e+01  2.744291e-04 
 2.367009e+01  4.297793e-04 
 2.367049e+01  5.422776e-04 
 2.367088e+01  6.256990e-04 
 2.367128e+01  6.930061e-04 
 2.367168e+01  7.564458e-04 
 2.367208e+01  8.185785e-04 
 2.367247e+01  8.749701e-04 
 2.367287e+01  9.131745e-04 
 2.367327e+01  9.203125e-04 
 2.367367e+01  8.875370e-04 
 2.367407e+01  8.136811e-04 
 2.367446e+01  6.999873e-04 
 2.367486e+01  5.479298e-04 
 2.367526e+01  3.549460e-04 
 2.367566e+01  1.170039e-04 
 2.367605e+01 -1.738766e-04 
 2.367645e+01 -5.251738e-04 
 2.367685e+01 -9.341077e-04 
 2.367725e+01 -1.388831e-03 
 2.367764e+01 -1.876461e-03 
 2.367804e+01 -2.382795e-03 
 2.367844e+01 -2.899048e-03 
 2.367884e+01 -3.428224e-03 
 2.367924e+01 -3.978954e-03 
 2.367963e+01 -4.564739e-03 
 2.368003e+01 -5.193640e-03 
 2.368043e+01 -5.868078e-03 
 2.368083e+01 -6.585160e-03 
 2.368122e+01 -7.337635e-03 
 2.368162e+01 -8.121126e-03 
 2.368202e+01 -8.937553e-03 
 2.368242e+01 -9.792369e-03 
 2.368281e+01 -1.069338e-02 
 2.368321e+01 -1.164314e-02 
 2.368361e+01 -1.263541e-02 
 2.368401e+01 -1.366090e-02 
 2.368441e+01 -1.470956e-02 
 2.368480e+01 -1.577914e-02 
 2.368520e+01 -1.687234e-02 
 2.368560e+01 -1.799370e-02 
 2.368600e+01 -1.915116e-02 
 2.368639e+01 -2.034891e-02 
 2.368679e+01 -2.157984e-02 
 2.368719e+01 -2.283155e-02 
 2.368759e+01 -2.408967e-02 
 2.368798e+01 -2.534201e-02 
 2.368838e+01 -2.658042e-02 
 2.368878e+01 -2.780327e-02 
 2.368918e+01 -2.900966e-02 
 2.368958e+01 -3.019379e-02 
 2.368997e+01 -3.134303e-02 
 2.369037e+01 -3.244300e-02 
 2.369077e+01 -3.348262e-02 
 2.369117e+01 -3.445790e-02 
 2.369156e+01 -3.537102e-02 
 2.369196e+01 -3.623056e-02 
 2.369236e+01 -3.704820e-02 
 2.369276e+01 -3.783075e-02 
 2.369315e+01 -3.857979e-02 
 2.369355e+01 -3.929386e-02 
 2.369395e+01 -3.997153e-02 
 2.369435e+01 -4.061309e-02 
 2.369475e+01 -4.122274e-02 
 2.369514e+01 -4.180634e-02 
 2.369554e+01 -4.236792e-02 
 2.369594e+01 -4.290374e-02 
 2.369634e+01 -4.340444e-02 
 2.369673e+01 -4.385654e-02 
 2.369713e+01 -4.424866e-02 
 2.369753e+01 -4.457691e-02 
 2.369793e+01 -4.484500e-02 
 2.369832e+01 -4.506333e-02 
 2.369872e+01 -4.524903e-02 
 2.369912e+01 -4.541621e-02 
 2.369952e+01 -4.556971e-02 
 2.369992e+01 -4.571048e-02 
 2.370031e+01 -4.583781e-02 
 2.370071e+01 -4.594921e-02 
 2.370111e+01 -4.604747e-02 
 2.370151e+01 -4.613617e-02 
 2.370190e+01 -4.621733e-02 
 2.370230e+01 -4.629052e-02 
 2.370270e+01 -4.634801e-02 
 2.370310e+01 -4.637819e-02 
 2.370349e+01 -4.637029e-02 
 2.370389e+01 -4.631324e-02 
 2.370429e+01 -4.620454e-02 
 2.370469e+01 -4.604612e-02 
 2.370509e+01 -4.584601e-02 
 2.370548e+01 -4.560701e-02 
 2.370588e+01 -4.532749e-02 
 2.370628e+01 -4.500132e-02 
 2.370668e+01 -4.462121e-02 
 2.370707e+01 -4.418251e-02 
 2.370747e+01 -4.368738e-02 
 2.370787e+01 -4.314098e-02 
 2.370827e+01 -4.254954e-02 
 2.370866e+01 -4.191893e-02 
 2.370906e+01 -4.125129e-02 
 2.370946e+01 -4.054464e-02 
 2.370986e+01 -3.979738e-02 
 2.371026e+01 -3.900774e-02 
 2.371065e+01 -3.817852e-02 
 2.371105e+01 -3.731875e-02 
 2.371145e+01 -3.644151e-02 
 2.371185e+01 -3.555814e-02 
 2.371224e+01 -3.467539e-02 
 2.371264e+01 -3.379345e-02 
 2.371304e+01 -3.291292e-02 
 2.371344e+01 -3.203410e-02 
 2.371383e+01 -3.115841e-02 
 2.371423e+01 -3.029048e-02 
 2.371463e+01 -2.943012e-02 
 2.371503e+01 -2.857611e-02 
 2.371543e+01 -2.772071e-02 
 2.371582e+01 -2.685699e-02 
 2.371622e+01 -2.597892e-02 
 2.371662e+01 -2.508346e-02 
 2.371702e+01 -2.417600e-02 
 2.371741e+01 -2.326994e-02 
 2.371781e+01 -2.238307e-02 
 2.371821e+01 -2.152891e-02 
 2.371861e+01 -2.071788e-02 
 2.371900e+01 -1.995240e-02 
 2.371940e+01 -1.922677e-02 
 2.371980e+01 -1.853415e-02 
 2.372020e+01 -1.787011e-02 
 2.372060e+01 -1.723324e-02 
 2.372099e+01 -1.662156e-02 
 2.372139e+01 -1.603139e-02 
 2.372179e+01 -1.545346e-02 
 2.372219e+01 -1.487624e-02 
 2.372258e+01 -1.429349e-02 
 2.372298e+01 -1.369948e-02 
 2.372338e+01 -1.309790e-02 
 2.372378e+01 -1.249615e-02 
 2.372417e+01 -1.190512e-02 
 2.372457e+01 -1.133395e-02 
 2.372497e+01 -1.079023e-02 
 2.372537e+01 -1.027679e-02 
 2.372577e+01 -9.792757e-03 
 2.372616e+01 -9.338444e-03 
 2.372656e+01 -8.919473e-03 
 2.372696e+01 -8.546073e-03 
 2.372736e+01 -8.228855e-03 
 2.372775e+01 -7.975613e-03 
 2.372815e+01 -7.789180e-03 
 2.372855e+01 -7.666440e-03 
 2.372895e+01 -7.602096e-03 
 2.372934e+01 -7.589147e-03 
 2.372974e+01 -7.621487e-03 
 2.373014e+01 -7.703445e-03 
 2.373054e+01 -7.835523e-03 
 2.373094e+01 -8.020621e-03 
 2.373133e+01 -8.262005e-03 
 2.373173e+01 -8.557579e-03 
 2.373213e+01 -8.904391e-03 
 2.373253e+01 -9.295084e-03 
 2.373292e+01 -9.722738e-03 
 2.373332e+01 -1.018306e-02 
 2.373372e+01 -1.067158e-02 
 2.373412e+01 -1.118226e-02 
 2.373451e+01 -1.170545e-02 
 2.373491e+01 -1.223327e-02 
 2.373531e+01 -1.275433e-02 
 2.373571e+01 -1.325961e-02 
 2.373611e+01 -1.374787e-02 
 2.373650e+01 -1.422539e-02 
 2.373690e+01 -1.469650e-02 
 2.373730e+01 -1.516545e-02 
 2.373770e+01 -1.563496e-02 
 2.373809e+01 -1.609893e-02 
 2.373849e+01 -1.654798e-02 
 2.373889e+01 -1.697119e-02 
 2.373929e+01 -1.735933e-02 
 2.373968e+01 -1.770699e-02 
 2.374008e+01 -1.801068e-02 
 2.374048e+01 -1.826818e-02 
 2.374088e+01 -1.847555e-02 
 2.374128e+01 -1.863215e-02 
 2.374167e+01 -1.873299e-02 
 2.374207e+01 -1.877734e-02 
 2.374247e+01 -1.876876e-02 
 2.374287e+01 -1.871770e-02 
 2.374326e+01 -1.863213e-02 
 2.374366e+01 -1.852323e-02 
 2.374406e+01 -1.839798e-02 
 2.374446e+01 -1.825926e-02 
 2.374485e+01 -1.810702e-02 
 2.374525e+01 -1.794162e-02 
 2.374565e+01 -1.776506e-02 
 2.374605e+01 -1.758056e-02 
 2.374645e+01 -1.739309e-02 
 2.374684e+01 -1.720419e-02 
 2.374724e+01 -1.701192e-02 
 2.374764e+01 -1.680731e-02 
 2.374804e+01 -1.657645e-02 
 2.374843e+01 -1.630531e-02 
 2.374883e+01 -1.598592e-02 
 2.374923e+01 -1.561750e-02 
 2.374963e+01 -1.520523e-02 
 2.375002e+01 -1.475807e-02 
 2.375042e+01 -1.428450e-02 
 2.375082e+01 -1.378474e-02 
 2.375122e+01 -1.326092e-02 
 2.375162e+01 -1.271063e-02 
 2.375201e+01 -1.213166e-02 
 2.375241e+01 -1.152745e-02 
 2.375281e+01 -1.090459e-02 
 2.375321e+01 -1.026530e-02 
 2.375360e+01 -9.610852e-03 
 2.375400e+01 -8.939406e-03 
 2.375440e+01 -8.246449e-03 
 2.375480e+01 -7.526915e-03 
 2.375520e+01 -6.781475e-03 
 2.375559e+01 -6.014556e-03 
 2.375599e+01 -5.234731e-03 
 2.375639e+01 -4.452304e-03 
 2.375679e+01 -3.676095e-03 
 2.375718e+01 -2.912714e-03 
 2.375758e+01 -2.162138e-03 
 2.375798e+01 -1.421684e-03 
 2.375838e+01 -6.912684e-04 
 2.375877e+01  2.673218e-05 
 2.375917e+01  7.303054e-04 
 2.375957e+01  1.414779e-03 
 2.375997e+01  2.073188e-03 
 2.376037e+01  2.701927e-03 
 2.376076e+01  3.302054e-03 
 2.376116e+01  3.869464e-03 
 2.376156e+01  4.400956e-03 
 2.376196e+01  4.890668e-03 
 2.376235e+01  5.330174e-03 
 2.376275e+01  5.710633e-03 
 2.376315e+01  6.025128e-03 
 2.376355e+01  6.271314e-03 
 2.376394e+01  6.450517e-03 
 2.376434e+01  6.569925e-03 
 2.376474e+01  6.636461e-03 
 2.376514e+01  6.656590e-03 
 2.376554e+01  6.639957e-03 
 2.376593e+01  6.593521e-03 
 2.376633e+01  6.521237e-03 
 2.376673e+01  6.435203e-03 
 2.376713e+01  6.345950e-03 
 2.376752e+01  6.262634e-03 
 2.376792e+01  6.188382e-03 
 2.376832e+01  6.118957e-03 
 2.376872e+01  6.049927e-03 
 2.376911e+01  5.970167e-03 
 2.376951e+01  5.868878e-03 
 2.376991e+01  5.738418e-03 
 2.377031e+01  5.576370e-03 
 2.377071e+01  5.380762e-03 
 2.377110e+01  5.149258e-03 
 2.377150e+01  4.880334e-03 
 2.377190e+01  4.569136e-03 
 2.377230e+01  4.210461e-03 
 2.377269e+01  3.801570e-03 
 2.377309e+01  3.346687e-03 
 2.377349e+01  2.849413e-03 
 2.377389e+01  2.313406e-03 
 2.377428e+01  1.741583e-03 
 2.377468e+01  1.133321e-03 
 2.377508e+01  4.838557e-04 
 2.377548e+01 -2.118147e-04 
 2.377588e+01 -9.575014e-04 
 2.377627e+01 -1.754311e-03 
 2.377667e+01 -2.600023e-03 
 2.377707e+01 -3.492247e-03 
 2.377747e+01 -4.429519e-03 
 2.377786e+01 -5.412830e-03 
 2.377826e+01 -6.443684e-03 
 2.377866e+01 -7.523302e-03 
 2.377906e+01 -8.652334e-03 
 2.377945e+01 -9.826765e-03 
 2.377985e+01 -1.104262e-02 
 2.378025e+01 -1.229195e-02 
 2.378065e+01 -1.356666e-02 
 2.378105e+01 -1.486383e-02 
 2.378144e+01 -1.617868e-02 
 2.378184e+01 -1.750834e-02 
 2.378224e+01 -1.884956e-02 
 2.378264e+01 -2.019793e-02 
 2.378303e+01 -2.154389e-02 
 2.378343e+01 -2.288191e-02 
 2.378383e+01 -2.420693e-02 
 2.378423e+01 -2.550994e-02 
 2.378462e+01 -2.678561e-02 
 2.378502e+01 -2.803001e-02 
 2.378542e+01 -2.923698e-02 
 2.378582e+01 -3.040291e-02 
 2.378622e+01 -3.152320e-02 
 2.378661e+01 -3.259483e-02 
 2.378701e+01 -3.361885e-02 
 2.378741e+01 -3.459930e-02 
 2.378781e+01 -3.554132e-02 
 2.378820e+01 -3.645058e-02 
 2.378860e+01 -3.733673e-02 
 2.378900e+01 -3.820146e-02 
 2.378940e+01 -3.904758e-02 
 2.378979e+01 -3.987387e-02 
 2.379019e+01 -4.067909e-02 
 2.379059e+01 -4.146083e-02 
 2.379099e+01 -4.221615e-02 
 2.379139e+01 -4.294120e-02 
 2.379178e+01 -4.363145e-02 
 2.379218e+01 -4.428369e-02 
 2.379258e+01 -4.489049e-02 
 2.379298e+01 -4.544677e-02 
 2.379337e+01 -4.594635e-02 
 2.379377e+01 -4.638669e-02 
 2.379417e+01 -4.676436e-02 
 2.379457e+01 -4.708082e-02 
 2.379496e+01 -4.734294e-02 
 2.379536e+01 -4.754894e-02 
 2.379576e+01 -4.770094e-02 
 2.379616e+01 -4.779941e-02 
 2.379656e+01 -4.784349e-02 
 2.379695e+01 -4.783039e-02 
 2.379735e+01 -4.776097e-02 
 2.379775e+01 -4.763617e-02 
 2.379815e+01 -4.745699e-02 
 2.379854e+01 -4.722102e-02 
 2.379894e+01 -4.692347e-02 
 2.379934e+01 -4.655710e-02 
 2.379974e+01 -4.611722e-02 
 2.380013e+01 -4.560189e-02 
 2.380053e+01 -4.501040e-02 
 2.380093e+01 -4.434780e-02 
 2.380133e+01 -4.362211e-02 
 2.380173e+01 -4.284062e-02 
 2.380212e+01 -4.201437e-02 
 2.380252e+01 -4.114785e-02 
 2.380292e+01 -4.024447e-02 
 2.380332e+01 -3.931156e-02 
 2.380371e+01 -3.835652e-02 
 2.380411e+01 -3.738607e-02 
 2.380451e+01 -3.640549e-02 
 2.380491e+01 -3.542102e-02 
 2.380530e+01 -3.443761e-02 
 2.380570e+01 -3.345896e-02 
 2.380610e+01 -3.249328e-02 
 2.380650e+01 -3.154416e-02 
 2.380690e+01 -3.061650e-02 
 2.380729e+01 -2.971909e-02 
 2.380769e+01 -2.885927e-02 
 2.380809e+01 -2.804148e-02 
 2.380849e+01 -2.726826e-02 
 2.380888e+01 -2.653839e-02 
 2.380928e+01 -2.584822e-02 
 2.380968e+01 -2.519505e-02 
 2.381008e+01 -2.457421e-02 
 2.381047e+01 -2.398314e-02 
 2.381087e+01 -2.341934e-02 
 2.381127e+01 -2.288015e-02 
 2.381167e+01 -2.236260e-02 
 2.381207e+01 -2.186699e-02 
 2.381246e+01 -2.138880e-02 
 2.381286e+01 -2.092595e-02 
 2.381326e+01 -2.047676e-02 
 2.381366e+01 -2.004316e-02 
 2.381405e+01 -1.963110e-02 
 2.381445e+01 -1.924295e-02 
 2.381485e+01 -1.888452e-02 
 2.381525e+01 -1.855885e-02 
 2.381564e+01 -1.826569e-02 
 2.381604e+01 -1.800607e-02 
 2.381644e+01 -1.777677e-02 
 2.381684e+01 -1.757486e-02 
 2.381724e+01 -1.739764e-02 
 2.381763e+01 -1.723862e-02 
 2.381803e+01 -1.709376e-02 
 2.381843e+01 -1.696097e-02 
 2.381883e+01 -1.683299e-02 
 2.381922e+01 -1.670876e-02 
 2.381962e+01 -1.658909e-02 
 2.382002e+01 -1.648211e-02 
 2.382042e+01 -1.639446e-02 
 2.382081e+01 -1.633530e-02 
 2.382121e+01 -1.631132e-02 
 2.382161e+01 -1.632789e-02 
 2.382201e+01 -1.638798e-02 
 2.382241e+01 -1.649284e-02 
 2.382280e+01 -1.663996e-02 
 2.382320e+01 -1.682722e-02 
 2.382360e+01 -1.705330e-02 
 2.382400e+01 -1.731636e-02 
 2.382439e+01 -1.761274e-02 
 2.382479e+01 -1.793652e-02 
 2.382519e+01 -1.827990e-02 
 2.382559e+01 -1.863620e-02 
 2.382598e+01 -1.900269e-02 
 2.382638e+01 -1.937703e-02 
 2.382678e+01 -1.975871e-02 
 2.382718e+01 -2.014429e-02 
 2.382758e+01 -2.052923e-02 
 2.382797e+01 -2.090765e-02 
 2.382837e+01 -2.127398e-02 
 2.382877e+01 -2.162121e-02 
 2.382917e+01 -2.194377e-02 
 2.382956e+01 -2.224350e-02 
 2.382996e+01 -2.252072e-02 
 2.383036e+01 -2.278131e-02 
 2.383076e+01 -2.302652e-02 
 2.383115e+01 -2.325592e-02 
 2.383155e+01 -2.346374e-02 
 2.383195e+01 -2.364488e-02 
 2.383235e+01 -2.379628e-02 
 2.383275e+01 -2.391997e-02 
 2.383314e+01 -2.401784e-02 
 2.383354e+01 -2.409455e-02 
 2.383394e+01 -2.415330e-02 
 2.383434e+01 -2.419957e-02 
 2.383473e+01 -2.423147e-02 
 2.383513e+01 -2.424869e-02 
 2.383553e+01 -2.425095e-02 
 2.383593e+01 -2.423857e-02 
 2.383632e+01 -2.421162e-02 
 2.383672e+01 -2.416720e-02 
 2.383712e+01 -2.410135e-02 
 2.383752e+01 -2.400846e-02 
 2.383792e+01 -2.388160e-02 
 2.383831e+01 -2.371997e-02 
 2.383871e+01 -2.352626e-02 
 2.383911e+01 -2.330555e-02 
 2.383951e+01 -2.306537e-02 
 2.383990e+01 -2.281524e-02 
 2.384030e+01 -2.256065e-02 
 2.384070e+01 -2.230444e-02 
 2.384110e+01 -2.204128e-02 
 2.384149e+01 -2.176651e-02 
 2.384189e+01 -2.147700e-02 
 2.384229e+01 -2.116607e-02 
 2.384269e+01 -2.082682e-02 
 2.384309e+01 -2.045331e-02 
 2.384348e+01 -2.003725e-02 
 2.384388e+01 -1.956878e-02 
 2.384428e+01 -1.904287e-02 
 2.384468e+01 -1.845295e-02 
 2.384507e+01 -1.779549e-02 
 2.384547e+01 -1.707062e-02 
 2.384587e+01 -1.628462e-02 
 2.384627e+01 -1.544412e-02 
 2.384667e+01 -1.455499e-02 
 2.384706e+01 -1.362363e-02 
 2.384746e+01 -1.265561e-02 
 2.384786e+01 -1.165548e-02 
 2.384826e+01 -1.062970e-02 
 2.384865e+01 -9.583999e-03 
 2.384905e+01 -8.525446e-03 
 2.384945e+01 -7.460447e-03 
 2.384985e+01 -6.392119e-03 
 2.385024e+01 -5.322379e-03 
 2.385064e+01 -4.249235e-03 
 2.385104e+01 -3.171394e-03 
 2.385144e+01 -2.090799e-03 
 2.385184e+01 -1.012257e-03 
 2.385223e+01  5.969400e-05 
 2.385263e+01  1.119120e-03 
 2.385303e+01  2.158108e-03 
 2.385343e+01  3.169658e-03 
 2.385382e+01  4.149859e-03 
 2.385422e+01  5.094970e-03 
 2.385462e+01  6.001485e-03 
 2.385502e+01  6.863388e-03 
 2.385541e+01  7.678200e-03 
 2.385581e+01  8.444203e-03 
 2.385621e+01  9.163522e-03 
 2.385661e+01  9.837385e-03 
 2.385701e+01  1.046937e-02 
 2.385740e+01  1.105936e-02 
 2.385780e+01  1.160588e-02 
 2.385820e+01  1.210327e-02 
 2.385860e+01  1.254690e-02 
 2.385899e+01  1.293097e-02 
 2.385939e+01  1.324793e-02 
 2.385979e+01  1.349665e-02 
 2.386019e+01  1.367944e-02 
 2.386058e+01  1.380106e-02 
 2.386098e+01  1.386524e-02 
 2.386138e+01  1.387864e-02 
 2.386178e+01  1.384778e-02 
 2.386218e+01  1.377635e-02 
 2.386257e+01  1.366729e-02 
 2.386297e+01  1.352660e-02 
 2.386337e+01  1.335519e-02 
 2.386377e+01  1.315326e-02 
 2.386416e+01  1.291698e-02 
 2.386456e+01  1.264307e-02 
 2.386496e+01  1.232656e-02 
 2.386536e+01  1.195734e-02 
 2.386575e+01  1.152713e-02 
 2.386615e+01  1.102903e-02 
 2.386655e+01  1.045801e-02 
 2.386695e+01  9.812297e-03 
 2.386735e+01  9.091756e-03 
 2.386774e+01  8.297589e-03 
 2.386814e+01  7.430362e-03 
 2.386854e+01  6.490807e-03 
 2.386894e+01  5.486240e-03 
 2.386933e+01  4.424107e-03 
 2.386973e+01  3.311752e-03 
 2.387013e+01  2.160805e-03 
 2.387053e+01  9.813291e-04 
 2.387092e+01 -2.192324e-04 
 2.387132e+01 -1.436243e-03 
 2.387172e+01 -2.669641e-03 
 2.387212e+01 -3.918794e-03 
 2.387252e+01 -5.183051e-03 
 2.387291e+01 -6.458589e-03 
 2.387331e+01 -7.740709e-03 
 2.387371e+01 -9.027552e-03 
 2.387411e+01 -1.031737e-02 
 2.387450e+01 -1.160815e-02 
 2.387490e+01 -1.289730e-02 
 2.387530e+01 -1.418088e-02 
 2.387570e+01 -1.545353e-02 
 2.387609e+01 -1.670715e-02 
 2.387649e+01 -1.793352e-02 
 2.387689e+01 -1.912400e-02 
 2.387729e+01 -2.027608e-02 
 2.387769e+01 -2.139000e-02 
 2.387808e+01 -2.247020e-02 
 2.387848e+01 -2.352130e-02 
 2.387888e+01 -2.454331e-02 
 2.387928e+01 -2.553376e-02 
 2.387967e+01 -2.648985e-02 
 2.388007e+01 -2.740725e-02 
 2.388047e+01 -2.828543e-02 
 2.388087e+01 -2.912320e-02 
 2.388126e+01 -2.992319e-02 
 2.388166e+01 -3.068710e-02 
 2.388206e+01 -3.141700e-02 
 2.388246e+01 -3.211092e-02 
 2.388286e+01 -3.276706e-02 
 2.388325e+01 -3.338306e-02 
 2.388365e+01 -3.396370e-02 
 2.388405e+01 -3.451607e-02 
 2.388445e+01 -3.505019e-02 
 2.388484e+01 -3.557542e-02 
 2.388524e+01 -3.609405e-02 
 2.388564e+01 -3.660649e-02 
 2.388604e+01 -3.711153e-02 
 2.388643e+01 -3.760366e-02 
 2.388683e+01 -3.807784e-02 
 2.388723e+01 -3.853127e-02 
 2.388763e+01 -3.896275e-02 
 2.388803e+01 -3.936713e-02 
 2.388842e+01 -3.973640e-02 
 2.388882e+01 -4.005758e-02 
 2.388922e+01 -4.031826e-02 
 2.388962e+01 -4.051005e-02 
 2.389001e+01 -4.063264e-02 
 2.389041e+01 -4.069043e-02 
 2.389081e+01 -4.069435e-02 
 2.389121e+01 -4.065078e-02 
 2.389160e+01 -4.056700e-02 
 2.389200e+01 -4.044644e-02 
 2.389240e+01 -4.028869e-02 
 2.389280e+01 -4.009202e-02 
 2.389320e+01 -3.985860e-02 
 2.389359e+01 -3.959139e-02 
 2.389399e+01 -3.929433e-02 
 2.389439e+01 -3.896751e-02 
 2.389479e+01 -3.860995e-02 
 2.389518e+01 -3.821437e-02 
 2.389558e+01 -3.777478e-02 
 2.389598e+01 -3.728762e-02 
 2.389638e+01 -3.675640e-02 
 2.389677e+01 -3.618721e-02 
 2.389717e+01 -3.559260e-02 
 2.389757e+01 -3.498289e-02 
 2.389797e+01 -3.436342e-02 
 2.389837e+01 -3.373955e-02 
 2.389876e+01 -3.311310e-02 
 2.389916e+01 -3.248583e-02 
 2.389956e+01 -3.186156e-02 
 2.389996e+01 -3.124734e-02 
 2.390035e+01 -3.065135e-02 
 2.390075e+01 -3.007842e-02 
 2.390115e+01 -2.952586e-02 
 2.390155e+01 -2.898713e-02 
 2.390194e+01 -2.845381e-02 
 2.390234e+01 -2.792146e-02 
 2.390274e+01 -2.739276e-02 
 2.390314e+01 -2.687474e-02 
 2.390354e+01 -2.637482e-02 
 2.390393e+01 -2.589877e-02 
 2.390433e+01 -2.544863e-02 
 2.390473e+01 -2.502103e-02 
 2.390513e+01 -2.460962e-02 
 2.390552e+01 -2.420803e-02 
 2.390592e+01 -2.381629e-02 
 2.390632e+01 -2.343780e-02 
 2.390672e+01 -2.307511e-02 
 2.390711e+01 -2.272894e-02 
 2.390751e+01 -2.239361e-02 
 2.390791e+01 -2.206244e-02 
 2.390831e+01 -2.172979e-02 
 2.390871e+01 -2.139401e-02 
 2.390910e+01 -2.106108e-02 
 2.390950e+01 -2.074201e-02 
 2.390990e+01 -2.045304e-02 
 2.391030e+01 -2.020669e-02 
 2.391069e+01 -2.000965e-02 
 2.391109e+01 -1.986425e-02 
 2.391149e+01 -1.976762e-02 
 2.391189e+01 -1.971845e-02 
 2.391228e+01 -1.971590e-02 
 2.391268e+01 -1.976141e-02 
 2.391308e+01 -1.985747e-02 
 2.391348e+01 -2.000426e-02 
 2.391388e+01 -2.019740e-02 
 2.391427e+01 -2.042880e-02 
 2.391467e+01 -2.068978e-02 
 2.391507e+01 -2.097393e-02 
 2.391547e+01 -2.128273e-02 
 2.391586e+01 -2.162128e-02 
 2.391626e+01 -2.199825e-02 
 2.391666e+01 -2.241881e-02 
 2.391706e+01 -2.288488e-02 
 2.391745e+01 -2.339434e-02 
 2.391785e+01 -2.394046e-02 
 2.391825e+01 -2.451732e-02 
 2.391865e+01 -2.512194e-02 
 2.391905e+01 -2.575258e-02 
 2.391944e+01 -2.640703e-02 
 2.391984e+01 -2.708087e-02 
 2.392024e+01 -2.776228e-02 
 2.392064e+01 -2.843293e-02 
 2.392103e+01 -2.907834e-02 
 2.392143e+01 -2.968452e-02 
 2.392183e+01 -3.024669e-02 
 2.392223e+01 -3.076446e-02 
 2.392262e+01 -3.124086e-02 
 2.392302e+01 -3.168189e-02 
 2.392342e+01 -3.208613e-02 
 2.392382e+01 -3.245186e-02 
 2.392422e+01 -3.277590e-02 
 2.392461e+01 -3.305477e-02 
 2.392501e+01 -3.328622e-02 
 2.392541e+01 -3.347374e-02 
 2.392581e+01 -3.362076e-02 
 2.392620e+01 -3.372668e-02 
 2.392660e+01 -3.378957e-02 
 2.392700e+01 -3.380587e-02 
 2.392740e+01 -3.377265e-02 
 2.392779e+01 -3.368818e-02 
 2.392819e+01 -3.355836e-02 
 2.392859e+01 -3.339261e-02 
 2.392899e+01 -3.319858e-02 
 2.392939e+01 -3.298283e-02 
 2.392978e+01 -3.274952e-02 
 2.393018e+01 -3.249806e-02 
 2.393058e+01 -3.222366e-02 
 2.393098e+01 -3.192154e-02 
 2.393137e+01 -3.159050e-02 
 2.393177e+01 -3.123072e-02 
 2.393217e+01 -3.084263e-02 
 2.393257e+01 -3.042474e-02 
 2.393296e+01 -2.997373e-02 
 2.393336e+01 -2.948177e-02 
 2.393376e+01 -2.894001e-02 
 2.393416e+01 -2.834502e-02 
 2.393456e+01 -2.769835e-02 
 2.393495e+01 -2.700506e-02 
 2.393535e+01 -2.627309e-02 
 2.393575e+01 -2.551294e-02 
 2.393615e+01 -2.472865e-02 
 2.393654e+01 -2.392318e-02 
 2.393694e+01 -2.309465e-02 
 2.393734e+01 -2.224181e-02 
 2.393774e+01 -2.136555e-02 
 2.393814e+01 -2.046596e-02 
 2.393853e+01 -1.954660e-02 
 2.393893e+01 -1.860539e-02 
 2.393933e+01 -1.763828e-02 
 2.393973e+01 -1.663978e-02 
 2.394012e+01 -1.560087e-02 
 2.394052e+01 -1.451661e-02 
 2.394092e+01 -1.338633e-02 
 2.394132e+01 -1.221662e-02 
 2.394171e+01 -1.101889e-02 
 2.394211e+01 -9.810399e-03 
 2.394251e+01 -8.606932e-03 
 2.394291e+01 -7.422515e-03 
 2.394331e+01 -6.267636e-03 
 2.394370e+01 -5.146128e-03 
 2.394410e+01 -4.062121e-03 
 2.394450e+01 -3.021122e-03 
 2.394490e+01 -2.023646e-03 
 2.394529e+01 -1.070094e-03 
 2.394569e+01 -1.584235e-04 
 2.394609e+01  7.167387e-04 
 2.394649e+01  1.560105e-03 
 2.394688e+01  2.376545e-03 
 2.394728e+01  3.168266e-03 
 2.394768e+01  3.931645e-03 
 2.394808e+01  4.658866e-03 
 2.394848e+01  5.341598e-03 
 2.394887e+01  5.979700e-03 
 2.394927e+01  6.573563e-03 
 2.394967e+01  7.130444e-03 
 2.395007e+01  7.658159e-03 
 2.395046e+01  8.162633e-03 
 2.395086e+01  8.643678e-03 
 2.395126e+01  9.097965e-03 
 2.395166e+01  9.523183e-03 
 2.395205e+01  9.919888e-03 
 2.395245e+01  1.029113e-02 
 2.395285e+01  1.064353e-02 
 2.395325e+01  1.098460e-02 
 2.395365e+01  1.131433e-02 
 2.395404e+01  1.162879e-02 
 2.395444e+01  1.191880e-02 
 2.395484e+01  1.217402e-02 
 2.395524e+01  1.238668e-02 
 2.395563e+01  1.255405e-02 
 2.395603e+01  1.267833e-02 
 2.395643e+01  1.276461e-02 
 2.395683e+01  1.281526e-02 
 2.395722e+01  1.282698e-02 
 2.395762e+01  1.279711e-02 
 2.395802e+01  1.272414e-02 
 2.395842e+01  1.260713e-02 
 2.395882e+01  1.245215e-02 
 2.395921e+01  1.226216e-02 
 2.395961e+01  1.204096e-02 
 2.396001e+01  1.178845e-02 
 2.396041e+01  1.149712e-02 
 2.396080e+01  1.115596e-02 
 2.396120e+01  1.074941e-02 
 2.396160e+01  1.026834e-02 
 2.396200e+01  9.708303e-03 
 2.396239e+01  9.069354e-03 
 2.396279e+01  8.356369e-03 
 2.396319e+01  7.571498e-03 
 2.396359e+01  6.718083e-03 
 2.396399e+01  5.801148e-03 
 2.396438e+01  4.826221e-03 
 2.396478e+01  3.802558e-03 
 2.396518e+01  2.744534e-03 
 2.396558e+01  1.666850e-03 
 2.396597e+01  5.828896e-04 
 2.396637e+01 -4.963470e-04 
 2.396677e+01 -1.568259e-03 
 2.396717e+01 -2.637080e-03 
 2.396756e+01 -3.708103e-03 
 2.396796e+01 -4.784991e-03 
 2.396836e+01 -5.867352e-03 
 2.396876e+01 -6.950209e-03 
 2.396916e+01 -8.024431e-03 
 2.396955e+01 -9.086173e-03 
 2.396995e+01 -1.013396e-02 
 2.397035e+01 -1.116965e-02 
 2.397075e+01 -1.219705e-02 
 2.397114e+01 -1.321622e-02 
 2.397154e+01 -1.422394e-02 
 2.397194e+01 -1.521393e-02 
 2.397234e+01 -1.617746e-02 
 2.397273e+01 -1.710967e-02 
 2.397313e+01 -1.801270e-02 
 2.397353e+01 -1.889291e-02 
 2.397393e+01 -1.975739e-02 
 2.397433e+01 -2.061175e-02 
 2.397472e+01 -2.145483e-02 
 2.397512e+01 -2.228292e-02 
 2.397552e+01 -2.309065e-02 
 2.397592e+01 -2.387692e-02 
 2.397631e+01 -2.464305e-02 
 2.397671e+01 -2.538874e-02 
 2.397711e+01 -2.611934e-02 
 2.397751e+01 -2.683419e-02 
 2.397790e+01 -2.752541e-02 
 2.397830e+01 -2.818472e-02 
 2.397870e+01 -2.880149e-02 
 2.397910e+01 -2.937137e-02 
 2.397950e+01 -2.989739e-02 
 2.397989e+01 -3.038897e-02 
 2.398029e+01 -3.085511e-02 
 2.398069e+01 -3.129956e-02 
 2.398109e+01 -3.172016e-02 
 2.398148e+01 -3.211002e-02 
 2.398188e+01 -3.245963e-02 
 2.398228e+01 -3.276318e-02 
 2.398268e+01 -3.301682e-02 
 2.398307e+01 -3.322195e-02 
 2.398347e+01 -3.337865e-02 
 2.398387e+01 -3.348276e-02 
 2.398427e+01 -3.352551e-02 
 2.398467e+01 -3.349768e-02 
 2.398506e+01 -3.338935e-02 
 2.398546e+01 -3.319984e-02 
 2.398586e+01 -3.294052e-02 
 2.398626e+01 -3.262435e-02 
 2.398665e+01 -3.226696e-02 
 2.398705e+01 -3.188438e-02 
 2.398745e+01 -3.148392e-02 
 2.398785e+01 -3.107000e-02 
 2.398824e+01 -3.064615e-02 
 2.398864e+01 -3.021693e-02 
 2.398904e+01 -2.978707e-02 
 2.398944e+01 -2.936270e-02 
 2.398984e+01 -2.894965e-02 
 2.399023e+01 -2.855001e-02 
 2.399063e+01 -2.816309e-02 
 2.399103e+01 -2.778365e-02 
 2.399143e+01 -2.740613e-02 
 2.399182e+01 -2.703140e-02 
 2.399222e+01 -2.666423e-02 
 2.399262e+01 -2.631257e-02 
 2.399302e+01 -2.598401e-02 
 2.399341e+01 -2.568511e-02 
 2.399381e+01 -2.541788e-02 
 2.399421e+01 -2.518327e-02 
 2.399461e+01 -2.498161e-02 
 2.399501e+01 -2.481099e-02 
 2.399540e+01 -2.467181e-02 
 2.399580e+01 -2.456379e-02 
 2.399620e+01 -2.448871e-02 
 2.399660e+01 -2.444311e-02 
 2.399699e+01 -2.442037e-02 
 2.399739e+01 -2.441070e-02 
 2.399779e+01 -2.440448e-02 
 2.399819e+01 -2.439699e-02 
 2.399858e+01 -2.439162e-02 
 2.399898e+01 -2.439248e-02 
 2.399938e+01 -2.440609e-02 
 2.399978e+01 -2.443707e-02 
 2.400018e+01 -2.448268e-02 
 2.400057e+01 -2.453858e-02 
 2.400097e+01 -2.459702e-02 
 2.400137e+01 -2.465150e-02 
 2.400177e+01 -2.469993e-02 
 2.400216e+01 -2.474518e-02 
 2.400256e+01 -2.479212e-02 
 2.400296e+01 -2.484556e-02 
 2.400336e+01 -2.490692e-02 
 2.400375e+01 -2.497280e-02 
 2.400415e+01 -2.504081e-02 
 2.400455e+01 -2.511098e-02 
 2.400495e+01 -2.518886e-02 
 2.400535e+01 -2.528641e-02 
 2.400574e+01 -2.541465e-02 
 2.400614e+01 -2.558245e-02 
 2.400654e+01 -2.579316e-02 
 2.400694e+01 -2.604816e-02 
 2.400733e+01 -2.634157e-02 
 2.400773e+01 -2.666655e-02 
 2.400813e+01 -2.702087e-02 
 2.400853e+01 -2.740460e-02 
 2.400892e+01 -2.781743e-02 
 2.400932e+01 -2.825614e-02 
 2.400972e+01 -2.871422e-02 
 2.401012e+01 -2.917430e-02 
 2.401052e+01 -2.962482e-02 
 2.401091e+01 -3.005569e-02 
 2.401131e+01 -3.046857e-02 
 2.401171e+01 -3.086874e-02 
 2.401211e+01 -3.126440e-02 
 2.401250e+01 -3.166603e-02 
 2.401290e+01 -3.207479e-02 
 2.401330e+01 -3.248848e-02 
 2.401370e+01 -3.289981e-02 
 2.401409e+01 -3.330430e-02 
 2.401449e+01 -3.369733e-02 
 2.401489e+01 -3.407682e-02 
 2.401529e+01 -3.444523e-02 
 2.401569e+01 -3.479935e-02 
 2.401608e+01 -3.513141e-02 
 2.401648e+01 -3.542820e-02 
 2.401688e+01 -3.568249e-02 
 2.401728e+01 -3.588990e-02 
 2.401767e+01 -3.605162e-02 
 2.401807e+01 -3.617338e-02 
 2.401847e+01 -3.626468e-02 
 2.401887e+01 -3.633270e-02 
 2.401926e+01 -3.638267e-02 
 2.401966e+01 -3.641448e-02 
 2.402006e+01 -3.642579e-02 
 2.402046e+01 -3.641439e-02 
 2.402086e+01 -3.638174e-02 
 2.402125e+01 -3.633373e-02 
 2.402165e+01 -3.627592e-02 
 2.402205e+01 -3.621260e-02 
 2.402245e+01 -3.613959e-02 
 2.402284e+01 -3.605314e-02 
 2.402324e+01 -3.594913e-02 
 2.402364e+01 -3.582284e-02 
 2.402404e+01 -3.567537e-02 
 2.402443e+01 -3.551052e-02 
 2.402483e+01 -3.533276e-02 
 2.402523e+01 -3.514649e-02 
 2.402563e+01 -3.495115e-02 
 2.402603e+01 -3.473989e-02 
 2.402642e+01 -3.450295e-02 
 2.402682e+01 -3.423324e-02 
 2.402722e+01 -3.392736e-02 
 2.402762e+01 -3.358628e-02 
 2.402801e+01 -3.321084e-02 
 2.402841e+01 -3.279732e-02 
 2.402881e+01 -3.233838e-02 
 2.402921e+01 -3.182537e-02 
 2.402960e+01 -3.124646e-02 
 2.403000e+01 -3.059503e-02 
 2.403040e+01 -2.987349e-02 
 2.403080e+01 -2.908958e-02 
 2.403120e+01 -2.825777e-02 
 2.403159e+01 -2.739339e-02 
 2.403199e+01 -2.650425e-02 
 2.403239e+01 -2.559290e-02 
 2.403279e+01 -2.465294e-02 
 2.403318e+01 -2.368256e-02 
 2.403358e+01 -2.267818e-02 
 2.403398e+01 -2.164455e-02 
 2.403438e+01 -2.058818e-02 
 2.403478e+01 -1.951389e-02 
 2.403517e+01 -1.842232e-02 
 2.403557e+01 -1.730861e-02 
 2.403597e+01 -1.616755e-02 
 2.403637e+01 -1.499572e-02 
 2.403676e+01 -1.379768e-02 
 2.403716e+01 -1.258372e-02 
 2.403756e+01 -1.137220e-02 
 2.403796e+01 -1.018057e-02 
 2.403835e+01 -9.019898e-03 
 2.403875e+01 -7.891271e-03 
 2.403915e+01 -6.793753e-03 
 2.403955e+01 -5.726954e-03 
 2.403995e+01 -4.692787e-03 
 2.404034e+01 -3.699628e-03 
 2.404074e+01 -2.756312e-03 
 2.404114e+01 -1.866299e-03 
 2.404154e+01 -1.026191e-03 
 2.404193e+01 -2.268594e-04 
 2.404233e+01  5.447436e-04 
 2.404273e+01  1.298499e-03 
 2.404313e+01  2.037746e-03 
 2.404352e+01  2.758188e-03 
 2.404392e+01  3.451812e-03 
 2.404432e+01  4.112713e-03 
 2.404472e+01  4.741115e-03 
 2.404512e+01  5.341390e-03 
 2.404551e+01  5.917529e-03 
 2.404591e+01  6.474021e-03 
 2.404631e+01  7.008793e-03 
 2.404671e+01  7.513765e-03 
 2.404710e+01  7.982353e-03 
 2.404750e+01  8.411585e-03 
 2.404790e+01  8.802986e-03 
 2.404830e+01  9.167204e-03 
 2.404869e+01  9.512866e-03 
 2.404909e+01  9.841926e-03 
 2.404949e+01  1.014840e-02 
 2.404989e+01  1.042067e-02 
 2.405029e+01  1.064362e-02 
 2.405068e+01  1.080618e-02 
 2.405108e+01  1.090462e-02 
 2.405148e+01  1.094238e-02 
 2.405188e+01  1.092623e-02 
 2.405227e+01  1.086446e-02 
 2.405267e+01  1.075779e-02 
 2.405307e+01  1.060284e-02 
 2.405347e+01  1.039511e-02 
 2.405386e+01  1.013649e-02 
 2.405426e+01  9.831981e-03 
 2.405466e+01  9.492169e-03 
 2.405506e+01  9.125423e-03 
 2.405546e+01  8.734971e-03 
 2.405585e+01  8.317688e-03 
 2.405625e+01  7.866469e-03 
 2.405665e+01  7.370621e-03 
 2.405705e+01  6.825721e-03 
 2.405744e+01  6.231501e-03 
 2.405784e+01  5.596611e-03 
 2.405824e+01  4.930807e-03 
 2.405864e+01  4.241243e-03 
 2.405903e+01  3.530193e-03 
 2.405943e+01  2.796544e-03 
 2.405983e+01  2.041205e-03 
 2.406023e+01  1.267714e-03 
 2.406063e+01  4.853788e-04 
 2.406102e+01 -2.884888e-04 
 2.406142e+01 -1.040373e-03 
 2.406182e+01 -1.760297e-03 
 2.406222e+01 -2.443099e-03 
 2.406261e+01 -3.093676e-03 
 2.406301e+01 -3.722827e-03 
 2.406341e+01 -4.337066e-03 
 2.406381e+01 -4.938732e-03 
 2.406420e+01 -5.528590e-03 
 2.406460e+01 -6.106721e-03 
 2.406500e+01 -6.675342e-03 
 2.406540e+01 -7.239063e-03 
 2.406580e+01 -7.807461e-03 
 2.406619e+01 -8.385287e-03 
 2.406659e+01 -8.975143e-03 
 2.406699e+01 -9.577206e-03 
 2.406739e+01 -1.018515e-02 
 2.406778e+01 -1.079166e-02 
 2.406818e+01 -1.139109e-02 
 2.406858e+01 -1.198406e-02 
 2.406898e+01 -1.257663e-02 
 2.406937e+01 -1.317339e-02 
 2.406977e+01 -1.377737e-02 
 2.407017e+01 -1.438922e-02 
 2.407057e+01 -1.500405e-02 
 2.407097e+01 -1.561576e-02 
 2.407136e+01 -1.622507e-02 
 2.407176e+01 -1.683061e-02 
 2.407216e+01 -1.743511e-02 
 2.407256e+01 -1.803993e-02 
 2.407295e+01 -1.864706e-02 
 2.407335e+01 -1.925126e-02 
 2.407375e+01 -1.984218e-02 
 2.407415e+01 -2.040931e-02 
 2.407454e+01 -2.094595e-02 
 2.407494e+01 -2.144913e-02 
 2.407534e+01 -2.192261e-02 
 2.407574e+01 -2.237245e-02 
 2.407614e+01 -2.280427e-02 
 2.407653e+01 -2.321694e-02 
 2.407693e+01 -2.360670e-02 
 2.407733e+01 -2.396651e-02 
 2.407773e+01 -2.428926e-02 
 2.407812e+01 -2.457008e-02 
 2.407852e+01 -2.481007e-02 
 2.407892e+01 -2.501322e-02 
 2.407932e+01 -2.518258e-02 
 2.407971e+01 -2.531593e-02 
 2.408011e+01 -2.540960e-02 
 2.408051e+01 -2.545745e-02 
 2.408091e+01 -2.545462e-02 
 2.408131e+01 -2.540311e-02 
 2.408170e+01 -2.531229e-02 
 2.408210e+01 -2.519379e-02 
 2.408250e+01 -2.505945e-02 
 2.408290e+01 -2.492021e-02 
 2.408329e+01 -2.478137e-02 
 2.408369e+01 -2.464580e-02 
 2.408409e+01 -2.451545e-02 
 2.408449e+01 -2.439247e-02 
 2.408488e+01 -2.427863e-02 
 2.408528e+01 -2.418047e-02 
 2.408568e+01 -2.409850e-02 
 2.408608e+01 -2.403096e-02 
 2.408648e+01 -2.397098e-02 
 2.408687e+01 -2.390773e-02 
 2.408727e+01 -2.383498e-02 
 2.408767e+01 -2.375021e-02 
 2.408807e+01 -2.365629e-02 
 2.408846e+01 -2.355779e-02 
 2.408886e+01 -2.346019e-02 
 2.408926e+01 -2.336667e-02 
 2.408966e+01 -2.327629e-02 
 2.409005e+01 -2.318473e-02 
 2.409045e+01 -2.308960e-02 
 2.409085e+01 -2.298930e-02 
 2.409125e+01 -2.288927e-02 
 2.409165e+01 -2.279527e-02 
 2.409204e+01 -2.271045e-02 
 2.409244e+01 -2.263584e-02 
 2.409284e+01 -2.256826e-02 
 2.409324e+01 -2.250280e-02 
 2.409363e+01 -2.243509e-02 
 2.409403e+01 -2.236374e-02 
 2.409443e+01 -2.229230e-02 
 2.409483e+01 -2.222742e-02 
 2.409522e+01 -2.217768e-02 
 2.409562e+01 -2.214881e-02 
 2.409602e+01 -2.213992e-02 
 2.409642e+01 -2.214867e-02 
 2.409682e+01 -2.217526e-02 
 2.409721e+01 -2.221962e-02 
 2.409761e+01 -2.228578e-02 
 2.409801e+01 -2.238072e-02 
 2.409841e+01 -2.250990e-02 
 2.409880e+01 -2.267877e-02 
 2.409920e+01 -2.288461e-02 
 2.409960e+01 -2.312538e-02 
 2.410000e+01 -2.339592e-02 
 2.410039e+01 -2.369253e-02 
 2.410079e+01 -2.402032e-02 
 2.410119e+01 -2.438885e-02 
 2.410159e+01 -2.480650e-02 
 2.410199e+01 -2.527850e-02 
 2.410238e+01 -2.580502e-02 
 2.410278e+01 -2.637879e-02 
 2.410318e+01 -2.699245e-02 
 2.410358e+01 -2.763534e-02 
 2.410397e+01 -2.830493e-02 
 2.410437e+01 -2.899865e-02 
 2.410477e+01 -2.971384e-02 
 2.410517e+01 -3.044179e-02 
 2.410556e+01 -3.117253e-02 
 2.410596e+01 -3.188832e-02 
 2.410636e+01 -3.257510e-02 
 2.410676e+01 -3.322401e-02 
 2.410716e+01 -3.383653e-02 
 2.410755e+01 -3.441965e-02 
 2.410795e+01 -3.497841e-02 
 2.410835e+01 -3.551879e-02 
 2.410875e+01 -3.603903e-02 
 2.410914e+01 -3.653383e-02 
 2.410954e+01 -3.699729e-02 
 2.410994e+01 -3.742665e-02 
 2.411034e+01 -3.782447e-02 
 2.411073e+01 -3.819550e-02 
 2.411113e+01 -3.854538e-02 
 2.411153e+01 -3.887480e-02 
 2.411193e+01 -3.918061e-02 
 2.411233e+01 -3.945322e-02 
 2.411272e+01 -3.968599e-02 
 2.411312e+01 -3.987526e-02 
 2.411352e+01 -4.002339e-02 
 2.411392e+01 -4.013642e-02 
 2.411431e+01 -4.022160e-02 
 2.411471e+01 -4.028415e-02 
 2.411511e+01 -4.032830e-02 
 2.411551e+01 -4.035492e-02 
 2.411590e+01 -4.036267e-02 
 2.411630e+01 -4.035146e-02 
 2.411670e+01 -4.032401e-02 
 2.411710e+01 -4.028722e-02 
 2.411750e+01 -4.024415e-02 
 2.411789e+01 -4.019353e-02 
 2.411829e+01 -4.012977e-02 
 2.411869e+01 -4.004356e-02 
 2.411909e+01 -3.992757e-02 
 2.411948e+01 -3.977744e-02 
 2.411988e+01 -3.959567e-02 
 2.412028e+01 -3.938134e-02 
 2.412068e+01 -3.913801e-02 
 2.412107e+01 -3.886957e-02 
 2.412147e+01 -3.857622e-02 
 2.412187e+01 -3.825016e-02 
 2.412227e+01 -3.788576e-02 
 2.412267e+01 -3.747852e-02 
 2.412306e+01 -3.702811e-02 
 2.412346e+01 -3.654018e-02 
 2.412386e+01 -3.601866e-02 
 2.412426e+01 -3.546227e-02 
 2.412465e+01 -3.486725e-02 
 2.412505e+01 -3.422757e-02 
 2.412545e+01 -3.354180e-02 
 2.412585e+01 -3.281152e-02 
 2.412625e+01 -3.203746e-02 
 2.412664e+01 -3.122765e-02 
 2.412704e+01 -3.039181e-02 
 2.412744e+01 -2.953939e-02 
 2.412784e+01 -2.867619e-02 
 2.412823e+01 -2.780528e-02 
 2.412863e+01 -2.692726e-02 
 2.412903e+01 -2.604053e-02 
 2.412943e+01 -2.514945e-02 
 2.412982e+01 -2.426242e-02 
 2.413022e+01 -2.337992e-02 
 2.413062e+01 -2.250348e-02 
 2.413102e+01 -2.163064e-02 
 2.413142e+01 -2.075470e-02 
 2.413181e+01 -1.987011e-02 
 2.413221e+01 -1.897338e-02 
 2.413261e+01 -1.806483e-02 
 2.413301e+01 -1.715092e-02 
 2.413340e+01 -1.624008e-02 
 2.413380e+01 -1.534056e-02 
 2.413420e+01 -1.445678e-02 
 2.413460e+01 -1.359082e-02 
 2.413499e+01 -1.274132e-02 
 2.413539e+01 -1.190771e-02 
 2.413579e+01 -1.109162e-02 
 2.413619e+01 -1.029225e-02 
 2.413659e+01 -9.508143e-03 
 2.413698e+01 -8.735326e-03 
 2.413738e+01 -7.966547e-03 
 2.413778e+01 -7.192850e-03 
 2.413818e+01 -6.402112e-03 
 2.413857e+01 -5.591630e-03 
 2.413897e+01 -4.759172e-03 
 2.413937e+01 -3.910297e-03 
 2.413977e+01 -3.053185e-03 
 2.414016e+01 -2.193629e-03 
 2.414056e+01 -1.339289e-03 
 2.414096e+01 -4.924355e-04 
 2.414136e+01  3.475020e-04 
 2.414176e+01  1.177920e-03 
 2.414215e+01  1.994020e-03 
 2.414255e+01  2.788586e-03 
 2.414295e+01  3.555417e-03 
 2.414335e+01  4.285512e-03 
 2.414374e+01  4.973264e-03 
 2.414414e+01  5.621151e-03 
 2.414454e+01  6.226257e-03 
 2.414494e+01  6.787280e-03 
 2.414533e+01  7.302907e-03 
 2.414573e+01  7.768811e-03 
 2.414613e+01  8.180142e-03 
 2.414653e+01  8.530695e-03 
 2.414693e+01  8.819745e-03 
 2.414732e+01  9.048423e-03 
 2.414772e+01  9.217562e-03 
 2.414812e+01  9.327836e-03 
 2.414852e+01  9.379842e-03 
 2.414891e+01  9.373660e-03 
 2.414931e+01  9.308897e-03 
 2.414971e+01  9.185733e-03 
 2.415011e+01  9.010644e-03 
 2.415050e+01  8.790072e-03 
 2.415090e+01  8.531494e-03 
 2.415130e+01  8.244486e-03 
 2.415170e+01  7.932902e-03 
 2.415210e+01  7.594669e-03 
 2.415249e+01  7.226101e-03 
 2.415289e+01  6.824825e-03 
 2.415329e+01  6.385183e-03 
 2.415369e+01  5.906517e-03 
 2.415408e+01  5.392261e-03 
 2.415448e+01  4.844207e-03 
 2.415488e+01  4.266738e-03 
 2.415528e+01  3.661969e-03 
 2.415567e+01  3.034087e-03 
 2.415607e+01  2.387829e-03 
 2.415647e+01  1.727122e-03 
 2.415687e+01  1.059266e-03 
 2.415727e+01  3.937787e-04 
 2.415766e+01 -2.602575e-04 
 2.415806e+01 -8.985887e-04 
 2.415846e+01 -1.520518e-03 
 2.415886e+01 -2.130106e-03 
 2.415925e+01 -2.735024e-03 
 2.415965e+01 -3.344666e-03 
 2.416005e+01 -3.963414e-03 
 2.416045e+01 -4.594464e-03 
 2.416084e+01 -5.238396e-03 
 2.416124e+01 -5.898038e-03 
 2.416164e+01 -6.572622e-03 
 2.416204e+01 -7.262779e-03 
 2.416244e+01 -7.968266e-03 
 2.416283e+01 -8.685487e-03 
 2.416323e+01 -9.410644e-03 
 2.416363e+01 -1.013448e-02 
 2.416403e+01 -1.084673e-02 
 2.416442e+01 -1.153851e-02 
 2.416482e+01 -1.220531e-02 
 2.416522e+01 -1.284543e-02 
 2.416562e+01 -1.345967e-02 
 2.416601e+01 -1.404873e-02 
 2.416641e+01 -1.461078e-02 
 2.416681e+01 -1.514167e-02 
 2.416721e+01 -1.563933e-02 
 2.416761e+01 -1.610089e-02 
 2.416800e+01 -1.652689e-02 
 2.416840e+01 -1.692136e-02 
 2.416880e+01 -1.728674e-02 
 2.416920e+01 -1.762186e-02 
 2.416959e+01 -1.792450e-02 
 2.416999e+01 -1.818819e-02 
 2.417039e+01 -1.840775e-02 
 2.417079e+01 -1.857742e-02 
 2.417118e+01 -1.869938e-02 
 2.417158e+01 -1.878117e-02 
 2.417198e+01 -1.883240e-02 
 2.417238e+01 -1.886039e-02 
 2.417278e+01 -1.887067e-02 
 2.417317e+01 -1.886572e-02 
 2.417357e+01 -1.884763e-02 
 2.417397e+01 -1.881354e-02 
 2.417437e+01 -1.876551e-02 
 2.417476e+01 -1.870537e-02 
 2.417516e+01 -1.863527e-02 
 2.417556e+01 -1.855689e-02 
 2.417596e+01 -1.847271e-02 
 2.417635e+01 -1.838002e-02 
 2.417675e+01 -1.827749e-02 
 2.417715e+01 -1.816477e-02 
 2.417755e+01 -1.804607e-02 
 2.417795e+01 -1.792927e-02 
 2.417834e+01 -1.782407e-02 
 2.417874e+01 -1.773640e-02 
 2.417914e+01 -1.767183e-02 
 2.417954e+01 -1.763162e-02 
 2.417993e+01 -1.761554e-02 
 2.418033e+01 -1.762172e-02 
 2.418073e+01 -1.765007e-02 
 2.418113e+01 -1.770054e-02 
 2.418152e+01 -1.777167e-02 
 2.418192e+01 -1.785919e-02 
 2.418232e+01 -1.795514e-02 
 2.418272e+01 -1.804764e-02 
 2.418312e+01 -1.812396e-02 
 2.418351e+01 -1.817585e-02 
 2.418391e+01 -1.820125e-02 
 2.418431e+01 -1.820460e-02 
 2.418471e+01 -1.819401e-02 
 2.418510e+01 -1.817523e-02 
 2.418550e+01 -1.815261e-02 
 2.418590e+01 -1.812716e-02 
 2.418630e+01 -1.809753e-02 
 2.418669e+01 -1.806549e-02 
 2.418709e+01 -1.803464e-02 
 2.418749e+01 -1.800824e-02 
 2.418789e+01 -1.799408e-02 
 2.418829e+01 -1.799823e-02 
 2.418868e+01 -1.802151e-02 
 2.418908e+01 -1.805923e-02 
 2.418948e+01 -1.810761e-02 
 2.418988e+01 -1.816258e-02 
 2.419027e+01 -1.822397e-02 
 2.419067e+01 -1.829355e-02 
 2.419107e+01 -1.837753e-02 
 2.419147e+01 -1.848219e-02 
 2.419186e+01 -1.861087e-02 
 2.419226e+01 -1.876793e-02 
 2.419266e+01 -1.895461e-02 
 2.419306e+01 -1.917154e-02 
 2.419346e+01 -1.941823e-02 
 2.419385e+01 -1.969495e-02 
 2.419425e+01 -2.000565e-02 
 2.419465e+01 -2.034964e-02 
 2.419505e+01 -2.072219e-02 
 2.419544e+01 -2.111849e-02 
 2.419584e+01 -2.153406e-02 
 2.419624e+01 -2.196339e-02 
 2.419664e+01 -2.240619e-02 
 2.419703e+01 -2.286711e-02 
 2.419743e+01 -2.335057e-02 
 2.419783e+01 -2.385748e-02 
 2.419823e+01 -2.439149e-02 
 2.419863e+01 -2.494981e-02 
 2.419902e+01 -2.552698e-02 
 2.419942e+01 -2.611774e-02 
 2.419982e+01 -2.672103e-02 
 2.420022e+01 -2.733434e-02 
 2.420061e+01 -2.795638e-02 
 2.420101e+01 -2.858427e-02 
 2.420141e+01 -2.921243e-02 
 2.420181e+01 -2.983219e-02 
 2.420220e+01 -3.043524e-02 
 2.420260e+01 -3.101744e-02 
 2.420300e+01 -3.158030e-02 
 2.420340e+01 -3.212582e-02 
 2.420380e+01 -3.266190e-02 
 2.420419e+01 -3.319678e-02 
 2.420459e+01 -3.373782e-02 
 2.420499e+01 -3.428899e-02 
 2.420539e+01 -3.485202e-02 
 2.420578e+01 -3.542985e-02 
 2.420618e+01 -3.602424e-02 
 2.420658e+01 -3.663664e-02 
 2.420698e+01 -3.727057e-02 
 2.420737e+01 -3.792276e-02 
 2.420777e+01 -3.858630e-02 
 2.420817e+01 -3.925238e-02 
 2.420857e+01 -3.991086e-02 
 2.420897e+01 -4.055287e-02 
 2.420936e+01 -4.117263e-02 
 2.420976e+01 -4.176912e-02 
 2.421016e+01 -4.234336e-02 
 2.421056e+01 -4.289881e-02 
 2.421095e+01 -4.343658e-02 
 2.421135e+01 -4.395296e-02 
 2.421175e+01 -4.444298e-02 
 2.421215e+01 -4.490040e-02 
 2.421254e+01 -4.532391e-02 
 2.421294e+01 -4.571095e-02 
 2.421334e+01 -4.606047e-02 
 2.421374e+01 -4.636739e-02 
 2.421414e+01 -4.662423e-02 
 2.421453e+01 -4.682192e-02 
 2.421493e+01 -4.694966e-02 
 2.421533e+01 -4.700213e-02 
 2.421573e+01 -4.697717e-02 
 2.421612e+01 -4.687619e-02 
 2.421652e+01 -4.670378e-02 
 2.421692e+01 -4.646531e-02 
 2.421732e+01 -4.616479e-02 
 2.421772e+01 -4.580230e-02 
 2.421811e+01 -4.537771e-02 
 2.421851e+01 -4.489046e-02 
 2.421891e+01 -4.434064e-02 
 2.421931e+01 -4.373333e-02 
 2.421970e+01 -4.307271e-02 
 2.422010e+01 -4.236084e-02 
 2.422050e+01 -4.159949e-02 
 2.422090e+01 -4.078993e-02 
 2.422129e+01 -3.993316e-02 
 2.422169e+01 -3.903009e-02 
 2.422209e+01 -3.808550e-02 
 2.422249e+01 -3.710418e-02 
 2.422289e+01 -3.609474e-02 
 2.422328e+01 -3.506698e-02 
 2.422368e+01 -3.402890e-02 
 2.422408e+01 -3.298522e-02 
 2.422448e+01 -3.194085e-02 
 2.422487e+01 -3.089899e-02 
 2.422527e+01 -2.986261e-02 
 2.422567e+01 -2.883144e-02 
 2.422607e+01 -2.780355e-02 
 2.422646e+01 -2.677589e-02 
 2.422686e+01 -2.574302e-02 
 2.422726e+01 -2.470133e-02 
 2.422766e+01 -2.364707e-02 
 2.422806e+01 -2.257624e-02 
 2.422845e+01 -2.149056e-02 
 2.422885e+01 -2.039354e-02 
 2.422925e+01 -1.929298e-02 
 2.422965e+01 -1.819452e-02 
 2.423004e+01 -1.710171e-02 
 2.423044e+01 -1.602095e-02 
 2.423084e+01 -1.495607e-02 
 2.423124e+01 -1.390837e-02 
 2.423163e+01 -1.287802e-02 
 2.423203e+01 -1.186736e-02 
 2.423243e+01 -1.087706e-02 
 2.423283e+01 -9.904643e-03 
 2.423323e+01 -8.948140e-03 
 2.423362e+01 -8.002624e-03 
 2.423402e+01 -7.061600e-03 
 2.423442e+01 -6.122129e-03 
 2.423482e+01 -5.184199e-03 
 2.423521e+01 -4.250080e-03 
 2.423561e+01 -3.324106e-03 
 2.423601e+01 -2.416890e-03 
 2.423641e+01 -1.538259e-03 
 2.423680e+01 -6.978239e-04 
 2.423720e+01  9.707899e-05 
 2.423760e+01  8.402525e-04 
 2.423800e+01  1.525686e-03 
 2.423840e+01  2.149840e-03 
 2.423879e+01  2.709669e-03 
 2.423919e+01  3.204376e-03 
 2.423959e+01  3.636244e-03 
 2.423999e+01  4.010286e-03 
 2.424038e+01  4.330998e-03 
 2.424078e+01  4.602014e-03 
 2.424118e+01  4.827375e-03 
 2.424158e+01  5.010969e-03 
 2.424197e+01  5.151915e-03 
 2.424237e+01  5.249403e-03 
 2.424277e+01  5.304150e-03 
 2.424317e+01  5.318371e-03 
 2.424357e+01  5.293695e-03 
 2.424396e+01  5.234819e-03 
 2.424436e+01  5.144204e-03 
 2.424476e+01  5.027621e-03 
 2.424516e+01  4.889289e-03 
 2.424555e+01  4.734945e-03 
 2.424595e+01  4.570235e-03 
 2.424635e+01  4.399619e-03 
 2.424675e+01  4.225899e-03 
 2.424714e+01  4.050817e-03 
 2.424754e+01  3.873997e-03 
 2.424794e+01  3.692638e-03 
 2.424834e+01  3.501048e-03 
 2.424874e+01  3.294697e-03 
 2.424913e+01  3.069471e-03 
 2.424953e+01  2.821484e-03 
 2.424993e+01  2.546752e-03 
 2.425033e+01  2.244703e-03 
 2.425072e+01  1.913063e-03 
 2.425112e+01  1.551461e-03 
 2.425152e+01  1.163564e-03 
 2.425192e+01  7.526410e-04 
 2.425231e+01  3.223863e-04 
 2.425271e+01 -1.241023e-04 
 2.425311e+01 -5.825227e-04 
 2.425351e+01 -1.049154e-03 
 2.425391e+01 -1.522230e-03 
 2.425430e+01 -2.002003e-03 
 2.425470e+01 -2.490603e-03 
 2.425510e+01 -2.991536e-03 
 2.425550e+01 -3.511434e-03 
 2.425589e+01 -4.056475e-03 
 2.425629e+01 -4.631444e-03 
 2.425669e+01 -5.241223e-03 
 2.425709e+01 -5.887901e-03 
 2.425748e+01 -6.568283e-03 
 2.425788e+01 -7.276894e-03 
 2.425828e+01 -8.010026e-03 
 2.425868e+01 -8.758596e-03 
 2.425908e+01 -9.511428e-03 
 2.425947e+01 -1.025648e-02 
 2.425987e+01 -1.097976e-02 
 2.426027e+01 -1.167025e-02 
 2.426067e+01 -1.232098e-02 
 2.426106e+01 -1.293035e-02 
 2.426146e+01 -1.349971e-02 
 2.426186e+01 -1.403280e-02 
 2.426226e+01 -1.453135e-02 
 2.426265e+01 -1.499453e-02 
 2.426305e+01 -1.541977e-02 
 2.426345e+01 -1.580255e-02 
 2.426385e+01 -1.613935e-02 
 2.426425e+01 -1.642582e-02 
 2.426464e+01 -1.666443e-02 
 2.426504e+01 -1.685826e-02 
 2.426544e+01 -1.700984e-02 
 2.426584e+01 -1.711998e-02 
 2.426623e+01 -1.718782e-02 
 2.426663e+01 -1.721409e-02 
 2.426703e+01 -1.720151e-02 
 2.426743e+01 -1.715413e-02 
 2.426782e+01 -1.707711e-02 
 2.426822e+01 -1.697591e-02 
 2.426862e+01 -1.685566e-02 
 2.426902e+01 -1.672000e-02 
 2.426942e+01 -1.657130e-02 
 2.426981e+01 -1.640846e-02 
 2.427021e+01 -1.623045e-02 
 2.427061e+01 -1.603974e-02 
 2.427101e+01 -1.583662e-02 
 2.427140e+01 -1.561942e-02 
 2.427180e+01 -1.538623e-02 
 2.427220e+01 -1.513378e-02 
 2.427260e+01 -1.485841e-02 
 2.427299e+01 -1.455898e-02 
 2.427339e+01 -1.423705e-02 
 2.427379e+01 -1.389554e-02 
 2.427419e+01 -1.354039e-02 
 2.427459e+01 -1.317924e-02 
 2.427498e+01 -1.281712e-02 
 2.427538e+01 -1.245844e-02 
 2.427578e+01 -1.210821e-02 
 2.427618e+01 -1.176713e-02 
 2.427657e+01 -1.143813e-02 
 2.427697e+01 -1.112086e-02 
 2.427737e+01 -1.081134e-02 
 2.427777e+01 -1.050377e-02 
 2.427816e+01 -1.019195e-02 
 2.427856e+01 -9.869520e-03 
 2.427896e+01 -9.532541e-03 
 2.427936e+01 -9.179375e-03 
 2.427976e+01 -8.814394e-03 
 2.428015e+01 -8.446956e-03 
 2.428055e+01 -8.087265e-03 
 2.428095e+01 -7.744448e-03 
 2.428135e+01 -7.427949e-03 
 2.428174e+01 -7.147215e-03 
 2.428214e+01 -6.908233e-03 
 2.428254e+01 -6.717450e-03 
 2.428294e+01 -6.578937e-03 
 2.428333e+01 -6.495165e-03 
 2.428373e+01 -6.468556e-03 
 2.428413e+01 -6.503719e-03 
 2.428453e+01 -6.604774e-03 
 2.428493e+01 -6.768938e-03 
 2.428532e+01 -6.995450e-03 
 2.428572e+01 -7.283880e-03 
 2.428612e+01 -7.631297e-03 
 2.428652e+01 -8.036332e-03 
 2.428691e+01 -8.498110e-03 
 2.428731e+01 -9.016627e-03 
 2.428771e+01 -9.589550e-03 
 2.428811e+01 -1.021667e-02 
 2.428850e+01 -1.089581e-02 
 2.428890e+01 -1.162181e-02 
 2.428930e+01 -1.238943e-02 
 2.428970e+01 -1.319484e-02 
 2.429010e+01 -1.403591e-02 
 2.429049e+01 -1.491277e-02 
 2.429089e+01 -1.581942e-02 
 2.429129e+01 -1.675302e-02 
 2.429169e+01 -1.770557e-02 
 2.429208e+01 -1.866691e-02 
 2.429248e+01 -1.963078e-02 
 2.429288e+01 -2.059345e-02 
 2.429328e+01 -2.155401e-02 
 2.429367e+01 -2.251384e-02 
 2.429407e+01 -2.347636e-02 
 2.429447e+01 -2.444495e-02 
 2.429487e+01 -2.541724e-02 
 2.429527e+01 -2.639066e-02 
 2.429566e+01 -2.736054e-02 
 2.429606e+01 -2.831900e-02 
 2.429646e+01 -2.926087e-02 
 2.429686e+01 -3.018487e-02 
 2.429725e+01 -3.108666e-02 
 2.429765e+01 -3.196195e-02 
 2.429805e+01 -3.280971e-02 
 2.429845e+01 -3.362803e-02 
 2.429884e+01 -3.441872e-02 
 2.429924e+01 -3.518875e-02 
 2.429964e+01 -3.594455e-02 
 2.430004e+01 -3.669420e-02 
 2.430044e+01 -3.744749e-02 
 2.430083e+01 -3.821186e-02 
 2.430123e+01 -3.899050e-02 
 2.430163e+01 -3.978003e-02 
 2.430203e+01 -4.057394e-02 
 2.430242e+01 -4.136551e-02 
 2.430282e+01 -4.214820e-02 
 2.430322e+01 -4.291432e-02 
 2.430362e+01 -4.365743e-02 
 2.430401e+01 -4.437329e-02 
 2.430441e+01 -4.505617e-02 
 2.430481e+01 -4.570084e-02 
 2.430521e+01 -4.630283e-02 
 2.430561e+01 -4.685678e-02 
 2.430600e+01 -4.735854e-02 
 2.430640e+01 -4.780822e-02 
 2.430680e+01 -4.821064e-02 
 2.430720e+01 -4.856696e-02 
 2.430759e+01 -4.887656e-02 
 2.430799e+01 -4.913920e-02 
 2.430839e+01 -4.934995e-02 
 2.430879e+01 -4.950768e-02 
 2.430919e+01 -4.961227e-02 
 2.430958e+01 -4.966309e-02 
 2.430998e+01 -4.966060e-02 
 2.431038e+01 -4.960455e-02 
 2.431078e+01 -4.949556e-02 
 2.431117e+01 -4.933105e-02 
 2.431157e+01 -4.910701e-02 
 2.431197e+01 -4.881955e-02 
 2.431237e+01 -4.847029e-02 
 2.431276e+01 -4.806667e-02 
 2.431316e+01 -4.761805e-02 
 2.431356e+01 -4.713403e-02 
 2.431396e+01 -4.662113e-02 
 2.431436e+01 -4.608260e-02 
 2.431475e+01 -4.551806e-02 
 2.431515e+01 -4.492560e-02 
 2.431555e+01 -4.430414e-02 
 2.431595e+01 -4.365222e-02 
 2.431634e+01 -4.297221e-02 
 2.431674e+01 -4.226663e-02 
 2.431714e+01 -4.153604e-02 
 2.431754e+01 -4.077989e-02 
 2.431793e+01 -3.999719e-02 
 2.431833e+01 -3.918748e-02 
 2.431873e+01 -3.835246e-02 
 2.431913e+01 -3.749784e-02 
 2.431953e+01 -3.662926e-02 
 2.431992e+01 -3.574996e-02 
 2.432032e+01 -3.486175e-02 
 2.432072e+01 -3.396181e-02 
 2.432112e+01 -3.304120e-02 
 2.432151e+01 -3.209461e-02 
 2.432191e+01 -3.111544e-02 
 2.432231e+01 -3.010023e-02 
 2.432271e+01 -2.904796e-02 
 2.432310e+01 -2.795683e-02 
 2.432350e+01 -2.682684e-02 
 2.432390e+01 -2.565539e-02 
 2.432430e+01 -2.444290e-02 
 2.432470e+01 -2.319247e-02 
 2.432509e+01 -2.190868e-02 
 2.432549e+01 -2.060150e-02 
 2.432589e+01 -1.928339e-02 
 2.432629e+01 -1.796616e-02 
 2.432668e+01 -1.665831e-02 
 2.432708e+01 -1.536575e-02 
 2.432748e+01 -1.409231e-02 
 2.432788e+01 -1.284102e-02 
 2.432827e+01 -1.161321e-02 
 2.432867e+01 -1.041052e-02 
 2.432907e+01 -9.236356e-03 
 2.432947e+01 -8.093593e-03 
 2.432987e+01 -6.979917e-03 
 2.433026e+01 -5.894228e-03 
 2.433066e+01 -4.836567e-03 
 2.433106e+01 -3.807522e-03 
 2.433146e+01 -2.815261e-03 
 2.433185e+01 -1.871136e-03 
 2.433225e+01 -9.875232e-04 
 2.433265e+01 -1.744936e-04 
 2.433305e+01  5.575734e-04 
 2.433344e+01  1.205855e-03 
 2.433384e+01  1.770300e-03 
 2.433424e+01  2.255508e-03 
 2.433464e+01  2.665726e-03 
 2.433504e+01  2.999745e-03 
 2.433543e+01  3.262065e-03 
 2.433583e+01  3.453771e-03 
 2.433623e+01  3.578337e-03 
 2.433663e+01  3.642758e-03 
 2.433702e+01  3.654802e-03 
 2.433742e+01  3.620105e-03 
 2.433782e+01  3.543730e-03 
 2.433822e+01  3.426739e-03 
 2.433861e+01  3.269527e-03 
 2.433901e+01  3.071807e-03 
 2.433941e+01  2.837802e-03 
 2.433981e+01  2.574939e-03 
 2.434021e+01  2.289335e-03 
 2.434060e+01  1.987486e-03 
 2.434100e+01  1.671853e-03 
 2.434140e+01  1.343626e-03 
 2.434180e+01  9.992980e-04 
 2.434219e+01  6.395303e-04 
 2.434259e+01  2.612913e-04 
 2.434299e+01 -1.344224e-04 
 2.434339e+01 -5.452836e-04 
 2.434378e+01 -9.688038e-04 
 2.434418e+01 -1.407249e-03 
 2.434458e+01 -1.867810e-03 
 2.434498e+01 -2.356146e-03 
 2.434538e+01 -2.878848e-03 
 2.434577e+01 -3.439032e-03 
 2.434617e+01 -4.036290e-03 
 2.434657e+01 -4.668242e-03 
 2.434697e+01 -5.327999e-03 
 2.434736e+01 -6.007022e-03 
 2.434776e+01 -6.697368e-03 
 2.434816e+01 -7.389324e-03 
 2.434856e+01 -8.075470e-03 
 2.434895e+01 -8.746894e-03 
 2.434935e+01 -9.394465e-03 
 2.434975e+01 -1.001008e-02 
 2.435015e+01 -1.059274e-02 
 2.435055e+01 -1.114354e-02 
 2.435094e+01 -1.166522e-02 
 2.435134e+01 -1.216218e-02 
 2.435174e+01 -1.264066e-02 
 2.435214e+01 -1.310004e-02 
 2.435253e+01 -1.353972e-02 
 2.435293e+01 -1.395838e-02 
 2.435333e+01 -1.435126e-02 
 2.435373e+01 -1.471273e-02 
 2.435412e+01 -1.503890e-02 
 2.435452e+01 -1.532681e-02 
 2.435492e+01 -1.557234e-02 
 2.435532e+01 -1.576946e-02 
 2.435572e+01 -1.590976e-02 
 2.435611e+01 -1.598671e-02 
 2.435651e+01 -1.599677e-02 
 2.435691e+01 -1.593854e-02 
 2.435731e+01 -1.581781e-02 
 2.435770e+01 -1.563972e-02 
 2.435810e+01 -1.541035e-02 
 2.435850e+01 -1.513502e-02 
 2.435890e+01 -1.482175e-02 
 2.435929e+01 -1.447690e-02 
 2.435969e+01 -1.410193e-02 
 2.436009e+01 -1.370520e-02 
 2.436049e+01 -1.329341e-02 
 2.436089e+01 -1.287404e-02 
 2.436128e+01 -1.245419e-02 
 2.436168e+01 -1.203724e-02 
 2.436208e+01 -1.162277e-02 
 2.436248e+01 -1.120651e-02 
 2.436287e+01 -1.078924e-02 
 2.436327e+01 -1.037196e-02 
 2.436367e+01 -9.959876e-03 
 2.436407e+01 -9.559520e-03 
 2.436446e+01 -9.177677e-03 
 2.436486e+01 -8.817076e-03 
 2.436526e+01 -8.479004e-03 
 2.436566e+01 -8.159720e-03 
 2.436606e+01 -7.853501e-03 
 2.436645e+01 -7.553556e-03 
 2.436685e+01 -7.256877e-03 
 2.436725e+01 -6.959556e-03 
 2.436765e+01 -6.661853e-03 
 2.436804e+01 -6.361283e-03 
 2.436844e+01 -6.052505e-03 
 2.436884e+01 -5.728978e-03 
 2.436924e+01 -5.389506e-03 
 2.436963e+01 -5.035714e-03 
 2.437003e+01 -4.673045e-03 
 2.437043e+01 -4.310445e-03 
 2.437083e+01 -3.954629e-03 
 2.437123e+01 -3.610295e-03 
 2.437162e+01 -3.280179e-03 
 2.437202e+01 -2.961851e-03 
 2.437242e+01 -2.653339e-03 
 2.437282e+01 -2.354489e-03 
 2.437321e+01 -2.065971e-03 
 2.437361e+01 -1.791488e-03 
 2.437401e+01 -1.536816e-03 
 2.437441e+01 -1.299932e-03 
 2.437480e+01 -1.078324e-03 
 2.437520e+01 -8.715541e-04 
 2.437560e+01 -6.796474e-04 
 2.437600e+01 -5.049938e-04 
 2.437640e+01 -3.561842e-04 
 2.437679e+01 -2.422675e-04 
 2.437719e+01 -1.738573e-04 
 2.437759e+01 -1.583265e-04 
 2.437799e+01 -1.991580e-04 
 2.437838e+01 -2.992007e-04 
 2.437878e+01 -4.580906e-04 
 2.437918e+01 -6.788496e-04 
 2.437958e+01 -9.662790e-04 
 2.437997e+01 -1.321496e-03 
 2.438037e+01 -1.743781e-03 
 2.438077e+01 -2.228489e-03 
 2.438117e+01 -2.767060e-03 
 2.438157e+01 -3.346990e-03 
 2.438196e+01 -3.957907e-03 
 2.438236e+01 -4.594528e-03 
 2.438276e+01 -5.257744e-03 
 2.438316e+01 -5.951895e-03 
 2.438355e+01 -6.681911e-03 
 2.438395e+01 -7.451180e-03 
 2.438435e+01 -8.257537e-03 
 2.438475e+01 -9.094510e-03 
 2.438514e+01 -9.955388e-03 
 2.438554e+01 -1.083614e-02 
 2.438594e+01 -1.173355e-02 
 2.438634e+01 -1.264885e-02 
 2.438674e+01 -1.358284e-02 
 2.438713e+01 -1.453372e-02 
 2.438753e+01 -1.549807e-02 
 2.438793e+01 -1.647287e-02 
 2.438833e+01 -1.745726e-02 
 2.438872e+01 -1.845015e-02 
 2.438912e+01 -1.945674e-02 
 2.438952e+01 -2.048128e-02 
 2.438992e+01 -2.152882e-02 
 2.439031e+01 -2.259984e-02 
 2.439071e+01 -2.369022e-02 
 2.439111e+01 -2.479323e-02 
 2.439151e+01 -2.590281e-02 
 2.439191e+01 -2.701608e-02 
 2.439230e+01 -2.813417e-02 
 2.439270e+01 -2.926122e-02 
 2.439310e+01 -3.039828e-02 
 2.439350e+01 -3.154554e-02 
 2.439389e+01 -3.269900e-02 
 2.439429e+01 -3.385225e-02 
 2.439469e+01 -3.499710e-02 
 2.439509e+01 -3.613115e-02 
 2.439548e+01 -3.725574e-02 
 2.439588e+01 -3.837277e-02 
 2.439628e+01 -3.948480e-02 
 2.439668e+01 -4.059053e-02 
 2.439708e+01 -4.168527e-02 
 2.439747e+01 -4.275972e-02 
 2.439787e+01 -4.380507e-02 
 2.439827e+01 -4.481474e-02 
 2.439867e+01 -4.578550e-02 
 2.439906e+01 -4.671258e-02 
 2.439946e+01 -4.758859e-02 
 2.439986e+01 -4.840263e-02 
 2.440026e+01 -4.913957e-02 
 2.440066e+01 -4.978613e-02 
 2.440105e+01 -5.033369e-02 
 2.440145e+01 -5.078356e-02 
 2.440185e+01 -5.114249e-02 
 2.440225e+01 -5.141743e-02 
 2.440264e+01 -5.161928e-02 
 2.440304e+01 -5.175276e-02 
 2.440344e+01 -5.181725e-02 
 2.440384e+01 -5.180982e-02 
 2.440423e+01 -5.173219e-02 
 2.440463e+01 -5.158873e-02 
 2.440503e+01 -5.138873e-02 
 2.440543e+01 -5.113819e-02 
 2.440583e+01 -5.083849e-02 
 2.440622e+01 -5.048899e-02 
 2.440662e+01 -5.008648e-02 
 2.440702e+01 -4.962527e-02 
 2.440742e+01 -4.910591e-02 
 2.440781e+01 -4.853133e-02 
 2.440821e+01 -4.790834e-02 
 2.440861e+01 -4.724520e-02 
 2.440901e+01 -4.655166e-02 
 2.440940e+01 -4.582744e-02 
 2.440980e+01 -4.507184e-02 
 2.441020e+01 -4.428289e-02 
 2.441060e+01 -4.346155e-02 
 2.441100e+01 -4.261392e-02 
 2.441139e+01 -4.174913e-02 
 2.441179e+01 -4.087774e-02 
 2.441219e+01 -4.000607e-02 
 2.441259e+01 -3.913434e-02 
 2.441298e+01 -3.825728e-02 
 2.441338e+01 -3.736801e-02 
 2.441378e+01 -3.646101e-02 
 2.441418e+01 -3.553434e-02 
 2.441457e+01 -3.459054e-02 
 2.441497e+01 -3.363542e-02 
 2.441537e+01 -3.267666e-02 
 2.441577e+01 -3.171703e-02 
 2.441617e+01 -3.075557e-02 
 2.441656e+01 -2.978830e-02 
 2.441696e+01 -2.880978e-02 
 2.441736e+01 -2.781909e-02 
 2.441776e+01 -2.682227e-02 
 2.441815e+01 -2.582087e-02 
 2.441855e+01 -2.481418e-02 
 2.441895e+01 -2.380019e-02 
 2.441935e+01 -2.277614e-02 
 2.441974e+01 -2.173986e-02 
 2.442014e+01 -2.069507e-02 
 2.442054e+01 -1.965134e-02 
 2.442094e+01 -1.862229e-02 
 2.442134e+01 -1.762512e-02 
 2.442173e+01 -1.667659e-02 
 2.442213e+01 -1.578605e-02 
 2.442253e+01 -1.495573e-02 
 2.442293e+01 -1.418003e-02 
 2.442332e+01 -1.345708e-02 
 2.442372e+01 -1.278662e-02 
 2.442412e+01 -1.216958e-02 
 2.442452e+01 -1.160590e-02 
 2.442491e+01 -1.109610e-02 
 2.442531e+01 -1.063498e-02 
 2.442571e+01 -1.021334e-02 
 2.442611e+01 -9.823465e-03 
 2.442651e+01 -9.460196e-03 
 2.442690e+01 -9.119669e-03 
 2.442730e+01 -8.805097e-03 
 2.442770e+01 -8.523915e-03 
 2.442810e+01 -8.281343e-03 
 2.442849e+01 -8.078253e-03 
 2.442889e+01 -7.911178e-03 
 2.442929e+01 -7.772784e-03 
 2.442969e+01 -7.659577e-03 
 2.443008e+01 -7.574046e-03 
 2.443048e+01 -7.522236e-03 
 2.443088e+01 -7.510328e-03 
 2.443128e+01 -7.540393e-03 
 2.443168e+01 -7.608994e-03 
 2.443207e+01 -7.704854e-03 
 2.443247e+01 -7.813363e-03 
 2.443287e+01 -7.920503e-03 
 2.443327e+01 -8.019702e-03 
 2.443366e+01 -8.111046e-03 
 2.443406e+01 -8.200878e-03 
 2.443446e+01 -8.295187e-03 
 2.443486e+01 -8.396315e-03 
 2.443525e+01 -8.502481e-03 
 2.443565e+01 -8.610512e-03 
 2.443605e+01 -8.720619e-03 
 2.443645e+01 -8.833190e-03 
 2.443685e+01 -8.951669e-03 
 2.443724e+01 -9.083045e-03 
 2.443764e+01 -9.233183e-03 
 2.443804e+01 -9.403082e-03 
 2.443844e+01 -9.590325e-03 
 2.443883e+01 -9.788739e-03 
 2.443923e+01 -9.996004e-03 
 2.443963e+01 -1.021476e-02 
 2.444003e+01 -1.045596e-02 
 2.444042e+01 -1.073382e-02 
 2.444082e+01 -1.105531e-02 
 2.444122e+01 -1.142304e-02 
 2.444162e+01 -1.183330e-02 
 2.444202e+01 -1.227509e-02 
 2.444241e+01 -1.273555e-02 
 2.444281e+01 -1.320449e-02 
 2.444321e+01 -1.367328e-02 
 2.444361e+01 -1.413702e-02 
 2.444400e+01 -1.459261e-02 
 2.444440e+01 -1.503638e-02 
 2.444480e+01 -1.545699e-02 
 2.444520e+01 -1.584112e-02 
 2.444559e+01 -1.617644e-02 
 2.444599e+01 -1.645767e-02 
 2.444639e+01 -1.668702e-02 
 2.444679e+01 -1.687154e-02 
 2.444719e+01 -1.701750e-02 
 2.444758e+01 -1.712838e-02 
 2.444798e+01 -1.720197e-02 
 2.444838e+01 -1.723705e-02 
 2.444878e+01 -1.723258e-02 
 2.444917e+01 -1.718921e-02 
 2.444957e+01 -1.711003e-02 
 2.444997e+01 -1.700613e-02 
 2.445037e+01 -1.688156e-02 
 2.445076e+01 -1.673513e-02 
 2.445116e+01 -1.655635e-02 
 2.445156e+01 -1.633055e-02 
 2.445196e+01 -1.604196e-02 
 2.445236e+01 -1.568618e-02 
 2.445275e+01 -1.526728e-02 
 2.445315e+01 -1.479495e-02 
 2.445355e+01 -1.427980e-02 
 2.445395e+01 -1.373431e-02 
 2.445434e+01 -1.316444e-02 
 2.445474e+01 -1.257348e-02 
 2.445514e+01 -1.196132e-02 
 2.445554e+01 -1.133143e-02 
 2.445593e+01 -1.069208e-02 
 2.445633e+01 -1.005336e-02 
 2.445673e+01 -9.424793e-03 
 2.445713e+01 -8.809265e-03 
 2.445753e+01 -8.201996e-03 
 2.445792e+01 -7.594590e-03 
 2.445832e+01 -6.978155e-03 
 2.445872e+01 -6.350663e-03 
 2.445912e+01 -5.713268e-03 
 2.445951e+01 -5.073992e-03 
 2.445991e+01 -4.441130e-03 
 2.446031e+01 -3.818826e-03 
 2.446071e+01 -3.203438e-03 
 2.446110e+01 -2.589214e-03 
 2.446150e+01 -1.969955e-03 
 2.446190e+01 -1.341533e-03 
 2.446230e+01 -7.048416e-04 
 2.446270e+01 -6.742972e-05 
 2.446309e+01  5.644383e-04 
 2.446349e+01  1.188188e-03 
 2.446389e+01  1.805377e-03 
 2.446429e+01  2.421574e-03 
 2.446468e+01  3.043014e-03 
 2.446508e+01  3.668828e-03 
 2.446548e+01  4.291033e-03 
 2.446588e+01  4.897047e-03 
 2.446627e+01  5.471495e-03 
 2.446667e+01  6.001121e-03 
 2.446707e+01  6.477688e-03 
 2.446747e+01  6.897465e-03 
 2.446787e+01  7.260541e-03 
 2.446826e+01  7.567535e-03 
 2.446866e+01  7.813124e-03 
 2.446906e+01  7.990883e-03 
 2.446946e+01  8.096426e-03 
 2.446985e+01  8.131500e-03 
 2.447025e+01  8.102611e-03 
 2.447065e+01  8.019161e-03 
 2.447105e+01  7.889512e-03 
 2.447144e+01  7.713724e-03 
 2.447184e+01  7.488453e-03 
 2.447224e+01  7.204499e-03 
 2.447264e+01  6.849663e-03 
 2.447304e+01  6.415493e-03 
 2.447343e+01  5.900467e-03 
 2.447383e+01  5.309943e-03 
 2.447423e+01  4.651141e-03 
 2.447463e+01  3.929632e-03 
 2.447502e+01  3.149389e-03 
 2.447542e+01  2.308340e-03 
 2.447582e+01  1.407025e-03 
 2.447622e+01  4.547176e-04 
 2.447661e+01 -5.410367e-04 
 2.447701e+01 -1.562757e-03 
 2.447741e+01 -2.595090e-03 
 2.447781e+01 -3.626711e-03 
 2.447821e+01 -4.653537e-03 
 2.447860e+01 -5.677600e-03 
 2.447900e+01 -6.703600e-03 
 2.447940e+01 -7.734030e-03 
 2.447980e+01 -8.766053e-03 
 2.448019e+01 -9.793571e-03 
 2.448059e+01 -1.080906e-02 
 2.448099e+01 -1.181489e-02 
 2.448139e+01 -1.281577e-02 
 2.448178e+01 -1.382276e-02 
 2.448218e+01 -1.484491e-02 
 2.448258e+01 -1.588716e-02 
 2.448298e+01 -1.694419e-02 
 2.448338e+01 -1.800445e-02 
 2.448377e+01 -1.905716e-02 
 2.448417e+01 -2.009495e-02 
 2.448457e+01 -2.111664e-02 
 2.448497e+01 -2.212972e-02 
 2.448536e+01 -2.314427e-02 
 2.448576e+01 -2.416772e-02 
 2.448616e+01 -2.520068e-02 
 2.448656e+01 -2.623940e-02 
 2.448695e+01 -2.727672e-02 
 2.448735e+01 -2.830617e-02 
 2.448775e+01 -2.932810e-02 
 2.448815e+01 -3.034668e-02 
 2.448855e+01 -3.136237e-02 
 2.448894e+01 -3.237122e-02 
 2.448934e+01 -3.336531e-02 
 2.448974e+01 -3.433309e-02 
 2.449014e+01 -3.526432e-02 
 2.449053e+01 -3.615611e-02 
 2.449093e+01 -3.701027e-02 
 2.449133e+01 -3.783655e-02 
 2.449173e+01 -3.864379e-02 
 2.449213e+01 -3.943792e-02 
 2.449252e+01 -4.021430e-02 
 2.449292e+01 -4.096375e-02 
 2.449332e+01 -4.167265e-02 
 2.449372e+01 -4.233304e-02 
 2.449411e+01 -4.294373e-02 
 2.449451e+01 -4.350906e-02 
 2.449491e+01 -4.403116e-02 
 2.449531e+01 -4.451002e-02 
 2.449570e+01 -4.494002e-02 
 2.449610e+01 -4.530847e-02 
 2.449650e+01 -4.560732e-02 
 2.449690e+01 -4.582862e-02 
 2.449730e+01 -4.597505e-02 
 2.449769e+01 -4.605648e-02 
 2.449809e+01 -4.608693e-02 
 2.449849e+01 -4.607684e-02 
 2.449889e+01 -4.602967e-02 
 2.449928e+01 -4.594671e-02 
 2.449968e+01 -4.582698e-02 
 2.450008e+01 -4.567522e-02 
 2.450048e+01 -4.550065e-02 
 2.450087e+01 -4.531674e-02 
 2.450127e+01 -4.513428e-02 
 2.450167e+01 -4.495816e-02 
 2.450207e+01 -4.478163e-02 
 2.450247e+01 -4.459195e-02 
 2.450286e+01 -4.436949e-02 
 2.450326e+01 -4.409984e-02 
 2.450366e+01 -4.378178e-02 
 2.450406e+01 -4.341639e-02 
 2.450445e+01 -4.301346e-02 
 2.450485e+01 -4.258150e-02 
 2.450525e+01 -4.212599e-02 
 2.450565e+01 -4.164525e-02 
 2.450604e+01 -4.113442e-02 
 2.450644e+01 -4.059219e-02 
 2.450684e+01 -4.001866e-02 
 2.450724e+01 -3.941833e-02 
 2.450764e+01 -3.879708e-02 
 2.450803e+01 -3.815716e-02 
 2.450843e+01 -3.749381e-02 
 2.450883e+01 -3.679809e-02 
 2.450923e+01 -3.606145e-02 
 2.450962e+01 -3.528068e-02 
 2.451002e+01 -3.445741e-02 
 2.451042e+01 -3.360398e-02 
 2.451082e+01 -3.273730e-02 
 2.451121e+01 -3.186918e-02 
 2.451161e+01 -3.100266e-02 
 2.451201e+01 -3.013369e-02 
 2.451241e+01 -2.925527e-02 
 2.451281e+01 -2.836047e-02 
 2.451320e+01 -2.744937e-02 
 2.451360e+01 -2.652861e-02 
 2.451400e+01 -2.560874e-02 
 2.451440e+01 -2.469855e-02 
 2.451479e+01 -2.380538e-02 
 2.451519e+01 -2.292735e-02 
 2.451559e+01 -2.206166e-02 
 2.451599e+01 -2.120835e-02 
 2.451638e+01 -2.037479e-02 
 2.451678e+01 -1.957701e-02 
 2.451718e+01 -1.882963e-02 
 2.451758e+01 -1.814596e-02 
 2.451798e+01 -1.753526e-02 
 2.451837e+01 -1.699584e-02 
 2.451877e+01 -1.652365e-02 
 2.451917e+01 -1.611226e-02 
 2.451957e+01 -1.575878e-02 
 2.451996e+01 -1.546619e-02 
 2.452036e+01 -1.523844e-02 
 2.452076e+01 -1.507310e-02 
 2.452116e+01 -1.495885e-02 
 2.452155e+01 -1.487958e-02 
 2.452195e+01 -1.481523e-02 
 2.452235e+01 -1.475184e-02 
 2.452275e+01 -1.468644e-02 
 2.452315e+01 -1.461970e-02 
 2.452354e+01 -1.456311e-02 
 2.452394e+01 -1.453106e-02 
 2.452434e+01 -1.452897e-02 
 2.452474e+01 -1.455761e-02 
 2.452513e+01 -1.461076e-02 
 2.452553e+01 -1.468445e-02 
 2.452593e+01 -1.477905e-02 
 2.452633e+01 -1.490025e-02 
 2.452672e+01 -1.505310e-02 
 2.452712e+01 -1.523945e-02 
 2.452752e+01 -1.545486e-02 
 2.452792e+01 -1.569038e-02 
 2.452832e+01 -1.592999e-02 
 2.452871e+01 -1.616430e-02 
 2.452911e+01 -1.638716e-02 
 2.452951e+01 -1.660218e-02 
 2.452991e+01 -1.681951e-02 
 2.453030e+01 -1.704796e-02 
 2.453070e+01 -1.729084e-02 
 2.453110e+01 -1.754291e-02 
 2.453150e+01 -1.779883e-02 
 2.453189e+01 -1.805092e-02 
 2.453229e+01 -1.829751e-02 
 2.453269e+01 -1.854285e-02 
 2.453309e+01 -1.879278e-02 
 2.453349e+01 -1.905331e-02 
 2.453388e+01 -1.932401e-02 
 2.453428e+01 -1.959822e-02 
 2.453468e+01 -1.986295e-02 
 2.453508e+01 -2.010891e-02 
 2.453547e+01 -2.033400e-02 
 2.453587e+01 -2.054035e-02 
 2.453627e+01 -2.073585e-02 
 2.453667e+01 -2.092468e-02 
 2.453706e+01 -2.110421e-02 
 2.453746e+01 -2.126840e-02 
 2.453786e+01 -2.140675e-02 
 2.453826e+01 -2.150804e-02 
 2.453866e+01 -2.156707e-02 
 2.453905e+01 -2.158297e-02 
 2.453945e+01 -2.155503e-02 
 2.453985e+01 -2.148283e-02 
 2.454025e+01 -2.136107e-02 
 2.454064e+01 -2.117922e-02 
 2.454104e+01 -2.092342e-02 
 2.454144e+01 -2.059050e-02 
 2.454184e+01 -2.018145e-02 
 2.454223e+01 -1.971108e-02 
 2.454263e+01 -1.919806e-02 
 2.454303e+01 -1.865594e-02 
 2.454343e+01 -1.809675e-02 
 2.454383e+01 -1.752836e-02 
 2.454422e+01 -1.694976e-02 
 2.454462e+01 -1.636066e-02 
 2.454502e+01 -1.576357e-02 
 2.454542e+01 -1.516428e-02 
 2.454581e+01 -1.457094e-02 
 2.454621e+01 -1.399041e-02 
 2.454661e+01 -1.342305e-02 
 2.454701e+01 -1.285748e-02 
 2.454740e+01 -1.228525e-02 
 2.454780e+01 -1.169797e-02 
 2.454820e+01 -1.109078e-02 
 2.454860e+01 -1.046868e-02 
 2.454900e+01 -9.838738e-03 
 2.454939e+01 -9.209631e-03 
 2.454979e+01 -8.589292e-03 
 2.455019e+01 -7.982047e-03 
 2.455059e+01 -7.388846e-03 
 2.455098e+01 -6.806217e-03 
 2.455138e+01 -6.239292e-03 
 2.455178e+01 -5.690796e-03 
 2.455218e+01 -5.166904e-03 
 2.455257e+01 -4.670722e-03 
 2.455297e+01 -4.196524e-03 
 2.455337e+01 -3.731776e-03 
 2.455377e+01 -3.266053e-03 
 2.455417e+01 -2.787731e-03 
 2.455456e+01 -2.291458e-03 
 2.455496e+01 -1.778985e-03 
 2.455536e+01 -1.254685e-03 
 2.455576e+01 -7.240556e-04 
 2.455615e+01 -1.931690e-04 
 2.455655e+01  3.371143e-04 
 2.455695e+01  8.712158e-04 
 2.455735e+01  1.412033e-03 
 2.455774e+01  1.956236e-03 
 2.455814e+01  2.501747e-03 
 2.455854e+01  3.039847e-03 
 2.455894e+01  3.564998e-03 
 2.455934e+01  4.079407e-03 
 2.455973e+01  4.588191e-03 
 2.456013e+01  5.090688e-03 
 2.456053e+01  5.587721e-03 
 2.456093e+01  6.074402e-03 
 2.456132e+01  6.537226e-03 
 2.456172e+01  6.960125e-03 
 2.456212e+01  7.327283e-03 
 2.456252e+01  7.627581e-03 
 2.456291e+01  7.860373e-03 
 2.456331e+01  8.031880e-03 
 2.456371e+01  8.147852e-03 
 2.456411e+01  8.213212e-03 
 2.456451e+01  8.227036e-03 
 2.456490e+01  8.189068e-03 
 2.456530e+01  8.098214e-03 
 2.456570e+01  7.962197e-03 
 2.456610e+01  7.787807e-03 
 2.456649e+01  7.583085e-03 
 2.456689e+01  7.356465e-03 
 2.456729e+01  7.109104e-03 
 2.456769e+01  6.835785e-03 
 2.456808e+01  6.528626e-03 
 2.456848e+01  6.179521e-03 
 2.456888e+01  5.785175e-03 
 2.456928e+01  5.347562e-03 
 2.456968e+01  4.873676e-03 
 2.457007e+01  4.364264e-03 
 2.457047e+01  3.818451e-03 
 2.457087e+01  3.233463e-03 
 2.457127e+01  2.600565e-03 
 2.457166e+01  1.920061e-03 
 2.457206e+01  1.198500e-03 
 2.457246e+01  4.477959e-04 
 2.457286e+01 -3.160499e-04 
 2.457325e+01 -1.078362e-03 
 2.457365e+01 -1.830771e-03 
 2.457405e+01 -2.576855e-03 
 2.457445e+01 -3.323382e-03 
 2.457485e+01 -4.082870e-03 
 2.457524e+01 -4.865809e-03 
 2.457564e+01 -5.675899e-03 
 2.457604e+01 -6.515469e-03 
 2.457644e+01 -7.385391e-03 
 2.457683e+01 -8.288017e-03 
 2.457723e+01 -9.226223e-03 
 2.457763e+01 -1.020626e-02 
 2.457803e+01 -1.123033e-02 
 2.457842e+01 -1.229737e-02 
 2.457882e+01 -1.340553e-02 
 2.457922e+01 -1.454511e-02 
 2.457962e+01 -1.570747e-02 
 2.458002e+01 -1.688696e-02 
 2.458041e+01 -1.807977e-02 
 2.458081e+01 -1.928550e-02 
 2.458121e+01 -2.050504e-02 
 2.458161e+01 -2.173386e-02 
 2.458200e+01 -2.296310e-02 
 2.458240e+01 -2.418270e-02 
 2.458280e+01 -2.538253e-02 
 2.458320e+01 -2.655434e-02 
 2.458360e+01 -2.769482e-02 
 2.458399e+01 -2.880345e-02 
 2.458439e+01 -2.987613e-02 
 2.458479e+01 -3.090958e-02 
 2.458519e+01 -3.189788e-02 
 2.458558e+01 -3.283140e-02 
 2.458598e+01 -3.370586e-02 
 2.458638e+01 -3.451958e-02 
 2.458678e+01 -3.527574e-02 
 2.458717e+01 -3.598062e-02 
 2.458757e+01 -3.664096e-02 
 2.458797e+01 -3.725851e-02 
 2.458837e+01 -3.783171e-02 
 2.458877e+01 -3.835607e-02 
 2.458916e+01 -3.882635e-02 
 2.458956e+01 -3.924090e-02 
 2.458996e+01 -3.960448e-02 
 2.459036e+01 -3.992061e-02 
 2.459075e+01 -4.019077e-02 
 2.459115e+01 -4.041518e-02 
 2.459155e+01 -4.058915e-02 
 2.459195e+01 -4.070542e-02 
 2.459234e+01 -4.075874e-02 
 2.459274e+01 -4.074726e-02 
 2.459314e+01 -4.067697e-02 
 2.459354e+01 -4.056060e-02 
 2.459394e+01 -4.041621e-02 
 2.459433e+01 -4.025635e-02 
 2.459473e+01 -4.009068e-02 
 2.459513e+01 -3.992425e-02 
 2.459553e+01 -3.975714e-02 
 2.459592e+01 -3.958946e-02 
 2.459632e+01 -3.942338e-02 
 2.459672e+01 -3.925944e-02 
 2.459712e+01 -3.909815e-02 
 2.459751e+01 -3.893909e-02 
 2.459791e+01 -3.877623e-02 
 2.459831e+01 -3.860105e-02 
 2.459871e+01 -3.840486e-02 
 2.459911e+01 -3.818052e-02 
 2.459950e+01 -3.792585e-02 
 2.459990e+01 -3.764308e-02 
 2.460030e+01 -3.733518e-02 
 2.460070e+01 -3.700215e-02 
 2.460109e+01 -3.664502e-02 
 2.460149e+01 -3.626204e-02 
 2.460189e+01 -3.584940e-02 
 2.460229e+01 -3.541038e-02 
 2.460268e+01 -3.495155e-02 
 2.460308e+01 -3.447824e-02 
 2.460348e+01 -3.399706e-02 
 2.460388e+01 -3.351336e-02 
 2.460428e+01 -3.302743e-02 
 2.460467e+01 -3.253869e-02 
 2.460507e+01 -3.204659e-02 
 2.460547e+01 -3.154887e-02 
 2.460587e+01 -3.105034e-02 
 2.460626e+01 -3.055828e-02 
 2.460666e+01 -3.007851e-02 
 2.460706e+01 -2.961344e-02 
 2.460746e+01 -2.916456e-02 
 2.460785e+01 -2.873226e-02 
 2.460825e+01 -2.831555e-02 
 2.460865e+01 -2.791577e-02 
 2.460905e+01 -2.753234e-02 
 2.460945e+01 -2.716502e-02 
 2.460984e+01 -2.681487e-02 
 2.461024e+01 -2.648183e-02 
 2.461064e+01 -2.616360e-02 
 2.461104e+01 -2.585795e-02 
 2.461143e+01 -2.556332e-02 
 2.461183e+01 -2.527878e-02 
 2.461223e+01 -2.501253e-02 
 2.461263e+01 -2.477071e-02 
 2.461302e+01 -2.455795e-02 
 2.461342e+01 -2.437657e-02 
 2.461382e+01 -2.422776e-02 
 2.461422e+01 -2.411111e-02 
 2.461462e+01 -2.402352e-02 
 2.461501e+01 -2.396113e-02 
 2.461541e+01 -2.391797e-02 
 2.461581e+01 -2.388777e-02 
 2.461621e+01 -2.386424e-02 
 2.461660e+01 -2.383972e-02 
 2.461700e+01 -2.380104e-02 
 2.461740e+01 -2.374044e-02 
 2.461780e+01 -2.365115e-02 
 2.461819e+01 -2.353177e-02 
 2.461859e+01 -2.338540e-02 
 2.461899e+01 -2.321792e-02 
 2.461939e+01 -2.303577e-02 
 2.461979e+01 -2.284572e-02 
 2.462018e+01 -2.265481e-02 
 2.462058e+01 -2.246876e-02 
 2.462098e+01 -2.229366e-02 
 2.462138e+01 -2.213333e-02 
 2.462177e+01 -2.199205e-02 
 2.462217e+01 -2.187469e-02 
 2.462257e+01 -2.178740e-02 
 2.462297e+01 -2.173073e-02 
 2.462336e+01 -2.170421e-02 
 2.462376e+01 -2.170803e-02 
 2.462416e+01 -2.173610e-02 
 2.462456e+01 -2.178299e-02 
 2.462496e+01 -2.184589e-02 
 2.462535e+01 -2.191885e-02 
 2.462575e+01 -2.200046e-02 
 2.462615e+01 -2.209230e-02 
 2.462655e+01 -2.219582e-02 
 2.462694e+01 -2.231210e-02 
 2.462734e+01 -2.244256e-02 
 2.462774e+01 -2.258550e-02 
 2.462814e+01 -2.274101e-02 
 2.462853e+01 -2.290725e-02 
 2.462893e+01 -2.308272e-02 
 2.462933e+01 -2.326280e-02 
 2.462973e+01 -2.344228e-02 
 2.463013e+01 -2.361675e-02 
 2.463052e+01 -2.378408e-02 
 2.463092e+01 -2.394339e-02 
 2.463132e+01 -2.409521e-02 
 2.463172e+01 -2.424101e-02 
 2.463211e+01 -2.437745e-02 
 2.463251e+01 -2.449964e-02 
 2.463291e+01 -2.460162e-02 
 2.463331e+01 -2.467486e-02 
 2.463370e+01 -2.471552e-02 
 2.463410e+01 -2.471825e-02 
 2.463450e+01 -2.468178e-02 
 2.463490e+01 -2.460400e-02 
 2.463530e+01 -2.448173e-02 
 2.463569e+01 -2.431037e-02 
 2.463609e+01 -2.408668e-02 
 2.463649e+01 -2.380505e-02 
 2.463689e+01 -2.346558e-02 
 2.463728e+01 -2.307458e-02 
 2.463768e+01 -2.264290e-02 
 2.463808e+01 -2.217820e-02 
 2.463848e+01 -2.169071e-02 
 2.463887e+01 -2.118858e-02 
 2.463927e+01 -2.067687e-02 
 2.463967e+01 -2.015828e-02 
 2.464007e+01 -1.963787e-02 
 2.464047e+01 -1.911732e-02 
 2.464086e+01 -1.859570e-02 
 2.464126e+01 -1.807397e-02 
 2.464166e+01 -1.755104e-02 
 2.464206e+01 -1.702356e-02 
 2.464245e+01 -1.648423e-02 
 2.464285e+01 -1.592488e-02 
 2.464325e+01 -1.534013e-02 
 2.464365e+01 -1.472622e-02 
 2.464404e+01 -1.407803e-02 
 2.464444e+01 -1.339582e-02 
 2.464484e+01 -1.268352e-02 
 2.464524e+01 -1.194156e-02 
 2.464564e+01 -1.117435e-02 
 2.464603e+01 -1.038920e-02 
 2.464643e+01 -9.592611e-03 
 2.464683e+01 -8.788460e-03 
 2.464723e+01 -7.983828e-03 
 2.464762e+01 -7.182017e-03 
 2.464802e+01 -6.384744e-03 
 2.464842e+01 -5.591632e-03 
 2.464882e+01 -4.802464e-03 
 2.464921e+01 -4.012051e-03 
 2.464961e+01 -3.218278e-03 
 2.465001e+01 -2.421618e-03 
 2.465041e+01 -1.621221e-03 
 2.465081e+01 -8.170258e-04 
 2.465120e+01 -1.103016e-05 
 2.465160e+01  7.922765e-04 
 2.465200e+01  1.586710e-03 
 2.465240e+01  2.366052e-03 
 2.465279e+01  3.125631e-03 
 2.465319e+01  3.862678e-03 
 2.465359e+01  4.569968e-03 
 2.465399e+01  5.242465e-03 
 2.465438e+01  5.877108e-03 
 2.465478e+01  6.467403e-03 
 2.465518e+01  7.011079e-03 
 2.465558e+01  7.503631e-03 
 2.465598e+01  7.938685e-03 
 2.465637e+01  8.313188e-03 
 2.465677e+01  8.625674e-03 
 2.465717e+01  8.876931e-03 
 2.465757e+01  9.065739e-03 
 2.465796e+01  9.192748e-03 
 2.465836e+01  9.259248e-03 
 2.465876e+01  9.265802e-03 
 2.465916e+01  9.217286e-03 
 2.465955e+01  9.112413e-03 
 2.465995e+01  8.951644e-03 
 2.466035e+01  8.741000e-03 
 2.466075e+01  8.488544e-03 
 2.466115e+01  8.203870e-03 
 2.466154e+01  7.898123e-03 
 2.466194e+01  7.581124e-03 
 2.466234e+01  7.257834e-03 
 2.466274e+01  6.933975e-03 
 2.466313e+01  6.610832e-03 
 2.466353e+01  6.285001e-03 
 2.466393e+01  5.950452e-03 
 2.466433e+01  5.604772e-03 
 2.466472e+01  5.242757e-03 
 2.466512e+01  4.859225e-03 
 2.466552e+01  4.452833e-03 
 2.466592e+01  4.018357e-03 
 2.466632e+01  3.554112e-03 
 2.466671e+01  3.061521e-03 
 2.466711e+01  2.540155e-03 
 2.466751e+01  1.994527e-03 
 2.466791e+01  1.430357e-03 
 2.466830e+01  8.512556e-04 
 2.466870e+01  2.583315e-04 
 2.466910e+01 -3.424098e-04 
 2.466950e+01 -9.482146e-04 
 2.466989e+01 -1.556259e-03 
 2.467029e+01 -2.166469e-03 
 2.467069e+01 -2.781540e-03 
 2.467109e+01 -3.407661e-03 
 2.467149e+01 -4.054168e-03 
 2.467188e+01 -4.727784e-03 
 2.467228e+01 -5.436240e-03 
 2.467268e+01 -6.185132e-03 
 2.467308e+01 -6.970953e-03 
 2.467347e+01 -7.792743e-03 
 2.467387e+01 -8.647271e-03 
 2.467427e+01 -9.532877e-03 
 2.467467e+01 -1.045099e-02 
 2.467507e+01 -1.139984e-02 
 2.467546e+01 -1.237736e-02 
 2.467586e+01 -1.337405e-02 
 2.467626e+01 -1.437861e-02 
 2.467666e+01 -1.537678e-02 
 2.467705e+01 -1.635927e-02 
 2.467745e+01 -1.732114e-02 
 2.467785e+01 -1.825832e-02 
 2.467825e+01 -1.917392e-02 
 2.467864e+01 -2.007119e-02 
 2.467904e+01 -2.094586e-02 
 2.467944e+01 -2.179371e-02 
 2.467984e+01 -2.261174e-02 
 2.468024e+01 -2.339673e-02 
 2.468063e+01 -2.414524e-02 
 2.468103e+01 -2.486126e-02 
 2.468143e+01 -2.555016e-02 
 2.468183e+01 -2.621461e-02 
 2.468222e+01 -2.685917e-02 
 2.468262e+01 -2.748801e-02 
 2.468302e+01 -2.810268e-02 
 2.468342e+01 -2.870529e-02 
 2.468381e+01 -2.930017e-02 
 2.468421e+01 -2.988857e-02 
 2.468461e+01 -3.047260e-02 
 2.468501e+01 -3.105242e-02 
 2.468541e+01 -3.162616e-02 
 2.468580e+01 -3.219041e-02 
 2.468620e+01 -3.273956e-02 
 2.468660e+01 -3.326907e-02 
 2.468700e+01 -3.377575e-02 
 2.468739e+01 -3.425839e-02 
 2.468779e+01 -3.471286e-02 
 2.468819e+01 -3.513620e-02 
 2.468859e+01 -3.552772e-02 
 2.468898e+01 -3.588314e-02 
 2.468938e+01 -3.620172e-02 
 2.468978e+01 -3.648887e-02 
 2.469018e+01 -3.674560e-02 
 2.469058e+01 -3.697578e-02 
 2.469097e+01 -3.718629e-02 
 2.469137e+01 -3.737989e-02 
 2.469177e+01 -3.755635e-02 
 2.469217e+01 -3.771228e-02 
 2.469256e+01 -3.784480e-02 
 2.469296e+01 -3.794842e-02 
 2.469336e+01 -3.801532e-02 
 2.469376e+01 -3.804156e-02 
 2.469415e+01 -3.802121e-02 
 2.469455e+01 -3.794606e-02 
 2.469495e+01 -3.780837e-02 
 2.469535e+01 -3.760096e-02 
 2.469575e+01 -3.732061e-02 
 2.469614e+01 -3.696781e-02 
 2.469654e+01 -3.654820e-02 
 2.469694e+01 -3.607188e-02 
 2.469734e+01 -3.555375e-02 
 2.469773e+01 -3.500435e-02 
 2.469813e+01 -3.443460e-02 
 2.469853e+01 -3.384866e-02 
 2.469893e+01 -3.325129e-02 
 2.469932e+01 -3.264600e-02 
 2.469972e+01 -3.203933e-02 
 2.470012e+01 -3.144007e-02 
 2.470052e+01 -3.085531e-02 
 2.470092e+01 -3.029273e-02 
 2.470131e+01 -2.975622e-02 
 2.470171e+01 -2.924496e-02 
 2.470211e+01 -2.875381e-02 
 2.470251e+01 -2.828089e-02 
 2.470290e+01 -2.782445e-02 
 2.470330e+01 -2.738845e-02 
 2.470370e+01 -2.698124e-02 
 2.470410e+01 -2.660696e-02 
 2.470449e+01 -2.626780e-02 
 2.470489e+01 -2.596112e-02 
 2.470529e+01 -2.568418e-02 
 2.470569e+01 -2.542942e-02 
 2.470609e+01 -2.519645e-02 
 2.470648e+01 -2.498168e-02 
 2.470688e+01 -2.478724e-02 
 2.470728e+01 -2.461704e-02 
 2.470768e+01 -2.447254e-02 
 2.470807e+01 -2.435400e-02 
 2.470847e+01 -2.426038e-02 
 2.470887e+01 -2.419030e-02 
 2.470927e+01 -2.413914e-02 
 2.470966e+01 -2.410857e-02 
 2.471006e+01 -2.410001e-02 
 2.471046e+01 -2.411126e-02 
 2.471086e+01 -2.414448e-02 
 2.471126e+01 -2.419899e-02 
 2.471165e+01 -2.427113e-02 
 2.471205e+01 -2.435339e-02 
 2.471245e+01 -2.444131e-02 
 2.471285e+01 -2.452766e-02 
 2.471324e+01 -2.460602e-02 
 2.471364e+01 -2.467117e-02 
 2.471404e+01 -2.472083e-02 
 2.471444e+01 -2.475723e-02 
 2.471483e+01 -2.478758e-02 
 2.471523e+01 -2.481790e-02 
 2.471563e+01 -2.485898e-02 
 2.471603e+01 -2.492058e-02 
 2.471643e+01 -2.501360e-02 
 2.471682e+01 -2.514253e-02 
 2.471722e+01 -2.531184e-02 
 2.471762e+01 -2.552493e-02 
 2.471802e+01 -2.577894e-02 
 2.471841e+01 -2.607152e-02 
 2.471881e+01 -2.639673e-02 
 2.471921e+01 -2.674533e-02 
 2.471961e+01 -2.710864e-02 
 2.472000e+01 -2.747965e-02 
 2.472040e+01 -2.784764e-02 
 2.472080e+01 -2.820371e-02 
 2.472120e+01 -2.854186e-02 
 2.472160e+01 -2.885272e-02 
 2.472199e+01 -2.913240e-02 
 2.472239e+01 -2.938038e-02 
 2.472279e+01 -2.959858e-02 
 2.472319e+01 -2.978811e-02 
 2.472358e+01 -2.995136e-02 
 2.472398e+01 -3.008944e-02 
 2.472438e+01 -3.019999e-02 
 2.472478e+01 -3.027687e-02 
 2.472517e+01 -3.031956e-02 
 2.472557e+01 -3.032620e-02 
 2.472597e+01 -3.030535e-02 
 2.472637e+01 -3.026124e-02 
 2.472677e+01 -3.019768e-02 
 2.472716e+01 -3.011345e-02 
 2.472756e+01 -3.000521e-02 
 2.472796e+01 -2.986418e-02 
 2.472836e+01 -2.968458e-02 
 2.472875e+01 -2.947093e-02 
 2.472915e+01 -2.922646e-02 
 2.472955e+01 -2.895813e-02 
 2.472995e+01 -2.867213e-02 
 2.473034e+01 -2.836815e-02 
 2.473074e+01 -2.804564e-02 
 2.473114e+01 -2.770113e-02 
 2.473154e+01 -2.733056e-02 
 2.473194e+01 -2.693507e-02 
 2.473233e+01 -2.651971e-02 
 2.473273e+01 -2.608908e-02 
 2.473313e+01 -2.564778e-02 
 2.473353e+01 -2.520264e-02 
 2.473392e+01 -2.475481e-02 
 2.473432e+01 -2.430492e-02 
 2.473472e+01 -2.386020e-02 
 2.473512e+01 -2.342465e-02 
 2.473551e+01 -2.299976e-02 
 2.473591e+01 -2.258955e-02 
 2.473631e+01 -2.219512e-02 
 2.473671e+01 -2.181399e-02 
 2.473711e+01 -2.143913e-02 
 2.473750e+01 -2.106638e-02 
 2.473790e+01 -2.068363e-02 
 2.473830e+01 -2.027878e-02 
 2.473870e+01 -1.984329e-02 
 2.473909e+01 -1.936600e-02 
 2.473949e+01 -1.883745e-02 
 2.473989e+01 -1.825071e-02 
 2.474029e+01 -1.759995e-02 
 2.474068e+01 -1.688531e-02 
 2.474108e+01 -1.611384e-02 
 2.474148e+01 -1.529666e-02 
 2.474188e+01 -1.444825e-02 
 2.474228e+01 -1.357809e-02 
 2.474267e+01 -1.269454e-02 
 2.474307e+01 -1.180125e-02 
 2.474347e+01 -1.090330e-02 
 2.474387e+01 -1.000239e-02 
 2.474426e+01 -9.098000e-03 
 2.474466e+01 -8.194630e-03 
 2.474506e+01 -7.294035e-03 
 2.474546e+01 -6.396397e-03 
 2.474585e+01 -5.500307e-03 
 2.474625e+01 -4.602350e-03 
 2.474665e+01 -3.694950e-03 
 2.474705e+01 -2.776213e-03 
 2.474745e+01 -1.852464e-03 
 2.474784e+01 -9.298395e-04 
 2.474824e+01 -1.651142e-05 
 2.474864e+01  8.773637e-04 
 2.474904e+01  1.743513e-03 
 2.474943e+01  2.577012e-03 
 2.474983e+01  3.374048e-03 
 2.475023e+01  4.136971e-03 
 2.475063e+01  4.864959e-03 
 2.475102e+01  5.554972e-03 
 2.475142e+01  6.203850e-03 
 2.475182e+01  6.808897e-03 
 2.475222e+01  7.366570e-03 
 2.475262e+01  7.877648e-03 
 2.475301e+01  8.347715e-03 
 2.475341e+01  8.782608e-03 
 2.475381e+01  9.184967e-03 
 2.475421e+01  9.558539e-03 
 2.475460e+01  9.901218e-03 
 2.475500e+01  1.020789e-02 
 2.475540e+01  1.047466e-02 
 2.475580e+01  1.070005e-02 
 2.475619e+01  1.088714e-02 
 2.475659e+01  1.104395e-02 
 2.475699e+01  1.117453e-02 
 2.475739e+01  1.128197e-02 
 2.475779e+01  1.137058e-02 
 2.475818e+01  1.143614e-02 
 2.475858e+01  1.147655e-02 
 2.475898e+01  1.148788e-02 
 2.475938e+01  1.146772e-02 
 2.475977e+01  1.140998e-02 
 2.476017e+01  1.130634e-02 
 2.476057e+01  1.114600e-02 
 2.476097e+01  1.091802e-02 
 2.476136e+01  1.061498e-02 
 2.476176e+01  1.023311e-02 
 2.476216e+01  9.770335e-03 
 2.476256e+01  9.230962e-03 
 2.476296e+01  8.621155e-03 
 2.476335e+01  7.943784e-03 
 2.476375e+01  7.204164e-03 
 2.476415e+01  6.408000e-03 
 2.476455e+01  5.565099e-03 
 2.476494e+01  4.684515e-03 
 2.476534e+01  3.778314e-03 
 2.476574e+01  2.853275e-03 
 2.476614e+01  1.911898e-03 
 2.476653e+01  9.527079e-04 
 2.476693e+01 -3.086168e-05 
 2.476733e+01 -1.044714e-03 
 2.476773e+01 -2.091248e-03 
 2.476813e+01 -3.170318e-03 
 2.476852e+01 -4.278292e-03 
 2.476892e+01 -5.409131e-03 
 2.476932e+01 -6.557111e-03 
 2.476972e+01 -7.717459e-03 
 2.477011e+01 -8.886599e-03 
 2.477051e+01 -1.005981e-02 
 2.477091e+01 -1.122905e-02 
 2.477131e+01 -1.238345e-02 
 2.477171e+01 -1.351005e-02 
 2.477210e+01 -1.459456e-02 
 2.477250e+01 -1.562695e-02 
 2.477290e+01 -1.660485e-02 
 2.477330e+01 -1.752925e-02 
 2.477369e+01 -1.840166e-02 
 2.477409e+01 -1.922719e-02 
 2.477449e+01 -2.000999e-02 
 2.477489e+01 -2.075200e-02 
 2.477528e+01 -2.145232e-02 
 2.477568e+01 -2.211080e-02 
 2.477608e+01 -2.273001e-02 
 2.477648e+01 -2.331266e-02 
 2.477688e+01 -2.386552e-02 
 2.477727e+01 -2.439843e-02 
 2.477767e+01 -2.491584e-02 
 2.477807e+01 -2.542232e-02 
 2.477847e+01 -2.592182e-02 
 2.477886e+01 -2.641222e-02 
 2.477926e+01 -2.689351e-02 
 2.477966e+01 -2.736379e-02 
 2.478006e+01 -2.782199e-02 
 2.478045e+01 -2.826897e-02 
 2.478085e+01 -2.870719e-02 
 2.478125e+01 -2.913838e-02 
 2.478165e+01 -2.956038e-02 
 2.478205e+01 -2.996847e-02 
 2.478244e+01 -3.035823e-02 
 2.478284e+01 -3.072206e-02 
 2.478324e+01 -3.105378e-02 
 2.478364e+01 -3.134789e-02 
 2.478403e+01 -3.159696e-02 
 2.478443e+01 -3.179646e-02 
 2.478483e+01 -3.194636e-02 
 2.478523e+01 -3.205125e-02 
 2.478562e+01 -3.211901e-02 
 2.478602e+01 -3.215637e-02 
 2.478642e+01 -3.216786e-02 
 2.478682e+01 -3.215963e-02 
 2.478722e+01 -3.213699e-02 
 2.478761e+01 -3.209969e-02 
 2.478801e+01 -3.204774e-02 
 2.478841e+01 -3.198138e-02 
 2.478881e+01 -3.190004e-02 
 2.478920e+01 -3.180312e-02 
 2.478960e+01 -3.168772e-02 
 2.479000e+01 -3.154598e-02 
 2.479040e+01 -3.136736e-02 
 2.479079e+01 -3.114347e-02 
 2.479119e+01 -3.087094e-02 
 2.479159e+01 -3.055217e-02 
 2.479199e+01 -3.019621e-02 
 2.479239e+01 -2.981273e-02 
 2.479278e+01 -2.941453e-02 
 2.479318e+01 -2.901416e-02 
 2.479358e+01 -2.862111e-02 
 2.479398e+01 -2.823894e-02 
 2.479437e+01 -2.786711e-02 
 2.479477e+01 -2.751135e-02 
 2.479517e+01 -2.717876e-02 
 2.479557e+01 -2.687580e-02 
 2.479596e+01 -2.660699e-02 
 2.479636e+01 -2.637483e-02 
 2.479676e+01 -2.617556e-02 
 2.479716e+01 -2.600187e-02 
 2.479756e+01 -2.584425e-02 
 2.479795e+01 -2.569432e-02 
 2.479835e+01 -2.554584e-02 
 2.479875e+01 -2.539675e-02 
 2.479915e+01 -2.524739e-02 
 2.479954e+01 -2.510301e-02 
 2.479994e+01 -2.496304e-02 
 2.480034e+01 -2.482472e-02 
 2.480074e+01 -2.468634e-02 
 2.480113e+01 -2.454474e-02 
 2.480153e+01 -2.439844e-02 
 2.480193e+01 -2.424780e-02 
 2.480233e+01 -2.409455e-02 
 2.480273e+01 -2.394103e-02 
 2.480312e+01 -2.378703e-02 
 2.480352e+01 -2.363563e-02 
 2.480392e+01 -2.348675e-02 
 2.480432e+01 -2.334315e-02 
 2.480471e+01 -2.321143e-02 
 2.480511e+01 -2.309670e-02 
 2.480551e+01 -2.300525e-02 
 2.480591e+01 -2.294416e-02 
 2.480630e+01 -2.291624e-02 
 2.480670e+01 -2.292201e-02 
 2.480710e+01 -2.295949e-02 
 2.480750e+01 -2.302632e-02 
 2.480790e+01 -2.311991e-02 
 2.480829e+01 -2.323731e-02 
 2.480869e+01 -2.337578e-02 
 2.480909e+01 -2.353158e-02 
 2.480949e+01 -2.370369e-02 
 2.480988e+01 -2.389045e-02 
 2.481028e+01 -2.409199e-02 
 2.481068e+01 -2.431409e-02 
 2.481108e+01 -2.456747e-02 
 2.481147e+01 -2.486331e-02 
 2.481187e+01 -2.521378e-02 
 2.481227e+01 -2.562755e-02 
 2.481267e+01 -2.610500e-02 
 2.481307e+01 -2.663839e-02 
 2.481346e+01 -2.722118e-02 
 2.481386e+01 -2.784658e-02 
 2.481426e+01 -2.850864e-02 
 2.481466e+01 -2.920301e-02 
 2.481505e+01 -2.992229e-02 
 2.481545e+01 -3.065662e-02 
 2.481585e+01 -3.139113e-02 
 2.481625e+01 -3.210715e-02 
 2.481664e+01 -3.279105e-02 
 2.481704e+01 -3.343190e-02 
 2.481744e+01 -3.402895e-02 
 2.481784e+01 -3.458263e-02 
 2.481824e+01 -3.510056e-02 
 2.481863e+01 -3.558834e-02 
 2.481903e+01 -3.604308e-02 
 2.481943e+01 -3.646101e-02 
 2.481983e+01 -3.683945e-02 
 2.482022e+01 -3.717645e-02 
 2.482062e+01 -3.747446e-02 
 2.482102e+01 -3.773939e-02 
 2.482142e+01 -3.797698e-02 
 2.482181e+01 -3.818875e-02 
 2.482221e+01 -3.837481e-02 
 2.482261e+01 -3.852835e-02 
 2.482301e+01 -3.864312e-02 
 2.482341e+01 -3.871388e-02 
 2.482380e+01 -3.873647e-02 
 2.482420e+01 -3.871086e-02 
 2.482460e+01 -3.864173e-02 
 2.482500e+01 -3.853262e-02 
 2.482539e+01 -3.838327e-02 
 2.482579e+01 -3.819161e-02 
 2.482619e+01 -3.795795e-02 
 2.482659e+01 -3.767940e-02 
 2.482698e+01 -3.735506e-02 
 2.482738e+01 -3.698571e-02 
 2.482778e+01 -3.657163e-02 
 2.482818e+01 -3.611250e-02 
 2.482858e+01 -3.560961e-02 
 2.482897e+01 -3.506178e-02 
 2.482937e+01 -3.447028e-02 
 2.482977e+01 -3.383771e-02 
 2.483017e+01 -3.316679e-02 
 2.483056e+01 -3.246501e-02 
 2.483096e+01 -3.173841e-02 
 2.483136e+01 -3.098974e-02 
 2.483176e+01 -3.021625e-02 
 2.483215e+01 -2.941400e-02 
 2.483255e+01 -2.857943e-02 
 2.483295e+01 -2.771116e-02 
 2.483335e+01 -2.680872e-02 
 2.483375e+01 -2.587018e-02 
 2.483414e+01 -2.488991e-02 
 2.483454e+01 -2.386357e-02 
 2.483494e+01 -2.278462e-02 
 2.483534e+01 -2.164581e-02 
 2.483573e+01 -2.044609e-02 
 2.483613e+01 -1.919075e-02 
 2.483653e+01 -1.789069e-02 
 2.483693e+01 -1.656592e-02 
 2.483732e+01 -1.523620e-02 
 2.483772e+01 -1.391603e-02 
 2.483812e+01 -1.261229e-02 
 2.483852e+01 -1.133123e-02 
 2.483892e+01 -1.007624e-02 
 2.483931e+01 -8.852754e-03 
 2.483971e+01 -7.667104e-03 
 2.484011e+01 -6.524017e-03 
 2.484051e+01 -5.430621e-03 
 2.484090e+01 -4.390467e-03 
 2.484130e+01 -3.396040e-03 
 2.484170e+01 -2.439015e-03 
 2.484210e+01 -1.507703e-03 
 2.484249e+01 -5.937349e-04 
 2.484289e+01  3.034692e-04 
 2.484329e+01  1.175199e-03 
 2.484369e+01  2.012537e-03 
 2.484409e+01  2.809258e-03 
 2.484448e+01  3.559259e-03 
 2.484488e+01  4.264078e-03 
 2.484528e+01  4.928723e-03 
 2.484568e+01  5.555654e-03 
 2.484607e+01  6.145825e-03 
 2.484647e+01  6.697247e-03 
 2.484687e+01  7.204733e-03 
 2.484727e+01  7.665658e-03 
 2.484766e+01  8.083127e-03 
 2.484806e+01  8.463149e-03 
 2.484846e+01  8.812684e-03 
 2.484886e+01  9.139037e-03 
 2.484926e+01  9.444878e-03 
 2.484965e+01  9.727075e-03 
 2.485005e+01  9.981758e-03 
 2.485045e+01  1.020665e-02 
 2.485085e+01  1.039957e-02 
 2.485124e+01  1.056230e-02 
 2.485164e+01  1.069641e-02 
 2.485204e+01  1.080377e-02 
 2.485244e+01  1.088594e-02 
 2.485283e+01  1.094198e-02 
 2.485323e+01  1.097186e-02 
 2.485363e+01  1.097517e-02 
 2.485403e+01  1.095246e-02 
 2.485443e+01  1.090309e-02 
 2.485482e+01  1.082155e-02 
 2.485522e+01  1.070034e-02 
 2.485562e+01  1.052761e-02 
 2.485602e+01  1.029177e-02 
 2.485641e+01  9.985960e-03 
 2.485681e+01  9.607407e-03 
 2.485721e+01  9.153561e-03 
 2.485761e+01  8.627863e-03 
 2.485800e+01  8.034618e-03 
 2.485840e+01  7.377579e-03 
 2.485880e+01  6.661721e-03 
 2.485920e+01  5.894609e-03 
 2.485960e+01  5.084031e-03 
 2.485999e+01  4.242502e-03 
 2.486039e+01  3.386040e-03 
 2.486079e+01  2.524466e-03 
 2.486119e+01  1.665096e-03 
 2.486158e+01  8.109236e-04 
 2.486198e+01 -4.195982e-05 
 2.486238e+01 -9.016671e-04 
 2.486278e+01 -1.773724e-03 
 2.486318e+01 -2.661807e-03 
 2.486357e+01 -3.568052e-03 
 2.486397e+01 -4.486980e-03 
 2.486437e+01 -5.416463e-03 
 2.486477e+01 -6.354002e-03 
 2.486516e+01 -7.299394e-03 
 2.486556e+01 -8.254634e-03 
 2.486596e+01 -9.225376e-03 
 2.486636e+01 -1.020792e-02 
 2.486675e+01 -1.119521e-02 
 2.486715e+01 -1.217569e-02 
 2.486755e+01 -1.313466e-02 
 2.486795e+01 -1.405942e-02 
 2.486835e+01 -1.494600e-02 
 2.486874e+01 -1.579463e-02 
 2.486914e+01 -1.660991e-02 
 2.486954e+01 -1.739715e-02 
 2.486994e+01 -1.816042e-02 
 2.487033e+01 -1.890163e-02 
 2.487073e+01 -1.962165e-02 
 2.487113e+01 -2.032121e-02 
 2.487153e+01 -2.100247e-02 
 2.487192e+01 -2.166833e-02 
 2.487232e+01 -2.232722e-02 
 2.487272e+01 -2.298047e-02 
 2.487312e+01 -2.362817e-02 
 2.487352e+01 -2.426539e-02 
 2.487391e+01 -2.488402e-02 
 2.487431e+01 -2.548039e-02 
 2.487471e+01 -2.605240e-02 
 2.487511e+01 -2.659715e-02 
 2.487550e+01 -2.711296e-02 
 2.487590e+01 -2.759663e-02 
 2.487630e+01 -2.804177e-02 
 2.487670e+01 -2.844014e-02 
 2.487709e+01 -2.878807e-02 
 2.487749e+01 -2.907702e-02 
 2.487789e+01 -2.929967e-02 
 2.487829e+01 -2.945403e-02 
 2.487869e+01 -2.953868e-02 
 2.487908e+01 -2.954795e-02 
 2.487948e+01 -2.947749e-02 
 2.487988e+01 -2.932516e-02 
 2.488028e+01 -2.909174e-02 
 2.488067e+01 -2.878780e-02 
 2.488107e+01 -2.842714e-02 
 2.488147e+01 -2.802283e-02 
 2.488187e+01 -2.758701e-02 
 2.488226e+01 -2.712854e-02 
 2.488266e+01 -2.664849e-02 
 2.488306e+01 -2.615020e-02 
 2.488346e+01 -2.563446e-02 
 2.488386e+01 -2.510333e-02 
 2.488425e+01 -2.456440e-02 
 2.488465e+01 -2.402969e-02 
 2.488505e+01 -2.350366e-02 
 2.488545e+01 -2.298705e-02 
 2.488584e+01 -2.247328e-02 
 2.488624e+01 -2.195391e-02 
 2.488664e+01 -2.142112e-02 
 2.488704e+01 -2.087372e-02 
 2.488743e+01 -2.031477e-02 
 2.488783e+01 -1.975435e-02 
 2.488823e+01 -1.920785e-02 
 2.488863e+01 -1.868980e-02 
 2.488903e+01 -1.820939e-02 
 2.488942e+01 -1.777472e-02 
 2.488982e+01 -1.738729e-02 
 2.489022e+01 -1.704600e-02 
 2.489062e+01 -1.675588e-02 
 2.489101e+01 -1.652390e-02 
 2.489141e+01 -1.635264e-02 
 2.489181e+01 -1.624148e-02 
 2.489221e+01 -1.618716e-02 
 2.489260e+01 -1.618053e-02 
 2.489300e+01 -1.620879e-02 
 2.489340e+01 -1.626120e-02 
 2.489380e+01 -1.632889e-02 
 2.489420e+01 -1.640848e-02 
 2.489459e+01 -1.650342e-02 
 2.489499e+01 -1.661564e-02 
 2.489539e+01 -1.674842e-02 
 2.489579e+01 -1.690173e-02 
 2.489618e+01 -1.706958e-02 
 2.489658e+01 -1.724664e-02 
 2.489698e+01 -1.743296e-02 
 2.489738e+01 -1.763366e-02 
 2.489777e+01 -1.785154e-02 
 2.489817e+01 -1.809452e-02 
 2.489857e+01 -1.836603e-02 
 2.489897e+01 -1.866877e-02 
 2.489937e+01 -1.900329e-02 
 2.489976e+01 -1.937291e-02 
 2.490016e+01 -1.978214e-02 
 2.490056e+01 -2.023603e-02 
 2.490096e+01 -2.074250e-02 
 2.490135e+01 -2.130373e-02 
 2.490175e+01 -2.191626e-02 
 2.490215e+01 -2.257406e-02 
 2.490255e+01 -2.326629e-02 
 2.490294e+01 -2.398638e-02 
 2.490334e+01 -2.473072e-02 
 2.490374e+01 -2.549643e-02 
 2.490414e+01 -2.628228e-02 
 2.490454e+01 -2.708158e-02 
 2.490493e+01 -2.788576e-02 
 2.490533e+01 -2.868377e-02 
 2.490573e+01 -2.946862e-02 
 2.490613e+01 -3.023574e-02 
 2.490652e+01 -3.098907e-02 
 2.490692e+01 -3.173619e-02 
 2.490732e+01 -3.248760e-02 
 2.490772e+01 -3.324657e-02 
 2.490811e+01 -3.401120e-02 
 2.490851e+01 -3.477567e-02 
 2.490891e+01 -3.552985e-02 
 2.490931e+01 -3.626792e-02 
 2.490971e+01 -3.699112e-02 
 2.491010e+01 -3.769918e-02 
 2.491050e+01 -3.839065e-02 
 2.491090e+01 -3.905859e-02 
 2.491130e+01 -3.969053e-02 
 2.491169e+01 -4.027342e-02 
 2.491209e+01 -4.079372e-02 
 2.491249e+01 -4.124149e-02 
 2.491289e+01 -4.161734e-02 
 2.491328e+01 -4.192957e-02 
 2.491368e+01 -4.219016e-02 
 2.491408e+01 -4.241064e-02 
 2.491448e+01 -4.259720e-02 
 2.491488e+01 -4.275116e-02 
 2.491527e+01 -4.286825e-02 
 2.491567e+01 -4.294857e-02 
 2.491607e+01 -4.299722e-02 
 2.491647e+01 -4.302361e-02 
 2.491686e+01 -4.303876e-02 
 2.491726e+01 -4.305350e-02 
 2.491766e+01 -4.307380e-02 
 2.491806e+01 -4.309838e-02 
 2.491845e+01 -4.311664e-02 
 2.491885e+01 -4.311834e-02 
 2.491925e+01 -4.309443e-02 
 2.491965e+01 -4.303965e-02 
 2.492005e+01 -4.295291e-02 
 2.492044e+01 -4.283304e-02 
 2.492084e+01 -4.268217e-02 
 2.492124e+01 -4.249578e-02 
 2.492164e+01 -4.226677e-02 
 2.492203e+01 -4.199069e-02 
 2.492243e+01 -4.166314e-02 
 2.492283e+01 -4.128110e-02 
 2.492323e+01 -4.084456e-02 
 2.492362e+01 -4.035406e-02 
 2.492402e+01 -3.980898e-02 
 2.492442e+01 -3.920945e-02 
 2.492482e+01 -3.855612e-02 
 2.492522e+01 -3.784927e-02 
 2.492561e+01 -3.709202e-02 
 2.492601e+01 -3.628863e-02 
 2.492641e+01 -3.544489e-02 
 2.492681e+01 -3.456496e-02 
 2.492720e+01 -3.364709e-02 
 2.492760e+01 -3.268697e-02 
 2.492800e+01 -3.168269e-02 
 2.492840e+01 -3.063246e-02 
 2.492879e+01 -2.953950e-02 
 2.492919e+01 -2.840932e-02 
 2.492959e+01 -2.724210e-02 
 2.492999e+01 -2.603842e-02 
 2.493039e+01 -2.479608e-02 
 2.493078e+01 -2.351083e-02 
 2.493118e+01 -2.217741e-02 
 2.493158e+01 -2.079856e-02 
 2.493198e+01 -1.938404e-02 
 2.493237e+01 -1.795474e-02 
 2.493277e+01 -1.652901e-02 
 2.493317e+01 -1.512259e-02 
 2.493357e+01 -1.374442e-02 
 2.493396e+01 -1.239680e-02 
 2.493436e+01 -1.107979e-02 
 2.493476e+01 -9.797416e-03 
 2.493516e+01 -8.552974e-03 
 2.493556e+01 -7.354520e-03 
 2.493595e+01 -6.208570e-03 
 2.493635e+01 -5.117358e-03 
 2.493675e+01 -4.075342e-03 
 2.493715e+01 -3.071093e-03 
 2.493754e+01 -2.088488e-03 
 2.493794e+01 -1.114661e-03 
 2.493834e+01 -1.477910e-04 
 2.493874e+01  8.083401e-04 
 2.493913e+01  1.745922e-03 
 2.493953e+01  2.656562e-03 
 2.493993e+01  3.534865e-03 
 2.494033e+01  4.380440e-03 
 2.494073e+01  5.191354e-03 
 2.494112e+01  5.965132e-03 
 2.494152e+01  6.694131e-03 
 2.494192e+01  7.373519e-03 
 2.494232e+01  7.996777e-03 
 2.494271e+01  8.559624e-03 
 2.494311e+01  9.061619e-03 
 2.494351e+01  9.505786e-03 
 2.494391e+01  9.896850e-03 
 2.494430e+01  1.023512e-02 
 2.494470e+01  1.051923e-02 
 2.494510e+01  1.074669e-02 
 2.494550e+01  1.091218e-02 
 2.494590e+01  1.101251e-02 
 2.494629e+01  1.105013e-02 
 2.494669e+01  1.102659e-02 
 2.494709e+01  1.094171e-02 
 2.494749e+01  1.079796e-02 
 2.494788e+01  1.059564e-02 
 2.494828e+01  1.033377e-02 
 2.494868e+01  1.001144e-02 
 2.494908e+01  9.627961e-03 
 2.494947e+01  9.186377e-03 
 2.494987e+01  8.690424e-03 
 2.495027e+01  8.142482e-03 
 2.495067e+01  7.541637e-03 
 2.495107e+01  6.885848e-03 
 2.495146e+01  6.172164e-03 
 2.495186e+01  5.400287e-03 
 2.495226e+01  4.573030e-03 
 2.495266e+01  3.695428e-03 
 2.495305e+01  2.778338e-03 
 2.495345e+01  1.830603e-03 
 2.495385e+01  8.615923e-04 
 2.495425e+01 -1.212456e-04 
 2.495465e+01 -1.115287e-03 
 2.495504e+01 -2.112478e-03 
 2.495544e+01 -3.105067e-03 
 2.495584e+01 -4.079071e-03 
 2.495624e+01 -5.015844e-03 
 2.495663e+01 -5.901457e-03 
 2.495703e+01 -6.730558e-03 
 2.495743e+01 -7.505758e-03 
 2.495783e+01 -8.234588e-03 
 2.495822e+01 -8.927712e-03 
 2.495862e+01 -9.595108e-03 
 2.495902e+01 -1.023996e-02 
 2.495942e+01 -1.086428e-02 
 2.495982e+01 -1.146640e-02 
 2.496021e+01 -1.204443e-02 
 2.496061e+01 -1.260461e-02 
 2.496101e+01 -1.315196e-02 
 2.496141e+01 -1.369612e-02 
 2.496180e+01 -1.424112e-02 
 2.496220e+01 -1.478335e-02 
 2.496260e+01 -1.531164e-02 
 2.496300e+01 -1.581340e-02 
 2.496339e+01 -1.627668e-02 
 2.496379e+01 -1.669552e-02 
 2.496419e+01 -1.706783e-02 
 2.496459e+01 -1.739983e-02 
 2.496499e+01 -1.769566e-02 
 2.496538e+01 -1.796280e-02 
 2.496578e+01 -1.820507e-02 
 2.496618e+01 -1.842170e-02 
 2.496658e+01 -1.861416e-02 
 2.496697e+01 -1.878472e-02 
 2.496737e+01 -1.893624e-02 
 2.496777e+01 -1.907602e-02 
 2.496817e+01 -1.921149e-02 
 2.496856e+01 -1.934647e-02 
 2.496896e+01 -1.947928e-02 
 2.496936e+01 -1.960749e-02 
 2.496976e+01 -1.972557e-02 
 2.497016e+01 -1.982727e-02 
 2.497055e+01 -1.990615e-02 
 2.497095e+01 -1.995666e-02 
 2.497135e+01 -1.997083e-02 
 2.497175e+01 -1.994633e-02 
 2.497214e+01 -1.987985e-02 
 2.497254e+01 -1.977272e-02 
 2.497294e+01 -1.962690e-02 
 2.497334e+01 -1.944399e-02 
 2.497373e+01 -1.922517e-02 
 2.497413e+01 -1.897219e-02 
 2.497453e+01 -1.868596e-02 
 2.497493e+01 -1.836329e-02 
 2.497533e+01 -1.800046e-02 
 2.497572e+01 -1.760010e-02 
 2.497612e+01 -1.717109e-02 
 2.497652e+01 -1.672481e-02 
 2.497692e+01 -1.627718e-02 
 2.497731e+01 -1.584115e-02 
 2.497771e+01 -1.542562e-02 
 2.497811e+01 -1.503847e-02 
 2.497851e+01 -1.468147e-02 
 2.497890e+01 -1.435262e-02 
 2.497930e+01 -1.405201e-02 
 2.497970e+01 -1.378044e-02 
 2.498010e+01 -1.353903e-02 
 2.498050e+01 -1.332988e-02 
 2.498089e+01 -1.315260e-02 
 2.498129e+01 -1.299926e-02 
 2.498169e+01 -1.285907e-02 
 2.498209e+01 -1.271965e-02 
 2.498248e+01 -1.257211e-02 
 2.498288e+01 -1.241300e-02 
 2.498328e+01 -1.224535e-02 
 2.498368e+01 -1.207511e-02 
 2.498407e+01 -1.191379e-02 
 2.498447e+01 -1.176882e-02 
 2.498487e+01 -1.164314e-02 
 2.498527e+01 -1.153651e-02 
 2.498567e+01 -1.145051e-02 
 2.498606e+01 -1.138674e-02 
 2.498646e+01 -1.135125e-02 
 2.498686e+01 -1.135216e-02 
 2.498726e+01 -1.139863e-02 
 2.498765e+01 -1.148972e-02 
 2.498805e+01 -1.161977e-02 
 2.498845e+01 -1.177860e-02 
 2.498885e+01 -1.195269e-02 
 2.498924e+01 -1.213035e-02 
 2.498964e+01 -1.230587e-02 
 2.499004e+01 -1.247945e-02 
 2.499044e+01 -1.265538e-02 
 2.499084e+01 -1.284022e-02 
 2.499123e+01 -1.303835e-02 
 2.499163e+01 -1.325500e-02 
 2.499203e+01 -1.349539e-02 
 2.499243e+01 -1.376585e-02 
 2.499282e+01 -1.407592e-02 
 2.499322e+01 -1.443385e-02 
 2.499362e+01 -1.484584e-02 
 2.499402e+01 -1.531475e-02 
 2.499441e+01 -1.584315e-02 
 2.499481e+01 -1.643174e-02 
 2.499521e+01 -1.707956e-02 
 2.499561e+01 -1.778677e-02 
 2.499601e+01 -1.855521e-02 
 2.499640e+01 -1.938383e-02 
 2.499680e+01 -2.027286e-02 
 2.499720e+01 -2.122043e-02 
 2.499760e+01 -2.221925e-02 
 2.499799e+01 -2.326264e-02 
 2.499839e+01 -2.434355e-02 
 2.499879e+01 -2.545353e-02 
 2.499919e+01 -2.658544e-02 
 2.499958e+01 -2.772903e-02 
 2.499998e+01 -2.887510e-02 
 2.500038e+01 -3.001240e-02 
 2.500078e+01 -3.113301e-02 
 2.500118e+01 -3.223031e-02 
 2.500157e+01 -3.330234e-02 
 2.500197e+01 -3.435143e-02 
 2.500237e+01 -3.538021e-02 
 2.500277e+01 -3.639459e-02 
 2.500316e+01 -3.739597e-02 
 2.500356e+01 -3.838181e-02 
 2.500396e+01 -3.934377e-02 
 2.500436e+01 -4.027437e-02 
 2.500475e+01 -4.117006e-02 
 2.500515e+01 -4.203211e-02 
 2.500555e+01 -4.286291e-02 
 2.500595e+01 -4.366304e-02 
 2.500635e+01 -4.443298e-02 
 2.500674e+01 -4.516433e-02 
 2.500714e+01 -4.584579e-02 
 2.500754e+01 -4.646308e-02 
 2.500794e+01 -4.700465e-02 
 2.500833e+01 -4.746442e-02 
 2.500873e+01 -4.784190e-02 
 2.500913e+01 -4.814592e-02 
 2.500953e+01 -4.838657e-02 
 2.500992e+01 -4.856948e-02 
 2.501032e+01 -4.869893e-02 
 2.501072e+01 -4.878199e-02 
 2.501112e+01 -4.882116e-02 
 2.501152e+01 -4.882404e-02 
 2.501191e+01 -4.879740e-02 
 2.501231e+01 -4.874767e-02 
 2.501271e+01 -4.867782e-02 
 2.501311e+01 -4.858621e-02 
 2.501350e+01 -4.847091e-02 
 2.501390e+01 -4.832147e-02 
 2.501430e+01 -4.813042e-02 
 2.501470e+01 -4.788620e-02 
 2.501509e+01 -4.757997e-02 
 2.501549e+01 -4.720605e-02 
 2.501589e+01 -4.676381e-02 
 2.501629e+01 -4.625154e-02 
 2.501669e+01 -4.567104e-02 
 2.501708e+01 -4.502304e-02 
 2.501748e+01 -4.430941e-02 
 2.501788e+01 -4.353308e-02 
 2.501828e+01 -4.269559e-02 
 2.501867e+01 -4.179969e-02 
 2.501907e+01 -4.084666e-02 
 2.501947e+01 -3.983949e-02 
 2.501987e+01 -3.878336e-02 
 2.502026e+01 -3.768765e-02 
 2.502066e+01 -3.655789e-02 
 2.502106e+01 -3.540232e-02 
 2.502146e+01 -3.422987e-02 
 2.502186e+01 -3.305014e-02 
 2.502225e+01 -3.186838e-02 
 2.502265e+01 -3.068299e-02 
 2.502305e+01 -2.949239e-02 
 2.502345e+01 -2.829721e-02 
 2.502384e+01 -2.710044e-02 
 2.502424e+01 -2.591010e-02 
 2.502464e+01 -2.473346e-02 
 2.502504e+01 -2.357538e-02 
 2.502543e+01 -2.243612e-02 
 2.502583e+01 -2.131419e-02 
 2.502623e+01 -2.020532e-02 
 2.502663e+01 -1.910174e-02 
 2.502703e+01 -1.800201e-02 
 2.502742e+01 -1.691002e-02 
 2.502782e+01 -1.583509e-02 
 2.502822e+01 -1.479049e-02 
 2.502862e+01 -1.378569e-02 
 2.502901e+01 -1.282618e-02 
 2.502941e+01 -1.191391e-02 
 2.502981e+01 -1.105249e-02 
 2.503021e+01 -1.023841e-02 
 2.503060e+01 -9.474772e-03 
 2.503100e+01 -8.763836e-03 
 2.503140e+01 -8.104857e-03 
 2.503180e+01 -7.497456e-03 
 2.503220e+01 -6.932508e-03 
 2.503259e+01 -6.398273e-03 
 2.503299e+01 -5.877937e-03 
 2.503339e+01 -5.357238e-03 
 2.503379e+01 -4.824218e-03 
 2.503418e+01 -4.275458e-03 
 2.503458e+01 -3.713550e-03 
 2.503498e+01 -3.143741e-03 
 2.503538e+01 -2.574526e-03 
 2.503577e+01 -2.013305e-03 
 2.503617e+01 -1.465954e-03 
 2.503657e+01 -9.385167e-04 
 2.503697e+01 -4.357990e-04 
 2.503737e+01  3.585352e-05 
 2.503776e+01  4.699570e-04 
 2.503816e+01  8.591413e-04 
 2.503856e+01  1.197946e-03 
 2.503896e+01  1.485543e-03 
 2.503935e+01  1.721175e-03 
 2.503975e+01  1.908836e-03 
 2.504015e+01  2.055437e-03 
 2.504055e+01  2.162832e-03 
 2.504094e+01  2.232270e-03 
 2.504134e+01  2.265417e-03 
 2.504174e+01  2.263650e-03 
 2.504214e+01  2.222198e-03 
 2.504254e+01  2.138433e-03 
 2.504293e+01  2.012140e-03 
 2.504333e+01  1.843654e-03 
 2.504373e+01  1.633010e-03 
 2.504413e+01  1.383468e-03 
 2.504452e+01  1.097327e-03 
 2.504492e+01  7.786592e-04 
 2.504532e+01  4.291216e-04 
 2.504572e+01  5.061447e-05 
 2.504612e+01 -3.564274e-04 
 2.504651e+01 -7.924943e-04 
 2.504691e+01 -1.260819e-03 
 2.504731e+01 -1.759793e-03 
 2.504771e+01 -2.282297e-03 
 2.504810e+01 -2.827011e-03 
 2.504850e+01 -3.387932e-03 
 2.504890e+01 -3.962510e-03 
 2.504930e+01 -4.546345e-03 
 2.504969e+01 -5.137115e-03 
 2.505009e+01 -5.730968e-03 
 2.505049e+01 -6.322729e-03 
 2.505089e+01 -6.907284e-03 
 2.505129e+01 -7.475973e-03 
 2.505168e+01 -8.019371e-03 
 2.505208e+01 -8.529249e-03 
 2.505248e+01 -9.003361e-03 
 2.505288e+01 -9.442490e-03 
 2.505327e+01 -9.854098e-03 
 2.505367e+01 -1.024440e-02 
 2.505407e+01 -1.062293e-02 
 2.505447e+01 -1.099833e-02 
 2.505486e+01 -1.137663e-02 
 2.505526e+01 -1.176025e-02 
 2.505566e+01 -1.215062e-02 
 2.505606e+01 -1.254763e-02 
 2.505646e+01 -1.295332e-02 
 2.505685e+01 -1.337075e-02 
 2.505725e+01 -1.380497e-02 
 2.505765e+01 -1.425273e-02 
 2.505805e+01 -1.470568e-02 
 2.505844e+01 -1.514865e-02 
 2.505884e+01 -1.556300e-02 
 2.505924e+01 -1.592985e-02 
 2.505964e+01 -1.623636e-02 
 2.506003e+01 -1.647985e-02 
 2.506043e+01 -1.666078e-02 
 2.506083e+01 -1.678592e-02 
 2.506123e+01 -1.686409e-02 
 2.506163e+01 -1.690068e-02 
 2.506202e+01 -1.689935e-02 
 2.506242e+01 -1.685932e-02 
 2.506282e+01 -1.677924e-02 
 2.506322e+01 -1.666017e-02 
 2.506361e+01 -1.650676e-02 
 2.506401e+01 -1.632443e-02 
 2.506441e+01 -1.611636e-02 
 2.506481e+01 -1.588359e-02 
 2.506520e+01 -1.562042e-02 
 2.506560e+01 -1.532624e-02 
 2.506600e+01 -1.499482e-02 
 2.506640e+01 -1.462125e-02 
 2.506680e+01 -1.420209e-02 
 2.506719e+01 -1.373731e-02 
 2.506759e+01 -1.322975e-02 
 2.506799e+01 -1.268386e-02 
 2.506839e+01 -1.210669e-02 
 2.506878e+01 -1.150287e-02 
 2.506918e+01 -1.087890e-02 
 2.506958e+01 -1.024094e-02 
 2.506998e+01 -9.595415e-03 
 2.507037e+01 -8.946108e-03 
 2.507077e+01 -8.298697e-03 
 2.507117e+01 -7.656690e-03 
 2.507157e+01 -7.028300e-03 
 2.507197e+01 -6.422510e-03 
 2.507236e+01 -5.848094e-03 
 2.507276e+01 -5.314114e-03 
 2.507316e+01 -4.828984e-03 
 2.507356e+01 -4.399969e-03 
 2.507395e+01 -4.031192e-03 
 2.507435e+01 -3.721405e-03 
 2.507475e+01 -3.472598e-03 
 2.507515e+01 -3.281349e-03 
 2.507554e+01 -3.148563e-03 
 2.507594e+01 -3.073686e-03 
 2.507634e+01 -3.052424e-03 
 2.507674e+01 -3.079456e-03 
 2.507714e+01 -3.145328e-03 
 2.507753e+01 -3.234880e-03 
 2.507793e+01 -3.334613e-03 
 2.507833e+01 -3.436952e-03 
 2.507873e+01 -3.536182e-03 
 2.507912e+01 -3.633212e-03 
 2.507952e+01 -3.735570e-03 
 2.507992e+01 -3.852555e-03 
 2.508032e+01 -3.996231e-03 
 2.508071e+01 -4.172292e-03 
 2.508111e+01 -4.389719e-03 
 2.508151e+01 -4.651532e-03 
 2.508191e+01 -4.961471e-03 
 2.508231e+01 -5.325430e-03 
 2.508270e+01 -5.746164e-03 
 2.508310e+01 -6.221864e-03 
 2.508350e+01 -6.749909e-03 
 2.508390e+01 -7.321861e-03 
 2.508429e+01 -7.929491e-03 
 2.508469e+01 -8.562234e-03 
 2.508509e+01 -9.209665e-03 
 2.508549e+01 -9.866079e-03 
 2.508588e+01 -1.053173e-02 
 2.508628e+01 -1.121086e-02 
 2.508668e+01 -1.190932e-02 
 2.508708e+01 -1.263006e-02 
 2.508748e+01 -1.337251e-02 
 2.508787e+01 -1.413634e-02 
 2.508827e+01 -1.492430e-02 
 2.508867e+01 -1.573994e-02 
 2.508907e+01 -1.658302e-02 
 2.508946e+01 -1.745776e-02 
 2.508986e+01 -1.836905e-02 
 2.509026e+01 -1.931680e-02 
 2.509066e+01 -2.029865e-02 
 2.509105e+01 -2.130792e-02 
 2.509145e+01 -2.233566e-02 
 2.509185e+01 -2.337355e-02 
 2.509225e+01 -2.441282e-02 
 2.509265e+01 -2.544860e-02 
 2.509304e+01 -2.647384e-02 
 2.509344e+01 -2.748385e-02 
 2.509384e+01 -2.847254e-02 
 2.509424e+01 -2.943909e-02 
 2.509463e+01 -3.038078e-02 
 2.509503e+01 -3.129344e-02 
 2.509543e+01 -3.217109e-02 
 2.509583e+01 -3.300718e-02 
 2.509622e+01 -3.379523e-02 
 2.509662e+01 -3.453234e-02 
 2.509702e+01 -3.522052e-02 
 2.509742e+01 -3.586410e-02 
 2.509782e+01 -3.646884e-02 
 2.509821e+01 -3.704526e-02 
 2.509861e+01 -3.760016e-02 
 2.509901e+01 -3.813989e-02 
 2.509941e+01 -3.866594e-02 
 2.509980e+01 -3.918201e-02 
 2.510020e+01 -3.969023e-02 
 2.510060e+01 -4.019516e-02 
 2.510100e+01 -4.070225e-02 
 2.510139e+01 -4.121303e-02 
 2.510179e+01 -4.172773e-02 
 2.510219e+01 -4.224150e-02 
 2.510259e+01 -4.274577e-02 
 2.510299e+01 -4.322990e-02 
 2.510338e+01 -4.368139e-02 
 2.510378e+01 -4.409171e-02 
 2.510418e+01 -4.445499e-02 
 2.510458e+01 -4.477583e-02 
 2.510497e+01 -4.506034e-02 
 2.510537e+01 -4.531689e-02 
 2.510577e+01 -4.555540e-02 
 2.510617e+01 -4.577755e-02 
 2.510656e+01 -4.597952e-02 
 2.510696e+01 -4.615998e-02 
 2.510736e+01 -4.631370e-02 
 2.510776e+01 -4.643678e-02 
 2.510816e+01 -4.653129e-02 
 2.510855e+01 -4.660235e-02 
 2.510895e+01 -4.664802e-02 
 2.510935e+01 -4.666824e-02 
 2.510975e+01 -4.665539e-02 
 2.511014e+01 -4.659648e-02 
 2.511054e+01 -4.647445e-02 
 2.511094e+01 -4.627307e-02 
 2.511134e+01 -4.598514e-02 
 2.511173e+01 -4.561013e-02 
 2.511213e+01 -4.515278e-02 
 2.511253e+01 -4.461944e-02 
 2.511293e+01 -4.401979e-02 
 2.511333e+01 -4.336151e-02 
 2.511372e+01 -4.264879e-02 
 2.511412e+01 -4.188337e-02 
 2.511452e+01 -4.107016e-02 
 2.511492e+01 -4.021375e-02 
 2.511531e+01 -3.932086e-02 
 2.511571e+01 -3.840202e-02 
 2.511611e+01 -3.746311e-02 
 2.511651e+01 -3.650862e-02 
 2.511690e+01 -3.554294e-02 
 2.511730e+01 -3.456869e-02 
 2.511770e+01 -3.358756e-02 
 2.511810e+01 -3.260406e-02 
 2.511850e+01 -3.162062e-02 
 2.511889e+01 -3.063901e-02 
 2.511929e+01 -2.966336e-02 
 2.511969e+01 -2.869745e-02 
 2.512009e+01 -2.773960e-02 
 2.512048e+01 -2.678665e-02 
 2.512088e+01 -2.583777e-02 
 2.512128e+01 -2.489047e-02 
 2.512168e+01 -2.394104e-02 
 2.512207e+01 -2.298753e-02 
 2.512247e+01 -2.203058e-02 
 2.512287e+01 -2.106935e-02 
 2.512327e+01 -2.010750e-02 
 2.512367e+01 -1.915074e-02 
 2.512406e+01 -1.820467e-02 
 2.512446e+01 -1.727906e-02 
 2.512486e+01 -1.638198e-02 
 2.512526e+01 -1.551841e-02 
 2.512565e+01 -1.469240e-02 
 2.512605e+01 -1.390521e-02 
 2.512645e+01 -1.315615e-02 
 2.512685e+01 -1.244501e-02 
 2.512724e+01 -1.177120e-02 
 2.512764e+01 -1.113207e-02 
 2.512804e+01 -1.052495e-02 
 2.512844e+01 -9.945132e-03 
 2.512884e+01 -9.385019e-03 
 2.512923e+01 -8.837894e-03 
 2.512963e+01 -8.299654e-03 
 2.513003e+01 -7.766602e-03 
 2.513043e+01 -7.243081e-03 
 2.513082e+01 -6.739138e-03 
 2.513122e+01 -6.264312e-03 
 2.513162e+01 -5.832221e-03 
 2.513202e+01 -5.455203e-03 
 2.513241e+01 -5.140789e-03 
 2.513281e+01 -4.889605e-03 
 2.513321e+01 -4.703341e-03 
 2.513361e+01 -4.583147e-03 
 2.513401e+01 -4.531198e-03 
 2.513440e+01 -4.549596e-03 
 2.513480e+01 -4.639099e-03 
 2.513520e+01 -4.792935e-03 
 2.513560e+01 -4.999558e-03 
 2.513599e+01 -5.246483e-03 
 2.513639e+01 -5.520386e-03 
 2.513679e+01 -5.810878e-03 
 2.513719e+01 -6.115071e-03 
 2.513759e+01 -6.433428e-03 
 2.513798e+01 -6.770157e-03 
 2.513838e+01 -7.125993e-03 
 2.513878e+01 -7.496634e-03 
 2.513918e+01 -7.870851e-03 
 2.513957e+01 -8.237596e-03 
 2.513997e+01 -8.586574e-03 
 2.514037e+01 -8.915251e-03 
 2.514077e+01 -9.226524e-03 
 2.514116e+01 -9.525924e-03 
 2.514156e+01 -9.818278e-03 
 2.514196e+01 -1.010467e-02 
 2.514236e+01 -1.038239e-02 
 2.514276e+01 -1.064541e-02 
 2.514315e+01 -1.088971e-02 
 2.514355e+01 -1.111179e-02 
 2.514395e+01 -1.131185e-02 
 2.514435e+01 -1.149217e-02 
 2.514474e+01 -1.165736e-02 
 2.514514e+01 -1.180792e-02 
 2.514554e+01 -1.194220e-02 
 2.514594e+01 -1.205946e-02 
 2.514633e+01 -1.215550e-02 
 2.514673e+01 -1.222714e-02 
 2.514713e+01 -1.226972e-02 
 2.514753e+01 -1.228030e-02 
 2.514793e+01 -1.225775e-02 
 2.514832e+01 -1.220302e-02 
 2.514872e+01 -1.211971e-02 
 2.514912e+01 -1.201540e-02 
 2.514952e+01 -1.189993e-02 
 2.514991e+01 -1.178549e-02 
 2.515031e+01 -1.168279e-02 
 2.515071e+01 -1.159931e-02 
 2.515111e+01 -1.154152e-02 
 2.515150e+01 -1.150832e-02 
 2.515190e+01 -1.149823e-02 
 2.515230e+01 -1.150930e-02 
 2.515270e+01 -1.153706e-02 
 2.515310e+01 -1.158029e-02 
 2.515349e+01 -1.163655e-02 
 2.515389e+01 -1.169805e-02 
 2.515429e+01 -1.175309e-02 
 2.515469e+01 -1.178301e-02 
 2.515508e+01 -1.177353e-02 
 2.515548e+01 -1.171361e-02 
 2.515588e+01 -1.159919e-02 
 2.515628e+01 -1.143366e-02 
 2.515667e+01 -1.122721e-02 
 2.515707e+01 -1.099353e-02 
 2.515747e+01 -1.074342e-02 
 2.515787e+01 -1.048316e-02 
 2.515827e+01 -1.021387e-02 
 2.515866e+01 -9.934490e-03 
 2.515906e+01 -9.644196e-03 
 2.515946e+01 -9.349840e-03 
 2.515986e+01 -9.059435e-03 
 2.516025e+01 -8.778321e-03 
 2.516065e+01 -8.512530e-03 
 2.516105e+01 -8.260429e-03 
 2.516145e+01 -8.015903e-03 
 2.516184e+01 -7.769723e-03 
 2.516224e+01 -7.510937e-03 
 2.516264e+01 -7.233174e-03 
 2.516304e+01 -6.936147e-03 
 2.516344e+01 -6.627223e-03 
 2.516383e+01 -6.310929e-03 
 2.516423e+01 -5.994077e-03 
 2.516463e+01 -5.679155e-03 
 2.516503e+01 -5.367323e-03 
 2.516542e+01 -5.057562e-03 
 2.516582e+01 -4.749404e-03 
 2.516622e+01 -4.445011e-03 
 2.516662e+01 -4.148289e-03 
 2.516701e+01 -3.864027e-03 
 2.516741e+01 -3.596119e-03 
 2.516781e+01 -3.345625e-03 
 2.516821e+01 -3.113102e-03 
 2.516861e+01 -2.899271e-03 
 2.516900e+01 -2.705787e-03 
 2.516940e+01 -2.536215e-03 
 2.516980e+01 -2.392616e-03 
 2.517020e+01 -2.277822e-03 
 2.517059e+01 -2.189809e-03 
 2.517099e+01 -2.123903e-03 
 2.517139e+01 -2.073400e-03 
 2.517179e+01 -2.031550e-03 
 2.517218e+01 -1.992011e-03 
 2.517258e+01 -1.947996e-03 
 2.517298e+01 -1.897106e-03 
 2.517338e+01 -1.834343e-03 
 2.517378e+01 -1.754829e-03 
 2.517417e+01 -1.657433e-03 
 2.517457e+01 -1.546106e-03 
 2.517497e+01 -1.424176e-03 
 2.517537e+01 -1.303467e-03 
 2.517576e+01 -1.200101e-03 
 2.517616e+01 -1.129098e-03 
 2.517656e+01 -1.102531e-03 
 2.517696e+01 -1.129450e-03 
 2.517735e+01 -1.215462e-03 
 2.517775e+01 -1.365938e-03 
 2.517815e+01 -1.583745e-03 
 2.517855e+01 -1.873794e-03 
 2.517895e+01 -2.237451e-03 
 2.517934e+01 -2.673080e-03 
 2.517974e+01 -3.177405e-03 
 2.518014e+01 -3.742313e-03 
 2.518054e+01 -4.354817e-03 
 2.518093e+01 -5.001947e-03 
 2.518133e+01 -5.673282e-03 
 2.518173e+01 -6.368872e-03 
 2.518213e+01 -7.091384e-03 
 2.518252e+01 -7.848486e-03 
 2.518292e+01 -8.648270e-03 
 2.518332e+01 -9.495067e-03 
 2.518372e+01 -1.038405e-02 
 2.518412e+01 -1.131127e-02 
 2.518451e+01 -1.227274e-02 
 2.518491e+01 -1.326338e-02 
 2.518531e+01 -1.428621e-02 
 2.518571e+01 -1.534514e-02 
 2.518610e+01 -1.644563e-02 
 2.518650e+01 -1.758315e-02 
 2.518690e+01 -1.874775e-02 
 2.518730e+01 -1.992534e-02 
 2.518769e+01 -2.109808e-02 
 2.518809e+01 -2.225371e-02 
 2.518849e+01 -2.338689e-02 
 2.518889e+01 -2.450063e-02 
 2.518929e+01 -2.559875e-02 
 2.518968e+01 -2.668360e-02 
 2.519008e+01 -2.775143e-02 
 2.519048e+01 -2.879293e-02 
 2.519088e+01 -2.979573e-02 
 2.519127e+01 -3.075131e-02 
 2.519167e+01 -3.165315e-02 
 2.519207e+01 -3.250518e-02 
 2.519247e+01 -3.331422e-02 
 2.519286e+01 -3.408979e-02 
 2.519326e+01 -3.483902e-02 
 2.519366e+01 -3.556428e-02 
 2.519406e+01 -3.626649e-02 
 2.519446e+01 -3.694585e-02 
 2.519485e+01 -3.760683e-02 
 2.519525e+01 -3.825238e-02 
 2.519565e+01 -3.888711e-02 
 2.519605e+01 -3.951354e-02 
 2.519644e+01 -4.012905e-02 
 2.519684e+01 -4.073399e-02 
 2.519724e+01 -4.132031e-02 
 2.519764e+01 -4.188230e-02 
 2.519803e+01 -4.241452e-02 
 2.519843e+01 -4.291324e-02 
 2.519883e+01 -4.337286e-02 
 2.519923e+01 -4.378593e-02 
 2.519963e+01 -4.414362e-02 
 2.520002e+01 -4.443484e-02 
 2.520042e+01 -4.465652e-02 
 2.520082e+01 -4.481071e-02 
 2.520122e+01 -4.490502e-02 
 2.520161e+01 -4.494981e-02 
 2.520201e+01 -4.495489e-02 
 2.520241e+01 -4.492715e-02 
 2.520281e+01 -4.486831e-02 
 2.520320e+01 -4.477761e-02 
 2.520360e+01 -4.465388e-02 
 2.520400e+01 -4.449508e-02 
 2.520440e+01 -4.430594e-02 
 2.520480e+01 -4.409346e-02 
 2.520519e+01 -4.386143e-02 
 2.520559e+01 -4.360417e-02 
 2.520599e+01 -4.331141e-02 
 2.520639e+01 -4.297122e-02 
 2.520678e+01 -4.257463e-02 
 2.520718e+01 -4.211689e-02 
 2.520758e+01 -4.160516e-02 
 2.520798e+01 -4.105051e-02 
 2.520837e+01 -4.046620e-02 
 2.520877e+01 -3.986441e-02 
 2.520917e+01 -3.925350e-02 
 2.520957e+01 -3.863604e-02 
 2.520997e+01 -3.801006e-02 
 2.521036e+01 -3.737763e-02 
 2.521076e+01 -3.674471e-02 
 2.521116e+01 -3.612415e-02 
 2.521156e+01 -3.552589e-02 
 2.521195e+01 -3.495951e-02 
 2.521235e+01 -3.442588e-02 
 2.521275e+01 -3.392152e-02 
 2.521315e+01 -3.343863e-02 
 2.521354e+01 -3.296599e-02 
 2.521394e+01 -3.249794e-02 
 2.521434e+01 -3.203263e-02 
 2.521474e+01 -3.156988e-02 
 2.521514e+01 -3.110835e-02 
 2.521553e+01 -3.064576e-02 
 2.521593e+01 -3.017635e-02 
 2.521633e+01 -2.969113e-02 
 2.521673e+01 -2.918346e-02 
 2.521712e+01 -2.864946e-02 
 2.521752e+01 -2.808585e-02 
 2.521792e+01 -2.749574e-02 
 2.521832e+01 -2.688127e-02 
 2.521871e+01 -2.624430e-02 
 2.521911e+01 -2.558560e-02 
 2.521951e+01 -2.490481e-02 
 2.521991e+01 -2.420422e-02 
 2.522031e+01 -2.349034e-02 
 2.522070e+01 -2.277245e-02 
 2.522110e+01 -2.206118e-02 
 2.522150e+01 -2.136366e-02 
 2.522190e+01 -2.068553e-02 
 2.522229e+01 -2.002524e-02 
 2.522269e+01 -1.938139e-02 
 2.522309e+01 -1.875070e-02 
 2.522349e+01 -1.813080e-02 
 2.522388e+01 -1.751785e-02 
 2.522428e+01 -1.691093e-02 
 2.522468e+01 -1.630696e-02 
 2.522508e+01 -1.570181e-02 
 2.522548e+01 -1.509361e-02 
 2.522587e+01 -1.448448e-02 
 2.522627e+01 -1.388098e-02 
 2.522667e+01 -1.329420e-02 
 2.522707e+01 -1.274064e-02 
 2.522746e+01 -1.223163e-02 
 2.522786e+01 -1.177682e-02 
 2.522826e+01 -1.137820e-02 
 2.522866e+01 -1.103467e-02 
 2.522906e+01 -1.074529e-02 
 2.522945e+01 -1.051184e-02 
 2.522985e+01 -1.033555e-02 
 2.523025e+01 -1.021963e-02 
 2.523065e+01 -1.016351e-02 
 2.523104e+01 -1.016212e-02 
 2.523144e+01 -1.020352e-02 
 2.523184e+01 -1.027345e-02 
 2.523224e+01 -1.035895e-02 
 2.523263e+01 -1.044739e-02 
 2.523303e+01 -1.053405e-02 
 2.523343e+01 -1.062130e-02 
 2.523383e+01 -1.071221e-02 
 2.523423e+01 -1.081010e-02 
 2.523462e+01 -1.091842e-02 
 2.523502e+01 -1.103226e-02 
 2.523542e+01 -1.114660e-02 
 2.523582e+01 -1.125806e-02 
 2.523621e+01 -1.136712e-02 
 2.523661e+01 -1.148029e-02 
 2.523701e+01 -1.160393e-02 
 2.523741e+01 -1.174528e-02 
 2.523780e+01 -1.190828e-02 
 2.523820e+01 -1.209446e-02 
 2.523860e+01 -1.229911e-02 
 2.523900e+01 -1.251740e-02 
 2.523940e+01 -1.274487e-02 
 2.523979e+01 -1.297846e-02 
 2.524019e+01 -1.321931e-02 
 2.524059e+01 -1.347073e-02 
 2.524099e+01 -1.373517e-02 
 2.524138e+01 -1.401124e-02 
 2.524178e+01 -1.429308e-02 
 2.524218e+01 -1.457320e-02 
 2.524258e+01 -1.484338e-02 
 2.524297e+01 -1.509506e-02 
 2.524337e+01 -1.532408e-02 
 2.524377e+01 -1.552676e-02 
 2.524417e+01 -1.570372e-02 
 2.524457e+01 -1.585610e-02 
 2.524496e+01 -1.598709e-02 
 2.524536e+01 -1.609986e-02 
 2.524576e+01 -1.619845e-02 
 2.524616e+01 -1.628303e-02 
 2.524655e+01 -1.635459e-02 
 2.524695e+01 -1.641297e-02 
 2.524735e+01 -1.645586e-02 
 2.524775e+01 -1.647901e-02 
 2.524814e+01 -1.647812e-02 
 2.524854e+01 -1.645109e-02 
 2.524894e+01 -1.639351e-02 
 2.524934e+01 -1.629933e-02 
 2.524974e+01 -1.616122e-02 
 2.525013e+01 -1.596844e-02 
 2.525053e+01 -1.571378e-02 
 2.525093e+01 -1.538803e-02 
 2.525133e+01 -1.498666e-02 
 2.525172e+01 -1.450837e-02 
 2.525212e+01 -1.395836e-02 
 2.525252e+01 -1.334779e-02 
 2.525292e+01 -1.269495e-02 
 2.525331e+01 -1.201703e-02 
 2.525371e+01 -1.132419e-02 
 2.525411e+01 -1.062345e-02 
 2.525451e+01 -9.921374e-03 
 2.525491e+01 -9.222581e-03 
 2.525530e+01 -8.536498e-03 
 2.525570e+01 -7.872189e-03 
 2.525610e+01 -7.235966e-03 
 2.525650e+01 -6.631907e-03 
 2.525689e+01 -6.060061e-03 
 2.525729e+01 -5.517457e-03 
 2.525769e+01 -4.991452e-03 
 2.525809e+01 -4.472312e-03 
 2.525848e+01 -3.955834e-03 
 2.525888e+01 -3.442350e-03 
 2.525928e+01 -2.939976e-03 
 2.525968e+01 -2.453074e-03 
 2.526008e+01 -1.985963e-03 
 2.526047e+01 -1.538233e-03 
 2.526087e+01 -1.106023e-03 
 2.526127e+01 -6.898628e-04 
 2.526167e+01 -2.898823e-04 
 2.526206e+01  9.075512e-05 
 2.526246e+01  4.492471e-04 
 2.526286e+01  7.793319e-04 
 2.526326e+01  1.077149e-03 
 2.526365e+01  1.342982e-03 
 2.526405e+01  1.577045e-03 
 2.526445e+01  1.784041e-03 
 2.526485e+01  1.967519e-03 
 2.526525e+01  2.127511e-03 
 2.526564e+01  2.261943e-03 
 2.526604e+01  2.371019e-03 
 2.526644e+01  2.455605e-03 
 2.526684e+01  2.517459e-03 
 2.526723e+01  2.560854e-03 
 2.526763e+01  2.589816e-03 
 2.526803e+01  2.607445e-03 
 2.526843e+01  2.618574e-03 
 2.526882e+01  2.626640e-03 
 2.526922e+01  2.634221e-03 
 2.526962e+01  2.640975e-03 
 2.527002e+01  2.645137e-03 
 2.527042e+01  2.644789e-03 
 2.527081e+01  2.633178e-03 
 2.527121e+01  2.600368e-03 
 2.527161e+01  2.535375e-03 
 2.527201e+01  2.426016e-03 
 2.527240e+01  2.262403e-03 
 2.527280e+01  2.037344e-03 
 2.527320e+01  1.747781e-03 
 2.527360e+01  1.392908e-03 
 2.527399e+01  9.718266e-04 
 2.527439e+01  4.870136e-04 
 2.527479e+01 -5.540730e-05 
 2.527519e+01 -6.497668e-04 
 2.527559e+01 -1.285899e-03 
 2.527598e+01 -1.947982e-03 
 2.527638e+01 -2.616844e-03 
 2.527678e+01 -3.281834e-03 
 2.527718e+01 -3.935523e-03 
 2.527757e+01 -4.577578e-03 
 2.527797e+01 -5.214639e-03 
 2.527837e+01 -5.855715e-03 
 2.527877e+01 -6.505732e-03 
 2.527916e+01 -7.165848e-03 
 2.527956e+01 -7.838148e-03 
 2.527996e+01 -8.520649e-03 
 2.528036e+01 -9.214151e-03 
 2.528076e+01 -9.921143e-03 
 2.528115e+01 -1.064957e-02 
 2.528155e+01 -1.140809e-02 
 2.528195e+01 -1.220210e-02 
 2.528235e+01 -1.302942e-02 
 2.528274e+01 -1.388473e-02 
 2.528314e+01 -1.475390e-02 
 2.528354e+01 -1.562906e-02 
 2.528394e+01 -1.650621e-02 
 2.528433e+01 -1.738406e-02 
 2.528473e+01 -1.826478e-02 
 2.528513e+01 -1.915150e-02 
 2.528553e+01 -2.004745e-02 
 2.528593e+01 -2.095211e-02 
 2.528632e+01 -2.186562e-02 
 2.528672e+01 -2.278513e-02 
 2.528712e+01 -2.371032e-02 
 2.528752e+01 -2.464128e-02 
 2.528791e+01 -2.558236e-02 
 2.528831e+01 -2.653877e-02 
 2.528871e+01 -2.751280e-02 
 2.528911e+01 -2.850402e-02 
 2.528950e+01 -2.950970e-02 
 2.528990e+01 -3.052762e-02 
 2.529030e+01 -3.155380e-02 
 2.529070e+01 -3.258688e-02 
 2.529110e+01 -3.362294e-02 
 2.529149e+01 -3.465675e-02 
 2.529189e+01 -3.568229e-02 
 2.529229e+01 -3.669272e-02 
 2.529269e+01 -3.768519e-02 
 2.529308e+01 -3.865294e-02 
 2.529348e+01 -3.958989e-02 
 2.529388e+01 -4.048704e-02 
 2.529428e+01 -4.133394e-02 
 2.529467e+01 -4.211869e-02 
 2.529507e+01 -4.282939e-02 
 2.529547e+01 -4.345530e-02 
 2.529587e+01 -4.398952e-02 
 2.529627e+01 -4.443576e-02 
 2.529666e+01 -4.480211e-02 
 2.529706e+01 -4.510014e-02 
 2.529746e+01 -4.533727e-02 
 2.529786e+01 -4.551889e-02 
 2.529825e+01 -4.564791e-02 
 2.529865e+01 -4.572437e-02 
 2.529905e+01 -4.575013e-02 
 2.529945e+01 -4.572919e-02 
 2.529984e+01 -4.566601e-02 
 2.530024e+01 -4.556604e-02 
 2.530064e+01 -4.543181e-02 
 2.530104e+01 -4.526411e-02 
 2.530144e+01 -4.505670e-02 
 2.530183e+01 -4.479979e-02 
 2.530223e+01 -4.448625e-02 
 2.530263e+01 -4.411243e-02 
 2.530303e+01 -4.367944e-02 
 2.530342e+01 -4.319087e-02 
 2.530382e+01 -4.265426e-02 
 2.530422e+01 -4.207787e-02 
 2.530462e+01 -4.146951e-02 
 2.530501e+01 -4.083381e-02 
 2.530541e+01 -4.017614e-02 
 2.530581e+01 -3.950154e-02 
 2.530621e+01 -3.881644e-02 
 2.530661e+01 -3.813119e-02 
 2.530700e+01 -3.745608e-02 
 2.530740e+01 -3.679715e-02 
 2.530780e+01 -3.615281e-02 
 2.530820e+01 -3.551595e-02 
 2.530859e+01 -3.487753e-02 
 2.530899e+01 -3.422762e-02 
 2.530939e+01 -3.356085e-02 
 2.530979e+01 -3.287624e-02 
 2.531018e+01 -3.217356e-02 
 2.531058e+01 -3.145525e-02 
 2.531098e+01 -3.072496e-02 
 2.531138e+01 -2.998426e-02 
 2.531178e+01 -2.923388e-02 
 2.531217e+01 -2.847141e-02 
 2.531257e+01 -2.769925e-02 
 2.531297e+01 -2.691780e-02 
 2.531337e+01 -2.613291e-02 
 2.531376e+01 -2.534881e-02 
 2.531416e+01 -2.456872e-02 
 2.531456e+01 -2.379830e-02 
 2.531496e+01 -2.304330e-02 
 2.531535e+01 -2.231421e-02 
 2.531575e+01 -2.161891e-02 
 2.531615e+01 -2.096723e-02 
 2.531655e+01 -2.036536e-02 
 2.531695e+01 -1.981860e-02 
 2.531734e+01 -1.933050e-02 
 2.531774e+01 -1.890082e-02 
 2.531814e+01 -1.852851e-02 
 2.531854e+01 -1.821074e-02 
 2.531893e+01 -1.794485e-02 
 2.531933e+01 -1.772739e-02 
 2.531973e+01 -1.755251e-02 
 2.532013e+01 -1.740989e-02 
 2.532053e+01 -1.728800e-02 
 2.532092e+01 -1.717830e-02 
 2.532132e+01 -1.707609e-02 
 2.532172e+01 -1.698066e-02 
 2.532212e+01 -1.689375e-02 
 2.532251e+01 -1.682025e-02 
 2.532291e+01 -1.676595e-02 
 2.532331e+01 -1.673704e-02 
 2.532371e+01 -1.673537e-02 
 2.532410e+01 -1.675845e-02 
 2.532450e+01 -1.680462e-02 
 2.532490e+01 -1.687579e-02 
 2.532530e+01 -1.697431e-02 
 2.532570e+01 -1.710393e-02 
 2.532609e+01 -1.726514e-02 
 2.532649e+01 -1.745030e-02 
 2.532689e+01 -1.764312e-02 
 2.532729e+01 -1.782750e-02 
 2.532768e+01 -1.798883e-02 
 2.532808e+01 -1.811627e-02 
 2.532848e+01 -1.820402e-02 
 2.532888e+01 -1.825543e-02 
 2.532927e+01 -1.827752e-02 
 2.532967e+01 -1.827855e-02 
 2.533007e+01 -1.826419e-02 
 2.533047e+01 -1.823830e-02 
 2.533087e+01 -1.820164e-02 
 2.533126e+01 -1.815721e-02 
 2.533166e+01 -1.811053e-02 
 2.533206e+01 -1.806786e-02 
 2.533246e+01 -1.803805e-02 
 2.533285e+01 -1.802859e-02 
 2.533325e+01 -1.804437e-02 
 2.533365e+01 -1.808729e-02 
 2.533405e+01 -1.815919e-02 
 2.533444e+01 -1.825511e-02 
 2.533484e+01 -1.837397e-02 
 2.533524e+01 -1.850996e-02 
 2.533564e+01 -1.865997e-02 
 2.533604e+01 -1.882178e-02 
 2.533643e+01 -1.899334e-02 
 2.533683e+01 -1.917013e-02 
 2.533723e+01 -1.934702e-02 
 2.533763e+01 -1.952060e-02 
 2.533802e+01 -1.968604e-02 
 2.533842e+01 -1.983969e-02 
 2.533882e+01 -1.998010e-02 
 2.533922e+01 -2.010121e-02 
 2.533961e+01 -2.019751e-02 
 2.534001e+01 -2.026704e-02 
 2.534041e+01 -2.031044e-02 
 2.534081e+01 -2.032758e-02 
 2.534121e+01 -2.032129e-02 
 2.534160e+01 -2.029488e-02 
 2.534200e+01 -2.025193e-02 
 2.534240e+01 -2.019390e-02 
 2.534280e+01 -2.012083e-02 
 2.534319e+01 -2.002879e-02 
 2.534359e+01 -1.991379e-02 
 2.534399e+01 -1.977406e-02 
 2.534439e+01 -1.960959e-02 
 2.534478e+01 -1.942104e-02 
 2.534518e+01 -1.920470e-02 
 2.534558e+01 -1.895226e-02 
 2.534598e+01 -1.865452e-02 
 2.534638e+01 -1.830128e-02 
 2.534677e+01 -1.788446e-02 
 2.534717e+01 -1.740176e-02 
 2.534757e+01 -1.685869e-02 
 2.534797e+01 -1.626537e-02 
 2.534836e+01 -1.563694e-02 
 2.534876e+01 -1.498770e-02 
 2.534916e+01 -1.432545e-02 
 2.534956e+01 -1.365550e-02 
 2.534995e+01 -1.298159e-02 
 2.535035e+01 -1.230859e-02 
 2.535075e+01 -1.164190e-02 
 2.535115e+01 -1.098704e-02 
 2.535155e+01 -1.034786e-02 
 2.535194e+01 -9.724122e-03 
 2.535234e+01 -9.111588e-03 
 2.535274e+01 -8.501835e-03 
 2.535314e+01 -7.882749e-03 
 2.535353e+01 -7.241779e-03 
 2.535393e+01 -6.568640e-03 
 2.535433e+01 -5.861855e-03 
 2.535473e+01 -5.123851e-03 
 2.535512e+01 -4.359089e-03 
 2.535552e+01 -3.572215e-03 
 2.535592e+01 -2.765755e-03 
 2.535632e+01 -1.940516e-03 
 2.535672e+01 -1.099874e-03 
 2.535711e+01 -2.501116e-04 
 2.535751e+01  6.022329e-04 
 2.535791e+01  1.450333e-03 
 2.535831e+01  2.287164e-03 
 2.535870e+01  3.104361e-03 
 2.535910e+01  3.898412e-03 
 2.535950e+01  4.669766e-03 
 2.535990e+01  5.419666e-03 
 2.536029e+01  6.146718e-03 
 2.536069e+01  6.847976e-03 
 2.536109e+01  7.514847e-03 
 2.536149e+01  8.138558e-03 
 2.536189e+01  8.714378e-03 
 2.536228e+01  9.240329e-03 
 2.536268e+01  9.713771e-03 
 2.536308e+01  1.013544e-02 
 2.536348e+01  1.050568e-02 
 2.536387e+01  1.082386e-02 
 2.536427e+01  1.109022e-02 
 2.536467e+01  1.130596e-02 
 2.536507e+01  1.147030e-02 
 2.536546e+01  1.158321e-02 
 2.536586e+01  1.164306e-02 
 2.536626e+01  1.164652e-02 
 2.536666e+01  1.158621e-02 
 2.536706e+01  1.145171e-02 
 2.536745e+01  1.123451e-02 
 2.536785e+01  1.092645e-02 
 2.536825e+01  1.052662e-02 
 2.536865e+01  1.003570e-02 
 2.536904e+01  9.459148e-03 
 2.536944e+01  8.800387e-03 
 2.536984e+01  8.061316e-03 
 2.537024e+01  7.245192e-03 
 2.537063e+01  6.357692e-03 
 2.537103e+01  5.410296e-03 
 2.537143e+01  4.417430e-03 
 2.537183e+01  3.401576e-03 
 2.537223e+01  2.382546e-03 
 2.537262e+01  1.373903e-03 
 2.537302e+01  3.832953e-04 
 2.537342e+01 -5.940765e-04 
 2.537382e+01 -1.564301e-03 
 2.537421e+01 -2.538918e-03 
 2.537461e+01 -3.521665e-03 
 2.537501e+01 -4.512295e-03 
 2.537541e+01 -5.510705e-03 
 2.537580e+01 -6.516457e-03 
 2.537620e+01 -7.532273e-03 
 2.537660e+01 -8.565348e-03 
 2.537700e+01 -9.625432e-03 
 2.537740e+01 -1.071736e-02 
 2.537779e+01 -1.183890e-02 
 2.537819e+01 -1.298346e-02 
 2.537859e+01 -1.413714e-02 
 2.537899e+01 -1.528504e-02 
 2.537938e+01 -1.642008e-02 
 2.537978e+01 -1.753873e-02 
 2.538018e+01 -1.864233e-02 
 2.538058e+01 -1.973351e-02 
 2.538097e+01 -2.081400e-02 
 2.538137e+01 -2.188059e-02 
 2.538177e+01 -2.293178e-02 
 2.538217e+01 -2.396173e-02 
 2.538257e+01 -2.497003e-02 
 2.538296e+01 -2.595627e-02 
 2.538336e+01 -2.692164e-02 
 2.538376e+01 -2.786961e-02 
 2.538416e+01 -2.880239e-02 
 2.538455e+01 -2.971910e-02 
 2.538495e+01 -3.061768e-02 
 2.538535e+01 -3.149583e-02 
 2.538575e+01 -3.235174e-02 
 2.538614e+01 -3.318454e-02 
 2.538654e+01 -3.399310e-02 
 2.538694e+01 -3.477489e-02 
 2.538734e+01 -3.552480e-02 
 2.538774e+01 -3.623794e-02 
 2.538813e+01 -3.691224e-02 
 2.538853e+01 -3.754166e-02 
 2.538893e+01 -3.812276e-02 
 2.538933e+01 -3.865352e-02 
 2.538972e+01 -3.913236e-02 
 2.539012e+01 -3.955609e-02 
 2.539052e+01 -3.992141e-02 
 2.539092e+01 -4.022353e-02 
 2.539131e+01 -4.045773e-02 
 2.539171e+01 -4.062393e-02 
 2.539211e+01 -4.072948e-02 
 2.539251e+01 -4.078569e-02 
 2.539291e+01 -4.080557e-02 
 2.539330e+01 -4.080086e-02 
 2.539370e+01 -4.077770e-02 
 2.539410e+01 -4.074248e-02 
 2.539450e+01 -4.069656e-02 
 2.539489e+01 -4.064175e-02 
 2.539529e+01 -4.058239e-02 
 2.539569e+01 -4.052264e-02 
 2.539609e+01 -4.046550e-02 
 2.539648e+01 -4.041025e-02 
 2.539688e+01 -4.035041e-02 
 2.539728e+01 -4.027334e-02 
 2.539768e+01 -4.016381e-02 
 2.539808e+01 -4.000975e-02 
 2.539847e+01 -3.980493e-02 
 2.539887e+01 -3.955071e-02 
 2.539927e+01 -3.925300e-02 
 2.539967e+01 -3.892164e-02 
 2.540006e+01 -3.856229e-02 
 2.540046e+01 -3.817977e-02 
 2.540086e+01 -3.777471e-02 
 2.540126e+01 -3.734546e-02 
 2.540165e+01 -3.689360e-02 
 2.540205e+01 -3.642207e-02 
 2.540245e+01 -3.593863e-02 
 2.540285e+01 -3.544851e-02 
 2.540325e+01 -3.495404e-02 
 2.540364e+01 -3.445033e-02 
 2.540404e+01 -3.392768e-02 
 2.540444e+01 -3.337687e-02 
 2.540484e+01 -3.279272e-02 
 2.540523e+01 -3.217121e-02 
 2.540563e+01 -3.151384e-02 
 2.540603e+01 -3.082439e-02 
 2.540643e+01 -3.010741e-02 
 2.540682e+01 -2.936871e-02 
 2.540722e+01 -2.860944e-02 
 2.540762e+01 -2.783017e-02 
 2.540802e+01 -2.703243e-02 
 2.540842e+01 -2.622288e-02 
 2.540881e+01 -2.541264e-02 
 2.540921e+01 -2.461372e-02 
 2.540961e+01 -2.383482e-02 
 2.541001e+01 -2.308458e-02 
 2.541040e+01 -2.236703e-02 
 2.541080e+01 -2.168776e-02 
 2.541120e+01 -2.105312e-02 
 2.541160e+01 -2.047007e-02 
 2.541199e+01 -1.994328e-02 
 2.541239e+01 -1.947561e-02 
 2.541279e+01 -1.907336e-02 
 2.541319e+01 -1.873660e-02 
 2.541359e+01 -1.846475e-02 
 2.541398e+01 -1.825500e-02 
 2.541438e+01 -1.810657e-02 
 2.541478e+01 -1.801429e-02 
 2.541518e+01 -1.797344e-02 
 2.541557e+01 -1.797510e-02 
 2.541597e+01 -1.800838e-02 
 2.541637e+01 -1.806486e-02 
 2.541677e+01 -1.813222e-02 
 2.541717e+01 -1.820793e-02 
 2.541756e+01 -1.829368e-02 
 2.541796e+01 -1.839356e-02 
 2.541836e+01 -1.851357e-02 
 2.541876e+01 -1.866496e-02 
 2.541915e+01 -1.885396e-02 
 2.541955e+01 -1.908244e-02 
 2.541995e+01 -1.935158e-02 
 2.542035e+01 -1.965871e-02 
 2.542074e+01 -2.000130e-02 
 2.542114e+01 -2.037915e-02 
 2.542154e+01 -2.079200e-02 
 2.542194e+01 -2.123844e-02 
 2.542234e+01 -2.171501e-02 
 2.542273e+01 -2.221267e-02 
 2.542313e+01 -2.271963e-02 
 2.542353e+01 -2.322316e-02 
 2.542393e+01 -2.370916e-02 
 2.542432e+01 -2.417303e-02 
 2.542472e+01 -2.461687e-02 
 2.542512e+01 -2.504868e-02 
 2.542552e+01 -2.547530e-02 
 2.542591e+01 -2.590207e-02 
 2.542631e+01 -2.632862e-02 
 2.542671e+01 -2.675159e-02 
 2.542711e+01 -2.716674e-02 
 2.542751e+01 -2.757585e-02 
 2.542790e+01 -2.798498e-02 
 2.542830e+01 -2.840038e-02 
 2.542870e+01 -2.883090e-02 
 2.542910e+01 -2.927690e-02 
 2.542949e+01 -2.973245e-02 
 2.542989e+01 -3.018291e-02 
 2.543029e+01 -3.061378e-02 
 2.543069e+01 -3.101194e-02 
 2.543108e+01 -3.136662e-02 
 2.543148e+01 -3.167557e-02 
 2.543188e+01 -3.193691e-02 
 2.543228e+01 -3.214899e-02 
 2.543268e+01 -3.230738e-02 
 2.543307e+01 -3.240375e-02 
 2.543347e+01 -3.243011e-02 
 2.543387e+01 -3.238141e-02 
 2.543427e+01 -3.225628e-02 
 2.543466e+01 -3.205278e-02 
 2.543506e+01 -3.177396e-02 
 2.543546e+01 -3.141890e-02 
 2.543586e+01 -3.098897e-02 
 2.543625e+01 -3.049105e-02 
 2.543665e+01 -2.992744e-02 
 2.543705e+01 -2.930669e-02 
 2.543745e+01 -2.863821e-02 
 2.543785e+01 -2.793387e-02 
 2.543824e+01 -2.720251e-02 
 2.543864e+01 -2.645024e-02 
 2.543904e+01 -2.567754e-02 
 2.543944e+01 -2.488194e-02 
 2.543983e+01 -2.406575e-02 
 2.544023e+01 -2.323039e-02 
 2.544063e+01 -2.237609e-02 
 2.544103e+01 -2.150565e-02 
 2.544142e+01 -2.061628e-02 
 2.544182e+01 -1.970393e-02 
 2.544222e+01 -1.876278e-02 
 2.544262e+01 -1.779144e-02 
 2.544302e+01 -1.678795e-02 
 2.544341e+01 -1.575813e-02 
 2.544381e+01 -1.471496e-02 
 2.544421e+01 -1.367301e-02 
 2.544461e+01 -1.264104e-02 
 2.544500e+01 -1.162943e-02 
 2.544540e+01 -1.063998e-02 
 2.544580e+01 -9.676177e-03 
 2.544620e+01 -8.737035e-03 
 2.544659e+01 -7.826486e-03 
 2.544699e+01 -6.949847e-03 
 2.544739e+01 -6.109746e-03 
 2.544779e+01 -5.303982e-03 
 2.544819e+01 -4.525780e-03 
 2.544858e+01 -3.763402e-03 
 2.544898e+01 -3.002243e-03 
 2.544938e+01 -2.227967e-03 
 2.544978e+01 -1.431966e-03 
 2.545017e+01 -6.157492e-04 
 2.545057e+01  2.203724e-04 
 2.545097e+01  1.067956e-03 
 2.545137e+01  1.919072e-03 
 2.545176e+01  2.769618e-03 
 2.545216e+01  3.616946e-03 
 2.545256e+01  4.456204e-03 
 2.545296e+01  5.284105e-03 
 2.545336e+01  6.096996e-03 
 2.545375e+01  6.884165e-03 
 2.545415e+01  7.633894e-03 
 2.545455e+01  8.338277e-03 
 2.545495e+01  8.992406e-03 
 2.545534e+01  9.596968e-03 
 2.545574e+01  1.015434e-02 
 2.545614e+01  1.066688e-02 
 2.545654e+01  1.113443e-02 
 2.545693e+01  1.155240e-02 
 2.545733e+01  1.191844e-02 
 2.545773e+01  1.222785e-02 
 2.545813e+01  1.248088e-02 
 2.545853e+01  1.267799e-02 
 2.545892e+01  1.282351e-02 
 2.545932e+01  1.292516e-02 
 2.545972e+01  1.298623e-02 
 2.546012e+01  1.300727e-02 
 2.546051e+01  1.298702e-02 
 2.546091e+01  1.292468e-02 
 2.546131e+01  1.281773e-02 
 2.546171e+01  1.266780e-02 
 2.546210e+01  1.247498e-02 
 2.546250e+01  1.223630e-02 
 2.546290e+01  1.194793e-02 
 2.546330e+01  1.160739e-02 
 2.546370e+01  1.121193e-02 
 2.546409e+01  1.076031e-02 
 2.546449e+01  1.025412e-02 
 2.546489e+01  9.694350e-03 
 2.546529e+01  9.080132e-03 
 2.546568e+01  8.415310e-03 
 2.546608e+01  7.701658e-03 
 2.546648e+01  6.943944e-03 
 2.546688e+01  6.150920e-03 
 2.546727e+01  5.331909e-03 
 2.546767e+01  4.498173e-03 
 2.546807e+01  3.659377e-03 
 2.546847e+01  2.819091e-03 
 2.546887e+01  1.977169e-03 
 2.546926e+01  1.126223e-03 
 2.546966e+01  2.583008e-04 
 2.547006e+01 -6.357413e-04 
 2.547046e+01 -1.562962e-03 
 2.547085e+01 -2.527120e-03 
 2.547125e+01 -3.530683e-03 
 2.547165e+01 -4.574894e-03 
 2.547205e+01 -5.661552e-03 
 2.547244e+01 -6.797273e-03 
 2.547284e+01 -7.984974e-03 
 2.547324e+01 -9.225201e-03 
 2.547364e+01 -1.051648e-02 
 2.547404e+01 -1.184957e-02 
 2.547443e+01 -1.320944e-02 
 2.547483e+01 -1.458016e-02 
 2.547523e+01 -1.594649e-02 
 2.547563e+01 -1.729565e-02 
 2.547602e+01 -1.862036e-02 
 2.547642e+01 -1.992115e-02 
 2.547682e+01 -2.119656e-02 
 2.547722e+01 -2.244614e-02 
 2.547761e+01 -2.366738e-02 
 2.547801e+01 -2.485602e-02 
 2.547841e+01 -2.600558e-02 
 2.547881e+01 -2.710961e-02 
 2.547921e+01 -2.816495e-02 
 2.547960e+01 -2.917291e-02 
 2.548000e+01 -3.013462e-02 
 2.548040e+01 -3.105238e-02 
 2.548080e+01 -3.192757e-02 
 2.548119e+01 -3.275719e-02 
 2.548159e+01 -3.353456e-02 
 2.548199e+01 -3.425349e-02 
 2.548239e+01 -3.490825e-02 
 2.548278e+01 -3.549589e-02 
 2.548318e+01 -3.601512e-02 
 2.548358e+01 -3.646897e-02 
 2.548398e+01 -3.686075e-02 
 2.548438e+01 -3.718636e-02 
 2.548477e+01 -3.744387e-02 
 2.548517e+01 -3.763054e-02 
 2.548557e+01 -3.774516e-02 
 2.548597e+01 -3.778708e-02 
 2.548636e+01 -3.776160e-02 
 2.548676e+01 -3.767242e-02 
 2.548716e+01 -3.752389e-02 
 2.548756e+01 -3.732231e-02 
 2.548795e+01 -3.707446e-02 
 2.548835e+01 -3.678615e-02 
 2.548875e+01 -3.646500e-02 
 2.548915e+01 -3.612023e-02 
 2.548955e+01 -3.575886e-02 
 2.548994e+01 -3.538941e-02 
 2.549034e+01 -3.501559e-02 
 2.549074e+01 -3.463914e-02 
 2.549114e+01 -3.425859e-02 
 2.549153e+01 -3.387470e-02 
 2.549193e+01 -3.348548e-02 
 2.549233e+01 -3.308856e-02 
 2.549273e+01 -3.267901e-02 
 2.549312e+01 -3.225053e-02 
 2.549352e+01 -3.179425e-02 
 2.549392e+01 -3.130409e-02 
 2.549432e+01 -3.077537e-02 
 2.549472e+01 -3.020965e-02 
 2.549511e+01 -2.961190e-02 
 2.549551e+01 -2.898867e-02 
 2.549591e+01 -2.834912e-02 
 2.549631e+01 -2.770599e-02 
 2.549670e+01 -2.706874e-02 
 2.549710e+01 -2.644231e-02 
 2.549750e+01 -2.583448e-02 
 2.549790e+01 -2.525162e-02 
 2.549829e+01 -2.470033e-02 
 2.549869e+01 -2.418748e-02 
 2.549909e+01 -2.371563e-02 
 2.549949e+01 -2.328596e-02 
 2.549989e+01 -2.289350e-02 
 2.550028e+01 -2.253213e-02 
 2.550068e+01 -2.219385e-02 
 2.550108e+01 -2.187151e-02 
 2.550148e+01 -2.156095e-02 
 2.550187e+01 -2.126490e-02 
 2.550227e+01 -2.098869e-02 
 2.550267e+01 -2.073979e-02 
 2.550307e+01 -2.052314e-02 
 2.550346e+01 -2.033915e-02 
 2.550386e+01 -2.018760e-02 
 2.550426e+01 -2.006896e-02 
 2.550466e+01 -1.998601e-02 
 2.550506e+01 -1.994248e-02 
 2.550545e+01 -1.994449e-02 
 2.550585e+01 -1.999669e-02 
 2.550625e+01 -2.010408e-02 
 2.550665e+01 -2.026566e-02 
 2.550704e+01 -2.047647e-02 
 2.550744e+01 -2.072974e-02 
 2.550784e+01 -2.101961e-02 
 2.550824e+01 -2.134228e-02 
 2.550864e+01 -2.169584e-02 
 2.550903e+01 -2.208070e-02 
 2.550943e+01 -2.249272e-02 
 2.550983e+01 -2.292469e-02 
 2.551023e+01 -2.337042e-02 
 2.551062e+01 -2.381938e-02 
 2.551102e+01 -2.425997e-02 
 2.551142e+01 -2.468496e-02 
 2.551182e+01 -2.508617e-02 
 2.551221e+01 -2.546161e-02 
 2.551261e+01 -2.581177e-02 
 2.551301e+01 -2.614026e-02 
 2.551341e+01 -2.645241e-02 
 2.551381e+01 -2.675229e-02 
 2.551420e+01 -2.704634e-02 
 2.551460e+01 -2.734061e-02 
 2.551500e+01 -2.763849e-02 
 2.551540e+01 -2.794384e-02 
 2.551579e+01 -2.826095e-02 
 2.551619e+01 -2.859555e-02 
 2.551659e+01 -2.895286e-02 
 2.551699e+01 -2.933706e-02 
 2.551738e+01 -2.974952e-02 
 2.551778e+01 -3.018755e-02 
 2.551818e+01 -3.064401e-02 
 2.551858e+01 -3.110892e-02 
 2.551898e+01 -3.157073e-02 
 2.551937e+01 -3.201623e-02 
 2.551977e+01 -3.243870e-02 
 2.552017e+01 -3.283360e-02 
 2.552057e+01 -3.320090e-02 
 2.552096e+01 -3.354585e-02 
 2.552136e+01 -3.387418e-02 
 2.552176e+01 -3.419035e-02 
 2.552216e+01 -3.449812e-02 
 2.552255e+01 -3.479858e-02 
 2.552295e+01 -3.509303e-02 
 2.552335e+01 -3.538085e-02 
 2.552375e+01 -3.566225e-02 
 2.552415e+01 -3.594024e-02 
 2.552454e+01 -3.621588e-02 
 2.552494e+01 -3.648813e-02 
 2.552534e+01 -3.675110e-02 
 2.552574e+01 -3.699574e-02 
 2.552613e+01 -3.720961e-02 
 2.552653e+01 -3.738038e-02 
 2.552693e+01 -3.749829e-02 
 2.552733e+01 -3.755647e-02 
 2.552772e+01 -3.755128e-02 
 2.552812e+01 -3.748305e-02 
 2.552852e+01 -3.735130e-02 
 2.552892e+01 -3.715745e-02 
 2.552932e+01 -3.689866e-02 
 2.552971e+01 -3.657487e-02 
 2.553011e+01 -3.618405e-02 
 2.553051e+01 -3.572624e-02 
 2.553091e+01 -3.520508e-02 
 2.553130e+01 -3.462784e-02 
 2.553170e+01 -3.400071e-02 
 2.553210e+01 -3.333081e-02 
 2.553250e+01 -3.262600e-02 
 2.553289e+01 -3.189017e-02 
 2.553329e+01 -3.112362e-02 
 2.553369e+01 -3.032828e-02 
 2.553409e+01 -2.950680e-02 
 2.553449e+01 -2.865995e-02 
 2.553488e+01 -2.779203e-02 
 2.553528e+01 -2.690799e-02 
 2.553568e+01 -2.601001e-02 
 2.553608e+01 -2.509673e-02 
 2.553647e+01 -2.416342e-02 
 2.553687e+01 -2.320419e-02 
 2.553727e+01 -2.221210e-02 
 2.553767e+01 -2.117998e-02 
 2.553806e+01 -2.010431e-02 
 2.553846e+01 -1.898429e-02 
 2.553886e+01 -1.782109e-02 
 2.553926e+01 -1.661735e-02 
 2.553966e+01 -1.537883e-02 
 2.554005e+01 -1.411464e-02 
 2.554045e+01 -1.283227e-02 
 2.554085e+01 -1.154063e-02 
 2.554125e+01 -1.024970e-02 
 2.554164e+01 -8.965989e-03 
 2.554204e+01 -7.697703e-03 
 2.554244e+01 -6.452622e-03 
 2.554284e+01 -5.233686e-03 
 2.554323e+01 -4.039344e-03 
 2.554363e+01 -2.866678e-03 
 2.554403e+01 -1.711256e-03 
 2.554443e+01 -5.664024e-04 
 2.554483e+01  5.722312e-04 
 2.554522e+01  1.706994e-03 
 2.554562e+01  2.838632e-03 
 2.554602e+01  3.964695e-03 
 2.554642e+01  5.079853e-03 
 2.554681e+01  6.177212e-03 
 2.554721e+01  7.248877e-03 
 2.554761e+01  8.285555e-03 
 2.554801e+01  9.274723e-03 
 2.554840e+01  1.020576e-02 
 2.554880e+01  1.106866e-02 
 2.554920e+01  1.185477e-02 
 2.554960e+01  1.255661e-02 
 2.555000e+01  1.316696e-02 
 2.555039e+01  1.368030e-02 
 2.555079e+01  1.409353e-02 
 2.555119e+01  1.440865e-02 
 2.555159e+01  1.462985e-02 
 2.555198e+01  1.476658e-02 
 2.555238e+01  1.482780e-02 
 2.555278e+01  1.481991e-02 
 2.555318e+01  1.474773e-02 
 2.555357e+01  1.461045e-02 
 2.555397e+01  1.440503e-02 
 2.555437e+01  1.413082e-02 
 2.555477e+01  1.379289e-02 
 2.555517e+01  1.340040e-02 
 2.555556e+01  1.296444e-02 
 2.555596e+01  1.249559e-02 
 2.555636e+01  1.199701e-02 
 2.555676e+01  1.146872e-02 
 2.555715e+01  1.091064e-02 
 2.555755e+01  1.031863e-02 
 2.555795e+01  9.692225e-03 
 2.555835e+01  9.032373e-03 
 2.555874e+01  8.342292e-03 
 2.555914e+01  7.627498e-03 
 2.555954e+01  6.889977e-03 
 2.555994e+01  6.130259e-03 
 2.556034e+01  5.343345e-03 
 2.556073e+01  4.526182e-03 
 2.556113e+01  3.679590e-03 
 2.556153e+01  2.807158e-03 
 2.556193e+01  1.918498e-03 
 2.556232e+01  1.018672e-03 
 2.556272e+01  1.166206e-04 
 2.556312e+01 -7.793565e-04 
 2.556352e+01 -1.662422e-03 
 2.556391e+01 -2.530392e-03 
 2.556431e+01 -3.383402e-03 
 2.556471e+01 -4.219621e-03 
 2.556511e+01 -5.042970e-03 
 2.556551e+01 -5.857024e-03 
 2.556590e+01 -6.664556e-03 
 2.556630e+01 -7.473023e-03 
 2.556670e+01 -8.289202e-03 
 2.556710e+01 -9.119783e-03 
 2.556749e+01 -9.968051e-03 
 2.556789e+01 -1.083656e-02 
 2.556829e+01 -1.172786e-02 
 2.556869e+01 -1.263829e-02 
 2.556908e+01 -1.356531e-02 
 2.556948e+01 -1.450139e-02 
 2.556988e+01 -1.543594e-02 
 2.557028e+01 -1.635466e-02 
 2.557068e+01 -1.724465e-02 
 2.557107e+01 -1.809238e-02 
 2.557147e+01 -1.888898e-02 
 2.557187e+01 -1.962923e-02 
 2.557227e+01 -2.031455e-02 
 2.557266e+01 -2.094885e-02 
 2.557306e+01 -2.153714e-02 
 2.557346e+01 -2.208420e-02 
 2.557386e+01 -2.259339e-02 
 2.557425e+01 -2.306503e-02 
 2.557465e+01 -2.350044e-02 
 2.557505e+01 -2.390250e-02 
 2.557545e+01 -2.427539e-02 
 2.557585e+01 -2.462309e-02 
 2.557624e+01 -2.494940e-02 
 2.557664e+01 -2.525953e-02 
 2.557704e+01 -2.555317e-02 
 2.557744e+01 -2.582667e-02 
 2.557783e+01 -2.607544e-02 
 2.557823e+01 -2.629456e-02 
 2.557863e+01 -2.648241e-02 
 2.557903e+01 -2.664090e-02 
 2.557942e+01 -2.677538e-02 
 2.557982e+01 -2.689001e-02 
 2.558022e+01 -2.698820e-02 
 2.558062e+01 -2.707027e-02 
 2.558102e+01 -2.713577e-02 
 2.558141e+01 -2.718133e-02 
 2.558181e+01 -2.720293e-02 
 2.558221e+01 -2.720171e-02 
 2.558261e+01 -2.717838e-02 
 2.558300e+01 -2.713813e-02 
 2.558340e+01 -2.708385e-02 
 2.558380e+01 -2.701651e-02 
 2.558420e+01 -2.693609e-02 
 2.558459e+01 -2.684094e-02 
 2.558499e+01 -2.673399e-02 
 2.558539e+01 -2.661755e-02 
 2.558579e+01 -2.649412e-02 
 2.558619e+01 -2.636846e-02 
 2.558658e+01 -2.624057e-02 
 2.558698e+01 -2.611107e-02 
 2.558738e+01 -2.597401e-02 
 2.558778e+01 -2.582421e-02 
 2.558817e+01 -2.565382e-02 
 2.558857e+01 -2.545195e-02 
 2.558897e+01 -2.521102e-02 
 2.558937e+01 -2.492295e-02 
 2.558976e+01 -2.458557e-02 
 2.559016e+01 -2.419779e-02 
 2.559056e+01 -2.376378e-02 
 2.559096e+01 -2.329316e-02 
 2.559136e+01 -2.279579e-02 
 2.559175e+01 -2.228500e-02 
 2.559215e+01 -2.177099e-02 
 2.559255e+01 -2.126317e-02 
 2.559295e+01 -2.076989e-02 
 2.559334e+01 -2.030067e-02 
 2.559374e+01 -1.986608e-02 
 2.559414e+01 -1.947509e-02 
 2.559454e+01 -1.913496e-02 
 2.559493e+01 -1.884954e-02 
 2.559533e+01 -1.861360e-02 
 2.559573e+01 -1.842225e-02 
 2.559613e+01 -1.826631e-02 
 2.559653e+01 -1.813961e-02 
 2.559692e+01 -1.803455e-02 
 2.559732e+01 -1.795264e-02 
 2.559772e+01 -1.789712e-02 
 2.559812e+01 -1.787268e-02 
 2.559851e+01 -1.788612e-02 
 2.559891e+01 -1.794195e-02 
 2.559931e+01 -1.803861e-02 
 2.559971e+01 -1.817758e-02 
 2.560011e+01 -1.836000e-02 
 2.560050e+01 -1.858913e-02 
 2.560090e+01 -1.886747e-02 
 2.560130e+01 -1.919789e-02 
 2.560170e+01 -1.958341e-02 
 2.560209e+01 -2.002450e-02 
 2.560249e+01 -2.051619e-02 
 2.560289e+01 -2.105235e-02 
 2.560329e+01 -2.162719e-02 
 2.560368e+01 -2.223231e-02 
 2.560408e+01 -2.286134e-02 
 2.560448e+01 -2.351265e-02 
 2.560488e+01 -2.418287e-02 
 2.560528e+01 -2.487003e-02 
 2.560567e+01 -2.556950e-02 
 2.560607e+01 -2.627912e-02 
 2.560647e+01 -2.699411e-02 
 2.560687e+01 -2.770756e-02 
 2.560726e+01 -2.841253e-02 
 2.560766e+01 -2.910514e-02 
 2.560806e+01 -2.978187e-02 
 2.560846e+01 -3.044318e-02 
 2.560885e+01 -3.109426e-02 
 2.560925e+01 -3.173924e-02 
 2.560965e+01 -3.238311e-02 
 2.561005e+01 -3.303093e-02 
 2.561045e+01 -3.368503e-02 
 2.561084e+01 -3.434700e-02 
 2.561124e+01 -3.502155e-02 
 2.561164e+01 -3.571204e-02 
 2.561204e+01 -3.642288e-02 
 2.561243e+01 -3.715427e-02 
 2.561283e+01 -3.790370e-02 
 2.561323e+01 -3.866196e-02 
 2.561363e+01 -3.941591e-02 
 2.561402e+01 -4.015049e-02 
 2.561442e+01 -4.084815e-02 
 2.561482e+01 -4.149619e-02 
 2.561522e+01 -4.208569e-02 
 2.561562e+01 -4.260816e-02 
 2.561601e+01 -4.306217e-02 
 2.561641e+01 -4.344586e-02 
 2.561681e+01 -4.375963e-02 
 2.561721e+01 -4.400583e-02 
 2.561760e+01 -4.418934e-02 
 2.561800e+01 -4.431440e-02 
 2.561840e+01 -4.438343e-02 
 2.561880e+01 -4.440336e-02 
 2.561919e+01 -4.437291e-02 
 2.561959e+01 -4.429720e-02 
 2.561999e+01 -4.418057e-02 
 2.562039e+01 -4.402283e-02 
 2.562079e+01 -4.382484e-02 
 2.562118e+01 -4.358423e-02 
 2.562158e+01 -4.329222e-02 
 2.562198e+01 -4.293927e-02 
 2.562238e+01 -4.251874e-02 
 2.562277e+01 -4.202634e-02 
 2.562317e+01 -4.146077e-02 
 2.562357e+01 -4.082777e-02 
 2.562397e+01 -4.013550e-02 
 2.562436e+01 -3.939099e-02 
 2.562476e+01 -3.859928e-02 
 2.562516e+01 -3.776602e-02 
 2.562556e+01 -3.689630e-02 
 2.562596e+01 -3.599433e-02 
 2.562635e+01 -3.506798e-02 
 2.562675e+01 -3.412520e-02 
 2.562715e+01 -3.317445e-02 
 2.562755e+01 -3.222545e-02 
 2.562794e+01 -3.128213e-02 
 2.562834e+01 -3.034801e-02 
 2.562874e+01 -2.942486e-02 
 2.562914e+01 -2.850976e-02 
 2.562953e+01 -2.760298e-02 
 2.562993e+01 -2.670517e-02 
 2.563033e+01 -2.581993e-02 
 2.563073e+01 -2.494924e-02 
 2.563113e+01 -2.409358e-02 
 2.563152e+01 -2.325316e-02 
 2.563192e+01 -2.242085e-02 
 2.563232e+01 -2.158631e-02 
 2.563272e+01 -2.074164e-02 
 2.563311e+01 -1.987442e-02 
 2.563351e+01 -1.897727e-02 
 2.563391e+01 -1.804726e-02 
 2.563431e+01 -1.708423e-02 
 2.563470e+01 -1.609222e-02 
 2.563510e+01 -1.507895e-02 
 2.563550e+01 -1.405051e-02 
 2.563590e+01 -1.301258e-02 
 2.563630e+01 -1.197148e-02 
 2.563669e+01 -1.093440e-02 
 2.563709e+01 -9.907533e-03 
 2.563749e+01 -8.901777e-03 
 2.563789e+01 -7.924437e-03 
 2.563828e+01 -6.977352e-03 
 2.563868e+01 -6.065510e-03 
 2.563908e+01 -5.188115e-03 
 2.563948e+01 -4.338270e-03 
 2.563987e+01 -3.511975e-03 
 2.564027e+01 -2.701932e-03 
 2.564067e+01 -1.898528e-03 
 2.564107e+01 -1.100190e-03 
 2.564147e+01 -3.055561e-04 
 2.564186e+01  4.858066e-04 
 2.564226e+01  1.267371e-03 
 2.564266e+01  2.031014e-03 
 2.564306e+01  2.766651e-03 
 2.564345e+01  3.464561e-03 
 2.564385e+01  4.119391e-03 
 2.564425e+01  4.725346e-03 
 2.564465e+01  5.280397e-03 
 2.564504e+01  5.779170e-03 
 2.564544e+01  6.217046e-03 
 2.564584e+01  6.590112e-03 
 2.564624e+01  6.896188e-03 
 2.564664e+01  7.138619e-03 
 2.564703e+01  7.323180e-03 
 2.564743e+01  7.459696e-03 
 2.564783e+01  7.558449e-03 
 2.564823e+01  7.628000e-03 
 2.564862e+01  7.670045e-03 
 2.564902e+01  7.684894e-03 
 2.564942e+01  7.671798e-03 
 2.564982e+01  7.628987e-03 
 2.565021e+01  7.558907e-03 
 2.565061e+01  7.467015e-03 
 2.565101e+01  7.355947e-03 
 2.565141e+01  7.230322e-03 
 2.565181e+01  7.090041e-03 
 2.565220e+01  6.933172e-03 
 2.565260e+01  6.753135e-03 
 2.565300e+01  6.544658e-03 
 2.565340e+01  6.306149e-03 
 2.565379e+01  6.033593e-03 
 2.565419e+01  5.725280e-03 
 2.565459e+01  5.380728e-03 
 2.565499e+01  4.996910e-03 
 2.565538e+01  4.568641e-03 
 2.565578e+01  4.091057e-03 
 2.565618e+01  3.560184e-03 
 2.565658e+01  2.974529e-03 
 2.565698e+01  2.335047e-03 
 2.565737e+01  1.644831e-03 
 2.565777e+01  9.101462e-04 
 2.565817e+01  1.409578e-04 
 2.565857e+01 -6.528833e-04 
 2.565896e+01 -1.463430e-03 
 2.565936e+01 -2.279134e-03 
 2.565976e+01 -3.095463e-03 
 2.566016e+01 -3.908130e-03 
 2.566055e+01 -4.714891e-03 
 2.566095e+01 -5.518401e-03 
 2.566135e+01 -6.325436e-03 
 2.566175e+01 -7.139105e-03 
 2.566215e+01 -7.959846e-03 
 2.566254e+01 -8.786857e-03 
 2.566294e+01 -9.617637e-03 
 2.566334e+01 -1.044944e-02 
 2.566374e+01 -1.128253e-02 
 2.566413e+01 -1.211494e-02 
 2.566453e+01 -1.294347e-02 
 2.566493e+01 -1.376109e-02 
 2.566533e+01 -1.455817e-02 
 2.566572e+01 -1.532059e-02 
 2.566612e+01 -1.603306e-02 
 2.566652e+01 -1.668172e-02 
 2.566692e+01 -1.725832e-02 
 2.566732e+01 -1.776088e-02 
 2.566771e+01 -1.819203e-02 
 2.566811e+01 -1.855593e-02 
 2.566851e+01 -1.885859e-02 
 2.566891e+01 -1.910523e-02 
 2.566930e+01 -1.929784e-02 
 2.566970e+01 -1.943841e-02 
 2.567010e+01 -1.953155e-02 
 2.567050e+01 -1.958327e-02 
 2.567089e+01 -1.960436e-02 
 2.567129e+01 -1.960763e-02 
 2.567169e+01 -1.959901e-02 
 2.567209e+01 -1.958363e-02 
 2.567249e+01 -1.955938e-02 
 2.567288e+01 -1.951963e-02 
 2.567328e+01 -1.945720e-02 
 2.567368e+01 -1.936601e-02 
 2.567408e+01 -1.924667e-02 
 2.567447e+01 -1.910303e-02 
 2.567487e+01 -1.894526e-02 
 2.567527e+01 -1.878020e-02 
 2.567567e+01 -1.861058e-02 
 2.567606e+01 -1.843598e-02 
 2.567646e+01 -1.825264e-02 
 2.567686e+01 -1.805643e-02 
 2.567726e+01 -1.784752e-02 
 2.567766e+01 -1.762900e-02 
 2.567805e+01 -1.740517e-02 
 2.567845e+01 -1.717951e-02 
 2.567885e+01 -1.695510e-02 
 2.567925e+01 -1.673160e-02 
 2.567964e+01 -1.651169e-02 
 2.568004e+01 -1.629526e-02 
 2.568044e+01 -1.608510e-02 
 2.568084e+01 -1.588487e-02 
 2.568123e+01 -1.569899e-02 
 2.568163e+01 -1.552954e-02 
 2.568203e+01 -1.537617e-02 
 2.568243e+01 -1.523877e-02 
 2.568283e+01 -1.511419e-02 
 2.568322e+01 -1.499994e-02 
 2.568362e+01 -1.489600e-02 
 2.568402e+01 -1.480125e-02 
 2.568442e+01 -1.471241e-02 
 2.568481e+01 -1.462331e-02 
 2.568521e+01 -1.453154e-02 
 2.568561e+01 -1.443374e-02 
 2.568601e+01 -1.433293e-02 
 2.568640e+01 -1.423250e-02 
 2.568680e+01 -1.414256e-02 
 2.568720e+01 -1.407398e-02 
 2.568760e+01 -1.403852e-02 
 2.568800e+01 -1.404497e-02 
 2.568839e+01 -1.409943e-02 
 2.568879e+01 -1.420500e-02 
 2.568919e+01 -1.436204e-02 
 2.568959e+01 -1.457299e-02 
 2.568998e+01 -1.484195e-02 
 2.569038e+01 -1.516875e-02 
 2.569078e+01 -1.554839e-02 
 2.569118e+01 -1.597306e-02 
 2.569158e+01 -1.642781e-02 
 2.569197e+01 -1.689811e-02 
 2.569237e+01 -1.737142e-02 
 2.569277e+01 -1.783782e-02 
 2.569317e+01 -1.829523e-02 
 2.569356e+01 -1.874799e-02 
 2.569396e+01 -1.920146e-02 
 2.569436e+01 -1.966029e-02 
 2.569476e+01 -2.012461e-02 
 2.569515e+01 -2.059132e-02 
 2.569555e+01 -2.105703e-02 
 2.569595e+01 -2.151991e-02 
 2.569635e+01 -2.198299e-02 
 2.569675e+01 -2.245320e-02 
 2.569714e+01 -2.293889e-02 
 2.569754e+01 -2.344592e-02 
 2.569794e+01 -2.397359e-02 
 2.569834e+01 -2.451603e-02 
 2.569873e+01 -2.506431e-02 
 2.569913e+01 -2.560818e-02 
 2.569953e+01 -2.614449e-02 
 2.569993e+01 -2.667395e-02 
 2.570032e+01 -2.720172e-02 
 2.570072e+01 -2.773107e-02 
 2.570112e+01 -2.826269e-02 
 2.570152e+01 -2.879329e-02 
 2.570192e+01 -2.931550e-02 
 2.570231e+01 -2.982453e-02 
 2.570271e+01 -3.031679e-02 
 2.570311e+01 -3.079536e-02 
 2.570351e+01 -3.126813e-02 
 2.570390e+01 -3.174201e-02 
 2.570430e+01 -3.222152e-02 
 2.570470e+01 -3.270910e-02 
 2.570510e+01 -3.320413e-02 
 2.570549e+01 -3.370653e-02 
 2.570589e+01 -3.421926e-02 
 2.570629e+01 -3.474830e-02 
 2.570669e+01 -3.530118e-02 
 2.570709e+01 -3.588265e-02 
 2.570748e+01 -3.649438e-02 
 2.570788e+01 -3.713100e-02 
 2.570828e+01 -3.778352e-02 
 2.570868e+01 -3.844356e-02 
 2.570907e+01 -3.910119e-02 
 2.570947e+01 -3.975063e-02 
 2.570987e+01 -4.038401e-02 
 2.571027e+01 -4.099334e-02 
 2.571066e+01 -4.156543e-02 
 2.571106e+01 -4.208867e-02 
 2.571146e+01 -4.255012e-02 
 2.571186e+01 -4.294513e-02 
 2.571226e+01 -4.327592e-02 
 2.571265e+01 -4.354817e-02 
 2.571305e+01 -4.377253e-02 
 2.571345e+01 -4.395521e-02 
 2.571385e+01 -4.410015e-02 
 2.571424e+01 -4.420612e-02 
 2.571464e+01 -4.427368e-02 
 2.571504e+01 -4.430482e-02 
 2.571544e+01 -4.430504e-02 
 2.571583e+01 -4.428405e-02 
 2.571623e+01 -4.424865e-02 
 2.571663e+01 -4.419758e-02 
 2.571703e+01 -4.412324e-02 
 2.571743e+01 -4.400952e-02 
 2.571782e+01 -4.384183e-02 
 2.571822e+01 -4.360867e-02 
 2.571862e+01 -4.330800e-02 
 2.571902e+01 -4.294318e-02 
 2.571941e+01 -4.252171e-02 
 2.571981e+01 -4.205140e-02 
 2.572021e+01 -4.153610e-02 
 2.572061e+01 -4.097353e-02 
 2.572100e+01 -4.036094e-02 
 2.572140e+01 -3.969691e-02 
 2.572180e+01 -3.898595e-02 
 2.572220e+01 -3.823824e-02 
 2.572260e+01 -3.746756e-02 
 2.572299e+01 -3.668453e-02 
 2.572339e+01 -3.589524e-02 
 2.572379e+01 -3.509690e-02 
 2.572419e+01 -3.428206e-02 
 2.572458e+01 -3.344126e-02 
 2.572498e+01 -3.257060e-02 
 2.572538e+01 -3.167298e-02 
 2.572578e+01 -3.075486e-02 
 2.572617e+01 -2.982213e-02 
 2.572657e+01 -2.887679e-02 
 2.572697e+01 -2.791477e-02 
 2.572737e+01 -2.692922e-02 
 2.572777e+01 -2.591156e-02 
 2.572816e+01 -2.485744e-02 
 2.572856e+01 -2.376773e-02 
 2.572896e+01 -2.264696e-02 
 2.572936e+01 -2.150217e-02 
 2.572975e+01 -2.033976e-02 
 2.573015e+01 -1.916067e-02 
 2.573055e+01 -1.796606e-02 
 2.573095e+01 -1.675965e-02 
 2.573134e+01 -1.555102e-02 
 2.573174e+01 -1.435301e-02 
 2.573214e+01 -1.318259e-02 
 2.573254e+01 -1.205287e-02 
 2.573294e+01 -1.097339e-02 
 2.573333e+01 -9.948292e-03 
 2.573373e+01 -8.976867e-03 
 2.573413e+01 -8.058598e-03 
 2.573453e+01 -7.194440e-03 
 2.573492e+01 -6.388838e-03 
 2.573532e+01 -5.642096e-03 
 2.573572e+01 -4.952473e-03 
 2.573612e+01 -4.311314e-03 
 2.573651e+01 -3.706463e-03 
 2.573691e+01 -3.125256e-03 
 2.573731e+01 -2.561719e-03 
 2.573771e+01 -2.015862e-03 
 2.573811e+01 -1.495593e-03 
 2.573850e+01 -1.012769e-03 
 2.573890e+01 -5.774827e-04 
 2.573930e+01 -1.946356e-04 
 2.573970e+01  1.399368e-04 
 2.574009e+01  4.307265e-04 
 2.574049e+01  6.824791e-04 
 2.574089e+01  8.927049e-04 
 2.574129e+01  1.055877e-03 
 2.574168e+01  1.163989e-03 
 2.574208e+01  1.214047e-03 
 2.574248e+01  1.213642e-03 
 2.574288e+01  1.175978e-03 
 2.574328e+01  1.120075e-03 
 2.574367e+01  1.061527e-03 
 2.574407e+01  1.009948e-03 
 2.574447e+01  9.651854e-04 
 2.574487e+01  9.214280e-04 
 2.574526e+01  8.728397e-04 
 2.574566e+01  8.177699e-04 
 2.574606e+01  7.593210e-04 
 2.574646e+01  7.061885e-04 
 2.574685e+01  6.650911e-04 
 2.574725e+01  6.348851e-04 
 2.574765e+01  6.073018e-04 
 2.574805e+01  5.692848e-04 
 2.574845e+01  5.083064e-04 
 2.574884e+01  4.158188e-04 
 2.574924e+01  2.908021e-04 
 2.574964e+01  1.386002e-04 
 2.575004e+01 -3.440020e-05 
 2.575043e+01 -2.248028e-04 
 2.575083e+01 -4.347986e-04 
 2.575123e+01 -6.703731e-04 
 2.575163e+01 -9.401928e-04 
 2.575202e+01 -1.249833e-03 
 2.575242e+01 -1.597644e-03 
 2.575282e+01 -1.973858e-03 
 2.575322e+01 -2.369122e-03 
 2.575362e+01 -2.774621e-03 
 2.575401e+01 -3.185707e-03 
 2.575441e+01 -3.600064e-03 
 2.575481e+01 -4.017681e-03 
 2.575521e+01 -4.435722e-03 
 2.575560e+01 -4.849293e-03 
 2.575600e+01 -5.251215e-03 
 2.575640e+01 -5.633981e-03 
 2.575680e+01 -5.995999e-03 
 2.575719e+01 -6.340804e-03 
 2.575759e+01 -6.675442e-03 
 2.575799e+01 -7.010643e-03 
 2.575839e+01 -7.354160e-03 
 2.575879e+01 -7.707314e-03 
 2.575918e+01 -8.066993e-03 
 2.575958e+01 -8.429756e-03 
 2.575998e+01 -8.793944e-03 
 2.576038e+01 -9.160467e-03 
 2.576077e+01 -9.531314e-03 
 2.576117e+01 -9.905283e-03 
 2.576157e+01 -1.027585e-02 
 2.576197e+01 -1.063314e-02 
 2.576236e+01 -1.096286e-02 
 2.576276e+01 -1.125426e-02 
 2.576316e+01 -1.150282e-02 
 2.576356e+01 -1.171420e-02 
 2.576396e+01 -1.189834e-02 
 2.576435e+01 -1.206755e-02 
 2.576475e+01 -1.223267e-02 
 2.576515e+01 -1.239563e-02 
 2.576555e+01 -1.255410e-02 
 2.576594e+01 -1.270697e-02 
 2.576634e+01 -1.285487e-02 
 2.576674e+01 -1.300712e-02 
 2.576714e+01 -1.317536e-02 
 2.576753e+01 -1.336842e-02 
 2.576793e+01 -1.358886e-02 
 2.576833e+01 -1.382976e-02 
 2.576873e+01 -1.407534e-02 
 2.576913e+01 -1.430678e-02 
 2.576952e+01 -1.450932e-02 
 2.576992e+01 -1.467830e-02 
 2.577032e+01 -1.481565e-02 
 2.577072e+01 -1.492968e-02 
 2.577111e+01 -1.502678e-02 
 2.577151e+01 -1.510567e-02 
 2.577191e+01 -1.515711e-02 
 2.577231e+01 -1.517175e-02 
 2.577270e+01 -1.514310e-02 
 2.577310e+01 -1.507111e-02 
 2.577350e+01 -1.496175e-02 
 2.577390e+01 -1.482729e-02 
 2.577430e+01 -1.467589e-02 
 2.577469e+01 -1.451135e-02 
 2.577509e+01 -1.432774e-02 
 2.577549e+01 -1.411981e-02 
 2.577589e+01 -1.387909e-02 
 2.577628e+01 -1.360674e-02 
 2.577668e+01 -1.331109e-02 
 2.577708e+01 -1.300573e-02 
 2.577748e+01 -1.270275e-02 
 2.577787e+01 -1.240784e-02 
 2.577827e+01 -1.212239e-02 
 2.577867e+01 -1.183915e-02 
 2.577907e+01 -1.155332e-02 
 2.577947e+01 -1.126667e-02 
 2.577986e+01 -1.098305e-02 
 2.578026e+01 -1.070738e-02 
 2.578066e+01 -1.044594e-02 
 2.578106e+01 -1.020023e-02 
 2.578145e+01 -9.966667e-03 
 2.578185e+01 -9.741610e-03 
 2.578225e+01 -9.526615e-03 
 2.578265e+01 -9.328502e-03 
 2.578305e+01 -9.158585e-03 
 2.578344e+01 -9.033616e-03 
 2.578384e+01 -8.968122e-03 
 2.578424e+01 -8.967098e-03 
 2.578464e+01 -9.030008e-03 
 2.578503e+01 -9.152183e-03 
 2.578543e+01 -9.331019e-03 
 2.578583e+01 -9.564741e-03 
 2.578623e+01 -9.855953e-03 
 2.578662e+01 -1.020644e-02 
 2.578702e+01 -1.061264e-02 
 2.578742e+01 -1.106162e-02 
 2.578782e+01 -1.153571e-02 
 2.578822e+01 -1.201501e-02 
 2.578861e+01 -1.248801e-02 
 2.578901e+01 -1.294776e-02 
 2.578941e+01 -1.340553e-02 
 2.578981e+01 -1.387292e-02 
 2.579020e+01 -1.435993e-02 
 2.579060e+01 -1.487076e-02 
 2.579100e+01 -1.540488e-02 
 2.579140e+01 -1.595741e-02 
 2.579179e+01 -1.652604e-02 
 2.579219e+01 -1.711736e-02 
 2.579259e+01 -1.773880e-02 
 2.579299e+01 -1.840293e-02 
 2.579339e+01 -1.911842e-02 
 2.579378e+01 -1.988295e-02 
 2.579418e+01 -2.068302e-02 
 2.579458e+01 -2.149902e-02 
 2.579498e+01 -2.231423e-02 
 2.579537e+01 -2.312261e-02 
 2.579577e+01 -2.392859e-02 
 2.579617e+01 -2.474135e-02 
 2.579657e+01 -2.556938e-02 
 2.579696e+01 -2.641470e-02 
 2.579736e+01 -2.727009e-02 
 2.579776e+01 -2.812185e-02 
 2.579816e+01 -2.896039e-02 
 2.579856e+01 -2.977718e-02 
 2.579895e+01 -3.057673e-02 
 2.579935e+01 -3.136706e-02 
 2.579975e+01 -3.216209e-02 
 2.580015e+01 -3.296273e-02 
 2.580054e+01 -3.376437e-02 
 2.580094e+01 -3.455836e-02 
 2.580134e+01 -3.533471e-02 
 2.580174e+01 -3.608981e-02 
 2.580213e+01 -3.682385e-02 
 2.580253e+01 -3.754150e-02 
 2.580293e+01 -3.824669e-02 
 2.580333e+01 -3.894006e-02 
 2.580373e+01 -3.961666e-02 
 2.580412e+01 -4.026631e-02 
 2.580452e+01 -4.087853e-02 
 2.580492e+01 -4.144744e-02 
 2.580532e+01 -4.196850e-02 
 2.580571e+01 -4.244506e-02 
 2.580611e+01 -4.287690e-02 
 2.580651e+01 -4.325651e-02 
 2.580691e+01 -4.357568e-02 
 2.580730e+01 -4.382596e-02 
 2.580770e+01 -4.400271e-02 
 2.580810e+01 -4.411004e-02 
 2.580850e+01 -4.416043e-02 
 2.580890e+01 -4.416859e-02 
 2.580929e+01 -4.414882e-02 
 2.580969e+01 -4.411273e-02 
 2.581009e+01 -4.406600e-02 
 2.581049e+01 -4.400909e-02 
 2.581088e+01 -4.394224e-02 
 2.581128e+01 -4.386867e-02 
 2.581168e+01 -4.379440e-02 
 2.581208e+01 -4.372895e-02 
 2.581247e+01 -4.367230e-02 
 2.581287e+01 -4.361599e-02 
 2.581327e+01 -4.354550e-02 
 2.581367e+01 -4.344013e-02 
 2.581407e+01 -4.328549e-02 
 2.581446e+01 -4.307678e-02 
 2.581486e+01 -4.281969e-02 
 2.581526e+01 -4.252427e-02 
 2.581566e+01 -4.220174e-02 
 2.581605e+01 -4.185852e-02 
 2.581645e+01 -4.149047e-02 
 2.581685e+01 -4.108923e-02 
 2.581725e+01 -4.064778e-02 
 2.581764e+01 -4.016747e-02 
 2.581804e+01 -3.965986e-02 
 2.581844e+01 -3.913934e-02 
 2.581884e+01 -3.861884e-02 
 2.581924e+01 -3.810009e-02 
 2.581963e+01 -3.757826e-02 
 2.582003e+01 -3.703801e-02 
 2.582043e+01 -3.646264e-02 
 2.582083e+01 -3.584389e-02 
 2.582122e+01 -3.517906e-02 
 2.582162e+01 -3.447508e-02 
 2.582202e+01 -3.374110e-02 
 2.582242e+01 -3.298309e-02 
 2.582281e+01 -3.219706e-02 
 2.582321e+01 -3.137801e-02 
 2.582361e+01 -3.051784e-02 
 2.582401e+01 -2.961305e-02 
 2.582441e+01 -2.866681e-02 
 2.582480e+01 -2.769145e-02 
 2.582520e+01 -2.669513e-02 
 2.582560e+01 -2.568475e-02 
 2.582600e+01 -2.466065e-02 
 2.582639e+01 -2.362241e-02 
 2.582679e+01 -2.256643e-02 
 2.582719e+01 -2.149816e-02 
 2.582759e+01 -2.042946e-02 
 2.582798e+01 -1.937601e-02 
 2.582838e+01 -1.835323e-02 
 2.582878e+01 -1.737238e-02 
 2.582918e+01 -1.643695e-02 
 2.582958e+01 -1.554424e-02 
 2.582997e+01 -1.468610e-02 
 2.583037e+01 -1.385499e-02 
 2.583077e+01 -1.304731e-02 
 2.583117e+01 -1.225879e-02 
 2.583156e+01 -1.148519e-02 
 2.583196e+01 -1.072177e-02 
 2.583236e+01 -9.961208e-03 
 2.583276e+01 -9.195134e-03 
 2.583315e+01 -8.418148e-03 
 2.583355e+01 -7.632663e-03 
 2.583395e+01 -6.843950e-03 
 2.583435e+01 -6.065332e-03 
 2.583475e+01 -5.310800e-03 
 2.583514e+01 -4.587583e-03 
 2.583554e+01 -3.901165e-03 
 2.583594e+01 -3.251741e-03 
 2.583634e+01 -2.639996e-03 
 2.583673e+01 -2.068664e-03 
 2.583713e+01 -1.547706e-03 
 2.583753e+01 -1.085661e-03 
 2.583793e+01 -6.861391e-04 
 2.583832e+01 -3.499030e-04 
 2.583872e+01 -6.911413e-05 
 2.583912e+01  1.715950e-04 
 2.583952e+01  3.870285e-04 
 2.583992e+01  5.868189e-04 
 2.584031e+01  7.715608e-04 
 2.584071e+01  9.337389e-04 
 2.584111e+01  1.062434e-03 
 2.584151e+01  1.150692e-03 
 2.584190e+01  1.196231e-03 
 2.584230e+01  1.204293e-03 
 2.584270e+01  1.181070e-03 
 2.584310e+01  1.126647e-03 
 2.584349e+01  1.034129e-03 
 2.584389e+01  8.913212e-04 
 2.584429e+01  6.859026e-04 
 2.584469e+01  4.096617e-04 
 2.584509e+01  6.776779e-05 
 2.584548e+01 -3.278127e-04 
 2.584588e+01 -7.622809e-04 
 2.584628e+01 -1.221359e-03 
 2.584668e+01 -1.701769e-03 
 2.584707e+01 -2.206753e-03 
 2.584747e+01 -2.742398e-03 
 2.584787e+01 -3.313545e-03 
 2.584827e+01 -3.915259e-03 
 2.584866e+01 -4.534938e-03 
 2.584906e+01 -5.151971e-03 
 2.584946e+01 -5.749989e-03 
 2.584986e+01 -6.318356e-03 
 2.585026e+01 -6.854496e-03 
 2.585065e+01 -7.361486e-03 
 2.585105e+01 -7.841854e-03 
 2.585145e+01 -8.294975e-03 
 2.585185e+01 -8.718281e-03 
 2.585224e+01 -9.108076e-03 
 2.585264e+01 -9.458887e-03 
 2.585304e+01 -9.771795e-03 
 2.585344e+01 -1.005580e-02 
 2.585383e+01 -1.032005e-02 
 2.585423e+01 -1.057517e-02 
 2.585463e+01 -1.082566e-02 
 2.585503e+01 -1.107209e-02 
 2.585543e+01 -1.131048e-02 
 2.585582e+01 -1.153924e-02 
 2.585622e+01 -1.175749e-02 
 2.585662e+01 -1.196468e-02 
 2.585702e+01 -1.216177e-02 
 2.585741e+01 -1.234488e-02 
 2.585781e+01 -1.250728e-02 
 2.585821e+01 -1.263805e-02 
 2.585861e+01 -1.272557e-02 
 2.585900e+01 -1.276261e-02 
 2.585940e+01 -1.275212e-02 
 2.585980e+01 -1.270482e-02 
 2.586020e+01 -1.263492e-02 
 2.586060e+01 -1.255514e-02 
 2.586099e+01 -1.247390e-02 
 2.586139e+01 -1.239111e-02 
 2.586179e+01 -1.230460e-02 
 2.586219e+01 -1.221427e-02 
 2.586258e+01 -1.212127e-02 
 2.586298e+01 -1.203172e-02 
 2.586338e+01 -1.195301e-02 
 2.586378e+01 -1.188678e-02 
 2.586417e+01 -1.182673e-02 
 2.586457e+01 -1.176193e-02 
 2.586497e+01 -1.167560e-02 
 2.586537e+01 -1.155594e-02 
 2.586577e+01 -1.139780e-02 
 2.586616e+01 -1.120713e-02 
 2.586656e+01 -1.099105e-02 
 2.586696e+01 -1.076048e-02 
 2.586736e+01 -1.051988e-02 
 2.586775e+01 -1.026603e-02 
 2.586815e+01 -9.993626e-03 
 2.586855e+01 -9.697946e-03 
 2.586895e+01 -9.378618e-03 
 2.586934e+01 -9.043816e-03 
 2.586974e+01 -8.703290e-03 
 2.587014e+01 -8.370445e-03 
 2.587054e+01 -8.051588e-03 
 2.587094e+01 -7.749775e-03 
 2.587133e+01 -7.459511e-03 
 2.587173e+01 -7.174366e-03 
 2.587213e+01 -6.892949e-03 
 2.587253e+01 -6.619352e-03 
 2.587292e+01 -6.363150e-03 
 2.587332e+01 -6.136953e-03 
 2.587372e+01 -5.945827e-03 
 2.587412e+01 -5.790359e-03 
 2.587452e+01 -5.665102e-03 
 2.587491e+01 -5.560493e-03 
 2.587531e+01 -5.468700e-03 
 2.587571e+01 -5.388090e-03 
 2.587611e+01 -5.319246e-03 
 2.587650e+01 -5.265532e-03 
 2.587690e+01 -5.228520e-03 
 2.587730e+01 -5.205014e-03 
 2.587770e+01 -5.188082e-03 
 2.587809e+01 -5.171757e-03 
 2.587849e+01 -5.156811e-03 
 2.587889e+01 -5.150591e-03 
 2.587929e+01 -5.163283e-03 
 2.587969e+01 -5.207540e-03 
 2.588008e+01 -5.291881e-03 
 2.588048e+01 -5.416549e-03 
 2.588088e+01 -5.578855e-03 
 2.588128e+01 -5.772332e-03 
 2.588167e+01 -5.992283e-03 
 2.588207e+01 -6.237354e-03 
 2.588247e+01 -6.505207e-03 
 2.588287e+01 -6.792341e-03 
 2.588326e+01 -7.093530e-03 
 2.588366e+01 -7.400022e-03 
 2.588406e+01 -7.703493e-03 
 2.588446e+01 -8.001037e-03 
 2.588486e+01 -8.296316e-03 
 2.588525e+01 -8.596432e-03 
 2.588565e+01 -8.912245e-03 
 2.588605e+01 -9.254162e-03 
 2.588645e+01 -9.626001e-03 
 2.588684e+01 -1.002977e-02 
 2.588724e+01 -1.046553e-02 
 2.588764e+01 -1.093482e-02 
 2.588804e+01 -1.144499e-02 
 2.588843e+01 -1.200824e-02 
 2.588883e+01 -1.263603e-02 
 2.588923e+01 -1.333605e-02 
 2.588963e+01 -1.410754e-02 
 2.589003e+01 -1.494146e-02 
 2.589042e+01 -1.582235e-02 
 2.589082e+01 -1.673630e-02 
 2.589122e+01 -1.767093e-02 
 2.589162e+01 -1.862169e-02 
 2.589201e+01 -1.958948e-02 
 2.589241e+01 -2.058000e-02 
 2.589281e+01 -2.159509e-02 
 2.589321e+01 -2.263294e-02 
 2.589360e+01 -2.368804e-02 
 2.589400e+01 -2.475308e-02 
 2.589440e+01 -2.582318e-02 
 2.589480e+01 -2.689677e-02 
 2.589520e+01 -2.797584e-02 
 2.589559e+01 -2.906344e-02 
 2.589599e+01 -3.015911e-02 
 2.589639e+01 -3.125789e-02 
 2.589679e+01 -3.235270e-02 
 2.589718e+01 -3.343354e-02 
 2.589758e+01 -3.449289e-02 
 2.589798e+01 -3.552718e-02 
 2.589838e+01 -3.654062e-02 
 2.589877e+01 -3.753700e-02 
 2.589917e+01 -3.852203e-02 
 2.589957e+01 -3.949557e-02 
 2.589997e+01 -4.045189e-02 
 2.590037e+01 -4.137775e-02 
 2.590076e+01 -4.226049e-02 
 2.590116e+01 -4.308960e-02 
 2.590156e+01 -4.385716e-02 
 2.590196e+01 -4.456128e-02 
 2.590235e+01 -4.520302e-02 
 2.590275e+01 -4.578345e-02 
 2.590315e+01 -4.630478e-02 
 2.590355e+01 -4.676787e-02 
 2.590394e+01 -4.717502e-02 
 2.590434e+01 -4.752950e-02 
 2.590474e+01 -4.783902e-02 
 2.590514e+01 -4.811063e-02 
 2.590554e+01 -4.834837e-02 
 2.590593e+01 -4.855423e-02 
 2.590633e+01 -4.872862e-02 
 2.590673e+01 -4.887024e-02 
 2.590713e+01 -4.897846e-02 
 2.590752e+01 -4.905397e-02 
 2.590792e+01 -4.909728e-02 
 2.590832e+01 -4.910839e-02 
 2.590872e+01 -4.908030e-02 
 2.590911e+01 -4.900135e-02 
 2.590951e+01 -4.885631e-02 
 2.590991e+01 -4.863018e-02 
 2.591031e+01 -4.831511e-02 
 2.591071e+01 -4.790983e-02 
 2.591110e+01 -4.742226e-02 
 2.591150e+01 -4.686230e-02 
 2.591190e+01 -4.623986e-02 
 2.591230e+01 -4.556594e-02 
 2.591269e+01 -4.484469e-02 
 2.591309e+01 -4.408121e-02 
 2.591349e+01 -4.328079e-02 
 2.591389e+01 -4.244836e-02 
 2.591428e+01 -4.159408e-02 
 2.591468e+01 -4.072518e-02 
 2.591508e+01 -3.984278e-02 
 2.591548e+01 -3.894264e-02 
 2.591588e+01 -3.801816e-02 
 2.591627e+01 -3.706406e-02 
 2.591667e+01 -3.607769e-02 
 2.591707e+01 -3.506297e-02 
 2.591747e+01 -3.402919e-02 
 2.591786e+01 -3.298605e-02 
 2.591826e+01 -3.194204e-02 
 2.591866e+01 -3.090252e-02 
 2.591906e+01 -2.986617e-02 
 2.591945e+01 -2.882834e-02 
 2.591985e+01 -2.778295e-02 
 2.592025e+01 -2.673224e-02 
 2.592065e+01 -2.568243e-02 
 2.592105e+01 -2.464380e-02 
 2.592144e+01 -2.362765e-02 
 2.592184e+01 -2.264082e-02 
 2.592224e+01 -2.168822e-02 
 2.592264e+01 -2.077061e-02 
 2.592303e+01 -1.988810e-02 
 2.592343e+01 -1.904201e-02 
 2.592383e+01 -1.823265e-02 
 2.592423e+01 -1.746204e-02 
 2.592462e+01 -1.673211e-02 
 2.592502e+01 -1.604232e-02 
 2.592542e+01 -1.539092e-02 
 2.592582e+01 -1.477300e-02 
 2.592622e+01 -1.418180e-02 
 2.592661e+01 -1.361069e-02 
 2.592701e+01 -1.305687e-02 
 2.592741e+01 -1.251720e-02 
 2.592781e+01 -1.198611e-02 
 2.592820e+01 -1.146253e-02 
 2.592860e+01 -1.094012e-02 
 2.592900e+01 -1.041497e-02 
 2.592940e+01 -9.883869e-03 
 2.592979e+01 -9.348679e-03 
 2.593019e+01 -8.813994e-03 
 2.593059e+01 -8.288832e-03 
 2.593099e+01 -7.785781e-03 
 2.593139e+01 -7.314555e-03 
 2.593178e+01 -6.884463e-03 
 2.593218e+01 -6.502704e-03 
 2.593258e+01 -6.172499e-03 
 2.593298e+01 -5.895048e-03 
 2.593337e+01 -5.668850e-03 
 2.593377e+01 -5.488932e-03 
 2.593417e+01 -5.347891e-03 
 2.593457e+01 -5.237070e-03 
 2.593496e+01 -5.150770e-03 
 2.593536e+01 -5.080375e-03 
 2.593576e+01 -5.023317e-03 
 2.593616e+01 -4.979820e-03 
 2.593656e+01 -4.955410e-03 
 2.593695e+01 -4.956752e-03 
 2.593735e+01 -4.986568e-03 
 2.593775e+01 -5.046354e-03 
 2.593815e+01 -5.134377e-03 
 2.593854e+01 -5.248077e-03 
 2.593894e+01 -5.384156e-03 
 2.593934e+01 -5.547054e-03 
 2.593974e+01 -5.742739e-03 
 2.594013e+01 -5.977690e-03 
 2.594053e+01 -6.256868e-03 
 2.594093e+01 -6.581117e-03 
 2.594133e+01 -6.942571e-03 
 2.594173e+01 -7.328772e-03 
 2.594212e+01 -7.727899e-03 
 2.594252e+01 -8.131141e-03 
 2.594292e+01 -8.532703e-03 
 2.594332e+01 -8.934826e-03 
 2.594371e+01 -9.337303e-03 
 2.594411e+01 -9.738743e-03 
 2.594451e+01 -1.013453e-02 
 2.594491e+01 -1.052127e-02 
 2.594530e+01 -1.089076e-02 
 2.594570e+01 -1.124052e-02 
 2.594610e+01 -1.157059e-02 
 2.594650e+01 -1.188192e-02 
 2.594690e+01 -1.217743e-02 
 2.594729e+01 -1.246154e-02 
 2.594769e+01 -1.273410e-02 
 2.594809e+01 -1.299573e-02 
 2.594849e+01 -1.324619e-02 
 2.594888e+01 -1.348746e-02 
 2.594928e+01 -1.372225e-02 
 2.594968e+01 -1.395537e-02 
 2.595008e+01 -1.419072e-02 
 2.595047e+01 -1.443368e-02 
 2.595087e+01 -1.468502e-02 
 2.595127e+01 -1.494308e-02 
 2.595167e+01 -1.520359e-02 
 2.595207e+01 -1.545971e-02 
 2.595246e+01 -1.570239e-02 
 2.595286e+01 -1.592181e-02 
 2.595326e+01 -1.610957e-02 
 2.595366e+01 -1.625780e-02 
 2.595405e+01 -1.636019e-02 
 2.595445e+01 -1.641418e-02 
 2.595485e+01 -1.641940e-02 
 2.595525e+01 -1.637416e-02 
 2.595564e+01 -1.628196e-02 
 2.595604e+01 -1.614673e-02 
 2.595644e+01 -1.596881e-02 
 2.595684e+01 -1.575273e-02 
 2.595724e+01 -1.550326e-02 
 2.595763e+01 -1.522342e-02 
 2.595803e+01 -1.491542e-02 
 2.595843e+01 -1.458180e-02 
 2.595883e+01 -1.422494e-02 
 2.595922e+01 -1.384370e-02 
 2.595962e+01 -1.343593e-02 
 2.596002e+01 -1.299678e-02 
 2.596042e+01 -1.251783e-02 
 2.596081e+01 -1.199175e-02 
 2.596121e+01 -1.141304e-02 
 2.596161e+01 -1.077999e-02 
 2.596201e+01 -1.009472e-02 
 2.596241e+01 -9.361654e-03 
 2.596280e+01 -8.587445e-03 
 2.596320e+01 -7.781918e-03 
 2.596360e+01 -6.955633e-03 
 2.596400e+01 -6.116988e-03 
 2.596439e+01 -5.276157e-03 
 2.596479e+01 -4.440510e-03 
 2.596519e+01 -3.615056e-03 
 2.596559e+01 -2.806713e-03 
 2.596599e+01 -2.021124e-03 
 2.596638e+01 -1.261946e-03 
 2.596678e+01 -5.316608e-04 
 2.596718e+01  1.679075e-04 
 2.596758e+01  8.354339e-04 
 2.596797e+01  1.471548e-03 
 2.596837e+01  2.071558e-03 
 2.596877e+01  2.632735e-03 
 2.596917e+01  3.150876e-03 
 2.596956e+01  3.621998e-03 
 2.596996e+01  4.046750e-03 
 2.597036e+01  4.430998e-03 
 2.597076e+01  4.781286e-03 
 2.597116e+01  5.104928e-03 
 2.597155e+01  5.406524e-03 
 2.597195e+01  5.685176e-03 
 2.597235e+01  5.936382e-03 
 2.597275e+01  6.151956e-03 
 2.597314e+01  6.324308e-03 
 2.597354e+01  6.448338e-03 
 2.597394e+01  6.522610e-03 
 2.597434e+01  6.546632e-03 
 2.597473e+01  6.522730e-03 
 2.597513e+01  6.451927e-03 
 2.597553e+01  6.330621e-03 
 2.597593e+01  6.154342e-03 
 2.597633e+01  5.918760e-03 
 2.597672e+01  5.620785e-03 
 2.597712e+01  5.258429e-03 
 2.597752e+01  4.832818e-03 
 2.597792e+01  4.347999e-03 
 2.597831e+01  3.807371e-03 
 2.597871e+01  3.217998e-03 
 2.597911e+01  2.588578e-03 
 2.597951e+01  1.924904e-03 
 2.597990e+01  1.231756e-03 
 2.598030e+01  5.115976e-04 
 2.598070e+01 -2.352912e-04 
 2.598110e+01 -1.011275e-03 
 2.598150e+01 -1.818521e-03 
 2.598189e+01 -2.662902e-03 
 2.598229e+01 -3.551581e-03 
 2.598269e+01 -4.490553e-03 
 2.598309e+01 -5.483244e-03 
 2.598348e+01 -6.534149e-03 
 2.598388e+01 -7.645841e-03 
 2.598428e+01 -8.818144e-03 
 2.598468e+01 -1.004823e-02 
 2.598507e+01 -1.132699e-02 
 2.598547e+01 -1.264343e-02 
 2.598587e+01 -1.398459e-02 
 2.598627e+01 -1.533655e-02 
 2.598667e+01 -1.669006e-02 
 2.598706e+01 -1.803633e-02 
 2.598746e+01 -1.936908e-02 
 2.598786e+01 -2.068292e-02 
 2.598826e+01 -2.197818e-02 
 2.598865e+01 -2.325257e-02 
 2.598905e+01 -2.450246e-02 
 2.598945e+01 -2.572521e-02 
 2.598985e+01 -2.691587e-02 
 2.599024e+01 -2.807133e-02 
 2.599064e+01 -2.919201e-02 
 2.599104e+01 -3.028152e-02 
 2.599144e+01 -3.134574e-02 
 2.599184e+01 -3.239035e-02 
 2.599223e+01 -3.341913e-02 
 2.599263e+01 -3.443223e-02 
 2.599303e+01 -3.542721e-02 
 2.599343e+01 -3.639814e-02 
 2.599382e+01 -3.733718e-02 
 2.599422e+01 -3.824230e-02 
 2.599462e+01 -3.911529e-02 
 2.599502e+01 -3.995885e-02 
 2.599541e+01 -4.077523e-02 
 2.599581e+01 -4.156502e-02 
 2.599621e+01 -4.232669e-02 
 2.599661e+01 -4.305623e-02 
 2.599701e+01 -4.374857e-02 
 2.599740e+01 -4.440044e-02 
 2.599780e+01 -4.500695e-02 
 2.599820e+01 -4.556702e-02 
 2.599860e+01 -4.607943e-02 
 2.599899e+01 -4.654407e-02 
 2.599939e+01 -4.696189e-02 
 2.599979e+01 -4.733294e-02 
 2.600019e+01 -4.765774e-02 
 2.600058e+01 -4.794143e-02 
 2.600098e+01 -4.819024e-02 
 2.600138e+01 -4.840882e-02 
 2.600178e+01 -4.860150e-02 
 2.600218e+01 -4.877169e-02 
 2.600257e+01 -4.891805e-02 
 2.600297e+01 -4.903736e-02 
 2.600337e+01 -4.912450e-02 
 2.600377e+01 -4.916982e-02 
 2.600416e+01 -4.916446e-02 
 2.600456e+01 -4.910129e-02 
 2.600496e+01 -4.897206e-02 
 2.600536e+01 -4.877020e-02 
 2.600575e+01 -4.849085e-02 
 2.600615e+01 -4.813183e-02 
 2.600655e+01 -4.769258e-02 
 2.600695e+01 -4.717912e-02 
 2.600735e+01 -4.659858e-02 
 2.600774e+01 -4.595736e-02 
 2.600814e+01 -4.526219e-02 
 2.600854e+01 -4.452080e-02 
 2.600894e+01 -4.373852e-02 
 2.600933e+01 -4.292377e-02 
 2.600973e+01 -4.208234e-02 
 2.601013e+01 -4.122212e-02 
 2.601053e+01 -4.035027e-02 
 2.601092e+01 -3.947100e-02 
 2.601132e+01 -3.858252e-02 
 2.601172e+01 -3.768143e-02 
 2.601212e+01 -3.676065e-02 
 2.601252e+01 -3.581487e-02 
 2.601291e+01 -3.484445e-02 
 2.601331e+01 -3.385163e-02 
 2.601371e+01 -3.284290e-02 
 2.601411e+01 -3.182441e-02 
 2.601450e+01 -3.079968e-02 
 2.601490e+01 -2.977106e-02 
 2.601530e+01 -2.873919e-02 
 2.601570e+01 -2.770753e-02 
 2.601609e+01 -2.668018e-02 
 2.601649e+01 -2.566276e-02 
 2.601689e+01 -2.466475e-02 
 2.601729e+01 -2.369127e-02 
 2.601769e+01 -2.274229e-02 
 2.601808e+01 -2.181849e-02 
 2.601848e+01 -2.091740e-02 
 2.601888e+01 -2.003463e-02 
 2.601928e+01 -1.917055e-02 
 2.601967e+01 -1.833066e-02 
 2.602007e+01 -1.752098e-02 
 2.602047e+01 -1.674594e-02 
 2.602087e+01 -1.601219e-02 
 2.602126e+01 -1.532042e-02 
 2.602166e+01 -1.466590e-02 
 2.602206e+01 -1.404352e-02 
 2.602246e+01 -1.344756e-02 
 2.602286e+01 -1.287443e-02 
 2.602325e+01 -1.232503e-02 
 2.602365e+01 -1.180487e-02 
 2.602405e+01 -1.131654e-02 
 2.602445e+01 -1.086456e-02 
 2.602484e+01 -1.045245e-02 
 2.602524e+01 -1.008463e-02 
 2.602564e+01 -9.763829e-03 
 2.602604e+01 -9.495735e-03 
 2.602643e+01 -9.281429e-03 
 2.602683e+01 -9.123904e-03 
 2.602723e+01 -9.028868e-03 
 2.602763e+01 -8.997932e-03 
 2.602803e+01 -9.034479e-03 
 2.602842e+01 -9.141819e-03 
 2.602882e+01 -9.318631e-03 
 2.602922e+01 -9.564230e-03 
 2.602962e+01 -9.875756e-03 
 2.603001e+01 -1.024256e-02 
 2.603041e+01 -1.065130e-02 
 2.603081e+01 -1.108746e-02 
 2.603121e+01 -1.153737e-02 
 2.603160e+01 -1.199252e-02 
 2.603200e+01 -1.245048e-02 
 2.603240e+01 -1.291004e-02 
 2.603280e+01 -1.337261e-02 
 2.603320e+01 -1.384203e-02 
 2.603359e+01 -1.431958e-02 
 2.603399e+01 -1.480626e-02 
 2.603439e+01 -1.530253e-02 
 2.603479e+01 -1.580976e-02 
 2.603518e+01 -1.632691e-02 
 2.603558e+01 -1.685492e-02 
 2.603598e+01 -1.739425e-02 
 2.603638e+01 -1.794021e-02 
 2.603677e+01 -1.848480e-02 
 2.603717e+01 -1.901785e-02 
 2.603757e+01 -1.952627e-02 
 2.603797e+01 -1.999597e-02 
 2.603837e+01 -2.042115e-02 
 2.603876e+01 -2.080100e-02 
 2.603916e+01 -2.113654e-02 
 2.603956e+01 -2.143422e-02 
 2.603996e+01 -2.169638e-02 
 2.604035e+01 -2.192046e-02 
 2.604075e+01 -2.210372e-02 
 2.604115e+01 -2.223911e-02 
 2.604155e+01 -2.232579e-02 
 2.604194e+01 -2.236713e-02 
 2.604234e+01 -2.237125e-02 
 2.604274e+01 -2.234481e-02 
 2.604314e+01 -2.229382e-02 
 2.604354e+01 -2.222120e-02 
 2.604393e+01 -2.212534e-02 
 2.604433e+01 -2.200347e-02 
 2.604473e+01 -2.185794e-02 
 2.604513e+01 -2.168709e-02 
 2.604552e+01 -2.149314e-02 
 2.604592e+01 -2.128010e-02 
 2.604632e+01 -2.104706e-02 
 2.604672e+01 -2.079251e-02 
 2.604711e+01 -2.051447e-02 
 2.604751e+01 -2.021005e-02 
 2.604791e+01 -1.987872e-02 
 2.604831e+01 -1.952054e-02 
 2.604871e+01 -1.913199e-02 
 2.604910e+01 -1.870766e-02 
 2.604950e+01 -1.824211e-02 
 2.604990e+01 -1.772809e-02 
 2.605030e+01 -1.715891e-02 
 2.605069e+01 -1.653358e-02 
 2.605109e+01 -1.585610e-02 
 2.605149e+01 -1.513154e-02 
 2.605189e+01 -1.437193e-02 
 2.605228e+01 -1.358795e-02 
 2.605268e+01 -1.278655e-02 
 2.605308e+01 -1.197762e-02 
 2.605348e+01 -1.116699e-02 
 2.605388e+01 -1.036083e-02 
 2.605427e+01 -9.562899e-03 
 2.605467e+01 -8.777520e-03 
 2.605507e+01 -8.004269e-03 
 2.605547e+01 -7.237818e-03 
 2.605586e+01 -6.469852e-03 
 2.605626e+01 -5.691232e-03 
 2.605666e+01 -4.893714e-03 
 2.605706e+01 -4.077389e-03 
 2.605746e+01 -3.246276e-03 
 2.605785e+01 -2.408242e-03 
 2.605825e+01 -1.571885e-03 
 2.605865e+01 -7.445921e-04 
 2.605905e+01  7.095384e-05 
 2.605944e+01  8.728867e-04 
 2.605984e+01  1.660083e-03 
 2.606024e+01  2.430606e-03 
 2.606064e+01  3.176959e-03 
 2.606103e+01  3.884987e-03 
 2.606143e+01  4.547164e-03 
 2.606183e+01  5.155973e-03 
 2.606223e+01  5.711983e-03 
 2.606263e+01  6.223285e-03 
 2.606302e+01  6.696728e-03 
 2.606342e+01  7.140292e-03 
 2.606382e+01  7.557875e-03 
 2.606422e+01  7.950407e-03 
 2.606461e+01  8.314329e-03 
 2.606501e+01  8.648539e-03 
 2.606541e+01  8.953459e-03 
 2.606581e+01  9.231635e-03 
 2.606620e+01  9.486199e-03 
 2.606660e+01  9.724770e-03 
 2.606700e+01  9.945853e-03 
 2.606740e+01  1.014613e-02 
 2.606780e+01  1.032219e-02 
 2.606819e+01  1.046668e-02 
 2.606859e+01  1.057533e-02 
 2.606899e+01  1.064412e-02 
 2.606939e+01  1.067315e-02 
 2.606978e+01  1.066230e-02 
 2.607018e+01  1.061231e-02 
 2.607058e+01  1.052025e-02 
 2.607098e+01  1.037917e-02 
 2.607137e+01  1.018167e-02 
 2.607177e+01  9.918305e-03 
 2.607217e+01  9.584496e-03 
 2.607257e+01  9.179563e-03 
 2.607297e+01  8.703349e-03 
 2.607336e+01  8.157499e-03 
 2.607376e+01  7.546340e-03 
 2.607416e+01  6.873633e-03 
 2.607456e+01  6.145281e-03 
 2.607495e+01  5.365975e-03 
 2.607535e+01  4.543708e-03 
 2.607575e+01  3.681958e-03 
 2.607615e+01  2.784111e-03 
 2.607654e+01  1.851654e-03 
 2.607694e+01  8.793574e-04 
 2.607734e+01 -1.377976e-04 
 2.607774e+01 -1.205109e-03 
 2.607814e+01 -2.325033e-03 
 2.607853e+01 -3.496441e-03 
 2.607893e+01 -4.714341e-03 
 2.607933e+01 -5.976444e-03 
 2.607973e+01 -7.282177e-03 
 2.608012e+01 -8.632248e-03 
 2.608052e+01 -1.002649e-02 
 2.608092e+01 -1.146084e-02 
 2.608132e+01 -1.292298e-02 
 2.608171e+01 -1.439724e-02 
 2.608211e+01 -1.586664e-02 
 2.608251e+01 -1.731423e-02 
 2.608291e+01 -1.873035e-02 
 2.608331e+01 -2.011360e-02 
 2.608370e+01 -2.146436e-02 
 2.608410e+01 -2.278650e-02 
 2.608450e+01 -2.408316e-02 
 2.608490e+01 -2.535365e-02 
 2.608529e+01 -2.659234e-02 
 2.608569e+01 -2.779870e-02 
 2.608609e+01 -2.897321e-02 
 2.608649e+01 -3.012069e-02 
 2.608688e+01 -3.124689e-02 
 2.608728e+01 -3.235637e-02 
 2.608768e+01 -3.344980e-02 
 2.608808e+01 -3.452108e-02 
 2.608848e+01 -3.556188e-02 
 2.608887e+01 -3.656106e-02 
 2.608927e+01 -3.751226e-02 
 2.608967e+01 -3.841481e-02 
 2.609007e+01 -3.927190e-02 
 2.609046e+01 -4.008828e-02 
 2.609086e+01 -4.086899e-02 
 2.609126e+01 -4.161004e-02 
 2.609166e+01 -4.230508e-02 
 2.609205e+01 -4.294581e-02 
 2.609245e+01 -4.352588e-02 
 2.609285e+01 -4.404189e-02 
 2.609325e+01 -4.449371e-02 
 2.609365e+01 -4.488560e-02 
 2.609404e+01 -4.521945e-02 
 2.609444e+01 -4.549606e-02 
 2.609484e+01 -4.571118e-02 
 2.609524e+01 -4.586092e-02 
 2.609563e+01 -4.594281e-02 
 2.609603e+01 -4.595868e-02 
 2.609643e+01 -4.591324e-02 
 2.609683e+01 -4.581389e-02 
 2.609722e+01 -4.566673e-02 
 2.609762e+01 -4.547525e-02 
 2.609802e+01 -4.524078e-02 
 2.609842e+01 -4.496381e-02 
 2.609882e+01 -4.464254e-02 
 2.609921e+01 -4.427721e-02 
 2.609961e+01 -4.386937e-02 
 2.610001e+01 -4.341859e-02 
 2.610041e+01 -4.292482e-02 
 2.610080e+01 -4.238637e-02 
 2.610120e+01 -4.179851e-02 
 2.610160e+01 -4.115545e-02 
 2.610200e+01 -4.045900e-02 
 2.610239e+01 -3.971577e-02 
 2.610279e+01 -3.893498e-02 
 2.610319e+01 -3.813199e-02 
 2.610359e+01 -3.731967e-02 
 2.610399e+01 -3.650722e-02 
 2.610438e+01 -3.570160e-02 
 2.610478e+01 -3.490959e-02 
 2.610518e+01 -3.413876e-02 
 2.610558e+01 -3.339456e-02 
 2.610597e+01 -3.268408e-02 
 2.610637e+01 -3.201041e-02 
 2.610677e+01 -3.137326e-02 
 2.610717e+01 -3.076340e-02 
 2.610756e+01 -3.016673e-02 
 2.610796e+01 -2.957268e-02 
 2.610836e+01 -2.897472e-02 
 2.610876e+01 -2.837498e-02 
 2.610916e+01 -2.778361e-02 
 2.610955e+01 -2.721200e-02 
 2.610995e+01 -2.666614e-02 
 2.611035e+01 -2.614481e-02 
 2.611075e+01 -2.564254e-02 
 2.611114e+01 -2.515059e-02 
 2.611154e+01 -2.466263e-02 
 2.611194e+01 -2.418110e-02 
 2.611234e+01 -2.371341e-02 
 2.611273e+01 -2.326969e-02 
 2.611313e+01 -2.285972e-02 
 2.611353e+01 -2.248433e-02 
 2.611393e+01 -2.213687e-02 
 2.611433e+01 -2.180680e-02 
 2.611472e+01 -2.148736e-02 
 2.611512e+01 -2.117479e-02 
 2.611552e+01 -2.087195e-02 
 2.611592e+01 -2.058399e-02 
 2.611631e+01 -2.031736e-02 
 2.611671e+01 -2.007439e-02 
 2.611711e+01 -1.985420e-02 
 2.611751e+01 -1.965452e-02 
 2.611790e+01 -1.947133e-02 
 2.611830e+01 -1.930244e-02 
 2.611870e+01 -1.915140e-02 
 2.611910e+01 -1.902328e-02 
 2.611950e+01 -1.892310e-02 
 2.611989e+01 -1.885163e-02 
 2.612029e+01 -1.880618e-02 
 2.612069e+01 -1.878285e-02 
 2.612109e+01 -1.877902e-02 
 2.612148e+01 -1.879530e-02 
 2.612188e+01 -1.883761e-02 
 2.612228e+01 -1.891156e-02 
 2.612268e+01 -1.902233e-02 
 2.612307e+01 -1.917509e-02 
 2.612347e+01 -1.937161e-02 
 2.612387e+01 -1.960956e-02 
 2.612427e+01 -1.988710e-02 
 2.612467e+01 -2.019857e-02 
 2.612506e+01 -2.053967e-02 
 2.612546e+01 -2.090351e-02 
 2.612586e+01 -2.128374e-02 
 2.612626e+01 -2.166606e-02 
 2.612665e+01 -2.203643e-02 
 2.612705e+01 -2.238577e-02 
 2.612745e+01 -2.271059e-02 
 2.612785e+01 -2.301133e-02 
 2.612824e+01 -2.329396e-02 
 2.612864e+01 -2.356674e-02 
 2.612904e+01 -2.383571e-02 
 2.612944e+01 -2.410214e-02 
 2.612984e+01 -2.436593e-02 
 2.613023e+01 -2.462624e-02 
 2.613063e+01 -2.488213e-02 
 2.613103e+01 -2.513604e-02 
 2.613143e+01 -2.539216e-02 
 2.613182e+01 -2.565680e-02 
 2.613222e+01 -2.593002e-02 
 2.613262e+01 -2.620575e-02 
 2.613302e+01 -2.647198e-02 
 2.613341e+01 -2.671797e-02 
 2.613381e+01 -2.693266e-02 
 2.613421e+01 -2.711074e-02 
 2.613461e+01 -2.725274e-02 
 2.613501e+01 -2.735947e-02 
 2.613540e+01 -2.743558e-02 
 2.613580e+01 -2.748106e-02 
 2.613620e+01 -2.749521e-02 
 2.613660e+01 -2.747541e-02 
 2.613699e+01 -2.742124e-02 
 2.613739e+01 -2.733503e-02 
 2.613779e+01 -2.722314e-02 
 2.613819e+01 -2.709522e-02 
 2.613858e+01 -2.695712e-02 
 2.613898e+01 -2.680980e-02 
 2.613938e+01 -2.664627e-02 
 2.613978e+01 -2.645754e-02 
 2.614018e+01 -2.623045e-02 
 2.614057e+01 -2.595783e-02 
 2.614097e+01 -2.563828e-02 
 2.614137e+01 -2.527431e-02 
 2.614177e+01 -2.487216e-02 
 2.614216e+01 -2.443554e-02 
 2.614256e+01 -2.396386e-02 
 2.614296e+01 -2.345250e-02 
 2.614336e+01 -2.289393e-02 
 2.614375e+01 -2.228105e-02 
 2.614415e+01 -2.160880e-02 
 2.614455e+01 -2.087810e-02 
 2.614495e+01 -2.009022e-02 
 2.614535e+01 -1.924729e-02 
 2.614574e+01 -1.835121e-02 
 2.614614e+01 -1.740031e-02 
 2.614654e+01 -1.639492e-02 
 2.614694e+01 -1.534015e-02 
 2.614733e+01 -1.424293e-02 
 2.614773e+01 -1.311613e-02 
 2.614813e+01 -1.197224e-02 
 2.614853e+01 -1.082376e-02 
 2.614892e+01 -9.679125e-03 
 2.614932e+01 -8.543073e-03 
 2.614972e+01 -7.418718e-03 
 2.615012e+01 -6.308420e-03 
 2.615052e+01 -5.215487e-03 
 2.615091e+01 -4.144704e-03 
 2.615131e+01 -3.095935e-03 
 2.615171e+01 -2.068782e-03 
 2.615211e+01 -1.059515e-03 
 2.615250e+01 -6.286901e-05 
 2.615290e+01  9.244243e-04 
 2.615330e+01  1.904145e-03 
 2.615370e+01  2.873034e-03 
 2.615410e+01  3.826399e-03 
 2.615449e+01  4.755524e-03 
 2.615489e+01  5.653737e-03 
 2.615529e+01  6.514940e-03 
 2.615569e+01  7.334337e-03 
 2.615608e+01  8.107142e-03 
 2.615648e+01  8.827607e-03 
 2.615688e+01  9.487817e-03 
 2.615728e+01  1.008019e-02 
 2.615767e+01  1.060266e-02 
 2.615807e+01  1.105688e-02 
 2.615847e+01  1.145064e-02 
 2.615887e+01  1.179481e-02 
 2.615927e+01  1.210131e-02 
 2.615966e+01  1.237481e-02 
 2.616006e+01  1.261497e-02 
 2.616046e+01  1.281731e-02 
 2.616086e+01  1.297391e-02 
 2.616125e+01  1.308230e-02 
 2.616165e+01  1.314245e-02 
 2.616205e+01  1.316092e-02 
 2.616245e+01  1.314559e-02 
 2.616284e+01  1.310153e-02 
 2.616324e+01  1.302656e-02 
 2.616364e+01  1.291482e-02 
 2.616404e+01  1.275522e-02 
 2.616444e+01  1.253951e-02 
 2.616483e+01  1.226299e-02 
 2.616523e+01  1.192629e-02 
 2.616563e+01  1.153274e-02 
 2.616603e+01  1.108845e-02 
 2.616642e+01  1.059587e-02 
 2.616682e+01  1.005352e-02 
 2.616722e+01  9.456685e-03 
 2.616762e+01  8.801974e-03 
 2.616801e+01  8.086849e-03 
 2.616841e+01  7.314141e-03 
 2.616881e+01  6.491297e-03 
 2.616921e+01  5.626845e-03 
 2.616961e+01  4.726110e-03 
 2.617000e+01  3.795147e-03 
 2.617040e+01  2.836027e-03 
 2.617080e+01  1.852253e-03 
 2.617120e+01  8.478861e-04 
 2.617159e+01 -1.696986e-04 
 2.617199e+01 -1.189522e-03 
 2.617239e+01 -2.201536e-03 
 2.617279e+01 -3.201280e-03 
 2.617318e+01 -4.190134e-03 
 2.617358e+01 -5.173719e-03 
 2.617398e+01 -6.159335e-03 
 2.617438e+01 -7.154564e-03 
 2.617478e+01 -8.160403e-03 
 2.617517e+01 -9.175262e-03 
 2.617557e+01 -1.019745e-02 
 2.617597e+01 -1.122390e-02 
 2.617637e+01 -1.225187e-02 
 2.617676e+01 -1.328019e-02 
 2.617716e+01 -1.430505e-02 
 2.617756e+01 -1.531904e-02 
 2.617796e+01 -1.631137e-02 
 2.617835e+01 -1.727170e-02 
 2.617875e+01 -1.819462e-02 
 2.617915e+01 -1.908088e-02 
 2.617955e+01 -1.993816e-02 
 2.617995e+01 -2.077594e-02 
 2.618034e+01 -2.160084e-02 
 2.618074e+01 -2.241473e-02 
 2.618114e+01 -2.321454e-02 
 2.618154e+01 -2.399509e-02 
 2.618193e+01 -2.475637e-02 
 2.618233e+01 -2.550318e-02 
 2.618273e+01 -2.624444e-02 
 2.618313e+01 -2.699042e-02 
 2.618352e+01 -2.774701e-02 
 2.618392e+01 -2.851389e-02 
 2.618432e+01 -2.928276e-02 
 2.618472e+01 -3.004160e-02 
 2.618512e+01 -3.077859e-02 
 2.618551e+01 -3.148786e-02 
 2.618591e+01 -3.216777e-02 
 2.618631e+01 -3.282117e-02 
 2.618671e+01 -3.344982e-02 
 2.618710e+01 -3.405084e-02 
 2.618750e+01 -3.461809e-02 
 2.618790e+01 -3.514390e-02 
 2.618830e+01 -3.562397e-02 
 2.618869e+01 -3.605598e-02 
 2.618909e+01 -3.644411e-02 
 2.618949e+01 -3.679423e-02 
 2.618989e+01 -3.710853e-02 
 2.619029e+01 -3.738500e-02 
 2.619068e+01 -3.761853e-02 
 2.619108e+01 -3.779846e-02 
 2.619148e+01 -3.791742e-02 
 2.619188e+01 -3.797419e-02 
 2.619227e+01 -3.797406e-02 
 2.619267e+01 -3.792502e-02 
 2.619307e+01 -3.783888e-02 
 2.619347e+01 -3.772481e-02 
 2.619386e+01 -3.758590e-02 
 2.619426e+01 -3.742045e-02 
 2.619466e+01 -3.722490e-02 
 2.619506e+01 -3.699629e-02 
 2.619546e+01 -3.673190e-02 
 2.619585e+01 -3.643131e-02 
 2.619625e+01 -3.609767e-02 
 2.619665e+01 -3.573151e-02 
 2.619705e+01 -3.533318e-02 
 2.619744e+01 -3.490118e-02 
 2.619784e+01 -3.443944e-02 
 2.619824e+01 -3.395241e-02 
 2.619864e+01 -3.344720e-02 
 2.619903e+01 -3.293317e-02 
 2.619943e+01 -3.241977e-02 
 2.619983e+01 -3.191404e-02 
 2.620023e+01 -3.141953e-02 
 2.620063e+01 -3.093746e-02 
 2.620102e+01 -3.046801e-02 
 2.620142e+01 -3.001057e-02 
 2.620182e+01 -2.956515e-02 
 2.620222e+01 -2.913239e-02 
 2.620261e+01 -2.871299e-02 
 2.620301e+01 -2.830578e-02 
 2.620341e+01 -2.790545e-02 
 2.620381e+01 -2.750318e-02 
 2.620420e+01 -2.709416e-02 
 2.620460e+01 -2.667692e-02 
 2.620500e+01 -2.625139e-02 
 2.620540e+01 -2.582204e-02 
 2.620580e+01 -2.539583e-02 
 2.620619e+01 -2.497764e-02 
 2.620659e+01 -2.457185e-02 
 2.620699e+01 -2.418073e-02 
 2.620739e+01 -2.380622e-02 
 2.620778e+01 -2.345308e-02 
 2.620818e+01 -2.312907e-02 
 2.620858e+01 -2.284384e-02 
 2.620898e+01 -2.260475e-02 
 2.620937e+01 -2.241238e-02 
 2.620977e+01 -2.226039e-02 
 2.621017e+01 -2.213780e-02 
 2.621057e+01 -2.203492e-02 
 2.621097e+01 -2.194834e-02 
 2.621136e+01 -2.188179e-02 
 2.621176e+01 -2.184441e-02 
 2.621216e+01 -2.184703e-02 
 2.621256e+01 -2.189715e-02 
 2.621295e+01 -2.199778e-02 
 2.621335e+01 -2.214266e-02 
 2.621375e+01 -2.232238e-02 
 2.621415e+01 -2.253118e-02 
 2.621454e+01 -2.276660e-02 
 2.621494e+01 -2.303024e-02 
 2.621534e+01 -2.332604e-02 
 2.621574e+01 -2.365766e-02 
 2.621614e+01 -2.402029e-02 
 2.621653e+01 -2.440670e-02 
 2.621693e+01 -2.481152e-02 
 2.621733e+01 -2.523060e-02 
 2.621773e+01 -2.566222e-02 
 2.621812e+01 -2.610808e-02 
 2.621852e+01 -2.657001e-02 
 2.621892e+01 -2.704885e-02 
 2.621932e+01 -2.754103e-02 
 2.621971e+01 -2.803909e-02 
 2.622011e+01 -2.853490e-02 
 2.622051e+01 -2.901943e-02 
 2.622091e+01 -2.948776e-02 
 2.622131e+01 -2.993548e-02 
 2.622170e+01 -3.036054e-02 
 2.622210e+01 -3.076006e-02 
 2.622250e+01 -3.112561e-02 
 2.622290e+01 -3.144949e-02 
 2.622329e+01 -3.172587e-02 
 2.622369e+01 -3.194977e-02 
 2.622409e+01 -3.212063e-02 
 2.622449e+01 -3.224271e-02 
 2.622488e+01 -3.232623e-02 
 2.622528e+01 -3.238162e-02 
 2.622568e+01 -3.241814e-02 
 2.622608e+01 -3.244351e-02 
 2.622648e+01 -3.246332e-02 
 2.622687e+01 -3.248038e-02 
 2.622727e+01 -3.249389e-02 
 2.622767e+01 -3.250317e-02 
 2.622807e+01 -3.250460e-02 
 2.622846e+01 -3.249018e-02 
 2.622886e+01 -3.245145e-02 
 2.622926e+01 -3.238013e-02 
 2.622966e+01 -3.226800e-02 
 2.623005e+01 -3.211098e-02 
 2.623045e+01 -3.190883e-02 
 2.623085e+01 -3.166603e-02 
 2.623125e+01 -3.138831e-02 
 2.623165e+01 -3.108154e-02 
 2.623204e+01 -3.074853e-02 
 2.623244e+01 -3.039054e-02 
 2.623284e+01 -3.000580e-02 
 2.623324e+01 -2.959462e-02 
 2.623363e+01 -2.915717e-02 
 2.623403e+01 -2.869667e-02 
 2.623443e+01 -2.822010e-02 
 2.623483e+01 -2.773114e-02 
 2.623522e+01 -2.723165e-02 
 2.623562e+01 -2.672006e-02 
 2.623602e+01 -2.619078e-02 
 2.623642e+01 -2.563583e-02 
 2.623682e+01 -2.505019e-02 
 2.623721e+01 -2.443299e-02 
 2.623761e+01 -2.378774e-02 
 2.623801e+01 -2.311756e-02 
 2.623841e+01 -2.242557e-02 
 2.623880e+01 -2.171093e-02 
 2.623920e+01 -2.097121e-02 
 2.623960e+01 -2.020262e-02 
 2.624000e+01 -1.940388e-02 
 2.624039e+01 -1.857760e-02 
 2.624079e+01 -1.773108e-02 
 2.624119e+01 -1.687086e-02 
 2.624159e+01 -1.600144e-02 
 2.624199e+01 -1.512395e-02 
 2.624238e+01 -1.423378e-02 
 2.624278e+01 -1.332817e-02 
 2.624318e+01 -1.240807e-02 
 2.624358e+01 -1.148063e-02 
 2.624397e+01 -1.055624e-02 
 2.624437e+01 -9.648687e-03 
 2.624477e+01 -8.769942e-03 
 2.624517e+01 -7.926199e-03 
 2.624557e+01 -7.120329e-03 
 2.624596e+01 -6.348497e-03 
 2.624636e+01 -5.604002e-03 
 2.624676e+01 -4.880031e-03 
 2.624716e+01 -4.168608e-03 
 2.624755e+01 -3.462235e-03 
 2.624795e+01 -2.752903e-03 
 2.624835e+01 -2.033253e-03 
 2.624875e+01 -1.297818e-03 
 2.624914e+01 -5.451759e-04 
 2.624954e+01  2.209739e-04 
 2.624994e+01  9.942489e-04 
 2.625034e+01  1.766100e-03 
 2.625074e+01  2.528245e-03 
 2.625113e+01  3.274900e-03 
 2.625153e+01  4.001562e-03 
 2.625193e+01  4.704640e-03 
 2.625233e+01  5.380546e-03 
 2.625272e+01  6.025798e-03 
 2.625312e+01  6.636315e-03 
 2.625352e+01  7.210465e-03 
 2.625392e+01  7.748068e-03 
 2.625431e+01  8.251833e-03 
 2.625471e+01  8.724313e-03 
 2.625511e+01  9.171692e-03 
 2.625551e+01  9.595955e-03 
 2.625591e+01  9.999438e-03 
 2.625630e+01  1.038037e-02 
 2.625670e+01  1.073610e-02 
 2.625710e+01  1.106217e-02 
 2.625750e+01  1.135551e-02 
 2.625789e+01  1.161250e-02 
 2.625829e+01  1.182888e-02 
 2.625869e+01  1.200162e-02 
 2.625909e+01  1.212572e-02 
 2.625948e+01  1.219259e-02 
 2.625988e+01  1.219671e-02 
 2.626028e+01  1.213370e-02 
 2.626068e+01  1.200078e-02 
 2.626108e+01  1.179870e-02 
 2.626147e+01  1.153111e-02 
 2.626187e+01  1.120536e-02 
 2.626227e+01  1.082612e-02 
 2.626267e+01  1.039556e-02 
 2.626306e+01  9.913835e-03 
 2.626346e+01  9.377999e-03 
 2.626386e+01  8.786697e-03 
 2.626426e+01  8.139539e-03 
 2.626465e+01  7.441406e-03 
 2.626505e+01  6.699384e-03 
 2.626545e+01  5.921236e-03 
 2.626585e+01  5.116025e-03 
 2.626625e+01  4.291805e-03 
 2.626664e+01  3.452435e-03 
 2.626704e+01  2.598841e-03 
 2.626744e+01  1.734779e-03 
 2.626784e+01  8.633910e-04 
 2.626823e+01 -9.881084e-06 
 2.626863e+01 -8.809533e-04 
 2.626903e+01 -1.749804e-03 
 2.626943e+01 -2.619276e-03 
 2.626982e+01 -3.495277e-03 
 2.627022e+01 -4.383986e-03 
 2.627062e+01 -5.290524e-03 
 2.627102e+01 -6.217901e-03 
 2.627142e+01 -7.164440e-03 
 2.627181e+01 -8.125767e-03 
 2.627221e+01 -9.094735e-03 
 2.627261e+01 -1.006471e-02 
 2.627301e+01 -1.103270e-02 
 2.627340e+01 -1.199518e-02 
 2.627380e+01 -1.294994e-02 
 2.627420e+01 -1.389172e-02 
 2.627460e+01 -1.481371e-02 
 2.627499e+01 -1.570930e-02 
 2.627539e+01 -1.657302e-02 
 2.627579e+01 -1.740307e-02 
 2.627619e+01 -1.820236e-02 
 2.627659e+01 -1.897520e-02 
 2.627698e+01 -1.972842e-02 
 2.627738e+01 -2.046851e-02 
 2.627778e+01 -2.120004e-02 
 2.627818e+01 -2.192416e-02 
 2.627857e+01 -2.264101e-02 
 2.627897e+01 -2.334899e-02 
 2.627937e+01 -2.404184e-02 
 2.627977e+01 -2.471152e-02 
 2.628016e+01 -2.535134e-02 
 2.628056e+01 -2.595273e-02 
 2.628096e+01 -2.650942e-02 
 2.628136e+01 -2.701859e-02 
 2.628176e+01 -2.747999e-02 
 2.628215e+01 -2.789554e-02 
 2.628255e+01 -2.826661e-02 
 2.628295e+01 -2.859627e-02 
 2.628335e+01 -2.888627e-02 
 2.628374e+01 -2.913560e-02 
 2.628414e+01 -2.934232e-02 
 2.628454e+01 -2.950582e-02 
 2.628494e+01 -2.962719e-02 
 2.628533e+01 -2.970716e-02 
 2.628573e+01 -2.975041e-02 
 2.628613e+01 -2.976332e-02 
 2.628653e+01 -2.975095e-02 
 2.628693e+01 -2.971828e-02 
 2.628732e+01 -2.966913e-02 
 2.628772e+01 -2.960532e-02 
 2.628812e+01 -2.952899e-02 
 2.628852e+01 -2.944023e-02 
 2.628891e+01 -2.934291e-02 
 2.628931e+01 -2.924111e-02 
 2.628971e+01 -2.913865e-02 
 2.629011e+01 -2.904025e-02 
 2.629050e+01 -2.894735e-02 
 2.629090e+01 -2.885915e-02 
 2.629130e+01 -2.877407e-02 
 2.629170e+01 -2.868989e-02 
 2.629210e+01 -2.860525e-02 
 2.629249e+01 -2.852124e-02 
 2.629289e+01 -2.843852e-02 
 2.629329e+01 -2.835569e-02 
 2.629369e+01 -2.827124e-02 
 2.629408e+01 -2.818274e-02 
 2.629448e+01 -2.808747e-02 
 2.629488e+01 -2.798469e-02 
 2.629528e+01 -2.787719e-02 
 2.629567e+01 -2.777068e-02 
 2.629607e+01 -2.767418e-02 
 2.629647e+01 -2.759379e-02 
 2.629687e+01 -2.753497e-02 
 2.629727e+01 -2.749330e-02 
 2.629766e+01 -2.746339e-02 
 2.629806e+01 -2.743522e-02 
 2.629846e+01 -2.740016e-02 
 2.629886e+01 -2.735029e-02 
 2.629925e+01 -2.728074e-02 
 2.629965e+01 -2.718687e-02 
 2.630005e+01 -2.706921e-02 
 2.630045e+01 -2.692808e-02 
 2.630084e+01 -2.676672e-02 
 2.630124e+01 -2.658896e-02 
 2.630164e+01 -2.640019e-02 
 2.630204e+01 -2.620894e-02 
 2.630244e+01 -2.602433e-02 
 2.630283e+01 -2.585325e-02 
 2.630323e+01 -2.569917e-02 
 2.630363e+01 -2.556281e-02 
 2.630403e+01 -2.544284e-02 
 2.630442e+01 -2.533908e-02 
 2.630482e+01 -2.525303e-02 
 2.630522e+01 -2.519093e-02 
 2.630562e+01 -2.515561e-02 
 2.630601e+01 -2.514809e-02 
 2.630641e+01 -2.516886e-02 
 2.630681e+01 -2.521440e-02 
 2.630721e+01 -2.527825e-02 
 2.630761e+01 -2.535743e-02 
 2.630800e+01 -2.544874e-02 
 2.630840e+01 -2.555327e-02 
 2.630880e+01 -2.567277e-02 
 2.630920e+01 -2.581108e-02 
 2.630959e+01 -2.596809e-02 
 2.630999e+01 -2.614250e-02 
 2.631039e+01 -2.633513e-02 
 2.631079e+01 -2.654660e-02 
 2.631118e+01 -2.677843e-02 
 2.631158e+01 -2.703359e-02 
 2.631198e+01 -2.731227e-02 
 2.631238e+01 -2.761004e-02 
 2.631278e+01 -2.792222e-02 
 2.631317e+01 -2.824267e-02 
 2.631357e+01 -2.856615e-02 
 2.631397e+01 -2.888860e-02 
 2.631437e+01 -2.921154e-02 
 2.631476e+01 -2.954099e-02 
 2.631516e+01 -2.988120e-02 
 2.631556e+01 -3.023388e-02 
 2.631596e+01 -3.059757e-02 
 2.631635e+01 -3.096646e-02 
 2.631675e+01 -3.133243e-02 
 2.631715e+01 -3.168756e-02 
 2.631755e+01 -3.202561e-02 
 2.631795e+01 -3.234269e-02 
 2.631834e+01 -3.263729e-02 
 2.631874e+01 -3.291134e-02 
 2.631914e+01 -3.316666e-02 
 2.631954e+01 -3.340557e-02 
 2.631993e+01 -3.363190e-02 
 2.632033e+01 -3.384943e-02 
 2.632073e+01 -3.406451e-02 
 2.632113e+01 -3.428378e-02 
 2.632152e+01 -3.451307e-02 
 2.632192e+01 -3.475642e-02 
 2.632232e+01 -3.501411e-02 
 2.632272e+01 -3.528507e-02 
 2.632312e+01 -3.556271e-02 
 2.632351e+01 -3.583842e-02 
 2.632391e+01 -3.610462e-02 
 2.632431e+01 -3.635177e-02 
 2.632471e+01 -3.657329e-02 
 2.632510e+01 -3.676296e-02 
 2.632550e+01 -3.691286e-02 
 2.632590e+01 -3.701725e-02 
 2.632630e+01 -3.706944e-02 
 2.632669e+01 -3.706342e-02 
 2.632709e+01 -3.699817e-02 
 2.632749e+01 -3.687545e-02 
 2.632789e+01 -3.669772e-02 
 2.632829e+01 -3.646939e-02 
 2.632868e+01 -3.619496e-02 
 2.632908e+01 -3.587811e-02 
 2.632948e+01 -3.552201e-02 
 2.632988e+01 -3.512919e-02 
 2.633027e+01 -3.470186e-02 
 2.633067e+01 -3.423850e-02 
 2.633107e+01 -3.373672e-02 
 2.633147e+01 -3.319267e-02 
 2.633186e+01 -3.260101e-02 
 2.633226e+01 -3.195763e-02 
 2.633266e+01 -3.126024e-02 
 2.633306e+01 -3.050899e-02 
 2.633346e+01 -2.970974e-02 
 2.633385e+01 -2.886981e-02 
 2.633425e+01 -2.799713e-02 
 2.633465e+01 -2.709670e-02 
 2.633505e+01 -2.617019e-02 
 2.633544e+01 -2.521668e-02 
 2.633584e+01 -2.423498e-02 
 2.633624e+01 -2.322489e-02 
 2.633664e+01 -2.218972e-02 
 2.633704e+01 -2.113506e-02 
 2.633743e+01 -2.006685e-02 
 2.633783e+01 -1.899264e-02 
 2.633823e+01 -1.791909e-02 
 2.633863e+01 -1.685046e-02 
 2.633902e+01 -1.578970e-02 
 2.633942e+01 -1.474058e-02 
 2.633982e+01 -1.370875e-02 
 2.634022e+01 -1.270050e-02 
 2.634061e+01 -1.171872e-02 
 2.634101e+01 -1.076608e-02 
 2.634141e+01 -9.841883e-03 
 2.634181e+01 -8.942653e-03 
 2.634221e+01 -8.062830e-03 
 2.634260e+01 -7.199199e-03 
 2.634300e+01 -6.346804e-03 
 2.634340e+01 -5.502012e-03 
 2.634380e+01 -4.661042e-03 
 2.634419e+01 -3.821062e-03 
 2.634459e+01 -2.979346e-03 
 2.634499e+01 -2.132750e-03 
 2.634539e+01 -1.281649e-03 
 2.634578e+01 -4.293172e-04 
 2.634618e+01  4.187958e-04 
 2.634658e+01  1.253601e-03 
 2.634698e+01  2.065581e-03 
 2.634738e+01  2.847234e-03 
 2.634777e+01  3.591459e-03 
 2.634817e+01  4.290601e-03 
 2.634857e+01  4.939194e-03 
 2.634897e+01  5.535182e-03 
 2.634936e+01  6.078450e-03 
 2.634976e+01  6.571575e-03 
 2.635016e+01  7.022794e-03 
 2.635056e+01  7.439832e-03 
 2.635095e+01  7.828000e-03 
 2.635135e+01  8.190476e-03 
 2.635175e+01  8.529063e-03 
 2.635215e+01  8.841826e-03 
 2.635255e+01  9.123509e-03 
 2.635294e+01  9.371729e-03 
 2.635334e+01  9.584523e-03 
 2.635374e+01  9.760005e-03 
 2.635414e+01  9.895223e-03 
 2.635453e+01  9.986940e-03 
 2.635493e+01  1.003414e-02 
 2.635533e+01  1.003217e-02 
 2.635573e+01  9.981041e-03 
 2.635612e+01  9.880046e-03 
 2.635652e+01  9.730290e-03 
 2.635692e+01  9.532205e-03 
 2.635732e+01  9.289669e-03 
 2.635772e+01  9.008925e-03 
 2.635811e+01  8.695097e-03 
 2.635851e+01  8.351696e-03 
 2.635891e+01  7.982080e-03 
 2.635931e+01  7.588272e-03 
 2.635970e+01  7.174032e-03 
 2.636010e+01  6.742214e-03 
 2.636050e+01  6.294301e-03 
 2.636090e+01  5.833310e-03 
 2.636129e+01  5.360518e-03 
 2.636169e+01  4.876276e-03 
 2.636209e+01  4.381117e-03 
 2.636249e+01  3.872291e-03 
 2.636289e+01  3.348581e-03 
 2.636328e+01  2.809115e-03 
 2.636368e+01  2.256438e-03 
 2.636408e+01  1.693310e-03 
 2.636448e+01  1.121616e-03 
 2.636487e+01  5.403014e-04 
 2.636527e+01 -5.558792e-05 
 2.636567e+01 -6.733074e-04 
 2.636607e+01 -1.321722e-03 
 2.636646e+01 -2.007977e-03 
 2.636686e+01 -2.735387e-03 
 2.636726e+01 -3.504261e-03 
 2.636766e+01 -4.310290e-03 
 2.636806e+01 -5.147979e-03 
 2.636845e+01 -6.010855e-03 
 2.636885e+01 -6.890414e-03 
 2.636925e+01 -7.781850e-03 
 2.636965e+01 -8.677167e-03 
 2.637004e+01 -9.573080e-03 
 2.637044e+01 -1.046185e-02 
 2.637084e+01 -1.134079e-02 
 2.637124e+01 -1.220866e-02 
 2.637163e+01 -1.306685e-02 
 2.637203e+01 -1.391630e-02 
 2.637243e+01 -1.475964e-02 
 2.637283e+01 -1.559896e-02 
 2.637323e+01 -1.643150e-02 
 2.637362e+01 -1.725432e-02 
 2.637402e+01 -1.806598e-02 
 2.637442e+01 -1.886375e-02 
 2.637482e+01 -1.964601e-02 
 2.637521e+01 -2.041196e-02 
 2.637561e+01 -2.115735e-02 
 2.637601e+01 -2.187551e-02 
 2.637641e+01 -2.255583e-02 
 2.637680e+01 -2.318929e-02 
 2.637720e+01 -2.376794e-02 
 2.637760e+01 -2.428919e-02 
 2.637800e+01 -2.475437e-02 
 2.637840e+01 -2.516706e-02 
 2.637879e+01 -2.552995e-02 
 2.637919e+01 -2.584448e-02 
 2.637959e+01 -2.611158e-02 
 2.637999e+01 -2.633089e-02 
 2.638038e+01 -2.650485e-02 
 2.638078e+01 -2.663901e-02 
 2.638118e+01 -2.674313e-02 
 2.638158e+01 -2.682349e-02 
 2.638197e+01 -2.688558e-02 
 2.638237e+01 -2.693141e-02 
 2.638277e+01 -2.695806e-02 
 2.638317e+01 -2.695873e-02 
 2.638357e+01 -2.693002e-02 
 2.638396e+01 -2.687234e-02 
 2.638436e+01 -2.678749e-02 
 2.638476e+01 -2.667986e-02 
 2.638516e+01 -2.655751e-02 
 2.638555e+01 -2.642356e-02 
 2.638595e+01 -2.627952e-02 
 2.638635e+01 -2.612446e-02 
 2.638675e+01 -2.595622e-02 
 2.638714e+01 -2.577222e-02 
 2.638754e+01 -2.557248e-02 
 2.638794e+01 -2.535802e-02 
 2.638834e+01 -2.513089e-02 
 2.638874e+01 -2.488990e-02 
 2.638913e+01 -2.463347e-02 
 2.638953e+01 -2.435841e-02 
 2.638993e+01 -2.406461e-02 
 2.639033e+01 -2.375587e-02 
 2.639072e+01 -2.343760e-02 
 2.639112e+01 -2.311774e-02 
 2.639152e+01 -2.280405e-02 
 2.639192e+01 -2.249984e-02 
 2.639231e+01 -2.220761e-02 
 2.639271e+01 -2.192579e-02 
 2.639311e+01 -2.165240e-02 
 2.639351e+01 -2.138746e-02 
 2.639391e+01 -2.113409e-02 
 2.639430e+01 -2.089591e-02 
 2.639470e+01 -2.067648e-02 
 2.639510e+01 -2.047396e-02 
 2.639550e+01 -2.028448e-02 
 2.639589e+01 -2.010309e-02 
 2.639629e+01 -1.992817e-02 
 2.639669e+01 -1.976114e-02 
 2.639709e+01 -1.961014e-02 
 2.639748e+01 -1.948225e-02 
 2.639788e+01 -1.938751e-02 
 2.639828e+01 -1.933114e-02 
 2.639868e+01 -1.931818e-02 
 2.639908e+01 -1.935218e-02 
 2.639947e+01 -1.943701e-02 
 2.639987e+01 -1.957672e-02 
 2.640027e+01 -1.977603e-02 
 2.640067e+01 -2.003639e-02 
 2.640106e+01 -2.035434e-02 
 2.640146e+01 -2.072132e-02 
 2.640186e+01 -2.112432e-02 
 2.640226e+01 -2.154970e-02 
 2.640265e+01 -2.198953e-02 
 2.640305e+01 -2.244085e-02 
 2.640345e+01 -2.290295e-02 
 2.640385e+01 -2.337914e-02 
 2.640425e+01 -2.387023e-02 
 2.640464e+01 -2.437483e-02 
 2.640504e+01 -2.488777e-02 
 2.640544e+01 -2.540366e-02 
 2.640584e+01 -2.591848e-02 
 2.640623e+01 -2.643356e-02 
 2.640663e+01 -2.695275e-02 
 2.640703e+01 -2.748016e-02 
 2.640743e+01 -2.801890e-02 
 2.640782e+01 -2.856536e-02 
 2.640822e+01 -2.911508e-02 
 2.640862e+01 -2.966210e-02 
 2.640902e+01 -3.019986e-02 
 2.640942e+01 -3.072770e-02 
 2.640981e+01 -3.124712e-02 
 2.641021e+01 -3.176055e-02 
 2.641061e+01 -3.227160e-02 
 2.641101e+01 -3.277848e-02 
 2.641140e+01 -3.327838e-02 
 2.641180e+01 -3.376471e-02 
 2.641220e+01 -3.423432e-02 
 2.641260e+01 -3.468706e-02 
 2.641299e+01 -3.512611e-02 
 2.641339e+01 -3.555656e-02 
 2.641379e+01 -3.598238e-02 
 2.641419e+01 -3.640309e-02 
 2.641459e+01 -3.681437e-02 
 2.641498e+01 -3.721278e-02 
 2.641538e+01 -3.759650e-02 
 2.641578e+01 -3.796415e-02 
 2.641618e+01 -3.831895e-02 
 2.641657e+01 -3.866648e-02 
 2.641697e+01 -3.901252e-02 
 2.641737e+01 -3.936075e-02 
 2.641777e+01 -3.971207e-02 
 2.641816e+01 -4.006396e-02 
 2.641856e+01 -4.041217e-02 
 2.641896e+01 -4.075323e-02 
 2.641936e+01 -4.108481e-02 
 2.641976e+01 -4.140144e-02 
 2.642015e+01 -4.169353e-02 
 2.642055e+01 -4.194869e-02 
 2.642095e+01 -4.215154e-02 
 2.642135e+01 -4.229311e-02 
 2.642174e+01 -4.236689e-02 
 2.642214e+01 -4.237074e-02 
 2.642254e+01 -4.230842e-02 
 2.642294e+01 -4.218820e-02 
 2.642333e+01 -4.201756e-02 
 2.642373e+01 -4.180038e-02 
 2.642413e+01 -4.153940e-02 
 2.642453e+01 -4.123289e-02 
 2.642493e+01 -4.088385e-02 
 2.642532e+01 -4.049491e-02 
 2.642572e+01 -4.007330e-02 
 2.642612e+01 -3.962563e-02 
 2.642652e+01 -3.915432e-02 
 2.642691e+01 -3.865769e-02 
 2.642731e+01 -3.813077e-02 
 2.642771e+01 -3.756636e-02 
 2.642811e+01 -3.695923e-02 
 2.642851e+01 -3.630503e-02 
 2.642890e+01 -3.560502e-02 
 2.642930e+01 -3.486162e-02 
 2.642970e+01 -3.407845e-02 
 2.643010e+01 -3.325900e-02 
 2.643049e+01 -3.240422e-02 
 2.643089e+01 -3.151313e-02 
 2.643129e+01 -3.058662e-02 
 2.643169e+01 -2.962853e-02 
 2.643208e+01 -2.864625e-02 
 2.643248e+01 -2.764719e-02 
 2.643288e+01 -2.663801e-02 
 2.643328e+01 -2.562126e-02 
 2.643368e+01 -2.459455e-02 
 2.643407e+01 -2.355411e-02 
 2.643447e+01 -2.249355e-02 
 2.643487e+01 -2.141004e-02 
 2.643527e+01 -2.030520e-02 
 2.643566e+01 -1.918346e-02 
 2.643606e+01 -1.805324e-02 
 2.643646e+01 -1.692073e-02 
 2.643686e+01 -1.578753e-02 
 2.643725e+01 -1.465266e-02 
 2.643765e+01 -1.351314e-02 
 2.643805e+01 -1.236518e-02 
 2.643845e+01 -1.120585e-02 
 2.643885e+01 -1.003463e-02 
 2.643924e+01 -8.852917e-03 
 2.643964e+01 -7.661878e-03 
 2.644004e+01 -6.462879e-03 
 2.644044e+01 -5.255355e-03 
 2.644083e+01 -4.040039e-03 
 2.644123e+01 -2.822416e-03 
 2.644163e+01 -1.611419e-03 
 2.644203e+01 -4.212970e-04 
 2.644242e+01  7.330477e-04 
 2.644282e+01  1.841919e-03 
 2.644322e+01  2.897596e-03 
 2.644362e+01  3.895976e-03 
 2.644402e+01  4.833221e-03 
 2.644441e+01  5.708568e-03 
 2.644481e+01  6.518763e-03 
 2.644521e+01  7.259495e-03 
 2.644561e+01  7.928920e-03 
 2.644600e+01  8.526676e-03 
 2.644640e+01  9.054884e-03 
 2.644680e+01  9.522379e-03 
 2.644720e+01  9.939481e-03 
 2.644759e+01  1.031281e-02 
 2.644799e+01  1.064468e-02 
 2.644839e+01  1.093055e-02 
 2.644879e+01  1.116532e-02 
 2.644919e+01  1.134344e-02 
 2.644958e+01  1.146465e-02 
 2.644998e+01  1.152814e-02 
 2.645038e+01  1.153170e-02 
 2.645078e+01  1.147432e-02 
 2.645117e+01  1.135152e-02 
 2.645157e+01  1.115983e-02 
 2.645197e+01  1.089725e-02 
 2.645237e+01  1.056658e-02 
 2.645276e+01  1.017795e-02 
 2.645316e+01  9.744984e-03 
 2.645356e+01  9.283655e-03 
 2.645396e+01  8.803774e-03 
 2.645436e+01  8.309174e-03 
 2.645475e+01  7.797326e-03 
 2.645515e+01  7.262189e-03 
 2.645555e+01  6.701273e-03 
 2.645595e+01  6.114962e-03 
 2.645634e+01  5.507077e-03 
 2.645674e+01  4.882805e-03 
 2.645714e+01  4.247136e-03 
 2.645754e+01  3.600590e-03 
 2.645793e+01  2.942207e-03 
 2.645833e+01  2.269138e-03 
 2.645873e+01  1.578451e-03 
 2.645913e+01  8.721418e-04 
 2.645953e+01  1.530407e-04 
 2.645992e+01 -5.738364e-04 
 2.646032e+01 -1.304848e-03 
 2.646072e+01 -2.039829e-03 
 2.646112e+01 -2.783693e-03 
 2.646151e+01 -3.542287e-03 
 2.646191e+01 -4.320380e-03 
 2.646231e+01 -5.118840e-03 
 2.646271e+01 -5.933984e-03 
 2.646310e+01 -6.757592e-03 
 2.646350e+01 -7.580609e-03 
 2.646390e+01 -8.397011e-03 
 2.646430e+01 -9.205342e-03 
 2.646470e+01 -1.000443e-02 
 2.646509e+01 -1.079334e-02 
 2.646549e+01 -1.156788e-02 
 2.646589e+01 -1.231916e-02 
 2.646629e+01 -1.303722e-02 
 2.646668e+01 -1.371317e-02 
 2.646708e+01 -1.434273e-02 
 2.646748e+01 -1.492910e-02 
 2.646788e+01 -1.547905e-02 
 2.646827e+01 -1.599967e-02 
 2.646867e+01 -1.649783e-02 
 2.646907e+01 -1.697447e-02 
 2.646947e+01 -1.742965e-02 
 2.646987e+01 -1.786116e-02 
 2.647026e+01 -1.826969e-02 
 2.647066e+01 -1.865710e-02 
 2.647106e+01 -1.902565e-02 
 2.647146e+01 -1.937298e-02 
 2.647185e+01 -1.969364e-02 
 2.647225e+01 -1.997794e-02 
 2.647265e+01 -2.021514e-02 
 2.647305e+01 -2.039795e-02 
 2.647344e+01 -2.052528e-02 
 2.647384e+01 -2.060501e-02 
 2.647424e+01 -2.064826e-02 
 2.647464e+01 -2.066488e-02 
 2.647504e+01 -2.066353e-02 
 2.647543e+01 -2.064763e-02 
 2.647583e+01 -2.061738e-02 
 2.647623e+01 -2.057281e-02 
 2.647663e+01 -2.051544e-02 
 2.647702e+01 -2.045257e-02 
 2.647742e+01 -2.039102e-02 
 2.647782e+01 -2.033673e-02 
 2.647822e+01 -2.028940e-02 
 2.647861e+01 -2.024219e-02 
 2.647901e+01 -2.018541e-02 
 2.647941e+01 -2.010871e-02 
 2.647981e+01 -2.000923e-02 
 2.648021e+01 -1.988823e-02 
 2.648060e+01 -1.974921e-02 
 2.648100e+01 -1.959803e-02 
 2.648140e+01 -1.943569e-02 
 2.648180e+01 -1.926009e-02 
 2.648219e+01 -1.906663e-02 
 2.648259e+01 -1.885024e-02 
 2.648299e+01 -1.861119e-02 
 2.648339e+01 -1.835216e-02 
 2.648378e+01 -1.808054e-02 
 2.648418e+01 -1.780135e-02 
 2.648458e+01 -1.751643e-02 
 2.648498e+01 -1.722015e-02 
 2.648538e+01 -1.690753e-02 
 2.648577e+01 -1.657314e-02 
 2.648617e+01 -1.621861e-02 
 2.648657e+01 -1.585034e-02 
 2.648697e+01 -1.547908e-02 
 2.648736e+01 -1.511604e-02 
 2.648776e+01 -1.477006e-02 
 2.648816e+01 -1.444500e-02 
 2.648856e+01 -1.414204e-02 
 2.648895e+01 -1.386086e-02 
 2.648935e+01 -1.360003e-02 
 2.648975e+01 -1.336091e-02 
 2.649015e+01 -1.314607e-02 
 2.649055e+01 -1.295662e-02 
 2.649094e+01 -1.279289e-02 
 2.649134e+01 -1.265221e-02 
 2.649174e+01 -1.253112e-02 
 2.649214e+01 -1.242931e-02 
 2.649253e+01 -1.235103e-02 
 2.649293e+01 -1.230446e-02 
 2.649333e+01 -1.230024e-02 
 2.649373e+01 -1.234928e-02 
 2.649412e+01 -1.245894e-02 
 2.649452e+01 -1.263322e-02 
 2.649492e+01 -1.287214e-02 
 2.649532e+01 -1.317098e-02 
 2.649572e+01 -1.352810e-02 
 2.649611e+01 -1.394259e-02 
 2.649651e+01 -1.441553e-02 
 2.649691e+01 -1.494638e-02 
 2.649731e+01 -1.552882e-02 
 2.649770e+01 -1.615446e-02 
 2.649810e+01 -1.680966e-02 
 2.649850e+01 -1.748197e-02 
 2.649890e+01 -1.816252e-02 
 2.649929e+01 -1.884940e-02 
 2.649969e+01 -1.954588e-02 
 2.650009e+01 -2.025951e-02 
 2.650049e+01 -2.099661e-02 
 2.650089e+01 -2.175906e-02 
 2.650128e+01 -2.254351e-02 
 2.650168e+01 -2.334814e-02 
 2.650208e+01 -2.417199e-02 
 2.650248e+01 -2.501937e-02 
 2.650287e+01 -2.589759e-02 
 2.650327e+01 -2.681153e-02 
 2.650367e+01 -2.776307e-02 
 2.650407e+01 -2.874508e-02 
 2.650446e+01 -2.974622e-02 
 2.650486e+01 -3.075386e-02 
 2.650526e+01 -3.175787e-02 
 2.650566e+01 -3.275371e-02 
 2.650606e+01 -3.374370e-02 
 2.650645e+01 -3.473425e-02 
 2.650685e+01 -3.572783e-02 
 2.650725e+01 -3.672328e-02 
 2.650765e+01 -3.771438e-02 
 2.650804e+01 -3.869086e-02 
 2.650844e+01 -3.964596e-02 
 2.650884e+01 -4.057564e-02 
 2.650924e+01 -4.147971e-02 
 2.650963e+01 -4.235864e-02 
 2.651003e+01 -4.321156e-02 
 2.651043e+01 -4.403434e-02 
 2.651083e+01 -4.481868e-02 
 2.651123e+01 -4.555740e-02 
 2.651162e+01 -4.624467e-02 
 2.651202e+01 -4.687969e-02 
 2.651242e+01 -4.746792e-02 
 2.651282e+01 -4.801538e-02 
 2.651321e+01 -4.852748e-02 
 2.651361e+01 -4.900204e-02 
 2.651401e+01 -4.943071e-02 
 2.651441e+01 -4.980290e-02 
 2.651480e+01 -5.010894e-02 
 2.651520e+01 -5.034401e-02 
 2.651560e+01 -5.050600e-02 
 2.651600e+01 -5.059495e-02 
 2.651640e+01 -5.060896e-02 
 2.651679e+01 -5.054527e-02 
 2.651719e+01 -5.039667e-02 
 2.651759e+01 -5.015661e-02 
 2.651799e+01 -4.982043e-02 
 2.651838e+01 -4.939140e-02 
 2.651878e+01 -4.887804e-02 
 2.651918e+01 -4.829528e-02 
 2.651958e+01 -4.765768e-02 
 2.651998e+01 -4.697747e-02 
 2.652037e+01 -4.626211e-02 
 2.652077e+01 -4.551641e-02 
 2.652117e+01 -4.474573e-02 
 2.652157e+01 -4.395597e-02 
 2.652196e+01 -4.315177e-02 
 2.652236e+01 -4.233810e-02 
 2.652276e+01 -4.151523e-02 
 2.652316e+01 -4.067870e-02 
 2.652355e+01 -3.981813e-02 
 2.652395e+01 -3.892289e-02 
 2.652435e+01 -3.798311e-02 
 2.652475e+01 -3.699661e-02 
 2.652515e+01 -3.597062e-02 
 2.652554e+01 -3.491551e-02 
 2.652594e+01 -3.384318e-02 
 2.652634e+01 -3.275836e-02 
 2.652674e+01 -3.166218e-02 
 2.652713e+01 -3.055035e-02 
 2.652753e+01 -2.942053e-02 
 2.652793e+01 -2.827308e-02 
 2.652833e+01 -2.711394e-02 
 2.652872e+01 -2.595241e-02 
 2.652912e+01 -2.479606e-02 
 2.652952e+01 -2.364734e-02 
 2.652992e+01 -2.250322e-02 
 2.653032e+01 -2.135369e-02 
 2.653071e+01 -2.019303e-02 
 2.653111e+01 -1.901925e-02 
 2.653151e+01 -1.783992e-02 
 2.653191e+01 -1.666517e-02 
 2.653230e+01 -1.550546e-02 
 2.653270e+01 -1.436509e-02 
 2.653310e+01 -1.324018e-02 
 2.653350e+01 -1.212376e-02 
 2.653389e+01 -1.100935e-02 
 2.653429e+01 -9.894817e-03 
 2.653469e+01 -8.782800e-03 
 2.653509e+01 -7.681532e-03 
 2.653549e+01 -6.601024e-03 
 2.653588e+01 -5.546496e-03 
 2.653628e+01 -4.518729e-03 
 2.653668e+01 -3.514671e-03 
 2.653708e+01 -2.530758e-03 
 2.653747e+01 -1.569786e-03 
 2.653787e+01 -6.405989e-04 
 2.653827e+01  2.432203e-04 
 2.653867e+01  1.071201e-03 
 2.653906e+01  1.835240e-03 
 2.653946e+01  2.534356e-03 
 2.653986e+01  3.169579e-03 
 2.654026e+01  3.742773e-03 
 2.654066e+01  4.255599e-03 
 2.654105e+01  4.710258e-03 
 2.654145e+01  5.107419e-03 
 2.654185e+01  5.449762e-03 
 2.654225e+01  5.745653e-03 
 2.654264e+01  6.007980e-03 
 2.654304e+01  6.249768e-03 
 2.654344e+01  6.478445e-03 
 2.654384e+01  6.694392e-03 
 2.654423e+01  6.889768e-03 
 2.654463e+01  7.053216e-03 
 2.654503e+01  7.176714e-03 
 2.654543e+01  7.255069e-03 
 2.654583e+01  7.287265e-03 
 2.654622e+01  7.274722e-03 
 2.654662e+01  7.219929e-03 
 2.654702e+01  7.124054e-03 
 2.654742e+01  6.980759e-03 
 2.654781e+01  6.784776e-03 
 2.654821e+01  6.533973e-03 
 2.654861e+01  6.229709e-03 
 2.654901e+01  5.880079e-03 
 2.654940e+01  5.496266e-03 
 2.654980e+01  5.087523e-03 
 2.655020e+01  4.658271e-03 
 2.655060e+01  4.206847e-03 
 2.655100e+01  3.729447e-03 
 2.655139e+01  3.221027e-03 
 2.655179e+01  2.677836e-03 
 2.655219e+01  2.101134e-03 
 2.655259e+01  1.492071e-03 
 2.655298e+01  8.522555e-04 
 2.655338e+01  1.824844e-04 
 2.655378e+01 -5.196675e-04 
 2.655418e+01 -1.258570e-03 
 2.655457e+01 -2.037993e-03 
 2.655497e+01 -2.854951e-03 
 2.655537e+01 -3.699703e-03 
 2.655577e+01 -4.561778e-03 
 2.655617e+01 -5.430529e-03 
 2.655656e+01 -6.299101e-03 
 2.655696e+01 -7.165905e-03 
 2.655736e+01 -8.033442e-03 
 2.655776e+01 -8.902556e-03 
 2.655815e+01 -9.773537e-03 
 2.655855e+01 -1.063994e-02 
 2.655895e+01 -1.149335e-02 
 2.655935e+01 -1.232345e-02 
 2.655974e+01 -1.312009e-02 
 2.656014e+01 -1.387682e-02 
 2.656054e+01 -1.459114e-02 
 2.656094e+01 -1.525944e-02 
 2.656134e+01 -1.587675e-02 
 2.656173e+01 -1.643412e-02 
 2.656213e+01 -1.692434e-02 
 2.656253e+01 -1.734408e-02 
 2.656293e+01 -1.769525e-02 
 2.656332e+01 -1.798477e-02 
 2.656372e+01 -1.822195e-02 
 2.656412e+01 -1.841936e-02 
 2.656452e+01 -1.858318e-02 
 2.656491e+01 -1.871405e-02 
 2.656531e+01 -1.881021e-02 
 2.656571e+01 -1.886655e-02 
 2.656611e+01 -1.888068e-02 
 2.656651e+01 -1.885536e-02 
 2.656690e+01 -1.879365e-02 
 2.656730e+01 -1.869709e-02 
 2.656770e+01 -1.856359e-02 
 2.656810e+01 -1.838756e-02 
 2.656849e+01 -1.816442e-02 
 2.656889e+01 -1.788958e-02 
 2.656929e+01 -1.756556e-02 
 2.656969e+01 -1.719769e-02 
 2.657008e+01 -1.679548e-02 
 2.657048e+01 -1.636773e-02 
 2.657088e+01 -1.592128e-02 
 2.657128e+01 -1.545978e-02 
 2.657168e+01 -1.498437e-02 
 2.657207e+01 -1.449758e-02 
 2.657247e+01 -1.400504e-02 
 2.657287e+01 -1.351583e-02 
 2.657327e+01 -1.303621e-02 
 2.657366e+01 -1.257011e-02 
 2.657406e+01 -1.211546e-02 
 2.657446e+01 -1.166360e-02 
 2.657486e+01 -1.120455e-02 
 2.657525e+01 -1.073038e-02 
 2.657565e+01 -1.023887e-02 
 2.657605e+01 -9.731540e-03 
 2.657645e+01 -9.216588e-03 
 2.657685e+01 -8.702196e-03 
 2.657724e+01 -8.194210e-03 
 2.657764e+01 -7.695254e-03 
 2.657804e+01 -7.202967e-03 
 2.657844e+01 -6.716148e-03 
 2.657883e+01 -6.235421e-03 
 2.657923e+01 -5.767498e-03 
 2.657963e+01 -5.320034e-03 
 2.658003e+01 -4.900538e-03 
 2.658042e+01 -4.516231e-03 
 2.658082e+01 -4.167936e-03 
 2.658122e+01 -3.853881e-03 
 2.658162e+01 -3.573666e-03 
 2.658202e+01 -3.329481e-03 
 2.658241e+01 -3.126364e-03 
 2.658281e+01 -2.974154e-03 
 2.658321e+01 -2.882256e-03 
 2.658361e+01 -2.856793e-03 
 2.658400e+01 -2.900290e-03 
 2.658440e+01 -3.007614e-03 
 2.658480e+01 -3.172914e-03 
 2.658520e+01 -3.390634e-03 
 2.658559e+01 -3.658188e-03 
 2.658599e+01 -3.975445e-03 
 2.658639e+01 -4.343851e-03 
 2.658679e+01 -4.762548e-03 
 2.658719e+01 -5.225747e-03 
 2.658758e+01 -5.728398e-03 
 2.658798e+01 -6.263104e-03 
 2.658838e+01 -6.824495e-03 
 2.658878e+01 -7.411426e-03 
 2.658917e+01 -8.031270e-03 
 2.658957e+01 -8.689701e-03 
 2.658997e+01 -9.391002e-03 
 2.659037e+01 -1.013430e-02 
 2.659076e+01 -1.091448e-02 
 2.659116e+01 -1.172534e-02 
 2.659156e+01 -1.256432e-02 
 2.659196e+01 -1.343138e-02 
 2.659236e+01 -1.432634e-02 
 2.659275e+01 -1.524883e-02 
 2.659315e+01 -1.619244e-02 
 2.659355e+01 -1.714636e-02 
 2.659395e+01 -1.809540e-02 
 2.659434e+01 -1.902662e-02 
 2.659474e+01 -1.993177e-02 
 2.659514e+01 -2.081497e-02 
 2.659554e+01 -2.168740e-02 
 2.659593e+01 -2.256384e-02 
 2.659633e+01 -2.345480e-02 
 2.659673e+01 -2.436557e-02 
 2.659713e+01 -2.529269e-02 
 2.659753e+01 -2.623150e-02 
 2.659792e+01 -2.718220e-02 
 2.659832e+01 -2.814414e-02 
 2.659872e+01 -2.912547e-02 
 2.659912e+01 -3.013181e-02 
 2.659951e+01 -3.116416e-02 
 2.659991e+01 -3.221869e-02 
 2.660031e+01 -3.328370e-02 
 2.660071e+01 -3.434829e-02 
 2.660110e+01 -3.540239e-02 
 2.660150e+01 -3.644215e-02 
 2.660190e+01 -3.746991e-02 
 2.660230e+01 -3.848766e-02 
 2.660270e+01 -3.949887e-02 
 2.660309e+01 -4.049851e-02 
 2.660349e+01 -4.147730e-02 
 2.660389e+01 -4.242670e-02 
 2.660429e+01 -4.333858e-02 
 2.660468e+01 -4.420840e-02 
 2.660508e+01 -4.503945e-02 
 2.660548e+01 -4.583696e-02 
 2.660588e+01 -4.660317e-02 
 2.660627e+01 -4.733476e-02 
 2.660667e+01 -4.802550e-02 
 2.660707e+01 -4.866221e-02 
 2.660747e+01 -4.924035e-02 
 2.660787e+01 -4.975806e-02 
 2.660826e+01 -5.022089e-02 
 2.660866e+01 -5.063461e-02 
 2.660906e+01 -5.100287e-02 
 2.660946e+01 -5.132614e-02 
 2.660985e+01 -5.159738e-02 
 2.661025e+01 -5.181107e-02 
 2.661065e+01 -5.195970e-02 
 2.661105e+01 -5.204192e-02 
 2.661145e+01 -5.205995e-02 
 2.661184e+01 -5.201882e-02 
 2.661224e+01 -5.191807e-02 
 2.661264e+01 -5.175289e-02 
 2.661304e+01 -5.151663e-02 
 2.661343e+01 -5.120084e-02 
 2.661383e+01 -5.080546e-02 
 2.661423e+01 -5.033739e-02 
 2.661463e+01 -4.980792e-02 
 2.661502e+01 -4.923476e-02 
 2.661542e+01 -4.863149e-02 
 2.661582e+01 -4.800412e-02 
 2.661622e+01 -4.735528e-02 
 2.661662e+01 -4.668232e-02 
 2.661701e+01 -4.598231e-02 
 2.661741e+01 -4.525438e-02 
 2.661781e+01 -4.450225e-02 
 2.661821e+01 -4.372617e-02 
 2.661860e+01 -4.292386e-02 
 2.661900e+01 -4.208769e-02 
 2.661940e+01 -4.120556e-02 
 2.661980e+01 -4.026468e-02 
 2.662019e+01 -3.926176e-02 
 2.662059e+01 -3.819811e-02 
 2.662099e+01 -3.708252e-02 
 2.662139e+01 -3.592534e-02 
 2.662179e+01 -3.473354e-02 
 2.662218e+01 -3.351105e-02 
 2.662258e+01 -3.225502e-02 
 2.662298e+01 -3.096595e-02 
 2.662338e+01 -2.964453e-02 
 2.662377e+01 -2.830314e-02 
 2.662417e+01 -2.695531e-02 
 2.662457e+01 -2.561502e-02 
 2.662497e+01 -2.429184e-02 
 2.662536e+01 -2.298660e-02 
 2.662576e+01 -2.169377e-02 
 2.662616e+01 -2.040743e-02 
 2.662656e+01 -1.912490e-02 
 2.662696e+01 -1.784847e-02 
 2.662735e+01 -1.658657e-02 
 2.662775e+01 -1.534938e-02 
 2.662815e+01 -1.414703e-02 
 2.662855e+01 -1.298204e-02 
 2.662894e+01 -1.185719e-02 
 2.662934e+01 -1.076977e-02 
 2.662974e+01 -9.718796e-03 
 2.663014e+01 -8.710937e-03 
 2.663053e+01 -7.753944e-03 
 2.663093e+01 -6.854781e-03 
 2.663133e+01 -6.017868e-03 
 2.663173e+01 -5.245215e-03 
 2.663213e+01 -4.533360e-03 
 2.663252e+01 -3.876834e-03 
 2.663292e+01 -3.274463e-03 
 2.663332e+01 -2.728089e-03 
 2.663372e+01 -2.244035e-03 
 2.663411e+01 -1.830259e-03 
 2.663451e+01 -1.490651e-03 
 2.663491e+01 -1.225898e-03 
 2.663531e+01 -1.029010e-03 
 2.663570e+01 -8.910399e-04 
 2.663610e+01 -8.058655e-04 
 2.663650e+01 -7.686669e-04 
 2.663690e+01 -7.779980e-04 
 2.663730e+01 -8.313395e-04 
 2.663769e+01 -9.247943e-04 
 2.663809e+01 -1.046990e-03 
 2.663849e+01 -1.185171e-03 
 2.663889e+01 -1.329288e-03 
 2.663928e+01 -1.471765e-03 
 2.663968e+01 -1.614266e-03 
 2.664008e+01 -1.762350e-03 
 2.664048e+01 -1.926486e-03 
 2.664087e+01 -2.112417e-03 
 2.664127e+01 -2.321985e-03 
 2.664167e+01 -2.553020e-03 
 2.664207e+01 -2.802347e-03 
 2.664247e+01 -3.070380e-03 
 2.664286e+01 -3.363862e-03 
 2.664326e+01 -3.688148e-03 
 2.664366e+01 -4.051274e-03 
 2.664406e+01 -4.452775e-03 
 2.664445e+01 -4.887442e-03 
 2.664485e+01 -5.342558e-03 
 2.664525e+01 -5.803640e-03 
 2.664565e+01 -6.259854e-03 
 2.664604e+01 -6.705069e-03 
 2.664644e+01 -7.141797e-03 
 2.664684e+01 -7.577688e-03 
 2.664724e+01 -8.017813e-03 
 2.664764e+01 -8.466007e-03 
 2.664803e+01 -8.920430e-03 
 2.664843e+01 -9.376314e-03 
 2.664883e+01 -9.831599e-03 
 2.664923e+01 -1.028345e-02 
 2.664962e+01 -1.073499e-02 
 2.665002e+01 -1.118923e-02 
 2.665042e+01 -1.164636e-02 
 2.665082e+01 -1.210135e-02 
 2.665121e+01 -1.254574e-02 
 2.665161e+01 -1.296717e-02 
 2.665201e+01 -1.335595e-02 
 2.665241e+01 -1.371043e-02 
 2.665281e+01 -1.403076e-02 
 2.665320e+01 -1.432178e-02 
 2.665360e+01 -1.458733e-02 
 2.665400e+01 -1.482707e-02 
 2.665440e+01 -1.503326e-02 
 2.665479e+01 -1.519756e-02 
 2.665519e+01 -1.531296e-02 
 2.665559e+01 -1.537747e-02 
 2.665599e+01 -1.539477e-02 
 2.665638e+01 -1.537109e-02 
 2.665678e+01 -1.531303e-02 
 2.665718e+01 -1.522288e-02 
 2.665758e+01 -1.510008e-02 
 2.665798e+01 -1.494008e-02 
 2.665837e+01 -1.474289e-02 
 2.665877e+01 -1.450962e-02 
 2.665917e+01 -1.424785e-02 
 2.665957e+01 -1.396819e-02 
 2.665996e+01 -1.368156e-02 
 2.666036e+01 -1.339210e-02 
 2.666076e+01 -1.310092e-02 
 2.666116e+01 -1.280564e-02 
 2.666155e+01 -1.250475e-02 
 2.666195e+01 -1.219785e-02 
 2.666235e+01 -1.188778e-02 
 2.666275e+01 -1.158086e-02 
 2.666315e+01 -1.127932e-02 
 2.666354e+01 -1.098089e-02 
 2.666394e+01 -1.067688e-02 
 2.666434e+01 -1.035603e-02 
 2.666474e+01 -1.000773e-02 
 2.666513e+01 -9.626695e-03 
 2.666553e+01 -9.214048e-03 
 2.666593e+01 -8.778359e-03 
 2.666633e+01 -8.331055e-03 
 2.666672e+01 -7.879863e-03 
 2.666712e+01 -7.428130e-03 
 2.666752e+01 -6.975350e-03 
 2.666792e+01 -6.518542e-03 
 2.666832e+01 -6.057111e-03 
 2.666871e+01 -5.595190e-03 
 2.666911e+01 -5.138344e-03 
 2.666951e+01 -4.689056e-03 
 2.666991e+01 -4.248746e-03 
 2.667030e+01 -3.811688e-03 
 2.667070e+01 -3.366497e-03 
 2.667110e+01 -2.902509e-03 
 2.667150e+01 -2.416657e-03 
 2.667189e+01 -1.912306e-03 
 2.667229e+01 -1.400586e-03 
 2.667269e+01 -8.937592e-04 
 2.667309e+01 -4.017306e-04 
 2.667349e+01  7.182058e-05 
 2.667388e+01  5.294025e-04 
 2.667428e+01  9.724958e-04 
 2.667468e+01  1.400136e-03 
 2.667508e+01  1.803893e-03 
 2.667547e+01  2.170745e-03 
 2.667587e+01  2.484061e-03 
 2.667627e+01  2.732500e-03 
 2.667667e+01  2.912270e-03 
 2.667706e+01  3.027116e-03 
 2.667746e+01  3.085309e-03 
 2.667786e+01  3.093449e-03 
 2.667826e+01  3.051251e-03 
 2.667866e+01  2.955468e-03 
 2.667905e+01  2.800763e-03 
 2.667945e+01  2.580914e-03 
 2.667985e+01  2.296087e-03 
 2.668025e+01  1.952578e-03 
 2.668064e+01  1.558236e-03 
 2.668104e+01  1.118438e-03 
 2.668144e+01  6.339790e-04 
 2.668184e+01  1.034175e-04 
 2.668223e+01 -4.782492e-04 
 2.668263e+01 -1.111266e-03 
 2.668303e+01 -1.787069e-03 
 2.668343e+01 -2.493804e-03 
 2.668383e+01 -3.221359e-03 
 2.668422e+01 -3.962688e-03 
 2.668462e+01 -4.719935e-03 
 2.668502e+01 -5.501132e-03 
 2.668542e+01 -6.316564e-03 
 2.668581e+01 -7.171407e-03 
 2.668621e+01 -8.065975e-03 
 2.668661e+01 -8.995989e-03 
 2.668701e+01 -9.953968e-03 
 2.668740e+01 -1.093421e-02 
 2.668780e+01 -1.193413e-02 
 2.668820e+01 -1.295791e-02 
 2.668860e+01 -1.400724e-02 
 2.668900e+01 -1.508010e-02 
 2.668939e+01 -1.616809e-02 
 2.668979e+01 -1.725892e-02 
 2.669019e+01 -1.834127e-02 
 2.669059e+01 -1.941091e-02 
 2.669098e+01 -2.047333e-02 
 2.669138e+01 -2.153797e-02 
 2.669178e+01 -2.261441e-02 
 2.669218e+01 -2.370917e-02 
 2.669257e+01 -2.482351e-02 
 2.669297e+01 -2.595221e-02 
 2.669337e+01 -2.708858e-02 
 2.669377e+01 -2.822944e-02 
 2.669417e+01 -2.937522e-02 
 2.669456e+01 -3.052918e-02 
 2.669496e+01 -3.169500e-02 
 2.669536e+01 -3.287068e-02 
 2.669576e+01 -3.404676e-02 
 2.669615e+01 -3.520824e-02 
 2.669655e+01 -3.633698e-02 
 2.669695e+01 -3.741814e-02 
 2.669735e+01 -3.844343e-02 
 2.669774e+01 -3.941323e-02 
 2.669814e+01 -4.033161e-02 
 2.669854e+01 -4.120272e-02 
 2.669894e+01 -4.202695e-02 
 2.669934e+01 -4.280022e-02 
 2.669973e+01 -4.351744e-02 
 2.670013e+01 -4.417292e-02 
 2.670053e+01 -4.476885e-02 
 2.670093e+01 -4.530899e-02 
 2.670132e+01 -4.580011e-02 
 2.670172e+01 -4.624593e-02 
 2.670212e+01 -4.664439e-02 
 2.670252e+01 -4.699072e-02 
 2.670292e+01 -4.727692e-02 
 2.670331e+01 -4.749940e-02 
 2.670371e+01 -4.766003e-02 
 2.670411e+01 -4.776606e-02 
 2.670451e+01 -4.782728e-02 
 2.670490e+01 -4.785026e-02 
 2.670530e+01 -4.783847e-02 
 2.670570e+01 -4.778814e-02 
 2.670610e+01 -4.769447e-02 
 2.670649e+01 -4.755509e-02 
 2.670689e+01 -4.736807e-02 
 2.670729e+01 -4.713733e-02 
 2.670769e+01 -4.686766e-02 
 2.670809e+01 -4.656451e-02 
 2.670848e+01 -4.622932e-02 
 2.670888e+01 -4.586154e-02 
 2.670928e+01 -4.545865e-02 
 2.670968e+01 -4.502064e-02 
 2.671007e+01 -4.454992e-02 
 2.671047e+01 -4.405435e-02 
 2.671087e+01 -4.354288e-02 
 2.671127e+01 -4.302220e-02 
 2.671166e+01 -4.249471e-02 
 2.671206e+01 -4.196030e-02 
 2.671246e+01 -4.141660e-02 
 2.671286e+01 -4.085949e-02 
 2.671326e+01 -4.028860e-02 
 2.671365e+01 -3.970439e-02 
 2.671405e+01 -3.910828e-02 
 2.671445e+01 -3.849919e-02 
 2.671485e+01 -3.787066e-02 
 2.671524e+01 -3.721354e-02 
 2.671564e+01 -3.651453e-02 
 2.671604e+01 -3.576295e-02 
 2.671644e+01 -3.495581e-02 
 2.671683e+01 -3.409652e-02 
 2.671723e+01 -3.319597e-02 
 2.671763e+01 -3.226895e-02 
 2.671803e+01 -3.132755e-02 
 2.671843e+01 -3.037976e-02 
 2.671882e+01 -2.943071e-02 
 2.671922e+01 -2.848325e-02 
 2.671962e+01 -2.754348e-02 
 2.672002e+01 -2.661938e-02 
 2.672041e+01 -2.572081e-02 
 2.672081e+01 -2.485342e-02 
 2.672121e+01 -2.401733e-02 
 2.672161e+01 -2.320796e-02 
 2.672200e+01 -2.241721e-02 
 2.672240e+01 -2.163701e-02 
 2.672280e+01 -2.086454e-02 
 2.672320e+01 -2.010165e-02 
 2.672360e+01 -1.935559e-02 
 2.672399e+01 -1.863337e-02 
 2.672439e+01 -1.794188e-02 
 2.672479e+01 -1.728275e-02 
 2.672519e+01 -1.665080e-02 
 2.672558e+01 -1.604062e-02 
 2.672598e+01 -1.544816e-02 
 2.672638e+01 -1.487641e-02 
 2.672678e+01 -1.432935e-02 
 2.672717e+01 -1.381567e-02 
 2.672757e+01 -1.334019e-02 
 2.672797e+01 -1.290351e-02 
 2.672837e+01 -1.250243e-02 
 2.672877e+01 -1.213167e-02 
 2.672916e+01 -1.178566e-02 
 2.672956e+01 -1.146192e-02 
 2.672996e+01 -1.116355e-02 
 2.673036e+01 -1.089649e-02 
 2.673075e+01 -1.066519e-02 
 2.673115e+01 -1.046868e-02 
 2.673155e+01 -1.030356e-02 
 2.673195e+01 -1.016351e-02 
 2.673234e+01 -1.004440e-02 
 2.673274e+01 -9.944651e-03 
 2.673314e+01 -9.864423e-03 
 2.673354e+01 -9.804253e-03 
 2.673394e+01 -9.762678e-03 
 2.673433e+01 -9.736056e-03 
 2.673473e+01 -9.716123e-03 
 2.673513e+01 -9.694546e-03 
 2.673553e+01 -9.668131e-03 
 2.673592e+01 -9.640731e-03 
 2.673632e+01 -9.623941e-03 
 2.673672e+01 -9.631813e-03 
 2.673712e+01 -9.677010e-03 
 2.673751e+01 -9.767825e-03 
 2.673791e+01 -9.905901e-03 
 2.673831e+01 -1.009034e-02 
 2.673871e+01 -1.031892e-02 
 2.673911e+01 -1.059169e-02 
 2.673950e+01 -1.090708e-02 
 2.673990e+01 -1.126335e-02 
 2.674030e+01 -1.165481e-02 
 2.674070e+01 -1.206866e-02 
 2.674109e+01 -1.248905e-02 
 2.674149e+01 -1.289885e-02 
 2.674189e+01 -1.328772e-02 
 2.674229e+01 -1.365244e-02 
 2.674268e+01 -1.399684e-02 
 2.674308e+01 -1.432943e-02 
 2.674348e+01 -1.465430e-02 
 2.674388e+01 -1.497142e-02 
 2.674428e+01 -1.527600e-02 
 2.674467e+01 -1.555921e-02 
 2.674507e+01 -1.581431e-02 
 2.674547e+01 -1.604089e-02 
 2.674587e+01 -1.624346e-02 
 2.674626e+01 -1.642695e-02 
 2.674666e+01 -1.659444e-02 
 2.674706e+01 -1.674297e-02 
 2.674746e+01 -1.686203e-02 
 2.674785e+01 -1.693974e-02 
 2.674825e+01 -1.696524e-02 
 2.674865e+01 -1.693732e-02 
 2.674905e+01 -1.685975e-02 
 2.674945e+01 -1.673968e-02 
 2.674984e+01 -1.658566e-02 
 2.675024e+01 -1.640091e-02 
 2.675064e+01 -1.618287e-02 
 2.675104e+01 -1.592808e-02 
 2.675143e+01 -1.563437e-02 
 2.675183e+01 -1.530582e-02 
 2.675223e+01 -1.494956e-02 
 2.675263e+01 -1.457671e-02 
 2.675302e+01 -1.419407e-02 
 2.675342e+01 -1.380137e-02 
 2.675382e+01 -1.339335e-02 
 2.675422e+01 -1.296500e-02 
 2.675462e+01 -1.251191e-02 
 2.675501e+01 -1.203618e-02 
 2.675541e+01 -1.154361e-02 
 2.675581e+01 -1.104699e-02 
 2.675621e+01 -1.055455e-02 
 2.675660e+01 -1.007146e-02 
 2.675700e+01 -9.597531e-03 
 2.675740e+01 -9.129194e-03 
 2.675780e+01 -8.661462e-03 
 2.675819e+01 -8.192526e-03 
 2.675859e+01 -7.723858e-03 
 2.675899e+01 -7.256246e-03 
 2.675939e+01 -6.786565e-03 
 2.675979e+01 -6.310520e-03 
 2.676018e+01 -5.821377e-03 
 2.676058e+01 -5.309657e-03 
 2.676098e+01 -4.772087e-03 
 2.676138e+01 -4.210571e-03 
 2.676177e+01 -3.631707e-03 
 2.676217e+01 -3.044005e-03 
 2.676257e+01 -2.457819e-03 
 2.676297e+01 -1.879483e-03 
 2.676336e+01 -1.310363e-03 
 2.676376e+01 -7.517668e-04 
 2.676416e+01 -2.057046e-04 
 2.676456e+01  3.238373e-04 
 2.676496e+01  8.319773e-04 
 2.676535e+01  1.309666e-03 
 2.676575e+01  1.751615e-03 
 2.676615e+01  2.159238e-03 
 2.676655e+01  2.539571e-03 
 2.676694e+01  2.900352e-03 
 2.676734e+01  3.251686e-03 
 2.676774e+01  3.594040e-03 
 2.676814e+01  3.924546e-03 
 2.676853e+01  4.232601e-03 
 2.676893e+01  4.508614e-03 
 2.676933e+01  4.743871e-03 
 2.676973e+01  4.933486e-03 
 2.677013e+01  5.076790e-03 
 2.677052e+01  5.173471e-03 
 2.677092e+01  5.223279e-03 
 2.677132e+01  5.219418e-03 
 2.677172e+01  5.156285e-03 
 2.677211e+01  5.029828e-03 
 2.677251e+01  4.839884e-03 
 2.677291e+01  4.595629e-03 
 2.677331e+01  4.310753e-03 
 2.677370e+01  3.998000e-03 
 2.677410e+01  3.666466e-03 
 2.677450e+01  3.317343e-03 
 2.677490e+01  2.948066e-03 
 2.677530e+01  2.551461e-03 
 2.677569e+01  2.122547e-03 
 2.677609e+01  1.663621e-03 
 2.677649e+01  1.178902e-03 
 2.677689e+01  6.766505e-04 
 2.677728e+01  1.640853e-04 
 2.677768e+01 -3.562596e-04 
 2.677808e+01 -8.867801e-04 
 2.677848e+01 -1.431407e-03 
 2.677887e+01 -1.994043e-03 
 2.677927e+01 -2.572337e-03 
 2.677967e+01 -3.163075e-03 
 2.678007e+01 -3.761689e-03 
 2.678047e+01 -4.366475e-03 
 2.678086e+01 -4.981488e-03 
 2.678126e+01 -5.615211e-03 
 2.678166e+01 -6.276739e-03 
 2.678206e+01 -6.974525e-03 
 2.678245e+01 -7.711032e-03 
 2.678285e+01 -8.484545e-03 
 2.678325e+01 -9.292540e-03 
 2.678365e+01 -1.013243e-02 
 2.678404e+01 -1.100319e-02 
 2.678444e+01 -1.190456e-02 
 2.678484e+01 -1.283598e-02 
 2.678524e+01 -1.379217e-02 
 2.678564e+01 -1.476682e-02 
 2.678603e+01 -1.575036e-02 
 2.678643e+01 -1.673581e-02 
 2.678683e+01 -1.771893e-02 
 2.678723e+01 -1.870215e-02 
 2.678762e+01 -1.969289e-02 
 2.678802e+01 -2.069868e-02 
 2.678842e+01 -2.172682e-02 
 2.678882e+01 -2.277724e-02 
 2.678921e+01 -2.384736e-02 
 2.678961e+01 -2.493227e-02 
 2.679001e+01 -2.602683e-02 
 2.679041e+01 -2.712826e-02 
 2.679081e+01 -2.823326e-02 
 2.679120e+01 -2.933576e-02 
 2.679160e+01 -3.042827e-02 
 2.679200e+01 -3.149905e-02 
 2.679240e+01 -3.253496e-02 
 2.679279e+01 -3.352297e-02 
 2.679319e+01 -3.445410e-02 
 2.679359e+01 -3.532771e-02 
 2.679399e+01 -3.614791e-02 
 2.679439e+01 -3.691949e-02 
 2.679478e+01 -3.764816e-02 
 2.679518e+01 -3.833601e-02 
 2.679558e+01 -3.898162e-02 
 2.679598e+01 -3.958319e-02 
 2.679637e+01 -4.014031e-02 
 2.679677e+01 -4.065442e-02 
 2.679717e+01 -4.113246e-02 
 2.679757e+01 -4.158049e-02 
 2.679796e+01 -4.200583e-02 
 2.679836e+01 -4.240814e-02 
 2.679876e+01 -4.278582e-02 
 2.679916e+01 -4.313229e-02 
 2.679956e+01 -4.344162e-02 
 2.679995e+01 -4.371143e-02 
 2.680035e+01 -4.394198e-02 
 2.680075e+01 -4.413549e-02 
 2.680115e+01 -4.429581e-02 
 2.680154e+01 -4.442438e-02 
 2.680194e+01 -4.452035e-02 
 2.680234e+01 -4.458064e-02 
 2.680274e+01 -4.460163e-02 
 2.680313e+01 -4.458148e-02 
 2.680353e+01 -4.452233e-02 
 2.680393e+01 -4.442728e-02 
 2.680433e+01 -4.429806e-02 
 2.680473e+01 -4.413249e-02 
 2.680512e+01 -4.392556e-02 
 2.680552e+01 -4.367109e-02 
 2.680592e+01 -4.336496e-02 
 2.680632e+01 -4.300936e-02 
 2.680671e+01 -4.261171e-02 
 2.680711e+01 -4.218093e-02 
 2.680751e+01 -4.172651e-02 
 2.680791e+01 -4.125433e-02 
 2.680830e+01 -4.076692e-02 
 2.680870e+01 -4.026029e-02 
 2.680910e+01 -3.972895e-02 
 2.680950e+01 -3.917012e-02 
 2.680990e+01 -3.858307e-02 
 2.681029e+01 -3.796876e-02 
 2.681069e+01 -3.732576e-02 
 2.681109e+01 -3.664919e-02 
 2.681149e+01 -3.593460e-02 
 2.681188e+01 -3.517898e-02 
 2.681228e+01 -3.438591e-02 
 2.681268e+01 -3.356439e-02 
 2.681308e+01 -3.272854e-02 
 2.681347e+01 -3.189270e-02 
 2.681387e+01 -3.107120e-02 
 2.681427e+01 -3.027426e-02 
 2.681467e+01 -2.950624e-02 
 2.681507e+01 -2.877012e-02 
 2.681546e+01 -2.806701e-02 
 2.681586e+01 -2.740237e-02 
 2.681626e+01 -2.678324e-02 
 2.681666e+01 -2.621333e-02 
 2.681705e+01 -2.569240e-02 
 2.681745e+01 -2.521361e-02 
 2.681785e+01 -2.476646e-02 
 2.681825e+01 -2.433857e-02 
 2.681864e+01 -2.392020e-02 
 2.681904e+01 -2.350827e-02 
 2.681944e+01 -2.310198e-02 
 2.681984e+01 -2.270917e-02 
 2.682024e+01 -2.233369e-02 
 2.682063e+01 -2.197706e-02 
 2.682103e+01 -2.163475e-02 
 2.682143e+01 -2.130169e-02 
 2.682183e+01 -2.097694e-02 
 2.682222e+01 -2.066269e-02 
 2.682262e+01 -2.036320e-02 
 2.682302e+01 -2.008390e-02 
 2.682342e+01 -1.982521e-02 
 2.682381e+01 -1.958502e-02 
 2.682421e+01 -1.935761e-02 
 2.682461e+01 -1.913577e-02 
 2.682501e+01 -1.891661e-02 
 2.682541e+01 -1.869857e-02 
 2.682580e+01 -1.848834e-02 
 2.682620e+01 -1.829413e-02 
 2.682660e+01 -1.812088e-02 
 2.682700e+01 -1.797085e-02 
 2.682739e+01 -1.784350e-02 
 2.682779e+01 -1.773588e-02 
 2.682819e+01 -1.764327e-02 
 2.682859e+01 -1.756480e-02 
 2.682898e+01 -1.749857e-02 
 2.682938e+01 -1.744098e-02 
 2.682978e+01 -1.738813e-02 
 2.683018e+01 -1.733754e-02 
 2.683058e+01 -1.728494e-02 
 2.683097e+01 -1.722766e-02 
 2.683137e+01 -1.716869e-02 
 2.683177e+01 -1.711485e-02 
 2.683217e+01 -1.707324e-02 
 2.683256e+01 -1.705343e-02 
 2.683296e+01 -1.706290e-02 
 2.683336e+01 -1.710616e-02 
 2.683376e+01 -1.718421e-02 
 2.683415e+01 -1.729674e-02 
 2.683455e+01 -1.744212e-02 
 2.683495e+01 -1.761561e-02 
 2.683535e+01 -1.781106e-02 
 2.683575e+01 -1.802374e-02 
 2.683614e+01 -1.824349e-02 
 2.683654e+01 -1.846086e-02 
 2.683694e+01 -1.866002e-02 
 2.683734e+01 -1.883143e-02 
 2.683773e+01 -1.896502e-02 
 2.683813e+01 -1.905604e-02 
 2.683853e+01 -1.910814e-02 
 2.683893e+01 -1.912678e-02 
 2.683932e+01 -1.911851e-02 
 2.683972e+01 -1.908827e-02 
 2.684012e+01 -1.904006e-02 
 2.684052e+01 -1.897756e-02 
 2.684092e+01 -1.890219e-02 
 2.684131e+01 -1.881857e-02 
 2.684171e+01 -1.873020e-02 
 2.684211e+01 -1.863947e-02 
 2.684251e+01 -1.854739e-02 
 2.684290e+01 -1.845080e-02 
 2.684330e+01 -1.834463e-02 
 2.684370e+01 -1.822109e-02 
 2.684410e+01 -1.807655e-02 
 2.684449e+01 -1.791079e-02 
 2.684489e+01 -1.772830e-02 
 2.684529e+01 -1.753477e-02 
 2.684569e+01 -1.733402e-02 
 2.684609e+01 -1.713184e-02 
 2.684648e+01 -1.692700e-02 
 2.684688e+01 -1.671842e-02 
 2.684728e+01 -1.650186e-02 
 2.684768e+01 -1.627504e-02 
 2.684807e+01 -1.603536e-02 
 2.684847e+01 -1.578311e-02 
 2.684887e+01 -1.551832e-02 
 2.684927e+01 -1.523960e-02 
 2.684966e+01 -1.494419e-02 
 2.685006e+01 -1.462959e-02 
 2.685046e+01 -1.429437e-02 
 2.685086e+01 -1.393654e-02 
 2.685126e+01 -1.355600e-02 
 2.685165e+01 -1.315521e-02 
 2.685205e+01 -1.273538e-02 
 2.685245e+01 -1.229814e-02 
 2.685285e+01 -1.184389e-02 
 2.685324e+01 -1.137057e-02 
 2.685364e+01 -1.087703e-02 
 2.685404e+01 -1.036096e-02 
 2.685444e+01 -9.822633e-03 
 2.685483e+01 -9.260112e-03 
 2.685523e+01 -8.668838e-03 
 2.685563e+01 -8.045439e-03 
 2.685603e+01 -7.387514e-03 
 2.685643e+01 -6.693012e-03 
 2.685682e+01 -5.962392e-03 
 2.685722e+01 -5.199717e-03 
 2.685762e+01 -4.413626e-03 
 2.685802e+01 -3.612497e-03 
 2.685841e+01 -2.806827e-03 
 2.685881e+01 -2.006060e-03 
 2.685921e+01 -1.218285e-03 
 2.685961e+01 -4.510304e-04 
 2.686000e+01  2.865614e-04 
 2.686040e+01  9.891626e-04 
 2.686080e+01  1.652789e-03 
 2.686120e+01  2.277457e-03 
 2.686160e+01  2.865865e-03 
 2.686199e+01  3.422463e-03 
 2.686239e+01  3.952451e-03 
 2.686279e+01  4.460209e-03 
 2.686319e+01  4.945930e-03 
 2.686358e+01  5.408684e-03 
 2.686398e+01  5.844038e-03 
 2.686438e+01  6.246950e-03 
 2.686478e+01  6.609844e-03 
 2.686517e+01  6.927764e-03 
 2.686557e+01  7.197718e-03 
 2.686597e+01  7.416676e-03 
 2.686637e+01  7.584995e-03 
 2.686677e+01  7.702485e-03 
 2.686716e+01  7.769422e-03 
 2.686756e+01  7.785916e-03 
 2.686796e+01  7.755552e-03 
 2.686836e+01  7.681475e-03 
 2.686875e+01  7.568831e-03 
 2.686915e+01  7.425649e-03 
 2.686955e+01  7.257353e-03 
 2.686995e+01  7.070189e-03 
 2.687034e+01  6.866225e-03 
 2.687074e+01  6.644327e-03 
 2.687114e+01  6.401877e-03 
 2.687154e+01  6.134516e-03 
 2.687194e+01  5.840705e-03 
 2.687233e+01  5.517395e-03 
 2.687273e+01  5.163948e-03 
 2.687313e+01  4.776641e-03 
 2.687353e+01  4.353204e-03 
 2.687392e+01  3.890571e-03 
 2.687432e+01  3.385642e-03 
 2.687472e+01  2.838066e-03 
 2.687512e+01  2.247871e-03 
 2.687551e+01  1.619538e-03 
 2.687591e+01  9.545013e-04 
 2.687631e+01  2.535235e-04 
 2.687671e+01 -4.830731e-04 
 2.687711e+01 -1.259424e-03 
 2.687750e+01 -2.078655e-03 
 2.687790e+01 -2.942803e-03 
 2.687830e+01 -3.853511e-03 
 2.687870e+01 -4.808266e-03 
 2.687909e+01 -5.802601e-03 
 2.687949e+01 -6.829173e-03 
 2.687989e+01 -7.881947e-03 
 2.688029e+01 -8.953669e-03 
 2.688068e+01 -1.003694e-02 
 2.688108e+01 -1.112411e-02 
 2.688148e+01 -1.220661e-02 
 2.688188e+01 -1.327794e-02 
 2.688228e+01 -1.433438e-02 
 2.688267e+01 -1.537685e-02 
 2.688307e+01 -1.640786e-02 
 2.688347e+01 -1.743117e-02 
 2.688387e+01 -1.844974e-02 
 2.688426e+01 -1.946574e-02 
 2.688466e+01 -2.047840e-02 
 2.688506e+01 -2.148368e-02 
 2.688546e+01 -2.247782e-02 
 2.688585e+01 -2.345823e-02 
 2.688625e+01 -2.442313e-02 
 2.688665e+01 -2.537034e-02 
 2.688705e+01 -2.629570e-02 
 2.688745e+01 -2.719358e-02 
 2.688784e+01 -2.805580e-02 
 2.688824e+01 -2.887306e-02 
 2.688864e+01 -2.964046e-02 
 2.688904e+01 -3.035613e-02 
 2.688943e+01 -3.102292e-02 
 2.688983e+01 -3.164758e-02 
 2.689023e+01 -3.223702e-02 
 2.689063e+01 -3.279815e-02 
 2.689103e+01 -3.333335e-02 
 2.689142e+01 -3.384792e-02 
 2.689182e+01 -3.434815e-02 
 2.689222e+01 -3.484010e-02 
 2.689262e+01 -3.532958e-02 
 2.689301e+01 -3.582196e-02 
 2.689341e+01 -3.631996e-02 
 2.689381e+01 -3.682454e-02 
 2.689421e+01 -3.733097e-02 
 2.689460e+01 -3.783415e-02 
 2.689500e+01 -3.832468e-02 
 2.689540e+01 -3.879692e-02 
 2.689580e+01 -3.924555e-02 
 2.689620e+01 -3.966894e-02 
 2.689659e+01 -4.006652e-02 
 2.689699e+01 -4.043500e-02 
 2.689739e+01 -4.077199e-02 
 2.689779e+01 -4.107291e-02 
 2.689818e+01 -4.133248e-02 
 2.689858e+01 -4.154548e-02 
 2.689898e+01 -4.170889e-02 
 2.689938e+01 -4.182007e-02 
 2.689977e+01 -4.187866e-02 
 2.690017e+01 -4.188441e-02 
 2.690057e+01 -4.183860e-02 
 2.690097e+01 -4.174179e-02 
 2.690137e+01 -4.159520e-02 
 2.690176e+01 -4.140236e-02 
 2.690216e+01 -4.116876e-02 
 2.690256e+01 -4.089924e-02 
 2.690296e+01 -4.059990e-02 
 2.690335e+01 -4.027492e-02 
 2.690375e+01 -3.992398e-02 
 2.690415e+01 -3.954668e-02 
 2.690455e+01 -3.914067e-02 
 2.690494e+01 -3.870625e-02 
 2.690534e+01 -3.824342e-02 
 2.690574e+01 -3.775346e-02 
 2.690614e+01 -3.723758e-02 
 2.690654e+01 -3.669432e-02 
 2.690693e+01 -3.612140e-02 
 2.690733e+01 -3.551551e-02 
 2.690773e+01 -3.487775e-02 
 2.690813e+01 -3.421150e-02 
 2.690852e+01 -3.352529e-02 
 2.690892e+01 -3.283144e-02 
 2.690932e+01 -3.214319e-02 
 2.690972e+01 -3.146833e-02 
 2.691011e+01 -3.081407e-02 
 2.691051e+01 -3.018432e-02 
 2.691091e+01 -2.958140e-02 
 2.691131e+01 -2.900731e-02 
 2.691171e+01 -2.846561e-02 
 2.691210e+01 -2.795897e-02 
 2.691250e+01 -2.748722e-02 
 2.691290e+01 -2.704485e-02 
 2.691330e+01 -2.662366e-02 
 2.691369e+01 -2.621091e-02 
 2.691409e+01 -2.579554e-02 
 2.691449e+01 -2.537168e-02 
 2.691489e+01 -2.493550e-02 
 2.691528e+01 -2.448924e-02 
 2.691568e+01 -2.403782e-02 
 2.691608e+01 -2.358451e-02 
 2.691648e+01 -2.313186e-02 
 2.691688e+01 -2.268114e-02 
 2.691727e+01 -2.223359e-02 
 2.691767e+01 -2.179091e-02 
 2.691807e+01 -2.135699e-02 
 2.691847e+01 -2.094033e-02 
 2.691886e+01 -2.054746e-02 
 2.691926e+01 -2.018353e-02 
 2.691966e+01 -1.985106e-02 
 2.692006e+01 -1.955066e-02 
 2.692045e+01 -1.928307e-02 
 2.692085e+01 -1.904967e-02 
 2.692125e+01 -1.885403e-02 
 2.692165e+01 -1.869855e-02 
 2.692205e+01 -1.858592e-02 
 2.692244e+01 -1.851625e-02 
 2.692284e+01 -1.849031e-02 
 2.692324e+01 -1.850668e-02 
 2.692364e+01 -1.856291e-02 
 2.692403e+01 -1.865581e-02 
 2.692443e+01 -1.878266e-02 
 2.692483e+01 -1.894116e-02 
 2.692523e+01 -1.913022e-02 
 2.692562e+01 -1.934846e-02 
 2.692602e+01 -1.959118e-02 
 2.692642e+01 -1.985324e-02 
 2.692682e+01 -2.013196e-02 
 2.692722e+01 -2.042588e-02 
 2.692761e+01 -2.073482e-02 
 2.692801e+01 -2.106035e-02 
 2.692841e+01 -2.140354e-02 
 2.692881e+01 -2.176561e-02 
 2.692920e+01 -2.214598e-02 
 2.692960e+01 -2.254480e-02 
 2.693000e+01 -2.295799e-02 
 2.693040e+01 -2.337988e-02 
 2.693079e+01 -2.380326e-02 
 2.693119e+01 -2.422109e-02 
 2.693159e+01 -2.462599e-02 
 2.693199e+01 -2.500872e-02 
 2.693239e+01 -2.535747e-02 
 2.693278e+01 -2.566061e-02 
 2.693318e+01 -2.590868e-02 
 2.693358e+01 -2.609551e-02 
 2.693398e+01 -2.622049e-02 
 2.693437e+01 -2.629074e-02 
 2.693477e+01 -2.631264e-02 
 2.693517e+01 -2.629412e-02 
 2.693557e+01 -2.624400e-02 
 2.693596e+01 -2.616513e-02 
 2.693636e+01 -2.605977e-02 
 2.693676e+01 -2.592958e-02 
 2.693716e+01 -2.577857e-02 
 2.693756e+01 -2.561237e-02 
 2.693795e+01 -2.543596e-02 
 2.693835e+01 -2.525359e-02 
 2.693875e+01 -2.506448e-02 
 2.693915e+01 -2.486464e-02 
 2.693954e+01 -2.464988e-02 
 2.693994e+01 -2.441314e-02 
 2.694034e+01 -2.415226e-02 
 2.694074e+01 -2.386852e-02 
 2.694113e+01 -2.356460e-02 
 2.694153e+01 -2.324383e-02 
 2.694193e+01 -2.290808e-02 
 2.694233e+01 -2.255456e-02 
 2.694273e+01 -2.217857e-02 
 2.694312e+01 -2.177570e-02 
 2.694352e+01 -2.134630e-02 
 2.694392e+01 -2.089235e-02 
 2.694432e+01 -2.041838e-02 
 2.694471e+01 -1.992692e-02 
 2.694511e+01 -1.941629e-02 
 2.694551e+01 -1.888474e-02 
 2.694591e+01 -1.832618e-02 
 2.694630e+01 -1.773460e-02 
 2.694670e+01 -1.710835e-02 
 2.694710e+01 -1.644861e-02 
 2.694750e+01 -1.575973e-02 
 2.694790e+01 -1.504906e-02 
 2.694829e+01 -1.432105e-02 
 2.694869e+01 -1.357641e-02 
 2.694909e+01 -1.281233e-02 
 2.694949e+01 -1.202589e-02 
 2.694988e+01 -1.121672e-02 
 2.695028e+01 -1.038637e-02 
 2.695068e+01 -9.539824e-03 
 2.695108e+01 -8.679878e-03 
 2.695147e+01 -7.807906e-03 
 2.695187e+01 -6.925892e-03 
 2.695227e+01 -6.033034e-03 
 2.695267e+01 -5.129044e-03 
 2.695307e+01 -4.220308e-03 
 2.695346e+01 -3.314204e-03 
 2.695386e+01 -2.421560e-03 
 2.695426e+01 -1.552119e-03 
 2.695466e+01 -7.140615e-04 
 2.695505e+01  9.253307e-05 
 2.695545e+01  8.675064e-04 
 2.695585e+01  1.611381e-03 
 2.695625e+01  2.320811e-03 
 2.695664e+01  2.992801e-03 
 2.695704e+01  3.622396e-03 
 2.695744e+01  4.208644e-03 
 2.695784e+01  4.755568e-03 
 2.695824e+01  5.270862e-03 
 2.695863e+01  5.766458e-03 
 2.695903e+01  6.251141e-03 
 2.695943e+01  6.730551e-03 
 2.695983e+01  7.203084e-03 
 2.696022e+01  7.662239e-03 
 2.696062e+01  8.101642e-03 
 2.696102e+01  8.516343e-03 
 2.696142e+01  8.905061e-03 
 2.696181e+01  9.268393e-03 
 2.696221e+01  9.605218e-03 
 2.696261e+01  9.914152e-03 
 2.696301e+01  1.018845e-02 
 2.696341e+01  1.042086e-02 
 2.696380e+01  1.060748e-02 
 2.696420e+01  1.075003e-02 
 2.696460e+01  1.085390e-02 
 2.696500e+01  1.093139e-02 
 2.696539e+01  1.099280e-02 
 2.696579e+01  1.104460e-02 
 2.696619e+01  1.108519e-02 
 2.696659e+01  1.110564e-02 
 2.696698e+01  1.109405e-02 
 2.696738e+01  1.104005e-02 
 2.696778e+01  1.093641e-02 
 2.696818e+01  1.078046e-02 
 2.696858e+01  1.057232e-02 
 2.696897e+01  1.030957e-02 
 2.696937e+01  9.986769e-03 
 2.696977e+01  9.596979e-03 
 2.697017e+01  9.134547e-03 
 2.697056e+01  8.594915e-03 
 2.697096e+01  7.978724e-03 
 2.697136e+01  7.292399e-03 
 2.697176e+01  6.542685e-03 
 2.697215e+01  5.735669e-03 
 2.697255e+01  4.872340e-03 
 2.697295e+01  3.953185e-03 
 2.697335e+01  2.978572e-03 
 2.697375e+01  1.950610e-03 
 2.697414e+01  8.757868e-04 
 2.697454e+01 -2.350626e-04 
 2.697494e+01 -1.374070e-03 
 2.697534e+01 -2.536060e-03 
 2.697573e+01 -3.719223e-03 
 2.697613e+01 -4.922557e-03 
 2.697653e+01 -6.146038e-03 
 2.697693e+01 -7.384789e-03 
 2.697732e+01 -8.630039e-03 
 2.697772e+01 -9.870266e-03 
 2.697812e+01 -1.109636e-02 
 2.697852e+01 -1.230211e-02 
 2.697892e+01 -1.348972e-02 
 2.697931e+01 -1.466615e-02 
 2.697971e+01 -1.583938e-02 
 2.698011e+01 -1.701263e-02 
 2.698051e+01 -1.818405e-02 
 2.698090e+01 -1.934795e-02 
 2.698130e+01 -2.049744e-02 
 2.698170e+01 -2.162822e-02 
 2.698210e+01 -2.274194e-02 
 2.698250e+01 -2.384222e-02 
 2.698289e+01 -2.492782e-02 
 2.698329e+01 -2.599683e-02 
 2.698369e+01 -2.703828e-02 
 2.698409e+01 -2.803699e-02 
 2.698448e+01 -2.897931e-02 
 2.698488e+01 -2.985945e-02 
 2.698528e+01 -3.067856e-02 
 2.698568e+01 -3.144666e-02 
 2.698607e+01 -3.217565e-02 
 2.698647e+01 -3.287571e-02 
 2.698687e+01 -3.355002e-02 
 2.698727e+01 -3.419791e-02 
 2.698767e+01 -3.481496e-02 
 2.698806e+01 -3.540026e-02 
 2.698846e+01 -3.595623e-02 
 2.698886e+01 -3.648937e-02 
 2.698926e+01 -3.700743e-02 
 2.698965e+01 -3.751029e-02 
 2.699005e+01 -3.799126e-02 
 2.699045e+01 -3.843781e-02 
 2.699085e+01 -3.883453e-02 
 2.699124e+01 -3.916830e-02 
 2.699164e+01 -3.943443e-02 
 2.699204e+01 -3.963452e-02 
 2.699244e+01 -3.977033e-02 
 2.699284e+01 -3.984470e-02 
 2.699323e+01 -3.985675e-02 
 2.699363e+01 -3.980199e-02 
 2.699403e+01 -3.967477e-02 
 2.699443e+01 -3.947565e-02 
 2.699482e+01 -3.921060e-02 
 2.699522e+01 -3.888858e-02 
 2.699562e+01 -3.852505e-02 
 2.699602e+01 -3.813172e-02 
 2.699641e+01 -3.771280e-02 
 2.699681e+01 -3.726680e-02 
 2.699721e+01 -3.678943e-02 
 2.699761e+01 -3.628088e-02 
 2.699801e+01 -3.574695e-02 
 2.699840e+01 -3.519400e-02 
 2.699880e+01 -3.463592e-02 
 2.699920e+01 -3.408075e-02 
 2.699960e+01 -3.353436e-02 
 2.699999e+01 -3.299720e-02 
 2.700039e+01 -3.246565e-02 
 2.700079e+01 -3.193939e-02 
 2.700119e+01 -3.141834e-02 
 2.700158e+01 -3.090586e-02 
 2.700198e+01 -3.040481e-02 
 2.700238e+01 -2.991773e-02 
 2.700278e+01 -2.943909e-02 
 2.700318e+01 -2.896110e-02 
 2.700357e+01 -2.847789e-02 
 2.700397e+01 -2.798937e-02 
 2.700437e+01 -2.749937e-02 
 2.700477e+01 -2.701948e-02 
 2.700516e+01 -2.656295e-02 
 2.700556e+01 -2.613806e-02 
 2.700596e+01 -2.574904e-02 
 2.700636e+01 -2.539119e-02 
 2.700675e+01 -2.505996e-02 
 2.700715e+01 -2.475337e-02 
 2.700755e+01 -2.447169e-02 
 2.700795e+01 -2.421911e-02 
 2.700835e+01 -2.400064e-02 
 2.700874e+01 -2.381530e-02 
 2.700914e+01 -2.365441e-02 
 2.700954e+01 -2.350284e-02 
 2.700994e+01 -2.334412e-02 
 2.701033e+01 -2.316688e-02 
 2.701073e+01 -2.296798e-02 
 2.701113e+01 -2.275135e-02 
 2.701153e+01 -2.252643e-02 
 2.701192e+01 -2.230167e-02 
 2.701232e+01 -2.208286e-02 
 2.701272e+01 -2.187099e-02 
 2.701312e+01 -2.166630e-02 
 2.701352e+01 -2.147131e-02 
 2.701391e+01 -2.129274e-02 
 2.701431e+01 -2.114565e-02 
 2.701471e+01 -2.104552e-02 
 2.701511e+01 -2.100044e-02 
 2.701550e+01 -2.101438e-02 
 2.701590e+01 -2.108023e-02 
 2.701630e+01 -2.118665e-02 
 2.701670e+01 -2.132291e-02 
 2.701709e+01 -2.148154e-02 
 2.701749e+01 -2.166356e-02 
 2.701789e+01 -2.187519e-02 
 2.701829e+01 -2.212303e-02 
 2.701869e+01 -2.240873e-02 
 2.701908e+01 -2.272812e-02 
 2.701948e+01 -2.307326e-02 
 2.701988e+01 -2.343469e-02 
 2.702028e+01 -2.380874e-02 
 2.702067e+01 -2.419216e-02 
 2.702107e+01 -2.458732e-02 
 2.702147e+01 -2.499510e-02 
 2.702187e+01 -2.541348e-02 
 2.702226e+01 -2.583724e-02 
 2.702266e+01 -2.625792e-02 
 2.702306e+01 -2.666967e-02 
 2.702346e+01 -2.707186e-02 
 2.702386e+01 -2.746832e-02 
 2.702425e+01 -2.786691e-02 
 2.702465e+01 -2.827431e-02 
 2.702505e+01 -2.869174e-02 
 2.702545e+01 -2.911453e-02 
 2.702584e+01 -2.953631e-02 
 2.702624e+01 -2.994891e-02 
 2.702664e+01 -3.034765e-02 
 2.702704e+01 -3.073372e-02 
 2.702743e+01 -3.110894e-02 
 2.702783e+01 -3.147255e-02 
 2.702823e+01 -3.181851e-02 
 2.702863e+01 -3.213695e-02 
 2.702903e+01 -3.241572e-02 
 2.702942e+01 -3.264592e-02 
 2.702982e+01 -3.282636e-02 
 2.703022e+01 -3.296243e-02 
 2.703062e+01 -3.306523e-02 
 2.703101e+01 -3.314751e-02 
 2.703141e+01 -3.321825e-02 
 2.703181e+01 -3.328052e-02 
 2.703221e+01 -3.333281e-02 
 2.703260e+01 -3.337247e-02 
 2.703300e+01 -3.339873e-02 
 2.703340e+01 -3.341343e-02 
 2.703380e+01 -3.342043e-02 
 2.703420e+01 -3.342024e-02 
 2.703459e+01 -3.340481e-02 
 2.703499e+01 -3.336147e-02 
 2.703539e+01 -3.327276e-02 
 2.703579e+01 -3.312455e-02 
 2.703618e+01 -3.290725e-02 
 2.703658e+01 -3.261947e-02 
 2.703698e+01 -3.226822e-02 
 2.703738e+01 -3.186122e-02 
 2.703777e+01 -3.140387e-02 
 2.703817e+01 -3.089511e-02 
 2.703857e+01 -3.033052e-02 
 2.703897e+01 -2.970412e-02 
 2.703937e+01 -2.901354e-02 
 2.703976e+01 -2.826251e-02 
 2.704016e+01 -2.745734e-02 
 2.704056e+01 -2.660367e-02 
 2.704096e+01 -2.570449e-02 
 2.704135e+01 -2.475905e-02 
 2.704175e+01 -2.376321e-02 
 2.704215e+01 -2.271292e-02 
 2.704255e+01 -2.160855e-02 
 2.704294e+01 -2.045459e-02 
 2.704334e+01 -1.925984e-02 
 2.704374e+01 -1.803736e-02 
 2.704414e+01 -1.679561e-02 
 2.704454e+01 -1.553917e-02 
 2.704493e+01 -1.426870e-02 
 2.704533e+01 -1.298410e-02 
 2.704573e+01 -1.168802e-02 
 2.704613e+01 -1.038583e-02 
 2.704652e+01 -9.086545e-03 
 2.704692e+01 -7.798778e-03 
 2.704732e+01 -6.528399e-03 
 2.704772e+01 -5.276457e-03 
 2.704811e+01 -4.041877e-03 
 2.704851e+01 -2.822285e-03 
 2.704891e+01 -1.618342e-03 
 2.704931e+01 -4.364302e-04 
 2.704971e+01  7.154334e-04 
 2.705010e+01  1.827277e-03 
 2.705050e+01  2.890887e-03 
 2.705090e+01  3.902771e-03 
 2.705130e+01  4.863250e-03 
 2.705169e+01  5.774852e-03 
 2.705209e+01  6.637756e-03 
 2.705249e+01  7.449796e-03 
 2.705289e+01  8.208717e-03 
 2.705328e+01  8.914034e-03 
 2.705368e+01  9.568280e-03 
 2.705408e+01  1.018050e-02 
 2.705448e+01  1.076403e-02 
 2.705488e+01  1.132785e-02 
 2.705527e+01  1.187623e-02 
 2.705567e+01  1.240643e-02 
 2.705607e+01  1.290752e-02 
 2.705647e+01  1.336471e-02 
 2.705686e+01  1.376821e-02 
 2.705726e+01  1.411391e-02 
 2.705766e+01  1.439980e-02 
 2.705806e+01  1.462796e-02 
 2.705845e+01  1.479716e-02 
 2.705885e+01  1.490582e-02 
 2.705925e+01  1.494633e-02 
 2.705965e+01  1.491376e-02 
 2.706005e+01  1.480757e-02 
 2.706044e+01  1.463410e-02 
 2.706084e+01  1.440378e-02 
 2.706124e+01  1.413160e-02 
 2.706164e+01  1.382618e-02 
 2.706203e+01  1.348890e-02 
 2.706243e+01  1.311239e-02 
 2.706283e+01  1.268853e-02 
 2.706323e+01  1.220954e-02 
 2.706362e+01  1.167005e-02 
 2.706402e+01  1.106992e-02 
 2.706442e+01  1.041349e-02 
 2.706482e+01  9.703737e-03 
 2.706522e+01  8.940209e-03 
 2.706561e+01  8.121347e-03 
 2.706601e+01  7.244470e-03 
 2.706641e+01  6.308503e-03 
 2.706681e+01  5.318875e-03 
 2.706720e+01  4.286577e-03 
 2.706760e+01  3.226807e-03 
 2.706800e+01  2.154838e-03 
 2.706840e+01  1.078634e-03 
 2.706879e+01  2.380567e-06 
 2.706919e+01 -1.075120e-03 
 2.706959e+01 -2.154844e-03 
 2.706999e+01 -3.235216e-03 
 2.707039e+01 -4.312219e-03 
 2.707078e+01 -5.378183e-03 
 2.707118e+01 -6.428157e-03 
 2.707158e+01 -7.459485e-03 
 2.707198e+01 -8.471187e-03 
 2.707237e+01 -9.465086e-03 
 2.707277e+01 -1.044424e-02 
 2.707317e+01 -1.140781e-02 
 2.707357e+01 -1.235197e-02 
 2.707397e+01 -1.327196e-02 
 2.707436e+01 -1.416506e-02 
 2.707476e+01 -1.503436e-02 
 2.707516e+01 -1.588908e-02 
 2.707556e+01 -1.674070e-02 
 2.707595e+01 -1.759828e-02 
 2.707635e+01 -1.846562e-02 
 2.707675e+01 -1.934263e-02 
 2.707715e+01 -2.022312e-02 
 2.707754e+01 -2.110254e-02 
 2.707794e+01 -2.197720e-02 
 2.707834e+01 -2.284832e-02 
 2.707874e+01 -2.371544e-02 
 2.707914e+01 -2.457458e-02 
 2.707953e+01 -2.541819e-02 
 2.707993e+01 -2.623290e-02 
 2.708033e+01 -2.700466e-02 
 2.708073e+01 -2.772242e-02 
 2.708112e+01 -2.838416e-02 
 2.708152e+01 -2.899608e-02 
 2.708192e+01 -2.956871e-02 
 2.708232e+01 -3.011265e-02 
 2.708271e+01 -3.063630e-02 
 2.708311e+01 -3.114043e-02 
 2.708351e+01 -3.162276e-02 
 2.708391e+01 -3.207812e-02 
 2.708431e+01 -3.250421e-02 
 2.708470e+01 -3.290071e-02 
 2.708510e+01 -3.327066e-02 
 2.708550e+01 -3.361367e-02 
 2.708590e+01 -3.392421e-02 
 2.708629e+01 -3.419021e-02 
 2.708669e+01 -3.439464e-02 
 2.708709e+01 -3.452355e-02 
 2.708749e+01 -3.457206e-02 
 2.708788e+01 -3.453954e-02 
 2.708828e+01 -3.443460e-02 
 2.708868e+01 -3.426527e-02 
 2.708908e+01 -3.403920e-02 
 2.708948e+01 -3.376045e-02 
 2.708987e+01 -3.342923e-02 
 2.709027e+01 -3.304397e-02 
 2.709067e+01 -3.260884e-02 
 2.709107e+01 -3.212976e-02 
 2.709146e+01 -3.161920e-02 
 2.709186e+01 -3.109174e-02 
 2.709226e+01 -3.055725e-02 
 2.709266e+01 -3.001918e-02 
 2.709305e+01 -2.947977e-02 
 2.709345e+01 -2.893772e-02 
 2.709385e+01 -2.839406e-02 
 2.709425e+01 -2.785189e-02 
 2.709465e+01 -2.731552e-02 
 2.709504e+01 -2.678967e-02 
 2.709544e+01 -2.627846e-02 
 2.709584e+01 -2.578299e-02 
 2.709624e+01 -2.530037e-02 
 2.709663e+01 -2.482641e-02 
 2.709703e+01 -2.435766e-02 
 2.709743e+01 -2.389448e-02 
 2.709783e+01 -2.343769e-02 
 2.709822e+01 -2.298951e-02 
 2.709862e+01 -2.255048e-02 
 2.709902e+01 -2.211554e-02 
 2.709942e+01 -2.167979e-02 
 2.709982e+01 -2.123914e-02 
 2.710021e+01 -2.079628e-02 
 2.710061e+01 -2.035594e-02 
 2.710101e+01 -1.992963e-02 
 2.710141e+01 -1.952930e-02 
 2.710180e+01 -1.916435e-02 
 2.710220e+01 -1.883959e-02 
 2.710260e+01 -1.855595e-02 
 2.710300e+01 -1.831366e-02 
 2.710339e+01 -1.811457e-02 
 2.710379e+01 -1.795992e-02 
 2.710419e+01 -1.785560e-02 
 2.710459e+01 -1.780286e-02 
 2.710499e+01 -1.779803e-02 
 2.710538e+01 -1.783127e-02 
 2.710578e+01 -1.789004e-02 
 2.710618e+01 -1.796296e-02 
 2.710658e+01 -1.804610e-02 
 2.710697e+01 -1.814328e-02 
 2.710737e+01 -1.826753e-02 
 2.710777e+01 -1.843229e-02 
 2.710817e+01 -1.864773e-02 
 2.710856e+01 -1.892087e-02 
 2.710896e+01 -1.925275e-02 
 2.710936e+01 -1.964056e-02 
 2.710976e+01 -2.008223e-02 
 2.711016e+01 -2.058010e-02 
 2.711055e+01 -2.113779e-02 
 2.711095e+01 -2.176018e-02 
 2.711135e+01 -2.244693e-02 
 2.711175e+01 -2.319337e-02 
 2.711214e+01 -2.398678e-02 
 2.711254e+01 -2.481388e-02 
 2.711294e+01 -2.566408e-02 
 2.711334e+01 -2.652704e-02 
 2.711373e+01 -2.739952e-02 
 2.711413e+01 -2.827993e-02 
 2.711453e+01 -2.916488e-02 
 2.711493e+01 -3.004739e-02 
 2.711533e+01 -3.092011e-02 
 2.711572e+01 -3.177233e-02 
 2.711612e+01 -3.259710e-02 
 2.711652e+01 -3.339159e-02 
 2.711692e+01 -3.415798e-02 
 2.711731e+01 -3.489752e-02 
 2.711771e+01 -3.560892e-02 
 2.711811e+01 -3.628901e-02 
 2.711851e+01 -3.693036e-02 
 2.711890e+01 -3.752834e-02 
 2.711930e+01 -3.807772e-02 
 2.711970e+01 -3.857999e-02 
 2.712010e+01 -3.903820e-02 
 2.712050e+01 -3.945828e-02 
 2.712089e+01 -3.984482e-02 
 2.712129e+01 -4.020015e-02 
 2.712169e+01 -4.052523e-02 
 2.712209e+01 -4.081915e-02 
 2.712248e+01 -4.108141e-02 
 2.712288e+01 -4.131326e-02 
 2.712328e+01 -4.151352e-02 
 2.712368e+01 -4.167986e-02 
 2.712407e+01 -4.180723e-02 
 2.712447e+01 -4.188608e-02 
 2.712487e+01 -4.190840e-02 
 2.712527e+01 -4.187112e-02 
 2.712567e+01 -4.177316e-02 
 2.712606e+01 -4.162021e-02 
 2.712646e+01 -4.142278e-02 
 2.712686e+01 -4.119264e-02 
 2.712726e+01 -4.093981e-02 
 2.712765e+01 -4.066822e-02 
 2.712805e+01 -4.037600e-02 
 2.712845e+01 -4.005962e-02 
 2.712885e+01 -3.971521e-02 
 2.712924e+01 -3.934220e-02 
 2.712964e+01 -3.894015e-02 
 2.713004e+01 -3.850736e-02 
 2.713044e+01 -3.803806e-02 
 2.713084e+01 -3.752230e-02 
 2.713123e+01 -3.694955e-02 
 2.713163e+01 -3.630953e-02 
 2.713203e+01 -3.559793e-02 
 2.713243e+01 -3.481742e-02 
 2.713282e+01 -3.397531e-02 
 2.713322e+01 -3.308407e-02 
 2.713362e+01 -3.215287e-02 
 2.713402e+01 -3.118486e-02 
 2.713441e+01 -3.017958e-02 
 2.713481e+01 -2.913501e-02 
 2.713521e+01 -2.805142e-02 
 2.713561e+01 -2.693357e-02 
 2.713601e+01 -2.579235e-02 
 2.713640e+01 -2.463888e-02 
 2.713680e+01 -2.347945e-02 
 2.713720e+01 -2.231764e-02 
 2.713760e+01 -2.115156e-02 
 2.713799e+01 -1.997498e-02 
 2.713839e+01 -1.878496e-02 
 2.713879e+01 -1.758163e-02 
 2.713919e+01 -1.636952e-02 
 2.713958e+01 -1.515605e-02 
 2.713998e+01 -1.394997e-02 
 2.714038e+01 -1.275706e-02 
 2.714078e+01 -1.157919e-02 
 2.714118e+01 -1.041587e-02 
 2.714157e+01 -9.268035e-03 
 2.714197e+01 -8.139365e-03 
 2.714237e+01 -7.033056e-03 
 2.714277e+01 -5.952877e-03 
 2.714316e+01 -4.901170e-03 
 2.714356e+01 -3.876696e-03 
 2.714396e+01 -2.876519e-03 
 2.714436e+01 -1.895430e-03 
 2.714475e+01 -9.330438e-04 
 2.714515e+01  8.651964e-06 
 2.714555e+01  9.278318e-04 
 2.714595e+01  1.819934e-03 
 2.714635e+01  2.683696e-03 
 2.714674e+01  3.521432e-03 
 2.714714e+01  4.335093e-03 
 2.714754e+01  5.124480e-03 
 2.714794e+01  5.887757e-03 
 2.714833e+01  6.623507e-03 
 2.714873e+01  7.328019e-03 
 2.714913e+01  8.001484e-03 
 2.714953e+01  8.645696e-03 
 2.714992e+01  9.265303e-03 
 2.715032e+01  9.864691e-03 
 2.715072e+01  1.044819e-02 
 2.715112e+01  1.101277e-02 
 2.715152e+01  1.155361e-02 
 2.715191e+01  1.205936e-02 
 2.715231e+01  1.251836e-02 
 2.715271e+01  1.292061e-02 
 2.715311e+01  1.325568e-02 
 2.715350e+01  1.351702e-02 
 2.715390e+01  1.370062e-02 
 2.715430e+01  1.380471e-02 
 2.715470e+01  1.382694e-02 
 2.715509e+01  1.376552e-02 
 2.715549e+01  1.362029e-02 
 2.715589e+01  1.339356e-02 
 2.715629e+01  1.308936e-02 
 2.715669e+01  1.271955e-02 
 2.715708e+01  1.229506e-02 
 2.715748e+01  1.182715e-02 
 2.715788e+01  1.132358e-02 
 2.715828e+01  1.078199e-02 
 2.715867e+01  1.019579e-02 
 2.715907e+01  9.558639e-03 
 2.715947e+01  8.866954e-03 
 2.715987e+01  8.118746e-03 
 2.716026e+01  7.318442e-03 
 2.716066e+01  6.470947e-03 
 2.716106e+01  5.580884e-03 
 2.716146e+01  4.650350e-03 
 2.716186e+01  3.679710e-03 
 2.716225e+01  2.671108e-03 
 2.716265e+01  1.628576e-03 
 2.716305e+01  5.610072e-04 
 2.716345e+01 -5.178545e-04 
 2.716384e+01 -1.594334e-03 
 2.716424e+01 -2.657355e-03 
 2.716464e+01 -3.701861e-03 
 2.716504e+01 -4.723698e-03 
 2.716544e+01 -5.723926e-03 
 2.716583e+01 -6.703052e-03 
 2.716623e+01 -7.661153e-03 
 2.716663e+01 -8.599137e-03 
 2.716703e+01 -9.517566e-03 
 2.716742e+01 -1.041659e-02 
 2.716782e+01 -1.129615e-02 
 2.716822e+01 -1.215687e-02 
 2.716862e+01 -1.300006e-02 
 2.716901e+01 -1.382653e-02 
 2.716941e+01 -1.463223e-02 
 2.716981e+01 -1.541847e-02 
 2.717021e+01 -1.618286e-02 
 2.717061e+01 -1.692702e-02 
 2.717100e+01 -1.765628e-02 
 2.717140e+01 -1.837441e-02 
 2.717180e+01 -1.908285e-02 
 2.717220e+01 -1.978191e-02 
 2.717259e+01 -2.046943e-02 
 2.717299e+01 -2.114196e-02 
 2.717339e+01 -2.179644e-02 
 2.717379e+01 -2.242844e-02 
 2.717418e+01 -2.303146e-02 
 2.717458e+01 -2.359839e-02 
 2.717498e+01 -2.412168e-02 
 2.717538e+01 -2.458997e-02 
 2.717578e+01 -2.499305e-02 
 2.717617e+01 -2.532282e-02 
 2.717657e+01 -2.557619e-02 
 2.717697e+01 -2.575348e-02 
 2.717737e+01 -2.586201e-02 
 2.717776e+01 -2.591093e-02 
 2.717816e+01 -2.590647e-02 
 2.717856e+01 -2.585659e-02 
 2.717896e+01 -2.576639e-02 
 2.717935e+01 -2.564026e-02 
 2.717975e+01 -2.548174e-02 
 2.718015e+01 -2.529408e-02 
 2.718055e+01 -2.508187e-02 
 2.718095e+01 -2.485051e-02 
 2.718134e+01 -2.460120e-02 
 2.718174e+01 -2.433462e-02 
 2.718214e+01 -2.404688e-02 
 2.718254e+01 -2.373069e-02 
 2.718293e+01 -2.337844e-02 
 2.718333e+01 -2.298833e-02 
 2.718373e+01 -2.256036e-02 
 2.718413e+01 -2.209852e-02 
 2.718452e+01 -2.161052e-02 
 2.718492e+01 -2.110863e-02 
 2.718532e+01 -2.060144e-02 
 2.718572e+01 -2.009977e-02 
 2.718612e+01 -1.961065e-02 
 2.718651e+01 -1.914076e-02 
 2.718691e+01 -1.869518e-02 
 2.718731e+01 -1.828168e-02 
 2.718771e+01 -1.790847e-02 
 2.718810e+01 -1.757927e-02 
 2.718850e+01 -1.729828e-02 
 2.718890e+01 -1.706407e-02 
 2.718930e+01 -1.687162e-02 
 2.718969e+01 -1.671502e-02 
 2.719009e+01 -1.658933e-02 
 2.719049e+01 -1.648993e-02 
 2.719089e+01 -1.641456e-02 
 2.719129e+01 -1.636387e-02 
 2.719168e+01 -1.633745e-02 
 2.719208e+01 -1.633316e-02 
 2.719248e+01 -1.634761e-02 
 2.719288e+01 -1.637490e-02 
 2.719327e+01 -1.641188e-02 
 2.719367e+01 -1.645309e-02 
 2.719407e+01 -1.649307e-02 
 2.719447e+01 -1.653038e-02 
 2.719486e+01 -1.656206e-02 
 2.719526e+01 -1.658700e-02 
 2.719566e+01 -1.660888e-02 
 2.719606e+01 -1.663272e-02 
 2.719646e+01 -1.666569e-02 
 2.719685e+01 -1.671366e-02 
 2.719725e+01 -1.678375e-02 
 2.719765e+01 -1.688192e-02 
 2.719805e+01 -1.701300e-02 
 2.719844e+01 -1.718017e-02 
 2.719884e+01 -1.738699e-02 
 2.719924e+01 -1.763571e-02 
 2.719964e+01 -1.792950e-02 
 2.720003e+01 -1.826876e-02 
 2.720043e+01 -1.865000e-02 
 2.720083e+01 -1.906739e-02 
 2.720123e+01 -1.951412e-02 
 2.720163e+01 -1.998207e-02 
 2.720202e+01 -2.046585e-02 
 2.720242e+01 -2.096390e-02 
 2.720282e+01 -2.147639e-02 
 2.720322e+01 -2.200669e-02 
 2.720361e+01 -2.255924e-02 
 2.720401e+01 -2.313922e-02 
 2.720441e+01 -2.374955e-02 
 2.720481e+01 -2.439195e-02 
 2.720520e+01 -2.506756e-02 
 2.720560e+01 -2.577799e-02 
 2.720600e+01 -2.652448e-02 
 2.720640e+01 -2.730817e-02 
 2.720680e+01 -2.812667e-02 
 2.720719e+01 -2.897348e-02 
 2.720759e+01 -2.983931e-02 
 2.720799e+01 -3.071242e-02 
 2.720839e+01 -3.157937e-02 
 2.720878e+01 -3.242745e-02 
 2.720918e+01 -3.324849e-02 
 2.720958e+01 -3.403933e-02 
 2.720998e+01 -3.480119e-02 
 2.721037e+01 -3.553622e-02 
 2.721077e+01 -3.624950e-02 
 2.721117e+01 -3.694243e-02 
 2.721157e+01 -3.761226e-02 
 2.721197e+01 -3.825609e-02 
 2.721236e+01 -3.887267e-02 
 2.721276e+01 -3.945902e-02 
 2.721316e+01 -4.001483e-02 
 2.721356e+01 -4.054086e-02 
 2.721395e+01 -4.104159e-02 
 2.721435e+01 -4.151720e-02 
 2.721475e+01 -4.196894e-02 
 2.721515e+01 -4.239548e-02 
 2.721554e+01 -4.279610e-02 
 2.721594e+01 -4.316949e-02 
 2.721634e+01 -4.351786e-02 
 2.721674e+01 -4.384487e-02 
 2.721714e+01 -4.415308e-02 
 2.721753e+01 -4.444298e-02 
 2.721793e+01 -4.471464e-02 
 2.721833e+01 -4.496654e-02 
 2.721873e+01 -4.519339e-02 
 2.721912e+01 -4.539187e-02 
 2.721952e+01 -4.555540e-02 
 2.721992e+01 -4.567858e-02 
 2.722032e+01 -4.575769e-02 
 2.722071e+01 -4.578813e-02 
 2.722111e+01 -4.576513e-02 
 2.722151e+01 -4.568655e-02 
 2.722191e+01 -4.555118e-02 
 2.722231e+01 -4.536276e-02 
 2.722270e+01 -4.512327e-02 
 2.722310e+01 -4.483615e-02 
 2.722350e+01 -4.450094e-02 
 2.722390e+01 -4.411629e-02 
 2.722429e+01 -4.368247e-02 
 2.722469e+01 -4.319850e-02 
 2.722509e+01 -4.266465e-02 
 2.722549e+01 -4.207928e-02 
 2.722588e+01 -4.143939e-02 
 2.722628e+01 -4.073907e-02 
 2.722668e+01 -3.997174e-02 
 2.722708e+01 -3.912865e-02 
 2.722748e+01 -3.820389e-02 
 2.722787e+01 -3.719569e-02 
 2.722827e+01 -3.611012e-02 
 2.722867e+01 -3.495824e-02 
 2.722907e+01 -3.375494e-02 
 2.722946e+01 -3.251276e-02 
 2.722986e+01 -3.124334e-02 
 2.723026e+01 -2.995509e-02 
 2.723066e+01 -2.865453e-02 
 2.723105e+01 -2.734572e-02 
 2.723145e+01 -2.603375e-02 
 2.723185e+01 -2.472315e-02 
 2.723225e+01 -2.341939e-02 
 2.723265e+01 -2.212823e-02 
 2.723304e+01 -2.085378e-02 
 2.723344e+01 -1.959736e-02 
 2.723384e+01 -1.835787e-02 
 2.723424e+01 -1.713143e-02 
 2.723463e+01 -1.591677e-02 
 2.723503e+01 -1.471274e-02 
 2.723543e+01 -1.352301e-02 
 2.723583e+01 -1.235186e-02 
 2.723622e+01 -1.120567e-02 
 2.723662e+01 -1.008861e-02 
 2.723702e+01 -9.003467e-03 
 2.723742e+01 -7.951796e-03 
 2.723782e+01 -6.933290e-03 
 2.723821e+01 -5.946481e-03 
 2.723861e+01 -4.994318e-03 
 2.723901e+01 -4.079080e-03 
 2.723941e+01 -3.203664e-03 
 2.723980e+01 -2.368809e-03 
 2.724020e+01 -1.572696e-03 
 2.724060e+01 -8.117840e-04 
 2.724100e+01 -8.058136e-05 
 2.724139e+01  6.224010e-04 
 2.724179e+01  1.296722e-03 
 2.724219e+01  1.940401e-03 
 2.724259e+01  2.548807e-03 
 2.724299e+01  3.118147e-03 
 2.724338e+01  3.644705e-03 
 2.724378e+01  4.128094e-03 
 2.724418e+01  4.568814e-03 
 2.724458e+01  4.969202e-03 
 2.724497e+01  5.332073e-03 
 2.724537e+01  5.659140e-03 
 2.724577e+01  5.953916e-03 
 2.724617e+01  6.218155e-03 
 2.724656e+01  6.453324e-03 
 2.724696e+01  6.657839e-03 
 2.724736e+01  6.827421e-03 
 2.724776e+01  6.954956e-03 
 2.724816e+01  7.032073e-03 
 2.724855e+01  7.050655e-03 
 2.724895e+01  7.003521e-03 
 2.724935e+01  6.889199e-03 
 2.724975e+01  6.708273e-03 
 2.725014e+01  6.462047e-03 
 2.725054e+01  6.155194e-03 
 2.725094e+01  5.792028e-03 
 2.725134e+01  5.375260e-03 
 2.725173e+01  4.914117e-03 
 2.725213e+01  4.418397e-03 
 2.725253e+01  3.901134e-03 
 2.725293e+01  3.375943e-03 
 2.725333e+01  2.852919e-03 
 2.725372e+01  2.336944e-03 
 2.725412e+01  1.828189e-03 
 2.725452e+01  1.320972e-03 
 2.725492e+01  8.098986e-04 
 2.725531e+01  2.900322e-04 
 2.725571e+01 -2.382023e-04 
 2.725611e+01 -7.729664e-04 
 2.725651e+01 -1.314303e-03 
 2.725691e+01 -1.859603e-03 
 2.725730e+01 -2.410612e-03 
 2.725770e+01 -2.969714e-03 
 2.725810e+01 -3.538603e-03 
 2.725850e+01 -4.115520e-03 
 2.725889e+01 -4.693757e-03 
 2.725929e+01 -5.263706e-03 
 2.725969e+01 -5.814641e-03 
 2.726009e+01 -6.338088e-03 
 2.726048e+01 -6.831288e-03 
 2.726088e+01 -7.296409e-03 
 2.726128e+01 -7.739997e-03 
 2.726168e+01 -8.168387e-03 
 2.726208e+01 -8.588956e-03 
 2.726247e+01 -9.006854e-03 
 2.726287e+01 -9.422344e-03 
 2.726327e+01 -9.834712e-03 
 2.726367e+01 -1.024360e-02 
 2.726406e+01 -1.064944e-02 
 2.726446e+01 -1.105484e-02 
 2.726486e+01 -1.146148e-02 
 2.726526e+01 -1.187243e-02 
 2.726565e+01 -1.228523e-02 
 2.726605e+01 -1.269839e-02 
 2.726645e+01 -1.311024e-02 
 2.726685e+01 -1.351888e-02 
 2.726725e+01 -1.392408e-02 
 2.726764e+01 -1.432530e-02 
 2.726804e+01 -1.472351e-02 
 2.726844e+01 -1.511613e-02 
 2.726884e+01 -1.550045e-02 
 2.726923e+01 -1.587051e-02 
 2.726963e+01 -1.622083e-02 
 2.727003e+01 -1.654634e-02 
 2.727043e+01 -1.684145e-02 
 2.727082e+01 -1.710034e-02 
 2.727122e+01 -1.731650e-02 
 2.727162e+01 -1.748203e-02 
 2.727202e+01 -1.758937e-02 
 2.727242e+01 -1.763719e-02 
 2.727281e+01 -1.762590e-02 
 2.727321e+01 -1.756259e-02 
 2.727361e+01 -1.745663e-02 
 2.727401e+01 -1.732090e-02 
 2.727440e+01 -1.716552e-02 
 2.727480e+01 -1.699723e-02 
 2.727520e+01 -1.681827e-02 
 2.727560e+01 -1.663122e-02 
 2.727599e+01 -1.643657e-02 
 2.727639e+01 -1.623737e-02 
 2.727679e+01 -1.603724e-02 
 2.727719e+01 -1.583757e-02 
 2.727759e+01 -1.563655e-02 
 2.727798e+01 -1.542770e-02 
 2.727838e+01 -1.520305e-02 
 2.727878e+01 -1.495407e-02 
 2.727918e+01 -1.467621e-02 
 2.727957e+01 -1.436992e-02 
 2.727997e+01 -1.404475e-02 
 2.728037e+01 -1.371185e-02 
 2.728077e+01 -1.338034e-02 
 2.728116e+01 -1.306058e-02 
 2.728156e+01 -1.275569e-02 
 2.728196e+01 -1.246525e-02 
 2.728236e+01 -1.218862e-02 
 2.728276e+01 -1.192991e-02 
 2.728315e+01 -1.169737e-02 
 2.728355e+01 -1.149654e-02 
 2.728395e+01 -1.133633e-02 
 2.728435e+01 -1.121646e-02 
 2.728474e+01 -1.113340e-02 
 2.728514e+01 -1.107842e-02 
 2.728554e+01 -1.104094e-02 
 2.728594e+01 -1.101337e-02 
 2.728633e+01 -1.099153e-02 
 2.728673e+01 -1.097729e-02 
 2.728713e+01 -1.097439e-02 
 2.728753e+01 -1.098557e-02 
 2.728793e+01 -1.101073e-02 
 2.728832e+01 -1.104854e-02 
 2.728872e+01 -1.109642e-02 
 2.728912e+01 -1.115341e-02 
 2.728952e+01 -1.122044e-02 
 2.728991e+01 -1.130224e-02 
 2.729031e+01 -1.140408e-02 
 2.729071e+01 -1.152929e-02 
 2.729111e+01 -1.168149e-02 
 2.729150e+01 -1.185939e-02 
 2.729190e+01 -1.206291e-02 
 2.729230e+01 -1.229562e-02 
 2.729270e+01 -1.256625e-02 
 2.729310e+01 -1.288547e-02 
 2.729349e+01 -1.326037e-02 
 2.729389e+01 -1.369888e-02 
 2.729429e+01 -1.420313e-02 
 2.729469e+01 -1.476977e-02 
 2.729508e+01 -1.539525e-02 
 2.729548e+01 -1.607338e-02 
 2.729588e+01 -1.680036e-02 
 2.729628e+01 -1.757330e-02 
 2.729667e+01 -1.838581e-02 
 2.729707e+01 -1.922919e-02 
 2.729747e+01 -2.009168e-02 
 2.729787e+01 -2.096044e-02 
 2.729827e+01 -2.182640e-02 
 2.729866e+01 -2.268643e-02 
 2.729906e+01 -2.354816e-02 
 2.729946e+01 -2.441811e-02 
 2.729986e+01 -2.530200e-02 
 2.730025e+01 -2.620301e-02 
 2.730065e+01 -2.711656e-02 
 2.730105e+01 -2.803416e-02 
 2.730145e+01 -2.894929e-02 
 2.730184e+01 -2.985718e-02 
 2.730224e+01 -3.076261e-02 
 2.730264e+01 -3.166919e-02 
 2.730304e+01 -3.257763e-02 
 2.730344e+01 -3.348344e-02 
 2.730383e+01 -3.437448e-02 
 2.730423e+01 -3.523314e-02 
 2.730463e+01 -3.604340e-02 
 2.730503e+01 -3.679692e-02 
 2.730542e+01 -3.749444e-02 
 2.730582e+01 -3.814378e-02 
 2.730622e+01 -3.875500e-02 
 2.730662e+01 -3.933557e-02 
 2.730701e+01 -3.988511e-02 
 2.730741e+01 -4.040428e-02 
 2.730781e+01 -4.088745e-02 
 2.730821e+01 -4.133497e-02 
 2.730861e+01 -4.175148e-02 
 2.730900e+01 -4.214738e-02 
 2.730940e+01 -4.253006e-02 
 2.730980e+01 -4.290324e-02 
 2.731020e+01 -4.326424e-02 
 2.731059e+01 -4.360356e-02 
 2.731099e+01 -4.391044e-02 
 2.731139e+01 -4.417972e-02 
 2.731179e+01 -4.441035e-02 
 2.731218e+01 -4.461033e-02 
 2.731258e+01 -4.478844e-02 
 2.731298e+01 -4.495075e-02 
 2.731338e+01 -4.509798e-02 
 2.731378e+01 -4.522648e-02 
 2.731417e+01 -4.532741e-02 
 2.731457e+01 -4.539133e-02 
 2.731497e+01 -4.541483e-02 
 2.731537e+01 -4.539622e-02 
 2.731576e+01 -4.533501e-02 
 2.731616e+01 -4.523099e-02 
 2.731656e+01 -4.508010e-02 
 2.731696e+01 -4.487808e-02 
 2.731735e+01 -4.462138e-02 
 2.731775e+01 -4.431103e-02 
 2.731815e+01 -4.395093e-02 
 2.731855e+01 -4.354685e-02 
 2.731895e+01 -4.310829e-02 
 2.731934e+01 -4.264006e-02 
 2.731974e+01 -4.214263e-02 
 2.732014e+01 -4.161125e-02 
 2.732054e+01 -4.104185e-02 
 2.732093e+01 -4.043413e-02 
 2.732133e+01 -3.979029e-02 
 2.732173e+01 -3.911582e-02 
 2.732213e+01 -3.841382e-02 
 2.732252e+01 -3.768430e-02 
 2.732292e+01 -3.692265e-02 
 2.732332e+01 -3.612012e-02 
 2.732372e+01 -3.527556e-02 
 2.732412e+01 -3.439228e-02 
 2.732451e+01 -3.348009e-02 
 2.732491e+01 -3.255420e-02 
 2.732531e+01 -3.162881e-02 
 2.732571e+01 -3.071413e-02 
 2.732610e+01 -2.981142e-02 
 2.732650e+01 -2.891660e-02 
 2.732690e+01 -2.802525e-02 
 2.732730e+01 -2.713665e-02 
 2.732769e+01 -2.625555e-02 
 2.732809e+01 -2.539052e-02 
 2.732849e+01 -2.454619e-02 
 2.732889e+01 -2.372369e-02 
 2.732929e+01 -2.291307e-02 
 2.732968e+01 -2.209812e-02 
 2.733008e+01 -2.126581e-02 
 2.733048e+01 -2.040677e-02 
 2.733088e+01 -1.952072e-02 
 2.733127e+01 -1.861758e-02 
 2.733167e+01 -1.770687e-02 
 2.733207e+01 -1.679797e-02 
 2.733247e+01 -1.589541e-02 
 2.733286e+01 -1.499566e-02 
 2.733326e+01 -1.409386e-02 
 2.733366e+01 -1.318803e-02 
 2.733406e+01 -1.228063e-02 
 2.733446e+01 -1.138006e-02 
 2.733485e+01 -1.049598e-02 
 2.733525e+01 -9.636487e-03 
 2.733565e+01 -8.801184e-03 
 2.733605e+01 -7.986509e-03 
 2.733644e+01 -7.186274e-03 
 2.733684e+01 -6.395005e-03 
 2.733724e+01 -5.616667e-03 
 2.733764e+01 -4.858278e-03 
 2.733803e+01 -4.129629e-03 
 2.733843e+01 -3.440747e-03 
 2.733883e+01 -2.794117e-03 
 2.733923e+01 -2.188390e-03 
 2.733963e+01 -1.618999e-03 
 2.734002e+01 -1.083543e-03 
 2.734042e+01 -5.841846e-04 
 2.734082e+01 -1.260507e-04 
 2.734122e+01  2.825430e-04 
 2.734161e+01  6.364888e-04 
 2.734201e+01  9.370636e-04 
 2.734241e+01  1.187751e-03 
 2.734281e+01  1.395211e-03 
 2.734320e+01  1.562817e-03 
 2.734360e+01  1.686505e-03 
 2.734400e+01  1.761189e-03 
 2.734440e+01  1.779541e-03 
 2.734480e+01  1.736455e-03 
 2.734519e+01  1.633309e-03 
 2.734559e+01  1.475555e-03 
 2.734599e+01  1.272411e-03 
 2.734639e+01  1.028677e-03 
 2.734678e+01  7.496655e-04 
 2.734718e+01  4.360795e-04 
 2.734758e+01  9.178821e-05 
 2.734798e+01 -2.752104e-04 
 2.734838e+01 -6.524258e-04 
 2.734877e+01 -1.024060e-03 
 2.734917e+01 -1.379942e-03 
 2.734957e+01 -1.712789e-03 
 2.734997e+01 -2.024353e-03 
 2.735036e+01 -2.325784e-03 
 2.735076e+01 -2.627552e-03 
 2.735116e+01 -2.942316e-03 
 2.735156e+01 -3.274161e-03 
 2.735195e+01 -3.621056e-03 
 2.735235e+01 -3.979748e-03 
 2.735275e+01 -4.346989e-03 
 2.735315e+01 -4.723428e-03 
 2.735355e+01 -5.114133e-03 
 2.735394e+01 -5.524056e-03 
 2.735434e+01 -5.953901e-03 
 2.735474e+01 -6.395655e-03 
 2.735514e+01 -6.838687e-03 
 2.735553e+01 -7.268657e-03 
 2.735593e+01 -7.674943e-03 
 2.735633e+01 -8.052660e-03 
 2.735673e+01 -8.404606e-03 
 2.735712e+01 -8.741073e-03 
 2.735752e+01 -9.072227e-03 
 2.735792e+01 -9.401461e-03 
 2.735832e+01 -9.728757e-03 
 2.735872e+01 -1.004838e-02 
 2.735911e+01 -1.035410e-02 
 2.735951e+01 -1.064050e-02 
 2.735991e+01 -1.091211e-02 
 2.736031e+01 -1.117516e-02 
 2.736070e+01 -1.143367e-02 
 2.736110e+01 -1.168997e-02 
 2.736150e+01 -1.194065e-02 
 2.736190e+01 -1.217550e-02 
 2.736229e+01 -1.238553e-02 
 2.736269e+01 -1.256216e-02 
 2.736309e+01 -1.270535e-02 
 2.736349e+01 -1.281758e-02 
 2.736389e+01 -1.290489e-02 
 2.736428e+01 -1.297055e-02 
 2.736468e+01 -1.301254e-02 
 2.736508e+01 -1.302558e-02 
 2.736548e+01 -1.300404e-02 
 2.736587e+01 -1.294567e-02 
 2.736627e+01 -1.284952e-02 
 2.736667e+01 -1.271766e-02 
 2.736707e+01 -1.255488e-02 
 2.736746e+01 -1.236274e-02 
 2.736786e+01 -1.214055e-02 
 2.736826e+01 -1.188912e-02 
 2.736866e+01 -1.161197e-02 
 2.736906e+01 -1.131521e-02 
 2.736945e+01 -1.101154e-02 
 2.736985e+01 -1.071691e-02 
 2.737025e+01 -1.044318e-02 
 2.737065e+01 -1.019573e-02 
 2.737104e+01 -9.974392e-03 
 2.737144e+01 -9.776718e-03 
 2.737184e+01 -9.599582e-03 
 2.737224e+01 -9.441650e-03 
 2.737263e+01 -9.307442e-03 
 2.737303e+01 -9.199344e-03 
 2.737343e+01 -9.116776e-03 
 2.737383e+01 -9.055373e-03 
 2.737423e+01 -9.002990e-03 
 2.737462e+01 -8.945366e-03 
 2.737502e+01 -8.870192e-03 
 2.737542e+01 -8.771929e-03 
 2.737582e+01 -8.656479e-03 
 2.737621e+01 -8.535512e-03 
 2.737661e+01 -8.421596e-03 
 2.737701e+01 -8.323343e-03 
 2.737741e+01 -8.238330e-03 
 2.737780e+01 -8.163540e-03 
 2.737820e+01 -8.093908e-03 
 2.737860e+01 -8.029508e-03 
 2.737900e+01 -7.974136e-03 
 2.737940e+01 -7.937690e-03 
 2.737979e+01 -7.930483e-03 
 2.738019e+01 -7.954056e-03 
 2.738059e+01 -8.002221e-03 
 2.738099e+01 -8.060992e-03 
 2.738138e+01 -8.112511e-03 
 2.738178e+01 -8.145878e-03 
 2.738218e+01 -8.160048e-03 
 2.738258e+01 -8.166090e-03 
 2.738297e+01 -8.173849e-03 
 2.738337e+01 -8.193029e-03 
 2.738377e+01 -8.228109e-03 
 2.738417e+01 -8.275464e-03 
 2.738457e+01 -8.330871e-03 
 2.738496e+01 -8.393972e-03 
 2.738536e+01 -8.467736e-03 
 2.738576e+01 -8.561462e-03 
 2.738616e+01 -8.687406e-03 
 2.738655e+01 -8.856078e-03 
 2.738695e+01 -9.069225e-03 
 2.738735e+01 -9.323998e-03 
 2.738775e+01 -9.613659e-03 
 2.738814e+01 -9.935785e-03 
 2.738854e+01 -1.029219e-02 
 2.738894e+01 -1.068990e-02 
 2.738934e+01 -1.113873e-02 
 2.738974e+01 -1.164413e-02 
 2.739013e+01 -1.220323e-02 
 2.739053e+01 -1.280966e-02 
 2.739093e+01 -1.345140e-02 
 2.739133e+01 -1.411993e-02 
 2.739172e+01 -1.480817e-02 
 2.739212e+01 -1.551779e-02 
 2.739252e+01 -1.624985e-02 
 2.739292e+01 -1.700135e-02 
 2.739331e+01 -1.776497e-02 
 2.739371e+01 -1.853005e-02 
 2.739411e+01 -1.928387e-02 
 2.739451e+01 -2.002179e-02 
 2.739491e+01 -2.074776e-02 
 2.739530e+01 -2.147093e-02 
 2.739570e+01 -2.220125e-02 
 2.739610e+01 -2.294658e-02 
 2.739650e+01 -2.370998e-02 
 2.739689e+01 -2.449028e-02 
 2.739729e+01 -2.528324e-02 
 2.739769e+01 -2.608939e-02 
 2.739809e+01 -2.691042e-02 
 2.739848e+01 -2.775321e-02 
 2.739888e+01 -2.861874e-02 
 2.739928e+01 -2.950339e-02 
 2.739968e+01 -3.039633e-02 
 2.740008e+01 -3.127851e-02 
 2.740047e+01 -3.213624e-02 
 2.740087e+01 -3.296163e-02 
 2.740127e+01 -3.375940e-02 
 2.740167e+01 -3.453998e-02 
 2.740206e+01 -3.531626e-02 
 2.740246e+01 -3.609589e-02 
 2.740286e+01 -3.687954e-02 
 2.740326e+01 -3.766085e-02 
 2.740365e+01 -3.843266e-02 
 2.740405e+01 -3.918806e-02 
 2.740445e+01 -3.992611e-02 
 2.740485e+01 -4.065224e-02 
 2.740525e+01 -4.137443e-02 
 2.740564e+01 -4.209380e-02 
 2.740604e+01 -4.280240e-02 
 2.740644e+01 -4.348728e-02 
 2.740684e+01 -4.412939e-02 
 2.740723e+01 -4.471579e-02 
 2.740763e+01 -4.524169e-02 
 2.740803e+01 -4.571200e-02 
 2.740843e+01 -4.613461e-02 
 2.740882e+01 -4.651481e-02 
 2.740922e+01 -4.685372e-02 
 2.740962e+01 -4.714503e-02 
 2.741002e+01 -4.737624e-02 
 2.741042e+01 -4.753538e-02 
 2.741081e+01 -4.761795e-02 
 2.741121e+01 -4.762854e-02 
 2.741161e+01 -4.757697e-02 
 2.741201e+01 -4.747116e-02 
 2.741240e+01 -4.731671e-02 
 2.741280e+01 -4.711072e-02 
 2.741320e+01 -4.684638e-02 
 2.741360e+01 -4.652014e-02 
 2.741399e+01 -4.613182e-02 
 2.741439e+01 -4.568712e-02 
 2.741479e+01 -4.519712e-02 
 2.741519e+01 -4.467342e-02 
 2.741559e+01 -4.412496e-02 
 2.741598e+01 -4.355495e-02 
 2.741638e+01 -4.295939e-02 
 2.741678e+01 -4.233618e-02 
 2.741718e+01 -4.168552e-02 
 2.741757e+01 -4.101220e-02 
 2.741797e+01 -4.032335e-02 
 2.741837e+01 -3.962131e-02 
 2.741877e+01 -3.890420e-02 
 2.741916e+01 -3.816588e-02 
 2.741956e+01 -3.739986e-02 
 2.741996e+01 -3.660377e-02 
 2.742036e+01 -3.578296e-02 
 2.742076e+01 -3.494935e-02 
 2.742115e+01 -3.411558e-02 
 2.742155e+01 -3.329423e-02 
 2.742195e+01 -3.249024e-02 
 2.742235e+01 -3.169811e-02 
 2.742274e+01 -3.090862e-02 
 2.742314e+01 -3.011530e-02 
 2.742354e+01 -2.931630e-02 
 2.742394e+01 -2.851682e-02 
 2.742433e+01 -2.772452e-02 
 2.742473e+01 -2.694092e-02 
 2.742513e+01 -2.616034e-02 
 2.742553e+01 -2.536751e-02 
 2.742593e+01 -2.455015e-02 
 2.742632e+01 -2.369888e-02 
 2.742672e+01 -2.281259e-02 
 2.742712e+01 -2.189981e-02 
 2.742752e+01 -2.097496e-02 
 2.742791e+01 -2.005381e-02 
 2.742831e+01 -1.914354e-02 
 2.742871e+01 -1.824611e-02 
 2.742911e+01 -1.735823e-02 
 2.742950e+01 -1.647705e-02 
 2.742990e+01 -1.560743e-02 
 2.743030e+01 -1.476097e-02 
 2.743070e+01 -1.395032e-02 
 2.743110e+01 -1.318404e-02 
 2.743149e+01 -1.246445e-02 
 2.743189e+01 -1.178852e-02 
 2.743229e+01 -1.114615e-02 
 2.743269e+01 -1.052580e-02 
 2.743308e+01 -9.924062e-03 
 2.743348e+01 -9.338525e-03 
 2.743388e+01 -8.777033e-03 
 2.743428e+01 -8.250142e-03 
 2.743467e+01 -7.764963e-03 
 2.743507e+01 -7.322786e-03 
 2.743547e+01 -6.916760e-03 
 2.743587e+01 -6.543230e-03 
 2.743627e+01 -6.200172e-03 
 2.743666e+01 -5.887580e-03 
 2.743706e+01 -5.608287e-03 
 2.743746e+01 -5.364510e-03 
 2.743786e+01 -5.154350e-03 
 2.743825e+01 -4.973047e-03 
 2.743865e+01 -4.811562e-03 
 2.743905e+01 -4.660983e-03 
 2.743945e+01 -4.518097e-03 
 2.743985e+01 -4.385490e-03 
 2.744024e+01 -4.270866e-03 
 2.744064e+01 -4.183537e-03 
 2.744104e+01 -4.127320e-03 
 2.744144e+01 -4.100310e-03 
 2.744183e+01 -4.095429e-03 
 2.744223e+01 -4.104892e-03 
 2.744263e+01 -4.125366e-03 
 2.744303e+01 -4.156636e-03 
 2.744342e+01 -4.198107e-03 
 2.744382e+01 -4.249641e-03 
 2.744422e+01 -4.308580e-03 
 2.744462e+01 -4.368530e-03 
 2.744502e+01 -4.421920e-03 
 2.744541e+01 -4.466403e-03 
 2.744581e+01 -4.508546e-03 
 2.744621e+01 -4.558412e-03 
 2.744661e+01 -4.631451e-03 
 2.744700e+01 -4.742145e-03 
 2.744740e+01 -4.896198e-03 
 2.744780e+01 -5.093611e-03 
 2.744820e+01 -5.328729e-03 
 2.744859e+01 -5.602148e-03 
 2.744899e+01 -5.913711e-03 
 2.744939e+01 -6.265187e-03 
 2.744979e+01 -6.662533e-03 
 2.745019e+01 -7.101862e-03 
 2.745058e+01 -7.573787e-03 
 2.745098e+01 -8.062760e-03 
 2.745138e+01 -8.549636e-03 
 2.745178e+01 -9.019757e-03 
 2.745217e+01 -9.465154e-03 
 2.745257e+01 -9.890047e-03 
 2.745297e+01 -1.030393e-02 
 2.745337e+01 -1.071361e-02 
 2.745376e+01 -1.112137e-02 
 2.745416e+01 -1.152251e-02 
 2.745456e+01 -1.190927e-02 
 2.745496e+01 -1.227275e-02 
 2.745536e+01 -1.260927e-02 
 2.745575e+01 -1.292150e-02 
 2.745615e+01 -1.321306e-02 
 2.745655e+01 -1.348787e-02 
 2.745695e+01 -1.374586e-02 
 2.745734e+01 -1.398097e-02 
 2.745774e+01 -1.417983e-02 
 2.745814e+01 -1.432969e-02 
 2.745854e+01 -1.442624e-02 
 2.745893e+01 -1.447114e-02 
 2.745933e+01 -1.446966e-02 
 2.745973e+01 -1.443095e-02 
 2.746013e+01 -1.435916e-02 
 2.746053e+01 -1.425467e-02 
 2.746092e+01 -1.411562e-02 
 2.746132e+01 -1.394051e-02 
 2.746172e+01 -1.372774e-02 
 2.746212e+01 -1.347812e-02 
 2.746251e+01 -1.319718e-02 
 2.746291e+01 -1.289298e-02 
 2.746331e+01 -1.257125e-02 
 2.746371e+01 -1.223348e-02 
 2.746410e+01 -1.188089e-02 
 2.746450e+01 -1.151324e-02 
 2.746490e+01 -1.113247e-02 
 2.746530e+01 -1.074491e-02 
 2.746570e+01 -1.035805e-02 
 2.746609e+01 -9.978076e-03 
 2.746649e+01 -9.608587e-03 
 2.746689e+01 -9.249898e-03 
 2.746729e+01 -8.901905e-03 
 2.746768e+01 -8.563227e-03 
 2.746808e+01 -8.233832e-03 
 2.746848e+01 -7.911393e-03 
 2.746888e+01 -7.593288e-03 
 2.746927e+01 -7.275207e-03 
 2.746967e+01 -6.948780e-03 
 2.747007e+01 -6.603832e-03 
 2.747047e+01 -6.229414e-03 
 2.747087e+01 -5.818539e-03 
 2.747126e+01 -5.374144e-03 
 2.747166e+01 -4.903409e-03 
 2.747206e+01 -4.421566e-03 
 2.747246e+01 -3.942569e-03 
 2.747285e+01 -3.476083e-03 
 2.747325e+01 -3.025873e-03 
 2.747365e+01 -2.594518e-03 
 2.747405e+01 -2.182516e-03 
 2.747444e+01 -1.794504e-03 
 2.747484e+01 -1.433953e-03 
 2.747524e+01 -1.110618e-03 
 2.747564e+01 -8.310142e-04 
 2.747604e+01 -5.972912e-04 
 2.747643e+01 -4.049255e-04 
 2.747683e+01 -2.430349e-04 
 2.747723e+01 -1.030870e-04 
 2.747763e+01  2.060521e-05 
 2.747802e+01  1.228679e-04 
 2.747842e+01  1.939256e-04 
 2.747882e+01  2.233974e-04 
 2.747922e+01  2.046786e-04 
 2.747961e+01  1.363991e-04 
 2.748001e+01  2.019092e-05 
 2.748041e+01 -1.391872e-04 
 2.748081e+01 -3.417981e-04 
 2.748121e+01 -5.931850e-04 
 2.748160e+01 -9.012126e-04 
 2.748200e+01 -1.275223e-03 
 2.748240e+01 -1.720606e-03 
 2.748280e+01 -2.231946e-03 
 2.748319e+01 -2.797841e-03 
 2.748359e+01 -3.405272e-03 
 2.748399e+01 -4.046097e-03 
 2.748439e+01 -4.716063e-03 
 2.748478e+01 -5.415594e-03 
 2.748518e+01 -6.146953e-03 
 2.748558e+01 -6.911466e-03 
 2.748598e+01 -7.705969e-03 
 2.748638e+01 -8.524182e-03 
 2.748677e+01 -9.359061e-03 
 2.748717e+01 -1.020388e-02 
 2.748757e+01 -1.105398e-02 
 2.748797e+01 -1.190663e-02 
 2.748836e+01 -1.275955e-02 
 2.748876e+01 -1.360616e-02 
 2.748916e+01 -1.443921e-02 
 2.748956e+01 -1.525280e-02 
 2.748995e+01 -1.604488e-02 
 2.749035e+01 -1.681858e-02 
 2.749075e+01 -1.758361e-02 
 2.749115e+01 -1.835130e-02 
 2.749155e+01 -1.913063e-02 
 2.749194e+01 -1.992908e-02 
 2.749234e+01 -2.074970e-02 
 2.749274e+01 -2.159297e-02 
 2.749314e+01 -2.245711e-02 
 2.749353e+01 -2.334240e-02 
 2.749393e+01 -2.425004e-02 
 2.749433e+01 -2.518037e-02 
 2.749473e+01 -2.613252e-02 
 2.749512e+01 -2.710223e-02 
 2.749552e+01 -2.807893e-02 
 2.749592e+01 -2.905181e-02 
 2.749632e+01 -3.001297e-02 
 2.749672e+01 -3.096114e-02 
 2.749711e+01 -3.189814e-02 
 2.749751e+01 -3.282943e-02 
 2.749791e+01 -3.376070e-02 
 2.749831e+01 -3.469419e-02 
 2.749870e+01 -3.562682e-02 
 2.749910e+01 -3.655223e-02 
 2.749950e+01 -3.746500e-02 
 2.749990e+01 -3.835996e-02 
 2.750029e+01 -3.923711e-02 
 2.750069e+01 -4.010045e-02 
 2.750109e+01 -4.095409e-02 
 2.750149e+01 -4.179275e-02 
 2.750189e+01 -4.260741e-02 
 2.750228e+01 -4.338330e-02 
 2.750268e+01 -4.410441e-02 
 2.750308e+01 -4.475892e-02 
 2.750348e+01 -4.534286e-02 
 2.750387e+01 -4.585848e-02 
 2.750427e+01 -4.631259e-02 
 2.750467e+01 -4.671540e-02 
 2.750507e+01 -4.707200e-02 
 2.750546e+01 -4.737971e-02 
 2.750586e+01 -4.763315e-02 
 2.750626e+01 -4.782647e-02 
 2.750666e+01 -4.796070e-02 
 2.750706e+01 -4.803919e-02 
 2.750745e+01 -4.806711e-02 
 2.750785e+01 -4.804869e-02 
 2.750825e+01 -4.798505e-02 
 2.750865e+01 -4.787544e-02 
 2.750904e+01 -4.771985e-02 
 2.750944e+01 -4.751875e-02 
 2.750984e+01 -4.727371e-02 
 2.751024e+01 -4.698884e-02 
 2.751063e+01 -4.667228e-02 
 2.751103e+01 -4.632908e-02 
 2.751143e+01 -4.596080e-02 
 2.751183e+01 -4.556651e-02 
 2.751223e+01 -4.514174e-02 
 2.751262e+01 -4.468414e-02 
 2.751302e+01 -4.419356e-02 
 2.751342e+01 -4.367145e-02 
 2.751382e+01 -4.311832e-02 
 2.751421e+01 -4.253076e-02 
 2.751461e+01 -4.190666e-02 
 2.751501e+01 -4.124143e-02 
 2.751541e+01 -4.053433e-02 
 2.751580e+01 -3.978643e-02 
 2.751620e+01 -3.900301e-02 
 2.751660e+01 -3.818848e-02 
 2.751700e+01 -3.734518e-02 
 2.751740e+01 -3.647532e-02 
 2.751779e+01 -3.557841e-02 
 2.751819e+01 -3.465305e-02 
 2.751859e+01 -3.370053e-02 
 2.751899e+01 -3.272419e-02 
 2.751938e+01 -3.173059e-02 
 2.751978e+01 -3.072599e-02 
 2.752018e+01 -2.971248e-02 
 2.752058e+01 -2.868745e-02 
 2.752097e+01 -2.764424e-02 
 2.752137e+01 -2.657546e-02 
 2.752177e+01 -2.547897e-02 
 2.752217e+01 -2.435606e-02 
 2.752257e+01 -2.321587e-02 
 2.752296e+01 -2.207061e-02 
 2.752336e+01 -2.093697e-02 
 2.752376e+01 -1.982863e-02 
 2.752416e+01 -1.875379e-02 
 2.752455e+01 -1.771942e-02 
 2.752495e+01 -1.672726e-02 
 2.752535e+01 -1.578000e-02 
 2.752575e+01 -1.488729e-02 
 2.752614e+01 -1.405554e-02 
 2.752654e+01 -1.329181e-02 
 2.752694e+01 -1.259856e-02 
 2.752734e+01 -1.197344e-02 
 2.752774e+01 -1.140972e-02 
 2.752813e+01 -1.089819e-02 
 2.752853e+01 -1.043255e-02 
 2.752893e+01 -1.000890e-02 
 2.752933e+01 -9.629614e-03 
 2.752972e+01 -9.297956e-03 
 2.753012e+01 -9.016976e-03 
 2.753052e+01 -8.787077e-03 
 2.753092e+01 -8.603232e-03 
 2.753132e+01 -8.459418e-03 
 2.753171e+01 -8.349657e-03 
 2.753211e+01 -8.271676e-03 
 2.753251e+01 -8.221786e-03 
 2.753291e+01 -8.204830e-03 
 2.753330e+01 -8.221994e-03 
 2.753370e+01 -8.272497e-03 
 2.753410e+01 -8.354138e-03 
 2.753450e+01 -8.461309e-03 
 2.753489e+01 -8.586162e-03 
 2.753529e+01 -8.723594e-03 
 2.753569e+01 -8.871341e-03 
 2.753609e+01 -9.029897e-03 
 2.753649e+01 -9.199207e-03 
 2.753688e+01 -9.380846e-03 
 2.753728e+01 -9.576726e-03 
 2.753768e+01 -9.785100e-03 
 2.753808e+01 -1.000593e-02 
 2.753847e+01 -1.023831e-02 
 2.753887e+01 -1.048237e-02 
 2.753927e+01 -1.073580e-02 
 2.753967e+01 -1.099504e-02 
 2.754006e+01 -1.125460e-02 
 2.754046e+01 -1.151006e-02 
 2.754086e+01 -1.175926e-02 
 2.754126e+01 -1.200150e-02 
 2.754166e+01 -1.224382e-02 
 2.754205e+01 -1.249540e-02 
 2.754245e+01 -1.276312e-02 
 2.754285e+01 -1.305256e-02 
 2.754325e+01 -1.336504e-02 
 2.754364e+01 -1.369664e-02 
 2.754404e+01 -1.404154e-02 
 2.754444e+01 -1.439968e-02 
 2.754484e+01 -1.476861e-02 
 2.754523e+01 -1.514667e-02 
 2.754563e+01 -1.553049e-02 
 2.754603e+01 -1.591121e-02 
 2.754643e+01 -1.627437e-02 
 2.754683e+01 -1.660679e-02 
 2.754722e+01 -1.689659e-02 
 2.754762e+01 -1.713851e-02 
 2.754802e+01 -1.733359e-02 
 2.754842e+01 -1.748763e-02 
 2.754881e+01 -1.760592e-02 
 2.754921e+01 -1.769234e-02 
 2.754961e+01 -1.774707e-02 
 2.755001e+01 -1.776520e-02 
 2.755040e+01 -1.774352e-02 
 2.755080e+01 -1.768162e-02 
 2.755120e+01 -1.758090e-02 
 2.755160e+01 -1.745007e-02 
 2.755200e+01 -1.729902e-02 
 2.755239e+01 -1.713108e-02 
 2.755279e+01 -1.694997e-02 
 2.755319e+01 -1.675168e-02 
 2.755359e+01 -1.652809e-02 
 2.755398e+01 -1.627247e-02 
 2.755438e+01 -1.598264e-02 
 2.755478e+01 -1.565847e-02 
 2.755518e+01 -1.530262e-02 
 2.755557e+01 -1.492217e-02 
 2.755597e+01 -1.452133e-02 
 2.755637e+01 -1.410268e-02 
 2.755677e+01 -1.366807e-02 
 2.755717e+01 -1.321898e-02 
 2.755756e+01 -1.275574e-02 
 2.755796e+01 -1.228202e-02 
 2.755836e+01 -1.180305e-02 
 2.755876e+01 -1.132050e-02 
 2.755915e+01 -1.083603e-02 
 2.755955e+01 -1.035067e-02 
 2.755995e+01 -9.862359e-03 
 2.756035e+01 -9.368121e-03 
 2.756074e+01 -8.869092e-03 
 2.756114e+01 -8.366979e-03 
 2.756154e+01 -7.862461e-03 
 2.756194e+01 -7.358138e-03 
 2.756234e+01 -6.851183e-03 
 2.756273e+01 -6.339847e-03 
 2.756313e+01 -5.821893e-03 
 2.756353e+01 -5.292300e-03 
 2.756393e+01 -4.751062e-03 
 2.756432e+01 -4.197428e-03 
 2.756472e+01 -3.628606e-03 
 2.756512e+01 -3.041549e-03 
 2.756552e+01 -2.434872e-03 
 2.756591e+01 -1.805186e-03 
 2.756631e+01 -1.146498e-03 
 2.756671e+01 -4.603568e-04 
 2.756711e+01  2.455274e-04 
 2.756751e+01  9.638038e-04 
 2.756790e+01  1.682310e-03 
 2.756830e+01  2.391004e-03 
 2.756870e+01  3.083327e-03 
 2.756910e+01  3.755794e-03 
 2.756949e+01  4.402272e-03 
 2.756989e+01  5.015984e-03 
 2.757029e+01  5.589449e-03 
 2.757069e+01  6.111178e-03 
 2.757108e+01  6.571197e-03 
 2.757148e+01  6.966529e-03 
 2.757188e+01  7.297408e-03 
 2.757228e+01  7.572376e-03 
 2.757268e+01  7.799960e-03 
 2.757307e+01  7.988527e-03 
 2.757347e+01  8.141548e-03 
 2.757387e+01  8.254770e-03 
 2.757427e+01  8.320939e-03 
 2.757466e+01  8.333932e-03 
 2.757506e+01  8.289373e-03 
 2.757546e+01  8.185246e-03 
 2.757586e+01  8.021644e-03 
 2.757625e+01  7.799877e-03 
 2.757665e+01  7.518373e-03 
 2.757705e+01  7.171811e-03 
 2.757745e+01  6.758088e-03 
 2.757785e+01  6.272755e-03 
 2.757824e+01  5.714514e-03 
 2.757864e+01  5.088362e-03 
 2.757904e+01  4.402779e-03 
 2.757944e+01  3.666122e-03 
 2.757983e+01  2.884463e-03 
 2.758023e+01  2.063864e-03 
 2.758063e+01  1.204460e-03 
 2.758103e+01  3.075829e-04 
 2.758142e+01 -6.245453e-04 
 2.758182e+01 -1.592020e-03 
 2.758222e+01 -2.591936e-03 
 2.758262e+01 -3.618824e-03 
 2.758302e+01 -4.669643e-03 
 2.758341e+01 -5.741410e-03 
 2.758381e+01 -6.832908e-03 
 2.758421e+01 -7.945111e-03 
 2.758461e+01 -9.078875e-03 
 2.758500e+01 -1.023590e-02 
 2.758540e+01 -1.141657e-02 
 2.758580e+01 -1.261855e-02 
 2.758620e+01 -1.383973e-02 
 2.758659e+01 -1.507897e-02 
 2.758699e+01 -1.633514e-02 
 2.758739e+01 -1.760410e-02 
 2.758779e+01 -1.888800e-02 
 2.758819e+01 -2.018906e-02 
 2.758858e+01 -2.150711e-02 
 2.758898e+01 -2.284217e-02 
 2.758938e+01 -2.419607e-02 
 2.758978e+01 -2.556478e-02 
 2.759017e+01 -2.694139e-02 
 2.759057e+01 -2.831713e-02 
 2.759097e+01 -2.968089e-02 
 2.759137e+01 -3.101865e-02 
 2.759176e+01 -3.231860e-02 
 2.759216e+01 -3.357337e-02 
 2.759256e+01 -3.477692e-02 
 2.759296e+01 -3.592724e-02 
 2.759336e+01 -3.702613e-02 
 2.759375e+01 -3.807499e-02 
 2.759415e+01 -3.907381e-02 
 2.759455e+01 -4.002025e-02 
 2.759495e+01 -4.091214e-02 
 2.759534e+01 -4.174663e-02 
 2.759574e+01 -4.252337e-02 
 2.759614e+01 -4.324498e-02 
 2.759654e+01 -4.391437e-02 
 2.759693e+01 -4.453205e-02 
 2.759733e+01 -4.509443e-02 
 2.759773e+01 -4.559507e-02 
 2.759813e+01 -4.602771e-02 
 2.759853e+01 -4.638623e-02 
 2.759892e+01 -4.666791e-02 
 2.759932e+01 -4.687638e-02 
 2.759972e+01 -4.701725e-02 
 2.760012e+01 -4.709742e-02 
 2.760051e+01 -4.712400e-02 
 2.760091e+01 -4.710130e-02 
 2.760131e+01 -4.702833e-02 
 2.760171e+01 -4.690630e-02 
 2.760210e+01 -4.673827e-02 
 2.760250e+01 -4.652920e-02 
 2.760290e+01 -4.628777e-02 
 2.760330e+01 -4.602396e-02 
 2.760370e+01 -4.574424e-02 
 2.760409e+01 -4.545086e-02 
 2.760449e+01 -4.514310e-02 
 2.760489e+01 -4.481401e-02 
 2.760529e+01 -4.445735e-02 
 2.760568e+01 -4.406749e-02 
 2.760608e+01 -4.363969e-02 
 2.760648e+01 -4.317657e-02 
 2.760688e+01 -4.268218e-02 
 2.760727e+01 -4.216238e-02 
 2.760767e+01 -4.162164e-02 
 2.760807e+01 -4.106241e-02 
 2.760847e+01 -4.048568e-02 
 2.760887e+01 -3.989009e-02 
 2.760926e+01 -3.927614e-02 
 2.760966e+01 -3.864193e-02 
 2.761006e+01 -3.798583e-02 
 2.761046e+01 -3.730657e-02 
 2.761085e+01 -3.660284e-02 
 2.761125e+01 -3.587384e-02 
 2.761165e+01 -3.512113e-02 
 2.761205e+01 -3.434727e-02 
 2.761244e+01 -3.355376e-02 
 2.761284e+01 -3.274455e-02 
 2.761324e+01 -3.192438e-02 
 2.761364e+01 -3.109755e-02 
 2.761404e+01 -3.026518e-02 
 2.761443e+01 -2.942964e-02 
 2.761483e+01 -2.859395e-02 
 2.761523e+01 -2.776122e-02 
 2.761563e+01 -2.693470e-02 
 2.761602e+01 -2.611816e-02 
 2.761642e+01 -2.531274e-02 
 2.761682e+01 -2.451680e-02 
 2.761722e+01 -2.372709e-02 
 2.761761e+01 -2.294349e-02 
 2.761801e+01 -2.216946e-02 
 2.761841e+01 -2.140891e-02 
 2.761881e+01 -2.066961e-02 
 2.761921e+01 -1.996159e-02 
 2.761960e+01 -1.929147e-02 
 2.762000e+01 -1.866070e-02 
 2.762040e+01 -1.807138e-02 
 2.762080e+01 -1.752385e-02 
 2.762119e+01 -1.701915e-02 
 2.762159e+01 -1.656321e-02 
 2.762199e+01 -1.616394e-02 
 2.762239e+01 -1.582596e-02 
 2.762278e+01 -1.554945e-02 
 2.762318e+01 -1.532666e-02 
 2.762358e+01 -1.514362e-02 
 2.762398e+01 -1.498277e-02 
 2.762438e+01 -1.482990e-02 
 2.762477e+01 -1.467965e-02 
 2.762517e+01 -1.453160e-02 
 2.762557e+01 -1.439344e-02 
 2.762597e+01 -1.427278e-02 
 2.762636e+01 -1.417568e-02 
 2.762676e+01 -1.410344e-02 
 2.762716e+01 -1.405617e-02 
 2.762756e+01 -1.403492e-02 
 2.762796e+01 -1.404118e-02 
 2.762835e+01 -1.407773e-02 
 2.762875e+01 -1.414997e-02 
 2.762915e+01 -1.426161e-02 
 2.762955e+01 -1.440900e-02 
 2.762994e+01 -1.458775e-02 
 2.763034e+01 -1.479199e-02 
 2.763074e+01 -1.501749e-02 
 2.763114e+01 -1.526005e-02 
 2.763153e+01 -1.552316e-02 
 2.763193e+01 -1.581130e-02 
 2.763233e+01 -1.612742e-02 
 2.763273e+01 -1.647182e-02 
 2.763313e+01 -1.684644e-02 
 2.763352e+01 -1.724679e-02 
 2.763392e+01 -1.766983e-02 
 2.763432e+01 -1.811342e-02 
 2.763472e+01 -1.857699e-02 
 2.763511e+01 -1.905689e-02 
 2.763551e+01 -1.954876e-02 
 2.763591e+01 -2.005043e-02 
 2.763631e+01 -2.055569e-02 
 2.763670e+01 -2.105961e-02 
 2.763710e+01 -2.155910e-02 
 2.763750e+01 -2.205189e-02 
 2.763790e+01 -2.253825e-02 
 2.763830e+01 -2.301707e-02 
 2.763869e+01 -2.348702e-02 
 2.763909e+01 -2.394424e-02 
 2.763949e+01 -2.438404e-02 
 2.763989e+01 -2.480338e-02 
 2.764028e+01 -2.520061e-02 
 2.764068e+01 -2.557501e-02 
 2.764108e+01 -2.592397e-02 
 2.764148e+01 -2.624131e-02 
 2.764187e+01 -2.651922e-02 
 2.764227e+01 -2.674329e-02 
 2.764267e+01 -2.689918e-02 
 2.764307e+01 -2.697499e-02 
 2.764347e+01 -2.696326e-02 
 2.764386e+01 -2.686250e-02 
 2.764426e+01 -2.667935e-02 
 2.764466e+01 -2.642516e-02 
 2.764506e+01 -2.610762e-02 
 2.764545e+01 -2.573424e-02 
 2.764585e+01 -2.530822e-02 
 2.764625e+01 -2.483233e-02 
 2.764665e+01 -2.431169e-02 
 2.764704e+01 -2.375229e-02 
 2.764744e+01 -2.316282e-02 
 2.764784e+01 -2.255171e-02 
 2.764824e+01 -2.192529e-02 
 2.764864e+01 -2.128179e-02 
 2.764903e+01 -2.061510e-02 
 2.764943e+01 -1.991780e-02 
 2.764983e+01 -1.918112e-02 
 2.765023e+01 -1.840009e-02 
 2.765062e+01 -1.757844e-02 
 2.765102e+01 -1.672260e-02 
 2.765142e+01 -1.584084e-02 
 2.765182e+01 -1.493942e-02 
 2.765221e+01 -1.402196e-02 
 2.765261e+01 -1.309071e-02 
 2.765301e+01 -1.214410e-02 
 2.765341e+01 -1.118313e-02 
 2.765381e+01 -1.021188e-02 
 2.765420e+01 -9.237326e-03 
 2.765460e+01 -8.265698e-03 
 2.765500e+01 -7.300614e-03 
 2.765540e+01 -6.344955e-03 
 2.765579e+01 -5.396901e-03 
 2.765619e+01 -4.450003e-03 
 2.765659e+01 -3.501296e-03 
 2.765699e+01 -2.549554e-03 
 2.765738e+01 -1.596092e-03 
 2.765778e+01 -6.438117e-04 
 2.765818e+01  3.018021e-04 
 2.765858e+01  1.233570e-03 
 2.765898e+01  2.146377e-03 
 2.765937e+01  3.035569e-03 
 2.765977e+01  3.896646e-03 
 2.766017e+01  4.729092e-03 
 2.766057e+01  5.532324e-03 
 2.766096e+01  6.308315e-03 
 2.766136e+01  7.057987e-03 
 2.766176e+01  7.783118e-03 
 2.766216e+01  8.483696e-03 
 2.766255e+01  9.156649e-03 
 2.766295e+01  9.797811e-03 
 2.766335e+01  1.040281e-02 
 2.766375e+01  1.096483e-02 
 2.766415e+01  1.147554e-02 
 2.766454e+01  1.192676e-02 
 2.766494e+01  1.231232e-02 
 2.766534e+01  1.262341e-02 
 2.766574e+01  1.285386e-02 
 2.766613e+01  1.300128e-02 
 2.766653e+01  1.306486e-02 
 2.766693e+01  1.304660e-02 
 2.766733e+01  1.295359e-02 
 2.766772e+01  1.279711e-02 
 2.766812e+01  1.258813e-02 
 2.766852e+01  1.233763e-02 
 2.766892e+01  1.205534e-02 
 2.766932e+01  1.174528e-02 
 2.766971e+01  1.140955e-02 
 2.767011e+01  1.104533e-02 
 2.767051e+01  1.065032e-02 
 2.767091e+01  1.022037e-02 
 2.767130e+01  9.753773e-03 
 2.767170e+01  9.250744e-03 
 2.767210e+01  8.713846e-03 
 2.767250e+01  8.141844e-03 
 2.767289e+01  7.532119e-03 
 2.767329e+01  6.879657e-03 
 2.767369e+01  6.181314e-03 
 2.767409e+01  5.436577e-03 
 2.767449e+01  4.649911e-03 
 2.767488e+01  3.830326e-03 
 2.767528e+01  2.988988e-03 
 2.767568e+01  2.135945e-03 
 2.767608e+01  1.276768e-03 
 2.767647e+01  4.092735e-04 
 2.767687e+01 -4.721340e-04 
 2.767727e+01 -1.373969e-03 
 2.767767e+01 -2.301337e-03 
 2.767806e+01 -3.259528e-03 
 2.767846e+01 -4.247811e-03 
 2.767886e+01 -5.263864e-03 
 2.767926e+01 -6.305970e-03 
 2.767966e+01 -7.374184e-03 
 2.768005e+01 -8.467423e-03 
 2.768045e+01 -9.586611e-03 
 2.768085e+01 -1.073158e-02 
 2.768125e+01 -1.189876e-02 
 2.768164e+01 -1.308153e-02 
 2.768204e+01 -1.427481e-02 
 2.768244e+01 -1.547512e-02 
 2.768284e+01 -1.668195e-02 
 2.768323e+01 -1.789654e-02 
 2.768363e+01 -1.912190e-02 
 2.768403e+01 -2.036107e-02 
 2.768443e+01 -2.161354e-02 
 2.768483e+01 -2.287546e-02 
 2.768522e+01 -2.414198e-02 
 2.768562e+01 -2.540530e-02 
 2.768602e+01 -2.665702e-02 
 2.768642e+01 -2.788765e-02 
 2.768681e+01 -2.908951e-02 
 2.768721e+01 -3.025404e-02 
 2.768761e+01 -3.137382e-02 
 2.768801e+01 -3.244238e-02 
 2.768840e+01 -3.345521e-02 
 2.768880e+01 -3.441026e-02 
 2.768920e+01 -3.530765e-02 
 2.768960e+01 -3.614947e-02 
 2.769000e+01 -3.693733e-02 
 2.769039e+01 -3.767349e-02 
 2.769079e+01 -3.836000e-02 
 2.769119e+01 -3.899866e-02 
 2.769159e+01 -3.959220e-02 
 2.769198e+01 -4.014437e-02 
 2.769238e+01 -4.065878e-02 
 2.769278e+01 -4.113535e-02 
 2.769318e+01 -4.157097e-02 
 2.769357e+01 -4.195907e-02 
 2.769397e+01 -4.229058e-02 
 2.769437e+01 -4.255667e-02 
 2.769477e+01 -4.275230e-02 
 2.769517e+01 -4.287970e-02 
 2.769556e+01 -4.294469e-02 
 2.769596e+01 -4.295673e-02 
 2.769636e+01 -4.292594e-02 
 2.769676e+01 -4.285914e-02 
 2.769715e+01 -4.275786e-02 
 2.769755e+01 -4.262053e-02 
 2.769795e+01 -4.244643e-02 
 2.769835e+01 -4.223583e-02 
 2.769874e+01 -4.198994e-02 
 2.769914e+01 -4.171177e-02 
 2.769954e+01 -4.140368e-02 
 2.769994e+01 -4.106264e-02 
 2.770034e+01 -4.068359e-02 
 2.770073e+01 -4.025968e-02 
 2.770113e+01 -3.978396e-02 
 2.770153e+01 -3.925242e-02 
 2.770193e+01 -3.866864e-02 
 2.770232e+01 -3.803877e-02 
 2.770272e+01 -3.737144e-02 
 2.770312e+01 -3.667394e-02 
 2.770352e+01 -3.595167e-02 
 2.770391e+01 -3.520537e-02 
 2.770431e+01 -3.443424e-02 
 2.770471e+01 -3.364156e-02 
 2.770511e+01 -3.283186e-02 
 2.770551e+01 -3.201074e-02 
 2.770590e+01 -3.118486e-02 
 2.770630e+01 -3.036043e-02 
 2.770670e+01 -2.954174e-02 
 2.770710e+01 -2.872839e-02 
 2.770749e+01 -2.792010e-02 
 2.770789e+01 -2.711891e-02 
 2.770829e+01 -2.632692e-02 
 2.770869e+01 -2.555001e-02 
 2.770908e+01 -2.479779e-02 
 2.770948e+01 -2.407957e-02 
 2.770988e+01 -2.340200e-02 
 2.771028e+01 -2.276984e-02 
 2.771068e+01 -2.218660e-02 
 2.771107e+01 -2.165425e-02 
 2.771147e+01 -2.117116e-02 
 2.771187e+01 -2.073698e-02 
 2.771227e+01 -2.035024e-02 
 2.771266e+01 -2.000602e-02 
 2.771306e+01 -1.970069e-02 
 2.771346e+01 -1.943241e-02 
 2.771386e+01 -1.920016e-02 
 2.771425e+01 -1.900636e-02 
 2.771465e+01 -1.885577e-02 
 2.771505e+01 -1.875275e-02 
 2.771545e+01 -1.870187e-02 
 2.771585e+01 -1.870497e-02 
 2.771624e+01 -1.876156e-02 
 2.771664e+01 -1.886848e-02 
 2.771704e+01 -1.902395e-02 
 2.771744e+01 -1.922298e-02 
 2.771783e+01 -1.946117e-02 
 2.771823e+01 -1.973342e-02 
 2.771863e+01 -2.003182e-02 
 2.771903e+01 -2.034698e-02 
 2.771943e+01 -2.066635e-02 
 2.771982e+01 -2.097869e-02 
 2.772022e+01 -2.127700e-02 
 2.772062e+01 -2.155922e-02 
 2.772102e+01 -2.182782e-02 
 2.772141e+01 -2.209175e-02 
 2.772181e+01 -2.235996e-02 
 2.772221e+01 -2.263913e-02 
 2.772261e+01 -2.293170e-02 
 2.772300e+01 -2.323714e-02 
 2.772340e+01 -2.355362e-02 
 2.772380e+01 -2.387893e-02 
 2.772420e+01 -2.421454e-02 
 2.772460e+01 -2.456573e-02 
 2.772499e+01 -2.493730e-02 
 2.772539e+01 -2.533129e-02 
 2.772579e+01 -2.574563e-02 
 2.772619e+01 -2.617238e-02 
 2.772658e+01 -2.659968e-02 
 2.772698e+01 -2.701799e-02 
 2.772738e+01 -2.742029e-02 
 2.772778e+01 -2.780708e-02 
 2.772817e+01 -2.818201e-02 
 2.772857e+01 -2.855159e-02 
 2.772897e+01 -2.891688e-02 
 2.772937e+01 -2.927709e-02 
 2.772977e+01 -2.962713e-02 
 2.773016e+01 -2.995983e-02 
 2.773056e+01 -3.026777e-02 
 2.773096e+01 -3.054376e-02 
 2.773136e+01 -3.078641e-02 
 2.773175e+01 -3.099388e-02 
 2.773215e+01 -3.116507e-02 
 2.773255e+01 -3.129900e-02 
 2.773295e+01 -3.139585e-02 
 2.773334e+01 -3.145360e-02 
 2.773374e+01 -3.147245e-02 
 2.773414e+01 -3.145486e-02 
 2.773454e+01 -3.140500e-02 
 2.773494e+01 -3.132825e-02 
 2.773533e+01 -3.122668e-02 
 2.773573e+01 -3.110195e-02 
 2.773613e+01 -3.095168e-02 
 2.773653e+01 -3.077259e-02 
 2.773692e+01 -3.055971e-02 
 2.773732e+01 -3.030638e-02 
 2.773772e+01 -3.000939e-02 
 2.773812e+01 -2.966545e-02 
 2.773851e+01 -2.927230e-02 
 2.773891e+01 -2.882949e-02 
 2.773931e+01 -2.833891e-02 
 2.773971e+01 -2.780333e-02 
 2.774011e+01 -2.722809e-02 
 2.774050e+01 -2.661864e-02 
 2.774090e+01 -2.598427e-02 
 2.774130e+01 -2.533349e-02 
 2.774170e+01 -2.467203e-02 
 2.774209e+01 -2.400607e-02 
 2.774249e+01 -2.333805e-02 
 2.774289e+01 -2.267121e-02 
 2.774329e+01 -2.200612e-02 
 2.774368e+01 -2.134284e-02 
 2.774408e+01 -2.068142e-02 
 2.774448e+01 -2.001745e-02 
 2.774488e+01 -1.934360e-02 
 2.774528e+01 -1.865071e-02 
 2.774567e+01 -1.792909e-02 
 2.774607e+01 -1.717100e-02 
 2.774647e+01 -1.637155e-02 
 2.774687e+01 -1.553408e-02 
 2.774726e+01 -1.466385e-02 
 2.774766e+01 -1.376600e-02 
 2.774806e+01 -1.284508e-02 
 2.774846e+01 -1.190374e-02 
 2.774885e+01 -1.094113e-02 
 2.774925e+01 -9.955921e-03 
 2.774965e+01 -8.946269e-03 
 2.775005e+01 -7.914522e-03 
 2.775045e+01 -6.865283e-03 
 2.775084e+01 -5.804174e-03 
 2.775124e+01 -4.735959e-03 
 2.775164e+01 -3.664477e-03 
 2.775204e+01 -2.588988e-03 
 2.775243e+01 -1.508227e-03 
 2.775283e+01 -4.250637e-04 
 2.775323e+01  6.547113e-04 
 2.775363e+01  1.724377e-03 
 2.775402e+01  2.773529e-03 
 2.775442e+01  3.793231e-03 
 2.775482e+01  4.778558e-03 
 2.775522e+01  5.730096e-03 
 2.775562e+01  6.651326e-03 
 2.775601e+01  7.544379e-03 
 2.775641e+01  8.409064e-03 
 2.775681e+01  9.240520e-03 
 2.775721e+01  1.003174e-02 
 2.775760e+01  1.077579e-02 
 2.775800e+01  1.146927e-02 
 2.775840e+01  1.211057e-02 
 2.775880e+01  1.270136e-02 
 2.775919e+01  1.324246e-02 
 2.775959e+01  1.373048e-02 
 2.775999e+01  1.416088e-02 
 2.776039e+01  1.452599e-02 
 2.776079e+01  1.481815e-02 
 2.776118e+01  1.503301e-02 
 2.776158e+01  1.516652e-02 
 2.776198e+01  1.522155e-02 
 2.776238e+01  1.520103e-02 
 2.776277e+01  1.511119e-02 
 2.776317e+01  1.495781e-02 
 2.776357e+01  1.474903e-02 
 2.776397e+01  1.449395e-02 
 2.776436e+01  1.420100e-02 
 2.776476e+01  1.387702e-02 
 2.776516e+01  1.352547e-02 
 2.776556e+01  1.314621e-02 
 2.776596e+01  1.273317e-02 
 2.776635e+01  1.228055e-02 
 2.776675e+01  1.178185e-02 
 2.776715e+01  1.123524e-02 
 2.776755e+01  1.063936e-02 
 2.776794e+01  9.995538e-03 
 2.776834e+01  9.304185e-03 
 2.776874e+01  8.566207e-03 
 2.776914e+01  7.777518e-03 
 2.776953e+01  6.936328e-03 
 2.776993e+01  6.042485e-03 
 2.777033e+01  5.099709e-03 
 2.777073e+01  4.114575e-03 
 2.777113e+01  3.095776e-03 
 2.777152e+01  2.052729e-03 
 2.777192e+01  9.892419e-04 
 2.777232e+01 -9.508803e-05 
 2.777272e+01 -1.205120e-03 
 2.777311e+01 -2.344659e-03 
 2.777351e+01 -3.515652e-03 
 2.777391e+01 -4.714062e-03 
 2.777431e+01 -5.931345e-03 
 2.777470e+01 -7.157319e-03 
 2.777510e+01 -8.384074e-03 
 2.777550e+01 -9.608273e-03 
 2.777590e+01 -1.082911e-02 
 2.777630e+01 -1.204646e-02 
 2.777669e+01 -1.325989e-02 
 2.777709e+01 -1.446599e-02 
 2.777749e+01 -1.565631e-02 
 2.777789e+01 -1.682162e-02 
 2.777828e+01 -1.795254e-02 
 2.777868e+01 -1.904337e-02 
 2.777908e+01 -2.009291e-02 
 2.777948e+01 -2.110354e-02 
 2.777987e+01 -2.207656e-02 
 2.778027e+01 -2.301221e-02 
 2.778067e+01 -2.390889e-02 
 2.778107e+01 -2.476266e-02 
 2.778147e+01 -2.556875e-02 
 2.778186e+01 -2.632430e-02 
 2.778226e+01 -2.702753e-02 
 2.778266e+01 -2.767911e-02 
 2.778306e+01 -2.828065e-02 
 2.778345e+01 -2.883257e-02 
 2.778385e+01 -2.933569e-02 
 2.778425e+01 -2.978882e-02 
 2.778465e+01 -3.019256e-02 
 2.778504e+01 -3.055088e-02 
 2.778544e+01 -3.086991e-02 
 2.778584e+01 -3.115531e-02 
 2.778624e+01 -3.141311e-02 
 2.778664e+01 -3.164794e-02 
 2.778703e+01 -3.186220e-02 
 2.778743e+01 -3.205578e-02 
 2.778783e+01 -3.223106e-02 
 2.778823e+01 -3.238842e-02 
 2.778862e+01 -3.252988e-02 
 2.778902e+01 -3.265633e-02 
 2.778942e+01 -3.276821e-02 
 2.778982e+01 -3.286207e-02 
 2.779021e+01 -3.293332e-02 
 2.779061e+01 -3.297868e-02 
 2.779101e+01 -3.299785e-02 
 2.779141e+01 -3.299314e-02 
 2.779181e+01 -3.296933e-02 
 2.779220e+01 -3.293273e-02 
 2.779260e+01 -3.288591e-02 
 2.779300e+01 -3.282877e-02 
 2.779340e+01 -3.275857e-02 
 2.779379e+01 -3.267156e-02 
 2.779419e+01 -3.256634e-02 
 2.779459e+01 -3.244262e-02 
 2.779499e+01 -3.230298e-02 
 2.779538e+01 -3.214895e-02 
 2.779578e+01 -3.197962e-02 
 2.779618e+01 -3.179159e-02 
 2.779658e+01 -3.157670e-02 
 2.779698e+01 -3.132828e-02 
 2.779737e+01 -3.104137e-02 
 2.779777e+01 -3.071810e-02 
 2.779817e+01 -3.036562e-02 
 2.779857e+01 -2.999244e-02 
 2.779896e+01 -2.960633e-02 
 2.779936e+01 -2.921287e-02 
 2.779976e+01 -2.881221e-02 
 2.780016e+01 -2.840417e-02 
 2.780055e+01 -2.799080e-02 
 2.780095e+01 -2.757634e-02 
 2.780135e+01 -2.716791e-02 
 2.780175e+01 -2.677533e-02 
 2.780215e+01 -2.640662e-02 
 2.780254e+01 -2.606656e-02 
 2.780294e+01 -2.575289e-02 
 2.780334e+01 -2.546078e-02 
 2.780374e+01 -2.518535e-02 
 2.780413e+01 -2.492381e-02 
 2.780453e+01 -2.467877e-02 
 2.780493e+01 -2.445468e-02 
 2.780533e+01 -2.425830e-02 
 2.780572e+01 -2.409419e-02 
 2.780612e+01 -2.396028e-02 
 2.780652e+01 -2.385097e-02 
 2.780692e+01 -2.375867e-02 
 2.780732e+01 -2.367750e-02 
 2.780771e+01 -2.360301e-02 
 2.780811e+01 -2.353509e-02 
 2.780851e+01 -2.347650e-02 
 2.780891e+01 -2.343136e-02 
 2.780930e+01 -2.340117e-02 
 2.780970e+01 -2.338616e-02 
 2.781010e+01 -2.338669e-02 
 2.781050e+01 -2.340201e-02 
 2.781090e+01 -2.343213e-02 
 2.781129e+01 -2.347926e-02 
 2.781169e+01 -2.354694e-02 
 2.781209e+01 -2.363818e-02 
 2.781249e+01 -2.375381e-02 
 2.781288e+01 -2.389457e-02 
 2.781328e+01 -2.406138e-02 
 2.781368e+01 -2.425225e-02 
 2.781408e+01 -2.446723e-02 
 2.781447e+01 -2.470407e-02 
 2.781487e+01 -2.495923e-02 
 2.781527e+01 -2.522690e-02 
 2.781567e+01 -2.550008e-02 
 2.781607e+01 -2.577431e-02 
 2.781646e+01 -2.604773e-02 
 2.781686e+01 -2.632395e-02 
 2.781726e+01 -2.660849e-02 
 2.781766e+01 -2.691066e-02 
 2.781805e+01 -2.723865e-02 
 2.781845e+01 -2.759582e-02 
 2.781885e+01 -2.798277e-02 
 2.781925e+01 -2.839848e-02 
 2.781964e+01 -2.884094e-02 
 2.782004e+01 -2.931048e-02 
 2.782044e+01 -2.980907e-02 
 2.782084e+01 -3.033939e-02 
 2.782124e+01 -3.090074e-02 
 2.782163e+01 -3.148870e-02 
 2.782203e+01 -3.209362e-02 
 2.782243e+01 -3.270268e-02 
 2.782283e+01 -3.330209e-02 
 2.782322e+01 -3.388119e-02 
 2.782362e+01 -3.443227e-02 
 2.782402e+01 -3.495341e-02 
 2.782442e+01 -3.544471e-02 
 2.782481e+01 -3.590443e-02 
 2.782521e+01 -3.632783e-02 
 2.782561e+01 -3.670634e-02 
 2.782601e+01 -3.703244e-02 
 2.782641e+01 -3.730039e-02 
 2.782680e+01 -3.750880e-02 
 2.782720e+01 -3.766003e-02 
 2.782760e+01 -3.775893e-02 
 2.782800e+01 -3.780935e-02 
 2.782839e+01 -3.781303e-02 
 2.782879e+01 -3.776886e-02 
 2.782919e+01 -3.767472e-02 
 2.782959e+01 -3.752931e-02 
 2.782998e+01 -3.733230e-02 
 2.783038e+01 -3.708750e-02 
 2.783078e+01 -3.679940e-02 
 2.783118e+01 -3.647332e-02 
 2.783158e+01 -3.611202e-02 
 2.783197e+01 -3.571530e-02 
 2.783237e+01 -3.528290e-02 
 2.783277e+01 -3.481223e-02 
 2.783317e+01 -3.430251e-02 
 2.783356e+01 -3.375277e-02 
 2.783396e+01 -3.316461e-02 
 2.783436e+01 -3.253816e-02 
 2.783476e+01 -3.187004e-02 
 2.783515e+01 -3.115989e-02 
 2.783555e+01 -3.040858e-02 
 2.783595e+01 -2.961786e-02 
 2.783635e+01 -2.879254e-02 
 2.783675e+01 -2.793965e-02 
 2.783714e+01 -2.706825e-02 
 2.783754e+01 -2.618580e-02 
 2.783794e+01 -2.529827e-02 
 2.783834e+01 -2.440809e-02 
 2.783873e+01 -2.351728e-02 
 2.783913e+01 -2.262458e-02 
 2.783953e+01 -2.172785e-02 
 2.783993e+01 -2.082750e-02 
 2.784032e+01 -1.992124e-02 
 2.784072e+01 -1.900514e-02 
 2.784112e+01 -1.807507e-02 
 2.784152e+01 -1.712767e-02 
 2.784192e+01 -1.615883e-02 
 2.784231e+01 -1.516457e-02 
 2.784271e+01 -1.414579e-02 
 2.784311e+01 -1.310639e-02 
 2.784351e+01 -1.205075e-02 
 2.784390e+01 -1.098398e-02 
 2.784430e+01 -9.910056e-03 
 2.784470e+01 -8.830329e-03 
 2.784510e+01 -7.747967e-03 
 2.784549e+01 -6.668118e-03 
 2.784589e+01 -5.599662e-03 
 2.784629e+01 -4.552307e-03 
 2.784669e+01 -3.535250e-03 
 2.784709e+01 -2.554639e-03 
 2.784748e+01 -1.612647e-03 
 2.784788e+01 -7.072349e-04 
 2.784828e+01  1.659874e-04 
 2.784868e+01  1.010025e-03 
 2.784907e+01  1.826017e-03 
 2.784947e+01  2.609613e-03 
 2.784987e+01  3.354140e-03 
 2.785027e+01  4.052469e-03 
 2.785066e+01  4.702146e-03 
 2.785106e+01  5.304440e-03 
 2.785146e+01  5.863391e-03 
 2.785186e+01  6.382871e-03 
 2.785226e+01  6.865985e-03 
 2.785265e+01  7.310851e-03 
 2.785305e+01  7.713781e-03 
 2.785345e+01  8.073001e-03 
 2.785385e+01  8.390158e-03 
 2.785424e+01  8.669779e-03 
 2.785464e+01  8.919817e-03 
 2.785504e+01  9.148965e-03 
 2.785544e+01  9.364175e-03 
 2.785583e+01  9.564771e-03 
 2.785623e+01  9.744508e-03 
 2.785663e+01  9.893799e-03 
 2.785703e+01  1.000450e-02 
 2.785743e+01  1.007270e-02 
 2.785782e+01  1.009957e-02 
 2.785822e+01  1.009091e-02 
 2.785862e+01  1.005396e-02 
 2.785902e+01  9.995235e-03 
 2.785941e+01  9.918779e-03 
 2.785981e+01  9.826483e-03 
 2.786021e+01  9.716878e-03 
 2.786061e+01  9.590179e-03 
 2.786100e+01  9.445960e-03 
 2.786140e+01  9.284771e-03 
 2.786180e+01  9.105841e-03 
 2.786220e+01  8.905468e-03 
 2.786260e+01  8.678894e-03 
 2.786299e+01  8.422446e-03 
 2.786339e+01  8.130516e-03 
 2.786379e+01  7.797892e-03 
 2.786419e+01  7.420145e-03 
 2.786458e+01  6.992068e-03 
 2.786498e+01  6.509331e-03 
 2.786538e+01  5.966926e-03 
 2.786578e+01  5.363025e-03 
 2.786617e+01  4.698407e-03 
 2.786657e+01  3.980050e-03 
 2.786697e+01  3.217725e-03 
 2.786737e+01  2.423322e-03 
 2.786777e+01  1.606140e-03 
 2.786816e+01  7.703501e-04 
 2.786856e+01 -8.584947e-05 
 2.786896e+01 -9.649930e-04 
 2.786936e+01 -1.869954e-03 
 2.786975e+01 -2.800134e-03 
 2.787015e+01 -3.751322e-03 
 2.787055e+01 -4.716402e-03 
 2.787095e+01 -5.687878e-03 
 2.787134e+01 -6.661711e-03 
 2.787174e+01 -7.636116e-03 
 2.787214e+01 -8.611824e-03 
 2.787254e+01 -9.588608e-03 
 2.787294e+01 -1.056434e-02 
 2.787333e+01 -1.153121e-02 
 2.787373e+01 -1.247877e-02 
 2.787413e+01 -1.339700e-02 
 2.787453e+01 -1.427879e-02 
 2.787492e+01 -1.512369e-02 
 2.787532e+01 -1.593521e-02 
 2.787572e+01 -1.671743e-02 
 2.787612e+01 -1.747351e-02 
 2.787651e+01 -1.820499e-02 
 2.787691e+01 -1.890986e-02 
 2.787731e+01 -1.958577e-02 
 2.787771e+01 -2.023297e-02 
 2.787811e+01 -2.085300e-02 
 2.787850e+01 -2.144960e-02 
 2.787890e+01 -2.202597e-02 
 2.787930e+01 -2.258413e-02 
 2.787970e+01 -2.312289e-02 
 2.788009e+01 -2.363572e-02 
 2.788049e+01 -2.411675e-02 
 2.788089e+01 -2.456154e-02 
 2.788129e+01 -2.497088e-02 
 2.788168e+01 -2.534901e-02 
 2.788208e+01 -2.570121e-02 
 2.788248e+01 -2.603183e-02 
 2.788288e+01 -2.634301e-02 
 2.788328e+01 -2.663414e-02 
 2.788367e+01 -2.690258e-02 
 2.788407e+01 -2.714687e-02 
 2.788447e+01 -2.736505e-02 
 2.788487e+01 -2.755677e-02 
 2.788526e+01 -2.772158e-02 
 2.788566e+01 -2.785650e-02 
 2.788606e+01 -2.795681e-02 
 2.788646e+01 -2.801526e-02 
 2.788685e+01 -2.802619e-02 
 2.788725e+01 -2.798793e-02 
 2.788765e+01 -2.790365e-02 
 2.788805e+01 -2.778051e-02 
 2.788845e+01 -2.762700e-02 
 2.788884e+01 -2.744971e-02 
 2.788924e+01 -2.725326e-02 
 2.788964e+01 -2.703843e-02 
 2.789004e+01 -2.680535e-02 
 2.789043e+01 -2.655465e-02 
 2.789083e+01 -2.628729e-02 
 2.789123e+01 -2.600547e-02 
 2.789163e+01 -2.571132e-02 
 2.789202e+01 -2.540625e-02 
 2.789242e+01 -2.508854e-02 
 2.789282e+01 -2.475771e-02 
 2.789322e+01 -2.441175e-02 
 2.789362e+01 -2.405482e-02 
 2.789401e+01 -2.369295e-02 
 2.789441e+01 -2.333626e-02 
 2.789481e+01 -2.299253e-02 
 2.789521e+01 -2.266958e-02 
 2.789560e+01 -2.237299e-02 
 2.789600e+01 -2.210413e-02 
 2.789640e+01 -2.186678e-02 
 2.789680e+01 -2.166707e-02 
 2.789719e+01 -2.151355e-02 
 2.789759e+01 -2.141622e-02 
 2.789799e+01 -2.138270e-02 
 2.789839e+01 -2.141183e-02 
 2.789879e+01 -2.149436e-02 
 2.789918e+01 -2.161598e-02 
 2.789958e+01 -2.176111e-02 
 2.789998e+01 -2.191947e-02 
 2.790038e+01 -2.208609e-02 
 2.790077e+01 -2.226141e-02 
 2.790117e+01 -2.245077e-02 
 2.790157e+01 -2.265983e-02 
 2.790197e+01 -2.288917e-02 
 2.790237e+01 -2.313510e-02 
 2.790276e+01 -2.339117e-02 
 2.790316e+01 -2.365081e-02 
 2.790356e+01 -2.391143e-02 
 2.790396e+01 -2.417451e-02 
 2.790435e+01 -2.444191e-02 
 2.790475e+01 -2.471452e-02 
 2.790515e+01 -2.498834e-02 
 2.790555e+01 -2.525790e-02 
 2.790594e+01 -2.551907e-02 
 2.790634e+01 -2.577062e-02 
 2.790674e+01 -2.601491e-02 
 2.790714e+01 -2.625757e-02 
 2.790754e+01 -2.650754e-02 
 2.790793e+01 -2.677341e-02 
 2.790833e+01 -2.705838e-02 
 2.790873e+01 -2.736324e-02 
 2.790913e+01 -2.768412e-02 
 2.790952e+01 -2.801747e-02 
 2.790992e+01 -2.835964e-02 
 2.791032e+01 -2.870821e-02 
 2.791072e+01 -2.906122e-02 
 2.791111e+01 -2.941323e-02 
 2.791151e+01 -2.975974e-02 
 2.791191e+01 -3.009662e-02 
 2.791231e+01 -3.042312e-02 
 2.791271e+01 -3.074352e-02 
 2.791310e+01 -3.106408e-02 
 2.791350e+01 -3.139175e-02 
 2.791390e+01 -3.173372e-02 
 2.791430e+01 -3.209185e-02 
 2.791469e+01 -3.246441e-02 
 2.791509e+01 -3.284662e-02 
 2.791549e+01 -3.323494e-02 
 2.791589e+01 -3.362905e-02 
 2.791628e+01 -3.403489e-02 
 2.791668e+01 -3.445742e-02 
 2.791708e+01 -3.489538e-02 
 2.791748e+01 -3.534482e-02 
 2.791788e+01 -3.579489e-02 
 2.791827e+01 -3.622835e-02 
 2.791867e+01 -3.663134e-02 
 2.791907e+01 -3.699275e-02 
 2.791947e+01 -3.730598e-02 
 2.791986e+01 -3.756981e-02 
 2.792026e+01 -3.778980e-02 
 2.792066e+01 -3.797166e-02 
 2.792106e+01 -3.811805e-02 
 2.792145e+01 -3.823132e-02 
 2.792185e+01 -3.831058e-02 
 2.792225e+01 -3.835802e-02 
 2.792265e+01 -3.838096e-02 
 2.792305e+01 -3.838427e-02 
 2.792344e+01 -3.837248e-02 
 2.792384e+01 -3.834939e-02 
 2.792424e+01 -3.831395e-02 
 2.792464e+01 -3.826088e-02 
 2.792503e+01 -3.818617e-02 
 2.792543e+01 -3.808785e-02 
 2.792583e+01 -3.796704e-02 
 2.792623e+01 -3.783091e-02 
 2.792662e+01 -3.768675e-02 
 2.792702e+01 -3.754147e-02 
 2.792742e+01 -3.739469e-02 
 2.792782e+01 -3.724215e-02 
 2.792822e+01 -3.707411e-02 
 2.792861e+01 -3.688287e-02 
 2.792901e+01 -3.666369e-02 
 2.792941e+01 -3.641217e-02 
 2.792981e+01 -3.612635e-02 
 2.793020e+01 -3.580366e-02 
 2.793060e+01 -3.543994e-02 
 2.793100e+01 -3.502873e-02 
 2.793140e+01 -3.456640e-02 
 2.793179e+01 -3.405211e-02 
 2.793219e+01 -3.348549e-02 
 2.793259e+01 -3.287298e-02 
 2.793299e+01 -3.222217e-02 
 2.793339e+01 -3.153632e-02 
 2.793378e+01 -3.081923e-02 
 2.793418e+01 -3.007171e-02 
 2.793458e+01 -2.929225e-02 
 2.793498e+01 -2.848123e-02 
 2.793537e+01 -2.764199e-02 
 2.793577e+01 -2.677466e-02 
 2.793617e+01 -2.587727e-02 
 2.793657e+01 -2.494587e-02 
 2.793696e+01 -2.397427e-02 
 2.793736e+01 -2.295696e-02 
 2.793776e+01 -2.189013e-02 
 2.793816e+01 -2.077255e-02 
 2.793856e+01 -1.960649e-02 
 2.793895e+01 -1.839990e-02 
 2.793935e+01 -1.716216e-02 
 2.793975e+01 -1.590393e-02 
 2.794015e+01 -1.463525e-02 
 2.794054e+01 -1.336391e-02 
 2.794094e+01 -1.209827e-02 
 2.794134e+01 -1.085247e-02 
 2.794174e+01 -9.638747e-03 
 2.794213e+01 -8.465158e-03 
 2.794253e+01 -7.335777e-03 
 2.794293e+01 -6.249761e-03 
 2.794333e+01 -5.197424e-03 
 2.794373e+01 -4.172317e-03 
 2.794412e+01 -3.169298e-03 
 2.794452e+01 -2.188311e-03 
 2.794492e+01 -1.236004e-03 
 2.794532e+01 -3.225529e-04 
 2.794571e+01  5.430456e-04 
 2.794611e+01  1.356135e-03 
 2.794651e+01  2.120076e-03 
 2.794691e+01  2.841271e-03 
 2.794730e+01  3.527031e-03 
 2.794770e+01  4.179915e-03 
 2.794810e+01  4.798620e-03 
 2.794850e+01  5.377874e-03 
 2.794890e+01  5.913138e-03 
 2.794929e+01  6.404855e-03 
 2.794969e+01  6.856049e-03 
 2.795009e+01  7.273541e-03 
 2.795049e+01  7.662975e-03 
 2.795088e+01  8.028911e-03 
 2.795128e+01  8.370379e-03 
 2.795168e+01  8.684583e-03 
 2.795208e+01  8.964994e-03 
 2.795247e+01  9.205172e-03 
 2.795287e+01  9.399490e-03 
 2.795327e+01  9.548203e-03 
 2.795367e+01  9.648769e-03 
 2.795407e+01  9.698822e-03 
 2.795446e+01  9.698122e-03 
 2.795486e+01  9.646770e-03 
 2.795526e+01  9.546531e-03 
 2.795566e+01  9.401841e-03 
 2.795605e+01  9.219248e-03 
 2.795645e+01  9.004619e-03 
 2.795685e+01  8.761861e-03 
 2.795725e+01  8.493858e-03 
 2.795764e+01  8.196371e-03 
 2.795804e+01  7.864196e-03 
 2.795844e+01  7.491581e-03 
 2.795884e+01  7.074343e-03 
 2.795924e+01  6.613409e-03 
 2.795963e+01  6.110310e-03 
 2.796003e+01  5.564692e-03 
 2.796043e+01  4.976420e-03 
 2.796083e+01  4.346997e-03 
 2.796122e+01  3.677880e-03 
 2.796162e+01  2.974080e-03 
 2.796202e+01  2.245069e-03 
 2.796242e+01  1.503162e-03 
 2.796281e+01  7.626032e-04 
 2.796321e+01  3.451206e-05 
 2.796361e+01 -6.752853e-04 
 2.796401e+01 -1.370364e-03 
 2.796441e+01 -2.054847e-03 
 2.796480e+01 -2.732287e-03 
 2.796520e+01 -3.404380e-03 
 2.796560e+01 -4.067019e-03 
 2.796600e+01 -4.717183e-03 
 2.796639e+01 -5.352691e-03 
 2.796679e+01 -5.972385e-03 
 2.796719e+01 -6.578960e-03 
 2.796759e+01 -7.176456e-03 
 2.796798e+01 -7.770252e-03 
 2.796838e+01 -8.359890e-03 
 2.796878e+01 -8.942662e-03 
 2.796918e+01 -9.511452e-03 
 2.796958e+01 -1.005815e-02 
 2.796997e+01 -1.058021e-02 
 2.797037e+01 -1.107754e-02 
 2.797077e+01 -1.155571e-02 
 2.797117e+01 -1.202253e-02 
 2.797156e+01 -1.248401e-02 
 2.797196e+01 -1.294211e-02 
 2.797236e+01 -1.339954e-02 
 2.797276e+01 -1.385905e-02 
 2.797315e+01 -1.432261e-02 
 2.797355e+01 -1.479566e-02 
 2.797395e+01 -1.528394e-02 
 2.797435e+01 -1.578928e-02 
 2.797475e+01 -1.630915e-02 
 2.797514e+01 -1.683574e-02 
 2.797554e+01 -1.735874e-02 
 2.797594e+01 -1.786665e-02 
 2.797634e+01 -1.835501e-02 
 2.797673e+01 -1.882407e-02 
 2.797713e+01 -1.927766e-02 
 2.797753e+01 -1.972179e-02 
 2.797793e+01 -2.015736e-02 
 2.797832e+01 -2.058275e-02 
 2.797872e+01 -2.099405e-02 
 2.797912e+01 -2.138659e-02 
 2.797952e+01 -2.175517e-02 
 2.797992e+01 -2.209776e-02 
 2.798031e+01 -2.241236e-02 
 2.798071e+01 -2.269565e-02 
 2.798111e+01 -2.294362e-02 
 2.798151e+01 -2.314951e-02 
 2.798190e+01 -2.330627e-02 
 2.798230e+01 -2.341077e-02 
 2.798270e+01 -2.346441e-02 
 2.798310e+01 -2.347253e-02 
 2.798349e+01 -2.344265e-02 
 2.798389e+01 -2.338327e-02 
 2.798429e+01 -2.329815e-02 
 2.798469e+01 -2.318949e-02 
 2.798509e+01 -2.306200e-02 
 2.798548e+01 -2.291644e-02 
 2.798588e+01 -2.275706e-02 
 2.798628e+01 -2.258882e-02 
 2.798668e+01 -2.241736e-02 
 2.798707e+01 -2.224498e-02 
 2.798747e+01 -2.206956e-02 
 2.798787e+01 -2.188474e-02 
 2.798827e+01 -2.168220e-02 
 2.798866e+01 -2.145643e-02 
 2.798906e+01 -2.120861e-02 
 2.798946e+01 -2.094355e-02 
 2.798986e+01 -2.067006e-02 
 2.799026e+01 -2.039792e-02 
 2.799065e+01 -2.013213e-02 
 2.799105e+01 -1.987708e-02 
 2.799145e+01 -1.963285e-02 
 2.799185e+01 -1.940175e-02 
 2.799224e+01 -1.918817e-02 
 2.799264e+01 -1.899840e-02 
 2.799304e+01 -1.884064e-02 
 2.799344e+01 -1.871967e-02 
 2.799384e+01 -1.863457e-02 
 2.799423e+01 -1.857622e-02 
 2.799463e+01 -1.853096e-02 
 2.799503e+01 -1.848634e-02 
 2.799543e+01 -1.843506e-02 
 2.799582e+01 -1.837720e-02 
 2.799622e+01 -1.832004e-02 
 2.799662e+01 -1.827464e-02 
 2.799702e+01 -1.824569e-02 
 2.799741e+01 -1.823689e-02 
 2.799781e+01 -1.824785e-02 
 2.799821e+01 -1.827364e-02 
 2.799861e+01 -1.831051e-02 
 2.799901e+01 -1.835873e-02 
 2.799940e+01 -1.842090e-02 
 2.799980e+01 -1.850500e-02 
 2.800020e+01 -1.861779e-02 
 2.800060e+01 -1.876353e-02 
 2.800099e+01 -1.894300e-02 
 2.800139e+01 -1.915726e-02 
 2.800179e+01 -1.940870e-02 
 2.800219e+01 -1.970147e-02 
 2.800258e+01 -2.004125e-02 
 2.800298e+01 -2.043176e-02 
 2.800338e+01 -2.087552e-02 
 2.800378e+01 -2.137179e-02 
 2.800418e+01 -2.191932e-02 
 2.800457e+01 -2.251388e-02 
 2.800497e+01 -2.315429e-02 
 2.800537e+01 -2.383965e-02 
 2.800577e+01 -2.456827e-02 
 2.800616e+01 -2.533706e-02 
 2.800656e+01 -2.613738e-02 
 2.800696e+01 -2.695677e-02 
 2.800736e+01 -2.778272e-02 
 2.800775e+01 -2.860445e-02 
 2.800815e+01 -2.941849e-02 
 2.800855e+01 -3.022513e-02 
 2.800895e+01 -3.102855e-02 
 2.800935e+01 -3.183390e-02 
 2.800974e+01 -3.264369e-02 
 2.801014e+01 -3.345875e-02 
 2.801054e+01 -3.427469e-02 
 2.801094e+01 -3.508959e-02 
 2.801133e+01 -3.590042e-02 
 2.801173e+01 -3.670568e-02 
 2.801213e+01 -3.750391e-02 
 2.801253e+01 -3.829096e-02 
 2.801292e+01 -3.905761e-02 
 2.801332e+01 -3.979003e-02 
 2.801372e+01 -4.047434e-02 
 2.801412e+01 -4.110205e-02 
 2.801452e+01 -4.166682e-02 
 2.801491e+01 -4.216911e-02 
 2.801531e+01 -4.261279e-02 
 2.801571e+01 -4.300214e-02 
 2.801611e+01 -4.333981e-02 
 2.801650e+01 -4.362744e-02 
 2.801690e+01 -4.386502e-02 
 2.801730e+01 -4.405220e-02 
 2.801770e+01 -4.419126e-02 
 2.801809e+01 -4.428710e-02 
 2.801849e+01 -4.434794e-02 
 2.801889e+01 -4.438324e-02 
 2.801929e+01 -4.439500e-02 
 2.801969e+01 -4.438367e-02 
 2.802008e+01 -4.434772e-02 
 2.802048e+01 -4.428404e-02 
 2.802088e+01 -4.419157e-02 
 2.802128e+01 -4.406973e-02 
 2.802167e+01 -4.392029e-02 
 2.802207e+01 -4.374510e-02 
 2.802247e+01 -4.354677e-02 
 2.802287e+01 -4.332456e-02 
 2.802326e+01 -4.307597e-02 
 2.802366e+01 -4.279763e-02 
 2.802406e+01 -4.248554e-02 
 2.802446e+01 -4.213701e-02 
 2.802486e+01 -4.175308e-02 
 2.802525e+01 -4.133290e-02 
 2.802565e+01 -4.087300e-02 
 2.802605e+01 -4.036863e-02 
 2.802645e+01 -3.981298e-02 
 2.802684e+01 -3.919890e-02 
 2.802724e+01 -3.852360e-02 
 2.802764e+01 -3.778769e-02 
 2.802804e+01 -3.699862e-02 
 2.802843e+01 -3.616824e-02 
 2.802883e+01 -3.530898e-02 
 2.802923e+01 -3.443178e-02 
 2.802963e+01 -3.354284e-02 
 2.803003e+01 -3.264419e-02 
 2.803042e+01 -3.173603e-02 
 2.803082e+01 -3.081668e-02 
 2.803122e+01 -2.988381e-02 
 2.803162e+01 -2.893531e-02 
 2.803201e+01 -2.796684e-02 
 2.803241e+01 -2.697425e-02 
 2.803281e+01 -2.595453e-02 
 2.803321e+01 -2.490748e-02 
 2.803360e+01 -2.383507e-02 
 2.803400e+01 -2.274298e-02 
 2.803440e+01 -2.163858e-02 
 2.803480e+01 -2.053025e-02 
 2.803520e+01 -1.942364e-02 
 2.803559e+01 -1.832228e-02 
 2.803599e+01 -1.722618e-02 
 2.803639e+01 -1.613684e-02 
 2.803679e+01 -1.505573e-02 
 2.803718e+01 -1.398922e-02 
 2.803758e+01 -1.294508e-02 
 2.803798e+01 -1.192972e-02 
 2.803838e+01 -1.094542e-02 
 2.803877e+01 -9.991442e-03 
 2.803917e+01 -9.062271e-03 
 2.803957e+01 -8.149099e-03 
 2.803997e+01 -7.245326e-03 
 2.804037e+01 -6.347873e-03 
 2.804076e+01 -5.454912e-03 
 2.804116e+01 -4.568774e-03 
 2.804156e+01 -3.692898e-03 
 2.804196e+01 -2.828087e-03 
 2.804235e+01 -1.975790e-03 
 2.804275e+01 -1.135083e-03 
 2.804315e+01 -3.058746e-04 
 2.804355e+01  5.080233e-04 
 2.804394e+01  1.302546e-03 
 2.804434e+01  2.071892e-03 
 2.804474e+01  2.813695e-03 
 2.804514e+01  3.526708e-03 
 2.804554e+01  4.213821e-03 
 2.804593e+01  4.879117e-03 
 2.804633e+01  5.526612e-03 
 2.804673e+01  6.156112e-03 
 2.804713e+01  6.762472e-03 
 2.804752e+01  7.335362e-03 
 2.804792e+01  7.862642e-03 
 2.804832e+01  8.331622e-03 
 2.804872e+01  8.733219e-03 
 2.804911e+01  9.064379e-03 
 2.804951e+01  9.325641e-03 
 2.804991e+01  9.519453e-03 
 2.805031e+01  9.650701e-03 
 2.805071e+01  9.722782e-03 
 2.805110e+01  9.738310e-03 
 2.805150e+01  9.696317e-03 
 2.805190e+01  9.597168e-03 
 2.805230e+01  9.442214e-03 
 2.805269e+01  9.230848e-03 
 2.805309e+01  8.962698e-03 
 2.805349e+01  8.636359e-03 
 2.805389e+01  8.249365e-03 
 2.805428e+01  7.802413e-03 
 2.805468e+01  7.296718e-03 
 2.805508e+01  6.737167e-03 
 2.805548e+01  6.130010e-03 
 2.805588e+01  5.480898e-03 
 2.805627e+01  4.794431e-03 
 2.805667e+01  4.073368e-03 
 2.805707e+01  3.320128e-03 
 2.805747e+01  2.535573e-03 
 2.805786e+01  1.723220e-03 
 2.805826e+01  8.895400e-04 
 2.805866e+01  4.560621e-05 
 2.805906e+01 -7.968060e-04 
 2.805945e+01 -1.629324e-03 
 2.805985e+01 -2.447886e-03 
 2.806025e+01 -3.253549e-03 
 2.806065e+01 -4.048622e-03 
 2.806105e+01 -4.836043e-03 
 2.806144e+01 -5.617412e-03 
 2.806184e+01 -6.392680e-03 
 2.806224e+01 -7.163665e-03 
 2.806264e+01 -7.931357e-03 
 2.806303e+01 -8.695745e-03 
 2.806343e+01 -9.456560e-03 
 2.806383e+01 -1.021230e-02 
 2.806423e+01 -1.095884e-02 
 2.806462e+01 -1.168846e-02 
 2.806502e+01 -1.239262e-02 
 2.806542e+01 -1.305978e-02 
 2.806582e+01 -1.368688e-02 
 2.806622e+01 -1.427490e-02 
 2.806661e+01 -1.482941e-02 
 2.806701e+01 -1.535584e-02 
 2.806741e+01 -1.585889e-02 
 2.806781e+01 -1.633915e-02 
 2.806820e+01 -1.679549e-02 
 2.806860e+01 -1.722452e-02 
 2.806900e+01 -1.762370e-02 
 2.806940e+01 -1.799219e-02 
 2.806979e+01 -1.832858e-02 
 2.807019e+01 -1.863461e-02 
 2.807059e+01 -1.891165e-02 
 2.807099e+01 -1.915816e-02 
 2.807139e+01 -1.936945e-02 
 2.807178e+01 -1.953959e-02 
 2.807218e+01 -1.966390e-02 
 2.807258e+01 -1.973968e-02 
 2.807298e+01 -1.976736e-02 
 2.807337e+01 -1.974921e-02 
 2.807377e+01 -1.968807e-02 
 2.807417e+01 -1.958419e-02 
 2.807457e+01 -1.943918e-02 
 2.807496e+01 -1.925272e-02 
 2.807536e+01 -1.902474e-02 
 2.807576e+01 -1.875478e-02 
 2.807616e+01 -1.844726e-02 
 2.807656e+01 -1.810936e-02 
 2.807695e+01 -1.774721e-02 
 2.807735e+01 -1.736594e-02 
 2.807775e+01 -1.696895e-02 
 2.807815e+01 -1.655649e-02 
 2.807854e+01 -1.613024e-02 
 2.807894e+01 -1.569127e-02 
 2.807934e+01 -1.524396e-02 
 2.807974e+01 -1.479517e-02 
 2.808013e+01 -1.435386e-02 
 2.808053e+01 -1.392992e-02 
 2.808093e+01 -1.353288e-02 
 2.808133e+01 -1.316776e-02 
 2.808173e+01 -1.283757e-02 
 2.808212e+01 -1.254188e-02 
 2.808252e+01 -1.227844e-02 
 2.808292e+01 -1.204352e-02 
 2.808332e+01 -1.183418e-02 
 2.808371e+01 -1.164524e-02 
 2.808411e+01 -1.147144e-02 
 2.808451e+01 -1.131062e-02 
 2.808491e+01 -1.116270e-02 
 2.808531e+01 -1.102761e-02 
 2.808570e+01 -1.090839e-02 
 2.808610e+01 -1.080897e-02 
 2.808650e+01 -1.073140e-02 
 2.808690e+01 -1.067733e-02 
 2.808729e+01 -1.064688e-02 
 2.808769e+01 -1.063881e-02 
 2.808809e+01 -1.065278e-02 
 2.808849e+01 -1.068863e-02 
 2.808888e+01 -1.074719e-02 
 2.808928e+01 -1.083365e-02 
 2.808968e+01 -1.095057e-02 
 2.809008e+01 -1.109684e-02 
 2.809048e+01 -1.126862e-02 
 2.809087e+01 -1.145863e-02 
 2.809127e+01 -1.166042e-02 
 2.809167e+01 -1.186726e-02 
 2.809207e+01 -1.207722e-02 
 2.809246e+01 -1.229030e-02 
 2.809286e+01 -1.250977e-02 
 2.809326e+01 -1.274082e-02 
 2.809366e+01 -1.298950e-02 
 2.809405e+01 -1.325694e-02 
 2.809445e+01 -1.354606e-02 
 2.809485e+01 -1.385675e-02 
 2.809525e+01 -1.419220e-02 
 2.809565e+01 -1.455809e-02 
 2.809604e+01 -1.496126e-02 
 2.809644e+01 -1.540661e-02 
 2.809684e+01 -1.589576e-02 
 2.809724e+01 -1.642665e-02 
 2.809763e+01 -1.699827e-02 
 2.809803e+01 -1.760691e-02 
 2.809843e+01 -1.825295e-02 
 2.809883e+01 -1.893777e-02 
 2.809922e+01 -1.966302e-02 
 2.809962e+01 -2.043271e-02 
 2.810002e+01 -2.124520e-02 
 2.810042e+01 -2.209564e-02 
 2.810082e+01 -2.297575e-02 
 2.810121e+01 -2.387684e-02 
 2.810161e+01 -2.478966e-02 
 2.810201e+01 -2.570883e-02 
 2.810241e+01 -2.663135e-02 
 2.810280e+01 -2.755322e-02 
 2.810320e+01 -2.847137e-02 
 2.810360e+01 -2.938365e-02 
 2.810400e+01 -3.028655e-02 
 2.810439e+01 -3.117788e-02 
 2.810479e+01 -3.205894e-02 
 2.810519e+01 -3.293065e-02 
 2.810559e+01 -3.379743e-02 
 2.810599e+01 -3.466375e-02 
 2.810638e+01 -3.553186e-02 
 2.810678e+01 -3.639998e-02 
 2.810718e+01 -3.726710e-02 
 2.810758e+01 -3.813029e-02 
 2.810797e+01 -3.898803e-02 
 2.810837e+01 -3.984135e-02 
 2.810877e+01 -4.068993e-02 
 2.810917e+01 -4.153107e-02 
 2.810956e+01 -4.235958e-02 
 2.810996e+01 -4.316809e-02 
 2.811036e+01 -4.394590e-02 
 2.811076e+01 -4.468356e-02 
 2.811116e+01 -4.537487e-02 
 2.811155e+01 -4.601731e-02 
 2.811195e+01 -4.661380e-02 
 2.811235e+01 -4.716971e-02 
 2.811275e+01 -4.768937e-02 
 2.811314e+01 -4.817492e-02 
 2.811354e+01 -4.862745e-02 
 2.811394e+01 -4.904726e-02 
 2.811434e+01 -4.943592e-02 
 2.811473e+01 -4.979406e-02 
 2.811513e+01 -5.011973e-02 
 2.811553e+01 -5.040876e-02 
 2.811593e+01 -5.065466e-02 
 2.811633e+01 -5.084910e-02 
 2.811672e+01 -5.098401e-02 
 2.811712e+01 -5.105323e-02 
 2.811752e+01 -5.105430e-02 
 2.811792e+01 -5.098663e-02 
 2.811831e+01 -5.085322e-02 
 2.811871e+01 -5.065576e-02 
 2.811911e+01 -5.039255e-02 
 2.811951e+01 -5.005479e-02 
 2.811990e+01 -4.963672e-02 
 2.812030e+01 -4.913119e-02 
 2.812070e+01 -4.853711e-02 
 2.812110e+01 -4.785661e-02 
 2.812150e+01 -4.709536e-02 
 2.812189e+01 -4.625831e-02 
 2.812229e+01 -4.535229e-02 
 2.812269e+01 -4.438058e-02 
 2.812309e+01 -4.334641e-02 
 2.812348e+01 -4.225049e-02 
 2.812388e+01 -4.109620e-02 
 2.812428e+01 -3.988874e-02 
 2.812468e+01 -3.863973e-02 
 2.812507e+01 -3.735843e-02 
 2.812547e+01 -3.605494e-02 
 2.812587e+01 -3.473706e-02 
 2.812627e+01 -3.340898e-02 
 2.812667e+01 -3.207373e-02 
 2.812706e+01 -3.073562e-02 
 2.812746e+01 -2.939933e-02 
 2.812786e+01 -2.806783e-02 
 2.812826e+01 -2.674407e-02 
 2.812865e+01 -2.542906e-02 
 2.812905e+01 -2.412232e-02 
 2.812945e+01 -2.281938e-02 
 2.812985e+01 -2.151960e-02 
 2.813024e+01 -2.022128e-02 
 2.813064e+01 -1.892695e-02 
 2.813104e+01 -1.764171e-02 
 2.813144e+01 -1.637265e-02 
 2.813184e+01 -1.512788e-02 
 2.813223e+01 -1.391456e-02 
 2.813263e+01 -1.273796e-02 
 2.813303e+01 -1.160474e-02 
 2.813343e+01 -1.051884e-02 
 2.813382e+01 -9.479961e-03 
 2.813422e+01 -8.484739e-03 
 2.813462e+01 -7.529565e-03 
 2.813502e+01 -6.607131e-03 
 2.813541e+01 -5.713030e-03 
 2.813581e+01 -4.843642e-03 
 2.813621e+01 -3.998972e-03 
 2.813661e+01 -3.182000e-03 
 2.813701e+01 -2.398838e-03 
 2.813740e+01 -1.656568e-03 
 2.813780e+01 -9.587175e-04 
 2.813820e+01 -3.064477e-04 
 2.813860e+01  3.007919e-04 
 2.813899e+01  8.659112e-04 
 2.813939e+01  1.388384e-03 
 2.813979e+01  1.867868e-03 
 2.814019e+01  2.300575e-03 
 2.814058e+01  2.682447e-03 
 2.814098e+01  3.010102e-03 
 2.814138e+01  3.279930e-03 
 2.814178e+01  3.493318e-03 
 2.814218e+01  3.652175e-03 
 2.814257e+01  3.761871e-03 
 2.814297e+01  3.826706e-03 
 2.814337e+01  3.847536e-03 
 2.814377e+01  3.824288e-03 
 2.814416e+01  3.757468e-03 
 2.814456e+01  3.645515e-03 
 2.814496e+01  3.487619e-03 
 2.814536e+01  3.285736e-03 
 2.814575e+01  3.038288e-03 
 2.814615e+01  2.746384e-03 
 2.814655e+01  2.410832e-03 
 2.814695e+01  2.036039e-03 
 2.814735e+01  1.625388e-03 
 2.814774e+01  1.185551e-03 
 2.814814e+01  7.237212e-04 
 2.814854e+01  2.514316e-04 
 2.814894e+01 -2.252350e-04 
 2.814933e+01 -6.991570e-04 
 2.814973e+01 -1.169588e-03 
 2.815013e+01 -1.635346e-03 
 2.815053e+01 -2.098998e-03 
 2.815092e+01 -2.564652e-03 
 2.815132e+01 -3.035258e-03 
 2.815172e+01 -3.513262e-03 
 2.815212e+01 -3.998290e-03 
 2.815252e+01 -4.488069e-03 
 2.815291e+01 -4.977514e-03 
 2.815331e+01 -5.464368e-03 
 2.815371e+01 -5.944983e-03 
 2.815411e+01 -6.417682e-03 
 2.815450e+01 -6.881735e-03 
 2.815490e+01 -7.334774e-03 
 2.815530e+01 -7.774535e-03 
 2.815570e+01 -8.202843e-03 
 2.815609e+01 -8.622723e-03 
 2.815649e+01 -9.037646e-03 
 2.815689e+01 -9.451841e-03 
 2.815729e+01 -9.870893e-03 
 2.815769e+01 -1.029846e-02 
 2.815808e+01 -1.073463e-02 
 2.815848e+01 -1.118138e-02 
 2.815888e+01 -1.163462e-02 
 2.815928e+01 -1.209174e-02 
 2.815967e+01 -1.255073e-02 
 2.816007e+01 -1.301002e-02 
 2.816047e+01 -1.346677e-02 
 2.816087e+01 -1.391635e-02 
 2.816126e+01 -1.434955e-02 
 2.816166e+01 -1.475728e-02 
 2.816206e+01 -1.513180e-02 
 2.816246e+01 -1.546748e-02 
 2.816286e+01 -1.576107e-02 
 2.816325e+01 -1.601219e-02 
 2.816365e+01 -1.622307e-02 
 2.816405e+01 -1.639739e-02 
 2.816445e+01 -1.653898e-02 
 2.816484e+01 -1.665283e-02 
 2.816524e+01 -1.673977e-02 
 2.816564e+01 -1.680173e-02 
 2.816604e+01 -1.683932e-02 
 2.816643e+01 -1.685135e-02 
 2.816683e+01 -1.683375e-02 
 2.816723e+01 -1.678024e-02 
 2.816763e+01 -1.668010e-02 
 2.816803e+01 -1.652667e-02 
 2.816842e+01 -1.631571e-02 
 2.816882e+01 -1.604678e-02 
 2.816922e+01 -1.572389e-02 
 2.816962e+01 -1.535380e-02 
 2.817001e+01 -1.494439e-02 
 2.817041e+01 -1.450237e-02 
 2.817081e+01 -1.403185e-02 
 2.817121e+01 -1.353495e-02 
 2.817160e+01 -1.301123e-02 
 2.817200e+01 -1.246319e-02 
 2.817240e+01 -1.189394e-02 
 2.817280e+01 -1.131023e-02 
 2.817320e+01 -1.071866e-02 
 2.817359e+01 -1.012473e-02 
 2.817399e+01 -9.530434e-03 
 2.817439e+01 -8.937159e-03 
 2.817479e+01 -8.345693e-03 
 2.817518e+01 -7.757261e-03 
 2.817558e+01 -7.174220e-03 
 2.817598e+01 -6.602043e-03 
 2.817638e+01 -6.046454e-03 
 2.817678e+01 -5.512162e-03 
 2.817717e+01 -5.004128e-03 
 2.817757e+01 -4.523685e-03 
 2.817797e+01 -4.069765e-03 
 2.817837e+01 -3.640708e-03 
 2.817876e+01 -3.234795e-03 
 2.817916e+01 -2.852575e-03 
 2.817956e+01 -2.492703e-03 
 2.817996e+01 -2.151612e-03 
 2.818035e+01 -1.824953e-03 
 2.818075e+01 -1.509369e-03 
 2.818115e+01 -1.203931e-03 
 2.818155e+01 -9.086087e-04 
 2.818195e+01 -6.287752e-04 
 2.818234e+01 -3.721849e-04 
 2.818274e+01 -1.470690e-04 
 2.818314e+01  3.410714e-05 
 2.818354e+01  1.616054e-04 
 2.818393e+01  2.284689e-04 
 2.818433e+01  2.294634e-04 
 2.818473e+01  1.611420e-04 
 2.818513e+01  2.020997e-05 
 2.818552e+01 -1.940987e-04 
 2.818592e+01 -4.801285e-04 
 2.818632e+01 -8.315995e-04 
 2.818672e+01 -1.241070e-03 
 2.818712e+01 -1.701202e-03 
 2.818751e+01 -2.208036e-03 
 2.818791e+01 -2.759522e-03 
 2.818831e+01 -3.358960e-03 
 2.818871e+01 -4.011977e-03 
 2.818910e+01 -4.724564e-03 
 2.818950e+01 -5.500421e-03 
 2.818990e+01 -6.338492e-03 
 2.819030e+01 -7.233655e-03 
 2.819069e+01 -8.182120e-03 
 2.819109e+01 -9.181299e-03 
 2.819149e+01 -1.023178e-02 
 2.819189e+01 -1.133683e-02 
 2.819229e+01 -1.249681e-02 
 2.819268e+01 -1.370739e-02 
 2.819308e+01 -1.496189e-02 
 2.819348e+01 -1.624989e-02 
 2.819388e+01 -1.756255e-02 
 2.819427e+01 -1.888923e-02 
 2.819467e+01 -2.022488e-02 
 2.819507e+01 -2.156660e-02 
 2.819547e+01 -2.291179e-02 
 2.819586e+01 -2.425649e-02 
 2.819626e+01 -2.559503e-02 
 2.819666e+01 -2.691769e-02 
 2.819706e+01 -2.821834e-02 
 2.819746e+01 -2.949145e-02 
 2.819785e+01 -3.073653e-02 
 2.819825e+01 -3.195234e-02 
 2.819865e+01 -3.313681e-02 
 2.819905e+01 -3.428328e-02 
 2.819944e+01 -3.538606e-02 
 2.819984e+01 -3.643838e-02 
 2.820024e+01 -3.743570e-02 
 2.820064e+01 -3.837590e-02 
 2.820103e+01 -3.926502e-02 
 2.820143e+01 -4.011136e-02 
 2.820183e+01 -4.092697e-02 
 2.820223e+01 -4.172175e-02 
 2.820263e+01 -4.250158e-02 
 2.820302e+01 -4.326737e-02 
 2.820342e+01 -4.401754e-02 
 2.820382e+01 -4.475010e-02 
 2.820422e+01 -4.546182e-02 
 2.820461e+01 -4.614990e-02 
 2.820501e+01 -4.680628e-02 
 2.820541e+01 -4.742528e-02 
 2.820581e+01 -4.800065e-02 
 2.820620e+01 -4.852499e-02 
 2.820660e+01 -4.899112e-02 
 2.820700e+01 -4.939637e-02 
 2.820740e+01 -4.974187e-02 
 2.820780e+01 -5.003044e-02 
 2.820819e+01 -5.026910e-02 
 2.820859e+01 -5.046197e-02 
 2.820899e+01 -5.061087e-02 
 2.820939e+01 -5.071484e-02 
 2.820978e+01 -5.077372e-02 
 2.821018e+01 -5.078773e-02 
 2.821058e+01 -5.075863e-02 
 2.821098e+01 -5.068844e-02 
 2.821137e+01 -5.057853e-02 
 2.821177e+01 -5.042682e-02 
 2.821217e+01 -5.022845e-02 
 2.821257e+01 -4.997813e-02 
 2.821297e+01 -4.966745e-02 
 2.821336e+01 -4.929267e-02 
 2.821376e+01 -4.885268e-02 
 2.821416e+01 -4.835075e-02 
 2.821456e+01 -4.779205e-02 
 2.821495e+01 -4.718127e-02 
 2.821535e+01 -4.652146e-02 
 2.821575e+01 -4.581260e-02 
 2.821615e+01 -4.505689e-02 
 2.821654e+01 -4.425707e-02 
 2.821694e+01 -4.341901e-02 
 2.821734e+01 -4.255064e-02 
 2.821774e+01 -4.165817e-02 
 2.821814e+01 -4.074394e-02 
 2.821853e+01 -3.980865e-02 
 2.821893e+01 -3.884680e-02 
 2.821933e+01 -3.785413e-02 
 2.821973e+01 -3.683109e-02 
 2.822012e+01 -3.578519e-02 
 2.822052e+01 -3.472898e-02 
 2.822092e+01 -3.367817e-02 
 2.822132e+01 -3.264390e-02 
 2.822171e+01 -3.163293e-02 
 2.822211e+01 -3.064268e-02 
 2.822251e+01 -2.966828e-02 
 2.822291e+01 -2.870114e-02 
 2.822331e+01 -2.773624e-02 
 2.822370e+01 -2.677094e-02 
 2.822410e+01 -2.580324e-02 
 2.822450e+01 -2.483263e-02 
 2.822490e+01 -2.385541e-02 
 2.822529e+01 -2.286638e-02 
 2.822569e+01 -2.186151e-02 
 2.822609e+01 -2.083972e-02 
 2.822649e+01 -1.980422e-02 
 2.822688e+01 -1.876185e-02 
 2.822728e+01 -1.772273e-02 
 2.822768e+01 -1.669347e-02 
 2.822808e+01 -1.567834e-02 
 2.822848e+01 -1.467918e-02 
 2.822887e+01 -1.369428e-02 
 2.822927e+01 -1.272703e-02 
 2.822967e+01 -1.178097e-02 
 2.823007e+01 -1.086028e-02 
 2.823046e+01 -9.970687e-03 
 2.823086e+01 -9.115880e-03 
 2.823126e+01 -8.295824e-03 
 2.823166e+01 -7.506508e-03 
 2.823205e+01 -6.743389e-03 
 2.823245e+01 -6.004950e-03 
 2.823285e+01 -5.294142e-03 
 2.823325e+01 -4.619683e-03 
 2.823365e+01 -3.993631e-03 
 2.823404e+01 -3.427383e-03 
 2.823444e+01 -2.928966e-03 
 2.823484e+01 -2.503324e-03 
 2.823524e+01 -2.151314e-03 
 2.823563e+01 -1.872590e-03 
 2.823603e+01 -1.667513e-03 
 2.823643e+01 -1.536450e-03 
 2.823683e+01 -1.480374e-03 
 2.823722e+01 -1.499151e-03 
 2.823762e+01 -1.587083e-03 
 2.823802e+01 -1.733455e-03 
 2.823842e+01 -1.924375e-03 
 2.823882e+01 -2.151669e-03 
 2.823921e+01 -2.413711e-03 
 2.823961e+01 -2.716004e-03 
 2.824001e+01 -3.067758e-03 
 2.824041e+01 -3.473696e-03 
 2.824080e+01 -3.936068e-03 
 2.824120e+01 -4.448167e-03 
 2.824160e+01 -4.996527e-03 
 2.824200e+01 -5.569938e-03 
 2.824239e+01 -6.157814e-03 
 2.824279e+01 -6.756538e-03 
 2.824319e+01 -7.364201e-03 
 2.824359e+01 -7.981187e-03 
 2.824399e+01 -8.601853e-03 
 2.824438e+01 -9.216568e-03 
 2.824478e+01 -9.812425e-03 
 2.824518e+01 -1.038139e-02 
 2.824558e+01 -1.092407e-02 
 2.824597e+01 -1.144539e-02 
 2.824637e+01 -1.195167e-02 
 2.824677e+01 -1.244644e-02 
 2.824717e+01 -1.293047e-02 
 2.824756e+01 -1.339865e-02 
 2.824796e+01 -1.384523e-02 
 2.824836e+01 -1.426793e-02 
 2.824876e+01 -1.466557e-02 
 2.824916e+01 -1.504276e-02 
 2.824955e+01 -1.540777e-02 
 2.824995e+01 -1.576358e-02 
 2.825035e+01 -1.610721e-02 
 2.825075e+01 -1.642949e-02 
 2.825114e+01 -1.671978e-02 
 2.825154e+01 -1.697052e-02 
 2.825194e+01 -1.718136e-02 
 2.825234e+01 -1.735705e-02 
 2.825273e+01 -1.750501e-02 
 2.825313e+01 -1.763258e-02 
 2.825353e+01 -1.774399e-02 
 2.825393e+01 -1.783970e-02 
 2.825433e+01 -1.791567e-02 
 2.825472e+01 -1.796692e-02 
 2.825512e+01 -1.798916e-02 
 2.825552e+01 -1.797846e-02 
 2.825592e+01 -1.793253e-02 
 2.825631e+01 -1.784631e-02 
 2.825671e+01 -1.771115e-02 
 2.825711e+01 -1.751385e-02 
 2.825751e+01 -1.724532e-02 
 2.825790e+01 -1.690266e-02 
 2.825830e+01 -1.649100e-02 
 2.825870e+01 -1.602004e-02 
 2.825910e+01 -1.549981e-02 
 2.825950e+01 -1.494526e-02 
 2.825989e+01 -1.436197e-02 
 2.826029e+01 -1.375144e-02 
 2.826069e+01 -1.311401e-02 
 2.826109e+01 -1.244991e-02 
 2.826148e+01 -1.176136e-02 
 2.826188e+01 -1.105470e-02 
 2.826228e+01 -1.034081e-02 
 2.826268e+01 -9.625248e-03 
 2.826307e+01 -8.908664e-03 
 2.826347e+01 -8.188500e-03 
 2.826387e+01 -7.458552e-03 
 2.826427e+01 -6.717985e-03 
 2.826467e+01 -5.970107e-03 
 2.826506e+01 -5.221927e-03 
 2.826546e+01 -4.482976e-03 
 2.826586e+01 -3.762391e-03 
 2.826626e+01 -3.066858e-03 
 2.826665e+01 -2.396727e-03 
 2.826705e+01 -1.752656e-03 
 2.826745e+01 -1.133351e-03 
 2.826785e+01 -5.429635e-04 
 2.826824e+01  1.172665e-05 
 2.826864e+01  5.221867e-04 
 2.826904e+01  9.829467e-04 
 2.826944e+01  1.395393e-03 
 2.826984e+01  1.766366e-03 
 2.827023e+01  2.107264e-03 
 2.827063e+01  2.427333e-03 
 2.827103e+01  2.727954e-03 
 2.827143e+01  3.008901e-03 
 2.827182e+01  3.261203e-03 
 2.827222e+01  3.473216e-03 
 2.827262e+01  3.641641e-03 
 2.827302e+01  3.766433e-03 
 2.827342e+01  3.855441e-03 
 2.827381e+01  3.919520e-03 
 2.827421e+01  3.967644e-03 
 2.827461e+01  4.003541e-03 
 2.827501e+01  4.025724e-03 
 2.827540e+01  4.036216e-03 
 2.827580e+01  4.035466e-03 
 2.827620e+01  4.028535e-03 
 2.827660e+01  4.021375e-03 
 2.827699e+01  4.014086e-03 
 2.827739e+01  4.001721e-03 
 2.827779e+01  3.973280e-03 
 2.827819e+01  3.913019e-03 
 2.827859e+01  3.805542e-03 
 2.827898e+01  3.643850e-03 
 2.827938e+01  3.425837e-03 
 2.827978e+01  3.153505e-03 
 2.828018e+01  2.830275e-03 
 2.828057e+01  2.453531e-03 
 2.828097e+01  2.015744e-03 
 2.828137e+01  1.512349e-03 
 2.828177e+01  9.394476e-04 
 2.828216e+01  3.008939e-04 
 2.828256e+01 -3.923873e-04 
 2.828296e+01 -1.130632e-03 
 2.828336e+01 -1.903729e-03 
 2.828376e+01 -2.705981e-03 
 2.828415e+01 -3.536837e-03 
 2.828455e+01 -4.401698e-03 
 2.828495e+01 -5.305491e-03 
 2.828535e+01 -6.250129e-03 
 2.828574e+01 -7.233191e-03 
 2.828614e+01 -8.252132e-03 
 2.828654e+01 -9.301086e-03 
 2.828694e+01 -1.037946e-02 
 2.828733e+01 -1.148769e-02 
 2.828773e+01 -1.262951e-02 
 2.828813e+01 -1.380542e-02 
 2.828853e+01 -1.501214e-02 
 2.828893e+01 -1.623869e-02 
 2.828932e+01 -1.747541e-02 
 2.828972e+01 -1.871097e-02 
 2.829012e+01 -1.993449e-02 
 2.829052e+01 -2.114653e-02 
 2.829091e+01 -2.235271e-02 
 2.829131e+01 -2.355897e-02 
 2.829171e+01 -2.476696e-02 
 2.829211e+01 -2.597614e-02 
 2.829250e+01 -2.717707e-02 
 2.829290e+01 -2.835804e-02 
 2.829330e+01 -2.951212e-02 
 2.829370e+01 -3.063877e-02 
 2.829410e+01 -3.174187e-02 
 2.829449e+01 -3.282612e-02 
 2.829489e+01 -3.389360e-02 
 2.829529e+01 -3.494024e-02 
 2.829569e+01 -3.596323e-02 
 2.829608e+01 -3.695687e-02 
 2.829648e+01 -3.791911e-02 
 2.829688e+01 -3.885576e-02 
 2.829728e+01 -3.977817e-02 
 2.829767e+01 -4.069313e-02 
 2.829807e+01 -4.160403e-02 
 2.829847e+01 -4.250681e-02 
 2.829887e+01 -4.339018e-02 
 2.829927e+01 -4.424334e-02 
 2.829966e+01 -4.505993e-02 
 2.830006e+01 -4.583691e-02 
 2.830046e+01 -4.657634e-02 
 2.830086e+01 -4.727918e-02 
 2.830125e+01 -4.794046e-02 
 2.830165e+01 -4.854859e-02 
 2.830205e+01 -4.908976e-02 
 2.830245e+01 -4.954667e-02 
 2.830284e+01 -4.990926e-02 
 2.830324e+01 -5.017831e-02 
 2.830364e+01 -5.036043e-02 
 2.830404e+01 -5.046569e-02 
 2.830444e+01 -5.050153e-02 
 2.830483e+01 -5.046988e-02 
 2.830523e+01 -5.036847e-02 
 2.830563e+01 -5.019518e-02 
 2.830603e+01 -4.995166e-02 
 2.830642e+01 -4.964155e-02 
 2.830682e+01 -4.927371e-02 
 2.830722e+01 -4.885470e-02 
 2.830762e+01 -4.838463e-02 
 2.830801e+01 -4.785685e-02 
 2.830841e+01 -4.726532e-02 
 2.830881e+01 -4.660345e-02 
 2.830921e+01 -4.587111e-02 
 2.830961e+01 -4.508123e-02 
 2.831000e+01 -4.424996e-02 
 2.831040e+01 -4.339181e-02 
 2.831080e+01 -4.251730e-02 
 2.831120e+01 -4.162737e-02 
 2.831159e+01 -4.071808e-02 
 2.831199e+01 -3.978620e-02 
 2.831239e+01 -3.883153e-02 
 2.831279e+01 -3.786117e-02 
 2.831318e+01 -3.688679e-02 
 2.831358e+01 -3.592016e-02 
 2.831398e+01 -3.496754e-02 
 2.831438e+01 -3.403192e-02 
 2.831478e+01 -3.311041e-02 
 2.831517e+01 -3.219669e-02 
 2.831557e+01 -3.129078e-02 
 2.831597e+01 -3.039848e-02 
 2.831637e+01 -2.952794e-02 
 2.831676e+01 -2.868757e-02 
 2.831716e+01 -2.788335e-02 
 2.831756e+01 -2.711302e-02 
 2.831796e+01 -2.636969e-02 
 2.831835e+01 -2.564811e-02 
 2.831875e+01 -2.494133e-02 
 2.831915e+01 -2.424913e-02 
 2.831955e+01 -2.357467e-02 
 2.831995e+01 -2.292321e-02 
 2.832034e+01 -2.229382e-02 
 2.832074e+01 -2.168442e-02 
 2.832114e+01 -2.108384e-02 
 2.832154e+01 -2.048042e-02 
 2.832193e+01 -1.987050e-02 
 2.832233e+01 -1.925717e-02 
 2.832273e+01 -1.865045e-02 
 2.832313e+01 -1.806399e-02 
 2.832352e+01 -1.751001e-02 
 2.832392e+01 -1.699288e-02 
 2.832432e+01 -1.651484e-02 
 2.832472e+01 -1.607138e-02 
 2.832512e+01 -1.565971e-02 
 2.832551e+01 -1.528266e-02 
 2.832591e+01 -1.494359e-02 
 2.832631e+01 -1.464540e-02 
 2.832671e+01 -1.438622e-02 
 2.832710e+01 -1.416172e-02 
 2.832750e+01 -1.396230e-02 
 2.832790e+01 -1.378135e-02 
 2.832830e+01 -1.361807e-02 
 2.832869e+01 -1.347890e-02 
 2.832909e+01 -1.337435e-02 
 2.832949e+01 -1.331466e-02 
 2.832989e+01 -1.330420e-02 
 2.833029e+01 -1.333845e-02 
 2.833068e+01 -1.340821e-02 
 2.833108e+01 -1.350203e-02 
 2.833148e+01 -1.361393e-02 
 2.833188e+01 -1.374430e-02 
 2.833227e+01 -1.389732e-02 
 2.833267e+01 -1.407557e-02 
 2.833307e+01 -1.427779e-02 
 2.833347e+01 -1.449864e-02 
 2.833386e+01 -1.472746e-02 
 2.833426e+01 -1.495312e-02 
 2.833466e+01 -1.516858e-02 
 2.833506e+01 -1.537404e-02 
 2.833546e+01 -1.557319e-02 
 2.833585e+01 -1.576959e-02 
 2.833625e+01 -1.596210e-02 
 2.833665e+01 -1.614772e-02 
 2.833705e+01 -1.632329e-02 
 2.833744e+01 -1.648418e-02 
 2.833784e+01 -1.663089e-02 
 2.833824e+01 -1.676794e-02 
 2.833864e+01 -1.690136e-02 
 2.833903e+01 -1.703542e-02 
 2.833943e+01 -1.717200e-02 
 2.833983e+01 -1.730603e-02 
 2.834023e+01 -1.742686e-02 
 2.834063e+01 -1.752472e-02 
 2.834102e+01 -1.759777e-02 
 2.834142e+01 -1.764809e-02 
 2.834182e+01 -1.768759e-02 
 2.834222e+01 -1.772571e-02 
 2.834261e+01 -1.776900e-02 
 2.834301e+01 -1.782098e-02 
 2.834341e+01 -1.787906e-02 
 2.834381e+01 -1.793989e-02 
 2.834420e+01 -1.799820e-02 
 2.834460e+01 -1.805377e-02 
 2.834500e+01 -1.810789e-02 
 2.834540e+01 -1.816299e-02 
 2.834580e+01 -1.821927e-02 
 2.834619e+01 -1.827199e-02 
 2.834659e+01 -1.831238e-02 
 2.834699e+01 -1.833322e-02 
 2.834739e+01 -1.833035e-02 
 2.834778e+01 -1.830513e-02 
 2.834818e+01 -1.826452e-02 
 2.834858e+01 -1.821179e-02 
 2.834898e+01 -1.814710e-02 
 2.834937e+01 -1.806748e-02 
 2.834977e+01 -1.796605e-02 
 2.835017e+01 -1.783178e-02 
 2.835057e+01 -1.765999e-02 
 2.835097e+01 -1.744894e-02 
 2.835136e+01 -1.719770e-02 
 2.835176e+01 -1.690954e-02 
 2.835216e+01 -1.658434e-02 
 2.835256e+01 -1.621738e-02 
 2.835295e+01 -1.580040e-02 
 2.835335e+01 -1.532607e-02 
 2.835375e+01 -1.479215e-02 
 2.835415e+01 -1.420143e-02 
 2.835454e+01 -1.356194e-02 
 2.835494e+01 -1.288279e-02 
 2.835534e+01 -1.217236e-02 
 2.835574e+01 -1.143783e-02 
 2.835614e+01 -1.068212e-02 
 2.835653e+01 -9.908130e-03 
 2.835693e+01 -9.120651e-03 
 2.835733e+01 -8.327181e-03 
 2.835773e+01 -7.535993e-03 
 2.835812e+01 -6.758033e-03 
 2.835852e+01 -5.993978e-03 
 2.835892e+01 -5.238525e-03 
 2.835932e+01 -4.481503e-03 
 2.835971e+01 -3.712733e-03 
 2.836011e+01 -2.926990e-03 
 2.836051e+01 -2.128572e-03 
 2.836091e+01 -1.326893e-03 
 2.836131e+01 -5.332855e-04 
 2.836170e+01  2.402315e-04 
 2.836210e+01  9.865859e-04 
 2.836250e+01  1.706418e-03 
 2.836290e+01  2.403097e-03 
 2.836329e+01  3.078325e-03 
 2.836369e+01  3.731017e-03 
 2.836409e+01  4.357774e-03 
 2.836449e+01  4.951664e-03 
 2.836489e+01  5.510012e-03 
 2.836528e+01  6.035074e-03 
 2.836568e+01  6.528766e-03 
 2.836608e+01  6.993705e-03 
 2.836648e+01  7.430034e-03 
 2.836687e+01  7.834650e-03 
 2.836727e+01  8.205236e-03 
 2.836767e+01  8.535564e-03 
 2.836807e+01  8.821798e-03 
 2.836846e+01  9.063470e-03 
 2.836886e+01  9.265040e-03 
 2.836926e+01  9.432649e-03 
 2.836966e+01  9.566851e-03 
 2.837006e+01  9.667041e-03 
 2.837045e+01  9.725842e-03 
 2.837085e+01  9.736049e-03 
 2.837125e+01  9.693925e-03 
 2.837165e+01  9.598975e-03 
 2.837204e+01  9.454222e-03 
 2.837244e+01  9.265785e-03 
 2.837284e+01  9.037575e-03 
 2.837324e+01  8.766855e-03 
 2.837363e+01  8.450419e-03 
 2.837403e+01  8.079622e-03 
 2.837443e+01  7.644549e-03 
 2.837483e+01  7.139839e-03 
 2.837523e+01  6.563903e-03 
 2.837562e+01  5.918247e-03 
 2.837602e+01  5.205228e-03 
 2.837642e+01  4.425183e-03 
 2.837682e+01  3.578779e-03 
 2.837721e+01  2.666513e-03 
 2.837761e+01  1.693520e-03 
 2.837801e+01  6.717861e-04 
 2.837841e+01 -3.831107e-04 
 2.837880e+01 -1.452749e-03 
 2.837920e+01 -2.525486e-03 
 2.837960e+01 -3.595764e-03 
 2.838000e+01 -4.663140e-03 
 2.838040e+01 -5.733550e-03 
 2.838079e+01 -6.813703e-03 
 2.838119e+01 -7.903433e-03 
 2.838159e+01 -8.997819e-03 
 2.838199e+01 -1.008976e-02 
 2.838238e+01 -1.117297e-02 
 2.838278e+01 -1.224668e-02 
 2.838318e+01 -1.331372e-02 
 2.838358e+01 -1.438008e-02 
 2.838397e+01 -1.544803e-02 
 2.838437e+01 -1.651718e-02 
 2.838477e+01 -1.758183e-02 
 2.838517e+01 -1.863393e-02 
 2.838557e+01 -1.966715e-02 
 2.838596e+01 -2.067831e-02 
 2.838636e+01 -2.167024e-02 
 2.838676e+01 -2.264700e-02 
 2.838716e+01 -2.361195e-02 
 2.838755e+01 -2.456038e-02 
 2.838795e+01 -2.548554e-02 
 2.838835e+01 -2.637997e-02 
 2.838875e+01 -2.724053e-02 
 2.838914e+01 -2.806977e-02 
 2.838954e+01 -2.887675e-02 
 2.838994e+01 -2.967280e-02 
 2.839034e+01 -3.046440e-02 
 2.839074e+01 -3.125107e-02 
 2.839113e+01 -3.202751e-02 
 2.839153e+01 -3.278523e-02 
 2.839193e+01 -3.351723e-02 
 2.839233e+01 -3.422047e-02 
 2.839272e+01 -3.489743e-02 
 2.839312e+01 -3.555563e-02 
 2.839352e+01 -3.620164e-02 
 2.839392e+01 -3.683680e-02 
 2.839431e+01 -3.746042e-02 
 2.839471e+01 -3.806779e-02 
 2.839511e+01 -3.865407e-02 
 2.839551e+01 -3.921600e-02 
 2.839591e+01 -3.975293e-02 
 2.839630e+01 -4.026078e-02 
 2.839670e+01 -4.073502e-02 
 2.839710e+01 -4.116733e-02 
 2.839750e+01 -4.154817e-02 
 2.839789e+01 -4.187015e-02 
 2.839829e+01 -4.212750e-02 
 2.839869e+01 -4.232009e-02 
 2.839909e+01 -4.245320e-02 
 2.839948e+01 -4.253441e-02 
 2.839988e+01 -4.257166e-02 
 2.840028e+01 -4.256922e-02 
 2.840068e+01 -4.252732e-02 
 2.840108e+01 -4.244796e-02 
 2.840147e+01 -4.233497e-02 
 2.840187e+01 -4.219445e-02 
 2.840227e+01 -4.203385e-02 
 2.840267e+01 -4.185760e-02 
 2.840306e+01 -4.167095e-02 
 2.840346e+01 -4.147154e-02 
 2.840386e+01 -4.125452e-02 
 2.840426e+01 -4.101335e-02 
 2.840465e+01 -4.074300e-02 
 2.840505e+01 -4.044088e-02 
 2.840545e+01 -4.010981e-02 
 2.840585e+01 -3.975531e-02 
 2.840625e+01 -3.938241e-02 
 2.840664e+01 -3.899094e-02 
 2.840704e+01 -3.858017e-02 
 2.840744e+01 -3.814914e-02 
 2.840784e+01 -3.769712e-02 
 2.840823e+01 -3.722690e-02 
 2.840863e+01 -3.674451e-02 
 2.840903e+01 -3.625555e-02 
 2.840943e+01 -3.576557e-02 
 2.840982e+01 -3.527281e-02 
 2.841022e+01 -3.477169e-02 
 2.841062e+01 -3.425341e-02 
 2.841102e+01 -3.371016e-02 
 2.841142e+01 -3.313857e-02 
 2.841181e+01 -3.254380e-02 
 2.841221e+01 -3.193299e-02 
 2.841261e+01 -3.131358e-02 
 2.841301e+01 -3.068930e-02 
 2.841340e+01 -3.006087e-02 
 2.841380e+01 -2.942825e-02 
 2.841420e+01 -2.879062e-02 
 2.841460e+01 -2.814943e-02 
 2.841499e+01 -2.750751e-02 
 2.841539e+01 -2.686986e-02 
 2.841579e+01 -2.624141e-02 
 2.841619e+01 -2.562194e-02 
 2.841659e+01 -2.500841e-02 
 2.841698e+01 -2.439742e-02 
 2.841738e+01 -2.378864e-02 
 2.841778e+01 -2.318740e-02 
 2.841818e+01 -2.260343e-02 
 2.841857e+01 -2.204725e-02 
 2.841897e+01 -2.152648e-02 
 2.841937e+01 -2.104374e-02 
 2.841977e+01 -2.060016e-02 
 2.842016e+01 -2.019591e-02 
 2.842056e+01 -1.983210e-02 
 2.842096e+01 -1.951252e-02 
 2.842136e+01 -1.924321e-02 
 2.842176e+01 -1.903142e-02 
 2.842215e+01 -1.888060e-02 
 2.842255e+01 -1.878847e-02 
 2.842295e+01 -1.874617e-02 
 2.842335e+01 -1.874323e-02 
 2.842374e+01 -1.877001e-02 
 2.842414e+01 -1.882041e-02 
 2.842454e+01 -1.889449e-02 
 2.842494e+01 -1.899379e-02 
 2.842533e+01 -1.911817e-02 
 2.842573e+01 -1.926775e-02 
 2.842613e+01 -1.944014e-02 
 2.842653e+01 -1.963158e-02 
 2.842693e+01 -1.983907e-02 
 2.842732e+01 -2.006076e-02 
 2.842772e+01 -2.029797e-02 
 2.842812e+01 -2.055213e-02 
 2.842852e+01 -2.082148e-02 
 2.842891e+01 -2.109850e-02 
 2.842931e+01 -2.137245e-02 
 2.842971e+01 -2.162962e-02 
 2.843011e+01 -2.186117e-02 
 2.843050e+01 -2.206538e-02 
 2.843090e+01 -2.224623e-02 
 2.843130e+01 -2.241033e-02 
 2.843170e+01 -2.256429e-02 
 2.843210e+01 -2.271203e-02 
 2.843249e+01 -2.285360e-02 
 2.843289e+01 -2.298654e-02 
 2.843329e+01 -2.310830e-02 
 2.843369e+01 -2.321969e-02 
 2.843408e+01 -2.332493e-02 
 2.843448e+01 -2.342957e-02 
 2.843488e+01 -2.353732e-02 
 2.843528e+01 -2.364504e-02 
 2.843567e+01 -2.374740e-02 
 2.843607e+01 -2.383638e-02 
 2.843647e+01 -2.390466e-02 
 2.843687e+01 -2.394827e-02 
 2.843727e+01 -2.396850e-02 
 2.843766e+01 -2.397051e-02 
 2.843806e+01 -2.395743e-02 
 2.843846e+01 -2.392912e-02 
 2.843886e+01 -2.388218e-02 
 2.843925e+01 -2.381103e-02 
 2.843965e+01 -2.371168e-02 
 2.844005e+01 -2.358131e-02 
 2.844045e+01 -2.342482e-02 
 2.844084e+01 -2.324918e-02 
 2.844124e+01 -2.305756e-02 
 2.844164e+01 -2.284823e-02 
 2.844204e+01 -2.261468e-02 
 2.844244e+01 -2.234697e-02 
 2.844283e+01 -2.203511e-02 
 2.844323e+01 -2.167425e-02 
 2.844363e+01 -2.126467e-02 
 2.844403e+01 -2.081084e-02 
 2.844442e+01 -2.031931e-02 
 2.844482e+01 -1.979401e-02 
 2.844522e+01 -1.923963e-02 
 2.844562e+01 -1.865924e-02 
 2.844601e+01 -1.805556e-02 
 2.844641e+01 -1.743189e-02 
 2.844681e+01 -1.679499e-02 
 2.844721e+01 -1.614885e-02 
 2.844761e+01 -1.549419e-02 
 2.844800e+01 -1.482835e-02 
 2.844840e+01 -1.414435e-02 
 2.844880e+01 -1.343346e-02 
 2.844920e+01 -1.269401e-02 
 2.844959e+01 -1.192840e-02 
 2.844999e+01 -1.114571e-02 
 2.845039e+01 -1.035930e-02 
 2.845079e+01 -9.581752e-03 
 2.845118e+01 -8.821725e-03 
 2.845158e+01 -8.084080e-03 
 2.845198e+01 -7.369855e-03 
 2.845238e+01 -6.678935e-03 
 2.845278e+01 -6.012284e-03 
 2.845317e+01 -5.375311e-03 
 2.845357e+01 -4.771633e-03 
 2.845397e+01 -4.203038e-03 
 2.845437e+01 -3.666398e-03 
 2.845476e+01 -3.152927e-03 
 2.845516e+01 -2.650136e-03 
 2.845556e+01 -2.149289e-03 
 2.845596e+01 -1.642416e-03 
 2.845636e+01 -1.127914e-03 
 2.845675e+01 -6.060238e-04 
 2.845715e+01 -7.883103e-05 
 2.845755e+01  4.510353e-04 
 2.845795e+01  9.832863e-04 
 2.845834e+01  1.519056e-03 
 2.845874e+01  2.060784e-03 
 2.845914e+01  2.605147e-03 
 2.845954e+01  3.144654e-03 
 2.845993e+01  3.669541e-03 
 2.846033e+01  4.171785e-03 
 2.846073e+01  4.646434e-03 
 2.846113e+01  5.096198e-03 
 2.846153e+01  5.528269e-03 
 2.846192e+01  5.949319e-03 
 2.846232e+01  6.364305e-03 
 2.846272e+01  6.774038e-03 
 2.846312e+01  7.174588e-03 
 2.846351e+01  7.558246e-03 
 2.846391e+01  7.916499e-03 
 2.846431e+01  8.243416e-03 
 2.846471e+01  8.536275e-03 
 2.846510e+01  8.795056e-03 
 2.846550e+01  9.016928e-03 
 2.846590e+01  9.198781e-03 
 2.846630e+01  9.334813e-03 
 2.846670e+01  9.422377e-03 
 2.846709e+01  9.460597e-03 
 2.846749e+01  9.456127e-03 
 2.846789e+01  9.414221e-03 
 2.846829e+01  9.339589e-03 
 2.846868e+01  9.235768e-03 
 2.846908e+01  9.098842e-03 
 2.846948e+01  8.920149e-03 
 2.846988e+01  8.690203e-03 
 2.847027e+01  8.401317e-03 
 2.847067e+01  8.049919e-03 
 2.847107e+01  7.637542e-03 
 2.847147e+01  7.170674e-03 
 2.847187e+01  6.652033e-03 
 2.847226e+01  6.083729e-03 
 2.847266e+01  5.467193e-03 
 2.847306e+01  4.805400e-03 
 2.847346e+01  4.103933e-03 
 2.847385e+01  3.370553e-03 
 2.847425e+01  2.615552e-03 
 2.847465e+01  1.849914e-03 
 2.847505e+01  1.081030e-03 
 2.847544e+01  3.129841e-04 
 2.847584e+01 -4.573998e-04 
 2.847624e+01 -1.234824e-03 
 2.847664e+01 -2.025195e-03 
 2.847704e+01 -2.831162e-03 
 2.847743e+01 -3.652991e-03 
 2.847783e+01 -4.492150e-03 
 2.847823e+01 -5.353949e-03 
 2.847863e+01 -6.245214e-03 
 2.847902e+01 -7.172857e-03 
 2.847942e+01 -8.142124e-03 
 2.847982e+01 -9.154517e-03 
 2.848022e+01 -1.020313e-02 
 2.848061e+01 -1.127706e-02 
 2.848101e+01 -1.236350e-02 
 2.848141e+01 -1.345181e-02 
 2.848181e+01 -1.453733e-02 
 2.848221e+01 -1.562086e-02 
 2.848260e+01 -1.670484e-02 
 2.848300e+01 -1.779180e-02 
 2.848340e+01 -1.888092e-02 
 2.848380e+01 -1.996852e-02 
 2.848419e+01 -2.105160e-02 
 2.848459e+01 -2.212783e-02 
 2.848499e+01 -2.319511e-02 
 2.848539e+01 -2.425241e-02 
 2.848578e+01 -2.529788e-02 
 2.848618e+01 -2.632701e-02 
 2.848658e+01 -2.733329e-02 
 2.848698e+01 -2.830763e-02 
 2.848738e+01 -2.924052e-02 
 2.848777e+01 -3.012659e-02 
 2.848817e+01 -3.096543e-02 
 2.848857e+01 -3.175937e-02 
 2.848897e+01 -3.251235e-02 
 2.848936e+01 -3.322669e-02 
 2.848976e+01 -3.390248e-02 
 2.849016e+01 -3.453539e-02 
 2.849056e+01 -3.512290e-02 
 2.849095e+01 -3.566142e-02 
 2.849135e+01 -3.615052e-02 
 2.849175e+01 -3.659144e-02 
 2.849215e+01 -3.698584e-02 
 2.849255e+01 -3.733360e-02 
 2.849294e+01 -3.763172e-02 
 2.849334e+01 -3.787504e-02 
 2.849374e+01 -3.805897e-02 
 2.849414e+01 -3.818128e-02 
 2.849453e+01 -3.824543e-02 
 2.849493e+01 -3.825708e-02 
 2.849533e+01 -3.822339e-02 
 2.849573e+01 -3.815314e-02 
 2.849612e+01 -3.805270e-02 
 2.849652e+01 -3.792808e-02 
 2.849692e+01 -3.778569e-02 
 2.849732e+01 -3.763309e-02 
 2.849772e+01 -3.747993e-02 
 2.849811e+01 -3.733356e-02 
 2.849851e+01 -3.719871e-02 
 2.849891e+01 -3.707370e-02 
 2.849931e+01 -3.695117e-02 
 2.849970e+01 -3.681958e-02 
 2.850010e+01 -3.666827e-02 
 2.850050e+01 -3.649038e-02 
 2.850090e+01 -3.628415e-02 
 2.850129e+01 -3.605198e-02 
 2.850169e+01 -3.579872e-02 
 2.850209e+01 -3.553110e-02 
 2.850249e+01 -3.525301e-02 
 2.850289e+01 -3.496450e-02 
 2.850328e+01 -3.466730e-02 
 2.850368e+01 -3.435970e-02 
 2.850408e+01 -3.404213e-02 
 2.850448e+01 -3.371745e-02 
 2.850487e+01 -3.338642e-02 
 2.850527e+01 -3.305155e-02 
 2.850567e+01 -3.271185e-02 
 2.850607e+01 -3.236262e-02 
 2.850646e+01 -3.200037e-02 
 2.850686e+01 -3.162204e-02 
 2.850726e+01 -3.122731e-02 
 2.850766e+01 -3.081882e-02 
 2.850806e+01 -3.040296e-02 
 2.850845e+01 -2.998656e-02 
 2.850885e+01 -2.957315e-02 
 2.850925e+01 -2.916550e-02 
 2.850965e+01 -2.876409e-02 
 2.851004e+01 -2.837036e-02 
 2.851044e+01 -2.798591e-02 
 2.851084e+01 -2.761525e-02 
 2.851124e+01 -2.726215e-02 
 2.851163e+01 -2.693152e-02 
 2.851203e+01 -2.662598e-02 
 2.851243e+01 -2.634123e-02 
 2.851283e+01 -2.607302e-02 
 2.851323e+01 -2.581612e-02 
 2.851362e+01 -2.556830e-02 
 2.851402e+01 -2.533035e-02 
 2.851442e+01 -2.510666e-02 
 2.851482e+01 -2.490220e-02 
 2.851521e+01 -2.472241e-02 
 2.851561e+01 -2.457033e-02 
 2.851601e+01 -2.444949e-02 
 2.851641e+01 -2.435909e-02 
 2.851680e+01 -2.429714e-02 
 2.851720e+01 -2.425902e-02 
 2.851760e+01 -2.424156e-02 
 2.851800e+01 -2.423977e-02 
 2.851840e+01 -2.424794e-02 
 2.851879e+01 -2.425869e-02 
 2.851919e+01 -2.426496e-02 
 2.851959e+01 -2.426183e-02 
 2.851999e+01 -2.424783e-02 
 2.852038e+01 -2.422552e-02 
 2.852078e+01 -2.419739e-02 
 2.852118e+01 -2.416972e-02 
 2.852158e+01 -2.414697e-02 
 2.852197e+01 -2.413369e-02 
 2.852237e+01 -2.413356e-02 
 2.852277e+01 -2.414728e-02 
 2.852317e+01 -2.417530e-02 
 2.852357e+01 -2.421634e-02 
 2.852396e+01 -2.427083e-02 
 2.852436e+01 -2.433810e-02 
 2.852476e+01 -2.441612e-02 
 2.852516e+01 -2.450137e-02 
 2.852555e+01 -2.459164e-02 
 2.852595e+01 -2.468444e-02 
 2.852635e+01 -2.477967e-02 
 2.852675e+01 -2.488003e-02 
 2.852714e+01 -2.498863e-02 
 2.852754e+01 -2.510944e-02 
 2.852794e+01 -2.524803e-02 
 2.852834e+01 -2.540775e-02 
 2.852874e+01 -2.558996e-02 
 2.852913e+01 -2.579456e-02 
 2.852953e+01 -2.601996e-02 
 2.852993e+01 -2.626512e-02 
 2.853033e+01 -2.652991e-02 
 2.853072e+01 -2.681249e-02 
 2.853112e+01 -2.710851e-02 
 2.853152e+01 -2.741064e-02 
 2.853192e+01 -2.770808e-02 
 2.853231e+01 -2.798974e-02 
 2.853271e+01 -2.824674e-02 
 2.853311e+01 -2.847192e-02 
 2.853351e+01 -2.866157e-02 
 2.853391e+01 -2.881819e-02 
 2.853430e+01 -2.894587e-02 
 2.853470e+01 -2.904700e-02 
 2.853510e+01 -2.912279e-02 
 2.853550e+01 -2.917132e-02 
 2.853589e+01 -2.918645e-02 
 2.853629e+01 -2.916446e-02 
 2.853669e+01 -2.910174e-02 
 2.853709e+01 -2.899529e-02 
 2.853748e+01 -2.884187e-02 
 2.853788e+01 -2.863899e-02 
 2.853828e+01 -2.838617e-02 
 2.853868e+01 -2.808177e-02 
 2.853908e+01 -2.772654e-02 
 2.853947e+01 -2.732173e-02 
 2.853987e+01 -2.687114e-02 
 2.854027e+01 -2.638080e-02 
 2.854067e+01 -2.585701e-02 
 2.854106e+01 -2.530560e-02 
 2.854146e+01 -2.472993e-02 
 2.854186e+01 -2.413182e-02 
 2.854226e+01 -2.350791e-02 
 2.854265e+01 -2.285799e-02 
 2.854305e+01 -2.218101e-02 
 2.854345e+01 -2.147650e-02 
 2.854385e+01 -2.074697e-02 
 2.854425e+01 -1.999270e-02 
 2.854464e+01 -1.921526e-02 
 2.854504e+01 -1.841412e-02 
 2.854544e+01 -1.758886e-02 
 2.854584e+01 -1.673859e-02 
 2.854623e+01 -1.586654e-02 
 2.854663e+01 -1.497483e-02 
 2.854703e+01 -1.407115e-02 
 2.854743e+01 -1.316250e-02 
 2.854783e+01 -1.225613e-02 
 2.854822e+01 -1.135511e-02 
 2.854862e+01 -1.045996e-02 
 2.854902e+01 -9.570554e-03 
 2.854942e+01 -8.685816e-03 
 2.854981e+01 -7.803788e-03 
 2.855021e+01 -6.922336e-03 
 2.855061e+01 -6.036254e-03 
 2.855101e+01 -5.140419e-03 
 2.855140e+01 -4.230087e-03 
 2.855180e+01 -3.299908e-03 
 2.855220e+01 -2.348203e-03 
 2.855260e+01 -1.376533e-03 
 2.855300e+01 -3.929598e-04 
 2.855339e+01  5.914185e-04 
 2.855379e+01  1.564799e-03 
 2.855419e+01  2.516258e-03 
 2.855459e+01  3.437959e-03 
 2.855498e+01  4.327208e-03 
 2.855538e+01  5.182767e-03 
 2.855578e+01  6.002530e-03 
 2.855618e+01  6.784511e-03 
 2.855657e+01  7.525094e-03 
 2.855697e+01  8.218183e-03 
 2.855737e+01  8.860865e-03 
 2.855777e+01  9.450076e-03 
 2.855817e+01  9.988375e-03 
 2.855856e+01  1.047735e-02 
 2.855896e+01  1.091714e-02 
 2.855936e+01  1.130555e-02 
 2.855976e+01  1.163748e-02 
 2.856015e+01  1.190927e-02 
 2.856055e+01  1.212020e-02 
 2.856095e+01  1.227147e-02 
 2.856135e+01  1.236834e-02 
 2.856174e+01  1.241432e-02 
 2.856214e+01  1.241541e-02 
 2.856254e+01  1.237319e-02 
 2.856294e+01  1.228803e-02 
 2.856334e+01  1.215965e-02 
 2.856373e+01  1.198798e-02 
 2.856413e+01  1.177649e-02 
 2.856453e+01  1.153030e-02 
 2.856493e+01  1.125579e-02 
 2.856532e+01  1.095433e-02 
 2.856572e+01  1.062545e-02 
 2.856612e+01  1.026389e-02 
 2.856652e+01  9.863911e-03 
 2.856691e+01  9.422264e-03 
 2.856731e+01  8.937586e-03 
 2.856771e+01  8.412900e-03 
 2.856811e+01  7.853186e-03 
 2.856851e+01  7.265222e-03 
 2.856890e+01  6.656705e-03 
 2.856930e+01  6.032661e-03 
 2.856970e+01  5.396932e-03 
 2.857010e+01  4.753154e-03 
 2.857049e+01  4.105164e-03 
 2.857089e+01  3.456799e-03 
 2.857129e+01  2.810145e-03 
 2.857169e+01  2.162065e-03 
 2.857208e+01  1.504318e-03 
 2.857248e+01  8.266206e-04 
 2.857288e+01  1.181051e-04 
 2.857328e+01 -6.300735e-04 
 2.857368e+01 -1.422419e-03 
 2.857407e+01 -2.260038e-03 
 2.857447e+01 -3.140781e-03 
 2.857487e+01 -4.061101e-03 
 2.857527e+01 -5.016616e-03 
 2.857566e+01 -6.005950e-03 
 2.857606e+01 -7.027148e-03 
 2.857646e+01 -8.077575e-03 
 2.857686e+01 -9.152016e-03 
 2.857725e+01 -1.024202e-02 
 2.857765e+01 -1.133853e-02 
 2.857805e+01 -1.243496e-02 
 2.857845e+01 -1.352557e-02 
 2.857885e+01 -1.460863e-02 
 2.857924e+01 -1.568364e-02 
 2.857964e+01 -1.674933e-02 
 2.858004e+01 -1.780342e-02 
 2.858044e+01 -1.884050e-02 
 2.858083e+01 -1.985575e-02 
 2.858123e+01 -2.084319e-02 
 2.858163e+01 -2.180094e-02 
 2.858203e+01 -2.273095e-02 
 2.858242e+01 -2.363740e-02 
 2.858282e+01 -2.452283e-02 
 2.858322e+01 -2.538784e-02 
 2.858362e+01 -2.622620e-02 
 2.858402e+01 -2.702877e-02 
 2.858441e+01 -2.778886e-02 
 2.858481e+01 -2.850309e-02 
 2.858521e+01 -2.917379e-02 
 2.858561e+01 -2.980966e-02 
 2.858600e+01 -3.042002e-02 
 2.858640e+01 -3.100963e-02 
 2.858680e+01 -3.157847e-02 
 2.858720e+01 -3.211952e-02 
 2.858759e+01 -3.262336e-02 
 2.858799e+01 -3.308472e-02 
 2.858839e+01 -3.350049e-02 
 2.858879e+01 -3.387383e-02 
 2.858919e+01 -3.420874e-02 
 2.858958e+01 -3.450757e-02 
 2.858998e+01 -3.476778e-02 
 2.859038e+01 -3.498526e-02 
 2.859078e+01 -3.515704e-02 
 2.859117e+01 -3.528329e-02 
 2.859157e+01 -3.537134e-02 
 2.859197e+01 -3.543184e-02 
 2.859237e+01 -3.547530e-02 
 2.859276e+01 -3.550792e-02 
 2.859316e+01 -3.552964e-02 
 2.859356e+01 -3.553404e-02 
 2.859396e+01 -3.551272e-02 
 2.859436e+01 -3.545841e-02 
 2.859475e+01 -3.536862e-02 
 2.859515e+01 -3.524390e-02 
 2.859555e+01 -3.508633e-02 
 2.859595e+01 -3.489429e-02 
 2.859634e+01 -3.466389e-02 
 2.859674e+01 -3.438815e-02 
 2.859714e+01 -3.406222e-02 
 2.859754e+01 -3.368431e-02 
 2.859793e+01 -3.325738e-02 
 2.859833e+01 -3.279049e-02 
 2.859873e+01 -3.229292e-02 
 2.859913e+01 -3.177146e-02 
 2.859953e+01 -3.122870e-02 
 2.859992e+01 -3.066321e-02 
 2.860032e+01 -3.007452e-02 
 2.860072e+01 -2.946621e-02 
 2.860112e+01 -2.884733e-02 
 2.860151e+01 -2.822934e-02 
 2.860191e+01 -2.762280e-02 
 2.860231e+01 -2.703291e-02 
 2.860271e+01 -2.645882e-02 
 2.860310e+01 -2.589792e-02 
 2.860350e+01 -2.534730e-02 
 2.860390e+01 -2.480755e-02 
 2.860430e+01 -2.428698e-02 
 2.860470e+01 -2.379716e-02 
 2.860509e+01 -2.335130e-02 
 2.860549e+01 -2.295887e-02 
 2.860589e+01 -2.262203e-02 
 2.860629e+01 -2.233704e-02 
 2.860668e+01 -2.209699e-02 
 2.860708e+01 -2.189821e-02 
 2.860748e+01 -2.173880e-02 
 2.860788e+01 -2.161980e-02 
 2.860827e+01 -2.154459e-02 
 2.860867e+01 -2.151154e-02 
 2.860907e+01 -2.151573e-02 
 2.860947e+01 -2.155017e-02 
 2.860987e+01 -2.160973e-02 
 2.861026e+01 -2.169151e-02 
 2.861066e+01 -2.179813e-02 
 2.861106e+01 -2.193712e-02 
 2.861146e+01 -2.211606e-02 
 2.861185e+01 -2.233844e-02 
 2.861225e+01 -2.259813e-02 
 2.861265e+01 -2.288566e-02 
 2.861305e+01 -2.318898e-02 
 2.861344e+01 -2.349899e-02 
 2.861384e+01 -2.381566e-02 
 2.861424e+01 -2.414157e-02 
 2.861464e+01 -2.448075e-02 
 2.861504e+01 -2.483503e-02 
 2.861543e+01 -2.520188e-02 
 2.861583e+01 -2.557453e-02 
 2.861623e+01 -2.594535e-02 
 2.861663e+01 -2.630953e-02 
 2.861702e+01 -2.667055e-02 
 2.861742e+01 -2.703415e-02 
 2.861782e+01 -2.740955e-02 
 2.861822e+01 -2.780251e-02 
 2.861861e+01 -2.821315e-02 
 2.861901e+01 -2.863679e-02 
 2.861941e+01 -2.906639e-02 
 2.861981e+01 -2.950014e-02 
 2.862021e+01 -2.993690e-02 
 2.862060e+01 -3.038109e-02 
 2.862100e+01 -3.083538e-02 
 2.862140e+01 -3.129852e-02 
 2.862180e+01 -3.176605e-02 
 2.862219e+01 -3.222845e-02 
 2.862259e+01 -3.267901e-02 
 2.862299e+01 -3.311101e-02 
 2.862339e+01 -3.352483e-02 
 2.862378e+01 -3.392677e-02 
 2.862418e+01 -3.432338e-02 
 2.862458e+01 -3.471725e-02 
 2.862498e+01 -3.510579e-02 
 2.862538e+01 -3.548031e-02 
 2.862577e+01 -3.583136e-02 
 2.862617e+01 -3.615146e-02 
 2.862657e+01 -3.643902e-02 
 2.862697e+01 -3.669308e-02 
 2.862736e+01 -3.691466e-02 
 2.862776e+01 -3.710047e-02 
 2.862816e+01 -3.724267e-02 
 2.862856e+01 -3.733448e-02 
 2.862895e+01 -3.736591e-02 
 2.862935e+01 -3.733368e-02 
 2.862975e+01 -3.723965e-02 
 2.863015e+01 -3.709199e-02 
 2.863055e+01 -3.690081e-02 
 2.863094e+01 -3.667102e-02 
 2.863134e+01 -3.640488e-02 
 2.863174e+01 -3.609973e-02 
 2.863214e+01 -3.575271e-02 
 2.863253e+01 -3.536552e-02 
 2.863293e+01 -3.494375e-02 
 2.863333e+01 -3.449544e-02 
 2.863373e+01 -3.402969e-02 
 2.863412e+01 -3.355139e-02 
 2.863452e+01 -3.305837e-02 
 2.863492e+01 -3.254565e-02 
 2.863532e+01 -3.200640e-02 
 2.863572e+01 -3.143547e-02 
 2.863611e+01 -3.083371e-02 
 2.863651e+01 -3.020568e-02 
 2.863691e+01 -2.955919e-02 
 2.863731e+01 -2.890074e-02 
 2.863770e+01 -2.823393e-02 
 2.863810e+01 -2.755485e-02 
 2.863850e+01 -2.685755e-02 
 2.863890e+01 -2.613601e-02 
 2.863930e+01 -2.538525e-02 
 2.863969e+01 -2.460506e-02 
 2.864009e+01 -2.379696e-02 
 2.864049e+01 -2.296224e-02 
 2.864089e+01 -2.209947e-02 
 2.864128e+01 -2.120668e-02 
 2.864168e+01 -2.027895e-02 
 2.864208e+01 -1.931415e-02 
 2.864248e+01 -1.831646e-02 
 2.864287e+01 -1.729340e-02 
 2.864327e+01 -1.625325e-02 
 2.864367e+01 -1.520399e-02 
 2.864407e+01 -1.414763e-02 
 2.864447e+01 -1.307960e-02 
 2.864486e+01 -1.199335e-02 
 2.864526e+01 -1.088468e-02 
 2.864566e+01 -9.749378e-03 
 2.864606e+01 -8.590276e-03 
 2.864645e+01 -7.413530e-03 
 2.864685e+01 -6.223912e-03 
 2.864725e+01 -5.024112e-03 
 2.864765e+01 -3.813371e-03 
 2.864804e+01 -2.588905e-03 
 2.864844e+01 -1.350584e-03 
 2.864884e+01 -1.031727e-04 
 2.864924e+01  1.140090e-03 
 2.864964e+01  2.365514e-03 
 2.865003e+01  3.558811e-03 
 2.865043e+01  4.711631e-03 
 2.865083e+01  5.820062e-03 
 2.865123e+01  6.880702e-03 
 2.865162e+01  7.890968e-03 
 2.865202e+01  8.843833e-03 
 2.865242e+01  9.729947e-03 
 2.865282e+01  1.054093e-02 
 2.865321e+01  1.127462e-02 
 2.865361e+01  1.193439e-02 
 2.865401e+01  1.252919e-02 
 2.865441e+01  1.307238e-02 
 2.865481e+01  1.357471e-02 
 2.865520e+01  1.403703e-02 
 2.865560e+01  1.445596e-02 
 2.865600e+01  1.482396e-02 
 2.865640e+01  1.513418e-02 
 2.865679e+01  1.538500e-02 
 2.865719e+01  1.557722e-02 
 2.865759e+01  1.571540e-02 
 2.865799e+01  1.580318e-02 
 2.865838e+01  1.584129e-02 
 2.865878e+01  1.582905e-02 
 2.865918e+01  1.576396e-02 
 2.865958e+01  1.564386e-02 
 2.865998e+01  1.546967e-02 
 2.866037e+01  1.524606e-02 
 2.866077e+01  1.497824e-02 
 2.866117e+01  1.466732e-02 
 2.866157e+01  1.430793e-02 
 2.866196e+01  1.389376e-02 
 2.866236e+01  1.341809e-02 
 2.866276e+01  1.287590e-02 
 2.866316e+01  1.226839e-02 
 2.866355e+01  1.160160e-02 
 2.866395e+01  1.088314e-02 
 2.866435e+01  1.012064e-02 
 2.866475e+01  9.319636e-03 
 2.866515e+01  8.480471e-03 
 2.866554e+01  7.600180e-03 
 2.866594e+01  6.676012e-03 
 2.866634e+01  5.709113e-03 
 2.866674e+01  4.704048e-03 
 2.866713e+01  3.669123e-03 
 2.866753e+01  2.610876e-03 
 2.866793e+01  1.533502e-03 
 2.866833e+01  4.363828e-04 
 2.866872e+01 -6.837705e-04 
 2.866912e+01 -1.830954e-03 
 2.866952e+01 -3.006543e-03 
 2.866992e+01 -4.210193e-03 
 2.867032e+01 -5.438571e-03 
 2.867071e+01 -6.684963e-03 
 2.867111e+01 -7.944499e-03 
 2.867151e+01 -9.211875e-03 
 2.867191e+01 -1.048169e-02 
 2.867230e+01 -1.174609e-02 
 2.867270e+01 -1.299421e-02 
 2.867310e+01 -1.421206e-02 
 2.867350e+01 -1.538261e-02 
 2.867389e+01 -1.649208e-02 
 2.867429e+01 -1.753392e-02 
 2.867469e+01 -1.850817e-02 
 2.867509e+01 -1.942048e-02 
 2.867549e+01 -2.027685e-02 
 2.867588e+01 -2.108287e-02 
 2.867628e+01 -2.184076e-02 
 2.867668e+01 -2.254785e-02 
 2.867708e+01 -2.320152e-02 
 2.867747e+01 -2.380227e-02 
 2.867787e+01 -2.435481e-02 
 2.867827e+01 -2.486594e-02 
 2.867867e+01 -2.534143e-02 
 2.867906e+01 -2.578437e-02 
 2.867946e+01 -2.619294e-02 
 2.867986e+01 -2.656187e-02 
 2.868026e+01 -2.688957e-02 
 2.868066e+01 -2.717674e-02 
 2.868105e+01 -2.742951e-02 
 2.868145e+01 -2.765599e-02 
 2.868185e+01 -2.786429e-02 
 2.868225e+01 -2.805748e-02 
 2.868264e+01 -2.823300e-02 
 2.868304e+01 -2.838538e-02 
 2.868344e+01 -2.850839e-02 
 2.868384e+01 -2.859977e-02 
 2.868423e+01 -2.866265e-02 
 2.868463e+01 -2.870124e-02 
 2.868503e+01 -2.872117e-02 
 2.868543e+01 -2.872388e-02 
 2.868583e+01 -2.870645e-02 
 2.868622e+01 -2.866371e-02 
 2.868662e+01 -2.859151e-02 
 2.868702e+01 -2.848766e-02 
 2.868742e+01 -2.835599e-02 
 2.868781e+01 -2.820194e-02 
 2.868821e+01 -2.803316e-02 
 2.868861e+01 -2.785361e-02 
 2.868901e+01 -2.766574e-02 
 2.868940e+01 -2.746794e-02 
 2.868980e+01 -2.725753e-02 
 2.869020e+01 -2.703293e-02 
 2.869060e+01 -2.679471e-02 
 2.869100e+01 -2.654258e-02 
 2.869139e+01 -2.627583e-02 
 2.869179e+01 -2.599122e-02 
 2.869219e+01 -2.568248e-02 
 2.869259e+01 -2.534307e-02 
 2.869298e+01 -2.496912e-02 
 2.869338e+01 -2.456284e-02 
 2.869378e+01 -2.413180e-02 
 2.869418e+01 -2.368731e-02 
 2.869457e+01 -2.324176e-02 
 2.869497e+01 -2.280540e-02 
 2.869537e+01 -2.238482e-02 
 2.869577e+01 -2.198192e-02 
 2.869617e+01 -2.159876e-02 
 2.869656e+01 -2.123892e-02 
 2.869696e+01 -2.090830e-02 
 2.869736e+01 -2.061164e-02 
 2.869776e+01 -2.035313e-02 
 2.869815e+01 -2.013208e-02 
 2.869855e+01 -1.994477e-02 
 2.869895e+01 -1.978545e-02 
 2.869935e+01 -1.964964e-02 
 2.869974e+01 -1.953651e-02 
 2.870014e+01 -1.944699e-02 
 2.870054e+01 -1.938723e-02 
 2.870094e+01 -1.936246e-02 
 2.870134e+01 -1.937418e-02 
 2.870173e+01 -1.942011e-02 
 2.870213e+01 -1.949462e-02 
 2.870253e+01 -1.959244e-02 
 2.870293e+01 -1.971227e-02 
 2.870332e+01 -1.985714e-02 
 2.870372e+01 -2.003076e-02 
 2.870412e+01 -2.023565e-02 
 2.870452e+01 -2.046864e-02 
 2.870491e+01 -2.072233e-02 
 2.870531e+01 -2.098605e-02 
 2.870571e+01 -2.125073e-02 
 2.870611e+01 -2.151153e-02 
 2.870651e+01 -2.177156e-02 
 2.870690e+01 -2.203953e-02 
 2.870730e+01 -2.232535e-02 
 2.870770e+01 -2.263727e-02 
 2.870810e+01 -2.297794e-02 
 2.870849e+01 -2.334626e-02 
 2.870889e+01 -2.373944e-02 
 2.870929e+01 -2.415778e-02 
 2.870969e+01 -2.460394e-02 
 2.871008e+01 -2.508087e-02 
 2.871048e+01 -2.559144e-02 
 2.871088e+01 -2.613371e-02 
 2.871128e+01 -2.670202e-02 
 2.871168e+01 -2.728808e-02 
 2.871207e+01 -2.788684e-02 
 2.871247e+01 -2.849775e-02 
 2.871287e+01 -2.912512e-02 
 2.871327e+01 -2.977741e-02 
 2.871366e+01 -3.046231e-02 
 2.871406e+01 -3.118386e-02 
 2.871446e+01 -3.193962e-02 
 2.871486e+01 -3.272297e-02 
 2.871525e+01 -3.352599e-02 
 2.871565e+01 -3.434276e-02 
 2.871605e+01 -3.516809e-02 
 2.871645e+01 -3.599861e-02 
 2.871685e+01 -3.683078e-02 
 2.871724e+01 -3.765812e-02 
 2.871764e+01 -3.847245e-02 
 2.871804e+01 -3.926325e-02 
 2.871844e+01 -4.002193e-02 
 2.871883e+01 -4.074270e-02 
 2.871923e+01 -4.142373e-02 
 2.871963e+01 -4.206578e-02 
 2.872003e+01 -4.267035e-02 
 2.872042e+01 -4.323722e-02 
 2.872082e+01 -4.376228e-02 
 2.872122e+01 -4.424172e-02 
 2.872162e+01 -4.467024e-02 
 2.872202e+01 -4.504690e-02 
 2.872241e+01 -4.537260e-02 
 2.872281e+01 -4.564721e-02 
 2.872321e+01 -4.586988e-02 
 2.872361e+01 -4.603460e-02 
 2.872400e+01 -4.613259e-02 
 2.872440e+01 -4.615294e-02 
 2.872480e+01 -4.608829e-02 
 2.872520e+01 -4.593627e-02 
 2.872559e+01 -4.570226e-02 
 2.872599e+01 -4.539515e-02 
 2.872639e+01 -4.502599e-02 
 2.872679e+01 -4.460392e-02 
 2.872719e+01 -4.413446e-02 
 2.872758e+01 -4.362026e-02 
 2.872798e+01 -4.306190e-02 
 2.872838e+01 -4.246134e-02 
 2.872878e+01 -4.182327e-02 
 2.872917e+01 -4.115282e-02 
 2.872957e+01 -4.045369e-02 
 2.872997e+01 -3.972465e-02 
 2.873037e+01 -3.896078e-02 
 2.873077e+01 -3.815418e-02 
 2.873116e+01 -3.729942e-02 
 2.873156e+01 -3.639516e-02 
 2.873196e+01 -3.544457e-02 
 2.873236e+01 -3.445542e-02 
 2.873275e+01 -3.343463e-02 
 2.873315e+01 -3.238691e-02 
 2.873355e+01 -3.131075e-02 
 2.873395e+01 -3.020028e-02 
 2.873434e+01 -2.905119e-02 
 2.873474e+01 -2.786216e-02 
 2.873514e+01 -2.663624e-02 
 2.873554e+01 -2.538006e-02 
 2.873594e+01 -2.409939e-02 
 2.873633e+01 -2.279719e-02 
 2.873673e+01 -2.147188e-02 
 2.873713e+01 -2.012124e-02 
 2.873753e+01 -1.874414e-02 
 2.873792e+01 -1.734342e-02 
 2.873832e+01 -1.592731e-02 
 2.873872e+01 -1.450720e-02 
 2.873912e+01 -1.309693e-02 
 2.873951e+01 -1.170563e-02 
 2.873991e+01 -1.033806e-02 
 2.874031e+01 -8.995281e-03 
 2.874071e+01 -7.678565e-03 
 2.874111e+01 -6.391507e-03 
 2.874150e+01 -5.138648e-03 
 2.874190e+01 -3.926508e-03 
 2.874230e+01 -2.756893e-03 
 2.874270e+01 -1.627642e-03 
 2.874309e+01 -5.322624e-04 
 2.874349e+01  5.365499e-04 
 2.874389e+01  1.583547e-03 
 2.874429e+01  2.608009e-03 
 2.874468e+01  3.601914e-03 
 2.874508e+01  4.551607e-03 
 2.874548e+01  5.442465e-03 
 2.874588e+01  6.264702e-03 
 2.874628e+01  7.013720e-03 
 2.874667e+01  7.688130e-03 
 2.874707e+01  8.289325e-03 
 2.874747e+01  8.817813e-03 
 2.874787e+01  9.270880e-03 
 2.874826e+01  9.648791e-03 
 2.874866e+01  9.953763e-03 
 2.874906e+01  1.019306e-02 
 2.874946e+01  1.038036e-02 
 2.874985e+01  1.053084e-02 
 2.875025e+01  1.065624e-02 
 2.875065e+01  1.076180e-02 
 2.875105e+01  1.084580e-02 
 2.875145e+01  1.090278e-02 
 2.875184e+01  1.092919e-02 
 2.875224e+01  1.092432e-02 
 2.875264e+01  1.089287e-02 
 2.875304e+01  1.084067e-02 
 2.875343e+01  1.076973e-02 
 2.875383e+01  1.067952e-02 
 2.875423e+01  1.056266e-02 
 2.875463e+01  1.040944e-02 
 2.875502e+01  1.021298e-02 
 2.875542e+01  9.970518e-03 
 2.875582e+01  9.687237e-03 
 2.875622e+01  9.370321e-03 
 2.875662e+01  9.024943e-03 
 2.875701e+01  8.651972e-03 
 2.875741e+01  8.246590e-03 
 2.875781e+01  7.799329e-03 
 2.875821e+01  7.302567e-03 
 2.875860e+01  6.753103e-03 
 2.875900e+01  6.151705e-03 
 2.875940e+01  5.501492e-03 
 2.875980e+01  4.807273e-03 
 2.876019e+01  4.071118e-03 
 2.876059e+01  3.295549e-03 
 2.876099e+01  2.482589e-03 
 2.876139e+01  1.635862e-03 
 2.876179e+01  7.633444e-04 
 2.876218e+01 -1.217285e-04 
 2.876258e+01 -1.007040e-03 
 2.876298e+01 -1.884042e-03 
 2.876338e+01 -2.750737e-03 
 2.876377e+01 -3.615681e-03 
 2.876417e+01 -4.488449e-03 
 2.876457e+01 -5.377279e-03 
 2.876497e+01 -6.284595e-03 
 2.876536e+01 -7.206943e-03 
 2.876576e+01 -8.138960e-03 
 2.876616e+01 -9.072738e-03 
 2.876656e+01 -1.000318e-02 
 2.876696e+01 -1.092699e-02 
 2.876735e+01 -1.184019e-02 
 2.876775e+01 -1.273818e-02 
 2.876815e+01 -1.361183e-02 
 2.876855e+01 -1.444892e-02 
 2.876894e+01 -1.523661e-02 
 2.876934e+01 -1.596620e-02 
 2.876974e+01 -1.663656e-02 
 2.877014e+01 -1.725260e-02 
 2.877053e+01 -1.782235e-02 
 2.877093e+01 -1.835210e-02 
 2.877133e+01 -1.884473e-02 
 2.877173e+01 -1.929807e-02 
 2.877213e+01 -1.971032e-02 
 2.877252e+01 -2.008103e-02 
 2.877292e+01 -2.041463e-02 
 2.877332e+01 -2.072058e-02 
 2.877372e+01 -2.101103e-02 
 2.877411e+01 -2.129476e-02 
 2.877451e+01 -2.157329e-02 
 2.877491e+01 -2.184055e-02 
 2.877531e+01 -2.208562e-02 
 2.877570e+01 -2.229846e-02 
 2.877610e+01 -2.247417e-02 
 2.877650e+01 -2.261478e-02 
 2.877690e+01 -2.272749e-02 
 2.877730e+01 -2.281848e-02 
 2.877769e+01 -2.288949e-02 
 2.877809e+01 -2.293910e-02 
 2.877849e+01 -2.296098e-02 
 2.877889e+01 -2.295000e-02 
 2.877928e+01 -2.290415e-02 
 2.877968e+01 -2.282420e-02 
 2.878008e+01 -2.271292e-02 
 2.878048e+01 -2.257163e-02 
 2.878087e+01 -2.239543e-02 
 2.878127e+01 -2.217358e-02 
 2.878167e+01 -2.189546e-02 
 2.878207e+01 -2.155492e-02 
 2.878247e+01 -2.115463e-02 
 2.878286e+01 -2.070718e-02 
 2.878326e+01 -2.022895e-02 
 2.878366e+01 -1.973767e-02 
 2.878406e+01 -1.924223e-02 
 2.878445e+01 -1.874542e-02 
 2.878485e+01 -1.824566e-02 
 2.878525e+01 -1.773877e-02 
 2.878565e+01 -1.722608e-02 
 2.878604e+01 -1.671113e-02 
 2.878644e+01 -1.620315e-02 
 2.878684e+01 -1.570836e-02 
 2.878724e+01 -1.522773e-02 
 2.878764e+01 -1.475656e-02 
 2.878803e+01 -1.428886e-02 
 2.878843e+01 -1.382079e-02 
 2.878883e+01 -1.335759e-02 
 2.878923e+01 -1.290939e-02 
 2.878962e+01 -1.249155e-02 
 2.879002e+01 -1.211701e-02 
 2.879042e+01 -1.179518e-02 
 2.879082e+01 -1.152666e-02 
 2.879121e+01 -1.131130e-02 
 2.879161e+01 -1.114844e-02 
 2.879201e+01 -1.104120e-02 
 2.879241e+01 -1.099714e-02 
 2.879281e+01 -1.102663e-02 
 2.879320e+01 -1.113422e-02 
 2.879360e+01 -1.131699e-02 
 2.879400e+01 -1.156204e-02 
 2.879440e+01 -1.185246e-02 
 2.879479e+01 -1.217590e-02 
 2.879519e+01 -1.252471e-02 
 2.879559e+01 -1.290126e-02 
 2.879599e+01 -1.331196e-02 
 2.879638e+01 -1.376079e-02 
 2.879678e+01 -1.425101e-02 
 2.879718e+01 -1.477966e-02 
 2.879758e+01 -1.533899e-02 
 2.879798e+01 -1.592332e-02 
 2.879837e+01 -1.652945e-02 
 2.879877e+01 -1.716045e-02 
 2.879917e+01 -1.781852e-02 
 2.879957e+01 -1.850611e-02 
 2.879996e+01 -1.921734e-02 
 2.880036e+01 -1.994042e-02 
 2.880076e+01 -2.066190e-02 
 2.880116e+01 -2.137370e-02 
 2.880155e+01 -2.207444e-02 
 2.880195e+01 -2.277128e-02 
 2.880235e+01 -2.347708e-02 
 2.880275e+01 -2.420435e-02 
 2.880315e+01 -2.496134e-02 
 2.880354e+01 -2.574650e-02 
 2.880394e+01 -2.655190e-02 
 2.880434e+01 -2.736897e-02 
 2.880474e+01 -2.819330e-02 
 2.880513e+01 -2.902725e-02 
 2.880553e+01 -2.987646e-02 
 2.880593e+01 -3.074669e-02 
 2.880633e+01 -3.163649e-02 
 2.880672e+01 -3.253826e-02 
 2.880712e+01 -3.344196e-02 
 2.880752e+01 -3.433658e-02 
 2.880792e+01 -3.521631e-02 
 2.880832e+01 -3.608150e-02 
 2.880871e+01 -3.693885e-02 
 2.880911e+01 -3.779461e-02 
 2.880951e+01 -3.864941e-02 
 2.880991e+01 -3.949977e-02 
 2.881030e+01 -4.033438e-02 
 2.881070e+01 -4.114344e-02 
 2.881110e+01 -4.192101e-02 
 2.881150e+01 -4.266718e-02 
 2.881189e+01 -4.338412e-02 
 2.881229e+01 -4.407317e-02 
 2.881269e+01 -4.472788e-02 
 2.881309e+01 -4.533593e-02 
 2.881349e+01 -4.588241e-02 
 2.881388e+01 -4.635477e-02 
 2.881428e+01 -4.674758e-02 
 2.881468e+01 -4.706796e-02 
 2.881508e+01 -4.732895e-02 
 2.881547e+01 -4.754303e-02 
 2.881587e+01 -4.772071e-02 
 2.881627e+01 -4.786348e-02 
 2.881667e+01 -4.796560e-02 
 2.881706e+01 -4.802299e-02 
 2.881746e+01 -4.803227e-02 
 2.881786e+01 -4.799611e-02 
 2.881826e+01 -4.792203e-02 
 2.881866e+01 -4.781441e-02 
 2.881905e+01 -4.767119e-02 
 2.881945e+01 -4.748317e-02 
 2.881985e+01 -4.723965e-02 
 2.882025e+01 -4.693221e-02 
 2.882064e+01 -4.656023e-02 
 2.882104e+01 -4.613314e-02 
 2.882144e+01 -4.566469e-02 
 2.882184e+01 -4.516744e-02 
 2.882224e+01 -4.465088e-02 
 2.882263e+01 -4.411724e-02 
 2.882303e+01 -4.356165e-02 
 2.882343e+01 -4.297940e-02 
 2.882383e+01 -4.236810e-02 
 2.882422e+01 -4.173086e-02 
 2.882462e+01 -4.107448e-02 
 2.882502e+01 -4.040518e-02 
 2.882542e+01 -3.972258e-02 
 2.882581e+01 -3.901966e-02 
 2.882621e+01 -3.828627e-02 
 2.882661e+01 -3.751036e-02 
 2.882701e+01 -3.668452e-02 
 2.882741e+01 -3.580880e-02 
 2.882780e+01 -3.488721e-02 
 2.882820e+01 -3.392630e-02 
 2.882860e+01 -3.292942e-02 
 2.882900e+01 -3.189629e-02 
 2.882939e+01 -3.082210e-02 
 2.882979e+01 -2.970381e-02 
 2.883019e+01 -2.854153e-02 
 2.883059e+01 -2.733980e-02 
 2.883098e+01 -2.610806e-02 
 2.883138e+01 -2.485517e-02 
 2.883178e+01 -2.358527e-02 
 2.883218e+01 -2.229812e-02 
 2.883258e+01 -2.098803e-02 
 2.883297e+01 -1.965298e-02 
 2.883337e+01 -1.829630e-02 
 2.883377e+01 -1.692974e-02 
 2.883417e+01 -1.556923e-02 
 2.883456e+01 -1.423133e-02 
 2.883496e+01 -1.293021e-02 
 2.883536e+01 -1.167246e-02 
 2.883576e+01 -1.045776e-02 
 2.883615e+01 -9.284196e-03 
 2.883655e+01 -8.146378e-03 
 2.883695e+01 -7.044099e-03 
 2.883735e+01 -5.978778e-03 
 2.883775e+01 -4.952881e-03 
 2.883814e+01 -3.967350e-03 
 2.883854e+01 -3.019337e-03 
 2.883894e+01 -2.104933e-03 
 2.883934e+01 -1.219823e-03 
 2.883973e+01 -3.629708e-04 
 2.884013e+01  4.615147e-04 
 2.884053e+01  1.243496e-03 
 2.884093e+01  1.972787e-03 
 2.884132e+01  2.641126e-03 
 2.884172e+01  3.247534e-03 
 2.884212e+01  3.795898e-03 
 2.884252e+01  4.289560e-03 
 2.884292e+01  4.728419e-03 
 2.884331e+01  5.109058e-03 
 2.884371e+01  5.424435e-03 
 2.884411e+01  5.669630e-03 
 2.884451e+01  5.846667e-03 
 2.884490e+01  5.962164e-03 
 2.884530e+01  6.029946e-03 
 2.884570e+01  6.066618e-03 
 2.884610e+01  6.085086e-03 
 2.884649e+01  6.088915e-03 
 2.884689e+01  6.074266e-03 
 2.884729e+01  6.033768e-03 
 2.884769e+01  5.961314e-03 
 2.884809e+01  5.854317e-03 
 2.884848e+01  5.714531e-03 
 2.884888e+01  5.544794e-03 
 2.884928e+01  5.345068e-03 
 2.884968e+01  5.110201e-03 
 2.885007e+01  4.833985e-03 
 2.885047e+01  4.509007e-03 
 2.885087e+01  4.131777e-03 
 2.885127e+01  3.704028e-03 
 2.885166e+01  3.235026e-03 
 2.885206e+01  2.733522e-03 
 2.885246e+01  2.206976e-03 
 2.885286e+01  1.653876e-03 
 2.885326e+01  1.069182e-03 
 2.885365e+01  4.441861e-04 
 2.885405e+01 -2.266022e-04 
 2.885445e+01 -9.397964e-04 
 2.885485e+01 -1.685226e-03 
 2.885524e+01 -2.447262e-03 
 2.885564e+01 -3.210861e-03 
 2.885604e+01 -3.965842e-03 
 2.885644e+01 -4.704914e-03 
 2.885683e+01 -5.427566e-03 
 2.885723e+01 -6.133261e-03 
 2.885763e+01 -6.816586e-03 
 2.885803e+01 -7.470415e-03 
 2.885843e+01 -8.085549e-03 
 2.885882e+01 -8.656193e-03 
 2.885922e+01 -9.184692e-03 
 2.885962e+01 -9.678661e-03 
 2.886002e+01 -1.014794e-02 
 2.886041e+01 -1.060003e-02 
 2.886081e+01 -1.103603e-02 
 2.886121e+01 -1.145400e-02 
 2.886161e+01 -1.184833e-02 
 2.886200e+01 -1.221594e-02 
 2.886240e+01 -1.255481e-02 
 2.886280e+01 -1.286956e-02 
 2.886320e+01 -1.316611e-02 
 2.886360e+01 -1.344477e-02 
 2.886399e+01 -1.370127e-02 
 2.886439e+01 -1.392619e-02 
 2.886479e+01 -1.410770e-02 
 2.886519e+01 -1.423581e-02 
 2.886558e+01 -1.430792e-02 
 2.886598e+01 -1.433173e-02 
 2.886638e+01 -1.431735e-02 
 2.886678e+01 -1.427810e-02 
 2.886717e+01 -1.422481e-02 
 2.886757e+01 -1.416383e-02 
 2.886797e+01 -1.409407e-02 
 2.886837e+01 -1.401549e-02 
 2.886877e+01 -1.393123e-02 
 2.886916e+01 -1.384486e-02 
 2.886956e+01 -1.376162e-02 
 2.886996e+01 -1.368605e-02 
 2.887036e+01 -1.361854e-02 
 2.887075e+01 -1.355458e-02 
 2.887115e+01 -1.348483e-02 
 2.887155e+01 -1.340371e-02 
 2.887195e+01 -1.330898e-02 
 2.887234e+01 -1.320192e-02 
 2.887274e+01 -1.308748e-02 
 2.887314e+01 -1.297021e-02 
 2.887354e+01 -1.285046e-02 
 2.887394e+01 -1.272104e-02 
 2.887433e+01 -1.257399e-02 
 2.887473e+01 -1.239982e-02 
 2.887513e+01 -1.219379e-02 
 2.887553e+01 -1.195709e-02 
 2.887592e+01 -1.169611e-02 
 2.887632e+01 -1.141756e-02 
 2.887672e+01 -1.112638e-02 
 2.887712e+01 -1.082398e-02 
 2.887751e+01 -1.050941e-02 
 2.887791e+01 -1.018140e-02 
 2.887831e+01 -9.841187e-03 
 2.887871e+01 -9.495601e-03 
 2.887911e+01 -9.154689e-03 
 2.887950e+01 -8.827989e-03 
 2.887990e+01 -8.521445e-03 
 2.888030e+01 -8.238065e-03 
 2.888070e+01 -7.976729e-03 
 2.888109e+01 -7.734329e-03 
 2.888149e+01 -7.512786e-03 
 2.888189e+01 -7.315492e-03 
 2.888229e+01 -7.148322e-03 
 2.888268e+01 -7.016440e-03 
 2.888308e+01 -6.921614e-03 
 2.888348e+01 -6.858786e-03 
 2.888388e+01 -6.817643e-03 
 2.888428e+01 -6.790131e-03 
 2.888467e+01 -6.773361e-03 
 2.888507e+01 -6.770166e-03 
 2.888547e+01 -6.789636e-03 
 2.888587e+01 -6.841964e-03 
 2.888626e+01 -6.936940e-03 
 2.888666e+01 -7.075873e-03 
 2.888706e+01 -7.257003e-03 
 2.888746e+01 -7.476668e-03 
 2.888785e+01 -7.729784e-03 
 2.888825e+01 -8.017360e-03 
 2.888865e+01 -8.340237e-03 
 2.888905e+01 -8.701089e-03 
 2.888945e+01 -9.095131e-03 
 2.888984e+01 -9.516512e-03 
 2.889024e+01 -9.956154e-03 
 2.889064e+01 -1.040701e-02 
 2.889104e+01 -1.086642e-02 
 2.889143e+01 -1.133572e-02 
 2.889183e+01 -1.182312e-02 
 2.889223e+01 -1.233645e-02 
 2.889263e+01 -1.287994e-02 
 2.889302e+01 -1.345416e-02 
 2.889342e+01 -1.405285e-02 
 2.889382e+01 -1.467032e-02 
 2.889422e+01 -1.530345e-02 
 2.889462e+01 -1.595631e-02 
 2.889501e+01 -1.663396e-02 
 2.889541e+01 -1.734492e-02 
 2.889581e+01 -1.809512e-02 
 2.889621e+01 -1.888398e-02 
 2.889660e+01 -1.970703e-02 
 2.889700e+01 -2.055641e-02 
 2.889740e+01 -2.142550e-02 
 2.889780e+01 -2.231253e-02 
 2.889819e+01 -2.321941e-02 
 2.889859e+01 -2.415001e-02 
 2.889899e+01 -2.510857e-02 
 2.889939e+01 -2.609629e-02 
 2.889979e+01 -2.710893e-02 
 2.890018e+01 -2.814077e-02 
 2.890058e+01 -2.918633e-02 
 2.890098e+01 -3.024325e-02 
 2.890138e+01 -3.130894e-02 
 2.890177e+01 -3.238512e-02 
 2.890217e+01 -3.346793e-02 
 2.890257e+01 -3.455088e-02 
 2.890297e+01 -3.562329e-02 
 2.890336e+01 -3.667411e-02 
 2.890376e+01 -3.769554e-02 
 2.890416e+01 -3.868381e-02 
 2.890456e+01 -3.963897e-02 
 2.890496e+01 -4.056305e-02 
 2.890535e+01 -4.145845e-02 
 2.890575e+01 -4.232275e-02 
 2.890615e+01 -4.315083e-02 
 2.890655e+01 -4.393208e-02 
 2.890694e+01 -4.465910e-02 
 2.890734e+01 -4.532494e-02 
 2.890774e+01 -4.592795e-02 
 2.890814e+01 -4.646967e-02 
 2.890853e+01 -4.695292e-02 
 2.890893e+01 -4.737451e-02 
 2.890933e+01 -4.773198e-02 
 2.890973e+01 -4.802197e-02 
 2.891013e+01 -4.824332e-02 
 2.891052e+01 -4.840028e-02 
 2.891092e+01 -4.850032e-02 
 2.891132e+01 -4.855300e-02 
 2.891172e+01 -4.856810e-02 
 2.891211e+01 -4.855179e-02 
 2.891251e+01 -4.850607e-02 
 2.891291e+01 -4.842786e-02 
 2.891331e+01 -4.831310e-02 
 2.891371e+01 -4.816079e-02 
 2.891410e+01 -4.797327e-02 
 2.891450e+01 -4.775551e-02 
 2.891490e+01 -4.750749e-02 
 2.891530e+01 -4.722875e-02 
 2.891569e+01 -4.691386e-02 
 2.891609e+01 -4.655445e-02 
 2.891649e+01 -4.614268e-02 
 2.891689e+01 -4.567819e-02 
 2.891728e+01 -4.516133e-02 
 2.891768e+01 -4.459884e-02 
 2.891808e+01 -4.399965e-02 
 2.891848e+01 -4.337126e-02 
 2.891888e+01 -4.271576e-02 
 2.891927e+01 -4.203301e-02 
 2.891967e+01 -4.132187e-02 
 2.892007e+01 -4.058552e-02 
 2.892047e+01 -3.982837e-02 
 2.892086e+01 -3.905476e-02 
 2.892126e+01 -3.826699e-02 
 2.892166e+01 -3.746383e-02 
 2.892206e+01 -3.664099e-02 
 2.892245e+01 -3.578844e-02 
 2.892285e+01 -3.490287e-02 
 2.892325e+01 -3.398547e-02 
 2.892365e+01 -3.303840e-02 
 2.892405e+01 -3.206941e-02 
 2.892444e+01 -3.108374e-02 
 2.892484e+01 -3.008432e-02 
 2.892524e+01 -2.906995e-02 
 2.892564e+01 -2.803943e-02 
 2.892603e+01 -2.699303e-02 
 2.892643e+01 -2.593402e-02 
 2.892683e+01 -2.487152e-02 
 2.892723e+01 -2.381685e-02 
 2.892762e+01 -2.277879e-02 
 2.892802e+01 -2.176462e-02 
 2.892842e+01 -2.077668e-02 
 2.892882e+01 -1.981383e-02 
 2.892922e+01 -1.887647e-02 
 2.892961e+01 -1.796592e-02 
 2.893001e+01 -1.708639e-02 
 2.893041e+01 -1.624389e-02 
 2.893081e+01 -1.544436e-02 
 2.893120e+01 -1.468699e-02 
 2.893160e+01 -1.397112e-02 
 2.893200e+01 -1.329281e-02 
 2.893240e+01 -1.264683e-02 
 2.893279e+01 -1.202945e-02 
 2.893319e+01 -1.143894e-02 
 2.893359e+01 -1.087319e-02 
 2.893399e+01 -1.033031e-02 
 2.893439e+01 -9.806584e-03 
 2.893478e+01 -9.295133e-03 
 2.893518e+01 -8.786003e-03 
 2.893558e+01 -8.273189e-03 
 2.893598e+01 -7.753093e-03 
 2.893637e+01 -7.230883e-03 
 2.893677e+01 -6.715970e-03 
 2.893717e+01 -6.218426e-03 
 2.893757e+01 -5.745418e-03 
 2.893796e+01 -5.301990e-03 
 2.893836e+01 -4.889021e-03 
 2.893876e+01 -4.504389e-03 
 2.893916e+01 -4.149622e-03 
 2.893956e+01 -3.826927e-03 
 2.893995e+01 -3.539141e-03 
 2.894035e+01 -3.287830e-03 
 2.894075e+01 -3.072123e-03 
 2.894115e+01 -2.883893e-03 
 2.894154e+01 -2.713276e-03 
 2.894194e+01 -2.552666e-03 
 2.894234e+01 -2.399268e-03 
 2.894274e+01 -2.253173e-03 
 2.894313e+01 -2.121795e-03 
 2.894353e+01 -2.011964e-03 
 2.894393e+01 -1.928639e-03 
 2.894433e+01 -1.875210e-03 
 2.894473e+01 -1.850115e-03 
 2.894512e+01 -1.853815e-03 
 2.894552e+01 -1.887509e-03 
 2.894592e+01 -1.956582e-03 
 2.894632e+01 -2.067409e-03 
 2.894671e+01 -2.228221e-03 
 2.894711e+01 -2.443262e-03 
 2.894751e+01 -2.709376e-03 
 2.894791e+01 -3.021623e-03 
 2.894830e+01 -3.371936e-03 
 2.894870e+01 -3.750567e-03 
 2.894910e+01 -4.150333e-03 
 2.894950e+01 -4.567159e-03 
 2.894990e+01 -4.996665e-03 
 2.895029e+01 -5.434382e-03 
 2.895069e+01 -5.877977e-03 
 2.895109e+01 -6.320051e-03 
 2.895149e+01 -6.756409e-03 
 2.895188e+01 -7.183136e-03 
 2.895228e+01 -7.597456e-03 
 2.895268e+01 -7.997283e-03 
 2.895308e+01 -8.380640e-03 
 2.895347e+01 -8.743922e-03 
 2.895387e+01 -9.079270e-03 
 2.895427e+01 -9.384166e-03 
 2.895467e+01 -9.656805e-03 
 2.895507e+01 -9.896251e-03 
 2.895546e+01 -1.010837e-02 
 2.895586e+01 -1.030043e-02 
 2.895626e+01 -1.048126e-02 
 2.895666e+01 -1.065677e-02 
 2.895705e+01 -1.083131e-02 
 2.895745e+01 -1.100530e-02 
 2.895785e+01 -1.117721e-02 
 2.895825e+01 -1.134537e-02 
 2.895864e+01 -1.150706e-02 
 2.895904e+01 -1.165931e-02 
 2.895944e+01 -1.179691e-02 
 2.895984e+01 -1.191655e-02 
 2.896024e+01 -1.201323e-02 
 2.896063e+01 -1.208169e-02 
 2.896103e+01 -1.211683e-02 
 2.896143e+01 -1.211472e-02 
 2.896183e+01 -1.207461e-02 
 2.896222e+01 -1.199817e-02 
 2.896262e+01 -1.188990e-02 
 2.896302e+01 -1.175603e-02 
 2.896342e+01 -1.160019e-02 
 2.896381e+01 -1.142604e-02 
 2.896421e+01 -1.123599e-02 
 2.896461e+01 -1.103523e-02 
 2.896501e+01 -1.082471e-02 
 2.896541e+01 -1.060979e-02 
 2.896580e+01 -1.039416e-02 
 2.896620e+01 -1.018128e-02 
 2.896660e+01 -9.968750e-03 
 2.896700e+01 -9.751202e-03 
 2.896739e+01 -9.518013e-03 
 2.896779e+01 -9.258713e-03 
 2.896819e+01 -8.966357e-03 
 2.896859e+01 -8.638599e-03 
 2.896898e+01 -8.276510e-03 
 2.896938e+01 -7.885024e-03 
 2.896978e+01 -7.469333e-03 
 2.897018e+01 -7.034994e-03 
 2.897058e+01 -6.588477e-03 
 2.897097e+01 -6.133891e-03 
 2.897137e+01 -5.676244e-03 
 2.897177e+01 -5.220475e-03 
 2.897217e+01 -4.772077e-03 
 2.897256e+01 -4.334952e-03 
 2.897296e+01 -3.913860e-03 
 2.897336e+01 -3.510260e-03 
 2.897376e+01 -3.127192e-03 
 2.897415e+01 -2.765965e-03 
 2.897455e+01 -2.432252e-03 
 2.897495e+01 -2.131523e-03 
 2.897535e+01 -1.869941e-03 
 2.897575e+01 -1.654736e-03 
 2.897614e+01 -1.490114e-03 
 2.897654e+01 -1.378439e-03 
 2.897694e+01 -1.317451e-03 
 2.897734e+01 -1.303129e-03 
 2.897773e+01 -1.330119e-03 
 2.897813e+01 -1.395019e-03 
 2.897853e+01 -1.493756e-03 
 2.897893e+01 -1.625196e-03 
 2.897932e+01 -1.789365e-03 
 2.897972e+01 -1.984070e-03 
 2.898012e+01 -2.205309e-03 
 2.898052e+01 -2.451810e-03 
 2.898092e+01 -2.719870e-03 
 2.898131e+01 -3.008509e-03 
 2.898171e+01 -3.317574e-03 
 2.898211e+01 -3.647919e-03 
 2.898251e+01 -4.001564e-03 
 2.898290e+01 -4.379928e-03 
 2.898330e+01 -4.783996e-03 
 2.898370e+01 -5.212837e-03 
 2.898410e+01 -5.666549e-03 
 2.898449e+01 -6.146498e-03 
 2.898489e+01 -6.652467e-03 
 2.898529e+01 -7.183836e-03 
 2.898569e+01 -7.737204e-03 
 2.898609e+01 -8.305510e-03 
 2.898648e+01 -8.881590e-03 
 2.898688e+01 -9.459084e-03 
 2.898728e+01 -1.003424e-02 
 2.898768e+01 -1.060662e-02 
 2.898807e+01 -1.118004e-02 
 2.898847e+01 -1.176113e-02 
 2.898887e+01 -1.235787e-02 
 2.898927e+01 -1.297712e-02 
 2.898966e+01 -1.362415e-02 
 2.899006e+01 -1.430217e-02 
 2.899046e+01 -1.501069e-02 
 2.899086e+01 -1.575133e-02 
 2.899126e+01 -1.652365e-02 
 2.899165e+01 -1.732640e-02 
 2.899205e+01 -1.815593e-02 
 2.899245e+01 -1.900818e-02 
 2.899285e+01 -1.987669e-02 
 2.899324e+01 -2.075389e-02 
 2.899364e+01 -2.163230e-02 
 2.899404e+01 -2.250858e-02 
 2.899444e+01 -2.338270e-02 
 2.899483e+01 -2.425582e-02 
 2.899523e+01 -2.513093e-02 
 2.899563e+01 -2.601032e-02 
 2.899603e+01 -2.689414e-02 
 2.899643e+01 -2.777821e-02 
 2.899682e+01 -2.865944e-02 
 2.899722e+01 -2.953407e-02 
 2.899762e+01 -3.039817e-02 
 2.899802e+01 -3.125052e-02 
 2.899841e+01 -3.209176e-02 
 2.899881e+01 -3.292098e-02 
 2.899921e+01 -3.373429e-02 
 2.899961e+01 -3.452928e-02 
 2.900000e+01 -3.530061e-02 
 2.900040e+01 -3.604544e-02 
 2.900080e+01 -3.676268e-02 
 2.900120e+01 -3.745237e-02 
 2.900160e+01 -3.811681e-02 
 2.900199e+01 -3.875720e-02 
 2.900239e+01 -3.937493e-02 
 2.900279e+01 -3.997145e-02 
 2.900319e+01 -4.054621e-02 
 2.900358e+01 -4.110147e-02 
 2.900398e+01 -4.163702e-02 
 2.900438e+01 -4.215250e-02 
 2.900478e+01 -4.264458e-02 
 2.900517e+01 -4.310886e-02 
 2.900557e+01 -4.354281e-02 
 2.900597e+01 -4.394395e-02 
 2.900637e+01 -4.431159e-02 
 2.900677e+01 -4.464825e-02 
 2.900716e+01 -4.495884e-02 
 2.900756e+01 -4.525030e-02 
 2.900796e+01 -4.552795e-02 
 2.900836e+01 -4.579576e-02 
 2.900875e+01 -4.605234e-02 
 2.900915e+01 -4.629326e-02 
 2.900955e+01 -4.651328e-02 
 2.900995e+01 -4.670584e-02 
 2.901035e+01 -4.686536e-02 
 2.901074e+01 -4.698398e-02 
 2.901114e+01 -4.705405e-02 
 2.901154e+01 -4.706726e-02 
 2.901194e+01 -4.701555e-02 
 2.901233e+01 -4.689180e-02 
 2.901273e+01 -4.669274e-02 
 2.901313e+01 -4.641855e-02 
 2.901353e+01 -4.607342e-02 
 2.901392e+01 -4.566474e-02 
 2.901432e+01 -4.520170e-02 
 2.901472e+01 -4.469203e-02 
 2.901512e+01 -4.413990e-02 
 2.901552e+01 -4.354845e-02 
 2.901591e+01 -4.291839e-02 
 2.901631e+01 -4.225116e-02 
 2.901671e+01 -4.155131e-02 
 2.901711e+01 -4.082342e-02 
 2.901750e+01 -4.007311e-02 
 2.901790e+01 -3.929937e-02 
 2.901830e+01 -3.850041e-02 
 2.901870e+01 -3.767215e-02 
 2.901909e+01 -3.680993e-02 
 2.901949e+01 -3.591310e-02 
 2.901989e+01 -3.498176e-02 
 2.902029e+01 -3.402182e-02 
 2.902069e+01 -3.304356e-02 
 2.902108e+01 -3.205611e-02 
 2.902148e+01 -3.106711e-02 
 2.902188e+01 -3.008046e-02 
 2.902228e+01 -2.910010e-02 
 2.902267e+01 -2.812926e-02 
 2.902307e+01 -2.717185e-02 
 2.902347e+01 -2.623121e-02 
 2.902387e+01 -2.531154e-02 
 2.902426e+01 -2.441539e-02 
 2.902466e+01 -2.354324e-02 
 2.902506e+01 -2.269525e-02 
 2.902546e+01 -2.187089e-02 
 2.902586e+01 -2.106970e-02 
 2.902625e+01 -2.029262e-02 
 2.902665e+01 -1.954352e-02 
 2.902705e+01 -1.882650e-02 
 2.902745e+01 -1.814320e-02 
 2.902784e+01 -1.749162e-02 
 2.902824e+01 -1.686979e-02 
 2.902864e+01 -1.627212e-02 
 2.902904e+01 -1.569097e-02 
 2.902943e+01 -1.512112e-02 
 2.902983e+01 -1.455721e-02 
 2.903023e+01 -1.399742e-02 
 2.903063e+01 -1.344088e-02 
 2.903103e+01 -1.288632e-02 
 2.903142e+01 -1.233151e-02 
 2.903182e+01 -1.177973e-02 
 2.903222e+01 -1.123650e-02 
 2.903262e+01 -1.070942e-02 
 2.903301e+01 -1.020878e-02 
 2.903341e+01 -9.744574e-03 
 2.903381e+01 -9.324858e-03 
 2.903421e+01 -8.956552e-03 
 2.903460e+01 -8.642411e-03 
 2.903500e+01 -8.385006e-03 
 2.903540e+01 -8.183159e-03 
 2.903580e+01 -8.035079e-03 
 2.903620e+01 -7.938527e-03 
 2.903659e+01 -7.889984e-03 
 2.903699e+01 -7.882144e-03 
 2.903739e+01 -7.905909e-03 
 2.903779e+01 -7.947572e-03 
 2.903818e+01 -7.996002e-03 
 2.903858e+01 -8.042657e-03 
 2.903898e+01 -8.086812e-03 
 2.903938e+01 -8.133268e-03 
 2.903977e+01 -8.187467e-03 
 2.904017e+01 -8.256534e-03 
 2.904057e+01 -8.344573e-03 
 2.904097e+01 -8.455523e-03 
 2.904137e+01 -8.588845e-03 
 2.904176e+01 -8.743314e-03 
 2.904216e+01 -8.916624e-03 
 2.904256e+01 -9.104957e-03 
 2.904296e+01 -9.305882e-03 
 2.904335e+01 -9.518848e-03 
 2.904375e+01 -9.739002e-03 
 2.904415e+01 -9.957604e-03 
 2.904455e+01 -1.016611e-02 
 2.904494e+01 -1.035840e-02 
 2.904534e+01 -1.052966e-02 
 2.904574e+01 -1.068054e-02 
 2.904614e+01 -1.081161e-02 
 2.904654e+01 -1.092475e-02 
 2.904693e+01 -1.102072e-02 
 2.904733e+01 -1.109977e-02 
 2.904773e+01 -1.116006e-02 
 2.904813e+01 -1.120005e-02 
 2.904852e+01 -1.121885e-02 
 2.904892e+01 -1.121699e-02 
 2.904932e+01 -1.119759e-02 
 2.904972e+01 -1.116566e-02 
 2.905011e+01 -1.112422e-02 
 2.905051e+01 -1.107578e-02 
 2.905091e+01 -1.102204e-02 
 2.905131e+01 -1.096575e-02 
 2.905171e+01 -1.091303e-02 
 2.905210e+01 -1.087099e-02 
 2.905250e+01 -1.084576e-02 
 2.905290e+01 -1.084365e-02 
 2.905330e+01 -1.086733e-02 
 2.905369e+01 -1.091778e-02 
 2.905409e+01 -1.099078e-02 
 2.905449e+01 -1.108106e-02 
 2.905489e+01 -1.118323e-02 
 2.905528e+01 -1.128896e-02 
 2.905568e+01 -1.139249e-02 
 2.905608e+01 -1.148378e-02 
 2.905648e+01 -1.155134e-02 
 2.905688e+01 -1.158245e-02 
 2.905727e+01 -1.156951e-02 
 2.905767e+01 -1.151097e-02 
 2.905807e+01 -1.141094e-02 
 2.905847e+01 -1.127984e-02 
 2.905886e+01 -1.112828e-02 
 2.905926e+01 -1.096293e-02 
 2.905966e+01 -1.079064e-02 
 2.906006e+01 -1.061220e-02 
 2.906045e+01 -1.042544e-02 
 2.906085e+01 -1.022662e-02 
 2.906125e+01 -1.001498e-02 
 2.906165e+01 -9.791548e-03 
 2.906205e+01 -9.555733e-03 
 2.906244e+01 -9.307845e-03 
 2.906284e+01 -9.041334e-03 
 2.906324e+01 -8.749966e-03 
 2.906364e+01 -8.427236e-03 
 2.906403e+01 -8.070798e-03 
 2.906443e+01 -7.682977e-03 
 2.906483e+01 -7.268112e-03 
 2.906523e+01 -6.833014e-03 
 2.906562e+01 -6.384167e-03 
 2.906602e+01 -5.926945e-03 
 2.906642e+01 -5.462949e-03 
 2.906682e+01 -4.991993e-03 
 2.906722e+01 -4.515425e-03 
 2.906761e+01 -4.037085e-03 
 2.906801e+01 -3.565605e-03 
 2.906841e+01 -3.111484e-03 
 2.906881e+01 -2.681351e-03 
 2.906920e+01 -2.277491e-03 
 2.906960e+01 -1.896988e-03 
 2.907000e+01 -1.536232e-03 
 2.907040e+01 -1.189862e-03 
 2.907079e+01 -8.553197e-04 
 2.907119e+01 -5.333177e-04 
 2.907159e+01 -2.276282e-04 
 2.907199e+01  5.768024e-05 
 2.907239e+01  3.195222e-04 
 2.907278e+01  5.582506e-04 
 2.907318e+01  7.771480e-04 
 2.907358e+01  9.790252e-04 
 2.907398e+01  1.166071e-03 
 2.907437e+01  1.338268e-03 
 2.907477e+01  1.495365e-03 
 2.907517e+01  1.640684e-03 
 2.907557e+01  1.777760e-03 
 2.907596e+01  1.910718e-03 
 2.907636e+01  2.039478e-03 
 2.907676e+01  2.162441e-03 
 2.907716e+01  2.269675e-03 
 2.907756e+01  2.350450e-03 
 2.907795e+01  2.393458e-03 
 2.907835e+01  2.387332e-03 
 2.907875e+01  2.326788e-03 
 2.907915e+01  2.212450e-03 
 2.907954e+01  2.046022e-03 
 2.907994e+01  1.826800e-03 
 2.908034e+01  1.554770e-03 
 2.908074e+01  1.227104e-03 
 2.908113e+01  8.425143e-04 
 2.908153e+01  4.029816e-04 
 2.908193e+01 -8.458495e-05 
 2.908233e+01 -6.127982e-04 
 2.908273e+01 -1.176812e-03 
 2.908312e+01 -1.774005e-03 
 2.908352e+01 -2.410068e-03 
 2.908392e+01 -3.095783e-03 
 2.908432e+01 -3.840996e-03 
 2.908471e+01 -4.651460e-03 
 2.908511e+01 -5.524442e-03 
 2.908551e+01 -6.451681e-03 
 2.908591e+01 -7.423229e-03 
 2.908630e+01 -8.432079e-03 
 2.908670e+01 -9.480019e-03 
 2.908710e+01 -1.057211e-02 
 2.908750e+01 -1.171063e-02 
 2.908790e+01 -1.289188e-02 
 2.908829e+01 -1.410552e-02 
 2.908869e+01 -1.533577e-02 
 2.908909e+01 -1.656248e-02 
 2.908949e+01 -1.777041e-02 
 2.908988e+01 -1.895480e-02 
 2.909028e+01 -2.011668e-02 
 2.909068e+01 -2.126077e-02 
 2.909108e+01 -2.239341e-02 
 2.909147e+01 -2.351583e-02 
 2.909187e+01 -2.462420e-02 
 2.909227e+01 -2.571325e-02 
 2.909267e+01 -2.678173e-02 
 2.909307e+01 -2.783110e-02 
 2.909346e+01 -2.886493e-02 
 2.909386e+01 -2.988566e-02 
 2.909426e+01 -3.089199e-02 
 2.909466e+01 -3.187672e-02 
 2.909505e+01 -3.283156e-02 
 2.909545e+01 -3.374979e-02 
 2.909585e+01 -3.462941e-02 
 2.909625e+01 -3.547389e-02 
 2.909664e+01 -3.629052e-02 
 2.909704e+01 -3.708676e-02 
 2.909744e+01 -3.786812e-02 
 2.909784e+01 -3.863359e-02 
 2.909824e+01 -3.937785e-02 
 2.909863e+01 -4.009264e-02 
 2.909903e+01 -4.077239e-02 
 2.909943e+01 -4.141635e-02 
 2.909983e+01 -4.202769e-02 
 2.910022e+01 -4.260688e-02 
 2.910062e+01 -4.315259e-02 
 2.910102e+01 -4.366063e-02 
 2.910142e+01 -4.412593e-02 
 2.910182e+01 -4.454433e-02 
 2.910221e+01 -4.491782e-02 
 2.910261e+01 -4.525402e-02 
 2.910301e+01 -4.556285e-02 
 2.910341e+01 -4.585169e-02 
 2.910380e+01 -4.612307e-02 
 2.910420e+01 -4.637176e-02 
 2.910460e+01 -4.658837e-02 
 2.910500e+01 -4.676098e-02 
 2.910539e+01 -4.688404e-02 
 2.910579e+01 -4.695572e-02 
 2.910619e+01 -4.697926e-02 
 2.910659e+01 -4.695621e-02 
 2.910699e+01 -4.688610e-02 
 2.910738e+01 -4.676128e-02 
 2.910778e+01 -4.657225e-02 
 2.910818e+01 -4.630934e-02 
 2.910858e+01 -4.597142e-02 
 2.910897e+01 -4.556426e-02 
 2.910937e+01 -4.510338e-02 
 2.910977e+01 -4.460523e-02 
 2.911017e+01 -4.408541e-02 
 2.911056e+01 -4.355120e-02 
 2.911096e+01 -4.300676e-02 
 2.911136e+01 -4.245100e-02 
 2.911176e+01 -4.188457e-02 
 2.911216e+01 -4.131247e-02 
 2.911255e+01 -4.074173e-02 
 2.911295e+01 -4.017663e-02 
 2.911335e+01 -3.961733e-02 
 2.911375e+01 -3.906056e-02 
 2.911414e+01 -3.849747e-02 
 2.911454e+01 -3.791616e-02 
 2.911494e+01 -3.730937e-02 
 2.911534e+01 -3.667482e-02 
 2.911573e+01 -3.601654e-02 
 2.911613e+01 -3.534283e-02 
 2.911653e+01 -3.466163e-02 
 2.911693e+01 -3.397513e-02 
 2.911733e+01 -3.328043e-02 
 2.911772e+01 -3.257240e-02 
 2.911812e+01 -3.184720e-02 
 2.911852e+01 -3.110455e-02 
 2.911892e+01 -3.034761e-02 
 2.911931e+01 -2.958269e-02 
 2.911971e+01 -2.881581e-02 
 2.912011e+01 -2.805128e-02 
 2.912051e+01 -2.728801e-02 
 2.912090e+01 -2.652465e-02 
 2.912130e+01 -2.575906e-02 
 2.912170e+01 -2.499212e-02 
 2.912210e+01 -2.422999e-02 
 2.912250e+01 -2.347690e-02 
 2.912289e+01 -2.273315e-02 
 2.912329e+01 -2.199641e-02 
 2.912369e+01 -2.126242e-02 
 2.912409e+01 -2.052544e-02 
 2.912448e+01 -1.978452e-02 
 2.912488e+01 -1.904217e-02 
 2.912528e+01 -1.830488e-02 
 2.912568e+01 -1.757662e-02 
 2.912607e+01 -1.686140e-02 
 2.912647e+01 -1.615887e-02 
 2.912687e+01 -1.546416e-02 
 2.912727e+01 -1.477574e-02 
 2.912767e+01 -1.409999e-02 
 2.912806e+01 -1.344842e-02 
 2.912846e+01 -1.283862e-02 
 2.912886e+01 -1.228622e-02 
 2.912926e+01 -1.180473e-02 
 2.912965e+01 -1.139967e-02 
 2.913005e+01 -1.106878e-02 
 2.913045e+01 -1.080948e-02 
 2.913085e+01 -1.062070e-02 
 2.913124e+01 -1.050087e-02 
 2.913164e+01 -1.044932e-02 
 2.913204e+01 -1.046467e-02 
 2.913244e+01 -1.054097e-02 
 2.913284e+01 -1.066563e-02 
 2.913323e+01 -1.082099e-02 
 2.913363e+01 -1.099098e-02 
 2.913403e+01 -1.115973e-02 
 2.913443e+01 -1.132248e-02 
 2.913482e+01 -1.148359e-02 
 2.913522e+01 -1.165278e-02 
 2.913562e+01 -1.183787e-02 
 2.913602e+01 -1.204615e-02 
 2.913641e+01 -1.227753e-02 
 2.913681e+01 -1.252528e-02 
 2.913721e+01 -1.278512e-02 
 2.913761e+01 -1.305297e-02 
 2.913801e+01 -1.333241e-02 
 2.913840e+01 -1.362944e-02 
 2.913880e+01 -1.394970e-02 
 2.913920e+01 -1.429438e-02 
 2.913960e+01 -1.465671e-02 
 2.913999e+01 -1.502477e-02 
 2.914039e+01 -1.538679e-02 
 2.914079e+01 -1.573477e-02 
 2.914119e+01 -1.606842e-02 
 2.914158e+01 -1.638975e-02 
 2.914198e+01 -1.670290e-02 
 2.914238e+01 -1.700900e-02 
 2.914278e+01 -1.730649e-02 
 2.914318e+01 -1.758958e-02 
 2.914357e+01 -1.785289e-02 
 2.914397e+01 -1.809176e-02 
 2.914437e+01 -1.830773e-02 
 2.914477e+01 -1.850557e-02 
 2.914516e+01 -1.868964e-02 
 2.914556e+01 -1.885990e-02 
 2.914596e+01 -1.901254e-02 
 2.914636e+01 -1.914181e-02 
 2.914675e+01 -1.924489e-02 
 2.914715e+01 -1.932293e-02 
 2.914755e+01 -1.938239e-02 
 2.914795e+01 -1.943133e-02 
 2.914835e+01 -1.947434e-02 
 2.914874e+01 -1.951156e-02 
 2.914914e+01 -1.953433e-02 
 2.914954e+01 -1.953186e-02 
 2.914994e+01 -1.949031e-02 
 2.915033e+01 -1.940269e-02 
 2.915073e+01 -1.926353e-02 
 2.915113e+01 -1.907285e-02 
 2.915153e+01 -1.882937e-02 
 2.915192e+01 -1.852778e-02 
 2.915232e+01 -1.815915e-02 
 2.915272e+01 -1.771540e-02 
 2.915312e+01 -1.719233e-02 
 2.915352e+01 -1.659689e-02 
 2.915391e+01 -1.594105e-02 
 2.915431e+01 -1.524178e-02 
 2.915471e+01 -1.451508e-02 
 2.915511e+01 -1.376854e-02 
 2.915550e+01 -1.300348e-02 
 2.915590e+01 -1.221814e-02 
 2.915630e+01 -1.141364e-02 
 2.915670e+01 -1.059476e-02 
 2.915709e+01 -9.772627e-03 
 2.915749e+01 -8.963461e-03 
 2.915789e+01 -8.176604e-03 
 2.915829e+01 -7.414136e-03 
 2.915869e+01 -6.666775e-03 
 2.915908e+01 -5.920497e-03 
 2.915948e+01 -5.166607e-03 
 2.915988e+01 -4.400706e-03 
 2.916028e+01 -3.627422e-03 
 2.916067e+01 -2.857434e-03 
 2.916107e+01 -2.102919e-03 
 2.916147e+01 -1.371446e-03 
 2.916187e+01 -6.665056e-04 
 2.916226e+01  1.305816e-05 
 2.916266e+01  6.704345e-04 
 2.916306e+01  1.304773e-03 
 2.916346e+01  1.911375e-03 
 2.916386e+01  2.479107e-03 
 2.916425e+01  3.001548e-03 
 2.916465e+01  3.478004e-03 
 2.916505e+01  3.914563e-03 
 2.916545e+01  4.322719e-03 
 2.916584e+01  4.710520e-03 
 2.916624e+01  5.083320e-03 
 2.916664e+01  5.441307e-03 
 2.916704e+01  5.778377e-03 
 2.916743e+01  6.088713e-03 
 2.916783e+01  6.370539e-03 
 2.916823e+01  6.627222e-03 
 2.916863e+01  6.866678e-03 
 2.916903e+01  7.095781e-03 
 2.916942e+01  7.319093e-03 
 2.916982e+01  7.532976e-03 
 2.917022e+01  7.731301e-03 
 2.917062e+01  7.906455e-03 
 2.917101e+01  8.054904e-03 
 2.917141e+01  8.174178e-03 
 2.917181e+01  8.266078e-03 
 2.917221e+01  8.328620e-03 
 2.917260e+01  8.359351e-03 
 2.917300e+01  8.349433e-03 
 2.917340e+01  8.289213e-03 
 2.917380e+01  8.172146e-03 
 2.917420e+01  7.994536e-03 
 2.917459e+01  7.759108e-03 
 2.917499e+01  7.471113e-03 
 2.917539e+01  7.133236e-03 
 2.917579e+01  6.743640e-03 
 2.917618e+01  6.294982e-03 
 2.917658e+01  5.781890e-03 
 2.917698e+01  5.201754e-03 
 2.917738e+01  4.560273e-03 
 2.917777e+01  3.874009e-03 
 2.917817e+01  3.158018e-03 
 2.917857e+01  2.422682e-03 
 2.917897e+01  1.673452e-03 
 2.917937e+01  9.071053e-04 
 2.917976e+01  1.118051e-04 
 2.918016e+01 -7.242612e-04 
 2.918056e+01 -1.606772e-03 
 2.918096e+01 -2.534180e-03 
 2.918135e+01 -3.499762e-03 
 2.918175e+01 -4.495215e-03 
 2.918215e+01 -5.514269e-03 
 2.918255e+01 -6.559015e-03 
 2.918294e+01 -7.632067e-03 
 2.918334e+01 -8.733924e-03 
 2.918374e+01 -9.859793e-03 
 2.918414e+01 -1.100159e-02 
 2.918454e+01 -1.214450e-02 
 2.918493e+01 -1.327591e-02 
 2.918533e+01 -1.438737e-02 
 2.918573e+01 -1.547939e-02 
 2.918613e+01 -1.656037e-02 
 2.918652e+01 -1.764107e-02 
 2.918692e+01 -1.872822e-02 
 2.918732e+01 -1.982339e-02 
 2.918772e+01 -2.092397e-02 
 2.918811e+01 -2.202419e-02 
 2.918851e+01 -2.312115e-02 
 2.918891e+01 -2.421721e-02 
 2.918931e+01 -2.531686e-02 
 2.918971e+01 -2.642763e-02 
 2.919010e+01 -2.755246e-02 
 2.919050e+01 -2.869117e-02 
 2.919090e+01 -2.983973e-02 
 2.919130e+01 -3.099170e-02 
 2.919169e+01 -3.213771e-02 
 2.919209e+01 -3.327231e-02 
 2.919249e+01 -3.439315e-02 
 2.919289e+01 -3.549477e-02 
 2.919329e+01 -3.657227e-02 
 2.919368e+01 -3.761970e-02 
 2.919408e+01 -3.862965e-02 
 2.919448e+01 -3.959659e-02 
 2.919488e+01 -4.051653e-02 
 2.919527e+01 -4.138934e-02 
 2.919567e+01 -4.221396e-02 
 2.919607e+01 -4.298877e-02 
 2.919647e+01 -4.370904e-02 
 2.919686e+01 -4.436823e-02 
 2.919726e+01 -4.496008e-02 
 2.919766e+01 -4.548016e-02 
 2.919806e+01 -4.592467e-02 
 2.919846e+01 -4.629779e-02 
 2.919885e+01 -4.660537e-02 
 2.919925e+01 -4.685260e-02 
 2.919965e+01 -4.704162e-02 
 2.920005e+01 -4.717202e-02 
 2.920044e+01 -4.723890e-02 
 2.920084e+01 -4.723891e-02 
 2.920124e+01 -4.717019e-02 
 2.920164e+01 -4.703186e-02 
 2.920203e+01 -4.682661e-02 
 2.920243e+01 -4.655684e-02 
 2.920283e+01 -4.622325e-02 
 2.920323e+01 -4.582318e-02 
 2.920363e+01 -4.535319e-02 
 2.920402e+01 -4.481218e-02 
 2.920442e+01 -4.420208e-02 
 2.920482e+01 -4.353277e-02 
 2.920522e+01 -4.282381e-02 
 2.920561e+01 -4.209313e-02 
 2.920601e+01 -4.135479e-02 
 2.920641e+01 -4.061713e-02 
 2.920681e+01 -3.988003e-02 
 2.920720e+01 -3.914012e-02 
 2.920760e+01 -3.839688e-02 
 2.920800e+01 -3.765266e-02 
 2.920840e+01 -3.691663e-02 
 2.920880e+01 -3.619848e-02 
 2.920919e+01 -3.550293e-02 
 2.920959e+01 -3.482980e-02 
 2.920999e+01 -3.416849e-02 
 2.921039e+01 -3.350505e-02 
 2.921078e+01 -3.282539e-02 
 2.921118e+01 -3.212132e-02 
 2.921158e+01 -3.139047e-02 
 2.921198e+01 -3.064005e-02 
 2.921237e+01 -2.987647e-02 
 2.921277e+01 -2.910792e-02 
 2.921317e+01 -2.833672e-02 
 2.921357e+01 -2.756573e-02 
 2.921397e+01 -2.679512e-02 
 2.921436e+01 -2.602820e-02 
 2.921476e+01 -2.527287e-02 
 2.921516e+01 -2.453919e-02 
 2.921556e+01 -2.383504e-02 
 2.921595e+01 -2.316576e-02 
 2.921635e+01 -2.253206e-02 
 2.921675e+01 -2.193109e-02 
 2.921715e+01 -2.135673e-02 
 2.921754e+01 -2.080999e-02 
 2.921794e+01 -2.029324e-02 
 2.921834e+01 -1.981013e-02 
 2.921874e+01 -1.936743e-02 
 2.921914e+01 -1.896651e-02 
 2.921953e+01 -1.860478e-02 
 2.921993e+01 -1.827768e-02 
 2.922033e+01 -1.798079e-02 
 2.922073e+01 -1.771269e-02 
 2.922112e+01 -1.747458e-02 
 2.922152e+01 -1.726751e-02 
 2.922192e+01 -1.709422e-02 
 2.922232e+01 -1.695681e-02 
 2.922271e+01 -1.685269e-02 
 2.922311e+01 -1.678027e-02 
 2.922351e+01 -1.673832e-02 
 2.922391e+01 -1.673233e-02 
 2.922431e+01 -1.677110e-02 
 2.922470e+01 -1.686275e-02 
 2.922510e+01 -1.701212e-02 
 2.922550e+01 -1.721879e-02 
 2.922590e+01 -1.747290e-02 
 2.922629e+01 -1.776565e-02 
 2.922669e+01 -1.808661e-02 
 2.922709e+01 -1.842921e-02 
 2.922749e+01 -1.879179e-02 
 2.922788e+01 -1.917161e-02 
 2.922828e+01 -1.956419e-02 
 2.922868e+01 -1.996084e-02 
 2.922908e+01 -2.034584e-02 
 2.922948e+01 -2.070074e-02 
 2.922987e+01 -2.101224e-02 
 2.923027e+01 -2.127523e-02 
 2.923067e+01 -2.149324e-02 
 2.923107e+01 -2.167468e-02 
 2.923146e+01 -2.183322e-02 
 2.923186e+01 -2.198012e-02 
 2.923226e+01 -2.212193e-02 
 2.923266e+01 -2.226237e-02 
 2.923305e+01 -2.240467e-02 
 2.923345e+01 -2.255220e-02 
 2.923385e+01 -2.271261e-02 
 2.923425e+01 -2.289483e-02 
 2.923465e+01 -2.310404e-02 
 2.923504e+01 -2.333823e-02 
 2.923544e+01 -2.359013e-02 
 2.923584e+01 -2.384350e-02 
 2.923624e+01 -2.408446e-02 
 2.923663e+01 -2.430615e-02 
 2.923703e+01 -2.450625e-02 
 2.923743e+01 -2.468935e-02 
 2.923783e+01 -2.485943e-02 
 2.923822e+01 -2.502129e-02 
 2.923862e+01 -2.517421e-02 
 2.923902e+01 -2.531449e-02 
 2.923942e+01 -2.543251e-02 
 2.923982e+01 -2.552388e-02 
 2.924021e+01 -2.558905e-02 
 2.924061e+01 -2.563078e-02 
 2.924101e+01 -2.565386e-02 
 2.924141e+01 -2.565935e-02 
 2.924180e+01 -2.564522e-02 
 2.924220e+01 -2.560649e-02 
 2.924260e+01 -2.553948e-02 
 2.924300e+01 -2.544532e-02 
 2.924339e+01 -2.532076e-02 
 2.924379e+01 -2.516602e-02 
 2.924419e+01 -2.497983e-02 
 2.924459e+01 -2.475787e-02 
 2.924499e+01 -2.449485e-02 
 2.924538e+01 -2.418210e-02 
 2.924578e+01 -2.381427e-02 
 2.924618e+01 -2.338935e-02 
 2.924658e+01 -2.291069e-02 
 2.924697e+01 -2.238087e-02 
 2.924737e+01 -2.179728e-02 
 2.924777e+01 -2.115758e-02 
 2.924817e+01 -2.045438e-02 
 2.924856e+01 -1.968224e-02 
 2.924896e+01 -1.884371e-02 
 2.924936e+01 -1.794542e-02 
 2.924976e+01 -1.700183e-02 
 2.925016e+01 -1.602821e-02 
 2.925055e+01 -1.503852e-02 
 2.925095e+01 -1.404186e-02 
 2.925135e+01 -1.304462e-02 
 2.925175e+01 -1.204793e-02 
 2.925214e+01 -1.105573e-02 
 2.925254e+01 -1.007248e-02 
 2.925294e+01 -9.106851e-03 
 2.925334e+01 -8.163189e-03 
 2.925373e+01 -7.242670e-03 
 2.925413e+01 -6.338976e-03 
 2.925453e+01 -5.441631e-03 
 2.925493e+01 -4.535059e-03 
 2.925533e+01 -3.611475e-03 
 2.925572e+01 -2.665130e-03 
 2.925612e+01 -1.696820e-03 
 2.925652e+01 -7.157813e-04 
 2.925692e+01  2.691975e-04 
 2.925731e+01  1.247783e-03 
 2.925771e+01  2.216043e-03 
 2.925811e+01  3.174027e-03 
 2.925851e+01  4.120229e-03 
 2.925890e+01  5.051000e-03 
 2.925930e+01  5.961355e-03 
 2.925970e+01  6.842288e-03 
 2.926010e+01  7.683873e-03 
 2.926050e+01  8.480389e-03 
 2.926089e+01  9.229804e-03 
 2.926129e+01  9.932908e-03 
 2.926169e+01  1.059441e-02 
 2.926209e+01  1.122394e-02 
 2.926248e+01  1.182645e-02 
 2.926288e+01  1.240150e-02 
 2.926328e+01  1.294655e-02 
 2.926368e+01  1.345544e-02 
 2.926407e+01  1.392291e-02 
 2.926447e+01  1.434227e-02 
 2.926487e+01  1.470965e-02 
 2.926527e+01  1.502172e-02 
 2.926567e+01  1.527266e-02 
 2.926606e+01  1.545751e-02 
 2.926646e+01  1.557083e-02 
 2.926686e+01  1.560686e-02 
 2.926726e+01  1.556347e-02 
 2.926765e+01  1.543945e-02 
 2.926805e+01  1.523682e-02 
 2.926845e+01  1.495744e-02 
 2.926885e+01  1.460148e-02 
 2.926924e+01  1.417045e-02 
 2.926964e+01  1.366197e-02 
 2.927004e+01  1.307493e-02 
 2.927044e+01  1.240923e-02 
 2.927084e+01  1.166857e-02 
 2.927123e+01  1.085654e-02 
 2.927163e+01  9.977904e-03 
 2.927203e+01  9.037955e-03 
 2.927243e+01  8.041946e-03 
 2.927282e+01  6.999402e-03 
 2.927322e+01  5.922619e-03 
 2.927362e+01  4.825788e-03 
 2.927402e+01  3.721637e-03 
 2.927441e+01  2.618540e-03 
 2.927481e+01  1.520740e-03 
 2.927521e+01  4.243121e-04 
 2.927561e+01 -6.756885e-04 
 2.927601e+01 -1.785150e-03 
 2.927640e+01 -2.907752e-03 
 2.927680e+01 -4.042740e-03 
 2.927720e+01 -5.186079e-03 
 2.927760e+01 -6.336254e-03 
 2.927799e+01 -7.492211e-03 
 2.927839e+01 -8.656429e-03 
 2.927879e+01 -9.831789e-03 
 2.927919e+01 -1.101980e-02 
 2.927958e+01 -1.221744e-02 
 2.927998e+01 -1.341474e-02 
 2.928038e+01 -1.459904e-02 
 2.928078e+01 -1.575780e-02 
 2.928118e+01 -1.688191e-02 
 2.928157e+01 -1.796639e-02 
 2.928197e+01 -1.901345e-02 
 2.928237e+01 -2.003011e-02 
 2.928277e+01 -2.102505e-02 
 2.928316e+01 -2.200563e-02 
 2.928356e+01 -2.297719e-02 
 2.928396e+01 -2.394360e-02 
 2.928436e+01 -2.490583e-02 
 2.928476e+01 -2.586234e-02 
 2.928515e+01 -2.681671e-02 
 2.928555e+01 -2.776984e-02 
 2.928595e+01 -2.872157e-02 
 2.928635e+01 -2.966790e-02 
 2.928674e+01 -3.060072e-02 
 2.928714e+01 -3.150812e-02 
 2.928754e+01 -3.237903e-02 
 2.928794e+01 -3.320515e-02 
 2.928833e+01 -3.398167e-02 
 2.928873e+01 -3.470874e-02 
 2.928913e+01 -3.538699e-02 
 2.928953e+01 -3.601709e-02 
 2.928993e+01 -3.659770e-02 
 2.929032e+01 -3.712568e-02 
 2.929072e+01 -3.759743e-02 
 2.929112e+01 -3.800841e-02 
 2.929152e+01 -3.835572e-02 
 2.929191e+01 -3.863799e-02 
 2.929231e+01 -3.885793e-02 
 2.929271e+01 -3.901964e-02 
 2.929311e+01 -3.912769e-02 
 2.929350e+01 -3.918840e-02 
 2.929390e+01 -3.920813e-02 
 2.929430e+01 -3.919196e-02 
 2.929470e+01 -3.914575e-02 
 2.929510e+01 -3.907183e-02 
 2.929549e+01 -3.897113e-02 
 2.929589e+01 -3.884042e-02 
 2.929629e+01 -3.867840e-02 
 2.929669e+01 -3.848525e-02 
 2.929708e+01 -3.826534e-02 
 2.929748e+01 -3.802209e-02 
 2.929788e+01 -3.776153e-02 
 2.929828e+01 -3.748516e-02 
 2.929867e+01 -3.719153e-02 
 2.929907e+01 -3.687691e-02 
 2.929947e+01 -3.653360e-02 
 2.929987e+01 -3.615739e-02 
 2.930027e+01 -3.574518e-02 
 2.930066e+01 -3.530162e-02 
 2.930106e+01 -3.483553e-02 
 2.930146e+01 -3.435758e-02 
 2.930186e+01 -3.387732e-02 
 2.930225e+01 -3.339922e-02 
 2.930265e+01 -3.292595e-02 
 2.930305e+01 -3.245932e-02 
 2.930345e+01 -3.200051e-02 
 2.930384e+01 -3.155293e-02 
 2.930424e+01 -3.111636e-02 
 2.930464e+01 -3.069016e-02 
 2.930504e+01 -3.027070e-02 
 2.930544e+01 -2.984727e-02 
 2.930583e+01 -2.940884e-02 
 2.930623e+01 -2.894282e-02 
 2.930663e+01 -2.843982e-02 
 2.930703e+01 -2.789651e-02 
 2.930742e+01 -2.731649e-02 
 2.930782e+01 -2.670759e-02 
 2.930822e+01 -2.607789e-02 
 2.930862e+01 -2.543714e-02 
 2.930901e+01 -2.479401e-02 
 2.930941e+01 -2.415561e-02 
 2.930981e+01 -2.352832e-02 
 2.931021e+01 -2.291932e-02 
 2.931061e+01 -2.233497e-02 
 2.931100e+01 -2.178262e-02 
 2.931140e+01 -2.126843e-02 
 2.931180e+01 -2.079834e-02 
 2.931220e+01 -2.037784e-02 
 2.931259e+01 -2.001215e-02 
 2.931299e+01 -1.970412e-02 
 2.931339e+01 -1.945141e-02 
 2.931379e+01 -1.925238e-02 
 2.931418e+01 -1.910313e-02 
 2.931458e+01 -1.900013e-02 
 2.931498e+01 -1.894095e-02 
 2.931538e+01 -1.892692e-02 
 2.931578e+01 -1.896074e-02 
 2.931617e+01 -1.904393e-02 
 2.931657e+01 -1.917746e-02 
 2.931697e+01 -1.936113e-02 
 2.931737e+01 -1.958898e-02 
 2.931776e+01 -1.985358e-02 
 2.931816e+01 -2.014818e-02 
 2.931856e+01 -2.046819e-02 
 2.931896e+01 -2.081110e-02 
 2.931935e+01 -2.117817e-02 
 2.931975e+01 -2.157316e-02 
 2.932015e+01 -2.199930e-02 
 2.932055e+01 -2.245804e-02 
 2.932095e+01 -2.294685e-02 
 2.932134e+01 -2.346472e-02 
 2.932174e+01 -2.401033e-02 
 2.932214e+01 -2.458241e-02 
 2.932254e+01 -2.518108e-02 
 2.932293e+01 -2.580255e-02 
 2.932333e+01 -2.643993e-02 
 2.932373e+01 -2.708247e-02 
 2.932413e+01 -2.771499e-02 
 2.932452e+01 -2.832073e-02 
 2.932492e+01 -2.888654e-02 
 2.932532e+01 -2.940382e-02 
 2.932572e+01 -2.987048e-02 
 2.932612e+01 -3.029122e-02 
 2.932651e+01 -3.067678e-02 
 2.932691e+01 -3.103826e-02 
 2.932731e+01 -3.138397e-02 
 2.932771e+01 -3.172221e-02 
 2.932810e+01 -3.205646e-02 
 2.932850e+01 -3.239089e-02 
 2.932890e+01 -3.272677e-02 
 2.932930e+01 -3.306697e-02 
 2.932969e+01 -3.341128e-02 
 2.933009e+01 -3.375718e-02 
 2.933049e+01 -3.410021e-02 
 2.933089e+01 -3.443266e-02 
 2.933129e+01 -3.474477e-02 
 2.933168e+01 -3.502710e-02 
 2.933208e+01 -3.526964e-02 
 2.933248e+01 -3.546337e-02 
 2.933288e+01 -3.560132e-02 
 2.933327e+01 -3.567938e-02 
 2.933367e+01 -3.569333e-02 
 2.933407e+01 -3.564233e-02 
 2.933447e+01 -3.552941e-02 
 2.933486e+01 -3.535850e-02 
 2.933526e+01 -3.513078e-02 
 2.933566e+01 -3.484692e-02 
 2.933606e+01 -3.450583e-02 
 2.933646e+01 -3.410742e-02 
 2.933685e+01 -3.364936e-02 
 2.933725e+01 -3.313163e-02 
 2.933765e+01 -3.255792e-02 
 2.933805e+01 -3.193364e-02 
 2.933844e+01 -3.126224e-02 
 2.933884e+01 -3.054775e-02 
 2.933924e+01 -2.979063e-02 
 2.933964e+01 -2.898716e-02 
 2.934003e+01 -2.813545e-02 
 2.934043e+01 -2.723773e-02 
 2.934083e+01 -2.629999e-02 
 2.934123e+01 -2.532909e-02 
 2.934163e+01 -2.433320e-02 
 2.934202e+01 -2.331490e-02 
 2.934242e+01 -2.227235e-02 
 2.934282e+01 -2.120131e-02 
 2.934322e+01 -2.009642e-02 
 2.934361e+01 -1.895597e-02 
 2.934401e+01 -1.778449e-02 
 2.934441e+01 -1.659179e-02 
 2.934481e+01 -1.539184e-02 
 2.934520e+01 -1.419823e-02 
 2.934560e+01 -1.302146e-02 
 2.934600e+01 -1.186750e-02 
 2.934640e+01 -1.073959e-02 
 2.934680e+01 -9.639146e-03 
 2.934719e+01 -8.571628e-03 
 2.934759e+01 -7.542102e-03 
 2.934799e+01 -6.555983e-03 
 2.934839e+01 -5.616919e-03 
 2.934878e+01 -4.723416e-03 
 2.934918e+01 -3.869952e-03 
 2.934958e+01 -3.044862e-03 
 2.934998e+01 -2.234890e-03 
 2.935037e+01 -1.428558e-03 
 2.935077e+01 -6.157258e-04 
 2.935117e+01  2.087624e-04 
 2.935157e+01  1.046801e-03 
 2.935197e+01  1.897006e-03 
 2.935236e+01  2.756045e-03 
 2.935276e+01  3.618959e-03 
 2.935316e+01  4.474969e-03 
 2.935356e+01  5.315442e-03 
 2.935395e+01  6.131720e-03 
 2.935435e+01  6.914354e-03 
 2.935475e+01  7.656487e-03 
 2.935515e+01  8.354559e-03 
 2.935554e+01  9.006238e-03 
 2.935594e+01  9.610967e-03 
 2.935634e+01  1.016965e-02 
 2.935674e+01  1.068220e-02 
 2.935714e+01  1.115118e-02 
 2.935753e+01  1.157976e-02 
 2.935793e+01  1.197380e-02 
 2.935833e+01  1.233643e-02 
 2.935873e+01  1.266928e-02 
 2.935912e+01  1.297003e-02 
 2.935952e+01  1.323198e-02 
 2.935992e+01  1.344679e-02 
 2.936032e+01  1.360570e-02 
 2.936071e+01  1.370354e-02 
 2.936111e+01  1.373871e-02 
 2.936151e+01  1.371331e-02 
 2.936191e+01  1.363100e-02 
 2.936231e+01  1.349673e-02 
 2.936270e+01  1.331201e-02 
 2.936310e+01  1.307393e-02 
 2.936350e+01  1.277807e-02 
 2.936390e+01  1.242051e-02 
 2.936429e+01  1.200062e-02 
 2.936469e+01  1.152153e-02 
 2.936509e+01  1.098964e-02 
 2.936549e+01  1.041147e-02 
 2.936588e+01  9.792769e-03 
 2.936628e+01  9.135202e-03 
 2.936668e+01  8.439786e-03 
 2.936708e+01  7.706436e-03 
 2.936748e+01  6.936196e-03 
 2.936787e+01  6.133369e-03 
 2.936827e+01  5.307177e-03 
 2.936867e+01  4.469275e-03 
 2.936907e+01  3.629698e-03 
 2.936946e+01  2.794459e-03 
 2.936986e+01  1.966885e-03 
 2.937026e+01  1.144720e-03 
 2.937066e+01  3.240783e-04 
 2.937105e+01 -5.015298e-04 
 2.937145e+01 -1.337326e-03 
 2.937185e+01 -2.191112e-03 
 2.937225e+01 -3.069929e-03 
 2.937265e+01 -3.979151e-03 
 2.937304e+01 -4.924038e-03 
 2.937344e+01 -5.908304e-03 
 2.937384e+01 -6.932534e-03 
 2.937424e+01 -7.994422e-03 
 2.937463e+01 -9.086423e-03 
 2.937503e+01 -1.019906e-02 
 2.937543e+01 -1.132178e-02 
 2.937583e+01 -1.244363e-02 
 2.937623e+01 -1.355551e-02 
 2.937662e+01 -1.465226e-02 
 2.937702e+01 -1.573145e-02 
 2.937742e+01 -1.679092e-02 
 2.937782e+01 -1.783027e-02 
 2.937821e+01 -1.885098e-02 
 2.937861e+01 -1.985453e-02 
 2.937901e+01 -2.084072e-02 
 2.937941e+01 -2.181094e-02 
 2.937980e+01 -2.276476e-02 
 2.938020e+01 -2.370065e-02 
 2.938060e+01 -2.461479e-02 
 2.938100e+01 -2.550285e-02 
 2.938140e+01 -2.635973e-02 
 2.938179e+01 -2.718246e-02 
 2.938219e+01 -2.796936e-02 
 2.938259e+01 -2.871643e-02 
 2.938299e+01 -2.941760e-02 
 2.938338e+01 -3.006414e-02 
 2.938378e+01 -3.064536e-02 
 2.938418e+01 -3.115128e-02 
 2.938458e+01 -3.157611e-02 
 2.938497e+01 -3.191683e-02 
 2.938537e+01 -3.217918e-02 
 2.938577e+01 -3.236903e-02 
 2.938617e+01 -3.249507e-02 
 2.938657e+01 -3.256279e-02 
 2.938696e+01 -3.257490e-02 
 2.938736e+01 -3.253053e-02 
 2.938776e+01 -3.243104e-02 
 2.938816e+01 -3.227934e-02 
 2.938855e+01 -3.208316e-02 
 2.938895e+01 -3.185151e-02 
 2.938935e+01 -3.159585e-02 
 2.938975e+01 -3.132653e-02 
 2.939014e+01 -3.104790e-02 
 2.939054e+01 -3.076278e-02 
 2.939094e+01 -3.047179e-02 
 2.939134e+01 -3.017479e-02 
 2.939174e+01 -2.987284e-02 
 2.939213e+01 -2.956971e-02 
 2.939253e+01 -2.927096e-02 
 2.939293e+01 -2.898118e-02 
 2.939333e+01 -2.870024e-02 
 2.939372e+01 -2.842183e-02 
 2.939412e+01 -2.813617e-02 
 2.939452e+01 -2.783412e-02 
 2.939492e+01 -2.750796e-02 
 2.939531e+01 -2.715660e-02 
 2.939571e+01 -2.678397e-02 
 2.939611e+01 -2.639871e-02 
 2.939651e+01 -2.601112e-02 
 2.939691e+01 -2.563095e-02 
 2.939730e+01 -2.526514e-02 
 2.939770e+01 -2.491767e-02 
 2.939810e+01 -2.458969e-02 
 2.939850e+01 -2.428142e-02 
 2.939889e+01 -2.399554e-02 
 2.939929e+01 -2.373215e-02 
 2.939969e+01 -2.349240e-02 
 2.940009e+01 -2.327525e-02 
 2.940048e+01 -2.307973e-02 
 2.940088e+01 -2.290481e-02 
 2.940128e+01 -2.274525e-02 
 2.940168e+01 -2.259612e-02 
 2.940208e+01 -2.245193e-02 
 2.940247e+01 -2.230837e-02 
 2.940287e+01 -2.216023e-02 
 2.940327e+01 -2.200626e-02 
 2.940367e+01 -2.185037e-02 
 2.940406e+01 -2.169993e-02 
 2.940446e+01 -2.156404e-02 
 2.940486e+01 -2.145385e-02 
 2.940526e+01 -2.137853e-02 
 2.940565e+01 -2.134772e-02 
 2.940605e+01 -2.136679e-02 
 2.940645e+01 -2.143950e-02 
 2.940685e+01 -2.156682e-02 
 2.940725e+01 -2.175082e-02 
 2.940764e+01 -2.199169e-02 
 2.940804e+01 -2.228953e-02 
 2.940844e+01 -2.264139e-02 
 2.940884e+01 -2.304028e-02 
 2.940923e+01 -2.347761e-02 
 2.940963e+01 -2.394337e-02 
 2.941003e+01 -2.442867e-02 
 2.941043e+01 -2.492745e-02 
 2.941082e+01 -2.543554e-02 
 2.941122e+01 -2.595235e-02 
 2.941162e+01 -2.647709e-02 
 2.941202e+01 -2.700644e-02 
 2.941242e+01 -2.753189e-02 
 2.941281e+01 -2.804292e-02 
 2.941321e+01 -2.853080e-02 
 2.941361e+01 -2.898995e-02 
 2.941401e+01 -2.941865e-02 
 2.941440e+01 -2.982150e-02 
 2.941480e+01 -3.020609e-02 
 2.941520e+01 -3.058142e-02 
 2.941560e+01 -3.095510e-02 
 2.941599e+01 -3.133086e-02 
 2.941639e+01 -3.171103e-02 
 2.941679e+01 -3.209555e-02 
 2.941719e+01 -3.248355e-02 
 2.941759e+01 -3.287499e-02 
 2.941798e+01 -3.327026e-02 
 2.941838e+01 -3.366574e-02 
 2.941878e+01 -3.405897e-02 
 2.941918e+01 -3.444420e-02 
 2.941957e+01 -3.481494e-02 
 2.941997e+01 -3.516536e-02 
 2.942037e+01 -3.549045e-02 
 2.942077e+01 -3.578602e-02 
 2.942116e+01 -3.605122e-02 
 2.942156e+01 -3.628886e-02 
 2.942196e+01 -3.650217e-02 
 2.942236e+01 -3.669898e-02 
 2.942276e+01 -3.688520e-02 
 2.942315e+01 -3.706742e-02 
 2.942355e+01 -3.724906e-02 
 2.942395e+01 -3.743274e-02 
 2.942435e+01 -3.762189e-02 
 2.942474e+01 -3.781716e-02 
 2.942514e+01 -3.801993e-02 
 2.942554e+01 -3.822772e-02 
 2.942594e+01 -3.843778e-02 
 2.942633e+01 -3.864188e-02 
 2.942673e+01 -3.882998e-02 
 2.942713e+01 -3.898884e-02 
 2.942753e+01 -3.910568e-02 
 2.942793e+01 -3.917014e-02 
 2.942832e+01 -3.917496e-02 
 2.942872e+01 -3.911730e-02 
 2.942912e+01 -3.899728e-02 
 2.942952e+01 -3.881582e-02 
 2.942991e+01 -3.857508e-02 
 2.943031e+01 -3.827560e-02 
 2.943071e+01 -3.791725e-02 
 2.943111e+01 -3.749848e-02 
 2.943150e+01 -3.702114e-02 
 2.943190e+01 -3.648601e-02 
 2.943230e+01 -3.589803e-02 
 2.943270e+01 -3.526446e-02 
 2.943310e+01 -3.459476e-02 
 2.943349e+01 -3.389555e-02 
 2.943389e+01 -3.317224e-02 
 2.943429e+01 -3.242733e-02 
 2.943469e+01 -3.166119e-02 
 2.943508e+01 -3.087033e-02 
 2.943548e+01 -3.005224e-02 
 2.943588e+01 -2.920388e-02 
 2.943628e+01 -2.832507e-02 
 2.943667e+01 -2.741843e-02 
 2.943707e+01 -2.648737e-02 
 2.943747e+01 -2.553375e-02 
 2.943787e+01 -2.455955e-02 
 2.943827e+01 -2.356412e-02 
 2.943866e+01 -2.254649e-02 
 2.943906e+01 -2.150687e-02 
 2.943946e+01 -2.044326e-02 
 2.943986e+01 -1.935658e-02 
 2.944025e+01 -1.825209e-02 
 2.944065e+01 -1.713732e-02 
 2.944105e+01 -1.602146e-02 
 2.944145e+01 -1.491332e-02 
 2.944184e+01 -1.381869e-02 
 2.944224e+01 -1.274052e-02 
 2.944264e+01 -1.167753e-02 
 2.944304e+01 -1.062939e-02 
 2.944344e+01 -9.593148e-03 
 2.944383e+01 -8.568458e-03 
 2.944423e+01 -7.555850e-03 
 2.944463e+01 -6.555351e-03 
 2.944503e+01 -5.567847e-03 
 2.944542e+01 -4.588126e-03 
 2.944582e+01 -3.609456e-03 
 2.944622e+01 -2.625091e-03 
 2.944662e+01 -1.628894e-03 
 2.944701e+01 -6.201751e-04 
 2.944741e+01  3.980865e-04 
 2.944781e+01  1.415772e-03 
 2.944821e+01  2.419090e-03 
 2.944861e+01  3.395972e-03 
 2.944900e+01  4.333682e-03 
 2.944940e+01  5.224006e-03 
 2.944980e+01  6.062240e-03 
 2.945020e+01  6.843469e-03 
 2.945059e+01  7.564171e-03 
 2.945099e+01  8.217846e-03 
 2.945139e+01  8.796391e-03 
 2.945179e+01  9.291719e-03 
 2.945218e+01  9.700773e-03 
 2.945258e+01  1.002728e-02 
 2.945298e+01  1.027796e-02 
 2.945338e+01  1.046374e-02 
 2.945378e+01  1.059640e-02 
 2.945417e+01  1.068551e-02 
 2.945457e+01  1.073537e-02 
 2.945497e+01  1.074585e-02 
 2.945537e+01  1.071545e-02 
 2.945576e+01  1.064092e-02 
 2.945616e+01  1.052234e-02 
 2.945656e+01  1.035789e-02 
 2.945696e+01  1.014921e-02 
 2.945735e+01  9.896068e-03 
 2.945775e+01  9.596700e-03 
 2.945815e+01  9.252936e-03 
 2.945855e+01  8.866659e-03 
 2.945895e+01  8.439258e-03 
 2.945934e+01  7.973248e-03 
 2.945974e+01  7.474228e-03 
 2.946014e+01  6.947277e-03 
 2.946054e+01  6.397642e-03 
 2.946093e+01  5.828486e-03 
 2.946133e+01  5.243460e-03 
 2.946173e+01  4.644517e-03 
 2.946213e+01  4.034719e-03 
 2.946252e+01  3.419002e-03 
 2.946292e+01  2.801223e-03 
 2.946332e+01  2.185772e-03 
 2.946372e+01  1.576335e-03 
 2.946412e+01  9.760583e-04 
 2.946451e+01  3.863909e-04 
 2.946491e+01 -1.902464e-04 
 2.946531e+01 -7.547843e-04 
 2.946571e+01 -1.310831e-03 
 2.946610e+01 -1.862181e-03 
 2.946650e+01 -2.416369e-03 
 2.946690e+01 -2.980357e-03 
 2.946730e+01 -3.562201e-03 
 2.946770e+01 -4.168868e-03 
 2.946809e+01 -4.802830e-03 
 2.946849e+01 -5.464652e-03 
 2.946889e+01 -6.152152e-03 
 2.946929e+01 -6.862556e-03 
 2.946968e+01 -7.592964e-03 
 2.947008e+01 -8.343840e-03 
 2.947048e+01 -9.112746e-03 
 2.947088e+01 -9.894981e-03 
 2.947127e+01 -1.068180e-02 
 2.947167e+01 -1.145945e-02 
 2.947207e+01 -1.221516e-02 
 2.947247e+01 -1.293544e-02 
 2.947287e+01 -1.361552e-02 
 2.947326e+01 -1.425298e-02 
 2.947366e+01 -1.485260e-02 
 2.947406e+01 -1.541987e-02 
 2.947446e+01 -1.595770e-02 
 2.947485e+01 -1.646785e-02 
 2.947525e+01 -1.695117e-02 
 2.947565e+01 -1.740543e-02 
 2.947605e+01 -1.783317e-02 
 2.947644e+01 -1.823888e-02 
 2.947684e+01 -1.863058e-02 
 2.947724e+01 -1.901445e-02 
 2.947764e+01 -1.939540e-02 
 2.947804e+01 -1.977335e-02 
 2.947843e+01 -2.014187e-02 
 2.947883e+01 -2.048918e-02 
 2.947923e+01 -2.080621e-02 
 2.947963e+01 -2.108336e-02 
 2.948002e+01 -2.131821e-02 
 2.948042e+01 -2.151365e-02 
 2.948082e+01 -2.167634e-02 
 2.948122e+01 -2.181314e-02 
 2.948161e+01 -2.192597e-02 
 2.948201e+01 -2.201488e-02 
 2.948241e+01 -2.207999e-02 
 2.948281e+01 -2.212127e-02 
 2.948321e+01 -2.214304e-02 
 2.948360e+01 -2.215363e-02 
 2.948400e+01 -2.216186e-02 
 2.948440e+01 -2.217995e-02 
 2.948480e+01 -2.221571e-02 
 2.948519e+01 -2.227159e-02 
 2.948559e+01 -2.234433e-02 
 2.948599e+01 -2.242771e-02 
 2.948639e+01 -2.251829e-02 
 2.948678e+01 -2.261001e-02 
 2.948718e+01 -2.269611e-02 
 2.948758e+01 -2.277333e-02 
 2.948798e+01 -2.283640e-02 
 2.948838e+01 -2.288256e-02 
 2.948877e+01 -2.290863e-02 
 2.948917e+01 -2.291386e-02 
 2.948957e+01 -2.289783e-02 
 2.948997e+01 -2.285925e-02 
 2.949036e+01 -2.279483e-02 
 2.949076e+01 -2.270282e-02 
 2.949116e+01 -2.257700e-02 
 2.949156e+01 -2.241349e-02 
 2.949195e+01 -2.221217e-02 
 2.949235e+01 -2.197910e-02 
 2.949275e+01 -2.172455e-02 
 2.949315e+01 -2.146013e-02 
 2.949355e+01 -2.119952e-02 
 2.949394e+01 -2.095000e-02 
 2.949434e+01 -2.071513e-02 
 2.949474e+01 -2.049635e-02 
 2.949514e+01 -2.029329e-02 
 2.949553e+01 -2.011105e-02 
 2.949593e+01 -1.995150e-02 
 2.949633e+01 -1.982011e-02 
 2.949673e+01 -1.972139e-02 
 2.949712e+01 -1.965332e-02 
 2.949752e+01 -1.961217e-02 
 2.949792e+01 -1.958619e-02 
 2.949832e+01 -1.956740e-02 
 2.949872e+01 -1.954946e-02 
 2.949911e+01 -1.953560e-02 
 2.949951e+01 -1.953720e-02 
 2.949991e+01 -1.956705e-02 
 2.950031e+01 -1.963507e-02 
 2.950070e+01 -1.974744e-02 
 2.950110e+01 -1.990533e-02 
 2.950150e+01 -2.010813e-02 
 2.950190e+01 -2.035498e-02 
 2.950229e+01 -2.065025e-02 
 2.950269e+01 -2.100062e-02 
 2.950309e+01 -2.141380e-02 
 2.950349e+01 -2.189270e-02 
 2.950389e+01 -2.243214e-02 
 2.950428e+01 -2.301917e-02 
 2.950468e+01 -2.363810e-02 
 2.950508e+01 -2.427163e-02 
 2.950548e+01 -2.490730e-02 
 2.950587e+01 -2.553828e-02 
 2.950627e+01 -2.615998e-02 
 2.950667e+01 -2.677316e-02 
 2.950707e+01 -2.737684e-02 
 2.950746e+01 -2.796853e-02 
 2.950786e+01 -2.854287e-02 
 2.950826e+01 -2.909594e-02 
 2.950866e+01 -2.962804e-02 
 2.950906e+01 -3.014303e-02 
 2.950945e+01 -3.064891e-02 
 2.950985e+01 -3.115524e-02 
 2.951025e+01 -3.166397e-02 
 2.951065e+01 -3.217676e-02 
 2.951104e+01 -3.269119e-02 
 2.951144e+01 -3.320475e-02 
 2.951184e+01 -3.371680e-02 
 2.951224e+01 -3.423013e-02 
 2.951263e+01 -3.474876e-02 
 2.951303e+01 -3.527707e-02 
 2.951343e+01 -3.581757e-02 
 2.951383e+01 -3.636738e-02 
 2.951423e+01 -3.691894e-02 
 2.951462e+01 -3.746456e-02 
 2.951502e+01 -3.799489e-02 
 2.951542e+01 -3.850529e-02 
 2.951582e+01 -3.899288e-02 
 2.951621e+01 -3.945352e-02 
 2.951661e+01 -3.988002e-02 
 2.951701e+01 -4.026572e-02 
 2.951741e+01 -4.060677e-02 
 2.951780e+01 -4.090531e-02 
 2.951820e+01 -4.116615e-02 
 2.951860e+01 -4.139815e-02 
 2.951900e+01 -4.160917e-02 
 2.951940e+01 -4.180298e-02 
 2.951979e+01 -4.197881e-02 
 2.952019e+01 -4.213140e-02 
 2.952059e+01 -4.225272e-02 
 2.952099e+01 -4.233929e-02 
 2.952138e+01 -4.239124e-02 
 2.952178e+01 -4.241333e-02 
 2.952218e+01 -4.240945e-02 
 2.952258e+01 -4.237656e-02 
 2.952297e+01 -4.230601e-02 
 2.952337e+01 -4.218196e-02 
 2.952377e+01 -4.198906e-02 
 2.952417e+01 -4.171545e-02 
 2.952457e+01 -4.135841e-02 
 2.952496e+01 -4.092270e-02 
 2.952536e+01 -4.041932e-02 
 2.952576e+01 -3.986109e-02 
 2.952616e+01 -3.925731e-02 
 2.952655e+01 -3.861318e-02 
 2.952695e+01 -3.793013e-02 
 2.952735e+01 -3.721234e-02 
 2.952775e+01 -3.646685e-02 
 2.952814e+01 -3.570829e-02 
 2.952854e+01 -3.495465e-02 
 2.952894e+01 -3.421975e-02 
 2.952934e+01 -3.350896e-02 
 2.952974e+01 -3.281995e-02 
 2.953013e+01 -3.214155e-02 
 2.953053e+01 -3.146032e-02 
 2.953093e+01 -3.076526e-02 
 2.953133e+01 -3.005093e-02 
 2.953172e+01 -2.931859e-02 
 2.953212e+01 -2.857684e-02 
 2.953252e+01 -2.783134e-02 
 2.953292e+01 -2.708370e-02 
 2.953331e+01 -2.633071e-02 
 2.953371e+01 -2.556419e-02 
 2.953411e+01 -2.477955e-02 
 2.953451e+01 -2.397603e-02 
 2.953491e+01 -2.315392e-02 
 2.953530e+01 -2.231877e-02 
 2.953570e+01 -2.147391e-02 
 2.953610e+01 -2.062189e-02 
 2.953650e+01 -1.976291e-02 
 2.953689e+01 -1.889534e-02 
 2.953729e+01 -1.801976e-02 
 2.953769e+01 -1.713792e-02 
 2.953809e+01 -1.625626e-02 
 2.953848e+01 -1.537891e-02 
 2.953888e+01 -1.450779e-02 
 2.953928e+01 -1.364107e-02 
 2.953968e+01 -1.277305e-02 
 2.954008e+01 -1.189900e-02 
 2.954047e+01 -1.101711e-02 
 2.954087e+01 -1.012909e-02 
 2.954127e+01 -9.239524e-03 
 2.954167e+01 -8.349476e-03 
 2.954206e+01 -7.458905e-03 
 2.954246e+01 -6.562950e-03 
 2.954286e+01 -5.655162e-03 
 2.954326e+01 -4.734157e-03 
 2.954365e+01 -3.803296e-03 
 2.954405e+01 -2.873750e-03 
 2.954445e+01 -1.962704e-03 
 2.954485e+01 -1.087968e-03 
 2.954525e+01 -2.631793e-04 
 2.954564e+01  5.048092e-04 
 2.954604e+01  1.216298e-03 
 2.954644e+01  1.870814e-03 
 2.954684e+01  2.466445e-03 
 2.954723e+01  2.997107e-03 
 2.954763e+01  3.456255e-03 
 2.954803e+01  3.841481e-03 
 2.954843e+01  4.160441e-03 
 2.954882e+01  4.429988e-03 
 2.954922e+01  4.669044e-03 
 2.954962e+01  4.896907e-03 
 2.955002e+01  5.124861e-03 
 2.955042e+01  5.354454e-03 
 2.955081e+01  5.574595e-03 
 2.955121e+01  5.773529e-03 
 2.955161e+01  5.943602e-03 
 2.955201e+01  6.082729e-03 
 2.955240e+01  6.191896e-03 
 2.955280e+01  6.277355e-03 
 2.955320e+01  6.337374e-03 
 2.955360e+01  6.366958e-03 
 2.955399e+01  6.356141e-03 
 2.955439e+01  6.294235e-03 
 2.955479e+01  6.177647e-03 
 2.955519e+01  6.006666e-03 
 2.955559e+01  5.791254e-03 
 2.955598e+01  5.543045e-03 
 2.955638e+01  5.274900e-03 
 2.955678e+01  4.990000e-03 
 2.955718e+01  4.685188e-03 
 2.955757e+01  4.355745e-03 
 2.955797e+01  3.996224e-03 
 2.955837e+01  3.605045e-03 
 2.955877e+01  3.185618e-03 
 2.955917e+01  2.744211e-03 
 2.955956e+01  2.287603e-03 
 2.955996e+01  1.816235e-03 
 2.956036e+01  1.329988e-03 
 2.956076e+01  8.236475e-04 
 2.956115e+01  2.914095e-04 
 2.956155e+01 -2.693187e-04 
 2.956195e+01 -8.561383e-04 
 2.956235e+01 -1.462670e-03 
 2.956274e+01 -2.086102e-03 
 2.956314e+01 -2.726340e-03 
 2.956354e+01 -3.388310e-03 
 2.956394e+01 -4.077523e-03 
 2.956434e+01 -4.795496e-03 
 2.956473e+01 -5.541694e-03 
 2.956513e+01 -6.307472e-03 
 2.956553e+01 -7.083471e-03 
 2.956593e+01 -7.859884e-03 
 2.956632e+01 -8.627906e-03 
 2.956672e+01 -9.380593e-03 
 2.956712e+01 -1.011279e-02 
 2.956752e+01 -1.081643e-02 
 2.956791e+01 -1.147887e-02 
 2.956831e+01 -1.208573e-02 
 2.956871e+01 -1.262535e-02 
 2.956911e+01 -1.309156e-02 
 2.956951e+01 -1.349071e-02 
 2.956990e+01 -1.383594e-02 
 2.957030e+01 -1.414355e-02 
 2.957070e+01 -1.442430e-02 
 2.957110e+01 -1.468440e-02 
 2.957149e+01 -1.492454e-02 
 2.957189e+01 -1.514236e-02 
 2.957229e+01 -1.533845e-02 
 2.957269e+01 -1.551995e-02 
 2.957308e+01 -1.569783e-02 
 2.957348e+01 -1.588425e-02 
 2.957388e+01 -1.608399e-02 
 2.957428e+01 -1.629220e-02 
 2.957468e+01 -1.649193e-02 
 2.957507e+01 -1.666332e-02 
 2.957547e+01 -1.678823e-02 
 2.957587e+01 -1.686450e-02 
 2.957627e+01 -1.689876e-02 
 2.957666e+01 -1.690345e-02 
 2.957706e+01 -1.689371e-02 
 2.957746e+01 -1.687685e-02 
 2.957786e+01 -1.685486e-02 
 2.957825e+01 -1.682589e-02 
 2.957865e+01 -1.678591e-02 
 2.957905e+01 -1.673679e-02 
 2.957945e+01 -1.668762e-02 
 2.957985e+01 -1.665108e-02 
 2.958024e+01 -1.663775e-02 
 2.958064e+01 -1.664978e-02 
 2.958104e+01 -1.668170e-02 
 2.958144e+01 -1.672026e-02 
 2.958183e+01 -1.675340e-02 
 2.958223e+01 -1.677499e-02 
 2.958263e+01 -1.678376e-02 
 2.958303e+01 -1.678381e-02 
 2.958342e+01 -1.677827e-02 
 2.958382e+01 -1.677046e-02 
 2.958422e+01 -1.675816e-02 
 2.958462e+01 -1.673470e-02 
 2.958502e+01 -1.669322e-02 
 2.958541e+01 -1.663052e-02 
 2.958581e+01 -1.654715e-02 
 2.958621e+01 -1.644594e-02 
 2.958661e+01 -1.633064e-02 
 2.958700e+01 -1.620630e-02 
 2.958740e+01 -1.607224e-02 
 2.958780e+01 -1.592676e-02 
 2.958820e+01 -1.577515e-02 
 2.958859e+01 -1.562820e-02 
 2.958899e+01 -1.549873e-02 
 2.958939e+01 -1.539898e-02 
 2.958979e+01 -1.534103e-02 
 2.959019e+01 -1.532910e-02 
 2.959058e+01 -1.536095e-02 
 2.959098e+01 -1.543218e-02 
 2.959138e+01 -1.553889e-02 
 2.959178e+01 -1.568024e-02 
 2.959217e+01 -1.585680e-02 
 2.959257e+01 -1.607244e-02 
 2.959297e+01 -1.632459e-02 
 2.959337e+01 -1.660205e-02 
 2.959376e+01 -1.688729e-02 
 2.959416e+01 -1.716313e-02 
 2.959456e+01 -1.741843e-02 
 2.959496e+01 -1.765202e-02 
 2.959536e+01 -1.787459e-02 
 2.959575e+01 -1.810162e-02 
 2.959615e+01 -1.834836e-02 
 2.959655e+01 -1.862384e-02 
 2.959695e+01 -1.893024e-02 
 2.959734e+01 -1.926371e-02 
 2.959774e+01 -1.961796e-02 
 2.959814e+01 -1.999490e-02 
 2.959854e+01 -2.040200e-02 
 2.959893e+01 -2.084442e-02 
 2.959933e+01 -2.132608e-02 
 2.959973e+01 -2.184152e-02 
 2.960013e+01 -2.237345e-02 
 2.960053e+01 -2.290218e-02 
 2.960092e+01 -2.340928e-02 
 2.960132e+01 -2.388587e-02 
 2.960172e+01 -2.433423e-02 
 2.960212e+01 -2.476648e-02 
 2.960251e+01 -2.519699e-02 
 2.960291e+01 -2.563550e-02 
 2.960331e+01 -2.608221e-02 
 2.960371e+01 -2.653144e-02 
 2.960410e+01 -2.697558e-02 
 2.960450e+01 -2.741390e-02 
 2.960490e+01 -2.785465e-02 
 2.960530e+01 -2.831117e-02 
 2.960570e+01 -2.879758e-02 
 2.960609e+01 -2.932339e-02 
 2.960649e+01 -2.988775e-02 
 2.960689e+01 -3.048625e-02 
 2.960729e+01 -3.111228e-02 
 2.960768e+01 -3.176186e-02 
 2.960808e+01 -3.243501e-02 
 2.960848e+01 -3.313535e-02 
 2.960888e+01 -3.386690e-02 
 2.960927e+01 -3.462829e-02 
 2.960967e+01 -3.540958e-02 
 2.961007e+01 -3.619619e-02 
 2.961047e+01 -3.697347e-02 
 2.961087e+01 -3.773212e-02 
 2.961126e+01 -3.846672e-02 
 2.961166e+01 -3.917600e-02 
 2.961206e+01 -3.985721e-02 
 2.961246e+01 -4.050540e-02 
 2.961285e+01 -4.111257e-02 
 2.961325e+01 -4.167171e-02 
 2.961365e+01 -4.218027e-02 
 2.961405e+01 -4.263949e-02 
 2.961444e+01 -4.305593e-02 
 2.961484e+01 -4.343972e-02 
 2.961524e+01 -4.380046e-02 
 2.961564e+01 -4.414176e-02 
 2.961604e+01 -4.446183e-02 
 2.961643e+01 -4.475655e-02 
 2.961683e+01 -4.502201e-02 
 2.961723e+01 -4.525689e-02 
 2.961763e+01 -4.546188e-02 
 2.961802e+01 -4.563543e-02 
 2.961842e+01 -4.577327e-02 
 2.961882e+01 -4.586438e-02 
 2.961922e+01 -4.589118e-02 
 2.961961e+01 -4.583926e-02 
 2.962001e+01 -4.570013e-02 
 2.962041e+01 -4.547412e-02 
 2.962081e+01 -4.517263e-02 
 2.962121e+01 -4.481313e-02 
 2.962160e+01 -4.441326e-02 
 2.962200e+01 -4.398577e-02 
 2.962240e+01 -4.353399e-02 
 2.962280e+01 -4.305592e-02 
 2.962319e+01 -4.254757e-02 
 2.962359e+01 -4.200908e-02 
 2.962399e+01 -4.144537e-02 
 2.962439e+01 -4.086865e-02 
 2.962478e+01 -4.028686e-02 
 2.962518e+01 -3.970445e-02 
 2.962558e+01 -3.911434e-02 
 2.962598e+01 -3.850437e-02 
 2.962638e+01 -3.786158e-02 
 2.962677e+01 -3.717192e-02 
 2.962717e+01 -3.643145e-02 
 2.962757e+01 -3.564485e-02 
 2.962797e+01 -3.481807e-02 
 2.962836e+01 -3.395719e-02 
 2.962876e+01 -3.306148e-02 
 2.962916e+01 -3.212782e-02 
 2.962956e+01 -3.115184e-02 
 2.962995e+01 -3.012896e-02 
 2.963035e+01 -2.906172e-02 
 2.963075e+01 -2.795941e-02 
 2.963115e+01 -2.683427e-02 
 2.963155e+01 -2.569682e-02 
 2.963194e+01 -2.455355e-02 
 2.963234e+01 -2.340431e-02 
 2.963274e+01 -2.224846e-02 
 2.963314e+01 -2.108717e-02 
 2.963353e+01 -1.992489e-02 
 2.963393e+01 -1.877365e-02 
 2.963433e+01 -1.764229e-02 
 2.963473e+01 -1.653963e-02 
 2.963512e+01 -1.546871e-02 
 2.963552e+01 -1.442859e-02 
 2.963592e+01 -1.341540e-02 
 2.963632e+01 -1.242816e-02 
 2.963672e+01 -1.146771e-02 
 2.963711e+01 -1.053393e-02 
 2.963751e+01 -9.627965e-03 
 2.963791e+01 -8.745070e-03 
 2.963831e+01 -7.877671e-03 
 2.963870e+01 -7.021383e-03 
 2.963910e+01 -6.174328e-03 
 2.963950e+01 -5.342270e-03 
 2.963990e+01 -4.538247e-03 
 2.964029e+01 -3.778620e-03 
 2.964069e+01 -3.078696e-03 
 2.964109e+01 -2.446293e-03 
 2.964149e+01 -1.880413e-03 
 2.964189e+01 -1.374246e-03 
 2.964228e+01 -9.221029e-04 
 2.964268e+01 -5.195550e-04 
 2.964308e+01 -1.649491e-04 
 2.964348e+01  1.437995e-04 
 2.964387e+01  4.107382e-04 
 2.964427e+01  6.448152e-04 
 2.964467e+01  8.604428e-04 
 2.964507e+01  1.074966e-03 
 2.964546e+01  1.299510e-03 
 2.964586e+01  1.541312e-03 
 2.964626e+01  1.796473e-03 
 2.964666e+01  2.053869e-03 
 2.964706e+01  2.299669e-03 
 2.964745e+01  2.524388e-03 
 2.964785e+01  2.723009e-03 
 2.964825e+01  2.896900e-03 
 2.964865e+01  3.046818e-03 
 2.964904e+01  3.169414e-03 
 2.964944e+01  3.259293e-03 
 2.964984e+01  3.304587e-03 
 2.965024e+01  3.295437e-03 
 2.965064e+01  3.228091e-03 
 2.965103e+01  3.104043e-03 
 2.965143e+01  2.933115e-03 
 2.965183e+01  2.729526e-03 
 2.965223e+01  2.504642e-03 
 2.965262e+01  2.263543e-03 
 2.965302e+01  2.002927e-03 
 2.965342e+01  1.718785e-03 
 2.965382e+01  1.403860e-03 
 2.965421e+01  1.056963e-03 
 2.965461e+01  6.816806e-04 
 2.965501e+01  2.824052e-04 
 2.965541e+01 -1.333632e-04 
 2.965581e+01 -5.580485e-04 
 2.965620e+01 -9.882219e-04 
 2.965660e+01 -1.426548e-03 
 2.965700e+01 -1.876586e-03 
 2.965740e+01 -2.342638e-03 
 2.965779e+01 -2.826856e-03 
 2.965819e+01 -3.326157e-03 
 2.965859e+01 -3.841035e-03 
 2.965899e+01 -4.373225e-03 
 2.965938e+01 -4.923050e-03 
 2.965978e+01 -5.490196e-03 
 2.966018e+01 -6.072261e-03 
 2.966058e+01 -6.664919e-03 
 2.966098e+01 -7.259955e-03 
 2.966137e+01 -7.850878e-03 
 2.966177e+01 -8.429309e-03 
 2.966217e+01 -8.986432e-03 
 2.966257e+01 -9.517992e-03 
 2.966296e+01 -1.001958e-02 
 2.966336e+01 -1.048583e-02 
 2.966376e+01 -1.091062e-02 
 2.966416e+01 -1.128853e-02 
 2.966455e+01 -1.161790e-02 
 2.966495e+01 -1.190381e-02 
 2.966535e+01 -1.215689e-02 
 2.966575e+01 -1.238974e-02 
 2.966615e+01 -1.261510e-02 
 2.966654e+01 -1.284253e-02 
 2.966694e+01 -1.307460e-02 
 2.966734e+01 -1.331357e-02 
 2.966774e+01 -1.356161e-02 
 2.966813e+01 -1.381813e-02 
 2.966853e+01 -1.408536e-02 
 2.966893e+01 -1.436644e-02 
 2.966933e+01 -1.466014e-02 
 2.966972e+01 -1.495803e-02 
 2.967012e+01 -1.524977e-02 
 2.967052e+01 -1.551556e-02 
 2.967092e+01 -1.573684e-02 
 2.967132e+01 -1.590271e-02 
 2.967171e+01 -1.600908e-02 
 2.967211e+01 -1.605874e-02 
 2.967251e+01 -1.605895e-02 
 2.967291e+01 -1.601892e-02 
 2.967330e+01 -1.594464e-02 
 2.967370e+01 -1.583890e-02 
 2.967410e+01 -1.570143e-02 
 2.967450e+01 -1.553111e-02 
 2.967489e+01 -1.532724e-02 
 2.967529e+01 -1.509551e-02 
 2.967569e+01 -1.484421e-02 
 2.967609e+01 -1.458065e-02 
 2.967649e+01 -1.431052e-02 
 2.967688e+01 -1.403504e-02 
 2.967728e+01 -1.375190e-02 
 2.967768e+01 -1.345577e-02 
 2.967808e+01 -1.314042e-02 
 2.967847e+01 -1.280308e-02 
 2.967887e+01 -1.244459e-02 
 2.967927e+01 -1.206753e-02 
 2.967967e+01 -1.167588e-02 
 2.968006e+01 -1.127302e-02 
 2.968046e+01 -1.086102e-02 
 2.968086e+01 -1.043952e-02 
 2.968126e+01 -1.000919e-02 
 2.968166e+01 -9.573746e-03 
 2.968205e+01 -9.138790e-03 
 2.968245e+01 -8.712816e-03 
 2.968285e+01 -8.304603e-03 
 2.968325e+01 -7.922384e-03 
 2.968364e+01 -7.573064e-03 
 2.968404e+01 -7.262561e-03 
 2.968444e+01 -6.996541e-03 
 2.968484e+01 -6.782105e-03 
 2.968523e+01 -6.625740e-03 
 2.968563e+01 -6.532909e-03 
 2.968603e+01 -6.507403e-03 
 2.968643e+01 -6.550075e-03 
 2.968683e+01 -6.659272e-03 
 2.968722e+01 -6.829378e-03 
 2.968762e+01 -7.052305e-03 
 2.968802e+01 -7.320707e-03 
 2.968842e+01 -7.625517e-03 
 2.968881e+01 -7.956376e-03 
 2.968921e+01 -8.302413e-03 
 2.968961e+01 -8.652108e-03 
 2.969001e+01 -9.000236e-03 
 2.969040e+01 -9.343147e-03 
 2.969080e+01 -9.686095e-03 
 2.969120e+01 -1.003961e-02 
 2.969160e+01 -1.041388e-02 
 2.969200e+01 -1.081781e-02 
 2.969239e+01 -1.125824e-02 
 2.969279e+01 -1.173673e-02 
 2.969319e+01 -1.225351e-02 
 2.969359e+01 -1.280948e-02 
 2.969398e+01 -1.340787e-02 
 2.969438e+01 -1.404987e-02 
 2.969478e+01 -1.474090e-02 
 2.969518e+01 -1.548095e-02 
 2.969557e+01 -1.626353e-02 
 2.969597e+01 -1.707868e-02 
 2.969637e+01 -1.791263e-02 
 2.969677e+01 -1.875403e-02 
 2.969717e+01 -1.959582e-02 
 2.969756e+01 -2.043645e-02 
 2.969796e+01 -2.127892e-02 
 2.969836e+01 -2.212907e-02 
 2.969876e+01 -2.299021e-02 
 2.969915e+01 -2.386344e-02 
 2.969955e+01 -2.474652e-02 
 2.969995e+01 -2.563546e-02 
 2.970035e+01 -2.652931e-02 
 2.970074e+01 -2.743243e-02 
 2.970114e+01 -2.835302e-02 
 2.970154e+01 -2.929748e-02 
 2.970194e+01 -3.026982e-02 
 2.970234e+01 -3.126978e-02 
 2.970273e+01 -3.229201e-02 
 2.970313e+01 -3.332459e-02 
 2.970353e+01 -3.435685e-02 
 2.970393e+01 -3.537841e-02 
 2.970432e+01 -3.638231e-02 
 2.970472e+01 -3.736298e-02 
 2.970512e+01 -3.831976e-02 
 2.970552e+01 -3.924867e-02 
 2.970591e+01 -4.014280e-02 
 2.970631e+01 -4.099477e-02 
 2.970671e+01 -4.179477e-02 
 2.970711e+01 -4.253322e-02 
 2.970751e+01 -4.320371e-02 
 2.970790e+01 -4.380387e-02 
 2.970830e+01 -4.433361e-02 
 2.970870e+01 -4.479835e-02 
 2.970910e+01 -4.520447e-02 
 2.970949e+01 -4.555996e-02 
 2.970989e+01 -4.587456e-02 
 2.971029e+01 -4.615789e-02 
 2.971069e+01 -4.641652e-02 
 2.971108e+01 -4.665492e-02 
 2.971148e+01 -4.687589e-02 
 2.971188e+01 -4.707793e-02 
 2.971228e+01 -4.725973e-02 
 2.971268e+01 -4.741952e-02 
 2.971307e+01 -4.755430e-02 
 2.971347e+01 -4.766537e-02 
 2.971387e+01 -4.775255e-02 
 2.971427e+01 -4.781084e-02 
 2.971466e+01 -4.783387e-02 
 2.971506e+01 -4.781240e-02 
 2.971546e+01 -4.773708e-02 
 2.971586e+01 -4.760403e-02 
 2.971625e+01 -4.741344e-02 
 2.971665e+01 -4.717123e-02 
 2.971705e+01 -4.688527e-02 
 2.971745e+01 -4.656456e-02 
 2.971785e+01 -4.621413e-02 
 2.971824e+01 -4.583374e-02 
 2.971864e+01 -4.542147e-02 
 2.971904e+01 -4.497590e-02 
 2.971944e+01 -4.450182e-02 
 2.971983e+01 -4.400582e-02 
 2.972023e+01 -4.349198e-02 
 2.972063e+01 -4.296327e-02 
 2.972103e+01 -4.241544e-02 
 2.972142e+01 -4.184073e-02 
 2.972182e+01 -4.122340e-02 
 2.972222e+01 -4.054890e-02 
 2.972262e+01 -3.980793e-02 
 2.972302e+01 -3.899647e-02 
 2.972341e+01 -3.811629e-02 
 2.972381e+01 -3.717212e-02 
 2.972421e+01 -3.616940e-02 
 2.972461e+01 -3.511390e-02 
 2.972500e+01 -3.401052e-02 
 2.972540e+01 -3.286123e-02 
 2.972580e+01 -3.167019e-02 
 2.972620e+01 -3.044259e-02 
 2.972659e+01 -2.918843e-02 
 2.972699e+01 -2.791818e-02 
 2.972739e+01 -2.664476e-02 
 2.972779e+01 -2.537880e-02 
 2.972819e+01 -2.412850e-02 
 2.972858e+01 -2.289879e-02 
 2.972898e+01 -2.169413e-02 
 2.972938e+01 -2.051598e-02 
 2.972978e+01 -1.936473e-02 
 2.973017e+01 -1.824143e-02 
 2.973057e+01 -1.714750e-02 
 2.973097e+01 -1.608411e-02 
 2.973137e+01 -1.505195e-02 
 2.973176e+01 -1.404948e-02 
 2.973216e+01 -1.307597e-02 
 2.973256e+01 -1.212878e-02 
 2.973296e+01 -1.120390e-02 
 2.973336e+01 -1.029957e-02 
 2.973375e+01 -9.414042e-03 
 2.973415e+01 -8.549051e-03 
 2.973455e+01 -7.705664e-03 
 2.973495e+01 -6.887072e-03 
 2.973534e+01 -6.099696e-03 
 2.973574e+01 -5.347527e-03 
 2.973614e+01 -4.637388e-03 
 2.973654e+01 -3.970734e-03 
 2.973693e+01 -3.349861e-03 
 2.973733e+01 -2.776663e-03 
 2.973773e+01 -2.253340e-03 
 2.973813e+01 -1.782397e-03 
 2.973853e+01 -1.365818e-03 
 2.973892e+01 -1.004931e-03 
 2.973932e+01 -6.945492e-04 
 2.973972e+01 -4.267348e-04 
 2.974012e+01 -1.935926e-04 
 2.974051e+01  1.815600e-05 
 2.974091e+01  2.172612e-04 
 2.974131e+01  4.081984e-04 
 2.974171e+01  5.896818e-04 
 2.974210e+01  7.549254e-04 
 2.974250e+01  8.930143e-04 
 2.974290e+01  9.929495e-04 
 2.974330e+01  1.045736e-03 
 2.974370e+01  1.047067e-03 
 2.974409e+01  9.937662e-04 
 2.974449e+01  8.843848e-04 
 2.974489e+01  7.157618e-04 
 2.974529e+01  4.831598e-04 
 2.974568e+01  1.811992e-04 
 2.974608e+01 -1.949751e-04 
 2.974648e+01 -6.441505e-04 
 2.974688e+01 -1.159912e-03 
 2.974728e+01 -1.730296e-03 
 2.974767e+01 -2.340869e-03 
 2.974807e+01 -2.975844e-03 
 2.974847e+01 -3.624505e-03 
 2.974887e+01 -4.280561e-03 
 2.974926e+01 -4.938740e-03 
 2.974966e+01 -5.595030e-03 
 2.975006e+01 -6.246424e-03 
 2.975046e+01 -6.887409e-03 
 2.975085e+01 -7.512008e-03 
 2.975125e+01 -8.114793e-03 
 2.975165e+01 -8.693121e-03 
 2.975205e+01 -9.243640e-03 
 2.975245e+01 -9.768436e-03 
 2.975284e+01 -1.027397e-02 
 2.975324e+01 -1.076304e-02 
 2.975364e+01 -1.123911e-02 
 2.975404e+01 -1.170273e-02 
 2.975443e+01 -1.215067e-02 
 2.975483e+01 -1.257772e-02 
 2.975523e+01 -1.297932e-02 
 2.975563e+01 -1.334993e-02 
 2.975602e+01 -1.368651e-02 
 2.975642e+01 -1.398759e-02 
 2.975682e+01 -1.425423e-02 
 2.975722e+01 -1.448883e-02 
 2.975762e+01 -1.469313e-02 
 2.975801e+01 -1.486297e-02 
 2.975841e+01 -1.499421e-02 
 2.975881e+01 -1.508207e-02 
 2.975921e+01 -1.512078e-02 
 2.975960e+01 -1.510905e-02 
 2.976000e+01 -1.505170e-02 
 2.976040e+01 -1.495536e-02 
 2.976080e+01 -1.482878e-02 
 2.976119e+01 -1.468485e-02 
 2.976159e+01 -1.453376e-02 
 2.976199e+01 -1.438127e-02 
 2.976239e+01 -1.423111e-02 
 2.976279e+01 -1.408540e-02 
 2.976318e+01 -1.394692e-02 
 2.976358e+01 -1.381481e-02 
 2.976398e+01 -1.369040e-02 
 2.976438e+01 -1.357318e-02 
 2.976477e+01 -1.345941e-02 
 2.976517e+01 -1.334659e-02 
 2.976557e+01 -1.322513e-02 
 2.976597e+01 -1.308414e-02 
 2.976636e+01 -1.290838e-02 
 2.976676e+01 -1.268689e-02 
 2.976716e+01 -1.241210e-02 
 2.976756e+01 -1.207963e-02 
 2.976796e+01 -1.168960e-02 
 2.976835e+01 -1.124748e-02 
 2.976875e+01 -1.076182e-02 
 2.976915e+01 -1.023893e-02 
 2.976955e+01 -9.687083e-03 
 2.976994e+01 -9.113309e-03 
 2.977034e+01 -8.525994e-03 
 2.977074e+01 -7.934349e-03 
 2.977114e+01 -7.351188e-03 
 2.977153e+01 -6.787726e-03 
 2.977193e+01 -6.251845e-03 
 2.977233e+01 -5.747023e-03 
 2.977273e+01 -5.270587e-03 
 2.977313e+01 -4.813459e-03 
 2.977352e+01 -4.368381e-03 
 2.977392e+01 -3.927197e-03 
 2.977432e+01 -3.486511e-03 
 2.977472e+01 -3.046479e-03 
 2.977511e+01 -2.610489e-03 
 2.977551e+01 -2.186363e-03 
 2.977591e+01 -1.778335e-03 
 2.977631e+01 -1.390171e-03 
 2.977670e+01 -1.024203e-03 
 2.977710e+01 -6.810346e-04 
 2.977750e+01 -3.643540e-04 
 2.977790e+01 -7.681825e-05 
 2.977830e+01  1.759381e-04 
 2.977869e+01  3.897105e-04 
 2.977909e+01  5.596642e-04 
 2.977949e+01  6.791144e-04 
 2.977989e+01  7.434604e-04 
 2.978028e+01  7.513897e-04 
 2.978068e+01  7.038747e-04 
 2.978108e+01  6.025796e-04 
 2.978148e+01  4.507113e-04 
 2.978187e+01  2.521177e-04 
 2.978227e+01  9.777649e-06 
 2.978267e+01 -2.715090e-04 
 2.978307e+01 -5.890177e-04 
 2.978347e+01 -9.368889e-04 
 2.978386e+01 -1.311485e-03 
 2.978426e+01 -1.704093e-03 
 2.978466e+01 -2.104739e-03 
 2.978506e+01 -2.506124e-03 
 2.978545e+01 -2.902739e-03 
 2.978585e+01 -3.296114e-03 
 2.978625e+01 -3.690574e-03 
 2.978665e+01 -4.095211e-03 
 2.978704e+01 -4.522444e-03 
 2.978744e+01 -4.982144e-03 
 2.978784e+01 -5.482132e-03 
 2.978824e+01 -6.029060e-03 
 2.978864e+01 -6.628679e-03 
 2.978903e+01 -7.286637e-03 
 2.978943e+01 -8.012104e-03 
 2.978983e+01 -8.811697e-03 
 2.979023e+01 -9.691818e-03 
 2.979062e+01 -1.065197e-02 
 2.979102e+01 -1.168710e-02 
 2.979142e+01 -1.278328e-02 
 2.979182e+01 -1.392335e-02 
 2.979221e+01 -1.509081e-02 
 2.979261e+01 -1.627261e-02 
 2.979301e+01 -1.746214e-02 
 2.979341e+01 -1.865921e-02 
 2.979381e+01 -1.986602e-02 
 2.979420e+01 -2.108640e-02 
 2.979460e+01 -2.232067e-02 
 2.979500e+01 -2.356756e-02 
 2.979540e+01 -2.482349e-02 
 2.979579e+01 -2.608359e-02 
 2.979619e+01 -2.734597e-02 
 2.979659e+01 -2.861268e-02 
 2.979699e+01 -2.988705e-02 
 2.979738e+01 -3.117102e-02 
 2.979778e+01 -3.246403e-02 
 2.979818e+01 -3.376202e-02 
 2.979858e+01 -3.505872e-02 
 2.979898e+01 -3.634181e-02 
 2.979937e+01 -3.759753e-02 
 2.979977e+01 -3.881444e-02 
 2.980017e+01 -3.998239e-02 
 2.980057e+01 -4.109654e-02 
 2.980096e+01 -4.215124e-02 
 2.980136e+01 -4.314225e-02 
 2.980176e+01 -4.406759e-02 
 2.980216e+01 -4.492267e-02 
 2.980255e+01 -4.570502e-02 
 2.980295e+01 -4.641371e-02 
 2.980335e+01 -4.705001e-02 
 2.980375e+01 -4.761471e-02 
 2.980415e+01 -4.811151e-02 
 2.980454e+01 -4.854795e-02 
 2.980494e+01 -4.893058e-02 
 2.980534e+01 -4.926589e-02 
 2.980574e+01 -4.956003e-02 
 2.980613e+01 -4.981520e-02 
 2.980653e+01 -5.003374e-02 
 2.980693e+01 -5.021738e-02 
 2.980733e+01 -5.036662e-02 
 2.980772e+01 -5.048246e-02 
 2.980812e+01 -5.056797e-02 
 2.980852e+01 -5.062441e-02 
 2.980892e+01 -5.065310e-02 
 2.980932e+01 -5.065121e-02 
 2.980971e+01 -5.061234e-02 
 2.981011e+01 -5.052273e-02 
 2.981051e+01 -5.036933e-02 
 2.981091e+01 -5.013985e-02 
 2.981130e+01 -4.982897e-02 
 2.981170e+01 -4.943719e-02 
 2.981210e+01 -4.896526e-02 
 2.981250e+01 -4.842195e-02 
 2.981289e+01 -4.781608e-02 
 2.981329e+01 -4.715814e-02 
 2.981369e+01 -4.645185e-02 
 2.981409e+01 -4.570085e-02 
 2.981449e+01 -4.491019e-02 
 2.981488e+01 -4.408365e-02 
 2.981528e+01 -4.323090e-02 
 2.981568e+01 -4.235876e-02 
 2.981608e+01 -4.147004e-02 
 2.981647e+01 -4.056621e-02 
 2.981687e+01 -3.964514e-02 
 2.981727e+01 -3.870212e-02 
 2.981767e+01 -3.773220e-02 
 2.981806e+01 -3.672939e-02 
 2.981846e+01 -3.568671e-02 
 2.981886e+01 -3.460390e-02 
 2.981926e+01 -3.348459e-02 
 2.981966e+01 -3.233733e-02 
 2.982005e+01 -3.116856e-02 
 2.982045e+01 -2.998808e-02 
 2.982085e+01 -2.880448e-02 
 2.982125e+01 -2.762770e-02 
 2.982164e+01 -2.646750e-02 
 2.982204e+01 -2.533172e-02 
 2.982244e+01 -2.423067e-02 
 2.982284e+01 -2.317269e-02 
 2.982323e+01 -2.216747e-02 
 2.982363e+01 -2.122163e-02 
 2.982403e+01 -2.033468e-02 
 2.982443e+01 -1.950309e-02 
 2.982483e+01 -1.871769e-02 
 2.982522e+01 -1.797158e-02 
 2.982562e+01 -1.726162e-02 
 2.982602e+01 -1.658299e-02 
 2.982642e+01 -1.593729e-02 
 2.982681e+01 -1.532658e-02 
 2.982721e+01 -1.475181e-02 
 2.982761e+01 -1.421099e-02 
 2.982801e+01 -1.370028e-02 
 2.982840e+01 -1.321055e-02 
 2.982880e+01 -1.273298e-02 
 2.982920e+01 -1.226319e-02 
 2.982960e+01 -1.179834e-02 
 2.983000e+01 -1.134072e-02 
 2.983039e+01 -1.089460e-02 
 2.983079e+01 -1.046585e-02 
 2.983119e+01 -1.005682e-02 
 2.983159e+01 -9.671718e-03 
 2.983198e+01 -9.315740e-03 
 2.983238e+01 -8.990835e-03 
 2.983278e+01 -8.701425e-03 
 2.983318e+01 -8.450091e-03 
 2.983357e+01 -8.238954e-03 
 2.983397e+01 -8.071176e-03 
 2.983437e+01 -7.946608e-03 
 2.983477e+01 -7.863210e-03 
 2.983517e+01 -7.815899e-03 
 2.983556e+01 -7.797649e-03 
 2.983596e+01 -7.799937e-03 
 2.983636e+01 -7.818275e-03 
 2.983676e+01 -7.846427e-03 
 2.983715e+01 -7.878317e-03 
 2.983755e+01 -7.915105e-03 
 2.983795e+01 -7.964338e-03 
 2.983835e+01 -8.033373e-03 
 2.983875e+01 -8.131946e-03 
 2.983914e+01 -8.268981e-03 
 2.983954e+01 -8.449480e-03 
 2.983994e+01 -8.675865e-03 
 2.984034e+01 -8.951382e-03 
 2.984073e+01 -9.275650e-03 
 2.984113e+01 -9.649712e-03 
 2.984153e+01 -1.007323e-02 
 2.984193e+01 -1.054455e-02 
 2.984232e+01 -1.105928e-02 
 2.984272e+01 -1.160525e-02 
 2.984312e+01 -1.216658e-02 
 2.984352e+01 -1.272507e-02 
 2.984392e+01 -1.326311e-02 
 2.984431e+01 -1.377365e-02 
 2.984471e+01 -1.424919e-02 
 2.984511e+01 -1.469063e-02 
 2.984551e+01 -1.510009e-02 
 2.984590e+01 -1.548307e-02 
 2.984630e+01 -1.584046e-02 
 2.984670e+01 -1.617102e-02 
 2.984710e+01 -1.646845e-02 
 2.984749e+01 -1.673218e-02 
 2.984789e+01 -1.696328e-02 
 2.984829e+01 -1.716818e-02 
 2.984869e+01 -1.735387e-02 
 2.984909e+01 -1.752986e-02 
 2.984948e+01 -1.769887e-02 
 2.984988e+01 -1.785884e-02 
 2.985028e+01 -1.800773e-02 
 2.985068e+01 -1.814046e-02 
 2.985107e+01 -1.825134e-02 
 2.985147e+01 -1.833653e-02 
 2.985187e+01 -1.839512e-02 
 2.985227e+01 -1.842525e-02 
 2.985266e+01 -1.842579e-02 
 2.985306e+01 -1.839703e-02 
 2.985346e+01 -1.833499e-02 
 2.985386e+01 -1.823542e-02 
 2.985426e+01 -1.809400e-02 
 2.985465e+01 -1.790938e-02 
 2.985505e+01 -1.768211e-02 
 2.985545e+01 -1.741238e-02 
 2.985585e+01 -1.710079e-02 
 2.985624e+01 -1.674971e-02 
 2.985664e+01 -1.636551e-02 
 2.985704e+01 -1.595384e-02 
 2.985744e+01 -1.551987e-02 
 2.985783e+01 -1.506806e-02 
 2.985823e+01 -1.460052e-02 
 2.985863e+01 -1.412016e-02 
 2.985903e+01 -1.362955e-02 
 2.985943e+01 -1.312941e-02 
 2.985982e+01 -1.261609e-02 
 2.986022e+01 -1.208804e-02 
 2.986062e+01 -1.154116e-02 
 2.986102e+01 -1.097010e-02 
 2.986141e+01 -1.036814e-02 
 2.986181e+01 -9.722390e-03 
 2.986221e+01 -9.022794e-03 
 2.986261e+01 -8.260446e-03 
 2.986300e+01 -7.432668e-03 
 2.986340e+01 -6.546037e-03 
 2.986380e+01 -5.609815e-03 
 2.986420e+01 -4.638559e-03 
 2.986460e+01 -3.648971e-03 
 2.986499e+01 -2.655059e-03 
 2.986539e+01 -1.669550e-03 
 2.986579e+01 -6.998762e-04 
 2.986619e+01  2.473567e-04 
 2.986658e+01  1.161324e-03 
 2.986698e+01  2.030193e-03 
 2.986738e+01  2.842028e-03 
 2.986778e+01  3.587629e-03 
 2.986817e+01  4.262222e-03 
 2.986857e+01  4.871326e-03 
 2.986897e+01  5.424238e-03 
 2.986937e+01  5.931293e-03 
 2.986977e+01  6.403608e-03 
 2.987016e+01  6.846766e-03 
 2.987056e+01  7.260665e-03 
 2.987096e+01  7.640006e-03 
 2.987136e+01  7.978299e-03 
 2.987175e+01  8.271565e-03 
 2.987215e+01  8.520321e-03 
 2.987255e+01  8.725703e-03 
 2.987295e+01  8.888409e-03 
 2.987334e+01  9.008170e-03 
 2.987374e+01  9.078792e-03 
 2.987414e+01  9.092349e-03 
 2.987454e+01  9.042920e-03 
 2.987494e+01  8.925953e-03 
 2.987533e+01  8.739864e-03 
 2.987573e+01  8.487391e-03 
 2.987613e+01  8.173949e-03 
 2.987653e+01  7.804822e-03 
 2.987692e+01  7.382133e-03 
 2.987732e+01  6.905179e-03 
 2.987772e+01  6.371541e-03 
 2.987812e+01  5.781233e-03 
 2.987851e+01  5.138764e-03 
 2.987891e+01  4.451864e-03 
 2.987931e+01  3.730392e-03 
 2.987971e+01  2.984274e-03 
 2.988011e+01  2.221604e-03 
 2.988050e+01  1.448118e-03 
 2.988090e+01  6.698036e-04 
 2.988130e+01 -1.137318e-04 
 2.988170e+01 -9.064943e-04 
 2.988209e+01 -1.714010e-03 
 2.988249e+01 -2.543499e-03 
 2.988289e+01 -3.403525e-03 
 2.988329e+01 -4.302274e-03 
 2.988368e+01 -5.248672e-03 
 2.988408e+01 -6.250011e-03 
 2.988448e+01 -7.309727e-03 
 2.988488e+01 -8.425655e-03 
 2.988528e+01 -9.594669e-03 
 2.988567e+01 -1.081525e-02 
 2.988607e+01 -1.208333e-02 
 2.988647e+01 -1.339275e-02 
 2.988687e+01 -1.473569e-02 
 2.988726e+01 -1.609910e-02 
 2.988766e+01 -1.746933e-02 
 2.988806e+01 -1.883099e-02 
 2.988846e+01 -2.016737e-02 
 2.988885e+01 -2.146829e-02 
 2.988925e+01 -2.272800e-02 
 2.988965e+01 -2.394369e-02 
 2.989005e+01 -2.512190e-02 
 2.989045e+01 -2.627029e-02 
 2.989084e+01 -2.738974e-02 
 2.989124e+01 -2.848100e-02 
 2.989164e+01 -2.954326e-02 
 2.989204e+01 -3.057673e-02 
 2.989243e+01 -3.158118e-02 
 2.989283e+01 -3.256413e-02 
 2.989323e+01 -3.353026e-02 
 2.989363e+01 -3.448453e-02 
 2.989402e+01 -3.542650e-02 
 2.989442e+01 -3.634885e-02 
 2.989482e+01 -3.724130e-02 
 2.989522e+01 -3.809079e-02 
 2.989562e+01 -3.888918e-02 
 2.989601e+01 -3.963352e-02 
 2.989641e+01 -4.032968e-02 
 2.989681e+01 -4.098614e-02 
 2.989721e+01 -4.160662e-02 
 2.989760e+01 -4.219098e-02 
 2.989800e+01 -4.273523e-02 
 2.989840e+01 -4.323120e-02 
 2.989880e+01 -4.367468e-02 
 2.989919e+01 -4.406707e-02 
 2.989959e+01 -4.441141e-02 
 2.989999e+01 -4.471822e-02 
 2.990039e+01 -4.499772e-02 
 2.990079e+01 -4.525891e-02 
 2.990118e+01 -4.550347e-02 
 2.990158e+01 -4.572730e-02 
 2.990198e+01 -4.592690e-02 
 2.990238e+01 -4.610041e-02 
 2.990277e+01 -4.624850e-02 
 2.990317e+01 -4.637412e-02 
 2.990357e+01 -4.647587e-02 
 2.990397e+01 -4.655116e-02 
 2.990436e+01 -4.659591e-02 
 2.990476e+01 -4.660134e-02 
 2.990516e+01 -4.655912e-02 
 2.990556e+01 -4.645949e-02 
 2.990596e+01 -4.629685e-02 
 2.990635e+01 -4.606798e-02 
 2.990675e+01 -4.577278e-02 
 2.990715e+01 -4.540803e-02 
 2.990755e+01 -4.497173e-02 
 2.990794e+01 -4.446523e-02 
 2.990834e+01 -4.388861e-02 
 2.990874e+01 -4.325102e-02 
 2.990914e+01 -4.256427e-02 
 2.990953e+01 -4.183886e-02 
 2.990993e+01 -4.108185e-02 
 2.991033e+01 -4.030335e-02 
 2.991073e+01 -3.950799e-02 
 2.991113e+01 -3.869968e-02 
 2.991152e+01 -3.788245e-02 
 2.991192e+01 -3.706131e-02 
 2.991232e+01 -3.623852e-02 
 2.991272e+01 -3.541492e-02 
 2.991311e+01 -3.458757e-02 
 2.991351e+01 -3.374760e-02 
 2.991391e+01 -3.288541e-02 
 2.991431e+01 -3.199280e-02 
 2.991470e+01 -3.107027e-02 
 2.991510e+01 -3.012737e-02 
 2.991550e+01 -2.918013e-02 
 2.991590e+01 -2.824343e-02 
 2.991630e+01 -2.732963e-02 
 2.991669e+01 -2.644491e-02 
 2.991709e+01 -2.558964e-02 
 2.991749e+01 -2.476149e-02 
 2.991789e+01 -2.395932e-02 
 2.991828e+01 -2.318895e-02 
 2.991868e+01 -2.246034e-02 
 2.991908e+01 -2.178437e-02 
 2.991948e+01 -2.116710e-02 
 2.991987e+01 -2.060772e-02 
 2.992027e+01 -2.009508e-02 
 2.992067e+01 -1.961620e-02 
 2.992107e+01 -1.915781e-02 
 2.992147e+01 -1.871404e-02 
 2.992186e+01 -1.828567e-02 
 2.992226e+01 -1.787634e-02 
 2.992266e+01 -1.749112e-02 
 2.992306e+01 -1.713282e-02 
 2.992345e+01 -1.679803e-02 
 2.992385e+01 -1.648003e-02 
 2.992425e+01 -1.617295e-02 
 2.992465e+01 -1.587358e-02 
 2.992504e+01 -1.558503e-02 
 2.992544e+01 -1.531762e-02 
 2.992584e+01 -1.508161e-02 
 2.992624e+01 -1.488208e-02 
 2.992664e+01 -1.472477e-02 
 2.992703e+01 -1.460828e-02 
 2.992743e+01 -1.453148e-02 
 2.992783e+01 -1.449902e-02 
 2.992823e+01 -1.451657e-02 
 2.992862e+01 -1.458898e-02 
 2.992902e+01 -1.471941e-02 
 2.992942e+01 -1.491020e-02 
 2.992982e+01 -1.515851e-02 
 2.993022e+01 -1.545640e-02 
 2.993061e+01 -1.579340e-02 
 2.993101e+01 -1.616062e-02 
 2.993141e+01 -1.655158e-02 
 2.993181e+01 -1.696008e-02 
 2.993220e+01 -1.737927e-02 
 2.993260e+01 -1.780198e-02 
 2.993300e+01 -1.821808e-02 
 2.993340e+01 -1.862091e-02 
 2.993379e+01 -1.901056e-02 
 2.993419e+01 -1.939378e-02 
 2.993459e+01 -1.978031e-02 
 2.993499e+01 -2.017628e-02 
 2.993539e+01 -2.058793e-02 
 2.993578e+01 -2.101381e-02 
 2.993618e+01 -2.144937e-02 
 2.993658e+01 -2.188510e-02 
 2.993698e+01 -2.231720e-02 
 2.993737e+01 -2.273949e-02 
 2.993777e+01 -2.315047e-02 
 2.993817e+01 -2.354714e-02 
 2.993857e+01 -2.391937e-02 
 2.993896e+01 -2.425384e-02 
 2.993936e+01 -2.453475e-02 
 2.993976e+01 -2.474679e-02 
 2.994016e+01 -2.488012e-02 
 2.994056e+01 -2.493537e-02 
 2.994095e+01 -2.491919e-02 
 2.994135e+01 -2.484039e-02 
 2.994175e+01 -2.470780e-02 
 2.994215e+01 -2.452994e-02 
 2.994254e+01 -2.430655e-02 
 2.994294e+01 -2.403958e-02 
 2.994334e+01 -2.373148e-02 
 2.994374e+01 -2.339212e-02 
 2.994413e+01 -2.303499e-02 
 2.994453e+01 -2.267415e-02 
 2.994493e+01 -2.232151e-02 
 2.994533e+01 -2.197876e-02 
 2.994573e+01 -2.163934e-02 
 2.994612e+01 -2.129450e-02 
 2.994652e+01 -2.093658e-02 
 2.994692e+01 -2.055948e-02 
 2.994732e+01 -2.016044e-02 
 2.994771e+01 -1.974344e-02 
 2.994811e+01 -1.931172e-02 
 2.994851e+01 -1.886603e-02 
 2.994891e+01 -1.840521e-02 
 2.994930e+01 -1.792141e-02 
 2.994970e+01 -1.740555e-02 
 2.995010e+01 -1.685159e-02 
 2.995050e+01 -1.625954e-02 
 2.995090e+01 -1.563406e-02 
 2.995129e+01 -1.497680e-02 
 2.995169e+01 -1.429397e-02 
 2.995209e+01 -1.359185e-02 
 2.995249e+01 -1.287391e-02 
 2.995288e+01 -1.214543e-02 
 2.995328e+01 -1.140964e-02 
 2.995368e+01 -1.067178e-02 
 2.995408e+01 -9.933527e-03 
 2.995447e+01 -9.199273e-03 
 2.995487e+01 -8.471856e-03 
 2.995527e+01 -7.751514e-03 
 2.995567e+01 -7.035683e-03 
 2.995607e+01 -6.317874e-03 
 2.995646e+01 -5.594758e-03 
 2.995686e+01 -4.861922e-03 
 2.995726e+01 -4.116616e-03 
 2.995766e+01 -3.355001e-03 
 2.995805e+01 -2.576023e-03 
 2.995845e+01 -1.776078e-03 
 2.995885e+01 -9.551353e-04 
 2.995925e+01 -1.172316e-04 
 2.995964e+01  7.301541e-04 
 2.996004e+01  1.576815e-03 
 2.996044e+01  2.410384e-03 
 2.996084e+01  3.215205e-03 
 2.996124e+01  3.980652e-03 
 2.996163e+01  4.697201e-03 
 2.996203e+01  5.360455e-03 
 2.996243e+01  5.964682e-03 
 2.996283e+01  6.502967e-03 
 2.996322e+01  6.969701e-03 
 2.996362e+01  7.362445e-03 
 2.996402e+01  7.684561e-03 
 2.996442e+01  7.944384e-03 
 2.996481e+01  8.157211e-03 
 2.996521e+01  8.343361e-03 
 2.996561e+01  8.517003e-03 
 2.996601e+01  8.687396e-03 
 2.996641e+01  8.857253e-03 
 2.996680e+01  9.021209e-03 
 2.996720e+01  9.170115e-03 
 2.996760e+01  9.297524e-03 
 2.996800e+01  9.402043e-03 
 2.996839e+01  9.483282e-03 
 2.996879e+01  9.544723e-03 
 2.996919e+01  9.587534e-03 
 2.996959e+01  9.607002e-03 
 2.996998e+01  9.594925e-03 
 2.997038e+01  9.538731e-03 
 2.997078e+01  9.429425e-03 
 2.997118e+01  9.262467e-03 
 2.997158e+01  9.037167e-03 
 2.997197e+01  8.757088e-03 
 2.997237e+01  8.427703e-03 
 2.997277e+01  8.051364e-03 
 2.997317e+01  7.626297e-03 
 2.997356e+01  7.148518e-03 
 2.997396e+01  6.617450e-03 
 2.997436e+01  6.032496e-03 
 2.997476e+01  5.399718e-03 
 2.997515e+01  4.726663e-03 
 2.997555e+01  4.019345e-03 
 2.997595e+01  3.283828e-03 
 2.997635e+01  2.523170e-03 
 2.997675e+01  1.735793e-03 
 2.997714e+01  9.173279e-04 
 2.997754e+01  6.280438e-05 
 2.997794e+01 -8.316795e-04 
 2.997834e+01 -1.767935e-03 
 2.997873e+01 -2.746562e-03 
 2.997913e+01 -3.770504e-03 
 2.997953e+01 -4.841897e-03 
 2.997993e+01 -5.965473e-03 
 2.998032e+01 -7.143935e-03 
 2.998072e+01 -8.374621e-03 
 2.998112e+01 -9.655005e-03 
 2.998152e+01 -1.097634e-02 
 2.998192e+01 -1.233165e-02 
 2.998231e+01 -1.370888e-02 
 2.998271e+01 -1.509354e-02 
 2.998311e+01 -1.647241e-02 
 2.998351e+01 -1.782924e-02 
 2.998390e+01 -1.915080e-02 
 2.998430e+01 -2.042395e-02 
 2.998470e+01 -2.164039e-02 
 2.998510e+01 -2.279583e-02 
 2.998549e+01 -2.389077e-02 
 2.998589e+01 -2.493375e-02 
 2.998629e+01 -2.593327e-02 
 2.998669e+01 -2.689592e-02 
 2.998709e+01 -2.782394e-02 
 2.998748e+01 -2.871818e-02 
 2.998788e+01 -2.957956e-02 
 2.998828e+01 -3.041134e-02 
 2.998868e+01 -3.121892e-02 
 2.998907e+01 -3.200808e-02 
 2.998947e+01 -3.278282e-02 
 2.998987e+01 -3.354385e-02 
 2.999027e+01 -3.428732e-02 
 2.999066e+01 -3.500432e-02 
 2.999106e+01 -3.568278e-02 
 2.999146e+01 -3.631387e-02 
 2.999186e+01 -3.689338e-02 
 2.999226e+01 -3.742348e-02 
 2.999265e+01 -3.790961e-02 
 2.999305e+01 -3.835281e-02 
 2.999345e+01 -3.875208e-02 
 2.999385e+01 -3.910331e-02 
 2.999424e+01 -3.940321e-02 
 2.999464e+01 -3.965082e-02 
 2.999504e+01 -3.984683e-02 
 2.999544e+01 -3.999799e-02 
 2.999583e+01 -4.011497e-02 
 2.999623e+01 -4.020859e-02 
 2.999663e+01 -4.028221e-02 
 2.999703e+01 -4.033518e-02 
 2.999743e+01 -4.035982e-02 
 2.999782e+01 -4.034913e-02 
 2.999822e+01 -4.029978e-02 
 2.999862e+01 -4.021299e-02 
 2.999902e+01 -4.009144e-02 
 2.999941e+01 -3.993860e-02 
 2.999981e+01 -3.975590e-02 
 3.000021e+01 -3.954457e-02 
 3.000061e+01 -3.930103e-02 
 3.000100e+01 -3.901964e-02 
 3.000140e+01 -3.869469e-02 
 3.000180e+01 -3.832271e-02 
 3.000220e+01 -3.790207e-02 
 3.000260e+01 -3.743615e-02 
 3.000299e+01 -3.692854e-02 
 3.000339e+01 -3.638398e-02 
 3.000379e+01 -3.580938e-02 
 3.000419e+01 -3.521462e-02 
 3.000458e+01 -3.461124e-02 
 3.000498e+01 -3.401007e-02 
 3.000538e+01 -3.342116e-02 
 3.000578e+01 -3.285130e-02 
 3.000617e+01 -3.230468e-02 
 3.000657e+01 -3.178607e-02 
 3.000697e+01 -3.130026e-02 
 3.000737e+01 -3.084812e-02 
 3.000777e+01 -3.043097e-02 
 3.000816e+01 -3.004679e-02 
 3.000856e+01 -2.969445e-02 
 3.000896e+01 -2.936519e-02 
 3.000936e+01 -2.905030e-02 
 3.000975e+01 -2.874071e-02 
 3.001015e+01 -2.842795e-02 
 3.001055e+01 -2.810974e-02 
 3.001095e+01 -2.778674e-02 
 3.001134e+01 -2.746433e-02 
 3.001174e+01 -2.714756e-02 
 3.001214e+01 -2.684202e-02 
 3.001254e+01 -2.655082e-02 
 3.001294e+01 -2.627511e-02 
 3.001333e+01 -2.601573e-02 
 3.001373e+01 -2.577411e-02 
 3.001413e+01 -2.555428e-02 
 3.001453e+01 -2.536095e-02 
 3.001492e+01 -2.519632e-02 
 3.001532e+01 -2.505945e-02 
 3.001572e+01 -2.494049e-02 
 3.001612e+01 -2.482929e-02 
 3.001651e+01 -2.471477e-02 
 3.001691e+01 -2.458747e-02 
 3.001731e+01 -2.444339e-02 
 3.001771e+01 -2.428262e-02 
 3.001811e+01 -2.411204e-02 
 3.001850e+01 -2.393708e-02 
 3.001890e+01 -2.376105e-02 
 3.001930e+01 -2.358749e-02 
 3.001970e+01 -2.341637e-02 
 3.002009e+01 -2.324449e-02 
 3.002049e+01 -2.307301e-02 
 3.002089e+01 -2.290700e-02 
 3.002129e+01 -2.275388e-02 
 3.002169e+01 -2.262206e-02 
 3.002208e+01 -2.251923e-02 
 3.002248e+01 -2.245129e-02 
 3.002288e+01 -2.242144e-02 
 3.002328e+01 -2.243138e-02 
 3.002367e+01 -2.248215e-02 
 3.002407e+01 -2.257296e-02 
 3.002447e+01 -2.270252e-02 
 3.002487e+01 -2.286988e-02 
 3.002526e+01 -2.307302e-02 
 3.002566e+01 -2.330854e-02 
 3.002606e+01 -2.356837e-02 
 3.002646e+01 -2.384423e-02 
 3.002686e+01 -2.412714e-02 
 3.002725e+01 -2.441071e-02 
 3.002765e+01 -2.468886e-02 
 3.002805e+01 -2.495597e-02 
 3.002845e+01 -2.520769e-02 
 3.002884e+01 -2.544091e-02 
 3.002924e+01 -2.565393e-02 
 3.002964e+01 -2.584842e-02 
 3.003004e+01 -2.602762e-02 
 3.003043e+01 -2.619570e-02 
 3.003083e+01 -2.635423e-02 
 3.003123e+01 -2.650881e-02 
 3.003163e+01 -2.666292e-02 
 3.003203e+01 -2.681949e-02 
 3.003242e+01 -2.698054e-02 
 3.003282e+01 -2.714682e-02 
 3.003322e+01 -2.731720e-02 
 3.003362e+01 -2.748646e-02 
 3.003401e+01 -2.764629e-02 
 3.003441e+01 -2.778395e-02 
 3.003481e+01 -2.788463e-02 
 3.003521e+01 -2.793541e-02 
 3.003560e+01 -2.792906e-02 
 3.003600e+01 -2.786504e-02 
 3.003640e+01 -2.774818e-02 
 3.003680e+01 -2.758596e-02 
 3.003720e+01 -2.738559e-02 
 3.003759e+01 -2.715691e-02 
 3.003799e+01 -2.690476e-02 
 3.003839e+01 -2.663511e-02 
 3.003879e+01 -2.634969e-02 
 3.003918e+01 -2.605074e-02 
 3.003958e+01 -2.574220e-02 
 3.003998e+01 -2.542984e-02 
 3.004038e+01 -2.512018e-02 
 3.004077e+01 -2.481525e-02 
 3.004117e+01 -2.451350e-02 
 3.004157e+01 -2.421008e-02 
 3.004197e+01 -2.389712e-02 
 3.004237e+01 -2.356329e-02 
 3.004276e+01 -2.319824e-02 
 3.004316e+01 -2.279437e-02 
 3.004356e+01 -2.234614e-02 
 3.004396e+01 -2.185148e-02 
 3.004435e+01 -2.131029e-02 
 3.004475e+01 -2.071919e-02 
 3.004515e+01 -2.007341e-02 
 3.004555e+01 -1.936943e-02 
 3.004594e+01 -1.860718e-02 
 3.004634e+01 -1.778899e-02 
 3.004674e+01 -1.692304e-02 
 3.004714e+01 -1.601816e-02 
 3.004754e+01 -1.508355e-02 
 3.004793e+01 -1.412863e-02 
 3.004833e+01 -1.315899e-02 
 3.004873e+01 -1.217739e-02 
 3.004913e+01 -1.118593e-02 
 3.004952e+01 -1.018658e-02 
 3.004992e+01 -9.184244e-03 
 3.005032e+01 -8.186584e-03 
 3.005072e+01 -7.201358e-03 
 3.005111e+01 -6.234015e-03 
 3.005151e+01 -5.285905e-03 
 3.005191e+01 -4.358190e-03 
 3.005231e+01 -3.448881e-03 
 3.005271e+01 -2.557034e-03 
 3.005310e+01 -1.676942e-03 
 3.005350e+01 -8.027056e-04 
 3.005390e+01  6.913011e-05 
 3.005430e+01  9.407932e-04 
 3.005469e+01  1.809643e-03 
 3.005509e+01  2.669793e-03 
 3.005549e+01  3.510977e-03 
 3.005589e+01  4.320990e-03 
 3.005628e+01  5.085152e-03 
 3.005668e+01  5.791160e-03 
 3.005708e+01  6.431434e-03 
 3.005748e+01  7.002808e-03 
 3.005788e+01  7.503490e-03 
 3.005827e+01  7.931502e-03 
 3.005867e+01  8.286274e-03 
 3.005907e+01  8.567903e-03 
 3.005947e+01  8.780148e-03 
 3.005986e+01  8.931127e-03 
 3.006026e+01  9.033534e-03 
 3.006066e+01  9.103343e-03 
 3.006106e+01  9.156394e-03 
 3.006145e+01  9.205165e-03 
 3.006185e+01  9.255339e-03 
 3.006225e+01  9.307821e-03 
 3.006265e+01  9.358037e-03 
 3.006305e+01  9.401720e-03 
 3.006344e+01  9.434563e-03 
 3.006384e+01  9.455087e-03 
 3.006424e+01  9.462214e-03 
 3.006464e+01  9.450473e-03 
 3.006503e+01  9.411413e-03 
 3.006543e+01  9.336021e-03 
 3.006583e+01  9.213099e-03 
 3.006623e+01  9.033609e-03 
 3.006662e+01  8.793070e-03 
 3.006702e+01  8.493297e-03 
 3.006742e+01  8.139772e-03 
 3.006782e+01  7.739338e-03 
 3.006822e+01  7.297930e-03 
 3.006861e+01  6.819592e-03 
 3.006901e+01  6.303355e-03 
 3.006941e+01  5.749173e-03 
 3.006981e+01  5.158193e-03 
 3.007020e+01  4.534358e-03 
 3.007060e+01  3.883636e-03 
 3.007100e+01  3.210951e-03 
 3.007140e+01  2.521246e-03 
 3.007179e+01  1.819980e-03 
 3.007219e+01  1.109808e-03 
 3.007259e+01  3.933320e-04 
 3.007299e+01 -3.305703e-04 
 3.007339e+01 -1.063269e-03 
 3.007378e+01 -1.804994e-03 
 3.007418e+01 -2.557997e-03 
 3.007458e+01 -3.328419e-03 
 3.007498e+01 -4.121373e-03 
 3.007537e+01 -4.942178e-03 
 3.007577e+01 -5.794373e-03 
 3.007617e+01 -6.676828e-03 
 3.007657e+01 -7.585718e-03 
 3.007696e+01 -8.514700e-03 
 3.007736e+01 -9.457736e-03 
 3.007776e+01 -1.040800e-02 
 3.007816e+01 -1.135706e-02 
 3.007856e+01 -1.229773e-02 
 3.007895e+01 -1.322141e-02 
 3.007935e+01 -1.411901e-02 
 3.007975e+01 -1.498092e-02 
 3.008015e+01 -1.580087e-02 
 3.008054e+01 -1.657620e-02 
 3.008094e+01 -1.731091e-02 
 3.008134e+01 -1.801338e-02 
 3.008174e+01 -1.869363e-02 
 3.008213e+01 -1.935916e-02 
 3.008253e+01 -2.001582e-02 
 3.008293e+01 -2.066660e-02 
 3.008333e+01 -2.131633e-02 
 3.008373e+01 -2.197151e-02 
 3.008412e+01 -2.264318e-02 
 3.008452e+01 -2.334007e-02 
 3.008492e+01 -2.406776e-02 
 3.008532e+01 -2.482319e-02 
 3.008571e+01 -2.559908e-02 
 3.008611e+01 -2.638137e-02 
 3.008651e+01 -2.715331e-02 
 3.008691e+01 -2.790307e-02 
 3.008730e+01 -2.862290e-02 
 3.008770e+01 -2.931178e-02 
 3.008810e+01 -2.997152e-02 
 3.008850e+01 -3.060269e-02 
 3.008890e+01 -3.120022e-02 
 3.008929e+01 -3.175871e-02 
 3.008969e+01 -3.227363e-02 
 3.009009e+01 -3.274300e-02 
 3.009049e+01 -3.316529e-02 
 3.009088e+01 -3.354488e-02 
 3.009128e+01 -3.388536e-02 
 3.009168e+01 -3.419277e-02 
 3.009208e+01 -3.446949e-02 
 3.009247e+01 -3.471677e-02 
 3.009287e+01 -3.493053e-02 
 3.009327e+01 -3.510772e-02 
 3.009367e+01 -3.524860e-02 
 3.009407e+01 -3.535217e-02 
 3.009446e+01 -3.541903e-02 
 3.009486e+01 -3.544839e-02 
 3.009526e+01 -3.543833e-02 
 3.009566e+01 -3.538686e-02 
 3.009605e+01 -3.529213e-02 
 3.009645e+01 -3.515352e-02 
 3.009685e+01 -3.497104e-02 
 3.009725e+01 -3.474438e-02 
 3.009764e+01 -3.447616e-02 
 3.009804e+01 -3.417066e-02 
 3.009844e+01 -3.383170e-02 
 3.009884e+01 -3.346251e-02 
 3.009924e+01 -3.306700e-02 
 3.009963e+01 -3.265185e-02 
 3.010003e+01 -3.222414e-02 
 3.010043e+01 -3.179305e-02 
 3.010083e+01 -3.136580e-02 
 3.010122e+01 -3.094941e-02 
 3.010162e+01 -3.054762e-02 
 3.010202e+01 -3.016634e-02 
 3.010242e+01 -2.981143e-02 
 3.010281e+01 -2.948535e-02 
 3.010321e+01 -2.919026e-02 
 3.010361e+01 -2.892575e-02 
 3.010401e+01 -2.868825e-02 
 3.010441e+01 -2.846986e-02 
 3.010480e+01 -2.825715e-02 
 3.010520e+01 -2.803879e-02 
 3.010560e+01 -2.780222e-02 
 3.010600e+01 -2.754165e-02 
 3.010639e+01 -2.726037e-02 
 3.010679e+01 -2.696593e-02 
 3.010719e+01 -2.666730e-02 
 3.010759e+01 -2.637518e-02 
 3.010798e+01 -2.609874e-02 
 3.010838e+01 -2.584050e-02 
 3.010878e+01 -2.560106e-02 
 3.010918e+01 -2.538108e-02 
 3.010958e+01 -2.518287e-02 
 3.010997e+01 -2.501178e-02 
 3.011037e+01 -2.487360e-02 
 3.011077e+01 -2.477329e-02 
 3.011117e+01 -2.471009e-02 
 3.011156e+01 -2.467771e-02 
 3.011196e+01 -2.466749e-02 
 3.011236e+01 -2.466965e-02 
 3.011276e+01 -2.467884e-02 
 3.011316e+01 -2.469441e-02 
 3.011355e+01 -2.471924e-02 
 3.011395e+01 -2.475933e-02 
 3.011435e+01 -2.481801e-02 
 3.011475e+01 -2.489642e-02 
 3.011514e+01 -2.499336e-02 
 3.011554e+01 -2.510636e-02 
 3.011594e+01 -2.523538e-02 
 3.011634e+01 -2.538465e-02 
 3.011673e+01 -2.556061e-02 
 3.011713e+01 -2.577086e-02 
 3.011753e+01 -2.601888e-02 
 3.011793e+01 -2.630554e-02 
 3.011833e+01 -2.662514e-02 
 3.011872e+01 -2.697314e-02 
 3.011912e+01 -2.734379e-02 
 3.011952e+01 -2.773066e-02 
 3.011992e+01 -2.813033e-02 
 3.012031e+01 -2.853900e-02 
 3.012071e+01 -2.895494e-02 
 3.012111e+01 -2.937287e-02 
 3.012151e+01 -2.978657e-02 
 3.012190e+01 -3.018867e-02 
 3.012230e+01 -3.056792e-02 
 3.012270e+01 -3.091677e-02 
 3.012310e+01 -3.123032e-02 
 3.012350e+01 -3.150239e-02 
 3.012389e+01 -3.172818e-02 
 3.012429e+01 -3.190430e-02 
 3.012469e+01 -3.203050e-02 
 3.012509e+01 -3.211047e-02 
 3.012548e+01 -3.215192e-02 
 3.012588e+01 -3.216407e-02 
 3.012628e+01 -3.215679e-02 
 3.012668e+01 -3.214185e-02 
 3.012707e+01 -3.212476e-02 
 3.012747e+01 -3.211017e-02 
 3.012787e+01 -3.209814e-02 
 3.012827e+01 -3.208600e-02 
 3.012867e+01 -3.207077e-02 
 3.012906e+01 -3.205138e-02 
 3.012946e+01 -3.202711e-02 
 3.012986e+01 -3.199373e-02 
 3.013026e+01 -3.194510e-02 
 3.013065e+01 -3.187060e-02 
 3.013105e+01 -3.176081e-02 
 3.013145e+01 -3.161223e-02 
 3.013185e+01 -3.142040e-02 
 3.013224e+01 -3.119019e-02 
 3.013264e+01 -3.092874e-02 
 3.013304e+01 -3.064636e-02 
 3.013344e+01 -3.035063e-02 
 3.013384e+01 -3.004653e-02 
 3.013423e+01 -2.973522e-02 
 3.013463e+01 -2.941477e-02 
 3.013503e+01 -2.908726e-02 
 3.013543e+01 -2.876040e-02 
 3.013582e+01 -2.844218e-02 
 3.013622e+01 -2.813713e-02 
 3.013662e+01 -2.784303e-02 
 3.013702e+01 -2.755114e-02 
 3.013741e+01 -2.724890e-02 
 3.013781e+01 -2.692311e-02 
 3.013821e+01 -2.656054e-02 
 3.013861e+01 -2.615226e-02 
 3.013901e+01 -2.569767e-02 
 3.013940e+01 -2.519693e-02 
 3.013980e+01 -2.465309e-02 
 3.014020e+01 -2.406395e-02 
 3.014060e+01 -2.342805e-02 
 3.014099e+01 -2.273967e-02 
 3.014139e+01 -2.199883e-02 
 3.014179e+01 -2.121054e-02 
 3.014219e+01 -2.038301e-02 
 3.014258e+01 -1.952662e-02 
 3.014298e+01 -1.865051e-02 
 3.014338e+01 -1.776087e-02 
 3.014378e+01 -1.686484e-02 
 3.014418e+01 -1.596734e-02 
 3.014457e+01 -1.507084e-02 
 3.014497e+01 -1.417904e-02 
 3.014537e+01 -1.329757e-02 
 3.014577e+01 -1.243151e-02 
 3.014616e+01 -1.158369e-02 
 3.014656e+01 -1.075366e-02 
 3.014696e+01 -9.936823e-03 
 3.014736e+01 -9.129631e-03 
 3.014775e+01 -8.327101e-03 
 3.014815e+01 -7.527055e-03 
 3.014855e+01 -6.726719e-03 
 3.014895e+01 -5.922883e-03 
 3.014935e+01 -5.109961e-03 
 3.014974e+01 -4.282651e-03 
 3.015014e+01 -3.439439e-03 
 3.015054e+01 -2.579904e-03 
 3.015094e+01 -1.707458e-03 
 3.015133e+01 -8.317994e-04 
 3.015173e+01  3.572457e-05 
 3.015213e+01  8.851527e-04 
 3.015253e+01  1.706677e-03 
 3.015292e+01  2.495634e-03 
 3.015332e+01  3.249038e-03 
 3.015372e+01  3.963592e-03 
 3.015412e+01  4.636005e-03 
 3.015452e+01  5.262959e-03 
 3.015491e+01  5.842231e-03 
 3.015531e+01  6.377398e-03 
 3.015571e+01  6.875944e-03 
 3.015611e+01  7.351387e-03 
 3.015650e+01  7.816279e-03 
 3.015690e+01  8.283512e-03 
 3.015730e+01  8.755943e-03 
 3.015770e+01  9.232151e-03 
 3.015809e+01  9.702155e-03 
 3.015849e+01  1.015510e-02 
 3.015889e+01  1.058015e-02 
 3.015929e+01  1.096936e-02 
 3.015969e+01  1.131688e-02 
 3.016008e+01  1.161685e-02 
 3.016048e+01  1.186207e-02 
 3.016088e+01  1.204445e-02 
 3.016128e+01  1.215128e-02 
 3.016167e+01  1.217344e-02 
 3.016207e+01  1.210590e-02 
 3.016247e+01  1.194783e-02 
 3.016287e+01  1.170357e-02 
 3.016326e+01  1.138157e-02 
 3.016366e+01  1.099172e-02 
 3.016406e+01  1.053979e-02 
 3.016446e+01  1.003048e-02 
 3.016486e+01  9.465548e-03 
 3.016525e+01  8.850931e-03 
 3.016565e+01  8.193244e-03 
 3.016605e+01  7.500889e-03 
 3.016645e+01  6.782959e-03 
 3.016684e+01  6.045275e-03 
 3.016724e+01  5.292663e-03 
 3.016764e+01  4.528732e-03 
 3.016804e+01  3.755169e-03 
 3.016843e+01  2.971958e-03 
 3.016883e+01  2.179280e-03 
 3.016923e+01  1.376238e-03 
 3.016963e+01  5.634166e-04 
 3.017003e+01 -2.620971e-04 
 3.017042e+01 -1.102091e-03 
 3.017082e+01 -1.961093e-03 
 3.017122e+01 -2.841422e-03 
 3.017162e+01 -3.742644e-03 
 3.017201e+01 -4.663467e-03 
 3.017241e+01 -5.599328e-03 
 3.017281e+01 -6.548484e-03 
 3.017321e+01 -7.504845e-03 
 3.017360e+01 -8.462909e-03 
 3.017400e+01 -9.416255e-03 
 3.017440e+01 -1.035403e-02 
 3.017480e+01 -1.126512e-02 
 3.017520e+01 -1.214242e-02 
 3.017559e+01 -1.298027e-02 
 3.017599e+01 -1.377612e-02 
 3.017639e+01 -1.453312e-02 
 3.017679e+01 -1.525744e-02 
 3.017718e+01 -1.595752e-02 
 3.017758e+01 -1.664224e-02 
 3.017798e+01 -1.731894e-02 
 3.017838e+01 -1.799171e-02 
 3.017877e+01 -1.866436e-02 
 3.017917e+01 -1.933932e-02 
 3.017957e+01 -2.001952e-02 
 3.017997e+01 -2.070729e-02 
 3.018037e+01 -2.140348e-02 
 3.018076e+01 -2.210503e-02 
 3.018116e+01 -2.280897e-02 
 3.018156e+01 -2.350874e-02 
 3.018196e+01 -2.419319e-02 
 3.018235e+01 -2.484987e-02 
 3.018275e+01 -2.546794e-02 
 3.018315e+01 -2.603864e-02 
 3.018355e+01 -2.655883e-02 
 3.018394e+01 -2.702597e-02 
 3.018434e+01 -2.743831e-02 
 3.018474e+01 -2.779716e-02 
 3.018514e+01 -2.810219e-02 
 3.018554e+01 -2.835591e-02 
 3.018593e+01 -2.855921e-02 
 3.018633e+01 -2.871799e-02 
 3.018673e+01 -2.884000e-02 
 3.018713e+01 -2.893437e-02 
 3.018752e+01 -2.901291e-02 
 3.018792e+01 -2.908534e-02 
 3.018832e+01 -2.915486e-02 
 3.018872e+01 -2.921914e-02 
 3.018911e+01 -2.927441e-02 
 3.018951e+01 -2.931627e-02 
 3.018991e+01 -2.933974e-02 
 3.019031e+01 -2.934261e-02 
 3.019071e+01 -2.932539e-02 
 3.019110e+01 -2.929127e-02 
 3.019150e+01 -2.924395e-02 
 3.019190e+01 -2.918649e-02 
 3.019230e+01 -2.912007e-02 
 3.019269e+01 -2.904168e-02 
 3.019309e+01 -2.894781e-02 
 3.019349e+01 -2.883650e-02 
 3.019389e+01 -2.871137e-02 
 3.019428e+01 -2.857465e-02 
 3.019468e+01 -2.842854e-02 
 3.019508e+01 -2.827597e-02 
 3.019548e+01 -2.811987e-02 
 3.019588e+01 -2.796272e-02 
 3.019627e+01 -2.780730e-02 
 3.019667e+01 -2.765792e-02 
 3.019707e+01 -2.751607e-02 
 3.019747e+01 -2.738453e-02 
 3.019786e+01 -2.726556e-02 
 3.019826e+01 -2.715977e-02 
 3.019866e+01 -2.706466e-02 
 3.019906e+01 -2.697557e-02 
 3.019945e+01 -2.688535e-02 
 3.019985e+01 -2.678748e-02 
 3.020025e+01 -2.667478e-02 
 3.020065e+01 -2.654121e-02 
 3.020105e+01 -2.638090e-02 
 3.020144e+01 -2.618898e-02 
 3.020184e+01 -2.596345e-02 
 3.020224e+01 -2.570688e-02 
 3.020264e+01 -2.542681e-02 
 3.020303e+01 -2.513196e-02 
 3.020343e+01 -2.483262e-02 
 3.020383e+01 -2.453932e-02 
 3.020423e+01 -2.425928e-02 
 3.020463e+01 -2.399865e-02 
 3.020502e+01 -2.376277e-02 
 3.020542e+01 -2.355702e-02 
 3.020582e+01 -2.338606e-02 
 3.020622e+01 -2.325576e-02 
 3.020661e+01 -2.317075e-02 
 3.020701e+01 -2.313167e-02 
 3.020741e+01 -2.313299e-02 
 3.020781e+01 -2.316726e-02 
 3.020820e+01 -2.322535e-02 
 3.020860e+01 -2.330009e-02 
 3.020900e+01 -2.338755e-02 
 3.020940e+01 -2.348989e-02 
 3.020980e+01 -2.361233e-02 
 3.021019e+01 -2.376053e-02 
 3.021059e+01 -2.393725e-02 
 3.021099e+01 -2.414391e-02 
 3.021139e+01 -2.437796e-02 
 3.021178e+01 -2.463740e-02 
 3.021218e+01 -2.492470e-02 
 3.021258e+01 -2.524302e-02 
 3.021298e+01 -2.559723e-02 
 3.021337e+01 -2.598961e-02 
 3.021377e+01 -2.642106e-02 
 3.021417e+01 -2.688737e-02 
 3.021457e+01 -2.738354e-02 
 3.021497e+01 -2.790187e-02 
 3.021536e+01 -2.843622e-02 
 3.021576e+01 -2.898118e-02 
 3.021616e+01 -2.953445e-02 
 3.021656e+01 -3.009590e-02 
 3.021695e+01 -3.065975e-02 
 3.021735e+01 -3.121982e-02 
 3.021775e+01 -3.176678e-02 
 3.021815e+01 -3.229438e-02 
 3.021854e+01 -3.279569e-02 
 3.021894e+01 -3.326999e-02 
 3.021934e+01 -3.371745e-02 
 3.021974e+01 -3.413733e-02 
 3.022014e+01 -3.453236e-02 
 3.022053e+01 -3.490671e-02 
 3.022093e+01 -3.526581e-02 
 3.022133e+01 -3.561549e-02 
 3.022173e+01 -3.596053e-02 
 3.022212e+01 -3.630376e-02 
 3.022252e+01 -3.664873e-02 
 3.022292e+01 -3.700022e-02 
 3.022332e+01 -3.735914e-02 
 3.022371e+01 -3.772169e-02 
 3.022411e+01 -3.808289e-02 
 3.022451e+01 -3.843695e-02 
 3.022491e+01 -3.877771e-02 
 3.022531e+01 -3.909922e-02 
 3.022570e+01 -3.939346e-02 
 3.022610e+01 -3.964869e-02 
 3.022650e+01 -3.985578e-02 
 3.022690e+01 -4.000574e-02 
 3.022729e+01 -4.009345e-02 
 3.022769e+01 -4.011641e-02 
 3.022809e+01 -4.007242e-02 
 3.022849e+01 -3.996217e-02 
 3.022888e+01 -3.979110e-02 
 3.022928e+01 -3.956539e-02 
 3.022968e+01 -3.928964e-02 
 3.023008e+01 -3.896596e-02 
 3.023048e+01 -3.859742e-02 
 3.023087e+01 -3.818520e-02 
 3.023127e+01 -3.773552e-02 
 3.023167e+01 -3.725473e-02 
 3.023207e+01 -3.674590e-02 
 3.023246e+01 -3.620771e-02 
 3.023286e+01 -3.563629e-02 
 3.023326e+01 -3.502395e-02 
 3.023366e+01 -3.436045e-02 
 3.023405e+01 -3.363777e-02 
 3.023445e+01 -3.285094e-02 
 3.023485e+01 -3.199857e-02 
 3.023525e+01 -3.108449e-02 
 3.023565e+01 -3.011380e-02 
 3.023604e+01 -2.909247e-02 
 3.023644e+01 -2.802334e-02 
 3.023684e+01 -2.691156e-02 
 3.023724e+01 -2.576322e-02 
 3.023763e+01 -2.458903e-02 
 3.023803e+01 -2.340023e-02 
 3.023843e+01 -2.220728e-02 
 3.023883e+01 -2.102310e-02 
 3.023922e+01 -1.985562e-02 
 3.023962e+01 -1.871115e-02 
 3.024002e+01 -1.759328e-02 
 3.024042e+01 -1.650068e-02 
 3.024082e+01 -1.543145e-02 
 3.024121e+01 -1.438308e-02 
 3.024161e+01 -1.335586e-02 
 3.024201e+01 -1.234998e-02 
 3.024241e+01 -1.136504e-02 
 3.024280e+01 -1.040166e-02 
 3.024320e+01 -9.457629e-03 
 3.024360e+01 -8.529367e-03 
 3.024400e+01 -7.612921e-03 
 3.024439e+01 -6.699442e-03 
 3.024479e+01 -5.781456e-03 
 3.024519e+01 -4.853348e-03 
 3.024559e+01 -3.912138e-03 
 3.024599e+01 -2.960913e-03 
 3.024638e+01 -2.003608e-03 
 3.024678e+01 -1.048289e-03 
 3.024718e+01 -1.010135e-04 
 3.024758e+01  8.288591e-04 
 3.024797e+01  1.732747e-03 
 3.024837e+01  2.603604e-03 
 3.024877e+01  3.435536e-03 
 3.024917e+01  4.220680e-03 
 3.024956e+01  4.956907e-03 
 3.024996e+01  5.640786e-03 
 3.025036e+01  6.273026e-03 
 3.025076e+01  6.857552e-03 
 3.025116e+01  7.400058e-03 
 3.025155e+01  7.907148e-03 
 3.025195e+01  8.385948e-03 
 3.025235e+01  8.843234e-03 
 3.025275e+01  9.281456e-03 
 3.025314e+01  9.703389e-03 
 3.025354e+01  1.011050e-02 
 3.025394e+01  1.049881e-02 
 3.025434e+01  1.086104e-02 
 3.025473e+01  1.118957e-02 
 3.025513e+01  1.147549e-02 
 3.025553e+01  1.170963e-02 
 3.025593e+01  1.188524e-02 
 3.025633e+01  1.199553e-02 
 3.025672e+01  1.203490e-02 
 3.025712e+01  1.200152e-02 
 3.025752e+01  1.189086e-02 
 3.025792e+01  1.170195e-02 
 3.025831e+01  1.143629e-02 
 3.025871e+01  1.109631e-02 
 3.025911e+01  1.069339e-02 
 3.025951e+01  1.024181e-02 
 3.025990e+01  9.754650e-03 
 3.026030e+01  9.240978e-03 
 3.026070e+01  8.709740e-03 
 3.026110e+01  8.162970e-03 
 3.026150e+01  7.601520e-03 
 3.026189e+01  7.027574e-03 
 3.026229e+01  6.441835e-03 
 3.026269e+01  5.845992e-03 
 3.026309e+01  5.242802e-03 
 3.026348e+01  4.635703e-03 
 3.026388e+01  4.024567e-03 
 3.026428e+01  3.404479e-03 
 3.026468e+01  2.770755e-03 
 3.026507e+01  2.117294e-03 
 3.026547e+01  1.438732e-03 
 3.026587e+01  7.320391e-04 
 3.026627e+01 -4.697573e-06 
 3.026667e+01 -7.725884e-04 
 3.026706e+01 -1.575406e-03 
 3.026746e+01 -2.412639e-03 
 3.026786e+01 -3.283786e-03 
 3.026826e+01 -4.187119e-03 
 3.026865e+01 -5.118813e-03 
 3.026905e+01 -6.072521e-03 
 3.026945e+01 -7.039761e-03 
 3.026985e+01 -8.010470e-03 
 3.027024e+01 -8.976613e-03 
 3.027064e+01 -9.930915e-03 
 3.027104e+01 -1.086931e-02 
 3.027144e+01 -1.179040e-02 
 3.027184e+01 -1.269229e-02 
 3.027223e+01 -1.357239e-02 
 3.027263e+01 -1.443162e-02 
 3.027303e+01 -1.527118e-02 
 3.027343e+01 -1.609281e-02 
 3.027382e+01 -1.689919e-02 
 3.027422e+01 -1.769357e-02 
 3.027462e+01 -1.847796e-02 
 3.027502e+01 -1.925455e-02 
 3.027541e+01 -2.002389e-02 
 3.027581e+01 -2.078317e-02 
 3.027621e+01 -2.152687e-02 
 3.027661e+01 -2.224986e-02 
 3.027701e+01 -2.294367e-02 
 3.027740e+01 -2.360147e-02 
 3.027780e+01 -2.421346e-02 
 3.027820e+01 -2.476745e-02 
 3.027860e+01 -2.525190e-02 
 3.027899e+01 -2.565792e-02 
 3.027939e+01 -2.598192e-02 
 3.027979e+01 -2.622334e-02 
 3.028019e+01 -2.638542e-02 
 3.028058e+01 -2.647308e-02 
 3.028098e+01 -2.649371e-02 
 3.028138e+01 -2.645580e-02 
 3.028178e+01 -2.636645e-02 
 3.028218e+01 -2.623245e-02 
 3.028257e+01 -2.606326e-02 
 3.028297e+01 -2.586838e-02 
 3.028337e+01 -2.565888e-02 
 3.028377e+01 -2.544440e-02 
 3.028416e+01 -2.522911e-02 
 3.028456e+01 -2.500953e-02 
 3.028496e+01 -2.478061e-02 
 3.028536e+01 -2.453802e-02 
 3.028575e+01 -2.427680e-02 
 3.028615e+01 -2.399556e-02 
 3.028655e+01 -2.369591e-02 
 3.028695e+01 -2.338272e-02 
 3.028735e+01 -2.305952e-02 
 3.028774e+01 -2.272980e-02 
 3.028814e+01 -2.239225e-02 
 3.028854e+01 -2.204407e-02 
 3.028894e+01 -2.168417e-02 
 3.028933e+01 -2.131394e-02 
 3.028973e+01 -2.093768e-02 
 3.029013e+01 -2.056028e-02 
 3.029053e+01 -2.018615e-02 
 3.029092e+01 -1.982018e-02 
 3.029132e+01 -1.946416e-02 
 3.029172e+01 -1.911936e-02 
 3.029212e+01 -1.878828e-02 
 3.029252e+01 -1.847354e-02 
 3.029291e+01 -1.817806e-02 
 3.029331e+01 -1.790636e-02 
 3.029371e+01 -1.766288e-02 
 3.029411e+01 -1.745045e-02 
 3.029450e+01 -1.726697e-02 
 3.029490e+01 -1.710959e-02 
 3.029530e+01 -1.697609e-02 
 3.029570e+01 -1.685917e-02 
 3.029610e+01 -1.675602e-02 
 3.029649e+01 -1.666396e-02 
 3.029689e+01 -1.657907e-02 
 3.029729e+01 -1.650042e-02 
 3.029769e+01 -1.642989e-02 
 3.029808e+01 -1.637412e-02 
 3.029848e+01 -1.634063e-02 
 3.029888e+01 -1.633810e-02 
 3.029928e+01 -1.637431e-02 
 3.029967e+01 -1.645631e-02 
 3.030007e+01 -1.659036e-02 
 3.030047e+01 -1.678272e-02 
 3.030087e+01 -1.703744e-02 
 3.030127e+01 -1.735662e-02 
 3.030166e+01 -1.774144e-02 
 3.030206e+01 -1.819035e-02 
 3.030246e+01 -1.870026e-02 
 3.030286e+01 -1.926333e-02 
 3.030325e+01 -1.986940e-02 
 3.030365e+01 -2.050621e-02 
 3.030405e+01 -2.116442e-02 
 3.030445e+01 -2.183312e-02 
 3.030484e+01 -2.250692e-02 
 3.030524e+01 -2.318235e-02 
 3.030564e+01 -2.385727e-02 
 3.030604e+01 -2.453494e-02 
 3.030644e+01 -2.521626e-02 
 3.030683e+01 -2.590227e-02 
 3.030723e+01 -2.659066e-02 
 3.030763e+01 -2.728188e-02 
 3.030803e+01 -2.797746e-02 
 3.030842e+01 -2.867788e-02 
 3.030882e+01 -2.938622e-02 
 3.030922e+01 -3.010474e-02 
 3.030962e+01 -3.083357e-02 
 3.031001e+01 -3.157144e-02 
 3.031041e+01 -3.231345e-02 
 3.031081e+01 -3.305027e-02 
 3.031121e+01 -3.377478e-02 
 3.031161e+01 -3.448090e-02 
 3.031200e+01 -3.516599e-02 
 3.031240e+01 -3.582985e-02 
 3.031280e+01 -3.647427e-02 
 3.031320e+01 -3.709778e-02 
 3.031359e+01 -3.769897e-02 
 3.031399e+01 -3.827419e-02 
 3.031439e+01 -3.882212e-02 
 3.031479e+01 -3.934067e-02 
 3.031518e+01 -3.983059e-02 
 3.031558e+01 -4.029541e-02 
 3.031598e+01 -4.073962e-02 
 3.031638e+01 -4.117040e-02 
 3.031678e+01 -4.159252e-02 
 3.031717e+01 -4.201080e-02 
 3.031757e+01 -4.242591e-02 
 3.031797e+01 -4.283646e-02 
 3.031837e+01 -4.324249e-02 
 3.031876e+01 -4.364462e-02 
 3.031916e+01 -4.404189e-02 
 3.031956e+01 -4.442937e-02 
 3.031996e+01 -4.480096e-02 
 3.032035e+01 -4.514915e-02 
 3.032075e+01 -4.546538e-02 
 3.032115e+01 -4.574012e-02 
 3.032155e+01 -4.596437e-02 
 3.032195e+01 -4.612853e-02 
 3.032234e+01 -4.622653e-02 
 3.032274e+01 -4.625594e-02 
 3.032314e+01 -4.621303e-02 
 3.032354e+01 -4.609430e-02 
 3.032393e+01 -4.589678e-02 
 3.032433e+01 -4.562038e-02 
 3.032473e+01 -4.527068e-02 
 3.032513e+01 -4.485570e-02 
 3.032552e+01 -4.438618e-02 
 3.032592e+01 -4.386871e-02 
 3.032632e+01 -4.331257e-02 
 3.032672e+01 -4.272286e-02 
 3.032712e+01 -4.210546e-02 
 3.032751e+01 -4.146230e-02 
 3.032791e+01 -4.079272e-02 
 3.032831e+01 -4.009616e-02 
 3.032871e+01 -3.937182e-02 
 3.032910e+01 -3.861539e-02 
 3.032950e+01 -3.782048e-02 
 3.032990e+01 -3.697341e-02 
 3.033030e+01 -3.606751e-02 
 3.033069e+01 -3.509864e-02 
 3.033109e+01 -3.406837e-02 
 3.033149e+01 -3.298358e-02 
 3.033189e+01 -3.185278e-02 
 3.033229e+01 -3.068659e-02 
 3.033268e+01 -2.949244e-02 
 3.033308e+01 -2.827736e-02 
 3.033348e+01 -2.704478e-02 
 3.033388e+01 -2.579987e-02 
 3.033427e+01 -2.454704e-02 
 3.033467e+01 -2.329608e-02 
 3.033507e+01 -2.205556e-02 
 3.033547e+01 -2.082995e-02 
 3.033586e+01 -1.961953e-02 
 3.033626e+01 -1.841977e-02 
 3.033666e+01 -1.722383e-02 
 3.033706e+01 -1.602678e-02 
 3.033746e+01 -1.482655e-02 
 3.033785e+01 -1.362514e-02 
 3.033825e+01 -1.242474e-02 
 3.033865e+01 -1.122709e-02 
 3.033905e+01 -1.003127e-02 
 3.033944e+01 -8.834099e-03 
 3.033984e+01 -7.630309e-03 
 3.034024e+01 -6.414302e-03 
 3.034064e+01 -5.188111e-03 
 3.034103e+01 -3.955390e-03 
 3.034143e+01 -2.723354e-03 
 3.034183e+01 -1.502756e-03 
 3.034223e+01 -3.008365e-04 
 3.034263e+01  8.772259e-04 
 3.034302e+01  2.024330e-03 
 3.034342e+01  3.131828e-03 
 3.034382e+01  4.187574e-03 
 3.034422e+01  5.178499e-03 
 3.034461e+01  6.094836e-03 
 3.034501e+01  6.925592e-03 
 3.034541e+01  7.667032e-03 
 3.034581e+01  8.318610e-03 
 3.034620e+01  8.883012e-03 
 3.034660e+01  9.365115e-03 
 3.034700e+01  9.772283e-03 
 3.034740e+01  1.010907e-02 
 3.034780e+01  1.038056e-02 
 3.034819e+01  1.059441e-02 
 3.034859e+01  1.075714e-02 
 3.034899e+01  1.087621e-02 
 3.034939e+01  1.095653e-02 
 3.034978e+01  1.099703e-02 
 3.035018e+01  1.099282e-02 
 3.035058e+01  1.093794e-02 
 3.035098e+01  1.082492e-02 
 3.035137e+01  1.064764e-02 
 3.035177e+01  1.040223e-02 
 3.035217e+01  1.008994e-02 
 3.035257e+01  9.712739e-03 
 3.035297e+01  9.272870e-03 
 3.035336e+01  8.772703e-03 
 3.035376e+01  8.210854e-03 
 3.035416e+01  7.592883e-03 
 3.035456e+01  6.925994e-03 
 3.035495e+01  6.223692e-03 
 3.035535e+01  5.501000e-03 
 3.035575e+01  4.772177e-03 
 3.035615e+01  4.048663e-03 
 3.035654e+01  3.335232e-03 
 3.035694e+01  2.633210e-03 
 3.035734e+01  1.939744e-03 
 3.035774e+01  1.253462e-03 
 3.035814e+01  5.750605e-04 
 3.035853e+01 -9.347309e-05 
 3.035893e+01 -7.501141e-04 
 3.035933e+01 -1.395024e-03 
 3.035973e+01 -2.034196e-03 
 3.036012e+01 -2.678790e-03 
 3.036052e+01 -3.338810e-03 
 3.036092e+01 -4.022342e-03 
 3.036132e+01 -4.730126e-03 
 3.036171e+01 -5.458844e-03 
 3.036211e+01 -6.202558e-03 
 3.036251e+01 -6.955693e-03 
 3.036291e+01 -7.714684e-03 
 3.036331e+01 -8.479492e-03 
 3.036370e+01 -9.247198e-03 
 3.036410e+01 -1.001626e-02 
 3.036450e+01 -1.078088e-02 
 3.036490e+01 -1.153478e-02 
 3.036529e+01 -1.226937e-02 
 3.036569e+01 -1.297444e-02 
 3.036609e+01 -1.364701e-02 
 3.036649e+01 -1.428492e-02 
 3.036688e+01 -1.488646e-02 
 3.036728e+01 -1.544665e-02 
 3.036768e+01 -1.596124e-02 
 3.036808e+01 -1.642653e-02 
 3.036848e+01 -1.684278e-02 
 3.036887e+01 -1.721115e-02 
 3.036927e+01 -1.753894e-02 
 3.036967e+01 -1.783111e-02 
 3.037007e+01 -1.809491e-02 
 3.037046e+01 -1.833632e-02 
 3.037086e+01 -1.855667e-02 
 3.037126e+01 -1.875492e-02 
 3.037166e+01 -1.892852e-02 
 3.037205e+01 -1.907498e-02 
 3.037245e+01 -1.919495e-02 
 3.037285e+01 -1.928662e-02 
 3.037325e+01 -1.934661e-02 
 3.037365e+01 -1.936965e-02 
 3.037404e+01 -1.934663e-02 
 3.037444e+01 -1.927042e-02 
 3.037484e+01 -1.913878e-02 
 3.037524e+01 -1.895325e-02 
 3.037563e+01 -1.871732e-02 
 3.037603e+01 -1.844083e-02 
 3.037643e+01 -1.813667e-02 
 3.037683e+01 -1.781563e-02 
 3.037722e+01 -1.748542e-02 
 3.037762e+01 -1.715253e-02 
 3.037802e+01 -1.682282e-02 
 3.037842e+01 -1.650405e-02 
 3.037882e+01 -1.620686e-02 
 3.037921e+01 -1.593906e-02 
 3.037961e+01 -1.570508e-02 
 3.038001e+01 -1.550177e-02 
 3.038041e+01 -1.532093e-02 
 3.038080e+01 -1.515181e-02 
 3.038120e+01 -1.498222e-02 
 3.038160e+01 -1.480206e-02 
 3.038200e+01 -1.460679e-02 
 3.038239e+01 -1.439627e-02 
 3.038279e+01 -1.417412e-02 
 3.038319e+01 -1.394302e-02 
 3.038359e+01 -1.370346e-02 
 3.038399e+01 -1.344978e-02 
 3.038438e+01 -1.317877e-02 
 3.038478e+01 -1.289076e-02 
 3.038518e+01 -1.259099e-02 
 3.038558e+01 -1.228723e-02 
 3.038597e+01 -1.198804e-02 
 3.038637e+01 -1.169875e-02 
 3.038677e+01 -1.142279e-02 
 3.038717e+01 -1.115943e-02 
 3.038756e+01 -1.090889e-02 
 3.038796e+01 -1.067222e-02 
 3.038836e+01 -1.045284e-02 
 3.038876e+01 -1.025855e-02 
 3.038916e+01 -1.009595e-02 
 3.038955e+01 -9.970792e-03 
 3.038995e+01 -9.885728e-03 
 3.039035e+01 -9.837036e-03 
 3.039075e+01 -9.820078e-03 
 3.039114e+01 -9.831944e-03 
 3.039154e+01 -9.872090e-03 
 3.039194e+01 -9.941253e-03 
 3.039234e+01 -1.003829e-02 
 3.039274e+01 -1.016472e-02 
 3.039313e+01 -1.032021e-02 
 3.039353e+01 -1.050595e-02 
 3.039393e+01 -1.072507e-02 
 3.039433e+01 -1.098253e-02 
 3.039472e+01 -1.128812e-02 
 3.039512e+01 -1.165125e-02 
 3.039552e+01 -1.208111e-02 
 3.039592e+01 -1.258280e-02 
 3.039631e+01 -1.315590e-02 
 3.039671e+01 -1.379683e-02 
 3.039711e+01 -1.450122e-02 
 3.039751e+01 -1.526486e-02 
 3.039791e+01 -1.608465e-02 
 3.039830e+01 -1.695738e-02 
 3.039870e+01 -1.787604e-02 
 3.039910e+01 -1.883175e-02 
 3.039950e+01 -1.981184e-02 
 3.039989e+01 -2.080168e-02 
 3.040029e+01 -2.178520e-02 
 3.040069e+01 -2.275214e-02 
 3.040109e+01 -2.370125e-02 
 3.040148e+01 -2.463790e-02 
 3.040188e+01 -2.556697e-02 
 3.040228e+01 -2.649492e-02 
 3.040268e+01 -2.742471e-02 
 3.040308e+01 -2.835646e-02 
 3.040347e+01 -2.928812e-02 
 3.040387e+01 -3.022083e-02 
 3.040427e+01 -3.115934e-02 
 3.040467e+01 -3.210877e-02 
 3.040506e+01 -3.307505e-02 
 3.040546e+01 -3.406162e-02 
 3.040586e+01 -3.506501e-02 
 3.040626e+01 -3.607613e-02 
 3.040665e+01 -3.708206e-02 
 3.040705e+01 -3.807017e-02 
 3.040745e+01 -3.903201e-02 
 3.040785e+01 -3.996334e-02 
 3.040825e+01 -4.086508e-02 
 3.040864e+01 -4.173755e-02 
 3.040904e+01 -4.257928e-02 
 3.040944e+01 -4.338591e-02 
 3.040984e+01 -4.415206e-02 
 3.041023e+01 -4.487702e-02 
 3.041063e+01 -4.555833e-02 
 3.041103e+01 -4.620073e-02 
 3.041143e+01 -4.680813e-02 
 3.041182e+01 -4.738393e-02 
 3.041222e+01 -4.792720e-02 
 3.041262e+01 -4.843398e-02 
 3.041302e+01 -4.889974e-02 
 3.041342e+01 -4.932133e-02 
 3.041381e+01 -4.969724e-02 
 3.041421e+01 -5.003252e-02 
 3.041461e+01 -5.032872e-02 
 3.041501e+01 -5.058636e-02 
 3.041540e+01 -5.079826e-02 
 3.041580e+01 -5.095650e-02 
 3.041620e+01 -5.104921e-02 
 3.041660e+01 -5.106664e-02 
 3.041699e+01 -5.100427e-02 
 3.041739e+01 -5.085819e-02 
 3.041779e+01 -5.062850e-02 
 3.041819e+01 -5.031079e-02 
 3.041859e+01 -4.990216e-02 
 3.041898e+01 -4.940057e-02 
 3.041938e+01 -4.880477e-02 
 3.041978e+01 -4.812061e-02 
 3.042018e+01 -4.735999e-02 
 3.042057e+01 -4.653998e-02 
 3.042097e+01 -4.567652e-02 
 3.042137e+01 -4.478193e-02 
 3.042177e+01 -4.386544e-02 
 3.042216e+01 -4.293125e-02 
 3.042256e+01 -4.198220e-02 
 3.042296e+01 -4.102409e-02 
 3.042336e+01 -4.006315e-02 
 3.042376e+01 -3.910516e-02 
 3.042415e+01 -3.815144e-02 
 3.042455e+01 -3.720030e-02 
 3.042495e+01 -3.624146e-02 
 3.042535e+01 -3.526401e-02 
 3.042574e+01 -3.425734e-02 
 3.042614e+01 -3.321516e-02 
 3.042654e+01 -3.213990e-02 
 3.042694e+01 -3.103589e-02 
 3.042733e+01 -2.991213e-02 
 3.042773e+01 -2.877484e-02 
 3.042813e+01 -2.762770e-02 
 3.042853e+01 -2.647308e-02 
 3.042893e+01 -2.531355e-02 
 3.042932e+01 -2.415513e-02 
 3.042972e+01 -2.300702e-02 
 3.043012e+01 -2.187938e-02 
 3.043052e+01 -2.078103e-02 
 3.043091e+01 -1.971623e-02 
 3.043131e+01 -1.868139e-02 
 3.043171e+01 -1.766753e-02 
 3.043211e+01 -1.666256e-02 
 3.043250e+01 -1.566064e-02 
 3.043290e+01 -1.465993e-02 
 3.043330e+01 -1.366410e-02 
 3.043370e+01 -1.267921e-02 
 3.043410e+01 -1.170856e-02 
 3.043449e+01 -1.075218e-02 
 3.043489e+01 -9.806865e-03 
 3.043529e+01 -8.867593e-03 
 3.043569e+01 -7.931932e-03 
 3.043608e+01 -6.999603e-03 
 3.043648e+01 -6.074348e-03 
 3.043688e+01 -5.162773e-03 
 3.043728e+01 -4.271976e-03 
 3.043767e+01 -3.406820e-03 
 3.043807e+01 -2.572019e-03 
 3.043847e+01 -1.772763e-03 
 3.043887e+01 -1.015384e-03 
 3.043927e+01 -3.133217e-04 
 3.043966e+01  3.221744e-04 
 3.044006e+01  8.811821e-04 
 3.044046e+01  1.358304e-03 
 3.044086e+01  1.754196e-03 
 3.044125e+01  2.073732e-03 
 3.044165e+01  2.323946e-03 
 3.044205e+01  2.509790e-03 
 3.044245e+01  2.635779e-03 
 3.044284e+01  2.706690e-03 
 3.044324e+01  2.729179e-03 
 3.044364e+01  2.712890e-03 
 3.044404e+01  2.669714e-03 
 3.044444e+01  2.611744e-03 
 3.044483e+01  2.548858e-03 
 3.044523e+01  2.482501e-03 
 3.044563e+01  2.408625e-03 
 3.044603e+01  2.317795e-03 
 3.044642e+01  2.200393e-03 
 3.044682e+01  2.049333e-03 
 3.044722e+01  1.864032e-03 
 3.044762e+01  1.644653e-03 
 3.044801e+01  1.393484e-03 
 3.044841e+01  1.109711e-03 
 3.044881e+01  7.893444e-04 
 3.044921e+01  4.267044e-04 
 3.044961e+01  1.855825e-05 
 3.045000e+01 -4.324932e-04 
 3.045040e+01 -9.163684e-04 
 3.045080e+01 -1.418713e-03 
 3.045120e+01 -1.924306e-03 
 3.045159e+01 -2.420372e-03 
 3.045199e+01 -2.903446e-03 
 3.045239e+01 -3.374133e-03 
 3.045279e+01 -3.837461e-03 
 3.045318e+01 -4.297122e-03 
 3.045358e+01 -4.756368e-03 
 3.045398e+01 -5.216085e-03 
 3.045438e+01 -5.675139e-03 
 3.045478e+01 -6.135493e-03 
 3.045517e+01 -6.603172e-03 
 3.045557e+01 -7.084720e-03 
 3.045597e+01 -7.588322e-03 
 3.045637e+01 -8.119559e-03 
 3.045676e+01 -8.676234e-03 
 3.045716e+01 -9.253619e-03 
 3.045756e+01 -9.844113e-03 
 3.045796e+01 -1.044109e-02 
 3.045835e+01 -1.103861e-02 
 3.045875e+01 -1.163167e-02 
 3.045915e+01 -1.221621e-02 
 3.045955e+01 -1.278857e-02 
 3.045995e+01 -1.334148e-02 
 3.046034e+01 -1.386731e-02 
 3.046074e+01 -1.435717e-02 
 3.046114e+01 -1.480232e-02 
 3.046154e+01 -1.519646e-02 
 3.046193e+01 -1.553528e-02 
 3.046233e+01 -1.581747e-02 
 3.046273e+01 -1.603904e-02 
 3.046313e+01 -1.619653e-02 
 3.046352e+01 -1.628518e-02 
 3.046392e+01 -1.630512e-02 
 3.046432e+01 -1.625894e-02 
 3.046472e+01 -1.615456e-02 
 3.046512e+01 -1.600192e-02 
 3.046551e+01 -1.581440e-02 
 3.046591e+01 -1.560290e-02 
 3.046631e+01 -1.537344e-02 
 3.046671e+01 -1.512614e-02 
 3.046710e+01 -1.485917e-02 
 3.046750e+01 -1.456825e-02 
 3.046790e+01 -1.425201e-02 
 3.046830e+01 -1.391279e-02 
 3.046869e+01 -1.355325e-02 
 3.046909e+01 -1.317424e-02 
 3.046949e+01 -1.277093e-02 
 3.046989e+01 -1.233770e-02 
 3.047029e+01 -1.186825e-02 
 3.047068e+01 -1.135915e-02 
 3.047108e+01 -1.081296e-02 
 3.047148e+01 -1.023987e-02 
 3.047188e+01 -9.654347e-03 
 3.047227e+01 -9.069752e-03 
 3.047267e+01 -8.495849e-03 
 3.047307e+01 -7.938842e-03 
 3.047347e+01 -7.403157e-03 
 3.047386e+01 -6.891777e-03 
 3.047426e+01 -6.411862e-03 
 3.047466e+01 -5.971772e-03 
 3.047506e+01 -5.577106e-03 
 3.047546e+01 -5.229433e-03 
 3.047585e+01 -4.922149e-03 
 3.047625e+01 -4.644275e-03 
 3.047665e+01 -4.380592e-03 
 3.047705e+01 -4.118971e-03 
 3.047744e+01 -3.855058e-03 
 3.047784e+01 -3.588613e-03 
 3.047824e+01 -3.323876e-03 
 3.047864e+01 -3.068574e-03 
 3.047903e+01 -2.825593e-03 
 3.047943e+01 -2.596241e-03 
 3.047983e+01 -2.376437e-03 
 3.048023e+01 -2.165890e-03 
 3.048063e+01 -1.967278e-03 
 3.048102e+01 -1.786362e-03 
 3.048142e+01 -1.634455e-03 
 3.048182e+01 -1.520891e-03 
 3.048222e+01 -1.453420e-03 
 3.048261e+01 -1.433320e-03 
 3.048301e+01 -1.460380e-03 
 3.048341e+01 -1.533702e-03 
 3.048381e+01 -1.654924e-03 
 3.048421e+01 -1.826319e-03 
 3.048460e+01 -2.054942e-03 
 3.048500e+01 -2.345139e-03 
 3.048540e+01 -2.699370e-03 
 3.048580e+01 -3.112148e-03 
 3.048619e+01 -3.575889e-03 
 3.048659e+01 -4.085246e-03 
 3.048699e+01 -4.634616e-03 
 3.048739e+01 -5.222044e-03 
 3.048778e+01 -5.846157e-03 
 3.048818e+01 -6.505785e-03 
 3.048858e+01 -7.195254e-03 
 3.048898e+01 -7.910820e-03 
 3.048938e+01 -8.648003e-03 
 3.048977e+01 -9.402630e-03 
 3.049017e+01 -1.017722e-02 
 3.049057e+01 -1.097777e-02 
 3.049097e+01 -1.181061e-02 
 3.049136e+01 -1.268125e-02 
 3.049176e+01 -1.358791e-02 
 3.049216e+01 -1.452489e-02 
 3.049256e+01 -1.548478e-02 
 3.049295e+01 -1.646236e-02 
 3.049335e+01 -1.745514e-02 
 3.049375e+01 -1.846182e-02 
 3.049415e+01 -1.948114e-02 
 3.049455e+01 -2.050531e-02 
 3.049494e+01 -2.152602e-02 
 3.049534e+01 -2.252806e-02 
 3.049574e+01 -2.349836e-02 
 3.049614e+01 -2.442328e-02 
 3.049653e+01 -2.530357e-02 
 3.049693e+01 -2.614731e-02 
 3.049733e+01 -2.696740e-02 
 3.049773e+01 -2.777731e-02 
 3.049812e+01 -2.858514e-02 
 3.049852e+01 -2.939212e-02 
 3.049892e+01 -3.019627e-02 
 3.049932e+01 -3.099660e-02 
 3.049972e+01 -3.179572e-02 
 3.050011e+01 -3.260010e-02 
 3.050051e+01 -3.341968e-02 
 3.050091e+01 -3.426142e-02 
 3.050131e+01 -3.512550e-02 
 3.050170e+01 -3.600601e-02 
 3.050210e+01 -3.689121e-02 
 3.050250e+01 -3.776440e-02 
 3.050290e+01 -3.861618e-02 
 3.050329e+01 -3.944096e-02 
 3.050369e+01 -4.023764e-02 
 3.050409e+01 -4.100863e-02 
 3.050449e+01 -4.175337e-02 
 3.050489e+01 -4.246685e-02 
 3.050528e+01 -4.314523e-02 
 3.050568e+01 -4.378564e-02 
 3.050608e+01 -4.438601e-02 
 3.050648e+01 -4.495064e-02 
 3.050687e+01 -4.548604e-02 
 3.050727e+01 -4.599279e-02 
 3.050767e+01 -4.647300e-02 
 3.050807e+01 -4.692077e-02 
 3.050846e+01 -4.732816e-02 
 3.050886e+01 -4.769106e-02 
 3.050926e+01 -4.800809e-02 
 3.050966e+01 -4.828190e-02 
 3.051006e+01 -4.851569e-02 
 3.051045e+01 -4.871205e-02 
 3.051085e+01 -4.886490e-02 
 3.051125e+01 -4.896806e-02 
 3.051165e+01 -4.901210e-02 
 3.051204e+01 -4.898893e-02 
 3.051244e+01 -4.889396e-02 
 3.051284e+01 -4.872746e-02 
 3.051324e+01 -4.849201e-02 
 3.051363e+01 -4.818979e-02 
 3.051403e+01 -4.782165e-02 
 3.051443e+01 -4.738460e-02 
 3.051483e+01 -4.687686e-02 
 3.051523e+01 -4.630055e-02 
 3.051562e+01 -4.566536e-02 
 3.051602e+01 -4.498380e-02 
 3.051642e+01 -4.427246e-02 
 3.051682e+01 -4.354718e-02 
 3.051721e+01 -4.281702e-02 
 3.051761e+01 -4.208807e-02 
 3.051801e+01 -4.136080e-02 
 3.051841e+01 -4.063333e-02 
 3.051880e+01 -3.990414e-02 
 3.051920e+01 -3.917361e-02 
 3.051960e+01 -3.844329e-02 
 3.052000e+01 -3.770898e-02 
 3.052040e+01 -3.696509e-02 
 3.052079e+01 -3.619836e-02 
 3.052119e+01 -3.539523e-02 
 3.052159e+01 -3.454376e-02 
 3.052199e+01 -3.363970e-02 
 3.052238e+01 -3.268367e-02 
 3.052278e+01 -3.168428e-02 
 3.052318e+01 -3.065186e-02 
 3.052358e+01 -2.959551e-02 
 3.052397e+01 -2.852114e-02 
 3.052437e+01 -2.743430e-02 
 3.052477e+01 -2.633748e-02 
 3.052517e+01 -2.523845e-02 
 3.052557e+01 -2.414927e-02 
 3.052596e+01 -2.308183e-02 
 3.052636e+01 -2.204903e-02 
 3.052676e+01 -2.105762e-02 
 3.052716e+01 -2.010505e-02 
 3.052755e+01 -1.918426e-02 
 3.052795e+01 -1.828483e-02 
 3.052835e+01 -1.739700e-02 
 3.052875e+01 -1.651780e-02 
 3.052914e+01 -1.564802e-02 
 3.052954e+01 -1.479411e-02 
 3.052994e+01 -1.396150e-02 
 3.053034e+01 -1.315518e-02 
 3.053074e+01 -1.237571e-02 
 3.053113e+01 -1.161831e-02 
 3.053153e+01 -1.088183e-02 
 3.053193e+01 -1.016623e-02 
 3.053233e+01 -9.477328e-03 
 3.053272e+01 -8.823181e-03 
 3.053312e+01 -8.212666e-03 
 3.053352e+01 -7.652786e-03 
 3.053392e+01 -7.147051e-03 
 3.053431e+01 -6.698872e-03 
 3.053471e+01 -6.310244e-03 
 3.053511e+01 -5.986319e-03 
 3.053551e+01 -5.732877e-03 
 3.053591e+01 -5.554030e-03 
 3.053630e+01 -5.450443e-03 
 3.053670e+01 -5.417446e-03 
 3.053710e+01 -5.444465e-03 
 3.053750e+01 -5.520538e-03 
 3.053789e+01 -5.633706e-03 
 3.053829e+01 -5.775519e-03 
 3.053869e+01 -5.937998e-03 
 3.053909e+01 -6.113166e-03 
 3.053948e+01 -6.292834e-03 
 3.053988e+01 -6.464578e-03 
 3.054028e+01 -6.617429e-03 
 3.054068e+01 -6.743627e-03 
 3.054108e+01 -6.842220e-03 
 3.054147e+01 -6.919785e-03 
 3.054187e+01 -6.988024e-03 
 3.054227e+01 -7.058677e-03 
 3.054267e+01 -7.141220e-03 
 3.054306e+01 -7.238791e-03 
 3.054346e+01 -7.352081e-03 
 3.054386e+01 -7.480384e-03 
 3.054426e+01 -7.626836e-03 
 3.054465e+01 -7.793684e-03 
 3.054505e+01 -7.989904e-03 
 3.054545e+01 -8.220369e-03 
 3.054585e+01 -8.484902e-03 
 3.054625e+01 -8.773220e-03 
 3.054664e+01 -9.070777e-03 
 3.054704e+01 -9.358755e-03 
 3.054744e+01 -9.622952e-03 
 3.054784e+01 -9.858096e-03 
 3.054823e+01 -1.006312e-02 
 3.054863e+01 -1.024369e-02 
 3.054903e+01 -1.040513e-02 
 3.054943e+01 -1.055543e-02 
 3.054982e+01 -1.069694e-02 
 3.055022e+01 -1.082870e-02 
 3.055062e+01 -1.095108e-02 
 3.055102e+01 -1.106585e-02 
 3.055142e+01 -1.117769e-02 
 3.055181e+01 -1.129455e-02 
 3.055221e+01 -1.141964e-02 
 3.055261e+01 -1.155320e-02 
 3.055301e+01 -1.169036e-02 
 3.055340e+01 -1.182466e-02 
 3.055380e+01 -1.195173e-02 
 3.055420e+01 -1.206758e-02 
 3.055460e+01 -1.217056e-02 
 3.055499e+01 -1.225990e-02 
 3.055539e+01 -1.233502e-02 
 3.055579e+01 -1.239243e-02 
 3.055619e+01 -1.242395e-02 
 3.055659e+01 -1.241886e-02 
 3.055698e+01 -1.237048e-02 
 3.055738e+01 -1.227497e-02 
 3.055778e+01 -1.213597e-02 
 3.055818e+01 -1.195829e-02 
 3.055857e+01 -1.174704e-02 
 3.055897e+01 -1.150615e-02 
 3.055937e+01 -1.123753e-02 
 3.055977e+01 -1.094324e-02 
 3.056016e+01 -1.062663e-02 
 3.056056e+01 -1.029181e-02 
 3.056096e+01 -9.947018e-03 
 3.056136e+01 -9.603537e-03 
 3.056176e+01 -9.270628e-03 
 3.056215e+01 -8.953680e-03 
 3.056255e+01 -8.650970e-03 
 3.056295e+01 -8.360523e-03 
 3.056335e+01 -8.080379e-03 
 3.056374e+01 -7.808018e-03 
 3.056414e+01 -7.544976e-03 
 3.056454e+01 -7.290098e-03 
 3.056494e+01 -7.040651e-03 
 3.056533e+01 -6.789343e-03 
 3.056573e+01 -6.527691e-03 
 3.056613e+01 -6.247174e-03 
 3.056653e+01 -5.942620e-03 
 3.056693e+01 -5.613891e-03 
 3.056732e+01 -5.266477e-03 
 3.056772e+01 -4.909933e-03 
 3.056812e+01 -4.552306e-03 
 3.056852e+01 -4.198167e-03 
 3.056891e+01 -3.849920e-03 
 3.056931e+01 -3.507706e-03 
 3.056971e+01 -3.173559e-03 
 3.057011e+01 -2.850611e-03 
 3.057050e+01 -2.543641e-03 
 3.057090e+01 -2.254696e-03 
 3.057130e+01 -1.983289e-03 
 3.057170e+01 -1.723653e-03 
 3.057210e+01 -1.467123e-03 
 3.057249e+01 -1.202654e-03 
 3.057289e+01 -9.215069e-04 
 3.057329e+01 -6.217937e-04 
 3.057369e+01 -3.070941e-04 
 3.057408e+01  1.455911e-05 
 3.057448e+01  3.347285e-04 
 3.057488e+01  6.468446e-04 
 3.057528e+01  9.466741e-04 
 3.057568e+01  1.230809e-03 
 3.057607e+01  1.493752e-03 
 3.057647e+01  1.730228e-03 
 3.057687e+01  1.932550e-03 
 3.057727e+01  2.093624e-03 
 3.057766e+01  2.203323e-03 
 3.057806e+01  2.253698e-03 
 3.057846e+01  2.241479e-03 
 3.057886e+01  2.165145e-03 
 3.057925e+01  2.026244e-03 
 3.057965e+01  1.828470e-03 
 3.058005e+01  1.575613e-03 
 3.058045e+01  1.271105e-03 
 3.058085e+01  9.155932e-04 
 3.058124e+01  5.126118e-04 
 3.058164e+01  6.143536e-05 
 3.058204e+01 -4.386439e-04 
 3.058244e+01 -9.847323e-04 
 3.058283e+01 -1.574833e-03 
 3.058323e+01 -2.202573e-03 
 3.058363e+01 -2.862678e-03 
 3.058403e+01 -3.550492e-03 
 3.058442e+01 -4.262161e-03 
 3.058482e+01 -4.995457e-03 
 3.058522e+01 -5.753791e-03 
 3.058562e+01 -6.540318e-03 
 3.058602e+01 -7.360179e-03 
 3.058641e+01 -8.217520e-03 
 3.058681e+01 -9.115791e-03 
 3.058721e+01 -1.005260e-02 
 3.058761e+01 -1.102641e-02 
 3.058800e+01 -1.202975e-02 
 3.058840e+01 -1.305650e-02 
 3.058880e+01 -1.410140e-02 
 3.058920e+01 -1.515838e-02 
 3.058959e+01 -1.622450e-02 
 3.058999e+01 -1.729483e-02 
 3.059039e+01 -1.836460e-02 
 3.059079e+01 -1.942610e-02 
 3.059119e+01 -2.047350e-02 
 3.059158e+01 -2.150139e-02 
 3.059198e+01 -2.250662e-02 
 3.059238e+01 -2.348851e-02 
 3.059278e+01 -2.444827e-02 
 3.059317e+01 -2.539268e-02 
 3.059357e+01 -2.632911e-02 
 3.059397e+01 -2.726402e-02 
 3.059437e+01 -2.820377e-02 
 3.059476e+01 -2.915139e-02 
 3.059516e+01 -3.010935e-02 
 3.059556e+01 -3.107968e-02 
 3.059596e+01 -3.206349e-02 
 3.059636e+01 -3.305881e-02 
 3.059675e+01 -3.406100e-02 
 3.059715e+01 -3.506311e-02 
 3.059755e+01 -3.605498e-02 
 3.059795e+01 -3.702363e-02 
 3.059834e+01 -3.795637e-02 
 3.059874e+01 -3.883831e-02 
 3.059914e+01 -3.966016e-02 
 3.059954e+01 -4.041823e-02 
 3.059993e+01 -4.111151e-02 
 3.060033e+01 -4.174381e-02 
 3.060073e+01 -4.231976e-02 
 3.060113e+01 -4.284009e-02 
 3.060153e+01 -4.330430e-02 
 3.060192e+01 -4.371159e-02 
 3.060232e+01 -4.406192e-02 
 3.060272e+01 -4.435713e-02 
 3.060312e+01 -4.460359e-02 
 3.060351e+01 -4.480696e-02 
 3.060391e+01 -4.497368e-02 
 3.060431e+01 -4.511330e-02 
 3.060471e+01 -4.522857e-02 
 3.060510e+01 -4.532165e-02 
 3.060550e+01 -4.538982e-02 
 3.060590e+01 -4.543094e-02 
 3.060630e+01 -4.544184e-02 
 3.060670e+01 -4.542023e-02 
 3.060709e+01 -4.536388e-02 
 3.060749e+01 -4.527060e-02 
 3.060789e+01 -4.513802e-02 
 3.060829e+01 -4.496231e-02 
 3.060868e+01 -4.474110e-02 
 3.060908e+01 -4.447238e-02 
 3.060948e+01 -4.415730e-02 
 3.060988e+01 -4.380007e-02 
 3.061027e+01 -4.340835e-02 
 3.061067e+01 -4.298840e-02 
 3.061107e+01 -4.254746e-02 
 3.061147e+01 -4.208930e-02 
 3.061187e+01 -4.162136e-02 
 3.061226e+01 -4.114706e-02 
 3.061266e+01 -4.067067e-02 
 3.061306e+01 -4.019970e-02 
 3.061346e+01 -3.974171e-02 
 3.061385e+01 -3.930193e-02 
 3.061425e+01 -3.888522e-02 
 3.061465e+01 -3.848770e-02 
 3.061505e+01 -3.810106e-02 
 3.061544e+01 -3.771572e-02 
 3.061584e+01 -3.732002e-02 
 3.061624e+01 -3.690279e-02 
 3.061664e+01 -3.645213e-02 
 3.061704e+01 -3.595828e-02 
 3.061743e+01 -3.541305e-02 
 3.061783e+01 -3.481196e-02 
 3.061823e+01 -3.415422e-02 
 3.061863e+01 -3.344328e-02 
 3.061902e+01 -3.268809e-02 
 3.061942e+01 -3.190183e-02 
 3.061982e+01 -3.109558e-02 
 3.062022e+01 -3.028035e-02 
 3.062061e+01 -2.946346e-02 
 3.062101e+01 -2.864848e-02 
 3.062141e+01 -2.784229e-02 
 3.062181e+01 -2.705213e-02 
 3.062221e+01 -2.628550e-02 
 3.062260e+01 -2.554961e-02 
 3.062300e+01 -2.484781e-02 
 3.062340e+01 -2.418099e-02 
 3.062380e+01 -2.354120e-02 
 3.062419e+01 -2.292102e-02 
 3.062459e+01 -2.231057e-02 
 3.062499e+01 -2.170295e-02 
 3.062539e+01 -2.109472e-02 
 3.062578e+01 -2.048761e-02 
 3.062618e+01 -1.988266e-02 
 3.062658e+01 -1.928206e-02 
 3.062698e+01 -1.868828e-02 
 3.062738e+01 -1.809956e-02 
 3.062777e+01 -1.751741e-02 
 3.062817e+01 -1.694375e-02 
 3.062857e+01 -1.638327e-02 
 3.062897e+01 -1.584275e-02 
 3.062936e+01 -1.533027e-02 
 3.062976e+01 -1.485134e-02 
 3.063016e+01 -1.440901e-02 
 3.063056e+01 -1.400553e-02 
 3.063095e+01 -1.364237e-02 
 3.063135e+01 -1.331804e-02 
 3.063175e+01 -1.303223e-02 
 3.063215e+01 -1.278586e-02 
 3.063255e+01 -1.257719e-02 
 3.063294e+01 -1.240552e-02 
 3.063334e+01 -1.226602e-02 
 3.063374e+01 -1.215272e-02 
 3.063414e+01 -1.205816e-02 
 3.063453e+01 -1.197344e-02 
 3.063493e+01 -1.189048e-02 
 3.063533e+01 -1.180237e-02 
 3.063573e+01 -1.170492e-02 
 3.063612e+01 -1.159522e-02 
 3.063652e+01 -1.147514e-02 
 3.063692e+01 -1.135015e-02 
 3.063732e+01 -1.122786e-02 
 3.063772e+01 -1.111759e-02 
 3.063811e+01 -1.102885e-02 
 3.063851e+01 -1.096991e-02 
 3.063891e+01 -1.094454e-02 
 3.063931e+01 -1.095901e-02 
 3.063970e+01 -1.101614e-02 
 3.064010e+01 -1.111811e-02 
 3.064050e+01 -1.126788e-02 
 3.064090e+01 -1.146539e-02 
 3.064129e+01 -1.170789e-02 
 3.064169e+01 -1.198904e-02 
 3.064209e+01 -1.229711e-02 
 3.064249e+01 -1.261918e-02 
 3.064289e+01 -1.294277e-02 
 3.064328e+01 -1.325756e-02 
 3.064368e+01 -1.355629e-02 
 3.064408e+01 -1.383350e-02 
 3.064448e+01 -1.408764e-02 
 3.064487e+01 -1.431737e-02 
 3.064527e+01 -1.452382e-02 
 3.064567e+01 -1.470959e-02 
 3.064607e+01 -1.487560e-02 
 3.064646e+01 -1.502372e-02 
 3.064686e+01 -1.515734e-02 
 3.064726e+01 -1.527828e-02 
 3.064766e+01 -1.538703e-02 
 3.064806e+01 -1.548194e-02 
 3.064845e+01 -1.555924e-02 
 3.064885e+01 -1.561423e-02 
 3.064925e+01 -1.564416e-02 
 3.064965e+01 -1.564626e-02 
 3.065004e+01 -1.561564e-02 
 3.065044e+01 -1.554953e-02 
 3.065084e+01 -1.544552e-02 
 3.065124e+01 -1.530114e-02 
 3.065163e+01 -1.511716e-02 
 3.065203e+01 -1.489376e-02 
 3.065243e+01 -1.463155e-02 
 3.065283e+01 -1.432999e-02 
 3.065323e+01 -1.399138e-02 
 3.065362e+01 -1.361776e-02 
 3.065402e+01 -1.321054e-02 
 3.065442e+01 -1.277450e-02 
 3.065482e+01 -1.231328e-02 
 3.065521e+01 -1.183260e-02 
 3.065561e+01 -1.133939e-02 
 3.065601e+01 -1.084105e-02 
 3.065641e+01 -1.034362e-02 
 3.065680e+01 -9.850412e-03 
 3.065720e+01 -9.362669e-03 
 3.065760e+01 -8.880082e-03 
 3.065800e+01 -8.401986e-03 
 3.065840e+01 -7.927761e-03 
 3.065879e+01 -7.456668e-03 
 3.065919e+01 -6.992879e-03 
 3.065959e+01 -6.539166e-03 
 3.065999e+01 -6.094219e-03 
 3.066038e+01 -5.654318e-03 
 3.066078e+01 -5.213807e-03 
 3.066118e+01 -4.765674e-03 
 3.066158e+01 -4.304969e-03 
 3.066197e+01 -3.833413e-03 
 3.066237e+01 -3.350144e-03 
 3.066277e+01 -2.858434e-03 
 3.066317e+01 -2.363786e-03 
 3.066357e+01 -1.868440e-03 
 3.066396e+01 -1.373565e-03 
 3.066436e+01 -8.805554e-04 
 3.066476e+01 -3.929149e-04 
 3.066516e+01  8.089133e-05 
 3.066555e+01  5.317809e-04 
 3.066595e+01  9.503112e-04 
 3.066635e+01  1.333043e-03 
 3.066675e+01  1.680494e-03 
 3.066715e+01  1.997432e-03 
 3.066754e+01  2.292854e-03 
 3.066794e+01  2.576793e-03 
 3.066834e+01  2.856681e-03 
 3.066874e+01  3.136972e-03 
 3.066913e+01  3.415639e-03 
 3.066953e+01  3.686467e-03 
 3.066993e+01  3.945246e-03 
 3.067033e+01  4.183526e-03 
 3.067072e+01  4.393790e-03 
 3.067112e+01  4.570396e-03 
 3.067152e+01  4.705394e-03 
 3.067192e+01  4.794723e-03 
 3.067232e+01  4.836072e-03 
 3.067271e+01  4.829046e-03 
 3.067311e+01  4.770705e-03 
 3.067351e+01  4.659323e-03 
 3.067391e+01  4.494242e-03 
 3.067430e+01  4.273807e-03 
 3.067470e+01  3.997485e-03 
 3.067510e+01  3.669921e-03 
 3.067550e+01  3.296272e-03 
 3.067589e+01  2.886064e-03 
 3.067629e+01  2.452101e-03 
 3.067669e+01  2.004054e-03 
 3.067709e+01  1.549171e-03 
 3.067749e+01  1.091151e-03 
 3.067788e+01  6.274094e-04 
 3.067828e+01  1.565941e-04 
 3.067868e+01 -3.218772e-04 
 3.067908e+01 -8.077681e-04 
 3.067947e+01 -1.298721e-03 
 3.067987e+01 -1.795118e-03 
 3.068027e+01 -2.300630e-03 
 3.068067e+01 -2.822364e-03 
 3.068106e+01 -3.367690e-03 
 3.068146e+01 -3.941701e-03 
 3.068186e+01 -4.549949e-03 
 3.068226e+01 -5.192603e-03 
 3.068266e+01 -5.864278e-03 
 3.068305e+01 -6.564143e-03 
 3.068345e+01 -7.289675e-03 
 3.068385e+01 -8.041011e-03 
 3.068425e+01 -8.820641e-03 
 3.068464e+01 -9.629162e-03 
 3.068504e+01 -1.046574e-02 
 3.068544e+01 -1.132881e-02 
 3.068584e+01 -1.221100e-02 
 3.068623e+01 -1.310589e-02 
 3.068663e+01 -1.400485e-02 
 3.068703e+01 -1.490238e-02 
 3.068743e+01 -1.579527e-02 
 3.068783e+01 -1.668168e-02 
 3.068822e+01 -1.756420e-02 
 3.068862e+01 -1.844520e-02 
 3.068902e+01 -1.933189e-02 
 3.068942e+01 -2.023673e-02 
 3.068981e+01 -2.116734e-02 
 3.069021e+01 -2.213057e-02 
 3.069061e+01 -2.313131e-02 
 3.069101e+01 -2.417056e-02 
 3.069140e+01 -2.524559e-02 
 3.069180e+01 -2.635019e-02 
 3.069220e+01 -2.747543e-02 
 3.069260e+01 -2.860915e-02 
 3.069300e+01 -2.974023e-02 
 3.069339e+01 -3.085680e-02 
 3.069379e+01 -3.194840e-02 
 3.069419e+01 -3.300363e-02 
 3.069459e+01 -3.401384e-02 
 3.069498e+01 -3.497067e-02 
 3.069538e+01 -3.586899e-02 
 3.069578e+01 -3.670429e-02 
 3.069618e+01 -3.747378e-02 
 3.069657e+01 -3.817668e-02 
 3.069697e+01 -3.881439e-02 
 3.069737e+01 -3.939076e-02 
 3.069777e+01 -3.991534e-02 
 3.069817e+01 -4.039691e-02 
 3.069856e+01 -4.084491e-02 
 3.069896e+01 -4.127001e-02 
 3.069936e+01 -4.167948e-02 
 3.069976e+01 -4.207908e-02 
 3.070015e+01 -4.246886e-02 
 3.070055e+01 -4.284820e-02 
 3.070095e+01 -4.321245e-02 
 3.070135e+01 -4.355631e-02 
 3.070174e+01 -4.387546e-02 
 3.070214e+01 -4.416165e-02 
 3.070254e+01 -4.440983e-02 
 3.070294e+01 -4.461489e-02 
 3.070334e+01 -4.477200e-02 
 3.070373e+01 -4.487617e-02 
 3.070413e+01 -4.492506e-02 
 3.070453e+01 -4.491663e-02 
 3.070493e+01 -4.484713e-02 
 3.070532e+01 -4.471568e-02 
 3.070572e+01 -4.452492e-02 
 3.070612e+01 -4.427502e-02 
 3.070652e+01 -4.397236e-02 
 3.070691e+01 -4.362307e-02 
 3.070731e+01 -4.323723e-02 
 3.070771e+01 -4.282352e-02 
 3.070811e+01 -4.239029e-02 
 3.070851e+01 -4.194207e-02 
 3.070890e+01 -4.148309e-02 
 3.070930e+01 -4.101410e-02 
 3.070970e+01 -4.053525e-02 
 3.071010e+01 -4.004773e-02 
 3.071049e+01 -3.955246e-02 
 3.071089e+01 -3.904927e-02 
 3.071129e+01 -3.853548e-02 
 3.071169e+01 -3.800467e-02 
 3.071208e+01 -3.744704e-02 
 3.071248e+01 -3.684894e-02 
 3.071288e+01 -3.620392e-02 
 3.071328e+01 -3.550682e-02 
 3.071368e+01 -3.475739e-02 
 3.071407e+01 -3.396271e-02 
 3.071447e+01 -3.313347e-02 
 3.071487e+01 -3.227988e-02 
 3.071527e+01 -3.141314e-02 
 3.071566e+01 -3.054545e-02 
 3.071606e+01 -2.968431e-02 
 3.071646e+01 -2.883986e-02 
 3.071686e+01 -2.802391e-02 
 3.071725e+01 -2.724983e-02 
 3.071765e+01 -2.653277e-02 
 3.071805e+01 -2.588233e-02 
 3.071845e+01 -2.530223e-02 
 3.071885e+01 -2.478698e-02 
 3.071924e+01 -2.432530e-02 
 3.071964e+01 -2.390476e-02 
 3.072004e+01 -2.351419e-02 
 3.072044e+01 -2.314559e-02 
 3.072083e+01 -2.279550e-02 
 3.072123e+01 -2.245978e-02 
 3.072163e+01 -2.213779e-02 
 3.072203e+01 -2.182655e-02 
 3.072242e+01 -2.152190e-02 
 3.072282e+01 -2.122106e-02 
 3.072322e+01 -2.092036e-02 
 3.072362e+01 -2.062049e-02 
 3.072402e+01 -2.032518e-02 
 3.072441e+01 -2.003558e-02 
 3.072481e+01 -1.975326e-02 
 3.072521e+01 -1.947885e-02 
 3.072561e+01 -1.921649e-02 
 3.072600e+01 -1.897134e-02 
 3.072640e+01 -1.875137e-02 
 3.072680e+01 -1.856391e-02 
 3.072720e+01 -1.841182e-02 
 3.072759e+01 -1.829386e-02 
 3.072799e+01 -1.820350e-02 
 3.072839e+01 -1.813268e-02 
 3.072879e+01 -1.807286e-02 
 3.072919e+01 -1.802174e-02 
 3.072958e+01 -1.797827e-02 
 3.072998e+01 -1.794467e-02 
 3.073038e+01 -1.792048e-02 
 3.073078e+01 -1.790205e-02 
 3.073117e+01 -1.788201e-02 
 3.073157e+01 -1.785455e-02 
 3.073197e+01 -1.781446e-02 
 3.073237e+01 -1.776224e-02 
 3.073276e+01 -1.770328e-02 
 3.073316e+01 -1.764673e-02 
 3.073356e+01 -1.759966e-02 
 3.073396e+01 -1.756639e-02 
 3.073436e+01 -1.755225e-02 
 3.073475e+01 -1.755938e-02 
 3.073515e+01 -1.759255e-02 
 3.073555e+01 -1.765698e-02 
 3.073595e+01 -1.775653e-02 
 3.073634e+01 -1.789562e-02 
 3.073674e+01 -1.807448e-02 
 3.073714e+01 -1.828646e-02 
 3.073754e+01 -1.851853e-02 
 3.073793e+01 -1.875568e-02 
 3.073833e+01 -1.898324e-02 
 3.073873e+01 -1.919050e-02 
 3.073913e+01 -1.937330e-02 
 3.073953e+01 -1.952900e-02 
 3.073992e+01 -1.965620e-02 
 3.074032e+01 -1.975572e-02 
 3.074072e+01 -1.982841e-02 
 3.074112e+01 -1.987430e-02 
 3.074151e+01 -1.989530e-02 
 3.074191e+01 -1.989254e-02 
 3.074231e+01 -1.987011e-02 
 3.074271e+01 -1.983154e-02 
 3.074310e+01 -1.978326e-02 
 3.074350e+01 -1.972812e-02 
 3.074390e+01 -1.966711e-02 
 3.074430e+01 -1.959928e-02 
 3.074470e+01 -1.952242e-02 
 3.074509e+01 -1.943121e-02 
 3.074549e+01 -1.932110e-02 
 3.074589e+01 -1.918857e-02 
 3.074629e+01 -1.903209e-02 
 3.074668e+01 -1.885075e-02 
 3.074708e+01 -1.864556e-02 
 3.074748e+01 -1.841629e-02 
 3.074788e+01 -1.816309e-02 
 3.074827e+01 -1.788551e-02 
 3.074867e+01 -1.758447e-02 
 3.074907e+01 -1.726294e-02 
 3.074947e+01 -1.692536e-02 
 3.074987e+01 -1.657509e-02 
 3.075026e+01 -1.621502e-02 
 3.075066e+01 -1.584755e-02 
 3.075106e+01 -1.547279e-02 
 3.075146e+01 -1.508700e-02 
 3.075185e+01 -1.468783e-02 
 3.075225e+01 -1.427072e-02 
 3.075265e+01 -1.383097e-02 
 3.075305e+01 -1.336629e-02 
 3.075344e+01 -1.287656e-02 
 3.075384e+01 -1.236055e-02 
 3.075424e+01 -1.181952e-02 
 3.075464e+01 -1.125485e-02 
 3.075504e+01 -1.066858e-02 
 3.075543e+01 -1.006125e-02 
 3.075583e+01 -9.431725e-03 
 3.075623e+01 -8.775391e-03 
 3.075663e+01 -8.085618e-03 
 3.075702e+01 -7.358580e-03 
 3.075742e+01 -6.592948e-03 
 3.075782e+01 -5.789214e-03 
 3.075822e+01 -4.952951e-03 
 3.075862e+01 -4.091927e-03 
 3.075901e+01 -3.217175e-03 
 3.075941e+01 -2.339250e-03 
 3.075981e+01 -1.467424e-03 
 3.076021e+01 -6.054686e-04 
 3.076060e+01  2.417033e-04 
 3.076100e+01  1.069964e-03 
 3.076140e+01  1.876032e-03 
 3.076180e+01  2.655201e-03 
 3.076219e+01  3.404926e-03 
 3.076259e+01  4.123640e-03 
 3.076299e+01  4.810547e-03 
 3.076339e+01  5.464525e-03 
 3.076379e+01  6.087628e-03 
 3.076418e+01  6.683448e-03 
 3.076458e+01  7.256641e-03 
 3.076498e+01  7.810063e-03 
 3.076538e+01  8.341622e-03 
 3.076577e+01  8.846761e-03 
 3.076617e+01  9.318690e-03 
 3.076657e+01  9.748655e-03 
 3.076697e+01  1.012680e-02 
 3.076736e+01  1.044583e-02 
 3.076776e+01  1.070087e-02 
 3.076816e+01  1.088775e-02 
 3.076856e+01  1.100433e-02 
 3.076896e+01  1.104646e-02 
 3.076935e+01  1.101139e-02 
 3.076975e+01  1.089483e-02 
 3.077015e+01  1.070185e-02 
 3.077055e+01  1.044180e-02 
 3.077094e+01  1.012809e-02 
 3.077134e+01  9.776550e-03 
 3.077174e+01  9.398183e-03 
 3.077214e+01  9.000906e-03 
 3.077253e+01  8.587640e-03 
 3.077293e+01  8.157745e-03 
 3.077333e+01  7.709482e-03 
 3.077373e+01  7.241634e-03 
 3.077413e+01  6.753819e-03 
 3.077452e+01  6.244603e-03 
 3.077492e+01  5.711817e-03 
 3.077532e+01  5.149816e-03 
 3.077572e+01  4.552351e-03 
 3.077611e+01  3.913677e-03 
 3.077651e+01  3.229278e-03 
 3.077691e+01  2.498359e-03 
 3.077731e+01  1.722307e-03 
 3.077770e+01  9.003709e-04 
 3.077810e+01  2.981337e-05 
 3.077850e+01 -8.913641e-04 
 3.077890e+01 -1.865181e-03 
 3.077930e+01 -2.890327e-03 
 3.077969e+01 -3.961193e-03 
 3.078009e+01 -5.068333e-03 
 3.078049e+01 -6.201840e-03 
 3.078089e+01 -7.353148e-03 
 3.078128e+01 -8.514956e-03 
 3.078168e+01 -9.680388e-03 
 3.078208e+01 -1.084633e-02 
 3.078248e+01 -1.200702e-02 
 3.078287e+01 -1.315491e-02 
 3.078327e+01 -1.428511e-02 
 3.078367e+01 -1.539130e-02 
 3.078407e+01 -1.647201e-02 
 3.078447e+01 -1.753065e-02 
 3.078486e+01 -1.857265e-02 
 3.078526e+01 -1.960633e-02 
 3.078566e+01 -2.063626e-02 
 3.078606e+01 -2.166520e-02 
 3.078645e+01 -2.269331e-02 
 3.078685e+01 -2.371997e-02 
 3.078725e+01 -2.474665e-02 
 3.078765e+01 -2.577726e-02 
 3.078804e+01 -2.681129e-02 
 3.078844e+01 -2.784743e-02 
 3.078884e+01 -2.887716e-02 
 3.078924e+01 -2.988503e-02 
 3.078964e+01 -3.085293e-02 
 3.079003e+01 -3.176103e-02 
 3.079043e+01 -3.259663e-02 
 3.079083e+01 -3.335583e-02 
 3.079123e+01 -3.404065e-02 
 3.079162e+01 -3.465919e-02 
 3.079202e+01 -3.522011e-02 
 3.079242e+01 -3.573052e-02 
 3.079282e+01 -3.619539e-02 
 3.079321e+01 -3.662169e-02 
 3.079361e+01 -3.701627e-02 
 3.079401e+01 -3.738958e-02 
 3.079441e+01 -3.775361e-02 
 3.079481e+01 -3.812000e-02 
 3.079520e+01 -3.849664e-02 
 3.079560e+01 -3.888559e-02 
 3.079600e+01 -3.928268e-02 
 3.079640e+01 -3.968076e-02 
 3.079679e+01 -4.007020e-02 
 3.079719e+01 -4.044510e-02 
 3.079759e+01 -4.080119e-02 
 3.079799e+01 -4.113231e-02 
 3.079838e+01 -4.143491e-02 
 3.079878e+01 -4.170397e-02 
 3.079918e+01 -4.192959e-02 
 3.079958e+01 -4.210138e-02 
 3.079998e+01 -4.220887e-02 
 3.080037e+01 -4.224570e-02 
 3.080077e+01 -4.221211e-02 
 3.080117e+01 -4.211336e-02 
 3.080157e+01 -4.195564e-02 
 3.080196e+01 -4.174480e-02 
 3.080236e+01 -4.148623e-02 
 3.080276e+01 -4.118276e-02 
 3.080316e+01 -4.083967e-02 
 3.080355e+01 -4.046252e-02 
 3.080395e+01 -4.005802e-02 
 3.080435e+01 -3.963251e-02 
 3.080475e+01 -3.919340e-02 
 3.080515e+01 -3.874389e-02 
 3.080554e+01 -3.828342e-02 
 3.080594e+01 -3.780966e-02 
 3.080634e+01 -3.731902e-02 
 3.080674e+01 -3.681292e-02 
 3.080713e+01 -3.629110e-02 
 3.080753e+01 -3.575539e-02 
 3.080793e+01 -3.520303e-02 
 3.080833e+01 -3.462539e-02 
 3.080872e+01 -3.401244e-02 
 3.080912e+01 -3.335498e-02 
 3.080952e+01 -3.264915e-02 
 3.080992e+01 -3.189930e-02 
 3.081032e+01 -3.111466e-02 
 3.081071e+01 -3.031458e-02 
 3.081111e+01 -2.951570e-02 
 3.081151e+01 -2.873245e-02 
 3.081191e+01 -2.797428e-02 
 3.081230e+01 -2.724875e-02 
 3.081270e+01 -2.655893e-02 
 3.081310e+01 -2.591086e-02 
 3.081350e+01 -2.531179e-02 
 3.081389e+01 -2.476669e-02 
 3.081429e+01 -2.427720e-02 
 3.081469e+01 -2.384076e-02 
 3.081509e+01 -2.345073e-02 
 3.081549e+01 -2.309568e-02 
 3.081588e+01 -2.276379e-02 
 3.081628e+01 -2.244395e-02 
 3.081668e+01 -2.212995e-02 
 3.081708e+01 -2.181884e-02 
 3.081747e+01 -2.151360e-02 
 3.081787e+01 -2.121472e-02 
 3.081827e+01 -2.092215e-02 
 3.081867e+01 -2.063581e-02 
 3.081906e+01 -2.035423e-02 
 3.081946e+01 -2.007965e-02 
 3.081986e+01 -1.981890e-02 
 3.082026e+01 -1.957859e-02 
 3.082066e+01 -1.936948e-02 
 3.082105e+01 -1.920150e-02 
 3.082145e+01 -1.908034e-02 
 3.082185e+01 -1.900899e-02 
 3.082225e+01 -1.898247e-02 
 3.082264e+01 -1.899725e-02 
 3.082304e+01 -1.905071e-02 
 3.082344e+01 -1.914440e-02 
 3.082384e+01 -1.928224e-02 
 3.082423e+01 -1.946877e-02 
 3.082463e+01 -1.970436e-02 
 3.082503e+01 -1.998601e-02 
 3.082543e+01 -2.030431e-02 
 3.082583e+01 -2.065242e-02 
 3.082622e+01 -2.102177e-02 
 3.082662e+01 -2.141004e-02 
 3.082702e+01 -2.181677e-02 
 3.082742e+01 -2.224194e-02 
 3.082781e+01 -2.268101e-02 
 3.082821e+01 -2.312735e-02 
 3.082861e+01 -2.357241e-02 
 3.082901e+01 -2.401058e-02 
 3.082940e+01 -2.444290e-02 
 3.082980e+01 -2.487483e-02 
 3.083020e+01 -2.531853e-02 
 3.083060e+01 -2.577968e-02 
 3.083100e+01 -2.626174e-02 
 3.083139e+01 -2.675957e-02 
 3.083179e+01 -2.726162e-02 
 3.083219e+01 -2.775626e-02 
 3.083259e+01 -2.823175e-02 
 3.083298e+01 -2.868275e-02 
 3.083338e+01 -2.910548e-02 
 3.083378e+01 -2.949486e-02 
 3.083418e+01 -2.984239e-02 
 3.083457e+01 -3.013865e-02 
 3.083497e+01 -3.037220e-02 
 3.083537e+01 -3.053465e-02 
 3.083577e+01 -3.062585e-02 
 3.083617e+01 -3.065179e-02 
 3.083656e+01 -3.062213e-02 
 3.083696e+01 -3.054535e-02 
 3.083736e+01 -3.042724e-02 
 3.083776e+01 -3.026725e-02 
 3.083815e+01 -3.006415e-02 
 3.083855e+01 -2.981812e-02 
 3.083895e+01 -2.953420e-02 
 3.083935e+01 -2.922307e-02 
 3.083974e+01 -2.889436e-02 
 3.084014e+01 -2.855385e-02 
 3.084054e+01 -2.820097e-02 
 3.084094e+01 -2.782615e-02 
 3.084134e+01 -2.741578e-02 
 3.084173e+01 -2.695852e-02 
 3.084213e+01 -2.645119e-02 
 3.084253e+01 -2.589823e-02 
 3.084293e+01 -2.530977e-02 
 3.084332e+01 -2.469789e-02 
 3.084372e+01 -2.406727e-02 
 3.084412e+01 -2.342038e-02 
 3.084452e+01 -2.275440e-02 
 3.084491e+01 -2.206604e-02 
 3.084531e+01 -2.135438e-02 
 3.084571e+01 -2.062259e-02 
 3.084611e+01 -1.987742e-02 
 3.084651e+01 -1.912429e-02 
 3.084690e+01 -1.836740e-02 
 3.084730e+01 -1.760154e-02 
 3.084770e+01 -1.681966e-02 
 3.084810e+01 -1.601346e-02 
 3.084849e+01 -1.517938e-02 
 3.084889e+01 -1.431803e-02 
 3.084929e+01 -1.343444e-02 
 3.084969e+01 -1.253466e-02 
 3.085009e+01 -1.161903e-02 
 3.085048e+01 -1.068846e-02 
 3.085088e+01 -9.739153e-03 
 3.085128e+01 -8.767301e-03 
 3.085168e+01 -7.770967e-03 
 3.085207e+01 -6.750956e-03 
 3.085247e+01 -5.712496e-03 
 3.085287e+01 -4.665393e-03 
 3.085327e+01 -3.616407e-03 
 3.085366e+01 -2.570065e-03 
 3.085406e+01 -1.528669e-03 
 3.085446e+01 -4.958339e-04 
 3.085486e+01  5.225272e-04 
 3.085526e+01  1.515732e-03 
 3.085565e+01  2.470411e-03 
 3.085605e+01  3.377190e-03 
 3.085645e+01  4.231496e-03 
 3.085685e+01  5.031811e-03 
 3.085724e+01  5.780508e-03 
 3.085764e+01  6.483495e-03 
 3.085804e+01  7.141966e-03 
 3.085844e+01  7.756837e-03 
 3.085883e+01  8.328264e-03 
 3.085923e+01  8.855285e-03 
 3.085963e+01  9.343975e-03 
 3.086003e+01  9.807534e-03 
 3.086043e+01  1.026025e-02 
 3.086082e+01  1.070999e-02 
 3.086122e+01  1.115836e-02 
 3.086162e+01  1.159676e-02 
 3.086202e+01  1.201028e-02 
 3.086241e+01  1.238449e-02 
 3.086281e+01  1.270772e-02 
 3.086321e+01  1.297535e-02 
 3.086361e+01  1.318666e-02 
 3.086400e+01  1.334448e-02 
 3.086440e+01  1.344930e-02 
 3.086480e+01  1.349702e-02 
 3.086520e+01  1.348222e-02 
 3.086560e+01  1.340040e-02 
 3.086599e+01  1.325624e-02 
 3.086639e+01  1.306096e-02 
 3.086679e+01  1.282597e-02 
 3.086719e+01  1.256703e-02 
 3.086758e+01  1.229127e-02 
 3.086798e+01  1.200206e-02 
 3.086838e+01  1.169425e-02 
 3.086878e+01  1.136561e-02 
 3.086917e+01  1.101093e-02 
 3.086957e+01  1.062586e-02 
 3.086997e+01  1.021399e-02 
 3.087037e+01  9.773532e-03 
 3.087077e+01  9.296268e-03 
 3.087116e+01  8.770299e-03 
 3.087156e+01  8.181068e-03 
 3.087196e+01  7.515025e-03 
 3.087236e+01  6.765919e-03 
 3.087275e+01  5.936004e-03 
 3.087315e+01  5.030471e-03 
 3.087355e+01  4.055429e-03 
 3.087395e+01  3.017423e-03 
 3.087434e+01  1.917355e-03 
 3.087474e+01  7.578923e-04 
 3.087514e+01 -4.592976e-04 
 3.087554e+01 -1.729807e-03 
 3.087594e+01 -3.042262e-03 
 3.087633e+01 -4.385381e-03 
 3.087673e+01 -5.742627e-03 
 3.087713e+01 -7.103292e-03 
 3.087753e+01 -8.458371e-03 
 3.087792e+01 -9.803535e-03 
 3.087832e+01 -1.113427e-02 
 3.087872e+01 -1.244305e-02 
 3.087912e+01 -1.372277e-02 
 3.087951e+01 -1.496502e-02 
 3.087991e+01 -1.616522e-02 
 3.088031e+01 -1.732362e-02 
 3.088071e+01 -1.844854e-02 
 3.088111e+01 -1.955101e-02 
 3.088150e+01 -2.064284e-02 
 3.088190e+01 -2.173339e-02 
 3.088230e+01 -2.282971e-02 
 3.088270e+01 -2.392726e-02 
 3.088309e+01 -2.502024e-02 
 3.088349e+01 -2.609952e-02 
 3.088389e+01 -2.715675e-02 
 3.088429e+01 -2.818667e-02 
 3.088468e+01 -2.918298e-02 
 3.088508e+01 -3.013956e-02 
 3.088548e+01 -3.104560e-02 
 3.088588e+01 -3.188905e-02 
 3.088628e+01 -3.265759e-02 
 3.088667e+01 -3.334247e-02 
 3.088707e+01 -3.394402e-02 
 3.088747e+01 -3.446597e-02 
 3.088787e+01 -3.491973e-02 
 3.088826e+01 -3.531538e-02 
 3.088866e+01 -3.566028e-02 
 3.088906e+01 -3.595866e-02 
 3.088946e+01 -3.621215e-02 
 3.088985e+01 -3.642287e-02 
 3.089025e+01 -3.660251e-02 
 3.089065e+01 -3.676409e-02 
 3.089105e+01 -3.692095e-02 
 3.089145e+01 -3.708177e-02 
 3.089184e+01 -3.724492e-02 
 3.089224e+01 -3.740144e-02 
 3.089264e+01 -3.753320e-02 
 3.089304e+01 -3.762201e-02 
 3.089343e+01 -3.765464e-02 
 3.089383e+01 -3.762513e-02 
 3.089423e+01 -3.753420e-02 
 3.089463e+01 -3.738696e-02 
 3.089502e+01 -3.718358e-02 
 3.089542e+01 -3.692040e-02 
 3.089582e+01 -3.659211e-02 
 3.089622e+01 -3.619321e-02 
 3.089662e+01 -3.572713e-02 
 3.089701e+01 -3.520014e-02 
 3.089741e+01 -3.462460e-02 
 3.089781e+01 -3.401398e-02 
 3.089821e+01 -3.337789e-02 
 3.089860e+01 -3.272372e-02 
 3.089900e+01 -3.205530e-02 
 3.089940e+01 -3.137951e-02 
 3.089980e+01 -3.070310e-02 
 3.090019e+01 -3.003783e-02 
 3.090059e+01 -2.939949e-02 
 3.090099e+01 -2.880078e-02 
 3.090139e+01 -2.824557e-02 
 3.090179e+01 -2.773415e-02 
 3.090218e+01 -2.725922e-02 
 3.090258e+01 -2.681046e-02 
 3.090298e+01 -2.637937e-02 
 3.090338e+01 -2.596323e-02 
 3.090377e+01 -2.555997e-02 
 3.090417e+01 -2.516814e-02 
 3.090457e+01 -2.478802e-02 
 3.090497e+01 -2.441876e-02 
 3.090536e+01 -2.405698e-02 
 3.090576e+01 -2.369868e-02 
 3.090616e+01 -2.334600e-02 
 3.090656e+01 -2.300591e-02 
 3.090696e+01 -2.269120e-02 
 3.090735e+01 -2.241354e-02 
 3.090775e+01 -2.218096e-02 
 3.090815e+01 -2.199452e-02 
 3.090855e+01 -2.185133e-02 
 3.090894e+01 -2.174953e-02 
 3.090934e+01 -2.168947e-02 
 3.090974e+01 -2.167249e-02 
 3.091014e+01 -2.170410e-02 
 3.091053e+01 -2.178770e-02 
 3.091093e+01 -2.191858e-02 
 3.091133e+01 -2.208589e-02 
 3.091173e+01 -2.226884e-02 
 3.091213e+01 -2.244649e-02 
 3.091252e+01 -2.260252e-02 
 3.091292e+01 -2.273470e-02 
 3.091332e+01 -2.284672e-02 
 3.091372e+01 -2.295028e-02 
 3.091411e+01 -2.305428e-02 
 3.091451e+01 -2.316543e-02 
 3.091491e+01 -2.328514e-02 
 3.091531e+01 -2.341346e-02 
 3.091570e+01 -2.355224e-02 
 3.091610e+01 -2.370805e-02 
 3.091650e+01 -2.389032e-02 
 3.091690e+01 -2.411184e-02 
 3.091730e+01 -2.437943e-02 
 3.091769e+01 -2.469219e-02 
 3.091809e+01 -2.504290e-02 
 3.091849e+01 -2.542242e-02 
 3.091889e+01 -2.582615e-02 
 3.091928e+01 -2.625250e-02 
 3.091968e+01 -2.670583e-02 
 3.092008e+01 -2.719194e-02 
 3.092048e+01 -2.771291e-02 
 3.092087e+01 -2.826028e-02 
 3.092127e+01 -2.882256e-02 
 3.092167e+01 -2.938537e-02 
 3.092207e+01 -2.993593e-02 
 3.092247e+01 -3.046774e-02 
 3.092286e+01 -3.098346e-02 
 3.092326e+01 -3.148796e-02 
 3.092366e+01 -3.198565e-02 
 3.092406e+01 -3.247621e-02 
 3.092445e+01 -3.295368e-02 
 3.092485e+01 -3.341116e-02 
 3.092525e+01 -3.384445e-02 
 3.092565e+01 -3.425510e-02 
 3.092604e+01 -3.464818e-02 
 3.092644e+01 -3.502673e-02 
 3.092684e+01 -3.539544e-02 
 3.092724e+01 -3.575220e-02 
 3.092764e+01 -3.609138e-02 
 3.092803e+01 -3.640182e-02 
 3.092843e+01 -3.667750e-02 
 3.092883e+01 -3.691588e-02 
 3.092923e+01 -3.711801e-02 
 3.092962e+01 -3.728530e-02 
 3.093002e+01 -3.741625e-02 
 3.093042e+01 -3.750536e-02 
 3.093082e+01 -3.754111e-02 
 3.093121e+01 -3.751760e-02 
 3.093161e+01 -3.743208e-02 
 3.093201e+01 -3.729085e-02 
 3.093241e+01 -3.710341e-02 
 3.093281e+01 -3.688296e-02 
 3.093320e+01 -3.663889e-02 
 3.093360e+01 -3.637704e-02 
 3.093400e+01 -3.609684e-02 
 3.093440e+01 -3.579672e-02 
 3.093479e+01 -3.547514e-02 
 3.093519e+01 -3.513117e-02 
 3.093559e+01 -3.476582e-02 
 3.093599e+01 -3.437773e-02 
 3.093638e+01 -3.396447e-02 
 3.093678e+01 -3.351784e-02 
 3.093718e+01 -3.302517e-02 
 3.093758e+01 -3.247683e-02 
 3.093798e+01 -3.186731e-02 
 3.093837e+01 -3.119702e-02 
 3.093877e+01 -3.047100e-02 
 3.093917e+01 -2.969438e-02 
 3.093957e+01 -2.887238e-02 
 3.093996e+01 -2.800338e-02 
 3.094036e+01 -2.708626e-02 
 3.094076e+01 -2.611712e-02 
 3.094116e+01 -2.509518e-02 
 3.094156e+01 -2.402640e-02 
 3.094195e+01 -2.291882e-02 
 3.094235e+01 -2.178437e-02 
 3.094275e+01 -2.063048e-02 
 3.094315e+01 -1.945764e-02 
 3.094354e+01 -1.826157e-02 
 3.094394e+01 -1.703740e-02 
 3.094434e+01 -1.578069e-02 
 3.094474e+01 -1.449210e-02 
 3.094513e+01 -1.317492e-02 
 3.094553e+01 -1.183529e-02 
 3.094593e+01 -1.047838e-02 
 3.094633e+01 -9.110254e-03 
 3.094673e+01 -7.735256e-03 
 3.094712e+01 -6.356301e-03 
 3.094752e+01 -4.976130e-03 
 3.094792e+01 -3.602117e-03 
 3.094832e+01 -2.244713e-03 
 3.094871e+01 -9.151637e-04 
 3.094911e+01  3.779216e-04 
 3.094951e+01  1.628711e-03 
 3.094991e+01  2.835825e-03 
 3.095030e+01  3.996223e-03 
 3.095070e+01  5.103744e-03 
 3.095110e+01  6.150917e-03 
 3.095150e+01  7.127646e-03 
 3.095190e+01  8.027160e-03 
 3.095229e+01  8.845526e-03 
 3.095269e+01  9.581099e-03 
 3.095309e+01  1.023851e-02 
 3.095349e+01  1.082616e-02 
 3.095388e+01  1.135235e-02 
 3.095428e+01  1.182683e-02 
 3.095468e+01  1.225192e-02 
 3.095508e+01  1.263011e-02 
 3.095547e+01  1.296540e-02 
 3.095587e+01  1.326350e-02 
 3.095627e+01  1.353259e-02 
 3.095667e+01  1.377759e-02 
 3.095707e+01  1.400252e-02 
 3.095746e+01  1.420460e-02 
 3.095786e+01  1.437610e-02 
 3.095826e+01  1.450543e-02 
 3.095866e+01  1.458146e-02 
 3.095905e+01  1.459493e-02 
 3.095945e+01  1.454097e-02 
 3.095985e+01  1.441901e-02 
 3.096025e+01  1.422980e-02 
 3.096064e+01  1.397066e-02 
 3.096104e+01  1.363888e-02 
 3.096144e+01  1.323274e-02 
 3.096184e+01  1.275542e-02 
 3.096224e+01  1.221401e-02 
 3.096263e+01  1.162208e-02 
 3.096303e+01  1.099702e-02 
 3.096343e+01  1.035430e-02 
 3.096383e+01  9.703706e-03 
 3.096422e+01  9.047166e-03 
 3.096462e+01  8.382810e-03 
 3.096502e+01  7.701135e-03 
 3.096542e+01  6.994800e-03 
 3.096581e+01  6.260146e-03 
 3.096621e+01  5.493551e-03 
 3.096661e+01  4.694289e-03 
 3.096701e+01  3.859421e-03 
 3.096741e+01  2.984664e-03 
 3.096780e+01  2.065862e-03 
 3.096820e+01  1.100330e-03 
 3.096860e+01  8.765770e-05 
 3.096900e+01 -9.672738e-04 
 3.096939e+01 -2.057078e-03 
 3.096979e+01 -3.171276e-03 
 3.097019e+01 -4.299493e-03 
 3.097059e+01 -5.433346e-03 
 3.097098e+01 -6.568589e-03 
 3.097138e+01 -7.700864e-03 
 3.097178e+01 -8.822804e-03 
 3.097218e+01 -9.921410e-03 
 3.097258e+01 -1.098459e-02 
 3.097297e+01 -1.200021e-02 
 3.097337e+01 -1.295949e-02 
 3.097377e+01 -1.385965e-02 
 3.097417e+01 -1.470017e-02 
 3.097456e+01 -1.548548e-02 
 3.097496e+01 -1.622041e-02 
 3.097536e+01 -1.691004e-02 
 3.097576e+01 -1.755670e-02 
 3.097615e+01 -1.816440e-02 
 3.097655e+01 -1.873936e-02 
 3.097695e+01 -1.929140e-02 
 3.097735e+01 -1.983115e-02 
 3.097775e+01 -2.036973e-02 
 3.097814e+01 -2.091476e-02 
 3.097854e+01 -2.146823e-02 
 3.097894e+01 -2.203078e-02 
 3.097934e+01 -2.259895e-02 
 3.097973e+01 -2.317052e-02 
 3.098013e+01 -2.374088e-02 
 3.098053e+01 -2.430671e-02 
 3.098093e+01 -2.486107e-02 
 3.098132e+01 -2.539175e-02 
 3.098172e+01 -2.588726e-02 
 3.098212e+01 -2.633400e-02 
 3.098252e+01 -2.672189e-02 
 3.098292e+01 -2.704523e-02 
 3.098331e+01 -2.730606e-02 
 3.098371e+01 -2.751647e-02 
 3.098411e+01 -2.768712e-02 
 3.098451e+01 -2.783119e-02 
 3.098490e+01 -2.795689e-02 
 3.098530e+01 -2.806908e-02 
 3.098570e+01 -2.816912e-02 
 3.098610e+01 -2.826156e-02 
 3.098649e+01 -2.835112e-02 
 3.098689e+01 -2.843902e-02 
 3.098729e+01 -2.852472e-02 
 3.098769e+01 -2.860768e-02 
 3.098809e+01 -2.867977e-02 
 3.098848e+01 -2.872658e-02 
 3.098888e+01 -2.873543e-02 
 3.098928e+01 -2.869369e-02 
 3.098968e+01 -2.859685e-02 
 3.099007e+01 -2.844310e-02 
 3.099047e+01 -2.823583e-02 
 3.099087e+01 -2.797650e-02 
 3.099127e+01 -2.766290e-02 
 3.099166e+01 -2.729489e-02 
 3.099206e+01 -2.687276e-02 
 3.099246e+01 -2.640121e-02 
 3.099286e+01 -2.588948e-02 
 3.099326e+01 -2.535226e-02 
 3.099365e+01 -2.480671e-02 
 3.099405e+01 -2.426599e-02 
 3.099445e+01 -2.373975e-02 
 3.099485e+01 -2.323474e-02 
 3.099524e+01 -2.275329e-02 
 3.099564e+01 -2.229804e-02 
 3.099604e+01 -2.187157e-02 
 3.099644e+01 -2.148029e-02 
 3.099683e+01 -2.112636e-02 
 3.099723e+01 -2.081040e-02 
 3.099763e+01 -2.053168e-02 
 3.099803e+01 -2.028748e-02 
 3.099843e+01 -2.007500e-02 
 3.099882e+01 -1.989252e-02 
 3.099922e+01 -1.973925e-02 
 3.099962e+01 -1.961456e-02 
 3.100002e+01 -1.951342e-02 
 3.100041e+01 -1.942858e-02 
 3.100081e+01 -1.935115e-02 
 3.100121e+01 -1.927438e-02 
 3.100161e+01 -1.919364e-02 
 3.100200e+01 -1.911059e-02 
 3.100240e+01 -1.903488e-02 
 3.100280e+01 -1.897995e-02 
 3.100320e+01 -1.895432e-02 
 3.100360e+01 -1.896937e-02 
 3.100399e+01 -1.902987e-02 
 3.100439e+01 -1.913939e-02 
 3.100479e+01 -1.929977e-02 
 3.100519e+01 -1.951117e-02 
 3.100558e+01 -1.977527e-02 
 3.100598e+01 -2.008734e-02 
 3.100638e+01 -2.044301e-02 
 3.100678e+01 -2.083597e-02 
 3.100717e+01 -2.125515e-02 
 3.100757e+01 -2.169088e-02 
 3.100797e+01 -2.213447e-02 
 3.100837e+01 -2.258354e-02 
 3.100877e+01 -2.303891e-02 
 3.100916e+01 -2.350244e-02 
 3.100956e+01 -2.398077e-02 
 3.100996e+01 -2.447729e-02 
 3.101036e+01 -2.499410e-02 
 3.101075e+01 -2.553499e-02 
 3.101115e+01 -2.610217e-02 
 3.101155e+01 -2.670239e-02 
 3.101195e+01 -2.733858e-02 
 3.101234e+01 -2.801692e-02 
 3.101274e+01 -2.874166e-02 
 3.101314e+01 -2.951032e-02 
 3.101354e+01 -3.031827e-02 
 3.101394e+01 -3.115759e-02 
 3.101433e+01 -3.201849e-02 
 3.101473e+01 -3.289076e-02 
 3.101513e+01 -3.376432e-02 
 3.101553e+01 -3.463186e-02 
 3.101592e+01 -3.548359e-02 
 3.101632e+01 -3.631268e-02 
 3.101672e+01 -3.711488e-02 
 3.101712e+01 -3.788685e-02 
 3.101751e+01 -3.862711e-02 
 3.101791e+01 -3.933335e-02 
 3.101831e+01 -4.000083e-02 
 3.101871e+01 -4.062761e-02 
 3.101911e+01 -4.120998e-02 
 3.101950e+01 -4.174173e-02 
 3.101990e+01 -4.221920e-02 
 3.102030e+01 -4.263844e-02 
 3.102070e+01 -4.299854e-02 
 3.102109e+01 -4.330290e-02 
 3.102149e+01 -4.355599e-02 
 3.102189e+01 -4.376101e-02 
 3.102229e+01 -4.392026e-02 
 3.102268e+01 -4.403614e-02 
 3.102308e+01 -4.410854e-02 
 3.102348e+01 -4.413831e-02 
 3.102388e+01 -4.412314e-02 
 3.102428e+01 -4.406143e-02 
 3.102467e+01 -4.394998e-02 
 3.102507e+01 -4.378691e-02 
 3.102547e+01 -4.356968e-02 
 3.102587e+01 -4.329815e-02 
 3.102626e+01 -4.297137e-02 
 3.102666e+01 -4.258898e-02 
 3.102706e+01 -4.215363e-02 
 3.102746e+01 -4.167371e-02 
 3.102785e+01 -4.115672e-02 
 3.102825e+01 -4.060970e-02 
 3.102865e+01 -4.003817e-02 
 3.102905e+01 -3.944601e-02 
 3.102945e+01 -3.883465e-02 
 3.102984e+01 -3.820725e-02 
 3.103024e+01 -3.756514e-02 
 3.103064e+01 -3.690998e-02 
 3.103104e+01 -3.624455e-02 
 3.103143e+01 -3.556971e-02 
 3.103183e+01 -3.488345e-02 
 3.103223e+01 -3.418069e-02 
 3.103263e+01 -3.344707e-02 
 3.103303e+01 -3.267290e-02 
 3.103342e+01 -3.184841e-02 
 3.103382e+01 -3.096932e-02 
 3.103422e+01 -3.003372e-02 
 3.103462e+01 -2.904344e-02 
 3.103501e+01 -2.800441e-02 
 3.103541e+01 -2.692387e-02 
 3.103581e+01 -2.581409e-02 
 3.103621e+01 -2.468393e-02 
 3.103660e+01 -2.354342e-02 
 3.103700e+01 -2.239945e-02 
 3.103740e+01 -2.125824e-02 
 3.103780e+01 -2.012455e-02 
 3.103820e+01 -1.900112e-02 
 3.103859e+01 -1.788674e-02 
 3.103899e+01 -1.678002e-02 
 3.103939e+01 -1.567886e-02 
 3.103979e+01 -1.458260e-02 
 3.104018e+01 -1.348875e-02 
 3.104058e+01 -1.239642e-02 
 3.104098e+01 -1.130732e-02 
 3.104138e+01 -1.022267e-02 
 3.104177e+01 -9.145952e-03 
 3.104217e+01 -8.082359e-03 
 3.104257e+01 -7.036969e-03 
 3.104297e+01 -6.010179e-03 
 3.104337e+01 -5.003731e-03 
 3.104376e+01 -4.018782e-03 
 3.104416e+01 -3.057577e-03 
 3.104456e+01 -2.123682e-03 
 3.104496e+01 -1.219885e-03 
 3.104535e+01 -3.536913e-04 
 3.104575e+01  4.714720e-04 
 3.104615e+01  1.248999e-03 
 3.104655e+01  1.976185e-03 
 3.104694e+01  2.652069e-03 
 3.104734e+01  3.278423e-03 
 3.104774e+01  3.857220e-03 
 3.104814e+01  4.391316e-03 
 3.104854e+01  4.883131e-03 
 3.104893e+01  5.337513e-03 
 3.104933e+01  5.759322e-03 
 3.104973e+01  6.151892e-03 
 3.105013e+01  6.519787e-03 
 3.105052e+01  6.863720e-03 
 3.105092e+01  7.188073e-03 
 3.105132e+01  7.497109e-03 
 3.105172e+01  7.798350e-03 
 3.105211e+01  8.096118e-03 
 3.105251e+01  8.392497e-03 
 3.105291e+01  8.687900e-03 
 3.105331e+01  8.976385e-03 
 3.105371e+01  9.247505e-03 
 3.105410e+01  9.486469e-03 
 3.105450e+01  9.675019e-03 
 3.105490e+01  9.798624e-03 
 3.105530e+01  9.847662e-03 
 3.105569e+01  9.815074e-03 
 3.105609e+01  9.700037e-03 
 3.105649e+01  9.501389e-03 
 3.105689e+01  9.221024e-03 
 3.105728e+01  8.863358e-03 
 3.105768e+01  8.436920e-03 
 3.105808e+01  7.953094e-03 
 3.105848e+01  7.426080e-03 
 3.105888e+01  6.869258e-03 
 3.105927e+01  6.293701e-03 
 3.105967e+01  5.703268e-03 
 3.106007e+01  5.098376e-03 
 3.106047e+01  4.476239e-03 
 3.106086e+01  3.833281e-03 
 3.106126e+01  3.166861e-03 
 3.106166e+01  2.478193e-03 
 3.106206e+01  1.769065e-03 
 3.106245e+01  1.037990e-03 
 3.106285e+01  2.843032e-04 
 3.106325e+01 -4.954796e-04 
 3.106365e+01 -1.302607e-03 
 3.106405e+01 -2.139602e-03 
 3.106444e+01 -3.003669e-03 
 3.106484e+01 -3.890209e-03 
 3.106524e+01 -4.792385e-03 
 3.106564e+01 -5.700623e-03 
 3.106603e+01 -6.605943e-03 
 3.106643e+01 -7.497558e-03 
 3.106683e+01 -8.369543e-03 
 3.106723e+01 -9.213719e-03 
 3.106762e+01 -1.002135e-02 
 3.106802e+01 -1.078800e-02 
 3.106842e+01 -1.150889e-02 
 3.106882e+01 -1.218555e-02 
 3.106922e+01 -1.281893e-02 
 3.106961e+01 -1.340981e-02 
 3.107001e+01 -1.395703e-02 
 3.107041e+01 -1.446113e-02 
 3.107081e+01 -1.492335e-02 
 3.107120e+01 -1.534336e-02 
 3.107160e+01 -1.572515e-02 
 3.107200e+01 -1.607484e-02 
 3.107240e+01 -1.639909e-02 
 3.107279e+01 -1.670815e-02 
 3.107319e+01 -1.701308e-02 
 3.107359e+01 -1.732435e-02 
 3.107399e+01 -1.764593e-02 
 3.107439e+01 -1.797814e-02 
 3.107478e+01 -1.832063e-02 
 3.107518e+01 -1.866833e-02 
 3.107558e+01 -1.901298e-02 
 3.107598e+01 -1.934502e-02 
 3.107637e+01 -1.965409e-02 
 3.107677e+01 -1.992739e-02 
 3.107717e+01 -2.015471e-02 
 3.107757e+01 -2.032724e-02 
 3.107796e+01 -2.043920e-02 
 3.107836e+01 -2.048575e-02 
 3.107876e+01 -2.046960e-02 
 3.107916e+01 -2.039769e-02 
 3.107956e+01 -2.027919e-02 
 3.107995e+01 -2.012439e-02 
 3.108035e+01 -1.994151e-02 
 3.108075e+01 -1.973569e-02 
 3.108115e+01 -1.951359e-02 
 3.108154e+01 -1.928064e-02 
 3.108194e+01 -1.904632e-02 
 3.108234e+01 -1.881686e-02 
 3.108274e+01 -1.859793e-02 
 3.108313e+01 -1.839313e-02 
 3.108353e+01 -1.820236e-02 
 3.108393e+01 -1.801811e-02 
 3.108433e+01 -1.783035e-02 
 3.108473e+01 -1.762891e-02 
 3.108512e+01 -1.740547e-02 
 3.108552e+01 -1.715606e-02 
 3.108592e+01 -1.688256e-02 
 3.108632e+01 -1.658959e-02 
 3.108671e+01 -1.628302e-02 
 3.108711e+01 -1.596998e-02 
 3.108751e+01 -1.565940e-02 
 3.108791e+01 -1.536127e-02 
 3.108830e+01 -1.508384e-02 
 3.108870e+01 -1.483259e-02 
 3.108910e+01 -1.461574e-02 
 3.108950e+01 -1.443811e-02 
 3.108990e+01 -1.430141e-02 
 3.109029e+01 -1.421089e-02 
 3.109069e+01 -1.416673e-02 
 3.109109e+01 -1.416834e-02 
 3.109149e+01 -1.421719e-02 
 3.109188e+01 -1.431263e-02 
 3.109228e+01 -1.445654e-02 
 3.109268e+01 -1.464557e-02 
 3.109308e+01 -1.487518e-02 
 3.109347e+01 -1.514007e-02 
 3.109387e+01 -1.543452e-02 
 3.109427e+01 -1.574960e-02 
 3.109467e+01 -1.607621e-02 
 3.109507e+01 -1.640711e-02 
 3.109546e+01 -1.673549e-02 
 3.109586e+01 -1.705650e-02 
 3.109626e+01 -1.736709e-02 
 3.109666e+01 -1.766728e-02 
 3.109705e+01 -1.795695e-02 
 3.109745e+01 -1.823771e-02 
 3.109785e+01 -1.851344e-02 
 3.109825e+01 -1.879198e-02 
 3.109864e+01 -1.908010e-02 
 3.109904e+01 -1.938269e-02 
 3.109944e+01 -1.970488e-02 
 3.109984e+01 -2.005111e-02 
 3.110024e+01 -2.042571e-02 
 3.110063e+01 -2.083132e-02 
 3.110103e+01 -2.126838e-02 
 3.110143e+01 -2.173690e-02 
 3.110183e+01 -2.223671e-02 
 3.110222e+01 -2.276543e-02 
 3.110262e+01 -2.331870e-02 
 3.110302e+01 -2.388799e-02 
 3.110342e+01 -2.446336e-02 
 3.110381e+01 -2.503568e-02 
 3.110421e+01 -2.559873e-02 
 3.110461e+01 -2.615258e-02 
 3.110501e+01 -2.670102e-02 
 3.110541e+01 -2.725253e-02 
 3.110580e+01 -2.781830e-02 
 3.110620e+01 -2.840650e-02 
 3.110660e+01 -2.902519e-02 
 3.110700e+01 -2.967536e-02 
 3.110739e+01 -3.035494e-02 
 3.110779e+01 -3.106104e-02 
 3.110819e+01 -3.178994e-02 
 3.110859e+01 -3.253838e-02 
 3.110898e+01 -3.330150e-02 
 3.110938e+01 -3.407191e-02 
 3.110978e+01 -3.483979e-02 
 3.111018e+01 -3.559661e-02 
 3.111058e+01 -3.633402e-02 
 3.111097e+01 -3.704754e-02 
 3.111137e+01 -3.773662e-02 
 3.111177e+01 -3.840101e-02 
 3.111217e+01 -3.903930e-02 
 3.111256e+01 -3.964825e-02 
 3.111296e+01 -4.022366e-02 
 3.111336e+01 -4.075675e-02 
 3.111376e+01 -4.124169e-02 
 3.111415e+01 -4.167743e-02 
 3.111455e+01 -4.206824e-02 
 3.111495e+01 -4.242043e-02 
 3.111535e+01 -4.274033e-02 
 3.111575e+01 -4.303540e-02 
 3.111614e+01 -4.330875e-02 
 3.111654e+01 -4.356151e-02 
 3.111694e+01 -4.379196e-02 
 3.111734e+01 -4.399961e-02 
 3.111773e+01 -4.418140e-02 
 3.111813e+01 -4.433672e-02 
 3.111853e+01 -4.446451e-02 
 3.111893e+01 -4.456436e-02 
 3.111932e+01 -4.463578e-02 
 3.111972e+01 -4.467648e-02 
 3.112012e+01 -4.468506e-02 
 3.112052e+01 -4.466082e-02 
 3.112092e+01 -4.460483e-02 
 3.112131e+01 -4.451585e-02 
 3.112171e+01 -4.439172e-02 
 3.112211e+01 -4.422628e-02 
 3.112251e+01 -4.401247e-02 
 3.112290e+01 -4.374652e-02 
 3.112330e+01 -4.342662e-02 
 3.112370e+01 -4.305686e-02 
 3.112410e+01 -4.264442e-02 
 3.112449e+01 -4.219640e-02 
 3.112489e+01 -4.172268e-02 
 3.112529e+01 -4.122845e-02 
 3.112569e+01 -4.071498e-02 
 3.112609e+01 -4.017733e-02 
 3.112648e+01 -3.960789e-02 
 3.112688e+01 -3.900099e-02 
 3.112728e+01 -3.835325e-02 
 3.112768e+01 -3.766041e-02 
 3.112807e+01 -3.691695e-02 
 3.112847e+01 -3.611629e-02 
 3.112887e+01 -3.525326e-02 
 3.112927e+01 -3.432208e-02 
 3.112967e+01 -3.332219e-02 
 3.113006e+01 -3.226096e-02 
 3.113046e+01 -3.114742e-02 
 3.113086e+01 -2.999466e-02 
 3.113126e+01 -2.881843e-02 
 3.113165e+01 -2.762908e-02 
 3.113205e+01 -2.643387e-02 
 3.113245e+01 -2.523499e-02 
 3.113285e+01 -2.403782e-02 
 3.113324e+01 -2.284671e-02 
 3.113364e+01 -2.167089e-02 
 3.113404e+01 -2.051966e-02 
 3.113444e+01 -1.940204e-02 
 3.113484e+01 -1.832260e-02 
 3.113523e+01 -1.728150e-02 
 3.113563e+01 -1.627425e-02 
 3.113603e+01 -1.529342e-02 
 3.113643e+01 -1.433056e-02 
 3.113682e+01 -1.338174e-02 
 3.113722e+01 -1.244329e-02 
 3.113762e+01 -1.151754e-02 
 3.113802e+01 -1.060691e-02 
 3.113841e+01 -9.713861e-03 
 3.113881e+01 -8.840344e-03 
 3.113921e+01 -7.988654e-03 
 3.113961e+01 -7.162406e-03 
 3.114001e+01 -6.367673e-03 
 3.114040e+01 -5.609310e-03 
 3.114080e+01 -4.891701e-03 
 3.114120e+01 -4.214910e-03 
 3.114160e+01 -3.575967e-03 
 3.114199e+01 -2.972955e-03 
 3.114239e+01 -2.404120e-03 
 3.114279e+01 -1.870550e-03 
 3.114319e+01 -1.373454e-03 
 3.114358e+01 -9.181161e-04 
 3.114398e+01 -5.065384e-04 
 3.114438e+01 -1.377299e-04 
 3.114478e+01  1.947682e-04 
 3.114518e+01  4.981335e-04 
 3.114557e+01  7.816099e-04 
 3.114597e+01  1.052070e-03 
 3.114637e+01  1.312111e-03 
 3.114677e+01  1.564572e-03 
 3.114716e+01  1.813565e-03 
 3.114756e+01  2.059279e-03 
 3.114796e+01  2.300322e-03 
 3.114836e+01  2.536066e-03 
 3.114875e+01  2.760637e-03 
 3.114915e+01  2.963041e-03 
 3.114955e+01  3.130547e-03 
 3.114995e+01  3.250791e-03 
 3.115035e+01  3.315767e-03 
 3.115074e+01  3.318267e-03 
 3.115114e+01  3.256226e-03 
 3.115154e+01  3.132045e-03 
 3.115194e+01  2.947418e-03 
 3.115233e+01  2.704348e-03 
 3.115273e+01  2.406914e-03 
 3.115313e+01  2.063285e-03 
 3.115353e+01  1.679558e-03 
 3.115392e+01  1.264275e-03 
 3.115432e+01  8.323298e-04 
 3.115472e+01  3.975267e-04 
 3.115512e+01 -2.907724e-05 
 3.115552e+01 -4.389581e-04 
 3.115591e+01 -8.244466e-04 
 3.115631e+01 -1.186688e-03 
 3.115671e+01 -1.530138e-03 
 3.115711e+01 -1.861171e-03 
 3.115750e+01 -2.183531e-03 
 3.115790e+01 -2.502403e-03 
 3.115830e+01 -2.823642e-03 
 3.115870e+01 -3.149704e-03 
 3.115909e+01 -3.483595e-03 
 3.115949e+01 -3.828067e-03 
 3.115989e+01 -4.186896e-03 
 3.116029e+01 -4.560746e-03 
 3.116069e+01 -4.946773e-03 
 3.116108e+01 -5.340620e-03 
 3.116148e+01 -5.736132e-03 
 3.116188e+01 -6.125786e-03 
 3.116228e+01 -6.502470e-03 
 3.116267e+01 -6.864507e-03 
 3.116307e+01 -7.212356e-03 
 3.116347e+01 -7.547212e-03 
 3.116387e+01 -7.869403e-03 
 3.116426e+01 -8.177948e-03 
 3.116466e+01 -8.471252e-03 
 3.116506e+01 -8.746686e-03 
 3.116546e+01 -9.002796e-03 
 3.116586e+01 -9.241410e-03 
 3.116625e+01 -9.466507e-03 
 3.116665e+01 -9.685740e-03 
 3.116705e+01 -9.907685e-03 
 3.116745e+01 -1.014105e-02 
 3.116784e+01 -1.038993e-02 
 3.116824e+01 -1.065464e-02 
 3.116864e+01 -1.093661e-02 
 3.116904e+01 -1.123502e-02 
 3.116943e+01 -1.154898e-02 
 3.116983e+01 -1.187623e-02 
 3.117023e+01 -1.221376e-02 
 3.117063e+01 -1.255646e-02 
 3.117103e+01 -1.289859e-02 
 3.117142e+01 -1.323325e-02 
 3.117182e+01 -1.355196e-02 
 3.117222e+01 -1.384455e-02 
 3.117262e+01 -1.410514e-02 
 3.117301e+01 -1.432734e-02 
 3.117341e+01 -1.450348e-02 
 3.117381e+01 -1.462630e-02 
 3.117421e+01 -1.468859e-02 
 3.117460e+01 -1.468749e-02 
 3.117500e+01 -1.462558e-02 
 3.117540e+01 -1.451132e-02 
 3.117580e+01 -1.435837e-02 
 3.117620e+01 -1.418095e-02 
 3.117659e+01 -1.399431e-02 
 3.117699e+01 -1.380745e-02 
 3.117739e+01 -1.362597e-02 
 3.117779e+01 -1.345029e-02 
 3.117818e+01 -1.327921e-02 
 3.117858e+01 -1.311242e-02 
 3.117898e+01 -1.295265e-02 
 3.117938e+01 -1.280042e-02 
 3.117977e+01 -1.265396e-02 
 3.118017e+01 -1.250943e-02 
 3.118057e+01 -1.236067e-02 
 3.118097e+01 -1.219832e-02 
 3.118137e+01 -1.201857e-02 
 3.118176e+01 -1.181816e-02 
 3.118216e+01 -1.160318e-02 
 3.118256e+01 -1.138280e-02 
 3.118296e+01 -1.116525e-02 
 3.118335e+01 -1.095794e-02 
 3.118375e+01 -1.076507e-02 
 3.118415e+01 -1.058562e-02 
 3.118455e+01 -1.042110e-02 
 3.118494e+01 -1.027707e-02 
 3.118534e+01 -1.016188e-02 
 3.118574e+01 -1.008486e-02 
 3.118614e+01 -1.005332e-02 
 3.118654e+01 -1.006969e-02 
 3.118693e+01 -1.013043e-02 
 3.118733e+01 -1.022758e-02 
 3.118773e+01 -1.035000e-02 
 3.118813e+01 -1.048976e-02 
 3.118852e+01 -1.064233e-02 
 3.118892e+01 -1.080686e-02 
 3.118932e+01 -1.098483e-02 
 3.118972e+01 -1.117644e-02 
 3.119011e+01 -1.137938e-02 
 3.119051e+01 -1.158844e-02 
 3.119091e+01 -1.180065e-02 
 3.119131e+01 -1.201621e-02 
 3.119171e+01 -1.223926e-02 
 3.119210e+01 -1.247196e-02 
 3.119250e+01 -1.271714e-02 
 3.119290e+01 -1.297593e-02 
 3.119330e+01 -1.324880e-02 
 3.119369e+01 -1.353823e-02 
 3.119409e+01 -1.384846e-02 
 3.119449e+01 -1.418713e-02 
 3.119489e+01 -1.456773e-02 
 3.119528e+01 -1.500004e-02 
 3.119568e+01 -1.549339e-02 
 3.119608e+01 -1.604875e-02 
 3.119648e+01 -1.666213e-02 
 3.119688e+01 -1.732522e-02 
 3.119727e+01 -1.802827e-02 
 3.119767e+01 -1.876450e-02 
 3.119807e+01 -1.952997e-02 
 3.119847e+01 -2.031938e-02 
 3.119886e+01 -2.113036e-02 
 3.119926e+01 -2.195552e-02 
 3.119966e+01 -2.278737e-02 
 3.120006e+01 -2.361966e-02 
 3.120045e+01 -2.444838e-02 
 3.120085e+01 -2.527444e-02 
 3.120125e+01 -2.610295e-02 
 3.120165e+01 -2.693714e-02 
 3.120205e+01 -2.777614e-02 
 3.120244e+01 -2.862054e-02 
 3.120284e+01 -2.946695e-02 
 3.120324e+01 -3.031206e-02 
 3.120364e+01 -3.115430e-02 
 3.120403e+01 -3.199597e-02 
 3.120443e+01 -3.284092e-02 
 3.120483e+01 -3.369137e-02 
 3.120523e+01 -3.454490e-02 
 3.120562e+01 -3.539158e-02 
 3.120602e+01 -3.621746e-02 
 3.120642e+01 -3.700418e-02 
 3.120682e+01 -3.773682e-02 
 3.120722e+01 -3.840872e-02 
 3.120761e+01 -3.901896e-02 
 3.120801e+01 -3.957295e-02 
 3.120841e+01 -4.007864e-02 
 3.120881e+01 -4.054471e-02 
 3.120920e+01 -4.097541e-02 
 3.120960e+01 -4.137391e-02 
 3.121000e+01 -4.174239e-02 
 3.121040e+01 -4.208361e-02 
 3.121079e+01 -4.240290e-02 
 3.121119e+01 -4.270632e-02 
 3.121159e+01 -4.299797e-02 
 3.121199e+01 -4.327710e-02 
 3.121239e+01 -4.354213e-02 
 3.121278e+01 -4.378891e-02 
 3.121318e+01 -4.401177e-02 
 3.121358e+01 -4.421007e-02 
 3.121398e+01 -4.438476e-02 
 3.121437e+01 -4.453864e-02 
 3.121477e+01 -4.467444e-02 
 3.121517e+01 -4.479377e-02 
 3.121557e+01 -4.489196e-02 
 3.121596e+01 -4.496100e-02 
 3.121636e+01 -4.499285e-02 
 3.121676e+01 -4.498258e-02 
 3.121716e+01 -4.492721e-02 
 3.121756e+01 -4.482614e-02 
 3.121795e+01 -4.467934e-02 
 3.121835e+01 -4.449113e-02 
 3.121875e+01 -4.426328e-02 
 3.121915e+01 -4.399985e-02 
 3.121954e+01 -4.370212e-02 
 3.121994e+01 -4.337347e-02 
 3.122034e+01 -4.301637e-02 
 3.122074e+01 -4.263091e-02 
 3.122114e+01 -4.221758e-02 
 3.122153e+01 -4.177512e-02 
 3.122193e+01 -4.129877e-02 
 3.122233e+01 -4.078650e-02 
 3.122273e+01 -4.023879e-02 
 3.122312e+01 -3.965756e-02 
 3.122352e+01 -3.904678e-02 
 3.122392e+01 -3.840936e-02 
 3.122432e+01 -3.774550e-02 
 3.122471e+01 -3.705284e-02 
 3.122511e+01 -3.632430e-02 
 3.122551e+01 -3.555150e-02 
 3.122591e+01 -3.473073e-02 
 3.122631e+01 -3.386231e-02 
 3.122670e+01 -3.295525e-02 
 3.122710e+01 -3.202208e-02 
 3.122750e+01 -3.107964e-02 
 3.122790e+01 -3.014165e-02 
 3.122829e+01 -2.921698e-02 
 3.122869e+01 -2.831144e-02 
 3.122909e+01 -2.742732e-02 
 3.122949e+01 -2.656576e-02 
 3.122988e+01 -2.572656e-02 
 3.123028e+01 -2.490618e-02 
 3.123068e+01 -2.410160e-02 
 3.123108e+01 -2.330543e-02 
 3.123148e+01 -2.250993e-02 
 3.123187e+01 -2.170567e-02 
 3.123227e+01 -2.088248e-02 
 3.123267e+01 -2.003535e-02 
 3.123307e+01 -1.916375e-02 
 3.123346e+01 -1.827308e-02 
 3.123386e+01 -1.737138e-02 
 3.123426e+01 -1.646464e-02 
 3.123466e+01 -1.555738e-02 
 3.123505e+01 -1.464990e-02 
 3.123545e+01 -1.374164e-02 
 3.123585e+01 -1.283277e-02 
 3.123625e+01 -1.192510e-02 
 3.123665e+01 -1.102530e-02 
 3.123704e+01 -1.014335e-02 
 3.123744e+01 -9.291826e-03 
 3.123784e+01 -8.478157e-03 
 3.123824e+01 -7.703990e-03 
 3.123863e+01 -6.967068e-03 
 3.123903e+01 -6.265057e-03 
 3.123943e+01 -5.593773e-03 
 3.123983e+01 -4.952897e-03 
 3.124022e+01 -4.342371e-03 
 3.124062e+01 -3.762866e-03 
 3.124102e+01 -3.214065e-03 
 3.124142e+01 -2.694076e-03 
 3.124182e+01 -2.200622e-03 
 3.124221e+01 -1.731686e-03 
 3.124261e+01 -1.288620e-03 
 3.124301e+01 -8.762884e-04 
 3.124341e+01 -5.014676e-04 
 3.124380e+01 -1.693891e-04 
 3.124420e+01  1.172847e-04 
 3.124460e+01  3.604404e-04 
 3.124500e+01  5.607635e-04 
 3.124539e+01  7.182131e-04 
 3.124579e+01  8.295136e-04 
 3.124619e+01  8.869951e-04 
 3.124659e+01  8.815731e-04 
 3.124699e+01  8.070418e-04 
 3.124738e+01  6.630807e-04 
 3.124778e+01  4.551608e-04 
 3.124818e+01  1.885555e-04 
 3.124858e+01 -1.260464e-04 
 3.124897e+01 -4.775683e-04 
 3.124937e+01 -8.561999e-04 
 3.124977e+01 -1.251229e-03 
 3.125017e+01 -1.651326e-03 
 3.125056e+01 -2.043349e-03 
 3.125096e+01 -2.412916e-03 
 3.125136e+01 -2.752905e-03 
 3.125176e+01 -3.060815e-03 
 3.125216e+01 -3.340052e-03 
 3.125255e+01 -3.600124e-03 
 3.125295e+01 -3.855675e-03 
 3.125335e+01 -4.114780e-03 
 3.125375e+01 -4.385617e-03 
 3.125414e+01 -4.670236e-03 
 3.125454e+01 -4.969901e-03 
 3.125494e+01 -5.285278e-03 
 3.125534e+01 -5.620319e-03 
 3.125573e+01 -5.981849e-03 
 3.125613e+01 -6.373699e-03 
 3.125653e+01 -6.794369e-03 
 3.125693e+01 -7.237923e-03 
 3.125733e+01 -7.692036e-03 
 3.125772e+01 -8.142555e-03 
 3.125812e+01 -8.574802e-03 
 3.125852e+01 -8.980343e-03 
 3.125892e+01 -9.356840e-03 
 3.125931e+01 -9.705465e-03 
 3.125971e+01 -1.003106e-02 
 3.126011e+01 -1.033507e-02 
 3.126051e+01 -1.061680e-02 
 3.126090e+01 -1.087489e-02 
 3.126130e+01 -1.110694e-02 
 3.126170e+01 -1.131346e-02 
 3.126210e+01 -1.149622e-02 
 3.126250e+01 -1.166118e-02 
 3.126289e+01 -1.181384e-02 
 3.126329e+01 -1.195632e-02 
 3.126369e+01 -1.208928e-02 
 3.126409e+01 -1.220890e-02 
 3.126448e+01 -1.231353e-02 
 3.126488e+01 -1.240151e-02 
 3.126528e+01 -1.247279e-02 
 3.126568e+01 -1.252983e-02 
 3.126607e+01 -1.257291e-02 
 3.126647e+01 -1.259994e-02 
 3.126687e+01 -1.260624e-02 
 3.126727e+01 -1.258657e-02 
 3.126767e+01 -1.253436e-02 
 3.126806e+01 -1.244327e-02 
 3.126846e+01 -1.231052e-02 
 3.126886e+01 -1.213560e-02 
 3.126926e+01 -1.191647e-02 
 3.126965e+01 -1.165178e-02 
 3.127005e+01 -1.134103e-02 
 3.127045e+01 -1.099071e-02 
 3.127085e+01 -1.060933e-02 
 3.127124e+01 -1.020938e-02 
 3.127164e+01 -9.808667e-03 
 3.127204e+01 -9.422791e-03 
 3.127244e+01 -9.061946e-03 
 3.127284e+01 -8.731681e-03 
 3.127323e+01 -8.431902e-03 
 3.127363e+01 -8.164241e-03 
 3.127403e+01 -7.928346e-03 
 3.127443e+01 -7.728301e-03 
 3.127482e+01 -7.567597e-03 
 3.127522e+01 -7.444937e-03 
 3.127562e+01 -7.353093e-03 
 3.127602e+01 -7.279992e-03 
 3.127641e+01 -7.209549e-03 
 3.127681e+01 -7.125966e-03 
 3.127721e+01 -7.021211e-03 
 3.127761e+01 -6.895002e-03 
 3.127801e+01 -6.751207e-03 
 3.127840e+01 -6.598817e-03 
 3.127880e+01 -6.446950e-03 
 3.127920e+01 -6.300278e-03 
 3.127960e+01 -6.160817e-03 
 3.127999e+01 -6.031698e-03 
 3.128039e+01 -5.916905e-03 
 3.128079e+01 -5.821328e-03 
 3.128119e+01 -5.751323e-03 
 3.128158e+01 -5.710696e-03 
 3.128198e+01 -5.698675e-03 
 3.128238e+01 -5.709014e-03 
 3.128278e+01 -5.736181e-03 
 3.128318e+01 -5.773465e-03 
 3.128357e+01 -5.816102e-03 
 3.128397e+01 -5.864356e-03 
 3.128437e+01 -5.921636e-03 
 3.128477e+01 -5.991596e-03 
 3.128516e+01 -6.076715e-03 
 3.128556e+01 -6.177497e-03 
 3.128596e+01 -6.293203e-03 
 3.128636e+01 -6.422663e-03 
 3.128675e+01 -6.565672e-03 
 3.128715e+01 -6.724473e-03 
 3.128755e+01 -6.902676e-03 
 3.128795e+01 -7.103962e-03 
 3.128835e+01 -7.332729e-03 
 3.128874e+01 -7.593286e-03 
 3.128914e+01 -7.890396e-03 
 3.128954e+01 -8.226838e-03 
 3.128994e+01 -8.608188e-03 
 3.129033e+01 -9.037829e-03 
 3.129073e+01 -9.519581e-03 
 3.129113e+01 -1.005555e-02 
 3.129153e+01 -1.064582e-02 
 3.129192e+01 -1.128985e-02 
 3.129232e+01 -1.198505e-02 
 3.129272e+01 -1.273049e-02 
 3.129312e+01 -1.352022e-02 
 3.129352e+01 -1.435017e-02 
 3.129391e+01 -1.521351e-02 
 3.129431e+01 -1.610159e-02 
 3.129471e+01 -1.700316e-02 
 3.129511e+01 -1.790649e-02 
 3.129550e+01 -1.880241e-02 
 3.129590e+01 -1.968403e-02 
 3.129630e+01 -2.054819e-02 
 3.129670e+01 -2.140000e-02 
 3.129709e+01 -2.224640e-02 
 3.129749e+01 -2.309484e-02 
 3.129789e+01 -2.395147e-02 
 3.129829e+01 -2.482165e-02 
 3.129869e+01 -2.570666e-02 
 3.129908e+01 -2.660739e-02 
 3.129948e+01 -2.752686e-02 
 3.129988e+01 -2.846434e-02 
 3.130028e+01 -2.941918e-02 
 3.130067e+01 -3.038727e-02 
 3.130107e+01 -3.136128e-02 
 3.130147e+01 -3.232914e-02 
 3.130187e+01 -3.327942e-02 
 3.130226e+01 -3.420208e-02 
 3.130266e+01 -3.509215e-02 
 3.130306e+01 -3.595091e-02 
 3.130346e+01 -3.678299e-02 
 3.130386e+01 -3.759528e-02 
 3.130425e+01 -3.839354e-02 
 3.130465e+01 -3.918122e-02 
 3.130505e+01 -3.995867e-02 
 3.130545e+01 -4.072470e-02 
 3.130584e+01 -4.147507e-02 
 3.130624e+01 -4.220902e-02 
 3.130664e+01 -4.293024e-02 
 3.130704e+01 -4.364219e-02 
 3.130743e+01 -4.434525e-02 
 3.130783e+01 -4.503669e-02 
 3.130823e+01 -4.571015e-02 
 3.130863e+01 -4.635556e-02 
 3.130903e+01 -4.696099e-02 
 3.130942e+01 -4.751733e-02 
 3.130982e+01 -4.801658e-02 
 3.131022e+01 -4.845478e-02 
 3.131062e+01 -4.883008e-02 
 3.131101e+01 -4.914262e-02 
 3.131141e+01 -4.939279e-02 
 3.131181e+01 -4.958010e-02 
 3.131221e+01 -4.970333e-02 
 3.131261e+01 -4.975937e-02 
 3.131300e+01 -4.974623e-02 
 3.131340e+01 -4.966244e-02 
 3.131380e+01 -4.950492e-02 
 3.131420e+01 -4.927358e-02 
 3.131459e+01 -4.896905e-02 
 3.131499e+01 -4.859283e-02 
 3.131539e+01 -4.814843e-02 
 3.131579e+01 -4.764581e-02 
 3.131618e+01 -4.709383e-02 
 3.131658e+01 -4.650070e-02 
 3.131698e+01 -4.587408e-02 
 3.131738e+01 -4.522089e-02 
 3.131778e+01 -4.454428e-02 
 3.131817e+01 -4.384447e-02 
 3.131857e+01 -4.312007e-02 
 3.131897e+01 -4.236915e-02 
 3.131937e+01 -4.159052e-02 
 3.131976e+01 -4.078172e-02 
 3.132016e+01 -3.994043e-02 
 3.132056e+01 -3.906579e-02 
 3.132096e+01 -3.815545e-02 
 3.132135e+01 -3.721248e-02 
 3.132175e+01 -3.624174e-02 
 3.132215e+01 -3.525326e-02 
 3.132255e+01 -3.425783e-02 
 3.132295e+01 -3.326881e-02 
 3.132334e+01 -3.229668e-02 
 3.132374e+01 -3.134716e-02 
 3.132414e+01 -3.042066e-02 
 3.132454e+01 -2.951312e-02 
 3.132493e+01 -2.862307e-02 
 3.132533e+01 -2.774834e-02 
 3.132573e+01 -2.689171e-02 
 3.132613e+01 -2.605366e-02 
 3.132652e+01 -2.523335e-02 
 3.132692e+01 -2.442547e-02 
 3.132732e+01 -2.361985e-02 
 3.132772e+01 -2.280441e-02 
 3.132812e+01 -2.196536e-02 
 3.132851e+01 -2.109739e-02 
 3.132891e+01 -2.020372e-02 
 3.132931e+01 -1.929047e-02 
 3.132971e+01 -1.836833e-02 
 3.133010e+01 -1.744711e-02 
 3.133050e+01 -1.653455e-02 
 3.133090e+01 -1.563638e-02 
 3.133130e+01 -1.475843e-02 
 3.133169e+01 -1.390680e-02 
 3.133209e+01 -1.309026e-02 
 3.133249e+01 -1.231746e-02 
 3.133289e+01 -1.159421e-02 
 3.133329e+01 -1.092225e-02 
 3.133368e+01 -1.029796e-02 
 3.133408e+01 -9.715196e-03 
 3.133448e+01 -9.166781e-03 
 3.133488e+01 -8.650755e-03 
 3.133527e+01 -8.169627e-03 
 3.133567e+01 -7.728752e-03 
 3.133607e+01 -7.331779e-03 
 3.133647e+01 -6.982976e-03 
 3.133686e+01 -6.681218e-03 
 3.133726e+01 -6.420423e-03 
 3.133766e+01 -6.192325e-03 
 3.133806e+01 -5.992062e-03 
 3.133846e+01 -5.817787e-03 
 3.133885e+01 -5.666436e-03 
 3.133925e+01 -5.538488e-03 
 3.133965e+01 -5.435174e-03 
 3.134005e+01 -5.357723e-03 
 3.134044e+01 -5.308232e-03 
 3.134084e+01 -5.290117e-03 
 3.134124e+01 -5.308414e-03 
 3.134164e+01 -5.366847e-03 
 3.134203e+01 -5.470044e-03 
 3.134243e+01 -5.617472e-03 
 3.134283e+01 -5.806558e-03 
 3.134323e+01 -6.028230e-03 
 3.134363e+01 -6.271272e-03 
 3.134402e+01 -6.528824e-03 
 3.134442e+01 -6.794467e-03 
 3.134482e+01 -7.066736e-03 
 3.134522e+01 -7.343433e-03 
 3.134561e+01 -7.618505e-03 
 3.134601e+01 -7.882597e-03 
 3.134641e+01 -8.125252e-03 
 3.134681e+01 -8.334558e-03 
 3.134720e+01 -8.507140e-03 
 3.134760e+01 -8.645582e-03 
 3.134800e+01 -8.760580e-03 
 3.134840e+01 -8.867063e-03 
 3.134880e+01 -8.981034e-03 
 3.134919e+01 -9.114379e-03 
 3.134959e+01 -9.273146e-03 
 3.134999e+01 -9.461790e-03 
 3.135039e+01 -9.683177e-03 
 3.135078e+01 -9.943760e-03 
 3.135118e+01 -1.024804e-02 
 3.135158e+01 -1.059746e-02 
 3.135198e+01 -1.098898e-02 
 3.135237e+01 -1.141206e-02 
 3.135277e+01 -1.184955e-02 
 3.135317e+01 -1.227991e-02 
 3.135357e+01 -1.268894e-02 
 3.135397e+01 -1.306764e-02 
 3.135436e+01 -1.341337e-02 
 3.135476e+01 -1.373227e-02 
 3.135516e+01 -1.403027e-02 
 3.135556e+01 -1.430868e-02 
 3.135595e+01 -1.456499e-02 
 3.135635e+01 -1.479370e-02 
 3.135675e+01 -1.498865e-02 
 3.135715e+01 -1.514526e-02 
 3.135754e+01 -1.526282e-02 
 3.135794e+01 -1.534292e-02 
 3.135834e+01 -1.538969e-02 
 3.135874e+01 -1.540768e-02 
 3.135914e+01 -1.539905e-02 
 3.135953e+01 -1.536360e-02 
 3.135993e+01 -1.530250e-02 
 3.136033e+01 -1.521592e-02 
 3.136073e+01 -1.510511e-02 
 3.136112e+01 -1.497193e-02 
 3.136152e+01 -1.481283e-02 
 3.136192e+01 -1.462236e-02 
 3.136232e+01 -1.439307e-02 
 3.136271e+01 -1.411563e-02 
 3.136311e+01 -1.378823e-02 
 3.136351e+01 -1.340913e-02 
 3.136391e+01 -1.297906e-02 
 3.136431e+01 -1.250004e-02 
 3.136470e+01 -1.197473e-02 
 3.136510e+01 -1.140711e-02 
 3.136550e+01 -1.079874e-02 
 3.136590e+01 -1.015237e-02 
 3.136629e+01 -9.474837e-03 
 3.136669e+01 -8.777958e-03 
 3.136709e+01 -8.075663e-03 
 3.136749e+01 -7.382851e-03 
 3.136788e+01 -6.710836e-03 
 3.136828e+01 -6.066093e-03 
 3.136868e+01 -5.454355e-03 
 3.136908e+01 -4.876894e-03 
 3.136948e+01 -4.333409e-03 
 3.136987e+01 -3.826267e-03 
 3.137027e+01 -3.353079e-03 
 3.137067e+01 -2.909584e-03 
 3.137107e+01 -2.489094e-03 
 3.137146e+01 -2.081211e-03 
 3.137186e+01 -1.670244e-03 
 3.137226e+01 -1.243496e-03 
 3.137266e+01 -7.948388e-04 
 3.137305e+01 -3.217346e-04 
 3.137345e+01  1.717790e-04 
 3.137385e+01  6.758019e-04 
 3.137425e+01  1.178817e-03 
 3.137465e+01  1.672886e-03 
 3.137504e+01  2.151160e-03 
 3.137544e+01  2.610151e-03 
 3.137584e+01  3.046664e-03 
 3.137624e+01  3.454350e-03 
 3.137663e+01  3.824889e-03 
 3.137703e+01  4.149954e-03 
 3.137743e+01  4.420496e-03 
 3.137783e+01  4.630791e-03 
 3.137822e+01  4.781574e-03 
 3.137862e+01  4.877920e-03 
 3.137902e+01  4.926348e-03 
 3.137942e+01  4.930246e-03 
 3.137982e+01  4.890951e-03 
 3.138021e+01  4.804369e-03 
 3.138061e+01  4.665824e-03 
 3.138101e+01  4.469067e-03 
 3.138141e+01  4.216876e-03 
 3.138180e+01  3.912362e-03 
 3.138220e+01  3.560002e-03 
 3.138260e+01  3.163638e-03 
 3.138300e+01  2.724922e-03 
 3.138339e+01  2.238707e-03 
 3.138379e+01  1.697492e-03 
 3.138419e+01  1.096569e-03 
 3.138459e+01  4.326044e-04 
 3.138499e+01 -2.945443e-04 
 3.138538e+01 -1.081743e-03 
 3.138578e+01 -1.925478e-03 
 3.138618e+01 -2.823287e-03 
 3.138658e+01 -3.774988e-03 
 3.138697e+01 -4.779946e-03 
 3.138737e+01 -5.837502e-03 
 3.138777e+01 -6.943946e-03 
 3.138817e+01 -8.092452e-03 
 3.138856e+01 -9.273512e-03 
 3.138896e+01 -1.047922e-02 
 3.138936e+01 -1.169786e-02 
 3.138976e+01 -1.292298e-02 
 3.139016e+01 -1.414528e-02 
 3.139055e+01 -1.535614e-02 
 3.139095e+01 -1.654738e-02 
 3.139135e+01 -1.771255e-02 
 3.139175e+01 -1.884751e-02 
 3.139214e+01 -1.995374e-02 
 3.139254e+01 -2.103663e-02 
 3.139294e+01 -2.210428e-02 
 3.139334e+01 -2.316612e-02 
 3.139373e+01 -2.422692e-02 
 3.139413e+01 -2.528877e-02 
 3.139453e+01 -2.635032e-02 
 3.139493e+01 -2.740884e-02 
 3.139533e+01 -2.846361e-02 
 3.139572e+01 -2.951547e-02 
 3.139612e+01 -3.056630e-02 
 3.139652e+01 -3.161828e-02 
 3.139692e+01 -3.266839e-02 
 3.139731e+01 -3.370811e-02 
 3.139771e+01 -3.472691e-02 
 3.139811e+01 -3.571194e-02 
 3.139851e+01 -3.665715e-02 
 3.139890e+01 -3.756128e-02 
 3.139930e+01 -3.843067e-02 
 3.139970e+01 -3.927506e-02 
 3.140010e+01 -4.010236e-02 
 3.140050e+01 -4.091435e-02 
 3.140089e+01 -4.170598e-02 
 3.140129e+01 -4.247140e-02 
 3.140169e+01 -4.320450e-02 
 3.140209e+01 -4.390096e-02 
 3.140248e+01 -4.456256e-02 
 3.140288e+01 -4.519236e-02 
 3.140328e+01 -4.579063e-02 
 3.140368e+01 -4.635339e-02 
 3.140408e+01 -4.687474e-02 
 3.140447e+01 -4.734403e-02 
 3.140487e+01 -4.775263e-02 
 3.140527e+01 -4.809437e-02 
 3.140567e+01 -4.837037e-02 
 3.140606e+01 -4.858622e-02 
 3.140646e+01 -4.874537e-02 
 3.140686e+01 -4.884896e-02 
 3.140726e+01 -4.889446e-02 
 3.140765e+01 -4.887548e-02 
 3.140805e+01 -4.878634e-02 
 3.140845e+01 -4.862502e-02 
 3.140885e+01 -4.839819e-02 
 3.140925e+01 -4.811396e-02 
 3.140964e+01 -4.778097e-02 
 3.141004e+01 -4.740641e-02 
 3.141044e+01 -4.699377e-02 
 3.141084e+01 -4.654428e-02 
 3.141123e+01 -4.606035e-02 
 3.141163e+01 -4.554554e-02 
 3.141203e+01 -4.500343e-02 
 3.141243e+01 -4.443987e-02 
 3.141282e+01 -4.385850e-02 
 3.141322e+01 -4.325858e-02 
 3.141362e+01 -4.263751e-02 
 3.141402e+01 -4.198922e-02 
 3.141442e+01 -4.131148e-02 
 3.141481e+01 -4.060430e-02 
 3.141521e+01 -3.987372e-02 
 3.141561e+01 -3.912484e-02 
 3.141601e+01 -3.836004e-02 
 3.141640e+01 -3.757656e-02 
 3.141680e+01 -3.676883e-02 
 3.141720e+01 -3.593166e-02 
 3.141760e+01 -3.506466e-02 
 3.141799e+01 -3.417404e-02 
 3.141839e+01 -3.327010e-02 
 3.141879e+01 -3.236428e-02 
 3.141919e+01 -3.146427e-02 
 3.141959e+01 -3.057341e-02 
 3.141998e+01 -2.969074e-02 
 3.142038e+01 -2.881253e-02 
 3.142078e+01 -2.793749e-02 
 3.142118e+01 -2.706663e-02 
 3.142157e+01 -2.620324e-02 
 3.142197e+01 -2.534851e-02 
 3.142237e+01 -2.450119e-02 
 3.142277e+01 -2.365089e-02 
 3.142316e+01 -2.278680e-02 
 3.142356e+01 -2.189802e-02 
 3.142396e+01 -2.098170e-02 
 3.142436e+01 -2.004382e-02 
 3.142476e+01 -1.909817e-02 
 3.142515e+01 -1.816170e-02 
 3.142555e+01 -1.724907e-02 
 3.142595e+01 -1.636926e-02 
 3.142635e+01 -1.552669e-02 
 3.142674e+01 -1.472292e-02 
 3.142714e+01 -1.396007e-02 
 3.142754e+01 -1.324458e-02 
 3.142794e+01 -1.258769e-02 
 3.142833e+01 -1.200196e-02 
 3.142873e+01 -1.149710e-02 
 3.142913e+01 -1.107498e-02 
 3.142953e+01 -1.073233e-02 
 3.142993e+01 -1.046060e-02 
 3.143032e+01 -1.024973e-02 
 3.143072e+01 -1.009269e-02 
 3.143112e+01 -9.985862e-03 
 3.143152e+01 -9.925222e-03 
 3.143191e+01 -9.905092e-03 
 3.143231e+01 -9.921931e-03 
 3.143271e+01 -9.969176e-03 
 3.143311e+01 -1.004074e-02 
 3.143350e+01 -1.013611e-02 
 3.143390e+01 -1.025328e-02 
 3.143430e+01 -1.039486e-02 
 3.143470e+01 -1.056323e-02 
 3.143510e+01 -1.076133e-02 
 3.143549e+01 -1.098672e-02 
 3.143589e+01 -1.123763e-02 
 3.143629e+01 -1.151414e-02 
 3.143669e+01 -1.181452e-02 
 3.143708e+01 -1.214022e-02 
 3.143748e+01 -1.249350e-02 
 3.143788e+01 -1.287619e-02 
 3.143828e+01 -1.328560e-02 
 3.143867e+01 -1.371692e-02 
 3.143907e+01 -1.416411e-02 
 3.143947e+01 -1.462132e-02 
 3.143987e+01 -1.508368e-02 
 3.144027e+01 -1.554726e-02 
 3.144066e+01 -1.600868e-02 
 3.144106e+01 -1.646035e-02 
 3.144146e+01 -1.689219e-02 
 3.144186e+01 -1.729514e-02 
 3.144225e+01 -1.766056e-02 
 3.144265e+01 -1.798278e-02 
 3.144305e+01 -1.826163e-02 
 3.144345e+01 -1.850529e-02 
 3.144384e+01 -1.872825e-02 
 3.144424e+01 -1.894606e-02 
 3.144464e+01 -1.917071e-02 
 3.144504e+01 -1.940679e-02 
 3.144544e+01 -1.965255e-02 
 3.144583e+01 -1.990391e-02 
 3.144623e+01 -2.015528e-02 
 3.144663e+01 -2.040396e-02 
 3.144703e+01 -2.064951e-02 
 3.144742e+01 -2.089095e-02 
 3.144782e+01 -2.112568e-02 
 3.144822e+01 -2.134516e-02 
 3.144862e+01 -2.153836e-02 
 3.144901e+01 -2.168867e-02 
 3.144941e+01 -2.178307e-02 
 3.144981e+01 -2.181282e-02 
 3.145021e+01 -2.177447e-02 
 3.145061e+01 -2.166651e-02 
 3.145100e+01 -2.148845e-02 
 3.145140e+01 -2.124032e-02 
 3.145180e+01 -2.092120e-02 
 3.145220e+01 -2.053106e-02 
 3.145259e+01 -2.007411e-02 
 3.145299e+01 -1.955763e-02 
 3.145339e+01 -1.899412e-02 
 3.145379e+01 -1.839699e-02 
 3.145418e+01 -1.777996e-02 
 3.145458e+01 -1.715251e-02 
 3.145498e+01 -1.651709e-02 
 3.145538e+01 -1.587139e-02 
 3.145578e+01 -1.521171e-02 
 3.145617e+01 -1.453449e-02 
 3.145657e+01 -1.383844e-02 
 3.145697e+01 -1.312626e-02 
 3.145737e+01 -1.239846e-02 
 3.145776e+01 -1.165567e-02 
 3.145816e+01 -1.090046e-02 
 3.145856e+01 -1.013422e-02 
 3.145896e+01 -9.357110e-03 
 3.145935e+01 -8.568761e-03 
 3.145975e+01 -7.771109e-03 
 3.146015e+01 -6.964619e-03 
 3.146055e+01 -6.151754e-03 
 3.146095e+01 -5.333468e-03 
 3.146134e+01 -4.510677e-03 
 3.146174e+01 -3.686138e-03 
 3.146214e+01 -2.865223e-03 
 3.146254e+01 -2.055186e-03 
 3.146293e+01 -1.267625e-03 
 3.146333e+01 -5.116536e-04 
 3.146373e+01  2.059674e-04 
 3.146413e+01  8.791743e-04 
 3.146452e+01  1.506864e-03 
 3.146492e+01  2.091980e-03 
 3.146532e+01  2.639286e-03 
 3.146572e+01  3.154845e-03 
 3.146612e+01  3.643865e-03 
 3.146651e+01  4.110126e-03 
 3.146691e+01  4.560514e-03 
 3.146731e+01  5.002261e-03 
 3.146771e+01  5.441414e-03 
 3.146810e+01  5.884786e-03 
 3.146850e+01  6.335974e-03 
 3.146890e+01  6.794537e-03 
 3.146930e+01  7.256691e-03 
 3.146969e+01  7.716133e-03 
 3.147009e+01  8.166747e-03 
 3.147049e+01  8.597888e-03 
 3.147089e+01  9.005592e-03 
 3.147129e+01  9.384027e-03 
 3.147168e+01  9.727227e-03 
 3.147208e+01  1.002540e-02 
 3.147248e+01  1.026602e-02 
 3.147288e+01  1.043733e-02 
 3.147327e+01  1.052853e-02 
 3.147367e+01  1.053494e-02 
 3.147407e+01  1.046119e-02 
 3.147447e+01  1.031566e-02 
 3.147486e+01  1.011086e-02 
 3.147526e+01  9.857826e-03 
 3.147566e+01  9.562905e-03 
 3.147606e+01  9.227221e-03 
 3.147646e+01  8.847072e-03 
 3.147685e+01  8.419388e-03 
 3.147725e+01  7.943681e-03 
 3.147765e+01  7.423136e-03 
 3.147805e+01  6.862628e-03 
 3.147844e+01  6.265006e-03 
 3.147884e+01  5.628806e-03 
 3.147924e+01  4.949959e-03 
 3.147964e+01  4.224566e-03 
 3.148003e+01  3.448524e-03 
 3.148043e+01  2.619875e-03 
 3.148083e+01  1.742851e-03 
 3.148123e+01  8.252326e-04 
 3.148163e+01 -1.272456e-04 
 3.148202e+01 -1.110637e-03 
 3.148242e+01 -2.124724e-03 
 3.148282e+01 -3.170760e-03 
 3.148322e+01 -4.250210e-03 
 3.148361e+01 -5.359651e-03 
 3.148401e+01 -6.494315e-03 
 3.148441e+01 -7.649133e-03 
 3.148481e+01 -8.818556e-03 
 3.148520e+01 -9.996854e-03 
 3.148560e+01 -1.117951e-02 
 3.148600e+01 -1.236335e-02 
 3.148640e+01 -1.354646e-02 
 3.148680e+01 -1.472400e-02 
 3.148719e+01 -1.589321e-02 
 3.148759e+01 -1.705237e-02 
 3.148799e+01 -1.820387e-02 
 3.148839e+01 -1.935134e-02 
 3.148878e+01 -2.050208e-02 
 3.148918e+01 -2.166157e-02 
 3.148958e+01 -2.283308e-02 
 3.148998e+01 -2.401657e-02 
 3.149037e+01 -2.520808e-02 
 3.149077e+01 -2.640292e-02 
 3.149117e+01 -2.759981e-02 
 3.149157e+01 -2.879983e-02 
 3.149197e+01 -3.000177e-02 
 3.149236e+01 -3.120542e-02 
 3.149276e+01 -3.240599e-02 
 3.149316e+01 -3.359104e-02 
 3.149356e+01 -3.474675e-02 
 3.149395e+01 -3.585927e-02 
 3.149435e+01 -3.691751e-02 
 3.149475e+01 -3.791787e-02 
 3.149515e+01 -3.886108e-02 
 3.149555e+01 -3.975365e-02 
 3.149594e+01 -4.059782e-02 
 3.149634e+01 -4.139250e-02 
 3.149674e+01 -4.213280e-02 
 3.149714e+01 -4.281273e-02 
 3.149753e+01 -4.342950e-02 
 3.149793e+01 -4.398328e-02 
 3.149833e+01 -4.447856e-02 
 3.149873e+01 -4.491979e-02 
 3.149912e+01 -4.530771e-02 
 3.149952e+01 -4.563895e-02 
 3.149992e+01 -4.590583e-02 
 3.150032e+01 -4.610042e-02 
 3.150072e+01 -4.621443e-02 
 3.150111e+01 -4.624462e-02 
 3.150151e+01 -4.619178e-02 
 3.150191e+01 -4.606159e-02 
 3.150231e+01 -4.586141e-02 
 3.150270e+01 -4.559882e-02 
 3.150310e+01 -4.527662e-02 
 3.150350e+01 -4.489840e-02 
 3.150390e+01 -4.447145e-02 
 3.150429e+01 -4.400325e-02 
 3.150469e+01 -4.350153e-02 
 3.150509e+01 -4.297691e-02 
 3.150549e+01 -4.243633e-02 
 3.150589e+01 -4.188348e-02 
 3.150628e+01 -4.131897e-02 
 3.150668e+01 -4.074234e-02 
 3.150708e+01 -4.014953e-02 
 3.150748e+01 -3.953904e-02 
 3.150787e+01 -3.891199e-02 
 3.150827e+01 -3.827259e-02 
 3.150867e+01 -3.762632e-02 
 3.150907e+01 -3.697451e-02 
 3.150946e+01 -3.631841e-02 
 3.150986e+01 -3.565820e-02 
 3.151026e+01 -3.499382e-02 
 3.151066e+01 -3.432485e-02 
 3.151106e+01 -3.365284e-02 
 3.151145e+01 -3.297895e-02 
 3.151185e+01 -3.230255e-02 
 3.151225e+01 -3.162164e-02 
 3.151265e+01 -3.093445e-02 
 3.151304e+01 -3.023994e-02 
 3.151344e+01 -2.954006e-02 
 3.151384e+01 -2.884086e-02 
 3.151424e+01 -2.815149e-02 
 3.151463e+01 -2.748060e-02 
 3.151503e+01 -2.683380e-02 
 3.151543e+01 -2.621445e-02 
 3.151583e+01 -2.562197e-02 
 3.151623e+01 -2.505534e-02 
 3.151662e+01 -2.451391e-02 
 3.151702e+01 -2.399746e-02 
 3.151742e+01 -2.350743e-02 
 3.151782e+01 -2.304436e-02 
 3.151821e+01 -2.260667e-02 
 3.151861e+01 -2.218960e-02 
 3.151901e+01 -2.178634e-02 
 3.151941e+01 -2.138934e-02 
 3.151980e+01 -2.099445e-02 
 3.152020e+01 -2.060260e-02 
 3.152060e+01 -2.022154e-02 
 3.152100e+01 -1.986141e-02 
 3.152140e+01 -1.953155e-02 
 3.152179e+01 -1.924107e-02 
 3.152219e+01 -1.899454e-02 
 3.152259e+01 -1.879608e-02 
 3.152299e+01 -1.864796e-02 
 3.152338e+01 -1.855447e-02 
 3.152378e+01 -1.852103e-02 
 3.152418e+01 -1.855414e-02 
 3.152458e+01 -1.865630e-02 
 3.152497e+01 -1.882286e-02 
 3.152537e+01 -1.904137e-02 
 3.152577e+01 -1.929307e-02 
 3.152617e+01 -1.956078e-02 
 3.152657e+01 -1.982889e-02 
 3.152696e+01 -2.008892e-02 
 3.152736e+01 -2.033817e-02 
 3.152776e+01 -2.057831e-02 
 3.152816e+01 -2.081223e-02 
 3.152855e+01 -2.104321e-02 
 3.152895e+01 -2.126950e-02 
 3.152935e+01 -2.148889e-02 
 3.152975e+01 -2.169943e-02 
 3.153014e+01 -2.190183e-02 
 3.153054e+01 -2.209801e-02 
 3.153094e+01 -2.229068e-02 
 3.153134e+01 -2.248272e-02 
 3.153174e+01 -2.267588e-02 
 3.153213e+01 -2.287248e-02 
 3.153253e+01 -2.307378e-02 
 3.153293e+01 -2.327984e-02 
 3.153333e+01 -2.349259e-02 
 3.153372e+01 -2.371601e-02 
 3.153412e+01 -2.395073e-02 
 3.153452e+01 -2.419480e-02 
 3.153492e+01 -2.444645e-02 
 3.153531e+01 -2.470013e-02 
 3.153571e+01 -2.495015e-02 
 3.153611e+01 -2.519130e-02 
 3.153651e+01 -2.541981e-02 
 3.153691e+01 -2.563315e-02 
 3.153730e+01 -2.582772e-02 
 3.153770e+01 -2.599908e-02 
 3.153810e+01 -2.614207e-02 
 3.153850e+01 -2.625256e-02 
 3.153889e+01 -2.632703e-02 
 3.153929e+01 -2.636930e-02 
 3.153969e+01 -2.638555e-02 
 3.154009e+01 -2.638460e-02 
 3.154048e+01 -2.637435e-02 
 3.154088e+01 -2.636108e-02 
 3.154128e+01 -2.634806e-02 
 3.154168e+01 -2.633349e-02 
 3.154208e+01 -2.631651e-02 
 3.154247e+01 -2.629710e-02 
 3.154287e+01 -2.627521e-02 
 3.154327e+01 -2.624857e-02 
 3.154367e+01 -2.621225e-02 
 3.154406e+01 -2.615432e-02 
 3.154446e+01 -2.605756e-02 
 3.154486e+01 -2.590490e-02 
 3.154526e+01 -2.567832e-02 
 3.154565e+01 -2.536887e-02 
 3.154605e+01 -2.497428e-02 
 3.154645e+01 -2.450054e-02 
 3.154685e+01 -2.395627e-02 
 3.154725e+01 -2.335122e-02 
 3.154764e+01 -2.269301e-02 
 3.154804e+01 -2.198902e-02 
 3.154844e+01 -2.124461e-02 
 3.154884e+01 -2.046577e-02 
 3.154923e+01 -1.965931e-02 
 3.154963e+01 -1.883462e-02 
 3.155003e+01 -1.800066e-02 
 3.155043e+01 -1.716335e-02 
 3.155082e+01 -1.632361e-02 
 3.155122e+01 -1.547815e-02 
 3.155162e+01 -1.462153e-02 
 3.155202e+01 -1.375158e-02 
 3.155242e+01 -1.286822e-02 
 3.155281e+01 -1.197357e-02 
 3.155321e+01 -1.106939e-02 
 3.155361e+01 -1.015756e-02 
 3.155401e+01 -9.238075e-03 
 3.155440e+01 -8.308921e-03 
 3.155480e+01 -7.367180e-03 
 3.155520e+01 -6.411805e-03 
 3.155560e+01 -5.443247e-03 
 3.155599e+01 -4.467688e-03 
 3.155639e+01 -3.489923e-03 
 3.155679e+01 -2.514606e-03 
 3.155719e+01 -1.544067e-03 
 3.155759e+01 -5.801047e-04 
 3.155798e+01  3.772971e-04 
 3.155838e+01  1.324139e-03 
 3.155878e+01  2.254990e-03 
 3.155918e+01  3.164794e-03 
 3.155957e+01  4.047029e-03 
 3.155997e+01  4.895196e-03 
 3.156037e+01  5.705672e-03 
 3.156077e+01  6.475555e-03 
 3.156116e+01  7.202280e-03 
 3.156156e+01  7.883112e-03 
 3.156196e+01  8.516874e-03 
 3.156236e+01  9.104280e-03 
 3.156276e+01  9.649956e-03 
 3.156315e+01  1.016289e-02 
 3.156355e+01  1.065362e-02 
 3.156395e+01  1.113217e-02 
 3.156435e+01  1.160365e-02 
 3.156474e+01  1.206391e-02 
 3.156514e+01  1.250410e-02 
 3.156554e+01  1.291251e-02 
 3.156594e+01  1.327463e-02 
 3.156633e+01  1.357814e-02 
 3.156673e+01  1.381512e-02 
 3.156713e+01  1.397942e-02 
 3.156753e+01  1.406718e-02 
 3.156793e+01  1.407398e-02 
 3.156832e+01  1.399456e-02 
 3.156872e+01  1.382440e-02 
 3.156912e+01  1.356473e-02 
 3.156952e+01  1.322175e-02 
 3.156991e+01  1.280405e-02 
 3.157031e+01  1.232373e-02 
 3.157071e+01  1.179235e-02 
 3.157111e+01  1.121674e-02 
 3.157150e+01  1.060013e-02 
 3.157190e+01  9.944858e-03 
 3.157230e+01  9.249092e-03 
 3.157270e+01  8.514083e-03 
 3.157310e+01  7.743584e-03 
 3.157349e+01  6.943782e-03 
 3.157389e+01  6.118645e-03 
 3.157429e+01  5.271214e-03 
 3.157469e+01  4.401310e-03 
 3.157508e+01  3.507579e-03 
 3.157548e+01  2.588678e-03 
 3.157588e+01  1.644068e-03 
 3.157628e+01  6.738799e-04 
 3.157667e+01 -3.167210e-04 
 3.157707e+01 -1.320759e-03 
 3.157747e+01 -2.333907e-03 
 3.157787e+01 -3.350158e-03 
 3.157827e+01 -4.368130e-03 
 3.157866e+01 -5.386589e-03 
 3.157906e+01 -6.407314e-03 
 3.157946e+01 -7.431992e-03 
 3.157986e+01 -8.461643e-03 
 3.158025e+01 -9.498786e-03 
 3.158065e+01 -1.054315e-02 
 3.158105e+01 -1.159456e-02 
 3.158145e+01 -1.264934e-02 
 3.158184e+01 -1.370090e-02 
 3.158224e+01 -1.474281e-02 
 3.158264e+01 -1.576985e-02 
 3.158304e+01 -1.677611e-02 
 3.158344e+01 -1.776040e-02 
 3.158383e+01 -1.872491e-02 
 3.158423e+01 -1.967293e-02 
 3.158463e+01 -2.060891e-02 
 3.158503e+01 -2.153904e-02 
 3.158542e+01 -2.246612e-02 
 3.158582e+01 -2.338855e-02 
 3.158622e+01 -2.430681e-02 
 3.158662e+01 -2.521896e-02 
 3.158702e+01 -2.612350e-02 
 3.158741e+01 -2.701909e-02 
 3.158781e+01 -2.790181e-02 
 3.158821e+01 -2.876478e-02 
 3.158861e+01 -2.960019e-02 
 3.158900e+01 -3.039791e-02 
 3.158940e+01 -3.114867e-02 
 3.158980e+01 -3.184551e-02 
 3.159020e+01 -3.248573e-02 
 3.159059e+01 -3.306886e-02 
 3.159099e+01 -3.359915e-02 
 3.159139e+01 -3.408249e-02 
 3.159179e+01 -3.452433e-02 
 3.159219e+01 -3.492678e-02 
 3.159258e+01 -3.529153e-02 
 3.159298e+01 -3.561793e-02 
 3.159338e+01 -3.590757e-02 
 3.159378e+01 -3.616470e-02 
 3.159417e+01 -3.639386e-02 
 3.159457e+01 -3.659742e-02 
 3.159497e+01 -3.677626e-02 
 3.159537e+01 -3.692492e-02 
 3.159576e+01 -3.703876e-02 
 3.159616e+01 -3.711094e-02 
 3.159656e+01 -3.713518e-02 
 3.159696e+01 -3.710753e-02 
 3.159736e+01 -3.703153e-02 
 3.159775e+01 -3.691460e-02 
 3.159815e+01 -3.676536e-02 
 3.159855e+01 -3.659306e-02 
 3.159895e+01 -3.640455e-02 
 3.159934e+01 -3.620295e-02 
 3.159974e+01 -3.599449e-02 
 3.160014e+01 -3.578380e-02 
 3.160054e+01 -3.557325e-02 
 3.160093e+01 -3.536134e-02 
 3.160133e+01 -3.514831e-02 
 3.160173e+01 -3.493222e-02 
 3.160213e+01 -3.470824e-02 
 3.160253e+01 -3.447271e-02 
 3.160292e+01 -3.422255e-02 
 3.160332e+01 -3.395417e-02 
 3.160372e+01 -3.366627e-02 
 3.160412e+01 -3.335942e-02 
 3.160451e+01 -3.303618e-02 
 3.160491e+01 -3.269664e-02 
 3.160531e+01 -3.233979e-02 
 3.160571e+01 -3.196708e-02 
 3.160610e+01 -3.157887e-02 
 3.160650e+01 -3.117264e-02 
 3.160690e+01 -3.074625e-02 
 3.160730e+01 -3.030000e-02 
 3.160770e+01 -2.983627e-02 
 3.160809e+01 -2.935470e-02 
 3.160849e+01 -2.886053e-02 
 3.160889e+01 -2.835937e-02 
 3.160929e+01 -2.785805e-02 
 3.160968e+01 -2.736335e-02 
 3.161008e+01 -2.688345e-02 
 3.161048e+01 -2.642543e-02 
 3.161088e+01 -2.599437e-02 
 3.161127e+01 -2.559380e-02 
 3.161167e+01 -2.522700e-02 
 3.161207e+01 -2.489659e-02 
 3.161247e+01 -2.460465e-02 
 3.161287e+01 -2.435126e-02 
 3.161326e+01 -2.413449e-02 
 3.161366e+01 -2.395072e-02 
 3.161406e+01 -2.379360e-02 
 3.161446e+01 -2.365577e-02 
 3.161485e+01 -2.352925e-02 
 3.161525e+01 -2.340870e-02 
 3.161565e+01 -2.329258e-02 
 3.161605e+01 -2.318734e-02 
 3.161644e+01 -2.310369e-02 
 3.161684e+01 -2.305061e-02 
 3.161724e+01 -2.303762e-02 
 3.161764e+01 -2.307079e-02 
 3.161804e+01 -2.315311e-02 
 3.161843e+01 -2.328723e-02 
 3.161883e+01 -2.347021e-02 
 3.161923e+01 -2.369991e-02 
 3.161963e+01 -2.397520e-02 
 3.162002e+01 -2.429292e-02 
 3.162042e+01 -2.465008e-02 
 3.162082e+01 -2.504037e-02 
 3.162122e+01 -2.545297e-02 
 3.162161e+01 -2.587595e-02 
 3.162201e+01 -2.629632e-02 
 3.162241e+01 -2.670666e-02 
 3.162281e+01 -2.710012e-02 
 3.162321e+01 -2.747361e-02 
 3.162360e+01 -2.782697e-02 
 3.162400e+01 -2.816123e-02 
 3.162440e+01 -2.847694e-02 
 3.162480e+01 -2.877427e-02 
 3.162519e+01 -2.905324e-02 
 3.162559e+01 -2.931542e-02 
 3.162599e+01 -2.956221e-02 
 3.162639e+01 -2.979815e-02 
 3.162678e+01 -3.002885e-02 
 3.162718e+01 -3.025868e-02 
 3.162758e+01 -3.049108e-02 
 3.162798e+01 -3.072776e-02 
 3.162838e+01 -3.096960e-02 
 3.162877e+01 -3.121565e-02 
 3.162917e+01 -3.146411e-02 
 3.162957e+01 -3.171505e-02 
 3.162997e+01 -3.196376e-02 
 3.163036e+01 -3.220683e-02 
 3.163076e+01 -3.244082e-02 
 3.163116e+01 -3.266249e-02 
 3.163156e+01 -3.286869e-02 
 3.163195e+01 -3.305446e-02 
 3.163235e+01 -3.321490e-02 
 3.163275e+01 -3.334183e-02 
 3.163315e+01 -3.342696e-02 
 3.163355e+01 -3.346078e-02 
 3.163394e+01 -3.343629e-02 
 3.163434e+01 -3.335068e-02 
 3.163474e+01 -3.320615e-02 
 3.163514e+01 -3.300951e-02 
 3.163553e+01 -3.277114e-02 
 3.163593e+01 -3.249925e-02 
 3.163633e+01 -3.220283e-02 
 3.163673e+01 -3.188477e-02 
 3.163712e+01 -3.154883e-02 
 3.163752e+01 -3.119530e-02 
 3.163792e+01 -3.082390e-02 
 3.163832e+01 -3.043259e-02 
 3.163872e+01 -3.001886e-02 
 3.163911e+01 -2.957847e-02 
 3.163951e+01 -2.910525e-02 
 3.163991e+01 -2.859189e-02 
 3.164031e+01 -2.803044e-02 
 3.164070e+01 -2.741510e-02 
 3.164110e+01 -2.674261e-02 
 3.164150e+01 -2.601437e-02 
 3.164190e+01 -2.523323e-02 
 3.164229e+01 -2.440432e-02 
 3.164269e+01 -2.353240e-02 
 3.164309e+01 -2.262489e-02 
 3.164349e+01 -2.168901e-02 
 3.164389e+01 -2.073378e-02 
 3.164428e+01 -1.976832e-02 
 3.164468e+01 -1.880114e-02 
 3.164508e+01 -1.784177e-02 
 3.164548e+01 -1.689988e-02 
 3.164587e+01 -1.598169e-02 
 3.164627e+01 -1.508849e-02 
 3.164667e+01 -1.421659e-02 
 3.164707e+01 -1.336223e-02 
 3.164746e+01 -1.252077e-02 
 3.164786e+01 -1.168815e-02 
 3.164826e+01 -1.086164e-02 
 3.164866e+01 -1.003984e-02 
 3.164906e+01 -9.221725e-03 
 3.164945e+01 -8.408056e-03 
 3.164985e+01 -7.600791e-03 
 3.165025e+01 -6.799681e-03 
 3.165065e+01 -6.003277e-03 
 3.165104e+01 -5.207382e-03 
 3.165144e+01 -4.409455e-03 
 3.165184e+01 -3.607009e-03 
 3.165224e+01 -2.796391e-03 
 3.165263e+01 -1.976717e-03 
 3.165303e+01 -1.148758e-03 
 3.165343e+01 -3.160325e-04 
 3.165383e+01  5.156147e-04 
 3.165423e+01  1.337837e-03 
 3.165462e+01  2.140586e-03 
 3.165502e+01  2.916290e-03 
 3.165542e+01  3.658265e-03 
 3.165582e+01  4.360893e-03 
 3.165621e+01  5.018668e-03 
 3.165661e+01  5.631930e-03 
 3.165701e+01  6.203490e-03 
 3.165741e+01  6.736757e-03 
 3.165780e+01  7.238731e-03 
 3.165820e+01  7.714514e-03 
 3.165860e+01  8.170214e-03 
 3.165900e+01  8.609732e-03 
 3.165940e+01  9.034827e-03 
 3.165979e+01  9.442974e-03 
 3.166019e+01  9.828740e-03 
 3.166059e+01  1.018536e-02 
 3.166099e+01  1.050423e-02 
 3.166138e+01  1.078135e-02 
 3.166178e+01  1.101058e-02 
 3.166218e+01  1.118868e-02 
 3.166258e+01  1.131666e-02 
 3.166297e+01  1.139386e-02 
 3.166337e+01  1.141843e-02 
 3.166377e+01  1.138560e-02 
 3.166417e+01  1.128924e-02 
 3.166457e+01  1.112457e-02 
 3.166496e+01  1.089258e-02 
 3.166536e+01  1.059862e-02 
 3.166576e+01  1.025268e-02 
 3.166616e+01  9.865101e-03 
 3.166655e+01  9.448202e-03 
 3.166695e+01  9.013189e-03 
 3.166735e+01  8.563766e-03 
 3.166775e+01  8.099655e-03 
 3.166814e+01  7.618292e-03 
 3.166854e+01  7.117263e-03 
 3.166894e+01  6.594964e-03 
 3.166934e+01  6.050622e-03 
 3.166974e+01  5.484021e-03 
 3.167013e+01  4.895868e-03 
 3.167053e+01  4.284977e-03 
 3.167093e+01  3.649341e-03 
 3.167133e+01  2.990099e-03 
 3.167172e+01  2.305459e-03 
 3.167212e+01  1.594710e-03 
 3.167252e+01  8.589147e-04 
 3.167292e+01  1.015768e-04 
 3.167331e+01 -6.752768e-04 
 3.167371e+01 -1.470778e-03 
 3.167411e+01 -2.285242e-03 
 3.167451e+01 -3.118835e-03 
 3.167491e+01 -3.974148e-03 
 3.167530e+01 -4.852555e-03 
 3.167570e+01 -5.752462e-03 
 3.167610e+01 -6.669843e-03 
 3.167650e+01 -7.599264e-03 
 3.167689e+01 -8.536625e-03 
 3.167729e+01 -9.475924e-03 
 3.167769e+01 -1.041352e-02 
 3.167809e+01 -1.134662e-02 
 3.167849e+01 -1.227633e-02 
 3.167888e+01 -1.320157e-02 
 3.167928e+01 -1.412229e-02 
 3.167968e+01 -1.503723e-02 
 3.168008e+01 -1.594380e-02 
 3.168047e+01 -1.683790e-02 
 3.168087e+01 -1.771769e-02 
 3.168127e+01 -1.857844e-02 
 3.168167e+01 -1.941729e-02 
 3.168206e+01 -2.023060e-02 
 3.168246e+01 -2.101610e-02 
 3.168286e+01 -2.177372e-02 
 3.168326e+01 -2.250359e-02 
 3.168366e+01 -2.320309e-02 
 3.168405e+01 -2.387101e-02 
 3.168445e+01 -2.450356e-02 
 3.168485e+01 -2.509397e-02 
 3.168525e+01 -2.563669e-02 
 3.168564e+01 -2.612527e-02 
 3.168604e+01 -2.655592e-02 
 3.168644e+01 -2.692826e-02 
 3.168684e+01 -2.724730e-02 
 3.168723e+01 -2.752244e-02 
 3.168763e+01 -2.776248e-02 
 3.168803e+01 -2.797526e-02 
 3.168843e+01 -2.816800e-02 
 3.168883e+01 -2.834335e-02 
 3.168922e+01 -2.850315e-02 
 3.168962e+01 -2.864940e-02 
 3.169002e+01 -2.878304e-02 
 3.169042e+01 -2.890343e-02 
 3.169081e+01 -2.900789e-02 
 3.169121e+01 -2.909508e-02 
 3.169161e+01 -2.916102e-02 
 3.169201e+01 -2.920038e-02 
 3.169240e+01 -2.920863e-02 
 3.169280e+01 -2.918836e-02 
 3.169320e+01 -2.914487e-02 
 3.169360e+01 -2.908556e-02 
 3.169400e+01 -2.901837e-02 
 3.169439e+01 -2.894848e-02 
 3.169479e+01 -2.887698e-02 
 3.169519e+01 -2.880172e-02 
 3.169559e+01 -2.872192e-02 
 3.169598e+01 -2.863693e-02 
 3.169638e+01 -2.854647e-02 
 3.169678e+01 -2.845352e-02 
 3.169718e+01 -2.836428e-02 
 3.169757e+01 -2.828203e-02 
 3.169797e+01 -2.820587e-02 
 3.169837e+01 -2.813180e-02 
 3.169877e+01 -2.805215e-02 
 3.169917e+01 -2.796238e-02 
 3.169956e+01 -2.785861e-02 
 3.169996e+01 -2.773984e-02 
 3.170036e+01 -2.760657e-02 
 3.170076e+01 -2.745810e-02 
 3.170115e+01 -2.729524e-02 
 3.170155e+01 -2.711857e-02 
 3.170195e+01 -2.692872e-02 
 3.170235e+01 -2.672751e-02 
 3.170274e+01 -2.651668e-02 
 3.170314e+01 -2.630077e-02 
 3.170354e+01 -2.608663e-02 
 3.170394e+01 -2.588182e-02 
 3.170434e+01 -2.569103e-02 
 3.170473e+01 -2.551541e-02 
 3.170513e+01 -2.535775e-02 
 3.170553e+01 -2.522231e-02 
 3.170593e+01 -2.511375e-02 
 3.170632e+01 -2.503889e-02 
 3.170672e+01 -2.500118e-02 
 3.170712e+01 -2.500129e-02 
 3.170752e+01 -2.503801e-02 
 3.170791e+01 -2.511043e-02 
 3.170831e+01 -2.521360e-02 
 3.170871e+01 -2.534190e-02 
 3.170911e+01 -2.549123e-02 
 3.170951e+01 -2.565694e-02 
 3.170990e+01 -2.583452e-02 
 3.171030e+01 -2.601685e-02 
 3.171070e+01 -2.619559e-02 
 3.171110e+01 -2.636510e-02 
 3.171149e+01 -2.652381e-02 
 3.171189e+01 -2.667468e-02 
 3.171229e+01 -2.682364e-02 
 3.171269e+01 -2.697661e-02 
 3.171308e+01 -2.713813e-02 
 3.171348e+01 -2.731124e-02 
 3.171388e+01 -2.749744e-02 
 3.171428e+01 -2.769529e-02 
 3.171468e+01 -2.790374e-02 
 3.171507e+01 -2.812495e-02 
 3.171547e+01 -2.836197e-02 
 3.171587e+01 -2.861837e-02 
 3.171627e+01 -2.889633e-02 
 3.171666e+01 -2.919154e-02 
 3.171706e+01 -2.949660e-02 
 3.171746e+01 -2.980025e-02 
 3.171786e+01 -3.009464e-02 
 3.171825e+01 -3.037087e-02 
 3.171865e+01 -3.062462e-02 
 3.171905e+01 -3.085688e-02 
 3.171945e+01 -3.106889e-02 
 3.171985e+01 -3.126419e-02 
 3.172024e+01 -3.144623e-02 
 3.172064e+01 -3.161660e-02 
 3.172104e+01 -3.177794e-02 
 3.172144e+01 -3.193520e-02 
 3.172183e+01 -3.209522e-02 
 3.172223e+01 -3.226645e-02 
 3.172263e+01 -3.245857e-02 
 3.172303e+01 -3.267709e-02 
 3.172342e+01 -3.292212e-02 
 3.172382e+01 -3.319264e-02 
 3.172422e+01 -3.348647e-02 
 3.172462e+01 -3.379865e-02 
 3.172502e+01 -3.412570e-02 
 3.172541e+01 -3.446221e-02 
 3.172581e+01 -3.480071e-02 
 3.172621e+01 -3.513414e-02 
 3.172661e+01 -3.545396e-02 
 3.172700e+01 -3.575151e-02 
 3.172740e+01 -3.601833e-02 
 3.172780e+01 -3.624886e-02 
 3.172820e+01 -3.644039e-02 
 3.172859e+01 -3.659073e-02 
 3.172899e+01 -3.669827e-02 
 3.172939e+01 -3.676084e-02 
 3.172979e+01 -3.677409e-02 
 3.173019e+01 -3.673760e-02 
 3.173058e+01 -3.664961e-02 
 3.173098e+01 -3.651148e-02 
 3.173138e+01 -3.632721e-02 
 3.173178e+01 -3.609976e-02 
 3.173217e+01 -3.583252e-02 
 3.173257e+01 -3.553023e-02 
 3.173297e+01 -3.519686e-02 
 3.173337e+01 -3.483727e-02 
 3.173376e+01 -3.445693e-02 
 3.173416e+01 -3.406017e-02 
 3.173456e+01 -3.365009e-02 
 3.173496e+01 -3.322423e-02 
 3.173536e+01 -3.277965e-02 
 3.173575e+01 -3.230627e-02 
 3.173615e+01 -3.179265e-02 
 3.173655e+01 -3.122903e-02 
 3.173695e+01 -3.060832e-02 
 3.173734e+01 -2.992864e-02 
 3.173774e+01 -2.919436e-02 
 3.173814e+01 -2.841273e-02 
 3.173854e+01 -2.759468e-02 
 3.173893e+01 -2.675141e-02 
 3.173933e+01 -2.589168e-02 
 3.173973e+01 -2.502279e-02 
 3.174013e+01 -2.414899e-02 
 3.174053e+01 -2.327328e-02 
 3.174092e+01 -2.239787e-02 
 3.174132e+01 -2.152708e-02 
 3.174172e+01 -2.066254e-02 
 3.174212e+01 -1.980209e-02 
 3.174251e+01 -1.894343e-02 
 3.174291e+01 -1.808318e-02 
 3.174331e+01 -1.721633e-02 
 3.174371e+01 -1.633875e-02 
 3.174410e+01 -1.544916e-02 
 3.174450e+01 -1.454757e-02 
 3.174490e+01 -1.363467e-02 
 3.174530e+01 -1.271166e-02 
 3.174570e+01 -1.177686e-02 
 3.174609e+01 -1.082732e-02 
 3.174649e+01 -9.859495e-03 
 3.174689e+01 -8.871039e-03 
 3.174729e+01 -7.862012e-03 
 3.174768e+01 -6.839732e-03 
 3.174808e+01 -5.811089e-03 
 3.174848e+01 -4.785797e-03 
 3.174888e+01 -3.775666e-03 
 3.174927e+01 -2.789713e-03 
 3.174967e+01 -1.834009e-03 
 3.175007e+01 -9.109060e-04 
 3.175047e+01 -2.078808e-05 
 3.175087e+01  8.368679e-04 
 3.175126e+01  1.660865e-03 
 3.175166e+01  2.446155e-03 
 3.175206e+01  3.187637e-03 
 3.175246e+01  3.882112e-03 
 3.175285e+01  4.525023e-03 
 3.175325e+01  5.114785e-03 
 3.175365e+01  5.651250e-03 
 3.175405e+01  6.135604e-03 
 3.175444e+01  6.573034e-03 
 3.175484e+01  6.969424e-03 
 3.175524e+01  7.328701e-03 
 3.175564e+01  7.656278e-03 
 3.175604e+01  7.954350e-03 
 3.175643e+01  8.224984e-03 
 3.175683e+01  8.470613e-03 
 3.175723e+01  8.686995e-03 
 3.175763e+01  8.867260e-03 
 3.175802e+01  9.003467e-03 
 3.175842e+01  9.092024e-03 
 3.175882e+01  9.129327e-03 
 3.175922e+01  9.115260e-03 
 3.175961e+01  9.053976e-03 
 3.176001e+01  8.949237e-03 
 3.176041e+01  8.804985e-03 
 3.176081e+01  8.626794e-03 
 3.176121e+01  8.419047e-03 
 3.176160e+01  8.187042e-03 
 3.176200e+01  7.937053e-03 
 3.176240e+01  7.674081e-03 
 3.176280e+01  7.404116e-03 
 3.176319e+01  7.130559e-03 
 3.176359e+01  6.853507e-03 
 3.176399e+01  6.567840e-03 
 3.176439e+01  6.270746e-03 
 3.176478e+01  5.960825e-03 
 3.176518e+01  5.635949e-03 
 3.176558e+01  5.296161e-03 
 3.176598e+01  4.942123e-03 
 3.176638e+01  4.569599e-03 
 3.176677e+01  4.171426e-03 
 3.176717e+01  3.738384e-03 
 3.176757e+01  3.261070e-03 
 3.176797e+01  2.733699e-03 
 3.176836e+01  2.157144e-03 
 3.176876e+01  1.537451e-03 
 3.176916e+01  8.869787e-04 
 3.176956e+01  2.184906e-04 
 3.176996e+01 -4.618073e-04 
 3.177035e+01 -1.150080e-03 
 3.177075e+01 -1.844199e-03 
 3.177115e+01 -2.547172e-03 
 3.177155e+01 -3.262215e-03 
 3.177194e+01 -3.990288e-03 
 3.177234e+01 -4.731874e-03 
 3.177274e+01 -5.487856e-03 
 3.177314e+01 -6.257382e-03 
 3.177353e+01 -7.039041e-03 
 3.177393e+01 -7.833624e-03 
 3.177433e+01 -8.638935e-03 
 3.177473e+01 -9.446855e-03 
 3.177513e+01 -1.024930e-02 
 3.177552e+01 -1.103702e-02 
 3.177592e+01 -1.180267e-02 
 3.177632e+01 -1.254335e-02 
 3.177672e+01 -1.325936e-02 
 3.177711e+01 -1.395641e-02 
 3.177751e+01 -1.463941e-02 
 3.177791e+01 -1.531359e-02 
 3.177831e+01 -1.598008e-02 
 3.177870e+01 -1.663716e-02 
 3.177910e+01 -1.727992e-02 
 3.177950e+01 -1.790094e-02 
 3.177990e+01 -1.849654e-02 
 3.178030e+01 -1.906270e-02 
 3.178069e+01 -1.959543e-02 
 3.178109e+01 -2.009398e-02 
 3.178149e+01 -2.055785e-02 
 3.178189e+01 -2.098616e-02 
 3.178228e+01 -2.138086e-02 
 3.178268e+01 -2.174864e-02 
 3.178308e+01 -2.209710e-02 
 3.178348e+01 -2.243143e-02 
 3.178387e+01 -2.275752e-02 
 3.178427e+01 -2.307828e-02 
 3.178467e+01 -2.339455e-02 
 3.178507e+01 -2.370639e-02 
 3.178547e+01 -2.401193e-02 
 3.178586e+01 -2.431027e-02 
 3.178626e+01 -2.460021e-02 
 3.178666e+01 -2.488095e-02 
 3.178706e+01 -2.514817e-02 
 3.178745e+01 -2.539624e-02 
 3.178785e+01 -2.561350e-02 
 3.178825e+01 -2.578771e-02 
 3.178865e+01 -2.591252e-02 
 3.178904e+01 -2.598696e-02 
 3.178944e+01 -2.601395e-02 
 3.178984e+01 -2.600086e-02 
 3.179024e+01 -2.595761e-02 
 3.179064e+01 -2.589061e-02 
 3.179103e+01 -2.580339e-02 
 3.179143e+01 -2.569936e-02 
 3.179183e+01 -2.558060e-02 
 3.179223e+01 -2.544748e-02 
 3.179262e+01 -2.530386e-02 
 3.179302e+01 -2.515199e-02 
 3.179342e+01 -2.499388e-02 
 3.179382e+01 -2.482693e-02 
 3.179421e+01 -2.464467e-02 
 3.179461e+01 -2.444005e-02 
 3.179501e+01 -2.420863e-02 
 3.179541e+01 -2.395057e-02 
 3.179581e+01 -2.367117e-02 
 3.179620e+01 -2.337901e-02 
 3.179660e+01 -2.308320e-02 
 3.179700e+01 -2.279146e-02 
 3.179740e+01 -2.250930e-02 
 3.179779e+01 -2.223682e-02 
 3.179819e+01 -2.197207e-02 
 3.179859e+01 -2.171288e-02 
 3.179899e+01 -2.146466e-02 
 3.179938e+01 -2.123445e-02 
 3.179978e+01 -2.103291e-02 
 3.180018e+01 -2.086823e-02 
 3.180058e+01 -2.074513e-02 
 3.180098e+01 -2.066508e-02 
 3.180137e+01 -2.062962e-02 
 3.180177e+01 -2.063652e-02 
 3.180217e+01 -2.068371e-02 
 3.180257e+01 -2.076915e-02 
 3.180296e+01 -2.089287e-02 
 3.180336e+01 -2.105573e-02 
 3.180376e+01 -2.125640e-02 
 3.180416e+01 -2.148933e-02 
 3.180455e+01 -2.174793e-02 
 3.180495e+01 -2.202783e-02 
 3.180535e+01 -2.232514e-02 
 3.180575e+01 -2.263726e-02 
 3.180615e+01 -2.296286e-02 
 3.180654e+01 -2.329726e-02 
 3.180694e+01 -2.363400e-02 
 3.180734e+01 -2.396874e-02 
 3.180774e+01 -2.429842e-02 
 3.180813e+01 -2.462182e-02 
 3.180853e+01 -2.494290e-02 
 3.180893e+01 -2.526933e-02 
 3.180933e+01 -2.561141e-02 
 3.180972e+01 -2.597586e-02 
 3.181012e+01 -2.636765e-02 
 3.181052e+01 -2.678788e-02 
 3.181092e+01 -2.723620e-02 
 3.181132e+01 -2.771065e-02 
 3.181171e+01 -2.821105e-02 
 3.181211e+01 -2.873596e-02 
 3.181251e+01 -2.928189e-02 
 3.181291e+01 -2.984203e-02 
 3.181330e+01 -3.040605e-02 
 3.181370e+01 -3.096305e-02 
 3.181410e+01 -3.150372e-02 
 3.181450e+01 -3.202178e-02 
 3.181489e+01 -3.251612e-02 
 3.181529e+01 -3.299214e-02 
 3.181569e+01 -3.345637e-02 
 3.181609e+01 -3.391481e-02 
 3.181649e+01 -3.437215e-02 
 3.181688e+01 -3.482734e-02 
 3.181728e+01 -3.527873e-02 
 3.181768e+01 -3.572711e-02 
 3.181808e+01 -3.617646e-02 
 3.181847e+01 -3.663440e-02 
 3.181887e+01 -3.710697e-02 
 3.181927e+01 -3.759441e-02 
 3.181967e+01 -3.809245e-02 
 3.182006e+01 -3.858894e-02 
 3.182046e+01 -3.906884e-02 
 3.182086e+01 -3.951858e-02 
 3.182126e+01 -3.992789e-02 
 3.182166e+01 -4.029254e-02 
 3.182205e+01 -4.061429e-02 
 3.182245e+01 -4.089756e-02 
 3.182285e+01 -4.114300e-02 
 3.182325e+01 -4.134752e-02 
 3.182364e+01 -4.150778e-02 
 3.182404e+01 -4.162004e-02 
 3.182444e+01 -4.168264e-02 
 3.182484e+01 -4.169831e-02 
 3.182523e+01 -4.166996e-02 
 3.182563e+01 -4.159785e-02 
 3.182603e+01 -4.147905e-02 
 3.182643e+01 -4.131194e-02 
 3.182683e+01 -4.109568e-02 
 3.182722e+01 -4.083225e-02 
 3.182762e+01 -4.052826e-02 
 3.182802e+01 -4.019645e-02 
 3.182842e+01 -3.985259e-02 
 3.182881e+01 -3.950922e-02 
 3.182921e+01 -3.917245e-02 
 3.182961e+01 -3.883948e-02 
 3.183001e+01 -3.850412e-02 
 3.183040e+01 -3.815707e-02 
 3.183080e+01 -3.779006e-02 
 3.183120e+01 -3.739758e-02 
 3.183160e+01 -3.697409e-02 
 3.183200e+01 -3.651239e-02 
 3.183239e+01 -3.600651e-02 
 3.183279e+01 -3.544977e-02 
 3.183319e+01 -3.483929e-02 
 3.183359e+01 -3.417446e-02 
 3.183398e+01 -3.346090e-02 
 3.183438e+01 -3.271095e-02 
 3.183478e+01 -3.193673e-02 
 3.183518e+01 -3.114807e-02 
 3.183557e+01 -3.034850e-02 
 3.183597e+01 -2.953597e-02 
 3.183637e+01 -2.870810e-02 
 3.183677e+01 -2.786237e-02 
 3.183717e+01 -2.700111e-02 
 3.183756e+01 -2.612866e-02 
 3.183796e+01 -2.524745e-02 
 3.183836e+01 -2.435461e-02 
 3.183876e+01 -2.344465e-02 
 3.183915e+01 -2.250663e-02 
 3.183955e+01 -2.153055e-02 
 3.183995e+01 -2.050872e-02 
 3.184035e+01 -1.944066e-02 
 3.184074e+01 -1.833396e-02 
 3.184114e+01 -1.719852e-02 
 3.184154e+01 -1.604509e-02 
 3.184194e+01 -1.487904e-02 
 3.184234e+01 -1.370148e-02 
 3.184273e+01 -1.251277e-02 
 3.184313e+01 -1.131791e-02 
 3.184353e+01 -1.012333e-02 
 3.184393e+01 -8.938591e-03 
 3.184432e+01 -7.772581e-03 
 3.184472e+01 -6.633137e-03 
 3.184512e+01 -5.522718e-03 
 3.184552e+01 -4.441548e-03 
 3.184591e+01 -3.388314e-03 
 3.184631e+01 -2.361403e-03 
 3.184671e+01 -1.366848e-03 
 3.184711e+01 -4.161075e-04 
 3.184751e+01  4.803474e-04 
 3.184790e+01  1.316965e-03 
 3.184830e+01  2.094974e-03 
 3.184870e+01  2.820973e-03 
 3.184910e+01  3.503642e-03 
 3.184949e+01  4.151195e-03 
 3.184989e+01  4.770206e-03 
 3.185029e+01  5.362775e-03 
 3.185069e+01  5.925722e-03 
 3.185108e+01  6.455088e-03 
 3.185148e+01  6.950617e-03 
 3.185188e+01  7.412337e-03 
 3.185228e+01  7.840610e-03 
 3.185268e+01  8.234223e-03 
 3.185307e+01  8.590194e-03 
 3.185347e+01  8.901636e-03 
 3.185387e+01  9.163998e-03 
 3.185427e+01  9.376071e-03 
 3.185466e+01  9.537978e-03 
 3.185506e+01  9.650702e-03 
 3.185546e+01  9.713206e-03 
 3.185586e+01  9.726224e-03 
 3.185625e+01  9.686722e-03 
 3.185665e+01  9.591069e-03 
 3.185705e+01  9.439867e-03 
 3.185745e+01  9.239079e-03 
 3.185785e+01  8.996720e-03 
 3.185824e+01  8.723137e-03 
 3.185864e+01  8.428863e-03 
 3.185904e+01  8.118069e-03 
 3.185944e+01  7.788672e-03 
 3.185983e+01  7.434291e-03 
 3.186023e+01  7.047433e-03 
 3.186063e+01  6.621728e-03 
 3.186103e+01  6.153150e-03 
 3.186142e+01  5.639852e-03 
 3.186182e+01  5.080835e-03 
 3.186222e+01  4.474074e-03 
 3.186262e+01  3.817767e-03 
 3.186302e+01  3.111317e-03 
 3.186341e+01  2.355711e-03 
 3.186381e+01  1.559549e-03 
 3.186421e+01  7.326862e-04 
 3.186461e+01 -1.105361e-04 
 3.186500e+01 -9.569553e-04 
 3.186540e+01 -1.797018e-03 
 3.186580e+01 -2.627534e-03 
 3.186620e+01 -3.448224e-03 
 3.186660e+01 -4.262251e-03 
 3.186699e+01 -5.071576e-03 
 3.186739e+01 -5.874733e-03 
 3.186779e+01 -6.667876e-03 
 3.186819e+01 -7.445522e-03 
 3.186858e+01 -8.202574e-03 
 3.186898e+01 -8.936195e-03 
 3.186938e+01 -9.646481e-03 
 3.186978e+01 -1.033526e-02 
 3.187017e+01 -1.100131e-02 
 3.187057e+01 -1.164374e-02 
 3.187097e+01 -1.225748e-02 
 3.187137e+01 -1.283740e-02 
 3.187177e+01 -1.338033e-02 
 3.187216e+01 -1.388619e-02 
 3.187256e+01 -1.435922e-02 
 3.187296e+01 -1.480545e-02 
 3.187336e+01 -1.523002e-02 
 3.187375e+01 -1.563671e-02 
 3.187415e+01 -1.602719e-02 
 3.187455e+01 -1.640273e-02 
 3.187495e+01 -1.676327e-02 
 3.187534e+01 -1.710772e-02 
 3.187574e+01 -1.743642e-02 
 3.187614e+01 -1.774760e-02 
 3.187654e+01 -1.803712e-02 
 3.187694e+01 -1.830085e-02 
 3.187733e+01 -1.853332e-02 
 3.187773e+01 -1.873027e-02 
 3.187813e+01 -1.889221e-02 
 3.187853e+01 -1.902462e-02 
 3.187892e+01 -1.913760e-02 
 3.187932e+01 -1.924272e-02 
 3.187972e+01 -1.934774e-02 
 3.188012e+01 -1.945774e-02 
 3.188051e+01 -1.957351e-02 
 3.188091e+01 -1.969134e-02 
 3.188131e+01 -1.980576e-02 
 3.188171e+01 -1.991153e-02 
 3.188211e+01 -2.000173e-02 
 3.188250e+01 -2.006889e-02 
 3.188290e+01 -2.010573e-02 
 3.188330e+01 -2.010553e-02 
 3.188370e+01 -2.006203e-02 
 3.188409e+01 -1.997162e-02 
 3.188449e+01 -1.983787e-02 
 3.188489e+01 -1.966662e-02 
 3.188529e+01 -1.946847e-02 
 3.188568e+01 -1.925378e-02 
 3.188608e+01 -1.902926e-02 
 3.188648e+01 -1.879744e-02 
 3.188688e+01 -1.855932e-02 
 3.188728e+01 -1.831290e-02 
 3.188767e+01 -1.805739e-02 
 3.188807e+01 -1.779560e-02 
 3.188847e+01 -1.753257e-02 
 3.188887e+01 -1.727587e-02 
 3.188926e+01 -1.703151e-02 
 3.188966e+01 -1.680041e-02 
 3.189006e+01 -1.657915e-02 
 3.189046e+01 -1.636436e-02 
 3.189085e+01 -1.615215e-02 
 3.189125e+01 -1.594197e-02 
 3.189165e+01 -1.573539e-02 
 3.189205e+01 -1.553660e-02 
 3.189245e+01 -1.534965e-02 
 3.189284e+01 -1.517988e-02 
 3.189324e+01 -1.502966e-02 
 3.189364e+01 -1.489765e-02 
 3.189404e+01 -1.478412e-02 
 3.189443e+01 -1.469191e-02 
 3.189483e+01 -1.462696e-02 
 3.189523e+01 -1.459480e-02 
 3.189563e+01 -1.459905e-02 
 3.189602e+01 -1.464063e-02 
 3.189642e+01 -1.471558e-02 
 3.189682e+01 -1.481919e-02 
 3.189722e+01 -1.494758e-02 
 3.189762e+01 -1.509797e-02 
 3.189801e+01 -1.527204e-02 
 3.189841e+01 -1.547202e-02 
 3.189881e+01 -1.570247e-02 
 3.189921e+01 -1.596581e-02 
 3.189960e+01 -1.626012e-02 
 3.190000e+01 -1.657812e-02 
 3.190040e+01 -1.691280e-02 
 3.190080e+01 -1.725801e-02 
 3.190119e+01 -1.760996e-02 
 3.190159e+01 -1.796714e-02 
 3.190199e+01 -1.833207e-02 
 3.190239e+01 -1.870684e-02 
 3.190279e+01 -1.909288e-02 
 3.190318e+01 -1.949259e-02 
 3.190358e+01 -1.991030e-02 
 3.190398e+01 -2.035214e-02 
 3.190438e+01 -2.082614e-02 
 3.190477e+01 -2.133838e-02 
 3.190517e+01 -2.189711e-02 
 3.190557e+01 -2.250506e-02 
 3.190597e+01 -2.315991e-02 
 3.190636e+01 -2.385722e-02 
 3.190676e+01 -2.459428e-02 
 3.190716e+01 -2.536987e-02 
 3.190756e+01 -2.618523e-02 
 3.190796e+01 -2.704340e-02 
 3.190835e+01 -2.794236e-02 
 3.190875e+01 -2.887395e-02 
 3.190915e+01 -2.982777e-02 
 3.190955e+01 -3.078988e-02 
 3.190994e+01 -3.174674e-02 
 3.191034e+01 -3.269056e-02 
 3.191074e+01 -3.361821e-02 
 3.191114e+01 -3.452954e-02 
 3.191153e+01 -3.542759e-02 
 3.191193e+01 -3.631563e-02 
 3.191233e+01 -3.719443e-02 
 3.191273e+01 -3.806353e-02 
 3.191313e+01 -3.892374e-02 
 3.191352e+01 -3.977608e-02 
 3.191392e+01 -4.062358e-02 
 3.191432e+01 -4.146436e-02 
 3.191472e+01 -4.229492e-02 
 3.191511e+01 -4.310619e-02 
 3.191551e+01 -4.388581e-02 
 3.191591e+01 -4.461874e-02 
 3.191631e+01 -4.529414e-02 
 3.191670e+01 -4.590709e-02 
 3.191710e+01 -4.645635e-02 
 3.191750e+01 -4.694431e-02 
 3.191790e+01 -4.737479e-02 
 3.191830e+01 -4.775090e-02 
 3.191869e+01 -4.807302e-02 
 3.191909e+01 -4.833729e-02 
 3.191949e+01 -4.853898e-02 
 3.191989e+01 -4.867551e-02 
 3.192028e+01 -4.874474e-02 
 3.192068e+01 -4.874861e-02 
 3.192108e+01 -4.868857e-02 
 3.192148e+01 -4.856885e-02 
 3.192187e+01 -4.839195e-02 
 3.192227e+01 -4.816033e-02 
 3.192267e+01 -4.788051e-02 
 3.192307e+01 -4.755971e-02 
 3.192347e+01 -4.720681e-02 
 3.192386e+01 -4.682781e-02 
 3.192426e+01 -4.642896e-02 
 3.192466e+01 -4.601136e-02 
 3.192506e+01 -4.557097e-02 
 3.192545e+01 -4.510214e-02 
 3.192585e+01 -4.459986e-02 
 3.192625e+01 -4.405898e-02 
 3.192665e+01 -4.347604e-02 
 3.192704e+01 -4.284785e-02 
 3.192744e+01 -4.216976e-02 
 3.192784e+01 -4.143775e-02 
 3.192824e+01 -4.064424e-02 
 3.192864e+01 -3.978722e-02 
 3.192903e+01 -3.886794e-02 
 3.192943e+01 -3.789027e-02 
 3.192983e+01 -3.686221e-02 
 3.193023e+01 -3.579254e-02 
 3.193062e+01 -3.469114e-02 
 3.193102e+01 -3.356515e-02 
 3.193142e+01 -3.241965e-02 
 3.193182e+01 -3.125821e-02 
 3.193221e+01 -3.008206e-02 
 3.193261e+01 -2.889606e-02 
 3.193301e+01 -2.770485e-02 
 3.193341e+01 -2.650959e-02 
 3.193381e+01 -2.531080e-02 
 3.193420e+01 -2.410520e-02 
 3.193460e+01 -2.289020e-02 
 3.193500e+01 -2.166404e-02 
 3.193540e+01 -2.042766e-02 
 3.193579e+01 -1.918421e-02 
 3.193619e+01 -1.794122e-02 
 3.193659e+01 -1.670670e-02 
 3.193699e+01 -1.548819e-02 
 3.193738e+01 -1.428934e-02 
 3.193778e+01 -1.311044e-02 
 3.193818e+01 -1.194877e-02 
 3.193858e+01 -1.080489e-02 
 3.193898e+01 -9.683979e-03 
 3.193937e+01 -8.592972e-03 
 3.193977e+01 -7.539676e-03 
 3.194017e+01 -6.532015e-03 
 3.194057e+01 -5.577054e-03 
 3.194096e+01 -4.677531e-03 
 3.194136e+01 -3.833615e-03 
 3.194176e+01 -3.043522e-03 
 3.194216e+01 -2.303717e-03 
 3.194255e+01 -1.612893e-03 
 3.194295e+01 -9.702388e-04 
 3.194335e+01 -3.736875e-04 
 3.194375e+01  1.812964e-04 
 3.194415e+01  7.027032e-04 
 3.194454e+01  1.196276e-03 
 3.194494e+01  1.666503e-03 
 3.194534e+01  2.114775e-03 
 3.194574e+01  2.540900e-03 
 3.194613e+01  2.944994e-03 
 3.194653e+01  3.325634e-03 
 3.194693e+01  3.682468e-03 
 3.194733e+01  4.016909e-03 
 3.194772e+01  4.328882e-03 
 3.194812e+01  4.619857e-03 
 3.194852e+01  4.887550e-03 
 3.194892e+01  5.126773e-03 
 3.194932e+01  5.331605e-03 
 3.194971e+01  5.496727e-03 
 3.195011e+01  5.617019e-03 
 3.195051e+01  5.690567e-03 
 3.195091e+01  5.718512e-03 
 3.195130e+01  5.699466e-03 
 3.195170e+01  5.633292e-03 
 3.195210e+01  5.521224e-03 
 3.195250e+01  5.364466e-03 
 3.195289e+01  5.164133e-03 
 3.195329e+01  4.922328e-03 
 3.195369e+01  4.643645e-03 
 3.195409e+01  4.333611e-03 
 3.195449e+01  3.994637e-03 
 3.195488e+01  3.626861e-03 
 3.195528e+01  3.227876e-03 
 3.195568e+01  2.794371e-03 
 3.195608e+01  2.322456e-03 
 3.195647e+01  1.811935e-03 
 3.195687e+01  1.265757e-03 
 3.195727e+01  6.864198e-04 
 3.195767e+01  7.696059e-05 
 3.195807e+01 -5.613080e-04 
 3.195846e+01 -1.228831e-03 
 3.195886e+01 -1.928790e-03 
 3.195926e+01 -2.662005e-03 
 3.195966e+01 -3.423180e-03 
 3.196005e+01 -4.203204e-03 
 3.196045e+01 -4.989942e-03 
 3.196085e+01 -5.768017e-03 
 3.196125e+01 -6.526244e-03 
 3.196164e+01 -7.257606e-03 
 3.196204e+01 -7.959081e-03 
 3.196244e+01 -8.630944e-03 
 3.196284e+01 -9.276002e-03 
 3.196324e+01 -9.895138e-03 
 3.196363e+01 -1.048867e-02 
 3.196403e+01 -1.105805e-02 
 3.196443e+01 -1.160449e-02 
 3.196483e+01 -1.213122e-02 
 3.196522e+01 -1.263956e-02 
 3.196562e+01 -1.312941e-02 
 3.196602e+01 -1.359831e-02 
 3.196642e+01 -1.404124e-02 
 3.196681e+01 -1.445060e-02 
 3.196721e+01 -1.482105e-02 
 3.196761e+01 -1.515152e-02 
 3.196801e+01 -1.544565e-02 
 3.196841e+01 -1.571123e-02 
 3.196880e+01 -1.595760e-02 
 3.196920e+01 -1.618955e-02 
 3.196960e+01 -1.640852e-02 
 3.197000e+01 -1.661029e-02 
 3.197039e+01 -1.678911e-02 
 3.197079e+01 -1.693672e-02 
 3.197119e+01 -1.704909e-02 
 3.197159e+01 -1.712322e-02 
 3.197198e+01 -1.715862e-02 
 3.197238e+01 -1.715554e-02 
 3.197278e+01 -1.711409e-02 
 3.197318e+01 -1.703370e-02 
 3.197358e+01 -1.691550e-02 
 3.197397e+01 -1.676188e-02 
 3.197437e+01 -1.657862e-02 
 3.197477e+01 -1.637266e-02 
 3.197517e+01 -1.614948e-02 
 3.197556e+01 -1.590940e-02 
 3.197596e+01 -1.564752e-02 
 3.197636e+01 -1.535860e-02 
 3.197676e+01 -1.503688e-02 
 3.197715e+01 -1.468084e-02 
 3.197755e+01 -1.429139e-02 
 3.197795e+01 -1.387261e-02 
 3.197835e+01 -1.342984e-02 
 3.197875e+01 -1.296714e-02 
 3.197914e+01 -1.248461e-02 
 3.197954e+01 -1.197852e-02 
 3.197994e+01 -1.144812e-02 
 3.198034e+01 -1.089289e-02 
 3.198073e+01 -1.031694e-02 
 3.198113e+01 -9.729617e-03 
 3.198153e+01 -9.139794e-03 
 3.198193e+01 -8.554050e-03 
 3.198232e+01 -7.978921e-03 
 3.198272e+01 -7.421386e-03 
 3.198312e+01 -6.888214e-03 
 3.198352e+01 -6.385503e-03 
 3.198392e+01 -5.922915e-03 
 3.198431e+01 -5.507821e-03 
 3.198471e+01 -5.147091e-03 
 3.198511e+01 -4.842442e-03 
 3.198551e+01 -4.589502e-03 
 3.198590e+01 -4.381534e-03 
 3.198630e+01 -4.213255e-03 
 3.198670e+01 -4.080759e-03 
 3.198710e+01 -3.985349e-03 
 3.198749e+01 -3.932335e-03 
 3.198789e+01 -3.924840e-03 
 3.198829e+01 -3.966047e-03 
 3.198869e+01 -4.054913e-03 
 3.198909e+01 -4.188671e-03 
 3.198948e+01 -4.362338e-03 
 3.198988e+01 -4.570774e-03 
 3.199028e+01 -4.814496e-03 
 3.199068e+01 -5.097393e-03 
 3.199107e+01 -5.425423e-03 
 3.199147e+01 -5.802332e-03 
 3.199187e+01 -6.229531e-03 
 3.199227e+01 -6.705645e-03 
 3.199266e+01 -7.226985e-03 
 3.199306e+01 -7.789261e-03 
 3.199346e+01 -8.390469e-03 
 3.199386e+01 -9.028255e-03 
 3.199426e+01 -9.698346e-03 
 3.199465e+01 -1.039532e-02 
 3.199505e+01 -1.111408e-02 
 3.199545e+01 -1.184879e-02 
 3.199585e+01 -1.259431e-02 
 3.199624e+01 -1.334813e-02 
 3.199664e+01 -1.411339e-02 
 3.199704e+01 -1.489528e-02 
 3.199744e+01 -1.570109e-02 
 3.199783e+01 -1.653392e-02 
 3.199823e+01 -1.739214e-02 
 3.199863e+01 -1.827186e-02 
 3.199903e+01 -1.916816e-02 
 3.199943e+01 -2.007905e-02 
 3.199982e+01 -2.100543e-02 
 3.200022e+01 -2.194744e-02 
 3.200062e+01 -2.290777e-02 
 3.200102e+01 -2.388875e-02 
 3.200141e+01 -2.489232e-02 
 3.200181e+01 -2.591955e-02 
 3.200221e+01 -2.697011e-02 
 3.200261e+01 -2.804318e-02 
 3.200300e+01 -2.913897e-02 
 3.200340e+01 -3.025577e-02 
 3.200380e+01 -3.139114e-02 
 3.200420e+01 -3.253399e-02 
 3.200460e+01 -3.367013e-02 
 3.200499e+01 -3.478367e-02 
 3.200539e+01 -3.585996e-02 
 3.200579e+01 -3.689053e-02 
 3.200619e+01 -3.787245e-02 
 3.200658e+01 -3.880819e-02 
 3.200698e+01 -3.970206e-02 
 3.200738e+01 -4.055877e-02 
 3.200778e+01 -4.138003e-02 
 3.200817e+01 -4.216684e-02 
 3.200857e+01 -4.291814e-02 
 3.200897e+01 -4.363380e-02 
 3.200937e+01 -4.431704e-02 
 3.200977e+01 -4.497309e-02 
 3.201016e+01 -4.560548e-02 
 3.201056e+01 -4.621439e-02 
 3.201096e+01 -4.679646e-02 
 3.201136e+01 -4.734449e-02 
 3.201175e+01 -4.785084e-02 
 3.201215e+01 -4.830847e-02 
 3.201255e+01 -4.871322e-02 
 3.201295e+01 -4.906310e-02 
 3.201334e+01 -4.935746e-02 
 3.201374e+01 -4.959860e-02 
 3.201414e+01 -4.978541e-02 
 3.201454e+01 -4.991718e-02 
 3.201494e+01 -4.999459e-02 
 3.201533e+01 -5.001807e-02 
 3.201573e+01 -4.999323e-02 
 3.201613e+01 -4.992663e-02 
 3.201653e+01 -4.982509e-02 
 3.201692e+01 -4.969027e-02 
 3.201732e+01 -4.952292e-02 
 3.201772e+01 -4.932061e-02 
 3.201812e+01 -4.907868e-02 
 3.201851e+01 -4.879555e-02 
 3.201891e+01 -4.847145e-02 
 3.201931e+01 -4.810942e-02 
 3.201971e+01 -4.771314e-02 
 3.202011e+01 -4.728499e-02 
 3.202050e+01 -4.682612e-02 
 3.202090e+01 -4.633365e-02 
 3.202130e+01 -4.580240e-02 
 3.202170e+01 -4.522559e-02 
 3.202209e+01 -4.459948e-02 
 3.202249e+01 -4.392129e-02 
 3.202289e+01 -4.318727e-02 
 3.202329e+01 -4.239588e-02 
 3.202368e+01 -4.154199e-02 
 3.202408e+01 -4.062315e-02 
 3.202448e+01 -3.963744e-02 
 3.202488e+01 -3.858944e-02 
 3.202528e+01 -3.748294e-02 
 3.202567e+01 -3.632909e-02 
 3.202607e+01 -3.513864e-02 
 3.202647e+01 -3.392280e-02 
 3.202687e+01 -3.268749e-02 
 3.202726e+01 -3.143660e-02 
 3.202766e+01 -3.017254e-02 
 3.202806e+01 -2.889935e-02 
 3.202846e+01 -2.762499e-02 
 3.202885e+01 -2.635919e-02 
 3.202925e+01 -2.510870e-02 
 3.202965e+01 -2.387768e-02 
 3.203005e+01 -2.266770e-02 
 3.203045e+01 -2.147677e-02 
 3.203084e+01 -2.030311e-02 
 3.203124e+01 -1.914149e-02 
 3.203164e+01 -1.799094e-02 
 3.203204e+01 -1.685355e-02 
 3.203243e+01 -1.573309e-02 
 3.203283e+01 -1.463230e-02 
 3.203323e+01 -1.355339e-02 
 3.203363e+01 -1.249867e-02 
 3.203402e+01 -1.146992e-02 
 3.203442e+01 -1.047529e-02 
 3.203482e+01 -9.522758e-03 
 3.203522e+01 -8.622518e-03 
 3.203562e+01 -7.782277e-03 
 3.203601e+01 -7.006995e-03 
 3.203641e+01 -6.297523e-03 
 3.203681e+01 -5.649798e-03 
 3.203721e+01 -5.057663e-03 
 3.203760e+01 -4.513865e-03 
 3.203800e+01 -4.013434e-03 
 3.203840e+01 -3.554091e-03 
 3.203880e+01 -3.136480e-03 
 3.203919e+01 -2.759140e-03 
 3.203959e+01 -2.421751e-03 
 3.203999e+01 -2.119391e-03 
 3.204039e+01 -1.848023e-03 
 3.204079e+01 -1.605159e-03 
 3.204118e+01 -1.390412e-03 
 3.204158e+01 -1.207700e-03 
 3.204198e+01 -1.059131e-03 
 3.204238e+01 -9.486504e-04 
 3.204277e+01 -8.787493e-04 
 3.204317e+01 -8.491336e-04 
 3.204357e+01 -8.591774e-04 
 3.204397e+01 -9.064871e-04 
 3.204436e+01 -9.911472e-04 
 3.204476e+01 -1.113216e-03 
 3.204516e+01 -1.274866e-03 
 3.204556e+01 -1.477740e-03 
 3.204596e+01 -1.721403e-03 
 3.204635e+01 -2.002760e-03 
 3.204675e+01 -2.319703e-03 
 3.204715e+01 -2.673421e-03 
 3.204755e+01 -3.067062e-03 
 3.204794e+01 -3.501196e-03 
 3.204834e+01 -3.977587e-03 
 3.204874e+01 -4.494604e-03 
 3.204914e+01 -5.044863e-03 
 3.204954e+01 -5.615547e-03 
 3.204993e+01 -6.193968e-03 
 3.205033e+01 -6.766360e-03 
 3.205073e+01 -7.323245e-03 
 3.205113e+01 -7.860689e-03 
 3.205152e+01 -8.377830e-03 
 3.205192e+01 -8.879040e-03 
 3.205232e+01 -9.366819e-03 
 3.205272e+01 -9.844113e-03 
 3.205311e+01 -1.031396e-02 
 3.205351e+01 -1.077640e-02 
 3.205391e+01 -1.123247e-02 
 3.205431e+01 -1.168319e-02 
 3.205471e+01 -1.212818e-02 
 3.205510e+01 -1.256138e-02 
 3.205550e+01 -1.297542e-02 
 3.205590e+01 -1.335863e-02 
 3.205630e+01 -1.369963e-02 
 3.205669e+01 -1.398802e-02 
 3.205709e+01 -1.422025e-02 
 3.205749e+01 -1.439813e-02 
 3.205789e+01 -1.452794e-02 
 3.205828e+01 -1.461611e-02 
 3.205868e+01 -1.467036e-02 
 3.205908e+01 -1.469463e-02 
 3.205948e+01 -1.468935e-02 
 3.205988e+01 -1.465713e-02 
 3.206027e+01 -1.459999e-02 
 3.206067e+01 -1.452240e-02 
 3.206107e+01 -1.442866e-02 
 3.206147e+01 -1.432603e-02 
 3.206186e+01 -1.421837e-02 
 3.206226e+01 -1.410279e-02 
 3.206266e+01 -1.397685e-02 
 3.206306e+01 -1.383645e-02 
 3.206345e+01 -1.367890e-02 
 3.206385e+01 -1.350448e-02 
 3.206425e+01 -1.331400e-02 
 3.206465e+01 -1.310966e-02 
 3.206505e+01 -1.289130e-02 
 3.206544e+01 -1.265868e-02 
 3.206584e+01 -1.241011e-02 
 3.206624e+01 -1.214461e-02 
 3.206664e+01 -1.186385e-02 
 3.206703e+01 -1.156826e-02 
 3.206743e+01 -1.126025e-02 
 3.206783e+01 -1.094279e-02 
 3.206823e+01 -1.061683e-02 
 3.206862e+01 -1.027866e-02 
 3.206902e+01 -9.923179e-03 
 3.206942e+01 -9.545011e-03 
 3.206982e+01 -9.140339e-03 
 3.207022e+01 -8.710906e-03 
 3.207061e+01 -8.260774e-03 
 3.207101e+01 -7.795757e-03 
 3.207141e+01 -7.321910e-03 
 3.207181e+01 -6.844398e-03 
 3.207220e+01 -6.365429e-03 
 3.207260e+01 -5.887099e-03 
 3.207300e+01 -5.408973e-03 
 3.207340e+01 -4.929001e-03 
 3.207379e+01 -4.446466e-03 
 3.207419e+01 -3.962449e-03 
 3.207459e+01 -3.477845e-03 
 3.207499e+01 -2.990085e-03 
 3.207539e+01 -2.497365e-03 
 3.207578e+01 -2.000745e-03 
 3.207618e+01 -1.504586e-03 
 3.207658e+01 -1.017803e-03 
 3.207698e+01 -5.487054e-04 
 3.207737e+01 -1.051751e-04 
 3.207777e+01  3.065634e-04 
 3.207817e+01  6.821879e-04 
 3.207857e+01  1.020496e-03 
 3.207896e+01  1.321634e-03 
 3.207936e+01  1.583397e-03 
 3.207976e+01  1.801899e-03 
 3.208016e+01  1.970190e-03 
 3.208056e+01  2.082222e-03 
 3.208095e+01  2.136627e-03 
 3.208135e+01  2.136499e-03 
 3.208175e+01  2.088908e-03 
 3.208215e+01  2.001961e-03 
 3.208254e+01  1.884336e-03 
 3.208294e+01  1.742381e-03 
 3.208334e+01  1.579562e-03 
 3.208374e+01  1.397169e-03 
 3.208413e+01  1.192724e-03 
 3.208453e+01  9.637905e-04 
 3.208493e+01  7.081106e-04 
 3.208533e+01  4.217939e-04 
 3.208573e+01  1.013520e-04 
 3.208612e+01 -2.608482e-04 
 3.208652e+01 -6.723960e-04 
 3.208692e+01 -1.142341e-03 
 3.208732e+01 -1.672717e-03 
 3.208771e+01 -2.261387e-03 
 3.208811e+01 -2.901846e-03 
 3.208851e+01 -3.585556e-03 
 3.208891e+01 -4.302900e-03 
 3.208930e+01 -5.048336e-03 
 3.208970e+01 -5.819150e-03 
 3.209010e+01 -6.617223e-03 
 3.209050e+01 -7.448044e-03 
 3.209090e+01 -8.315948e-03 
 3.209129e+01 -9.222828e-03 
 3.209169e+01 -1.016802e-02 
 3.209209e+01 -1.114884e-02 
 3.209249e+01 -1.216666e-02 
 3.209288e+01 -1.322074e-02 
 3.209328e+01 -1.431116e-02 
 3.209368e+01 -1.543569e-02 
 3.209408e+01 -1.658967e-02 
 3.209447e+01 -1.776746e-02 
 3.209487e+01 -1.896512e-02 
 3.209527e+01 -2.017988e-02 
 3.209567e+01 -2.140920e-02 
 3.209607e+01 -2.265396e-02 
 3.209646e+01 -2.391817e-02 
 3.209686e+01 -2.520463e-02 
 3.209726e+01 -2.650827e-02 
 3.209766e+01 -2.782542e-02 
 3.209805e+01 -2.914752e-02 
 3.209845e+01 -3.046701e-02 
 3.209885e+01 -3.177919e-02 
 3.209925e+01 -3.307858e-02 
 3.209964e+01 -3.436253e-02 
 3.210004e+01 -3.562293e-02 
 3.210044e+01 -3.684994e-02 
 3.210084e+01 -3.803257e-02 
 3.210124e+01 -3.915638e-02 
 3.210163e+01 -4.020908e-02 
 3.210203e+01 -4.118254e-02 
 3.210243e+01 -4.207593e-02 
 3.210283e+01 -4.289283e-02 
 3.210322e+01 -4.363992e-02 
 3.210362e+01 -4.432812e-02 
 3.210402e+01 -4.496522e-02 
 3.210442e+01 -4.555794e-02 
 3.210481e+01 -4.611224e-02 
 3.210521e+01 -4.663459e-02 
 3.210561e+01 -4.712814e-02 
 3.210601e+01 -4.759366e-02 
 3.210641e+01 -4.802662e-02 
 3.210680e+01 -4.842001e-02 
 3.210720e+01 -4.876378e-02 
 3.210760e+01 -4.904971e-02 
 3.210800e+01 -4.926867e-02 
 3.210839e+01 -4.941673e-02 
 3.210879e+01 -4.949480e-02 
 3.210919e+01 -4.950970e-02 
 3.210959e+01 -4.946941e-02 
 3.210998e+01 -4.938002e-02 
 3.211038e+01 -4.924529e-02 
 3.211078e+01 -4.906594e-02 
 3.211118e+01 -4.884131e-02 
 3.211158e+01 -4.857148e-02 
 3.211197e+01 -4.825874e-02 
 3.211237e+01 -4.790469e-02 
 3.211277e+01 -4.751479e-02 
 3.211317e+01 -4.709287e-02 
 3.211356e+01 -4.664215e-02 
 3.211396e+01 -4.616263e-02 
 3.211436e+01 -4.565332e-02 
 3.211476e+01 -4.511353e-02 
 3.211515e+01 -4.454510e-02 
 3.211555e+01 -4.395056e-02 
 3.211595e+01 -4.333406e-02 
 3.211635e+01 -4.269886e-02 
 3.211675e+01 -4.204285e-02 
 3.211714e+01 -4.136139e-02 
 3.211754e+01 -4.065070e-02 
 3.211794e+01 -3.990745e-02 
 3.211834e+01 -3.912786e-02 
 3.211873e+01 -3.831370e-02 
 3.211913e+01 -3.746930e-02 
 3.211953e+01 -3.659900e-02 
 3.211993e+01 -3.570671e-02 
 3.212032e+01 -3.479366e-02 
 3.212072e+01 -3.385863e-02 
 3.212112e+01 -3.290307e-02 
 3.212152e+01 -3.193094e-02 
 3.212192e+01 -3.095228e-02 
 3.212231e+01 -2.997853e-02 
 3.212271e+01 -2.902087e-02 
 3.212311e+01 -2.808910e-02 
 3.212351e+01 -2.719012e-02 
 3.212390e+01 -2.632938e-02 
 3.212430e+01 -2.550814e-02 
 3.212470e+01 -2.472816e-02 
 3.212510e+01 -2.399007e-02 
 3.212549e+01 -2.329179e-02 
 3.212589e+01 -2.262877e-02 
 3.212629e+01 -2.199349e-02 
 3.212669e+01 -2.137456e-02 
 3.212709e+01 -2.075944e-02 
 3.212748e+01 -2.014359e-02 
 3.212788e+01 -1.952649e-02 
 3.212828e+01 -1.891169e-02 
 3.212868e+01 -1.830606e-02 
 3.212907e+01 -1.771654e-02 
 3.212947e+01 -1.714674e-02 
 3.212987e+01 -1.659790e-02 
 3.213027e+01 -1.606941e-02 
 3.213066e+01 -1.556177e-02 
 3.213106e+01 -1.507713e-02 
 3.213146e+01 -1.461990e-02 
 3.213186e+01 -1.419610e-02 
 3.213226e+01 -1.380895e-02 
 3.213265e+01 -1.345819e-02 
 3.213305e+01 -1.313910e-02 
 3.213345e+01 -1.284186e-02 
 3.213385e+01 -1.255901e-02 
 3.213424e+01 -1.228470e-02 
 3.213464e+01 -1.201890e-02 
 3.213504e+01 -1.176328e-02 
 3.213544e+01 -1.152128e-02 
 3.213583e+01 -1.129611e-02 
 3.213623e+01 -1.108956e-02 
 3.213663e+01 -1.090369e-02 
 3.213703e+01 -1.073842e-02 
 3.213743e+01 -1.059577e-02 
 3.213782e+01 -1.047827e-02 
 3.213822e+01 -1.038969e-02 
 3.213862e+01 -1.033437e-02 
 3.213902e+01 -1.031440e-02 
 3.213941e+01 -1.032458e-02 
 3.213981e+01 -1.035921e-02 
 3.214021e+01 -1.041471e-02 
 3.214061e+01 -1.048815e-02 
 3.214101e+01 -1.058175e-02 
 3.214140e+01 -1.070156e-02 
 3.214180e+01 -1.085361e-02 
 3.214220e+01 -1.104361e-02 
 3.214260e+01 -1.127313e-02 
 3.214299e+01 -1.154104e-02 
 3.214339e+01 -1.184179e-02 
 3.214379e+01 -1.216915e-02 
 3.214419e+01 -1.251915e-02 
 3.214458e+01 -1.288723e-02 
 3.214498e+01 -1.326590e-02 
 3.214538e+01 -1.364607e-02 
 3.214578e+01 -1.401755e-02 
 3.214618e+01 -1.437023e-02 
 3.214657e+01 -1.469478e-02 
 3.214697e+01 -1.498785e-02 
 3.214737e+01 -1.525220e-02 
 3.214777e+01 -1.549368e-02 
 3.214816e+01 -1.571706e-02 
 3.214856e+01 -1.592930e-02 
 3.214896e+01 -1.613276e-02 
 3.214936e+01 -1.632477e-02 
 3.214975e+01 -1.650213e-02 
 3.215015e+01 -1.666293e-02 
 3.215055e+01 -1.680393e-02 
 3.215095e+01 -1.692417e-02 
 3.215135e+01 -1.702221e-02 
 3.215174e+01 -1.709553e-02 
 3.215214e+01 -1.713546e-02 
 3.215254e+01 -1.713518e-02 
 3.215294e+01 -1.709003e-02 
 3.215333e+01 -1.699814e-02 
 3.215373e+01 -1.686180e-02 
 3.215413e+01 -1.668752e-02 
 3.215453e+01 -1.648154e-02 
 3.215492e+01 -1.625188e-02 
 3.215532e+01 -1.600384e-02 
 3.215572e+01 -1.574031e-02 
 3.215612e+01 -1.546185e-02 
 3.215652e+01 -1.516733e-02 
 3.215691e+01 -1.485877e-02 
 3.215731e+01 -1.453502e-02 
 3.215771e+01 -1.419512e-02 
 3.215811e+01 -1.383370e-02 
 3.215850e+01 -1.344455e-02 
 3.215890e+01 -1.302121e-02 
 3.215930e+01 -1.255883e-02 
 3.215970e+01 -1.205763e-02 
 3.216009e+01 -1.152110e-02 
 3.216049e+01 -1.095434e-02 
 3.216089e+01 -1.036548e-02 
 3.216129e+01 -9.761678e-03 
 3.216169e+01 -9.145831e-03 
 3.216208e+01 -8.516571e-03 
 3.216248e+01 -7.871626e-03 
 3.216288e+01 -7.208331e-03 
 3.216328e+01 -6.525510e-03 
 3.216367e+01 -5.825588e-03 
 3.216407e+01 -5.112551e-03 
 3.216447e+01 -4.391427e-03 
 3.216487e+01 -3.665370e-03 
 3.216526e+01 -2.937456e-03 
 3.216566e+01 -2.211745e-03 
 3.216606e+01 -1.487390e-03 
 3.216646e+01 -7.666721e-04 
 3.216686e+01 -5.356582e-05 
 3.216725e+01  6.472600e-04 
 3.216765e+01  1.328910e-03 
 3.216805e+01  1.987126e-03 
 3.216845e+01  2.619015e-03 
 3.216884e+01  3.224263e-03 
 3.216924e+01  3.802334e-03 
 3.216964e+01  4.350054e-03 
 3.217004e+01  4.864350e-03 
 3.217043e+01  5.341977e-03 
 3.217083e+01  5.781627e-03 
 3.217123e+01  6.180450e-03 
 3.217163e+01  6.538553e-03 
 3.217203e+01  6.856790e-03 
 3.217242e+01  7.136516e-03 
 3.217282e+01  7.376339e-03 
 3.217322e+01  7.573595e-03 
 3.217362e+01  7.719867e-03 
 3.217401e+01  7.807856e-03 
 3.217441e+01  7.832486e-03 
 3.217481e+01  7.793733e-03 
 3.217521e+01  7.693326e-03 
 3.217560e+01  7.534357e-03 
 3.217600e+01  7.321455e-03 
 3.217640e+01  7.058040e-03 
 3.217680e+01  6.748691e-03 
 3.217720e+01  6.399292e-03 
 3.217759e+01  6.018115e-03 
 3.217799e+01  5.613683e-03 
 3.217839e+01  5.194180e-03 
 3.217879e+01  4.767438e-03 
 3.217918e+01  4.335354e-03 
 3.217958e+01  3.894078e-03 
 3.217998e+01  3.433611e-03 
 3.218038e+01  2.945768e-03 
 3.218077e+01  2.424181e-03 
 3.218117e+01  1.868397e-03 
 3.218157e+01  1.281789e-03 
 3.218197e+01  6.665489e-04 
 3.218237e+01  2.258517e-05 
 3.218276e+01 -6.532451e-04 
 3.218316e+01 -1.364748e-03 
 3.218356e+01 -2.116431e-03 
 3.218396e+01 -2.907808e-03 
 3.218435e+01 -3.734921e-03 
 3.218475e+01 -4.590293e-03 
 3.218515e+01 -5.464582e-03 
 3.218555e+01 -6.349796e-03 
 3.218594e+01 -7.242100e-03 
 3.218634e+01 -8.143580e-03 
 3.218674e+01 -9.056522e-03 
 3.218714e+01 -9.981047e-03 
 3.218754e+01 -1.091634e-02 
 3.218793e+01 -1.186047e-02 
 3.218833e+01 -1.281192e-02 
 3.218873e+01 -1.377048e-02 
 3.218913e+01 -1.473854e-02 
 3.218952e+01 -1.571852e-02 
 3.218992e+01 -1.671125e-02 
 3.219032e+01 -1.771552e-02 
 3.219072e+01 -1.872538e-02 
 3.219111e+01 -1.973313e-02 
 3.219151e+01 -2.073185e-02 
 3.219191e+01 -2.171764e-02 
 3.219231e+01 -2.269392e-02 
 3.219271e+01 -2.366737e-02 
 3.219310e+01 -2.464531e-02 
 3.219350e+01 -2.563207e-02 
 3.219390e+01 -2.662742e-02 
 3.219430e+01 -2.762567e-02 
 3.219469e+01 -2.861791e-02 
 3.219509e+01 -2.959466e-02 
 3.219549e+01 -3.054735e-02 
 3.219589e+01 -3.146877e-02 
 3.219628e+01 -3.235339e-02 
 3.219668e+01 -3.319619e-02 
 3.219708e+01 -3.399171e-02 
 3.219748e+01 -3.473510e-02 
 3.219788e+01 -3.542629e-02 
 3.219827e+01 -3.606966e-02 
 3.219867e+01 -3.667665e-02 
 3.219907e+01 -3.726102e-02 
 3.219947e+01 -3.783317e-02 
 3.219986e+01 -3.839860e-02 
 3.220026e+01 -3.895898e-02 
 3.220066e+01 -3.951132e-02 
 3.220106e+01 -4.005213e-02 
 3.220145e+01 -4.057661e-02 
 3.220185e+01 -4.108166e-02 
 3.220225e+01 -4.156583e-02 
 3.220265e+01 -4.202915e-02 
 3.220305e+01 -4.246920e-02 
 3.220344e+01 -4.287899e-02 
 3.220384e+01 -4.324909e-02 
 3.220424e+01 -4.356864e-02 
 3.220464e+01 -4.383362e-02 
 3.220503e+01 -4.404421e-02 
 3.220543e+01 -4.420161e-02 
 3.220583e+01 -4.431002e-02 
 3.220623e+01 -4.437084e-02 
 3.220662e+01 -4.438395e-02 
 3.220702e+01 -4.434825e-02 
 3.220742e+01 -4.426236e-02 
 3.220782e+01 -4.412784e-02 
 3.220822e+01 -4.394889e-02 
 3.220861e+01 -4.373275e-02 
 3.220901e+01 -4.348681e-02 
 3.220941e+01 -4.321448e-02 
 3.220981e+01 -4.291424e-02 
 3.221020e+01 -4.257793e-02 
 3.221060e+01 -4.219864e-02 
 3.221100e+01 -4.177280e-02 
 3.221140e+01 -4.130392e-02 
 3.221179e+01 -4.080054e-02 
 3.221219e+01 -4.027169e-02 
 3.221259e+01 -3.972439e-02 
 3.221299e+01 -3.916053e-02 
 3.221339e+01 -3.857746e-02 
 3.221378e+01 -3.797164e-02 
 3.221418e+01 -3.733675e-02 
 3.221458e+01 -3.667070e-02 
 3.221498e+01 -3.597508e-02 
 3.221537e+01 -3.525467e-02 
 3.221577e+01 -3.451493e-02 
 3.221617e+01 -3.376072e-02 
 3.221657e+01 -3.299565e-02 
 3.221696e+01 -3.222375e-02 
 3.221736e+01 -3.145191e-02 
 3.221776e+01 -3.069104e-02 
 3.221816e+01 -2.995169e-02 
 3.221856e+01 -2.924293e-02 
 3.221895e+01 -2.857165e-02 
 3.221935e+01 -2.793931e-02 
 3.221975e+01 -2.734417e-02 
 3.222015e+01 -2.678234e-02 
 3.222054e+01 -2.625006e-02 
 3.222094e+01 -2.574398e-02 
 3.222134e+01 -2.526504e-02 
 3.222174e+01 -2.481275e-02 
 3.222213e+01 -2.438384e-02 
 3.222253e+01 -2.397400e-02 
 3.222293e+01 -2.357707e-02 
 3.222333e+01 -2.318598e-02 
 3.222373e+01 -2.279711e-02 
 3.222412e+01 -2.241125e-02 
 3.222452e+01 -2.203129e-02 
 3.222492e+01 -2.166314e-02 
 3.222532e+01 -2.131096e-02 
 3.222571e+01 -2.097886e-02 
 3.222611e+01 -2.066972e-02 
 3.222651e+01 -2.038478e-02 
 3.222691e+01 -2.012765e-02 
 3.222730e+01 -1.990231e-02 
 3.222770e+01 -1.971400e-02 
 3.222810e+01 -1.956691e-02 
 3.222850e+01 -1.946012e-02 
 3.222890e+01 -1.938856e-02 
 3.222929e+01 -1.934448e-02 
 3.222969e+01 -1.931732e-02 
 3.223009e+01 -1.930158e-02 
 3.223049e+01 -1.929449e-02 
 3.223088e+01 -1.929740e-02 
 3.223128e+01 -1.931311e-02 
 3.223168e+01 -1.934733e-02 
 3.223208e+01 -1.940309e-02 
 3.223248e+01 -1.947840e-02 
 3.223287e+01 -1.957069e-02 
 3.223327e+01 -1.967385e-02 
 3.223367e+01 -1.978418e-02 
 3.223407e+01 -1.990189e-02 
 3.223446e+01 -2.002672e-02 
 3.223486e+01 -2.015799e-02 
 3.223526e+01 -2.029192e-02 
 3.223566e+01 -2.042362e-02 
 3.223605e+01 -2.054965e-02 
 3.223645e+01 -2.066711e-02 
 3.223685e+01 -2.077611e-02 
 3.223725e+01 -2.087860e-02 
 3.223765e+01 -2.097690e-02 
 3.223804e+01 -2.107396e-02 
 3.223844e+01 -2.116948e-02 
 3.223884e+01 -2.126334e-02 
 3.223924e+01 -2.134920e-02 
 3.223963e+01 -2.142092e-02 
 3.224003e+01 -2.147432e-02 
 3.224043e+01 -2.150843e-02 
 3.224083e+01 -2.152122e-02 
 3.224122e+01 -2.151142e-02 
 3.224162e+01 -2.147595e-02 
 3.224202e+01 -2.140843e-02 
 3.224242e+01 -2.130455e-02 
 3.224282e+01 -2.116283e-02 
 3.224321e+01 -2.098456e-02 
 3.224361e+01 -2.077396e-02 
 3.224401e+01 -2.054030e-02 
 3.224441e+01 -2.029279e-02 
 3.224480e+01 -2.003900e-02 
 3.224520e+01 -1.978326e-02 
 3.224560e+01 -1.952570e-02 
 3.224600e+01 -1.926501e-02 
 3.224639e+01 -1.900061e-02 
 3.224679e+01 -1.873270e-02 
 3.224719e+01 -1.846043e-02 
 3.224759e+01 -1.818242e-02 
 3.224799e+01 -1.789581e-02 
 3.224838e+01 -1.759665e-02 
 3.224878e+01 -1.728321e-02 
 3.224918e+01 -1.695470e-02 
 3.224958e+01 -1.661298e-02 
 3.224997e+01 -1.626226e-02 
 3.225037e+01 -1.590860e-02 
 3.225077e+01 -1.555677e-02 
 3.225117e+01 -1.520842e-02 
 3.225156e+01 -1.486165e-02 
 3.225196e+01 -1.451021e-02 
 3.225236e+01 -1.415081e-02 
 3.225276e+01 -1.378233e-02 
 3.225316e+01 -1.340408e-02 
 3.225355e+01 -1.301422e-02 
 3.225395e+01 -1.261260e-02 
 3.225435e+01 -1.219428e-02 
 3.225475e+01 -1.175393e-02 
 3.225514e+01 -1.128645e-02 
 3.225554e+01 -1.078855e-02 
 3.225594e+01 -1.025871e-02 
 3.225634e+01 -9.700821e-03 
 3.225673e+01 -9.121789e-03 
 3.225713e+01 -8.527983e-03 
 3.225753e+01 -7.924509e-03 
 3.225793e+01 -7.311430e-03 
 3.225833e+01 -6.687127e-03 
 3.225872e+01 -6.050937e-03 
 3.225912e+01 -5.404615e-03 
 3.225952e+01 -4.753104e-03 
 3.225992e+01 -4.101711e-03 
 3.226031e+01 -3.455677e-03 
 3.226071e+01 -2.816133e-03 
 3.226111e+01 -2.182194e-03 
 3.226151e+01 -1.550858e-03 
 3.226190e+01 -9.183167e-04 
 3.226230e+01 -2.834984e-04 
 3.226270e+01  3.497940e-04 
 3.226310e+01  9.760779e-04 
 3.226350e+01  1.587035e-03 
 3.226389e+01  2.177077e-03 
 3.226429e+01  2.745575e-03 
 3.226469e+01  3.294457e-03 
 3.226509e+01  3.826110e-03 
 3.226548e+01  4.339776e-03 
 3.226588e+01  4.836196e-03 
 3.226628e+01  5.313239e-03 
 3.226668e+01  5.768025e-03 
 3.226707e+01  6.197953e-03 
 3.226747e+01  6.601377e-03 
 3.226787e+01  6.978275e-03 
 3.226827e+01  7.327060e-03 
 3.226867e+01  7.646165e-03 
 3.226906e+01  7.931588e-03 
 3.226946e+01  8.178878e-03 
 3.226986e+01  8.384991e-03 
 3.227026e+01  8.549683e-03 
 3.227065e+01  8.676591e-03 
 3.227105e+01  8.769658e-03 
 3.227145e+01  8.831173e-03 
 3.227185e+01  8.860564e-03 
 3.227224e+01  8.854601e-03 
 3.227264e+01  8.809351e-03 
 3.227304e+01  8.721963e-03 
 3.227344e+01  8.594298e-03 
 3.227384e+01  8.430800e-03 
 3.227423e+01  8.237911e-03 
 3.227463e+01  8.023403e-03 
 3.227503e+01  7.788216e-03 
 3.227543e+01  7.530380e-03 
 3.227582e+01  7.241112e-03 
 3.227622e+01  6.910988e-03 
 3.227662e+01  6.532743e-03 
 3.227702e+01  6.100579e-03 
 3.227741e+01  5.610472e-03 
 3.227781e+01  5.058773e-03 
 3.227821e+01  4.442558e-03 
 3.227861e+01  3.757741e-03 
 3.227901e+01  3.003854e-03 
 3.227940e+01  2.182747e-03 
 3.227980e+01  1.300286e-03 
 3.228020e+01  3.673813e-04 
 3.228060e+01 -6.016643e-04 
 3.228099e+01 -1.593633e-03 
 3.228139e+01 -2.600127e-03 
 3.228179e+01 -3.618578e-03 
 3.228219e+01 -4.649504e-03 
 3.228258e+01 -5.694843e-03 
 3.228298e+01 -6.754714e-03 
 3.228338e+01 -7.825457e-03 
 3.228378e+01 -8.903290e-03 
 3.228418e+01 -9.983388e-03 
 3.228457e+01 -1.106093e-02 
 3.228497e+01 -1.213456e-02 
 3.228537e+01 -1.320225e-02 
 3.228577e+01 -1.426337e-02 
 3.228616e+01 -1.531812e-02 
 3.228656e+01 -1.636331e-02 
 3.228696e+01 -1.739560e-02 
 3.228736e+01 -1.841122e-02 
 3.228775e+01 -1.940922e-02 
 3.228815e+01 -2.039102e-02 
 3.228855e+01 -2.136008e-02 
 3.228895e+01 -2.231817e-02 
 3.228935e+01 -2.326317e-02 
 3.228974e+01 -2.419015e-02 
 3.229014e+01 -2.509459e-02 
 3.229054e+01 -2.597095e-02 
 3.229094e+01 -2.681387e-02 
 3.229133e+01 -2.762110e-02 
 3.229173e+01 -2.839302e-02 
 3.229213e+01 -2.913138e-02 
 3.229253e+01 -2.983602e-02 
 3.229292e+01 -3.050503e-02 
 3.229332e+01 -3.113487e-02 
 3.229372e+01 -3.172238e-02 
 3.229412e+01 -3.226857e-02 
 3.229452e+01 -3.277903e-02 
 3.229491e+01 -3.326117e-02 
 3.229531e+01 -3.372322e-02 
 3.229571e+01 -3.417185e-02 
 3.229611e+01 -3.461339e-02 
 3.229650e+01 -3.505335e-02 
 3.229690e+01 -3.549341e-02 
 3.229730e+01 -3.593346e-02 
 3.229770e+01 -3.637173e-02 
 3.229809e+01 -3.680392e-02 
 3.229849e+01 -3.722336e-02 
 3.229889e+01 -3.762178e-02 
 3.229929e+01 -3.798693e-02 
 3.229969e+01 -3.830837e-02 
 3.230008e+01 -3.857720e-02 
 3.230048e+01 -3.879230e-02 
 3.230088e+01 -3.895580e-02 
 3.230128e+01 -3.907300e-02 
 3.230167e+01 -3.915072e-02 
 3.230207e+01 -3.919292e-02 
 3.230247e+01 -3.920065e-02 
 3.230287e+01 -3.917601e-02 
 3.230326e+01 -3.911700e-02 
 3.230366e+01 -3.902487e-02 
 3.230406e+01 -3.890243e-02 
 3.230446e+01 -3.875645e-02 
 3.230486e+01 -3.859542e-02 
 3.230525e+01 -3.842489e-02 
 3.230565e+01 -3.824569e-02 
 3.230605e+01 -3.805708e-02 
 3.230645e+01 -3.785639e-02 
 3.230684e+01 -3.764377e-02 
 3.230724e+01 -3.742110e-02 
 3.230764e+01 -3.718982e-02 
 3.230804e+01 -3.695130e-02 
 3.230843e+01 -3.670564e-02 
 3.230883e+01 -3.645084e-02 
 3.230923e+01 -3.618286e-02 
 3.230963e+01 -3.589719e-02 
 3.231003e+01 -3.558985e-02 
 3.231042e+01 -3.526251e-02 
 3.231082e+01 -3.492108e-02 
 3.231122e+01 -3.457147e-02 
 3.231162e+01 -3.421678e-02 
 3.231201e+01 -3.385725e-02 
 3.231241e+01 -3.349099e-02 
 3.231281e+01 -3.311514e-02 
 3.231321e+01 -3.272900e-02 
 3.231360e+01 -3.233397e-02 
 3.231400e+01 -3.193358e-02 
 3.231440e+01 -3.153289e-02 
 3.231480e+01 -3.113663e-02 
 3.231520e+01 -3.074715e-02 
 3.231559e+01 -3.036627e-02 
 3.231599e+01 -2.999220e-02 
 3.231639e+01 -2.962449e-02 
 3.231679e+01 -2.926269e-02 
 3.231718e+01 -2.890479e-02 
 3.231758e+01 -2.854905e-02 
 3.231798e+01 -2.818934e-02 
 3.231838e+01 -2.781862e-02 
 3.231877e+01 -2.743001e-02 
 3.231917e+01 -2.702004e-02 
 3.231957e+01 -2.658829e-02 
 3.231997e+01 -2.613973e-02 
 3.232037e+01 -2.568248e-02 
 3.232076e+01 -2.522603e-02 
 3.232116e+01 -2.477869e-02 
 3.232156e+01 -2.434634e-02 
 3.232196e+01 -2.393270e-02 
 3.232235e+01 -2.354057e-02 
 3.232275e+01 -2.317490e-02 
 3.232315e+01 -2.284328e-02 
 3.232355e+01 -2.255388e-02 
 3.232395e+01 -2.231482e-02 
 3.232434e+01 -2.212683e-02 
 3.232474e+01 -2.198535e-02 
 3.232514e+01 -2.188452e-02 
 3.232554e+01 -2.181742e-02 
 3.232593e+01 -2.177941e-02 
 3.232633e+01 -2.176833e-02 
 3.232673e+01 -2.178422e-02 
 3.232713e+01 -2.182791e-02 
 3.232752e+01 -2.190030e-02 
 3.232792e+01 -2.199936e-02 
 3.232832e+01 -2.212237e-02 
 3.232872e+01 -2.226428e-02 
 3.232912e+01 -2.242551e-02 
 3.232951e+01 -2.260722e-02 
 3.232991e+01 -2.281272e-02 
 3.233031e+01 -2.304135e-02 
 3.233071e+01 -2.328882e-02 
 3.233110e+01 -2.354773e-02 
 3.233150e+01 -2.380571e-02 
 3.233190e+01 -2.405591e-02 
 3.233230e+01 -2.429221e-02 
 3.233269e+01 -2.451516e-02 
 3.233309e+01 -2.472809e-02 
 3.233349e+01 -2.493578e-02 
 3.233389e+01 -2.514333e-02 
 3.233429e+01 -2.535286e-02 
 3.233468e+01 -2.556145e-02 
 3.233508e+01 -2.576505e-02 
 3.233548e+01 -2.596016e-02 
 3.233588e+01 -2.614518e-02 
 3.233627e+01 -2.631978e-02 
 3.233667e+01 -2.648217e-02 
 3.233707e+01 -2.662728e-02 
 3.233747e+01 -2.674761e-02 
 3.233786e+01 -2.683642e-02 
 3.233826e+01 -2.688886e-02 
 3.233866e+01 -2.690406e-02 
 3.233906e+01 -2.688481e-02 
 3.233946e+01 -2.683692e-02 
 3.233985e+01 -2.676716e-02 
 3.234025e+01 -2.668000e-02 
 3.234065e+01 -2.657767e-02 
 3.234105e+01 -2.645857e-02 
 3.234144e+01 -2.632162e-02 
 3.234184e+01 -2.616594e-02 
 3.234224e+01 -2.599181e-02 
 3.234264e+01 -2.580081e-02 
 3.234303e+01 -2.559187e-02 
 3.234343e+01 -2.536047e-02 
 3.234383e+01 -2.510152e-02 
 3.234423e+01 -2.480897e-02 
 3.234463e+01 -2.447798e-02 
 3.234502e+01 -2.410673e-02 
 3.234542e+01 -2.369643e-02 
 3.234582e+01 -2.324994e-02 
 3.234622e+01 -2.277155e-02 
 3.234661e+01 -2.226266e-02 
 3.234701e+01 -2.172310e-02 
 3.234741e+01 -2.115038e-02 
 3.234781e+01 -2.054583e-02 
 3.234820e+01 -1.991154e-02 
 3.234860e+01 -1.925234e-02 
 3.234900e+01 -1.857195e-02 
 3.234940e+01 -1.787121e-02 
 3.234980e+01 -1.714760e-02 
 3.235019e+01 -1.639629e-02 
 3.235059e+01 -1.561116e-02 
 3.235099e+01 -1.479003e-02 
 3.235139e+01 -1.393243e-02 
 3.235178e+01 -1.304406e-02 
 3.235218e+01 -1.213535e-02 
 3.235258e+01 -1.121873e-02 
 3.235298e+01 -1.030466e-02 
 3.235337e+01 -9.397682e-03 
 3.235377e+01 -8.499754e-03 
 3.235417e+01 -7.612745e-03 
 3.235457e+01 -6.739444e-03 
 3.235497e+01 -5.886536e-03 
 3.235536e+01 -5.059658e-03 
 3.235576e+01 -4.262375e-03 
 3.235616e+01 -3.496077e-03 
 3.235656e+01 -2.761199e-03 
 3.235695e+01 -2.054520e-03 
 3.235735e+01 -1.372032e-03 
 3.235775e+01 -7.109824e-04 
 3.235815e+01 -6.985159e-05 
 3.235854e+01  5.495048e-04 
 3.235894e+01  1.146833e-03 
 3.235934e+01  1.722550e-03 
 3.235974e+01  2.279861e-03 
 3.236014e+01  2.821579e-03 
 3.236053e+01  3.349885e-03 
 3.236093e+01  3.862439e-03 
 3.236133e+01  4.354969e-03 
 3.236173e+01  4.824379e-03 
 3.236212e+01  5.268254e-03 
 3.236252e+01  5.687113e-03 
 3.236292e+01  6.083288e-03 
 3.236332e+01  6.460374e-03 
 3.236371e+01  6.819996e-03 
 3.236411e+01  7.162885e-03 
 3.236451e+01  7.487111e-03 
 3.236491e+01  7.790629e-03 
 3.236531e+01  8.069560e-03 
 3.236570e+01  8.321012e-03 
 3.236610e+01  8.545213e-03 
 3.236650e+01  8.741498e-03 
 3.236690e+01  8.908091e-03 
 3.236729e+01  9.042052e-03 
 3.236769e+01  9.138174e-03 
 3.236809e+01  9.194574e-03 
 3.236849e+01  9.212631e-03 
 3.236888e+01  9.196630e-03 
 3.236928e+01  9.154442e-03 
 3.236968e+01  9.091394e-03 
 3.237008e+01  9.011904e-03 
 3.237048e+01  8.917706e-03 
 3.237087e+01  8.804342e-03 
 3.237127e+01  8.663082e-03 
 3.237167e+01  8.485578e-03 
 3.237207e+01  8.264432e-03 
 3.237246e+01  7.992420e-03 
 3.237286e+01  7.665779e-03 
 3.237326e+01  7.280631e-03 
 3.237366e+01  6.832582e-03 
 3.237405e+01  6.317408e-03 
 3.237445e+01  5.734565e-03 
 3.237485e+01  5.083630e-03 
 3.237525e+01  4.369030e-03 
 3.237565e+01  3.600171e-03 
 3.237604e+01  2.789694e-03 
 3.237644e+01  1.950931e-03 
 3.237684e+01  1.095111e-03 
 3.237724e+01  2.280888e-04 
 3.237763e+01 -6.490124e-04 
 3.237803e+01 -1.534168e-03 
 3.237843e+01 -2.425206e-03 
 3.237883e+01 -3.320970e-03 
 3.237922e+01 -4.219268e-03 
 3.237962e+01 -5.120607e-03 
 3.238002e+01 -6.027743e-03 
 3.238042e+01 -6.944499e-03 
 3.238082e+01 -7.876033e-03 
 3.238121e+01 -8.826464e-03 
 3.238161e+01 -9.797104e-03 
 3.238201e+01 -1.078645e-02 
 3.238241e+01 -1.178824e-02 
 3.238280e+01 -1.279386e-02 
 3.238320e+01 -1.379802e-02 
 3.238360e+01 -1.480159e-02 
 3.238400e+01 -1.580759e-02 
 3.238439e+01 -1.682075e-02 
 3.238479e+01 -1.784316e-02 
 3.238519e+01 -1.887500e-02 
 3.238559e+01 -1.991545e-02 
 3.238599e+01 -2.096009e-02 
 3.238638e+01 -2.200498e-02 
 3.238678e+01 -2.304389e-02 
 3.238718e+01 -2.406877e-02 
 3.238758e+01 -2.507228e-02 
 3.238797e+01 -2.604725e-02 
 3.238837e+01 -2.698706e-02 
 3.238877e+01 -2.788426e-02 
 3.238917e+01 -2.873488e-02 
 3.238956e+01 -2.953970e-02 
 3.238996e+01 -3.030305e-02 
 3.239036e+01 -3.103145e-02 
 3.239076e+01 -3.172975e-02 
 3.239116e+01 -3.240131e-02 
 3.239155e+01 -3.304694e-02 
 3.239195e+01 -3.366609e-02 
 3.239235e+01 -3.425857e-02 
 3.239275e+01 -3.482328e-02 
 3.239314e+01 -3.535764e-02 
 3.239354e+01 -3.585995e-02 
 3.239394e+01 -3.632585e-02 
 3.239434e+01 -3.675016e-02 
 3.239473e+01 -3.712547e-02 
 3.239513e+01 -3.744165e-02 
 3.239553e+01 -3.769014e-02 
 3.239593e+01 -3.786586e-02 
 3.239633e+01 -3.796806e-02 
 3.239672e+01 -3.799992e-02 
 3.239712e+01 -3.796494e-02 
 3.239752e+01 -3.786731e-02 
 3.239792e+01 -3.770972e-02 
 3.239831e+01 -3.749599e-02 
 3.239871e+01 -3.723275e-02 
 3.239911e+01 -3.692590e-02 
 3.239951e+01 -3.658597e-02 
 3.239990e+01 -3.622435e-02 
 3.240030e+01 -3.585294e-02 
 3.240070e+01 -3.547990e-02 
 3.240110e+01 -3.510903e-02 
 3.240150e+01 -3.473730e-02 
 3.240189e+01 -3.435878e-02 
 3.240229e+01 -3.397081e-02 
 3.240269e+01 -3.357252e-02 
 3.240309e+01 -3.316644e-02 
 3.240348e+01 -3.275793e-02 
 3.240388e+01 -3.235276e-02 
 3.240428e+01 -3.195387e-02 
 3.240468e+01 -3.156199e-02 
 3.240507e+01 -3.117657e-02 
 3.240547e+01 -3.079434e-02 
 3.240587e+01 -3.041418e-02 
 3.240627e+01 -3.003570e-02 
 3.240667e+01 -2.966064e-02 
 3.240706e+01 -2.929106e-02 
 3.240746e+01 -2.892644e-02 
 3.240786e+01 -2.856445e-02 
 3.240826e+01 -2.820332e-02 
 3.240865e+01 -2.784308e-02 
 3.240905e+01 -2.748677e-02 
 3.240945e+01 -2.714014e-02 
 3.240985e+01 -2.680917e-02 
 3.241024e+01 -2.649781e-02 
 3.241064e+01 -2.620881e-02 
 3.241104e+01 -2.594331e-02 
 3.241144e+01 -2.570077e-02 
 3.241184e+01 -2.547960e-02 
 3.241223e+01 -2.528086e-02 
 3.241263e+01 -2.510635e-02 
 3.241303e+01 -2.495780e-02 
 3.241343e+01 -2.483531e-02 
 3.241382e+01 -2.473392e-02 
 3.241422e+01 -2.464559e-02 
 3.241462e+01 -2.456269e-02 
 3.241502e+01 -2.448128e-02 
 3.241542e+01 -2.440014e-02 
 3.241581e+01 -2.432135e-02 
 3.241621e+01 -2.424909e-02 
 3.241661e+01 -2.418712e-02 
 3.241701e+01 -2.414169e-02 
 3.241740e+01 -2.411859e-02 
 3.241780e+01 -2.412308e-02 
 3.241820e+01 -2.416113e-02 
 3.241860e+01 -2.423850e-02 
 3.241899e+01 -2.436170e-02 
 3.241939e+01 -2.453310e-02 
 3.241979e+01 -2.475017e-02 
 3.242019e+01 -2.500456e-02 
 3.242059e+01 -2.528387e-02 
 3.242098e+01 -2.557743e-02 
 3.242138e+01 -2.587652e-02 
 3.242178e+01 -2.617564e-02 
 3.242218e+01 -2.647536e-02 
 3.242257e+01 -2.677733e-02 
 3.242297e+01 -2.708399e-02 
 3.242337e+01 -2.739782e-02 
 3.242377e+01 -2.771680e-02 
 3.242416e+01 -2.803987e-02 
 3.242456e+01 -2.836313e-02 
 3.242496e+01 -2.868430e-02 
 3.242536e+01 -2.900358e-02 
 3.242576e+01 -2.932140e-02 
 3.242615e+01 -2.963587e-02 
 3.242655e+01 -2.994196e-02 
 3.242695e+01 -3.023215e-02 
 3.242735e+01 -3.050036e-02 
 3.242774e+01 -3.074332e-02 
 3.242814e+01 -3.096217e-02 
 3.242854e+01 -3.116080e-02 
 3.242894e+01 -3.134454e-02 
 3.242933e+01 -3.151981e-02 
 3.242973e+01 -3.169145e-02 
 3.243013e+01 -3.186233e-02 
 3.243053e+01 -3.203161e-02 
 3.243093e+01 -3.219721e-02 
 3.243132e+01 -3.235936e-02 
 3.243172e+01 -3.251901e-02 
 3.243212e+01 -3.267797e-02 
 3.243252e+01 -3.283454e-02 
 3.243291e+01 -3.298450e-02 
 3.243331e+01 -3.312312e-02 
 3.243371e+01 -3.324545e-02 
 3.243411e+01 -3.334562e-02 
 3.243450e+01 -3.342103e-02 
 3.243490e+01 -3.346969e-02 
 3.243530e+01 -3.349174e-02 
 3.243570e+01 -3.349065e-02 
 3.243610e+01 -3.346889e-02 
 3.243649e+01 -3.342833e-02 
 3.243689e+01 -3.336813e-02 
 3.243729e+01 -3.328720e-02 
 3.243769e+01 -3.318516e-02 
 3.243808e+01 -3.306005e-02 
 3.243848e+01 -3.290874e-02 
 3.243888e+01 -3.272459e-02 
 3.243928e+01 -3.250112e-02 
 3.243967e+01 -3.223244e-02 
 3.244007e+01 -3.191177e-02 
 3.244047e+01 -3.153514e-02 
 3.244087e+01 -3.110157e-02 
 3.244127e+01 -3.061239e-02 
 3.244166e+01 -3.007287e-02 
 3.244206e+01 -2.948762e-02 
 3.244246e+01 -2.886007e-02 
 3.244286e+01 -2.819198e-02 
 3.244325e+01 -2.748272e-02 
 3.244365e+01 -2.673259e-02 
 3.244405e+01 -2.594414e-02 
 3.244445e+01 -2.512015e-02 
 3.244484e+01 -2.426126e-02 
 3.244524e+01 -2.336639e-02 
 3.244564e+01 -2.243570e-02 
 3.244604e+01 -2.146686e-02 
 3.244644e+01 -2.045802e-02 
 3.244683e+01 -1.940796e-02 
 3.244723e+01 -1.831708e-02 
 3.244763e+01 -1.719183e-02 
 3.244803e+01 -1.604089e-02 
 3.244842e+01 -1.487488e-02 
 3.244882e+01 -1.370224e-02 
 3.244922e+01 -1.252808e-02 
 3.244962e+01 -1.135575e-02 
 3.245001e+01 -1.019024e-02 
 3.245041e+01 -9.037168e-03 
 3.245081e+01 -7.900987e-03 
 3.245121e+01 -6.786871e-03 
 3.245161e+01 -5.697793e-03 
 3.245200e+01 -4.634295e-03 
 3.245240e+01 -3.596068e-03 
 3.245280e+01 -2.576807e-03 
 3.245320e+01 -1.571356e-03 
 3.245359e+01 -5.728782e-04 
 3.245399e+01  4.201447e-04 
 3.245439e+01  1.405247e-03 
 3.245479e+01  2.377543e-03 
 3.245518e+01  3.332561e-03 
 3.245558e+01  4.266297e-03 
 3.245598e+01  5.177432e-03 
 3.245638e+01  6.062839e-03 
 3.245678e+01  6.921287e-03 
 3.245717e+01  7.749451e-03 
 3.245757e+01  8.544657e-03 
 3.245797e+01  9.302854e-03 
 3.245837e+01  1.001902e-02 
 3.245876e+01  1.069181e-02 
 3.245916e+01  1.131733e-02 
 3.245956e+01  1.189537e-02 
 3.245996e+01  1.242442e-02 
 3.246035e+01  1.290110e-02 
 3.246075e+01  1.331979e-02 
 3.246115e+01  1.367572e-02 
 3.246155e+01  1.396370e-02 
 3.246195e+01  1.418235e-02 
 3.246234e+01  1.432968e-02 
 3.246274e+01  1.440704e-02 
 3.246314e+01  1.441382e-02 
 3.246354e+01  1.435187e-02 
 3.246393e+01  1.422228e-02 
 3.246433e+01  1.402771e-02 
 3.246473e+01  1.377183e-02 
 3.246513e+01  1.346050e-02 
 3.246552e+01  1.310104e-02 
 3.246592e+01  1.270261e-02 
 3.246632e+01  1.226912e-02 
 3.246672e+01  1.180235e-02 
 3.246712e+01  1.129951e-02 
 3.246751e+01  1.075618e-02 
 3.246791e+01  1.016641e-02 
 3.246831e+01  9.527157e-03 
 3.246871e+01  8.834944e-03 
 3.246910e+01  8.088342e-03 
 3.246950e+01  7.285075e-03 
 3.246990e+01  6.428206e-03 
 3.247030e+01  5.519625e-03 
 3.247069e+01  4.565811e-03 
 3.247109e+01  3.575969e-03 
 3.247149e+01  2.563405e-03 
 3.247189e+01  1.543571e-03 
 3.247229e+01  5.309317e-04 
 3.247268e+01 -4.643196e-04 
 3.247308e+01 -1.435732e-03 
 3.247348e+01 -2.383724e-03 
 3.247388e+01 -3.311412e-03 
 3.247427e+01 -4.222445e-03 
 3.247467e+01 -5.120790e-03 
 3.247507e+01 -6.008190e-03 
 3.247547e+01 -6.885157e-03 
 3.247586e+01 -7.752151e-03 
 3.247626e+01 -8.608910e-03 
 3.247666e+01 -9.457635e-03 
 3.247706e+01 -1.030379e-02 
 3.247746e+01 -1.115150e-02 
 3.247785e+01 -1.200223e-02 
 3.247825e+01 -1.285476e-02 
 3.247865e+01 -1.370598e-02 
 3.247905e+01 -1.455448e-02 
 3.247944e+01 -1.539984e-02 
 3.247984e+01 -1.624392e-02 
 3.248024e+01 -1.708809e-02 
 3.248064e+01 -1.793316e-02 
 3.248103e+01 -1.877575e-02 
 3.248143e+01 -1.961367e-02 
 3.248183e+01 -2.044049e-02 
 3.248223e+01 -2.124899e-02 
 3.248263e+01 -2.203150e-02 
 3.248302e+01 -2.278378e-02 
 3.248342e+01 -2.350301e-02 
 3.248382e+01 -2.418723e-02 
 3.248422e+01 -2.483413e-02 
 3.248461e+01 -2.543990e-02 
 3.248501e+01 -2.599944e-02 
 3.248541e+01 -2.651145e-02 
 3.248581e+01 -2.697701e-02 
 3.248620e+01 -2.739999e-02 
 3.248660e+01 -2.778612e-02 
 3.248700e+01 -2.813986e-02 
 3.248740e+01 -2.846673e-02 
 3.248780e+01 -2.877159e-02 
 3.248819e+01 -2.905703e-02 
 3.248859e+01 -2.932413e-02 
 3.248899e+01 -2.957112e-02 
 3.248939e+01 -2.979609e-02 
 3.248978e+01 -2.999510e-02 
 3.249018e+01 -3.016320e-02 
 3.249058e+01 -3.029556e-02 
 3.249098e+01 -3.038329e-02 
 3.249137e+01 -3.041941e-02 
 3.249177e+01 -3.040114e-02 
 3.249217e+01 -3.033099e-02 
 3.249257e+01 -3.021318e-02 
 3.249297e+01 -3.005494e-02 
 3.249336e+01 -2.986398e-02 
 3.249376e+01 -2.964791e-02 
 3.249416e+01 -2.941115e-02 
 3.249456e+01 -2.915727e-02 
 3.249495e+01 -2.888999e-02 
 3.249535e+01 -2.861084e-02 
 3.249575e+01 -2.832461e-02 
 3.249615e+01 -2.803821e-02 
 3.249654e+01 -2.775537e-02 
 3.249694e+01 -2.747703e-02 
 3.249734e+01 -2.720114e-02 
 3.249774e+01 -2.692509e-02 
 3.249814e+01 -2.664626e-02 
 3.249853e+01 -2.636409e-02 
 3.249893e+01 -2.607692e-02 
 3.249933e+01 -2.578666e-02 
 3.249973e+01 -2.549310e-02 
 3.250012e+01 -2.519626e-02 
 3.250052e+01 -2.489453e-02 
 3.250092e+01 -2.458501e-02 
 3.250132e+01 -2.426369e-02 
 3.250171e+01 -2.393105e-02 
 3.250211e+01 -2.358907e-02 
 3.250251e+01 -2.324361e-02 
 3.250291e+01 -2.289819e-02 
 3.250331e+01 -2.255757e-02 
 3.250370e+01 -2.222211e-02 
 3.250410e+01 -2.189177e-02 
 3.250450e+01 -2.156529e-02 
 3.250490e+01 -2.124369e-02 
 3.250529e+01 -2.092968e-02 
 3.250569e+01 -2.062975e-02 
 3.250609e+01 -2.035253e-02 
 3.250649e+01 -2.010780e-02 
 3.250689e+01 -1.990283e-02 
 3.250728e+01 -1.974401e-02 
 3.250768e+01 -1.963276e-02 
 3.250808e+01 -1.956947e-02 
 3.250848e+01 -1.955444e-02 
 3.250887e+01 -1.958810e-02 
 3.250927e+01 -1.966963e-02 
 3.250967e+01 -1.979546e-02 
 3.251007e+01 -1.996050e-02 
 3.251046e+01 -2.016043e-02 
 3.251086e+01 -2.038840e-02 
 3.251126e+01 -2.064483e-02 
 3.251166e+01 -2.093038e-02 
 3.251206e+01 -2.124888e-02 
 3.251245e+01 -2.160764e-02 
 3.251285e+01 -2.201300e-02 
 3.251325e+01 -2.246851e-02 
 3.251365e+01 -2.297366e-02 
 3.251404e+01 -2.352541e-02 
 3.251444e+01 -2.412200e-02 
 3.251484e+01 -2.476048e-02 
 3.251524e+01 -2.543853e-02 
 3.251563e+01 -2.615135e-02 
 3.251603e+01 -2.689377e-02 
 3.251643e+01 -2.765663e-02 
 3.251683e+01 -2.843341e-02 
 3.251723e+01 -2.921402e-02 
 3.251762e+01 -2.999260e-02 
 3.251802e+01 -3.076420e-02 
 3.251842e+01 -3.152702e-02 
 3.251882e+01 -3.228141e-02 
 3.251921e+01 -3.302691e-02 
 3.251961e+01 -3.376218e-02 
 3.252001e+01 -3.448407e-02 
 3.252041e+01 -3.519014e-02 
 3.252080e+01 -3.587836e-02 
 3.252120e+01 -3.654821e-02 
 3.252160e+01 -3.720119e-02 
 3.252200e+01 -3.783701e-02 
 3.252240e+01 -3.845236e-02 
 3.252279e+01 -3.904255e-02 
 3.252319e+01 -3.960138e-02 
 3.252359e+01 -4.012324e-02 
 3.252399e+01 -4.060326e-02 
 3.252438e+01 -4.103997e-02 
 3.252478e+01 -4.143837e-02 
 3.252518e+01 -4.180390e-02 
 3.252558e+01 -4.214386e-02 
 3.252597e+01 -4.246233e-02 
 3.252637e+01 -4.275978e-02 
 3.252677e+01 -4.303356e-02 
 3.252717e+01 -4.327921e-02 
 3.252757e+01 -4.349206e-02 
 3.252796e+01 -4.366828e-02 
 3.252836e+01 -4.380286e-02 
 3.252876e+01 -4.389110e-02 
 3.252916e+01 -4.392832e-02 
 3.252955e+01 -4.391113e-02 
 3.252995e+01 -4.383588e-02 
 3.253035e+01 -4.369890e-02 
 3.253075e+01 -4.349942e-02 
 3.253114e+01 -4.323934e-02 
 3.253154e+01 -4.292386e-02 
 3.253194e+01 -4.255693e-02 
 3.253234e+01 -4.214050e-02 
 3.253274e+01 -4.167325e-02 
 3.253313e+01 -4.115505e-02 
 3.253353e+01 -4.058426e-02 
 3.253393e+01 -3.995907e-02 
 3.253433e+01 -3.927968e-02 
 3.253472e+01 -3.854615e-02 
 3.253512e+01 -3.776080e-02 
 3.253552e+01 -3.692636e-02 
 3.253592e+01 -3.604433e-02 
 3.253631e+01 -3.511739e-02 
 3.253671e+01 -3.414514e-02 
 3.253711e+01 -3.313177e-02 
 3.253751e+01 -3.208279e-02 
 3.253791e+01 -3.100626e-02 
 3.253830e+01 -2.990769e-02 
 3.253870e+01 -2.879171e-02 
 3.253910e+01 -2.766166e-02 
 3.253950e+01 -2.651997e-02 
 3.253989e+01 -2.536985e-02 
 3.254029e+01 -2.421472e-02 
 3.254069e+01 -2.305683e-02 
 3.254109e+01 -2.189929e-02 
 3.254148e+01 -2.074493e-02 
 3.254188e+01 -1.959317e-02 
 3.254228e+01 -1.844067e-02 
 3.254268e+01 -1.728513e-02 
 3.254308e+01 -1.612338e-02 
 3.254347e+01 -1.495636e-02 
 3.254387e+01 -1.378946e-02 
 3.254427e+01 -1.263060e-02 
 3.254467e+01 -1.148665e-02 
 3.254506e+01 -1.036233e-02 
 3.254546e+01 -9.262060e-03 
 3.254586e+01 -8.187154e-03 
 3.254626e+01 -7.138686e-03 
 3.254665e+01 -6.117236e-03 
 3.254705e+01 -5.122141e-03 
 3.254745e+01 -4.152967e-03 
 3.254785e+01 -3.209255e-03 
 3.254825e+01 -2.287762e-03 
 3.254864e+01 -1.383031e-03 
 3.254904e+01 -4.882585e-04 
 3.254944e+01  4.002033e-04 
 3.254984e+01  1.284222e-03 
 3.255023e+01  2.161344e-03 
 3.255063e+01  3.026953e-03 
 3.255103e+01  3.877223e-03 
 3.255143e+01  4.707315e-03 
 3.255182e+01  5.514795e-03 
 3.255222e+01  6.296485e-03 
 3.255262e+01  7.049260e-03 
 3.255302e+01  7.768146e-03 
 3.255342e+01  8.448225e-03 
 3.255381e+01  9.082677e-03 
 3.255421e+01  9.664760e-03 
 3.255461e+01  1.018807e-02 
 3.255501e+01  1.065090e-02 
 3.255540e+01  1.105278e-02 
 3.255580e+01  1.139577e-02 
 3.255620e+01  1.168177e-02 
 3.255660e+01  1.190899e-02 
 3.255699e+01  1.207614e-02 
 3.255739e+01  1.217992e-02 
 3.255779e+01  1.221748e-02 
 3.255819e+01  1.218826e-02 
 3.255859e+01  1.209170e-02 
 3.255898e+01  1.193058e-02 
 3.255938e+01  1.170745e-02 
 3.255978e+01  1.142730e-02 
 3.256018e+01  1.109472e-02 
 3.256057e+01  1.071421e-02 
 3.256097e+01  1.029109e-02 
 3.256137e+01  9.831039e-03 
 3.256177e+01  9.341015e-03 
 3.256216e+01  8.826446e-03 
 3.256256e+01  8.287124e-03 
 3.256296e+01  7.721475e-03 
 3.256336e+01  7.126833e-03 
 3.256376e+01  6.497514e-03 
 3.256415e+01  5.829489e-03 
 3.256455e+01  5.118763e-03 
 3.256495e+01  4.367265e-03 
 3.256535e+01  3.573533e-03 
 3.256574e+01  2.741226e-03 
 3.256614e+01  1.873462e-03 
 3.256654e+01  9.744200e-04 
 3.256694e+01  5.013294e-05 
 3.256733e+01 -8.909842e-04 
 3.256773e+01 -1.839374e-03 
 3.256813e+01 -2.784604e-03 
 3.256853e+01 -3.718121e-03 
 3.256893e+01 -4.636357e-03 
 3.256932e+01 -5.537655e-03 
 3.256972e+01 -6.423500e-03 
 3.257012e+01 -7.297318e-03 
 3.257052e+01 -8.160130e-03 
 3.257091e+01 -9.015084e-03 
 3.257131e+01 -9.863978e-03 
 3.257171e+01 -1.070855e-02 
 3.257211e+01 -1.154846e-02 
 3.257250e+01 -1.238698e-02 
 3.257290e+01 -1.322737e-02 
 3.257330e+01 -1.406971e-02 
 3.257370e+01 -1.491236e-02 
 3.257410e+01 -1.575195e-02 
 3.257449e+01 -1.658042e-02 
 3.257489e+01 -1.739019e-02 
 3.257529e+01 -1.817678e-02 
 3.257569e+01 -1.893575e-02 
 3.257608e+01 -1.966303e-02 
 3.257648e+01 -2.035594e-02 
 3.257688e+01 -2.101356e-02 
 3.257728e+01 -2.163349e-02 
 3.257767e+01 -2.221039e-02 
 3.257807e+01 -2.273732e-02 
 3.257847e+01 -2.320609e-02 
 3.257887e+01 -2.361248e-02 
 3.257927e+01 -2.395279e-02 
 3.257966e+01 -2.422505e-02 
 3.258006e+01 -2.442846e-02 
 3.258046e+01 -2.456241e-02 
 3.258086e+01 -2.462748e-02 
 3.258125e+01 -2.462644e-02 
 3.258165e+01 -2.456546e-02 
 3.258205e+01 -2.444953e-02 
 3.258245e+01 -2.428721e-02 
 3.258284e+01 -2.408680e-02 
 3.258324e+01 -2.385710e-02 
 3.258364e+01 -2.360437e-02 
 3.258404e+01 -2.333256e-02 
 3.258444e+01 -2.304196e-02 
 3.258483e+01 -2.273319e-02 
 3.258523e+01 -2.240800e-02 
 3.258563e+01 -2.206819e-02 
 3.258603e+01 -2.171619e-02 
 3.258642e+01 -2.135321e-02 
 3.258682e+01 -2.097857e-02 
 3.258722e+01 -2.059038e-02 
 3.258762e+01 -2.018806e-02 
 3.258801e+01 -1.977132e-02 
 3.258841e+01 -1.934088e-02 
 3.258881e+01 -1.890004e-02 
 3.258921e+01 -1.845453e-02 
 3.258961e+01 -1.800989e-02 
 3.259000e+01 -1.757412e-02 
 3.259040e+01 -1.715318e-02 
 3.259080e+01 -1.675178e-02 
 3.259120e+01 -1.637677e-02 
 3.259159e+01 -1.603340e-02 
 3.259199e+01 -1.572528e-02 
 3.259239e+01 -1.545578e-02 
 3.259279e+01 -1.522400e-02 
 3.259318e+01 -1.502576e-02 
 3.259358e+01 -1.485469e-02 
 3.259398e+01 -1.470485e-02 
 3.259438e+01 -1.457022e-02 
 3.259478e+01 -1.444671e-02 
 3.259517e+01 -1.433472e-02 
 3.259557e+01 -1.423682e-02 
 3.259597e+01 -1.415548e-02 
 3.259637e+01 -1.409331e-02 
 3.259676e+01 -1.404856e-02 
 3.259716e+01 -1.401944e-02 
 3.259756e+01 -1.400587e-02 
 3.259796e+01 -1.400760e-02 
 3.259835e+01 -1.402765e-02 
 3.259875e+01 -1.407049e-02 
 3.259915e+01 -1.413908e-02 
 3.259955e+01 -1.423414e-02 
 3.259995e+01 -1.435554e-02 
 3.260034e+01 -1.450461e-02 
 3.260074e+01 -1.468113e-02 
 3.260114e+01 -1.488767e-02 
 3.260154e+01 -1.512935e-02 
 3.260193e+01 -1.541049e-02 
 3.260233e+01 -1.573673e-02 
 3.260273e+01 -1.611282e-02 
 3.260313e+01 -1.653673e-02 
 3.260353e+01 -1.700595e-02 
 3.260392e+01 -1.751942e-02 
 3.260432e+01 -1.807428e-02 
 3.260472e+01 -1.866907e-02 
 3.260512e+01 -1.930174e-02 
 3.260551e+01 -1.997036e-02 
 3.260591e+01 -2.067015e-02 
 3.260631e+01 -2.139453e-02 
 3.260671e+01 -2.213585e-02 
 3.260710e+01 -2.288625e-02 
 3.260750e+01 -2.363823e-02 
 3.260790e+01 -2.438914e-02 
 3.260830e+01 -2.514070e-02 
 3.260870e+01 -2.589454e-02 
 3.260909e+01 -2.665534e-02 
 3.260949e+01 -2.742426e-02 
 3.260989e+01 -2.820016e-02 
 3.261029e+01 -2.898508e-02 
 3.261068e+01 -2.977692e-02 
 3.261108e+01 -3.057508e-02 
 3.261148e+01 -3.137883e-02 
 3.261188e+01 -3.218388e-02 
 3.261227e+01 -3.298401e-02 
 3.261267e+01 -3.376867e-02 
 3.261307e+01 -3.453003e-02 
 3.261347e+01 -3.526107e-02 
 3.261387e+01 -3.596030e-02 
 3.261426e+01 -3.663136e-02 
 3.261466e+01 -3.728087e-02 
 3.261506e+01 -3.791591e-02 
 3.261546e+01 -3.853974e-02 
 3.261585e+01 -3.915205e-02 
 3.261625e+01 -3.975063e-02 
 3.261665e+01 -4.033364e-02 
 3.261705e+01 -4.089982e-02 
 3.261744e+01 -4.144959e-02 
 3.261784e+01 -4.198315e-02 
 3.261824e+01 -4.249942e-02 
 3.261864e+01 -4.299631e-02 
 3.261904e+01 -4.347046e-02 
 3.261943e+01 -4.391665e-02 
 3.261983e+01 -4.433193e-02 
 3.262023e+01 -4.471590e-02 
 3.262063e+01 -4.507021e-02 
 3.262102e+01 -4.539849e-02 
 3.262142e+01 -4.570294e-02 
 3.262182e+01 -4.598185e-02 
 3.262222e+01 -4.623101e-02 
 3.262261e+01 -4.644452e-02 
 3.262301e+01 -4.661602e-02 
 3.262341e+01 -4.674255e-02 
 3.262381e+01 -4.682269e-02 
 3.262421e+01 -4.685674e-02 
 3.262460e+01 -4.684399e-02 
 3.262500e+01 -4.678459e-02 
 3.262540e+01 -4.667268e-02 
 3.262580e+01 -4.649775e-02 
 3.262619e+01 -4.625291e-02 
 3.262659e+01 -4.593133e-02 
 3.262699e+01 -4.553425e-02 
 3.262739e+01 -4.506514e-02 
 3.262778e+01 -4.453046e-02 
 3.262818e+01 -4.393429e-02 
 3.262858e+01 -4.327848e-02 
 3.262898e+01 -4.256552e-02 
 3.262938e+01 -4.179741e-02 
 3.262977e+01 -4.097634e-02 
 3.263017e+01 -4.010557e-02 
 3.263057e+01 -3.918844e-02 
 3.263097e+01 -3.822838e-02 
 3.263136e+01 -3.722733e-02 
 3.263176e+01 -3.618413e-02 
 3.263216e+01 -3.509728e-02 
 3.263256e+01 -3.396753e-02 
 3.263295e+01 -3.279998e-02 
 3.263335e+01 -3.160210e-02 
 3.263375e+01 -3.038611e-02 
 3.263415e+01 -2.916032e-02 
 3.263455e+01 -2.793070e-02 
 3.263494e+01 -2.670177e-02 
 3.263534e+01 -2.547549e-02 
 3.263574e+01 -2.425243e-02 
 3.263614e+01 -2.303347e-02 
 3.263653e+01 -2.182032e-02 
 3.263693e+01 -2.061403e-02 
 3.263733e+01 -1.941734e-02 
 3.263773e+01 -1.822923e-02 
 3.263812e+01 -1.704787e-02 
 3.263852e+01 -1.586973e-02 
 3.263892e+01 -1.469387e-02 
 3.263932e+01 -1.352143e-02 
 3.263972e+01 -1.235760e-02 
 3.264011e+01 -1.120812e-02 
 3.264051e+01 -1.007772e-02 
 3.264091e+01 -8.969716e-03 
 3.264131e+01 -7.886281e-03 
 3.264170e+01 -6.828909e-03 
 3.264210e+01 -5.799801e-03 
 3.264250e+01 -4.803287e-03 
 3.264290e+01 -3.846271e-03 
 3.264329e+01 -2.934806e-03 
 3.264369e+01 -2.073591e-03 
 3.264409e+01 -1.261380e-03 
 3.264449e+01 -4.928829e-04 
 3.264489e+01  2.395626e-04 
 3.264528e+01  9.413487e-04 
 3.264568e+01  1.615406e-03 
 3.264608e+01  2.259960e-03 
 3.264648e+01  2.870149e-03 
 3.264687e+01  3.441191e-03 
 3.264727e+01  3.966481e-03 
 3.264767e+01  4.441294e-03 
 3.264807e+01  4.863883e-03 
 3.264846e+01  5.229097e-03 
 3.264886e+01  5.532473e-03 
 3.264926e+01  5.769747e-03 
 3.264966e+01  5.935484e-03 
 3.265006e+01  6.027853e-03 
 3.265045e+01  6.049899e-03 
 3.265085e+01  6.008005e-03 
 3.265125e+01  5.909148e-03 
 3.265165e+01  5.760465e-03 
 3.265204e+01  5.565299e-03 
 3.265244e+01  5.324829e-03 
 3.265284e+01  5.037825e-03 
 3.265324e+01  4.703524e-03 
 3.265363e+01  4.322763e-03 
 3.265403e+01  3.898806e-03 
 3.265443e+01  3.437879e-03 
 3.265483e+01  2.948419e-03 
 3.265523e+01  2.435554e-03 
 3.265562e+01  1.904718e-03 
 3.265602e+01  1.360185e-03 
 3.265642e+01  8.044369e-04 
 3.265682e+01  2.445650e-04 
 3.265721e+01 -3.143528e-04 
 3.265761e+01 -8.643550e-04 
 3.265801e+01 -1.399680e-03 
 3.265841e+01 -1.917982e-03 
 3.265880e+01 -2.420344e-03 
 3.265920e+01 -2.911958e-03 
 3.265960e+01 -3.400238e-03 
 3.266000e+01 -3.889155e-03 
 3.266040e+01 -4.381612e-03 
 3.266079e+01 -4.880595e-03 
 3.266119e+01 -5.386511e-03 
 3.266159e+01 -5.900261e-03 
 3.266199e+01 -6.422766e-03 
 3.266238e+01 -6.955290e-03 
 3.266278e+01 -7.495375e-03 
 3.266318e+01 -8.036982e-03 
 3.266358e+01 -8.570200e-03 
 3.266397e+01 -9.086595e-03 
 3.266437e+01 -9.577463e-03 
 3.266477e+01 -1.003959e-02 
 3.266517e+01 -1.047463e-02 
 3.266557e+01 -1.088686e-02 
 3.266596e+01 -1.128314e-02 
 3.266636e+01 -1.166878e-02 
 3.266676e+01 -1.204874e-02 
 3.266716e+01 -1.242386e-02 
 3.266755e+01 -1.279435e-02 
 3.266795e+01 -1.316043e-02 
 3.266835e+01 -1.352447e-02 
 3.266875e+01 -1.388939e-02 
 3.266914e+01 -1.425436e-02 
 3.266954e+01 -1.461744e-02 
 3.266994e+01 -1.497227e-02 
 3.267034e+01 -1.531059e-02 
 3.267074e+01 -1.562529e-02 
 3.267113e+01 -1.591148e-02 
 3.267153e+01 -1.616670e-02 
 3.267193e+01 -1.639127e-02 
 3.267233e+01 -1.658697e-02 
 3.267272e+01 -1.675385e-02 
 3.267312e+01 -1.688959e-02 
 3.267352e+01 -1.699028e-02 
 3.267392e+01 -1.705200e-02 
 3.267431e+01 -1.707181e-02 
 3.267471e+01 -1.705024e-02 
 3.267511e+01 -1.699149e-02 
 3.267551e+01 -1.689938e-02 
 3.267591e+01 -1.677728e-02 
 3.267630e+01 -1.662551e-02 
 3.267670e+01 -1.644410e-02 
 3.267710e+01 -1.623218e-02 
 3.267750e+01 -1.599032e-02 
 3.267789e+01 -1.572277e-02 
 3.267829e+01 -1.543567e-02 
 3.267869e+01 -1.513952e-02 
 3.267909e+01 -1.484343e-02 
 3.267948e+01 -1.455292e-02 
 3.267988e+01 -1.427261e-02 
 3.268028e+01 -1.400064e-02 
 3.268068e+01 -1.373764e-02 
 3.268108e+01 -1.348427e-02 
 3.268147e+01 -1.324128e-02 
 3.268187e+01 -1.300872e-02 
 3.268227e+01 -1.278332e-02 
 3.268267e+01 -1.255902e-02 
 3.268306e+01 -1.232894e-02 
 3.268346e+01 -1.208474e-02 
 3.268386e+01 -1.182383e-02 
 3.268426e+01 -1.154819e-02 
 3.268465e+01 -1.126268e-02 
 3.268505e+01 -1.097694e-02 
 3.268545e+01 -1.069688e-02 
 3.268585e+01 -1.042844e-02 
 3.268625e+01 -1.017266e-02 
 3.268664e+01 -9.928410e-03 
 3.268704e+01 -9.698373e-03 
 3.268744e+01 -9.487165e-03 
 3.268784e+01 -9.299273e-03 
 3.268823e+01 -9.139481e-03 
 3.268863e+01 -9.009682e-03 
 3.268903e+01 -8.906586e-03 
 3.268943e+01 -8.824746e-03 
 3.268982e+01 -8.757172e-03 
 3.269022e+01 -8.698619e-03 
 3.269062e+01 -8.648601e-03 
 3.269102e+01 -8.609710e-03 
 3.269142e+01 -8.588545e-03 
 3.269181e+01 -8.588930e-03 
 3.269221e+01 -8.611661e-03 
 3.269261e+01 -8.659599e-03 
 3.269301e+01 -8.732708e-03 
 3.269340e+01 -8.836496e-03 
 3.269380e+01 -8.977969e-03 
 3.269420e+01 -9.167306e-03 
 3.269460e+01 -9.413647e-03 
 3.269500e+01 -9.719855e-03 
 3.269539e+01 -1.008642e-02 
 3.269579e+01 -1.050739e-02 
 3.269619e+01 -1.097496e-02 
 3.269659e+01 -1.148229e-02 
 3.269698e+01 -1.202866e-02 
 3.269738e+01 -1.261680e-02 
 3.269778e+01 -1.325377e-02 
 3.269818e+01 -1.394333e-02 
 3.269857e+01 -1.469012e-02 
 3.269897e+01 -1.549252e-02 
 3.269937e+01 -1.634352e-02 
 3.269977e+01 -1.723946e-02 
 3.270017e+01 -1.817535e-02 
 3.270056e+01 -1.914585e-02 
 3.270096e+01 -2.014712e-02 
 3.270136e+01 -2.117003e-02 
 3.270176e+01 -2.220579e-02 
 3.270215e+01 -2.324297e-02 
 3.270255e+01 -2.426976e-02 
 3.270295e+01 -2.527871e-02 
 3.270335e+01 -2.626922e-02 
 3.270374e+01 -2.724452e-02 
 3.270414e+01 -2.821057e-02 
 3.270454e+01 -2.917411e-02 
 3.270494e+01 -3.013614e-02 
 3.270534e+01 -3.109580e-02 
 3.270573e+01 -3.204789e-02 
 3.270613e+01 -3.298672e-02 
 3.270653e+01 -3.390938e-02 
 3.270693e+01 -3.481338e-02 
 3.270732e+01 -3.570009e-02 
 3.270772e+01 -3.656885e-02 
 3.270812e+01 -3.741615e-02 
 3.270852e+01 -3.823633e-02 
 3.270891e+01 -3.902120e-02 
 3.270931e+01 -3.976596e-02 
 3.270971e+01 -4.046744e-02 
 3.271011e+01 -4.112801e-02 
 3.271051e+01 -4.175177e-02 
 3.271090e+01 -4.234277e-02 
 3.271130e+01 -4.290363e-02 
 3.271170e+01 -4.343363e-02 
 3.271210e+01 -4.393253e-02 
 3.271249e+01 -4.439903e-02 
 3.271289e+01 -4.483408e-02 
 3.271329e+01 -4.524122e-02 
 3.271369e+01 -4.562332e-02 
 3.271408e+01 -4.597796e-02 
 3.271448e+01 -4.630095e-02 
 3.271488e+01 -4.658396e-02 
 3.271528e+01 -4.681720e-02 
 3.271568e+01 -4.699144e-02 
 3.271607e+01 -4.710483e-02 
 3.271647e+01 -4.715926e-02 
 3.271687e+01 -4.716231e-02 
 3.271727e+01 -4.711953e-02 
 3.271766e+01 -4.703650e-02 
 3.271806e+01 -4.691331e-02 
 3.271846e+01 -4.674754e-02 
 3.271886e+01 -4.653739e-02 
 3.271925e+01 -4.628165e-02 
 3.271965e+01 -4.598072e-02 
 3.272005e+01 -4.563491e-02 
 3.272045e+01 -4.524492e-02 
 3.272085e+01 -4.481101e-02 
 3.272124e+01 -4.432875e-02 
 3.272164e+01 -4.379300e-02 
 3.272204e+01 -4.320316e-02 
 3.272244e+01 -4.256119e-02 
 3.272283e+01 -4.187480e-02 
 3.272323e+01 -4.115460e-02 
 3.272363e+01 -4.040995e-02 
 3.272403e+01 -3.964651e-02 
 3.272442e+01 -3.886736e-02 
 3.272482e+01 -3.807205e-02 
 3.272522e+01 -3.726076e-02 
 3.272562e+01 -3.643398e-02 
 3.272602e+01 -3.559408e-02 
 3.272641e+01 -3.474446e-02 
 3.272681e+01 -3.389097e-02 
 3.272721e+01 -3.303583e-02 
 3.272761e+01 -3.217882e-02 
 3.272800e+01 -3.131683e-02 
 3.272840e+01 -3.044680e-02 
 3.272880e+01 -2.956874e-02 
 3.272920e+01 -2.868376e-02 
 3.272959e+01 -2.779826e-02 
 3.272999e+01 -2.691737e-02 
 3.273039e+01 -2.604501e-02 
 3.273079e+01 -2.518246e-02 
 3.273119e+01 -2.432853e-02 
 3.273158e+01 -2.348150e-02 
 3.273198e+01 -2.264042e-02 
 3.273238e+01 -2.180548e-02 
 3.273278e+01 -2.097632e-02 
 3.273317e+01 -2.015363e-02 
 3.273357e+01 -1.933496e-02 
 3.273397e+01 -1.851500e-02 
 3.273437e+01 -1.768655e-02 
 3.273476e+01 -1.684448e-02 
 3.273516e+01 -1.598606e-02 
 3.273556e+01 -1.511400e-02 
 3.273596e+01 -1.423656e-02 
 3.273636e+01 -1.336302e-02 
 3.273675e+01 -1.250364e-02 
 3.273715e+01 -1.166438e-02 
 3.273755e+01 -1.084834e-02 
 3.273795e+01 -1.005701e-02 
 3.273834e+01 -9.292493e-03 
 3.273874e+01 -8.557254e-03 
 3.273914e+01 -7.853915e-03 
 3.273954e+01 -7.184243e-03 
 3.273993e+01 -6.548435e-03 
 3.274033e+01 -5.942196e-03 
 3.274073e+01 -5.360089e-03 
 3.274113e+01 -4.798265e-03 
 3.274153e+01 -4.255709e-03 
 3.274192e+01 -3.735872e-03 
 3.274232e+01 -3.246127e-03 
 3.274272e+01 -2.793996e-03 
 3.274312e+01 -2.385888e-03 
 3.274351e+01 -2.024601e-03 
 3.274391e+01 -1.710097e-03 
 3.274431e+01 -1.440709e-03 
 3.274471e+01 -1.215248e-03 
 3.274510e+01 -1.035119e-03 
 3.274550e+01 -9.031025e-04 
 3.274590e+01 -8.225823e-04 
 3.274630e+01 -7.945025e-04 
 3.274670e+01 -8.143243e-04 
 3.274709e+01 -8.735520e-04 
 3.274749e+01 -9.635947e-04 
 3.274789e+01 -1.077787e-03 
 3.274829e+01 -1.212979e-03 
 3.274868e+01 -1.369796e-03 
 3.274908e+01 -1.552698e-03 
 3.274948e+01 -1.764320e-03 
 3.274988e+01 -2.006509e-03 
 3.275027e+01 -2.275752e-03 
 3.275067e+01 -2.566829e-03 
 3.275107e+01 -2.874379e-03 
 3.275147e+01 -3.195763e-03 
 3.275187e+01 -3.529154e-03 
 3.275226e+01 -3.874353e-03 
 3.275266e+01 -4.229026e-03 
 3.275306e+01 -4.587862e-03 
 3.275346e+01 -4.944254e-03 
 3.275385e+01 -5.292670e-03 
 3.275425e+01 -5.630981e-03 
 3.275465e+01 -5.962573e-03 
 3.275505e+01 -6.295961e-03 
 3.275544e+01 -6.640168e-03 
 3.275584e+01 -7.003727e-03 
 3.275624e+01 -7.391852e-03 
 3.275664e+01 -7.802632e-03 
 3.275704e+01 -8.232586e-03 
 3.275743e+01 -8.676091e-03 
 3.275783e+01 -9.126648e-03 
 3.275823e+01 -9.580781e-03 
 3.275863e+01 -1.003409e-02 
 3.275902e+01 -1.048103e-02 
 3.275942e+01 -1.091353e-02 
 3.275982e+01 -1.132048e-02 
 3.276022e+01 -1.169481e-02 
 3.276061e+01 -1.202984e-02 
 3.276101e+01 -1.232536e-02 
 3.276141e+01 -1.258526e-02 
 3.276181e+01 -1.281584e-02 
 3.276221e+01 -1.302242e-02 
 3.276260e+01 -1.320889e-02 
 3.276300e+01 -1.337361e-02 
 3.276340e+01 -1.351480e-02 
 3.276380e+01 -1.362819e-02 
 3.276419e+01 -1.371451e-02 
 3.276459e+01 -1.377713e-02 
 3.276499e+01 -1.381884e-02 
 3.276539e+01 -1.383905e-02 
 3.276578e+01 -1.383414e-02 
 3.276618e+01 -1.379652e-02 
 3.276658e+01 -1.372030e-02 
 3.276698e+01 -1.359920e-02 
 3.276738e+01 -1.343169e-02 
 3.276777e+01 -1.322286e-02 
 3.276817e+01 -1.297971e-02 
 3.276857e+01 -1.271036e-02 
 3.276897e+01 -1.241976e-02 
 3.276936e+01 -1.210808e-02 
 3.276976e+01 -1.177361e-02 
 3.277016e+01 -1.141712e-02 
 3.277056e+01 -1.104104e-02 
 3.277095e+01 -1.065231e-02 
 3.277135e+01 -1.025840e-02 
 3.277175e+01 -9.862768e-03 
 3.277215e+01 -9.468308e-03 
 3.277255e+01 -9.074382e-03 
 3.277294e+01 -8.680580e-03 
 3.277334e+01 -8.288314e-03 
 3.277374e+01 -7.901955e-03 
 3.277414e+01 -7.529624e-03 
 3.277453e+01 -7.181364e-03 
 3.277493e+01 -6.865467e-03 
 3.277533e+01 -6.585060e-03 
 3.277573e+01 -6.338558e-03 
 3.277612e+01 -6.120148e-03 
 3.277652e+01 -5.921765e-03 
 3.277692e+01 -5.739726e-03 
 3.277732e+01 -5.573609e-03 
 3.277772e+01 -5.425538e-03 
 3.277811e+01 -5.295790e-03 
 3.277851e+01 -5.181956e-03 
 3.277891e+01 -5.078356e-03 
 3.277931e+01 -4.978040e-03 
 3.277970e+01 -4.875357e-03 
 3.278010e+01 -4.769058e-03 
 3.278050e+01 -4.662315e-03 
 3.278090e+01 -4.562850e-03 
 3.278129e+01 -4.479385e-03 
 3.278169e+01 -4.418067e-03 
 3.278209e+01 -4.381935e-03 
 3.278249e+01 -4.372037e-03 
 3.278289e+01 -4.388822e-03 
 3.278328e+01 -4.432897e-03 
 3.278368e+01 -4.508391e-03 
 3.278408e+01 -4.619456e-03 
 3.278448e+01 -4.767360e-03 
 3.278487e+01 -4.949827e-03 
 3.278527e+01 -5.159419e-03 
 3.278567e+01 -5.387658e-03 
 3.278607e+01 -5.627510e-03 
 3.278647e+01 -5.875216e-03 
 3.278686e+01 -6.133397e-03 
 3.278726e+01 -6.407686e-03 
 3.278766e+01 -6.705027e-03 
 3.278806e+01 -7.030923e-03 
 3.278845e+01 -7.387583e-03 
 3.278885e+01 -7.774778e-03 
 3.278925e+01 -8.190333e-03 
 3.278965e+01 -8.633357e-03 
 3.279004e+01 -9.107046e-03 
 3.279044e+01 -9.613913e-03 
 3.279084e+01 -1.015612e-02 
 3.279124e+01 -1.073379e-02 
 3.279164e+01 -1.134208e-02 
 3.279203e+01 -1.197436e-02 
 3.279243e+01 -1.262489e-02 
 3.279283e+01 -1.329059e-02 
 3.279323e+01 -1.397194e-02 
 3.279362e+01 -1.467416e-02 
 3.279402e+01 -1.539871e-02 
 3.279442e+01 -1.614586e-02 
 3.279482e+01 -1.691232e-02 
 3.279521e+01 -1.769231e-02 
 3.279561e+01 -1.847938e-02 
 3.279601e+01 -1.926902e-02 
 3.279641e+01 -2.005975e-02 
 3.279681e+01 -2.085237e-02 
 3.279720e+01 -2.164851e-02 
 3.279760e+01 -2.244651e-02 
 3.279800e+01 -2.324189e-02 
 3.279840e+01 -2.402875e-02 
 3.279879e+01 -2.480171e-02 
 3.279919e+01 -2.555924e-02 
 3.279959e+01 -2.630477e-02 
 3.279999e+01 -2.704492e-02 
 3.280038e+01 -2.778723e-02 
 3.280078e+01 -2.853894e-02 
 3.280118e+01 -2.930418e-02 
 3.280158e+01 -3.008278e-02 
 3.280198e+01 -3.087413e-02 
 3.280237e+01 -3.167709e-02 
 3.280277e+01 -3.249031e-02 
 3.280317e+01 -3.331171e-02 
 3.280357e+01 -3.413910e-02 
 3.280396e+01 -3.496828e-02 
 3.280436e+01 -3.579238e-02 
 3.280476e+01 -3.660323e-02 
 3.280516e+01 -3.739322e-02 
 3.280555e+01 -3.815808e-02 
 3.280595e+01 -3.889841e-02 
 3.280635e+01 -3.961859e-02 
 3.280675e+01 -4.032429e-02 
 3.280715e+01 -4.101853e-02 
 3.280754e+01 -4.170078e-02 
 3.280794e+01 -4.236447e-02 
 3.280834e+01 -4.300465e-02 
 3.280874e+01 -4.361389e-02 
 3.280913e+01 -4.418686e-02 
 3.280953e+01 -4.472164e-02 
 3.280993e+01 -4.521695e-02 
 3.281033e+01 -4.566956e-02 
 3.281072e+01 -4.607624e-02 
 3.281112e+01 -4.643088e-02 
 3.281152e+01 -4.672860e-02 
 3.281192e+01 -4.696680e-02 
 3.281232e+01 -4.714703e-02 
 3.281271e+01 -4.727270e-02 
 3.281311e+01 -4.734647e-02 
 3.281351e+01 -4.737189e-02 
 3.281391e+01 -4.734804e-02 
 3.281430e+01 -4.727170e-02 
 3.281470e+01 -4.714073e-02 
 3.281510e+01 -4.695336e-02 
 3.281550e+01 -4.671230e-02 
 3.281589e+01 -4.642245e-02 
 3.281629e+01 -4.609069e-02 
 3.281669e+01 -4.572067e-02 
 3.281709e+01 -4.531363e-02 
 3.281749e+01 -4.486657e-02 
 3.281788e+01 -4.437588e-02 
 3.281828e+01 -4.384076e-02 
 3.281868e+01 -4.326224e-02 
 3.281908e+01 -4.264639e-02 
 3.281947e+01 -4.200099e-02 
 3.281987e+01 -4.133322e-02 
 3.282027e+01 -4.064815e-02 
 3.282067e+01 -3.994692e-02 
 3.282106e+01 -3.922960e-02 
 3.282146e+01 -3.849594e-02 
 3.282186e+01 -3.774704e-02 
 3.282226e+01 -3.698701e-02 
 3.282266e+01 -3.621976e-02 
 3.282305e+01 -3.544524e-02 
 3.282345e+01 -3.466274e-02 
 3.282385e+01 -3.386794e-02 
 3.282425e+01 -3.305656e-02 
 3.282464e+01 -3.222831e-02 
 3.282504e+01 -3.138685e-02 
 3.282544e+01 -3.053848e-02 
 3.282584e+01 -2.969032e-02 
 3.282623e+01 -2.884756e-02 
 3.282663e+01 -2.801174e-02 
 3.282703e+01 -2.718003e-02 
 3.282743e+01 -2.634864e-02 
 3.282783e+01 -2.551418e-02 
 3.282822e+01 -2.467683e-02 
 3.282862e+01 -2.384037e-02 
 3.282902e+01 -2.300961e-02 
 3.282942e+01 -2.218994e-02 
 3.282981e+01 -2.138405e-02 
 3.283021e+01 -2.059011e-02 
 3.283061e+01 -1.980686e-02 
 3.283101e+01 -1.903288e-02 
 3.283140e+01 -1.827079e-02 
 3.283180e+01 -1.752627e-02 
 3.283220e+01 -1.680684e-02 
 3.283260e+01 -1.612079e-02 
 3.283300e+01 -1.547180e-02 
 3.283339e+01 -1.486083e-02 
 3.283379e+01 -1.428779e-02 
 3.283419e+01 -1.375236e-02 
 3.283459e+01 -1.325508e-02 
 3.283498e+01 -1.279946e-02 
 3.283538e+01 -1.238656e-02 
 3.283578e+01 -1.201704e-02 
 3.283618e+01 -1.168609e-02 
 3.283657e+01 -1.138584e-02 
 3.283697e+01 -1.110678e-02 
 3.283737e+01 -1.084121e-02 
 3.283777e+01 -1.058396e-02 
 3.283817e+01 -1.033735e-02 
 3.283856e+01 -1.010572e-02 
 3.283896e+01 -9.891524e-03 
 3.283936e+01 -9.698766e-03 
 3.283976e+01 -9.526615e-03 
 3.284015e+01 -9.373361e-03 
 3.284055e+01 -9.238048e-03 
 3.284095e+01 -9.120344e-03 
 3.284135e+01 -9.021198e-03 
 3.284174e+01 -8.940460e-03 
 3.284214e+01 -8.875439e-03 
 3.284254e+01 -8.821520e-03 
 3.284294e+01 -8.772216e-03 
 3.284334e+01 -8.720168e-03 
 3.284373e+01 -8.662025e-03 
 3.284413e+01 -8.598372e-03 
 3.284453e+01 -8.534088e-03 
 3.284493e+01 -8.475893e-03 
 3.284532e+01 -8.428230e-03 
 3.284572e+01 -8.392642e-03 
 3.284612e+01 -8.367588e-03 
 3.284652e+01 -8.348034e-03 
 3.284691e+01 -8.331339e-03 
 3.284731e+01 -8.317099e-03 
 3.284771e+01 -8.307427e-03 
 3.284811e+01 -8.306435e-03 
 3.284851e+01 -8.317625e-03 
 3.284890e+01 -8.341641e-03 
 3.284930e+01 -8.375882e-03 
 3.284970e+01 -8.418944e-03 
 3.285010e+01 -8.470419e-03 
 3.285049e+01 -8.531251e-03 
 3.285089e+01 -8.606976e-03 
 3.285129e+01 -8.702601e-03 
 3.285169e+01 -8.822244e-03 
 3.285208e+01 -8.967486e-03 
 3.285248e+01 -9.135459e-03 
 3.285288e+01 -9.321322e-03 
 3.285328e+01 -9.520072e-03 
 3.285368e+01 -9.728319e-03 
 3.285407e+01 -9.942990e-03 
 3.285447e+01 -1.016109e-02 
 3.285487e+01 -1.037878e-02 
 3.285527e+01 -1.058907e-02 
 3.285566e+01 -1.078268e-02 
 3.285606e+01 -1.095195e-02 
 3.285646e+01 -1.109022e-02 
 3.285686e+01 -1.119591e-02 
 3.285725e+01 -1.127220e-02 
 3.285765e+01 -1.132158e-02 
 3.285805e+01 -1.135304e-02 
 3.285845e+01 -1.137085e-02 
 3.285885e+01 -1.137582e-02 
 3.285924e+01 -1.136785e-02 
 3.285964e+01 -1.134711e-02 
 3.286004e+01 -1.131315e-02 
 3.286044e+01 -1.126688e-02 
 3.286083e+01 -1.121207e-02 
 3.286123e+01 -1.115077e-02 
 3.286163e+01 -1.108091e-02 
 3.286203e+01 -1.099898e-02 
 3.286242e+01 -1.089973e-02 
 3.286282e+01 -1.077875e-02 
 3.286322e+01 -1.063310e-02 
 3.286362e+01 -1.046421e-02 
 3.286402e+01 -1.027534e-02 
 3.286441e+01 -1.006995e-02 
 3.286481e+01 -9.851514e-03 
 3.286521e+01 -9.620455e-03 
 3.286561e+01 -9.375577e-03 
 3.286600e+01 -9.115999e-03 
 3.286640e+01 -8.841350e-03 
 3.286680e+01 -8.554153e-03 
 3.286720e+01 -8.258854e-03 
 3.286759e+01 -7.958774e-03 
 3.286799e+01 -7.654995e-03 
 3.286839e+01 -7.348393e-03 
 3.286879e+01 -7.035955e-03 
 3.286919e+01 -6.714814e-03 
 3.286958e+01 -6.385696e-03 
 3.286998e+01 -6.049398e-03 
 3.287038e+01 -5.707780e-03 
 3.287078e+01 -5.363432e-03 
 3.287117e+01 -5.017669e-03 
 3.287157e+01 -4.668882e-03 
 3.287197e+01 -4.314449e-03 
 3.287237e+01 -3.952612e-03 
 3.287276e+01 -3.582901e-03 
 3.287316e+01 -3.206022e-03 
 3.287356e+01 -2.826360e-03 
 3.287396e+01 -2.446381e-03 
 3.287436e+01 -2.067639e-03 
 3.287475e+01 -1.688414e-03 
 3.287515e+01 -1.305923e-03 
 3.287555e+01 -9.196135e-04 
 3.287595e+01 -5.318775e-04 
 3.287634e+01 -1.478129e-04 
 3.287674e+01  2.230320e-04 
 3.287714e+01  5.699458e-04 
 3.287754e+01  8.825298e-04 
 3.287794e+01  1.154190e-03 
 3.287833e+01  1.379767e-03 
 3.287873e+01  1.556999e-03 
 3.287913e+01  1.685698e-03 
 3.287953e+01  1.760207e-03 
 3.287992e+01  1.775175e-03 
 3.288032e+01  1.729547e-03 
 3.288072e+01  1.622443e-03 
 3.288112e+01  1.457225e-03 
 3.288151e+01  1.241088e-03 
 3.288191e+01  9.833742e-04 
 3.288231e+01  6.896550e-04 
 3.288271e+01  3.651107e-04 
 3.288311e+01  1.022526e-05 
 3.288350e+01 -3.777767e-04 
 3.288390e+01 -8.021578e-04 
 3.288430e+01 -1.267033e-03 
 3.288470e+01 -1.773631e-03 
 3.288509e+01 -2.320566e-03 
 3.288549e+01 -2.905696e-03 
 3.288589e+01 -3.530315e-03 
 3.288629e+01 -4.194704e-03 
 3.288668e+01 -4.898428e-03 
 3.288708e+01 -5.640887e-03 
 3.288748e+01 -6.415918e-03 
 3.288788e+01 -7.214410e-03 
 3.288828e+01 -8.028519e-03 
 3.288867e+01 -8.850724e-03 
 3.288907e+01 -9.676785e-03 
 3.288947e+01 -1.050893e-02 
 3.288987e+01 -1.135160e-02 
 3.289026e+01 -1.220752e-02 
 3.289066e+01 -1.307834e-02 
 3.289106e+01 -1.396077e-02 
 3.289146e+01 -1.485020e-02 
 3.289185e+01 -1.574380e-02 
 3.289225e+01 -1.664119e-02 
 3.289265e+01 -1.754287e-02 
 3.289305e+01 -1.844989e-02 
 3.289345e+01 -1.936074e-02 
 3.289384e+01 -2.027240e-02 
 3.289424e+01 -2.117972e-02 
 3.289464e+01 -2.207865e-02 
 3.289504e+01 -2.296784e-02 
 3.289543e+01 -2.384939e-02 
 3.289583e+01 -2.473132e-02 
 3.289623e+01 -2.561983e-02 
 3.289663e+01 -2.651903e-02 
 3.289702e+01 -2.742886e-02 
 3.289742e+01 -2.834739e-02 
 3.289782e+01 -2.926964e-02 
 3.289822e+01 -3.019217e-02 
 3.289862e+01 -3.111281e-02 
 3.289901e+01 -3.202948e-02 
 3.289941e+01 -3.293996e-02 
 3.289981e+01 -3.384143e-02 
 3.290021e+01 -3.472711e-02 
 3.290060e+01 -3.558789e-02 
 3.290100e+01 -3.641606e-02 
 3.290140e+01 -3.720425e-02 
 3.290180e+01 -3.795019e-02 
 3.290219e+01 -3.865594e-02 
 3.290259e+01 -3.932420e-02 
 3.290299e+01 -3.995479e-02 
 3.290339e+01 -4.054906e-02 
 3.290379e+01 -4.110357e-02 
 3.290418e+01 -4.161776e-02 
 3.290458e+01 -4.209276e-02 
 3.290498e+01 -4.253009e-02 
 3.290538e+01 -4.293398e-02 
 3.290577e+01 -4.330938e-02 
 3.290617e+01 -4.365882e-02 
 3.290657e+01 -4.397910e-02 
 3.290697e+01 -4.426292e-02 
 3.290736e+01 -4.450427e-02 
 3.290776e+01 -4.469846e-02 
 3.290816e+01 -4.484609e-02 
 3.290856e+01 -4.495349e-02 
 3.290896e+01 -4.502646e-02 
 3.290935e+01 -4.507223e-02 
 3.290975e+01 -4.509521e-02 
 3.291015e+01 -4.509726e-02 
 3.291055e+01 -4.507803e-02 
 3.291094e+01 -4.503637e-02 
 3.291134e+01 -4.496973e-02 
 3.291174e+01 -4.487914e-02 
 3.291214e+01 -4.476731e-02 
 3.291253e+01 -4.463523e-02 
 3.291293e+01 -4.448134e-02 
 3.291333e+01 -4.430219e-02 
 3.291373e+01 -4.409376e-02 
 3.291413e+01 -4.385233e-02 
 3.291452e+01 -4.357743e-02 
 3.291492e+01 -4.327015e-02 
 3.291532e+01 -4.293156e-02 
 3.291572e+01 -4.256355e-02 
 3.291611e+01 -4.216661e-02 
 3.291651e+01 -4.173855e-02 
 3.291691e+01 -4.127776e-02 
 3.291731e+01 -4.078200e-02 
 3.291770e+01 -4.025208e-02 
 3.291810e+01 -3.969196e-02 
 3.291850e+01 -3.910618e-02 
 3.291890e+01 -3.849554e-02 
 3.291930e+01 -3.785751e-02 
 3.291969e+01 -3.718769e-02 
 3.292009e+01 -3.647891e-02 
 3.292049e+01 -3.572982e-02 
 3.292089e+01 -3.494229e-02 
 3.292128e+01 -3.412101e-02 
 3.292168e+01 -3.327049e-02 
 3.292208e+01 -3.239743e-02 
 3.292248e+01 -3.150665e-02 
 3.292287e+01 -3.059915e-02 
 3.292327e+01 -2.967865e-02 
 3.292367e+01 -2.874961e-02 
 3.292407e+01 -2.782020e-02 
 3.292447e+01 -2.690158e-02 
 3.292486e+01 -2.600273e-02 
 3.292526e+01 -2.512540e-02 
 3.292566e+01 -2.426918e-02 
 3.292606e+01 -2.342914e-02 
 3.292645e+01 -2.260039e-02 
 3.292685e+01 -2.178170e-02 
 3.292725e+01 -2.097598e-02 
 3.292765e+01 -2.018997e-02 
 3.292804e+01 -1.943248e-02 
 3.292844e+01 -1.871363e-02 
 3.292884e+01 -1.803858e-02 
 3.292924e+01 -1.740881e-02 
 3.292964e+01 -1.682454e-02 
 3.293003e+01 -1.628481e-02 
 3.293043e+01 -1.578953e-02 
 3.293083e+01 -1.534009e-02 
 3.293123e+01 -1.493377e-02 
 3.293162e+01 -1.456560e-02 
 3.293202e+01 -1.422945e-02 
 3.293242e+01 -1.391713e-02 
 3.293282e+01 -1.362159e-02 
 3.293321e+01 -1.333716e-02 
 3.293361e+01 -1.306289e-02 
 3.293401e+01 -1.280067e-02 
 3.293441e+01 -1.255814e-02 
 3.293481e+01 -1.233932e-02 
 3.293520e+01 -1.214620e-02 
 3.293560e+01 -1.198006e-02 
 3.293600e+01 -1.184141e-02 
 3.293640e+01 -1.173115e-02 
 3.293679e+01 -1.165050e-02 
 3.293719e+01 -1.160234e-02 
 3.293759e+01 -1.158886e-02 
 3.293799e+01 -1.160901e-02 
 3.293838e+01 -1.166148e-02 
 3.293878e+01 -1.174094e-02 
 3.293918e+01 -1.184012e-02 
 3.293958e+01 -1.195321e-02 
 3.293998e+01 -1.207681e-02 
 3.294037e+01 -1.221172e-02 
 3.294077e+01 -1.236068e-02 
 3.294117e+01 -1.252591e-02 
 3.294157e+01 -1.270979e-02 
 3.294196e+01 -1.291270e-02 
 3.294236e+01 -1.313406e-02 
 3.294276e+01 -1.337092e-02 
 3.294316e+01 -1.362274e-02 
 3.294355e+01 -1.388873e-02 
 3.294395e+01 -1.416772e-02 
 3.294435e+01 -1.445940e-02 
 3.294475e+01 -1.476032e-02 
 3.294515e+01 -1.506378e-02 
 3.294554e+01 -1.536323e-02 
 3.294594e+01 -1.565262e-02 
 3.294634e+01 -1.592880e-02 
 3.294674e+01 -1.619095e-02 
 3.294713e+01 -1.644209e-02 
 3.294753e+01 -1.668368e-02 
 3.294793e+01 -1.691579e-02 
 3.294833e+01 -1.713733e-02 
 3.294872e+01 -1.734298e-02 
 3.294912e+01 -1.752794e-02 
 3.294952e+01 -1.768673e-02 
 3.294992e+01 -1.781545e-02 
 3.295032e+01 -1.791004e-02 
 3.295071e+01 -1.796663e-02 
 3.295111e+01 -1.797925e-02 
 3.295151e+01 -1.794191e-02 
 3.295191e+01 -1.785008e-02 
 3.295230e+01 -1.770167e-02 
 3.295270e+01 -1.749873e-02 
 3.295310e+01 -1.724619e-02 
 3.295350e+01 -1.695407e-02 
 3.295389e+01 -1.663166e-02 
 3.295429e+01 -1.628719e-02 
 3.295469e+01 -1.592665e-02 
 3.295509e+01 -1.555301e-02 
 3.295549e+01 -1.517016e-02 
 3.295588e+01 -1.478112e-02 
 3.295628e+01 -1.439173e-02 
 3.295668e+01 -1.400530e-02 
 3.295708e+01 -1.362428e-02 
 3.295747e+01 -1.324840e-02 
 3.295787e+01 -1.287444e-02 
 3.295827e+01 -1.249801e-02 
 3.295867e+01 -1.211225e-02 
 3.295906e+01 -1.171090e-02 
 3.295946e+01 -1.129083e-02 
 3.295986e+01 -1.085263e-02 
 3.296026e+01 -1.039870e-02 
 3.296066e+01 -9.933351e-03 
 3.296105e+01 -9.459858e-03 
 3.296145e+01 -8.980571e-03 
 3.296185e+01 -8.497011e-03 
 3.296225e+01 -8.012211e-03 
 3.296264e+01 -7.526431e-03 
 3.296304e+01 -7.040267e-03 
 3.296344e+01 -6.553345e-03 
 3.296384e+01 -6.064912e-03 
 3.296423e+01 -5.573310e-03 
 3.296463e+01 -5.076862e-03 
 3.296503e+01 -4.573001e-03 
 3.296543e+01 -4.059735e-03 
 3.296583e+01 -3.537805e-03 
 3.296622e+01 -3.009996e-03 
 3.296662e+01 -2.480297e-03 
 3.296702e+01 -1.951387e-03 
 3.296742e+01 -1.424411e-03 
 3.296781e+01 -9.001415e-04 
 3.296821e+01 -3.799028e-04 
 3.296861e+01  1.348130e-04 
 3.296901e+01  6.423026e-04 
 3.296941e+01  1.141440e-03 
 3.296980e+01  1.630698e-03 
 3.297020e+01  2.109330e-03 
 3.297060e+01  2.578884e-03 
 3.297100e+01  3.039430e-03 
 3.297139e+01  3.493814e-03 
 3.297179e+01  3.939326e-03 
 3.297219e+01  4.369651e-03 
 3.297259e+01  4.772953e-03 
 3.297298e+01  5.139788e-03 
 3.297338e+01  5.460200e-03 
 3.297378e+01  5.727440e-03 
 3.297418e+01  5.937881e-03 
 3.297458e+01  6.088821e-03 
 3.297497e+01  6.179217e-03 
 3.297537e+01  6.208114e-03 
 3.297577e+01  6.176307e-03 
 3.297617e+01  6.083263e-03 
 3.297656e+01  5.934899e-03 
 3.297696e+01  5.738919e-03 
 3.297736e+01  5.507505e-03 
 3.297776e+01  5.252410e-03 
 3.297815e+01  4.981617e-03 
 3.297855e+01  4.697664e-03 
 3.297895e+01  4.400221e-03 
 3.297935e+01  4.083629e-03 
 3.297975e+01  3.742312e-03 
 3.298014e+01  3.371115e-03 
 3.298054e+01  2.966695e-03 
 3.298094e+01  2.527978e-03 
 3.298134e+01  2.053394e-03 
 3.298173e+01  1.542050e-03 
 3.298213e+01  9.902035e-04 
 3.298253e+01  3.965766e-04 
 3.298293e+01 -2.390748e-04 
 3.298332e+01 -9.136961e-04 
 3.298372e+01 -1.621896e-03 
 3.298412e+01 -2.359657e-03 
 3.298452e+01 -3.124231e-03 
 3.298492e+01 -3.916630e-03 
 3.298531e+01 -4.740315e-03 
 3.298571e+01 -5.600008e-03 
 3.298611e+01 -6.500853e-03 
 3.298651e+01 -7.445161e-03 
 3.298690e+01 -8.432694e-03 
 3.298730e+01 -9.461174e-03 
 3.298770e+01 -1.052560e-02 
 3.298810e+01 -1.162283e-02 
 3.298849e+01 -1.275021e-02 
 3.298889e+01 -1.390616e-02 
 3.298929e+01 -1.508841e-02 
 3.298969e+01 -1.629314e-02 
 3.299009e+01 -1.751513e-02 
 3.299048e+01 -1.874726e-02 
 3.299088e+01 -1.998521e-02 
 3.299128e+01 -2.122772e-02 
 3.299168e+01 -2.247415e-02 
 3.299207e+01 -2.372709e-02 
 3.299247e+01 -2.498875e-02 
 3.299287e+01 -2.625821e-02 
 3.299327e+01 -2.753276e-02 
 3.299366e+01 -2.880751e-02 
 3.299406e+01 -3.007558e-02 
 3.299446e+01 -3.133041e-02 
 3.299486e+01 -3.256624e-02 
 3.299526e+01 -3.377653e-02 
 3.299565e+01 -3.495460e-02 
 3.299605e+01 -3.609027e-02 
 3.299645e+01 -3.717237e-02 
 3.299685e+01 -3.819069e-02 
 3.299724e+01 -3.913887e-02 
 3.299764e+01 -4.001620e-02 
 3.299804e+01 -4.082445e-02 
 3.299844e+01 -4.157007e-02 
 3.299883e+01 -4.225805e-02 
 3.299923e+01 -4.289013e-02 
 3.299963e+01 -4.346817e-02 
 3.300003e+01 -4.399188e-02 
 3.300043e+01 -4.446104e-02 
 3.300082e+01 -4.487748e-02 
 3.300122e+01 -4.524581e-02 
 3.300162e+01 -4.556901e-02 
 3.300202e+01 -4.585057e-02 
 3.300241e+01 -4.609197e-02 
 3.300281e+01 -4.628943e-02 
 3.300321e+01 -4.643840e-02 
 3.300361e+01 -4.653853e-02 
 3.300400e+01 -4.658859e-02 
 3.300440e+01 -4.659409e-02 
 3.300480e+01 -4.656082e-02 
 3.300520e+01 -4.649465e-02 
 3.300560e+01 -4.640010e-02 
 3.300599e+01 -4.627822e-02 
 3.300639e+01 -4.612836e-02 
 3.300679e+01 -4.594678e-02 
 3.300719e+01 -4.573192e-02 
 3.300758e+01 -4.548333e-02 
 3.300798e+01 -4.520298e-02 
 3.300838e+01 -4.489169e-02 
 3.300878e+01 -4.454899e-02 
 3.300917e+01 -4.416962e-02 
 3.300957e+01 -4.374862e-02 
 3.300997e+01 -4.328144e-02 
 3.301037e+01 -4.276589e-02 
 3.301077e+01 -4.220246e-02 
 3.301116e+01 -4.159638e-02 
 3.301156e+01 -4.095491e-02 
 3.301196e+01 -4.028533e-02 
 3.301236e+01 -3.959604e-02 
 3.301275e+01 -3.889134e-02 
 3.301315e+01 -3.817365e-02 
 3.301355e+01 -3.744517e-02 
 3.301395e+01 -3.670830e-02 
 3.301434e+01 -3.596507e-02 
 3.301474e+01 -3.521665e-02 
 3.301514e+01 -3.446250e-02 
 3.301554e+01 -3.369876e-02 
 3.301594e+01 -3.292453e-02 
 3.301633e+01 -3.214048e-02 
 3.301673e+01 -3.134773e-02 
 3.301713e+01 -3.055244e-02 
 3.301753e+01 -2.976233e-02 
 3.301792e+01 -2.898513e-02 
 3.301832e+01 -2.822942e-02 
 3.301872e+01 -2.749951e-02 
 3.301912e+01 -2.679982e-02 
 3.301951e+01 -2.613041e-02 
 3.301991e+01 -2.549040e-02 
 3.302031e+01 -2.488086e-02 
 3.302071e+01 -2.430306e-02 
 3.302111e+01 -2.375821e-02 
 3.302150e+01 -2.324610e-02 
 3.302190e+01 -2.276570e-02 
 3.302230e+01 -2.231528e-02 
 3.302270e+01 -2.188941e-02 
 3.302309e+01 -2.148407e-02 
 3.302349e+01 -2.110047e-02 
 3.302389e+01 -2.074174e-02 
 3.302429e+01 -2.041186e-02 
 3.302468e+01 -2.011603e-02 
 3.302508e+01 -1.985496e-02 
 3.302548e+01 -1.962524e-02 
 3.302588e+01 -1.942157e-02 
 3.302628e+01 -1.923772e-02 
 3.302667e+01 -1.906916e-02 
 3.302707e+01 -1.891255e-02 
 3.302747e+01 -1.876764e-02 
 3.302787e+01 -1.863137e-02 
 3.302826e+01 -1.849910e-02 
 3.302866e+01 -1.836517e-02 
 3.302906e+01 -1.822143e-02 
 3.302946e+01 -1.806521e-02 
 3.302985e+01 -1.789825e-02 
 3.303025e+01 -1.772824e-02 
 3.303065e+01 -1.756542e-02 
 3.303105e+01 -1.742096e-02 
 3.303145e+01 -1.730361e-02 
 3.303184e+01 -1.721860e-02 
 3.303224e+01 -1.716872e-02 
 3.303264e+01 -1.715402e-02 
 3.303304e+01 -1.717390e-02 
 3.303343e+01 -1.722786e-02 
 3.303383e+01 -1.731550e-02 
 3.303423e+01 -1.743476e-02 
 3.303463e+01 -1.758118e-02 
 3.303502e+01 -1.775146e-02 
 3.303542e+01 -1.793877e-02 
 3.303582e+01 -1.814051e-02 
 3.303622e+01 -1.835468e-02 
 3.303662e+01 -1.858103e-02 
 3.303701e+01 -1.882307e-02 
 3.303741e+01 -1.908260e-02 
 3.303781e+01 -1.935743e-02 
 3.303821e+01 -1.964472e-02 
 3.303860e+01 -1.993738e-02 
 3.303900e+01 -2.022803e-02 
 3.303940e+01 -2.051181e-02 
 3.303980e+01 -2.078646e-02 
 3.304019e+01 -2.105100e-02 
 3.304059e+01 -2.130433e-02 
 3.304099e+01 -2.154671e-02 
 3.304139e+01 -2.177508e-02 
 3.304179e+01 -2.198638e-02 
 3.304218e+01 -2.217606e-02 
 3.304258e+01 -2.234223e-02 
 3.304298e+01 -2.248444e-02 
 3.304338e+01 -2.260279e-02 
 3.304377e+01 -2.269903e-02 
 3.304417e+01 -2.277230e-02 
 3.304457e+01 -2.281984e-02 
 3.304497e+01 -2.283693e-02 
 3.304536e+01 -2.281986e-02 
 3.304576e+01 -2.276616e-02 
 3.304616e+01 -2.267433e-02 
 3.304656e+01 -2.254166e-02 
 3.304696e+01 -2.236618e-02 
 3.304735e+01 -2.214433e-02 
 3.304775e+01 -2.187142e-02 
 3.304815e+01 -2.154347e-02 
 3.304855e+01 -2.116080e-02 
 3.304894e+01 -2.072630e-02 
 3.304934e+01 -2.024932e-02 
 3.304974e+01 -1.974208e-02 
 3.305014e+01 -1.921734e-02 
 3.305053e+01 -1.868276e-02 
 3.305093e+01 -1.814200e-02 
 3.305133e+01 -1.759517e-02 
 3.305173e+01 -1.703990e-02 
 3.305213e+01 -1.647458e-02 
 3.305252e+01 -1.589644e-02 
 3.305292e+01 -1.530369e-02 
 3.305332e+01 -1.469386e-02 
 3.305372e+01 -1.406377e-02 
 3.305411e+01 -1.340547e-02 
 3.305451e+01 -1.271153e-02 
 3.305491e+01 -1.197366e-02 
 3.305531e+01 -1.118998e-02 
 3.305570e+01 -1.036382e-02 
 3.305610e+01 -9.500209e-03 
 3.305650e+01 -8.605942e-03 
 3.305690e+01 -7.685895e-03 
 3.305730e+01 -6.741494e-03 
 3.305769e+01 -5.771255e-03 
 3.305809e+01 -4.776964e-03 
 3.305849e+01 -3.761076e-03 
 3.305889e+01 -2.726649e-03 
 3.305928e+01 -1.680116e-03 
 3.305968e+01 -6.308537e-04 
 3.306008e+01  4.142034e-04 
 3.306048e+01  1.452394e-03 
 3.306088e+01  2.480789e-03 
 3.306127e+01  3.497674e-03 
 3.306167e+01  4.500651e-03 
 3.306207e+01  5.484623e-03 
 3.306247e+01  6.441877e-03 
 3.306286e+01  7.367405e-03 
 3.306326e+01  8.256271e-03 
 3.306366e+01  9.105050e-03 
 3.306406e+01  9.909838e-03 
 3.306445e+01  1.066893e-02 
 3.306485e+01  1.137908e-02 
 3.306525e+01  1.203809e-02 
 3.306565e+01  1.264344e-02 
 3.306605e+01  1.319497e-02 
 3.306644e+01  1.369498e-02 
 3.306684e+01  1.414502e-02 
 3.306724e+01  1.454942e-02 
 3.306764e+01  1.490861e-02 
 3.306803e+01  1.521821e-02 
 3.306843e+01  1.546996e-02 
 3.306883e+01  1.565662e-02 
 3.306923e+01  1.577066e-02 
 3.306962e+01  1.580453e-02 
 3.307002e+01  1.575642e-02 
 3.307042e+01  1.562780e-02 
 3.307082e+01  1.542291e-02 
 3.307122e+01  1.514680e-02 
 3.307161e+01  1.480734e-02 
 3.307201e+01  1.441185e-02 
 3.307241e+01  1.396673e-02 
 3.307281e+01  1.347970e-02 
 3.307320e+01  1.295972e-02 
 3.307360e+01  1.241421e-02 
 3.307400e+01  1.184861e-02 
 3.307440e+01  1.126575e-02 
 3.307479e+01  1.066519e-02 
 3.307519e+01  1.004326e-02 
 3.307559e+01  9.394635e-03 
 3.307599e+01  8.713758e-03 
 3.307639e+01  7.999063e-03 
 3.307678e+01  7.250524e-03 
 3.307718e+01  6.467612e-03 
 3.307758e+01  5.651191e-03 
 3.307798e+01  4.799548e-03 
 3.307837e+01  3.909720e-03 
 3.307877e+01  2.979036e-03 
 3.307917e+01  2.006911e-03 
 3.307957e+01  9.948222e-04 
 3.307996e+01 -5.332211e-05 
 3.308036e+01 -1.132912e-03 
 3.308076e+01 -2.239882e-03 
 3.308116e+01 -3.371708e-03 
 3.308156e+01 -4.528013e-03 
 3.308195e+01 -5.710241e-03 
 3.308235e+01 -6.917885e-03 
 3.308275e+01 -8.149142e-03 
 3.308315e+01 -9.399571e-03 
 3.308354e+01 -1.066411e-02 
 3.308394e+01 -1.193544e-02 
 3.308434e+01 -1.320730e-02 
 3.308474e+01 -1.447606e-02 
 3.308513e+01 -1.573653e-02 
 3.308553e+01 -1.698427e-02 
 3.308593e+01 -1.821450e-02 
 3.308633e+01 -1.942045e-02 
 3.308673e+01 -2.059910e-02 
 3.308712e+01 -2.174581e-02 
 3.308752e+01 -2.286189e-02 
 3.308792e+01 -2.394919e-02 
 3.308832e+01 -2.501103e-02 
 3.308871e+01 -2.605010e-02 
 3.308911e+01 -2.706845e-02 
 3.308951e+01 -2.806486e-02 
 3.308991e+01 -2.903586e-02 
 3.309030e+01 -2.997650e-02 
 3.309070e+01 -3.088169e-02 
 3.309110e+01 -3.174753e-02 
 3.309150e+01 -3.257212e-02 
 3.309190e+01 -3.335399e-02 
 3.309229e+01 -3.409093e-02 
 3.309269e+01 -3.477893e-02 
 3.309309e+01 -3.541772e-02 
 3.309349e+01 -3.600705e-02 
 3.309388e+01 -3.655155e-02 
 3.309428e+01 -3.705470e-02 
 3.309468e+01 -3.752012e-02 
 3.309508e+01 -3.795178e-02 
 3.309547e+01 -3.835243e-02 
 3.309587e+01 -3.872342e-02 
 3.309627e+01 -3.906617e-02 
 3.309667e+01 -3.938132e-02 
 3.309707e+01 -3.967058e-02 
 3.309746e+01 -3.993540e-02 
 3.309786e+01 -4.017904e-02 
 3.309826e+01 -4.040080e-02 
 3.309866e+01 -4.059678e-02 
 3.309905e+01 -4.076196e-02 
 3.309945e+01 -4.089089e-02 
 3.309985e+01 -4.098021e-02 
 3.310025e+01 -4.102636e-02 
 3.310064e+01 -4.103083e-02 
 3.310104e+01 -4.099648e-02 
 3.310144e+01 -4.092853e-02 
 3.310184e+01 -4.082910e-02 
 3.310224e+01 -4.069780e-02 
 3.310263e+01 -4.053015e-02 
 3.310303e+01 -4.032022e-02 
 3.310343e+01 -4.006380e-02 
 3.310383e+01 -3.975815e-02 
 3.310422e+01 -3.940393e-02 
 3.310462e+01 -3.900208e-02 
 3.310502e+01 -3.855357e-02 
 3.310542e+01 -3.805847e-02 
 3.310581e+01 -3.751552e-02 
 3.310621e+01 -3.692543e-02 
 3.310661e+01 -3.629005e-02 
 3.310701e+01 -3.561534e-02 
 3.310741e+01 -3.491024e-02 
 3.310780e+01 -3.418563e-02 
 3.310820e+01 -3.345139e-02 
 3.310860e+01 -3.271401e-02 
 3.310900e+01 -3.197746e-02 
 3.310939e+01 -3.124555e-02 
 3.310979e+01 -3.052053e-02 
 3.311019e+01 -2.980813e-02 
 3.311059e+01 -2.911495e-02 
 3.311098e+01 -2.844436e-02 
 3.311138e+01 -2.779893e-02 
 3.311178e+01 -2.717871e-02 
 3.311218e+01 -2.658379e-02 
 3.311258e+01 -2.601284e-02 
 3.311297e+01 -2.546644e-02 
 3.311337e+01 -2.494519e-02 
 3.311377e+01 -2.445371e-02 
 3.311417e+01 -2.399643e-02 
 3.311456e+01 -2.357591e-02 
 3.311496e+01 -2.319456e-02 
 3.311536e+01 -2.285356e-02 
 3.311576e+01 -2.255263e-02 
 3.311615e+01 -2.229174e-02 
 3.311655e+01 -2.207354e-02 
 3.311695e+01 -2.189644e-02 
 3.311735e+01 -2.175908e-02 
 3.311775e+01 -2.165624e-02 
 3.311814e+01 -2.158350e-02 
 3.311854e+01 -2.153494e-02 
 3.311894e+01 -2.150860e-02 
 3.311934e+01 -2.150465e-02 
 3.311973e+01 -2.152747e-02 
 3.312013e+01 -2.158346e-02 
 3.312053e+01 -2.167689e-02 
 3.312093e+01 -2.181067e-02 
 3.312132e+01 -2.198303e-02 
 3.312172e+01 -2.218931e-02 
 3.312212e+01 -2.242284e-02 
 3.312252e+01 -2.267954e-02 
 3.312292e+01 -2.295507e-02 
 3.312331e+01 -2.324688e-02 
 3.312371e+01 -2.355110e-02 
 3.312411e+01 -2.386573e-02 
 3.312451e+01 -2.418771e-02 
 3.312490e+01 -2.451528e-02 
 3.312530e+01 -2.484982e-02 
 3.312570e+01 -2.519485e-02 
 3.312610e+01 -2.555418e-02 
 3.312649e+01 -2.593396e-02 
 3.312689e+01 -2.633789e-02 
 3.312729e+01 -2.676897e-02 
 3.312769e+01 -2.722453e-02 
 3.312809e+01 -2.770281e-02 
 3.312848e+01 -2.819941e-02 
 3.312888e+01 -2.871202e-02 
 3.312928e+01 -2.924039e-02 
 3.312968e+01 -2.978348e-02 
 3.313007e+01 -3.033829e-02 
 3.313047e+01 -3.090030e-02 
 3.313087e+01 -3.145953e-02 
 3.313127e+01 -3.200582e-02 
 3.313166e+01 -3.252776e-02 
 3.313206e+01 -3.301453e-02 
 3.313246e+01 -3.346191e-02 
 3.313286e+01 -3.386724e-02 
 3.313326e+01 -3.422932e-02 
 3.313365e+01 -3.454567e-02 
 3.313405e+01 -3.481427e-02 
 3.313445e+01 -3.503026e-02 
 3.313485e+01 -3.519183e-02 
 3.313524e+01 -3.529887e-02 
 3.313564e+01 -3.535355e-02 
 3.313604e+01 -3.535704e-02 
 3.313644e+01 -3.530868e-02 
 3.313683e+01 -3.520824e-02 
 3.313723e+01 -3.505434e-02 
 3.313763e+01 -3.484645e-02 
 3.313803e+01 -3.458388e-02 
 3.313843e+01 -3.426980e-02 
 3.313882e+01 -3.390944e-02 
 3.313922e+01 -3.351065e-02 
 3.313962e+01 -3.307900e-02 
 3.314002e+01 -3.261835e-02 
 3.314041e+01 -3.212764e-02 
 3.314081e+01 -3.160592e-02 
 3.314121e+01 -3.105085e-02 
 3.314161e+01 -3.046332e-02 
 3.314200e+01 -2.984301e-02 
 3.314240e+01 -2.918916e-02 
 3.314280e+01 -2.850049e-02 
 3.314320e+01 -2.777672e-02 
 3.314360e+01 -2.701866e-02 
 3.314399e+01 -2.622742e-02 
 3.314439e+01 -2.540330e-02 
 3.314479e+01 -2.455206e-02 
 3.314519e+01 -2.368002e-02 
 3.314558e+01 -2.279477e-02 
 3.314598e+01 -2.190289e-02 
 3.314638e+01 -2.100638e-02 
 3.314678e+01 -2.010575e-02 
 3.314717e+01 -1.919912e-02 
 3.314757e+01 -1.828731e-02 
 3.314797e+01 -1.737276e-02 
 3.314837e+01 -1.645672e-02 
 3.314877e+01 -1.553923e-02 
 3.314916e+01 -1.461860e-02 
 3.314956e+01 -1.369140e-02 
 3.314996e+01 -1.275003e-02 
 3.315036e+01 -1.178716e-02 
 3.315075e+01 -1.079407e-02 
 3.315115e+01 -9.765922e-03 
 3.315155e+01 -8.704597e-03 
 3.315195e+01 -7.614644e-03 
 3.315235e+01 -6.501827e-03 
 3.315274e+01 -5.372109e-03 
 3.315314e+01 -4.232913e-03 
 3.315354e+01 -3.089237e-03 
 3.315394e+01 -1.947609e-03 
 3.315433e+01 -8.152211e-04 
 3.315473e+01  3.044719e-04 
 3.315513e+01  1.405519e-03 
 3.315553e+01  2.484044e-03 
 3.315592e+01  3.533932e-03 
 3.315632e+01  4.553039e-03 
 3.315672e+01  5.540816e-03 
 3.315712e+01  6.494921e-03 
 3.315752e+01  7.413539e-03 
 3.315791e+01  8.290681e-03 
 3.315831e+01  9.121091e-03 
 3.315871e+01  9.900705e-03 
 3.315911e+01  1.062703e-02 
 3.315950e+01  1.129997e-02 
 3.315990e+01  1.191967e-02 
 3.316030e+01  1.248926e-02 
 3.316070e+01  1.301117e-02 
 3.316109e+01  1.348804e-02 
 3.316149e+01  1.391924e-02 
 3.316189e+01  1.430424e-02 
 3.316229e+01  1.464536e-02 
 3.316269e+01  1.494487e-02 
 3.316308e+01  1.520543e-02 
 3.316348e+01  1.542863e-02 
 3.316388e+01  1.561260e-02 
 3.316428e+01  1.575254e-02 
 3.316467e+01  1.584507e-02 
 3.316507e+01  1.588668e-02 
 3.316547e+01  1.587531e-02 
 3.316587e+01  1.581036e-02 
 3.316626e+01  1.569259e-02 
 3.316666e+01  1.552294e-02 
 3.316706e+01  1.530042e-02 
 3.316746e+01  1.502437e-02 
 3.316786e+01  1.469524e-02 
 3.316825e+01  1.431445e-02 
 3.316865e+01  1.388627e-02 
 3.316905e+01  1.341757e-02 
 3.316945e+01  1.291504e-02 
 3.316984e+01  1.238497e-02 
 3.317024e+01  1.182808e-02 
 3.317064e+01  1.124314e-02 
 3.317104e+01  1.062531e-02 
 3.317143e+01  9.968787e-03 
 3.317183e+01  9.268667e-03 
 3.317223e+01  8.519908e-03 
 3.317263e+01  7.721085e-03 
 3.317303e+01  6.869502e-03 
 3.317342e+01  5.965199e-03 
 3.317382e+01  5.008546e-03 
 3.317422e+01  3.999769e-03 
 3.317462e+01  2.941443e-03 
 3.317501e+01  1.838215e-03 
 3.317541e+01  6.946193e-04 
 3.317581e+01 -4.802033e-04 
 3.317621e+01 -1.679499e-03 
 3.317660e+01 -2.898511e-03 
 3.317700e+01 -4.133925e-03 
 3.317740e+01 -5.382774e-03 
 3.317780e+01 -6.641513e-03 
 3.317820e+01 -7.906228e-03 
 3.317859e+01 -9.169823e-03 
 3.317899e+01 -1.042406e-02 
 3.317939e+01 -1.166153e-02 
 3.317979e+01 -1.287513e-02 
 3.318018e+01 -1.406092e-02 
 3.318058e+01 -1.521616e-02 
 3.318098e+01 -1.633860e-02 
 3.318138e+01 -1.742410e-02 
 3.318177e+01 -1.846800e-02 
 3.318217e+01 -1.946424e-02 
 3.318257e+01 -2.040733e-02 
 3.318297e+01 -2.129334e-02 
 3.318337e+01 -2.212289e-02 
 3.318376e+01 -2.289889e-02 
 3.318416e+01 -2.362480e-02 
 3.318456e+01 -2.430450e-02 
 3.318496e+01 -2.494122e-02 
 3.318535e+01 -2.553893e-02 
 3.318575e+01 -2.609840e-02 
 3.318615e+01 -2.662010e-02 
 3.318655e+01 -2.710606e-02 
 3.318694e+01 -2.755695e-02 
 3.318734e+01 -2.797381e-02 
 3.318774e+01 -2.835454e-02 
 3.318814e+01 -2.869539e-02 
 3.318854e+01 -2.899108e-02 
 3.318893e+01 -2.923858e-02 
 3.318933e+01 -2.943926e-02 
 3.318973e+01 -2.959673e-02 
 3.319013e+01 -2.971659e-02 
 3.319052e+01 -2.980312e-02 
 3.319092e+01 -2.986065e-02 
 3.319132e+01 -2.989038e-02 
 3.319172e+01 -2.989294e-02 
 3.319211e+01 -2.986764e-02 
 3.319251e+01 -2.981364e-02 
 3.319291e+01 -2.973594e-02 
 3.319331e+01 -2.963734e-02 
 3.319371e+01 -2.952167e-02 
 3.319410e+01 -2.938754e-02 
 3.319450e+01 -2.923070e-02 
 3.319490e+01 -2.904625e-02 
 3.319530e+01 -2.883081e-02 
 3.319569e+01 -2.858482e-02 
 3.319609e+01 -2.831082e-02 
 3.319649e+01 -2.801190e-02 
 3.319689e+01 -2.769286e-02 
 3.319728e+01 -2.735546e-02 
 3.319768e+01 -2.699992e-02 
 3.319808e+01 -2.662646e-02 
 3.319848e+01 -2.623405e-02 
 3.319888e+01 -2.582609e-02 
 3.319927e+01 -2.540837e-02 
 3.319967e+01 -2.498788e-02 
 3.320007e+01 -2.457122e-02 
 3.320047e+01 -2.415957e-02 
 3.320086e+01 -2.374995e-02 
 3.320126e+01 -2.333799e-02 
 3.320166e+01 -2.292311e-02 
 3.320206e+01 -2.250608e-02 
 3.320245e+01 -2.209016e-02 
 3.320285e+01 -2.168221e-02 
 3.320325e+01 -2.129015e-02 
 3.320365e+01 -2.092260e-02 
 3.320405e+01 -2.058641e-02 
 3.320444e+01 -2.028538e-02 
 3.320484e+01 -2.002250e-02 
 3.320524e+01 -1.980183e-02 
 3.320564e+01 -1.962826e-02 
 3.320603e+01 -1.950479e-02 
 3.320643e+01 -1.943140e-02 
 3.320683e+01 -1.940269e-02 
 3.320723e+01 -1.940881e-02 
 3.320762e+01 -1.944046e-02 
 3.320802e+01 -1.949078e-02 
 3.320842e+01 -1.955618e-02 
 3.320882e+01 -1.963645e-02 
 3.320922e+01 -1.973424e-02 
 3.320961e+01 -1.985351e-02 
 3.321001e+01 -1.999370e-02 
 3.321041e+01 -2.015209e-02 
 3.321081e+01 -2.032245e-02 
 3.321120e+01 -2.050017e-02 
 3.321160e+01 -2.068254e-02 
 3.321200e+01 -2.087228e-02 
 3.321240e+01 -2.107291e-02 
 3.321279e+01 -2.128707e-02 
 3.321319e+01 -2.151452e-02 
 3.321359e+01 -2.175086e-02 
 3.321399e+01 -2.199247e-02 
 3.321439e+01 -2.223677e-02 
 3.321478e+01 -2.248455e-02 
 3.321518e+01 -2.274053e-02 
 3.321558e+01 -2.301055e-02 
 3.321598e+01 -2.329930e-02 
 3.321637e+01 -2.360844e-02 
 3.321677e+01 -2.393751e-02 
 3.321717e+01 -2.428316e-02 
 3.321757e+01 -2.464417e-02 
 3.321796e+01 -2.502126e-02 
 3.321836e+01 -2.541914e-02 
 3.321876e+01 -2.583934e-02 
 3.321916e+01 -2.628374e-02 
 3.321956e+01 -2.674903e-02 
 3.321995e+01 -2.722749e-02 
 3.322035e+01 -2.771038e-02 
 3.322075e+01 -2.819080e-02 
 3.322115e+01 -2.866470e-02 
 3.322154e+01 -2.913409e-02 
 3.322194e+01 -2.960326e-02 
 3.322234e+01 -3.007929e-02 
 3.322274e+01 -3.056635e-02 
 3.322313e+01 -3.106579e-02 
 3.322353e+01 -3.157591e-02 
 3.322393e+01 -3.209508e-02 
 3.322433e+01 -3.262333e-02 
 3.322473e+01 -3.315977e-02 
 3.322512e+01 -3.370291e-02 
 3.322552e+01 -3.424869e-02 
 3.322592e+01 -3.478724e-02 
 3.322632e+01 -3.530750e-02 
 3.322671e+01 -3.579626e-02 
 3.322711e+01 -3.624358e-02 
 3.322751e+01 -3.664225e-02 
 3.322791e+01 -3.699126e-02 
 3.322830e+01 -3.729395e-02 
 3.322870e+01 -3.755154e-02 
 3.322910e+01 -3.776376e-02 
 3.322950e+01 -3.792749e-02 
 3.322990e+01 -3.803710e-02 
 3.323029e+01 -3.808983e-02 
 3.323069e+01 -3.808725e-02 
 3.323109e+01 -3.803337e-02 
 3.323149e+01 -3.793363e-02 
 3.323188e+01 -3.779281e-02 
 3.323228e+01 -3.761347e-02 
 3.323268e+01 -3.739597e-02 
 3.323308e+01 -3.714257e-02 
 3.323347e+01 -3.685199e-02 
 3.323387e+01 -3.652474e-02 
 3.323427e+01 -3.616277e-02 
 3.323467e+01 -3.576910e-02 
 3.323507e+01 -3.534787e-02 
 3.323546e+01 -3.489943e-02 
 3.323586e+01 -3.442263e-02 
 3.323626e+01 -3.391308e-02 
 3.323666e+01 -3.336912e-02 
 3.323705e+01 -3.279145e-02 
 3.323745e+01 -3.218247e-02 
 3.323785e+01 -3.154209e-02 
 3.323825e+01 -3.086930e-02 
 3.323864e+01 -3.016070e-02 
 3.323904e+01 -2.941106e-02 
 3.323944e+01 -2.861604e-02 
 3.323984e+01 -2.777064e-02 
 3.324024e+01 -2.687235e-02 
 3.324063e+01 -2.592416e-02 
 3.324103e+01 -2.493331e-02 
 3.324143e+01 -2.390924e-02 
 3.324183e+01 -2.285979e-02 
 3.324222e+01 -2.178973e-02 
 3.324262e+01 -2.070235e-02 
 3.324302e+01 -1.960169e-02 
 3.324342e+01 -1.849301e-02 
 3.324381e+01 -1.738062e-02 
 3.324421e+01 -1.627004e-02 
 3.324461e+01 -1.516278e-02 
 3.324501e+01 -1.405636e-02 
 3.324541e+01 -1.294728e-02 
 3.324580e+01 -1.183099e-02 
 3.324620e+01 -1.070279e-02 
 3.324660e+01 -9.561868e-03 
 3.324700e+01 -8.411168e-03 
 3.324739e+01 -7.257896e-03 
 3.324779e+01 -6.112550e-03 
 3.324819e+01 -4.983058e-03 
 3.324859e+01 -3.875219e-03 
 3.324899e+01 -2.791546e-03 
 3.324938e+01 -1.737426e-03 
 3.324978e+01 -7.181856e-04 
 3.325018e+01  2.590314e-04 
 3.325058e+01  1.185318e-03 
 3.325097e+01  2.054179e-03 
 3.325137e+01  2.860961e-03 
 3.325177e+01  3.604029e-03 
 3.325217e+01  4.284957e-03 
 3.325256e+01  4.907651e-03 
 3.325296e+01  5.473268e-03 
 3.325336e+01  5.981996e-03 
 3.325376e+01  6.431213e-03 
 3.325416e+01  6.818767e-03 
 3.325455e+01  7.146110e-03 
 3.325495e+01  7.416957e-03 
 3.325535e+01  7.636058e-03 
 3.325575e+01  7.807771e-03 
 3.325614e+01  7.935193e-03 
 3.325654e+01  8.018398e-03 
 3.325694e+01  8.057183e-03 
 3.325734e+01  8.052424e-03 
 3.325773e+01  8.007746e-03 
 3.325813e+01  7.930002e-03 
 3.325853e+01  7.828716e-03 
 3.325893e+01  7.710933e-03 
 3.325933e+01  7.580351e-03 
 3.325972e+01  7.435078e-03 
 3.326012e+01  7.268276e-03 
 3.326052e+01  7.071756e-03 
 3.326092e+01  6.838379e-03 
 3.326131e+01  6.564412e-03 
 3.326171e+01  6.248023e-03 
 3.326211e+01  5.888373e-03 
 3.326251e+01  5.485471e-03 
 3.326290e+01  5.039729e-03 
 3.326330e+01  4.551505e-03 
 3.326370e+01  4.022238e-03 
 3.326410e+01  3.455201e-03 
 3.326450e+01  2.856178e-03 
 3.326489e+01  2.234265e-03 
 3.326529e+01  1.597505e-03 
 3.326569e+01  9.516285e-04 
 3.326609e+01  2.984610e-04 
 3.326648e+01 -3.663069e-04 
 3.326688e+01 -1.046733e-03 
 3.326728e+01 -1.746013e-03 
 3.326768e+01 -2.464971e-03 
 3.326807e+01 -3.202943e-03 
 3.326847e+01 -3.957860e-03 
 3.326887e+01 -4.728484e-03 
 3.326927e+01 -5.514135e-03 
 3.326967e+01 -6.314334e-03 
 3.327006e+01 -7.130276e-03 
 3.327046e+01 -7.962488e-03 
 3.327086e+01 -8.806843e-03 
 3.327126e+01 -9.655930e-03 
 3.327165e+01 -1.049924e-02 
 3.327205e+01 -1.133029e-02 
 3.327245e+01 -1.214501e-02 
 3.327285e+01 -1.294366e-02 
 3.327324e+01 -1.372681e-02 
 3.327364e+01 -1.449521e-02 
 3.327404e+01 -1.524852e-02 
 3.327444e+01 -1.598456e-02 
 3.327484e+01 -1.669929e-02 
 3.327523e+01 -1.739014e-02 
 3.327563e+01 -1.805716e-02 
 3.327603e+01 -1.870152e-02 
 3.327643e+01 -1.932714e-02 
 3.327682e+01 -1.993546e-02 
 3.327722e+01 -2.052319e-02 
 3.327762e+01 -2.108446e-02 
 3.327802e+01 -2.161166e-02 
 3.327841e+01 -2.210168e-02 
 3.327881e+01 -2.255685e-02 
 3.327921e+01 -2.298376e-02 
 3.327961e+01 -2.339127e-02 
 3.328001e+01 -2.378670e-02 
 3.328040e+01 -2.417637e-02 
 3.328080e+01 -2.456220e-02 
 3.328120e+01 -2.494265e-02 
 3.328160e+01 -2.531561e-02 
 3.328199e+01 -2.567914e-02 
 3.328239e+01 -2.603491e-02 
 3.328279e+01 -2.638481e-02 
 3.328319e+01 -2.672869e-02 
 3.328358e+01 -2.706102e-02 
 3.328398e+01 -2.737240e-02 
 3.328438e+01 -2.765466e-02 
 3.328478e+01 -2.790204e-02 
 3.328518e+01 -2.811174e-02 
 3.328557e+01 -2.828515e-02 
 3.328597e+01 -2.842349e-02 
 3.328637e+01 -2.852917e-02 
 3.328677e+01 -2.860263e-02 
 3.328716e+01 -2.864360e-02 
 3.328756e+01 -2.864882e-02 
 3.328796e+01 -2.861589e-02 
 3.328836e+01 -2.854631e-02 
 3.328875e+01 -2.844377e-02 
 3.328915e+01 -2.831351e-02 
 3.328955e+01 -2.815872e-02 
 3.328995e+01 -2.797904e-02 
 3.329035e+01 -2.777089e-02 
 3.329074e+01 -2.752935e-02 
 3.329114e+01 -2.725284e-02 
 3.329154e+01 -2.694191e-02 
 3.329194e+01 -2.660087e-02 
 3.329233e+01 -2.623719e-02 
 3.329273e+01 -2.585864e-02 
 3.329313e+01 -2.547159e-02 
 3.329353e+01 -2.508285e-02 
 3.329392e+01 -2.469502e-02 
 3.329432e+01 -2.431147e-02 
 3.329472e+01 -2.393457e-02 
 3.329512e+01 -2.356787e-02 
 3.329552e+01 -2.321702e-02 
 3.329591e+01 -2.288250e-02 
 3.329631e+01 -2.256521e-02 
 3.329671e+01 -2.226034e-02 
 3.329711e+01 -2.196599e-02 
 3.329750e+01 -2.167999e-02 
 3.329790e+01 -2.140321e-02 
 3.329830e+01 -2.113798e-02 
 3.329870e+01 -2.089121e-02 
 3.329909e+01 -2.067071e-02 
 3.329949e+01 -2.048323e-02 
 3.329989e+01 -2.033372e-02 
 3.330029e+01 -2.022328e-02 
 3.330069e+01 -2.015203e-02 
 3.330108e+01 -2.011935e-02 
 3.330148e+01 -2.012587e-02 
 3.330188e+01 -2.017118e-02 
 3.330228e+01 -2.025520e-02 
 3.330267e+01 -2.037538e-02 
 3.330307e+01 -2.052693e-02 
 3.330347e+01 -2.070328e-02 
 3.330387e+01 -2.089751e-02 
 3.330426e+01 -2.110269e-02 
 3.330466e+01 -2.131576e-02 
 3.330506e+01 -2.153833e-02 
 3.330546e+01 -2.177327e-02 
 3.330586e+01 -2.202287e-02 
 3.330625e+01 -2.228797e-02 
 3.330665e+01 -2.256876e-02 
 3.330705e+01 -2.286494e-02 
 3.330745e+01 -2.317613e-02 
 3.330784e+01 -2.350578e-02 
 3.330824e+01 -2.385762e-02 
 3.330864e+01 -2.423468e-02 
 3.330904e+01 -2.463689e-02 
 3.330943e+01 -2.506176e-02 
 3.330983e+01 -2.550497e-02 
 3.331023e+01 -2.596191e-02 
 3.331063e+01 -2.643020e-02 
 3.331103e+01 -2.691133e-02 
 3.331142e+01 -2.741052e-02 
 3.331182e+01 -2.793243e-02 
 3.331222e+01 -2.848231e-02 
 3.331262e+01 -2.906117e-02 
 3.331301e+01 -2.966597e-02 
 3.331341e+01 -3.029094e-02 
 3.331381e+01 -3.092897e-02 
 3.331421e+01 -3.157391e-02 
 3.331460e+01 -3.222040e-02 
 3.331500e+01 -3.286264e-02 
 3.331540e+01 -3.349378e-02 
 3.331580e+01 -3.410646e-02 
 3.331620e+01 -3.469246e-02 
 3.331659e+01 -3.524448e-02 
 3.331699e+01 -3.575666e-02 
 3.331739e+01 -3.622729e-02 
 3.331779e+01 -3.665806e-02 
 3.331818e+01 -3.705461e-02 
 3.331858e+01 -3.741957e-02 
 3.331898e+01 -3.775628e-02 
 3.331938e+01 -3.806523e-02 
 3.331977e+01 -3.834468e-02 
 3.332017e+01 -3.859418e-02 
 3.332057e+01 -3.881257e-02 
 3.332097e+01 -3.900099e-02 
 3.332137e+01 -3.915851e-02 
 3.332176e+01 -3.928578e-02 
 3.332216e+01 -3.937872e-02 
 3.332256e+01 -3.943302e-02 
 3.332296e+01 -3.944243e-02 
 3.332335e+01 -3.940242e-02 
 3.332375e+01 -3.930913e-02 
 3.332415e+01 -3.916338e-02 
 3.332455e+01 -3.896905e-02 
 3.332494e+01 -3.873154e-02 
 3.332534e+01 -3.845573e-02 
 3.332574e+01 -3.814504e-02 
 3.332614e+01 -3.780236e-02 
 3.332654e+01 -3.743150e-02 
 3.332693e+01 -3.703812e-02 
 3.332733e+01 -3.662727e-02 
 3.332773e+01 -3.620358e-02 
 3.332813e+01 -3.577153e-02 
 3.332852e+01 -3.533165e-02 
 3.332892e+01 -3.488312e-02 
 3.332932e+01 -3.442254e-02 
 3.332972e+01 -3.394519e-02 
 3.333011e+01 -3.344872e-02 
 3.333051e+01 -3.293748e-02 
 3.333091e+01 -3.241656e-02 
 3.333131e+01 -3.188979e-02 
 3.333171e+01 -3.135819e-02 
 3.333210e+01 -3.081791e-02 
 3.333250e+01 -3.026315e-02 
 3.333290e+01 -2.968570e-02 
 3.333330e+01 -2.908078e-02 
 3.333369e+01 -2.844274e-02 
 3.333409e+01 -2.776883e-02 
 3.333449e+01 -2.706001e-02 
 3.333489e+01 -2.631637e-02 
 3.333528e+01 -2.553650e-02 
 3.333568e+01 -2.471712e-02 
 3.333608e+01 -2.385578e-02 
 3.333648e+01 -2.295499e-02 
 3.333688e+01 -2.202141e-02 
 3.333727e+01 -2.106434e-02 
 3.333767e+01 -2.009373e-02 
 3.333807e+01 -1.911764e-02 
 3.333847e+01 -1.813874e-02 
 3.333886e+01 -1.715914e-02 
 3.333926e+01 -1.618156e-02 
 3.333966e+01 -1.520844e-02 
 3.334006e+01 -1.424144e-02 
 3.334046e+01 -1.328575e-02 
 3.334085e+01 -1.234487e-02 
 3.334125e+01 -1.142045e-02 
 3.334165e+01 -1.050956e-02 
 3.334205e+01 -9.604994e-03 
 3.334244e+01 -8.700048e-03 
 3.334284e+01 -7.791554e-03 
 3.334324e+01 -6.882210e-03 
 3.334364e+01 -5.977545e-03 
 3.334403e+01 -5.084381e-03 
 3.334443e+01 -4.209271e-03 
 3.334483e+01 -3.355694e-03 
 3.334523e+01 -2.526887e-03 
 3.334563e+01 -1.724404e-03 
 3.334602e+01 -9.515348e-04 
 3.334642e+01 -2.112524e-04 
 3.334682e+01  4.914476e-04 
 3.334722e+01  1.153654e-03 
 3.334761e+01  1.775378e-03 
 3.334801e+01  2.361903e-03 
 3.334841e+01  2.919654e-03 
 3.334881e+01  3.452605e-03 
 3.334920e+01  3.962442e-03 
 3.334960e+01  4.448696e-03 
 3.335000e+01  4.907545e-03 
 3.335040e+01  5.335326e-03 
 3.335080e+01  5.728857e-03 
 3.335119e+01  6.089502e-03 
 3.335159e+01  6.418880e-03 
 3.335199e+01  6.720010e-03 
 3.335239e+01  6.996230e-03 
 3.335278e+01  7.246941e-03 
 3.335318e+01  7.469715e-03 
 3.335358e+01  7.662604e-03 
 3.335398e+01  7.824678e-03 
 3.335437e+01  7.954709e-03 
 3.335477e+01  8.053313e-03 
 3.335517e+01  8.119654e-03 
 3.335557e+01  8.151179e-03 
 3.335597e+01  8.142074e-03 
 3.335636e+01  8.086125e-03 
 3.335676e+01  7.977644e-03 
 3.335716e+01  7.810408e-03 
 3.335756e+01  7.582059e-03 
 3.335795e+01  7.290462e-03 
 3.335835e+01  6.938155e-03 
 3.335875e+01  6.528060e-03 
 3.335915e+01  6.061017e-03 
 3.335954e+01  5.538953e-03 
 3.335994e+01  4.964730e-03 
 3.336034e+01  4.341615e-03 
 3.336074e+01  3.678382e-03 
 3.336114e+01  2.985748e-03 
 3.336153e+01  2.274316e-03 
 3.336193e+01  1.552830e-03 
 3.336233e+01  8.256785e-04 
 3.336273e+01  9.591101e-05 
 3.336312e+01 -6.385088e-04 
 3.336352e+01 -1.380409e-03 
 3.336392e+01 -2.131632e-03 
 3.336432e+01 -2.891997e-03 
 3.336471e+01 -3.657548e-03 
 3.336511e+01 -4.425927e-03 
 3.336551e+01 -5.192183e-03 
 3.336591e+01 -5.954489e-03 
 3.336631e+01 -6.710158e-03 
 3.336670e+01 -7.456529e-03 
 3.336710e+01 -8.187277e-03 
 3.336750e+01 -8.896624e-03 
 3.336790e+01 -9.580136e-03 
 3.336829e+01 -1.023384e-02 
 3.336869e+01 -1.085794e-02 
 3.336909e+01 -1.145552e-02 
 3.336949e+01 -1.203038e-02 
 3.336988e+01 -1.258597e-02 
 3.337028e+01 -1.312439e-02 
 3.337068e+01 -1.364535e-02 
 3.337108e+01 -1.414628e-02 
 3.337148e+01 -1.462385e-02 
 3.337187e+01 -1.507743e-02 
 3.337227e+01 -1.550757e-02 
 3.337267e+01 -1.591765e-02 
 3.337307e+01 -1.631010e-02 
 3.337346e+01 -1.668602e-02 
 3.337386e+01 -1.704383e-02 
 3.337426e+01 -1.738423e-02 
 3.337466e+01 -1.770698e-02 
 3.337505e+01 -1.801307e-02 
 3.337545e+01 -1.830541e-02 
 3.337585e+01 -1.858663e-02 
 3.337625e+01 -1.886038e-02 
 3.337665e+01 -1.912856e-02 
 3.337704e+01 -1.938988e-02 
 3.337744e+01 -1.964212e-02 
 3.337784e+01 -1.988197e-02 
 3.337824e+01 -2.010966e-02 
 3.337863e+01 -2.032459e-02 
 3.337903e+01 -2.052755e-02 
 3.337943e+01 -2.071767e-02 
 3.337983e+01 -2.089111e-02 
 3.338022e+01 -2.104444e-02 
 3.338062e+01 -2.117206e-02 
 3.338102e+01 -2.126861e-02 
 3.338142e+01 -2.133214e-02 
 3.338182e+01 -2.136393e-02 
 3.338221e+01 -2.136650e-02 
 3.338261e+01 -2.134576e-02 
 3.338301e+01 -2.130695e-02 
 3.338341e+01 -2.125397e-02 
 3.338380e+01 -2.118794e-02 
 3.338420e+01 -2.111028e-02 
 3.338460e+01 -2.102288e-02 
 3.338500e+01 -2.092847e-02 
 3.338539e+01 -2.083030e-02 
 3.338579e+01 -2.073119e-02 
 3.338619e+01 -2.063238e-02 
 3.338659e+01 -2.053533e-02 
 3.338699e+01 -2.043919e-02 
 3.338738e+01 -2.034535e-02 
 3.338778e+01 -2.025471e-02 
 3.338818e+01 -2.017062e-02 
 3.338858e+01 -2.009852e-02 
 3.338897e+01 -2.004613e-02 
 3.338937e+01 -2.001871e-02 
 3.338977e+01 -2.001567e-02 
 3.339017e+01 -2.003567e-02 
 3.339056e+01 -2.007521e-02 
 3.339096e+01 -2.013125e-02 
 3.339136e+01 -2.020137e-02 
 3.339176e+01 -2.028585e-02 
 3.339216e+01 -2.038363e-02 
 3.339255e+01 -2.049464e-02 
 3.339295e+01 -2.061502e-02 
 3.339335e+01 -2.073960e-02 
 3.339375e+01 -2.086130e-02 
 3.339414e+01 -2.097527e-02 
 3.339454e+01 -2.107999e-02 
 3.339494e+01 -2.117843e-02 
 3.339534e+01 -2.127543e-02 
 3.339573e+01 -2.137629e-02 
 3.339613e+01 -2.148373e-02 
 3.339653e+01 -2.160030e-02 
 3.339693e+01 -2.172586e-02 
 3.339733e+01 -2.186008e-02 
 3.339772e+01 -2.200467e-02 
 3.339812e+01 -2.216070e-02 
 3.339852e+01 -2.232883e-02 
 3.339892e+01 -2.250628e-02 
 3.339931e+01 -2.269000e-02 
 3.339971e+01 -2.287368e-02 
 3.340011e+01 -2.305156e-02 
 3.340051e+01 -2.322311e-02 
 3.340090e+01 -2.339145e-02 
 3.340130e+01 -2.356250e-02 
 3.340170e+01 -2.374483e-02 
 3.340210e+01 -2.394558e-02 
 3.340250e+01 -2.416750e-02 
 3.340289e+01 -2.441231e-02 
 3.340329e+01 -2.467967e-02 
 3.340369e+01 -2.496977e-02 
 3.340409e+01 -2.528611e-02 
 3.340448e+01 -2.563093e-02 
 3.340488e+01 -2.600717e-02 
 3.340528e+01 -2.641713e-02 
 3.340568e+01 -2.686076e-02 
 3.340607e+01 -2.733389e-02 
 3.340647e+01 -2.783279e-02 
 3.340687e+01 -2.835305e-02 
 3.340727e+01 -2.889500e-02 
 3.340767e+01 -2.946112e-02 
 3.340806e+01 -3.005382e-02 
 3.340846e+01 -3.067455e-02 
 3.340886e+01 -3.132061e-02 
 3.340926e+01 -3.198523e-02 
 3.340965e+01 -3.265845e-02 
 3.341005e+01 -3.333355e-02 
 3.341045e+01 -3.400486e-02 
 3.341085e+01 -3.466786e-02 
 3.341124e+01 -3.532038e-02 
 3.341164e+01 -3.596020e-02 
 3.341204e+01 -3.658311e-02 
 3.341244e+01 -3.718054e-02 
 3.341284e+01 -3.774645e-02 
 3.341323e+01 -3.827472e-02 
 3.341363e+01 -3.876398e-02 
 3.341403e+01 -3.921917e-02 
 3.341443e+01 -3.964738e-02 
 3.341482e+01 -4.005466e-02 
 3.341522e+01 -4.044479e-02 
 3.341562e+01 -4.081933e-02 
 3.341602e+01 -4.117640e-02 
 3.341641e+01 -4.151370e-02 
 3.341681e+01 -4.182993e-02 
 3.341721e+01 -4.212327e-02 
 3.341761e+01 -4.239313e-02 
 3.341801e+01 -4.263861e-02 
 3.341840e+01 -4.285549e-02 
 3.341880e+01 -4.303813e-02 
 3.341920e+01 -4.317929e-02 
 3.341960e+01 -4.327357e-02 
 3.341999e+01 -4.332044e-02 
 3.342039e+01 -4.332266e-02 
 3.342079e+01 -4.328506e-02 
 3.342119e+01 -4.321144e-02 
 3.342158e+01 -4.310336e-02 
 3.342198e+01 -4.296051e-02 
 3.342238e+01 -4.278055e-02 
 3.342278e+01 -4.256248e-02 
 3.342318e+01 -4.230588e-02 
 3.342357e+01 -4.201255e-02 
 3.342397e+01 -4.168713e-02 
 3.342437e+01 -4.133335e-02 
 3.342477e+01 -4.095089e-02 
 3.342516e+01 -4.053685e-02 
 3.342556e+01 -4.008572e-02 
 3.342596e+01 -3.959119e-02 
 3.342636e+01 -3.905033e-02 
 3.342675e+01 -3.846365e-02 
 3.342715e+01 -3.783153e-02 
 3.342755e+01 -3.715643e-02 
 3.342795e+01 -3.643931e-02 
 3.342835e+01 -3.567879e-02 
 3.342874e+01 -3.487421e-02 
 3.342914e+01 -3.402505e-02 
 3.342954e+01 -3.313280e-02 
 3.342994e+01 -3.220088e-02 
 3.343033e+01 -3.123499e-02 
 3.343073e+01 -3.023962e-02 
 3.343113e+01 -2.921671e-02 
 3.343153e+01 -2.816557e-02 
 3.343193e+01 -2.708512e-02 
 3.343232e+01 -2.597643e-02 
 3.343272e+01 -2.484540e-02 
 3.343312e+01 -2.370271e-02 
 3.343352e+01 -2.255945e-02 
 3.343391e+01 -2.142752e-02 
 3.343431e+01 -2.031725e-02 
 3.343471e+01 -1.923422e-02 
 3.343511e+01 -1.818106e-02 
 3.343550e+01 -1.715888e-02 
 3.343590e+01 -1.616494e-02 
 3.343630e+01 -1.520046e-02 
 3.343670e+01 -1.426634e-02 
 3.343710e+01 -1.336212e-02 
 3.343749e+01 -1.248332e-02 
 3.343789e+01 -1.162280e-02 
 3.343829e+01 -1.077383e-02 
 3.343869e+01 -9.931483e-03 
 3.343908e+01 -9.095551e-03 
 3.343948e+01 -8.267818e-03 
 3.343988e+01 -7.453221e-03 
 3.344028e+01 -6.658182e-03 
 3.344067e+01 -5.887752e-03 
 3.344107e+01 -5.143172e-03 
 3.344147e+01 -4.425050e-03 
 3.344187e+01 -3.732413e-03 
 3.344227e+01 -3.064620e-03 
 3.344266e+01 -2.422243e-03 
 3.344306e+01 -1.809479e-03 
 3.344346e+01 -1.227551e-03 
 3.344386e+01 -6.751443e-04 
 3.344425e+01 -1.491945e-04 
 3.344465e+01  3.554292e-04 
 3.344505e+01  8.451843e-04 
 3.344545e+01  1.323639e-03 
 3.344584e+01  1.791322e-03 
 3.344624e+01  2.248038e-03 
 3.344664e+01  2.690704e-03 
 3.344704e+01  3.115231e-03 
 3.344744e+01  3.518896e-03 
 3.344783e+01  3.897325e-03 
 3.344823e+01  4.249697e-03 
 3.344863e+01  4.574646e-03 
 3.344903e+01  4.867689e-03 
 3.344942e+01  5.125326e-03 
 3.344982e+01  5.344577e-03 
 3.345022e+01  5.525862e-03 
 3.345062e+01  5.670571e-03 
 3.345101e+01  5.782041e-03 
 3.345141e+01  5.863015e-03 
 3.345181e+01  5.912239e-03 
 3.345221e+01  5.926249e-03 
 3.345261e+01  5.900380e-03 
 3.345300e+01  5.827517e-03 
 3.345340e+01  5.703064e-03 
 3.345380e+01  5.525005e-03 
 3.345420e+01  5.295681e-03 
 3.345459e+01  5.019706e-03 
 3.345499e+01  4.704028e-03 
 3.345539e+01  4.353005e-03 
 3.345579e+01  3.970354e-03 
 3.345618e+01  3.561298e-03 
 3.345658e+01  3.129977e-03 
 3.345698e+01  2.682840e-03 
 3.345738e+01  2.227490e-03 
 3.345778e+01  1.768850e-03 
 3.345817e+01  1.311213e-03 
 3.345857e+01  8.549810e-04 
 3.345897e+01  3.972072e-04 
 3.345937e+01 -6.761253e-05 
 3.345976e+01 -5.445291e-04 
 3.346016e+01 -1.035422e-03 
 3.346056e+01 -1.542265e-03 
 3.346096e+01 -2.062529e-03 
 3.346135e+01 -2.594161e-03 
 3.346175e+01 -3.138327e-03 
 3.346215e+01 -3.695895e-03 
 3.346255e+01 -4.268064e-03 
 3.346295e+01 -4.855479e-03 
 3.346334e+01 -5.455646e-03 
 3.346374e+01 -6.063604e-03 
 3.346414e+01 -6.671882e-03 
 3.346454e+01 -7.275930e-03 
 3.346493e+01 -7.872587e-03 
 3.346533e+01 -8.462089e-03 
 3.346573e+01 -9.047825e-03 
 3.346613e+01 -9.632211e-03 
 3.346652e+01 -1.021758e-02 
 3.346692e+01 -1.080267e-02 
 3.346732e+01 -1.138439e-02 
 3.346772e+01 -1.196116e-02 
 3.346812e+01 -1.253230e-02 
 3.346851e+01 -1.309701e-02 
 3.346891e+01 -1.365436e-02 
 3.346931e+01 -1.420128e-02 
 3.346971e+01 -1.473345e-02 
 3.347010e+01 -1.524317e-02 
 3.347050e+01 -1.572522e-02 
 3.347090e+01 -1.617422e-02 
 3.347130e+01 -1.658916e-02 
 3.347169e+01 -1.697211e-02 
 3.347209e+01 -1.732641e-02 
 3.347249e+01 -1.765518e-02 
 3.347289e+01 -1.796047e-02 
 3.347329e+01 -1.823989e-02 
 3.347368e+01 -1.848939e-02 
 3.347408e+01 -1.870436e-02 
 3.347448e+01 -1.888308e-02 
 3.347488e+01 -1.902402e-02 
 3.347527e+01 -1.912631e-02 
 3.347567e+01 -1.919047e-02 
 3.347607e+01 -1.921444e-02 
 3.347647e+01 -1.919587e-02 
 3.347686e+01 -1.913316e-02 
 3.347726e+01 -1.902422e-02 
 3.347766e+01 -1.887124e-02 
 3.347806e+01 -1.868135e-02 
 3.347846e+01 -1.846190e-02 
 3.347885e+01 -1.822129e-02 
 3.347925e+01 -1.796595e-02 
 3.347965e+01 -1.769838e-02 
 3.348005e+01 -1.742066e-02 
 3.348044e+01 -1.713746e-02 
 3.348084e+01 -1.685446e-02 
 3.348124e+01 -1.657787e-02 
 3.348164e+01 -1.631416e-02 
 3.348203e+01 -1.606632e-02 
 3.348243e+01 -1.583422e-02 
 3.348283e+01 -1.561312e-02 
 3.348323e+01 -1.539873e-02 
 3.348363e+01 -1.518676e-02 
 3.348402e+01 -1.497804e-02 
 3.348442e+01 -1.477732e-02 
 3.348482e+01 -1.459110e-02 
 3.348522e+01 -1.442611e-02 
 3.348561e+01 -1.428689e-02 
 3.348601e+01 -1.417246e-02 
 3.348641e+01 -1.408301e-02 
 3.348681e+01 -1.401629e-02 
 3.348720e+01 -1.397228e-02 
 3.348760e+01 -1.395046e-02 
 3.348800e+01 -1.395169e-02 
 3.348840e+01 -1.397386e-02 
 3.348880e+01 -1.401282e-02 
 3.348919e+01 -1.406318e-02 
 3.348959e+01 -1.411938e-02 
 3.348999e+01 -1.417747e-02 
 3.349039e+01 -1.424076e-02 
 3.349078e+01 -1.431387e-02 
 3.349118e+01 -1.440576e-02 
 3.349158e+01 -1.452638e-02 
 3.349198e+01 -1.468102e-02 
 3.349237e+01 -1.487197e-02 
 3.349277e+01 -1.509973e-02 
 3.349317e+01 -1.536373e-02 
 3.349357e+01 -1.566352e-02 
 3.349397e+01 -1.599991e-02 
 3.349436e+01 -1.637278e-02 
 3.349476e+01 -1.677931e-02 
 3.349516e+01 -1.721570e-02 
 3.349556e+01 -1.767533e-02 
 3.349595e+01 -1.815236e-02 
 3.349635e+01 -1.864211e-02 
 3.349675e+01 -1.914526e-02 
 3.349715e+01 -1.966661e-02 
 3.349754e+01 -2.021048e-02 
 3.349794e+01 -2.078166e-02 
 3.349834e+01 -2.137964e-02 
 3.349874e+01 -2.200295e-02 
 3.349914e+01 -2.265025e-02 
 3.349953e+01 -2.331855e-02 
 3.349993e+01 -2.400855e-02 
 3.350033e+01 -2.472088e-02 
 3.350073e+01 -2.545549e-02 
 3.350112e+01 -2.620967e-02 
 3.350152e+01 -2.697819e-02 
 3.350192e+01 -2.775445e-02 
 3.350232e+01 -2.852845e-02 
 3.350271e+01 -2.929529e-02 
 3.350311e+01 -3.005179e-02 
 3.350351e+01 -3.079847e-02 
 3.350391e+01 -3.153789e-02 
 3.350431e+01 -3.227195e-02 
 3.350470e+01 -3.300023e-02 
 3.350510e+01 -3.371965e-02 
 3.350550e+01 -3.442717e-02 
 3.350590e+01 -3.511842e-02 
 3.350629e+01 -3.579021e-02 
 3.350669e+01 -3.644016e-02 
 3.350709e+01 -3.706596e-02 
 3.350749e+01 -3.766330e-02 
 3.350788e+01 -3.822962e-02 
 3.350828e+01 -3.876193e-02 
 3.350868e+01 -3.925814e-02 
 3.350908e+01 -3.972068e-02 
 3.350948e+01 -4.015319e-02 
 3.350987e+01 -4.056313e-02 
 3.351027e+01 -4.095884e-02 
 3.351067e+01 -4.134642e-02 
 3.351107e+01 -4.172902e-02 
 3.351146e+01 -4.210727e-02 
 3.351186e+01 -4.248031e-02 
 3.351226e+01 -4.284590e-02 
 3.351266e+01 -4.320322e-02 
 3.351305e+01 -4.355021e-02 
 3.351345e+01 -4.388450e-02 
 3.351385e+01 -4.420202e-02 
 3.351425e+01 -4.449717e-02 
 3.351465e+01 -4.476207e-02 
 3.351504e+01 -4.498829e-02 
 3.351544e+01 -4.517022e-02 
 3.351584e+01 -4.530424e-02 
 3.351624e+01 -4.538961e-02 
 3.351663e+01 -4.542892e-02 
 3.351703e+01 -4.542417e-02 
 3.351743e+01 -4.537752e-02 
 3.351783e+01 -4.529035e-02 
 3.351822e+01 -4.516465e-02 
 3.351862e+01 -4.499985e-02 
 3.351902e+01 -4.479711e-02 
 3.351942e+01 -4.455736e-02 
 3.351982e+01 -4.427854e-02 
 3.352021e+01 -4.395825e-02 
 3.352061e+01 -4.359332e-02 
 3.352101e+01 -4.317801e-02 
 3.352141e+01 -4.270742e-02 
 3.352180e+01 -4.218036e-02 
 3.352220e+01 -4.159624e-02 
 3.352260e+01 -4.095690e-02 
 3.352300e+01 -4.026796e-02 
 3.352340e+01 -3.953244e-02 
 3.352379e+01 -3.875430e-02 
 3.352419e+01 -3.793617e-02 
 3.352459e+01 -3.707904e-02 
 3.352499e+01 -3.618454e-02 
 3.352538e+01 -3.525324e-02 
 3.352578e+01 -3.428771e-02 
 3.352618e+01 -3.328814e-02 
 3.352658e+01 -3.225556e-02 
 3.352697e+01 -3.119010e-02 
 3.352737e+01 -3.009093e-02 
 3.352777e+01 -2.896035e-02 
 3.352817e+01 -2.780155e-02 
 3.352857e+01 -2.662110e-02 
 3.352896e+01 -2.542756e-02 
 3.352936e+01 -2.423135e-02 
 3.352976e+01 -2.303923e-02 
 3.353016e+01 -2.185645e-02 
 3.353055e+01 -2.068722e-02 
 3.353095e+01 -1.953017e-02 
 3.353135e+01 -1.838436e-02 
 3.353175e+01 -1.725054e-02 
 3.353214e+01 -1.612712e-02 
 3.353254e+01 -1.501400e-02 
 3.353294e+01 -1.391077e-02 
 3.353334e+01 -1.281335e-02 
 3.353374e+01 -1.171679e-02 
 3.353413e+01 -1.061605e-02 
 3.353453e+01 -9.508241e-03 
 3.353493e+01 -8.393063e-03 
 3.353533e+01 -7.274997e-03 
 3.353572e+01 -6.160671e-03 
 3.353612e+01 -5.058128e-03 
 3.353652e+01 -3.976438e-03 
 3.353692e+01 -2.924486e-03 
 3.353731e+01 -1.909655e-03 
 3.353771e+01 -9.384932e-04 
 3.353811e+01 -1.727649e-05 
 3.353851e+01  8.521559e-04 
 3.353891e+01  1.667098e-03 
 3.353930e+01  2.427650e-03 
 3.353970e+01  3.138801e-03 
 3.354010e+01  3.803710e-03 
 3.354050e+01  4.427360e-03 
 3.354089e+01  5.010649e-03 
 3.354129e+01  5.551674e-03 
 3.354169e+01  6.044957e-03 
 3.354209e+01  6.484608e-03 
 3.354248e+01  6.865354e-03 
 3.354288e+01  7.183345e-03 
 3.354328e+01  7.438442e-03 
 3.354368e+01  7.632446e-03 
 3.354408e+01  7.766811e-03 
 3.354447e+01  7.842636e-03 
 3.354487e+01  7.863495e-03 
 3.354527e+01  7.828423e-03 
 3.354567e+01  7.739286e-03 
 3.354606e+01  7.599824e-03 
 3.354646e+01  7.414824e-03 
 3.354686e+01  7.188644e-03 
 3.354726e+01  6.925209e-03 
 3.354765e+01  6.624902e-03 
 3.354805e+01  6.285864e-03 
 3.354845e+01  5.905995e-03 
 3.354885e+01  5.484904e-03 
 3.354925e+01  5.024799e-03 
 3.354964e+01  4.529622e-03 
 3.355004e+01  4.005289e-03 
 3.355044e+01  3.457555e-03 
 3.355084e+01  2.893498e-03 
 3.355123e+01  2.316439e-03 
 3.355163e+01  1.728769e-03 
 3.355203e+01  1.133280e-03 
 3.355243e+01  5.377056e-04 
 3.355282e+01 -5.173470e-05 
 3.355322e+01 -6.279396e-04 
 3.355362e+01 -1.185545e-03 
 3.355402e+01 -1.725058e-03 
 3.355442e+01 -2.250283e-03 
 3.355481e+01 -2.765811e-03 
 3.355521e+01 -3.278200e-03 
 3.355561e+01 -3.793286e-03 
 3.355601e+01 -4.314233e-03 
 3.355640e+01 -4.841975e-03 
 3.355680e+01 -5.377548e-03 
 3.355720e+01 -5.920915e-03 
 3.355760e+01 -6.473324e-03 
 3.355799e+01 -7.035471e-03 
 3.355839e+01 -7.604847e-03 
 3.355879e+01 -8.174729e-03 
 3.355919e+01 -8.736364e-03 
 3.355959e+01 -9.280745e-03 
 3.355998e+01 -9.801270e-03 
 3.356038e+01 -1.029747e-02 
 3.356078e+01 -1.077239e-02 
 3.356118e+01 -1.123093e-02 
 3.356157e+01 -1.167781e-02 
 3.356197e+01 -1.211485e-02 
 3.356237e+01 -1.253892e-02 
 3.356277e+01 -1.294612e-02 
 3.356316e+01 -1.333218e-02 
 3.356356e+01 -1.369557e-02 
 3.356396e+01 -1.403679e-02 
 3.356436e+01 -1.435710e-02 
 3.356476e+01 -1.465512e-02 
 3.356515e+01 -1.492812e-02 
 3.356555e+01 -1.517229e-02 
 3.356595e+01 -1.538303e-02 
 3.356635e+01 -1.555971e-02 
 3.356674e+01 -1.570464e-02 
 3.356714e+01 -1.582243e-02 
 3.356754e+01 -1.591762e-02 
 3.356794e+01 -1.599375e-02 
 3.356833e+01 -1.605083e-02 
 3.356873e+01 -1.608772e-02 
 3.356913e+01 -1.610397e-02 
 3.356953e+01 -1.610060e-02 
 3.356993e+01 -1.608049e-02 
 3.357032e+01 -1.604935e-02 
 3.357072e+01 -1.601090e-02 
 3.357112e+01 -1.596572e-02 
 3.357152e+01 -1.591105e-02 
 3.357191e+01 -1.584209e-02 
 3.357231e+01 -1.575312e-02 
 3.357271e+01 -1.564337e-02 
 3.357311e+01 -1.551526e-02 
 3.357350e+01 -1.537386e-02 
 3.357390e+01 -1.522669e-02 
 3.357430e+01 -1.508182e-02 
 3.357470e+01 -1.494459e-02 
 3.357510e+01 -1.481777e-02 
 3.357549e+01 -1.470206e-02 
 3.357589e+01 -1.459718e-02 
 3.357629e+01 -1.450343e-02 
 3.357669e+01 -1.442335e-02 
 3.357708e+01 -1.435756e-02 
 3.357748e+01 -1.430388e-02 
 3.357788e+01 -1.425826e-02 
 3.357828e+01 -1.421546e-02 
 3.357867e+01 -1.416994e-02 
 3.357907e+01 -1.411832e-02 
 3.357947e+01 -1.406023e-02 
 3.357987e+01 -1.399922e-02 
 3.358027e+01 -1.394139e-02 
 3.358066e+01 -1.389197e-02 
 3.358106e+01 -1.385469e-02 
 3.358146e+01 -1.383098e-02 
 3.358186e+01 -1.382038e-02 
 3.358225e+01 -1.382213e-02 
 3.358265e+01 -1.383606e-02 
 3.358305e+01 -1.386516e-02 
 3.358345e+01 -1.391062e-02 
 3.358384e+01 -1.397467e-02 
 3.358424e+01 -1.405875e-02 
 3.358464e+01 -1.416203e-02 
 3.358504e+01 -1.428479e-02 
 3.358544e+01 -1.442895e-02 
 3.358583e+01 -1.459760e-02 
 3.358623e+01 -1.479649e-02 
 3.358663e+01 -1.503301e-02 
 3.358703e+01 -1.531246e-02 
 3.358742e+01 -1.563975e-02 
 3.358782e+01 -1.601757e-02 
 3.358822e+01 -1.644706e-02 
 3.358862e+01 -1.692918e-02 
 3.358901e+01 -1.746624e-02 
 3.358941e+01 -1.806134e-02 
 3.358981e+01 -1.871578e-02 
 3.359021e+01 -1.942908e-02 
 3.359061e+01 -2.019595e-02 
 3.359100e+01 -2.100949e-02 
 3.359140e+01 -2.186271e-02 
 3.359180e+01 -2.274967e-02 
 3.359220e+01 -2.366773e-02 
 3.359259e+01 -2.461848e-02 
 3.359299e+01 -2.560456e-02 
 3.359339e+01 -2.662801e-02 
 3.359379e+01 -2.769080e-02 
 3.359418e+01 -2.879045e-02 
 3.359458e+01 -2.992259e-02 
 3.359498e+01 -3.108193e-02 
 3.359538e+01 -3.226471e-02 
 3.359578e+01 -3.346966e-02 
 3.359617e+01 -3.469312e-02 
 3.359657e+01 -3.593101e-02 
 3.359697e+01 -3.717953e-02 
 3.359737e+01 -3.843279e-02 
 3.359776e+01 -3.968543e-02 
 3.359816e+01 -4.093390e-02 
 3.359856e+01 -4.217596e-02 
 3.359896e+01 -4.341409e-02 
 3.359935e+01 -4.465154e-02 
 3.359975e+01 -4.588727e-02 
 3.360015e+01 -4.712151e-02 
 3.360055e+01 -4.835037e-02 
 3.360095e+01 -4.956890e-02 
 3.360134e+01 -5.077236e-02 
 3.360174e+01 -5.195548e-02 
 3.360214e+01 -5.311871e-02 
 3.360254e+01 -5.426262e-02 
 3.360293e+01 -5.538709e-02 
 3.360333e+01 -5.649158e-02 
 3.360373e+01 -5.757248e-02 
 3.360413e+01 -5.862679e-02 
 3.360452e+01 -5.965010e-02 
 3.360492e+01 -6.063707e-02 
 3.360532e+01 -6.158869e-02 
 3.360572e+01 -6.250836e-02 
 3.360612e+01 -6.339826e-02 
 3.360651e+01 -6.426179e-02 
 3.360691e+01 -6.509897e-02 
 3.360731e+01 -6.591008e-02 
 3.360771e+01 -6.669243e-02 
 3.360810e+01 -6.744199e-02 
 3.360850e+01 -6.815510e-02 
 3.360890e+01 -6.882875e-02 
 3.360930e+01 -6.945825e-02 
 3.360969e+01 -7.003559e-02 
 3.361009e+01 -7.055233e-02 
 3.361049e+01 -7.100143e-02 
 3.361089e+01 -7.137530e-02 
 3.361129e+01 -7.167014e-02 
 3.361168e+01 -7.188583e-02 
 3.361208e+01 -7.203030e-02 
 3.361248e+01 -7.211267e-02 
 3.361288e+01 -7.213906e-02 
 3.361327e+01 -7.211582e-02 
 3.361367e+01 -7.204484e-02 
 3.361407e+01 -7.192771e-02 
 3.361447e+01 -7.176576e-02 
 3.361487e+01 -7.156032e-02 
 3.361526e+01 -7.131610e-02 
 3.361566e+01 -7.103728e-02 
 3.361606e+01 -7.072797e-02 
 3.361646e+01 -7.038893e-02 
 3.361685e+01 -7.002105e-02 
 3.361725e+01 -6.962616e-02 
 3.361765e+01 -6.920533e-02 
 3.361805e+01 -6.876728e-02 
 3.361844e+01 -6.831837e-02 
 3.361884e+01 -6.786605e-02 
 3.361924e+01 -6.741524e-02 
 3.361964e+01 -6.696105e-02 
 3.362004e+01 -6.650075e-02 
 3.362043e+01 -6.603277e-02 
 3.362083e+01 -6.555587e-02 
 3.362123e+01 -6.507596e-02 
 3.362163e+01 -6.460081e-02 
 3.362202e+01 -6.413669e-02 
 3.362242e+01 -6.368633e-02 
 3.362282e+01 -6.324907e-02 
 3.362322e+01 -6.282223e-02 
 3.362361e+01 -6.240021e-02 
 3.362401e+01 -6.198164e-02 
 3.362441e+01 -6.156403e-02 
 3.362481e+01 -6.115512e-02 
 3.362521e+01 -6.076133e-02 
 3.362560e+01 -6.038918e-02 
 3.362600e+01 -6.004089e-02 
 3.362640e+01 -5.971509e-02 
 3.362680e+01 -5.940926e-02 
 3.362719e+01 -5.911781e-02 
 3.362759e+01 -5.883779e-02 
 3.362799e+01 -5.856719e-02 
 3.362839e+01 -5.830556e-02 
 3.362878e+01 -5.804975e-02 
 3.362918e+01 -5.779323e-02 
 3.362958e+01 -5.752979e-02 
 3.362998e+01 -5.725827e-02 
 3.363038e+01 -5.698018e-02 
 3.363077e+01 -5.669947e-02 
 3.363117e+01 -5.642531e-02 
 3.363157e+01 -5.616803e-02 
 3.363197e+01 -5.593430e-02 
 3.363236e+01 -5.572458e-02 
 3.363276e+01 -5.554221e-02 
 3.363316e+01 -5.538798e-02 
 3.363356e+01 -5.526436e-02 
 3.363395e+01 -5.517536e-02 
 3.363435e+01 -5.512310e-02 
 3.363475e+01 -5.511414e-02 
 3.363515e+01 -5.514824e-02 
 3.363555e+01 -5.522614e-02 
 3.363594e+01 -5.534524e-02 
 3.363634e+01 -5.549902e-02 
 3.363674e+01 -5.568386e-02 
 3.363714e+01 -5.589243e-02 
 3.363753e+01 -5.612132e-02 
 3.363793e+01 -5.636930e-02 
 3.363833e+01 -5.663147e-02 
 3.363873e+01 -5.690583e-02 
 3.363912e+01 -5.718830e-02 
 3.363952e+01 -5.747610e-02 
 3.363992e+01 -5.777130e-02 
 3.364032e+01 -5.807446e-02 
 3.364072e+01 -5.838958e-02 
 3.364111e+01 -5.871871e-02 
 3.364151e+01 -5.906221e-02 
 3.364191e+01 -5.941443e-02 
 3.364231e+01 -5.976470e-02 
 3.364270e+01 -6.010169e-02 
 3.364310e+01 -6.041541e-02 
 3.364350e+01 -6.070334e-02 
 3.364390e+01 -6.096743e-02 
 3.364429e+01 -6.121453e-02 
 3.364469e+01 -6.145028e-02 
 3.364509e+01 -6.167797e-02 
 3.364549e+01 -6.189769e-02 
 3.364589e+01 -6.210723e-02 
 3.364628e+01 -6.230346e-02 
 3.364668e+01 -6.248213e-02 
 3.364708e+01 -6.263679e-02 
 3.364748e+01 -6.276190e-02 
 3.364787e+01 -6.285171e-02 
 3.364827e+01 -6.289764e-02 
 3.364867e+01 -6.289270e-02 
 3.364907e+01 -6.283538e-02 
 3.364946e+01 -6.272878e-02 
 3.364986e+01 -6.257988e-02 
 3.365026e+01 -6.239427e-02 
 3.365066e+01 -6.217996e-02 
 3.365106e+01 -6.193578e-02 
 3.365145e+01 -6.166372e-02 
 3.365185e+01 -6.135971e-02 
 3.365225e+01 -6.101943e-02 
 3.365265e+01 -6.063458e-02 
 3.365304e+01 -6.019711e-02 
 3.365344e+01 -5.970119e-02 
 3.365384e+01 -5.914798e-02 
 3.365424e+01 -5.853905e-02 
 3.365463e+01 -5.787384e-02 
 3.365503e+01 -5.715096e-02 
 3.365543e+01 -5.636052e-02 
 3.365583e+01 -5.549523e-02 
 3.365623e+01 -5.454390e-02 
 3.365662e+01 -5.350191e-02 
 3.365702e+01 -5.236271e-02 
 3.365742e+01 -5.112367e-02 
 3.365782e+01 -4.978293e-02 
 3.365821e+01 -4.833974e-02 
 3.365861e+01 -4.679871e-02 
 3.365901e+01 -4.516389e-02 
 3.365941e+01 -4.344319e-02 
 3.365980e+01 -4.164513e-02 
 3.366020e+01 -3.977505e-02 
 3.366060e+01 -3.783560e-02 
 3.366100e+01 -3.582705e-02 
 3.366140e+01 -3.374733e-02 
 3.366179e+01 -3.159680e-02 
 3.366219e+01 -2.937527e-02 
 3.366259e+01 -2.708540e-02 
 3.366299e+01 -2.473037e-02 
 3.366338e+01 -2.231429e-02 
 3.366378e+01 -1.984749e-02 
 3.366418e+01 -1.733976e-02 
 3.366458e+01 -1.480431e-02 
 3.366497e+01 -1.224804e-02 
 3.366537e+01 -9.675954e-03 
 3.366577e+01 -7.088430e-03 
 3.366617e+01 -4.486517e-03 
 3.366657e+01 -1.872121e-03 
 3.366696e+01  7.497782e-04 
 3.366736e+01  3.374245e-03 
 3.366776e+01  5.998375e-03 
 3.366816e+01  8.619982e-03 
 3.366855e+01  1.123678e-02 
 3.366895e+01  1.384487e-02 
 3.366935e+01  1.643788e-02 
 3.366975e+01  1.900934e-02 
 3.367014e+01  2.155220e-02 
 3.367054e+01  2.406000e-02 
 3.367094e+01  2.653379e-02 
 3.367134e+01  2.897566e-02 
 3.367174e+01  3.138677e-02 
 3.367213e+01  3.377006e-02 
 3.367253e+01  3.612132e-02 
 3.367293e+01  3.843388e-02 
 3.367333e+01  4.069912e-02 
 3.367372e+01  4.291247e-02 
 3.367412e+01  4.506871e-02 
 3.367452e+01  4.716723e-02 
 3.367492e+01  4.921005e-02 
 3.367531e+01  5.120207e-02 
 3.367571e+01  5.314638e-02 
 3.367611e+01  5.504813e-02 
 3.367651e+01  5.690695e-02 
 3.367691e+01  5.871446e-02 
 3.367730e+01  6.046413e-02 
 3.367770e+01  6.214572e-02 
 3.367810e+01  6.375067e-02 
 3.367850e+01  6.527072e-02 
 3.367889e+01  6.669916e-02 
 3.367929e+01  6.803278e-02 
 3.367969e+01  6.926746e-02 
 3.368009e+01  7.040429e-02 
 3.368048e+01  7.144633e-02 
 3.368088e+01  7.240074e-02 
 3.368128e+01  7.327096e-02 
 3.368168e+01  7.406301e-02 
 3.368208e+01  7.477519e-02 
 3.368247e+01  7.540511e-02 
 3.368287e+01  7.594540e-02 
 3.368327e+01  7.638623e-02 
 3.368367e+01  7.672418e-02 
 3.368406e+01  7.695733e-02 
 3.368446e+01  7.708842e-02 
 3.368486e+01  7.712409e-02 
 3.368526e+01  7.706869e-02 
 3.368565e+01  7.693089e-02 
 3.368605e+01  7.671590e-02 
 3.368645e+01  7.643000e-02 
 3.368685e+01  7.607886e-02 
 3.368725e+01  7.566553e-02 
 3.368764e+01  7.519479e-02 
 3.368804e+01  7.466956e-02 
 3.368844e+01  7.408956e-02 
 3.368884e+01  7.345705e-02 
 3.368923e+01  7.277255e-02 
 3.368963e+01  7.203619e-02 
 3.369003e+01  7.124932e-02 
 3.369043e+01  7.041044e-02 
 3.369082e+01  6.952616e-02 
 3.369122e+01  6.859676e-02 
 3.369162e+01  6.762276e-02 
 3.369202e+01  6.660000e-02 
 3.369242e+01  6.552454e-02 
 3.369281e+01  6.438894e-02 
 3.369321e+01  6.318871e-02 
 3.369361e+01  6.192372e-02 
 3.369401e+01  6.059977e-02 
 3.369440e+01  5.922670e-02 
 3.369480e+01  5.781360e-02 
 3.369520e+01  5.636581e-02 
 3.369560e+01  5.488203e-02 
 3.369599e+01  5.336011e-02 
 3.369639e+01  5.179647e-02 
 3.369679e+01  5.018707e-02 
 3.369719e+01  4.852891e-02 
 3.369759e+01  4.682169e-02 
 3.369798e+01  4.506073e-02 
 3.369838e+01  4.324853e-02 
 3.369878e+01  4.138859e-02 
 3.369918e+01  3.948530e-02 
 3.369957e+01  3.755146e-02 
 3.369997e+01  3.560033e-02 
 3.370037e+01  3.363869e-02 
 3.370077e+01  3.167444e-02 
 3.370116e+01  2.971285e-02 
 3.370156e+01  2.775314e-02 
 3.370196e+01  2.579536e-02 
 3.370236e+01  2.383197e-02 
 3.370276e+01  2.186239e-02 
 3.370315e+01  1.988735e-02 
 3.370355e+01  1.791031e-02 
 3.370395e+01  1.593852e-02 
 3.370435e+01  1.398016e-02 
 3.370474e+01  1.204664e-02 
 3.370514e+01  1.014340e-02 
 3.370554e+01  8.275240e-03 
 3.370594e+01  6.442414e-03 
 3.370634e+01  4.645456e-03 
 3.370673e+01  2.883059e-03 
 3.370713e+01  1.156461e-03 
 3.370753e+01 -5.324591e-04 
 3.370793e+01 -2.184804e-03 
 3.370832e+01 -3.801896e-03 
 3.370872e+01 -5.386557e-03 
 3.370912e+01 -6.944671e-03 
 3.370952e+01 -8.475270e-03 
 3.370991e+01 -9.981157e-03 
 3.371031e+01 -1.146742e-02 
 3.371071e+01 -1.294171e-02 
 3.371111e+01 -1.441378e-02 
 3.371151e+01 -1.589452e-02 
 3.371190e+01 -1.738909e-02 
 3.371230e+01 -1.890496e-02 
 3.371270e+01 -2.044025e-02 
 3.371310e+01 -2.199190e-02 
 3.371349e+01 -2.354888e-02 
 3.371389e+01 -2.510669e-02 
 3.371429e+01 -2.666051e-02 
 3.371469e+01 -2.820478e-02 
 3.371508e+01 -2.974085e-02 
 3.371548e+01 -3.127377e-02 
 3.371588e+01 -3.280514e-02 
 3.371628e+01 -3.433985e-02 
 3.371668e+01 -3.588289e-02 
 3.371707e+01 -3.743874e-02 
 3.371747e+01 -3.900698e-02 
 3.371787e+01 -4.058533e-02 
 3.371827e+01 -4.217453e-02 
 3.371866e+01 -4.377493e-02 
 3.371906e+01 -4.538347e-02 
 3.371946e+01 -4.700055e-02 
 3.371986e+01 -4.861777e-02 
 3.372025e+01 -5.023399e-02 
 3.372065e+01 -5.185197e-02 
 3.372105e+01 -5.347953e-02 
 3.372145e+01 -5.512752e-02 
 3.372185e+01 -5.680619e-02 
 3.372224e+01 -5.852443e-02 
 3.372264e+01 -6.028648e-02 
 3.372304e+01 -6.208883e-02 
 3.372344e+01 -6.393106e-02 
 3.372383e+01 -6.580879e-02 
 3.372423e+01 -6.772446e-02 
 3.372463e+01 -6.967754e-02 
 3.372503e+01 -7.166829e-02 
 3.372542e+01 -7.370120e-02 
 3.372582e+01 -7.577293e-02 
 3.372622e+01 -7.788673e-02 
 3.372662e+01 -8.004136e-02 
 3.372702e+01 -8.223831e-02 
 3.372741e+01 -8.448311e-02 
 3.372781e+01 -8.677877e-02 
 3.372821e+01 -8.913249e-02 
 3.372861e+01 -9.154371e-02 
 3.372900e+01 -9.401905e-02 
 3.372940e+01 -9.656069e-02 
 3.372980e+01 -9.916417e-02 
 3.373020e+01 -1.018300e-01 
 3.373059e+01 -1.045519e-01 
 3.373099e+01 -1.073253e-01 
 3.373139e+01 -1.101453e-01 
 3.373179e+01 -1.130019e-01 
 3.373219e+01 -1.158871e-01 
 3.373258e+01 -1.187852e-01 
 3.373298e+01 -1.216867e-01 
 3.373338e+01 -1.245841e-01 
 3.373378e+01 -1.274668e-01 
 3.373417e+01 -1.303350e-01 
 3.373457e+01 -1.331907e-01 
 3.373497e+01 -1.360284e-01 
 3.373537e+01 -1.388581e-01 
 3.373576e+01 -1.416723e-01 
 3.373616e+01 -1.444735e-01 
 3.373656e+01 -1.472542e-01 
 3.373696e+01 -1.500058e-01 
 3.373736e+01 -1.527275e-01 
 3.373775e+01 -1.554152e-01 
 3.373815e+01 -1.580712e-01 
 3.373855e+01 -1.606977e-01 
 3.373895e+01 -1.632897e-01 
 3.373934e+01 -1.658468e-01 
 3.373974e+01 -1.683652e-01 
 3.374014e+01 -1.708454e-01 
 3.374054e+01 -1.732912e-01 
 3.374093e+01 -1.757082e-01 
 3.374133e+01 -1.780974e-01 
 3.374173e+01 -1.804614e-01 
 3.374213e+01 -1.827971e-01 
 3.374253e+01 -1.850939e-01 
 3.374292e+01 -1.873526e-01 
 3.374332e+01 -1.895727e-01 
 3.374372e+01 -1.917456e-01 
 3.374412e+01 -1.938750e-01 
 3.374451e+01 -1.959557e-01 
 3.374491e+01 -1.979811e-01 
 3.374531e+01 -1.999529e-01 
 3.374571e+01 -2.018655e-01 
 3.374610e+01 -2.037139e-01 
 3.374650e+01 -2.054972e-01 
 3.374690e+01 -2.072140e-01 
 3.374730e+01 -2.088613e-01 
 3.374770e+01 -2.104446e-01 
 3.374809e+01 -2.119678e-01 
 3.374849e+01 -2.134320e-01 
 3.374889e+01 -2.148349e-01 
 3.374929e+01 -2.161684e-01 
 3.374968e+01 -2.174264e-01 
 3.375008e+01 -2.186048e-01 
 3.375048e+01 -2.196974e-01 
 3.375088e+01 -2.206990e-01 
 3.375127e+01 -2.215987e-01 
 3.375167e+01 -2.223911e-01 
 3.375207e+01 -2.230668e-01 
 3.375247e+01 -2.236214e-01 
 3.375287e+01 -2.240560e-01 
 3.375326e+01 -2.243772e-01 
 3.375366e+01 -2.245941e-01 
 3.375406e+01 -2.247163e-01 
 3.375446e+01 -2.247521e-01 
 3.375485e+01 -2.247085e-01 
 3.375525e+01 -2.245884e-01 
 3.375565e+01 -2.243919e-01 
 3.375605e+01 -2.241202e-01 
 3.375644e+01 -2.237703e-01 
 3.375684e+01 -2.233450e-01 
 3.375724e+01 -2.228408e-01 
 3.375764e+01 -2.222561e-01 
 3.375804e+01 -2.215940e-01 
 3.375843e+01 -2.208553e-01 
 3.375883e+01 -2.200427e-01 
 3.375923e+01 -2.191558e-01 
 3.375963e+01 -2.181965e-01 
 3.376002e+01 -2.171740e-01 
 3.376042e+01 -2.160931e-01 
 3.376082e+01 -2.149570e-01 
 3.376122e+01 -2.137672e-01 
 3.376161e+01 -2.125212e-01 
 3.376201e+01 -2.112112e-01 
 3.376241e+01 -2.098253e-01 
 3.376281e+01 -2.083610e-01 
 3.376321e+01 -2.068153e-01 
 3.376360e+01 -2.051834e-01 
 3.376400e+01 -2.034672e-01 
 3.376440e+01 -2.016703e-01 
 3.376480e+01 -1.997967e-01 
 3.376519e+01 -1.978436e-01 
 3.376559e+01 -1.958110e-01 
 3.376599e+01 -1.937007e-01 
 3.376639e+01 -1.915209e-01 
 3.376678e+01 -1.892817e-01 
 3.376718e+01 -1.869801e-01 
 3.376758e+01 -1.846208e-01 
 3.376798e+01 -1.821981e-01 
 3.376838e+01 -1.797090e-01 
 3.376877e+01 -1.771555e-01 
 3.376917e+01 -1.745376e-01 
 3.376957e+01 -1.718615e-01 
 3.376997e+01 -1.691395e-01 
 3.377036e+01 -1.663709e-01 
 3.377076e+01 -1.635589e-01 
 3.377116e+01 -1.607035e-01 
 3.377156e+01 -1.578070e-01 
 3.377195e+01 -1.548718e-01 
 3.377235e+01 -1.518975e-01 
 3.377275e+01 -1.488921e-01 
 3.377315e+01 -1.458565e-01 
 3.377355e+01 -1.427976e-01 
 3.377394e+01 -1.397176e-01 
 3.377434e+01 -1.366261e-01 
 3.377474e+01 -1.335295e-01 
 3.377514e+01 -1.304355e-01 
 3.377553e+01 -1.273417e-01 
 3.377593e+01 -1.242480e-01 
 3.377633e+01 -1.211466e-01 
 3.377673e+01 -1.180401e-01 
 3.377712e+01 -1.149131e-01 
 3.377752e+01 -1.117536e-01 
 3.377792e+01 -1.085520e-01 
 3.377832e+01 -1.052971e-01 
 3.377872e+01 -1.019846e-01 
 3.377911e+01 -9.861590e-02 
 3.377951e+01 -9.520399e-02 
 3.377991e+01 -9.176079e-02 
 3.378031e+01 -8.828594e-02 
 3.378070e+01 -8.478203e-02 
 3.378110e+01 -8.124115e-02 
 3.378150e+01 -7.765852e-02 
 3.378190e+01 -7.402132e-02 
 3.378229e+01 -7.031384e-02 
 3.378269e+01 -6.652541e-02 
 3.378309e+01 -6.264114e-02 
 3.378349e+01 -5.865235e-02 
 3.378389e+01 -5.455563e-02 
 3.378428e+01 -5.035630e-02 
 3.378468e+01 -4.606662e-02 
 3.378508e+01 -4.169580e-02 
 3.378548e+01 -3.724795e-02 
 3.378587e+01 -3.272747e-02 
 3.378627e+01 -2.813866e-02 
 3.378667e+01 -2.348899e-02 
 3.378707e+01 -1.877080e-02 
 3.378746e+01 -1.397544e-02 
 3.378786e+01 -9.095474e-03 
 3.378826e+01 -4.118445e-03 
 3.378866e+01  9.602984e-04 
 3.378906e+01  6.137032e-03 
 3.378945e+01  1.139432e-02 
 3.378985e+01  1.670981e-02 
 3.379025e+01  2.207402e-02 
 3.379065e+01  2.748262e-02 
 3.379104e+01  3.294017e-02 
 3.379144e+01  3.845431e-02 
 3.379184e+01  4.403136e-02 
 3.379224e+01  4.968333e-02 
 3.379263e+01  5.541409e-02 
 3.379303e+01  6.123631e-02 
 3.379343e+01  6.715245e-02 
 3.379383e+01  7.315962e-02 
 3.379423e+01  7.925235e-02 
 3.379462e+01  8.541520e-02 
 3.379502e+01  9.164779e-02 
 3.379542e+01  9.794810e-02 
 3.379582e+01  1.043104e-01 
 3.379621e+01  1.107414e-01 
 3.379661e+01  1.172393e-01 
 3.379701e+01  1.238209e-01 
 3.379741e+01  1.304870e-01 
 3.379781e+01  1.372470e-01 
 3.379820e+01  1.441086e-01 
 3.379860e+01  1.510800e-01 
 3.379900e+01  1.581441e-01 
 3.379940e+01  1.652771e-01 
 3.379979e+01  1.724545e-01 
 3.380019e+01  1.796484e-01 
 3.380059e+01  1.868329e-01 
 3.380099e+01  1.940036e-01 
 3.380138e+01  2.011603e-01 
 3.380178e+01  2.082911e-01 
 3.380218e+01  2.153860e-01 
 3.380258e+01  2.224362e-01 
 3.380298e+01  2.294437e-01 
 3.380337e+01  2.364179e-01 
 3.380377e+01  2.433526e-01 
 3.380417e+01  2.502431e-01 
 3.380457e+01  2.570742e-01 
 3.380496e+01  2.638204e-01 
 3.380536e+01  2.704785e-01 
 3.380576e+01  2.770493e-01 
 3.380616e+01  2.835350e-01 
 3.380655e+01  2.899342e-01 
 3.380695e+01  2.962357e-01 
 3.380735e+01  3.024431e-01 
 3.380775e+01  3.085465e-01 
 3.380815e+01  3.145441e-01 
 3.380854e+01  3.204349e-01 
 3.380894e+01  3.262122e-01 
 3.380934e+01  3.318666e-01 
 3.380974e+01  3.373910e-01 
 3.381013e+01  3.427986e-01 
 3.381053e+01  3.480903e-01 
 3.381093e+01  3.532770e-01 
 3.381133e+01  3.583248e-01 
 3.381172e+01  3.632846e-01 
 3.381212e+01  3.681882e-01 
 3.381252e+01  3.729509e-01 
 3.381292e+01  3.776668e-01 
 3.381332e+01  3.822524e-01 
 3.381371e+01  3.866786e-01 
 3.381411e+01  3.909485e-01 
 3.381451e+01  3.951257e-01 
 3.381491e+01  3.990775e-01 
 3.381530e+01  4.029225e-01 
 3.381570e+01  4.065749e-01 
 3.381610e+01  4.100762e-01 
 3.381650e+01  4.132846e-01 
 3.381689e+01  4.162361e-01 
 3.381729e+01  4.190488e-01 
 3.381769e+01  4.217439e-01 
 3.381809e+01  4.243186e-01 
 3.381849e+01  4.267518e-01 
 3.381888e+01  4.291270e-01 
 3.381928e+01  4.314777e-01 
 3.381968e+01  4.337512e-01 
 3.382008e+01  4.361955e-01 
 3.382047e+01  4.384975e-01 
 3.382087e+01  4.407467e-01 
 3.382127e+01  4.429754e-01 
 3.382167e+01  4.451448e-01 
 3.382206e+01  4.473149e-01 
 3.382246e+01  4.490464e-01 
 3.382286e+01  4.507150e-01 
 3.382326e+01  4.520740e-01 
 3.382366e+01  4.534576e-01 
 3.382405e+01  4.547631e-01 
 3.382445e+01  4.560994e-01 
 3.382485e+01  4.573892e-01 
 3.382525e+01  4.586592e-01 
 3.382564e+01  4.599360e-01 
 3.382604e+01  4.611839e-01 
 3.382644e+01  4.623343e-01 
 3.382684e+01  4.634651e-01 
 3.382723e+01  4.645579e-01 
 3.382763e+01  4.655492e-01 
 3.382803e+01  4.665491e-01 
 3.382843e+01  4.674380e-01 
 3.382883e+01  4.683214e-01 
 3.382922e+01  4.690829e-01 
 3.382962e+01  4.698708e-01 
 3.383002e+01  4.706193e-01 
 3.383042e+01  4.713880e-01 
 3.383081e+01  4.722283e-01 
 3.383121e+01  4.730623e-01 
 3.383161e+01  4.738558e-01 
 3.383201e+01  4.746288e-01 
 3.383240e+01  4.752048e-01 
 3.383280e+01  4.757272e-01 
 3.383320e+01  4.762947e-01 
 3.383360e+01  4.768894e-01 
 3.383400e+01  4.775873e-01 
 3.383439e+01  4.782946e-01 
 3.383479e+01  4.790213e-01 
 3.383519e+01  4.796783e-01 
 3.383559e+01  4.801687e-01 
 3.383598e+01  4.804477e-01 
 3.383638e+01  4.805047e-01 
 3.383678e+01  4.803646e-01 
 3.383718e+01  4.800482e-01 
 3.383757e+01  4.797520e-01 
 3.383797e+01  4.795089e-01 
 3.383837e+01  4.792763e-01 
 3.383877e+01  4.789635e-01 
 3.383917e+01  4.785977e-01 
 3.383956e+01  4.781382e-01 
 3.383996e+01  4.776701e-01 
 3.384036e+01  4.771061e-01 
 3.384076e+01  4.764604e-01 
 3.384115e+01  4.757523e-01 
 3.384155e+01  4.749999e-01 
 3.384195e+01  4.742215e-01 
 3.384235e+01  4.732859e-01 
 3.384274e+01  4.721680e-01 
 3.384314e+01  4.709921e-01 
 3.384354e+01  4.697783e-01 
 3.384394e+01  4.685021e-01 
 3.384434e+01  4.671680e-01 
 3.384473e+01  4.657783e-01 
 3.384513e+01  4.644133e-01 
 3.384553e+01  4.629951e-01 
 3.384593e+01  4.615046e-01 
 3.384632e+01  4.598671e-01 
 3.384672e+01  4.581002e-01 
 3.384712e+01  4.562542e-01 
 3.384752e+01  4.543330e-01 
 3.384791e+01  4.522861e-01 
 3.384831e+01  4.500971e-01 
 3.384871e+01  4.478130e-01 
 3.384911e+01  4.453897e-01 
 3.384951e+01  4.428113e-01 
 3.384990e+01  4.400287e-01 
 3.385030e+01  4.369426e-01 
 3.385070e+01  4.335554e-01 
 3.385110e+01  4.298956e-01 
 3.385149e+01  4.260357e-01 
 3.385189e+01  4.221309e-01 
 3.385229e+01  4.182527e-01 
 3.385269e+01  4.145094e-01 
 3.385308e+01  4.109245e-01 
 3.385348e+01  4.072882e-01 
 3.385388e+01  4.034820e-01 
 3.385428e+01  3.993621e-01 
 3.385468e+01  3.949251e-01 
 3.385507e+01  3.902143e-01 
 3.385547e+01  3.853354e-01 
 3.385587e+01  3.803585e-01 
 3.385627e+01  3.753206e-01 
 3.385666e+01  3.701846e-01 
 3.385706e+01  3.649336e-01 
 3.385746e+01  3.595793e-01 
 3.385786e+01  3.541240e-01 
 3.385825e+01  3.485297e-01 
 3.385865e+01  3.428231e-01 
 3.385905e+01  3.370850e-01 
 3.385945e+01  3.313419e-01 
 3.385985e+01  3.256052e-01 
 3.386024e+01  3.198335e-01 
 3.386064e+01  3.139591e-01 
 3.386104e+01  3.079306e-01 
 3.386144e+01  3.017480e-01 
 3.386183e+01  2.954306e-01 
 3.386223e+01  2.890306e-01 
 3.386263e+01  2.825935e-01 
 3.386303e+01  2.761910e-01 
 3.386342e+01  2.698746e-01 
 3.386382e+01  2.636601e-01 
 3.386422e+01  2.574415e-01 
 3.386462e+01  2.511518e-01 
 3.386502e+01  2.447748e-01 
 3.386541e+01  2.382654e-01 
 3.386581e+01  2.315909e-01 
 3.386621e+01  2.246817e-01 
 3.386661e+01  2.175601e-01 
 3.386700e+01  2.102433e-01 
 3.386740e+01  2.026849e-01 
 3.386780e+01  1.949118e-01 
 3.386820e+01  1.868839e-01 
 3.386859e+01  1.785965e-01 
 3.386899e+01  1.700855e-01 
 3.386939e+01  1.614561e-01 
 3.386979e+01  1.526934e-01 
 3.387019e+01  1.436928e-01 
 3.387058e+01  1.344460e-01 
 3.387098e+01  1.248708e-01 
 3.387138e+01  1.150638e-01 
 3.387178e+01  1.051082e-01 
 3.387217e+01  9.500509e-02 
 3.387257e+01  8.477562e-02 
 3.387297e+01  7.445612e-02 
 3.387337e+01  6.410300e-02 
 3.387376e+01  5.376164e-02 
 3.387416e+01  4.338621e-02 
 3.387456e+01  3.295031e-02 
 3.387496e+01  2.251188e-02 
 3.387536e+01  1.224876e-02 
 3.387575e+01  2.075253e-03 
 3.387615e+01 -8.078680e-03 
 3.387655e+01 -1.830980e-02 
 3.387695e+01 -2.869980e-02 
 3.387734e+01 -3.920105e-02 
 3.387774e+01 -4.964171e-02 
 3.387814e+01 -6.001026e-02 
 3.387854e+01 -7.031699e-02 
 3.387893e+01 -8.063865e-02 
 3.387933e+01 -9.087461e-02 
 3.387973e+01 -1.010547e-01 
 3.388013e+01 -1.111552e-01 
 3.388053e+01 -1.211033e-01 
 3.388092e+01 -1.308895e-01 
 3.388132e+01 -1.404572e-01 
 3.388172e+01 -1.499249e-01 
 3.388212e+01 -1.593864e-01 
 3.388251e+01 -1.688126e-01 
 3.388291e+01 -1.782274e-01 
 3.388331e+01 -1.875944e-01 
 3.388371e+01 -1.968756e-01 
 3.388410e+01 -2.060000e-01 
 3.388450e+01 -2.150201e-01 
 3.388490e+01 -2.239869e-01 
 3.388530e+01 -2.328294e-01 
 3.388570e+01 -2.415532e-01 
 3.388609e+01 -2.502142e-01 
 3.388649e+01 -2.587997e-01 
 3.388689e+01 -2.673067e-01 
 3.388729e+01 -2.756873e-01 
 3.388768e+01 -2.839117e-01 
 3.388808e+01 -2.920203e-01 
 3.388848e+01 -3.000637e-01 
 3.388888e+01 -3.080643e-01 
 3.388928e+01 -3.159250e-01 
 3.388967e+01 -3.235978e-01 
 3.389007e+01 -3.310507e-01 
 3.389047e+01 -3.382601e-01 
 3.389087e+01 -3.452231e-01 
 3.389126e+01 -3.520015e-01 
 3.389166e+01 -3.584023e-01 
 3.389206e+01 -3.645418e-01 
 3.389246e+01 -3.704850e-01 
 3.389285e+01 -3.761829e-01 
 3.389325e+01 -3.816946e-01 
 3.389365e+01 -3.870302e-01 
 3.389405e+01 -3.923726e-01 
 3.389445e+01 -3.976987e-01 
 3.389484e+01 -4.030477e-01 
 3.389524e+01 -4.083329e-01 
 3.389564e+01 -4.136189e-01 
 3.389604e+01 -4.190132e-01 
 3.389643e+01 -4.241107e-01 
 3.389683e+01 -4.289827e-01 
 3.389723e+01 -4.335827e-01 
 3.389763e+01 -4.379416e-01 
 3.389802e+01 -4.420509e-01 
 3.389842e+01 -4.459778e-01 
 3.389882e+01 -4.498330e-01 
 3.389922e+01 -4.536880e-01 
 3.389962e+01 -4.576402e-01 
 3.390001e+01 -4.614107e-01 
 3.390041e+01 -4.650156e-01 
 3.390081e+01 -4.685273e-01 
 3.390121e+01 -4.719124e-01 
 3.390160e+01 -4.750737e-01 
 3.390200e+01 -4.780470e-01 
 3.390240e+01 -4.809342e-01 
 3.390280e+01 -4.836148e-01 
 3.390319e+01 -4.861554e-01 
 3.390359e+01 -4.885929e-01 
 3.390399e+01 -4.906923e-01 
 3.390439e+01 -4.924851e-01 
 3.390479e+01 -4.938430e-01 
 3.390518e+01 -4.949301e-01 
 3.390558e+01 -4.958366e-01 
 3.390598e+01 -4.966360e-01 
 3.390638e+01 -4.975434e-01 
 3.390677e+01 -4.984484e-01 
 3.390717e+01 -4.992878e-01 
 3.390757e+01 -4.999192e-01 
 3.390797e+01 -5.002309e-01 
 3.390836e+01 -5.003110e-01 
 3.390876e+01 -5.001901e-01 
 3.390916e+01 -4.999566e-01 
 3.390956e+01 -4.996812e-01 
 3.390996e+01 -4.994353e-01 
 3.391035e+01 -4.993401e-01 
 3.391075e+01 -4.992208e-01 
 3.391115e+01 -4.990356e-01 
 3.391155e+01 -4.987792e-01 
 3.391194e+01 -4.985464e-01 
 3.391234e+01 -4.983813e-01 
 3.391274e+01 -4.981114e-01 
 3.391314e+01 -4.976733e-01 
 3.391353e+01 -4.969479e-01 
 3.391393e+01 -4.961609e-01 
 3.391433e+01 -4.955898e-01 
 3.391473e+01 -4.952030e-01 
 3.391513e+01 -4.949560e-01 
 3.391552e+01 -4.947260e-01 
 3.391592e+01 -4.942988e-01 
 3.391632e+01 -4.938102e-01 
 3.391672e+01 -4.933365e-01 
 3.391711e+01 -4.927582e-01 
 3.391751e+01 -4.921478e-01 
 3.391791e+01 -4.916002e-01 
 3.391831e+01 -4.912905e-01 
 3.391870e+01 -4.913284e-01 
 3.391910e+01 -4.916014e-01 
 3.391950e+01 -4.917279e-01 
 3.391990e+01 -4.916392e-01 
 3.392030e+01 -4.912918e-01 
 3.392069e+01 -4.908641e-01 
 3.392109e+01 -4.904694e-01 
 3.392149e+01 -4.901397e-01 
 3.392189e+01 -4.897394e-01 
 3.392228e+01 -4.893861e-01 
 3.392268e+01 -4.890204e-01 
 3.392308e+01 -4.885765e-01 
 3.392348e+01 -4.880485e-01 
 3.392387e+01 -4.873333e-01 
 3.392427e+01 -4.864186e-01 
 3.392467e+01 -4.853734e-01 
 3.392507e+01 -4.841724e-01 
 3.392547e+01 -4.827958e-01 
 3.392586e+01 -4.812833e-01 
 3.392626e+01 -4.796313e-01 
 3.392666e+01 -4.778793e-01 
 3.392706e+01 -4.760716e-01 
 3.392745e+01 -4.742516e-01 
 3.392785e+01 -4.723652e-01 
 3.392825e+01 -4.704820e-01 
 3.392865e+01 -4.685863e-01 
 3.392904e+01 -4.666704e-01 
 3.392944e+01 -4.647091e-01 
 3.392984e+01 -4.626542e-01 
 3.393024e+01 -4.604281e-01 
 3.393064e+01 -4.580366e-01 
 3.393103e+01 -4.554106e-01 
 3.393143e+01 -4.524721e-01 
 3.393183e+01 -4.491084e-01 
 3.393223e+01 -4.452524e-01 
 3.393262e+01 -4.409660e-01 
 3.393302e+01 -4.362271e-01 
 3.393342e+01 -4.310655e-01 
 3.393382e+01 -4.255157e-01 
 3.393421e+01 -4.197040e-01 
 3.393461e+01 -4.136214e-01 
 3.393501e+01 -4.073121e-01 
 3.393541e+01 -4.007771e-01 
 3.393581e+01 -3.939534e-01 
 3.393620e+01 -3.868291e-01 
 3.393660e+01 -3.793974e-01 
 3.393700e+01 -3.717339e-01 
 3.393740e+01 -3.638255e-01 
 3.393779e+01 -3.556868e-01 
 3.393819e+01 -3.473267e-01 
 3.393859e+01 -3.387673e-01 
 3.393899e+01 -3.300725e-01 
 3.393938e+01 -3.211775e-01 
 3.393978e+01 -3.120061e-01 
 3.394018e+01 -3.025869e-01 
 3.394058e+01 -2.930091e-01 
 3.394098e+01 -2.833698e-01 
 3.394137e+01 -2.736981e-01 
 3.394177e+01 -2.640198e-01 
 3.394217e+01 -2.543539e-01 
 3.394257e+01 -2.446165e-01 
 3.394296e+01 -2.347293e-01 
 3.394336e+01 -2.247102e-01 
 3.394376e+01 -2.145765e-01 
 3.394416e+01 -2.043247e-01 
 3.394455e+01 -1.939601e-01 
 3.394495e+01 -1.836709e-01 
 3.394535e+01 -1.736084e-01 
 3.394575e+01 -1.637136e-01 
 3.394615e+01 -1.539939e-01 
 3.394654e+01 -1.444460e-01 
 3.394694e+01 -1.349622e-01 
 3.394734e+01 -1.254859e-01 
 3.394774e+01 -1.159496e-01 
 3.394813e+01 -1.062538e-01 
 3.394853e+01 -9.641388e-02 
 3.394893e+01 -8.636992e-02 
 3.394933e+01 -7.611033e-02 
 3.394972e+01 -6.575572e-02 
 3.395012e+01 -5.527880e-02 
 3.395052e+01 -4.463607e-02 
 3.395092e+01 -3.392341e-02 
 3.395132e+01 -2.315369e-02 
 3.395171e+01 -1.220797e-02 
 3.395211e+01 -1.040907e-03 
 3.395251e+01  1.017142e-02 
 3.395291e+01  2.147048e-02 
 3.395330e+01  3.268166e-02 
 3.395370e+01  4.377364e-02 
 3.395410e+01  5.470338e-02 
 3.395450e+01  6.545068e-02 
 3.395489e+01  7.606432e-02 
 3.395529e+01  8.656657e-02 
 3.395569e+01  9.714282e-02 
 3.395609e+01  1.078112e-01 
 3.395649e+01  1.184924e-01 
 3.395688e+01  1.292332e-01 
 3.395728e+01  1.400028e-01 
 3.395768e+01  1.507614e-01 
 3.395808e+01  1.614110e-01 
 3.395847e+01  1.719658e-01 
 3.395887e+01  1.824122e-01 
 3.395927e+01  1.928347e-01 
 3.395967e+01  2.033562e-01 
 3.396006e+01  2.140571e-01 
 3.396046e+01  2.248753e-01 
 3.396086e+01  2.355958e-01 
 3.396126e+01  2.460634e-01 
 3.396166e+01  2.562267e-01 
 3.396205e+01  2.662083e-01 
 3.396245e+01  2.760778e-01 
 3.396285e+01  2.858951e-01 
 3.396325e+01  2.957111e-01 
 3.396364e+01  3.056317e-01 
 3.396404e+01  3.156904e-01 
 3.396444e+01  3.258127e-01 
 3.396484e+01  3.359793e-01 
 3.396523e+01  3.460189e-01 
 3.396563e+01  3.557942e-01 
 3.396603e+01  3.652367e-01 
 3.396643e+01  3.742744e-01 
 3.396683e+01  3.829190e-01 
 3.396722e+01  3.912767e-01 
 3.396762e+01  3.994292e-01 
 3.396802e+01  4.075364e-01 
 3.396842e+01  4.157431e-01 
 3.396881e+01  4.238834e-01 
 3.396921e+01  4.318382e-01 
 3.396961e+01  4.394802e-01 
 3.397001e+01  4.468442e-01 
 3.397040e+01  4.537936e-01 
 3.397080e+01  4.603785e-01 
 3.397120e+01  4.666843e-01 
 3.397160e+01  4.727447e-01 
 3.397200e+01  4.786601e-01 
 3.397239e+01  4.844688e-01 
 3.397279e+01  4.902483e-01 
 3.397319e+01  4.957822e-01 
 3.397359e+01  5.009970e-01 
 3.397398e+01  5.058689e-01 
 3.397438e+01  5.104857e-01 
 3.397478e+01  5.149267e-01 
 3.397518e+01  5.192840e-01 
 3.397557e+01  5.236873e-01 
 3.397597e+01  5.281940e-01 
 3.397637e+01  5.328277e-01 
 3.397677e+01  5.374741e-01 
 3.397717e+01  5.422673e-01 
 3.397756e+01  5.472271e-01 
 3.397796e+01  5.522751e-01 
 3.397836e+01  5.572644e-01 
 3.397876e+01  5.620894e-01 
 3.397915e+01  5.666510e-01 
 3.397955e+01  5.708180e-01 
 3.397995e+01  5.746280e-01 
 3.398035e+01  5.781988e-01 
 3.398074e+01  5.816261e-01 
 3.398114e+01  5.849589e-01 
 3.398154e+01  5.883016e-01 
 3.398194e+01  5.916894e-01 
 3.398234e+01  5.951554e-01 
 3.398273e+01  5.986464e-01 
 3.398313e+01  6.022360e-01 
 3.398353e+01  6.060425e-01 
 3.398393e+01  6.100254e-01 
 3.398432e+01  6.140905e-01 
 3.398472e+01  6.181193e-01 
 3.398512e+01  6.219349e-01 
 3.398552e+01  6.255026e-01 
 3.398592e+01  6.289197e-01 
 3.398631e+01  6.322571e-01 
 3.398671e+01  6.355948e-01 
 3.398711e+01  6.388456e-01 
 3.398751e+01  6.421702e-01 
 3.398790e+01  6.453965e-01 
 3.398830e+01  6.486164e-01 
 3.398870e+01  6.518953e-01 
 3.398910e+01  6.552307e-01 
 3.398949e+01  6.585776e-01 
 3.398989e+01  6.620988e-01 
 3.399029e+01  6.658080e-01 
 3.399069e+01  6.694350e-01 
 3.399109e+01  6.729792e-01 
 3.399148e+01  6.764092e-01 
 3.399188e+01  6.796852e-01 
 3.399228e+01  6.828150e-01 
 3.399268e+01  6.857633e-01 
 3.399307e+01  6.885344e-01 
 3.399347e+01  6.910620e-01 
 3.399387e+01  6.932891e-01 
 3.399427e+01  6.952228e-01 
 3.399466e+01  6.968395e-01 
 3.399506e+01  6.982221e-01 
 3.399546e+01  6.994776e-01 
 3.399586e+01  7.007164e-01 
 3.399626e+01  7.020024e-01 
 3.399665e+01  7.033093e-01 
 3.399705e+01  7.046857e-01 
 3.399745e+01  7.060655e-01 
 3.399785e+01  7.073038e-01 
 3.399824e+01  7.083461e-01 
 3.399864e+01  7.090246e-01 
 3.399904e+01  7.092712e-01 
 3.399944e+01  7.090321e-01 
 3.399983e+01  7.084029e-01 
 3.400023e+01  7.074791e-01 
 3.400063e+01  7.063703e-01 
 3.400103e+01  7.050810e-01 
 3.400143e+01  7.035699e-01 
 3.400182e+01  7.019324e-01 
 3.400222e+01  7.001717e-01 
 3.400262e+01  6.982585e-01 
 3.400302e+01  6.962217e-01 
 3.400341e+01  6.940846e-01 
 3.400381e+01  6.918872e-01 
 3.400421e+01  6.895952e-01 
 3.400461e+01  6.870672e-01 
 3.400500e+01  6.841796e-01 
 3.400540e+01  6.808345e-01 
 3.400580e+01  6.771479e-01 
 3.400620e+01  6.733113e-01 
 3.400660e+01  6.693810e-01 
 3.400699e+01  6.655126e-01 
 3.400739e+01  6.617326e-01 
 3.400779e+01  6.580051e-01 
 3.400819e+01  6.543046e-01 
 3.400858e+01  6.505981e-01 
 3.400898e+01  6.468797e-01 
 3.400938e+01  6.431716e-01 
 3.400978e+01  6.395414e-01 
 3.401017e+01  6.360615e-01 
 3.401057e+01  6.326969e-01 
 3.401097e+01  6.294208e-01 
 3.401137e+01  6.261483e-01 
 3.401177e+01  6.227715e-01 
 3.401216e+01  6.192570e-01 
 3.401256e+01  6.155448e-01 
 3.401296e+01  6.115816e-01 
 3.401336e+01  6.073392e-01 
 3.401375e+01  6.027849e-01 
 3.401415e+01  5.978966e-01 
 3.401455e+01  5.927385e-01 
 3.401495e+01  5.874012e-01 
 3.401534e+01  5.819785e-01 
 3.401574e+01  5.765779e-01 
 3.401614e+01  5.712371e-01 
 3.401654e+01  5.659534e-01 
 3.401694e+01  5.607156e-01 
 3.401733e+01  5.555184e-01 
 3.401773e+01  5.502868e-01 
 3.401813e+01  5.449740e-01 
 3.401853e+01  5.395667e-01 
 3.401892e+01  5.340531e-01 
 3.401932e+01  5.284520e-01 
 3.401972e+01  5.227725e-01 
 3.402012e+01  5.170380e-01 
 3.402051e+01  5.112137e-01 
 3.402091e+01  5.052853e-01 
 3.402131e+01  4.992738e-01 
 3.402171e+01  4.931621e-01 
 3.402211e+01  4.868775e-01 
 3.402250e+01  4.802439e-01 
 3.402290e+01  4.731832e-01 
 3.402330e+01  4.656813e-01 
 3.402370e+01  4.577131e-01 
 3.402409e+01  4.493252e-01 
 3.402449e+01  4.405588e-01 
 3.402489e+01  4.314977e-01 
 3.402529e+01  4.222369e-01 
 3.402568e+01  4.128634e-01 
 3.402608e+01  4.034178e-01 
 3.402648e+01  3.938967e-01 
 3.402688e+01  3.842933e-01 
 3.402728e+01  3.745418e-01 
 3.402767e+01  3.645826e-01 
 3.402807e+01  3.544517e-01 
 3.402847e+01  3.441755e-01 
 3.402887e+01  3.338108e-01 
 3.402926e+01  3.234132e-01 
 3.402966e+01  3.130033e-01 
 3.403006e+01  3.026622e-01 
 3.403046e+01  2.923428e-01 
 3.403085e+01  2.819691e-01 
 3.403125e+01  2.714989e-01 
 3.403165e+01  2.609209e-01 
 3.403205e+01  2.502567e-01 
 3.403245e+01  2.395310e-01 
 3.403284e+01  2.287293e-01 
 3.403324e+01  2.178347e-01 
 3.403364e+01  2.067543e-01 
 3.403404e+01  1.955010e-01 
 3.403443e+01  1.840061e-01 
 3.403483e+01  1.722835e-01 
 3.403523e+01  1.603865e-01 
 3.403563e+01  1.483710e-01 
 3.403602e+01  1.362647e-01 
 3.403642e+01  1.241760e-01 
 3.403682e+01  1.119477e-01 
 3.403722e+01  9.957425e-02 
 3.403762e+01  8.708365e-02 
 3.403801e+01  7.478648e-02 
 3.403841e+01  6.274989e-02 
 3.403881e+01  5.111934e-02 
 3.403921e+01  3.986453e-02 
 3.403960e+01  2.892861e-02 
 3.404000e+01  1.826388e-02 
 3.404040e+01  7.943511e-03 
 3.404080e+01 -2.159924e-03 
 3.404119e+01 -1.220141e-02 
 3.404159e+01 -2.223563e-02 
 3.404199e+01 -3.229701e-02 
 3.404239e+01 -4.239585e-02 
 3.404279e+01 -5.251659e-02 
 3.404318e+01 -6.279557e-02 
 3.404358e+01 -7.311896e-02 
 3.404398e+01 -8.345133e-02 
 3.404438e+01 -9.374687e-02 
 3.404477e+01 -1.038582e-01 
 3.404517e+01 -1.136909e-01 
 3.404557e+01 -1.231169e-01 
 3.404597e+01 -1.323050e-01 
 3.404636e+01 -1.412753e-01 
 3.404676e+01 -1.501173e-01 
 3.404716e+01 -1.589773e-01 
 3.404756e+01 -1.678921e-01 
 3.404796e+01 -1.768657e-01 
 3.404835e+01 -1.858944e-01 
 3.404875e+01 -1.950337e-01 
 3.404915e+01 -2.043330e-01 
 3.404955e+01 -2.137262e-01 
 3.404994e+01 -2.234139e-01 
 3.405034e+01 -2.333688e-01 
 3.405074e+01 -2.435507e-01 
 3.405114e+01 -2.540281e-01 
 3.405153e+01 -2.646842e-01 
 3.405193e+01 -2.753467e-01 
 3.405233e+01 -2.857905e-01 
 3.405273e+01 -2.958963e-01 
 3.405313e+01 -3.057389e-01 
 3.405352e+01 -3.153769e-01 
 3.405392e+01 -3.249502e-01 
 3.405432e+01 -3.345481e-01 
 3.405472e+01 -3.441790e-01 
 3.405511e+01 -3.538058e-01 
 3.405551e+01 -3.634021e-01 
 3.405591e+01 -3.729944e-01 
 3.405631e+01 -3.825467e-01 
 3.405670e+01 -3.920246e-01 
 3.405710e+01 -4.014404e-01 
 3.405750e+01 -4.109165e-01 
 3.405790e+01 -4.204420e-01 
 3.405830e+01 -4.299706e-01 
 3.405869e+01 -4.393540e-01 
 3.405909e+01 -4.487993e-01 
 3.405949e+01 -4.581836e-01 
 3.405989e+01 -4.676033e-01 
 3.406028e+01 -4.768910e-01 
 3.406068e+01 -4.860087e-01 
 3.406108e+01 -4.949840e-01 
 3.406148e+01 -5.037529e-01 
 3.406187e+01 -5.125363e-01 
 3.406227e+01 -5.215591e-01 
 3.406267e+01 -5.307950e-01 
 3.406307e+01 -5.400763e-01 
 3.406347e+01 -5.493869e-01 
 3.406386e+01 -5.587511e-01 
 3.406426e+01 -5.678698e-01 
 3.406466e+01 -5.767048e-01 
 3.406506e+01 -5.853439e-01 
 3.406545e+01 -5.937779e-01 
 3.406585e+01 -6.022179e-01 
 3.406625e+01 -6.105977e-01 
 3.406665e+01 -6.189013e-01 
 3.406704e+01 -6.268495e-01 
 3.406744e+01 -6.345776e-01 
 3.406784e+01 -6.419473e-01 
 3.406824e+01 -6.490634e-01 
 3.406864e+01 -6.559363e-01 
 3.406903e+01 -6.626568e-01 
 3.406943e+01 -6.692377e-01 
 3.406983e+01 -6.758085e-01 
 3.407023e+01 -6.823841e-01 
 3.407062e+01 -6.889621e-01 
 3.407102e+01 -6.954647e-01 
 3.407142e+01 -7.019067e-01 
 3.407182e+01 -7.080542e-01 
 3.407221e+01 -7.138111e-01 
 3.407261e+01 -7.191397e-01 
 3.407301e+01 -7.241213e-01 
 3.407341e+01 -7.289083e-01 
 3.407381e+01 -7.337051e-01 
 3.407420e+01 -7.388175e-01 
 3.407460e+01 -7.443111e-01 
 3.407500e+01 -7.500418e-01 
 3.407540e+01 -7.559489e-01 
 3.407579e+01 -7.618521e-01 
 3.407619e+01 -7.675476e-01 
 3.407659e+01 -7.730445e-01 
 3.407699e+01 -7.784548e-01 
 3.407739e+01 -7.835594e-01 
 3.407778e+01 -7.885017e-01 
 3.407818e+01 -7.932765e-01 
 3.407858e+01 -7.980236e-01 
 3.407898e+01 -8.029270e-01 
 3.407937e+01 -8.080703e-01 
 3.407977e+01 -8.132510e-01 
 3.408017e+01 -8.183577e-01 
 3.408057e+01 -8.232381e-01 
 3.408096e+01 -8.278092e-01 
 3.408136e+01 -8.322023e-01 
 3.408176e+01 -8.365355e-01 
 3.408216e+01 -8.408219e-01 
 3.408256e+01 -8.452085e-01 
 3.408295e+01 -8.496823e-01 
 3.408335e+01 -8.541981e-01 
 3.408375e+01 -8.587089e-01 
 3.408415e+01 -8.631015e-01 
 3.408454e+01 -8.672757e-01 
 3.408494e+01 -8.712925e-01 
 3.408534e+01 -8.753192e-01 
 3.408574e+01 -8.794358e-01 
 3.408613e+01 -8.837580e-01 
 3.408653e+01 -8.881078e-01 
 3.408693e+01 -8.922447e-01 
 3.408733e+01 -8.961293e-01 
 3.408773e+01 -8.996220e-01 
 3.408812e+01 -9.027291e-01 
 3.408852e+01 -9.053858e-01 
 3.408892e+01 -9.078415e-01 
 3.408932e+01 -9.100893e-01 
 3.408971e+01 -9.121343e-01 
 3.409011e+01 -9.137735e-01 
 3.409051e+01 -9.150959e-01 
 3.409091e+01 -9.162481e-01 
 3.409130e+01 -9.174069e-01 
 3.409170e+01 -9.185586e-01 
 3.409210e+01 -9.196231e-01 
 3.409250e+01 -9.204004e-01 
 3.409290e+01 -9.208943e-01 
 3.409329e+01 -9.213161e-01 
 3.409369e+01 -9.217500e-01 
 3.409409e+01 -9.223172e-01 
 3.409449e+01 -9.230113e-01 
 3.409488e+01 -9.237100e-01 
 3.409528e+01 -9.241548e-01 
 3.409568e+01 -9.241579e-01 
 3.409608e+01 -9.235051e-01 
 3.409647e+01 -9.221564e-01 
 3.409687e+01 -9.200963e-01 
 3.409727e+01 -9.175195e-01 
 3.409767e+01 -9.145144e-01 
 3.409807e+01 -9.112536e-01 
 3.409846e+01 -9.078339e-01 
 3.409886e+01 -9.043236e-01 
 3.409926e+01 -9.003907e-01 
 3.409966e+01 -8.961354e-01 
 3.410005e+01 -8.911890e-01 
 3.410045e+01 -8.859095e-01 
 3.410085e+01 -8.805659e-01 
 3.410125e+01 -8.752308e-01 
 3.410164e+01 -8.696946e-01 
 3.410204e+01 -8.638396e-01 
 3.410244e+01 -8.578610e-01 
 3.410284e+01 -8.517653e-01 
 3.410324e+01 -8.454348e-01 
 3.410363e+01 -8.390882e-01 
 3.410403e+01 -8.327407e-01 
 3.410443e+01 -8.264558e-01 
 3.410483e+01 -8.201188e-01 
 3.410522e+01 -8.138551e-01 
 3.410562e+01 -8.078526e-01 
 3.410602e+01 -8.018971e-01 
 3.410642e+01 -7.960263e-01 
 3.410681e+01 -7.901187e-01 
 3.410721e+01 -7.841288e-01 
 3.410761e+01 -7.781705e-01 
 3.410801e+01 -7.720934e-01 
 3.410841e+01 -7.659427e-01 
 3.410880e+01 -7.597886e-01 
 3.410920e+01 -7.536105e-01 
 3.410960e+01 -7.472901e-01 
 3.411000e+01 -7.408632e-01 
 3.411039e+01 -7.343162e-01 
 3.411079e+01 -7.275554e-01 
 3.411119e+01 -7.206343e-01 
 3.411159e+01 -7.135137e-01 
 3.411198e+01 -7.062431e-01 
 3.411238e+01 -6.987594e-01 
 3.411278e+01 -6.910453e-01 
 3.411318e+01 -6.831450e-01 
 3.411358e+01 -6.750329e-01 
 3.411397e+01 -6.668105e-01 
 3.411437e+01 -6.586224e-01 
 3.411477e+01 -6.504851e-01 
 3.411517e+01 -6.422813e-01 
 3.411556e+01 -6.337429e-01 
 3.411596e+01 -6.246266e-01 
 3.411636e+01 -6.146994e-01 
 3.411676e+01 -6.040174e-01 
 3.411715e+01 -5.927803e-01 
 3.411755e+01 -5.812003e-01 
 3.411795e+01 -5.695705e-01 
 3.411835e+01 -5.580208e-01 
 3.411875e+01 -5.465387e-01 
 3.411914e+01 -5.350184e-01 
 3.411954e+01 -5.232962e-01 
 3.411994e+01 -5.113307e-01 
 3.412034e+01 -4.991025e-01 
 3.412073e+01 -4.867115e-01 
 3.412113e+01 -4.742071e-01 
 3.412153e+01 -4.614122e-01 
 3.412193e+01 -4.482936e-01 
 3.412232e+01 -4.348524e-01 
 3.412272e+01 -4.211440e-01 
 3.412312e+01 -4.071806e-01 
 3.412352e+01 -3.930770e-01 
 3.412392e+01 -3.789979e-01 
 3.412431e+01 -3.649857e-01 
 3.412471e+01 -3.510114e-01 
 3.412511e+01 -3.369551e-01 
 3.412551e+01 -3.228085e-01 
 3.412590e+01 -3.086784e-01 
 3.412630e+01 -2.945714e-01 
 3.412670e+01 -2.805213e-01 
 3.412710e+01 -2.666177e-01 
 3.412749e+01 -2.528738e-01 
 3.412789e+01 -2.392690e-01 
 3.412829e+01 -2.256423e-01 
 3.412869e+01 -2.113025e-01 
 3.412909e+01 -1.967969e-01 
 3.412948e+01 -1.827407e-01 
 3.412988e+01 -1.679030e-01 
 3.413028e+01 -1.530147e-01 
 3.413068e+01 -1.385326e-01 
 3.413107e+01 -1.240281e-01 
 3.413147e+01 -1.102101e-01 
 3.413187e+01 -9.721972e-02 
 3.413227e+01 -8.497002e-02 
 3.413266e+01 -7.259580e-02 
 3.413306e+01 -6.053320e-02 
 3.413346e+01 -4.847505e-02 
 3.413386e+01 -3.742821e-02 
 3.413426e+01 -2.754446e-02 
 3.413465e+01 -1.835770e-02 
 3.413505e+01 -9.056104e-03 
 3.413545e+01  1.005478e-03 
 3.413585e+01  1.160828e-02 
 3.413624e+01  2.279221e-02 
 3.413664e+01  3.389378e-02 
 3.413704e+01  4.470922e-02 
 3.413744e+01  5.457583e-02 
 3.413783e+01  6.344051e-02 
 3.413823e+01  7.175226e-02 
 3.413863e+01  7.966943e-02 
 3.413903e+01  8.707965e-02 
 3.413943e+01  9.433896e-02 
 3.413982e+01  1.017148e-01 
 3.414022e+01  1.087162e-01 
 3.414062e+01  1.154906e-01 
 3.414102e+01  1.221336e-01 
 3.414141e+01  1.289974e-01 
 3.414181e+01  1.359442e-01 
 3.414221e+01  1.431277e-01 
 3.414261e+01  1.504217e-01 
 3.414300e+01  1.577650e-01 
 3.414340e+01  1.650400e-01 
 3.414380e+01  1.721047e-01 
 3.414420e+01  1.788144e-01 
 3.414460e+01  1.856312e-01 
 3.414499e+01  1.926640e-01 
 3.414539e+01  1.995435e-01 
 3.414579e+01  2.060029e-01 
 3.414619e+01  2.117070e-01 
 3.414658e+01  2.167232e-01 
 3.414698e+01  2.213075e-01 
 3.414738e+01  2.258662e-01 
 3.414778e+01  2.308862e-01 
 3.414817e+01  2.360708e-01 
 3.414857e+01  2.411070e-01 
 3.414897e+01  2.458499e-01 
 3.414937e+01  2.499607e-01 
 3.414977e+01  2.538955e-01 
 3.415016e+01  2.568715e-01 
 3.415056e+01  2.584669e-01 
 3.415096e+01  2.594386e-01 
 3.415136e+01  2.600653e-01 
 3.415175e+01  2.606284e-01 
 3.415215e+01  2.609451e-01 
 3.415255e+01  2.611993e-01 
 3.415295e+01  2.605940e-01 
 3.415334e+01  2.598576e-01 
 3.415374e+01  2.594285e-01 
 3.415414e+01  2.591844e-01 
 3.415454e+01  2.593526e-01 
 3.415494e+01  2.600645e-01 
 3.415533e+01  2.608775e-01 
 3.415573e+01  2.617404e-01 
 3.415613e+01  2.628930e-01 
 3.415653e+01  2.641640e-01 
 3.415692e+01  2.655018e-01 
 3.415732e+01  2.667301e-01 
 3.415772e+01  2.677560e-01 
 3.415812e+01  2.686249e-01 
 3.415851e+01  2.697301e-01 
 3.415891e+01  2.708608e-01 
 3.415931e+01  2.718222e-01 
 3.415971e+01  2.730685e-01 
 3.416011e+01  2.741158e-01 
 3.416050e+01  2.747281e-01 
 3.416090e+01  2.753188e-01 
 3.416130e+01  2.761266e-01 
 3.416170e+01  2.774670e-01 
 3.416209e+01  2.793890e-01 
 3.416249e+01  2.817014e-01 
 3.416289e+01  2.840001e-01 
 3.416329e+01  2.859076e-01 
 3.416368e+01  2.873590e-01 
 3.416408e+01  2.883772e-01 
 3.416448e+01  2.892934e-01 
 3.416488e+01  2.899369e-01 
 3.416528e+01  2.902286e-01 
 3.416567e+01  2.906725e-01 
 3.416607e+01  2.913385e-01 
 3.416647e+01  2.920478e-01 
 3.416687e+01  2.928943e-01 
 3.416726e+01  2.939264e-01 
 3.416766e+01  2.952755e-01 
 3.416806e+01  2.970263e-01 
 3.416846e+01  2.994116e-01 
 3.416886e+01  3.023130e-01 
 3.416925e+01  3.054260e-01 
 3.416965e+01  3.086470e-01 
 3.417005e+01  3.117217e-01 
 3.417045e+01  3.144124e-01 
 3.417084e+01  3.167585e-01 
 3.417124e+01  3.189527e-01 
 3.417164e+01  3.207955e-01 
 3.417204e+01  3.221826e-01 
 3.417243e+01  3.231824e-01 
 3.417283e+01  3.234494e-01 
 3.417323e+01  3.226847e-01 
 3.417363e+01  3.212552e-01 
 3.417403e+01  3.197925e-01 
 3.417442e+01  3.188556e-01 
 3.417482e+01  3.187713e-01 
 3.417522e+01  3.192780e-01 
 3.417562e+01  3.199910e-01 
 3.417601e+01  3.205658e-01 
 3.417641e+01  3.211870e-01 
 3.417681e+01  3.219295e-01 
 3.417721e+01  3.227351e-01 
 3.417760e+01  3.237571e-01 
 3.417800e+01  3.249289e-01 
 3.417840e+01  3.258492e-01 
 3.417880e+01  3.261839e-01 
 3.417920e+01  3.258987e-01 
 3.417959e+01  3.252953e-01 
 3.417999e+01  3.244748e-01 
 3.418039e+01  3.233189e-01 
 3.418079e+01  3.220651e-01 
 3.418118e+01  3.206959e-01 
 3.418158e+01  3.192534e-01 
 3.418198e+01  3.177616e-01 
 3.418238e+01  3.162820e-01 
 3.418277e+01  3.147365e-01 
 3.418317e+01  3.126658e-01 
 3.418357e+01  3.098659e-01 
 3.418397e+01  3.065060e-01 
 3.418437e+01  3.024067e-01 
 3.418476e+01  2.975653e-01 
 3.418516e+01  2.922912e-01 
 3.418556e+01  2.871596e-01 
 3.418596e+01  2.825666e-01 
 3.418635e+01  2.785595e-01 
 3.418675e+01  2.752792e-01 
 3.418715e+01  2.724983e-01 
 3.418755e+01  2.696487e-01 
 3.418794e+01  2.666180e-01 
 3.418834e+01  2.636265e-01 
 3.418874e+01  2.608208e-01 
 3.418914e+01  2.579694e-01 
 3.418954e+01  2.548203e-01 
 3.418993e+01  2.513248e-01 
 3.419033e+01  2.473355e-01 
 3.419073e+01  2.428695e-01 
 3.419113e+01  2.383305e-01 
 3.419152e+01  2.337854e-01 
 3.419192e+01  2.288694e-01 
 3.419232e+01  2.232212e-01 
 3.419272e+01  2.169134e-01 
 3.419311e+01  2.098517e-01 
 3.419351e+01  2.022802e-01 
 3.419391e+01  1.945641e-01 
 3.419431e+01  1.870079e-01 
 3.419471e+01  1.799044e-01 
 3.419510e+01  1.730126e-01 
 3.419550e+01  1.660991e-01 
 3.419590e+01  1.589862e-01 
 3.419630e+01  1.518813e-01 
 3.419669e+01  1.450879e-01 
 3.419709e+01  1.386490e-01 
 3.419749e+01  1.327339e-01 
 3.419789e+01  1.272922e-01 
 3.419828e+01  1.219067e-01 
 3.419868e+01  1.161401e-01 
 3.419908e+01  1.097624e-01 
 3.419948e+01  1.029000e-01 
 3.419988e+01  9.586035e-02 
 3.420027e+01  8.899334e-02 
 3.420067e+01  8.234912e-02 
 3.420107e+01  7.573261e-02 
 3.420147e+01  6.906004e-02 
 3.420186e+01  6.198416e-02 
 3.420226e+01  5.443474e-02 
 3.420266e+01  4.668309e-02 
 3.420306e+01  3.883848e-02 
 3.420345e+01  3.067779e-02 
 3.420385e+01  2.286859e-02 
 3.420425e+01  1.480649e-02 
 3.420465e+01  6.143957e-03 
 3.420505e+01 -3.170607e-03 
 3.420544e+01 -1.293928e-02 
 3.420584e+01 -2.235624e-02 
 3.420624e+01 -3.080056e-02 
 3.420664e+01 -3.811115e-02 
 3.420703e+01 -4.466750e-02 
 3.420743e+01 -5.102360e-02 
 3.420783e+01 -5.719652e-02 
 3.420823e+01 -6.327414e-02 
 3.420862e+01 -6.913874e-02 
 3.420902e+01 -7.510642e-02 
 3.420942e+01 -8.130343e-02 
 3.420982e+01 -8.793904e-02 
 3.421022e+01 -9.461591e-02 
 3.421061e+01 -1.013097e-01 
 3.421101e+01 -1.077129e-01 
 3.421141e+01 -1.138071e-01 
 3.421181e+01 -1.195216e-01 
 3.421220e+01 -1.253627e-01 
 3.421260e+01 -1.314591e-01 
 3.421300e+01 -1.380801e-01 
 3.421340e+01 -1.456019e-01 
 3.421379e+01 -1.536108e-01 
 3.421419e+01 -1.617730e-01 
 3.421459e+01 -1.699158e-01 
 3.421499e+01 -1.776419e-01 
 3.421539e+01 -1.847332e-01 
 3.421578e+01 -1.911284e-01 
 3.421618e+01 -1.969429e-01 
 3.421658e+01 -2.023069e-01 
 3.421698e+01 -2.074415e-01 
 3.421737e+01 -2.124033e-01 
 3.421777e+01 -2.172557e-01 
 3.421817e+01 -2.221018e-01 
 3.421857e+01 -2.268357e-01 
 3.421896e+01 -2.315109e-01 
 3.421936e+01 -2.365036e-01 
 3.421976e+01 -2.416233e-01 
 3.422016e+01 -2.462710e-01 
 3.422056e+01 -2.501432e-01 
 3.422095e+01 -2.534809e-01 
 3.422135e+01 -2.562131e-01 
 3.422175e+01 -2.589437e-01 
 3.422215e+01 -2.621729e-01 
 3.422254e+01 -2.656963e-01 
 3.422294e+01 -2.693637e-01 
 3.422334e+01 -2.731811e-01 
 3.422374e+01 -2.770073e-01 
 3.422413e+01 -2.808532e-01 
 3.422453e+01 -2.850029e-01 
 3.422493e+01 -2.895422e-01 
 3.422533e+01 -2.944363e-01 
 3.422573e+01 -2.992269e-01 
 3.422612e+01 -3.035013e-01 
 3.422652e+01 -3.066527e-01 
 3.422692e+01 -3.085602e-01 
 3.422732e+01 -3.095412e-01 
 3.422771e+01 -3.099521e-01 
 3.422811e+01 -3.102990e-01 
 3.422851e+01 -3.112084e-01 
 3.422891e+01 -3.128982e-01 
 3.422930e+01 -3.152197e-01 
 3.422970e+01 -3.176972e-01 
 3.423010e+01 -3.196498e-01 
 3.423050e+01 -3.211516e-01 
 3.423090e+01 -3.223546e-01 
 3.423129e+01 -3.235895e-01 
 3.423169e+01 -3.249614e-01 
 3.423209e+01 -3.264799e-01 
 3.423249e+01 -3.279996e-01 
 3.423288e+01 -3.295931e-01 
 3.423328e+01 -3.312748e-01 
 3.423368e+01 -3.332213e-01 
 3.423408e+01 -3.351964e-01 
 3.423447e+01 -3.372056e-01 
 3.423487e+01 -3.390597e-01 
 3.423527e+01 -3.405615e-01 
 3.423567e+01 -3.416892e-01 
 3.423607e+01 -3.424845e-01 
 3.423646e+01 -3.428405e-01 
 3.423686e+01 -3.428708e-01 
 3.423726e+01 -3.424408e-01 
 3.423766e+01 -3.414848e-01 
 3.423805e+01 -3.399660e-01 
 3.423845e+01 -3.378379e-01 
 3.423885e+01 -3.351707e-01 
 3.423925e+01 -3.319276e-01 
 3.423964e+01 -3.280462e-01 
 3.424004e+01 -3.236941e-01 
 3.424044e+01 -3.190615e-01 
 3.424084e+01 -3.142217e-01 
 3.424124e+01 -3.092971e-01 
 3.424163e+01 -3.043168e-01 
 3.424203e+01 -2.993407e-01 
 3.424243e+01 -2.944373e-01 
 3.424283e+01 -2.896227e-01 
 3.424322e+01 -2.851195e-01 
 3.424362e+01 -2.809005e-01 
 3.424402e+01 -2.771048e-01 
 3.424442e+01 -2.736068e-01 
 3.424481e+01 -2.702549e-01 
 3.424521e+01 -2.668457e-01 
 3.424561e+01 -2.631272e-01 
 3.424601e+01 -2.587765e-01 
 3.424641e+01 -2.536616e-01 
 3.424680e+01 -2.477414e-01 
 3.424720e+01 -2.412649e-01 
 3.424760e+01 -2.345446e-01 
 3.424800e+01 -2.276019e-01 
 3.424839e+01 -2.205519e-01 
 3.424879e+01 -2.134863e-01 
 3.424919e+01 -2.064877e-01 
 3.424959e+01 -1.996794e-01 
 3.424998e+01 -1.925316e-01 
 3.425038e+01 -1.846698e-01 
 3.425078e+01 -1.763396e-01 
 3.425118e+01 -1.682370e-01 
 3.425158e+01 -1.600994e-01 
 3.425197e+01 -1.519517e-01 
 3.425237e+01 -1.436047e-01 
 3.425277e+01 -1.349534e-01 
 3.425317e+01 -1.260678e-01 
 3.425356e+01 -1.174878e-01 
 3.425396e+01 -1.094622e-01 
 3.425436e+01 -1.019583e-01 
 3.425476e+01 -9.444972e-02 
 3.425515e+01 -8.681062e-02 
 3.425555e+01 -7.904017e-02 
 3.425595e+01 -7.123039e-02 
 3.425635e+01 -6.332558e-02 
 3.425675e+01 -5.529102e-02 
 3.425714e+01 -4.734793e-02 
 3.425754e+01 -3.938315e-02 
 3.425794e+01 -3.164656e-02 
 3.425834e+01 -2.392548e-02 
 3.425873e+01 -1.597304e-02 
 3.425913e+01 -7.795021e-03 
 3.425953e+01  6.239104e-04 
 3.425993e+01  9.131791e-03 
 3.426033e+01  1.763129e-02 
 3.426072e+01  2.578971e-02 
 3.426112e+01  3.354372e-02 
 3.426152e+01  4.058786e-02 
 3.426192e+01  4.703189e-02 
 3.426231e+01  5.288943e-02 
 3.426271e+01  5.826342e-02 
 3.426311e+01  6.334318e-02 
 3.426351e+01  6.809161e-02 
 3.426390e+01  7.275974e-02 
 3.426430e+01  7.756250e-02 
 3.426470e+01  8.268266e-02 
 3.426510e+01  8.831529e-02 
 3.426550e+01  9.442496e-02 
 3.426589e+01  1.009555e-01 
 3.426629e+01  1.079453e-01 
 3.426669e+01  1.153215e-01 
 3.426709e+01  1.227824e-01 
 3.426748e+01  1.302241e-01 
 3.426788e+01  1.376425e-01 
 3.426828e+01  1.447680e-01 
 3.426868e+01  1.515921e-01 
 3.426907e+01  1.580253e-01 
 3.426947e+01  1.642306e-01 
 3.426987e+01  1.706134e-01 
 3.427027e+01  1.772727e-01 
 3.427067e+01  1.843078e-01 
 3.427106e+01  1.913728e-01 
 3.427146e+01  1.982524e-01 
 3.427186e+01  2.049623e-01 
 3.427226e+01  2.116314e-01 
 3.427265e+01  2.185136e-01 
 3.427305e+01  2.256929e-01 
 3.427345e+01  2.329445e-01 
 3.427385e+01  2.400009e-01 
 3.427424e+01  2.467552e-01 
 3.427464e+01  2.530084e-01 
 3.427504e+01  2.592278e-01 
 3.427544e+01  2.655362e-01 
 3.427584e+01  2.722339e-01 
 3.427623e+01  2.795104e-01 
 3.427663e+01  2.868839e-01 
 3.427703e+01  2.942813e-01 
 3.427743e+01  3.017923e-01 
 3.427782e+01  3.092997e-01 
 3.427822e+01  3.169263e-01 
 3.427862e+01  3.245692e-01 
 3.427902e+01  3.320084e-01 
 3.427941e+01  3.389901e-01 
 3.427981e+01  3.455475e-01 
 3.428021e+01  3.518265e-01 
 3.428061e+01  3.577849e-01 
 3.428101e+01  3.634583e-01 
 3.428140e+01  3.689259e-01 
 3.428180e+01  3.744065e-01 
 3.428220e+01  3.800695e-01 
 3.428260e+01  3.857869e-01 
 3.428299e+01  3.913608e-01 
 3.428339e+01  3.964882e-01 
 3.428379e+01  4.011813e-01 
 3.428419e+01  4.057508e-01 
 3.428458e+01  4.104902e-01 
 3.428498e+01  4.152946e-01 
 3.428538e+01  4.201613e-01 
 3.428578e+01  4.250615e-01 
 3.428618e+01  4.298950e-01 
 3.428657e+01  4.344584e-01 
 3.428697e+01  4.387360e-01 
 3.428737e+01  4.426429e-01 
 3.428777e+01  4.461211e-01 
 3.428816e+01  4.491855e-01 
 3.428856e+01  4.518272e-01 
 3.428896e+01  4.542632e-01 
 3.428936e+01  4.565997e-01 
 3.428975e+01  4.590284e-01 
 3.429015e+01  4.619053e-01 
 3.429055e+01  4.651417e-01 
 3.429095e+01  4.684616e-01 
 3.429135e+01  4.715507e-01 
 3.429174e+01  4.744449e-01 
 3.429214e+01  4.773469e-01 
 3.429254e+01  4.803061e-01 
 3.429294e+01  4.831870e-01 
 3.429333e+01  4.858198e-01 
 3.429373e+01  4.880513e-01 
 3.429413e+01  4.898634e-01 
 3.429453e+01  4.913518e-01 
 3.429492e+01  4.928102e-01 
 3.429532e+01  4.942565e-01 
 3.429572e+01  4.956650e-01 
 3.429612e+01  4.971569e-01 
 3.429652e+01  4.988772e-01 
 3.429691e+01  5.006329e-01 
 3.429731e+01  5.022697e-01 
 3.429771e+01  5.038032e-01 
 3.429811e+01  5.052416e-01 
 3.429850e+01  5.068998e-01 
 3.429890e+01  5.087727e-01 
 3.429930e+01  5.107265e-01 
 3.429970e+01  5.125331e-01 
 3.430009e+01  5.139167e-01 
 3.430049e+01  5.147375e-01 
 3.430089e+01  5.151594e-01 
 3.430129e+01  5.153053e-01 
 3.430169e+01  5.152645e-01 
 3.430208e+01  5.152956e-01 
 3.430248e+01  5.154912e-01 
 3.430288e+01  5.156298e-01 
 3.430328e+01  5.156764e-01 
 3.430367e+01  5.156698e-01 
 3.430407e+01  5.156540e-01 
 3.430447e+01  5.156015e-01 
 3.430487e+01  5.154482e-01 
 3.430526e+01  5.150911e-01 
 3.430566e+01  5.142833e-01 
 3.430606e+01  5.129042e-01 
 3.430646e+01  5.110225e-01 
 3.430686e+01  5.088881e-01 
 3.430725e+01  5.067223e-01 
 3.430765e+01  5.046244e-01 
 3.430805e+01  5.027145e-01 
 3.430845e+01  5.009410e-01 
 3.430884e+01  4.991636e-01 
 3.430924e+01  4.971954e-01 
 3.430964e+01  4.950084e-01 
 3.431004e+01  4.926751e-01 
 3.431043e+01  4.901872e-01 
 3.431083e+01  4.875848e-01 
 3.431123e+01  4.848896e-01 
 3.431163e+01  4.820648e-01 
 3.431203e+01  4.790313e-01 
 3.431242e+01  4.757748e-01 
 3.431282e+01  4.722713e-01 
 3.431322e+01  4.684923e-01 
 3.431362e+01  4.644266e-01 
 3.431401e+01  4.601278e-01 
 3.431441e+01  4.555543e-01 
 3.431481e+01  4.507043e-01 
 3.431521e+01  4.456299e-01 
 3.431560e+01  4.405863e-01 
 3.431600e+01  4.358190e-01 
 3.431640e+01  4.314048e-01 
 3.431680e+01  4.272748e-01 
 3.431720e+01  4.232758e-01 
 3.431759e+01  4.192135e-01 
 3.431799e+01  4.149472e-01 
 3.431839e+01  4.104235e-01 
 3.431879e+01  4.055409e-01 
 3.431918e+01  4.002424e-01 
 3.431958e+01  3.946365e-01 
 3.431998e+01  3.889189e-01 
 3.432038e+01  3.830653e-01 
 3.432077e+01  3.770028e-01 
 3.432117e+01  3.707085e-01 
 3.432157e+01  3.641902e-01 
 3.432197e+01  3.575376e-01 
 3.432237e+01  3.509759e-01 
 3.432276e+01  3.444791e-01 
 3.432316e+01  3.378257e-01 
 3.432356e+01  3.308269e-01 
 3.432396e+01  3.234958e-01 
 3.432435e+01  3.160629e-01 
 3.432475e+01  3.086691e-01 
 3.432515e+01  3.012648e-01 
 3.432555e+01  2.937530e-01 
 3.432594e+01  2.860788e-01 
 3.432634e+01  2.782979e-01 
 3.432674e+01  2.704325e-01 
 3.432714e+01  2.626226e-01 
 3.432754e+01  2.548476e-01 
 3.432793e+01  2.471189e-01 
 3.432833e+01  2.394643e-01 
 3.432873e+01  2.318744e-01 
 3.432913e+01  2.242184e-01 
 3.432952e+01  2.162874e-01 
 3.432992e+01  2.079560e-01 
 3.433032e+01  1.992457e-01 
 3.433072e+01  1.901948e-01 
 3.433111e+01  1.809816e-01 
 3.433151e+01  1.717529e-01 
 3.433191e+01  1.626201e-01 
 3.433231e+01  1.535287e-01 
 3.433271e+01  1.442307e-01 
 3.433310e+01  1.347831e-01 
 3.433350e+01  1.255907e-01 
 3.433390e+01  1.164953e-01 
 3.433430e+01  1.073727e-01 
 3.433469e+01  9.825424e-02 
 3.433509e+01  8.910218e-02 
 3.433549e+01  8.010352e-02 
 3.433589e+01  7.142394e-02 
 3.433628e+01  6.331027e-02 
 3.433668e+01  5.551689e-02 
 3.433708e+01  4.775001e-02 
 3.433748e+01  4.002811e-02 
 3.433788e+01  3.233438e-02 
 3.433827e+01  2.446756e-02 
 3.433867e+01  1.644897e-02 
 3.433907e+01  7.854660e-03 
 3.433947e+01 -1.485410e-03 
 3.433986e+01 -1.141580e-02 
 3.434026e+01 -2.170841e-02 
 3.434066e+01 -3.200118e-02 
 3.434106e+01 -4.199016e-02 
 3.434145e+01 -5.147030e-02 
 3.434185e+01 -6.060212e-02 
 3.434225e+01 -6.934702e-02 
 3.434265e+01 -7.788765e-02 
 3.434305e+01 -8.633703e-02 
 3.434344e+01 -9.478209e-02 
 3.434384e+01 -1.031322e-01 
 3.434424e+01 -1.115818e-01 
 3.434464e+01 -1.203562e-01 
 3.434503e+01 -1.291926e-01 
 3.434543e+01 -1.383391e-01 
 3.434583e+01 -1.474844e-01 
 3.434623e+01 -1.564706e-01 
 3.434662e+01 -1.652918e-01 
 3.434702e+01 -1.739852e-01 
 3.434742e+01 -1.825620e-01 
 3.434782e+01 -1.910227e-01 
 3.434822e+01 -1.994686e-01 
 3.434861e+01 -2.080699e-01 
 3.434901e+01 -2.169033e-01 
 3.434941e+01 -2.259294e-01 
 3.434981e+01 -2.349934e-01 
 3.435020e+01 -2.439592e-01 
 3.435060e+01 -2.528493e-01 
 3.435100e+01 -2.616422e-01 
 3.435140e+01 -2.703849e-01 
 3.435180e+01 -2.792313e-01 
 3.435219e+01 -2.880334e-01 
 3.435259e+01 -2.966150e-01 
 3.435299e+01 -3.048048e-01 
 3.435339e+01 -3.124164e-01 
 3.435378e+01 -3.192862e-01 
 3.435418e+01 -3.253796e-01 
 3.435458e+01 -3.309840e-01 
 3.435498e+01 -3.363367e-01 
 3.435537e+01 -3.417067e-01 
 3.435577e+01 -3.471285e-01 
 3.435617e+01 -3.525794e-01 
 3.435657e+01 -3.577895e-01 
 3.435697e+01 -3.624950e-01 
 3.435736e+01 -3.671265e-01 
 3.435776e+01 -3.718687e-01 
 3.435816e+01 -3.770537e-01 
 3.435856e+01 -3.826095e-01 
 3.435895e+01 -3.883741e-01 
 3.435935e+01 -3.941683e-01 
 3.435975e+01 -3.997114e-01 
 3.436015e+01 -4.049432e-01 
 3.436054e+01 -4.097724e-01 
 3.436094e+01 -4.142937e-01 
 3.436134e+01 -4.184540e-01 
 3.436174e+01 -4.222353e-01 
 3.436214e+01 -4.256015e-01 
 3.436253e+01 -4.284761e-01 
 3.436293e+01 -4.310474e-01 
 3.436333e+01 -4.335803e-01 
 3.436373e+01 -4.361139e-01 
 3.436412e+01 -4.387504e-01 
 3.436452e+01 -4.416124e-01 
 3.436492e+01 -4.445647e-01 
 3.436532e+01 -4.475488e-01 
 3.436571e+01 -4.504450e-01 
 3.436611e+01 -4.532038e-01 
 3.436651e+01 -4.555591e-01 
 3.436691e+01 -4.575369e-01 
 3.436731e+01 -4.592182e-01 
 3.436770e+01 -4.606734e-01 
 3.436810e+01 -4.618832e-01 
 3.436850e+01 -4.630123e-01 
 3.436890e+01 -4.638680e-01 
 3.436929e+01 -4.644507e-01 
 3.436969e+01 -4.648930e-01 
 3.437009e+01 -4.651830e-01 
 3.437049e+01 -4.654400e-01 
 3.437088e+01 -4.657219e-01 
 3.437128e+01 -4.661032e-01 
 3.437168e+01 -4.664782e-01 
 3.437208e+01 -4.669440e-01 
 3.437248e+01 -4.674532e-01 
 3.437287e+01 -4.678870e-01 
 3.437327e+01 -4.682630e-01 
 3.437367e+01 -4.686370e-01 
 3.437407e+01 -4.690503e-01 
 3.437446e+01 -4.694142e-01 
 3.437486e+01 -4.696092e-01 
 3.437526e+01 -4.694888e-01 
 3.437566e+01 -4.689945e-01 
 3.437605e+01 -4.681745e-01 
 3.437645e+01 -4.672062e-01 
 3.437685e+01 -4.661225e-01 
 3.437725e+01 -4.651705e-01 
 3.437765e+01 -4.644119e-01 
 3.437804e+01 -4.638411e-01 
 3.437844e+01 -4.634306e-01 
 3.437884e+01 -4.632339e-01 
 3.437924e+01 -4.630941e-01 
 3.437963e+01 -4.630405e-01 
 3.438003e+01 -4.629724e-01 
 3.438043e+01 -4.628383e-01 
 3.438083e+01 -4.626628e-01 
 3.438122e+01 -4.623827e-01 
 3.438162e+01 -4.619471e-01 
 3.438202e+01 -4.611892e-01 
 3.438242e+01 -4.599417e-01 
 3.438282e+01 -4.583155e-01 
 3.438321e+01 -4.564712e-01 
 3.438361e+01 -4.545926e-01 
 3.438401e+01 -4.528095e-01 
 3.438441e+01 -4.511537e-01 
 3.438480e+01 -4.495974e-01 
 3.438520e+01 -4.479799e-01 
 3.438560e+01 -4.462082e-01 
 3.438600e+01 -4.441900e-01 
 3.438639e+01 -4.417415e-01 
 3.438679e+01 -4.387503e-01 
 3.438719e+01 -4.353326e-01 
 3.438759e+01 -4.316197e-01 
 3.438799e+01 -4.276719e-01 
 3.438838e+01 -4.235857e-01 
 3.438878e+01 -4.193120e-01 
 3.438918e+01 -4.148182e-01 
 3.438958e+01 -4.101422e-01 
 3.438997e+01 -4.054308e-01 
 3.439037e+01 -4.007445e-01 
 3.439077e+01 -3.961259e-01 
 3.439117e+01 -3.916002e-01 
 3.439156e+01 -3.871050e-01 
 3.439196e+01 -3.826426e-01 
 3.439236e+01 -3.781864e-01 
 3.439276e+01 -3.736833e-01 
 3.439316e+01 -3.690568e-01 
 3.439355e+01 -3.642428e-01 
 3.439395e+01 -3.591158e-01 
 3.439435e+01 -3.535633e-01 
 3.439475e+01 -3.475561e-01 
 3.439514e+01 -3.411176e-01 
 3.439554e+01 -3.342533e-01 
 3.439594e+01 -3.270004e-01 
 3.439634e+01 -3.194745e-01 
 3.439673e+01 -3.118299e-01 
 3.439713e+01 -3.041591e-01 
 3.439753e+01 -2.965525e-01 
 3.439793e+01 -2.890351e-01 
 3.439833e+01 -2.815338e-01 
 3.439872e+01 -2.739937e-01 
 3.439912e+01 -2.663714e-01 
 3.439952e+01 -2.586860e-01 
 3.439992e+01 -2.510100e-01 
 3.440031e+01 -2.434305e-01 
 3.440071e+01 -2.359038e-01 
 3.440111e+01 -2.283561e-01 
 3.440151e+01 -2.207126e-01 
 3.440190e+01 -2.128780e-01 
 3.440230e+01 -2.047857e-01 
 3.440270e+01 -1.964624e-01 
 3.440310e+01 -1.881538e-01 
 3.440350e+01 -1.799253e-01 
 3.440389e+01 -1.716855e-01 
 3.440429e+01 -1.635267e-01 
 3.440469e+01 -1.553204e-01 
 3.440509e+01 -1.468552e-01 
 3.440548e+01 -1.380191e-01 
 3.440588e+01 -1.289284e-01 
 3.440628e+01 -1.194521e-01 
 3.440668e+01 -1.094906e-01 
 3.440707e+01 -9.936678e-02 
 3.440747e+01 -8.934406e-02 
 3.440787e+01 -7.943005e-02 
 3.440827e+01 -6.950217e-02 
 3.440867e+01 -5.963612e-02 
 3.440906e+01 -4.978947e-02 
 3.440946e+01 -4.007051e-02 
 3.440986e+01 -3.072230e-02 
 3.441026e+01 -2.182286e-02 
 3.441065e+01 -1.322305e-02 
 3.441105e+01 -4.657327e-03 
 3.441145e+01  3.911348e-03 
 3.441185e+01  1.267937e-02 
 3.441224e+01  2.156976e-02 
 3.441264e+01  3.041456e-02 
 3.441304e+01  3.921846e-02 
 3.441344e+01  4.769567e-02 
 3.441384e+01  5.596308e-02 
 3.441423e+01  6.413048e-02 
 3.441463e+01  7.234931e-02 
 3.441503e+01  8.068977e-02 
 3.441543e+01  8.922188e-02 
 3.441582e+01  9.785049e-02 
 3.441622e+01  1.064712e-01 
 3.441662e+01  1.149929e-01 
 3.441702e+01  1.232666e-01 
 3.441741e+01  1.311924e-01 
 3.441781e+01  1.387714e-01 
 3.441821e+01  1.461048e-01 
 3.441861e+01  1.533225e-01 
 3.441901e+01  1.604991e-01 
 3.441940e+01  1.675761e-01 
 3.441980e+01  1.745272e-01 
 3.442020e+01  1.814073e-01 
 3.442060e+01  1.883209e-01 
 3.442099e+01  1.952575e-01 
 3.442139e+01  2.023310e-01 
 3.442179e+01  2.093615e-01 
 3.442219e+01  2.162070e-01 
 3.442258e+01  2.227959e-01 
 3.442298e+01  2.292333e-01 
 3.442338e+01  2.354919e-01 
 3.442378e+01  2.415247e-01 
 3.442418e+01  2.474123e-01 
 3.442457e+01  2.529921e-01 
 3.442497e+01  2.581076e-01 
 3.442537e+01  2.627440e-01 
 3.442577e+01  2.667998e-01 
 3.442616e+01  2.703022e-01 
 3.442656e+01  2.733573e-01 
 3.442696e+01  2.763380e-01 
 3.442736e+01  2.793558e-01 
 3.442775e+01  2.823876e-01 
 3.442815e+01  2.854009e-01 
 3.442855e+01  2.882898e-01 
 3.442895e+01  2.907901e-01 
 3.442935e+01  2.928735e-01 
 3.442974e+01  2.946928e-01 
 3.443014e+01  2.964611e-01 
 3.443054e+01  2.982355e-01 
 3.443094e+01  3.001506e-01 
 3.443133e+01  3.021680e-01 
 3.443173e+01  3.042649e-01 
 3.443213e+01  3.064270e-01 
 3.443253e+01  3.085139e-01 
 3.443292e+01  3.104862e-01 
 3.443332e+01  3.123630e-01 
 3.443372e+01  3.140887e-01 
 3.443412e+01  3.157271e-01 
 3.443452e+01  3.173759e-01 
 3.443491e+01  3.190175e-01 
 3.443531e+01  3.206650e-01 
 3.443571e+01  3.222638e-01 
 3.443611e+01  3.237943e-01 
 3.443650e+01  3.251746e-01 
 3.443690e+01  3.262121e-01 
 3.443730e+01  3.268694e-01 
 3.443770e+01  3.271545e-01 
 3.443809e+01  3.270623e-01 
 3.443849e+01  3.266104e-01 
 3.443889e+01  3.259147e-01 
 3.443929e+01  3.250165e-01 
 3.443969e+01  3.240931e-01 
 3.444008e+01  3.232511e-01 
 3.444048e+01  3.224124e-01 
 3.444088e+01  3.215450e-01 
 3.444128e+01  3.205796e-01 
 3.444167e+01  3.194561e-01 
 3.444207e+01  3.182051e-01 
 3.444247e+01  3.169070e-01 
 3.444287e+01  3.156188e-01 
 3.444327e+01  3.144124e-01 
 3.444366e+01  3.132460e-01 
 3.444406e+01  3.121256e-01 
 3.444446e+01  3.109659e-01 
 3.444486e+01  3.097155e-01 
 3.444525e+01  3.082595e-01 
 3.444565e+01  3.066002e-01 
 3.444605e+01  3.047067e-01 
 3.444645e+01  3.025459e-01 
 3.444684e+01  3.002382e-01 
 3.444724e+01  2.978492e-01 
 3.444764e+01  2.954648e-01 
 3.444804e+01  2.931407e-01 
 3.444844e+01  2.907749e-01 
 3.444883e+01  2.882291e-01 
 3.444923e+01  2.854553e-01 
 3.444963e+01  2.825283e-01 
 3.445003e+01  2.795948e-01 
 3.445042e+01  2.767762e-01 
 3.445082e+01  2.741530e-01 
 3.445122e+01  2.715762e-01 
 3.445162e+01  2.689261e-01 
 3.445201e+01  2.660586e-01 
 3.445241e+01  2.628609e-01 
 3.445281e+01  2.593142e-01 
 3.445321e+01  2.553831e-01 
 3.445361e+01  2.511322e-01 
 3.445400e+01  2.466516e-01 
 3.445440e+01  2.420047e-01 
 3.445480e+01  2.372387e-01 
 3.445520e+01  2.324018e-01 
 3.445559e+01  2.275081e-01 
 3.445599e+01  2.224603e-01 
 3.445639e+01  2.172263e-01 
 3.445679e+01  2.117331e-01 
 3.445718e+01  2.059345e-01 
 3.445758e+01  1.998141e-01 
 3.445798e+01  1.934210e-01 
 3.445838e+01  1.867632e-01 
 3.445878e+01  1.798669e-01 
 3.445917e+01  1.727126e-01 
 3.445957e+01  1.653530e-01 
 3.445997e+01  1.578314e-01 
 3.446037e+01  1.500800e-01 
 3.446076e+01  1.420128e-01 
 3.446116e+01  1.337526e-01 
 3.446156e+01  1.254449e-01 
 3.446196e+01  1.172381e-01 
 3.446235e+01  1.093491e-01 
 3.446275e+01  1.018383e-01 
 3.446315e+01  9.463334e-02 
 3.446355e+01  8.764080e-02 
 3.446395e+01  8.071334e-02 
 3.446434e+01  7.356601e-02 
 3.446474e+01  6.627142e-02 
 3.446514e+01  5.887520e-02 
 3.446554e+01  5.121647e-02 
 3.446593e+01  4.343178e-02 
 3.446633e+01  3.554194e-02 
 3.446673e+01  2.758250e-02 
 3.446713e+01  1.966625e-02 
 3.446752e+01  1.201510e-02 
 3.446792e+01  4.423229e-03 
 3.446832e+01 -3.095108e-03 
 3.446872e+01 -1.092221e-02 
 3.446912e+01 -1.882081e-02 
 3.446951e+01 -2.672415e-02 
 3.446991e+01 -3.433523e-02 
 3.447031e+01 -4.154680e-02 
 3.447071e+01 -4.858241e-02 
 3.447110e+01 -5.556649e-02 
 3.447150e+01 -6.251197e-02 
 3.447190e+01 -6.950719e-02 
 3.447230e+01 -7.641392e-02 
 3.447269e+01 -8.320100e-02 
 3.447309e+01 -8.975020e-02 
 3.447349e+01 -9.597093e-02 
 3.447389e+01 -1.017489e-01 
 3.447429e+01 -1.072769e-01 
 3.447468e+01 -1.126351e-01 
 3.447508e+01 -1.180377e-01 
 3.447548e+01 -1.235109e-01 
 3.447588e+01 -1.291161e-01 
 3.447627e+01 -1.347649e-01 
 3.447667e+01 -1.404835e-01 
 3.447707e+01 -1.463048e-01 
 3.447747e+01 -1.522407e-01 
 3.447786e+01 -1.581172e-01 
 3.447826e+01 -1.639774e-01 
 3.447866e+01 -1.697924e-01 
 3.447906e+01 -1.754097e-01 
 3.447946e+01 -1.809471e-01 
 3.447985e+01 -1.863122e-01 
 3.448025e+01 -1.915479e-01 
 3.448065e+01 -1.967073e-01 
 3.448105e+01 -2.017779e-01 
 3.448144e+01 -2.065695e-01 
 3.448184e+01 -2.109653e-01 
 3.448224e+01 -2.148574e-01 
 3.448264e+01 -2.182698e-01 
 3.448303e+01 -2.215015e-01 
 3.448343e+01 -2.247206e-01 
 3.448383e+01 -2.279429e-01 
 3.448423e+01 -2.313018e-01 
 3.448463e+01 -2.346952e-01 
 3.448502e+01 -2.379837e-01 
 3.448542e+01 -2.411032e-01 
 3.448582e+01 -2.440284e-01 
 3.448622e+01 -2.467154e-01 
 3.448661e+01 -2.493244e-01 
 3.448701e+01 -2.521377e-01 
 3.448741e+01 -2.552185e-01 
 3.448781e+01 -2.587341e-01 
 3.448820e+01 -2.623811e-01 
 3.448860e+01 -2.660659e-01 
 3.448900e+01 -2.697655e-01 
 3.448940e+01 -2.735132e-01 
 3.448980e+01 -2.773259e-01 
 3.449019e+01 -2.812157e-01 
 3.449059e+01 -2.851764e-01 
 3.449099e+01 -2.891325e-01 
 3.449139e+01 -2.929417e-01 
 3.449178e+01 -2.964734e-01 
 3.449218e+01 -2.995798e-01 
 3.449258e+01 -3.022253e-01 
 3.449298e+01 -3.046411e-01 
 3.449337e+01 -3.069515e-01 
 3.449377e+01 -3.091605e-01 
 3.449417e+01 -3.112611e-01 
 3.449457e+01 -3.131376e-01 
 3.449497e+01 -3.148299e-01 
 3.449536e+01 -3.164538e-01 
 3.449576e+01 -3.179082e-01 
 3.449616e+01 -3.193393e-01 
 3.449656e+01 -3.207329e-01 
 3.449695e+01 -3.220522e-01 
 3.449735e+01 -3.233427e-01 
 3.449775e+01 -3.246438e-01 
 3.449815e+01 -3.260594e-01 
 3.449854e+01 -3.275713e-01 
 3.449894e+01 -3.292084e-01 
 3.449934e+01 -3.308966e-01 
 3.449974e+01 -3.325187e-01 
 3.450014e+01 -3.339664e-01 
 3.450053e+01 -3.350785e-01 
 3.450093e+01 -3.358422e-01 
 3.450133e+01 -3.362765e-01 
 3.450173e+01 -3.365183e-01 
 3.450212e+01 -3.366891e-01 
 3.450252e+01 -3.367825e-01 
 3.450292e+01 -3.368193e-01 
 3.450332e+01 -3.368594e-01 
 3.450371e+01 -3.369151e-01 
 3.450411e+01 -3.370088e-01 
 3.450451e+01 -3.370424e-01 
 3.450491e+01 -3.370727e-01 
 3.450531e+01 -3.370026e-01 
 3.450570e+01 -3.368240e-01 
 3.450610e+01 -3.365538e-01 
 3.450650e+01 -3.363602e-01 
 3.450690e+01 -3.363491e-01 
 3.450729e+01 -3.365085e-01 
 3.450769e+01 -3.367660e-01 
 3.450809e+01 -3.369910e-01 
 3.450849e+01 -3.370803e-01 
 3.450888e+01 -3.370153e-01 
 3.450928e+01 -3.368922e-01 
 3.450968e+01 -3.369099e-01 
 3.451008e+01 -3.371353e-01 
 3.451048e+01 -3.375581e-01 
 3.451087e+01 -3.380266e-01 
 3.451127e+01 -3.382937e-01 
 3.451167e+01 -3.381114e-01 
 3.451207e+01 -3.372486e-01 
 3.451246e+01 -3.357720e-01 
 3.451286e+01 -3.338832e-01 
 3.451326e+01 -3.316085e-01 
 3.451366e+01 -3.290183e-01 
 3.451405e+01 -3.261045e-01 
 3.451445e+01 -3.229579e-01 
 3.451485e+01 -3.196647e-01 
 3.451525e+01 -3.163296e-01 
 3.451565e+01 -3.130043e-01 
 3.451604e+01 -3.097282e-01 
 3.451644e+01 -3.066768e-01 
 3.451684e+01 -3.038832e-01 
 3.451724e+01 -3.012251e-01 
 3.451763e+01 -2.986907e-01 
 3.451803e+01 -2.962429e-01 
 3.451843e+01 -2.938631e-01 
 3.451883e+01 -2.914198e-01 
 3.451922e+01 -2.888379e-01 
 3.451962e+01 -2.860387e-01 
 3.452002e+01 -2.829136e-01 
 3.452042e+01 -2.793300e-01 
 3.452082e+01 -2.755031e-01 
 3.452121e+01 -2.716603e-01 
 3.452161e+01 -2.679288e-01 
 3.452201e+01 -2.643414e-01 
 3.452241e+01 -2.607454e-01 
 3.452280e+01 -2.570203e-01 
 3.452320e+01 -2.530909e-01 
 3.452360e+01 -2.489479e-01 
 3.452400e+01 -2.444541e-01 
 3.452439e+01 -2.396730e-01 
 3.452479e+01 -2.346593e-01 
 3.452519e+01 -2.293506e-01 
 3.452559e+01 -2.236416e-01 
 3.452599e+01 -2.175839e-01 
 3.452638e+01 -2.112101e-01 
 3.452678e+01 -2.045905e-01 
 3.452718e+01 -1.977506e-01 
 3.452758e+01 -1.907808e-01 
 3.452797e+01 -1.835371e-01 
 3.452837e+01 -1.760558e-01 
 3.452877e+01 -1.685387e-01 
 3.452917e+01 -1.612260e-01 
 3.452956e+01 -1.541626e-01 
 3.452996e+01 -1.472916e-01 
 3.453036e+01 -1.404031e-01 
 3.453076e+01 -1.332329e-01 
 3.453116e+01 -1.255977e-01 
 3.453155e+01 -1.175261e-01 
 3.453195e+01 -1.090415e-01 
 3.453235e+01 -1.001693e-01 
 3.453275e+01 -9.120465e-02 
 3.453314e+01 -8.231565e-02 
 3.453354e+01 -7.358897e-02 
 3.453394e+01 -6.490526e-02 
 3.453434e+01 -5.608657e-02 
 3.453474e+01 -4.699677e-02 
 3.453513e+01 -3.760589e-02 
 3.453553e+01 -2.816701e-02 
 3.453593e+01 -1.890168e-02 
 3.453633e+01 -9.937422e-03 
 3.453672e+01 -1.504406e-03 
 3.453712e+01  6.515012e-03 
 3.453752e+01  1.432397e-02 
 3.453792e+01  2.209679e-02 
 3.453831e+01  3.007877e-02 
 3.453871e+01  3.815896e-02 
 3.453911e+01  4.634323e-02 
 3.453951e+01  5.436817e-02 
 3.453991e+01  6.228342e-02 
 3.454030e+01  7.006229e-02 
 3.454070e+01  7.770741e-02 
 3.454110e+01  8.504309e-02 
 3.454150e+01  9.197120e-02 
 3.454189e+01  9.856952e-02 
 3.454229e+01  1.048856e-01 
 3.454269e+01  1.112675e-01 
 3.454309e+01  1.178364e-01 
 3.454348e+01  1.245935e-01 
 3.454388e+01  1.315762e-01 
 3.454428e+01  1.385917e-01 
 3.454468e+01  1.453945e-01 
 3.454508e+01  1.518168e-01 
 3.454547e+01  1.578178e-01 
 3.454587e+01  1.636193e-01 
 3.454627e+01  1.693481e-01 
 3.454667e+01  1.751951e-01 
 3.454706e+01  1.811905e-01 
 3.454746e+01  1.872804e-01 
 3.454786e+01  1.932274e-01 
 3.454826e+01  1.989526e-01 
 3.454865e+01  2.043380e-01 
 3.454905e+01  2.092842e-01 
 3.454945e+01  2.139722e-01 
 3.454985e+01  2.185515e-01 
 3.455025e+01  2.230676e-01 
 3.455064e+01  2.275984e-01 
 3.455104e+01  2.321907e-01 
 3.455144e+01  2.367278e-01 
 3.455184e+01  2.411958e-01 
 3.455223e+01  2.456094e-01 
 3.455263e+01  2.499334e-01 
 3.455303e+01  2.540910e-01 
 3.455343e+01  2.581439e-01 
 3.455382e+01  2.622653e-01 
 3.455422e+01  2.666625e-01 
 3.455462e+01  2.712861e-01 
 3.455502e+01  2.760483e-01 
 3.455542e+01  2.807529e-01 
 3.455581e+01  2.851957e-01 
 3.455621e+01  2.894592e-01 
 3.455661e+01  2.936605e-01 
 3.455701e+01  2.978029e-01 
 3.455740e+01  3.019508e-01 
 3.455780e+01  3.061802e-01 
 3.455820e+01  3.105045e-01 
 3.455860e+01  3.147954e-01 
 3.455899e+01  3.188756e-01 
 3.455939e+01  3.226212e-01 
 3.455979e+01  3.259474e-01 
 3.456019e+01  3.290054e-01 
 3.456059e+01  3.318981e-01 
 3.456098e+01  3.345566e-01 
 3.456138e+01  3.369649e-01 
 3.456178e+01  3.390688e-01 
 3.456218e+01  3.408800e-01 
 3.456257e+01  3.425463e-01 
 3.456297e+01  3.441875e-01 
 3.456337e+01  3.459119e-01 
 3.456377e+01  3.477311e-01 
 3.456416e+01  3.496685e-01 
 3.456456e+01  3.515822e-01 
 3.456496e+01  3.533308e-01 
 3.456536e+01  3.548422e-01 
 3.456576e+01  3.561137e-01 
 3.456615e+01  3.572287e-01 
 3.456655e+01  3.582077e-01 
 3.456695e+01  3.590478e-01 
 3.456735e+01  3.596531e-01 
 3.456774e+01  3.598618e-01 
 3.456814e+01  3.596978e-01 
 3.456854e+01  3.593588e-01 
 3.456894e+01  3.590588e-01 
 3.456933e+01  3.588688e-01 
 3.456973e+01  3.588300e-01 
 3.457013e+01  3.589197e-01 
 3.457053e+01  3.591502e-01 
 3.457093e+01  3.594767e-01 
 3.457132e+01  3.598696e-01 
 3.457172e+01  3.602753e-01 
 3.457212e+01  3.607147e-01 
 3.457252e+01  3.611289e-01 
 3.457291e+01  3.614151e-01 
 3.457331e+01  3.614127e-01 
 3.457371e+01  3.610983e-01 
 3.457411e+01  3.605404e-01 
 3.457450e+01  3.598904e-01 
 3.457490e+01  3.592800e-01 
 3.457530e+01  3.588140e-01 
 3.457570e+01  3.584868e-01 
 3.457610e+01  3.582155e-01 
 3.457649e+01  3.579482e-01 
 3.457689e+01  3.576509e-01 
 3.457729e+01  3.573606e-01 
 3.457769e+01  3.571872e-01 
 3.457808e+01  3.571223e-01 
 3.457848e+01  3.570741e-01 
 3.457888e+01  3.569732e-01 
 3.457928e+01  3.566199e-01 
 3.457967e+01  3.558664e-01 
 3.458007e+01  3.546390e-01 
 3.458047e+01  3.529752e-01 
 3.458087e+01  3.508486e-01 
 3.458127e+01  3.482715e-01 
 3.458166e+01  3.452653e-01 
 3.458206e+01  3.419935e-01 
 3.458246e+01  3.386060e-01 
 3.458286e+01  3.352432e-01 
 3.458325e+01  3.319586e-01 
 3.458365e+01  3.287796e-01 
 3.458405e+01  3.255411e-01 
 3.458445e+01  3.220014e-01 
 3.458484e+01  3.180138e-01 
 3.458524e+01  3.135158e-01 
 3.458564e+01  3.085714e-01 
 3.458604e+01  3.034093e-01 
 3.458644e+01  2.982722e-01 
 3.458683e+01  2.932273e-01 
 3.458723e+01  2.882151e-01 
 3.458763e+01  2.830651e-01 
 3.458803e+01  2.777078e-01 
 3.458842e+01  2.721911e-01 
 3.458882e+01  2.665909e-01 
 3.458922e+01  2.610197e-01 
 3.458962e+01  2.555745e-01 
 3.459001e+01  2.502876e-01 
 3.459041e+01  2.451501e-01 
 3.459081e+01  2.401521e-01 
 3.459121e+01  2.352137e-01 
 3.459161e+01  2.301953e-01 
 3.459200e+01  2.249384e-01 
 3.459240e+01  2.194088e-01 
 3.459280e+01  2.136470e-01 
 3.459320e+01  2.075856e-01 
 3.459359e+01  2.011917e-01 
 3.459399e+01  1.945218e-01 
 3.459439e+01  1.876527e-01 
 3.459479e+01  1.806809e-01 
 3.459518e+01  1.736900e-01 
 3.459558e+01  1.667820e-01 
 3.459598e+01  1.599496e-01 
 3.459638e+01  1.529740e-01 
 3.459678e+01  1.458787e-01 
 3.459717e+01  1.387813e-01 
 3.459757e+01  1.317687e-01 
 3.459797e+01  1.248020e-01 
 3.459837e+01  1.180169e-01 
 3.459876e+01  1.114510e-01 
 3.459916e+01  1.050124e-01 
 3.459956e+01  9.856437e-02 
 3.459996e+01  9.207012e-02 
 3.460035e+01  8.539027e-02 
 3.460075e+01  7.846349e-02 
 3.460115e+01  7.136127e-02 
 3.460155e+01  6.420863e-02 
 3.460195e+01  5.709757e-02 
 3.460234e+01  5.012217e-02 
 3.460274e+01  4.337561e-02 
 3.460314e+01  3.679189e-02 
 3.460354e+01  3.035850e-02 
 3.460393e+01  2.390878e-02 
 3.460433e+01  1.741283e-02 
 3.460473e+01  1.078199e-02 
 3.460513e+01  4.009340e-03 
 3.460552e+01 -2.859104e-03 
 3.460592e+01 -9.673824e-03 
 3.460632e+01 -1.632927e-02 
 3.460672e+01 -2.285051e-02 
 3.460712e+01 -2.921877e-02 
 3.460751e+01 -3.549387e-02 
 3.460791e+01 -4.161962e-02 
 3.460831e+01 -4.752088e-02 
 3.460871e+01 -5.307231e-02 
 3.460910e+01 -5.815770e-02 
 3.460950e+01 -6.296813e-02 
 3.460990e+01 -6.761226e-02 
 3.461030e+01 -7.221271e-02 
 3.461069e+01 -7.682200e-02 
 3.461109e+01 -8.154921e-02 
 3.461149e+01 -8.634050e-02 
 3.461189e+01 -9.121152e-02 
 3.461229e+01 -9.621091e-02 
 3.461268e+01 -1.013882e-01 
 3.461308e+01 -1.067384e-01 
 3.461348e+01 -1.123095e-01 
 3.461388e+01 -1.180960e-01 
 3.461427e+01 -1.239065e-01 
 3.461467e+01 -1.294232e-01 
 3.461507e+01 -1.344806e-01 
 3.461547e+01 -1.389987e-01 
 3.461586e+01 -1.431442e-01 
 3.461626e+01 -1.470929e-01 
 3.461666e+01 -1.510662e-01 
 3.461706e+01 -1.550309e-01 
 3.461746e+01 -1.589167e-01 
 3.461785e+01 -1.626218e-01 
 3.461825e+01 -1.661741e-01 
 3.461865e+01 -1.696263e-01 
 3.461905e+01 -1.729788e-01 
 3.461944e+01 -1.762686e-01 
 3.461984e+01 -1.796759e-01 
 3.462024e+01 -1.833607e-01 
 3.462064e+01 -1.870187e-01 
 3.462103e+01 -1.906199e-01 
 3.462143e+01 -1.941299e-01 
 3.462183e+01 -1.975852e-01 
 3.462223e+01 -2.009591e-01 
 3.462263e+01 -2.043181e-01 
 3.462302e+01 -2.076265e-01 
 3.462342e+01 -2.107949e-01 
 3.462382e+01 -2.138956e-01 
 3.462422e+01 -2.169390e-01 
 3.462461e+01 -2.200758e-01 
 3.462501e+01 -2.234346e-01 
 3.462541e+01 -2.269136e-01 
 3.462581e+01 -2.303917e-01 
 3.462621e+01 -2.336983e-01 
 3.462660e+01 -2.368012e-01 
 3.462700e+01 -2.396211e-01 
 3.462740e+01 -2.420812e-01 
 3.462780e+01 -2.442216e-01 
 3.462819e+01 -2.461140e-01 
 3.462859e+01 -2.477452e-01 
 3.462899e+01 -2.491347e-01 
 3.462939e+01 -2.504621e-01 
 3.462978e+01 -2.517716e-01 
 3.463018e+01 -2.531707e-01 
 3.463058e+01 -2.546709e-01 
 3.463098e+01 -2.562675e-01 
 3.463138e+01 -2.579627e-01 
 3.463177e+01 -2.596091e-01 
 3.463217e+01 -2.612170e-01 
 3.463257e+01 -2.627973e-01 
 3.463297e+01 -2.643376e-01 
 3.463336e+01 -2.658833e-01 
 3.463376e+01 -2.674349e-01 
 3.463416e+01 -2.689238e-01 
 3.463456e+01 -2.703329e-01 
 3.463495e+01 -2.715856e-01 
 3.463535e+01 -2.725715e-01 
 3.463575e+01 -2.733626e-01 
 3.463615e+01 -2.741029e-01 
 3.463655e+01 -2.749761e-01 
 3.463694e+01 -2.760613e-01 
 3.463734e+01 -2.773213e-01 
 3.463774e+01 -2.785872e-01 
 3.463814e+01 -2.798114e-01 
 3.463853e+01 -2.809178e-01 
 3.463893e+01 -2.818984e-01 
 3.463933e+01 -2.828447e-01 
 3.463973e+01 -2.838737e-01 
 3.464012e+01 -2.849156e-01 
 3.464052e+01 -2.858143e-01 
 3.464092e+01 -2.865629e-01 
 3.464132e+01 -2.870752e-01 
 3.464172e+01 -2.873133e-01 
 3.464211e+01 -2.871581e-01 
 3.464251e+01 -2.869806e-01 
 3.464291e+01 -2.866969e-01 
 3.464331e+01 -2.862645e-01 
 3.464370e+01 -2.857652e-01 
 3.464410e+01 -2.851860e-01 
 3.464450e+01 -2.844869e-01 
 3.464490e+01 -2.837686e-01 
 3.464529e+01 -2.831941e-01 
 3.464569e+01 -2.828422e-01 
 3.464609e+01 -2.826699e-01 
 3.464649e+01 -2.824646e-01 
 3.464689e+01 -2.820110e-01 
 3.464728e+01 -2.810405e-01 
 3.464768e+01 -2.795583e-01 
 3.464808e+01 -2.777757e-01 
 3.464848e+01 -2.758799e-01 
 3.464887e+01 -2.739781e-01 
 3.464927e+01 -2.721437e-01 
 3.464967e+01 -2.703184e-01 
 3.465007e+01 -2.684067e-01 
 3.465046e+01 -2.664212e-01 
 3.465086e+01 -2.642748e-01 
 3.465126e+01 -2.621559e-01 
 3.465166e+01 -2.601112e-01 
 3.465206e+01 -2.581294e-01 
 3.465245e+01 -2.562815e-01 
 3.465285e+01 -2.544663e-01 
 3.465325e+01 -2.525799e-01 
 3.465365e+01 -2.505949e-01 
 3.465404e+01 -2.484916e-01 
 3.465444e+01 -2.462337e-01 
 3.465484e+01 -2.438106e-01 
 3.465524e+01 -2.412368e-01 
 3.465563e+01 -2.382779e-01 
 3.465603e+01 -2.349628e-01 
 3.465643e+01 -2.313079e-01 
 3.465683e+01 -2.273681e-01 
 3.465723e+01 -2.233179e-01 
 3.465762e+01 -2.191794e-01 
 3.465802e+01 -2.149789e-01 
 3.465842e+01 -2.106653e-01 
 3.465882e+01 -2.061235e-01 
 3.465921e+01 -2.012531e-01 
 3.465961e+01 -1.960739e-01 
 3.466001e+01 -1.906061e-01 
 3.466041e+01 -1.848429e-01 
 3.466080e+01 -1.787247e-01 
 3.466120e+01 -1.723616e-01 
 3.466160e+01 -1.659642e-01 
 3.466200e+01 -1.596119e-01 
 3.466240e+01 -1.534157e-01 
 3.466279e+01 -1.473362e-01 
 3.466319e+01 -1.412307e-01 
 3.466359e+01 -1.350496e-01 
 3.466399e+01 -1.288818e-01 
 3.466438e+01 -1.228440e-01 
 3.466478e+01 -1.169229e-01 
 3.466518e+01 -1.110362e-01 
 3.466558e+01 -1.051514e-01 
 3.466597e+01 -9.910728e-02 
 3.466637e+01 -9.293642e-02 
 3.466677e+01 -8.659489e-02 
 3.466717e+01 -8.002172e-02 
 3.466757e+01 -7.316274e-02 
 3.466796e+01 -6.609232e-02 
 3.466836e+01 -5.896134e-02 
 3.466876e+01 -5.179482e-02 
 3.466916e+01 -4.476908e-02 
 3.466955e+01 -3.785079e-02 
 3.466995e+01 -3.089965e-02 
 3.467035e+01 -2.396881e-02 
 3.467075e+01 -1.709589e-02 
 3.467114e+01 -1.032037e-02 
 3.467154e+01 -3.651910e-03 
 3.467194e+01  3.053408e-03 
 3.467234e+01  9.750240e-03 
 3.467274e+01  1.637654e-02 
 3.467313e+01  2.282728e-02 
 3.467353e+01  2.906307e-02 
 3.467393e+01  3.516326e-02 
 3.467433e+01  4.118900e-02 
 3.467472e+01  4.720343e-02 
 3.467512e+01  5.329794e-02 
 3.467552e+01  5.949514e-02 
 3.467592e+01  6.560896e-02 
 3.467631e+01  7.142397e-02 
 3.467671e+01  7.703240e-02 
 3.467711e+01  8.231689e-02 
 3.467751e+01  8.738180e-02 
 3.467791e+01  9.229423e-02 
 3.467830e+01  9.715718e-02 
 3.467870e+01  1.020257e-01 
 3.467910e+01  1.069717e-01 
 3.467950e+01  1.119186e-01 
 3.467989e+01  1.168267e-01 
 3.468029e+01  1.216399e-01 
 3.468069e+01  1.261798e-01 
 3.468109e+01  1.304964e-01 
 3.468148e+01  1.345517e-01 
 3.468188e+01  1.384276e-01 
 3.468228e+01  1.421668e-01 
 3.468268e+01  1.458121e-01 
 3.468308e+01  1.494059e-01 
 3.468347e+01  1.530236e-01 
 3.468387e+01  1.567168e-01 
 3.468427e+01  1.603834e-01 
 3.468467e+01  1.641255e-01 
 3.468506e+01  1.680220e-01 
 3.468546e+01  1.720291e-01 
 3.468586e+01  1.762151e-01 
 3.468626e+01  1.807563e-01 
 3.468665e+01  1.856733e-01 
 3.468705e+01  1.908571e-01 
 3.468745e+01  1.962016e-01 
 3.468785e+01  2.014993e-01 
 3.468825e+01  2.065145e-01 
 3.468864e+01  2.110607e-01 
 3.468904e+01  2.150433e-01 
 3.468944e+01  2.185094e-01 
 3.468984e+01  2.216773e-01 
 3.469023e+01  2.245004e-01 
 3.469063e+01  2.270186e-01 
 3.469103e+01  2.293281e-01 
 3.469143e+01  2.314747e-01 
 3.469182e+01  2.335081e-01 
 3.469222e+01  2.354288e-01 
 3.469262e+01  2.372876e-01 
 3.469302e+01  2.392157e-01 
 3.469342e+01  2.412557e-01 
 3.469381e+01  2.433131e-01 
 3.469421e+01  2.453467e-01 
 3.469461e+01  2.473132e-01 
 3.469501e+01  2.491197e-01 
 3.469540e+01  2.507482e-01 
 3.469580e+01  2.522180e-01 
 3.469620e+01  2.536286e-01 
 3.469660e+01  2.550698e-01 
 3.469699e+01  2.564373e-01 
 3.469739e+01  2.576623e-01 
 3.469779e+01  2.587692e-01 
 3.469819e+01  2.598695e-01 
 3.469859e+01  2.609896e-01 
 3.469898e+01  2.622927e-01 
 3.469938e+01  2.639264e-01 
 3.469978e+01  2.658329e-01 
 3.470018e+01  2.678076e-01 
 3.470057e+01  2.697043e-01 
 3.470097e+01  2.713768e-01 
 3.470137e+01  2.727822e-01 
 3.470177e+01  2.739257e-01 
 3.470216e+01  2.748086e-01 
 3.470256e+01  2.755860e-01 
 3.470296e+01  2.761611e-01 
 3.470336e+01  2.764349e-01 
 3.470376e+01  2.764895e-01 
 3.470415e+01  2.764048e-01 
 3.470455e+01  2.762331e-01 
 3.470495e+01  2.761539e-01 
 3.470535e+01  2.763131e-01 
 3.470574e+01  2.767019e-01 
 3.470614e+01  2.771864e-01 
 3.470654e+01  2.777008e-01 
 3.470694e+01  2.782086e-01 
 3.470733e+01  2.786753e-01 
 3.470773e+01  2.789912e-01 
 3.470813e+01  2.791222e-01 
 3.470853e+01  2.790421e-01 
 3.470893e+01  2.786797e-01 
 3.470932e+01  2.780556e-01 
 3.470972e+01  2.771747e-01 
 3.471012e+01  2.759749e-01 
 3.471052e+01  2.744148e-01 
 3.471091e+01  2.725964e-01 
 3.471131e+01  2.707133e-01 
 3.471171e+01  2.689103e-01 
 3.471211e+01  2.672644e-01 
 3.471250e+01  2.657411e-01 
 3.471290e+01  2.642493e-01 
 3.471330e+01  2.627505e-01 
 3.471370e+01  2.612678e-01 
 3.471410e+01  2.597632e-01 
 3.471449e+01  2.583227e-01 
 3.471489e+01  2.568416e-01 
 3.471529e+01  2.551692e-01 
 3.471569e+01  2.532471e-01 
 3.471608e+01  2.510606e-01 
 3.471648e+01  2.485404e-01 
 3.471688e+01  2.458253e-01 
 3.471728e+01  2.430928e-01 
 3.471767e+01  2.404765e-01 
 3.471807e+01  2.380950e-01 
 3.471847e+01  2.359654e-01 
 3.471887e+01  2.340699e-01 
 3.471927e+01  2.323805e-01 
 3.471966e+01  2.307812e-01 
 3.472006e+01  2.292337e-01 
 3.472046e+01  2.276319e-01 
 3.472086e+01  2.259022e-01 
 3.472125e+01  2.240227e-01 
 3.472165e+01  2.219367e-01 
 3.472205e+01  2.195458e-01 
 3.472245e+01  2.167309e-01 
 3.472285e+01  2.133421e-01 
 3.472324e+01  2.094913e-01 
 3.472364e+01  2.052633e-01 
 3.472404e+01  2.007593e-01 
 3.472444e+01  1.960637e-01 
 3.472483e+01  1.912435e-01 
 3.472523e+01  1.864021e-01 
 3.472563e+01  1.815718e-01 
 3.472603e+01  1.768897e-01 
 3.472642e+01  1.724879e-01 
 3.472682e+01  1.683222e-01 
 3.472722e+01  1.643407e-01 
 3.472762e+01  1.604863e-01 
 3.472802e+01  1.566107e-01 
 3.472841e+01  1.526906e-01 
 3.472881e+01  1.486601e-01 
 3.472921e+01  1.445383e-01 
 3.472961e+01  1.402841e-01 
 3.473000e+01  1.360238e-01 
 3.473040e+01  1.316597e-01 
 3.473080e+01  1.272545e-01 
 3.473120e+01  1.228661e-01 
 3.473159e+01  1.185456e-01 
 3.473199e+01  1.143962e-01 
 3.473239e+01  1.102912e-01 
 3.473279e+01  1.061348e-01 
 3.473319e+01  1.019124e-01 
 3.473358e+01  9.749003e-02 
 3.473398e+01  9.297916e-02 
 3.473438e+01  8.847172e-02 
 3.473478e+01  8.384393e-02 
 3.473517e+01  7.901016e-02 
 3.473557e+01  7.399832e-02 
 3.473597e+01  6.903059e-02 
 3.473637e+01  6.419732e-02 
 3.473676e+01  5.963311e-02 
 3.473716e+01  5.527578e-02 
 3.473756e+01  5.102577e-02 
 3.473796e+01  4.693585e-02 
 3.473836e+01  4.295512e-02 
 3.473875e+01  3.893524e-02 
 3.473915e+01  3.481646e-02 
 3.473955e+01  3.062532e-02 
 3.473995e+01  2.637305e-02 
 3.474034e+01  2.214308e-02 
 3.474074e+01  1.799806e-02 
 3.474114e+01  1.398225e-02 
 3.474154e+01  9.895893e-03 
 3.474193e+01  5.539036e-03 
 3.474233e+01  8.863430e-04 
 3.474273e+01 -3.873714e-03 
 3.474313e+01 -8.662319e-03 
 3.474353e+01 -1.341813e-02 
 3.474392e+01 -1.800772e-02 
 3.474432e+01 -2.226175e-02 
 3.474472e+01 -2.627387e-02 
 3.474512e+01 -3.004261e-02 
 3.474551e+01 -3.358971e-02 
 3.474591e+01 -3.700351e-02 
 3.474631e+01 -4.043912e-02 
 3.474671e+01 -4.388857e-02 
 3.474710e+01 -4.735389e-02 
 3.474750e+01 -5.087344e-02 
 3.474790e+01 -5.450837e-02 
 3.474830e+01 -5.817761e-02 
 3.474870e+01 -6.195408e-02 
 3.474909e+01 -6.572060e-02 
 3.474949e+01 -6.958432e-02 
 3.474989e+01 -7.373647e-02 
 3.475029e+01 -7.787368e-02 
 3.475068e+01 -8.200160e-02 
 3.475108e+01 -8.615859e-02 
 3.475148e+01 -9.030611e-02 
 3.475188e+01 -9.457968e-02 
 3.475227e+01 -9.903993e-02 
 3.475267e+01 -1.037907e-01 
 3.475307e+01 -1.084815e-01 
 3.475347e+01 -1.133417e-01 
 3.475387e+01 -1.183587e-01 
 3.475426e+01 -1.233849e-01 
 3.475466e+01 -1.283861e-01 
 3.475506e+01 -1.337881e-01 
 3.475546e+01 -1.391923e-01 
 3.475585e+01 -1.444513e-01 
 3.475625e+01 -1.496561e-01 
 3.475665e+01 -1.545561e-01 
 3.475705e+01 -1.591060e-01 
 3.475744e+01 -1.635708e-01 
 3.475784e+01 -1.678038e-01 
 3.475824e+01 -1.718690e-01 
 3.475864e+01 -1.759232e-01 
 3.475904e+01 -1.800710e-01 
 3.475943e+01 -1.843208e-01 
 3.475983e+01 -1.885873e-01 
 3.476023e+01 -1.926928e-01 
 3.476063e+01 -1.966740e-01 
 3.476102e+01 -2.005850e-01 
 3.476142e+01 -2.045678e-01 
 3.476182e+01 -2.085816e-01 
 3.476222e+01 -2.126936e-01 
 3.476261e+01 -2.170164e-01 
 3.476301e+01 -2.213740e-01 
 3.476341e+01 -2.256891e-01 
 3.476381e+01 -2.297731e-01 
 3.476421e+01 -2.335439e-01 
 3.476460e+01 -2.370408e-01 
 3.476500e+01 -2.404212e-01 
 3.476540e+01 -2.438189e-01 
 3.476580e+01 -2.473765e-01 
 3.476619e+01 -2.511134e-01 
 3.476659e+01 -2.549885e-01 
 3.476699e+01 -2.589985e-01 
 3.476739e+01 -2.631815e-01 
 3.476778e+01 -2.673334e-01 
 3.476818e+01 -2.712819e-01 
 3.476858e+01 -2.749448e-01 
 3.476898e+01 -2.780987e-01 
 3.476938e+01 -2.810921e-01 
 3.476977e+01 -2.838254e-01 
 3.477017e+01 -2.862879e-01 
 3.477057e+01 -2.883351e-01 
 3.477097e+01 -2.900854e-01 
 3.477136e+01 -2.918814e-01 
 3.477176e+01 -2.936838e-01 
 3.477216e+01 -2.952905e-01 
 3.477256e+01 -2.967432e-01 
 3.477295e+01 -2.979123e-01 
 3.477335e+01 -2.989331e-01 
 3.477375e+01 -3.000115e-01 
 3.477415e+01 -3.014668e-01 
 3.477455e+01 -3.032846e-01 
 3.477494e+01 -3.054435e-01 
 3.477534e+01 -3.076300e-01 
 3.477574e+01 -3.095636e-01 
 3.477614e+01 -3.110579e-01 
 3.477653e+01 -3.119779e-01 
 3.477693e+01 -3.125286e-01 
 3.477733e+01 -3.130718e-01 
 3.477773e+01 -3.138546e-01 
 3.477812e+01 -3.146910e-01 
 3.477852e+01 -3.154823e-01 
 3.477892e+01 -3.161578e-01 
 3.477932e+01 -3.165545e-01 
 3.477972e+01 -3.166619e-01 
 3.478011e+01 -3.164606e-01 
 3.478051e+01 -3.161683e-01 
 3.478091e+01 -3.160273e-01 
 3.478131e+01 -3.161271e-01 
 3.478170e+01 -3.165000e-01 
 3.478210e+01 -3.170465e-01 
 3.478250e+01 -3.173859e-01 
 3.478290e+01 -3.174852e-01 
 3.478329e+01 -3.173899e-01 
 3.478369e+01 -3.172006e-01 
 3.478409e+01 -3.167603e-01 
 3.478449e+01 -3.161606e-01 
 3.478489e+01 -3.153945e-01 
 3.478528e+01 -3.145757e-01 
 3.478568e+01 -3.139835e-01 
 3.478608e+01 -3.137823e-01 
 3.478648e+01 -3.138453e-01 
 3.478687e+01 -3.140086e-01 
 3.478727e+01 -3.140372e-01 
 3.478767e+01 -3.137054e-01 
 3.478807e+01 -3.128348e-01 
 3.478846e+01 -3.113271e-01 
 3.478886e+01 -3.093760e-01 
 3.478926e+01 -3.071786e-01 
 3.478966e+01 -3.048576e-01 
 3.479006e+01 -3.023823e-01 
 3.479045e+01 -2.997434e-01 
 3.479085e+01 -2.968013e-01 
 3.479125e+01 -2.934029e-01 
 3.479165e+01 -2.896222e-01 
 3.479204e+01 -2.856004e-01 
 3.479244e+01 -2.814450e-01 
 3.479284e+01 -2.771597e-01 
 3.479324e+01 -2.730393e-01 
 3.479363e+01 -2.690765e-01 
 3.479403e+01 -2.654301e-01 
 3.479443e+01 -2.620475e-01 
 3.479483e+01 -2.588803e-01 
 3.479523e+01 -2.559104e-01 
 3.479562e+01 -2.527823e-01 
 3.479602e+01 -2.492651e-01 
 3.479642e+01 -2.453360e-01 
 3.479682e+01 -2.410151e-01 
 3.479721e+01 -2.364726e-01 
 3.479761e+01 -2.320054e-01 
 3.479801e+01 -2.276186e-01 
 3.479841e+01 -2.232891e-01 
 3.479880e+01 -2.188842e-01 
 3.479920e+01 -2.143624e-01 
 3.479960e+01 -2.095207e-01 
 3.480000e+01 -2.042758e-01 
 3.480040e+01 -1.987194e-01 
 3.480079e+01 -1.931118e-01 
 3.480119e+01 -1.875625e-01 
 3.480159e+01 -1.820890e-01 
 3.480199e+01 -1.765379e-01 
 3.480238e+01 -1.705852e-01 
 3.480278e+01 -1.641158e-01 
 3.480318e+01 -1.573795e-01 
 3.480358e+01 -1.506231e-01 
 3.480397e+01 -1.438993e-01 
 3.480437e+01 -1.372299e-01 
 3.480477e+01 -1.306120e-01 
 3.480517e+01 -1.242844e-01 
 3.480557e+01 -1.183136e-01 
 3.480596e+01 -1.126890e-01 
 3.480636e+01 -1.074164e-01 
 3.480676e+01 -1.021953e-01 
 3.480716e+01 -9.675497e-02 
 3.480755e+01 -9.110743e-02 
 3.480795e+01 -8.522710e-02 
 3.480835e+01 -7.927416e-02 
 3.480875e+01 -7.343184e-02 
 3.480914e+01 -6.770791e-02 
 3.480954e+01 -6.230595e-02 
 3.480994e+01 -5.701682e-02 
 3.481034e+01 -5.170402e-02 
 3.481074e+01 -4.626158e-02 
 3.481113e+01 -4.063085e-02 
 3.481153e+01 -3.496729e-02 
 3.481193e+01 -2.930177e-02 
 3.481233e+01 -2.383341e-02 
 3.481272e+01 -1.887844e-02 
 3.481312e+01 -1.435271e-02 
 3.481352e+01 -1.011009e-02 
 3.481392e+01 -5.892561e-03 
 3.481432e+01 -1.540623e-03 
 3.481471e+01  3.258214e-03 
 3.481511e+01  8.235300e-03 
 3.481551e+01  1.298047e-02 
 3.481591e+01  1.749779e-02 
 3.481630e+01  2.184866e-02 
 3.481670e+01  2.606285e-02 
 3.481710e+01  3.031385e-02 
 3.481750e+01  3.425870e-02 
 3.481789e+01  3.779972e-02 
 3.481829e+01  4.122382e-02 
 3.481869e+01  4.474200e-02 
 3.481909e+01  4.833532e-02 
 3.481949e+01  5.195966e-02 
 3.481988e+01  5.550134e-02 
 3.482028e+01  5.881174e-02 
 3.482068e+01  6.193195e-02 
 3.482108e+01  6.505174e-02 
 3.482147e+01  6.840227e-02 
 3.482187e+01  7.200906e-02 
 3.482227e+01  7.605292e-02 
 3.482267e+01  8.048549e-02 
 3.482306e+01  8.522612e-02 
 3.482346e+01  8.968806e-02 
 3.482386e+01  9.381162e-02 
 3.482426e+01  9.734693e-02 
 3.482466e+01  1.003436e-01 
 3.482505e+01  1.029453e-01 
 3.482545e+01  1.056105e-01 
 3.482585e+01  1.085824e-01 
 3.482625e+01  1.119192e-01 
 3.482664e+01  1.154840e-01 
 3.482704e+01  1.192053e-01 
 3.482744e+01  1.227934e-01 
 3.482784e+01  1.260512e-01 
 3.482823e+01  1.290715e-01 
 3.482863e+01  1.317226e-01 
 3.482903e+01  1.340630e-01 
 3.482943e+01  1.362279e-01 
 3.482983e+01  1.385839e-01 
 3.483022e+01  1.412589e-01 
 3.483062e+01  1.442516e-01 
 3.483102e+01  1.473867e-01 
 3.483142e+01  1.504406e-01 
 3.483181e+01  1.531254e-01 
 3.483221e+01  1.555044e-01 
 3.483261e+01  1.576818e-01 
 3.483301e+01  1.598037e-01 
 3.483340e+01  1.620385e-01 
 3.483380e+01  1.645940e-01 
 3.483420e+01  1.674279e-01 
 3.483460e+01  1.704607e-01 
 3.483500e+01  1.733748e-01 
 3.483539e+01  1.759105e-01 
 3.483579e+01  1.778111e-01 
 3.483619e+01  1.790621e-01 
 3.483659e+01  1.798161e-01 
 3.483698e+01  1.804423e-01 
 3.483738e+01  1.808941e-01 
 3.483778e+01  1.811104e-01 
 3.483818e+01  1.810285e-01 
 3.483857e+01  1.807366e-01 
 3.483897e+01  1.800900e-01 
 3.483937e+01  1.792036e-01 
 3.483977e+01  1.784409e-01 
 3.484017e+01  1.779614e-01 
 3.484056e+01  1.778838e-01 
 3.484096e+01  1.782215e-01 
 3.484136e+01  1.789136e-01 
 3.484176e+01  1.799622e-01 
 3.484215e+01  1.811886e-01 
 3.484255e+01  1.825230e-01 
 3.484295e+01  1.838516e-01 
 3.484335e+01  1.849755e-01 
 3.484374e+01  1.859144e-01 
 3.484414e+01  1.865655e-01 
 3.484454e+01  1.871560e-01 
 3.484494e+01  1.877302e-01 
 3.484534e+01  1.883602e-01 
 3.484573e+01  1.891508e-01 
 3.484613e+01  1.901113e-01 
 3.484653e+01  1.912132e-01 
 3.484693e+01  1.922855e-01 
 3.484732e+01  1.931531e-01 
 3.484772e+01  1.938238e-01 
 3.484812e+01  1.942897e-01 
 3.484852e+01  1.946923e-01 
 3.484891e+01  1.951936e-01 
 3.484931e+01  1.957321e-01 
 3.484971e+01  1.962198e-01 
 3.485011e+01  1.966388e-01 
 3.485051e+01  1.968462e-01 
 3.485090e+01  1.967382e-01 
 3.485130e+01  1.963687e-01 
 3.485170e+01  1.957440e-01 
 3.485210e+01  1.950728e-01 
 3.485249e+01  1.945341e-01 
 3.485289e+01  1.942527e-01 
 3.485329e+01  1.942806e-01 
 3.485369e+01  1.946560e-01 
 3.485408e+01  1.951885e-01 
 3.485448e+01  1.957727e-01 
 3.485488e+01  1.962871e-01 
 3.485528e+01  1.965492e-01 
 3.485568e+01  1.965511e-01 
 3.485607e+01  1.964251e-01 
 3.485647e+01  1.961905e-01 
 3.485687e+01  1.958135e-01 
 3.485727e+01  1.951114e-01 
 3.485766e+01  1.937886e-01 
 3.485806e+01  1.917922e-01 
 3.485846e+01  1.893681e-01 
 3.485886e+01  1.867315e-01 
 3.485925e+01  1.841754e-01 
 3.485965e+01  1.819087e-01 
 3.486005e+01  1.799410e-01 
 3.486045e+01  1.781759e-01 
 3.486085e+01  1.765759e-01 
 3.486124e+01  1.750772e-01 
 3.486164e+01  1.734837e-01 
 3.486204e+01  1.716798e-01 
 3.486244e+01  1.695854e-01 
 3.486283e+01  1.672301e-01 
 3.486323e+01  1.646218e-01 
 3.486363e+01  1.617988e-01 
 3.486403e+01  1.588575e-01 
 3.486442e+01  1.558400e-01 
 3.486482e+01  1.529115e-01 
 3.486522e+01  1.501168e-01 
 3.486562e+01  1.474567e-01 
 3.486602e+01  1.449330e-01 
 3.486641e+01  1.423379e-01 
 3.486681e+01  1.394341e-01 
 3.486721e+01  1.361252e-01 
 3.486761e+01  1.325024e-01 
 3.486800e+01  1.286500e-01 
 3.486840e+01  1.245437e-01 
 3.486880e+01  1.202741e-01 
 3.486920e+01  1.158411e-01 
 3.486959e+01  1.111939e-01 
 3.486999e+01  1.063465e-01 
 3.487039e+01  1.013118e-01 
 3.487079e+01  9.594167e-02 
 3.487119e+01  9.025097e-02 
 3.487158e+01  8.442572e-02 
 3.487198e+01  7.868321e-02 
 3.487238e+01  7.332691e-02 
 3.487278e+01  6.847618e-02 
 3.487317e+01  6.398141e-02 
 3.487357e+01  5.973003e-02 
 3.487397e+01  5.554791e-02 
 3.487437e+01  5.134329e-02 
 3.487476e+01  4.701088e-02 
 3.487516e+01  4.244531e-02 
 3.487556e+01  3.782128e-02 
 3.487596e+01  3.323727e-02 
 3.487636e+01  2.866425e-02 
 3.487675e+01  2.417767e-02 
 3.487715e+01  1.959207e-02 
 3.487755e+01  1.481775e-02 
 3.487795e+01  9.667484e-03 
 3.487834e+01  4.354552e-03 
 3.487874e+01 -9.942757e-04 
 3.487914e+01 -6.323593e-03 
 3.487954e+01 -1.160517e-02 
 3.487993e+01 -1.658386e-02 
 3.488033e+01 -2.123738e-02 
 3.488073e+01 -2.570787e-02 
 3.488113e+01 -3.035499e-02 
 3.488153e+01 -3.515513e-02 
 3.488192e+01 -4.023663e-02 
 3.488232e+01 -4.537118e-02 
 3.488272e+01 -5.050583e-02 
 3.488312e+01 -5.544680e-02 
 3.488351e+01 -6.023550e-02 
 3.488391e+01 -6.499902e-02 
 3.488431e+01 -6.951634e-02 
 3.488471e+01 -7.371409e-02 
 3.488510e+01 -7.762396e-02 
 3.488550e+01 -8.128491e-02 
 3.488590e+01 -8.491295e-02 
 3.488630e+01 -8.861793e-02 
 3.488670e+01 -9.242452e-02 
 3.488709e+01 -9.627344e-02 
 3.488749e+01 -1.001960e-01 
 3.488789e+01 -1.042030e-01 
 3.488829e+01 -1.082450e-01 
 3.488868e+01 -1.124458e-01 
 3.488908e+01 -1.167213e-01 
 3.488948e+01 -1.211719e-01 
 3.488988e+01 -1.257721e-01 
 3.489027e+01 -1.304115e-01 
 3.489067e+01 -1.350625e-01 
 3.489107e+01 -1.397520e-01 
 3.489147e+01 -1.443282e-01 
 3.489187e+01 -1.487186e-01 
 3.489226e+01 -1.529217e-01 
 3.489266e+01 -1.569230e-01 
 3.489306e+01 -1.607097e-01 
 3.489346e+01 -1.644280e-01 
 3.489385e+01 -1.682368e-01 
 3.489425e+01 -1.721944e-01 
 3.489465e+01 -1.761165e-01 
 3.489505e+01 -1.799783e-01 
 3.489544e+01 -1.838297e-01 
 3.489584e+01 -1.876817e-01 
 3.489624e+01 -1.914874e-01 
 3.489664e+01 -1.952218e-01 
 3.489704e+01 -1.990146e-01 
 3.489743e+01 -2.029282e-01 
 3.489783e+01 -2.070337e-01 
 3.489823e+01 -2.112512e-01 
 3.489863e+01 -2.152746e-01 
 3.489902e+01 -2.190002e-01 
 3.489942e+01 -2.225162e-01 
 3.489982e+01 -2.261062e-01 
 3.490022e+01 -2.298716e-01 
 3.490061e+01 -2.338518e-01 
 3.490101e+01 -2.379552e-01 
 3.490141e+01 -2.420588e-01 
 3.490181e+01 -2.460048e-01 
 3.490221e+01 -2.498388e-01 
 3.490260e+01 -2.533736e-01 
 3.490300e+01 -2.566976e-01 
 3.490340e+01 -2.598189e-01 
 3.490380e+01 -2.627829e-01 
 3.490419e+01 -2.654325e-01 
 3.490459e+01 -2.675193e-01 
 3.490499e+01 -2.688555e-01 
 3.490539e+01 -2.695672e-01 
 3.490579e+01 -2.698417e-01 
 3.490618e+01 -2.699444e-01 
 3.490658e+01 -2.700550e-01 
 3.490698e+01 -2.702029e-01 
 3.490738e+01 -2.704390e-01 
 3.490777e+01 -2.706741e-01 
 3.490817e+01 -2.709856e-01 
 3.490857e+01 -2.713747e-01 
 3.490897e+01 -2.718551e-01 
 3.490936e+01 -2.723009e-01 
 3.490976e+01 -2.727553e-01 
 3.491016e+01 -2.731859e-01 
 3.491056e+01 -2.735340e-01 
 3.491096e+01 -2.736920e-01 
 3.491135e+01 -2.734959e-01 
 3.491175e+01 -2.730245e-01 
 3.491215e+01 -2.724080e-01 
 3.491255e+01 -2.717822e-01 
 3.491294e+01 -2.712354e-01 
 3.491334e+01 -2.708115e-01 
 3.491374e+01 -2.704594e-01 
 3.491414e+01 -2.700170e-01 
 3.491453e+01 -2.695154e-01 
 3.491493e+01 -2.688759e-01 
 3.491533e+01 -2.680717e-01 
 3.491573e+01 -2.670854e-01 
 3.491613e+01 -2.658210e-01 
 3.491652e+01 -2.643350e-01 
 3.491692e+01 -2.627570e-01 
 3.491732e+01 -2.611120e-01 
 3.491772e+01 -2.593886e-01 
 3.491811e+01 -2.575528e-01 
 3.491851e+01 -2.554953e-01 
 3.491891e+01 -2.533472e-01 
 3.491931e+01 -2.512199e-01 
 3.491970e+01 -2.493435e-01 
 3.492010e+01 -2.477711e-01 
 3.492050e+01 -2.465111e-01 
 3.492090e+01 -2.455213e-01 
 3.492130e+01 -2.447559e-01 
 3.492169e+01 -2.440290e-01 
 3.492209e+01 -2.431337e-01 
 3.492249e+01 -2.420374e-01 
 3.492289e+01 -2.408081e-01 
 3.492328e+01 -2.395809e-01 
 3.492368e+01 -2.382696e-01 
 3.492408e+01 -2.368194e-01 
 3.492448e+01 -2.350626e-01 
 3.492487e+01 -2.329638e-01 
 3.492527e+01 -2.305401e-01 
 3.492567e+01 -2.279858e-01 
 3.492607e+01 -2.254994e-01 
 3.492647e+01 -2.231860e-01 
 3.492686e+01 -2.210723e-01 
 3.492726e+01 -2.191756e-01 
 3.492766e+01 -2.174198e-01 
 3.492806e+01 -2.157081e-01 
 3.492845e+01 -2.139396e-01 
 3.492885e+01 -2.120063e-01 
 3.492925e+01 -2.098990e-01 
 3.492965e+01 -2.076497e-01 
 3.493004e+01 -2.052261e-01 
 3.493044e+01 -2.026154e-01 
 3.493084e+01 -1.997988e-01 
 3.493124e+01 -1.968655e-01 
 3.493164e+01 -1.939037e-01 
 3.493203e+01 -1.909474e-01 
 3.493243e+01 -1.880491e-01 
 3.493283e+01 -1.852220e-01 
 3.493323e+01 -1.824073e-01 
 3.493362e+01 -1.795331e-01 
 3.493402e+01 -1.764979e-01 
 3.493442e+01 -1.732962e-01 
 3.493482e+01 -1.698692e-01 
 3.493521e+01 -1.661873e-01 
 3.493561e+01 -1.622259e-01 
 3.493601e+01 -1.579001e-01 
 3.493641e+01 -1.530833e-01 
 3.493681e+01 -1.477875e-01 
 3.493720e+01 -1.421130e-01 
 3.493760e+01 -1.362530e-01 
 3.493800e+01 -1.303654e-01 
 3.493840e+01 -1.244651e-01 
 3.493879e+01 -1.185909e-01 
 3.493919e+01 -1.127797e-01 
 3.493959e+01 -1.070161e-01 
 3.493999e+01 -1.013056e-01 
 3.494038e+01 -9.564602e-02 
 3.494078e+01 -8.997092e-02 
 3.494118e+01 -8.426766e-02 
 3.494158e+01 -7.857382e-02 
 3.494198e+01 -7.319032e-02 
 3.494237e+01 -6.809753e-02 
 3.494277e+01 -6.325816e-02 
 3.494317e+01 -5.855951e-02 
 3.494357e+01 -5.377876e-02 
 3.494396e+01 -4.877645e-02 
 3.494436e+01 -4.350552e-02 
 3.494476e+01 -3.809747e-02 
 3.494516e+01 -3.261576e-02 
 3.494555e+01 -2.735386e-02 
 3.494595e+01 -2.244217e-02 
 3.494635e+01 -1.789572e-02 
 3.494675e+01 -1.360212e-02 
 3.494715e+01 -9.398935e-03 
 3.494754e+01 -5.117366e-03 
 3.494794e+01 -6.009241e-04 
 3.494834e+01  4.194062e-03 
 3.494874e+01  9.090084e-03 
 3.494913e+01  1.401432e-02 
 3.494953e+01  1.877991e-02 
 3.494993e+01  2.335913e-02 
 3.495033e+01  2.788267e-02 
 3.495072e+01  3.234550e-02 
 3.495112e+01  3.680407e-02 
 3.495152e+01  4.102479e-02 
 3.495192e+01  4.492815e-02 
 3.495232e+01  4.846831e-02 
 3.495271e+01  5.175189e-02 
 3.495311e+01  5.483542e-02 
 3.495351e+01  5.782255e-02 
 3.495391e+01  6.073584e-02 
 3.495430e+01  6.360071e-02 
 3.495470e+01  6.646013e-02 
 3.495510e+01  6.944638e-02 
 3.495550e+01  7.257172e-02 
 3.495589e+01  7.596468e-02 
 3.495629e+01  7.962543e-02 
 3.495669e+01  8.355198e-02 
 3.495709e+01  8.767321e-02 
 3.495749e+01  9.198146e-02 
 3.495788e+01  9.635514e-02 
 3.495828e+01  1.006029e-01 
 3.495868e+01  1.046544e-01 
 3.495908e+01  1.084517e-01 
 3.495947e+01  1.120729e-01 
 3.495987e+01  1.156434e-01 
 3.496027e+01  1.193154e-01 
 3.496067e+01  1.231294e-01 
 3.496106e+01  1.270402e-01 
 3.496146e+01  1.309311e-01 
 3.496186e+01  1.346370e-01 
 3.496226e+01  1.381936e-01 
 3.496266e+01  1.415152e-01 
 3.496305e+01  1.446125e-01 
 3.496345e+01  1.475770e-01 
 3.496385e+01  1.505188e-01 
 3.496425e+01  1.535175e-01 
 3.496464e+01  1.565977e-01 
 3.496504e+01  1.597695e-01 
 3.496544e+01  1.628166e-01 
 3.496584e+01  1.656620e-01 
 3.496623e+01  1.684489e-01 
 3.496663e+01  1.712734e-01 
 3.496703e+01  1.740936e-01 
 3.496743e+01  1.771100e-01 
 3.496783e+01  1.803105e-01 
 3.496822e+01  1.837051e-01 
 3.496862e+01  1.872452e-01 
 3.496902e+01  1.909437e-01 
 3.496942e+01  1.946502e-01 
 3.496981e+01  1.982291e-01 
 3.497021e+01  2.016636e-01 
 3.497061e+01  2.049099e-01 
 3.497101e+01  2.078099e-01 
 3.497140e+01  2.102558e-01 
 3.497180e+01  2.122918e-01 
 3.497220e+01  2.139583e-01 
 3.497260e+01  2.154145e-01 
 3.497300e+01  2.168145e-01 
 3.497339e+01  2.181383e-01 
 3.497379e+01  2.194461e-01 
 3.497419e+01  2.207271e-01 
 3.497459e+01  2.219551e-01 
 3.497498e+01  2.231291e-01 
 3.497538e+01  2.242778e-01 
 3.497578e+01  2.254201e-01 
 3.497618e+01  2.265614e-01 
 3.497657e+01  2.276887e-01 
 3.497697e+01  2.287877e-01 
 3.497737e+01  2.297534e-01 
 3.497777e+01  2.304815e-01 
 3.497817e+01  2.309915e-01 
 3.497856e+01  2.313937e-01 
 3.497896e+01  2.318330e-01 
 3.497936e+01  2.323309e-01 
 3.497976e+01  2.329505e-01 
 3.498015e+01  2.336569e-01 
 3.498055e+01  2.343613e-01 
 3.498095e+01  2.350311e-01 
 3.498135e+01  2.355993e-01 
 3.498174e+01  2.360197e-01 
 3.498214e+01  2.363002e-01 
 3.498254e+01  2.364859e-01 
 3.498294e+01  2.365732e-01 
 3.498334e+01  2.364818e-01 
 3.498373e+01  2.360769e-01 
 3.498413e+01  2.352558e-01 
 3.498453e+01  2.340225e-01 
 3.498493e+01  2.325093e-01 
 3.498532e+01  2.308298e-01 
 3.498572e+01  2.290765e-01 
 3.498612e+01  2.273266e-01 
 3.498652e+01  2.256458e-01 
 3.498691e+01  2.240501e-01 
 3.498731e+01  2.225511e-01 
 3.498771e+01  2.211897e-01 
 3.498811e+01  2.198834e-01 
 3.498851e+01  2.186079e-01 
 3.498890e+01  2.173226e-01 
 3.498930e+01  2.160246e-01 
 3.498970e+01  2.146571e-01 
 3.499010e+01  2.131477e-01 
 3.499049e+01  2.113554e-01 
 3.499089e+01  2.091958e-01 
 3.499129e+01  2.066201e-01 
 3.499169e+01  2.037137e-01 
 3.499208e+01  2.005911e-01 
 3.499248e+01  1.973761e-01 
 3.499288e+01  1.941887e-01 
 3.499328e+01  1.910337e-01 
 3.499368e+01  1.877801e-01 
 3.499407e+01  1.843442e-01 
 3.499447e+01  1.806733e-01 
 3.499487e+01  1.767913e-01 
 3.499527e+01  1.727547e-01 
 3.499566e+01  1.686609e-01 
 3.499606e+01  1.644976e-01 
 3.499646e+01  1.603584e-01 
 3.499686e+01  1.561717e-01 
 3.499726e+01  1.518311e-01 
 3.499765e+01  1.473405e-01 
 3.499805e+01  1.426579e-01 
 3.499845e+01  1.379211e-01 
 3.499885e+01  1.333044e-01 
 3.499924e+01  1.289819e-01 
 3.499964e+01  1.250846e-01 
 3.500004e+01  1.215523e-01 
 3.500044e+01  1.182582e-01 
 3.500083e+01  1.149567e-01 
 3.500123e+01  1.114440e-01 
 3.500163e+01  1.076546e-01 
 3.500203e+01  1.036134e-01 
 3.500243e+01  9.936304e-02 
 3.500282e+01  9.489894e-02 
 3.500322e+01  9.019268e-02 
 3.500362e+01  8.531118e-02 
 3.500402e+01  8.021513e-02 
 3.500441e+01  7.493888e-02 
 3.500481e+01  6.947279e-02 
 3.500521e+01  6.378283e-02 
 3.500561e+01  5.792206e-02 
 3.500600e+01  5.201221e-02 
 3.500640e+01  4.621755e-02 
 3.500680e+01  4.060084e-02 
 3.500720e+01  3.522314e-02 
 3.500760e+01  3.008746e-02 
 3.500799e+01  2.506479e-02 
 3.500839e+01  2.011328e-02 
 3.500879e+01  1.520778e-02 
 3.500919e+01  1.024949e-02 
 3.500958e+01  5.163909e-03 
 3.500998e+01 -3.394275e-05 
 3.501038e+01 -5.214443e-03 
 3.501078e+01 -1.029481e-02 
 3.501117e+01 -1.516305e-02 
 3.501157e+01 -1.981388e-02 
 3.501197e+01 -2.425913e-02 
 3.501237e+01 -2.854114e-02 
 3.501277e+01 -3.276322e-02 
 3.501316e+01 -3.678496e-02 
 3.501356e+01 -4.085077e-02 
 3.501396e+01 -4.497960e-02 
 3.501436e+01 -4.928160e-02 
 3.501475e+01 -5.360912e-02 
 3.501515e+01 -5.795345e-02 
 3.501555e+01 -6.224355e-02 
 3.501595e+01 -6.645948e-02 
 3.501634e+01 -7.063577e-02 
 3.501674e+01 -7.470471e-02 
 3.501714e+01 -7.878861e-02 
 3.501754e+01 -8.286781e-02 
 3.501794e+01 -8.685451e-02 
 3.501833e+01 -9.073388e-02 
 3.501873e+01 -9.440393e-02 
 3.501913e+01 -9.769162e-02 
 3.501953e+01 -1.005803e-01 
 3.501992e+01 -1.030942e-01 
 3.502032e+01 -1.054081e-01 
 3.502072e+01 -1.075489e-01 
 3.502112e+01 -1.096434e-01 
 3.502151e+01 -1.116995e-01 
 3.502191e+01 -1.137933e-01 
 3.502231e+01 -1.160543e-01 
 3.502271e+01 -1.185976e-01 
 3.502311e+01 -1.214419e-01 
 3.502350e+01 -1.246049e-01 
 3.502390e+01 -1.279967e-01 
 3.502430e+01 -1.316716e-01 
 3.502470e+01 -1.353893e-01 
 3.502509e+01 -1.389748e-01 
 3.502549e+01 -1.423511e-01 
 3.502589e+01 -1.455482e-01 
 3.502629e+01 -1.486134e-01 
 3.502668e+01 -1.517296e-01 
 3.502708e+01 -1.549035e-01 
 3.502748e+01 -1.581512e-01 
 3.502788e+01 -1.614677e-01 
 3.502828e+01 -1.648400e-01 
 3.502867e+01 -1.682403e-01 
 3.502907e+01 -1.717157e-01 
 3.502947e+01 -1.751900e-01 
 3.502987e+01 -1.785735e-01 
 3.503026e+01 -1.818962e-01 
 3.503066e+01 -1.851011e-01 
 3.503106e+01 -1.881615e-01 
 3.503146e+01 -1.909402e-01 
 3.503185e+01 -1.934820e-01 
 3.503225e+01 -1.957894e-01 
 3.503265e+01 -1.980287e-01 
 3.503305e+01 -2.002807e-01 
 3.503345e+01 -2.026626e-01 
 3.503384e+01 -2.052062e-01 
 3.503424e+01 -2.078052e-01 
 3.503464e+01 -2.103364e-01 
 3.503504e+01 -2.127783e-01 
 3.503543e+01 -2.151409e-01 
 3.503583e+01 -2.175526e-01 
 3.503623e+01 -2.201620e-01 
 3.503663e+01 -2.229631e-01 
 3.503702e+01 -2.257788e-01 
 3.503742e+01 -2.284031e-01 
 3.503782e+01 -2.307539e-01 
 3.503822e+01 -2.327889e-01 
 3.503862e+01 -2.345800e-01 
 3.503901e+01 -2.361918e-01 
 3.503941e+01 -2.376017e-01 
 3.503981e+01 -2.389700e-01 
 3.504021e+01 -2.403257e-01 
 3.504060e+01 -2.416726e-01 
 3.504100e+01 -2.429934e-01 
 3.504140e+01 -2.441795e-01 
 3.504180e+01 -2.452505e-01 
 3.504219e+01 -2.461734e-01 
 3.504259e+01 -2.471256e-01 
 3.504299e+01 -2.481732e-01 
 3.504339e+01 -2.492892e-01 
 3.504379e+01 -2.504471e-01 
 3.504418e+01 -2.515141e-01 
 3.504458e+01 -2.522633e-01 
 3.504498e+01 -2.526215e-01 
 3.504538e+01 -2.525726e-01 
 3.504577e+01 -2.522206e-01 
 3.504617e+01 -2.516891e-01 
 3.504657e+01 -2.511590e-01 
 3.504697e+01 -2.508295e-01 
 3.504736e+01 -2.507217e-01 
 3.504776e+01 -2.507835e-01 
 3.504816e+01 -2.508726e-01 
 3.504856e+01 -2.508263e-01 
 3.504896e+01 -2.505264e-01 
 3.504935e+01 -2.500431e-01 
 3.504975e+01 -2.493756e-01 
 3.505015e+01 -2.485867e-01 
 3.505055e+01 -2.476735e-01 
 3.505094e+01 -2.465905e-01 
 3.505134e+01 -2.453062e-01 
 3.505174e+01 -2.437904e-01 
 3.505214e+01 -2.421082e-01 
 3.505253e+01 -2.403338e-01 
 3.505293e+01 -2.384960e-01 
 3.505333e+01 -2.367176e-01 
 3.505373e+01 -2.350647e-01 
 3.505413e+01 -2.335621e-01 
 3.505452e+01 -2.322106e-01 
 3.505492e+01 -2.308548e-01 
 3.505532e+01 -2.294703e-01 
 3.505572e+01 -2.280493e-01 
 3.505611e+01 -2.266247e-01 
 3.505651e+01 -2.252462e-01 
 3.505691e+01 -2.238477e-01 
 3.505731e+01 -2.224553e-01 
 3.505770e+01 -2.210559e-01 
 3.505810e+01 -2.196143e-01 
 3.505850e+01 -2.181456e-01 
 3.505890e+01 -2.165579e-01 
 3.505930e+01 -2.147600e-01 
 3.505969e+01 -2.127266e-01 
 3.506009e+01 -2.104159e-01 
 3.506049e+01 -2.079081e-01 
 3.506089e+01 -2.052140e-01 
 3.506128e+01 -2.023507e-01 
 3.506168e+01 -1.993073e-01 
 3.506208e+01 -1.961160e-01 
 3.506248e+01 -1.928553e-01 
 3.506287e+01 -1.894630e-01 
 3.506327e+01 -1.858299e-01 
 3.506367e+01 -1.817960e-01 
 3.506407e+01 -1.772682e-01 
 3.506447e+01 -1.723245e-01 
 3.506486e+01 -1.670765e-01 
 3.506526e+01 -1.617833e-01 
 3.506566e+01 -1.566744e-01 
 3.506606e+01 -1.517533e-01 
 3.506645e+01 -1.470228e-01 
 3.506685e+01 -1.423850e-01 
 3.506725e+01 -1.377374e-01 
 3.506765e+01 -1.329203e-01 
 3.506804e+01 -1.279462e-01 
 3.506844e+01 -1.228558e-01 
 3.506884e+01 -1.176977e-01 
 3.506924e+01 -1.124235e-01 
 3.506964e+01 -1.070692e-01 
 3.507003e+01 -1.016380e-01 
 3.507043e+01 -9.610875e-02 
 3.507083e+01 -9.048789e-02 
 3.507123e+01 -8.476809e-02 
 3.507162e+01 -7.894256e-02 
 3.507202e+01 -7.312551e-02 
 3.507242e+01 -6.729834e-02 
 3.507282e+01 -6.152730e-02 
 3.507321e+01 -5.580812e-02 
 3.507361e+01 -5.006775e-02 
 3.507401e+01 -4.431296e-02 
 3.507441e+01 -3.849175e-02 
 3.507481e+01 -3.269559e-02 
 3.507520e+01 -2.701330e-02 
 3.507560e+01 -2.146737e-02 
 3.507600e+01 -1.597612e-02 
 3.507640e+01 -1.053190e-02 
 3.507679e+01 -5.118065e-03 
 3.507719e+01  2.625800e-04 
 3.507759e+01  5.661554e-03 
 3.507799e+01  1.100370e-02 
 3.507838e+01  1.617498e-02 
 3.507878e+01  2.113816e-02 
 3.507918e+01  2.586299e-02 
 3.507958e+01  3.048321e-02 
 3.507998e+01  3.499971e-02 
 3.508037e+01  3.941706e-02 
 3.508077e+01  4.373849e-02 
 3.508117e+01  4.787126e-02 
 3.508157e+01  5.183425e-02 
 3.508196e+01  5.548861e-02 
 3.508236e+01  5.912963e-02 
 3.508276e+01  6.274815e-02 
 3.508316e+01  6.647273e-02 
 3.508355e+01  7.038549e-02 
 3.508395e+01  7.442411e-02 
 3.508435e+01  7.847935e-02 
 3.508475e+01  8.248723e-02 
 3.508515e+01  8.629145e-02 
 3.508554e+01  8.977815e-02 
 3.508594e+01  9.297979e-02 
 3.508634e+01  9.580786e-02 
 3.508674e+01  9.846864e-02 
 3.508713e+01  1.010472e-01 
 3.508753e+01  1.036538e-01 
 3.508793e+01  1.062162e-01 
 3.508833e+01  1.087393e-01 
 3.508873e+01  1.111515e-01 
 3.508912e+01  1.134594e-01 
 3.508952e+01  1.157617e-01 
 3.508992e+01  1.180251e-01 
 3.509032e+01  1.202040e-01 
 3.509071e+01  1.221786e-01 
 3.509111e+01  1.240258e-01 
 3.509151e+01  1.257778e-01 
 3.509191e+01  1.274319e-01 
 3.509230e+01  1.289494e-01 
 3.509270e+01  1.303246e-01 
 3.509310e+01  1.314531e-01 
 3.509350e+01  1.324645e-01 
 3.509390e+01  1.335502e-01 
 3.509429e+01  1.347800e-01 
 3.509469e+01  1.361658e-01 
 3.509509e+01  1.376753e-01 
 3.509549e+01  1.392021e-01 
 3.509588e+01  1.406298e-01 
 3.509628e+01  1.419869e-01 
 3.509668e+01  1.432230e-01 
 3.509708e+01  1.443877e-01 
 3.509747e+01  1.454191e-01 
 3.509787e+01  1.463804e-01 
 3.509827e+01  1.471784e-01 
 3.509867e+01  1.477820e-01 
 3.509907e+01  1.481458e-01 
 3.509946e+01  1.482998e-01 
 3.509986e+01  1.482277e-01 
 3.510026e+01  1.479188e-01 
 3.510066e+01  1.474800e-01 
 3.510105e+01  1.470208e-01 
 3.510145e+01  1.465948e-01 
 3.510185e+01  1.462757e-01 
 3.510225e+01  1.460268e-01 
 3.510264e+01  1.458264e-01 
 3.510304e+01  1.456576e-01 
 3.510344e+01  1.455472e-01 
 3.510384e+01  1.454001e-01 
 3.510424e+01  1.451368e-01 
 3.510463e+01  1.448275e-01 
 3.510503e+01  1.444214e-01 
 3.510543e+01  1.438705e-01 
 3.510583e+01  1.433130e-01 
 3.510622e+01  1.428106e-01 
 3.510662e+01  1.423370e-01 
 3.510702e+01  1.419096e-01 
 3.510742e+01  1.414390e-01 
 3.510781e+01  1.408426e-01 
 3.510821e+01  1.401783e-01 
 3.510861e+01  1.393962e-01 
 3.510901e+01  1.385037e-01 
 3.510941e+01  1.375420e-01 
 3.510980e+01  1.364709e-01 
 3.511020e+01  1.352670e-01 
 3.511060e+01  1.339764e-01 
 3.511100e+01  1.326302e-01 
 3.511139e+01  1.312595e-01 
 3.511179e+01  1.298867e-01 
 3.511219e+01  1.284411e-01 
 3.511259e+01  1.269679e-01 
 3.511298e+01  1.255068e-01 
 3.511338e+01  1.241259e-01 
 3.511378e+01  1.228718e-01 
 3.511418e+01  1.218342e-01 
 3.511458e+01  1.209525e-01 
 3.511497e+01  1.201666e-01 
 3.511537e+01  1.194276e-01 
 3.511577e+01  1.187344e-01 
 3.511617e+01  1.180659e-01 
 3.511656e+01  1.173126e-01 
 3.511696e+01  1.164051e-01 
 3.511736e+01  1.153650e-01 
 3.511776e+01  1.141179e-01 
 3.511815e+01  1.126999e-01 
 3.511855e+01  1.111034e-01 
 3.511895e+01  1.093812e-01 
 3.511935e+01  1.075234e-01 
 3.511975e+01  1.055110e-01 
 3.512014e+01  1.032557e-01 
 3.512054e+01  1.007424e-01 
 3.512094e+01  9.800351e-02 
 3.512134e+01  9.511618e-02 
 3.512173e+01  9.219420e-02 
 3.512213e+01  8.938299e-02 
 3.512253e+01  8.668855e-02 
 3.512293e+01  8.399514e-02 
 3.512332e+01  8.116490e-02 
 3.512372e+01  7.807308e-02 
 3.512412e+01  7.467594e-02 
 3.512452e+01  7.103319e-02 
 3.512492e+01  6.733661e-02 
 3.512531e+01  6.357676e-02 
 3.512571e+01  5.977535e-02 
 3.512611e+01  5.597778e-02 
 3.512651e+01  5.211394e-02 
 3.512690e+01  4.810225e-02 
 3.512730e+01  4.398020e-02 
 3.512770e+01  3.973036e-02 
 3.512810e+01  3.536206e-02 
 3.512849e+01  3.094325e-02 
 3.512889e+01  2.641723e-02 
 3.512929e+01  2.170367e-02 
 3.512969e+01  1.677160e-02 
 3.513009e+01  1.161376e-02 
 3.513048e+01  6.263979e-03 
 3.513088e+01  8.092198e-04 
 3.513128e+01 -4.680665e-03 
 3.513168e+01 -1.019001e-02 
 3.513207e+01 -1.578855e-02 
 3.513247e+01 -2.153179e-02 
 3.513287e+01 -2.739635e-02 
 3.513327e+01 -3.328520e-02 
 3.513366e+01 -3.913595e-02 
 3.513406e+01 -4.484836e-02 
 3.513446e+01 -5.043101e-02 
 3.513486e+01 -5.589776e-02 
 3.513526e+01 -6.126605e-02 
 3.513565e+01 -6.665653e-02 
 3.513605e+01 -7.204634e-02 
 3.513645e+01 -7.750217e-02 
 3.513685e+01 -8.303126e-02 
 3.513724e+01 -8.853894e-02 
 3.513764e+01 -9.399300e-02 
 3.513804e+01 -9.931028e-02 
 3.513844e+01 -1.044500e-01 
 3.513883e+01 -1.095480e-01 
 3.513923e+01 -1.145043e-01 
 3.513963e+01 -1.193257e-01 
 3.514003e+01 -1.239760e-01 
 3.514043e+01 -1.285253e-01 
 3.514082e+01 -1.329651e-01 
 3.514122e+01 -1.372901e-01 
 3.514162e+01 -1.415176e-01 
 3.514202e+01 -1.457133e-01 
 3.514241e+01 -1.498505e-01 
 3.514281e+01 -1.538822e-01 
 3.514321e+01 -1.577965e-01 
 3.514361e+01 -1.615150e-01 
 3.514400e+01 -1.650541e-01 
 3.514440e+01 -1.683466e-01 
 3.514480e+01 -1.715269e-01 
 3.514520e+01 -1.747084e-01 
 3.514560e+01 -1.778785e-01 
 3.514599e+01 -1.810215e-01 
 3.514639e+01 -1.841387e-01 
 3.514679e+01 -1.871631e-01 
 3.514719e+01 -1.900462e-01 
 3.514758e+01 -1.927368e-01 
 3.514798e+01 -1.952076e-01 
 3.514838e+01 -1.975549e-01 
 3.514878e+01 -1.998710e-01 
 3.514917e+01 -2.022951e-01 
 3.514957e+01 -2.049074e-01 
 3.514997e+01 -2.076359e-01 
 3.515037e+01 -2.104249e-01 
 3.515077e+01 -2.131715e-01 
 3.515116e+01 -2.158799e-01 
 3.515156e+01 -2.185651e-01 
 3.515196e+01 -2.212872e-01 
 3.515236e+01 -2.240474e-01 
 3.515275e+01 -2.267266e-01 
 3.515315e+01 -2.292969e-01 
 3.515355e+01 -2.317285e-01 
 3.515395e+01 -2.340049e-01 
 3.515434e+01 -2.361774e-01 
 3.515474e+01 -2.383374e-01 
 3.515514e+01 -2.405240e-01 
 3.515554e+01 -2.427760e-01 
 3.515594e+01 -2.449963e-01 
 3.515633e+01 -2.471076e-01 
 3.515673e+01 -2.490043e-01 
 3.515713e+01 -2.506601e-01 
 3.515753e+01 -2.520519e-01 
 3.515792e+01 -2.532237e-01 
 3.515832e+01 -2.542165e-01 
 3.515872e+01 -2.550970e-01 
 3.515912e+01 -2.558715e-01 
 3.515951e+01 -2.564541e-01 
 3.515991e+01 -2.568799e-01 
 3.516031e+01 -2.571710e-01 
 3.516071e+01 -2.573379e-01 
 3.516111e+01 -2.574635e-01 
 3.516150e+01 -2.576519e-01 
 3.516190e+01 -2.577967e-01 
 3.516230e+01 -2.578549e-01 
 3.516270e+01 -2.577880e-01 
 3.516309e+01 -2.575542e-01 
 3.516349e+01 -2.571313e-01 
 3.516389e+01 -2.566503e-01 
 3.516429e+01 -2.561416e-01 
 3.516468e+01 -2.556452e-01 
 3.516508e+01 -2.550997e-01 
 3.516548e+01 -2.543613e-01 
 3.516588e+01 -2.534060e-01 
 3.516628e+01 -2.522352e-01 
 3.516667e+01 -2.507945e-01 
 3.516707e+01 -2.491100e-01 
 3.516747e+01 -2.471846e-01 
 3.516787e+01 -2.450742e-01 
 3.516826e+01 -2.428294e-01 
 3.516866e+01 -2.404311e-01 
 3.516906e+01 -2.379040e-01 
 3.516946e+01 -2.352577e-01 
 3.516985e+01 -2.325465e-01 
 3.517025e+01 -2.297603e-01 
 3.517065e+01 -2.268700e-01 
 3.517105e+01 -2.238913e-01 
 3.517145e+01 -2.207606e-01 
 3.517184e+01 -2.174578e-01 
 3.517224e+01 -2.140960e-01 
 3.517264e+01 -2.107250e-01 
 3.517304e+01 -2.073109e-01 
 3.517343e+01 -2.038293e-01 
 3.517383e+01 -2.002350e-01 
 3.517423e+01 -1.965296e-01 
 3.517463e+01 -1.927936e-01 
 3.517502e+01 -1.890612e-01 
 3.517542e+01 -1.853243e-01 
 3.517582e+01 -1.815473e-01 
 3.517622e+01 -1.777249e-01 
 3.517662e+01 -1.738558e-01 
 3.517701e+01 -1.699255e-01 
 3.517741e+01 -1.658912e-01 
 3.517781e+01 -1.617671e-01 
 3.517821e+01 -1.575432e-01 
 3.517860e+01 -1.533117e-01 
 3.517900e+01 -1.491716e-01 
 3.517940e+01 -1.452047e-01 
 3.517980e+01 -1.414129e-01 
 3.518020e+01 -1.377281e-01 
 3.518059e+01 -1.340759e-01 
 3.518099e+01 -1.304313e-01 
 3.518139e+01 -1.267981e-01 
 3.518179e+01 -1.231595e-01 
 3.518218e+01 -1.194734e-01 
 3.518258e+01 -1.157726e-01 
 3.518298e+01 -1.120717e-01 
 3.518338e+01 -1.083515e-01 
 3.518377e+01 -1.046899e-01 
 3.518417e+01 -1.010862e-01 
 3.518457e+01 -9.757767e-02 
 3.518497e+01 -9.416594e-02 
 3.518537e+01 -9.073336e-02 
 3.518576e+01 -8.720682e-02 
 3.518616e+01 -8.352237e-02 
 3.518656e+01 -7.969287e-02 
 3.518696e+01 -7.571973e-02 
 3.518735e+01 -7.173744e-02 
 3.518775e+01 -6.777976e-02 
 3.518815e+01 -6.389625e-02 
 3.518855e+01 -5.995559e-02 
 3.518894e+01 -5.594451e-02 
 3.518934e+01 -5.182629e-02 
 3.518974e+01 -4.751440e-02 
 3.519014e+01 -4.299290e-02 
 3.519054e+01 -3.835367e-02 
 3.519093e+01 -3.366184e-02 
 3.519133e+01 -2.895052e-02 
 3.519173e+01 -2.419067e-02 
 3.519213e+01 -1.939945e-02 
 3.519252e+01 -1.456902e-02 
 3.519292e+01 -9.675941e-03 
 3.519332e+01 -4.762519e-03 
 3.519372e+01  9.930941e-05 
 3.519411e+01  4.886392e-03 
 3.519451e+01  9.505317e-03 
 3.519491e+01  1.395644e-02 
 3.519531e+01  1.827355e-02 
 3.519571e+01  2.247903e-02 
 3.519610e+01  2.669087e-02 
 3.519650e+01  3.090012e-02 
 3.519690e+01  3.520714e-02 
 3.519730e+01  3.948110e-02 
 3.519769e+01  4.387831e-02 
 3.519809e+01  4.821617e-02 
 3.519849e+01  5.257085e-02 
 3.519889e+01  5.686541e-02 
 3.519928e+01  6.107464e-02 
 3.519968e+01  6.522059e-02 
 3.520008e+01  6.934091e-02 
 3.520048e+01  7.346562e-02 
 3.520088e+01  7.762551e-02 
 3.520127e+01  8.174037e-02 
 3.520167e+01  8.568434e-02 
 3.520207e+01  8.960349e-02 
 3.520247e+01  9.329714e-02 
 3.520286e+01  9.698640e-02 
 3.520326e+01  1.005096e-01 
 3.520366e+01  1.038590e-01 
 3.520406e+01  1.070460e-01 
 3.520445e+01  1.100001e-01 
 3.520485e+01  1.127849e-01 
 3.520525e+01  1.154149e-01 
 3.520565e+01  1.178921e-01 
 3.520605e+01  1.203617e-01 
 3.520644e+01  1.226974e-01 
 3.520684e+01  1.249322e-01 
 3.520724e+01  1.269098e-01 
 3.520764e+01  1.286726e-01 
 3.520803e+01  1.302749e-01 
 3.520843e+01  1.318198e-01 
 3.520883e+01  1.334046e-01 
 3.520923e+01  1.350844e-01 
 3.520962e+01  1.368085e-01 
 3.521002e+01  1.384967e-01 
 3.521042e+01  1.401245e-01 
 3.521082e+01  1.417115e-01 
 3.521122e+01  1.434108e-01 
 3.521161e+01  1.451946e-01 
 3.521201e+01  1.470621e-01 
 3.521241e+01  1.489067e-01 
 3.521281e+01  1.505752e-01 
 3.521320e+01  1.519350e-01 
 3.521360e+01  1.529973e-01 
 3.521400e+01  1.537622e-01 
 3.521440e+01  1.542279e-01 
 3.521479e+01  1.545086e-01 
 3.521519e+01  1.547059e-01 
 3.521559e+01  1.548984e-01 
 3.521599e+01  1.550654e-01 
 3.521639e+01  1.552325e-01 
 3.521678e+01  1.553700e-01 
 3.521718e+01  1.555182e-01 
 3.521758e+01  1.556607e-01 
 3.521798e+01  1.557801e-01 
 3.521837e+01  1.558967e-01 
 3.521877e+01  1.559602e-01 
 3.521917e+01  1.559606e-01 
 3.521957e+01  1.559476e-01 
 3.521996e+01  1.560144e-01 
 3.522036e+01  1.560212e-01 
 3.522076e+01  1.558919e-01 
 3.522116e+01  1.556346e-01 
 3.522156e+01  1.552025e-01 
 3.522195e+01  1.546563e-01 
 3.522235e+01  1.540212e-01 
 3.522275e+01  1.533522e-01 
 3.522315e+01  1.526874e-01 
 3.522354e+01  1.519890e-01 
 3.522394e+01  1.512934e-01 
 3.522434e+01  1.505855e-01 
 3.522474e+01  1.496881e-01 
 3.522513e+01  1.486022e-01 
 3.522553e+01  1.473181e-01 
 3.522593e+01  1.458918e-01 
 3.522633e+01  1.442748e-01 
 3.522673e+01  1.424805e-01 
 3.522712e+01  1.405445e-01 
 3.522752e+01  1.384202e-01 
 3.522792e+01  1.361796e-01 
 3.522832e+01  1.338689e-01 
 3.522871e+01  1.315842e-01 
 3.522911e+01  1.293125e-01 
 3.522951e+01  1.270352e-01 
 3.522991e+01  1.248035e-01 
 3.523030e+01  1.226124e-01 
 3.523070e+01  1.204057e-01 
 3.523110e+01  1.181886e-01 
 3.523150e+01  1.159498e-01 
 3.523190e+01  1.136505e-01 
 3.523229e+01  1.113074e-01 
 3.523269e+01  1.088775e-01 
 3.523309e+01  1.062948e-01 
 3.523349e+01  1.035163e-01 
 3.523388e+01  1.005267e-01 
 3.523428e+01  9.737475e-02 
 3.523468e+01  9.407053e-02 
 3.523508e+01  9.063954e-02 
 3.523547e+01  8.712860e-02 
 3.523587e+01  8.360121e-02 
 3.523627e+01  8.006760e-02 
 3.523667e+01  7.647288e-02 
 3.523707e+01  7.275508e-02 
 3.523746e+01  6.896124e-02 
 3.523786e+01  6.522495e-02 
 3.523826e+01  6.148824e-02 
 3.523866e+01  5.773425e-02 
 3.523905e+01  5.388186e-02 
 3.523945e+01  4.990779e-02 
 3.523985e+01  4.585971e-02 
 3.524025e+01  4.173149e-02 
 3.524064e+01  3.758497e-02 
 3.524104e+01  3.344883e-02 
 3.524144e+01  2.930590e-02 
 3.524184e+01  2.519427e-02 
 3.524224e+01  2.118458e-02 
 3.524263e+01  1.724258e-02 
 3.524303e+01  1.330717e-02 
 3.524343e+01  9.396099e-03 
 3.524383e+01  5.433461e-03 
 3.524422e+01  1.487142e-03 
 3.524462e+01 -2.501921e-03 
 3.524502e+01 -6.516330e-03 
 3.524542e+01 -1.057813e-02 
 3.524581e+01 -1.473759e-02 
 3.524621e+01 -1.898930e-02 
 3.524661e+01 -2.332977e-02 
 3.524701e+01 -2.774418e-02 
 3.524741e+01 -3.224812e-02 
 3.524780e+01 -3.680588e-02 
 3.524820e+01 -4.133980e-02 
 3.524860e+01 -4.579977e-02 
 3.524900e+01 -5.018859e-02 
 3.524939e+01 -5.442387e-02 
 3.524979e+01 -5.857083e-02 
 3.525019e+01 -6.264051e-02 
 3.525059e+01 -6.662739e-02 
 3.525098e+01 -7.052883e-02 
 3.525138e+01 -7.430810e-02 
 3.525178e+01 -7.792832e-02 
 3.525218e+01 -8.143103e-02 
 3.525258e+01 -8.487383e-02 
 3.525297e+01 -8.840185e-02 
 3.525337e+01 -9.208339e-02 
 3.525377e+01 -9.584894e-02 
 3.525417e+01 -9.959979e-02 
 3.525456e+01 -1.033140e-01 
 3.525496e+01 -1.069761e-01 
 3.525536e+01 -1.105221e-01 
 3.525576e+01 -1.139201e-01 
 3.525615e+01 -1.171744e-01 
 3.525655e+01 -1.203584e-01 
 3.525695e+01 -1.234506e-01 
 3.525735e+01 -1.265911e-01 
 3.525775e+01 -1.296546e-01 
 3.525814e+01 -1.326887e-01 
 3.525854e+01 -1.358492e-01 
 3.525894e+01 -1.391572e-01 
 3.525934e+01 -1.426738e-01 
 3.525973e+01 -1.462731e-01 
 3.526013e+01 -1.498095e-01 
 3.526053e+01 -1.531832e-01 
 3.526093e+01 -1.563126e-01 
 3.526132e+01 -1.593236e-01 
 3.526172e+01 -1.622755e-01 
 3.526212e+01 -1.652406e-01 
 3.526252e+01 -1.682094e-01 
 3.526292e+01 -1.711043e-01 
 3.526331e+01 -1.739733e-01 
 3.526371e+01 -1.768313e-01 
 3.526411e+01 -1.796496e-01 
 3.526451e+01 -1.824989e-01 
 3.526490e+01 -1.854171e-01 
 3.526530e+01 -1.883058e-01 
 3.526570e+01 -1.911517e-01 
 3.526610e+01 -1.939182e-01 
 3.526649e+01 -1.966443e-01 
 3.526689e+01 -1.993101e-01 
 3.526729e+01 -2.019080e-01 
 3.526769e+01 -2.043081e-01 
 3.526809e+01 -2.065042e-01 
 3.526848e+01 -2.085538e-01 
 3.526888e+01 -2.105256e-01 
 3.526928e+01 -2.124174e-01 
 3.526968e+01 -2.142998e-01 
 3.527007e+01 -2.160986e-01 
 3.527047e+01 -2.178055e-01 
 3.527087e+01 -2.193364e-01 
 3.527127e+01 -2.207456e-01 
 3.527167e+01 -2.220266e-01 
 3.527206e+01 -2.231691e-01 
 3.527246e+01 -2.242225e-01 
 3.527286e+01 -2.251499e-01 
 3.527326e+01 -2.258882e-01 
 3.527365e+01 -2.264131e-01 
 3.527405e+01 -2.266800e-01 
 3.527445e+01 -2.266380e-01 
 3.527485e+01 -2.263219e-01 
 3.527524e+01 -2.257665e-01 
 3.527564e+01 -2.250516e-01 
 3.527604e+01 -2.242242e-01 
 3.527644e+01 -2.233351e-01 
 3.527684e+01 -2.224199e-01 
 3.527723e+01 -2.215404e-01 
 3.527763e+01 -2.207271e-01 
 3.527803e+01 -2.200085e-01 
 3.527843e+01 -2.193188e-01 
 3.527882e+01 -2.186535e-01 
 3.527922e+01 -2.179855e-01 
 3.527962e+01 -2.172604e-01 
 3.528002e+01 -2.164230e-01 
 3.528041e+01 -2.154604e-01 
 3.528081e+01 -2.143590e-01 
 3.528121e+01 -2.131332e-01 
 3.528161e+01 -2.117717e-01 
 3.528201e+01 -2.103043e-01 
 3.528240e+01 -2.088031e-01 
 3.528280e+01 -2.072514e-01 
 3.528320e+01 -2.056504e-01 
 3.528360e+01 -2.039891e-01 
 3.528399e+01 -2.022402e-01 
 3.528439e+01 -2.002910e-01 
 3.528479e+01 -1.982039e-01 
 3.528519e+01 -1.959816e-01 
 3.528558e+01 -1.935899e-01 
 3.528598e+01 -1.910423e-01 
 3.528638e+01 -1.882839e-01 
 3.528678e+01 -1.852688e-01 
 3.528718e+01 -1.821501e-01 
 3.528757e+01 -1.788888e-01 
 3.528797e+01 -1.755178e-01 
 3.528837e+01 -1.722314e-01 
 3.528877e+01 -1.689916e-01 
 3.528916e+01 -1.657957e-01 
 3.528956e+01 -1.625920e-01 
 3.528996e+01 -1.593320e-01 
 3.529036e+01 -1.560981e-01 
 3.529075e+01 -1.528870e-01 
 3.529115e+01 -1.497278e-01 
 3.529155e+01 -1.467056e-01 
 3.529195e+01 -1.437797e-01 
 3.529235e+01 -1.408185e-01 
 3.529274e+01 -1.378252e-01 
 3.529314e+01 -1.346419e-01 
 3.529354e+01 -1.312481e-01 
 3.529394e+01 -1.276515e-01 
 3.529433e+01 -1.238204e-01 
 3.529473e+01 -1.198655e-01 
 3.529513e+01 -1.158102e-01 
 3.529553e+01 -1.117143e-01 
 3.529592e+01 -1.076788e-01 
 3.529632e+01 -1.036912e-01 
 3.529672e+01 -9.975380e-02 
 3.529712e+01 -9.585415e-02 
 3.529752e+01 -9.195977e-02 
 3.529791e+01 -8.807447e-02 
 3.529831e+01 -8.412374e-02 
 3.529871e+01 -8.011490e-02 
 3.529911e+01 -7.602338e-02 
 3.529950e+01 -7.179596e-02 
 3.529990e+01 -6.742834e-02 
 3.530030e+01 -6.292010e-02 
 3.530070e+01 -5.832855e-02 
 3.530109e+01 -5.379135e-02 
 3.530149e+01 -4.935732e-02 
 3.530189e+01 -4.502978e-02 
 3.530229e+01 -4.066943e-02 
 3.530269e+01 -3.626520e-02 
 3.530308e+01 -3.180278e-02 
 3.530348e+01 -2.728855e-02 
 3.530388e+01 -2.277340e-02 
 3.530428e+01 -1.830498e-02 
 3.530467e+01 -1.391372e-02 
 3.530507e+01 -9.514590e-03 
 3.530547e+01 -4.975238e-03 
 3.530587e+01 -3.508707e-04 
 3.530626e+01  4.464979e-03 
 3.530666e+01  9.471814e-03 
 3.530706e+01  1.452373e-02 
 3.530746e+01  1.951210e-02 
 3.530786e+01  2.436433e-02 
 3.530825e+01  2.911152e-02 
 3.530865e+01  3.364770e-02 
 3.530905e+01  3.791972e-02 
 3.530945e+01  4.187563e-02 
 3.530984e+01  4.561275e-02 
 3.531024e+01  4.911545e-02 
 3.531064e+01  5.241415e-02 
 3.531104e+01  5.559694e-02 
 3.531143e+01  5.872889e-02 
 3.531183e+01  6.185425e-02 
 3.531223e+01  6.490589e-02 
 3.531263e+01  6.794945e-02 
 3.531303e+01  7.094142e-02 
 3.531342e+01  7.395773e-02 
 3.531382e+01  7.699532e-02 
 3.531422e+01  8.015165e-02 
 3.531462e+01  8.339437e-02 
 3.531501e+01  8.673083e-02 
 3.531541e+01  9.004628e-02 
 3.531581e+01  9.321323e-02 
 3.531621e+01  9.624479e-02 
 3.531660e+01  9.911928e-02 
 3.531700e+01  1.018432e-01 
 3.531740e+01  1.044876e-01 
 3.531780e+01  1.071937e-01 
 3.531820e+01  1.098521e-01 
 3.531859e+01  1.124109e-01 
 3.531899e+01  1.148626e-01 
 3.531939e+01  1.171660e-01 
 3.531979e+01  1.192695e-01 
 3.532018e+01  1.211798e-01 
 3.532058e+01  1.228096e-01 
 3.532098e+01  1.242018e-01 
 3.532138e+01  1.254319e-01 
 3.532177e+01  1.265238e-01 
 3.532217e+01  1.274715e-01 
 3.532257e+01  1.282583e-01 
 3.532297e+01  1.289194e-01 
 3.532337e+01  1.294120e-01 
 3.532376e+01  1.298150e-01 
 3.532416e+01  1.302750e-01 
 3.532456e+01  1.309014e-01 
 3.532496e+01  1.315987e-01 
 3.532535e+01  1.324039e-01 
 3.532575e+01  1.333288e-01 
 3.532615e+01  1.343905e-01 
 3.532655e+01  1.354619e-01 
 3.532694e+01  1.364615e-01 
 3.532734e+01  1.374341e-01 
 3.532774e+01  1.384158e-01 
 3.532814e+01  1.393926e-01 
 3.532854e+01  1.402988e-01 
 3.532893e+01  1.411578e-01 
 3.532933e+01  1.418879e-01 
 3.532973e+01  1.424080e-01 
 3.533013e+01  1.427197e-01 
 3.533052e+01  1.428645e-01 
 3.533092e+01  1.429155e-01 
 3.533132e+01  1.429172e-01 
 3.533172e+01  1.428690e-01 
 3.533211e+01  1.427679e-01 
 3.533251e+01  1.425797e-01 
 3.533291e+01  1.423529e-01 
 3.533331e+01  1.420153e-01 
 3.533371e+01  1.416409e-01 
 3.533410e+01  1.412275e-01 
 3.533450e+01  1.408127e-01 
 3.533490e+01  1.403620e-01 
 3.533530e+01  1.399762e-01 
 3.533569e+01  1.396779e-01 
 3.533609e+01  1.394502e-01 
 3.533649e+01  1.392373e-01 
 3.533689e+01  1.390288e-01 
 3.533728e+01  1.387591e-01 
 3.533768e+01  1.384841e-01 
 3.533808e+01  1.380943e-01 
 3.533848e+01  1.375696e-01 
 3.533888e+01  1.369335e-01 
 3.533927e+01  1.361136e-01 
 3.533967e+01  1.351336e-01 
 3.534007e+01  1.340350e-01 
 3.534047e+01  1.327405e-01 
 3.534086e+01  1.312173e-01 
 3.534126e+01  1.293997e-01 
 3.534166e+01  1.273543e-01 
 3.534206e+01  1.251187e-01 
 3.534245e+01  1.226885e-01 
 3.534285e+01  1.201381e-01 
 3.534325e+01  1.175014e-01 
 3.534365e+01  1.148457e-01 
 3.534405e+01  1.121203e-01 
 3.534444e+01  1.092892e-01 
 3.534484e+01  1.062993e-01 
 3.534524e+01  1.031239e-01 
 3.534564e+01  9.979629e-02 
 3.534603e+01  9.646094e-02 
 3.534643e+01  9.312719e-02 
 3.534683e+01  8.991766e-02 
 3.534723e+01  8.679908e-02 
 3.534762e+01  8.373742e-02 
 3.534802e+01  8.057912e-02 
 3.534842e+01  7.722747e-02 
 3.534882e+01  7.365488e-02 
 3.534922e+01  6.983410e-02 
 3.534961e+01  6.578857e-02 
 3.535001e+01  6.167309e-02 
 3.535041e+01  5.758018e-02 
 3.535081e+01  5.361835e-02 
 3.535120e+01  4.981548e-02 
 3.535160e+01  4.612474e-02 
 3.535200e+01  4.237386e-02 
 3.535240e+01  3.830190e-02 
 3.535279e+01  3.384292e-02 
 3.535319e+01  2.900564e-02 
 3.535359e+01  2.396411e-02 
 3.535399e+01  1.881912e-02 
 3.535439e+01  1.376862e-02 
 3.535478e+01  8.836393e-03 
 3.535518e+01  4.150903e-03 
 3.535558e+01 -2.951508e-04 
 3.535598e+01 -4.523520e-03 
 3.535637e+01 -8.562688e-03 
 3.535677e+01 -1.256886e-02 
 3.535717e+01 -1.663410e-02 
 3.535757e+01 -2.069756e-02 
 3.535796e+01 -2.470116e-02 
 3.535836e+01 -2.867339e-02 
 3.535876e+01 -3.266596e-02 
 3.535916e+01 -3.668276e-02 
 3.535956e+01 -4.060485e-02 
 3.535995e+01 -4.451101e-02 
 3.536035e+01 -4.837995e-02 
 3.536075e+01 -5.221582e-02 
 3.536115e+01 -5.597960e-02 
 3.536154e+01 -5.967911e-02 
 3.536194e+01 -6.330176e-02 
 3.536234e+01 -6.679351e-02 
 3.536274e+01 -7.019876e-02 
 3.536313e+01 -7.357000e-02 
 3.536353e+01 -7.691120e-02 
 3.536393e+01 -8.020140e-02 
 3.536433e+01 -8.352647e-02 
 3.536473e+01 -8.684407e-02 
 3.536512e+01 -9.015949e-02 
 3.536552e+01 -9.346937e-02 
 3.536592e+01 -9.671369e-02 
 3.536632e+01 -9.977866e-02 
 3.536671e+01 -1.026514e-01 
 3.536711e+01 -1.052989e-01 
 3.536751e+01 -1.077446e-01 
 3.536791e+01 -1.101748e-01 
 3.536831e+01 -1.127192e-01 
 3.536870e+01 -1.153807e-01 
 3.536910e+01 -1.180519e-01 
 3.536950e+01 -1.206140e-01 
 3.536990e+01 -1.229231e-01 
 3.537029e+01 -1.249945e-01 
 3.537069e+01 -1.269839e-01 
 3.537109e+01 -1.290931e-01 
 3.537149e+01 -1.314414e-01 
 3.537188e+01 -1.341616e-01 
 3.537228e+01 -1.372621e-01 
 3.537268e+01 -1.406218e-01 
 3.537308e+01 -1.441426e-01 
 3.537348e+01 -1.476852e-01 
 3.537387e+01 -1.510813e-01 
 3.537427e+01 -1.543373e-01 
 3.537467e+01 -1.574852e-01 
 3.537507e+01 -1.605717e-01 
 3.537546e+01 -1.635855e-01 
 3.537586e+01 -1.664945e-01 
 3.537626e+01 -1.692570e-01 
 3.537666e+01 -1.717428e-01 
 3.537705e+01 -1.739504e-01 
 3.537745e+01 -1.760001e-01 
 3.537785e+01 -1.779702e-01 
 3.537825e+01 -1.799366e-01 
 3.537865e+01 -1.818654e-01 
 3.537904e+01 -1.836722e-01 
 3.537944e+01 -1.854009e-01 
 3.537984e+01 -1.869860e-01 
 3.538024e+01 -1.884336e-01 
 3.538063e+01 -1.898147e-01 
 3.538103e+01 -1.911347e-01 
 3.538143e+01 -1.923813e-01 
 3.538183e+01 -1.936477e-01 
 3.538222e+01 -1.948530e-01 
 3.538262e+01 -1.960187e-01 
 3.538302e+01 -1.971351e-01 
 3.538342e+01 -1.982829e-01 
 3.538382e+01 -1.994240e-01 
 3.538421e+01 -2.005604e-01 
 3.538461e+01 -2.016102e-01 
 3.538501e+01 -2.024633e-01 
 3.538541e+01 -2.030464e-01 
 3.538580e+01 -2.034253e-01 
 3.538620e+01 -2.037082e-01 
 3.538660e+01 -2.039313e-01 
 3.538700e+01 -2.041841e-01 
 3.538739e+01 -2.044379e-01 
 3.538779e+01 -2.046107e-01 
 3.538819e+01 -2.046662e-01 
 3.538859e+01 -2.045514e-01 
 3.538899e+01 -2.042102e-01 
 3.538938e+01 -2.035954e-01 
 3.538978e+01 -2.026728e-01 
 3.539018e+01 -2.014867e-01 
 3.539058e+01 -2.002231e-01 
 3.539097e+01 -1.990063e-01 
 3.539137e+01 -1.979091e-01 
 3.539177e+01 -1.970025e-01 
 3.539217e+01 -1.962126e-01 
 3.539256e+01 -1.953533e-01 
 3.539296e+01 -1.943378e-01 
 3.539336e+01 -1.930913e-01 
 3.539376e+01 -1.916265e-01 
 3.539416e+01 -1.900439e-01 
 3.539455e+01 -1.884402e-01 
 3.539495e+01 -1.868490e-01 
 3.539535e+01 -1.851508e-01 
 3.539575e+01 -1.833279e-01 
 3.539614e+01 -1.813839e-01 
 3.539654e+01 -1.792793e-01 
 3.539694e+01 -1.770125e-01 
 3.539734e+01 -1.746980e-01 
 3.539773e+01 -1.724495e-01 
 3.539813e+01 -1.702094e-01 
 3.539853e+01 -1.679702e-01 
 3.539893e+01 -1.656871e-01 
 3.539933e+01 -1.632761e-01 
 3.539972e+01 -1.607569e-01 
 3.540012e+01 -1.582187e-01 
 3.540052e+01 -1.557297e-01 
 3.540092e+01 -1.533266e-01 
 3.540131e+01 -1.509368e-01 
 3.540171e+01 -1.484663e-01 
 3.540211e+01 -1.459457e-01 
 3.540251e+01 -1.434044e-01 
 3.540290e+01 -1.408714e-01 
 3.540330e+01 -1.383082e-01 
 3.540370e+01 -1.356741e-01 
 3.540410e+01 -1.330012e-01 
 3.540450e+01 -1.302571e-01 
 3.540489e+01 -1.274863e-01 
 3.540529e+01 -1.247138e-01 
 3.540569e+01 -1.219110e-01 
 3.540609e+01 -1.190576e-01 
 3.540648e+01 -1.161736e-01 
 3.540688e+01 -1.132359e-01 
 3.540728e+01 -1.102979e-01 
 3.540768e+01 -1.072375e-01 
 3.540807e+01 -1.040322e-01 
 3.540847e+01 -1.006630e-01 
 3.540887e+01 -9.702071e-02 
 3.540927e+01 -9.311607e-02 
 3.540967e+01 -8.897039e-02 
 3.541006e+01 -8.466978e-02 
 3.541046e+01 -8.033327e-02 
 3.541086e+01 -7.603286e-02 
 3.541126e+01 -7.164640e-02 
 3.541165e+01 -6.704074e-02 
 3.541205e+01 -6.219743e-02 
 3.541245e+01 -5.714050e-02 
 3.541285e+01 -5.198093e-02 
 3.541324e+01 -4.686992e-02 
 3.541364e+01 -4.183950e-02 
 3.541404e+01 -3.693231e-02 
 3.541444e+01 -3.202119e-02 
 3.541484e+01 -2.708726e-02 
 3.541523e+01 -2.213893e-02 
 3.541563e+01 -1.717725e-02 
 3.541603e+01 -1.215345e-02 
 3.541643e+01 -7.175215e-03 
 3.541682e+01 -2.290059e-03 
 3.541722e+01  2.471131e-03 
 3.541762e+01  7.188976e-03 
 3.541802e+01  1.192784e-02 
 3.541841e+01  1.666850e-02 
 3.541881e+01  2.154383e-02 
 3.541921e+01  2.650535e-02 
 3.541961e+01  3.149122e-02 
 3.542001e+01  3.635714e-02 
 3.542040e+01  4.109088e-02 
 3.542080e+01  4.563732e-02 
 3.542120e+01  5.002759e-02 
 3.542160e+01  5.433439e-02 
 3.542199e+01  5.859781e-02 
 3.542239e+01  6.292096e-02 
 3.542279e+01  6.732692e-02 
 3.542319e+01  7.162998e-02 
 3.542358e+01  7.572164e-02 
 3.542398e+01  7.946760e-02 
 3.542438e+01  8.289048e-02 
 3.542478e+01  8.606192e-02 
 3.542518e+01  8.904720e-02 
 3.542557e+01  9.201864e-02 
 3.542597e+01  9.495750e-02 
 3.542637e+01  9.790545e-02 
 3.542677e+01  1.009139e-01 
 3.542716e+01  1.038769e-01 
 3.542756e+01  1.066784e-01 
 3.542796e+01  1.093015e-01 
 3.542836e+01  1.119018e-01 
 3.542875e+01  1.144301e-01 
 3.542915e+01  1.168912e-01 
 3.542955e+01  1.191921e-01 
 3.542995e+01  1.213127e-01 
 3.543035e+01  1.232800e-01 
 3.543074e+01  1.251691e-01 
 3.543114e+01  1.270798e-01 
 3.543154e+01  1.291027e-01 
 3.543194e+01  1.311672e-01 
 3.543233e+01  1.332253e-01 
 3.543273e+01  1.352238e-01 
 3.543313e+01  1.371345e-01 
 3.543353e+01  1.388860e-01 
 3.543392e+01  1.405039e-01 
 3.543432e+01  1.420544e-01 
 3.543472e+01  1.435281e-01 
 3.543512e+01  1.449516e-01 
 3.543552e+01  1.463538e-01 
 3.543591e+01  1.476487e-01 
 3.543631e+01  1.487202e-01 
 3.543671e+01  1.496107e-01 
 3.543711e+01  1.503126e-01 
 3.543750e+01  1.508747e-01 
 3.543790e+01  1.513590e-01 
 3.543830e+01  1.518795e-01 
 3.543870e+01  1.524650e-01 
 3.543909e+01  1.530993e-01 
 3.543949e+01  1.537530e-01 
 3.543989e+01  1.543523e-01 
 3.544029e+01  1.548483e-01 
 3.544069e+01  1.552852e-01 
 3.544108e+01  1.557129e-01 
 3.544148e+01  1.561636e-01 
 3.544188e+01  1.566578e-01 
 3.544228e+01  1.571578e-01 
 3.544267e+01  1.576514e-01 
 3.544307e+01  1.581123e-01 
 3.544347e+01  1.585318e-01 
 3.544387e+01  1.587952e-01 
 3.544426e+01  1.589044e-01 
 3.544466e+01  1.589908e-01 
 3.544506e+01  1.590256e-01 
 3.544546e+01  1.590332e-01 
 3.544586e+01  1.590030e-01 
 3.544625e+01  1.590070e-01 
 3.544665e+01  1.589496e-01 
 3.544705e+01  1.588068e-01 
 3.544745e+01  1.585998e-01 
 3.544784e+01  1.583517e-01 
 3.544824e+01  1.579803e-01 
 3.544864e+01  1.573783e-01 
 3.544904e+01  1.564418e-01 
 3.544943e+01  1.552434e-01 
 3.544983e+01  1.538707e-01 
 3.545023e+01  1.524484e-01 
 3.545063e+01  1.510624e-01 
 3.545103e+01  1.497062e-01 
 3.545142e+01  1.483501e-01 
 3.545182e+01  1.469021e-01 
 3.545222e+01  1.452913e-01 
 3.545262e+01  1.434417e-01 
 3.545301e+01  1.413237e-01 
 3.545341e+01  1.389257e-01 
 3.545381e+01  1.363340e-01 
 3.545421e+01  1.337492e-01 
 3.545460e+01  1.312486e-01 
 3.545500e+01  1.289200e-01 
 3.545540e+01  1.266793e-01 
 3.545580e+01  1.243204e-01 
 3.545620e+01  1.217595e-01 
 3.545659e+01  1.190118e-01 
 3.545699e+01  1.160849e-01 
 3.545739e+01  1.129762e-01 
 3.545779e+01  1.098041e-01 
 3.545818e+01  1.066695e-01 
 3.545858e+01  1.035273e-01 
 3.545898e+01  1.003933e-01 
 3.545938e+01  9.724361e-02 
 3.545978e+01  9.405327e-02 
 3.546017e+01  9.087787e-02 
 3.546057e+01  8.783228e-02 
 3.546097e+01  8.499473e-02 
 3.546137e+01  8.229030e-02 
 3.546176e+01  7.951564e-02 
 3.546216e+01  7.649002e-02 
 3.546256e+01  7.326606e-02 
 3.546296e+01  6.986099e-02 
 3.546335e+01  6.626336e-02 
 3.546375e+01  6.254899e-02 
 3.546415e+01  5.883808e-02 
 3.546455e+01  5.519943e-02 
 3.546495e+01  5.169835e-02 
 3.546534e+01  4.838756e-02 
 3.546574e+01  4.526463e-02 
 3.546614e+01  4.221989e-02 
 3.546654e+01  3.919137e-02 
 3.546693e+01  3.608762e-02 
 3.546733e+01  3.280329e-02 
 3.546773e+01  2.929280e-02 
 3.546813e+01  2.554549e-02 
 3.546852e+01  2.166394e-02 
 3.546892e+01  1.775300e-02 
 3.546932e+01  1.386791e-02 
 3.546972e+01  1.004013e-02 
 3.547012e+01  6.240726e-03 
 3.547051e+01  2.558320e-03 
 3.547091e+01 -1.043312e-03 
 3.547131e+01 -4.616652e-03 
 3.547171e+01 -8.127251e-03 
 3.547210e+01 -1.159692e-02 
 3.547250e+01 -1.504059e-02 
 3.547290e+01 -1.844374e-02 
 3.547330e+01 -2.186288e-02 
 3.547369e+01 -2.535177e-02 
 3.547409e+01 -2.885587e-02 
 3.547449e+01 -3.222383e-02 
 3.547489e+01 -3.548286e-02 
 3.547529e+01 -3.866598e-02 
 3.547568e+01 -4.188873e-02 
 3.547608e+01 -4.528094e-02 
 3.547648e+01 -4.898191e-02 
 3.547688e+01 -5.294144e-02 
 3.547727e+01 -5.709417e-02 
 3.547767e+01 -6.134428e-02 
 3.547807e+01 -6.561353e-02 
 3.547847e+01 -6.984482e-02 
 3.547886e+01 -7.391182e-02 
 3.547926e+01 -7.782838e-02 
 3.547966e+01 -8.174450e-02 
 3.548006e+01 -8.575848e-02 
 3.548046e+01 -8.986378e-02 
 3.548085e+01 -9.412455e-02 
 3.548125e+01 -9.854093e-02 
 3.548165e+01 -1.030609e-01 
 3.548205e+01 -1.076509e-01 
 3.548244e+01 -1.122908e-01 
 3.548284e+01 -1.169254e-01 
 3.548324e+01 -1.214033e-01 
 3.548364e+01 -1.256943e-01 
 3.548403e+01 -1.297451e-01 
 3.548443e+01 -1.335448e-01 
 3.548483e+01 -1.371266e-01 
 3.548523e+01 -1.406277e-01 
 3.548563e+01 -1.440099e-01 
 3.548602e+01 -1.475311e-01 
 3.548642e+01 -1.510906e-01 
 3.548682e+01 -1.546889e-01 
 3.548722e+01 -1.582747e-01 
 3.548761e+01 -1.618183e-01 
 3.548801e+01 -1.652286e-01 
 3.548841e+01 -1.685874e-01 
 3.548881e+01 -1.719575e-01 
 3.548920e+01 -1.753012e-01 
 3.548960e+01 -1.785708e-01 
 3.549000e+01 -1.817076e-01 
 3.549040e+01 -1.847869e-01 
 3.549080e+01 -1.876478e-01 
 3.549119e+01 -1.904497e-01 
 3.549159e+01 -1.932505e-01 
 3.549199e+01 -1.960722e-01 
 3.549239e+01 -1.988018e-01 
 3.549278e+01 -2.014246e-01 
 3.549318e+01 -2.039248e-01 
 3.549358e+01 -2.063356e-01 
 3.549398e+01 -2.085822e-01 
 3.549437e+01 -2.107129e-01 
 3.549477e+01 -2.127748e-01 
 3.549517e+01 -2.147876e-01 
 3.549557e+01 -2.168245e-01 
 3.549597e+01 -2.188533e-01 
 3.549636e+01 -2.208389e-01 
 3.549676e+01 -2.226758e-01 
 3.549716e+01 -2.243551e-01 
 3.549756e+01 -2.258648e-01 
 3.549795e+01 -2.271612e-01 
 3.549835e+01 -2.282260e-01 
 3.549875e+01 -2.291000e-01 
 3.549915e+01 -2.297745e-01 
 3.549954e+01 -2.303045e-01 
 3.549994e+01 -2.307418e-01 
 3.550034e+01 -2.311274e-01 
 3.550074e+01 -2.315613e-01 
 3.550114e+01 -2.320796e-01 
 3.550153e+01 -2.327425e-01 
 3.550193e+01 -2.334783e-01 
 3.550233e+01 -2.341684e-01 
 3.550273e+01 -2.347408e-01 
 3.550312e+01 -2.351310e-01 
 3.550352e+01 -2.353096e-01 
 3.550392e+01 -2.353471e-01 
 3.550432e+01 -2.351964e-01 
 3.550471e+01 -2.349181e-01 
 3.550511e+01 -2.345912e-01 
 3.550551e+01 -2.342881e-01 
 3.550591e+01 -2.340042e-01 
 3.550631e+01 -2.336896e-01 
 3.550670e+01 -2.332561e-01 
 3.550710e+01 -2.326202e-01 
 3.550750e+01 -2.319063e-01 
 3.550790e+01 -2.311977e-01 
 3.550829e+01 -2.305376e-01 
 3.550869e+01 -2.298775e-01 
 3.550909e+01 -2.291453e-01 
 3.550949e+01 -2.283143e-01 
 3.550988e+01 -2.273411e-01 
 3.551028e+01 -2.261224e-01 
 3.551068e+01 -2.247392e-01 
 3.551108e+01 -2.233133e-01 
 3.551148e+01 -2.218184e-01 
 3.551187e+01 -2.203128e-01 
 3.551227e+01 -2.187711e-01 
 3.551267e+01 -2.171636e-01 
 3.551307e+01 -2.154125e-01 
 3.551346e+01 -2.135550e-01 
 3.551386e+01 -2.116657e-01 
 3.551426e+01 -2.097247e-01 
 3.551466e+01 -2.076245e-01 
 3.551505e+01 -2.054232e-01 
 3.551545e+01 -2.031347e-01 
 3.551585e+01 -2.007180e-01 
 3.551625e+01 -1.980957e-01 
 3.551665e+01 -1.952097e-01 
 3.551704e+01 -1.920258e-01 
 3.551744e+01 -1.885503e-01 
 3.551784e+01 -1.848080e-01 
 3.551824e+01 -1.809246e-01 
 3.551863e+01 -1.769486e-01 
 3.551903e+01 -1.730017e-01 
 3.551943e+01 -1.691330e-01 
 3.551983e+01 -1.653890e-01 
 3.552022e+01 -1.617520e-01 
 3.552062e+01 -1.581680e-01 
 3.552102e+01 -1.545801e-01 
 3.552142e+01 -1.509034e-01 
 3.552182e+01 -1.470690e-01 
 3.552221e+01 -1.430806e-01 
 3.552261e+01 -1.388852e-01 
 3.552301e+01 -1.345185e-01 
 3.552341e+01 -1.300749e-01 
 3.552380e+01 -1.255662e-01 
 3.552420e+01 -1.210423e-01 
 3.552460e+01 -1.164018e-01 
 3.552500e+01 -1.116059e-01 
 3.552539e+01 -1.067271e-01 
 3.552579e+01 -1.018293e-01 
 3.552619e+01 -9.693433e-02 
 3.552659e+01 -9.204355e-02 
 3.552699e+01 -8.713458e-02 
 3.552738e+01 -8.223085e-02 
 3.552778e+01 -7.728748e-02 
 3.552818e+01 -7.231124e-02 
 3.552858e+01 -6.726537e-02 
 3.552897e+01 -6.213001e-02 
 3.552937e+01 -5.694527e-02 
 3.552977e+01 -5.178309e-02 
 3.553017e+01 -4.677716e-02 
 3.553056e+01 -4.187866e-02 
 3.553096e+01 -3.707843e-02 
 3.553136e+01 -3.241599e-02 
 3.553176e+01 -2.794530e-02 
 3.553216e+01 -2.359914e-02 
 3.553255e+01 -1.930592e-02 
 3.553295e+01 -1.508393e-02 
 3.553335e+01 -1.091152e-02 
 3.553375e+01 -6.812196e-03 
 3.553414e+01 -2.781662e-03 
 3.553454e+01  1.115557e-03 
 3.553494e+01  4.987633e-03 
 3.553534e+01  8.868233e-03 
 3.553573e+01  1.269230e-02 
 3.553613e+01  1.649188e-02 
 3.553653e+01  2.030918e-02 
 3.553693e+01  2.419846e-02 
 3.553733e+01  2.806133e-02 
 3.553772e+01  3.179417e-02 
 3.553812e+01  3.532293e-02 
 3.553852e+01  3.874575e-02 
 3.553892e+01  4.193370e-02 
 3.553931e+01  4.512433e-02 
 3.553971e+01  4.818198e-02 
 3.554011e+01  5.125519e-02 
 3.554051e+01  5.424850e-02 
 3.554090e+01  5.719385e-02 
 3.554130e+01  6.006565e-02 
 3.554170e+01  6.283229e-02 
 3.554210e+01  6.558907e-02 
 3.554250e+01  6.835656e-02 
 3.554289e+01  7.097867e-02 
 3.554329e+01  7.345508e-02 
 3.554369e+01  7.572290e-02 
 3.554409e+01  7.770701e-02 
 3.554448e+01  7.948170e-02 
 3.554488e+01  8.114779e-02 
 3.554528e+01  8.282588e-02 
 3.554568e+01  8.442248e-02 
 3.554607e+01  8.604654e-02 
 3.554647e+01  8.770615e-02 
 3.554687e+01  8.939204e-02 
 3.554727e+01  9.109435e-02 
 3.554767e+01  9.271216e-02 
 3.554806e+01  9.420837e-02 
 3.554846e+01  9.565327e-02 
 3.554886e+01  9.708397e-02 
 3.554926e+01  9.846812e-02 
 3.554965e+01  9.989312e-02 
 3.555005e+01  1.013984e-01 
 3.555045e+01  1.029846e-01 
 3.555085e+01  1.046064e-01 
 3.555125e+01  1.062236e-01 
 3.555164e+01  1.077429e-01 
 3.555204e+01  1.090631e-01 
 3.555244e+01  1.102071e-01 
 3.555284e+01  1.112611e-01 
 3.555323e+01  1.122932e-01 
 3.555363e+01  1.132494e-01 
 3.555403e+01  1.141718e-01 
 3.555443e+01  1.151060e-01 
 3.555482e+01  1.160817e-01 
 3.555522e+01  1.170916e-01 
 3.555562e+01  1.180518e-01 
 3.555602e+01  1.189825e-01 
 3.555642e+01  1.198896e-01 
 3.555681e+01  1.206697e-01 
 3.555721e+01  1.212648e-01 
 3.555761e+01  1.216141e-01 
 3.555801e+01  1.217100e-01 
 3.555840e+01  1.216896e-01 
 3.555880e+01  1.216677e-01 
 3.555920e+01  1.217866e-01 
 3.555960e+01  1.219823e-01 
 3.555999e+01  1.222616e-01 
 3.556039e+01  1.225384e-01 
 3.556079e+01  1.227598e-01 
 3.556119e+01  1.229120e-01 
 3.556159e+01  1.229668e-01 
 3.556198e+01  1.228161e-01 
 3.556238e+01  1.225050e-01 
 3.556278e+01  1.220346e-01 
 3.556318e+01  1.214165e-01 
 3.556357e+01  1.205778e-01 
 3.556397e+01  1.194851e-01 
 3.556437e+01  1.181558e-01 
 3.556477e+01  1.166021e-01 
 3.556516e+01  1.149382e-01 
 3.556556e+01  1.132084e-01 
 3.556596e+01  1.114990e-01 
 3.556636e+01  1.098645e-01 
 3.556676e+01  1.083604e-01 
 3.556715e+01  1.069450e-01 
 3.556755e+01  1.056224e-01 
 3.556795e+01  1.043500e-01 
 3.556835e+01  1.031131e-01 
 3.556874e+01  1.018451e-01 
 3.556914e+01  1.004958e-01 
 3.556954e+01  9.902120e-02 
 3.556994e+01  9.739701e-02 
 3.557033e+01  9.554993e-02 
 3.557073e+01  9.355277e-02 
 3.557113e+01  9.140407e-02 
 3.557153e+01  8.907703e-02 
 3.557193e+01  8.662393e-02 
 3.557232e+01  8.411440e-02 
 3.557272e+01  8.158491e-02 
 3.557312e+01  7.897297e-02 
 3.557352e+01  7.626861e-02 
 3.557391e+01  7.350699e-02 
 3.557431e+01  7.078096e-02 
 3.557471e+01  6.807280e-02 
 3.557511e+01  6.544576e-02 
 3.557550e+01  6.293402e-02 
 3.557590e+01  6.032305e-02 
 3.557630e+01  5.749918e-02 
 3.557670e+01  5.450484e-02 
 3.557710e+01  5.134781e-02 
 3.557749e+01  4.792466e-02 
 3.557789e+01  4.434224e-02 
 3.557829e+01  4.076259e-02 
 3.557869e+01  3.733491e-02 
 3.557908e+01  3.415040e-02 
 3.557948e+01  3.127283e-02 
 3.557988e+01  2.865436e-02 
 3.558028e+01  2.621823e-02 
 3.558067e+01  2.374184e-02 
 3.558107e+01  2.122448e-02 
 3.558147e+01  1.855159e-02 
 3.558187e+01  1.579011e-02 
 3.558227e+01  1.290989e-02 
 3.558266e+01  1.004106e-02 
 3.558306e+01  7.220271e-03 
 3.558346e+01  4.316094e-03 
 3.558386e+01  1.385974e-03 
 3.558425e+01 -1.580562e-03 
 3.558465e+01 -4.523742e-03 
 3.558505e+01 -7.397938e-03 
 3.558545e+01 -1.025730e-02 
 3.558584e+01 -1.306351e-02 
 3.558624e+01 -1.582775e-02 
 3.558664e+01 -1.863638e-02 
 3.558704e+01 -2.141264e-02 
 3.558744e+01 -2.413857e-02 
 3.558783e+01 -2.677544e-02 
 3.558823e+01 -2.935770e-02 
 3.558863e+01 -3.184751e-02 
 3.558903e+01 -3.432596e-02 
 3.558942e+01 -3.692516e-02 
 3.558982e+01 -3.969710e-02 
 3.559022e+01 -4.260653e-02 
 3.559062e+01 -4.553112e-02 
 3.559101e+01 -4.841966e-02 
 3.559141e+01 -5.117129e-02 
 3.559181e+01 -5.377450e-02 
 3.559221e+01 -5.618922e-02 
 3.559261e+01 -5.848881e-02 
 3.559300e+01 -6.068597e-02 
 3.559340e+01 -6.288531e-02 
 3.559380e+01 -6.519240e-02 
 3.559420e+01 -6.757764e-02 
 3.559459e+01 -6.992674e-02 
 3.559499e+01 -7.229548e-02 
 3.559539e+01 -7.469250e-02 
 3.559579e+01 -7.708628e-02 
 3.559618e+01 -7.963991e-02 
 3.559658e+01 -8.240917e-02 
 3.559698e+01 -8.541842e-02 
 3.559738e+01 -8.851708e-02 
 3.559778e+01 -9.167859e-02 
 3.559817e+01 -9.475663e-02 
 3.559857e+01 -9.758059e-02 
 3.559897e+01 -1.000614e-01 
 3.559937e+01 -1.022597e-01 
 3.559976e+01 -1.044061e-01 
 3.560016e+01 -1.065637e-01 
 3.560056e+01 -1.087127e-01 
 3.560096e+01 -1.108523e-01 
 3.560135e+01 -1.130280e-01 
 3.560175e+01 -1.150927e-01 
 3.560215e+01 -1.170602e-01 
 3.560255e+01 -1.190154e-01 
 3.560295e+01 -1.209932e-01 
 3.560334e+01 -1.230417e-01 
 3.560374e+01 -1.251301e-01 
 3.560414e+01 -1.272811e-01 
 3.560454e+01 -1.293623e-01 
 3.560493e+01 -1.313636e-01 
 3.560533e+01 -1.333052e-01 
 3.560573e+01 -1.353758e-01 
 3.560613e+01 -1.375886e-01 
 3.560652e+01 -1.399177e-01 
 3.560692e+01 -1.423131e-01 
 3.560732e+01 -1.446730e-01 
 3.560772e+01 -1.468652e-01 
 3.560812e+01 -1.489064e-01 
 3.560851e+01 -1.508943e-01 
 3.560891e+01 -1.528678e-01 
 3.560931e+01 -1.548740e-01 
 3.560971e+01 -1.568699e-01 
 3.561010e+01 -1.588428e-01 
 3.561050e+01 -1.606567e-01 
 3.561090e+01 -1.622922e-01 
 3.561130e+01 -1.636770e-01 
 3.561169e+01 -1.647791e-01 
 3.561209e+01 -1.656829e-01 
 3.561249e+01 -1.663808e-01 
 3.561289e+01 -1.669876e-01 
 3.561329e+01 -1.675897e-01 
 3.561368e+01 -1.682413e-01 
 3.561408e+01 -1.689378e-01 
 3.561448e+01 -1.695902e-01 
 3.561488e+01 -1.702626e-01 
 3.561527e+01 -1.710052e-01 
 3.561567e+01 -1.718221e-01 
 3.561607e+01 -1.726520e-01 
 3.561647e+01 -1.734281e-01 
 3.561686e+01 -1.739626e-01 
 3.561726e+01 -1.742191e-01 
 3.561766e+01 -1.741954e-01 
 3.561806e+01 -1.739159e-01 
 3.561846e+01 -1.734543e-01 
 3.561885e+01 -1.729744e-01 
 3.561925e+01 -1.724582e-01 
 3.561965e+01 -1.718975e-01 
 3.562005e+01 -1.713147e-01 
 3.562044e+01 -1.705885e-01 
 3.562084e+01 -1.696179e-01 
 3.562124e+01 -1.683874e-01 
 3.562164e+01 -1.670308e-01 
 3.562203e+01 -1.656199e-01 
 3.562243e+01 -1.641655e-01 
 3.562283e+01 -1.626229e-01 
 3.562323e+01 -1.610070e-01 
 3.562363e+01 -1.592903e-01 
 3.562402e+01 -1.573881e-01 
 3.562442e+01 -1.552974e-01 
 3.562482e+01 -1.531200e-01 
 3.562522e+01 -1.508855e-01 
 3.562561e+01 -1.486558e-01 
 3.562601e+01 -1.464790e-01 
 3.562641e+01 -1.443009e-01 
 3.562681e+01 -1.421234e-01 
 3.562720e+01 -1.398975e-01 
 3.562760e+01 -1.375986e-01 
 3.562800e+01 -1.352696e-01 
 3.562840e+01 -1.329562e-01 
 3.562880e+01 -1.306104e-01 
 3.562919e+01 -1.280881e-01 
 3.562959e+01 -1.254116e-01 
 3.562999e+01 -1.225574e-01 
 3.563039e+01 -1.195023e-01 
 3.563078e+01 -1.162990e-01 
 3.563118e+01 -1.129272e-01 
 3.563158e+01 -1.094990e-01 
 3.563198e+01 -1.059275e-01 
 3.563237e+01 -1.022275e-01 
 3.563277e+01 -9.848318e-02 
 3.563317e+01 -9.473196e-02 
 3.563357e+01 -9.102265e-02 
 3.563397e+01 -8.734115e-02 
 3.563436e+01 -8.372978e-02 
 3.563476e+01 -8.024783e-02 
 3.563516e+01 -7.688989e-02 
 3.563556e+01 -7.359460e-02 
 3.563595e+01 -7.027546e-02 
 3.563635e+01 -6.687152e-02 
 3.563675e+01 -6.341351e-02 
 3.563715e+01 -5.983449e-02 
 3.563754e+01 -5.613372e-02 
 3.563794e+01 -5.241699e-02 
 3.563834e+01 -4.878203e-02 
 3.563874e+01 -4.531309e-02 
 3.563914e+01 -4.198945e-02 
 3.563953e+01 -3.878005e-02 
 3.563993e+01 -3.558936e-02 
 3.564033e+01 -3.228578e-02 
 3.564073e+01 -2.878234e-02 
 3.564112e+01 -2.513753e-02 
 3.564152e+01 -2.137073e-02 
 3.564192e+01 -1.746696e-02 
 3.564232e+01 -1.348816e-02 
 3.564272e+01 -9.562926e-03 
 3.564311e+01 -5.664050e-03 
 3.564351e+01 -1.755900e-03 
 3.564391e+01  2.233693e-03 
 3.564431e+01  6.293825e-03 
 3.564470e+01  1.042729e-02 
 3.564510e+01  1.455560e-02 
 3.564550e+01  1.851956e-02 
 3.564590e+01  2.225033e-02 
 3.564629e+01  2.580898e-02 
 3.564669e+01  2.925065e-02 
 3.564709e+01  3.257202e-02 
 3.564749e+01  3.580510e-02 
 3.564789e+01  3.900069e-02 
 3.564828e+01  4.216036e-02 
 3.564868e+01  4.515490e-02 
 3.564908e+01  4.807804e-02 
 3.564948e+01  5.096756e-02 
 3.564987e+01  5.389366e-02 
 3.565027e+01  5.694114e-02 
 3.565067e+01  6.010437e-02 
 3.565107e+01  6.326133e-02 
 3.565146e+01  6.632108e-02 
 3.565186e+01  6.911816e-02 
 3.565226e+01  7.170183e-02 
 3.565266e+01  7.404901e-02 
 3.565306e+01  7.619806e-02 
 3.565345e+01  7.824856e-02 
 3.565385e+01  8.015941e-02 
 3.565425e+01  8.206779e-02 
 3.565465e+01  8.390910e-02 
 3.565504e+01  8.563524e-02 
 3.565544e+01  8.721988e-02 
 3.565584e+01  8.880564e-02 
 3.565624e+01  9.040990e-02 
 3.565663e+01  9.202855e-02 
 3.565703e+01  9.355973e-02 
 3.565743e+01  9.497845e-02 
 3.565783e+01  9.628624e-02 
 3.565823e+01  9.741941e-02 
 3.565862e+01  9.834402e-02 
 3.565902e+01  9.912159e-02 
 3.565942e+01  9.985647e-02 
 3.565982e+01  1.004172e-01 
 3.566021e+01  1.008349e-01 
 3.566061e+01  1.010134e-01 
 3.566101e+01  1.009752e-01 
 3.566141e+01  1.007009e-01 
 3.566180e+01  1.003753e-01 
 3.566220e+01  1.001163e-01 
 3.566260e+01  9.994697e-02 
 3.566300e+01  9.979757e-02 
 3.566340e+01  9.955072e-02 
 3.566379e+01  9.924224e-02 
 3.566419e+01  9.883130e-02 
 3.566459e+01  9.832163e-02 
 3.566499e+01  9.774139e-02 
 3.566538e+01  9.710972e-02 
 3.566578e+01  9.655890e-02 
 3.566618e+01  9.597054e-02 
 3.566658e+01  9.525933e-02 
 3.566697e+01  9.439059e-02 
 3.566737e+01  9.322564e-02 
 3.566777e+01  9.177199e-02 
 3.566817e+01  9.017031e-02 
 3.566857e+01  8.858673e-02 
 3.566896e+01  8.720160e-02 
 3.566936e+01  8.597453e-02 
 3.566976e+01  8.485759e-02 
 3.567016e+01  8.374582e-02 
 3.567055e+01  8.259344e-02 
 3.567095e+01  8.136941e-02 
 3.567135e+01  8.015902e-02 
 3.567175e+01  7.898925e-02 
 3.567214e+01  7.790684e-02 
 3.567254e+01  7.691437e-02 
 3.567294e+01  7.589238e-02 
 3.567334e+01  7.487524e-02 
 3.567374e+01  7.385695e-02 
 3.567413e+01  7.291565e-02 
 3.567453e+01  7.204586e-02 
 3.567493e+01  7.117556e-02 
 3.567533e+01  7.034154e-02 
 3.567572e+01  6.951503e-02 
 3.567612e+01  6.871063e-02 
 3.567652e+01  6.784877e-02 
 3.567692e+01  6.690816e-02 
 3.567731e+01  6.588362e-02 
 3.567771e+01  6.485364e-02 
 3.567811e+01  6.384987e-02 
 3.567851e+01  6.279281e-02 
 3.567891e+01  6.158658e-02 
 3.567930e+01  6.021490e-02 
 3.567970e+01  5.865070e-02 
 3.568010e+01  5.698929e-02 
 3.568050e+01  5.533746e-02 
 3.568089e+01  5.376123e-02 
 3.568129e+01  5.222544e-02 
 3.568169e+01  5.065053e-02 
 3.568209e+01  4.911055e-02 
 3.568248e+01  4.752154e-02 
 3.568288e+01  4.581700e-02 
 3.568328e+01  4.403292e-02 
 3.568368e+01  4.216524e-02 
 3.568408e+01  4.027492e-02 
 3.568447e+01  3.837270e-02 
 3.568487e+01  3.634976e-02 
 3.568527e+01  3.423077e-02 
 3.568567e+01  3.204127e-02 
 3.568606e+01  2.977075e-02 
 3.568646e+01  2.737484e-02 
 3.568686e+01  2.486431e-02 
 3.568726e+01  2.225120e-02 
 3.568765e+01  1.951268e-02 
 3.568805e+01  1.667765e-02 
 3.568845e+01  1.384423e-02 
 3.568885e+01  1.102076e-02 
 3.568925e+01  8.226806e-03 
 3.568964e+01  5.454304e-03 
 3.569004e+01  2.662313e-03 
 3.569044e+01 -1.018354e-04 
 3.569084e+01 -2.920109e-03 
 3.569123e+01 -5.811440e-03 
 3.569163e+01 -8.758799e-03 
 3.569203e+01 -1.172499e-02 
 3.569243e+01 -1.470835e-02 
 3.569282e+01 -1.772776e-02 
 3.569322e+01 -2.076175e-02 
 3.569362e+01 -2.388477e-02 
 3.569402e+01 -2.703120e-02 
 3.569442e+01 -3.014645e-02 
 3.569481e+01 -3.327520e-02 
 3.569521e+01 -3.641296e-02 
 3.569561e+01 -3.951273e-02 
 3.569601e+01 -4.253247e-02 
 3.569640e+01 -4.541855e-02 
 3.569680e+01 -4.816742e-02 
 3.569720e+01 -5.078362e-02 
 3.569760e+01 -5.331193e-02 
 3.569799e+01 -5.578330e-02 
 3.569839e+01 -5.815842e-02 
 3.569879e+01 -6.047063e-02 
 3.569919e+01 -6.268589e-02 
 3.569959e+01 -6.479015e-02 
 3.569998e+01 -6.678099e-02 
 3.570038e+01 -6.871198e-02 
 3.570078e+01 -7.061872e-02 
 3.570118e+01 -7.265676e-02 
 3.570157e+01 -7.479006e-02 
 3.570197e+01 -7.695364e-02 
 3.570237e+01 -7.909012e-02 
 3.570277e+01 -8.106720e-02 
 3.570316e+01 -8.291211e-02 
 3.570356e+01 -8.459493e-02 
 3.570396e+01 -8.626128e-02 
 3.570436e+01 -8.795433e-02 
 3.570476e+01 -8.976406e-02 
 3.570515e+01 -9.165725e-02 
 3.570555e+01 -9.352066e-02 
 3.570595e+01 -9.529662e-02 
 3.570635e+01 -9.695759e-02 
 3.570674e+01 -9.844197e-02 
 3.570714e+01 -9.977613e-02 
 3.570754e+01 -1.010447e-01 
 3.570794e+01 -1.023238e-01 
 3.570833e+01 -1.035933e-01 
 3.570873e+01 -1.049951e-01 
 3.570913e+01 -1.063850e-01 
 3.570953e+01 -1.078759e-01 
 3.570993e+01 -1.094797e-01 
 3.571032e+01 -1.112239e-01 
 3.571072e+01 -1.130847e-01 
 3.571112e+01 -1.150882e-01 
 3.571152e+01 -1.173015e-01 
 3.571191e+01 -1.196247e-01 
 3.571231e+01 -1.221112e-01 
 3.571271e+01 -1.247441e-01 
 3.571311e+01 -1.274274e-01 
 3.571350e+01 -1.301296e-01 
 3.571390e+01 -1.327605e-01 
 3.571430e+01 -1.353098e-01 
 3.571470e+01 -1.377245e-01 
 3.571510e+01 -1.400360e-01 
 3.571549e+01 -1.422688e-01 
 3.571589e+01 -1.444839e-01 
 3.571629e+01 -1.467135e-01 
 3.571669e+01 -1.488854e-01 
 3.571708e+01 -1.508512e-01 
 3.571748e+01 -1.526206e-01 
 3.571788e+01 -1.541515e-01 
 3.571828e+01 -1.555559e-01 
 3.571867e+01 -1.569525e-01 
 3.571907e+01 -1.584491e-01 
 3.571947e+01 -1.600338e-01 
 3.571987e+01 -1.616543e-01 
 3.572027e+01 -1.632942e-01 
 3.572066e+01 -1.648742e-01 
 3.572106e+01 -1.663902e-01 
 3.572146e+01 -1.677885e-01 
 3.572186e+01 -1.690237e-01 
 3.572225e+01 -1.701136e-01 
 3.572265e+01 -1.711433e-01 
 3.572305e+01 -1.721286e-01 
 3.572345e+01 -1.730603e-01 
 3.572384e+01 -1.738778e-01 
 3.572424e+01 -1.745530e-01 
 3.572464e+01 -1.750447e-01 
 3.572504e+01 -1.753645e-01 
 3.572544e+01 -1.754336e-01 
 3.572583e+01 -1.751747e-01 
 3.572623e+01 -1.745998e-01 
 3.572663e+01 -1.738049e-01 
 3.572703e+01 -1.728282e-01 
 3.572742e+01 -1.717434e-01 
 3.572782e+01 -1.705571e-01 
 3.572822e+01 -1.692218e-01 
 3.572862e+01 -1.677489e-01 
 3.572901e+01 -1.661531e-01 
 3.572941e+01 -1.644833e-01 
 3.572981e+01 -1.627361e-01 
 3.573021e+01 -1.609663e-01 
 3.573061e+01 -1.592716e-01 
 3.573100e+01 -1.576382e-01 
 3.573140e+01 -1.560093e-01 
 3.573180e+01 -1.542328e-01 
 3.573220e+01 -1.521890e-01 
 3.573259e+01 -1.498782e-01 
 3.573299e+01 -1.473610e-01 
 3.573339e+01 -1.447475e-01 
 3.573379e+01 -1.421990e-01 
 3.573419e+01 -1.397201e-01 
 3.573458e+01 -1.371848e-01 
 3.573498e+01 -1.344926e-01 
 3.573538e+01 -1.316163e-01 
 3.573578e+01 -1.285149e-01 
 3.573617e+01 -1.253256e-01 
 3.573657e+01 -1.221569e-01 
 3.573697e+01 -1.190813e-01 
 3.573737e+01 -1.160608e-01 
 3.573776e+01 -1.130165e-01 
 3.573816e+01 -1.099170e-01 
 3.573856e+01 -1.067041e-01 
 3.573896e+01 -1.034397e-01 
 3.573936e+01 -1.002428e-01 
 3.573975e+01 -9.719484e-02 
 3.574015e+01 -9.424909e-02 
 3.574055e+01 -9.136058e-02 
 3.574095e+01 -8.851332e-02 
 3.574134e+01 -8.568264e-02 
 3.574174e+01 -8.287411e-02 
 3.574214e+01 -8.011867e-02 
 3.574254e+01 -7.745763e-02 
 3.574293e+01 -7.489258e-02 
 3.574333e+01 -7.248384e-02 
 3.574373e+01 -7.018869e-02 
 3.574413e+01 -6.793241e-02 
 3.574453e+01 -6.561347e-02 
 3.574492e+01 -6.319370e-02 
 3.574532e+01 -6.066549e-02 
 3.574572e+01 -5.799904e-02 
 3.574612e+01 -5.525508e-02 
 3.574651e+01 -5.242624e-02 
 3.574691e+01 -4.951084e-02 
 3.574731e+01 -4.649794e-02 
 3.574771e+01 -4.339525e-02 
 3.574810e+01 -4.022793e-02 
 3.574850e+01 -3.705014e-02 
 3.574890e+01 -3.388623e-02 
 3.574930e+01 -3.075022e-02 
 3.574970e+01 -2.764204e-02 
 3.575009e+01 -2.455983e-02 
 3.575049e+01 -2.151872e-02 
 3.575089e+01 -1.843686e-02 
 3.575129e+01 -1.530958e-02 
 3.575168e+01 -1.205947e-02 
 3.575208e+01 -8.724480e-03 
 3.575248e+01 -5.309332e-03 
 3.575288e+01 -1.932583e-03 
 3.575327e+01  1.387732e-03 
 3.575367e+01  4.712353e-03 
 3.575407e+01  8.091560e-03 
 3.575447e+01  1.150713e-02 
 3.575487e+01  1.495813e-02 
 3.575526e+01  1.848487e-02 
 3.575566e+01  2.198422e-02 
 3.575606e+01  2.542739e-02 
 3.575646e+01  2.872413e-02 
 3.575685e+01  3.201493e-02 
 3.575725e+01  3.526145e-02 
 3.575765e+01  3.852795e-02 
 3.575805e+01  4.186890e-02 
 3.575844e+01  4.527987e-02 
 3.575884e+01  4.868992e-02 
 3.575924e+01  5.191432e-02 
 3.575964e+01  5.493897e-02 
 3.576004e+01  5.773340e-02 
 3.576043e+01  6.038788e-02 
 3.576083e+01  6.295237e-02 
 3.576123e+01  6.548276e-02 
 3.576163e+01  6.802231e-02 
 3.576202e+01  7.043060e-02 
 3.576242e+01  7.257121e-02 
 3.576282e+01  7.447147e-02 
 3.576322e+01  7.606676e-02 
 3.576361e+01  7.744685e-02 
 3.576401e+01  7.873128e-02 
 3.576441e+01  7.999392e-02 
 3.576481e+01  8.121930e-02 
 3.576521e+01  8.241766e-02 
 3.576560e+01  8.364963e-02 
 3.576600e+01  8.492339e-02 
 3.576640e+01  8.627592e-02 
 3.576680e+01  8.762519e-02 
 3.576719e+01  8.887961e-02 
 3.576759e+01  9.000190e-02 
 3.576799e+01  9.093181e-02 
 3.576839e+01  9.160670e-02 
 3.576878e+01  9.204791e-02 
 3.576918e+01  9.226925e-02 
 3.576958e+01  9.233423e-02 
 3.576998e+01  9.237301e-02 
 3.577038e+01  9.244721e-02 
 3.577077e+01  9.251400e-02 
 3.577117e+01  9.247117e-02 
 3.577157e+01  9.223748e-02 
 3.577197e+01  9.178849e-02 
 3.577236e+01  9.118338e-02 
 3.577276e+01  9.042607e-02 
 3.577316e+01  8.963806e-02 
 3.577356e+01  8.889100e-02 
 3.577395e+01  8.812666e-02 
 3.577435e+01  8.739779e-02 
 3.577475e+01  8.666209e-02 
 3.577515e+01  8.581116e-02 
 3.577555e+01  8.485202e-02 
 3.577594e+01  8.381086e-02 
 3.577634e+01  8.278487e-02 
 3.577674e+01  8.190765e-02 
 3.577714e+01  8.118716e-02 
 3.577753e+01  8.064271e-02 
 3.577793e+01  8.023347e-02 
 3.577833e+01  7.977565e-02 
 3.577873e+01  7.924012e-02 
 3.577912e+01  7.869207e-02 
 3.577952e+01  7.817767e-02 
 3.577992e+01  7.777794e-02 
 3.578032e+01  7.754213e-02 
 3.578072e+01  7.748967e-02 
 3.578111e+01  7.754003e-02 
 3.578151e+01  7.767346e-02 
 3.578191e+01  7.774651e-02 
 3.578231e+01  7.764194e-02 
 3.578270e+01  7.739741e-02 
 3.578310e+01  7.704766e-02 
 3.578350e+01  7.671058e-02 
 3.578390e+01  7.651992e-02 
 3.578429e+01  7.648487e-02 
 3.578469e+01  7.655849e-02 
 3.578509e+01  7.657592e-02 
 3.578549e+01  7.650067e-02 
 3.578589e+01  7.632871e-02 
 3.578628e+01  7.616645e-02 
 3.578668e+01  7.605471e-02 
 3.578708e+01  7.603260e-02 
 3.578748e+01  7.601155e-02 
 3.578787e+01  7.593745e-02 
 3.578827e+01  7.576200e-02 
 3.578867e+01  7.546571e-02 
 3.578907e+01  7.502662e-02 
 3.578946e+01  7.447608e-02 
 3.578986e+01  7.390328e-02 
 3.579026e+01  7.323277e-02 
 3.579066e+01  7.241562e-02 
 3.579106e+01  7.144489e-02 
 3.579145e+01  7.026219e-02 
 3.579185e+01  6.876005e-02 
 3.579225e+01  6.717078e-02 
 3.579265e+01  6.558337e-02 
 3.579304e+01  6.408235e-02 
 3.579344e+01  6.258546e-02 
 3.579384e+01  6.097871e-02 
 3.579424e+01  5.916878e-02 
 3.579463e+01  5.711491e-02 
 3.579503e+01  5.493783e-02 
 3.579543e+01  5.268601e-02 
 3.579583e+01  5.048214e-02 
 3.579623e+01  4.835191e-02 
 3.579662e+01  4.623466e-02 
 3.579702e+01  4.417775e-02 
 3.579742e+01  4.210060e-02 
 3.579782e+01  3.995607e-02 
 3.579821e+01  3.763346e-02 
 3.579861e+01  3.517877e-02 
 3.579901e+01  3.258496e-02 
 3.579941e+01  2.982735e-02 
 3.579980e+01  2.695975e-02 
 3.580020e+01  2.408713e-02 
 3.580060e+01  2.121833e-02 
 3.580100e+01  1.833951e-02 
 3.580140e+01  1.550459e-02 
 3.580179e+01  1.267260e-02 
 3.580219e+01  9.795864e-03 
 3.580259e+01  6.916657e-03 
 3.580299e+01  4.066864e-03 
 3.580338e+01  1.250605e-03 
 3.580378e+01 -1.479031e-03 
 3.580418e+01 -4.214072e-03 
 3.580458e+01 -7.030395e-03 
 3.580497e+01 -9.959824e-03 
 3.580537e+01 -1.298719e-02 
 3.580577e+01 -1.599969e-02 
 3.580617e+01 -1.883791e-02 
 3.580657e+01 -2.149577e-02 
 3.580696e+01 -2.400771e-02 
 3.580736e+01 -2.645776e-02 
 3.580776e+01 -2.899456e-02 
 3.580816e+01 -3.162132e-02 
 3.580855e+01 -3.432741e-02 
 3.580895e+01 -3.702653e-02 
 3.580935e+01 -3.967921e-02 
 3.580975e+01 -4.221970e-02 
 3.581014e+01 -4.464239e-02 
 3.581054e+01 -4.710796e-02 
 3.581094e+01 -4.963568e-02 
 3.581134e+01 -5.229156e-02 
 3.581174e+01 -5.501124e-02 
 3.581213e+01 -5.766905e-02 
 3.581253e+01 -6.013601e-02 
 3.581293e+01 -6.233152e-02 
 3.581333e+01 -6.437288e-02 
 3.581372e+01 -6.641272e-02 
 3.581412e+01 -6.850425e-02 
 3.581452e+01 -7.073120e-02 
 3.581492e+01 -7.302142e-02 
 3.581531e+01 -7.529377e-02 
 3.581571e+01 -7.755920e-02 
 3.581611e+01 -7.971282e-02 
 3.581651e+01 -8.183762e-02 
 3.581691e+01 -8.408437e-02 
 3.581730e+01 -8.655903e-02 
 3.581770e+01 -8.926039e-02 
 3.581810e+01 -9.211432e-02 
 3.581850e+01 -9.501936e-02 
 3.581889e+01 -9.793042e-02 
 3.581929e+01 -1.009023e-01 
 3.581969e+01 -1.040327e-01 
 3.582009e+01 -1.073410e-01 
 3.582048e+01 -1.107818e-01 
 3.582088e+01 -1.142514e-01 
 3.582128e+01 -1.176595e-01 
 3.582168e+01 -1.209724e-01 
 3.582208e+01 -1.241009e-01 
 3.582247e+01 -1.269332e-01 
 3.582287e+01 -1.295862e-01 
 3.582327e+01 -1.321819e-01 
 3.582367e+01 -1.348752e-01 
 3.582406e+01 -1.376914e-01 
 3.582446e+01 -1.405890e-01 
 3.582486e+01 -1.434327e-01 
 3.582526e+01 -1.460393e-01 
 3.582566e+01 -1.484788e-01 
 3.582605e+01 -1.506830e-01 
 3.582645e+01 -1.528078e-01 
 3.582685e+01 -1.549501e-01 
 3.582725e+01 -1.572046e-01 
 3.582764e+01 -1.595786e-01 
 3.582804e+01 -1.619450e-01 
 3.582844e+01 -1.641468e-01 
 3.582884e+01 -1.660166e-01 
 3.582923e+01 -1.675408e-01 
 3.582963e+01 -1.687202e-01 
 3.583003e+01 -1.698383e-01 
 3.583043e+01 -1.709139e-01 
 3.583083e+01 -1.718989e-01 
 3.583122e+01 -1.726834e-01 
 3.583162e+01 -1.732004e-01 
 3.583202e+01 -1.733239e-01 
 3.583242e+01 -1.730770e-01 
 3.583281e+01 -1.725408e-01 
 3.583321e+01 -1.718450e-01 
 3.583361e+01 -1.711743e-01 
 3.583401e+01 -1.705578e-01 
 3.583440e+01 -1.700110e-01 
 3.583480e+01 -1.694270e-01 
 3.583520e+01 -1.686505e-01 
 3.583560e+01 -1.675532e-01 
 3.583600e+01 -1.662068e-01 
 3.583639e+01 -1.646656e-01 
 3.583679e+01 -1.630168e-01 
 3.583719e+01 -1.613555e-01 
 3.583759e+01 -1.597667e-01 
 3.583798e+01 -1.582041e-01 
 3.583838e+01 -1.566352e-01 
 3.583878e+01 -1.550015e-01 
 3.583918e+01 -1.532561e-01 
 3.583957e+01 -1.514892e-01 
 3.583997e+01 -1.496884e-01 
 3.584037e+01 -1.478648e-01 
 3.584077e+01 -1.459337e-01 
 3.584117e+01 -1.437857e-01 
 3.584156e+01 -1.413748e-01 
 3.584196e+01 -1.387190e-01 
 3.584236e+01 -1.358556e-01 
 3.584276e+01 -1.329327e-01 
 3.584315e+01 -1.300615e-01 
 3.584355e+01 -1.272631e-01 
 3.584395e+01 -1.245112e-01 
 3.584435e+01 -1.217164e-01 
 3.584474e+01 -1.188110e-01 
 3.584514e+01 -1.158115e-01 
 3.584554e+01 -1.127553e-01 
 3.584594e+01 -1.097758e-01 
 3.584634e+01 -1.069491e-01 
 3.584673e+01 -1.042708e-01 
 3.584713e+01 -1.016444e-01 
 3.584753e+01 -9.898837e-02 
 3.584793e+01 -9.635608e-02 
 3.584832e+01 -9.366754e-02 
 3.584872e+01 -9.097351e-02 
 3.584912e+01 -8.835581e-02 
 3.584952e+01 -8.581728e-02 
 3.584991e+01 -8.335951e-02 
 3.585031e+01 -8.094370e-02 
 3.585071e+01 -7.856824e-02 
 3.585111e+01 -7.605643e-02 
 3.585151e+01 -7.334084e-02 
 3.585190e+01 -7.053061e-02 
 3.585230e+01 -6.776384e-02 
 3.585270e+01 -6.510002e-02 
 3.585310e+01 -6.261273e-02 
 3.585349e+01 -6.023077e-02 
 3.585389e+01 -5.785813e-02 
 3.585429e+01 -5.534368e-02 
 3.585469e+01 -5.267836e-02 
 3.585508e+01 -4.991642e-02 
 3.585548e+01 -4.709382e-02 
 3.585588e+01 -4.433649e-02 
 3.585628e+01 -4.169498e-02 
 3.585668e+01 -3.917931e-02 
 3.585707e+01 -3.675431e-02 
 3.585747e+01 -3.434338e-02 
 3.585787e+01 -3.189443e-02 
 3.585827e+01 -2.940054e-02 
 3.585866e+01 -2.686840e-02 
 3.585906e+01 -2.432371e-02 
 3.585946e+01 -2.191129e-02 
 3.585986e+01 -1.959286e-02 
 3.586025e+01 -1.726260e-02 
 3.586065e+01 -1.483869e-02 
 3.586105e+01 -1.225418e-02 
 3.586145e+01 -9.525194e-03 
 3.586185e+01 -6.725361e-03 
 3.586224e+01 -3.921855e-03 
 3.586264e+01 -1.148404e-03 
 3.586304e+01  1.540420e-03 
 3.586344e+01  4.149150e-03 
 3.586383e+01  6.705147e-03 
 3.586423e+01  9.235713e-03 
 3.586463e+01  1.179678e-02 
 3.586503e+01  1.448953e-02 
 3.586542e+01  1.719027e-02 
 3.586582e+01  1.977222e-02 
 3.586622e+01  2.216827e-02 
 3.586662e+01  2.436963e-02 
 3.586702e+01  2.634005e-02 
 3.586741e+01  2.816738e-02 
 3.586781e+01  2.984441e-02 
 3.586821e+01  3.134714e-02 
 3.586861e+01  3.265992e-02 
 3.586900e+01  3.377675e-02 
 3.586940e+01  3.477889e-02 
 3.586980e+01  3.568959e-02 
 3.587020e+01  3.662316e-02 
 3.587059e+01  3.764943e-02 
 3.587099e+01  3.879726e-02 
 3.587139e+01  4.002299e-02 
 3.587179e+01  4.129449e-02 
 3.587219e+01  4.235030e-02 
 3.587258e+01  4.333788e-02 
 3.587298e+01  4.420393e-02 
 3.587338e+01  4.510025e-02 
 3.587378e+01  4.613895e-02 
 3.587417e+01  4.731458e-02 
 3.587457e+01  4.853318e-02 
 3.587497e+01  4.967977e-02 
 3.587537e+01  5.066868e-02 
 3.587576e+01  5.138755e-02 
 3.587616e+01  5.190445e-02 
 3.587656e+01  5.236976e-02 
 3.587696e+01  5.283348e-02 
 3.587736e+01  5.338559e-02 
 3.587775e+01  5.397886e-02 
 3.587815e+01  5.445030e-02 
 3.587855e+01  5.472194e-02 
 3.587895e+01  5.475321e-02 
 3.587934e+01  5.455354e-02 
 3.587974e+01  5.427220e-02 
 3.588014e+01  5.403513e-02 
 3.588054e+01  5.398708e-02 
 3.588093e+01  5.407517e-02 
 3.588133e+01  5.429375e-02 
 3.588173e+01  5.452856e-02 
 3.588213e+01  5.467287e-02 
 3.588253e+01  5.474255e-02 
 3.588292e+01  5.482584e-02 
 3.588332e+01  5.488766e-02 
 3.588372e+01  5.496863e-02 
 3.588412e+01  5.506975e-02 
 3.588451e+01  5.516278e-02 
 3.588491e+01  5.512862e-02 
 3.588531e+01  5.502006e-02 
 3.588571e+01  5.485536e-02 
 3.588610e+01  5.467767e-02 
 3.588650e+01  5.453616e-02 
 3.588690e+01  5.449849e-02 
 3.588730e+01  5.449628e-02 
 3.588770e+01  5.438890e-02 
 3.588809e+01  5.407804e-02 
 3.588849e+01  5.360074e-02 
 3.588889e+01  5.303309e-02 
 3.588929e+01  5.244205e-02 
 3.588968e+01  5.190977e-02 
 3.589008e+01  5.155715e-02 
 3.589048e+01  5.131030e-02 
 3.589088e+01  5.114987e-02 
 3.589127e+01  5.101231e-02 
 3.589167e+01  5.088380e-02 
 3.589207e+01  5.076910e-02 
 3.589247e+01  5.067931e-02 
 3.589287e+01  5.074750e-02 
 3.589326e+01  5.096844e-02 
 3.589366e+01  5.124542e-02 
 3.589406e+01  5.151915e-02 
 3.589446e+01  5.168994e-02 
 3.589485e+01  5.170250e-02 
 3.589525e+01  5.159101e-02 
 3.589565e+01  5.132005e-02 
 3.589605e+01  5.091850e-02 
 3.589644e+01  5.040538e-02 
 3.589684e+01  4.981758e-02 
 3.589724e+01  4.914607e-02 
 3.589764e+01  4.848558e-02 
 3.589804e+01  4.779734e-02 
 3.589843e+01  4.709598e-02 
 3.589883e+01  4.644949e-02 
 3.589923e+01  4.585874e-02 
 3.589963e+01  4.533688e-02 
 3.590002e+01  4.479741e-02 
 3.590042e+01  4.419189e-02 
 3.590082e+01  4.344317e-02 
 3.590122e+01  4.253698e-02 
 3.590161e+01  4.149088e-02 
 3.590201e+01  4.040785e-02 
 3.590241e+01  3.933405e-02 
 3.590281e+01  3.835744e-02 
 3.590321e+01  3.751267e-02 
 3.590360e+01  3.675276e-02 
 3.590400e+01  3.598716e-02 
 3.590440e+01  3.518882e-02 
 3.590480e+01  3.424025e-02 
 3.590519e+01  3.321133e-02 
 3.590559e+01  3.212851e-02 
 3.590599e+01  3.111265e-02 
 3.590639e+01  3.024800e-02 
 3.590678e+01  2.945932e-02 
 3.590718e+01  2.861270e-02 
 3.590758e+01  2.754005e-02 
 3.590798e+01  2.625084e-02 
 3.590838e+01  2.468912e-02 
 3.590877e+01  2.300609e-02 
 3.590917e+01  2.133874e-02 
 3.590957e+01  1.977837e-02 
 3.590997e+01  1.834180e-02 
 3.591036e+01  1.702552e-02 
 3.591076e+01  1.576494e-02 
 3.591116e+01  1.439640e-02 
 3.591156e+01  1.287747e-02 
 3.591195e+01  1.126326e-02 
 3.591235e+01  9.629282e-03 
 3.591275e+01  7.975333e-03 
 3.591315e+01  6.343422e-03 
 3.591355e+01  4.640959e-03 
 3.591394e+01  2.719065e-03 
 3.591434e+01  5.081125e-04 
 3.591474e+01 -1.928067e-03 
 3.591514e+01 -4.576040e-03 
 3.591553e+01 -7.340074e-03 
 3.591593e+01 -1.015411e-02 
 3.591633e+01 -1.295632e-02 
 3.591673e+01 -1.574233e-02 
 3.591713e+01 -1.858331e-02 
 3.591752e+01 -2.152007e-02 
 3.591792e+01 -2.459264e-02 
 3.591832e+01 -2.778051e-02 
 3.591872e+01 -3.106488e-02 
 3.591911e+01 -3.437367e-02 
 3.591951e+01 -3.763589e-02 
 3.591991e+01 -4.096480e-02 
 3.592031e+01 -4.444859e-02 
 3.592070e+01 -4.804406e-02 
 3.592110e+01 -5.172478e-02 
 3.592150e+01 -5.544611e-02 
 3.592190e+01 -5.912462e-02 
 3.592230e+01 -6.270579e-02 
 3.592269e+01 -6.618613e-02 
 3.592309e+01 -6.968659e-02 
 3.592349e+01 -7.331198e-02 
 3.592389e+01 -7.707662e-02 
 3.592428e+01 -8.102462e-02 
 3.592468e+01 -8.500533e-02 
 3.592508e+01 -8.900725e-02 
 3.592548e+01 -9.294743e-02 
 3.592587e+01 -9.684247e-02 
 3.592627e+01 -1.006875e-01 
 3.592667e+01 -1.044248e-01 
 3.592707e+01 -1.081123e-01 
 3.592747e+01 -1.118799e-01 
 3.592786e+01 -1.156157e-01 
 3.592826e+01 -1.193508e-01 
 3.592866e+01 -1.230095e-01 
 3.592906e+01 -1.265735e-01 
 3.592945e+01 -1.300453e-01 
 3.592985e+01 -1.334643e-01 
 3.593025e+01 -1.369055e-01 
 3.593065e+01 -1.403296e-01 
 3.593104e+01 -1.436736e-01 
 3.593144e+01 -1.468486e-01 
 3.593184e+01 -1.498408e-01 
 3.593224e+01 -1.525827e-01 
 3.593264e+01 -1.551949e-01 
 3.593303e+01 -1.577818e-01 
 3.593343e+01 -1.603645e-01 
 3.593383e+01 -1.629757e-01 
 3.593423e+01 -1.656502e-01 
 3.593462e+01 -1.682151e-01 
 3.593502e+01 -1.706864e-01 
 3.593542e+01 -1.729541e-01 
 3.593582e+01 -1.749082e-01 
 3.593621e+01 -1.766214e-01 
 3.593661e+01 -1.781358e-01 
 3.593701e+01 -1.794136e-01 
 3.593741e+01 -1.805003e-01 
 3.593781e+01 -1.814039e-01 
 3.593820e+01 -1.820867e-01 
 3.593860e+01 -1.824648e-01 
 3.593900e+01 -1.825612e-01 
 3.593940e+01 -1.825421e-01 
 3.593979e+01 -1.825005e-01 
 3.594019e+01 -1.825519e-01 
 3.594059e+01 -1.826530e-01 
 3.594099e+01 -1.826722e-01 
 3.594138e+01 -1.825006e-01 
 3.594178e+01 -1.820817e-01 
 3.594218e+01 -1.815146e-01 
 3.594258e+01 -1.809427e-01 
 3.594298e+01 -1.804190e-01 
 3.594337e+01 -1.800126e-01 
 3.594377e+01 -1.796195e-01 
 3.594417e+01 -1.791396e-01 
 3.594457e+01 -1.784953e-01 
 3.594496e+01 -1.777336e-01 
 3.594536e+01 -1.768920e-01 
 3.594576e+01 -1.760490e-01 
 3.594616e+01 -1.752219e-01 
 3.594655e+01 -1.744124e-01 
 3.594695e+01 -1.734863e-01 
 3.594735e+01 -1.723457e-01 
 3.594775e+01 -1.709063e-01 
 3.594815e+01 -1.691897e-01 
 3.594854e+01 -1.673165e-01 
 3.594894e+01 -1.653085e-01 
 3.594934e+01 -1.632296e-01 
 3.594974e+01 -1.612135e-01 
 3.595013e+01 -1.592164e-01 
 3.595053e+01 -1.572265e-01 
 3.595093e+01 -1.552056e-01 
 3.595133e+01 -1.530857e-01 
 3.595172e+01 -1.508825e-01 
 3.595212e+01 -1.485174e-01 
 3.595252e+01 -1.460838e-01 
 3.595292e+01 -1.436383e-01 
 3.595332e+01 -1.412327e-01 
 3.595371e+01 -1.388147e-01 
 3.595411e+01 -1.364215e-01 
 3.595451e+01 -1.340246e-01 
 3.595491e+01 -1.315732e-01 
 3.595530e+01 -1.289966e-01 
 3.595570e+01 -1.262442e-01 
 3.595610e+01 -1.233398e-01 
 3.595650e+01 -1.203200e-01 
 3.595689e+01 -1.172071e-01 
 3.595729e+01 -1.141140e-01 
 3.595769e+01 -1.110627e-01 
 3.595809e+01 -1.080470e-01 
 3.595849e+01 -1.050163e-01 
 3.595888e+01 -1.019973e-01 
 3.595928e+01 -9.894662e-02 
 3.595968e+01 -9.577666e-02 
 3.596008e+01 -9.250600e-02 
 3.596047e+01 -8.908157e-02 
 3.596087e+01 -8.546983e-02 
 3.596127e+01 -8.174515e-02 
 3.596167e+01 -7.798462e-02 
 3.596206e+01 -7.427299e-02 
 3.596246e+01 -7.070609e-02 
 3.596286e+01 -6.744893e-02 
 3.596326e+01 -6.451410e-02 
 3.596366e+01 -6.187359e-02 
 3.596405e+01 -5.948581e-02 
 3.596445e+01 -5.718124e-02 
 3.596485e+01 -5.481909e-02 
 3.596525e+01 -5.234497e-02 
 3.596564e+01 -4.976770e-02 
 3.596604e+01 -4.717134e-02 
 3.596644e+01 -4.464007e-02 
 3.596684e+01 -4.218116e-02 
 3.596723e+01 -3.979419e-02 
 3.596763e+01 -3.730948e-02 
 3.596803e+01 -3.462938e-02 
 3.596843e+01 -3.181418e-02 
 3.596883e+01 -2.890732e-02 
 3.596922e+01 -2.600040e-02 
 3.596962e+01 -2.325540e-02 
 3.597002e+01 -2.068103e-02 
 3.597042e+01 -1.827104e-02 
 3.597081e+01 -1.591873e-02 
 3.597121e+01 -1.365896e-02 
 3.597161e+01 -1.156725e-02 
 3.597201e+01 -9.641057e-03 
 3.597240e+01 -7.855190e-03 
 3.597280e+01 -6.223215e-03 
 3.597320e+01 -4.744413e-03 
 3.597360e+01 -3.313606e-03 
 3.597400e+01 -1.913057e-03 
 3.597439e+01 -5.414751e-04 
 3.597479e+01  7.390278e-04 
 3.597519e+01  1.916890e-03 
 3.597559e+01  3.003534e-03 
 3.597598e+01  3.995757e-03 
 3.597638e+01  4.987397e-03 
 3.597678e+01  5.965873e-03 
 3.597718e+01  7.018971e-03 
 3.597757e+01  8.061063e-03 
 3.597797e+01  9.095042e-03 
 3.597837e+01  1.014897e-02 
 3.597877e+01  1.127317e-02 
 3.597917e+01  1.243360e-02 
 3.597956e+01  1.365017e-02 
 3.597996e+01  1.487166e-02 
 3.598036e+01  1.610832e-02 
 3.598076e+01  1.737592e-02 
 3.598115e+01  1.865780e-02 
 3.598155e+01  1.991417e-02 
 3.598195e+01  2.110637e-02 
 3.598235e+01  2.216267e-02 
 3.598274e+01  2.303674e-02 
 3.598314e+01  2.376708e-02 
 3.598354e+01  2.441572e-02 
 3.598394e+01  2.500402e-02 
 3.598434e+01  2.562195e-02 
 3.598473e+01  2.631526e-02 
 3.598513e+01  2.714781e-02 
 3.598553e+01  2.814826e-02 
 3.598593e+01  2.922142e-02 
 3.598632e+01  3.032547e-02 
 3.598672e+01  3.151909e-02 
 3.598712e+01  3.287186e-02 
 3.598752e+01  3.440870e-02 
 3.598791e+01  3.611425e-02 
 3.598831e+01  3.795798e-02 
 3.598871e+01  3.986890e-02 
 3.598911e+01  4.174064e-02 
 3.598951e+01  4.363309e-02 
 3.598990e+01  4.555818e-02 
 3.599030e+01  4.744119e-02 
 3.599070e+01  4.923735e-02 
 3.599110e+01  5.091759e-02 
 3.599149e+01  5.246326e-02 
 3.599189e+01  5.382873e-02 
 3.599229e+01  5.503885e-02 
 3.599269e+01  5.624552e-02 
 3.599308e+01  5.752097e-02 
 3.599348e+01  5.888938e-02 
 3.599388e+01  6.037640e-02 
 3.599428e+01  6.190278e-02 
 3.599468e+01  6.338372e-02 
 3.599507e+01  6.471520e-02 
 3.599547e+01  6.584825e-02 
 3.599587e+01  6.689633e-02 
 3.599627e+01  6.791188e-02 
 3.599666e+01  6.895836e-02 
 3.599706e+01  7.012205e-02 
 3.599746e+01  7.141832e-02 
 3.599786e+01  7.282547e-02 
 3.599825e+01  7.420806e-02 
 3.599865e+01  7.547786e-02 
 3.599905e+01  7.662389e-02 
 3.599945e+01  7.766021e-02 
 3.599985e+01  7.857559e-02 
 3.600024e+01  7.953622e-02 
 3.600064e+01  8.053639e-02 
 3.600104e+01  8.156603e-02 
 3.600144e+01  8.249680e-02 
 3.600183e+01  8.337883e-02 
 3.600223e+01  8.417082e-02 
 3.600263e+01  8.476599e-02 
 3.600303e+01  8.524469e-02 
 3.600342e+01  8.564248e-02 
 3.600382e+01  8.591805e-02 
 3.600422e+01  8.608598e-02 
 3.600462e+01  8.617898e-02 
 3.600502e+01  8.620668e-02 
 3.600541e+01  8.613671e-02 
 3.600581e+01  8.596130e-02 
 3.600621e+01  8.568216e-02 
 3.600661e+01  8.532989e-02 
 3.600700e+01  8.495364e-02 
 3.600740e+01  8.459601e-02 
 3.600780e+01  8.422424e-02 
 3.600820e+01  8.378765e-02 
 3.600860e+01  8.323625e-02 
 3.600899e+01  8.250761e-02 
 3.600939e+01  8.164208e-02 
 3.600979e+01  8.065446e-02 
 3.601019e+01  7.959520e-02 
 3.601058e+01  7.852467e-02 
 3.601098e+01  7.747168e-02 
 3.601138e+01  7.632122e-02 
 3.601178e+01  7.503550e-02 
 3.601217e+01  7.368394e-02 
 3.601257e+01  7.213216e-02 
 3.601297e+01  7.040897e-02 
 3.601337e+01  6.861024e-02 
 3.601377e+01  6.682022e-02 
 3.601416e+01  6.498103e-02 
 3.601456e+01  6.314706e-02 
 3.601496e+01  6.122472e-02 
 3.601536e+01  5.919753e-02 
 3.601575e+01  5.700380e-02 
 3.601615e+01  5.471080e-02 
 3.601655e+01  5.244398e-02 
 3.601695e+01  5.031880e-02 
 3.601734e+01  4.832378e-02 
 3.601774e+01  4.634067e-02 
 3.601814e+01  4.429170e-02 
 3.601854e+01  4.208632e-02 
 3.601894e+01  3.968703e-02 
 3.601933e+01  3.711264e-02 
 3.601973e+01  3.446170e-02 
 3.602013e+01  3.172665e-02 
 3.602053e+01  2.895544e-02 
 3.602092e+01  2.616545e-02 
 3.602132e+01  2.333040e-02 
 3.602172e+01  2.043574e-02 
 3.602212e+01  1.746564e-02 
 3.602251e+01  1.444588e-02 
 3.602291e+01  1.134000e-02 
 3.602331e+01  8.123023e-03 
 3.602371e+01  4.743824e-03 
 3.602411e+01  1.152794e-03 
 3.602450e+01 -2.627286e-03 
 3.602490e+01 -6.531658e-03 
 3.602530e+01 -1.044428e-02 
 3.602570e+01 -1.431871e-02 
 3.602609e+01 -1.807420e-02 
 3.602649e+01 -2.171941e-02 
 3.602689e+01 -2.524809e-02 
 3.602729e+01 -2.864571e-02 
 3.602768e+01 -3.202362e-02 
 3.602808e+01 -3.542600e-02 
 3.602848e+01 -3.888743e-02 
 3.602888e+01 -4.237073e-02 
 3.602928e+01 -4.585218e-02 
 3.602967e+01 -4.923030e-02 
 3.603007e+01 -5.252081e-02 
 3.603047e+01 -5.580179e-02 
 3.603087e+01 -5.910826e-02 
 3.603126e+01 -6.240928e-02 
 3.603166e+01 -6.572440e-02 
 3.603206e+01 -6.910149e-02 
 3.603246e+01 -7.249245e-02 
 3.603285e+01 -7.590246e-02 
 3.603325e+01 -7.927780e-02 
 3.603365e+01 -8.259720e-02 
 3.603405e+01 -8.593922e-02 
 3.603445e+01 -8.927212e-02 
 3.603484e+01 -9.258197e-02 
 3.603524e+01 -9.583610e-02 
 3.603564e+01 -9.892072e-02 
 3.603604e+01 -1.017752e-01 
 3.603643e+01 -1.044103e-01 
 3.603683e+01 -1.068849e-01 
 3.603723e+01 -1.092532e-01 
 3.603763e+01 -1.116542e-01 
 3.603802e+01 -1.141006e-01 
 3.603842e+01 -1.165451e-01 
 3.603882e+01 -1.189947e-01 
 3.603922e+01 -1.213774e-01 
 3.603962e+01 -1.237041e-01 
 3.604001e+01 -1.259490e-01 
 3.604041e+01 -1.281632e-01 
 3.604081e+01 -1.303699e-01 
 3.604121e+01 -1.325227e-01 
 3.604160e+01 -1.345812e-01 
 3.604200e+01 -1.365240e-01 
 3.604240e+01 -1.383284e-01 
 3.604280e+01 -1.399605e-01 
 3.604319e+01 -1.414339e-01 
 3.604359e+01 -1.427739e-01 
 3.604399e+01 -1.440142e-01 
 3.604439e+01 -1.451810e-01 
 3.604479e+01 -1.462498e-01 
 3.604518e+01 -1.471396e-01 
 3.604558e+01 -1.477851e-01 
 3.604598e+01 -1.482297e-01 
 3.604638e+01 -1.484968e-01 
 3.604677e+01 -1.487027e-01 
 3.604717e+01 -1.489229e-01 
 3.604757e+01 -1.492240e-01 
 3.604797e+01 -1.496476e-01 
 3.604836e+01 -1.500359e-01 
 3.604876e+01 -1.503675e-01 
 3.604916e+01 -1.505450e-01 
 3.604956e+01 -1.505455e-01 
 3.604996e+01 -1.503660e-01 
 3.605035e+01 -1.501142e-01 
 3.605075e+01 -1.498702e-01 
 3.605115e+01 -1.496031e-01 
 3.605155e+01 -1.493397e-01 
 3.605194e+01 -1.490493e-01 
 3.605234e+01 -1.486420e-01 
 3.605274e+01 -1.480958e-01 
 3.605314e+01 -1.474319e-01 
 3.605353e+01 -1.466150e-01 
 3.605393e+01 -1.457527e-01 
 3.605433e+01 -1.448674e-01 
 3.605473e+01 -1.439377e-01 
 3.605513e+01 -1.430247e-01 
 3.605552e+01 -1.420415e-01 
 3.605592e+01 -1.408463e-01 
 3.605632e+01 -1.393888e-01 
 3.605672e+01 -1.377141e-01 
 3.605711e+01 -1.358848e-01 
 3.605751e+01 -1.340399e-01 
 3.605791e+01 -1.323645e-01 
 3.605831e+01 -1.308295e-01 
 3.605870e+01 -1.293690e-01 
 3.605910e+01 -1.279118e-01 
 3.605950e+01 -1.264086e-01 
 3.605990e+01 -1.248249e-01 
 3.606030e+01 -1.231572e-01 
 3.606069e+01 -1.214250e-01 
 3.606109e+01 -1.196786e-01 
 3.606149e+01 -1.179063e-01 
 3.606189e+01 -1.161453e-01 
 3.606228e+01 -1.144013e-01 
 3.606268e+01 -1.126333e-01 
 3.606308e+01 -1.107429e-01 
 3.606348e+01 -1.087550e-01 
 3.606387e+01 -1.066922e-01 
 3.606427e+01 -1.045547e-01 
 3.606467e+01 -1.023046e-01 
 3.606507e+01 -9.988502e-02 
 3.606547e+01 -9.737863e-02 
 3.606586e+01 -9.494499e-02 
 3.606626e+01 -9.263213e-02 
 3.606666e+01 -9.044360e-02 
 3.606706e+01 -8.840837e-02 
 3.606745e+01 -8.646575e-02 
 3.606785e+01 -8.460813e-02 
 3.606825e+01 -8.278774e-02 
 3.606865e+01 -8.095882e-02 
 3.606904e+01 -7.916809e-02 
 3.606944e+01 -7.749863e-02 
 3.606984e+01 -7.609158e-02 
 3.607024e+01 -7.500149e-02 
 3.607064e+01 -7.414830e-02 
 3.607103e+01 -7.331662e-02 
 3.607143e+01 -7.232628e-02 
 3.607183e+01 -7.107609e-02 
 3.607223e+01 -6.957665e-02 
 3.607262e+01 -6.782227e-02 
 3.607302e+01 -6.599050e-02 
 3.607342e+01 -6.413285e-02 
 3.607382e+01 -6.234808e-02 
 3.607421e+01 -6.070752e-02 
 3.607461e+01 -5.915995e-02 
 3.607501e+01 -5.757012e-02 
 3.607541e+01 -5.589546e-02 
 3.607581e+01 -5.408284e-02 
 3.607620e+01 -5.218306e-02 
 3.607660e+01 -5.025918e-02 
 3.607700e+01 -4.835255e-02 
 3.607740e+01 -4.648509e-02 
 3.607779e+01 -4.465884e-02 
 3.607819e+01 -4.290991e-02 
 3.607859e+01 -4.118573e-02 
 3.607899e+01 -3.945537e-02 
 3.607938e+01 -3.770274e-02 
 3.607978e+01 -3.598820e-02 
 3.608018e+01 -3.437940e-02 
 3.608058e+01 -3.283872e-02 
 3.608098e+01 -3.129641e-02 
 3.608137e+01 -2.966752e-02 
 3.608177e+01 -2.790418e-02 
 3.608217e+01 -2.602673e-02 
 3.608257e+01 -2.406685e-02 
 3.608296e+01 -2.204140e-02 
 3.608336e+01 -1.995439e-02 
 3.608376e+01 -1.783640e-02 
 3.608416e+01 -1.566449e-02 
 3.608455e+01 -1.340288e-02 
 3.608495e+01 -1.100006e-02 
 3.608535e+01 -8.477428e-03 
 3.608575e+01 -5.934206e-03 
 3.608615e+01 -3.474008e-03 
 3.608654e+01 -1.172573e-03 
 3.608694e+01  9.825359e-04 
 3.608734e+01  3.017125e-03 
 3.608774e+01  4.981882e-03 
 3.608813e+01  6.985057e-03 
 3.608853e+01  9.037414e-03 
 3.608893e+01  1.113373e-02 
 3.608933e+01  1.320788e-02 
 3.608972e+01  1.524519e-02 
 3.609012e+01  1.720936e-02 
 3.609052e+01  1.908019e-02 
 3.609092e+01  2.098110e-02 
 3.609132e+01  2.304992e-02 
 3.609171e+01  2.528516e-02 
 3.609211e+01  2.762703e-02 
 3.609251e+01  3.003722e-02 
 3.609291e+01  3.240654e-02 
 3.609330e+01  3.465963e-02 
 3.609370e+01  3.679667e-02 
 3.609410e+01  3.886340e-02 
 3.609450e+01  4.095992e-02 
 3.609489e+01  4.309286e-02 
 3.609529e+01  4.521898e-02 
 3.609569e+01  4.728109e-02 
 3.609609e+01  4.919325e-02 
 3.609649e+01  5.097419e-02 
 3.609688e+01  5.261839e-02 
 3.609728e+01  5.421369e-02 
 3.609768e+01  5.579783e-02 
 3.609808e+01  5.735927e-02 
 3.609847e+01  5.885638e-02 
 3.609887e+01  6.017977e-02 
 3.609927e+01  6.120962e-02 
 3.609967e+01  6.196701e-02 
 3.610006e+01  6.254566e-02 
 3.610046e+01  6.313689e-02 
 3.610086e+01  6.392814e-02 
 3.610126e+01  6.496283e-02 
 3.610166e+01  6.619447e-02 
 3.610205e+01  6.749215e-02 
 3.610245e+01  6.868073e-02 
 3.610285e+01  6.967653e-02 
 3.610325e+01  7.041587e-02 
 3.610364e+01  7.095780e-02 
 3.610404e+01  7.152104e-02 
 3.610444e+01  7.224168e-02 
 3.610484e+01  7.327164e-02 
 3.610524e+01  7.455443e-02 
 3.610563e+01  7.589694e-02 
 3.610603e+01  7.720349e-02 
 3.610643e+01  7.835364e-02 
 3.610683e+01  7.935911e-02 
 3.610722e+01  8.029747e-02 
 3.610762e+01  8.120463e-02 
 3.610802e+01  8.207694e-02 
 3.610842e+01  8.291153e-02 
 3.610881e+01  8.367768e-02 
 3.610921e+01  8.434092e-02 
 3.610961e+01  8.476616e-02 
 3.611001e+01  8.501038e-02 
 3.611041e+01  8.516847e-02 
 3.611080e+01  8.539516e-02 
 3.611120e+01  8.573309e-02 
 3.611160e+01  8.613420e-02 
 3.611200e+01  8.653217e-02 
 3.611239e+01  8.680971e-02 
 3.611279e+01  8.699790e-02 
 3.611319e+01  8.705279e-02 
 3.611359e+01  8.699535e-02 
 3.611398e+01  8.680922e-02 
 3.611438e+01  8.649799e-02 
 3.611478e+01  8.609629e-02 
 3.611518e+01  8.554931e-02 
 3.611558e+01  8.478284e-02 
 3.611597e+01  8.376971e-02 
 3.611637e+01  8.267906e-02 
 3.611677e+01  8.158261e-02 
 3.611717e+01  8.058421e-02 
 3.611756e+01  7.964409e-02 
 3.611796e+01  7.864333e-02 
 3.611836e+01  7.740442e-02 
 3.611876e+01  7.598775e-02 
 3.611915e+01  7.433502e-02 
 3.611955e+01  7.256642e-02 
 3.611995e+01  7.073087e-02 
 3.612035e+01  6.889674e-02 
 3.612075e+01  6.699403e-02 
 3.612114e+01  6.495605e-02 
 3.612154e+01  6.284192e-02 
 3.612194e+01  6.041232e-02 
 3.612234e+01  5.757641e-02 
 3.612273e+01  5.433611e-02 
 3.612313e+01  5.088525e-02 
 3.612353e+01  4.747717e-02 
 3.612393e+01  4.419640e-02 
 3.612432e+01  4.112317e-02 
 3.612472e+01  3.818877e-02 
 3.612512e+01  3.526673e-02 
 3.612552e+01  3.221435e-02 
 3.612592e+01  2.902249e-02 
 3.612631e+01  2.567982e-02 
 3.612671e+01  2.221993e-02 
 3.612711e+01  1.858769e-02 
 3.612751e+01  1.476900e-02 
 3.612790e+01  1.071551e-02 
 3.612830e+01  6.388317e-03 
 3.612870e+01  1.845800e-03 
 3.612910e+01 -2.781380e-03 
 3.612949e+01 -7.439056e-03 
 3.612989e+01 -1.198332e-02 
 3.613029e+01 -1.640456e-02 
 3.613069e+01 -2.062818e-02 
 3.613109e+01 -2.468007e-02 
 3.613148e+01 -2.869464e-02 
 3.613188e+01 -3.272554e-02 
 3.613228e+01 -3.682812e-02 
 3.613268e+01 -4.089113e-02 
 3.613307e+01 -4.479146e-02 
 3.613347e+01 -4.838100e-02 
 3.613387e+01 -5.162936e-02 
 3.613427e+01 -5.466960e-02 
 3.613466e+01 -5.764888e-02 
 3.613506e+01 -6.068731e-02 
 3.613546e+01 -6.379422e-02 
 3.613586e+01 -6.706655e-02 
 3.613626e+01 -7.033712e-02 
 3.613665e+01 -7.349670e-02 
 3.613705e+01 -7.646327e-02 
 3.613745e+01 -7.921344e-02 
 3.613785e+01 -8.174086e-02 
 3.613824e+01 -8.419761e-02 
 3.613864e+01 -8.668249e-02 
 3.613904e+01 -8.918351e-02 
 3.613944e+01 -9.166647e-02 
 3.613983e+01 -9.401291e-02 
 3.614023e+01 -9.616388e-02 
 3.614063e+01 -9.810467e-02 
 3.614103e+01 -9.978411e-02 
 3.614143e+01 -1.013298e-01 
 3.614182e+01 -1.027816e-01 
 3.614222e+01 -1.041528e-01 
 3.614262e+01 -1.054523e-01 
 3.614302e+01 -1.066991e-01 
 3.614341e+01 -1.079329e-01 
 3.614381e+01 -1.091014e-01 
 3.614421e+01 -1.102680e-01 
 3.614461e+01 -1.114461e-01 
 3.614500e+01 -1.126762e-01 
 3.614540e+01 -1.139043e-01 
 3.614580e+01 -1.151664e-01 
 3.614620e+01 -1.163593e-01 
 3.614660e+01 -1.174120e-01 
 3.614699e+01 -1.183746e-01 
 3.614739e+01 -1.193472e-01 
 3.614779e+01 -1.205522e-01 
 3.614819e+01 -1.219156e-01 
 3.614858e+01 -1.234356e-01 
 3.614898e+01 -1.249511e-01 
 3.614938e+01 -1.262889e-01 
 3.614978e+01 -1.273639e-01 
 3.615017e+01 -1.282178e-01 
 3.615057e+01 -1.289425e-01 
 3.615097e+01 -1.296086e-01 
 3.615137e+01 -1.302345e-01 
 3.615177e+01 -1.308721e-01 
 3.615216e+01 -1.314463e-01 
 3.615256e+01 -1.318368e-01 
 3.615296e+01 -1.319725e-01 
 3.615336e+01 -1.318750e-01 
 3.615375e+01 -1.317299e-01 
 3.615415e+01 -1.316688e-01 
 3.615455e+01 -1.318482e-01 
 3.615495e+01 -1.321957e-01 
 3.615534e+01 -1.327474e-01 
 3.615574e+01 -1.333839e-01 
 3.615614e+01 -1.339415e-01 
 3.615654e+01 -1.342976e-01 
 3.615694e+01 -1.343910e-01 
 3.615733e+01 -1.342522e-01 
 3.615773e+01 -1.339106e-01 
 3.615813e+01 -1.335452e-01 
 3.615853e+01 -1.332078e-01 
 3.615892e+01 -1.328126e-01 
 3.615932e+01 -1.322879e-01 
 3.615972e+01 -1.315986e-01 
 3.616012e+01 -1.307345e-01 
 3.616051e+01 -1.297627e-01 
 3.616091e+01 -1.287743e-01 
 3.616131e+01 -1.277367e-01 
 3.616171e+01 -1.266935e-01 
 3.616211e+01 -1.256160e-01 
 3.616250e+01 -1.244527e-01 
 3.616290e+01 -1.231700e-01 
 3.616330e+01 -1.217892e-01 
 3.616370e+01 -1.204431e-01 
 3.616409e+01 -1.191738e-01 
 3.616449e+01 -1.179911e-01 
 3.616489e+01 -1.168956e-01 
 3.616529e+01 -1.158473e-01 
 3.616568e+01 -1.147752e-01 
 3.616608e+01 -1.135940e-01 
 3.616648e+01 -1.122984e-01 
 3.616688e+01 -1.109634e-01 
 3.616728e+01 -1.095909e-01 
 3.616767e+01 -1.082421e-01 
 3.616807e+01 -1.069052e-01 
 3.616847e+01 -1.055458e-01 
 3.616887e+01 -1.040208e-01 
 3.616926e+01 -1.022441e-01 
 3.616966e+01 -1.002272e-01 
 3.617006e+01 -9.814603e-02 
 3.617046e+01 -9.610252e-02 
 3.617085e+01 -9.417521e-02 
 3.617125e+01 -9.243421e-02 
 3.617165e+01 -9.082397e-02 
 3.617205e+01 -8.927451e-02 
 3.617245e+01 -8.770647e-02 
 3.617284e+01 -8.614608e-02 
 3.617324e+01 -8.473533e-02 
 3.617364e+01 -8.362485e-02 
 3.617404e+01 -8.280552e-02 
 3.617443e+01 -8.226515e-02 
 3.617483e+01 -8.183683e-02 
 3.617523e+01 -8.135744e-02 
 3.617563e+01 -8.059967e-02 
 3.617602e+01 -7.968117e-02 
 3.617642e+01 -7.866681e-02 
 3.617682e+01 -7.771842e-02 
 3.617722e+01 -7.698807e-02 
 3.617762e+01 -7.652382e-02 
 3.617801e+01 -7.625365e-02 
 3.617841e+01 -7.595394e-02 
 3.617881e+01 -7.550990e-02 
 3.617921e+01 -7.488941e-02 
 3.617960e+01 -7.406489e-02 
 3.618000e+01 -7.311837e-02 
 3.618040e+01 -7.218257e-02 
 3.618080e+01 -7.126749e-02 
 3.618119e+01 -7.026899e-02 
 3.618159e+01 -6.911441e-02 
 3.618199e+01 -6.786905e-02 
 3.618239e+01 -6.657103e-02 
 3.618279e+01 -6.525358e-02 
 3.618318e+01 -6.399636e-02 
 3.618358e+01 -6.292250e-02 
 3.618398e+01 -6.199651e-02 
 3.618438e+01 -6.113617e-02 
 3.618477e+01 -6.021590e-02 
 3.618517e+01 -5.911740e-02 
 3.618557e+01 -5.779411e-02 
 3.618597e+01 -5.622132e-02 
 3.618636e+01 -5.446553e-02 
 3.618676e+01 -5.257697e-02 
 3.618716e+01 -5.054443e-02 
 3.618756e+01 -4.839344e-02 
 3.618796e+01 -4.610321e-02 
 3.618835e+01 -4.359469e-02 
 3.618875e+01 -4.094391e-02 
 3.618915e+01 -3.807356e-02 
 3.618955e+01 -3.504671e-02 
 3.618994e+01 -3.200911e-02 
 3.619034e+01 -2.900208e-02 
 3.619074e+01 -2.597370e-02 
 3.619114e+01 -2.290053e-02 
 3.619153e+01 -1.973003e-02 
 3.619193e+01 -1.647198e-02 
 3.619233e+01 -1.317185e-02 
 3.619273e+01 -9.923483e-03 
 3.619313e+01 -6.797789e-03 
 3.619352e+01 -3.824723e-03 
 3.619392e+01 -9.163149e-04 
 3.619432e+01  2.061417e-03 
 3.619472e+01  5.179789e-03 
 3.619511e+01  8.428097e-03 
 3.619551e+01  1.181959e-02 
 3.619591e+01  1.529889e-02 
 3.619631e+01  1.866368e-02 
 3.619671e+01  2.184295e-02 
 3.619710e+01  2.490120e-02 
 3.619750e+01  2.785643e-02 
 3.619790e+01  3.081983e-02 
 3.619830e+01  3.382980e-02 
 3.619869e+01  3.693309e-02 
 3.619909e+01  4.008937e-02 
 3.619949e+01  4.311067e-02 
 3.619989e+01  4.591650e-02 
 3.620028e+01  4.856433e-02 
 3.620068e+01  5.116440e-02 
 3.620108e+01  5.375701e-02 
 3.620148e+01  5.637233e-02 
 3.620188e+01  5.897652e-02 
 3.620227e+01  6.150109e-02 
 3.620267e+01  6.375348e-02 
 3.620307e+01  6.572286e-02 
 3.620347e+01  6.743913e-02 
 3.620386e+01  6.897985e-02 
 3.620426e+01  7.037695e-02 
 3.620466e+01  7.172300e-02 
 3.620506e+01  7.306070e-02 
 3.620545e+01  7.434142e-02 
 3.620585e+01  7.550344e-02 
 3.620625e+01  7.649548e-02 
 3.620665e+01  7.737697e-02 
 3.620705e+01  7.818023e-02 
 3.620744e+01  7.894616e-02 
 3.620784e+01  7.971853e-02 
 3.620824e+01  8.058997e-02 
 3.620864e+01  8.157351e-02 
 3.620903e+01  8.267959e-02 
 3.620943e+01  8.391735e-02 
 3.620983e+01  8.517975e-02 
 3.621023e+01  8.634573e-02 
 3.621062e+01  8.734664e-02 
 3.621102e+01  8.812555e-02 
 3.621142e+01  8.869762e-02 
 3.621182e+01  8.906647e-02 
 3.621222e+01  8.917593e-02 
 3.621261e+01  8.905533e-02 
 3.621301e+01  8.873496e-02 
 3.621341e+01  8.837856e-02 
 3.621381e+01  8.805727e-02 
 3.621420e+01  8.782490e-02 
 3.621460e+01  8.769354e-02 
 3.621500e+01  8.758866e-02 
 3.621540e+01  8.745771e-02 
 3.621579e+01  8.722652e-02 
 3.621619e+01  8.692538e-02 
 3.621659e+01  8.648554e-02 
 3.621699e+01  8.593849e-02 
 3.621739e+01  8.533800e-02 
 3.621778e+01  8.470664e-02 
 3.621818e+01  8.412955e-02 
 3.621858e+01  8.359394e-02 
 3.621898e+01  8.299710e-02 
 3.621937e+01  8.229544e-02 
 3.621977e+01  8.143015e-02 
 3.622017e+01  8.046558e-02 
 3.622057e+01  7.955533e-02 
 3.622096e+01  7.878011e-02 
 3.622136e+01  7.813227e-02 
 3.622176e+01  7.752143e-02 
 3.622216e+01  7.678349e-02 
 3.622256e+01  7.575555e-02 
 3.622295e+01  7.442032e-02 
 3.622335e+01  7.281666e-02 
 3.622375e+01  7.107266e-02 
 3.622415e+01  6.929458e-02 
 3.622454e+01  6.750441e-02 
 3.622494e+01  6.551132e-02 
 3.622534e+01  6.320117e-02 
 3.622574e+01  6.056034e-02 
 3.622613e+01  5.752644e-02 
 3.622653e+01  5.423380e-02 
 3.622693e+01  5.091082e-02 
 3.622733e+01  4.775849e-02 
 3.622773e+01  4.488192e-02 
 3.622812e+01  4.218026e-02 
 3.622852e+01  3.952594e-02 
 3.622892e+01  3.671777e-02 
 3.622932e+01  3.367662e-02 
 3.622971e+01  3.034957e-02 
 3.623011e+01  2.687004e-02 
 3.623051e+01  2.352821e-02 
 3.623091e+01  2.025627e-02 
 3.623130e+01  1.695656e-02 
 3.623170e+01  1.361040e-02 
 3.623210e+01  1.014204e-02 
 3.623250e+01  6.488217e-03 
 3.623290e+01  2.725712e-03 
 3.623329e+01 -1.081648e-03 
 3.623369e+01 -4.964639e-03 
 3.623409e+01 -8.965732e-03 
 3.623449e+01 -1.303082e-02 
 3.623488e+01 -1.699103e-02 
 3.623528e+01 -2.088132e-02 
 3.623568e+01 -2.469059e-02 
 3.623608e+01 -2.840339e-02 
 3.623647e+01 -3.204556e-02 
 3.623687e+01 -3.553000e-02 
 3.623727e+01 -3.883437e-02 
 3.623767e+01 -4.192687e-02 
 3.623807e+01 -4.485481e-02 
 3.623846e+01 -4.766559e-02 
 3.623886e+01 -5.036299e-02 
 3.623926e+01 -5.296041e-02 
 3.623966e+01 -5.546180e-02 
 3.624005e+01 -5.786074e-02 
 3.624045e+01 -6.016997e-02 
 3.624085e+01 -6.235879e-02 
 3.624125e+01 -6.455592e-02 
 3.624164e+01 -6.668602e-02 
 3.624204e+01 -6.869802e-02 
 3.624244e+01 -7.062279e-02 
 3.624284e+01 -7.241910e-02 
 3.624324e+01 -7.409553e-02 
 3.624363e+01 -7.570800e-02 
 3.624403e+01 -7.728389e-02 
 3.624443e+01 -7.888850e-02 
 3.624483e+01 -8.061145e-02 
 3.624522e+01 -8.245482e-02 
 3.624562e+01 -8.434188e-02 
 3.624602e+01 -8.617282e-02 
 3.624642e+01 -8.772093e-02 
 3.624681e+01 -8.878611e-02 
 3.624721e+01 -8.939976e-02 
 3.624761e+01 -8.972570e-02 
 3.624801e+01 -8.991925e-02 
 3.624841e+01 -9.013625e-02 
 3.624880e+01 -9.046914e-02 
 3.624920e+01 -9.082536e-02 
 3.624960e+01 -9.110264e-02 
 3.625000e+01 -9.124404e-02 
 3.625039e+01 -9.126365e-02 
 3.625079e+01 -9.119879e-02 
 3.625119e+01 -9.117996e-02 
 3.625159e+01 -9.138982e-02 
 3.625198e+01 -9.186089e-02 
 3.625238e+01 -9.263400e-02 
 3.625278e+01 -9.355518e-02 
 3.625318e+01 -9.440625e-02 
 3.625358e+01 -9.515176e-02 
 3.625397e+01 -9.574780e-02 
 3.625437e+01 -9.639253e-02 
 3.625477e+01 -9.709673e-02 
 3.625517e+01 -9.783883e-02 
 3.625556e+01 -9.858385e-02 
 3.625596e+01 -9.924530e-02 
 3.625636e+01 -9.989465e-02 
 3.625676e+01 -1.005601e-01 
 3.625715e+01 -1.012006e-01 
 3.625755e+01 -1.018411e-01 
 3.625795e+01 -1.025317e-01 
 3.625835e+01 -1.033101e-01 
 3.625875e+01 -1.041340e-01 
 3.625914e+01 -1.050386e-01 
 3.625954e+01 -1.059279e-01 
 3.625994e+01 -1.068383e-01 
 3.626034e+01 -1.077743e-01 
 3.626073e+01 -1.087885e-01 
 3.626113e+01 -1.098609e-01 
 3.626153e+01 -1.109371e-01 
 3.626193e+01 -1.119510e-01 
 3.626232e+01 -1.129769e-01 
 3.626272e+01 -1.140496e-01 
 3.626312e+01 -1.151288e-01 
 3.626352e+01 -1.162911e-01 
 3.626392e+01 -1.175092e-01 
 3.626431e+01 -1.187222e-01 
 3.626471e+01 -1.198634e-01 
 3.626511e+01 -1.208415e-01 
 3.626551e+01 -1.215231e-01 
 3.626590e+01 -1.218846e-01 
 3.626630e+01 -1.218886e-01 
 3.626670e+01 -1.216618e-01 
 3.626710e+01 -1.213132e-01 
 3.626749e+01 -1.209799e-01 
 3.626789e+01 -1.207157e-01 
 3.626829e+01 -1.205829e-01 
 3.626869e+01 -1.205805e-01 
 3.626909e+01 -1.205598e-01 
 3.626948e+01 -1.204436e-01 
 3.626988e+01 -1.201639e-01 
 3.627028e+01 -1.196727e-01 
 3.627068e+01 -1.190727e-01 
 3.627107e+01 -1.185649e-01 
 3.627147e+01 -1.182423e-01 
 3.627187e+01 -1.180307e-01 
 3.627227e+01 -1.178362e-01 
 3.627266e+01 -1.175752e-01 
 3.627306e+01 -1.171271e-01 
 3.627346e+01 -1.164602e-01 
 3.627386e+01 -1.156266e-01 
 3.627426e+01 -1.147834e-01 
 3.627465e+01 -1.140455e-01 
 3.627505e+01 -1.133852e-01 
 3.627545e+01 -1.127480e-01 
 3.627585e+01 -1.120268e-01 
 3.627624e+01 -1.111102e-01 
 3.627664e+01 -1.099341e-01 
 3.627704e+01 -1.086194e-01 
 3.627744e+01 -1.073277e-01 
 3.627783e+01 -1.061676e-01 
 3.627823e+01 -1.051322e-01 
 3.627863e+01 -1.041256e-01 
 3.627903e+01 -1.030592e-01 
 3.627943e+01 -1.019056e-01 
 3.627982e+01 -1.007447e-01 
 3.628022e+01 -9.962974e-02 
 3.628062e+01 -9.861196e-02 
 3.628102e+01 -9.775864e-02 
 3.628141e+01 -9.696507e-02 
 3.628181e+01 -9.622174e-02 
 3.628221e+01 -9.539443e-02 
 3.628261e+01 -9.443878e-02 
 3.628300e+01 -9.326896e-02 
 3.628340e+01 -9.191581e-02 
 3.628380e+01 -9.052551e-02 
 3.628420e+01 -8.905354e-02 
 3.628460e+01 -8.749093e-02 
 3.628499e+01 -8.581631e-02 
 3.628539e+01 -8.395350e-02 
 3.628579e+01 -8.201452e-02 
 3.628619e+01 -8.008313e-02 
 3.628658e+01 -7.819630e-02 
 3.628698e+01 -7.638027e-02 
 3.628738e+01 -7.462993e-02 
 3.628778e+01 -7.288873e-02 
 3.628818e+01 -7.111645e-02 
 3.628857e+01 -6.921349e-02 
 3.628897e+01 -6.713990e-02 
 3.628937e+01 -6.495408e-02 
 3.628977e+01 -6.278584e-02 
 3.629016e+01 -6.063173e-02 
 3.629056e+01 -5.851807e-02 
 3.629096e+01 -5.637366e-02 
 3.629136e+01 -5.413463e-02 
 3.629175e+01 -5.171789e-02 
 3.629215e+01 -4.913561e-02 
 3.629255e+01 -4.637205e-02 
 3.629295e+01 -4.344238e-02 
 3.629335e+01 -4.036058e-02 
 3.629374e+01 -3.723910e-02 
 3.629414e+01 -3.407965e-02 
 3.629454e+01 -3.081404e-02 
 3.629494e+01 -2.744014e-02 
 3.629533e+01 -2.382894e-02 
 3.629573e+01 -2.005519e-02 
 3.629613e+01 -1.620632e-02 
 3.629653e+01 -1.239653e-02 
 3.629692e+01 -8.636145e-03 
 3.629732e+01 -4.883952e-03 
 3.629772e+01 -1.075640e-03 
 3.629812e+01  2.828206e-03 
 3.629852e+01  6.885020e-03 
 3.629891e+01  1.109241e-02 
 3.629931e+01  1.548937e-02 
 3.629971e+01  1.986521e-02 
 3.630011e+01  2.401880e-02 
 3.630050e+01  2.786362e-02 
 3.630090e+01  3.135355e-02 
 3.630130e+01  3.462769e-02 
 3.630170e+01  3.785112e-02 
 3.630209e+01  4.111043e-02 
 3.630249e+01  4.434743e-02 
 3.630289e+01  4.749636e-02 
 3.630329e+01  5.054977e-02 
 3.630369e+01  5.344808e-02 
 3.630408e+01  5.623172e-02 
 3.630448e+01  5.893202e-02 
 3.630488e+01  6.161241e-02 
 3.630528e+01  6.428043e-02 
 3.630567e+01  6.701007e-02 
 3.630607e+01  6.966984e-02 
 3.630647e+01  7.216409e-02 
 3.630687e+01  7.442243e-02 
 3.630726e+01  7.648545e-02 
 3.630766e+01  7.841117e-02 
 3.630806e+01  8.025684e-02 
 3.630846e+01  8.196515e-02 
 3.630886e+01  8.349552e-02 
 3.630925e+01  8.481545e-02 
 3.630965e+01  8.579128e-02 
 3.631005e+01  8.651012e-02 
 3.631045e+01  8.708654e-02 
 3.631084e+01  8.755367e-02 
 3.631124e+01  8.801554e-02 
 3.631164e+01  8.843375e-02 
 3.631204e+01  8.882809e-02 
 3.631243e+01  8.915124e-02 
 3.631283e+01  8.929064e-02 
 3.631323e+01  8.920888e-02 
 3.631363e+01  8.902502e-02 
 3.631403e+01  8.877705e-02 
 3.631442e+01  8.855204e-02 
 3.631482e+01  8.833620e-02 
 3.631522e+01  8.801763e-02 
 3.631562e+01  8.755263e-02 
 3.631601e+01  8.693494e-02 
 3.631641e+01  8.620203e-02 
 3.631681e+01  8.544890e-02 
 3.631721e+01  8.471777e-02 
 3.631760e+01  8.397441e-02 
 3.631800e+01  8.325537e-02 
 3.631840e+01  8.252458e-02 
 3.631880e+01  8.168869e-02 
 3.631920e+01  8.061230e-02 
 3.631959e+01  7.925644e-02 
 3.631999e+01  7.760982e-02 
 3.632039e+01  7.573478e-02 
 3.632079e+01  7.379130e-02 
 3.632118e+01  7.189294e-02 
 3.632158e+01  7.012426e-02 
 3.632198e+01  6.842815e-02 
 3.632238e+01  6.671153e-02 
 3.632277e+01  6.497100e-02 
 3.632317e+01  6.318363e-02 
 3.632357e+01  6.130189e-02 
 3.632397e+01  5.933336e-02 
 3.632437e+01  5.743839e-02 
 3.632476e+01  5.575969e-02 
 3.632516e+01  5.425697e-02 
 3.632556e+01  5.292919e-02 
 3.632596e+01  5.169122e-02 
 3.632635e+01  5.039059e-02 
 3.632675e+01  4.899256e-02 
 3.632715e+01  4.754884e-02 
 3.632755e+01  4.611979e-02 
 3.632794e+01  4.463471e-02 
 3.632834e+01  4.305253e-02 
 3.632874e+01  4.143251e-02 
 3.632914e+01  3.978353e-02 
 3.632954e+01  3.801376e-02 
 3.632993e+01  3.603040e-02 
 3.633033e+01  3.390811e-02 
 3.633073e+01  3.169578e-02 
 3.633113e+01  2.946252e-02 
 3.633152e+01  2.724884e-02 
 3.633192e+01  2.496811e-02 
 3.633232e+01  2.262231e-02 
 3.633272e+01  2.031181e-02 
 3.633311e+01  1.806851e-02 
 3.633351e+01  1.591282e-02 
 3.633391e+01  1.383071e-02 
 3.633431e+01  1.177783e-02 
 3.633471e+01  9.740561e-03 
 3.633510e+01  7.649796e-03 
 3.633550e+01  5.489593e-03 
 3.633590e+01  3.341241e-03 
 3.633630e+01  1.141260e-03 
 3.633669e+01 -1.061691e-03 
 3.633709e+01 -3.133348e-03 
 3.633749e+01 -5.120090e-03 
 3.633789e+01 -7.178905e-03 
 3.633828e+01 -9.465928e-03 
 3.633868e+01 -1.197872e-02 
 3.633908e+01 -1.466402e-02 
 3.633948e+01 -1.741443e-02 
 3.633988e+01 -2.016920e-02 
 3.634027e+01 -2.279641e-02 
 3.634067e+01 -2.524926e-02 
 3.634107e+01 -2.757465e-02 
 3.634147e+01 -2.980413e-02 
 3.634186e+01 -3.199708e-02 
 3.634226e+01 -3.428673e-02 
 3.634266e+01 -3.671431e-02 
 3.634306e+01 -3.911279e-02 
 3.634345e+01 -4.127402e-02 
 3.634385e+01 -4.309899e-02 
 3.634425e+01 -4.466306e-02 
 3.634465e+01 -4.607744e-02 
 3.634505e+01 -4.737782e-02 
 3.634544e+01 -4.860156e-02 
 3.634584e+01 -4.979895e-02 
 3.634624e+01 -5.099133e-02 
 3.634664e+01 -5.214945e-02 
 3.634703e+01 -5.321744e-02 
 3.634743e+01 -5.421293e-02 
 3.634783e+01 -5.515353e-02 
 3.634823e+01 -5.615336e-02 
 3.634862e+01 -5.735755e-02 
 3.634902e+01 -5.881572e-02 
 3.634942e+01 -6.040675e-02 
 3.634982e+01 -6.199779e-02 
 3.635022e+01 -6.349868e-02 
 3.635061e+01 -6.485175e-02 
 3.635101e+01 -6.599996e-02 
 3.635141e+01 -6.699777e-02 
 3.635181e+01 -6.790724e-02 
 3.635220e+01 -6.881494e-02 
 3.635260e+01 -6.969945e-02 
 3.635300e+01 -7.054513e-02 
 3.635340e+01 -7.133619e-02 
 3.635379e+01 -7.199431e-02 
 3.635419e+01 -7.253026e-02 
 3.635459e+01 -7.303868e-02 
 3.635499e+01 -7.354840e-02 
 3.635539e+01 -7.413081e-02 
 3.635578e+01 -7.479109e-02 
 3.635618e+01 -7.548668e-02 
 3.635658e+01 -7.618392e-02 
 3.635698e+01 -7.687184e-02 
 3.635737e+01 -7.758243e-02 
 3.635777e+01 -7.837584e-02 
 3.635817e+01 -7.923184e-02 
 3.635857e+01 -8.018356e-02 
 3.635896e+01 -8.125803e-02 
 3.635936e+01 -8.235937e-02 
 3.635976e+01 -8.344330e-02 
 3.636016e+01 -8.455097e-02 
 3.636056e+01 -8.571397e-02 
 3.636095e+01 -8.703655e-02 
 3.636135e+01 -8.849718e-02 
 3.636175e+01 -9.004035e-02 
 3.636215e+01 -9.155249e-02 
 3.636254e+01 -9.287927e-02 
 3.636294e+01 -9.403314e-02 
 3.636334e+01 -9.513961e-02 
 3.636374e+01 -9.628486e-02 
 3.636413e+01 -9.748658e-02 
 3.636453e+01 -9.885358e-02 
 3.636493e+01 -1.003194e-01 
 3.636533e+01 -1.018284e-01 
 3.636573e+01 -1.033289e-01 
 3.636612e+01 -1.047775e-01 
 3.636652e+01 -1.062238e-01 
 3.636692e+01 -1.076979e-01 
 3.636732e+01 -1.092490e-01 
 3.636771e+01 -1.109867e-01 
 3.636811e+01 -1.128815e-01 
 3.636851e+01 -1.148417e-01 
 3.636891e+01 -1.167782e-01 
 3.636930e+01 -1.185690e-01 
 3.636970e+01 -1.202263e-01 
 3.637010e+01 -1.217499e-01 
 3.637050e+01 -1.231854e-01 
 3.637090e+01 -1.245105e-01 
 3.637129e+01 -1.257695e-01 
 3.637169e+01 -1.269725e-01 
 3.637209e+01 -1.280948e-01 
 3.637249e+01 -1.291086e-01 
 3.637288e+01 -1.299249e-01 
 3.637328e+01 -1.304956e-01 
 3.637368e+01 -1.309231e-01 
 3.637408e+01 -1.312719e-01 
 3.637447e+01 -1.315842e-01 
 3.637487e+01 -1.318611e-01 
 3.637527e+01 -1.320268e-01 
 3.637567e+01 -1.321342e-01 
 3.637607e+01 -1.321732e-01 
 3.637646e+01 -1.321459e-01 
 3.637686e+01 -1.320043e-01 
 3.637726e+01 -1.317267e-01 
 3.637766e+01 -1.313770e-01 
 3.637805e+01 -1.309830e-01 
 3.637845e+01 -1.305650e-01 
 3.637885e+01 -1.300699e-01 
 3.637925e+01 -1.295375e-01 
 3.637965e+01 -1.289220e-01 
 3.638004e+01 -1.282366e-01 
 3.638044e+01 -1.274456e-01 
 3.638084e+01 -1.266103e-01 
 3.638124e+01 -1.256784e-01 
 3.638163e+01 -1.246070e-01 
 3.638203e+01 -1.234141e-01 
 3.638243e+01 -1.221015e-01 
 3.638283e+01 -1.206296e-01 
 3.638322e+01 -1.190433e-01 
 3.638362e+01 -1.173957e-01 
 3.638402e+01 -1.156993e-01 
 3.638442e+01 -1.140117e-01 
 3.638482e+01 -1.122741e-01 
 3.638521e+01 -1.104046e-01 
 3.638561e+01 -1.084184e-01 
 3.638601e+01 -1.063581e-01 
 3.638641e+01 -1.042522e-01 
 3.638680e+01 -1.021748e-01 
 3.638720e+01 -1.001032e-01 
 3.638760e+01 -9.802061e-02 
 3.638800e+01 -9.593023e-02 
 3.638839e+01 -9.374157e-02 
 3.638879e+01 -9.143354e-02 
 3.638919e+01 -8.898715e-02 
 3.638959e+01 -8.637155e-02 
 3.638999e+01 -8.374466e-02 
 3.639038e+01 -8.124100e-02 
 3.639078e+01 -7.879635e-02 
 3.639118e+01 -7.634758e-02 
 3.639158e+01 -7.372186e-02 
 3.639197e+01 -7.086233e-02 
 3.639237e+01 -6.782359e-02 
 3.639277e+01 -6.464819e-02 
 3.639317e+01 -6.140585e-02 
 3.639356e+01 -5.820080e-02 
 3.639396e+01 -5.510775e-02 
 3.639436e+01 -5.218131e-02 
 3.639476e+01 -4.936188e-02 
 3.639516e+01 -4.652347e-02 
 3.639555e+01 -4.349907e-02 
 3.639595e+01 -4.023104e-02 
 3.639635e+01 -3.686210e-02 
 3.639675e+01 -3.351767e-02 
 3.639714e+01 -3.026392e-02 
 3.639754e+01 -2.714046e-02 
 3.639794e+01 -2.410983e-02 
 3.639834e+01 -2.115342e-02 
 3.639873e+01 -1.822768e-02 
 3.639913e+01 -1.532388e-02 
 3.639953e+01 -1.245269e-02 
 3.639993e+01 -9.573017e-03 
 3.640033e+01 -6.656312e-03 
 3.640072e+01 -3.750758e-03 
 3.640112e+01 -8.611096e-04 
 3.640152e+01  2.075160e-03 
 3.640192e+01  5.095498e-03 
 3.640231e+01  8.223156e-03 
 3.640271e+01  1.142408e-02 
 3.640311e+01  1.467040e-02 
 3.640351e+01  1.791329e-02 
 3.640390e+01  2.109843e-02 
 3.640430e+01  2.420771e-02 
 3.640470e+01  2.725111e-02 
 3.640510e+01  3.019422e-02 
 3.640550e+01  3.301778e-02 
 3.640589e+01  3.569988e-02 
 3.640629e+01  3.825714e-02 
 3.640669e+01  4.069506e-02 
 3.640709e+01  4.300858e-02 
 3.640748e+01  4.522607e-02 
 3.640788e+01  4.739335e-02 
 3.640828e+01  4.948220e-02 
 3.640868e+01  5.149835e-02 
 3.640907e+01  5.334777e-02 
 3.640947e+01  5.500888e-02 
 3.640987e+01  5.653555e-02 
 3.641027e+01  5.797342e-02 
 3.641067e+01  5.933185e-02 
 3.641106e+01  6.068190e-02 
 3.641146e+01  6.205300e-02 
 3.641186e+01  6.342208e-02 
 3.641226e+01  6.466404e-02 
 3.641265e+01  6.570276e-02 
 3.641305e+01  6.658765e-02 
 3.641345e+01  6.731680e-02 
 3.641385e+01  6.785640e-02 
 3.641424e+01  6.829370e-02 
 3.641464e+01  6.868696e-02 
 3.641504e+01  6.898962e-02 
 3.641544e+01  6.917794e-02 
 3.641584e+01  6.918668e-02 
 3.641623e+01  6.903726e-02 
 3.641663e+01  6.873825e-02 
 3.641703e+01  6.827546e-02 
 3.641743e+01  6.763313e-02 
 3.641782e+01  6.688738e-02 
 3.641822e+01  6.600798e-02 
 3.641862e+01  6.497234e-02 
 3.641902e+01  6.387209e-02 
 3.641941e+01  6.277355e-02 
 3.641981e+01  6.164947e-02 
 3.642021e+01  6.047400e-02 
 3.642061e+01  5.931837e-02 
 3.642101e+01  5.830074e-02 
 3.642140e+01  5.739916e-02 
 3.642180e+01  5.658640e-02 
 3.642220e+01  5.585099e-02 
 3.642260e+01  5.515298e-02 
 3.642299e+01  5.440643e-02 
 3.642339e+01  5.354086e-02 
 3.642379e+01  5.250831e-02 
 3.642419e+01  5.128798e-02 
 3.642458e+01  5.002566e-02 
 3.642498e+01  4.872647e-02 
 3.642538e+01  4.740004e-02 
 3.642578e+01  4.607186e-02 
 3.642618e+01  4.466505e-02 
 3.642657e+01  4.315026e-02 
 3.642697e+01  4.156969e-02 
 3.642737e+01  4.003592e-02 
 3.642777e+01  3.844056e-02 
 3.642816e+01  3.684811e-02 
 3.642856e+01  3.529209e-02 
 3.642896e+01  3.391383e-02 
 3.642936e+01  3.272724e-02 
 3.642975e+01  3.163753e-02 
 3.643015e+01  3.061376e-02 
 3.643055e+01  2.961384e-02 
 3.643095e+01  2.862377e-02 
 3.643135e+01  2.769530e-02 
 3.643174e+01  2.687409e-02 
 3.643214e+01  2.611919e-02 
 3.643254e+01  2.533769e-02 
 3.643294e+01  2.451498e-02 
 3.643333e+01  2.364635e-02 
 3.643373e+01  2.280687e-02 
 3.643413e+01  2.195912e-02 
 3.643453e+01  2.108459e-02 
 3.643492e+01  2.019326e-02 
 3.643532e+01  1.930519e-02 
 3.643572e+01  1.836740e-02 
 3.643612e+01  1.736703e-02 
 3.643652e+01  1.626676e-02 
 3.643691e+01  1.517251e-02 
 3.643731e+01  1.415144e-02 
 3.643771e+01  1.327751e-02 
 3.643811e+01  1.248868e-02 
 3.643850e+01  1.164708e-02 
 3.643890e+01  1.072424e-02 
 3.643930e+01  9.681747e-03 
 3.643970e+01  8.609293e-03 
 3.644009e+01  7.579541e-03 
 3.644049e+01  6.630060e-03 
 3.644089e+01  5.859110e-03 
 3.644129e+01  5.289225e-03 
 3.644169e+01  4.807808e-03 
 3.644208e+01  4.224941e-03 
 3.644248e+01  3.388783e-03 
 3.644288e+01  2.237957e-03 
 3.644328e+01  8.472116e-04 
 3.644367e+01 -6.260468e-04 
 3.644407e+01 -2.124412e-03 
 3.644447e+01 -3.603230e-03 
 3.644487e+01 -5.111257e-03 
 3.644526e+01 -6.665083e-03 
 3.644566e+01 -8.327992e-03 
 3.644606e+01 -1.010886e-02 
 3.644646e+01 -1.206368e-02 
 3.644686e+01 -1.412907e-02 
 3.644725e+01 -1.617417e-02 
 3.644765e+01 -1.816662e-02 
 3.644805e+01 -2.000594e-02 
 3.644845e+01 -2.174493e-02 
 3.644884e+01 -2.348715e-02 
 3.644924e+01 -2.521097e-02 
 3.644964e+01 -2.689126e-02 
 3.645004e+01 -2.852408e-02 
 3.645043e+01 -3.017429e-02 
 3.645083e+01 -3.184711e-02 
 3.645123e+01 -3.354334e-02 
 3.645163e+01 -3.521997e-02 
 3.645203e+01 -3.685463e-02 
 3.645242e+01 -3.846101e-02 
 3.645282e+01 -4.007637e-02 
 3.645322e+01 -4.176776e-02 
 3.645362e+01 -4.347923e-02 
 3.645401e+01 -4.516648e-02 
 3.645441e+01 -4.679215e-02 
 3.645481e+01 -4.845074e-02 
 3.645521e+01 -5.014636e-02 
 3.645560e+01 -5.181887e-02 
 3.645600e+01 -5.343822e-02 
 3.645640e+01 -5.498751e-02 
 3.645680e+01 -5.652070e-02 
 3.645720e+01 -5.801153e-02 
 3.645759e+01 -5.951862e-02 
 3.645799e+01 -6.105258e-02 
 3.645839e+01 -6.261513e-02 
 3.645879e+01 -6.414949e-02 
 3.645918e+01 -6.563839e-02 
 3.645958e+01 -6.704323e-02 
 3.645998e+01 -6.833367e-02 
 3.646038e+01 -6.954152e-02 
 3.646077e+01 -7.070376e-02 
 3.646117e+01 -7.186313e-02 
 3.646157e+01 -7.311623e-02 
 3.646197e+01 -7.446123e-02 
 3.646237e+01 -7.585638e-02 
 3.646276e+01 -7.729851e-02 
 3.646316e+01 -7.875549e-02 
 3.646356e+01 -8.019488e-02 
 3.646396e+01 -8.171615e-02 
 3.646435e+01 -8.332337e-02 
 3.646475e+01 -8.502602e-02 
 3.646515e+01 -8.682644e-02 
 3.646555e+01 -8.867555e-02 
 3.646594e+01 -9.048852e-02 
 3.646634e+01 -9.222612e-02 
 3.646674e+01 -9.381046e-02 
 3.646714e+01 -9.528934e-02 
 3.646754e+01 -9.677721e-02 
 3.646793e+01 -9.837091e-02 
 3.646833e+01 -1.000611e-01 
 3.646873e+01 -1.018315e-01 
 3.646913e+01 -1.036356e-01 
 3.646952e+01 -1.053882e-01 
 3.646992e+01 -1.071049e-01 
 3.647032e+01 -1.087218e-01 
 3.647072e+01 -1.102251e-01 
 3.647112e+01 -1.117045e-01 
 3.647151e+01 -1.132261e-01 
 3.647191e+01 -1.147892e-01 
 3.647231e+01 -1.163817e-01 
 3.647271e+01 -1.179376e-01 
 3.647310e+01 -1.193855e-01 
 3.647350e+01 -1.207141e-01 
 3.647390e+01 -1.219838e-01 
 3.647430e+01 -1.231994e-01 
 3.647469e+01 -1.244318e-01 
 3.647509e+01 -1.256589e-01 
 3.647549e+01 -1.269451e-01 
 3.647589e+01 -1.283193e-01 
 3.647629e+01 -1.296826e-01 
 3.647668e+01 -1.309910e-01 
 3.647708e+01 -1.321839e-01 
 3.647748e+01 -1.331689e-01 
 3.647788e+01 -1.340034e-01 
 3.647827e+01 -1.347387e-01 
 3.647867e+01 -1.353680e-01 
 3.647907e+01 -1.358974e-01 
 3.647947e+01 -1.362771e-01 
 3.647986e+01 -1.364568e-01 
 3.648026e+01 -1.364770e-01 
 3.648066e+01 -1.363280e-01 
 3.648106e+01 -1.360250e-01 
 3.648146e+01 -1.355094e-01 
 3.648185e+01 -1.348996e-01 
 3.648225e+01 -1.342368e-01 
 3.648265e+01 -1.334764e-01 
 3.648305e+01 -1.326410e-01 
 3.648344e+01 -1.316842e-01 
 3.648384e+01 -1.306621e-01 
 3.648424e+01 -1.295775e-01 
 3.648464e+01 -1.284725e-01 
 3.648503e+01 -1.273119e-01 
 3.648543e+01 -1.259279e-01 
 3.648583e+01 -1.242366e-01 
 3.648623e+01 -1.223432e-01 
 3.648663e+01 -1.203045e-01 
 3.648702e+01 -1.182077e-01 
 3.648742e+01 -1.160772e-01 
 3.648782e+01 -1.139823e-01 
 3.648822e+01 -1.118614e-01 
 3.648861e+01 -1.096922e-01 
 3.648901e+01 -1.074055e-01 
 3.648941e+01 -1.049079e-01 
 3.648981e+01 -1.022075e-01 
 3.649020e+01 -9.935216e-02 
 3.649060e+01 -9.640360e-02 
 3.649100e+01 -9.348259e-02 
 3.649140e+01 -9.063724e-02 
 3.649180e+01 -8.778395e-02 
 3.649219e+01 -8.484008e-02 
 3.649259e+01 -8.180374e-02 
 3.649299e+01 -7.864343e-02 
 3.649339e+01 -7.543376e-02 
 3.649378e+01 -7.230434e-02 
 3.649418e+01 -6.931685e-02 
 3.649458e+01 -6.655983e-02 
 3.649498e+01 -6.403052e-02 
 3.649537e+01 -6.155879e-02 
 3.649577e+01 -5.905817e-02 
 3.649617e+01 -5.652554e-02 
 3.649657e+01 -5.387237e-02 
 3.649697e+01 -5.119710e-02 
 3.649736e+01 -4.850429e-02 
 3.649776e+01 -4.585305e-02 
 3.649816e+01 -4.320201e-02 
 3.649856e+01 -4.064360e-02 
 3.649895e+01 -3.810494e-02 
 3.649935e+01 -3.554949e-02 
 3.649975e+01 -3.298986e-02 
 3.650015e+01 -3.038872e-02 
 3.650054e+01 -2.786691e-02 
 3.650094e+01 -2.539853e-02 
 3.650134e+01 -2.299524e-02 
 3.650174e+01 -2.063719e-02 
 3.650214e+01 -1.829070e-02 
 3.650253e+01 -1.603960e-02 
 3.650293e+01 -1.390634e-02 
 3.650333e+01 -1.190189e-02 
 3.650373e+01 -1.002234e-02 
 3.650412e+01 -8.226296e-03 
 3.650452e+01 -6.464014e-03 
 3.650492e+01 -4.706631e-03 
 3.650532e+01 -2.895431e-03 
 3.650571e+01 -9.978997e-04 
 3.650611e+01  9.600930e-04 
 3.650651e+01  2.950295e-03 
 3.650691e+01  4.912146e-03 
 3.650731e+01  6.754659e-03 
 3.650770e+01  8.495935e-03 
 3.650810e+01  1.016895e-02 
 3.650850e+01  1.185767e-02 
 3.650890e+01  1.359144e-02 
 3.650929e+01  1.537318e-02 
 3.650969e+01  1.713302e-02 
 3.651009e+01  1.882716e-02 
 3.651049e+01  2.049215e-02 
 3.651088e+01  2.212514e-02 
 3.651128e+01  2.369213e-02 
 3.651168e+01  2.523036e-02 
 3.651208e+01  2.675169e-02 
 3.651248e+01  2.823440e-02 
 3.651287e+01  2.968721e-02 
 3.651327e+01  3.102252e-02 
 3.651367e+01  3.219968e-02 
 3.651407e+01  3.324416e-02 
 3.651446e+01  3.427948e-02 
 3.651486e+01  3.534072e-02 
 3.651526e+01  3.645472e-02 
 3.651566e+01  3.760829e-02 
 3.651605e+01  3.871596e-02 
 3.651645e+01  3.977043e-02 
 3.651685e+01  4.075713e-02 
 3.651725e+01  4.173731e-02 
 3.651765e+01  4.273424e-02 
 3.651804e+01  4.379735e-02 
 3.651844e+01  4.494960e-02 
 3.651884e+01  4.613915e-02 
 3.651924e+01  4.731290e-02 
 3.651963e+01  4.827379e-02 
 3.652003e+01  4.901651e-02 
 3.652043e+01  4.953840e-02 
 3.652083e+01  4.988999e-02 
 3.652122e+01  5.011504e-02 
 3.652162e+01  5.030363e-02 
 3.652202e+01  5.045301e-02 
 3.652242e+01  5.050222e-02 
 3.652282e+01  5.037402e-02 
 3.652321e+01  5.005513e-02 
 3.652361e+01  4.951730e-02 
 3.652401e+01  4.882431e-02 
 3.652441e+01  4.808704e-02 
 3.652480e+01  4.738005e-02 
 3.652520e+01  4.673306e-02 
 3.652560e+01  4.616335e-02 
 3.652600e+01  4.561866e-02 
 3.652639e+01  4.503900e-02 
 3.652679e+01  4.438834e-02 
 3.652719e+01  4.368831e-02 
 3.652759e+01  4.293385e-02 
 3.652799e+01  4.209801e-02 
 3.652838e+01  4.119191e-02 
 3.652878e+01  4.020211e-02 
 3.652918e+01  3.919957e-02 
 3.652958e+01  3.821183e-02 
 3.652997e+01  3.726073e-02 
 3.653037e+01  3.629509e-02 
 3.653077e+01  3.533131e-02 
 3.653117e+01  3.435252e-02 
 3.653156e+01  3.333293e-02 
 3.653196e+01  3.222354e-02 
 3.653236e+01  3.101520e-02 
 3.653276e+01  2.980037e-02 
 3.653316e+01  2.864117e-02 
 3.653355e+01  2.762359e-02 
 3.653395e+01  2.675284e-02 
 3.653435e+01  2.598754e-02 
 3.653475e+01  2.530684e-02 
 3.653514e+01  2.470858e-02 
 3.653554e+01  2.418014e-02 
 3.653594e+01  2.368332e-02 
 3.653634e+01  2.317197e-02 
 3.653673e+01  2.265511e-02 
 3.653713e+01  2.213559e-02 
 3.653753e+01  2.169147e-02 
 3.653793e+01  2.137321e-02 
 3.653833e+01  2.118543e-02 
 3.653872e+01  2.104596e-02 
 3.653912e+01  2.087650e-02 
 3.653952e+01  2.058003e-02 
 3.653992e+01  2.012862e-02 
 3.654031e+01  1.954281e-02 
 3.654071e+01  1.890531e-02 
 3.654111e+01  1.832292e-02 
 3.654151e+01  1.787524e-02 
 3.654190e+01  1.762959e-02 
 3.654230e+01  1.747377e-02 
 3.654270e+01  1.725476e-02 
 3.654310e+01  1.687747e-02 
 3.654350e+01  1.635312e-02 
 3.654389e+01  1.581117e-02 
 3.654429e+01  1.530796e-02 
 3.654469e+01  1.494890e-02 
 3.654509e+01  1.469889e-02 
 3.654548e+01  1.450477e-02 
 3.654588e+01  1.433812e-02 
 3.654628e+01  1.409994e-02 
 3.654668e+01  1.379078e-02 
 3.654707e+01  1.338592e-02 
 3.654747e+01  1.295087e-02 
 3.654787e+01  1.254309e-02 
 3.654827e+01  1.210675e-02 
 3.654867e+01  1.159880e-02 
 3.654906e+01  1.093589e-02 
 3.654946e+01  1.008535e-02 
 3.654986e+01  9.101807e-03 
 3.655026e+01  8.021707e-03 
 3.655065e+01  6.893976e-03 
 3.655105e+01  5.696452e-03 
 3.655145e+01  4.443721e-03 
 3.655185e+01  3.114203e-03 
 3.655224e+01  1.661367e-03 
 3.655264e+01  6.941655e-05 
 3.655304e+01 -1.614704e-03 
 3.655344e+01 -3.355319e-03 
 3.655384e+01 -5.072204e-03 
 3.655423e+01 -6.755207e-03 
 3.655463e+01 -8.426112e-03 
 3.655503e+01 -1.019573e-02 
 3.655543e+01 -1.211388e-02 
 3.655582e+01 -1.421475e-02 
 3.655622e+01 -1.640162e-02 
 3.655662e+01 -1.861151e-02 
 3.655702e+01 -2.081440e-02 
 3.655741e+01 -2.301737e-02 
 3.655781e+01 -2.526201e-02 
 3.655821e+01 -2.753093e-02 
 3.655861e+01 -2.984103e-02 
 3.655901e+01 -3.219991e-02 
 3.655940e+01 -3.463404e-02 
 3.655980e+01 -3.705522e-02 
 3.656020e+01 -3.941356e-02 
 3.656060e+01 -4.170232e-02 
 3.656099e+01 -4.392134e-02 
 3.656139e+01 -4.615166e-02 
 3.656179e+01 -4.845357e-02 
 3.656219e+01 -5.080907e-02 
 3.656259e+01 -5.315523e-02 
 3.656298e+01 -5.543443e-02 
 3.656338e+01 -5.769255e-02 
 3.656378e+01 -5.991139e-02 
 3.656418e+01 -6.211691e-02 
 3.656457e+01 -6.431104e-02 
 3.656497e+01 -6.657481e-02 
 3.656537e+01 -6.886204e-02 
 3.656577e+01 -7.114107e-02 
 3.656616e+01 -7.334207e-02 
 3.656656e+01 -7.540424e-02 
 3.656696e+01 -7.731617e-02 
 3.656736e+01 -7.910517e-02 
 3.656776e+01 -8.085678e-02 
 3.656815e+01 -8.268725e-02 
 3.656855e+01 -8.460452e-02 
 3.656895e+01 -8.663540e-02 
 3.656935e+01 -8.870000e-02 
 3.656974e+01 -9.068409e-02 
 3.657014e+01 -9.253369e-02 
 3.657054e+01 -9.426130e-02 
 3.657094e+01 -9.589578e-02 
 3.657133e+01 -9.754557e-02 
 3.657173e+01 -9.928112e-02 
 3.657213e+01 -1.011736e-01 
 3.657253e+01 -1.032021e-01 
 3.657293e+01 -1.052353e-01 
 3.657332e+01 -1.071984e-01 
 3.657372e+01 -1.090371e-01 
 3.657412e+01 -1.107588e-01 
 3.657452e+01 -1.124193e-01 
 3.657491e+01 -1.140391e-01 
 3.657531e+01 -1.156032e-01 
 3.657571e+01 -1.171638e-01 
 3.657611e+01 -1.186062e-01 
 3.657650e+01 -1.199760e-01 
 3.657690e+01 -1.211975e-01 
 3.657730e+01 -1.222626e-01 
 3.657770e+01 -1.232247e-01 
 3.657810e+01 -1.241182e-01 
 3.657849e+01 -1.250107e-01 
 3.657889e+01 -1.258301e-01 
 3.657929e+01 -1.265651e-01 
 3.657969e+01 -1.272517e-01 
 3.658008e+01 -1.278608e-01 
 3.658048e+01 -1.284880e-01 
 3.658088e+01 -1.291121e-01 
 3.658128e+01 -1.297287e-01 
 3.658167e+01 -1.303043e-01 
 3.658207e+01 -1.307860e-01 
 3.658247e+01 -1.311449e-01 
 3.658287e+01 -1.313765e-01 
 3.658327e+01 -1.315163e-01 
 3.658366e+01 -1.315854e-01 
 3.658406e+01 -1.316392e-01 
 3.658446e+01 -1.317015e-01 
 3.658486e+01 -1.317177e-01 
 3.658525e+01 -1.316039e-01 
 3.658565e+01 -1.312931e-01 
 3.658605e+01 -1.307159e-01 
 3.658645e+01 -1.298997e-01 
 3.658684e+01 -1.289227e-01 
 3.658724e+01 -1.278613e-01 
 3.658764e+01 -1.267105e-01 
 3.658804e+01 -1.255060e-01 
 3.658844e+01 -1.242728e-01 
 3.658883e+01 -1.229489e-01 
 3.658923e+01 -1.215207e-01 
 3.658963e+01 -1.199672e-01 
 3.659003e+01 -1.182821e-01 
 3.659042e+01 -1.165366e-01 
 3.659082e+01 -1.148099e-01 
 3.659122e+01 -1.131190e-01 
 3.659162e+01 -1.114295e-01 
 3.659201e+01 -1.097067e-01 
 3.659241e+01 -1.078977e-01 
 3.659281e+01 -1.059822e-01 
 3.659321e+01 -1.039176e-01 
 3.659361e+01 -1.016614e-01 
 3.659400e+01 -9.919631e-02 
 3.659440e+01 -9.656236e-02 
 3.659480e+01 -9.377596e-02 
 3.659520e+01 -9.088749e-02 
 3.659559e+01 -8.788909e-02 
 3.659599e+01 -8.472496e-02 
 3.659639e+01 -8.144672e-02 
 3.659679e+01 -7.810195e-02 
 3.659718e+01 -7.473218e-02 
 3.659758e+01 -7.140952e-02 
 3.659798e+01 -6.817415e-02 
 3.659838e+01 -6.501941e-02 
 3.659878e+01 -6.196964e-02 
 3.659917e+01 -5.892943e-02 
 3.659957e+01 -5.591384e-02 
 3.659997e+01 -5.290418e-02 
 3.660037e+01 -4.989865e-02 
 3.660076e+01 -4.695141e-02 
 3.660116e+01 -4.413604e-02 
 3.660156e+01 -4.148047e-02 
 3.660196e+01 -3.895366e-02 
 3.660235e+01 -3.648816e-02 
 3.660275e+01 -3.404022e-02 
 3.660315e+01 -3.160016e-02 
 3.660355e+01 -2.921654e-02 
 3.660395e+01 -2.690460e-02 
 3.660434e+01 -2.467309e-02 
 3.660474e+01 -2.248528e-02 
 3.660514e+01 -2.035194e-02 
 3.660554e+01 -1.825286e-02 
 3.660593e+01 -1.616868e-02 
 3.660633e+01 -1.412566e-02 
 3.660673e+01 -1.218622e-02 
 3.660713e+01 -1.036669e-02 
 3.660752e+01 -8.700524e-03 
 3.660792e+01 -7.188716e-03 
 3.660832e+01 -5.703364e-03 
 3.660872e+01 -4.254516e-03 
 3.660912e+01 -2.804168e-03 
 3.660951e+01 -1.412321e-03 
 3.660991e+01 -1.449813e-04 
 3.661031e+01  9.989908e-04 
 3.661071e+01  1.980760e-03 
 3.661110e+01  2.857336e-03 
 3.661150e+01  3.711447e-03 
 3.661190e+01  4.624533e-03 
 3.661230e+01  5.577789e-03 
 3.661269e+01  6.507071e-03 
 3.661309e+01  7.341592e-03 
 3.661349e+01  8.062118e-03 
 3.661389e+01  8.690076e-03 
 3.661429e+01  9.275634e-03 
 3.661468e+01  9.901700e-03 
 3.661508e+01  1.060638e-02 
 3.661548e+01  1.142847e-02 
 3.661588e+01  1.233398e-02 
 3.661627e+01  1.322858e-02 
 3.661667e+01  1.398020e-02 
 3.661707e+01  1.457746e-02 
 3.661747e+01  1.496035e-02 
 3.661786e+01  1.520853e-02 
 3.661826e+01  1.543364e-02 
 3.661866e+01  1.568133e-02 
 3.661906e+01  1.601025e-02 
 3.661946e+01  1.640126e-02 
 3.661985e+01  1.678160e-02 
 3.662025e+01  1.710779e-02 
 3.662065e+01  1.737114e-02 
 3.662105e+01  1.763019e-02 
 3.662144e+01  1.796202e-02 
 3.662184e+01  1.842704e-02 
 3.662224e+01  1.903892e-02 
 3.662264e+01  1.978602e-02 
 3.662303e+01  2.063523e-02 
 3.662343e+01  2.148766e-02 
 3.662383e+01  2.228870e-02 
 3.662423e+01  2.301522e-02 
 3.662463e+01  2.370202e-02 
 3.662502e+01  2.439271e-02 
 3.662542e+01  2.505870e-02 
 3.662582e+01  2.572450e-02 
 3.662622e+01  2.632164e-02 
 3.662661e+01  2.684130e-02 
 3.662701e+01  2.730878e-02 
 3.662741e+01  2.777406e-02 
 3.662781e+01  2.821317e-02 
 3.662820e+01  2.866087e-02 
 3.662860e+01  2.910625e-02 
 3.662900e+01  2.950705e-02 
 3.662940e+01  2.987469e-02 
 3.662980e+01  3.018437e-02 
 3.663019e+01  3.040883e-02 
 3.663059e+01  3.059401e-02 
 3.663099e+01  3.074739e-02 
 3.663139e+01  3.090052e-02 
 3.663178e+01  3.107435e-02 
 3.663218e+01  3.124708e-02 
 3.663258e+01  3.134157e-02 
 3.663298e+01  3.132416e-02 
 3.663337e+01  3.124327e-02 
 3.663377e+01  3.114386e-02 
 3.663417e+01  3.104950e-02 
 3.663457e+01  3.096333e-02 
 3.663497e+01  3.080235e-02 
 3.663536e+01  3.059061e-02 
 3.663576e+01  3.028201e-02 
 3.663616e+01  2.991432e-02 
 3.663656e+01  2.949672e-02 
 3.663695e+01  2.907269e-02 
 3.663735e+01  2.872649e-02 
 3.663775e+01  2.847060e-02 
 3.663815e+01  2.831289e-02 
 3.663854e+01  2.820491e-02 
 3.663894e+01  2.810794e-02 
 3.663934e+01  2.803799e-02 
 3.663974e+01  2.798207e-02 
 3.664014e+01  2.795528e-02 
 3.664053e+01  2.799057e-02 
 3.664093e+01  2.808743e-02 
 3.664133e+01  2.823002e-02 
 3.664173e+01  2.839429e-02 
 3.664212e+01  2.854689e-02 
 3.664252e+01  2.866133e-02 
 3.664292e+01  2.870709e-02 
 3.664332e+01  2.873259e-02 
 3.664371e+01  2.880059e-02 
 3.664411e+01  2.888594e-02 
 3.664451e+01  2.898739e-02 
 3.664491e+01  2.909344e-02 
 3.664531e+01  2.915083e-02 
 3.664570e+01  2.914709e-02 
 3.664610e+01  2.905718e-02 
 3.664650e+01  2.885620e-02 
 3.664690e+01  2.853939e-02 
 3.664729e+01  2.815503e-02 
 3.664769e+01  2.772959e-02 
 3.664809e+01  2.730504e-02 
 3.664849e+01  2.694132e-02 
 3.664888e+01  2.656694e-02 
 3.664928e+01  2.616773e-02 
 3.664968e+01  2.572740e-02 
 3.665008e+01  2.521129e-02 
 3.665048e+01  2.463837e-02 
 3.665087e+01  2.396870e-02 
 3.665127e+01  2.319193e-02 
 3.665167e+01  2.232793e-02 
 3.665207e+01  2.138992e-02 
 3.665246e+01  2.036644e-02 
 3.665286e+01  1.921548e-02 
 3.665326e+01  1.794073e-02 
 3.665366e+01  1.656370e-02 
 3.665406e+01  1.511809e-02 
 3.665445e+01  1.366496e-02 
 3.665485e+01  1.217824e-02 
 3.665525e+01  1.066323e-02 
 3.665565e+01  9.115169e-03 
 3.665604e+01  7.527288e-03 
 3.665644e+01  5.875879e-03 
 3.665684e+01  4.143435e-03 
 3.665724e+01  2.337822e-03 
 3.665763e+01  4.910823e-04 
 3.665803e+01 -1.446319e-03 
 3.665843e+01 -3.484778e-03 
 3.665883e+01 -5.650613e-03 
 3.665923e+01 -7.989759e-03 
 3.665962e+01 -1.041844e-02 
 3.666002e+01 -1.292243e-02 
 3.666042e+01 -1.545098e-02 
 3.666082e+01 -1.800709e-02 
 3.666121e+01 -2.059601e-02 
 3.666161e+01 -2.322850e-02 
 3.666201e+01 -2.597927e-02 
 3.666241e+01 -2.884175e-02 
 3.666280e+01 -3.179711e-02 
 3.666320e+01 -3.476158e-02 
 3.666360e+01 -3.764652e-02 
 3.666400e+01 -4.044334e-02 
 3.666440e+01 -4.316953e-02 
 3.666479e+01 -4.587072e-02 
 3.666519e+01 -4.863666e-02 
 3.666559e+01 -5.146860e-02 
 3.666599e+01 -5.433673e-02 
 3.666638e+01 -5.716487e-02 
 3.666678e+01 -5.991050e-02 
 3.666718e+01 -6.250730e-02 
 3.666758e+01 -6.499874e-02 
 3.666797e+01 -6.744725e-02 
 3.666837e+01 -6.985492e-02 
 3.666877e+01 -7.228417e-02 
 3.666917e+01 -7.474045e-02 
 3.666957e+01 -7.715718e-02 
 3.666996e+01 -7.949463e-02 
 3.667036e+01 -8.172214e-02 
 3.667076e+01 -8.378000e-02 
 3.667116e+01 -8.574121e-02 
 3.667155e+01 -8.763820e-02 
 3.667195e+01 -8.949562e-02 
 3.667235e+01 -9.133012e-02 
 3.667275e+01 -9.309546e-02 
 3.667314e+01 -9.470336e-02 
 3.667354e+01 -9.615187e-02 
 3.667394e+01 -9.743488e-02 
 3.667434e+01 -9.861665e-02 
 3.667474e+01 -9.974313e-02 
 3.667513e+01 -1.008387e-01 
 3.667553e+01 -1.019369e-01 
 3.667593e+01 -1.030348e-01 
 3.667633e+01 -1.041210e-01 
 3.667672e+01 -1.051737e-01 
 3.667712e+01 -1.062148e-01 
 3.667752e+01 -1.072246e-01 
 3.667792e+01 -1.081791e-01 
 3.667831e+01 -1.091184e-01 
 3.667871e+01 -1.099899e-01 
 3.667911e+01 -1.108130e-01 
 3.667951e+01 -1.115840e-01 
 3.667991e+01 -1.122902e-01 
 3.668030e+01 -1.130307e-01 
 3.668070e+01 -1.138504e-01 
 3.668110e+01 -1.147094e-01 
 3.668150e+01 -1.155050e-01 
 3.668189e+01 -1.161843e-01 
 3.668229e+01 -1.166734e-01 
 3.668269e+01 -1.169564e-01 
 3.668309e+01 -1.170471e-01 
 3.668348e+01 -1.169548e-01 
 3.668388e+01 -1.167638e-01 
 3.668428e+01 -1.165365e-01 
 3.668468e+01 -1.162438e-01 
 3.668508e+01 -1.159230e-01 
 3.668547e+01 -1.155555e-01 
 3.668587e+01 -1.150804e-01 
 3.668627e+01 -1.145150e-01 
 3.668667e+01 -1.139607e-01 
 3.668706e+01 -1.134452e-01 
 3.668746e+01 -1.129637e-01 
 3.668786e+01 -1.125428e-01 
 3.668826e+01 -1.121068e-01 
 3.668865e+01 -1.115202e-01 
 3.668905e+01 -1.108058e-01 
 3.668945e+01 -1.098817e-01 
 3.668985e+01 -1.087604e-01 
 3.669025e+01 -1.075122e-01 
 3.669064e+01 -1.062097e-01 
 3.669104e+01 -1.048880e-01 
 3.669144e+01 -1.035533e-01 
 3.669184e+01 -1.021502e-01 
 3.669223e+01 -1.007061e-01 
 3.669263e+01 -9.917387e-02 
 3.669303e+01 -9.755557e-02 
 3.669343e+01 -9.590783e-02 
 3.669382e+01 -9.426318e-02 
 3.669422e+01 -9.263565e-02 
 3.669462e+01 -9.101241e-02 
 3.669502e+01 -8.941759e-02 
 3.669542e+01 -8.782023e-02 
 3.669581e+01 -8.623645e-02 
 3.669621e+01 -8.464752e-02 
 3.669661e+01 -8.304276e-02 
 3.669701e+01 -8.148483e-02 
 3.669740e+01 -7.996743e-02 
 3.669780e+01 -7.837896e-02 
 3.669820e+01 -7.675501e-02 
 3.669860e+01 -7.505888e-02 
 3.669899e+01 -7.330427e-02 
 3.669939e+01 -7.151847e-02 
 3.669979e+01 -6.971465e-02 
 3.670019e+01 -6.788919e-02 
 3.670059e+01 -6.607142e-02 
 3.670098e+01 -6.423709e-02 
 3.670138e+01 -6.239230e-02 
 3.670178e+01 -6.049409e-02 
 3.670218e+01 -5.856908e-02 
 3.670257e+01 -5.663512e-02 
 3.670297e+01 -5.473891e-02 
 3.670337e+01 -5.287588e-02 
 3.670377e+01 -5.106473e-02 
 3.670416e+01 -4.931575e-02 
 3.670456e+01 -4.763192e-02 
 3.670496e+01 -4.599025e-02 
 3.670536e+01 -4.442088e-02 
 3.670576e+01 -4.291017e-02 
 3.670615e+01 -4.143488e-02 
 3.670655e+01 -3.998875e-02 
 3.670695e+01 -3.855882e-02 
 3.670735e+01 -3.710943e-02 
 3.670774e+01 -3.561900e-02 
 3.670814e+01 -3.419340e-02 
 3.670854e+01 -3.286196e-02 
 3.670894e+01 -3.166129e-02 
 3.670933e+01 -3.053033e-02 
 3.670973e+01 -2.942993e-02 
 3.671013e+01 -2.836846e-02 
 3.671053e+01 -2.730560e-02 
 3.671093e+01 -2.623841e-02 
 3.671132e+01 -2.515481e-02 
 3.671172e+01 -2.408387e-02 
 3.671212e+01 -2.302853e-02 
 3.671252e+01 -2.203471e-02 
 3.671291e+01 -2.110784e-02 
 3.671331e+01 -2.025364e-02 
 3.671371e+01 -1.949230e-02 
 3.671411e+01 -1.878702e-02 
 3.671450e+01 -1.815555e-02 
 3.671490e+01 -1.756243e-02 
 3.671530e+01 -1.696675e-02 
 3.671570e+01 -1.636168e-02 
 3.671610e+01 -1.573774e-02 
 3.671649e+01 -1.508720e-02 
 3.671689e+01 -1.441141e-02 
 3.671729e+01 -1.369992e-02 
 3.671769e+01 -1.292762e-02 
 3.671808e+01 -1.201250e-02 
 3.671848e+01 -1.094964e-02 
 3.671888e+01 -9.741978e-03 
 3.671928e+01 -8.474883e-03 
 3.671967e+01 -7.213709e-03 
 3.672007e+01 -5.997522e-03 
 3.672047e+01 -4.912608e-03 
 3.672087e+01 -3.962461e-03 
 3.672127e+01 -3.096228e-03 
 3.672166e+01 -2.281874e-03 
 3.672206e+01 -1.477462e-03 
 3.672246e+01 -6.283689e-04 
 3.672286e+01  2.769652e-04 
 3.672325e+01  1.227547e-03 
 3.672365e+01  2.158914e-03 
 3.672405e+01  3.076772e-03 
 3.672445e+01  3.958016e-03 
 3.672484e+01  4.828334e-03 
 3.672524e+01  5.693827e-03 
 3.672564e+01  6.601212e-03 
 3.672604e+01  7.553002e-03 
 3.672644e+01  8.531056e-03 
 3.672683e+01  9.550137e-03 
 3.672723e+01  1.062614e-02 
 3.672763e+01  1.178672e-02 
 3.672803e+01  1.298773e-02 
 3.672842e+01  1.420096e-02 
 3.672882e+01  1.538359e-02 
 3.672922e+01  1.655652e-02 
 3.672962e+01  1.770973e-02 
 3.673001e+01  1.889292e-02 
 3.673041e+01  2.009945e-02 
 3.673081e+01  2.134239e-02 
 3.673121e+01  2.261862e-02 
 3.673161e+01  2.387216e-02 
 3.673200e+01  2.506519e-02 
 3.673240e+01  2.616022e-02 
 3.673280e+01  2.718965e-02 
 3.673320e+01  2.821928e-02 
 3.673359e+01  2.928282e-02 
 3.673399e+01  3.045020e-02 
 3.673439e+01  3.172037e-02 
 3.673479e+01  3.306759e-02 
 3.673518e+01  3.445188e-02 
 3.673558e+01  3.582630e-02 
 3.673598e+01  3.718148e-02 
 3.673638e+01  3.849152e-02 
 3.673678e+01  3.975023e-02 
 3.673717e+01  4.096173e-02 
 3.673757e+01  4.216769e-02 
 3.673797e+01  4.339939e-02 
 3.673837e+01  4.457677e-02 
 3.673876e+01  4.573267e-02 
 3.673916e+01  4.678814e-02 
 3.673956e+01  4.773899e-02 
 3.673996e+01  4.858580e-02 
 3.674035e+01  4.934697e-02 
 3.674075e+01  4.997805e-02 
 3.674115e+01  5.048654e-02 
 3.674155e+01  5.086407e-02 
 3.674195e+01  5.110841e-02 
 3.674234e+01  5.123757e-02 
 3.674274e+01  5.123931e-02 
 3.674314e+01  5.116608e-02 
 3.674354e+01  5.100435e-02 
 3.674393e+01  5.084726e-02 
 3.674433e+01  5.069694e-02 
 3.674473e+01  5.055535e-02 
 3.674513e+01  5.036925e-02 
 3.674553e+01  5.016114e-02 
 3.674592e+01  4.992102e-02 
 3.674632e+01  4.964611e-02 
 3.674672e+01  4.935133e-02 
 3.674712e+01  4.902620e-02 
 3.674751e+01  4.864046e-02 
 3.674791e+01  4.818769e-02 
 3.674831e+01  4.762236e-02 
 3.674871e+01  4.687776e-02 
 3.674910e+01  4.600748e-02 
 3.674950e+01  4.503898e-02 
 3.674990e+01  4.400329e-02 
 3.675030e+01  4.289247e-02 
 3.675070e+01  4.177766e-02 
 3.675109e+01  4.062299e-02 
 3.675149e+01  3.943283e-02 
 3.675189e+01  3.820885e-02 
 3.675229e+01  3.694488e-02 
 3.675268e+01  3.568928e-02 
 3.675308e+01  3.438794e-02 
 3.675348e+01  3.302164e-02 
 3.675388e+01  3.152278e-02 
 3.675427e+01  2.986142e-02 
 3.675467e+01  2.803477e-02 
 3.675507e+01  2.607765e-02 
 3.675547e+01  2.407003e-02 
 3.675587e+01  2.204671e-02 
 3.675626e+01  2.002840e-02 
 3.675666e+01  1.801895e-02 
 3.675706e+01  1.597455e-02 
 3.675746e+01  1.386074e-02 
 3.675785e+01  1.165596e-02 
 3.675825e+01  9.384523e-03 
 3.675865e+01  7.097193e-03 
 3.675905e+01  4.870537e-03 
 3.675944e+01  2.718981e-03 
 3.675984e+01  6.031280e-04 
 3.676024e+01 -1.524913e-03 
 3.676064e+01 -3.723084e-03 
 3.676104e+01 -5.998128e-03 
 3.676143e+01 -8.371704e-03 
 3.676183e+01 -1.076510e-02 
 3.676223e+01 -1.309185e-02 
 3.676263e+01 -1.530785e-02 
 3.676302e+01 -1.741019e-02 
 3.676342e+01 -1.945874e-02 
 3.676382e+01 -2.147591e-02 
 3.676422e+01 -2.349293e-02 
 3.676461e+01 -2.551205e-02 
 3.676501e+01 -2.758828e-02 
 3.676541e+01 -2.967659e-02 
 3.676581e+01 -3.178386e-02 
 3.676621e+01 -3.391725e-02 
 3.676660e+01 -3.605526e-02 
 3.676700e+01 -3.816046e-02 
 3.676740e+01 -4.021189e-02 
 3.676780e+01 -4.219636e-02 
 3.676819e+01 -4.410972e-02 
 3.676859e+01 -4.596916e-02 
 3.676899e+01 -4.777322e-02 
 3.676939e+01 -4.955813e-02 
 3.676978e+01 -5.137261e-02 
 3.677018e+01 -5.320695e-02 
 3.677058e+01 -5.507684e-02 
 3.677098e+01 -5.698578e-02 
 3.677138e+01 -5.887727e-02 
 3.677177e+01 -6.075423e-02 
 3.677217e+01 -6.261031e-02 
 3.677257e+01 -6.448697e-02 
 3.677297e+01 -6.637356e-02 
 3.677336e+01 -6.826067e-02 
 3.677376e+01 -7.011047e-02 
 3.677416e+01 -7.194782e-02 
 3.677456e+01 -7.375346e-02 
 3.677495e+01 -7.555767e-02 
 3.677535e+01 -7.729853e-02 
 3.677575e+01 -7.897312e-02 
 3.677615e+01 -8.060129e-02 
 3.677655e+01 -8.223212e-02 
 3.677694e+01 -8.385554e-02 
 3.677734e+01 -8.544737e-02 
 3.677774e+01 -8.696897e-02 
 3.677814e+01 -8.836571e-02 
 3.677853e+01 -8.958154e-02 
 3.677893e+01 -9.062567e-02 
 3.677933e+01 -9.154288e-02 
 3.677973e+01 -9.230697e-02 
 3.678012e+01 -9.301169e-02 
 3.678052e+01 -9.367378e-02 
 3.678092e+01 -9.437191e-02 
 3.678132e+01 -9.510035e-02 
 3.678172e+01 -9.582676e-02 
 3.678211e+01 -9.650031e-02 
 3.678251e+01 -9.717479e-02 
 3.678291e+01 -9.780266e-02 
 3.678331e+01 -9.843694e-02 
 3.678370e+01 -9.909936e-02 
 3.678410e+01 -9.975081e-02 
 3.678450e+01 -1.003967e-01 
 3.678490e+01 -1.010212e-01 
 3.678529e+01 -1.015486e-01 
 3.678569e+01 -1.019448e-01 
 3.678609e+01 -1.021971e-01 
 3.678649e+01 -1.022695e-01 
 3.678689e+01 -1.022310e-01 
 3.678728e+01 -1.021249e-01 
 3.678768e+01 -1.019249e-01 
 3.678808e+01 -1.016115e-01 
 3.678848e+01 -1.012346e-01 
 3.678887e+01 -1.008137e-01 
 3.678927e+01 -1.003595e-01 
 3.678967e+01 -9.984917e-02 
 3.679007e+01 -9.928942e-02 
 3.679046e+01 -9.871451e-02 
 3.679086e+01 -9.809005e-02 
 3.679126e+01 -9.746888e-02 
 3.679166e+01 -9.688960e-02 
 3.679206e+01 -9.628264e-02 
 3.679245e+01 -9.564685e-02 
 3.679285e+01 -9.502343e-02 
 3.679325e+01 -9.441947e-02 
 3.679365e+01 -9.375577e-02 
 3.679404e+01 -9.303421e-02 
 3.679444e+01 -9.223618e-02 
 3.679484e+01 -9.134294e-02 
 3.679524e+01 -9.037612e-02 
 3.679563e+01 -8.936772e-02 
 3.679603e+01 -8.827948e-02 
 3.679643e+01 -8.710744e-02 
 3.679683e+01 -8.585455e-02 
 3.679723e+01 -8.455490e-02 
 3.679762e+01 -8.320295e-02 
 3.679802e+01 -8.185732e-02 
 3.679842e+01 -8.058027e-02 
 3.679882e+01 -7.935728e-02 
 3.679921e+01 -7.823683e-02 
 3.679961e+01 -7.721771e-02 
 3.680001e+01 -7.634872e-02 
 3.680041e+01 -7.554133e-02 
 3.680080e+01 -7.478036e-02 
 3.680120e+01 -7.404927e-02 
 3.680160e+01 -7.332475e-02 
 3.680200e+01 -7.263157e-02 
 3.680240e+01 -7.195788e-02 
 3.680279e+01 -7.138013e-02 
 3.680319e+01 -7.088002e-02 
 3.680359e+01 -7.043310e-02 
 3.680399e+01 -7.001701e-02 
 3.680438e+01 -6.961623e-02 
 3.680478e+01 -6.925046e-02 
 3.680518e+01 -6.890989e-02 
 3.680558e+01 -6.859039e-02 
 3.680597e+01 -6.828156e-02 
 3.680637e+01 -6.794672e-02 
 3.680677e+01 -6.751980e-02 
 3.680717e+01 -6.699986e-02 
 3.680757e+01 -6.634375e-02 
 3.680796e+01 -6.553473e-02 
 3.680836e+01 -6.460913e-02 
 3.680876e+01 -6.363183e-02 
 3.680916e+01 -6.271029e-02 
 3.680955e+01 -6.188496e-02 
 3.680995e+01 -6.111219e-02 
 3.681035e+01 -6.039518e-02 
 3.681075e+01 -5.970199e-02 
 3.681114e+01 -5.902166e-02 
 3.681154e+01 -5.832940e-02 
 3.681194e+01 -5.760914e-02 
 3.681234e+01 -5.681670e-02 
 3.681274e+01 -5.589394e-02 
 3.681313e+01 -5.486334e-02 
 3.681353e+01 -5.365248e-02 
 3.681393e+01 -5.226189e-02 
 3.681433e+01 -5.066052e-02 
 3.681472e+01 -4.891943e-02 
 3.681512e+01 -4.714965e-02 
 3.681552e+01 -4.539725e-02 
 3.681592e+01 -4.369483e-02 
 3.681631e+01 -4.209887e-02 
 3.681671e+01 -4.060156e-02 
 3.681711e+01 -3.913142e-02 
 3.681751e+01 -3.765995e-02 
 3.681791e+01 -3.618205e-02 
 3.681830e+01 -3.465726e-02 
 3.681870e+01 -3.310499e-02 
 3.681910e+01 -3.154360e-02 
 3.681950e+01 -2.993729e-02 
 3.681989e+01 -2.826392e-02 
 3.682029e+01 -2.655156e-02 
 3.682069e+01 -2.482041e-02 
 3.682109e+01 -2.308971e-02 
 3.682148e+01 -2.135473e-02 
 3.682188e+01 -1.960045e-02 
 3.682228e+01 -1.783931e-02 
 3.682268e+01 -1.605070e-02 
 3.682308e+01 -1.421600e-02 
 3.682347e+01 -1.235914e-02 
 3.682387e+01 -1.044832e-02 
 3.682427e+01 -8.541532e-03 
 3.682467e+01 -6.685363e-03 
 3.682506e+01 -4.879791e-03 
 3.682546e+01 -3.107603e-03 
 3.682586e+01 -1.320824e-03 
 3.682626e+01  4.959563e-04 
 3.682665e+01  2.370693e-03 
 3.682705e+01  4.269779e-03 
 3.682745e+01  6.124619e-03 
 3.682785e+01  7.899359e-03 
 3.682825e+01  9.559396e-03 
 3.682864e+01  1.110470e-02 
 3.682904e+01  1.255532e-02 
 3.682944e+01  1.393360e-02 
 3.682984e+01  1.529986e-02 
 3.683023e+01  1.667307e-02 
 3.683063e+01  1.804526e-02 
 3.683103e+01  1.938239e-02 
 3.683143e+01  2.066574e-02 
 3.683182e+01  2.192847e-02 
 3.683222e+01  2.316594e-02 
 3.683262e+01  2.435195e-02 
 3.683302e+01  2.541968e-02 
 3.683342e+01  2.642235e-02 
 3.683381e+01  2.742319e-02 
 3.683421e+01  2.838163e-02 
 3.683461e+01  2.936546e-02 
 3.683501e+01  3.036672e-02 
 3.683540e+01  3.131657e-02 
 3.683580e+01  3.226422e-02 
 3.683620e+01  3.322257e-02 
 3.683660e+01  3.414760e-02 
 3.683699e+01  3.500315e-02 
 3.683739e+01  3.576351e-02 
 3.683779e+01  3.647655e-02 
 3.683819e+01  3.716549e-02 
 3.683859e+01  3.783943e-02 
 3.683898e+01  3.847188e-02 
 3.683938e+01  3.909808e-02 
 3.683978e+01  3.976063e-02 
 3.684018e+01  4.045996e-02 
 3.684057e+01  4.124840e-02 
 3.684097e+01  4.212855e-02 
 3.684137e+01  4.310345e-02 
 3.684177e+01  4.419484e-02 
 3.684217e+01  4.537646e-02 
 3.684256e+01  4.661133e-02 
 3.684296e+01  4.778066e-02 
 3.684336e+01  4.885539e-02 
 3.684376e+01  4.977011e-02 
 3.684415e+01  5.052459e-02 
 3.684455e+01  5.114578e-02 
 3.684495e+01  5.165942e-02 
 3.684535e+01  5.211567e-02 
 3.684574e+01  5.252457e-02 
 3.684614e+01  5.298057e-02 
 3.684654e+01  5.345820e-02 
 3.684694e+01  5.392722e-02 
 3.684734e+01  5.431869e-02 
 3.684773e+01  5.462672e-02 
 3.684813e+01  5.478451e-02 
 3.684853e+01  5.483969e-02 
 3.684893e+01  5.477631e-02 
 3.684932e+01  5.459950e-02 
 3.684972e+01  5.434204e-02 
 3.685012e+01  5.397598e-02 
 3.685052e+01  5.347927e-02 
 3.685091e+01  5.282623e-02 
 3.685131e+01  5.201721e-02 
 3.685171e+01  5.105353e-02 
 3.685211e+01  4.998219e-02 
 3.685251e+01  4.886750e-02 
 3.685290e+01  4.770076e-02 
 3.685330e+01  4.651087e-02 
 3.685370e+01  4.533788e-02 
 3.685410e+01  4.414082e-02 
 3.685449e+01  4.290931e-02 
 3.685489e+01  4.158755e-02 
 3.685529e+01  4.009864e-02 
 3.685569e+01  3.843848e-02 
 3.685608e+01  3.663029e-02 
 3.685648e+01  3.467810e-02 
 3.685688e+01  3.257377e-02 
 3.685728e+01  3.031189e-02 
 3.685768e+01  2.791330e-02 
 3.685807e+01  2.544032e-02 
 3.685847e+01  2.300502e-02 
 3.685887e+01  2.062665e-02 
 3.685927e+01  1.829776e-02 
 3.685966e+01  1.596460e-02 
 3.686006e+01  1.361660e-02 
 3.686046e+01  1.122341e-02 
 3.686086e+01  8.708282e-03 
 3.686125e+01  6.082195e-03 
 3.686165e+01  3.377816e-03 
 3.686205e+01  6.131624e-04 
 3.686245e+01 -2.185976e-03 
 3.686285e+01 -4.979808e-03 
 3.686324e+01 -7.729245e-03 
 3.686364e+01 -1.043541e-02 
 3.686404e+01 -1.304013e-02 
 3.686444e+01 -1.559846e-02 
 3.686483e+01 -1.812167e-02 
 3.686523e+01 -2.058360e-02 
 3.686563e+01 -2.299043e-02 
 3.686603e+01 -2.534401e-02 
 3.686642e+01 -2.765186e-02 
 3.686682e+01 -2.989332e-02 
 3.686722e+01 -3.206380e-02 
 3.686762e+01 -3.416572e-02 
 3.686802e+01 -3.620090e-02 
 3.686841e+01 -3.818224e-02 
 3.686881e+01 -4.010033e-02 
 3.686921e+01 -4.197747e-02 
 3.686961e+01 -4.380394e-02 
 3.687000e+01 -4.555061e-02 
 3.687040e+01 -4.726482e-02 
 3.687080e+01 -4.892779e-02 
 3.687120e+01 -5.051038e-02 
 3.687159e+01 -5.201469e-02 
 3.687199e+01 -5.341806e-02 
 3.687239e+01 -5.469010e-02 
 3.687279e+01 -5.587123e-02 
 3.687319e+01 -5.699085e-02 
 3.687358e+01 -5.805143e-02 
 3.687398e+01 -5.901374e-02 
 3.687438e+01 -5.984808e-02 
 3.687478e+01 -6.057365e-02 
 3.687517e+01 -6.118215e-02 
 3.687557e+01 -6.171916e-02 
 3.687597e+01 -6.221406e-02 
 3.687637e+01 -6.266520e-02 
 3.687676e+01 -6.310961e-02 
 3.687716e+01 -6.361708e-02 
 3.687756e+01 -6.425703e-02 
 3.687796e+01 -6.494350e-02 
 3.687836e+01 -6.569821e-02 
 3.687875e+01 -6.654833e-02 
 3.687915e+01 -6.751549e-02 
 3.687955e+01 -6.862552e-02 
 3.687995e+01 -6.980388e-02 
 3.688034e+01 -7.101478e-02 
 3.688074e+01 -7.221630e-02 
 3.688114e+01 -7.337333e-02 
 3.688154e+01 -7.446754e-02 
 3.688193e+01 -7.547617e-02 
 3.688233e+01 -7.643422e-02 
 3.688273e+01 -7.733908e-02 
 3.688313e+01 -7.825152e-02 
 3.688353e+01 -7.917990e-02 
 3.688392e+01 -8.011663e-02 
 3.688432e+01 -8.105572e-02 
 3.688472e+01 -8.205345e-02 
 3.688512e+01 -8.309068e-02 
 3.688551e+01 -8.416588e-02 
 3.688591e+01 -8.525090e-02 
 3.688631e+01 -8.625537e-02 
 3.688671e+01 -8.720412e-02 
 3.688710e+01 -8.810111e-02 
 3.688750e+01 -8.891637e-02 
 3.688790e+01 -8.970546e-02 
 3.688830e+01 -9.052128e-02 
 3.688870e+01 -9.139990e-02 
 3.688909e+01 -9.237218e-02 
 3.688949e+01 -9.347032e-02 
 3.688989e+01 -9.456350e-02 
 3.689029e+01 -9.558555e-02 
 3.689068e+01 -9.650080e-02 
 3.689108e+01 -9.716988e-02 
 3.689148e+01 -9.764432e-02 
 3.689188e+01 -9.793268e-02 
 3.689227e+01 -9.803522e-02 
 3.689267e+01 -9.799270e-02 
 3.689307e+01 -9.784806e-02 
 3.689347e+01 -9.761590e-02 
 3.689387e+01 -9.732549e-02 
 3.689426e+01 -9.698550e-02 
 3.689466e+01 -9.659862e-02 
 3.689506e+01 -9.620823e-02 
 3.689546e+01 -9.582775e-02 
 3.689585e+01 -9.544485e-02 
 3.689625e+01 -9.503233e-02 
 3.689665e+01 -9.460086e-02 
 3.689705e+01 -9.415899e-02 
 3.689744e+01 -9.369078e-02 
 3.689784e+01 -9.319514e-02 
 3.689824e+01 -9.266434e-02 
 3.689864e+01 -9.210010e-02 
 3.689904e+01 -9.148537e-02 
 3.689943e+01 -9.087590e-02 
 3.689983e+01 -9.027133e-02 
 3.690023e+01 -8.960770e-02 
 3.690063e+01 -8.892800e-02 
 3.690102e+01 -8.822003e-02 
 3.690142e+01 -8.744056e-02 
 3.690182e+01 -8.660027e-02 
 3.690222e+01 -8.566392e-02 
 3.690261e+01 -8.464519e-02 
 3.690301e+01 -8.353452e-02 
 3.690341e+01 -8.241198e-02 
 3.690381e+01 -8.123838e-02 
 3.690421e+01 -7.999699e-02 
 3.690460e+01 -7.875970e-02 
 3.690500e+01 -7.757094e-02 
 3.690540e+01 -7.647580e-02 
 3.690580e+01 -7.550265e-02 
 3.690619e+01 -7.463438e-02 
 3.690659e+01 -7.393847e-02 
 3.690699e+01 -7.337769e-02 
 3.690739e+01 -7.296320e-02 
 3.690778e+01 -7.261896e-02 
 3.690818e+01 -7.231565e-02 
 3.690858e+01 -7.202232e-02 
 3.690898e+01 -7.169294e-02 
 3.690938e+01 -7.135019e-02 
 3.690977e+01 -7.089037e-02 
 3.691017e+01 -7.031026e-02 
 3.691057e+01 -6.963826e-02 
 3.691097e+01 -6.885673e-02 
 3.691136e+01 -6.806852e-02 
 3.691176e+01 -6.729074e-02 
 3.691216e+01 -6.659957e-02 
 3.691256e+01 -6.597141e-02 
 3.691295e+01 -6.544821e-02 
 3.691335e+01 -6.500820e-02 
 3.691375e+01 -6.463010e-02 
 3.691415e+01 -6.431336e-02 
 3.691455e+01 -6.395383e-02 
 3.691494e+01 -6.354240e-02 
 3.691534e+01 -6.298305e-02 
 3.691574e+01 -6.229467e-02 
 3.691614e+01 -6.150590e-02 
 3.691653e+01 -6.062259e-02 
 3.691693e+01 -5.968588e-02 
 3.691733e+01 -5.875384e-02 
 3.691773e+01 -5.782345e-02 
 3.691812e+01 -5.685186e-02 
 3.691852e+01 -5.584388e-02 
 3.691892e+01 -5.473929e-02 
 3.691932e+01 -5.351604e-02 
 3.691972e+01 -5.213226e-02 
 3.692011e+01 -5.054446e-02 
 3.692051e+01 -4.878435e-02 
 3.692091e+01 -4.691270e-02 
 3.692131e+01 -4.494269e-02 
 3.692170e+01 -4.289542e-02 
 3.692210e+01 -4.078762e-02 
 3.692250e+01 -3.856337e-02 
 3.692290e+01 -3.624930e-02 
 3.692329e+01 -3.385726e-02 
 3.692369e+01 -3.139573e-02 
 3.692409e+01 -2.886142e-02 
 3.692449e+01 -2.631846e-02 
 3.692489e+01 -2.383638e-02 
 3.692528e+01 -2.140452e-02 
 3.692568e+01 -1.900159e-02 
 3.692608e+01 -1.652839e-02 
 3.692648e+01 -1.399759e-02 
 3.692687e+01 -1.140095e-02 
 3.692727e+01 -8.795325e-03 
 3.692767e+01 -6.230410e-03 
 3.692807e+01 -3.722174e-03 
 3.692846e+01 -1.230005e-03 
 3.692886e+01  1.233481e-03 
 3.692926e+01  3.694346e-03 
 3.692966e+01  6.196902e-03 
 3.693006e+01  8.723864e-03 
 3.693045e+01  1.121295e-02 
 3.693085e+01  1.365736e-02 
 3.693125e+01  1.603266e-02 
 3.693165e+01  1.832060e-02 
 3.693204e+01  2.053253e-02 
 3.693244e+01  2.267393e-02 
 3.693284e+01  2.473797e-02 
 3.693324e+01  2.665991e-02 
 3.693364e+01  2.843392e-02 
 3.693403e+01  3.003719e-02 
 3.693443e+01  3.145592e-02 
 3.693483e+01  3.273658e-02 
 3.693523e+01  3.389627e-02 
 3.693562e+01  3.503333e-02 
 3.693602e+01  3.614245e-02 
 3.693642e+01  3.726139e-02 
 3.693682e+01  3.835865e-02 
 3.693721e+01  3.941239e-02 
 3.693761e+01  4.039543e-02 
 3.693801e+01  4.130509e-02 
 3.693841e+01  4.213563e-02 
 3.693881e+01  4.289059e-02 
 3.693920e+01  4.355906e-02 
 3.693960e+01  4.412742e-02 
 3.694000e+01  4.456761e-02 
 3.694040e+01  4.486535e-02 
 3.694079e+01  4.499995e-02 
 3.694119e+01  4.498652e-02 
 3.694159e+01  4.488698e-02 
 3.694199e+01  4.474003e-02 
 3.694238e+01  4.460156e-02 
 3.694278e+01  4.447856e-02 
 3.694318e+01  4.438195e-02 
 3.694358e+01  4.432396e-02 
 3.694398e+01  4.431993e-02 
 3.694437e+01  4.432461e-02 
 3.694477e+01  4.429300e-02 
 3.694517e+01  4.418707e-02 
 3.694557e+01  4.394391e-02 
 3.694596e+01  4.355192e-02 
 3.694636e+01  4.303517e-02 
 3.694676e+01  4.241501e-02 
 3.694716e+01  4.172766e-02 
 3.694755e+01  4.109149e-02 
 3.694795e+01  4.058768e-02 
 3.694835e+01  4.019609e-02 
 3.694875e+01  3.989664e-02 
 3.694915e+01  3.964780e-02 
 3.694954e+01  3.944294e-02 
 3.694994e+01  3.928154e-02 
 3.695034e+01  3.905804e-02 
 3.695074e+01  3.880502e-02 
 3.695113e+01  3.847979e-02 
 3.695153e+01  3.816074e-02 
 3.695193e+01  3.787353e-02 
 3.695233e+01  3.760849e-02 
 3.695272e+01  3.734948e-02 
 3.695312e+01  3.701405e-02 
 3.695352e+01  3.657684e-02 
 3.695392e+01  3.609085e-02 
 3.695432e+01  3.557189e-02 
 3.695471e+01  3.501293e-02 
 3.695511e+01  3.439096e-02 
 3.695551e+01  3.375095e-02 
 3.695591e+01  3.310067e-02 
 3.695630e+01  3.240707e-02 
 3.695670e+01  3.167766e-02 
 3.695710e+01  3.088018e-02 
 3.695750e+01  2.995319e-02 
 3.695789e+01  2.890372e-02 
 3.695829e+01  2.771767e-02 
 3.695869e+01  2.641871e-02 
 3.695909e+01  2.499849e-02 
 3.695949e+01  2.350640e-02 
 3.695988e+01  2.194777e-02 
 3.696028e+01  2.035134e-02 
 3.696068e+01  1.876166e-02 
 3.696108e+01  1.719818e-02 
 3.696147e+01  1.562168e-02 
 3.696187e+01  1.396731e-02 
 3.696227e+01  1.220714e-02 
 3.696267e+01  1.030718e-02 
 3.696306e+01  8.294918e-03 
 3.696346e+01  6.186176e-03 
 3.696386e+01  4.054176e-03 
 3.696426e+01  1.891437e-03 
 3.696466e+01 -2.891695e-04 
 3.696505e+01 -2.512426e-03 
 3.696545e+01 -4.775444e-03 
 3.696585e+01 -7.080468e-03 
 3.696625e+01 -9.435205e-03 
 3.696664e+01 -1.183884e-02 
 3.696704e+01 -1.426423e-02 
 3.696744e+01 -1.669441e-02 
 3.696784e+01 -1.907037e-02 
 3.696823e+01 -2.136531e-02 
 3.696863e+01 -2.360294e-02 
 3.696903e+01 -2.581511e-02 
 3.696943e+01 -2.803763e-02 
 3.696983e+01 -3.024034e-02 
 3.697022e+01 -3.238632e-02 
 3.697062e+01 -3.444657e-02 
 3.697102e+01 -3.637686e-02 
 3.697142e+01 -3.813683e-02 
 3.697181e+01 -3.970015e-02 
 3.697221e+01 -4.107207e-02 
 3.697261e+01 -4.236757e-02 
 3.697301e+01 -4.369922e-02 
 3.697340e+01 -4.517194e-02 
 3.697380e+01 -4.679928e-02 
 3.697420e+01 -4.850488e-02 
 3.697460e+01 -5.023482e-02 
 3.697500e+01 -5.193690e-02 
 3.697539e+01 -5.356465e-02 
 3.697579e+01 -5.507895e-02 
 3.697619e+01 -5.649562e-02 
 3.697659e+01 -5.777517e-02 
 3.697698e+01 -5.891807e-02 
 3.697738e+01 -5.990889e-02 
 3.697778e+01 -6.075813e-02 
 3.697818e+01 -6.151371e-02 
 3.697857e+01 -6.217067e-02 
 3.697897e+01 -6.273685e-02 
 3.697937e+01 -6.325661e-02 
 3.697977e+01 -6.371543e-02 
 3.698017e+01 -6.413284e-02 
 3.698056e+01 -6.448551e-02 
 3.698096e+01 -6.471858e-02 
 3.698136e+01 -6.487537e-02 
 3.698176e+01 -6.497498e-02 
 3.698215e+01 -6.504764e-02 
 3.698255e+01 -6.519186e-02 
 3.698295e+01 -6.540664e-02 
 3.698335e+01 -6.569582e-02 
 3.698374e+01 -6.604283e-02 
 3.698414e+01 -6.640191e-02 
 3.698454e+01 -6.679856e-02 
 3.698494e+01 -6.719818e-02 
 3.698534e+01 -6.763370e-02 
 3.698573e+01 -6.811209e-02 
 3.698613e+01 -6.862561e-02 
 3.698653e+01 -6.918969e-02 
 3.698693e+01 -6.977766e-02 
 3.698732e+01 -7.038335e-02 
 3.698772e+01 -7.095809e-02 
 3.698812e+01 -7.148398e-02 
 3.698852e+01 -7.196078e-02 
 3.698891e+01 -7.242298e-02 
 3.698931e+01 -7.287711e-02 
 3.698971e+01 -7.336457e-02 
 3.699011e+01 -7.389067e-02 
 3.699051e+01 -7.444140e-02 
 3.699090e+01 -7.505927e-02 
 3.699130e+01 -7.573228e-02 
 3.699170e+01 -7.647833e-02 
 3.699210e+01 -7.731893e-02 
 3.699249e+01 -7.824783e-02 
 3.699289e+01 -7.925607e-02 
 3.699329e+01 -8.030934e-02 
 3.699369e+01 -8.138552e-02 
 3.699408e+01 -8.251413e-02 
 3.699448e+01 -8.370014e-02 
 3.699488e+01 -8.492050e-02 
 3.699528e+01 -8.613907e-02 
 3.699568e+01 -8.730116e-02 
 3.699607e+01 -8.838276e-02 
 3.699647e+01 -8.940387e-02 
 3.699687e+01 -9.035947e-02 
 3.699727e+01 -9.118939e-02 
 3.699766e+01 -9.188530e-02 
 3.699806e+01 -9.247369e-02 
 3.699846e+01 -9.295150e-02 
 3.699886e+01 -9.334080e-02 
 3.699925e+01 -9.360871e-02 
 3.699965e+01 -9.370092e-02 
 3.700005e+01 -9.360269e-02 
 3.700045e+01 -9.338300e-02 
 3.700085e+01 -9.308386e-02 
 3.700124e+01 -9.280052e-02 
 3.700164e+01 -9.264156e-02 
 3.700204e+01 -9.257097e-02 
 3.700244e+01 -9.262922e-02 
 3.700283e+01 -9.281639e-02 
 3.700323e+01 -9.301664e-02 
 3.700363e+01 -9.318309e-02 
 3.700403e+01 -9.324862e-02 
 3.700442e+01 -9.316494e-02 
 3.700482e+01 -9.292574e-02 
 3.700522e+01 -9.255153e-02 
 3.700562e+01 -9.206223e-02 
 3.700602e+01 -9.144526e-02 
 3.700641e+01 -9.071656e-02 
 3.700681e+01 -8.986455e-02 
 3.700721e+01 -8.892811e-02 
 3.700761e+01 -8.797192e-02 
 3.700800e+01 -8.703684e-02 
 3.700840e+01 -8.611487e-02 
 3.700880e+01 -8.524644e-02 
 3.700920e+01 -8.437382e-02 
 3.700959e+01 -8.344699e-02 
 3.700999e+01 -8.244095e-02 
 3.701039e+01 -8.137522e-02 
 3.701079e+01 -8.025251e-02 
 3.701119e+01 -7.908698e-02 
 3.701158e+01 -7.792990e-02 
 3.701198e+01 -7.677149e-02 
 3.701238e+01 -7.561976e-02 
 3.701278e+01 -7.447500e-02 
 3.701317e+01 -7.332817e-02 
 3.701357e+01 -7.216772e-02 
 3.701397e+01 -7.100809e-02 
 3.701437e+01 -6.989694e-02 
 3.701476e+01 -6.885038e-02 
 3.701516e+01 -6.781688e-02 
 3.701556e+01 -6.681073e-02 
 3.701596e+01 -6.574083e-02 
 3.701636e+01 -6.460009e-02 
 3.701675e+01 -6.337272e-02 
 3.701715e+01 -6.206907e-02 
 3.701755e+01 -6.068437e-02 
 3.701795e+01 -5.926879e-02 
 3.701834e+01 -5.781802e-02 
 3.701874e+01 -5.639491e-02 
 3.701914e+01 -5.502060e-02 
 3.701954e+01 -5.364692e-02 
 3.701993e+01 -5.229050e-02 
 3.702033e+01 -5.095006e-02 
 3.702073e+01 -4.965403e-02 
 3.702113e+01 -4.842960e-02 
 3.702153e+01 -4.727722e-02 
 3.702192e+01 -4.616084e-02 
 3.702232e+01 -4.501739e-02 
 3.702272e+01 -4.382952e-02 
 3.702312e+01 -4.256523e-02 
 3.702351e+01 -4.122092e-02 
 3.702391e+01 -3.983587e-02 
 3.702431e+01 -3.840121e-02 
 3.702471e+01 -3.691631e-02 
 3.702511e+01 -3.538571e-02 
 3.702550e+01 -3.378122e-02 
 3.702590e+01 -3.207693e-02 
 3.702630e+01 -3.026118e-02 
 3.702670e+01 -2.832791e-02 
 3.702709e+01 -2.625746e-02 
 3.702749e+01 -2.408605e-02 
 3.702789e+01 -2.187154e-02 
 3.702829e+01 -1.964053e-02 
 3.702868e+01 -1.739102e-02 
 3.702908e+01 -1.509938e-02 
 3.702948e+01 -1.277413e-02 
 3.702988e+01 -1.041025e-02 
 3.703028e+01 -8.038051e-03 
 3.703067e+01 -5.696650e-03 
 3.703107e+01 -3.383373e-03 
 3.703147e+01 -1.104378e-03 
 3.703187e+01  1.189875e-03 
 3.703226e+01  3.510956e-03 
 3.703266e+01  5.866701e-03 
 3.703306e+01  8.308792e-03 
 3.703346e+01  1.083168e-02 
 3.703385e+01  1.336883e-02 
 3.703425e+01  1.585968e-02 
 3.703465e+01  1.823353e-02 
 3.703505e+01  2.043981e-02 
 3.703545e+01  2.247734e-02 
 3.703584e+01  2.439749e-02 
 3.703624e+01  2.621472e-02 
 3.703664e+01  2.796098e-02 
 3.703704e+01  2.962138e-02 
 3.703743e+01  3.122335e-02 
 3.703783e+01  3.278753e-02 
 3.703823e+01  3.430271e-02 
 3.703863e+01  3.581117e-02 
 3.703902e+01  3.726967e-02 
 3.703942e+01  3.870563e-02 
 3.703982e+01  4.009507e-02 
 3.704022e+01  4.138565e-02 
 3.704062e+01  4.253807e-02 
 3.704101e+01  4.353550e-02 
 3.704141e+01  4.437421e-02 
 3.704181e+01  4.507330e-02 
 3.704221e+01  4.564508e-02 
 3.704260e+01  4.602787e-02 
 3.704300e+01  4.624765e-02 
 3.704340e+01  4.630461e-02 
 3.704380e+01  4.623451e-02 
 3.704419e+01  4.606383e-02 
 3.704459e+01  4.586897e-02 
 3.704499e+01  4.568671e-02 
 3.704539e+01  4.555863e-02 
 3.704579e+01  4.546432e-02 
 3.704618e+01  4.532415e-02 
 3.704658e+01  4.511917e-02 
 3.704698e+01  4.479467e-02 
 3.704738e+01  4.433655e-02 
 3.704777e+01  4.378206e-02 
 3.704817e+01  4.315479e-02 
 3.704857e+01  4.248499e-02 
 3.704897e+01  4.174742e-02 
 3.704936e+01  4.094844e-02 
 3.704976e+01  4.007539e-02 
 3.705016e+01  3.911165e-02 
 3.705056e+01  3.807387e-02 
 3.705096e+01  3.698403e-02 
 3.705135e+01  3.586786e-02 
 3.705175e+01  3.480528e-02 
 3.705215e+01  3.375325e-02 
 3.705255e+01  3.277648e-02 
 3.705294e+01  3.179345e-02 
 3.705334e+01  3.074956e-02 
 3.705374e+01  2.959050e-02 
 3.705414e+01  2.830598e-02 
 3.705453e+01  2.694339e-02 
 3.705493e+01  2.558407e-02 
 3.705533e+01  2.430271e-02 
 3.705573e+01  2.310976e-02 
 3.705613e+01  2.203197e-02 
 3.705652e+01  2.104004e-02 
 3.705692e+01  2.011934e-02 
 3.705732e+01  1.921498e-02 
 3.705772e+01  1.831816e-02 
 3.705811e+01  1.746971e-02 
 3.705851e+01  1.664793e-02 
 3.705891e+01  1.581348e-02 
 3.705931e+01  1.498843e-02 
 3.705970e+01  1.413967e-02 
 3.706010e+01  1.324552e-02 
 3.706050e+01  1.230851e-02 
 3.706090e+01  1.137753e-02 
 3.706130e+01  1.049400e-02 
 3.706169e+01  9.651450e-03 
 3.706209e+01  8.843313e-03 
 3.706249e+01  7.997883e-03 
 3.706289e+01  7.032992e-03 
 3.706328e+01  5.923923e-03 
 3.706368e+01  4.660459e-03 
 3.706408e+01  3.305456e-03 
 3.706448e+01  1.921677e-03 
 3.706487e+01  5.493942e-04 
 3.706527e+01 -7.606496e-04 
 3.706567e+01 -2.007998e-03 
 3.706607e+01 -3.216877e-03 
 3.706647e+01 -4.403066e-03 
 3.706686e+01 -5.605057e-03 
 3.706726e+01 -6.832453e-03 
 3.706766e+01 -8.003575e-03 
 3.706806e+01 -9.139495e-03 
 3.706845e+01 -1.025506e-02 
 3.706885e+01 -1.140112e-02 
 3.706925e+01 -1.263856e-02 
 3.706965e+01 -1.402120e-02 
 3.707004e+01 -1.557996e-02 
 3.707044e+01 -1.725345e-02 
 3.707084e+01 -1.897698e-02 
 3.707124e+01 -2.071736e-02 
 3.707164e+01 -2.242842e-02 
 3.707203e+01 -2.409091e-02 
 3.707243e+01 -2.568679e-02 
 3.707283e+01 -2.720594e-02 
 3.707323e+01 -2.865108e-02 
 3.707362e+01 -3.000090e-02 
 3.707402e+01 -3.126597e-02 
 3.707442e+01 -3.244353e-02 
 3.707482e+01 -3.352566e-02 
 3.707521e+01 -3.456452e-02 
 3.707561e+01 -3.557539e-02 
 3.707601e+01 -3.657374e-02 
 3.707641e+01 -3.759089e-02 
 3.707681e+01 -3.860220e-02 
 3.707720e+01 -3.956541e-02 
 3.707760e+01 -4.046309e-02 
 3.707800e+01 -4.129302e-02 
 3.707840e+01 -4.206161e-02 
 3.707879e+01 -4.279028e-02 
 3.707919e+01 -4.349012e-02 
 3.707959e+01 -4.419612e-02 
 3.707999e+01 -4.492310e-02 
 3.708038e+01 -4.566407e-02 
 3.708078e+01 -4.641721e-02 
 3.708118e+01 -4.721212e-02 
 3.708158e+01 -4.801352e-02 
 3.708198e+01 -4.885857e-02 
 3.708237e+01 -4.979041e-02 
 3.708277e+01 -5.079070e-02 
 3.708317e+01 -5.179421e-02 
 3.708357e+01 -5.274947e-02 
 3.708396e+01 -5.358513e-02 
 3.708436e+01 -5.424386e-02 
 3.708476e+01 -5.473543e-02 
 3.708516e+01 -5.510678e-02 
 3.708555e+01 -5.539781e-02 
 3.708595e+01 -5.568260e-02 
 3.708635e+01 -5.599146e-02 
 3.708675e+01 -5.637735e-02 
 3.708715e+01 -5.681798e-02 
 3.708754e+01 -5.729206e-02 
 3.708794e+01 -5.780455e-02 
 3.708834e+01 -5.838518e-02 
 3.708874e+01 -5.904534e-02 
 3.708913e+01 -5.979446e-02 
 3.708953e+01 -6.060341e-02 
 3.708993e+01 -6.144526e-02 
 3.709033e+01 -6.230310e-02 
 3.709072e+01 -6.318156e-02 
 3.709112e+01 -6.408330e-02 
 3.709152e+01 -6.502405e-02 
 3.709192e+01 -6.603758e-02 
 3.709232e+01 -6.711789e-02 
 3.709271e+01 -6.823304e-02 
 3.709311e+01 -6.931539e-02 
 3.709351e+01 -7.033223e-02 
 3.709391e+01 -7.125810e-02 
 3.709430e+01 -7.209662e-02 
 3.709470e+01 -7.290825e-02 
 3.709510e+01 -7.373893e-02 
 3.709550e+01 -7.461086e-02 
 3.709589e+01 -7.550694e-02 
 3.709629e+01 -7.640311e-02 
 3.709669e+01 -7.728311e-02 
 3.709709e+01 -7.815607e-02 
 3.709749e+01 -7.906020e-02 
 3.709788e+01 -8.001880e-02 
 3.709828e+01 -8.107401e-02 
 3.709868e+01 -8.226174e-02 
 3.709908e+01 -8.357342e-02 
 3.709947e+01 -8.493538e-02 
 3.709987e+01 -8.629130e-02 
 3.710027e+01 -8.756745e-02 
 3.710067e+01 -8.871418e-02 
 3.710106e+01 -8.973438e-02 
 3.710146e+01 -9.068996e-02 
 3.710186e+01 -9.157446e-02 
 3.710226e+01 -9.238316e-02 
 3.710266e+01 -9.310729e-02 
 3.710305e+01 -9.371568e-02 
 3.710345e+01 -9.420206e-02 
 3.710385e+01 -9.453696e-02 
 3.710425e+01 -9.473217e-02 
 3.710464e+01 -9.484264e-02 
 3.710504e+01 -9.489130e-02 
 3.710544e+01 -9.492159e-02 
 3.710584e+01 -9.492800e-02 
 3.710623e+01 -9.489644e-02 
 3.710663e+01 -9.475289e-02 
 3.710703e+01 -9.451547e-02 
 3.710743e+01 -9.415090e-02 
 3.710783e+01 -9.369409e-02 
 3.710822e+01 -9.321263e-02 
 3.710862e+01 -9.273444e-02 
 3.710902e+01 -9.226043e-02 
 3.710942e+01 -9.177944e-02 
 3.710981e+01 -9.127518e-02 
 3.711021e+01 -9.071125e-02 
 3.711061e+01 -9.007612e-02 
 3.711101e+01 -8.939080e-02 
 3.711140e+01 -8.865900e-02 
 3.711180e+01 -8.787139e-02 
 3.711220e+01 -8.701231e-02 
 3.711260e+01 -8.604709e-02 
 3.711300e+01 -8.495748e-02 
 3.711339e+01 -8.370524e-02 
 3.711379e+01 -8.234478e-02 
 3.711419e+01 -8.089572e-02 
 3.711459e+01 -7.939030e-02 
 3.711498e+01 -7.791260e-02 
 3.711538e+01 -7.647523e-02 
 3.711578e+01 -7.506310e-02 
 3.711618e+01 -7.364466e-02 
 3.711658e+01 -7.216976e-02 
 3.711697e+01 -7.061018e-02 
 3.711737e+01 -6.897854e-02 
 3.711777e+01 -6.729523e-02 
 3.711817e+01 -6.560237e-02 
 3.711856e+01 -6.388785e-02 
 3.711896e+01 -6.213067e-02 
 3.711936e+01 -6.034280e-02 
 3.711976e+01 -5.854213e-02 
 3.712015e+01 -5.675078e-02 
 3.712055e+01 -5.496043e-02 
 3.712095e+01 -5.318730e-02 
 3.712135e+01 -5.140975e-02 
 3.712175e+01 -4.957995e-02 
 3.712214e+01 -4.767585e-02 
 3.712254e+01 -4.565663e-02 
 3.712294e+01 -4.351884e-02 
 3.712334e+01 -4.129456e-02 
 3.712373e+01 -3.902978e-02 
 3.712413e+01 -3.679907e-02 
 3.712453e+01 -3.463356e-02 
 3.712493e+01 -3.252915e-02 
 3.712532e+01 -3.046760e-02 
 3.712572e+01 -2.843850e-02 
 3.712612e+01 -2.643531e-02 
 3.712652e+01 -2.447171e-02 
 3.712692e+01 -2.255461e-02 
 3.712731e+01 -2.069926e-02 
 3.712771e+01 -1.887958e-02 
 3.712811e+01 -1.706858e-02 
 3.712851e+01 -1.527287e-02 
 3.712890e+01 -1.344970e-02 
 3.712930e+01 -1.160946e-02 
 3.712970e+01 -9.749421e-03 
 3.713010e+01 -7.902475e-03 
 3.713049e+01 -6.112999e-03 
 3.713089e+01 -4.403161e-03 
 3.713129e+01 -2.784737e-03 
 3.713169e+01 -1.241371e-03 
 3.713209e+01  2.508616e-04 
 3.713248e+01  1.712991e-03 
 3.713288e+01  3.155121e-03 
 3.713328e+01  4.579450e-03 
 3.713368e+01  5.989099e-03 
 3.713407e+01  7.383801e-03 
 3.713447e+01  8.765433e-03 
 3.713487e+01  1.016114e-02 
 3.713527e+01  1.160788e-02 
 3.713566e+01  1.315102e-02 
 3.713606e+01  1.477804e-02 
 3.713646e+01  1.643513e-02 
 3.713686e+01  1.807509e-02 
 3.713726e+01  1.964232e-02 
 3.713765e+01  2.108726e-02 
 3.713805e+01  2.239349e-02 
 3.713845e+01  2.357729e-02 
 3.713885e+01  2.465401e-02 
 3.713924e+01  2.565637e-02 
 3.713964e+01  2.657246e-02 
 3.714004e+01  2.745640e-02 
 3.714044e+01  2.832055e-02 
 3.714083e+01  2.916853e-02 
 3.714123e+01  3.004338e-02 
 3.714163e+01  3.098633e-02 
 3.714203e+01  3.198522e-02 
 3.714243e+01  3.299840e-02 
 3.714282e+01  3.398389e-02 
 3.714322e+01  3.485688e-02 
 3.714362e+01  3.558120e-02 
 3.714402e+01  3.617120e-02 
 3.714441e+01  3.664668e-02 
 3.714481e+01  3.703334e-02 
 3.714521e+01  3.734386e-02 
 3.714561e+01  3.763238e-02 
 3.714600e+01  3.789482e-02 
 3.714640e+01  3.811814e-02 
 3.714680e+01  3.825773e-02 
 3.714720e+01  3.828869e-02 
 3.714760e+01  3.820536e-02 
 3.714799e+01  3.800854e-02 
 3.714839e+01  3.777329e-02 
 3.714879e+01  3.751441e-02 
 3.714919e+01  3.718701e-02 
 3.714958e+01  3.679471e-02 
 3.714998e+01  3.632686e-02 
 3.715038e+01  3.579676e-02 
 3.715078e+01  3.516692e-02 
 3.715117e+01  3.446689e-02 
 3.715157e+01  3.378779e-02 
 3.715197e+01  3.303178e-02 
 3.715237e+01  3.223058e-02 
 3.715277e+01  3.138439e-02 
 3.715316e+01  3.049988e-02 
 3.715356e+01  2.954481e-02 
 3.715396e+01  2.854985e-02 
 3.715436e+01  2.754857e-02 
 3.715475e+01  2.653224e-02 
 3.715515e+01  2.554089e-02 
 3.715555e+01  2.458230e-02 
 3.715595e+01  2.367617e-02 
 3.715634e+01  2.276697e-02 
 3.715674e+01  2.183951e-02 
 3.715714e+01  2.082421e-02 
 3.715754e+01  1.972486e-02 
 3.715794e+01  1.855366e-02 
 3.715833e+01  1.731455e-02 
 3.715873e+01  1.603634e-02 
 3.715913e+01  1.471831e-02 
 3.715953e+01  1.334153e-02 
 3.715992e+01  1.192752e-02 
 3.716032e+01  1.051327e-02 
 3.716072e+01  9.136076e-03 
 3.716112e+01  7.808920e-03 
 3.716151e+01  6.554007e-03 
 3.716191e+01  5.402023e-03 
 3.716231e+01  4.371975e-03 
 3.716271e+01  3.434201e-03 
 3.716311e+01  2.563839e-03 
 3.716350e+01  1.759372e-03 
 3.716390e+01  1.014653e-03 
 3.716430e+01  3.209335e-04 
 3.716470e+01 -2.875561e-04 
 3.716509e+01 -8.596048e-04 
 3.716549e+01 -1.475541e-03 
 3.716589e+01 -2.160874e-03 
 3.716629e+01 -2.923530e-03 
 3.716668e+01 -3.728537e-03 
 3.716708e+01 -4.561013e-03 
 3.716748e+01 -5.354630e-03 
 3.716788e+01 -6.023391e-03 
 3.716828e+01 -6.543199e-03 
 3.716867e+01 -6.917884e-03 
 3.716907e+01 -7.147385e-03 
 3.716947e+01 -7.299648e-03 
 3.716987e+01 -7.462695e-03 
 3.717026e+01 -7.636442e-03 
 3.717066e+01 -7.793070e-03 
 3.717106e+01 -7.943023e-03 
 3.717146e+01 -8.097846e-03 
 3.717185e+01 -8.275780e-03 
 3.717225e+01 -8.513533e-03 
 3.717265e+01 -8.818993e-03 
 3.717305e+01 -9.136972e-03 
 3.717345e+01 -9.438297e-03 
 3.717384e+01 -9.678841e-03 
 3.717424e+01 -9.869437e-03 
 3.717464e+01 -1.006857e-02 
 3.717504e+01 -1.029021e-02 
 3.717543e+01 -1.062033e-02 
 3.717583e+01 -1.109810e-02 
 3.717623e+01 -1.175045e-02 
 3.717663e+01 -1.253446e-02 
 3.717702e+01 -1.344357e-02 
 3.717742e+01 -1.447089e-02 
 3.717782e+01 -1.557594e-02 
 3.717822e+01 -1.677455e-02 
 3.717862e+01 -1.807841e-02 
 3.717901e+01 -1.943701e-02 
 3.717941e+01 -2.083823e-02 
 3.717981e+01 -2.223039e-02 
 3.718021e+01 -2.361440e-02 
 3.718060e+01 -2.496599e-02 
 3.718100e+01 -2.628154e-02 
 3.718140e+01 -2.758995e-02 
 3.718180e+01 -2.891940e-02 
 3.718219e+01 -3.030534e-02 
 3.718259e+01 -3.173316e-02 
 3.718299e+01 -3.320101e-02 
 3.718339e+01 -3.473920e-02 
 3.718379e+01 -3.634526e-02 
 3.718418e+01 -3.800251e-02 
 3.718458e+01 -3.973280e-02 
 3.718498e+01 -4.153081e-02 
 3.718538e+01 -4.341897e-02 
 3.718577e+01 -4.537850e-02 
 3.718617e+01 -4.741741e-02 
 3.718657e+01 -4.948609e-02 
 3.718697e+01 -5.150655e-02 
 3.718736e+01 -5.346385e-02 
 3.718776e+01 -5.535835e-02 
 3.718816e+01 -5.718189e-02 
 3.718856e+01 -5.893079e-02 
 3.718896e+01 -6.064921e-02 
 3.718935e+01 -6.231125e-02 
 3.718975e+01 -6.392542e-02 
 3.719015e+01 -6.547383e-02 
 3.719055e+01 -6.695468e-02 
 3.719094e+01 -6.837434e-02 
 3.719134e+01 -6.970835e-02 
 3.719174e+01 -7.100102e-02 
 3.719214e+01 -7.225498e-02 
 3.719253e+01 -7.352368e-02 
 3.719293e+01 -7.477433e-02 
 3.719333e+01 -7.602555e-02 
 3.719373e+01 -7.728002e-02 
 3.719413e+01 -7.850057e-02 
 3.719452e+01 -7.975992e-02 
 3.719492e+01 -8.107691e-02 
 3.719532e+01 -8.245592e-02 
 3.719572e+01 -8.383845e-02 
 3.719611e+01 -8.519972e-02 
 3.719651e+01 -8.646998e-02 
 3.719691e+01 -8.762034e-02 
 3.719731e+01 -8.865378e-02 
 3.719770e+01 -8.955230e-02 
 3.719810e+01 -9.033457e-02 
 3.719850e+01 -9.106384e-02 
 3.719890e+01 -9.170693e-02 
 3.719930e+01 -9.227530e-02 
 3.719969e+01 -9.275611e-02 
 3.720009e+01 -9.315051e-02 
 3.720049e+01 -9.350355e-02 
 3.720089e+01 -9.384011e-02 
 3.720128e+01 -9.417423e-02 
 3.720168e+01 -9.451047e-02 
 3.720208e+01 -9.483736e-02 
 3.720248e+01 -9.510652e-02 
 3.720287e+01 -9.530445e-02 
 3.720327e+01 -9.543621e-02 
 3.720367e+01 -9.555955e-02 
 3.720407e+01 -9.570921e-02 
 3.720447e+01 -9.592339e-02 
 3.720486e+01 -9.620107e-02 
 3.720526e+01 -9.653254e-02 
 3.720566e+01 -9.689223e-02 
 3.720606e+01 -9.719655e-02 
 3.720645e+01 -9.745063e-02 
 3.720685e+01 -9.763680e-02 
 3.720725e+01 -9.779092e-02 
 3.720765e+01 -9.788223e-02 
 3.720805e+01 -9.788871e-02 
 3.720844e+01 -9.780555e-02 
 3.720884e+01 -9.763934e-02 
 3.720924e+01 -9.740594e-02 
 3.720964e+01 -9.713679e-02 
 3.721003e+01 -9.684277e-02 
 3.721043e+01 -9.652150e-02 
 3.721083e+01 -9.616900e-02 
 3.721123e+01 -9.576334e-02 
 3.721162e+01 -9.527282e-02 
 3.721202e+01 -9.467609e-02 
 3.721242e+01 -9.396716e-02 
 3.721282e+01 -9.314726e-02 
 3.721322e+01 -9.230808e-02 
 3.721361e+01 -9.147665e-02 
 3.721401e+01 -9.064704e-02 
 3.721441e+01 -8.979655e-02 
 3.721481e+01 -8.889535e-02 
 3.721520e+01 -8.791329e-02 
 3.721560e+01 -8.684844e-02 
 3.721600e+01 -8.568493e-02 
 3.721640e+01 -8.438622e-02 
 3.721679e+01 -8.293424e-02 
 3.721719e+01 -8.134948e-02 
 3.721759e+01 -7.964530e-02 
 3.721799e+01 -7.783226e-02 
 3.721839e+01 -7.595527e-02 
 3.721878e+01 -7.399594e-02 
 3.721918e+01 -7.195122e-02 
 3.721958e+01 -6.980712e-02 
 3.721998e+01 -6.758691e-02 
 3.722037e+01 -6.532137e-02 
 3.722077e+01 -6.305551e-02 
 3.722117e+01 -6.079431e-02 
 3.722157e+01 -5.852805e-02 
 3.722196e+01 -5.627398e-02 
 3.722236e+01 -5.402462e-02 
 3.722276e+01 -5.175734e-02 
 3.722316e+01 -4.949016e-02 
 3.722356e+01 -4.725619e-02 
 3.722395e+01 -4.505505e-02 
 3.722435e+01 -4.285525e-02 
 3.722475e+01 -4.062744e-02 
 3.722515e+01 -3.834090e-02 
 3.722554e+01 -3.597272e-02 
 3.722594e+01 -3.355396e-02 
 3.722634e+01 -3.113459e-02 
 3.722674e+01 -2.879836e-02 
 3.722713e+01 -2.659185e-02 
 3.722753e+01 -2.454017e-02 
 3.722793e+01 -2.259585e-02 
 3.722833e+01 -2.069712e-02 
 3.722873e+01 -1.879393e-02 
 3.722912e+01 -1.685937e-02 
 3.722952e+01 -1.494828e-02 
 3.722992e+01 -1.307809e-02 
 3.723032e+01 -1.123276e-02 
 3.723071e+01 -9.381118e-03 
 3.723111e+01 -7.483159e-03 
 3.723151e+01 -5.554240e-03 
 3.723191e+01 -3.641918e-03 
 3.723230e+01 -1.809778e-03 
 3.723270e+01 -1.205411e-04 
 3.723310e+01  1.396882e-03 
 3.723350e+01  2.731887e-03 
 3.723390e+01  3.874375e-03 
 3.723429e+01  4.891663e-03 
 3.723469e+01  5.776049e-03 
 3.723509e+01  6.559318e-03 
 3.723549e+01  7.270783e-03 
 3.723588e+01  7.934562e-03 
 3.723628e+01  8.583094e-03 
 3.723668e+01  9.209400e-03 
 3.723708e+01  9.817429e-03 
 3.723747e+01  1.041868e-02 
 3.723787e+01  1.094923e-02 
 3.723827e+01  1.141559e-02 
 3.723867e+01  1.178859e-02 
 3.723907e+01  1.209712e-02 
 3.723946e+01  1.238234e-02 
 3.723986e+01  1.265127e-02 
 3.724026e+01  1.289816e-02 
 3.724066e+01  1.311249e-02 
 3.724105e+01  1.328128e-02 
 3.724145e+01  1.339569e-02 
 3.724185e+01  1.346175e-02 
 3.724225e+01  1.345952e-02 
 3.724264e+01  1.338808e-02 
 3.724304e+01  1.329813e-02 
 3.724344e+01  1.322632e-02 
 3.724384e+01  1.320066e-02 
 3.724424e+01  1.324550e-02 
 3.724463e+01  1.334936e-02 
 3.724503e+01  1.350652e-02 
 3.724543e+01  1.367971e-02 
 3.724583e+01  1.380263e-02 
 3.724622e+01  1.385354e-02 
 3.724662e+01  1.383874e-02 
 3.724702e+01  1.378141e-02 
 3.724742e+01  1.373274e-02 
 3.724781e+01  1.378600e-02 
 3.724821e+01  1.394005e-02 
 3.724861e+01  1.421059e-02 
 3.724901e+01  1.459204e-02 
 3.724941e+01  1.502820e-02 
 3.724980e+01  1.549333e-02 
 3.725020e+01  1.598040e-02 
 3.725060e+01  1.646676e-02 
 3.725100e+01  1.696507e-02 
 3.725139e+01  1.746563e-02 
 3.725179e+01  1.794037e-02 
 3.725219e+01  1.838052e-02 
 3.725259e+01  1.876053e-02 
 3.725298e+01  1.907473e-02 
 3.725338e+01  1.932525e-02 
 3.725378e+01  1.955692e-02 
 3.725418e+01  1.977883e-02 
 3.725458e+01  2.002151e-02 
 3.725497e+01  2.024159e-02 
 3.725537e+01  2.038834e-02 
 3.725577e+01  2.046356e-02 
 3.725617e+01  2.046818e-02 
 3.725656e+01  2.045926e-02 
 3.725696e+01  2.046628e-02 
 3.725736e+01  2.054112e-02 
 3.725776e+01  2.069795e-02 
 3.725815e+01  2.094698e-02 
 3.725855e+01  2.121202e-02 
 3.725895e+01  2.144119e-02 
 3.725935e+01  2.161390e-02 
 3.725975e+01  2.175667e-02 
 3.726014e+01  2.187467e-02 
 3.726054e+01  2.196149e-02 
 3.726094e+01  2.200864e-02 
 3.726134e+01  2.196410e-02 
 3.726173e+01  2.178256e-02 
 3.726213e+01  2.148214e-02 
 3.726253e+01  2.111378e-02 
 3.726293e+01  2.073822e-02 
 3.726332e+01  2.037865e-02 
 3.726372e+01  2.004899e-02 
 3.726412e+01  1.973898e-02 
 3.726452e+01  1.941686e-02 
 3.726492e+01  1.903330e-02 
 3.726531e+01  1.859213e-02 
 3.726571e+01  1.808902e-02 
 3.726611e+01  1.752819e-02 
 3.726651e+01  1.689562e-02 
 3.726690e+01  1.623583e-02 
 3.726730e+01  1.555285e-02 
 3.726770e+01  1.486598e-02 
 3.726810e+01  1.416465e-02 
 3.726849e+01  1.347377e-02 
 3.726889e+01  1.281816e-02 
 3.726929e+01  1.216763e-02 
 3.726969e+01  1.148912e-02 
 3.727009e+01  1.072914e-02 
 3.727048e+01  9.875511e-03 
 3.727088e+01  8.942626e-03 
 3.727128e+01  7.920808e-03 
 3.727168e+01  6.787137e-03 
 3.727207e+01  5.611079e-03 
 3.727247e+01  4.397525e-03 
 3.727287e+01  3.183612e-03 
 3.727327e+01  1.962889e-03 
 3.727366e+01  7.575848e-04 
 3.727406e+01 -4.399102e-04 
 3.727446e+01 -1.618743e-03 
 3.727486e+01 -2.790746e-03 
 3.727526e+01 -3.986938e-03 
 3.727565e+01 -5.179093e-03 
 3.727605e+01 -6.312760e-03 
 3.727645e+01 -7.358128e-03 
 3.727685e+01 -8.259593e-03 
 3.727724e+01 -9.035271e-03 
 3.727764e+01 -9.735678e-03 
 3.727804e+01 -1.041902e-02 
 3.727844e+01 -1.111167e-02 
 3.727883e+01 -1.184959e-02 
 3.727923e+01 -1.264488e-02 
 3.727963e+01 -1.349316e-02 
 3.728003e+01 -1.437366e-02 
 3.728043e+01 -1.526090e-02 
 3.728082e+01 -1.619728e-02 
 3.728122e+01 -1.721283e-02 
 3.728162e+01 -1.832568e-02 
 3.728202e+01 -1.950938e-02 
 3.728241e+01 -2.071116e-02 
 3.728281e+01 -2.187901e-02 
 3.728321e+01 -2.298177e-02 
 3.728361e+01 -2.405440e-02 
 3.728400e+01 -2.518619e-02 
 3.728440e+01 -2.639668e-02 
 3.728480e+01 -2.767064e-02 
 3.728520e+01 -2.897961e-02 
 3.728560e+01 -3.028002e-02 
 3.728599e+01 -3.154696e-02 
 3.728639e+01 -3.276829e-02 
 3.728679e+01 -3.394254e-02 
 3.728719e+01 -3.505740e-02 
 3.728758e+01 -3.616634e-02 
 3.728798e+01 -3.731433e-02 
 3.728838e+01 -3.854354e-02 
 3.728878e+01 -3.981755e-02 
 3.728917e+01 -4.115289e-02 
 3.728957e+01 -4.259205e-02 
 3.728997e+01 -4.419300e-02 
 3.729037e+01 -4.597298e-02 
 3.729077e+01 -4.787316e-02 
 3.729116e+01 -4.981114e-02 
 3.729156e+01 -5.171494e-02 
 3.729196e+01 -5.355914e-02 
 3.729236e+01 -5.532686e-02 
 3.729275e+01 -5.702384e-02 
 3.729315e+01 -5.864791e-02 
 3.729355e+01 -6.021662e-02 
 3.729395e+01 -6.178465e-02 
 3.729434e+01 -6.334253e-02 
 3.729474e+01 -6.489024e-02 
 3.729514e+01 -6.642971e-02 
 3.729554e+01 -6.789174e-02 
 3.729594e+01 -6.931914e-02 
 3.729633e+01 -7.069740e-02 
 3.729673e+01 -7.203951e-02 
 3.729713e+01 -7.334681e-02 
 3.729753e+01 -7.464940e-02 
 3.729792e+01 -7.597989e-02 
 3.729832e+01 -7.732772e-02 
 3.729872e+01 -7.869428e-02 
 3.729912e+01 -8.006608e-02 
 3.729952e+01 -8.142429e-02 
 3.729991e+01 -8.274985e-02 
 3.730031e+01 -8.406612e-02 
 3.730071e+01 -8.538536e-02 
 3.730111e+01 -8.670100e-02 
 3.730150e+01 -8.799461e-02 
 3.730190e+01 -8.922719e-02 
 3.730230e+01 -9.036129e-02 
 3.730270e+01 -9.139885e-02 
 3.730309e+01 -9.233412e-02 
 3.730349e+01 -9.319046e-02 
 3.730389e+01 -9.397651e-02 
 3.730429e+01 -9.469235e-02 
 3.730469e+01 -9.532946e-02 
 3.730508e+01 -9.583742e-02 
 3.730548e+01 -9.613766e-02 
 3.730588e+01 -9.622705e-02 
 3.730628e+01 -9.609793e-02 
 3.730667e+01 -9.582615e-02 
 3.730707e+01 -9.547685e-02 
 3.730747e+01 -9.509824e-02 
 3.730787e+01 -9.473319e-02 
 3.730826e+01 -9.434628e-02 
 3.730866e+01 -9.391908e-02 
 3.730906e+01 -9.344804e-02 
 3.730946e+01 -9.293830e-02 
 3.730986e+01 -9.237978e-02 
 3.731025e+01 -9.181148e-02 
 3.731065e+01 -9.120892e-02 
 3.731105e+01 -9.054559e-02 
 3.731145e+01 -8.980214e-02 
 3.731184e+01 -8.897149e-02 
 3.731224e+01 -8.804177e-02 
 3.731264e+01 -8.703117e-02 
 3.731304e+01 -8.596888e-02 
 3.731343e+01 -8.485213e-02 
 3.731383e+01 -8.371080e-02 
 3.731423e+01 -8.252449e-02 
 3.731463e+01 -8.123925e-02 
 3.731503e+01 -7.985797e-02 
 3.731542e+01 -7.841082e-02 
 3.731582e+01 -7.694950e-02 
 3.731622e+01 -7.556856e-02 
 3.731662e+01 -7.427844e-02 
 3.731701e+01 -7.306438e-02 
 3.731741e+01 -7.192193e-02 
 3.731781e+01 -7.080963e-02 
 3.731821e+01 -6.969816e-02 
 3.731860e+01 -6.857631e-02 
 3.731900e+01 -6.748189e-02 
 3.731940e+01 -6.642055e-02 
 3.731980e+01 -6.539808e-02 
 3.732020e+01 -6.440224e-02 
 3.732059e+01 -6.341148e-02 
 3.732099e+01 -6.243963e-02 
 3.732139e+01 -6.146503e-02 
 3.732179e+01 -6.047952e-02 
 3.732218e+01 -5.947080e-02 
 3.732258e+01 -5.846932e-02 
 3.732298e+01 -5.750167e-02 
 3.732338e+01 -5.657940e-02 
 3.732377e+01 -5.571877e-02 
 3.732417e+01 -5.485316e-02 
 3.732457e+01 -5.390571e-02 
 3.732497e+01 -5.286828e-02 
 3.732537e+01 -5.169173e-02 
 3.732576e+01 -5.042642e-02 
 3.732616e+01 -4.908726e-02 
 3.732656e+01 -4.769594e-02 
 3.732696e+01 -4.631009e-02 
 3.732735e+01 -4.493423e-02 
 3.732775e+01 -4.359901e-02 
 3.732815e+01 -4.228326e-02 
 3.732855e+01 -4.094858e-02 
 3.732894e+01 -3.961759e-02 
 3.732934e+01 -3.831375e-02 
 3.732974e+01 -3.708197e-02 
 3.733014e+01 -3.590458e-02 
 3.733054e+01 -3.477603e-02 
 3.733093e+01 -3.361745e-02 
 3.733133e+01 -3.242197e-02 
 3.733173e+01 -3.121688e-02 
 3.733213e+01 -3.002171e-02 
 3.733252e+01 -2.884674e-02 
 3.733292e+01 -2.764851e-02 
 3.733332e+01 -2.639740e-02 
 3.733372e+01 -2.510579e-02 
 3.733411e+01 -2.375436e-02 
 3.733451e+01 -2.232283e-02 
 3.733491e+01 -2.080941e-02 
 3.733531e+01 -1.926618e-02 
 3.733571e+01 -1.773944e-02 
 3.733610e+01 -1.627965e-02 
 3.733650e+01 -1.490309e-02 
 3.733690e+01 -1.355620e-02 
 3.733730e+01 -1.219976e-02 
 3.733769e+01 -1.083072e-02 
 3.733809e+01 -9.435044e-03 
 3.733849e+01 -8.015575e-03 
 3.733889e+01 -6.585482e-03 
 3.733928e+01 -5.169091e-03 
 3.733968e+01 -3.799291e-03 
 3.734008e+01 -2.500681e-03 
 3.734048e+01 -1.270465e-03 
 3.734088e+01 -8.396929e-05 
 3.734127e+01  1.018736e-03 
 3.734167e+01  2.044516e-03 
 3.734207e+01  2.975759e-03 
 3.734247e+01  3.832989e-03 
 3.734286e+01  4.648915e-03 
 3.734326e+01  5.490673e-03 
 3.734366e+01  6.357294e-03 
 3.734406e+01  7.257735e-03 
 3.734445e+01  8.162999e-03 
 3.734485e+01  9.049910e-03 
 3.734525e+01  9.886287e-03 
 3.734565e+01  1.063171e-02 
 3.734605e+01  1.129413e-02 
 3.734644e+01  1.187708e-02 
 3.734684e+01  1.239606e-02 
 3.734724e+01  1.285862e-02 
 3.734764e+01  1.327223e-02 
 3.734803e+01  1.363154e-02 
 3.734843e+01  1.391346e-02 
 3.734883e+01  1.407319e-02 
 3.734923e+01  1.411287e-02 
 3.734962e+01  1.404735e-02 
 3.735002e+01  1.392135e-02 
 3.735042e+01  1.372290e-02 
 3.735082e+01  1.349221e-02 
 3.735122e+01  1.322601e-02 
 3.735161e+01  1.291870e-02 
 3.735201e+01  1.260765e-02 
 3.735241e+01  1.231868e-02 
 3.735281e+01  1.206018e-02 
 3.735320e+01  1.189204e-02 
 3.735360e+01  1.183251e-02 
 3.735400e+01  1.190820e-02 
 3.735440e+01  1.209943e-02 
 3.735479e+01  1.237787e-02 
 3.735519e+01  1.270200e-02 
 3.735559e+01  1.302248e-02 
 3.735599e+01  1.331796e-02 
 3.735639e+01  1.358638e-02 
 3.735678e+01  1.387425e-02 
 3.735718e+01  1.419882e-02 
 3.735758e+01  1.456480e-02 
 3.735798e+01  1.497945e-02 
 3.735837e+01  1.544483e-02 
 3.735877e+01  1.592316e-02 
 3.735917e+01  1.638034e-02 
 3.735957e+01  1.681035e-02 
 3.735996e+01  1.718388e-02 
 3.736036e+01  1.751293e-02 
 3.736076e+01  1.782863e-02 
 3.736116e+01  1.815171e-02 
 3.736156e+01  1.848056e-02 
 3.736195e+01  1.883250e-02 
 3.736235e+01  1.922647e-02 
 3.736275e+01  1.969921e-02 
 3.736315e+01  2.025922e-02 
 3.736354e+01  2.087462e-02 
 3.736394e+01  2.148072e-02 
 3.736434e+01  2.203843e-02 
 3.736474e+01  2.249664e-02 
 3.736513e+01  2.282241e-02 
 3.736553e+01  2.304386e-02 
 3.736593e+01  2.322556e-02 
 3.736633e+01  2.340304e-02 
 3.736673e+01  2.357920e-02 
 3.736712e+01  2.375823e-02 
 3.736752e+01  2.390308e-02 
 3.736792e+01  2.398841e-02 
 3.736832e+01  2.396341e-02 
 3.736871e+01  2.381438e-02 
 3.736911e+01  2.350857e-02 
 3.736951e+01  2.312109e-02 
 3.736991e+01  2.266111e-02 
 3.737030e+01  2.215056e-02 
 3.737070e+01  2.158197e-02 
 3.737110e+01  2.097244e-02 
 3.737150e+01  2.031190e-02 
 3.737190e+01  1.963728e-02 
 3.737229e+01  1.897749e-02 
 3.737269e+01  1.834178e-02 
 3.737309e+01  1.770722e-02 
 3.737349e+01  1.704607e-02 
 3.737388e+01  1.632631e-02 
 3.737428e+01  1.557334e-02 
 3.737468e+01  1.477415e-02 
 3.737508e+01  1.388936e-02 
 3.737547e+01  1.289924e-02 
 3.737587e+01  1.183434e-02 
 3.737627e+01  1.071174e-02 
 3.737667e+01  9.567496e-03 
 3.737707e+01  8.391564e-03 
 3.737746e+01  7.126120e-03 
 3.737786e+01  5.698047e-03 
 3.737826e+01  4.110945e-03 
 3.737866e+01  2.389442e-03 
 3.737905e+01  5.958693e-04 
 3.737945e+01 -1.237084e-03 
 3.737985e+01 -3.098740e-03 
 3.738025e+01 -4.948145e-03 
 3.738064e+01 -6.740460e-03 
 3.738104e+01 -8.457776e-03 
 3.738144e+01 -1.009424e-02 
 3.738184e+01 -1.166654e-02 
 3.738224e+01 -1.315545e-02 
 3.738263e+01 -1.455394e-02 
 3.738303e+01 -1.587711e-02 
 3.738343e+01 -1.717730e-02 
 3.738383e+01 -1.852445e-02 
 3.738422e+01 -1.994261e-02 
 3.738462e+01 -2.143544e-02 
 3.738502e+01 -2.299381e-02 
 3.738542e+01 -2.457354e-02 
 3.738581e+01 -2.614670e-02 
 3.738621e+01 -2.764984e-02 
 3.738661e+01 -2.908379e-02 
 3.738701e+01 -3.043423e-02 
 3.738741e+01 -3.174606e-02 
 3.738780e+01 -3.306203e-02 
 3.738820e+01 -3.440332e-02 
 3.738860e+01 -3.576556e-02 
 3.738900e+01 -3.712247e-02 
 3.738939e+01 -3.844311e-02 
 3.738979e+01 -3.972667e-02 
 3.739019e+01 -4.097998e-02 
 3.739059e+01 -4.219751e-02 
 3.739099e+01 -4.338617e-02 
 3.739138e+01 -4.454628e-02 
 3.739178e+01 -4.570328e-02 
 3.739218e+01 -4.682208e-02 
 3.739258e+01 -4.794974e-02 
 3.739297e+01 -4.909854e-02 
 3.739337e+01 -5.030026e-02 
 3.739377e+01 -5.156972e-02 
 3.739417e+01 -5.290187e-02 
 3.739456e+01 -5.424982e-02 
 3.739496e+01 -5.558514e-02 
 3.739536e+01 -5.686818e-02 
 3.739576e+01 -5.811369e-02 
 3.739616e+01 -5.939653e-02 
 3.739655e+01 -6.076527e-02 
 3.739695e+01 -6.225525e-02 
 3.739735e+01 -6.385232e-02 
 3.739775e+01 -6.553103e-02 
 3.739814e+01 -6.725652e-02 
 3.739854e+01 -6.897373e-02 
 3.739894e+01 -7.064735e-02 
 3.739934e+01 -7.221202e-02 
 3.739973e+01 -7.367628e-02 
 3.740013e+01 -7.503293e-02 
 3.740053e+01 -7.629028e-02 
 3.740093e+01 -7.746181e-02 
 3.740133e+01 -7.856721e-02 
 3.740172e+01 -7.962790e-02 
 3.740212e+01 -8.063077e-02 
 3.740252e+01 -8.156868e-02 
 3.740292e+01 -8.247882e-02 
 3.740331e+01 -8.337880e-02 
 3.740371e+01 -8.429323e-02 
 3.740411e+01 -8.523020e-02 
 3.740451e+01 -8.616614e-02 
 3.740490e+01 -8.705088e-02 
 3.740530e+01 -8.787091e-02 
 3.740570e+01 -8.861639e-02 
 3.740610e+01 -8.929136e-02 
 3.740650e+01 -8.989344e-02 
 3.740689e+01 -9.040675e-02 
 3.740729e+01 -9.085531e-02 
 3.740769e+01 -9.123906e-02 
 3.740809e+01 -9.158477e-02 
 3.740848e+01 -9.185358e-02 
 3.740888e+01 -9.202153e-02 
 3.740928e+01 -9.210106e-02 
 3.740968e+01 -9.207103e-02 
 3.741007e+01 -9.196808e-02 
 3.741047e+01 -9.181764e-02 
 3.741087e+01 -9.163363e-02 
 3.741127e+01 -9.140545e-02 
 3.741167e+01 -9.112147e-02 
 3.741206e+01 -9.077866e-02 
 3.741246e+01 -9.038225e-02 
 3.741286e+01 -8.994451e-02 
 3.741326e+01 -8.947983e-02 
 3.741365e+01 -8.894651e-02 
 3.741405e+01 -8.832761e-02 
 3.741445e+01 -8.759841e-02 
 3.741485e+01 -8.676114e-02 
 3.741524e+01 -8.581253e-02 
 3.741564e+01 -8.478031e-02 
 3.741604e+01 -8.370691e-02 
 3.741644e+01 -8.262842e-02 
 3.741684e+01 -8.157892e-02 
 3.741723e+01 -8.058177e-02 
 3.741763e+01 -7.958270e-02 
 3.741803e+01 -7.856026e-02 
 3.741843e+01 -7.747942e-02 
 3.741882e+01 -7.631757e-02 
 3.741922e+01 -7.508040e-02 
 3.741962e+01 -7.378522e-02 
 3.742002e+01 -7.243275e-02 
 3.742041e+01 -7.101688e-02 
 3.742081e+01 -6.953833e-02 
 3.742121e+01 -6.807459e-02 
 3.742161e+01 -6.661528e-02 
 3.742201e+01 -6.519808e-02 
 3.742240e+01 -6.380339e-02 
 3.742280e+01 -6.245979e-02 
 3.742320e+01 -6.114254e-02 
 3.742360e+01 -5.987104e-02 
 3.742399e+01 -5.863496e-02 
 3.742439e+01 -5.739601e-02 
 3.742479e+01 -5.616673e-02 
 3.742519e+01 -5.499011e-02 
 3.742558e+01 -5.392384e-02 
 3.742598e+01 -5.297720e-02 
 3.742638e+01 -5.212892e-02 
 3.742678e+01 -5.136845e-02 
 3.742718e+01 -5.063255e-02 
 3.742757e+01 -4.990224e-02 
 3.742797e+01 -4.914877e-02 
 3.742837e+01 -4.833786e-02 
 3.742877e+01 -4.746256e-02 
 3.742916e+01 -4.654332e-02 
 3.742956e+01 -4.565113e-02 
 3.742996e+01 -4.483293e-02 
 3.743036e+01 -4.406348e-02 
 3.743075e+01 -4.331063e-02 
 3.743115e+01 -4.256216e-02 
 3.743155e+01 -4.178588e-02 
 3.743195e+01 -4.093983e-02 
 3.743235e+01 -4.001140e-02 
 3.743274e+01 -3.899325e-02 
 3.743314e+01 -3.788557e-02 
 3.743354e+01 -3.673877e-02 
 3.743394e+01 -3.559396e-02 
 3.743433e+01 -3.447488e-02 
 3.743473e+01 -3.343374e-02 
 3.743513e+01 -3.245478e-02 
 3.743553e+01 -3.153197e-02 
 3.743592e+01 -3.064025e-02 
 3.743632e+01 -2.975441e-02 
 3.743672e+01 -2.886426e-02 
 3.743712e+01 -2.796167e-02 
 3.743752e+01 -2.702430e-02 
 3.743791e+01 -2.606118e-02 
 3.743831e+01 -2.506257e-02 
 3.743871e+01 -2.403003e-02 
 3.743911e+01 -2.295015e-02 
 3.743950e+01 -2.182925e-02 
 3.743990e+01 -2.070614e-02 
 3.744030e+01 -1.956746e-02 
 3.744070e+01 -1.843086e-02 
 3.744109e+01 -1.729519e-02 
 3.744149e+01 -1.616205e-02 
 3.744189e+01 -1.501429e-02 
 3.744229e+01 -1.385902e-02 
 3.744269e+01 -1.266379e-02 
 3.744308e+01 -1.142695e-02 
 3.744348e+01 -1.013981e-02 
 3.744388e+01 -8.814815e-03 
 3.744428e+01 -7.496423e-03 
 3.744467e+01 -6.238922e-03 
 3.744507e+01 -5.068162e-03 
 3.744547e+01 -4.021744e-03 
 3.744587e+01 -3.079609e-03 
 3.744626e+01 -2.218579e-03 
 3.744666e+01 -1.366322e-03 
 3.744706e+01 -4.729086e-04 
 3.744746e+01  4.623900e-04 
 3.744786e+01  1.423745e-03 
 3.744825e+01  2.403847e-03 
 3.744865e+01  3.385368e-03 
 3.744905e+01  4.344367e-03 
 3.744945e+01  5.283153e-03 
 3.744984e+01  6.200944e-03 
 3.745024e+01  7.111855e-03 
 3.745064e+01  8.055791e-03 
 3.745104e+01  9.037792e-03 
 3.745143e+01  1.007179e-02 
 3.745183e+01  1.114093e-02 
 3.745223e+01  1.221243e-02 
 3.745263e+01  1.323152e-02 
 3.745303e+01  1.418314e-02 
 3.745342e+01  1.499851e-02 
 3.745382e+01  1.565944e-02 
 3.745422e+01  1.617875e-02 
 3.745462e+01  1.654175e-02 
 3.745501e+01  1.677360e-02 
 3.745541e+01  1.689723e-02 
 3.745581e+01  1.694098e-02 
 3.745621e+01  1.694557e-02 
 3.745660e+01  1.696200e-02 
 3.745700e+01  1.699170e-02 
 3.745740e+01  1.708403e-02 
 3.745780e+01  1.721737e-02 
 3.745820e+01  1.735889e-02 
 3.745859e+01  1.746389e-02 
 3.745899e+01  1.752599e-02 
 3.745939e+01  1.753976e-02 
 3.745979e+01  1.753989e-02 
 3.746018e+01  1.756660e-02 
 3.746058e+01  1.766365e-02 
 3.746098e+01  1.781764e-02 
 3.746138e+01  1.804711e-02 
 3.746177e+01  1.832784e-02 
 3.746217e+01  1.862414e-02 
 3.746257e+01  1.888241e-02 
 3.746297e+01  1.905905e-02 
 3.746337e+01  1.917068e-02 
 3.746376e+01  1.921945e-02 
 3.746416e+01  1.924205e-02 
 3.746456e+01  1.926691e-02 
 3.746496e+01  1.930081e-02 
 3.746535e+01  1.935944e-02 
 3.746575e+01  1.944294e-02 
 3.746615e+01  1.957452e-02 
 3.746655e+01  1.974198e-02 
 3.746694e+01  1.990195e-02 
 3.746734e+01  2.004294e-02 
 3.746774e+01  2.015757e-02 
 3.746814e+01  2.026208e-02 
 3.746854e+01  2.039473e-02 
 3.746893e+01  2.055908e-02 
 3.746933e+01  2.076284e-02 
 3.746973e+01  2.100339e-02 
 3.747013e+01  2.130132e-02 
 3.747052e+01  2.165476e-02 
 3.747092e+01  2.200442e-02 
 3.747132e+01  2.230929e-02 
 3.747172e+01  2.253666e-02 
 3.747211e+01  2.269157e-02 
 3.747251e+01  2.276869e-02 
 3.747291e+01  2.275248e-02 
 3.747331e+01  2.257601e-02 
 3.747371e+01  2.222229e-02 
 3.747410e+01  2.169475e-02 
 3.747450e+01  2.103642e-02 
 3.747490e+01  2.029297e-02 
 3.747530e+01  1.951500e-02 
 3.747569e+01  1.875573e-02 
 3.747609e+01  1.804562e-02 
 3.747649e+01  1.742909e-02 
 3.747689e+01  1.687882e-02 
 3.747728e+01  1.633537e-02 
 3.747768e+01  1.575993e-02 
 3.747808e+01  1.510735e-02 
 3.747848e+01  1.437050e-02 
 3.747888e+01  1.354264e-02 
 3.747927e+01  1.262348e-02 
 3.747967e+01  1.163814e-02 
 3.748007e+01  1.062302e-02 
 3.748047e+01  9.571388e-03 
 3.748086e+01  8.495206e-03 
 3.748126e+01  7.364590e-03 
 3.748166e+01  6.134232e-03 
 3.748206e+01  4.755396e-03 
 3.748246e+01  3.252574e-03 
 3.748285e+01  1.615076e-03 
 3.748325e+01 -1.132969e-04 
 3.748365e+01 -1.907020e-03 
 3.748405e+01 -3.736071e-03 
 3.748444e+01 -5.578605e-03 
 3.748484e+01 -7.422661e-03 
 3.748524e+01 -9.285861e-03 
 3.748564e+01 -1.119381e-02 
 3.748603e+01 -1.316732e-02 
 3.748643e+01 -1.520665e-02 
 3.748683e+01 -1.730756e-02 
 3.748723e+01 -1.946797e-02 
 3.748763e+01 -2.165035e-02 
 3.748802e+01 -2.382897e-02 
 3.748842e+01 -2.595883e-02 
 3.748882e+01 -2.801303e-02 
 3.748922e+01 -2.998545e-02 
 3.748961e+01 -3.189779e-02 
 3.749001e+01 -3.377422e-02 
 3.749041e+01 -3.563593e-02 
 3.749081e+01 -3.750802e-02 
 3.749120e+01 -3.940856e-02 
 3.749160e+01 -4.136811e-02 
 3.749200e+01 -4.338242e-02 
 3.749240e+01 -4.542642e-02 
 3.749280e+01 -4.747254e-02 
 3.749319e+01 -4.950306e-02 
 3.749359e+01 -5.149405e-02 
 3.749399e+01 -5.340083e-02 
 3.749439e+01 -5.521065e-02 
 3.749478e+01 -5.685218e-02 
 3.749518e+01 -5.834289e-02 
 3.749558e+01 -5.967800e-02 
 3.749598e+01 -6.091650e-02 
 3.749637e+01 -6.205892e-02 
 3.749677e+01 -6.315984e-02 
 3.749717e+01 -6.425645e-02 
 3.749757e+01 -6.530740e-02 
 3.749797e+01 -6.635524e-02 
 3.749836e+01 -6.733536e-02 
 3.749876e+01 -6.828565e-02 
 3.749916e+01 -6.919466e-02 
 3.749956e+01 -7.008085e-02 
 3.749995e+01 -7.091860e-02 
 3.750035e+01 -7.172476e-02 
 3.750075e+01 -7.250385e-02 
 3.750115e+01 -7.323853e-02 
 3.750154e+01 -7.395908e-02 
 3.750194e+01 -7.469063e-02 
 3.750234e+01 -7.539664e-02 
 3.750274e+01 -7.607859e-02 
 3.750314e+01 -7.675750e-02 
 3.750353e+01 -7.740649e-02 
 3.750393e+01 -7.805697e-02 
 3.750433e+01 -7.869752e-02 
 3.750473e+01 -7.931531e-02 
 3.750512e+01 -7.991047e-02 
 3.750552e+01 -8.044674e-02 
 3.750592e+01 -8.093434e-02 
 3.750632e+01 -8.140875e-02 
 3.750671e+01 -8.186414e-02 
 3.750711e+01 -8.231468e-02 
 3.750751e+01 -8.278027e-02 
 3.750791e+01 -8.325783e-02 
 3.750831e+01 -8.368656e-02 
 3.750870e+01 -8.401903e-02 
 3.750910e+01 -8.426895e-02 
 3.750950e+01 -8.437969e-02 
 3.750990e+01 -8.438375e-02 
 3.751029e+01 -8.437907e-02 
 3.751069e+01 -8.440091e-02 
 3.751109e+01 -8.449645e-02 
 3.751149e+01 -8.468523e-02 
 3.751188e+01 -8.491882e-02 
 3.751228e+01 -8.511718e-02 
 3.751268e+01 -8.524901e-02 
 3.751308e+01 -8.527917e-02 
 3.751348e+01 -8.523012e-02 
 3.751387e+01 -8.502168e-02 
 3.751427e+01 -8.476837e-02 
 3.751467e+01 -8.447992e-02 
 3.751507e+01 -8.418024e-02 
 3.751546e+01 -8.395721e-02 
 3.751586e+01 -8.378243e-02 
 3.751626e+01 -8.360112e-02 
 3.751666e+01 -8.333699e-02 
 3.751705e+01 -8.296409e-02 
 3.751745e+01 -8.246355e-02 
 3.751785e+01 -8.181917e-02 
 3.751825e+01 -8.107508e-02 
 3.751865e+01 -8.025301e-02 
 3.751904e+01 -7.942428e-02 
 3.751944e+01 -7.864895e-02 
 3.751984e+01 -7.792499e-02 
 3.752024e+01 -7.723281e-02 
 3.752063e+01 -7.651632e-02 
 3.752103e+01 -7.567079e-02 
 3.752143e+01 -7.472167e-02 
 3.752183e+01 -7.369419e-02 
 3.752222e+01 -7.256129e-02 
 3.752262e+01 -7.138293e-02 
 3.752302e+01 -7.023147e-02 
 3.752342e+01 -6.907590e-02 
 3.752382e+01 -6.797417e-02 
 3.752421e+01 -6.688306e-02 
 3.752461e+01 -6.580693e-02 
 3.752501e+01 -6.472271e-02 
 3.752541e+01 -6.361057e-02 
 3.752580e+01 -6.247881e-02 
 3.752620e+01 -6.130287e-02 
 3.752660e+01 -6.010010e-02 
 3.752700e+01 -5.882585e-02 
 3.752739e+01 -5.746082e-02 
 3.752779e+01 -5.602145e-02 
 3.752819e+01 -5.452087e-02 
 3.752859e+01 -5.299159e-02 
 3.752899e+01 -5.146970e-02 
 3.752938e+01 -5.002665e-02 
 3.752978e+01 -4.868394e-02 
 3.753018e+01 -4.742443e-02 
 3.753058e+01 -4.630851e-02 
 3.753097e+01 -4.526888e-02 
 3.753137e+01 -4.430366e-02 
 3.753177e+01 -4.341365e-02 
 3.753217e+01 -4.256096e-02 
 3.753256e+01 -4.170478e-02 
 3.753296e+01 -4.087594e-02 
 3.753336e+01 -4.009954e-02 
 3.753376e+01 -3.939572e-02 
 3.753416e+01 -3.879510e-02 
 3.753455e+01 -3.826511e-02 
 3.753495e+01 -3.777916e-02 
 3.753535e+01 -3.732798e-02 
 3.753575e+01 -3.688624e-02 
 3.753614e+01 -3.644179e-02 
 3.753654e+01 -3.600599e-02 
 3.753694e+01 -3.556292e-02 
 3.753734e+01 -3.510135e-02 
 3.753773e+01 -3.465232e-02 
 3.753813e+01 -3.420449e-02 
 3.753853e+01 -3.373213e-02 
 3.753893e+01 -3.322300e-02 
 3.753933e+01 -3.267991e-02 
 3.753972e+01 -3.211930e-02 
 3.754012e+01 -3.153848e-02 
 3.754052e+01 -3.098600e-02 
 3.754092e+01 -3.043463e-02 
 3.754131e+01 -2.984299e-02 
 3.754171e+01 -2.927244e-02 
 3.754211e+01 -2.868148e-02 
 3.754251e+01 -2.811031e-02 
 3.754290e+01 -2.756060e-02 
 3.754330e+01 -2.703795e-02 
 3.754370e+01 -2.657351e-02 
 3.754410e+01 -2.612721e-02 
 3.754450e+01 -2.565321e-02 
 3.754489e+01 -2.509710e-02 
 3.754529e+01 -2.440669e-02 
 3.754569e+01 -2.350597e-02 
 3.754609e+01 -2.237989e-02 
 3.754648e+01 -2.106430e-02 
 3.754688e+01 -1.960473e-02 
 3.754728e+01 -1.810603e-02 
 3.754768e+01 -1.664757e-02 
 3.754807e+01 -1.530319e-02 
 3.754847e+01 -1.407212e-02 
 3.754887e+01 -1.293227e-02 
 3.754927e+01 -1.183962e-02 
 3.754967e+01 -1.075434e-02 
 3.755006e+01 -9.613354e-03 
 3.755046e+01 -8.416501e-03 
 3.755086e+01 -7.125471e-03 
 3.755126e+01 -5.787674e-03 
 3.755165e+01 -4.443075e-03 
 3.755205e+01 -3.157977e-03 
 3.755245e+01 -1.923423e-03 
 3.755285e+01 -7.724954e-04 
 3.755324e+01  3.480391e-04 
 3.755364e+01  1.476479e-03 
 3.755404e+01  2.639966e-03 
 3.755444e+01  3.847027e-03 
 3.755484e+01  5.138462e-03 
 3.755523e+01  6.491619e-03 
 3.755563e+01  7.887895e-03 
 3.755603e+01  9.303585e-03 
 3.755643e+01  1.072538e-02 
 3.755682e+01  1.213966e-02 
 3.755722e+01  1.356669e-02 
 3.755762e+01  1.498177e-02 
 3.755802e+01  1.641005e-02 
 3.755841e+01  1.782718e-02 
 3.755881e+01  1.919398e-02 
 3.755921e+01  2.047169e-02 
 3.755961e+01  2.164838e-02 
 3.756001e+01  2.271018e-02 
 3.756040e+01  2.366102e-02 
 3.756080e+01  2.451499e-02 
 3.756120e+01  2.530068e-02 
 3.756160e+01  2.601227e-02 
 3.756199e+01  2.665639e-02 
 3.756239e+01  2.722697e-02 
 3.756279e+01  2.766830e-02 
 3.756319e+01  2.796669e-02 
 3.756358e+01  2.817833e-02 
 3.756398e+01  2.832680e-02 
 3.756438e+01  2.850344e-02 
 3.756478e+01  2.875453e-02 
 3.756518e+01  2.906772e-02 
 3.756557e+01  2.943945e-02 
 3.756597e+01  2.980055e-02 
 3.756637e+01  3.013027e-02 
 3.756677e+01  3.039422e-02 
 3.756716e+01  3.048824e-02 
 3.756756e+01  3.045726e-02 
 3.756796e+01  3.030776e-02 
 3.756836e+01  3.002080e-02 
 3.756875e+01  2.966955e-02 
 3.756915e+01  2.932479e-02 
 3.756955e+01  2.891894e-02 
 3.756995e+01  2.843878e-02 
 3.757035e+01  2.795889e-02 
 3.757074e+01  2.743325e-02 
 3.757114e+01  2.688332e-02 
 3.757154e+01  2.630688e-02 
 3.757194e+01  2.567013e-02 
 3.757233e+01  2.497866e-02 
 3.757273e+01  2.429282e-02 
 3.757313e+01  2.364772e-02 
 3.757353e+01  2.310766e-02 
 3.757392e+01  2.267867e-02 
 3.757432e+01  2.230188e-02 
 3.757472e+01  2.194406e-02 
 3.757512e+01  2.155569e-02 
 3.757552e+01  2.108701e-02 
 3.757591e+01  2.053952e-02 
 3.757631e+01  1.987878e-02 
 3.757671e+01  1.917152e-02 
 3.757711e+01  1.843690e-02 
 3.757750e+01  1.768768e-02 
 3.757790e+01  1.693362e-02 
 3.757830e+01  1.619671e-02 
 3.757870e+01  1.545570e-02 
 3.757910e+01  1.470261e-02 
 3.757949e+01  1.393502e-02 
 3.757989e+01  1.312617e-02 
 3.758029e+01  1.225592e-02 
 3.758069e+01  1.131851e-02 
 3.758108e+01  1.028190e-02 
 3.758148e+01  9.109030e-03 
 3.758188e+01  7.818326e-03 
 3.758228e+01  6.426137e-03 
 3.758267e+01  5.029020e-03 
 3.758307e+01  3.650952e-03 
 3.758347e+01  2.346815e-03 
 3.758387e+01  1.104491e-03 
 3.758427e+01 -1.084083e-04 
 3.758466e+01 -1.295768e-03 
 3.758506e+01 -2.500399e-03 
 3.758546e+01 -3.748307e-03 
 3.758586e+01 -5.084302e-03 
 3.758625e+01 -6.526734e-03 
 3.758665e+01 -8.013881e-03 
 3.758705e+01 -9.533834e-03 
 3.758745e+01 -1.109687e-02 
 3.758784e+01 -1.271903e-02 
 3.758824e+01 -1.437325e-02 
 3.758864e+01 -1.608231e-02 
 3.758904e+01 -1.781509e-02 
 3.758944e+01 -1.956045e-02 
 3.758983e+01 -2.130438e-02 
 3.759023e+01 -2.301420e-02 
 3.759063e+01 -2.470152e-02 
 3.759103e+01 -2.637051e-02 
 3.759142e+01 -2.799406e-02 
 3.759182e+01 -2.965476e-02 
 3.759222e+01 -3.138235e-02 
 3.759262e+01 -3.314290e-02 
 3.759301e+01 -3.496928e-02 
 3.759341e+01 -3.680766e-02 
 3.759381e+01 -3.861345e-02 
 3.759421e+01 -4.039751e-02 
 3.759461e+01 -4.216099e-02 
 3.759500e+01 -4.392821e-02 
 3.759540e+01 -4.572930e-02 
 3.759580e+01 -4.756277e-02 
 3.759620e+01 -4.942120e-02 
 3.759659e+01 -5.123431e-02 
 3.759699e+01 -5.298675e-02 
 3.759739e+01 -5.462902e-02 
 3.759779e+01 -5.619924e-02 
 3.759818e+01 -5.766342e-02 
 3.759858e+01 -5.906093e-02 
 3.759898e+01 -6.045376e-02 
 3.759938e+01 -6.182645e-02 
 3.759978e+01 -6.323246e-02 
 3.760017e+01 -6.465204e-02 
 3.760057e+01 -6.604116e-02 
 3.760097e+01 -6.738145e-02 
 3.760137e+01 -6.862807e-02 
 3.760176e+01 -6.974904e-02 
 3.760216e+01 -7.070506e-02 
 3.760256e+01 -7.150557e-02 
 3.760296e+01 -7.216224e-02 
 3.760335e+01 -7.270559e-02 
 3.760375e+01 -7.320303e-02 
 3.760415e+01 -7.369350e-02 
 3.760455e+01 -7.417968e-02 
 3.760495e+01 -7.461444e-02 
 3.760534e+01 -7.496775e-02 
 3.760574e+01 -7.521838e-02 
 3.760614e+01 -7.529926e-02 
 3.760654e+01 -7.523364e-02 
 3.760693e+01 -7.503716e-02 
 3.760733e+01 -7.474149e-02 
 3.760773e+01 -7.441892e-02 
 3.760813e+01 -7.410466e-02 
 3.760852e+01 -7.378245e-02 
 3.760892e+01 -7.345211e-02 
 3.760932e+01 -7.314784e-02 
 3.760972e+01 -7.286581e-02 
 3.761012e+01 -7.257395e-02 
 3.761051e+01 -7.230454e-02 
 3.761091e+01 -7.207432e-02 
 3.761131e+01 -7.188474e-02 
 3.761171e+01 -7.174129e-02 
 3.761210e+01 -7.163345e-02 
 3.761250e+01 -7.149910e-02 
 3.761290e+01 -7.133226e-02 
 3.761330e+01 -7.112987e-02 
 3.761369e+01 -7.092451e-02 
 3.761409e+01 -7.073368e-02 
 3.761449e+01 -7.058107e-02 
 3.761489e+01 -7.045290e-02 
 3.761529e+01 -7.037741e-02 
 3.761568e+01 -7.035359e-02 
 3.761608e+01 -7.033051e-02 
 3.761648e+01 -7.024164e-02 
 3.761688e+01 -7.004942e-02 
 3.761727e+01 -6.983989e-02 
 3.761767e+01 -6.967817e-02 
 3.761807e+01 -6.958560e-02 
 3.761847e+01 -6.957528e-02 
 3.761886e+01 -6.960596e-02 
 3.761926e+01 -6.964579e-02 
 3.761966e+01 -6.970413e-02 
 3.762006e+01 -6.978697e-02 
 3.762046e+01 -6.989617e-02 
 3.762085e+01 -7.001531e-02 
 3.762125e+01 -7.014804e-02 
 3.762165e+01 -7.029769e-02 
 3.762205e+01 -7.043656e-02 
 3.762244e+01 -7.052136e-02 
 3.762284e+01 -7.054469e-02 
 3.762324e+01 -7.051118e-02 
 3.762364e+01 -7.046138e-02 
 3.762403e+01 -7.041016e-02 
 3.762443e+01 -7.034522e-02 
 3.762483e+01 -7.023935e-02 
 3.762523e+01 -7.005270e-02 
 3.762563e+01 -6.980233e-02 
 3.762602e+01 -6.951715e-02 
 3.762642e+01 -6.919986e-02 
 3.762682e+01 -6.889123e-02 
 3.762722e+01 -6.861600e-02 
 3.762761e+01 -6.837791e-02 
 3.762801e+01 -6.815213e-02 
 3.762841e+01 -6.792982e-02 
 3.762881e+01 -6.769390e-02 
 3.762920e+01 -6.744855e-02 
 3.762960e+01 -6.721225e-02 
 3.763000e+01 -6.698358e-02 
 3.763040e+01 -6.671798e-02 
 3.763080e+01 -6.640396e-02 
 3.763119e+01 -6.600035e-02 
 3.763159e+01 -6.551552e-02 
 3.763199e+01 -6.494577e-02 
 3.763239e+01 -6.426776e-02 
 3.763278e+01 -6.351057e-02 
 3.763318e+01 -6.272787e-02 
 3.763358e+01 -6.193539e-02 
 3.763398e+01 -6.109602e-02 
 3.763437e+01 -6.016074e-02 
 3.763477e+01 -5.909046e-02 
 3.763517e+01 -5.787212e-02 
 3.763557e+01 -5.653655e-02 
 3.763597e+01 -5.516087e-02 
 3.763636e+01 -5.378050e-02 
 3.763676e+01 -5.242237e-02 
 3.763716e+01 -5.114629e-02 
 3.763756e+01 -4.998245e-02 
 3.763795e+01 -4.893583e-02 
 3.763835e+01 -4.793310e-02 
 3.763875e+01 -4.695320e-02 
 3.763915e+01 -4.594236e-02 
 3.763954e+01 -4.490293e-02 
 3.763994e+01 -4.383965e-02 
 3.764034e+01 -4.271562e-02 
 3.764074e+01 -4.155978e-02 
 3.764114e+01 -4.038331e-02 
 3.764153e+01 -3.914806e-02 
 3.764193e+01 -3.788422e-02 
 3.764233e+01 -3.661373e-02 
 3.764273e+01 -3.532250e-02 
 3.764312e+01 -3.403349e-02 
 3.764352e+01 -3.279494e-02 
 3.764392e+01 -3.164026e-02 
 3.764432e+01 -3.054539e-02 
 3.764471e+01 -2.950840e-02 
 3.764511e+01 -2.853230e-02 
 3.764551e+01 -2.755451e-02 
 3.764591e+01 -2.657544e-02 
 3.764631e+01 -2.555809e-02 
 3.764670e+01 -2.451959e-02 
 3.764710e+01 -2.349885e-02 
 3.764750e+01 -2.253072e-02 
 3.764790e+01 -2.163949e-02 
 3.764829e+01 -2.083245e-02 
 3.764869e+01 -2.006693e-02 
 3.764909e+01 -1.929687e-02 
 3.764949e+01 -1.848989e-02 
 3.764988e+01 -1.762051e-02 
 3.765028e+01 -1.664238e-02 
 3.765068e+01 -1.555817e-02 
 3.765108e+01 -1.439928e-02 
 3.765148e+01 -1.318574e-02 
 3.765187e+01 -1.190514e-02 
 3.765227e+01 -1.060497e-02 
 3.765267e+01 -9.260462e-03 
 3.765307e+01 -7.856121e-03 
 3.765346e+01 -6.383249e-03 
 3.765386e+01 -4.841114e-03 
 3.765426e+01 -3.239127e-03 
 3.765466e+01 -1.613328e-03 
 3.765505e+01 -1.302676e-05 
 3.765545e+01  1.506857e-03 
 3.765585e+01  2.903039e-03 
 3.765625e+01  4.193987e-03 
 3.765665e+01  5.392572e-03 
 3.765704e+01  6.493348e-03 
 3.765744e+01  7.536570e-03 
 3.765784e+01  8.602843e-03 
 3.765824e+01  9.713626e-03 
 3.765863e+01  1.088870e-02 
 3.765903e+01  1.210470e-02 
 3.765943e+01  1.334420e-02 
 3.765983e+01  1.456369e-02 
 3.766022e+01  1.577202e-02 
 3.766062e+01  1.698015e-02 
 3.766102e+01  1.811752e-02 
 3.766142e+01  1.919295e-02 
 3.766182e+01  2.021837e-02 
 3.766221e+01  2.122425e-02 
 3.766261e+01  2.223130e-02 
 3.766301e+01  2.323466e-02 
 3.766341e+01  2.417764e-02 
 3.766380e+01  2.505082e-02 
 3.766420e+01  2.590277e-02 
 3.766460e+01  2.670971e-02 
 3.766500e+01  2.750290e-02 
 3.766539e+01  2.823837e-02 
 3.766579e+01  2.887248e-02 
 3.766619e+01  2.938940e-02 
 3.766659e+01  2.979401e-02 
 3.766699e+01  3.008515e-02 
 3.766738e+01  3.024191e-02 
 3.766778e+01  3.034785e-02 
 3.766818e+01  3.045531e-02 
 3.766858e+01  3.062468e-02 
 3.766897e+01  3.083782e-02 
 3.766937e+01  3.104683e-02 
 3.766977e+01  3.120394e-02 
 3.767017e+01  3.127195e-02 
 3.767057e+01  3.124015e-02 
 3.767096e+01  3.113291e-02 
 3.767136e+01  3.098651e-02 
 3.767176e+01  3.078063e-02 
 3.767216e+01  3.051230e-02 
 3.767255e+01  3.018295e-02 
 3.767295e+01  2.977848e-02 
 3.767335e+01  2.923062e-02 
 3.767375e+01  2.854996e-02 
 3.767414e+01  2.777181e-02 
 3.767454e+01  2.692890e-02 
 3.767494e+01  2.596907e-02 
 3.767534e+01  2.493501e-02 
 3.767574e+01  2.376718e-02 
 3.767613e+01  2.248562e-02 
 3.767653e+01  2.111824e-02 
 3.767693e+01  1.971774e-02 
 3.767733e+01  1.829598e-02 
 3.767772e+01  1.683250e-02 
 3.767812e+01  1.540849e-02 
 3.767852e+01  1.399212e-02 
 3.767892e+01  1.259432e-02 
 3.767931e+01  1.117649e-02 
 3.767971e+01  9.744111e-03 
 3.768011e+01  8.317215e-03 
 3.768051e+01  6.897615e-03 
 3.768091e+01  5.516050e-03 
 3.768130e+01  4.137804e-03 
 3.768170e+01  2.779416e-03 
 3.768210e+01  1.412641e-03 
 3.768250e+01  7.944737e-05 
 3.768289e+01 -1.209719e-03 
 3.768329e+01 -2.479828e-03 
 3.768369e+01 -3.737383e-03 
 3.768409e+01 -4.950688e-03 
 3.768448e+01 -6.124745e-03 
 3.768488e+01 -7.285613e-03 
 3.768528e+01 -8.443313e-03 
 3.768568e+01 -9.585616e-03 
 3.768608e+01 -1.070609e-02 
 3.768647e+01 -1.179408e-02 
 3.768687e+01 -1.285303e-02 
 3.768727e+01 -1.389991e-02 
 3.768767e+01 -1.494902e-02 
 3.768806e+01 -1.601180e-02 
 3.768846e+01 -1.708643e-02 
 3.768886e+01 -1.814670e-02 
 3.768926e+01 -1.920264e-02 
 3.768965e+01 -2.030941e-02 
 3.769005e+01 -2.144721e-02 
 3.769045e+01 -2.260122e-02 
 3.769085e+01 -2.372376e-02 
 3.769125e+01 -2.483271e-02 
 3.769164e+01 -2.585184e-02 
 3.769204e+01 -2.679361e-02 
 3.769244e+01 -2.770022e-02 
 3.769284e+01 -2.857689e-02 
 3.769323e+01 -2.948394e-02 
 3.769363e+01 -3.042298e-02 
 3.769403e+01 -3.138196e-02 
 3.769443e+01 -3.235149e-02 
 3.769482e+01 -3.327856e-02 
 3.769522e+01 -3.419478e-02 
 3.769562e+01 -3.510802e-02 
 3.769602e+01 -3.606783e-02 
 3.769642e+01 -3.705526e-02 
 3.769681e+01 -3.803554e-02 
 3.769721e+01 -3.898830e-02 
 3.769761e+01 -3.989276e-02 
 3.769801e+01 -4.071124e-02 
 3.769840e+01 -4.149419e-02 
 3.769880e+01 -4.231997e-02 
 3.769920e+01 -4.315607e-02 
 3.769960e+01 -4.410088e-02 
 3.769999e+01 -4.507170e-02 
 3.770039e+01 -4.604846e-02 
 3.770079e+01 -4.697106e-02 
 3.770119e+01 -4.787735e-02 
 3.770159e+01 -4.871604e-02 
 3.770198e+01 -4.947606e-02 
 3.770238e+01 -5.017875e-02 
 3.770278e+01 -5.084129e-02 
 3.770318e+01 -5.144046e-02 
 3.770357e+01 -5.203549e-02 
 3.770397e+01 -5.260792e-02 
 3.770437e+01 -5.317655e-02 
 3.770477e+01 -5.381767e-02 
 3.770516e+01 -5.453567e-02 
 3.770556e+01 -5.536021e-02 
 3.770596e+01 -5.626541e-02 
 3.770636e+01 -5.720872e-02 
 3.770676e+01 -5.816038e-02 
 3.770715e+01 -5.914380e-02 
 3.770755e+01 -6.016229e-02 
 3.770795e+01 -6.116524e-02 
 3.770835e+01 -6.211701e-02 
 3.770874e+01 -6.303618e-02 
 3.770914e+01 -6.390157e-02 
 3.770954e+01 -6.470439e-02 
 3.770994e+01 -6.542417e-02 
 3.771033e+01 -6.606429e-02 
 3.771073e+01 -6.659110e-02 
 3.771113e+01 -6.705138e-02 
 3.771153e+01 -6.748452e-02 
 3.771193e+01 -6.787168e-02 
 3.771232e+01 -6.824267e-02 
 3.771272e+01 -6.852884e-02 
 3.771312e+01 -6.875726e-02 
 3.771352e+01 -6.896801e-02 
 3.771391e+01 -6.909688e-02 
 3.771431e+01 -6.921012e-02 
 3.771471e+01 -6.929240e-02 
 3.771511e+01 -6.937392e-02 
 3.771550e+01 -6.946386e-02 
 3.771590e+01 -6.954831e-02 
 3.771630e+01 -6.961683e-02 
 3.771670e+01 -6.966112e-02 
 3.771710e+01 -6.966743e-02 
 3.771749e+01 -6.967581e-02 
 3.771789e+01 -6.970201e-02 
 3.771829e+01 -6.977820e-02 
 3.771869e+01 -6.988682e-02 
 3.771908e+01 -7.001145e-02 
 3.771948e+01 -7.015618e-02 
 3.771988e+01 -7.019568e-02 
 3.772028e+01 -7.014635e-02 
 3.772067e+01 -6.995720e-02 
 3.772107e+01 -6.968186e-02 
 3.772147e+01 -6.943980e-02 
 3.772187e+01 -6.924785e-02 
 3.772227e+01 -6.909972e-02 
 3.772266e+01 -6.899143e-02 
 3.772306e+01 -6.889333e-02 
 3.772346e+01 -6.885323e-02 
 3.772386e+01 -6.881453e-02 
 3.772425e+01 -6.878463e-02 
 3.772465e+01 -6.884599e-02 
 3.772505e+01 -6.897725e-02 
 3.772545e+01 -6.922181e-02 
 3.772584e+01 -6.952998e-02 
 3.772624e+01 -6.984849e-02 
 3.772664e+01 -7.009057e-02 
 3.772704e+01 -7.022324e-02 
 3.772744e+01 -7.030189e-02 
 3.772783e+01 -7.033608e-02 
 3.772823e+01 -7.036157e-02 
 3.772863e+01 -7.036814e-02 
 3.772903e+01 -7.032639e-02 
 3.772942e+01 -7.020413e-02 
 3.772982e+01 -6.996685e-02 
 3.773022e+01 -6.960653e-02 
 3.773062e+01 -6.914768e-02 
 3.773101e+01 -6.865421e-02 
 3.773141e+01 -6.816478e-02 
 3.773181e+01 -6.765065e-02 
 3.773221e+01 -6.715152e-02 
 3.773261e+01 -6.663681e-02 
 3.773300e+01 -6.613263e-02 
 3.773340e+01 -6.564902e-02 
 3.773380e+01 -6.518797e-02 
 3.773420e+01 -6.471745e-02 
 3.773459e+01 -6.427068e-02 
 3.773499e+01 -6.376871e-02 
 3.773539e+01 -6.320463e-02 
 3.773579e+01 -6.261451e-02 
 3.773618e+01 -6.196775e-02 
 3.773658e+01 -6.128179e-02 
 3.773698e+01 -6.057147e-02 
 3.773738e+01 -5.984735e-02 
 3.773778e+01 -5.907635e-02 
 3.773817e+01 -5.826739e-02 
 3.773857e+01 -5.735032e-02 
 3.773897e+01 -5.630090e-02 
 3.773937e+01 -5.516836e-02 
 3.773976e+01 -5.394298e-02 
 3.774016e+01 -5.265721e-02 
 3.774056e+01 -5.135417e-02 
 3.774096e+01 -5.003313e-02 
 3.774135e+01 -4.868106e-02 
 3.774175e+01 -4.731840e-02 
 3.774215e+01 -4.590040e-02 
 3.774255e+01 -4.442484e-02 
 3.774295e+01 -4.290452e-02 
 3.774334e+01 -4.133028e-02 
 3.774374e+01 -3.977156e-02 
 3.774414e+01 -3.824824e-02 
 3.774454e+01 -3.676475e-02 
 3.774493e+01 -3.533399e-02 
 3.774533e+01 -3.389360e-02 
 3.774573e+01 -3.242148e-02 
 3.774613e+01 -3.087055e-02 
 3.774652e+01 -2.921048e-02 
 3.774692e+01 -2.748252e-02 
 3.774732e+01 -2.569946e-02 
 3.774772e+01 -2.389154e-02 
 3.774812e+01 -2.206210e-02 
 3.774851e+01 -2.023409e-02 
 3.774891e+01 -1.841208e-02 
 3.774931e+01 -1.658524e-02 
 3.774971e+01 -1.479507e-02 
 3.775010e+01 -1.304866e-02 
 3.775050e+01 -1.140773e-02 
 3.775090e+01 -9.901001e-03 
 3.775130e+01 -8.547695e-03 
 3.775169e+01 -7.306916e-03 
 3.775209e+01 -6.138371e-03 
 3.775249e+01 -5.009218e-03 
 3.775289e+01 -3.914555e-03 
 3.775329e+01 -2.841182e-03 
 3.775368e+01 -1.789585e-03 
 3.775408e+01 -6.957392e-04 
 3.775448e+01  3.880702e-04 
 3.775488e+01  1.420862e-03 
 3.775527e+01  2.425955e-03 
 3.775567e+01  3.326355e-03 
 3.775607e+01  4.167943e-03 
 3.775647e+01  4.946794e-03 
 3.775686e+01  5.679739e-03 
 3.775726e+01  6.358350e-03 
 3.775766e+01  7.033191e-03 
 3.775806e+01  7.723001e-03 
 3.775846e+01  8.477548e-03 
 3.775885e+01  9.294183e-03 
 3.775925e+01  1.009703e-02 
 3.775965e+01  1.085680e-02 
 3.776005e+01  1.156103e-02 
 3.776044e+01  1.219730e-02 
 3.776084e+01  1.279372e-02 
 3.776124e+01  1.337892e-02 
 3.776164e+01  1.395363e-02 
 3.776204e+01  1.452176e-02 
 3.776243e+01  1.508193e-02 
 3.776283e+01  1.560891e-02 
 3.776323e+01  1.609990e-02 
 3.776363e+01  1.651453e-02 
 3.776402e+01  1.690459e-02 
 3.776442e+01  1.729613e-02 
 3.776482e+01  1.769864e-02 
 3.776522e+01  1.811857e-02 
 3.776561e+01  1.855785e-02 
 3.776601e+01  1.898665e-02 
 3.776641e+01  1.941421e-02 
 3.776681e+01  1.981669e-02 
 3.776721e+01  2.016066e-02 
 3.776760e+01  2.042223e-02 
 3.776800e+01  2.063031e-02 
 3.776840e+01  2.080238e-02 
 3.776880e+01  2.095283e-02 
 3.776919e+01  2.103895e-02 
 3.776959e+01  2.104812e-02 
 3.776999e+01  2.097623e-02 
 3.777039e+01  2.085233e-02 
 3.777078e+01  2.067711e-02 
 3.777118e+01  2.047682e-02 
 3.777158e+01  2.028618e-02 
 3.777198e+01  2.011543e-02 
 3.777238e+01  1.999273e-02 
 3.777277e+01  1.989504e-02 
 3.777317e+01  1.977182e-02 
 3.777357e+01  1.953783e-02 
 3.777397e+01  1.919379e-02 
 3.777436e+01  1.877096e-02 
 3.777476e+01  1.829363e-02 
 3.777516e+01  1.779019e-02 
 3.777556e+01  1.727243e-02 
 3.777595e+01  1.675582e-02 
 3.777635e+01  1.619919e-02 
 3.777675e+01  1.560386e-02 
 3.777715e+01  1.494518e-02 
 3.777755e+01  1.424826e-02 
 3.777794e+01  1.352629e-02 
 3.777834e+01  1.278591e-02 
 3.777874e+01  1.203019e-02 
 3.777914e+01  1.124971e-02 
 3.777953e+01  1.041717e-02 
 3.777993e+01  9.495786e-03 
 3.778033e+01  8.499853e-03 
 3.778073e+01  7.463109e-03 
 3.778112e+01  6.395707e-03 
 3.778152e+01  5.304176e-03 
 3.778192e+01  4.191696e-03 
 3.778232e+01  3.081808e-03 
 3.778272e+01  1.932197e-03 
 3.778311e+01  7.667975e-04 
 3.778351e+01 -4.310223e-04 
 3.778391e+01 -1.672310e-03 
 3.778431e+01 -2.954234e-03 
 3.778470e+01 -4.307867e-03 
 3.778510e+01 -5.689047e-03 
 3.778550e+01 -7.086989e-03 
 3.778590e+01 -8.490150e-03 
 3.778629e+01 -9.842825e-03 
 3.778669e+01 -1.110447e-02 
 3.778709e+01 -1.229273e-02 
 3.778749e+01 -1.340604e-02 
 3.778789e+01 -1.446137e-02 
 3.778828e+01 -1.551945e-02 
 3.778868e+01 -1.658279e-02 
 3.778908e+01 -1.763851e-02 
 3.778948e+01 -1.867739e-02 
 3.778987e+01 -1.966403e-02 
 3.779027e+01 -2.053477e-02 
 3.779067e+01 -2.129534e-02 
 3.779107e+01 -2.192852e-02 
 3.779146e+01 -2.248961e-02 
 3.779186e+01 -2.301917e-02 
 3.779226e+01 -2.353757e-02 
 3.779266e+01 -2.408554e-02 
 3.779306e+01 -2.464423e-02 
 3.779345e+01 -2.519657e-02 
 3.779385e+01 -2.574788e-02 
 3.779425e+01 -2.629712e-02 
 3.779465e+01 -2.686413e-02 
 3.779504e+01 -2.745433e-02 
 3.779544e+01 -2.806666e-02 
 3.779584e+01 -2.870617e-02 
 3.779624e+01 -2.935637e-02 
 3.779663e+01 -2.998107e-02 
 3.779703e+01 -3.058256e-02 
 3.779743e+01 -3.112989e-02 
 3.779783e+01 -3.160473e-02 
 3.779823e+01 -3.202050e-02 
 3.779862e+01 -3.243894e-02 
 3.779902e+01 -3.289628e-02 
 3.779942e+01 -3.338721e-02 
 3.779982e+01 -3.392811e-02 
 3.780021e+01 -3.451133e-02 
 3.780061e+01 -3.515326e-02 
 3.780101e+01 -3.588483e-02 
 3.780141e+01 -3.667914e-02 
 3.780180e+01 -3.755159e-02 
 3.780220e+01 -3.848938e-02 
 3.780260e+01 -3.946242e-02 
 3.780300e+01 -4.048011e-02 
 3.780340e+01 -4.154733e-02 
 3.780379e+01 -4.264781e-02 
 3.780419e+01 -4.374436e-02 
 3.780459e+01 -4.483394e-02 
 3.780499e+01 -4.593672e-02 
 3.780538e+01 -4.701165e-02 
 3.780578e+01 -4.806144e-02 
 3.780618e+01 -4.907309e-02 
 3.780658e+01 -5.004115e-02 
 3.780697e+01 -5.101186e-02 
 3.780737e+01 -5.199113e-02 
 3.780777e+01 -5.299414e-02 
 3.780817e+01 -5.400492e-02 
 3.780857e+01 -5.499957e-02 
 3.780896e+01 -5.594280e-02 
 3.780936e+01 -5.683998e-02 
 3.780976e+01 -5.767309e-02 
 3.781016e+01 -5.842640e-02 
 3.781055e+01 -5.916724e-02 
 3.781095e+01 -5.991789e-02 
 3.781135e+01 -6.070998e-02 
 3.781175e+01 -6.158908e-02 
 3.781214e+01 -6.251249e-02 
 3.781254e+01 -6.346389e-02 
 3.781294e+01 -6.445407e-02 
 3.781334e+01 -6.548956e-02 
 3.781374e+01 -6.654421e-02 
 3.781413e+01 -6.759069e-02 
 3.781453e+01 -6.858842e-02 
 3.781493e+01 -6.952498e-02 
 3.781533e+01 -7.037274e-02 
 3.781572e+01 -7.108414e-02 
 3.781612e+01 -7.165000e-02 
 3.781652e+01 -7.208453e-02 
 3.781692e+01 -7.242166e-02 
 3.781731e+01 -7.270129e-02 
 3.781771e+01 -7.295214e-02 
 3.781811e+01 -7.319425e-02 
 3.781851e+01 -7.342526e-02 
 3.781891e+01 -7.365386e-02 
 3.781930e+01 -7.388506e-02 
 3.781970e+01 -7.410440e-02 
 3.782010e+01 -7.428271e-02 
 3.782050e+01 -7.442446e-02 
 3.782089e+01 -7.454380e-02 
 3.782129e+01 -7.464383e-02 
 3.782169e+01 -7.473618e-02 
 3.782209e+01 -7.479253e-02 
 3.782248e+01 -7.482945e-02 
 3.782288e+01 -7.479175e-02 
 3.782328e+01 -7.469270e-02 
 3.782368e+01 -7.453063e-02 
 3.782408e+01 -7.429222e-02 
 3.782447e+01 -7.400953e-02 
 3.782487e+01 -7.369307e-02 
 3.782527e+01 -7.337279e-02 
 3.782567e+01 -7.307626e-02 
 3.782606e+01 -7.281486e-02 
 3.782646e+01 -7.254583e-02 
 3.782686e+01 -7.224771e-02 
 3.782726e+01 -7.191437e-02 
 3.782765e+01 -7.153642e-02 
 3.782805e+01 -7.113455e-02 
 3.782845e+01 -7.074156e-02 
 3.782885e+01 -7.037020e-02 
 3.782925e+01 -7.003211e-02 
 3.782964e+01 -6.973102e-02 
 3.783004e+01 -6.947224e-02 
 3.783044e+01 -6.922590e-02 
 3.783084e+01 -6.901378e-02 
 3.783123e+01 -6.878589e-02 
 3.783163e+01 -6.855580e-02 
 3.783203e+01 -6.830714e-02 
 3.783243e+01 -6.804304e-02 
 3.783282e+01 -6.778949e-02 
 3.783322e+01 -6.754606e-02 
 3.783362e+01 -6.729505e-02 
 3.783402e+01 -6.699176e-02 
 3.783442e+01 -6.660082e-02 
 3.783481e+01 -6.608858e-02 
 3.783521e+01 -6.546307e-02 
 3.783561e+01 -6.473550e-02 
 3.783601e+01 -6.393294e-02 
 3.783640e+01 -6.309253e-02 
 3.783680e+01 -6.222116e-02 
 3.783720e+01 -6.137385e-02 
 3.783760e+01 -6.051689e-02 
 3.783799e+01 -5.964501e-02 
 3.783839e+01 -5.872241e-02 
 3.783879e+01 -5.773393e-02 
 3.783919e+01 -5.667037e-02 
 3.783959e+01 -5.556840e-02 
 3.783998e+01 -5.445235e-02 
 3.784038e+01 -5.336305e-02 
 3.784078e+01 -5.229251e-02 
 3.784118e+01 -5.121862e-02 
 3.784157e+01 -5.011431e-02 
 3.784197e+01 -4.890683e-02 
 3.784237e+01 -4.756388e-02 
 3.784277e+01 -4.610650e-02 
 3.784316e+01 -4.456427e-02 
 3.784356e+01 -4.293128e-02 
 3.784396e+01 -4.126935e-02 
 3.784436e+01 -3.962961e-02 
 3.784476e+01 -3.804278e-02 
 3.784515e+01 -3.653096e-02 
 3.784555e+01 -3.505028e-02 
 3.784595e+01 -3.358912e-02 
 3.784635e+01 -3.212894e-02 
 3.784674e+01 -3.065926e-02 
 3.784714e+01 -2.920105e-02 
 3.784754e+01 -2.775640e-02 
 3.784794e+01 -2.629802e-02 
 3.784833e+01 -2.480949e-02 
 3.784873e+01 -2.333199e-02 
 3.784913e+01 -2.185364e-02 
 3.784953e+01 -2.040085e-02 
 3.784993e+01 -1.892473e-02 
 3.785032e+01 -1.742032e-02 
 3.785072e+01 -1.594038e-02 
 3.785112e+01 -1.447450e-02 
 3.785152e+01 -1.305656e-02 
 3.785191e+01 -1.166014e-02 
 3.785231e+01 -1.026718e-02 
 3.785271e+01 -8.876855e-03 
 3.785311e+01 -7.496595e-03 
 3.785351e+01 -6.142249e-03 
 3.785390e+01 -4.815832e-03 
 3.785430e+01 -3.508172e-03 
 3.785470e+01 -2.216023e-03 
 3.785510e+01 -9.843821e-04 
 3.785549e+01  2.120017e-04 
 3.785589e+01  1.332428e-03 
 3.785629e+01  2.382140e-03 
 3.785669e+01  3.378882e-03 
 3.785708e+01  4.266521e-03 
 3.785748e+01  5.055128e-03 
 3.785788e+01  5.742588e-03 
 3.785828e+01  6.335755e-03 
 3.785868e+01  6.840597e-03 
 3.785907e+01  7.255348e-03 
 3.785947e+01  7.599269e-03 
 3.785987e+01  7.931768e-03 
 3.786027e+01  8.277493e-03 
 3.786066e+01  8.635893e-03 
 3.786106e+01  9.010703e-03 
 3.786146e+01  9.386911e-03 
 3.786186e+01  9.749593e-03 
 3.786225e+01  1.006368e-02 
 3.786265e+01  1.030896e-02 
 3.786305e+01  1.045384e-02 
 3.786345e+01  1.051433e-02 
 3.786385e+01  1.049197e-02 
 3.786424e+01  1.041719e-02 
 3.786464e+01  1.032232e-02 
 3.786504e+01  1.016875e-02 
 3.786544e+01  9.976932e-03 
 3.786583e+01  9.812020e-03 
 3.786623e+01  9.675304e-03 
 3.786663e+01  9.615781e-03 
 3.786703e+01  9.620381e-03 
 3.786742e+01  9.705501e-03 
 3.786782e+01  9.833331e-03 
 3.786822e+01  9.981913e-03 
 3.786862e+01  1.011624e-02 
 3.786902e+01  1.022327e-02 
 3.786941e+01  1.028724e-02 
 3.786981e+01  1.029082e-02 
 3.787021e+01  1.029245e-02 
 3.787061e+01  1.032337e-02 
 3.787100e+01  1.039754e-02 
 3.787140e+01  1.053166e-02 
 3.787180e+01  1.070170e-02 
 3.787220e+01  1.090336e-02 
 3.787259e+01  1.110568e-02 
 3.787299e+01  1.128733e-02 
 3.787339e+01  1.142571e-02 
 3.787379e+01  1.151429e-02 
 3.787419e+01  1.153044e-02 
 3.787458e+01  1.148777e-02 
 3.787498e+01  1.141083e-02 
 3.787538e+01  1.131634e-02 
 3.787578e+01  1.123022e-02 
 3.787617e+01  1.115966e-02 
 3.787657e+01  1.108452e-02 
 3.787697e+01  1.096694e-02 
 3.787737e+01  1.079423e-02 
 3.787776e+01  1.055576e-02 
 3.787816e+01  1.025052e-02 
 3.787856e+01  9.885354e-03 
 3.787896e+01  9.501777e-03 
 3.787936e+01  9.125882e-03 
 3.787975e+01  8.763605e-03 
 3.788015e+01  8.433046e-03 
 3.788055e+01  8.091092e-03 
 3.788095e+01  7.674065e-03 
 3.788134e+01  7.155931e-03 
 3.788174e+01  6.553762e-03 
 3.788214e+01  5.901435e-03 
 3.788254e+01  5.230595e-03 
 3.788293e+01  4.541307e-03 
 3.788333e+01  3.861748e-03 
 3.788373e+01  3.196925e-03 
 3.788413e+01  2.505772e-03 
 3.788453e+01  1.789074e-03 
 3.788492e+01  1.055289e-03 
 3.788532e+01  2.924436e-04 
 3.788572e+01 -4.677027e-04 
 3.788612e+01 -1.201425e-03 
 3.788651e+01 -1.890866e-03 
 3.788691e+01 -2.572561e-03 
 3.788731e+01 -3.268312e-03 
 3.788771e+01 -4.007425e-03 
 3.788810e+01 -4.785911e-03 
 3.788850e+01 -5.661618e-03 
 3.788890e+01 -6.634398e-03 
 3.788930e+01 -7.668300e-03 
 3.788970e+01 -8.763588e-03 
 3.789009e+01 -9.887412e-03 
 3.789049e+01 -1.104281e-02 
 3.789089e+01 -1.221507e-02 
 3.789129e+01 -1.337262e-02 
 3.789168e+01 -1.450760e-02 
 3.789208e+01 -1.563254e-02 
 3.789248e+01 -1.674655e-02 
 3.789288e+01 -1.785625e-02 
 3.789327e+01 -1.897278e-02 
 3.789367e+01 -2.003214e-02 
 3.789407e+01 -2.102670e-02 
 3.789447e+01 -2.195054e-02 
 3.789487e+01 -2.282342e-02 
 3.789526e+01 -2.366790e-02 
 3.789566e+01 -2.448909e-02 
 3.789606e+01 -2.529519e-02 
 3.789646e+01 -2.611702e-02 
 3.789685e+01 -2.694917e-02 
 3.789725e+01 -2.779548e-02 
 3.789765e+01 -2.863463e-02 
 3.789805e+01 -2.941966e-02 
 3.789844e+01 -3.015573e-02 
 3.789884e+01 -3.086727e-02 
 3.789924e+01 -3.155938e-02 
 3.789964e+01 -3.221514e-02 
 3.790004e+01 -3.282578e-02 
 3.790043e+01 -3.338273e-02 
 3.790083e+01 -3.390574e-02 
 3.790123e+01 -3.441551e-02 
 3.790163e+01 -3.492987e-02 
 3.790202e+01 -3.548379e-02 
 3.790242e+01 -3.603799e-02 
 3.790282e+01 -3.660947e-02 
 3.790322e+01 -3.719830e-02 
 3.790361e+01 -3.778193e-02 
 3.790401e+01 -3.832946e-02 
 3.790441e+01 -3.882607e-02 
 3.790481e+01 -3.928655e-02 
 3.790521e+01 -3.973703e-02 
 3.790560e+01 -4.018621e-02 
 3.790600e+01 -4.067171e-02 
 3.790640e+01 -4.124194e-02 
 3.790680e+01 -4.190834e-02 
 3.790719e+01 -4.268569e-02 
 3.790759e+01 -4.358765e-02 
 3.790799e+01 -4.459860e-02 
 3.790839e+01 -4.569004e-02 
 3.790878e+01 -4.687093e-02 
 3.790918e+01 -4.811876e-02 
 3.790958e+01 -4.941745e-02 
 3.790998e+01 -5.075154e-02 
 3.791038e+01 -5.209202e-02 
 3.791077e+01 -5.346164e-02 
 3.791117e+01 -5.480475e-02 
 3.791157e+01 -5.606968e-02 
 3.791197e+01 -5.724324e-02 
 3.791236e+01 -5.831750e-02 
 3.791276e+01 -5.932869e-02 
 3.791316e+01 -6.032153e-02 
 3.791356e+01 -6.133486e-02 
 3.791395e+01 -6.240072e-02 
 3.791435e+01 -6.352708e-02 
 3.791475e+01 -6.468999e-02 
 3.791515e+01 -6.587281e-02 
 3.791555e+01 -6.705723e-02 
 3.791594e+01 -6.819521e-02 
 3.791634e+01 -6.927063e-02 
 3.791674e+01 -7.030683e-02 
 3.791714e+01 -7.130200e-02 
 3.791753e+01 -7.227471e-02 
 3.791793e+01 -7.321603e-02 
 3.791833e+01 -7.412815e-02 
 3.791873e+01 -7.499386e-02 
 3.791912e+01 -7.579789e-02 
 3.791952e+01 -7.653917e-02 
 3.791992e+01 -7.720955e-02 
 3.792032e+01 -7.780359e-02 
 3.792072e+01 -7.833636e-02 
 3.792111e+01 -7.881793e-02 
 3.792151e+01 -7.925725e-02 
 3.792191e+01 -7.964370e-02 
 3.792231e+01 -7.997143e-02 
 3.792270e+01 -8.023677e-02 
 3.792310e+01 -8.041430e-02 
 3.792350e+01 -8.049161e-02 
 3.792390e+01 -8.050120e-02 
 3.792429e+01 -8.045722e-02 
 3.792469e+01 -8.038561e-02 
 3.792509e+01 -8.030649e-02 
 3.792549e+01 -8.026685e-02 
 3.792589e+01 -8.026097e-02 
 3.792628e+01 -8.024042e-02 
 3.792668e+01 -8.022325e-02 
 3.792708e+01 -8.017928e-02 
 3.792748e+01 -8.002396e-02 
 3.792787e+01 -7.975772e-02 
 3.792827e+01 -7.940054e-02 
 3.792867e+01 -7.894651e-02 
 3.792907e+01 -7.842073e-02 
 3.792946e+01 -7.782562e-02 
 3.792986e+01 -7.719710e-02 
 3.793026e+01 -7.650080e-02 
 3.793066e+01 -7.569313e-02 
 3.793106e+01 -7.481463e-02 
 3.793145e+01 -7.382427e-02 
 3.793185e+01 -7.277592e-02 
 3.793225e+01 -7.166586e-02 
 3.793265e+01 -7.056597e-02 
 3.793304e+01 -6.955970e-02 
 3.793344e+01 -6.859906e-02 
 3.793384e+01 -6.766284e-02 
 3.793424e+01 -6.676841e-02 
 3.793463e+01 -6.588197e-02 
 3.793503e+01 -6.499107e-02 
 3.793543e+01 -6.410169e-02 
 3.793583e+01 -6.323480e-02 
 3.793623e+01 -6.237262e-02 
 3.793662e+01 -6.152017e-02 
 3.793702e+01 -6.068211e-02 
 3.793742e+01 -5.980749e-02 
 3.793782e+01 -5.892591e-02 
 3.793821e+01 -5.804028e-02 
 3.793861e+01 -5.714139e-02 
 3.793901e+01 -5.627952e-02 
 3.793941e+01 -5.541972e-02 
 3.793980e+01 -5.457479e-02 
 3.794020e+01 -5.371200e-02 
 3.794060e+01 -5.285800e-02 
 3.794100e+01 -5.199787e-02 
 3.794140e+01 -5.114229e-02 
 3.794179e+01 -5.028673e-02 
 3.794219e+01 -4.942524e-02 
 3.794259e+01 -4.856138e-02 
 3.794299e+01 -4.772691e-02 
 3.794338e+01 -4.687039e-02 
 3.794378e+01 -4.596093e-02 
 3.794418e+01 -4.505802e-02 
 3.794458e+01 -4.415121e-02 
 3.794498e+01 -4.320633e-02 
 3.794537e+01 -4.221086e-02 
 3.794577e+01 -4.116278e-02 
 3.794617e+01 -4.003499e-02 
 3.794657e+01 -3.880615e-02 
 3.794696e+01 -3.750448e-02 
 3.794736e+01 -3.616071e-02 
 3.794776e+01 -3.482712e-02 
 3.794816e+01 -3.346359e-02 
 3.794855e+01 -3.210417e-02 
 3.794895e+01 -3.074849e-02 
 3.794935e+01 -2.935301e-02 
 3.794975e+01 -2.788167e-02 
 3.795015e+01 -2.632565e-02 
 3.795054e+01 -2.474990e-02 
 3.795094e+01 -2.319522e-02 
 3.795134e+01 -2.164580e-02 
 3.795174e+01 -2.013425e-02 
 3.795213e+01 -1.869502e-02 
 3.795253e+01 -1.728413e-02 
 3.795293e+01 -1.589817e-02 
 3.795333e+01 -1.456954e-02 
 3.795372e+01 -1.326187e-02 
 3.795412e+01 -1.200297e-02 
 3.795452e+01 -1.080278e-02 
 3.795492e+01 -9.631861e-03 
 3.795532e+01 -8.479491e-03 
 3.795571e+01 -7.304678e-03 
 3.795611e+01 -6.045466e-03 
 3.795651e+01 -4.745947e-03 
 3.795691e+01 -3.446396e-03 
 3.795730e+01 -2.144811e-03 
 3.795770e+01 -9.178871e-04 
 3.795810e+01  1.901954e-04 
 3.795850e+01  1.184073e-03 
 3.795889e+01  2.061605e-03 
 3.795929e+01  2.838803e-03 
 3.795969e+01  3.569930e-03 
 3.796009e+01  4.290100e-03 
 3.796049e+01  5.011121e-03 
 3.796088e+01  5.730917e-03 
 3.796128e+01  6.446418e-03 
 3.796168e+01  7.116535e-03 
 3.796208e+01  7.749390e-03 
 3.796247e+01  8.315707e-03 
 3.796287e+01  8.816824e-03 
 3.796327e+01  9.241899e-03 
 3.796367e+01  9.621163e-03 
 3.796406e+01  9.967346e-03 
 3.796446e+01  1.028147e-02 
 3.796486e+01  1.056549e-02 
 3.796526e+01  1.079283e-02 
 3.796566e+01  1.097911e-02 
 3.796605e+01  1.110602e-02 
 3.796645e+01  1.116922e-02 
 3.796685e+01  1.115838e-02 
 3.796725e+01  1.110659e-02 
 3.796764e+01  1.103520e-02 
 3.796804e+01  1.093023e-02 
 3.796844e+01  1.079307e-02 
 3.796884e+01  1.063376e-02 
 3.796923e+01  1.045584e-02 
 3.796963e+01  1.019777e-02 
 3.797003e+01  9.878639e-03 
 3.797043e+01  9.501629e-03 
 3.797083e+01  9.059723e-03 
 3.797122e+01  8.578670e-03 
 3.797162e+01  8.117462e-03 
 3.797202e+01  7.709711e-03 
 3.797242e+01  7.326014e-03 
 3.797281e+01  6.956658e-03 
 3.797321e+01  6.618718e-03 
 3.797361e+01  6.317477e-03 
 3.797401e+01  6.075925e-03 
 3.797440e+01  5.828293e-03 
 3.797480e+01  5.654588e-03 
 3.797520e+01  5.568495e-03 
 3.797560e+01  5.510303e-03 
 3.797600e+01  5.487527e-03 
 3.797639e+01  5.477792e-03 
 3.797679e+01  5.409734e-03 
 3.797719e+01  5.286492e-03 
 3.797759e+01  5.120904e-03 
 3.797798e+01  4.962973e-03 
 3.797838e+01  4.831400e-03 
 3.797878e+01  4.752052e-03 
 3.797918e+01  4.746082e-03 
 3.797957e+01  4.822731e-03 
 3.797997e+01  4.980709e-03 
 3.798037e+01  5.195907e-03 
 3.798077e+01  5.429694e-03 
 3.798117e+01  5.662053e-03 
 3.798156e+01  5.868172e-03 
 3.798196e+01  6.054830e-03 
 3.798236e+01  6.198408e-03 
 3.798276e+01  6.320605e-03 
 3.798315e+01  6.392453e-03 
 3.798355e+01  6.448734e-03 
 3.798395e+01  6.468742e-03 
 3.798435e+01  6.451613e-03 
 3.798474e+01  6.374396e-03 
 3.798514e+01  6.247278e-03 
 3.798554e+01  6.046159e-03 
 3.798594e+01  5.757600e-03 
 3.798634e+01  5.419914e-03 
 3.798673e+01  5.010255e-03 
 3.798713e+01  4.563380e-03 
 3.798753e+01  4.083712e-03 
 3.798793e+01  3.586523e-03 
 3.798832e+01  3.045755e-03 
 3.798872e+01  2.430818e-03 
 3.798912e+01  1.777025e-03 
 3.798952e+01  1.106323e-03 
 3.798991e+01  4.229366e-04 
 3.799031e+01 -2.842937e-04 
 3.799071e+01 -1.012207e-03 
 3.799111e+01 -1.738096e-03 
 3.799151e+01 -2.458091e-03 
 3.799190e+01 -3.198729e-03 
 3.799230e+01 -3.966278e-03 
 3.799270e+01 -4.780732e-03 
 3.799310e+01 -5.640534e-03 
 3.799349e+01 -6.562787e-03 
 3.799389e+01 -7.494336e-03 
 3.799429e+01 -8.458130e-03 
 3.799469e+01 -9.499900e-03 
 3.799508e+01 -1.057882e-02 
 3.799548e+01 -1.171925e-02 
 3.799588e+01 -1.289321e-02 
 3.799628e+01 -1.412332e-02 
 3.799668e+01 -1.541018e-02 
 3.799707e+01 -1.671108e-02 
 3.799747e+01 -1.798756e-02 
 3.799787e+01 -1.924593e-02 
 3.799827e+01 -2.046046e-02 
 3.799866e+01 -2.164771e-02 
 3.799906e+01 -2.283803e-02 
 3.799946e+01 -2.403467e-02 
 3.799986e+01 -2.520784e-02 
 3.800025e+01 -2.635636e-02 
 3.800065e+01 -2.747731e-02 
 3.800105e+01 -2.854150e-02 
 3.800145e+01 -2.955255e-02 
 3.800185e+01 -3.052910e-02 
 3.800224e+01 -3.154110e-02 
 3.800264e+01 -3.260966e-02 
 3.800304e+01 -3.374556e-02 
 3.800344e+01 -3.495347e-02 
 3.800383e+01 -3.619364e-02 
 3.800423e+01 -3.742912e-02 
 3.800463e+01 -3.863796e-02 
 3.800503e+01 -3.977877e-02 
 3.800542e+01 -4.086057e-02 
 3.800582e+01 -4.188953e-02 
 3.800622e+01 -4.286119e-02 
 3.800662e+01 -4.380150e-02 
 3.800702e+01 -4.469011e-02 
 3.800741e+01 -4.549317e-02 
 3.800781e+01 -4.620781e-02 
 3.800821e+01 -4.683405e-02 
 3.800861e+01 -4.740191e-02 
 3.800900e+01 -4.796432e-02 
 3.800940e+01 -4.856453e-02 
 3.800980e+01 -4.918477e-02 
 3.801020e+01 -4.983841e-02 
 3.801059e+01 -5.051739e-02 
 3.801099e+01 -5.120975e-02 
 3.801139e+01 -5.187876e-02 
 3.801179e+01 -5.252057e-02 
 3.801219e+01 -5.316419e-02 
 3.801258e+01 -5.383300e-02 
 3.801298e+01 -5.453226e-02 
 3.801338e+01 -5.529712e-02 
 3.801378e+01 -5.614744e-02 
 3.801417e+01 -5.707252e-02 
 3.801457e+01 -5.807394e-02 
 3.801497e+01 -5.913414e-02 
 3.801537e+01 -6.025613e-02 
 3.801576e+01 -6.138760e-02 
 3.801616e+01 -6.246683e-02 
 3.801656e+01 -6.350553e-02 
 3.801696e+01 -6.453257e-02 
 3.801736e+01 -6.551843e-02 
 3.801775e+01 -6.648584e-02 
 3.801815e+01 -6.750930e-02 
 3.801855e+01 -6.856479e-02 
 3.801895e+01 -6.963269e-02 
 3.801934e+01 -7.066026e-02 
 3.801974e+01 -7.164926e-02 
 3.802014e+01 -7.259979e-02 
 3.802054e+01 -7.350273e-02 
 3.802093e+01 -7.439562e-02 
 3.802133e+01 -7.532158e-02 
 3.802173e+01 -7.629381e-02 
 3.802213e+01 -7.729536e-02 
 3.802253e+01 -7.832090e-02 
 3.802292e+01 -7.928909e-02 
 3.802332e+01 -8.017400e-02 
 3.802372e+01 -8.090597e-02 
 3.802412e+01 -8.151063e-02 
 3.802451e+01 -8.201709e-02 
 3.802491e+01 -8.243762e-02 
 3.802531e+01 -8.278933e-02 
 3.802571e+01 -8.307418e-02 
 3.802610e+01 -8.327845e-02 
 3.802650e+01 -8.336414e-02 
 3.802690e+01 -8.337857e-02 
 3.802730e+01 -8.334052e-02 
 3.802770e+01 -8.326143e-02 
 3.802809e+01 -8.316381e-02 
 3.802849e+01 -8.309299e-02 
 3.802889e+01 -8.300788e-02 
 3.802929e+01 -8.289072e-02 
 3.802968e+01 -8.272580e-02 
 3.803008e+01 -8.247749e-02 
 3.803048e+01 -8.207015e-02 
 3.803088e+01 -8.156764e-02 
 3.803127e+01 -8.098511e-02 
 3.803167e+01 -8.030558e-02 
 3.803207e+01 -7.958801e-02 
 3.803247e+01 -7.886787e-02 
 3.803287e+01 -7.812784e-02 
 3.803326e+01 -7.731618e-02 
 3.803366e+01 -7.644011e-02 
 3.803406e+01 -7.550017e-02 
 3.803446e+01 -7.450238e-02 
 3.803485e+01 -7.343789e-02 
 3.803525e+01 -7.226482e-02 
 3.803565e+01 -7.101144e-02 
 3.803605e+01 -6.970745e-02 
 3.803645e+01 -6.838580e-02 
 3.803684e+01 -6.702078e-02 
 3.803724e+01 -6.564567e-02 
 3.803764e+01 -6.428258e-02 
 3.803804e+01 -6.291056e-02 
 3.803843e+01 -6.155436e-02 
 3.803883e+01 -6.023245e-02 
 3.803923e+01 -5.892084e-02 
 3.803963e+01 -5.760000e-02 
 3.804002e+01 -5.628513e-02 
 3.804042e+01 -5.500432e-02 
 3.804082e+01 -5.374910e-02 
 3.804122e+01 -5.246479e-02 
 3.804162e+01 -5.116175e-02 
 3.804201e+01 -4.984546e-02 
 3.804241e+01 -4.855380e-02 
 3.804281e+01 -4.726476e-02 
 3.804321e+01 -4.602209e-02 
 3.804360e+01 -4.486439e-02 
 3.804400e+01 -4.377285e-02 
 3.804440e+01 -4.273698e-02 
 3.804480e+01 -4.174346e-02 
 3.804519e+01 -4.075841e-02 
 3.804559e+01 -3.975423e-02 
 3.804599e+01 -3.877238e-02 
 3.804639e+01 -3.783380e-02 
 3.804679e+01 -3.696677e-02 
 3.804718e+01 -3.621578e-02 
 3.804758e+01 -3.557482e-02 
 3.804798e+01 -3.500791e-02 
 3.804838e+01 -3.448066e-02 
 3.804877e+01 -3.397388e-02 
 3.804917e+01 -3.342796e-02 
 3.804957e+01 -3.280113e-02 
 3.804997e+01 -3.214520e-02 
 3.805036e+01 -3.146472e-02 
 3.805076e+01 -3.077930e-02 
 3.805116e+01 -3.012762e-02 
 3.805156e+01 -2.948843e-02 
 3.805196e+01 -2.887380e-02 
 3.805235e+01 -2.822684e-02 
 3.805275e+01 -2.752015e-02 
 3.805315e+01 -2.673732e-02 
 3.805355e+01 -2.590186e-02 
 3.805394e+01 -2.497161e-02 
 3.805434e+01 -2.401303e-02 
 3.805474e+01 -2.307641e-02 
 3.805514e+01 -2.216056e-02 
 3.805553e+01 -2.124991e-02 
 3.805593e+01 -2.031348e-02 
 3.805633e+01 -1.936001e-02 
 3.805673e+01 -1.837580e-02 
 3.805713e+01 -1.734082e-02 
 3.805752e+01 -1.627898e-02 
 3.805792e+01 -1.521015e-02 
 3.805832e+01 -1.412763e-02 
 3.805872e+01 -1.306551e-02 
 3.805911e+01 -1.201225e-02 
 3.805951e+01 -1.095985e-02 
 3.805991e+01 -9.891546e-03 
 3.806031e+01 -8.792543e-03 
 3.806070e+01 -7.651701e-03 
 3.806110e+01 -6.540906e-03 
 3.806150e+01 -5.441579e-03 
 3.806190e+01 -4.354106e-03 
 3.806230e+01 -3.305047e-03 
 3.806269e+01 -2.307927e-03 
 3.806309e+01 -1.333781e-03 
 3.806349e+01 -3.740040e-04 
 3.806389e+01  5.319887e-04 
 3.806428e+01  1.422141e-03 
 3.806468e+01  2.277859e-03 
 3.806508e+01  3.096894e-03 
 3.806548e+01  3.841638e-03 
 3.806587e+01  4.486379e-03 
 3.806627e+01  5.011263e-03 
 3.806667e+01  5.438195e-03 
 3.806707e+01  5.784747e-03 
 3.806747e+01  6.135277e-03 
 3.806786e+01  6.515149e-03 
 3.806826e+01  6.940201e-03 
 3.806866e+01  7.420977e-03 
 3.806906e+01  7.941182e-03 
 3.806945e+01  8.442706e-03 
 3.806985e+01  8.865907e-03 
 3.807025e+01  9.217783e-03 
 3.807065e+01  9.472057e-03 
 3.807104e+01  9.631696e-03 
 3.807144e+01  9.741233e-03 
 3.807184e+01  9.847986e-03 
 3.807224e+01  9.915873e-03 
 3.807264e+01  9.914934e-03 
 3.807303e+01  9.869799e-03 
 3.807343e+01  9.741200e-03 
 3.807383e+01  9.543198e-03 
 3.807423e+01  9.320551e-03 
 3.807462e+01  9.115010e-03 
 3.807502e+01  8.945821e-03 
 3.807542e+01  8.797622e-03 
 3.807582e+01  8.648238e-03 
 3.807621e+01  8.488083e-03 
 3.807661e+01  8.273165e-03 
 3.807701e+01  7.978478e-03 
 3.807741e+01  7.650607e-03 
 3.807781e+01  7.316885e-03 
 3.807820e+01  6.984345e-03 
 3.807860e+01  6.663665e-03 
 3.807900e+01  6.374439e-03 
 3.807940e+01  6.109783e-03 
 3.807979e+01  5.830044e-03 
 3.808019e+01  5.506922e-03 
 3.808059e+01  5.177289e-03 
 3.808099e+01  4.884287e-03 
 3.808138e+01  4.619474e-03 
 3.808178e+01  4.414289e-03 
 3.808218e+01  4.281400e-03 
 3.808258e+01  4.203515e-03 
 3.808298e+01  4.183830e-03 
 3.808337e+01  4.177626e-03 
 3.808377e+01  4.169264e-03 
 3.808417e+01  4.152602e-03 
 3.808457e+01  4.101094e-03 
 3.808496e+01  4.066312e-03 
 3.808536e+01  4.113351e-03 
 3.808576e+01  4.229641e-03 
 3.808616e+01  4.402189e-03 
 3.808655e+01  4.663717e-03 
 3.808695e+01  5.021577e-03 
 3.808735e+01  5.427388e-03 
 3.808775e+01  5.858106e-03 
 3.808815e+01  6.275107e-03 
 3.808854e+01  6.649226e-03 
 3.808894e+01  6.949132e-03 
 3.808934e+01  7.177869e-03 
 3.808974e+01  7.343672e-03 
 3.809013e+01  7.422198e-03 
 3.809053e+01  7.420394e-03 
 3.809093e+01  7.346548e-03 
 3.809133e+01  7.203768e-03 
 3.809172e+01  6.970470e-03 
 3.809212e+01  6.649602e-03 
 3.809252e+01  6.255154e-03 
 3.809292e+01  5.797968e-03 
 3.809332e+01  5.309910e-03 
 3.809371e+01  4.813800e-03 
 3.809411e+01  4.316866e-03 
 3.809451e+01  3.776642e-03 
 3.809491e+01  3.145067e-03 
 3.809530e+01  2.426483e-03 
 3.809570e+01  1.596236e-03 
 3.809610e+01  6.508532e-04 
 3.809650e+01 -3.632794e-04 
 3.809689e+01 -1.414411e-03 
 3.809729e+01 -2.496875e-03 
 3.809769e+01 -3.648444e-03 
 3.809809e+01 -4.855005e-03 
 3.809849e+01 -6.179462e-03 
 3.809888e+01 -7.624985e-03 
 3.809928e+01 -9.214086e-03 
 3.809968e+01 -1.086458e-02 
 3.810008e+01 -1.255422e-02 
 3.810047e+01 -1.426828e-02 
 3.810087e+01 -1.596475e-02 
 3.810127e+01 -1.761603e-02 
 3.810167e+01 -1.923250e-02 
 3.810206e+01 -2.083585e-02 
 3.810246e+01 -2.246693e-02 
 3.810286e+01 -2.411032e-02 
 3.810326e+01 -2.576000e-02 
 3.810366e+01 -2.742307e-02 
 3.810405e+01 -2.905598e-02 
 3.810445e+01 -3.062179e-02 
 3.810485e+01 -3.215728e-02 
 3.810525e+01 -3.364408e-02 
 3.810564e+01 -3.508641e-02 
 3.810604e+01 -3.650860e-02 
 3.810644e+01 -3.791445e-02 
 3.810684e+01 -3.935873e-02 
 3.810723e+01 -4.081690e-02 
 3.810763e+01 -4.225635e-02 
 3.810803e+01 -4.370794e-02 
 3.810843e+01 -4.515253e-02 
 3.810883e+01 -4.657714e-02 
 3.810922e+01 -4.796584e-02 
 3.810962e+01 -4.935443e-02 
 3.811002e+01 -5.073194e-02 
 3.811042e+01 -5.209643e-02 
 3.811081e+01 -5.344010e-02 
 3.811121e+01 -5.472815e-02 
 3.811161e+01 -5.593799e-02 
 3.811201e+01 -5.705093e-02 
 3.811240e+01 -5.805234e-02 
 3.811280e+01 -5.895970e-02 
 3.811320e+01 -5.976218e-02 
 3.811360e+01 -6.050564e-02 
 3.811400e+01 -6.118098e-02 
 3.811439e+01 -6.180986e-02 
 3.811479e+01 -6.237920e-02 
 3.811519e+01 -6.291666e-02 
 3.811559e+01 -6.339597e-02 
 3.811598e+01 -6.383618e-02 
 3.811638e+01 -6.427815e-02 
 3.811678e+01 -6.473641e-02 
 3.811718e+01 -6.521285e-02 
 3.811757e+01 -6.572068e-02 
 3.811797e+01 -6.626037e-02 
 3.811837e+01 -6.679331e-02 
 3.811877e+01 -6.727085e-02 
 3.811917e+01 -6.769318e-02 
 3.811956e+01 -6.803950e-02 
 3.811996e+01 -6.831335e-02 
 3.812036e+01 -6.850646e-02 
 3.812076e+01 -6.865668e-02 
 3.812115e+01 -6.880601e-02 
 3.812155e+01 -6.899898e-02 
 3.812195e+01 -6.920856e-02 
 3.812235e+01 -6.946769e-02 
 3.812274e+01 -6.977580e-02 
 3.812314e+01 -7.007004e-02 
 3.812354e+01 -7.034948e-02 
 3.812394e+01 -7.062717e-02 
 3.812434e+01 -7.091534e-02 
 3.812473e+01 -7.121590e-02 
 3.812513e+01 -7.153637e-02 
 3.812553e+01 -7.190408e-02 
 3.812593e+01 -7.232916e-02 
 3.812632e+01 -7.278148e-02 
 3.812672e+01 -7.321254e-02 
 3.812712e+01 -7.364287e-02 
 3.812752e+01 -7.406105e-02 
 3.812792e+01 -7.447561e-02 
 3.812831e+01 -7.490027e-02 
 3.812871e+01 -7.532615e-02 
 3.812911e+01 -7.572907e-02 
 3.812951e+01 -7.607755e-02 
 3.812990e+01 -7.633645e-02 
 3.813030e+01 -7.648554e-02 
 3.813070e+01 -7.649214e-02 
 3.813110e+01 -7.633902e-02 
 3.813149e+01 -7.607928e-02 
 3.813189e+01 -7.576674e-02 
 3.813229e+01 -7.544762e-02 
 3.813269e+01 -7.510521e-02 
 3.813309e+01 -7.472243e-02 
 3.813348e+01 -7.425965e-02 
 3.813388e+01 -7.371892e-02 
 3.813428e+01 -7.309912e-02 
 3.813468e+01 -7.239147e-02 
 3.813507e+01 -7.163919e-02 
 3.813547e+01 -7.085994e-02 
 3.813587e+01 -7.006972e-02 
 3.813627e+01 -6.927859e-02 
 3.813666e+01 -6.845584e-02 
 3.813706e+01 -6.757239e-02 
 3.813746e+01 -6.658433e-02 
 3.813786e+01 -6.547225e-02 
 3.813826e+01 -6.424292e-02 
 3.813865e+01 -6.293240e-02 
 3.813905e+01 -6.157435e-02 
 3.813945e+01 -6.018768e-02 
 3.813985e+01 -5.881842e-02 
 3.814024e+01 -5.751178e-02 
 3.814064e+01 -5.624806e-02 
 3.814104e+01 -5.499707e-02 
 3.814144e+01 -5.376503e-02 
 3.814183e+01 -5.252503e-02 
 3.814223e+01 -5.125274e-02 
 3.814263e+01 -4.996583e-02 
 3.814303e+01 -4.867719e-02 
 3.814343e+01 -4.741829e-02 
 3.814382e+01 -4.618934e-02 
 3.814422e+01 -4.499861e-02 
 3.814462e+01 -4.385437e-02 
 3.814502e+01 -4.274273e-02 
 3.814541e+01 -4.164152e-02 
 3.814581e+01 -4.054704e-02 
 3.814621e+01 -3.950429e-02 
 3.814661e+01 -3.851251e-02 
 3.814700e+01 -3.756223e-02 
 3.814740e+01 -3.665870e-02 
 3.814780e+01 -3.579283e-02 
 3.814820e+01 -3.493913e-02 
 3.814860e+01 -3.407508e-02 
 3.814899e+01 -3.320414e-02 
 3.814939e+01 -3.231415e-02 
 3.814979e+01 -3.142333e-02 
 3.815019e+01 -3.055352e-02 
 3.815058e+01 -2.975484e-02 
 3.815098e+01 -2.903268e-02 
 3.815138e+01 -2.838555e-02 
 3.815178e+01 -2.779048e-02 
 3.815217e+01 -2.725890e-02 
 3.815257e+01 -2.678164e-02 
 3.815297e+01 -2.634609e-02 
 3.815337e+01 -2.592832e-02 
 3.815377e+01 -2.554479e-02 
 3.815416e+01 -2.521348e-02 
 3.815456e+01 -2.492228e-02 
 3.815496e+01 -2.467760e-02 
 3.815536e+01 -2.447982e-02 
 3.815575e+01 -2.429621e-02 
 3.815615e+01 -2.410869e-02 
 3.815655e+01 -2.388798e-02 
 3.815695e+01 -2.360387e-02 
 3.815734e+01 -2.326853e-02 
 3.815774e+01 -2.289466e-02 
 3.815814e+01 -2.251817e-02 
 3.815854e+01 -2.214550e-02 
 3.815894e+01 -2.179354e-02 
 3.815933e+01 -2.144986e-02 
 3.815973e+01 -2.109107e-02 
 3.816013e+01 -2.069270e-02 
 3.816053e+01 -2.025550e-02 
 3.816092e+01 -1.977015e-02 
 3.816132e+01 -1.924418e-02 
 3.816172e+01 -1.870567e-02 
 3.816212e+01 -1.813499e-02 
 3.816251e+01 -1.752080e-02 
 3.816291e+01 -1.682797e-02 
 3.816331e+01 -1.602015e-02 
 3.816371e+01 -1.509534e-02 
 3.816411e+01 -1.407223e-02 
 3.816450e+01 -1.294115e-02 
 3.816490e+01 -1.177659e-02 
 3.816530e+01 -1.061895e-02 
 3.816570e+01 -9.459164e-03 
 3.816609e+01 -8.309150e-03 
 3.816649e+01 -7.154187e-03 
 3.816689e+01 -5.982501e-03 
 3.816729e+01 -4.793138e-03 
 3.816768e+01 -3.584322e-03 
 3.816808e+01 -2.380117e-03 
 3.816848e+01 -1.207907e-03 
 3.816888e+01 -6.204085e-05 
 3.816928e+01  1.070969e-03 
 3.816967e+01  2.181195e-03 
 3.817007e+01  3.281978e-03 
 3.817047e+01  4.379730e-03 
 3.817087e+01  5.497013e-03 
 3.817126e+01  6.599615e-03 
 3.817166e+01  7.659646e-03 
 3.817206e+01  8.662520e-03 
 3.817246e+01  9.599582e-03 
 3.817285e+01  1.044066e-02 
 3.817325e+01  1.117897e-02 
 3.817365e+01  1.181919e-02 
 3.817405e+01  1.236796e-02 
 3.817445e+01  1.285169e-02 
 3.817484e+01  1.330972e-02 
 3.817524e+01  1.376803e-02 
 3.817564e+01  1.423322e-02 
 3.817604e+01  1.466363e-02 
 3.817643e+01  1.505526e-02 
 3.817683e+01  1.539887e-02 
 3.817723e+01  1.566080e-02 
 3.817763e+01  1.581032e-02 
 3.817802e+01  1.585120e-02 
 3.817842e+01  1.581251e-02 
 3.817882e+01  1.573407e-02 
 3.817922e+01  1.563936e-02 
 3.817962e+01  1.552696e-02 
 3.818001e+01  1.537957e-02 
 3.818041e+01  1.519241e-02 
 3.818081e+01  1.497633e-02 
 3.818121e+01  1.474107e-02 
 3.818160e+01  1.452425e-02 
 3.818200e+01  1.434543e-02 
 3.818240e+01  1.422346e-02 
 3.818280e+01  1.414228e-02 
 3.818319e+01  1.407986e-02 
 3.818359e+01  1.398989e-02 
 3.818399e+01  1.380313e-02 
 3.818439e+01  1.351130e-02 
 3.818479e+01  1.312448e-02 
 3.818518e+01  1.266295e-02 
 3.818558e+01  1.216166e-02 
 3.818598e+01  1.163950e-02 
 3.818638e+01  1.109256e-02 
 3.818677e+01  1.054428e-02 
 3.818717e+01  9.962367e-03 
 3.818757e+01  9.341014e-03 
 3.818797e+01  8.714867e-03 
 3.818836e+01  8.096454e-03 
 3.818876e+01  7.510232e-03 
 3.818916e+01  6.977610e-03 
 3.818956e+01  6.524075e-03 
 3.818996e+01  6.135746e-03 
 3.819035e+01  5.774251e-03 
 3.819075e+01  5.417538e-03 
 3.819115e+01  5.059426e-03 
 3.819155e+01  4.683900e-03 
 3.819194e+01  4.274093e-03 
 3.819234e+01  3.845009e-03 
 3.819274e+01  3.398598e-03 
 3.819314e+01  2.954655e-03 
 3.819353e+01  2.499671e-03 
 3.819393e+01  2.020405e-03 
 3.819433e+01  1.520465e-03 
 3.819473e+01  9.879430e-04 
 3.819513e+01  4.110898e-04 
 3.819552e+01 -1.986151e-04 
 3.819592e+01 -8.414744e-04 
 3.819632e+01 -1.537591e-03 
 3.819672e+01 -2.286354e-03 
 3.819711e+01 -3.065456e-03 
 3.819751e+01 -3.868467e-03 
 3.819791e+01 -4.697898e-03 
 3.819831e+01 -5.563198e-03 
 3.819870e+01 -6.452130e-03 
 3.819910e+01 -7.350920e-03 
 3.819950e+01 -8.272606e-03 
 3.819990e+01 -9.215463e-03 
 3.820030e+01 -1.018248e-02 
 3.820069e+01 -1.116308e-02 
 3.820109e+01 -1.214896e-02 
 3.820149e+01 -1.316792e-02 
 3.820189e+01 -1.426316e-02 
 3.820228e+01 -1.546612e-02 
 3.820268e+01 -1.679598e-02 
 3.820308e+01 -1.826830e-02 
 3.820348e+01 -1.985463e-02 
 3.820387e+01 -2.151542e-02 
 3.820427e+01 -2.322019e-02 
 3.820467e+01 -2.495320e-02 
 3.820507e+01 -2.671395e-02 
 3.820547e+01 -2.850506e-02 
 3.820586e+01 -3.034173e-02 
 3.820626e+01 -3.224664e-02 
 3.820666e+01 -3.420169e-02 
 3.820706e+01 -3.616588e-02 
 3.820745e+01 -3.810268e-02 
 3.820785e+01 -3.995873e-02 
 3.820825e+01 -4.169520e-02 
 3.820865e+01 -4.329428e-02 
 3.820904e+01 -4.479934e-02 
 3.820944e+01 -4.625433e-02 
 3.820984e+01 -4.769675e-02 
 3.821024e+01 -4.913504e-02 
 3.821064e+01 -5.055551e-02 
 3.821103e+01 -5.197846e-02 
 3.821143e+01 -5.333730e-02 
 3.821183e+01 -5.462001e-02 
 3.821223e+01 -5.584052e-02 
 3.821262e+01 -5.703040e-02 
 3.821302e+01 -5.819774e-02 
 3.821342e+01 -5.937040e-02 
 3.821382e+01 -6.054002e-02 
 3.821421e+01 -6.169465e-02 
 3.821461e+01 -6.277912e-02 
 3.821501e+01 -6.374818e-02 
 3.821541e+01 -6.461139e-02 
 3.821581e+01 -6.537280e-02 
 3.821620e+01 -6.606518e-02 
 3.821660e+01 -6.669627e-02 
 3.821700e+01 -6.729665e-02 
 3.821740e+01 -6.786250e-02 
 3.821779e+01 -6.836663e-02 
 3.821819e+01 -6.876235e-02 
 3.821859e+01 -6.905700e-02 
 3.821899e+01 -6.923924e-02 
 3.821938e+01 -6.932269e-02 
 3.821978e+01 -6.935458e-02 
 3.822018e+01 -6.935188e-02 
 3.822058e+01 -6.933276e-02 
 3.822098e+01 -6.928996e-02 
 3.822137e+01 -6.923295e-02 
 3.822177e+01 -6.916893e-02 
 3.822217e+01 -6.909021e-02 
 3.822257e+01 -6.897295e-02 
 3.822296e+01 -6.884834e-02 
 3.822336e+01 -6.870256e-02 
 3.822376e+01 -6.856715e-02 
 3.822416e+01 -6.844270e-02 
 3.822456e+01 -6.830343e-02 
 3.822495e+01 -6.815097e-02 
 3.822535e+01 -6.798946e-02 
 3.822575e+01 -6.782129e-02 
 3.822615e+01 -6.761385e-02 
 3.822654e+01 -6.735782e-02 
 3.822694e+01 -6.703112e-02 
 3.822734e+01 -6.663411e-02 
 3.822774e+01 -6.618967e-02 
 3.822813e+01 -6.573844e-02 
 3.822853e+01 -6.533503e-02 
 3.822893e+01 -6.501000e-02 
 3.822933e+01 -6.476147e-02 
 3.822973e+01 -6.460668e-02 
 3.823012e+01 -6.450510e-02 
 3.823052e+01 -6.441753e-02 
 3.823092e+01 -6.432357e-02 
 3.823132e+01 -6.421582e-02 
 3.823171e+01 -6.412860e-02 
 3.823211e+01 -6.407038e-02 
 3.823251e+01 -6.404210e-02 
 3.823291e+01 -6.403484e-02 
 3.823330e+01 -6.403487e-02 
 3.823370e+01 -6.400341e-02 
 3.823410e+01 -6.394154e-02 
 3.823450e+01 -6.387842e-02 
 3.823490e+01 -6.383592e-02 
 3.823529e+01 -6.383573e-02 
 3.823569e+01 -6.389362e-02 
 3.823609e+01 -6.401766e-02 
 3.823649e+01 -6.417642e-02 
 3.823688e+01 -6.429255e-02 
 3.823728e+01 -6.433232e-02 
 3.823768e+01 -6.427988e-02 
 3.823808e+01 -6.413283e-02 
 3.823847e+01 -6.391048e-02 
 3.823887e+01 -6.364983e-02 
 3.823927e+01 -6.338370e-02 
 3.823967e+01 -6.311686e-02 
 3.824007e+01 -6.284060e-02 
 3.824046e+01 -6.253883e-02 
 3.824086e+01 -6.217691e-02 
 3.824126e+01 -6.172484e-02 
 3.824166e+01 -6.117927e-02 
 3.824205e+01 -6.056451e-02 
 3.824245e+01 -5.992255e-02 
 3.824285e+01 -5.926458e-02 
 3.824325e+01 -5.857640e-02 
 3.824364e+01 -5.786120e-02 
 3.824404e+01 -5.709346e-02 
 3.824444e+01 -5.626185e-02 
 3.824484e+01 -5.533601e-02 
 3.824524e+01 -5.430729e-02 
 3.824563e+01 -5.322888e-02 
 3.824603e+01 -5.209891e-02 
 3.824643e+01 -5.097644e-02 
 3.824683e+01 -4.986125e-02 
 3.824722e+01 -4.878417e-02 
 3.824762e+01 -4.775597e-02 
 3.824802e+01 -4.675162e-02 
 3.824842e+01 -4.576765e-02 
 3.824881e+01 -4.479187e-02 
 3.824921e+01 -4.379529e-02 
 3.824961e+01 -4.277173e-02 
 3.825001e+01 -4.171400e-02 
 3.825041e+01 -4.064618e-02 
 3.825080e+01 -3.958657e-02 
 3.825120e+01 -3.852978e-02 
 3.825160e+01 -3.747990e-02 
 3.825200e+01 -3.642376e-02 
 3.825239e+01 -3.533536e-02 
 3.825279e+01 -3.421411e-02 
 3.825319e+01 -3.308691e-02 
 3.825359e+01 -3.199338e-02 
 3.825398e+01 -3.095959e-02 
 3.825438e+01 -3.000428e-02 
 3.825478e+01 -2.914722e-02 
 3.825518e+01 -2.837739e-02 
 3.825558e+01 -2.765276e-02 
 3.825597e+01 -2.693126e-02 
 3.825637e+01 -2.619128e-02 
 3.825677e+01 -2.543251e-02 
 3.825717e+01 -2.466171e-02 
 3.825756e+01 -2.391555e-02 
 3.825796e+01 -2.321160e-02 
 3.825836e+01 -2.257684e-02 
 3.825876e+01 -2.198837e-02 
 3.825915e+01 -2.141390e-02 
 3.825955e+01 -2.081636e-02 
 3.825995e+01 -2.016567e-02 
 3.826035e+01 -1.945346e-02 
 3.826075e+01 -1.870403e-02 
 3.826114e+01 -1.797486e-02 
 3.826154e+01 -1.729641e-02 
 3.826194e+01 -1.668874e-02 
 3.826234e+01 -1.613839e-02 
 3.826273e+01 -1.562057e-02 
 3.826313e+01 -1.510714e-02 
 3.826353e+01 -1.457207e-02 
 3.826393e+01 -1.401498e-02 
 3.826432e+01 -1.344168e-02 
 3.826472e+01 -1.285994e-02 
 3.826512e+01 -1.227996e-02 
 3.826552e+01 -1.172520e-02 
 3.826592e+01 -1.117341e-02 
 3.826631e+01 -1.060590e-02 
 3.826671e+01 -9.997477e-03 
 3.826711e+01 -9.329706e-03 
 3.826751e+01 -8.634645e-03 
 3.826790e+01 -7.914790e-03 
 3.826830e+01 -7.159431e-03 
 3.826870e+01 -6.379487e-03 
 3.826910e+01 -5.573038e-03 
 3.826949e+01 -4.746668e-03 
 3.826989e+01 -3.874725e-03 
 3.827029e+01 -2.929933e-03 
 3.827069e+01 -1.895686e-03 
 3.827109e+01 -7.936114e-04 
 3.827148e+01  3.607904e-04 
 3.827188e+01  1.536981e-03 
 3.827228e+01  2.700099e-03 
 3.827268e+01  3.844089e-03 
 3.827307e+01  4.960799e-03 
 3.827347e+01  6.046866e-03 
 3.827387e+01  7.088492e-03 
 3.827427e+01  8.105705e-03 
 3.827466e+01  9.095350e-03 
 3.827506e+01  1.006314e-02 
 3.827546e+01  1.101299e-02 
 3.827586e+01  1.193294e-02 
 3.827626e+01  1.284485e-02 
 3.827665e+01  1.374536e-02 
 3.827705e+01  1.462915e-02 
 3.827745e+01  1.548408e-02 
 3.827785e+01  1.631411e-02 
 3.827824e+01  1.711979e-02 
 3.827864e+01  1.788849e-02 
 3.827904e+01  1.860770e-02 
 3.827944e+01  1.926849e-02 
 3.827983e+01  1.982049e-02 
 3.828023e+01  2.023131e-02 
 3.828063e+01  2.049389e-02 
 3.828103e+01  2.061249e-02 
 3.828143e+01  2.062005e-02 
 3.828182e+01  2.052685e-02 
 3.828222e+01  2.034432e-02 
 3.828262e+01  2.012581e-02 
 3.828302e+01  1.983521e-02 
 3.828341e+01  1.947523e-02 
 3.828381e+01  1.900895e-02 
 3.828421e+01  1.848089e-02 
 3.828461e+01  1.785993e-02 
 3.828500e+01  1.720132e-02 
 3.828540e+01  1.654018e-02 
 3.828580e+01  1.586729e-02 
 3.828620e+01  1.516709e-02 
 3.828660e+01  1.444641e-02 
 3.828699e+01  1.368660e-02 
 3.828739e+01  1.286155e-02 
 3.828779e+01  1.197167e-02 
 3.828819e+01  1.104866e-02 
 3.828858e+01  1.013645e-02 
 3.828898e+01  9.246860e-03 
 3.828938e+01  8.421669e-03 
 3.828978e+01  7.619564e-03 
 3.829017e+01  6.793271e-03 
 3.829057e+01  5.926316e-03 
 3.829097e+01  4.984844e-03 
 3.829137e+01  3.959151e-03 
 3.829177e+01  2.852212e-03 
 3.829216e+01  1.701306e-03 
 3.829256e+01  5.467832e-04 
 3.829296e+01 -5.820140e-04 
 3.829336e+01 -1.663813e-03 
 3.829375e+01 -2.684007e-03 
 3.829415e+01 -3.656949e-03 
 3.829455e+01 -4.590661e-03 
 3.829495e+01 -5.493494e-03 
 3.829534e+01 -6.363481e-03 
 3.829574e+01 -7.200520e-03 
 3.829614e+01 -8.000999e-03 
 3.829654e+01 -8.757956e-03 
 3.829694e+01 -9.492143e-03 
 3.829733e+01 -1.020715e-02 
 3.829773e+01 -1.092071e-02 
 3.829813e+01 -1.165622e-02 
 3.829853e+01 -1.242351e-02 
 3.829892e+01 -1.323654e-02 
 3.829932e+01 -1.409061e-02 
 3.829972e+01 -1.497224e-02 
 3.830012e+01 -1.586744e-02 
 3.830051e+01 -1.674590e-02 
 3.830091e+01 -1.762200e-02 
 3.830131e+01 -1.848222e-02 
 3.830171e+01 -1.930712e-02 
 3.830211e+01 -2.012287e-02 
 3.830250e+01 -2.094134e-02 
 3.830290e+01 -2.175647e-02 
 3.830330e+01 -2.254423e-02 
 3.830370e+01 -2.332912e-02 
 3.830409e+01 -2.408227e-02 
 3.830449e+01 -2.479947e-02 
 3.830489e+01 -2.548162e-02 
 3.830529e+01 -2.615710e-02 
 3.830568e+01 -2.683550e-02 
 3.830608e+01 -2.754759e-02 
 3.830648e+01 -2.830910e-02 
 3.830688e+01 -2.912293e-02 
 3.830728e+01 -2.999916e-02 
 3.830767e+01 -3.089125e-02 
 3.830807e+01 -3.179975e-02 
 3.830847e+01 -3.273639e-02 
 3.830887e+01 -3.371946e-02 
 3.830926e+01 -3.477584e-02 
 3.830966e+01 -3.594510e-02 
 3.831006e+01 -3.723092e-02 
 3.831046e+01 -3.859510e-02 
 3.831085e+01 -4.001150e-02 
 3.831125e+01 -4.144414e-02 
 3.831165e+01 -4.282888e-02 
 3.831205e+01 -4.416739e-02 
 3.831245e+01 -4.544337e-02 
 3.831284e+01 -4.668849e-02 
 3.831324e+01 -4.794703e-02 
 3.831364e+01 -4.922505e-02 
 3.831404e+01 -5.049671e-02 
 3.831443e+01 -5.173858e-02 
 3.831483e+01 -5.291876e-02 
 3.831523e+01 -5.404130e-02 
 3.831563e+01 -5.511580e-02 
 3.831603e+01 -5.613126e-02 
 3.831642e+01 -5.711383e-02 
 3.831682e+01 -5.808644e-02 
 3.831722e+01 -5.906679e-02 
 3.831762e+01 -6.005114e-02 
 3.831801e+01 -6.102265e-02 
 3.831841e+01 -6.194480e-02 
 3.831881e+01 -6.280876e-02 
 3.831921e+01 -6.360800e-02 
 3.831960e+01 -6.434433e-02 
 3.832000e+01 -6.503098e-02 
 3.832040e+01 -6.564567e-02 
 3.832080e+01 -6.618057e-02 
 3.832120e+01 -6.661683e-02 
 3.832159e+01 -6.694682e-02 
 3.832199e+01 -6.716439e-02 
 3.832239e+01 -6.723790e-02 
 3.832279e+01 -6.720459e-02 
 3.832318e+01 -6.709427e-02 
 3.832358e+01 -6.694284e-02 
 3.832398e+01 -6.677785e-02 
 3.832438e+01 -6.663787e-02 
 3.832477e+01 -6.651871e-02 
 3.832517e+01 -6.639827e-02 
 3.832557e+01 -6.626185e-02 
 3.832597e+01 -6.612746e-02 
 3.832637e+01 -6.597659e-02 
 3.832676e+01 -6.580232e-02 
 3.832716e+01 -6.561908e-02 
 3.832756e+01 -6.544756e-02 
 3.832796e+01 -6.528594e-02 
 3.832835e+01 -6.515012e-02 
 3.832875e+01 -6.504149e-02 
 3.832915e+01 -6.493148e-02 
 3.832955e+01 -6.482174e-02 
 3.832994e+01 -6.468271e-02 
 3.833034e+01 -6.450569e-02 
 3.833074e+01 -6.431009e-02 
 3.833114e+01 -6.410692e-02 
 3.833154e+01 -6.392177e-02 
 3.833193e+01 -6.380126e-02 
 3.833233e+01 -6.372119e-02 
 3.833273e+01 -6.363575e-02 
 3.833313e+01 -6.352268e-02 
 3.833352e+01 -6.334713e-02 
 3.833392e+01 -6.308713e-02 
 3.833432e+01 -6.276434e-02 
 3.833472e+01 -6.240715e-02 
 3.833511e+01 -6.203814e-02 
 3.833551e+01 -6.173218e-02 
 3.833591e+01 -6.150320e-02 
 3.833631e+01 -6.133828e-02 
 3.833671e+01 -6.121100e-02 
 3.833710e+01 -6.110421e-02 
 3.833750e+01 -6.097570e-02 
 3.833790e+01 -6.083031e-02 
 3.833830e+01 -6.066197e-02 
 3.833869e+01 -6.050776e-02 
 3.833909e+01 -6.037498e-02 
 3.833949e+01 -6.025905e-02 
 3.833989e+01 -6.014975e-02 
 3.834028e+01 -6.002863e-02 
 3.834068e+01 -5.986307e-02 
 3.834108e+01 -5.963473e-02 
 3.834148e+01 -5.935699e-02 
 3.834188e+01 -5.905548e-02 
 3.834227e+01 -5.875960e-02 
 3.834267e+01 -5.849283e-02 
 3.834307e+01 -5.829173e-02 
 3.834347e+01 -5.816326e-02 
 3.834386e+01 -5.806838e-02 
 3.834426e+01 -5.797619e-02 
 3.834466e+01 -5.784191e-02 
 3.834506e+01 -5.762751e-02 
 3.834545e+01 -5.729982e-02 
 3.834585e+01 -5.687062e-02 
 3.834625e+01 -5.637123e-02 
 3.834665e+01 -5.583009e-02 
 3.834705e+01 -5.527656e-02 
 3.834744e+01 -5.471516e-02 
 3.834784e+01 -5.412599e-02 
 3.834824e+01 -5.350824e-02 
 3.834864e+01 -5.283671e-02 
 3.834903e+01 -5.208350e-02 
 3.834943e+01 -5.128190e-02 
 3.834983e+01 -5.043279e-02 
 3.835023e+01 -4.953596e-02 
 3.835062e+01 -4.859951e-02 
 3.835102e+01 -4.762807e-02 
 3.835142e+01 -4.659966e-02 
 3.835182e+01 -4.552895e-02 
 3.835222e+01 -4.441382e-02 
 3.835261e+01 -4.325061e-02 
 3.835301e+01 -4.205854e-02 
 3.835341e+01 -4.084901e-02 
 3.835381e+01 -3.960623e-02 
 3.835420e+01 -3.835804e-02 
 3.835460e+01 -3.709279e-02 
 3.835500e+01 -3.581377e-02 
 3.835540e+01 -3.452053e-02 
 3.835579e+01 -3.320401e-02 
 3.835619e+01 -3.185562e-02 
 3.835659e+01 -3.048859e-02 
 3.835699e+01 -2.911621e-02 
 3.835739e+01 -2.776347e-02 
 3.835778e+01 -2.646171e-02 
 3.835818e+01 -2.523334e-02 
 3.835858e+01 -2.407131e-02 
 3.835898e+01 -2.299769e-02 
 3.835937e+01 -2.198862e-02 
 3.835977e+01 -2.101082e-02 
 3.836017e+01 -2.003475e-02 
 3.836057e+01 -1.906482e-02 
 3.836096e+01 -1.813194e-02 
 3.836136e+01 -1.724481e-02 
 3.836176e+01 -1.642411e-02 
 3.836216e+01 -1.565478e-02 
 3.836256e+01 -1.492912e-02 
 3.836295e+01 -1.420495e-02 
 3.836335e+01 -1.348337e-02 
 3.836375e+01 -1.273890e-02 
 3.836415e+01 -1.196263e-02 
 3.836454e+01 -1.117973e-02 
 3.836494e+01 -1.041439e-02 
 3.836534e+01 -9.687132e-03 
 3.836574e+01 -9.002793e-03 
 3.836613e+01 -8.331249e-03 
 3.836653e+01 -7.631075e-03 
 3.836693e+01 -6.924088e-03 
 3.836733e+01 -6.209305e-03 
 3.836773e+01 -5.508056e-03 
 3.836812e+01 -4.858412e-03 
 3.836852e+01 -4.264728e-03 
 3.836892e+01 -3.740281e-03 
 3.836932e+01 -3.275369e-03 
 3.836971e+01 -2.840593e-03 
 3.837011e+01 -2.400423e-03 
 3.837051e+01 -1.933849e-03 
 3.837091e+01 -1.423529e-03 
 3.837130e+01 -8.852696e-04 
 3.837170e+01 -3.812393e-04 
 3.837210e+01  7.348560e-05 
 3.837250e+01  4.919825e-04 
 3.837290e+01  8.896489e-04 
 3.837329e+01  1.313383e-03 
 3.837369e+01  1.806136e-03 
 3.837409e+01  2.393386e-03 
 3.837449e+01  3.049749e-03 
 3.837488e+01  3.744592e-03 
 3.837528e+01  4.427930e-03 
 3.837568e+01  5.042032e-03 
 3.837608e+01  5.573987e-03 
 3.837647e+01  6.026583e-03 
 3.837687e+01  6.427600e-03 
 3.837727e+01  6.812925e-03 
 3.837767e+01  7.191078e-03 
 3.837807e+01  7.596407e-03 
 3.837846e+01  8.041685e-03 
 3.837886e+01  8.523268e-03 
 3.837926e+01  9.023352e-03 
 3.837966e+01  9.511197e-03 
 3.838005e+01  9.966930e-03 
 3.838045e+01  1.040655e-02 
 3.838085e+01  1.084768e-02 
 3.838125e+01  1.129564e-02 
 3.838164e+01  1.177551e-02 
 3.838204e+01  1.231880e-02 
 3.838244e+01  1.291324e-02 
 3.838284e+01  1.353859e-02 
 3.838324e+01  1.415575e-02 
 3.838363e+01  1.472462e-02 
 3.838403e+01  1.523229e-02 
 3.838443e+01  1.566132e-02 
 3.838483e+01  1.602458e-02 
 3.838522e+01  1.633868e-02 
 3.838562e+01  1.659717e-02 
 3.838602e+01  1.679245e-02 
 3.838642e+01  1.692340e-02 
 3.838681e+01  1.694525e-02 
 3.838721e+01  1.682392e-02 
 3.838761e+01  1.655379e-02 
 3.838801e+01  1.613748e-02 
 3.838841e+01  1.559860e-02 
 3.838880e+01  1.499928e-02 
 3.838920e+01  1.437900e-02 
 3.838960e+01  1.375466e-02 
 3.839000e+01  1.316262e-02 
 3.839039e+01  1.257198e-02 
 3.839079e+01  1.192871e-02 
 3.839119e+01  1.121964e-02 
 3.839159e+01  1.041242e-02 
 3.839198e+01  9.527303e-03 
 3.839238e+01  8.567005e-03 
 3.839278e+01  7.559641e-03 
 3.839318e+01  6.524198e-03 
 3.839358e+01  5.457821e-03 
 3.839397e+01  4.335983e-03 
 3.839437e+01  3.138904e-03 
 3.839477e+01  1.857252e-03 
 3.839517e+01  4.955961e-04 
 3.839556e+01 -9.305694e-04 
 3.839596e+01 -2.369725e-03 
 3.839636e+01 -3.788437e-03 
 3.839676e+01 -5.188489e-03 
 3.839715e+01 -6.558619e-03 
 3.839755e+01 -7.911302e-03 
 3.839795e+01 -9.266134e-03 
 3.839835e+01 -1.062141e-02 
 3.839875e+01 -1.197711e-02 
 3.839914e+01 -1.330705e-02 
 3.839954e+01 -1.458297e-02 
 3.839994e+01 -1.579009e-02 
 3.840034e+01 -1.692084e-02 
 3.840073e+01 -1.798795e-02 
 3.840113e+01 -1.900072e-02 
 3.840153e+01 -1.996046e-02 
 3.840193e+01 -2.086216e-02 
 3.840232e+01 -2.170584e-02 
 3.840272e+01 -2.249097e-02 
 3.840312e+01 -2.325307e-02 
 3.840352e+01 -2.402625e-02 
 3.840392e+01 -2.483596e-02 
 3.840431e+01 -2.569823e-02 
 3.840471e+01 -2.662973e-02 
 3.840511e+01 -2.761685e-02 
 3.840551e+01 -2.862011e-02 
 3.840590e+01 -2.961508e-02 
 3.840630e+01 -3.056575e-02 
 3.840670e+01 -3.147498e-02 
 3.840710e+01 -3.235747e-02 
 3.840750e+01 -3.318485e-02 
 3.840789e+01 -3.393841e-02 
 3.840829e+01 -3.460760e-02 
 3.840869e+01 -3.519531e-02 
 3.840909e+01 -3.573320e-02 
 3.840948e+01 -3.624011e-02 
 3.840988e+01 -3.673034e-02 
 3.841028e+01 -3.719244e-02 
 3.841068e+01 -3.763518e-02 
 3.841107e+01 -3.806390e-02 
 3.841147e+01 -3.848138e-02 
 3.841187e+01 -3.888439e-02 
 3.841227e+01 -3.927951e-02 
 3.841267e+01 -3.968880e-02 
 3.841306e+01 -4.016600e-02 
 3.841346e+01 -4.073638e-02 
 3.841386e+01 -4.137521e-02 
 3.841426e+01 -4.207443e-02 
 3.841465e+01 -4.278274e-02 
 3.841505e+01 -4.348483e-02 
 3.841545e+01 -4.417915e-02 
 3.841585e+01 -4.487535e-02 
 3.841624e+01 -4.559153e-02 
 3.841664e+01 -4.633963e-02 
 3.841704e+01 -4.713275e-02 
 3.841744e+01 -4.796478e-02 
 3.841784e+01 -4.881139e-02 
 3.841823e+01 -4.960990e-02 
 3.841863e+01 -5.034502e-02 
 3.841903e+01 -5.102670e-02 
 3.841943e+01 -5.168742e-02 
 3.841982e+01 -5.237988e-02 
 3.842022e+01 -5.314491e-02 
 3.842062e+01 -5.399508e-02 
 3.842102e+01 -5.491170e-02 
 3.842141e+01 -5.585451e-02 
 3.842181e+01 -5.677930e-02 
 3.842221e+01 -5.765677e-02 
 3.842261e+01 -5.847948e-02 
 3.842301e+01 -5.928454e-02 
 3.842340e+01 -6.011445e-02 
 3.842380e+01 -6.100229e-02 
 3.842420e+01 -6.195706e-02 
 3.842460e+01 -6.293330e-02 
 3.842499e+01 -6.388263e-02 
 3.842539e+01 -6.476663e-02 
 3.842579e+01 -6.555134e-02 
 3.842619e+01 -6.622157e-02 
 3.842658e+01 -6.677605e-02 
 3.842698e+01 -6.727050e-02 
 3.842738e+01 -6.770784e-02 
 3.842778e+01 -6.810795e-02 
 3.842818e+01 -6.845117e-02 
 3.842857e+01 -6.872532e-02 
 3.842897e+01 -6.891638e-02 
 3.842937e+01 -6.901713e-02 
 3.842977e+01 -6.900938e-02 
 3.843016e+01 -6.888946e-02 
 3.843056e+01 -6.867461e-02 
 3.843096e+01 -6.836749e-02 
 3.843136e+01 -6.801966e-02 
 3.843175e+01 -6.765826e-02 
 3.843215e+01 -6.731457e-02 
 3.843255e+01 -6.700586e-02 
 3.843295e+01 -6.671483e-02 
 3.843335e+01 -6.642262e-02 
 3.843374e+01 -6.609472e-02 
 3.843414e+01 -6.569464e-02 
 3.843454e+01 -6.521015e-02 
 3.843494e+01 -6.467945e-02 
 3.843533e+01 -6.414966e-02 
 3.843573e+01 -6.363999e-02 
 3.843613e+01 -6.316604e-02 
 3.843653e+01 -6.272162e-02 
 3.843692e+01 -6.228581e-02 
 3.843732e+01 -6.183141e-02 
 3.843772e+01 -6.134665e-02 
 3.843812e+01 -6.085206e-02 
 3.843852e+01 -6.035782e-02 
 3.843891e+01 -5.989909e-02 
 3.843931e+01 -5.948734e-02 
 3.843971e+01 -5.912169e-02 
 3.844011e+01 -5.877034e-02 
 3.844050e+01 -5.841369e-02 
 3.844090e+01 -5.801994e-02 
 3.844130e+01 -5.759216e-02 
 3.844170e+01 -5.713823e-02 
 3.844209e+01 -5.668503e-02 
 3.844249e+01 -5.627365e-02 
 3.844289e+01 -5.592212e-02 
 3.844329e+01 -5.562959e-02 
 3.844369e+01 -5.538608e-02 
 3.844408e+01 -5.516238e-02 
 3.844448e+01 -5.494718e-02 
 3.844488e+01 -5.472310e-02 
 3.844528e+01 -5.449192e-02 
 3.844567e+01 -5.426496e-02 
 3.844607e+01 -5.404819e-02 
 3.844647e+01 -5.385140e-02 
